iteration,job object,job ID,job Length,job ressource requirement,job enter time,job start time,job finish time,job waiting time,current time
1,<environment.Job instance at 0x7f29338e70a0>,4,24,[ 3 11],5,-1,29,-1,5
1,<environment.Job instance at 0x7f29338e71e0>,6,19,[ 1 13],7,-1,26,-1,7
1,<environment.Job instance at 0x7f29338e7280>,8,24,[ 2 12],9,-1,33,-1,9
1,<environment.Job instance at 0x7f29338e77d0>,13,27,[3 8],14,-1,49,-1,22
1,<environment.Job instance at 0x7f29338e7870>,14,14,[14  3],15,-1,36,-1,22
1,<environment.Job instance at 0x7f29338e7910>,15,24,[ 2 13],16,-1,46,-1,22
1,<environment.Job instance at 0x7f29338e79b0>,16,19,[ 3 12],17,-1,41,-1,22
1,<environment.Job instance at 0x7f29338e7a50>,17,18,[ 5 13],18,-1,40,-1,22
1,<environment.Job instance at 0x7f29338e7b90>,19,21,[14  4],20,-1,43,-1,22
1,<environment.Job instance at 0x7f29338e7cd0>,21,22,[14  2],22,-1,58,-1,36
1,<environment.Job instance at 0x7f29338e7eb0>,22,25,[ 4 12],23,-1,61,-1,36
1,<environment.Job instance at 0x7f29338e7f50>,24,20,[ 3 12],25,-1,60,-1,40
1,<environment.Job instance at 0x7f29338e75a0>,25,16,[11  3],26,-1,56,-1,40
1,<environment.Job instance at 0x7f29338e75a0>,2,27,[9 1],3,-1,30,-1,3
1,<environment.Job instance at 0x7f29338f3870>,4,20,[ 5 14],5,-1,25,-1,5
1,<environment.Job instance at 0x7f2933d7cb90>,10,23,[5 7],11,-1,43,-1,20
1,<environment.Job instance at 0x7f2933d7c230>,11,14,[ 2 10],12,-1,42,-1,28
1,<environment.Job instance at 0x7f2933d7cc80>,12,24,[ 3 10],13,-1,52,-1,28
1,<environment.Job instance at 0x7f2933d7c910>,13,24,[9 2],14,-1,52,-1,28
1,<environment.Job instance at 0x7f2933d7ca00>,14,20,[11  1],15,-1,48,-1,28
1,<environment.Job instance at 0x7f2933d7ce60>,15,15,[ 1 11],16,-1,43,-1,28
1,<environment.Job instance at 0x7f2933d7ca50>,16,12,[6 1],17,-1,40,-1,28
1,<environment.Job instance at 0x7f2933d93730>,18,25,[ 2 12],19,-1,53,-1,28
1,<environment.Job instance at 0x7f2933d93a00>,19,26,[5 4],20,-1,54,-1,28
1,<environment.Job instance at 0x7f293303a1e0>,3,22,[ 4 11],4,-1,26,-1,4
1,<environment.Job instance at 0x7f293303a5f0>,4,19,[11  3],5,-1,24,-1,5
1,<environment.Job instance at 0x7f293303a550>,5,19,[11  4],6,-1,25,-1,6
1,<environment.Job instance at 0x7f293303aa50>,6,27,[ 3 13],7,-1,34,-1,7
1,<environment.Job instance at 0x7f293303a050>,8,17,[11  4],9,-1,26,-1,9
1,<environment.Job instance at 0x7f293303ab40>,9,22,[ 1 14],10,-1,32,-1,10
1,<environment.Job instance at 0x7f293303a7d0>,11,25,[7 4],12,-1,37,-1,12
1,<environment.Job instance at 0x7f293303a4b0>,12,20,[ 5 13],13,-1,33,-1,13
1,<environment.Job instance at 0x7f293303a6e0>,13,21,[ 1 13],14,-1,35,-1,14
1,<environment.Job instance at 0x7f293308efa0>,18,12,[12  1],19,-1,34,-1,22
1,<environment.Job instance at 0x7f293308ee10>,21,18,[ 3 12],22,-1,48,-1,30
1,<environment.Job instance at 0x7f293308e3c0>,22,21,[ 2 13],23,-1,51,-1,30
1,<environment.Job instance at 0x7f293308e140>,24,24,[5 6],25,-1,62,-1,38
1,<environment.Job instance at 0x7f293308e550>,25,18,[11  5],26,-1,56,-1,38
1,<environment.Job instance at 0x7f293308e820>,26,14,[14  1],27,-1,52,-1,38
1,<environment.Job instance at 0x7f293308eaf0>,27,22,[12  1],28,-1,60,-1,38
1,<environment.Job instance at 0x7f293308eaf0>,3,26,[ 3 11],4,-1,30,-1,4
1,<environment.Job instance at 0x7f2934139320>,4,25,[ 5 11],5,-1,30,-1,5
1,<environment.Job instance at 0x7f293348d280>,6,16,[ 1 11],7,-1,23,-1,7
1,<environment.Job instance at 0x7f2933079190>,8,25,[4 6],9,-1,34,-1,9
1,<environment.Job instance at 0x7f2934139be0>,9,26,[4 9],10,-1,36,-1,10
1,<environment.Job instance at 0x7f2933079690>,12,21,[12  4],13,-1,34,-1,13
1,<environment.Job instance at 0x7f29335cc230>,11,12,[12  4],12,-1,25,-1,13
1,<environment.Job instance at 0x7f29335ccf50>,14,28,[ 3 13],15,-1,43,-1,15
1,<environment.Job instance at 0x7f29335ccd70>,13,14,[12  3],14,-1,29,-1,15
1,<environment.Job instance at 0x7f29335cc4b0>,15,22,[ 3 12],16,-1,38,-1,16
1,<environment.Job instance at 0x7f29333a6dc0>,16,23,[11  2],17,-1,40,-1,17
1,<environment.Job instance at 0x7f293346e2d0>,18,22,[ 2 10],19,-1,41,-1,19
1,<environment.Job instance at 0x7f293346e6e0>,19,15,[12  2],20,-1,35,-1,20
1,<environment.Job instance at 0x7f29334888c0>,20,18,[11  1],21,-1,39,-1,21
1,<environment.Job instance at 0x7f29332c06e0>,25,14,[11  3],26,-1,41,-1,27
1,<environment.Job instance at 0x7f29335d9230>,26,19,[ 5 14],27,-1,46,-1,27
1,<environment.Job instance at 0x7f29335d9780>,27,18,[10  1],28,-1,60,-1,42
1,<environment.Job instance at 0x7f29333f7960>,29,25,[ 3 11],30,-1,67,-1,42
1,<environment.Job instance at 0x7f29330af230>,30,27,[13  4],31,-1,69,-1,42
1,<environment.Job instance at 0x7f29333a5f50>,31,13,[ 4 10],32,-1,55,-1,42
1,<environment.Job instance at 0x7f293395d0a0>,33,23,[ 2 14],34,-1,65,-1,42
1,<environment.Job instance at 0x7f293332bc30>,34,12,[ 2 11],35,-1,54,-1,42
1,<environment.Job instance at 0x7f2933474820>,35,19,[5 1],36,-1,61,-1,42
1,<environment.Job instance at 0x7f2932fb1730>,36,24,[8 2],37,-1,66,-1,42
1,<environment.Job instance at 0x7f293307a460>,37,22,[1 7],38,-1,64,-1,42
1,<environment.Job instance at 0x7f293307a190>,38,28,[ 4 13],39,-1,70,-1,42
1,<environment.Job instance at 0x7f293307a730>,39,26,[3 6],40,-1,68,-1,42
1,<environment.Job instance at 0x7f2933399870>,40,12,[11  1],41,-1,54,-1,42
1,<environment.Job instance at 0x7f2933399910>,41,12,[ 5 11],42,-1,54,-1,42
1,<environment.Job instance at 0x7f29330a1820>,42,15,[ 3 11],43,-1,58,-1,43
1,<environment.Job instance at 0x7f29330a1370>,43,24,[ 1 10],44,-1,68,-1,44
1,<environment.Job instance at 0x7f29330a1a50>,44,24,[ 1 11],45,-1,69,-1,45
1,<environment.Job instance at 0x7f29330a1d20>,45,25,[8 2],46,-1,71,-1,46
1,<environment.Job instance at 0x7f29330a1dc0>,46,14,[14  4],47,-1,61,-1,47
1,<environment.Job instance at 0x7f29331df6e0>,47,25,[5 4],48,-1,73,-1,48
1,<environment.Job instance at 0x7f293306daf0>,1,21,[ 4 11],2,-1,23,-1,2
1,<environment.Job instance at 0x7f29331df5a0>,2,20,[ 3 12],3,-1,23,-1,3
1,<environment.Job instance at 0x7f29331df6e0>,4,28,[3 8],5,-1,33,-1,5
1,<environment.Job instance at 0x7f2932ec26e0>,5,24,[12  1],6,-1,30,-1,6
1,<environment.Job instance at 0x7f2932ec2780>,6,14,[11  2],7,-1,21,-1,7
1,<environment.Job instance at 0x7f2932ec2820>,7,27,[5 3],8,-1,35,-1,8
1,<environment.Job instance at 0x7f2932ec2a00>,9,17,[ 5 11],10,-1,27,-1,10
1,<environment.Job instance at 0x7f2932ec2af0>,10,13,[11  1],11,-1,24,-1,11
1,<environment.Job instance at 0x7f2932ec2b40>,11,27,[14  2],12,-1,39,-1,12
1,<environment.Job instance at 0x7f2932ec2be0>,12,25,[13  2],13,-1,38,-1,13
1,<environment.Job instance at 0x7f2932ec2c80>,13,21,[ 4 12],14,-1,35,-1,14
1,<environment.Job instance at 0x7f2932ec2e10>,15,18,[ 5 11],16,-1,37,-1,19
1,<environment.Job instance at 0x7f2932f0e280>,3,24,[ 5 11],4,-1,28,-1,4
1,<environment.Job instance at 0x7f2932f0e7d0>,5,13,[11  1],6,-1,19,-1,6
1,<environment.Job instance at 0x7f2932f63fa0>,6,12,[ 3 12],7,-1,19,-1,7
1,<environment.Job instance at 0x7f2932f63d20>,7,25,[8 3],8,-1,34,-1,9
1,<environment.Job instance at 0x7f2932f635a0>,9,15,[ 5 13],10,-1,25,-1,10
1,<environment.Job instance at 0x7f2932f636e0>,13,12,[12  2],14,-1,28,-1,16
1,<environment.Job instance at 0x7f2932f63f50>,16,19,[ 3 14],17,-1,42,-1,23
1,<environment.Job instance at 0x7f2932f63280>,17,26,[ 1 14],18,-1,49,-1,23
1,<environment.Job instance at 0x7f2932f63690>,19,16,[12  3],20,-1,39,-1,23
1,<environment.Job instance at 0x7f2932f63a50>,20,27,[13  4],21,-1,50,-1,23
1,<environment.Job instance at 0x7f2932f63e10>,24,23,[8 5],25,-1,68,-1,45
1,<environment.Job instance at 0x7f2933fb4f00>,2,20,[14  4],3,-1,23,-1,3
1,<environment.Job instance at 0x7f293405a410>,4,16,[ 2 11],5,-1,21,-1,5
1,<environment.Job instance at 0x7f293405a1e0>,5,24,[8 2],6,-1,30,-1,6
1,<environment.Job instance at 0x7f2933fb47d0>,8,22,[9 3],9,-1,53,-1,31
1,<environment.Job instance at 0x7f293405ad70>,13,26,[4 8],14,-1,57,-1,31
1,<environment.Job instance at 0x7f293405a370>,14,17,[12  2],15,-1,48,-1,31
1,<environment.Job instance at 0x7f293405a5f0>,15,19,[11  2],16,-1,50,-1,31
1,<environment.Job instance at 0x7f293405a0f0>,16,12,[14  5],17,-1,43,-1,31
1,<environment.Job instance at 0x7f293405a9b0>,17,24,[ 1 11],18,-1,55,-1,31
1,<environment.Job instance at 0x7f293405a780>,18,18,[ 4 12],19,-1,49,-1,31
1,<environment.Job instance at 0x7f293405a870>,19,18,[ 3 10],20,-1,50,-1,32
1,<environment.Job instance at 0x7f293405a3c0>,22,22,[ 3 14],23,-1,64,-1,42
1,<environment.Job instance at 0x7f293405a190>,23,28,[14  4],24,-1,70,-1,42
1,<environment.Job instance at 0x7f2932f245a0>,4,25,[13  3],5,-1,30,-1,5
1,<environment.Job instance at 0x7f2932fca730>,5,17,[ 2 14],6,-1,23,-1,6
1,<environment.Job instance at 0x7f2932fcab40>,9,13,[12  5],10,-1,23,-1,10
1,<environment.Job instance at 0x7f2932fcab90>,11,27,[12  2],12,-1,41,-1,14
1,<environment.Job instance at 0x7f2932fcadc0>,12,26,[13  4],13,-1,40,-1,14
1,<environment.Job instance at 0x7f2932fcae60>,13,14,[4 9],14,-1,30,-1,16
1,<environment.Job instance at 0x7f2932fcac30>,14,12,[8 2],15,-1,28,-1,16
1,<environment.Job instance at 0x7f2932fcafa0>,15,24,[ 4 10],16,-1,40,-1,16
1,<environment.Job instance at 0x7f2932fe50a0>,16,18,[8 1],17,-1,37,-1,19
1,<environment.Job instance at 0x7f2932fe5140>,18,13,[1 7],19,-1,33,-1,20
1,<environment.Job instance at 0x7f2932fe5190>,19,20,[11  1],20,-1,40,-1,20
1,<environment.Job instance at 0x7f2932fe5280>,20,12,[ 1 14],21,-1,33,-1,21
1,<environment.Job instance at 0x7f2932fe5460>,21,18,[ 5 12],22,-1,40,-1,22
1,<environment.Job instance at 0x7f2932fe5320>,23,24,[6 1],24,-1,56,-1,32
1,<environment.Job instance at 0x7f2932fe5550>,24,19,[3 9],25,-1,61,-1,42
1,<environment.Job instance at 0x7f2932fe5780>,25,21,[12  1],26,-1,63,-1,42
1,<environment.Job instance at 0x7f2932fe5820>,26,16,[ 4 11],27,-1,58,-1,42
1,<environment.Job instance at 0x7f2932fe58c0>,27,26,[7 4],28,-1,68,-1,42
1,<environment.Job instance at 0x7f2932fe5960>,28,15,[4 9],29,-1,57,-1,42
1,<environment.Job instance at 0x7f2932fe5a00>,29,27,[11  5],30,-1,69,-1,42
1,<environment.Job instance at 0x7f2932fe5b40>,31,25,[9 2],32,-1,67,-1,42
1,<environment.Job instance at 0x7f2932fe5b90>,32,18,[ 4 14],33,-1,60,-1,42
1,<environment.Job instance at 0x7f2932fe5af0>,33,21,[8 2],34,-1,63,-1,42
1,<environment.Job instance at 0x7f2932fe5c80>,34,21,[14  5],35,-1,63,-1,42
1,<environment.Job instance at 0x7f2932fe5a50>,35,12,[9 3],36,-1,54,-1,42
1,<environment.Job instance at 0x7f2932fe5d70>,36,27,[3 8],37,-1,69,-1,42
1,<environment.Job instance at 0x7f2932fe5e10>,37,20,[ 3 13],38,-1,62,-1,42
1,<environment.Job instance at 0x7f2932fe5f00>,38,15,[ 2 12],39,-1,57,-1,42
1,<environment.Job instance at 0x7f2932fe5f50>,39,24,[ 3 14],40,-1,66,-1,42
1,<environment.Job instance at 0x7f2932fe5eb0>,40,17,[ 2 14],41,-1,59,-1,42
1,<environment.Job instance at 0x7f2932fe3230>,42,12,[9 1],43,-1,55,-1,43
1,<environment.Job instance at 0x7f2932fe3280>,43,21,[3 9],44,-1,66,-1,45
1,<environment.Job instance at 0x7f2932fe3370>,44,22,[7 4],45,-1,70,-1,48
1,<environment.Job instance at 0x7f2932fe33c0>,45,22,[ 1 14],46,-1,70,-1,48
1,<environment.Job instance at 0x7f2932fe3550>,47,28,[3 6],48,-1,76,-1,48
1,<environment.Job instance at 0x7f2932fe36e0>,48,18,[ 1 12],49,-1,67,-1,49
1,<environment.Job instance at 0x7f2932fe36e0>,2,26,[12  3],3,-1,29,-1,3
1,<environment.Job instance at 0x7f2932f0e7d0>,4,17,[ 4 13],5,-1,22,-1,5
1,<environment.Job instance at 0x7f2932f0ec80>,7,26,[7 3],8,-1,35,-1,9
1,<environment.Job instance at 0x7f2932f0e460>,9,26,[3 5],10,-1,36,-1,10
1,<environment.Job instance at 0x7f2934333550>,12,18,[12  5],13,-1,35,-1,17
1,<environment.Job instance at 0x7f2934333af0>,13,26,[13  3],14,-1,43,-1,17
1,<environment.Job instance at 0x7f2934333d20>,14,13,[14  1],15,-1,30,-1,17
1,<environment.Job instance at 0x7f29343331e0>,15,16,[ 3 11],16,-1,33,-1,17
1,<environment.Job instance at 0x7f2934333d70>,16,22,[14  2],17,-1,39,-1,17
1,<environment.Job instance at 0x7f2934333960>,17,14,[12  4],18,-1,32,-1,18
1,<environment.Job instance at 0x7f2934333a50>,18,14,[11  1],19,-1,33,-1,19
1,<environment.Job instance at 0x7f29343330f0>,19,28,[6 2],20,-1,48,-1,20
1,<environment.Job instance at 0x7f2934333500>,20,20,[12  3],21,-1,41,-1,21
1,<environment.Job instance at 0x7f2934333320>,21,21,[13  4],22,-1,43,-1,22
1,<environment.Job instance at 0x7f2934333910>,22,23,[2 8],23,-1,48,-1,25
1,<environment.Job instance at 0x7f2934333050>,23,16,[11  1],24,-1,41,-1,25
1,<environment.Job instance at 0x7f2934333690>,25,14,[11  5],26,-1,51,-1,37
1,<environment.Job instance at 0x7f29343335f0>,26,13,[ 1 11],27,-1,50,-1,37
1,<environment.Job instance at 0x7f2933764cd0>,2,27,[ 2 11],3,-1,30,-1,3
1,<environment.Job instance at 0x7f293428d960>,3,27,[ 3 14],4,-1,31,-1,4
1,<environment.Job instance at 0x7f2933887be0>,6,28,[5 2],7,-1,35,-1,7
1,<environment.Job instance at 0x7f2932f88e60>,7,28,[13  5],8,-1,36,-1,8
1,<environment.Job instance at 0x7f2932f88e10>,8,26,[8 3],9,-1,35,-1,9
1,<environment.Job instance at 0x7f29337a90f0>,10,22,[5 6],11,-1,55,-1,33
1,<environment.Job instance at 0x7f2933f1af00>,16,25,[ 1 13],17,-1,66,-1,41
1,<environment.Job instance at 0x7f2933bc3e10>,17,26,[10  3],18,-1,67,-1,41
1,<environment.Job instance at 0x7f2933d2ca50>,20,21,[13  1],21,-1,64,-1,43
1,<environment.Job instance at 0x7f2933d2ceb0>,21,18,[ 2 12],22,-1,61,-1,43
1,<environment.Job instance at 0x7f29332bccd0>,22,14,[ 2 11],23,-1,57,-1,43
1,<environment.Job instance at 0x7f2933d2cfa0>,2,19,[ 2 14],3,-1,22,-1,3
1,<environment.Job instance at 0x7f2934353aa0>,4,24,[14  2],5,-1,29,-1,5
1,<environment.Job instance at 0x7f2934353fa0>,11,20,[14  4],12,-1,44,-1,24
1,<environment.Job instance at 0x7f2934353c80>,12,21,[13  5],13,-1,45,-1,24
1,<environment.Job instance at 0x7f29331911e0>,14,14,[ 1 12],15,-1,38,-1,24
1,<environment.Job instance at 0x7f2933191280>,15,15,[14  3],16,-1,39,-1,24
1,<environment.Job instance at 0x7f29331913c0>,17,23,[ 2 13],18,-1,64,-1,41
1,<environment.Job instance at 0x7f2933191460>,18,25,[1 6],19,-1,66,-1,41
1,<environment.Job instance at 0x7f2933191500>,19,22,[12  5],20,-1,63,-1,41
1,<environment.Job instance at 0x7f29331915a0>,20,23,[7 1],21,-1,64,-1,41
1,<environment.Job instance at 0x7f29331916e0>,22,24,[2 5],23,-1,65,-1,41
1,<environment.Job instance at 0x7f293402e370>,1,12,[ 5 12],2,-1,14,-1,2
1,<environment.Job instance at 0x7f2933191730>,2,26,[9 3],3,-1,29,-1,3
1,<environment.Job instance at 0x7f293402e0f0>,3,27,[ 5 13],4,-1,31,-1,4
1,<environment.Job instance at 0x7f2933b8d280>,4,28,[ 4 14],5,-1,33,-1,5
1,<environment.Job instance at 0x7f2933709dc0>,11,14,[ 4 13],12,-1,32,-1,18
1,<environment.Job instance at 0x7f2933b8da50>,7,14,[ 3 10],8,-1,35,-1,21
1,<environment.Job instance at 0x7f2933709050>,13,18,[ 5 11],14,-1,39,-1,21
1,<environment.Job instance at 0x7f2933709500>,14,21,[ 1 12],15,-1,42,-1,21
1,<environment.Job instance at 0x7f29337095f0>,15,25,[4 9],16,-1,46,-1,21
1,<environment.Job instance at 0x7f2933709f00>,16,18,[ 1 12],17,-1,39,-1,21
1,<environment.Job instance at 0x7f29342bffa0>,3,18,[14  1],4,-1,22,-1,4
1,<environment.Job instance at 0x7f29342bf7d0>,4,24,[9 2],5,-1,29,-1,5
1,<environment.Job instance at 0x7f2933716370>,6,15,[ 5 11],7,-1,22,-1,7
1,<environment.Job instance at 0x7f29337162d0>,7,27,[ 2 13],8,-1,35,-1,8
1,<environment.Job instance at 0x7f2933716e10>,8,27,[5 1],9,-1,36,-1,9
1,<environment.Job instance at 0x7f2933716640>,9,16,[ 3 12],10,-1,26,-1,10
1,<environment.Job instance at 0x7f29337169b0>,10,12,[ 3 12],11,-1,23,-1,11
1,<environment.Job instance at 0x7f2933716690>,11,13,[ 3 12],12,-1,25,-1,12
1,<environment.Job instance at 0x7f2933716c30>,12,24,[ 4 10],13,-1,37,-1,13
1,<environment.Job instance at 0x7f2933716a50>,13,25,[11  2],14,-1,39,-1,14
1,<environment.Job instance at 0x7f2933716e60>,14,23,[ 1 14],15,-1,38,-1,15
1,<environment.Job instance at 0x7f2933716b90>,16,12,[ 3 12],17,-1,29,-1,17
1,<environment.Job instance at 0x7f2933716f50>,22,22,[ 5 14],23,-1,48,-1,26
1,<environment.Job instance at 0x7f2933716cd0>,23,17,[12  4],24,-1,43,-1,26
1,<environment.Job instance at 0x7f2933716780>,24,26,[ 1 10],25,-1,52,-1,26
1,<environment.Job instance at 0x7f29339de910>,3,23,[6 5],4,-1,27,-1,4
1,<environment.Job instance at 0x7f29339de9b0>,4,17,[ 2 13],5,-1,22,-1,5
1,<environment.Job instance at 0x7f29339de820>,5,20,[ 1 11],6,-1,26,-1,6
1,<environment.Job instance at 0x7f29339dea50>,6,27,[4 6],7,-1,34,-1,7
1,<environment.Job instance at 0x7f29339deaf0>,7,26,[8 5],8,-1,34,-1,8
1,<environment.Job instance at 0x7f29339deb90>,8,12,[ 3 14],9,-1,21,-1,9
1,<environment.Job instance at 0x7f29339def00>,12,26,[12  3],13,-1,39,-1,13
1,<environment.Job instance at 0x7f29339def50>,13,16,[ 5 14],14,-1,30,-1,14
1,<environment.Job instance at 0x7f29339ded70>,15,12,[ 4 13],16,-1,28,-1,16
1,<environment.Job instance at 0x7f29339e72d0>,16,25,[13  1],17,-1,42,-1,17
1,<environment.Job instance at 0x7f29339e74b0>,20,14,[ 1 13],21,-1,37,-1,23
1,<environment.Job instance at 0x7f29339e7550>,21,28,[ 2 10],22,-1,51,-1,23
1,<environment.Job instance at 0x7f29339e7780>,23,16,[11  3],24,-1,48,-1,32
1,<environment.Job instance at 0x7f29339e7820>,24,18,[ 5 12],25,-1,50,-1,32
1,<environment.Job instance at 0x7f29339e7870>,25,24,[ 2 12],26,-1,56,-1,32
1,<environment.Job instance at 0x7f29339e7910>,26,24,[ 1 13],27,-1,56,-1,32
1,<environment.Job instance at 0x7f29339e7140>,2,27,[9 3],3,-1,30,-1,3
1,<environment.Job instance at 0x7f293cd0f820>,4,18,[ 5 12],5,-1,23,-1,5
1,<environment.Job instance at 0x7f293cd0fd20>,5,28,[ 2 13],6,-1,34,-1,6
1,<environment.Job instance at 0x7f293cd0f410>,6,26,[ 3 14],7,-1,33,-1,7
1,<environment.Job instance at 0x7f293cd0cc80>,13,25,[12  1],14,-1,62,-1,37
1,<environment.Job instance at 0x7f293cd0cdc0>,14,28,[14  4],15,-1,65,-1,37
1,<environment.Job instance at 0x7f293cd0c820>,15,16,[ 1 13],16,-1,53,-1,37
1,<environment.Job instance at 0x7f293cd0c6e0>,16,26,[ 3 11],17,-1,63,-1,37
1,<environment.Job instance at 0x7f293393bf50>,8,16,[ 1 12],9,-1,27,-1,11
1,<environment.Job instance at 0x7f293393b7d0>,9,26,[5 9],10,-1,37,-1,11
1,<environment.Job instance at 0x7f293393b4b0>,12,24,[14  4],13,-1,57,-1,33
1,<environment.Job instance at 0x7f2933716f00>,1,26,[10  4],2,-1,28,-1,2
1,<environment.Job instance at 0x7f2933dbb0f0>,2,23,[5 5],3,-1,26,-1,3
1,<environment.Job instance at 0x7f2932f67820>,3,13,[ 1 14],4,-1,17,-1,4
1,<environment.Job instance at 0x7f2932f86dc0>,4,12,[ 3 11],5,-1,17,-1,5
1,<environment.Job instance at 0x7f2933e6ef50>,7,19,[ 5 13],8,-1,27,-1,8
1,<environment.Job instance at 0x7f2933e6ed20>,9,25,[3 9],10,-1,35,-1,10
1,<environment.Job instance at 0x7f2933e6e4b0>,14,28,[3 9],15,-1,43,-1,15
1,<environment.Job instance at 0x7f2933e6e910>,15,28,[ 3 10],16,-1,44,-1,16
1,<environment.Job instance at 0x7f2933e7f0f0>,19,20,[12  4],20,-1,51,-1,31
1,<environment.Job instance at 0x7f2933e7f230>,20,28,[8 2],21,-1,59,-1,31
1,<environment.Job instance at 0x7f2933e7f500>,21,16,[12  4],22,-1,47,-1,31
1,<environment.Job instance at 0x7f2933e7f550>,22,16,[ 2 13],23,-1,47,-1,31
1,<environment.Job instance at 0x7f2933e7ff00>,23,23,[5 8],24,-1,54,-1,31
1,<environment.Job instance at 0x7f2933e7f730>,25,24,[9 3],26,-1,60,-1,36
1,<environment.Job instance at 0x7f2933e7f910>,27,23,[5 4],28,-1,70,-1,47
1,<environment.Job instance at 0x7f2933e7f870>,28,23,[11  4],29,-1,70,-1,47
1,<environment.Job instance at 0x7f29330798c0>,4,22,[ 1 12],5,-1,27,-1,5
1,<environment.Job instance at 0x7f2933079b90>,5,24,[12  5],6,-1,30,-1,6
1,<environment.Job instance at 0x7f2932d32410>,3,25,[14  5],4,-1,29,-1,4
1,<environment.Job instance at 0x7f293390ae60>,4,26,[10  2],5,-1,31,-1,5
1,<environment.Job instance at 0x7f293390a780>,5,14,[14  1],6,-1,20,-1,6
1,<environment.Job instance at 0x7f2933aa38c0>,7,26,[12  5],8,-1,34,-1,8
1,<environment.Job instance at 0x7f2933aa3aa0>,8,28,[8 3],9,-1,37,-1,9
1,<environment.Job instance at 0x7f2933aa3190>,9,16,[14  1],10,-1,26,-1,10
1,<environment.Job instance at 0x7f2933aa39b0>,15,26,[12  4],16,-1,61,-1,35
1,<environment.Job instance at 0x7f2932d32be0>,1,21,[12  3],2,-1,23,-1,2
1,<environment.Job instance at 0x7f2932cbc7d0>,2,17,[14  1],3,-1,20,-1,3
1,<environment.Job instance at 0x7f2932cbc460>,3,15,[ 1 12],4,-1,19,-1,4
1,<environment.Job instance at 0x7f29339b3780>,6,20,[ 1 12],7,-1,27,-1,7
1,<environment.Job instance at 0x7f29339e5aa0>,8,25,[5 3],9,-1,35,-1,10
1,<environment.Job instance at 0x7f29339b3640>,10,24,[5 7],11,-1,35,-1,11
1,<environment.Job instance at 0x7f29339b3370>,14,16,[ 1 12],15,-1,40,-1,24
1,<environment.Job instance at 0x7f29339b30a0>,15,15,[13  4],16,-1,39,-1,24
1,<environment.Job instance at 0x7f29331a8a50>,16,20,[ 1 13],17,-1,44,-1,24
1,<environment.Job instance at 0x7f29331a8c80>,18,28,[ 2 14],19,-1,69,-1,41
1,<environment.Job instance at 0x7f2932d82730>,19,28,[11  1],20,-1,69,-1,41
1,<environment.Job instance at 0x7f2932cbe9b0>,21,28,[8 2],22,-1,69,-1,41
1,<environment.Job instance at 0x7f2932d33fa0>,22,21,[ 1 11],23,-1,62,-1,41
1,<environment.Job instance at 0x7f27ebb10f50>,3,15,[13  4],4,-1,19,-1,4
1,<environment.Job instance at 0x7f27eba8e0a0>,4,24,[ 3 11],5,-1,29,-1,5
1,<environment.Job instance at 0x7f27eba8e1e0>,6,19,[ 1 13],7,-1,26,-1,7
1,<environment.Job instance at 0x7f27eba8e280>,8,24,[ 2 12],9,-1,33,-1,9
1,<environment.Job instance at 0x7f27eba8e7d0>,13,27,[3 8],14,-1,49,-1,22
1,<environment.Job instance at 0x7f27eba8e870>,14,14,[14  3],15,-1,36,-1,22
1,<environment.Job instance at 0x7f27eba8e910>,15,24,[ 2 13],16,-1,46,-1,22
1,<environment.Job instance at 0x7f27eba8e9b0>,16,19,[ 3 12],17,-1,41,-1,22
1,<environment.Job instance at 0x7f27eba8ea50>,17,18,[ 5 13],18,-1,40,-1,22
1,<environment.Job instance at 0x7f27eba8eb90>,19,21,[14  4],20,-1,43,-1,22
1,<environment.Job instance at 0x7f27eba8ecd0>,21,22,[14  2],22,-1,58,-1,36
1,<environment.Job instance at 0x7f27eba8eeb0>,22,25,[ 4 12],23,-1,61,-1,36
1,<environment.Job instance at 0x7f27eba8ef50>,24,20,[ 3 12],25,-1,60,-1,40
1,<environment.Job instance at 0x7f27eba8e5a0>,25,16,[11  3],26,-1,56,-1,40
1,<environment.Job instance at 0x7f27eba91190>,27,25,[14  4],28,-1,81,-1,56
1,<environment.Job instance at 0x7f27eba911e0>,2,24,[ 3 10],3,-1,27,-1,3
1,<environment.Job instance at 0x7f27eba91190>,4,20,[11  1],5,-1,25,-1,5
1,<environment.Job instance at 0x7f27ebf5adc0>,5,15,[ 1 11],6,-1,21,-1,6
1,<environment.Job instance at 0x7f27ebf5a7d0>,8,25,[ 2 12],9,-1,34,-1,9
1,<environment.Job instance at 0x7f27ebf5aeb0>,6,12,[6 1],7,-1,23,-1,11
1,<environment.Job instance at 0x7f27ebf5abe0>,11,13,[7 2],12,-1,25,-1,12
1,<environment.Job instance at 0x7f27ebf3b280>,14,14,[9 1],15,-1,37,-1,23
1,<environment.Job instance at 0x7f27eb1f49b0>,1,18,[ 3 12],2,-1,20,-1,2
1,<environment.Job instance at 0x7f27ebf3baa0>,2,21,[ 2 13],3,-1,24,-1,3
1,<environment.Job instance at 0x7f27eb1f40f0>,4,24,[5 6],5,-1,29,-1,5
1,<environment.Job instance at 0x7f27eb1f48c0>,5,18,[11  5],6,-1,24,-1,6
1,<environment.Job instance at 0x7f27ebf3beb0>,7,22,[12  1],8,-1,30,-1,8
1,<environment.Job instance at 0x7f27eb1f4c30>,12,27,[5 4],13,-1,40,-1,13
1,<environment.Job instance at 0x7f27eb1d5a50>,13,18,[13  4],14,-1,32,-1,14
1,<environment.Job instance at 0x7f27eb1d5910>,14,22,[2 9],15,-1,66,-1,44
1,<environment.Job instance at 0x7f27eb1d5dc0>,18,26,[ 1 11],19,-1,70,-1,44
1,<environment.Job instance at 0x7f27eb1d5a00>,19,28,[3 6],20,-1,72,-1,44
1,<environment.Job instance at 0x7f27eb1d5d70>,20,21,[ 3 12],21,-1,65,-1,44
1,<environment.Job instance at 0x7f27eb1d5b40>,21,17,[ 2 11],22,-1,61,-1,44
1,<environment.Job instance at 0x7f27eb729320>,3,23,[ 2 14],4,-1,27,-1,4
1,<environment.Job instance at 0x7f27eb7295a0>,4,12,[ 2 11],5,-1,17,-1,5
1,<environment.Job instance at 0x7f27eb57be10>,1,22,[ 5 14],2,-1,24,-1,2
1,<environment.Job instance at 0x7f27eb72a320>,2,24,[14  3],3,-1,27,-1,3
1,<environment.Job instance at 0x7f27eb066c80>,4,28,[6 3],5,-1,33,-1,5
1,<environment.Job instance at 0x7f27eb72afa0>,6,24,[ 5 14],7,-1,31,-1,7
1,<environment.Job instance at 0x7f27eb066fa0>,7,28,[11  1],8,-1,36,-1,8
1,<environment.Job instance at 0x7f27eb066d20>,8,15,[ 5 11],9,-1,24,-1,9
1,<environment.Job instance at 0x7f27eb06a0a0>,11,16,[ 2 13],12,-1,28,-1,12
1,<environment.Job instance at 0x7f27eb06a500>,15,13,[11  1],16,-1,38,-1,25
1,<environment.Job instance at 0x7f27eb06a5a0>,16,12,[ 3 12],17,-1,37,-1,25
1,<environment.Job instance at 0x7f27eb06a640>,17,25,[8 3],18,-1,50,-1,25
1,<environment.Job instance at 0x7f27eb06a780>,19,15,[ 5 13],20,-1,41,-1,26
1,<environment.Job instance at 0x7f27eb06a8c0>,21,24,[5 1],22,-1,50,-1,26
1,<environment.Job instance at 0x7f27eb06a960>,22,23,[ 1 13],23,-1,49,-1,26
1,<environment.Job instance at 0x7f27eb06aa00>,23,12,[12  2],24,-1,38,-1,26
1,<environment.Job instance at 0x7f27eb06a2d0>,25,22,[3 8],26,-1,51,-1,29
1,<environment.Job instance at 0x7f27eb06ae60>,26,19,[ 3 14],27,-1,48,-1,29
1,<environment.Job instance at 0x7f27eb06ae10>,27,26,[ 1 14],28,-1,55,-1,29
1,<environment.Job instance at 0x7f27eb06aeb0>,29,16,[12  3],30,-1,54,-1,38
1,<environment.Job instance at 0x7f27eb06afa0>,30,27,[13  4],31,-1,65,-1,38
1,<environment.Job instance at 0x7f27eb06af00>,31,22,[6 1],32,-1,69,-1,47
1,<environment.Job instance at 0x7f27eb06a0f0>,2,20,[14  4],3,-1,23,-1,3
1,<environment.Job instance at 0x7f27eb0a80a0>,4,16,[ 2 11],5,-1,21,-1,5
1,<environment.Job instance at 0x7f27eb0a8500>,5,24,[8 2],6,-1,30,-1,6
1,<environment.Job instance at 0x7f27eb0a8730>,13,26,[4 8],14,-1,64,-1,38
1,<environment.Job instance at 0x7f27eb0a87d0>,14,17,[12  2],15,-1,55,-1,38
1,<environment.Job instance at 0x7f27eb0a8780>,15,19,[11  2],16,-1,57,-1,38
1,<environment.Job instance at 0x7f27eb0b3a50>,16,12,[14  5],17,-1,50,-1,38
1,<environment.Job instance at 0x7f27eb0b3dc0>,17,24,[ 1 11],18,-1,62,-1,38
1,<environment.Job instance at 0x7f27eb0b3820>,18,18,[ 4 12],19,-1,56,-1,38
1,<environment.Job instance at 0x7f27eb0b3280>,2,26,[13  4],3,-1,29,-1,3
1,<environment.Job instance at 0x7f27ebe74e10>,5,24,[ 4 10],6,-1,30,-1,6
1,<environment.Job instance at 0x7f27eb8cdf00>,11,18,[ 5 12],12,-1,32,-1,14
1,<environment.Job instance at 0x7f27eb8cdeb0>,13,24,[6 1],14,-1,43,-1,19
1,<environment.Job instance at 0x7f27eb051050>,1,21,[13  4],2,-1,23,-1,2
1,<environment.Job instance at 0x7f27eb085d70>,2,23,[2 8],3,-1,26,-1,3
1,<environment.Job instance at 0x7f27eb749be0>,6,13,[ 1 11],7,-1,20,-1,7
1,<environment.Job instance at 0x7f27eb749c80>,7,21,[5 9],8,-1,29,-1,8
1,<environment.Job instance at 0x7f27eb749960>,8,25,[6 1],9,-1,34,-1,9
1,<environment.Job instance at 0x7f27eb7494b0>,9,15,[ 3 12],10,-1,25,-1,10
1,<environment.Job instance at 0x7f27eb8cdcd0>,11,27,[5 7],12,-1,39,-1,12
1,<environment.Job instance at 0x7f27eb749500>,10,18,[13  2],11,-1,30,-1,12
1,<environment.Job instance at 0x7f27eb749dc0>,12,12,[14  3],13,-1,25,-1,13
1,<environment.Job instance at 0x7f27ebeb43c0>,13,28,[11  3],14,-1,42,-1,14
1,<environment.Job instance at 0x7f27eb4eed70>,15,28,[ 4 12],16,-1,44,-1,16
1,<environment.Job instance at 0x7f27ebeb4f50>,16,20,[11  3],17,-1,39,-1,19
1,<environment.Job instance at 0x7f27ebeb4780>,20,24,[12  5],21,-1,45,-1,21
1,<environment.Job instance at 0x7f27ebeb45f0>,21,19,[ 2 14],22,-1,41,-1,22
1,<environment.Job instance at 0x7f27eb746370>,25,17,[ 1 14],26,-1,57,-1,40
1,<environment.Job instance at 0x7f27eb746c30>,26,14,[ 3 14],27,-1,54,-1,40
1,<environment.Job instance at 0x7f27eb746320>,27,24,[ 3 11],28,-1,64,-1,40
1,<environment.Job instance at 0x7f27eb063aa0>,29,25,[12  3],30,-1,65,-1,40
1,<environment.Job instance at 0x7f27eb063050>,30,12,[ 2 12],31,-1,52,-1,40
1,<environment.Job instance at 0x7f27eb061e60>,32,27,[ 2 11],33,-1,67,-1,40
1,<environment.Job instance at 0x7f27eb0614b0>,33,27,[ 3 14],34,-1,67,-1,40
1,<environment.Job instance at 0x7f27eb4c47d0>,36,28,[5 2],37,-1,82,-1,54
1,<environment.Job instance at 0x7f27eb21aa50>,37,28,[13  5],38,-1,82,-1,54
1,<environment.Job instance at 0x7f27eb4af5a0>,38,26,[8 3],39,-1,80,-1,54
1,<environment.Job instance at 0x7f27eb2f4550>,3,24,[ 4 11],4,-1,28,-1,4
1,<environment.Job instance at 0x7f27eb2f4eb0>,4,14,[13  1],5,-1,19,-1,5
1,<environment.Job instance at 0x7f27eb2f4820>,5,14,[11  1],6,-1,20,-1,6
1,<environment.Job instance at 0x7f27eb2f45a0>,6,12,[12  5],7,-1,19,-1,7
1,<environment.Job instance at 0x7f27eb2f4d70>,11,28,[ 4 14],12,-1,40,-1,12
1,<environment.Job instance at 0x7f27ebf84d20>,16,28,[4 9],17,-1,78,-1,50
1,<environment.Job instance at 0x7f27ebf846e0>,17,28,[7 5],18,-1,78,-1,50
1,<environment.Job instance at 0x7f27ebf84460>,18,18,[14  2],19,-1,68,-1,50
1,<environment.Job instance at 0x7f27ebf84320>,19,18,[12  2],20,-1,68,-1,50
1,<environment.Job instance at 0x7f27ebf84050>,2,19,[ 5 13],3,-1,22,-1,3
1,<environment.Job instance at 0x7f27eb749780>,4,13,[ 5 10],5,-1,19,-1,6
1,<environment.Job instance at 0x7f27eb0f9280>,6,12,[13  4],7,-1,19,-1,7
1,<environment.Job instance at 0x7f27eb0f9500>,7,12,[14  4],8,-1,20,-1,8
1,<environment.Job instance at 0x7f27eb0f95a0>,8,12,[ 1 13],9,-1,21,-1,9
1,<environment.Job instance at 0x7f27eb0f96e0>,10,28,[9 5],11,-1,39,-1,11
1,<environment.Job instance at 0x7f27eb0f9820>,11,12,[ 5 12],12,-1,24,-1,12
1,<environment.Job instance at 0x7f27eb0f9730>,12,26,[9 3],13,-1,39,-1,13
1,<environment.Job instance at 0x7f27eb0f9910>,13,27,[ 5 13],14,-1,41,-1,14
1,<environment.Job instance at 0x7f27eb0f99b0>,14,28,[ 4 14],15,-1,43,-1,15
1,<environment.Job instance at 0x7f27eb0f9e10>,18,24,[3 9],19,-1,43,-1,19
1,<environment.Job instance at 0x7f27eb0f9fa0>,21,14,[ 4 13],22,-1,51,-1,37
1,<environment.Job instance at 0x7f27eb0f9eb0>,22,12,[14  3],23,-1,49,-1,37
1,<environment.Job instance at 0x7f27eb0f9780>,23,18,[ 5 11],24,-1,55,-1,37
1,<environment.Job instance at 0x7f27eb0f71e0>,24,21,[ 1 12],25,-1,58,-1,37
1,<environment.Job instance at 0x7f27eb0f70f0>,25,25,[4 9],26,-1,62,-1,37
1,<environment.Job instance at 0x7f27eb0f7190>,26,18,[ 1 12],27,-1,55,-1,37
1,<environment.Job instance at 0x7f27eb0f7370>,28,12,[6 1],29,-1,54,-1,42
1,<environment.Job instance at 0x7f27eb0f7410>,29,28,[ 3 10],30,-1,70,-1,42
1,<environment.Job instance at 0x7f27eb0f74b0>,30,21,[5 1],31,-1,64,-1,43
1,<environment.Job instance at 0x7f27eb0f7550>,31,28,[11  4],32,-1,71,-1,43
1,<environment.Job instance at 0x7f27eb0f7690>,33,19,[11  2],34,-1,66,-1,47
1,<environment.Job instance at 0x7f27eb0f7730>,34,18,[12  3],35,-1,65,-1,47
1,<environment.Job instance at 0x7f27eb0f77d0>,35,28,[5 5],36,-1,75,-1,47
1,<environment.Job instance at 0x7f27eb0f7870>,36,19,[ 1 12],37,-1,66,-1,47
1,<environment.Job instance at 0x7f27eb0f7a00>,37,24,[10  2],38,-1,71,-1,47
1,<environment.Job instance at 0x7f27eb0f7a50>,38,24,[8 1],39,-1,71,-1,47
1,<environment.Job instance at 0x7f27eb0f7be0>,39,27,[ 5 10],40,-1,74,-1,47
1,<environment.Job instance at 0x7f27eb0f7d20>,41,28,[ 1 12],42,-1,87,-1,59
1,<environment.Job instance at 0x7f27eb0f7960>,42,15,[13  1],43,-1,74,-1,59
1,<environment.Job instance at 0x7f27eb0f7e60>,43,20,[ 5 12],44,-1,79,-1,59
1,<environment.Job instance at 0x7f27eb0f7cd0>,45,12,[ 4 13],46,-1,71,-1,59
1,<environment.Job instance at 0x7f27eb0f7c80>,46,24,[5 3],47,-1,83,-1,59
1,<environment.Job instance at 0x7f27eb0f7c80>,3,18,[14  1],4,-1,22,-1,4
1,<environment.Job instance at 0x7f27ebc14870>,6,15,[ 5 11],7,-1,22,-1,7
1,<environment.Job instance at 0x7f27ebc144b0>,7,27,[ 2 13],8,-1,35,-1,8
1,<environment.Job instance at 0x7f27ebc14d70>,8,27,[5 1],9,-1,37,-1,10
1,<environment.Job instance at 0x7f27ec1d3aa0>,10,12,[ 3 12],11,-1,23,-1,11
1,<environment.Job instance at 0x7f27ec1d3280>,11,13,[ 3 12],12,-1,25,-1,12
1,<environment.Job instance at 0x7f27ec1d3c30>,12,24,[ 4 10],13,-1,37,-1,13
1,<environment.Job instance at 0x7f27ec1d3780>,13,25,[11  2],14,-1,39,-1,14
1,<environment.Job instance at 0x7f27ec1d3910>,14,23,[ 1 14],15,-1,38,-1,15
1,<environment.Job instance at 0x7f27eb5bfcd0>,2,26,[12  3],3,-1,29,-1,3
1,<environment.Job instance at 0x7f27eb5bfaa0>,3,16,[ 5 14],4,-1,20,-1,4
1,<environment.Job instance at 0x7f27eb5bf5f0>,5,12,[ 4 13],6,-1,18,-1,6
1,<environment.Job instance at 0x7f27eb5bf780>,6,25,[13  1],7,-1,32,-1,7
1,<environment.Job instance at 0x7f27eb5bfc30>,9,22,[14  4],10,-1,32,-1,10
1,<environment.Job instance at 0x7f27eb5bf690>,10,14,[ 1 13],11,-1,25,-1,11
1,<environment.Job instance at 0x7f27eb5bf500>,11,28,[ 2 10],12,-1,40,-1,12
1,<environment.Job instance at 0x7f27eb5bfeb0>,13,16,[11  3],14,-1,30,-1,14
1,<environment.Job instance at 0x7f27eb5bf820>,14,18,[ 5 12],15,-1,33,-1,15
1,<environment.Job instance at 0x7f27eb5bfa00>,15,24,[ 2 12],16,-1,40,-1,16
1,<environment.Job instance at 0x7f27ebc83b90>,16,24,[ 1 13],17,-1,41,-1,17
1,<environment.Job instance at 0x7f27ebc833c0>,23,24,[14  5],24,-1,66,-1,42
1,<environment.Job instance at 0x7f27ebc836e0>,24,18,[14  1],25,-1,60,-1,42
1,<environment.Job instance at 0x7f27ebc83eb0>,25,14,[13  5],26,-1,56,-1,42
1,<environment.Job instance at 0x7f27ebc835f0>,26,21,[ 1 14],27,-1,63,-1,42
1,<environment.Job instance at 0x7f27ebc83aa0>,28,22,[12  2],29,-1,64,-1,42
1,<environment.Job instance at 0x7f27ebc83780>,29,26,[ 2 10],30,-1,68,-1,42
1,<environment.Job instance at 0x7f27ebc83500>,30,14,[12  5],31,-1,56,-1,42
1,<environment.Job instance at 0x7f27ebc83460>,31,14,[14  2],32,-1,56,-1,42
1,<environment.Job instance at 0x7f27ebc83730>,32,24,[4 5],33,-1,68,-1,44
1,<environment.Job instance at 0x7f27ebc83640>,33,24,[9 5],34,-1,68,-1,44
1,<environment.Job instance at 0x7f27eb6ee280>,34,18,[11  3],35,-1,65,-1,47
1,<environment.Job instance at 0x7f27eb6eed70>,35,23,[13  5],36,-1,70,-1,47
1,<environment.Job instance at 0x7f27eb6ee1e0>,36,22,[ 4 10],37,-1,74,-1,52
1,<environment.Job instance at 0x7f27eb948690>,3,20,[12  4],4,-1,24,-1,4
1,<environment.Job instance at 0x7f27eb9483c0>,4,26,[1 6],5,-1,31,-1,5
1,<environment.Job instance at 0x7f27eb948eb0>,5,23,[5 5],6,-1,29,-1,6
1,<environment.Job instance at 0x7f27eb948640>,6,27,[12  2],7,-1,34,-1,7
1,<environment.Job instance at 0x7f27eb948730>,8,15,[13  3],9,-1,24,-1,9
1,<environment.Job instance at 0x7f27f4eb2d70>,13,23,[14  5],14,-1,42,-1,19
1,<environment.Job instance at 0x7f27f4eb2820>,14,27,[12  3],15,-1,46,-1,19
1,<environment.Job instance at 0x7f27f4eb2af0>,15,22,[11  3],16,-1,41,-1,19
1,<environment.Job instance at 0x7f27f4eb2aa0>,16,28,[ 1 13],17,-1,47,-1,19
1,<environment.Job instance at 0x7f27f4eb2f00>,17,25,[12  4],18,-1,44,-1,19
1,<environment.Job instance at 0x7f27f4eb2960>,18,17,[ 2 13],19,-1,36,-1,19
1,<environment.Job instance at 0x7f27eba96960>,19,15,[ 2 14],20,-1,35,-1,20
1,<environment.Job instance at 0x7f27eba962d0>,21,16,[ 2 13],22,-1,38,-1,22
1,<environment.Job instance at 0x7f27eba96550>,23,15,[12  3],24,-1,41,-1,26
1,<environment.Job instance at 0x7f27eba966e0>,24,19,[ 2 13],25,-1,45,-1,26
1,<environment.Job instance at 0x7f27eba96a50>,27,18,[ 1 13],28,-1,53,-1,35
1,<environment.Job instance at 0x7f27eba96f00>,28,12,[ 5 14],29,-1,47,-1,35
1,<environment.Job instance at 0x7f27eb6d66e0>,29,13,[14  1],30,-1,48,-1,35
1,<environment.Job instance at 0x7f27eb690690>,3,14,[ 4 12],4,-1,18,-1,4
1,<environment.Job instance at 0x7f27eb6900f0>,4,27,[5 1],5,-1,32,-1,5
1,<environment.Job instance at 0x7f27eb690640>,5,27,[ 2 11],6,-1,33,-1,6
1,<environment.Job instance at 0x7f27eb4985a0>,6,28,[12  4],7,-1,35,-1,7
1,<environment.Job instance at 0x7f27ec0e9870>,8,14,[14  2],9,-1,23,-1,9
1,<environment.Job instance at 0x7f27eb468f00>,9,27,[5 1],10,-1,37,-1,10
1,<environment.Job instance at 0x7f27ebbab5f0>,10,23,[12  5],11,-1,34,-1,11
1,<environment.Job instance at 0x7f27ebbab910>,11,23,[3 9],12,-1,36,-1,13
1,<environment.Job instance at 0x7f27ebbab6e0>,13,12,[14  4],14,-1,26,-1,14
1,<environment.Job instance at 0x7f27ebbab640>,14,21,[6 4],15,-1,39,-1,18
1,<environment.Job instance at 0x7f27ebbabc80>,18,13,[5 3],19,-1,34,-1,21
1,<environment.Job instance at 0x7f27eb893c30>,19,17,[ 2 13],20,-1,38,-1,21
1,<environment.Job instance at 0x7f27eb77a190>,20,17,[14  2],21,-1,38,-1,21
1,<environment.Job instance at 0x7f27eb77a500>,21,26,[10  4],22,-1,48,-1,22
1,<environment.Job instance at 0x7f27eb77a550>,22,23,[5 5],23,-1,46,-1,23
1,<environment.Job instance at 0x7f27ebd88820>,23,13,[ 1 14],24,-1,37,-1,24
1,<environment.Job instance at 0x7f27ebd88500>,24,12,[ 3 11],25,-1,37,-1,25
1,<environment.Job instance at 0x7f27ebd88280>,25,14,[4 7],26,-1,44,-1,30
1,<environment.Job instance at 0x7f27eb20de10>,27,19,[ 5 13],28,-1,50,-1,31
1,<environment.Job instance at 0x7f27eb4d3140>,30,16,[ 3 10],31,-1,65,-1,49
1,<environment.Job instance at 0x7f27eb6ffd20>,5,28,[3 8],6,-1,34,-1,6
1,<environment.Job instance at 0x7f27eb6ffc80>,6,18,[ 1 14],7,-1,25,-1,7
1,<environment.Job instance at 0x7f27eae59460>,14,22,[ 1 12],15,-1,56,-1,34
1,<environment.Job instance at 0x7f27eae598c0>,15,24,[12  5],16,-1,58,-1,34
1,<environment.Job instance at 0x7f27eae59be0>,16,27,[3 5],17,-1,61,-1,34
1,<environment.Job instance at 0x7f27eb3b83c0>,19,28,[1 8],20,-1,75,-1,47
1,<environment.Job instance at 0x7f27eba652d0>,21,26,[7 2],22,-1,73,-1,47
1,<environment.Job instance at 0x7f27eacf9fa0>,22,27,[5 6],23,-1,74,-1,47
1,<environment.Job instance at 0x7f27ebb1ba50>,23,28,[ 2 12],24,-1,75,-1,47
1,<environment.Job instance at 0x7f27eacef7d0>,3,25,[14  5],4,-1,29,-1,4
1,<environment.Job instance at 0x7f27eb262a00>,2,20,[14  3],3,-1,24,-1,4
1,<environment.Job instance at 0x7f27eacef0f0>,4,26,[10  2],5,-1,31,-1,5
1,<environment.Job instance at 0x7f27eacef500>,5,14,[14  1],6,-1,20,-1,6
1,<environment.Job instance at 0x7f27eb991a00>,7,26,[12  5],8,-1,34,-1,8
1,<environment.Job instance at 0x7f27eb9918c0>,8,28,[8 3],9,-1,37,-1,9
1,<environment.Job instance at 0x7f27eb991be0>,15,26,[12  4],16,-1,62,-1,36
1,<environment.Job instance at 0x7f27eba8a190>,3,27,[ 2 10],4,-1,31,-1,4
1,<environment.Job instance at 0x7f27eb90e280>,4,16,[ 1 12],5,-1,21,-1,5
1,<environment.Job instance at 0x7f27eacdbe60>,6,20,[ 1 13],7,-1,27,-1,7
1,<environment.Job instance at 0x7f27eb90e230>,7,17,[ 1 10],8,-1,27,-1,10
1,<environment.Job instance at 0x7f27eb827780>,5,28,[ 2 10],6,-1,34,-1,6
1,<environment.Job instance at 0x7f27eb90ec30>,4,23,[1 8],5,-1,29,-1,6
1,<environment.Job instance at 0x7f27eb8278c0>,7,16,[ 2 10],8,-1,55,-1,39
1,<environment.Job instance at 0x7f27eb827be0>,13,19,[1 9],14,-1,58,-1,39
1,<environment.Job instance at 0x7f27eb827c80>,14,25,[9 4],15,-1,64,-1,39
1,<environment.Job instance at 0x7f27eb827dc0>,16,14,[11  4],17,-1,70,-1,56
1,<environment.Job instance at 0x7f27eb827e60>,17,12,[10  1],18,-1,68,-1,56
1,<environment.Job instance at 0x7f27eb827f00>,18,28,[ 1 13],19,-1,84,-1,56
1,<environment.Job instance at 0x7f27eb827fa0>,19,19,[ 5 14],20,-1,75,-1,56
1,<environment.Job instance at 0x7f27eb827910>,20,12,[10  1],21,-1,68,-1,56
1,<environment.Job instance at 0x7f27eb80e050>,22,20,[ 4 14],23,-1,76,-1,56
1,<environment.Job instance at 0x7f27eb80e320>,23,18,[14  4],24,-1,74,-1,56
1,<environment.Job instance at 0x7f27eb80e410>,24,18,[ 3 11],25,-1,74,-1,56
1,<environment.Job instance at 0x7f27eb80e460>,25,12,[ 1 10],26,-1,68,-1,56
1,<environment.Job instance at 0x7f27eb80e500>,26,26,[ 2 11],27,-1,82,-1,56
1,<environment.Job instance at 0x7f27eb80e5a0>,27,13,[13  4],28,-1,69,-1,56
1,<environment.Job instance at 0x7f27eb80e640>,28,17,[2 5],29,-1,73,-1,56
1,<environment.Job instance at 0x7f27eb80e690>,2,18,[14  4],3,-1,21,-1,3
1,<environment.Job instance at 0x7f27eb80e640>,7,28,[ 4 12],8,-1,36,-1,8
1,<environment.Job instance at 0x7f27ebb0fbe0>,6,16,[13  1],7,-1,24,-1,8
1,<environment.Job instance at 0x7f27ebb0f910>,8,15,[12  2],9,-1,24,-1,9
1,<environment.Job instance at 0x7f27ebb0f870>,10,26,[6 4],11,-1,38,-1,12
1,<environment.Job instance at 0x7f27ebb0f4b0>,12,15,[ 3 13],13,-1,28,-1,13
1,<environment.Job instance at 0x7f27ebb0f280>,14,18,[13  3],15,-1,33,-1,15
1,<environment.Job instance at 0x7f27ebb0f230>,15,28,[9 4],16,-1,44,-1,16
1,<environment.Job instance at 0x7f27ebb0feb0>,16,13,[ 5 11],17,-1,30,-1,17
1,<environment.Job instance at 0x7f27ebb0f640>,17,19,[14  1],18,-1,37,-1,18
1,<environment.Job instance at 0x7f27ebb0f3c0>,22,25,[7 5],23,-1,60,-1,35
1,<environment.Job instance at 0x7f27eb45d230>,24,26,[6 1],25,-1,73,-1,47
1,<environment.Job instance at 0x7f27eb45deb0>,25,21,[ 5 14],26,-1,68,-1,47
1,<environment.Job instance at 0x7f27eb45dc30>,26,25,[14  4],27,-1,72,-1,47
1,<environment.Job instance at 0x7f27eb701140>,2,14,[ 4 12],3,-1,17,-1,3
1,<environment.Job instance at 0x7f27eb7010a0>,3,28,[ 2 13],4,-1,32,-1,4
1,<environment.Job instance at 0x7f27eb701320>,4,25,[10  5],5,-1,30,-1,5
1,<environment.Job instance at 0x7f27eb7015f0>,9,26,[ 2 14],10,-1,36,-1,10
1,<environment.Job instance at 0x7f27eb7015a0>,12,13,[13  5],13,-1,27,-1,14
1,<environment.Job instance at 0x7f27eb701050>,13,19,[12  2],14,-1,33,-1,14
1,<environment.Job instance at 0x7f27eb4d3500>,14,24,[2 5],15,-1,40,-1,16
1,<environment.Job instance at 0x7f27eb4d37d0>,17,27,[ 1 13],18,-1,53,-1,26
1,<environment.Job instance at 0x7f27eb4d3e10>,18,26,[8 2],19,-1,52,-1,26
1,<environment.Job instance at 0x7f27eb4d3aa0>,19,26,[5 7],20,-1,52,-1,26
1,<environment.Job instance at 0x7f27eb4d30f0>,21,26,[11  1],22,-1,57,-1,31
1,<environment.Job instance at 0x7f27eb4d3050>,24,13,[10  1],25,-1,69,-1,56
1,<environment.Job instance at 0x7fed8e98d1e0>,3,15,[13  4],4,-1,19,-1,4
1,<environment.Job instance at 0x7fed85215500>,4,24,[ 3 11],5,-1,29,-1,5
1,<environment.Job instance at 0x7fed852156e0>,6,19,[ 1 13],7,-1,26,-1,7
1,<environment.Job instance at 0x7fed852157d0>,8,24,[ 2 12],9,-1,33,-1,9
1,<environment.Job instance at 0x7fed85215cd0>,13,27,[3 8],14,-1,49,-1,22
1,<environment.Job instance at 0x7fed85215d70>,14,14,[14  3],15,-1,36,-1,22
1,<environment.Job instance at 0x7fed85215e10>,15,24,[ 2 13],16,-1,46,-1,22
1,<environment.Job instance at 0x7fed85215eb0>,16,19,[ 3 12],17,-1,41,-1,22
1,<environment.Job instance at 0x7fed85215f50>,17,18,[ 5 13],18,-1,40,-1,22
1,<environment.Job instance at 0x7fed85215910>,19,21,[14  4],20,-1,43,-1,22
1,<environment.Job instance at 0x7fed85216230>,21,22,[14  2],22,-1,58,-1,36
1,<environment.Job instance at 0x7fed85216410>,22,25,[ 4 12],23,-1,61,-1,36
1,<environment.Job instance at 0x7fed852164b0>,24,20,[ 3 12],25,-1,60,-1,40
1,<environment.Job instance at 0x7fed85216550>,25,16,[11  3],26,-1,56,-1,40
1,<environment.Job instance at 0x7fed85216690>,27,25,[14  4],28,-1,81,-1,56
1,<environment.Job instance at 0x7fed85216690>,3,27,[8 2],4,-1,31,-1,4
1,<environment.Job instance at 0x7fed8593e0a0>,12,24,[10  3],13,-1,63,-1,39
1,<environment.Job instance at 0x7fed8593e230>,13,17,[ 4 14],14,-1,56,-1,39
1,<environment.Job instance at 0x7fed8593eb90>,14,21,[ 1 12],15,-1,60,-1,39
1,<environment.Job instance at 0x7fed8593ea00>,15,18,[ 5 12],16,-1,57,-1,39
1,<environment.Job instance at 0x7fed8593edc0>,16,12,[ 3 14],17,-1,51,-1,39
1,<environment.Job instance at 0x7fed8593ebe0>,18,25,[11  5],19,-1,68,-1,43
1,<environment.Job instance at 0x7fed8593e8c0>,19,18,[ 4 11],20,-1,61,-1,43
1,<environment.Job instance at 0x7fed8593e550>,21,14,[12  2],22,-1,75,-1,61
1,<environment.Job instance at 0x7fed8593e190>,22,25,[ 2 14],23,-1,86,-1,61
1,<environment.Job instance at 0x7fed8593e3c0>,23,25,[7 2],24,-1,86,-1,61
1,<environment.Job instance at 0x7fed8593e9b0>,24,16,[ 5 14],25,-1,77,-1,61
1,<environment.Job instance at 0x7fed8593e410>,25,24,[ 2 11],26,-1,85,-1,61
1,<environment.Job instance at 0x7fed8593e280>,26,12,[ 4 14],27,-1,73,-1,61
1,<environment.Job instance at 0x7fed858b8f50>,27,27,[5 8],28,-1,88,-1,61
1,<environment.Job instance at 0x7fed84df9eb0>,3,14,[11  1],4,-1,18,-1,4
1,<environment.Job instance at 0x7fed84df9dc0>,4,26,[ 3 12],5,-1,31,-1,5
1,<environment.Job instance at 0x7fed84df98c0>,5,24,[4 7],6,-1,31,-1,7
1,<environment.Job instance at 0x7fed84df90a0>,7,25,[5 4],8,-1,34,-1,9
1,<environment.Job instance at 0x7fed84df96e0>,9,28,[7 1],10,-1,39,-1,11
1,<environment.Job instance at 0x7fed84df9be0>,12,24,[12  2],13,-1,48,-1,24
1,<environment.Job instance at 0x7fed84927910>,13,26,[ 3 11],14,-1,50,-1,24
1,<environment.Job instance at 0x7fed849270f0>,14,25,[ 5 11],15,-1,49,-1,24
1,<environment.Job instance at 0x7fed84927b90>,18,25,[4 6],19,-1,65,-1,40
1,<environment.Job instance at 0x7fed84927460>,19,26,[4 9],20,-1,66,-1,40
1,<environment.Job instance at 0x7fed84927320>,21,12,[12  4],22,-1,52,-1,40
1,<environment.Job instance at 0x7fed849277d0>,22,21,[12  4],23,-1,61,-1,40
1,<environment.Job instance at 0x7fed84927870>,23,14,[12  3],24,-1,54,-1,40
1,<environment.Job instance at 0x7fed84927aa0>,24,28,[ 3 13],25,-1,68,-1,40
1,<environment.Job instance at 0x7fed84927640>,25,22,[ 3 12],26,-1,62,-1,40
1,<environment.Job instance at 0x7fed84927e10>,26,23,[11  2],27,-1,63,-1,40
1,<environment.Job instance at 0x7fed84927820>,28,22,[ 2 10],29,-1,74,-1,52
1,<environment.Job instance at 0x7fed84927410>,29,15,[12  2],30,-1,67,-1,52
1,<environment.Job instance at 0x7fed84927370>,30,18,[11  1],31,-1,70,-1,52
1,<environment.Job instance at 0x7fed849273c0>,2,25,[13  2],3,-1,28,-1,3
1,<environment.Job instance at 0x7fed852e8eb0>,3,21,[ 4 12],4,-1,25,-1,4
1,<environment.Job instance at 0x7fed852e80a0>,5,18,[ 5 11],6,-1,24,-1,6
1,<environment.Job instance at 0x7fed852e81e0>,8,13,[ 5 13],9,-1,22,-1,9
1,<environment.Job instance at 0x7fed854c61e0>,14,28,[4 8],15,-1,64,-1,36
1,<environment.Job instance at 0x7fed854c6960>,15,23,[14  3],16,-1,59,-1,36
1,<environment.Job instance at 0x7fed854c69b0>,16,23,[3 8],17,-1,59,-1,36
1,<environment.Job instance at 0x7fed854c6910>,18,28,[11  1],19,-1,64,-1,36
1,<environment.Job instance at 0x7fed854c6870>,19,17,[ 3 11],20,-1,53,-1,36
1,<environment.Job instance at 0x7fed854c6640>,20,15,[ 5 10],21,-1,51,-1,36
1,<environment.Job instance at 0x7fed854c6c80>,21,27,[7 2],22,-1,63,-1,36
1,<environment.Job instance at 0x7fed854c6460>,22,16,[14  3],23,-1,52,-1,36
1,<environment.Job instance at 0x7fed854c6230>,23,12,[11  4],24,-1,48,-1,36
1,<environment.Job instance at 0x7fed854c6b40>,24,15,[14  3],25,-1,51,-1,36
1,<environment.Job instance at 0x7fed854c6820>,25,28,[6 4],26,-1,64,-1,36
1,<environment.Job instance at 0x7fed854c6dc0>,26,13,[ 5 13],27,-1,49,-1,36
1,<environment.Job instance at 0x7fed854c6eb0>,27,20,[5 2],28,-1,66,-1,46
1,<environment.Job instance at 0x7fed85bedb40>,1,12,[ 2 14],2,-1,14,-1,2
1,<environment.Job instance at 0x7fed85bed370>,2,13,[14  5],3,-1,16,-1,3
1,<environment.Job instance at 0x7fed85beda00>,3,28,[5 7],4,-1,32,-1,4
1,<environment.Job instance at 0x7fed85bed230>,4,28,[10  1],5,-1,33,-1,5
1,<environment.Job instance at 0x7fed858a2fa0>,5,16,[12  2],6,-1,22,-1,6
1,<environment.Job instance at 0x7fed858a2be0>,6,28,[14  3],7,-1,35,-1,7
1,<environment.Job instance at 0x7fed856920a0>,7,24,[ 4 11],8,-1,32,-1,8
1,<environment.Job instance at 0x7fed85692460>,8,25,[11  1],9,-1,34,-1,9
1,<environment.Job instance at 0x7fed85692500>,10,26,[5 5],11,-1,37,-1,11
1,<environment.Job instance at 0x7fed85692730>,11,22,[ 1 10],12,-1,34,-1,12
1,<environment.Job instance at 0x7fed85692a50>,13,24,[2 7],14,-1,38,-1,14
1,<environment.Job instance at 0x7fed856a4e10>,14,25,[11  5],15,-1,40,-1,15
1,<environment.Job instance at 0x7fed856a4e60>,15,25,[5 3],16,-1,41,-1,16
1,<environment.Job instance at 0x7fed856a4c80>,17,26,[7 1],18,-1,44,-1,18
1,<environment.Job instance at 0x7fed856a4960>,18,18,[12  1],19,-1,37,-1,19
1,<environment.Job instance at 0x7fed856a40f0>,19,15,[ 1 13],20,-1,35,-1,20
1,<environment.Job instance at 0x7fed856a4140>,20,23,[11  3],21,-1,44,-1,21
1,<environment.Job instance at 0x7fed856a43c0>,22,20,[14  4],23,-1,43,-1,23
1,<environment.Job instance at 0x7fed85bed730>,24,16,[ 2 11],25,-1,41,-1,25
1,<environment.Job instance at 0x7fed85c00dc0>,25,24,[8 2],26,-1,50,-1,26
1,<environment.Job instance at 0x7fed85c00230>,28,22,[9 3],29,-1,66,-1,44
1,<environment.Job instance at 0x7fed85c00820>,32,25,[11  1],33,-1,69,-1,44
1,<environment.Job instance at 0x7fed85c000a0>,33,26,[4 8],34,-1,70,-1,44
1,<environment.Job instance at 0x7fed85c6f780>,34,17,[12  2],35,-1,61,-1,44
1,<environment.Job instance at 0x7fed85c6f870>,35,19,[11  2],36,-1,63,-1,44
1,<environment.Job instance at 0x7fed85c6f8c0>,36,12,[14  5],37,-1,56,-1,44
1,<environment.Job instance at 0x7fed85c9ebe0>,37,24,[ 1 11],38,-1,68,-1,44
1,<environment.Job instance at 0x7fed8599e730>,38,18,[ 4 12],39,-1,62,-1,44
1,<environment.Job instance at 0x7fed8599e0f0>,39,18,[ 3 10],40,-1,62,-1,44
1,<environment.Job instance at 0x7fed8e4245a0>,40,14,[7 2],41,-1,58,-1,44
1,<environment.Job instance at 0x7fed85dced20>,41,19,[8 2],42,-1,63,-1,44
1,<environment.Job instance at 0x7fed85dce5a0>,42,22,[ 3 14],43,-1,66,-1,44
1,<environment.Job instance at 0x7fed85dce230>,43,28,[14  4],44,-1,72,-1,44
1,<environment.Job instance at 0x7fed8e337780>,45,25,[ 3 13],46,-1,85,-1,60
1,<environment.Job instance at 0x7fed85ddd960>,46,22,[9 4],47,-1,88,-1,66
1,<environment.Job instance at 0x7fed85ddd7d0>,47,24,[ 2 13],48,-1,90,-1,66
1,<environment.Job instance at 0x7fed85ba6f50>,48,21,[ 2 14],49,-1,87,-1,66
1,<environment.Job instance at 0x7fed85dddaa0>,49,16,[ 5 13],50,-1,82,-1,66
1,<environment.Job instance at 0x7fed85dddc30>,50,28,[1 7],51,-1,94,-1,66
1,<environment.Job instance at 0x7fed8565f410>,1,27,[ 4 12],2,-1,29,-1,2
1,<environment.Job instance at 0x7fed8502bfa0>,2,23,[5 7],3,-1,26,-1,3
1,<environment.Job instance at 0x7fed8502bc30>,5,17,[ 2 14],6,-1,23,-1,6
1,<environment.Job instance at 0x7fed8502bf00>,7,20,[12  3],8,-1,28,-1,8
1,<environment.Job instance at 0x7fed8502b500>,8,16,[ 5 14],9,-1,25,-1,9
1,<environment.Job instance at 0x7fed8528a6e0>,1,21,[13  4],2,-1,23,-1,2
1,<environment.Job instance at 0x7fed84bd3500>,2,23,[2 8],3,-1,26,-1,3
1,<environment.Job instance at 0x7fed847e8f00>,6,13,[ 1 11],7,-1,20,-1,7
1,<environment.Job instance at 0x7fed847e8fa0>,8,25,[6 1],9,-1,34,-1,9
1,<environment.Job instance at 0x7fed847ec190>,9,15,[ 3 12],10,-1,25,-1,10
1,<environment.Job instance at 0x7fed847ec230>,10,18,[13  2],11,-1,29,-1,11
1,<environment.Job instance at 0x7fed847ec2d0>,11,27,[5 7],12,-1,39,-1,12
1,<environment.Job instance at 0x7fed847ec370>,12,12,[14  3],13,-1,25,-1,13
1,<environment.Job instance at 0x7fed847ec410>,13,28,[11  3],14,-1,42,-1,14
1,<environment.Job instance at 0x7fed84bd3e10>,7,21,[5 9],8,-1,35,-1,14
1,<environment.Job instance at 0x7fed847ec5f0>,15,28,[ 4 12],16,-1,44,-1,16
1,<environment.Job instance at 0x7fed847ec690>,16,20,[11  3],17,-1,37,-1,17
1,<environment.Job instance at 0x7fed847ec730>,17,15,[ 5 13],18,-1,33,-1,18
1,<environment.Job instance at 0x7fed847ec820>,20,24,[12  5],21,-1,45,-1,21
1,<environment.Job instance at 0x7fed847ec960>,21,19,[ 2 14],22,-1,41,-1,22
1,<environment.Job instance at 0x7fed847eca00>,22,22,[12  1],23,-1,45,-1,23
1,<environment.Job instance at 0x7fed847eca50>,23,13,[ 3 11],24,-1,37,-1,24
1,<environment.Job instance at 0x7fed847eccd0>,26,14,[ 3 14],27,-1,41,-1,27
1,<environment.Job instance at 0x7fed847ecb90>,27,24,[ 3 11],28,-1,52,-1,28
1,<environment.Job instance at 0x7fed847ecdc0>,29,25,[12  3],30,-1,60,-1,35
1,<environment.Job instance at 0x7fed847ecf50>,30,12,[ 2 12],31,-1,47,-1,35
1,<environment.Job instance at 0x7fed847eceb0>,32,27,[ 2 11],33,-1,62,-1,35
1,<environment.Job instance at 0x7fed847ee190>,33,27,[ 3 14],34,-1,62,-1,35
1,<environment.Job instance at 0x7fed847ee140>,36,28,[5 2],37,-1,77,-1,49
1,<environment.Job instance at 0x7fed847ee460>,37,28,[13  5],38,-1,77,-1,49
1,<environment.Job instance at 0x7fed847ee3c0>,38,26,[8 3],39,-1,75,-1,49
1,<environment.Job instance at 0x7fed855059b0>,3,27,[11  1],4,-1,31,-1,4
1,<environment.Job instance at 0x7fed855057d0>,4,17,[2 5],5,-1,27,-1,10
1,<environment.Job instance at 0x7fed85505b90>,8,18,[14  2],9,-1,28,-1,10
1,<environment.Job instance at 0x7fed8502cf00>,9,18,[12  2],10,-1,28,-1,10
1,<environment.Job instance at 0x7fed8502caf0>,10,21,[9 1],11,-1,32,-1,11
1,<environment.Job instance at 0x7fed85b7ab40>,1,14,[ 4 13],2,-1,16,-1,2
1,<environment.Job instance at 0x7fed845b90a0>,3,18,[ 5 11],4,-1,22,-1,4
1,<environment.Job instance at 0x7fed8594a3c0>,4,21,[ 1 12],5,-1,26,-1,5
1,<environment.Job instance at 0x7fed845b91e0>,2,12,[14  3],3,-1,17,-1,5
1,<environment.Job instance at 0x7fed8594a870>,5,25,[4 9],6,-1,31,-1,6
1,<environment.Job instance at 0x7fed84595500>,9,28,[ 3 10],10,-1,38,-1,10
1,<environment.Job instance at 0x7fed84595870>,11,28,[11  4],12,-1,40,-1,12
1,<environment.Job instance at 0x7fed84595370>,13,19,[11  2],14,-1,34,-1,15
1,<environment.Job instance at 0x7fed8449af00>,15,28,[5 5],16,-1,44,-1,16
1,<environment.Job instance at 0x7fed8449ac80>,16,19,[ 1 12],17,-1,36,-1,17
1,<environment.Job instance at 0x7fed8449a4b0>,17,24,[10  2],18,-1,42,-1,18
1,<environment.Job instance at 0x7fed8449a870>,18,24,[8 1],19,-1,43,-1,19
1,<environment.Job instance at 0x7fed8449a3c0>,19,27,[ 5 10],20,-1,47,-1,20
1,<environment.Job instance at 0x7fed8449ae60>,22,15,[13  1],23,-1,38,-1,23
1,<environment.Job instance at 0x7fed84593eb0>,23,20,[ 5 12],24,-1,44,-1,24
1,<environment.Job instance at 0x7fed84593c80>,25,12,[ 4 13],26,-1,38,-1,26
1,<environment.Job instance at 0x7fed84593960>,26,24,[5 3],27,-1,51,-1,27
1,<environment.Job instance at 0x7fed84593f00>,29,21,[14  3],30,-1,61,-1,40
1,<environment.Job instance at 0x7fed84593640>,32,20,[11  3],33,-1,77,-1,57
1,<environment.Job instance at 0x7fed84e62410>,34,12,[8 2],35,-1,69,-1,57
1,<environment.Job instance at 0x7fed84e62280>,35,17,[ 3 13],36,-1,74,-1,57
1,<environment.Job instance at 0x7fed84e62b40>,36,15,[13  4],37,-1,72,-1,57
1,<environment.Job instance at 0x7fed84e626e0>,37,25,[9 1],38,-1,82,-1,57
1,<environment.Job instance at 0x7fed84e62fa0>,38,23,[3 8],39,-1,80,-1,57
1,<environment.Job instance at 0x7fed84590af0>,40,26,[14  4],41,-1,95,-1,69
1,<environment.Job instance at 0x7fed84d41b90>,4,13,[12  5],5,-1,18,-1,5
1,<environment.Job instance at 0x7fed844bfe60>,11,24,[ 4 10],12,-1,36,-1,12
1,<environment.Job instance at 0x7fed844bf230>,12,24,[ 2 14],13,-1,37,-1,13
1,<environment.Job instance at 0x7fed844bfb90>,13,16,[12  2],14,-1,30,-1,14
1,<environment.Job instance at 0x7fed844bf870>,14,15,[ 5 12],15,-1,30,-1,15
1,<environment.Job instance at 0x7fed8535e230>,15,28,[ 2 11],16,-1,44,-1,16
1,<environment.Job instance at 0x7fed8535e460>,16,28,[13  3],17,-1,45,-1,17
1,<environment.Job instance at 0x7fed8535e820>,17,21,[1 9],18,-1,40,-1,19
1,<environment.Job instance at 0x7fed8e337730>,19,19,[ 3 13],20,-1,39,-1,20
1,<environment.Job instance at 0x7fed8e337eb0>,21,15,[10  1],22,-1,48,-1,33
1,<environment.Job instance at 0x7fed8e3aeb40>,23,23,[6 5],24,-1,57,-1,34
1,<environment.Job instance at 0x7fed858caaf0>,24,17,[ 2 13],25,-1,51,-1,34
1,<environment.Job instance at 0x7fed858ca7d0>,25,20,[ 1 11],26,-1,54,-1,34
1,<environment.Job instance at 0x7fed858ca280>,26,27,[4 6],27,-1,61,-1,34
1,<environment.Job instance at 0x7fed858ca550>,27,26,[8 5],28,-1,60,-1,34
1,<environment.Job instance at 0x7fed848f4af0>,28,12,[ 3 14],29,-1,46,-1,34
1,<environment.Job instance at 0x7fed848f41e0>,31,24,[14  4],32,-1,70,-1,46
1,<environment.Job instance at 0x7fed85d48d20>,32,26,[12  3],33,-1,72,-1,46
1,<environment.Job instance at 0x7fed858e13c0>,33,16,[ 5 14],34,-1,62,-1,46
1,<environment.Job instance at 0x7fed85823cd0>,34,23,[8 4],35,-1,69,-1,46
1,<environment.Job instance at 0x7fed85be2af0>,35,12,[ 4 13],36,-1,58,-1,46
1,<environment.Job instance at 0x7fed85be2dc0>,36,25,[13  1],37,-1,71,-1,46
1,<environment.Job instance at 0x7fed85bdcfa0>,38,13,[1 8],39,-1,60,-1,47
1,<environment.Job instance at 0x7fed85d572d0>,39,22,[14  4],40,-1,69,-1,47
1,<environment.Job instance at 0x7fed85d578c0>,40,14,[ 1 13],41,-1,61,-1,47
1,<environment.Job instance at 0x7fed84f469b0>,41,28,[ 2 10],42,-1,75,-1,47
1,<environment.Job instance at 0x7fed85d27500>,42,22,[7 5],43,-1,70,-1,48
1,<environment.Job instance at 0x7fed84f35410>,43,16,[11  3],44,-1,64,-1,48
1,<environment.Job instance at 0x7fed84f355f0>,44,18,[ 5 12],45,-1,66,-1,48
1,<environment.Job instance at 0x7fed84f35a00>,45,24,[ 2 12],46,-1,72,-1,48
1,<environment.Job instance at 0x7fed85d3a140>,46,24,[ 1 13],47,-1,72,-1,48
1,<environment.Job instance at 0x7fed84f35f50>,47,13,[10  4],48,-1,65,-1,52
1,<environment.Job instance at 0x7fed84f38640>,48,23,[4 5],49,-1,75,-1,52
1,<environment.Job instance at 0x7fed85d3ac30>,49,25,[1 9],50,-1,77,-1,52
1,<environment.Job instance at 0x7fed84f389b0>,51,13,[ 4 10],52,-1,75,-1,62
1,<environment.Job instance at 0x7fed84f5baf0>,53,24,[14  5],54,-1,87,-1,63
1,<environment.Job instance at 0x7fed84f5bf00>,54,18,[14  1],55,-1,81,-1,63
1,<environment.Job instance at 0x7fed84f5bfa0>,55,14,[13  5],56,-1,77,-1,63
1,<environment.Job instance at 0x7fed84f5bbe0>,56,21,[ 1 14],57,-1,84,-1,63
1,<environment.Job instance at 0x7fed84f5beb0>,57,12,[5 1],58,-1,75,-1,63
1,<environment.Job instance at 0x7fed84f5bc80>,58,22,[12  2],59,-1,85,-1,63
1,<environment.Job instance at 0x7fed84f5be60>,59,26,[ 2 10],60,-1,89,-1,63
1,<environment.Job instance at 0x7fed84f5bc30>,60,14,[12  5],61,-1,77,-1,63
1,<environment.Job instance at 0x7fed84f6e640>,61,14,[14  2],62,-1,77,-1,63
1,<environment.Job instance at 0x7fed84f6e730>,62,24,[4 5],63,-1,87,-1,63
1,<environment.Job instance at 0x7fed852849b0>,9,19,[ 4 10],10,-1,82,-1,63
1,<environment.Job instance at 0x7fed844bfd70>,18,23,[13  5],19,-1,86,-1,63
1,<environment.Job instance at 0x7fed84f6e6e0>,63,24,[9 5],64,-1,88,-1,64
1,<environment.Job instance at 0x7fed84f6e1e0>,65,23,[13  5],66,-1,89,-1,66
1,<environment.Job instance at 0x7fed84f6e9b0>,66,22,[ 4 10],67,-1,89,-1,67
1,<environment.Job instance at 0x7fed852a7910>,1,13,[12  4],2,-1,15,-1,2
1,<environment.Job instance at 0x7fed84f6e280>,2,27,[9 3],3,-1,30,-1,3
1,<environment.Job instance at 0x7fed848b99b0>,4,18,[ 5 12],5,-1,23,-1,5
1,<environment.Job instance at 0x7fed848b9d70>,5,28,[ 2 13],6,-1,34,-1,6
1,<environment.Job instance at 0x7fed848b9960>,6,26,[ 3 14],7,-1,33,-1,7
1,<environment.Job instance at 0x7fed8516c870>,9,15,[ 3 13],10,-1,25,-1,10
1,<environment.Job instance at 0x7fed8564f870>,10,25,[13  4],11,-1,36,-1,11
1,<environment.Job instance at 0x7fed848b28c0>,15,16,[ 1 13],16,-1,43,-1,27
1,<environment.Job instance at 0x7fed848b2b90>,16,26,[ 3 11],17,-1,53,-1,27
1,<environment.Job instance at 0x7fed848b2280>,19,26,[12  4],20,-1,69,-1,43
1,<environment.Job instance at 0x7fed848b2550>,20,16,[11  4],21,-1,59,-1,43
1,<environment.Job instance at 0x7fed848b2640>,23,20,[12  4],24,-1,88,-1,68
1,<environment.Job instance at 0x7fed84de7960>,24,26,[1 6],25,-1,94,-1,68
1,<environment.Job instance at 0x7fed84de75f0>,25,23,[5 5],26,-1,91,-1,68
1,<environment.Job instance at 0x7fed84de7320>,26,27,[12  2],27,-1,95,-1,68
1,<environment.Job instance at 0x7fed84de7870>,27,15,[14  2],28,-1,83,-1,68
1,<environment.Job instance at 0x7fed84de7fa0>,28,15,[13  3],29,-1,83,-1,68
1,<environment.Job instance at 0x7fed84de7780>,29,22,[1 7],30,-1,90,-1,68
1,<environment.Job instance at 0x7fed84de7780>,2,17,[ 1 14],3,-1,20,-1,3
1,<environment.Job instance at 0x7fed846659b0>,3,16,[12  2],4,-1,20,-1,4
1,<environment.Job instance at 0x7fed84665410>,4,19,[ 4 11],5,-1,24,-1,5
1,<environment.Job instance at 0x7fed84665550>,5,24,[9 5],6,-1,30,-1,6
1,<environment.Job instance at 0x7fed84665aa0>,6,16,[13  3],7,-1,23,-1,7
1,<environment.Job instance at 0x7fed84665a00>,7,24,[14  3],8,-1,32,-1,8
1,<environment.Job instance at 0x7fed84665f50>,8,19,[ 1 14],9,-1,28,-1,9
1,<environment.Job instance at 0x7fed84665d70>,9,23,[14  3],10,-1,33,-1,10
1,<environment.Job instance at 0x7fed84665eb0>,10,28,[ 4 11],11,-1,39,-1,11
1,<environment.Job instance at 0x7fed846652d0>,11,27,[5 5],12,-1,39,-1,12
1,<environment.Job instance at 0x7fed84665cd0>,12,24,[5 2],13,-1,37,-1,13
1,<environment.Job instance at 0x7fed84665f00>,13,14,[ 4 12],14,-1,28,-1,14
1,<environment.Job instance at 0x7fed84665460>,14,27,[5 1],15,-1,42,-1,15
1,<environment.Job instance at 0x7fed84665690>,15,27,[ 2 11],16,-1,43,-1,16
1,<environment.Job instance at 0x7fed84665be0>,16,28,[12  4],17,-1,45,-1,17
1,<environment.Job instance at 0x7fed84665b40>,18,14,[14  2],19,-1,33,-1,19
1,<environment.Job instance at 0x7fed84665050>,19,27,[5 1],20,-1,47,-1,20
1,<environment.Job instance at 0x7fed84988a00>,20,23,[12  5],21,-1,44,-1,21
1,<environment.Job instance at 0x7fed84988140>,21,23,[3 9],22,-1,45,-1,22
1,<environment.Job instance at 0x7fed84665b90>,24,21,[6 4],25,-1,70,-1,49
1,<environment.Job instance at 0x7fed84988f50>,30,17,[14  2],31,-1,66,-1,49
1,<environment.Job instance at 0x7fed84988730>,31,26,[10  4],32,-1,75,-1,49
1,<environment.Job instance at 0x7fed849885f0>,32,23,[5 5],33,-1,72,-1,49
1,<environment.Job instance at 0x7fed84988550>,33,13,[ 1 14],34,-1,62,-1,49
1,<environment.Job instance at 0x7fed84988820>,34,12,[ 3 11],35,-1,61,-1,49
1,<environment.Job instance at 0x7fed84988870>,35,14,[4 7],36,-1,63,-1,49
1,<environment.Job instance at 0x7fed84988fa0>,36,16,[9 4],37,-1,70,-1,54
1,<environment.Job instance at 0x7fed8497aa50>,37,19,[ 5 13],38,-1,73,-1,54
1,<environment.Job instance at 0x7fed8497a8c0>,38,14,[ 2 10],39,-1,68,-1,54
1,<environment.Job instance at 0x7fed8497adc0>,39,25,[3 9],40,-1,79,-1,54
1,<environment.Job instance at 0x7fed8497a050>,40,16,[ 3 10],41,-1,70,-1,54
1,<environment.Job instance at 0x7fed8497a730>,41,18,[5 5],42,-1,73,-1,55
1,<environment.Job instance at 0x7fed8497a910>,42,16,[5 5],43,-1,71,-1,55
1,<environment.Job instance at 0x7fed8497a820>,43,17,[ 3 13],44,-1,72,-1,55
1,<environment.Job instance at 0x7fed8497a780>,44,28,[3 9],45,-1,83,-1,55
1,<environment.Job instance at 0x7fed8497a6e0>,45,28,[ 3 10],46,-1,83,-1,55
1,<environment.Job instance at 0x7fed8497ae60>,46,18,[1 5],47,-1,73,-1,55
1,<environment.Job instance at 0x7fed84a2ad70>,5,28,[3 8],6,-1,35,-1,7
1,<environment.Job instance at 0x7fed84a2a500>,10,12,[11  2],11,-1,29,-1,17
1,<environment.Job instance at 0x7fed84a2ab90>,12,16,[ 3 13],13,-1,38,-1,22
1,<environment.Job instance at 0x7fed84a2ab40>,14,22,[ 1 12],15,-1,53,-1,31
1,<environment.Job instance at 0x7fed84a2ad20>,15,24,[12  5],16,-1,55,-1,31
1,<environment.Job instance at 0x7fed84b8b3c0>,19,28,[1 8],20,-1,76,-1,48
1,<environment.Job instance at 0x7fed84b8b0a0>,21,26,[7 2],22,-1,87,-1,61
1,<environment.Job instance at 0x7fed84b8bc80>,22,27,[5 6],23,-1,88,-1,61
1,<environment.Job instance at 0x7fed84b8b0f0>,23,28,[ 2 12],24,-1,89,-1,61
1,<environment.Job instance at 0x7fed84b8b640>,25,16,[12  2],26,-1,77,-1,61
1,<environment.Job instance at 0x7fed84b8bc30>,26,27,[12  3],27,-1,88,-1,61
1,<environment.Job instance at 0x7fed84b8b960>,27,17,[13  2],28,-1,78,-1,61
1,<environment.Job instance at 0x7fed84d410a0>,1,24,[ 3 12],2,-1,26,-1,2
1,<environment.Job instance at 0x7fed84b8baa0>,2,23,[4 7],3,-1,26,-1,3
1,<environment.Job instance at 0x7fed85665690>,5,26,[12  4],6,-1,32,-1,6
1,<environment.Job instance at 0x7fed8564ff50>,10,13,[14  5],11,-1,28,-1,15
1,<environment.Job instance at 0x7fed8564f500>,11,21,[ 5 14],12,-1,36,-1,15
1,<environment.Job instance at 0x7fed8564f4b0>,12,21,[ 4 11],13,-1,36,-1,15
1,<environment.Job instance at 0x7fed8564fd70>,13,25,[2 7],14,-1,40,-1,15
1,<environment.Job instance at 0x7fed8564fb90>,14,23,[14  4],15,-1,38,-1,15
1,<environment.Job instance at 0x7fed8564f6e0>,15,12,[ 3 11],16,-1,28,-1,16
1,<environment.Job instance at 0x7fed84ff2320>,20,24,[12  2],21,-1,70,-1,46
1,<environment.Job instance at 0x7fed84ff25f0>,22,25,[8 3],23,-1,72,-1,47
1,<environment.Job instance at 0x7fed84ff2690>,23,15,[11  1],24,-1,62,-1,47
1,<environment.Job instance at 0x7fed84ff27d0>,25,27,[7 4],26,-1,83,-1,56
1,<environment.Job instance at 0x7fed84ff28c0>,2,27,[ 4 13],3,-1,30,-1,3
1,<environment.Job instance at 0x7fed84a75690>,9,15,[7 1],10,-1,40,-1,25
1,<environment.Job instance at 0x7fed84a75f50>,11,25,[5 5],12,-1,50,-1,25
1,<environment.Job instance at 0x7fed84a75870>,12,26,[2 9],13,-1,51,-1,25
1,<environment.Job instance at 0x7fed84a75410>,13,22,[5 3],14,-1,47,-1,25
1,<environment.Job instance at 0x7fed84a756e0>,14,15,[12  4],15,-1,40,-1,25
1,<environment.Job instance at 0x7fed84a75500>,15,27,[10  3],16,-1,52,-1,25
1,<environment.Job instance at 0x7fed84a75cd0>,16,27,[ 1 11],17,-1,52,-1,25
1,<environment.Job instance at 0x7fed84a75230>,17,18,[ 2 12],18,-1,43,-1,25
1,<environment.Job instance at 0x7fed84a75c80>,18,22,[ 2 11],19,-1,47,-1,25
1,<environment.Job instance at 0x7fed84a75140>,19,23,[14  4],20,-1,48,-1,25
1,<environment.Job instance at 0x7fed85c87690>,20,22,[13  2],21,-1,47,-1,25
1,<environment.Job instance at 0x7fed85c87190>,21,12,[ 1 12],22,-1,37,-1,25
1,<environment.Job instance at 0x7fed85c87e10>,23,26,[5 5],24,-1,69,-1,43
1,<environment.Job instance at 0x7fed85c87af0>,24,16,[11  2],25,-1,59,-1,43
1,<environment.Job instance at 0x7fed85c87280>,25,26,[5 8],26,-1,69,-1,43
1,<environment.Job instance at 0x7fed85c87910>,26,18,[ 5 14],27,-1,61,-1,43
1,<environment.Job instance at 0x7fed859c97d0>,28,27,[ 2 10],29,-1,70,-1,43
1,<environment.Job instance at 0x7fed859c9050>,29,20,[ 1 11],30,-1,63,-1,43
1,<environment.Job instance at 0x7fed859c95f0>,30,27,[11  5],31,-1,70,-1,43
1,<environment.Job instance at 0x7fed8554cb90>,31,14,[ 5 14],32,-1,57,-1,43
1,<environment.Job instance at 0x7fed8554c730>,33,25,[9 2],34,-1,80,-1,55
1,<environment.Job instance at 0x7fed8554ceb0>,35,24,[ 5 13],36,-1,83,-1,59
1,<environment.Job instance at 0x7fed8554c910>,36,15,[ 5 14],37,-1,74,-1,59
1,<environment.Job instance at 0x7fed8554c0f0>,37,22,[ 4 11],38,-1,81,-1,59
1,<environment.Job instance at 0x7fed8554ca50>,38,13,[ 5 13],39,-1,72,-1,59
1,<environment.Job instance at 0x7fed856a47d0>,39,19,[ 3 10],40,-1,78,-1,59
1,<environment.Job instance at 0x7fed856a4cd0>,41,24,[5 1],42,-1,83,-1,59
1,<environment.Job instance at 0x7fed858eb780>,42,13,[ 5 12],43,-1,72,-1,59
1,<environment.Job instance at 0x7fed8516a6e0>,43,15,[14  1],44,-1,74,-1,59
1,<environment.Job instance at 0x7fed852b55a0>,44,23,[1 8],45,-1,82,-1,59
1,<environment.Job instance at 0x7fed8516afa0>,45,28,[ 2 10],46,-1,87,-1,59
1,<environment.Job instance at 0x7fed8516afa0>,3,25,[5 8],4,-1,29,-1,4
1,<environment.Job instance at 0x7fed84e10a50>,5,17,[ 2 14],6,-1,23,-1,6
1,<environment.Job instance at 0x7fed84e10230>,6,18,[11  3],7,-1,26,-1,8
1,<environment.Job instance at 0x7fed84e10f50>,11,24,[11  3],12,-1,39,-1,15
1,<environment.Job instance at 0x7fed84e106e0>,12,15,[ 5 12],13,-1,30,-1,15
1,<environment.Job instance at 0x7fed85692eb0>,13,26,[ 1 12],14,-1,41,-1,15
1,<environment.Job instance at 0x7fed84e10730>,14,23,[ 4 10],15,-1,38,-1,15
1,<environment.Job instance at 0x7fed8541df50>,15,25,[1 8],16,-1,41,-1,16
1,<environment.Job instance at 0x7fed8541d4b0>,16,27,[ 3 12],17,-1,44,-1,17
1,<environment.Job instance at 0x7fed84e10af0>,18,28,[12  4],19,-1,55,-1,27
1,<environment.Job instance at 0x7fed8541d870>,20,28,[11  4],21,-1,64,-1,36
1,<environment.Job instance at 0x7fed8541d410>,21,26,[5 7],22,-1,62,-1,36
1,<environment.Job instance at 0x7fed8541d370>,22,24,[13  1],23,-1,60,-1,36
1,<environment.Job instance at 0x7fed8541d230>,23,12,[14  5],24,-1,48,-1,36
1,<environment.Job instance at 0x7fed8585ae10>,26,17,[ 1 14],27,-1,74,-1,57
1,<environment.Job instance at 0x7fed847585f0>,27,18,[14  3],28,-1,75,-1,57
1,<environment.Job instance at 0x7fed84758c80>,28,25,[11  3],29,-1,82,-1,57
1,<environment.Job instance at 0x7fed857a00a0>,29,17,[14  4],30,-1,74,-1,57
1,<environment.Job instance at 0x7fed84a0d730>,1,22,[ 4 12],2,-1,24,-1,2
1,<environment.Job instance at 0x7fed857a0910>,2,24,[12  4],3,-1,27,-1,3
1,<environment.Job instance at 0x7fed84b10b40>,11,24,[9 2],12,-1,48,-1,24
1,<environment.Job instance at 0x7fed84b10a50>,12,13,[11  4],13,-1,37,-1,24
1,<environment.Job instance at 0x7fed84b10eb0>,13,17,[ 3 12],14,-1,41,-1,24
1,<environment.Job instance at 0x7fed84ec5960>,14,20,[13  4],15,-1,44,-1,24
1,<environment.Job instance at 0x7fed84afecd0>,19,22,[ 3 11],20,-1,80,-1,58
1,<environment.Job instance at 0x7fed84afeeb0>,20,24,[ 1 12],21,-1,82,-1,58
1,<environment.Job instance at 0x7fed84afe6e0>,21,28,[3 6],22,-1,86,-1,58
1,<environment.Job instance at 0x7fed84afe190>,22,14,[ 4 12],23,-1,72,-1,58
1,<environment.Job instance at 0x7fed84afe320>,23,28,[ 2 13],24,-1,86,-1,58
1,<environment.Job instance at 0x7fed84afcaf0>,24,25,[10  5],25,-1,83,-1,58
1,<environment.Job instance at 0x7fed84afcc30>,25,16,[13  3],26,-1,74,-1,58
1,<environment.Job instance at 0x7fed85c38730>,3,17,[11  4],4,-1,21,-1,4
1,<environment.Job instance at 0x7fed85c38e60>,4,28,[13  5],5,-1,33,-1,5
1,<environment.Job instance at 0x7fed85c38c30>,5,27,[6 1],6,-1,33,-1,6
1,<environment.Job instance at 0x7fed85c2b410>,7,17,[ 5 11],8,-1,25,-1,8
1,<environment.Job instance at 0x7fed85c2b5a0>,9,19,[ 5 12],10,-1,29,-1,10
1,<environment.Job instance at 0x7fed85c2b3c0>,11,24,[14  3],12,-1,36,-1,12
1,<environment.Job instance at 0x7fed85c2b500>,12,23,[ 1 14],13,-1,36,-1,13
1,<environment.Job instance at 0x7fed85c2b960>,13,24,[12  2],14,-1,38,-1,14
1,<environment.Job instance at 0x7fed85c2baf0>,14,28,[3 6],15,-1,43,-1,15
1,<environment.Job instance at 0x7fed85c2b7d0>,15,21,[ 2 14],16,-1,37,-1,16
1,<environment.Job instance at 0x7fed85c2bc80>,16,15,[13  5],17,-1,32,-1,17
1,<environment.Job instance at 0x7fed85c2bd70>,19,25,[ 3 10],20,-1,45,-1,20
1,<environment.Job instance at 0x7fed85c2b140>,20,12,[ 1 12],21,-1,33,-1,21
1,<environment.Job instance at 0x7fed85c2b690>,21,21,[ 2 12],22,-1,43,-1,22
1,<environment.Job instance at 0x7fed85c2b370>,22,15,[13  4],23,-1,38,-1,23
1,<environment.Job instance at 0x7fed85c2b4b0>,23,28,[3 8],24,-1,52,-1,24
1,<environment.Job instance at 0x7fed85c2bf50>,24,24,[9 3],25,-1,49,-1,25
1,<environment.Job instance at 0x7fed85c2beb0>,25,28,[9 3],26,-1,54,-1,26
1,<environment.Job instance at 0x7fed85c35b40>,31,24,[13  4],32,-1,74,-1,50
1,<environment.Job instance at 0x7fed85c35050>,32,27,[8 2],33,-1,77,-1,50
1,<environment.Job instance at 0x7fed85c35e10>,33,25,[14  2],34,-1,75,-1,50
1,<environment.Job instance at 0x7fed85c35d70>,34,27,[4 5],35,-1,77,-1,50
1,<environment.Job instance at 0x7fed85c35f00>,35,23,[12  2],36,-1,73,-1,50
1,<environment.Job instance at 0x7fed85b97690>,8,21,[ 1 12],9,-1,51,-1,30
1,<environment.Job instance at 0x7fed85b97e60>,9,12,[ 3 11],10,-1,42,-1,30
1,<environment.Job instance at 0x7fed85b97730>,10,24,[6 1],11,-1,54,-1,30
1,<environment.Job instance at 0x7fed85b97320>,11,28,[12  1],12,-1,58,-1,30
1,<environment.Job instance at 0x7fed85b974b0>,12,25,[14  3],13,-1,55,-1,30
1,<environment.Job instance at 0x7fed85b97870>,13,25,[12  4],14,-1,55,-1,30
1,<environment.Job instance at 0x7fed85b97d20>,14,19,[14  1],15,-1,49,-1,30
1,<environment.Job instance at 0x7fed85b97410>,15,21,[11  5],16,-1,51,-1,30
1,<environment.Job instance at 0x7fed85b97d70>,16,13,[11  4],17,-1,43,-1,30
1,<environment.Job instance at 0x7fed85b97550>,17,25,[8 5],18,-1,55,-1,30
1,<environment.Job instance at 0x7fed84bda1e0>,20,12,[ 3 14],21,-1,52,-1,40
1,<environment.Job instance at 0x7fed84bdacd0>,21,15,[ 4 13],22,-1,55,-1,40
1,<environment.Job instance at 0x7fed84bda0f0>,23,13,[11  4],24,-1,57,-1,44
1,<environment.Job instance at 0x7fed85487870>,3,18,[ 4 11],4,-1,22,-1,4
1,<environment.Job instance at 0x7fed85487690>,4,28,[7 4],5,-1,33,-1,5
1,<environment.Job instance at 0x7fed85487e60>,6,24,[11  2],7,-1,31,-1,7
1,<environment.Job instance at 0x7fed85873b40>,7,20,[8 1],8,-1,32,-1,12
1,<environment.Job instance at 0x7fed85873870>,10,24,[8 2],11,-1,36,-1,12
1,<environment.Job instance at 0x7fed85873410>,13,26,[13  5],14,-1,40,-1,14
1,<environment.Job instance at 0x7fed8e427b40>,14,17,[ 4 14],15,-1,32,-1,15
1,<environment.Job instance at 0x7fed8e427fa0>,15,15,[11  2],16,-1,31,-1,16
1,<environment.Job instance at 0x7fed8e427c80>,16,16,[ 4 14],17,-1,33,-1,17
1,<environment.Job instance at 0x7fed8e427910>,17,25,[ 4 11],18,-1,43,-1,18
1,<environment.Job instance at 0x7fed8e4276e0>,18,20,[ 1 14],19,-1,39,-1,19
1,<environment.Job instance at 0x7fed8e427d20>,19,20,[ 2 11],20,-1,40,-1,20
1,<environment.Job instance at 0x7fed8e4275f0>,20,15,[ 1 13],21,-1,36,-1,21
1,<environment.Job instance at 0x7fed8e427500>,21,16,[ 3 12],22,-1,38,-1,22
1,<environment.Job instance at 0x7fed8496f3c0>,23,23,[5 6],24,-1,47,-1,24
1,<environment.Job instance at 0x7fed85d68960>,24,24,[5 6],25,-1,49,-1,25
1,<environment.Job instance at 0x7fed8e3c7550>,26,24,[ 5 14],27,-1,51,-1,27
1,<environment.Job instance at 0x7fed845b9960>,28,26,[ 5 13],29,-1,58,-1,32
1,<environment.Job instance at 0x7fed85aebd20>,29,13,[12  2],30,-1,45,-1,32
1,<environment.Job instance at 0x7fed85aeb190>,30,24,[ 5 13],31,-1,56,-1,32
1,<environment.Job instance at 0x7fed8e41e140>,31,23,[ 5 12],32,-1,55,-1,32
1,<environment.Job instance at 0x7fed8e41eeb0>,32,15,[14  2],33,-1,48,-1,33
1,<environment.Job instance at 0x7fed8487f8c0>,33,25,[ 2 12],34,-1,59,-1,34
1,<environment.Job instance at 0x7fed8563eb90>,34,22,[1 8],35,-1,63,-1,41
1,<environment.Job instance at 0x7fed8487f690>,35,24,[14  2],36,-1,65,-1,41
1,<environment.Job instance at 0x7fed85128640>,36,15,[ 5 12],37,-1,56,-1,41
1,<environment.Job instance at 0x7fed848f4c30>,37,16,[9 1],38,-1,59,-1,43
1,<environment.Job instance at 0x7fed84f9a780>,38,27,[2 9],39,-1,70,-1,43
1,<environment.Job instance at 0x7fed84f9a050>,39,19,[ 4 13],40,-1,62,-1,43
1,<environment.Job instance at 0x7fed85645230>,40,21,[ 5 13],41,-1,64,-1,43
1,<environment.Job instance at 0x7fed85888910>,41,13,[10  3],42,-1,56,-1,43
1,<environment.Job instance at 0x7fed85645140>,42,24,[7 1],43,-1,67,-1,43
1,<environment.Job instance at 0x7fed84dab460>,43,23,[6 3],44,-1,67,-1,44
1,<environment.Job instance at 0x7fed84dab3c0>,45,20,[5 1],46,-1,66,-1,46
1,<environment.Job instance at 0x7fed84e0cdc0>,46,16,[14  5],47,-1,63,-1,47
1,<environment.Job instance at 0x7fed85af0d20>,47,18,[ 4 11],48,-1,66,-1,48
1,<environment.Job instance at 0x7fed85af0960>,48,25,[2 5],49,-1,74,-1,49
1,<environment.Job instance at 0x7fed85626b90>,49,13,[12  3],50,-1,63,-1,50
1,<environment.Job instance at 0x7fed85626500>,50,25,[10  2],51,-1,76,-1,51
1,<environment.Job instance at 0x7fed84a8a4b0>,51,28,[ 5 14],52,-1,80,-1,52
1,<environment.Job instance at 0x7fed84a8a190>,53,17,[12  5],54,-1,71,-1,54
1,<environment.Job instance at 0x7fed85ba6690>,55,27,[13  3],56,-1,83,-1,56
1,<environment.Job instance at 0x7fed84a8a870>,56,15,[ 4 10],57,-1,78,-1,63
1,<environment.Job instance at 0x7fed85ba6280>,57,12,[ 1 10],58,-1,75,-1,63
1,<environment.Job instance at 0x7fed84960b90>,58,22,[7 1],59,-1,85,-1,63
1,<environment.Job instance at 0x7fed853fb690>,59,21,[11  1],60,-1,84,-1,63
1,<environment.Job instance at 0x7f555415c1e0>,3,15,[13  4],4,-1,19,-1,4
1,<environment.Job instance at 0x7f554a9e4410>,2,26,[10  1],3,-1,30,-1,4
1,<environment.Job instance at 0x7f554a9e45f0>,4,24,[ 3 11],5,-1,29,-1,5
1,<environment.Job instance at 0x7f554a9e46e0>,6,19,[ 1 13],7,-1,26,-1,7
1,<environment.Job instance at 0x7f554a9e47d0>,8,24,[ 2 12],9,-1,33,-1,9
1,<environment.Job instance at 0x7f554a9e4910>,10,14,[ 1 14],11,-1,25,-1,11
1,<environment.Job instance at 0x7f554a9e4960>,14,14,[14  3],15,-1,29,-1,15
1,<environment.Job instance at 0x7f554a9e4dc0>,15,24,[ 2 13],16,-1,40,-1,16
1,<environment.Job instance at 0x7f554a9e4e10>,16,19,[ 3 12],17,-1,36,-1,17
1,<environment.Job instance at 0x7f554a9e4eb0>,17,18,[ 5 13],18,-1,36,-1,18
1,<environment.Job instance at 0x7f554a9e8140>,21,22,[14  2],22,-1,78,-1,56
1,<environment.Job instance at 0x7f554a9e82d0>,22,25,[ 4 12],23,-1,81,-1,56
1,<environment.Job instance at 0x7f554a9e8410>,24,20,[ 3 12],25,-1,76,-1,56
1,<environment.Job instance at 0x7f554a9e84b0>,25,16,[11  3],26,-1,72,-1,56
1,<environment.Job instance at 0x7f554b0750f0>,2,24,[10  3],3,-1,27,-1,3
1,<environment.Job instance at 0x7f554b0755f0>,3,17,[ 4 14],4,-1,21,-1,4
1,<environment.Job instance at 0x7f554b075a50>,4,21,[ 1 12],5,-1,26,-1,5
1,<environment.Job instance at 0x7f554b075550>,5,18,[ 5 12],6,-1,24,-1,6
1,<environment.Job instance at 0x7f554b075aa0>,6,12,[ 3 14],7,-1,19,-1,7
1,<environment.Job instance at 0x7f554b075f00>,8,25,[11  5],9,-1,34,-1,9
1,<environment.Job instance at 0x7f554b075f50>,9,18,[ 4 11],10,-1,28,-1,10
1,<environment.Job instance at 0x7f554a9e8190>,11,14,[12  2],12,-1,26,-1,12
1,<environment.Job instance at 0x7f554b075230>,12,25,[ 2 14],13,-1,38,-1,13
1,<environment.Job instance at 0x7f554b0bdbe0>,13,25,[7 2],14,-1,39,-1,14
1,<environment.Job instance at 0x7f554b0bdaf0>,14,16,[ 5 14],15,-1,31,-1,15
1,<environment.Job instance at 0x7f554b0bd500>,15,24,[ 2 11],16,-1,40,-1,16
1,<environment.Job instance at 0x7f554b0bdc30>,16,12,[ 4 14],17,-1,29,-1,17
1,<environment.Job instance at 0x7f554b0bdf50>,17,27,[5 8],18,-1,45,-1,18
1,<environment.Job instance at 0x7f554b0bde10>,20,22,[ 2 14],21,-1,43,-1,21
1,<environment.Job instance at 0x7f554b0bdf00>,21,18,[13  3],22,-1,40,-1,22
1,<environment.Job instance at 0x7f554b0bd6e0>,26,27,[ 3 13],27,-1,69,-1,42
1,<environment.Job instance at 0x7f554b0bda50>,29,22,[ 1 14],30,-1,81,-1,59
1,<environment.Job instance at 0x7f554b0bd8c0>,31,25,[7 4],32,-1,84,-1,59
1,<environment.Job instance at 0x7f554b0bd9b0>,32,20,[ 5 13],33,-1,79,-1,59
1,<environment.Job instance at 0x7f554b0bdeb0>,33,21,[ 1 13],34,-1,80,-1,59
1,<environment.Job instance at 0x7f554b0bbeb0>,35,18,[ 3 13],36,-1,97,-1,79
1,<environment.Job instance at 0x7f554b0bbf00>,36,26,[ 4 14],37,-1,105,-1,79
1,<environment.Job instance at 0x7f554b0bb640>,38,12,[12  1],39,-1,91,-1,79
1,<environment.Job instance at 0x7f554a086c30>,1,12,[12  4],2,-1,14,-1,2
1,<environment.Job instance at 0x7f554b0bbc30>,2,21,[12  4],3,-1,24,-1,3
1,<environment.Job instance at 0x7f554a0864b0>,3,14,[12  3],4,-1,18,-1,4
1,<environment.Job instance at 0x7f554a086190>,4,28,[ 3 13],5,-1,33,-1,5
1,<environment.Job instance at 0x7f554a086640>,5,22,[ 3 12],6,-1,28,-1,6
1,<environment.Job instance at 0x7f554a086aa0>,6,23,[11  2],7,-1,30,-1,7
1,<environment.Job instance at 0x7f554a0c6410>,9,15,[12  2],10,-1,25,-1,10
1,<environment.Job instance at 0x7f554a0c6960>,16,19,[ 5 14],17,-1,51,-1,32
1,<environment.Job instance at 0x7f554a0c6870>,19,25,[ 3 11],20,-1,75,-1,50
1,<environment.Job instance at 0x7f554a0c6aa0>,20,27,[13  4],21,-1,77,-1,50
1,<environment.Job instance at 0x7f554a0c64b0>,23,23,[ 2 14],24,-1,99,-1,76
1,<environment.Job instance at 0x7f554a0e30f0>,1,22,[ 5 14],2,-1,24,-1,2
1,<environment.Job instance at 0x7f554a0c6690>,2,24,[14  3],3,-1,27,-1,3
1,<environment.Job instance at 0x7f554a540eb0>,4,28,[6 3],5,-1,33,-1,5
1,<environment.Job instance at 0x7f554a0c64b0>,6,24,[ 5 14],7,-1,31,-1,7
1,<environment.Job instance at 0x7f554a5409b0>,7,28,[11  1],8,-1,36,-1,8
1,<environment.Job instance at 0x7f554a540d70>,8,15,[ 5 11],9,-1,24,-1,9
1,<environment.Job instance at 0x7f554a4c15f0>,11,16,[ 2 13],12,-1,28,-1,12
1,<environment.Job instance at 0x7f554a4c1320>,15,13,[11  1],16,-1,38,-1,25
1,<environment.Job instance at 0x7f554a48deb0>,16,12,[ 3 12],17,-1,37,-1,25
1,<environment.Job instance at 0x7f554a48dd70>,17,25,[8 3],18,-1,50,-1,25
1,<environment.Job instance at 0x7f554a48d140>,19,15,[ 5 13],20,-1,41,-1,26
1,<environment.Job instance at 0x7f554a48dfa0>,21,24,[5 1],22,-1,50,-1,26
1,<environment.Job instance at 0x7f554a48d9b0>,22,23,[ 1 13],23,-1,49,-1,26
1,<environment.Job instance at 0x7f554aab1a50>,23,12,[12  2],24,-1,38,-1,26
1,<environment.Job instance at 0x7f554aab19b0>,26,19,[ 3 14],27,-1,65,-1,46
1,<environment.Job instance at 0x7f554aab1370>,27,26,[ 1 14],28,-1,72,-1,46
1,<environment.Job instance at 0x7f554aab1be0>,25,22,[3 8],26,-1,88,-1,66
1,<environment.Job instance at 0x7f554aab1190>,31,22,[6 1],32,-1,88,-1,66
1,<environment.Job instance at 0x7f554aab1c30>,34,23,[8 5],35,-1,100,-1,77
1,<environment.Job instance at 0x7f5553bf30a0>,2,22,[ 3 14],3,-1,25,-1,3
1,<environment.Job instance at 0x7f554b44e910>,3,28,[14  4],4,-1,32,-1,4
1,<environment.Job instance at 0x7f554b4477d0>,5,25,[ 3 13],6,-1,31,-1,6
1,<environment.Job instance at 0x7f554b44e190>,7,24,[ 2 13],8,-1,32,-1,8
1,<environment.Job instance at 0x7f554b447a00>,8,21,[ 2 14],9,-1,30,-1,9
1,<environment.Job instance at 0x7f554b447eb0>,9,16,[ 5 13],10,-1,26,-1,10
1,<environment.Job instance at 0x7f554b447280>,10,28,[1 7],11,-1,40,-1,12
1,<environment.Job instance at 0x7f554a9e4eb0>,16,18,[13  2],17,-1,35,-1,17
1,<environment.Job instance at 0x7f554b37a4b0>,17,19,[ 5 13],18,-1,37,-1,18
1,<environment.Job instance at 0x7f554b37a7d0>,18,28,[3 5],19,-1,47,-1,19
1,<environment.Job instance at 0x7f554b37a780>,21,26,[5 3],22,-1,60,-1,34
1,<environment.Job instance at 0x7f554b37a2d0>,22,18,[11  4],23,-1,58,-1,40
1,<environment.Job instance at 0x7f554b37a5f0>,23,15,[ 3 11],24,-1,55,-1,40
1,<environment.Job instance at 0x7f554b37ad70>,25,27,[2 8],26,-1,67,-1,40
1,<environment.Job instance at 0x7f554b37a500>,26,12,[ 3 11],27,-1,52,-1,40
1,<environment.Job instance at 0x7f554b37a910>,28,20,[12  2],29,-1,60,-1,40
1,<environment.Job instance at 0x7f554b37a5a0>,29,24,[ 5 11],30,-1,64,-1,40
1,<environment.Job instance at 0x7f554b37a9b0>,31,27,[ 4 12],32,-1,78,-1,51
1,<environment.Job instance at 0x7f554b37abe0>,32,23,[5 7],33,-1,76,-1,53
1,<environment.Job instance at 0x7f554b37a320>,33,13,[11  3],34,-1,66,-1,53
1,<environment.Job instance at 0x7f5553b09cd0>,34,25,[13  3],35,-1,78,-1,53
1,<environment.Job instance at 0x7f554b37ae10>,35,17,[ 2 14],36,-1,70,-1,53
1,<environment.Job instance at 0x7f5553b09af0>,37,20,[12  3],38,-1,73,-1,53
1,<environment.Job instance at 0x7f5553b09be0>,38,16,[ 5 14],39,-1,69,-1,53
1,<environment.Job instance at 0x7f5553b09f00>,39,13,[12  5],40,-1,66,-1,53
1,<environment.Job instance at 0x7f5553b09280>,41,27,[12  2],42,-1,95,-1,68
1,<environment.Job instance at 0x7f5553b098c0>,42,26,[13  4],43,-1,94,-1,68
1,<environment.Job instance at 0x7f554b3b17d0>,45,24,[ 4 10],46,-1,102,-1,78
1,<environment.Job instance at 0x7f554b61a9b0>,2,26,[12  3],3,-1,29,-1,3
1,<environment.Job instance at 0x7f554b61a690>,4,17,[ 4 13],5,-1,22,-1,5
1,<environment.Job instance at 0x7f554b61a910>,6,28,[1 9],7,-1,35,-1,7
1,<environment.Job instance at 0x7f554b61a280>,7,26,[7 3],8,-1,34,-1,8
1,<environment.Job instance at 0x7f554b61a1e0>,9,26,[3 5],10,-1,37,-1,11
1,<environment.Job instance at 0x7f554b61a4b0>,11,13,[ 2 13],12,-1,25,-1,12
1,<environment.Job instance at 0x7f554b61a6e0>,12,18,[12  5],13,-1,31,-1,13
1,<environment.Job instance at 0x7f554b61a550>,13,26,[13  3],14,-1,40,-1,14
1,<environment.Job instance at 0x7f554ab616e0>,14,13,[14  1],15,-1,28,-1,15
1,<environment.Job instance at 0x7f554ab61500>,15,16,[ 3 11],16,-1,32,-1,16
1,<environment.Job instance at 0x7f554ab613c0>,16,22,[14  2],17,-1,39,-1,17
1,<environment.Job instance at 0x7f554ab61be0>,17,14,[12  4],18,-1,32,-1,18
1,<environment.Job instance at 0x7f554ab61820>,18,14,[11  1],19,-1,33,-1,19
1,<environment.Job instance at 0x7f554ab61a00>,21,21,[13  4],22,-1,43,-1,22
1,<environment.Job instance at 0x7f554ab61410>,26,13,[ 1 11],27,-1,74,-1,61
1,<environment.Job instance at 0x7f554a868eb0>,3,24,[ 4 11],4,-1,28,-1,4
1,<environment.Job instance at 0x7f5549f4a6e0>,4,14,[13  1],5,-1,19,-1,5
1,<environment.Job instance at 0x7f5549f4a780>,5,14,[11  1],6,-1,20,-1,6
1,<environment.Job instance at 0x7f5549f4a820>,6,12,[12  5],7,-1,19,-1,7
1,<environment.Job instance at 0x7f5549f4ab40>,11,28,[ 4 14],12,-1,43,-1,15
1,<environment.Job instance at 0x7f5549f4ac80>,13,27,[11  1],14,-1,49,-1,22
1,<environment.Job instance at 0x7f5549f4a870>,16,28,[4 9],17,-1,54,-1,26
1,<environment.Job instance at 0x7f5549f4af50>,17,28,[7 5],18,-1,54,-1,26
1,<environment.Job instance at 0x7f5549f4ae10>,18,18,[14  2],19,-1,44,-1,26
1,<environment.Job instance at 0x7f5549f4aaa0>,19,18,[12  2],20,-1,44,-1,26
1,<environment.Job instance at 0x7f554b0d5c80>,1,14,[ 4 13],2,-1,16,-1,2
1,<environment.Job instance at 0x7f554a301050>,2,12,[14  3],3,-1,15,-1,3
1,<environment.Job instance at 0x7f554a041eb0>,3,18,[ 5 11],4,-1,22,-1,4
1,<environment.Job instance at 0x7f554a852730>,4,21,[ 1 12],5,-1,26,-1,5
1,<environment.Job instance at 0x7f554a8522d0>,5,25,[4 9],6,-1,31,-1,6
1,<environment.Job instance at 0x7f554a852c30>,6,18,[ 1 12],7,-1,25,-1,7
1,<environment.Job instance at 0x7f554a852af0>,9,28,[ 3 10],10,-1,38,-1,10
1,<environment.Job instance at 0x7f5549f4b190>,11,28,[11  4],12,-1,40,-1,12
1,<environment.Job instance at 0x7f554a852d70>,14,18,[12  3],15,-1,33,-1,15
1,<environment.Job instance at 0x7f554a8523c0>,15,28,[5 5],16,-1,44,-1,16
1,<environment.Job instance at 0x7f554a852780>,16,19,[ 1 12],17,-1,36,-1,17
1,<environment.Job instance at 0x7f554a852640>,17,24,[10  2],18,-1,42,-1,18
1,<environment.Job instance at 0x7f554a852e10>,18,24,[8 1],19,-1,43,-1,19
1,<environment.Job instance at 0x7f554a852d20>,19,27,[ 5 10],20,-1,47,-1,20
1,<environment.Job instance at 0x7f554a1f3320>,21,28,[ 1 12],22,-1,50,-1,22
1,<environment.Job instance at 0x7f554a1f35f0>,22,15,[13  1],23,-1,38,-1,23
1,<environment.Job instance at 0x7f554a1f3b40>,23,20,[ 5 12],24,-1,44,-1,24
1,<environment.Job instance at 0x7f554b32b3c0>,29,21,[14  3],30,-1,81,-1,60
1,<environment.Job instance at 0x7f554aaf0f50>,4,15,[ 5 12],5,-1,20,-1,5
1,<environment.Job instance at 0x7f5549c16730>,5,28,[ 2 11],6,-1,34,-1,6
1,<environment.Job instance at 0x7f5549c16690>,6,28,[13  3],7,-1,35,-1,7
1,<environment.Job instance at 0x7f5549c16320>,7,21,[1 9],8,-1,31,-1,10
1,<environment.Job instance at 0x7f554a9e80f0>,11,15,[10  1],12,-1,27,-1,12
1,<environment.Job instance at 0x7f554ad7e4b0>,13,23,[6 5],14,-1,40,-1,17
1,<environment.Job instance at 0x7f554a9e8a50>,14,17,[ 2 13],15,-1,34,-1,17
1,<environment.Job instance at 0x7f554a9e8b40>,15,20,[ 1 11],16,-1,37,-1,17
1,<environment.Job instance at 0x7f554a9e8320>,16,27,[4 6],17,-1,44,-1,17
1,<environment.Job instance at 0x7f554a6a4320>,17,26,[8 5],18,-1,44,-1,18
1,<environment.Job instance at 0x7f554a6a4c80>,18,12,[ 3 14],19,-1,31,-1,19
1,<environment.Job instance at 0x7f554a9e8e60>,21,24,[14  4],22,-1,48,-1,24
1,<environment.Job instance at 0x7f554a6a4460>,22,26,[12  3],23,-1,50,-1,24
1,<environment.Job instance at 0x7f554a6a4960>,23,16,[ 5 14],24,-1,40,-1,24
1,<environment.Job instance at 0x7f554a1a3e60>,24,23,[8 4],25,-1,48,-1,25
1,<environment.Job instance at 0x7f554a6a4730>,25,12,[ 4 13],26,-1,38,-1,26
1,<environment.Job instance at 0x7f554a8c9eb0>,26,25,[13  1],27,-1,52,-1,27
1,<environment.Job instance at 0x7f554a1a3190>,28,13,[1 8],29,-1,43,-1,30
1,<environment.Job instance at 0x7f554a8c9e10>,29,22,[14  4],30,-1,52,-1,30
1,<environment.Job instance at 0x7f554a8c91e0>,30,14,[ 1 13],31,-1,45,-1,31
1,<environment.Job instance at 0x7f554a493d20>,31,28,[ 2 10],32,-1,60,-1,32
1,<environment.Job instance at 0x7f554a493910>,32,22,[7 5],33,-1,56,-1,34
1,<environment.Job instance at 0x7f554a8c9c80>,33,16,[11  3],34,-1,50,-1,34
1,<environment.Job instance at 0x7f554a493c30>,34,18,[ 5 12],35,-1,53,-1,35
1,<environment.Job instance at 0x7f554a493cd0>,35,24,[ 2 12],36,-1,60,-1,36
1,<environment.Job instance at 0x7f554a493eb0>,36,24,[ 1 13],37,-1,61,-1,37
1,<environment.Job instance at 0x7f554a4935a0>,38,23,[4 5],39,-1,66,-1,43
1,<environment.Job instance at 0x7f554a493f50>,39,25,[1 9],40,-1,68,-1,43
1,<environment.Job instance at 0x7f554a493460>,41,13,[ 4 10],42,-1,71,-1,58
1,<environment.Job instance at 0x7f554a493f00>,42,17,[3 9],43,-1,75,-1,58
1,<environment.Job instance at 0x7f554a1639b0>,43,24,[14  5],44,-1,82,-1,58
1,<environment.Job instance at 0x7f554a163780>,44,18,[14  1],45,-1,76,-1,58
1,<environment.Job instance at 0x7f554a163370>,45,14,[13  5],46,-1,72,-1,58
1,<environment.Job instance at 0x7f554a1635f0>,46,21,[ 1 14],47,-1,79,-1,58
1,<environment.Job instance at 0x7f554a52c550>,47,12,[5 1],48,-1,70,-1,58
1,<environment.Job instance at 0x7f554a52c9b0>,48,22,[12  2],49,-1,80,-1,58
1,<environment.Job instance at 0x7f554a52c690>,49,26,[ 2 10],50,-1,84,-1,58
1,<environment.Job instance at 0x7f554a52ca00>,50,14,[12  5],51,-1,72,-1,58
1,<environment.Job instance at 0x7f554a52c910>,51,14,[14  2],52,-1,72,-1,58
1,<environment.Job instance at 0x7f554a52cc30>,52,24,[4 5],53,-1,82,-1,58
1,<environment.Job instance at 0x7f554a52caf0>,53,24,[9 5],54,-1,82,-1,58
1,<environment.Job instance at 0x7f554ad87370>,54,18,[11  3],55,-1,76,-1,58
1,<environment.Job instance at 0x7f554a151e60>,55,23,[13  5],56,-1,81,-1,58
1,<environment.Job instance at 0x7f554ac33820>,56,22,[ 4 10],57,-1,80,-1,58
1,<environment.Job instance at 0x7f5553c00dc0>,57,20,[ 2 10],58,-1,78,-1,58
1,<environment.Job instance at 0x7f554a4879b0>,58,28,[12  3],59,-1,87,-1,59
1,<environment.Job instance at 0x7f554a6d1370>,59,25,[3 6],60,-1,85,-1,60
1,<environment.Job instance at 0x7f554a6d1280>,60,23,[8 4],61,-1,84,-1,61
1,<environment.Job instance at 0x7f554ae55e10>,61,13,[12  4],62,-1,75,-1,62
1,<environment.Job instance at 0x7f554a56b9b0>,62,27,[9 3],63,-1,90,-1,63
1,<environment.Job instance at 0x7f554a72a370>,64,18,[ 5 12],65,-1,94,-1,76
1,<environment.Job instance at 0x7f554b042e10>,65,28,[ 2 13],66,-1,104,-1,76
1,<environment.Job instance at 0x7f554a947780>,66,26,[ 3 14],67,-1,102,-1,76
1,<environment.Job instance at 0x7f554a9470f0>,67,15,[11  5],68,-1,91,-1,76
1,<environment.Job instance at 0x7f554a947d20>,68,12,[1 7],69,-1,88,-1,76
1,<environment.Job instance at 0x7f554a947be0>,69,15,[ 3 13],70,-1,91,-1,76
1,<environment.Job instance at 0x7f554a947eb0>,70,25,[13  4],71,-1,101,-1,76
1,<environment.Job instance at 0x7f554a9470a0>,71,17,[13  1],72,-1,93,-1,76
1,<environment.Job instance at 0x7f554a882190>,73,25,[12  1],74,-1,101,-1,76
1,<environment.Job instance at 0x7f554b065f00>,74,28,[14  4],75,-1,104,-1,76
1,<environment.Job instance at 0x7f554b065af0>,75,16,[ 1 13],76,-1,92,-1,76
1,<environment.Job instance at 0x7f554ab8b3c0>,76,26,[ 3 11],77,-1,103,-1,77
1,<environment.Job instance at 0x7f554b4c07d0>,3,20,[12  4],4,-1,24,-1,4
1,<environment.Job instance at 0x7f554ab85050>,4,26,[1 6],5,-1,31,-1,5
1,<environment.Job instance at 0x7f554ab85820>,5,23,[5 5],6,-1,29,-1,6
1,<environment.Job instance at 0x7f554ac68f00>,6,27,[12  2],7,-1,34,-1,7
1,<environment.Job instance at 0x7f554ac68be0>,7,15,[14  2],8,-1,23,-1,8
1,<environment.Job instance at 0x7f554ac68460>,13,23,[14  5],14,-1,41,-1,18
1,<environment.Job instance at 0x7f554ac68690>,14,27,[12  3],15,-1,45,-1,18
1,<environment.Job instance at 0x7f554ab72370>,15,22,[11  3],16,-1,40,-1,18
1,<environment.Job instance at 0x7f554b447910>,16,28,[ 1 13],17,-1,46,-1,18
1,<environment.Job instance at 0x7f554a6c5d70>,17,25,[12  4],18,-1,43,-1,18
1,<environment.Job instance at 0x7f554a6c52d0>,18,17,[ 2 13],19,-1,36,-1,19
1,<environment.Job instance at 0x7f5553b08460>,19,15,[ 2 14],20,-1,35,-1,20
1,<environment.Job instance at 0x7f5553b08820>,21,16,[ 2 13],22,-1,38,-1,22
1,<environment.Job instance at 0x7f5553b08870>,23,15,[12  3],24,-1,40,-1,25
1,<environment.Job instance at 0x7f554b4d2780>,24,19,[ 2 13],25,-1,44,-1,25
1,<environment.Job instance at 0x7f554a868dc0>,27,18,[ 1 13],28,-1,58,-1,40
1,<environment.Job instance at 0x7f554a868550>,28,12,[ 5 14],29,-1,52,-1,40
1,<environment.Job instance at 0x7f554b075960>,1,26,[10  4],2,-1,28,-1,2
1,<environment.Job instance at 0x7f554a8f6dc0>,2,23,[5 5],3,-1,26,-1,3
1,<environment.Job instance at 0x7f554a7c4f50>,3,13,[ 1 14],4,-1,17,-1,4
1,<environment.Job instance at 0x7f554ab195a0>,4,12,[ 3 11],5,-1,17,-1,5
1,<environment.Job instance at 0x7f554b16dbe0>,7,19,[ 5 13],8,-1,27,-1,8
1,<environment.Job instance at 0x7f554b16d870>,9,25,[3 9],10,-1,35,-1,10
1,<environment.Job instance at 0x7f554ae02870>,14,28,[3 9],15,-1,43,-1,15
1,<environment.Job instance at 0x7f554ae02e60>,15,28,[ 3 10],16,-1,44,-1,16
1,<environment.Job instance at 0x7f554b18d0a0>,19,20,[12  4],20,-1,51,-1,31
1,<environment.Job instance at 0x7f554b18d730>,20,28,[8 2],21,-1,59,-1,31
1,<environment.Job instance at 0x7f554b601230>,21,16,[12  4],22,-1,47,-1,31
1,<environment.Job instance at 0x7f554b6012d0>,22,16,[ 2 13],23,-1,47,-1,31
1,<environment.Job instance at 0x7f554b601c30>,23,23,[5 8],24,-1,54,-1,31
1,<environment.Job instance at 0x7f554b601a50>,25,24,[9 3],26,-1,60,-1,36
1,<environment.Job instance at 0x7f554a7e6690>,27,23,[5 4],28,-1,70,-1,47
1,<environment.Job instance at 0x7f554a7e6960>,28,23,[11  4],29,-1,70,-1,47
1,<environment.Job instance at 0x7f554a7e6320>,29,21,[8 2],30,-1,77,-1,56
1,<environment.Job instance at 0x7f554a7e60f0>,30,21,[ 5 13],31,-1,77,-1,56
1,<environment.Job instance at 0x7f554a7e6370>,31,22,[11  1],32,-1,78,-1,56
1,<environment.Job instance at 0x7f554a7e6eb0>,32,17,[11  2],33,-1,73,-1,56
1,<environment.Job instance at 0x7f554a933f50>,35,28,[10  3],36,-1,95,-1,67
1,<environment.Job instance at 0x7f554a9330a0>,36,28,[13  4],37,-1,95,-1,67
1,<environment.Job instance at 0x7f554a81d320>,38,25,[5 7],39,-1,92,-1,67
1,<environment.Job instance at 0x7f554a81d730>,39,23,[13  3],40,-1,90,-1,67
1,<environment.Job instance at 0x7f554a81d910>,40,18,[ 4 13],41,-1,85,-1,67
1,<environment.Job instance at 0x7f554a81de60>,41,18,[13  1],42,-1,85,-1,67
1,<environment.Job instance at 0x7f554a81df00>,42,14,[9 1],43,-1,81,-1,67
1,<environment.Job instance at 0x7f554a81dcd0>,43,12,[7 1],44,-1,79,-1,67
1,<environment.Job instance at 0x7f554b08c320>,3,26,[ 4 14],4,-1,30,-1,4
1,<environment.Job instance at 0x7f554b08c780>,4,25,[2 7],5,-1,31,-1,6
1,<environment.Job instance at 0x7f554b08c910>,2,22,[ 2 10],3,-1,29,-1,7
1,<environment.Job instance at 0x7f5549c7fbe0>,11,16,[14  4],12,-1,28,-1,12
1,<environment.Job instance at 0x7f5549c7fb90>,13,18,[14  3],14,-1,43,-1,25
1,<environment.Job instance at 0x7f5549c7f3c0>,15,22,[ 5 12],16,-1,64,-1,42
1,<environment.Job instance at 0x7f5549c7feb0>,17,18,[ 1 12],18,-1,60,-1,42
1,<environment.Job instance at 0x7f5549c7ff50>,18,16,[14  2],19,-1,58,-1,42
1,<environment.Job instance at 0x7f5549c7f140>,19,26,[6 2],20,-1,68,-1,42
1,<environment.Job instance at 0x7f5549c7fdc0>,20,25,[ 4 14],21,-1,67,-1,42
1,<environment.Job instance at 0x7f5549c7fcd0>,22,20,[14  3],23,-1,62,-1,42
1,<environment.Job instance at 0x7f5549c7fc80>,23,25,[14  5],24,-1,67,-1,42
1,<environment.Job instance at 0x7f5549c7f0a0>,24,26,[10  2],25,-1,68,-1,42
1,<environment.Job instance at 0x7f5549c7f8c0>,25,14,[14  1],26,-1,56,-1,42
1,<environment.Job instance at 0x7f5549c7f1e0>,27,26,[12  5],28,-1,75,-1,49
1,<environment.Job instance at 0x7f5549c7f780>,28,28,[8 3],29,-1,77,-1,49
1,<environment.Job instance at 0x7f554a087e10>,29,16,[14  1],30,-1,65,-1,49
1,<environment.Job instance at 0x7f554a0879b0>,31,24,[ 3 12],32,-1,89,-1,65
1,<environment.Job instance at 0x7f554a087370>,32,23,[4 7],33,-1,88,-1,65
1,<environment.Job instance at 0x7f554a6dc230>,3,27,[ 2 10],4,-1,31,-1,4
1,<environment.Job instance at 0x7f554a6dc320>,4,16,[ 1 12],5,-1,21,-1,5
1,<environment.Job instance at 0x7f5549c7fe10>,6,20,[ 1 13],7,-1,27,-1,7
1,<environment.Job instance at 0x7f554a6dcaa0>,7,17,[ 1 10],8,-1,27,-1,10
1,<environment.Job instance at 0x7f554a6dceb0>,2,20,[ 4 14],3,-1,23,-1,3
1,<environment.Job instance at 0x7f554b0e7230>,3,18,[14  4],4,-1,22,-1,4
1,<environment.Job instance at 0x7f554b0e7690>,4,18,[ 3 11],5,-1,23,-1,5
1,<environment.Job instance at 0x7f554b0e7730>,6,26,[ 2 11],7,-1,33,-1,7
1,<environment.Job instance at 0x7f554b0e70f0>,10,13,[12  4],11,-1,24,-1,11
1,<environment.Job instance at 0x7f554b0e7d20>,11,17,[ 5 13],12,-1,29,-1,12
1,<environment.Job instance at 0x7f554a57d140>,12,16,[ 5 14],13,-1,29,-1,13
1,<environment.Job instance at 0x7f554a57d460>,15,17,[ 2 14],16,-1,33,-1,16
1,<environment.Job instance at 0x7f554a57d5a0>,13,25,[5 8],14,-1,42,-1,17
1,<environment.Job instance at 0x7f554a57dd20>,21,24,[11  3],22,-1,51,-1,27
1,<environment.Job instance at 0x7f554a57d730>,22,15,[ 5 12],23,-1,42,-1,27
1,<environment.Job instance at 0x7f554a57dfa0>,23,26,[ 1 12],24,-1,53,-1,27
1,<environment.Job instance at 0x7f554a57db40>,24,23,[ 4 10],25,-1,50,-1,27
1,<environment.Job instance at 0x7f5549e7a0a0>,28,28,[12  4],29,-1,85,-1,57
1,<environment.Job instance at 0x7f5549e7a3c0>,30,28,[11  4],31,-1,85,-1,57
1,<environment.Job instance at 0x7f554a7fdd70>,1,22,[ 4 12],2,-1,24,-1,2
1,<environment.Job instance at 0x7f5549e7a410>,2,24,[12  4],3,-1,27,-1,3
1,<environment.Job instance at 0x7f554aae6fa0>,4,16,[ 3 12],5,-1,21,-1,5
1,<environment.Job instance at 0x7f554a326eb0>,8,15,[ 3 13],9,-1,24,-1,9
1,<environment.Job instance at 0x7f554a326960>,9,15,[ 5 11],10,-1,26,-1,11
1,<environment.Job instance at 0x7f554a326370>,11,24,[9 2],12,-1,36,-1,12
1,<environment.Job instance at 0x7f554a326b40>,12,13,[11  4],13,-1,26,-1,13
1,<environment.Job instance at 0x7f554a326500>,13,17,[ 3 12],14,-1,31,-1,14
1,<environment.Job instance at 0x7f554a326460>,14,20,[13  4],15,-1,35,-1,15
1,<environment.Job instance at 0x7f554ac5c320>,19,22,[ 3 11],20,-1,53,-1,31
1,<environment.Job instance at 0x7f554ac5c0f0>,20,24,[ 1 12],21,-1,55,-1,31
1,<environment.Job instance at 0x7f554ac5c820>,21,28,[3 6],22,-1,59,-1,31
1,<environment.Job instance at 0x7f554ac5c8c0>,22,14,[ 4 12],23,-1,45,-1,31
1,<environment.Job instance at 0x7f554ac5cbe0>,23,28,[ 2 13],24,-1,59,-1,31
1,<environment.Job instance at 0x7f554ac5c460>,24,25,[10  5],25,-1,56,-1,31
1,<environment.Job instance at 0x7f554ac5cdc0>,25,16,[13  3],26,-1,47,-1,31
1,<environment.Job instance at 0x7f5549d056e0>,28,28,[4 6],29,-1,71,-1,43
1,<environment.Job instance at 0x7f5549d05140>,29,26,[ 2 14],30,-1,69,-1,43
1,<environment.Job instance at 0x7f5553bebd70>,32,13,[13  5],33,-1,69,-1,56
1,<environment.Job instance at 0x7f554a105960>,33,19,[12  2],34,-1,75,-1,56
1,<environment.Job instance at 0x7f554a105cd0>,34,24,[2 5],35,-1,80,-1,56
1,<environment.Job instance at 0x7f554a105410>,37,27,[ 1 13],38,-1,98,-1,71
1,<environment.Job instance at 0x7f554a1053c0>,38,26,[8 2],39,-1,97,-1,71
1,<environment.Job instance at 0x7f554a105780>,39,26,[5 7],40,-1,97,-1,71
1,<environment.Job instance at 0x7f554a105780>,2,23,[ 1 14],3,-1,26,-1,3
1,<environment.Job instance at 0x7f554ac94be0>,3,24,[12  2],4,-1,28,-1,4
1,<environment.Job instance at 0x7f554a92de10>,4,28,[3 6],5,-1,33,-1,5
1,<environment.Job instance at 0x7f554a92d640>,5,21,[ 2 14],6,-1,27,-1,6
1,<environment.Job instance at 0x7f554a92d370>,6,15,[13  5],7,-1,22,-1,7
1,<environment.Job instance at 0x7f554a92ddc0>,9,25,[ 3 10],10,-1,35,-1,10
1,<environment.Job instance at 0x7f554a92dfa0>,10,12,[ 1 12],11,-1,23,-1,11
1,<environment.Job instance at 0x7f554a92df50>,11,21,[ 2 12],12,-1,33,-1,12
1,<environment.Job instance at 0x7f554ac949b0>,13,28,[3 8],14,-1,42,-1,14
1,<environment.Job instance at 0x7f554a92daf0>,12,15,[13  4],13,-1,29,-1,14
1,<environment.Job instance at 0x7f554a92da50>,14,24,[9 3],15,-1,39,-1,15
1,<environment.Job instance at 0x7f554a92d280>,15,28,[9 3],16,-1,44,-1,16
1,<environment.Job instance at 0x7f554a92d320>,18,22,[ 1 10],19,-1,42,-1,20
1,<environment.Job instance at 0x7f554a92dd70>,20,16,[ 5 12],21,-1,37,-1,21
1,<environment.Job instance at 0x7f554a92dc80>,21,24,[13  4],22,-1,46,-1,22
1,<environment.Job instance at 0x7f554a92db90>,22,27,[8 2],23,-1,50,-1,23
1,<environment.Job instance at 0x7f554a92d2d0>,23,25,[14  2],24,-1,49,-1,24
1,<environment.Job instance at 0x7f554a151f50>,24,27,[4 5],25,-1,52,-1,25
1,<environment.Job instance at 0x7f554a1514b0>,25,23,[12  2],26,-1,49,-1,26
1,<environment.Job instance at 0x7f554a151c30>,29,18,[ 2 13],30,-1,52,-1,34
1,<environment.Job instance at 0x7f554a151960>,30,17,[ 4 11],31,-1,51,-1,34
1,<environment.Job instance at 0x7f554a1517d0>,33,17,[ 5 13],34,-1,65,-1,48
1,<environment.Job instance at 0x7f554a151c80>,34,22,[13  3],35,-1,70,-1,48
1,<environment.Job instance at 0x7f554a151d70>,35,13,[ 3 13],36,-1,61,-1,48
1,<environment.Job instance at 0x7f554a151500>,36,14,[12  1],37,-1,62,-1,48
1,<environment.Job instance at 0x7f554a1510f0>,38,17,[ 3 13],39,-1,65,-1,48
1,<environment.Job instance at 0x7f554aa5de60>,39,28,[3 7],40,-1,76,-1,48
1,<environment.Job instance at 0x7f554aa5da00>,40,20,[11  2],41,-1,68,-1,48
1,<environment.Job instance at 0x7f554aa5daa0>,41,19,[ 2 12],42,-1,67,-1,48
1,<environment.Job instance at 0x7f554aa5dd70>,42,18,[ 3 11],43,-1,66,-1,48
1,<environment.Job instance at 0x7f554aa5dd20>,43,14,[ 4 12],44,-1,62,-1,48
1,<environment.Job instance at 0x7f554aa5d640>,44,19,[ 5 11],45,-1,67,-1,48
1,<environment.Job instance at 0x7f554aa5d050>,45,14,[ 5 13],46,-1,62,-1,48
1,<environment.Job instance at 0x7f5549f38d70>,47,21,[13  5],48,-1,85,-1,64
1,<environment.Job instance at 0x7f5549f38780>,48,17,[11  1],49,-1,81,-1,64
1,<environment.Job instance at 0x7f5549f385a0>,49,23,[ 1 14],50,-1,87,-1,64
1,<environment.Job instance at 0x7f5549f38910>,51,14,[ 5 14],52,-1,78,-1,64
1,<environment.Job instance at 0x7f5549f38500>,52,15,[ 2 14],53,-1,79,-1,64
1,<environment.Job instance at 0x7f5549f388c0>,54,14,[13  5],55,-1,78,-1,64
1,<environment.Job instance at 0x7f5549f38280>,55,26,[1 9],56,-1,90,-1,64
1,<environment.Job instance at 0x7f5549f38a50>,56,22,[ 4 11],57,-1,86,-1,64
1,<environment.Job instance at 0x7f554ace6960>,9,19,[ 4 11],10,-1,37,-1,18
1,<environment.Job instance at 0x7f554ace69b0>,10,28,[ 3 11],11,-1,46,-1,18
1,<environment.Job instance at 0x7f554ace6aa0>,11,26,[4 8],12,-1,44,-1,18
1,<environment.Job instance at 0x7f554ace6b40>,12,23,[4 6],13,-1,51,-1,28
1,<environment.Job instance at 0x7f554ace6c80>,14,21,[14  4],15,-1,50,-1,29
1,<environment.Job instance at 0x7f554ace6d20>,15,20,[12  5],16,-1,49,-1,29
1,<environment.Job instance at 0x7f554ace6eb0>,16,14,[11  3],17,-1,43,-1,29
1,<environment.Job instance at 0x7f554ace6dc0>,17,28,[ 2 14],18,-1,57,-1,29
1,<environment.Job instance at 0x7f554ace6f00>,19,23,[5 3],20,-1,84,-1,61
1,<environment.Job instance at 0x7f554ace4370>,23,17,[13  2],24,-1,78,-1,61
1,<environment.Job instance at 0x7f554ace4410>,24,27,[3 9],25,-1,88,-1,61
1,<environment.Job instance at 0x7f554ace44b0>,25,23,[13  4],26,-1,84,-1,61
1,<environment.Job instance at 0x7f554ace45f0>,27,26,[1 9],28,-1,87,-1,61
1,<environment.Job instance at 0x7f554ace45a0>,28,25,[5 4],29,-1,86,-1,61
1,<environment.Job instance at 0x7f554ace4780>,29,22,[ 2 10],30,-1,83,-1,61
1,<environment.Job instance at 0x7f554ace4820>,30,21,[13  4],31,-1,82,-1,61
1,<environment.Job instance at 0x7f554ace4a50>,32,12,[13  4],33,-1,82,-1,70
1,<environment.Job instance at 0x7f554ad1ac80>,1,23,[ 5 12],2,-1,25,-1,2
1,<environment.Job instance at 0x7f554a64a5f0>,3,25,[ 2 12],4,-1,29,-1,4
1,<environment.Job instance at 0x7f554a64a500>,5,24,[14  2],6,-1,30,-1,6
1,<environment.Job instance at 0x7f554a64a3c0>,6,15,[ 5 12],7,-1,22,-1,7
1,<environment.Job instance at 0x7f554a64aaf0>,8,27,[2 9],9,-1,37,-1,10
1,<environment.Job instance at 0x7f554a64a690>,10,21,[ 5 13],11,-1,32,-1,11
1,<environment.Job instance at 0x7f554a64a550>,17,18,[ 4 11],18,-1,64,-1,46
1,<environment.Job instance at 0x7f554acf1690>,19,13,[12  3],20,-1,77,-1,64
1,<environment.Job instance at 0x7f5553c8cbe0>,20,25,[10  2],21,-1,89,-1,64
1,<environment.Job instance at 0x7f554a626230>,21,28,[ 5 14],22,-1,92,-1,64
1,<environment.Job instance at 0x7f554b359640>,23,17,[12  5],24,-1,83,-1,66
1,<environment.Job instance at 0x7f5553be29b0>,25,27,[13  3],26,-1,102,-1,75
1,<environment.Job instance at 0x7f554abca640>,5,28,[8 4],6,-1,34,-1,6
1,<environment.Job instance at 0x7f554abca0a0>,6,17,[13  5],7,-1,25,-1,8
1,<environment.Job instance at 0x7f554ad7eb90>,8,15,[ 5 11],9,-1,24,-1,9
1,<environment.Job instance at 0x7f554ad7e320>,9,13,[14  4],10,-1,23,-1,10
1,<environment.Job instance at 0x7f554ad7e910>,10,15,[13  5],11,-1,26,-1,11
1,<environment.Job instance at 0x7f554ad7eb40>,13,25,[ 1 14],14,-1,42,-1,17
1,<environment.Job instance at 0x7f554ad7e460>,16,16,[ 5 13],17,-1,45,-1,29
1,<environment.Job instance at 0x7f554ad7e410>,17,25,[ 4 11],18,-1,54,-1,29
1,<environment.Job instance at 0x7f554ad7e780>,20,26,[ 1 11],21,-1,66,-1,40
1,<environment.Job instance at 0x7f554ad7e730>,21,23,[ 3 13],22,-1,63,-1,40
1,<environment.Job instance at 0x7f554ad7e870>,22,26,[4 9],23,-1,66,-1,40
1,<environment.Job instance at 0x7f554ad7ed20>,23,20,[11  5],24,-1,60,-1,40
1,<environment.Job instance at 0x7f554ad7e640>,25,18,[12  1],26,-1,63,-1,45
1,<environment.Job instance at 0x7f5553bf6cd0>,29,23,[6 1],30,-1,97,-1,74
1,<environment.Job instance at 0x7f554ad7ec30>,30,27,[2 7],31,-1,101,-1,74
1,<environment.Job instance at 0x7f5553bf6c30>,31,12,[8 1],32,-1,89,-1,77
1,<environment.Job instance at 0x7f5553bf6f00>,32,16,[ 2 14],33,-1,93,-1,77
1,<environment.Job instance at 0x7f5553bf6dc0>,33,27,[10  1],34,-1,104,-1,77
1,<environment.Job instance at 0x7f5553bf6e10>,35,13,[11  4],36,-1,90,-1,77
1,<environment.Job instance at 0x7f5553bf6500>,36,13,[ 4 14],37,-1,90,-1,77
1,<environment.Job instance at 0x7f5553bf6500>,2,28,[8 4],3,-1,31,-1,3
1,<environment.Job instance at 0x7f554ab67690>,3,27,[ 3 12],4,-1,31,-1,4
1,<environment.Job instance at 0x7f554ab670a0>,4,14,[ 2 14],5,-1,19,-1,5
1,<environment.Job instance at 0x7f554ab095f0>,11,24,[1 6],12,-1,44,-1,20
1,<environment.Job instance at 0x7f554ab097d0>,12,16,[ 3 11],13,-1,36,-1,20
1,<environment.Job instance at 0x7f554ab09870>,14,23,[14  4],15,-1,54,-1,31
1,<environment.Job instance at 0x7f5549c27280>,15,16,[14  4],16,-1,47,-1,31
1,<environment.Job instance at 0x7f5549c27d20>,16,26,[ 1 10],17,-1,57,-1,31
1,<environment.Job instance at 0x7f5549c27d70>,17,15,[ 4 10],18,-1,55,-1,40
1,<environment.Job instance at 0x7f5549c27050>,18,24,[ 4 11],19,-1,64,-1,40
1,<environment.Job instance at 0x7f5549ea84b0>,19,28,[1 7],20,-1,68,-1,40
1,<environment.Job instance at 0x7f0e1c0061e0>,3,15,[13  4],4,-1,19,-1,4
1,<environment.Job instance at 0x7f0e1288e500>,4,24,[ 3 11],5,-1,29,-1,5
1,<environment.Job instance at 0x7f0e1288e6e0>,6,19,[ 1 13],7,-1,26,-1,7
1,<environment.Job instance at 0x7f0e1288e410>,2,26,[10  1],3,-1,34,-1,8
1,<environment.Job instance at 0x7f0e1288e910>,8,24,[ 2 12],9,-1,33,-1,9
1,<environment.Job instance at 0x7f0e1288e780>,10,14,[ 1 14],11,-1,25,-1,11
1,<environment.Job instance at 0x7f0e1288e960>,14,14,[14  3],15,-1,29,-1,15
1,<environment.Job instance at 0x7f0e1288edc0>,15,24,[ 2 13],16,-1,40,-1,16
1,<environment.Job instance at 0x7f0e1288eeb0>,16,19,[ 3 12],17,-1,36,-1,17
1,<environment.Job instance at 0x7f0e1288ed70>,17,18,[ 5 13],18,-1,36,-1,18
1,<environment.Job instance at 0x7f0e12892230>,21,22,[14  2],22,-1,57,-1,35
1,<environment.Job instance at 0x7f0e128922d0>,22,25,[ 4 12],23,-1,60,-1,35
1,<environment.Job instance at 0x7f0e12892410>,24,20,[ 3 12],25,-1,70,-1,50
1,<environment.Job instance at 0x7f0e12892500>,25,16,[11  3],26,-1,66,-1,50
1,<environment.Job instance at 0x7f0e129eda50>,2,25,[ 2 14],3,-1,28,-1,3
1,<environment.Job instance at 0x7f0e129ed3c0>,3,25,[7 2],4,-1,29,-1,4
1,<environment.Job instance at 0x7f0e12edb9b0>,4,16,[ 5 14],5,-1,21,-1,5
1,<environment.Job instance at 0x7f0e12edb050>,5,24,[ 2 11],6,-1,30,-1,6
1,<environment.Job instance at 0x7f0e12edb820>,6,12,[ 4 14],7,-1,19,-1,7
1,<environment.Job instance at 0x7f0e12edb690>,7,27,[5 8],8,-1,35,-1,8
1,<environment.Job instance at 0x7f0e12edb320>,10,22,[ 2 14],11,-1,33,-1,11
1,<environment.Job instance at 0x7f0e12edb960>,11,18,[13  3],12,-1,30,-1,12
1,<environment.Job instance at 0x7f0e12edbd70>,15,19,[11  4],16,-1,50,-1,31
1,<environment.Job instance at 0x7f0e12edbb40>,16,27,[ 3 13],17,-1,58,-1,31
1,<environment.Job instance at 0x7f0e12edbfa0>,18,17,[11  4],19,-1,49,-1,32
1,<environment.Job instance at 0x7f0e12edb280>,19,22,[ 1 14],20,-1,54,-1,32
1,<environment.Job instance at 0x7f0e12edb0f0>,21,25,[7 4],22,-1,60,-1,35
1,<environment.Job instance at 0x7f0e12311a50>,22,20,[ 5 13],23,-1,55,-1,35
1,<environment.Job instance at 0x7f0e122945a0>,23,21,[ 1 13],24,-1,56,-1,35
1,<environment.Job instance at 0x7f0e122ed1e0>,25,18,[ 3 13],26,-1,64,-1,46
1,<environment.Job instance at 0x7f0e1229ef00>,26,26,[ 4 14],27,-1,72,-1,46
1,<environment.Job instance at 0x7f0e122ed280>,28,12,[12  1],29,-1,59,-1,47
1,<environment.Job instance at 0x7f0e11f61aa0>,31,18,[ 3 12],32,-1,82,-1,64
1,<environment.Job instance at 0x7f0e11faee60>,32,21,[ 2 13],33,-1,85,-1,64
1,<environment.Job instance at 0x7f0e11fd4730>,34,24,[5 6],35,-1,88,-1,64
1,<environment.Job instance at 0x7f0e1229a910>,35,18,[11  5],36,-1,101,-1,83
1,<environment.Job instance at 0x7f0e11fd81e0>,37,22,[12  1],38,-1,105,-1,83
1,<environment.Job instance at 0x7f0e11f65550>,3,23,[ 2 14],4,-1,27,-1,4
1,<environment.Job instance at 0x7f0e11f6cd20>,5,19,[5 1],6,-1,40,-1,21
1,<environment.Job instance at 0x7f0e11efdf50>,9,26,[3 6],10,-1,47,-1,21
1,<environment.Job instance at 0x7f0e11efde60>,10,12,[11  1],11,-1,33,-1,21
1,<environment.Job instance at 0x7f0e11efd190>,11,12,[ 5 11],12,-1,33,-1,21
1,<environment.Job instance at 0x7f0e11efd730>,12,15,[ 3 11],13,-1,36,-1,21
1,<environment.Job instance at 0x7f0e11efd640>,13,24,[ 1 10],14,-1,45,-1,21
1,<environment.Job instance at 0x7f0e11efddc0>,14,24,[ 1 11],15,-1,45,-1,21
1,<environment.Job instance at 0x7f0e11efd7d0>,15,25,[8 2],16,-1,46,-1,21
1,<environment.Job instance at 0x7f0e11efd050>,16,14,[14  4],17,-1,35,-1,21
1,<environment.Job instance at 0x7f0e11efdc80>,17,25,[5 4],18,-1,46,-1,21
1,<environment.Job instance at 0x7f0e11efdbe0>,22,20,[ 3 12],23,-1,108,-1,88
1,<environment.Job instance at 0x7f0e11efd910>,23,23,[10  3],24,-1,111,-1,88
1,<environment.Job instance at 0x7f0e11efd3c0>,24,28,[3 8],25,-1,116,-1,88
1,<environment.Job instance at 0x7f0e11f30b40>,25,24,[12  1],26,-1,112,-1,88
1,<environment.Job instance at 0x7f0e11f300a0>,26,14,[11  2],27,-1,102,-1,88
1,<environment.Job instance at 0x7f0e11f30c30>,27,27,[5 3],28,-1,115,-1,88
1,<environment.Job instance at 0x7f0e123caf50>,8,27,[ 3 13],9,-1,42,-1,15
1,<environment.Job instance at 0x7f0e123ca8c0>,9,20,[14  3],10,-1,35,-1,15
1,<environment.Job instance at 0x7f0e123ca2d0>,10,22,[12  1],11,-1,37,-1,15
1,<environment.Job instance at 0x7f0e123ca280>,11,12,[ 2 14],12,-1,27,-1,15
1,<environment.Job instance at 0x7f0e1283e280>,12,13,[14  5],13,-1,28,-1,15
1,<environment.Job instance at 0x7f0e123ca870>,13,28,[5 7],14,-1,43,-1,15
1,<environment.Job instance at 0x7f0e128432d0>,14,28,[10  1],15,-1,43,-1,15
1,<environment.Job instance at 0x7f0e1247d500>,15,16,[12  2],16,-1,32,-1,16
1,<environment.Job instance at 0x7f0e1247deb0>,16,28,[14  3],17,-1,45,-1,17
1,<environment.Job instance at 0x7f0e1247d690>,17,24,[ 4 11],18,-1,42,-1,18
1,<environment.Job instance at 0x7f0e1247d0a0>,18,25,[11  1],19,-1,44,-1,19
1,<environment.Job instance at 0x7f0e1247d820>,20,26,[5 5],21,-1,47,-1,21
1,<environment.Job instance at 0x7f0e1247d370>,21,22,[ 1 10],22,-1,44,-1,22
1,<environment.Job instance at 0x7f0e11fd1050>,23,24,[2 7],24,-1,48,-1,24
1,<environment.Job instance at 0x7f0e1234abe0>,24,25,[11  5],25,-1,50,-1,25
1,<environment.Job instance at 0x7f0e1247d230>,25,25,[5 3],26,-1,51,-1,26
1,<environment.Job instance at 0x7f0e12513780>,27,26,[7 1],28,-1,56,-1,30
1,<environment.Job instance at 0x7f0e1229c640>,28,18,[12  1],29,-1,48,-1,30
1,<environment.Job instance at 0x7f0e122a4910>,29,15,[ 1 13],30,-1,45,-1,30
1,<environment.Job instance at 0x7f0e122856e0>,30,23,[11  3],31,-1,54,-1,31
1,<environment.Job instance at 0x7f0e1250b3c0>,32,20,[14  4],33,-1,53,-1,33
1,<environment.Job instance at 0x7f0e1250b1e0>,33,22,[10  2],34,-1,62,-1,40
1,<environment.Job instance at 0x7f0e123d7190>,34,16,[ 2 11],35,-1,56,-1,40
1,<environment.Job instance at 0x7f0e122a49b0>,35,24,[8 2],36,-1,64,-1,40
1,<environment.Job instance at 0x7f0e1229f460>,38,22,[9 3],39,-1,76,-1,54
1,<environment.Job instance at 0x7f0e1229f0f0>,39,16,[ 4 13],40,-1,70,-1,54
1,<environment.Job instance at 0x7f0e12368910>,40,26,[4 7],41,-1,80,-1,54
1,<environment.Job instance at 0x7f0e121b3410>,41,25,[10  5],42,-1,79,-1,54
1,<environment.Job instance at 0x7f0e123687d0>,42,25,[11  1],43,-1,79,-1,54
1,<environment.Job instance at 0x7f0e120599b0>,43,26,[4 8],44,-1,80,-1,54
1,<environment.Job instance at 0x7f0e122aa550>,44,17,[12  2],45,-1,71,-1,54
1,<environment.Job instance at 0x7f0e1229b870>,45,19,[11  2],46,-1,73,-1,54
1,<environment.Job instance at 0x7f0e1229bc80>,46,12,[14  5],47,-1,66,-1,54
1,<environment.Job instance at 0x7f0e1205e050>,47,24,[ 1 11],48,-1,78,-1,54
1,<environment.Job instance at 0x7f0e1205ea50>,48,18,[ 4 12],49,-1,72,-1,54
1,<environment.Job instance at 0x7f0e1205e0f0>,49,18,[ 3 10],50,-1,73,-1,55
1,<environment.Job instance at 0x7f0e12484140>,52,22,[ 3 14],53,-1,85,-1,63
1,<environment.Job instance at 0x7f0e12484b40>,53,28,[14  4],54,-1,91,-1,63
1,<environment.Job instance at 0x7f0e1204ed70>,55,25,[ 3 13],56,-1,104,-1,79
1,<environment.Job instance at 0x7f0e123cadc0>,2,26,[13  4],3,-1,29,-1,3
1,<environment.Job instance at 0x7f0e11e0c1e0>,5,24,[ 4 10],6,-1,30,-1,6
1,<environment.Job instance at 0x7f0e11e0c410>,9,20,[11  1],10,-1,30,-1,10
1,<environment.Job instance at 0x7f0e11e0c5f0>,10,12,[ 1 14],11,-1,23,-1,11
1,<environment.Job instance at 0x7f0e11e0c4b0>,11,18,[ 5 12],12,-1,30,-1,12
1,<environment.Job instance at 0x7f0e11e0cb40>,2,27,[ 2 11],3,-1,30,-1,3
1,<environment.Job instance at 0x7f0e11ea78c0>,3,27,[ 3 14],4,-1,31,-1,4
1,<environment.Job instance at 0x7f0e11deec80>,6,28,[5 2],7,-1,35,-1,7
1,<environment.Job instance at 0x7f0e11dee2d0>,7,28,[13  5],8,-1,36,-1,8
1,<environment.Job instance at 0x7f0e11deebe0>,8,26,[8 3],9,-1,35,-1,9
1,<environment.Job instance at 0x7f0e11ea72d0>,10,22,[5 6],11,-1,77,-1,55
1,<environment.Job instance at 0x7f0e11deee10>,17,26,[10  3],18,-1,81,-1,55
1,<environment.Job instance at 0x7f0e11dee3c0>,18,13,[1 9],19,-1,68,-1,55
1,<environment.Job instance at 0x7f0e11dee280>,20,21,[13  1],21,-1,92,-1,71
1,<environment.Job instance at 0x7f0e11dee7d0>,21,18,[ 2 12],22,-1,89,-1,71
1,<environment.Job instance at 0x7f0e11deedc0>,22,14,[ 2 11],23,-1,85,-1,71
1,<environment.Job instance at 0x7f0e11df69b0>,24,12,[ 4 13],25,-1,83,-1,71
1,<environment.Job instance at 0x7f0e11df69b0>,2,19,[ 5 13],3,-1,22,-1,3
1,<environment.Job instance at 0x7f0e11fd75a0>,4,13,[ 5 10],5,-1,19,-1,6
1,<environment.Job instance at 0x7f0e11fd70a0>,6,12,[13  4],7,-1,19,-1,7
1,<environment.Job instance at 0x7f0e11fd7190>,7,12,[14  4],8,-1,20,-1,8
1,<environment.Job instance at 0x7f0e11fd7af0>,8,12,[ 1 13],9,-1,21,-1,9
1,<environment.Job instance at 0x7f0e11fd7f50>,13,27,[ 5 13],14,-1,41,-1,14
1,<environment.Job instance at 0x7f0e11fd7410>,14,28,[ 4 14],15,-1,43,-1,15
1,<environment.Job instance at 0x7f0e11dfad70>,15,17,[ 5 10],16,-1,33,-1,16
1,<environment.Job instance at 0x7f0e11dfa730>,16,13,[12  1],17,-1,30,-1,17
1,<environment.Job instance at 0x7f0e11dfa7d0>,17,14,[ 3 10],18,-1,32,-1,18
1,<environment.Job instance at 0x7f0e12290be0>,18,24,[3 9],19,-1,43,-1,19
1,<environment.Job instance at 0x7f0e12290050>,19,13,[6 2],20,-1,34,-1,21
1,<environment.Job instance at 0x7f0e11fd7a00>,20,20,[6 5],21,-1,52,-1,32
1,<environment.Job instance at 0x7f0e122908c0>,22,12,[14  3],23,-1,44,-1,32
1,<environment.Job instance at 0x7f0e12290140>,23,18,[ 5 11],24,-1,50,-1,32
1,<environment.Job instance at 0x7f0e12290820>,24,21,[ 1 12],25,-1,53,-1,32
1,<environment.Job instance at 0x7f0e12290e60>,25,25,[4 9],26,-1,57,-1,32
1,<environment.Job instance at 0x7f0e12290a50>,26,18,[ 1 12],27,-1,50,-1,32
1,<environment.Job instance at 0x7f0e122901e0>,28,12,[6 1],29,-1,44,-1,32
1,<environment.Job instance at 0x7f0e122900f0>,29,28,[ 3 10],30,-1,60,-1,32
1,<environment.Job instance at 0x7f0e122903c0>,30,21,[5 1],31,-1,53,-1,32
1,<environment.Job instance at 0x7f0e12290500>,31,28,[11  4],32,-1,60,-1,32
1,<environment.Job instance at 0x7f0e122906e0>,33,19,[11  2],34,-1,61,-1,42
1,<environment.Job instance at 0x7f0e12290550>,34,18,[12  3],35,-1,60,-1,42
1,<environment.Job instance at 0x7f0e12290aa0>,35,28,[5 5],36,-1,70,-1,42
1,<environment.Job instance at 0x7f0e1ba58e10>,36,19,[ 1 12],37,-1,61,-1,42
1,<environment.Job instance at 0x7f0e1ba583c0>,37,24,[10  2],38,-1,66,-1,42
1,<environment.Job instance at 0x7f0e1ba58d20>,38,24,[8 1],39,-1,66,-1,42
1,<environment.Job instance at 0x7f0e1ba58f00>,39,27,[ 5 10],40,-1,69,-1,42
1,<environment.Job instance at 0x7f0e1ba58050>,40,12,[8 2],41,-1,54,-1,42
1,<environment.Job instance at 0x7f0e1ba58be0>,41,28,[ 1 12],42,-1,70,-1,42
1,<environment.Job instance at 0x7f0e1ba58910>,42,15,[13  1],43,-1,58,-1,43
1,<environment.Job instance at 0x7f0e1ba58af0>,43,20,[ 5 12],44,-1,64,-1,44
1,<environment.Job instance at 0x7f0e1ba58a00>,45,12,[ 4 13],46,-1,58,-1,46
1,<environment.Job instance at 0x7f0e1ba58960>,46,24,[5 3],47,-1,71,-1,47
1,<environment.Job instance at 0x7f0e1ba58460>,48,18,[1 5],49,-1,78,-1,60
1,<environment.Job instance at 0x7f0e1ba58820>,49,21,[14  3],50,-1,81,-1,60
1,<environment.Job instance at 0x7f0e1ba586e0>,50,22,[7 1],51,-1,82,-1,60
1,<environment.Job instance at 0x7f0e1ba58e60>,52,20,[11  3],53,-1,80,-1,60
1,<environment.Job instance at 0x7f0e1ba58730>,53,12,[4 8],54,-1,78,-1,66
1,<environment.Job instance at 0x7f0e12bb5f50>,54,12,[8 2],55,-1,78,-1,66
1,<environment.Job instance at 0x7f0e12bb51e0>,55,17,[ 3 13],56,-1,83,-1,66
1,<environment.Job instance at 0x7f0e12bb5b40>,56,15,[13  4],57,-1,81,-1,66
1,<environment.Job instance at 0x7f0e12bb5640>,57,25,[9 1],58,-1,91,-1,66
1,<environment.Job instance at 0x7f0e12bb5050>,58,23,[3 8],59,-1,89,-1,66
1,<environment.Job instance at 0x7f0e12bb5c80>,59,12,[5 5],60,-1,78,-1,66
1,<environment.Job instance at 0x7f0e12bb5410>,60,26,[14  4],61,-1,92,-1,66
1,<environment.Job instance at 0x7f0e12bb5230>,61,17,[2 7],62,-1,84,-1,67
1,<environment.Job instance at 0x7f0e12bb5500>,62,14,[4 9],63,-1,81,-1,67
1,<environment.Job instance at 0x7f0e12bb59b0>,63,18,[14  1],64,-1,85,-1,67
1,<environment.Job instance at 0x7f0e12bb5a00>,64,24,[9 2],65,-1,91,-1,67
1,<environment.Job instance at 0x7f0e12bb50a0>,65,12,[4 8],66,-1,79,-1,67
1,<environment.Job instance at 0x7f0e12bb5820>,66,15,[ 5 11],67,-1,82,-1,67
1,<environment.Job instance at 0x7f0e12bb5870>,67,27,[ 2 13],68,-1,95,-1,68
1,<environment.Job instance at 0x7f0e12bb5960>,68,27,[5 1],69,-1,96,-1,69
1,<environment.Job instance at 0x7f0e12bb5e60>,69,16,[ 3 12],70,-1,86,-1,70
1,<environment.Job instance at 0x7f0e12bb53c0>,70,12,[ 3 12],71,-1,83,-1,71
1,<environment.Job instance at 0x7f0e12bb52d0>,71,13,[ 3 12],72,-1,85,-1,72
1,<environment.Job instance at 0x7f0e129ac500>,72,24,[ 4 10],73,-1,97,-1,73
1,<environment.Job instance at 0x7f0e129ac730>,73,25,[11  2],74,-1,99,-1,74
1,<environment.Job instance at 0x7f0e129ac5f0>,74,23,[ 1 14],75,-1,98,-1,75
1,<environment.Job instance at 0x7f0e129ac050>,76,12,[ 3 12],77,-1,89,-1,77
1,<environment.Job instance at 0x7f0e130d1aa0>,78,13,[8 5],79,-1,94,-1,81
1,<environment.Job instance at 0x7f0e130d1eb0>,79,13,[3 9],80,-1,94,-1,81
1,<environment.Job instance at 0x7f0e130d1c30>,80,14,[ 2 11],81,-1,95,-1,81
1,<environment.Job instance at 0x7f0e130d14b0>,82,22,[ 5 14],83,-1,105,-1,83
1,<environment.Job instance at 0x7f0e130d10a0>,83,17,[12  4],84,-1,101,-1,84
1,<environment.Job instance at 0x7f0e130d1f50>,84,26,[ 1 10],85,-1,111,-1,85
1,<environment.Job instance at 0x7f0e130d1cd0>,85,12,[1 9],86,-1,99,-1,87
1,<environment.Job instance at 0x7f0e130d1cd0>,4,13,[12  5],5,-1,18,-1,5
1,<environment.Job instance at 0x7f0e132a79b0>,11,24,[ 4 10],12,-1,37,-1,13
1,<environment.Job instance at 0x7f0e132a7910>,12,24,[ 2 14],13,-1,37,-1,13
1,<environment.Job instance at 0x7f0e132a7b40>,13,16,[12  2],14,-1,30,-1,14
1,<environment.Job instance at 0x7f0e132a77d0>,14,15,[ 5 12],15,-1,30,-1,15
1,<environment.Job instance at 0x7f0e11e1faf0>,15,28,[ 2 11],16,-1,44,-1,16
1,<environment.Job instance at 0x7f0e11e1f320>,16,28,[13  3],17,-1,45,-1,17
1,<environment.Job instance at 0x7f0e132a7cd0>,18,23,[13  5],19,-1,57,-1,34
1,<environment.Job instance at 0x7f0e125a8190>,19,19,[ 3 13],20,-1,53,-1,34
1,<environment.Job instance at 0x7f0e11dfc8c0>,23,23,[6 5],24,-1,73,-1,50
1,<environment.Job instance at 0x7f0e1303f5f0>,24,17,[ 2 13],25,-1,67,-1,50
1,<environment.Job instance at 0x7f0e11dfc460>,25,20,[ 1 11],26,-1,70,-1,50
1,<environment.Job instance at 0x7f0e11dfc230>,26,27,[4 6],27,-1,77,-1,50
1,<environment.Job instance at 0x7f0e1258d190>,27,26,[8 5],28,-1,76,-1,50
1,<environment.Job instance at 0x7f0e1258d910>,28,12,[ 3 14],29,-1,62,-1,50
1,<environment.Job instance at 0x7f0e1258d960>,31,24,[14  4],32,-1,83,-1,59
1,<environment.Job instance at 0x7f0e1258d870>,32,26,[12  3],33,-1,85,-1,59
1,<environment.Job instance at 0x7f0e1258d730>,33,16,[ 5 14],34,-1,75,-1,59
1,<environment.Job instance at 0x7f0e13038910>,34,23,[8 4],35,-1,82,-1,59
1,<environment.Job instance at 0x7f0e1258dd20>,35,12,[ 4 13],36,-1,71,-1,59
1,<environment.Job instance at 0x7f0e1258daa0>,36,25,[13  1],37,-1,84,-1,59
1,<environment.Job instance at 0x7f0e12cbf3c0>,39,22,[14  4],40,-1,94,-1,72
1,<environment.Job instance at 0x7f0e13020500>,40,14,[ 1 13],41,-1,86,-1,72
1,<environment.Job instance at 0x7f0e11f84f00>,41,28,[ 2 10],42,-1,100,-1,72
1,<environment.Job instance at 0x7f0e12cbf140>,3,20,[12  4],4,-1,24,-1,4
1,<environment.Job instance at 0x7f0e12cbf960>,4,26,[1 6],5,-1,31,-1,5
1,<environment.Job instance at 0x7f0e12cbfe10>,5,23,[5 5],6,-1,29,-1,6
1,<environment.Job instance at 0x7f0e12cbfcd0>,6,27,[12  2],7,-1,34,-1,7
1,<environment.Job instance at 0x7f0e132a00a0>,8,15,[13  3],9,-1,24,-1,9
1,<environment.Job instance at 0x7f0e12cbfaf0>,7,15,[14  2],8,-1,24,-1,9
1,<environment.Job instance at 0x7f0e12cbfc30>,11,14,[ 2 11],12,-1,26,-1,12
1,<environment.Job instance at 0x7f0e12cbf460>,12,25,[14  3],13,-1,38,-1,13
1,<environment.Job instance at 0x7f0e12cbf7d0>,13,23,[14  5],14,-1,37,-1,14
1,<environment.Job instance at 0x7f0e12cbf910>,14,27,[12  3],15,-1,42,-1,15
1,<environment.Job instance at 0x7f0e12cbf820>,16,28,[ 1 13],17,-1,45,-1,17
1,<environment.Job instance at 0x7f0e12cbfeb0>,17,25,[12  4],18,-1,43,-1,18
1,<environment.Job instance at 0x7f0e12cbfb40>,18,17,[ 2 13],19,-1,36,-1,19
1,<environment.Job instance at 0x7f0e12cbf050>,19,15,[ 2 14],20,-1,35,-1,20
1,<environment.Job instance at 0x7f0e12cbf690>,15,22,[11  3],16,-1,42,-1,20
1,<environment.Job instance at 0x7f0e12cbf320>,21,16,[ 2 13],22,-1,38,-1,22
1,<environment.Job instance at 0x7f0e12cc10f0>,23,15,[12  3],24,-1,39,-1,24
1,<environment.Job instance at 0x7f0e12cc1730>,24,19,[ 2 13],25,-1,44,-1,25
1,<environment.Job instance at 0x7f0e12cc1c80>,33,18,[12  3],34,-1,80,-1,62
1,<environment.Job instance at 0x7f0e12cc1e60>,3,17,[ 3 13],4,-1,21,-1,4
1,<environment.Job instance at 0x7f0e12f26730>,5,28,[ 3 10],6,-1,34,-1,6
1,<environment.Job instance at 0x7f0e12f26af0>,11,16,[12  4],12,-1,32,-1,16
1,<environment.Job instance at 0x7f0e12f26b90>,12,16,[ 2 13],13,-1,32,-1,16
1,<environment.Job instance at 0x7f0e12f26c80>,13,23,[5 8],14,-1,39,-1,16
1,<environment.Job instance at 0x7f0e12f26dc0>,15,24,[9 3],16,-1,41,-1,17
1,<environment.Job instance at 0x7f0e12f26f00>,17,23,[5 4],18,-1,49,-1,26
1,<environment.Job instance at 0x7f0e12f26f50>,18,23,[11  4],19,-1,49,-1,26
1,<environment.Job instance at 0x7f0e11ed5140>,20,21,[ 5 13],21,-1,73,-1,52
1,<environment.Job instance at 0x7f0e11ed5280>,21,22,[11  1],22,-1,74,-1,52
1,<environment.Job instance at 0x7f0e11ed5320>,22,17,[11  2],23,-1,69,-1,52
1,<environment.Job instance at 0x7f0e12d1ea00>,3,25,[14  5],4,-1,29,-1,4
1,<environment.Job instance at 0x7f0e12d2e2d0>,4,26,[10  2],5,-1,31,-1,5
1,<environment.Job instance at 0x7f0e12f26a50>,2,20,[14  3],3,-1,25,-1,5
1,<environment.Job instance at 0x7f0e11e86370>,5,14,[14  1],6,-1,20,-1,6
1,<environment.Job instance at 0x7f0e12d2eb90>,7,26,[12  5],8,-1,34,-1,8
1,<environment.Job instance at 0x7f0e12d2e690>,8,28,[8 3],9,-1,37,-1,9
1,<environment.Job instance at 0x7f0e12d2ecd0>,9,16,[14  1],10,-1,26,-1,10
1,<environment.Job instance at 0x7f0e12d2ee60>,11,24,[ 3 12],12,-1,36,-1,12
1,<environment.Job instance at 0x7f0e12d2e1e0>,12,23,[4 7],13,-1,37,-1,14
1,<environment.Job instance at 0x7f0e131891e0>,19,17,[ 3 12],20,-1,55,-1,38
1,<environment.Job instance at 0x7f0e13189820>,20,13,[14  5],21,-1,51,-1,38
1,<environment.Job instance at 0x7f0e13189c80>,21,21,[ 5 14],22,-1,59,-1,38
1,<environment.Job instance at 0x7f0e13189370>,22,21,[ 4 11],23,-1,59,-1,38
1,<environment.Job instance at 0x7f0e13189af0>,23,25,[2 7],24,-1,63,-1,38
1,<environment.Job instance at 0x7f0e13189690>,24,23,[14  4],25,-1,61,-1,38
1,<environment.Job instance at 0x7f0e13189a50>,25,12,[ 3 11],26,-1,50,-1,38
1,<environment.Job instance at 0x7f0e1203f230>,28,18,[12  1],29,-1,72,-1,54
1,<environment.Job instance at 0x7f0e1203f280>,30,24,[12  2],31,-1,93,-1,69
1,<environment.Job instance at 0x7f0e1203f460>,32,25,[8 3],33,-1,94,-1,69
1,<environment.Job instance at 0x7f0e1203fe10>,33,15,[11  1],34,-1,84,-1,69
1,<environment.Job instance at 0x7f0e1203f140>,35,27,[7 4],36,-1,107,-1,80
1,<environment.Job instance at 0x7f0e124ecaa0>,2,26,[2 9],3,-1,29,-1,3
1,<environment.Job instance at 0x7f0e124ecf50>,5,27,[10  3],6,-1,33,-1,6
1,<environment.Job instance at 0x7f0e129f25a0>,6,27,[ 1 11],7,-1,34,-1,7
1,<environment.Job instance at 0x7f0e129f2140>,7,18,[ 2 12],8,-1,26,-1,8
1,<environment.Job instance at 0x7f0e129f24b0>,8,22,[ 2 11],9,-1,31,-1,9
1,<environment.Job instance at 0x7f0e129f2e60>,9,23,[14  4],10,-1,33,-1,10
1,<environment.Job instance at 0x7f0e124ec690>,4,15,[12  4],5,-1,25,-1,10
1,<environment.Job instance at 0x7f0e129f2370>,11,12,[ 1 12],12,-1,24,-1,12
1,<environment.Job instance at 0x7f0e129f2fa0>,13,26,[5 5],14,-1,40,-1,14
1,<environment.Job instance at 0x7f0e129f23c0>,14,16,[11  2],15,-1,31,-1,15
1,<environment.Job instance at 0x7f0e129f2960>,15,26,[5 8],16,-1,42,-1,16
1,<environment.Job instance at 0x7f0e11dd5a50>,16,18,[ 5 14],17,-1,35,-1,17
1,<environment.Job instance at 0x7f0e11dd5f50>,18,27,[ 2 10],19,-1,46,-1,19
1,<environment.Job instance at 0x7f0e11dd5370>,19,20,[ 1 11],20,-1,40,-1,20
1,<environment.Job instance at 0x7f0e11dd5640>,20,27,[11  5],21,-1,48,-1,21
1,<environment.Job instance at 0x7f0e11dd52d0>,21,14,[ 5 14],22,-1,36,-1,22
1,<environment.Job instance at 0x7f0e11dd50a0>,23,25,[9 2],24,-1,49,-1,24
1,<environment.Job instance at 0x7f0e11dd53c0>,27,22,[ 4 11],28,-1,53,-1,31
1,<environment.Job instance at 0x7f0e11dd5be0>,28,13,[ 5 13],29,-1,44,-1,31
1,<environment.Job instance at 0x7f0e11dd5aa0>,29,19,[ 3 10],30,-1,50,-1,31
1,<environment.Job instance at 0x7f0e12b81780>,31,24,[5 1],32,-1,56,-1,32
1,<environment.Job instance at 0x7f0e12b81410>,32,13,[ 5 12],33,-1,46,-1,33
1,<environment.Job instance at 0x7f0e12b814b0>,33,15,[14  1],34,-1,49,-1,34
1,<environment.Job instance at 0x7f0e12b81f00>,34,23,[1 8],35,-1,58,-1,35
1,<environment.Job instance at 0x7f0e12b81aa0>,35,28,[ 2 10],36,-1,64,-1,36
1,<environment.Job instance at 0x7f0e12b81eb0>,37,16,[ 2 10],38,-1,54,-1,38
1,<environment.Job instance at 0x7f0e12b81460>,38,21,[ 3 14],39,-1,60,-1,39
1,<environment.Job instance at 0x7f0e12b817d0>,39,21,[ 2 12],40,-1,61,-1,40
1,<environment.Job instance at 0x7f0e11dd5960>,41,17,[2 5],42,-1,68,-1,51
1,<environment.Job instance at 0x7f0e134bf410>,42,21,[13  5],43,-1,72,-1,51
1,<environment.Job instance at 0x7f0e134bfd20>,43,19,[1 9],44,-1,70,-1,51
1,<environment.Job instance at 0x7f0e134bf0a0>,44,25,[9 4],45,-1,76,-1,51
1,<environment.Job instance at 0x7f0e134bf640>,46,14,[11  4],47,-1,72,-1,58
1,<environment.Job instance at 0x7f0e12957e10>,47,12,[10  1],48,-1,70,-1,58
1,<environment.Job instance at 0x7f0e12957a00>,48,28,[ 1 13],49,-1,86,-1,58
1,<environment.Job instance at 0x7f0e12957730>,49,19,[ 5 14],50,-1,77,-1,58
1,<environment.Job instance at 0x7f0e12957b90>,50,12,[10  1],51,-1,70,-1,58
1,<environment.Job instance at 0x7f0e12957960>,51,17,[1 9],52,-1,75,-1,58
1,<environment.Job instance at 0x7f0e12957640>,52,20,[ 4 14],53,-1,78,-1,58
1,<environment.Job instance at 0x7f0e12957e60>,53,18,[14  4],54,-1,76,-1,58
1,<environment.Job instance at 0x7f0e12957230>,54,18,[ 3 11],55,-1,76,-1,58
1,<environment.Job instance at 0x7f0e13412780>,55,12,[ 1 10],56,-1,70,-1,58
1,<environment.Job instance at 0x7f0e13412370>,56,26,[ 2 11],57,-1,84,-1,58
1,<environment.Job instance at 0x7f0e13412280>,57,13,[13  4],58,-1,71,-1,58
1,<environment.Job instance at 0x7f0e126e87d0>,60,13,[12  4],61,-1,88,-1,75
1,<environment.Job instance at 0x7f0e126e8140>,61,17,[ 5 13],62,-1,92,-1,75
1,<environment.Job instance at 0x7f0e126e8be0>,62,16,[ 5 14],63,-1,91,-1,75
1,<environment.Job instance at 0x7f0e126e8690>,63,25,[5 8],64,-1,100,-1,75
1,<environment.Job instance at 0x7f0e126a71e0>,64,12,[6 3],65,-1,87,-1,75
1,<environment.Job instance at 0x7f0e126a73c0>,65,17,[ 2 14],66,-1,92,-1,75
1,<environment.Job instance at 0x7f0e127d8e60>,66,18,[11  3],67,-1,93,-1,75
1,<environment.Job instance at 0x7f0e127d87d0>,67,12,[4 6],68,-1,87,-1,75
1,<environment.Job instance at 0x7f0e127d8140>,68,13,[2 6],69,-1,88,-1,75
1,<environment.Job instance at 0x7f0e127d8870>,69,13,[10  4],70,-1,88,-1,75
1,<environment.Job instance at 0x7f0e127d81e0>,70,15,[14  4],71,-1,90,-1,75
1,<environment.Job instance at 0x7f0e127d8c30>,71,24,[11  3],72,-1,99,-1,75
1,<environment.Job instance at 0x7f0e127d8d70>,72,15,[ 5 12],73,-1,90,-1,75
1,<environment.Job instance at 0x7f0e127d85a0>,73,26,[ 1 12],74,-1,101,-1,75
1,<environment.Job instance at 0x7f0e127d8820>,74,23,[ 4 10],75,-1,98,-1,75
1,<environment.Job instance at 0x7f0e127d8f00>,75,25,[1 8],76,-1,101,-1,76
1,<environment.Job instance at 0x7f0e12f64140>,76,27,[ 3 12],77,-1,104,-1,77
1,<environment.Job instance at 0x7f0e12744730>,78,28,[12  4],79,-1,107,-1,79
1,<environment.Job instance at 0x7f0e1306d1e0>,79,21,[8 3],80,-1,101,-1,80
1,<environment.Job instance at 0x7f0e1306d550>,80,28,[11  4],81,-1,109,-1,81
1,<environment.Job instance at 0x7f0e128cfa00>,81,26,[5 7],82,-1,108,-1,82
1,<environment.Job instance at 0x7f0e128cfaf0>,82,24,[13  1],83,-1,107,-1,83
1,<environment.Job instance at 0x7f0e128cfd70>,83,12,[14  5],84,-1,96,-1,84
1,<environment.Job instance at 0x7f0e12625f50>,6,16,[13  1],7,-1,23,-1,7
1,<environment.Job instance at 0x7f0e126257d0>,7,28,[ 4 12],8,-1,36,-1,8
1,<environment.Job instance at 0x7f0e126256e0>,8,15,[12  2],9,-1,24,-1,9
1,<environment.Job instance at 0x7f0e12625a00>,10,26,[6 4],11,-1,37,-1,11
1,<environment.Job instance at 0x7f0e126255a0>,13,21,[9 1],14,-1,51,-1,30
1,<environment.Job instance at 0x7f0e126250f0>,14,18,[13  3],15,-1,48,-1,30
1,<environment.Job instance at 0x7f0e12625730>,15,28,[9 4],16,-1,58,-1,30
1,<environment.Job instance at 0x7f0e1221feb0>,16,13,[ 5 11],17,-1,43,-1,30
1,<environment.Job instance at 0x7f0e1221f500>,17,19,[14  1],18,-1,49,-1,30
1,<environment.Job instance at 0x7f0e1221f320>,19,12,[8 1],20,-1,43,-1,31
1,<environment.Job instance at 0x7f0e1221f910>,20,14,[10  2],21,-1,45,-1,31
1,<environment.Job instance at 0x7f0e1221f5f0>,22,25,[7 5],23,-1,56,-1,31
1,<environment.Job instance at 0x7f0e1221fc30>,23,14,[4 9],24,-1,46,-1,32
1,<environment.Job instance at 0x7f0e1221f0a0>,24,26,[6 1],25,-1,58,-1,32
1,<environment.Job instance at 0x7f0e1221f960>,25,21,[ 5 14],26,-1,53,-1,32
1,<environment.Job instance at 0x7f0e12f29230>,26,25,[14  4],27,-1,57,-1,32
1,<environment.Job instance at 0x7f0e12f29410>,28,15,[ 3 11],29,-1,62,-1,47
1,<environment.Job instance at 0x7f0e120f4410>,30,27,[ 4 11],31,-1,74,-1,47
1,<environment.Job instance at 0x7f0e120f4730>,31,12,[ 1 10],32,-1,59,-1,47
1,<environment.Job instance at 0x7f0e120f40f0>,33,27,[ 2 11],34,-1,79,-1,52
1,<environment.Job instance at 0x7f0e120f48c0>,34,20,[14  2],35,-1,72,-1,52
1,<environment.Job instance at 0x7f0e120f41e0>,35,26,[14  1],36,-1,78,-1,52
1,<environment.Job instance at 0x7f0e120f4eb0>,37,25,[13  1],38,-1,88,-1,63
1,<environment.Job instance at 0x7f0e120f4af0>,38,22,[5 8],39,-1,85,-1,63
1,<environment.Job instance at 0x7f0e120f42d0>,39,13,[5 5],40,-1,76,-1,63
1,<environment.Job instance at 0x7f0e120f4b90>,40,14,[14  4],41,-1,77,-1,63
1,<environment.Job instance at 0x7f0e120f4f50>,41,22,[ 4 12],42,-1,85,-1,63
1,<environment.Job instance at 0x7f0e120f4e60>,42,24,[12  4],43,-1,87,-1,63
1,<environment.Job instance at 0x7f0e120f4230>,44,16,[ 3 12],45,-1,79,-1,63
1,<environment.Job instance at 0x7f0e120f45f0>,45,14,[1 7],46,-1,77,-1,63
1,<environment.Job instance at 0x7f0e1b9ff640>,47,23,[2 6],48,-1,96,-1,73
1,<environment.Job instance at 0x7f0e1b9fff00>,48,15,[ 3 13],49,-1,88,-1,73
1,<environment.Job instance at 0x7f0e1b9ff0a0>,49,15,[ 5 11],50,-1,88,-1,73
1,<environment.Job instance at 0x7f0e1b9ff8c0>,50,22,[6 5],51,-1,95,-1,73
1,<environment.Job instance at 0x7f0e1b9ffeb0>,51,24,[9 2],52,-1,97,-1,73
1,<environment.Job instance at 0x7f0e130c7b90>,52,13,[11  4],53,-1,86,-1,73
1,<environment.Job instance at 0x7f0e130c7dc0>,53,17,[ 3 12],54,-1,90,-1,73
1,<environment.Job instance at 0x7f0e130c75f0>,54,20,[13  4],55,-1,93,-1,73
1,<environment.Job instance at 0x7f0e130c71e0>,55,22,[5 6],56,-1,95,-1,73
1,<environment.Job instance at 0x7f0e130c7410>,56,20,[12  5],57,-1,93,-1,73
1,<environment.Job instance at 0x7f0e130c7230>,59,22,[ 3 11],60,-1,107,-1,85
1,<environment.Job instance at 0x7f0e130c7a50>,60,24,[ 1 12],61,-1,109,-1,85
1,<environment.Job instance at 0x7f0e130c72d0>,61,28,[3 6],62,-1,113,-1,85
1,<environment.Job instance at 0x7f0e130c77d0>,62,14,[ 4 12],63,-1,99,-1,85
1,<environment.Job instance at 0x7f0e130c7190>,63,28,[ 2 13],64,-1,113,-1,85
1,<environment.Job instance at 0x7f0e12f75c80>,64,25,[10  5],65,-1,110,-1,85
1,<environment.Job instance at 0x7f0e12f75870>,65,16,[13  3],66,-1,101,-1,85
1,<environment.Job instance at 0x7f0e127e9a50>,1,16,[ 2 13],2,-1,18,-1,2
1,<environment.Job instance at 0x7f0e121edd70>,2,21,[ 4 13],3,-1,24,-1,3
1,<environment.Job instance at 0x7f0e121edfa0>,5,27,[13  3],6,-1,33,-1,6
1,<environment.Job instance at 0x7f0e1261b9b0>,6,24,[3 9],7,-1,31,-1,7
1,<environment.Job instance at 0x7f0e1bf083c0>,8,23,[14  1],9,-1,32,-1,9
1,<environment.Job instance at 0x7f0e121ed910>,9,27,[11  2],10,-1,37,-1,10
1,<environment.Job instance at 0x7f0e123459b0>,12,22,[ 3 14],13,-1,35,-1,13
1,<environment.Job instance at 0x7f0e129c7050>,13,15,[13  2],14,-1,29,-1,14
1,<environment.Job instance at 0x7f0e12ae92d0>,14,16,[11  3],15,-1,32,-1,16
1,<environment.Job instance at 0x7f0e12ae9320>,19,16,[ 3 14],20,-1,43,-1,27
1,<environment.Job instance at 0x7f0e12ae9230>,20,16,[13  5],21,-1,43,-1,27
1,<environment.Job instance at 0x7f0e12ae9500>,21,13,[9 2],22,-1,40,-1,27
1,<environment.Job instance at 0x7f0e12ae9eb0>,23,17,[11  4],24,-1,48,-1,31
1,<environment.Job instance at 0x7f0e12570a50>,24,28,[13  5],25,-1,59,-1,31
1,<environment.Job instance at 0x7f0e12437320>,25,27,[6 1],26,-1,58,-1,31
1,<environment.Job instance at 0x7f0e127047d0>,27,17,[ 5 11],28,-1,58,-1,41
1,<environment.Job instance at 0x7f0e12f102d0>,28,12,[1 6],29,-1,53,-1,41
1,<environment.Job instance at 0x7f0e130c4320>,29,19,[ 5 12],30,-1,60,-1,41
1,<environment.Job instance at 0x7f0e133185a0>,31,24,[14  3],32,-1,69,-1,45
1,<environment.Job instance at 0x7f0e129d4870>,32,23,[ 1 14],33,-1,68,-1,45
1,<environment.Job instance at 0x7f0e129f23c0>,33,24,[12  2],34,-1,69,-1,45
1,<environment.Job instance at 0x7f0e12a10c30>,34,28,[3 6],35,-1,73,-1,45
1,<environment.Job instance at 0x7f0e12744050>,35,21,[ 2 14],36,-1,66,-1,45
1,<environment.Job instance at 0x7f0e12a105a0>,36,15,[13  5],37,-1,60,-1,45
1,<environment.Job instance at 0x7f0e11e23f00>,39,25,[ 3 10],40,-1,87,-1,62
1,<environment.Job instance at 0x7f0e12267c30>,40,12,[ 1 12],41,-1,74,-1,62
1,<environment.Job instance at 0x7f0e124a4be0>,41,21,[ 2 12],42,-1,83,-1,62
1,<environment.Job instance at 0x7f0e12f81230>,42,15,[13  4],43,-1,77,-1,62
1,<environment.Job instance at 0x7f0e12f81e60>,43,28,[3 8],44,-1,90,-1,62
1,<environment.Job instance at 0x7f0e12f81050>,44,24,[9 3],45,-1,86,-1,62
1,<environment.Job instance at 0x7f0e12f81c30>,45,28,[9 3],46,-1,90,-1,62
1,<environment.Job instance at 0x7f0e12f81870>,46,14,[11  3],47,-1,76,-1,62
1,<environment.Job instance at 0x7f0e12f81fa0>,47,22,[5 7],48,-1,84,-1,62
1,<environment.Job instance at 0x7f0e12f81d20>,48,22,[ 1 10],49,-1,84,-1,62
1,<environment.Job instance at 0x7f0e12c62640>,49,26,[3 8],50,-1,88,-1,62
1,<environment.Job instance at 0x7f0e12c62550>,50,16,[ 5 12],51,-1,78,-1,62
1,<environment.Job instance at 0x7f0e12c62e10>,51,24,[13  4],52,-1,86,-1,62
1,<environment.Job instance at 0x7f0e12c341e0>,52,27,[8 2],53,-1,89,-1,62
1,<environment.Job instance at 0x7f0e12c346e0>,53,25,[14  2],54,-1,87,-1,62
1,<environment.Job instance at 0x7f0e12c34140>,54,27,[4 5],55,-1,89,-1,62
1,<environment.Job instance at 0x7f0e12c34f00>,55,23,[12  2],56,-1,85,-1,62
1,<environment.Job instance at 0x7f0e12c343c0>,57,20,[1 9],58,-1,97,-1,77
1,<environment.Job instance at 0x7f0e12c34f50>,58,14,[13  1],59,-1,91,-1,77
1,<environment.Job instance at 0x7f0e12c34370>,59,18,[ 2 13],60,-1,95,-1,77
1,<environment.Job instance at 0x7f0e12c340f0>,60,17,[ 4 11],61,-1,94,-1,77
1,<environment.Job instance at 0x7f0e12c93af0>,62,14,[ 3 11],63,-1,91,-1,77
1,<environment.Job instance at 0x7f0e12c937d0>,63,17,[ 5 13],64,-1,94,-1,77
1,<environment.Job instance at 0x7f0e12016870>,64,22,[13  3],65,-1,99,-1,77
1,<environment.Job instance at 0x7f0e12f7efa0>,65,13,[ 3 13],66,-1,90,-1,77
1,<environment.Job instance at 0x7f0e120162d0>,66,14,[12  1],67,-1,91,-1,77
1,<environment.Job instance at 0x7f0e11fa4780>,67,15,[6 1],68,-1,92,-1,77
1,<environment.Job instance at 0x7f0e11fa47d0>,68,17,[ 3 13],69,-1,94,-1,77
1,<environment.Job instance at 0x7f0e130c7140>,69,28,[3 7],70,-1,105,-1,77
1,<environment.Job instance at 0x7f0e1296ff50>,70,20,[11  2],71,-1,97,-1,77
1,<environment.Job instance at 0x7f0e130c73c0>,71,19,[ 2 12],72,-1,96,-1,77
1,<environment.Job instance at 0x7f0e11fa42d0>,72,18,[ 3 11],73,-1,95,-1,77
1,<environment.Job instance at 0x7f0e11e00550>,73,14,[ 4 12],74,-1,91,-1,77
1,<environment.Job instance at 0x7f0e11e00410>,74,19,[ 5 11],75,-1,96,-1,77
1,<environment.Job instance at 0x7f0e12776320>,75,14,[ 5 13],76,-1,91,-1,77
1,<environment.Job instance at 0x7f0e128d3820>,9,12,[ 3 11],10,-1,42,-1,30
1,<environment.Job instance at 0x7f0e128d3a00>,10,24,[6 1],11,-1,54,-1,30
1,<environment.Job instance at 0x7f0e128d3d70>,11,28,[12  1],12,-1,58,-1,30
1,<environment.Job instance at 0x7f0e128d38c0>,12,25,[14  3],13,-1,55,-1,30
1,<environment.Job instance at 0x7f0e128d3730>,13,25,[12  4],14,-1,55,-1,30
1,<environment.Job instance at 0x7f0e128d3460>,14,19,[14  1],15,-1,49,-1,30
1,<environment.Job instance at 0x7f0e128d39b0>,15,21,[11  5],16,-1,51,-1,30
1,<environment.Job instance at 0x7f0e128d3550>,16,13,[11  4],17,-1,43,-1,30
1,<environment.Job instance at 0x7f0e128d35f0>,17,25,[8 5],18,-1,55,-1,30
1,<environment.Job instance at 0x7f0e12f30f50>,20,12,[ 3 14],21,-1,58,-1,46
1,<environment.Job instance at 0x7f0e12f309b0>,21,15,[ 4 13],22,-1,61,-1,46
1,<environment.Job instance at 0x7f0e12f30be0>,23,13,[11  4],24,-1,65,-1,52
1,<environment.Job instance at 0x7f0e12fc50f0>,29,19,[ 4 11],30,-1,108,-1,89
1,<environment.Job instance at 0x7f0e1bf332d0>,30,28,[ 3 11],31,-1,117,-1,89
1,<environment.Job instance at 0x7f0e12511b90>,31,26,[4 8],32,-1,115,-1,89
1,<environment.Job instance at 0x7f0e120b29b0>,32,23,[4 6],33,-1,112,-1,89
1,<environment.Job instance at 0x7f0e12c648c0>,1,16,[ 3 12],2,-1,18,-1,2
1,<environment.Job instance at 0x7f0e12c64190>,8,26,[ 5 13],9,-1,35,-1,9
1,<environment.Job instance at 0x7f0e12c64af0>,9,13,[12  2],10,-1,23,-1,10
1,<environment.Job instance at 0x7f0e12c64b40>,10,24,[ 5 13],11,-1,35,-1,11
1,<environment.Job instance at 0x7f0e12c647d0>,11,23,[ 5 12],12,-1,35,-1,12
1,<environment.Job instance at 0x7f0e12c64e10>,12,15,[14  2],13,-1,28,-1,13
1,<environment.Job instance at 0x7f0e12c64910>,13,25,[ 2 12],14,-1,39,-1,14
1,<environment.Job instance at 0x7f0e13052190>,16,15,[ 5 12],17,-1,50,-1,35
1,<environment.Job instance at 0x7f0e13052460>,18,27,[2 9],19,-1,62,-1,35
1,<environment.Job instance at 0x7f0e13052230>,19,19,[ 4 13],20,-1,54,-1,35
1,<environment.Job instance at 0x7f0e130525f0>,20,21,[ 5 13],21,-1,56,-1,35
1,<environment.Job instance at 0x7f0e13052dc0>,22,24,[7 1],23,-1,61,-1,37
1,<environment.Job instance at 0x7f0e13052f00>,23,23,[6 3],24,-1,66,-1,43
1,<environment.Job instance at 0x7f0e13052320>,26,16,[14  5],27,-1,73,-1,57
1,<environment.Job instance at 0x7f0e13052730>,27,18,[ 4 11],28,-1,75,-1,57
1,<environment.Job instance at 0x7f0e13052b90>,28,25,[2 5],29,-1,82,-1,57
1,<environment.Job instance at 0x7f0e13052af0>,29,13,[12  3],30,-1,70,-1,57
1,<environment.Job instance at 0x7f0e13052910>,30,25,[10  2],31,-1,82,-1,57
1,<environment.Job instance at 0x7f0e13052050>,31,28,[ 5 14],32,-1,85,-1,57
1,<environment.Job instance at 0x7f0e13052d20>,33,17,[12  5],34,-1,74,-1,57
1,<environment.Job instance at 0x7f0e120e3140>,35,27,[13  3],36,-1,89,-1,62
1,<environment.Job instance at 0x7f0e120e3fa0>,37,12,[ 1 10],38,-1,89,-1,77
1,<environment.Job instance at 0x7f0e128dc320>,3,19,[ 4 11],4,-1,23,-1,4
1,<environment.Job instance at 0x7f0e1230f8c0>,5,28,[8 4],6,-1,35,-1,7
1,<environment.Job instance at 0x7f0e11c63f50>,7,17,[ 4 13],8,-1,25,-1,8
1,<environment.Job instance at 0x7f0e11a700a0>,8,15,[ 5 11],9,-1,24,-1,9
1,<environment.Job instance at 0x7f0e13415a50>,9,13,[14  4],10,-1,23,-1,10
1,<environment.Job instance at 0x7f0e11c05780>,10,15,[13  5],11,-1,26,-1,11
1,<environment.Job instance at 0x7f0e11c05410>,13,25,[ 1 14],14,-1,44,-1,19
1,<environment.Job instance at 0x7f0e11c05a00>,14,19,[13  4],15,-1,38,-1,19
1,<environment.Job instance at 0x7f0e11c053c0>,16,16,[ 5 13],17,-1,35,-1,19
1,<environment.Job instance at 0x7f0e11c05cd0>,17,25,[ 4 11],18,-1,44,-1,19
1,<environment.Job instance at 0x7f0e12374320>,20,26,[ 1 11],21,-1,73,-1,47
1,<environment.Job instance at 0x7f0e12042960>,21,23,[ 3 13],22,-1,70,-1,47
1,<environment.Job instance at 0x7f0e12042fa0>,22,26,[4 9],23,-1,73,-1,47
1,<environment.Job instance at 0x7f0e12f08230>,29,23,[6 1],30,-1,106,-1,83
1,<environment.Job instance at 0x7f0e12b58690>,30,27,[2 7],31,-1,110,-1,83
1,<environment.Job instance at 0x7f0e12b58690>,2,16,[ 3 11],3,-1,19,-1,3
1,<environment.Job instance at 0x7f0e11fa27d0>,4,23,[14  4],5,-1,28,-1,5
1,<environment.Job instance at 0x7f0e129f5e60>,6,26,[ 1 10],7,-1,33,-1,7
1,<environment.Job instance at 0x7f0e11fa2d70>,10,18,[ 2 10],11,-1,37,-1,19
1,<environment.Job instance at 0x7f0e11fa2e10>,11,18,[13  2],12,-1,37,-1,19
1,<environment.Job instance at 0x7f0e11fa2eb0>,12,24,[14  4],13,-1,43,-1,19
1,<environment.Job instance at 0x7f0e11fa2f50>,13,25,[2 8],14,-1,44,-1,19
1,<environment.Job instance at 0x7f0e11fa2fa0>,14,14,[9 1],15,-1,36,-1,22
1,<environment.Job instance at 0x7f0e11fa2cd0>,16,27,[13  4],17,-1,60,-1,33
1,<environment.Job instance at 0x7f0e132c01e0>,18,25,[ 1 12],19,-1,59,-1,34
1,<environment.Job instance at 0x7f0e132c0370>,20,27,[ 2 13],21,-1,61,-1,34
1,<environment.Job instance at 0x7f0e132c00f0>,21,20,[14  5],22,-1,54,-1,34
1,<environment.Job instance at 0x7f0e132c0500>,22,25,[ 3 12],23,-1,59,-1,34
1,<environment.Job instance at 0x7f0e132c0640>,23,14,[13  1],24,-1,48,-1,34
1,<environment.Job instance at 0x7f0e132c06e0>,24,15,[12  1],25,-1,49,-1,34
1,<environment.Job instance at 0x7f0e132c0780>,25,13,[ 2 12],26,-1,47,-1,34
1,<environment.Job instance at 0x7f0e132c0820>,26,12,[14  2],27,-1,46,-1,34
1,<environment.Job instance at 0x7f0e132c08c0>,27,28,[7 1],28,-1,62,-1,34
1,<environment.Job instance at 0x7f0e132c0960>,28,18,[ 3 13],29,-1,52,-1,34
1,<environment.Job instance at 0x7f0e132c0a00>,29,22,[2 7],30,-1,60,-1,38
1,<environment.Job instance at 0x7f0e132c0aa0>,30,17,[13  4],31,-1,55,-1,38
1,<environment.Job instance at 0x7f0e132c0b40>,31,27,[6 2],32,-1,65,-1,38
1,<environment.Job instance at 0x7f0e132c0a50>,32,16,[ 3 10],33,-1,54,-1,38
1,<environment.Job instance at 0x7f0e132c0c30>,33,13,[3 9],34,-1,51,-1,38
1,<environment.Job instance at 0x7f0e132c0af0>,34,16,[ 2 11],35,-1,54,-1,38
1,<environment.Job instance at 0x7f0e132c0d20>,35,27,[ 5 12],36,-1,65,-1,38
1,<environment.Job instance at 0x7f0e132c0be0>,36,17,[ 4 13],37,-1,55,-1,38
1,<environment.Job instance at 0x7f0e132c0dc0>,37,28,[9 4],38,-1,66,-1,38
1,<environment.Job instance at 0x7f0e132c0fa0>,38,25,[ 1 12],39,-1,64,-1,39
1,<environment.Job instance at 0x7f0e132c9820>,39,28,[2 9],40,-1,68,-1,40
1,<environment.Job instance at 0x7f0e132c0f50>,41,14,[14  3],42,-1,62,-1,48
1,<environment.Job instance at 0x7f0e132c9870>,42,15,[ 3 11],43,-1,63,-1,48
1,<environment.Job instance at 0x7f0e132c9cd0>,43,20,[ 4 12],44,-1,68,-1,48
1,<environment.Job instance at 0x7f0e132c9f00>,44,28,[ 5 14],45,-1,76,-1,48
1,<environment.Job instance at 0x7f0e132c9460>,45,17,[ 3 14],46,-1,65,-1,48
1,<environment.Job instance at 0x7f0e132c9780>,46,27,[ 3 10],47,-1,75,-1,48
1,<environment.Job instance at 0x7f0e132c92d0>,48,14,[4 9],49,-1,73,-1,59
1,<environment.Job instance at 0x7f0e132c96e0>,49,22,[ 1 10],50,-1,81,-1,59
1,<environment.Job instance at 0x7f0e132c9a00>,50,22,[2 8],51,-1,81,-1,59
1,<environment.Job instance at 0x7f0e132c9eb0>,51,27,[6 4],52,-1,86,-1,59
1,<environment.Job instance at 0x7f0e132c9d20>,52,22,[ 2 10],53,-1,81,-1,59
1,<environment.Job instance at 0x7f0e132c9050>,53,25,[2 8],54,-1,84,-1,59
1,<environment.Job instance at 0x7f0e132c9500>,57,28,[ 5 11],58,-1,108,-1,80
1,<environment.Job instance at 0x7f0e11f82190>,59,13,[11  4],60,-1,93,-1,80
1,<environment.Job instance at 0x7f0e12323640>,60,21,[12  2],61,-1,101,-1,80
1,<environment.Job instance at 0x7f0e11f73500>,61,23,[ 2 12],62,-1,103,-1,80
1,<environment.Job instance at 0x7f0e11f73e60>,62,26,[ 2 13],63,-1,106,-1,80
1,<environment.Job instance at 0x7f0e11f73870>,63,17,[13  3],64,-1,97,-1,80
1,<environment.Job instance at 0x7f0e11f73aa0>,64,22,[13  2],65,-1,102,-1,80
1,<environment.Job instance at 0x7f0e11f73320>,65,12,[8 5],66,-1,95,-1,83
1,<environment.Job instance at 0x7f0e11f73960>,66,13,[ 2 14],67,-1,96,-1,83
1,<environment.Job instance at 0x7f0e11f734b0>,67,22,[ 3 14],68,-1,105,-1,83
1,<environment.Job instance at 0x7f0e11f73050>,68,28,[ 3 13],69,-1,111,-1,83
1,<environment.Job instance at 0x7f0e11f73140>,69,27,[14  1],70,-1,110,-1,83
1,<environment.Job instance at 0x7f0e11f735a0>,2,24,[8 5],3,-1,27,-1,3
1,<environment.Job instance at 0x7f0e121af460>,3,14,[14  1],4,-1,18,-1,4
1,<environment.Job instance at 0x7f0e121af410>,4,24,[8 5],5,-1,29,-1,5
1,<environment.Job instance at 0x7f0e11e65960>,5,22,[13  5],6,-1,28,-1,6
1,<environment.Job instance at 0x7f0e11f73140>,9,17,[ 5 13],10,-1,27,-1,10
1,<environment.Job instance at 0x7f0e11e65c80>,10,26,[ 3 14],11,-1,37,-1,11
1,<environment.Job instance at 0x7f0e11e65230>,12,26,[ 1 10],13,-1,40,-1,14
1,<environment.Job instance at 0x7f0e12b13be0>,16,15,[ 4 12],17,-1,39,-1,24
1,<environment.Job instance at 0x7f0e12b13eb0>,18,20,[ 4 13],19,-1,57,-1,37
1,<environment.Job instance at 0x7f0e12b139b0>,19,25,[4 8],20,-1,62,-1,37
1,<environment.Job instance at 0x7f0e12b13e10>,21,18,[14  3],22,-1,55,-1,37
1,<environment.Job instance at 0x7f0e12b133c0>,23,15,[ 5 11],24,-1,52,-1,37
1,<environment.Job instance at 0x7f0e12b13b90>,24,24,[7 4],25,-1,61,-1,37
1,<environment.Job instance at 0x7f0e12b13870>,26,27,[13  2],27,-1,79,-1,52
1,<environment.Job instance at 0x7f0e12b13c30>,29,27,[5 7],30,-1,94,-1,67
1,<environment.Job instance at 0x7f0e12b13190>,31,24,[ 4 12],32,-1,97,-1,73
1,<environment.Job instance at 0x7f0e12b13b40>,32,12,[14  4],33,-1,85,-1,73
1,<environment.Job instance at 0x7f0e12b13410>,33,28,[5 5],34,-1,101,-1,73
1,<environment.Job instance at 0x7f0e134921e0>,34,18,[12  3],35,-1,91,-1,73
1,<environment.Job instance at 0x7f0e13492b40>,36,21,[ 4 14],37,-1,105,-1,84
1,<environment.Job instance at 0x7f0e13492dc0>,38,25,[1 7],39,-1,109,-1,84
1,<environment.Job instance at 0x7f0e13492730>,40,25,[ 2 11],41,-1,114,-1,89
1,<environment.Job instance at 0x7f0e13492c30>,41,26,[1 9],42,-1,115,-1,89
1,<environment.Job instance at 0x7f0e13492cd0>,42,28,[9 3],43,-1,117,-1,89
1,<environment.Job instance at 0x7f0e13492d70>,43,21,[12  3],44,-1,110,-1,89
1,<environment.Job instance at 0x7f0e13492870>,44,28,[11  3],45,-1,117,-1,89
1,<environment.Job instance at 0x7f0e12fca370>,2,26,[ 1 13],3,-1,29,-1,3
1,<environment.Job instance at 0x7f0e12ddb460>,5,14,[ 3 13],6,-1,20,-1,6
1,<environment.Job instance at 0x7f0e12fcac30>,6,16,[ 5 13],7,-1,23,-1,7
1,<environment.Job instance at 0x7f0e12fcadc0>,8,28,[14  2],9,-1,37,-1,9
1,<environment.Job instance at 0x7f0e12fcae60>,10,23,[6 4],11,-1,35,-1,12
1,<environment.Job instance at 0x7f0e12fcaa50>,12,20,[ 1 11],13,-1,33,-1,13
1,<environment.Job instance at 0x7f0e12fcaf50>,13,13,[ 2 10],14,-1,29,-1,16
1,<environment.Job instance at 0x7f0e12fcaf00>,15,14,[12  2],16,-1,30,-1,16
1,<environment.Job instance at 0x7f0e12fca870>,17,28,[1 5],18,-1,46,-1,18
1,<environment.Job instance at 0x7f0e12fca1e0>,18,21,[14  5],19,-1,40,-1,19
1,<environment.Job instance at 0x7f0e12570aa0>,19,25,[8 1],20,-1,45,-1,20
1,<environment.Job instance at 0x7f0e12570690>,20,18,[ 1 10],21,-1,41,-1,23
1,<environment.Job instance at 0x7f0e12570230>,21,12,[12  3],22,-1,35,-1,23
1,<environment.Job instance at 0x7f0e12570050>,24,25,[4 5],25,-1,63,-1,38
1,<environment.Job instance at 0x7f0e12570fa0>,25,25,[10  3],26,-1,63,-1,38
1,<environment.Job instance at 0x7f0e12570d70>,27,28,[13  4],28,-1,71,-1,43
1,<environment.Job instance at 0x7f0e125708c0>,28,20,[13  2],29,-1,63,-1,43
1,<environment.Job instance at 0x7f0e125705f0>,29,14,[12  3],30,-1,57,-1,43
1,<environment.Job instance at 0x7f0e125702d0>,30,17,[ 5 13],31,-1,60,-1,43
1,<environment.Job instance at 0x7f0e125703c0>,31,13,[11  3],32,-1,56,-1,43
1,<environment.Job instance at 0x7f0e12570960>,32,18,[13  4],33,-1,61,-1,43
1,<environment.Job instance at 0x7f0e12570500>,34,12,[ 3 12],35,-1,75,-1,63
1,<environment.Job instance at 0x7f0e1266e1e0>,35,16,[ 2 11],36,-1,79,-1,63
1,<environment.Job instance at 0x7f0e1266edc0>,36,27,[14  4],37,-1,90,-1,63
1,<environment.Job instance at 0x7f0e1266ea50>,37,25,[ 2 14],38,-1,88,-1,63
1,<environment.Job instance at 0x7f0e1266e910>,40,20,[ 3 11],41,-1,90,-1,70
1,<environment.Job instance at 0x7f0e126b28c0>,43,15,[ 2 14],44,-1,102,-1,87
1,<environment.Job instance at 0x7f0e1266ed20>,44,23,[ 3 14],45,-1,110,-1,87
1,<environment.Job instance at 0x7f0e126b2320>,45,21,[ 5 13],46,-1,108,-1,87
1,<environment.Job instance at 0x7f0e126b2c30>,46,16,[ 3 14],47,-1,103,-1,87
1,<environment.Job instance at 0x7f0e126b2190>,47,17,[11  5],48,-1,104,-1,87
1,<environment.Job instance at 0x7f0e126b2eb0>,48,14,[11  3],49,-1,101,-1,87
1,<environment.Job instance at 0x7ff2ed44b1e0>,3,15,[13  4],4,-1,19,-1,4
1,<environment.Job instance at 0x7ff2e3cd3550>,4,24,[ 3 11],5,-1,29,-1,5
1,<environment.Job instance at 0x7ff2e3cd3730>,6,19,[ 1 13],7,-1,26,-1,7
1,<environment.Job instance at 0x7ff2e3cd3820>,8,24,[ 2 12],9,-1,33,-1,9
1,<environment.Job instance at 0x7ff2e3cd3dc0>,14,14,[14  3],15,-1,50,-1,36
1,<environment.Job instance at 0x7ff2e3cd3f00>,15,24,[ 2 13],16,-1,60,-1,36
1,<environment.Job instance at 0x7ff2e3cd3f50>,16,19,[ 3 12],17,-1,55,-1,36
1,<environment.Job instance at 0x7ff2e3cd3e60>,17,18,[ 5 13],18,-1,54,-1,36
1,<environment.Job instance at 0x7ff2e3cd4190>,19,21,[14  4],20,-1,57,-1,36
1,<environment.Job instance at 0x7ff2e3cd42d0>,21,22,[14  2],22,-1,72,-1,50
1,<environment.Job instance at 0x7ff2e3cd4370>,22,25,[ 4 12],23,-1,75,-1,50
1,<environment.Job instance at 0x7ff2e3cd44b0>,24,20,[ 3 12],25,-1,74,-1,54
1,<environment.Job instance at 0x7ff2e3cd4550>,25,16,[11  3],26,-1,70,-1,54
1,<environment.Job instance at 0x7ff2e3cd4690>,27,25,[14  4],28,-1,95,-1,70
1,<environment.Job instance at 0x7ff2e3cd47d0>,29,24,[5 1],30,-1,114,-1,90
1,<environment.Job instance at 0x7ff2e3cd49b0>,32,14,[14  3],33,-1,104,-1,90
1,<environment.Job instance at 0x7ff2e3e3daf0>,2,12,[10  1],3,-1,15,-1,3
1,<environment.Job instance at 0x7ff2e3cd4a00>,3,22,[ 4 11],4,-1,26,-1,4
1,<environment.Job instance at 0x7ff2e3e3d9b0>,4,19,[11  3],5,-1,24,-1,5
1,<environment.Job instance at 0x7ff2e3e3de10>,5,19,[11  4],6,-1,25,-1,6
1,<environment.Job instance at 0x7ff2e3e3d2d0>,6,27,[ 3 13],7,-1,34,-1,7
1,<environment.Job instance at 0x7ff2e3e3dc30>,8,17,[11  4],9,-1,26,-1,9
1,<environment.Job instance at 0x7ff2e3e3d0a0>,9,22,[ 1 14],10,-1,32,-1,10
1,<environment.Job instance at 0x7ff2e3e3d410>,11,25,[7 4],12,-1,37,-1,12
1,<environment.Job instance at 0x7ff2e3e3d0f0>,12,20,[ 5 13],13,-1,33,-1,13
1,<environment.Job instance at 0x7ff2e3e3d820>,13,21,[ 1 13],14,-1,35,-1,14
1,<environment.Job instance at 0x7ff2e3cd49b0>,16,26,[ 4 14],17,-1,43,-1,17
1,<environment.Job instance at 0x7ff2e341d3c0>,18,12,[12  1],19,-1,31,-1,19
1,<environment.Job instance at 0x7ff2e38a3af0>,22,21,[ 2 13],23,-1,47,-1,26
1,<environment.Job instance at 0x7ff2e37de370>,24,24,[5 6],25,-1,58,-1,34
1,<environment.Job instance at 0x7ff2e3883550>,25,18,[11  5],26,-1,52,-1,34
1,<environment.Job instance at 0x7ff2e379f370>,26,14,[14  1],27,-1,48,-1,34
1,<environment.Job instance at 0x7ff2e37ac960>,27,22,[12  1],28,-1,56,-1,34
1,<environment.Job instance at 0x7ff2e375a5a0>,31,27,[4 8],32,-1,99,-1,72
1,<environment.Job instance at 0x7ff2e341b0f0>,32,27,[5 4],33,-1,99,-1,72
1,<environment.Job instance at 0x7ff2e375a050>,33,18,[13  4],34,-1,90,-1,72
1,<environment.Job instance at 0x7ff2e33bf190>,34,22,[2 9],35,-1,94,-1,72
1,<environment.Job instance at 0x7ff2e362bc30>,36,14,[ 3 14],37,-1,86,-1,72
1,<environment.Job instance at 0x7ff2e38206e0>,37,21,[ 3 12],38,-1,93,-1,72
1,<environment.Job instance at 0x7ff2e3820dc0>,38,26,[ 1 11],39,-1,98,-1,72
1,<environment.Job instance at 0x7ff2e37ceeb0>,39,28,[3 6],40,-1,100,-1,72
1,<environment.Job instance at 0x7ff2e37ce370>,40,21,[ 3 12],41,-1,93,-1,72
1,<environment.Job instance at 0x7ff2e37cec80>,41,17,[ 2 11],42,-1,89,-1,72
1,<environment.Job instance at 0x7ff2e37cecd0>,43,14,[11  1],44,-1,101,-1,87
1,<environment.Job instance at 0x7ff2e37ce6e0>,44,26,[ 3 12],45,-1,113,-1,87
1,<environment.Job instance at 0x7ff2e37ce730>,45,24,[4 7],46,-1,111,-1,87
1,<environment.Job instance at 0x7ff2e3780640>,46,16,[14  1],47,-1,103,-1,87
1,<environment.Job instance at 0x7ff2e3780f50>,47,25,[5 4],48,-1,112,-1,87
1,<environment.Job instance at 0x7ff2e3780780>,48,28,[7 2],49,-1,115,-1,87
1,<environment.Job instance at 0x7ff2e37a3eb0>,49,28,[7 1],50,-1,115,-1,87
1,<environment.Job instance at 0x7ff2e3514c80>,1,21,[ 4 11],2,-1,23,-1,2
1,<environment.Job instance at 0x7ff2e3514d70>,2,20,[ 3 12],3,-1,23,-1,3
1,<environment.Job instance at 0x7ff2e3514be0>,4,28,[3 8],5,-1,33,-1,5
1,<environment.Job instance at 0x7ff2e35141e0>,5,24,[12  1],6,-1,30,-1,6
1,<environment.Job instance at 0x7ff2e3514140>,7,27,[5 3],8,-1,37,-1,10
1,<environment.Job instance at 0x7ff2e3514af0>,10,13,[11  1],11,-1,24,-1,11
1,<environment.Job instance at 0x7ff2e3514910>,11,27,[14  2],12,-1,39,-1,12
1,<environment.Job instance at 0x7ff2e3514370>,12,25,[13  2],13,-1,38,-1,13
1,<environment.Job instance at 0x7ff2e3514b40>,13,21,[ 4 12],14,-1,35,-1,14
1,<environment.Job instance at 0x7ff2e3514550>,15,18,[ 5 11],16,-1,34,-1,16
1,<environment.Job instance at 0x7ff2e35140f0>,17,12,[11  1],18,-1,43,-1,31
1,<environment.Job instance at 0x7ff2e34d1a00>,18,13,[ 5 13],19,-1,44,-1,31
1,<environment.Job instance at 0x7ff2e34d11e0>,21,14,[2 9],22,-1,46,-1,32
1,<environment.Job instance at 0x7ff2e34d1d20>,24,28,[4 8],25,-1,95,-1,67
1,<environment.Job instance at 0x7ff2e34d17d0>,25,23,[14  3],26,-1,90,-1,67
1,<environment.Job instance at 0x7ff2e34d15f0>,26,23,[3 8],27,-1,90,-1,67
1,<environment.Job instance at 0x7ff2e34d1780>,28,28,[11  1],29,-1,95,-1,67
1,<environment.Job instance at 0x7ff2e34d1c30>,29,17,[ 3 11],30,-1,84,-1,67
1,<environment.Job instance at 0x7ff2e362c0f0>,32,16,[14  3],33,-1,98,-1,82
1,<environment.Job instance at 0x7ff2e34d1e60>,33,12,[11  4],34,-1,94,-1,82
1,<environment.Job instance at 0x7ff2e362cb40>,34,15,[14  3],35,-1,97,-1,82
1,<environment.Job instance at 0x7ff2e362c640>,35,28,[6 4],36,-1,110,-1,82
1,<environment.Job instance at 0x7ff2e362cc80>,36,13,[ 5 13],37,-1,95,-1,82
1,<environment.Job instance at 0x7ff2e34e79b0>,2,20,[14  4],3,-1,23,-1,3
1,<environment.Job instance at 0x7ff2e34121e0>,4,16,[ 2 11],5,-1,21,-1,5
1,<environment.Job instance at 0x7ff2e3412550>,5,24,[8 2],6,-1,30,-1,6
1,<environment.Job instance at 0x7ff2e3412cd0>,8,22,[9 3],9,-1,58,-1,36
1,<environment.Job instance at 0x7ff2e35f33c0>,13,26,[4 8],14,-1,62,-1,36
1,<environment.Job instance at 0x7ff2e341cc80>,14,17,[12  2],15,-1,53,-1,36
1,<environment.Job instance at 0x7ff2e341c640>,15,19,[11  2],16,-1,55,-1,36
1,<environment.Job instance at 0x7ff2e341ce10>,16,12,[14  5],17,-1,48,-1,36
1,<environment.Job instance at 0x7ff2e3c7a870>,17,24,[ 1 11],18,-1,60,-1,36
1,<environment.Job instance at 0x7ff2e341c690>,18,18,[ 4 12],19,-1,54,-1,36
1,<environment.Job instance at 0x7ff2e37f70f0>,22,22,[ 3 14],23,-1,71,-1,49
1,<environment.Job instance at 0x7ff2e37f7460>,23,28,[14  4],24,-1,77,-1,49
1,<environment.Job instance at 0x7ff2e37f7c80>,25,25,[ 3 13],26,-1,90,-1,65
1,<environment.Job instance at 0x7ff2e3955370>,27,24,[ 2 13],28,-1,111,-1,87
1,<environment.Job instance at 0x7ff2e38c1c30>,28,21,[ 2 14],29,-1,108,-1,87
1,<environment.Job instance at 0x7ff2e406dd70>,29,16,[ 5 13],30,-1,103,-1,87
1,<environment.Job instance at 0x7ff2e37be780>,30,28,[1 7],31,-1,115,-1,87
1,<environment.Job instance at 0x7ff2e33d9910>,32,13,[ 4 10],33,-1,101,-1,88
1,<environment.Job instance at 0x7ff2e33be140>,34,24,[12  1],35,-1,121,-1,97
1,<environment.Job instance at 0x7ff2e33be140>,2,26,[12  3],3,-1,29,-1,3
1,<environment.Job instance at 0x7ff2e32515f0>,4,17,[ 4 13],5,-1,22,-1,5
1,<environment.Job instance at 0x7ff2e3251780>,6,28,[1 9],7,-1,35,-1,7
1,<environment.Job instance at 0x7ff2e3251be0>,11,13,[ 2 13],12,-1,31,-1,18
1,<environment.Job instance at 0x7ff2e3251c80>,12,18,[12  5],13,-1,36,-1,18
1,<environment.Job instance at 0x7ff2e3251d20>,13,26,[13  3],14,-1,44,-1,18
1,<environment.Job instance at 0x7ff2e3251dc0>,14,13,[14  1],15,-1,31,-1,18
1,<environment.Job instance at 0x7ff2e3251e60>,15,16,[ 3 11],16,-1,34,-1,18
1,<environment.Job instance at 0x7ff2e3251f00>,16,22,[14  2],17,-1,40,-1,18
1,<environment.Job instance at 0x7ff2e3251fa0>,17,14,[12  4],18,-1,32,-1,18
1,<environment.Job instance at 0x7ff2e3251910>,18,14,[11  1],19,-1,33,-1,19
1,<environment.Job instance at 0x7ff2e32521e0>,19,28,[6 2],20,-1,48,-1,20
1,<environment.Job instance at 0x7ff2e32520f0>,20,20,[12  3],21,-1,41,-1,21
1,<environment.Job instance at 0x7ff2e32522d0>,21,21,[13  4],22,-1,43,-1,22
1,<environment.Job instance at 0x7ff2e32524b0>,23,16,[11  1],24,-1,57,-1,41
1,<environment.Job instance at 0x7ff2e32525f0>,25,14,[11  5],26,-1,75,-1,61
1,<environment.Job instance at 0x7ff2e3252690>,26,13,[ 1 11],27,-1,74,-1,61
1,<environment.Job instance at 0x7ff2e32527d0>,28,25,[6 1],29,-1,107,-1,82
1,<environment.Job instance at 0x7ff2e3252870>,29,15,[ 3 12],30,-1,97,-1,82
1,<environment.Job instance at 0x7ff2e3252910>,30,18,[13  2],31,-1,100,-1,82
1,<environment.Job instance at 0x7ff2e32529b0>,31,27,[5 7],32,-1,109,-1,82
1,<environment.Job instance at 0x7ff2e3252a50>,32,12,[14  3],33,-1,94,-1,82
1,<environment.Job instance at 0x7ff2e3252af0>,33,28,[11  3],34,-1,110,-1,82
1,<environment.Job instance at 0x7ff2e3252c30>,35,28,[ 4 12],36,-1,110,-1,82
1,<environment.Job instance at 0x7ff2e3252cd0>,36,20,[11  3],37,-1,102,-1,82
1,<environment.Job instance at 0x7ff2e3252d70>,37,15,[ 5 13],38,-1,97,-1,82
1,<environment.Job instance at 0x7ff2e3252f50>,40,24,[12  5],41,-1,121,-1,97
1,<environment.Job instance at 0x7ff2e3252fa0>,41,19,[ 2 14],42,-1,116,-1,97
1,<environment.Job instance at 0x7ff2e3252f00>,42,22,[12  1],43,-1,119,-1,97
1,<environment.Job instance at 0x7ff2e3257050>,43,13,[ 3 11],44,-1,110,-1,97
1,<environment.Job instance at 0x7ff2e329dd20>,2,19,[ 2 14],3,-1,22,-1,3
1,<environment.Job instance at 0x7ff2e32897d0>,4,24,[14  2],5,-1,29,-1,5
1,<environment.Job instance at 0x7ff2e3289c80>,11,20,[14  4],12,-1,44,-1,24
1,<environment.Job instance at 0x7ff2e3289550>,12,21,[13  5],13,-1,45,-1,24
1,<environment.Job instance at 0x7ff2e3289dc0>,14,14,[ 1 12],15,-1,38,-1,24
1,<environment.Job instance at 0x7ff2e32899b0>,15,15,[14  3],16,-1,39,-1,24
1,<environment.Job instance at 0x7ff2e3289aa0>,17,23,[ 2 13],18,-1,64,-1,41
1,<environment.Job instance at 0x7ff2e3289460>,18,25,[1 6],19,-1,66,-1,41
1,<environment.Job instance at 0x7ff2e3289640>,19,22,[12  5],20,-1,63,-1,41
1,<environment.Job instance at 0x7ff2e3289320>,20,23,[7 1],21,-1,64,-1,41
1,<environment.Job instance at 0x7ff2e3289f00>,22,24,[2 5],23,-1,65,-1,41
1,<environment.Job instance at 0x7ff2e32abbe0>,24,12,[ 2 13],25,-1,69,-1,57
1,<environment.Job instance at 0x7ff2e32abcd0>,25,27,[4 9],26,-1,84,-1,57
1,<environment.Job instance at 0x7ff2e32ab410>,27,24,[10  2],28,-1,81,-1,57
1,<environment.Job instance at 0x7ff2e32ab550>,28,14,[ 5 14],29,-1,71,-1,57
1,<environment.Job instance at 0x7ff2e32ab1e0>,30,12,[8 1],31,-1,92,-1,80
1,<environment.Job instance at 0x7ff2e32ab5a0>,32,25,[11  2],33,-1,119,-1,94
1,<environment.Job instance at 0x7ff2e32ab4b0>,33,15,[ 3 12],34,-1,109,-1,94
1,<environment.Job instance at 0x7ff2e32abd70>,34,17,[ 3 12],35,-1,111,-1,94
1,<environment.Job instance at 0x7ff2e32abc30>,35,22,[14  5],36,-1,116,-1,94
1,<environment.Job instance at 0x7ff2e3b0faa0>,3,18,[14  1],4,-1,22,-1,4
1,<environment.Job instance at 0x7ff2e3b0fb40>,4,24,[9 2],5,-1,29,-1,5
1,<environment.Job instance at 0x7ff2e3b0fd70>,6,15,[ 5 11],7,-1,22,-1,7
1,<environment.Job instance at 0x7ff2e3b0f4b0>,7,27,[ 2 13],8,-1,35,-1,8
1,<environment.Job instance at 0x7ff2e3b0f1e0>,8,27,[5 1],9,-1,36,-1,9
1,<environment.Job instance at 0x7ff2e3b0f0a0>,9,16,[ 3 12],10,-1,26,-1,10
1,<environment.Job instance at 0x7ff2e3b0f550>,10,12,[ 3 12],11,-1,23,-1,11
1,<environment.Job instance at 0x7ff2e3b0f820>,11,13,[ 3 12],12,-1,25,-1,12
1,<environment.Job instance at 0x7ff2e3b0f6e0>,12,24,[ 4 10],13,-1,37,-1,13
1,<environment.Job instance at 0x7ff2e3b0feb0>,13,25,[11  2],14,-1,39,-1,14
1,<environment.Job instance at 0x7ff2e3b0fa50>,14,23,[ 1 14],15,-1,38,-1,15
1,<environment.Job instance at 0x7ff2e3b0f5f0>,16,12,[ 3 12],17,-1,29,-1,17
1,<environment.Job instance at 0x7ff2e47c23c0>,22,22,[ 5 14],23,-1,55,-1,33
1,<environment.Job instance at 0x7ff2e47c29b0>,23,17,[12  4],24,-1,50,-1,33
1,<environment.Job instance at 0x7ff2e47c2910>,24,26,[ 1 10],25,-1,59,-1,33
1,<environment.Job instance at 0x7ff2e47c2d20>,29,12,[ 1 11],30,-1,74,-1,62
1,<environment.Job instance at 0x7ff2e47c20f0>,30,28,[3 6],31,-1,90,-1,62
1,<environment.Job instance at 0x7ff2e3271be0>,1,13,[12  4],2,-1,15,-1,2
1,<environment.Job instance at 0x7ff2e47c22d0>,2,27,[9 3],3,-1,30,-1,3
1,<environment.Job instance at 0x7ff2e3248d70>,4,18,[ 5 12],5,-1,23,-1,5
1,<environment.Job instance at 0x7ff2e3248c80>,5,28,[ 2 13],6,-1,34,-1,6
1,<environment.Job instance at 0x7ff2e3248f50>,6,26,[ 3 14],7,-1,33,-1,7
1,<environment.Job instance at 0x7ff2e3248960>,9,15,[ 3 13],10,-1,25,-1,10
1,<environment.Job instance at 0x7ff2e47c2c80>,10,25,[13  4],11,-1,36,-1,11
1,<environment.Job instance at 0x7ff2e32380a0>,11,17,[13  1],12,-1,29,-1,12
1,<environment.Job instance at 0x7ff2e3248aa0>,13,25,[12  1],14,-1,39,-1,14
1,<environment.Job instance at 0x7ff2e3238c30>,14,28,[14  4],15,-1,43,-1,15
1,<environment.Job instance at 0x7ff2e3238d70>,15,16,[ 1 13],16,-1,32,-1,16
1,<environment.Job instance at 0x7ff2e3238910>,16,26,[ 3 11],17,-1,43,-1,17
1,<environment.Job instance at 0x7ff2e43ff190>,20,16,[11  4],21,-1,43,-1,27
1,<environment.Job instance at 0x7ff2e3238730>,23,20,[12  4],24,-1,61,-1,41
1,<environment.Job instance at 0x7ff2e3243050>,24,26,[1 6],25,-1,67,-1,41
1,<environment.Job instance at 0x7ff2e3243f50>,25,23,[5 5],26,-1,64,-1,41
1,<environment.Job instance at 0x7ff2e3a36410>,26,27,[12  2],27,-1,68,-1,41
1,<environment.Job instance at 0x7ff2e3a36a00>,27,15,[14  2],28,-1,56,-1,41
1,<environment.Job instance at 0x7ff2e410c460>,28,15,[13  3],29,-1,56,-1,41
1,<environment.Job instance at 0x7ff2e3b77eb0>,32,25,[14  3],33,-1,87,-1,62
1,<environment.Job instance at 0x7ff2e33ef0a0>,33,23,[14  5],34,-1,85,-1,62
1,<environment.Job instance at 0x7ff2e4111320>,34,27,[12  3],35,-1,89,-1,62
1,<environment.Job instance at 0x7ff2e3a36e10>,29,22,[1 7],30,-1,84,-1,62
1,<environment.Job instance at 0x7ff2e3b1c500>,36,28,[ 1 13],37,-1,90,-1,62
1,<environment.Job instance at 0x7ff2e3b1c820>,37,25,[12  4],38,-1,87,-1,62
1,<environment.Job instance at 0x7ff2e3b1c5a0>,38,17,[ 2 13],39,-1,79,-1,62
1,<environment.Job instance at 0x7ff2e3b18730>,39,15,[ 2 14],40,-1,77,-1,62
1,<environment.Job instance at 0x7ff2e3b18460>,41,16,[ 2 13],42,-1,91,-1,75
1,<environment.Job instance at 0x7ff2e411ef50>,43,15,[12  3],44,-1,90,-1,75
1,<environment.Job instance at 0x7ff2e43ee4b0>,44,19,[ 2 13],45,-1,94,-1,75
1,<environment.Job instance at 0x7ff2e32675f0>,47,18,[ 1 13],48,-1,107,-1,89
1,<environment.Job instance at 0x7ff2e3267550>,48,12,[ 5 14],49,-1,101,-1,89
1,<environment.Job instance at 0x7ff2e3267870>,49,13,[14  1],50,-1,102,-1,89
1,<environment.Job instance at 0x7ff2e3288eb0>,1,26,[10  4],2,-1,28,-1,2
1,<environment.Job instance at 0x7ff2e326aeb0>,2,23,[5 5],3,-1,26,-1,3
1,<environment.Job instance at 0x7ff2e3288f00>,3,13,[ 1 14],4,-1,17,-1,4
1,<environment.Job instance at 0x7ff2e3288230>,4,12,[ 3 11],5,-1,17,-1,5
1,<environment.Job instance at 0x7ff2e3288be0>,7,19,[ 5 13],8,-1,27,-1,8
1,<environment.Job instance at 0x7ff2e3288370>,8,14,[ 2 10],9,-1,23,-1,9
1,<environment.Job instance at 0x7ff2e3288a00>,9,25,[3 9],10,-1,35,-1,10
1,<environment.Job instance at 0x7ff2e326af00>,13,17,[ 3 13],14,-1,31,-1,14
1,<environment.Job instance at 0x7ff2e4158690>,14,28,[3 9],15,-1,43,-1,15
1,<environment.Job instance at 0x7ff2e4158eb0>,15,28,[ 3 10],16,-1,44,-1,16
1,<environment.Job instance at 0x7ff2e4158820>,19,20,[12  4],20,-1,45,-1,25
1,<environment.Job instance at 0x7ff2e4158280>,20,28,[8 2],21,-1,53,-1,25
1,<environment.Job instance at 0x7ff2e4158cd0>,21,16,[12  4],22,-1,41,-1,25
1,<environment.Job instance at 0x7ff2e4158dc0>,22,16,[ 2 13],23,-1,41,-1,25
1,<environment.Job instance at 0x7ff2e43f3be0>,23,23,[5 8],24,-1,49,-1,26
1,<environment.Job instance at 0x7ff2e43f3050>,27,23,[5 4],28,-1,64,-1,41
1,<environment.Job instance at 0x7ff2e43f3eb0>,28,23,[11  4],29,-1,64,-1,41
1,<environment.Job instance at 0x7ff2e43f38c0>,30,21,[ 5 13],31,-1,67,-1,46
1,<environment.Job instance at 0x7ff2e43f3e10>,32,17,[11  2],33,-1,79,-1,62
1,<environment.Job instance at 0x7ff2e43f3550>,35,28,[10  3],36,-1,108,-1,80
1,<environment.Job instance at 0x7ff2e43f3320>,36,28,[13  4],37,-1,108,-1,80
1,<environment.Job instance at 0x7ff2e43f37d0>,38,25,[5 7],39,-1,105,-1,80
1,<environment.Job instance at 0x7ff2e43f3c80>,39,23,[13  3],40,-1,103,-1,80
1,<environment.Job instance at 0x7ff2e43f3190>,40,18,[ 4 13],41,-1,98,-1,80
1,<environment.Job instance at 0x7ff2e43e0140>,41,18,[13  1],42,-1,98,-1,80
1,<environment.Job instance at 0x7ff2e43f35a0>,42,14,[9 1],43,-1,94,-1,80
1,<environment.Job instance at 0x7ff2e43e0eb0>,43,12,[7 1],44,-1,92,-1,80
1,<environment.Job instance at 0x7ff2e43e0a50>,45,28,[3 8],46,-1,122,-1,94
1,<environment.Job instance at 0x7ff2e43e00a0>,46,18,[ 1 14],47,-1,112,-1,94
1,<environment.Job instance at 0x7ff2e43e06e0>,3,25,[14  5],4,-1,29,-1,4
1,<environment.Job instance at 0x7ff2e3c90d20>,4,26,[10  2],5,-1,31,-1,5
1,<environment.Job instance at 0x7ff2e3c90c30>,5,14,[14  1],6,-1,20,-1,6
1,<environment.Job instance at 0x7ff2e3c90e60>,7,26,[12  5],8,-1,34,-1,8
1,<environment.Job instance at 0x7ff2e3c90b90>,8,28,[8 3],9,-1,37,-1,9
1,<environment.Job instance at 0x7ff2e3c7f050>,9,16,[14  1],10,-1,26,-1,10
1,<environment.Job instance at 0x7ff2e3c7f370>,13,19,[ 4 10],14,-1,37,-1,18
1,<environment.Job instance at 0x7ff2e3c7f820>,19,17,[ 3 12],20,-1,73,-1,56
1,<environment.Job instance at 0x7ff2e3c7f1e0>,20,13,[14  5],21,-1,69,-1,56
1,<environment.Job instance at 0x7ff2e3c7f8c0>,21,21,[ 5 14],22,-1,77,-1,56
1,<environment.Job instance at 0x7ff2e3c7f960>,22,21,[ 4 11],23,-1,77,-1,56
1,<environment.Job instance at 0x7ff2e3c7fa00>,23,25,[2 7],24,-1,81,-1,56
1,<environment.Job instance at 0x7ff2e3c7faa0>,24,23,[14  4],25,-1,79,-1,56
1,<environment.Job instance at 0x7ff2e3c7fb40>,25,12,[ 3 11],26,-1,68,-1,56
1,<environment.Job instance at 0x7ff2e3c7fd20>,28,18,[12  1],29,-1,90,-1,72
1,<environment.Job instance at 0x7ff2e3c7fdc0>,29,15,[2 8],30,-1,87,-1,72
1,<environment.Job instance at 0x7ff2e3c7fe60>,30,24,[12  2],31,-1,96,-1,72
1,<environment.Job instance at 0x7ff2e3c7ff00>,31,12,[6 1],32,-1,84,-1,72
1,<environment.Job instance at 0x7ff2e3c7ffa0>,32,25,[8 3],33,-1,97,-1,72
1,<environment.Job instance at 0x7ff2e3c7f640>,33,15,[11  1],34,-1,87,-1,72
1,<environment.Job instance at 0x7ff2e3c981e0>,35,27,[7 4],36,-1,113,-1,86
1,<environment.Job instance at 0x7ff2e3c98460>,37,22,[2 7],38,-1,110,-1,88
1,<environment.Job instance at 0x7ff2e3c98320>,38,26,[9 5],39,-1,114,-1,88
1,<environment.Job instance at 0x7ff2e3c98550>,39,13,[ 1 10],40,-1,101,-1,88
1,<environment.Job instance at 0x7ff2e3c985f0>,40,28,[9 3],41,-1,116,-1,88
1,<environment.Job instance at 0x7ff2e3c98690>,41,27,[5 1],42,-1,115,-1,88
1,<environment.Job instance at 0x7ff2e3d26230>,1,12,[ 1 12],2,-1,14,-1,2
1,<environment.Job instance at 0x7ff2e3c48af0>,3,26,[5 5],4,-1,30,-1,4
1,<environment.Job instance at 0x7ff2e3c98690>,5,26,[5 8],6,-1,32,-1,6
1,<environment.Job instance at 0x7ff2e3474410>,6,18,[ 5 14],7,-1,25,-1,7
1,<environment.Job instance at 0x7ff2e3474eb0>,8,27,[ 2 10],9,-1,36,-1,9
1,<environment.Job instance at 0x7ff2e3474370>,10,27,[11  5],11,-1,38,-1,11
1,<environment.Job instance at 0x7ff2e34748c0>,11,14,[ 5 14],12,-1,26,-1,12
1,<environment.Job instance at 0x7ff2e3474460>,16,15,[ 5 14],17,-1,40,-1,25
1,<environment.Job instance at 0x7ff2e34740f0>,17,22,[ 4 11],18,-1,47,-1,25
1,<environment.Job instance at 0x7ff2e33c2f50>,18,13,[ 5 13],19,-1,38,-1,25
1,<environment.Job instance at 0x7ff2e3474640>,19,19,[ 3 10],20,-1,44,-1,25
1,<environment.Job instance at 0x7ff2e33c2e10>,21,24,[5 1],22,-1,49,-1,25
1,<environment.Job instance at 0x7ff2e33c2b90>,22,13,[ 5 12],23,-1,38,-1,25
1,<environment.Job instance at 0x7ff2e33c2fa0>,23,15,[14  1],24,-1,40,-1,25
1,<environment.Job instance at 0x7ff2e33c2500>,24,23,[1 8],25,-1,48,-1,25
1,<environment.Job instance at 0x7ff2e33c2640>,25,28,[ 2 10],26,-1,54,-1,26
1,<environment.Job instance at 0x7ff2e33c25a0>,27,16,[ 2 10],28,-1,53,-1,37
1,<environment.Job instance at 0x7ff2e33c27d0>,28,21,[ 3 14],29,-1,58,-1,37
1,<environment.Job instance at 0x7ff2e33c2190>,29,21,[ 2 12],30,-1,58,-1,37
1,<environment.Job instance at 0x7ff2e42ff190>,4,26,[6 1],5,-1,31,-1,5
1,<environment.Job instance at 0x7ff2e42ff690>,5,21,[ 5 14],6,-1,27,-1,6
1,<environment.Job instance at 0x7ff2e42ff7d0>,6,25,[14  4],7,-1,32,-1,7
1,<environment.Job instance at 0x7ff2e42fffa0>,8,15,[ 3 11],9,-1,25,-1,10
1,<environment.Job instance at 0x7ff2e3d30320>,10,27,[ 4 11],11,-1,38,-1,11
1,<environment.Job instance at 0x7ff2e3d30af0>,11,12,[ 1 10],12,-1,24,-1,12
1,<environment.Job instance at 0x7ff2e3d305a0>,14,20,[14  2],15,-1,37,-1,17
1,<environment.Job instance at 0x7ff2e3d30500>,15,26,[14  1],16,-1,43,-1,17
1,<environment.Job instance at 0x7ff2e3d30690>,17,25,[13  1],18,-1,43,-1,18
1,<environment.Job instance at 0x7ff2e3e48aa0>,2,23,[ 1 14],3,-1,26,-1,3
1,<environment.Job instance at 0x7ff2e368ae10>,3,24,[12  2],4,-1,28,-1,4
1,<environment.Job instance at 0x7ff2e368a410>,4,28,[3 6],5,-1,33,-1,5
1,<environment.Job instance at 0x7ff2e368ab40>,5,21,[ 2 14],6,-1,27,-1,6
1,<environment.Job instance at 0x7ff2e368ae60>,12,15,[13  4],13,-1,49,-1,34
1,<environment.Job instance at 0x7ff2e368a9b0>,13,28,[3 8],14,-1,62,-1,34
1,<environment.Job instance at 0x7ff2e368a0f0>,14,24,[9 3],15,-1,58,-1,34
1,<environment.Job instance at 0x7ff2e368a370>,15,28,[9 3],16,-1,62,-1,34
1,<environment.Job instance at 0x7ff2e3ec20f0>,16,14,[11  3],17,-1,48,-1,34
1,<environment.Job instance at 0x7ff2e3ec22d0>,18,22,[ 1 10],19,-1,69,-1,47
1,<environment.Job instance at 0x7ff2e3ec2730>,19,26,[3 8],20,-1,73,-1,47
1,<environment.Job instance at 0x7ff2e3ec2370>,20,16,[ 5 12],21,-1,63,-1,47
1,<environment.Job instance at 0x7ff2e3ec21e0>,21,24,[13  4],22,-1,71,-1,47
1,<environment.Job instance at 0x7ff2e3ec2140>,22,27,[8 2],23,-1,74,-1,47
1,<environment.Job instance at 0x7ff2e3ec2e10>,23,25,[14  2],24,-1,72,-1,47
1,<environment.Job instance at 0x7ff2e3ec2550>,24,27,[4 5],25,-1,74,-1,47
1,<environment.Job instance at 0x7ff2e3513410>,25,23,[12  2],26,-1,70,-1,47
1,<environment.Job instance at 0x7ff2e35130a0>,28,14,[13  1],29,-1,74,-1,60
1,<environment.Job instance at 0x7ff2e3513b40>,29,18,[ 2 13],30,-1,78,-1,60
1,<environment.Job instance at 0x7ff2e35135f0>,30,17,[ 4 11],31,-1,77,-1,60
1,<environment.Job instance at 0x7ff2e3d6a230>,32,14,[ 3 11],33,-1,88,-1,74
1,<environment.Job instance at 0x7ff2e3d6a4b0>,33,17,[ 5 13],34,-1,91,-1,74
1,<environment.Job instance at 0x7ff2e3d6aa50>,34,22,[13  3],35,-1,96,-1,74
1,<environment.Job instance at 0x7ff2e3d6a0f0>,35,13,[ 3 13],36,-1,87,-1,74
1,<environment.Job instance at 0x7ff2e3d6a960>,36,14,[12  1],37,-1,88,-1,74
1,<environment.Job instance at 0x7ff2e3d6af00>,38,17,[ 3 13],39,-1,93,-1,76
1,<environment.Job instance at 0x7ff2e3d6aa00>,39,28,[3 7],40,-1,104,-1,76
1,<environment.Job instance at 0x7ff2e3d6a8c0>,40,20,[11  2],41,-1,96,-1,76
1,<environment.Job instance at 0x7ff2e3d6a140>,41,19,[ 2 12],42,-1,95,-1,76
1,<environment.Job instance at 0x7ff2e3d6aaa0>,42,18,[ 3 11],43,-1,94,-1,76
1,<environment.Job instance at 0x7ff2e3d6a550>,43,14,[ 4 12],44,-1,90,-1,76
1,<environment.Job instance at 0x7ff2e3d6ac30>,44,19,[ 5 11],45,-1,95,-1,76
1,<environment.Job instance at 0x7ff2e3d6a1e0>,45,14,[ 5 13],46,-1,90,-1,76
1,<environment.Job instance at 0x7ff2e43a3230>,47,21,[13  5],48,-1,105,-1,84
1,<environment.Job instance at 0x7ff2e43a33c0>,48,17,[11  1],49,-1,101,-1,84
1,<environment.Job instance at 0x7ff2e43a30f0>,49,23,[ 1 14],50,-1,107,-1,84
1,<environment.Job instance at 0x7ff2e4005c80>,51,14,[ 5 14],52,-1,98,-1,84
1,<environment.Job instance at 0x7ff2e4005140>,52,15,[ 2 14],53,-1,99,-1,84
1,<environment.Job instance at 0x7ff2e3398d70>,54,14,[13  5],55,-1,98,-1,84
1,<environment.Job instance at 0x7ff2e3398d20>,55,26,[1 9],56,-1,110,-1,84
1,<environment.Job instance at 0x7ff2e33981e0>,56,22,[ 4 11],57,-1,106,-1,84
1,<environment.Job instance at 0x7ff2e3850550>,58,24,[10  5],59,-1,123,-1,99
1,<environment.Job instance at 0x7ff2e38508c0>,59,24,[ 3 14],60,-1,123,-1,99
1,<environment.Job instance at 0x7ff2e3850190>,60,28,[ 5 11],61,-1,127,-1,99
1,<environment.Job instance at 0x7ff2e3850c80>,61,17,[ 5 12],62,-1,116,-1,99
1,<environment.Job instance at 0x7ff2e37fff00>,4,27,[3 9],5,-1,32,-1,5
1,<environment.Job instance at 0x7ff2e3f55370>,3,17,[13  2],4,-1,22,-1,5
1,<environment.Job instance at 0x7ff2e3f55050>,5,23,[13  4],6,-1,29,-1,6
1,<environment.Job instance at 0x7ff2e32475a0>,7,26,[1 9],8,-1,34,-1,8
1,<environment.Job instance at 0x7ff2e32474b0>,8,25,[5 4],9,-1,34,-1,9
1,<environment.Job instance at 0x7ff2e3f55780>,10,21,[13  4],11,-1,32,-1,11
1,<environment.Job instance at 0x7ff2e43789b0>,16,28,[ 1 10],17,-1,65,-1,37
1,<environment.Job instance at 0x7ff2e4378e60>,19,18,[14  2],20,-1,72,-1,54
1,<environment.Job instance at 0x7ff2e4378190>,20,15,[14  3],21,-1,69,-1,54
1,<environment.Job instance at 0x7ff2e3ce2f00>,21,15,[8 2],22,-1,69,-1,54
1,<environment.Job instance at 0x7ff2e334ef50>,22,17,[12  2],23,-1,71,-1,54
1,<environment.Job instance at 0x7ff2e4378690>,23,20,[ 5 12],24,-1,74,-1,54
1,<environment.Job instance at 0x7ff2e4378af0>,24,28,[ 5 11],25,-1,82,-1,54
1,<environment.Job instance at 0x7ff2e43875a0>,26,23,[ 5 11],27,-1,81,-1,58
1,<environment.Job instance at 0x7ff2e42b0c30>,27,24,[10  2],28,-1,82,-1,58
1,<environment.Job instance at 0x7ff2e3306dc0>,28,28,[14  5],29,-1,86,-1,58
1,<environment.Job instance at 0x7ff2e4387e60>,30,13,[12  1],31,-1,88,-1,75
1,<environment.Job instance at 0x7ff2e3e30c80>,31,28,[ 5 11],32,-1,103,-1,75
1,<environment.Job instance at 0x7ff2e3e305a0>,33,18,[ 4 11],34,-1,93,-1,75
1,<environment.Job instance at 0x7ff2e40d54b0>,34,28,[7 4],35,-1,103,-1,75
1,<environment.Job instance at 0x7ff2e3c46cd0>,35,19,[14  5],36,-1,94,-1,75
1,<environment.Job instance at 0x7ff2e3d64690>,36,24,[11  2],37,-1,99,-1,75
1,<environment.Job instance at 0x7ff2e3d64910>,37,20,[8 1],38,-1,107,-1,87
1,<environment.Job instance at 0x7ff2e3ba1a00>,38,13,[14  2],39,-1,100,-1,87
1,<environment.Job instance at 0x7ff2e3e3dc80>,39,13,[ 4 14],40,-1,100,-1,87
1,<environment.Job instance at 0x7ff2ed388b40>,40,24,[8 2],41,-1,111,-1,87
1,<environment.Job instance at 0x7ff2ed3887d0>,43,26,[13  5],44,-1,116,-1,90
1,<environment.Job instance at 0x7ff2e3c60f50>,44,17,[ 4 14],45,-1,107,-1,90
1,<environment.Job instance at 0x7ff2e3c605a0>,45,15,[11  2],46,-1,105,-1,90
1,<environment.Job instance at 0x7ff2e3c60f00>,46,16,[ 4 14],47,-1,106,-1,90
1,<environment.Job instance at 0x7ff2e3c60910>,47,25,[ 4 11],48,-1,115,-1,90
1,<environment.Job instance at 0x7ff2e3c60820>,48,20,[ 1 14],49,-1,110,-1,90
1,<environment.Job instance at 0x7ff2e3c60eb0>,49,20,[ 2 11],50,-1,110,-1,90
1,<environment.Job instance at 0x7ff2e3c60460>,50,15,[ 1 13],51,-1,105,-1,90
1,<environment.Job instance at 0x7ff2e3c601e0>,51,16,[ 3 12],52,-1,106,-1,90
1,<environment.Job instance at 0x7ff2e3b1ba50>,53,23,[5 6],54,-1,113,-1,90
1,<environment.Job instance at 0x7ff2e3b1bd70>,54,24,[5 6],55,-1,114,-1,90
1,<environment.Job instance at 0x7ff2e3b1b690>,55,19,[2 5],56,-1,109,-1,90
1,<environment.Job instance at 0x7ff2e3b1b500>,56,24,[ 5 14],57,-1,114,-1,90
1,<environment.Job instance at 0x7ff2e31c7a00>,2,24,[ 2 12],3,-1,27,-1,3
1,<environment.Job instance at 0x7ff2e31c7190>,6,24,[3 7],7,-1,32,-1,8
1,<environment.Job instance at 0x7ff2e3ed88c0>,8,25,[3 6],9,-1,34,-1,9
1,<environment.Job instance at 0x7ff2e3ed8960>,11,22,[13  4],12,-1,34,-1,12
1,<environment.Job instance at 0x7ff2e3ed8d20>,12,17,[13  5],13,-1,30,-1,13
1,<environment.Job instance at 0x7ff2e3ed8460>,13,17,[14  5],14,-1,31,-1,14
1,<environment.Job instance at 0x7ff2e3cd36e0>,14,17,[ 1 13],15,-1,32,-1,15
1,<environment.Job instance at 0x7ff2e3cd32d0>,15,16,[ 1 11],16,-1,32,-1,16
1,<environment.Job instance at 0x7ff2e3cd3e60>,17,16,[14  4],18,-1,34,-1,18
1,<environment.Job instance at 0x7ff2e421f960>,19,23,[2 5],20,-1,48,-1,25
1,<environment.Job instance at 0x7ff2e3671eb0>,21,20,[6 1],22,-1,46,-1,26
1,<environment.Job instance at 0x7ff2e4218c30>,22,14,[11  5],23,-1,40,-1,26
1,<environment.Job instance at 0x7ff2e3d53a00>,23,18,[ 4 12],24,-1,44,-1,26
1,<environment.Job instance at 0x7ff2e41d9b40>,24,24,[ 3 11],25,-1,50,-1,26
1,<environment.Job instance at 0x7ff2e41de2d0>,25,15,[ 3 13],26,-1,41,-1,26
1,<environment.Job instance at 0x7ff2e3b5b6e0>,27,13,[13  2],28,-1,49,-1,36
1,<environment.Job instance at 0x7ff2e38594b0>,28,27,[13  3],29,-1,63,-1,36
1,<environment.Job instance at 0x7ff2e43e3910>,31,27,[12  3],32,-1,82,-1,55
1,<environment.Job instance at 0x7ff2e43e37d0>,33,26,[ 4 11],34,-1,88,-1,62
1,<environment.Job instance at 0x7ff2e41faf50>,35,23,[1 6],36,-1,91,-1,68
1,<environment.Job instance at 0x7ff2e36b5640>,36,24,[ 5 12],37,-1,92,-1,68
1,<environment.Job instance at 0x7ff2e410d910>,38,24,[7 2],39,-1,99,-1,75
1,<environment.Job instance at 0x7ff2e2eb3820>,40,14,[14  5],41,-1,97,-1,83
1,<environment.Job instance at 0x7ff2e2eb3730>,41,14,[ 3 12],42,-1,97,-1,83
1,<environment.Job instance at 0x7ff2ece44370>,43,19,[ 4 11],44,-1,118,-1,99
1,<environment.Job instance at 0x7ff2e3848370>,45,28,[8 4],46,-1,127,-1,99
1,<environment.Job instance at 0x7ff2e41f5a00>,46,17,[13  5],47,-1,116,-1,99
1,<environment.Job instance at 0x7ff2e3a78910>,47,17,[ 4 13],48,-1,116,-1,99
1,<environment.Job instance at 0x7ff2e46181e0>,48,15,[ 5 11],49,-1,114,-1,99
1,<environment.Job instance at 0x7ff2e45a3e10>,49,13,[14  4],50,-1,112,-1,99
1,<environment.Job instance at 0x7ff2e375a9b0>,50,15,[13  5],51,-1,114,-1,99
1,<environment.Job instance at 0x7ff2e3b5dc30>,2,26,[ 2 14],3,-1,29,-1,3
1,<environment.Job instance at 0x7ff2e3b5d6e0>,8,15,[12  3],9,-1,24,-1,9
1,<environment.Job instance at 0x7ff2e3785140>,9,18,[14  2],10,-1,28,-1,10
1,<environment.Job instance at 0x7ff2e37856e0>,10,15,[12  5],11,-1,26,-1,11
1,<environment.Job instance at 0x7ff2e3785be0>,13,23,[5 9],14,-1,37,-1,14
1,<environment.Job instance at 0x7ff2e3785d70>,16,24,[ 2 13],17,-1,50,-1,26
1,<environment.Job instance at 0x7ff2e3785780>,17,12,[13  4],18,-1,38,-1,26
1,<environment.Job instance at 0x7ff2e3785820>,18,13,[ 1 11],19,-1,39,-1,26
1,<environment.Job instance at 0x7ff2e37858c0>,19,25,[ 5 11],20,-1,51,-1,26
1,<environment.Job instance at 0x7ff2e3785f50>,21,23,[ 1 13],22,-1,61,-1,38
1,<environment.Job instance at 0x7ff2e3785e10>,22,28,[8 4],23,-1,66,-1,38
1,<environment.Job instance at 0x7ff2e3785370>,23,27,[ 3 12],24,-1,65,-1,38
1,<environment.Job instance at 0x7ff2e3785320>,24,14,[ 2 14],25,-1,52,-1,38
1,<environment.Job instance at 0x7ff2e3785550>,25,15,[11  1],26,-1,53,-1,38
1,<environment.Job instance at 0x7ff2e37859b0>,26,13,[10  1],27,-1,53,-1,40
1,<environment.Job instance at 0x7ff2e39079b0>,32,16,[ 3 11],33,-1,100,-1,84
1,<environment.Job instance at 0x7ff2e39076e0>,34,23,[14  4],35,-1,109,-1,86
1,<environment.Job instance at 0x7ff2e3907050>,35,16,[14  4],36,-1,102,-1,86
1,<environment.Job instance at 0x7ff2e3907960>,36,26,[ 1 10],37,-1,112,-1,86
1,<environment.Job instance at 0x7ff2e334e8c0>,2,27,[7 4],3,-1,30,-1,3
1,<environment.Job instance at 0x7ff2e410db40>,3,14,[ 5 12],4,-1,18,-1,4
1,<environment.Job instance at 0x7ff2e410df00>,4,23,[13  4],5,-1,28,-1,5
1,<environment.Job instance at 0x7ff2e45a9140>,6,15,[14  3],7,-1,22,-1,7
1,<environment.Job instance at 0x7ff2e40997d0>,7,25,[ 3 10],8,-1,33,-1,8
1,<environment.Job instance at 0x7ff2e410d230>,10,17,[ 5 13],11,-1,28,-1,11
1,<environment.Job instance at 0x7ff2e2febf00>,11,28,[10  2],12,-1,40,-1,12
1,<environment.Job instance at 0x7ff2e2febb40>,12,24,[9 3],13,-1,37,-1,13
1,<environment.Job instance at 0x7ff2e2febaa0>,13,21,[13  1],14,-1,35,-1,14
1,<environment.Job instance at 0x7ff2e3f56460>,15,21,[ 1 10],16,-1,39,-1,18
1,<environment.Job instance at 0x7ff2e408bdc0>,22,24,[8 5],23,-1,83,-1,59
1,<environment.Job instance at 0x7ff2e408b3c0>,23,14,[14  1],24,-1,73,-1,59
1,<environment.Job instance at 0x7ff2e31c7820>,24,24,[8 5],25,-1,83,-1,59
1,<environment.Job instance at 0x7ff2e31c7910>,25,22,[13  5],26,-1,81,-1,59
1,<environment.Job instance at 0x7ff2e31c7640>,29,17,[ 5 13],30,-1,92,-1,75
1,<environment.Job instance at 0x7ff2e3f64050>,30,26,[ 3 14],31,-1,101,-1,75
1,<environment.Job instance at 0x7ff2e35cd960>,32,26,[ 1 10],33,-1,122,-1,96
1,<environment.Job instance at 0x7ff2e35cd870>,33,26,[4 8],34,-1,122,-1,96
1,<environment.Job instance at 0x7ff2e3d8f9b0>,34,13,[10  1],35,-1,109,-1,96
1,<environment.Job instance at 0x7ff2e3eaf500>,4,28,[6 2],5,-1,36,-1,8
1,<environment.Job instance at 0x7ff2e482f320>,8,24,[7 2],9,-1,33,-1,9
1,<environment.Job instance at 0x7ff2e482f460>,10,19,[ 5 14],11,-1,36,-1,17
1,<environment.Job instance at 0x7ff2e482f550>,12,26,[ 1 13],13,-1,46,-1,20
1,<environment.Job instance at 0x7ff2e482f370>,9,23,[3 8],10,-1,78,-1,55
1,<environment.Job instance at 0x7ff2e482f820>,16,16,[ 5 13],17,-1,71,-1,55
1,<environment.Job instance at 0x7ff2e482fb40>,20,23,[6 4],21,-1,114,-1,91
1,<environment.Job instance at 0x7ff2e482fc30>,22,20,[ 1 11],23,-1,111,-1,91
1,<environment.Job instance at 0x7ff2e482fd70>,24,18,[ 5 13],25,-1,109,-1,91
1,<environment.Job instance at 0x7ff2e482fe10>,25,14,[12  2],26,-1,105,-1,91
1,<environment.Job instance at 0x7ff2e482ff50>,27,28,[1 5],28,-1,124,-1,96
1,<environment.Job instance at 0x7ff2e482fb90>,28,21,[14  5],29,-1,117,-1,96
1,<environment.Job instance at 0x7ff2e482f7d0>,29,25,[8 1],30,-1,121,-1,96
1,<environment.Job instance at 0x7ff2e48de640>,5,19,[ 3 11],6,-1,25,-1,6
1,<environment.Job instance at 0x7ff2e48def50>,6,25,[ 1 14],7,-1,32,-1,7
1,<environment.Job instance at 0x7ff2e48defa0>,7,24,[8 2],8,-1,32,-1,8
1,<environment.Job instance at 0x7ff2e48de910>,8,26,[14  4],9,-1,35,-1,9
1,<environment.Job instance at 0x7ff2e48de2d0>,10,23,[ 1 11],11,-1,34,-1,11
1,<environment.Job instance at 0x7ff2e48d7410>,12,23,[8 1],13,-1,37,-1,14
1,<environment.Job instance at 0x7ff2e48d72d0>,14,24,[4 7],15,-1,39,-1,15
1,<environment.Job instance at 0x7ff2e48d7be0>,15,22,[ 4 14],16,-1,38,-1,16
1,<environment.Job instance at 0x7ff2e48d7500>,16,21,[13  5],17,-1,38,-1,17
1,<environment.Job instance at 0x7ff2e48d7cd0>,21,27,[ 3 13],22,-1,62,-1,35
1,<environment.Job instance at 0x7ff2e48d7a50>,22,27,[4 8],23,-1,62,-1,35
1,<environment.Job instance at 0x7ff2e48d7820>,23,17,[ 2 12],24,-1,52,-1,35
1,<environment.Job instance at 0x7ff2e48e5730>,25,15,[12  3],26,-1,58,-1,43
1,<environment.Job instance at 0x7ff2e48e5f50>,30,27,[10  3],31,-1,102,-1,75
1,<environment.Job instance at 0x7ff2e48e5d70>,31,28,[1 7],32,-1,103,-1,75
1,<environment.Job instance at 0x7ff2e48e5c30>,33,14,[ 1 13],34,-1,99,-1,85
1,<environment.Job instance at 0x7ff2e48e5b90>,34,23,[3 9],35,-1,108,-1,85
1,<environment.Job instance at 0x7ff2e48e5a50>,35,13,[13  5],36,-1,98,-1,85
1,<environment.Job instance at 0x7ff2e48e5550>,36,21,[12  1],37,-1,106,-1,85
1,<environment.Job instance at 0x7ff2e48e5690>,38,24,[ 2 12],39,-1,109,-1,85
1,<environment.Job instance at 0x7ff2e48e5820>,39,23,[3 9],40,-1,108,-1,85
1,<environment.Job instance at 0x7ff2e303dd70>,40,17,[ 5 14],41,-1,102,-1,85
1,<environment.Job instance at 0x7ff2e303dd70>,3,26,[ 3 14],4,-1,30,-1,4
1,<environment.Job instance at 0x7ff2e34afaa0>,4,23,[13  3],5,-1,28,-1,5
1,<environment.Job instance at 0x7ff2e34afe60>,6,18,[14  4],7,-1,25,-1,7
1,<environment.Job instance at 0x7ff2e34aff50>,7,25,[10  4],8,-1,33,-1,8
1,<environment.Job instance at 0x7ff2e34af7d0>,8,22,[ 3 13],9,-1,31,-1,9
1,<environment.Job instance at 0x7ff2e34af320>,9,24,[1 7],10,-1,35,-1,11
1,<environment.Job instance at 0x7ff2e37b48c0>,11,19,[12  4],12,-1,31,-1,12
1,<environment.Job instance at 0x7ff2e37b4500>,13,25,[7 1],14,-1,39,-1,14
1,<environment.Job instance at 0x7ff2e37b4460>,14,21,[14  2],15,-1,36,-1,15
1,<environment.Job instance at 0x7ff2e37b4370>,15,23,[6 3],16,-1,39,-1,16
1,<environment.Job instance at 0x7ff2e37b45a0>,18,18,[13  4],19,-1,38,-1,20
1,<environment.Job instance at 0x7ff2e4378550>,20,27,[9 5],21,-1,48,-1,21
1,<environment.Job instance at 0x7ff2e4378af0>,22,19,[ 5 13],23,-1,43,-1,24
1,<environment.Job instance at 0x7ff2e4378cd0>,23,28,[7 5],24,-1,52,-1,24
1,<environment.Job instance at 0x7ff2e4378a00>,25,15,[14  5],26,-1,41,-1,26
1,<environment.Job instance at 0x7ff2e4378140>,26,21,[14  5],27,-1,48,-1,27
1,<environment.Job instance at 0x7ff2e4378e10>,27,26,[11  1],28,-1,54,-1,28
1,<environment.Job instance at 0x7ff2e43782d0>,29,14,[10  5],30,-1,48,-1,34
1,<environment.Job instance at 0x7ff2e4378820>,32,26,[5 9],33,-1,80,-1,54
1,<environment.Job instance at 0x7ff2e4378c80>,33,18,[12  2],34,-1,72,-1,54
1,<environment.Job instance at 0x7ff2e43785a0>,34,28,[ 1 13],35,-1,82,-1,54
1,<environment.Job instance at 0x7ff2e43783c0>,36,21,[ 3 10],37,-1,85,-1,64
1,<environment.Job instance at 0x7ff2e3c73b40>,37,14,[7 1],38,-1,78,-1,64
1,<environment.Job instance at 0x7ff2e3c73460>,38,25,[ 2 14],39,-1,89,-1,64
1,<environment.Job instance at 0x7ff2e3c73cd0>,39,13,[ 1 10],40,-1,77,-1,64
1,<environment.Job instance at 0x7ff2e3c736e0>,40,18,[ 1 13],41,-1,82,-1,64
1,<environment.Job instance at 0x7ff2e3c735f0>,41,25,[3 6],42,-1,89,-1,64
1,<environment.Job instance at 0x7ff2e3c73fa0>,43,18,[11  3],44,-1,92,-1,74
1,<environment.Job instance at 0x7ff2e3c73370>,44,24,[7 3],45,-1,98,-1,74
1,<environment.Job instance at 0x7ff2e3c73730>,45,13,[9 3],46,-1,87,-1,74
1,<environment.Job instance at 0x7ff2e3c73050>,46,12,[ 2 12],47,-1,86,-1,74
1,<environment.Job instance at 0x7ff2e3c73d70>,47,21,[5 2],48,-1,95,-1,74
1,<environment.Job instance at 0x7ff2e3c735a0>,48,16,[8 1],49,-1,90,-1,74
1,<environment.Job instance at 0x7ff2e3c73c30>,49,18,[ 5 13],50,-1,92,-1,74
1,<environment.Job instance at 0x7ff2e3c73500>,50,13,[14  4],51,-1,87,-1,74
1,<environment.Job instance at 0x7ff2e3c730f0>,52,16,[ 2 13],53,-1,104,-1,88
1,<environment.Job instance at 0x7ff2e3c73dc0>,53,24,[7 1],54,-1,112,-1,88
1,<environment.Job instance at 0x7ff2e3c732d0>,54,21,[1 9],55,-1,109,-1,88
1,<environment.Job instance at 0x7ff4418cc1e0>,3,15,[13  4],4,-1,19,-1,4
1,<environment.Job instance at 0x7ff438154500>,4,24,[ 3 11],5,-1,29,-1,5
1,<environment.Job instance at 0x7ff4381546e0>,6,19,[ 1 13],7,-1,26,-1,7
1,<environment.Job instance at 0x7ff4381547d0>,8,24,[ 2 12],9,-1,33,-1,9
1,<environment.Job instance at 0x7ff438154cd0>,13,27,[3 8],14,-1,49,-1,22
1,<environment.Job instance at 0x7ff438154d70>,14,14,[14  3],15,-1,36,-1,22
1,<environment.Job instance at 0x7ff438154e10>,15,24,[ 2 13],16,-1,46,-1,22
1,<environment.Job instance at 0x7ff438154eb0>,16,19,[ 3 12],17,-1,41,-1,22
1,<environment.Job instance at 0x7ff438154f50>,17,18,[ 5 13],18,-1,40,-1,22
1,<environment.Job instance at 0x7ff438154910>,19,21,[14  4],20,-1,43,-1,22
1,<environment.Job instance at 0x7ff438155230>,21,22,[14  2],22,-1,58,-1,36
1,<environment.Job instance at 0x7ff438155410>,22,25,[ 4 12],23,-1,61,-1,36
1,<environment.Job instance at 0x7ff4381554b0>,24,20,[ 3 12],25,-1,60,-1,40
1,<environment.Job instance at 0x7ff438155550>,25,16,[11  3],26,-1,56,-1,40
1,<environment.Job instance at 0x7ff438155690>,27,25,[14  4],28,-1,81,-1,56
1,<environment.Job instance at 0x7ff4381557d0>,29,24,[5 1],30,-1,100,-1,76
1,<environment.Job instance at 0x7ff4381559b0>,32,14,[14  3],33,-1,90,-1,76
1,<environment.Job instance at 0x7ff438155b90>,35,23,[11  2],36,-1,119,-1,96
1,<environment.Job instance at 0x7ff438155cd0>,36,27,[10  1],37,-1,123,-1,96
1,<environment.Job instance at 0x7ff438155cd0>,2,20,[ 5 13],3,-1,23,-1,3
1,<environment.Job instance at 0x7ff43829db40>,3,21,[ 1 13],4,-1,25,-1,4
1,<environment.Job instance at 0x7ff43829d910>,5,18,[ 3 13],6,-1,24,-1,6
1,<environment.Job instance at 0x7ff43829dfa0>,6,26,[ 4 14],7,-1,33,-1,7
1,<environment.Job instance at 0x7ff43829d4b0>,8,12,[12  1],9,-1,21,-1,9
1,<environment.Job instance at 0x7ff43829d0a0>,11,18,[ 3 12],12,-1,30,-1,12
1,<environment.Job instance at 0x7ff43829d500>,12,21,[ 2 13],13,-1,34,-1,13
1,<environment.Job instance at 0x7ff43789da50>,17,22,[12  1],18,-1,47,-1,25
1,<environment.Job instance at 0x7ff437967050>,18,19,[1 9],19,-1,87,-1,68
1,<environment.Job instance at 0x7ff43789d780>,22,27,[5 4],23,-1,95,-1,68
1,<environment.Job instance at 0x7ff43829d820>,23,18,[13  4],24,-1,86,-1,68
1,<environment.Job instance at 0x7ff437c05820>,24,22,[2 9],25,-1,92,-1,70
1,<environment.Job instance at 0x7ff437bb74b0>,26,14,[ 3 14],27,-1,84,-1,70
1,<environment.Job instance at 0x7ff437c050a0>,27,21,[ 3 12],28,-1,91,-1,70
1,<environment.Job instance at 0x7ff43789a820>,28,26,[ 1 11],29,-1,96,-1,70
1,<environment.Job instance at 0x7ff437c05870>,29,28,[3 6],30,-1,98,-1,70
1,<environment.Job instance at 0x7ff43789a140>,30,21,[ 3 12],31,-1,91,-1,70
1,<environment.Job instance at 0x7ff437bfa640>,31,17,[ 2 11],32,-1,87,-1,70
1,<environment.Job instance at 0x7ff4378a3e10>,34,26,[ 3 12],35,-1,114,-1,88
1,<environment.Job instance at 0x7ff437bfad20>,35,24,[4 7],36,-1,112,-1,88
1,<environment.Job instance at 0x7ff437bfaf50>,36,16,[14  1],37,-1,104,-1,88
1,<environment.Job instance at 0x7ff437c1d8c0>,37,25,[5 4],38,-1,113,-1,88
1,<environment.Job instance at 0x7ff437c1de10>,38,28,[7 2],39,-1,116,-1,88
1,<environment.Job instance at 0x7ff437c1d820>,39,28,[7 1],40,-1,116,-1,88
1,<environment.Job instance at 0x7ff437a9ca00>,42,24,[12  2],43,-1,127,-1,103
1,<environment.Job instance at 0x7ff437807d20>,43,26,[ 3 11],44,-1,129,-1,103
1,<environment.Job instance at 0x7ff437808230>,44,25,[ 5 11],45,-1,128,-1,103
1,<environment.Job instance at 0x7ff437c5ee10>,46,16,[ 1 11],47,-1,119,-1,103
1,<environment.Job instance at 0x7ff437840280>,4,28,[4 8],5,-1,33,-1,5
1,<environment.Job instance at 0x7ff4377ddd20>,5,23,[14  3],6,-1,29,-1,6
1,<environment.Job instance at 0x7ff4377dde10>,6,23,[3 8],7,-1,32,-1,9
1,<environment.Job instance at 0x7ff4377dd1e0>,9,17,[ 3 11],10,-1,27,-1,10
1,<environment.Job instance at 0x7ff4377dd7d0>,10,15,[ 5 10],11,-1,29,-1,14
1,<environment.Job instance at 0x7ff4377ddaa0>,12,16,[14  3],13,-1,30,-1,14
1,<environment.Job instance at 0x7ff4377dd4b0>,13,12,[11  4],14,-1,26,-1,14
1,<environment.Job instance at 0x7ff4377dda00>,14,15,[14  3],15,-1,30,-1,15
1,<environment.Job instance at 0x7ff4377dd8c0>,15,28,[6 4],16,-1,44,-1,16
1,<environment.Job instance at 0x7ff4377ddb90>,16,13,[ 5 13],17,-1,30,-1,17
1,<environment.Job instance at 0x7ff4377dd230>,20,24,[11  3],21,-1,57,-1,33
1,<environment.Job instance at 0x7ff4377ddd70>,21,22,[ 5 14],22,-1,55,-1,33
1,<environment.Job instance at 0x7ff4377ddf00>,22,24,[14  3],23,-1,57,-1,33
1,<environment.Job instance at 0x7ff4378065f0>,24,28,[6 3],25,-1,75,-1,47
1,<environment.Job instance at 0x7ff437806d70>,25,15,[11  2],26,-1,62,-1,47
1,<environment.Job instance at 0x7ff437806820>,26,24,[ 5 14],27,-1,71,-1,47
1,<environment.Job instance at 0x7ff437806460>,27,28,[11  1],28,-1,75,-1,47
1,<environment.Job instance at 0x7ff437806410>,28,15,[ 5 11],29,-1,62,-1,47
1,<environment.Job instance at 0x7ff437806910>,31,16,[ 2 13],32,-1,80,-1,64
1,<environment.Job instance at 0x7ff4378069b0>,33,24,[ 5 11],34,-1,95,-1,71
1,<environment.Job instance at 0x7ff43786af50>,35,13,[11  1],36,-1,103,-1,90
1,<environment.Job instance at 0x7ff43786ac80>,36,12,[ 3 12],37,-1,102,-1,90
1,<environment.Job instance at 0x7ff43786a960>,37,25,[8 3],38,-1,115,-1,90
1,<environment.Job instance at 0x7ff43786afa0>,38,17,[1 7],39,-1,107,-1,90
1,<environment.Job instance at 0x7ff43786a500>,39,15,[ 5 13],40,-1,105,-1,90
1,<environment.Job instance at 0x7ff43786ac30>,40,12,[6 2],41,-1,102,-1,90
1,<environment.Job instance at 0x7ff43786adc0>,41,24,[5 1],42,-1,114,-1,90
1,<environment.Job instance at 0x7ff43786aaa0>,42,23,[ 1 13],43,-1,113,-1,90
1,<environment.Job instance at 0x7ff43786ae10>,43,12,[12  2],44,-1,102,-1,90
1,<environment.Job instance at 0x7ff43786a9b0>,44,12,[1 8],45,-1,102,-1,90
1,<environment.Job instance at 0x7ff43786a640>,45,22,[3 8],46,-1,112,-1,90
1,<environment.Job instance at 0x7ff43786a870>,46,19,[ 3 14],47,-1,109,-1,90
1,<environment.Job instance at 0x7ff4385e85a0>,47,26,[ 1 14],48,-1,116,-1,90
1,<environment.Job instance at 0x7ff4385e5780>,49,16,[12  3],50,-1,106,-1,90
1,<environment.Job instance at 0x7ff4385e53c0>,50,27,[13  4],51,-1,117,-1,90
1,<environment.Job instance at 0x7ff4385e58c0>,51,22,[6 1],52,-1,112,-1,90
1,<environment.Job instance at 0x7ff438611140>,53,21,[5 1],54,-1,112,-1,91
1,<environment.Job instance at 0x7ff4386ba9b0>,54,23,[8 5],55,-1,114,-1,91
1,<environment.Job instance at 0x7ff43882cb40>,7,19,[ 5 13],8,-1,31,-1,12
1,<environment.Job instance at 0x7ff4380c1370>,12,18,[11  4],13,-1,67,-1,49
1,<environment.Job instance at 0x7ff437d58730>,13,15,[ 3 11],14,-1,64,-1,49
1,<environment.Job instance at 0x7ff437fbcb40>,1,19,[ 2 14],2,-1,21,-1,2
1,<environment.Job instance at 0x7ff437fbcf50>,2,22,[12  1],3,-1,25,-1,3
1,<environment.Job instance at 0x7ff437fba4b0>,3,13,[ 3 11],4,-1,17,-1,4
1,<environment.Job instance at 0x7ff437fbafa0>,5,17,[ 1 14],6,-1,23,-1,6
1,<environment.Job instance at 0x7ff437fc1780>,6,14,[ 3 14],7,-1,21,-1,7
1,<environment.Job instance at 0x7ff437fc1820>,7,24,[ 3 11],8,-1,32,-1,8
1,<environment.Job instance at 0x7ff437fc12d0>,9,25,[12  3],10,-1,35,-1,10
1,<environment.Job instance at 0x7ff437fc1280>,10,12,[ 2 12],11,-1,23,-1,11
1,<environment.Job instance at 0x7ff437fd46e0>,12,27,[ 2 11],13,-1,40,-1,13
1,<environment.Job instance at 0x7ff437fd4c30>,13,27,[ 3 14],14,-1,41,-1,14
1,<environment.Job instance at 0x7ff437fd41e0>,16,28,[5 2],17,-1,45,-1,17
1,<environment.Job instance at 0x7ff437fd49b0>,17,28,[13  5],18,-1,46,-1,18
1,<environment.Job instance at 0x7ff437fd4370>,18,26,[8 3],19,-1,45,-1,19
1,<environment.Job instance at 0x7ff437fd4a00>,20,22,[5 6],21,-1,47,-1,25
1,<environment.Job instance at 0x7ff437feb780>,23,15,[14  1],24,-1,40,-1,25
1,<environment.Job instance at 0x7ff437feb1e0>,24,27,[ 5 11],25,-1,52,-1,25
1,<environment.Job instance at 0x7ff437febe60>,26,25,[ 1 13],27,-1,52,-1,27
1,<environment.Job instance at 0x7ff437fc25a0>,27,26,[10  3],28,-1,54,-1,28
1,<environment.Job instance at 0x7ff437fc2870>,30,21,[13  1],31,-1,61,-1,40
1,<environment.Job instance at 0x7ff437fc2e60>,31,18,[ 2 12],32,-1,58,-1,40
1,<environment.Job instance at 0x7ff437fc2280>,32,14,[ 2 11],33,-1,54,-1,40
1,<environment.Job instance at 0x7ff437fea550>,34,12,[ 4 13],35,-1,52,-1,40
1,<environment.Job instance at 0x7ff437fead20>,36,14,[ 3 12],37,-1,75,-1,61
1,<environment.Job instance at 0x7ff437fea870>,37,23,[13  3],38,-1,84,-1,61
1,<environment.Job instance at 0x7ff437feaa00>,38,16,[13  5],39,-1,77,-1,61
1,<environment.Job instance at 0x7ff437af3050>,40,14,[8 1],41,-1,75,-1,61
1,<environment.Job instance at 0x7ff4385ad2d0>,41,23,[8 4],42,-1,84,-1,61
1,<environment.Job instance at 0x7ff437ba0c80>,42,23,[9 3],43,-1,84,-1,61
1,<environment.Job instance at 0x7ff4377b0140>,43,24,[ 4 11],44,-1,85,-1,61
1,<environment.Job instance at 0x7ff43883fe10>,44,14,[13  1],45,-1,75,-1,61
1,<environment.Job instance at 0x7ff437736d20>,45,14,[11  1],46,-1,75,-1,61
1,<environment.Job instance at 0x7ff43802a960>,46,12,[12  5],47,-1,73,-1,61
1,<environment.Job instance at 0x7ff437fc2c80>,48,14,[ 1 13],49,-1,78,-1,64
1,<environment.Job instance at 0x7ff43773efa0>,50,27,[ 4 10],51,-1,96,-1,69
1,<environment.Job instance at 0x7ff43773ef00>,51,28,[ 4 14],52,-1,97,-1,69
1,<environment.Job instance at 0x7ff43773eaa0>,52,14,[ 4 10],53,-1,83,-1,69
1,<environment.Job instance at 0x7ff43773e3c0>,53,27,[11  1],54,-1,96,-1,69
1,<environment.Job instance at 0x7ff43773e780>,56,28,[4 9],57,-1,110,-1,82
1,<environment.Job instance at 0x7ff43773ed70>,57,28,[7 5],58,-1,110,-1,82
1,<environment.Job instance at 0x7ff43773e640>,58,18,[14  2],59,-1,100,-1,82
1,<environment.Job instance at 0x7ff437792640>,59,18,[12  2],60,-1,100,-1,82
1,<environment.Job instance at 0x7ff4388475f0>,60,21,[9 1],61,-1,103,-1,82
1,<environment.Job instance at 0x7ff43774d410>,62,19,[ 2 14],63,-1,110,-1,91
1,<environment.Job instance at 0x7ff437ffc3c0>,63,17,[6 1],64,-1,113,-1,96
1,<environment.Job instance at 0x7ff437fba8c0>,64,24,[14  2],65,-1,120,-1,96
1,<environment.Job instance at 0x7ff437740730>,65,12,[ 2 10],66,-1,108,-1,96
1,<environment.Job instance at 0x7ff437fd44b0>,67,21,[3 9],68,-1,127,-1,106
1,<environment.Job instance at 0x7ff437fd4190>,69,18,[11  5],70,-1,124,-1,106
1,<environment.Job instance at 0x7ff437fd45f0>,70,28,[7 2],71,-1,134,-1,106
1,<environment.Job instance at 0x7ff43775b140>,71,20,[14  4],72,-1,126,-1,106
1,<environment.Job instance at 0x7ff43775b460>,72,21,[13  5],73,-1,127,-1,106
1,<environment.Job instance at 0x7ff437bbb5f0>,1,12,[ 5 12],2,-1,14,-1,2
1,<environment.Job instance at 0x7ff43775b1e0>,2,26,[9 3],3,-1,29,-1,3
1,<environment.Job instance at 0x7ff437733aa0>,3,27,[ 5 13],4,-1,31,-1,4
1,<environment.Job instance at 0x7ff4377336e0>,4,28,[ 4 14],5,-1,33,-1,5
1,<environment.Job instance at 0x7ff437733550>,6,13,[12  1],7,-1,20,-1,7
1,<environment.Job instance at 0x7ff4377337d0>,8,24,[3 9],9,-1,33,-1,9
1,<environment.Job instance at 0x7ff437733640>,11,14,[ 4 13],12,-1,26,-1,12
1,<environment.Job instance at 0x7ff43775b460>,12,12,[14  3],13,-1,25,-1,13
1,<environment.Job instance at 0x7ff438599a00>,14,21,[ 1 12],15,-1,36,-1,15
1,<environment.Job instance at 0x7ff438599730>,15,25,[4 9],16,-1,41,-1,16
1,<environment.Job instance at 0x7ff438599550>,13,18,[ 5 11],14,-1,34,-1,16
1,<environment.Job instance at 0x7ff437733b40>,16,18,[ 1 12],17,-1,35,-1,17
1,<environment.Job instance at 0x7ff4385999b0>,18,12,[6 1],19,-1,39,-1,27
1,<environment.Job instance at 0x7ff438599c30>,23,19,[11  2],24,-1,55,-1,36
1,<environment.Job instance at 0x7ff438599f00>,24,18,[12  3],25,-1,54,-1,36
1,<environment.Job instance at 0x7ff4385998c0>,25,28,[5 5],26,-1,64,-1,36
1,<environment.Job instance at 0x7ff438599dc0>,26,19,[ 1 12],27,-1,55,-1,36
1,<environment.Job instance at 0x7ff438599500>,27,24,[10  2],28,-1,60,-1,36
1,<environment.Job instance at 0x7ff438599140>,28,24,[8 1],29,-1,60,-1,36
1,<environment.Job instance at 0x7ff438599af0>,29,27,[ 5 10],30,-1,63,-1,36
1,<environment.Job instance at 0x7ff4385995f0>,30,12,[8 2],31,-1,51,-1,39
1,<environment.Job instance at 0x7ff438599280>,31,28,[ 1 12],32,-1,67,-1,39
1,<environment.Job instance at 0x7ff4385990a0>,32,15,[13  1],33,-1,54,-1,39
1,<environment.Job instance at 0x7ff438599b40>,33,20,[ 5 12],34,-1,59,-1,39
1,<environment.Job instance at 0x7ff438599230>,35,12,[ 4 13],36,-1,51,-1,39
1,<environment.Job instance at 0x7ff438599050>,36,24,[5 3],37,-1,63,-1,39
1,<environment.Job instance at 0x7ff4377b0550>,39,21,[14  3],40,-1,75,-1,54
1,<environment.Job instance at 0x7ff4377b0780>,40,22,[7 1],41,-1,80,-1,58
1,<environment.Job instance at 0x7ff4377b0140>,42,20,[11  3],43,-1,86,-1,66
1,<environment.Job instance at 0x7ff4377b0fa0>,44,12,[8 2],45,-1,91,-1,79
1,<environment.Job instance at 0x7ff4377b0e60>,45,17,[ 3 13],46,-1,96,-1,79
1,<environment.Job instance at 0x7ff4377b0a00>,46,15,[13  4],47,-1,94,-1,79
1,<environment.Job instance at 0x7ff4377b0aa0>,47,25,[9 1],48,-1,104,-1,79
1,<environment.Job instance at 0x7ff4377b0c80>,48,23,[3 8],49,-1,102,-1,79
1,<environment.Job instance at 0x7ff4377b02d0>,50,26,[14  4],51,-1,105,-1,79
1,<environment.Job instance at 0x7ff4377ac3c0>,54,24,[9 2],55,-1,133,-1,109
1,<environment.Job instance at 0x7ff438b212d0>,2,26,[12  3],3,-1,29,-1,3
1,<environment.Job instance at 0x7ff438b210f0>,3,16,[ 5 14],4,-1,20,-1,4
1,<environment.Job instance at 0x7ff438b219b0>,5,12,[ 4 13],6,-1,18,-1,6
1,<environment.Job instance at 0x7ff438b21d70>,6,25,[13  1],7,-1,32,-1,7
1,<environment.Job instance at 0x7ff438b218c0>,9,22,[14  4],10,-1,32,-1,10
1,<environment.Job instance at 0x7ff438b21c30>,10,14,[ 1 13],11,-1,25,-1,11
1,<environment.Job instance at 0x7ff438b21af0>,11,28,[ 2 10],12,-1,40,-1,12
1,<environment.Job instance at 0x7ff438b21d20>,13,16,[11  3],14,-1,30,-1,14
1,<environment.Job instance at 0x7ff438b215f0>,14,18,[ 5 12],15,-1,33,-1,15
1,<environment.Job instance at 0x7ff438b21fa0>,15,24,[ 2 12],16,-1,40,-1,16
1,<environment.Job instance at 0x7ff4388dbb90>,16,24,[ 1 13],17,-1,41,-1,17
1,<environment.Job instance at 0x7ff4388db870>,23,24,[14  5],24,-1,66,-1,42
1,<environment.Job instance at 0x7ff4388dbdc0>,24,18,[14  1],25,-1,60,-1,42
1,<environment.Job instance at 0x7ff4388db8c0>,25,14,[13  5],26,-1,56,-1,42
1,<environment.Job instance at 0x7ff4388db0a0>,26,21,[ 1 14],27,-1,63,-1,42
1,<environment.Job instance at 0x7ff4388db730>,28,22,[12  2],29,-1,64,-1,42
1,<environment.Job instance at 0x7ff4388db820>,29,26,[ 2 10],30,-1,68,-1,42
1,<environment.Job instance at 0x7ff4388db5a0>,30,14,[12  5],31,-1,56,-1,42
1,<environment.Job instance at 0x7ff4388db140>,31,14,[14  2],32,-1,56,-1,42
1,<environment.Job instance at 0x7ff4388dba50>,32,24,[4 5],33,-1,66,-1,42
1,<environment.Job instance at 0x7ff4388dbbe0>,33,24,[9 5],34,-1,66,-1,42
1,<environment.Job instance at 0x7ff4388db6e0>,34,18,[11  3],35,-1,60,-1,42
1,<environment.Job instance at 0x7ff4388db230>,35,23,[13  5],36,-1,65,-1,42
1,<environment.Job instance at 0x7ff438847af0>,36,22,[ 4 10],37,-1,64,-1,42
1,<environment.Job instance at 0x7ff438847370>,38,28,[12  3],39,-1,90,-1,62
1,<environment.Job instance at 0x7ff438847c30>,39,25,[3 6],40,-1,87,-1,62
1,<environment.Job instance at 0x7ff4388477d0>,40,23,[8 4],41,-1,85,-1,62
1,<environment.Job instance at 0x7ff438847870>,41,13,[12  4],42,-1,75,-1,62
1,<environment.Job instance at 0x7ff438847b40>,42,27,[9 3],43,-1,89,-1,62
1,<environment.Job instance at 0x7ff438847230>,44,18,[ 5 12],45,-1,80,-1,62
1,<environment.Job instance at 0x7ff4388c5960>,45,28,[ 2 13],46,-1,90,-1,62
1,<environment.Job instance at 0x7ff4388c5870>,46,26,[ 3 14],47,-1,88,-1,62
1,<environment.Job instance at 0x7ff4388c5fa0>,47,15,[11  5],48,-1,77,-1,62
1,<environment.Job instance at 0x7ff4388c5280>,49,15,[ 3 13],50,-1,89,-1,74
1,<environment.Job instance at 0x7ff4388c59b0>,50,25,[13  4],51,-1,99,-1,74
1,<environment.Job instance at 0x7ff4388c52d0>,51,17,[13  1],52,-1,91,-1,74
1,<environment.Job instance at 0x7ff4388c5910>,53,25,[12  1],54,-1,105,-1,80
1,<environment.Job instance at 0x7ff4388c5050>,54,28,[14  4],55,-1,108,-1,80
1,<environment.Job instance at 0x7ff4388c5c30>,55,16,[ 1 13],56,-1,96,-1,80
1,<environment.Job instance at 0x7ff4388c5320>,56,26,[ 3 11],57,-1,106,-1,80
1,<environment.Job instance at 0x7ff4388c53c0>,59,26,[12  4],60,-1,123,-1,97
1,<environment.Job instance at 0x7ff4388c53c0>,2,17,[ 1 14],3,-1,20,-1,3
1,<environment.Job instance at 0x7ff437ad2190>,3,16,[12  2],4,-1,20,-1,4
1,<environment.Job instance at 0x7ff437e8c4b0>,4,19,[ 4 11],5,-1,24,-1,5
1,<environment.Job instance at 0x7ff437e8c410>,5,24,[9 5],6,-1,30,-1,6
1,<environment.Job instance at 0x7ff437e77d20>,7,24,[14  3],8,-1,32,-1,8
1,<environment.Job instance at 0x7ff437e8c370>,6,16,[13  3],7,-1,24,-1,8
1,<environment.Job instance at 0x7ff437e8c6e0>,8,19,[ 1 14],9,-1,28,-1,9
1,<environment.Job instance at 0x7ff438114280>,9,23,[14  3],10,-1,33,-1,10
1,<environment.Job instance at 0x7ff437ea1e60>,10,28,[ 4 11],11,-1,39,-1,11
1,<environment.Job instance at 0x7ff437ea1960>,11,27,[5 5],12,-1,39,-1,12
1,<environment.Job instance at 0x7ff437ea1aa0>,12,24,[5 2],13,-1,37,-1,13
1,<environment.Job instance at 0x7ff437ea1a00>,13,14,[ 4 12],14,-1,28,-1,14
1,<environment.Job instance at 0x7ff437ea1820>,14,27,[5 1],15,-1,42,-1,15
1,<environment.Job instance at 0x7ff437ea1370>,15,27,[ 2 11],16,-1,43,-1,16
1,<environment.Job instance at 0x7ff437ea14b0>,16,28,[12  4],17,-1,45,-1,17
1,<environment.Job instance at 0x7ff438945fa0>,18,14,[14  2],19,-1,33,-1,19
1,<environment.Job instance at 0x7ff437ea1e10>,19,27,[5 1],20,-1,47,-1,20
1,<environment.Job instance at 0x7ff437ea1cd0>,20,23,[12  5],21,-1,44,-1,21
1,<environment.Job instance at 0x7ff437e87be0>,21,23,[3 9],22,-1,45,-1,22
1,<environment.Job instance at 0x7ff437fadf50>,23,12,[14  4],24,-1,36,-1,24
1,<environment.Job instance at 0x7ff438945be0>,25,26,[7 5],26,-1,52,-1,26
1,<environment.Job instance at 0x7ff437e732d0>,26,17,[ 3 14],27,-1,44,-1,27
1,<environment.Job instance at 0x7ff437e735f0>,29,17,[ 2 13],30,-1,47,-1,30
1,<environment.Job instance at 0x7ff437e73910>,30,17,[14  2],31,-1,48,-1,31
1,<environment.Job instance at 0x7ff437e73af0>,31,26,[10  4],32,-1,58,-1,32
1,<environment.Job instance at 0x7ff437e73550>,32,23,[5 5],33,-1,58,-1,35
1,<environment.Job instance at 0x7ff437f99b40>,37,19,[ 5 13],38,-1,66,-1,47
1,<environment.Job instance at 0x7ff438930cd0>,38,14,[ 2 10],39,-1,65,-1,51
1,<environment.Job instance at 0x7ff437f91690>,43,17,[ 3 13],44,-1,98,-1,81
1,<environment.Job instance at 0x7ff437f89730>,44,28,[3 9],45,-1,109,-1,81
1,<environment.Job instance at 0x7ff437f898c0>,45,28,[ 3 10],46,-1,109,-1,81
1,<environment.Job instance at 0x7ff438946410>,3,26,[ 4 14],4,-1,30,-1,4
1,<environment.Job instance at 0x7ff438946550>,4,25,[2 7],5,-1,31,-1,6
1,<environment.Job instance at 0x7ff4389307d0>,2,22,[ 2 10],3,-1,28,-1,6
1,<environment.Job instance at 0x7ff438946780>,11,16,[14  4],12,-1,28,-1,12
1,<environment.Job instance at 0x7ff4389469b0>,13,18,[14  3],14,-1,43,-1,25
1,<environment.Job instance at 0x7ff4389465f0>,15,22,[ 5 12],16,-1,64,-1,42
1,<environment.Job instance at 0x7ff438946aa0>,17,18,[ 1 12],18,-1,60,-1,42
1,<environment.Job instance at 0x7ff438b56a00>,18,16,[14  2],19,-1,58,-1,42
1,<environment.Job instance at 0x7ff438b566e0>,19,26,[6 2],20,-1,68,-1,42
1,<environment.Job instance at 0x7ff438b56e60>,20,25,[ 4 14],21,-1,67,-1,42
1,<environment.Job instance at 0x7ff438b56820>,22,20,[14  3],23,-1,62,-1,42
1,<environment.Job instance at 0x7ff438b56e10>,23,25,[14  5],24,-1,67,-1,42
1,<environment.Job instance at 0x7ff438b56aa0>,24,26,[10  2],25,-1,68,-1,42
1,<environment.Job instance at 0x7ff438b56dc0>,25,14,[14  1],26,-1,56,-1,42
1,<environment.Job instance at 0x7ff438b56c30>,27,26,[12  5],28,-1,73,-1,47
1,<environment.Job instance at 0x7ff438b56b40>,28,28,[8 3],29,-1,75,-1,47
1,<environment.Job instance at 0x7ff438b565f0>,29,16,[14  1],30,-1,63,-1,47
1,<environment.Job instance at 0x7ff438b56f50>,31,24,[ 3 12],32,-1,89,-1,65
1,<environment.Job instance at 0x7ff438411780>,32,23,[4 7],33,-1,88,-1,65
1,<environment.Job instance at 0x7ff4384117d0>,35,26,[12  4],36,-1,109,-1,83
1,<environment.Job instance at 0x7ff4384115f0>,39,17,[ 3 12],40,-1,121,-1,104
1,<environment.Job instance at 0x7ff438411550>,40,13,[14  5],41,-1,117,-1,104
1,<environment.Job instance at 0x7ff438411190>,41,21,[ 5 14],42,-1,125,-1,104
1,<environment.Job instance at 0x7ff4384115a0>,42,21,[ 4 11],43,-1,125,-1,104
1,<environment.Job instance at 0x7ff438411870>,43,25,[2 7],44,-1,129,-1,104
1,<environment.Job instance at 0x7ff4384111e0>,44,23,[14  4],45,-1,127,-1,104
1,<environment.Job instance at 0x7ff438411e10>,45,12,[ 3 11],46,-1,116,-1,104
1,<environment.Job instance at 0x7ff438411e10>,2,26,[2 9],3,-1,29,-1,3
1,<environment.Job instance at 0x7ff437e73e10>,5,27,[10  3],6,-1,33,-1,6
1,<environment.Job instance at 0x7ff4377383c0>,6,27,[ 1 11],7,-1,34,-1,7
1,<environment.Job instance at 0x7ff437738640>,7,18,[ 2 12],8,-1,26,-1,8
1,<environment.Job instance at 0x7ff4377386e0>,8,22,[ 2 11],9,-1,31,-1,9
1,<environment.Job instance at 0x7ff437738690>,9,23,[14  4],10,-1,33,-1,10
1,<environment.Job instance at 0x7ff437738730>,10,22,[13  2],11,-1,33,-1,11
1,<environment.Job instance at 0x7ff4377387d0>,11,12,[ 1 12],12,-1,24,-1,12
1,<environment.Job instance at 0x7ff437738870>,12,18,[10  2],13,-1,46,-1,28
1,<environment.Job instance at 0x7ff437738c30>,16,18,[ 5 14],17,-1,46,-1,28
1,<environment.Job instance at 0x7ff437738d20>,18,27,[ 2 10],19,-1,55,-1,28
1,<environment.Job instance at 0x7ff437738dc0>,19,20,[ 1 11],20,-1,48,-1,28
1,<environment.Job instance at 0x7ff437738e60>,20,27,[11  5],21,-1,55,-1,28
1,<environment.Job instance at 0x7ff437738f00>,21,14,[ 5 14],22,-1,42,-1,28
1,<environment.Job instance at 0x7ff437738b90>,23,25,[9 2],24,-1,53,-1,28
1,<environment.Job instance at 0x7ff437746190>,25,24,[ 5 13],26,-1,62,-1,38
1,<environment.Job instance at 0x7ff437746280>,26,15,[ 5 14],27,-1,53,-1,38
1,<environment.Job instance at 0x7ff437746320>,27,22,[ 4 11],28,-1,60,-1,38
1,<environment.Job instance at 0x7ff437746550>,28,13,[ 5 13],29,-1,51,-1,38
1,<environment.Job instance at 0x7ff4377463c0>,29,19,[ 3 10],30,-1,57,-1,38
1,<environment.Job instance at 0x7ff4377465f0>,31,24,[5 1],32,-1,66,-1,42
1,<environment.Job instance at 0x7ff4377466e0>,32,13,[ 5 12],33,-1,55,-1,42
1,<environment.Job instance at 0x7ff437746780>,33,15,[14  1],34,-1,57,-1,42
1,<environment.Job instance at 0x7ff437746820>,34,23,[1 8],35,-1,65,-1,42
1,<environment.Job instance at 0x7ff4377468c0>,35,28,[ 2 10],36,-1,70,-1,42
1,<environment.Job instance at 0x7ff437746a00>,37,16,[ 2 10],38,-1,60,-1,44
1,<environment.Job instance at 0x7ff437746b40>,38,21,[ 3 14],39,-1,65,-1,44
1,<environment.Job instance at 0x7ff437746b90>,39,21,[ 2 12],40,-1,65,-1,44
1,<environment.Job instance at 0x7ff437746c30>,40,18,[5 9],41,-1,73,-1,55
1,<environment.Job instance at 0x7ff437746410>,43,19,[1 9],44,-1,74,-1,55
1,<environment.Job instance at 0x7ff437746f00>,44,25,[9 4],45,-1,80,-1,55
1,<environment.Job instance at 0x7ff437746eb0>,45,20,[7 5],46,-1,76,-1,56
1,<environment.Job instance at 0x7ff437746f50>,46,14,[11  4],47,-1,70,-1,56
1,<environment.Job instance at 0x7ff437745190>,47,12,[10  1],48,-1,68,-1,56
1,<environment.Job instance at 0x7ff437745230>,48,28,[ 1 13],49,-1,84,-1,56
1,<environment.Job instance at 0x7ff4377452d0>,49,19,[ 5 14],50,-1,75,-1,56
1,<environment.Job instance at 0x7ff437745370>,50,12,[10  1],51,-1,68,-1,56
1,<environment.Job instance at 0x7ff437745410>,51,17,[1 9],52,-1,73,-1,56
1,<environment.Job instance at 0x7ff4377454b0>,52,20,[ 4 14],53,-1,76,-1,56
1,<environment.Job instance at 0x7ff437745550>,53,18,[14  4],54,-1,74,-1,56
1,<environment.Job instance at 0x7ff4377455f0>,54,18,[ 3 11],55,-1,74,-1,56
1,<environment.Job instance at 0x7ff437745820>,55,12,[ 1 10],56,-1,68,-1,56
1,<environment.Job instance at 0x7ff437745780>,56,26,[ 2 11],57,-1,83,-1,57
1,<environment.Job instance at 0x7ff4377457d0>,57,13,[13  4],58,-1,71,-1,58
1,<environment.Job instance at 0x7ff4377458c0>,58,17,[2 5],59,-1,76,-1,59
1,<environment.Job instance at 0x7ff437745960>,59,17,[3 6],60,-1,83,-1,66
1,<environment.Job instance at 0x7ff437745a50>,60,13,[12  4],61,-1,79,-1,66
1,<environment.Job instance at 0x7ff437745af0>,61,17,[ 5 13],62,-1,83,-1,66
1,<environment.Job instance at 0x7ff437745b90>,62,16,[ 5 14],63,-1,82,-1,66
1,<environment.Job instance at 0x7ff437745c30>,63,25,[5 8],64,-1,91,-1,66
1,<environment.Job instance at 0x7ff437745cd0>,64,12,[6 3],65,-1,78,-1,66
1,<environment.Job instance at 0x7ff437745d70>,65,17,[ 2 14],66,-1,83,-1,66
1,<environment.Job instance at 0x7ff437745a00>,66,18,[11  3],67,-1,85,-1,67
1,<environment.Job instance at 0x7ff437745e60>,67,12,[4 6],68,-1,80,-1,68
1,<environment.Job instance at 0x7ff437745f00>,68,13,[2 6],69,-1,84,-1,71
1,<environment.Job instance at 0x7ff4377450a0>,69,13,[10  4],70,-1,84,-1,71
1,<environment.Job instance at 0x7ff437745fa0>,70,15,[14  4],71,-1,86,-1,71
1,<environment.Job instance at 0x7ff43774f140>,71,24,[11  3],72,-1,96,-1,72
1,<environment.Job instance at 0x7ff43774f1e0>,72,15,[ 5 12],73,-1,88,-1,73
1,<environment.Job instance at 0x7ff43774f280>,73,26,[ 1 12],74,-1,100,-1,74
1,<environment.Job instance at 0x7ff43774f320>,74,23,[ 4 10],75,-1,98,-1,75
1,<environment.Job instance at 0x7ff43774f3c0>,75,25,[1 8],76,-1,101,-1,76
1,<environment.Job instance at 0x7ff43774f460>,76,27,[ 3 12],77,-1,104,-1,77
1,<environment.Job instance at 0x7ff43774f500>,77,13,[3 9],78,-1,95,-1,82
1,<environment.Job instance at 0x7ff4412784b0>,79,21,[8 3],80,-1,103,-1,82
1,<environment.Job instance at 0x7ff437732be0>,80,28,[11  4],81,-1,110,-1,82
1,<environment.Job instance at 0x7ff4377328c0>,81,26,[5 7],82,-1,108,-1,82
1,<environment.Job instance at 0x7ff437732500>,82,24,[13  1],83,-1,107,-1,83
1,<environment.Job instance at 0x7ff437732410>,83,12,[14  5],84,-1,96,-1,84
1,<environment.Job instance at 0x7ff437b14be0>,85,26,[6 3],86,-1,112,-1,86
1,<environment.Job instance at 0x7ff4389b4050>,86,17,[ 1 14],87,-1,104,-1,87
1,<environment.Job instance at 0x7ff438b4abe0>,87,18,[14  3],88,-1,106,-1,88
1,<environment.Job instance at 0x7ff4385cd190>,88,25,[11  3],89,-1,114,-1,89
1,<environment.Job instance at 0x7ff4380a64b0>,89,17,[14  4],90,-1,107,-1,90
1,<environment.Job instance at 0x7ff4377322d0>,2,25,[7 5],3,-1,28,-1,3
1,<environment.Job instance at 0x7ff437c7ff50>,5,21,[ 5 14],6,-1,27,-1,6
1,<environment.Job instance at 0x7ff4382617d0>,6,25,[14  4],7,-1,32,-1,7
1,<environment.Job instance at 0x7ff438261a50>,8,15,[ 3 11],9,-1,24,-1,9
1,<environment.Job instance at 0x7ff4382615a0>,13,27,[ 2 11],14,-1,41,-1,14
1,<environment.Job instance at 0x7ff438912910>,14,20,[14  2],15,-1,35,-1,15
1,<environment.Job instance at 0x7ff438912730>,15,26,[14  1],16,-1,42,-1,16
1,<environment.Job instance at 0x7ff4389121e0>,20,14,[14  4],21,-1,67,-1,53
1,<environment.Job instance at 0x7ff4389122d0>,21,22,[ 4 12],22,-1,75,-1,53
1,<environment.Job instance at 0x7ff4389129b0>,22,24,[12  4],23,-1,77,-1,53
1,<environment.Job instance at 0x7ff438912780>,24,16,[ 3 12],25,-1,80,-1,64
1,<environment.Job instance at 0x7ff438912aa0>,27,23,[2 6],28,-1,100,-1,77
1,<environment.Job instance at 0x7ff438912550>,28,15,[ 3 13],29,-1,92,-1,77
1,<environment.Job instance at 0x7ff438912fa0>,29,15,[ 5 11],30,-1,92,-1,77
1,<environment.Job instance at 0x7ff437acf870>,3,28,[3 8],4,-1,32,-1,4
1,<environment.Job instance at 0x7ff437acf280>,4,24,[9 3],5,-1,29,-1,5
1,<environment.Job instance at 0x7ff437acf2d0>,5,28,[9 3],6,-1,34,-1,6
1,<environment.Job instance at 0x7ff437acf9b0>,6,14,[11  3],7,-1,21,-1,7
1,<environment.Job instance at 0x7ff437acf6e0>,7,22,[5 7],8,-1,42,-1,20
1,<environment.Job instance at 0x7ff437acf460>,12,27,[8 2],13,-1,47,-1,20
1,<environment.Job instance at 0x7ff437acfe10>,13,25,[14  2],14,-1,45,-1,20
1,<environment.Job instance at 0x7ff437acf370>,14,27,[4 5],15,-1,47,-1,20
1,<environment.Job instance at 0x7ff437d80be0>,15,23,[12  2],16,-1,43,-1,20
1,<environment.Job instance at 0x7ff437d80a00>,18,14,[13  1],19,-1,41,-1,27
1,<environment.Job instance at 0x7ff437d80c30>,19,18,[ 2 13],20,-1,45,-1,27
1,<environment.Job instance at 0x7ff437d808c0>,20,17,[ 4 11],21,-1,44,-1,27
1,<environment.Job instance at 0x7ff437d80af0>,22,14,[ 3 11],23,-1,55,-1,41
1,<environment.Job instance at 0x7ff437be27d0>,23,17,[ 5 13],24,-1,58,-1,41
1,<environment.Job instance at 0x7ff437be2cd0>,24,22,[13  3],25,-1,63,-1,41
1,<environment.Job instance at 0x7ff437be2410>,25,13,[ 3 13],26,-1,54,-1,41
1,<environment.Job instance at 0x7ff437be2fa0>,26,14,[12  1],27,-1,55,-1,41
1,<environment.Job instance at 0x7ff437be28c0>,28,17,[ 3 13],29,-1,58,-1,41
1,<environment.Job instance at 0x7ff437be2500>,29,28,[3 7],30,-1,69,-1,41
1,<environment.Job instance at 0x7ff437be2a00>,30,20,[11  2],31,-1,61,-1,41
1,<environment.Job instance at 0x7ff437be2d70>,31,19,[ 2 12],32,-1,60,-1,41
1,<environment.Job instance at 0x7ff437be2c80>,32,18,[ 3 11],33,-1,59,-1,41
1,<environment.Job instance at 0x7ff437be2370>,33,14,[ 4 12],34,-1,55,-1,41
1,<environment.Job instance at 0x7ff437be2780>,34,19,[ 5 11],35,-1,60,-1,41
1,<environment.Job instance at 0x7ff437be24b0>,35,14,[ 5 13],36,-1,55,-1,41
1,<environment.Job instance at 0x7ff437be2280>,37,21,[13  5],38,-1,78,-1,57
1,<environment.Job instance at 0x7ff437be22d0>,38,17,[11  1],39,-1,74,-1,57
1,<environment.Job instance at 0x7ff437be20a0>,39,23,[ 1 14],40,-1,80,-1,57
1,<environment.Job instance at 0x7ff4381bdbe0>,41,14,[ 5 14],42,-1,71,-1,57
1,<environment.Job instance at 0x7ff437be2eb0>,42,15,[ 2 14],43,-1,72,-1,57
1,<environment.Job instance at 0x7ff4381bd230>,44,14,[13  5],45,-1,71,-1,57
1,<environment.Job instance at 0x7ff4381bd140>,45,26,[1 9],46,-1,83,-1,57
1,<environment.Job instance at 0x7ff4381bd1e0>,46,22,[ 4 11],47,-1,79,-1,57
1,<environment.Job instance at 0x7ff4381bdb90>,48,24,[10  5],49,-1,90,-1,66
1,<environment.Job instance at 0x7ff4381bd550>,49,24,[ 3 14],50,-1,90,-1,66
1,<environment.Job instance at 0x7ff4381bde10>,50,28,[ 5 11],51,-1,94,-1,66
1,<environment.Job instance at 0x7ff4381bd6e0>,51,17,[ 5 12],52,-1,83,-1,66
1,<environment.Job instance at 0x7ff4381bd780>,52,14,[10  1],53,-1,84,-1,70
1,<environment.Job instance at 0x7ff4381bdb40>,54,22,[11  2],55,-1,97,-1,75
1,<environment.Job instance at 0x7ff4381bd2d0>,55,12,[ 5 10],56,-1,87,-1,75
1,<environment.Job instance at 0x7ff4381bd050>,56,24,[7 1],57,-1,99,-1,75
1,<environment.Job instance at 0x7ff4381bdc80>,58,21,[ 1 12],59,-1,103,-1,82
1,<environment.Job instance at 0x7ff438b40910>,59,12,[ 3 11],60,-1,94,-1,82
1,<environment.Job instance at 0x7ff438b40fa0>,60,24,[6 1],61,-1,106,-1,82
1,<environment.Job instance at 0x7ff438b407d0>,61,28,[12  1],62,-1,110,-1,82
1,<environment.Job instance at 0x7ff438b40780>,62,25,[14  3],63,-1,107,-1,82
1,<environment.Job instance at 0x7ff438b40f00>,63,25,[12  4],64,-1,107,-1,82
1,<environment.Job instance at 0x7ff438b40730>,64,19,[14  1],65,-1,101,-1,82
1,<environment.Job instance at 0x7ff438b403c0>,65,21,[11  5],66,-1,103,-1,82
1,<environment.Job instance at 0x7ff438b40460>,66,13,[11  4],67,-1,95,-1,82
1,<environment.Job instance at 0x7ff438b40320>,67,25,[8 5],68,-1,107,-1,82
1,<environment.Job instance at 0x7ff438b401e0>,70,12,[ 3 14],71,-1,110,-1,98
1,<environment.Job instance at 0x7ff438b40410>,71,15,[ 4 13],72,-1,113,-1,98
1,<environment.Job instance at 0x7ff43775c3c0>,73,13,[11  4],74,-1,119,-1,106
1,<environment.Job instance at 0x7ff43775c0a0>,2,17,[12  2],3,-1,20,-1,3
1,<environment.Job instance at 0x7ff437829870>,3,20,[ 5 12],4,-1,24,-1,4
1,<environment.Job instance at 0x7ff437f6b410>,4,28,[ 5 11],5,-1,33,-1,5
1,<environment.Job instance at 0x7ff437f6ba50>,6,23,[ 5 11],7,-1,30,-1,7
1,<environment.Job instance at 0x7ff437f6b1e0>,7,24,[10  2],8,-1,32,-1,8
1,<environment.Job instance at 0x7ff437f6b4b0>,8,28,[14  5],9,-1,37,-1,9
1,<environment.Job instance at 0x7ff43775c3c0>,10,13,[12  1],11,-1,24,-1,11
1,<environment.Job instance at 0x7ff437f103c0>,11,28,[ 5 11],12,-1,40,-1,12
1,<environment.Job instance at 0x7ff437f10af0>,15,19,[14  5],16,-1,35,-1,16
1,<environment.Job instance at 0x7ff437f10050>,16,24,[11  2],17,-1,41,-1,17
1,<environment.Job instance at 0x7ff437f10aa0>,23,26,[13  5],24,-1,97,-1,71
1,<environment.Job instance at 0x7ff437b10370>,24,17,[ 4 14],25,-1,88,-1,71
1,<environment.Job instance at 0x7ff437f10460>,25,15,[11  2],26,-1,86,-1,71
1,<environment.Job instance at 0x7ff437b10e10>,26,16,[ 4 14],27,-1,87,-1,71
1,<environment.Job instance at 0x7ff437b10960>,27,25,[ 4 11],28,-1,96,-1,71
1,<environment.Job instance at 0x7ff437b10fa0>,28,20,[ 1 14],29,-1,91,-1,71
1,<environment.Job instance at 0x7ff4380f6550>,29,20,[ 2 11],30,-1,91,-1,71
1,<environment.Job instance at 0x7ff4380f6eb0>,30,15,[ 1 13],31,-1,86,-1,71
1,<environment.Job instance at 0x7ff4380f64b0>,31,16,[ 3 12],32,-1,87,-1,71
1,<environment.Job instance at 0x7ff4380f6dc0>,33,23,[5 6],34,-1,99,-1,76
1,<environment.Job instance at 0x7ff4380f6d20>,34,24,[5 6],35,-1,100,-1,76
1,<environment.Job instance at 0x7ff4380f6b40>,36,24,[ 5 14],37,-1,105,-1,81
1,<environment.Job instance at 0x7ff4380f61e0>,38,26,[ 5 13],39,-1,107,-1,81
1,<environment.Job instance at 0x7ff43847b5a0>,39,13,[12  2],40,-1,94,-1,81
1,<environment.Job instance at 0x7ff43847bc80>,40,24,[ 5 13],41,-1,105,-1,81
1,<environment.Job instance at 0x7ff43847bfa0>,41,23,[ 5 12],42,-1,104,-1,81
1,<environment.Job instance at 0x7ff43847b410>,42,15,[14  2],43,-1,96,-1,81
1,<environment.Job instance at 0x7ff43847bb40>,43,25,[ 2 12],44,-1,106,-1,81
1,<environment.Job instance at 0x7ff438913050>,3,26,[ 4 11],4,-1,30,-1,4
1,<environment.Job instance at 0x7ff438913dc0>,6,24,[ 5 12],7,-1,31,-1,7
1,<environment.Job instance at 0x7ff4389135a0>,8,24,[7 2],9,-1,34,-1,10
1,<environment.Job instance at 0x7ff438cc59b0>,10,14,[14  5],11,-1,25,-1,11
1,<environment.Job instance at 0x7ff438cc55f0>,11,14,[ 3 12],12,-1,26,-1,12
1,<environment.Job instance at 0x7ff437fc7a00>,15,28,[8 4],16,-1,46,-1,18
1,<environment.Job instance at 0x7ff437fe0320>,16,17,[13  5],17,-1,35,-1,18
1,<environment.Job instance at 0x7ff438b409b0>,17,17,[ 4 13],18,-1,35,-1,18
1,<environment.Job instance at 0x7ff437fe05a0>,18,15,[ 5 11],19,-1,34,-1,19
1,<environment.Job instance at 0x7ff437d78690>,19,13,[14  4],20,-1,33,-1,20
1,<environment.Job instance at 0x7ff437f324b0>,20,15,[13  5],21,-1,36,-1,21
1,<environment.Job instance at 0x7ff437fe0eb0>,22,28,[13  3],23,-1,51,-1,23
1,<environment.Job instance at 0x7ff438946b90>,23,25,[ 1 14],24,-1,49,-1,24
1,<environment.Job instance at 0x7ff438946730>,24,19,[13  4],25,-1,44,-1,25
1,<environment.Job instance at 0x7ff438946640>,26,16,[ 5 13],27,-1,49,-1,33
1,<environment.Job instance at 0x7ff4385f59b0>,27,25,[ 4 11],28,-1,58,-1,33
1,<environment.Job instance at 0x7ff437aac500>,30,26,[ 1 11],31,-1,70,-1,44
1,<environment.Job instance at 0x7ff438b3d5a0>,31,23,[ 3 13],32,-1,67,-1,44
1,<environment.Job instance at 0x7ff438b3d910>,32,26,[4 9],33,-1,70,-1,44
1,<environment.Job instance at 0x7ff438b3daf0>,33,20,[11  5],34,-1,64,-1,44
1,<environment.Job instance at 0x7ff438cdff00>,35,18,[12  1],36,-1,67,-1,49
1,<environment.Job instance at 0x7ff437f933c0>,39,23,[6 1],40,-1,101,-1,78
1,<environment.Job instance at 0x7ff437f93be0>,40,27,[2 7],41,-1,105,-1,78
1,<environment.Job instance at 0x7ff437f93500>,42,16,[ 2 14],43,-1,94,-1,78
1,<environment.Job instance at 0x7ff437f93640>,43,27,[10  1],44,-1,105,-1,78
1,<environment.Job instance at 0x7ff437f93a00>,45,13,[11  4],46,-1,106,-1,93
1,<environment.Job instance at 0x7ff437f935a0>,46,13,[ 4 14],47,-1,106,-1,93
1,<environment.Job instance at 0x7ff437f93dc0>,48,24,[ 1 10],49,-1,123,-1,99
1,<environment.Job instance at 0x7ff437f93c30>,49,21,[ 1 10],50,-1,120,-1,99
1,<environment.Job instance at 0x7ff438491e10>,50,28,[14  4],51,-1,127,-1,99
1,<environment.Job instance at 0x7ff4384912d0>,51,23,[1 5],52,-1,122,-1,99
1,<environment.Job instance at 0x7ff438c96b40>,52,24,[ 5 13],53,-1,123,-1,99
1,<environment.Job instance at 0x7ff438c96c30>,54,23,[4 8],55,-1,128,-1,105
1,<environment.Job instance at 0x7ff437eacb90>,2,24,[14  4],3,-1,27,-1,3
1,<environment.Job instance at 0x7ff437eac820>,3,25,[2 8],4,-1,29,-1,4
1,<environment.Job instance at 0x7ff437eacc80>,6,27,[13  4],7,-1,34,-1,7
1,<environment.Job instance at 0x7ff437eac050>,8,25,[ 1 12],9,-1,34,-1,9
1,<environment.Job instance at 0x7ff437eacaf0>,10,27,[ 2 13],11,-1,38,-1,11
1,<environment.Job instance at 0x7ff437eacbe0>,11,20,[14  5],12,-1,32,-1,12
1,<environment.Job instance at 0x7ff437eac320>,12,25,[ 3 12],13,-1,38,-1,13
1,<environment.Job instance at 0x7ff437eace60>,13,14,[13  1],14,-1,28,-1,14
1,<environment.Job instance at 0x7ff437eac9b0>,14,15,[12  1],15,-1,30,-1,15
1,<environment.Job instance at 0x7ff437bbaf00>,15,13,[ 2 12],16,-1,29,-1,16
1,<environment.Job instance at 0x7ff437bba370>,16,12,[14  2],17,-1,29,-1,17
1,<environment.Job instance at 0x7ff437bbae60>,17,28,[7 1],18,-1,46,-1,18
1,<environment.Job instance at 0x7ff437eac0a0>,18,18,[ 3 13],19,-1,37,-1,19
1,<environment.Job instance at 0x7ff437bbabe0>,20,17,[13  4],21,-1,38,-1,21
1,<environment.Job instance at 0x7ff437bba3c0>,21,27,[6 2],22,-1,50,-1,23
1,<environment.Job instance at 0x7ff4388f0d70>,24,16,[ 2 11],25,-1,41,-1,25
1,<environment.Job instance at 0x7ff437f499b0>,25,27,[ 5 12],26,-1,53,-1,26
1,<environment.Job instance at 0x7ff438287aa0>,26,17,[ 4 13],27,-1,44,-1,27
1,<environment.Job instance at 0x7ff4379f0370>,27,28,[9 4],28,-1,56,-1,28
1,<environment.Job instance at 0x7ff4379f0190>,28,25,[ 1 12],29,-1,54,-1,29
1,<environment.Job instance at 0x7ff438a2f4b0>,29,28,[2 9],30,-1,58,-1,30
1,<environment.Job instance at 0x7ff4383f0820>,32,15,[ 3 11],33,-1,48,-1,33
1,<environment.Job instance at 0x7ff4382b5eb0>,33,20,[ 4 12],34,-1,54,-1,34
1,<environment.Job instance at 0x7ff438a274b0>,34,28,[ 5 14],35,-1,63,-1,35
1,<environment.Job instance at 0x7ff4377d6c30>,35,17,[ 3 14],36,-1,53,-1,36
1,<environment.Job instance at 0x7ff4383ddb40>,36,27,[ 3 10],37,-1,64,-1,37
1,<environment.Job instance at 0x7ff4388de370>,39,22,[ 1 10],40,-1,82,-1,60
1,<environment.Job instance at 0x7ff4383dde60>,41,27,[6 4],42,-1,97,-1,70
1,<environment.Job instance at 0x7ff437804410>,42,22,[ 2 10],43,-1,105,-1,83
1,<environment.Job instance at 0x7ff437b4e320>,47,28,[ 5 11],48,-1,132,-1,104
1,<environment.Job instance at 0x7ff437b4ec30>,49,13,[11  4],50,-1,117,-1,104
1,<environment.Job instance at 0x7ff437b4e780>,50,21,[12  2],51,-1,125,-1,104
1,<environment.Job instance at 0x7ff437b4e6e0>,51,23,[ 2 12],52,-1,127,-1,104
1,<environment.Job instance at 0x7ff437b4e640>,52,26,[ 2 13],53,-1,130,-1,104
1,<environment.Job instance at 0x7ff437b4e3c0>,53,17,[13  3],54,-1,121,-1,104
1,<environment.Job instance at 0x7ff437b48e10>,54,22,[13  2],55,-1,126,-1,104
1,<environment.Job instance at 0x7ff437b35370>,3,28,[5 5],4,-1,32,-1,4
1,<environment.Job instance at 0x7ff43811d550>,4,18,[12  3],5,-1,23,-1,5
1,<environment.Job instance at 0x7ff43811df00>,6,21,[ 4 14],7,-1,28,-1,7
1,<environment.Job instance at 0x7ff43811d8c0>,8,25,[1 7],9,-1,35,-1,10
1,<environment.Job instance at 0x7ff4379dbd70>,10,25,[ 2 11],11,-1,36,-1,11
1,<environment.Job instance at 0x7ff4379dbc30>,11,26,[1 9],12,-1,38,-1,12
1,<environment.Job instance at 0x7ff4379dbeb0>,12,28,[9 3],13,-1,41,-1,13
1,<environment.Job instance at 0x7ff4379dbaa0>,13,21,[12  3],14,-1,35,-1,14
1,<environment.Job instance at 0x7ff4379dbaf0>,14,28,[11  3],15,-1,43,-1,15
1,<environment.Job instance at 0x7ff4379db2d0>,17,27,[ 3 13],18,-1,45,-1,18
1,<environment.Job instance at 0x7ff4379dbcd0>,18,22,[ 2 11],19,-1,41,-1,19
1,<environment.Job instance at 0x7ff4379dbe10>,19,24,[ 2 13],20,-1,44,-1,20
1,<environment.Job instance at 0x7ff4379db190>,24,15,[ 3 12],25,-1,61,-1,46
1,<environment.Job instance at 0x7ff4379db1e0>,27,20,[14  4],28,-1,75,-1,55
1,<environment.Job instance at 0x7ff4379db280>,28,22,[ 1 14],29,-1,77,-1,55
1,<environment.Job instance at 0x7ff4379dbf50>,29,26,[4 8],30,-1,81,-1,55
1,<environment.Job instance at 0x7ff4379db870>,30,12,[11  1],31,-1,67,-1,55
1,<environment.Job instance at 0x7ff4379c7e10>,31,27,[4 9],32,-1,82,-1,55
1,<environment.Job instance at 0x7ff4379c74b0>,32,16,[ 4 13],33,-1,71,-1,55
1,<environment.Job instance at 0x7ff4379c7640>,35,12,[14  2],36,-1,84,-1,72
1,<environment.Job instance at 0x7ff4379c7050>,36,27,[ 4 11],37,-1,99,-1,72
1,<environment.Job instance at 0x7ff4379c7370>,38,24,[ 5 11],39,-1,97,-1,73
1,<environment.Job instance at 0x7ff4379c75f0>,39,27,[ 1 12],40,-1,100,-1,73
1,<environment.Job instance at 0x7ff4379c7a00>,40,23,[11  1],41,-1,96,-1,73
1,<environment.Job instance at 0x7ff43746b780>,3,16,[ 2 12],4,-1,20,-1,4
1,<environment.Job instance at 0x7ff4382b5870>,4,18,[ 3 11],5,-1,23,-1,5
1,<environment.Job instance at 0x7ff4387aca00>,6,15,[ 1 14],7,-1,22,-1,7
1,<environment.Job instance at 0x7ff4379fceb0>,8,23,[ 2 13],9,-1,32,-1,9
1,<environment.Job instance at 0x7ff437f930a0>,10,22,[ 1 11],11,-1,33,-1,11
1,<environment.Job instance at 0x7ff437f93870>,9,13,[14  1],10,-1,24,-1,11
1,<environment.Job instance at 0x7ff437cd98c0>,12,13,[ 3 12],13,-1,26,-1,13
1,<environment.Job instance at 0x7ff4387acbe0>,13,14,[ 2 11],14,-1,29,-1,15
1,<environment.Job instance at 0x7ff441349af0>,16,26,[10  4],17,-1,43,-1,17
1,<environment.Job instance at 0x7ff437b3f7d0>,22,15,[11  1],23,-1,62,-1,47
1,<environment.Job instance at 0x7ff4379e1d70>,25,23,[ 3 12],26,-1,71,-1,48
1,<environment.Job instance at 0x7ff438da2640>,27,28,[5 9],28,-1,97,-1,69
1,<environment.Job instance at 0x7ff438da2a00>,29,14,[11  2],30,-1,83,-1,69
1,<environment.Job instance at 0x7ff4386aa5a0>,30,28,[14  3],31,-1,97,-1,69
1,<environment.Job instance at 0x7ff438287690>,31,22,[ 5 12],32,-1,91,-1,69
1,<environment.Job instance at 0x7ff4382870f0>,32,16,[11  2],33,-1,85,-1,69
1,<environment.Job instance at 0x7ff4386aa140>,34,27,[11  3],35,-1,96,-1,69
1,<environment.Job instance at 0x7ff437a98690>,36,27,[ 2 11],37,-1,111,-1,84
1,<environment.Job instance at 0x7ff437a98b90>,37,28,[13  3],38,-1,112,-1,84
1,<environment.Job instance at 0x7ff438420910>,39,23,[9 5],40,-1,113,-1,90
1,<environment.Job instance at 0x7ff438420c80>,40,27,[ 2 12],41,-1,117,-1,90
1,<environment.Job instance at 0x7ff4384205a0>,42,12,[11  1],43,-1,110,-1,98
1,<environment.Job instance at 0x7ff4374cd1e0>,2,14,[ 5 12],3,-1,17,-1,3
1,<environment.Job instance at 0x7ff437933b90>,4,14,[ 5 12],5,-1,19,-1,5
1,<environment.Job instance at 0x7ff437933be0>,5,14,[ 5 14],6,-1,20,-1,6
1,<environment.Job instance at 0x7ff4382d7820>,8,14,[12  1],9,-1,23,-1,9
1,<environment.Job instance at 0x7ff4382d7a00>,9,14,[ 1 12],10,-1,24,-1,10
1,<environment.Job instance at 0x7ff4382d7550>,7,23,[14  1],8,-1,34,-1,11
1,<environment.Job instance at 0x7ff4382d7dc0>,11,23,[ 5 12],12,-1,35,-1,12
1,<environment.Job instance at 0x7ff4382d74b0>,13,24,[6 1],14,-1,39,-1,15
1,<environment.Job instance at 0x7ff4382ea870>,16,27,[8 1],17,-1,44,-1,17
1,<environment.Job instance at 0x7ff4382eaa00>,17,12,[ 4 13],18,-1,30,-1,18
1,<environment.Job instance at 0x7ff4382eaeb0>,18,16,[ 3 11],19,-1,35,-1,19
1,<environment.Job instance at 0x7ff4382ea6e0>,19,23,[8 2],20,-1,43,-1,20
1,<environment.Job instance at 0x7ff4382eaf00>,20,17,[11  5],21,-1,38,-1,21
1,<environment.Job instance at 0x7ff4382eac30>,21,27,[5 3],22,-1,49,-1,22
1,<environment.Job instance at 0x7ff43795f0a0>,22,21,[7 1],23,-1,51,-1,30
1,<environment.Job instance at 0x7ff43795f320>,26,25,[7 1],27,-1,55,-1,30
1,<environment.Job instance at 0x7ff4382f2320>,29,28,[4 9],30,-1,67,-1,39
1,<environment.Job instance at 0x7ff4382f21e0>,30,28,[5 4],31,-1,67,-1,39
1,<environment.Job instance at 0x7ff4382f2190>,32,22,[12  5],33,-1,80,-1,58
1,<environment.Job instance at 0x7ff4382f2eb0>,33,26,[ 3 14],34,-1,84,-1,58
1,<environment.Job instance at 0x7ff4382f2d70>,34,23,[13  3],35,-1,81,-1,58
1,<environment.Job instance at 0x7ff4382f2cd0>,35,14,[12  3],36,-1,72,-1,58
1,<environment.Job instance at 0x7ff4382f2be0>,36,18,[14  4],37,-1,76,-1,58
1,<environment.Job instance at 0x7ff4382f25f0>,37,25,[10  4],38,-1,83,-1,58
1,<environment.Job instance at 0x7ff4382f27d0>,38,22,[ 3 13],39,-1,80,-1,58
1,<environment.Job instance at 0x7ff438760140>,39,24,[1 7],40,-1,82,-1,58
1,<environment.Job instance at 0x7ff438756870>,40,18,[12  4],41,-1,76,-1,58
1,<environment.Job instance at 0x7ff4379404b0>,41,19,[12  4],42,-1,77,-1,58
1,<environment.Job instance at 0x7ff4381985f0>,43,25,[7 1],44,-1,83,-1,58
1,<environment.Job instance at 0x7ff437aff190>,44,21,[14  2],45,-1,79,-1,58
1,<environment.Job instance at 0x7ff4381a3e60>,45,23,[6 3],46,-1,81,-1,58
1,<environment.Job instance at 0x7ff4381a3730>,47,23,[10  3],48,-1,98,-1,75
1,<environment.Job instance at 0x7ff4381a32d0>,48,18,[13  4],49,-1,93,-1,75
1,<environment.Job instance at 0x7ff43795f690>,50,27,[9 5],51,-1,102,-1,75
1,<environment.Job instance at 0x7ff437b1ef50>,52,19,[ 5 13],53,-1,97,-1,78
1,<environment.Job instance at 0x7ff4388185f0>,53,28,[7 5],54,-1,106,-1,78
1,<environment.Job instance at 0x7ff4381d7a50>,55,15,[14  5],56,-1,93,-1,78
1,<environment.Job instance at 0x7ff4381d7b40>,56,21,[14  5],57,-1,99,-1,78
1,<environment.Job instance at 0x7ff4381d7e10>,57,26,[11  1],58,-1,104,-1,78
1,<environment.Job instance at 0x7ff4382e0460>,1,14,[13  4],2,-1,16,-1,2
1,<environment.Job instance at 0x7ff4382dbfa0>,5,24,[11  5],6,-1,30,-1,6
1,<environment.Job instance at 0x7ff4382db460>,6,27,[8 3],7,-1,34,-1,7
1,<environment.Job instance at 0x7ff4382dba00>,7,28,[13  3],8,-1,36,-1,8
1,<environment.Job instance at 0x7ff4382db640>,8,26,[ 4 11],9,-1,35,-1,9
1,<environment.Job instance at 0x7ff4382db280>,9,19,[12  4],10,-1,29,-1,10
1,<environment.Job instance at 0x7ff4382dbb90>,10,12,[ 5 13],11,-1,23,-1,11
1,<environment.Job instance at 0x7ff4382dbaf0>,14,22,[11  1],15,-1,37,-1,15
1,<environment.Job instance at 0x7ff4382dba50>,15,24,[9 2],16,-1,41,-1,17
1,<environment.Job instance at 0x7ff4382db960>,17,18,[ 3 13],18,-1,36,-1,18
1,<environment.Job instance at 0x7ff4382db050>,18,28,[13  1],19,-1,47,-1,19
1,<environment.Job instance at 0x7ff4382db140>,19,27,[ 2 14],20,-1,47,-1,20
1,<environment.Job instance at 0x7ff4382dbe10>,20,27,[ 3 13],21,-1,48,-1,21
1,<environment.Job instance at 0x7ff4382db9b0>,21,15,[13  2],22,-1,37,-1,22
1,<environment.Job instance at 0x7ff4382db2d0>,23,19,[ 5 12],24,-1,43,-1,24
1,<environment.Job instance at 0x7ff4382cf960>,24,28,[8 4],25,-1,53,-1,25
1,<environment.Job instance at 0x7ff4382cf910>,25,12,[11  3],26,-1,38,-1,26
1,<environment.Job instance at 0x7ff4382cf6e0>,26,27,[13  3],27,-1,54,-1,27
1,<environment.Job instance at 0x7ff4382cfa00>,27,23,[4 7],28,-1,51,-1,28
1,<environment.Job instance at 0x7ff4382cfdc0>,29,16,[ 3 11],30,-1,46,-1,30
1,<environment.Job instance at 0x7ff4382cfb40>,30,15,[ 3 13],31,-1,46,-1,31
1,<environment.Job instance at 0x7ff4382cf460>,31,12,[ 1 11],32,-1,44,-1,32
1,<environment.Job instance at 0x7ff4382cf9b0>,32,23,[ 5 11],33,-1,56,-1,33
1,<environment.Job instance at 0x7ff4382cf7d0>,34,23,[ 4 14],35,-1,58,-1,35
1,<environment.Job instance at 0x7ff4382db820>,35,26,[1 5],36,-1,62,-1,36
1,<environment.Job instance at 0x7ff4382f2870>,36,16,[12  3],37,-1,53,-1,37
1,<environment.Job instance at 0x7ff4382f22d0>,38,12,[ 5 12],39,-1,51,-1,39
1,<environment.Job instance at 0x7ff4382f2fa0>,39,16,[ 1 14],40,-1,56,-1,40
1,<environment.Job instance at 0x7ff4382cf500>,41,21,[12  5],42,-1,73,-1,52
1,<environment.Job instance at 0x7ff43795f500>,43,14,[ 5 13],44,-1,68,-1,54
1,<environment.Job instance at 0x7ff43795fcd0>,44,21,[ 4 12],45,-1,75,-1,54
1,<environment.Job instance at 0x7ff43795fc80>,45,22,[13  4],46,-1,76,-1,54
1,<environment.Job instance at 0x7ff43795f2d0>,46,13,[11  4],47,-1,67,-1,54
1,<environment.Job instance at 0x7ff43795fc30>,47,22,[12  3],48,-1,76,-1,54
1,<environment.Job instance at 0x7ff43795faa0>,48,25,[14  2],49,-1,79,-1,54
1,<environment.Job instance at 0x7ff43795f5f0>,49,22,[ 1 11],50,-1,76,-1,54
1,<environment.Job instance at 0x7ff43795faf0>,53,27,[12  1],54,-1,91,-1,64
1,<environment.Job instance at 0x7ff43795f230>,54,26,[14  5],55,-1,90,-1,64
1,<environment.Job instance at 0x7ff43795f280>,55,12,[ 4 12],56,-1,76,-1,64
1,<environment.Job instance at 0x7ff43795f6e0>,56,24,[ 4 10],57,-1,88,-1,64
1,<environment.Job instance at 0x7ff43795f550>,57,18,[13  3],58,-1,82,-1,64
1,<environment.Job instance at 0x7ff437c4bd20>,60,23,[6 2],61,-1,108,-1,85
1,<environment.Job instance at 0x7ff437c4b960>,62,16,[ 1 11],63,-1,113,-1,97
1,<environment.Job instance at 0x7ff437c4b640>,63,12,[ 4 14],64,-1,109,-1,97
1,<environment.Job instance at 0x7ff437c4b140>,64,12,[11  4],65,-1,109,-1,97
1,<environment.Job instance at 0x7ff437c4b690>,65,25,[9 2],66,-1,122,-1,97
1,<environment.Job instance at 0x7ff437c4b820>,66,23,[12  5],67,-1,120,-1,97
1,<environment.Job instance at 0x7ff437c4b730>,67,24,[ 5 14],68,-1,121,-1,97
1,<environment.Job instance at 0x7ff437c4b370>,69,13,[ 3 13],70,-1,116,-1,103
1,<environment.Job instance at 0x7ff437c4baf0>,70,13,[12  3],71,-1,116,-1,103
1,<environment.Job instance at 0x7ff437c4baa0>,71,12,[ 5 11],72,-1,115,-1,103
1,<environment.Job instance at 0x7ff437c4bf00>,72,12,[10  3],73,-1,120,-1,108
1,<environment.Job instance at 0x7ff438b32230>,1,23,[12  2],2,-1,25,-1,2
1,<environment.Job instance at 0x7ff438b32730>,2,24,[11  2],3,-1,27,-1,3
1,<environment.Job instance at 0x7ff438b32af0>,5,28,[ 1 13],6,-1,34,-1,6
1,<environment.Job instance at 0x7ff438b32960>,8,25,[8 1],9,-1,34,-1,9
1,<environment.Job instance at 0x7ff438b32870>,9,12,[12  5],10,-1,22,-1,10
1,<environment.Job instance at 0x7ff437938d70>,18,25,[4 8],19,-1,84,-1,59
1,<environment.Job instance at 0x7ff4379383c0>,19,14,[ 4 10],20,-1,73,-1,59
1,<environment.Job instance at 0x7ff4379388c0>,20,16,[13  2],21,-1,75,-1,59
1,<environment.Job instance at 0x7ff437938370>,23,22,[ 1 10],24,-1,90,-1,68
1,<environment.Job instance at 0x7ff437938a00>,24,28,[13  5],25,-1,96,-1,68
1,<environment.Job instance at 0x7ff437938690>,25,23,[9 3],26,-1,91,-1,68
1,<environment.Job instance at 0x7ff4377bd9b0>,26,23,[8 1],27,-1,91,-1,68
1,<environment.Job instance at 0x7ff4377bd320>,27,21,[13  4],28,-1,89,-1,68
1,<environment.Job instance at 0x7ff4377bd500>,28,23,[4 8],29,-1,91,-1,68
1,<environment.Job instance at 0x7ff4380586e0>,30,21,[ 3 13],31,-1,95,-1,74
1,<environment.Job instance at 0x7ff4380585f0>,31,18,[13  1],32,-1,92,-1,74
1,<environment.Job instance at 0x7ff438058eb0>,32,13,[ 4 12],33,-1,87,-1,74
1,<environment.Job instance at 0x7ff438058f00>,33,25,[3 9],34,-1,99,-1,74
1,<environment.Job instance at 0x7ff438058140>,34,25,[3 8],35,-1,99,-1,74
1,<environment.Job instance at 0x7ff4380582d0>,35,23,[ 1 13],36,-1,97,-1,74
1,<environment.Job instance at 0x7ff438058190>,36,15,[14  3],37,-1,89,-1,74
1,<environment.Job instance at 0x7ff4380585a0>,37,20,[ 2 11],38,-1,94,-1,74
1,<environment.Job instance at 0x7ff4380580a0>,38,17,[ 3 12],39,-1,91,-1,74
1,<environment.Job instance at 0x7ff438058370>,40,14,[12  2],41,-1,99,-1,85
1,<environment.Job instance at 0x7ff4380581e0>,42,19,[ 2 14],43,-1,105,-1,86
1,<environment.Job instance at 0x7ff438058fa0>,43,15,[12  5],44,-1,101,-1,86
1,<environment.Job instance at 0x7ff438058aa0>,44,25,[2 6],45,-1,111,-1,86
1,<environment.Job instance at 0x7ff4379f9c80>,45,28,[ 3 12],46,-1,114,-1,86
1,<environment.Job instance at 0x7ff4379f9be0>,46,26,[8 1],47,-1,112,-1,86
1,<environment.Job instance at 0x7ff4379f9cd0>,49,12,[11  1],50,-1,111,-1,99
1,<environment.Job instance at 0x7ff4379f9050>,50,15,[13  5],51,-1,114,-1,99
1,<environment.Job instance at 0x7f37052421e0>,3,15,[13  4],4,-1,19,-1,4
1,<environment.Job instance at 0x7f36fbaca500>,4,24,[ 3 11],5,-1,29,-1,5
1,<environment.Job instance at 0x7f36fbaca6e0>,6,19,[ 1 13],7,-1,26,-1,7
1,<environment.Job instance at 0x7f36fbaca7d0>,8,24,[ 2 12],9,-1,33,-1,9
1,<environment.Job instance at 0x7f36fbacacd0>,13,27,[3 8],14,-1,49,-1,22
1,<environment.Job instance at 0x7f36fbacad70>,14,14,[14  3],15,-1,36,-1,22
1,<environment.Job instance at 0x7f36fbacae10>,15,24,[ 2 13],16,-1,46,-1,22
1,<environment.Job instance at 0x7f36fbacaeb0>,16,19,[ 3 12],17,-1,41,-1,22
1,<environment.Job instance at 0x7f36fbacaf50>,17,18,[ 5 13],18,-1,40,-1,22
1,<environment.Job instance at 0x7f36fbaca910>,19,21,[14  4],20,-1,43,-1,22
1,<environment.Job instance at 0x7f36fbacb230>,21,22,[14  2],22,-1,58,-1,36
1,<environment.Job instance at 0x7f36fbacb410>,22,25,[ 4 12],23,-1,61,-1,36
1,<environment.Job instance at 0x7f36fbacb4b0>,24,20,[ 3 12],25,-1,60,-1,40
1,<environment.Job instance at 0x7f36fbacb550>,25,16,[11  3],26,-1,56,-1,40
1,<environment.Job instance at 0x7f36fbacb690>,27,25,[14  4],28,-1,81,-1,56
1,<environment.Job instance at 0x7f36fbacb7d0>,29,24,[5 1],30,-1,100,-1,76
1,<environment.Job instance at 0x7f36fbacb9b0>,32,14,[14  3],33,-1,90,-1,76
1,<environment.Job instance at 0x7f36fbacbb90>,35,23,[11  2],36,-1,119,-1,96
1,<environment.Job instance at 0x7f36fbacbcd0>,36,27,[10  1],37,-1,123,-1,96
1,<environment.Job instance at 0x7f36fbacbdc0>,38,16,[ 1 13],39,-1,129,-1,113
1,<environment.Job instance at 0x7f36fbad2870>,1,18,[ 3 12],2,-1,20,-1,2
1,<environment.Job instance at 0x7f36fbacbeb0>,2,21,[ 2 13],3,-1,24,-1,3
1,<environment.Job instance at 0x7f36fbb43640>,4,24,[5 6],5,-1,29,-1,5
1,<environment.Job instance at 0x7f36fbba6280>,5,18,[11  5],6,-1,24,-1,6
1,<environment.Job instance at 0x7f36fbacbe60>,7,22,[12  1],8,-1,30,-1,8
1,<environment.Job instance at 0x7f36fbba6370>,6,14,[14  1],7,-1,22,-1,8
1,<environment.Job instance at 0x7f36fbba6dc0>,14,22,[2 9],15,-1,53,-1,31
1,<environment.Job instance at 0x7f36fbba6500>,16,14,[ 3 14],17,-1,45,-1,31
1,<environment.Job instance at 0x7f36fbba6870>,17,21,[ 3 12],18,-1,52,-1,31
1,<environment.Job instance at 0x7f36fbba6c80>,18,26,[ 1 11],19,-1,57,-1,31
1,<environment.Job instance at 0x7f36fbba6e10>,19,28,[3 6],20,-1,59,-1,31
1,<environment.Job instance at 0x7f36fbba6640>,20,21,[ 3 12],21,-1,52,-1,31
1,<environment.Job instance at 0x7f36fbba6820>,21,17,[ 2 11],22,-1,48,-1,31
1,<environment.Job instance at 0x7f36fbc524b0>,23,14,[11  1],24,-1,53,-1,39
1,<environment.Job instance at 0x7f36fbc525f0>,24,26,[ 3 12],25,-1,65,-1,39
1,<environment.Job instance at 0x7f36fbc52b40>,25,24,[4 7],26,-1,63,-1,39
1,<environment.Job instance at 0x7f36fbc52190>,26,16,[14  1],27,-1,55,-1,39
1,<environment.Job instance at 0x7f36fbc52b90>,27,25,[5 4],28,-1,64,-1,39
1,<environment.Job instance at 0x7f36fbc52410>,28,28,[7 2],29,-1,67,-1,39
1,<environment.Job instance at 0x7f36fbc52730>,29,28,[7 1],30,-1,67,-1,39
1,<environment.Job instance at 0x7f36fb411a50>,32,24,[12  2],33,-1,78,-1,54
1,<environment.Job instance at 0x7f36fb1b9d70>,33,26,[ 3 11],34,-1,80,-1,54
1,<environment.Job instance at 0x7f36fb4d98c0>,34,25,[ 5 11],35,-1,79,-1,54
1,<environment.Job instance at 0x7f36fb41cb90>,35,13,[2 6],36,-1,68,-1,55
1,<environment.Job instance at 0x7f36fb1da370>,36,16,[ 1 11],37,-1,71,-1,55
1,<environment.Job instance at 0x7f36fb1eeeb0>,38,25,[4 6],39,-1,95,-1,70
1,<environment.Job instance at 0x7f36fb5a2e60>,39,26,[4 9],40,-1,96,-1,70
1,<environment.Job instance at 0x7f36fb12f780>,41,12,[12  4],42,-1,83,-1,71
1,<environment.Job instance at 0x7f36fb21a4b0>,42,21,[12  4],43,-1,92,-1,71
1,<environment.Job instance at 0x7f36fb189b90>,43,14,[12  3],44,-1,85,-1,71
1,<environment.Job instance at 0x7f36fb59d410>,44,28,[ 3 13],45,-1,99,-1,71
1,<environment.Job instance at 0x7f36fb568960>,45,22,[ 3 12],46,-1,93,-1,71
1,<environment.Job instance at 0x7f36fb5688c0>,46,23,[11  2],47,-1,94,-1,71
1,<environment.Job instance at 0x7f36fb6191e0>,48,22,[ 2 10],49,-1,104,-1,82
1,<environment.Job instance at 0x7f36fb619aa0>,49,15,[12  2],50,-1,97,-1,82
1,<environment.Job instance at 0x7f36fb5df190>,50,18,[11  1],51,-1,100,-1,82
1,<environment.Job instance at 0x7f36fb5df820>,51,18,[ 4 10],52,-1,102,-1,84
1,<environment.Job instance at 0x7f36fb5df0a0>,52,22,[6 4],53,-1,109,-1,87
1,<environment.Job instance at 0x7f36fb5df7d0>,55,14,[11  3],56,-1,115,-1,101
1,<environment.Job instance at 0x7f36fb4da9b0>,56,19,[ 5 14],57,-1,120,-1,101
1,<environment.Job instance at 0x7f36fb4dab40>,57,18,[10  1],58,-1,119,-1,101
1,<environment.Job instance at 0x7f36fb4da910>,58,27,[9 4],59,-1,128,-1,101
1,<environment.Job instance at 0x7f36fb4dac80>,59,25,[ 3 11],60,-1,126,-1,101
1,<environment.Job instance at 0x7f36fb5dce10>,60,27,[13  4],61,-1,128,-1,101
1,<environment.Job instance at 0x7f36fb5dcd70>,61,13,[ 4 10],62,-1,114,-1,101
1,<environment.Job instance at 0x7f36fb5ce2d0>,63,23,[ 2 14],64,-1,124,-1,101
1,<environment.Job instance at 0x7f36fb5cef50>,64,12,[ 2 11],65,-1,113,-1,101
1,<environment.Job instance at 0x7f36fb5cee60>,65,19,[5 1],66,-1,120,-1,101
1,<environment.Job instance at 0x7f36fb5cefa0>,66,24,[8 2],67,-1,125,-1,101
1,<environment.Job instance at 0x7f36fb5ce1e0>,67,22,[1 7],68,-1,123,-1,101
1,<environment.Job instance at 0x7f36fb5ce690>,68,28,[ 4 13],69,-1,129,-1,101
1,<environment.Job instance at 0x7f36fb5cea00>,69,26,[3 6],70,-1,127,-1,101
1,<environment.Job instance at 0x7f36fb57e5f0>,70,12,[11  1],71,-1,113,-1,101
1,<environment.Job instance at 0x7f36fb57e5a0>,71,12,[ 5 11],72,-1,113,-1,101
1,<environment.Job instance at 0x7f36fb2b75a0>,72,15,[ 3 11],73,-1,116,-1,101
1,<environment.Job instance at 0x7f36fb57efa0>,73,24,[ 1 10],74,-1,125,-1,101
1,<environment.Job instance at 0x7f36fb57e460>,74,24,[ 1 11],75,-1,125,-1,101
1,<environment.Job instance at 0x7f36fb5d9050>,75,25,[8 2],76,-1,126,-1,101
1,<environment.Job instance at 0x7f36fb5d94b0>,76,14,[14  4],77,-1,115,-1,101
1,<environment.Job instance at 0x7f36fb5d9500>,77,25,[5 4],78,-1,126,-1,101
1,<environment.Job instance at 0x7f36fb5d95a0>,79,16,[ 3 12],80,-1,134,-1,118
1,<environment.Job instance at 0x7f36fb5d9cd0>,80,23,[5 8],81,-1,141,-1,118
1,<environment.Job instance at 0x7f36fb56fa00>,81,21,[ 4 11],82,-1,139,-1,118
1,<environment.Job instance at 0x7f36fb56f1e0>,82,20,[ 3 12],83,-1,138,-1,118
1,<environment.Job instance at 0x7f36fb56f640>,83,23,[10  3],84,-1,141,-1,118
1,<environment.Job instance at 0x7f36fb56f960>,84,28,[3 8],85,-1,146,-1,118
1,<environment.Job instance at 0x7f36fb56fc80>,85,24,[12  1],86,-1,142,-1,118
1,<environment.Job instance at 0x7f36fb56fd20>,86,14,[11  2],87,-1,132,-1,118
1,<environment.Job instance at 0x7f36fb56f5a0>,87,27,[5 3],88,-1,145,-1,118
1,<environment.Job instance at 0x7f36fb3efeb0>,1,22,[ 5 14],2,-1,24,-1,2
1,<environment.Job instance at 0x7f36fb3ef1e0>,2,24,[14  3],3,-1,27,-1,3
1,<environment.Job instance at 0x7f36fb3efe10>,4,28,[6 3],5,-1,33,-1,5
1,<environment.Job instance at 0x7f36fb56f5a0>,6,24,[ 5 14],7,-1,31,-1,7
1,<environment.Job instance at 0x7f36fb3ef2d0>,7,28,[11  1],8,-1,36,-1,8
1,<environment.Job instance at 0x7f36fb3efb90>,8,15,[ 5 11],9,-1,24,-1,9
1,<environment.Job instance at 0x7f36fb3ef460>,11,16,[ 2 13],12,-1,28,-1,12
1,<environment.Job instance at 0x7f36fb4253c0>,15,13,[11  1],16,-1,38,-1,25
1,<environment.Job instance at 0x7f36fb425b40>,16,12,[ 3 12],17,-1,37,-1,25
1,<environment.Job instance at 0x7f36fb425e10>,17,25,[8 3],18,-1,50,-1,25
1,<environment.Job instance at 0x7f36fb425550>,19,15,[ 5 13],20,-1,43,-1,28
1,<environment.Job instance at 0x7f36fb425690>,21,24,[5 1],22,-1,52,-1,28
1,<environment.Job instance at 0x7f36fb425280>,22,23,[ 1 13],23,-1,51,-1,28
1,<environment.Job instance at 0x7f36fb4250a0>,23,12,[12  2],24,-1,40,-1,28
1,<environment.Job instance at 0x7f36fb4257d0>,26,19,[ 3 14],27,-1,66,-1,47
1,<environment.Job instance at 0x7f36fb425460>,27,26,[ 1 14],28,-1,73,-1,47
1,<environment.Job instance at 0x7f36fb425cd0>,25,22,[3 8],26,-1,87,-1,65
1,<environment.Job instance at 0x7f36fb3201e0>,31,22,[6 1],32,-1,87,-1,65
1,<environment.Job instance at 0x7f36fb320140>,32,14,[3 5],33,-1,79,-1,65
1,<environment.Job instance at 0x7f36fb3203c0>,33,21,[5 1],34,-1,86,-1,65
1,<environment.Job instance at 0x7f36fb3207d0>,34,23,[8 5],35,-1,88,-1,65
1,<environment.Job instance at 0x7f36fb4c24b0>,2,26,[13  4],3,-1,29,-1,3
1,<environment.Job instance at 0x7f36fb71ba50>,5,24,[ 4 10],6,-1,30,-1,6
1,<environment.Job instance at 0x7f36fb169d20>,11,18,[ 5 12],12,-1,32,-1,14
1,<environment.Job instance at 0x7f36fb169550>,13,24,[6 1],14,-1,41,-1,17
1,<environment.Job instance at 0x7f36fb4da500>,17,26,[7 4],18,-1,76,-1,50
1,<environment.Job instance at 0x7f36fbee25f0>,19,27,[11  5],20,-1,90,-1,63
1,<environment.Job instance at 0x7f36fb741550>,21,25,[9 2],22,-1,88,-1,63
1,<environment.Job instance at 0x7f36fb4da0a0>,22,18,[ 4 14],23,-1,81,-1,63
1,<environment.Job instance at 0x7f36fb7a2af0>,27,20,[ 3 13],28,-1,134,-1,114
1,<environment.Job instance at 0x7f36fbf091e0>,3,24,[ 4 11],4,-1,28,-1,4
1,<environment.Job instance at 0x7f36fb8dc1e0>,4,14,[13  1],5,-1,19,-1,5
1,<environment.Job instance at 0x7f36fb491190>,5,14,[11  1],6,-1,20,-1,6
1,<environment.Job instance at 0x7f36fbf09410>,2,23,[9 3],3,-1,29,-1,6
1,<environment.Job instance at 0x7f36fbf099b0>,6,12,[12  5],7,-1,19,-1,7
1,<environment.Job instance at 0x7f36fb491af0>,8,14,[ 1 13],9,-1,23,-1,9
1,<environment.Job instance at 0x7f36fb4918c0>,10,27,[ 4 10],11,-1,38,-1,11
1,<environment.Job instance at 0x7f36fb47b550>,11,28,[ 4 14],12,-1,40,-1,12
1,<environment.Job instance at 0x7f36fb47bfa0>,13,27,[11  1],14,-1,41,-1,14
1,<environment.Job instance at 0x7f36fb4a6a00>,16,28,[4 9],17,-1,46,-1,18
1,<environment.Job instance at 0x7f36fb4a6aa0>,18,18,[14  2],19,-1,37,-1,19
1,<environment.Job instance at 0x7f36fb4a6d20>,19,18,[12  2],20,-1,39,-1,21
1,<environment.Job instance at 0x7f36fb4a62d0>,22,19,[ 2 14],23,-1,55,-1,36
1,<environment.Job instance at 0x7f36fb47a050>,25,12,[ 2 10],26,-1,50,-1,38
1,<environment.Job instance at 0x7f36fb47a6e0>,26,15,[9 2],27,-1,53,-1,38
1,<environment.Job instance at 0x7f36fb494690>,27,21,[3 9],28,-1,59,-1,38
1,<environment.Job instance at 0x7f36fb494190>,29,18,[11  5],30,-1,62,-1,44
1,<environment.Job instance at 0x7f36fb494370>,30,28,[7 2],31,-1,72,-1,44
1,<environment.Job instance at 0x7f36fb494410>,31,20,[14  4],32,-1,64,-1,44
1,<environment.Job instance at 0x7f36fb4945f0>,32,21,[13  5],33,-1,65,-1,44
1,<environment.Job instance at 0x7f36fb494e10>,34,14,[ 1 12],35,-1,69,-1,55
1,<environment.Job instance at 0x7f36fb494f50>,35,15,[14  3],36,-1,70,-1,55
1,<environment.Job instance at 0x7f36fb4947d0>,36,20,[2 6],37,-1,75,-1,55
1,<environment.Job instance at 0x7f36fb494d70>,37,23,[ 2 13],38,-1,78,-1,55
1,<environment.Job instance at 0x7f36fb06a140>,38,25,[1 6],39,-1,80,-1,55
1,<environment.Job instance at 0x7f36fb7ea9b0>,39,22,[12  5],40,-1,77,-1,55
1,<environment.Job instance at 0x7f36fb084910>,40,23,[7 1],41,-1,78,-1,55
1,<environment.Job instance at 0x7f36fb084960>,42,24,[2 5],43,-1,85,-1,61
1,<environment.Job instance at 0x7f36fb10ceb0>,44,12,[ 2 13],45,-1,89,-1,77
1,<environment.Job instance at 0x7f36fb0846e0>,45,27,[4 9],46,-1,104,-1,77
1,<environment.Job instance at 0x7f36fb4f4fa0>,47,24,[10  2],48,-1,104,-1,80
1,<environment.Job instance at 0x7f36fb0b17d0>,48,14,[ 5 14],49,-1,94,-1,80
1,<environment.Job instance at 0x7f36fb1050f0>,49,19,[10  1],50,-1,99,-1,80
1,<environment.Job instance at 0x7f36fb1051e0>,50,12,[8 1],51,-1,92,-1,80
1,<environment.Job instance at 0x7f36fb0b85a0>,52,25,[11  2],53,-1,120,-1,95
1,<environment.Job instance at 0x7f36fb0b89b0>,53,15,[ 3 12],54,-1,110,-1,95
1,<environment.Job instance at 0x7f36fb0b8410>,54,17,[ 3 12],55,-1,112,-1,95
1,<environment.Job instance at 0x7f36fb494be0>,55,22,[14  5],56,-1,117,-1,95
1,<environment.Job instance at 0x7f36fb0b84b0>,56,13,[10  5],57,-1,108,-1,95
1,<environment.Job instance at 0x7f36fb7fea00>,57,23,[9 5],58,-1,118,-1,95
1,<environment.Job instance at 0x7f36fb47bd20>,58,23,[14  4],59,-1,118,-1,95
1,<environment.Job instance at 0x7f36fb0b8cd0>,59,12,[5 5],60,-1,107,-1,95
1,<environment.Job instance at 0x7f36fb0c7af0>,60,15,[ 5 14],61,-1,110,-1,95
1,<environment.Job instance at 0x7f36fb0ebbe0>,61,22,[4 9],62,-1,117,-1,95
1,<environment.Job instance at 0x7f36fb0aa370>,62,19,[ 5 13],63,-1,114,-1,95
1,<environment.Job instance at 0x7f36fb0c7780>,63,21,[4 9],64,-1,116,-1,95
1,<environment.Job instance at 0x7f36fb0c7aa0>,64,13,[ 5 10],65,-1,108,-1,95
1,<environment.Job instance at 0x7f36fb0b90a0>,65,15,[7 2],66,-1,116,-1,101
1,<environment.Job instance at 0x7f36fb0b9b40>,66,12,[13  4],67,-1,113,-1,101
1,<environment.Job instance at 0x7f36fb0b9e10>,67,12,[14  4],68,-1,113,-1,101
1,<environment.Job instance at 0x7f36fb0b90f0>,68,12,[ 1 13],69,-1,113,-1,101
1,<environment.Job instance at 0x7f36fb482e60>,69,15,[2 6],70,-1,116,-1,101
1,<environment.Job instance at 0x7f36fb4a6f50>,70,28,[9 5],71,-1,129,-1,101
1,<environment.Job instance at 0x7f36fb4a68c0>,71,12,[ 5 12],72,-1,113,-1,101
1,<environment.Job instance at 0x7f36fb4a6280>,72,26,[9 3],73,-1,127,-1,101
1,<environment.Job instance at 0x7f36fb4a6410>,73,27,[ 5 13],74,-1,128,-1,101
1,<environment.Job instance at 0x7f36fb4a6460>,74,28,[ 4 14],75,-1,129,-1,101
1,<environment.Job instance at 0x7f36fb0d3b90>,75,17,[ 5 10],76,-1,118,-1,101
1,<environment.Job instance at 0x7f36fb0d3280>,76,13,[12  1],77,-1,114,-1,101
1,<environment.Job instance at 0x7f36fb0d3500>,77,14,[ 3 10],78,-1,115,-1,101
1,<environment.Job instance at 0x7f36fb0d3640>,78,24,[3 9],79,-1,125,-1,101
1,<environment.Job instance at 0x7f36fb0d3780>,79,13,[6 2],80,-1,114,-1,101
1,<environment.Job instance at 0x7f36fb0d30a0>,81,14,[ 4 13],82,-1,119,-1,105
1,<environment.Job instance at 0x7f36fb0d3a00>,82,12,[14  3],83,-1,117,-1,105
1,<environment.Job instance at 0x7f36fb0d2e60>,83,18,[ 5 11],84,-1,123,-1,105
1,<environment.Job instance at 0x7f36fb0d2c80>,84,21,[ 1 12],85,-1,126,-1,105
1,<environment.Job instance at 0x7f36fb0d28c0>,85,25,[4 9],86,-1,130,-1,105
1,<environment.Job instance at 0x7f36fb0d2500>,86,18,[ 1 12],87,-1,123,-1,105
1,<environment.Job instance at 0x7f36fb0d2780>,88,12,[6 1],89,-1,121,-1,109
1,<environment.Job instance at 0x7f36fb0d26e0>,89,28,[ 3 10],90,-1,137,-1,109
1,<environment.Job instance at 0x7f36fb0d2640>,90,21,[5 1],91,-1,130,-1,109
1,<environment.Job instance at 0x7f36fb0d2aa0>,91,28,[11  4],92,-1,137,-1,109
1,<environment.Job instance at 0x7f36fb0d2aa0>,3,18,[14  1],4,-1,22,-1,4
1,<environment.Job instance at 0x7f36fb08d280>,4,24,[9 2],5,-1,29,-1,5
1,<environment.Job instance at 0x7f36fb08d960>,6,15,[ 5 11],7,-1,22,-1,7
1,<environment.Job instance at 0x7f36fb08d1e0>,7,27,[ 2 13],8,-1,35,-1,8
1,<environment.Job instance at 0x7f36fb08d690>,8,27,[5 1],9,-1,36,-1,9
1,<environment.Job instance at 0x7f36fb08d2d0>,9,16,[ 3 12],10,-1,26,-1,10
1,<environment.Job instance at 0x7f36fb08df50>,10,12,[ 3 12],11,-1,23,-1,11
1,<environment.Job instance at 0x7f36fb08d140>,11,13,[ 3 12],12,-1,25,-1,12
1,<environment.Job instance at 0x7f36fb08d190>,12,24,[ 4 10],13,-1,37,-1,13
1,<environment.Job instance at 0x7f36fb0e0d20>,13,25,[11  2],14,-1,39,-1,14
1,<environment.Job instance at 0x7f36fb0e0f00>,14,23,[ 1 14],15,-1,38,-1,15
1,<environment.Job instance at 0x7f36fb0e0230>,16,12,[ 3 12],17,-1,29,-1,17
1,<environment.Job instance at 0x7f36fb0e0c80>,22,22,[ 5 14],23,-1,56,-1,34
1,<environment.Job instance at 0x7f36fb0e03c0>,23,17,[12  4],24,-1,51,-1,34
1,<environment.Job instance at 0x7f36fb0e0050>,24,26,[ 1 10],25,-1,60,-1,34
1,<environment.Job instance at 0x7f36fb0e05a0>,27,21,[7 2],28,-1,128,-1,107
1,<environment.Job instance at 0x7f36fb7f4960>,35,13,[ 5 10],36,-1,120,-1,107
1,<environment.Job instance at 0x7f36fb7f4d20>,36,15,[6 1],37,-1,122,-1,107
1,<environment.Job instance at 0x7f36fb7f4a50>,37,22,[ 3 10],38,-1,129,-1,107
1,<environment.Job instance at 0x7f36fb7f4b90>,39,19,[ 4 10],40,-1,135,-1,116
1,<environment.Job instance at 0x7f36fb7f48c0>,40,12,[1 5],41,-1,129,-1,117
1,<environment.Job instance at 0x7f36fb7f4140>,41,24,[ 4 10],42,-1,141,-1,117
1,<environment.Job instance at 0x7f36fb7f43c0>,42,24,[ 2 14],43,-1,141,-1,117
1,<environment.Job instance at 0x7f36fb7f44b0>,43,16,[12  2],44,-1,133,-1,117
1,<environment.Job instance at 0x7f36fb7f4c30>,44,15,[ 5 12],45,-1,132,-1,117
1,<environment.Job instance at 0x7f36fb7f47d0>,45,28,[ 2 11],46,-1,145,-1,117
1,<environment.Job instance at 0x7f36fb7f4730>,46,28,[13  3],47,-1,145,-1,117
1,<environment.Job instance at 0x7f36fb482410>,3,20,[12  4],4,-1,24,-1,4
1,<environment.Job instance at 0x7f36fb4825f0>,4,26,[1 6],5,-1,31,-1,5
1,<environment.Job instance at 0x7f36fb482e10>,5,23,[5 5],6,-1,29,-1,6
1,<environment.Job instance at 0x7f36fb482690>,6,27,[12  2],7,-1,34,-1,7
1,<environment.Job instance at 0x7f36fb482e60>,7,15,[14  2],8,-1,23,-1,8
1,<environment.Job instance at 0x7f36fb47bdc0>,15,22,[11  3],16,-1,61,-1,39
1,<environment.Job instance at 0x7f36fb47b410>,16,28,[ 1 13],17,-1,67,-1,39
1,<environment.Job instance at 0x7f36fb47b550>,17,25,[12  4],18,-1,64,-1,39
1,<environment.Job instance at 0x7f36fb47b0f0>,18,17,[ 2 13],19,-1,56,-1,39
1,<environment.Job instance at 0x7f36fb47bc30>,19,15,[ 2 14],20,-1,54,-1,39
1,<environment.Job instance at 0x7f36fb47b140>,21,16,[ 2 13],22,-1,59,-1,43
1,<environment.Job instance at 0x7f36fb47be60>,23,15,[12  3],24,-1,61,-1,46
1,<environment.Job instance at 0x7f36fb47b820>,24,19,[ 2 13],25,-1,65,-1,46
1,<environment.Job instance at 0x7f36fb067af0>,27,18,[ 1 13],28,-1,83,-1,65
1,<environment.Job instance at 0x7f36fb067280>,28,12,[ 5 14],29,-1,77,-1,65
1,<environment.Job instance at 0x7f36fb067b90>,25,14,[1 6],26,-1,79,-1,65
1,<environment.Job instance at 0x7f36fb067e60>,30,18,[5 2],31,-1,86,-1,68
1,<environment.Job instance at 0x7f36fb067cd0>,31,20,[3 7],32,-1,89,-1,69
1,<environment.Job instance at 0x7f36fb067be0>,32,14,[8 3],33,-1,84,-1,70
1,<environment.Job instance at 0x7f36fb067dc0>,33,18,[12  3],34,-1,88,-1,70
1,<environment.Job instance at 0x7f36fb067500>,34,23,[2 6],35,-1,93,-1,70
1,<environment.Job instance at 0x7f36fb067320>,35,21,[2 8],36,-1,91,-1,70
1,<environment.Job instance at 0x7f36fb067460>,36,27,[ 2 13],37,-1,97,-1,70
1,<environment.Job instance at 0x7f36fb0677d0>,37,14,[ 2 11],38,-1,84,-1,70
1,<environment.Job instance at 0x7f36fb0673c0>,38,16,[ 1 12],39,-1,86,-1,70
1,<environment.Job instance at 0x7f36fb067c80>,39,26,[5 9],40,-1,96,-1,70
1,<environment.Job instance at 0x7f36fb067410>,40,22,[2 7],41,-1,92,-1,70
1,<environment.Job instance at 0x7f36fb8dc370>,41,22,[8 1],42,-1,92,-1,70
1,<environment.Job instance at 0x7f36fb8dc280>,42,24,[14  4],43,-1,94,-1,70
1,<environment.Job instance at 0x7f36fb8dcd70>,43,20,[8 2],44,-1,92,-1,72
1,<environment.Job instance at 0x7f36fb8dc550>,44,15,[5 8],45,-1,116,-1,101
1,<environment.Job instance at 0x7f36fbc34eb0>,47,12,[9 1],48,-1,113,-1,101
1,<environment.Job instance at 0x7f36fbc34cd0>,48,16,[11  5],49,-1,117,-1,101
1,<environment.Job instance at 0x7f36fbc34410>,49,18,[13  2],50,-1,119,-1,101
1,<environment.Job instance at 0x7f36fbc34b40>,50,13,[3 5],51,-1,114,-1,101
1,<environment.Job instance at 0x7f36fbc34a50>,51,23,[14  1],52,-1,124,-1,101
1,<environment.Job instance at 0x7f36fbc34960>,52,17,[ 1 14],53,-1,118,-1,101
1,<environment.Job instance at 0x7f36fbec3f50>,53,16,[12  2],54,-1,117,-1,101
1,<environment.Job instance at 0x7f36fbec3a50>,54,19,[ 4 11],55,-1,120,-1,101
1,<environment.Job instance at 0x7f36fbec3af0>,55,24,[9 5],56,-1,125,-1,101
1,<environment.Job instance at 0x7f36fbec3a00>,56,16,[13  3],57,-1,117,-1,101
1,<environment.Job instance at 0x7f36fbec3aa0>,57,24,[14  3],58,-1,125,-1,101
1,<environment.Job instance at 0x7f36fbec39b0>,58,19,[ 1 14],59,-1,120,-1,101
1,<environment.Job instance at 0x7f36fbec3be0>,59,23,[14  3],60,-1,124,-1,101
1,<environment.Job instance at 0x7f36fbec30f0>,60,28,[ 4 11],61,-1,129,-1,101
1,<environment.Job instance at 0x7f36fbec3dc0>,61,27,[5 5],62,-1,128,-1,101
1,<environment.Job instance at 0x7f36fbec3730>,62,24,[5 2],63,-1,125,-1,101
1,<environment.Job instance at 0x7f36fbec35a0>,63,14,[ 4 12],64,-1,115,-1,101
1,<environment.Job instance at 0x7f36fbec3550>,64,27,[5 1],65,-1,128,-1,101
1,<environment.Job instance at 0x7f36fbec35f0>,65,27,[ 2 11],66,-1,128,-1,101
1,<environment.Job instance at 0x7f36fbec3820>,66,28,[12  4],67,-1,129,-1,101
1,<environment.Job instance at 0x7f36fbec37d0>,67,18,[9 1],68,-1,119,-1,101
1,<environment.Job instance at 0x7f36fb0b9190>,68,14,[14  2],69,-1,115,-1,101
1,<environment.Job instance at 0x7f36fb0b9460>,69,27,[5 1],70,-1,128,-1,101
1,<environment.Job instance at 0x7f36fb0b9b40>,70,23,[12  5],71,-1,124,-1,101
1,<environment.Job instance at 0x7f36fbec3780>,71,23,[3 9],72,-1,124,-1,101
1,<environment.Job instance at 0x7f36fb0b9a50>,72,19,[5 3],73,-1,120,-1,101
1,<environment.Job instance at 0x7f36fb0b9050>,73,12,[14  4],74,-1,113,-1,101
1,<environment.Job instance at 0x7f36fb0b9c30>,74,21,[6 4],75,-1,122,-1,101
1,<environment.Job instance at 0x7f36fb494230>,75,26,[7 5],76,-1,127,-1,101
1,<environment.Job instance at 0x7f36fb494550>,76,17,[ 3 14],77,-1,118,-1,101
1,<environment.Job instance at 0x7f36fb494c80>,77,14,[8 2],78,-1,115,-1,101
1,<environment.Job instance at 0x7f36fb494fa0>,78,13,[5 3],79,-1,114,-1,101
1,<environment.Job instance at 0x7f36fb4942d0>,79,17,[ 2 13],80,-1,118,-1,101
1,<environment.Job instance at 0x7f36fb494d70>,80,17,[14  2],81,-1,118,-1,101
1,<environment.Job instance at 0x7f36fb494410>,81,26,[10  4],82,-1,127,-1,101
1,<environment.Job instance at 0x7f36fb494f50>,82,23,[5 5],83,-1,124,-1,101
1,<environment.Job instance at 0x7f36fb494190>,83,13,[ 1 14],84,-1,114,-1,101
1,<environment.Job instance at 0x7f36fb4945f0>,84,12,[ 3 11],85,-1,113,-1,101
1,<environment.Job instance at 0x7f36fb4947d0>,85,14,[4 7],86,-1,115,-1,101
1,<environment.Job instance at 0x7f36fb494690>,86,16,[9 4],87,-1,119,-1,103
1,<environment.Job instance at 0x7f36fb4940f0>,88,14,[ 2 10],89,-1,117,-1,103
1,<environment.Job instance at 0x7f36fb494cd0>,89,25,[3 9],90,-1,128,-1,103
1,<environment.Job instance at 0x7f36fb0ae910>,90,16,[ 3 10],91,-1,119,-1,103
1,<environment.Job instance at 0x7f36fb0aea50>,91,18,[5 5],92,-1,121,-1,103
1,<environment.Job instance at 0x7f36fb0ae500>,92,16,[5 5],93,-1,120,-1,104
1,<environment.Job instance at 0x7f36fb0ae550>,93,17,[ 3 13],94,-1,121,-1,104
1,<environment.Job instance at 0x7f36fb0ae6e0>,94,28,[3 9],95,-1,132,-1,104
1,<environment.Job instance at 0x7f36fb0ae460>,95,28,[ 3 10],96,-1,132,-1,104
1,<environment.Job instance at 0x7f36fb0ae4b0>,96,18,[1 5],97,-1,122,-1,104
1,<environment.Job instance at 0x7f36fb11c6e0>,5,28,[3 8],6,-1,35,-1,7
1,<environment.Job instance at 0x7f36fb211af0>,9,16,[12  2],10,-1,26,-1,10
1,<environment.Job instance at 0x7f36fb211eb0>,10,12,[11  2],11,-1,23,-1,11
1,<environment.Job instance at 0x7f36fb7850f0>,12,16,[ 3 13],13,-1,33,-1,17
1,<environment.Job instance at 0x7f36fb2119b0>,14,22,[ 1 12],15,-1,39,-1,17
1,<environment.Job instance at 0x7f36fb211c30>,15,24,[12  5],16,-1,41,-1,17
1,<environment.Job instance at 0x7f36fb211870>,16,27,[3 5],17,-1,44,-1,17
1,<environment.Job instance at 0x7f36fb211410>,19,28,[1 8],20,-1,61,-1,33
1,<environment.Job instance at 0x7f36fb1fb370>,21,26,[7 2],22,-1,67,-1,41
1,<environment.Job instance at 0x7f36fb1fb280>,22,27,[5 6],23,-1,68,-1,41
1,<environment.Job instance at 0x7f36fc238d20>,23,28,[ 2 12],24,-1,69,-1,41
1,<environment.Job instance at 0x7f36fb2099b0>,25,16,[12  2],26,-1,60,-1,44
1,<environment.Job instance at 0x7f36fb209a00>,26,27,[12  3],27,-1,71,-1,44
1,<environment.Job instance at 0x7f36fb2090f0>,27,17,[13  2],28,-1,61,-1,44
1,<environment.Job instance at 0x7f36fc2ae230>,3,27,[ 2 10],4,-1,31,-1,4
1,<environment.Job instance at 0x7f36fc2aeb90>,4,16,[ 1 12],5,-1,21,-1,5
1,<environment.Job instance at 0x7f36fc21cc80>,6,20,[ 1 13],7,-1,27,-1,7
1,<environment.Job instance at 0x7f36fc2aea50>,7,17,[ 1 10],8,-1,29,-1,12
1,<environment.Job instance at 0x7f36fc2c4f00>,18,22,[ 5 12],19,-1,138,-1,116
1,<environment.Job instance at 0x7f36fc2c4910>,2,18,[14  4],3,-1,21,-1,3
1,<environment.Job instance at 0x7f36fc2c4f00>,7,28,[ 4 12],8,-1,36,-1,8
1,<environment.Job instance at 0x7f36fb0ca7d0>,6,16,[13  1],7,-1,24,-1,8
1,<environment.Job instance at 0x7f36fb35c050>,13,21,[9 1],14,-1,40,-1,19
1,<environment.Job instance at 0x7f36fb0d9dc0>,14,18,[13  3],15,-1,37,-1,19
1,<environment.Job instance at 0x7f36fb35c3c0>,15,28,[9 4],16,-1,47,-1,19
1,<environment.Job instance at 0x7f36fb35c690>,16,13,[ 5 11],17,-1,32,-1,19
1,<environment.Job instance at 0x7f36fb35cf50>,17,19,[14  1],18,-1,38,-1,19
1,<environment.Job instance at 0x7f36fb35caa0>,19,12,[8 1],20,-1,33,-1,21
1,<environment.Job instance at 0x7f36fb35cfa0>,20,14,[10  2],21,-1,35,-1,21
1,<environment.Job instance at 0x7f36fb365cd0>,21,22,[5 5],22,-1,45,-1,23
1,<environment.Job instance at 0x7f36fb35ce60>,22,25,[7 5],23,-1,48,-1,23
1,<environment.Job instance at 0x7f36fb365d70>,24,26,[6 1],25,-1,55,-1,29
1,<environment.Job instance at 0x7f36fb365b90>,25,21,[ 5 14],26,-1,50,-1,29
1,<environment.Job instance at 0x7f36fb365500>,26,25,[14  4],27,-1,54,-1,29
1,<environment.Job instance at 0x7f36fb3651e0>,28,15,[ 3 11],29,-1,56,-1,41
1,<environment.Job instance at 0x7f36fb33f960>,30,27,[ 4 11],31,-1,69,-1,42
1,<environment.Job instance at 0x7f36fb476a50>,31,12,[ 1 10],32,-1,54,-1,42
1,<environment.Job instance at 0x7f36fb33fa50>,32,21,[6 4],33,-1,67,-1,46
1,<environment.Job instance at 0x7f36fb476410>,33,27,[ 2 11],34,-1,73,-1,46
1,<environment.Job instance at 0x7f36fb929e60>,34,20,[14  2],35,-1,66,-1,46
1,<environment.Job instance at 0x7f36fb476e10>,35,26,[14  1],36,-1,72,-1,46
1,<environment.Job instance at 0x7f36fb9272d0>,37,25,[13  1],38,-1,82,-1,57
1,<environment.Job instance at 0x7f36fc5570f0>,38,22,[5 8],39,-1,79,-1,57
1,<environment.Job instance at 0x7f36fb496140>,40,14,[14  4],41,-1,71,-1,57
1,<environment.Job instance at 0x7f36fc5131e0>,41,22,[ 4 12],42,-1,79,-1,57
1,<environment.Job instance at 0x7f36fb496460>,42,24,[12  4],43,-1,81,-1,57
1,<environment.Job instance at 0x7f36fc513e60>,43,14,[4 5],44,-1,77,-1,63
1,<environment.Job instance at 0x7f36fb93aa50>,44,16,[ 3 12],45,-1,79,-1,63
1,<environment.Job instance at 0x7f36fb951b90>,45,14,[1 7],46,-1,78,-1,64
1,<environment.Job instance at 0x7f36fc51ea50>,46,13,[4 5],47,-1,80,-1,67
1,<environment.Job instance at 0x7f36fc51e0a0>,47,23,[2 6],48,-1,90,-1,67
1,<environment.Job instance at 0x7f36fc527780>,48,15,[ 3 13],49,-1,82,-1,67
1,<environment.Job instance at 0x7f36fc527550>,49,15,[ 5 11],50,-1,82,-1,67
1,<environment.Job instance at 0x7f36fbbbd5f0>,50,22,[6 5],51,-1,89,-1,67
1,<environment.Job instance at 0x7f36fbbbd640>,51,24,[9 2],52,-1,91,-1,67
1,<environment.Job instance at 0x7f36fc55cd70>,52,13,[11  4],53,-1,80,-1,67
1,<environment.Job instance at 0x7f36fb92c780>,53,17,[ 3 12],54,-1,84,-1,67
1,<environment.Job instance at 0x7f36fb92ca00>,54,20,[13  4],55,-1,87,-1,67
1,<environment.Job instance at 0x7f36fb92ccd0>,55,22,[5 6],56,-1,89,-1,67
1,<environment.Job instance at 0x7f36fb92caa0>,56,20,[12  5],57,-1,87,-1,67
1,<environment.Job instance at 0x7f36fb92cf00>,58,12,[8 4],59,-1,83,-1,71
1,<environment.Job instance at 0x7f36fc5805f0>,59,22,[ 3 11],60,-1,93,-1,71
1,<environment.Job instance at 0x7f36fb92c910>,60,24,[ 1 12],61,-1,95,-1,71
1,<environment.Job instance at 0x7f36fc5555a0>,61,28,[3 6],62,-1,99,-1,71
1,<environment.Job instance at 0x7f36fc555af0>,62,14,[ 4 12],63,-1,85,-1,71
1,<environment.Job instance at 0x7f36fb92cb40>,63,28,[ 2 13],64,-1,99,-1,71
1,<environment.Job instance at 0x7f36fb961640>,64,25,[10  5],65,-1,96,-1,71
1,<environment.Job instance at 0x7f36fb961320>,65,16,[13  3],66,-1,87,-1,71
1,<environment.Job instance at 0x7f36fb9611e0>,68,28,[4 6],69,-1,113,-1,85
1,<environment.Job instance at 0x7f36fb961960>,69,26,[ 2 14],70,-1,111,-1,85
1,<environment.Job instance at 0x7f36fb961230>,71,15,[14  4],72,-1,100,-1,85
1,<environment.Job instance at 0x7f36fb961190>,72,13,[13  5],73,-1,98,-1,85
1,<environment.Job instance at 0x7f36fbbc8550>,73,19,[12  2],74,-1,104,-1,85
1,<environment.Job instance at 0x7f36fbbc85f0>,74,24,[2 5],75,-1,109,-1,85
1,<environment.Job instance at 0x7f36fbbc8730>,76,12,[2 7],77,-1,109,-1,97
1,<environment.Job instance at 0x7f36fbbc87d0>,77,27,[ 1 13],78,-1,124,-1,97
1,<environment.Job instance at 0x7f36fbbc8870>,78,26,[8 2],79,-1,123,-1,97
1,<environment.Job instance at 0x7f36fbbc8910>,79,26,[5 7],80,-1,123,-1,97
1,<environment.Job instance at 0x7f36fbbc88c0>,81,26,[11  1],82,-1,124,-1,98
1,<environment.Job instance at 0x7f36fbbc89b0>,82,12,[1 7],83,-1,110,-1,98
1,<environment.Job instance at 0x7f36fbbc8af0>,84,13,[10  1],85,-1,113,-1,100
1,<environment.Job instance at 0x7f36fbbc8be0>,85,18,[1 7],86,-1,118,-1,100
1,<environment.Job instance at 0x7f36fbbc8c80>,87,18,[ 1 12],88,-1,120,-1,102
1,<environment.Job instance at 0x7f36fbbc8f00>,88,15,[ 3 11],89,-1,117,-1,102
1,<environment.Job instance at 0x7f36fbbc8f50>,89,24,[ 1 11],90,-1,126,-1,102
1,<environment.Job instance at 0x7f36fbbc8fa0>,90,23,[6 3],91,-1,125,-1,102
1,<environment.Job instance at 0x7f36fbbdf050>,91,16,[ 2 13],92,-1,118,-1,102
1,<environment.Job instance at 0x7f36fbbdf0a0>,92,21,[ 4 13],93,-1,123,-1,102
1,<environment.Job instance at 0x7f36fbbdf0a0>,2,23,[ 1 14],3,-1,26,-1,3
1,<environment.Job instance at 0x7f36fbc4ddc0>,3,24,[12  2],4,-1,28,-1,4
1,<environment.Job instance at 0x7f36fbc4dd20>,4,28,[3 6],5,-1,33,-1,5
1,<environment.Job instance at 0x7f36fbc4daa0>,5,21,[ 2 14],6,-1,27,-1,6
1,<environment.Job instance at 0x7f36fc3a87d0>,6,15,[13  5],7,-1,22,-1,7
1,<environment.Job instance at 0x7f36fc3a8af0>,9,25,[ 3 10],10,-1,35,-1,10
1,<environment.Job instance at 0x7f36fc3a8eb0>,10,12,[ 1 12],11,-1,23,-1,11
1,<environment.Job instance at 0x7f36fc3a8e60>,11,21,[ 2 12],12,-1,33,-1,12
1,<environment.Job instance at 0x7f36fc3a81e0>,12,15,[13  4],13,-1,28,-1,13
1,<environment.Job instance at 0x7f36fc3a8a00>,13,28,[3 8],14,-1,42,-1,14
1,<environment.Job instance at 0x7f36fc3a80f0>,14,24,[9 3],15,-1,39,-1,15
1,<environment.Job instance at 0x7f36fc3a8b90>,15,28,[9 3],16,-1,44,-1,16
1,<environment.Job instance at 0x7f36fbc4d0a0>,18,22,[ 1 10],19,-1,42,-1,20
1,<environment.Job instance at 0x7f36fc3a8050>,20,16,[ 5 12],21,-1,37,-1,21
1,<environment.Job instance at 0x7f36fc3a89b0>,21,24,[13  4],22,-1,46,-1,22
1,<environment.Job instance at 0x7f36fc3a8190>,22,27,[8 2],23,-1,50,-1,23
1,<environment.Job instance at 0x7f36fc3a8d20>,23,25,[14  2],24,-1,49,-1,24
1,<environment.Job instance at 0x7f36fc3a8370>,24,27,[4 5],25,-1,52,-1,25
1,<environment.Job instance at 0x7f36fc3a83c0>,25,23,[12  2],26,-1,49,-1,26
1,<environment.Job instance at 0x7f36fbd7af50>,28,14,[13  1],29,-1,43,-1,29
1,<environment.Job instance at 0x7f36fbd7a7d0>,29,18,[ 2 13],30,-1,48,-1,30
1,<environment.Job instance at 0x7f36fbd7ad70>,30,17,[ 4 11],31,-1,48,-1,31
1,<environment.Job instance at 0x7f36fbd7a320>,32,14,[ 3 11],33,-1,47,-1,33
1,<environment.Job instance at 0x7f36fbd7ab40>,33,17,[ 5 13],34,-1,51,-1,34
1,<environment.Job instance at 0x7f36fbd7a820>,34,22,[13  3],35,-1,57,-1,35
1,<environment.Job instance at 0x7f36fbd7aeb0>,35,13,[ 3 13],36,-1,49,-1,36
1,<environment.Job instance at 0x7f36fbd7a6e0>,36,14,[12  1],37,-1,51,-1,37
1,<environment.Job instance at 0x7f36fbd7a140>,38,17,[ 3 13],39,-1,56,-1,39
1,<environment.Job instance at 0x7f36fbd7a190>,39,28,[3 7],40,-1,68,-1,40
1,<environment.Job instance at 0x7f36fbd7a550>,40,20,[11  2],41,-1,61,-1,41
1,<environment.Job instance at 0x7f36fbd7a2d0>,41,19,[ 2 12],42,-1,61,-1,42
1,<environment.Job instance at 0x7f36fbd7afa0>,42,18,[ 3 11],43,-1,61,-1,43
1,<environment.Job instance at 0x7f36fbd7a1e0>,43,14,[ 4 12],44,-1,58,-1,44
1,<environment.Job instance at 0x7f36fbd7aa50>,44,19,[ 5 11],45,-1,64,-1,45
1,<environment.Job instance at 0x7f36fbd7ad20>,45,14,[ 5 13],46,-1,60,-1,46
1,<environment.Job instance at 0x7f36fbd7a410>,47,21,[13  5],48,-1,69,-1,48
1,<environment.Job instance at 0x7f36fbd7a050>,48,17,[11  1],49,-1,66,-1,49
1,<environment.Job instance at 0x7f36fbab1c30>,49,23,[ 1 14],50,-1,73,-1,50
1,<environment.Job instance at 0x7f36fbab1b90>,51,14,[ 5 14],52,-1,66,-1,52
1,<environment.Job instance at 0x7f36fbab1870>,52,15,[ 2 14],53,-1,68,-1,53
1,<environment.Job instance at 0x7f36fbab1140>,54,14,[13  5],55,-1,69,-1,55
1,<environment.Job instance at 0x7f36fbab15a0>,55,26,[1 9],56,-1,82,-1,56
1,<environment.Job instance at 0x7f36fbab1f00>,56,22,[ 4 11],57,-1,79,-1,57
1,<environment.Job instance at 0x7f36fbab1b40>,58,24,[10  5],59,-1,86,-1,62
1,<environment.Job instance at 0x7f36fbab1280>,59,24,[ 3 14],60,-1,86,-1,62
1,<environment.Job instance at 0x7f36fbab1820>,60,28,[ 5 11],61,-1,90,-1,62
1,<environment.Job instance at 0x7f36fbab1910>,61,17,[ 5 12],62,-1,79,-1,62
1,<environment.Job instance at 0x7f36fbab10f0>,64,22,[11  2],65,-1,101,-1,79
1,<environment.Job instance at 0x7f36fbab11e0>,65,12,[ 5 10],66,-1,95,-1,83
1,<environment.Job instance at 0x7f36fbab1550>,66,24,[7 1],67,-1,107,-1,83
1,<environment.Job instance at 0x7f36fbab1aa0>,68,21,[ 1 12],69,-1,104,-1,83
1,<environment.Job instance at 0x7f36fbab1a50>,69,12,[ 3 11],70,-1,95,-1,83
1,<environment.Job instance at 0x7f36fc602960>,70,24,[6 1],71,-1,107,-1,83
1,<environment.Job instance at 0x7f36fc602730>,71,28,[12  1],72,-1,111,-1,83
1,<environment.Job instance at 0x7f36fc6024b0>,72,25,[14  3],73,-1,108,-1,83
1,<environment.Job instance at 0x7f36fc602af0>,73,25,[12  4],74,-1,108,-1,83
1,<environment.Job instance at 0x7f36fc602c80>,74,19,[14  1],75,-1,102,-1,83
1,<environment.Job instance at 0x7f36fc602190>,75,21,[11  5],76,-1,104,-1,83
1,<environment.Job instance at 0x7f36fc6022d0>,76,13,[11  4],77,-1,96,-1,83
1,<environment.Job instance at 0x7f36fc602870>,77,25,[8 5],78,-1,108,-1,83
1,<environment.Job instance at 0x7f36fc602a00>,80,12,[ 3 14],81,-1,107,-1,95
1,<environment.Job instance at 0x7f36fc6025a0>,81,15,[ 4 13],82,-1,110,-1,95
1,<environment.Job instance at 0x7f36fc602d70>,83,13,[11  4],84,-1,122,-1,109
1,<environment.Job instance at 0x7f36faea3a00>,2,17,[12  2],3,-1,20,-1,3
1,<environment.Job instance at 0x7f36faea3af0>,3,20,[ 5 12],4,-1,24,-1,4
1,<environment.Job instance at 0x7f36faea3500>,4,28,[ 5 11],5,-1,33,-1,5
1,<environment.Job instance at 0x7f36faea34b0>,6,23,[ 5 11],7,-1,30,-1,7
1,<environment.Job instance at 0x7f36fad8e410>,7,24,[10  2],8,-1,32,-1,8
1,<environment.Job instance at 0x7f36fad8e5a0>,8,28,[14  5],9,-1,37,-1,9
1,<environment.Job instance at 0x7f36faea3c30>,10,13,[12  1],11,-1,24,-1,11
1,<environment.Job instance at 0x7f36fad8e690>,11,28,[ 5 11],12,-1,40,-1,12
1,<environment.Job instance at 0x7f36fad8e8c0>,15,19,[14  5],16,-1,35,-1,16
1,<environment.Job instance at 0x7f36fad8ed20>,16,24,[11  2],17,-1,41,-1,17
1,<environment.Job instance at 0x7f36fad8eaf0>,23,26,[13  5],24,-1,96,-1,70
1,<environment.Job instance at 0x7f36fad8ef50>,24,17,[ 4 14],25,-1,87,-1,70
1,<environment.Job instance at 0x7f36fad8edc0>,25,15,[11  2],26,-1,85,-1,70
1,<environment.Job instance at 0x7f36fad8eaa0>,26,16,[ 4 14],27,-1,86,-1,70
1,<environment.Job instance at 0x7f36faf0ec30>,27,25,[ 4 11],28,-1,95,-1,70
1,<environment.Job instance at 0x7f36faf0e820>,28,20,[ 1 14],29,-1,90,-1,70
1,<environment.Job instance at 0x7f36faf0e320>,29,20,[ 2 11],30,-1,90,-1,70
1,<environment.Job instance at 0x7f36faf0e730>,30,15,[ 1 13],31,-1,85,-1,70
1,<environment.Job instance at 0x7f36faf0edc0>,31,16,[ 3 12],32,-1,86,-1,70
1,<environment.Job instance at 0x7f36faf0ed20>,33,23,[5 6],34,-1,94,-1,71
1,<environment.Job instance at 0x7f36faf0eb40>,34,24,[5 6],35,-1,95,-1,71
1,<environment.Job instance at 0x7f36faf0e8c0>,36,24,[ 5 14],37,-1,106,-1,82
1,<environment.Job instance at 0x7f36faf0eaf0>,38,26,[ 5 13],39,-1,108,-1,82
1,<environment.Job instance at 0x7f36faf0e780>,39,13,[12  2],40,-1,95,-1,82
1,<environment.Job instance at 0x7f36faf0e410>,40,24,[ 5 13],41,-1,106,-1,82
1,<environment.Job instance at 0x7f36faf0eb90>,41,23,[ 5 12],42,-1,105,-1,82
1,<environment.Job instance at 0x7f36faf0e550>,42,15,[14  2],43,-1,97,-1,82
1,<environment.Job instance at 0x7f36faf0e460>,43,25,[ 2 12],44,-1,107,-1,82
1,<environment.Job instance at 0x7f36fc3c57d0>,5,28,[8 4],6,-1,34,-1,6
1,<environment.Job instance at 0x7f36fc3c58c0>,6,17,[13  5],7,-1,25,-1,8
1,<environment.Job instance at 0x7f36fc3c5550>,8,15,[ 5 11],9,-1,24,-1,9
1,<environment.Job instance at 0x7f36fc281690>,9,13,[14  4],10,-1,23,-1,10
1,<environment.Job instance at 0x7f36fc2814b0>,10,15,[13  5],11,-1,26,-1,11
1,<environment.Job instance at 0x7f36fc2810f0>,13,25,[ 1 14],14,-1,41,-1,16
1,<environment.Job instance at 0x7f36fc281fa0>,16,16,[ 5 13],17,-1,45,-1,29
1,<environment.Job instance at 0x7f36fc281640>,17,25,[ 4 11],18,-1,54,-1,29
1,<environment.Job instance at 0x7f36fc2818c0>,20,26,[ 1 11],21,-1,66,-1,40
1,<environment.Job instance at 0x7f36fc281190>,21,23,[ 3 13],22,-1,63,-1,40
1,<environment.Job instance at 0x7f36fc281460>,22,26,[4 9],23,-1,66,-1,40
1,<environment.Job instance at 0x7f36fc281dc0>,23,20,[11  5],24,-1,60,-1,40
1,<environment.Job instance at 0x7f36fc2819b0>,25,18,[12  1],26,-1,63,-1,45
1,<environment.Job instance at 0x7f36fc281410>,29,23,[6 1],30,-1,97,-1,74
1,<environment.Job instance at 0x7f36fc2811e0>,30,27,[2 7],31,-1,101,-1,74
1,<environment.Job instance at 0x7f36fb8b23c0>,31,12,[8 1],32,-1,86,-1,74
1,<environment.Job instance at 0x7f36fb8b2c80>,32,16,[ 2 14],33,-1,90,-1,74
1,<environment.Job instance at 0x7f36fb8b2c30>,33,27,[10  1],34,-1,101,-1,74
1,<environment.Job instance at 0x7f36fb8b27d0>,34,17,[1 6],35,-1,91,-1,74
1,<environment.Job instance at 0x7f36fb8b2af0>,35,13,[11  4],36,-1,87,-1,74
1,<environment.Job instance at 0x7f36fb8b2050>,36,13,[ 4 14],37,-1,87,-1,74
1,<environment.Job instance at 0x7f36fb8b2dc0>,38,24,[ 1 10],39,-1,105,-1,81
1,<environment.Job instance at 0x7f36fb8b20f0>,39,21,[ 1 10],40,-1,102,-1,81
1,<environment.Job instance at 0x7f36fb8b2fa0>,40,28,[14  4],41,-1,109,-1,81
1,<environment.Job instance at 0x7f36fb8b2aa0>,41,23,[1 5],42,-1,104,-1,81
1,<environment.Job instance at 0x7f36fb036cd0>,42,24,[ 5 13],43,-1,105,-1,81
1,<environment.Job instance at 0x7f36fb0365f0>,44,23,[4 8],45,-1,109,-1,86
1,<environment.Job instance at 0x7f36fb684c80>,47,26,[2 8],48,-1,127,-1,101
1,<environment.Job instance at 0x7f36fb6842d0>,48,21,[13  1],49,-1,122,-1,101
1,<environment.Job instance at 0x7f36fb684320>,49,12,[ 5 12],50,-1,113,-1,101
1,<environment.Job instance at 0x7f36fb684be0>,50,26,[ 2 13],51,-1,127,-1,101
1,<environment.Job instance at 0x7f36fb684b90>,52,19,[ 4 13],53,-1,135,-1,116
1,<environment.Job instance at 0x7f36fb684eb0>,53,21,[ 4 14],54,-1,137,-1,116
1,<environment.Job instance at 0x7f36fb684af0>,54,17,[ 4 12],55,-1,133,-1,116
1,<environment.Job instance at 0x7f36fb684f50>,55,26,[6 5],56,-1,142,-1,116
1,<environment.Job instance at 0x7f36fb684280>,56,14,[12  1],57,-1,130,-1,116
1,<environment.Job instance at 0x7f36fb684460>,57,22,[13  2],58,-1,138,-1,116
1,<environment.Job instance at 0x7f36fb684500>,58,20,[14  5],59,-1,136,-1,116
1,<environment.Job instance at 0x7f36fb684960>,59,16,[ 4 14],60,-1,132,-1,116
1,<environment.Job instance at 0x7f36fb730690>,60,13,[ 4 12],61,-1,129,-1,116
1,<environment.Job instance at 0x7f36fb730460>,61,24,[10  5],62,-1,140,-1,116
1,<environment.Job instance at 0x7f36fb730fa0>,62,26,[ 2 14],63,-1,142,-1,116
1,<environment.Job instance at 0x7f36fb425e60>,1,27,[6 2],2,-1,29,-1,2
1,<environment.Job instance at 0x7f36fc5ff960>,4,16,[ 2 11],5,-1,21,-1,5
1,<environment.Job instance at 0x7f36fc5ffa50>,5,27,[ 5 12],6,-1,33,-1,6
1,<environment.Job instance at 0x7f36fc5ff820>,6,17,[ 4 13],7,-1,24,-1,7
1,<environment.Job instance at 0x7f36fc5ff230>,7,28,[9 4],8,-1,36,-1,8
1,<environment.Job instance at 0x7f36fc5ffc80>,8,25,[ 1 12],9,-1,34,-1,9
1,<environment.Job instance at 0x7f36fc5ff870>,9,28,[2 9],10,-1,38,-1,10
1,<environment.Job instance at 0x7f36fb64e140>,11,14,[14  3],12,-1,26,-1,12
1,<environment.Job instance at 0x7f36fb64e1e0>,12,15,[ 3 11],13,-1,28,-1,13
1,<environment.Job instance at 0x7f36fb64e4b0>,13,20,[ 4 12],14,-1,34,-1,14
1,<environment.Job instance at 0x7f36fb64ed20>,14,28,[ 5 14],15,-1,43,-1,15
1,<environment.Job instance at 0x7f36fb64e550>,15,17,[ 3 14],16,-1,33,-1,16
1,<environment.Job instance at 0x7f36fb64ec80>,16,27,[ 3 10],17,-1,44,-1,17
1,<environment.Job instance at 0x7f36fb730fa0>,19,22,[ 1 10],20,-1,43,-1,21
1,<environment.Job instance at 0x7f36fb64e320>,21,27,[6 4],22,-1,49,-1,22
1,<environment.Job instance at 0x7f36fb64e730>,22,22,[ 2 10],23,-1,45,-1,23
1,<environment.Job instance at 0x7f36fb64e9b0>,23,25,[2 8],24,-1,49,-1,24
1,<environment.Job instance at 0x7f36fbe953c0>,29,13,[11  4],30,-1,54,-1,41
1,<environment.Job instance at 0x7f36fbe95dc0>,30,21,[12  2],31,-1,62,-1,41
1,<environment.Job instance at 0x7f36fbe95a50>,31,23,[ 2 12],32,-1,64,-1,41
1,<environment.Job instance at 0x7f36fbe955a0>,32,26,[ 2 13],33,-1,67,-1,41
1,<environment.Job instance at 0x7f36fbe95370>,33,17,[13  3],34,-1,58,-1,41
1,<environment.Job instance at 0x7f36fbe95d70>,34,22,[13  2],35,-1,63,-1,41
1,<environment.Job instance at 0x7f36fbe95640>,36,13,[ 2 14],37,-1,63,-1,50
1,<environment.Job instance at 0x7f36fbe95140>,37,22,[ 3 14],38,-1,72,-1,50
1,<environment.Job instance at 0x7f36fbe95820>,38,28,[ 3 13],39,-1,78,-1,50
1,<environment.Job instance at 0x7f36fbe958c0>,39,27,[14  1],40,-1,77,-1,50
1,<environment.Job instance at 0x7f36fbe957d0>,41,17,[13  4],42,-1,70,-1,53
1,<environment.Job instance at 0x7f36fbe95a00>,42,27,[7 4],43,-1,80,-1,53
1,<environment.Job instance at 0x7f36fbe95500>,43,14,[ 5 12],44,-1,67,-1,53
1,<environment.Job instance at 0x7f36fc206b40>,44,23,[13  4],45,-1,76,-1,53
1,<environment.Job instance at 0x7f36fc206550>,46,15,[14  3],47,-1,79,-1,64
1,<environment.Job instance at 0x7f36fc206fa0>,47,25,[ 3 10],48,-1,89,-1,64
1,<environment.Job instance at 0x7f36fc206870>,50,17,[ 5 13],51,-1,102,-1,85
1,<environment.Job instance at 0x7f36fc206e60>,51,28,[10  2],52,-1,113,-1,85
1,<environment.Job instance at 0x7f36fc206050>,52,24,[9 3],53,-1,109,-1,85
1,<environment.Job instance at 0x7f36fc206a50>,53,21,[13  1],54,-1,106,-1,85
1,<environment.Job instance at 0x7f36fc206730>,55,21,[ 1 10],56,-1,112,-1,91
1,<environment.Job instance at 0x7f36fc2068c0>,56,27,[11  3],57,-1,118,-1,91
1,<environment.Job instance at 0x7f3704cd1820>,4,16,[14  2],5,-1,21,-1,5
1,<environment.Job instance at 0x7f3704cd1190>,5,12,[14  2],6,-1,18,-1,6
1,<environment.Job instance at 0x7f3704cd1e60>,6,27,[ 4 11],7,-1,34,-1,7
1,<environment.Job instance at 0x7f3704cd1410>,8,24,[ 5 11],9,-1,33,-1,9
1,<environment.Job instance at 0x7f3704cd1aa0>,9,27,[ 1 12],10,-1,37,-1,10
1,<environment.Job instance at 0x7f3704cd1230>,10,23,[11  1],11,-1,34,-1,11
1,<environment.Job instance at 0x7f3704cd18c0>,14,26,[1 5],15,-1,43,-1,17
1,<environment.Job instance at 0x7f3704cd1690>,15,12,[12  5],16,-1,29,-1,17
1,<environment.Job instance at 0x7f3704cd16e0>,16,26,[ 4 12],17,-1,43,-1,17
1,<environment.Job instance at 0x7f36fb6d14b0>,20,16,[ 3 14],21,-1,51,-1,35
1,<environment.Job instance at 0x7f36fb6d1640>,21,17,[12  1],22,-1,52,-1,35
1,<environment.Job instance at 0x7f36fc183e60>,24,28,[6 2],25,-1,83,-1,55
1,<environment.Job instance at 0x7f36fc183eb0>,25,22,[ 1 12],26,-1,77,-1,55
1,<environment.Job instance at 0x7f36fc183aa0>,27,14,[11  2],28,-1,71,-1,57
1,<environment.Job instance at 0x7f36fc183550>,28,24,[7 2],29,-1,81,-1,57
1,<environment.Job instance at 0x7f36fc183cd0>,29,23,[3 8],30,-1,88,-1,65
1,<environment.Job instance at 0x7f36fc183c80>,30,19,[ 5 14],31,-1,84,-1,65
1,<environment.Job instance at 0x7f36fc183fa0>,32,26,[ 1 13],33,-1,93,-1,67
1,<environment.Job instance at 0x7f36fc183b90>,35,14,[ 3 13],36,-1,103,-1,89
1,<environment.Job instance at 0x7f36fc183b40>,36,16,[ 5 13],37,-1,105,-1,89
1,<environment.Job instance at 0x7f36fc183c30>,38,28,[14  2],39,-1,119,-1,91
1,<environment.Job instance at 0x7f36fc183960>,40,23,[6 4],41,-1,133,-1,110
1,<environment.Job instance at 0x7f36fc183d20>,42,20,[ 1 11],43,-1,130,-1,110
1,<environment.Job instance at 0x7f36fc183870>,43,13,[ 2 10],44,-1,124,-1,111
1,<environment.Job instance at 0x7f36fc183730>,44,18,[ 5 13],45,-1,129,-1,111
1,<environment.Job instance at 0x7f36fc183410>,45,14,[12  2],46,-1,125,-1,111
1,<environment.Job instance at 0x7f36fbfe2690>,47,28,[1 5],48,-1,146,-1,118
1,<environment.Job instance at 0x7f36fbfe2be0>,48,21,[14  5],49,-1,139,-1,118
1,<environment.Job instance at 0x7f36fbfe2af0>,49,25,[8 1],50,-1,143,-1,118
1,<environment.Job instance at 0x7f36fbb9dd70>,5,19,[ 3 11],6,-1,25,-1,6
1,<environment.Job instance at 0x7f36fbb9d3c0>,6,25,[ 1 14],7,-1,32,-1,7
1,<environment.Job instance at 0x7f36fbb9da50>,7,24,[8 2],8,-1,32,-1,8
1,<environment.Job instance at 0x7f36fbb9d9b0>,8,26,[14  4],9,-1,35,-1,9
1,<environment.Job instance at 0x7f36fbb9daa0>,10,23,[ 1 11],11,-1,34,-1,11
1,<environment.Job instance at 0x7f36fbb9df50>,12,23,[8 1],13,-1,36,-1,13
1,<environment.Job instance at 0x7f36fbddf960>,14,24,[4 7],15,-1,40,-1,16
1,<environment.Job instance at 0x7f36fbddf410>,16,21,[13  5],17,-1,38,-1,17
1,<environment.Job instance at 0x7f36fbddf320>,21,27,[ 3 13],22,-1,84,-1,57
1,<environment.Job instance at 0x7f36fbddf280>,22,27,[4 8],23,-1,84,-1,57
1,<environment.Job instance at 0x7f36fbddf780>,23,17,[ 2 12],24,-1,74,-1,57
1,<environment.Job instance at 0x7f36fba05640>,30,27,[10  3],31,-1,133,-1,106
1,<environment.Job instance at 0x7f36fba05c30>,31,28,[1 7],32,-1,134,-1,106
1,<environment.Job instance at 0x7f36fba05be0>,33,14,[ 1 13],34,-1,132,-1,118
1,<environment.Job instance at 0x7f36fba056e0>,34,23,[3 9],35,-1,141,-1,118
1,<environment.Job instance at 0x7f36fba057d0>,35,13,[13  5],36,-1,131,-1,118
1,<environment.Job instance at 0x7f36fba05460>,36,21,[12  1],37,-1,139,-1,118
1,<environment.Job instance at 0x7f36fba05690>,2,19,[ 5 13],3,-1,22,-1,3
1,<environment.Job instance at 0x7f36faee1280>,3,28,[7 5],4,-1,32,-1,4
1,<environment.Job instance at 0x7f36fc0aeaa0>,5,15,[14  5],6,-1,21,-1,6
1,<environment.Job instance at 0x7f36fc0aefa0>,6,21,[14  5],7,-1,28,-1,7
1,<environment.Job instance at 0x7f36fc0aef00>,7,26,[11  1],8,-1,34,-1,8
1,<environment.Job instance at 0x7f36fbf42af0>,18,25,[ 2 14],19,-1,95,-1,70
1,<environment.Job instance at 0x7f36fbf42500>,19,13,[ 1 10],20,-1,83,-1,70
1,<environment.Job instance at 0x7f36fbb23690>,20,18,[ 1 13],21,-1,88,-1,70
1,<environment.Job instance at 0x7f36fbf42960>,21,25,[3 6],22,-1,95,-1,70
1,<environment.Job instance at 0x7f36fafc68c0>,23,18,[11  3],24,-1,94,-1,76
1,<environment.Job instance at 0x7f36fafc6190>,24,24,[7 3],25,-1,100,-1,76
1,<environment.Job instance at 0x7f36fafc6b90>,25,13,[9 3],26,-1,93,-1,80
1,<environment.Job instance at 0x7f36fafc6320>,26,12,[ 2 12],27,-1,92,-1,80
1,<environment.Job instance at 0x7f36fafc6820>,29,18,[ 5 13],30,-1,109,-1,91
1,<environment.Job instance at 0x7f36fafc6370>,30,13,[14  4],31,-1,104,-1,91
1,<environment.Job instance at 0x7f36fafc6690>,32,16,[ 2 13],33,-1,123,-1,107
1,<environment.Job instance at 0x7f36fafc6dc0>,33,24,[7 1],34,-1,131,-1,107
1,<environment.Job instance at 0x7f36fc090280>,2,16,[ 1 11],3,-1,19,-1,3
1,<environment.Job instance at 0x7f36fc090be0>,3,12,[ 4 14],4,-1,16,-1,4
1,<environment.Job instance at 0x7f36fadfc460>,5,25,[9 2],6,-1,31,-1,6
1,<environment.Job instance at 0x7f36fbea35f0>,6,23,[12  5],7,-1,30,-1,7
1,<environment.Job instance at 0x7f36fbea3e60>,7,24,[ 5 14],8,-1,32,-1,8
1,<environment.Job instance at 0x7f36fbea3140>,9,13,[ 3 13],10,-1,23,-1,10
1,<environment.Job instance at 0x7f36fc090640>,11,12,[ 5 11],12,-1,24,-1,12
1,<environment.Job instance at 0x7f36fc099690>,12,12,[10  3],13,-1,26,-1,14
1,<environment.Job instance at 0x7f36fc0997d0>,14,13,[ 3 14],15,-1,28,-1,15
1,<environment.Job instance at 0x7f36fc099eb0>,15,23,[4 8],16,-1,39,-1,16
1,<environment.Job instance at 0x7f36fc099140>,19,12,[ 1 14],20,-1,35,-1,23
1,<environment.Job instance at 0x7f36fc484c30>,20,27,[11  1],21,-1,50,-1,23
1,<environment.Job instance at 0x7f36fc099870>,21,20,[5 3],22,-1,48,-1,28
1,<environment.Job instance at 0x7f36fc0995f0>,24,16,[10  2],25,-1,61,-1,45
1,<environment.Job instance at 0x7f36fae188c0>,25,16,[ 2 10],26,-1,61,-1,45
1,<environment.Job instance at 0x7f36fae18a50>,26,21,[ 3 14],27,-1,66,-1,45
1,<environment.Job instance at 0x7f36fae18820>,27,16,[ 1 11],28,-1,61,-1,45
1,<environment.Job instance at 0x7f36fae18e10>,28,25,[ 2 13],29,-1,70,-1,45
1,<environment.Job instance at 0x7f36fae18960>,29,22,[ 4 14],30,-1,67,-1,45
1,<environment.Job instance at 0x7f36fae18e60>,30,19,[4 9],31,-1,65,-1,46
1,<environment.Job instance at 0x7f36fae18230>,31,13,[12  2],32,-1,59,-1,46
1,<environment.Job instance at 0x7f36fae18140>,33,17,[ 1 11],34,-1,64,-1,47
1,<environment.Job instance at 0x7f36fae182d0>,35,13,[8 2],36,-1,64,-1,51
1,<environment.Job instance at 0x7f36fc09fcd0>,36,15,[14  2],37,-1,66,-1,51
1,<environment.Job instance at 0x7f36fc09f0a0>,37,13,[12  3],38,-1,64,-1,51
1,<environment.Job instance at 0x7f36fc09f050>,38,17,[ 3 14],39,-1,68,-1,51
1,<environment.Job instance at 0x7f36fc09faf0>,39,24,[14  5],40,-1,75,-1,51
1,<environment.Job instance at 0x7f36fc09fb40>,40,28,[11  2],41,-1,79,-1,51
1,<environment.Job instance at 0x7f36fc09f960>,41,15,[14  4],42,-1,66,-1,51
1,<environment.Job instance at 0x7f36fc09fd20>,42,13,[ 5 13],43,-1,64,-1,51
1,<environment.Job instance at 0x7f36fc09ff50>,43,12,[ 3 12],44,-1,63,-1,51
1,<environment.Job instance at 0x7f36fc09fdc0>,44,20,[11  1],45,-1,71,-1,51
1,<environment.Job instance at 0x7f36fadf7c30>,45,17,[ 2 14],46,-1,68,-1,51
1,<environment.Job instance at 0x7f36fc14efa0>,46,13,[ 1 12],47,-1,64,-1,51
1,<environment.Job instance at 0x7f36fb840320>,47,18,[14  3],48,-1,69,-1,51
1,<environment.Job instance at 0x7f36fc1f5280>,48,28,[5 3],49,-1,79,-1,51
1,<environment.Job instance at 0x7f36fc1f5370>,49,23,[12  1],50,-1,74,-1,51
1,<environment.Job instance at 0x7f36fc1f5780>,50,21,[13  1],51,-1,72,-1,51
1,<environment.Job instance at 0x7f36fc1f5d20>,51,23,[12  2],52,-1,75,-1,52
1,<environment.Job instance at 0x7f36fb843dc0>,52,24,[11  2],53,-1,77,-1,53
1,<environment.Job instance at 0x7f36fb843a50>,55,28,[ 1 13],56,-1,96,-1,68
1,<environment.Job instance at 0x7f36fc65aa50>,58,25,[8 1],59,-1,109,-1,84
1,<environment.Job instance at 0x7f36fb82c5f0>,59,12,[12  5],60,-1,96,-1,84
1,<environment.Job instance at 0x7f36fb82c2d0>,61,15,[1 8],62,-1,100,-1,85
1,<environment.Job instance at 0x7f36fb82ceb0>,62,20,[4 7],63,-1,105,-1,85
1,<environment.Job instance at 0x7f36fb82cdc0>,63,21,[13  2],64,-1,106,-1,85
1,<environment.Job instance at 0x7f36fb82cb40>,64,12,[4 7],65,-1,103,-1,91
1,<environment.Job instance at 0x7f36fb82c370>,65,23,[11  5],66,-1,114,-1,91
1,<environment.Job instance at 0x7f36fb82c730>,66,18,[ 5 13],67,-1,109,-1,91
1,<environment.Job instance at 0x7f36fb82c500>,67,28,[7 3],68,-1,119,-1,91
1,<environment.Job instance at 0x7f36fc1e7280>,68,25,[4 8],69,-1,116,-1,91
1,<environment.Job instance at 0x7f36fc6318c0>,69,14,[ 4 10],70,-1,105,-1,91
1,<environment.Job instance at 0x7f36fbe905f0>,70,16,[13  2],71,-1,107,-1,91
1,<environment.Job instance at 0x7f36fbe900a0>,71,20,[1 6],72,-1,111,-1,91
1,<environment.Job instance at 0x7f36fbe90d20>,73,22,[ 1 10],74,-1,120,-1,98
1,<environment.Job instance at 0x7f36fbe90230>,74,28,[13  5],75,-1,126,-1,98
1,<environment.Job instance at 0x7f36fbe90dc0>,75,23,[9 3],76,-1,121,-1,98
1,<environment.Job instance at 0x7f36fbe90af0>,76,23,[8 1],77,-1,121,-1,98
1,<environment.Job instance at 0x7f36fbe90c30>,77,21,[13  4],78,-1,119,-1,98
1,<environment.Job instance at 0x7f36fb46de60>,78,23,[4 8],79,-1,121,-1,98
1,<environment.Job instance at 0x7f36fb499820>,80,21,[ 3 13],81,-1,120,-1,99
1,<environment.Job instance at 0x7f36fbe90140>,81,18,[13  1],82,-1,117,-1,99
1,<environment.Job instance at 0x7f36fba958c0>,82,13,[ 4 12],83,-1,112,-1,99
1,<environment.Job instance at 0x7f36faded5f0>,83,25,[3 9],84,-1,124,-1,99
1,<environment.Job instance at 0x7f36fc5df4b0>,84,25,[3 8],85,-1,124,-1,99
1,<environment.Job instance at 0x7f36fadede60>,85,23,[ 1 13],86,-1,122,-1,99
1,<environment.Job instance at 0x7f36fb57d190>,86,15,[14  3],87,-1,114,-1,99
1,<environment.Job instance at 0x7f36fb5b3190>,87,20,[ 2 11],88,-1,119,-1,99
1,<environment.Job instance at 0x7f36fb57d550>,88,17,[ 3 12],89,-1,116,-1,99
1,<environment.Job instance at 0x7f36fb59b500>,89,17,[7 1],90,-1,126,-1,109
1,<environment.Job instance at 0x7f36fb59b5a0>,90,14,[12  2],91,-1,123,-1,109
1,<environment.Job instance at 0x7f36fb5c7640>,91,13,[1 7],92,-1,122,-1,109
1,<environment.Job instance at 0x7f36fb56fa00>,92,19,[ 2 14],93,-1,128,-1,109
1,<environment.Job instance at 0x7f36fb27e6e0>,93,15,[12  5],94,-1,124,-1,109
1,<environment.Job instance at 0x7f36fb59b280>,94,25,[2 6],95,-1,134,-1,109
1,<environment.Job instance at 0x7f36faf77910>,95,28,[ 3 12],96,-1,137,-1,109
1,<environment.Job instance at 0x7f36fb579820>,96,26,[8 1],97,-1,135,-1,109
1,<environment.Job instance at 0x7f36fb576910>,97,12,[7 3],98,-1,121,-1,109
1,<environment.Job instance at 0x7f36fc4a6af0>,98,13,[10  5],99,-1,122,-1,109
1,<environment.Job instance at 0x7f36fc4a6690>,99,12,[11  1],100,-1,121,-1,109
1,<environment.Job instance at 0x7f36fc4a6410>,100,15,[13  5],101,-1,124,-1,109
1,<environment.Job instance at 0x7f36fc4a69b0>,104,13,[1 9],105,-1,128,-1,115
1,<environment.Job instance at 0x7f36fc4a69b0>,2,28,[ 4 12],3,-1,31,-1,3
1,<environment.Job instance at 0x7f36fbef0410>,4,13,[ 2 12],5,-1,18,-1,5
1,<environment.Job instance at 0x7f36fbef0aa0>,6,22,[ 1 11],7,-1,29,-1,7
1,<environment.Job instance at 0x7f36fbef01e0>,8,26,[5 3],9,-1,35,-1,9
1,<environment.Job instance at 0x7f36fbef0d70>,5,21,[12  5],6,-1,31,-1,10
1,<environment.Job instance at 0x7f36fbef0cd0>,10,16,[ 4 11],11,-1,27,-1,11
1,<environment.Job instance at 0x7f36fbeee960>,17,15,[ 3 13],18,-1,45,-1,30
1,<environment.Job instance at 0x7f36fbeee6e0>,18,24,[ 5 11],19,-1,54,-1,30
1,<environment.Job instance at 0x7f36fbeee140>,19,13,[ 2 13],20,-1,43,-1,30
1,<environment.Job instance at 0x7f36fbeeec30>,21,26,[4 9],22,-1,63,-1,37
1,<environment.Job instance at 0x7f36fbeeecd0>,22,18,[ 4 10],23,-1,59,-1,41
1,<environment.Job instance at 0x7f36fbeee460>,25,23,[3 8],26,-1,77,-1,54
1,<environment.Job instance at 0x7f36fbeeef00>,26,12,[ 2 12],27,-1,66,-1,54
1,<environment.Job instance at 0x7f36fbeeec80>,27,21,[ 3 11],28,-1,75,-1,54
1,<environment.Job instance at 0x7f36fbeee280>,28,24,[11  3],29,-1,78,-1,54
1,<environment.Job instance at 0x7f36fbeee640>,30,14,[8 1],31,-1,85,-1,71
1,<environment.Job instance at 0x7f36fbeee1e0>,32,23,[ 3 14],33,-1,94,-1,71
1,<environment.Job instance at 0x7f36fc631d70>,33,22,[ 1 13],34,-1,93,-1,71
1,<environment.Job instance at 0x7f36fc631640>,35,15,[12  4],36,-1,86,-1,71
1,<environment.Job instance at 0x7f36fc6315a0>,38,28,[13  2],39,-1,122,-1,94
1,<environment.Job instance at 0x7f36fc631870>,41,27,[2 8],42,-1,137,-1,110
1,<environment.Job instance at 0x7f36fc631cd0>,42,24,[ 3 13],43,-1,134,-1,110
1,<environment.Job instance at 0x7f36fc631cd0>,2,15,[ 1 13],3,-1,18,-1,3
1,<environment.Job instance at 0x7f36fc4bd500>,3,25,[2 8],4,-1,30,-1,5
1,<environment.Job instance at 0x7f36fc4bd820>,6,22,[14  1],7,-1,29,-1,7
1,<environment.Job instance at 0x7f36fc4bdb40>,9,16,[ 3 13],10,-1,26,-1,10
1,<environment.Job instance at 0x7f36fbde0410>,14,25,[3 9],15,-1,44,-1,19
1,<environment.Job instance at 0x7f36fbde05a0>,18,12,[ 5 13],19,-1,68,-1,56
1,<environment.Job instance at 0x7f36fbde0910>,21,23,[12  2],22,-1,91,-1,68
1,<environment.Job instance at 0x7f36fbde0a50>,23,23,[ 4 14],24,-1,105,-1,82
1,<environment.Job instance at 0x7f36fbde0af0>,24,25,[11  4],25,-1,107,-1,82
1,<environment.Job instance at 0x7f36fbde0b90>,25,27,[11  1],26,-1,109,-1,82
1,<environment.Job instance at 0x7f36fbde0cd0>,27,28,[1 7],28,-1,117,-1,89
1,<environment.Job instance at 0x7f36fbde0f50>,31,25,[6 5],32,-1,143,-1,118
1,<environment.Job instance at 0x7f36fbde0c80>,32,25,[4 7],33,-1,143,-1,118
1,<environment.Job instance at 0x7f36fbde0f00>,33,23,[14  3],34,-1,141,-1,118
1,<environment.Job instance at 0x7f36fbde0fa0>,34,24,[ 1 14],35,-1,142,-1,118
1,<environment.Job instance at 0x7f36fbdf71e0>,35,28,[8 3],36,-1,146,-1,118
1,<environment.Job instance at 0x7f36fbdf7280>,36,23,[5 1],37,-1,141,-1,118
1,<environment.Job instance at 0x7f36fbdf7190>,37,24,[ 5 14],38,-1,142,-1,118
1,<environment.Job instance at 0x7f36fbdf73c0>,38,26,[1 7],39,-1,144,-1,118
1,<environment.Job instance at 0x7f36fbdf7500>,39,12,[10  1],40,-1,130,-1,118
1,<environment.Job instance at 0x7f36fbdf7050>,40,18,[ 5 13],41,-1,136,-1,118
1,<environment.Job instance at 0x7f36fbdf7640>,41,27,[5 5],42,-1,145,-1,118
1,<environment.Job instance at 0x7f36fbdf75f0>,42,15,[12  2],43,-1,133,-1,118
1,<environment.Job instance at 0x7f36fbdf75a0>,43,27,[8 5],44,-1,145,-1,118
1,<environment.Job instance at 0x7f36fbdf7730>,44,15,[12  4],45,-1,133,-1,118
1,<environment.Job instance at 0x7f36fbdf78c0>,45,12,[3 8],46,-1,130,-1,118
1,<environment.Job instance at 0x7f36fbdf7870>,46,18,[ 1 13],47,-1,136,-1,118
1,<environment.Job instance at 0x7f4ecb3f31e0>,3,15,[13  4],4,-1,19,-1,4
1,<environment.Job instance at 0x7f4ec1c7b550>,4,24,[ 3 11],5,-1,29,-1,5
1,<environment.Job instance at 0x7f4ec1c7b460>,2,26,[10  1],3,-1,31,-1,5
1,<environment.Job instance at 0x7f4ec1c7b730>,6,19,[ 1 13],7,-1,26,-1,7
1,<environment.Job instance at 0x7f4ec1c7b820>,8,24,[ 2 12],9,-1,33,-1,9
1,<environment.Job instance at 0x7f4ec1c7b7d0>,10,14,[ 1 14],11,-1,25,-1,11
1,<environment.Job instance at 0x7f4ec1c7b9b0>,14,14,[14  3],15,-1,29,-1,15
1,<environment.Job instance at 0x7f4ec1c7be10>,15,24,[ 2 13],16,-1,40,-1,16
1,<environment.Job instance at 0x7f4ec1c7be60>,16,19,[ 3 12],17,-1,36,-1,17
1,<environment.Job instance at 0x7f4ec1c7bfa0>,17,18,[ 5 13],18,-1,36,-1,18
1,<environment.Job instance at 0x7f4ec1c7f280>,21,22,[14  2],22,-1,57,-1,35
1,<environment.Job instance at 0x7f4ec1c7f320>,22,25,[ 4 12],23,-1,60,-1,35
1,<environment.Job instance at 0x7f4ec1c7f460>,24,20,[ 3 12],25,-1,70,-1,50
1,<environment.Job instance at 0x7f4ec1c7f500>,25,16,[11  3],26,-1,66,-1,50
1,<environment.Job instance at 0x7f4ec1c7f7d0>,29,24,[5 1],30,-1,140,-1,116
1,<environment.Job instance at 0x7f4ec1c7faa0>,32,14,[14  3],33,-1,138,-1,124
1,<environment.Job instance at 0x7f4ec1de5190>,4,22,[2 9],5,-1,29,-1,7
1,<environment.Job instance at 0x7f4ec1cf5550>,7,21,[ 3 12],8,-1,29,-1,8
1,<environment.Job instance at 0x7f4ec1cf5410>,8,26,[ 1 11],9,-1,35,-1,9
1,<environment.Job instance at 0x7f4ec1cf5cd0>,9,28,[3 6],10,-1,38,-1,10
1,<environment.Job instance at 0x7f4ec1cf5230>,10,21,[ 3 12],11,-1,32,-1,11
1,<environment.Job instance at 0x7f4ec1cf5460>,11,17,[ 2 11],12,-1,29,-1,12
1,<environment.Job instance at 0x7f4ec1cf58c0>,13,14,[11  1],14,-1,28,-1,14
1,<environment.Job instance at 0x7f4ec1cf5820>,14,26,[ 3 12],15,-1,41,-1,15
1,<environment.Job instance at 0x7f4ec1cf5a00>,15,24,[4 7],16,-1,40,-1,16
1,<environment.Job instance at 0x7f4ec1cf5500>,16,16,[14  1],17,-1,33,-1,17
1,<environment.Job instance at 0x7f4ec1cf5e10>,17,25,[5 4],18,-1,43,-1,18
1,<environment.Job instance at 0x7f4ec1cf5190>,18,28,[7 2],19,-1,47,-1,19
1,<environment.Job instance at 0x7f4ec1cf5be0>,19,28,[7 1],20,-1,48,-1,20
1,<environment.Job instance at 0x7f4ec12d9190>,22,24,[12  2],23,-1,50,-1,26
1,<environment.Job instance at 0x7f4ec168dd70>,23,26,[ 3 11],24,-1,52,-1,26
1,<environment.Job instance at 0x7f4ec140d640>,24,25,[ 5 11],25,-1,51,-1,26
1,<environment.Job instance at 0x7f4ec13316e0>,26,16,[ 1 11],27,-1,43,-1,27
1,<environment.Job instance at 0x7f4ec168f5f0>,28,25,[4 6],29,-1,67,-1,42
1,<environment.Job instance at 0x7f4ec1719870>,29,26,[4 9],30,-1,68,-1,42
1,<environment.Job instance at 0x7f4ec1719e60>,31,12,[12  4],32,-1,54,-1,42
1,<environment.Job instance at 0x7f4ec1719370>,32,21,[12  4],33,-1,63,-1,42
1,<environment.Job instance at 0x7f4ec1719910>,33,14,[12  3],34,-1,56,-1,42
1,<environment.Job instance at 0x7f4ec17542d0>,34,28,[ 3 13],35,-1,70,-1,42
1,<environment.Job instance at 0x7f4ec17543c0>,35,22,[ 3 12],36,-1,64,-1,42
1,<environment.Job instance at 0x7f4ec138c280>,36,23,[11  2],37,-1,65,-1,42
1,<environment.Job instance at 0x7f4ec1754280>,37,13,[4 5],38,-1,55,-1,42
1,<environment.Job instance at 0x7f4ec13456e0>,38,22,[ 2 10],39,-1,64,-1,42
1,<environment.Job instance at 0x7f4ec17ca7d0>,39,15,[12  2],40,-1,57,-1,42
1,<environment.Job instance at 0x7f4ec17720a0>,40,18,[11  1],41,-1,60,-1,42
1,<environment.Job instance at 0x7f4ec17caa00>,41,18,[ 4 10],42,-1,60,-1,42
1,<environment.Job instance at 0x7f4ec176e460>,42,22,[6 4],43,-1,68,-1,46
1,<environment.Job instance at 0x7f4ec176e910>,43,16,[7 1],44,-1,62,-1,46
1,<environment.Job instance at 0x7f4ec176e0f0>,44,21,[9 1],45,-1,68,-1,47
1,<environment.Job instance at 0x7f4ec176eb90>,45,14,[11  3],46,-1,61,-1,47
1,<environment.Job instance at 0x7f4ec176e6e0>,46,19,[ 5 14],47,-1,66,-1,47
1,<environment.Job instance at 0x7f4ec172b050>,47,18,[10  1],48,-1,67,-1,49
1,<environment.Job instance at 0x7f4ec133d8c0>,48,27,[9 4],49,-1,76,-1,49
1,<environment.Job instance at 0x7f4ec172b9b0>,49,25,[ 3 11],50,-1,75,-1,50
1,<environment.Job instance at 0x7f4ec174b690>,50,27,[13  4],51,-1,78,-1,51
1,<environment.Job instance at 0x7f4ec1726140>,51,13,[ 4 10],52,-1,65,-1,52
1,<environment.Job instance at 0x7f4ec172beb0>,53,23,[ 2 14],54,-1,78,-1,55
1,<environment.Job instance at 0x7f4ec1726be0>,54,12,[ 2 11],55,-1,67,-1,55
1,<environment.Job instance at 0x7f4ec1732230>,55,19,[5 1],56,-1,77,-1,58
1,<environment.Job instance at 0x7f4ec1732af0>,56,24,[8 2],57,-1,82,-1,58
1,<environment.Job instance at 0x7f4ec17260a0>,57,22,[1 7],58,-1,80,-1,58
1,<environment.Job instance at 0x7f4ec1748050>,58,28,[ 4 13],59,-1,87,-1,59
1,<environment.Job instance at 0x7f4ec1748370>,59,26,[3 6],60,-1,86,-1,60
1,<environment.Job instance at 0x7f4ec17483c0>,60,12,[11  1],61,-1,73,-1,61
1,<environment.Job instance at 0x7f4ec1748af0>,61,12,[ 5 11],62,-1,74,-1,62
1,<environment.Job instance at 0x7f4ec177a5a0>,62,15,[ 3 11],63,-1,78,-1,63
1,<environment.Job instance at 0x7f4ec177aa00>,63,24,[ 1 10],64,-1,88,-1,64
1,<environment.Job instance at 0x7f4ec177a0f0>,64,24,[ 1 11],65,-1,89,-1,65
1,<environment.Job instance at 0x7f4ec177ac30>,65,25,[8 2],66,-1,91,-1,66
1,<environment.Job instance at 0x7f4ec177ab90>,66,14,[14  4],67,-1,81,-1,67
1,<environment.Job instance at 0x7f4ec177ad20>,67,25,[5 4],68,-1,93,-1,68
1,<environment.Job instance at 0x7f4ec176f8c0>,69,16,[ 3 12],70,-1,86,-1,70
1,<environment.Job instance at 0x7f4ec176fcd0>,70,23,[5 8],71,-1,94,-1,71
1,<environment.Job instance at 0x7f4ec176f640>,71,21,[ 4 11],72,-1,93,-1,72
1,<environment.Job instance at 0x7f4ec176fa00>,72,20,[ 3 12],73,-1,93,-1,73
1,<environment.Job instance at 0x7f4ec176f960>,73,23,[10  3],74,-1,97,-1,74
1,<environment.Job instance at 0x7f4ec17353c0>,74,28,[3 8],75,-1,103,-1,75
1,<environment.Job instance at 0x7f4ec1720aa0>,75,24,[12  1],76,-1,100,-1,76
1,<environment.Job instance at 0x7f4ec1720b40>,76,14,[11  2],77,-1,91,-1,77
1,<environment.Job instance at 0x7f4ec1720cd0>,77,27,[5 3],78,-1,105,-1,78
1,<environment.Job instance at 0x7f4ec17204b0>,79,17,[ 5 11],80,-1,97,-1,80
1,<environment.Job instance at 0x7f4ec1720f00>,80,13,[11  1],81,-1,94,-1,81
1,<environment.Job instance at 0x7f4ec1720f50>,81,27,[14  2],82,-1,109,-1,82
1,<environment.Job instance at 0x7f4ec1776f50>,82,25,[13  2],83,-1,108,-1,83
1,<environment.Job instance at 0x7f4ec178ab90>,83,21,[ 4 12],84,-1,105,-1,84
1,<environment.Job instance at 0x7f4ec16dc8c0>,87,12,[11  1],88,-1,105,-1,93
1,<environment.Job instance at 0x7f4ec16dc6e0>,88,13,[ 5 13],89,-1,106,-1,93
1,<environment.Job instance at 0x7f4ec16dc460>,91,14,[2 9],92,-1,132,-1,118
1,<environment.Job instance at 0x7f4ec16dcf00>,92,20,[5 7],93,-1,138,-1,118
1,<environment.Job instance at 0x7f4ec132f0a0>,6,19,[ 3 14],7,-1,26,-1,7
1,<environment.Job instance at 0x7f4ec132f3c0>,7,26,[ 1 14],8,-1,34,-1,8
1,<environment.Job instance at 0x7f4ec132fd70>,9,16,[12  3],10,-1,26,-1,10
1,<environment.Job instance at 0x7f4ec132f8c0>,10,27,[13  4],11,-1,38,-1,11
1,<environment.Job instance at 0x7f4ec132f230>,11,22,[6 1],12,-1,34,-1,12
1,<environment.Job instance at 0x7f4ec132f730>,18,27,[ 3 13],19,-1,74,-1,47
1,<environment.Job instance at 0x7f4ec132fb40>,19,20,[14  3],20,-1,67,-1,47
1,<environment.Job instance at 0x7f4ec132ff50>,20,22,[12  1],21,-1,69,-1,47
1,<environment.Job instance at 0x7f4ec132f280>,21,12,[ 2 14],22,-1,59,-1,47
1,<environment.Job instance at 0x7f4ec132fe60>,22,13,[14  5],23,-1,60,-1,47
1,<environment.Job instance at 0x7f4ec132f550>,23,28,[5 7],24,-1,75,-1,47
1,<environment.Job instance at 0x7f4ec132f410>,24,28,[10  1],25,-1,75,-1,47
1,<environment.Job instance at 0x7f4ec132f320>,25,16,[12  2],26,-1,63,-1,47
1,<environment.Job instance at 0x7f4ec138b0a0>,26,28,[14  3],27,-1,75,-1,47
1,<environment.Job instance at 0x7f4ec138bc30>,27,24,[ 4 11],28,-1,71,-1,47
1,<environment.Job instance at 0x7f4ec138bb90>,28,25,[11  1],29,-1,72,-1,47
1,<environment.Job instance at 0x7f4ec138b460>,30,26,[5 5],31,-1,73,-1,47
1,<environment.Job instance at 0x7f4ec138bf00>,31,22,[ 1 10],32,-1,69,-1,47
1,<environment.Job instance at 0x7f4ec138bfa0>,33,24,[2 7],34,-1,79,-1,55
1,<environment.Job instance at 0x7f4ec138b4b0>,34,25,[11  5],35,-1,80,-1,55
1,<environment.Job instance at 0x7f4ec138b5f0>,35,25,[5 3],36,-1,80,-1,55
1,<environment.Job instance at 0x7f4ec138b5a0>,37,26,[7 1],38,-1,87,-1,61
1,<environment.Job instance at 0x7f4ec138b3c0>,38,18,[12  1],39,-1,79,-1,61
1,<environment.Job instance at 0x7f4ec138b410>,39,15,[ 1 13],40,-1,76,-1,61
1,<environment.Job instance at 0x7f4ec13634b0>,40,23,[11  3],41,-1,84,-1,61
1,<environment.Job instance at 0x7f4ec1363d20>,42,20,[14  4],43,-1,90,-1,70
1,<environment.Job instance at 0x7f4ec1363280>,43,22,[10  2],44,-1,103,-1,81
1,<environment.Job instance at 0x7f4ec1363b40>,44,16,[ 2 11],45,-1,97,-1,81
1,<environment.Job instance at 0x7f4ec1363c30>,45,24,[8 2],46,-1,105,-1,81
1,<environment.Job instance at 0x7f4ec1afd730>,49,16,[ 4 13],50,-1,122,-1,106
1,<environment.Job instance at 0x7f4ec285ea50>,50,26,[4 7],51,-1,132,-1,106
1,<environment.Job instance at 0x7f4ec21a16e0>,51,25,[10  5],52,-1,131,-1,106
1,<environment.Job instance at 0x7f4ec21a1f00>,52,25,[11  1],53,-1,131,-1,106
1,<environment.Job instance at 0x7f4ec21a15f0>,53,26,[4 8],54,-1,132,-1,106
1,<environment.Job instance at 0x7f4ec21a10f0>,54,17,[12  2],55,-1,123,-1,106
1,<environment.Job instance at 0x7f4ec21a1910>,55,19,[11  2],56,-1,125,-1,106
1,<environment.Job instance at 0x7f4ec1aafcd0>,56,12,[14  5],57,-1,118,-1,106
1,<environment.Job instance at 0x7f4ec1aafe10>,57,24,[ 1 11],58,-1,130,-1,106
1,<environment.Job instance at 0x7f4ec1aaf690>,58,18,[ 4 12],59,-1,124,-1,106
1,<environment.Job instance at 0x7f4ec2198140>,62,22,[ 3 14],63,-1,147,-1,125
1,<environment.Job instance at 0x7f4ec2872d20>,63,28,[14  4],64,-1,153,-1,125
1,<environment.Job instance at 0x7f4ec13a13c0>,8,18,[ 1 12],9,-1,29,-1,11
1,<environment.Job instance at 0x7f4ec1bd8960>,9,13,[14  4],10,-1,24,-1,11
1,<environment.Job instance at 0x7f4ec1692e10>,11,16,[ 1 11],12,-1,28,-1,12
1,<environment.Job instance at 0x7f4ec168d8c0>,12,26,[12  3],13,-1,39,-1,13
1,<environment.Job instance at 0x7f4ec168d9b0>,14,17,[ 4 13],15,-1,35,-1,18
1,<environment.Job instance at 0x7f4ec188c8c0>,16,28,[1 9],17,-1,53,-1,25
1,<environment.Job instance at 0x7f4ec173ef50>,17,26,[7 3],18,-1,51,-1,25
1,<environment.Job instance at 0x7f4ec168dfa0>,19,26,[3 5],20,-1,61,-1,35
1,<environment.Job instance at 0x7f4ec1c21960>,21,13,[ 2 13],22,-1,64,-1,51
1,<environment.Job instance at 0x7f4ec1c21f50>,22,18,[12  5],23,-1,69,-1,51
1,<environment.Job instance at 0x7f4ec18dee10>,23,26,[13  3],24,-1,77,-1,51
1,<environment.Job instance at 0x7f4ec1dc3320>,24,13,[14  1],25,-1,64,-1,51
1,<environment.Job instance at 0x7f4ec1dc3cd0>,25,16,[ 3 11],26,-1,67,-1,51
1,<environment.Job instance at 0x7f4ec1dc3370>,26,22,[14  2],27,-1,73,-1,51
1,<environment.Job instance at 0x7f4ec1791500>,27,14,[12  4],28,-1,65,-1,51
1,<environment.Job instance at 0x7f4ec1906a50>,28,14,[11  1],29,-1,65,-1,51
1,<environment.Job instance at 0x7f4ec12f9fa0>,29,28,[6 2],30,-1,79,-1,51
1,<environment.Job instance at 0x7f4ec1dc3e60>,30,20,[12  3],31,-1,71,-1,51
1,<environment.Job instance at 0x7f4ec1fb2a50>,31,21,[13  4],32,-1,72,-1,51
1,<environment.Job instance at 0x7f4ec1fb2b40>,32,23,[2 8],33,-1,74,-1,51
1,<environment.Job instance at 0x7f4ec1907a50>,33,16,[11  1],34,-1,67,-1,51
1,<environment.Job instance at 0x7f4ec17a3d70>,36,13,[ 1 11],37,-1,84,-1,71
1,<environment.Job instance at 0x7f4ec17a3e60>,38,25,[6 1],39,-1,117,-1,92
1,<environment.Job instance at 0x7f4ec12ebaa0>,39,15,[ 3 12],40,-1,107,-1,92
1,<environment.Job instance at 0x7f4ec12eb820>,40,18,[13  2],41,-1,110,-1,92
1,<environment.Job instance at 0x7f4ec12eb8c0>,41,27,[5 7],42,-1,119,-1,92
1,<environment.Job instance at 0x7f4ec12eb690>,42,12,[14  3],43,-1,104,-1,92
1,<environment.Job instance at 0x7f4ec12eb230>,43,28,[11  3],44,-1,120,-1,92
1,<environment.Job instance at 0x7f4ec12ebbe0>,45,28,[ 4 12],46,-1,120,-1,92
1,<environment.Job instance at 0x7f4ec12ebf50>,46,20,[11  3],47,-1,112,-1,92
1,<environment.Job instance at 0x7f4ec12eb0a0>,47,15,[ 5 13],48,-1,107,-1,92
1,<environment.Job instance at 0x7f4ec12ebeb0>,50,24,[12  5],51,-1,131,-1,107
1,<environment.Job instance at 0x7f4ec21220a0>,51,19,[ 2 14],52,-1,126,-1,107
1,<environment.Job instance at 0x7f4ec13c0910>,52,22,[12  1],53,-1,129,-1,107
1,<environment.Job instance at 0x7f4ec13c0870>,53,13,[ 3 11],54,-1,120,-1,107
1,<environment.Job instance at 0x7f4ec13c0050>,55,17,[ 1 14],56,-1,131,-1,114
1,<environment.Job instance at 0x7f4ec13c0550>,56,14,[ 3 14],57,-1,128,-1,114
1,<environment.Job instance at 0x7f4ec133d500>,57,24,[ 3 11],58,-1,138,-1,114
1,<environment.Job instance at 0x7f4ec13c00f0>,59,25,[12  3],60,-1,149,-1,124
1,<environment.Job instance at 0x7f4ecb3f2f00>,60,12,[ 2 12],61,-1,136,-1,124
1,<environment.Job instance at 0x7f4ec13957d0>,62,27,[ 2 11],63,-1,151,-1,124
1,<environment.Job instance at 0x7f4ec1395820>,63,27,[ 3 14],64,-1,151,-1,124
1,<environment.Job instance at 0x7f4ec208d780>,2,24,[2 5],3,-1,27,-1,3
1,<environment.Job instance at 0x7f4ec208d500>,4,12,[ 2 13],5,-1,17,-1,5
1,<environment.Job instance at 0x7f4ec208d280>,5,27,[4 9],6,-1,33,-1,6
1,<environment.Job instance at 0x7f4ec208df50>,8,14,[ 5 14],9,-1,23,-1,9
1,<environment.Job instance at 0x7f4ec20b7910>,15,22,[14  5],16,-1,59,-1,37
1,<environment.Job instance at 0x7f4ec20b7eb0>,17,23,[9 5],18,-1,73,-1,50
1,<environment.Job instance at 0x7f4ec20b7cd0>,18,23,[14  4],19,-1,73,-1,50
1,<environment.Job instance at 0x7f4ec20b7d70>,20,15,[ 5 14],21,-1,65,-1,50
1,<environment.Job instance at 0x7f4ec20b70f0>,21,22,[4 9],22,-1,82,-1,60
1,<environment.Job instance at 0x7f4ec20b7050>,22,19,[ 5 13],23,-1,79,-1,60
1,<environment.Job instance at 0x7f4ec20b7550>,23,21,[4 9],24,-1,106,-1,85
1,<environment.Job instance at 0x7f4ec20a1eb0>,26,12,[13  4],27,-1,102,-1,90
1,<environment.Job instance at 0x7f4ec20a18c0>,27,12,[14  4],28,-1,102,-1,90
1,<environment.Job instance at 0x7f4ec20a15a0>,28,12,[ 1 13],29,-1,102,-1,90
1,<environment.Job instance at 0x7f4ec20a1190>,29,15,[2 6],30,-1,106,-1,91
1,<environment.Job instance at 0x7f4ec20aac30>,31,12,[ 5 12],32,-1,103,-1,91
1,<environment.Job instance at 0x7f4ec20aa690>,32,26,[9 3],33,-1,117,-1,91
1,<environment.Job instance at 0x7f4ec20aad70>,33,27,[ 5 13],34,-1,118,-1,91
1,<environment.Job instance at 0x7f4ec1bf2140>,34,28,[ 4 14],35,-1,119,-1,91
1,<environment.Job instance at 0x7f4ec20aa730>,35,17,[ 5 10],36,-1,112,-1,95
1,<environment.Job instance at 0x7f4ec20aaf50>,36,13,[12  1],37,-1,108,-1,95
1,<environment.Job instance at 0x7f4ec23145a0>,37,14,[ 3 10],38,-1,109,-1,95
1,<environment.Job instance at 0x7f4ec1ce17d0>,38,24,[3 9],39,-1,119,-1,95
1,<environment.Job instance at 0x7f4ec1ce1aa0>,39,13,[6 2],40,-1,108,-1,95
1,<environment.Job instance at 0x7f4ec1cc0e60>,41,14,[ 4 13],42,-1,122,-1,108
1,<environment.Job instance at 0x7f4ec1ccf730>,42,12,[14  3],43,-1,120,-1,108
1,<environment.Job instance at 0x7f4ec1ccf640>,43,18,[ 5 11],44,-1,126,-1,108
1,<environment.Job instance at 0x7f4ec1ccff50>,44,21,[ 1 12],45,-1,129,-1,108
1,<environment.Job instance at 0x7f4ec1cdc460>,45,25,[4 9],46,-1,133,-1,108
1,<environment.Job instance at 0x7f4ec1cda870>,46,18,[ 1 12],47,-1,126,-1,108
1,<environment.Job instance at 0x7f4ec22f7eb0>,48,12,[6 1],49,-1,120,-1,108
1,<environment.Job instance at 0x7f4ec1ccdb90>,49,28,[ 3 10],50,-1,136,-1,108
1,<environment.Job instance at 0x7f4ec12be550>,50,21,[5 1],51,-1,129,-1,108
1,<environment.Job instance at 0x7f4ecb0052d0>,51,28,[11  4],52,-1,136,-1,108
1,<environment.Job instance at 0x7f4ec209d0f0>,53,19,[11  2],54,-1,137,-1,118
1,<environment.Job instance at 0x7f4ec16d0550>,54,18,[12  3],55,-1,136,-1,118
1,<environment.Job instance at 0x7f4ec1266820>,55,28,[5 5],56,-1,146,-1,118
1,<environment.Job instance at 0x7f4ec1266780>,56,19,[ 1 12],57,-1,137,-1,118
1,<environment.Job instance at 0x7f4ec1266730>,57,24,[10  2],58,-1,142,-1,118
1,<environment.Job instance at 0x7f4ec12668c0>,58,24,[8 1],59,-1,142,-1,118
1,<environment.Job instance at 0x7f4ec129ee60>,59,27,[ 5 10],60,-1,145,-1,118
1,<environment.Job instance at 0x7f4ec20aae60>,60,12,[8 2],61,-1,130,-1,118
1,<environment.Job instance at 0x7f4ec1a8cc30>,61,28,[ 1 12],62,-1,146,-1,118
1,<environment.Job instance at 0x7f4ec19b7be0>,62,15,[13  1],63,-1,133,-1,118
1,<environment.Job instance at 0x7f4ec126a6e0>,63,20,[ 5 12],64,-1,138,-1,118
1,<environment.Job instance at 0x7f4ec126afa0>,65,12,[ 4 13],66,-1,136,-1,124
1,<environment.Job instance at 0x7f4ec12bd0f0>,66,24,[5 3],67,-1,148,-1,124
1,<environment.Job instance at 0x7f4ec125b690>,3,23,[6 5],4,-1,27,-1,4
1,<environment.Job instance at 0x7f4ec125b0f0>,4,17,[ 2 13],5,-1,22,-1,5
1,<environment.Job instance at 0x7f4ec125b230>,5,20,[ 1 11],6,-1,26,-1,6
1,<environment.Job instance at 0x7f4ec125bb40>,6,27,[4 6],7,-1,34,-1,7
1,<environment.Job instance at 0x7f4ec125bd20>,7,26,[8 5],8,-1,34,-1,8
1,<environment.Job instance at 0x7f4ec125b870>,8,12,[ 3 14],9,-1,21,-1,9
1,<environment.Job instance at 0x7f4ec125ba50>,11,24,[14  4],12,-1,36,-1,12
1,<environment.Job instance at 0x7f4ec125bc30>,12,26,[12  3],13,-1,39,-1,13
1,<environment.Job instance at 0x7f4ec125b190>,13,16,[ 5 14],14,-1,30,-1,14
1,<environment.Job instance at 0x7f4ec125bd70>,15,12,[ 4 13],16,-1,28,-1,16
1,<environment.Job instance at 0x7f4ec12d6cd0>,16,25,[13  1],17,-1,42,-1,17
1,<environment.Job instance at 0x7f4ec12d6b40>,14,23,[8 4],15,-1,41,-1,18
1,<environment.Job instance at 0x7f4ec12d6d20>,19,22,[14  4],20,-1,42,-1,20
1,<environment.Job instance at 0x7f4ec12d6e60>,20,14,[ 1 13],21,-1,35,-1,21
1,<environment.Job instance at 0x7f4ec12d60f0>,21,28,[ 2 10],22,-1,50,-1,22
1,<environment.Job instance at 0x7f4ec12d68c0>,24,18,[ 5 12],25,-1,43,-1,25
1,<environment.Job instance at 0x7f4ec12d61e0>,25,24,[ 2 12],26,-1,50,-1,26
1,<environment.Job instance at 0x7f4ec12d6280>,26,24,[ 1 13],27,-1,51,-1,27
1,<environment.Job instance at 0x7f4ec12d35f0>,33,24,[14  5],34,-1,77,-1,53
1,<environment.Job instance at 0x7f4ec12d3460>,34,18,[14  1],35,-1,71,-1,53
1,<environment.Job instance at 0x7f4ec12d3870>,35,14,[13  5],36,-1,67,-1,53
1,<environment.Job instance at 0x7f4ec12d36e0>,36,21,[ 1 14],37,-1,74,-1,53
1,<environment.Job instance at 0x7f4ec12d3b90>,37,12,[5 1],38,-1,70,-1,58
1,<environment.Job instance at 0x7f4ec12d38c0>,38,22,[12  2],39,-1,80,-1,58
1,<environment.Job instance at 0x7f4ec12d3500>,39,26,[ 2 10],40,-1,84,-1,58
1,<environment.Job instance at 0x7f4ec12d3690>,40,14,[12  5],41,-1,72,-1,58
1,<environment.Job instance at 0x7f4ec12d3280>,41,14,[14  2],42,-1,72,-1,58
1,<environment.Job instance at 0x7f4ec12d3550>,42,24,[4 5],43,-1,82,-1,58
1,<environment.Job instance at 0x7f4ec12d35a0>,43,24,[9 5],44,-1,82,-1,58
1,<environment.Job instance at 0x7f4ec12d0e10>,44,18,[11  3],45,-1,86,-1,68
1,<environment.Job instance at 0x7f4ec12d0d70>,45,23,[13  5],46,-1,91,-1,68
1,<environment.Job instance at 0x7f4ec12d00a0>,46,22,[ 4 10],47,-1,90,-1,68
1,<environment.Job instance at 0x7f4ec12d0730>,47,20,[ 2 10],48,-1,95,-1,75
1,<environment.Job instance at 0x7f4ec12d0b90>,49,25,[3 6],50,-1,100,-1,75
1,<environment.Job instance at 0x7f4ec12d09b0>,50,23,[8 4],51,-1,98,-1,75
1,<environment.Job instance at 0x7f4ec12d0c80>,51,13,[12  4],52,-1,88,-1,75
1,<environment.Job instance at 0x7f4ec12d0cd0>,52,27,[9 3],53,-1,102,-1,75
1,<environment.Job instance at 0x7f4ec12d0820>,55,28,[ 2 13],56,-1,121,-1,93
1,<environment.Job instance at 0x7f4ec12beeb0>,56,26,[ 3 14],57,-1,119,-1,93
1,<environment.Job instance at 0x7f4ec12be190>,57,15,[11  5],58,-1,108,-1,93
1,<environment.Job instance at 0x7f4ec12be0a0>,58,12,[1 7],59,-1,105,-1,93
1,<environment.Job instance at 0x7f4ec12be050>,59,15,[ 3 13],60,-1,108,-1,93
1,<environment.Job instance at 0x7f4ec12be1e0>,60,25,[13  4],61,-1,118,-1,93
1,<environment.Job instance at 0x7f4ec12beb90>,61,17,[13  1],62,-1,110,-1,93
1,<environment.Job instance at 0x7f4ec12be7d0>,63,25,[12  1],64,-1,121,-1,96
1,<environment.Job instance at 0x7f4ec12bed20>,64,28,[14  4],65,-1,124,-1,96
1,<environment.Job instance at 0x7f4ec12bee10>,65,16,[ 1 13],66,-1,112,-1,96
1,<environment.Job instance at 0x7f4ec12be5f0>,66,26,[ 3 11],67,-1,122,-1,96
1,<environment.Job instance at 0x7f4ec12bebe0>,69,26,[12  4],70,-1,139,-1,113
1,<environment.Job instance at 0x7f4ec12beb40>,70,16,[11  4],71,-1,129,-1,113
1,<environment.Job instance at 0x7f4ec19c1f50>,73,20,[12  4],74,-1,149,-1,129
1,<environment.Job instance at 0x7f4ec19c1e60>,74,26,[1 6],75,-1,155,-1,129
1,<environment.Job instance at 0x7f4ec19c1a50>,75,23,[5 5],76,-1,152,-1,129
1,<environment.Job instance at 0x7f4ec19c1dc0>,76,27,[12  2],77,-1,156,-1,129
1,<environment.Job instance at 0x7f4ec19c1f00>,77,15,[14  2],78,-1,144,-1,129
1,<environment.Job instance at 0x7f4ec19c19b0>,78,15,[13  3],79,-1,144,-1,129
1,<environment.Job instance at 0x7f4ec19c10a0>,79,22,[1 7],80,-1,151,-1,129
1,<environment.Job instance at 0x7f4ecadf1f00>,3,14,[ 4 12],4,-1,18,-1,4
1,<environment.Job instance at 0x7f4ecadf19b0>,5,27,[ 2 11],6,-1,33,-1,6
1,<environment.Job instance at 0x7f4ecadf1c80>,6,28,[12  4],7,-1,35,-1,7
1,<environment.Job instance at 0x7f4ecadf1370>,8,14,[14  2],9,-1,23,-1,9
1,<environment.Job instance at 0x7f4ecadf1690>,9,27,[5 1],10,-1,38,-1,11
1,<environment.Job instance at 0x7f4ecadf1e10>,11,23,[3 9],12,-1,35,-1,12
1,<environment.Job instance at 0x7f4ecb02ba00>,15,26,[7 5],16,-1,60,-1,34
1,<environment.Job instance at 0x7f4ecadf18c0>,16,17,[ 3 14],17,-1,51,-1,34
1,<environment.Job instance at 0x7f4ec21be5a0>,19,17,[ 2 13],20,-1,59,-1,42
1,<environment.Job instance at 0x7f4ec21befa0>,20,17,[14  2],21,-1,59,-1,42
1,<environment.Job instance at 0x7f4ec21be1e0>,21,26,[10  4],22,-1,68,-1,42
1,<environment.Job instance at 0x7f4ec21be050>,22,23,[5 5],23,-1,65,-1,42
1,<environment.Job instance at 0x7f4ec21be690>,23,13,[ 1 14],24,-1,55,-1,42
1,<environment.Job instance at 0x7f4ec21be2d0>,24,12,[ 3 11],25,-1,54,-1,42
1,<environment.Job instance at 0x7f4ec21be870>,25,14,[4 7],26,-1,56,-1,42
1,<environment.Job instance at 0x7f4ec21be8c0>,27,19,[ 5 13],28,-1,69,-1,50
1,<environment.Job instance at 0x7f4ec21be550>,28,14,[ 2 10],29,-1,64,-1,50
1,<environment.Job instance at 0x7f4ec21bed20>,29,25,[3 9],30,-1,75,-1,50
1,<environment.Job instance at 0x7f4ec21bee60>,30,16,[ 3 10],31,-1,71,-1,55
1,<environment.Job instance at 0x7f4ec21be190>,33,17,[ 3 13],34,-1,83,-1,66
1,<environment.Job instance at 0x7f4ec21be410>,34,28,[3 9],35,-1,94,-1,66
1,<environment.Job instance at 0x7f4ec2753370>,35,28,[ 3 10],36,-1,94,-1,66
1,<environment.Job instance at 0x7f4ec27530f0>,39,20,[12  4],40,-1,105,-1,85
1,<environment.Job instance at 0x7f4ecada0960>,40,28,[8 2],41,-1,113,-1,85
1,<environment.Job instance at 0x7f4ecada0910>,41,16,[12  4],42,-1,101,-1,85
1,<environment.Job instance at 0x7f4ecada0a00>,42,16,[ 2 13],43,-1,101,-1,85
1,<environment.Job instance at 0x7f4ecada0410>,43,23,[5 8],44,-1,108,-1,85
1,<environment.Job instance at 0x7f4ec26425a0>,45,24,[9 3],46,-1,115,-1,91
1,<environment.Job instance at 0x7f4ec26429b0>,47,23,[5 4],48,-1,124,-1,101
1,<environment.Job instance at 0x7f4ec126a640>,48,23,[11  4],49,-1,124,-1,101
1,<environment.Job instance at 0x7f4ec126ad70>,49,21,[8 2],50,-1,133,-1,112
1,<environment.Job instance at 0x7f4ec126ac30>,50,21,[ 5 13],51,-1,133,-1,112
1,<environment.Job instance at 0x7f4ec126abe0>,51,22,[11  1],52,-1,134,-1,112
1,<environment.Job instance at 0x7f4ec126a050>,52,17,[11  2],53,-1,129,-1,112
1,<environment.Job instance at 0x7f4ec126a820>,55,28,[10  3],56,-1,150,-1,122
1,<environment.Job instance at 0x7f4ec126a8c0>,56,28,[13  4],57,-1,150,-1,122
1,<environment.Job instance at 0x7f4ec126a730>,58,25,[5 7],59,-1,147,-1,122
1,<environment.Job instance at 0x7f4ec126a0f0>,59,23,[13  3],60,-1,145,-1,122
1,<environment.Job instance at 0x7f4ec126a190>,60,18,[ 4 13],61,-1,140,-1,122
1,<environment.Job instance at 0x7f4ec126a9b0>,61,18,[13  1],62,-1,140,-1,122
1,<environment.Job instance at 0x7f4ec20c8050>,1,24,[ 3 12],2,-1,26,-1,2
1,<environment.Job instance at 0x7f4ec126a690>,2,23,[4 7],3,-1,26,-1,3
1,<environment.Job instance at 0x7f4ec18f6c80>,5,26,[12  4],6,-1,32,-1,6
1,<environment.Job instance at 0x7f4ec2868c30>,10,13,[14  5],11,-1,28,-1,15
1,<environment.Job instance at 0x7f4ec28684b0>,11,21,[ 5 14],12,-1,36,-1,15
1,<environment.Job instance at 0x7f4ec18eff50>,12,21,[ 4 11],13,-1,36,-1,15
1,<environment.Job instance at 0x7f4ec18effa0>,13,25,[2 7],14,-1,40,-1,15
1,<environment.Job instance at 0x7f4ec18ef140>,14,23,[14  4],15,-1,38,-1,15
1,<environment.Job instance at 0x7f4ec18ef1e0>,15,12,[ 3 11],16,-1,28,-1,16
1,<environment.Job instance at 0x7f4ec18ef5a0>,18,18,[12  1],19,-1,48,-1,30
1,<environment.Job instance at 0x7f4ec18efe10>,20,24,[12  2],21,-1,69,-1,45
1,<environment.Job instance at 0x7f4ec18e6410>,22,25,[8 3],23,-1,70,-1,45
1,<environment.Job instance at 0x7f4ec18e60f0>,23,15,[11  1],24,-1,60,-1,45
1,<environment.Job instance at 0x7f4ec18e6a00>,25,27,[7 4],26,-1,72,-1,45
1,<environment.Job instance at 0x7f4ec18fc0f0>,27,22,[2 7],28,-1,84,-1,62
1,<environment.Job instance at 0x7f4ec18fc820>,29,13,[ 1 10],30,-1,75,-1,62
1,<environment.Job instance at 0x7f4ec22e4780>,30,28,[9 3],31,-1,90,-1,62
1,<environment.Job instance at 0x7f4ec26a7370>,31,27,[5 1],32,-1,89,-1,62
1,<environment.Job instance at 0x7f4ec19f3fa0>,33,13,[8 2],34,-1,99,-1,86
1,<environment.Job instance at 0x7f4ec19f3460>,34,27,[6 4],35,-1,113,-1,86
1,<environment.Job instance at 0x7f4ec20ec550>,35,25,[6 1],36,-1,111,-1,86
1,<environment.Job instance at 0x7f4ec19eac80>,36,23,[5 5],37,-1,109,-1,86
1,<environment.Job instance at 0x7f4ec269b8c0>,37,28,[14  5],38,-1,114,-1,86
1,<environment.Job instance at 0x7f4ec269bf50>,38,12,[13  5],39,-1,98,-1,86
1,<environment.Job instance at 0x7f4ec18d8cd0>,39,13,[1 8],40,-1,99,-1,86
1,<environment.Job instance at 0x7f4ec18d8690>,40,23,[13  2],41,-1,109,-1,86
1,<environment.Job instance at 0x7f4ec22f6730>,41,21,[12  3],42,-1,107,-1,86
1,<environment.Job instance at 0x7f4ec22ea7d0>,42,17,[14  1],43,-1,103,-1,86
1,<environment.Job instance at 0x7f4ec18d80f0>,43,15,[ 1 12],44,-1,101,-1,86
1,<environment.Job instance at 0x7f4ec19e4fa0>,46,20,[ 1 12],47,-1,114,-1,94
1,<environment.Job instance at 0x7f4ec19d9320>,48,25,[5 3],49,-1,122,-1,97
1,<environment.Job instance at 0x7f4ec20df8c0>,50,24,[5 7],51,-1,136,-1,112
1,<environment.Job instance at 0x7f4ec20d30a0>,51,14,[ 4 10],52,-1,126,-1,112
1,<environment.Job instance at 0x7f4ec20d3230>,53,27,[ 2 10],54,-1,154,-1,127
1,<environment.Job instance at 0x7f4ec20bb6e0>,54,16,[ 1 12],55,-1,143,-1,127
1,<environment.Job instance at 0x7f4ec20bb050>,55,15,[13  4],56,-1,142,-1,127
1,<environment.Job instance at 0x7f4ec20bb0f0>,56,20,[ 1 13],57,-1,147,-1,127
1,<environment.Job instance at 0x7f4ec20bb280>,57,17,[ 1 10],58,-1,145,-1,128
1,<environment.Job instance at 0x7f4ec20e5190>,58,28,[ 2 14],59,-1,156,-1,128
1,<environment.Job instance at 0x7f4ec20e5370>,59,28,[11  1],60,-1,156,-1,128
1,<environment.Job instance at 0x7f4ec20e5370>,2,20,[ 4 14],3,-1,23,-1,3
1,<environment.Job instance at 0x7f4ec1a16960>,4,18,[ 3 11],5,-1,23,-1,5
1,<environment.Job instance at 0x7f4ec1a16af0>,6,26,[ 2 11],7,-1,33,-1,7
1,<environment.Job instance at 0x7f4ec1a16a00>,5,12,[ 1 10],6,-1,21,-1,9
1,<environment.Job instance at 0x7f4ec1a169b0>,11,17,[ 5 13],12,-1,36,-1,19
1,<environment.Job instance at 0x7f4ec1a16910>,12,16,[ 5 14],13,-1,35,-1,19
1,<environment.Job instance at 0x7f4ec1a16cd0>,13,25,[5 8],14,-1,44,-1,19
1,<environment.Job instance at 0x7f4ec1a164b0>,15,17,[ 2 14],16,-1,36,-1,19
1,<environment.Job instance at 0x7f4ec1a16140>,16,18,[11  3],17,-1,38,-1,20
1,<environment.Job instance at 0x7f4ec1a16e60>,20,15,[14  4],21,-1,47,-1,32
1,<environment.Job instance at 0x7f4ec22ea1e0>,21,24,[11  3],22,-1,56,-1,32
1,<environment.Job instance at 0x7f4ec22ea8c0>,22,15,[ 5 12],23,-1,47,-1,32
1,<environment.Job instance at 0x7f4ec22ea320>,23,26,[ 1 12],24,-1,58,-1,32
1,<environment.Job instance at 0x7f4ec22eaa50>,24,23,[ 4 10],25,-1,55,-1,32
1,<environment.Job instance at 0x7f4ec22ea550>,25,25,[1 8],26,-1,57,-1,32
1,<environment.Job instance at 0x7f4ec22ea230>,26,27,[ 3 12],27,-1,59,-1,32
1,<environment.Job instance at 0x7f4ec22ea730>,28,28,[12  4],29,-1,68,-1,40
1,<environment.Job instance at 0x7f4ec22ea3c0>,30,28,[11  4],31,-1,81,-1,53
1,<environment.Job instance at 0x7f4ec22eab40>,31,26,[5 7],32,-1,79,-1,53
1,<environment.Job instance at 0x7f4ec22ea140>,32,24,[13  1],33,-1,77,-1,53
1,<environment.Job instance at 0x7f4ec22eac80>,33,12,[14  5],34,-1,65,-1,53
1,<environment.Job instance at 0x7f4ec22eaaf0>,35,26,[6 3],36,-1,92,-1,66
1,<environment.Job instance at 0x7f4ec22ea640>,36,17,[ 1 14],37,-1,83,-1,66
1,<environment.Job instance at 0x7f4ec22ead20>,37,18,[14  3],38,-1,84,-1,66
1,<environment.Job instance at 0x7f4ec22ea050>,38,25,[11  3],39,-1,91,-1,66
1,<environment.Job instance at 0x7f4ec22eaf00>,39,17,[14  4],40,-1,83,-1,66
1,<environment.Job instance at 0x7f4ec22dc5f0>,42,18,[14  4],43,-1,93,-1,75
1,<environment.Job instance at 0x7f4ec22dc190>,46,16,[13  1],47,-1,116,-1,100
1,<environment.Job instance at 0x7f4ec22dcb40>,47,28,[ 4 12],48,-1,128,-1,100
1,<environment.Job instance at 0x7f4ec22dc910>,48,15,[12  2],49,-1,115,-1,100
1,<environment.Job instance at 0x7f4ec22dcd70>,50,26,[6 4],51,-1,126,-1,100
1,<environment.Job instance at 0x7f4ec22dc640>,52,15,[ 3 13],53,-1,116,-1,101
1,<environment.Job instance at 0x7f4ec22dc2d0>,53,21,[9 1],54,-1,144,-1,123
1,<environment.Job instance at 0x7f4ec22dcf50>,56,13,[ 5 11],57,-1,136,-1,123
1,<environment.Job instance at 0x7f4ec22dc500>,57,19,[14  1],58,-1,142,-1,123
1,<environment.Job instance at 0x7f4ec20e50f0>,1,16,[ 2 13],2,-1,18,-1,2
1,<environment.Job instance at 0x7f4ec22dc4b0>,2,21,[ 4 13],3,-1,24,-1,3
1,<environment.Job instance at 0x7f4ec1bebc80>,5,27,[13  3],6,-1,33,-1,6
1,<environment.Job instance at 0x7f4ec1bebb40>,6,24,[3 9],7,-1,31,-1,7
1,<environment.Job instance at 0x7f4ec22dc500>,8,23,[14  1],9,-1,32,-1,9
1,<environment.Job instance at 0x7f4ec1beb960>,9,27,[11  2],10,-1,37,-1,10
1,<environment.Job instance at 0x7f4ec1beb870>,12,22,[ 3 14],13,-1,35,-1,13
1,<environment.Job instance at 0x7f4ec1be9e60>,13,15,[13  2],14,-1,29,-1,14
1,<environment.Job instance at 0x7f4ec1be9aa0>,14,16,[11  3],15,-1,32,-1,16
1,<environment.Job instance at 0x7f4ec1be9fa0>,16,17,[5 1],17,-1,37,-1,20
1,<environment.Job instance at 0x7f4ec1be9780>,19,16,[ 3 14],20,-1,36,-1,20
1,<environment.Job instance at 0x7f4ec1be97d0>,20,16,[13  5],21,-1,37,-1,21
1,<environment.Job instance at 0x7f4ec1be9b40>,17,23,[9 3],18,-1,44,-1,21
1,<environment.Job instance at 0x7f4ec1bdb870>,23,17,[11  4],24,-1,49,-1,32
1,<environment.Job instance at 0x7f4ec1bdbc30>,24,28,[13  5],25,-1,60,-1,32
1,<environment.Job instance at 0x7f4ec1bdbdc0>,25,27,[6 1],26,-1,59,-1,32
1,<environment.Job instance at 0x7f4ec177a050>,27,17,[ 5 11],28,-1,49,-1,32
1,<environment.Job instance at 0x7f4ec177a0f0>,29,19,[ 5 12],30,-1,55,-1,36
1,<environment.Job instance at 0x7f4ec1c04500>,31,24,[14  3],32,-1,70,-1,46
1,<environment.Job instance at 0x7f4ec281fc80>,32,23,[ 1 14],33,-1,69,-1,46
1,<environment.Job instance at 0x7f4ec284b0f0>,33,24,[12  2],34,-1,70,-1,46
1,<environment.Job instance at 0x7f4ec13a67d0>,34,28,[3 6],35,-1,74,-1,46
1,<environment.Job instance at 0x7f4ec284b370>,35,21,[ 2 14],36,-1,67,-1,46
1,<environment.Job instance at 0x7f4ec19fdc80>,36,15,[13  5],37,-1,61,-1,46
1,<environment.Job instance at 0x7f4ec139fa00>,39,25,[ 3 10],40,-1,83,-1,58
1,<environment.Job instance at 0x7f4ec19eb550>,40,12,[ 1 12],41,-1,70,-1,58
1,<environment.Job instance at 0x7f4ec19ebc80>,41,21,[ 2 12],42,-1,79,-1,58
1,<environment.Job instance at 0x7f4ec27a3230>,42,15,[13  4],43,-1,73,-1,58
1,<environment.Job instance at 0x7f4ec22b96e0>,43,28,[3 8],44,-1,86,-1,58
1,<environment.Job instance at 0x7f4ec19f6dc0>,44,24,[9 3],45,-1,82,-1,58
1,<environment.Job instance at 0x7f4ec17b8500>,45,28,[9 3],46,-1,86,-1,58
1,<environment.Job instance at 0x7f4ec279e3c0>,46,14,[11  3],47,-1,72,-1,58
1,<environment.Job instance at 0x7f4ec279e5a0>,48,22,[ 1 10],49,-1,90,-1,68
1,<environment.Job instance at 0x7f4ec17a24b0>,49,26,[3 8],50,-1,94,-1,68
1,<environment.Job instance at 0x7f4ec27c6f00>,50,16,[ 5 12],51,-1,84,-1,68
1,<environment.Job instance at 0x7f4ec27c6410>,51,24,[13  4],52,-1,92,-1,68
1,<environment.Job instance at 0x7f4ec27c6820>,52,27,[8 2],53,-1,95,-1,68
1,<environment.Job instance at 0x7f4ec27c6d70>,53,25,[14  2],54,-1,93,-1,68
1,<environment.Job instance at 0x7f4ec27c9f50>,54,27,[4 5],55,-1,95,-1,68
1,<environment.Job instance at 0x7f4ec27c9e60>,55,23,[12  2],56,-1,91,-1,68
1,<environment.Job instance at 0x7f4ec2793460>,58,14,[13  1],59,-1,102,-1,88
1,<environment.Job instance at 0x7f4ec27934b0>,59,18,[ 2 13],60,-1,106,-1,88
1,<environment.Job instance at 0x7f4ec2793c30>,60,17,[ 4 11],61,-1,105,-1,88
1,<environment.Job instance at 0x7f4ec2793af0>,62,14,[ 3 11],63,-1,107,-1,93
1,<environment.Job instance at 0x7f4ec2793b90>,63,17,[ 5 13],64,-1,110,-1,93
1,<environment.Job instance at 0x7f4ec2793a50>,64,22,[13  3],65,-1,115,-1,93
1,<environment.Job instance at 0x7f4ec2793c80>,65,13,[ 3 13],66,-1,106,-1,93
1,<environment.Job instance at 0x7f4ec2793960>,66,14,[12  1],67,-1,107,-1,93
1,<environment.Job instance at 0x7f4ec2793f00>,68,17,[ 3 13],69,-1,110,-1,93
1,<environment.Job instance at 0x7f4ec2793b40>,69,28,[3 7],70,-1,121,-1,93
1,<environment.Job instance at 0x7f4ec2793d20>,70,20,[11  2],71,-1,113,-1,93
1,<environment.Job instance at 0x7f4ec2793320>,71,19,[ 2 12],72,-1,112,-1,93
1,<environment.Job instance at 0x7f4ec2793050>,72,18,[ 3 11],73,-1,111,-1,93
1,<environment.Job instance at 0x7f4ec19e7aa0>,73,14,[ 4 12],74,-1,107,-1,93
1,<environment.Job instance at 0x7f4ec19e7b40>,74,19,[ 5 11],75,-1,112,-1,93
1,<environment.Job instance at 0x7f4ec19e7be0>,75,14,[ 5 13],76,-1,107,-1,93
1,<environment.Job instance at 0x7f4ec19e70f0>,77,21,[13  5],78,-1,130,-1,109
1,<environment.Job instance at 0x7f4ec19e7d70>,78,17,[11  1],79,-1,126,-1,109
1,<environment.Job instance at 0x7f4ec19e7cd0>,79,23,[ 1 14],80,-1,132,-1,109
1,<environment.Job instance at 0x7f4ec19e7f50>,81,14,[ 5 14],82,-1,124,-1,110
1,<environment.Job instance at 0x7f4ec19e7fa0>,82,15,[ 2 14],83,-1,125,-1,110
1,<environment.Job instance at 0x7f4ec19f20a0>,84,14,[13  5],85,-1,124,-1,110
1,<environment.Job instance at 0x7f4ec19f21e0>,85,26,[1 9],86,-1,136,-1,110
1,<environment.Job instance at 0x7f4ec19f2280>,86,22,[ 4 11],87,-1,132,-1,110
1,<environment.Job instance at 0x7f4ec19f24b0>,88,24,[10  5],89,-1,150,-1,126
1,<environment.Job instance at 0x7f4ec19f25f0>,89,24,[ 3 14],90,-1,150,-1,126
1,<environment.Job instance at 0x7f4ec19f2410>,90,28,[ 5 11],91,-1,154,-1,126
1,<environment.Job instance at 0x7f4ec19f2690>,91,17,[ 5 12],92,-1,143,-1,126
1,<environment.Job instance at 0x7f4ec19f2730>,92,14,[10  1],93,-1,140,-1,126
1,<environment.Job instance at 0x7f4ec19f2960>,94,22,[11  2],95,-1,150,-1,128
1,<environment.Job instance at 0x7f4ec19f2820>,95,12,[ 5 10],96,-1,141,-1,129
1,<environment.Job instance at 0x7f4ec19f28c0>,96,24,[7 1],97,-1,153,-1,129
1,<environment.Job instance at 0x7f4ec18dd370>,3,17,[13  2],4,-1,21,-1,4
1,<environment.Job instance at 0x7f4ec18dd8c0>,4,27,[3 9],5,-1,32,-1,5
1,<environment.Job instance at 0x7f4ec18ddcd0>,5,23,[13  4],6,-1,29,-1,6
1,<environment.Job instance at 0x7f4ec1480af0>,7,26,[1 9],8,-1,34,-1,8
1,<environment.Job instance at 0x7f4ec1480fa0>,8,25,[5 4],9,-1,34,-1,9
1,<environment.Job instance at 0x7f4ec18dd9b0>,10,21,[13  4],11,-1,32,-1,11
1,<environment.Job instance at 0x7f4ec1480d70>,14,19,[12  3],15,-1,34,-1,15
1,<environment.Job instance at 0x7f4ec1480c30>,15,17,[ 5 11],16,-1,33,-1,16
1,<environment.Job instance at 0x7f4ec1480460>,16,28,[ 1 10],17,-1,45,-1,17
1,<environment.Job instance at 0x7f4ec1480b90>,19,18,[14  2],20,-1,46,-1,28
1,<environment.Job instance at 0x7f4ec14809b0>,20,15,[14  3],21,-1,43,-1,28
1,<environment.Job instance at 0x7f4ec1480820>,21,15,[8 2],22,-1,43,-1,28
1,<environment.Job instance at 0x7f4ec1480370>,22,17,[12  2],23,-1,45,-1,28
1,<environment.Job instance at 0x7f4ec1480910>,23,20,[ 5 12],24,-1,48,-1,28
1,<environment.Job instance at 0x7f4ec1480f50>,24,28,[ 5 11],25,-1,56,-1,28
1,<environment.Job instance at 0x7f4ec14807d0>,26,23,[ 5 11],27,-1,59,-1,36
1,<environment.Job instance at 0x7f4ec1480640>,27,24,[10  2],28,-1,60,-1,36
1,<environment.Job instance at 0x7f4ec1480550>,28,28,[14  5],29,-1,64,-1,36
1,<environment.Job instance at 0x7f4ec1480050>,29,17,[9 4],30,-1,77,-1,60
1,<environment.Job instance at 0x7f4ec2083eb0>,32,20,[5 3],33,-1,84,-1,64
1,<environment.Job instance at 0x7f4ec2083320>,33,18,[ 4 11],34,-1,82,-1,64
1,<environment.Job instance at 0x7f4ec20835f0>,34,28,[7 4],35,-1,92,-1,64
1,<environment.Job instance at 0x7f4ec2083460>,35,19,[14  5],36,-1,83,-1,64
1,<environment.Job instance at 0x7f4ec2083e60>,36,24,[11  2],37,-1,88,-1,64
1,<environment.Job instance at 0x7f4ec2083be0>,37,20,[8 1],38,-1,84,-1,64
1,<environment.Job instance at 0x7f4ec20832d0>,38,13,[14  2],39,-1,77,-1,64
1,<environment.Job instance at 0x7f4ec20833c0>,39,13,[ 4 14],40,-1,77,-1,64
1,<environment.Job instance at 0x7f4ec20831e0>,40,24,[8 2],41,-1,88,-1,64
1,<environment.Job instance at 0x7f4ec2083140>,43,26,[13  5],44,-1,103,-1,77
1,<environment.Job instance at 0x7f4ec2083500>,44,17,[ 4 14],45,-1,94,-1,77
1,<environment.Job instance at 0x7f4ec2083870>,45,15,[11  2],46,-1,92,-1,77
1,<environment.Job instance at 0x7f4ec2083780>,46,16,[ 4 14],47,-1,93,-1,77
1,<environment.Job instance at 0x7f4ec2083410>,47,25,[ 4 11],48,-1,102,-1,77
1,<environment.Job instance at 0x7f4ec2083190>,48,20,[ 1 14],49,-1,97,-1,77
1,<environment.Job instance at 0x7f4ec20839b0>,49,20,[ 2 11],50,-1,97,-1,77
1,<environment.Job instance at 0x7f4ec1871b40>,50,15,[ 1 13],51,-1,92,-1,77
1,<environment.Job instance at 0x7f4ec1871eb0>,51,16,[ 3 12],52,-1,93,-1,77
1,<environment.Job instance at 0x7f4ec1871640>,53,23,[5 6],54,-1,100,-1,77
1,<environment.Job instance at 0x7f4ec18713c0>,54,24,[5 6],55,-1,101,-1,77
1,<environment.Job instance at 0x7f4ec10d7280>,3,26,[ 4 11],4,-1,30,-1,4
1,<environment.Job instance at 0x7f4ec1340960>,6,24,[ 5 12],7,-1,31,-1,7
1,<environment.Job instance at 0x7f4ec10d7870>,8,24,[7 2],9,-1,34,-1,10
1,<environment.Job instance at 0x7f4ec13405f0>,10,14,[14  5],11,-1,25,-1,11
1,<environment.Job instance at 0x7f4ec1340780>,11,14,[ 3 12],12,-1,26,-1,12
1,<environment.Job instance at 0x7f4ec13406e0>,13,19,[ 4 11],14,-1,33,-1,14
1,<environment.Job instance at 0x7f4ec1340be0>,16,17,[13  5],17,-1,35,-1,18
1,<environment.Job instance at 0x7f4ec1340870>,17,17,[ 4 13],18,-1,35,-1,18
1,<environment.Job instance at 0x7f4ec1340b90>,18,15,[ 5 11],19,-1,34,-1,19
1,<environment.Job instance at 0x7f4ec1411050>,19,13,[14  4],20,-1,33,-1,20
1,<environment.Job instance at 0x7f4ec1411e10>,20,15,[13  5],21,-1,36,-1,21
1,<environment.Job instance at 0x7f4ec1340c80>,22,28,[13  3],23,-1,53,-1,25
1,<environment.Job instance at 0x7f4ec14110f0>,23,25,[ 1 14],24,-1,50,-1,25
1,<environment.Job instance at 0x7f4ec14117d0>,24,19,[13  4],25,-1,44,-1,25
1,<environment.Job instance at 0x7f4ec1411370>,26,16,[ 5 13],27,-1,54,-1,38
1,<environment.Job instance at 0x7f4ec14110a0>,27,25,[ 4 11],28,-1,63,-1,38
1,<environment.Job instance at 0x7f4ec1411a50>,29,15,[7 1],30,-1,53,-1,38
1,<environment.Job instance at 0x7f4ec1411730>,30,26,[ 1 11],31,-1,64,-1,38
1,<environment.Job instance at 0x7f4ec1411f50>,31,23,[ 3 13],32,-1,61,-1,38
1,<environment.Job instance at 0x7f4ec1411230>,32,26,[4 9],33,-1,64,-1,38
1,<environment.Job instance at 0x7f4ec1411140>,33,20,[11  5],34,-1,58,-1,38
1,<environment.Job instance at 0x7f4ec1411960>,34,16,[4 9],35,-1,54,-1,38
1,<environment.Job instance at 0x7f4ec1409500>,35,18,[12  1],36,-1,56,-1,38
1,<environment.Job instance at 0x7f4ec14096e0>,38,20,[7 5],39,-1,88,-1,68
1,<environment.Job instance at 0x7f4ec1409280>,40,27,[2 7],41,-1,95,-1,68
1,<environment.Job instance at 0x7f4ec1409410>,41,12,[8 1],42,-1,80,-1,68
1,<environment.Job instance at 0x7f4ec1409370>,42,16,[ 2 14],43,-1,84,-1,68
1,<environment.Job instance at 0x7f4ec1409870>,43,27,[10  1],44,-1,95,-1,68
1,<environment.Job instance at 0x7f4ec1409320>,45,13,[11  4],46,-1,84,-1,71
1,<environment.Job instance at 0x7f4ec1409b90>,46,13,[ 4 14],47,-1,84,-1,71
1,<environment.Job instance at 0x7f4ec14093c0>,49,21,[ 1 10],50,-1,101,-1,80
1,<environment.Job instance at 0x7f4ec14091e0>,50,28,[14  4],51,-1,108,-1,80
1,<environment.Job instance at 0x7f4ec1409190>,51,23,[1 5],52,-1,103,-1,80
1,<environment.Job instance at 0x7f4ec2426230>,52,24,[ 5 13],53,-1,104,-1,80
1,<environment.Job instance at 0x7f4ec10ddd70>,54,23,[4 8],55,-1,109,-1,86
1,<environment.Job instance at 0x7f4ec10dd0f0>,57,26,[2 8],58,-1,127,-1,101
1,<environment.Job instance at 0x7f4ec10ddaf0>,58,21,[13  1],59,-1,122,-1,101
1,<environment.Job instance at 0x7f4ec10dd3c0>,59,12,[ 5 12],60,-1,113,-1,101
1,<environment.Job instance at 0x7f4ec10ddfa0>,60,26,[ 2 13],61,-1,127,-1,101
1,<environment.Job instance at 0x7f4ec10dd370>,62,19,[ 4 13],63,-1,120,-1,101
1,<environment.Job instance at 0x7f4ec10dd7d0>,63,21,[ 4 14],64,-1,122,-1,101
1,<environment.Job instance at 0x7f4ec10dd8c0>,64,17,[ 4 12],65,-1,118,-1,101
1,<environment.Job instance at 0x7f4ec10dd870>,65,26,[6 5],66,-1,127,-1,101
1,<environment.Job instance at 0x7f4ec2083d70>,1,27,[6 2],2,-1,29,-1,2
1,<environment.Job instance at 0x7f4ec2768410>,4,16,[ 2 11],5,-1,21,-1,5
1,<environment.Job instance at 0x7f4ec2768050>,5,27,[ 5 12],6,-1,33,-1,6
1,<environment.Job instance at 0x7f4ec2768780>,6,17,[ 4 13],7,-1,24,-1,7
1,<environment.Job instance at 0x7f4ec2768f50>,7,28,[9 4],8,-1,36,-1,8
1,<environment.Job instance at 0x7f4ec27688c0>,8,25,[ 1 12],9,-1,34,-1,9
1,<environment.Job instance at 0x7f4ec2768dc0>,9,28,[2 9],10,-1,38,-1,10
1,<environment.Job instance at 0x7f4ec2768230>,11,14,[14  3],12,-1,26,-1,12
1,<environment.Job instance at 0x7f4ec2768a50>,12,15,[ 3 11],13,-1,28,-1,13
1,<environment.Job instance at 0x7f4ec2768b40>,13,20,[ 4 12],14,-1,34,-1,14
1,<environment.Job instance at 0x7f4ec2768b90>,14,28,[ 5 14],15,-1,43,-1,15
1,<environment.Job instance at 0x7f4ec27685a0>,15,17,[ 3 14],16,-1,33,-1,16
1,<environment.Job instance at 0x7f4ec2768730>,16,27,[ 3 10],17,-1,44,-1,17
1,<environment.Job instance at 0x7f4ec2768af0>,19,22,[ 1 10],20,-1,44,-1,22
1,<environment.Job instance at 0x7f4ec2855f00>,22,22,[ 2 10],23,-1,45,-1,23
1,<environment.Job instance at 0x7f4ec2855aa0>,23,25,[2 8],24,-1,49,-1,24
1,<environment.Job instance at 0x7f4ec2855820>,27,28,[ 5 11],28,-1,66,-1,38
1,<environment.Job instance at 0x7f4ec2855f50>,29,13,[11  4],30,-1,57,-1,44
1,<environment.Job instance at 0x7f4ec28559b0>,30,21,[12  2],31,-1,65,-1,44
1,<environment.Job instance at 0x7f4ec2855050>,31,23,[ 2 12],32,-1,67,-1,44
1,<environment.Job instance at 0x7f4ec28552d0>,32,26,[ 2 13],33,-1,70,-1,44
1,<environment.Job instance at 0x7f4ec28554b0>,33,17,[13  3],34,-1,61,-1,44
1,<environment.Job instance at 0x7f4ec2855960>,34,22,[13  2],35,-1,66,-1,44
1,<environment.Job instance at 0x7f4ec2855690>,36,13,[ 2 14],37,-1,65,-1,52
1,<environment.Job instance at 0x7f4ec2855500>,37,22,[ 3 14],38,-1,74,-1,52
1,<environment.Job instance at 0x7f4ec2855d20>,38,28,[ 3 13],39,-1,80,-1,52
1,<environment.Job instance at 0x7f4ec2855780>,39,27,[14  1],40,-1,79,-1,52
1,<environment.Job instance at 0x7f4ec1cb9780>,41,17,[13  4],42,-1,73,-1,56
1,<environment.Job instance at 0x7f4ec1cb93c0>,42,27,[7 4],43,-1,83,-1,56
1,<environment.Job instance at 0x7f4ec1cb9910>,43,14,[ 5 12],44,-1,70,-1,56
1,<environment.Job instance at 0x7f4ec1cb9a50>,44,23,[13  4],45,-1,79,-1,56
1,<environment.Job instance at 0x7f4ec1cb9820>,46,15,[14  3],47,-1,79,-1,64
1,<environment.Job instance at 0x7f4ec1cb9460>,47,25,[ 3 10],48,-1,89,-1,64
1,<environment.Job instance at 0x7f4ec1cb9f00>,51,28,[10  2],52,-1,113,-1,85
1,<environment.Job instance at 0x7f4ec1f300a0>,52,24,[9 3],53,-1,109,-1,85
1,<environment.Job instance at 0x7f4ec1f30f00>,53,21,[13  1],54,-1,106,-1,85
1,<environment.Job instance at 0x7f4ec1f30a00>,54,12,[7 1],55,-1,97,-1,85
1,<environment.Job instance at 0x7f4ec1f30550>,55,21,[ 1 10],56,-1,106,-1,85
1,<environment.Job instance at 0x7f4ec1f30a50>,56,27,[11  3],57,-1,112,-1,85
1,<environment.Job instance at 0x7f4ec1968460>,1,27,[ 3 13],2,-1,29,-1,2
1,<environment.Job instance at 0x7f4ec1968140>,2,27,[4 8],3,-1,30,-1,3
1,<environment.Job instance at 0x7f4ec22e4c30>,10,27,[10  3],11,-1,43,-1,16
1,<environment.Job instance at 0x7f4ec22e4f00>,11,28,[1 7],12,-1,44,-1,16
1,<environment.Job instance at 0x7f4ec22e4190>,13,14,[ 1 13],14,-1,40,-1,26
1,<environment.Job instance at 0x7f4ec22e4410>,14,23,[3 9],15,-1,49,-1,26
1,<environment.Job instance at 0x7f4ec22e43c0>,15,13,[13  5],16,-1,39,-1,26
1,<environment.Job instance at 0x7f4ec22e4320>,16,21,[12  1],17,-1,47,-1,26
1,<environment.Job instance at 0x7f4ec22e4910>,18,24,[ 2 12],19,-1,50,-1,26
1,<environment.Job instance at 0x7f4ec22e4960>,19,23,[3 9],20,-1,49,-1,26
1,<environment.Job instance at 0x7f4ec22e4500>,20,17,[ 5 14],21,-1,43,-1,26
1,<environment.Job instance at 0x7f4ec22e40f0>,22,23,[ 5 13],23,-1,60,-1,37
1,<environment.Job instance at 0x7f4ec11df5f0>,23,15,[ 3 13],24,-1,52,-1,37
1,<environment.Job instance at 0x7f4ec11dfeb0>,25,26,[5 8],26,-1,65,-1,39
1,<environment.Job instance at 0x7f4ec11dfcd0>,26,26,[ 4 13],27,-1,65,-1,39
1,<environment.Job instance at 0x7f4ec11dfaa0>,27,26,[5 1],28,-1,65,-1,39
1,<environment.Job instance at 0x7f4ec11dffa0>,29,21,[ 2 10],30,-1,76,-1,55
1,<environment.Job instance at 0x7f4ec11df500>,30,14,[12  2],31,-1,69,-1,55
1,<environment.Job instance at 0x7f4ec11df9b0>,31,19,[ 2 10],32,-1,74,-1,55
1,<environment.Job instance at 0x7f4ec11df410>,32,27,[ 5 14],33,-1,82,-1,55
1,<environment.Job instance at 0x7f4ec11df5a0>,33,23,[11  1],34,-1,78,-1,55
1,<environment.Job instance at 0x7f4ec11dfd70>,38,13,[ 4 13],39,-1,109,-1,96
1,<environment.Job instance at 0x7f4ec11df190>,40,14,[13  5],41,-1,111,-1,97
1,<environment.Job instance at 0x7f4ec11df230>,41,18,[12  5],42,-1,115,-1,97
1,<environment.Job instance at 0x7f4ec11dfd20>,43,14,[ 1 14],44,-1,128,-1,114
1,<environment.Job instance at 0x7f4ec1a1a4b0>,44,12,[ 1 13],45,-1,126,-1,114
1,<environment.Job instance at 0x7f4ec1a1ae60>,45,12,[ 4 12],46,-1,126,-1,114
1,<environment.Job instance at 0x7f4ec1a1a730>,46,20,[ 4 11],47,-1,134,-1,114
1,<environment.Job instance at 0x7f4ec1a1ae10>,47,13,[12  4],48,-1,127,-1,114
1,<environment.Job instance at 0x7f4ec1a1aaa0>,48,23,[ 4 13],49,-1,137,-1,114
1,<environment.Job instance at 0x7f4ec1a1a190>,49,19,[11  3],50,-1,133,-1,114
1,<environment.Job instance at 0x7f4ec22b36e0>,7,14,[13  5],8,-1,36,-1,22
1,<environment.Job instance at 0x7f4ec22b35f0>,8,27,[ 4 13],9,-1,49,-1,22
1,<environment.Job instance at 0x7f4ec22b3870>,10,18,[ 2 13],11,-1,52,-1,34
1,<environment.Job instance at 0x7f4ec22b3500>,12,17,[11  1],13,-1,51,-1,34
1,<environment.Job instance at 0x7f4ec22b34b0>,13,13,[12  1],14,-1,47,-1,34
1,<environment.Job instance at 0x7f4ec22b39b0>,14,27,[ 2 10],15,-1,61,-1,34
1,<environment.Job instance at 0x7f4ec22b19b0>,17,23,[ 1 14],18,-1,74,-1,51
1,<environment.Job instance at 0x7f4ec22b1690>,19,23,[12  5],20,-1,74,-1,51
1,<environment.Job instance at 0x7f4ec22b1780>,20,13,[12  1],21,-1,64,-1,51
1,<environment.Job instance at 0x7f4ec22b1870>,21,27,[10  4],22,-1,78,-1,51
1,<environment.Job instance at 0x7f4ec22b1fa0>,22,28,[ 4 14],23,-1,79,-1,51
1,<environment.Job instance at 0x7f4ec22b1dc0>,23,23,[ 2 11],24,-1,74,-1,51
1,<environment.Job instance at 0x7f4ec22b1a00>,24,27,[3 8],25,-1,78,-1,51
1,<environment.Job instance at 0x7f4ec22b15f0>,26,23,[10  5],27,-1,80,-1,57
1,<environment.Job instance at 0x7f4ec22b1640>,27,25,[14  5],28,-1,82,-1,57
1,<environment.Job instance at 0x7f4ec22b1730>,28,23,[4 9],29,-1,80,-1,57
1,<environment.Job instance at 0x7f4ec22b1e10>,29,16,[ 4 11],30,-1,73,-1,57
1,<environment.Job instance at 0x7f4ec2283d20>,31,14,[13  4],32,-1,71,-1,57
1,<environment.Job instance at 0x7f4ec2283050>,35,24,[11  5],36,-1,106,-1,82
1,<environment.Job instance at 0x7f4ec2283c80>,36,27,[8 3],37,-1,109,-1,82
1,<environment.Job instance at 0x7f4ec22830a0>,37,28,[13  3],38,-1,110,-1,82
1,<environment.Job instance at 0x7f4ec2283aa0>,38,26,[ 4 11],39,-1,108,-1,82
1,<environment.Job instance at 0x7f4ec2283a00>,39,19,[12  4],40,-1,101,-1,82
1,<environment.Job instance at 0x7f4ec2283b90>,40,12,[ 5 13],41,-1,94,-1,82
1,<environment.Job instance at 0x7f4ec22b8230>,41,18,[12  2],42,-1,100,-1,82
1,<environment.Job instance at 0x7f4ec22b8050>,43,23,[11  5],44,-1,105,-1,82
1,<environment.Job instance at 0x7f4ec22b82d0>,44,22,[11  1],45,-1,104,-1,82
1,<environment.Job instance at 0x7f4ec22b8f50>,45,24,[9 2],46,-1,106,-1,82
1,<environment.Job instance at 0x7f4ec22b81e0>,46,16,[ 1 13],47,-1,98,-1,82
1,<environment.Job instance at 0x7f4ec22b8640>,47,18,[ 3 13],48,-1,100,-1,82
1,<environment.Job instance at 0x7f4ec22b8370>,48,28,[13  1],49,-1,110,-1,82
1,<environment.Job instance at 0x7f4ec22b8b40>,49,27,[ 2 14],50,-1,109,-1,82
1,<environment.Job instance at 0x7f4ec22b8f00>,50,27,[ 3 13],51,-1,109,-1,82
1,<environment.Job instance at 0x7f4ec22b8aa0>,51,15,[13  2],52,-1,97,-1,82
1,<environment.Job instance at 0x7f4ec22b87d0>,53,19,[ 5 12],54,-1,112,-1,93
1,<environment.Job instance at 0x7f4ec22b8c80>,54,28,[8 4],55,-1,121,-1,93
1,<environment.Job instance at 0x7f4ec22b8d20>,55,12,[11  3],56,-1,105,-1,93
1,<environment.Job instance at 0x7f4ec22b8af0>,56,27,[13  3],57,-1,120,-1,93
1,<environment.Job instance at 0x7f4ec2293500>,57,23,[4 7],58,-1,118,-1,95
1,<environment.Job instance at 0x7f4ec2293cd0>,59,16,[ 3 11],60,-1,114,-1,98
1,<environment.Job instance at 0x7f4ec2293e60>,60,15,[ 3 13],61,-1,113,-1,98
1,<environment.Job instance at 0x7f4ec2293f50>,61,12,[ 1 11],62,-1,110,-1,98
1,<environment.Job instance at 0x7f4ec2293c30>,62,23,[ 5 11],63,-1,121,-1,98
1,<environment.Job instance at 0x7f4ec22939b0>,64,23,[ 4 14],65,-1,137,-1,114
1,<environment.Job instance at 0x7f4ec2293fa0>,65,26,[1 5],66,-1,147,-1,121
1,<environment.Job instance at 0x7f4ec2293eb0>,66,16,[12  3],67,-1,137,-1,121
1,<environment.Job instance at 0x7f4ec2293230>,68,12,[ 5 12],69,-1,133,-1,121
1,<environment.Job instance at 0x7f4ec2293320>,69,16,[ 1 14],70,-1,137,-1,121
1,<environment.Job instance at 0x7f4ec2054f50>,1,15,[14  4],2,-1,17,-1,2
1,<environment.Job instance at 0x7f4ec20e5f50>,2,13,[ 5 13],3,-1,16,-1,3
1,<environment.Job instance at 0x7f4ec20e59b0>,3,12,[ 3 12],4,-1,16,-1,4
1,<environment.Job instance at 0x7f4ec20e5870>,4,20,[11  1],5,-1,25,-1,5
1,<environment.Job instance at 0x7f4ec20e5280>,5,17,[ 2 14],6,-1,23,-1,6
1,<environment.Job instance at 0x7f4ec20e5a00>,6,13,[ 1 12],7,-1,20,-1,7
1,<environment.Job instance at 0x7f4ec2293320>,8,28,[5 3],9,-1,37,-1,9
1,<environment.Job instance at 0x7f4ec20e5730>,7,18,[14  3],8,-1,27,-1,9
1,<environment.Job instance at 0x7f4ec20e5960>,9,23,[12  1],10,-1,33,-1,10
1,<environment.Job instance at 0x7f4ec20e53c0>,10,21,[13  1],11,-1,32,-1,11
1,<environment.Job instance at 0x7f4ec20e5550>,11,23,[12  2],12,-1,35,-1,12
1,<environment.Job instance at 0x7f4ec20e58c0>,12,24,[11  2],13,-1,37,-1,13
1,<environment.Job instance at 0x7f4ec1b093c0>,15,28,[ 1 13],16,-1,44,-1,16
1,<environment.Job instance at 0x7f4ec20e50f0>,18,25,[8 1],19,-1,44,-1,19
1,<environment.Job instance at 0x7f4ec1b09d20>,19,12,[12  5],20,-1,32,-1,20
1,<environment.Job instance at 0x7f4ec1b09820>,28,25,[4 8],29,-1,94,-1,69
1,<environment.Job instance at 0x7f4ec1b09190>,29,14,[ 4 10],30,-1,83,-1,69
1,<environment.Job instance at 0x7f4ec1b09690>,30,16,[13  2],31,-1,85,-1,69
1,<environment.Job instance at 0x7f4ec1b09f00>,33,22,[ 1 10],34,-1,100,-1,78
1,<environment.Job instance at 0x7f4ec1b09550>,34,28,[13  5],35,-1,106,-1,78
1,<environment.Job instance at 0x7f4ec21990a0>,35,23,[9 3],36,-1,101,-1,78
1,<environment.Job instance at 0x7f4ec2199780>,36,23,[8 1],37,-1,101,-1,78
1,<environment.Job instance at 0x7f4ec21994b0>,37,21,[13  4],38,-1,99,-1,78
1,<environment.Job instance at 0x7f4ec21999b0>,38,23,[4 8],39,-1,101,-1,78
1,<environment.Job instance at 0x7f4ec2199190>,40,21,[ 3 13],41,-1,105,-1,84
1,<environment.Job instance at 0x7f4ec2199d20>,41,18,[13  1],42,-1,102,-1,84
1,<environment.Job instance at 0x7f4ec21992d0>,42,13,[ 4 12],43,-1,97,-1,84
1,<environment.Job instance at 0x7f4ec2199d70>,43,25,[3 9],44,-1,109,-1,84
1,<environment.Job instance at 0x7f4ec2199640>,44,25,[3 8],45,-1,109,-1,84
1,<environment.Job instance at 0x7f4ec2199050>,45,23,[ 1 13],46,-1,107,-1,84
1,<environment.Job instance at 0x7f4ec2199f50>,46,15,[14  3],47,-1,99,-1,84
1,<environment.Job instance at 0x7f4ec2199280>,47,20,[ 2 11],48,-1,104,-1,84
1,<environment.Job instance at 0x7f4ec21995f0>,48,17,[ 3 12],49,-1,101,-1,84
1,<environment.Job instance at 0x7f4ec2199960>,50,14,[12  2],51,-1,109,-1,95
1,<environment.Job instance at 0x7f4ec2199af0>,52,19,[ 2 14],53,-1,118,-1,99
1,<environment.Job instance at 0x7f4ec2199eb0>,53,15,[12  5],54,-1,114,-1,99
1,<environment.Job instance at 0x7f4ec2199500>,54,25,[2 6],55,-1,124,-1,99
1,<environment.Job instance at 0x7f4ec2199a50>,55,28,[ 3 12],56,-1,127,-1,99
1,<environment.Job instance at 0x7f4ec1073780>,56,26,[8 1],57,-1,125,-1,99
1,<environment.Job instance at 0x7f4ec10739b0>,59,12,[11  1],60,-1,121,-1,109
1,<environment.Job instance at 0x7f4ec1073960>,60,15,[13  5],61,-1,124,-1,109
1,<environment.Job instance at 0x7f4ec2829b40>,3,27,[ 3 12],4,-1,31,-1,4
1,<environment.Job instance at 0x7f4ec281bd70>,5,23,[12  1],6,-1,29,-1,6
1,<environment.Job instance at 0x7f4ec281b3c0>,6,26,[4 5],7,-1,33,-1,7
1,<environment.Job instance at 0x7f4ec281b500>,7,28,[8 2],8,-1,36,-1,8
1,<environment.Job instance at 0x7f4ec281baa0>,8,21,[11  3],9,-1,30,-1,9
1,<environment.Job instance at 0x7f4ec281ba50>,9,19,[14  3],10,-1,29,-1,10
1,<environment.Job instance at 0x7f4ec281b320>,4,24,[8 1],5,-1,34,-1,10
1,<environment.Job instance at 0x7f4ec1e87eb0>,11,26,[1 5],12,-1,39,-1,13
1,<environment.Job instance at 0x7f4ec281b050>,10,14,[ 2 11],11,-1,27,-1,13
1,<environment.Job instance at 0x7f4ec1e87780>,13,25,[ 2 10],14,-1,39,-1,14
1,<environment.Job instance at 0x7f4ec2551c80>,14,25,[ 5 11],15,-1,40,-1,15
1,<environment.Job instance at 0x7f4ec2551460>,15,28,[12  4],16,-1,44,-1,16
1,<environment.Job instance at 0x7f4ec1e875a0>,17,13,[ 2 11],18,-1,31,-1,18
1,<environment.Job instance at 0x7f4ec25c6780>,20,25,[ 1 13],21,-1,46,-1,21
1,<environment.Job instance at 0x7f4ec14d2b90>,21,27,[1 9],22,-1,68,-1,41
1,<environment.Job instance at 0x7f4ec14d2b40>,24,15,[ 3 11],25,-1,56,-1,41
1,<environment.Job instance at 0x7f4ec14bd820>,25,14,[ 2 12],26,-1,55,-1,41
1,<environment.Job instance at 0x7f4ec14bd960>,26,20,[ 3 14],27,-1,61,-1,41
1,<environment.Job instance at 0x7f4ec14bd3c0>,27,18,[ 1 11],28,-1,59,-1,41
1,<environment.Job instance at 0x7f4ec14bd410>,28,20,[ 2 11],29,-1,61,-1,41
1,<environment.Job instance at 0x7f4ec14bd4b0>,29,16,[14  5],30,-1,57,-1,41
1,<environment.Job instance at 0x7f4ec14b8d20>,36,27,[2 7],37,-1,103,-1,76
1,<environment.Job instance at 0x7f4ec14b87d0>,38,12,[ 2 14],39,-1,98,-1,86
1,<environment.Job instance at 0x7f4ec14b8dc0>,39,26,[13  2],40,-1,112,-1,86
1,<environment.Job instance at 0x7f4ec101cd20>,40,17,[13  4],41,-1,103,-1,86
1,<environment.Job instance at 0x7f4ec27ff230>,41,13,[ 4 13],42,-1,99,-1,86
1,<environment.Job instance at 0x7f4ec101c8c0>,42,17,[ 1 13],43,-1,103,-1,86
1,<environment.Job instance at 0x7f4ec14bcdc0>,44,27,[ 3 10],45,-1,118,-1,91
1,<environment.Job instance at 0x7f4ec14bc8c0>,45,17,[ 4 11],46,-1,108,-1,91
1,<environment.Job instance at 0x7f4ec14bc370>,46,28,[4 5],47,-1,119,-1,91
1,<environment.Job instance at 0x7f4ec14bcf50>,47,14,[11  1],48,-1,105,-1,91
1,<environment.Job instance at 0x7f4ec14bc640>,48,12,[ 3 12],49,-1,103,-1,91
1,<environment.Job instance at 0x7f4ec14bce60>,50,19,[ 5 14],51,-1,110,-1,91
1,<environment.Job instance at 0x7f4ec14bc730>,52,22,[14  4],53,-1,120,-1,98
1,<environment.Job instance at 0x7f4ec14bc4b0>,53,25,[4 6],54,-1,123,-1,98
1,<environment.Job instance at 0x7f4ec14bcf00>,55,26,[13  2],56,-1,132,-1,106
1,<environment.Job instance at 0x7f4ec14bc780>,56,16,[13  5],57,-1,122,-1,106
1,<environment.Job instance at 0x7f4ec14bce10>,59,20,[12  3],60,-1,139,-1,119
1,<environment.Job instance at 0x7f4ec1be6910>,3,24,[13  5],4,-1,28,-1,4
1,<environment.Job instance at 0x7f4ec1be6a00>,4,22,[ 3 13],5,-1,27,-1,5
1,<environment.Job instance at 0x7f4ec1be6d70>,8,27,[5 2],9,-1,46,-1,19
1,<environment.Job instance at 0x7f4ec1be6280>,10,12,[ 1 14],11,-1,31,-1,19
1,<environment.Job instance at 0x7f4ec1be6aa0>,11,13,[ 1 11],12,-1,32,-1,19
1,<environment.Job instance at 0x7f4ec1be62d0>,12,27,[12  3],13,-1,46,-1,19
1,<environment.Job instance at 0x7f4ec1be6550>,13,27,[ 3 10],14,-1,46,-1,19
1,<environment.Job instance at 0x7f4ec1be63c0>,15,25,[10  3],16,-1,44,-1,19
1,<environment.Job instance at 0x7f4ec1c14f00>,18,21,[ 3 13],19,-1,59,-1,38
1,<environment.Job instance at 0x7f4ec1c14550>,19,12,[10  2],20,-1,50,-1,38
1,<environment.Job instance at 0x7f4ec1c14dc0>,20,15,[14  2],21,-1,53,-1,38
1,<environment.Job instance at 0x7f4ec1c14a00>,21,18,[ 1 10],22,-1,56,-1,38
1,<environment.Job instance at 0x7f4ec1c14aa0>,22,16,[12  1],23,-1,54,-1,38
1,<environment.Job instance at 0x7f4ec1c140f0>,23,26,[7 1],24,-1,64,-1,38
1,<environment.Job instance at 0x7f4ec1c14c30>,24,24,[13  5],25,-1,62,-1,38
1,<environment.Job instance at 0x7f4ec1c14730>,26,18,[13  3],27,-1,72,-1,54
1,<environment.Job instance at 0x7f4ec1c147d0>,27,18,[ 3 13],28,-1,72,-1,54
1,<environment.Job instance at 0x7f4ec1c146e0>,29,28,[2 8],30,-1,96,-1,68
1,<environment.Job instance at 0x7f4ec1c140a0>,30,17,[ 2 10],31,-1,85,-1,68
1,<environment.Job instance at 0x7f4ec1c14cd0>,32,12,[14  3],33,-1,80,-1,68
1,<environment.Job instance at 0x7f4ec1c14820>,33,13,[ 1 14],34,-1,81,-1,68
1,<environment.Job instance at 0x7f4ec1c14fa0>,34,17,[13  1],35,-1,85,-1,68
1,<environment.Job instance at 0x7f4ec1c0efa0>,35,14,[11  5],36,-1,82,-1,68
1,<environment.Job instance at 0x7f4ec1c0ebe0>,36,28,[11  5],37,-1,96,-1,68
1,<environment.Job instance at 0x7f4ec1c0e690>,37,12,[11  2],38,-1,80,-1,68
1,<environment.Job instance at 0x7f4ec1c0ea00>,38,22,[ 2 10],39,-1,90,-1,68
1,<environment.Job instance at 0x7f4ec1c0e410>,39,26,[11  3],40,-1,94,-1,68
1,<environment.Job instance at 0x7f4ec1c0ee10>,40,28,[ 2 12],41,-1,96,-1,68
1,<environment.Job instance at 0x7f4ec1d03050>,1,16,[ 4 14],2,-1,18,-1,2
1,<environment.Job instance at 0x7f4ec1725af0>,3,24,[5 6],4,-1,28,-1,4
1,<environment.Job instance at 0x7f4ec1725cd0>,4,12,[ 5 11],5,-1,17,-1,5
1,<environment.Job instance at 0x7f4ec1725d20>,6,26,[14  5],7,-1,33,-1,7
1,<environment.Job instance at 0x7f4ec1725f00>,7,21,[12  3],8,-1,29,-1,8
1,<environment.Job instance at 0x7f4ec1725e10>,8,26,[ 2 14],9,-1,35,-1,9
1,<environment.Job instance at 0x7f4ec173b050>,10,24,[ 2 13],11,-1,35,-1,11
1,<environment.Job instance at 0x7f4ec173b320>,15,28,[ 3 14],16,-1,46,-1,18
1,<environment.Job instance at 0x7f4ec173b3c0>,16,19,[ 5 14],17,-1,37,-1,18
1,<environment.Job instance at 0x7f4ec173b4b0>,17,27,[ 1 12],18,-1,45,-1,18
1,<environment.Job instance at 0x7f4ec173b640>,18,13,[11  4],19,-1,32,-1,19
1,<environment.Job instance at 0x7f4ec173b5a0>,19,16,[13  2],20,-1,36,-1,20
1,<environment.Job instance at 0x7f4ec173b690>,20,20,[13  4],21,-1,41,-1,21
1,<environment.Job instance at 0x7fcd50e5d1e0>,3,15,[13  4],4,-1,19,-1,4
1,<environment.Job instance at 0x7fcd476e5500>,4,24,[ 3 11],5,-1,29,-1,5
1,<environment.Job instance at 0x7fcd476e56e0>,6,19,[ 1 13],7,-1,26,-1,7
1,<environment.Job instance at 0x7fcd476e57d0>,8,24,[ 2 12],9,-1,33,-1,9
1,<environment.Job instance at 0x7fcd476e5cd0>,13,27,[3 8],14,-1,49,-1,22
1,<environment.Job instance at 0x7fcd476e5d70>,14,14,[14  3],15,-1,36,-1,22
1,<environment.Job instance at 0x7fcd476e5e10>,15,24,[ 2 13],16,-1,46,-1,22
1,<environment.Job instance at 0x7fcd476e5eb0>,16,19,[ 3 12],17,-1,41,-1,22
1,<environment.Job instance at 0x7fcd476e5f50>,17,18,[ 5 13],18,-1,40,-1,22
1,<environment.Job instance at 0x7fcd476e5910>,19,21,[14  4],20,-1,43,-1,22
1,<environment.Job instance at 0x7fcd476e6230>,21,22,[14  2],22,-1,58,-1,36
1,<environment.Job instance at 0x7fcd476e6410>,22,25,[ 4 12],23,-1,61,-1,36
1,<environment.Job instance at 0x7fcd476e64b0>,24,20,[ 3 12],25,-1,60,-1,40
1,<environment.Job instance at 0x7fcd476e6550>,25,16,[11  3],26,-1,56,-1,40
1,<environment.Job instance at 0x7fcd476e6690>,27,25,[14  4],28,-1,81,-1,56
1,<environment.Job instance at 0x7fcd476e67d0>,29,24,[5 1],30,-1,100,-1,76
1,<environment.Job instance at 0x7fcd476e69b0>,32,14,[14  3],33,-1,90,-1,76
1,<environment.Job instance at 0x7fcd476e6b90>,35,23,[11  2],36,-1,119,-1,96
1,<environment.Job instance at 0x7fcd476e6cd0>,36,27,[10  1],37,-1,123,-1,96
1,<environment.Job instance at 0x7fcd476e6dc0>,38,16,[ 1 13],39,-1,129,-1,113
1,<environment.Job instance at 0x7fcd476e6fa0>,41,26,[13  2],42,-1,149,-1,123
1,<environment.Job instance at 0x7fcd476e6050>,42,18,[ 1 13],43,-1,141,-1,123
1,<environment.Job instance at 0x7fcd476eb2d0>,45,28,[12  4],46,-1,165,-1,137
1,<environment.Job instance at 0x7fcd476eb190>,46,17,[ 5 12],47,-1,154,-1,137
1,<environment.Job instance at 0x7fcd476f3dc0>,3,14,[11  1],4,-1,18,-1,4
1,<environment.Job instance at 0x7fcd47b2a1e0>,4,26,[ 3 12],5,-1,31,-1,5
1,<environment.Job instance at 0x7fcd47b2ad70>,5,24,[4 7],6,-1,31,-1,7
1,<environment.Job instance at 0x7fcd47b8a780>,7,25,[5 4],8,-1,34,-1,9
1,<environment.Job instance at 0x7fcd47b8aaf0>,9,28,[7 1],10,-1,39,-1,11
1,<environment.Job instance at 0x7fcd47b8a7d0>,12,24,[12  2],13,-1,48,-1,24
1,<environment.Job instance at 0x7fcd47b8a1e0>,13,26,[ 3 11],14,-1,50,-1,24
1,<environment.Job instance at 0x7fcd47b8a230>,14,25,[ 5 11],15,-1,49,-1,24
1,<environment.Job instance at 0x7fcd47b8a640>,16,16,[ 1 11],17,-1,40,-1,24
1,<environment.Job instance at 0x7fcd47b8ab90>,19,26,[4 9],20,-1,66,-1,40
1,<environment.Job instance at 0x7fcd471b7460>,21,12,[12  4],22,-1,52,-1,40
1,<environment.Job instance at 0x7fcd47b8a5a0>,22,21,[12  4],23,-1,61,-1,40
1,<environment.Job instance at 0x7fcd46e0b4b0>,23,14,[12  3],24,-1,54,-1,40
1,<environment.Job instance at 0x7fcd47235eb0>,24,28,[ 3 13],25,-1,68,-1,40
1,<environment.Job instance at 0x7fcd46d4e910>,25,22,[ 3 12],26,-1,62,-1,40
1,<environment.Job instance at 0x7fcd471c14b0>,26,23,[11  2],27,-1,63,-1,40
1,<environment.Job instance at 0x7fcd471c1550>,28,22,[ 2 10],29,-1,74,-1,52
1,<environment.Job instance at 0x7fcd470f8d70>,29,15,[12  2],30,-1,67,-1,52
1,<environment.Job instance at 0x7fcd470f8410>,30,18,[11  1],31,-1,70,-1,52
1,<environment.Job instance at 0x7fcd4719a280>,34,21,[9 1],35,-1,113,-1,92
1,<environment.Job instance at 0x7fcd46e310f0>,38,27,[9 4],39,-1,133,-1,106
1,<environment.Job instance at 0x7fcd4716f9b0>,39,25,[ 3 11],40,-1,131,-1,106
1,<environment.Job instance at 0x7fcd46e36a50>,40,27,[13  4],41,-1,133,-1,106
1,<environment.Job instance at 0x7fcd470f20f0>,41,13,[ 4 10],42,-1,119,-1,106
1,<environment.Job instance at 0x7fcd471f7370>,43,23,[ 2 14],44,-1,129,-1,106
1,<environment.Job instance at 0x7fcd471f7690>,44,12,[ 2 11],45,-1,118,-1,106
1,<environment.Job instance at 0x7fcd471f7050>,45,19,[5 1],46,-1,131,-1,112
1,<environment.Job instance at 0x7fcd471f7410>,46,24,[8 2],47,-1,136,-1,112
1,<environment.Job instance at 0x7fcd471f7280>,48,28,[ 4 13],49,-1,146,-1,118
1,<environment.Job instance at 0x7fcd471e3370>,49,26,[3 6],50,-1,144,-1,118
1,<environment.Job instance at 0x7fcd471e3500>,50,12,[11  1],51,-1,130,-1,118
1,<environment.Job instance at 0x7fcd471d9640>,51,12,[ 5 11],52,-1,130,-1,118
1,<environment.Job instance at 0x7fcd471d9730>,52,15,[ 3 11],53,-1,133,-1,118
1,<environment.Job instance at 0x7fcd471d9550>,53,24,[ 1 10],54,-1,142,-1,118
1,<environment.Job instance at 0x7fcd471d9cd0>,54,24,[ 1 11],55,-1,142,-1,118
1,<environment.Job instance at 0x7fcd471d97d0>,55,25,[8 2],56,-1,143,-1,118
1,<environment.Job instance at 0x7fcd471d9fa0>,56,14,[14  4],57,-1,132,-1,118
1,<environment.Job instance at 0x7fcd471d9870>,57,25,[5 4],58,-1,143,-1,118
1,<environment.Job instance at 0x7fcd471ed910>,59,16,[ 3 12],60,-1,139,-1,123
1,<environment.Job instance at 0x7fcd471ed5f0>,60,23,[5 8],61,-1,146,-1,123
1,<environment.Job instance at 0x7fcd471edc30>,61,21,[ 4 11],62,-1,144,-1,123
1,<environment.Job instance at 0x7fcd471ed5a0>,62,20,[ 3 12],63,-1,143,-1,123
1,<environment.Job instance at 0x7fcd471ed820>,63,23,[10  3],64,-1,146,-1,123
1,<environment.Job instance at 0x7fcd471dafa0>,64,28,[3 8],65,-1,151,-1,123
1,<environment.Job instance at 0x7fcd471da7d0>,65,24,[12  1],66,-1,147,-1,123
1,<environment.Job instance at 0x7fcd471da960>,66,14,[11  2],67,-1,137,-1,123
1,<environment.Job instance at 0x7fcd471da320>,67,27,[5 3],68,-1,150,-1,123
1,<environment.Job instance at 0x7fcd46f2a320>,1,12,[ 2 14],2,-1,14,-1,2
1,<environment.Job instance at 0x7fcd46dfcaf0>,2,13,[14  5],3,-1,16,-1,3
1,<environment.Job instance at 0x7fcd46dfc640>,3,28,[5 7],4,-1,32,-1,4
1,<environment.Job instance at 0x7fcd46dfc8c0>,4,28,[10  1],5,-1,33,-1,5
1,<environment.Job instance at 0x7fcd46dfcb40>,5,16,[12  2],6,-1,22,-1,6
1,<environment.Job instance at 0x7fcd46dfc690>,6,28,[14  3],7,-1,35,-1,7
1,<environment.Job instance at 0x7fcd46dfcd70>,7,24,[ 4 11],8,-1,32,-1,8
1,<environment.Job instance at 0x7fcd46dfc410>,8,25,[11  1],9,-1,34,-1,9
1,<environment.Job instance at 0x7fcd46dfc190>,10,26,[5 5],11,-1,37,-1,11
1,<environment.Job instance at 0x7fcd46d9bfa0>,11,22,[ 1 10],12,-1,34,-1,12
1,<environment.Job instance at 0x7fcd46dfc140>,14,25,[11  5],15,-1,40,-1,15
1,<environment.Job instance at 0x7fcd46d4e870>,15,25,[5 3],16,-1,42,-1,17
1,<environment.Job instance at 0x7fcd46d4ef00>,17,26,[7 1],18,-1,44,-1,18
1,<environment.Job instance at 0x7fcd46d4e050>,18,18,[12  1],19,-1,37,-1,19
1,<environment.Job instance at 0x7fcd46d4ea00>,19,15,[ 1 13],20,-1,35,-1,20
1,<environment.Job instance at 0x7fcd46d4edc0>,20,23,[11  3],21,-1,44,-1,21
1,<environment.Job instance at 0x7fcd46d4ecd0>,23,22,[10  2],24,-1,53,-1,31
1,<environment.Job instance at 0x7fcd46d4eb40>,25,24,[8 2],26,-1,55,-1,31
1,<environment.Job instance at 0x7fcd46d4e730>,28,22,[9 3],29,-1,58,-1,36
1,<environment.Job instance at 0x7fcd46d9d910>,29,16,[ 4 13],30,-1,52,-1,36
1,<environment.Job instance at 0x7fcd46d9d960>,30,26,[4 7],31,-1,62,-1,36
1,<environment.Job instance at 0x7fcd46d9d730>,31,25,[10  5],32,-1,61,-1,36
1,<environment.Job instance at 0x7fcd46d9d640>,32,25,[11  1],33,-1,61,-1,36
1,<environment.Job instance at 0x7fcd46d9d9b0>,33,26,[4 8],34,-1,62,-1,36
1,<environment.Job instance at 0x7fcd46d9d0a0>,34,17,[12  2],35,-1,53,-1,36
1,<environment.Job instance at 0x7fcd46d9da50>,35,19,[11  2],36,-1,55,-1,36
1,<environment.Job instance at 0x7fcd46d9d500>,36,12,[14  5],37,-1,49,-1,37
1,<environment.Job instance at 0x7fcd46d9dbe0>,37,24,[ 1 11],38,-1,62,-1,38
1,<environment.Job instance at 0x7fcd46d9d370>,38,18,[ 4 12],39,-1,57,-1,39
1,<environment.Job instance at 0x7fcd46d9deb0>,42,22,[ 3 14],43,-1,81,-1,59
1,<environment.Job instance at 0x7fcd46d9d8c0>,43,28,[14  4],44,-1,87,-1,59
1,<environment.Job instance at 0x7fcd47534410>,45,25,[ 3 13],46,-1,100,-1,75
1,<environment.Job instance at 0x7fcd475345a0>,48,21,[ 2 14],49,-1,118,-1,97
1,<environment.Job instance at 0x7fcd47534c80>,49,16,[ 5 13],50,-1,113,-1,97
1,<environment.Job instance at 0x7fcd47534320>,50,28,[1 7],51,-1,125,-1,97
1,<environment.Job instance at 0x7fcd50912f50>,52,13,[ 4 10],53,-1,110,-1,97
1,<environment.Job instance at 0x7fcd4751e6e0>,54,24,[12  1],55,-1,130,-1,106
1,<environment.Job instance at 0x7fcd474a3e60>,56,18,[13  2],57,-1,128,-1,110
1,<environment.Job instance at 0x7fcd47c02be0>,57,19,[ 5 13],58,-1,129,-1,110
1,<environment.Job instance at 0x7fcd47c02410>,58,28,[3 5],59,-1,138,-1,110
1,<environment.Job instance at 0x7fcd47c02e10>,61,26,[5 3],62,-1,151,-1,125
1,<environment.Job instance at 0x7fcd47c02b40>,62,18,[11  4],63,-1,143,-1,125
1,<environment.Job instance at 0x7fcd47c025a0>,63,15,[ 3 11],64,-1,140,-1,125
1,<environment.Job instance at 0x7fcd471233c0>,1,21,[13  4],2,-1,24,-1,3
1,<environment.Job instance at 0x7fcd47c02c80>,6,13,[ 1 11],7,-1,20,-1,7
1,<environment.Job instance at 0x7fcd46e023c0>,12,12,[14  3],13,-1,53,-1,41
1,<environment.Job instance at 0x7fcd46e02410>,13,28,[11  3],14,-1,69,-1,41
1,<environment.Job instance at 0x7fcd46e022d0>,15,28,[ 4 12],16,-1,73,-1,45
1,<environment.Job instance at 0x7fcd46e02140>,16,20,[11  3],17,-1,65,-1,45
1,<environment.Job instance at 0x7fcd473d57d0>,17,15,[ 5 13],18,-1,60,-1,45
1,<environment.Job instance at 0x7fcd47217500>,20,24,[12  5],21,-1,81,-1,57
1,<environment.Job instance at 0x7fcd47217820>,21,19,[ 2 14],22,-1,76,-1,57
1,<environment.Job instance at 0x7fcd47217fa0>,22,22,[12  1],23,-1,79,-1,57
1,<environment.Job instance at 0x7fcd476a92d0>,23,13,[ 3 11],24,-1,70,-1,57
1,<environment.Job instance at 0x7fcd470e96e0>,25,17,[ 1 14],26,-1,84,-1,67
1,<environment.Job instance at 0x7fcd47650aa0>,26,14,[ 3 14],27,-1,81,-1,67
1,<environment.Job instance at 0x7fcd46e29a00>,27,24,[ 3 11],28,-1,91,-1,67
1,<environment.Job instance at 0x7fcd471f2690>,29,25,[12  3],30,-1,101,-1,76
1,<environment.Job instance at 0x7fcd47310af0>,30,12,[ 2 12],31,-1,88,-1,76
1,<environment.Job instance at 0x7fcd471d9af0>,32,27,[ 2 11],33,-1,106,-1,79
1,<environment.Job instance at 0x7fcd4719a0f0>,33,27,[ 3 14],34,-1,106,-1,79
1,<environment.Job instance at 0x7fcd471d9f50>,36,28,[5 2],37,-1,116,-1,88
1,<environment.Job instance at 0x7fcd473b0af0>,37,28,[13  5],38,-1,116,-1,88
1,<environment.Job instance at 0x7fcd473c1b90>,38,26,[8 3],39,-1,114,-1,88
1,<environment.Job instance at 0x7fcd471934b0>,40,22,[5 6],41,-1,139,-1,117
1,<environment.Job instance at 0x7fcd477c13c0>,43,15,[14  1],44,-1,132,-1,117
1,<environment.Job instance at 0x7fcd477c1500>,44,27,[ 5 11],45,-1,144,-1,117
1,<environment.Job instance at 0x7fcd48200c80>,1,14,[ 4 13],2,-1,16,-1,2
1,<environment.Job instance at 0x7fcd47548a50>,4,21,[ 1 12],5,-1,26,-1,5
1,<environment.Job instance at 0x7fcd47548910>,3,18,[ 5 11],4,-1,23,-1,5
1,<environment.Job instance at 0x7fcd47548c80>,5,25,[4 9],6,-1,31,-1,6
1,<environment.Job instance at 0x7fcd4754df00>,6,18,[ 1 12],7,-1,25,-1,7
1,<environment.Job instance at 0x7fcd4754d960>,9,28,[ 3 10],10,-1,38,-1,10
1,<environment.Job instance at 0x7fcd47542910>,11,28,[11  4],12,-1,40,-1,12
1,<environment.Job instance at 0x7fcd4757feb0>,13,19,[11  2],14,-1,34,-1,15
1,<environment.Job instance at 0x7fcd4757f960>,15,28,[5 5],16,-1,44,-1,16
1,<environment.Job instance at 0x7fcd4757faa0>,16,19,[ 1 12],17,-1,36,-1,17
1,<environment.Job instance at 0x7fcd4757f3c0>,17,24,[10  2],18,-1,42,-1,18
1,<environment.Job instance at 0x7fcd4757f500>,18,24,[8 1],19,-1,43,-1,19
1,<environment.Job instance at 0x7fcd4757f190>,19,27,[ 5 10],20,-1,47,-1,20
1,<environment.Job instance at 0x7fcd4757a820>,21,28,[ 1 12],22,-1,50,-1,22
1,<environment.Job instance at 0x7fcd4757aaa0>,22,15,[13  1],23,-1,38,-1,23
1,<environment.Job instance at 0x7fcd4757a6e0>,23,20,[ 5 12],24,-1,44,-1,24
1,<environment.Job instance at 0x7fcd4757af50>,26,24,[5 3],27,-1,51,-1,27
1,<environment.Job instance at 0x7fcd475809b0>,35,17,[ 3 13],36,-1,115,-1,98
1,<environment.Job instance at 0x7fcd47580af0>,36,15,[13  4],37,-1,113,-1,98
1,<environment.Job instance at 0x7fcd47580c30>,37,25,[9 1],38,-1,123,-1,98
1,<environment.Job instance at 0x7fcd481d2320>,38,23,[3 8],39,-1,123,-1,100
1,<environment.Job instance at 0x7fcd47138550>,40,26,[14  4],41,-1,131,-1,105
1,<environment.Job instance at 0x7fcd46ca27d0>,43,18,[14  1],44,-1,142,-1,124
1,<environment.Job instance at 0x7fcd46ccdbe0>,44,24,[9 2],45,-1,148,-1,124
1,<environment.Job instance at 0x7fcd46ccde60>,46,15,[ 5 11],47,-1,151,-1,136
1,<environment.Job instance at 0x7fcd46ccdd70>,47,27,[ 2 13],48,-1,163,-1,136
1,<environment.Job instance at 0x7fcd46cd4280>,48,27,[5 1],49,-1,163,-1,136
1,<environment.Job instance at 0x7fcd46cd4820>,49,16,[ 3 12],50,-1,152,-1,136
1,<environment.Job instance at 0x7fcd46cd42d0>,50,12,[ 3 12],51,-1,148,-1,136
1,<environment.Job instance at 0x7fcd46cd43c0>,51,13,[ 3 12],52,-1,149,-1,136
1,<environment.Job instance at 0x7fcd46cd40f0>,52,24,[ 4 10],53,-1,160,-1,136
1,<environment.Job instance at 0x7fcd46cd4be0>,53,25,[11  2],54,-1,161,-1,136
1,<environment.Job instance at 0x7fcd475420a0>,54,23,[ 1 14],55,-1,159,-1,136
1,<environment.Job instance at 0x7fcd46cc4460>,56,12,[ 3 12],57,-1,148,-1,136
1,<environment.Job instance at 0x7fcd4821f2d0>,1,13,[12  4],2,-1,15,-1,2
1,<environment.Job instance at 0x7fcd46d1c410>,2,27,[9 3],3,-1,30,-1,3
1,<environment.Job instance at 0x7fcd4821feb0>,4,18,[ 5 12],5,-1,23,-1,5
1,<environment.Job instance at 0x7fcd482306e0>,5,28,[ 2 13],6,-1,34,-1,6
1,<environment.Job instance at 0x7fcd482309b0>,6,26,[ 3 14],7,-1,33,-1,7
1,<environment.Job instance at 0x7fcd48230be0>,9,15,[ 3 13],10,-1,25,-1,10
1,<environment.Job instance at 0x7fcd48230370>,10,25,[13  4],11,-1,36,-1,11
1,<environment.Job instance at 0x7fcd48230c80>,11,17,[13  1],12,-1,29,-1,12
1,<environment.Job instance at 0x7fcd46cc4460>,13,25,[12  1],14,-1,39,-1,14
1,<environment.Job instance at 0x7fcd482308c0>,14,28,[14  4],15,-1,43,-1,15
1,<environment.Job instance at 0x7fcd48230aa0>,15,16,[ 1 13],16,-1,32,-1,16
1,<environment.Job instance at 0x7fcd48230eb0>,16,26,[ 3 11],17,-1,43,-1,17
1,<environment.Job instance at 0x7fcd482305a0>,20,16,[11  4],21,-1,42,-1,26
1,<environment.Job instance at 0x7fcd48230550>,23,20,[12  4],24,-1,61,-1,41
1,<environment.Job instance at 0x7fcd48230cd0>,24,26,[1 6],25,-1,67,-1,41
1,<environment.Job instance at 0x7fcd482300f0>,25,23,[5 5],26,-1,64,-1,41
1,<environment.Job instance at 0x7fcd482305f0>,26,27,[12  2],27,-1,68,-1,41
1,<environment.Job instance at 0x7fcd48230500>,27,15,[14  2],28,-1,56,-1,41
1,<environment.Job instance at 0x7fcd4820c2d0>,28,15,[13  3],29,-1,56,-1,41
1,<environment.Job instance at 0x7fcd4820cd70>,31,14,[ 2 11],32,-1,77,-1,63
1,<environment.Job instance at 0x7fcd4820ce60>,32,25,[14  3],33,-1,88,-1,63
1,<environment.Job instance at 0x7fcd4820c500>,33,23,[14  5],34,-1,86,-1,63
1,<environment.Job instance at 0x7fcd4820cf00>,34,27,[12  3],35,-1,90,-1,63
1,<environment.Job instance at 0x7fcd4820c550>,35,22,[11  3],36,-1,85,-1,63
1,<environment.Job instance at 0x7fcd4820c820>,36,28,[ 1 13],37,-1,91,-1,63
1,<environment.Job instance at 0x7fcd4820c320>,37,25,[12  4],38,-1,88,-1,63
1,<environment.Job instance at 0x7fcd4820c050>,38,17,[ 2 13],39,-1,80,-1,63
1,<environment.Job instance at 0x7fcd4820cb90>,39,15,[ 2 14],40,-1,78,-1,63
1,<environment.Job instance at 0x7fcd4820c870>,41,16,[ 2 13],42,-1,79,-1,63
1,<environment.Job instance at 0x7fcd4820c910>,43,15,[12  3],44,-1,86,-1,71
1,<environment.Job instance at 0x7fcd4820c410>,44,19,[ 2 13],45,-1,90,-1,71
1,<environment.Job instance at 0x7fcd4820cfa0>,47,18,[ 1 13],48,-1,96,-1,78
1,<environment.Job instance at 0x7fcd4820c730>,48,12,[ 5 14],49,-1,90,-1,78
1,<environment.Job instance at 0x7fcd4820c5f0>,49,13,[14  1],50,-1,91,-1,78
1,<environment.Job instance at 0x7fcd47580d20>,54,23,[2 6],55,-1,138,-1,115
1,<environment.Job instance at 0x7fcd475805a0>,57,14,[ 2 11],58,-1,149,-1,135
1,<environment.Job instance at 0x7fcd47580af0>,58,16,[ 1 12],59,-1,151,-1,135
1,<environment.Job instance at 0x7fcd47580fa0>,59,26,[5 9],60,-1,162,-1,136
1,<environment.Job instance at 0x7fcd46cd1910>,5,28,[3 8],6,-1,34,-1,6
1,<environment.Job instance at 0x7fcd46cd1af0>,6,18,[ 1 14],7,-1,25,-1,7
1,<environment.Job instance at 0x7fcd46cd12d0>,12,16,[ 3 13],13,-1,38,-1,22
1,<environment.Job instance at 0x7fcd46cd1f50>,15,24,[12  5],16,-1,67,-1,43
1,<environment.Job instance at 0x7fcd46cd18c0>,16,27,[3 5],17,-1,70,-1,43
1,<environment.Job instance at 0x7fcd46cd15f0>,19,28,[1 8],20,-1,86,-1,58
1,<environment.Job instance at 0x7fcd46d3ba00>,21,26,[7 2],22,-1,84,-1,58
1,<environment.Job instance at 0x7fcd46d3b280>,22,27,[5 6],23,-1,85,-1,58
1,<environment.Job instance at 0x7fcd46d3bcd0>,23,28,[ 2 12],24,-1,86,-1,58
1,<environment.Job instance at 0x7fcd46d3b5f0>,25,16,[12  2],26,-1,76,-1,60
1,<environment.Job instance at 0x7fcd46d3b1e0>,26,27,[12  3],27,-1,87,-1,60
1,<environment.Job instance at 0x7fcd46d3bf00>,27,17,[13  2],28,-1,77,-1,60
1,<environment.Job instance at 0x7fcd46d3b140>,32,24,[7 3],33,-1,124,-1,100
1,<environment.Job instance at 0x7fcd46d3b550>,33,12,[13  5],34,-1,112,-1,100
1,<environment.Job instance at 0x7fcd46d3b230>,34,21,[ 1 13],35,-1,121,-1,100
1,<environment.Job instance at 0x7fcd46ca0d70>,35,23,[ 1 10],36,-1,123,-1,100
1,<environment.Job instance at 0x7fcd46ca0b90>,36,20,[ 4 11],37,-1,120,-1,100
1,<environment.Job instance at 0x7fcd46ca06e0>,38,23,[3 7],39,-1,133,-1,110
1,<environment.Job instance at 0x7fcd46ca0500>,40,23,[ 3 11],41,-1,142,-1,119
1,<environment.Job instance at 0x7fcd46ca0be0>,42,22,[ 2 10],43,-1,142,-1,120
1,<environment.Job instance at 0x7fcd46ca0e10>,43,26,[ 4 14],44,-1,146,-1,120
1,<environment.Job instance at 0x7fcd46ca0fa0>,44,25,[2 7],45,-1,145,-1,120
1,<environment.Job instance at 0x7fcd47839410>,2,27,[ 4 13],3,-1,30,-1,3
1,<environment.Job instance at 0x7fcd46e2af00>,8,19,[ 3 13],9,-1,28,-1,9
1,<environment.Job instance at 0x7fcd46e2ac80>,9,15,[7 1],10,-1,29,-1,14
1,<environment.Job instance at 0x7fcd46e2abe0>,11,25,[5 5],12,-1,39,-1,14
1,<environment.Job instance at 0x7fcd46e2ae10>,12,26,[2 9],13,-1,40,-1,14
1,<environment.Job instance at 0x7fcd46e13c80>,13,22,[5 3],14,-1,36,-1,14
1,<environment.Job instance at 0x7fcd46e23410>,14,15,[12  4],15,-1,30,-1,15
1,<environment.Job instance at 0x7fcd46e230f0>,15,27,[10  3],16,-1,43,-1,16
1,<environment.Job instance at 0x7fcd46e239b0>,16,27,[ 1 11],17,-1,44,-1,17
1,<environment.Job instance at 0x7fcd46e23730>,17,18,[ 2 12],18,-1,36,-1,18
1,<environment.Job instance at 0x7fcd46e232d0>,18,22,[ 2 11],19,-1,41,-1,19
1,<environment.Job instance at 0x7fcd46e23550>,19,23,[14  4],20,-1,43,-1,20
1,<environment.Job instance at 0x7fcd46e23f00>,20,22,[13  2],21,-1,43,-1,21
1,<environment.Job instance at 0x7fcd46e20cd0>,21,12,[ 1 12],22,-1,34,-1,22
1,<environment.Job instance at 0x7fcd46e23690>,23,26,[5 5],24,-1,52,-1,26
1,<environment.Job instance at 0x7fcd46e20a50>,24,16,[11  2],25,-1,42,-1,26
1,<environment.Job instance at 0x7fcd46e20b40>,25,26,[5 8],26,-1,52,-1,26
1,<environment.Job instance at 0x7fcd473398c0>,26,18,[ 5 14],27,-1,45,-1,27
1,<environment.Job instance at 0x7fcd46e24cd0>,28,27,[ 2 10],29,-1,56,-1,29
1,<environment.Job instance at 0x7fcd46e20690>,29,20,[ 1 11],30,-1,50,-1,30
1,<environment.Job instance at 0x7fcd46e20d20>,30,27,[11  5],31,-1,58,-1,31
1,<environment.Job instance at 0x7fcd47323fa0>,31,14,[ 5 14],32,-1,46,-1,32
1,<environment.Job instance at 0x7fcd47d53c80>,33,25,[9 2],34,-1,65,-1,40
1,<environment.Job instance at 0x7fcd47639190>,35,24,[ 5 13],36,-1,67,-1,43
1,<environment.Job instance at 0x7fcd4761e500>,36,15,[ 5 14],37,-1,58,-1,43
1,<environment.Job instance at 0x7fcd4732a460>,37,22,[ 4 11],38,-1,65,-1,43
1,<environment.Job instance at 0x7fcd4732a3c0>,38,13,[ 5 13],39,-1,56,-1,43
1,<environment.Job instance at 0x7fcd4732a190>,39,19,[ 3 10],40,-1,62,-1,43
1,<environment.Job instance at 0x7fcd47d3c370>,41,24,[5 1],42,-1,67,-1,43
1,<environment.Job instance at 0x7fcd476325a0>,42,13,[ 5 12],43,-1,56,-1,43
1,<environment.Job instance at 0x7fcd4760a280>,43,15,[14  1],44,-1,59,-1,44
1,<environment.Job instance at 0x7fcd47d37140>,44,23,[1 8],45,-1,68,-1,45
1,<environment.Job instance at 0x7fcd47d41a50>,45,28,[ 2 10],46,-1,74,-1,46
1,<environment.Job instance at 0x7fcd47632c80>,47,16,[ 2 10],48,-1,71,-1,55
1,<environment.Job instance at 0x7fcd47d69690>,48,21,[ 3 14],49,-1,76,-1,55
1,<environment.Job instance at 0x7fcd47621c30>,49,21,[ 2 12],50,-1,76,-1,55
1,<environment.Job instance at 0x7fcd46e3ef50>,52,21,[13  5],53,-1,93,-1,72
1,<environment.Job instance at 0x7fcd47d3ac80>,56,14,[11  4],57,-1,120,-1,106
1,<environment.Job instance at 0x7fcd47d3aeb0>,57,12,[10  1],58,-1,118,-1,106
1,<environment.Job instance at 0x7fcd47d3adc0>,58,28,[ 1 13],59,-1,134,-1,106
1,<environment.Job instance at 0x7fcd47d3af00>,59,19,[ 5 14],60,-1,125,-1,106
1,<environment.Job instance at 0x7fcd47d3aaa0>,60,12,[10  1],61,-1,118,-1,106
1,<environment.Job instance at 0x7fcd47d3aa50>,62,20,[ 4 14],63,-1,128,-1,108
1,<environment.Job instance at 0x7fcd47d325a0>,63,18,[14  4],64,-1,126,-1,108
1,<environment.Job instance at 0x7fcd47d32500>,64,18,[ 3 11],65,-1,126,-1,108
1,<environment.Job instance at 0x7fcd47d325f0>,65,12,[ 1 10],66,-1,120,-1,108
1,<environment.Job instance at 0x7fcd47d32780>,66,26,[ 2 11],67,-1,134,-1,108
1,<environment.Job instance at 0x7fcd47d32910>,67,13,[13  4],68,-1,121,-1,108
1,<environment.Job instance at 0x7fcd47d32d20>,70,13,[12  4],71,-1,138,-1,125
1,<environment.Job instance at 0x7fcd47d32460>,71,17,[ 5 13],72,-1,142,-1,125
1,<environment.Job instance at 0x7fcd47d32730>,72,16,[ 5 14],73,-1,141,-1,125
1,<environment.Job instance at 0x7fcd47d424b0>,73,25,[5 8],74,-1,150,-1,125
1,<environment.Job instance at 0x7fcd47d42410>,74,12,[6 3],75,-1,137,-1,125
1,<environment.Job instance at 0x7fcd47d425f0>,75,17,[ 2 14],76,-1,142,-1,125
1,<environment.Job instance at 0x7fcd47d42730>,76,18,[11  3],77,-1,143,-1,125
1,<environment.Job instance at 0x7fcd47d42690>,77,12,[4 6],78,-1,137,-1,125
1,<environment.Job instance at 0x7fcd47d42910>,80,15,[14  4],81,-1,151,-1,136
1,<environment.Job instance at 0x7fcd47d429b0>,81,24,[11  3],82,-1,160,-1,136
1,<environment.Job instance at 0x7fcd47d42a50>,82,15,[ 5 12],83,-1,151,-1,136
1,<environment.Job instance at 0x7fcd47d42af0>,83,26,[ 1 12],84,-1,162,-1,136
1,<environment.Job instance at 0x7fcd47d42b90>,84,23,[ 4 10],85,-1,159,-1,136
1,<environment.Job instance at 0x7fcd47d42c30>,85,25,[1 8],86,-1,161,-1,136
1,<environment.Job instance at 0x7fcd47d42e10>,86,27,[ 3 12],87,-1,163,-1,136
1,<environment.Job instance at 0x7fcd47d426e0>,87,13,[3 9],88,-1,149,-1,136
1,<environment.Job instance at 0x7fcd47d42d20>,88,28,[12  4],89,-1,164,-1,136
1,<environment.Job instance at 0x7fcd47d42f00>,89,21,[8 3],90,-1,158,-1,137
1,<environment.Job instance at 0x7fcd47d42fa0>,90,28,[11  4],91,-1,165,-1,137
1,<environment.Job instance at 0x7fcd47d42d70>,91,26,[5 7],92,-1,163,-1,137
1,<environment.Job instance at 0x7fcd46de1140>,92,24,[13  1],93,-1,161,-1,137
1,<environment.Job instance at 0x7fcd46de1050>,93,12,[14  5],94,-1,149,-1,137
1,<environment.Job instance at 0x7fcd4810d820>,1,22,[ 4 12],2,-1,24,-1,2
1,<environment.Job instance at 0x7fcd46de1320>,2,24,[12  4],3,-1,27,-1,3
1,<environment.Job instance at 0x7fcd4810d3c0>,4,16,[ 3 12],5,-1,21,-1,5
1,<environment.Job instance at 0x7fcd4810d050>,8,15,[ 3 13],9,-1,24,-1,9
1,<environment.Job instance at 0x7fcd46de1050>,9,15,[ 5 11],10,-1,25,-1,10
1,<environment.Job instance at 0x7fcd47621320>,16,20,[12  5],17,-1,67,-1,47
1,<environment.Job instance at 0x7fcd47621690>,19,22,[ 3 11],20,-1,77,-1,55
1,<environment.Job instance at 0x7fcd47621f00>,20,24,[ 1 12],21,-1,79,-1,55
1,<environment.Job instance at 0x7fcd47621dc0>,21,28,[3 6],22,-1,83,-1,55
1,<environment.Job instance at 0x7fcd47621050>,22,14,[ 4 12],23,-1,69,-1,55
1,<environment.Job instance at 0x7fcd47621d70>,23,28,[ 2 13],24,-1,83,-1,55
1,<environment.Job instance at 0x7fcd47621a00>,24,25,[10  5],25,-1,80,-1,55
1,<environment.Job instance at 0x7fcd47621780>,25,16,[13  3],26,-1,71,-1,55
1,<environment.Job instance at 0x7fcd47621410>,28,28,[4 6],29,-1,95,-1,67
1,<environment.Job instance at 0x7fcd47621190>,29,26,[ 2 14],30,-1,93,-1,67
1,<environment.Job instance at 0x7fcd47632a00>,31,15,[14  4],32,-1,95,-1,80
1,<environment.Job instance at 0x7fcd47632e60>,32,13,[13  5],33,-1,93,-1,80
1,<environment.Job instance at 0x7fcd47632870>,33,19,[12  2],34,-1,99,-1,80
1,<environment.Job instance at 0x7fcd476326e0>,34,24,[2 5],35,-1,104,-1,80
1,<environment.Job instance at 0x7fcd47632b90>,37,27,[ 1 13],38,-1,107,-1,80
1,<environment.Job instance at 0x7fcd47632e10>,38,26,[8 2],39,-1,106,-1,80
1,<environment.Job instance at 0x7fcd476320a0>,39,26,[5 7],40,-1,106,-1,80
1,<environment.Job instance at 0x7fcd47632780>,41,26,[11  1],42,-1,119,-1,93
1,<environment.Job instance at 0x7fcd47632cd0>,47,18,[ 1 12],48,-1,146,-1,128
1,<environment.Job instance at 0x7fcd47632910>,48,15,[ 3 11],49,-1,143,-1,128
1,<environment.Job instance at 0x7fcd47e230f0>,49,24,[ 1 11],50,-1,152,-1,128
1,<environment.Job instance at 0x7fcd47e23500>,50,23,[6 3],51,-1,151,-1,128
1,<environment.Job instance at 0x7fcd47e23f50>,51,16,[ 2 13],52,-1,144,-1,128
1,<environment.Job instance at 0x7fcd47e23050>,52,21,[ 4 13],53,-1,149,-1,128
1,<environment.Job instance at 0x7fcd46de11e0>,1,17,[ 5 12],2,-1,19,-1,2
1,<environment.Job instance at 0x7fcd46fee870>,8,21,[ 1 12],9,-1,34,-1,13
1,<environment.Job instance at 0x7fcd46feef00>,9,12,[ 3 11],10,-1,25,-1,13
1,<environment.Job instance at 0x7fcd46feee60>,10,24,[6 1],11,-1,37,-1,13
1,<environment.Job instance at 0x7fcd46feedc0>,11,28,[12  1],12,-1,41,-1,13
1,<environment.Job instance at 0x7fcd46cfa730>,12,25,[14  3],13,-1,38,-1,13
1,<environment.Job instance at 0x7fcd46fee5f0>,13,25,[12  4],14,-1,39,-1,14
1,<environment.Job instance at 0x7fcd46fe33c0>,14,19,[14  1],15,-1,34,-1,15
1,<environment.Job instance at 0x7fcd46fe3500>,15,21,[11  5],16,-1,37,-1,16
1,<environment.Job instance at 0x7fcd46fe3410>,16,13,[11  4],17,-1,30,-1,17
1,<environment.Job instance at 0x7fcd46fe37d0>,17,25,[8 5],18,-1,43,-1,18
1,<environment.Job instance at 0x7fcd46fee910>,20,12,[ 3 14],21,-1,35,-1,23
1,<environment.Job instance at 0x7fcd46fd0870>,21,15,[ 4 13],22,-1,38,-1,23
1,<environment.Job instance at 0x7fcd46fd0be0>,23,13,[11  4],24,-1,40,-1,27
1,<environment.Job instance at 0x7fcd46fd09b0>,29,19,[ 4 11],30,-1,86,-1,67
1,<environment.Job instance at 0x7fcd46fd0b90>,30,28,[ 3 11],31,-1,95,-1,67
1,<environment.Job instance at 0x7fcd4776bcd0>,31,26,[4 8],32,-1,93,-1,67
1,<environment.Job instance at 0x7fcd46cfe2d0>,32,23,[4 6],33,-1,90,-1,67
1,<environment.Job instance at 0x7fcd46cfe690>,34,21,[14  4],35,-1,90,-1,69
1,<environment.Job instance at 0x7fcd46cfe870>,35,20,[12  5],36,-1,89,-1,69
1,<environment.Job instance at 0x7fcd46cfec30>,36,14,[11  3],37,-1,83,-1,69
1,<environment.Job instance at 0x7fcd476fe640>,37,28,[ 2 14],38,-1,97,-1,69
1,<environment.Job instance at 0x7fcd471c57d0>,39,23,[5 3],40,-1,92,-1,69
1,<environment.Job instance at 0x7fcd471f93c0>,41,25,[13  1],42,-1,105,-1,80
1,<environment.Job instance at 0x7fcd476f25f0>,45,23,[13  4],46,-1,122,-1,99
1,<environment.Job instance at 0x7fcd46fe79b0>,47,26,[1 9],48,-1,129,-1,103
1,<environment.Job instance at 0x7fcd46fe7a00>,48,25,[5 4],49,-1,128,-1,103
1,<environment.Job instance at 0x7fcd471d8730>,49,22,[ 2 10],50,-1,125,-1,103
1,<environment.Job instance at 0x7fcd4776f870>,50,21,[13  4],51,-1,124,-1,103
1,<environment.Job instance at 0x7fcd4776ce10>,52,12,[13  4],53,-1,129,-1,117
1,<environment.Job instance at 0x7fcd4776cb90>,54,19,[12  3],55,-1,152,-1,133
1,<environment.Job instance at 0x7fcd4775e870>,55,17,[ 5 11],56,-1,150,-1,133
1,<environment.Job instance at 0x7fcd4775e4b0>,56,28,[ 1 10],57,-1,161,-1,133
1,<environment.Job instance at 0x7fcd4775e410>,2,24,[ 2 12],3,-1,27,-1,3
1,<environment.Job instance at 0x7fcd4775ebe0>,6,24,[3 7],7,-1,32,-1,8
1,<environment.Job instance at 0x7fcd475d90f0>,8,25,[3 6],9,-1,34,-1,9
1,<environment.Job instance at 0x7fcd475d97d0>,11,22,[13  4],12,-1,34,-1,12
1,<environment.Job instance at 0x7fcd475d9af0>,12,17,[13  5],13,-1,30,-1,13
1,<environment.Job instance at 0x7fcd475d9cd0>,13,17,[14  5],14,-1,31,-1,14
1,<environment.Job instance at 0x7fcd475d9eb0>,14,17,[ 1 13],15,-1,32,-1,15
1,<environment.Job instance at 0x7fcd475d90a0>,15,16,[ 1 11],16,-1,32,-1,16
1,<environment.Job instance at 0x7fcd475d9e10>,17,16,[14  4],18,-1,34,-1,18
1,<environment.Job instance at 0x7fcd47f2b1e0>,22,14,[11  5],23,-1,59,-1,45
1,<environment.Job instance at 0x7fcd47f2b0f0>,23,18,[ 4 12],24,-1,63,-1,45
1,<environment.Job instance at 0x7fcd47f2b960>,24,24,[ 3 11],25,-1,69,-1,45
1,<environment.Job instance at 0x7fcd47f2b3c0>,25,15,[ 3 13],26,-1,60,-1,45
1,<environment.Job instance at 0x7fcd46b409b0>,2,24,[14  4],3,-1,27,-1,3
1,<environment.Job instance at 0x7fcd475d9b90>,3,25,[2 8],4,-1,31,-1,6
1,<environment.Job instance at 0x7fcd46b40c80>,6,27,[13  4],7,-1,34,-1,7
1,<environment.Job instance at 0x7fcd46b405a0>,11,20,[14  5],12,-1,41,-1,21
1,<environment.Job instance at 0x7fcd46b406e0>,12,25,[ 3 12],13,-1,46,-1,21
1,<environment.Job instance at 0x7fcd46b402d0>,13,14,[13  1],14,-1,35,-1,21
1,<environment.Job instance at 0x7fcd46b40a50>,14,15,[12  1],15,-1,36,-1,21
1,<environment.Job instance at 0x7fcd46b40aa0>,15,13,[ 2 12],16,-1,34,-1,21
1,<environment.Job instance at 0x7fcd46b40190>,16,12,[14  2],17,-1,33,-1,21
1,<environment.Job instance at 0x7fcd46b407d0>,17,28,[7 1],18,-1,55,-1,27
1,<environment.Job instance at 0x7fcd46b400a0>,18,18,[ 3 13],19,-1,45,-1,27
1,<environment.Job instance at 0x7fcd46b40e10>,20,17,[13  4],21,-1,50,-1,33
1,<environment.Job instance at 0x7fcd4829ca50>,21,27,[6 2],22,-1,60,-1,33
1,<environment.Job instance at 0x7fcd4829c140>,25,27,[ 5 12],26,-1,86,-1,59
1,<environment.Job instance at 0x7fcd4829cc30>,26,17,[ 4 13],27,-1,76,-1,59
1,<environment.Job instance at 0x7fcd4829c870>,27,28,[9 4],28,-1,87,-1,59
1,<environment.Job instance at 0x7fcd4829cc80>,28,25,[ 1 12],29,-1,84,-1,59
1,<environment.Job instance at 0x7fcd4829ce60>,29,28,[2 9],30,-1,87,-1,59
1,<environment.Job instance at 0x7fcd4829c320>,31,14,[14  3],32,-1,78,-1,64
1,<environment.Job instance at 0x7fcd4829c050>,32,15,[ 3 11],33,-1,79,-1,64
1,<environment.Job instance at 0x7fcd4829c780>,33,20,[ 4 12],34,-1,84,-1,64
1,<environment.Job instance at 0x7fcd4829c1e0>,34,28,[ 5 14],35,-1,92,-1,64
1,<environment.Job instance at 0x7fcd4829caa0>,35,17,[ 3 14],36,-1,81,-1,64
1,<environment.Job instance at 0x7fcd47263050>,36,27,[ 3 10],37,-1,91,-1,64
1,<environment.Job instance at 0x7fcd46bbde10>,39,22,[ 1 10],40,-1,110,-1,88
1,<environment.Job instance at 0x7fcd46bbd140>,41,27,[6 4],42,-1,139,-1,112
1,<environment.Job instance at 0x7fcd46bbd500>,42,22,[ 2 10],43,-1,144,-1,122
1,<environment.Job instance at 0x7fcd46bbd460>,43,25,[2 8],44,-1,148,-1,123
1,<environment.Job instance at 0x7fcd46bbd820>,47,28,[ 5 11],48,-1,156,-1,128
1,<environment.Job instance at 0x7fcd5089b190>,1,27,[4 9],2,-1,29,-1,2
1,<environment.Job instance at 0x7fcd46ebf6e0>,5,12,[14  2],6,-1,18,-1,6
1,<environment.Job instance at 0x7fcd46ebf8c0>,6,27,[ 4 11],7,-1,34,-1,7
1,<environment.Job instance at 0x7fcd46ebfc30>,8,24,[ 5 11],9,-1,33,-1,9
1,<environment.Job instance at 0x7fcd46ebf0a0>,9,27,[ 1 12],10,-1,37,-1,10
1,<environment.Job instance at 0x7fcd46ebf9b0>,10,23,[11  1],11,-1,34,-1,11
1,<environment.Job instance at 0x7fcd47e507d0>,20,16,[ 3 14],21,-1,94,-1,78
1,<environment.Job instance at 0x7fcd47e50b90>,21,17,[12  1],22,-1,95,-1,78
1,<environment.Job instance at 0x7fcd47e50910>,24,28,[6 2],25,-1,120,-1,92
1,<environment.Job instance at 0x7fcd47e50140>,25,22,[ 1 12],26,-1,114,-1,92
1,<environment.Job instance at 0x7fcd47e50cd0>,27,14,[11  2],28,-1,120,-1,106
1,<environment.Job instance at 0x7fcd47e50e60>,28,24,[7 2],29,-1,130,-1,106
1,<environment.Job instance at 0x7fcd47e50d70>,29,23,[3 8],30,-1,129,-1,106
1,<environment.Job instance at 0x7fcd47e505a0>,30,19,[ 5 14],31,-1,125,-1,106
1,<environment.Job instance at 0x7fcd47e50410>,32,26,[ 1 13],33,-1,132,-1,106
1,<environment.Job instance at 0x7fcd47e504b0>,35,14,[ 3 13],36,-1,134,-1,120
1,<environment.Job instance at 0x7fcd47366af0>,36,16,[ 5 13],37,-1,136,-1,120
1,<environment.Job instance at 0x7fcd47366910>,38,28,[14  2],39,-1,165,-1,137
1,<environment.Job instance at 0x7fcd473661e0>,40,23,[6 4],41,-1,160,-1,137
1,<environment.Job instance at 0x7fcd508a0e10>,1,27,[ 3 13],2,-1,29,-1,2
1,<environment.Job instance at 0x7fcd46e60c80>,2,27,[4 8],3,-1,30,-1,3
1,<environment.Job instance at 0x7fcd46ef0b90>,10,27,[10  3],11,-1,43,-1,16
1,<environment.Job instance at 0x7fcd46ef0d20>,11,28,[1 7],12,-1,44,-1,16
1,<environment.Job instance at 0x7fcd46ef0fa0>,13,14,[ 1 13],14,-1,40,-1,26
1,<environment.Job instance at 0x7fcd46ef0a50>,14,23,[3 9],15,-1,49,-1,26
1,<environment.Job instance at 0x7fcd46ef0c80>,15,13,[13  5],16,-1,39,-1,26
1,<environment.Job instance at 0x7fcd46ef0be0>,16,21,[12  1],17,-1,47,-1,26
1,<environment.Job instance at 0x7fcd46ef0b40>,18,24,[ 2 12],19,-1,50,-1,26
1,<environment.Job instance at 0x7fcd46ef0d70>,19,23,[3 9],20,-1,49,-1,26
1,<environment.Job instance at 0x7fcd46ef0410>,20,17,[ 5 14],21,-1,43,-1,26
1,<environment.Job instance at 0x7fcd46ef0f50>,22,23,[ 5 13],23,-1,60,-1,37
1,<environment.Job instance at 0x7fcd46ef0780>,23,15,[ 3 13],24,-1,52,-1,37
1,<environment.Job instance at 0x7fcd4752fb40>,25,26,[5 8],26,-1,65,-1,39
1,<environment.Job instance at 0x7fcd4752f410>,26,26,[ 4 13],27,-1,65,-1,39
1,<environment.Job instance at 0x7fcd4752fa50>,27,26,[5 1],28,-1,65,-1,39
1,<environment.Job instance at 0x7fcd4752fcd0>,29,21,[ 2 10],30,-1,80,-1,59
1,<environment.Job instance at 0x7fcd4752f820>,30,14,[12  2],31,-1,73,-1,59
1,<environment.Job instance at 0x7fcd4752f230>,32,27,[ 5 14],33,-1,101,-1,74
1,<environment.Job instance at 0x7fcd4752fb90>,33,23,[11  1],34,-1,97,-1,74
1,<environment.Job instance at 0x7fcd4752ff00>,38,13,[ 4 13],39,-1,128,-1,115
1,<environment.Job instance at 0x7fcd4752ffa0>,40,14,[13  5],41,-1,130,-1,116
1,<environment.Job instance at 0x7fcd4752fa00>,41,18,[12  5],42,-1,134,-1,116
1,<environment.Job instance at 0x7fcd4752fd20>,43,14,[ 1 14],44,-1,147,-1,133
1,<environment.Job instance at 0x7fcd50d5f280>,44,12,[ 1 13],45,-1,145,-1,133
1,<environment.Job instance at 0x7fcd50d5f730>,45,12,[ 4 12],46,-1,145,-1,133
1,<environment.Job instance at 0x7fcd50d5ff00>,46,20,[ 4 11],47,-1,153,-1,133
1,<environment.Job instance at 0x7fcd50d5fbe0>,47,13,[12  4],48,-1,146,-1,133
1,<environment.Job instance at 0x7fcd50d5f460>,48,23,[ 4 13],49,-1,156,-1,133
1,<environment.Job instance at 0x7fcd50d5f6e0>,49,19,[11  3],50,-1,152,-1,133
1,<environment.Job instance at 0x7fcd50d5f140>,3,13,[12  1],4,-1,17,-1,4
1,<environment.Job instance at 0x7fcd47d2bd70>,4,27,[ 2 10],5,-1,32,-1,5
1,<environment.Job instance at 0x7fcd47d2b320>,7,23,[ 1 14],8,-1,31,-1,8
1,<environment.Job instance at 0x7fcd47d2ba00>,9,23,[12  5],10,-1,33,-1,10
1,<environment.Job instance at 0x7fcd47d2beb0>,10,13,[12  1],11,-1,24,-1,11
1,<environment.Job instance at 0x7fcd47d2b820>,11,27,[10  4],12,-1,39,-1,12
1,<environment.Job instance at 0x7fcd47d2b3c0>,12,28,[ 4 14],13,-1,41,-1,13
1,<environment.Job instance at 0x7fcd47d2b9b0>,13,23,[ 2 11],14,-1,37,-1,14
1,<environment.Job instance at 0x7fcd47d2b730>,14,27,[3 8],15,-1,42,-1,15
1,<environment.Job instance at 0x7fcd47d2b6e0>,18,23,[4 9],19,-1,54,-1,31
1,<environment.Job instance at 0x7fcd47d2b690>,19,16,[ 4 11],20,-1,47,-1,31
1,<environment.Job instance at 0x7fcd47d2b870>,21,14,[13  4],22,-1,45,-1,31
1,<environment.Job instance at 0x7fcd475a06e0>,25,24,[11  5],26,-1,74,-1,50
1,<environment.Job instance at 0x7fcd475a0f00>,26,27,[8 3],27,-1,77,-1,50
1,<environment.Job instance at 0x7fcd475a0960>,27,28,[13  3],28,-1,78,-1,50
1,<environment.Job instance at 0x7fcd475a05a0>,28,26,[ 4 11],29,-1,76,-1,50
1,<environment.Job instance at 0x7fcd475a01e0>,29,19,[12  4],30,-1,69,-1,50
1,<environment.Job instance at 0x7fcd475a0d20>,30,12,[ 5 13],31,-1,62,-1,50
1,<environment.Job instance at 0x7fcd475a04b0>,31,18,[12  2],32,-1,68,-1,50
1,<environment.Job instance at 0x7fcd475a00f0>,33,23,[11  5],34,-1,73,-1,50
1,<environment.Job instance at 0x7fcd475a0050>,34,22,[11  1],35,-1,72,-1,50
1,<environment.Job instance at 0x7fcd475a0eb0>,35,24,[9 2],36,-1,74,-1,50
1,<environment.Job instance at 0x7fcd475a0b90>,36,16,[ 1 13],37,-1,66,-1,50
1,<environment.Job instance at 0x7fcd475a0140>,37,18,[ 3 13],38,-1,68,-1,50
1,<environment.Job instance at 0x7fcd475a0b40>,38,28,[13  1],39,-1,78,-1,50
1,<environment.Job instance at 0x7fcd475a0be0>,39,27,[ 2 14],40,-1,77,-1,50
1,<environment.Job instance at 0x7fcd47e1e140>,40,27,[ 3 13],41,-1,77,-1,50
1,<environment.Job instance at 0x7fcd47e1e690>,41,15,[13  2],42,-1,65,-1,50
1,<environment.Job instance at 0x7fcd47e1e230>,43,19,[ 5 12],44,-1,80,-1,61
1,<environment.Job instance at 0x7fcd47e1e5a0>,44,28,[8 4],45,-1,89,-1,61
1,<environment.Job instance at 0x7fcd47e1e0f0>,45,12,[11  3],46,-1,73,-1,61
1,<environment.Job instance at 0x7fcd47e1eb90>,46,27,[13  3],47,-1,88,-1,61
1,<environment.Job instance at 0x7fcd47e1e1e0>,47,23,[4 7],48,-1,84,-1,61
1,<environment.Job instance at 0x7fcd46f24410>,49,16,[ 3 11],50,-1,82,-1,66
1,<environment.Job instance at 0x7fcd46f24550>,50,15,[ 3 13],51,-1,81,-1,66
1,<environment.Job instance at 0x7fcd46f24190>,51,12,[ 1 11],52,-1,78,-1,66
1,<environment.Job instance at 0x7fcd46f245f0>,52,23,[ 5 11],53,-1,89,-1,66
1,<environment.Job instance at 0x7fcd46f24c80>,54,23,[ 4 14],55,-1,105,-1,82
1,<environment.Job instance at 0x7fcd46f240f0>,55,26,[1 5],56,-1,108,-1,82
1,<environment.Job instance at 0x7fcd46f24aa0>,56,16,[12  3],57,-1,98,-1,82
1,<environment.Job instance at 0x7fcd46f24f00>,58,12,[ 5 12],59,-1,96,-1,84
1,<environment.Job instance at 0x7fcd46f24050>,59,16,[ 1 14],60,-1,100,-1,84
1,<environment.Job instance at 0x7fcd47432e60>,61,21,[12  5],62,-1,123,-1,102
1,<environment.Job instance at 0x7fcd47432b90>,63,14,[ 5 13],64,-1,118,-1,104
1,<environment.Job instance at 0x7fcd47432d20>,64,21,[ 4 12],65,-1,125,-1,104
1,<environment.Job instance at 0x7fcd47432230>,65,22,[13  4],66,-1,126,-1,104
1,<environment.Job instance at 0x7fcd47432190>,66,13,[11  4],67,-1,117,-1,104
1,<environment.Job instance at 0x7fcd474325f0>,67,22,[12  3],68,-1,126,-1,104
1,<environment.Job instance at 0x7fcd47432c80>,68,25,[14  2],69,-1,129,-1,104
1,<environment.Job instance at 0x7fcd474325a0>,69,22,[ 1 11],70,-1,126,-1,104
1,<environment.Job instance at 0x7fcd46d40c30>,73,27,[12  1],74,-1,141,-1,114
1,<environment.Job instance at 0x7fcd46d40b40>,74,26,[14  5],75,-1,140,-1,114
1,<environment.Job instance at 0x7fcd46d40320>,75,12,[ 4 12],76,-1,126,-1,114
1,<environment.Job instance at 0x7fcd46d40730>,76,24,[ 4 10],77,-1,138,-1,114
1,<environment.Job instance at 0x7fcd46d404b0>,77,18,[13  3],78,-1,132,-1,114
1,<environment.Job instance at 0x7fcd47e65f50>,5,23,[11  5],6,-1,29,-1,6
1,<environment.Job instance at 0x7fcd47e65d20>,6,18,[ 5 13],7,-1,25,-1,7
1,<environment.Job instance at 0x7fcd47e65e60>,7,28,[7 3],8,-1,36,-1,8
1,<environment.Job instance at 0x7fcd47e651e0>,8,25,[4 8],9,-1,34,-1,9
1,<environment.Job instance at 0x7fcd47e65870>,3,21,[13  2],4,-1,30,-1,9
1,<environment.Job instance at 0x7fcd47e65b90>,14,28,[13  5],15,-1,58,-1,30
1,<environment.Job instance at 0x7fcd47e654b0>,15,23,[9 3],16,-1,53,-1,30
1,<environment.Job instance at 0x7fcd47e65410>,16,23,[8 1],17,-1,53,-1,30
1,<environment.Job instance at 0x7fcd47e650f0>,17,21,[13  4],18,-1,51,-1,30
1,<environment.Job instance at 0x7fcd47e49230>,18,23,[4 8],19,-1,53,-1,30
1,<environment.Job instance at 0x7fcd47e49c80>,20,21,[ 3 13],21,-1,51,-1,30
1,<environment.Job instance at 0x7fcd47e49d20>,21,18,[13  1],22,-1,48,-1,30
1,<environment.Job instance at 0x7fcd47e49870>,22,13,[ 4 12],23,-1,43,-1,30
1,<environment.Job instance at 0x7fcd47e49f50>,23,25,[3 9],24,-1,55,-1,30
1,<environment.Job instance at 0x7fcd47e49410>,24,25,[3 8],25,-1,55,-1,30
1,<environment.Job instance at 0x7fcd47e49370>,25,23,[ 1 13],26,-1,53,-1,30
1,<environment.Job instance at 0x7fcd47e49730>,26,15,[14  3],27,-1,45,-1,30
1,<environment.Job instance at 0x7fcd47e49690>,27,20,[ 2 11],28,-1,50,-1,30
1,<environment.Job instance at 0x7fcd47e496e0>,28,17,[ 3 12],29,-1,47,-1,30
1,<environment.Job instance at 0x7fcd47e49320>,30,14,[12  2],31,-1,45,-1,31
1,<environment.Job instance at 0x7fcd47e49500>,32,19,[ 2 14],33,-1,57,-1,38
1,<environment.Job instance at 0x7fcd47e4b320>,33,15,[12  5],34,-1,53,-1,38
1,<environment.Job instance at 0x7fcd47e4b3c0>,34,25,[2 6],35,-1,63,-1,38
1,<environment.Job instance at 0x7fcd47e4b370>,35,28,[ 3 12],36,-1,66,-1,38
1,<environment.Job instance at 0x7fcd47e4ba50>,36,26,[8 1],37,-1,64,-1,38
1,<environment.Job instance at 0x7fcd47e4bc80>,39,12,[11  1],40,-1,67,-1,55
1,<environment.Job instance at 0x7fcd47e4b190>,40,15,[13  5],41,-1,70,-1,55
1,<environment.Job instance at 0x7fcd47e4b690>,42,12,[2 5],43,-1,84,-1,72
1,<environment.Job instance at 0x7fcd47e4b5f0>,44,13,[1 9],45,-1,85,-1,72
1,<environment.Job instance at 0x7fcd47e4b820>,46,22,[12  5],47,-1,114,-1,92
1,<environment.Job instance at 0x7fcd47e4b9b0>,48,16,[ 1 12],49,-1,108,-1,92
1,<environment.Job instance at 0x7fcd47e45c80>,49,18,[ 4 12],50,-1,110,-1,92
1,<environment.Job instance at 0x7fcd47e450a0>,50,24,[13  1],51,-1,116,-1,92
1,<environment.Job instance at 0x7fcd47e455a0>,51,12,[ 2 14],52,-1,104,-1,92
1,<environment.Job instance at 0x7fcd47e45230>,52,18,[ 2 13],53,-1,110,-1,92
1,<environment.Job instance at 0x7fcd47e45050>,53,12,[1 5],54,-1,104,-1,92
1,<environment.Job instance at 0x7fcd47e45730>,54,22,[ 2 12],55,-1,114,-1,92
1,<environment.Job instance at 0x7fcd47e45640>,55,12,[14  4],56,-1,104,-1,92
1,<environment.Job instance at 0x7fcd47e45370>,56,20,[13  3],57,-1,112,-1,92
1,<environment.Job instance at 0x7fcd47e45e60>,57,14,[12  3],58,-1,106,-1,92
1,<environment.Job instance at 0x7fcd47e45960>,58,23,[10  4],59,-1,115,-1,92
1,<environment.Job instance at 0x7fcd47e45e10>,59,20,[8 2],60,-1,124,-1,104
1,<environment.Job instance at 0x7fcd47e45a50>,62,28,[ 4 12],63,-1,132,-1,104
1,<environment.Job instance at 0x7fcd47e45550>,63,21,[8 2],64,-1,126,-1,105
1,<environment.Job instance at 0x7fcd47e385f0>,64,13,[ 2 12],65,-1,118,-1,105
1,<environment.Job instance at 0x7fcd47e38690>,65,21,[12  5],66,-1,126,-1,105
1,<environment.Job instance at 0x7fcd47e38730>,66,22,[ 1 11],67,-1,127,-1,105
1,<environment.Job instance at 0x7fcd47e38410>,68,26,[5 3],69,-1,131,-1,105
1,<environment.Job instance at 0x7fcd47e38140>,70,16,[ 4 11],71,-1,121,-1,105
1,<environment.Job instance at 0x7fcd47e38050>,73,24,[ 4 14],74,-1,144,-1,120
1,<environment.Job instance at 0x7fcd47e38910>,74,21,[14  4],75,-1,141,-1,120
1,<environment.Job instance at 0x7fcd47e385a0>,75,23,[2 6],76,-1,143,-1,120
1,<environment.Job instance at 0x7fcd47e384b0>,76,21,[14  2],77,-1,141,-1,120
1,<environment.Job instance at 0x7fcd47e383c0>,77,15,[ 3 13],78,-1,135,-1,120
1,<environment.Job instance at 0x7fcd47e38aa0>,78,24,[ 5 11],79,-1,144,-1,120
1,<environment.Job instance at 0x7fcd47e3cf50>,79,13,[ 2 13],80,-1,133,-1,120
1,<environment.Job instance at 0x7fcd47e3c7d0>,80,14,[2 5],81,-1,134,-1,120
1,<environment.Job instance at 0x7fcd47e3c6e0>,81,26,[4 9],82,-1,146,-1,120
1,<environment.Job instance at 0x7fcd47e3c640>,82,18,[ 4 10],83,-1,138,-1,120
1,<environment.Job instance at 0x7fcd47e3c4b0>,83,13,[5 2],84,-1,133,-1,120
1,<environment.Job instance at 0x7fcd47e3c500>,84,15,[ 1 13],85,-1,135,-1,120
1,<environment.Job instance at 0x7fcd47e3c0a0>,85,23,[3 8],86,-1,143,-1,120
1,<environment.Job instance at 0x7fcd47e3c280>,86,12,[ 2 12],87,-1,132,-1,120
1,<environment.Job instance at 0x7fcd47e3c320>,87,21,[ 3 11],88,-1,141,-1,120
1,<environment.Job instance at 0x7fcd47e3c3c0>,88,24,[11  3],89,-1,144,-1,120
1,<environment.Job instance at 0x7fcd47e3c8c0>,90,14,[8 1],91,-1,150,-1,136
1,<environment.Job instance at 0x7fcd47e3ca00>,91,19,[12  4],92,-1,155,-1,136
1,<environment.Job instance at 0x7fcd47e5daf0>,92,23,[ 3 14],93,-1,159,-1,136
1,<environment.Job instance at 0x7fcd47e5deb0>,93,22,[ 1 13],94,-1,158,-1,136
1,<environment.Job instance at 0x7fcd47e5df00>,95,15,[12  4],96,-1,151,-1,136
1,<environment.Job instance at 0x7fcd47e5d2d0>,97,16,[12  1],98,-1,154,-1,138
1,<environment.Job instance at 0x7fcd47e5d500>,98,28,[13  2],99,-1,166,-1,138
1,<environment.Job instance at 0x7fcd4773d190>,9,26,[13  2],10,-1,48,-1,22
1,<environment.Job instance at 0x7fcd473f2d70>,10,17,[13  4],11,-1,39,-1,22
1,<environment.Job instance at 0x7fcd473f2320>,11,13,[ 4 13],12,-1,35,-1,22
1,<environment.Job instance at 0x7fcd473f2910>,12,17,[ 1 13],13,-1,39,-1,22
1,<environment.Job instance at 0x7fcd473f2370>,14,27,[ 3 10],15,-1,49,-1,22
1,<environment.Job instance at 0x7fcd473f29b0>,15,17,[ 4 11],16,-1,39,-1,22
1,<environment.Job instance at 0x7fcd473f23c0>,16,28,[4 5],17,-1,50,-1,22
1,<environment.Job instance at 0x7fcd473f2be0>,17,14,[11  1],18,-1,36,-1,22
1,<environment.Job instance at 0x7fcd473f28c0>,18,12,[ 3 12],19,-1,34,-1,22
1,<environment.Job instance at 0x7fcd473f2cd0>,20,19,[ 5 14],21,-1,41,-1,22
1,<environment.Job instance at 0x7fcd473f2410>,22,22,[14  4],23,-1,49,-1,27
1,<environment.Job instance at 0x7fcd473f2550>,23,25,[4 6],24,-1,52,-1,27
1,<environment.Job instance at 0x7fcd47ab6f50>,25,26,[13  2],26,-1,63,-1,37
1,<environment.Job instance at 0x7fcd47ab6f00>,26,16,[13  5],27,-1,53,-1,37
1,<environment.Job instance at 0x7fcd473ef1e0>,29,20,[12  3],30,-1,70,-1,50
1,<environment.Job instance at 0x7fcd473ef7d0>,31,27,[13  4],32,-1,86,-1,59
1,<environment.Job instance at 0x7fcd473efaa0>,33,28,[12  5],34,-1,90,-1,62
1,<environment.Job instance at 0x7fcd473ef3c0>,34,24,[1 9],35,-1,86,-1,62
1,<environment.Job instance at 0x7fcd473ef820>,35,26,[5 7],36,-1,88,-1,62
1,<environment.Job instance at 0x7fcd473ef5a0>,37,24,[4 5],38,-1,100,-1,76
1,<environment.Job instance at 0x7fcd473ef2d0>,39,19,[ 2 11],40,-1,95,-1,76
1,<environment.Job instance at 0x7fcd473ef8c0>,42,15,[ 1 13],43,-1,126,-1,111
1,<environment.Job instance at 0x7fcd473ef550>,43,25,[2 8],44,-1,136,-1,111
1,<environment.Job instance at 0x7fcd473ef190>,46,22,[14  1],47,-1,149,-1,127
1,<environment.Job instance at 0x7fcd473efcd0>,48,18,[12  5],49,-1,145,-1,127
1,<environment.Job instance at 0x7fcd481175a0>,49,16,[ 3 13],50,-1,143,-1,127
1,<environment.Job instance at 0x7fcd48117870>,51,15,[13  1],52,-1,142,-1,127
1,<environment.Job instance at 0x7fcd48117e60>,52,19,[11  4],53,-1,146,-1,127
1,<environment.Job instance at 0x7fcd48117370>,54,25,[3 9],55,-1,152,-1,127
1,<environment.Job instance at 0x7fcd46cbdaa0>,7,18,[13  1],8,-1,28,-1,10
1,<environment.Job instance at 0x7fcd46cbd780>,9,27,[1 6],10,-1,41,-1,14
1,<environment.Job instance at 0x7fcd46cbdf50>,10,25,[2 8],11,-1,39,-1,14
1,<environment.Job instance at 0x7fcd46cbdd20>,12,15,[ 3 14],13,-1,48,-1,33
1,<environment.Job instance at 0x7fcd46cbd1e0>,13,16,[12  1],14,-1,49,-1,33
1,<environment.Job instance at 0x7fcd46cbd960>,14,13,[ 5 13],15,-1,46,-1,33
1,<environment.Job instance at 0x7fcd46cbd7d0>,15,17,[ 5 12],16,-1,50,-1,33
1,<environment.Job instance at 0x7fcd46cbd8c0>,19,25,[ 1 11],20,-1,87,-1,62
1,<environment.Job instance at 0x7fcd46cbd690>,20,24,[3 8],21,-1,86,-1,62
1,<environment.Job instance at 0x7fcd46c9d050>,23,28,[1 7],24,-1,107,-1,79
1,<environment.Job instance at 0x7fcd46c9dd20>,27,28,[ 4 12],28,-1,121,-1,93
1,<environment.Job instance at 0x7fcd46c9d640>,28,27,[3 8],29,-1,120,-1,93
1,<environment.Job instance at 0x7fcd46c9df50>,29,16,[ 3 14],30,-1,109,-1,93
1,<environment.Job instance at 0x7fcd469dc780>,30,12,[13  2],31,-1,105,-1,93
1,<environment.Job instance at 0x7fcd469dc1e0>,32,14,[14  2],33,-1,115,-1,101
1,<environment.Job instance at 0x7fcd469dc3c0>,34,25,[5 6],35,-1,126,-1,101
1,<environment.Job instance at 0x7fcd469dc870>,35,13,[13  4],36,-1,114,-1,101
1,<environment.Job instance at 0x7fcd469dc460>,36,26,[ 4 11],37,-1,127,-1,101
1,<environment.Job instance at 0x7fcd469dcaa0>,38,19,[11  2],39,-1,135,-1,116
1,<environment.Job instance at 0x7fcd469dca00>,39,16,[12  2],40,-1,132,-1,116
1,<environment.Job instance at 0x7fcd469dc6e0>,40,23,[13  5],41,-1,139,-1,116
1,<environment.Job instance at 0x7fcd4765efa0>,42,19,[14  3],43,-1,156,-1,137
1,<environment.Job instance at 0x7fcd469dc690>,43,26,[4 6],44,-1,163,-1,137
1,<environment.Job instance at 0x7fcd479491e0>,44,14,[13  4],45,-1,151,-1,137
1,<environment.Job instance at 0x7fcd4765ea50>,45,21,[12  5],46,-1,158,-1,137
1,<environment.Job instance at 0x7fcd47949b90>,46,12,[12  1],47,-1,149,-1,137
1,<environment.Job instance at 0x7fcd4794a370>,47,16,[ 1 14],48,-1,153,-1,137
1,<environment.Job instance at 0x7fcd4794aaa0>,48,21,[ 2 12],49,-1,158,-1,137
1,<environment.Job instance at 0x7fcd47fe0140>,51,24,[7 2],52,-1,161,-1,137
1,<environment.Job instance at 0x7fcd4732e050>,5,28,[ 3 14],6,-1,34,-1,6
1,<environment.Job instance at 0x7fcd4732ec30>,6,21,[ 1 14],7,-1,28,-1,7
1,<environment.Job instance at 0x7fcd4732ed70>,7,19,[ 2 13],8,-1,27,-1,8
1,<environment.Job instance at 0x7fcd4732ecd0>,11,21,[ 2 11],12,-1,33,-1,12
1,<environment.Job instance at 0x7fcd4732e4b0>,12,22,[10  3],13,-1,43,-1,21
1,<environment.Job instance at 0x7fcd47e8e280>,15,25,[9 4],16,-1,46,-1,21
1,<environment.Job instance at 0x7fcd4732e870>,16,12,[ 2 11],17,-1,33,-1,21
1,<environment.Job instance at 0x7fcd47e8e0a0>,17,13,[2 8],18,-1,43,-1,30
1,<environment.Job instance at 0x7fcd47e8e0f0>,18,26,[6 3],19,-1,56,-1,30
1,<environment.Job instance at 0x7fcd47e8ee10>,20,17,[12  5],21,-1,47,-1,30
1,<environment.Job instance at 0x7fcd47e8e2d0>,21,27,[ 5 13],22,-1,57,-1,30
1,<environment.Job instance at 0x7fcd47e8eaf0>,22,25,[ 2 11],23,-1,55,-1,30
1,<environment.Job instance at 0x7fcd47e8e730>,24,28,[11  5],25,-1,69,-1,41
1,<environment.Job instance at 0x7fcd47e8ecd0>,25,15,[6 1],26,-1,61,-1,46
1,<environment.Job instance at 0x7fcd47e8ef00>,26,22,[ 2 13],27,-1,68,-1,46
1,<environment.Job instance at 0x7fcd47e8e910>,27,25,[ 1 13],28,-1,71,-1,46
1,<environment.Job instance at 0x7fcd47e8e640>,28,18,[13  1],29,-1,64,-1,46
1,<environment.Job instance at 0x7fcd47e8e8c0>,29,17,[ 4 11],30,-1,63,-1,46
1,<environment.Job instance at 0x7fcd47e8ec30>,30,26,[8 2],31,-1,72,-1,46
1,<environment.Job instance at 0x7fcd47e8ea50>,31,25,[ 5 10],32,-1,71,-1,46
1,<environment.Job instance at 0x7fcd47e8e7d0>,33,22,[11  3],34,-1,72,-1,50
1,<environment.Job instance at 0x7fcd47e8e500>,34,14,[ 5 11],35,-1,64,-1,50
1,<environment.Job instance at 0x7fcd47e8ee60>,36,18,[ 1 11],37,-1,76,-1,58
1,<environment.Job instance at 0x7fcd47e8eaa0>,37,27,[11  3],38,-1,85,-1,58
1,<environment.Job instance at 0x7fcd47e8e820>,38,14,[12  4],39,-1,72,-1,58
1,<environment.Job instance at 0x7fcd47315280>,39,19,[ 3 12],40,-1,77,-1,58
1,<environment.Job instance at 0x7fcd47315eb0>,40,13,[6 4],41,-1,71,-1,58
1,<environment.Job instance at 0x7fcd47315050>,41,27,[5 4],42,-1,85,-1,58
1,<environment.Job instance at 0x7fcd47315c30>,42,22,[1 8],43,-1,92,-1,70
1,<environment.Job instance at 0x7fcd473155f0>,43,24,[7 5],44,-1,94,-1,70
1,<environment.Job instance at 0x7fcd47315a50>,44,13,[ 2 13],45,-1,83,-1,70
1,<environment.Job instance at 0x7fcd47315500>,45,17,[ 1 13],46,-1,87,-1,70
1,<environment.Job instance at 0x7fcd47315fa0>,46,20,[12  1],47,-1,90,-1,70
1,<environment.Job instance at 0x7fcd47315870>,47,14,[2 7],48,-1,84,-1,70
1,<environment.Job instance at 0x7fcd47315cd0>,48,24,[ 3 14],49,-1,94,-1,70
1,<environment.Job instance at 0x7fcd473157d0>,49,25,[10  2],50,-1,95,-1,70
1,<environment.Job instance at 0x7fcd473151e0>,50,19,[3 5],51,-1,89,-1,70
1,<environment.Job instance at 0x7fcd47315b40>,51,19,[ 5 11],52,-1,89,-1,70
1,<environment.Job instance at 0x7fcd47315f00>,53,12,[ 5 14],54,-1,82,-1,70
1,<environment.Job instance at 0x7fcd47315320>,54,24,[9 4],55,-1,94,-1,70
1,<environment.Job instance at 0x7fcd47315f50>,55,15,[13  4],56,-1,85,-1,70
1,<environment.Job instance at 0x7fcd473150a0>,56,14,[2 6],57,-1,84,-1,70
1,<environment.Job instance at 0x7fcd473156e0>,57,28,[14  4],58,-1,98,-1,70
1,<environment.Job instance at 0x7fcd4777f370>,58,18,[13  4],59,-1,88,-1,70
1,<environment.Job instance at 0x7fcd4777f5a0>,59,22,[14  1],60,-1,92,-1,70
1,<environment.Job instance at 0x7fcd4777faa0>,60,17,[ 3 11],61,-1,87,-1,70
1,<environment.Job instance at 0x7fcd4777fb90>,61,26,[13  3],62,-1,96,-1,70
1,<environment.Job instance at 0x7fcd4777f0f0>,62,28,[7 2],63,-1,98,-1,70
1,<environment.Job instance at 0x7fcd4777fe60>,63,22,[8 3],64,-1,93,-1,71
1,<environment.Job instance at 0x7fcd4777f190>,65,12,[ 3 11],66,-1,86,-1,74
1,<environment.Job instance at 0x7fcd4777fa00>,66,13,[1 5],67,-1,87,-1,74
1,<environment.Job instance at 0x7fcd4777ff00>,67,21,[12  5],68,-1,95,-1,74
1,<environment.Job instance at 0x7fcd4777f410>,68,25,[6 2],69,-1,99,-1,74
1,<environment.Job instance at 0x7fcd4777f2d0>,69,28,[8 1],70,-1,102,-1,74
1,<environment.Job instance at 0x7fcd4777f8c0>,70,25,[3 8],71,-1,99,-1,74
1,<environment.Job instance at 0x7fcd46fd0be0>,71,21,[14  1],72,-1,95,-1,74
1,<environment.Job instance at 0x7fcd4777f460>,72,26,[ 3 13],73,-1,100,-1,74
1,<environment.Job instance at 0x7fcd46fd03c0>,73,14,[ 5 12],74,-1,88,-1,74
1,<environment.Job instance at 0x7fcd46fd0050>,74,18,[ 4 11],75,-1,93,-1,75
1,<environment.Job instance at 0x7fcd46fd0e10>,76,28,[12  3],77,-1,112,-1,84
1,<environment.Job instance at 0x7fcd46fd0690>,77,18,[10  2],78,-1,106,-1,88
1,<environment.Job instance at 0x7fcd46fd0230>,78,20,[14  5],79,-1,108,-1,88
1,<environment.Job instance at 0x7fcd46fd0f50>,80,28,[ 5 11],81,-1,116,-1,88
1,<environment.Job instance at 0x7fcd46fd0aa0>,81,21,[11  5],82,-1,109,-1,88
1,<environment.Job instance at 0x7fcd46fd0870>,82,13,[12  4],83,-1,101,-1,88
1,<environment.Job instance at 0x7fcd46fd0140>,83,25,[14  4],84,-1,113,-1,88
1,<environment.Job instance at 0x7fcd46fd0500>,85,22,[5 5],86,-1,110,-1,88
1,<environment.Job instance at 0x7fcd46fd09b0>,86,28,[9 4],87,-1,116,-1,88
1,<environment.Job instance at 0x7fcd46fd0910>,87,14,[1 9],88,-1,105,-1,91
1,<environment.Job instance at 0x7fcd476b45f0>,88,22,[ 2 10],89,-1,113,-1,91
1,<environment.Job instance at 0x7fcd476b47d0>,89,13,[5 1],90,-1,104,-1,91
1,<environment.Job instance at 0x7fcd476b4320>,90,13,[6 4],91,-1,106,-1,93
1,<environment.Job instance at 0x7fcd476b4b40>,91,25,[10  3],92,-1,118,-1,93
1,<environment.Job instance at 0x7fcd476b4e10>,92,23,[3 9],93,-1,116,-1,93
1,<environment.Job instance at 0x7fcd476b44b0>,93,19,[8 1],94,-1,119,-1,100
1,<environment.Job instance at 0x7fcd476b4230>,94,19,[ 2 12],95,-1,119,-1,100
1,<environment.Job instance at 0x7fcd476b4c30>,95,13,[3 7],96,-1,113,-1,100
1,<environment.Job instance at 0x7fcd476b4e60>,96,12,[3 6],97,-1,112,-1,100
1,<environment.Job instance at 0x7fcd476b4a50>,97,17,[ 1 11],98,-1,117,-1,100
1,<environment.Job instance at 0x7fcd476b4fa0>,98,27,[7 5],99,-1,127,-1,100
1,<environment.Job instance at 0x7fcd476b4d70>,99,17,[10  1],100,-1,117,-1,100
1,<environment.Job instance at 0x7fcd46ffb6e0>,100,20,[1 9],101,-1,122,-1,102
1,<environment.Job instance at 0x7fcd46ffb9b0>,102,22,[6 1],103,-1,125,-1,103
1,<environment.Job instance at 0x7fcd46ffbc80>,103,21,[10  3],104,-1,132,-1,111
1,<environment.Job instance at 0x7fcd46ffb4b0>,105,12,[1 6],106,-1,124,-1,112
1,<environment.Job instance at 0x7fcd46ffbd70>,106,13,[3 5],107,-1,125,-1,112
1,<environment.Job instance at 0x7fcd46ffb190>,107,26,[5 7],108,-1,138,-1,112
1,<environment.Job instance at 0x7fcd46ffb640>,109,28,[9 1],110,-1,144,-1,116
1,<environment.Job instance at 0x7fcd4732e910>,2,14,[ 1 11],3,-1,17,-1,3
1,<environment.Job instance at 0x7fcd4732ef50>,4,21,[ 3 13],5,-1,26,-1,5
1,<environment.Job instance at 0x7fcd46c45500>,6,28,[ 1 14],7,-1,35,-1,7
1,<environment.Job instance at 0x7fcd46c45730>,12,28,[2 8],13,-1,43,-1,15
1,<environment.Job instance at 0x7fcd46c45a00>,13,13,[ 5 12],14,-1,28,-1,15
1,<environment.Job instance at 0x7fcd46c45aa0>,14,25,[ 2 14],15,-1,40,-1,15
1,<environment.Job instance at 0x7fcd46c45cd0>,18,17,[ 1 14],19,-1,61,-1,44
1,<environment.Job instance at 0x7fcd46c45e10>,20,24,[12  3],21,-1,70,-1,46
1,<environment.Job instance at 0x7fcd46c45eb0>,21,12,[11  5],22,-1,58,-1,46
1,<environment.Job instance at 0x7fcd46c45f50>,22,16,[ 5 13],23,-1,62,-1,46
1,<environment.Job instance at 0x7fcd46c45b90>,23,25,[7 4],24,-1,71,-1,46
1,<environment.Job instance at 0x7fcd46c48190>,25,23,[ 4 14],26,-1,80,-1,57
1,<environment.Job instance at 0x7fcd46c48230>,26,26,[11  3],27,-1,83,-1,57
1,<environment.Job instance at 0x7fcd46c482d0>,27,26,[7 2],28,-1,83,-1,57
1,<environment.Job instance at 0x7fcd46c48410>,28,17,[12  5],29,-1,74,-1,57
1,<environment.Job instance at 0x7fcd46c480a0>,29,26,[1 5],30,-1,83,-1,57
1,<environment.Job instance at 0x7fcd46c48500>,30,22,[ 3 11],31,-1,79,-1,57
1,<environment.Job instance at 0x7fcd46c48690>,33,15,[13  3],34,-1,105,-1,90
1,<environment.Job instance at 0x7fcd46c48730>,34,24,[7 2],35,-1,114,-1,90
1,<environment.Job instance at 0x7fcd46c487d0>,35,12,[ 5 12],36,-1,102,-1,90
1,<environment.Job instance at 0x7fcd46c48870>,36,25,[7 5],37,-1,115,-1,90
1,<environment.Job instance at 0x7fcd46c48910>,37,17,[ 2 13],38,-1,107,-1,90
1,<environment.Job instance at 0x7fcd46c48af0>,40,23,[ 5 10],41,-1,113,-1,90
1,<environment.Job instance at 0x7fcd46c48b90>,41,22,[12  5],42,-1,112,-1,90
1,<environment.Job instance at 0x7fcd46c48c30>,42,12,[11  5],43,-1,102,-1,90
1,<environment.Job instance at 0x7fcd46c48cd0>,43,25,[14  3],44,-1,115,-1,90
1,<environment.Job instance at 0x7fcd46c48fa0>,45,18,[ 3 14],46,-1,120,-1,102
1,<environment.Job instance at 0x7fcd46c48f50>,46,16,[12  1],47,-1,118,-1,102
1,<environment.Job instance at 0x7fcd47430230>,49,19,[ 2 12],50,-1,139,-1,120
1,<environment.Job instance at 0x7fcd474302d0>,50,17,[ 2 12],51,-1,137,-1,120
1,<environment.Job instance at 0x7fcd47430550>,54,18,[14  5],55,-1,156,-1,138
1,<environment.Job instance at 0x7fcd47430690>,56,24,[ 2 11],57,-1,162,-1,138
1,<environment.Job instance at 0x7fcd474308c0>,57,25,[9 4],58,-1,163,-1,138
1,<environment.Job instance at 0x7fcd47430780>,58,17,[14  2],59,-1,155,-1,138
1,<environment.Job instance at 0x7fcd474309b0>,59,16,[12  5],60,-1,154,-1,138
1,<environment.Job instance at 0x7fcd47430af0>,61,23,[12  4],62,-1,161,-1,138
1,<environment.Job instance at 0x7fcd47430b90>,62,18,[14  2],63,-1,156,-1,138
1,<environment.Job instance at 0x7fcd47430c30>,63,19,[11  5],64,-1,157,-1,138
1,<environment.Job instance at 0x7fcd47430cd0>,64,17,[12  1],65,-1,155,-1,138
1,<environment.Job instance at 0x7fd91f0101e0>,3,15,[13  4],4,-1,19,-1,4
1,<environment.Job instance at 0x7fd915898500>,4,24,[ 3 11],5,-1,29,-1,5
1,<environment.Job instance at 0x7fd9158986e0>,6,19,[ 1 13],7,-1,26,-1,7
1,<environment.Job instance at 0x7fd9158987d0>,8,24,[ 2 12],9,-1,33,-1,9
1,<environment.Job instance at 0x7fd915898cd0>,13,27,[3 8],14,-1,49,-1,22
1,<environment.Job instance at 0x7fd915898d70>,14,14,[14  3],15,-1,36,-1,22
1,<environment.Job instance at 0x7fd915898e10>,15,24,[ 2 13],16,-1,46,-1,22
1,<environment.Job instance at 0x7fd915898eb0>,16,19,[ 3 12],17,-1,41,-1,22
1,<environment.Job instance at 0x7fd915898f50>,17,18,[ 5 13],18,-1,40,-1,22
1,<environment.Job instance at 0x7fd915898910>,19,21,[14  4],20,-1,43,-1,22
1,<environment.Job instance at 0x7fd915899230>,21,22,[14  2],22,-1,58,-1,36
1,<environment.Job instance at 0x7fd915899410>,22,25,[ 4 12],23,-1,61,-1,36
1,<environment.Job instance at 0x7fd9158994b0>,24,20,[ 3 12],25,-1,60,-1,40
1,<environment.Job instance at 0x7fd915899550>,25,16,[11  3],26,-1,56,-1,40
1,<environment.Job instance at 0x7fd915899690>,27,25,[14  4],28,-1,81,-1,56
1,<environment.Job instance at 0x7fd915899910>,31,13,[4 5],32,-1,91,-1,78
1,<environment.Job instance at 0x7fd9158999b0>,32,14,[14  3],33,-1,92,-1,78
1,<environment.Job instance at 0x7fd915899b90>,35,23,[11  2],36,-1,119,-1,96
1,<environment.Job instance at 0x7fd915899cd0>,36,27,[10  1],37,-1,123,-1,96
1,<environment.Job instance at 0x7fd915899460>,37,22,[2 5],38,-1,119,-1,97
1,<environment.Job instance at 0x7fd915899dc0>,38,16,[ 1 13],39,-1,113,-1,97
1,<environment.Job instance at 0x7fd915899140>,40,19,[ 3 10],41,-1,117,-1,98
1,<environment.Job instance at 0x7fd915899fa0>,41,26,[13  2],42,-1,124,-1,98
1,<environment.Job instance at 0x7fd915899050>,42,18,[ 1 13],43,-1,116,-1,98
1,<environment.Job instance at 0x7fd91589e050>,43,14,[6 1],44,-1,114,-1,100
1,<environment.Job instance at 0x7fd91589e280>,46,17,[ 5 12],47,-1,129,-1,112
1,<environment.Job instance at 0x7fd91589e3c0>,48,25,[11  4],49,-1,150,-1,125
1,<environment.Job instance at 0x7fd91589e460>,49,23,[2 6],50,-1,148,-1,125
1,<environment.Job instance at 0x7fd91589e500>,50,13,[12  1],51,-1,138,-1,125
1,<environment.Job instance at 0x7fd91589e5a0>,51,24,[ 1 11],52,-1,149,-1,125
1,<environment.Job instance at 0x7fd91589e640>,52,27,[9 1],53,-1,152,-1,125
1,<environment.Job instance at 0x7fd91589e6e0>,3,26,[ 3 11],4,-1,30,-1,4
1,<environment.Job instance at 0x7fd915ee5370>,4,25,[ 5 11],5,-1,30,-1,5
1,<environment.Job instance at 0x7fd915ee5f50>,6,16,[ 1 11],7,-1,23,-1,7
1,<environment.Job instance at 0x7fd915ee5500>,8,25,[4 6],9,-1,34,-1,9
1,<environment.Job instance at 0x7fd915ee54b0>,9,26,[4 9],10,-1,36,-1,10
1,<environment.Job instance at 0x7fd915ee5aa0>,12,21,[12  4],13,-1,34,-1,13
1,<environment.Job instance at 0x7fd915f3b320>,13,14,[12  3],14,-1,28,-1,14
1,<environment.Job instance at 0x7fd915f3ba00>,14,28,[ 3 13],15,-1,43,-1,15
1,<environment.Job instance at 0x7fd915f3bc80>,15,22,[ 3 12],16,-1,38,-1,16
1,<environment.Job instance at 0x7fd915f3b550>,16,23,[11  2],17,-1,40,-1,17
1,<environment.Job instance at 0x7fd915f3be10>,11,12,[12  4],12,-1,30,-1,18
1,<environment.Job instance at 0x7fd915f3b870>,18,22,[ 2 10],19,-1,41,-1,19
1,<environment.Job instance at 0x7fd915f3b140>,19,15,[12  2],20,-1,35,-1,20
1,<environment.Job instance at 0x7fd915f3b5f0>,21,18,[ 4 10],22,-1,47,-1,29
1,<environment.Job instance at 0x7fd914fc0460>,25,14,[11  3],26,-1,43,-1,29
1,<environment.Job instance at 0x7fd9151ec5a0>,26,19,[ 5 14],27,-1,48,-1,29
1,<environment.Job instance at 0x7fd9151e65a0>,28,27,[9 4],29,-1,67,-1,40
1,<environment.Job instance at 0x7fd915322c80>,29,25,[ 3 11],30,-1,65,-1,40
1,<environment.Job instance at 0x7fd914fe4a50>,30,27,[13  4],31,-1,67,-1,40
1,<environment.Job instance at 0x7fd9152f8910>,31,13,[ 4 10],32,-1,53,-1,40
1,<environment.Job instance at 0x7fd914f245a0>,33,23,[ 2 14],34,-1,63,-1,40
1,<environment.Job instance at 0x7fd914f89820>,34,12,[ 2 11],35,-1,52,-1,40
1,<environment.Job instance at 0x7fd9153740f0>,36,24,[8 2],37,-1,68,-1,44
1,<environment.Job instance at 0x7fd914faa690>,37,22,[1 7],38,-1,72,-1,50
1,<environment.Job instance at 0x7fd914fe78c0>,38,28,[ 4 13],39,-1,78,-1,50
1,<environment.Job instance at 0x7fd914fe7be0>,39,26,[3 6],40,-1,76,-1,50
1,<environment.Job instance at 0x7fd915338140>,40,12,[11  1],41,-1,62,-1,50
1,<environment.Job instance at 0x7fd915338b40>,41,12,[ 5 11],42,-1,62,-1,50
1,<environment.Job instance at 0x7fd9153385a0>,42,15,[ 3 11],43,-1,65,-1,50
1,<environment.Job instance at 0x7fd915338cd0>,43,24,[ 1 10],44,-1,74,-1,50
1,<environment.Job instance at 0x7fd914f614b0>,44,24,[ 1 11],45,-1,74,-1,50
1,<environment.Job instance at 0x7fd914fb4780>,45,25,[8 2],46,-1,75,-1,50
1,<environment.Job instance at 0x7fd91535b550>,46,14,[14  4],47,-1,64,-1,50
1,<environment.Job instance at 0x7fd91538e0f0>,47,25,[5 4],48,-1,75,-1,50
1,<environment.Job instance at 0x7fd91538ec30>,49,16,[ 3 12],50,-1,72,-1,56
1,<environment.Job instance at 0x7fd91538eeb0>,50,23,[5 8],51,-1,79,-1,56
1,<environment.Job instance at 0x7fd91538e3c0>,51,21,[ 4 11],52,-1,77,-1,56
1,<environment.Job instance at 0x7fd9152b20a0>,52,20,[ 3 12],53,-1,76,-1,56
1,<environment.Job instance at 0x7fd91538eaa0>,53,23,[10  3],54,-1,79,-1,56
1,<environment.Job instance at 0x7fd9153520a0>,54,28,[3 8],55,-1,84,-1,56
1,<environment.Job instance at 0x7fd9153526e0>,55,24,[12  1],56,-1,80,-1,56
1,<environment.Job instance at 0x7fd91536feb0>,56,14,[11  2],57,-1,71,-1,57
1,<environment.Job instance at 0x7fd91536f550>,57,27,[5 3],58,-1,85,-1,58
1,<environment.Job instance at 0x7fd91536ffa0>,59,17,[ 5 11],60,-1,90,-1,73
1,<environment.Job instance at 0x7fd915335d20>,60,13,[11  1],61,-1,86,-1,73
1,<environment.Job instance at 0x7fd915335f50>,61,27,[14  2],62,-1,100,-1,73
1,<environment.Job instance at 0x7fd91534f6e0>,62,25,[13  2],63,-1,98,-1,73
1,<environment.Job instance at 0x7fd91534f7d0>,63,21,[ 4 12],64,-1,94,-1,73
1,<environment.Job instance at 0x7fd915355410>,65,18,[ 5 11],66,-1,91,-1,73
1,<environment.Job instance at 0x7fd915340640>,67,12,[11  1],68,-1,103,-1,91
1,<environment.Job instance at 0x7fd915340460>,68,13,[ 5 13],69,-1,104,-1,91
1,<environment.Job instance at 0x7fd914fb4370>,2,20,[14  4],3,-1,23,-1,3
1,<environment.Job instance at 0x7fd914fb4460>,4,16,[ 2 11],5,-1,21,-1,5
1,<environment.Job instance at 0x7fd914fb46e0>,5,24,[8 2],6,-1,30,-1,6
1,<environment.Job instance at 0x7fd914fc2c80>,13,26,[4 8],14,-1,64,-1,38
1,<environment.Job instance at 0x7fd914fc2f50>,14,17,[12  2],15,-1,55,-1,38
1,<environment.Job instance at 0x7fd914fc2280>,15,19,[11  2],16,-1,57,-1,38
1,<environment.Job instance at 0x7fd914fc28c0>,16,12,[14  5],17,-1,50,-1,38
1,<environment.Job instance at 0x7fd914fc2e60>,17,24,[ 1 11],18,-1,62,-1,38
1,<environment.Job instance at 0x7fd914fc2640>,18,18,[ 4 12],19,-1,56,-1,38
1,<environment.Job instance at 0x7fd914fc2eb0>,19,18,[ 3 10],20,-1,61,-1,43
1,<environment.Job instance at 0x7fd914fc2370>,22,22,[ 3 14],23,-1,79,-1,57
1,<environment.Job instance at 0x7fd914fc2690>,23,28,[14  4],24,-1,85,-1,57
1,<environment.Job instance at 0x7fd914fc69b0>,25,25,[ 3 13],26,-1,98,-1,73
1,<environment.Job instance at 0x7fd914fc6fa0>,27,24,[ 2 13],28,-1,119,-1,95
1,<environment.Job instance at 0x7fd914fc6f50>,28,21,[ 2 14],29,-1,116,-1,95
1,<environment.Job instance at 0x7fd914fc68c0>,29,16,[ 5 13],30,-1,111,-1,95
1,<environment.Job instance at 0x7fd914fc6c80>,30,28,[1 7],31,-1,123,-1,95
1,<environment.Job instance at 0x7fd914fc6820>,32,13,[ 4 10],33,-1,108,-1,95
1,<environment.Job instance at 0x7fd914fc6320>,34,24,[12  1],35,-1,128,-1,104
1,<environment.Job instance at 0x7fd914fc6dc0>,36,18,[13  2],37,-1,126,-1,108
1,<environment.Job instance at 0x7fd914fc6aa0>,37,19,[ 5 13],38,-1,127,-1,108
1,<environment.Job instance at 0x7fd914fc6460>,38,28,[3 5],39,-1,136,-1,108
1,<environment.Job instance at 0x7fd914fc6f00>,43,15,[ 3 11],44,-1,163,-1,148
1,<environment.Job instance at 0x7fd914fc6410>,45,27,[2 8],46,-1,175,-1,148
1,<environment.Job instance at 0x7fd914fc6b40>,46,12,[ 3 11],47,-1,160,-1,148
1,<environment.Job instance at 0x7fd915587550>,2,27,[ 2 11],3,-1,30,-1,3
1,<environment.Job instance at 0x7fd91583b280>,3,27,[ 3 14],4,-1,31,-1,4
1,<environment.Job instance at 0x7fd91583bdc0>,6,28,[5 2],7,-1,35,-1,7
1,<environment.Job instance at 0x7fd9153a06e0>,7,28,[13  5],8,-1,36,-1,8
1,<environment.Job instance at 0x7fd9153a0eb0>,8,26,[8 3],9,-1,35,-1,9
1,<environment.Job instance at 0x7fd915c46eb0>,16,25,[ 1 13],17,-1,74,-1,49
1,<environment.Job instance at 0x7fd914fc6fa0>,17,26,[10  3],18,-1,75,-1,49
1,<environment.Job instance at 0x7fd914fae7d0>,20,21,[13  1],21,-1,78,-1,57
1,<environment.Job instance at 0x7fd914fc6370>,21,18,[ 2 12],22,-1,75,-1,57
1,<environment.Job instance at 0x7fd914fc6820>,22,14,[ 2 11],23,-1,71,-1,57
1,<environment.Job instance at 0x7fd914fe43c0>,24,12,[ 4 13],25,-1,75,-1,63
1,<environment.Job instance at 0x7fd915521820>,26,14,[ 3 12],27,-1,92,-1,78
1,<environment.Job instance at 0x7fd9157daeb0>,27,23,[13  3],28,-1,101,-1,78
1,<environment.Job instance at 0x7fd9153c6690>,28,16,[13  5],29,-1,94,-1,78
1,<environment.Job instance at 0x7fd9159e5e10>,31,23,[8 4],32,-1,101,-1,78
1,<environment.Job instance at 0x7fd9158406e0>,32,23,[9 3],33,-1,101,-1,78
1,<environment.Job instance at 0x7fd9150b2eb0>,33,24,[ 4 11],34,-1,102,-1,78
1,<environment.Job instance at 0x7fd914f8cfa0>,34,14,[13  1],35,-1,92,-1,78
1,<environment.Job instance at 0x7fd915335f00>,35,14,[11  1],36,-1,92,-1,78
1,<environment.Job instance at 0x7fd915dfbbe0>,36,12,[12  5],37,-1,90,-1,78
1,<environment.Job instance at 0x7fd9152ac2d0>,38,14,[ 1 13],39,-1,101,-1,87
1,<environment.Job instance at 0x7fd91551d460>,40,27,[ 4 10],41,-1,118,-1,91
1,<environment.Job instance at 0x7fd91551d730>,41,28,[ 4 14],42,-1,119,-1,91
1,<environment.Job instance at 0x7fd9153b09b0>,42,14,[ 4 10],43,-1,105,-1,91
1,<environment.Job instance at 0x7fd9153b0c80>,43,27,[11  1],44,-1,118,-1,91
1,<environment.Job instance at 0x7fd9150b05f0>,46,28,[4 9],47,-1,135,-1,107
1,<environment.Job instance at 0x7fd9153a41e0>,47,28,[7 5],48,-1,135,-1,107
1,<environment.Job instance at 0x7fd9153a4050>,48,18,[14  2],49,-1,125,-1,107
1,<environment.Job instance at 0x7fd9153a4370>,49,18,[12  2],50,-1,125,-1,107
1,<environment.Job instance at 0x7fd9153a4550>,52,19,[ 2 14],53,-1,142,-1,123
1,<environment.Job instance at 0x7fd915734910>,3,18,[14  1],4,-1,22,-1,4
1,<environment.Job instance at 0x7fd915734280>,4,24,[9 2],5,-1,29,-1,5
1,<environment.Job instance at 0x7fd9157085f0>,6,15,[ 5 11],7,-1,22,-1,7
1,<environment.Job instance at 0x7fd915706d70>,7,27,[ 2 13],8,-1,35,-1,8
1,<environment.Job instance at 0x7fd9157061e0>,8,27,[5 1],9,-1,36,-1,9
1,<environment.Job instance at 0x7fd915706190>,9,16,[ 3 12],10,-1,26,-1,10
1,<environment.Job instance at 0x7fd915706c30>,10,12,[ 3 12],11,-1,23,-1,11
1,<environment.Job instance at 0x7fd915722e10>,11,13,[ 3 12],12,-1,25,-1,12
1,<environment.Job instance at 0x7fd915722b40>,12,24,[ 4 10],13,-1,37,-1,13
1,<environment.Job instance at 0x7fd915722c30>,13,25,[11  2],14,-1,39,-1,14
1,<environment.Job instance at 0x7fd915722d20>,14,23,[ 1 14],15,-1,38,-1,15
1,<environment.Job instance at 0x7fd915722960>,16,12,[ 3 12],17,-1,29,-1,17
1,<environment.Job instance at 0x7fd9156f5910>,22,22,[ 5 14],23,-1,54,-1,32
1,<environment.Job instance at 0x7fd9156f5870>,23,17,[12  4],24,-1,49,-1,32
1,<environment.Job instance at 0x7fd9156f5820>,24,26,[ 1 10],25,-1,58,-1,32
1,<environment.Job instance at 0x7fd9156f51e0>,27,21,[7 2],28,-1,130,-1,109
1,<environment.Job instance at 0x7fd915704910>,36,15,[6 1],37,-1,124,-1,109
1,<environment.Job instance at 0x7fd915ca5410>,37,22,[ 3 10],38,-1,131,-1,109
1,<environment.Job instance at 0x7fd915ca5b40>,38,14,[6 5],39,-1,124,-1,110
1,<environment.Job instance at 0x7fd915ca5a00>,39,19,[ 4 10],40,-1,129,-1,110
1,<environment.Job instance at 0x7fd915714190>,40,12,[1 5],41,-1,122,-1,110
1,<environment.Job instance at 0x7fd915714f50>,41,24,[ 4 10],42,-1,134,-1,110
1,<environment.Job instance at 0x7fd915714910>,42,24,[ 2 14],43,-1,134,-1,110
1,<environment.Job instance at 0x7fd915714050>,43,16,[12  2],44,-1,126,-1,110
1,<environment.Job instance at 0x7fd915c9f500>,44,15,[ 5 12],45,-1,125,-1,110
1,<environment.Job instance at 0x7fd9152b7a50>,45,28,[ 2 11],46,-1,138,-1,110
1,<environment.Job instance at 0x7fd91525dc80>,46,28,[13  3],47,-1,138,-1,110
1,<environment.Job instance at 0x7fd914eec230>,47,21,[1 9],48,-1,132,-1,111
1,<environment.Job instance at 0x7fd91525cd20>,48,23,[13  5],49,-1,134,-1,111
1,<environment.Job instance at 0x7fd915ca5280>,49,19,[ 3 13],50,-1,130,-1,111
1,<environment.Job instance at 0x7fd914ebd280>,50,21,[5 4],51,-1,160,-1,139
1,<environment.Job instance at 0x7fd914ecff00>,55,20,[ 1 11],56,-1,159,-1,139
1,<environment.Job instance at 0x7fd914e98a50>,56,27,[4 6],57,-1,166,-1,139
1,<environment.Job instance at 0x7fd914e98be0>,57,26,[8 5],58,-1,165,-1,139
1,<environment.Job instance at 0x7fd914e98eb0>,58,12,[ 3 14],59,-1,151,-1,139
1,<environment.Job instance at 0x7fd915cc28c0>,8,16,[ 1 12],9,-1,27,-1,11
1,<environment.Job instance at 0x7fd915cc2eb0>,9,26,[5 9],10,-1,37,-1,11
1,<environment.Job instance at 0x7fd9155b5820>,22,17,[ 1 14],23,-1,141,-1,124
1,<environment.Job instance at 0x7fd9155b5690>,3,25,[14  5],4,-1,29,-1,4
1,<environment.Job instance at 0x7fd914eec370>,4,26,[10  2],5,-1,31,-1,5
1,<environment.Job instance at 0x7fd914eec2d0>,5,14,[14  1],6,-1,20,-1,6
1,<environment.Job instance at 0x7fd914eec230>,7,26,[12  5],8,-1,34,-1,8
1,<environment.Job instance at 0x7fd91525b410>,8,28,[8 3],9,-1,37,-1,9
1,<environment.Job instance at 0x7fd91525b9b0>,9,16,[14  1],10,-1,26,-1,10
1,<environment.Job instance at 0x7fd91525b8c0>,15,26,[12  4],16,-1,61,-1,35
1,<environment.Job instance at 0x7fd91525b370>,19,17,[ 3 12],20,-1,73,-1,56
1,<environment.Job instance at 0x7fd91525b0f0>,20,13,[14  5],21,-1,69,-1,56
1,<environment.Job instance at 0x7fd91525b2d0>,21,21,[ 5 14],22,-1,77,-1,56
1,<environment.Job instance at 0x7fd914e64b90>,22,21,[ 4 11],23,-1,77,-1,56
1,<environment.Job instance at 0x7fd914e64960>,23,25,[2 7],24,-1,81,-1,56
1,<environment.Job instance at 0x7fd914e64c30>,24,23,[14  4],25,-1,79,-1,56
1,<environment.Job instance at 0x7fd914e64500>,25,12,[ 3 11],26,-1,68,-1,56
1,<environment.Job instance at 0x7fd914e64af0>,28,18,[12  1],29,-1,91,-1,73
1,<environment.Job instance at 0x7fd915f5b5a0>,30,24,[12  2],31,-1,111,-1,87
1,<environment.Job instance at 0x7fd915f5b5f0>,32,25,[8 3],33,-1,112,-1,87
1,<environment.Job instance at 0x7fd915f773c0>,33,15,[11  1],34,-1,102,-1,87
1,<environment.Job instance at 0x7fd915f770f0>,35,27,[7 4],36,-1,125,-1,98
1,<environment.Job instance at 0x7fd915f776e0>,38,26,[9 5],39,-1,146,-1,120
1,<environment.Job instance at 0x7fd915f77c30>,39,13,[ 1 10],40,-1,133,-1,120
1,<environment.Job instance at 0x7fd915f777d0>,40,28,[9 3],41,-1,148,-1,120
1,<environment.Job instance at 0x7fd915f77730>,41,27,[5 1],42,-1,147,-1,120
1,<environment.Job instance at 0x7fd915f775f0>,44,27,[6 4],45,-1,159,-1,132
1,<environment.Job instance at 0x7fd915f77d20>,45,25,[6 1],46,-1,157,-1,132
1,<environment.Job instance at 0x7fd915f778c0>,46,23,[5 5],47,-1,155,-1,132
1,<environment.Job instance at 0x7fd915f77690>,47,28,[14  5],48,-1,160,-1,132
1,<environment.Job instance at 0x7fd915f77fa0>,48,12,[13  5],49,-1,144,-1,132
1,<environment.Job instance at 0x7fd915f89a00>,50,23,[13  2],51,-1,156,-1,133
1,<environment.Job instance at 0x7fd915f890a0>,51,21,[12  3],52,-1,154,-1,133
1,<environment.Job instance at 0x7fd915f89b40>,52,17,[14  1],53,-1,150,-1,133
1,<environment.Job instance at 0x7fd915f65c30>,53,15,[ 1 12],54,-1,148,-1,133
1,<environment.Job instance at 0x7fd915f65c30>,3,25,[5 8],4,-1,29,-1,4
1,<environment.Job instance at 0x7fd9157e8af0>,5,17,[ 2 14],6,-1,23,-1,6
1,<environment.Job instance at 0x7fd9157e8820>,6,18,[11  3],7,-1,26,-1,8
1,<environment.Job instance at 0x7fd9157e9d20>,11,24,[11  3],12,-1,39,-1,15
1,<environment.Job instance at 0x7fd9157cf0a0>,12,15,[ 5 12],13,-1,30,-1,15
1,<environment.Job instance at 0x7fd9157cf910>,13,26,[ 1 12],14,-1,41,-1,15
1,<environment.Job instance at 0x7fd9157cfaf0>,14,23,[ 4 10],15,-1,38,-1,15
1,<environment.Job instance at 0x7fd9157cf050>,15,25,[1 8],16,-1,41,-1,16
1,<environment.Job instance at 0x7fd9157cf7d0>,16,27,[ 3 12],17,-1,44,-1,17
1,<environment.Job instance at 0x7fd915a00820>,19,21,[8 3],20,-1,54,-1,33
1,<environment.Job instance at 0x7fd91625b0a0>,21,26,[5 7],22,-1,59,-1,33
1,<environment.Job instance at 0x7fd91625baa0>,22,24,[13  1],23,-1,57,-1,33
1,<environment.Job instance at 0x7fd9157cae60>,23,12,[14  5],24,-1,45,-1,33
1,<environment.Job instance at 0x7fd9157cae10>,24,20,[2 7],25,-1,53,-1,33
1,<environment.Job instance at 0x7fd9157cacd0>,25,26,[6 3],26,-1,59,-1,33
1,<environment.Job instance at 0x7fd9157ca050>,26,17,[ 1 14],27,-1,50,-1,33
1,<environment.Job instance at 0x7fd915835a50>,27,18,[14  3],28,-1,51,-1,33
1,<environment.Job instance at 0x7fd9157ca0f0>,28,25,[11  3],29,-1,58,-1,33
1,<environment.Job instance at 0x7fd9157ca4b0>,29,17,[14  4],30,-1,50,-1,33
1,<environment.Job instance at 0x7fd9157f0b40>,30,18,[7 5],31,-1,54,-1,36
1,<environment.Job instance at 0x7fd9159d98c0>,31,15,[2 7],32,-1,51,-1,36
1,<environment.Job instance at 0x7fd9157f0050>,32,18,[14  4],33,-1,54,-1,36
1,<environment.Job instance at 0x7fd915854690>,33,13,[1 7],34,-1,49,-1,36
1,<environment.Job instance at 0x7fd915854a00>,34,13,[3 5],35,-1,49,-1,36
1,<environment.Job instance at 0x7fd915854d70>,35,16,[3 9],36,-1,53,-1,37
1,<environment.Job instance at 0x7fd9162ca690>,36,16,[13  1],37,-1,53,-1,37
1,<environment.Job instance at 0x7fd9158540f0>,37,28,[ 4 12],38,-1,66,-1,38
1,<environment.Job instance at 0x7fd9159d70f0>,38,15,[12  2],39,-1,54,-1,39
1,<environment.Job instance at 0x7fd9159d4c80>,39,12,[7 4],40,-1,52,-1,40
1,<environment.Job instance at 0x7fd9156e90f0>,40,26,[6 4],41,-1,67,-1,41
1,<environment.Job instance at 0x7fd9159cf050>,41,14,[8 1],42,-1,56,-1,42
1,<environment.Job instance at 0x7fd9159cfc80>,42,15,[ 3 13],43,-1,58,-1,43
1,<environment.Job instance at 0x7fd9159c47d0>,43,21,[9 1],44,-1,65,-1,44
1,<environment.Job instance at 0x7fd9157b9320>,44,18,[13  3],45,-1,63,-1,45
1,<environment.Job instance at 0x7fd9157b9410>,45,28,[9 4],46,-1,74,-1,46
1,<environment.Job instance at 0x7fd9162a18c0>,46,13,[ 5 11],47,-1,60,-1,47
1,<environment.Job instance at 0x7fd915a02f50>,47,19,[14  1],48,-1,67,-1,48
1,<environment.Job instance at 0x7fd915a02a50>,49,12,[8 1],50,-1,62,-1,50
1,<environment.Job instance at 0x7fd9162c9370>,50,14,[10  2],51,-1,67,-1,53
1,<environment.Job instance at 0x7fd915a028c0>,51,22,[5 5],52,-1,75,-1,53
1,<environment.Job instance at 0x7fd9162c9eb0>,52,25,[7 5],53,-1,78,-1,53
1,<environment.Job instance at 0x7fd916298d20>,53,14,[4 9],54,-1,68,-1,54
1,<environment.Job instance at 0x7fd916298eb0>,54,26,[6 1],55,-1,81,-1,55
1,<environment.Job instance at 0x7fd916298f50>,55,21,[ 5 14],56,-1,77,-1,56
1,<environment.Job instance at 0x7fd9162c0050>,56,25,[14  4],57,-1,82,-1,57
1,<environment.Job instance at 0x7fd916298d70>,58,15,[ 3 11],59,-1,74,-1,59
1,<environment.Job instance at 0x7fd9162c0230>,60,27,[ 4 11],61,-1,88,-1,61
1,<environment.Job instance at 0x7fd9162c0370>,61,12,[ 1 10],62,-1,74,-1,62
1,<environment.Job instance at 0x7fd9162c00f0>,63,27,[ 2 11],64,-1,93,-1,66
1,<environment.Job instance at 0x7fd9162c0d20>,64,20,[14  2],65,-1,86,-1,66
1,<environment.Job instance at 0x7fd9162c0c30>,65,26,[14  1],66,-1,92,-1,66
1,<environment.Job instance at 0x7fd9162c0460>,67,25,[13  1],68,-1,102,-1,77
1,<environment.Job instance at 0x7fd9162c0eb0>,68,22,[5 8],69,-1,99,-1,77
1,<environment.Job instance at 0x7fd9162c05f0>,69,13,[5 5],70,-1,90,-1,77
1,<environment.Job instance at 0x7fd9162c0a50>,70,14,[14  4],71,-1,91,-1,77
1,<environment.Job instance at 0x7fd9162c0910>,71,22,[ 4 12],72,-1,99,-1,77
1,<environment.Job instance at 0x7fd91578f4b0>,72,24,[12  4],73,-1,101,-1,77
1,<environment.Job instance at 0x7fd91578fa00>,73,14,[4 5],74,-1,91,-1,77
1,<environment.Job instance at 0x7fd91578f780>,74,16,[ 3 12],75,-1,93,-1,77
1,<environment.Job instance at 0x7fd91578f0f0>,75,14,[1 7],76,-1,91,-1,77
1,<environment.Job instance at 0x7fd91578fcd0>,76,13,[4 5],77,-1,91,-1,78
1,<environment.Job instance at 0x7fd91578f320>,77,23,[2 6],78,-1,101,-1,78
1,<environment.Job instance at 0x7fd91578f5a0>,78,15,[ 3 13],79,-1,94,-1,79
1,<environment.Job instance at 0x7fd91578fd20>,79,15,[ 5 11],80,-1,95,-1,80
1,<environment.Job instance at 0x7fd91578f230>,80,22,[6 5],81,-1,109,-1,87
1,<environment.Job instance at 0x7fd91578f730>,81,24,[9 2],82,-1,111,-1,87
1,<environment.Job instance at 0x7fd91578f910>,82,13,[11  4],83,-1,100,-1,87
1,<environment.Job instance at 0x7fd915778050>,83,17,[ 3 12],84,-1,104,-1,87
1,<environment.Job instance at 0x7fd9157780f0>,84,20,[13  4],85,-1,107,-1,87
1,<environment.Job instance at 0x7fd915778230>,85,22,[5 6],86,-1,113,-1,91
1,<environment.Job instance at 0x7fd9157782d0>,86,20,[12  5],87,-1,111,-1,91
1,<environment.Job instance at 0x7fd915778370>,88,12,[8 4],89,-1,103,-1,91
1,<environment.Job instance at 0x7fd9157784b0>,89,22,[ 3 11],90,-1,113,-1,91
1,<environment.Job instance at 0x7fd915778550>,90,24,[ 1 12],91,-1,115,-1,91
1,<environment.Job instance at 0x7fd9157785f0>,91,28,[3 6],92,-1,120,-1,92
1,<environment.Job instance at 0x7fd915778780>,92,14,[ 4 12],93,-1,107,-1,93
1,<environment.Job instance at 0x7fd915778820>,93,28,[ 2 13],94,-1,122,-1,94
1,<environment.Job instance at 0x7fd915778870>,94,25,[10  5],95,-1,120,-1,95
1,<environment.Job instance at 0x7fd915778910>,95,16,[13  3],96,-1,112,-1,96
1,<environment.Job instance at 0x7fd9157789b0>,96,12,[8 4],97,-1,109,-1,97
1,<environment.Job instance at 0x7fd915778a50>,97,16,[1 8],98,-1,114,-1,98
1,<environment.Job instance at 0x7fd915778af0>,98,28,[4 6],99,-1,127,-1,99
1,<environment.Job instance at 0x7fd915778b90>,99,26,[ 2 14],100,-1,126,-1,100
1,<environment.Job instance at 0x7fd915778cd0>,101,15,[14  4],102,-1,117,-1,102
1,<environment.Job instance at 0x7fd915778e10>,102,13,[13  5],103,-1,116,-1,103
1,<environment.Job instance at 0x7fd915778eb0>,103,19,[12  2],104,-1,123,-1,104
1,<environment.Job instance at 0x7fd915778f00>,104,24,[2 5],105,-1,129,-1,105
1,<environment.Job instance at 0x7fd915778d20>,106,12,[2 7],107,-1,119,-1,107
1,<environment.Job instance at 0x7fd915790230>,107,27,[ 1 13],108,-1,135,-1,108
1,<environment.Job instance at 0x7fd915790280>,108,26,[8 2],109,-1,135,-1,109
1,<environment.Job instance at 0x7fd9157902d0>,109,26,[5 7],110,-1,136,-1,110
1,<environment.Job instance at 0x7fd915790410>,111,26,[11  1],112,-1,138,-1,112
1,<environment.Job instance at 0x7fd915790550>,112,12,[1 7],113,-1,125,-1,113
1,<environment.Job instance at 0x7fd915790500>,114,13,[10  1],115,-1,130,-1,117
1,<environment.Job instance at 0x7fd915790640>,115,18,[1 7],116,-1,143,-1,125
1,<environment.Job instance at 0x7fd915790820>,117,18,[ 1 12],118,-1,143,-1,125
1,<environment.Job instance at 0x7fd915790870>,118,15,[ 3 11],119,-1,140,-1,125
1,<environment.Job instance at 0x7fd9157909b0>,119,24,[ 1 11],120,-1,149,-1,125
1,<environment.Job instance at 0x7fd915790910>,120,23,[6 3],121,-1,148,-1,125
1,<environment.Job instance at 0x7fd915790aa0>,121,16,[ 2 13],122,-1,141,-1,125
1,<environment.Job instance at 0x7fd915790b40>,122,21,[ 4 13],123,-1,146,-1,125
1,<environment.Job instance at 0x7fd915790d70>,124,14,[ 2 10],125,-1,144,-1,130
1,<environment.Job instance at 0x7fd915790eb0>,125,27,[13  3],126,-1,157,-1,130
1,<environment.Job instance at 0x7fd915790f50>,126,24,[3 9],127,-1,154,-1,130
1,<environment.Job instance at 0x7fd915790fa0>,127,20,[5 7],128,-1,158,-1,138
1,<environment.Job instance at 0x7fd915790d20>,128,23,[14  1],129,-1,161,-1,138
1,<environment.Job instance at 0x7fd915790e60>,129,27,[11  2],130,-1,165,-1,138
1,<environment.Job instance at 0x7fd915787320>,130,14,[9 1],131,-1,152,-1,138
1,<environment.Job instance at 0x7fd9157870f0>,131,12,[10  4],132,-1,150,-1,138
1,<environment.Job instance at 0x7fd915787190>,132,22,[ 3 14],133,-1,160,-1,138
1,<environment.Job instance at 0x7fd915787370>,133,15,[13  2],134,-1,153,-1,138
1,<environment.Job instance at 0x7fd915787410>,134,16,[11  3],135,-1,154,-1,138
1,<environment.Job instance at 0x7fd9157874b0>,135,15,[ 1 10],136,-1,153,-1,138
1,<environment.Job instance at 0x7fd915787550>,136,17,[5 1],137,-1,155,-1,138
1,<environment.Job instance at 0x7fd9157875f0>,137,23,[9 3],138,-1,161,-1,138
1,<environment.Job instance at 0x7fd915787730>,138,23,[13  2],139,-1,162,-1,139
1,<environment.Job instance at 0x7fd915787780>,139,16,[ 3 14],140,-1,156,-1,140
1,<environment.Job instance at 0x7fd915787820>,140,16,[13  5],141,-1,157,-1,141
1,<environment.Job instance at 0x7fd9157878c0>,141,13,[9 2],142,-1,157,-1,144
1,<environment.Job instance at 0x7fd915787690>,142,12,[4 7],143,-1,156,-1,144
1,<environment.Job instance at 0x7fd915787960>,143,17,[11  4],144,-1,161,-1,144
1,<environment.Job instance at 0x7fd915787af0>,144,28,[13  5],145,-1,173,-1,145
1,<environment.Job instance at 0x7fd915787b40>,145,27,[6 1],146,-1,173,-1,146
1,<environment.Job instance at 0x7fd915787b40>,2,23,[ 1 14],3,-1,26,-1,3
1,<environment.Job instance at 0x7fd9159cf140>,3,24,[12  2],4,-1,28,-1,4
1,<environment.Job instance at 0x7fd9159cfd20>,4,28,[3 6],5,-1,33,-1,5
1,<environment.Job instance at 0x7fd9159cfc30>,5,21,[ 2 14],6,-1,27,-1,6
1,<environment.Job instance at 0x7fd9159cf640>,6,15,[13  5],7,-1,22,-1,7
1,<environment.Job instance at 0x7fd9156a60a0>,9,25,[ 3 10],10,-1,35,-1,10
1,<environment.Job instance at 0x7fd9156a6af0>,10,12,[ 1 12],11,-1,23,-1,11
1,<environment.Job instance at 0x7fd9156a6910>,11,21,[ 2 12],12,-1,33,-1,12
1,<environment.Job instance at 0x7fd9156a6280>,12,15,[13  4],13,-1,28,-1,13
1,<environment.Job instance at 0x7fd9156a6a00>,13,28,[3 8],14,-1,42,-1,14
1,<environment.Job instance at 0x7fd9156a6b90>,14,24,[9 3],15,-1,39,-1,15
1,<environment.Job instance at 0x7fd9156a6c80>,15,28,[9 3],16,-1,44,-1,16
1,<environment.Job instance at 0x7fd9159cf960>,18,22,[ 1 10],19,-1,42,-1,20
1,<environment.Job instance at 0x7fd9156a65f0>,20,16,[ 5 12],21,-1,37,-1,21
1,<environment.Job instance at 0x7fd9156a6e10>,21,24,[13  4],22,-1,46,-1,22
1,<environment.Job instance at 0x7fd9156a6410>,22,27,[8 2],23,-1,50,-1,23
1,<environment.Job instance at 0x7fd9156a65a0>,23,25,[14  2],24,-1,49,-1,24
1,<environment.Job instance at 0x7fd9156a60f0>,24,27,[4 5],25,-1,52,-1,25
1,<environment.Job instance at 0x7fd915695dc0>,25,23,[12  2],26,-1,49,-1,26
1,<environment.Job instance at 0x7fd915695eb0>,29,18,[ 2 13],30,-1,52,-1,34
1,<environment.Job instance at 0x7fd915695fa0>,30,17,[ 4 11],31,-1,51,-1,34
1,<environment.Job instance at 0x7fd9156950a0>,32,14,[ 3 11],33,-1,48,-1,34
1,<environment.Job instance at 0x7fd9156954b0>,33,17,[ 5 13],34,-1,51,-1,34
1,<environment.Job instance at 0x7fd915695640>,34,22,[13  3],35,-1,57,-1,35
1,<environment.Job instance at 0x7fd9156a54b0>,35,13,[ 3 13],36,-1,49,-1,36
1,<environment.Job instance at 0x7fd9156a5640>,36,14,[12  1],37,-1,51,-1,37
1,<environment.Job instance at 0x7fd915695370>,38,17,[ 3 13],39,-1,62,-1,45
1,<environment.Job instance at 0x7fd9156a58c0>,39,28,[3 7],40,-1,73,-1,45
1,<environment.Job instance at 0x7fd9155874b0>,40,20,[11  2],41,-1,65,-1,45
1,<environment.Job instance at 0x7fd915587910>,41,19,[ 2 12],42,-1,64,-1,45
1,<environment.Job instance at 0x7fd915587230>,42,18,[ 3 11],43,-1,63,-1,45
1,<environment.Job instance at 0x7fd915587320>,43,14,[ 4 12],44,-1,59,-1,45
1,<environment.Job instance at 0x7fd915587c80>,44,19,[ 5 11],45,-1,64,-1,45
1,<environment.Job instance at 0x7fd915587f00>,45,14,[ 5 13],46,-1,60,-1,46
1,<environment.Job instance at 0x7fd915587be0>,47,21,[13  5],48,-1,71,-1,50
1,<environment.Job instance at 0x7fd915587780>,48,17,[11  1],49,-1,67,-1,50
1,<environment.Job instance at 0x7fd915587960>,49,23,[ 1 14],50,-1,73,-1,50
1,<environment.Job instance at 0x7fd915587eb0>,51,14,[ 5 14],52,-1,71,-1,57
1,<environment.Job instance at 0x7fd915587190>,52,15,[ 2 14],53,-1,72,-1,57
1,<environment.Job instance at 0x7fd9155878c0>,54,14,[13  5],55,-1,71,-1,57
1,<environment.Job instance at 0x7fd9155871e0>,55,26,[1 9],56,-1,83,-1,57
1,<environment.Job instance at 0x7fd915587690>,56,22,[ 4 11],57,-1,79,-1,57
1,<environment.Job instance at 0x7fd914f296e0>,59,24,[ 3 14],60,-1,106,-1,82
1,<environment.Job instance at 0x7fd914f29280>,60,28,[ 5 11],61,-1,110,-1,82
1,<environment.Job instance at 0x7fd914f29a50>,61,17,[ 5 12],62,-1,99,-1,82
1,<environment.Job instance at 0x7fd914f29370>,62,14,[10  1],63,-1,96,-1,82
1,<environment.Job instance at 0x7fd914f29e60>,64,22,[11  2],65,-1,104,-1,82
1,<environment.Job instance at 0x7fd914f29c80>,65,12,[ 5 10],66,-1,94,-1,82
1,<environment.Job instance at 0x7fd914f294b0>,66,24,[7 1],67,-1,106,-1,82
1,<environment.Job instance at 0x7fd914f29410>,68,21,[ 1 12],69,-1,119,-1,98
1,<environment.Job instance at 0x7fd914f29d70>,69,12,[ 3 11],70,-1,110,-1,98
1,<environment.Job instance at 0x7fd914f29140>,70,24,[6 1],71,-1,122,-1,98
1,<environment.Job instance at 0x7fd914f29d20>,71,28,[12  1],72,-1,126,-1,98
1,<environment.Job instance at 0x7fd914f29460>,72,25,[14  3],73,-1,123,-1,98
1,<environment.Job instance at 0x7fd914f29780>,73,25,[12  4],74,-1,123,-1,98
1,<environment.Job instance at 0x7fd914f29230>,74,19,[14  1],75,-1,117,-1,98
1,<environment.Job instance at 0x7fd914f29550>,75,21,[11  5],76,-1,119,-1,98
1,<environment.Job instance at 0x7fd914f29190>,76,13,[11  4],77,-1,111,-1,98
1,<environment.Job instance at 0x7fd914f291e0>,77,25,[8 5],78,-1,123,-1,98
1,<environment.Job instance at 0x7fd914f29be0>,80,12,[ 3 14],81,-1,126,-1,114
1,<environment.Job instance at 0x7fd9155a0b40>,81,15,[ 4 13],82,-1,129,-1,114
1,<environment.Job instance at 0x7fd9155a0550>,83,13,[11  4],84,-1,127,-1,114
1,<environment.Job instance at 0x7fd9155a08c0>,88,15,[10  1],89,-1,158,-1,143
1,<environment.Job instance at 0x7fd9155a0050>,89,19,[ 4 11],90,-1,162,-1,143
1,<environment.Job instance at 0x7fd915bc8640>,90,28,[ 3 11],91,-1,171,-1,143
1,<environment.Job instance at 0x7fd915bc8140>,91,26,[4 8],92,-1,169,-1,143
1,<environment.Job instance at 0x7fd915bc84b0>,92,23,[4 6],93,-1,166,-1,143
1,<environment.Job instance at 0x7fd915787e10>,1,16,[ 3 12],2,-1,18,-1,2
1,<environment.Job instance at 0x7fd9156df5f0>,3,23,[5 6],4,-1,27,-1,4
1,<environment.Job instance at 0x7fd915ccd500>,4,24,[5 6],5,-1,29,-1,5
1,<environment.Job instance at 0x7fd915bc84b0>,6,24,[ 5 14],7,-1,31,-1,7
1,<environment.Job instance at 0x7fd915ca0410>,8,26,[ 5 13],9,-1,35,-1,9
1,<environment.Job instance at 0x7fd915ca04b0>,9,13,[12  2],10,-1,23,-1,10
1,<environment.Job instance at 0x7fd915ca02d0>,10,24,[ 5 13],11,-1,35,-1,11
1,<environment.Job instance at 0x7fd915c6b9b0>,11,23,[ 5 12],12,-1,35,-1,12
1,<environment.Job instance at 0x7fd915ca0550>,13,25,[ 2 12],14,-1,39,-1,14
1,<environment.Job instance at 0x7fd914e35730>,18,27,[2 9],19,-1,46,-1,19
1,<environment.Job instance at 0x7fd915ca09b0>,19,19,[ 4 13],20,-1,39,-1,20
1,<environment.Job instance at 0x7fd914e51a00>,20,21,[ 5 13],21,-1,42,-1,21
1,<environment.Job instance at 0x7fd914e35280>,22,24,[7 1],23,-1,48,-1,24
1,<environment.Job instance at 0x7fd914e5c140>,23,23,[6 3],24,-1,47,-1,24
1,<environment.Job instance at 0x7fd914e5c4b0>,25,20,[5 1],26,-1,51,-1,31
1,<environment.Job instance at 0x7fd914e5caf0>,26,16,[14  5],27,-1,47,-1,31
1,<environment.Job instance at 0x7fd914e5cb40>,27,18,[ 4 11],28,-1,49,-1,31
1,<environment.Job instance at 0x7fd914e472d0>,28,25,[2 5],29,-1,56,-1,31
1,<environment.Job instance at 0x7fd914e473c0>,29,13,[12  3],30,-1,44,-1,31
1,<environment.Job instance at 0x7fd9152ea780>,30,25,[10  2],31,-1,56,-1,31
1,<environment.Job instance at 0x7fd915ce3d70>,31,28,[ 5 14],32,-1,60,-1,32
1,<environment.Job instance at 0x7fd9152eaa00>,33,17,[12  5],34,-1,59,-1,42
1,<environment.Job instance at 0x7fd914e95dc0>,35,27,[13  3],36,-1,76,-1,49
1,<environment.Job instance at 0x7fd915024b40>,36,15,[ 4 10],37,-1,67,-1,52
1,<environment.Job instance at 0x7fd9153ea730>,37,12,[ 1 10],38,-1,64,-1,52
1,<environment.Job instance at 0x7fd915d0a2d0>,38,22,[7 1],39,-1,74,-1,52
1,<environment.Job instance at 0x7fd915254af0>,39,21,[11  1],40,-1,73,-1,52
1,<environment.Job instance at 0x7fd9152723c0>,41,18,[11  1],42,-1,80,-1,62
1,<environment.Job instance at 0x7fd914e9fcd0>,43,15,[ 2 13],44,-1,90,-1,75
1,<environment.Job instance at 0x7fd915d09f50>,45,15,[ 2 13],46,-1,90,-1,75
1,<environment.Job instance at 0x7fd915d09c80>,46,17,[13  4],47,-1,92,-1,75
1,<environment.Job instance at 0x7fd915d09320>,47,28,[ 1 12],48,-1,103,-1,75
1,<environment.Job instance at 0x7fd915c94280>,49,20,[ 4 14],50,-1,105,-1,85
1,<environment.Job instance at 0x7fd915c94690>,50,18,[14  1],51,-1,103,-1,85
1,<environment.Job instance at 0x7fd9150200f0>,52,24,[ 2 12],53,-1,117,-1,93
1,<environment.Job instance at 0x7fd915026a50>,56,24,[3 7],57,-1,138,-1,114
1,<environment.Job instance at 0x7fd915026af0>,57,15,[ 3 14],58,-1,129,-1,114
1,<environment.Job instance at 0x7fd915026fa0>,58,25,[3 6],59,-1,139,-1,114
1,<environment.Job instance at 0x7fd915028050>,60,16,[ 5 12],61,-1,133,-1,117
1,<environment.Job instance at 0x7fd9150280a0>,61,22,[13  4],62,-1,139,-1,117
1,<environment.Job instance at 0x7fd9150280f0>,62,17,[13  5],63,-1,134,-1,117
1,<environment.Job instance at 0x7fd9150285a0>,63,17,[14  5],64,-1,134,-1,117
1,<environment.Job instance at 0x7fd915028460>,64,17,[ 1 13],65,-1,134,-1,117
1,<environment.Job instance at 0x7fd915028a50>,65,16,[ 1 11],66,-1,133,-1,117
1,<environment.Job instance at 0x7fd9150288c0>,66,22,[4 5],67,-1,139,-1,117
1,<environment.Job instance at 0x7fd915028640>,67,16,[14  4],68,-1,133,-1,117
1,<environment.Job instance at 0x7fd915028c80>,69,23,[2 5],70,-1,156,-1,133
1,<environment.Job instance at 0x7fd915028820>,71,20,[6 1],72,-1,157,-1,137
1,<environment.Job instance at 0x7fd915028b40>,72,14,[11  5],73,-1,151,-1,137
1,<environment.Job instance at 0x7fd915028910>,73,18,[ 4 12],74,-1,155,-1,137
1,<environment.Job instance at 0x7fd915ce5730>,74,24,[ 3 11],75,-1,161,-1,137
1,<environment.Job instance at 0x7fd915ce5820>,75,15,[ 3 13],76,-1,152,-1,137
1,<environment.Job instance at 0x7fd915ce56e0>,77,13,[13  2],78,-1,150,-1,137
1,<environment.Job instance at 0x7fd915ce5a50>,78,27,[13  3],79,-1,164,-1,137
1,<environment.Job instance at 0x7fd915ce5a50>,2,26,[ 2 14],3,-1,29,-1,3
1,<environment.Job instance at 0x7fd91640f0a0>,7,14,[ 2 12],8,-1,22,-1,8
1,<environment.Job instance at 0x7fd91640f2d0>,8,15,[12  3],9,-1,24,-1,9
1,<environment.Job instance at 0x7fd91640fe10>,9,18,[14  2],10,-1,28,-1,10
1,<environment.Job instance at 0x7fd91640fd70>,10,15,[12  5],11,-1,26,-1,11
1,<environment.Job instance at 0x7fd91640f5f0>,13,23,[5 9],14,-1,42,-1,19
1,<environment.Job instance at 0x7fd91640f7d0>,16,24,[ 2 13],17,-1,49,-1,25
1,<environment.Job instance at 0x7fd91640fbe0>,17,12,[13  4],18,-1,37,-1,25
1,<environment.Job instance at 0x7fd91640f870>,18,13,[ 1 11],19,-1,38,-1,25
1,<environment.Job instance at 0x7fd91640f050>,19,25,[ 5 11],20,-1,50,-1,25
1,<environment.Job instance at 0x7fd91640f550>,22,28,[8 4],23,-1,66,-1,38
1,<environment.Job instance at 0x7fd91640f370>,23,27,[ 3 12],24,-1,65,-1,38
1,<environment.Job instance at 0x7fd9158f0e60>,24,14,[ 2 14],25,-1,52,-1,38
1,<environment.Job instance at 0x7fd9158f0f50>,25,15,[11  1],26,-1,53,-1,38
1,<environment.Job instance at 0x7fd9158f05f0>,29,23,[ 4 10],30,-1,94,-1,71
1,<environment.Job instance at 0x7fd9158f0b40>,31,24,[1 6],32,-1,97,-1,73
1,<environment.Job instance at 0x7fd9158f04b0>,32,16,[ 3 11],33,-1,89,-1,73
1,<environment.Job instance at 0x7fd9158f00f0>,34,23,[14  4],35,-1,111,-1,88
1,<environment.Job instance at 0x7fd9158f02d0>,35,16,[14  4],36,-1,104,-1,88
1,<environment.Job instance at 0x7fd9158f0c30>,36,26,[ 1 10],37,-1,114,-1,88
1,<environment.Job instance at 0x7fd9158f0820>,38,24,[ 4 11],39,-1,127,-1,103
1,<environment.Job instance at 0x7fd9158f0730>,39,28,[1 7],40,-1,131,-1,103
1,<environment.Job instance at 0x7fd9158f0640>,41,18,[13  2],42,-1,139,-1,121
1,<environment.Job instance at 0x7fd91646f230>,42,24,[14  4],43,-1,145,-1,121
1,<environment.Job instance at 0x7fd91646f2d0>,43,25,[2 8],44,-1,146,-1,121
1,<environment.Job instance at 0x7fd91646f0a0>,46,27,[13  4],47,-1,163,-1,136
1,<environment.Job instance at 0x7fd91646f190>,48,25,[ 1 12],49,-1,161,-1,136
1,<environment.Job instance at 0x7fd91646f4b0>,50,27,[ 2 13],51,-1,163,-1,136
1,<environment.Job instance at 0x7fd91646fcd0>,51,20,[14  5],52,-1,156,-1,136
1,<environment.Job instance at 0x7fd91646ff50>,52,25,[ 3 12],53,-1,161,-1,136
1,<environment.Job instance at 0x7fd91646f280>,53,14,[13  1],54,-1,150,-1,136
1,<environment.Job instance at 0x7fd91646faf0>,54,15,[12  1],55,-1,151,-1,136
1,<environment.Job instance at 0x7fd91646f370>,55,13,[ 2 12],56,-1,149,-1,136
1,<environment.Job instance at 0x7fd91646f960>,56,12,[14  2],57,-1,148,-1,136
1,<environment.Job instance at 0x7fd91646f1e0>,57,28,[7 1],58,-1,164,-1,136
1,<environment.Job instance at 0x7fd91646ffa0>,58,18,[ 3 13],59,-1,154,-1,136
1,<environment.Job instance at 0x7fd914d1ae10>,3,28,[5 5],4,-1,32,-1,4
1,<environment.Job instance at 0x7fd914d1ad20>,4,18,[12  3],5,-1,23,-1,5
1,<environment.Job instance at 0x7fd914d1a370>,6,21,[ 4 14],7,-1,28,-1,7
1,<environment.Job instance at 0x7fd914c92c30>,11,26,[1 9],12,-1,39,-1,13
1,<environment.Job instance at 0x7fd914c92140>,12,28,[9 3],13,-1,41,-1,13
1,<environment.Job instance at 0x7fd914c921e0>,13,21,[12  3],14,-1,35,-1,14
1,<environment.Job instance at 0x7fd914c92dc0>,14,28,[11  3],15,-1,43,-1,15
1,<environment.Job instance at 0x7fd914c92d20>,16,20,[ 4 11],17,-1,37,-1,17
1,<environment.Job instance at 0x7fd914c92230>,17,27,[ 3 13],18,-1,45,-1,18
1,<environment.Job instance at 0x7fd914c922d0>,18,22,[ 2 11],19,-1,41,-1,19
1,<environment.Job instance at 0x7fd914c92a00>,19,24,[ 2 13],20,-1,44,-1,20
1,<environment.Job instance at 0x7fd914c92aa0>,24,15,[ 3 12],25,-1,61,-1,46
1,<environment.Job instance at 0x7fd914c928c0>,27,20,[14  4],28,-1,80,-1,60
1,<environment.Job instance at 0x7fd914fab410>,28,22,[ 1 14],29,-1,82,-1,60
1,<environment.Job instance at 0x7fd914fab820>,29,26,[4 8],30,-1,86,-1,60
1,<environment.Job instance at 0x7fd914fab910>,30,12,[11  1],31,-1,72,-1,60
1,<environment.Job instance at 0x7fd914fab5f0>,31,27,[4 9],32,-1,87,-1,60
1,<environment.Job instance at 0x7fd914fab460>,32,16,[ 4 13],33,-1,76,-1,60
1,<environment.Job instance at 0x7fd914fab500>,34,16,[14  2],35,-1,84,-1,68
1,<environment.Job instance at 0x7fd914fab1e0>,35,12,[14  2],36,-1,80,-1,68
1,<environment.Job instance at 0x7fd914fabf00>,36,27,[ 4 11],37,-1,95,-1,68
1,<environment.Job instance at 0x7fd914fab730>,38,24,[ 5 11],39,-1,98,-1,74
1,<environment.Job instance at 0x7fd914faba00>,39,27,[ 1 12],40,-1,101,-1,74
1,<environment.Job instance at 0x7fd914fabf50>,40,23,[11  1],41,-1,97,-1,74
1,<environment.Job instance at 0x7fd914fabeb0>,45,12,[12  5],46,-1,131,-1,119
1,<environment.Job instance at 0x7fd914fab0f0>,46,26,[ 4 12],47,-1,145,-1,119
1,<environment.Job instance at 0x7fd914cabf50>,50,16,[ 3 14],51,-1,159,-1,143
1,<environment.Job instance at 0x7fd914cab320>,51,17,[12  1],52,-1,160,-1,143
1,<environment.Job instance at 0x7fd914cabdc0>,54,28,[6 2],55,-1,176,-1,148
1,<environment.Job instance at 0x7fd914cabd70>,55,22,[ 1 12],56,-1,170,-1,148
1,<environment.Job instance at 0x7fd916276190>,5,19,[ 3 11],6,-1,25,-1,6
1,<environment.Job instance at 0x7fd916276370>,6,25,[ 1 14],7,-1,32,-1,7
1,<environment.Job instance at 0x7fd9162764b0>,7,24,[8 2],8,-1,32,-1,8
1,<environment.Job instance at 0x7fd916276320>,8,26,[14  4],9,-1,35,-1,9
1,<environment.Job instance at 0x7fd916276d20>,10,23,[ 1 11],11,-1,34,-1,11
1,<environment.Job instance at 0x7fd916276eb0>,12,23,[8 1],13,-1,36,-1,13
1,<environment.Job instance at 0x7fd916276780>,14,24,[4 7],15,-1,40,-1,16
1,<environment.Job instance at 0x7fd916276960>,16,21,[13  5],17,-1,38,-1,17
1,<environment.Job instance at 0x7fd916276550>,17,17,[ 2 10],18,-1,52,-1,35
1,<environment.Job instance at 0x7fd916276dc0>,20,22,[3 5],21,-1,57,-1,35
1,<environment.Job instance at 0x7fd916276a00>,21,27,[ 3 13],22,-1,62,-1,35
1,<environment.Job instance at 0x7fd9162765a0>,22,27,[4 8],23,-1,62,-1,35
1,<environment.Job instance at 0x7fd916276460>,23,17,[ 2 12],24,-1,52,-1,35
1,<environment.Job instance at 0x7fd916276b40>,24,22,[2 8],25,-1,57,-1,35
1,<environment.Job instance at 0x7fd916276fa0>,25,15,[12  3],26,-1,50,-1,35
1,<environment.Job instance at 0x7fd91617a230>,26,20,[1 7],27,-1,55,-1,35
1,<environment.Job instance at 0x7fd91617a2d0>,30,27,[10  3],31,-1,92,-1,65
1,<environment.Job instance at 0x7fd91617a320>,31,28,[1 7],32,-1,93,-1,65
1,<environment.Job instance at 0x7fd91617a0a0>,33,14,[ 1 13],34,-1,81,-1,67
1,<environment.Job instance at 0x7fd91617ad70>,34,23,[3 9],35,-1,90,-1,67
1,<environment.Job instance at 0x7fd91617aa50>,35,13,[13  5],36,-1,80,-1,67
1,<environment.Job instance at 0x7fd91617a370>,36,21,[12  1],37,-1,88,-1,67
1,<environment.Job instance at 0x7fd91617a5f0>,38,24,[ 2 12],39,-1,91,-1,67
1,<environment.Job instance at 0x7fd91617a0f0>,39,23,[3 9],40,-1,90,-1,67
1,<environment.Job instance at 0x7fd91617aaa0>,40,17,[ 5 14],41,-1,84,-1,67
1,<environment.Job instance at 0x7fd91617af00>,42,23,[ 5 13],43,-1,111,-1,88
1,<environment.Job instance at 0x7fd91617abe0>,43,15,[ 3 13],44,-1,103,-1,88
1,<environment.Job instance at 0x7fd91ea4acd0>,45,26,[5 8],46,-1,114,-1,88
1,<environment.Job instance at 0x7fd91ea4aeb0>,46,26,[ 4 13],47,-1,114,-1,88
1,<environment.Job instance at 0x7fd91ea4ab90>,47,26,[5 1],48,-1,114,-1,88
1,<environment.Job instance at 0x7fd91ea4ad70>,48,16,[ 4 10],49,-1,110,-1,94
1,<environment.Job instance at 0x7fd91ea4a370>,49,21,[ 2 10],50,-1,117,-1,96
1,<environment.Job instance at 0x7fd91ea4a2d0>,50,14,[12  2],51,-1,110,-1,96
1,<environment.Job instance at 0x7fd91ea4a730>,51,19,[ 2 10],52,-1,142,-1,123
1,<environment.Job instance at 0x7fd915ba1820>,7,14,[13  5],8,-1,36,-1,22
1,<environment.Job instance at 0x7fd915ba1a00>,8,27,[ 4 13],9,-1,49,-1,22
1,<environment.Job instance at 0x7fd915026910>,10,18,[ 2 13],11,-1,52,-1,34
1,<environment.Job instance at 0x7fd915026c30>,12,17,[11  1],13,-1,51,-1,34
1,<environment.Job instance at 0x7fd915026640>,13,13,[12  1],14,-1,47,-1,34
1,<environment.Job instance at 0x7fd915026320>,14,27,[ 2 10],15,-1,61,-1,34
1,<environment.Job instance at 0x7fd915026a00>,17,23,[ 1 14],18,-1,74,-1,51
1,<environment.Job instance at 0x7fd915026460>,19,23,[12  5],20,-1,74,-1,51
1,<environment.Job instance at 0x7fd915026b40>,20,13,[12  1],21,-1,64,-1,51
1,<environment.Job instance at 0x7fd915026870>,21,27,[10  4],22,-1,78,-1,51
1,<environment.Job instance at 0x7fd915026b90>,22,28,[ 4 14],23,-1,79,-1,51
1,<environment.Job instance at 0x7fd915026a50>,23,23,[ 2 11],24,-1,74,-1,51
1,<environment.Job instance at 0x7fd915026780>,24,27,[3 8],25,-1,78,-1,51
1,<environment.Job instance at 0x7fd915f045a0>,26,23,[10  5],27,-1,80,-1,57
1,<environment.Job instance at 0x7fd915f04af0>,27,25,[14  5],28,-1,82,-1,57
1,<environment.Job instance at 0x7fd915f045f0>,28,23,[4 9],29,-1,80,-1,57
1,<environment.Job instance at 0x7fd915f04f00>,29,16,[ 4 11],30,-1,73,-1,57
1,<environment.Job instance at 0x7fd915f046e0>,31,14,[13  4],32,-1,71,-1,57
1,<environment.Job instance at 0x7fd915f04d20>,35,24,[11  5],36,-1,106,-1,82
1,<environment.Job instance at 0x7fd915f040f0>,36,27,[8 3],37,-1,109,-1,82
1,<environment.Job instance at 0x7fd915f040a0>,37,28,[13  3],38,-1,110,-1,82
1,<environment.Job instance at 0x7fd915f04370>,38,26,[ 4 11],39,-1,108,-1,82
1,<environment.Job instance at 0x7fd915f04460>,39,19,[12  4],40,-1,101,-1,82
1,<environment.Job instance at 0x7fd915f048c0>,40,12,[ 5 13],41,-1,94,-1,82
1,<environment.Job instance at 0x7fd915f04e10>,41,18,[12  2],42,-1,100,-1,82
1,<environment.Job instance at 0x7fd915f04730>,43,23,[11  5],44,-1,105,-1,82
1,<environment.Job instance at 0x7fd915f04690>,44,22,[11  1],45,-1,104,-1,82
1,<environment.Job instance at 0x7fd915f04a00>,45,24,[9 2],46,-1,106,-1,82
1,<environment.Job instance at 0x7fd915f04230>,46,16,[ 1 13],47,-1,98,-1,82
1,<environment.Job instance at 0x7fd915f04d70>,47,18,[ 3 13],48,-1,100,-1,82
1,<environment.Job instance at 0x7fd915f04eb0>,48,28,[13  1],49,-1,110,-1,82
1,<environment.Job instance at 0x7fd915d09370>,49,27,[ 2 14],50,-1,109,-1,82
1,<environment.Job instance at 0x7fd915d09780>,50,27,[ 3 13],51,-1,109,-1,82
1,<environment.Job instance at 0x7fd915d09230>,51,15,[13  2],52,-1,97,-1,82
1,<environment.Job instance at 0x7fd915d09960>,53,19,[ 5 12],54,-1,112,-1,93
1,<environment.Job instance at 0x7fd915d09d20>,54,28,[8 4],55,-1,121,-1,93
1,<environment.Job instance at 0x7fd915d09dc0>,55,12,[11  3],56,-1,105,-1,93
1,<environment.Job instance at 0x7fd915d095f0>,56,27,[13  3],57,-1,120,-1,93
1,<environment.Job instance at 0x7fd915d091e0>,57,23,[4 7],58,-1,116,-1,93
1,<environment.Job instance at 0x7fd915d09410>,59,16,[ 3 11],60,-1,114,-1,98
1,<environment.Job instance at 0x7fd915d09190>,60,15,[ 3 13],61,-1,113,-1,98
1,<environment.Job instance at 0x7fd915d09b40>,61,12,[ 1 11],62,-1,110,-1,98
1,<environment.Job instance at 0x7fd915d09f50>,62,23,[ 5 11],63,-1,121,-1,98
1,<environment.Job instance at 0x7fd915d09c30>,64,23,[ 4 14],65,-1,137,-1,114
1,<environment.Job instance at 0x7fd915d09c80>,65,26,[1 5],66,-1,140,-1,114
1,<environment.Job instance at 0x7fd915d097d0>,66,16,[12  3],67,-1,130,-1,114
1,<environment.Job instance at 0x7fd915d09550>,68,12,[ 5 12],69,-1,128,-1,116
1,<environment.Job instance at 0x7fd915d09640>,69,16,[ 1 14],70,-1,132,-1,116
1,<environment.Job instance at 0x7fd915a0fa50>,71,21,[12  5],72,-1,155,-1,134
1,<environment.Job instance at 0x7fd915a0f730>,73,14,[ 5 13],74,-1,150,-1,136
1,<environment.Job instance at 0x7fd915a0f7d0>,74,21,[ 4 12],75,-1,157,-1,136
1,<environment.Job instance at 0x7fd915a0fc80>,75,22,[13  4],76,-1,158,-1,136
1,<environment.Job instance at 0x7fd915a0f960>,76,13,[11  4],77,-1,149,-1,136
1,<environment.Job instance at 0x7fd915a0faa0>,77,22,[12  3],78,-1,158,-1,136
1,<environment.Job instance at 0x7fd915a0ffa0>,78,25,[14  2],79,-1,161,-1,136
1,<environment.Job instance at 0x7fd915a0f4b0>,79,22,[ 1 11],80,-1,158,-1,136
1,<environment.Job instance at 0x7fd915a0f6e0>,83,27,[12  1],84,-1,173,-1,146
1,<environment.Job instance at 0x7fd915a0f140>,84,26,[14  5],85,-1,172,-1,146
1,<environment.Job instance at 0x7fd915a0feb0>,85,12,[ 4 12],86,-1,158,-1,146
1,<environment.Job instance at 0x7fd915a0f5f0>,86,24,[ 4 10],87,-1,170,-1,146
1,<environment.Job instance at 0x7fd9162805a0>,87,18,[13  3],88,-1,164,-1,146
1,<environment.Job instance at 0x7fd914cf71e0>,3,21,[13  2],4,-1,26,-1,5
1,<environment.Job instance at 0x7fd914cf7b90>,5,23,[11  5],6,-1,29,-1,6
1,<environment.Job instance at 0x7fd914cf7e10>,6,18,[ 5 13],7,-1,25,-1,7
1,<environment.Job instance at 0x7fd914cf7550>,7,28,[7 3],8,-1,36,-1,8
1,<environment.Job instance at 0x7fd914cf7370>,8,25,[4 8],9,-1,34,-1,9
1,<environment.Job instance at 0x7fd915081aa0>,14,28,[13  5],15,-1,58,-1,30
1,<environment.Job instance at 0x7fd915081d20>,15,23,[9 3],16,-1,53,-1,30
1,<environment.Job instance at 0x7fd915081be0>,16,23,[8 1],17,-1,53,-1,30
1,<environment.Job instance at 0x7fd915081370>,17,21,[13  4],18,-1,51,-1,30
1,<environment.Job instance at 0x7fd9150815a0>,18,23,[4 8],19,-1,53,-1,30
1,<environment.Job instance at 0x7fd9150816e0>,20,21,[ 3 13],21,-1,51,-1,30
1,<environment.Job instance at 0x7fd915081b90>,21,18,[13  1],22,-1,48,-1,30
1,<environment.Job instance at 0x7fd915081550>,22,13,[ 4 12],23,-1,43,-1,30
1,<environment.Job instance at 0x7fd915081190>,23,25,[3 9],24,-1,55,-1,30
1,<environment.Job instance at 0x7fd915081140>,24,25,[3 8],25,-1,55,-1,30
1,<environment.Job instance at 0x7fd9150811e0>,25,23,[ 1 13],26,-1,53,-1,30
1,<environment.Job instance at 0x7fd915081730>,26,15,[14  3],27,-1,45,-1,30
1,<environment.Job instance at 0x7fd9150810f0>,27,20,[ 2 11],28,-1,50,-1,30
1,<environment.Job instance at 0x7fd9150817d0>,28,17,[ 3 12],29,-1,47,-1,30
1,<environment.Job instance at 0x7fd915081500>,30,14,[12  2],31,-1,45,-1,31
1,<environment.Job instance at 0x7fd915081640>,32,19,[ 2 14],33,-1,57,-1,38
1,<environment.Job instance at 0x7fd914f030a0>,33,15,[12  5],34,-1,53,-1,38
1,<environment.Job instance at 0x7fd914f03af0>,34,25,[2 6],35,-1,63,-1,38
1,<environment.Job instance at 0x7fd914f03640>,35,28,[ 3 12],36,-1,66,-1,38
1,<environment.Job instance at 0x7fd914f03140>,36,26,[8 1],37,-1,64,-1,38
1,<environment.Job instance at 0x7fd914f03b40>,39,12,[11  1],40,-1,67,-1,55
1,<environment.Job instance at 0x7fd914f03c30>,40,15,[13  5],41,-1,70,-1,55
1,<environment.Job instance at 0x7fd914f038c0>,46,22,[12  5],47,-1,114,-1,92
1,<environment.Job instance at 0x7fd914f03fa0>,48,16,[ 1 12],49,-1,108,-1,92
1,<environment.Job instance at 0x7fd914f03eb0>,49,18,[ 4 12],50,-1,110,-1,92
1,<environment.Job instance at 0x7fd91ef03fa0>,50,24,[13  1],51,-1,116,-1,92
1,<environment.Job instance at 0x7fd91ef03c30>,51,12,[ 2 14],52,-1,104,-1,92
1,<environment.Job instance at 0x7fd91ef03910>,52,18,[ 2 13],53,-1,110,-1,92
1,<environment.Job instance at 0x7fd91ef03140>,54,22,[ 2 12],55,-1,114,-1,92
1,<environment.Job instance at 0x7fd91ef03f00>,55,12,[14  4],56,-1,104,-1,92
1,<environment.Job instance at 0x7fd91ef03320>,56,20,[13  3],57,-1,112,-1,92
1,<environment.Job instance at 0x7fd915bbb640>,57,14,[12  3],58,-1,106,-1,92
1,<environment.Job instance at 0x7fd915bbbeb0>,58,23,[10  4],59,-1,115,-1,92
1,<environment.Job instance at 0x7fd915bbbb40>,59,20,[8 2],60,-1,112,-1,92
1,<environment.Job instance at 0x7fd915bbb500>,61,24,[4 7],62,-1,130,-1,106
1,<environment.Job instance at 0x7fd915bbbc80>,62,28,[ 4 12],63,-1,134,-1,106
1,<environment.Job instance at 0x7fd915bbb960>,64,13,[ 2 12],65,-1,126,-1,113
1,<environment.Job instance at 0x7fd915bbbcd0>,65,21,[12  5],66,-1,134,-1,113
1,<environment.Job instance at 0x7fd915bbb7d0>,66,22,[ 1 11],67,-1,135,-1,113
1,<environment.Job instance at 0x7fd915bbb730>,68,26,[5 3],69,-1,144,-1,118
1,<environment.Job instance at 0x7fd915bbb050>,69,12,[2 5],70,-1,130,-1,118
1,<environment.Job instance at 0x7fd915bbbe10>,70,16,[ 4 11],71,-1,134,-1,118
1,<environment.Job instance at 0x7fd915a914b0>,73,24,[ 4 14],74,-1,158,-1,134
1,<environment.Job instance at 0x7fd915a91f50>,74,21,[14  4],75,-1,155,-1,134
1,<environment.Job instance at 0x7fd915a91f00>,75,23,[2 6],76,-1,157,-1,134
1,<environment.Job instance at 0x7fd915a910a0>,76,21,[14  2],77,-1,155,-1,134
1,<environment.Job instance at 0x7fd915a913c0>,77,15,[ 3 13],78,-1,149,-1,134
1,<environment.Job instance at 0x7fd915a91370>,78,24,[ 5 11],79,-1,158,-1,134
1,<environment.Job instance at 0x7fd915a91500>,79,13,[ 2 13],80,-1,147,-1,134
1,<environment.Job instance at 0x7fd915a912d0>,81,26,[4 9],82,-1,169,-1,143
1,<environment.Job instance at 0x7fd915a91050>,82,18,[ 4 10],83,-1,162,-1,144
1,<environment.Job instance at 0x7fd915a91730>,84,15,[ 1 13],85,-1,159,-1,144
1,<environment.Job instance at 0x7fd915a91460>,85,23,[3 8],86,-1,167,-1,144
1,<environment.Job instance at 0x7fd915a915f0>,86,12,[ 2 12],87,-1,156,-1,144
1,<environment.Job instance at 0x7fd915a918c0>,87,21,[ 3 11],88,-1,165,-1,144
1,<environment.Job instance at 0x7fd915a91280>,88,24,[11  3],89,-1,168,-1,144
1,<environment.Job instance at 0x7fd914ef9e10>,1,13,[ 4 13],2,-1,15,-1,2
1,<environment.Job instance at 0x7fd915a91140>,2,17,[ 1 13],3,-1,20,-1,3
1,<environment.Job instance at 0x7fd915d49460>,4,27,[ 3 10],5,-1,32,-1,5
1,<environment.Job instance at 0x7fd915d49190>,5,17,[ 4 11],6,-1,23,-1,6
1,<environment.Job instance at 0x7fd915d496e0>,6,28,[4 5],7,-1,35,-1,7
1,<environment.Job instance at 0x7fd915d49820>,8,12,[ 3 12],9,-1,21,-1,9
1,<environment.Job instance at 0x7fd915d49050>,10,19,[ 5 14],11,-1,30,-1,11
1,<environment.Job instance at 0x7fd915d495f0>,12,22,[14  4],13,-1,35,-1,13
1,<environment.Job instance at 0x7fd915d49d70>,13,25,[4 6],14,-1,39,-1,14
1,<environment.Job instance at 0x7fd915a91280>,15,26,[13  2],16,-1,42,-1,16
1,<environment.Job instance at 0x7fd915073c80>,16,16,[13  5],17,-1,33,-1,17
1,<environment.Job instance at 0x7fd915073910>,23,28,[12  5],24,-1,64,-1,36
1,<environment.Job instance at 0x7fd915073500>,24,24,[1 9],25,-1,60,-1,36
1,<environment.Job instance at 0x7fd915073b90>,25,26,[5 7],26,-1,62,-1,36
1,<environment.Job instance at 0x7fd9150733c0>,27,24,[4 5],28,-1,74,-1,50
1,<environment.Job instance at 0x7fd915073320>,29,19,[ 2 11],30,-1,69,-1,50
1,<environment.Job instance at 0x7fd9154df140>,32,15,[ 1 13],33,-1,108,-1,93
1,<environment.Job instance at 0x7fd9154dfe60>,36,22,[14  1],37,-1,149,-1,127
1,<environment.Job instance at 0x7fd9154dfb40>,38,18,[12  5],39,-1,145,-1,127
1,<environment.Job instance at 0x7fd9154dfd20>,39,16,[ 3 13],40,-1,143,-1,127
1,<environment.Job instance at 0x7fd9154dffa0>,41,15,[13  1],42,-1,142,-1,127
1,<environment.Job instance at 0x7fd9154df730>,42,19,[11  4],43,-1,146,-1,127
1,<environment.Job instance at 0x7fd9154df370>,44,25,[3 9],45,-1,162,-1,137
1,<environment.Job instance at 0x7fd9154dfaa0>,47,27,[9 5],48,-1,176,-1,149
1,<environment.Job instance at 0x7fd9154df0a0>,48,12,[ 5 13],49,-1,161,-1,149
1,<environment.Job instance at 0x7fd914cf5190>,3,28,[1 7],4,-1,33,-1,5
1,<environment.Job instance at 0x7fd914cf5c80>,7,28,[ 4 12],8,-1,36,-1,8
1,<environment.Job instance at 0x7fd914cf5910>,8,27,[3 8],9,-1,36,-1,9
1,<environment.Job instance at 0x7fd914cf55f0>,9,16,[ 3 14],10,-1,26,-1,10
1,<environment.Job instance at 0x7fd914cf53c0>,10,12,[13  2],11,-1,23,-1,11
1,<environment.Job instance at 0x7fd914cf5fa0>,14,25,[5 6],15,-1,44,-1,19
1,<environment.Job instance at 0x7fd914cf5690>,15,13,[13  4],16,-1,32,-1,19
1,<environment.Job instance at 0x7fd914cf5730>,16,26,[ 4 11],17,-1,45,-1,19
1,<environment.Job instance at 0x7fd91571a7d0>,18,19,[11  2],19,-1,67,-1,48
1,<environment.Job instance at 0x7fd91571a0a0>,19,16,[12  2],20,-1,64,-1,48
1,<environment.Job instance at 0x7fd91571aaf0>,20,23,[13  5],21,-1,71,-1,48
1,<environment.Job instance at 0x7fd91571a3c0>,26,12,[12  1],27,-1,112,-1,100
1,<environment.Job instance at 0x7fd91571a0f0>,27,16,[ 1 14],28,-1,116,-1,100
1,<environment.Job instance at 0x7fd91571a500>,28,21,[ 2 12],29,-1,121,-1,100
1,<environment.Job instance at 0x7fd91571aa50>,31,24,[7 2],32,-1,132,-1,108
1,<environment.Job instance at 0x7fd91571a1e0>,34,23,[13  2],35,-1,144,-1,121
1,<environment.Job instance at 0x7fd91571ae10>,35,27,[12  1],36,-1,148,-1,121
1,<environment.Job instance at 0x7fd91ec5c410>,37,24,[3 8],38,-1,158,-1,134
1,<environment.Job instance at 0x7fd91ec5c550>,38,23,[ 1 12],39,-1,157,-1,134
1,<environment.Job instance at 0x7fd91ec5c3c0>,39,13,[ 3 12],40,-1,147,-1,134
1,<environment.Job instance at 0x7fd91ec5c230>,40,28,[ 1 13],41,-1,162,-1,134
1,<environment.Job instance at 0x7fd91ec5c140>,43,26,[ 4 13],44,-1,165,-1,139
1,<environment.Job instance at 0x7fd91ec5c820>,44,24,[11  3],45,-1,163,-1,139
1,<environment.Job instance at 0x7fd91ec5c370>,45,24,[12  2],46,-1,163,-1,139
1,<environment.Job instance at 0x7fd915ade9b0>,1,25,[ 5 10],2,-1,27,-1,2
1,<environment.Job instance at 0x7fd9157db780>,4,14,[ 5 11],5,-1,19,-1,5
1,<environment.Job instance at 0x7fd915ccba00>,6,18,[ 1 11],7,-1,25,-1,7
1,<environment.Job instance at 0x7fd915ccbf00>,7,27,[11  3],8,-1,35,-1,8
1,<environment.Job instance at 0x7fd915facc80>,8,14,[12  4],9,-1,23,-1,9
1,<environment.Job instance at 0x7fd915faca50>,9,19,[ 3 12],10,-1,29,-1,10
1,<environment.Job instance at 0x7fd915cc4460>,11,27,[5 4],12,-1,40,-1,13
1,<environment.Job instance at 0x7fd915cc4230>,13,24,[7 5],14,-1,38,-1,14
1,<environment.Job instance at 0x7fd915cc4730>,14,13,[ 2 13],15,-1,28,-1,15
1,<environment.Job instance at 0x7fd915cc4410>,15,17,[ 1 13],16,-1,33,-1,16
1,<environment.Job instance at 0x7fd915cc4190>,16,20,[12  1],17,-1,37,-1,17
1,<environment.Job instance at 0x7fd915e95280>,18,24,[ 3 14],19,-1,43,-1,19
1,<environment.Job instance at 0x7fd915e951e0>,19,25,[10  2],20,-1,45,-1,20
1,<environment.Job instance at 0x7fd915e95190>,21,19,[ 5 11],22,-1,41,-1,22
1,<environment.Job instance at 0x7fd915e8d460>,23,12,[ 5 14],24,-1,36,-1,24
1,<environment.Job instance at 0x7fd915e8d050>,24,24,[9 4],25,-1,49,-1,25
1,<environment.Job instance at 0x7fd915e91b90>,25,15,[13  4],26,-1,41,-1,26
1,<environment.Job instance at 0x7fd915e91c80>,28,18,[13  4],29,-1,52,-1,34
1,<environment.Job instance at 0x7fd915e915f0>,29,22,[14  1],30,-1,56,-1,34
1,<environment.Job instance at 0x7fd915e914b0>,30,17,[ 3 11],31,-1,51,-1,34
1,<environment.Job instance at 0x7fd915e91eb0>,31,26,[13  3],32,-1,60,-1,34
1,<environment.Job instance at 0x7fd915e91690>,32,28,[7 2],33,-1,62,-1,34
1,<environment.Job instance at 0x7fd915e917d0>,35,12,[ 3 11],36,-1,48,-1,36
1,<environment.Job instance at 0x7fd915e915a0>,37,21,[12  5],38,-1,61,-1,40
1,<environment.Job instance at 0x7fd915e91dc0>,38,25,[6 2],39,-1,68,-1,43
1,<environment.Job instance at 0x7fd915e91e10>,39,28,[8 1],40,-1,71,-1,43
1,<environment.Job instance at 0x7fd915e91190>,40,25,[3 8],41,-1,71,-1,46
1,<environment.Job instance at 0x7fd915e91960>,41,21,[14  1],42,-1,67,-1,46
1,<environment.Job instance at 0x7fd915e916e0>,42,26,[ 3 13],43,-1,72,-1,46
1,<environment.Job instance at 0x7fd915e5eaa0>,43,14,[ 5 12],44,-1,60,-1,46
1,<environment.Job instance at 0x7fd915e5e870>,44,18,[ 4 11],45,-1,64,-1,46
1,<environment.Job instance at 0x7fd915e5e1e0>,46,28,[12  3],47,-1,78,-1,50
1,<environment.Job instance at 0x7fd91ea26af0>,48,20,[14  5],49,-1,88,-1,68
1,<environment.Job instance at 0x7fd915ca3230>,50,28,[ 5 11],51,-1,96,-1,68
1,<environment.Job instance at 0x7fd915ca3050>,51,21,[11  5],52,-1,89,-1,68
1,<environment.Job instance at 0x7fd915ca3c30>,52,13,[12  4],53,-1,81,-1,68
1,<environment.Job instance at 0x7fd915ca3320>,53,25,[14  4],54,-1,93,-1,68
1,<environment.Job instance at 0x7fd915ca3e60>,56,28,[9 4],57,-1,109,-1,81
1,<environment.Job instance at 0x7fd915ca3b90>,58,22,[ 2 10],59,-1,142,-1,120
1,<environment.Job instance at 0x7fd915ca30f0>,64,19,[ 2 12],65,-1,158,-1,139
1,<environment.Job instance at 0x7fd915ca3370>,67,17,[ 1 11],68,-1,156,-1,139
1,<environment.Job instance at 0x7fd915ad6d20>,68,27,[7 5],69,-1,166,-1,139
1,<environment.Job instance at 0x7fd9152cad20>,2,12,[11  5],3,-1,15,-1,3
1,<environment.Job instance at 0x7fd9152cad70>,3,25,[14  3],4,-1,29,-1,4
1,<environment.Job instance at 0x7fd9152cac30>,5,18,[ 3 14],6,-1,24,-1,6
1,<environment.Job instance at 0x7fd9152cabe0>,6,16,[12  1],7,-1,23,-1,7
1,<environment.Job instance at 0x7fd9152e79b0>,9,19,[ 2 12],10,-1,29,-1,10
1,<environment.Job instance at 0x7fd9152e75f0>,10,17,[ 2 12],11,-1,28,-1,11
1,<environment.Job instance at 0x7fd9152e7d70>,14,18,[14  5],15,-1,33,-1,15
1,<environment.Job instance at 0x7fd9152e7050>,16,24,[ 2 11],17,-1,47,-1,23
1,<environment.Job instance at 0x7fd9152e7d20>,17,25,[9 4],18,-1,48,-1,23
1,<environment.Job instance at 0x7fd9152e7f00>,18,17,[14  2],19,-1,40,-1,23
1,<environment.Job instance at 0x7fd9152e7960>,19,16,[12  5],20,-1,39,-1,23
1,<environment.Job instance at 0x7fd9152e7eb0>,21,23,[12  4],22,-1,48,-1,25
1,<environment.Job instance at 0x7fd9152e7a00>,22,18,[14  2],23,-1,43,-1,25
1,<environment.Job instance at 0x7fd9152e0c80>,23,19,[11  5],24,-1,44,-1,25
1,<environment.Job instance at 0x7fd9152e71e0>,24,17,[12  1],25,-1,42,-1,25
1,<environment.Job instance at 0x7fd9152e0fa0>,27,25,[ 5 11],28,-1,66,-1,41
1,<environment.Job instance at 0x7fd9152e0960>,28,13,[13  4],29,-1,54,-1,41
1,<environment.Job instance at 0x7fd9152e0910>,29,28,[1 5],30,-1,69,-1,41
1,<environment.Job instance at 0x7fd9152e00f0>,30,24,[ 5 11],31,-1,65,-1,41
1,<environment.Job instance at 0x7fd9152e0050>,31,16,[ 5 11],32,-1,57,-1,41
1,<environment.Job instance at 0x7fd9152e0f50>,34,28,[7 1],35,-1,85,-1,57
1,<environment.Job instance at 0x7fd9152e0780>,36,27,[ 1 10],37,-1,95,-1,68
1,<environment.Job instance at 0x7fd9152e40f0>,37,20,[ 4 12],38,-1,88,-1,68
1,<environment.Job instance at 0x7fd9152e48c0>,38,14,[12  2],39,-1,82,-1,68
1,<environment.Job instance at 0x7fd9152e4b90>,45,13,[ 1 14],46,-1,138,-1,125
1,<environment.Job instance at 0x7fd914fc42d0>,1,26,[12  1],2,-1,28,-1,2
1,<environment.Job instance at 0x7fd9152e4d70>,3,23,[ 3 13],4,-1,27,-1,4
1,<environment.Job instance at 0x7fd914e05910>,6,14,[ 1 11],7,-1,21,-1,7
1,<environment.Job instance at 0x7fd914e05b90>,7,20,[14  1],8,-1,28,-1,8
1,<environment.Job instance at 0x7fd914e05be0>,9,27,[4 9],10,-1,37,-1,10
1,<environment.Job instance at 0x7fd914e05a00>,11,23,[ 3 11],12,-1,35,-1,12
1,<environment.Job instance at 0x7fd914e05eb0>,12,25,[10  3],13,-1,38,-1,13
1,<environment.Job instance at 0x7fd914e05dc0>,10,12,[14  4],11,-1,25,-1,13
1,<environment.Job instance at 0x7fd914e05e10>,13,24,[4 8],14,-1,38,-1,14
1,<environment.Job instance at 0x7fd914e05fa0>,15,13,[12  4],16,-1,29,-1,16
1,<environment.Job instance at 0x7fd914e047d0>,25,28,[ 4 13],26,-1,84,-1,56
1,<environment.Job instance at 0x7fd914e049b0>,28,27,[12  5],29,-1,109,-1,82
1,<environment.Job instance at 0x7fd914e04a50>,29,28,[13  5],30,-1,110,-1,82
1,<environment.Job instance at 0x7fd914e04af0>,30,16,[ 5 13],31,-1,98,-1,82
1,<environment.Job instance at 0x7fd914e04c30>,32,13,[ 2 14],33,-1,97,-1,84
1,<environment.Job instance at 0x7fd914e04d70>,34,23,[11  5],35,-1,111,-1,88
1,<environment.Job instance at 0x7fd914e04e10>,35,23,[6 2],36,-1,111,-1,88
1,<environment.Job instance at 0x7fd914e04eb0>,36,12,[5 1],37,-1,100,-1,88
1,<environment.Job instance at 0x7fd914e04f50>,37,25,[14  5],38,-1,113,-1,88
1,<environment.Job instance at 0x7f02609e71e0>,3,15,[13  4],4,-1,19,-1,4
1,<environment.Job instance at 0x7f025726f550>,4,24,[ 3 11],5,-1,29,-1,5
1,<environment.Job instance at 0x7f025726f730>,6,19,[ 1 13],7,-1,26,-1,7
1,<environment.Job instance at 0x7f025726f820>,8,24,[ 2 12],9,-1,33,-1,9
1,<environment.Job instance at 0x7f025726f460>,2,26,[10  1],3,-1,35,-1,9
1,<environment.Job instance at 0x7f025726f7d0>,10,14,[ 1 14],11,-1,25,-1,11
1,<environment.Job instance at 0x7f025726f9b0>,14,14,[14  3],15,-1,29,-1,15
1,<environment.Job instance at 0x7f025726fe10>,15,24,[ 2 13],16,-1,40,-1,16
1,<environment.Job instance at 0x7f025726ff00>,16,19,[ 3 12],17,-1,36,-1,17
1,<environment.Job instance at 0x7f025726fdc0>,17,18,[ 5 13],18,-1,36,-1,18
1,<environment.Job instance at 0x7f02572730a0>,19,21,[14  4],20,-1,41,-1,20
1,<environment.Job instance at 0x7f025726fa00>,21,22,[14  2],22,-1,54,-1,32
1,<environment.Job instance at 0x7f0257273370>,22,25,[ 4 12],23,-1,57,-1,32
1,<environment.Job instance at 0x7f02572734b0>,24,20,[ 3 12],25,-1,52,-1,32
1,<environment.Job instance at 0x7f0257273550>,25,16,[11  3],26,-1,48,-1,32
1,<environment.Job instance at 0x7f02572737d0>,29,24,[5 1],30,-1,123,-1,99
1,<environment.Job instance at 0x7f0257273a00>,32,14,[14  3],33,-1,121,-1,107
1,<environment.Job instance at 0x7f0257273c30>,35,23,[11  2],36,-1,150,-1,127
1,<environment.Job instance at 0x7f0257273cd0>,36,27,[10  1],37,-1,154,-1,127
1,<environment.Job instance at 0x7f0257273b40>,38,16,[ 1 13],39,-1,153,-1,137
1,<environment.Job instance at 0x7f0257273e60>,40,19,[ 3 10],41,-1,156,-1,137
1,<environment.Job instance at 0x7f0257273f50>,41,26,[13  2],42,-1,163,-1,137
1,<environment.Job instance at 0x7f0257273fa0>,42,18,[ 1 13],43,-1,155,-1,137
1,<environment.Job instance at 0x7f0257274050>,43,14,[6 1],44,-1,154,-1,140
1,<environment.Job instance at 0x7f02572742d0>,45,28,[12  4],46,-1,169,-1,141
1,<environment.Job instance at 0x7f0257274280>,46,17,[ 5 12],47,-1,158,-1,141
1,<environment.Job instance at 0x7f02572743c0>,48,25,[11  4],49,-1,178,-1,153
1,<environment.Job instance at 0x7f0257274550>,49,23,[2 6],50,-1,176,-1,153
1,<environment.Job instance at 0x7f0257274500>,50,13,[12  1],51,-1,166,-1,153
1,<environment.Job instance at 0x7f02572744b0>,51,24,[ 1 11],52,-1,177,-1,153
1,<environment.Job instance at 0x7f0257274730>,52,27,[9 1],53,-1,180,-1,153
1,<environment.Job instance at 0x7f02572747d0>,53,22,[9 5],54,-1,180,-1,158
1,<environment.Job instance at 0x7f02572746e0>,55,15,[6 2],56,-1,173,-1,158
1,<environment.Job instance at 0x7f02572748c0>,56,13,[10  1],57,-1,171,-1,158
1,<environment.Job instance at 0x7f0257274a50>,57,22,[6 5],58,-1,180,-1,158
1,<environment.Job instance at 0x7f0257274af0>,58,22,[14  3],59,-1,180,-1,158
1,<environment.Job instance at 0x7f0257274b90>,59,15,[11  3],60,-1,173,-1,158
1,<environment.Job instance at 0x7f0257274c30>,60,23,[5 7],61,-1,181,-1,158
1,<environment.Job instance at 0x7f0257274cd0>,61,14,[ 2 10],62,-1,172,-1,158
1,<environment.Job instance at 0x7f0257274d70>,62,24,[ 3 10],63,-1,182,-1,158
1,<environment.Job instance at 0x7f0257274e10>,63,24,[9 2],64,-1,182,-1,158
1,<environment.Job instance at 0x7f0257274eb0>,64,20,[11  1],65,-1,178,-1,158
1,<environment.Job instance at 0x7f0257274690>,65,15,[ 1 11],66,-1,173,-1,158
1,<environment.Job instance at 0x7f0257274640>,66,12,[6 1],67,-1,170,-1,158
1,<environment.Job instance at 0x7f0257274fa0>,67,13,[3 5],68,-1,171,-1,158
1,<environment.Job instance at 0x7f0257277190>,68,25,[ 2 12],69,-1,183,-1,158
1,<environment.Job instance at 0x7f0257277230>,69,26,[5 4],70,-1,184,-1,158
1,<environment.Job instance at 0x7f02572772d0>,70,22,[5 6],71,-1,180,-1,158
1,<environment.Job instance at 0x7f0257277370>,71,13,[7 2],72,-1,171,-1,158
1,<environment.Job instance at 0x7f025727a640>,1,12,[12  4],2,-1,14,-1,2
1,<environment.Job instance at 0x7f02572773c0>,2,21,[12  4],3,-1,24,-1,3
1,<environment.Job instance at 0x7f02577af3c0>,3,14,[12  3],4,-1,18,-1,4
1,<environment.Job instance at 0x7f02577af190>,4,28,[ 3 13],5,-1,33,-1,5
1,<environment.Job instance at 0x7f0257735a50>,5,22,[ 3 12],6,-1,28,-1,6
1,<environment.Job instance at 0x7f0257735820>,6,23,[11  2],7,-1,30,-1,7
1,<environment.Job instance at 0x7f025735da50>,8,22,[ 2 10],9,-1,31,-1,9
1,<environment.Job instance at 0x7f025735dbe0>,9,15,[12  2],10,-1,25,-1,10
1,<environment.Job instance at 0x7f025735deb0>,14,21,[9 1],15,-1,46,-1,25
1,<environment.Job instance at 0x7f025735df50>,18,27,[9 4],19,-1,57,-1,30
1,<environment.Job instance at 0x7f025735dc80>,19,25,[ 3 11],20,-1,55,-1,30
1,<environment.Job instance at 0x7f025735d460>,20,27,[13  4],21,-1,57,-1,30
1,<environment.Job instance at 0x7f025694aa00>,21,13,[ 4 10],22,-1,43,-1,30
1,<environment.Job instance at 0x7f0256997140>,23,23,[ 2 14],24,-1,54,-1,31
1,<environment.Job instance at 0x7f0256d34fa0>,24,12,[ 2 11],25,-1,43,-1,31
1,<environment.Job instance at 0x7f0256d68690>,26,24,[8 2],27,-1,67,-1,43
1,<environment.Job instance at 0x7f0256cceeb0>,27,22,[1 7],28,-1,69,-1,47
1,<environment.Job instance at 0x7f0256d68190>,28,28,[ 4 13],29,-1,75,-1,47
1,<environment.Job instance at 0x7f02569c0e60>,29,26,[3 6],30,-1,73,-1,47
1,<environment.Job instance at 0x7f0256d1bd20>,30,12,[11  1],31,-1,59,-1,47
1,<environment.Job instance at 0x7f0256d84690>,31,12,[ 5 11],32,-1,59,-1,47
1,<environment.Job instance at 0x7f0256d843c0>,32,15,[ 3 11],33,-1,62,-1,47
1,<environment.Job instance at 0x7f0256d84050>,33,24,[ 1 10],34,-1,71,-1,47
1,<environment.Job instance at 0x7f0256958a00>,34,24,[ 1 11],35,-1,71,-1,47
1,<environment.Job instance at 0x7f02568ce4b0>,35,25,[8 2],36,-1,72,-1,47
1,<environment.Job instance at 0x7f0256d26780>,36,14,[14  4],37,-1,61,-1,47
1,<environment.Job instance at 0x7f0256d26730>,37,25,[5 4],38,-1,72,-1,47
1,<environment.Job instance at 0x7f0256d26410>,39,16,[ 3 12],40,-1,63,-1,47
1,<environment.Job instance at 0x7f0256d0c370>,40,23,[5 8],41,-1,70,-1,47
1,<environment.Job instance at 0x7f02569240f0>,41,21,[ 4 11],42,-1,68,-1,47
1,<environment.Job instance at 0x7f0256d65d70>,42,20,[ 3 12],43,-1,67,-1,47
1,<environment.Job instance at 0x7f0256d65910>,43,23,[10  3],44,-1,70,-1,47
1,<environment.Job instance at 0x7f0256d65320>,44,28,[3 8],45,-1,75,-1,47
1,<environment.Job instance at 0x7f0256d650f0>,45,24,[12  1],46,-1,71,-1,47
1,<environment.Job instance at 0x7f0256d65550>,46,14,[11  2],47,-1,61,-1,47
1,<environment.Job instance at 0x7f0256d65190>,47,27,[5 3],48,-1,75,-1,48
1,<environment.Job instance at 0x7f0256d65a00>,49,17,[ 5 11],50,-1,81,-1,64
1,<environment.Job instance at 0x7f0256d3f820>,50,13,[11  1],51,-1,77,-1,64
1,<environment.Job instance at 0x7f025693b6e0>,51,27,[14  2],52,-1,91,-1,64
1,<environment.Job instance at 0x7f0256d212d0>,52,25,[13  2],53,-1,89,-1,64
1,<environment.Job instance at 0x7f0256d6dcd0>,53,21,[ 4 12],54,-1,85,-1,64
1,<environment.Job instance at 0x7f0256d1dd70>,55,18,[ 5 11],56,-1,82,-1,64
1,<environment.Job instance at 0x7f0256d42910>,57,12,[11  1],58,-1,93,-1,81
1,<environment.Job instance at 0x7f0256d66550>,58,13,[ 5 13],59,-1,94,-1,81
1,<environment.Job instance at 0x7f0256d66c30>,61,14,[2 9],62,-1,105,-1,91
1,<environment.Job instance at 0x7f0256d80f00>,64,28,[4 8],65,-1,151,-1,123
1,<environment.Job instance at 0x7f0256d803c0>,65,23,[14  3],66,-1,146,-1,123
1,<environment.Job instance at 0x7f0256d80230>,66,23,[3 8],67,-1,146,-1,123
1,<environment.Job instance at 0x7f0256d88370>,68,28,[11  1],69,-1,151,-1,123
1,<environment.Job instance at 0x7f0256d88910>,69,17,[ 3 11],70,-1,140,-1,123
1,<environment.Job instance at 0x7f0256d88f00>,70,15,[ 5 10],71,-1,138,-1,123
1,<environment.Job instance at 0x7f025693c0f0>,71,27,[7 2],72,-1,150,-1,123
1,<environment.Job instance at 0x7f0256d889b0>,72,16,[14  3],73,-1,139,-1,123
1,<environment.Job instance at 0x7f0256d88870>,73,12,[11  4],74,-1,135,-1,123
1,<environment.Job instance at 0x7f0256d75190>,74,15,[14  3],75,-1,138,-1,123
1,<environment.Job instance at 0x7f0256d75370>,75,28,[6 4],76,-1,151,-1,123
1,<environment.Job instance at 0x7f0256d75a50>,76,13,[ 5 13],77,-1,136,-1,123
1,<environment.Job instance at 0x7f0256d17370>,80,24,[11  3],81,-1,167,-1,143
1,<environment.Job instance at 0x7f0256d17820>,81,22,[ 5 14],82,-1,165,-1,143
1,<environment.Job instance at 0x7f0256d17aa0>,82,24,[14  3],83,-1,167,-1,143
1,<environment.Job instance at 0x7f02569271e0>,2,22,[ 3 14],3,-1,25,-1,3
1,<environment.Job instance at 0x7f02569275a0>,3,28,[14  4],4,-1,32,-1,4
1,<environment.Job instance at 0x7f0256927be0>,5,25,[ 3 13],6,-1,31,-1,6
1,<environment.Job instance at 0x7f02569276e0>,7,24,[ 2 13],8,-1,32,-1,8
1,<environment.Job instance at 0x7f02569193c0>,8,21,[ 2 14],9,-1,30,-1,9
1,<environment.Job instance at 0x7f0256919f00>,9,16,[ 5 13],10,-1,26,-1,10
1,<environment.Job instance at 0x7f0256919a50>,10,28,[1 7],11,-1,40,-1,12
1,<environment.Job instance at 0x7f0256919d20>,16,18,[13  2],17,-1,35,-1,17
1,<environment.Job instance at 0x7f0256919e60>,17,19,[ 5 13],18,-1,37,-1,18
1,<environment.Job instance at 0x7f02569198c0>,18,28,[3 5],19,-1,47,-1,19
1,<environment.Job instance at 0x7f0256919640>,21,26,[5 3],22,-1,60,-1,34
1,<environment.Job instance at 0x7f02569192d0>,23,15,[ 3 11],24,-1,50,-1,35
1,<environment.Job instance at 0x7f0256919410>,25,27,[2 8],26,-1,82,-1,55
1,<environment.Job instance at 0x7f02569195a0>,26,12,[ 3 11],27,-1,67,-1,55
1,<environment.Job instance at 0x7f02569199b0>,28,20,[12  2],29,-1,75,-1,55
1,<environment.Job instance at 0x7f0256919140>,29,24,[ 5 11],30,-1,79,-1,55
1,<environment.Job instance at 0x7f0256960b40>,31,27,[ 4 12],32,-1,82,-1,55
1,<environment.Job instance at 0x7f02569609b0>,32,23,[5 7],33,-1,78,-1,55
1,<environment.Job instance at 0x7f0256960e10>,33,13,[11  3],34,-1,68,-1,55
1,<environment.Job instance at 0x7f0256960190>,34,25,[13  3],35,-1,80,-1,55
1,<environment.Job instance at 0x7f02569606e0>,35,17,[ 2 14],36,-1,72,-1,55
1,<environment.Job instance at 0x7f02569605f0>,37,20,[12  3],38,-1,87,-1,67
1,<environment.Job instance at 0x7f0256960230>,38,16,[ 5 14],39,-1,83,-1,67
1,<environment.Job instance at 0x7f0256960690>,39,13,[12  5],40,-1,80,-1,67
1,<environment.Job instance at 0x7f0256960370>,41,27,[12  2],42,-1,99,-1,72
1,<environment.Job instance at 0x7f02569608c0>,42,26,[13  4],43,-1,98,-1,72
1,<environment.Job instance at 0x7f0256960500>,45,24,[ 4 10],46,-1,108,-1,84
1,<environment.Job instance at 0x7f0256960320>,49,20,[11  1],50,-1,127,-1,107
1,<environment.Job instance at 0x7f0256960a50>,50,12,[ 1 14],51,-1,119,-1,107
1,<environment.Job instance at 0x7f0256960c80>,51,18,[ 5 12],52,-1,125,-1,107
1,<environment.Job instance at 0x7f0256926c30>,53,24,[6 1],54,-1,141,-1,117
1,<environment.Job instance at 0x7f025691e0f0>,55,21,[12  1],56,-1,147,-1,126
1,<environment.Job instance at 0x7f02570c4f50>,56,16,[ 4 11],57,-1,142,-1,126
1,<environment.Job instance at 0x7f0257829870>,57,26,[7 4],58,-1,152,-1,126
1,<environment.Job instance at 0x7f0257829c30>,59,27,[11  5],60,-1,168,-1,141
1,<environment.Job instance at 0x7f02570f9c30>,61,25,[9 2],62,-1,166,-1,141
1,<environment.Job instance at 0x7f02570f9500>,62,18,[ 4 14],63,-1,159,-1,141
1,<environment.Job instance at 0x7f0256ed5190>,3,24,[ 4 11],4,-1,28,-1,4
1,<environment.Job instance at 0x7f0256ed5e60>,4,14,[13  1],5,-1,19,-1,5
1,<environment.Job instance at 0x7f0256ed5320>,5,14,[11  1],6,-1,20,-1,6
1,<environment.Job instance at 0x7f0256ed51e0>,6,12,[12  5],7,-1,19,-1,7
1,<environment.Job instance at 0x7f0256ed5e10>,11,28,[ 4 14],12,-1,41,-1,13
1,<environment.Job instance at 0x7f0256d26820>,16,28,[4 9],17,-1,78,-1,50
1,<environment.Job instance at 0x7f0256d26c30>,17,28,[7 5],18,-1,78,-1,50
1,<environment.Job instance at 0x7f0256d9d230>,18,18,[14  2],19,-1,68,-1,50
1,<environment.Job instance at 0x7f0256d26c80>,19,18,[12  2],20,-1,68,-1,50
1,<environment.Job instance at 0x7f0257676b40>,4,15,[ 5 12],5,-1,20,-1,5
1,<environment.Job instance at 0x7f0257676910>,5,28,[ 2 11],6,-1,34,-1,6
1,<environment.Job instance at 0x7f0257676280>,6,28,[13  3],7,-1,35,-1,7
1,<environment.Job instance at 0x7f0257da35f0>,7,21,[1 9],8,-1,33,-1,12
1,<environment.Job instance at 0x7f0257681820>,13,23,[6 5],14,-1,48,-1,25
1,<environment.Job instance at 0x7f0257681640>,14,17,[ 2 13],15,-1,42,-1,25
1,<environment.Job instance at 0x7f0257681fa0>,15,20,[ 1 11],16,-1,45,-1,25
1,<environment.Job instance at 0x7f02576819b0>,16,27,[4 6],17,-1,52,-1,25
1,<environment.Job instance at 0x7f0257681b90>,17,26,[8 5],18,-1,51,-1,25
1,<environment.Job instance at 0x7f02576815a0>,18,12,[ 3 14],19,-1,37,-1,25
1,<environment.Job instance at 0x7f0257678aa0>,21,24,[14  4],22,-1,62,-1,38
1,<environment.Job instance at 0x7f02576785a0>,22,26,[12  3],23,-1,64,-1,38
1,<environment.Job instance at 0x7f02576785f0>,23,16,[ 5 14],24,-1,54,-1,38
1,<environment.Job instance at 0x7f0257678730>,24,23,[8 4],25,-1,61,-1,38
1,<environment.Job instance at 0x7f0257688730>,25,12,[ 4 13],26,-1,50,-1,38
1,<environment.Job instance at 0x7f0257688af0>,26,25,[13  1],27,-1,63,-1,38
1,<environment.Job instance at 0x7f02576a0500>,28,13,[1 8],29,-1,52,-1,39
1,<environment.Job instance at 0x7f02576a0460>,29,22,[14  4],30,-1,61,-1,39
1,<environment.Job instance at 0x7f02576a0320>,30,14,[ 1 13],31,-1,53,-1,39
1,<environment.Job instance at 0x7f02576a0640>,31,28,[ 2 10],32,-1,67,-1,39
1,<environment.Job instance at 0x7f02576a0140>,32,22,[7 5],33,-1,61,-1,39
1,<environment.Job instance at 0x7f02576a00a0>,33,16,[11  3],34,-1,55,-1,39
1,<environment.Job instance at 0x7f02576a08c0>,34,18,[ 5 12],35,-1,57,-1,39
1,<environment.Job instance at 0x7f025766fdc0>,35,24,[ 2 12],36,-1,63,-1,39
1,<environment.Job instance at 0x7f025766ffa0>,36,24,[ 1 13],37,-1,63,-1,39
1,<environment.Job instance at 0x7f025793e690>,37,13,[10  4],38,-1,55,-1,42
1,<environment.Job instance at 0x7f02576916e0>,38,23,[4 5],39,-1,65,-1,42
1,<environment.Job instance at 0x7f0256851140>,39,25,[1 9],40,-1,67,-1,42
1,<environment.Job instance at 0x7f0257d96a00>,41,13,[ 4 10],42,-1,67,-1,54
1,<environment.Job instance at 0x7f0256892c30>,43,24,[14  5],44,-1,79,-1,55
1,<environment.Job instance at 0x7f0256860690>,44,18,[14  1],45,-1,73,-1,55
1,<environment.Job instance at 0x7f0256860a50>,45,14,[13  5],46,-1,69,-1,55
1,<environment.Job instance at 0x7f0256860410>,46,21,[ 1 14],47,-1,76,-1,55
1,<environment.Job instance at 0x7f025686d780>,47,12,[5 1],48,-1,67,-1,55
1,<environment.Job instance at 0x7f025686d410>,48,22,[12  2],49,-1,77,-1,55
1,<environment.Job instance at 0x7f025685fbe0>,49,26,[ 2 10],50,-1,81,-1,55
1,<environment.Job instance at 0x7f025685fa00>,50,14,[12  5],51,-1,69,-1,55
1,<environment.Job instance at 0x7f025685ffa0>,51,14,[14  2],52,-1,69,-1,55
1,<environment.Job instance at 0x7f025685fcd0>,52,24,[4 5],53,-1,79,-1,55
1,<environment.Job instance at 0x7f025685f1e0>,53,24,[9 5],54,-1,79,-1,55
1,<environment.Job instance at 0x7f025685f2d0>,54,18,[11  3],55,-1,73,-1,55
1,<environment.Job instance at 0x7f02576a0d20>,55,23,[13  5],56,-1,79,-1,56
1,<environment.Job instance at 0x7f025685faa0>,56,22,[ 4 10],57,-1,79,-1,57
1,<environment.Job instance at 0x7f025685fe60>,57,20,[ 2 10],58,-1,78,-1,58
1,<environment.Job instance at 0x7f02576764b0>,58,28,[12  3],59,-1,87,-1,59
1,<environment.Job instance at 0x7f02576760a0>,59,25,[3 6],60,-1,85,-1,60
1,<environment.Job instance at 0x7f025687b6e0>,60,23,[8 4],61,-1,84,-1,61
1,<environment.Job instance at 0x7f025687b960>,61,13,[12  4],62,-1,75,-1,62
1,<environment.Job instance at 0x7f025687b320>,62,27,[9 3],63,-1,90,-1,63
1,<environment.Job instance at 0x7f0257e34eb0>,64,18,[ 5 12],65,-1,90,-1,72
1,<environment.Job instance at 0x7f025687b3c0>,65,28,[ 2 13],66,-1,100,-1,72
1,<environment.Job instance at 0x7f025687bdc0>,66,26,[ 3 14],67,-1,98,-1,72
1,<environment.Job instance at 0x7f025687b140>,67,15,[11  5],68,-1,87,-1,72
1,<environment.Job instance at 0x7f025687bbe0>,69,15,[ 3 13],70,-1,87,-1,72
1,<environment.Job instance at 0x7f025687b460>,70,25,[13  4],71,-1,97,-1,72
1,<environment.Job instance at 0x7f025687baa0>,71,17,[13  1],72,-1,89,-1,72
1,<environment.Job instance at 0x7f025687beb0>,73,25,[12  1],74,-1,110,-1,85
1,<environment.Job instance at 0x7f0257681be0>,74,28,[14  4],75,-1,113,-1,85
1,<environment.Job instance at 0x7f02576810f0>,75,16,[ 1 13],76,-1,101,-1,85
1,<environment.Job instance at 0x7f0256872140>,76,26,[ 3 11],77,-1,111,-1,85
1,<environment.Job instance at 0x7f0256872b90>,79,26,[12  4],80,-1,128,-1,102
1,<environment.Job instance at 0x7f0256872e10>,80,16,[11  4],81,-1,118,-1,102
1,<environment.Job instance at 0x7f02568721e0>,83,20,[12  4],84,-1,137,-1,117
1,<environment.Job instance at 0x7f0256877be0>,84,26,[1 6],85,-1,143,-1,117
1,<environment.Job instance at 0x7f0256877b90>,85,23,[5 5],86,-1,140,-1,117
1,<environment.Job instance at 0x7f0256877960>,86,27,[12  2],87,-1,144,-1,117
1,<environment.Job instance at 0x7f0256877410>,87,15,[14  2],88,-1,132,-1,117
1,<environment.Job instance at 0x7f0256877730>,88,15,[13  3],89,-1,132,-1,117
1,<environment.Job instance at 0x7f02568775f0>,89,22,[1 7],90,-1,139,-1,117
1,<environment.Job instance at 0x7f02568771e0>,91,14,[ 2 11],92,-1,141,-1,127
1,<environment.Job instance at 0x7f02568770a0>,92,25,[14  3],93,-1,152,-1,127
1,<environment.Job instance at 0x7f0256877190>,93,23,[14  5],94,-1,150,-1,127
1,<environment.Job instance at 0x7f0256877d20>,94,27,[12  3],95,-1,154,-1,127
1,<environment.Job instance at 0x7f0257678eb0>,95,22,[11  3],96,-1,149,-1,127
1,<environment.Job instance at 0x7f0257678af0>,96,28,[ 1 13],97,-1,155,-1,127
1,<environment.Job instance at 0x7f025685ba50>,97,25,[12  4],98,-1,152,-1,127
1,<environment.Job instance at 0x7f025685bbe0>,98,17,[ 2 13],99,-1,144,-1,127
1,<environment.Job instance at 0x7f025685bc30>,99,15,[ 2 14],100,-1,142,-1,127
1,<environment.Job instance at 0x7f0256879820>,101,16,[ 2 13],102,-1,143,-1,127
1,<environment.Job instance at 0x7f0256879320>,103,15,[12  3],104,-1,146,-1,131
1,<environment.Job instance at 0x7f0256879c80>,104,19,[ 2 13],105,-1,150,-1,131
1,<environment.Job instance at 0x7f02568793c0>,107,18,[ 1 13],108,-1,160,-1,142
1,<environment.Job instance at 0x7f025687ee60>,108,12,[ 5 14],109,-1,154,-1,142
1,<environment.Job instance at 0x7f02568943c0>,109,13,[14  1],110,-1,155,-1,142
1,<environment.Job instance at 0x7f025680c0f0>,110,18,[5 2],111,-1,160,-1,142
1,<environment.Job instance at 0x7f0256876410>,111,20,[3 7],112,-1,162,-1,142
1,<environment.Job instance at 0x7f0256876b90>,112,14,[8 3],113,-1,156,-1,142
1,<environment.Job instance at 0x7f0256876e10>,113,18,[12  3],114,-1,160,-1,142
1,<environment.Job instance at 0x7f0256876a50>,114,23,[2 6],115,-1,165,-1,142
1,<environment.Job instance at 0x7f02568763c0>,115,21,[2 8],116,-1,163,-1,142
1,<environment.Job instance at 0x7f02568767d0>,116,27,[ 2 13],117,-1,169,-1,142
1,<environment.Job instance at 0x7f0256876af0>,117,14,[ 2 11],118,-1,156,-1,142
1,<environment.Job instance at 0x7f0256876550>,118,16,[ 1 12],119,-1,158,-1,142
1,<environment.Job instance at 0x7f0256876230>,119,26,[5 9],120,-1,168,-1,142
1,<environment.Job instance at 0x7f0256876f50>,120,22,[2 7],121,-1,164,-1,142
1,<environment.Job instance at 0x7f02568765f0>,121,22,[8 1],122,-1,164,-1,142
1,<environment.Job instance at 0x7f0256876f00>,122,24,[14  4],123,-1,166,-1,142
1,<environment.Job instance at 0x7f0256876fa0>,123,20,[8 2],124,-1,162,-1,142
1,<environment.Job instance at 0x7f025680f5f0>,125,15,[4 9],126,-1,167,-1,152
1,<environment.Job instance at 0x7f025680f500>,126,16,[ 3 11],127,-1,168,-1,152
1,<environment.Job instance at 0x7f025680ea00>,127,12,[9 1],128,-1,164,-1,152
1,<environment.Job instance at 0x7f025682f870>,128,16,[11  5],129,-1,168,-1,152
1,<environment.Job instance at 0x7f02568aa5a0>,129,18,[13  2],130,-1,170,-1,152
1,<environment.Job instance at 0x7f025681d7d0>,130,13,[3 5],131,-1,165,-1,152
1,<environment.Job instance at 0x7f0256830780>,131,23,[14  1],132,-1,175,-1,152
1,<environment.Job instance at 0x7f025682db90>,132,17,[ 1 14],133,-1,169,-1,152
1,<environment.Job instance at 0x7f0256830cd0>,133,16,[12  2],134,-1,168,-1,152
1,<environment.Job instance at 0x7f0256fb6910>,134,19,[ 4 11],135,-1,171,-1,152
1,<environment.Job instance at 0x7f0256fb66e0>,135,24,[9 5],136,-1,176,-1,152
1,<environment.Job instance at 0x7f0256886dc0>,136,16,[13  3],137,-1,168,-1,152
1,<environment.Job instance at 0x7f0256886fa0>,137,24,[14  3],138,-1,176,-1,152
1,<environment.Job instance at 0x7f0256886500>,138,19,[ 1 14],139,-1,171,-1,152
1,<environment.Job instance at 0x7f02576b7f00>,139,23,[14  3],140,-1,175,-1,152
1,<environment.Job instance at 0x7f02576b7c80>,140,28,[ 4 11],141,-1,180,-1,152
1,<environment.Job instance at 0x7f02576b7140>,141,27,[5 5],142,-1,179,-1,152
1,<environment.Job instance at 0x7f0256f95140>,142,24,[5 2],143,-1,176,-1,152
1,<environment.Job instance at 0x7f02576b77d0>,143,14,[ 4 12],144,-1,166,-1,152
1,<environment.Job instance at 0x7f0256f95780>,144,27,[5 1],145,-1,179,-1,152
1,<environment.Job instance at 0x7f025687c0a0>,145,27,[ 2 11],146,-1,179,-1,152
1,<environment.Job instance at 0x7f025687c460>,146,28,[12  4],147,-1,180,-1,152
1,<environment.Job instance at 0x7f025687cd20>,147,18,[9 1],148,-1,170,-1,152
1,<environment.Job instance at 0x7f025687c140>,148,14,[14  2],149,-1,166,-1,152
1,<environment.Job instance at 0x7f025687c3c0>,149,27,[5 1],150,-1,179,-1,152
1,<environment.Job instance at 0x7f0256f91780>,150,23,[12  5],151,-1,175,-1,152
1,<environment.Job instance at 0x7f0256fc77d0>,151,23,[3 9],152,-1,175,-1,152
1,<environment.Job instance at 0x7f025684c820>,1,26,[10  4],2,-1,28,-1,2
1,<environment.Job instance at 0x7f0256fc7140>,2,23,[5 5],3,-1,26,-1,3
1,<environment.Job instance at 0x7f025684c9b0>,3,13,[ 1 14],4,-1,17,-1,4
1,<environment.Job instance at 0x7f025684c500>,4,12,[ 3 11],5,-1,17,-1,5
1,<environment.Job instance at 0x7f02568c9550>,7,19,[ 5 13],8,-1,27,-1,8
1,<environment.Job instance at 0x7f02568c9690>,9,25,[3 9],10,-1,35,-1,10
1,<environment.Job instance at 0x7f02568c9a00>,14,28,[3 9],15,-1,43,-1,15
1,<environment.Job instance at 0x7f02568c9be0>,15,28,[ 3 10],16,-1,44,-1,16
1,<environment.Job instance at 0x7f02568c92d0>,19,20,[12  4],20,-1,51,-1,31
1,<environment.Job instance at 0x7f02568c9050>,20,28,[8 2],21,-1,59,-1,31
1,<environment.Job instance at 0x7f02568c9cd0>,21,16,[12  4],22,-1,47,-1,31
1,<environment.Job instance at 0x7f02568c5780>,22,16,[ 2 13],23,-1,47,-1,31
1,<environment.Job instance at 0x7f02568c5a50>,23,23,[5 8],24,-1,54,-1,31
1,<environment.Job instance at 0x7f02568c5eb0>,25,24,[9 3],26,-1,60,-1,36
1,<environment.Job instance at 0x7f02568c5dc0>,27,23,[5 4],28,-1,70,-1,47
1,<environment.Job instance at 0x7f02568c5f00>,28,23,[11  4],29,-1,70,-1,47
1,<environment.Job instance at 0x7f02568c50a0>,29,21,[8 2],30,-1,85,-1,64
1,<environment.Job instance at 0x7f02568c5b90>,31,22,[11  1],32,-1,86,-1,64
1,<environment.Job instance at 0x7f02568c5500>,32,17,[11  2],33,-1,81,-1,64
1,<environment.Job instance at 0x7f0257d5e9b0>,3,27,[ 2 10],4,-1,31,-1,4
1,<environment.Job instance at 0x7f0257d5ef50>,4,16,[ 1 12],5,-1,21,-1,5
1,<environment.Job instance at 0x7f0257d5e0f0>,6,20,[ 1 13],7,-1,27,-1,7
1,<environment.Job instance at 0x7f0257d5ed20>,7,17,[ 1 10],8,-1,27,-1,10
1,<environment.Job instance at 0x7f0257d5e780>,9,28,[11  1],10,-1,39,-1,11
1,<environment.Job instance at 0x7f0257d5e140>,11,28,[8 2],12,-1,40,-1,12
1,<environment.Job instance at 0x7f0257d5efa0>,12,21,[ 1 11],13,-1,34,-1,13
1,<environment.Job instance at 0x7f0260634be0>,22,27,[ 4 13],23,-1,134,-1,107
1,<environment.Job instance at 0x7f02606348c0>,2,24,[12  4],3,-1,27,-1,3
1,<environment.Job instance at 0x7f0257923410>,5,14,[1 7],6,-1,22,-1,8
1,<environment.Job instance at 0x7f0257935870>,8,15,[ 3 13],9,-1,24,-1,9
1,<environment.Job instance at 0x7f02569363c0>,9,15,[ 5 11],10,-1,25,-1,10
1,<environment.Job instance at 0x7f02569360f0>,10,22,[6 5],11,-1,33,-1,11
1,<environment.Job instance at 0x7f0256936050>,11,24,[9 2],12,-1,36,-1,12
1,<environment.Job instance at 0x7f02569362d0>,12,13,[11  4],13,-1,26,-1,13
1,<environment.Job instance at 0x7f0256936280>,13,17,[ 3 12],14,-1,31,-1,14
1,<environment.Job instance at 0x7f0256936e10>,14,20,[13  4],15,-1,35,-1,15
1,<environment.Job instance at 0x7f0256936dc0>,15,22,[5 6],16,-1,38,-1,16
1,<environment.Job instance at 0x7f0256936910>,16,20,[12  5],17,-1,37,-1,17
1,<environment.Job instance at 0x7f0256936640>,18,12,[8 4],19,-1,31,-1,19
1,<environment.Job instance at 0x7f0256942370>,19,22,[ 3 11],20,-1,42,-1,20
1,<environment.Job instance at 0x7f0256942410>,20,24,[ 1 12],21,-1,45,-1,21
1,<environment.Job instance at 0x7f0256942690>,21,28,[3 6],22,-1,50,-1,22
1,<environment.Job instance at 0x7f0256942e60>,22,14,[ 4 12],23,-1,37,-1,23
1,<environment.Job instance at 0x7f0256942c80>,23,28,[ 2 13],24,-1,52,-1,24
1,<environment.Job instance at 0x7f0257956690>,24,25,[10  5],25,-1,50,-1,25
1,<environment.Job instance at 0x7f0257956c80>,25,16,[13  3],26,-1,42,-1,26
1,<environment.Job instance at 0x7f0257962d70>,26,12,[8 4],27,-1,39,-1,27
1,<environment.Job instance at 0x7f02570c96e0>,29,26,[ 2 14],30,-1,63,-1,37
1,<environment.Job instance at 0x7f0257962cd0>,30,13,[9 3],31,-1,50,-1,37
1,<environment.Job instance at 0x7f025692e0f0>,31,15,[14  4],32,-1,52,-1,37
1,<environment.Job instance at 0x7f025692e410>,32,13,[13  5],33,-1,50,-1,37
1,<environment.Job instance at 0x7f025692e370>,33,19,[12  2],34,-1,56,-1,37
1,<environment.Job instance at 0x7f025692e140>,34,24,[2 5],35,-1,61,-1,37
1,<environment.Job instance at 0x7f025793f910>,37,27,[ 1 13],38,-1,65,-1,38
1,<environment.Job instance at 0x7f0256988960>,38,26,[8 2],39,-1,65,-1,39
1,<environment.Job instance at 0x7f02570cadc0>,39,26,[5 7],40,-1,66,-1,40
1,<environment.Job instance at 0x7f02570aef50>,40,13,[4 6],41,-1,54,-1,41
1,<environment.Job instance at 0x7f025708e460>,41,26,[11  1],42,-1,68,-1,42
1,<environment.Job instance at 0x7f025708d410>,42,12,[1 7],43,-1,55,-1,43
1,<environment.Job instance at 0x7f0257936b40>,44,13,[10  1],45,-1,65,-1,52
1,<environment.Job instance at 0x7f0256973690>,47,18,[ 1 12],48,-1,86,-1,68
1,<environment.Job instance at 0x7f0256976140>,48,15,[ 3 11],49,-1,83,-1,68
1,<environment.Job instance at 0x7f0256946640>,49,24,[ 1 11],50,-1,92,-1,68
1,<environment.Job instance at 0x7f0256946460>,50,23,[6 3],51,-1,91,-1,68
1,<environment.Job instance at 0x7f02569463c0>,51,16,[ 2 13],52,-1,84,-1,68
1,<environment.Job instance at 0x7f025709e4b0>,52,21,[ 4 13],53,-1,89,-1,68
1,<environment.Job instance at 0x7f02569755f0>,54,14,[ 2 10],55,-1,100,-1,86
1,<environment.Job instance at 0x7f02570c5410>,55,27,[13  3],56,-1,113,-1,86
1,<environment.Job instance at 0x7f02570c5780>,56,24,[3 9],57,-1,110,-1,86
1,<environment.Job instance at 0x7f02570c55f0>,58,23,[14  1],59,-1,110,-1,87
1,<environment.Job instance at 0x7f02570c5c80>,59,27,[11  2],60,-1,114,-1,87
1,<environment.Job instance at 0x7f02570c5870>,60,14,[9 1],61,-1,107,-1,93
1,<environment.Job instance at 0x7f02570c5be0>,61,12,[10  4],62,-1,105,-1,93
1,<environment.Job instance at 0x7f02570c5eb0>,62,22,[ 3 14],63,-1,115,-1,93
1,<environment.Job instance at 0x7f02570c5550>,63,15,[13  2],64,-1,108,-1,93
1,<environment.Job instance at 0x7f02570c5fa0>,64,16,[11  3],65,-1,109,-1,93
1,<environment.Job instance at 0x7f02570c4370>,65,15,[ 1 10],66,-1,108,-1,93
1,<environment.Job instance at 0x7f02570c4280>,66,17,[5 1],67,-1,110,-1,93
1,<environment.Job instance at 0x7f02570c4140>,67,23,[9 3],68,-1,116,-1,93
1,<environment.Job instance at 0x7f02570c4410>,68,23,[13  2],69,-1,116,-1,93
1,<environment.Job instance at 0x7f02570c40f0>,69,16,[ 3 14],70,-1,109,-1,93
1,<environment.Job instance at 0x7f02570c4690>,70,16,[13  5],71,-1,109,-1,93
1,<environment.Job instance at 0x7f02570c4230>,71,13,[9 2],72,-1,108,-1,95
1,<environment.Job instance at 0x7f02570afc80>,73,17,[11  4],74,-1,112,-1,95
1,<environment.Job instance at 0x7f02572311e0>,74,28,[13  5],75,-1,123,-1,95
1,<environment.Job instance at 0x7f0257231280>,75,27,[6 1],76,-1,122,-1,95
1,<environment.Job instance at 0x7f0257231320>,76,14,[4 8],77,-1,111,-1,97
1,<environment.Job instance at 0x7f02572313c0>,77,17,[ 5 11],78,-1,114,-1,97
1,<environment.Job instance at 0x7f0257231500>,79,19,[ 5 12],80,-1,117,-1,98
1,<environment.Job instance at 0x7f0257231640>,81,24,[14  3],82,-1,128,-1,104
1,<environment.Job instance at 0x7f02572316e0>,82,23,[ 1 14],83,-1,127,-1,104
1,<environment.Job instance at 0x7f0257231780>,83,24,[12  2],84,-1,128,-1,104
1,<environment.Job instance at 0x7f0257231820>,84,28,[3 6],85,-1,132,-1,104
1,<environment.Job instance at 0x7f02572318c0>,85,21,[ 2 14],86,-1,125,-1,104
1,<environment.Job instance at 0x7f0257231a00>,86,15,[13  5],87,-1,119,-1,104
1,<environment.Job instance at 0x7f0257231af0>,87,20,[4 5],88,-1,125,-1,105
1,<environment.Job instance at 0x7f0257231b40>,88,14,[5 7],89,-1,123,-1,109
1,<environment.Job instance at 0x7f0257231be0>,89,25,[ 3 10],90,-1,134,-1,109
1,<environment.Job instance at 0x7f0257231c80>,90,12,[ 1 12],91,-1,121,-1,109
1,<environment.Job instance at 0x7f0257231d20>,91,21,[ 2 12],92,-1,130,-1,109
1,<environment.Job instance at 0x7f0257231dc0>,92,15,[13  4],93,-1,124,-1,109
1,<environment.Job instance at 0x7f0257231e60>,93,28,[3 8],94,-1,137,-1,109
1,<environment.Job instance at 0x7f0257231f00>,94,24,[9 3],95,-1,133,-1,109
1,<environment.Job instance at 0x7f02572319b0>,95,28,[9 3],96,-1,137,-1,109
1,<environment.Job instance at 0x7f02572310f0>,96,14,[11  3],97,-1,123,-1,109
1,<environment.Job instance at 0x7f0257223190>,97,22,[5 7],98,-1,131,-1,109
1,<environment.Job instance at 0x7f02572232d0>,98,22,[ 1 10],99,-1,131,-1,109
1,<environment.Job instance at 0x7f0257223280>,99,26,[3 8],100,-1,135,-1,109
1,<environment.Job instance at 0x7f02572233c0>,100,16,[ 5 12],101,-1,125,-1,109
1,<environment.Job instance at 0x7f0257223460>,101,24,[13  4],102,-1,133,-1,109
1,<environment.Job instance at 0x7f0257223500>,102,27,[8 2],103,-1,136,-1,109
1,<environment.Job instance at 0x7f02572235a0>,103,25,[14  2],104,-1,134,-1,109
1,<environment.Job instance at 0x7f0257223050>,104,27,[4 5],105,-1,136,-1,109
1,<environment.Job instance at 0x7f0257223730>,105,23,[12  2],106,-1,132,-1,109
1,<environment.Job instance at 0x7f02572237d0>,106,18,[1 6],107,-1,132,-1,114
1,<environment.Job instance at 0x7f0257223870>,107,20,[1 9],108,-1,135,-1,115
1,<environment.Job instance at 0x7f0257223910>,108,14,[13  1],109,-1,129,-1,115
1,<environment.Job instance at 0x7f02572239b0>,109,18,[ 2 13],110,-1,133,-1,115
1,<environment.Job instance at 0x7f0257223a50>,110,17,[ 4 11],111,-1,132,-1,115
1,<environment.Job instance at 0x7f0257223b90>,112,14,[ 3 11],113,-1,129,-1,115
1,<environment.Job instance at 0x7f0257223c30>,113,17,[ 5 13],114,-1,132,-1,115
1,<environment.Job instance at 0x7f0257223cd0>,114,22,[13  3],115,-1,137,-1,115
1,<environment.Job instance at 0x7f0257223e10>,115,13,[ 3 13],116,-1,129,-1,116
1,<environment.Job instance at 0x7f0257223dc0>,116,14,[12  1],117,-1,131,-1,117
1,<environment.Job instance at 0x7f0257223fa0>,118,17,[ 3 13],119,-1,136,-1,119
1,<environment.Job instance at 0x7f0257223f00>,119,28,[3 7],120,-1,148,-1,120
1,<environment.Job instance at 0x7f025721e9b0>,120,20,[11  2],121,-1,141,-1,121
1,<environment.Job instance at 0x7f025721e870>,121,19,[ 2 12],122,-1,141,-1,122
1,<environment.Job instance at 0x7f025721e190>,122,18,[ 3 11],123,-1,141,-1,123
1,<environment.Job instance at 0x7f025721edc0>,123,14,[ 4 12],124,-1,138,-1,124
1,<environment.Job instance at 0x7f025721eaa0>,124,19,[ 5 11],125,-1,144,-1,125
1,<environment.Job instance at 0x7f025721e3c0>,125,14,[ 5 13],126,-1,140,-1,126
1,<environment.Job instance at 0x7f0257223f50>,127,21,[13  5],128,-1,152,-1,131
1,<environment.Job instance at 0x7f025721ef50>,128,17,[11  1],129,-1,148,-1,131
1,<environment.Job instance at 0x7f025721e960>,129,23,[ 1 14],130,-1,154,-1,131
1,<environment.Job instance at 0x7f025721eb90>,130,22,[1 5],131,-1,153,-1,131
1,<environment.Job instance at 0x7f025721e1e0>,131,14,[ 5 14],132,-1,146,-1,132
1,<environment.Job instance at 0x7f025721eeb0>,132,15,[ 2 14],133,-1,148,-1,133
1,<environment.Job instance at 0x7f025721e690>,133,20,[1 5],134,-1,157,-1,137
1,<environment.Job instance at 0x7f025721e550>,134,14,[13  5],135,-1,151,-1,137
1,<environment.Job instance at 0x7f025721efa0>,135,26,[1 9],136,-1,163,-1,137
1,<environment.Job instance at 0x7f025721e370>,136,22,[ 4 11],137,-1,159,-1,137
1,<environment.Job instance at 0x7f025721e050>,138,24,[10  5],139,-1,163,-1,139
1,<environment.Job instance at 0x7f025721e0f0>,139,24,[ 3 14],140,-1,164,-1,140
1,<environment.Job instance at 0x7f025721e910>,140,28,[ 5 11],141,-1,169,-1,141
1,<environment.Job instance at 0x7f025721e640>,141,17,[ 5 12],142,-1,159,-1,142
1,<environment.Job instance at 0x7f025721e780>,142,14,[10  1],143,-1,158,-1,144
1,<environment.Job instance at 0x7f025723d1e0>,144,22,[11  2],145,-1,171,-1,149
1,<environment.Job instance at 0x7f025723d280>,145,12,[ 5 10],146,-1,161,-1,149
1,<environment.Job instance at 0x7f025723d320>,146,24,[7 1],147,-1,173,-1,149
1,<environment.Job instance at 0x7f025723d460>,148,21,[ 1 12],149,-1,174,-1,153
1,<environment.Job instance at 0x7f025723d640>,149,12,[ 3 11],150,-1,165,-1,153
1,<environment.Job instance at 0x7f025723d0f0>,150,24,[6 1],151,-1,177,-1,153
1,<environment.Job instance at 0x7f02578756e0>,9,19,[ 4 11],10,-1,37,-1,18
1,<environment.Job instance at 0x7f0257875a00>,10,28,[ 3 11],11,-1,46,-1,18
1,<environment.Job instance at 0x7f0257875a50>,11,26,[4 8],12,-1,44,-1,18
1,<environment.Job instance at 0x7f02578758c0>,12,23,[4 6],13,-1,41,-1,18
1,<environment.Job instance at 0x7f0257879a50>,14,21,[14  4],15,-1,50,-1,29
1,<environment.Job instance at 0x7f0257879e60>,15,20,[12  5],16,-1,49,-1,29
1,<environment.Job instance at 0x7f0257879be0>,16,14,[11  3],17,-1,43,-1,29
1,<environment.Job instance at 0x7f0257879b90>,17,28,[ 2 14],18,-1,57,-1,29
1,<environment.Job instance at 0x7f02578798c0>,19,23,[5 3],20,-1,61,-1,38
1,<environment.Job instance at 0x7f0257879d70>,21,25,[13  1],22,-1,63,-1,38
1,<environment.Job instance at 0x7f0257879870>,23,17,[13  2],24,-1,65,-1,48
1,<environment.Job instance at 0x7f0257879cd0>,24,27,[3 9],25,-1,75,-1,48
1,<environment.Job instance at 0x7f0257879370>,25,23,[13  4],26,-1,71,-1,48
1,<environment.Job instance at 0x7f02578792d0>,27,26,[1 9],28,-1,76,-1,50
1,<environment.Job instance at 0x7f0257879190>,28,25,[5 4],29,-1,75,-1,50
1,<environment.Job instance at 0x7f02578791e0>,29,22,[ 2 10],30,-1,72,-1,50
1,<environment.Job instance at 0x7f02578735a0>,30,21,[13  4],31,-1,71,-1,50
1,<environment.Job instance at 0x7f0257a6fbe0>,34,19,[12  3],35,-1,103,-1,84
1,<environment.Job instance at 0x7f0257a6f0a0>,35,17,[ 5 11],36,-1,101,-1,84
1,<environment.Job instance at 0x7f0257a6fb40>,36,28,[ 1 10],37,-1,112,-1,84
1,<environment.Job instance at 0x7f0257a6f320>,39,18,[14  2],40,-1,119,-1,101
1,<environment.Job instance at 0x7f0257a6f140>,40,15,[14  3],41,-1,116,-1,101
1,<environment.Job instance at 0x7f0257a6f640>,42,17,[12  2],43,-1,120,-1,103
1,<environment.Job instance at 0x7f0257a6f1e0>,43,20,[ 5 12],44,-1,123,-1,103
1,<environment.Job instance at 0x7f0257a6f190>,44,28,[ 5 11],45,-1,131,-1,103
1,<environment.Job instance at 0x7f0257a6f690>,46,23,[ 5 11],47,-1,140,-1,117
1,<environment.Job instance at 0x7f0257a6f050>,47,24,[10  2],48,-1,152,-1,128
1,<environment.Job instance at 0x7f02576710a0>,48,28,[14  5],49,-1,156,-1,128
1,<environment.Job instance at 0x7f0257671e60>,50,13,[12  1],51,-1,147,-1,134
1,<environment.Job instance at 0x7f0257671230>,51,28,[ 5 11],52,-1,162,-1,134
1,<environment.Job instance at 0x7f0257671050>,53,18,[ 4 11],54,-1,154,-1,136
1,<environment.Job instance at 0x7f0257671190>,54,28,[7 4],55,-1,165,-1,137
1,<environment.Job instance at 0x7f0257671640>,55,19,[14  5],56,-1,157,-1,138
1,<environment.Job instance at 0x7f0257671af0>,56,24,[11  2],57,-1,162,-1,138
1,<environment.Job instance at 0x7f025723d730>,1,14,[ 3 12],2,-1,16,-1,2
1,<environment.Job instance at 0x7f0256aee6e0>,3,19,[ 4 11],4,-1,23,-1,4
1,<environment.Job instance at 0x7f0256b07500>,7,17,[ 4 13],8,-1,25,-1,8
1,<environment.Job instance at 0x7f0256b07730>,8,15,[ 5 11],9,-1,25,-1,10
1,<environment.Job instance at 0x7f0256af5550>,10,15,[13  5],11,-1,26,-1,11
1,<environment.Job instance at 0x7f0256af5eb0>,14,19,[13  4],15,-1,54,-1,35
1,<environment.Job instance at 0x7f0256af5b40>,16,16,[ 5 13],17,-1,51,-1,35
1,<environment.Job instance at 0x7f0256af53c0>,17,25,[ 4 11],18,-1,60,-1,35
1,<environment.Job instance at 0x7f0256e253c0>,20,26,[ 1 11],21,-1,80,-1,54
1,<environment.Job instance at 0x7f0256af4140>,21,23,[ 3 13],22,-1,77,-1,54
1,<environment.Job instance at 0x7f02574bc9b0>,32,16,[ 2 14],33,-1,171,-1,155
1,<environment.Job instance at 0x7f02574bc9b0>,2,27,[7 4],3,-1,30,-1,3
1,<environment.Job instance at 0x7f0256a14a00>,3,14,[ 5 12],4,-1,18,-1,4
1,<environment.Job instance at 0x7f0256a14f50>,4,23,[13  4],5,-1,28,-1,5
1,<environment.Job instance at 0x7f0256a14b40>,7,25,[ 3 10],8,-1,33,-1,8
1,<environment.Job instance at 0x7f0256a14cd0>,6,15,[14  3],7,-1,23,-1,8
1,<environment.Job instance at 0x7f02578e84b0>,10,17,[ 5 13],11,-1,28,-1,11
1,<environment.Job instance at 0x7f02578e8730>,11,28,[10  2],12,-1,40,-1,12
1,<environment.Job instance at 0x7f02578e8280>,12,24,[9 3],13,-1,37,-1,13
1,<environment.Job instance at 0x7f02578e8f00>,13,21,[13  1],14,-1,35,-1,14
1,<environment.Job instance at 0x7f02578e8c30>,16,27,[11  3],17,-1,44,-1,17
1,<environment.Job instance at 0x7f02578e82d0>,15,21,[ 1 10],16,-1,40,-1,19
1,<environment.Job instance at 0x7f02578e8190>,22,24,[8 5],23,-1,60,-1,36
1,<environment.Job instance at 0x7f02578e8b90>,23,14,[14  1],24,-1,50,-1,36
1,<environment.Job instance at 0x7f02578e8c80>,24,24,[8 5],25,-1,60,-1,36
1,<environment.Job instance at 0x7f02578e85a0>,25,22,[13  5],26,-1,58,-1,36
1,<environment.Job instance at 0x7f02570c9d20>,29,17,[ 5 13],30,-1,71,-1,54
1,<environment.Job instance at 0x7f02570c9e60>,30,26,[ 3 14],31,-1,80,-1,54
1,<environment.Job instance at 0x7f02570c9aa0>,37,13,[7 1],38,-1,142,-1,129
1,<environment.Job instance at 0x7f02570c9b90>,38,20,[ 4 13],39,-1,149,-1,129
1,<environment.Job instance at 0x7f02570c9410>,39,25,[4 8],40,-1,154,-1,129
1,<environment.Job instance at 0x7f02570c9b40>,41,18,[14  3],42,-1,147,-1,129
1,<environment.Job instance at 0x7f02570c90a0>,43,15,[ 5 11],44,-1,147,-1,132
1,<environment.Job instance at 0x7f02570c91e0>,44,24,[7 4],45,-1,156,-1,132
1,<environment.Job instance at 0x7f02570c9cd0>,46,27,[13  2],47,-1,167,-1,140
1,<environment.Job instance at 0x7f02570ad370>,49,27,[5 7],50,-1,185,-1,158
1,<environment.Job instance at 0x7f02570ad1e0>,3,16,[ 2 12],4,-1,20,-1,4
1,<environment.Job instance at 0x7f02566d7550>,4,18,[ 3 11],5,-1,23,-1,5
1,<environment.Job instance at 0x7f02566d7820>,6,15,[ 1 14],7,-1,22,-1,7
1,<environment.Job instance at 0x7f02566d70f0>,8,23,[ 2 13],9,-1,32,-1,9
1,<environment.Job instance at 0x7f02566d7a00>,9,13,[14  1],10,-1,23,-1,10
1,<environment.Job instance at 0x7f02566d7460>,10,22,[ 1 11],11,-1,33,-1,11
1,<environment.Job instance at 0x7f02566d7d70>,12,13,[ 3 12],13,-1,26,-1,13
1,<environment.Job instance at 0x7f0256685b90>,13,14,[ 2 11],14,-1,28,-1,14
1,<environment.Job instance at 0x7f0256685dc0>,14,25,[5 8],15,-1,40,-1,15
1,<environment.Job instance at 0x7f02566856e0>,16,26,[10  4],17,-1,44,-1,18
1,<environment.Job instance at 0x7f0256685cd0>,18,24,[ 4 13],19,-1,43,-1,19
1,<environment.Job instance at 0x7f0256685870>,22,15,[11  1],23,-1,49,-1,34
1,<environment.Job instance at 0x7f0256685820>,25,23,[ 3 12],26,-1,63,-1,40
1,<environment.Job instance at 0x7f02566851e0>,27,28,[5 9],28,-1,84,-1,56
1,<environment.Job instance at 0x7f0256685f50>,29,14,[11  2],30,-1,75,-1,61
1,<environment.Job instance at 0x7f02566770a0>,30,28,[14  3],31,-1,89,-1,61
1,<environment.Job instance at 0x7f0256677d20>,31,22,[ 5 12],32,-1,83,-1,61
1,<environment.Job instance at 0x7f02566771e0>,32,16,[11  2],33,-1,77,-1,61
1,<environment.Job instance at 0x7f02566775a0>,34,27,[11  3],35,-1,88,-1,61
1,<environment.Job instance at 0x7f0256677b40>,36,27,[ 2 11],37,-1,98,-1,71
1,<environment.Job instance at 0x7f02566774b0>,37,28,[13  3],38,-1,99,-1,71
1,<environment.Job instance at 0x7f0256677960>,40,27,[ 2 12],41,-1,117,-1,90
1,<environment.Job instance at 0x7f0256677be0>,39,23,[9 5],40,-1,143,-1,120
1,<environment.Job instance at 0x7f0256603aa0>,46,25,[ 1 14],47,-1,145,-1,120
1,<environment.Job instance at 0x7f0256603820>,43,22,[10  4],44,-1,181,-1,159
1,<environment.Job instance at 0x7f02566034b0>,51,15,[7 1],52,-1,174,-1,159
1,<environment.Job instance at 0x7f0256603a50>,52,23,[8 1],53,-1,182,-1,159
1,<environment.Job instance at 0x7f0256603550>,54,24,[4 7],55,-1,183,-1,159
1,<environment.Job instance at 0x7f02566033c0>,55,22,[ 4 14],56,-1,181,-1,159
1,<environment.Job instance at 0x7f0256603be0>,56,21,[13  5],57,-1,180,-1,159
1,<environment.Job instance at 0x7f0256603d70>,57,17,[ 2 10],58,-1,176,-1,159
1,<environment.Job instance at 0x7f0256d8d190>,2,19,[ 5 13],3,-1,22,-1,3
1,<environment.Job instance at 0x7f0256d8d870>,3,28,[7 5],4,-1,32,-1,4
1,<environment.Job instance at 0x7f0256d8df50>,5,15,[14  5],6,-1,21,-1,6
1,<environment.Job instance at 0x7f0256d8d500>,6,21,[14  5],7,-1,28,-1,7
1,<environment.Job instance at 0x7f0256d8d960>,7,26,[11  1],8,-1,34,-1,8
1,<environment.Job instance at 0x7f02576cc910>,21,25,[3 6],22,-1,128,-1,103
1,<environment.Job instance at 0x7f02576cc050>,23,18,[11  3],24,-1,132,-1,114
1,<environment.Job instance at 0x7f02576cce10>,24,24,[7 3],25,-1,138,-1,114
1,<environment.Job instance at 0x7f0257b610f0>,26,12,[ 2 12],27,-1,128,-1,116
1,<environment.Job instance at 0x7f0257b61820>,27,21,[5 2],28,-1,137,-1,116
1,<environment.Job instance at 0x7f0257b61280>,28,16,[8 1],29,-1,137,-1,121
1,<environment.Job instance at 0x7f0257b61fa0>,29,18,[ 5 13],30,-1,139,-1,121
1,<environment.Job instance at 0x7f0257b615a0>,30,13,[14  4],31,-1,134,-1,121
1,<environment.Job instance at 0x7f0257b61eb0>,32,16,[ 2 13],33,-1,146,-1,130
1,<environment.Job instance at 0x7f0257b615f0>,33,24,[7 1],34,-1,154,-1,130
1,<environment.Job instance at 0x7f0257b61640>,34,21,[1 9],35,-1,151,-1,130
1,<environment.Job instance at 0x7f0257b61dc0>,37,14,[13  5],38,-1,161,-1,147
1,<environment.Job instance at 0x7f0257b61780>,38,27,[ 4 13],39,-1,174,-1,147
1,<environment.Job instance at 0x7f0257b61be0>,39,12,[3 9],40,-1,167,-1,155
1,<environment.Job instance at 0x7f0257b61550>,40,18,[ 2 13],41,-1,173,-1,155
1,<environment.Job instance at 0x7f0257b61500>,41,19,[5 1],42,-1,174,-1,155
1,<environment.Job instance at 0x7f0257b61730>,42,17,[11  1],43,-1,172,-1,155
1,<environment.Job instance at 0x7f0257b61230>,43,13,[12  1],44,-1,168,-1,155
1,<environment.Job instance at 0x7f0257b616e0>,44,27,[ 2 10],45,-1,182,-1,155
1,<environment.Job instance at 0x7f0257540c80>,2,13,[ 5 13],3,-1,16,-1,3
1,<environment.Job instance at 0x7f0257922d70>,3,12,[ 3 12],4,-1,16,-1,4
1,<environment.Job instance at 0x7f0256c121e0>,1,15,[14  4],2,-1,19,-1,4
1,<environment.Job instance at 0x7f025710a960>,5,17,[ 2 14],6,-1,23,-1,6
1,<environment.Job instance at 0x7f025710ad70>,6,13,[ 1 12],7,-1,20,-1,7
1,<environment.Job instance at 0x7f025710a0f0>,8,28,[5 3],9,-1,37,-1,9
1,<environment.Job instance at 0x7f025710a730>,9,23,[12  1],10,-1,33,-1,10
1,<environment.Job instance at 0x7f025710ae60>,7,18,[14  3],8,-1,28,-1,10
1,<environment.Job instance at 0x7f025710a7d0>,11,23,[12  2],12,-1,35,-1,12
1,<environment.Job instance at 0x7f025710a3c0>,12,24,[11  2],13,-1,37,-1,13
1,<environment.Job instance at 0x7f025710acd0>,10,21,[13  1],11,-1,34,-1,13
1,<environment.Job instance at 0x7f025710abe0>,15,28,[ 1 13],16,-1,44,-1,16
1,<environment.Job instance at 0x7f025710a9b0>,18,25,[8 1],19,-1,44,-1,19
1,<environment.Job instance at 0x7f025718e370>,19,12,[12  5],20,-1,32,-1,20
1,<environment.Job instance at 0x7f0257615a50>,25,23,[11  5],26,-1,57,-1,34
1,<environment.Job instance at 0x7f02576155f0>,26,18,[ 5 13],27,-1,52,-1,34
1,<environment.Job instance at 0x7f0257615fa0>,27,28,[7 3],28,-1,62,-1,34
1,<environment.Job instance at 0x7f02576152d0>,28,25,[4 8],29,-1,59,-1,34
1,<environment.Job instance at 0x7f0257615a00>,29,14,[ 4 10],30,-1,62,-1,48
1,<environment.Job instance at 0x7f0257615190>,33,22,[ 1 10],34,-1,81,-1,59
1,<environment.Job instance at 0x7f0257615c80>,34,28,[13  5],35,-1,87,-1,59
1,<environment.Job instance at 0x7f0257615960>,35,23,[9 3],36,-1,82,-1,59
1,<environment.Job instance at 0x7f0257671fa0>,36,23,[8 1],37,-1,82,-1,59
1,<environment.Job instance at 0x7f02576710a0>,37,21,[13  4],38,-1,80,-1,59
1,<environment.Job instance at 0x7f0257671410>,38,23,[4 8],39,-1,82,-1,59
1,<environment.Job instance at 0x7f0257671d70>,40,21,[ 3 13],41,-1,89,-1,68
1,<environment.Job instance at 0x7f02576714b0>,41,18,[13  1],42,-1,86,-1,68
1,<environment.Job instance at 0x7f0257671f00>,42,13,[ 4 12],43,-1,81,-1,68
1,<environment.Job instance at 0x7f0257671d20>,43,25,[3 9],44,-1,93,-1,68
1,<environment.Job instance at 0x7f0257671f50>,44,25,[3 8],45,-1,93,-1,68
1,<environment.Job instance at 0x7f02576716e0>,45,23,[ 1 13],46,-1,91,-1,68
1,<environment.Job instance at 0x7f0257671820>,46,15,[14  3],47,-1,83,-1,68
1,<environment.Job instance at 0x7f0257671500>,47,20,[ 2 11],48,-1,88,-1,68
1,<environment.Job instance at 0x7f0257671370>,48,17,[ 3 12],49,-1,85,-1,68
1,<environment.Job instance at 0x7f0257671aa0>,50,14,[12  2],51,-1,90,-1,76
1,<environment.Job instance at 0x7f0257671550>,52,19,[ 2 14],53,-1,95,-1,76
1,<environment.Job instance at 0x7f02573eb910>,53,15,[12  5],54,-1,91,-1,76
1,<environment.Job instance at 0x7f0257671eb0>,54,25,[2 6],55,-1,101,-1,76
1,<environment.Job instance at 0x7f02573eb690>,55,28,[ 3 12],56,-1,104,-1,76
1,<environment.Job instance at 0x7f02573ebaa0>,56,26,[8 1],57,-1,102,-1,76
1,<environment.Job instance at 0x7f02573eb280>,58,13,[10  5],59,-1,98,-1,85
1,<environment.Job instance at 0x7f02573eb500>,59,12,[11  1],60,-1,97,-1,85
1,<environment.Job instance at 0x7f02573ebdc0>,60,15,[13  5],61,-1,100,-1,85
1,<environment.Job instance at 0x7f02573eb8c0>,64,13,[1 9],65,-1,106,-1,93
1,<environment.Job instance at 0x7f02573eb320>,66,22,[12  5],67,-1,136,-1,114
1,<environment.Job instance at 0x7f0256d1d230>,68,16,[ 1 12],69,-1,130,-1,114
1,<environment.Job instance at 0x7f0256d1daa0>,69,18,[ 4 12],70,-1,132,-1,114
1,<environment.Job instance at 0x7f0256d1d550>,70,24,[13  1],71,-1,138,-1,114
1,<environment.Job instance at 0x7f0256d1d820>,71,12,[ 2 14],72,-1,126,-1,114
1,<environment.Job instance at 0x7f0256d1da00>,72,18,[ 2 13],73,-1,132,-1,114
1,<environment.Job instance at 0x7f0256d1d320>,74,22,[ 2 12],75,-1,136,-1,114
1,<environment.Job instance at 0x7f0256c96140>,75,12,[14  4],76,-1,126,-1,114
1,<environment.Job instance at 0x7f0256c96d70>,76,20,[13  3],77,-1,134,-1,114
1,<environment.Job instance at 0x7f0256c967d0>,77,14,[12  3],78,-1,128,-1,114
1,<environment.Job instance at 0x7f0256c962d0>,78,23,[10  4],79,-1,137,-1,114
1,<environment.Job instance at 0x7f0256c96aa0>,81,24,[4 7],82,-1,157,-1,133
1,<environment.Job instance at 0x7f0256c96500>,82,28,[ 4 12],83,-1,161,-1,133
1,<environment.Job instance at 0x7f0256c96fa0>,83,21,[8 2],84,-1,154,-1,133
1,<environment.Job instance at 0x7f0256c96730>,84,13,[ 2 12],85,-1,146,-1,133
1,<environment.Job instance at 0x7f0256c96f50>,85,21,[12  5],86,-1,154,-1,133
1,<environment.Job instance at 0x7f0256c96af0>,86,22,[ 1 11],87,-1,155,-1,133
1,<environment.Job instance at 0x7f0256c96370>,88,26,[5 3],89,-1,159,-1,133
1,<environment.Job instance at 0x7f0256c965f0>,90,16,[ 4 11],91,-1,149,-1,133
1,<environment.Job instance at 0x7f025733c280>,93,24,[ 4 14],94,-1,171,-1,147
1,<environment.Job instance at 0x7f025733ccd0>,94,21,[14  4],95,-1,168,-1,147
1,<environment.Job instance at 0x7f025733cc80>,95,23,[2 6],96,-1,170,-1,147
1,<environment.Job instance at 0x7f025733c870>,96,21,[14  2],97,-1,168,-1,147
1,<environment.Job instance at 0x7f025733cc30>,97,15,[ 3 13],98,-1,162,-1,147
1,<environment.Job instance at 0x7f025733c2d0>,98,24,[ 5 11],99,-1,171,-1,147
1,<environment.Job instance at 0x7f025733cb40>,99,13,[ 2 13],100,-1,160,-1,147
1,<environment.Job instance at 0x7f0257695af0>,8,12,[ 2 14],9,-1,23,-1,11
1,<environment.Job instance at 0x7f0257695960>,9,26,[13  2],10,-1,37,-1,11
1,<environment.Job instance at 0x7f0257695aa0>,10,17,[13  4],11,-1,28,-1,11
1,<environment.Job instance at 0x7f0257695820>,11,13,[ 4 13],12,-1,25,-1,12
1,<environment.Job instance at 0x7f0257695730>,12,17,[ 1 13],13,-1,30,-1,13
1,<environment.Job instance at 0x7f0257695f00>,14,27,[ 3 10],15,-1,44,-1,17
1,<environment.Job instance at 0x7f0257874730>,15,17,[ 4 11],16,-1,34,-1,17
1,<environment.Job instance at 0x7f0257874aa0>,16,28,[4 5],17,-1,45,-1,17
1,<environment.Job instance at 0x7f0257874140>,17,14,[11  1],18,-1,32,-1,18
1,<environment.Job instance at 0x7f0257874960>,18,12,[ 3 12],19,-1,31,-1,19
1,<environment.Job instance at 0x7f0257874550>,20,19,[ 5 14],21,-1,40,-1,21
1,<environment.Job instance at 0x7f0257874c30>,22,22,[14  4],23,-1,45,-1,23
1,<environment.Job instance at 0x7f0257874230>,23,25,[4 6],24,-1,49,-1,24
1,<environment.Job instance at 0x7f0257874d70>,26,16,[13  5],27,-1,48,-1,32
1,<environment.Job instance at 0x7f0260636280>,29,20,[12  3],30,-1,67,-1,47
1,<environment.Job instance at 0x7f0260636230>,31,27,[13  4],32,-1,86,-1,59
1,<environment.Job instance at 0x7f0260636140>,33,28,[12  5],34,-1,87,-1,59
1,<environment.Job instance at 0x7f0260636b40>,34,24,[1 9],35,-1,83,-1,59
1,<environment.Job instance at 0x7f0260636dc0>,35,26,[5 7],36,-1,85,-1,59
1,<environment.Job instance at 0x7f0260636960>,37,24,[4 5],38,-1,100,-1,76
1,<environment.Job instance at 0x7f0260636870>,39,19,[ 2 11],40,-1,95,-1,76
1,<environment.Job instance at 0x7f0260636c80>,40,19,[ 5 10],41,-1,100,-1,81
1,<environment.Job instance at 0x7f0260636780>,42,15,[ 1 13],43,-1,107,-1,92
1,<environment.Job instance at 0x7f02606363c0>,43,25,[2 8],44,-1,117,-1,92
1,<environment.Job instance at 0x7f0260922a50>,46,22,[14  1],47,-1,130,-1,108
1,<environment.Job instance at 0x7f0260922f50>,48,18,[12  5],49,-1,126,-1,108
1,<environment.Job instance at 0x7f0257696a50>,49,16,[ 3 13],50,-1,124,-1,108
1,<environment.Job instance at 0x7f0257696be0>,51,15,[13  1],52,-1,123,-1,108
1,<environment.Job instance at 0x7f0257696b90>,52,19,[11  4],53,-1,128,-1,109
1,<environment.Job instance at 0x7f0257696460>,54,25,[3 9],55,-1,134,-1,109
1,<environment.Job instance at 0x7f0257696cd0>,57,27,[9 5],58,-1,153,-1,126
1,<environment.Job instance at 0x7f0257696d20>,58,12,[ 5 13],59,-1,138,-1,126
1,<environment.Job instance at 0x7f0257696aa0>,61,23,[12  2],62,-1,182,-1,159
1,<environment.Job instance at 0x7f02570051e0>,3,28,[1 7],4,-1,32,-1,4
1,<environment.Job instance at 0x7f0257796690>,7,28,[ 4 12],8,-1,36,-1,8
1,<environment.Job instance at 0x7f0257005280>,6,14,[4 7],7,-1,46,-1,32
1,<environment.Job instance at 0x7f0257796e60>,12,14,[14  2],13,-1,46,-1,32
1,<environment.Job instance at 0x7f02577963c0>,14,25,[5 6],15,-1,60,-1,35
1,<environment.Job instance at 0x7f02577967d0>,15,13,[13  4],16,-1,48,-1,35
1,<environment.Job instance at 0x7f0257796870>,16,26,[ 4 11],17,-1,61,-1,35
1,<environment.Job instance at 0x7f02577968c0>,19,16,[12  2],20,-1,66,-1,50
1,<environment.Job instance at 0x7f0257796910>,20,23,[13  5],21,-1,73,-1,50
1,<environment.Job instance at 0x7f0257766230>,23,26,[4 6],24,-1,97,-1,71
1,<environment.Job instance at 0x7f0257766320>,24,14,[13  4],25,-1,85,-1,71
1,<environment.Job instance at 0x7f0257766fa0>,25,21,[12  5],26,-1,92,-1,71
1,<environment.Job instance at 0x7f0257766e10>,26,12,[12  1],27,-1,83,-1,71
1,<environment.Job instance at 0x7f0257766af0>,27,16,[ 1 14],28,-1,87,-1,71
1,<environment.Job instance at 0x7f0257766a50>,28,21,[ 2 12],29,-1,92,-1,71
1,<environment.Job instance at 0x7f0257766aa0>,29,17,[ 3 10],30,-1,88,-1,71
1,<environment.Job instance at 0x7f0257766280>,30,12,[3 6],31,-1,90,-1,78
1,<environment.Job instance at 0x7f02577668c0>,31,24,[7 2],32,-1,102,-1,78
1,<environment.Job instance at 0x7f0257766190>,34,23,[13  2],35,-1,108,-1,85
1,<environment.Job instance at 0x7f0257766960>,35,27,[12  1],36,-1,112,-1,85
1,<environment.Job instance at 0x7f02577930a0>,37,24,[3 8],38,-1,126,-1,102
1,<environment.Job instance at 0x7f0257793500>,38,23,[ 1 12],39,-1,125,-1,102
1,<environment.Job instance at 0x7f0257793af0>,39,13,[ 3 12],40,-1,115,-1,102
1,<environment.Job instance at 0x7f0257793b40>,40,28,[ 1 13],41,-1,130,-1,102
1,<environment.Job instance at 0x7f0257793d20>,43,26,[ 4 13],44,-1,129,-1,103
1,<environment.Job instance at 0x7f0257793140>,44,24,[11  3],45,-1,127,-1,103
1,<environment.Job instance at 0x7f02577938c0>,45,24,[12  2],46,-1,127,-1,103
1,<environment.Job instance at 0x7f0257793a50>,46,12,[5 4],47,-1,115,-1,103
1,<environment.Job instance at 0x7f0257793780>,47,13,[1 8],48,-1,116,-1,103
1,<environment.Job instance at 0x7f0257793c80>,48,18,[ 4 10],49,-1,121,-1,103
1,<environment.Job instance at 0x7f02577932d0>,49,17,[ 3 10],50,-1,120,-1,103
1,<environment.Job instance at 0x7f025778bcd0>,50,14,[ 1 13],51,-1,117,-1,103
1,<environment.Job instance at 0x7f025778bbe0>,51,22,[ 3 14],52,-1,125,-1,103
1,<environment.Job instance at 0x7f025778bb90>,52,14,[1 7],53,-1,117,-1,103
1,<environment.Job instance at 0x7f025778bfa0>,53,23,[12  4],54,-1,126,-1,103
1,<environment.Job instance at 0x7f025778bf00>,54,13,[ 4 10],55,-1,116,-1,103
1,<environment.Job instance at 0x7f025778bf50>,55,14,[10  3],56,-1,128,-1,114
1,<environment.Job instance at 0x7f025778b1e0>,57,26,[4 5],58,-1,147,-1,121
1,<environment.Job instance at 0x7f025778b3c0>,61,16,[11  3],62,-1,152,-1,136
1,<environment.Job instance at 0x7f025778bd20>,62,22,[13  2],63,-1,158,-1,136
1,<environment.Job instance at 0x7f025778b0a0>,63,15,[ 2 11],64,-1,151,-1,136
1,<environment.Job instance at 0x7f025778bc80>,64,27,[9 3],65,-1,163,-1,136
1,<environment.Job instance at 0x7f025778bd70>,65,17,[ 1 12],66,-1,153,-1,136
1,<environment.Job instance at 0x7f025778c370>,67,12,[9 5],68,-1,155,-1,143
1,<environment.Job instance at 0x7f025778c5f0>,68,25,[5 6],69,-1,168,-1,143
1,<environment.Job instance at 0x7f025778cbe0>,71,16,[ 4 14],72,-1,169,-1,153
1,<environment.Job instance at 0x7f025778c280>,73,24,[5 6],74,-1,177,-1,153
1,<environment.Job instance at 0x7f025778c500>,74,12,[ 5 11],75,-1,165,-1,153
1,<environment.Job instance at 0x7f025778ca50>,75,13,[8 3],76,-1,170,-1,157
1,<environment.Job instance at 0x7f025778ce60>,76,26,[14  5],77,-1,183,-1,157
1,<environment.Job instance at 0x7f025778ce10>,77,21,[12  3],78,-1,178,-1,157
1,<environment.Job instance at 0x7f025778ceb0>,78,26,[ 2 14],79,-1,183,-1,157
1,<environment.Job instance at 0x7f025778cfa0>,79,17,[ 2 10],80,-1,175,-1,158
1,<environment.Job instance at 0x7f025778ca00>,80,24,[ 2 13],81,-1,182,-1,158
1,<environment.Job instance at 0x7f025778ca00>,3,24,[7 5],4,-1,28,-1,4
1,<environment.Job instance at 0x7f0256c9e370>,4,13,[ 2 13],5,-1,18,-1,5
1,<environment.Job instance at 0x7f0257165b90>,5,17,[ 1 13],6,-1,23,-1,6
1,<environment.Job instance at 0x7f0257165e10>,8,24,[ 3 14],9,-1,33,-1,9
1,<environment.Job instance at 0x7f0257165af0>,9,25,[10  2],10,-1,35,-1,10
1,<environment.Job instance at 0x7f02571657d0>,13,12,[ 5 14],14,-1,26,-1,14
1,<environment.Job instance at 0x7f02571659b0>,14,24,[9 4],15,-1,39,-1,15
1,<environment.Job instance at 0x7f0257165d70>,15,15,[13  4],16,-1,31,-1,16
1,<environment.Job instance at 0x7f02571654b0>,18,18,[13  4],19,-1,42,-1,24
1,<environment.Job instance at 0x7f02571650a0>,19,22,[14  1],20,-1,46,-1,24
1,<environment.Job instance at 0x7f0257165230>,20,17,[ 3 11],21,-1,41,-1,24
1,<environment.Job instance at 0x7f0257165050>,21,26,[13  3],22,-1,50,-1,24
1,<environment.Job instance at 0x7f0257165c30>,22,28,[7 2],23,-1,52,-1,24
1,<environment.Job instance at 0x7f0260a89640>,28,25,[6 2],29,-1,86,-1,61
1,<environment.Job instance at 0x7f0260a89780>,29,28,[8 1],30,-1,89,-1,61
1,<environment.Job instance at 0x7f0260a89be0>,30,25,[3 8],31,-1,86,-1,61
1,<environment.Job instance at 0x7f0257bb9c30>,31,21,[14  1],32,-1,82,-1,61
1,<environment.Job instance at 0x7f0257bb9230>,32,26,[ 3 13],33,-1,87,-1,61
1,<environment.Job instance at 0x7f0257bb9460>,33,14,[ 5 12],34,-1,75,-1,61
1,<environment.Job instance at 0x7f0257bb9870>,34,18,[ 4 11],35,-1,79,-1,61
1,<environment.Job instance at 0x7f0257bb9e60>,35,16,[9 1],36,-1,86,-1,70
1,<environment.Job instance at 0x7f0257bb9dc0>,36,28,[12  3],37,-1,98,-1,70
1,<environment.Job instance at 0x7f0257bb9640>,38,20,[14  5],39,-1,99,-1,79
1,<environment.Job instance at 0x7f0257bb9780>,40,28,[ 5 11],41,-1,107,-1,79
1,<environment.Job instance at 0x7f0257bb9730>,41,21,[11  5],42,-1,100,-1,79
1,<environment.Job instance at 0x7f0257bb98c0>,42,13,[12  4],43,-1,92,-1,79
1,<environment.Job instance at 0x7f0257bb9eb0>,43,25,[14  4],44,-1,104,-1,79
1,<environment.Job instance at 0x7f0257bb9f00>,46,28,[9 4],47,-1,120,-1,92
1,<environment.Job instance at 0x7f0257bb93c0>,48,22,[ 2 10],49,-1,122,-1,100
1,<environment.Job instance at 0x7f0257bb90f0>,49,13,[5 1],50,-1,113,-1,100
1,<environment.Job instance at 0x7f0257bb9960>,51,25,[10  3],52,-1,130,-1,105
1,<environment.Job instance at 0x7f02578c7730>,52,23,[3 9],53,-1,128,-1,105
1,<environment.Job instance at 0x7f02578c73c0>,53,19,[8 1],54,-1,124,-1,105
1,<environment.Job instance at 0x7f02578c7230>,54,19,[ 2 12],55,-1,124,-1,105
1,<environment.Job instance at 0x7f02578c7be0>,55,13,[3 7],56,-1,123,-1,110
1,<environment.Job instance at 0x7f02578c7a50>,57,17,[ 1 11],58,-1,129,-1,112
1,<environment.Job instance at 0x7f02578c75f0>,58,27,[7 5],59,-1,139,-1,112
1,<environment.Job instance at 0x7f025756b5f0>,62,22,[6 1],63,-1,160,-1,138
1,<environment.Job instance at 0x7f025756b550>,67,26,[5 7],68,-1,185,-1,159
1,<environment.Job instance at 0x7f026043d500>,2,18,[14  2],3,-1,21,-1,3
1,<environment.Job instance at 0x7f026043d780>,4,17,[12  1],5,-1,22,-1,5
1,<environment.Job instance at 0x7f026043daa0>,11,16,[ 5 11],12,-1,42,-1,26
1,<environment.Job instance at 0x7f02574119b0>,14,28,[7 1],15,-1,72,-1,44
1,<environment.Job instance at 0x7f0257411e10>,16,27,[ 1 10],17,-1,78,-1,51
1,<environment.Job instance at 0x7f0257411500>,17,20,[ 4 12],18,-1,71,-1,51
1,<environment.Job instance at 0x7f0260436910>,18,14,[12  2],19,-1,65,-1,51
1,<environment.Job instance at 0x7f0260436870>,19,23,[1 8],20,-1,95,-1,72
1,<environment.Job instance at 0x7f0260436dc0>,21,25,[3 5],22,-1,97,-1,72
1,<environment.Job instance at 0x7f0260436f00>,22,13,[ 5 13],23,-1,85,-1,72
1,<environment.Job instance at 0x7f0260436a50>,23,26,[3 8],24,-1,98,-1,72
1,<environment.Job instance at 0x7f02574092d0>,25,13,[ 1 14],26,-1,85,-1,72
1,<environment.Job instance at 0x7f0257409500>,27,23,[13  1],28,-1,99,-1,76
1,<environment.Job instance at 0x7f0257409190>,28,15,[ 5 14],29,-1,91,-1,76
1,<environment.Job instance at 0x7f0257170870>,33,16,[13  1],34,-1,131,-1,115
1,<environment.Job instance at 0x7f02571707d0>,34,12,[ 3 11],35,-1,127,-1,115
1,<environment.Job instance at 0x7f0257170c30>,35,20,[ 2 12],36,-1,135,-1,115
1,<environment.Job instance at 0x7f0257170e60>,36,24,[1 8],37,-1,140,-1,116
1,<environment.Job instance at 0x7f0257404190>,39,26,[8 5],40,-1,161,-1,135
1,<environment.Job instance at 0x7f02574040f0>,40,12,[14  5],41,-1,147,-1,135
1,<environment.Job instance at 0x7f02574040a0>,41,20,[ 3 11],42,-1,155,-1,135
1,<environment.Job instance at 0x7f0257404140>,42,15,[ 4 14],43,-1,150,-1,135
1,<environment.Job instance at 0x7f02574046e0>,44,12,[14  5],45,-1,149,-1,137
1,<environment.Job instance at 0x7f0257404640>,46,13,[ 5 12],47,-1,153,-1,140
1,<environment.Job instance at 0x7f0257404410>,47,26,[1 9],48,-1,166,-1,140
1,<environment.Job instance at 0x7f02574042d0>,48,16,[ 3 13],49,-1,156,-1,140
1,<environment.Job instance at 0x7f0256565730>,50,18,[13  3],51,-1,174,-1,156
1,<environment.Job instance at 0x7f0256841d20>,2,13,[ 2 14],3,-1,16,-1,3
1,<environment.Job instance at 0x7f0257e823c0>,4,23,[11  5],5,-1,28,-1,5
1,<environment.Job instance at 0x7f02568413c0>,7,25,[14  5],8,-1,33,-1,8
1,<environment.Job instance at 0x7f0257e825a0>,17,16,[13  5],18,-1,130,-1,114
1,<environment.Job instance at 0x7f0257e821e0>,18,12,[6 5],19,-1,131,-1,119
1,<environment.Job instance at 0x7f0257e827d0>,19,19,[ 2 10],20,-1,139,-1,120
1,<environment.Job instance at 0x7f0257e82780>,20,25,[6 3],21,-1,145,-1,120
1,<environment.Job instance at 0x7f0257e82eb0>,22,19,[ 5 13],23,-1,150,-1,131
1,<environment.Job instance at 0x7f0257e82f50>,23,19,[12  1],24,-1,150,-1,131
1,<environment.Job instance at 0x7f0257e82f00>,24,12,[13  2],25,-1,143,-1,131
1,<environment.Job instance at 0x7f0257e82190>,26,24,[ 1 12],27,-1,156,-1,132
1,<environment.Job instance at 0x7f02565ee8c0>,2,24,[5 2],3,-1,27,-1,3
1,<environment.Job instance at 0x7f0257c7de10>,3,28,[5 5],4,-1,32,-1,4
1,<environment.Job instance at 0x7f0257c8a1e0>,6,12,[14  3],7,-1,19,-1,7
1,<environment.Job instance at 0x7f0257c8a2d0>,7,18,[ 1 13],8,-1,26,-1,8
1,<environment.Job instance at 0x7f0257c8a5f0>,12,14,[ 1 11],13,-1,33,-1,19
1,<environment.Job instance at 0x7f0257c8a690>,13,23,[1 6],14,-1,58,-1,35
1,<environment.Job instance at 0x7f0257c8a870>,16,15,[ 3 11],17,-1,50,-1,35
1,<environment.Job instance at 0x7f0257c8a9b0>,18,19,[12  4],19,-1,63,-1,44
1,<environment.Job instance at 0x7f0257c8a8c0>,19,26,[13  3],20,-1,70,-1,44
1,<environment.Job instance at 0x7f0257c8a960>,20,22,[ 2 14],21,-1,66,-1,44
1,<environment.Job instance at 0x7f0257c8aa50>,22,14,[ 2 14],23,-1,58,-1,44
1,<environment.Job instance at 0x7f0257c8abe0>,23,28,[14  2],24,-1,72,-1,44
1,<environment.Job instance at 0x7f0257c8adc0>,24,13,[14  4],25,-1,57,-1,44
1,<environment.Job instance at 0x7f0257c8ad20>,25,19,[11  5],26,-1,63,-1,44
1,<environment.Job instance at 0x7f0257c8af50>,27,14,[ 3 13],28,-1,73,-1,59
1,<environment.Job instance at 0x7f0257c8afa0>,28,14,[2 8],29,-1,73,-1,59
1,<environment.Job instance at 0x7f0257c8af00>,29,17,[ 3 14],30,-1,76,-1,59
1,<environment.Job instance at 0x7f0257ca22d0>,31,14,[ 4 13],32,-1,79,-1,65
1,<environment.Job instance at 0x7f0257ca2370>,32,23,[6 4],33,-1,88,-1,65
1,<environment.Job instance at 0x7f0257ca2460>,34,24,[11  5],35,-1,106,-1,82
1,<environment.Job instance at 0x7f0257ca25a0>,35,14,[10  1],36,-1,96,-1,82
1,<environment.Job instance at 0x7f0257ca2690>,37,26,[8 2],38,-1,108,-1,82
1,<environment.Job instance at 0x7f0257ca2730>,38,24,[7 2],39,-1,106,-1,82
1,<environment.Job instance at 0x7f0257ca27d0>,39,19,[ 5 14],40,-1,101,-1,82
1,<environment.Job instance at 0x7f0257ca2870>,40,24,[2 8],41,-1,106,-1,82
1,<environment.Job instance at 0x7f0257ca2910>,41,25,[ 2 12],42,-1,107,-1,82
1,<environment.Job instance at 0x7f0257ca29b0>,42,14,[11  1],43,-1,96,-1,82
1,<environment.Job instance at 0x7f0257ca2a50>,43,16,[12  5],44,-1,98,-1,82
1,<environment.Job instance at 0x7f0257ca2c80>,44,25,[ 4 11],45,-1,107,-1,82
1,<environment.Job instance at 0x7f0257ca2b90>,45,28,[2 5],46,-1,110,-1,82
1,<environment.Job instance at 0x7f0257c8a7d0>,15,28,[13  1],16,-1,110,-1,82
1,<environment.Job instance at 0x7f0257ca2dc0>,47,16,[ 5 12],48,-1,98,-1,82
1,<environment.Job instance at 0x7f0257ca2e60>,48,24,[ 3 12],49,-1,106,-1,82
1,<environment.Job instance at 0x7f0257ca2eb0>,51,28,[12  3],52,-1,153,-1,125
1,<environment.Job instance at 0x7f0257c6e1e0>,53,13,[ 1 13],54,-1,138,-1,125
1,<environment.Job instance at 0x7f0257c6e280>,54,14,[ 3 12],55,-1,139,-1,125
1,<environment.Job instance at 0x7f0257c6e320>,55,27,[ 2 14],56,-1,152,-1,125
1,<environment.Job instance at 0x7f0257c6e3c0>,56,20,[ 2 13],57,-1,145,-1,125
1,<environment.Job instance at 0x7f0257c6e460>,57,25,[ 2 14],58,-1,150,-1,125
1,<environment.Job instance at 0x7f0257c6e500>,58,27,[4 5],59,-1,152,-1,125
1,<environment.Job instance at 0x7f0257c6e7d0>,63,22,[ 5 11],64,-1,168,-1,146
1,<environment.Job instance at 0x7f6f133851e0>,3,15,[13  4],4,-1,19,-1,4
1,<environment.Job instance at 0x7f6f09c0d550>,4,24,[ 3 11],5,-1,29,-1,5
1,<environment.Job instance at 0x7f6f09c0d730>,6,19,[ 1 13],7,-1,26,-1,7
1,<environment.Job instance at 0x7f6f09c0d820>,8,24,[ 2 12],9,-1,33,-1,9
1,<environment.Job instance at 0x7f6f09c0dcd0>,12,22,[4 6],13,-1,40,-1,18
1,<environment.Job instance at 0x7f6f09c0ddc0>,14,14,[14  3],15,-1,32,-1,18
1,<environment.Job instance at 0x7f6f09c0de60>,15,24,[ 2 13],16,-1,42,-1,18
1,<environment.Job instance at 0x7f6f09c0df50>,16,19,[ 3 12],17,-1,37,-1,18
1,<environment.Job instance at 0x7f6f09c0dfa0>,17,18,[ 5 13],18,-1,36,-1,18
1,<environment.Job instance at 0x7f6f09c0df00>,19,21,[14  4],20,-1,53,-1,32
1,<environment.Job instance at 0x7f6f09c0e2d0>,21,22,[14  2],22,-1,54,-1,32
1,<environment.Job instance at 0x7f6f09c0e370>,22,25,[ 4 12],23,-1,57,-1,32
1,<environment.Job instance at 0x7f6f09c0e4b0>,24,20,[ 3 12],25,-1,70,-1,50
1,<environment.Job instance at 0x7f6f09c0e550>,25,16,[11  3],26,-1,66,-1,50
1,<environment.Job instance at 0x7f6f09c0e690>,27,25,[14  4],28,-1,77,-1,52
1,<environment.Job instance at 0x7f6f09c0e7d0>,29,24,[5 1],30,-1,96,-1,72
1,<environment.Job instance at 0x7f6f09c0e1e0>,32,14,[14  3],33,-1,92,-1,78
1,<environment.Job instance at 0x7f6f09c0ec30>,35,23,[11  2],36,-1,121,-1,98
1,<environment.Job instance at 0x7f6f09c0ecd0>,36,27,[10  1],37,-1,125,-1,98
1,<environment.Job instance at 0x7f6f09c0ee10>,38,16,[ 1 13],39,-1,126,-1,110
1,<environment.Job instance at 0x7f6f09c0e140>,41,26,[13  2],42,-1,146,-1,120
1,<environment.Job instance at 0x7f6f09c0eaf0>,42,18,[ 1 13],43,-1,138,-1,120
1,<environment.Job instance at 0x7f6f09c112d0>,45,28,[12  4],46,-1,162,-1,134
1,<environment.Job instance at 0x7f6f09c11370>,46,17,[ 5 12],47,-1,151,-1,134
1,<environment.Job instance at 0x7f6f09c114b0>,48,25,[11  4],49,-1,165,-1,140
1,<environment.Job instance at 0x7f6f09c11140>,50,13,[12  1],51,-1,170,-1,157
1,<environment.Job instance at 0x7f6f09c110a0>,51,24,[ 1 11],52,-1,181,-1,157
1,<environment.Job instance at 0x7f6f09c117d0>,52,27,[9 1],53,-1,184,-1,157
1,<environment.Job instance at 0x7f6f09c118c0>,54,20,[ 5 14],55,-1,184,-1,164
1,<environment.Job instance at 0x7f6f09c118c0>,4,21,[9 1],5,-1,36,-1,15
1,<environment.Job instance at 0x7f6f09c873c0>,8,27,[9 4],9,-1,42,-1,15
1,<environment.Job instance at 0x7f6f0a3d45a0>,9,25,[ 3 11],10,-1,40,-1,15
1,<environment.Job instance at 0x7f6f0a3d40a0>,10,27,[13  4],11,-1,42,-1,15
1,<environment.Job instance at 0x7f6f0a3d48c0>,11,13,[ 4 10],12,-1,29,-1,16
1,<environment.Job instance at 0x7f6f0a279e10>,13,23,[ 2 14],14,-1,41,-1,18
1,<environment.Job instance at 0x7f6f0a279280>,14,12,[ 2 11],15,-1,30,-1,18
1,<environment.Job instance at 0x7f6f0a279c80>,17,22,[1 7],18,-1,62,-1,40
1,<environment.Job instance at 0x7f6f0a279230>,18,28,[ 4 13],19,-1,68,-1,40
1,<environment.Job instance at 0x7f6f0a2792d0>,19,26,[3 6],20,-1,66,-1,40
1,<environment.Job instance at 0x7f6f0a279190>,20,12,[11  1],21,-1,52,-1,40
1,<environment.Job instance at 0x7f6f0a279730>,21,12,[ 5 11],22,-1,52,-1,40
1,<environment.Job instance at 0x7f6f0a2790a0>,22,15,[ 3 11],23,-1,55,-1,40
1,<environment.Job instance at 0x7f6f0a2797d0>,23,24,[ 1 10],24,-1,64,-1,40
1,<environment.Job instance at 0x7f6f096d2eb0>,24,24,[ 1 11],25,-1,64,-1,40
1,<environment.Job instance at 0x7f6f0927d0f0>,25,25,[8 2],26,-1,65,-1,40
1,<environment.Job instance at 0x7f6f0a279320>,26,14,[14  4],27,-1,54,-1,40
1,<environment.Job instance at 0x7f6f0a2796e0>,27,25,[5 4],28,-1,65,-1,40
1,<environment.Job instance at 0x7f6f0966c690>,29,16,[ 3 12],30,-1,57,-1,41
1,<environment.Job instance at 0x7f6f0966c5f0>,30,23,[5 8],31,-1,64,-1,41
1,<environment.Job instance at 0x7f6f094efdc0>,31,21,[ 4 11],32,-1,62,-1,41
1,<environment.Job instance at 0x7f6f0966c190>,32,20,[ 3 12],33,-1,61,-1,41
1,<environment.Job instance at 0x7f6f0966c460>,33,23,[10  3],34,-1,64,-1,41
1,<environment.Job instance at 0x7f6f096e6d20>,34,28,[3 8],35,-1,69,-1,41
1,<environment.Job instance at 0x7f6f09674230>,35,24,[12  1],36,-1,65,-1,41
1,<environment.Job instance at 0x7f6f09627870>,36,14,[11  2],37,-1,55,-1,41
1,<environment.Job instance at 0x7f6f096d6280>,37,27,[5 3],38,-1,68,-1,41
1,<environment.Job instance at 0x7f6f096d64b0>,39,17,[ 5 11],40,-1,72,-1,55
1,<environment.Job instance at 0x7f6f097a3eb0>,40,13,[11  1],41,-1,68,-1,55
1,<environment.Job instance at 0x7f6f093634b0>,41,27,[14  2],42,-1,82,-1,55
1,<environment.Job instance at 0x7f6f0961f1e0>,42,25,[13  2],43,-1,80,-1,55
1,<environment.Job instance at 0x7f6f096c4be0>,43,21,[ 4 12],44,-1,76,-1,55
1,<environment.Job instance at 0x7f6f096c4f50>,45,18,[ 5 11],46,-1,75,-1,57
1,<environment.Job instance at 0x7f6f096c47d0>,47,12,[11  1],48,-1,84,-1,72
1,<environment.Job instance at 0x7f6f092da410>,48,13,[ 5 13],49,-1,85,-1,72
1,<environment.Job instance at 0x7f6f09717aa0>,54,28,[4 8],55,-1,143,-1,115
1,<environment.Job instance at 0x7f6f09717c80>,55,23,[14  3],56,-1,138,-1,115
1,<environment.Job instance at 0x7f6f09717b40>,56,23,[3 8],57,-1,138,-1,115
1,<environment.Job instance at 0x7f6f096c8500>,58,28,[11  1],59,-1,143,-1,115
1,<environment.Job instance at 0x7f6f096c86e0>,59,17,[ 3 11],60,-1,132,-1,115
1,<environment.Job instance at 0x7f6f096c8460>,60,15,[ 5 10],61,-1,130,-1,115
1,<environment.Job instance at 0x7f6f096c8550>,61,27,[7 2],62,-1,142,-1,115
1,<environment.Job instance at 0x7f6f096c85a0>,62,16,[14  3],63,-1,131,-1,115
1,<environment.Job instance at 0x7f6f096ad8c0>,63,12,[11  4],64,-1,127,-1,115
1,<environment.Job instance at 0x7f6f09753730>,64,15,[14  3],65,-1,130,-1,115
1,<environment.Job instance at 0x7f6f096ad2d0>,65,28,[6 4],66,-1,143,-1,115
1,<environment.Job instance at 0x7f6f096ad5f0>,66,13,[ 5 13],67,-1,128,-1,115
1,<environment.Job instance at 0x7f6f09623960>,70,24,[11  3],71,-1,175,-1,151
1,<environment.Job instance at 0x7f6f096238c0>,71,22,[ 5 14],72,-1,173,-1,151
1,<environment.Job instance at 0x7f6f09623dc0>,72,24,[14  3],73,-1,175,-1,151
1,<environment.Job instance at 0x7f6f09763410>,74,28,[6 3],75,-1,181,-1,153
1,<environment.Job instance at 0x7f6f09763a00>,75,15,[11  2],76,-1,168,-1,153
1,<environment.Job instance at 0x7f6f097225f0>,76,24,[ 5 14],77,-1,177,-1,153
1,<environment.Job instance at 0x7f6f097224b0>,77,28,[11  1],78,-1,181,-1,153
1,<environment.Job instance at 0x7f6f09722b40>,78,15,[ 5 11],79,-1,168,-1,153
1,<environment.Job instance at 0x7f6f09722b40>,3,15,[ 3 11],4,-1,19,-1,4
1,<environment.Job instance at 0x7f6f0933a550>,5,27,[2 8],6,-1,33,-1,6
1,<environment.Job instance at 0x7f6f0933a280>,11,27,[ 4 12],12,-1,43,-1,16
1,<environment.Job instance at 0x7f6f0933a690>,12,23,[5 7],13,-1,44,-1,21
1,<environment.Job instance at 0x7f6f0933aa00>,13,13,[11  3],14,-1,34,-1,21
1,<environment.Job instance at 0x7f6f0933a780>,14,25,[13  3],15,-1,46,-1,21
1,<environment.Job instance at 0x7f6f0933a4b0>,15,17,[ 2 14],16,-1,38,-1,21
1,<environment.Job instance at 0x7f6f0933aeb0>,17,20,[12  3],18,-1,41,-1,21
1,<environment.Job instance at 0x7f6f0933ad20>,18,16,[ 5 14],19,-1,37,-1,21
1,<environment.Job instance at 0x7f6f0933a460>,19,13,[12  5],20,-1,34,-1,21
1,<environment.Job instance at 0x7f6f0933d7d0>,21,27,[12  2],22,-1,60,-1,33
1,<environment.Job instance at 0x7f6f0933dc30>,22,26,[13  4],23,-1,59,-1,33
1,<environment.Job instance at 0x7f6f0933d230>,24,12,[8 2],25,-1,45,-1,33
1,<environment.Job instance at 0x7f6f0933dbe0>,25,24,[ 4 10],26,-1,57,-1,33
1,<environment.Job instance at 0x7f6f0933dd20>,30,12,[ 1 14],31,-1,94,-1,82
1,<environment.Job instance at 0x7f6f0933dd70>,31,18,[ 5 12],32,-1,100,-1,82
1,<environment.Job instance at 0x7f6f096ea5a0>,2,21,[13  5],3,-1,24,-1,3
1,<environment.Job instance at 0x7f6f09a59dc0>,1,20,[14  4],2,-1,24,-1,4
1,<environment.Job instance at 0x7f6f098d4410>,4,14,[ 1 12],5,-1,19,-1,5
1,<environment.Job instance at 0x7f6f096addc0>,9,22,[12  5],10,-1,32,-1,10
1,<environment.Job instance at 0x7f6f09c763c0>,10,23,[7 1],11,-1,34,-1,11
1,<environment.Job instance at 0x7f6f0935ddc0>,12,24,[2 5],13,-1,37,-1,13
1,<environment.Job instance at 0x7f6f097adb90>,14,12,[ 2 13],15,-1,38,-1,26
1,<environment.Job instance at 0x7f6f097adcd0>,15,27,[4 9],16,-1,53,-1,26
1,<environment.Job instance at 0x7f6f0974d9b0>,17,24,[10  2],18,-1,50,-1,26
1,<environment.Job instance at 0x7f6f0974dd70>,18,14,[ 5 14],19,-1,40,-1,26
1,<environment.Job instance at 0x7f6f0974db40>,19,19,[10  1],20,-1,67,-1,48
1,<environment.Job instance at 0x7f6f0974dbe0>,22,25,[11  2],23,-1,73,-1,48
1,<environment.Job instance at 0x7f6f097a0910>,23,15,[ 3 12],24,-1,63,-1,48
1,<environment.Job instance at 0x7f6f09766b90>,24,17,[ 3 12],25,-1,65,-1,48
1,<environment.Job instance at 0x7f6f097bf690>,25,22,[14  5],26,-1,70,-1,48
1,<environment.Job instance at 0x7f6f09587dc0>,27,23,[9 5],28,-1,74,-1,51
1,<environment.Job instance at 0x7f6f09587d20>,28,23,[14  4],29,-1,74,-1,51
1,<environment.Job instance at 0x7f6f09587050>,30,15,[ 5 14],31,-1,66,-1,51
1,<environment.Job instance at 0x7f6f09427d20>,31,22,[4 9],32,-1,74,-1,52
1,<environment.Job instance at 0x7f6f09427cd0>,32,19,[ 5 13],33,-1,71,-1,52
1,<environment.Job instance at 0x7f6f09d55dc0>,41,12,[ 5 12],42,-1,157,-1,145
1,<environment.Job instance at 0x7f6f0985b9b0>,42,26,[9 3],43,-1,171,-1,145
1,<environment.Job instance at 0x7f6f0985b050>,43,27,[ 5 13],44,-1,172,-1,145
1,<environment.Job instance at 0x7f6f0985b910>,44,28,[ 4 14],45,-1,173,-1,145
1,<environment.Job instance at 0x7f6f0985b0a0>,46,13,[12  1],47,-1,168,-1,155
1,<environment.Job instance at 0x7f6f0a2d49b0>,3,24,[14  5],4,-1,28,-1,4
1,<environment.Job instance at 0x7f6f0a2d4e60>,4,18,[14  1],5,-1,23,-1,5
1,<environment.Job instance at 0x7f6f0a2d4f00>,5,14,[13  5],6,-1,20,-1,6
1,<environment.Job instance at 0x7f6f0a2d46e0>,6,21,[ 1 14],7,-1,28,-1,7
1,<environment.Job instance at 0x7f6f0a2d41e0>,8,22,[12  2],9,-1,31,-1,9
1,<environment.Job instance at 0x7f6f0a2d4be0>,9,26,[ 2 10],10,-1,36,-1,10
1,<environment.Job instance at 0x7f6f0a2d4500>,10,14,[12  5],11,-1,25,-1,11
1,<environment.Job instance at 0x7f6f099f0b40>,11,14,[14  2],12,-1,26,-1,12
1,<environment.Job instance at 0x7f6f099f02d0>,12,24,[4 5],13,-1,37,-1,13
1,<environment.Job instance at 0x7f6f099f0960>,13,24,[9 5],14,-1,38,-1,14
1,<environment.Job instance at 0x7f6f099f0730>,14,18,[11  3],15,-1,33,-1,15
1,<environment.Job instance at 0x7f6f099f0230>,15,23,[13  5],16,-1,39,-1,16
1,<environment.Job instance at 0x7f6f09a100a0>,16,22,[ 4 10],17,-1,39,-1,17
1,<environment.Job instance at 0x7f6f0a2d44b0>,18,28,[12  3],19,-1,47,-1,19
1,<environment.Job instance at 0x7f6f09a101e0>,19,25,[3 6],20,-1,46,-1,21
1,<environment.Job instance at 0x7f6f09a10910>,21,13,[12  4],22,-1,35,-1,22
1,<environment.Job instance at 0x7f6f09a1d410>,22,27,[9 3],23,-1,50,-1,23
1,<environment.Job instance at 0x7f6f09a1dc30>,25,28,[ 2 13],26,-1,54,-1,26
1,<environment.Job instance at 0x7f6f09a1dd70>,26,26,[ 3 14],27,-1,53,-1,27
1,<environment.Job instance at 0x7f6f09a1d550>,27,15,[11  5],28,-1,43,-1,28
1,<environment.Job instance at 0x7f6f0a2e6230>,29,15,[ 3 13],30,-1,45,-1,30
1,<environment.Job instance at 0x7f6f0a2e64b0>,30,25,[13  4],31,-1,56,-1,31
1,<environment.Job instance at 0x7f6f0a2e6fa0>,33,25,[12  1],34,-1,59,-1,34
1,<environment.Job instance at 0x7f6f0a2e63c0>,34,28,[14  4],35,-1,63,-1,35
1,<environment.Job instance at 0x7f6f0a2e6870>,35,16,[ 1 13],36,-1,52,-1,36
1,<environment.Job instance at 0x7f6f0a2e6e60>,36,26,[ 3 11],37,-1,63,-1,37
1,<environment.Job instance at 0x7f6f0994e1e0>,39,26,[12  4],40,-1,77,-1,51
1,<environment.Job instance at 0x7f6f09a02a50>,40,16,[11  4],41,-1,67,-1,51
1,<environment.Job instance at 0x7f6f09951730>,43,20,[12  4],44,-1,85,-1,65
1,<environment.Job instance at 0x7f6f09951500>,44,26,[1 6],45,-1,91,-1,65
1,<environment.Job instance at 0x7f6f09951a50>,45,23,[5 5],46,-1,88,-1,65
1,<environment.Job instance at 0x7f6f09951550>,46,27,[12  2],47,-1,92,-1,65
1,<environment.Job instance at 0x7f6f098081e0>,47,15,[14  2],48,-1,80,-1,65
1,<environment.Job instance at 0x7f6f09808550>,48,15,[13  3],49,-1,80,-1,65
1,<environment.Job instance at 0x7f6f0a1815f0>,49,22,[1 7],50,-1,89,-1,67
1,<environment.Job instance at 0x7f6f091f0a50>,51,14,[ 2 11],52,-1,98,-1,84
1,<environment.Job instance at 0x7f6f09951af0>,52,25,[14  3],53,-1,109,-1,84
1,<environment.Job instance at 0x7f6f091f97d0>,53,23,[14  5],54,-1,107,-1,84
1,<environment.Job instance at 0x7f6f09233550>,54,27,[12  3],55,-1,111,-1,84
1,<environment.Job instance at 0x7f6f0a2ec820>,55,22,[11  3],56,-1,106,-1,84
1,<environment.Job instance at 0x7f6f09a10b40>,56,28,[ 1 13],57,-1,112,-1,84
1,<environment.Job instance at 0x7f6f0a2f1eb0>,57,25,[12  4],58,-1,109,-1,84
1,<environment.Job instance at 0x7f6f0920f8c0>,58,17,[ 2 13],59,-1,101,-1,84
1,<environment.Job instance at 0x7f6f0920f780>,59,15,[ 2 14],60,-1,99,-1,84
1,<environment.Job instance at 0x7f6f0920fcd0>,61,16,[ 2 13],62,-1,100,-1,84
1,<environment.Job instance at 0x7f6f092000f0>,63,15,[12  3],64,-1,99,-1,84
1,<environment.Job instance at 0x7f6f09202dc0>,64,19,[ 2 13],65,-1,103,-1,84
1,<environment.Job instance at 0x7f6f095def00>,65,14,[1 6],66,-1,98,-1,84
1,<environment.Job instance at 0x7f6f09a1db40>,67,18,[ 1 13],68,-1,112,-1,94
1,<environment.Job instance at 0x7f6f09200cd0>,68,12,[ 5 14],69,-1,106,-1,94
1,<environment.Job instance at 0x7f6f09a1d1e0>,69,13,[14  1],70,-1,107,-1,94
1,<environment.Job instance at 0x7f6f0921c640>,70,18,[5 2],71,-1,113,-1,95
1,<environment.Job instance at 0x7f6f0921c820>,71,20,[3 7],72,-1,115,-1,95
1,<environment.Job instance at 0x7f6f0921c460>,73,18,[12  3],74,-1,116,-1,98
1,<environment.Job instance at 0x7f6f0921c960>,74,23,[2 6],75,-1,121,-1,98
1,<environment.Job instance at 0x7f6f0921c780>,75,21,[2 8],76,-1,119,-1,98
1,<environment.Job instance at 0x7f6f0921c550>,76,27,[ 2 13],77,-1,125,-1,98
1,<environment.Job instance at 0x7f6f0921c1e0>,77,14,[ 2 11],78,-1,112,-1,98
1,<environment.Job instance at 0x7f6f0921c0a0>,78,16,[ 1 12],79,-1,114,-1,98
1,<environment.Job instance at 0x7f6f0a2d4870>,79,26,[5 9],80,-1,124,-1,98
1,<environment.Job instance at 0x7f6f0a2d4f50>,80,22,[2 7],81,-1,120,-1,98
1,<environment.Job instance at 0x7f6f0a2d4960>,81,22,[8 1],82,-1,120,-1,98
1,<environment.Job instance at 0x7f6f0921b640>,82,24,[14  4],83,-1,122,-1,98
1,<environment.Job instance at 0x7f6f0921b460>,83,20,[8 2],84,-1,120,-1,100
1,<environment.Job instance at 0x7f6f0921bdc0>,85,15,[4 9],86,-1,130,-1,115
1,<environment.Job instance at 0x7f6f0921b6e0>,86,16,[ 3 11],87,-1,131,-1,115
1,<environment.Job instance at 0x7f6f0921b960>,87,12,[9 1],88,-1,127,-1,115
1,<environment.Job instance at 0x7f6f0921be60>,88,16,[11  5],89,-1,131,-1,115
1,<environment.Job instance at 0x7f6f0921b230>,89,18,[13  2],90,-1,133,-1,115
1,<environment.Job instance at 0x7f6f0921b8c0>,91,23,[14  1],92,-1,138,-1,115
1,<environment.Job instance at 0x7f6f0921b1e0>,92,17,[ 1 14],93,-1,132,-1,115
1,<environment.Job instance at 0x7f6f09218dc0>,93,16,[12  2],94,-1,131,-1,115
1,<environment.Job instance at 0x7f6f09218370>,94,19,[ 4 11],95,-1,134,-1,115
1,<environment.Job instance at 0x7f6f09218d20>,95,24,[9 5],96,-1,139,-1,115
1,<environment.Job instance at 0x7f6f092185f0>,96,16,[13  3],97,-1,131,-1,115
1,<environment.Job instance at 0x7f6f092187d0>,97,24,[14  3],98,-1,139,-1,115
1,<environment.Job instance at 0x7f6f09218a50>,98,19,[ 1 14],99,-1,134,-1,115
1,<environment.Job instance at 0x7f6f09218870>,99,23,[14  3],100,-1,138,-1,115
1,<environment.Job instance at 0x7f6f09218230>,100,28,[ 4 11],101,-1,143,-1,115
1,<environment.Job instance at 0x7f6f092180f0>,101,27,[5 5],102,-1,142,-1,115
1,<environment.Job instance at 0x7f6f09218050>,102,24,[5 2],103,-1,139,-1,115
1,<environment.Job instance at 0x7f6f09218e60>,103,14,[ 4 12],104,-1,129,-1,115
1,<environment.Job instance at 0x7f6f0921a230>,104,27,[5 1],105,-1,142,-1,115
1,<environment.Job instance at 0x7f6f0921a500>,105,27,[ 2 11],106,-1,142,-1,115
1,<environment.Job instance at 0x7f6f0921a370>,106,28,[12  4],107,-1,143,-1,115
1,<environment.Job instance at 0x7f6f0921a550>,107,18,[9 1],108,-1,141,-1,123
1,<environment.Job instance at 0x7f6f0921a6e0>,108,14,[14  2],109,-1,137,-1,123
1,<environment.Job instance at 0x7f6f0921acd0>,109,27,[5 1],110,-1,150,-1,123
1,<environment.Job instance at 0x7f6f0921af50>,110,23,[12  5],111,-1,146,-1,123
1,<environment.Job instance at 0x7f6f0921ae10>,111,23,[3 9],112,-1,146,-1,123
1,<environment.Job instance at 0x7f6f0921ad70>,113,12,[14  4],114,-1,140,-1,128
1,<environment.Job instance at 0x7f6f09215280>,115,26,[7 5],116,-1,156,-1,130
1,<environment.Job instance at 0x7f6f09215b40>,116,17,[ 3 14],117,-1,147,-1,130
1,<environment.Job instance at 0x7f6f09215960>,118,13,[5 3],119,-1,156,-1,143
1,<environment.Job instance at 0x7f6f092158c0>,119,17,[ 2 13],120,-1,160,-1,143
1,<environment.Job instance at 0x7f6f09215e10>,120,17,[14  2],121,-1,160,-1,143
1,<environment.Job instance at 0x7f6f09215320>,121,26,[10  4],122,-1,169,-1,143
1,<environment.Job instance at 0x7f6f09215d20>,122,23,[5 5],123,-1,166,-1,143
1,<environment.Job instance at 0x7f6f09231dc0>,123,13,[ 1 14],124,-1,156,-1,143
1,<environment.Job instance at 0x7f6f09215780>,124,12,[ 3 11],125,-1,155,-1,143
1,<environment.Job instance at 0x7f6f091af370>,127,19,[ 5 13],128,-1,177,-1,158
1,<environment.Job instance at 0x7f6f09229960>,128,14,[ 2 10],129,-1,172,-1,158
1,<environment.Job instance at 0x7f6f091af910>,129,25,[3 9],130,-1,183,-1,158
1,<environment.Job instance at 0x7f6f092290a0>,130,16,[ 3 10],131,-1,174,-1,158
1,<environment.Job instance at 0x7f6f091fdb40>,133,17,[ 3 13],134,-1,181,-1,164
1,<environment.Job instance at 0x7f6f091fd1e0>,134,28,[3 9],135,-1,192,-1,164
1,<environment.Job instance at 0x7f6f091fdeb0>,135,28,[ 3 10],136,-1,192,-1,164
1,<environment.Job instance at 0x7f6f0965ca00>,4,22,[ 1 12],5,-1,27,-1,5
1,<environment.Job instance at 0x7f6f0965caf0>,5,24,[12  5],6,-1,30,-1,6
1,<environment.Job instance at 0x7f6f0965c320>,6,27,[3 5],7,-1,34,-1,7
1,<environment.Job instance at 0x7f6f0965c870>,9,28,[1 8],10,-1,39,-1,11
1,<environment.Job instance at 0x7f6f0965c050>,11,26,[7 2],12,-1,39,-1,13
1,<environment.Job instance at 0x7f6f0965ce60>,13,28,[ 2 12],14,-1,42,-1,14
1,<environment.Job instance at 0x7f6f0965cb90>,15,16,[12  2],16,-1,40,-1,24
1,<environment.Job instance at 0x7f6f0965c9b0>,16,27,[12  3],17,-1,51,-1,24
1,<environment.Job instance at 0x7f6f0965ce10>,17,17,[13  2],18,-1,41,-1,24
1,<environment.Job instance at 0x7f6f0a2e95a0>,25,23,[ 1 10],26,-1,114,-1,91
1,<environment.Job instance at 0x7f6f0a2e9280>,28,23,[3 7],29,-1,138,-1,115
1,<environment.Job instance at 0x7f6f0a2e9460>,30,23,[ 3 11],31,-1,138,-1,115
1,<environment.Job instance at 0x7f6f0a2e9dc0>,34,25,[2 7],35,-1,165,-1,140
1,<environment.Job instance at 0x7f6f0a2877d0>,5,28,[ 2 10],6,-1,34,-1,6
1,<environment.Job instance at 0x7f6f12dedf50>,4,23,[1 8],5,-1,29,-1,6
1,<environment.Job instance at 0x7f6f0a6e5cd0>,16,14,[11  4],17,-1,109,-1,95
1,<environment.Job instance at 0x7f6f0a2f3eb0>,17,12,[10  1],18,-1,107,-1,95
1,<environment.Job instance at 0x7f6f0a2f3aa0>,18,28,[ 1 13],19,-1,123,-1,95
1,<environment.Job instance at 0x7f6f0a2f3820>,19,19,[ 5 14],20,-1,114,-1,95
1,<environment.Job instance at 0x7f6f0a2f3f00>,20,12,[10  1],21,-1,107,-1,95
1,<environment.Job instance at 0x7f6f0a2f3c80>,22,20,[ 4 14],23,-1,116,-1,96
1,<environment.Job instance at 0x7f6f0a2f3a00>,21,17,[1 9],22,-1,119,-1,102
1,<environment.Job instance at 0x7f6f0a2f3910>,24,18,[ 3 11],25,-1,120,-1,102
1,<environment.Job instance at 0x7f6f0a2f3730>,25,12,[ 1 10],26,-1,114,-1,102
1,<environment.Job instance at 0x7f6f0a2f3af0>,26,26,[ 2 11],27,-1,128,-1,102
1,<environment.Job instance at 0x7f6f0a2f3b90>,27,13,[13  4],28,-1,115,-1,102
1,<environment.Job instance at 0x7f6f091d5280>,30,13,[12  4],31,-1,124,-1,111
1,<environment.Job instance at 0x7f6f091d51e0>,31,17,[ 5 13],32,-1,128,-1,111
1,<environment.Job instance at 0x7f6f091d5320>,32,16,[ 5 14],33,-1,127,-1,111
1,<environment.Job instance at 0x7f6f091d53c0>,33,25,[5 8],34,-1,136,-1,111
1,<environment.Job instance at 0x7f6f091d5b40>,35,17,[ 2 14],36,-1,128,-1,111
1,<environment.Job instance at 0x7f6f091d56e0>,36,18,[11  3],37,-1,129,-1,111
1,<environment.Job instance at 0x7f6f091d5370>,38,13,[2 6],39,-1,133,-1,120
1,<environment.Job instance at 0x7f6f091d58c0>,39,13,[10  4],40,-1,133,-1,120
1,<environment.Job instance at 0x7f6f091d5f50>,40,15,[14  4],41,-1,135,-1,120
1,<environment.Job instance at 0x7f6f091d5230>,41,24,[11  3],42,-1,144,-1,120
1,<environment.Job instance at 0x7f6f091d5af0>,42,15,[ 5 12],43,-1,135,-1,120
1,<environment.Job instance at 0x7f6f091d5e10>,43,26,[ 1 12],44,-1,146,-1,120
1,<environment.Job instance at 0x7f6f13023e60>,44,23,[ 4 10],45,-1,143,-1,120
1,<environment.Job instance at 0x7f6f091d5dc0>,45,25,[1 8],46,-1,145,-1,120
1,<environment.Job instance at 0x7f6f091d5c80>,46,27,[ 3 12],47,-1,147,-1,120
1,<environment.Job instance at 0x7f6f0921c370>,47,13,[3 9],48,-1,134,-1,121
1,<environment.Job instance at 0x7f6f0921c230>,48,28,[12  4],49,-1,149,-1,121
1,<environment.Job instance at 0x7f6f0921c0f0>,49,21,[8 3],50,-1,144,-1,123
1,<environment.Job instance at 0x7f6f0921cb40>,50,28,[11  4],51,-1,151,-1,123
1,<environment.Job instance at 0x7f6f0921ccd0>,51,26,[5 7],52,-1,149,-1,123
1,<environment.Job instance at 0x7f6f0921cfa0>,52,24,[13  1],53,-1,147,-1,123
1,<environment.Job instance at 0x7f6f0921ceb0>,53,12,[14  5],54,-1,135,-1,123
1,<environment.Job instance at 0x7f6f0921c550>,55,26,[6 3],56,-1,156,-1,130
1,<environment.Job instance at 0x7f6f0921c8c0>,56,17,[ 1 14],57,-1,147,-1,130
1,<environment.Job instance at 0x7f6f0921c780>,57,18,[14  3],58,-1,148,-1,130
1,<environment.Job instance at 0x7f6f0921c640>,58,25,[11  3],59,-1,155,-1,130
1,<environment.Job instance at 0x7f6f0921caa0>,59,17,[14  4],60,-1,147,-1,130
1,<environment.Job instance at 0x7f6f0921c6e0>,62,18,[14  4],63,-1,163,-1,145
1,<environment.Job instance at 0x7f6f0928e320>,64,13,[3 5],65,-1,164,-1,151
1,<environment.Job instance at 0x7f6f0928e460>,65,16,[3 9],66,-1,172,-1,156
1,<environment.Job instance at 0x7f6f0928ea50>,66,16,[13  1],67,-1,172,-1,156
1,<environment.Job instance at 0x7f6f0928ebe0>,67,28,[ 4 12],68,-1,184,-1,156
1,<environment.Job instance at 0x7f6f0928eb40>,68,15,[12  2],69,-1,171,-1,156
1,<environment.Job instance at 0x7f6f0928e7d0>,70,26,[6 4],71,-1,183,-1,157
1,<environment.Job instance at 0x7f6f0928e230>,71,14,[8 1],72,-1,171,-1,157
1,<environment.Job instance at 0x7f6f0928e5f0>,72,15,[ 3 13],73,-1,172,-1,157
1,<environment.Job instance at 0x7f6f0928edc0>,73,21,[9 1],74,-1,178,-1,157
1,<environment.Job instance at 0x7f6f0928e960>,74,18,[13  3],75,-1,175,-1,157
1,<environment.Job instance at 0x7f6f0928e8c0>,75,28,[9 4],76,-1,185,-1,157
1,<environment.Job instance at 0x7f6f0928eb90>,76,13,[ 5 11],77,-1,170,-1,157
1,<environment.Job instance at 0x7f6f0928e1e0>,77,19,[14  1],78,-1,176,-1,157
1,<environment.Job instance at 0x7f6f0928ed70>,79,12,[8 1],80,-1,180,-1,168
1,<environment.Job instance at 0x7f6f099b2c30>,4,28,[13  5],5,-1,33,-1,5
1,<environment.Job instance at 0x7f6f099b2190>,5,27,[6 1],6,-1,33,-1,6
1,<environment.Job instance at 0x7f6f099b2410>,7,17,[ 5 11],8,-1,25,-1,8
1,<environment.Job instance at 0x7f6f0928ed70>,9,19,[ 5 12],10,-1,29,-1,10
1,<environment.Job instance at 0x7f6f099b2960>,13,24,[12  2],14,-1,41,-1,17
1,<environment.Job instance at 0x7f6f0a09c6e0>,14,28,[3 6],15,-1,45,-1,17
1,<environment.Job instance at 0x7f6f0a09c0f0>,15,21,[ 2 14],16,-1,38,-1,17
1,<environment.Job instance at 0x7f6f099b2b90>,16,15,[13  5],17,-1,32,-1,17
1,<environment.Job instance at 0x7f6f09af2910>,20,12,[ 1 12],21,-1,77,-1,65
1,<environment.Job instance at 0x7f6f099b59b0>,21,21,[ 2 12],22,-1,86,-1,65
1,<environment.Job instance at 0x7f6f099b5910>,22,15,[13  4],23,-1,80,-1,65
1,<environment.Job instance at 0x7f6f099b9be0>,23,28,[3 8],24,-1,93,-1,65
1,<environment.Job instance at 0x7f6f099b9cd0>,24,24,[9 3],25,-1,89,-1,65
1,<environment.Job instance at 0x7f6f099b9b90>,25,28,[9 3],26,-1,93,-1,65
1,<environment.Job instance at 0x7f6f099b9190>,26,14,[11  3],27,-1,79,-1,65
1,<environment.Job instance at 0x7f6f099b9f50>,29,26,[3 8],30,-1,127,-1,101
1,<environment.Job instance at 0x7f6f09c6ed70>,30,16,[ 5 12],31,-1,117,-1,101
1,<environment.Job instance at 0x7f6f09c6ebe0>,31,24,[13  4],32,-1,125,-1,101
1,<environment.Job instance at 0x7f6f099b9690>,32,27,[8 2],33,-1,128,-1,101
1,<environment.Job instance at 0x7f6f09c3e550>,33,25,[14  2],34,-1,126,-1,101
1,<environment.Job instance at 0x7f6f09c3e5a0>,34,27,[4 5],35,-1,128,-1,101
1,<environment.Job instance at 0x7f6f0a77c1e0>,35,23,[12  2],36,-1,124,-1,101
1,<environment.Job instance at 0x7f6f0a77edc0>,37,20,[1 9],38,-1,146,-1,126
1,<environment.Job instance at 0x7f6f09b1a6e0>,40,17,[ 4 11],41,-1,143,-1,126
1,<environment.Job instance at 0x7f6f0a774c30>,42,14,[ 3 11],43,-1,149,-1,135
1,<environment.Job instance at 0x7f6f0a764d70>,43,17,[ 5 13],44,-1,152,-1,135
1,<environment.Job instance at 0x7f6f0a7642d0>,44,22,[13  3],45,-1,157,-1,135
1,<environment.Job instance at 0x7f6f0a764af0>,45,13,[ 3 13],46,-1,148,-1,135
1,<environment.Job instance at 0x7f6f09af7f00>,46,14,[12  1],47,-1,149,-1,135
1,<environment.Job instance at 0x7f6f09b015f0>,48,17,[ 3 13],49,-1,152,-1,135
1,<environment.Job instance at 0x7f6f09b014b0>,49,28,[3 7],50,-1,163,-1,135
1,<environment.Job instance at 0x7f6f099df550>,50,20,[11  2],51,-1,155,-1,135
1,<environment.Job instance at 0x7f6f099dfdc0>,51,19,[ 2 12],52,-1,154,-1,135
1,<environment.Job instance at 0x7f6f099df230>,52,18,[ 3 11],53,-1,153,-1,135
1,<environment.Job instance at 0x7f6f0a776d70>,53,14,[ 4 12],54,-1,149,-1,135
1,<environment.Job instance at 0x7f6f0a776280>,54,19,[ 5 11],55,-1,154,-1,135
1,<environment.Job instance at 0x7f6f0a776b90>,55,14,[ 5 13],56,-1,149,-1,135
1,<environment.Job instance at 0x7f6f0a776eb0>,58,17,[11  1],59,-1,182,-1,165
1,<environment.Job instance at 0x7f6f0a776f50>,59,23,[ 1 14],60,-1,188,-1,165
1,<environment.Job instance at 0x7f6f0a3cda50>,3,25,[ 2 12],4,-1,29,-1,4
1,<environment.Job instance at 0x7f6f096496e0>,4,22,[1 8],5,-1,29,-1,7
1,<environment.Job instance at 0x7f6f096493c0>,7,16,[9 1],8,-1,24,-1,8
1,<environment.Job instance at 0x7f6f09649c80>,8,27,[2 9],9,-1,36,-1,9
1,<environment.Job instance at 0x7f6f09649d70>,9,19,[ 4 13],10,-1,29,-1,10
1,<environment.Job instance at 0x7f6f09649370>,10,21,[ 5 13],11,-1,32,-1,11
1,<environment.Job instance at 0x7f6f09649e10>,12,24,[7 1],13,-1,37,-1,13
1,<environment.Job instance at 0x7f6f09649af0>,13,23,[6 3],14,-1,37,-1,14
1,<environment.Job instance at 0x7f6f09649500>,15,20,[5 1],16,-1,36,-1,16
1,<environment.Job instance at 0x7f6f09649f00>,16,16,[14  5],17,-1,33,-1,17
1,<environment.Job instance at 0x7f6f09649a50>,17,18,[ 4 11],18,-1,36,-1,18
1,<environment.Job instance at 0x7f6f09649320>,18,25,[2 5],19,-1,44,-1,19
1,<environment.Job instance at 0x7f6f09649280>,19,13,[12  3],20,-1,33,-1,20
1,<environment.Job instance at 0x7f6f09649140>,20,25,[10  2],21,-1,46,-1,21
1,<environment.Job instance at 0x7f6f09649410>,21,28,[ 5 14],22,-1,50,-1,22
1,<environment.Job instance at 0x7f6f09649910>,23,17,[12  5],24,-1,44,-1,27
1,<environment.Job instance at 0x7f6f0965a500>,25,27,[13  3],26,-1,55,-1,28
1,<environment.Job instance at 0x7f6f0965a280>,26,15,[ 4 10],27,-1,43,-1,28
1,<environment.Job instance at 0x7f6f0965a0a0>,27,12,[ 1 10],28,-1,40,-1,28
1,<environment.Job instance at 0x7f6f0965a320>,28,22,[7 1],29,-1,51,-1,29
1,<environment.Job instance at 0x7f6f0a7d7b90>,29,21,[11  1],30,-1,51,-1,30
1,<environment.Job instance at 0x7f6f0a7d7690>,31,18,[11  1],32,-1,67,-1,49
1,<environment.Job instance at 0x7f6f0a7d7cd0>,32,13,[3 9],33,-1,62,-1,49
1,<environment.Job instance at 0x7f6f0a7d7eb0>,33,15,[ 2 13],34,-1,64,-1,49
1,<environment.Job instance at 0x7f6f0a7d7190>,34,19,[8 2],35,-1,68,-1,49
1,<environment.Job instance at 0x7f6f0a7d7320>,35,15,[ 2 13],36,-1,64,-1,49
1,<environment.Job instance at 0x7f6f0a7d79b0>,36,17,[13  4],37,-1,66,-1,49
1,<environment.Job instance at 0x7f6f0a7d74b0>,37,28,[ 1 12],38,-1,77,-1,49
1,<environment.Job instance at 0x7f6f0a7d7f00>,38,17,[1 5],39,-1,66,-1,49
1,<environment.Job instance at 0x7f6f0a7d7a00>,39,20,[ 4 14],40,-1,69,-1,49
1,<environment.Job instance at 0x7f6f09b28960>,40,18,[14  1],41,-1,67,-1,49
1,<environment.Job instance at 0x7f6f09b28c80>,41,18,[1 9],42,-1,67,-1,49
1,<environment.Job instance at 0x7f6f09b280a0>,42,24,[ 2 12],43,-1,73,-1,49
1,<environment.Job instance at 0x7f6f09b28320>,43,18,[7 1],44,-1,67,-1,49
1,<environment.Job instance at 0x7f6f09b281e0>,45,21,[5 5],46,-1,71,-1,50
1,<environment.Job instance at 0x7f6f09b28be0>,46,24,[3 7],47,-1,74,-1,50
1,<environment.Job instance at 0x7f6f09b28d70>,47,15,[ 3 14],48,-1,65,-1,50
1,<environment.Job instance at 0x7f6f09b28050>,48,25,[3 6],49,-1,75,-1,50
1,<environment.Job instance at 0x7f6f09b28640>,49,13,[5 8],50,-1,68,-1,55
1,<environment.Job instance at 0x7f6f09b288c0>,50,16,[ 5 12],51,-1,71,-1,55
1,<environment.Job instance at 0x7f6f09b28690>,51,22,[13  4],52,-1,77,-1,55
1,<environment.Job instance at 0x7f6f09b28b90>,52,17,[13  5],53,-1,72,-1,55
1,<environment.Job instance at 0x7f6f09b28410>,53,17,[14  5],54,-1,72,-1,55
1,<environment.Job instance at 0x7f6f09b280f0>,54,17,[ 1 13],55,-1,72,-1,55
1,<environment.Job instance at 0x7f6f09b28af0>,55,16,[ 1 11],56,-1,72,-1,56
1,<environment.Job instance at 0x7f6f09b28b40>,56,22,[4 5],57,-1,79,-1,57
1,<environment.Job instance at 0x7f6f09b28aa0>,57,16,[14  4],58,-1,74,-1,58
1,<environment.Job instance at 0x7f6f0a34c500>,58,19,[2 5],59,-1,82,-1,63
1,<environment.Job instance at 0x7f6f09b285a0>,59,23,[2 5],60,-1,86,-1,63
1,<environment.Job instance at 0x7f6f0a34cbe0>,60,12,[7 2],61,-1,75,-1,63
1,<environment.Job instance at 0x7f6f0a34c320>,61,20,[6 1],62,-1,83,-1,63
1,<environment.Job instance at 0x7f6f0a34c0f0>,62,14,[11  5],63,-1,77,-1,63
1,<environment.Job instance at 0x7f6f0a34c1e0>,63,18,[ 4 12],64,-1,82,-1,64
1,<environment.Job instance at 0x7f6f0a34c410>,64,24,[ 3 11],65,-1,89,-1,65
1,<environment.Job instance at 0x7f6f0a34c820>,65,15,[ 3 13],66,-1,81,-1,66
1,<environment.Job instance at 0x7f6f0a34c7d0>,67,13,[13  2],68,-1,81,-1,68
1,<environment.Job instance at 0x7f6f0a34c9b0>,68,27,[13  3],69,-1,96,-1,69
1,<environment.Job instance at 0x7f6f0a34cc80>,71,27,[12  3],72,-1,105,-1,78
1,<environment.Job instance at 0x7f6f0a34c5f0>,72,19,[8 1],73,-1,97,-1,78
1,<environment.Job instance at 0x7f6f0a34cb90>,73,26,[ 4 11],74,-1,104,-1,78
1,<environment.Job instance at 0x7f6f0a34ce10>,75,23,[1 6],76,-1,102,-1,79
1,<environment.Job instance at 0x7f6f0a34c550>,76,24,[ 5 12],77,-1,103,-1,79
1,<environment.Job instance at 0x7f6f0a34c4b0>,77,20,[1 7],78,-1,99,-1,79
1,<environment.Job instance at 0x7f6f0a34c6e0>,78,24,[7 2],79,-1,103,-1,79
1,<environment.Job instance at 0x7f6f0a32a0f0>,79,15,[9 4],80,-1,95,-1,80
1,<environment.Job instance at 0x7f6f0a32a370>,80,14,[14  5],81,-1,95,-1,81
1,<environment.Job instance at 0x7f6f0a32af50>,81,14,[ 3 12],82,-1,96,-1,82
1,<environment.Job instance at 0x7f6f0a32aaf0>,82,16,[8 2],83,-1,99,-1,83
1,<environment.Job instance at 0x7f6f0a32a820>,83,19,[ 4 11],84,-1,103,-1,84
1,<environment.Job instance at 0x7f6f0a32ac30>,84,14,[4 7],85,-1,103,-1,89
1,<environment.Job instance at 0x7f6f0a34cd70>,85,28,[8 4],86,-1,117,-1,89
1,<environment.Job instance at 0x7f6f0a32a9b0>,86,17,[13  5],87,-1,106,-1,89
1,<environment.Job instance at 0x7f6f0a32a1e0>,87,17,[ 4 13],88,-1,106,-1,89
1,<environment.Job instance at 0x7f6f0a32a410>,88,15,[ 5 11],89,-1,104,-1,89
1,<environment.Job instance at 0x7f6f0a32a2d0>,89,13,[14  4],90,-1,103,-1,90
1,<environment.Job instance at 0x7f6f0a32a690>,90,15,[13  5],91,-1,106,-1,91
1,<environment.Job instance at 0x7f6f0a32a050>,92,28,[13  3],93,-1,125,-1,97
1,<environment.Job instance at 0x7f6f0a32a5f0>,93,25,[ 1 14],94,-1,122,-1,97
1,<environment.Job instance at 0x7f6f0a32a780>,94,19,[13  4],95,-1,116,-1,97
1,<environment.Job instance at 0x7f6f0a32ae10>,95,15,[1 7],96,-1,113,-1,98
1,<environment.Job instance at 0x7f6f0a32ab40>,96,16,[ 5 13],97,-1,114,-1,98
1,<environment.Job instance at 0x7f6f0a3cac80>,97,25,[ 4 11],98,-1,123,-1,98
1,<environment.Job instance at 0x7f6f0a3ca0f0>,98,21,[1 6],99,-1,120,-1,99
1,<environment.Job instance at 0x7f6f0a3caaf0>,99,15,[7 1],100,-1,115,-1,100
1,<environment.Job instance at 0x7f6f0a3cabe0>,100,26,[ 1 11],101,-1,127,-1,101
1,<environment.Job instance at 0x7f6f0a3ca0a0>,101,23,[ 3 13],102,-1,125,-1,102
1,<environment.Job instance at 0x7f6f0a3ca190>,102,26,[4 9],103,-1,129,-1,103
1,<environment.Job instance at 0x7f6f0a3cad70>,103,20,[11  5],104,-1,124,-1,104
1,<environment.Job instance at 0x7f6f0a3cab90>,105,18,[12  1],106,-1,125,-1,107
1,<environment.Job instance at 0x7f6f0a3ca3c0>,108,20,[7 5],109,-1,144,-1,124
1,<environment.Job instance at 0x7f6f0a3ca500>,109,23,[6 1],110,-1,147,-1,124
1,<environment.Job instance at 0x7f6f0a3ca4b0>,110,27,[2 7],111,-1,151,-1,124
1,<environment.Job instance at 0x7f6f0a3ca5a0>,111,12,[8 1],112,-1,136,-1,124
1,<environment.Job instance at 0x7f6f0a3ca5f0>,112,16,[ 2 14],113,-1,140,-1,124
1,<environment.Job instance at 0x7f6f0a3ca2d0>,113,27,[10  1],114,-1,151,-1,124
1,<environment.Job instance at 0x7f6f0a3ca460>,114,17,[1 6],115,-1,141,-1,124
1,<environment.Job instance at 0x7f6f0a34a5a0>,115,13,[11  4],116,-1,137,-1,124
1,<environment.Job instance at 0x7f6f0a34a960>,116,13,[ 4 14],117,-1,137,-1,124
1,<environment.Job instance at 0x7f6f0a34ae10>,117,21,[4 5],118,-1,145,-1,124
1,<environment.Job instance at 0x7f6f0a34a1e0>,118,24,[ 1 10],119,-1,148,-1,124
1,<environment.Job instance at 0x7f6f0a34a190>,119,21,[ 1 10],120,-1,145,-1,124
1,<environment.Job instance at 0x7f6f0a34a820>,120,28,[14  4],121,-1,152,-1,124
1,<environment.Job instance at 0x7f6f0a34aa00>,121,23,[1 5],122,-1,147,-1,124
1,<environment.Job instance at 0x7f6f0a34a4b0>,122,24,[ 5 13],123,-1,148,-1,124
1,<environment.Job instance at 0x7f6f0a34aeb0>,124,23,[4 8],125,-1,148,-1,125
1,<environment.Job instance at 0x7f6f0a34a8c0>,126,15,[1 6],127,-1,152,-1,137
1,<environment.Job instance at 0x7f6f0a34a230>,127,26,[2 8],128,-1,163,-1,137
1,<environment.Job instance at 0x7f6f0a34a6e0>,128,21,[13  1],129,-1,158,-1,137
1,<environment.Job instance at 0x7f6f0a34a9b0>,129,12,[ 5 12],130,-1,149,-1,137
1,<environment.Job instance at 0x7f6f0a34a410>,130,26,[ 2 13],131,-1,163,-1,137
1,<environment.Job instance at 0x7f6f0a34a370>,132,19,[ 4 13],133,-1,160,-1,141
1,<environment.Job instance at 0x7f6f09630870>,133,21,[ 4 14],134,-1,162,-1,141
1,<environment.Job instance at 0x7f6f096302d0>,134,17,[ 4 12],135,-1,158,-1,141
1,<environment.Job instance at 0x7f6f09630410>,135,26,[6 5],136,-1,167,-1,141
1,<environment.Job instance at 0x7f6f09630af0>,136,14,[12  1],137,-1,155,-1,141
1,<environment.Job instance at 0x7f6f096308c0>,137,22,[13  2],138,-1,163,-1,141
1,<environment.Job instance at 0x7f6f09630280>,138,20,[14  5],139,-1,161,-1,141
1,<environment.Job instance at 0x7f6f096300f0>,139,16,[ 4 14],140,-1,157,-1,141
1,<environment.Job instance at 0x7f6f09630eb0>,140,13,[ 4 12],141,-1,154,-1,141
1,<environment.Job instance at 0x7f6f09c3a2d0>,141,24,[10  5],142,-1,166,-1,142
1,<environment.Job instance at 0x7f6f0a3aaaa0>,142,26,[ 2 14],143,-1,169,-1,143
1,<environment.Job instance at 0x7f6f0a0a0c30>,144,16,[10  2],145,-1,162,-1,146
1,<environment.Job instance at 0x7f6f0a3aacd0>,145,12,[3 5],146,-1,158,-1,146
1,<environment.Job instance at 0x7f6f0a3aac30>,146,20,[ 3 11],147,-1,167,-1,147
1,<environment.Job instance at 0x7f6f0a3aa910>,147,14,[ 2 12],148,-1,162,-1,148
1,<environment.Job instance at 0x7f6f0a3aa2d0>,148,15,[12  3],149,-1,164,-1,149
1,<environment.Job instance at 0x7f6f0a3aa820>,149,18,[14  2],150,-1,168,-1,150
1,<environment.Job instance at 0x7f6f0a3aa500>,150,15,[12  5],151,-1,166,-1,151
1,<environment.Job instance at 0x7f6f09a32c80>,2,16,[ 3 11],3,-1,19,-1,3
1,<environment.Job instance at 0x7f6f0a39ccd0>,4,23,[14  4],5,-1,28,-1,5
1,<environment.Job instance at 0x7f6f0a3a26e0>,6,26,[ 1 10],7,-1,33,-1,7
1,<environment.Job instance at 0x7f6f0a2737d0>,11,18,[13  2],12,-1,44,-1,26
1,<environment.Job instance at 0x7f6f0a273050>,12,24,[14  4],13,-1,50,-1,26
1,<environment.Job instance at 0x7f6f0a2733c0>,13,25,[2 8],14,-1,51,-1,26
1,<environment.Job instance at 0x7f6f0a273e10>,16,27,[13  4],17,-1,68,-1,41
1,<environment.Job instance at 0x7f6f0a273b90>,18,25,[ 1 12],19,-1,66,-1,41
1,<environment.Job instance at 0x7f6f0a3d06e0>,20,27,[ 2 13],21,-1,73,-1,46
1,<environment.Job instance at 0x7f6f0a3d0e10>,21,20,[14  5],22,-1,66,-1,46
1,<environment.Job instance at 0x7f6f0a3d0b90>,22,25,[ 3 12],23,-1,71,-1,46
1,<environment.Job instance at 0x7f6f0a3d0730>,23,14,[13  1],24,-1,60,-1,46
1,<environment.Job instance at 0x7f6f0a28acd0>,24,15,[12  1],25,-1,61,-1,46
1,<environment.Job instance at 0x7f6f0a3b89b0>,25,13,[ 2 12],26,-1,59,-1,46
1,<environment.Job instance at 0x7f6f0a3b8730>,26,12,[14  2],27,-1,58,-1,46
1,<environment.Job instance at 0x7f6f0a3b8910>,27,28,[7 1],28,-1,74,-1,46
1,<environment.Job instance at 0x7f6f0a3b8370>,28,18,[ 3 13],29,-1,64,-1,46
1,<environment.Job instance at 0x7f6f0a3b8b90>,29,22,[2 7],30,-1,76,-1,54
1,<environment.Job instance at 0x7f6f0a3b8e10>,30,17,[13  4],31,-1,71,-1,54
1,<environment.Job instance at 0x7f6f0a3b81e0>,31,27,[6 2],32,-1,81,-1,54
1,<environment.Job instance at 0x7f6f09857320>,34,16,[ 2 11],35,-1,86,-1,70
1,<environment.Job instance at 0x7f6f0940c140>,35,27,[ 5 12],36,-1,97,-1,70
1,<environment.Job instance at 0x7f6f0940c410>,36,17,[ 4 13],37,-1,87,-1,70
1,<environment.Job instance at 0x7f6f09736b40>,37,28,[9 4],38,-1,98,-1,70
1,<environment.Job instance at 0x7f6f09f96e10>,38,25,[ 1 12],39,-1,95,-1,70
1,<environment.Job instance at 0x7f6f09f87320>,39,28,[2 9],40,-1,98,-1,70
1,<environment.Job instance at 0x7f6f09751d20>,41,14,[14  3],42,-1,84,-1,70
1,<environment.Job instance at 0x7f6f0a3ce280>,42,15,[ 3 11],43,-1,85,-1,70
1,<environment.Job instance at 0x7f6f09edb3c0>,43,20,[ 4 12],44,-1,90,-1,70
1,<environment.Job instance at 0x7f6f09f83460>,44,28,[ 5 14],45,-1,98,-1,70
1,<environment.Job instance at 0x7f6f09f83be0>,45,17,[ 3 14],46,-1,87,-1,70
1,<environment.Job instance at 0x7f6f0975d140>,46,27,[ 3 10],47,-1,97,-1,70
1,<environment.Job instance at 0x7f6f0a451a00>,49,22,[ 1 10],50,-1,121,-1,99
1,<environment.Job instance at 0x7f6f0a451820>,50,22,[2 8],51,-1,124,-1,102
1,<environment.Job instance at 0x7f6f0973eeb0>,51,27,[6 4],52,-1,129,-1,102
1,<environment.Job instance at 0x7f6f09ed9cd0>,52,22,[ 2 10],53,-1,124,-1,102
1,<environment.Job instance at 0x7f6f0a272fa0>,53,25,[2 8],54,-1,127,-1,102
1,<environment.Job instance at 0x7f6f0a26c7d0>,57,28,[ 5 11],58,-1,141,-1,113
1,<environment.Job instance at 0x7f6f0a26c910>,59,13,[11  4],60,-1,136,-1,123
1,<environment.Job instance at 0x7f6f0a26ce10>,60,21,[12  2],61,-1,144,-1,123
1,<environment.Job instance at 0x7f6f0a26caf0>,61,23,[ 2 12],62,-1,146,-1,123
1,<environment.Job instance at 0x7f6f0a26c730>,62,26,[ 2 13],63,-1,149,-1,123
1,<environment.Job instance at 0x7f6f0a26cc30>,63,17,[13  3],64,-1,140,-1,123
1,<environment.Job instance at 0x7f6f0a25b780>,64,22,[13  2],65,-1,145,-1,123
1,<environment.Job instance at 0x7f6f0a25b730>,66,13,[ 2 14],67,-1,138,-1,125
1,<environment.Job instance at 0x7f6f0a25b5a0>,67,22,[ 3 14],68,-1,147,-1,125
1,<environment.Job instance at 0x7f6f0a25b320>,68,28,[ 3 13],69,-1,153,-1,125
1,<environment.Job instance at 0x7f6f0a25b7d0>,69,27,[14  1],70,-1,152,-1,125
1,<environment.Job instance at 0x7f6f0a25b500>,71,17,[13  4],72,-1,152,-1,135
1,<environment.Job instance at 0x7f6f0a25b6e0>,72,27,[7 4],73,-1,162,-1,135
1,<environment.Job instance at 0x7f6f0a25b3c0>,73,14,[ 5 12],74,-1,149,-1,135
1,<environment.Job instance at 0x7f6f0a46a500>,74,23,[13  4],75,-1,158,-1,135
1,<environment.Job instance at 0x7f6f0a46a640>,76,15,[14  3],77,-1,154,-1,139
1,<environment.Job instance at 0x7f6f0a46a6e0>,77,25,[ 3 10],78,-1,164,-1,139
1,<environment.Job instance at 0x7f6f0a46a8c0>,80,17,[ 5 13],81,-1,177,-1,160
1,<environment.Job instance at 0x7f6f0a46a960>,81,28,[10  2],82,-1,188,-1,160
1,<environment.Job instance at 0x7f6f0a46aa00>,82,24,[9 3],83,-1,184,-1,160
1,<environment.Job instance at 0x7f6f0a46aaa0>,83,21,[13  1],84,-1,181,-1,160
1,<environment.Job instance at 0x7f6f0a46ab40>,84,12,[7 1],85,-1,172,-1,160
1,<environment.Job instance at 0x7f6f0a46ac30>,85,21,[ 1 10],86,-1,181,-1,160
1,<environment.Job instance at 0x7f6f0a46a460>,86,27,[11  3],87,-1,187,-1,160
1,<environment.Job instance at 0x7f6f0a348870>,4,28,[6 2],5,-1,36,-1,8
1,<environment.Job instance at 0x7f6f0a348b90>,8,24,[7 2],9,-1,37,-1,13
1,<environment.Job instance at 0x7f6f0a348370>,10,19,[ 5 14],11,-1,35,-1,16
1,<environment.Job instance at 0x7f6f0a348280>,12,26,[ 1 13],13,-1,46,-1,20
1,<environment.Job instance at 0x7f6f0a348af0>,15,14,[ 3 13],16,-1,56,-1,42
1,<environment.Job instance at 0x7f6f0a348230>,16,16,[ 5 13],17,-1,58,-1,42
1,<environment.Job instance at 0x7f6f0a3485f0>,18,28,[14  2],19,-1,79,-1,51
1,<environment.Job instance at 0x7f6f0a348f00>,9,23,[3 8],10,-1,106,-1,83
1,<environment.Job instance at 0x7f6f13329f00>,22,20,[ 1 11],23,-1,105,-1,85
1,<environment.Job instance at 0x7f6f099c0370>,24,18,[ 5 13],25,-1,103,-1,85
1,<environment.Job instance at 0x7f6f099c0410>,27,28,[1 5],28,-1,116,-1,88
1,<environment.Job instance at 0x7f6f099c0e60>,28,21,[14  5],29,-1,109,-1,88
1,<environment.Job instance at 0x7f6f099c0730>,29,25,[8 1],30,-1,113,-1,88
1,<environment.Job instance at 0x7f6f099c0d70>,34,25,[4 5],35,-1,149,-1,124
1,<environment.Job instance at 0x7f6f099c0af0>,35,25,[10  3],36,-1,149,-1,124
1,<environment.Job instance at 0x7f6f099c0230>,37,28,[13  4],38,-1,158,-1,130
1,<environment.Job instance at 0x7f6f099c0910>,38,20,[13  2],39,-1,150,-1,130
1,<environment.Job instance at 0x7f6f099c0b90>,39,14,[12  3],40,-1,144,-1,130
1,<environment.Job instance at 0x7f6f099c01e0>,40,17,[ 5 13],41,-1,147,-1,130
1,<environment.Job instance at 0x7f6f099c0b40>,41,13,[11  3],42,-1,143,-1,130
1,<environment.Job instance at 0x7f6f099c0f00>,42,18,[13  4],43,-1,148,-1,130
1,<environment.Job instance at 0x7f6f099c05f0>,44,12,[ 3 12],45,-1,162,-1,150
1,<environment.Job instance at 0x7f6f099c0dc0>,45,16,[ 2 11],46,-1,166,-1,150
1,<environment.Job instance at 0x7f6f099c0fa0>,46,27,[14  4],47,-1,177,-1,150
1,<environment.Job instance at 0x7f6f0a0adaf0>,47,25,[ 2 14],48,-1,175,-1,150
1,<environment.Job instance at 0x7f6f0a0ad0f0>,50,20,[ 3 11],51,-1,176,-1,156
1,<environment.Job instance at 0x7f6f0a0adaa0>,2,14,[ 5 12],3,-1,17,-1,3
1,<environment.Job instance at 0x7f6f0904daa0>,4,14,[ 5 12],5,-1,19,-1,5
1,<environment.Job instance at 0x7f6f0904df50>,5,14,[ 5 14],6,-1,20,-1,6
1,<environment.Job instance at 0x7f6f0a0adbe0>,8,14,[12  1],9,-1,23,-1,9
1,<environment.Job instance at 0x7f6f0904d190>,9,14,[ 1 12],10,-1,25,-1,11
1,<environment.Job instance at 0x7f6f0904df00>,11,23,[ 5 12],12,-1,35,-1,12
1,<environment.Job instance at 0x7f6f0904d460>,14,12,[ 1 13],15,-1,27,-1,15
1,<environment.Job instance at 0x7f6f0904d410>,16,27,[8 1],17,-1,44,-1,17
1,<environment.Job instance at 0x7f6f0904d0a0>,17,12,[ 4 13],18,-1,30,-1,18
1,<environment.Job instance at 0x7f6f0904d320>,18,16,[ 3 11],19,-1,35,-1,19
1,<environment.Job instance at 0x7f6f0904d0f0>,19,23,[8 2],20,-1,43,-1,20
1,<environment.Job instance at 0x7f6f0904c730>,20,17,[11  5],21,-1,38,-1,21
1,<environment.Job instance at 0x7f6f0904c4b0>,21,27,[5 3],22,-1,49,-1,22
1,<environment.Job instance at 0x7f6f0904c640>,22,21,[7 1],23,-1,45,-1,24
1,<environment.Job instance at 0x7f6f0904ccd0>,25,12,[ 4 14],26,-1,41,-1,29
1,<environment.Job instance at 0x7f6f0904c2d0>,26,25,[7 1],27,-1,54,-1,29
1,<environment.Job instance at 0x7f6f0904c9b0>,28,15,[2 8],29,-1,56,-1,41
1,<environment.Job instance at 0x7f6f0904c0f0>,29,28,[4 9],30,-1,69,-1,41
1,<environment.Job instance at 0x7f6f0904cb90>,30,28,[5 4],31,-1,69,-1,41
1,<environment.Job instance at 0x7f6f0904cd70>,32,22,[12  5],33,-1,63,-1,41
1,<environment.Job instance at 0x7f6f0904c320>,33,26,[ 3 14],34,-1,67,-1,41
1,<environment.Job instance at 0x7f6f0904cfa0>,34,23,[13  3],35,-1,64,-1,41
1,<environment.Job instance at 0x7f6f0904c370>,35,14,[12  3],36,-1,55,-1,41
1,<environment.Job instance at 0x7f6f0904ceb0>,36,18,[14  4],37,-1,59,-1,41
1,<environment.Job instance at 0x7f6f0904c8c0>,37,25,[10  4],38,-1,66,-1,41
1,<environment.Job instance at 0x7f6f0904caa0>,38,22,[ 3 13],39,-1,63,-1,41
1,<environment.Job instance at 0x7f6f0904c820>,39,24,[1 7],40,-1,65,-1,41
1,<environment.Job instance at 0x7f6f0904c280>,40,18,[12  4],41,-1,59,-1,41
1,<environment.Job instance at 0x7f6f0904c3c0>,41,19,[12  4],42,-1,61,-1,42
1,<environment.Job instance at 0x7f6f0904c910>,43,25,[7 1],44,-1,70,-1,45
1,<environment.Job instance at 0x7f6f0908fc30>,44,21,[14  2],45,-1,66,-1,45
1,<environment.Job instance at 0x7f6f0908f5f0>,45,23,[6 3],46,-1,69,-1,46
1,<environment.Job instance at 0x7f6f0908f4b0>,46,20,[1 7],47,-1,70,-1,50
1,<environment.Job instance at 0x7f6f0908f230>,47,23,[10  3],48,-1,73,-1,50
1,<environment.Job instance at 0x7f6f0908fc80>,48,18,[13  4],49,-1,68,-1,50
1,<environment.Job instance at 0x7f6f0908f960>,50,27,[9 5],51,-1,78,-1,51
1,<environment.Job instance at 0x7f6f0908f8c0>,52,19,[ 5 13],53,-1,80,-1,61
1,<environment.Job instance at 0x7f6f0908fb90>,53,28,[7 5],54,-1,89,-1,61
1,<environment.Job instance at 0x7f6f0908fa00>,55,15,[14  5],56,-1,77,-1,62
1,<environment.Job instance at 0x7f6f0908f050>,56,21,[14  5],57,-1,83,-1,62
1,<environment.Job instance at 0x7f6f0908fcd0>,57,26,[11  1],58,-1,88,-1,62
1,<environment.Job instance at 0x7f6f0908f3c0>,59,14,[10  5],60,-1,81,-1,67
1,<environment.Job instance at 0x7f6f0908fb40>,60,21,[6 3],61,-1,89,-1,68
1,<environment.Job instance at 0x7f6f0908f410>,62,26,[5 9],63,-1,107,-1,81
1,<environment.Job instance at 0x7f6f0908f140>,63,18,[12  2],64,-1,99,-1,81
1,<environment.Job instance at 0x7f6f09090be0>,64,28,[ 1 13],65,-1,109,-1,81
1,<environment.Job instance at 0x7f6f09090af0>,66,21,[ 3 10],67,-1,107,-1,86
1,<environment.Job instance at 0x7f6f09090140>,67,14,[7 1],68,-1,100,-1,86
1,<environment.Job instance at 0x7f6f09090820>,68,25,[ 2 14],69,-1,111,-1,86
1,<environment.Job instance at 0x7f6f09090f00>,69,13,[ 1 10],70,-1,99,-1,86
1,<environment.Job instance at 0x7f6f09090c30>,70,18,[ 1 13],71,-1,104,-1,86
1,<environment.Job instance at 0x7f6f090901e0>,71,25,[3 6],72,-1,111,-1,86
1,<environment.Job instance at 0x7f6f09090dc0>,73,18,[11  3],74,-1,117,-1,99
1,<environment.Job instance at 0x7f6f09090960>,74,24,[7 3],75,-1,123,-1,99
1,<environment.Job instance at 0x7f6f09090730>,75,13,[9 3],76,-1,114,-1,101
1,<environment.Job instance at 0x7f6f090900f0>,76,12,[ 2 12],77,-1,113,-1,101
1,<environment.Job instance at 0x7f6f09090eb0>,77,21,[5 2],78,-1,122,-1,101
1,<environment.Job instance at 0x7f6f09090690>,78,16,[8 1],79,-1,117,-1,101
1,<environment.Job instance at 0x7f6f09090190>,79,18,[ 5 13],80,-1,119,-1,101
1,<environment.Job instance at 0x7f6f09090d70>,80,13,[14  4],81,-1,114,-1,101
1,<environment.Job instance at 0x7f6f095803c0>,81,16,[3 8],82,-1,130,-1,114
1,<environment.Job instance at 0x7f6f099c5c30>,83,24,[7 1],84,-1,138,-1,114
1,<environment.Job instance at 0x7f6f0a6f7f50>,84,21,[1 9],85,-1,135,-1,114
1,<environment.Job instance at 0x7f6f0a6f7640>,85,17,[3 5],86,-1,131,-1,114
1,<environment.Job instance at 0x7f6f0a6f7f00>,87,14,[13  5],88,-1,130,-1,116
1,<environment.Job instance at 0x7f6f0a6f7910>,88,27,[ 4 13],89,-1,143,-1,116
1,<environment.Job instance at 0x7f6f09e190f0>,89,12,[3 9],90,-1,128,-1,116
1,<environment.Job instance at 0x7f6f0a286460>,90,18,[ 2 13],91,-1,134,-1,116
1,<environment.Job instance at 0x7f6f09e5cc80>,91,19,[5 1],92,-1,135,-1,116
1,<environment.Job instance at 0x7f6f0949d5f0>,92,17,[11  1],93,-1,133,-1,116
1,<environment.Job instance at 0x7f6f12e3af00>,93,13,[12  1],94,-1,129,-1,116
1,<environment.Job instance at 0x7f6f09ed6dc0>,94,27,[ 2 10],95,-1,143,-1,116
1,<environment.Job instance at 0x7f6f0a6f7c30>,95,14,[1 5],96,-1,130,-1,116
1,<environment.Job instance at 0x7f6f0a6f7a00>,96,17,[1 9],97,-1,133,-1,116
1,<environment.Job instance at 0x7f6f09ac0780>,97,23,[ 1 14],98,-1,139,-1,116
1,<environment.Job instance at 0x7f6f095909b0>,98,13,[10  1],99,-1,129,-1,116
1,<environment.Job instance at 0x7f6f095f7230>,99,23,[12  5],100,-1,139,-1,116
1,<environment.Job instance at 0x7f6f0a85b370>,100,13,[12  1],101,-1,129,-1,116
1,<environment.Job instance at 0x7f6f0a56fb90>,101,27,[10  4],102,-1,143,-1,116
1,<environment.Job instance at 0x7f6f0a7ce8c0>,102,28,[ 4 14],103,-1,144,-1,116
1,<environment.Job instance at 0x7f6f0a7ce730>,103,23,[ 2 11],104,-1,139,-1,116
1,<environment.Job instance at 0x7f6f0a12eaa0>,104,27,[3 8],105,-1,143,-1,116
1,<environment.Job instance at 0x7f6f0a2ae0f0>,105,20,[7 1],106,-1,140,-1,120
1,<environment.Job instance at 0x7f6f0a2aeaf0>,106,23,[10  5],107,-1,143,-1,120
1,<environment.Job instance at 0x7f6f0a2cce60>,107,25,[14  5],108,-1,145,-1,120
1,<environment.Job instance at 0x7f6f09373820>,108,23,[4 9],109,-1,143,-1,120
1,<environment.Job instance at 0x7f6f0a2cc6e0>,109,16,[ 4 11],110,-1,136,-1,120
1,<environment.Job instance at 0x7f6f09933d70>,111,14,[13  4],112,-1,143,-1,129
1,<environment.Job instance at 0x7f6f09ee7f00>,112,12,[7 3],113,-1,141,-1,129
1,<environment.Job instance at 0x7f6f0a143370>,113,21,[7 2],114,-1,152,-1,131
1,<environment.Job instance at 0x7f6f0a143aa0>,114,14,[5 5],115,-1,145,-1,131
1,<environment.Job instance at 0x7f6f0a143280>,115,24,[11  5],116,-1,155,-1,131
1,<environment.Job instance at 0x7f6f09c11190>,116,27,[8 3],117,-1,158,-1,131
1,<environment.Job instance at 0x7f6f09c11f50>,117,28,[13  3],118,-1,159,-1,131
1,<environment.Job instance at 0x7f6f09c11500>,118,26,[ 4 11],119,-1,157,-1,131
1,<environment.Job instance at 0x7f6f09c11cd0>,119,19,[12  4],120,-1,150,-1,131
1,<environment.Job instance at 0x7f6f09c11aa0>,120,12,[ 5 13],121,-1,143,-1,131
1,<environment.Job instance at 0x7f6f09c112d0>,121,18,[12  2],122,-1,149,-1,131
1,<environment.Job instance at 0x7f6f0a1d1af0>,122,13,[2 8],123,-1,144,-1,131
1,<environment.Job instance at 0x7f6f0a1d1be0>,123,23,[11  5],124,-1,154,-1,131
1,<environment.Job instance at 0x7f6f0a1d1eb0>,124,22,[11  1],125,-1,153,-1,131
1,<environment.Job instance at 0x7f6f096d6f50>,125,24,[9 2],126,-1,155,-1,131
1,<environment.Job instance at 0x7f6f096d6b90>,126,16,[ 1 13],127,-1,147,-1,131
1,<environment.Job instance at 0x7f6f096d6960>,127,18,[ 3 13],128,-1,149,-1,131
1,<environment.Job instance at 0x7f6f096d68c0>,128,28,[13  1],129,-1,159,-1,131
1,<environment.Job instance at 0x7f6f096d6fa0>,129,27,[ 2 14],130,-1,158,-1,131
1,<environment.Job instance at 0x7f6f096d65f0>,130,27,[ 3 13],131,-1,158,-1,131
1,<environment.Job instance at 0x7f6f096d62d0>,131,15,[13  2],132,-1,147,-1,132
1,<environment.Job instance at 0x7f6f0985ae60>,132,12,[6 3],133,-1,145,-1,133
1,<environment.Job instance at 0x7f6f0985a190>,133,19,[ 5 12],134,-1,153,-1,134
1,<environment.Job instance at 0x7f6f0985ae10>,134,28,[8 4],135,-1,163,-1,135
1,<environment.Job instance at 0x7f6f0985a6e0>,135,12,[11  3],136,-1,148,-1,136
1,<environment.Job instance at 0x7f6f0985a550>,136,27,[13  3],137,-1,164,-1,137
1,<environment.Job instance at 0x7f6f0985a0a0>,137,23,[4 7],138,-1,161,-1,138
1,<environment.Job instance at 0x7f6f0985a1e0>,139,16,[ 3 11],140,-1,156,-1,140
1,<environment.Job instance at 0x7f6f095bb7d0>,140,15,[ 3 13],141,-1,156,-1,141
1,<environment.Job instance at 0x7f6f095bb1e0>,141,12,[ 1 11],142,-1,154,-1,142
1,<environment.Job instance at 0x7f6f095bbd70>,142,23,[ 5 11],143,-1,166,-1,143
1,<environment.Job instance at 0x7f6f095bb280>,143,21,[8 2],144,-1,167,-1,146
1,<environment.Job instance at 0x7f6f0985ad20>,144,23,[ 4 14],145,-1,169,-1,146
1,<environment.Job instance at 0x7f6f095bbd20>,145,26,[1 5],146,-1,172,-1,146
1,<environment.Job instance at 0x7f6f0a691b40>,146,16,[12  3],147,-1,163,-1,147
1,<environment.Job instance at 0x7f6f0a6916e0>,147,18,[1 9],148,-1,166,-1,148
1,<environment.Job instance at 0x7f6f12dd7c80>,148,12,[ 5 12],149,-1,161,-1,149
1,<environment.Job instance at 0x7f6f12dd7a00>,149,16,[ 1 14],150,-1,166,-1,150
1,<environment.Job instance at 0x7f6f12dd7a50>,150,20,[1 5],151,-1,171,-1,151
1,<environment.Job instance at 0x7f6f12dd7500>,151,21,[12  5],152,-1,173,-1,152
1,<environment.Job instance at 0x7f6f095a48c0>,2,16,[ 1 11],3,-1,19,-1,3
1,<environment.Job instance at 0x7f6f0971a550>,3,12,[ 4 14],4,-1,16,-1,4
1,<environment.Job instance at 0x7f6f09666730>,5,25,[9 2],6,-1,31,-1,6
1,<environment.Job instance at 0x7f6f13429a00>,6,23,[12  5],7,-1,30,-1,7
1,<environment.Job instance at 0x7f6f09d860f0>,7,24,[ 5 14],8,-1,32,-1,8
1,<environment.Job instance at 0x7f6f09d89410>,9,13,[ 3 13],10,-1,23,-1,10
1,<environment.Job instance at 0x7f6f09d89140>,11,12,[ 5 11],12,-1,24,-1,12
1,<environment.Job instance at 0x7f6f09d9ed20>,10,13,[12  3],11,-1,25,-1,12
1,<environment.Job instance at 0x7f6f0a2c17d0>,18,14,[ 4 10],19,-1,74,-1,60
1,<environment.Job instance at 0x7f6f0a582e60>,27,16,[ 1 11],28,-1,127,-1,111
1,<environment.Job instance at 0x7f6f0a582dc0>,28,25,[ 2 13],29,-1,136,-1,111
1,<environment.Job instance at 0x7f6f0a582050>,29,22,[ 4 14],30,-1,133,-1,111
1,<environment.Job instance at 0x7f6f0a582a50>,3,27,[ 3 12],4,-1,31,-1,4
1,<environment.Job instance at 0x7f6f08edf1e0>,5,23,[12  1],6,-1,29,-1,6
1,<environment.Job instance at 0x7f6f08edf320>,6,26,[4 5],7,-1,33,-1,7
1,<environment.Job instance at 0x7f6f08edfeb0>,7,28,[8 2],8,-1,36,-1,8
1,<environment.Job instance at 0x7f6f08edf4b0>,8,21,[11  3],9,-1,30,-1,9
1,<environment.Job instance at 0x7f6f08edf2d0>,4,24,[8 1],5,-1,33,-1,9
1,<environment.Job instance at 0x7f6f08edf910>,10,14,[ 2 11],11,-1,25,-1,11
1,<environment.Job instance at 0x7f6f08edfa50>,14,25,[ 5 11],15,-1,48,-1,23
1,<environment.Job instance at 0x7f6f08edf230>,15,28,[12  4],16,-1,51,-1,23
1,<environment.Job instance at 0x7f6f094a5e10>,16,18,[ 2 11],17,-1,41,-1,23
1,<environment.Job instance at 0x7f6f094a5730>,17,13,[ 2 11],18,-1,36,-1,23
1,<environment.Job instance at 0x7f6f094a5640>,20,25,[ 1 13],21,-1,64,-1,39
1,<environment.Job instance at 0x7f6f094a54b0>,21,27,[1 9],22,-1,66,-1,39
1,<environment.Job instance at 0x7f6f094a5280>,24,15,[ 3 11],25,-1,66,-1,51
1,<environment.Job instance at 0x7f6f094a5370>,25,14,[ 2 12],26,-1,65,-1,51
1,<environment.Job instance at 0x7f6f094a50f0>,26,20,[ 3 14],27,-1,71,-1,51
1,<environment.Job instance at 0x7f6f094a5b90>,27,18,[ 1 11],28,-1,69,-1,51
1,<environment.Job instance at 0x7f6f094a55a0>,28,20,[ 2 11],29,-1,71,-1,51
1,<environment.Job instance at 0x7f6f094a5320>,29,16,[14  5],30,-1,67,-1,51
1,<environment.Job instance at 0x7f6f094a57d0>,36,27,[2 7],37,-1,125,-1,98
1,<environment.Job instance at 0x7f6f0906a8c0>,38,12,[ 2 14],39,-1,119,-1,107
1,<environment.Job instance at 0x7f6f0906a5f0>,39,26,[13  2],40,-1,133,-1,107
1,<environment.Job instance at 0x7f6f0906a050>,40,17,[13  4],41,-1,124,-1,107
1,<environment.Job instance at 0x7f6f0906a910>,41,13,[ 4 13],42,-1,120,-1,107
1,<environment.Job instance at 0x7f6f0906ae10>,42,17,[ 1 13],43,-1,124,-1,107
1,<environment.Job instance at 0x7f6f0906aaf0>,45,17,[ 4 11],46,-1,131,-1,114
1,<environment.Job instance at 0x7f6f0906ab90>,46,28,[4 5],47,-1,142,-1,114
1,<environment.Job instance at 0x7f6f0906a690>,47,14,[11  1],48,-1,128,-1,114
1,<environment.Job instance at 0x7f6f0906a230>,48,12,[ 3 12],49,-1,126,-1,114
1,<environment.Job instance at 0x7f6f0906af50>,50,19,[ 5 14],51,-1,133,-1,114
1,<environment.Job instance at 0x7f6f0906a820>,52,22,[14  4],53,-1,141,-1,119
1,<environment.Job instance at 0x7f6f0906a500>,53,25,[4 6],54,-1,144,-1,119
1,<environment.Job instance at 0x7f6f09751eb0>,55,26,[13  2],56,-1,155,-1,129
1,<environment.Job instance at 0x7f6f09751b90>,56,16,[13  5],57,-1,145,-1,129
1,<environment.Job instance at 0x7f6f097510f0>,58,13,[8 2],59,-1,151,-1,138
1,<environment.Job instance at 0x7f6f09751be0>,59,20,[12  3],60,-1,158,-1,138
1,<environment.Job instance at 0x7f6f09751c30>,61,27,[13  4],62,-1,170,-1,143
1,<environment.Job instance at 0x7f6f09751820>,63,28,[12  5],64,-1,177,-1,149
1,<environment.Job instance at 0x7f6f09751140>,64,24,[1 9],65,-1,173,-1,149
1,<environment.Job instance at 0x7f6f09751a00>,65,26,[5 7],66,-1,175,-1,149
1,<environment.Job instance at 0x7f6f09751a50>,67,24,[4 5],68,-1,184,-1,160
1,<environment.Job instance at 0x7f6f09751910>,69,19,[ 2 11],70,-1,179,-1,160
1,<environment.Job instance at 0x7f6f0955bcd0>,7,18,[13  1],8,-1,36,-1,18
1,<environment.Job instance at 0x7f6f0a81c780>,9,27,[1 6],10,-1,45,-1,18
1,<environment.Job instance at 0x7f6f0a81c690>,10,25,[2 8],11,-1,43,-1,18
1,<environment.Job instance at 0x7f6f0a81c910>,14,13,[ 5 13],15,-1,51,-1,38
1,<environment.Job instance at 0x7f6f0a81c500>,15,17,[ 5 12],16,-1,55,-1,38
1,<environment.Job instance at 0x7f6f0a81c140>,19,25,[ 1 11],20,-1,92,-1,67
1,<environment.Job instance at 0x7f6f0a81cf00>,20,24,[3 8],21,-1,91,-1,67
1,<environment.Job instance at 0x7f6f0a81cf50>,23,28,[1 7],24,-1,112,-1,84
1,<environment.Job instance at 0x7f6f0a81c370>,27,28,[ 4 12],28,-1,126,-1,98
1,<environment.Job instance at 0x7f6f0a81c7d0>,28,27,[3 8],29,-1,125,-1,98
1,<environment.Job instance at 0x7f6f0a20cb90>,29,16,[ 3 14],30,-1,114,-1,98
1,<environment.Job instance at 0x7f6f0a20ceb0>,30,12,[13  2],31,-1,110,-1,98
1,<environment.Job instance at 0x7f6f0a20cd70>,32,14,[14  2],33,-1,120,-1,106
1,<environment.Job instance at 0x7f6f0a20c780>,34,25,[5 6],35,-1,131,-1,106
1,<environment.Job instance at 0x7f6f0a20ccd0>,35,13,[13  4],36,-1,119,-1,106
1,<environment.Job instance at 0x7f6f0a20cdc0>,36,26,[ 4 11],37,-1,132,-1,106
1,<environment.Job instance at 0x7f6f0a20c320>,38,19,[11  2],39,-1,140,-1,121
1,<environment.Job instance at 0x7f6f0a20ca00>,39,16,[12  2],40,-1,137,-1,121
1,<environment.Job instance at 0x7f6f0a20c640>,40,23,[13  5],41,-1,144,-1,121
1,<environment.Job instance at 0x7f6f09bcc910>,1,25,[ 5 10],2,-1,27,-1,2
1,<environment.Job instance at 0x7f6f0a20c460>,4,14,[ 5 11],5,-1,19,-1,5
1,<environment.Job instance at 0x7f6f09bcc870>,6,18,[ 1 11],7,-1,25,-1,7
1,<environment.Job instance at 0x7f6f09bccdc0>,7,27,[11  3],8,-1,35,-1,8
1,<environment.Job instance at 0x7f6f09bcca00>,8,14,[12  4],9,-1,23,-1,9
1,<environment.Job instance at 0x7f6f09bcc550>,9,19,[ 3 12],10,-1,29,-1,10
1,<environment.Job instance at 0x7f6f09bcc640>,11,27,[5 4],12,-1,41,-1,14
1,<environment.Job instance at 0x7f6f09bc1690>,14,13,[ 2 13],15,-1,28,-1,15
1,<environment.Job instance at 0x7f6f09bc1af0>,15,17,[ 1 13],16,-1,33,-1,16
1,<environment.Job instance at 0x7f6f09bc1910>,16,20,[12  1],17,-1,37,-1,17
1,<environment.Job instance at 0x7f6f09bc1370>,19,25,[10  2],20,-1,45,-1,20
1,<environment.Job instance at 0x7f6f09bc1960>,21,19,[ 5 11],22,-1,53,-1,34
1,<environment.Job instance at 0x7f6f09bc13c0>,23,12,[ 5 14],24,-1,46,-1,34
1,<environment.Job instance at 0x7f6f09bc1280>,24,24,[9 4],25,-1,58,-1,34
1,<environment.Job instance at 0x7f6f09bc1870>,25,15,[13  4],26,-1,49,-1,34
1,<environment.Job instance at 0x7f6f09bc16e0>,27,28,[14  4],28,-1,75,-1,47
1,<environment.Job instance at 0x7f6f09bc1fa0>,28,18,[13  4],29,-1,65,-1,47
1,<environment.Job instance at 0x7f6f09bc1050>,29,22,[14  1],30,-1,69,-1,47
1,<environment.Job instance at 0x7f6f09c28690>,30,17,[ 3 11],31,-1,64,-1,47
1,<environment.Job instance at 0x7f6f09c28cd0>,31,26,[13  3],32,-1,73,-1,47
1,<environment.Job instance at 0x7f6f09c282d0>,32,28,[7 2],33,-1,75,-1,47
1,<environment.Job instance at 0x7f6f0a402c30>,2,18,[14  2],3,-1,21,-1,3
1,<environment.Job instance at 0x7f6f09ca5320>,3,19,[11  5],4,-1,23,-1,4
1,<environment.Job instance at 0x7f6f09ca5140>,4,17,[12  1],5,-1,22,-1,5
1,<environment.Job instance at 0x7f6f09ca5e10>,7,25,[ 5 11],8,-1,33,-1,8
1,<environment.Job instance at 0x7f6f09ca54b0>,8,13,[13  4],9,-1,22,-1,9
1,<environment.Job instance at 0x7f6f09d3a5a0>,10,24,[ 5 11],11,-1,35,-1,11
1,<environment.Job instance at 0x7f6f09ca5d70>,11,16,[ 5 11],12,-1,28,-1,12
1,<environment.Job instance at 0x7f6f099b2e10>,17,20,[ 4 12],18,-1,44,-1,24
1,<environment.Job instance at 0x7f6f099b2dc0>,18,14,[12  2],19,-1,38,-1,24
1,<environment.Job instance at 0x7f6f099b2c80>,19,23,[1 8],20,-1,47,-1,24
1,<environment.Job instance at 0x7f6f099b2cd0>,27,23,[13  1],28,-1,105,-1,82
1,<environment.Job instance at 0x7f6f099b2af0>,28,15,[ 5 14],29,-1,97,-1,82
1,<environment.Job instance at 0x7f6f099b2460>,34,12,[ 3 11],35,-1,140,-1,128
1,<environment.Job instance at 0x7f6f099b21e0>,35,20,[ 2 12],36,-1,148,-1,128
1,<environment.Job instance at 0x7f6f099b25f0>,36,24,[1 8],37,-1,158,-1,134
1,<environment.Job instance at 0x7f6f09a07370>,2,18,[ 3 12],3,-1,21,-1,3
1,<environment.Job instance at 0x7f6f09a07f50>,3,18,[ 2 14],4,-1,22,-1,4
1,<environment.Job instance at 0x7f6f0a776050>,5,28,[13  5],6,-1,34,-1,6
1,<environment.Job instance at 0x7f6f0a443eb0>,6,20,[ 2 13],7,-1,27,-1,7
1,<environment.Job instance at 0x7f6f09a26c30>,13,19,[12  1],14,-1,35,-1,16
1,<environment.Job instance at 0x7f6f09a26d20>,14,12,[13  2],15,-1,28,-1,16
1,<environment.Job instance at 0x7f6f09a26f50>,16,24,[ 1 12],17,-1,51,-1,27
1,<environment.Job instance at 0x7f6f09a264b0>,18,16,[1 8],19,-1,48,-1,32
1,<environment.Job instance at 0x7f6f09a26320>,21,23,[13  2],22,-1,70,-1,47
1,<environment.Job instance at 0x7f6f09a26fa0>,22,25,[9 5],23,-1,72,-1,47
1,<environment.Job instance at 0x7f6f09178190>,23,24,[ 1 13],24,-1,71,-1,47
1,<environment.Job instance at 0x7f6f09178780>,24,28,[5 8],25,-1,75,-1,47
1,<environment.Job instance at 0x7f6f0a553a00>,25,15,[2 9],26,-1,62,-1,47
1,<environment.Job instance at 0x7f6f08e9b500>,27,28,[ 3 13],28,-1,89,-1,61
1,<environment.Job instance at 0x7f6f08e9be10>,28,25,[14  3],29,-1,86,-1,61
1,<environment.Job instance at 0x7f6f08e9b0a0>,30,15,[ 3 14],31,-1,76,-1,61
1,<environment.Job instance at 0x7f6f08e9bc30>,31,20,[6 3],32,-1,81,-1,61
1,<environment.Job instance at 0x7f6f0a502b90>,33,15,[ 5 14],34,-1,87,-1,72
1,<environment.Job instance at 0x7f6f08e9b2d0>,34,27,[8 4],35,-1,99,-1,72
1,<environment.Job instance at 0x7f6f12e19730>,36,14,[9 1],37,-1,89,-1,75
1,<environment.Job instance at 0x7f6f08e9b4b0>,37,13,[14  3],38,-1,88,-1,75
1,<environment.Job instance at 0x7f6f0a508550>,38,15,[ 4 11],39,-1,90,-1,75
1,<environment.Job instance at 0x7f6f0a649050>,41,18,[ 2 14],42,-1,110,-1,92
1,<environment.Job instance at 0x7f6f0a649320>,42,15,[1 9],43,-1,107,-1,92
1,<environment.Job instance at 0x7f6f0a649a50>,43,27,[4 6],44,-1,119,-1,92
1,<environment.Job instance at 0x7f6f0a6435f0>,44,24,[ 5 11],45,-1,116,-1,92
1,<environment.Job instance at 0x7f6f0a643fa0>,45,20,[5 1],46,-1,112,-1,92
1,<environment.Job instance at 0x7f6f0a643640>,46,21,[11  2],47,-1,113,-1,92
1,<environment.Job instance at 0x7f6f0a643320>,48,14,[10  3],49,-1,106,-1,92
1,<environment.Job instance at 0x7f6f0a6435a0>,49,14,[10  2],50,-1,107,-1,93
1,<environment.Job instance at 0x7f6f0a643e60>,50,22,[11  2],51,-1,115,-1,93
1,<environment.Job instance at 0x7f6f09cce320>,51,19,[1 8],52,-1,112,-1,93
1,<environment.Job instance at 0x7f6f09cce550>,52,12,[14  3],53,-1,105,-1,93
1,<environment.Job instance at 0x7f6f09cce690>,53,17,[12  4],54,-1,110,-1,93
1,<environment.Job instance at 0x7f6f09cce730>,54,21,[9 4],55,-1,122,-1,101
1,<environment.Job instance at 0x7f6f09cce190>,55,19,[ 2 13],56,-1,120,-1,101
1,<environment.Job instance at 0x7f6f0a62cdc0>,56,25,[14  4],57,-1,126,-1,101
1,<environment.Job instance at 0x7f6f08e9ddc0>,57,19,[ 1 12],58,-1,120,-1,101
1,<environment.Job instance at 0x7f6f08e9d780>,58,18,[ 4 12],59,-1,119,-1,101
1,<environment.Job instance at 0x7f6f08e9d3c0>,59,18,[ 2 14],60,-1,119,-1,101
1,<environment.Job instance at 0x7f6f08e9df00>,60,27,[14  2],61,-1,128,-1,101
1,<environment.Job instance at 0x7f6f08e9d690>,61,18,[12  3],62,-1,119,-1,101
1,<environment.Job instance at 0x7f6f08e9d1e0>,63,18,[ 2 12],64,-1,127,-1,109
1,<environment.Job instance at 0x7f6f08e9d960>,64,18,[ 5 12],65,-1,127,-1,109
1,<environment.Job instance at 0x7f6f08e9de10>,65,26,[ 5 14],66,-1,135,-1,109
1,<environment.Job instance at 0x7f6f08e9d820>,67,16,[ 2 13],68,-1,125,-1,109
1,<environment.Job instance at 0x7f6f08e9d410>,68,27,[ 2 11],69,-1,136,-1,109
1,<environment.Job instance at 0x7f6f08e9d0f0>,69,19,[ 3 14],70,-1,128,-1,109
1,<environment.Job instance at 0x7f6f08e9d140>,71,27,[6 4],72,-1,155,-1,128
1,<environment.Job instance at 0x7f6f099f5690>,72,13,[10  5],73,-1,141,-1,128
1,<environment.Job instance at 0x7f6f092010a0>,73,26,[5 7],74,-1,154,-1,128
1,<environment.Job instance at 0x7f6f09237140>,77,19,[6 1],78,-1,150,-1,131
1,<environment.Job instance at 0x7f6f092b3f50>,78,25,[7 1],79,-1,156,-1,131
1,<environment.Job instance at 0x7f6f0911aa00>,79,20,[11  4],80,-1,151,-1,131
1,<environment.Job instance at 0x7f6f08e8bd70>,81,15,[11  2],82,-1,161,-1,146
1,<environment.Job instance at 0x7f6f099ef640>,82,27,[11  4],83,-1,173,-1,146
1,<environment.Job instance at 0x7f6f099ef0a0>,83,14,[3 9],84,-1,160,-1,146
1,<environment.Job instance at 0x7f6f099ef960>,84,20,[14  1],85,-1,166,-1,146
1,<environment.Job instance at 0x7f6f099ef500>,85,28,[5 3],86,-1,174,-1,146
1,<environment.Job instance at 0x7f6f099efaf0>,86,25,[12  2],87,-1,171,-1,146
1,<environment.Job instance at 0x7f6f099efb40>,87,19,[13  4],88,-1,165,-1,146
1,<environment.Job instance at 0x7f6f099ef690>,88,19,[13  4],89,-1,165,-1,146
1,<environment.Job instance at 0x7f6f099efa50>,89,24,[3 8],90,-1,170,-1,146
1,<environment.Job instance at 0x7f6f099ef870>,91,25,[2 9],92,-1,172,-1,147
1,<environment.Job instance at 0x7f6f099efe60>,92,12,[ 2 14],93,-1,159,-1,147
1,<environment.Job instance at 0x7f6f09c231e0>,93,25,[ 2 12],94,-1,172,-1,147
1,<environment.Job instance at 0x7f6f0a052f00>,94,22,[1 7],95,-1,169,-1,147
1,<environment.Job instance at 0x7f6f0a3d8e10>,95,14,[ 2 11],96,-1,161,-1,147
1,<environment.Job instance at 0x7f6f09813910>,96,12,[10  4],97,-1,160,-1,148
1,<environment.Job instance at 0x7f6f0a3de320>,97,16,[5 1],98,-1,164,-1,148
1,<environment.Job instance at 0x7f6f09487aa0>,100,14,[ 2 12],101,-1,178,-1,164
1,<environment.Job instance at 0x7f6f0a3fd190>,101,18,[ 3 11],102,-1,182,-1,164
1,<environment.Job instance at 0x7f6f0a3dd7d0>,102,22,[ 1 13],103,-1,186,-1,164
1,<environment.Job instance at 0x7f6f09803280>,104,27,[5 2],105,-1,191,-1,164
1,<environment.Job instance at 0x7f6f098030a0>,105,21,[13  1],106,-1,185,-1,164
1,<environment.Job instance at 0x7f6f097ea640>,106,20,[5 1],107,-1,184,-1,164
1,<environment.Job instance at 0x7f6f097ea280>,107,21,[12  2],108,-1,185,-1,164
1,<environment.Job instance at 0x7f6f097ea8c0>,2,14,[ 2 14],3,-1,17,-1,3
1,<environment.Job instance at 0x7f6f08f99dc0>,3,28,[14  2],4,-1,32,-1,4
1,<environment.Job instance at 0x7f6f097ea280>,5,19,[11  5],6,-1,25,-1,6
1,<environment.Job instance at 0x7f6f08f995a0>,7,14,[ 3 13],8,-1,22,-1,8
1,<environment.Job instance at 0x7f6f08f99fa0>,9,17,[ 3 14],10,-1,27,-1,10
1,<environment.Job instance at 0x7f6f08f99780>,8,14,[2 8],9,-1,29,-1,15
1,<environment.Job instance at 0x7f6f08f99460>,14,24,[11  5],15,-1,47,-1,23
1,<environment.Job instance at 0x7f6f08f99f50>,15,14,[10  1],16,-1,37,-1,23
1,<environment.Job instance at 0x7f6f08f995f0>,17,26,[8 2],18,-1,49,-1,23
1,<environment.Job instance at 0x7f6f08f99aa0>,18,24,[7 2],19,-1,47,-1,23
1,<environment.Job instance at 0x7f6f08f99500>,19,19,[ 5 14],20,-1,42,-1,23
1,<environment.Job instance at 0x7f6f08f99050>,20,24,[2 8],21,-1,47,-1,23
1,<environment.Job instance at 0x7f6f0963c550>,21,25,[ 2 12],22,-1,48,-1,23
1,<environment.Job instance at 0x7f6f0963c3c0>,22,14,[11  1],23,-1,37,-1,23
1,<environment.Job instance at 0x7f6f0963c230>,23,16,[12  5],24,-1,40,-1,24
1,<environment.Job instance at 0x7f6f0963c0a0>,24,25,[ 4 11],25,-1,50,-1,25
1,<environment.Job instance at 0x7f6f0963c0f0>,25,28,[2 5],26,-1,54,-1,26
1,<environment.Job instance at 0x7f6f0963cdc0>,27,16,[ 5 12],28,-1,55,-1,39
1,<environment.Job instance at 0x7f6f0963c730>,28,24,[ 3 12],29,-1,63,-1,39
1,<environment.Job instance at 0x7f6f0963ccd0>,29,27,[1 8],30,-1,66,-1,39
1,<environment.Job instance at 0x7f6f0963ce10>,30,20,[11  4],31,-1,59,-1,39
1,<environment.Job instance at 0x7f6f0963c320>,31,28,[12  3],32,-1,67,-1,39
1,<environment.Job instance at 0x7f6f0963cf50>,33,13,[ 1 13],34,-1,52,-1,39
1,<environment.Job instance at 0x7f6f0963c690>,34,14,[ 3 12],35,-1,53,-1,39
1,<environment.Job instance at 0x7f6f09393af0>,35,27,[ 2 14],36,-1,66,-1,39
1,<environment.Job instance at 0x7f6f09393f50>,36,20,[ 2 13],37,-1,59,-1,39
1,<environment.Job instance at 0x7f6f09393a00>,37,25,[ 2 14],38,-1,64,-1,39
1,<environment.Job instance at 0x7f6f093939b0>,38,27,[4 5],39,-1,66,-1,39
1,<environment.Job instance at 0x7f6f093936e0>,41,21,[3 5],42,-1,75,-1,54
1,<environment.Job instance at 0x7f6f09393f00>,43,22,[ 5 11],44,-1,76,-1,54
1,<environment.Job instance at 0x7f6f09509280>,44,19,[4 8],45,-1,87,-1,68
1,<environment.Job instance at 0x7f6f09509780>,47,12,[11  5],48,-1,94,-1,82
1,<environment.Job instance at 0x7f6f095095a0>,48,27,[9 4],49,-1,109,-1,82
1,<environment.Job instance at 0x7f6f09509cd0>,50,18,[ 1 11],51,-1,102,-1,84
1,<environment.Job instance at 0x7f6f09509c30>,51,25,[6 2],52,-1,109,-1,84
1,<environment.Job instance at 0x7f6f09509690>,52,16,[ 3 11],53,-1,100,-1,84
1,<environment.Job instance at 0x7f6f09509d70>,53,21,[ 3 13],54,-1,105,-1,84
1,<environment.Job instance at 0x7f6f09509190>,54,28,[ 4 12],55,-1,112,-1,84
1,<environment.Job instance at 0x7f6f09509460>,55,28,[11  2],56,-1,112,-1,84
1,<environment.Job instance at 0x7f6f09509500>,57,16,[3 5],58,-1,113,-1,97
1,<environment.Job instance at 0x7f6f095090f0>,59,20,[ 4 13],60,-1,122,-1,102
1,<environment.Job instance at 0x7f6f09509550>,60,28,[ 2 12],61,-1,130,-1,102
1,<environment.Job instance at 0x7f6f09509410>,64,12,[3 5],65,-1,142,-1,130
1,<environment.Job instance at 0x7f6f0941ebe0>,65,15,[ 2 13],66,-1,145,-1,130
1,<environment.Job instance at 0x7f6f0941e410>,67,24,[13  1],68,-1,154,-1,130
1,<environment.Job instance at 0x7f6f0941e640>,68,13,[ 4 11],69,-1,143,-1,130
1,<environment.Job instance at 0x7f6f0941e8c0>,69,13,[12  5],70,-1,143,-1,130
1,<environment.Job instance at 0x7f6f0941ed70>,70,18,[12  5],71,-1,148,-1,130
1,<environment.Job instance at 0x7f6f0941eb40>,71,15,[4 5],72,-1,149,-1,134
1,<environment.Job instance at 0x7f6f0941e2d0>,72,25,[11  2],73,-1,159,-1,134
1,<environment.Job instance at 0x7f6f0941ef00>,73,20,[ 1 12],74,-1,154,-1,134
1,<environment.Job instance at 0x7f6f0941ed20>,74,13,[11  2],75,-1,147,-1,134
1,<environment.Job instance at 0x7f6f0941e320>,75,21,[12  2],76,-1,155,-1,134
1,<environment.Job instance at 0x7f6f0941e280>,76,22,[8 4],77,-1,157,-1,135
1,<environment.Job instance at 0x7f6f0941e190>,77,24,[ 5 13],78,-1,159,-1,135
1,<environment.Job instance at 0x7f6f0941e7d0>,78,23,[14  1],79,-1,158,-1,135
1,<environment.Job instance at 0x7f6f0941e870>,79,17,[ 3 11],80,-1,152,-1,135
1,<environment.Job instance at 0x7f6f0941e6e0>,81,24,[8 4],82,-1,170,-1,146
1,<environment.Job instance at 0x7f6f0941eb90>,83,27,[5 3],84,-1,190,-1,163
1,<environment.Job instance at 0x7f6f09accfa0>,85,27,[ 2 11],86,-1,190,-1,163
1,<environment.Job instance at 0x7f6f09acc370>,87,14,[ 4 11],88,-1,181,-1,167
1,<environment.Job instance at 0x7f6f09acc280>,88,16,[12  4],89,-1,183,-1,167
1,<environment.Job instance at 0x7f6f09acc7d0>,89,18,[11  5],90,-1,185,-1,167
1,<environment.Job instance at 0x7f6f09acc5f0>,90,28,[ 4 11],91,-1,195,-1,167
1,<environment.Job instance at 0x7f6f09acc780>,91,17,[12  1],92,-1,184,-1,167
1,<environment.Job instance at 0x7f6f09acc4b0>,92,16,[ 5 13],93,-1,183,-1,167
1,<environment.Job instance at 0x7f6f09acc4b0>,2,22,[14  3],3,-1,25,-1,3
1,<environment.Job instance at 0x7f6f0a400a50>,6,25,[ 1 10],7,-1,32,-1,7
1,<environment.Job instance at 0x7f6f0907d870>,7,13,[14  5],8,-1,21,-1,8
1,<environment.Job instance at 0x7f6f0907c370>,19,16,[ 2 11],20,-1,104,-1,88
1,<environment.Job instance at 0x7fe7ca0a21e0>,3,15,[13  4],4,-1,19,-1,4
1,<environment.Job instance at 0x7fe7c092a500>,4,24,[ 3 11],5,-1,29,-1,5
1,<environment.Job instance at 0x7fe7c092a6e0>,6,19,[ 1 13],7,-1,26,-1,7
1,<environment.Job instance at 0x7fe7c092a7d0>,8,24,[ 2 12],9,-1,33,-1,9
1,<environment.Job instance at 0x7fe7c092acd0>,13,27,[3 8],14,-1,50,-1,23
1,<environment.Job instance at 0x7fe7c092ad70>,14,14,[14  3],15,-1,37,-1,23
1,<environment.Job instance at 0x7fe7c092ae10>,15,24,[ 2 13],16,-1,47,-1,23
1,<environment.Job instance at 0x7fe7c092aeb0>,16,19,[ 3 12],17,-1,42,-1,23
1,<environment.Job instance at 0x7fe7c092af50>,17,18,[ 5 13],18,-1,41,-1,23
1,<environment.Job instance at 0x7fe7c092a910>,19,21,[14  4],20,-1,44,-1,23
1,<environment.Job instance at 0x7fe7c092b230>,21,22,[14  2],22,-1,58,-1,36
1,<environment.Job instance at 0x7fe7c092b2d0>,22,25,[ 4 12],23,-1,61,-1,36
1,<environment.Job instance at 0x7fe7c092b410>,24,20,[ 3 12],25,-1,60,-1,40
1,<environment.Job instance at 0x7fe7c092b550>,25,16,[11  3],26,-1,56,-1,40
1,<environment.Job instance at 0x7fe7c092b690>,27,25,[14  4],28,-1,81,-1,56
1,<environment.Job instance at 0x7fe7c092b7d0>,29,24,[5 1],30,-1,100,-1,76
1,<environment.Job instance at 0x7fe7c092b9b0>,32,14,[14  3],33,-1,90,-1,76
1,<environment.Job instance at 0x7fe7c092bb90>,35,23,[11  2],36,-1,119,-1,96
1,<environment.Job instance at 0x7fe7c092bcd0>,36,27,[10  1],37,-1,123,-1,96
1,<environment.Job instance at 0x7fe7c092bdc0>,38,16,[ 1 13],39,-1,129,-1,113
1,<environment.Job instance at 0x7fe7c092bd70>,41,26,[13  2],42,-1,149,-1,123
1,<environment.Job instance at 0x7fe7c092b460>,42,18,[ 1 13],43,-1,141,-1,123
1,<environment.Job instance at 0x7fe7c09301e0>,45,28,[12  4],46,-1,165,-1,137
1,<environment.Job instance at 0x7fe7c0930280>,46,17,[ 5 12],47,-1,154,-1,137
1,<environment.Job instance at 0x7fe7c09303c0>,48,25,[11  4],49,-1,168,-1,143
1,<environment.Job instance at 0x7fe7c0930500>,50,13,[12  1],51,-1,173,-1,160
1,<environment.Job instance at 0x7fe7c09305a0>,51,24,[ 1 11],52,-1,184,-1,160
1,<environment.Job instance at 0x7fe7c0930640>,52,27,[9 1],53,-1,187,-1,160
1,<environment.Job instance at 0x7fe7c0e80e10>,3,23,[ 2 14],4,-1,27,-1,4
1,<environment.Job instance at 0x7fe7c0e80d70>,4,12,[ 2 11],5,-1,17,-1,5
1,<environment.Job instance at 0x7fe7c0de3c80>,14,24,[ 1 11],15,-1,89,-1,65
1,<environment.Job instance at 0x7fe7c0e64a00>,22,20,[ 3 12],23,-1,158,-1,138
1,<environment.Job instance at 0x7fe7c0e64d20>,23,23,[10  3],24,-1,161,-1,138
1,<environment.Job instance at 0x7fe7c0e640a0>,24,28,[3 8],25,-1,166,-1,138
1,<environment.Job instance at 0x7fe7c0e64730>,25,24,[12  1],26,-1,162,-1,138
1,<environment.Job instance at 0x7fe7c0e643c0>,26,14,[11  2],27,-1,152,-1,138
1,<environment.Job instance at 0x7fe7c0e64640>,27,27,[5 3],28,-1,165,-1,138
1,<environment.Job instance at 0x7fe7c0e64870>,2,26,[13  4],3,-1,29,-1,3
1,<environment.Job instance at 0x7fe7c00b07d0>,5,24,[ 4 10],6,-1,30,-1,6
1,<environment.Job instance at 0x7fe7c00ae910>,11,18,[ 5 12],12,-1,32,-1,14
1,<environment.Job instance at 0x7fe7c00ae870>,13,24,[6 1],14,-1,44,-1,20
1,<environment.Job instance at 0x7fe7c00ae690>,17,26,[7 4],18,-1,74,-1,48
1,<environment.Job instance at 0x7fe7c00a80a0>,21,25,[9 2],22,-1,94,-1,69
1,<environment.Job instance at 0x7fe7c00a89b0>,22,18,[ 4 14],23,-1,87,-1,69
1,<environment.Job instance at 0x7fe7c00ae140>,19,27,[11  5],20,-1,96,-1,69
1,<environment.Job instance at 0x7fe7c00a8050>,23,21,[8 2],24,-1,90,-1,69
1,<environment.Job instance at 0x7fe7c00a8c30>,25,12,[9 3],26,-1,81,-1,69
1,<environment.Job instance at 0x7fe7c00a8af0>,26,27,[3 8],27,-1,96,-1,69
1,<environment.Job instance at 0x7fe7c00a8be0>,27,20,[ 3 13],28,-1,89,-1,69
1,<environment.Job instance at 0x7fe7c00a8780>,28,15,[ 2 12],29,-1,84,-1,69
1,<environment.Job instance at 0x7fe7c00a8aa0>,29,24,[ 3 14],30,-1,93,-1,69
1,<environment.Job instance at 0x7fe7c00a8690>,30,17,[ 2 14],31,-1,86,-1,69
1,<environment.Job instance at 0x7fe7c00a88c0>,32,12,[9 1],33,-1,91,-1,79
1,<environment.Job instance at 0x7fe7c00a8d20>,33,21,[3 9],34,-1,100,-1,79
1,<environment.Job instance at 0x7fe7c00a8190>,35,22,[ 1 14],36,-1,113,-1,91
1,<environment.Job instance at 0x7fe7c00a8140>,37,28,[3 6],38,-1,119,-1,91
1,<environment.Job instance at 0x7fe7c026f4b0>,38,18,[ 1 12],39,-1,109,-1,91
1,<environment.Job instance at 0x7fe7c026fa50>,39,13,[14  4],40,-1,104,-1,91
1,<environment.Job instance at 0x7fe7c026f820>,41,16,[ 1 11],42,-1,112,-1,96
1,<environment.Job instance at 0x7fe7c026fbe0>,42,26,[12  3],43,-1,122,-1,96
1,<environment.Job instance at 0x7fe7c026ff50>,43,12,[ 1 10],44,-1,108,-1,96
1,<environment.Job instance at 0x7fe7c026fd70>,44,17,[ 4 13],45,-1,113,-1,96
1,<environment.Job instance at 0x7fe7c026fa00>,46,28,[1 9],47,-1,133,-1,105
1,<environment.Job instance at 0x7fe7c026f640>,47,26,[7 3],48,-1,131,-1,105
1,<environment.Job instance at 0x7fe7c026f730>,49,26,[3 5],50,-1,139,-1,113
1,<environment.Job instance at 0x7fe7c0149780>,50,16,[ 1 10],51,-1,129,-1,113
1,<environment.Job instance at 0x7fe7c01494b0>,51,13,[ 2 13],52,-1,126,-1,113
1,<environment.Job instance at 0x7fe7c0149550>,52,18,[12  5],53,-1,131,-1,113
1,<environment.Job instance at 0x7fe7c0149910>,53,26,[13  3],54,-1,139,-1,113
1,<environment.Job instance at 0x7fe7c0149140>,54,13,[14  1],55,-1,126,-1,113
1,<environment.Job instance at 0x7fe7c0149e10>,55,16,[ 3 11],56,-1,129,-1,113
1,<environment.Job instance at 0x7fe7c0149c80>,56,22,[14  2],57,-1,135,-1,113
1,<environment.Job instance at 0x7fe7c0149320>,57,14,[12  4],58,-1,127,-1,113
1,<environment.Job instance at 0x7fe7c0149960>,58,14,[11  1],59,-1,127,-1,113
1,<environment.Job instance at 0x7fe7c0149a00>,59,28,[6 2],60,-1,141,-1,113
1,<environment.Job instance at 0x7fe7c0149eb0>,60,20,[12  3],61,-1,133,-1,113
1,<environment.Job instance at 0x7fe7c0149a50>,61,21,[13  4],62,-1,134,-1,113
1,<environment.Job instance at 0x7fe7c0149af0>,62,23,[2 8],63,-1,136,-1,113
1,<environment.Job instance at 0x7fe7c01491e0>,63,16,[11  1],64,-1,129,-1,113
1,<environment.Job instance at 0x7fe7c0149dc0>,65,14,[11  5],66,-1,147,-1,133
1,<environment.Job instance at 0x7fe7c0149f00>,66,13,[ 1 11],67,-1,146,-1,133
1,<environment.Job instance at 0x7fe7c0149370>,68,25,[6 1],69,-1,179,-1,154
1,<environment.Job instance at 0x7fe7c0149410>,69,15,[ 3 12],70,-1,169,-1,154
1,<environment.Job instance at 0x7fe7c0149cd0>,70,18,[13  2],71,-1,172,-1,154
1,<environment.Job instance at 0x7fe7c0149870>,71,27,[5 7],72,-1,181,-1,154
1,<environment.Job instance at 0x7fe7c015d230>,72,12,[14  3],73,-1,166,-1,154
1,<environment.Job instance at 0x7fe7c015d4b0>,73,28,[11  3],74,-1,182,-1,154
1,<environment.Job instance at 0x7fe7c015daa0>,75,28,[ 4 12],76,-1,182,-1,154
1,<environment.Job instance at 0x7fe7c015d7d0>,76,20,[11  3],77,-1,174,-1,154
1,<environment.Job instance at 0x7fe7c015dbe0>,77,15,[ 5 13],78,-1,169,-1,154
1,<environment.Job instance at 0x7fe7c015dc30>,78,13,[7 1],79,-1,167,-1,154
1,<environment.Job instance at 0x7fe7c015d370>,80,24,[12  5],81,-1,180,-1,156
1,<environment.Job instance at 0x7fe7c015d0a0>,81,19,[ 2 14],82,-1,175,-1,156
1,<environment.Job instance at 0x7fe7c015d190>,82,22,[12  1],83,-1,178,-1,156
1,<environment.Job instance at 0x7fe7c015d550>,83,13,[ 3 11],84,-1,169,-1,156
1,<environment.Job instance at 0x7fe7c015d140>,85,17,[ 1 14],86,-1,193,-1,176
1,<environment.Job instance at 0x7fe7c015d500>,86,14,[ 3 14],87,-1,190,-1,176
1,<environment.Job instance at 0x7fe7c015d5f0>,87,24,[ 3 11],88,-1,200,-1,176
1,<environment.Job instance at 0x7fe7c0230500>,89,25,[12  3],90,-1,201,-1,176
1,<environment.Job instance at 0x7fe7c0230550>,90,12,[ 2 12],91,-1,188,-1,176
1,<environment.Job instance at 0x7fe7c0230fa0>,92,27,[ 2 11],93,-1,204,-1,177
1,<environment.Job instance at 0x7fe7c0230be0>,93,27,[ 3 14],94,-1,204,-1,177
1,<environment.Job instance at 0x7fe7c063ed20>,2,19,[ 5 13],3,-1,22,-1,3
1,<environment.Job instance at 0x7fe7c0ad3aa0>,4,13,[ 5 10],5,-1,19,-1,6
1,<environment.Job instance at 0x7fe7c05a8d70>,6,12,[13  4],7,-1,19,-1,7
1,<environment.Job instance at 0x7fe7c0c61dc0>,7,12,[14  4],8,-1,20,-1,8
1,<environment.Job instance at 0x7fe7c9cee0f0>,8,12,[ 1 13],9,-1,21,-1,9
1,<environment.Job instance at 0x7fe7c0f4a370>,10,28,[9 5],11,-1,39,-1,11
1,<environment.Job instance at 0x7fe7c0f4aaa0>,11,12,[ 5 12],12,-1,24,-1,12
1,<environment.Job instance at 0x7fe7c0f4a230>,12,26,[9 3],13,-1,39,-1,13
1,<environment.Job instance at 0x7fe7c0f4a140>,13,27,[ 5 13],14,-1,41,-1,14
1,<environment.Job instance at 0x7fe7c0f4a550>,14,28,[ 4 14],15,-1,43,-1,15
1,<environment.Job instance at 0x7fe7c0f4a460>,18,24,[3 9],19,-1,43,-1,19
1,<environment.Job instance at 0x7fe7c0f4a960>,21,14,[ 4 13],22,-1,50,-1,36
1,<environment.Job instance at 0x7fe7c0f4a190>,22,12,[14  3],23,-1,48,-1,36
1,<environment.Job instance at 0x7fe7c0ef6a50>,23,18,[ 5 11],24,-1,54,-1,36
1,<environment.Job instance at 0x7fe7c0ef6460>,24,21,[ 1 12],25,-1,57,-1,36
1,<environment.Job instance at 0x7fe7c0ef6960>,25,25,[4 9],26,-1,61,-1,36
1,<environment.Job instance at 0x7fe7c0ef6730>,26,18,[ 1 12],27,-1,54,-1,36
1,<environment.Job instance at 0x7fe7c0ef6d20>,28,12,[6 1],29,-1,49,-1,37
1,<environment.Job instance at 0x7fe7c0ef6230>,29,28,[ 3 10],30,-1,65,-1,37
1,<environment.Job instance at 0x7fe7c0ef6320>,30,21,[5 1],31,-1,60,-1,39
1,<environment.Job instance at 0x7fe7c0ef62d0>,31,28,[11  4],32,-1,67,-1,39
1,<environment.Job instance at 0x7fe7c0ef6dc0>,33,19,[11  2],34,-1,66,-1,47
1,<environment.Job instance at 0x7fe7c0ef61e0>,34,18,[12  3],35,-1,65,-1,47
1,<environment.Job instance at 0x7fe7c0ef6eb0>,35,28,[5 5],36,-1,75,-1,47
1,<environment.Job instance at 0x7fe7c0ef6fa0>,36,19,[ 1 12],37,-1,66,-1,47
1,<environment.Job instance at 0x7fe7c0ef6550>,37,24,[10  2],38,-1,71,-1,47
1,<environment.Job instance at 0x7fe7c9ab0e10>,38,24,[8 1],39,-1,71,-1,47
1,<environment.Job instance at 0x7fe7c9ab07d0>,39,27,[ 5 10],40,-1,74,-1,47
1,<environment.Job instance at 0x7fe7c9ab0f00>,41,28,[ 1 12],42,-1,87,-1,59
1,<environment.Job instance at 0x7fe7c9ab0230>,42,15,[13  1],43,-1,74,-1,59
1,<environment.Job instance at 0x7fe7c9ab04b0>,43,20,[ 5 12],44,-1,79,-1,59
1,<environment.Job instance at 0x7fe7c9ab0640>,45,12,[ 4 13],46,-1,71,-1,59
1,<environment.Job instance at 0x7fe7c9ab0d20>,46,24,[5 3],47,-1,83,-1,59
1,<environment.Job instance at 0x7fe7c9ab0f50>,49,21,[14  3],50,-1,92,-1,71
1,<environment.Job instance at 0x7fe7c9ab0c80>,52,20,[11  3],53,-1,108,-1,88
1,<environment.Job instance at 0x7fe7c9ab0320>,55,17,[ 3 13],56,-1,117,-1,100
1,<environment.Job instance at 0x7fe7c9ab0910>,56,15,[13  4],57,-1,115,-1,100
1,<environment.Job instance at 0x7fe7c9ab0550>,57,25,[9 1],58,-1,125,-1,100
1,<environment.Job instance at 0x7fe7c9ab0b40>,58,23,[3 8],59,-1,123,-1,100
1,<environment.Job instance at 0x7fe7c9af2910>,60,26,[14  4],61,-1,131,-1,105
1,<environment.Job instance at 0x7fe7c9af2e10>,63,18,[14  1],64,-1,142,-1,124
1,<environment.Job instance at 0x7fe7c9af2460>,64,24,[9 2],65,-1,148,-1,124
1,<environment.Job instance at 0x7fe7c9af2e60>,66,15,[ 5 11],67,-1,151,-1,136
1,<environment.Job instance at 0x7fe7c9af2410>,67,27,[ 2 13],68,-1,163,-1,136
1,<environment.Job instance at 0x7fe7c9af2230>,68,27,[5 1],69,-1,163,-1,136
1,<environment.Job instance at 0x7fe7c9af2550>,69,16,[ 3 12],70,-1,152,-1,136
1,<environment.Job instance at 0x7fe7c9af2730>,70,12,[ 3 12],71,-1,148,-1,136
1,<environment.Job instance at 0x7fe7c9af2a50>,71,13,[ 3 12],72,-1,149,-1,136
1,<environment.Job instance at 0x7fe7c9af28c0>,72,24,[ 4 10],73,-1,160,-1,136
1,<environment.Job instance at 0x7fe7c9af2190>,73,25,[11  2],74,-1,161,-1,136
1,<environment.Job instance at 0x7fe7c9af2aa0>,74,23,[ 1 14],75,-1,159,-1,136
1,<environment.Job instance at 0x7fe7c9af2f50>,76,12,[ 3 12],77,-1,148,-1,136
1,<environment.Job instance at 0x7fe7c9af25f0>,80,14,[ 2 11],81,-1,167,-1,153
1,<environment.Job instance at 0x7fe7c9b2aaf0>,82,22,[ 5 14],83,-1,187,-1,165
1,<environment.Job instance at 0x7fe7c9b2a870>,83,17,[12  4],84,-1,182,-1,165
1,<environment.Job instance at 0x7fe7c9b2a9b0>,84,26,[ 1 10],85,-1,191,-1,165
1,<environment.Job instance at 0x7fe7c0fd9320>,3,20,[12  4],4,-1,24,-1,4
1,<environment.Job instance at 0x7fe7c0fd9aa0>,4,26,[1 6],5,-1,31,-1,5
1,<environment.Job instance at 0x7fe7c0fd9780>,5,23,[5 5],6,-1,29,-1,6
1,<environment.Job instance at 0x7fe7c0fd97d0>,6,27,[12  2],7,-1,34,-1,7
1,<environment.Job instance at 0x7fe7c0fd9f00>,8,15,[13  3],9,-1,24,-1,9
1,<environment.Job instance at 0x7fe7c0db7dc0>,13,23,[14  5],14,-1,41,-1,18
1,<environment.Job instance at 0x7fe7c0db7be0>,14,27,[12  3],15,-1,45,-1,18
1,<environment.Job instance at 0x7fe7c0db7140>,15,22,[11  3],16,-1,40,-1,18
1,<environment.Job instance at 0x7fe7c107c9b0>,16,28,[ 1 13],17,-1,46,-1,18
1,<environment.Job instance at 0x7fe7c142ba00>,17,25,[12  4],18,-1,43,-1,18
1,<environment.Job instance at 0x7fe7c142bb90>,18,17,[ 2 13],19,-1,36,-1,19
1,<environment.Job instance at 0x7fe7c142b960>,19,15,[ 2 14],20,-1,35,-1,20
1,<environment.Job instance at 0x7fe7c142b410>,21,16,[ 2 13],22,-1,38,-1,22
1,<environment.Job instance at 0x7fe7c142bc80>,23,15,[12  3],24,-1,40,-1,25
1,<environment.Job instance at 0x7fe7c14355a0>,24,19,[ 2 13],25,-1,44,-1,25
1,<environment.Job instance at 0x7fe7c1435a00>,27,18,[ 1 13],28,-1,53,-1,35
1,<environment.Job instance at 0x7fe7c1435460>,28,12,[ 5 14],29,-1,47,-1,35
1,<environment.Job instance at 0x7fe7c14358c0>,29,13,[14  1],30,-1,48,-1,35
1,<environment.Job instance at 0x7fe7c0f76780>,36,27,[ 2 13],37,-1,106,-1,79
1,<environment.Job instance at 0x7fe7c0f76dc0>,37,14,[ 2 11],38,-1,93,-1,79
1,<environment.Job instance at 0x7fe7c0f76e10>,38,16,[ 1 12],39,-1,95,-1,79
1,<environment.Job instance at 0x7fe7c0f76f00>,39,26,[5 9],40,-1,105,-1,79
1,<environment.Job instance at 0x7fe7c0f76e60>,40,22,[2 7],41,-1,101,-1,79
1,<environment.Job instance at 0x7fe7c0f76af0>,41,22,[8 1],42,-1,101,-1,79
1,<environment.Job instance at 0x7fe7c0f76c80>,42,24,[14  4],43,-1,103,-1,79
1,<environment.Job instance at 0x7fe7c0f76820>,46,16,[ 3 11],47,-1,125,-1,109
1,<environment.Job instance at 0x7fe7c0da6b40>,48,16,[11  5],49,-1,133,-1,117
1,<environment.Job instance at 0x7fe7c0da6af0>,49,18,[13  2],50,-1,135,-1,117
1,<environment.Job instance at 0x7fe7c0da6640>,51,23,[14  1],52,-1,145,-1,122
1,<environment.Job instance at 0x7fe7c0da6280>,52,17,[ 1 14],53,-1,139,-1,122
1,<environment.Job instance at 0x7fe7c0da6c30>,53,16,[12  2],54,-1,138,-1,122
1,<environment.Job instance at 0x7fe7c12f12d0>,54,19,[ 4 11],55,-1,141,-1,122
1,<environment.Job instance at 0x7fe7c0a178c0>,55,24,[9 5],56,-1,146,-1,122
1,<environment.Job instance at 0x7fe7c0da6320>,56,16,[13  3],57,-1,138,-1,122
1,<environment.Job instance at 0x7fe7c9b39050>,57,24,[14  3],58,-1,146,-1,122
1,<environment.Job instance at 0x7fe7c9b398c0>,58,19,[ 1 14],59,-1,141,-1,122
1,<environment.Job instance at 0x7fe7c9b39d70>,59,23,[14  3],60,-1,145,-1,122
1,<environment.Job instance at 0x7fe7c9b39370>,60,28,[ 4 11],61,-1,150,-1,122
1,<environment.Job instance at 0x7fe7c0fb49b0>,61,27,[5 5],62,-1,149,-1,122
1,<environment.Job instance at 0x7fe7c0fb4cd0>,62,24,[5 2],63,-1,146,-1,122
1,<environment.Job instance at 0x7fe7c0fb40a0>,63,14,[ 4 12],64,-1,136,-1,122
1,<environment.Job instance at 0x7fe7c0fb4fa0>,64,27,[5 1],65,-1,149,-1,122
1,<environment.Job instance at 0x7fe7c0fb4b90>,65,27,[ 2 11],66,-1,149,-1,122
1,<environment.Job instance at 0x7fe7c0fb4820>,66,28,[12  4],67,-1,150,-1,122
1,<environment.Job instance at 0x7fe7c0fb4c30>,70,23,[12  5],71,-1,182,-1,159
1,<environment.Job instance at 0x7fe7c0fb4e60>,71,23,[3 9],72,-1,182,-1,159
1,<environment.Job instance at 0x7fe7c0fb42d0>,73,12,[14  4],74,-1,171,-1,159
1,<environment.Job instance at 0x7fe7c0fb4aa0>,75,26,[7 5],76,-1,205,-1,179
1,<environment.Job instance at 0x7fe7c0fb4050>,76,17,[ 3 14],77,-1,196,-1,179
1,<environment.Job instance at 0x7fe7c074ac80>,3,25,[14  5],4,-1,29,-1,4
1,<environment.Job instance at 0x7fe7c03b8aa0>,4,26,[10  2],5,-1,31,-1,5
1,<environment.Job instance at 0x7fe7c03b82d0>,5,14,[14  1],6,-1,20,-1,6
1,<environment.Job instance at 0x7fe7c03b8c30>,6,21,[8 1],7,-1,28,-1,7
1,<environment.Job instance at 0x7fe7c02db8c0>,7,26,[12  5],8,-1,34,-1,8
1,<environment.Job instance at 0x7fe7c02dbc80>,8,28,[8 3],9,-1,37,-1,9
1,<environment.Job instance at 0x7fe7c02db730>,9,16,[14  1],10,-1,26,-1,10
1,<environment.Job instance at 0x7fe7c02db230>,11,24,[ 3 12],12,-1,36,-1,12
1,<environment.Job instance at 0x7fe7c02dbb90>,12,23,[4 7],13,-1,37,-1,14
1,<environment.Job instance at 0x7fe7c02db690>,19,17,[ 3 12],20,-1,63,-1,46
1,<environment.Job instance at 0x7fe7c02dbf00>,20,13,[14  5],21,-1,59,-1,46
1,<environment.Job instance at 0x7fe7c02db0f0>,21,21,[ 5 14],22,-1,67,-1,46
1,<environment.Job instance at 0x7fe7c02db190>,22,21,[ 4 11],23,-1,67,-1,46
1,<environment.Job instance at 0x7fe7c02db3c0>,23,25,[2 7],24,-1,71,-1,46
1,<environment.Job instance at 0x7fe7c02dbeb0>,24,23,[14  4],25,-1,69,-1,46
1,<environment.Job instance at 0x7fe7c02dbc30>,25,12,[ 3 11],26,-1,58,-1,46
1,<environment.Job instance at 0x7fe7c075a140>,28,18,[12  1],29,-1,80,-1,62
1,<environment.Job instance at 0x7fe7c075a230>,29,15,[2 8],30,-1,77,-1,62
1,<environment.Job instance at 0x7fe7c075a0f0>,30,24,[12  2],31,-1,86,-1,62
1,<environment.Job instance at 0x7fe7c075ac30>,31,12,[6 1],32,-1,74,-1,62
1,<environment.Job instance at 0x7fe7c075a1e0>,32,25,[8 3],33,-1,87,-1,62
1,<environment.Job instance at 0x7fe7c075acd0>,33,15,[11  1],34,-1,77,-1,62
1,<environment.Job instance at 0x7fe7c075ae10>,35,27,[7 4],36,-1,103,-1,76
1,<environment.Job instance at 0x7fe7c075a910>,37,22,[2 7],38,-1,100,-1,78
1,<environment.Job instance at 0x7fe7c075ad20>,38,26,[9 5],39,-1,104,-1,78
1,<environment.Job instance at 0x7fe7c075aaa0>,39,13,[ 1 10],40,-1,91,-1,78
1,<environment.Job instance at 0x7fe7c075af00>,40,28,[9 3],41,-1,106,-1,78
1,<environment.Job instance at 0x7fe7c075a960>,41,27,[5 1],42,-1,105,-1,78
1,<environment.Job instance at 0x7fe7c075a550>,43,13,[8 2],44,-1,106,-1,93
1,<environment.Job instance at 0x7fe7c075ae60>,44,27,[6 4],45,-1,120,-1,93
1,<environment.Job instance at 0x7fe7c075ab90>,45,25,[6 1],46,-1,118,-1,93
1,<environment.Job instance at 0x7fe7c075a780>,46,23,[5 5],47,-1,116,-1,93
1,<environment.Job instance at 0x7fe7c08bbc80>,47,28,[14  5],48,-1,121,-1,93
1,<environment.Job instance at 0x7fe7c08bb960>,48,12,[13  5],49,-1,105,-1,93
1,<environment.Job instance at 0x7fe7c08bb9b0>,49,13,[1 8],50,-1,106,-1,93
1,<environment.Job instance at 0x7fe7c08bb6e0>,50,23,[13  2],51,-1,116,-1,93
1,<environment.Job instance at 0x7fe7c08bb2d0>,51,21,[12  3],52,-1,114,-1,93
1,<environment.Job instance at 0x7fe7c08bb8c0>,52,17,[14  1],53,-1,110,-1,93
1,<environment.Job instance at 0x7fe7c08bb4b0>,53,15,[ 1 12],54,-1,108,-1,93
1,<environment.Job instance at 0x7fe7c08bbd70>,54,19,[2 9],55,-1,116,-1,97
1,<environment.Job instance at 0x7fe7c08bb730>,56,20,[ 1 12],57,-1,117,-1,97
1,<environment.Job instance at 0x7fe7c08bb780>,57,18,[2 7],58,-1,115,-1,97
1,<environment.Job instance at 0x7fe7c08bbeb0>,58,25,[5 3],59,-1,122,-1,97
1,<environment.Job instance at 0x7fe7c08bb050>,59,18,[3 8],60,-1,115,-1,97
1,<environment.Job instance at 0x7fe7c08bb320>,60,24,[5 7],61,-1,121,-1,97
1,<environment.Job instance at 0x7fe7c08bb870>,61,14,[ 4 10],62,-1,111,-1,97
1,<environment.Job instance at 0x7fe7c08bb640>,62,15,[4 8],63,-1,112,-1,97
1,<environment.Job instance at 0x7fe7c08bb1e0>,63,27,[ 2 10],64,-1,124,-1,97
1,<environment.Job instance at 0x7fe7c08bbf50>,64,16,[ 1 12],65,-1,113,-1,97
1,<environment.Job instance at 0x7fe7c08bb550>,65,15,[13  4],66,-1,112,-1,97
1,<environment.Job instance at 0x7fe7c08bbbe0>,66,20,[ 1 13],67,-1,117,-1,97
1,<environment.Job instance at 0x7fe7c08bbf00>,67,17,[ 1 10],68,-1,114,-1,97
1,<environment.Job instance at 0x7fe7c0396eb0>,68,28,[ 2 14],69,-1,125,-1,97
1,<environment.Job instance at 0x7fe7c0396a50>,69,28,[11  1],70,-1,125,-1,97
1,<environment.Job instance at 0x7fe7c0396140>,70,22,[8 3],71,-1,119,-1,97
1,<environment.Job instance at 0x7fe7c0396730>,71,28,[8 2],72,-1,125,-1,97
1,<environment.Job instance at 0x7fe7c0396be0>,72,21,[ 1 11],73,-1,118,-1,97
1,<environment.Job instance at 0x7fe7c0396960>,73,21,[9 1],74,-1,118,-1,97
1,<environment.Job instance at 0x7fe7c03969b0>,74,21,[14  2],75,-1,118,-1,97
1,<environment.Job instance at 0x7fe7c0396550>,75,16,[1 7],76,-1,113,-1,97
1,<environment.Job instance at 0x7fe7c0396d70>,76,21,[14  4],77,-1,118,-1,97
1,<environment.Job instance at 0x7fe7c0396690>,77,20,[11  1],78,-1,117,-1,97
1,<environment.Job instance at 0x7fe7c0396cd0>,78,22,[ 5 12],79,-1,119,-1,97
1,<environment.Job instance at 0x7fe7c0396fa0>,79,17,[13  1],80,-1,114,-1,97
1,<environment.Job instance at 0x7fe7c0396a00>,80,27,[ 2 13],81,-1,124,-1,97
1,<environment.Job instance at 0x7fe7c0396dc0>,81,17,[11  4],82,-1,114,-1,97
1,<environment.Job instance at 0x7fe7c03968c0>,82,27,[ 4 13],83,-1,124,-1,97
1,<environment.Job instance at 0x7fe7c03966e0>,83,15,[14  1],84,-1,112,-1,97
1,<environment.Job instance at 0x7fe7c0396280>,84,15,[2 5],85,-1,112,-1,97
1,<environment.Job instance at 0x7fe7c086f690>,86,25,[7 3],87,-1,135,-1,110
1,<environment.Job instance at 0x7fe7c086f3c0>,87,26,[ 4 10],88,-1,136,-1,110
1,<environment.Job instance at 0x7fe7c086fb90>,88,19,[ 3 13],89,-1,129,-1,110
1,<environment.Job instance at 0x7fe7c086fc80>,89,15,[7 1],90,-1,127,-1,112
1,<environment.Job instance at 0x7fe7c086f7d0>,91,25,[5 5],92,-1,139,-1,114
1,<environment.Job instance at 0x7fe7c086fcd0>,92,26,[2 9],93,-1,140,-1,114
1,<environment.Job instance at 0x7fe7c086ff00>,93,22,[5 3],94,-1,136,-1,114
1,<environment.Job instance at 0x7fe7c086feb0>,94,15,[12  4],95,-1,129,-1,114
1,<environment.Job instance at 0x7fe7c086ff50>,95,27,[10  3],96,-1,141,-1,114
1,<environment.Job instance at 0x7fe7c086f2d0>,96,27,[ 1 11],97,-1,141,-1,114
1,<environment.Job instance at 0x7fe7c086f280>,97,18,[ 2 12],98,-1,132,-1,114
1,<environment.Job instance at 0x7fe7c086fd20>,98,22,[ 2 11],99,-1,136,-1,114
1,<environment.Job instance at 0x7fe7c086fb40>,99,23,[14  4],100,-1,137,-1,114
1,<environment.Job instance at 0x7fe7c086fc30>,100,22,[13  2],101,-1,136,-1,114
1,<environment.Job instance at 0x7fe7c086f0a0>,101,12,[ 1 12],102,-1,126,-1,114
1,<environment.Job instance at 0x7fe7c086f9b0>,103,26,[5 5],104,-1,154,-1,128
1,<environment.Job instance at 0x7fe7c076d370>,104,16,[11  2],105,-1,144,-1,128
1,<environment.Job instance at 0x7fe7c076dcd0>,105,26,[5 8],106,-1,154,-1,128
1,<environment.Job instance at 0x7fe7c076db40>,106,18,[ 5 14],107,-1,146,-1,128
1,<environment.Job instance at 0x7fe7c076d5f0>,108,27,[ 2 10],109,-1,155,-1,128
1,<environment.Job instance at 0x7fe7c076d640>,109,20,[ 1 11],110,-1,148,-1,128
1,<environment.Job instance at 0x7fe7c076d5a0>,110,27,[11  5],111,-1,155,-1,128
1,<environment.Job instance at 0x7fe7c076d320>,111,14,[ 5 14],112,-1,142,-1,128
1,<environment.Job instance at 0x7fe7c076d0a0>,113,25,[9 2],114,-1,167,-1,142
1,<environment.Job instance at 0x7fe7c0892550>,115,24,[ 5 13],116,-1,169,-1,145
1,<environment.Job instance at 0x7fe7c0892460>,116,15,[ 5 14],117,-1,160,-1,145
1,<environment.Job instance at 0x7fe7c08920a0>,117,22,[ 4 11],118,-1,167,-1,145
1,<environment.Job instance at 0x7fe7c0892dc0>,118,13,[ 5 13],119,-1,158,-1,145
1,<environment.Job instance at 0x7fe7c08923c0>,119,19,[ 3 10],120,-1,164,-1,145
1,<environment.Job instance at 0x7fe7c0892d70>,121,24,[5 1],122,-1,169,-1,145
1,<environment.Job instance at 0x7fe7c0892190>,122,13,[ 5 12],123,-1,158,-1,145
1,<environment.Job instance at 0x7fe7c0892c80>,123,15,[14  1],124,-1,160,-1,145
1,<environment.Job instance at 0x7fe7c0892f50>,124,23,[1 8],125,-1,168,-1,145
1,<environment.Job instance at 0x7fe7c0892d20>,125,28,[ 2 10],126,-1,173,-1,145
1,<environment.Job instance at 0x7fe7c0892820>,127,16,[ 2 10],128,-1,173,-1,157
1,<environment.Job instance at 0x7fe7c08926e0>,128,21,[ 3 14],129,-1,178,-1,157
1,<environment.Job instance at 0x7fe7c0892780>,129,21,[ 2 12],130,-1,178,-1,157
1,<environment.Job instance at 0x7fe7c08bb460>,2,18,[14  4],3,-1,21,-1,3
1,<environment.Job instance at 0x7fe7c08bbb90>,7,28,[ 4 12],8,-1,36,-1,8
1,<environment.Job instance at 0x7fe7bfe8f690>,6,16,[13  1],7,-1,24,-1,8
1,<environment.Job instance at 0x7fe7bfe8f730>,8,15,[12  2],9,-1,24,-1,9
1,<environment.Job instance at 0x7fe7bfe8f5f0>,10,26,[6 4],11,-1,38,-1,12
1,<environment.Job instance at 0x7fe7bfe8f9b0>,12,15,[ 3 13],13,-1,28,-1,13
1,<environment.Job instance at 0x7fe7bfe8fbe0>,14,18,[13  3],15,-1,33,-1,15
1,<environment.Job instance at 0x7fe7bfe8fa50>,15,28,[9 4],16,-1,44,-1,16
1,<environment.Job instance at 0x7fe7bfe8fcd0>,16,13,[ 5 11],17,-1,30,-1,17
1,<environment.Job instance at 0x7fe7bfe8fd70>,17,19,[14  1],18,-1,37,-1,18
1,<environment.Job instance at 0x7fe7bfe92140>,22,25,[7 5],23,-1,60,-1,35
1,<environment.Job instance at 0x7fe7bfe92280>,24,26,[6 1],25,-1,73,-1,47
1,<environment.Job instance at 0x7fe7bfe92320>,25,21,[ 5 14],26,-1,68,-1,47
1,<environment.Job instance at 0x7fe7bfe923c0>,26,25,[14  4],27,-1,72,-1,47
1,<environment.Job instance at 0x7fe7bfe92640>,30,27,[ 4 11],31,-1,94,-1,67
1,<environment.Job instance at 0x7fe7bfe92910>,33,27,[ 2 11],34,-1,106,-1,79
1,<environment.Job instance at 0x7fe7bfe92960>,34,20,[14  2],35,-1,99,-1,79
1,<environment.Job instance at 0x7fe7bfe92aa0>,35,26,[14  1],36,-1,105,-1,79
1,<environment.Job instance at 0x7fe7bfe92b90>,37,25,[13  1],38,-1,120,-1,95
1,<environment.Job instance at 0x7fe7bfe92e10>,41,22,[ 4 12],42,-1,142,-1,120
1,<environment.Job instance at 0x7fe7bfe92eb0>,42,24,[12  4],43,-1,144,-1,120
1,<environment.Job instance at 0x7fe7bfe928c0>,44,16,[ 3 12],45,-1,136,-1,120
1,<environment.Job instance at 0x7fe7bfe93140>,48,15,[ 3 13],49,-1,161,-1,146
1,<environment.Job instance at 0x7fe7bfe93370>,49,15,[ 5 11],50,-1,161,-1,146
1,<environment.Job instance at 0x7fe7bfe935a0>,53,17,[ 3 12],54,-1,186,-1,169
1,<environment.Job instance at 0x7fe7bfe93280>,50,22,[6 5],51,-1,191,-1,169
1,<environment.Job instance at 0x7fe7bfe93690>,55,22,[5 6],56,-1,191,-1,169
1,<environment.Job instance at 0x7fe7bfe935f0>,56,20,[12  5],57,-1,189,-1,169
1,<environment.Job instance at 0x7fe7bfe937d0>,58,12,[8 4],59,-1,188,-1,176
1,<environment.Job instance at 0x7fe7bfe939b0>,59,22,[ 3 11],60,-1,198,-1,176
1,<environment.Job instance at 0x7fe7bfe93a50>,60,24,[ 1 12],61,-1,200,-1,176
1,<environment.Job instance at 0x7fe7bfe93af0>,61,28,[3 6],62,-1,204,-1,176
1,<environment.Job instance at 0x7fe7bfe93b90>,62,14,[ 4 12],63,-1,190,-1,176
1,<environment.Job instance at 0x7fe7bfe93c30>,63,28,[ 2 13],64,-1,204,-1,176
1,<environment.Job instance at 0x7fe7bfe93cd0>,64,25,[10  5],65,-1,201,-1,176
1,<environment.Job instance at 0x7fe7bfe93d70>,65,16,[13  3],66,-1,192,-1,176
1,<environment.Job instance at 0x7fe7bfe93e10>,66,12,[8 4],67,-1,189,-1,177
1,<environment.Job instance at 0x7fe7c02b9410>,1,17,[ 5 12],2,-1,19,-1,2
1,<environment.Job instance at 0x7fe7c0a52960>,8,21,[ 1 12],9,-1,35,-1,14
1,<environment.Job instance at 0x7fe7c0a52e60>,9,12,[ 3 11],10,-1,26,-1,14
1,<environment.Job instance at 0x7fe7c0a528c0>,10,24,[6 1],11,-1,38,-1,14
1,<environment.Job instance at 0x7fe7c0a523c0>,11,28,[12  1],12,-1,42,-1,14
1,<environment.Job instance at 0x7fe7c0a525f0>,12,25,[14  3],13,-1,39,-1,14
1,<environment.Job instance at 0x7fe7c0a52500>,13,25,[12  4],14,-1,39,-1,14
1,<environment.Job instance at 0x7fe7c0a52cd0>,14,19,[14  1],15,-1,34,-1,15
1,<environment.Job instance at 0x7fe7c0a52410>,15,21,[11  5],16,-1,37,-1,16
1,<environment.Job instance at 0x7fe7c0a52f00>,16,13,[11  4],17,-1,30,-1,17
1,<environment.Job instance at 0x7fe7c0a52870>,17,25,[8 5],18,-1,43,-1,18
1,<environment.Job instance at 0x7fe7c0a52640>,20,12,[ 3 14],21,-1,35,-1,23
1,<environment.Job instance at 0x7fe7c05835a0>,21,15,[ 4 13],22,-1,38,-1,23
1,<environment.Job instance at 0x7fe7c0583550>,23,13,[11  4],24,-1,41,-1,28
1,<environment.Job instance at 0x7fe7c0583e60>,28,15,[10  1],29,-1,68,-1,53
1,<environment.Job instance at 0x7fe7c05830a0>,29,19,[ 4 11],30,-1,72,-1,53
1,<environment.Job instance at 0x7fe7c05830f0>,30,28,[ 3 11],31,-1,81,-1,53
1,<environment.Job instance at 0x7fe7c05832d0>,31,26,[4 8],32,-1,79,-1,53
1,<environment.Job instance at 0x7fe7c0583190>,32,23,[4 6],33,-1,76,-1,53
1,<environment.Job instance at 0x7fe7c0583e10>,34,21,[14  4],35,-1,87,-1,66
1,<environment.Job instance at 0x7fe7c0583a50>,35,20,[12  5],36,-1,86,-1,66
1,<environment.Job instance at 0x7fe7c0583d70>,36,14,[11  3],37,-1,80,-1,66
1,<environment.Job instance at 0x7fe7c0583870>,37,28,[ 2 14],38,-1,94,-1,66
1,<environment.Job instance at 0x7fe7c05839b0>,39,23,[5 3],40,-1,90,-1,67
1,<environment.Job instance at 0x7fe7c14672d0>,41,25,[13  1],42,-1,104,-1,79
1,<environment.Job instance at 0x7fe7c14678c0>,43,17,[13  2],44,-1,103,-1,86
1,<environment.Job instance at 0x7fe7c1467230>,44,27,[3 9],45,-1,113,-1,86
1,<environment.Job instance at 0x7fe7c1467fa0>,45,23,[13  4],46,-1,109,-1,86
1,<environment.Job instance at 0x7fe7c1065780>,47,26,[1 9],48,-1,123,-1,97
1,<environment.Job instance at 0x7fe7c1065f00>,48,25,[5 4],49,-1,122,-1,97
1,<environment.Job instance at 0x7fe7c1065b40>,49,22,[ 2 10],50,-1,119,-1,97
1,<environment.Job instance at 0x7fe7c10657d0>,50,21,[13  4],51,-1,118,-1,97
1,<environment.Job instance at 0x7fe7c1065910>,54,19,[12  3],55,-1,142,-1,123
1,<environment.Job instance at 0x7fe7c1065b90>,55,17,[ 5 11],56,-1,140,-1,123
1,<environment.Job instance at 0x7fe7c10650a0>,56,28,[ 1 10],57,-1,151,-1,123
1,<environment.Job instance at 0x7fe7c1065c80>,59,18,[14  2],60,-1,158,-1,140
1,<environment.Job instance at 0x7fe7c1065cd0>,60,15,[14  3],61,-1,155,-1,140
1,<environment.Job instance at 0x7fe7c1065d70>,62,17,[12  2],63,-1,160,-1,143
1,<environment.Job instance at 0x7fe7c1065320>,63,20,[ 5 12],64,-1,163,-1,143
1,<environment.Job instance at 0x7fe7c10658c0>,64,28,[ 5 11],65,-1,171,-1,143
1,<environment.Job instance at 0x7fe7bfff3230>,66,23,[ 5 11],67,-1,182,-1,159
1,<environment.Job instance at 0x7fe7bfff34b0>,67,24,[10  2],68,-1,183,-1,159
1,<environment.Job instance at 0x7fe7bfff35a0>,68,28,[14  5],69,-1,187,-1,159
1,<environment.Job instance at 0x7fe7bfff3050>,70,13,[12  1],71,-1,189,-1,176
1,<environment.Job instance at 0x7fe7bfff35f0>,71,28,[ 5 11],72,-1,204,-1,176
1,<environment.Job instance at 0x7fe7bfff32d0>,73,18,[ 4 11],74,-1,194,-1,176
1,<environment.Job instance at 0x7fe7bfff3cd0>,74,28,[7 4],75,-1,204,-1,176
1,<environment.Job instance at 0x7fe7bfff3e60>,75,19,[14  5],76,-1,195,-1,176
1,<environment.Job instance at 0x7fe7bfff3320>,76,24,[11  2],77,-1,200,-1,176
1,<environment.Job instance at 0x7fe7bfbf9d70>,1,14,[ 3 12],2,-1,16,-1,2
1,<environment.Job instance at 0x7fe7c08d81e0>,3,19,[ 4 11],4,-1,23,-1,4
1,<environment.Job instance at 0x7fe7bfbf2370>,5,28,[8 4],6,-1,34,-1,6
1,<environment.Job instance at 0x7fe7bfbf2aa0>,6,17,[13  5],7,-1,24,-1,7
1,<environment.Job instance at 0x7fe7bfbf24b0>,7,17,[ 4 13],8,-1,25,-1,8
1,<environment.Job instance at 0x7fe7bfbf29b0>,8,15,[ 5 11],9,-1,24,-1,9
1,<environment.Job instance at 0x7fe7bfbf2af0>,9,13,[14  4],10,-1,23,-1,10
1,<environment.Job instance at 0x7fe7bfbf2550>,10,15,[13  5],11,-1,26,-1,11
1,<environment.Job instance at 0x7fe7bfbf2320>,12,28,[13  3],13,-1,41,-1,13
1,<environment.Job instance at 0x7fe7bfdeaa00>,13,25,[ 1 14],14,-1,39,-1,14
1,<environment.Job instance at 0x7fe7bfcbb0a0>,20,26,[ 1 11],21,-1,53,-1,27
1,<environment.Job instance at 0x7fe7bfcbb0f0>,21,23,[ 3 13],22,-1,50,-1,27
1,<environment.Job instance at 0x7fe7bfcbb5f0>,22,26,[4 9],23,-1,53,-1,27
1,<environment.Job instance at 0x7fe7bfcbb280>,23,20,[11  5],24,-1,47,-1,27
1,<environment.Job instance at 0x7fe7bfcbbf00>,25,18,[12  1],26,-1,50,-1,32
1,<environment.Job instance at 0x7fe7bfbd7f00>,29,23,[6 1],30,-1,84,-1,61
1,<environment.Job instance at 0x7fe7bfbd7f50>,30,27,[2 7],31,-1,88,-1,61
1,<environment.Job instance at 0x7fe7bfcb87d0>,32,16,[ 2 14],33,-1,77,-1,61
1,<environment.Job instance at 0x7fe7bfbd7d70>,33,27,[10  1],34,-1,88,-1,61
1,<environment.Job instance at 0x7fe7bfbd78c0>,35,13,[11  4],36,-1,89,-1,76
1,<environment.Job instance at 0x7fe7bfcb8370>,36,13,[ 4 14],37,-1,89,-1,76
1,<environment.Job instance at 0x7fe7bfb48460>,38,24,[ 1 10],39,-1,106,-1,82
1,<environment.Job instance at 0x7fe7bfb480f0>,39,21,[ 1 10],40,-1,103,-1,82
1,<environment.Job instance at 0x7fe7bfb483c0>,40,28,[14  4],41,-1,110,-1,82
1,<environment.Job instance at 0x7fe7bfb48a00>,41,23,[1 5],42,-1,105,-1,82
1,<environment.Job instance at 0x7fe7bfb48cd0>,42,24,[ 5 13],43,-1,106,-1,82
1,<environment.Job instance at 0x7fe7bfb489b0>,44,23,[4 8],45,-1,112,-1,89
1,<environment.Job instance at 0x7fe7bfbc60f0>,47,26,[2 8],48,-1,129,-1,103
1,<environment.Job instance at 0x7fe7bfbc6a00>,48,21,[13  1],49,-1,124,-1,103
1,<environment.Job instance at 0x7fe7bfbc6cd0>,49,12,[ 5 12],50,-1,115,-1,103
1,<environment.Job instance at 0x7fe7bfbc6320>,50,26,[ 2 13],51,-1,129,-1,103
1,<environment.Job instance at 0x7fe7bfbc6870>,52,19,[ 4 13],53,-1,137,-1,118
1,<environment.Job instance at 0x7fe7bfbc60a0>,53,21,[ 4 14],54,-1,139,-1,118
1,<environment.Job instance at 0x7fe7bfbe5550>,54,17,[ 4 12],55,-1,135,-1,118
1,<environment.Job instance at 0x7fe7c12a5910>,55,26,[6 5],56,-1,144,-1,118
1,<environment.Job instance at 0x7fe7bfbc6820>,56,14,[12  1],57,-1,132,-1,118
1,<environment.Job instance at 0x7fe7c147c910>,57,22,[13  2],58,-1,140,-1,118
1,<environment.Job instance at 0x7fe7bfb8deb0>,58,20,[14  5],59,-1,138,-1,118
1,<environment.Job instance at 0x7fe7bfb8d500>,59,16,[ 4 14],60,-1,134,-1,118
1,<environment.Job instance at 0x7fe7bfb8da50>,60,13,[ 4 12],61,-1,131,-1,118
1,<environment.Job instance at 0x7fe7c040b2d0>,61,24,[10  5],62,-1,142,-1,118
1,<environment.Job instance at 0x7fe7c040b870>,62,26,[ 2 14],63,-1,144,-1,118
1,<environment.Job instance at 0x7fe7c040d640>,66,20,[ 3 11],67,-1,167,-1,147
1,<environment.Job instance at 0x7fe7c01385f0>,67,14,[ 2 12],68,-1,161,-1,147
1,<environment.Job instance at 0x7fe7c0138690>,68,15,[12  3],69,-1,162,-1,147
1,<environment.Job instance at 0x7fe7c14e00f0>,69,18,[14  2],70,-1,165,-1,147
1,<environment.Job instance at 0x7fe7c129a3c0>,70,15,[12  5],71,-1,162,-1,147
1,<environment.Job instance at 0x7fe7c0c517d0>,73,23,[5 9],74,-1,184,-1,161
1,<environment.Job instance at 0x7fe7c0c51870>,75,12,[9 1],76,-1,173,-1,161
1,<environment.Job instance at 0x7fe7c0059a50>,76,24,[ 2 13],77,-1,185,-1,161
1,<environment.Job instance at 0x7fe7c0c515a0>,77,12,[13  4],78,-1,173,-1,161
1,<environment.Job instance at 0x7fe7c0059910>,78,13,[ 1 11],79,-1,174,-1,161
1,<environment.Job instance at 0x7fe7c0059e10>,79,25,[ 5 11],80,-1,186,-1,161
1,<environment.Job instance at 0x7fe7c14bbf50>,81,23,[ 1 13],82,-1,197,-1,174
1,<environment.Job instance at 0x7fe7c14bb5f0>,82,28,[8 4],83,-1,202,-1,174
1,<environment.Job instance at 0x7fe7c14bba00>,83,27,[ 3 12],84,-1,201,-1,174
1,<environment.Job instance at 0x7fe7bfb47c30>,84,14,[ 2 14],85,-1,188,-1,174
1,<environment.Job instance at 0x7fe7bfb47370>,85,15,[11  1],86,-1,189,-1,174
1,<environment.Job instance at 0x7fe7c0f69cd0>,2,24,[8 5],3,-1,27,-1,3
1,<environment.Job instance at 0x7fe7c0da0500>,3,14,[14  1],4,-1,18,-1,4
1,<environment.Job instance at 0x7fe7c0a71460>,4,24,[8 5],5,-1,29,-1,5
1,<environment.Job instance at 0x7fe7c0a71140>,5,22,[13  5],6,-1,28,-1,6
1,<environment.Job instance at 0x7fe7bfb47370>,9,17,[ 5 13],10,-1,27,-1,10
1,<environment.Job instance at 0x7fe7c0a87960>,10,26,[ 3 14],11,-1,37,-1,11
1,<environment.Job instance at 0x7fe7c0a6b640>,12,26,[ 1 10],13,-1,39,-1,13
1,<environment.Job instance at 0x7fe7c00a58c0>,13,26,[4 8],14,-1,40,-1,14
1,<environment.Job instance at 0x7fe7bfbe44b0>,18,20,[ 4 13],19,-1,57,-1,37
1,<environment.Job instance at 0x7fe7bfbe4780>,19,25,[4 8],20,-1,62,-1,37
1,<environment.Job instance at 0x7fe7bfbe4d20>,21,18,[14  3],22,-1,55,-1,37
1,<environment.Job instance at 0x7fe7c0d58870>,23,15,[ 5 11],24,-1,52,-1,37
1,<environment.Job instance at 0x7fe7c9cd8a50>,24,24,[7 4],25,-1,61,-1,37
1,<environment.Job instance at 0x7fe7c12bbaf0>,26,27,[13  2],27,-1,79,-1,52
1,<environment.Job instance at 0x7fe7c1543f50>,29,27,[5 7],30,-1,94,-1,67
1,<environment.Job instance at 0x7fe7c08cb550>,31,24,[ 4 12],32,-1,97,-1,73
1,<environment.Job instance at 0x7fe7c08cbaf0>,32,12,[14  4],33,-1,85,-1,73
1,<environment.Job instance at 0x7fe7c08cba00>,33,28,[5 5],34,-1,101,-1,73
1,<environment.Job instance at 0x7fe7c08cb9b0>,34,18,[12  3],35,-1,91,-1,73
1,<environment.Job instance at 0x7fe7c157a730>,36,21,[ 4 14],37,-1,105,-1,84
1,<environment.Job instance at 0x7fe7c0fdbcd0>,38,25,[1 7],39,-1,109,-1,84
1,<environment.Job instance at 0x7fe7c0819eb0>,40,25,[ 2 11],41,-1,114,-1,89
1,<environment.Job instance at 0x7fe7c06b0c30>,41,26,[1 9],42,-1,115,-1,89
1,<environment.Job instance at 0x7fe7c088baf0>,42,28,[9 3],43,-1,117,-1,89
1,<environment.Job instance at 0x7fe7c088b2d0>,43,21,[12  3],44,-1,110,-1,89
1,<environment.Job instance at 0x7fe7c1418370>,44,28,[11  3],45,-1,117,-1,89
1,<environment.Job instance at 0x7fe7c0894b90>,46,20,[ 4 11],47,-1,119,-1,99
1,<environment.Job instance at 0x7fe7c0894050>,47,27,[ 3 13],48,-1,126,-1,99
1,<environment.Job instance at 0x7fe7c0894a00>,48,22,[ 2 11],49,-1,121,-1,99
1,<environment.Job instance at 0x7fe7c08a9140>,49,24,[ 2 13],50,-1,123,-1,99
1,<environment.Job instance at 0x7fe7bfed4f00>,54,15,[ 3 12],55,-1,148,-1,133
1,<environment.Job instance at 0x7fe7bfed4910>,57,20,[14  4],58,-1,167,-1,147
1,<environment.Job instance at 0x7fe7bfed44b0>,58,22,[ 1 14],59,-1,169,-1,147
1,<environment.Job instance at 0x7fe7bfed4640>,59,26,[4 8],60,-1,173,-1,147
1,<environment.Job instance at 0x7fe7bfed46e0>,60,12,[11  1],61,-1,159,-1,147
1,<environment.Job instance at 0x7fe7bfed4e10>,61,27,[4 9],62,-1,174,-1,147
1,<environment.Job instance at 0x7fe7bfed4eb0>,62,16,[ 4 13],63,-1,163,-1,147
1,<environment.Job instance at 0x7fe7bfed4410>,64,16,[14  2],65,-1,171,-1,155
1,<environment.Job instance at 0x7fe7bfed4230>,65,12,[14  2],66,-1,167,-1,155
1,<environment.Job instance at 0x7fe7bfed4b90>,66,27,[ 4 11],67,-1,182,-1,155
1,<environment.Job instance at 0x7fe7bfed45f0>,68,24,[ 5 11],69,-1,185,-1,161
1,<environment.Job instance at 0x7fe7bfedbaf0>,69,27,[ 1 12],70,-1,188,-1,161
1,<environment.Job instance at 0x7fe7bfedb410>,70,23,[11  1],71,-1,184,-1,161
1,<environment.Job instance at 0x7fe7c06d8690>,5,19,[ 3 11],6,-1,25,-1,6
1,<environment.Job instance at 0x7fe7c06d8af0>,6,25,[ 1 14],7,-1,32,-1,7
1,<environment.Job instance at 0x7fe7c06d83c0>,7,24,[8 2],8,-1,32,-1,8
1,<environment.Job instance at 0x7fe7c06d8eb0>,8,26,[14  4],9,-1,35,-1,9
1,<environment.Job instance at 0x7fe7c06d8dc0>,10,23,[ 1 11],11,-1,34,-1,11
1,<environment.Job instance at 0x7fe7c06d8050>,12,23,[8 1],13,-1,37,-1,14
1,<environment.Job instance at 0x7fe7c06d81e0>,14,24,[4 7],15,-1,39,-1,15
1,<environment.Job instance at 0x7fe7c06d80f0>,15,22,[ 4 14],16,-1,38,-1,16
1,<environment.Job instance at 0x7fe7c06d8280>,16,21,[13  5],17,-1,38,-1,17
1,<environment.Job instance at 0x7fe7c024d550>,18,22,[4 7],19,-1,41,-1,19
1,<environment.Job instance at 0x7fe7c06d8a50>,22,27,[4 8],23,-1,61,-1,34
1,<environment.Job instance at 0x7fe7c024d640>,23,17,[ 2 12],24,-1,51,-1,34
1,<environment.Job instance at 0x7fe7c0175050>,24,22,[2 8],25,-1,60,-1,38
1,<environment.Job instance at 0x7fe7c0175690>,26,20,[1 7],27,-1,59,-1,39
1,<environment.Job instance at 0x7fe7c0175d20>,30,27,[10  3],31,-1,93,-1,66
1,<environment.Job instance at 0x7fe7c0175cd0>,31,28,[1 7],32,-1,94,-1,66
1,<environment.Job instance at 0x7fe7c01755f0>,33,14,[ 1 13],34,-1,86,-1,72
1,<environment.Job instance at 0x7fe7c0175c30>,34,23,[3 9],35,-1,95,-1,72
1,<environment.Job instance at 0x7fe7c0175780>,35,13,[13  5],36,-1,85,-1,72
1,<environment.Job instance at 0x7fe7c01756e0>,36,21,[12  1],37,-1,93,-1,72
1,<environment.Job instance at 0x7fe7c0a93280>,38,24,[ 2 12],39,-1,97,-1,73
1,<environment.Job instance at 0x7fe7c0a93fa0>,39,23,[3 9],40,-1,96,-1,73
1,<environment.Job instance at 0x7fe7c0a93d70>,40,17,[ 5 14],41,-1,90,-1,73
1,<environment.Job instance at 0x7fe7c0a93b40>,41,21,[2 5],42,-1,94,-1,73
1,<environment.Job instance at 0x7fe7c13792d0>,42,23,[ 5 13],43,-1,96,-1,73
1,<environment.Job instance at 0x7fe7c1379280>,43,15,[ 3 13],44,-1,88,-1,73
1,<environment.Job instance at 0x7fe7c13799b0>,44,13,[1 7],45,-1,88,-1,75
1,<environment.Job instance at 0x7fe7c1379a00>,45,26,[5 8],46,-1,101,-1,75
1,<environment.Job instance at 0x7fe7c1379c80>,46,26,[ 4 13],47,-1,101,-1,75
1,<environment.Job instance at 0x7fe7c1379730>,47,26,[5 1],48,-1,101,-1,75
1,<environment.Job instance at 0x7fe7c0683aa0>,1,14,[13  4],2,-1,16,-1,2
1,<environment.Job instance at 0x7fe7bfcb95f0>,5,24,[11  5],6,-1,30,-1,6
1,<environment.Job instance at 0x7fe7bfcb9dc0>,6,27,[8 3],7,-1,34,-1,7
1,<environment.Job instance at 0x7fe7bfcb9eb0>,7,28,[13  3],8,-1,36,-1,8
1,<environment.Job instance at 0x7fe7bfcb9cd0>,8,26,[ 4 11],9,-1,35,-1,9
1,<environment.Job instance at 0x7fe7bfcb90a0>,9,19,[12  4],10,-1,29,-1,10
1,<environment.Job instance at 0x7fe7bfcb93c0>,10,12,[ 5 13],11,-1,23,-1,11
1,<environment.Job instance at 0x7fe7bfc96f50>,14,22,[11  1],15,-1,37,-1,15
1,<environment.Job instance at 0x7fe7bfc960a0>,15,24,[9 2],16,-1,40,-1,16
1,<environment.Job instance at 0x7fe7bfc96960>,16,16,[ 1 13],17,-1,33,-1,17
1,<environment.Job instance at 0x7fe7bfc96c30>,17,18,[ 3 13],18,-1,36,-1,18
1,<environment.Job instance at 0x7fe7bfc96c80>,18,28,[13  1],19,-1,47,-1,19
1,<environment.Job instance at 0x7fe7bfc96d70>,19,27,[ 2 14],20,-1,47,-1,20
1,<environment.Job instance at 0x7fe7bfc963c0>,20,27,[ 3 13],21,-1,48,-1,21
1,<environment.Job instance at 0x7fe7bfc96e10>,21,15,[13  2],22,-1,37,-1,22
1,<environment.Job instance at 0x7fe7bfc96500>,23,19,[ 5 12],24,-1,43,-1,24
1,<environment.Job instance at 0x7fe7bfc964b0>,24,28,[8 4],25,-1,53,-1,25
1,<environment.Job instance at 0x7fe7bfc96820>,25,12,[11  3],26,-1,38,-1,26
1,<environment.Job instance at 0x7fe7bfc961e0>,26,27,[13  3],27,-1,54,-1,27
1,<environment.Job instance at 0x7fe7bfc96b90>,27,23,[4 7],28,-1,51,-1,28
1,<environment.Job instance at 0x7fe7bfc960f0>,29,16,[ 3 11],30,-1,46,-1,30
1,<environment.Job instance at 0x7fe7bfc96d20>,30,15,[ 3 13],31,-1,46,-1,31
1,<environment.Job instance at 0x7fe7bfc966e0>,31,12,[ 1 11],32,-1,44,-1,32
1,<environment.Job instance at 0x7fe7bfcabe10>,32,23,[ 5 11],33,-1,56,-1,33
1,<environment.Job instance at 0x7fe7bfcab550>,35,26,[1 5],36,-1,62,-1,36
1,<environment.Job instance at 0x7fe7bfcab0f0>,36,16,[12  3],37,-1,53,-1,37
1,<environment.Job instance at 0x7fe7bfcabeb0>,38,12,[ 5 12],39,-1,51,-1,39
1,<environment.Job instance at 0x7fe7bfcabc30>,39,16,[ 1 14],40,-1,56,-1,40
1,<environment.Job instance at 0x7fe7bfcab5a0>,41,21,[12  5],42,-1,73,-1,52
1,<environment.Job instance at 0x7fe7bfcab5f0>,43,14,[ 5 13],44,-1,68,-1,54
1,<environment.Job instance at 0x7fe7bfcab280>,44,21,[ 4 12],45,-1,75,-1,54
1,<environment.Job instance at 0x7fe7bfcabb90>,45,22,[13  4],46,-1,76,-1,54
1,<environment.Job instance at 0x7fe7bfcab6e0>,46,13,[11  4],47,-1,67,-1,54
1,<environment.Job instance at 0x7fe7bfcab780>,47,22,[12  3],48,-1,76,-1,54
1,<environment.Job instance at 0x7fe7bfc8dc30>,48,25,[14  2],49,-1,79,-1,54
1,<environment.Job instance at 0x7fe7bfc8deb0>,49,22,[ 1 11],50,-1,76,-1,54
1,<environment.Job instance at 0x7fe7bfc8d410>,53,27,[12  1],54,-1,91,-1,64
1,<environment.Job instance at 0x7fe7bfc8d050>,54,26,[14  5],55,-1,90,-1,64
1,<environment.Job instance at 0x7fe7bfc8db90>,55,12,[ 4 12],56,-1,76,-1,64
1,<environment.Job instance at 0x7fe7bfc8d8c0>,56,24,[ 4 10],57,-1,88,-1,64
1,<environment.Job instance at 0x7fe7bfc8dc80>,57,18,[13  3],58,-1,82,-1,64
1,<environment.Job instance at 0x7fe7bfc9eb90>,60,23,[6 2],61,-1,108,-1,85
1,<environment.Job instance at 0x7fe7bfc9e690>,61,18,[7 2],62,-1,103,-1,85
1,<environment.Job instance at 0x7fe7bfc9ef50>,62,16,[ 1 11],63,-1,101,-1,85
1,<environment.Job instance at 0x7fe7bfc9e4b0>,63,12,[ 4 14],64,-1,97,-1,85
1,<environment.Job instance at 0x7fe7bfc9e3c0>,64,12,[11  4],65,-1,97,-1,85
1,<environment.Job instance at 0x7fe7bfc9e140>,65,25,[9 2],66,-1,110,-1,85
1,<environment.Job instance at 0x7fe7bfc9e5f0>,66,23,[12  5],67,-1,108,-1,85
1,<environment.Job instance at 0x7fe7bfc9e2d0>,67,24,[ 5 14],68,-1,109,-1,85
1,<environment.Job instance at 0x7fe7bfe77c30>,68,18,[1 8],69,-1,103,-1,85
1,<environment.Job instance at 0x7fe7bfe77e60>,69,13,[ 3 13],70,-1,98,-1,85
1,<environment.Job instance at 0x7fe7bfe77f50>,70,13,[12  3],71,-1,98,-1,85
1,<environment.Job instance at 0x7fe7bfe776e0>,71,12,[ 5 11],72,-1,97,-1,85
1,<environment.Job instance at 0x7fe7bfe77690>,72,12,[10  3],73,-1,97,-1,85
1,<environment.Job instance at 0x7fe7bfe77be0>,74,13,[ 3 14],75,-1,108,-1,95
1,<environment.Job instance at 0x7fe7bfe77a00>,75,23,[4 8],76,-1,118,-1,95
1,<environment.Job instance at 0x7fe7bfe77870>,78,14,[ 4 10],79,-1,126,-1,112
1,<environment.Job instance at 0x7fe7bfe77910>,79,12,[ 1 14],80,-1,124,-1,112
1,<environment.Job instance at 0x7fe7bfe77230>,80,27,[11  1],81,-1,139,-1,112
1,<environment.Job instance at 0x7fe7bfe77190>,82,25,[11  1],83,-1,148,-1,123
1,<environment.Job instance at 0x7fe7bfe77f00>,86,21,[ 3 14],87,-1,160,-1,139
1,<environment.Job instance at 0x7fe7bfe770a0>,87,16,[ 1 11],88,-1,155,-1,139
1,<environment.Job instance at 0x7fe7bfe77370>,88,25,[ 2 13],89,-1,164,-1,139
1,<environment.Job instance at 0x7fe7bfe77d70>,89,22,[ 4 14],90,-1,161,-1,139
1,<environment.Job instance at 0x7fe7c0c3fa00>,91,13,[12  2],92,-1,171,-1,158
1,<environment.Job instance at 0x7fe7c0c3fd70>,93,17,[ 1 11],94,-1,176,-1,159
1,<environment.Job instance at 0x7fe7c0c3f550>,96,15,[14  2],97,-1,190,-1,175
1,<environment.Job instance at 0x7fe7c0c3f780>,97,13,[12  3],98,-1,188,-1,175
1,<environment.Job instance at 0x7fe7c0c3fa50>,98,17,[ 3 14],99,-1,192,-1,175
1,<environment.Job instance at 0x7fe7c0c3ffa0>,99,24,[14  5],100,-1,199,-1,175
1,<environment.Job instance at 0x7fe7c0c3ff50>,100,28,[11  2],101,-1,203,-1,175
1,<environment.Job instance at 0x7fe7c0c3f320>,101,15,[14  4],102,-1,190,-1,175
1,<environment.Job instance at 0x7fe7c0c3f5a0>,102,13,[ 5 13],103,-1,188,-1,175
1,<environment.Job instance at 0x7fe7c0c3fbe0>,103,12,[ 3 12],104,-1,187,-1,175
1,<environment.Job instance at 0x7fe7c0c3f410>,104,20,[11  1],105,-1,195,-1,175
1,<environment.Job instance at 0x7fe7c0c3f2d0>,105,17,[ 2 14],106,-1,192,-1,175
1,<environment.Job instance at 0x7fe7c0c3f280>,106,13,[ 1 12],107,-1,188,-1,175
1,<environment.Job instance at 0x7fe7c0c3f190>,107,18,[14  3],108,-1,193,-1,175
1,<environment.Job instance at 0x7fe7c0c3fc80>,108,28,[5 3],109,-1,203,-1,175
1,<environment.Job instance at 0x7fe7c0c3f3c0>,109,23,[12  1],110,-1,198,-1,175
1,<environment.Job instance at 0x7fe7c0c3fb90>,110,21,[13  1],111,-1,196,-1,175
1,<environment.Job instance at 0x7fe7c0c3f6e0>,111,23,[12  2],112,-1,198,-1,175
1,<environment.Job instance at 0x7fe7c0c3f050>,112,24,[11  2],113,-1,199,-1,175
1,<environment.Job instance at 0x7fe7c0c3f730>,2,28,[ 4 12],3,-1,31,-1,3
1,<environment.Job instance at 0x7fe7bfcc7aa0>,4,13,[ 2 12],5,-1,18,-1,5
1,<environment.Job instance at 0x7fe7c0e727d0>,6,22,[ 1 11],7,-1,29,-1,7
1,<environment.Job instance at 0x7fe7c0e72820>,8,26,[5 3],9,-1,35,-1,9
1,<environment.Job instance at 0x7fe7c122b960>,13,24,[ 4 14],14,-1,38,-1,14
1,<environment.Job instance at 0x7fe7c122b410>,14,21,[14  4],15,-1,36,-1,15
1,<environment.Job instance at 0x7fe7c122be10>,15,23,[2 6],16,-1,41,-1,18
1,<environment.Job instance at 0x7fe7c122b230>,16,21,[14  2],17,-1,39,-1,18
1,<environment.Job instance at 0x7fe7c122baa0>,17,15,[ 3 13],18,-1,33,-1,18
1,<environment.Job instance at 0x7fe7c122be60>,18,24,[ 5 11],19,-1,43,-1,19
1,<environment.Job instance at 0x7fe7c122b820>,19,13,[ 2 13],20,-1,33,-1,20
1,<environment.Job instance at 0x7fe7c122b0f0>,21,26,[4 9],22,-1,48,-1,22
1,<environment.Job instance at 0x7fe7c122b5a0>,24,15,[ 1 13],25,-1,47,-1,32
1,<environment.Job instance at 0x7fe7c122bd20>,25,23,[3 8],26,-1,55,-1,32
1,<environment.Job instance at 0x7fe7c122bd70>,26,12,[ 2 12],27,-1,44,-1,32
1,<environment.Job instance at 0x7fe7c122bc80>,27,21,[ 3 11],28,-1,53,-1,32
1,<environment.Job instance at 0x7fe7c122bdc0>,28,24,[11  3],29,-1,56,-1,32
1,<environment.Job instance at 0x7fe7c02c73c0>,31,19,[12  4],32,-1,67,-1,48
1,<environment.Job instance at 0x7fe7c02c7960>,32,23,[ 3 14],33,-1,71,-1,48
1,<environment.Job instance at 0x7fe7c02c7640>,33,22,[ 1 13],34,-1,70,-1,48
1,<environment.Job instance at 0x7fe7c02c76e0>,35,15,[12  4],36,-1,63,-1,48
1,<environment.Job instance at 0x7fe7c02c7c30>,37,16,[12  1],38,-1,80,-1,64
1,<environment.Job instance at 0x7fe7c02c7b90>,38,28,[13  2],39,-1,92,-1,64
1,<environment.Job instance at 0x7fe7c05482d0>,40,19,[ 5 12],41,-1,83,-1,64
1,<environment.Job instance at 0x7fe7c0548c80>,41,27,[2 8],42,-1,91,-1,64
1,<environment.Job instance at 0x7fe7c0548960>,42,24,[ 3 13],43,-1,88,-1,64
1,<environment.Job instance at 0x7fe7c0548eb0>,44,27,[11  4],45,-1,92,-1,65
1,<environment.Job instance at 0x7fe7c05483c0>,48,26,[7 3],49,-1,115,-1,89
1,<environment.Job instance at 0x7fe7c05489b0>,50,27,[4 6],51,-1,128,-1,101
1,<environment.Job instance at 0x7fe7c0548280>,51,24,[4 5],52,-1,125,-1,101
1,<environment.Job instance at 0x7fe7c0548190>,52,15,[ 1 12],53,-1,116,-1,101
1,<environment.Job instance at 0x7fe7c0548780>,53,27,[ 3 12],54,-1,128,-1,101
1,<environment.Job instance at 0x7fe7c0548410>,54,24,[8 1],55,-1,125,-1,101
1,<environment.Job instance at 0x7fe7c0548320>,55,23,[12  1],56,-1,124,-1,101
1,<environment.Job instance at 0x7fe7c0548e60>,56,26,[4 5],57,-1,127,-1,101
1,<environment.Job instance at 0x7fe7c0548d20>,57,28,[8 2],58,-1,129,-1,101
1,<environment.Job instance at 0x7fe7c05486e0>,58,21,[11  3],59,-1,122,-1,101
1,<environment.Job instance at 0x7fe7c0548820>,59,19,[14  3],60,-1,120,-1,101
1,<environment.Job instance at 0x7fe7bff46140>,60,14,[ 2 11],61,-1,115,-1,101
1,<environment.Job instance at 0x7fe7bff466e0>,61,26,[1 5],62,-1,127,-1,101
1,<environment.Job instance at 0x7fe7bff46fa0>,62,23,[ 2 12],63,-1,124,-1,101
1,<environment.Job instance at 0x7fe7bff46c80>,63,25,[ 2 10],64,-1,126,-1,101
1,<environment.Job instance at 0x7fe7bff46320>,64,25,[ 5 11],65,-1,126,-1,101
1,<environment.Job instance at 0x7fe7bff46e10>,65,28,[12  4],66,-1,129,-1,101
1,<environment.Job instance at 0x7fe7bff46550>,66,18,[ 2 11],67,-1,119,-1,101
1,<environment.Job instance at 0x7fe7bff46500>,67,13,[ 2 11],68,-1,114,-1,101
1,<environment.Job instance at 0x7fe7bff463c0>,70,25,[ 1 13],71,-1,146,-1,121
1,<environment.Job instance at 0x7fe7c014f230>,71,27,[1 9],72,-1,148,-1,121
1,<environment.Job instance at 0x7fe7c014f820>,74,15,[ 3 11],75,-1,153,-1,138
1,<environment.Job instance at 0x7fe7c014f6e0>,75,14,[ 2 12],76,-1,152,-1,138
1,<environment.Job instance at 0x7fe7c014f460>,76,20,[ 3 14],77,-1,158,-1,138
1,<environment.Job instance at 0x7fe7c01f8280>,77,18,[ 1 11],78,-1,156,-1,138
1,<environment.Job instance at 0x7fe7c01f85f0>,78,20,[ 2 11],79,-1,158,-1,138
1,<environment.Job instance at 0x7fe7c01f89b0>,79,16,[14  5],80,-1,154,-1,138
1,<environment.Job instance at 0x7fe7bfb65e60>,3,24,[13  5],4,-1,28,-1,4
1,<environment.Job instance at 0x7fe7c0daf2d0>,4,22,[ 3 13],5,-1,27,-1,5
1,<environment.Job instance at 0x7fe7c0dafcd0>,8,27,[5 2],9,-1,46,-1,19
1,<environment.Job instance at 0x7fe7c0daf780>,10,12,[ 1 14],11,-1,31,-1,19
1,<environment.Job instance at 0x7fe7c0dafd20>,11,13,[ 1 11],12,-1,32,-1,19
1,<environment.Job instance at 0x7fe7c0dafc80>,12,27,[12  3],13,-1,46,-1,19
1,<environment.Job instance at 0x7fe7c0daf910>,13,27,[ 3 10],14,-1,46,-1,19
1,<environment.Job instance at 0x7fe7bfc1d5f0>,15,25,[10  3],16,-1,44,-1,19
1,<environment.Job instance at 0x7fe7bfc1d1e0>,18,21,[ 3 13],19,-1,59,-1,38
1,<environment.Job instance at 0x7fe7bfc1d8c0>,19,12,[10  2],20,-1,51,-1,39
1,<environment.Job instance at 0x7fe7bfc1d640>,20,15,[14  2],21,-1,54,-1,39
1,<environment.Job instance at 0x7fe7bfc1dbe0>,21,18,[ 1 10],22,-1,57,-1,39
1,<environment.Job instance at 0x7fe7bfc1dcd0>,22,16,[12  1],23,-1,55,-1,39
1,<environment.Job instance at 0x7fe7bfc1dd70>,23,26,[7 1],24,-1,65,-1,39
1,<environment.Job instance at 0x7fe7bfc1de10>,24,24,[13  5],25,-1,63,-1,39
1,<environment.Job instance at 0x7fe7bfc1dfa0>,26,18,[13  3],27,-1,72,-1,54
1,<environment.Job instance at 0x7fe7bfc1db40>,27,18,[ 3 13],28,-1,72,-1,54
1,<environment.Job instance at 0x7fe7c10ba190>,29,28,[2 8],30,-1,96,-1,68
1,<environment.Job instance at 0x7fe7c10ba230>,30,17,[ 2 10],31,-1,85,-1,68
1,<environment.Job instance at 0x7fe7c10ba410>,33,13,[ 1 14],34,-1,87,-1,74
1,<environment.Job instance at 0x7fe7c10ba4b0>,34,17,[13  1],35,-1,91,-1,74
1,<environment.Job instance at 0x7fe7c10ba550>,35,14,[11  5],36,-1,88,-1,74
1,<environment.Job instance at 0x7fe7c10ba5f0>,36,28,[11  5],37,-1,102,-1,74
1,<environment.Job instance at 0x7fe7c10ba690>,37,12,[11  2],38,-1,86,-1,74
1,<environment.Job instance at 0x7fe7c10ba780>,38,22,[ 2 10],39,-1,96,-1,74
1,<environment.Job instance at 0x7fe7c10ba7d0>,39,26,[11  3],40,-1,100,-1,74
1,<environment.Job instance at 0x7fe7c10ba8c0>,40,28,[ 2 12],41,-1,102,-1,74
1,<environment.Job instance at 0x7fe7c10bacd0>,47,18,[13  1],48,-1,162,-1,144
1,<environment.Job instance at 0x7fe7c10bae10>,49,27,[1 6],50,-1,175,-1,148
1,<environment.Job instance at 0x7fe7c10baeb0>,50,25,[2 8],51,-1,173,-1,148
1,<environment.Job instance at 0x7fe7c10baf50>,51,20,[ 4 10],52,-1,168,-1,148
1,<environment.Job instance at 0x7fe7c10bafa0>,52,15,[ 3 14],53,-1,163,-1,148
1,<environment.Job instance at 0x7fe7c10ed050>,53,16,[12  1],54,-1,164,-1,148
1,<environment.Job instance at 0x7fe7c10ed320>,54,13,[ 5 13],55,-1,161,-1,148
1,<environment.Job instance at 0x7fe7c10ed3c0>,55,17,[ 5 12],56,-1,165,-1,148
1,<environment.Job instance at 0x7fe7c10ed5f0>,59,25,[ 1 11],60,-1,188,-1,163
1,<environment.Job instance at 0x7fe7c10ed690>,60,24,[3 8],61,-1,187,-1,163
1,<environment.Job instance at 0x7fe7c10ed870>,63,28,[1 7],64,-1,206,-1,178
1,<environment.Job instance at 0x7fe7bfd1f730>,5,28,[ 3 14],6,-1,34,-1,6
1,<environment.Job instance at 0x7fe7bfd1f870>,6,21,[ 1 14],7,-1,28,-1,7
1,<environment.Job instance at 0x7fe7bfd1f6e0>,7,19,[ 2 13],8,-1,27,-1,8
1,<environment.Job instance at 0x7fe7c0dbe910>,11,21,[ 2 11],12,-1,33,-1,12
1,<environment.Job instance at 0x7fe7c0dbeb90>,12,22,[10  3],13,-1,43,-1,21
1,<environment.Job instance at 0x7fe7c0dbeeb0>,15,25,[9 4],16,-1,46,-1,21
1,<environment.Job instance at 0x7fe7c0dbe730>,16,12,[ 2 11],17,-1,33,-1,21
1,<environment.Job instance at 0x7fe7c0dbe460>,17,13,[2 8],18,-1,36,-1,23
1,<environment.Job instance at 0x7fe7c0dbefa0>,18,26,[6 3],19,-1,49,-1,23
1,<environment.Job instance at 0x7fe7c0dbe690>,20,17,[12  5],21,-1,41,-1,24
1,<environment.Job instance at 0x7fe7c0dbe780>,21,27,[ 5 13],22,-1,51,-1,24
1,<environment.Job instance at 0x7fe7c07b8780>,22,25,[ 2 11],23,-1,49,-1,24
1,<environment.Job instance at 0x7fe7c07b86e0>,24,28,[11  5],25,-1,69,-1,41
1,<environment.Job instance at 0x7fe7c07b80a0>,25,15,[6 1],26,-1,56,-1,41
1,<environment.Job instance at 0x7fe7c01f85a0>,26,22,[ 2 13],27,-1,63,-1,41
1,<environment.Job instance at 0x7fe7c01f8d20>,27,25,[ 1 13],28,-1,66,-1,41
1,<environment.Job instance at 0x7fe7c01f8b90>,28,18,[13  1],29,-1,59,-1,41
1,<environment.Job instance at 0x7fe7c0327a50>,29,17,[ 4 11],30,-1,58,-1,41
1,<environment.Job instance at 0x7fe7c01f8640>,30,26,[8 2],31,-1,67,-1,41
1,<environment.Job instance at 0x7fe7c01f8320>,31,25,[ 5 10],32,-1,66,-1,41
1,<environment.Job instance at 0x7fe7bfdc9280>,33,22,[11  3],34,-1,64,-1,42
1,<environment.Job instance at 0x7fe7bfdc9230>,34,14,[ 5 11],35,-1,56,-1,42
1,<environment.Job instance at 0x7fe7bfdc91e0>,36,18,[ 1 11],37,-1,76,-1,58
1,<environment.Job instance at 0x7fe7bfe32500>,37,27,[11  3],38,-1,85,-1,58
1,<environment.Job instance at 0x7fe7bfe32410>,38,14,[12  4],39,-1,72,-1,58
1,<environment.Job instance at 0x7fe7bfdc9410>,39,19,[ 3 12],40,-1,77,-1,58
1,<environment.Job instance at 0x7fe7bfea6320>,41,27,[5 4],42,-1,85,-1,58
1,<environment.Job instance at 0x7fe7c016c500>,42,22,[1 8],43,-1,81,-1,59
1,<environment.Job instance at 0x7fe7bfea6af0>,43,24,[7 5],44,-1,83,-1,59
1,<environment.Job instance at 0x7fe7c016ca00>,44,13,[ 2 13],45,-1,72,-1,59
1,<environment.Job instance at 0x7fe7c016c870>,45,17,[ 1 13],46,-1,76,-1,59
1,<environment.Job instance at 0x7fe7c016c190>,46,20,[12  1],47,-1,79,-1,59
1,<environment.Job instance at 0x7fe7c030feb0>,48,24,[ 3 14],49,-1,84,-1,60
1,<environment.Job instance at 0x7fe7c030f6e0>,49,25,[10  2],50,-1,85,-1,60
1,<environment.Job instance at 0x7fe7c030f500>,50,19,[3 5],51,-1,80,-1,61
1,<environment.Job instance at 0x7fe7c0204cd0>,51,19,[ 5 11],52,-1,80,-1,61
1,<environment.Job instance at 0x7fe7c9aef960>,52,17,[4 5],53,-1,82,-1,65
1,<environment.Job instance at 0x7fe7c9aefeb0>,53,12,[ 5 14],54,-1,77,-1,65
1,<environment.Job instance at 0x7fe7bfe27e60>,54,24,[9 4],55,-1,89,-1,65
1,<environment.Job instance at 0x7fe7bfe279b0>,55,15,[13  4],56,-1,80,-1,65
1,<environment.Job instance at 0x7fe7c0204b40>,56,14,[2 6],57,-1,79,-1,65
1,<environment.Job instance at 0x7fe7c09c6960>,57,28,[14  4],58,-1,93,-1,65
1,<environment.Job instance at 0x7fe7c09c6730>,58,18,[13  4],59,-1,83,-1,65
1,<environment.Job instance at 0x7fe7c09c68c0>,59,22,[14  1],60,-1,87,-1,65
1,<environment.Job instance at 0x7fe7c09c6280>,60,17,[ 3 11],61,-1,82,-1,65
1,<environment.Job instance at 0x7fe7c09c64b0>,61,26,[13  3],62,-1,91,-1,65
1,<environment.Job instance at 0x7fe7c09c6eb0>,62,28,[7 2],63,-1,93,-1,65
1,<environment.Job instance at 0x7fe7c03160a0>,63,22,[8 3],64,-1,87,-1,65
1,<environment.Job instance at 0x7fe7c0316e10>,65,12,[ 3 11],66,-1,81,-1,69
1,<environment.Job instance at 0x7fe7c03163c0>,66,13,[1 5],67,-1,82,-1,69
1,<environment.Job instance at 0x7fe7c0316640>,67,21,[12  5],68,-1,90,-1,69
1,<environment.Job instance at 0x7fe7c03169b0>,68,25,[6 2],69,-1,94,-1,69
1,<environment.Job instance at 0x7fe7c0316500>,69,28,[8 1],70,-1,98,-1,70
1,<environment.Job instance at 0x7fe7c0d38f50>,70,25,[3 8],71,-1,96,-1,71
1,<environment.Job instance at 0x7fe7c0d38320>,71,21,[14  1],72,-1,93,-1,72
1,<environment.Job instance at 0x7fe7c0d38aa0>,72,26,[ 3 13],73,-1,99,-1,73
1,<environment.Job instance at 0x7fe7c0d38730>,73,14,[ 5 12],74,-1,88,-1,74
1,<environment.Job instance at 0x7fe7c0d385f0>,74,18,[ 4 11],75,-1,93,-1,75
1,<environment.Job instance at 0x7fe7c0d38b90>,75,16,[9 1],76,-1,96,-1,80
1,<environment.Job instance at 0x7fe7c0316a50>,76,28,[12  3],77,-1,108,-1,80
1,<environment.Job instance at 0x7fe7c0d38eb0>,78,20,[14  5],79,-1,102,-1,82
1,<environment.Job instance at 0x7fe7c0d38960>,80,28,[ 5 11],81,-1,113,-1,85
1,<environment.Job instance at 0x7fe7c0d38280>,81,21,[11  5],82,-1,106,-1,85
1,<environment.Job instance at 0x7fe7c0d38af0>,82,13,[12  4],83,-1,98,-1,85
1,<environment.Job instance at 0x7fe7c0d38fa0>,83,25,[14  4],84,-1,110,-1,85
1,<environment.Job instance at 0x7fe7bfe40460>,85,22,[5 5],86,-1,112,-1,90
1,<environment.Job instance at 0x7fe7bfe40780>,86,28,[9 4],87,-1,118,-1,90
1,<environment.Job instance at 0x7fe7bfe40eb0>,87,14,[1 9],88,-1,110,-1,96
1,<environment.Job instance at 0x7fe7bfe40dc0>,88,22,[ 2 10],89,-1,118,-1,96
1,<environment.Job instance at 0x7fe7bfe40aa0>,89,13,[5 1],90,-1,109,-1,96
1,<environment.Job instance at 0x7fe7bfe40cd0>,91,25,[10  3],92,-1,121,-1,96
1,<environment.Job instance at 0x7fe7c0901500>,92,23,[3 9],93,-1,119,-1,96
1,<environment.Job instance at 0x7fe7c0901640>,93,19,[8 1],94,-1,115,-1,96
1,<environment.Job instance at 0x7fe7c0901b90>,94,19,[ 2 12],95,-1,115,-1,96
1,<environment.Job instance at 0x7fe7c0901e10>,95,13,[3 7],96,-1,121,-1,108
1,<environment.Job instance at 0x7fe7c0901780>,96,12,[3 6],97,-1,120,-1,108
1,<environment.Job instance at 0x7fe7bfc74eb0>,97,17,[ 1 11],98,-1,125,-1,108
1,<environment.Job instance at 0x7fe7bfc740f0>,98,27,[7 5],99,-1,135,-1,108
1,<environment.Job instance at 0x7fe7bfc74b90>,99,17,[10  1],100,-1,125,-1,108
1,<environment.Job instance at 0x7fe7bfc74d20>,100,20,[1 9],101,-1,128,-1,108
1,<environment.Job instance at 0x7fe7bfc74d70>,102,22,[6 1],103,-1,130,-1,108
1,<environment.Job instance at 0x7fe7bfc74f00>,103,21,[10  3],104,-1,130,-1,109
1,<environment.Job instance at 0x7fe7bfc74780>,105,12,[1 6],106,-1,125,-1,113
1,<environment.Job instance at 0x7fe7bfc744b0>,107,26,[5 7],108,-1,140,-1,114
1,<environment.Job instance at 0x7fe7bfe4dfa0>,2,12,[11  5],3,-1,15,-1,3
1,<environment.Job instance at 0x7fe7c1163190>,1,22,[12  5],2,-1,25,-1,3
1,<environment.Job instance at 0x7fe7c0ca05f0>,5,18,[ 3 14],6,-1,24,-1,6
1,<environment.Job instance at 0x7fe7c06d81e0>,6,16,[12  1],7,-1,23,-1,7
1,<environment.Job instance at 0x7fe7c13790a0>,10,17,[ 2 12],11,-1,28,-1,11
1,<environment.Job instance at 0x7fe7c1379410>,14,18,[14  5],15,-1,51,-1,33
1,<environment.Job instance at 0x7fe7c1379c30>,16,24,[ 2 11],17,-1,57,-1,33
1,<environment.Job instance at 0x7fe7c13796e0>,17,25,[9 4],18,-1,58,-1,33
1,<environment.Job instance at 0x7fe7c1379870>,18,17,[14  2],19,-1,50,-1,33
1,<environment.Job instance at 0x7fe7c1379690>,19,16,[12  5],20,-1,49,-1,33
1,<environment.Job instance at 0x7fe7c1379190>,21,23,[12  4],22,-1,56,-1,33
1,<environment.Job instance at 0x7fe7c1379280>,22,18,[14  2],23,-1,51,-1,33
1,<environment.Job instance at 0x7fe7c1379a00>,23,19,[11  5],24,-1,54,-1,35
1,<environment.Job instance at 0x7fe7c13790f0>,24,17,[12  1],25,-1,52,-1,35
1,<environment.Job instance at 0x7fe7c1379050>,27,25,[ 5 11],28,-1,84,-1,59
1,<environment.Job instance at 0x7fe7c0de70f0>,28,13,[13  4],29,-1,72,-1,59
1,<environment.Job instance at 0x7fe7c0de7320>,30,24,[ 5 11],31,-1,85,-1,61
1,<environment.Job instance at 0x7fe7c0de7fa0>,31,16,[ 5 11],32,-1,77,-1,61
1,<environment.Job instance at 0x7fe7c0de7730>,34,28,[7 1],35,-1,103,-1,75
1,<environment.Job instance at 0x7fe7c0de7640>,36,27,[ 1 10],37,-1,110,-1,83
1,<environment.Job instance at 0x7fe7c0de7f00>,37,20,[ 4 12],38,-1,103,-1,83
1,<environment.Job instance at 0x7fe7c0de7190>,38,14,[12  2],39,-1,97,-1,83
1,<environment.Job instance at 0x7fe7c0de7690>,41,25,[3 5],42,-1,144,-1,119
1,<environment.Job instance at 0x7fe7c0de73c0>,42,13,[ 5 13],43,-1,132,-1,119
1,<environment.Job instance at 0x7fe7c0de7d70>,43,26,[3 8],44,-1,145,-1,119
1,<environment.Job instance at 0x7fe7c0de7a50>,45,13,[ 1 14],46,-1,132,-1,119
1,<environment.Job instance at 0x7fe7c0719d20>,47,23,[13  1],48,-1,145,-1,122
1,<environment.Job instance at 0x7fe7c0719c80>,48,15,[ 5 14],49,-1,137,-1,122
1,<environment.Job instance at 0x7fe7c0719dc0>,53,16,[13  1],54,-1,178,-1,162
1,<environment.Job instance at 0x7fe7c0719500>,54,12,[ 3 11],55,-1,174,-1,162
1,<environment.Job instance at 0x7fe7c0719d70>,55,20,[ 2 12],56,-1,182,-1,162
1,<environment.Job instance at 0x7fe7c0719a50>,56,24,[1 8],57,-1,190,-1,166
1,<environment.Job instance at 0x7fe7c0719cd0>,2,13,[ 2 14],3,-1,16,-1,3
1,<environment.Job instance at 0x7fe7c0629410>,4,23,[11  5],5,-1,28,-1,5
1,<environment.Job instance at 0x7fe7c0f9f4b0>,7,25,[14  5],8,-1,33,-1,8
1,<environment.Job instance at 0x7fe7c0629a00>,12,18,[ 3 12],13,-1,64,-1,46
1,<environment.Job instance at 0x7fe7c0629be0>,13,18,[ 2 14],14,-1,64,-1,46
1,<environment.Job instance at 0x7fe7c0629910>,10,28,[13  5],11,-1,74,-1,46
1,<environment.Job instance at 0x7fe7c0629af0>,16,20,[ 2 13],17,-1,66,-1,46
1,<environment.Job instance at 0x7fe7c0629d70>,17,16,[13  5],18,-1,62,-1,46
1,<environment.Job instance at 0x7fe7c0629c80>,14,12,[8 1],15,-1,58,-1,46
1,<environment.Job instance at 0x7fe7c0629e10>,18,12,[6 5],19,-1,58,-1,46
1,<environment.Job instance at 0x7fe7c0629eb0>,19,19,[ 2 10],20,-1,65,-1,46
1,<environment.Job instance at 0x7fe7c063c050>,22,19,[ 5 13],23,-1,84,-1,65
1,<environment.Job instance at 0x7fe7c063c0f0>,23,19,[12  1],24,-1,84,-1,65
1,<environment.Job instance at 0x7fe7c063c230>,24,12,[13  2],25,-1,77,-1,65
1,<environment.Job instance at 0x7fe7c063c5f0>,31,23,[13  2],32,-1,135,-1,112
1,<environment.Job instance at 0x7fe7c063c8c0>,32,25,[9 5],33,-1,137,-1,112
1,<environment.Job instance at 0x7fe7c063c910>,33,24,[ 1 13],34,-1,136,-1,112
1,<environment.Job instance at 0x7fe7c063c870>,34,28,[5 8],35,-1,140,-1,112
1,<environment.Job instance at 0x7fe7c063caa0>,37,28,[ 3 13],38,-1,155,-1,127
1,<environment.Job instance at 0x7fe7c063cb40>,38,25,[14  3],39,-1,152,-1,127
1,<environment.Job instance at 0x7fe7c063cd70>,40,15,[ 3 14],41,-1,145,-1,130
1,<environment.Job instance at 0x7fe7c063cf50>,43,15,[ 5 14],44,-1,162,-1,147
1,<environment.Job instance at 0x7fe7c063cc30>,44,27,[8 4],45,-1,174,-1,147
1,<environment.Job instance at 0x7fe7c0621140>,46,14,[9 1],47,-1,170,-1,156
1,<environment.Job instance at 0x7fe7c06210a0>,47,13,[14  3],48,-1,169,-1,156
1,<environment.Job instance at 0x7fe7c06211e0>,48,15,[ 4 11],49,-1,171,-1,156
1,<environment.Job instance at 0x7fe7c0621410>,51,18,[ 2 14],52,-1,185,-1,167
1,<environment.Job instance at 0x7fe7c06214b0>,52,15,[1 9],53,-1,182,-1,167
1,<environment.Job instance at 0x7fe7c06216e0>,53,27,[4 6],54,-1,194,-1,167
1,<environment.Job instance at 0x7fe7c0621780>,54,24,[ 5 11],55,-1,191,-1,167
1,<environment.Job instance at 0x7fe7c0621820>,55,20,[5 1],56,-1,191,-1,171
1,<environment.Job instance at 0x7fe7c06218c0>,56,21,[11  2],57,-1,192,-1,171
1,<environment.Job instance at 0x7fe7c0621a00>,58,14,[10  3],59,-1,190,-1,176
1,<environment.Job instance at 0x7fe7c0621aa0>,59,14,[10  2],60,-1,190,-1,176
1,<environment.Job instance at 0x7fe7c0621b40>,60,22,[11  2],61,-1,198,-1,176
1,<environment.Job instance at 0x7fe7c0621be0>,61,19,[1 8],62,-1,195,-1,176
1,<environment.Job instance at 0x7fe7c0621c80>,62,12,[14  3],63,-1,188,-1,176
1,<environment.Job instance at 0x7fe7c0621d20>,63,17,[12  4],64,-1,193,-1,176
1,<environment.Job instance at 0x7fe7c0621b90>,2,14,[ 2 14],3,-1,17,-1,3
1,<environment.Job instance at 0x7fe7c00430a0>,3,28,[14  2],4,-1,32,-1,4
1,<environment.Job instance at 0x7fe7c0621d20>,5,19,[11  5],6,-1,25,-1,6
1,<environment.Job instance at 0x7fe7c00432d0>,7,14,[ 3 13],8,-1,22,-1,8
1,<environment.Job instance at 0x7fe7c0043780>,9,17,[ 3 14],10,-1,27,-1,10
1,<environment.Job instance at 0x7fe7c0baa5a0>,14,24,[11  5],15,-1,61,-1,37
1,<environment.Job instance at 0x7fe7c0baaaf0>,15,14,[10  1],16,-1,51,-1,37
1,<environment.Job instance at 0x7fe7c0baab40>,17,26,[8 2],18,-1,63,-1,37
1,<environment.Job instance at 0x7fe7c0baacd0>,18,24,[7 2],19,-1,61,-1,37
1,<environment.Job instance at 0x7fe7c0baa3c0>,19,19,[ 5 14],20,-1,56,-1,37
1,<environment.Job instance at 0x7fe7c0baa190>,20,24,[2 8],21,-1,61,-1,37
1,<environment.Job instance at 0x7fe7c0baa8c0>,21,25,[ 2 12],22,-1,62,-1,37
1,<environment.Job instance at 0x7fe7c0baa5f0>,22,14,[11  1],23,-1,51,-1,37
1,<environment.Job instance at 0x7fe7c0baa910>,23,16,[12  5],24,-1,53,-1,37
1,<environment.Job instance at 0x7fe7bfbbae60>,24,25,[ 4 11],25,-1,62,-1,37
1,<environment.Job instance at 0x7fe7bfbba0f0>,25,28,[2 5],26,-1,65,-1,37
1,<environment.Job instance at 0x7fe7c0d4d8c0>,27,16,[ 5 12],28,-1,70,-1,54
1,<environment.Job instance at 0x7fe7c00db550>,28,24,[ 3 12],29,-1,78,-1,54
1,<environment.Job instance at 0x7fe7c9a4ff00>,29,27,[1 8],30,-1,81,-1,54
1,<environment.Job instance at 0x7fe7c0c59280>,30,20,[11  4],31,-1,74,-1,54
1,<environment.Job instance at 0x7fe7c001c4b0>,31,28,[12  3],32,-1,82,-1,54
1,<environment.Job instance at 0x7fe7c02539b0>,33,13,[ 1 13],34,-1,67,-1,54
1,<environment.Job instance at 0x7fe7c001cd70>,34,14,[ 3 12],35,-1,68,-1,54
1,<environment.Job instance at 0x7fe7bff448c0>,35,27,[ 2 14],36,-1,81,-1,54
1,<environment.Job instance at 0x7fe7c1408fa0>,36,20,[ 2 13],37,-1,74,-1,54
1,<environment.Job instance at 0x7fe7bff44960>,37,25,[ 2 14],38,-1,79,-1,54
1,<environment.Job instance at 0x7fe7c01061e0>,38,27,[4 5],39,-1,81,-1,54
1,<environment.Job instance at 0x7fe7c00decd0>,41,21,[3 5],42,-1,77,-1,56
1,<environment.Job instance at 0x7fe7c00de870>,42,13,[2 9],43,-1,69,-1,56
1,<environment.Job instance at 0x7fe7c00de960>,43,22,[ 5 11],44,-1,78,-1,56
1,<environment.Job instance at 0x7fe7c02b25f0>,44,19,[4 8],45,-1,89,-1,70
1,<environment.Job instance at 0x7fe7c0a63460>,47,12,[11  5],48,-1,98,-1,86
1,<environment.Job instance at 0x7fe7c0a63d70>,48,27,[9 4],49,-1,113,-1,86
1,<environment.Job instance at 0x7fe7bfce7e60>,50,18,[ 1 11],51,-1,106,-1,88
1,<environment.Job instance at 0x7fe7bfce7820>,51,25,[6 2],52,-1,113,-1,88
1,<environment.Job instance at 0x7fe7bfce78c0>,52,16,[ 3 11],53,-1,104,-1,88
1,<environment.Job instance at 0x7fe7c087a0f0>,53,21,[ 3 13],54,-1,109,-1,88
1,<environment.Job instance at 0x7fe7c087aaa0>,54,28,[ 4 12],55,-1,116,-1,88
1,<environment.Job instance at 0x7fe7c087ad70>,55,28,[11  2],56,-1,116,-1,88
1,<environment.Job instance at 0x7fe7c087ab40>,57,16,[3 5],58,-1,119,-1,103
1,<environment.Job instance at 0x7fe7c0a72500>,59,20,[ 4 13],60,-1,126,-1,106
1,<environment.Job instance at 0x7fe7c087a780>,60,28,[ 2 12],61,-1,134,-1,106
1,<environment.Job instance at 0x7fe7c0b6e0f0>,62,13,[9 3],63,-1,131,-1,118
1,<environment.Job instance at 0x7fe7c0b6e960>,64,12,[3 5],65,-1,133,-1,121
1,<environment.Job instance at 0x7fe7c0b6e5a0>,65,15,[ 2 13],66,-1,136,-1,121
1,<environment.Job instance at 0x7fe7c0b6eaf0>,67,24,[13  1],68,-1,151,-1,127
1,<environment.Job instance at 0x7fe7c0b6e280>,68,13,[ 4 11],69,-1,140,-1,127
1,<environment.Job instance at 0x7fe7bfdd4b40>,69,13,[12  5],70,-1,140,-1,127
1,<environment.Job instance at 0x7fe7bfdd4730>,70,18,[12  5],71,-1,145,-1,127
1,<environment.Job instance at 0x7fe7bfdd4c80>,72,25,[11  2],73,-1,161,-1,136
1,<environment.Job instance at 0x7fe7c06d84b0>,73,20,[ 1 12],74,-1,156,-1,136
1,<environment.Job instance at 0x7fe7c06d8cd0>,74,13,[11  2],75,-1,149,-1,136
1,<environment.Job instance at 0x7fe7c06d86e0>,75,21,[12  2],76,-1,157,-1,136
1,<environment.Job instance at 0x7fe7c06d8be0>,76,22,[8 4],77,-1,158,-1,136
1,<environment.Job instance at 0x7fe7c06d8a00>,77,24,[ 5 13],78,-1,160,-1,136
1,<environment.Job instance at 0x7fe7c0f9f690>,78,23,[14  1],79,-1,159,-1,136
1,<environment.Job instance at 0x7fe7c0f9f960>,79,17,[ 3 11],80,-1,153,-1,136
1,<environment.Job instance at 0x7fe7c0f9fd20>,81,24,[8 4],82,-1,167,-1,143
1,<environment.Job instance at 0x7fe7c1402fa0>,83,27,[5 3],84,-1,187,-1,160
1,<environment.Job instance at 0x7fe7c1402a50>,85,27,[ 2 11],86,-1,187,-1,160
1,<environment.Job instance at 0x7fe7c1402190>,86,18,[6 1],87,-1,178,-1,160
1,<environment.Job instance at 0x7fe7c14025a0>,87,14,[ 4 11],88,-1,174,-1,160
1,<environment.Job instance at 0x7fe7c1402460>,88,16,[12  4],89,-1,176,-1,160
1,<environment.Job instance at 0x7fe7c14023c0>,89,18,[11  5],90,-1,178,-1,160
1,<environment.Job instance at 0x7fe7c1402730>,90,28,[ 4 11],91,-1,188,-1,160
1,<environment.Job instance at 0x7fe7c0a8b820>,91,17,[12  1],92,-1,177,-1,160
1,<environment.Job instance at 0x7fe7c0a8b1e0>,92,16,[ 5 13],93,-1,176,-1,160
1,<environment.Job instance at 0x7fe7c01fcaa0>,93,18,[6 1],94,-1,184,-1,166
1,<environment.Job instance at 0x7fe7c01fc5f0>,94,12,[8 5],95,-1,178,-1,166
1,<environment.Job instance at 0x7fe7c01fcdc0>,95,12,[6 1],96,-1,178,-1,166
1,<environment.Job instance at 0x7fe7c01fcf00>,96,25,[4 7],97,-1,191,-1,166
1,<environment.Job instance at 0x7fe7c01fc910>,97,28,[13  2],98,-1,194,-1,166
1,<environment.Job instance at 0x7fe7c01fca50>,98,25,[ 5 13],99,-1,191,-1,166
1,<environment.Job instance at 0x7fe7c01fc9b0>,99,28,[12  4],100,-1,194,-1,166
1,<environment.Job instance at 0x7fe7c01fcb40>,100,22,[ 4 12],101,-1,188,-1,166
1,<environment.Job instance at 0x7fe7bfc63a50>,101,23,[5 7],102,-1,189,-1,166
1,<environment.Job instance at 0x7fe7bfc63370>,102,20,[2 7],103,-1,186,-1,166
1,<environment.Job instance at 0x7fe7c01fccd0>,103,26,[ 1 13],104,-1,192,-1,166
1,<environment.Job instance at 0x7fe7c14e3c30>,105,20,[ 1 12],106,-1,188,-1,168
1,<environment.Job instance at 0x7fe7c0dc25a0>,106,23,[2 7],107,-1,191,-1,168
1,<environment.Job instance at 0x7fe7c12d15f0>,107,17,[2 5],108,-1,185,-1,168
1,<environment.Job instance at 0x7fe7c0dc2550>,108,19,[5 7],109,-1,187,-1,168
1,<environment.Job instance at 0x7fe7c0874fa0>,109,25,[6 2],110,-1,193,-1,168
1,<environment.Job instance at 0x7fe7c056af00>,110,27,[ 5 11],111,-1,195,-1,168
1,<environment.Job instance at 0x7fe7c0fdfc30>,111,22,[6 3],112,-1,190,-1,168
1,<environment.Job instance at 0x7fe7c0fdfb40>,112,16,[ 2 14],113,-1,184,-1,168
1,<environment.Job instance at 0x7fe7c11805f0>,113,13,[2 7],114,-1,181,-1,168
1,<environment.Job instance at 0x7fe7c11800a0>,114,13,[8 3],115,-1,181,-1,168
1,<environment.Job instance at 0x7fe7c1235eb0>,115,13,[14  4],116,-1,181,-1,168
1,<environment.Job instance at 0x7fe7c11801e0>,116,15,[4 5],117,-1,183,-1,168
1,<environment.Job instance at 0x7fe7c1180780>,117,13,[12  4],118,-1,181,-1,168
1,<environment.Job instance at 0x7fe7c081f5f0>,118,14,[5 3],119,-1,183,-1,169
1,<environment.Job instance at 0x7fe7c128f910>,119,18,[14  5],120,-1,187,-1,169
1,<environment.Job instance at 0x7fe7c128ff50>,120,26,[11  3],121,-1,195,-1,169
1,<environment.Job instance at 0x7fe7c08188c0>,121,23,[11  1],122,-1,192,-1,169
1,<environment.Job instance at 0x7fe7c0818c30>,122,26,[ 5 12],123,-1,195,-1,169
1,<environment.Job instance at 0x7fe7c0ac43c0>,123,17,[12  5],124,-1,186,-1,169
1,<environment.Job instance at 0x7fe7c0ac4190>,124,14,[11  1],125,-1,183,-1,169
1,<environment.Job instance at 0x7fe7c0ac4be0>,125,19,[ 1 10],126,-1,188,-1,169
1,<environment.Job instance at 0x7fe7c0ac4b40>,126,25,[ 3 14],127,-1,194,-1,169
1,<environment.Job instance at 0x7fe7c0ac4410>,127,26,[14  5],128,-1,195,-1,169
1,<environment.Job instance at 0x7fe7c0cf94b0>,5,19,[12  3],6,-1,34,-1,15
1,<environment.Job instance at 0x7fe7c0cf96e0>,8,24,[11  3],9,-1,39,-1,15
1,<environment.Job instance at 0x7fe7c0cf9780>,9,16,[ 2 11],10,-1,31,-1,15
1,<environment.Job instance at 0x7fe7c0cf9960>,16,27,[5 6],17,-1,75,-1,48
1,<environment.Job instance at 0x7fe7c0cf9e10>,18,24,[8 1],19,-1,72,-1,48
1,<environment.Job instance at 0x7fe7c0cf97d0>,20,25,[13  5],21,-1,84,-1,59
1,<environment.Job instance at 0x7fe7c0cf9910>,21,14,[ 4 11],22,-1,73,-1,59
1,<environment.Job instance at 0x7fe7c0cf9f50>,25,17,[ 5 13],26,-1,102,-1,85
1,<environment.Job instance at 0x7fe7c15578c0>,26,12,[ 5 12],27,-1,97,-1,85
1,<environment.Job instance at 0x7fe7c1557870>,28,26,[11  2],29,-1,119,-1,93
1,<environment.Job instance at 0x7fe7c1557640>,30,13,[ 3 13],31,-1,106,-1,93
1,<environment.Job instance at 0x7fe7c1557be0>,31,16,[13  3],32,-1,109,-1,93
1,<environment.Job instance at 0x7fe7c1557820>,32,20,[ 5 12],33,-1,113,-1,93
1,<environment.Job instance at 0x7fe7c1557280>,33,14,[12  2],34,-1,107,-1,93
1,<environment.Job instance at 0x7fe7c15570f0>,34,27,[7 3],35,-1,120,-1,93
1,<environment.Job instance at 0x7fe7c1557aa0>,35,23,[ 5 14],36,-1,116,-1,93
1,<environment.Job instance at 0x7fe7c9b01eb0>,37,13,[13  2],38,-1,107,-1,94
1,<environment.Job instance at 0x7fe7c9b01500>,38,12,[1 7],39,-1,107,-1,95
1,<environment.Job instance at 0x7fe7c9b017d0>,39,13,[ 2 11],40,-1,108,-1,95
1,<environment.Job instance at 0x7fe7c9b01f50>,40,26,[2 5],41,-1,121,-1,95
1,<environment.Job instance at 0x7fe7c9b01640>,41,13,[13  3],42,-1,108,-1,95
1,<environment.Job instance at 0x7fe7c9b01460>,42,18,[14  3],43,-1,113,-1,95
1,<environment.Job instance at 0x7fe7c9b01dc0>,44,19,[ 5 12],45,-1,129,-1,110
1,<environment.Job instance at 0x7fe7c9b01140>,45,14,[ 4 11],46,-1,124,-1,110
1,<environment.Job instance at 0x7fe7c037a190>,47,23,[1 6],48,-1,153,-1,130
1,<environment.Job instance at 0x7fe7c05e8be0>,48,13,[ 5 14],49,-1,143,-1,130
1,<environment.Job instance at 0x7fe7c0e547d0>,49,28,[3 5],50,-1,158,-1,130
1,<environment.Job instance at 0x7fe7c0e3db40>,50,19,[ 5 11],51,-1,149,-1,130
1,<environment.Job instance at 0x7fe7c0e3d8c0>,51,18,[ 1 13],52,-1,148,-1,130
1,<environment.Job instance at 0x7fe7bffec230>,52,14,[ 1 11],53,-1,144,-1,130
1,<environment.Job instance at 0x7fe7c0cbfeb0>,55,16,[11  4],56,-1,158,-1,142
1,<environment.Job instance at 0x7fe7bffecc80>,56,19,[14  3],57,-1,161,-1,142
1,<environment.Job instance at 0x7fe7bfff6870>,57,28,[ 2 11],58,-1,170,-1,142
1,<environment.Job instance at 0x7fe7bfff6230>,58,17,[12  1],59,-1,159,-1,142
1,<environment.Job instance at 0x7fe7bfff6140>,59,14,[ 3 11],60,-1,156,-1,142
1,<environment.Job instance at 0x7fe7bfff6eb0>,60,14,[13  3],61,-1,156,-1,142
1,<environment.Job instance at 0x7fe7bfff6820>,61,12,[ 3 11],62,-1,154,-1,142
1,<environment.Job instance at 0x7fe7bfff6cd0>,62,24,[11  1],63,-1,166,-1,142
1,<environment.Job instance at 0x7fe7bfff6550>,63,24,[ 2 12],64,-1,166,-1,142
1,<environment.Job instance at 0x7fe7bfff6f00>,64,21,[ 5 14],65,-1,163,-1,142
1,<environment.Job instance at 0x7fe7bfff6910>,65,27,[ 4 14],66,-1,169,-1,142
1,<environment.Job instance at 0x7fe7bfff6f50>,68,18,[11  2],69,-1,175,-1,157
1,<environment.Job instance at 0x7fe7c09aea00>,69,25,[2 9],70,-1,182,-1,157
1,<environment.Job instance at 0x7fe7c09ae0f0>,70,17,[11  1],71,-1,174,-1,157
1,<environment.Job instance at 0x7fe7c09ae140>,72,28,[12  3],73,-1,185,-1,157
1,<environment.Job instance at 0x7fe7c09aeaa0>,73,22,[13  5],74,-1,179,-1,157
1,<environment.Job instance at 0x7fe7c0043a00>,74,19,[ 3 11],75,-1,176,-1,157
1,<environment.Job instance at 0x7fe7bff227d0>,75,27,[ 1 10],76,-1,184,-1,157
1,<environment.Job instance at 0x7fe7c08fb640>,12,18,[ 2 13],13,-1,54,-1,36
1,<environment.Job instance at 0x7fe7c146d7d0>,13,27,[ 5 10],14,-1,63,-1,36
1,<environment.Job instance at 0x7fe7c0a55fa0>,17,21,[ 5 11],18,-1,77,-1,56
1,<environment.Job instance at 0x7fe7c0bbdd70>,19,27,[4 9],20,-1,86,-1,59
1,<environment.Job instance at 0x7fe7c0622aa0>,20,20,[12  4],21,-1,79,-1,59
1,<environment.Job instance at 0x7fe7c9a93730>,23,27,[ 4 10],24,-1,115,-1,88
1,<environment.Job instance at 0x7fe7c0a555a0>,24,18,[14  3],25,-1,106,-1,88
1,<environment.Job instance at 0x7fe7c0a69730>,25,16,[ 4 14],26,-1,104,-1,88
1,<environment.Job instance at 0x7efc1578e1e0>,3,15,[13  4],4,-1,19,-1,4
1,<environment.Job instance at 0x7efc0c016500>,4,24,[ 3 11],5,-1,29,-1,5
1,<environment.Job instance at 0x7efc0c016410>,2,26,[10  1],3,-1,31,-1,5
1,<environment.Job instance at 0x7efc0c0166e0>,6,19,[ 1 13],7,-1,26,-1,7
1,<environment.Job instance at 0x7efc0c0167d0>,8,24,[ 2 12],9,-1,33,-1,9
1,<environment.Job instance at 0x7efc0c016780>,10,14,[ 1 14],11,-1,25,-1,11
1,<environment.Job instance at 0x7efc0c016960>,14,14,[14  3],15,-1,29,-1,15
1,<environment.Job instance at 0x7efc0c016dc0>,15,24,[ 2 13],16,-1,40,-1,16
1,<environment.Job instance at 0x7efc0c016e10>,16,19,[ 3 12],17,-1,36,-1,17
1,<environment.Job instance at 0x7efc0c016eb0>,17,18,[ 5 13],18,-1,36,-1,18
1,<environment.Job instance at 0x7efc0c01a050>,19,21,[14  4],20,-1,41,-1,20
1,<environment.Job instance at 0x7efc0c016910>,21,22,[14  2],22,-1,54,-1,32
1,<environment.Job instance at 0x7efc0c01a370>,22,25,[ 4 12],23,-1,57,-1,32
1,<environment.Job instance at 0x7efc0c01a460>,24,20,[ 3 12],25,-1,52,-1,32
1,<environment.Job instance at 0x7efc0c01a500>,25,16,[11  3],26,-1,48,-1,32
1,<environment.Job instance at 0x7efc0bfb5eb0>,3,24,[ 1 10],4,-1,28,-1,4
1,<environment.Job instance at 0x7efc0bce5dc0>,4,24,[ 1 11],5,-1,29,-1,5
1,<environment.Job instance at 0x7efc0c01ac30>,5,25,[8 2],6,-1,31,-1,6
1,<environment.Job instance at 0x7efc0baa6d20>,7,25,[5 4],8,-1,33,-1,8
1,<environment.Job instance at 0x7efc0c08f0f0>,11,21,[ 4 11],12,-1,34,-1,13
1,<environment.Job instance at 0x7efc0c08fcd0>,12,20,[ 3 12],13,-1,33,-1,13
1,<environment.Job instance at 0x7efc0c08fb40>,13,23,[10  3],14,-1,37,-1,14
1,<environment.Job instance at 0x7efc0c08f460>,14,28,[3 8],15,-1,43,-1,15
1,<environment.Job instance at 0x7efc0c08f9b0>,15,24,[12  1],16,-1,40,-1,16
1,<environment.Job instance at 0x7efc0c08fe10>,16,14,[11  2],17,-1,31,-1,17
1,<environment.Job instance at 0x7efc0c08fe60>,17,27,[5 3],18,-1,45,-1,18
1,<environment.Job instance at 0x7efc0c08faa0>,19,17,[ 5 11],20,-1,47,-1,30
1,<environment.Job instance at 0x7efc0c08f690>,20,13,[11  1],21,-1,43,-1,30
1,<environment.Job instance at 0x7efc0c175b90>,21,27,[14  2],22,-1,57,-1,30
1,<environment.Job instance at 0x7efc0c175c30>,22,25,[13  2],23,-1,55,-1,30
1,<environment.Job instance at 0x7efc0c175e10>,23,21,[ 4 12],24,-1,51,-1,30
1,<environment.Job instance at 0x7efc0c175eb0>,25,18,[ 5 11],26,-1,48,-1,30
1,<environment.Job instance at 0x7efc0c1755f0>,27,12,[11  1],28,-1,59,-1,47
1,<environment.Job instance at 0x7efc0c1753c0>,28,13,[ 5 13],29,-1,60,-1,47
1,<environment.Job instance at 0x7efc0ba29e60>,35,23,[14  3],36,-1,149,-1,126
1,<environment.Job instance at 0x7efc0b6d41e0>,36,23,[3 8],37,-1,149,-1,126
1,<environment.Job instance at 0x7efc0b73e8c0>,38,28,[11  1],39,-1,154,-1,126
1,<environment.Job instance at 0x7efc0b76b3c0>,39,17,[ 3 11],40,-1,143,-1,126
1,<environment.Job instance at 0x7efc0b76bb40>,40,15,[ 5 10],41,-1,141,-1,126
1,<environment.Job instance at 0x7efc0ba780f0>,41,27,[7 2],42,-1,153,-1,126
1,<environment.Job instance at 0x7efc0b743af0>,42,16,[14  3],43,-1,142,-1,126
1,<environment.Job instance at 0x7efc0ba304b0>,43,12,[11  4],44,-1,138,-1,126
1,<environment.Job instance at 0x7efc0b675910>,44,15,[14  3],45,-1,141,-1,126
1,<environment.Job instance at 0x7efc0b6e5b90>,45,28,[6 4],46,-1,154,-1,126
1,<environment.Job instance at 0x7efc0ba30140>,46,13,[ 5 13],47,-1,139,-1,126
1,<environment.Job instance at 0x7efc0ba74e10>,50,24,[11  3],51,-1,170,-1,146
1,<environment.Job instance at 0x7efc0bac6fa0>,51,22,[ 5 14],52,-1,168,-1,146
1,<environment.Job instance at 0x7efc0bac6a00>,52,24,[14  3],53,-1,170,-1,146
1,<environment.Job instance at 0x7efc0bac6190>,54,28,[6 3],55,-1,185,-1,157
1,<environment.Job instance at 0x7efc0bac6640>,55,15,[11  2],56,-1,172,-1,157
1,<environment.Job instance at 0x7efc0bac6960>,56,24,[ 5 14],57,-1,181,-1,157
1,<environment.Job instance at 0x7efc0bbcefa0>,57,28,[11  1],58,-1,185,-1,157
1,<environment.Job instance at 0x7efc0bac6780>,58,15,[ 5 11],59,-1,172,-1,157
1,<environment.Job instance at 0x7efc0bb10320>,61,16,[ 2 13],62,-1,190,-1,174
1,<environment.Job instance at 0x7efc0bb71140>,63,24,[ 5 11],64,-1,208,-1,184
1,<environment.Job instance at 0x7efc0b68a460>,2,18,[ 4 14],3,-1,21,-1,3
1,<environment.Job instance at 0x7efc0b68ad20>,4,21,[14  5],5,-1,26,-1,5
1,<environment.Job instance at 0x7efc0b68a140>,6,27,[3 8],7,-1,35,-1,8
1,<environment.Job instance at 0x7efc0b68a690>,8,15,[ 2 12],9,-1,24,-1,9
1,<environment.Job instance at 0x7efc0b696a50>,9,24,[ 3 14],10,-1,34,-1,10
1,<environment.Job instance at 0x7efc0b696a00>,10,17,[ 2 14],11,-1,28,-1,11
1,<environment.Job instance at 0x7efc0b696050>,15,22,[ 1 14],16,-1,42,-1,20
1,<environment.Job instance at 0x7efc0b696730>,24,17,[ 4 13],25,-1,135,-1,118
1,<environment.Job instance at 0x7efc0b68a780>,13,21,[3 9],14,-1,141,-1,120
1,<environment.Job instance at 0x7efc0b696c80>,27,26,[7 3],28,-1,146,-1,120
1,<environment.Job instance at 0x7efc0b6963c0>,31,13,[ 2 13],32,-1,175,-1,162
1,<environment.Job instance at 0x7efc0b6d3500>,33,26,[13  3],34,-1,201,-1,175
1,<environment.Job instance at 0x7efc0b9bbc80>,4,18,[12  3],5,-1,23,-1,5
1,<environment.Job instance at 0x7efc0bca7f50>,5,28,[5 5],6,-1,34,-1,6
1,<environment.Job instance at 0x7efc0b998c30>,6,19,[ 1 12],7,-1,26,-1,7
1,<environment.Job instance at 0x7efc0ba1c140>,7,24,[10  2],8,-1,32,-1,8
1,<environment.Job instance at 0x7efc0bb67c80>,8,24,[8 1],9,-1,33,-1,9
1,<environment.Job instance at 0x7efc0bb672d0>,9,27,[ 5 10],10,-1,37,-1,10
1,<environment.Job instance at 0x7efc0b9459b0>,11,28,[ 1 12],12,-1,40,-1,12
1,<environment.Job instance at 0x7efc0b9452d0>,12,15,[13  1],13,-1,28,-1,13
1,<environment.Job instance at 0x7efc0b945fa0>,13,20,[ 5 12],14,-1,34,-1,14
1,<environment.Job instance at 0x7efc0b945550>,15,12,[ 4 13],16,-1,28,-1,16
1,<environment.Job instance at 0x7efc0b9450f0>,16,24,[5 3],17,-1,42,-1,18
1,<environment.Job instance at 0x7efc0b7b33c0>,19,21,[14  3],20,-1,41,-1,20
1,<environment.Job instance at 0x7efc0b9be870>,22,20,[11  3],23,-1,43,-1,23
1,<environment.Job instance at 0x7efc0ba55a50>,25,17,[ 3 13],26,-1,50,-1,33
1,<environment.Job instance at 0x7efc0b9be910>,26,15,[13  4],27,-1,48,-1,33
1,<environment.Job instance at 0x7efc0b9beeb0>,27,25,[9 1],28,-1,58,-1,33
1,<environment.Job instance at 0x7efc0b6e9730>,28,23,[3 8],29,-1,56,-1,33
1,<environment.Job instance at 0x7efc0b6e9320>,30,26,[14  4],31,-1,60,-1,34
1,<environment.Job instance at 0x7efc0ba825f0>,33,18,[14  1],34,-1,71,-1,53
1,<environment.Job instance at 0x7efc0bad1910>,34,24,[9 2],35,-1,77,-1,53
1,<environment.Job instance at 0x7efc0bc68eb0>,36,15,[ 5 11],37,-1,80,-1,65
1,<environment.Job instance at 0x7efc0bc68230>,37,27,[ 2 13],38,-1,92,-1,65
1,<environment.Job instance at 0x7efc0bbf1500>,38,27,[5 1],39,-1,92,-1,65
1,<environment.Job instance at 0x7efc0bb10780>,39,16,[ 3 12],40,-1,81,-1,65
1,<environment.Job instance at 0x7efc0c08f730>,40,12,[ 3 12],41,-1,77,-1,65
1,<environment.Job instance at 0x7efc0bc945f0>,41,13,[ 3 12],42,-1,78,-1,65
1,<environment.Job instance at 0x7efc0b7608c0>,42,24,[ 4 10],43,-1,89,-1,65
1,<environment.Job instance at 0x7efc0b760230>,43,25,[11  2],44,-1,90,-1,65
1,<environment.Job instance at 0x7efc0b6e5aa0>,44,23,[ 1 14],45,-1,88,-1,65
1,<environment.Job instance at 0x7efc0b6e5190>,46,12,[ 3 12],47,-1,77,-1,65
1,<environment.Job instance at 0x7efc0b6e71e0>,50,14,[ 2 11],51,-1,96,-1,82
1,<environment.Job instance at 0x7efc0b72baa0>,52,22,[ 5 14],53,-1,116,-1,94
1,<environment.Job instance at 0x7efc153d86e0>,53,17,[12  4],54,-1,111,-1,94
1,<environment.Job instance at 0x7efc0b72b690>,54,26,[ 1 10],55,-1,120,-1,94
1,<environment.Job instance at 0x7efc0b635320>,59,12,[ 1 11],60,-1,142,-1,130
1,<environment.Job instance at 0x7efc0b6357d0>,60,28,[3 6],61,-1,158,-1,130
1,<environment.Job instance at 0x7efc0b6352d0>,67,22,[ 3 10],68,-1,208,-1,186
1,<environment.Job instance at 0x7efc0b635780>,71,24,[ 4 10],72,-1,210,-1,186
1,<environment.Job instance at 0x7efc0b635dc0>,72,24,[ 2 14],73,-1,210,-1,186
1,<environment.Job instance at 0x7efc0b635d20>,73,16,[12  2],74,-1,202,-1,186
1,<environment.Job instance at 0x7efc0c45ae10>,74,15,[ 5 12],75,-1,201,-1,186
1,<environment.Job instance at 0x7efc0b6d2500>,75,28,[ 2 11],76,-1,214,-1,186
1,<environment.Job instance at 0x7efc0b6d2730>,76,28,[13  3],77,-1,214,-1,186
1,<environment.Job instance at 0x7efc0cb6a960>,7,12,[9 1],8,-1,22,-1,10
1,<environment.Job instance at 0x7efc0cb6a0f0>,8,16,[11  5],9,-1,26,-1,10
1,<environment.Job instance at 0x7efc0cb6ac80>,9,18,[13  2],10,-1,28,-1,10
1,<environment.Job instance at 0x7efc0c483aa0>,11,23,[14  1],12,-1,35,-1,12
1,<environment.Job instance at 0x7efc0c483640>,12,17,[ 1 14],13,-1,30,-1,13
1,<environment.Job instance at 0x7efc0c483e10>,13,16,[12  2],14,-1,30,-1,14
1,<environment.Job instance at 0x7efc0c4835a0>,14,19,[ 4 11],15,-1,34,-1,15
1,<environment.Job instance at 0x7efc0c483140>,15,24,[9 5],16,-1,40,-1,16
1,<environment.Job instance at 0x7efc0c483af0>,16,16,[13  3],17,-1,33,-1,17
1,<environment.Job instance at 0x7efc0c4830f0>,17,24,[14  3],18,-1,42,-1,18
1,<environment.Job instance at 0x7efc0c44cb40>,18,19,[ 1 14],19,-1,38,-1,19
1,<environment.Job instance at 0x7efc0c44cb90>,19,23,[14  3],20,-1,43,-1,20
1,<environment.Job instance at 0x7efc0c44cd70>,20,28,[ 4 11],21,-1,49,-1,21
1,<environment.Job instance at 0x7efc0c44ce10>,21,27,[5 5],22,-1,49,-1,22
1,<environment.Job instance at 0x7efc0c44c2d0>,22,24,[5 2],23,-1,47,-1,23
1,<environment.Job instance at 0x7efc0c44c370>,23,14,[ 4 12],24,-1,38,-1,24
1,<environment.Job instance at 0x7efc0c44c4b0>,24,27,[5 1],25,-1,52,-1,25
1,<environment.Job instance at 0x7efc0c44c140>,25,27,[ 2 11],26,-1,53,-1,26
1,<environment.Job instance at 0x7efc0c44c910>,26,28,[12  4],27,-1,55,-1,27
1,<environment.Job instance at 0x7efc0c44c690>,28,14,[14  2],29,-1,43,-1,29
1,<environment.Job instance at 0x7efc0c483c80>,29,27,[5 1],30,-1,57,-1,30
1,<environment.Job instance at 0x7efc0cb5d410>,30,23,[12  5],31,-1,54,-1,31
1,<environment.Job instance at 0x7efc0cb5da00>,31,23,[3 9],32,-1,55,-1,32
1,<environment.Job instance at 0x7efc0cb5d0f0>,33,12,[14  4],34,-1,46,-1,34
1,<environment.Job instance at 0x7efc0cb5d550>,35,26,[7 5],36,-1,64,-1,38
1,<environment.Job instance at 0x7efc0c463d70>,36,17,[ 3 14],37,-1,55,-1,38
1,<environment.Job instance at 0x7efc0c463a00>,39,17,[ 2 13],40,-1,68,-1,51
1,<environment.Job instance at 0x7efc0c463b40>,40,17,[14  2],41,-1,68,-1,51
1,<environment.Job instance at 0x7efc0c463280>,41,26,[10  4],42,-1,77,-1,51
1,<environment.Job instance at 0x7efc0c463640>,42,23,[5 5],43,-1,74,-1,51
1,<environment.Job instance at 0x7efc0c463370>,43,13,[ 1 14],44,-1,64,-1,51
1,<environment.Job instance at 0x7efc0c463f00>,44,12,[ 3 11],45,-1,63,-1,51
1,<environment.Job instance at 0x7efc0c463500>,47,19,[ 5 13],48,-1,86,-1,67
1,<environment.Job instance at 0x7efc0c463550>,49,25,[3 9],50,-1,96,-1,71
1,<environment.Job instance at 0x7efc0c463e60>,50,16,[ 3 10],51,-1,87,-1,71
1,<environment.Job instance at 0x7efc0c72aeb0>,53,17,[ 3 13],54,-1,104,-1,87
1,<environment.Job instance at 0x7efc0bd34d20>,54,28,[3 9],55,-1,115,-1,87
1,<environment.Job instance at 0x7efc0bb740a0>,55,28,[ 3 10],56,-1,115,-1,87
1,<environment.Job instance at 0x7efc0b65c0a0>,59,20,[12  4],60,-1,126,-1,106
1,<environment.Job instance at 0x7efc0b65cd70>,60,28,[8 2],61,-1,134,-1,106
1,<environment.Job instance at 0x7efc0b60ecd0>,61,16,[12  4],62,-1,122,-1,106
1,<environment.Job instance at 0x7efc0b60e6e0>,62,16,[ 2 13],63,-1,122,-1,106
1,<environment.Job instance at 0x7efc0b60e910>,63,23,[5 8],64,-1,129,-1,106
1,<environment.Job instance at 0x7efc0b60e0f0>,65,24,[9 3],66,-1,140,-1,116
1,<environment.Job instance at 0x7efc0bd67870>,67,23,[5 4],68,-1,145,-1,122
1,<environment.Job instance at 0x7efc0b60ba50>,68,23,[11  4],69,-1,145,-1,122
1,<environment.Job instance at 0x7efc0cb6ad20>,71,22,[11  1],72,-1,165,-1,143
1,<environment.Job instance at 0x7efc0cb6a5f0>,72,17,[11  2],73,-1,160,-1,143
1,<environment.Job instance at 0x7efc0cb3c410>,1,21,[12  3],2,-1,23,-1,2
1,<environment.Job instance at 0x7efc0b643410>,2,17,[14  1],3,-1,20,-1,3
1,<environment.Job instance at 0x7efc0cb3ccd0>,3,15,[ 1 12],4,-1,19,-1,4
1,<environment.Job instance at 0x7efc0cb3c9b0>,6,20,[ 1 12],7,-1,27,-1,7
1,<environment.Job instance at 0x7efc0cb3c5a0>,8,25,[5 3],9,-1,35,-1,10
1,<environment.Job instance at 0x7efc0ba598c0>,10,24,[5 7],11,-1,35,-1,11
1,<environment.Job instance at 0x7efc0ba59dc0>,14,16,[ 1 12],15,-1,40,-1,24
1,<environment.Job instance at 0x7efc0ba595f0>,15,15,[13  4],16,-1,39,-1,24
1,<environment.Job instance at 0x7efc0ba59730>,16,20,[ 1 13],17,-1,44,-1,24
1,<environment.Job instance at 0x7efc0ba595a0>,18,28,[ 2 14],19,-1,69,-1,41
1,<environment.Job instance at 0x7efc0ba59e60>,19,28,[11  1],20,-1,69,-1,41
1,<environment.Job instance at 0x7efc0ba59960>,21,28,[8 2],22,-1,69,-1,41
1,<environment.Job instance at 0x7efc0ba59140>,22,21,[ 1 11],23,-1,62,-1,41
1,<environment.Job instance at 0x7efc0c4834b0>,23,21,[9 1],24,-1,63,-1,42
1,<environment.Job instance at 0x7efc0c483cd0>,24,21,[14  2],25,-1,63,-1,42
1,<environment.Job instance at 0x7efc0c483960>,26,21,[14  4],27,-1,78,-1,57
1,<environment.Job instance at 0x7efc0c4832d0>,27,20,[11  1],28,-1,77,-1,57
1,<environment.Job instance at 0x7efc0c483690>,28,22,[ 5 12],29,-1,79,-1,57
1,<environment.Job instance at 0x7efc0c483550>,29,17,[13  1],30,-1,74,-1,57
1,<environment.Job instance at 0x7efc0c483b90>,30,27,[ 2 13],31,-1,84,-1,57
1,<environment.Job instance at 0x7efc0c483b40>,31,17,[11  4],32,-1,74,-1,57
1,<environment.Job instance at 0x7efc0c4830a0>,32,27,[ 4 13],33,-1,84,-1,57
1,<environment.Job instance at 0x7efc0c4838c0>,33,15,[14  1],34,-1,72,-1,57
1,<environment.Job instance at 0x7efc0c454230>,36,25,[7 3],37,-1,92,-1,67
1,<environment.Job instance at 0x7efc0c454cd0>,37,26,[ 4 10],38,-1,93,-1,67
1,<environment.Job instance at 0x7efc0c454a50>,38,19,[ 3 13],39,-1,86,-1,67
1,<environment.Job instance at 0x7efc0c4542d0>,41,25,[5 5],42,-1,107,-1,82
1,<environment.Job instance at 0x7efc0c454460>,42,26,[2 9],43,-1,108,-1,82
1,<environment.Job instance at 0x7efc0c4546e0>,44,15,[12  4],45,-1,104,-1,89
1,<environment.Job instance at 0x7efc0c454f50>,45,27,[10  3],46,-1,116,-1,89
1,<environment.Job instance at 0x7efc0c454a00>,46,27,[ 1 11],47,-1,116,-1,89
1,<environment.Job instance at 0x7efc0c454190>,47,18,[ 2 12],48,-1,107,-1,89
1,<environment.Job instance at 0x7efc0c4540f0>,48,22,[ 2 11],49,-1,111,-1,89
1,<environment.Job instance at 0x7efc0c454780>,49,23,[14  4],50,-1,112,-1,89
1,<environment.Job instance at 0x7efc0c4540a0>,50,22,[13  2],51,-1,111,-1,89
1,<environment.Job instance at 0x7efc0c454870>,51,12,[ 1 12],52,-1,101,-1,89
1,<environment.Job instance at 0x7efc0c4545f0>,53,26,[5 5],54,-1,126,-1,100
1,<environment.Job instance at 0x7efc0c454e10>,54,16,[11  2],55,-1,116,-1,100
1,<environment.Job instance at 0x7efc0c4541e0>,55,26,[5 8],56,-1,126,-1,100
1,<environment.Job instance at 0x7efc0c4545a0>,56,18,[ 5 14],57,-1,118,-1,100
1,<environment.Job instance at 0x7efc0c461c30>,58,27,[ 2 10],59,-1,133,-1,106
1,<environment.Job instance at 0x7efc0c461190>,59,20,[ 1 11],60,-1,126,-1,106
1,<environment.Job instance at 0x7efc0c4616e0>,60,27,[11  5],61,-1,133,-1,106
1,<environment.Job instance at 0x7efc0c461870>,61,14,[ 5 14],62,-1,120,-1,106
1,<environment.Job instance at 0x7efc0c461c80>,63,25,[9 2],64,-1,140,-1,115
1,<environment.Job instance at 0x7efc0c4619b0>,65,24,[ 5 13],66,-1,147,-1,123
1,<environment.Job instance at 0x7efc0c461a50>,66,15,[ 5 14],67,-1,138,-1,123
1,<environment.Job instance at 0x7efc0c461410>,67,22,[ 4 11],68,-1,145,-1,123
1,<environment.Job instance at 0x7efc0c4610f0>,68,13,[ 5 13],69,-1,136,-1,123
1,<environment.Job instance at 0x7efc0c461be0>,69,19,[ 3 10],70,-1,142,-1,123
1,<environment.Job instance at 0x7efc0c461d20>,71,24,[5 1],72,-1,147,-1,123
1,<environment.Job instance at 0x7efc0c4615a0>,72,13,[ 5 12],73,-1,136,-1,123
1,<environment.Job instance at 0x7efc0c461550>,73,15,[14  1],74,-1,138,-1,123
1,<environment.Job instance at 0x7efc0c4611e0>,74,23,[1 8],75,-1,146,-1,123
1,<environment.Job instance at 0x7efc0c4610a0>,75,28,[ 2 10],76,-1,151,-1,123
1,<environment.Job instance at 0x7efc0c461cd0>,78,21,[ 3 14],79,-1,160,-1,139
1,<environment.Job instance at 0x7efc0c461690>,79,21,[ 2 12],80,-1,160,-1,139
1,<environment.Job instance at 0x7efc0c473e60>,82,21,[13  5],83,-1,178,-1,157
1,<environment.Job instance at 0x7efc0c473730>,83,19,[1 9],84,-1,176,-1,157
1,<environment.Job instance at 0x7efc0c473aa0>,84,25,[9 4],85,-1,182,-1,157
1,<environment.Job instance at 0x7efc0c4737d0>,86,14,[11  4],87,-1,181,-1,167
1,<environment.Job instance at 0x7efc0c473320>,87,12,[10  1],88,-1,179,-1,167
1,<environment.Job instance at 0x7efc0c473460>,88,28,[ 1 13],89,-1,195,-1,167
1,<environment.Job instance at 0x7efc0c473230>,89,19,[ 5 14],90,-1,186,-1,167
1,<environment.Job instance at 0x7efc0c4735a0>,90,12,[10  1],91,-1,180,-1,168
1,<environment.Job instance at 0x7efc0c473910>,92,20,[ 4 14],93,-1,194,-1,174
1,<environment.Job instance at 0x7efc0c473fa0>,93,18,[14  4],94,-1,192,-1,174
1,<environment.Job instance at 0x7efc0c473d70>,94,18,[ 3 11],95,-1,192,-1,174
1,<environment.Job instance at 0x7efc0c473690>,95,12,[ 1 10],96,-1,191,-1,179
1,<environment.Job instance at 0x7efc0c4735f0>,96,26,[ 2 11],97,-1,205,-1,179
1,<environment.Job instance at 0x7efc0c473c30>,97,13,[13  4],98,-1,192,-1,179
1,<environment.Job instance at 0x7efc0c4739b0>,3,28,[ 2 13],4,-1,32,-1,4
1,<environment.Job instance at 0x7efc0c3e1910>,4,25,[10  5],5,-1,30,-1,5
1,<environment.Job instance at 0x7efc0c5980f0>,2,14,[ 4 12],3,-1,19,-1,5
1,<environment.Job instance at 0x7efc0c95ef00>,11,15,[14  4],12,-1,29,-1,14
1,<environment.Job instance at 0x7efc0c95e4b0>,12,13,[13  5],13,-1,27,-1,14
1,<environment.Job instance at 0x7efc0c95eaf0>,13,19,[12  2],14,-1,33,-1,14
1,<environment.Job instance at 0x7efc0c95e730>,14,24,[2 5],15,-1,39,-1,15
1,<environment.Job instance at 0x7efc0c95e780>,17,27,[ 1 13],18,-1,53,-1,26
1,<environment.Job instance at 0x7efc0c95ed70>,18,26,[8 2],19,-1,52,-1,26
1,<environment.Job instance at 0x7efc0c95ec30>,19,26,[5 7],20,-1,52,-1,26
1,<environment.Job instance at 0x7efc0c66e050>,21,26,[11  1],22,-1,57,-1,31
1,<environment.Job instance at 0x7efc0c66ee60>,22,12,[1 7],23,-1,43,-1,31
1,<environment.Job instance at 0x7efc0c66e320>,23,15,[2 6],24,-1,46,-1,31
1,<environment.Job instance at 0x7efc0c66ebe0>,24,13,[10  1],25,-1,44,-1,31
1,<environment.Job instance at 0x7efc0c66e190>,25,18,[1 7],26,-1,49,-1,31
1,<environment.Job instance at 0x7efc0c66e370>,27,18,[ 1 12],28,-1,60,-1,42
1,<environment.Job instance at 0x7efc0c66e2d0>,28,15,[ 3 11],29,-1,57,-1,42
1,<environment.Job instance at 0x7efc0c66eb40>,29,24,[ 1 11],30,-1,66,-1,42
1,<environment.Job instance at 0x7efc0c66ed20>,30,23,[6 3],31,-1,65,-1,42
1,<environment.Job instance at 0x7efc0c78a1e0>,31,16,[ 2 13],32,-1,58,-1,42
1,<environment.Job instance at 0x7efc0c78acd0>,32,21,[ 4 13],33,-1,63,-1,42
1,<environment.Job instance at 0x7efc0c78a500>,34,14,[ 2 10],35,-1,74,-1,60
1,<environment.Job instance at 0x7efc0c78aa50>,35,27,[13  3],36,-1,87,-1,60
1,<environment.Job instance at 0x7efc0c78a320>,36,24,[3 9],37,-1,84,-1,60
1,<environment.Job instance at 0x7efc0c78a5a0>,37,20,[5 7],38,-1,80,-1,60
1,<environment.Job instance at 0x7efc0c78aaa0>,38,23,[14  1],39,-1,83,-1,60
1,<environment.Job instance at 0x7efc0c78a640>,39,27,[11  2],40,-1,87,-1,60
1,<environment.Job instance at 0x7efc0c78ae60>,40,14,[9 1],41,-1,74,-1,60
1,<environment.Job instance at 0x7efc0c78abe0>,41,12,[10  4],42,-1,72,-1,60
1,<environment.Job instance at 0x7efc0c78a910>,42,22,[ 3 14],43,-1,82,-1,60
1,<environment.Job instance at 0x7efc0c78a960>,43,15,[13  2],44,-1,75,-1,60
1,<environment.Job instance at 0x7efc0c78a3c0>,44,16,[11  3],45,-1,76,-1,60
1,<environment.Job instance at 0x7efc0c78aaf0>,45,15,[ 1 10],46,-1,75,-1,60
1,<environment.Job instance at 0x7efc0c78a190>,46,17,[5 1],47,-1,77,-1,60
1,<environment.Job instance at 0x7efc0c78a5f0>,47,23,[9 3],48,-1,83,-1,60
1,<environment.Job instance at 0x7efc0c78a4b0>,48,23,[13  2],49,-1,83,-1,60
1,<environment.Job instance at 0x7efc0c78afa0>,49,16,[ 3 14],50,-1,76,-1,60
1,<environment.Job instance at 0x7efc0c78a6e0>,50,16,[13  5],51,-1,76,-1,60
1,<environment.Job instance at 0x7efc0c78a8c0>,51,13,[9 2],52,-1,73,-1,60
1,<environment.Job instance at 0x7efc0c78ab90>,52,12,[4 7],53,-1,72,-1,60
1,<environment.Job instance at 0x7efc0c9d4fa0>,53,17,[11  4],54,-1,77,-1,60
1,<environment.Job instance at 0x7efc0c9d4780>,54,28,[13  5],55,-1,88,-1,60
1,<environment.Job instance at 0x7efc0c9d43c0>,55,27,[6 1],56,-1,87,-1,60
1,<environment.Job instance at 0x7efc0c9d47d0>,56,14,[4 8],57,-1,74,-1,60
1,<environment.Job instance at 0x7efc0c9d4640>,57,17,[ 5 11],58,-1,77,-1,60
1,<environment.Job instance at 0x7efc0c9d4500>,58,12,[1 6],59,-1,72,-1,60
1,<environment.Job instance at 0x7efc0c9d4f00>,59,19,[ 5 12],60,-1,79,-1,60
1,<environment.Job instance at 0x7efc0c9d4dc0>,61,24,[14  3],62,-1,86,-1,62
1,<environment.Job instance at 0x7efc0c9d4c30>,62,23,[ 1 14],63,-1,86,-1,63
1,<environment.Job instance at 0x7efc0c9d4320>,63,24,[12  2],64,-1,88,-1,64
1,<environment.Job instance at 0x7efc0c9d4b90>,64,28,[3 6],65,-1,93,-1,65
1,<environment.Job instance at 0x7efc0c9d45a0>,65,21,[ 2 14],66,-1,87,-1,66
1,<environment.Job instance at 0x7efc0c9d4410>,66,15,[13  5],67,-1,82,-1,67
1,<environment.Job instance at 0x7efc0c9d4b40>,69,25,[ 3 10],70,-1,101,-1,76
1,<environment.Job instance at 0x7efc151960f0>,70,12,[ 1 12],71,-1,88,-1,76
1,<environment.Job instance at 0x7efc15196af0>,71,21,[ 2 12],72,-1,97,-1,76
1,<environment.Job instance at 0x7efc15196aa0>,72,15,[13  4],73,-1,91,-1,76
1,<environment.Job instance at 0x7efc15196e60>,73,28,[3 8],74,-1,104,-1,76
1,<environment.Job instance at 0x7efc15196910>,74,24,[9 3],75,-1,100,-1,76
1,<environment.Job instance at 0x7efc15196a50>,75,28,[9 3],76,-1,104,-1,76
1,<environment.Job instance at 0x7efc151962d0>,76,14,[11  3],77,-1,91,-1,77
1,<environment.Job instance at 0x7efc0c48a5a0>,77,22,[5 7],78,-1,100,-1,78
1,<environment.Job instance at 0x7efc0c48a0f0>,78,22,[ 1 10],79,-1,101,-1,79
1,<environment.Job instance at 0x7efc0c48a640>,79,26,[3 8],80,-1,106,-1,80
1,<environment.Job instance at 0x7efc0c48a910>,80,16,[ 5 12],81,-1,97,-1,81
1,<environment.Job instance at 0x7efc0c48a230>,81,24,[13  4],82,-1,106,-1,82
1,<environment.Job instance at 0x7efc0c48a0a0>,82,27,[8 2],83,-1,110,-1,83
1,<environment.Job instance at 0x7efc0c48a140>,83,25,[14  2],84,-1,109,-1,84
1,<environment.Job instance at 0x7efc0c48a280>,84,27,[4 5],85,-1,112,-1,85
1,<environment.Job instance at 0x7efc0c48a820>,85,23,[12  2],86,-1,109,-1,86
1,<environment.Job instance at 0x7efc15196190>,87,20,[1 9],88,-1,112,-1,92
1,<environment.Job instance at 0x7efc0c48a730>,88,14,[13  1],89,-1,106,-1,92
1,<environment.Job instance at 0x7efc0c48a870>,89,18,[ 2 13],90,-1,110,-1,92
1,<environment.Job instance at 0x7efc0cbe25a0>,90,17,[ 4 11],91,-1,109,-1,92
1,<environment.Job instance at 0x7efc0cbe2410>,92,14,[ 3 11],93,-1,107,-1,93
1,<environment.Job instance at 0x7efc0cbe2870>,93,17,[ 5 13],94,-1,111,-1,94
1,<environment.Job instance at 0x7efc0cbe28c0>,94,22,[13  3],95,-1,117,-1,95
1,<environment.Job instance at 0x7efc0cbe2690>,95,13,[ 3 13],96,-1,109,-1,96
1,<environment.Job instance at 0x7efc0cbe2be0>,96,14,[12  1],97,-1,111,-1,97
1,<environment.Job instance at 0x7efc0cbe2eb0>,97,15,[6 1],98,-1,113,-1,98
1,<environment.Job instance at 0x7efc0cbe2af0>,98,17,[ 3 13],99,-1,116,-1,99
1,<environment.Job instance at 0x7efc0cbe2e10>,99,28,[3 7],100,-1,128,-1,100
1,<environment.Job instance at 0x7efc15232460>,100,20,[11  2],101,-1,121,-1,101
1,<environment.Job instance at 0x7efc15232dc0>,101,19,[ 2 12],102,-1,121,-1,102
1,<environment.Job instance at 0x7efc15232820>,102,18,[ 3 11],103,-1,121,-1,103
1,<environment.Job instance at 0x7efc15232140>,103,14,[ 4 12],104,-1,118,-1,104
1,<environment.Job instance at 0x7efc0cbe9eb0>,104,19,[ 5 11],105,-1,124,-1,105
1,<environment.Job instance at 0x7efc0cbe9af0>,105,14,[ 5 13],106,-1,120,-1,106
1,<environment.Job instance at 0x7efc0cbe95f0>,107,21,[13  5],108,-1,129,-1,108
1,<environment.Job instance at 0x7efc0cbe9f00>,108,17,[11  1],109,-1,126,-1,109
1,<environment.Job instance at 0x7efc0cbe9780>,109,23,[ 1 14],110,-1,133,-1,110
1,<environment.Job instance at 0x7efc0cbe9460>,110,22,[1 5],111,-1,133,-1,111
1,<environment.Job instance at 0x7efc1521e370>,111,14,[ 5 14],112,-1,126,-1,112
1,<environment.Job instance at 0x7efc1521ef00>,112,15,[ 2 14],113,-1,128,-1,113
1,<environment.Job instance at 0x7efc1521e7d0>,114,14,[13  5],115,-1,129,-1,115
1,<environment.Job instance at 0x7efc1521e780>,115,26,[1 9],116,-1,142,-1,116
1,<environment.Job instance at 0x7efc15219fa0>,116,22,[ 4 11],117,-1,139,-1,117
1,<environment.Job instance at 0x7efc15219b90>,118,24,[10  5],119,-1,143,-1,119
1,<environment.Job instance at 0x7efc15219e60>,119,24,[ 3 14],120,-1,144,-1,120
1,<environment.Job instance at 0x7efc152195a0>,120,28,[ 5 11],121,-1,149,-1,121
1,<environment.Job instance at 0x7efc0c71d410>,121,17,[ 5 12],122,-1,139,-1,122
1,<environment.Job instance at 0x7efc0cbda5f0>,122,14,[10  1],123,-1,137,-1,123
1,<environment.Job instance at 0x7efc1521e230>,124,22,[11  2],125,-1,147,-1,125
1,<environment.Job instance at 0x7efc0cbda550>,125,12,[ 5 10],126,-1,138,-1,126
1,<environment.Job instance at 0x7efc0cbda640>,126,24,[7 1],127,-1,151,-1,127
1,<environment.Job instance at 0x7efc0cbda820>,128,21,[ 1 12],129,-1,150,-1,129
1,<environment.Job instance at 0x7efc0cbda4b0>,129,12,[ 3 11],130,-1,142,-1,130
1,<environment.Job instance at 0x7efc0c7219b0>,130,24,[6 1],131,-1,155,-1,131
1,<environment.Job instance at 0x7efc0c7213c0>,131,28,[12  1],132,-1,160,-1,132
1,<environment.Job instance at 0x7efc0cbcd5f0>,132,25,[14  3],133,-1,158,-1,133
1,<environment.Job instance at 0x7efc0cbcd6e0>,133,25,[12  4],134,-1,159,-1,134
1,<environment.Job instance at 0x7efc0cbcdc80>,134,19,[14  1],135,-1,154,-1,135
1,<environment.Job instance at 0x7efc0cbcdd70>,135,21,[11  5],136,-1,157,-1,136
1,<environment.Job instance at 0x7efc0cbcd8c0>,136,13,[11  4],137,-1,150,-1,137
1,<environment.Job instance at 0x7efc0cbcd7d0>,137,25,[8 5],138,-1,163,-1,138
1,<environment.Job instance at 0x7efc0cbcd370>,140,12,[ 3 14],141,-1,154,-1,142
1,<environment.Job instance at 0x7efc0cbcd1e0>,141,15,[ 4 13],142,-1,157,-1,142
1,<environment.Job instance at 0x7efc0bcfee10>,143,13,[11  4],144,-1,169,-1,156
1,<environment.Job instance at 0x7efc0bf942d0>,3,18,[ 4 11],4,-1,22,-1,4
1,<environment.Job instance at 0x7efc0c95eeb0>,4,28,[7 4],5,-1,33,-1,5
1,<environment.Job instance at 0x7efc0b70d140>,6,24,[11  2],7,-1,31,-1,7
1,<environment.Job instance at 0x7efc0ca42690>,7,20,[8 1],8,-1,30,-1,10
1,<environment.Job instance at 0x7efc0bb4b5a0>,10,24,[8 2],11,-1,35,-1,11
1,<environment.Job instance at 0x7efc0bfbf190>,13,26,[13  5],14,-1,40,-1,14
1,<environment.Job instance at 0x7efc0cbb14b0>,14,17,[ 4 14],15,-1,32,-1,15
1,<environment.Job instance at 0x7efc0be5ce60>,15,15,[11  2],16,-1,31,-1,16
1,<environment.Job instance at 0x7efc0be399b0>,16,16,[ 4 14],17,-1,33,-1,17
1,<environment.Job instance at 0x7efc0be39910>,17,25,[ 4 11],18,-1,43,-1,18
1,<environment.Job instance at 0x7efc0be39a50>,18,20,[ 1 14],19,-1,39,-1,19
1,<environment.Job instance at 0x7efc0be39b40>,19,20,[ 2 11],20,-1,40,-1,20
1,<environment.Job instance at 0x7efc0be39b90>,20,15,[ 1 13],21,-1,36,-1,21
1,<environment.Job instance at 0x7efc0be39fa0>,21,16,[ 3 12],22,-1,38,-1,22
1,<environment.Job instance at 0x7efc1517d280>,24,24,[5 6],25,-1,57,-1,33
1,<environment.Job instance at 0x7efc0be54b40>,26,24,[ 5 14],27,-1,61,-1,37
1,<environment.Job instance at 0x7efc0be54c80>,28,26,[ 5 13],29,-1,75,-1,49
1,<environment.Job instance at 0x7efc0be54c30>,29,13,[12  2],30,-1,62,-1,49
1,<environment.Job instance at 0x7efc0be548c0>,30,24,[ 5 13],31,-1,73,-1,49
1,<environment.Job instance at 0x7efc0be54dc0>,31,23,[ 5 12],32,-1,72,-1,49
1,<environment.Job instance at 0x7efc0be54a50>,32,15,[14  2],33,-1,64,-1,49
1,<environment.Job instance at 0x7efc0be36e10>,33,25,[ 2 12],34,-1,74,-1,49
1,<environment.Job instance at 0x7efc0be3ae10>,34,22,[1 8],35,-1,71,-1,49
1,<environment.Job instance at 0x7efc0be3a820>,35,24,[14  2],36,-1,73,-1,49
1,<environment.Job instance at 0x7efc0c493e10>,36,15,[ 5 12],37,-1,64,-1,49
1,<environment.Job instance at 0x7efc0b8fbcd0>,37,16,[9 1],38,-1,66,-1,50
1,<environment.Job instance at 0x7efc0c493910>,38,27,[2 9],39,-1,77,-1,50
1,<environment.Job instance at 0x7efc0b8fbdc0>,39,19,[ 4 13],40,-1,69,-1,50
1,<environment.Job instance at 0x7efc0c493b90>,40,21,[ 5 13],41,-1,71,-1,50
1,<environment.Job instance at 0x7efc0bf55730>,41,13,[10  3],42,-1,64,-1,51
1,<environment.Job instance at 0x7efc0b90e1e0>,42,24,[7 1],43,-1,75,-1,51
1,<environment.Job instance at 0x7efc0b90eaa0>,43,23,[6 3],44,-1,74,-1,51
1,<environment.Job instance at 0x7efc0c679f00>,45,20,[5 1],46,-1,71,-1,51
1,<environment.Job instance at 0x7efc0bf6d550>,46,16,[14  5],47,-1,67,-1,51
1,<environment.Job instance at 0x7efc0c679870>,47,18,[ 4 11],48,-1,69,-1,51
1,<environment.Job instance at 0x7efc0b905320>,48,25,[2 5],49,-1,76,-1,51
1,<environment.Job instance at 0x7efc0c66c690>,49,13,[12  3],50,-1,64,-1,51
1,<environment.Job instance at 0x7efc0bf6e5f0>,50,25,[10  2],51,-1,76,-1,51
1,<environment.Job instance at 0x7efc0b9054b0>,51,28,[ 5 14],52,-1,80,-1,52
1,<environment.Job instance at 0x7efc0b9051e0>,53,17,[12  5],54,-1,84,-1,67
1,<environment.Job instance at 0x7efc0c657c30>,55,27,[13  3],56,-1,96,-1,69
1,<environment.Job instance at 0x7efc0c681550>,56,15,[ 4 10],57,-1,84,-1,69
1,<environment.Job instance at 0x7efc0b92d280>,57,12,[ 1 10],58,-1,81,-1,69
1,<environment.Job instance at 0x7efc0bf53e10>,58,22,[7 1],59,-1,91,-1,69
1,<environment.Job instance at 0x7efc0bf53690>,59,21,[11  1],60,-1,90,-1,69
1,<environment.Job instance at 0x7efc0bf3e140>,60,20,[3 8],61,-1,89,-1,69
1,<environment.Job instance at 0x7efc0bf3eb40>,61,18,[11  1],62,-1,87,-1,69
1,<environment.Job instance at 0x7efc0bf3e370>,62,13,[3 9],63,-1,82,-1,69
1,<environment.Job instance at 0x7efc0bdddb40>,63,15,[ 2 13],64,-1,84,-1,69
1,<environment.Job instance at 0x7efc0bddd0a0>,64,19,[8 2],65,-1,88,-1,69
1,<environment.Job instance at 0x7efc0bddd870>,65,15,[ 2 13],66,-1,84,-1,69
1,<environment.Job instance at 0x7efc0c68aa50>,66,17,[13  4],67,-1,86,-1,69
1,<environment.Job instance at 0x7efc0c68acd0>,67,28,[ 1 12],68,-1,97,-1,69
1,<environment.Job instance at 0x7efc0c68a0f0>,68,17,[1 5],69,-1,86,-1,69
1,<environment.Job instance at 0x7efc0c68ab40>,69,20,[ 4 14],70,-1,90,-1,70
1,<environment.Job instance at 0x7efc0c68af00>,70,18,[14  1],71,-1,89,-1,71
1,<environment.Job instance at 0x7efc0c68af50>,71,18,[1 9],72,-1,93,-1,75
1,<environment.Job instance at 0x7efc0c68ad70>,72,24,[ 2 12],73,-1,99,-1,75
1,<environment.Job instance at 0x7efc0c68ae60>,73,18,[7 1],74,-1,94,-1,76
1,<environment.Job instance at 0x7efc0c68f7d0>,76,24,[3 7],77,-1,113,-1,89
1,<environment.Job instance at 0x7efc0c68f690>,77,15,[ 3 14],78,-1,104,-1,89
1,<environment.Job instance at 0x7efc0c68f230>,78,25,[3 6],79,-1,114,-1,89
1,<environment.Job instance at 0x7efc0c68f2d0>,79,13,[5 8],80,-1,102,-1,89
1,<environment.Job instance at 0x7efc0c68f5f0>,80,16,[ 5 12],81,-1,105,-1,89
1,<environment.Job instance at 0x7efc0c68fa00>,81,22,[13  4],82,-1,111,-1,89
1,<environment.Job instance at 0x7efc0c68f780>,82,17,[13  5],83,-1,106,-1,89
1,<environment.Job instance at 0x7efc0c68f5a0>,83,17,[14  5],84,-1,106,-1,89
1,<environment.Job instance at 0x7efc0c68f500>,84,17,[ 1 13],85,-1,106,-1,89
1,<environment.Job instance at 0x7efc0c68f3c0>,85,16,[ 1 11],86,-1,105,-1,89
1,<environment.Job instance at 0x7efc0bdf05f0>,86,22,[4 5],87,-1,111,-1,89
1,<environment.Job instance at 0x7efc0bdf0690>,87,16,[14  4],88,-1,105,-1,89
1,<environment.Job instance at 0x7efc0bdf0870>,89,23,[2 5],90,-1,113,-1,90
1,<environment.Job instance at 0x7efc0bdf09b0>,91,20,[6 1],92,-1,114,-1,94
1,<environment.Job instance at 0x7efc0bdf0960>,92,14,[11  5],93,-1,108,-1,94
1,<environment.Job instance at 0x7efc0bdf0910>,93,18,[ 4 12],94,-1,112,-1,94
1,<environment.Job instance at 0x7efc0bdf0aa0>,94,24,[ 3 11],95,-1,119,-1,95
1,<environment.Job instance at 0x7efc0bdf0c30>,95,15,[ 3 13],96,-1,111,-1,96
1,<environment.Job instance at 0x7efc0bdf0e60>,97,13,[13  2],98,-1,120,-1,107
1,<environment.Job instance at 0x7efc0bdf0f00>,98,27,[13  3],99,-1,134,-1,107
1,<environment.Job instance at 0x7efc0bdf0f50>,101,27,[12  3],102,-1,152,-1,125
1,<environment.Job instance at 0x7efc0bde91e0>,102,19,[8 1],103,-1,144,-1,125
1,<environment.Job instance at 0x7efc0bde9280>,103,26,[ 4 11],104,-1,151,-1,125
1,<environment.Job instance at 0x7efc0bde93c0>,105,23,[1 6],106,-1,148,-1,125
1,<environment.Job instance at 0x7efc0bde9460>,106,24,[ 5 12],107,-1,149,-1,125
1,<environment.Job instance at 0x7efc0bde9410>,107,20,[1 7],108,-1,145,-1,125
1,<environment.Job instance at 0x7efc0bde9640>,108,24,[7 2],109,-1,149,-1,125
1,<environment.Job instance at 0x7efc0bde96e0>,110,14,[14  5],111,-1,149,-1,135
1,<environment.Job instance at 0x7efc0bde9820>,111,14,[ 3 12],112,-1,149,-1,135
1,<environment.Job instance at 0x7efc0bde9780>,112,16,[8 2],113,-1,160,-1,144
1,<environment.Job instance at 0x7efc0bde98c0>,113,19,[ 4 11],114,-1,163,-1,144
1,<environment.Job instance at 0x7efc0bde9aa0>,115,28,[8 4],116,-1,172,-1,144
1,<environment.Job instance at 0x7efc0bde9b40>,116,17,[13  5],117,-1,161,-1,144
1,<environment.Job instance at 0x7efc0bde9be0>,117,17,[ 4 13],118,-1,161,-1,144
1,<environment.Job instance at 0x7efc0bde9c80>,118,15,[ 5 11],119,-1,159,-1,144
1,<environment.Job instance at 0x7efc0bde9d20>,119,13,[14  4],120,-1,157,-1,144
1,<environment.Job instance at 0x7efc0bde9dc0>,120,15,[13  5],121,-1,159,-1,144
1,<environment.Job instance at 0x7efc0bde9f00>,122,28,[13  3],123,-1,182,-1,154
1,<environment.Job instance at 0x7efc0bde9fa0>,123,25,[ 1 14],124,-1,179,-1,154
1,<environment.Job instance at 0x7efc0bde9eb0>,124,19,[13  4],125,-1,173,-1,154
1,<environment.Job instance at 0x7efc0bdcd140>,125,15,[1 7],126,-1,169,-1,154
1,<environment.Job instance at 0x7efc0bde9f50>,126,16,[ 5 13],127,-1,170,-1,154
1,<environment.Job instance at 0x7efc0bdcd320>,127,25,[ 4 11],128,-1,179,-1,154
1,<environment.Job instance at 0x7efc0bdcd3c0>,128,21,[1 6],129,-1,175,-1,154
1,<environment.Job instance at 0x7efc0bdcd460>,129,15,[7 1],130,-1,169,-1,154
1,<environment.Job instance at 0x7efc0bdcd500>,130,26,[ 1 11],131,-1,180,-1,154
1,<environment.Job instance at 0x7efc0bdcd5a0>,131,23,[ 3 13],132,-1,177,-1,154
1,<environment.Job instance at 0x7efc0bdcd640>,132,26,[4 9],133,-1,180,-1,154
1,<environment.Job instance at 0x7efc0bdcd6e0>,133,20,[11  5],134,-1,174,-1,154
1,<environment.Job instance at 0x7efc0bdcd780>,134,16,[4 9],135,-1,170,-1,154
1,<environment.Job instance at 0x7efc0bdcd910>,135,18,[12  1],136,-1,172,-1,154
1,<environment.Job instance at 0x7efc0bdcd7d0>,138,20,[7 5],139,-1,174,-1,154
1,<environment.Job instance at 0x7efc0bdcd9b0>,139,23,[6 1],140,-1,177,-1,154
1,<environment.Job instance at 0x7efc0bdcda50>,140,27,[2 7],141,-1,181,-1,154
1,<environment.Job instance at 0x7efc0bdcdb40>,141,12,[8 1],142,-1,166,-1,154
1,<environment.Job instance at 0x7efc0bdcdb90>,142,16,[ 2 14],143,-1,170,-1,154
1,<environment.Job instance at 0x7efc0bdcdaf0>,143,27,[10  1],144,-1,181,-1,154
1,<environment.Job instance at 0x7efc0bdcdf00>,144,17,[1 6],145,-1,171,-1,154
1,<environment.Job instance at 0x7efc0bdcdcd0>,145,13,[11  4],146,-1,167,-1,154
1,<environment.Job instance at 0x7efc0bdcdfa0>,146,13,[ 4 14],147,-1,167,-1,154
1,<environment.Job instance at 0x7efc0bdcdeb0>,147,21,[4 5],148,-1,175,-1,154
1,<environment.Job instance at 0x7efc0bdcdf50>,148,24,[ 1 10],149,-1,178,-1,154
1,<environment.Job instance at 0x7efc0bdc01e0>,149,21,[ 1 10],150,-1,175,-1,154
1,<environment.Job instance at 0x7efc0bf6db40>,2,28,[8 4],3,-1,31,-1,3
1,<environment.Job instance at 0x7efc0bf6d0f0>,3,27,[ 3 12],4,-1,31,-1,4
1,<environment.Job instance at 0x7efc0bf6d1e0>,4,14,[ 2 14],5,-1,19,-1,5
1,<environment.Job instance at 0x7efc0bf6dd70>,11,24,[1 6],12,-1,44,-1,20
1,<environment.Job instance at 0x7efc0bf6d8c0>,12,16,[ 3 11],13,-1,36,-1,20
1,<environment.Job instance at 0x7efc0bf6d190>,14,23,[14  4],15,-1,54,-1,31
1,<environment.Job instance at 0x7efc0bf6d460>,15,16,[14  4],16,-1,47,-1,31
1,<environment.Job instance at 0x7efc0bf53230>,16,26,[ 1 10],17,-1,57,-1,31
1,<environment.Job instance at 0x7efc0bf53370>,17,15,[ 4 10],18,-1,46,-1,31
1,<environment.Job instance at 0x7efc0bf53b90>,18,24,[ 4 11],19,-1,55,-1,31
1,<environment.Job instance at 0x7efc0bf53b40>,19,28,[1 7],20,-1,59,-1,31
1,<environment.Job instance at 0x7efc0bf53190>,20,18,[ 2 10],21,-1,60,-1,42
1,<environment.Job instance at 0x7efc0bf53280>,21,18,[13  2],22,-1,60,-1,42
1,<environment.Job instance at 0x7efc0bf53af0>,22,24,[14  4],23,-1,66,-1,42
1,<environment.Job instance at 0x7efc0bf53050>,23,25,[2 8],24,-1,67,-1,42
1,<environment.Job instance at 0x7efc0bf535f0>,26,27,[13  4],27,-1,73,-1,46
1,<environment.Job instance at 0x7efc0bf53640>,28,25,[ 1 12],29,-1,75,-1,50
1,<environment.Job instance at 0x7efc0bf53140>,30,27,[ 2 13],31,-1,86,-1,59
1,<environment.Job instance at 0x7efc0bf53d70>,31,20,[14  5],32,-1,79,-1,59
1,<environment.Job instance at 0x7efc0bf53320>,32,25,[ 3 12],33,-1,84,-1,59
1,<environment.Job instance at 0x7efc0bf53fa0>,33,14,[13  1],34,-1,73,-1,59
1,<environment.Job instance at 0x7efc0bf53c30>,34,15,[12  1],35,-1,74,-1,59
1,<environment.Job instance at 0x7efc0bc765a0>,35,13,[ 2 12],36,-1,72,-1,59
1,<environment.Job instance at 0x7efc0bc760a0>,36,12,[14  2],37,-1,71,-1,59
1,<environment.Job instance at 0x7efc0bc76eb0>,37,28,[7 1],38,-1,87,-1,59
1,<environment.Job instance at 0x7efc0bc76d20>,38,18,[ 3 13],39,-1,77,-1,59
1,<environment.Job instance at 0x7efc0bc76aa0>,39,22,[2 7],40,-1,82,-1,60
1,<environment.Job instance at 0x7efc0bc76640>,40,17,[13  4],41,-1,77,-1,60
1,<environment.Job instance at 0x7efc0bc76a50>,41,27,[6 2],42,-1,87,-1,60
1,<environment.Job instance at 0x7efc0bc762d0>,42,16,[ 3 10],43,-1,76,-1,60
1,<environment.Job instance at 0x7efc0bc76910>,44,16,[ 2 11],45,-1,79,-1,63
1,<environment.Job instance at 0x7efc0bc76140>,45,27,[ 5 12],46,-1,90,-1,63
1,<environment.Job instance at 0x7efc0bc764b0>,46,17,[ 4 13],47,-1,80,-1,63
1,<environment.Job instance at 0x7efc0bc76f00>,47,28,[9 4],48,-1,91,-1,63
1,<environment.Job instance at 0x7efc0bc767d0>,48,25,[ 1 12],49,-1,88,-1,63
1,<environment.Job instance at 0x7efc0bc76280>,49,28,[2 9],50,-1,91,-1,63
1,<environment.Job instance at 0x7efc0bc76af0>,51,14,[14  3],52,-1,87,-1,73
1,<environment.Job instance at 0x7efc0bc76960>,52,15,[ 3 11],53,-1,88,-1,73
1,<environment.Job instance at 0x7efc0bc76cd0>,53,20,[ 4 12],54,-1,93,-1,73
1,<environment.Job instance at 0x7efc0bc76c80>,54,28,[ 5 14],55,-1,101,-1,73
1,<environment.Job instance at 0x7efc0bc76be0>,55,17,[ 3 14],56,-1,90,-1,73
1,<environment.Job instance at 0x7efc0bc76870>,56,27,[ 3 10],57,-1,100,-1,73
1,<environment.Job instance at 0x7efc0c627550>,59,22,[ 1 10],60,-1,114,-1,92
1,<environment.Job instance at 0x7efc0c6275a0>,60,22,[2 8],61,-1,114,-1,92
1,<environment.Job instance at 0x7efc0c627af0>,61,27,[6 4],62,-1,119,-1,92
1,<environment.Job instance at 0x7efc0c627d70>,62,22,[ 2 10],63,-1,114,-1,92
1,<environment.Job instance at 0x7efc0c627e60>,63,25,[2 8],64,-1,117,-1,92
1,<environment.Job instance at 0x7efc0c6279b0>,67,28,[ 5 11],68,-1,138,-1,110
1,<environment.Job instance at 0x7efc0c627870>,69,13,[11  4],70,-1,132,-1,119
1,<environment.Job instance at 0x7efc0c627fa0>,70,21,[12  2],71,-1,140,-1,119
1,<environment.Job instance at 0x7efc0c627410>,71,23,[ 2 12],72,-1,142,-1,119
1,<environment.Job instance at 0x7efc0c6272d0>,72,26,[ 2 13],73,-1,145,-1,119
1,<environment.Job instance at 0x7efc0c627b90>,73,17,[13  3],74,-1,136,-1,119
1,<environment.Job instance at 0x7efc0c6274b0>,74,22,[13  2],75,-1,141,-1,119
1,<environment.Job instance at 0x7efc0c627a50>,76,13,[ 2 14],77,-1,135,-1,122
1,<environment.Job instance at 0x7efc0c627140>,77,22,[ 3 14],78,-1,144,-1,122
1,<environment.Job instance at 0x7efc0bc87a00>,78,28,[ 3 13],79,-1,150,-1,122
1,<environment.Job instance at 0x7efc0c627690>,79,27,[14  1],80,-1,149,-1,122
1,<environment.Job instance at 0x7efc0bc87af0>,81,17,[13  4],82,-1,148,-1,131
1,<environment.Job instance at 0x7efc0bc87f00>,82,27,[7 4],83,-1,158,-1,131
1,<environment.Job instance at 0x7efc0bc87730>,83,14,[ 5 12],84,-1,145,-1,131
1,<environment.Job instance at 0x7efc0bc87b40>,84,23,[13  4],85,-1,154,-1,131
1,<environment.Job instance at 0x7efc0bc87550>,86,15,[14  3],87,-1,151,-1,136
1,<environment.Job instance at 0x7efc0bc871e0>,87,25,[ 3 10],88,-1,161,-1,136
1,<environment.Job instance at 0x7efc0bc879b0>,90,17,[ 5 13],91,-1,174,-1,157
1,<environment.Job instance at 0x7efc0bc87190>,91,28,[10  2],92,-1,185,-1,157
1,<environment.Job instance at 0x7efc0bc87eb0>,92,24,[9 3],93,-1,181,-1,157
1,<environment.Job instance at 0x7efc0bc876e0>,93,21,[13  1],94,-1,178,-1,157
1,<environment.Job instance at 0x7efc0bc87b90>,94,12,[7 1],95,-1,169,-1,157
1,<environment.Job instance at 0x7efc0bc87410>,95,21,[ 1 10],96,-1,178,-1,157
1,<environment.Job instance at 0x7efc0bc87320>,96,27,[11  3],97,-1,184,-1,157
1,<environment.Job instance at 0x7efc0c0c6280>,2,26,[ 1 13],3,-1,29,-1,3
1,<environment.Job instance at 0x7efc0c667af0>,5,14,[ 3 13],6,-1,20,-1,6
1,<environment.Job instance at 0x7efc0bc87fa0>,6,16,[ 5 13],7,-1,23,-1,7
1,<environment.Job instance at 0x7efc0bf99500>,8,28,[14  2],9,-1,37,-1,9
1,<environment.Job instance at 0x7efc0bb7d4b0>,10,23,[6 4],11,-1,35,-1,12
1,<environment.Job instance at 0x7efc0badb8c0>,12,20,[ 1 11],13,-1,33,-1,13
1,<environment.Job instance at 0x7efc0badbf50>,13,13,[ 2 10],14,-1,31,-1,18
1,<environment.Job instance at 0x7efc0bca64b0>,15,14,[12  2],16,-1,32,-1,18
1,<environment.Job instance at 0x7efc0c2a8910>,17,28,[1 5],18,-1,46,-1,18
1,<environment.Job instance at 0x7efc0c2a8870>,18,21,[14  5],19,-1,40,-1,19
1,<environment.Job instance at 0x7efc0bc8eb40>,19,25,[8 1],20,-1,45,-1,20
1,<environment.Job instance at 0x7efc0bc8ea50>,20,18,[ 1 10],21,-1,40,-1,22
1,<environment.Job instance at 0x7efc0c2a87d0>,21,12,[12  3],22,-1,34,-1,22
1,<environment.Job instance at 0x7efc0c2a1320>,24,25,[4 5],25,-1,63,-1,38
1,<environment.Job instance at 0x7efc0c2a1960>,25,25,[10  3],26,-1,63,-1,38
1,<environment.Job instance at 0x7efc0c2a11e0>,27,28,[13  4],28,-1,71,-1,43
1,<environment.Job instance at 0x7efc0c2a16e0>,28,20,[13  2],29,-1,63,-1,43
1,<environment.Job instance at 0x7efc0c2a1af0>,29,14,[12  3],30,-1,57,-1,43
1,<environment.Job instance at 0x7efc0c2a18c0>,30,17,[ 5 13],31,-1,60,-1,43
1,<environment.Job instance at 0x7efc0c2a1c80>,31,13,[11  3],32,-1,56,-1,43
1,<environment.Job instance at 0x7efc0c2a1e60>,32,18,[13  4],33,-1,61,-1,43
1,<environment.Job instance at 0x7efc0c2a1d70>,34,12,[ 3 12],35,-1,75,-1,63
1,<environment.Job instance at 0x7efc0bc854b0>,35,16,[ 2 11],36,-1,79,-1,63
1,<environment.Job instance at 0x7efc0c2a7190>,36,27,[14  4],37,-1,90,-1,63
1,<environment.Job instance at 0x7efc0c2a70f0>,37,25,[ 2 14],38,-1,88,-1,63
1,<environment.Job instance at 0x7efc0c2a7fa0>,40,20,[ 3 11],41,-1,90,-1,70
1,<environment.Job instance at 0x7efc0b910be0>,43,15,[ 2 14],44,-1,102,-1,87
1,<environment.Job instance at 0x7efc0bbbebe0>,44,23,[ 3 14],45,-1,110,-1,87
1,<environment.Job instance at 0x7efc0bf33f00>,45,21,[ 5 13],46,-1,108,-1,87
1,<environment.Job instance at 0x7efc0bf335f0>,46,16,[ 3 14],47,-1,103,-1,87
1,<environment.Job instance at 0x7efc0b5f91e0>,47,17,[11  5],48,-1,104,-1,87
1,<environment.Job instance at 0x7efc0c20e5a0>,48,14,[11  3],49,-1,101,-1,87
1,<environment.Job instance at 0x7efc0bf33410>,50,13,[14  1],51,-1,113,-1,100
1,<environment.Job instance at 0x7efc0b922230>,53,16,[ 2 12],54,-1,125,-1,109
1,<environment.Job instance at 0x7efc0b90f820>,54,18,[ 3 11],55,-1,127,-1,109
1,<environment.Job instance at 0x7efc0c2a0af0>,56,15,[ 1 14],57,-1,124,-1,109
1,<environment.Job instance at 0x7efc0c212dc0>,57,24,[5 2],58,-1,133,-1,109
1,<environment.Job instance at 0x7efc0c212d20>,58,23,[ 2 13],59,-1,132,-1,109
1,<environment.Job instance at 0x7efc0c2120f0>,59,13,[14  1],60,-1,122,-1,109
1,<environment.Job instance at 0x7efc0c1efe10>,60,22,[ 1 11],61,-1,131,-1,109
1,<environment.Job instance at 0x7efc0c1effa0>,61,23,[3 8],62,-1,132,-1,109
1,<environment.Job instance at 0x7efc0c1efeb0>,62,13,[ 3 12],63,-1,122,-1,109
1,<environment.Job instance at 0x7efc0c1eff00>,63,14,[ 2 11],64,-1,123,-1,109
1,<environment.Job instance at 0x7efc0b8f51e0>,64,25,[5 8],65,-1,134,-1,109
1,<environment.Job instance at 0x7efc0c1fbbe0>,66,26,[10  4],67,-1,146,-1,120
1,<environment.Job instance at 0x7efc0c1fbd70>,68,24,[ 4 13],69,-1,150,-1,126
1,<environment.Job instance at 0x7efc0c221140>,75,23,[ 3 12],76,-1,193,-1,170
1,<environment.Job instance at 0x7efc0c221c30>,77,28,[5 9],78,-1,205,-1,177
1,<environment.Job instance at 0x7efc0c221c30>,3,26,[ 3 14],4,-1,30,-1,4
1,<environment.Job instance at 0x7efc0b646aa0>,4,23,[13  3],5,-1,28,-1,5
1,<environment.Job instance at 0x7efc0b6460a0>,6,18,[14  4],7,-1,25,-1,7
1,<environment.Job instance at 0x7efc0b646cd0>,5,14,[12  3],6,-1,21,-1,7
1,<environment.Job instance at 0x7efc0b646c80>,7,25,[10  4],8,-1,33,-1,8
1,<environment.Job instance at 0x7efc0b646190>,8,22,[ 3 13],9,-1,31,-1,9
1,<environment.Job instance at 0x7efc0b6467d0>,9,24,[1 7],10,-1,34,-1,10
1,<environment.Job instance at 0x7efc0b646c30>,10,18,[12  4],11,-1,29,-1,11
1,<environment.Job instance at 0x7efc0b9960f0>,11,19,[12  4],12,-1,31,-1,12
1,<environment.Job instance at 0x7efc0b6462d0>,14,21,[14  2],15,-1,36,-1,15
1,<environment.Job instance at 0x7efc0b996dc0>,15,23,[6 3],16,-1,39,-1,16
1,<environment.Job instance at 0x7efc0b996910>,13,25,[7 1],14,-1,41,-1,16
1,<environment.Job instance at 0x7efc0b9969b0>,17,23,[10  3],18,-1,42,-1,19
1,<environment.Job instance at 0x7efc0b9967d0>,22,19,[ 5 13],23,-1,43,-1,24
1,<environment.Job instance at 0x7efc0b996280>,23,28,[7 5],24,-1,52,-1,24
1,<environment.Job instance at 0x7efc0b9960a0>,25,15,[14  5],26,-1,41,-1,26
1,<environment.Job instance at 0x7efc0b996e10>,26,21,[14  5],27,-1,48,-1,27
1,<environment.Job instance at 0x7efc0b996140>,27,26,[11  1],28,-1,54,-1,28
1,<environment.Job instance at 0x7efc0b996730>,29,14,[10  5],30,-1,47,-1,33
1,<environment.Job instance at 0x7efc0b9966e0>,30,21,[6 3],31,-1,66,-1,45
1,<environment.Job instance at 0x7efc0b996b90>,32,26,[5 9],33,-1,73,-1,47
1,<environment.Job instance at 0x7efc0b996b40>,33,18,[12  2],34,-1,65,-1,47
1,<environment.Job instance at 0x7efc0b6e2320>,34,28,[ 1 13],35,-1,75,-1,47
1,<environment.Job instance at 0x7efc0b6e21e0>,36,21,[ 3 10],37,-1,76,-1,55
1,<environment.Job instance at 0x7efc0b6e2500>,37,14,[7 1],38,-1,71,-1,57
1,<environment.Job instance at 0x7efc0b6e2e10>,38,25,[ 2 14],39,-1,82,-1,57
1,<environment.Job instance at 0x7efc0b6e2370>,39,13,[ 1 10],40,-1,70,-1,57
1,<environment.Job instance at 0x7efc0b6e27d0>,40,18,[ 1 13],41,-1,75,-1,57
1,<environment.Job instance at 0x7efc0b6e2230>,41,25,[3 6],42,-1,82,-1,57
1,<environment.Job instance at 0x7efc0b6e2b40>,42,18,[4 9],43,-1,165,-1,147
1,<environment.Job instance at 0x7efc0b6e2730>,51,16,[3 8],52,-1,169,-1,153
1,<environment.Job instance at 0x7efc0b6e24b0>,52,16,[ 2 13],53,-1,169,-1,153
1,<environment.Job instance at 0x7efc0b6e2fa0>,53,24,[7 1],54,-1,177,-1,153
1,<environment.Job instance at 0x7efc0b6e2780>,54,21,[1 9],55,-1,174,-1,153
1,<environment.Job instance at 0x7efc0b6e2960>,56,17,[5 8],57,-1,177,-1,160
1,<environment.Job instance at 0x7efc0c7bf6e0>,57,14,[13  5],58,-1,174,-1,160
1,<environment.Job instance at 0x7efc0c7bf410>,58,27,[ 4 13],59,-1,187,-1,160
1,<environment.Job instance at 0x7efc0c7bf190>,59,12,[3 9],60,-1,172,-1,160
1,<environment.Job instance at 0x7efc0c7bfe10>,60,18,[ 2 13],61,-1,178,-1,160
1,<environment.Job instance at 0x7efc0c7bfc30>,61,19,[5 1],62,-1,179,-1,160
1,<environment.Job instance at 0x7efc0c7bf3c0>,62,17,[11  1],63,-1,177,-1,160
1,<environment.Job instance at 0x7efc0c7bf870>,63,13,[12  1],64,-1,173,-1,160
1,<environment.Job instance at 0x7efc0c7bf460>,64,27,[ 2 10],65,-1,187,-1,160
1,<environment.Job instance at 0x7efc0c7bf4b0>,65,14,[1 5],66,-1,174,-1,160
1,<environment.Job instance at 0x7efc0c7bfe60>,66,17,[1 9],67,-1,177,-1,160
1,<environment.Job instance at 0x7efc0c7bfaa0>,67,23,[ 1 14],68,-1,183,-1,160
1,<environment.Job instance at 0x7efc0c7bf910>,68,13,[10  1],69,-1,173,-1,160
1,<environment.Job instance at 0x7efc0c7bfeb0>,69,23,[12  5],70,-1,183,-1,160
1,<environment.Job instance at 0x7efc0c7bf5a0>,70,13,[12  1],71,-1,173,-1,160
1,<environment.Job instance at 0x7efc0c7bf280>,71,27,[10  4],72,-1,187,-1,160
1,<environment.Job instance at 0x7efc0c7bfb40>,72,28,[ 4 14],73,-1,188,-1,160
1,<environment.Job instance at 0x7efc0c7bf050>,73,23,[ 2 11],74,-1,183,-1,160
1,<environment.Job instance at 0x7efc0c7bf550>,74,27,[3 8],75,-1,187,-1,160
1,<environment.Job instance at 0x7efc0c7bfd20>,75,20,[7 1],76,-1,180,-1,160
1,<environment.Job instance at 0x7efc0b88b730>,76,23,[10  5],77,-1,183,-1,160
1,<environment.Job instance at 0x7efc0b88b7d0>,77,25,[14  5],78,-1,185,-1,160
1,<environment.Job instance at 0x7efc0b88ba00>,78,23,[4 9],79,-1,183,-1,160
1,<environment.Job instance at 0x7efc0b88b910>,79,16,[ 4 11],80,-1,176,-1,160
1,<environment.Job instance at 0x7efc0b88bbe0>,80,19,[7 4],81,-1,179,-1,160
1,<environment.Job instance at 0x7efc0b88b140>,81,14,[13  4],82,-1,174,-1,160
1,<environment.Job instance at 0x7efc0b88b230>,82,12,[7 3],83,-1,172,-1,160
1,<environment.Job instance at 0x7efc0b88b9b0>,83,21,[7 2],84,-1,181,-1,160
1,<environment.Job instance at 0x7efc0b88bf00>,84,14,[5 5],85,-1,174,-1,160
1,<environment.Job instance at 0x7efc0b88b460>,85,24,[11  5],86,-1,184,-1,160
1,<environment.Job instance at 0x7efc0b88b960>,86,27,[8 3],87,-1,187,-1,160
1,<environment.Job instance at 0x7efc0b88b050>,87,28,[13  3],88,-1,188,-1,160
1,<environment.Job instance at 0x7efc0b88b8c0>,88,26,[ 4 11],89,-1,186,-1,160
1,<environment.Job instance at 0x7efc0b88beb0>,89,19,[12  4],90,-1,179,-1,160
1,<environment.Job instance at 0x7efc0b88b500>,90,12,[ 5 13],91,-1,172,-1,160
1,<environment.Job instance at 0x7efc0b88b3c0>,91,18,[12  2],92,-1,178,-1,160
1,<environment.Job instance at 0x7efc0b88baa0>,92,13,[2 8],93,-1,173,-1,160
1,<environment.Job instance at 0x7efc0b88b550>,93,23,[11  5],94,-1,183,-1,160
1,<environment.Job instance at 0x7efc0b88b4b0>,94,22,[11  1],95,-1,182,-1,160
1,<environment.Job instance at 0x7efc0b88b280>,95,24,[9 2],96,-1,184,-1,160
1,<environment.Job instance at 0x7efc0b88b5a0>,96,16,[ 1 13],97,-1,176,-1,160
1,<environment.Job instance at 0x7efc0b88b320>,97,18,[ 3 13],98,-1,178,-1,160
1,<environment.Job instance at 0x7efc0b88bd20>,98,28,[13  1],99,-1,188,-1,160
1,<environment.Job instance at 0x7efc0b88b820>,99,27,[ 2 14],100,-1,187,-1,160
1,<environment.Job instance at 0x7efc0bcf3d20>,100,27,[ 3 13],101,-1,187,-1,160
1,<environment.Job instance at 0x7efc0bcf3320>,101,15,[13  2],102,-1,175,-1,160
1,<environment.Job instance at 0x7efc0bcf3a50>,102,12,[6 3],103,-1,172,-1,160
1,<environment.Job instance at 0x7efc0bcf3d70>,103,19,[ 5 12],104,-1,179,-1,160
1,<environment.Job instance at 0x7efc0bcf3820>,104,28,[8 4],105,-1,188,-1,160
1,<environment.Job instance at 0x7efc0bcf30a0>,105,12,[11  3],106,-1,172,-1,160
1,<environment.Job instance at 0x7efc0bcf3af0>,106,27,[13  3],107,-1,187,-1,160
1,<environment.Job instance at 0x7efc0bcf3f50>,107,23,[4 7],108,-1,183,-1,160
1,<environment.Job instance at 0x7efc0bcf3c30>,108,16,[5 9],109,-1,177,-1,161
1,<environment.Job instance at 0x7efc0bcf3c80>,109,16,[ 3 11],110,-1,177,-1,161
1,<environment.Job instance at 0x7efc0bcf34b0>,110,15,[ 3 13],111,-1,176,-1,161
1,<environment.Job instance at 0x7efc0bcf33c0>,111,12,[ 1 11],112,-1,173,-1,161
1,<environment.Job instance at 0x7efc0bcf3550>,112,23,[ 5 11],113,-1,184,-1,161
1,<environment.Job instance at 0x7efc0bcf3190>,113,21,[8 2],114,-1,182,-1,161
1,<environment.Job instance at 0x7efc0bcf3460>,114,23,[ 4 14],115,-1,184,-1,161
1,<environment.Job instance at 0x7efc0bcf3370>,115,26,[1 5],116,-1,187,-1,161
1,<environment.Job instance at 0x7efc0bcf37d0>,116,16,[12  3],117,-1,177,-1,161
1,<environment.Job instance at 0x7efc0bcf3fa0>,117,18,[1 9],118,-1,179,-1,161
1,<environment.Job instance at 0x7efc0bcf3050>,118,12,[ 5 12],119,-1,173,-1,161
1,<environment.Job instance at 0x7efc0bcf3140>,119,16,[ 1 14],120,-1,177,-1,161
1,<environment.Job instance at 0x7efc0bcf31e0>,120,20,[1 5],121,-1,181,-1,161
1,<environment.Job instance at 0x7efc0bcf3640>,121,21,[12  5],122,-1,182,-1,161
1,<environment.Job instance at 0x7efc0bcf3500>,122,20,[6 5],123,-1,181,-1,161
1,<environment.Job instance at 0x7efc0bcfa870>,123,14,[ 5 13],124,-1,175,-1,161
1,<environment.Job instance at 0x7efc0bcfae10>,124,21,[ 4 12],125,-1,182,-1,161
1,<environment.Job instance at 0x7efc0bcfaa00>,125,22,[13  4],126,-1,183,-1,161
1,<environment.Job instance at 0x7efc0bcfaaf0>,126,13,[11  4],127,-1,174,-1,161
1,<environment.Job instance at 0x7efc0bcfa730>,127,22,[12  3],128,-1,183,-1,161
1,<environment.Job instance at 0x7efc0bcfa780>,128,25,[14  2],129,-1,186,-1,161
1,<environment.Job instance at 0x7efc0bcfac80>,129,22,[ 1 11],130,-1,183,-1,161
1,<environment.Job instance at 0x7efc0bcfaa50>,130,17,[8 1],131,-1,178,-1,161
1,<environment.Job instance at 0x7efc0bcfaf50>,131,12,[2 6],132,-1,173,-1,161
1,<environment.Job instance at 0x7efc0bcfa140>,132,13,[7 2],133,-1,174,-1,161
1,<environment.Job instance at 0x7efc0bcfa280>,133,27,[12  1],134,-1,188,-1,161
1,<environment.Job instance at 0x7efc0bcfa190>,134,26,[14  5],135,-1,187,-1,161
1,<environment.Job instance at 0x7efc0bcfafa0>,135,12,[ 4 12],136,-1,173,-1,161
1,<environment.Job instance at 0x7efc0bcfa230>,136,24,[ 4 10],137,-1,185,-1,161
1,<environment.Job instance at 0x7efc0bcfa9b0>,137,18,[13  3],138,-1,179,-1,161
1,<environment.Job instance at 0x7efc0b996a50>,1,23,[12  2],2,-1,25,-1,2
1,<environment.Job instance at 0x7efc0b6e2a00>,2,24,[11  2],3,-1,27,-1,3
1,<environment.Job instance at 0x7efc0b47e6e0>,5,28,[ 1 13],6,-1,34,-1,6
1,<environment.Job instance at 0x7efc0b47e0a0>,8,25,[8 1],9,-1,34,-1,9
1,<environment.Job instance at 0x7efc0b3fd730>,9,12,[12  5],10,-1,22,-1,10
1,<environment.Job instance at 0x7efc0b3fd500>,18,25,[4 8],19,-1,84,-1,59
1,<environment.Job instance at 0x7efc0b3fd640>,19,14,[ 4 10],20,-1,73,-1,59
1,<environment.Job instance at 0x7efc0b3fd8c0>,20,16,[13  2],21,-1,75,-1,59
1,<environment.Job instance at 0x7efc0b3fdeb0>,23,22,[ 1 10],24,-1,90,-1,68
1,<environment.Job instance at 0x7efc0b3fda50>,24,28,[13  5],25,-1,96,-1,68
1,<environment.Job instance at 0x7efc0b45d0f0>,25,23,[9 3],26,-1,91,-1,68
1,<environment.Job instance at 0x7efc0b45d730>,26,23,[8 1],27,-1,91,-1,68
1,<environment.Job instance at 0x7efc0b45d280>,27,21,[13  4],28,-1,89,-1,68
1,<environment.Job instance at 0x7efc0b45dfa0>,28,23,[4 8],29,-1,91,-1,68
1,<environment.Job instance at 0x7efc0b45df00>,30,21,[ 3 13],31,-1,95,-1,74
1,<environment.Job instance at 0x7efc0b45d1e0>,31,18,[13  1],32,-1,92,-1,74
1,<environment.Job instance at 0x7efc0b45d320>,32,13,[ 4 12],33,-1,87,-1,74
1,<environment.Job instance at 0x7efc0b45dc80>,33,25,[3 9],34,-1,99,-1,74
1,<environment.Job instance at 0x7efc0b45de60>,34,25,[3 8],35,-1,99,-1,74
1,<environment.Job instance at 0x7efc0b45d140>,35,23,[ 1 13],36,-1,97,-1,74
1,<environment.Job instance at 0x7efc0b45dd20>,36,15,[14  3],37,-1,89,-1,74
1,<environment.Job instance at 0x7efc0b45d910>,37,20,[ 2 11],38,-1,94,-1,74
1,<environment.Job instance at 0x7efc0b45da00>,38,17,[ 3 12],39,-1,91,-1,74
1,<environment.Job instance at 0x7efc0b45d640>,40,14,[12  2],41,-1,99,-1,85
1,<environment.Job instance at 0x7efc0b45d7d0>,42,19,[ 2 14],43,-1,106,-1,87
1,<environment.Job instance at 0x7efc0b45daa0>,43,15,[12  5],44,-1,102,-1,87
1,<environment.Job instance at 0x7efc0b45d6e0>,44,25,[2 6],45,-1,112,-1,87
1,<environment.Job instance at 0x7efc0b45d410>,45,28,[ 3 12],46,-1,115,-1,87
1,<environment.Job instance at 0x7efc0b45dcd0>,46,26,[8 1],47,-1,113,-1,87
1,<environment.Job instance at 0x7efc0b7d05a0>,49,12,[11  1],50,-1,111,-1,99
1,<environment.Job instance at 0x7efc0b7d0500>,50,15,[13  5],51,-1,114,-1,99
1,<environment.Job instance at 0x7efc0b7d0cd0>,56,22,[12  5],57,-1,158,-1,136
1,<environment.Job instance at 0x7efc0b7d03c0>,58,16,[ 1 12],59,-1,152,-1,136
1,<environment.Job instance at 0x7efc0b7d0050>,59,18,[ 4 12],60,-1,154,-1,136
1,<environment.Job instance at 0x7efc0b7d0780>,60,24,[13  1],61,-1,160,-1,136
1,<environment.Job instance at 0x7efc0b7d0230>,61,12,[ 2 14],62,-1,148,-1,136
1,<environment.Job instance at 0x7efc0b7d0e10>,62,18,[ 2 13],63,-1,154,-1,136
1,<environment.Job instance at 0x7efc0cb6be60>,64,22,[ 2 12],65,-1,158,-1,136
1,<environment.Job instance at 0x7efc0cb6bfa0>,65,12,[14  4],66,-1,148,-1,136
1,<environment.Job instance at 0x7efc0cb6bf00>,66,20,[13  3],67,-1,156,-1,136
1,<environment.Job instance at 0x7efc0cb6b140>,67,14,[12  3],68,-1,150,-1,136
1,<environment.Job instance at 0x7efc0cb6b050>,68,23,[10  4],69,-1,159,-1,136
1,<environment.Job instance at 0x7efc0cb6b460>,71,24,[4 7],72,-1,180,-1,156
1,<environment.Job instance at 0x7efc0cb6bb90>,72,28,[ 4 12],73,-1,184,-1,156
1,<environment.Job instance at 0x7efc0cb6baf0>,73,21,[8 2],74,-1,178,-1,157
1,<environment.Job instance at 0x7efc0bcaac30>,74,13,[ 2 12],75,-1,170,-1,157
1,<environment.Job instance at 0x7efc0cb6b0f0>,75,21,[12  5],76,-1,178,-1,157
1,<environment.Job instance at 0x7efc0cb6b2d0>,76,22,[ 1 11],77,-1,179,-1,157
1,<environment.Job instance at 0x7efc0b47f190>,78,26,[5 3],79,-1,188,-1,162
1,<environment.Job instance at 0x7efc0b47f1e0>,80,16,[ 4 11],81,-1,178,-1,162
1,<environment.Job instance at 0x7efc0b47f280>,83,24,[ 4 14],84,-1,202,-1,178
1,<environment.Job instance at 0x7efc0b47f500>,84,21,[14  4],85,-1,199,-1,178
1,<environment.Job instance at 0x7efc0b51f640>,85,23,[2 6],86,-1,201,-1,178
1,<environment.Job instance at 0x7efc153c6f50>,86,21,[14  2],87,-1,199,-1,178
1,<environment.Job instance at 0x7efc0bf691e0>,87,15,[ 3 13],88,-1,193,-1,178
1,<environment.Job instance at 0x7efc0bf69370>,88,24,[ 5 11],89,-1,202,-1,178
1,<environment.Job instance at 0x7efc0bf69c30>,89,13,[ 2 13],90,-1,191,-1,178
1,<environment.Job instance at 0x7efc0bf69af0>,91,26,[4 9],92,-1,212,-1,186
1,<environment.Job instance at 0x7efc0bafc9b0>,2,15,[ 1 13],3,-1,18,-1,3
1,<environment.Job instance at 0x7efc0c156c80>,3,25,[2 8],4,-1,29,-1,4
1,<environment.Job instance at 0x7efc0c156d70>,6,22,[14  1],7,-1,29,-1,7
1,<environment.Job instance at 0x7efc0cb89190>,9,16,[ 3 13],10,-1,26,-1,10
1,<environment.Job instance at 0x7efc0c9089b0>,14,25,[3 9],15,-1,46,-1,21
1,<environment.Job instance at 0x7efc0c9085f0>,18,12,[ 5 13],19,-1,68,-1,56
1,<environment.Job instance at 0x7efc0c454a50>,21,23,[12  2],22,-1,95,-1,72
1,<environment.Job instance at 0x7efc0c454280>,23,23,[ 4 14],24,-1,104,-1,81
1,<environment.Job instance at 0x7efc0c4546e0>,24,25,[11  4],25,-1,106,-1,81
1,<environment.Job instance at 0x7efc0c454370>,25,27,[11  1],26,-1,108,-1,81
1,<environment.Job instance at 0x7efc0c454730>,27,28,[1 7],28,-1,121,-1,93
1,<environment.Job instance at 0x7efc0c454050>,30,22,[7 5],31,-1,139,-1,117
1,<environment.Job instance at 0x7efc0c454f00>,31,25,[6 5],32,-1,142,-1,117
1,<environment.Job instance at 0x7efc0c454f50>,32,25,[4 7],33,-1,142,-1,117
1,<environment.Job instance at 0x7efc0c454500>,33,23,[14  3],34,-1,140,-1,117
1,<environment.Job instance at 0x7efc0c4548c0>,34,24,[ 1 14],35,-1,141,-1,117
1,<environment.Job instance at 0x7efc0c454fa0>,35,28,[8 3],36,-1,145,-1,117
1,<environment.Job instance at 0x7efc0c3b7aa0>,36,23,[5 1],37,-1,140,-1,117
1,<environment.Job instance at 0x7efc0c454320>,37,24,[ 5 14],38,-1,141,-1,117
1,<environment.Job instance at 0x7efc0c3b7320>,38,26,[1 7],39,-1,143,-1,117
1,<environment.Job instance at 0x7efc0c3b7190>,39,12,[10  1],40,-1,130,-1,118
1,<environment.Job instance at 0x7efc0c3b7910>,40,18,[ 5 13],41,-1,136,-1,118
1,<environment.Job instance at 0x7efc0c3b70a0>,41,27,[5 5],42,-1,145,-1,118
1,<environment.Job instance at 0x7efc0c3b7fa0>,42,15,[12  2],43,-1,133,-1,118
1,<environment.Job instance at 0x7efc0c3b7960>,43,27,[8 5],44,-1,145,-1,118
1,<environment.Job instance at 0x7efc0c3b7870>,44,15,[12  4],45,-1,133,-1,118
1,<environment.Job instance at 0x7efc0c3b7500>,46,18,[ 1 13],47,-1,143,-1,125
1,<environment.Job instance at 0x7efc0c3b7140>,50,15,[13  3],51,-1,164,-1,149
1,<environment.Job instance at 0x7efc0c3b7af0>,52,17,[ 1 13],53,-1,172,-1,155
1,<environment.Job instance at 0x7efc0c3b7c30>,53,22,[13  3],54,-1,177,-1,155
1,<environment.Job instance at 0x7efc0c3b7c80>,55,18,[12  4],56,-1,184,-1,166
1,<environment.Job instance at 0x7efc0c3b7be0>,56,23,[13  5],57,-1,189,-1,166
1,<environment.Job instance at 0x7efc0c6b7f00>,58,27,[12  2],59,-1,205,-1,178
1,<environment.Job instance at 0x7efc0c6b7140>,60,25,[ 4 12],61,-1,206,-1,181
1,<environment.Job instance at 0x7efc0c4b00a0>,1,16,[ 4 14],2,-1,18,-1,2
1,<environment.Job instance at 0x7efc0c156550>,3,24,[5 6],4,-1,28,-1,4
1,<environment.Job instance at 0x7efc0bb09e60>,4,12,[ 5 11],5,-1,17,-1,5
1,<environment.Job instance at 0x7efc0c16c870>,6,26,[14  5],7,-1,33,-1,7
1,<environment.Job instance at 0x7efc0c164f50>,7,21,[12  3],8,-1,29,-1,8
1,<environment.Job instance at 0x7efc0bebf0a0>,8,26,[ 2 14],9,-1,35,-1,9
1,<environment.Job instance at 0x7efc0c5426e0>,10,24,[ 2 13],11,-1,35,-1,11
1,<environment.Job instance at 0x7efc0b3fe820>,15,28,[ 3 14],16,-1,46,-1,18
1,<environment.Job instance at 0x7efc0b3fe7d0>,16,19,[ 5 14],17,-1,37,-1,18
1,<environment.Job instance at 0x7efc0b3fe690>,17,27,[ 1 12],18,-1,45,-1,18
1,<environment.Job instance at 0x7efc0bb07af0>,18,13,[11  4],19,-1,32,-1,19
1,<environment.Job instance at 0x7efc0b9db870>,19,16,[13  2],20,-1,36,-1,20
1,<environment.Job instance at 0x7efc0b9dba00>,20,20,[13  4],21,-1,41,-1,21
1,<environment.Job instance at 0x7efc0c1565a0>,1,23,[10  4],2,-1,25,-1,2
1,<environment.Job instance at 0x7efc0c08bdc0>,2,14,[ 1 11],3,-1,17,-1,3
1,<environment.Job instance at 0x7efc0b80c5f0>,4,21,[ 3 13],5,-1,26,-1,5
1,<environment.Job instance at 0x7efc0c08b0f0>,6,28,[ 1 14],7,-1,35,-1,7
1,<environment.Job instance at 0x7efc0b80cf00>,10,14,[ 2 13],11,-1,25,-1,11
1,<environment.Job instance at 0x7efc0b80cd70>,12,28,[2 8],13,-1,41,-1,13
1,<environment.Job instance at 0x7efc0b80ccd0>,13,13,[ 5 12],14,-1,27,-1,14
1,<environment.Job instance at 0x7efc0b80c190>,14,25,[ 2 14],15,-1,40,-1,15
1,<environment.Job instance at 0x7efc0bf6eeb0>,20,24,[12  3],21,-1,66,-1,42
1,<environment.Job instance at 0x7efc0bf6e0f0>,21,12,[11  5],22,-1,54,-1,42
1,<environment.Job instance at 0x7efc0bf6ea00>,22,16,[ 5 13],23,-1,58,-1,42
1,<environment.Job instance at 0x7efc0bf6e0a0>,23,25,[7 4],24,-1,67,-1,42
1,<environment.Job instance at 0x7efc0bf6ee10>,25,23,[ 4 14],26,-1,65,-1,42
1,<environment.Job instance at 0x7efc0bf6ecd0>,26,26,[11  3],27,-1,68,-1,42
1,<environment.Job instance at 0x7efc0bf6e5a0>,27,26,[7 2],28,-1,68,-1,42
1,<environment.Job instance at 0x7efc0bf6e050>,28,17,[12  5],29,-1,59,-1,42
1,<environment.Job instance at 0x7efc0bf6e460>,29,26,[1 5],30,-1,68,-1,42
1,<environment.Job instance at 0x7efc0bf6e320>,30,22,[ 3 11],31,-1,64,-1,42
1,<environment.Job instance at 0x7efc0bf6eaa0>,31,19,[10  1],32,-1,68,-1,49
1,<environment.Job instance at 0x7efc0bf6ec80>,33,15,[13  3],34,-1,67,-1,52
1,<environment.Job instance at 0x7efc0bf6e7d0>,34,24,[7 2],35,-1,76,-1,52
1,<environment.Job instance at 0x7efc0bf6e2d0>,35,12,[ 5 12],36,-1,64,-1,52
1,<environment.Job instance at 0x7efc0bf6e870>,36,25,[7 5],37,-1,77,-1,52
1,<environment.Job instance at 0x7efc0bf6e370>,37,17,[ 2 13],38,-1,69,-1,52
1,<environment.Job instance at 0x7efc0bf6e1e0>,38,24,[2 6],39,-1,76,-1,52
1,<environment.Job instance at 0x7efc0bf6e280>,40,23,[ 5 10],41,-1,79,-1,56
1,<environment.Job instance at 0x7efc0bf6edc0>,41,22,[12  5],42,-1,78,-1,56
1,<environment.Job instance at 0x7efc0b66d9b0>,42,12,[11  5],43,-1,68,-1,56
1,<environment.Job instance at 0x7efc0b66de10>,43,25,[14  3],44,-1,81,-1,56
1,<environment.Job instance at 0x7efc0b66d0f0>,45,18,[ 3 14],46,-1,87,-1,69
1,<environment.Job instance at 0x7efc0b66d410>,46,16,[12  1],47,-1,85,-1,69
1,<environment.Job instance at 0x7efc0b66d5f0>,49,19,[ 2 12],50,-1,106,-1,87
1,<environment.Job instance at 0x7efc0b66dd70>,50,17,[ 2 12],51,-1,104,-1,87
1,<environment.Job instance at 0x7efc0b66de60>,53,22,[5 1],54,-1,109,-1,87
1,<environment.Job instance at 0x7efc0b66dfa0>,54,18,[14  5],55,-1,105,-1,87
1,<environment.Job instance at 0x7efc0b66d780>,55,14,[5 3],56,-1,101,-1,87
1,<environment.Job instance at 0x7efc0b66d500>,56,24,[ 2 11],57,-1,111,-1,87
1,<environment.Job instance at 0x7efc0b66d140>,57,25,[9 4],58,-1,112,-1,87
1,<environment.Job instance at 0x7efc0b66d8c0>,58,17,[14  2],59,-1,104,-1,87
1,<environment.Job instance at 0x7efc0b66d870>,59,16,[12  5],60,-1,103,-1,87
1,<environment.Job instance at 0x7efc0b66db40>,60,14,[3 9],61,-1,101,-1,87
1,<environment.Job instance at 0x7efc0b66d910>,61,23,[12  4],62,-1,110,-1,87
1,<environment.Job instance at 0x7efc0b66dbe0>,62,18,[14  2],63,-1,105,-1,87
1,<environment.Job instance at 0x7efc0b66d2d0>,63,19,[11  5],64,-1,106,-1,87
1,<environment.Job instance at 0x7efc0caa0cd0>,64,17,[12  1],65,-1,104,-1,87
1,<environment.Job instance at 0x7efc0caa05f0>,65,17,[10  1],66,-1,104,-1,87
1,<environment.Job instance at 0x7efc0caa0190>,66,17,[8 1],67,-1,104,-1,87
1,<environment.Job instance at 0x7efc0caa09b0>,67,25,[ 5 11],68,-1,112,-1,87
1,<environment.Job instance at 0x7efc0caa0460>,68,13,[13  4],69,-1,100,-1,87
1,<environment.Job instance at 0x7efc0caa0140>,69,28,[1 5],70,-1,115,-1,87
1,<environment.Job instance at 0x7efc0caa0050>,70,24,[ 5 11],71,-1,111,-1,87
1,<environment.Job instance at 0x7efc0caa0320>,71,16,[ 5 11],72,-1,103,-1,87
1,<environment.Job instance at 0x7efc0caa0230>,74,28,[7 1],75,-1,134,-1,106
1,<environment.Job instance at 0x7efc0caa0730>,76,27,[ 1 10],77,-1,143,-1,116
1,<environment.Job instance at 0x7efc0caa0550>,77,20,[ 4 12],78,-1,136,-1,116
1,<environment.Job instance at 0x7efc0caa0500>,78,14,[12  2],79,-1,130,-1,116
1,<environment.Job instance at 0x7efc0c66e0f0>,79,23,[1 8],80,-1,139,-1,116
1,<environment.Job instance at 0x7efc0c66e190>,80,21,[3 8],81,-1,137,-1,116
1,<environment.Job instance at 0x7efc0c66e9b0>,81,25,[3 5],82,-1,141,-1,116
1,<environment.Job instance at 0x7efc0c66e5f0>,82,13,[ 5 13],83,-1,129,-1,116
1,<environment.Job instance at 0x7efc0c66e0a0>,83,26,[3 8],84,-1,142,-1,116
1,<environment.Job instance at 0x7efc0c66e2d0>,85,13,[ 1 14],86,-1,129,-1,116
1,<environment.Job instance at 0x7efc0c66ef00>,86,18,[8 1],87,-1,134,-1,116
1,<environment.Job instance at 0x7efc0c66e410>,87,23,[13  1],88,-1,139,-1,116
1,<environment.Job instance at 0x7efc0c66ec80>,88,15,[ 5 14],89,-1,131,-1,116
1,<environment.Job instance at 0x7efc0c66e5a0>,89,12,[6 3],90,-1,129,-1,117
1,<environment.Job instance at 0x7efc0c66ea00>,91,15,[9 1],92,-1,143,-1,128
1,<environment.Job instance at 0x7efc0c66e8c0>,93,16,[13  1],94,-1,151,-1,135
1,<environment.Job instance at 0x7efc0c66efa0>,94,12,[ 3 11],95,-1,147,-1,135
1,<environment.Job instance at 0x7efc0b784370>,95,20,[ 2 12],96,-1,155,-1,135
1,<environment.Job instance at 0x7efc0b784550>,96,24,[1 8],97,-1,159,-1,135
1,<environment.Job instance at 0x7efc0b784870>,99,26,[8 5],100,-1,189,-1,163
1,<environment.Job instance at 0x7efc0b784fa0>,100,12,[14  5],101,-1,175,-1,163
1,<environment.Job instance at 0x7efc0b784280>,101,20,[ 3 11],102,-1,183,-1,163
1,<environment.Job instance at 0x7efc0b784500>,102,15,[ 4 14],103,-1,178,-1,163
1,<environment.Job instance at 0x7efc0b784af0>,103,22,[3 5],104,-1,185,-1,163
1,<environment.Job instance at 0x7efc0b7842d0>,104,12,[14  5],105,-1,175,-1,163
1,<environment.Job instance at 0x7efc0b7847d0>,105,22,[6 2],106,-1,186,-1,164
1,<environment.Job instance at 0x7efc0b784aa0>,106,13,[ 5 12],107,-1,177,-1,164
1,<environment.Job instance at 0x7efc0b784230>,107,26,[1 9],108,-1,190,-1,164
1,<environment.Job instance at 0x7efc156c4eb0>,108,16,[ 3 13],109,-1,180,-1,164
1,<environment.Job instance at 0x7efc156c4d20>,109,16,[10  1],110,-1,181,-1,165
1,<environment.Job instance at 0x7efc156c4a00>,110,18,[13  3],111,-1,183,-1,165
1,<environment.Job instance at 0x7efc0c687a50>,112,26,[ 5 14],113,-1,191,-1,165
1,<environment.Job instance at 0x7efc0c6870f0>,113,26,[10  4],114,-1,191,-1,165
1,<environment.Job instance at 0x7efc0c687dc0>,114,18,[ 3 13],115,-1,183,-1,165
1,<environment.Job instance at 0x7efc0c687230>,115,21,[ 4 10],116,-1,186,-1,165
1,<environment.Job instance at 0x7efc0c687f50>,116,21,[14  4],117,-1,186,-1,165
1,<environment.Job instance at 0x7efc0c687eb0>,117,16,[ 4 12],118,-1,181,-1,165
1,<environment.Job instance at 0x7efc0c687190>,118,24,[14  1],119,-1,189,-1,165
1,<environment.Job instance at 0x7efc0b66d3c0>,1,26,[12  1],2,-1,28,-1,2
1,<environment.Job instance at 0x7efc0c13a190>,2,24,[14  3],3,-1,27,-1,3
1,<environment.Job instance at 0x7efc0c6edf00>,6,14,[ 1 11],7,-1,21,-1,7
1,<environment.Job instance at 0x7efc0c700960>,7,20,[14  1],8,-1,28,-1,8
1,<environment.Job instance at 0x7efc0bab9870>,10,12,[14  4],11,-1,23,-1,11
1,<environment.Job instance at 0x7efc0bab95a0>,9,27,[4 9],10,-1,38,-1,11
1,<environment.Job instance at 0x7efc0bfea0f0>,11,23,[ 3 11],12,-1,35,-1,12
1,<environment.Job instance at 0x7efc0bfea1e0>,13,24,[4 8],14,-1,39,-1,15
1,<environment.Job instance at 0x7efc0bfea2d0>,15,13,[12  4],16,-1,29,-1,16
1,<environment.Job instance at 0x7efc0bfea960>,18,17,[12  2],19,-1,39,-1,22
1,<environment.Job instance at 0x7efc0bfeaf50>,21,28,[2 7],22,-1,50,-1,22
1,<environment.Job instance at 0x7efc0bfeaaf0>,23,27,[9 1],24,-1,66,-1,39
1,<environment.Job instance at 0x7efc0bfea5a0>,25,28,[ 4 13],26,-1,67,-1,39
1,<environment.Job instance at 0x7efc0c32f280>,27,22,[8 5],28,-1,72,-1,50
1,<environment.Job instance at 0x7efc0c32fc80>,28,27,[12  5],29,-1,77,-1,50
1,<environment.Job instance at 0x7efc0c32f8c0>,29,28,[13  5],30,-1,78,-1,50
1,<environment.Job instance at 0x7efc0c32f5a0>,30,16,[ 5 13],31,-1,66,-1,50
1,<environment.Job instance at 0x7efc0c32fd70>,32,13,[ 2 14],33,-1,72,-1,59
1,<environment.Job instance at 0x7efc0c32f410>,34,23,[11  5],35,-1,86,-1,63
1,<environment.Job instance at 0x7efc0c32fa50>,35,23,[6 2],36,-1,86,-1,63
1,<environment.Job instance at 0x7efc0c32ff50>,36,12,[5 1],37,-1,82,-1,70
1,<environment.Job instance at 0x7efc0c32feb0>,37,25,[14  5],38,-1,95,-1,70
1,<environment.Job instance at 0x7efc0c32f730>,39,26,[14  3],40,-1,107,-1,81
1,<environment.Job instance at 0x7efc0c32f2d0>,40,28,[13  5],41,-1,109,-1,81
1,<environment.Job instance at 0x7efc0c32fe60>,42,18,[ 3 12],43,-1,99,-1,81
1,<environment.Job instance at 0x7efc0c32f460>,43,18,[ 2 14],44,-1,99,-1,81
1,<environment.Job instance at 0x7efc0c32f4b0>,44,12,[8 1],45,-1,93,-1,81
1,<environment.Job instance at 0x7efc0c32f5f0>,45,28,[13  5],46,-1,109,-1,81
1,<environment.Job instance at 0x7efc0c32fb40>,46,20,[ 2 13],47,-1,101,-1,81
1,<environment.Job instance at 0x7efc0c32f230>,47,16,[13  5],48,-1,97,-1,81
1,<environment.Job instance at 0x7efc0c12c6e0>,50,25,[6 3],51,-1,118,-1,93
1,<environment.Job instance at 0x7efc0c12ccd0>,52,19,[ 5 13],53,-1,124,-1,105
1,<environment.Job instance at 0x7efc0c12c5a0>,53,19,[12  1],54,-1,124,-1,105
1,<environment.Job instance at 0x7efc0c12cc30>,54,12,[13  2],55,-1,117,-1,105
1,<environment.Job instance at 0x7efc0cb528c0>,61,23,[13  2],62,-1,177,-1,154
1,<environment.Job instance at 0x7efc0cb52230>,62,25,[9 5],63,-1,179,-1,154
1,<environment.Job instance at 0x7efc0cb52410>,63,24,[ 1 13],64,-1,178,-1,154
1,<environment.Job instance at 0x7efc0cb52a50>,64,28,[5 8],65,-1,182,-1,154
1,<environment.Job instance at 0x7efc0cb52500>,67,28,[ 3 13],68,-1,197,-1,169
1,<environment.Job instance at 0x7efc0cb52b90>,68,25,[14  3],69,-1,194,-1,169
1,<environment.Job instance at 0x7efc0cb52050>,70,15,[ 3 14],71,-1,187,-1,172
1,<environment.Job instance at 0x7efc0cb52cd0>,73,15,[ 5 14],74,-1,204,-1,189
1,<environment.Job instance at 0x7efc0cb52690>,74,27,[8 4],75,-1,216,-1,189
1,<environment.Job instance at 0x7efc0c34ba00>,3,28,[5 5],4,-1,32,-1,4
1,<environment.Job instance at 0x7efc0c6fe820>,4,25,[4 8],5,-1,30,-1,5
1,<environment.Job instance at 0x7efc0c711960>,6,12,[14  3],7,-1,19,-1,7
1,<environment.Job instance at 0x7efc0c6fdb40>,7,18,[ 1 13],8,-1,26,-1,8
1,<environment.Job instance at 0x7efc0c311aa0>,14,26,[2 9],15,-1,59,-1,33
1,<environment.Job instance at 0x7efc0c3114b0>,15,28,[13  1],16,-1,61,-1,33
1,<environment.Job instance at 0x7efc0bdcbe60>,16,15,[ 3 11],17,-1,48,-1,33
1,<environment.Job instance at 0x7efc0bdcb5a0>,18,19,[12  4],19,-1,52,-1,33
1,<environment.Job instance at 0x7efc0bdcb2d0>,19,26,[13  3],20,-1,59,-1,33
1,<environment.Job instance at 0x7efc0bdcb500>,20,22,[ 2 14],21,-1,55,-1,33
1,<environment.Job instance at 0x7efc0c767730>,27,14,[ 3 13],28,-1,133,-1,119
1,<environment.Job instance at 0x7efc0c767500>,29,17,[ 3 14],30,-1,150,-1,133
1,<environment.Job instance at 0x7efc0c767460>,2,22,[14  3],3,-1,25,-1,3
1,<environment.Job instance at 0x7efc0c6ed280>,3,23,[3 6],4,-1,27,-1,4
1,<environment.Job instance at 0x7efc0b747a00>,6,25,[ 1 10],7,-1,32,-1,7
1,<environment.Job instance at 0x7efc0c3c9af0>,8,15,[2 8],9,-1,56,-1,41
1,<environment.Job instance at 0x7efc0cbbe370>,16,28,[ 3 14],17,-1,69,-1,41
1,<environment.Job instance at 0x7efc0cbbe4b0>,17,21,[11  1],18,-1,62,-1,41
1,<environment.Job instance at 0x7efc0cbbe2d0>,18,24,[11  3],19,-1,65,-1,41
1,<environment.Job instance at 0x7efc0cbbe140>,19,16,[ 2 11],20,-1,57,-1,41
1,<environment.Job instance at 0x7efc0cbbe410>,20,16,[ 2 10],21,-1,57,-1,41
1,<environment.Job instance at 0x7efc0cbbe050>,21,12,[5 4],22,-1,53,-1,41
1,<environment.Job instance at 0x7efc0cbbebe0>,22,13,[1 5],23,-1,54,-1,41
1,<environment.Job instance at 0x7efc0cbbe550>,23,16,[3 8],24,-1,60,-1,44
1,<environment.Job instance at 0x7efc0cbd4cd0>,24,15,[7 3],25,-1,59,-1,44
1,<environment.Job instance at 0x7efc0cbbe0f0>,25,18,[ 4 11],26,-1,62,-1,44
1,<environment.Job instance at 0x7efc0cbd4b90>,26,27,[5 6],27,-1,71,-1,44
1,<environment.Job instance at 0x7efc0cbd47d0>,27,15,[6 1],28,-1,59,-1,44
1,<environment.Job instance at 0x7efc0cbd4be0>,28,24,[8 1],29,-1,68,-1,44
1,<environment.Job instance at 0x7efc0cbd4690>,29,13,[3 5],30,-1,57,-1,44
1,<environment.Job instance at 0x7efc0cbd4c80>,30,25,[13  5],31,-1,69,-1,44
1,<environment.Job instance at 0x7efc0cbd40f0>,31,14,[ 4 11],32,-1,58,-1,44
1,<environment.Job instance at 0x7efc0cbd4460>,32,16,[4 6],33,-1,60,-1,44
1,<environment.Job instance at 0x7efc0cbd4960>,33,19,[10  1],34,-1,63,-1,44
1,<environment.Job instance at 0x7efc0cbd40a0>,34,14,[ 4 13],35,-1,58,-1,44
1,<environment.Job instance at 0x7efc0cbd41e0>,35,17,[ 5 13],36,-1,61,-1,44
1,<environment.Job instance at 0x7efc0cbd4e10>,36,12,[ 5 12],37,-1,56,-1,44
1,<environment.Job instance at 0x7efc0cbd43c0>,37,17,[5 4],38,-1,65,-1,48
1,<environment.Job instance at 0x7efc0cbd4230>,38,26,[11  2],39,-1,74,-1,48
1,<environment.Job instance at 0x7efc0cbd4410>,39,14,[5 2],40,-1,62,-1,48
1,<environment.Job instance at 0x7efc0cbd44b0>,40,13,[ 3 13],41,-1,61,-1,48
1,<environment.Job instance at 0x7efc0cbd45f0>,41,16,[13  3],42,-1,64,-1,48
1,<environment.Job instance at 0x7efc0cbd4f50>,42,20,[ 5 12],43,-1,68,-1,48
1,<environment.Job instance at 0x7efc0cbd4e60>,43,14,[12  2],44,-1,62,-1,48
1,<environment.Job instance at 0x7efc0cbe5780>,44,27,[7 3],45,-1,75,-1,48
1,<environment.Job instance at 0x7efc0cbe5870>,45,23,[ 5 14],46,-1,71,-1,48
1,<environment.Job instance at 0x7efc0cbe5dc0>,51,13,[13  3],52,-1,97,-1,84
1,<environment.Job instance at 0x7efc0cbe5a00>,52,18,[14  3],53,-1,102,-1,84
1,<environment.Job instance at 0x7efc0cbaf3c0>,54,19,[ 5 12],55,-1,107,-1,88
1,<environment.Job instance at 0x7efc0cbaf4b0>,55,14,[ 4 11],56,-1,102,-1,88
1,<environment.Job instance at 0x7efc0cbaf5f0>,58,13,[ 5 14],59,-1,131,-1,118
1,<environment.Job instance at 0x7efc0cbaf320>,59,28,[3 5],60,-1,146,-1,118
1,<environment.Job instance at 0x7efc0cbaf5a0>,60,19,[ 5 11],61,-1,137,-1,118
1,<environment.Job instance at 0x7efc0cbaf690>,61,18,[ 1 13],62,-1,136,-1,118
1,<environment.Job instance at 0x7efc0cbaf6e0>,62,14,[ 1 11],63,-1,132,-1,118
1,<environment.Job instance at 0x7efc0cbcd9b0>,66,19,[14  3],67,-1,167,-1,148
1,<environment.Job instance at 0x7efc0cbcdfa0>,67,28,[ 2 11],68,-1,176,-1,148
1,<environment.Job instance at 0x7efc0cbcdd70>,68,17,[12  1],69,-1,165,-1,148
1,<environment.Job instance at 0x7efc0cbcd550>,69,14,[ 3 11],70,-1,162,-1,148
1,<environment.Job instance at 0x7efc0cbcd730>,70,14,[13  3],71,-1,162,-1,148
1,<environment.Job instance at 0x7efc0cbcdcd0>,71,12,[ 3 11],72,-1,160,-1,148
1,<environment.Job instance at 0x7efc0be5f870>,72,24,[11  1],73,-1,172,-1,148
1,<environment.Job instance at 0x7efc0be5f8c0>,73,24,[ 2 12],74,-1,172,-1,148
1,<environment.Job instance at 0x7efc0be5fc80>,74,21,[ 5 14],75,-1,169,-1,148
1,<environment.Job instance at 0x7efc0be5f410>,75,27,[ 4 14],76,-1,175,-1,148
1,<environment.Job instance at 0x7efc0be5ff00>,76,15,[6 1],77,-1,163,-1,148
1,<environment.Job instance at 0x7efc0be5fbe0>,78,18,[11  2],79,-1,166,-1,148
1,<environment.Job instance at 0x7efc0be4bbe0>,79,25,[2 9],80,-1,173,-1,148
1,<environment.Job instance at 0x7efc0be68b40>,80,17,[11  1],81,-1,165,-1,148
1,<environment.Job instance at 0x7efc0c13a690>,4,18,[13  1],5,-1,23,-1,5
1,<environment.Job instance at 0x7efc0b8fd3c0>,6,24,[ 3 12],7,-1,31,-1,7
1,<environment.Job instance at 0x7efc0b8fd500>,7,25,[5 2],8,-1,34,-1,9
1,<environment.Job instance at 0x7efc0b2edaa0>,9,23,[10  2],10,-1,33,-1,10
1,<environment.Job instance at 0x7efc0b2eddc0>,10,15,[11  5],11,-1,26,-1,11
1,<environment.Job instance at 0x7efc0b2ed0a0>,11,24,[13  4],12,-1,36,-1,12
1,<environment.Job instance at 0x7efc0b2ed640>,12,18,[ 2 13],13,-1,31,-1,13
1,<environment.Job instance at 0x7efc0b2ed0f0>,13,27,[ 5 10],14,-1,41,-1,14
1,<environment.Job instance at 0x7efc0b2ed2d0>,15,14,[ 1 10],16,-1,30,-1,16
1,<environment.Job instance at 0x7efc0b2edd20>,17,21,[ 5 11],18,-1,39,-1,18
1,<environment.Job instance at 0x7efc0b2ed5f0>,20,20,[12  4],21,-1,41,-1,21
1,<environment.Job instance at 0x7efc0b2eda50>,24,18,[14  3],25,-1,61,-1,43
1,<environment.Job instance at 0x7efc0b2ed910>,25,16,[ 4 14],26,-1,59,-1,43
1,<environment.Job instance at 0x7efc0b2ed550>,26,22,[10  5],27,-1,81,-1,59
1,<environment.Job instance at 0x7efc0b806230>,29,24,[14  3],30,-1,83,-1,59
1,<environment.Job instance at 0x7efc0b8061e0>,30,15,[12  4],31,-1,74,-1,59
1,<environment.Job instance at 0x7efc0b806870>,31,12,[ 4 11],32,-1,71,-1,59
1,<environment.Job instance at 0x7efc0b8069b0>,32,13,[ 3 11],33,-1,72,-1,59
1,<environment.Job instance at 0x7efc0b806c80>,33,14,[12  2],34,-1,73,-1,59
1,<environment.Job instance at 0x7efc0b8065a0>,34,24,[5 9],35,-1,83,-1,59
1,<environment.Job instance at 0x7efc0b806b40>,35,16,[12  1],36,-1,75,-1,59
1,<environment.Job instance at 0x7efc0b806d20>,38,24,[ 1 14],39,-1,100,-1,76
1,<environment.Job instance at 0x7efc0b806f50>,39,14,[ 1 11],40,-1,90,-1,76
1,<environment.Job instance at 0x7efc0b806d70>,40,25,[6 2],41,-1,101,-1,76
1,<environment.Job instance at 0x7efc0c8ec820>,41,14,[13  2],42,-1,90,-1,76
1,<environment.Job instance at 0x7efc0c8eca50>,42,17,[11  4],43,-1,93,-1,76
1,<environment.Job instance at 0x7efc0c8ec460>,44,16,[14  3],45,-1,106,-1,90
1,<environment.Job instance at 0x7efc0c8ec9b0>,45,20,[ 4 11],46,-1,110,-1,90
1,<environment.Job instance at 0x7efc0c8ecaa0>,47,15,[13  4],48,-1,105,-1,90
1,<environment.Job instance at 0x7efc0c8ec910>,48,21,[14  4],49,-1,111,-1,90
1,<environment.Job instance at 0x7efc0c8ec960>,49,19,[ 3 11],50,-1,109,-1,90
1,<environment.Job instance at 0x7efc0c8ecb90>,50,15,[14  1],51,-1,105,-1,90
1,<environment.Job instance at 0x7efc0c8ec500>,52,13,[11  2],53,-1,103,-1,90
1,<environment.Job instance at 0x7efc0c8ecd20>,53,17,[ 2 11],54,-1,107,-1,90
1,<environment.Job instance at 0x7efc0c8ec410>,55,18,[ 4 14],56,-1,121,-1,103
1,<environment.Job instance at 0x7efc0bd3ee60>,57,25,[11  3],58,-1,130,-1,105
1,<environment.Job instance at 0x7efc0bc1e2d0>,58,21,[ 3 12],59,-1,126,-1,105
1,<environment.Job instance at 0x7efc0bd3ec30>,59,26,[5 3],60,-1,131,-1,105
1,<environment.Job instance at 0x7efc0bd3e460>,60,17,[11  2],61,-1,122,-1,105
1,<environment.Job instance at 0x7efc0bd3e870>,61,23,[3 9],62,-1,128,-1,105
1,<environment.Job instance at 0x7efc0bd3ed20>,62,23,[14  4],63,-1,128,-1,105
1,<environment.Job instance at 0x7efc0caa5730>,63,14,[ 1 11],64,-1,119,-1,105
1,<environment.Job instance at 0x7efc0caa5fa0>,64,27,[11  3],65,-1,132,-1,105
1,<environment.Job instance at 0x7efc0caa5c80>,67,28,[13  3],68,-1,149,-1,121
1,<environment.Job instance at 0x7efc0caa5c30>,69,23,[14  5],70,-1,160,-1,137
1,<environment.Job instance at 0x7efc0caa57d0>,70,26,[10  5],71,-1,163,-1,137
1,<environment.Job instance at 0x7efc0caa5f50>,72,27,[14  2],73,-1,166,-1,139
1,<environment.Job instance at 0x7efc0caa5f00>,73,26,[8 3],74,-1,165,-1,139
1,<environment.Job instance at 0x7efc0caa52d0>,74,13,[ 2 14],75,-1,152,-1,139
1,<environment.Job instance at 0x7efc0c3326e0>,76,25,[1 9],77,-1,175,-1,150
1,<environment.Job instance at 0x7efc0caa5e10>,77,25,[9 2],78,-1,175,-1,150
1,<environment.Job instance at 0x7efc0b8f4190>,82,17,[ 5 12],83,-1,190,-1,173
1,<environment.Job instance at 0x7efc0bfb2410>,84,12,[ 3 12],85,-1,196,-1,184
1,<environment.Job instance at 0x7efc0c169aa0>,86,12,[13  4],87,-1,196,-1,184
1,<environment.Job instance at 0x7efc0c169aa0>,2,18,[ 3 14],3,-1,21,-1,3
1,<environment.Job instance at 0x7efc0c95fbe0>,4,18,[ 2 11],5,-1,23,-1,5
1,<environment.Job instance at 0x7efc0c2119b0>,7,12,[ 3 12],8,-1,20,-1,8
1,<environment.Job instance at 0x7efc0cc33cd0>,17,16,[12  2],18,-1,69,-1,53
1,<environment.Job instance at 0x7efc0c166af0>,27,15,[11  2],28,-1,176,-1,161
1,<environment.Job instance at 0x7efc0cb64460>,28,27,[9 5],29,-1,188,-1,161
1,<environment.Job instance at 0x7efc0c277c80>,29,27,[ 2 14],30,-1,188,-1,161
1,<environment.Job instance at 0x7efc0c277b40>,30,28,[5 2],31,-1,189,-1,161
1,<environment.Job instance at 0x7efc0c277c30>,31,23,[12  4],32,-1,184,-1,161
1,<environment.Job instance at 0x7efc0c277d70>,32,22,[ 4 14],33,-1,183,-1,161
1,<environment.Job instance at 0x7efc0c277190>,33,24,[1 9],34,-1,185,-1,161
1,<environment.Job instance at 0x7efc0c2774b0>,35,23,[6 3],36,-1,190,-1,167
1,<environment.Job instance at 0x7efc0c2770a0>,36,22,[12  3],37,-1,189,-1,167
1,<environment.Job instance at 0x7efc0c14d0a0>,37,20,[14  5],38,-1,187,-1,167
1,<environment.Job instance at 0x7efc0c2779b0>,38,19,[11  1],39,-1,186,-1,167
1,<environment.Job instance at 0x7f2a20020be0>,3,13,[12  4],4,-1,17,-1,4
1,<environment.Job instance at 0x7f2a20020dc0>,4,24,[7 2],5,-1,29,-1,5
1,<environment.Job instance at 0x7f2a20020e10>,5,24,[ 2 14],6,-1,30,-1,6
1,<environment.Job instance at 0x7f2a20020eb0>,6,15,[ 2 14],7,-1,22,-1,7
1,<environment.Job instance at 0x7f2a20020f50>,7,26,[9 3],8,-1,34,-1,8
1,<environment.Job instance at 0x7f2a1ff9e050>,8,20,[ 4 13],9,-1,29,-1,9
1,<environment.Job instance at 0x7f2a1ff9e0f0>,9,16,[12  1],10,-1,26,-1,10
1,<environment.Job instance at 0x7f2a1ff9e410>,12,28,[ 1 14],13,-1,41,-1,13
1,<environment.Job instance at 0x7f2a20020cd0>,14,15,[14  4],15,-1,30,-1,15
1,<environment.Job instance at 0x7f2a1ff9e5a0>,15,20,[ 3 12],16,-1,36,-1,16
1,<environment.Job instance at 0x7f2a1ff9e640>,16,28,[5 1],17,-1,46,-1,18
1,<environment.Job instance at 0x7f2a1ff9e730>,18,18,[13  1],19,-1,37,-1,19
1,<environment.Job instance at 0x7f2a1ff9e7d0>,19,23,[8 4],20,-1,44,-1,21
1,<environment.Job instance at 0x7f2a1ff9e910>,21,14,[ 4 11],22,-1,36,-1,22
1,<environment.Job instance at 0x7f2a1ff9ea50>,23,16,[12  2],24,-1,40,-1,24
1,<environment.Job instance at 0x7f2a1ff9eaa0>,25,24,[5 7],26,-1,53,-1,29
1,<environment.Job instance at 0x7f2a1ff9ecd0>,27,17,[ 4 12],28,-1,46,-1,29
1,<environment.Job instance at 0x7f2a1ff9ed70>,28,17,[ 1 13],29,-1,46,-1,29
1,<environment.Job instance at 0x7f2a1ff9eeb0>,29,24,[ 4 13],30,-1,54,-1,30
1,<environment.Job instance at 0x7f2a1ff9ef50>,30,26,[11  4],31,-1,57,-1,31
1,<environment.Job instance at 0x7f2a1ffa1050>,31,28,[ 2 10],32,-1,60,-1,32
1,<environment.Job instance at 0x7f2a1ff9ef00>,33,28,[6 4],34,-1,74,-1,46
1,<environment.Job instance at 0x7f2a1ffa12d0>,34,24,[5 5],35,-1,70,-1,46
1,<environment.Job instance at 0x7f2a200936e0>,5,12,[ 2 12],6,-1,18,-1,6
1,<environment.Job instance at 0x7f2a200c5a50>,10,28,[2 6],11,-1,49,-1,21
1,<environment.Job instance at 0x7f2a200c5af0>,11,23,[13  5],12,-1,44,-1,21
1,<environment.Job instance at 0x7f2a200c5370>,12,14,[ 4 11],13,-1,35,-1,21
1,<environment.Job instance at 0x7f2a200c59b0>,14,24,[2 8],15,-1,45,-1,21
1,<environment.Job instance at 0x7f2a200c5690>,15,26,[5 5],16,-1,47,-1,21
1,<environment.Job instance at 0x7f2a200c58c0>,16,17,[ 4 12],17,-1,38,-1,21
1,<environment.Job instance at 0x7f2a200c5820>,18,12,[7 1],19,-1,50,-1,38
1,<environment.Job instance at 0x7f2a200c5050>,19,26,[1 7],20,-1,64,-1,38
1,<environment.Job instance at 0x7f2a1f718b40>,1,28,[ 5 11],2,-1,30,-1,2
1,<environment.Job instance at 0x7f2a1f718dc0>,2,15,[ 2 13],3,-1,18,-1,3
1,<environment.Job instance at 0x7f2a1f7060f0>,10,27,[ 3 11],11,-1,54,-1,27
1,<environment.Job instance at 0x7f2a1f706410>,11,23,[5 1],12,-1,50,-1,27
1,<environment.Job instance at 0x7f2a1f706460>,12,17,[12  4],13,-1,44,-1,27
1,<environment.Job instance at 0x7f2a1f706870>,15,19,[14  5],16,-1,47,-1,28
1,<environment.Job instance at 0x7f2a1fa8db90>,3,27,[9 2],4,-1,32,-1,5
1,<environment.Job instance at 0x7f2a1f564f50>,5,13,[12  2],6,-1,19,-1,6
1,<environment.Job instance at 0x7f2a1f564f00>,6,27,[10  5],7,-1,34,-1,7
1,<environment.Job instance at 0x7f2a1f5682d0>,8,24,[12  2],9,-1,33,-1,9
1,<environment.Job instance at 0x7f2a1f568370>,9,20,[12  3],10,-1,30,-1,10
1,<environment.Job instance at 0x7f2a1f5685f0>,15,19,[ 4 14],16,-1,53,-1,34
1,<environment.Job instance at 0x7f2a1f5680a0>,10,20,[ 2 10],11,-1,57,-1,37
1,<environment.Job instance at 0x7f2a1f568780>,17,21,[ 1 12],18,-1,58,-1,37
1,<environment.Job instance at 0x7f2a1f568a50>,18,16,[ 1 14],19,-1,53,-1,37
1,<environment.Job instance at 0x7f2a1f568910>,19,18,[ 1 14],20,-1,55,-1,37
1,<environment.Job instance at 0x7f2a1f568870>,20,23,[1 9],21,-1,60,-1,37
1,<environment.Job instance at 0x7f2a1f568af0>,21,17,[14  5],22,-1,54,-1,37
1,<environment.Job instance at 0x7f2a1f568b90>,22,25,[4 8],23,-1,62,-1,37
1,<environment.Job instance at 0x7f2a1f568c80>,23,25,[11  3],24,-1,62,-1,37
1,<environment.Job instance at 0x7f2a1f568d20>,24,15,[14  2],25,-1,52,-1,37
1,<environment.Job instance at 0x7f2a1f5688c0>,25,18,[11  1],26,-1,55,-1,37
1,<environment.Job instance at 0x7f2a1f568f00>,27,17,[12  1],28,-1,64,-1,47
1,<environment.Job instance at 0x7f2a1f568c30>,28,20,[12  2],29,-1,67,-1,47
1,<environment.Job instance at 0x7f2a1f61e410>,1,24,[6 2],2,-1,26,-1,2
1,<environment.Job instance at 0x7f2a1f61e550>,4,23,[1 8],5,-1,28,-1,5
1,<environment.Job instance at 0x7f2a1f61ec30>,5,27,[ 5 14],6,-1,33,-1,6
1,<environment.Job instance at 0x7f2a1f6292d0>,7,27,[5 1],8,-1,35,-1,8
1,<environment.Job instance at 0x7f2a1f629a50>,8,26,[ 2 13],9,-1,35,-1,9
1,<environment.Job instance at 0x7f2a1f5dd370>,9,28,[14  4],10,-1,38,-1,10
1,<environment.Job instance at 0x7f2a1f5dda00>,10,27,[3 9],11,-1,38,-1,11
1,<environment.Job instance at 0x7f2a1f5ddaa0>,11,20,[ 4 11],12,-1,32,-1,12
1,<environment.Job instance at 0x7f2a1f568c30>,13,17,[10  2],14,-1,31,-1,14
1,<environment.Job instance at 0x7f2a1f5ddc30>,14,27,[1 5],15,-1,42,-1,15
1,<environment.Job instance at 0x7f2a1f5ddd70>,15,26,[11  3],16,-1,42,-1,16
1,<environment.Job instance at 0x7f2a1f5dde60>,16,25,[11  3],17,-1,42,-1,17
1,<environment.Job instance at 0x7f2a1f5dd050>,22,13,[14  2],23,-1,37,-1,24
1,<environment.Job instance at 0x7f2a1f5dd460>,23,13,[ 5 11],24,-1,37,-1,24
1,<environment.Job instance at 0x7f2a1f65a820>,24,18,[ 3 14],25,-1,43,-1,25
1,<environment.Job instance at 0x7f2a1f65a640>,2,28,[14  3],3,-1,31,-1,3
1,<environment.Job instance at 0x7f2a1fc985f0>,5,14,[ 3 14],6,-1,20,-1,6
1,<environment.Job instance at 0x7f2a1fc98af0>,6,17,[13  5],7,-1,24,-1,7
1,<environment.Job instance at 0x7f2a1fc98f00>,7,13,[ 5 14],8,-1,21,-1,8
1,<environment.Job instance at 0x7f2a1fc98dc0>,8,25,[4 5],9,-1,34,-1,9
1,<environment.Job instance at 0x7f2a1fc98640>,11,12,[12  3],12,-1,24,-1,12
1,<environment.Job instance at 0x7f2a1fc5b140>,12,28,[6 3],13,-1,44,-1,16
1,<environment.Job instance at 0x7f2a1fc5b0a0>,16,13,[14  5],17,-1,30,-1,17
1,<environment.Job instance at 0x7f2a1fc5b640>,17,16,[ 5 11],18,-1,34,-1,18
1,<environment.Job instance at 0x7f2a1fc5bc80>,18,23,[4 8],19,-1,55,-1,32
1,<environment.Job instance at 0x7f2a1fc5b280>,22,28,[11  2],23,-1,75,-1,47
1,<environment.Job instance at 0x7f2a1fc5beb0>,23,24,[7 5],24,-1,71,-1,47
1,<environment.Job instance at 0x7f2a1f64cb40>,3,26,[7 4],4,-1,31,-1,5
1,<environment.Job instance at 0x7f2a1fe896e0>,5,25,[5 2],6,-1,31,-1,6
1,<environment.Job instance at 0x7f2a1fe89910>,6,24,[6 3],7,-1,31,-1,7
1,<environment.Job instance at 0x7f2a1fe899b0>,7,25,[ 2 14],8,-1,33,-1,8
1,<environment.Job instance at 0x7f2a1fe89c30>,10,28,[8 2],11,-1,39,-1,11
1,<environment.Job instance at 0x7f2a1fe89d20>,11,26,[14  3],12,-1,38,-1,12
1,<environment.Job instance at 0x7f2a1fe89b40>,12,27,[12  1],13,-1,40,-1,13
1,<environment.Job instance at 0x7f2a1fe89e10>,13,27,[ 3 11],14,-1,41,-1,14
1,<environment.Job instance at 0x7f2a1fe89eb0>,14,15,[ 3 13],15,-1,30,-1,15
1,<environment.Job instance at 0x7f2a1fe89f50>,15,21,[ 5 12],16,-1,37,-1,16
1,<environment.Job instance at 0x7f2a1fe7e050>,16,21,[ 5 10],17,-1,41,-1,20
1,<environment.Job instance at 0x7f2a1fe7e370>,20,12,[ 1 10],21,-1,33,-1,21
1,<environment.Job instance at 0x7f2a1fe7e4b0>,21,25,[12  5],22,-1,47,-1,22
1,<environment.Job instance at 0x7f2a1fe7e500>,22,24,[6 4],23,-1,47,-1,23
1,<environment.Job instance at 0x7f2a1fe7e550>,23,19,[ 2 11],24,-1,43,-1,24
1,<environment.Job instance at 0x7f2a1fe7e5f0>,24,23,[13  3],25,-1,48,-1,25
1,<environment.Job instance at 0x7f2a1fe7e820>,27,25,[4 9],28,-1,54,-1,29
1,<environment.Job instance at 0x7f2a1fe7e870>,28,26,[6 1],29,-1,55,-1,29
1,<environment.Job instance at 0x7f2a1fe7e9b0>,29,28,[5 9],30,-1,58,-1,30
1,<environment.Job instance at 0x7f2a1fe7eaa0>,30,24,[4 8],31,-1,55,-1,31
1,<environment.Job instance at 0x7f2a1fe7ea00>,32,23,[10  5],33,-1,65,-1,42
1,<environment.Job instance at 0x7f2a1fe7eb90>,33,24,[12  1],34,-1,66,-1,42
1,<environment.Job instance at 0x7f2a1fe7ec80>,34,17,[12  4],35,-1,59,-1,42
1,<environment.Job instance at 0x7f2a1fe7edc0>,36,27,[13  3],37,-1,73,-1,46
1,<environment.Job instance at 0x7f2a20943a00>,1,18,[ 1 14],2,-1,20,-1,2
1,<environment.Job instance at 0x7f2a209b5690>,4,13,[ 1 12],5,-1,18,-1,5
1,<environment.Job instance at 0x7f2a2971d370>,6,28,[5 7],7,-1,35,-1,7
1,<environment.Job instance at 0x7f2a2971d910>,7,16,[ 4 11],8,-1,24,-1,8
1,<environment.Job instance at 0x7f2a209b52d0>,9,22,[ 3 11],10,-1,32,-1,10
1,<environment.Job instance at 0x7f2a2971deb0>,10,20,[4 9],11,-1,36,-1,16
1,<environment.Job instance at 0x7f2a20b80280>,14,13,[12  4],15,-1,29,-1,16
1,<environment.Job instance at 0x7f2a20b80d20>,15,23,[9 4],16,-1,39,-1,16
1,<environment.Job instance at 0x7f2a20b80f50>,16,13,[ 3 14],17,-1,30,-1,17
1,<environment.Job instance at 0x7f2a20b80460>,17,24,[ 4 14],18,-1,42,-1,18
1,<environment.Job instance at 0x7f2a20b80910>,19,24,[13  3],20,-1,58,-1,34
1,<environment.Job instance at 0x7f2a1fa4df00>,20,27,[9 5],21,-1,61,-1,34
1,<environment.Job instance at 0x7f2a1fa4d9b0>,21,22,[13  5],22,-1,56,-1,34
1,<environment.Job instance at 0x7f2a1fa4d2d0>,22,14,[ 3 13],23,-1,48,-1,34
1,<environment.Job instance at 0x7f2a1fa4de60>,23,26,[14  2],24,-1,60,-1,34
1,<environment.Job instance at 0x7f2a1fa4d960>,24,13,[13  4],25,-1,47,-1,34
1,<environment.Job instance at 0x7f2a1fa4d280>,25,21,[ 4 10],26,-1,55,-1,34
1,<environment.Job instance at 0x7f2a1fa4d5a0>,26,23,[2 8],27,-1,57,-1,34
1,<environment.Job instance at 0x7f2a1fa4dcd0>,27,25,[11  1],28,-1,59,-1,34
1,<environment.Job instance at 0x7f2a1fa4df50>,28,19,[13  3],29,-1,53,-1,34
1,<environment.Job instance at 0x7f2a1fa4d730>,29,13,[6 2],30,-1,47,-1,34
1,<environment.Job instance at 0x7f2a1fa4dc80>,30,25,[13  4],31,-1,59,-1,34
1,<environment.Job instance at 0x7f2a1fa4d500>,31,12,[7 5],32,-1,46,-1,34
1,<environment.Job instance at 0x7f2a1fa4db40>,33,18,[ 2 13],34,-1,52,-1,34
1,<environment.Job instance at 0x7f2a20825140>,1,19,[ 4 14],2,-1,21,-1,2
1,<environment.Job instance at 0x7f2a20280460>,4,17,[14  3],5,-1,22,-1,5
1,<environment.Job instance at 0x7f2a1fa66960>,3,26,[10  3],4,-1,31,-1,5
1,<environment.Job instance at 0x7f2a1f6bbeb0>,8,22,[ 4 12],9,-1,31,-1,9
1,<environment.Job instance at 0x7f2a1fb17aa0>,3,25,[5 5],4,-1,29,-1,4
1,<environment.Job instance at 0x7f2a1fb17b90>,4,26,[12  3],5,-1,31,-1,5
1,<environment.Job instance at 0x7f2a1f6bb6e0>,6,15,[13  2],7,-1,22,-1,7
1,<environment.Job instance at 0x7f2a1fb17960>,5,20,[14  4],6,-1,27,-1,7
1,<environment.Job instance at 0x7f2a1fb17d70>,8,25,[13  5],9,-1,34,-1,9
1,<environment.Job instance at 0x7f2a1fb17d20>,9,19,[ 2 13],10,-1,29,-1,10
1,<environment.Job instance at 0x7f2a1fb17f00>,10,25,[8 3],11,-1,36,-1,11
1,<environment.Job instance at 0x7f2a1fb17dc0>,12,18,[14  4],13,-1,31,-1,13
1,<environment.Job instance at 0x7f2a1fb030f0>,13,14,[14  2],14,-1,28,-1,14
1,<environment.Job instance at 0x7f2a1fb03230>,15,22,[4 7],16,-1,39,-1,17
1,<environment.Job instance at 0x7f2a1fb03460>,18,27,[1 9],19,-1,46,-1,19
1,<environment.Job instance at 0x7f2a1fb035a0>,19,27,[14  4],20,-1,47,-1,20
1,<environment.Job instance at 0x7f2a1fb037d0>,22,26,[ 2 13],23,-1,56,-1,30
1,<environment.Job instance at 0x7f2a1fb03910>,24,25,[ 4 10],25,-1,74,-1,49
1,<environment.Job instance at 0x7f2a1fb039b0>,25,26,[7 1],26,-1,75,-1,49
1,<environment.Job instance at 0x7f2a1fb03a50>,26,21,[8 4],27,-1,70,-1,49
1,<environment.Job instance at 0x7f2a1fb03af0>,27,17,[ 4 13],28,-1,66,-1,49
1,<environment.Job instance at 0x7f2a1fb03b90>,28,15,[1 7],29,-1,64,-1,49
1,<environment.Job instance at 0x7f2a1fb03c30>,29,14,[7 2],30,-1,63,-1,49
1,<environment.Job instance at 0x7f2a1fb03e10>,30,27,[13  4],31,-1,76,-1,49
1,<environment.Job instance at 0x7f2a1fb03d20>,31,17,[13  4],32,-1,66,-1,49
1,<environment.Job instance at 0x7f2a1fb03eb0>,32,13,[14  2],33,-1,62,-1,49
1,<environment.Job instance at 0x7f2a1fb03f50>,33,13,[1 6],34,-1,62,-1,49
1,<environment.Job instance at 0x7f2a1fb03e60>,34,24,[10  1],35,-1,73,-1,49
1,<environment.Job instance at 0x7f2a1fb03f00>,35,15,[1 6],36,-1,64,-1,49
1,<environment.Job instance at 0x7f2a1fb03fa0>,36,13,[5 2],37,-1,62,-1,49
1,<environment.Job instance at 0x7f2a1faf2230>,37,16,[ 2 10],38,-1,65,-1,49
1,<environment.Job instance at 0x7f2a1faf22d0>,38,26,[14  2],39,-1,75,-1,49
1,<environment.Job instance at 0x7f2a1faf2370>,39,25,[13  4],40,-1,74,-1,49
1,<environment.Job instance at 0x7f2a1faf2410>,40,27,[6 1],41,-1,76,-1,49
1,<environment.Job instance at 0x7f2a1faf24b0>,41,26,[ 3 14],42,-1,75,-1,49
1,<environment.Job instance at 0x7f2a1faf25f0>,43,16,[12  2],44,-1,65,-1,49
1,<environment.Job instance at 0x7f2a1faf2690>,44,17,[ 4 11],45,-1,66,-1,49
1,<environment.Job instance at 0x7f2a200b11e0>,5,22,[ 5 13],6,-1,28,-1,6
1,<environment.Job instance at 0x7f2a200b1e60>,6,12,[ 3 11],7,-1,19,-1,7
1,<environment.Job instance at 0x7f2a2917adc0>,7,27,[11  2],8,-1,35,-1,8
1,<environment.Job instance at 0x7f2a200b1730>,9,14,[ 3 10],10,-1,25,-1,11
1,<environment.Job instance at 0x7f2a2917a1e0>,11,22,[ 4 12],12,-1,34,-1,12
1,<environment.Job instance at 0x7f2a2039eb40>,14,27,[12  1],15,-1,47,-1,20
1,<environment.Job instance at 0x7f2a2039eaa0>,15,18,[14  5],16,-1,38,-1,20
1,<environment.Job instance at 0x7f2a2039ed70>,16,13,[ 5 11],17,-1,33,-1,20
1,<environment.Job instance at 0x7f2a2039ee10>,17,27,[12  2],18,-1,47,-1,20
1,<environment.Job instance at 0x7f2a2039e5a0>,18,13,[10  1],19,-1,34,-1,21
1,<environment.Job instance at 0x7f2a2039e5f0>,19,27,[5 1],20,-1,48,-1,21
1,<environment.Job instance at 0x7f2a2039ee60>,20,28,[ 5 10],21,-1,49,-1,21
1,<environment.Job instance at 0x7f2a2039e9b0>,21,27,[11  5],22,-1,49,-1,22
1,<environment.Job instance at 0x7f2a2039ef50>,22,23,[14  5],23,-1,46,-1,23
1,<environment.Job instance at 0x7f2a2039e320>,23,16,[12  4],24,-1,40,-1,24
1,<environment.Job instance at 0x7f2a2039e050>,24,18,[ 1 10],25,-1,44,-1,26
1,<environment.Job instance at 0x7f2a2039e230>,26,20,[ 5 12],27,-1,47,-1,27
1,<environment.Job instance at 0x7f2a2039e410>,27,28,[12  4],28,-1,56,-1,28
1,<environment.Job instance at 0x7f2a2039e1e0>,28,16,[ 1 14],29,-1,45,-1,29
1,<environment.Job instance at 0x7f2a1fa82d70>,31,28,[13  3],32,-1,66,-1,38
1,<environment.Job instance at 0x7f2a1fa825a0>,32,22,[ 3 11],33,-1,60,-1,38
1,<environment.Job instance at 0x7f2a1fa826e0>,33,21,[ 2 13],34,-1,59,-1,38
1,<environment.Job instance at 0x7f2a1fa82370>,34,22,[10  2],35,-1,64,-1,42
1,<environment.Job instance at 0x7f2a1fa82af0>,35,26,[13  3],36,-1,68,-1,42
1,<environment.Job instance at 0x7f2a1fa82dc0>,36,24,[8 2],37,-1,66,-1,42
1,<environment.Job instance at 0x7f2a1fa82820>,38,12,[11  1],39,-1,59,-1,47
1,<environment.Job instance at 0x7f2a1fa827d0>,39,17,[11  3],40,-1,64,-1,47
1,<environment.Job instance at 0x7f2a1fa82690>,40,16,[12  1],41,-1,63,-1,47
1,<environment.Job instance at 0x7f2a1fa82550>,41,15,[ 4 13],42,-1,62,-1,47
1,<environment.Job instance at 0x7f2a1fa82780>,42,28,[13  1],43,-1,75,-1,47
1,<environment.Job instance at 0x7f2a1fa82050>,43,24,[ 4 13],44,-1,71,-1,47
1,<environment.Job instance at 0x7f2a1fa82190>,44,18,[ 1 11],45,-1,65,-1,47
1,<environment.Job instance at 0x7f2a208382d0>,2,13,[ 5 12],3,-1,16,-1,3
1,<environment.Job instance at 0x7f2a1ff96b90>,3,20,[ 2 11],4,-1,24,-1,4
1,<environment.Job instance at 0x7f2a291cd4b0>,11,17,[ 1 13],12,-1,35,-1,18
1,<environment.Job instance at 0x7f2a291cd1e0>,12,16,[ 1 13],13,-1,34,-1,18
1,<environment.Job instance at 0x7f2a1fc110a0>,13,28,[2 7],14,-1,46,-1,18
1,<environment.Job instance at 0x7f2a291cd690>,15,25,[3 9],16,-1,45,-1,20
1,<environment.Job instance at 0x7f2a204a85a0>,17,13,[ 1 13],18,-1,33,-1,20
1,<environment.Job instance at 0x7f2a204b14b0>,18,28,[3 6],19,-1,48,-1,20
1,<environment.Job instance at 0x7f2a204b12d0>,19,12,[ 4 11],20,-1,32,-1,20
1,<environment.Job instance at 0x7f2a1fb30d70>,22,22,[ 5 12],23,-1,55,-1,33
1,<environment.Job instance at 0x7f2a20ad8d70>,23,17,[13  5],24,-1,50,-1,33
1,<environment.Job instance at 0x7f2a204a8a00>,25,13,[12  4],26,-1,57,-1,44
1,<environment.Job instance at 0x7f2a20645f00>,3,24,[13  4],4,-1,28,-1,4
1,<environment.Job instance at 0x7f2a2066f460>,4,19,[ 2 13],5,-1,24,-1,5
1,<environment.Job instance at 0x7f2a20645500>,6,14,[13  4],7,-1,21,-1,7
1,<environment.Job instance at 0x7f2a20658280>,7,15,[13  3],8,-1,23,-1,8
1,<environment.Job instance at 0x7f2a20658140>,9,25,[5 1],10,-1,35,-1,10
1,<environment.Job instance at 0x7f2a20658640>,10,22,[10  1],11,-1,41,-1,19
1,<environment.Job instance at 0x7f2a206d7320>,4,12,[ 5 11],5,-1,17,-1,5
1,<environment.Job instance at 0x7f2a1fe89f50>,6,19,[ 2 11],7,-1,26,-1,7
1,<environment.Job instance at 0x7f2a1fe899b0>,7,26,[6 3],8,-1,34,-1,8
1,<environment.Job instance at 0x7f2a1fe898c0>,8,23,[11  4],9,-1,32,-1,9
1,<environment.Job instance at 0x7f2a2018da00>,9,27,[13  2],10,-1,37,-1,10
1,<environment.Job instance at 0x7f2a2018d7d0>,10,15,[11  4],11,-1,27,-1,12
1,<environment.Job instance at 0x7f2a2018d820>,12,26,[14  3],13,-1,39,-1,13
1,<environment.Job instance at 0x7f2a2018d190>,13,17,[14  4],14,-1,31,-1,14
1,<environment.Job instance at 0x7f2a2018d4b0>,15,17,[11  2],16,-1,33,-1,16
1,<environment.Job instance at 0x7f2a2018db90>,16,12,[12  5],17,-1,29,-1,17
1,<environment.Job instance at 0x7f2a2018dbe0>,17,22,[11  3],18,-1,40,-1,18
1,<environment.Job instance at 0x7f2a1f430cd0>,18,22,[8 2],19,-1,41,-1,19
1,<environment.Job instance at 0x7f2a20054640>,20,23,[2 9],21,-1,44,-1,21
1,<environment.Job instance at 0x7f2a207335a0>,22,23,[8 3],23,-1,46,-1,23
1,<environment.Job instance at 0x7f2a20733730>,23,13,[13  3],24,-1,37,-1,24
1,<environment.Job instance at 0x7f2a20733500>,24,25,[ 1 14],25,-1,50,-1,25
1,<environment.Job instance at 0x7f2a20733780>,25,19,[13  1],26,-1,45,-1,26
1,<environment.Job instance at 0x7f2a207332d0>,26,15,[12  3],27,-1,42,-1,27
1,<environment.Job instance at 0x7f2a20733be0>,27,24,[ 1 11],28,-1,52,-1,28
1,<environment.Job instance at 0x7f2a20733960>,28,27,[10  4],29,-1,56,-1,29
1,<environment.Job instance at 0x7f2a207339b0>,29,26,[5 5],30,-1,56,-1,30
1,<environment.Job instance at 0x7f2a20733f00>,32,16,[11  1],33,-1,49,-1,33
1,<environment.Job instance at 0x7f2a207337d0>,33,28,[ 4 11],34,-1,62,-1,34
1,<environment.Job instance at 0x7f2a20733b90>,35,24,[13  5],36,-1,68,-1,44
1,<environment.Job instance at 0x7f2a20733d70>,36,26,[12  1],37,-1,70,-1,44
1,<environment.Job instance at 0x7f2a1f511460>,3,22,[ 2 14],4,-1,26,-1,4
1,<environment.Job instance at 0x7f2a1f4de7d0>,4,17,[13  4],5,-1,22,-1,5
1,<environment.Job instance at 0x7f2a1f4de5a0>,6,23,[9 1],7,-1,30,-1,7
1,<environment.Job instance at 0x7f2a1f4de230>,7,24,[ 4 13],8,-1,32,-1,8
1,<environment.Job instance at 0x7f2a1f4de910>,8,28,[12  2],9,-1,37,-1,9
1,<environment.Job instance at 0x7f2a1fd04eb0>,2,23,[13  5],3,-1,33,-1,10
1,<environment.Job instance at 0x7f2a1f4de640>,15,13,[ 5 11],16,-1,29,-1,16
1,<environment.Job instance at 0x7f2a1f4de730>,16,12,[ 3 14],17,-1,29,-1,17
1,<environment.Job instance at 0x7f2a1f4de3c0>,18,13,[ 2 13],19,-1,42,-1,29
1,<environment.Job instance at 0x7f2a1fdb1c30>,19,14,[13  2],20,-1,43,-1,29
1,<environment.Job instance at 0x7f2a1fe895f0>,20,18,[11  2],21,-1,47,-1,29
1,<environment.Job instance at 0x7f2a1fe89a00>,21,25,[ 1 10],22,-1,54,-1,29
1,<environment.Job instance at 0x7f2a1fe89be0>,22,20,[ 2 12],23,-1,49,-1,29
1,<environment.Job instance at 0x7f2a1fe89c30>,23,20,[13  1],24,-1,49,-1,29
1,<environment.Job instance at 0x7f2a1f4deeb0>,2,21,[11  5],3,-1,24,-1,3
1,<environment.Job instance at 0x7f2a2070f780>,3,18,[13  4],4,-1,22,-1,4
1,<environment.Job instance at 0x7f2a2070f140>,4,27,[8 5],5,-1,32,-1,5
1,<environment.Job instance at 0x7f2a2070f0a0>,5,12,[ 5 13],6,-1,18,-1,6
1,<environment.Job instance at 0x7f2a2070f3c0>,7,20,[ 5 13],8,-1,28,-1,8
1,<environment.Job instance at 0x7f2a2070fc80>,8,19,[ 2 14],9,-1,28,-1,9
1,<environment.Job instance at 0x7f2a2070f5a0>,9,20,[13  2],10,-1,30,-1,10
1,<environment.Job instance at 0x7f2a2070fd70>,10,16,[ 2 14],11,-1,27,-1,11
1,<environment.Job instance at 0x7f2a2070ff50>,11,26,[7 3],12,-1,38,-1,12
1,<environment.Job instance at 0x7f2a1fe20c30>,12,16,[ 3 13],13,-1,29,-1,13
1,<environment.Job instance at 0x7f2a1fe20f50>,13,28,[ 5 10],14,-1,42,-1,14
1,<environment.Job instance at 0x7f2a1fe204b0>,14,22,[14  1],15,-1,37,-1,15
1,<environment.Job instance at 0x7f2a1fe46b40>,16,15,[ 1 12],17,-1,32,-1,17
1,<environment.Job instance at 0x7f2a1fe596e0>,20,14,[13  5],21,-1,35,-1,21
1,<environment.Job instance at 0x7f2a1fe39b40>,24,18,[ 3 13],25,-1,49,-1,31
1,<environment.Job instance at 0x7f2a1fe39b90>,25,27,[ 1 14],26,-1,58,-1,31
1,<environment.Job instance at 0x7f2a1fe39320>,26,21,[14  2],27,-1,52,-1,31
1,<environment.Job instance at 0x7f2a1fe39e60>,27,22,[11  1],28,-1,53,-1,31
1,<environment.Job instance at 0x7f2a20739fa0>,28,26,[7 4],29,-1,57,-1,31
1,<environment.Job instance at 0x7f2a207394b0>,29,12,[ 1 14],30,-1,43,-1,31
1,<environment.Job instance at 0x7f2a20739690>,30,23,[ 4 14],31,-1,54,-1,31
1,<environment.Job instance at 0x7f2a1f6d60f0>,31,14,[13  2],32,-1,46,-1,32
1,<environment.Job instance at 0x7f2a1f8f1500>,33,21,[11  2],34,-1,65,-1,44
1,<environment.Job instance at 0x7f2a1f702b40>,34,18,[ 2 11],35,-1,62,-1,44
1,<environment.Job instance at 0x7f2a1f715550>,35,17,[11  4],36,-1,61,-1,44
1,<environment.Job instance at 0x7f2a1f715410>,36,14,[ 4 14],37,-1,58,-1,44
1,<environment.Job instance at 0x7f2a1f715370>,37,28,[12  5],38,-1,72,-1,44
1,<environment.Job instance at 0x7f2a1f715d70>,38,13,[12  5],39,-1,57,-1,44
1,<environment.Job instance at 0x7f2a20734910>,39,12,[11  5],40,-1,56,-1,44
1,<environment.Job instance at 0x7f2a1f91b820>,41,26,[5 3],42,-1,75,-1,49
1,<environment.Job instance at 0x7f2a1fe113c0>,42,27,[13  5],43,-1,76,-1,49
1,<environment.Job instance at 0x7f2a1fe11370>,43,28,[ 3 14],44,-1,77,-1,49
1,<environment.Job instance at 0x7f2a2071b640>,44,21,[ 4 11],45,-1,70,-1,49
1,<environment.Job instance at 0x7f2a2071b9b0>,45,18,[ 3 12],46,-1,67,-1,49
1,<environment.Job instance at 0x7f2a20196f50>,1,17,[ 5 14],2,-1,19,-1,2
1,<environment.Job instance at 0x7f2a1f6a0b40>,2,24,[8 5],3,-1,27,-1,3
1,<environment.Job instance at 0x7f2a2033ae10>,3,24,[5 1],4,-1,28,-1,4
1,<environment.Job instance at 0x7f2a2033adc0>,5,16,[ 2 13],6,-1,22,-1,6
1,<environment.Job instance at 0x7f2a2033a690>,6,17,[12  3],7,-1,24,-1,7
1,<environment.Job instance at 0x7f2a2033ad70>,7,14,[14  1],8,-1,22,-1,8
1,<environment.Job instance at 0x7f2a2033a4b0>,8,25,[ 4 10],9,-1,34,-1,9
1,<environment.Job instance at 0x7f2a2033a910>,9,26,[3 6],10,-1,36,-1,10
1,<environment.Job instance at 0x7f2a2033afa0>,12,24,[ 4 12],13,-1,37,-1,13
1,<environment.Job instance at 0x7f2a2033ac30>,14,25,[12  2],15,-1,40,-1,15
1,<environment.Job instance at 0x7f2a2071b9b0>,16,24,[13  1],17,-1,41,-1,17
1,<environment.Job instance at 0x7f2a2033a5f0>,17,13,[11  1],18,-1,31,-1,18
1,<environment.Job instance at 0x7f2a1fdcbbe0>,2,27,[ 3 11],3,-1,30,-1,3
1,<environment.Job instance at 0x7f2a1fd56960>,3,21,[ 3 13],4,-1,25,-1,4
1,<environment.Job instance at 0x7f2a1fd56dc0>,5,21,[ 4 14],6,-1,27,-1,6
1,<environment.Job instance at 0x7f2a1fd56f00>,7,16,[ 4 14],8,-1,24,-1,8
1,<environment.Job instance at 0x7f2a20736c80>,9,14,[13  3],10,-1,24,-1,10
1,<environment.Job instance at 0x7f2a20736e10>,10,24,[3 9],11,-1,36,-1,12
1,<environment.Job instance at 0x7f2a207365f0>,12,17,[ 3 11],13,-1,30,-1,13
1,<environment.Job instance at 0x7f2a20736460>,15,25,[ 2 12],16,-1,43,-1,18
1,<environment.Job instance at 0x7f2a207360a0>,16,27,[1 6],17,-1,45,-1,18
1,<environment.Job instance at 0x7f2a207363c0>,17,27,[8 5],18,-1,45,-1,18
1,<environment.Job instance at 0x7f2a20736960>,19,17,[ 1 11],20,-1,37,-1,20
1,<environment.Job instance at 0x7f2a20736c30>,20,13,[ 3 14],21,-1,34,-1,21
1,<environment.Job instance at 0x7f2a207367d0>,23,16,[11  2],24,-1,51,-1,35
1,<environment.Job instance at 0x7f2a1fd02e60>,24,27,[5 2],25,-1,62,-1,35
1,<environment.Job instance at 0x7f2a1fd022d0>,25,13,[13  5],26,-1,48,-1,35
1,<environment.Job instance at 0x7f2a1fd02780>,26,17,[13  3],27,-1,52,-1,35
1,<environment.Job instance at 0x7f2a1fd02fa0>,27,26,[10  5],28,-1,61,-1,35
1,<environment.Job instance at 0x7f2a1fd02be0>,28,13,[14  3],29,-1,48,-1,35
1,<environment.Job instance at 0x7f2a1fd020f0>,29,26,[ 2 12],30,-1,61,-1,35
1,<environment.Job instance at 0x7f2a1fd021e0>,30,26,[4 5],31,-1,61,-1,35
1,<environment.Job instance at 0x7f2a1fd025f0>,31,21,[2 9],32,-1,70,-1,49
1,<environment.Job instance at 0x7f2a1fd02b90>,33,15,[ 2 13],34,-1,64,-1,49
1,<environment.Job instance at 0x7f2a1fd02e10>,34,18,[11  2],35,-1,67,-1,49
1,<environment.Job instance at 0x7f2a1f511230>,4,12,[13  3],5,-1,17,-1,5
1,<environment.Job instance at 0x7f2a1f5114b0>,3,16,[13  2],4,-1,21,-1,5
1,<environment.Job instance at 0x7f2a291f9500>,11,14,[14  3],12,-1,33,-1,19
1,<environment.Job instance at 0x7f2a20a0fa50>,13,12,[ 5 12],14,-1,45,-1,33
1,<environment.Job instance at 0x7f041124fc80>,4,24,[7 2],5,-1,29,-1,5
1,<environment.Job instance at 0x7f041124fb90>,3,13,[12  4],4,-1,18,-1,5
1,<environment.Job instance at 0x7f041124fd70>,5,24,[ 2 14],6,-1,30,-1,6
1,<environment.Job instance at 0x7f041124fe60>,6,15,[ 2 14],7,-1,22,-1,7
1,<environment.Job instance at 0x7f041124ff00>,7,26,[9 3],8,-1,34,-1,8
1,<environment.Job instance at 0x7f041124ffa0>,8,20,[ 4 13],9,-1,29,-1,9
1,<environment.Job instance at 0x7f04111cd0a0>,9,16,[12  1],10,-1,28,-1,12
1,<environment.Job instance at 0x7f04111cd370>,12,28,[ 1 14],13,-1,41,-1,13
1,<environment.Job instance at 0x7f04111cd2d0>,14,15,[14  4],15,-1,30,-1,15
1,<environment.Job instance at 0x7f04111cd550>,15,20,[ 3 12],16,-1,36,-1,16
1,<environment.Job instance at 0x7f04111cd5f0>,16,28,[5 1],17,-1,45,-1,17
1,<environment.Job instance at 0x7f04111cd690>,17,19,[12  4],18,-1,37,-1,18
1,<environment.Job instance at 0x7f04111cd730>,18,18,[13  1],19,-1,37,-1,19
1,<environment.Job instance at 0x7f04111cd7d0>,19,23,[8 4],20,-1,45,-1,22
1,<environment.Job instance at 0x7f04111cdb90>,23,16,[12  2],24,-1,40,-1,24
1,<environment.Job instance at 0x7f04111d3550>,1,23,[13  5],2,-1,25,-1,2
1,<environment.Job instance at 0x7f04111cdd70>,5,26,[5 5],6,-1,32,-1,6
1,<environment.Job instance at 0x7f0411697460>,6,17,[ 4 12],7,-1,24,-1,7
1,<environment.Job instance at 0x7f0410914d20>,3,26,[5 2],4,-1,31,-1,5
1,<environment.Job instance at 0x7f041108a140>,4,23,[6 4],5,-1,28,-1,5
1,<environment.Job instance at 0x7f0410a2d0a0>,3,25,[13  2],4,-1,30,-1,5
1,<environment.Job instance at 0x7f0410f08cd0>,9,14,[14  1],10,-1,24,-1,10
1,<environment.Job instance at 0x7f0410f08500>,10,14,[12  1],11,-1,25,-1,11
1,<environment.Job instance at 0x7f0411ddc460>,11,17,[12  4],12,-1,29,-1,12
1,<environment.Job instance at 0x7f0411ddcf50>,14,16,[ 4 14],15,-1,60,-1,44
1,<environment.Job instance at 0x7f0411ddc0a0>,2,13,[ 5 11],3,-1,16,-1,3
1,<environment.Job instance at 0x7f04116f9be0>,4,12,[ 5 12],5,-1,17,-1,5
1,<environment.Job instance at 0x7f04107a5d70>,5,13,[9 2],6,-1,19,-1,6
1,<environment.Job instance at 0x7f04107a5d20>,3,13,[14  1],4,-1,19,-1,6
1,<environment.Job instance at 0x7f04107a5eb0>,7,27,[6 1],8,-1,35,-1,8
1,<environment.Job instance at 0x7f04107a5f50>,8,27,[ 4 13],9,-1,36,-1,9
1,<environment.Job instance at 0x7f04107a9140>,10,27,[11  1],11,-1,38,-1,11
1,<environment.Job instance at 0x7f04107a9460>,14,23,[1 8],15,-1,39,-1,16
1,<environment.Job instance at 0x7f04107a9640>,17,27,[5 1],18,-1,45,-1,18
1,<environment.Job instance at 0x7f04107a9780>,18,26,[ 2 13],19,-1,45,-1,19
1,<environment.Job instance at 0x7f04107a97d0>,19,28,[14  4],20,-1,48,-1,20
1,<environment.Job instance at 0x7f04107a9870>,20,27,[3 9],21,-1,48,-1,21
1,<environment.Job instance at 0x7f04107a9910>,21,20,[ 4 11],22,-1,42,-1,22
1,<environment.Job instance at 0x7f04107a99b0>,22,15,[14  1],23,-1,38,-1,23
1,<environment.Job instance at 0x7f04107a9af0>,24,27,[1 5],25,-1,52,-1,25
1,<environment.Job instance at 0x7f04107a9c30>,25,26,[11  3],26,-1,52,-1,26
1,<environment.Job instance at 0x7f04107a9c80>,26,25,[11  3],27,-1,52,-1,27
1,<environment.Job instance at 0x7f04107a9eb0>,29,25,[ 3 13],30,-1,77,-1,52
1,<environment.Job instance at 0x7f04107a9f50>,30,19,[11  3],31,-1,71,-1,52
1,<environment.Job instance at 0x7f04107a9b90>,32,13,[14  2],33,-1,68,-1,55
1,<environment.Job instance at 0x7f04107ac190>,33,13,[ 5 11],34,-1,68,-1,55
1,<environment.Job instance at 0x7f04107ac230>,34,18,[ 3 14],35,-1,73,-1,55
1,<environment.Job instance at 0x7f04107ac230>,2,28,[14  3],3,-1,31,-1,3
1,<environment.Job instance at 0x7f041083cf50>,5,14,[ 3 14],6,-1,20,-1,6
1,<environment.Job instance at 0x7f041083c780>,6,17,[13  5],7,-1,24,-1,7
1,<environment.Job instance at 0x7f041083cb90>,7,13,[ 5 14],8,-1,21,-1,8
1,<environment.Job instance at 0x7f041083c730>,8,25,[4 5],9,-1,34,-1,9
1,<environment.Job instance at 0x7f041083c960>,11,12,[12  3],12,-1,24,-1,12
1,<environment.Job instance at 0x7f04107f4d20>,12,28,[6 3],13,-1,44,-1,16
1,<environment.Job instance at 0x7f04107f4be0>,16,13,[14  5],17,-1,30,-1,17
1,<environment.Job instance at 0x7f04107f4cd0>,17,16,[ 5 11],18,-1,35,-1,19
1,<environment.Job instance at 0x7f04107f4dc0>,18,23,[4 8],19,-1,52,-1,29
1,<environment.Job instance at 0x7f04107f4640>,21,15,[13  3],22,-1,48,-1,33
1,<environment.Job instance at 0x7f04107f4870>,22,28,[11  2],23,-1,61,-1,33
1,<environment.Job instance at 0x7f04107f4f00>,23,24,[7 5],24,-1,57,-1,33
1,<environment.Job instance at 0x7f04107f47d0>,26,27,[ 4 13],27,-1,85,-1,58
1,<environment.Job instance at 0x7f04107f4500>,27,28,[ 1 14],28,-1,86,-1,58
1,<environment.Job instance at 0x7f04107f4690>,28,12,[13  4],29,-1,70,-1,58
1,<environment.Job instance at 0x7f04107f40a0>,29,12,[ 5 12],30,-1,70,-1,58
1,<environment.Job instance at 0x7f04107f4050>,30,28,[7 4],31,-1,86,-1,58
1,<environment.Job instance at 0x7f0410800a50>,31,27,[4 6],32,-1,85,-1,58
1,<environment.Job instance at 0x7f041167a050>,1,26,[14  3],2,-1,28,-1,2
1,<environment.Job instance at 0x7f041167ad70>,2,27,[12  1],3,-1,30,-1,3
1,<environment.Job instance at 0x7f041167ab40>,3,27,[ 3 11],4,-1,31,-1,4
1,<environment.Job instance at 0x7f041167a550>,4,15,[ 3 13],5,-1,20,-1,5
1,<environment.Job instance at 0x7f041167a5f0>,5,21,[ 5 12],6,-1,27,-1,6
1,<environment.Job instance at 0x7f041112b280>,6,21,[ 5 10],7,-1,28,-1,7
1,<environment.Job instance at 0x7f041112b640>,13,19,[ 2 11],14,-1,33,-1,14
1,<environment.Job instance at 0x7f041112ba50>,14,23,[13  3],15,-1,38,-1,15
1,<environment.Job instance at 0x7f04107d31e0>,1,22,[13  5],2,-1,24,-1,2
1,<environment.Job instance at 0x7f0410ab6410>,2,14,[ 3 13],3,-1,17,-1,3
1,<environment.Job instance at 0x7f04112d8be0>,3,26,[14  2],4,-1,30,-1,4
1,<environment.Job instance at 0x7f04116caf00>,4,13,[13  4],5,-1,18,-1,5
1,<environment.Job instance at 0x7f041135ae60>,5,21,[ 4 10],6,-1,27,-1,6
1,<environment.Job instance at 0x7f041135a960>,7,25,[11  1],8,-1,33,-1,8
1,<environment.Job instance at 0x7f041135a370>,8,19,[13  3],9,-1,28,-1,9
1,<environment.Job instance at 0x7f041135ac80>,10,25,[13  4],11,-1,36,-1,11
1,<environment.Job instance at 0x7f041135a0a0>,13,18,[ 2 13],14,-1,32,-1,14
1,<environment.Job instance at 0x7f0410956d70>,18,17,[12  4],19,-1,41,-1,24
1,<environment.Job instance at 0x7f0410956a50>,19,25,[6 4],20,-1,49,-1,24
1,<environment.Job instance at 0x7f041078cb90>,23,14,[14  2],24,-1,54,-1,40
1,<environment.Job instance at 0x7f041079b5f0>,24,27,[ 1 12],25,-1,67,-1,40
1,<environment.Job instance at 0x7f0411db81e0>,25,15,[13  4],26,-1,55,-1,40
1,<environment.Job instance at 0x7f0411db6b40>,26,24,[ 4 14],27,-1,64,-1,40
1,<environment.Job instance at 0x7f0411db6960>,28,16,[12  5],29,-1,71,-1,55
1,<environment.Job instance at 0x7f04113603c0>,30,23,[3 9],31,-1,78,-1,55
1,<environment.Job instance at 0x7f0411360140>,31,19,[ 4 14],32,-1,74,-1,55
1,<environment.Job instance at 0x7f0411356640>,1,20,[ 3 14],2,-1,22,-1,2
1,<environment.Job instance at 0x7f0411360230>,2,24,[14  5],3,-1,27,-1,3
1,<environment.Job instance at 0x7f0411356e10>,3,24,[14  5],4,-1,28,-1,4
1,<environment.Job instance at 0x7f0411356c80>,4,12,[ 4 11],5,-1,17,-1,5
1,<environment.Job instance at 0x7f0411356d20>,5,22,[ 3 14],6,-1,28,-1,6
1,<environment.Job instance at 0x7f04113567d0>,6,14,[ 1 13],7,-1,21,-1,7
1,<environment.Job instance at 0x7f0411356a50>,7,16,[13  5],8,-1,24,-1,8
1,<environment.Job instance at 0x7f0411356190>,8,25,[5 3],9,-1,34,-1,9
1,<environment.Job instance at 0x7f04113565f0>,10,22,[ 3 14],11,-1,33,-1,11
1,<environment.Job instance at 0x7f0411360140>,13,27,[ 4 14],14,-1,41,-1,14
1,<environment.Job instance at 0x7f0410a8c320>,19,21,[ 3 14],20,-1,51,-1,30
1,<environment.Job instance at 0x7f0410a8c0a0>,21,27,[5 5],22,-1,66,-1,39
1,<environment.Job instance at 0x7f0410a8c370>,24,26,[12  3],25,-1,74,-1,48
1,<environment.Job instance at 0x7f0410a8c5f0>,25,20,[14  4],26,-1,68,-1,48
1,<environment.Job instance at 0x7f0410a8c910>,26,15,[13  2],27,-1,63,-1,48
1,<environment.Job instance at 0x7f0410a8c050>,27,24,[ 5 13],28,-1,72,-1,48
1,<environment.Job instance at 0x7f0410a8c9b0>,28,25,[13  5],29,-1,73,-1,48
1,<environment.Job instance at 0x7f0410a8c870>,29,19,[ 2 13],30,-1,67,-1,48
1,<environment.Job instance at 0x7f0410a8cb40>,30,25,[8 3],31,-1,73,-1,48
1,<environment.Job instance at 0x7f0410a8cc80>,31,19,[14  2],32,-1,67,-1,48
1,<environment.Job instance at 0x7f0410a8caa0>,32,18,[14  4],33,-1,66,-1,48
1,<environment.Job instance at 0x7f0410a8cf50>,33,14,[14  2],34,-1,62,-1,48
1,<environment.Job instance at 0x7f04108063c0>,1,26,[ 3 14],2,-1,28,-1,2
1,<environment.Job instance at 0x7f0410a8c500>,4,17,[ 4 11],5,-1,22,-1,5
1,<environment.Job instance at 0x7f041165d460>,6,19,[ 4 12],7,-1,26,-1,7
1,<environment.Job instance at 0x7f041165d5a0>,7,16,[ 1 13],8,-1,24,-1,8
1,<environment.Job instance at 0x7f041165da00>,12,17,[ 2 12],13,-1,30,-1,13
1,<environment.Job instance at 0x7f041165db90>,15,22,[ 5 13],16,-1,52,-1,30
1,<environment.Job instance at 0x7f041165dc30>,16,12,[ 3 11],17,-1,42,-1,30
1,<environment.Job instance at 0x7f041165dcd0>,17,27,[11  2],18,-1,57,-1,30
1,<environment.Job instance at 0x7f041165df50>,21,22,[ 4 12],22,-1,80,-1,58
1,<environment.Job instance at 0x7f041165d7d0>,2,13,[ 5 12],3,-1,16,-1,3
1,<environment.Job instance at 0x7f041103a820>,3,20,[ 2 11],4,-1,24,-1,4
1,<environment.Job instance at 0x7f041103a640>,11,17,[ 1 13],12,-1,35,-1,18
1,<environment.Job instance at 0x7f041103a4b0>,12,16,[ 1 13],13,-1,34,-1,18
1,<environment.Job instance at 0x7f041103a500>,13,28,[2 7],14,-1,46,-1,18
1,<environment.Job instance at 0x7f041103a5f0>,15,25,[3 9],16,-1,45,-1,20
1,<environment.Job instance at 0x7f041103a140>,16,15,[6 1],17,-1,35,-1,20
1,<environment.Job instance at 0x7f041103a8c0>,17,13,[ 1 13],18,-1,33,-1,20
1,<environment.Job instance at 0x7f041103a190>,18,28,[3 6],19,-1,48,-1,20
1,<environment.Job instance at 0x7f041103a2d0>,19,12,[ 4 11],20,-1,32,-1,20
1,<environment.Job instance at 0x7f041103af00>,22,22,[ 5 12],23,-1,55,-1,33
1,<environment.Job instance at 0x7f041103a0f0>,23,17,[13  5],24,-1,50,-1,33
1,<environment.Job instance at 0x7f04107acc80>,25,13,[12  4],26,-1,56,-1,43
1,<environment.Job instance at 0x7f04107ac690>,28,12,[3 5],29,-1,70,-1,58
1,<environment.Job instance at 0x7f04107ac640>,29,15,[1 8],30,-1,73,-1,58
1,<environment.Job instance at 0x7f04107ac460>,30,14,[ 4 13],31,-1,72,-1,58
1,<environment.Job instance at 0x7f04107acc30>,31,23,[ 5 12],32,-1,81,-1,58
1,<environment.Job instance at 0x7f041165d280>,1,14,[14  2],2,-1,16,-1,2
1,<environment.Job instance at 0x7f04107ac0f0>,2,25,[8 5],3,-1,28,-1,3
1,<environment.Job instance at 0x7f041186a370>,4,15,[14  4],5,-1,21,-1,6
1,<environment.Job instance at 0x7f041186aaf0>,6,25,[ 2 13],7,-1,32,-1,7
1,<environment.Job instance at 0x7f041186a7d0>,7,15,[ 5 12],8,-1,23,-1,8
1,<environment.Job instance at 0x7f0410c9df00>,8,26,[11  4],9,-1,35,-1,9
1,<environment.Job instance at 0x7f0410c9d910>,9,21,[12  2],10,-1,31,-1,10
1,<environment.Job instance at 0x7f0410c9d5f0>,10,25,[6 2],11,-1,36,-1,11
1,<environment.Job instance at 0x7f0410c9d1e0>,11,23,[5 5],12,-1,35,-1,12
1,<environment.Job instance at 0x7f0410c9d640>,13,17,[ 4 12],14,-1,31,-1,14
1,<environment.Job instance at 0x7f041186a410>,15,14,[ 5 13],16,-1,30,-1,16
1,<environment.Job instance at 0x7f0410c9d230>,14,21,[3 7],15,-1,38,-1,17
1,<environment.Job instance at 0x7f0410c9d870>,17,22,[ 4 13],18,-1,40,-1,18
1,<environment.Job instance at 0x7f0410c9d370>,19,21,[ 4 14],20,-1,41,-1,20
1,<environment.Job instance at 0x7f0410c9d6e0>,21,13,[12  5],22,-1,35,-1,22
1,<environment.Job instance at 0x7f0410c9d190>,22,23,[5 8],23,-1,49,-1,26
1,<environment.Job instance at 0x7f0410c9daa0>,25,28,[11  2],26,-1,54,-1,26
1,<environment.Job instance at 0x7f0410c9daf0>,26,18,[12  4],27,-1,45,-1,27
1,<environment.Job instance at 0x7f041079b780>,31,15,[ 2 12],32,-1,63,-1,48
1,<environment.Job instance at 0x7f041079beb0>,32,24,[ 1 11],33,-1,72,-1,48
1,<environment.Job instance at 0x7f04118cdc30>,4,25,[ 1 14],5,-1,30,-1,5
1,<environment.Job instance at 0x7f04118cdfa0>,5,19,[13  1],6,-1,25,-1,6
1,<environment.Job instance at 0x7f04118cd0a0>,6,15,[12  3],7,-1,22,-1,7
1,<environment.Job instance at 0x7f04118cd0f0>,7,24,[ 1 11],8,-1,32,-1,8
1,<environment.Job instance at 0x7f04118cd690>,8,27,[10  4],9,-1,36,-1,9
1,<environment.Job instance at 0x7f04118cdc80>,9,26,[5 5],10,-1,36,-1,10
1,<environment.Job instance at 0x7f04118cdb40>,10,14,[9 2],11,-1,33,-1,19
1,<environment.Job instance at 0x7f04118cd820>,15,24,[13  5],16,-1,43,-1,19
1,<environment.Job instance at 0x7f0410f775a0>,16,26,[12  1],17,-1,45,-1,19
1,<environment.Job instance at 0x7f0410f779b0>,17,16,[5 2],18,-1,40,-1,24
1,<environment.Job instance at 0x7f0410f77640>,19,17,[ 2 13],20,-1,41,-1,24
1,<environment.Job instance at 0x7f0410f770a0>,20,13,[1 8],21,-1,37,-1,24
1,<environment.Job instance at 0x7f0410f77500>,21,26,[7 1],22,-1,50,-1,24
1,<environment.Job instance at 0x7f0410f772d0>,22,22,[8 3],23,-1,48,-1,26
1,<environment.Job instance at 0x7f0410f778c0>,23,15,[14  1],24,-1,41,-1,26
1,<environment.Job instance at 0x7f0410f77f00>,25,17,[14  2],26,-1,49,-1,32
1,<environment.Job instance at 0x7f0410f77cd0>,26,20,[11  4],27,-1,52,-1,32
1,<environment.Job instance at 0x7f0410f77a50>,28,12,[10  4],29,-1,54,-1,42
1,<environment.Job instance at 0x7f0410f77280>,29,23,[5 6],30,-1,65,-1,42
1,<environment.Job instance at 0x7f0410f77d70>,30,14,[ 4 13],31,-1,56,-1,42
1,<environment.Job instance at 0x7f0410f77e60>,31,23,[ 5 14],32,-1,65,-1,42
1,<environment.Job instance at 0x7f0410f77870>,32,23,[13  5],33,-1,65,-1,42
1,<environment.Job instance at 0x7f0410f77c30>,33,22,[ 2 14],34,-1,64,-1,42
1,<environment.Job instance at 0x7f0410f77410>,34,17,[13  4],35,-1,59,-1,42
1,<environment.Job instance at 0x7f0410f77a00>,35,22,[6 2],36,-1,64,-1,42
1,<environment.Job instance at 0x7f0410a020f0>,36,23,[9 1],37,-1,65,-1,42
1,<environment.Job instance at 0x7f0410a02910>,37,24,[ 4 13],38,-1,66,-1,42
1,<environment.Job instance at 0x7f0410a02820>,38,28,[12  2],39,-1,70,-1,42
1,<environment.Job instance at 0x7f0410a02b90>,39,15,[9 2],40,-1,61,-1,46
1,<environment.Job instance at 0x7f0410a02b40>,42,14,[12  1],43,-1,70,-1,56
1,<environment.Job instance at 0x7f0410a029b0>,43,16,[6 2],44,-1,72,-1,56
1,<environment.Job instance at 0x7f0410a027d0>,44,25,[10  1],45,-1,81,-1,56
1,<environment.Job instance at 0x7f0410a02fa0>,45,13,[ 5 11],46,-1,69,-1,56
1,<environment.Job instance at 0x7f0410a02d20>,46,12,[ 3 14],47,-1,68,-1,56
1,<environment.Job instance at 0x7f0410a020a0>,47,14,[2 9],48,-1,70,-1,56
1,<environment.Job instance at 0x7f0410a02be0>,48,13,[ 2 13],49,-1,69,-1,56
1,<environment.Job instance at 0x7f0410a02d70>,49,14,[13  2],50,-1,70,-1,56
1,<environment.Job instance at 0x7f0410a022d0>,50,18,[11  2],51,-1,74,-1,56
1,<environment.Job instance at 0x7f0410a024b0>,51,25,[ 1 10],52,-1,81,-1,56
1,<environment.Job instance at 0x7f0410a025a0>,52,20,[ 2 12],53,-1,76,-1,56
1,<environment.Job instance at 0x7f0410a02280>,53,20,[13  1],54,-1,76,-1,56
1,<environment.Job instance at 0x7f0410a02230>,54,13,[4 5],55,-1,69,-1,56
1,<environment.Job instance at 0x7f0410a025f0>,55,20,[3 7],56,-1,77,-1,57
1,<environment.Job instance at 0x7f0410a02500>,56,26,[3 7],57,-1,83,-1,57
1,<environment.Job instance at 0x7f0410ba84b0>,2,24,[12  5],3,-1,27,-1,3
1,<environment.Job instance at 0x7f0410a02500>,3,26,[ 5 10],4,-1,30,-1,4
1,<environment.Job instance at 0x7f0410ec6c80>,5,28,[12  2],6,-1,34,-1,6
1,<environment.Job instance at 0x7f0410ec65f0>,6,21,[ 4 12],7,-1,28,-1,7
1,<environment.Job instance at 0x7f0410ec6280>,7,26,[ 4 12],8,-1,34,-1,8
1,<environment.Job instance at 0x7f0410a02640>,9,13,[11  2],10,-1,23,-1,10
1,<environment.Job instance at 0x7f0410ec6050>,10,13,[ 5 13],11,-1,24,-1,11
1,<environment.Job instance at 0x7f04111df820>,13,23,[ 4 13],14,-1,37,-1,14
1,<environment.Job instance at 0x7f0410e286e0>,14,13,[ 5 14],15,-1,28,-1,15
1,<environment.Job instance at 0x7f0410e28320>,15,22,[5 5],16,-1,44,-1,22
1,<environment.Job instance at 0x7f041a439be0>,19,17,[ 5 12],20,-1,39,-1,22
1,<environment.Job instance at 0x7f0410d5b230>,20,23,[8 4],21,-1,45,-1,22
1,<environment.Job instance at 0x7f04106bc780>,22,21,[11  5],23,-1,46,-1,25
1,<environment.Job instance at 0x7f041a9a4460>,23,18,[13  4],24,-1,43,-1,25
1,<environment.Job instance at 0x7f04116be1e0>,24,27,[8 5],25,-1,52,-1,25
1,<environment.Job instance at 0x7f041098e1e0>,25,12,[ 5 13],26,-1,38,-1,26
1,<environment.Job instance at 0x7f04114b8820>,27,20,[ 5 13],28,-1,58,-1,38
1,<environment.Job instance at 0x7f04107af140>,28,19,[ 2 14],29,-1,57,-1,38
1,<environment.Job instance at 0x7f04107af5f0>,29,20,[13  2],30,-1,58,-1,38
1,<environment.Job instance at 0x7f0410b1d190>,30,16,[ 2 14],31,-1,54,-1,38
1,<environment.Job instance at 0x7f0411425050>,31,26,[7 3],32,-1,64,-1,38
1,<environment.Job instance at 0x7f0410c18e60>,32,16,[ 3 13],33,-1,54,-1,38
1,<environment.Job instance at 0x7f04117b4690>,33,28,[ 5 10],34,-1,66,-1,38
1,<environment.Job instance at 0x7f0410ec9d20>,34,22,[14  1],35,-1,60,-1,38
1,<environment.Job instance at 0x7f04110197d0>,36,15,[ 1 12],37,-1,53,-1,38
1,<environment.Job instance at 0x7f0411d7a550>,1,26,[5 3],2,-1,28,-1,2
1,<environment.Job instance at 0x7f0411d7a410>,2,27,[13  5],3,-1,30,-1,3
1,<environment.Job instance at 0x7f0411d7a370>,3,28,[ 3 14],4,-1,32,-1,4
1,<environment.Job instance at 0x7f0411d7aaf0>,4,21,[ 4 11],5,-1,26,-1,5
1,<environment.Job instance at 0x7f0411d7a960>,5,18,[ 3 12],6,-1,24,-1,6
1,<environment.Job instance at 0x7f0411d7acd0>,7,26,[14  5],8,-1,34,-1,8
1,<environment.Job instance at 0x7f041a40fa50>,8,24,[4 6],9,-1,33,-1,9
1,<environment.Job instance at 0x7f0411d7aeb0>,10,20,[12  3],11,-1,31,-1,11
1,<environment.Job instance at 0x7f041a40f280>,9,18,[13  1],10,-1,29,-1,11
1,<environment.Job instance at 0x7f041a40fe60>,11,17,[ 5 14],12,-1,29,-1,12
1,<environment.Job instance at 0x7f041a40f1e0>,12,24,[8 5],13,-1,37,-1,13
1,<environment.Job instance at 0x7f041a5f3730>,15,16,[ 2 13],16,-1,32,-1,16
1,<environment.Job instance at 0x7f041a40ff50>,17,14,[14  1],18,-1,32,-1,18
1,<environment.Job instance at 0x7f041a5f1a50>,18,25,[ 4 10],19,-1,44,-1,19
1,<environment.Job instance at 0x7f041abdb370>,19,26,[3 6],20,-1,46,-1,20
1,<environment.Job instance at 0x7f041a40fa00>,16,17,[12  3],17,-1,37,-1,20
1,<environment.Job instance at 0x7f041a3d06e0>,21,14,[11  5],22,-1,36,-1,22
1,<environment.Job instance at 0x7f0411080780>,22,24,[ 4 12],23,-1,47,-1,23
1,<environment.Job instance at 0x7f04105353c0>,24,25,[12  2],25,-1,50,-1,25
1,<environment.Job instance at 0x7f041110bd70>,26,24,[13  1],27,-1,51,-1,27
1,<environment.Job instance at 0x7f0411ce8e10>,27,13,[11  1],28,-1,42,-1,29
1,<environment.Job instance at 0x7f041172f690>,29,16,[13  1],30,-1,46,-1,30
1,<environment.Job instance at 0x7f0411cda550>,32,21,[11  4],33,-1,58,-1,37
1,<environment.Job instance at 0x7f0411cda4b0>,33,13,[13  5],34,-1,50,-1,37
1,<environment.Job instance at 0x7f0411cdaa00>,34,16,[ 5 13],35,-1,53,-1,37
1,<environment.Job instance at 0x7f0411cda780>,35,27,[ 1 10],36,-1,64,-1,37
1,<environment.Job instance at 0x7f0411b18910>,39,23,[ 3 13],40,-1,78,-1,55
1,<environment.Job instance at 0x7f0410a5f460>,3,21,[ 3 13],4,-1,25,-1,4
1,<environment.Job instance at 0x7f0410a5fb90>,5,21,[ 4 14],6,-1,27,-1,6
1,<environment.Job instance at 0x7f0410a5f0a0>,6,13,[14  2],7,-1,20,-1,7
1,<environment.Job instance at 0x7f0410a5fe60>,7,16,[ 4 14],8,-1,24,-1,8
1,<environment.Job instance at 0x7f0410a6a0f0>,15,25,[ 2 12],16,-1,70,-1,45
1,<environment.Job instance at 0x7f0410a6a550>,16,27,[1 6],17,-1,72,-1,45
1,<environment.Job instance at 0x7f0410a6a6e0>,17,27,[8 5],18,-1,72,-1,45
1,<environment.Job instance at 0x7f0410a6ab40>,19,17,[ 1 11],20,-1,74,-1,57
1,<environment.Job instance at 0x7f0410a6a870>,20,13,[ 3 14],21,-1,70,-1,57
1,<environment.Job instance at 0x7f041083adc0>,3,12,[ 5 12],4,-1,16,-1,4
1,<environment.Job instance at 0x7f0410f0bc30>,7,28,[3 5],8,-1,37,-1,9
1,<environment.Job instance at 0x7f0410594e60>,13,23,[1 5],14,-1,67,-1,44
1,<environment.Job instance at 0x7f0410594280>,14,18,[ 1 12],15,-1,62,-1,44
1,<environment.Job instance at 0x7f0410594320>,15,15,[ 3 13],16,-1,59,-1,44
1,<environment.Job instance at 0x7f0410594960>,17,16,[13  1],18,-1,60,-1,44
1,<environment.Job instance at 0x7f0410444a50>,19,14,[14  1],20,-1,63,-1,49
1,<environment.Job instance at 0x7f0410d55fa0>,8,28,[ 4 12],9,-1,44,-1,16
1,<environment.Job instance at 0x7f0410c663c0>,11,24,[ 5 14],12,-1,54,-1,30
1,<environment.Job instance at 0x7f0410c66fa0>,12,27,[11  1],13,-1,57,-1,30
1,<environment.Job instance at 0x7f0410c78730>,14,16,[ 1 14],15,-1,46,-1,30
1,<environment.Job instance at 0x7f0410c78c30>,15,18,[13  3],16,-1,48,-1,30
1,<environment.Job instance at 0x7f0410c7f9b0>,19,13,[ 5 14],20,-1,61,-1,48
1,<environment.Job instance at 0x7f0410c7fbe0>,20,17,[ 5 13],21,-1,65,-1,48
1,<environment.Job instance at 0x7f0411ca0370>,21,27,[11  5],22,-1,75,-1,48
1,<environment.Job instance at 0x7f0410796910>,22,22,[ 2 10],23,-1,70,-1,48
1,<environment.Job instance at 0x7f0410796d20>,23,12,[11  1],24,-1,60,-1,48
1,<environment.Job instance at 0x7f0410796e10>,25,14,[ 5 13],26,-1,62,-1,48
1,<environment.Job instance at 0x7f0410796730>,26,13,[ 2 14],27,-1,61,-1,48
1,<environment.Job instance at 0x7f0410796870>,27,22,[10  1],28,-1,70,-1,48
1,<environment.Job instance at 0x7f0410796410>,28,28,[1 7],29,-1,76,-1,48
1,<environment.Job instance at 0x7f04107964b0>,29,24,[5 1],30,-1,72,-1,48
1,<environment.Job instance at 0x7f0410796140>,30,15,[ 3 13],31,-1,63,-1,48
1,<environment.Job instance at 0x7f0410c60c30>,31,12,[ 3 14],32,-1,60,-1,48
1,<environment.Job instance at 0x7f0410c608c0>,32,27,[6 5],33,-1,75,-1,48
1,<environment.Job instance at 0x7f04107b0f50>,3,24,[14  1],4,-1,28,-1,4
1,<environment.Job instance at 0x7f04107b0870>,5,14,[ 1 13],6,-1,20,-1,6
1,<environment.Job instance at 0x7f0410793640>,6,17,[ 3 12],7,-1,24,-1,7
1,<environment.Job instance at 0x7f0410793550>,7,26,[11  2],8,-1,34,-1,8
1,<environment.Job instance at 0x7f0410793dc0>,9,24,[11  1],10,-1,34,-1,10
1,<environment.Job instance at 0x7f0410793d70>,10,23,[13  2],11,-1,34,-1,11
1,<environment.Job instance at 0x7f0410793f00>,11,18,[13  5],12,-1,30,-1,12
1,<environment.Job instance at 0x7f04107938c0>,13,28,[5 9],14,-1,42,-1,14
1,<environment.Job instance at 0x7f0410793500>,19,20,[ 5 12],20,-1,60,-1,40
1,<environment.Job instance at 0x7f04107935f0>,20,18,[14  1],21,-1,58,-1,40
1,<environment.Job instance at 0x7f0410796c80>,21,19,[ 2 14],22,-1,59,-1,40
1,<environment.Job instance at 0x7f0410796cd0>,22,24,[ 2 14],23,-1,64,-1,40
1,<environment.Job instance at 0x7f0410796780>,23,28,[12  4],24,-1,68,-1,40
1,<environment.Job instance at 0x7f0410796460>,25,23,[3 6],26,-1,64,-1,41
1,<environment.Job instance at 0x7f0410796b40>,26,25,[14  5],27,-1,66,-1,41
1,<environment.Job instance at 0x7f041136a190>,2,27,[11  3],3,-1,30,-1,3
1,<environment.Job instance at 0x7f041136a3c0>,4,27,[ 1 14],5,-1,32,-1,5
1,<environment.Job instance at 0x7f041136a2d0>,5,21,[ 3 11],6,-1,27,-1,6
1,<environment.Job instance at 0x7f041136ac80>,7,15,[8 2],8,-1,30,-1,15
1,<environment.Job instance at 0x7f0410e13230>,10,25,[9 5],11,-1,40,-1,15
1,<environment.Job instance at 0x7f0410e13960>,13,26,[14  5],14,-1,48,-1,22
1,<environment.Job instance at 0x7f0410e13190>,14,12,[11  4],15,-1,34,-1,22
1,<environment.Job instance at 0x7f0410e13050>,15,26,[14  3],16,-1,48,-1,22
1,<environment.Job instance at 0x7f0410e13870>,16,17,[ 5 11],17,-1,39,-1,22
1,<environment.Job instance at 0x7f0410e13a00>,17,26,[ 2 11],18,-1,48,-1,22
1,<environment.Job instance at 0x7f4039184460>,3,13,[12  4],4,-1,17,-1,4
1,<environment.Job instance at 0x7f4039184640>,4,24,[7 2],5,-1,29,-1,5
1,<environment.Job instance at 0x7f4039184690>,5,24,[ 2 14],6,-1,30,-1,6
1,<environment.Job instance at 0x7f4039184730>,6,15,[ 2 14],7,-1,22,-1,7
1,<environment.Job instance at 0x7f40391847d0>,7,26,[9 3],8,-1,34,-1,8
1,<environment.Job instance at 0x7f4039184870>,8,20,[ 4 13],9,-1,29,-1,9
1,<environment.Job instance at 0x7f4039184910>,9,16,[12  1],10,-1,26,-1,10
1,<environment.Job instance at 0x7f4039184b90>,12,28,[ 1 14],13,-1,41,-1,13
1,<environment.Job instance at 0x7f4039184b40>,14,15,[14  4],15,-1,30,-1,15
1,<environment.Job instance at 0x7f4039184dc0>,15,20,[ 3 12],16,-1,36,-1,16
1,<environment.Job instance at 0x7f4039184e60>,16,28,[5 1],17,-1,46,-1,18
1,<environment.Job instance at 0x7f4039184550>,18,18,[13  1],19,-1,37,-1,19
1,<environment.Job instance at 0x7f4039187050>,19,23,[8 4],20,-1,44,-1,21
1,<environment.Job instance at 0x7f4039187190>,21,14,[ 4 11],22,-1,36,-1,22
1,<environment.Job instance at 0x7f40391872d0>,23,16,[12  2],24,-1,40,-1,24
1,<environment.Job instance at 0x7f4039187320>,25,24,[5 7],26,-1,53,-1,29
1,<environment.Job instance at 0x7f4039187550>,27,17,[ 4 12],28,-1,46,-1,29
1,<environment.Job instance at 0x7f40391875f0>,28,17,[ 1 13],29,-1,46,-1,29
1,<environment.Job instance at 0x7f4039187730>,29,24,[ 4 13],30,-1,54,-1,30
1,<environment.Job instance at 0x7f4039187870>,30,26,[11  4],31,-1,57,-1,31
1,<environment.Job instance at 0x7f40391878c0>,31,28,[ 2 10],32,-1,60,-1,32
1,<environment.Job instance at 0x7f4039187a50>,33,28,[6 4],34,-1,74,-1,46
1,<environment.Job instance at 0x7f4039187af0>,34,24,[5 5],35,-1,70,-1,46
1,<environment.Job instance at 0x7f4039187cd0>,37,14,[ 5 14],38,-1,80,-1,66
1,<environment.Job instance at 0x7f4039187d70>,38,24,[13  2],39,-1,90,-1,66
1,<environment.Job instance at 0x7f4039187dc0>,2,28,[11  1],3,-1,31,-1,3
1,<environment.Job instance at 0x7f403985a410>,9,14,[12  1],10,-1,24,-1,10
1,<environment.Job instance at 0x7f403985a640>,10,19,[12  3],11,-1,30,-1,11
1,<environment.Job instance at 0x7f403985a320>,2,23,[ 3 11],3,-1,26,-1,3
1,<environment.Job instance at 0x7f4038dfd0a0>,3,14,[ 3 12],4,-1,18,-1,4
1,<environment.Job instance at 0x7f4038dfd7d0>,4,15,[ 2 13],5,-1,20,-1,5
1,<environment.Job instance at 0x7f4038dfd870>,5,26,[7 2],6,-1,32,-1,6
1,<environment.Job instance at 0x7f4038dfd550>,12,12,[1 5],13,-1,35,-1,23
1,<environment.Job instance at 0x7f4038dfdcd0>,13,27,[9 2],14,-1,50,-1,23
1,<environment.Job instance at 0x7f4038dfd910>,14,26,[12  4],15,-1,49,-1,23
1,<environment.Job instance at 0x7f4038dfde60>,16,15,[ 2 10],17,-1,38,-1,23
1,<environment.Job instance at 0x7f4038dfdf50>,17,25,[ 3 13],18,-1,48,-1,23
1,<environment.Job instance at 0x7f4038dfd960>,18,24,[12  5],19,-1,47,-1,23
1,<environment.Job instance at 0x7f40388c1b90>,19,25,[ 2 11],20,-1,48,-1,23
1,<environment.Job instance at 0x7f40388c1910>,20,26,[5 4],21,-1,49,-1,23
1,<environment.Job instance at 0x7f40388c1550>,21,23,[ 3 14],22,-1,46,-1,23
1,<environment.Job instance at 0x7f40388c1050>,23,17,[13  1],24,-1,53,-1,36
1,<environment.Job instance at 0x7f40388c1820>,24,22,[3 8],25,-1,60,-1,38
1,<environment.Job instance at 0x7f40388c1460>,25,16,[11  3],26,-1,54,-1,38
1,<environment.Job instance at 0x7f40388c1870>,26,24,[13  4],27,-1,62,-1,38
1,<environment.Job instance at 0x7f40388c16e0>,27,18,[14  2],28,-1,56,-1,38
1,<environment.Job instance at 0x7f40388c15a0>,29,17,[14  3],30,-1,55,-1,38
1,<environment.Job instance at 0x7f40388c1b40>,30,24,[ 4 11],31,-1,62,-1,38
1,<environment.Job instance at 0x7f40388c1a00>,31,14,[ 5 10],32,-1,63,-1,49
1,<environment.Job instance at 0x7f40388c10a0>,34,25,[14  5],35,-1,75,-1,50
1,<environment.Job instance at 0x7f40388c1f00>,35,24,[3 7],36,-1,74,-1,50
1,<environment.Job instance at 0x7f40388c11e0>,37,17,[11  1],38,-1,76,-1,59
1,<environment.Job instance at 0x7f40388bf1e0>,38,27,[ 3 13],39,-1,86,-1,59
1,<environment.Job instance at 0x7f40388bfcd0>,40,26,[3 9],41,-1,92,-1,66
1,<environment.Job instance at 0x7f40388bfaf0>,41,19,[11  4],42,-1,85,-1,66
1,<environment.Job instance at 0x7f40388bffa0>,42,24,[4 9],43,-1,90,-1,66
1,<environment.Job instance at 0x7f40388bf280>,43,25,[13  2],44,-1,91,-1,66
1,<environment.Job instance at 0x7f40388bfa00>,44,23,[6 4],45,-1,89,-1,66
1,<environment.Job instance at 0x7f40388bf190>,45,22,[12  2],46,-1,88,-1,66
1,<environment.Job instance at 0x7f40388bf190>,3,17,[ 3 12],4,-1,21,-1,4
1,<environment.Job instance at 0x7f40389c0500>,5,19,[ 4 14],6,-1,25,-1,6
1,<environment.Job instance at 0x7f40389c0410>,6,16,[ 5 12],7,-1,23,-1,7
1,<environment.Job instance at 0x7f40389c0780>,7,21,[ 1 12],8,-1,29,-1,8
1,<environment.Job instance at 0x7f40389c06e0>,8,16,[ 1 14],9,-1,25,-1,9
1,<environment.Job instance at 0x7f40389c05a0>,9,18,[ 1 14],10,-1,28,-1,10
1,<environment.Job instance at 0x7f4038d78be0>,12,25,[4 8],13,-1,38,-1,13
1,<environment.Job instance at 0x7f4038d78a50>,13,25,[11  3],14,-1,39,-1,14
1,<environment.Job instance at 0x7f4038d78af0>,14,15,[14  2],15,-1,30,-1,15
1,<environment.Job instance at 0x7f4038d78370>,15,18,[11  1],16,-1,34,-1,16
1,<environment.Job instance at 0x7f4038d7f280>,17,17,[12  1],18,-1,35,-1,18
1,<environment.Job instance at 0x7f4038d7f0a0>,18,20,[12  2],19,-1,39,-1,19
1,<environment.Job instance at 0x7f4038d7fb90>,21,13,[ 4 11],22,-1,36,-1,23
1,<environment.Job instance at 0x7f4038d7f4b0>,22,16,[14  3],23,-1,39,-1,23
1,<environment.Job instance at 0x7f4038d7f2d0>,25,14,[ 1 13],26,-1,73,-1,59
1,<environment.Job instance at 0x7f4039b6cfa0>,1,26,[2 8],2,-1,28,-1,2
1,<environment.Job instance at 0x7f4039b51960>,3,20,[ 4 10],4,-1,25,-1,5
1,<environment.Job instance at 0x7f4039b51410>,4,15,[11  2],5,-1,20,-1,5
1,<environment.Job instance at 0x7f4039d34a00>,7,28,[ 3 11],8,-1,36,-1,8
1,<environment.Job instance at 0x7f4039d34e10>,8,27,[14  1],9,-1,36,-1,9
1,<environment.Job instance at 0x7f4039d34730>,9,27,[9 5],10,-1,37,-1,10
1,<environment.Job instance at 0x7f4039b76aa0>,12,26,[ 4 12],13,-1,39,-1,13
1,<environment.Job instance at 0x7f4039b76a50>,13,24,[ 5 13],14,-1,38,-1,14
1,<environment.Job instance at 0x7f4039b76b40>,14,25,[11  5],15,-1,40,-1,15
1,<environment.Job instance at 0x7f4039b762d0>,15,23,[3 6],16,-1,39,-1,16
1,<environment.Job instance at 0x7f4039b76320>,16,22,[12  5],17,-1,39,-1,17
1,<environment.Job instance at 0x7f4039b765a0>,22,28,[14  3],23,-1,57,-1,29
1,<environment.Job instance at 0x7f4039b568c0>,26,17,[13  5],27,-1,79,-1,62
1,<environment.Job instance at 0x7f4042304c30>,27,13,[ 5 14],28,-1,75,-1,62
1,<environment.Job instance at 0x7f4042304a50>,28,25,[4 5],29,-1,87,-1,62
1,<environment.Job instance at 0x7f404234f730>,29,16,[11  3],30,-1,78,-1,62
1,<environment.Job instance at 0x7f4039b56be0>,30,14,[7 1],31,-1,76,-1,62
1,<environment.Job instance at 0x7f4039b56820>,31,12,[12  3],32,-1,74,-1,62
1,<environment.Job instance at 0x7f4039d2a960>,32,28,[6 3],33,-1,90,-1,62
1,<environment.Job instance at 0x7f4039d2aaf0>,33,23,[ 1 11],34,-1,85,-1,62
1,<environment.Job instance at 0x7f4039d2aaa0>,34,12,[4 7],35,-1,74,-1,62
1,<environment.Job instance at 0x7f4039d2ab90>,35,27,[12  4],36,-1,89,-1,62
1,<environment.Job instance at 0x7f4039d2ae10>,36,13,[14  5],37,-1,75,-1,62
1,<environment.Job instance at 0x7f4039d2a910>,37,16,[ 5 11],38,-1,78,-1,62
1,<environment.Job instance at 0x7f4039d2a5f0>,38,23,[4 8],39,-1,85,-1,62
1,<environment.Job instance at 0x7f4042350d20>,39,19,[ 3 11],40,-1,81,-1,62
1,<environment.Job instance at 0x7f40423506e0>,40,14,[3 7],41,-1,76,-1,62
1,<environment.Job instance at 0x7f4042350230>,41,15,[13  3],42,-1,77,-1,62
1,<environment.Job instance at 0x7f4042350780>,42,28,[11  2],43,-1,90,-1,62
1,<environment.Job instance at 0x7f4039c40960>,43,24,[7 5],44,-1,86,-1,62
1,<environment.Job instance at 0x7f4039c40780>,44,16,[ 4 10],45,-1,78,-1,62
1,<environment.Job instance at 0x7f40390b8f00>,3,26,[7 4],4,-1,31,-1,5
1,<environment.Job instance at 0x7f40390b8410>,5,25,[5 2],6,-1,31,-1,6
1,<environment.Job instance at 0x7f40390b89b0>,6,24,[6 3],7,-1,31,-1,7
1,<environment.Job instance at 0x7f40390b8870>,7,25,[ 2 14],8,-1,33,-1,8
1,<environment.Job instance at 0x7f40390b8690>,10,28,[8 2],11,-1,39,-1,11
1,<environment.Job instance at 0x7f40390b84b0>,11,26,[14  3],12,-1,38,-1,12
1,<environment.Job instance at 0x7f40390b8320>,12,27,[12  1],13,-1,40,-1,13
1,<environment.Job instance at 0x7f40390b82d0>,13,27,[ 3 11],14,-1,41,-1,14
1,<environment.Job instance at 0x7f40390b8d70>,14,15,[ 3 13],15,-1,30,-1,15
1,<environment.Job instance at 0x7f40390b8b90>,15,21,[ 5 12],16,-1,37,-1,16
1,<environment.Job instance at 0x7f40390b8640>,16,21,[ 5 10],17,-1,38,-1,17
1,<environment.Job instance at 0x7f40390b8be0>,17,23,[9 5],18,-1,41,-1,18
1,<environment.Job instance at 0x7f40390b8190>,20,12,[ 1 10],21,-1,33,-1,21
1,<environment.Job instance at 0x7f4039012c80>,21,25,[12  5],22,-1,47,-1,22
1,<environment.Job instance at 0x7f4039012be0>,22,24,[6 4],23,-1,47,-1,23
1,<environment.Job instance at 0x7f4039012730>,23,19,[ 2 11],24,-1,43,-1,24
1,<environment.Job instance at 0x7f40390129b0>,24,23,[13  3],25,-1,48,-1,25
1,<environment.Job instance at 0x7f40390122d0>,28,26,[6 1],29,-1,55,-1,29
1,<environment.Job instance at 0x7f4039012f00>,29,28,[5 9],30,-1,58,-1,30
1,<environment.Job instance at 0x7f4039012780>,30,24,[4 8],31,-1,55,-1,31
1,<environment.Job instance at 0x7f4039012410>,32,23,[10  5],33,-1,65,-1,42
1,<environment.Job instance at 0x7f4039012280>,33,24,[12  1],34,-1,66,-1,42
1,<environment.Job instance at 0x7f4039012fa0>,34,17,[12  4],35,-1,59,-1,42
1,<environment.Job instance at 0x7f4039012af0>,36,27,[13  3],37,-1,73,-1,46
1,<environment.Job instance at 0x7f4039012c30>,38,17,[ 1 11],39,-1,78,-1,61
1,<environment.Job instance at 0x7f4039012690>,40,19,[12  4],41,-1,80,-1,61
1,<environment.Job instance at 0x7f40390126e0>,41,14,[ 5 12],42,-1,75,-1,61
1,<environment.Job instance at 0x7f40422e4b40>,1,22,[13  5],2,-1,24,-1,2
1,<environment.Job instance at 0x7f4039012870>,2,14,[ 3 13],3,-1,17,-1,3
1,<environment.Job instance at 0x7f40386e6e60>,3,26,[14  2],4,-1,30,-1,4
1,<environment.Job instance at 0x7f40386e6f00>,4,13,[13  4],5,-1,18,-1,5
1,<environment.Job instance at 0x7f40386e6fa0>,5,21,[ 4 10],6,-1,27,-1,6
1,<environment.Job instance at 0x7f40386e9140>,7,25,[11  1],8,-1,33,-1,8
1,<environment.Job instance at 0x7f40386e9370>,10,25,[13  4],11,-1,36,-1,11
1,<environment.Job instance at 0x7f40386e9320>,8,19,[13  3],9,-1,30,-1,11
1,<environment.Job instance at 0x7f40386e95f0>,13,18,[ 2 13],14,-1,32,-1,14
1,<environment.Job instance at 0x7f40386e9a00>,18,17,[12  4],19,-1,43,-1,26
1,<environment.Job instance at 0x7f40386e9b40>,19,25,[6 4],20,-1,51,-1,26
1,<environment.Job instance at 0x7f40386e9c30>,21,20,[ 2 10],22,-1,60,-1,40
1,<environment.Job instance at 0x7f40386e9d70>,23,14,[14  2],24,-1,54,-1,40
1,<environment.Job instance at 0x7f40386e9e10>,24,27,[ 1 12],25,-1,67,-1,40
1,<environment.Job instance at 0x7f40386e9eb0>,25,15,[13  4],26,-1,55,-1,40
1,<environment.Job instance at 0x7f40386e9fa0>,26,24,[ 4 14],27,-1,64,-1,40
1,<environment.Job instance at 0x7f40386eb230>,28,16,[12  5],29,-1,61,-1,45
1,<environment.Job instance at 0x7f40386eb1e0>,30,23,[3 9],31,-1,68,-1,45
1,<environment.Job instance at 0x7f40386eb460>,31,19,[ 4 14],32,-1,64,-1,45
1,<environment.Job instance at 0x7f40386eb500>,33,26,[10  3],34,-1,87,-1,61
1,<environment.Job instance at 0x7f40386eb5a0>,34,17,[14  3],35,-1,78,-1,61
1,<environment.Job instance at 0x7f40386eb6e0>,3,27,[ 4 14],4,-1,31,-1,4
1,<environment.Job instance at 0x7f4039806460>,5,16,[1 9],6,-1,32,-1,16
1,<environment.Job instance at 0x7f4039806be0>,9,21,[ 3 14],10,-1,37,-1,16
1,<environment.Job instance at 0x7f40398063c0>,11,27,[5 5],12,-1,48,-1,21
1,<environment.Job instance at 0x7f4039806e10>,13,25,[5 5],14,-1,48,-1,23
1,<environment.Job instance at 0x7f40398061e0>,14,26,[12  3],15,-1,49,-1,23
1,<environment.Job instance at 0x7f4039806f50>,15,20,[14  4],16,-1,43,-1,23
1,<environment.Job instance at 0x7f4039806dc0>,16,15,[13  2],17,-1,38,-1,23
1,<environment.Job instance at 0x7f4039806a50>,17,24,[ 5 13],18,-1,47,-1,23
1,<environment.Job instance at 0x7f40398065f0>,18,25,[13  5],19,-1,48,-1,23
1,<environment.Job instance at 0x7f4039806780>,19,19,[ 2 13],20,-1,42,-1,23
1,<environment.Job instance at 0x7f4039806e60>,20,25,[8 3],21,-1,48,-1,23
1,<environment.Job instance at 0x7f4039806870>,21,19,[14  2],22,-1,42,-1,23
1,<environment.Job instance at 0x7f40398060a0>,22,18,[14  4],23,-1,41,-1,23
1,<environment.Job instance at 0x7f4038ccfc30>,23,14,[14  2],24,-1,38,-1,24
1,<environment.Job instance at 0x7f4038ccfd20>,24,13,[5 5],25,-1,43,-1,30
1,<environment.Job instance at 0x7f4039806550>,25,22,[4 7],26,-1,52,-1,30
1,<environment.Job instance at 0x7f4038ccfaa0>,28,27,[1 9],29,-1,67,-1,40
1,<environment.Job instance at 0x7f4038ccf0a0>,29,27,[14  4],30,-1,67,-1,40
1,<environment.Job instance at 0x7f4038ccfe60>,31,26,[ 5 14],32,-1,67,-1,41
1,<environment.Job instance at 0x7f4038ccf9b0>,32,26,[ 2 13],33,-1,67,-1,41
1,<environment.Job instance at 0x7f4038ccf320>,34,25,[ 4 10],35,-1,81,-1,56
1,<environment.Job instance at 0x7f4038ccf550>,35,26,[7 1],36,-1,82,-1,56
1,<environment.Job instance at 0x7f4038ccf960>,37,17,[ 4 13],38,-1,79,-1,62
1,<environment.Job instance at 0x7f40396c7cd0>,4,27,[12  1],5,-1,32,-1,5
1,<environment.Job instance at 0x7f40390125a0>,6,13,[ 5 11],7,-1,20,-1,7
1,<environment.Job instance at 0x7f403844b780>,7,27,[12  2],8,-1,35,-1,8
1,<environment.Job instance at 0x7f403864a730>,9,27,[5 1],10,-1,37,-1,10
1,<environment.Job instance at 0x7f403864a410>,10,28,[ 5 10],11,-1,39,-1,11
1,<environment.Job instance at 0x7f403856e320>,11,27,[11  5],12,-1,39,-1,12
1,<environment.Job instance at 0x7f4038b8a8c0>,12,23,[14  5],13,-1,36,-1,13
1,<environment.Job instance at 0x7f4038d7b370>,13,16,[12  4],14,-1,30,-1,14
1,<environment.Job instance at 0x7f4038d7ba50>,14,18,[ 1 10],15,-1,34,-1,16
1,<environment.Job instance at 0x7f4038d7bd70>,16,20,[ 5 12],17,-1,37,-1,17
1,<environment.Job instance at 0x7f4038d7b910>,17,28,[12  4],18,-1,46,-1,18
1,<environment.Job instance at 0x7f4038d7b690>,18,16,[ 1 14],19,-1,35,-1,19
1,<environment.Job instance at 0x7f40383af8c0>,21,28,[13  3],22,-1,50,-1,22
1,<environment.Job instance at 0x7f4038ad9d70>,22,22,[ 3 11],23,-1,45,-1,23
1,<environment.Job instance at 0x7f4038ad9230>,23,21,[ 2 13],24,-1,45,-1,24
1,<environment.Job instance at 0x7f403942e280>,24,22,[10  2],25,-1,48,-1,26
1,<environment.Job instance at 0x7f40396ea320>,26,24,[8 2],27,-1,51,-1,27
1,<environment.Job instance at 0x7f40396ea5f0>,27,16,[2 8],28,-1,44,-1,28
1,<environment.Job instance at 0x7f40396ea410>,28,12,[11  1],29,-1,41,-1,29
1,<environment.Job instance at 0x7f40396ea8c0>,29,17,[11  3],30,-1,47,-1,30
1,<environment.Job instance at 0x7f40396ea9b0>,30,16,[12  1],31,-1,47,-1,31
1,<environment.Job instance at 0x7f40396eaf00>,31,15,[ 4 13],32,-1,47,-1,32
1,<environment.Job instance at 0x7f40393c5d70>,32,28,[13  1],33,-1,61,-1,33
1,<environment.Job instance at 0x7f40393c5c80>,33,24,[ 4 13],34,-1,58,-1,34
1,<environment.Job instance at 0x7f40393c5780>,34,18,[ 1 11],35,-1,53,-1,35
1,<environment.Job instance at 0x7f4039388dc0>,35,18,[2 5],36,-1,54,-1,36
1,<environment.Job instance at 0x7f4038a02e60>,36,14,[12  5],37,-1,51,-1,37
1,<environment.Job instance at 0x7f4038a02c30>,37,21,[13  2],38,-1,59,-1,38
1,<environment.Job instance at 0x7f4038a02910>,38,14,[3 9],39,-1,53,-1,39
1,<environment.Job instance at 0x7f4038a02af0>,39,28,[13  2],40,-1,68,-1,40
1,<environment.Job instance at 0x7f4038a02230>,40,14,[5 1],41,-1,55,-1,41
1,<environment.Job instance at 0x7f4038a02050>,41,24,[2 6],42,-1,66,-1,42
1,<environment.Job instance at 0x7f4039d09410>,42,13,[ 5 12],43,-1,56,-1,43
1,<environment.Job instance at 0x7f4039d09af0>,43,20,[ 2 11],44,-1,64,-1,44
1,<environment.Job instance at 0x7f4038d57be0>,45,14,[11  2],46,-1,60,-1,46
1,<environment.Job instance at 0x7f4038d57370>,46,21,[ 1 10],47,-1,68,-1,47
1,<environment.Job instance at 0x7f4038d57460>,47,25,[3 7],48,-1,73,-1,48
1,<environment.Job instance at 0x7f403942ed20>,49,22,[ 4 10],50,-1,73,-1,51
1,<environment.Job instance at 0x7f40397bfcd0>,50,25,[ 5 14],51,-1,76,-1,51
1,<environment.Job instance at 0x7f40397bf230>,51,17,[ 1 13],52,-1,69,-1,52
1,<environment.Job instance at 0x7f40397bf870>,52,16,[ 1 13],53,-1,69,-1,53
1,<environment.Job instance at 0x7f40397bf640>,53,28,[2 7],54,-1,82,-1,54
1,<environment.Job instance at 0x7f40397bf3c0>,54,19,[3 6],55,-1,74,-1,55
1,<environment.Job instance at 0x7f40397bfeb0>,55,25,[3 9],56,-1,81,-1,56
1,<environment.Job instance at 0x7f40397bfaf0>,56,15,[6 1],57,-1,72,-1,57
1,<environment.Job instance at 0x7f40399bd910>,57,13,[ 1 13],58,-1,71,-1,58
1,<environment.Job instance at 0x7f40399bdf50>,58,28,[3 6],59,-1,87,-1,59
1,<environment.Job instance at 0x7f40399bd0f0>,59,12,[ 4 11],60,-1,72,-1,60
1,<environment.Job instance at 0x7f40399bdb40>,60,12,[2 8],61,-1,73,-1,61
1,<environment.Job instance at 0x7f4039272780>,61,13,[6 4],62,-1,75,-1,62
1,<environment.Job instance at 0x7f40392722d0>,62,22,[ 5 12],63,-1,85,-1,63
1,<environment.Job instance at 0x7f4039272be0>,63,17,[13  5],64,-1,81,-1,64
1,<environment.Job instance at 0x7f40389956e0>,65,13,[12  4],66,-1,79,-1,66
1,<environment.Job instance at 0x7f4039c6e280>,66,14,[4 9],67,-1,82,-1,68
1,<environment.Job instance at 0x7f40397b86e0>,67,18,[8 3],68,-1,87,-1,69
1,<environment.Job instance at 0x7f4039272a50>,68,12,[3 5],69,-1,81,-1,69
1,<environment.Job instance at 0x7f40392adeb0>,3,27,[ 5 10],4,-1,31,-1,4
1,<environment.Job instance at 0x7f4039000aa0>,4,13,[13  5],5,-1,18,-1,5
1,<environment.Job instance at 0x7f4039b08c30>,6,18,[ 4 14],7,-1,25,-1,7
1,<environment.Job instance at 0x7f4039b3fdc0>,12,12,[6 2],13,-1,43,-1,31
1,<environment.Job instance at 0x7f4039b3ffa0>,13,23,[1 5],14,-1,54,-1,31
1,<environment.Job instance at 0x7f4039b3f9b0>,14,27,[2 8],15,-1,58,-1,31
1,<environment.Job instance at 0x7f4039444320>,17,14,[11  4],18,-1,54,-1,40
1,<environment.Job instance at 0x7f4039b3f370>,18,14,[14  5],19,-1,54,-1,40
1,<environment.Job instance at 0x7f4039bde9b0>,20,18,[ 4 11],21,-1,73,-1,55
1,<environment.Job instance at 0x7f4039b72af0>,21,18,[ 3 12],22,-1,73,-1,55
1,<environment.Job instance at 0x7f4039bde3c0>,23,24,[13  4],24,-1,79,-1,55
1,<environment.Job instance at 0x7f4038753af0>,24,19,[ 2 13],25,-1,74,-1,55
1,<environment.Job instance at 0x7f4039c40c30>,25,18,[ 2 10],26,-1,73,-1,55
1,<environment.Job instance at 0x7f4039c40be0>,26,14,[13  4],27,-1,69,-1,55
1,<environment.Job instance at 0x7f4039c40eb0>,27,15,[13  3],28,-1,70,-1,55
1,<environment.Job instance at 0x7f4039c40dc0>,28,12,[ 5 11],29,-1,67,-1,55
1,<environment.Job instance at 0x7f4039c40aa0>,29,25,[5 1],30,-1,80,-1,55
1,<environment.Job instance at 0x7f4038c27280>,30,22,[10  1],31,-1,77,-1,55
1,<environment.Job instance at 0x7f4039b4baf0>,31,14,[14  2],32,-1,69,-1,55
1,<environment.Job instance at 0x7f4039b4b870>,32,25,[8 5],33,-1,80,-1,55
1,<environment.Job instance at 0x7f4039b4ba50>,33,12,[9 1],34,-1,67,-1,55
1,<environment.Job instance at 0x7f4039b751e0>,34,15,[14  4],35,-1,70,-1,55
1,<environment.Job instance at 0x7f40397dc050>,35,17,[10  1],36,-1,72,-1,55
1,<environment.Job instance at 0x7f4039b756e0>,36,25,[ 2 13],37,-1,80,-1,55
1,<environment.Job instance at 0x7f40397dc8c0>,37,15,[ 5 12],38,-1,70,-1,55
1,<environment.Job instance at 0x7f4038755870>,38,26,[11  4],39,-1,81,-1,55
1,<environment.Job instance at 0x7f40390a0be0>,39,21,[12  2],40,-1,76,-1,55
1,<environment.Job instance at 0x7f40390a0640>,40,25,[6 2],41,-1,80,-1,55
1,<environment.Job instance at 0x7f4038755be0>,41,23,[5 5],42,-1,78,-1,55
1,<environment.Job instance at 0x7f403909a870>,43,17,[ 4 12],44,-1,85,-1,68
1,<environment.Job instance at 0x7f403909a5f0>,44,21,[3 7],45,-1,89,-1,68
1,<environment.Job instance at 0x7f4039094460>,45,14,[ 5 13],46,-1,82,-1,68
1,<environment.Job instance at 0x7f40390942d0>,47,22,[ 4 13],48,-1,91,-1,69
1,<environment.Job instance at 0x7f4039c869b0>,49,21,[ 4 14],50,-1,90,-1,69
1,<environment.Job instance at 0x7f4039c86320>,50,23,[3 9],51,-1,92,-1,69
1,<environment.Job instance at 0x7f4039061b90>,51,13,[12  5],52,-1,82,-1,69
1,<environment.Job instance at 0x7f4039c863c0>,52,23,[5 8],53,-1,92,-1,69
1,<environment.Job instance at 0x7f4039061910>,53,23,[5 5],54,-1,92,-1,69
1,<environment.Job instance at 0x7f4038778910>,54,27,[14  2],55,-1,96,-1,69
1,<environment.Job instance at 0x7f4038778b90>,55,28,[11  2],56,-1,97,-1,69
1,<environment.Job instance at 0x7f4038778c30>,56,18,[12  4],57,-1,87,-1,69
1,<environment.Job instance at 0x7f4038be57d0>,4,12,[ 5 11],5,-1,17,-1,5
1,<environment.Job instance at 0x7f403970beb0>,6,19,[ 2 11],7,-1,26,-1,7
1,<environment.Job instance at 0x7f4038db7f00>,7,26,[6 3],8,-1,34,-1,8
1,<environment.Job instance at 0x7f4038f74780>,8,23,[11  4],9,-1,32,-1,9
1,<environment.Job instance at 0x7f4038f74500>,9,27,[13  2],10,-1,37,-1,10
1,<environment.Job instance at 0x7f4038f74370>,10,15,[11  4],11,-1,27,-1,12
1,<environment.Job instance at 0x7f4038f74820>,12,26,[14  3],13,-1,39,-1,13
1,<environment.Job instance at 0x7f4038f742d0>,13,17,[14  4],14,-1,31,-1,14
1,<environment.Job instance at 0x7f4038f74f00>,15,17,[11  2],16,-1,33,-1,16
1,<environment.Job instance at 0x7f4038f74e60>,16,12,[12  5],17,-1,29,-1,17
1,<environment.Job instance at 0x7f403962a730>,17,22,[11  3],18,-1,40,-1,18
1,<environment.Job instance at 0x7f403962aeb0>,18,22,[8 2],19,-1,41,-1,19
1,<environment.Job instance at 0x7f403962aa00>,20,23,[2 9],21,-1,44,-1,21
1,<environment.Job instance at 0x7f403962afa0>,22,23,[8 3],23,-1,46,-1,23
1,<environment.Job instance at 0x7f403993f410>,23,13,[13  3],24,-1,37,-1,24
1,<environment.Job instance at 0x7f403993f8c0>,24,25,[ 1 14],25,-1,50,-1,25
1,<environment.Job instance at 0x7f403993f230>,25,19,[13  1],26,-1,45,-1,26
1,<environment.Job instance at 0x7f403993fcd0>,26,15,[12  3],27,-1,42,-1,27
1,<environment.Job instance at 0x7f403993f370>,27,24,[ 1 11],28,-1,52,-1,28
1,<environment.Job instance at 0x7f403993f320>,28,27,[10  4],29,-1,56,-1,29
1,<environment.Job instance at 0x7f403993ff50>,29,26,[5 5],30,-1,56,-1,30
1,<environment.Job instance at 0x7f403993fc30>,32,16,[11  1],33,-1,49,-1,33
1,<environment.Job instance at 0x7f403993f730>,33,28,[ 4 11],34,-1,62,-1,34
1,<environment.Job instance at 0x7f404232a690>,36,26,[12  1],37,-1,80,-1,54
1,<environment.Job instance at 0x7f404232ac30>,39,17,[ 2 13],40,-1,77,-1,60
1,<environment.Job instance at 0x7f404232a140>,41,26,[7 1],42,-1,86,-1,60
1,<environment.Job instance at 0x7f40394ea460>,1,25,[ 1 10],2,-1,27,-1,2
1,<environment.Job instance at 0x7f404232a5f0>,2,20,[ 2 12],3,-1,23,-1,3
1,<environment.Job instance at 0x7f40394ea640>,3,20,[13  1],4,-1,24,-1,4
1,<environment.Job instance at 0x7f40394eab40>,6,26,[3 7],7,-1,33,-1,7
1,<environment.Job instance at 0x7f40394eaa00>,12,24,[12  5],13,-1,38,-1,14
1,<environment.Job instance at 0x7f40394ea4b0>,13,26,[ 5 10],14,-1,40,-1,14
1,<environment.Job instance at 0x7f40394eacd0>,15,28,[12  2],16,-1,44,-1,16
1,<environment.Job instance at 0x7f40389474b0>,16,21,[ 4 12],17,-1,38,-1,17
1,<environment.Job instance at 0x7f40389472d0>,17,26,[ 4 12],18,-1,44,-1,18
1,<environment.Job instance at 0x7f4038947190>,19,13,[11  2],20,-1,33,-1,20
1,<environment.Job instance at 0x7f4038947410>,20,13,[ 5 13],21,-1,34,-1,21
1,<environment.Job instance at 0x7f4038947d20>,23,23,[ 4 13],24,-1,53,-1,30
1,<environment.Job instance at 0x7f4038947140>,24,13,[ 5 14],25,-1,43,-1,30
1,<environment.Job instance at 0x7f4038947780>,26,22,[13  1],27,-1,75,-1,53
1,<environment.Job instance at 0x7f4038947460>,27,17,[ 1 10],28,-1,74,-1,57
1,<environment.Job instance at 0x7f4038f61d20>,28,27,[ 1 13],29,-1,84,-1,57
1,<environment.Job instance at 0x7f4038947870>,29,17,[ 5 12],30,-1,74,-1,57
1,<environment.Job instance at 0x7f4038f612d0>,30,23,[8 4],31,-1,80,-1,57
1,<environment.Job instance at 0x7f4038f617d0>,32,21,[11  5],33,-1,78,-1,57
1,<environment.Job instance at 0x7f4038f61c80>,33,18,[13  4],34,-1,75,-1,57
1,<environment.Job instance at 0x7f4038f61d70>,34,27,[8 5],35,-1,84,-1,57
1,<environment.Job instance at 0x7f4038f61140>,35,12,[ 5 13],36,-1,69,-1,57
1,<environment.Job instance at 0x7f4038f615f0>,37,20,[ 5 13],38,-1,80,-1,60
1,<environment.Job instance at 0x7f4038f61eb0>,38,19,[ 2 14],39,-1,79,-1,60
1,<environment.Job instance at 0x7f4038f61af0>,39,20,[13  2],40,-1,80,-1,60
1,<environment.Job instance at 0x7f4038f614b0>,40,16,[ 2 14],41,-1,76,-1,60
1,<environment.Job instance at 0x7f4038f61b40>,41,26,[7 3],42,-1,86,-1,60
1,<environment.Job instance at 0x7f4038f610f0>,42,16,[ 3 13],43,-1,76,-1,60
1,<environment.Job instance at 0x7f4038f61050>,43,28,[ 5 10],44,-1,88,-1,60
1,<environment.Job instance at 0x7f4038f616e0>,44,22,[14  1],45,-1,82,-1,60
1,<environment.Job instance at 0x7f4038f61870>,46,15,[ 1 12],47,-1,76,-1,61
1,<environment.Job instance at 0x7f40394a9e60>,1,26,[5 3],2,-1,28,-1,2
1,<environment.Job instance at 0x7f4039a66820>,2,27,[13  5],3,-1,30,-1,3
1,<environment.Job instance at 0x7f4039a66b40>,3,28,[ 3 14],4,-1,32,-1,4
1,<environment.Job instance at 0x7f4039a66af0>,4,21,[ 4 11],5,-1,26,-1,5
1,<environment.Job instance at 0x7f4039a66280>,5,18,[ 3 12],6,-1,24,-1,6
1,<environment.Job instance at 0x7f4039a66870>,7,26,[14  5],8,-1,34,-1,8
1,<environment.Job instance at 0x7f403878b4b0>,9,18,[13  1],10,-1,28,-1,10
1,<environment.Job instance at 0x7f403878b8c0>,10,20,[12  3],11,-1,31,-1,11
1,<environment.Job instance at 0x7f403878be60>,11,17,[ 5 14],12,-1,29,-1,12
1,<environment.Job instance at 0x7f403878b820>,12,24,[8 5],13,-1,37,-1,13
1,<environment.Job instance at 0x7f403878b190>,13,24,[5 1],14,-1,38,-1,14
1,<environment.Job instance at 0x7f4039a66780>,15,16,[ 2 13],16,-1,32,-1,16
1,<environment.Job instance at 0x7f403878b370>,16,17,[12  3],17,-1,34,-1,17
1,<environment.Job instance at 0x7f403878b780>,17,14,[14  1],18,-1,32,-1,18
1,<environment.Job instance at 0x7f403878be10>,18,25,[ 4 10],19,-1,44,-1,19
1,<environment.Job instance at 0x7f403878b640>,19,26,[3 6],20,-1,46,-1,20
1,<environment.Job instance at 0x7f403878b050>,22,24,[ 4 12],23,-1,47,-1,23
1,<environment.Job instance at 0x7f4039361190>,23,23,[1 6],24,-1,54,-1,31
1,<environment.Job instance at 0x7f40393616e0>,27,13,[11  1],28,-1,44,-1,31
1,<environment.Job instance at 0x7f4039ce59b0>,2,17,[ 3 11],3,-1,20,-1,3
1,<environment.Job instance at 0x7f4039361b40>,4,27,[1 9],5,-1,33,-1,6
1,<environment.Job instance at 0x7f4039ce01e0>,6,27,[1 6],7,-1,34,-1,7
1,<environment.Job instance at 0x7f4039ce00f0>,7,27,[8 5],8,-1,35,-1,8
1,<environment.Job instance at 0x7f4039ce0280>,10,13,[ 3 14],11,-1,24,-1,11
1,<environment.Job instance at 0x7f4039ce0730>,13,16,[11  2],14,-1,37,-1,21
1,<environment.Job instance at 0x7f4039ce0870>,14,27,[5 2],15,-1,48,-1,21
1,<environment.Job instance at 0x7f4039ce0910>,15,13,[13  5],16,-1,34,-1,21
1,<environment.Job instance at 0x7f4039ce09b0>,16,17,[13  3],17,-1,38,-1,21
1,<environment.Job instance at 0x7f4039ce0a50>,17,26,[10  5],18,-1,47,-1,21
1,<environment.Job instance at 0x7f4039ce0af0>,18,13,[14  3],19,-1,34,-1,21
1,<environment.Job instance at 0x7f4039ce0b90>,19,26,[ 2 12],20,-1,47,-1,21
1,<environment.Job instance at 0x7f4039ce0c30>,20,26,[4 5],21,-1,47,-1,21
1,<environment.Job instance at 0x7f4039ce0b40>,23,15,[ 2 13],24,-1,61,-1,46
1,<environment.Job instance at 0x7f4039ce07d0>,27,18,[14  1],28,-1,82,-1,64
1,<environment.Job instance at 0x7f4039cfb190>,28,23,[ 1 11],29,-1,87,-1,64
1,<environment.Job instance at 0x7f4039cfb230>,29,19,[ 3 12],30,-1,83,-1,64
1,<environment.Job instance at 0x7f4039d4f6e0>,1,19,[14  4],2,-1,21,-1,2
1,<environment.Job instance at 0x7f4039d4faa0>,3,24,[9 1],4,-1,28,-1,4
1,<environment.Job instance at 0x7f4039d4fe10>,4,14,[ 5 13],5,-1,19,-1,5
1,<environment.Job instance at 0x7f4039d4f550>,5,23,[ 3 10],6,-1,29,-1,6
1,<environment.Job instance at 0x7f4039cfb230>,8,27,[ 5 12],9,-1,36,-1,9
1,<environment.Job instance at 0x7f4039d4f5a0>,15,18,[ 3 12],16,-1,62,-1,44
1,<environment.Job instance at 0x7f4039cd7be0>,4,18,[9 1],5,-1,47,-1,29
1,<environment.Job instance at 0x7f4039cd7500>,10,18,[ 2 11],11,-1,47,-1,29
1,<environment.Job instance at 0x7f4039cd7640>,11,12,[13  5],12,-1,41,-1,29
1,<environment.Job instance at 0x7f4039cd75a0>,12,22,[14  4],13,-1,51,-1,29
1,<environment.Job instance at 0x7f4039cd7460>,13,27,[5 3],14,-1,56,-1,29
1,<environment.Job instance at 0x7f4039cd7dc0>,14,25,[ 3 11],15,-1,54,-1,29
1,<environment.Job instance at 0x7f4038454dc0>,15,24,[8 3],16,-1,53,-1,29
1,<environment.Job instance at 0x7f4038454af0>,16,13,[13  1],17,-1,42,-1,29
1,<environment.Job instance at 0x7f4038454500>,17,26,[ 3 13],18,-1,55,-1,29
1,<environment.Job instance at 0x7f40384542d0>,18,13,[2 9],19,-1,42,-1,29
1,<environment.Job instance at 0x7f4038454960>,19,25,[12  5],20,-1,54,-1,29
1,<environment.Job instance at 0x7f40384548c0>,20,27,[5 9],21,-1,56,-1,29
1,<environment.Job instance at 0x7f4038454c30>,21,12,[6 3],22,-1,41,-1,29
1,<environment.Job instance at 0x7f4038454410>,22,26,[ 2 11],23,-1,55,-1,29
1,<environment.Job instance at 0x7f4038454b40>,23,21,[1 5],24,-1,50,-1,29
1,<environment.Job instance at 0x7f40384540a0>,24,17,[5 1],25,-1,46,-1,29
1,<environment.Job instance at 0x7f4038454b90>,25,27,[14  4],26,-1,56,-1,29
1,<environment.Job instance at 0x7f4038454140>,26,18,[11  4],27,-1,47,-1,29
1,<environment.Job instance at 0x7f4038454eb0>,27,24,[11  2],28,-1,53,-1,29
1,<environment.Job instance at 0x7f4038454cd0>,28,12,[12  3],29,-1,41,-1,29
1,<environment.Job instance at 0x7f4039365be0>,30,13,[11  3],31,-1,59,-1,46
1,<environment.Job instance at 0x7f4039365eb0>,31,22,[ 4 12],32,-1,68,-1,46
1,<environment.Job instance at 0x7f40393653c0>,32,20,[13  3],33,-1,66,-1,46
1,<environment.Job instance at 0x7f4039365cd0>,33,24,[14  1],34,-1,70,-1,46
1,<environment.Job instance at 0x7f4039365410>,35,14,[ 1 13],36,-1,74,-1,60
1,<environment.Job instance at 0x7f4039365af0>,36,17,[ 3 12],37,-1,77,-1,60
1,<environment.Job instance at 0x7f4039365460>,37,26,[11  2],38,-1,86,-1,60
1,<environment.Job instance at 0x7f40393657d0>,39,24,[11  1],40,-1,84,-1,60
1,<environment.Job instance at 0x7f40393650a0>,40,23,[13  2],41,-1,83,-1,60
1,<environment.Job instance at 0x7f4039aec320>,41,18,[13  5],42,-1,78,-1,60
1,<environment.Job instance at 0x7f4039aec870>,42,13,[9 3],43,-1,73,-1,60
1,<environment.Job instance at 0x7f4039aec5f0>,43,28,[5 9],44,-1,88,-1,60
1,<environment.Job instance at 0x7f4039aec8c0>,45,14,[11  2],46,-1,75,-1,61
1,<environment.Job instance at 0x7f4039aec5a0>,46,15,[12  2],47,-1,76,-1,61
1,<environment.Job instance at 0x7f4039aeccd0>,47,20,[4 9],48,-1,88,-1,68
1,<environment.Job instance at 0x7f4039aecb90>,48,19,[14  2],49,-1,87,-1,68
1,<environment.Job instance at 0x7f4039aec6e0>,49,20,[ 5 12],50,-1,88,-1,68
1,<environment.Job instance at 0x7f4039aec960>,50,18,[14  1],51,-1,86,-1,68
1,<environment.Job instance at 0x7f4039aec4b0>,51,19,[ 2 14],52,-1,87,-1,68
1,<environment.Job instance at 0x7f4039aec500>,52,24,[ 2 14],53,-1,92,-1,68
1,<environment.Job instance at 0x7f4039aec050>,53,28,[12  4],54,-1,96,-1,68
1,<environment.Job instance at 0x7f4039611a50>,2,17,[ 4 13],3,-1,20,-1,3
1,<environment.Job instance at 0x7f40393fcf00>,4,17,[ 4 11],5,-1,23,-1,6
1,<environment.Job instance at 0x7f40393fc7d0>,6,14,[11  1],7,-1,21,-1,7
1,<environment.Job instance at 0x7f40388c8f00>,7,23,[ 2 11],8,-1,31,-1,8
1,<environment.Job instance at 0x7f40388c8690>,8,21,[ 1 11],9,-1,30,-1,9
1,<environment.Job instance at 0x7f40388c8d20>,9,23,[ 2 14],10,-1,33,-1,10
1,<environment.Job instance at 0x7f40390332d0>,10,28,[5 5],11,-1,39,-1,11
1,<environment.Job instance at 0x7f4039033870>,11,21,[ 4 13],12,-1,33,-1,12
1,<environment.Job instance at 0x7f4039033820>,12,15,[13  2],13,-1,28,-1,13
1,<environment.Job instance at 0x7f40390335f0>,13,23,[ 5 11],14,-1,37,-1,14
1,<environment.Job instance at 0x7f40393fcf50>,14,26,[ 5 11],15,-1,41,-1,15
1,<environment.Job instance at 0x7f4039033aa0>,16,18,[13  2],17,-1,35,-1,17
1,<environment.Job instance at 0x7f4038b15eb0>,17,27,[12  5],18,-1,45,-1,18
1,<environment.Job instance at 0x7f4038b15e10>,19,22,[ 2 11],20,-1,42,-1,20
1,<environment.Job instance at 0x7f4042390f00>,22,12,[ 4 14],23,-1,40,-1,28
1,<environment.Job instance at 0x7f4042390d20>,24,18,[14  1],25,-1,50,-1,32
1,<environment.Job instance at 0x7f403923bbe0>,26,15,[12  1],27,-1,56,-1,41
1,<environment.Job instance at 0x7f403923b3c0>,27,13,[ 5 12],28,-1,54,-1,41
1,<environment.Job instance at 0x7f403923b410>,28,28,[14  2],29,-1,69,-1,41
1,<environment.Job instance at 0x7f403923b190>,30,15,[ 5 11],31,-1,64,-1,49
1,<environment.Job instance at 0x7f403923b230>,31,20,[ 3 11],32,-1,69,-1,49
1,<environment.Job instance at 0x7f403923bb40>,32,28,[9 4],33,-1,77,-1,49
1,<environment.Job instance at 0x7f403923bd70>,34,27,[ 3 13],35,-1,84,-1,57
1,<environment.Job instance at 0x7f403923b0f0>,35,23,[6 2],36,-1,85,-1,62
1,<environment.Job instance at 0x7f403923b460>,36,22,[ 1 13],37,-1,84,-1,62
1,<environment.Job instance at 0x7f403923b7d0>,37,13,[14  2],38,-1,75,-1,62
1,<environment.Job instance at 0x7f404289a7d0>,1,13,[14  5],2,-1,15,-1,2
1,<environment.Job instance at 0x7f4039b37870>,2,27,[8 4],3,-1,30,-1,3
1,<environment.Job instance at 0x7f404289a640>,5,23,[ 5 12],6,-1,29,-1,6
1,<environment.Job instance at 0x7f4039b37c30>,4,23,[6 1],5,-1,29,-1,6
1,<environment.Job instance at 0x7f4039b37820>,6,24,[5 9],7,-1,31,-1,7
1,<environment.Job instance at 0x7f4039b371e0>,7,17,[ 3 13],8,-1,25,-1,8
1,<environment.Job instance at 0x7f4039b37280>,8,25,[12  2],9,-1,34,-1,9
1,<environment.Job instance at 0x7f4039b37140>,9,17,[ 1 14],10,-1,27,-1,10
1,<environment.Job instance at 0x7f4039b37f50>,10,25,[12  3],11,-1,36,-1,11
1,<environment.Job instance at 0x7f4039b37e10>,11,27,[ 4 11],12,-1,39,-1,12
1,<environment.Job instance at 0x7f4039b37e60>,12,23,[12  4],13,-1,36,-1,13
1,<environment.Job instance at 0x7f4039b37910>,13,27,[7 5],14,-1,41,-1,14
1,<environment.Job instance at 0x7f4039b37fa0>,15,25,[ 3 11],16,-1,41,-1,16
1,<environment.Job instance at 0x7f4039b378c0>,16,21,[ 4 11],17,-1,38,-1,17
1,<environment.Job instance at 0x7f4039b379b0>,17,28,[2 8],18,-1,46,-1,18
1,<environment.Job instance at 0x7f4039b37a00>,18,25,[ 1 12],19,-1,44,-1,19
1,<environment.Job instance at 0x7f4039b370a0>,19,16,[ 5 13],20,-1,36,-1,20
1,<environment.Job instance at 0x7f4039b375f0>,20,23,[5 5],21,-1,44,-1,21
1,<environment.Job instance at 0x7f4039b37190>,21,26,[14  4],22,-1,48,-1,22
1,<environment.Job instance at 0x7f4039b377d0>,22,25,[2 8],23,-1,48,-1,23
1,<environment.Job instance at 0x7f4039b37aa0>,24,25,[4 7],25,-1,50,-1,25
1,<environment.Job instance at 0x7f40427e8fa0>,25,25,[11  5],26,-1,51,-1,26
1,<environment.Job instance at 0x7f40427e8c80>,26,23,[14  2],27,-1,50,-1,27
1,<environment.Job instance at 0x7f4039a6e780>,27,28,[ 4 11],28,-1,56,-1,28
1,<environment.Job instance at 0x7f4039a6e910>,29,18,[11  1],30,-1,48,-1,30
1,<environment.Job instance at 0x7f4039a6ef00>,31,24,[ 3 14],32,-1,56,-1,32
1,<environment.Job instance at 0x7f4039a6e190>,32,28,[5 4],33,-1,61,-1,33
1,<environment.Job instance at 0x7f4039a6e730>,33,27,[ 3 12],34,-1,61,-1,34
1,<environment.Job instance at 0x7f4039b37a50>,35,25,[ 5 12],36,-1,61,-1,36
1,<environment.Job instance at 0x7f4039a6e4b0>,36,24,[7 4],37,-1,64,-1,40
1,<environment.Job instance at 0x7f4039a6ebe0>,40,16,[11  1],41,-1,57,-1,41
1,<environment.Job instance at 0x7f4039a6e6e0>,41,16,[ 1 12],42,-1,58,-1,42
1,<environment.Job instance at 0x7f4039a6ec30>,42,28,[10  5],43,-1,71,-1,43
1,<environment.Job instance at 0x7f4039a6ea50>,43,25,[8 4],44,-1,69,-1,44
1,<environment.Job instance at 0x7f40396e8140>,1,13,[ 4 13],2,-1,15,-1,2
1,<environment.Job instance at 0x7f4038a7cd70>,3,24,[9 1],4,-1,28,-1,4
1,<environment.Job instance at 0x7f4038a7ce10>,4,14,[ 2 13],5,-1,19,-1,5
1,<environment.Job instance at 0x7f4039c71320>,6,14,[13  4],7,-1,21,-1,7
1,<environment.Job instance at 0x7f4038a7c370>,9,18,[ 2 13],10,-1,28,-1,10
1,<environment.Job instance at 0x7f4039750a00>,10,16,[11  4],11,-1,31,-1,15
1,<environment.Job instance at 0x7f40397509b0>,13,26,[11  4],14,-1,41,-1,15
1,<environment.Job instance at 0x7f40386ef640>,14,26,[ 1 10],15,-1,41,-1,15
1,<environment.Job instance at 0x7f40397504b0>,16,25,[5 3],17,-1,44,-1,19
1,<environment.Job instance at 0x7f4039cb5c80>,19,28,[14  3],20,-1,64,-1,36
1,<environment.Job instance at 0x7f51bacc0460>,3,13,[12  4],4,-1,17,-1,4
1,<environment.Job instance at 0x7f51bacc0640>,4,24,[7 2],5,-1,29,-1,5
1,<environment.Job instance at 0x7f51bacc0690>,5,24,[ 2 14],6,-1,30,-1,6
1,<environment.Job instance at 0x7f51bacc0730>,6,15,[ 2 14],7,-1,22,-1,7
1,<environment.Job instance at 0x7f51bacc07d0>,7,26,[9 3],8,-1,34,-1,8
1,<environment.Job instance at 0x7f51bacc0870>,8,20,[ 4 13],9,-1,29,-1,9
1,<environment.Job instance at 0x7f51bacc0910>,9,16,[12  1],10,-1,26,-1,10
1,<environment.Job instance at 0x7f51bacc0b90>,12,28,[ 1 14],13,-1,41,-1,13
1,<environment.Job instance at 0x7f51bacc0b40>,14,15,[14  4],15,-1,30,-1,15
1,<environment.Job instance at 0x7f51bacc0dc0>,15,20,[ 3 12],16,-1,36,-1,16
1,<environment.Job instance at 0x7f51bacc0e60>,16,28,[5 1],17,-1,46,-1,18
1,<environment.Job instance at 0x7f51bacc0550>,18,18,[13  1],19,-1,37,-1,19
1,<environment.Job instance at 0x7f51bacc3050>,19,23,[8 4],20,-1,44,-1,21
1,<environment.Job instance at 0x7f51bacc3190>,21,14,[ 4 11],22,-1,36,-1,22
1,<environment.Job instance at 0x7f51bacc32d0>,23,16,[12  2],24,-1,40,-1,24
1,<environment.Job instance at 0x7f51bacc3320>,25,24,[5 7],26,-1,53,-1,29
1,<environment.Job instance at 0x7f51bacc3550>,27,17,[ 4 12],28,-1,46,-1,29
1,<environment.Job instance at 0x7f51bacc35f0>,28,17,[ 1 13],29,-1,46,-1,29
1,<environment.Job instance at 0x7f51bacc3730>,29,24,[ 4 13],30,-1,54,-1,30
1,<environment.Job instance at 0x7f51bacc3870>,30,26,[11  4],31,-1,57,-1,31
1,<environment.Job instance at 0x7f51bacc38c0>,31,28,[ 2 10],32,-1,60,-1,32
1,<environment.Job instance at 0x7f51bacc3a50>,33,28,[6 4],34,-1,74,-1,46
1,<environment.Job instance at 0x7f51bacc3af0>,34,24,[5 5],35,-1,70,-1,46
1,<environment.Job instance at 0x7f51bacc3cd0>,37,14,[ 5 14],38,-1,80,-1,66
1,<environment.Job instance at 0x7f51bacc3d70>,38,24,[13  2],39,-1,90,-1,66
1,<environment.Job instance at 0x7f51bb3eccd0>,7,26,[2 7],8,-1,34,-1,8
1,<environment.Job instance at 0x7f51bb3ec550>,10,17,[ 5 14],11,-1,39,-1,22
1,<environment.Job instance at 0x7f51bb3ec780>,11,22,[11  2],12,-1,44,-1,22
1,<environment.Job instance at 0x7f51bb3ecd70>,13,23,[9 1],14,-1,48,-1,25
1,<environment.Job instance at 0x7f51bb3eceb0>,14,25,[ 1 13],15,-1,50,-1,25
1,<environment.Job instance at 0x7f51bb3ec320>,15,21,[14  5],16,-1,46,-1,25
1,<environment.Job instance at 0x7f51bb3ec410>,18,24,[13  2],19,-1,65,-1,41
1,<environment.Job instance at 0x7f51bb3ec370>,19,25,[6 5],20,-1,66,-1,41
1,<environment.Job instance at 0x7f51bb3ec2d0>,20,28,[13  5],21,-1,69,-1,41
1,<environment.Job instance at 0x7f51bb39ac30>,21,28,[ 5 11],22,-1,69,-1,41
1,<environment.Job instance at 0x7f51bb39a230>,22,15,[ 2 13],23,-1,56,-1,41
1,<environment.Job instance at 0x7f51bb39a2d0>,23,13,[11  4],24,-1,54,-1,41
1,<environment.Job instance at 0x7f51bb39a140>,25,19,[ 1 10],26,-1,76,-1,57
1,<environment.Job instance at 0x7f51bb39a5a0>,27,22,[ 4 14],28,-1,79,-1,57
1,<environment.Job instance at 0x7f51bb39a320>,28,25,[1 7],29,-1,82,-1,57
1,<environment.Job instance at 0x7f51bb39a0a0>,30,27,[ 3 11],31,-1,101,-1,74
1,<environment.Job instance at 0x7f51bb39aeb0>,31,23,[5 1],32,-1,97,-1,74
1,<environment.Job instance at 0x7f51bb39ab40>,32,17,[12  4],33,-1,91,-1,74
1,<environment.Job instance at 0x7f51ba3a9f00>,1,23,[ 3 14],2,-1,25,-1,2
1,<environment.Job instance at 0x7f51ba3a9320>,5,16,[11  3],6,-1,22,-1,6
1,<environment.Job instance at 0x7f51ba3a9e10>,6,24,[13  4],7,-1,31,-1,7
1,<environment.Job instance at 0x7f51ba3a9dc0>,7,18,[14  2],8,-1,26,-1,8
1,<environment.Job instance at 0x7f51ba3a9780>,9,17,[14  3],10,-1,27,-1,10
1,<environment.Job instance at 0x7f51ba3a95a0>,10,24,[ 4 11],11,-1,35,-1,11
1,<environment.Job instance at 0x7f51ba3a9870>,11,14,[ 5 10],12,-1,27,-1,13
1,<environment.Job instance at 0x7f51ba3a9910>,14,25,[14  5],15,-1,40,-1,15
1,<environment.Job instance at 0x7f51ba3a9d20>,15,24,[3 7],16,-1,40,-1,16
1,<environment.Job instance at 0x7f51ba380370>,18,27,[ 3 13],19,-1,46,-1,19
1,<environment.Job instance at 0x7f51ba3804b0>,20,26,[3 9],21,-1,49,-1,23
1,<environment.Job instance at 0x7f51ba380690>,21,19,[11  4],22,-1,42,-1,23
1,<environment.Job instance at 0x7f51ba380a50>,22,24,[4 9],23,-1,47,-1,23
1,<environment.Job instance at 0x7f51ba380eb0>,23,25,[13  2],24,-1,49,-1,24
1,<environment.Job instance at 0x7f51ba380cd0>,24,23,[6 4],25,-1,48,-1,25
1,<environment.Job instance at 0x7f51ba380780>,25,22,[12  2],26,-1,48,-1,26
1,<environment.Job instance at 0x7f51ba380fa0>,28,13,[ 3 11],29,-1,53,-1,40
1,<environment.Job instance at 0x7f51ba380f50>,29,14,[14  1],30,-1,54,-1,40
1,<environment.Job instance at 0x7f51ba380d20>,30,14,[12  1],31,-1,54,-1,40
1,<environment.Job instance at 0x7f51ba380e60>,31,17,[12  4],32,-1,57,-1,40
1,<environment.Job instance at 0x7f51ba380460>,34,16,[ 4 14],35,-1,91,-1,75
1,<environment.Job instance at 0x7f51ba3802d0>,36,18,[7 1],37,-1,93,-1,75
1,<environment.Job instance at 0x7f51ba3802d0>,2,13,[ 5 11],3,-1,16,-1,3
1,<environment.Job instance at 0x7f51ba8e60a0>,3,13,[14  1],4,-1,17,-1,4
1,<environment.Job instance at 0x7f51ba8e60f0>,4,12,[ 5 12],5,-1,17,-1,5
1,<environment.Job instance at 0x7f51ba79eb40>,7,27,[6 1],8,-1,35,-1,8
1,<environment.Job instance at 0x7f51ba79eb90>,8,27,[ 4 13],9,-1,36,-1,9
1,<environment.Job instance at 0x7f51ba79e5a0>,10,27,[11  1],11,-1,38,-1,11
1,<environment.Job instance at 0x7f51ba93d0f0>,14,23,[1 8],15,-1,38,-1,15
1,<environment.Job instance at 0x7f51ba93d9b0>,15,27,[ 5 14],16,-1,43,-1,16
1,<environment.Job instance at 0x7f51ba93d460>,17,27,[5 1],18,-1,45,-1,18
1,<environment.Job instance at 0x7f51ba93de60>,18,26,[ 2 13],19,-1,45,-1,19
1,<environment.Job instance at 0x7f51ba93d690>,19,28,[14  4],20,-1,48,-1,20
1,<environment.Job instance at 0x7f51ba93d1e0>,20,27,[3 9],21,-1,48,-1,21
1,<environment.Job instance at 0x7f51ba93d910>,21,20,[ 4 11],22,-1,42,-1,22
1,<environment.Job instance at 0x7f51ba93d320>,22,15,[14  1],23,-1,38,-1,23
1,<environment.Job instance at 0x7f51ba93d8c0>,23,17,[10  2],24,-1,41,-1,24
1,<environment.Job instance at 0x7f51ba93db90>,24,27,[1 5],25,-1,52,-1,25
1,<environment.Job instance at 0x7f51ba93dc30>,25,26,[11  3],26,-1,52,-1,26
1,<environment.Job instance at 0x7f51ba927460>,26,25,[11  3],27,-1,52,-1,27
1,<environment.Job instance at 0x7f51ba927f50>,30,19,[11  3],31,-1,54,-1,35
1,<environment.Job instance at 0x7f51ba927cd0>,32,13,[14  2],33,-1,51,-1,38
1,<environment.Job instance at 0x7f51ba927410>,33,13,[ 5 11],34,-1,51,-1,38
1,<environment.Job instance at 0x7f51ba927e60>,34,18,[ 3 14],35,-1,56,-1,38
1,<environment.Job instance at 0x7f51bb7e8f50>,2,28,[11  2],3,-1,31,-1,3
1,<environment.Job instance at 0x7f51bb7e8eb0>,3,24,[7 5],4,-1,28,-1,4
1,<environment.Job instance at 0x7f51bb7dc280>,6,27,[ 4 13],7,-1,34,-1,7
1,<environment.Job instance at 0x7f51bb45b730>,7,28,[ 1 14],8,-1,36,-1,8
1,<environment.Job instance at 0x7f51bb45b1e0>,8,12,[13  4],9,-1,21,-1,9
1,<environment.Job instance at 0x7f51bb45b230>,9,12,[ 5 12],10,-1,22,-1,10
1,<environment.Job instance at 0x7f51bb45b0a0>,10,28,[7 4],11,-1,40,-1,12
1,<environment.Job instance at 0x7f51bb45ba50>,15,27,[12  5],16,-1,54,-1,27
1,<environment.Job instance at 0x7f51bb45bf00>,18,25,[14  5],19,-1,64,-1,39
1,<environment.Job instance at 0x7f51bb45b960>,19,26,[14  1],20,-1,65,-1,39
1,<environment.Job instance at 0x7f51bb45b820>,20,17,[12  2],21,-1,56,-1,39
1,<environment.Job instance at 0x7f51bb45ba00>,21,26,[6 2],22,-1,65,-1,39
1,<environment.Job instance at 0x7f51bb45b4b0>,22,23,[5 8],23,-1,62,-1,39
1,<environment.Job instance at 0x7f51bb782780>,24,17,[7 1],25,-1,65,-1,48
1,<environment.Job instance at 0x7f51bb7820f0>,25,21,[ 4 14],26,-1,69,-1,48
1,<environment.Job instance at 0x7f51bb7825a0>,26,28,[5 6],27,-1,76,-1,48
1,<environment.Job instance at 0x7f51bb782370>,27,20,[ 2 11],28,-1,68,-1,48
1,<environment.Job instance at 0x7f51bb305be0>,28,13,[12  1],29,-1,61,-1,48
1,<environment.Job instance at 0x7f51bb305280>,29,12,[14  3],30,-1,60,-1,48
1,<environment.Job instance at 0x7f51bb47f690>,30,23,[ 4 11],31,-1,71,-1,48
1,<environment.Job instance at 0x7f51bb47fc80>,31,14,[ 2 14],32,-1,62,-1,48
1,<environment.Job instance at 0x7f51bb47f960>,32,27,[1 8],33,-1,75,-1,48
1,<environment.Job instance at 0x7f51bb47f870>,33,26,[7 4],34,-1,74,-1,48
1,<environment.Job instance at 0x7f51bb33ae60>,34,20,[14  3],35,-1,68,-1,48
1,<environment.Job instance at 0x7f51bb47f410>,35,25,[5 2],36,-1,73,-1,48
1,<environment.Job instance at 0x7f51bb0503c0>,36,24,[6 3],37,-1,72,-1,48
1,<environment.Job instance at 0x7f51bb7abd20>,37,25,[ 2 14],38,-1,73,-1,48
1,<environment.Job instance at 0x7f51bb050d20>,40,28,[8 2],41,-1,84,-1,56
1,<environment.Job instance at 0x7f51bb0a0910>,41,26,[14  3],42,-1,82,-1,56
1,<environment.Job instance at 0x7f51bb67b2d0>,42,27,[12  1],43,-1,83,-1,56
1,<environment.Job instance at 0x7f51bb67b140>,43,27,[ 3 11],44,-1,83,-1,56
1,<environment.Job instance at 0x7f51bb6ae780>,44,15,[ 3 13],45,-1,71,-1,56
1,<environment.Job instance at 0x7f51bb6ae5a0>,45,21,[ 5 12],46,-1,77,-1,56
1,<environment.Job instance at 0x7f51bb6aeaf0>,46,21,[ 5 10],47,-1,77,-1,56
1,<environment.Job instance at 0x7f51bb6aeaa0>,47,23,[9 5],48,-1,79,-1,56
1,<environment.Job instance at 0x7f51bb37e5a0>,49,22,[2 5],50,-1,92,-1,70
1,<environment.Job instance at 0x7f51bb374910>,50,12,[ 1 10],51,-1,82,-1,70
1,<environment.Job instance at 0x7f51bb37ea00>,51,25,[12  5],52,-1,95,-1,70
1,<environment.Job instance at 0x7f51bb7d0e10>,52,24,[6 4],53,-1,94,-1,70
1,<environment.Job instance at 0x7f51bb37e370>,53,19,[ 2 11],54,-1,89,-1,70
1,<environment.Job instance at 0x7f51bb660fa0>,54,23,[13  3],55,-1,93,-1,70
1,<environment.Job instance at 0x7f51bb660e60>,56,20,[7 1],57,-1,93,-1,73
1,<environment.Job instance at 0x7f51bb660cd0>,57,25,[4 9],58,-1,98,-1,73
1,<environment.Job instance at 0x7f51bb660f00>,58,26,[6 1],59,-1,99,-1,73
1,<environment.Job instance at 0x7f51bb660af0>,59,28,[5 9],60,-1,101,-1,73
1,<environment.Job instance at 0x7f51bb660550>,60,24,[4 8],61,-1,97,-1,73
1,<environment.Job instance at 0x7f51bb6602d0>,62,23,[10  5],63,-1,99,-1,76
1,<environment.Job instance at 0x7f51bb6607d0>,63,24,[12  1],64,-1,100,-1,76
1,<environment.Job instance at 0x7f51bb660460>,64,17,[12  4],65,-1,93,-1,76
1,<environment.Job instance at 0x7f51ba66e050>,1,18,[ 1 14],2,-1,20,-1,2
1,<environment.Job instance at 0x7f51ba66eb40>,4,13,[ 1 12],5,-1,18,-1,5
1,<environment.Job instance at 0x7f51ba66e0f0>,6,28,[5 7],7,-1,35,-1,7
1,<environment.Job instance at 0x7f51ba66e5a0>,7,16,[ 4 11],8,-1,24,-1,8
1,<environment.Job instance at 0x7f51ba66e8c0>,9,22,[ 3 11],10,-1,32,-1,10
1,<environment.Job instance at 0x7f51bac46050>,10,20,[4 9],11,-1,39,-1,19
1,<environment.Job instance at 0x7f51bac46c30>,14,13,[12  4],15,-1,32,-1,19
1,<environment.Job instance at 0x7f51bac46140>,15,23,[9 4],16,-1,42,-1,19
1,<environment.Job instance at 0x7f51bac464b0>,16,13,[ 3 14],17,-1,32,-1,19
1,<environment.Job instance at 0x7f51bac46550>,17,24,[ 4 14],18,-1,43,-1,19
1,<environment.Job instance at 0x7f51bac46410>,19,24,[13  3],20,-1,58,-1,34
1,<environment.Job instance at 0x7f51bac460f0>,20,27,[9 5],21,-1,61,-1,34
1,<environment.Job instance at 0x7f51bac46230>,21,22,[13  5],22,-1,56,-1,34
1,<environment.Job instance at 0x7f51bac46460>,22,14,[ 3 13],23,-1,48,-1,34
1,<environment.Job instance at 0x7f51bac46d70>,23,26,[14  2],24,-1,60,-1,34
1,<environment.Job instance at 0x7f51bac465a0>,24,13,[13  4],25,-1,47,-1,34
1,<environment.Job instance at 0x7f51ba624dc0>,25,21,[ 4 10],26,-1,55,-1,34
1,<environment.Job instance at 0x7f51ba624e60>,26,23,[2 8],27,-1,57,-1,34
1,<environment.Job instance at 0x7f51ba624f00>,27,25,[11  1],28,-1,59,-1,34
1,<environment.Job instance at 0x7f51ba624500>,28,19,[13  3],29,-1,53,-1,34
1,<environment.Job instance at 0x7f51ba624be0>,29,13,[6 2],30,-1,47,-1,34
1,<environment.Job instance at 0x7f51ba624690>,30,25,[13  4],31,-1,59,-1,34
1,<environment.Job instance at 0x7f51ba6241e0>,32,20,[10  2],33,-1,55,-1,35
1,<environment.Job instance at 0x7f51ba624910>,33,18,[ 2 13],34,-1,53,-1,35
1,<environment.Job instance at 0x7f51ba6243c0>,37,14,[12  2],38,-1,84,-1,70
1,<environment.Job instance at 0x7f51ba624640>,38,17,[12  4],39,-1,87,-1,70
1,<environment.Job instance at 0x7f51ba624320>,39,25,[6 4],40,-1,95,-1,70
1,<environment.Job instance at 0x7f51ba624fa0>,40,19,[3 6],41,-1,89,-1,70
1,<environment.Job instance at 0x7f51ba6245f0>,41,20,[ 2 10],42,-1,90,-1,70
1,<environment.Job instance at 0x7f51ba6245a0>,42,18,[ 2 13],43,-1,88,-1,70
1,<environment.Job instance at 0x7f51ba61ef50>,43,14,[14  2],44,-1,84,-1,70
1,<environment.Job instance at 0x7f51ba61e190>,44,27,[ 1 12],45,-1,97,-1,70
1,<environment.Job instance at 0x7f51ba61ef00>,45,15,[13  4],46,-1,85,-1,70
1,<environment.Job instance at 0x7f51ba61e1e0>,46,24,[ 4 14],47,-1,94,-1,70
1,<environment.Job instance at 0x7f51ba61e640>,47,15,[4 9],48,-1,85,-1,70
1,<environment.Job instance at 0x7f51ba61e370>,48,16,[12  5],49,-1,86,-1,70
1,<environment.Job instance at 0x7f51ba61e410>,49,12,[4 6],50,-1,82,-1,70
1,<environment.Job instance at 0x7f51ba61e280>,50,23,[3 9],51,-1,93,-1,70
1,<environment.Job instance at 0x7f51ba61e050>,51,19,[ 4 14],52,-1,89,-1,70
1,<environment.Job instance at 0x7f51ba61eb90>,52,19,[7 3],53,-1,89,-1,70
1,<environment.Job instance at 0x7f51ba61e9b0>,53,26,[10  3],54,-1,96,-1,70
1,<environment.Job instance at 0x7f51ba61eb40>,54,17,[14  3],55,-1,87,-1,70
1,<environment.Job instance at 0x7f51ba61e460>,56,15,[2 6],57,-1,89,-1,74
1,<environment.Job instance at 0x7f51ba61eeb0>,58,22,[ 4 12],59,-1,99,-1,77
1,<environment.Job instance at 0x7f51ba61e690>,59,25,[8 2],60,-1,102,-1,77
1,<environment.Job instance at 0x7f51ba61e960>,60,15,[5 2],61,-1,94,-1,79
1,<environment.Job instance at 0x7f51ba61ec80>,61,27,[6 4],62,-1,106,-1,79
1,<environment.Job instance at 0x7f51ba69a320>,1,20,[ 3 14],2,-1,22,-1,2
1,<environment.Job instance at 0x7f51ba65a4b0>,2,24,[14  5],3,-1,27,-1,3
1,<environment.Job instance at 0x7f51ba3372d0>,3,24,[14  5],4,-1,28,-1,4
1,<environment.Job instance at 0x7f51ba337370>,4,12,[ 4 11],5,-1,17,-1,5
1,<environment.Job instance at 0x7f51ba337410>,5,22,[ 3 14],6,-1,28,-1,6
1,<environment.Job instance at 0x7f51ba3374b0>,6,14,[ 1 13],7,-1,21,-1,7
1,<environment.Job instance at 0x7f51ba337550>,7,16,[13  5],8,-1,24,-1,8
1,<environment.Job instance at 0x7f51ba3375f0>,8,25,[5 3],9,-1,34,-1,9
1,<environment.Job instance at 0x7f51ba337730>,10,22,[ 3 14],11,-1,33,-1,11
1,<environment.Job instance at 0x7f51ba61ec80>,13,27,[ 4 14],14,-1,41,-1,14
1,<environment.Job instance at 0x7f51ba3377d0>,12,14,[13  1],13,-1,28,-1,14
1,<environment.Job instance at 0x7f51ba337b90>,17,28,[13  5],18,-1,46,-1,18
1,<environment.Job instance at 0x7f51ba337dc0>,19,21,[ 3 14],20,-1,41,-1,20
1,<environment.Job instance at 0x7f51ba31f190>,23,25,[5 5],24,-1,56,-1,31
1,<environment.Job instance at 0x7f51ba31f2d0>,24,26,[12  3],25,-1,57,-1,31
1,<environment.Job instance at 0x7f51ba31f370>,25,20,[14  4],26,-1,51,-1,31
1,<environment.Job instance at 0x7f51ba31f410>,26,15,[13  2],27,-1,46,-1,31
1,<environment.Job instance at 0x7f51ba31f4b0>,27,24,[ 5 13],28,-1,55,-1,31
1,<environment.Job instance at 0x7f51ba31f550>,28,25,[13  5],29,-1,56,-1,31
1,<environment.Job instance at 0x7f51ba31f5f0>,29,19,[ 2 13],30,-1,50,-1,31
1,<environment.Job instance at 0x7f51ba31f690>,30,25,[8 3],31,-1,56,-1,31
1,<environment.Job instance at 0x7f51ba31f640>,31,19,[14  2],32,-1,51,-1,32
1,<environment.Job instance at 0x7f51ba31f780>,32,18,[14  4],33,-1,51,-1,33
1,<environment.Job instance at 0x7f51ba31f6e0>,33,14,[14  2],34,-1,48,-1,34
1,<environment.Job instance at 0x7f51ba31f910>,35,22,[4 7],36,-1,63,-1,41
1,<environment.Job instance at 0x7f51ba31fbe0>,38,27,[1 9],39,-1,74,-1,47
1,<environment.Job instance at 0x7f51ba31fc80>,39,27,[14  4],40,-1,74,-1,47
1,<environment.Job instance at 0x7f51ba31f960>,42,26,[ 2 13],43,-1,87,-1,61
1,<environment.Job instance at 0x7f51bada4140>,8,13,[10  1],9,-1,74,-1,61
1,<environment.Job instance at 0x7f51bada4910>,10,28,[ 5 10],11,-1,89,-1,61
1,<environment.Job instance at 0x7f51bada45f0>,11,27,[11  5],12,-1,88,-1,61
1,<environment.Job instance at 0x7f51bada4d70>,12,23,[14  5],13,-1,84,-1,61
1,<environment.Job instance at 0x7f51bada49b0>,13,16,[12  4],14,-1,77,-1,61
1,<environment.Job instance at 0x7f51bada4dc0>,14,18,[ 1 10],15,-1,79,-1,61
1,<environment.Job instance at 0x7f51bada4f00>,15,27,[12  4],16,-1,88,-1,61
1,<environment.Job instance at 0x7f51bada4460>,16,20,[ 5 12],17,-1,81,-1,61
1,<environment.Job instance at 0x7f51bada4eb0>,17,28,[12  4],18,-1,89,-1,61
1,<environment.Job instance at 0x7f51bada42d0>,18,16,[ 1 14],19,-1,77,-1,61
1,<environment.Job instance at 0x7f51ba90b870>,21,28,[13  3],22,-1,94,-1,66
1,<environment.Job instance at 0x7f51ba90bb40>,22,22,[ 3 11],23,-1,88,-1,66
1,<environment.Job instance at 0x7f51ba90b230>,23,21,[ 2 13],24,-1,87,-1,66
1,<environment.Job instance at 0x7f51ba90b3c0>,24,22,[10  2],25,-1,88,-1,66
1,<environment.Job instance at 0x7f51ba90bc80>,25,26,[13  3],26,-1,92,-1,66
1,<environment.Job instance at 0x7f51ba90be60>,26,24,[8 2],27,-1,90,-1,66
1,<environment.Job instance at 0x7f51ba90baa0>,28,12,[11  1],29,-1,85,-1,73
1,<environment.Job instance at 0x7f51ba90b2d0>,29,17,[11  3],30,-1,90,-1,73
1,<environment.Job instance at 0x7f51ba90b9b0>,30,16,[12  1],31,-1,89,-1,73
1,<environment.Job instance at 0x7f51ba561730>,31,15,[ 4 13],32,-1,88,-1,73
1,<environment.Job instance at 0x7f51ba5615a0>,32,28,[13  1],33,-1,101,-1,73
1,<environment.Job instance at 0x7f51ba561960>,33,24,[ 4 13],34,-1,97,-1,73
1,<environment.Job instance at 0x7f51ba561500>,34,18,[ 1 11],35,-1,91,-1,73
1,<environment.Job instance at 0x7f51baaca5a0>,4,27,[2 8],5,-1,32,-1,5
1,<environment.Job instance at 0x7f51baaca820>,7,14,[11  4],8,-1,23,-1,9
1,<environment.Job instance at 0x7f51ba18fb90>,10,18,[ 4 11],11,-1,29,-1,11
1,<environment.Job instance at 0x7f51baf12eb0>,11,18,[ 3 12],12,-1,30,-1,12
1,<environment.Job instance at 0x7f51baad8460>,14,19,[ 2 13],15,-1,34,-1,15
1,<environment.Job instance at 0x7f51baf12230>,16,14,[13  4],17,-1,41,-1,27
1,<environment.Job instance at 0x7f51bb1661e0>,17,15,[13  3],18,-1,42,-1,27
1,<environment.Job instance at 0x7f51bb166b40>,18,12,[ 5 11],19,-1,39,-1,27
1,<environment.Job instance at 0x7f51bb166730>,19,25,[5 1],20,-1,52,-1,27
1,<environment.Job instance at 0x7f51bb07bfa0>,20,22,[10  1],21,-1,71,-1,49
1,<environment.Job instance at 0x7f51bb07b550>,22,25,[8 5],23,-1,74,-1,49
1,<environment.Job instance at 0x7f51bb07b780>,23,12,[9 1],24,-1,61,-1,49
1,<environment.Job instance at 0x7f51bb07be10>,25,17,[10  1],26,-1,66,-1,49
1,<environment.Job instance at 0x7f51bb07b500>,26,25,[ 2 13],27,-1,74,-1,49
1,<environment.Job instance at 0x7f51ba7bb410>,27,15,[ 5 12],28,-1,64,-1,49
1,<environment.Job instance at 0x7f51bb07b410>,28,26,[11  4],29,-1,75,-1,49
1,<environment.Job instance at 0x7f51ba7bbaa0>,29,21,[12  2],30,-1,70,-1,49
1,<environment.Job instance at 0x7f51b9ee3f50>,30,25,[6 2],31,-1,74,-1,49
1,<environment.Job instance at 0x7f51b9ee3140>,31,23,[5 5],32,-1,72,-1,49
1,<environment.Job instance at 0x7f51bad44dc0>,33,17,[ 4 12],34,-1,66,-1,49
1,<environment.Job instance at 0x7f51bb07beb0>,4,25,[ 1 14],5,-1,30,-1,5
1,<environment.Job instance at 0x7f51bb8cdc30>,5,19,[13  1],6,-1,25,-1,6
1,<environment.Job instance at 0x7f51bb8cd780>,6,15,[12  3],7,-1,22,-1,7
1,<environment.Job instance at 0x7f51bb8cdc80>,7,24,[ 1 11],8,-1,32,-1,8
1,<environment.Job instance at 0x7f51bb8cdfa0>,8,27,[10  4],9,-1,36,-1,9
1,<environment.Job instance at 0x7f51bb8cd050>,9,26,[5 5],10,-1,36,-1,10
1,<environment.Job instance at 0x7f51bb8cd410>,10,14,[9 2],11,-1,41,-1,27
1,<environment.Job instance at 0x7f51bb8a70a0>,15,24,[13  5],16,-1,51,-1,27
1,<environment.Job instance at 0x7f51bb8a7a00>,16,26,[12  1],17,-1,53,-1,27
1,<environment.Job instance at 0x7f51bb8a7c30>,17,16,[5 2],18,-1,43,-1,27
1,<environment.Job instance at 0x7f51bb1dd640>,18,12,[6 4],19,-1,39,-1,27
1,<environment.Job instance at 0x7f51b9f6bc80>,19,17,[ 2 13],20,-1,44,-1,27
1,<environment.Job instance at 0x7f51bb1dd280>,20,13,[1 8],21,-1,40,-1,27
1,<environment.Job instance at 0x7f51bb1d0af0>,21,26,[7 1],22,-1,53,-1,27
1,<environment.Job instance at 0x7f51bb6ae690>,22,22,[8 3],23,-1,50,-1,28
1,<environment.Job instance at 0x7f51bb6ae1e0>,23,15,[14  1],24,-1,43,-1,28
1,<environment.Job instance at 0x7f51bb6ae6e0>,24,18,[5 8],25,-1,62,-1,44
1,<environment.Job instance at 0x7f51bb7604b0>,27,20,[5 7],28,-1,64,-1,44
1,<environment.Job instance at 0x7f51bb760be0>,28,12,[10  4],29,-1,56,-1,44
1,<environment.Job instance at 0x7f51ba6cbf00>,29,23,[5 6],30,-1,67,-1,44
1,<environment.Job instance at 0x7f51bb760fa0>,30,14,[ 4 13],31,-1,58,-1,44
1,<environment.Job instance at 0x7f51ba6a3320>,31,23,[ 5 14],32,-1,67,-1,44
1,<environment.Job instance at 0x7f51bb7605f0>,32,23,[13  5],33,-1,67,-1,44
1,<environment.Job instance at 0x7f51bb7b1be0>,33,22,[ 2 14],34,-1,66,-1,44
1,<environment.Job instance at 0x7f51bb7b1370>,34,17,[13  4],35,-1,61,-1,44
1,<environment.Job instance at 0x7f51bb7b1820>,35,22,[6 2],36,-1,66,-1,44
1,<environment.Job instance at 0x7f51bb7b1b40>,36,23,[9 1],37,-1,67,-1,44
1,<environment.Job instance at 0x7f51ba62b320>,37,24,[ 4 13],38,-1,68,-1,44
1,<environment.Job instance at 0x7f51ba62baf0>,38,28,[12  2],39,-1,72,-1,44
1,<environment.Job instance at 0x7f51bb67b2d0>,39,15,[9 2],40,-1,67,-1,52
1,<environment.Job instance at 0x7f51ba6d4780>,40,14,[2 7],41,-1,66,-1,52
1,<environment.Job instance at 0x7f51ba6d45f0>,42,14,[12  1],43,-1,71,-1,57
1,<environment.Job instance at 0x7f51ba6d4410>,43,16,[6 2],44,-1,73,-1,57
1,<environment.Job instance at 0x7f51b9f71410>,44,25,[10  1],45,-1,82,-1,57
1,<environment.Job instance at 0x7f51b9f714b0>,45,13,[ 5 11],46,-1,70,-1,57
1,<environment.Job instance at 0x7f51ba62ed20>,46,12,[ 3 14],47,-1,69,-1,57
1,<environment.Job instance at 0x7f51ba62e820>,47,14,[2 9],48,-1,71,-1,57
1,<environment.Job instance at 0x7f51ba62e2d0>,48,13,[ 2 13],49,-1,70,-1,57
1,<environment.Job instance at 0x7f51ba62e1e0>,49,14,[13  2],50,-1,71,-1,57
1,<environment.Job instance at 0x7f51ba638280>,50,18,[11  2],51,-1,75,-1,57
1,<environment.Job instance at 0x7f51ba638fa0>,51,25,[ 1 10],52,-1,82,-1,57
1,<environment.Job instance at 0x7f51bb305910>,52,20,[ 2 12],53,-1,77,-1,57
1,<environment.Job instance at 0x7f51bb305960>,53,20,[13  1],54,-1,77,-1,57
1,<environment.Job instance at 0x7f51ba61f5f0>,55,20,[3 7],56,-1,77,-1,57
1,<environment.Job instance at 0x7f51ba61f050>,56,26,[3 7],57,-1,83,-1,57
1,<environment.Job instance at 0x7f51b9f61f00>,57,17,[8 3],58,-1,76,-1,59
1,<environment.Job instance at 0x7f51b9f61b40>,58,22,[2 8],59,-1,81,-1,59
1,<environment.Job instance at 0x7f51b9f61be0>,59,18,[2 7],60,-1,81,-1,63
1,<environment.Job instance at 0x7f51b9f61dc0>,60,25,[12  2],61,-1,88,-1,63
1,<environment.Job instance at 0x7f51b9f61550>,61,22,[11  3],62,-1,85,-1,63
1,<environment.Job instance at 0x7f51b9f619b0>,62,24,[12  5],63,-1,87,-1,63
1,<environment.Job instance at 0x7f51b9f61370>,63,26,[ 5 10],64,-1,90,-1,64
1,<environment.Job instance at 0x7f51b9f610f0>,64,16,[1 6],65,-1,81,-1,65
1,<environment.Job instance at 0x7f51b9f61730>,65,28,[12  2],66,-1,94,-1,66
1,<environment.Job instance at 0x7f51b9f61140>,66,21,[ 4 12],67,-1,88,-1,67
1,<environment.Job instance at 0x7f51b9f61870>,67,26,[ 4 12],68,-1,94,-1,68
1,<environment.Job instance at 0x7f51b9f618c0>,69,13,[11  2],70,-1,83,-1,70
1,<environment.Job instance at 0x7f51b9f760a0>,70,13,[ 5 13],71,-1,84,-1,71
1,<environment.Job instance at 0x7f51b9f6dc30>,73,23,[ 4 13],74,-1,97,-1,74
1,<environment.Job instance at 0x7f51b9f6dcd0>,74,13,[ 5 14],75,-1,88,-1,75
1,<environment.Job instance at 0x7f51b9f6db90>,75,22,[5 5],76,-1,100,-1,78
1,<environment.Job instance at 0x7f51b9f617d0>,76,22,[13  1],77,-1,100,-1,78
1,<environment.Job instance at 0x7f51b9f6dd70>,77,17,[ 1 10],78,-1,95,-1,78
1,<environment.Job instance at 0x7f51b9f6df00>,78,27,[ 1 13],79,-1,106,-1,79
1,<environment.Job instance at 0x7f51baafe1e0>,2,21,[11  5],3,-1,24,-1,3
1,<environment.Job instance at 0x7f51bb1399b0>,3,18,[13  4],4,-1,22,-1,4
1,<environment.Job instance at 0x7f51baf12e10>,4,27,[8 5],5,-1,32,-1,5
1,<environment.Job instance at 0x7f51ba26d820>,5,12,[ 5 13],6,-1,18,-1,6
1,<environment.Job instance at 0x7f51bb8382d0>,7,20,[ 5 13],8,-1,28,-1,8
1,<environment.Job instance at 0x7f51bb838410>,8,19,[ 2 14],9,-1,28,-1,9
1,<environment.Job instance at 0x7f51b9f6df00>,10,16,[ 2 14],11,-1,27,-1,11
1,<environment.Job instance at 0x7f51bb8380a0>,9,20,[13  2],10,-1,31,-1,11
1,<environment.Job instance at 0x7f51bb838fa0>,11,26,[7 3],12,-1,38,-1,12
1,<environment.Job instance at 0x7f51ba3ecc30>,12,16,[ 3 13],13,-1,29,-1,13
1,<environment.Job instance at 0x7f51bb163dc0>,13,28,[ 5 10],14,-1,42,-1,14
1,<environment.Job instance at 0x7f51bb163e10>,14,22,[14  1],15,-1,37,-1,15
1,<environment.Job instance at 0x7f51bb163230>,16,15,[ 1 12],17,-1,32,-1,17
1,<environment.Job instance at 0x7f51ba8ae820>,20,14,[13  5],21,-1,35,-1,21
1,<environment.Job instance at 0x7f51ba35a410>,25,27,[ 1 14],26,-1,71,-1,44
1,<environment.Job instance at 0x7f51ba35a460>,26,21,[14  2],27,-1,65,-1,44
1,<environment.Job instance at 0x7f51ba35a320>,27,22,[11  1],28,-1,66,-1,44
1,<environment.Job instance at 0x7f51ba35a690>,28,26,[7 4],29,-1,70,-1,44
1,<environment.Job instance at 0x7f51ba35a050>,29,12,[ 1 14],30,-1,56,-1,44
1,<environment.Job instance at 0x7f51ba35a640>,30,23,[ 4 14],31,-1,67,-1,44
1,<environment.Job instance at 0x7f51ba35a780>,31,14,[13  2],32,-1,58,-1,44
1,<environment.Job instance at 0x7f51badb85f0>,33,21,[11  2],34,-1,65,-1,44
1,<environment.Job instance at 0x7f51badb87d0>,34,18,[ 2 11],35,-1,62,-1,44
1,<environment.Job instance at 0x7f51badb80a0>,35,17,[11  4],36,-1,74,-1,57
1,<environment.Job instance at 0x7f51badb81e0>,36,14,[ 4 14],37,-1,71,-1,57
1,<environment.Job instance at 0x7f51badb8aa0>,37,28,[12  5],38,-1,85,-1,57
1,<environment.Job instance at 0x7f51baeca410>,38,13,[12  5],39,-1,70,-1,57
1,<environment.Job instance at 0x7f51badb8af0>,39,12,[11  5],40,-1,69,-1,57
1,<environment.Job instance at 0x7f51bac22d70>,41,26,[5 3],42,-1,83,-1,57
1,<environment.Job instance at 0x7f51bac22dc0>,42,27,[13  5],43,-1,84,-1,57
1,<environment.Job instance at 0x7f51bac225a0>,43,28,[ 3 14],44,-1,85,-1,57
1,<environment.Job instance at 0x7f51bac22640>,44,21,[ 4 11],45,-1,78,-1,57
1,<environment.Job instance at 0x7f51bac228c0>,45,18,[ 3 12],46,-1,75,-1,57
1,<environment.Job instance at 0x7f51bac22b40>,47,26,[14  5],48,-1,90,-1,64
1,<environment.Job instance at 0x7f51bae08a00>,48,24,[4 6],49,-1,88,-1,64
1,<environment.Job instance at 0x7f51bae08f50>,49,18,[13  1],50,-1,82,-1,64
1,<environment.Job instance at 0x7f51bac226e0>,50,20,[12  3],51,-1,84,-1,64
1,<environment.Job instance at 0x7f51ba3a6820>,51,17,[ 5 14],52,-1,81,-1,64
1,<environment.Job instance at 0x7f51ba3a67d0>,52,24,[8 5],53,-1,88,-1,64
1,<environment.Job instance at 0x7f51bac5f6e0>,53,24,[5 1],54,-1,88,-1,64
1,<environment.Job instance at 0x7f51baaecb90>,55,16,[ 2 13],56,-1,88,-1,72
1,<environment.Job instance at 0x7f51baaecaf0>,56,17,[12  3],57,-1,89,-1,72
1,<environment.Job instance at 0x7f51baaec4b0>,57,14,[14  1],58,-1,86,-1,72
1,<environment.Job instance at 0x7f51baaec780>,58,25,[ 4 10],59,-1,97,-1,72
1,<environment.Job instance at 0x7f51baaec870>,59,26,[3 6],60,-1,98,-1,72
1,<environment.Job instance at 0x7f51b9ee4f00>,61,14,[11  5],62,-1,86,-1,72
1,<environment.Job instance at 0x7f51bb0b68c0>,62,24,[ 4 12],63,-1,96,-1,72
1,<environment.Job instance at 0x7f51ba1e91e0>,4,18,[13  5],5,-1,23,-1,5
1,<environment.Job instance at 0x7f51ba1e90a0>,9,28,[8 2],10,-1,46,-1,18
1,<environment.Job instance at 0x7f51ba1e98c0>,10,23,[4 9],11,-1,41,-1,18
1,<environment.Job instance at 0x7f51ba1e9870>,11,24,[5 2],12,-1,42,-1,18
1,<environment.Job instance at 0x7f51ba1e94b0>,13,17,[ 1 14],14,-1,35,-1,18
1,<environment.Job instance at 0x7f51ba4e6140>,14,25,[ 2 11],15,-1,43,-1,18
1,<environment.Job instance at 0x7f51ba4e6a00>,15,19,[11  3],16,-1,37,-1,18
1,<environment.Job instance at 0x7f51ba4e6230>,17,22,[4 8],18,-1,66,-1,44
1,<environment.Job instance at 0x7f51ba4e6780>,22,27,[ 3 11],23,-1,71,-1,44
1,<environment.Job instance at 0x7f51ba4e6cd0>,23,21,[ 3 13],24,-1,65,-1,44
1,<environment.Job instance at 0x7f51ba4e6050>,24,14,[4 8],25,-1,69,-1,55
1,<environment.Job instance at 0x7f51ba4e60a0>,25,21,[ 4 14],26,-1,76,-1,55
1,<environment.Job instance at 0x7f51ba4e6820>,26,13,[14  2],27,-1,68,-1,55
1,<environment.Job instance at 0x7f51ba4e6f50>,27,16,[ 4 14],28,-1,71,-1,55
1,<environment.Job instance at 0x7f51ba4e6b40>,28,13,[4 5],29,-1,68,-1,55
1,<environment.Job instance at 0x7f51ba4e67d0>,29,14,[13  3],30,-1,69,-1,55
1,<environment.Job instance at 0x7f51ba4e62d0>,30,24,[3 9],31,-1,79,-1,55
1,<environment.Job instance at 0x7f51ba4e66e0>,32,17,[ 3 11],33,-1,74,-1,57
1,<environment.Job instance at 0x7f51bb8415a0>,3,12,[ 5 12],4,-1,16,-1,4
1,<environment.Job instance at 0x7f51bb841690>,7,28,[3 5],8,-1,36,-1,8
1,<environment.Job instance at 0x7f51bb841f00>,8,23,[8 3],9,-1,33,-1,10
1,<environment.Job instance at 0x7f51bb8416e0>,10,25,[ 4 10],11,-1,36,-1,11
1,<environment.Job instance at 0x7f51bb841aa0>,15,15,[ 3 13],16,-1,44,-1,29
1,<environment.Job instance at 0x7f51bb8418c0>,17,16,[13  1],18,-1,45,-1,29
1,<environment.Job instance at 0x7f51bb841910>,19,14,[14  1],20,-1,45,-1,31
1,<environment.Job instance at 0x7f51bab52eb0>,21,19,[14  4],22,-1,65,-1,46
1,<environment.Job instance at 0x7f51bab52cd0>,23,24,[9 1],24,-1,88,-1,64
1,<environment.Job instance at 0x7f51bab52f00>,24,14,[ 5 13],25,-1,78,-1,64
1,<environment.Job instance at 0x7f51bab52640>,25,23,[ 3 10],26,-1,87,-1,64
1,<environment.Job instance at 0x7f51bb841870>,3,12,[11  1],4,-1,17,-1,5
1,<environment.Job instance at 0x7f51baff0780>,5,14,[ 5 13],6,-1,20,-1,6
1,<environment.Job instance at 0x7f51baff0820>,6,13,[ 2 14],7,-1,20,-1,7
1,<environment.Job instance at 0x7f51baff08c0>,7,22,[10  1],8,-1,33,-1,11
1,<environment.Job instance at 0x7f51baff0960>,9,24,[5 1],10,-1,35,-1,11
1,<environment.Job instance at 0x7f51baff0a00>,10,15,[ 3 13],11,-1,26,-1,11
1,<environment.Job instance at 0x7f51baff0b90>,11,12,[ 3 14],12,-1,24,-1,12
1,<environment.Job instance at 0x7f51baff0be0>,12,27,[6 5],13,-1,40,-1,13
1,<environment.Job instance at 0x7f51baff0e10>,18,16,[ 1 13],19,-1,49,-1,33
1,<environment.Job instance at 0x7f51bafef1e0>,19,25,[4 7],20,-1,58,-1,33
1,<environment.Job instance at 0x7f51bafef2d0>,20,18,[ 2 11],21,-1,51,-1,33
1,<environment.Job instance at 0x7f51bafef190>,21,12,[13  5],22,-1,45,-1,33
1,<environment.Job instance at 0x7f51bafef410>,22,22,[14  4],23,-1,55,-1,33
1,<environment.Job instance at 0x7f51bafef370>,23,27,[5 3],24,-1,60,-1,33
1,<environment.Job instance at 0x7f51bafef500>,24,25,[ 3 11],25,-1,58,-1,33
1,<environment.Job instance at 0x7f51bafef0a0>,25,24,[8 3],26,-1,57,-1,33
1,<environment.Job instance at 0x7f51bafef6e0>,26,13,[13  1],27,-1,46,-1,33
1,<environment.Job instance at 0x7f51bafef730>,27,26,[ 3 13],28,-1,59,-1,33
1,<environment.Job instance at 0x7f51bafef7d0>,29,25,[12  5],30,-1,71,-1,46
1,<environment.Job instance at 0x7f51bafef870>,30,27,[5 9],31,-1,73,-1,46
1,<environment.Job instance at 0x7f51bafef9b0>,32,26,[ 2 11],33,-1,72,-1,46
1,<environment.Job instance at 0x7f51bafefaa0>,35,27,[14  4],36,-1,85,-1,58
1,<environment.Job instance at 0x7f51bafefd20>,36,18,[11  4],37,-1,76,-1,58
1,<environment.Job instance at 0x7f51bafefdc0>,37,24,[11  2],38,-1,82,-1,58
1,<environment.Job instance at 0x7f51bafefe60>,38,12,[12  3],39,-1,70,-1,58
1,<environment.Job instance at 0x7f51bafeffa0>,40,13,[11  3],41,-1,76,-1,63
1,<environment.Job instance at 0x7f51bafefaf0>,41,22,[ 4 12],42,-1,85,-1,63
1,<environment.Job instance at 0x7f51bafea140>,42,20,[13  3],43,-1,83,-1,63
1,<environment.Job instance at 0x7f51bafea1e0>,43,24,[14  1],44,-1,87,-1,63
1,<environment.Job instance at 0x7f51bafea320>,45,14,[ 1 13],46,-1,84,-1,70
1,<environment.Job instance at 0x7f51bafea5a0>,46,17,[ 3 12],47,-1,87,-1,70
1,<environment.Job instance at 0x7f51bafea410>,47,26,[11  2],48,-1,96,-1,70
1,<environment.Job instance at 0x7f51bafea640>,49,24,[11  1],50,-1,101,-1,77
1,<environment.Job instance at 0x7f51bafea6e0>,50,23,[13  2],51,-1,100,-1,77
1,<environment.Job instance at 0x7f51bafea780>,51,18,[13  5],52,-1,95,-1,77
1,<environment.Job instance at 0x7f51bb52ef00>,10,20,[13  2],11,-1,84,-1,64
1,<environment.Job instance at 0x7f51bb52ea50>,12,23,[ 3 13],13,-1,87,-1,64
1,<environment.Job instance at 0x7f51bb52ecd0>,13,26,[3 8],14,-1,90,-1,64
1,<environment.Job instance at 0x7f51bb52e230>,14,18,[14  4],15,-1,82,-1,64
1,<environment.Job instance at 0x7f51bb52ee60>,17,23,[9 2],18,-1,102,-1,79
1,<environment.Job instance at 0x7f51bb52ec80>,18,26,[11  2],19,-1,105,-1,79
1,<environment.Job instance at 0x7f51bb52eaa0>,19,27,[14  4],20,-1,106,-1,79
1,<environment.Job instance at 0x7f51b9fe0870>,3,23,[ 5 11],4,-1,27,-1,4
1,<environment.Job instance at 0x7f51ba04ee10>,4,26,[ 5 11],5,-1,31,-1,5
1,<environment.Job instance at 0x7f51ba04e500>,5,19,[3 8],6,-1,48,-1,29
1,<environment.Job instance at 0x7f51ba04ecd0>,9,22,[ 2 11],10,-1,51,-1,29
1,<environment.Job instance at 0x7f51ba04e280>,10,14,[8 2],11,-1,43,-1,29
1,<environment.Job instance at 0x7f51ba04e190>,11,21,[9 5],12,-1,59,-1,38
1,<environment.Job instance at 0x7f51ba04edc0>,13,18,[4 5],14,-1,67,-1,49
1,<environment.Job instance at 0x7f51ba04e0f0>,15,13,[4 6],16,-1,62,-1,49
1,<environment.Job instance at 0x7f51ba04e370>,16,15,[12  1],17,-1,64,-1,49
1,<environment.Job instance at 0x7f51ba2190f0>,17,13,[ 5 12],18,-1,62,-1,49
1,<environment.Job instance at 0x7f51ba219870>,18,28,[14  2],19,-1,77,-1,49
1,<environment.Job instance at 0x7f51ba219500>,19,17,[10  4],20,-1,66,-1,49
1,<environment.Job instance at 0x7f51ba219af0>,20,15,[ 5 11],21,-1,64,-1,49
1,<environment.Job instance at 0x7f51ba2196e0>,21,20,[ 3 11],22,-1,69,-1,49
1,<environment.Job instance at 0x7f51ba219280>,22,28,[9 4],23,-1,77,-1,49
1,<environment.Job instance at 0x7f51ba2199b0>,23,16,[3 5],24,-1,65,-1,49
1,<environment.Job instance at 0x7f51baf3a370>,24,27,[ 3 13],25,-1,76,-1,49
1,<environment.Job instance at 0x7f51baf3a690>,25,23,[6 2],26,-1,72,-1,49
1,<environment.Job instance at 0x7f51baf3a050>,26,22,[ 1 13],27,-1,71,-1,49
1,<environment.Job instance at 0x7f51baf3a9b0>,27,13,[14  2],28,-1,62,-1,49
1,<environment.Job instance at 0x7f51baf3ab40>,28,21,[9 5],29,-1,71,-1,50
1,<environment.Job instance at 0x7f51baf3abe0>,29,24,[ 3 13],30,-1,74,-1,50
1,<environment.Job instance at 0x7f51baf3a5f0>,30,14,[9 5],31,-1,64,-1,50
1,<environment.Job instance at 0x7f51baf3aaf0>,31,28,[11  3],32,-1,78,-1,50
1,<environment.Job instance at 0x7f51baf3a870>,32,24,[1 5],33,-1,74,-1,50
1,<environment.Job instance at 0x7f51baf3af50>,33,21,[9 5],34,-1,71,-1,50
1,<environment.Job instance at 0x7f51baf3a960>,34,17,[10  3],35,-1,67,-1,50
1,<environment.Job instance at 0x7f51baf3afa0>,35,24,[7 4],36,-1,74,-1,50
1,<environment.Job instance at 0x7f51baf3a7d0>,36,19,[ 5 13],37,-1,69,-1,50
1,<environment.Job instance at 0x7f51baf3ae60>,37,12,[4 7],38,-1,62,-1,50
1,<environment.Job instance at 0x7f51baf3a3c0>,38,15,[6 4],39,-1,65,-1,50
1,<environment.Job instance at 0x7f51bb691a50>,39,17,[3 8],40,-1,67,-1,50
1,<environment.Job instance at 0x7f51bb6918c0>,40,15,[ 5 10],41,-1,65,-1,50
1,<environment.Job instance at 0x7f51bb6912d0>,41,19,[5 4],42,-1,69,-1,50
1,<environment.Job instance at 0x7f51bb691370>,42,17,[ 2 10],43,-1,67,-1,50
1,<environment.Job instance at 0x7f51bb691c30>,43,28,[9 1],44,-1,78,-1,50
1,<environment.Job instance at 0x7f51bb691cd0>,44,23,[ 2 10],45,-1,73,-1,50
1,<environment.Job instance at 0x7f51bb691690>,45,17,[9 5],46,-1,67,-1,50
1,<environment.Job instance at 0x7f51bb691d20>,46,18,[ 3 12],47,-1,68,-1,50
1,<environment.Job instance at 0x7f51bb691780>,47,27,[ 5 11],48,-1,77,-1,50
1,<environment.Job instance at 0x7f51bb691b90>,48,18,[14  5],49,-1,68,-1,50
1,<environment.Job instance at 0x7f51bb6913c0>,49,22,[6 1],50,-1,72,-1,50
1,<environment.Job instance at 0x7f51bb6917d0>,50,19,[ 1 12],51,-1,70,-1,51
1,<environment.Job instance at 0x7f51bb691910>,51,15,[5 5],52,-1,67,-1,52
1,<environment.Job instance at 0x7f51bb691320>,52,27,[10  5],53,-1,80,-1,53
1,<environment.Job instance at 0x7f51ba04e640>,2,25,[2 8],3,-1,28,-1,3
1,<environment.Job instance at 0x7f51ba407be0>,4,25,[4 7],5,-1,30,-1,5
1,<environment.Job instance at 0x7f51ba407640>,5,25,[11  5],6,-1,31,-1,6
1,<environment.Job instance at 0x7f51ba4072d0>,6,23,[14  2],7,-1,30,-1,7
1,<environment.Job instance at 0x7f51ba407690>,7,28,[ 4 11],8,-1,36,-1,8
1,<environment.Job instance at 0x7f51baa4c1e0>,1,25,[ 3 13],2,-1,27,-1,2
1,<environment.Job instance at 0x7f51baa4c280>,3,27,[9 5],4,-1,32,-1,5
1,<environment.Job instance at 0x7f51baa4c780>,5,23,[ 2 13],6,-1,29,-1,6
1,<environment.Job instance at 0x7f51baa4cd20>,7,14,[ 3 10],8,-1,44,-1,30
1,<environment.Job instance at 0x7f51bafe2640>,12,26,[ 2 14],13,-1,56,-1,30
1,<environment.Job instance at 0x7f51bafe2be0>,13,25,[11  2],14,-1,55,-1,30
1,<environment.Job instance at 0x7f51bafe2960>,14,16,[11  4],15,-1,46,-1,30
1,<environment.Job instance at 0x7f51bb3eb910>,15,13,[14  4],16,-1,43,-1,30
1,<environment.Job instance at 0x7f51baa4caf0>,9,28,[12  5],10,-1,84,-1,56
1,<environment.Job instance at 0x7f51bb3ebf00>,18,20,[ 1 11],19,-1,76,-1,56
1,<environment.Job instance at 0x7f51bb3ebdc0>,16,12,[9 3],17,-1,68,-1,56
1,<environment.Job instance at 0x7f51bab4ac80>,20,20,[2 8],21,-1,76,-1,56
1,<environment.Job instance at 0x7f51bab4a690>,21,15,[12  3],22,-1,71,-1,56
1,<environment.Job instance at 0x7f51bab4a140>,22,19,[5 5],23,-1,75,-1,56
1,<environment.Job instance at 0x7f51bab4a780>,23,22,[14  3],24,-1,78,-1,56
1,<environment.Job instance at 0x7f51bab4a0f0>,24,12,[1 9],25,-1,68,-1,56
1,<environment.Job instance at 0x7f51ba45a7d0>,25,16,[11  4],26,-1,72,-1,56
1,<environment.Job instance at 0x7f51bb5b2820>,26,20,[ 5 13],27,-1,76,-1,56
1,<environment.Job instance at 0x7f51bab4a050>,27,20,[11  5],28,-1,76,-1,56
1,<environment.Job instance at 0x7f51bab4acd0>,28,23,[7 4],29,-1,79,-1,56
1,<environment.Job instance at 0x7f51baf1e780>,29,22,[13  3],30,-1,78,-1,56
1,<environment.Job instance at 0x7f51bb1c1e10>,30,14,[14  2],31,-1,70,-1,56
1,<environment.Job instance at 0x7f51baf2f460>,31,19,[13  5],32,-1,75,-1,56
1,<environment.Job instance at 0x7f51bb1c1e60>,32,16,[13  3],33,-1,72,-1,56
1,<environment.Job instance at 0x7f51bb1c12d0>,33,14,[7 3],34,-1,70,-1,56
1,<environment.Job instance at 0x7f51bb59b870>,34,17,[ 1 13],35,-1,73,-1,56
1,<environment.Job instance at 0x7f51bb59b2d0>,35,23,[ 3 11],36,-1,79,-1,56
1,<environment.Job instance at 0x7f51bb59b0a0>,36,26,[11  1],37,-1,82,-1,56
1,<environment.Job instance at 0x7f51bb59b4b0>,37,25,[ 1 10],38,-1,81,-1,56
1,<environment.Job instance at 0x7f51bb1ba7d0>,11,27,[13  3],12,-1,83,-1,56
1,<environment.Job instance at 0x7f51bb63bc80>,39,25,[ 4 11],40,-1,81,-1,56
1,<environment.Job instance at 0x7f51ba0e5f50>,1,18,[11  1],2,-1,20,-1,2
1,<environment.Job instance at 0x7f51ba0e54b0>,2,12,[ 4 12],3,-1,15,-1,3
1,<environment.Job instance at 0x7f51ba0e50f0>,3,27,[ 4 14],4,-1,31,-1,4
1,<environment.Job instance at 0x7f51ba0e52d0>,6,24,[5 6],7,-1,31,-1,7
1,<environment.Job instance at 0x7f51ba0e5320>,8,22,[ 4 13],9,-1,31,-1,9
1,<environment.Job instance at 0x7f51ba0e5cd0>,9,24,[ 1 10],10,-1,34,-1,10
1,<environment.Job instance at 0x7f51ba0e5050>,11,25,[14  1],12,-1,37,-1,12
1,<environment.Job instance at 0x7f51bab4a8c0>,16,28,[ 2 14],17,-1,53,-1,25
1,<environment.Job instance at 0x7f51bb7ab3c0>,7,25,[ 5 10],8,-1,33,-1,8
1,<environment.Job instance at 0x7f51bb7ab8c0>,10,17,[ 2 14],11,-1,42,-1,25
1,<environment.Job instance at 0x7f51bb7ab550>,11,13,[13  4],12,-1,38,-1,25
1,<environment.Job instance at 0x7f51ba6986e0>,12,25,[12  2],13,-1,50,-1,25
1,<environment.Job instance at 0x7f51ba698410>,13,28,[4 9],14,-1,53,-1,25
1,<environment.Job instance at 0x7f51ba698a50>,14,17,[14  1],15,-1,42,-1,25
1,<environment.Job instance at 0x7f51ba698230>,15,19,[11  4],16,-1,44,-1,25
1,<environment.Job instance at 0x7f51ba6982d0>,16,23,[ 1 13],17,-1,48,-1,25
1,<environment.Job instance at 0x7f51ba6985f0>,17,25,[ 4 14],18,-1,50,-1,25
1,<environment.Job instance at 0x7f51ba698460>,18,12,[12  3],19,-1,37,-1,25
1,<environment.Job instance at 0x7f51ba8ed280>,19,13,[13  5],20,-1,38,-1,25
1,<environment.Job instance at 0x7f51ba8ed460>,20,24,[9 1],21,-1,49,-1,25
1,<environment.Job instance at 0x7f51ba8edb40>,21,16,[ 3 14],22,-1,41,-1,25
1,<environment.Job instance at 0x7f51baae0780>,22,22,[1 8],23,-1,47,-1,25
1,<environment.Job instance at 0x7f51ba8edaf0>,23,15,[3 7],24,-1,40,-1,25
1,<environment.Job instance at 0x7f51ba8ed5a0>,24,15,[10  3],25,-1,40,-1,25
1,<environment.Job instance at 0x7f51bb74d690>,25,18,[13  4],26,-1,44,-1,26
1,<environment.Job instance at 0x7f51baf21fa0>,26,24,[12  2],27,-1,51,-1,27
1,<environment.Job instance at 0x7f51ba5a6960>,27,12,[ 2 12],28,-1,40,-1,28
1,<environment.Job instance at 0x7f51bb74dc30>,29,25,[5 1],30,-1,62,-1,37
1,<environment.Job instance at 0x7f51bb4b88c0>,30,20,[2 5],31,-1,57,-1,37
1,<environment.Job instance at 0x7f51ba9d9f50>,31,21,[1 7],32,-1,58,-1,37
1,<environment.Job instance at 0x7f51badd9d70>,32,17,[10  3],33,-1,69,-1,52
1,<environment.Job instance at 0x7f51c4070870>,35,16,[12  1],36,-1,69,-1,53
1,<environment.Job instance at 0x7f51bb7f1550>,36,14,[ 4 13],37,-1,67,-1,53
1,<environment.Job instance at 0x7f51bb7f1d20>,37,21,[12  4],38,-1,74,-1,53
1,<environment.Job instance at 0x7f51ba7b8820>,38,13,[ 4 12],39,-1,66,-1,53
1,<environment.Job instance at 0x7f51bab1ac80>,39,15,[14  5],40,-1,68,-1,53
1,<environment.Job instance at 0x7f51bb71f190>,40,22,[3 9],41,-1,75,-1,53
1,<environment.Job instance at 0x7f51bb48f550>,41,12,[1 7],42,-1,65,-1,53
1,<environment.Job instance at 0x7f51bb4c18c0>,42,23,[ 3 11],43,-1,76,-1,53
1,<environment.Job instance at 0x7f51bb71fdc0>,43,24,[ 4 14],44,-1,77,-1,53
1,<environment.Job instance at 0x7f51bad0feb0>,44,23,[9 5],45,-1,76,-1,53
1,<environment.Job instance at 0x7f51bae42f00>,45,13,[ 4 13],46,-1,66,-1,53
1,<environment.Job instance at 0x7f51bab0c960>,46,25,[13  2],47,-1,78,-1,53
1,<environment.Job instance at 0x7f51b9fe5e60>,47,14,[ 1 11],48,-1,67,-1,53
1,<environment.Job instance at 0x7f51b9fe58c0>,48,24,[7 4],49,-1,77,-1,53
1,<environment.Job instance at 0x7f51ba071370>,49,14,[9 1],50,-1,67,-1,53
1,<environment.Job instance at 0x7f51ba071960>,50,15,[2 5],51,-1,69,-1,54
1,<environment.Job instance at 0x7f51ba0710f0>,51,26,[12  5],52,-1,80,-1,54
1,<environment.Job instance at 0x7f51ba071820>,52,28,[13  1],53,-1,82,-1,54
1,<environment.Job instance at 0x7f51ba071870>,53,22,[ 5 14],54,-1,76,-1,54
1,<environment.Job instance at 0x7f51ba071d20>,54,20,[ 4 12],55,-1,75,-1,55
1,<environment.Job instance at 0x7f51ba071050>,55,24,[10  4],56,-1,80,-1,56
1,<environment.Job instance at 0x7f51ba071b90>,56,18,[14  3],57,-1,75,-1,57
1,<environment.Job instance at 0x7f51baeb7140>,57,12,[7 5],58,-1,70,-1,58
1,<environment.Job instance at 0x7f51baeb77d0>,58,25,[6 2],59,-1,84,-1,59
1,<environment.Job instance at 0x7f51bb21c960>,59,20,[ 4 10],60,-1,80,-1,60
1,<environment.Job instance at 0x7f51bb21c4b0>,60,21,[4 7],61,-1,82,-1,61
1,<environment.Job instance at 0x7f51bb21ca00>,61,16,[6 1],62,-1,78,-1,62
1,<environment.Job instance at 0x7f51bb21cb40>,63,13,[6 3],64,-1,77,-1,64
1,<environment.Job instance at 0x7f51bb21c8c0>,64,13,[1 7],65,-1,78,-1,65
1,<environment.Job instance at 0x7f51bb21c5a0>,65,15,[ 4 11],66,-1,81,-1,66
1,<environment.Job instance at 0x7f51bb21c3c0>,66,26,[6 2],67,-1,93,-1,67
1,<environment.Job instance at 0x7f51bb21cbe0>,67,23,[8 1],68,-1,91,-1,68
1,<environment.Job instance at 0x7f51ba071eb0>,69,26,[10  2],70,-1,96,-1,70
1,<environment.Job instance at 0x7f6e96572460>,3,13,[12  4],4,-1,17,-1,4
1,<environment.Job instance at 0x7f6e96572640>,4,24,[7 2],5,-1,29,-1,5
1,<environment.Job instance at 0x7f6e96572690>,5,24,[ 2 14],6,-1,30,-1,6
1,<environment.Job instance at 0x7f6e96572730>,6,15,[ 2 14],7,-1,22,-1,7
1,<environment.Job instance at 0x7f6e965727d0>,7,26,[9 3],8,-1,34,-1,8
1,<environment.Job instance at 0x7f6e96572870>,8,20,[ 4 13],9,-1,29,-1,9
1,<environment.Job instance at 0x7f6e96572910>,9,16,[12  1],10,-1,26,-1,10
1,<environment.Job instance at 0x7f6e96572b90>,12,28,[ 1 14],13,-1,41,-1,13
1,<environment.Job instance at 0x7f6e96572b40>,14,15,[14  4],15,-1,30,-1,15
1,<environment.Job instance at 0x7f6e96572dc0>,15,20,[ 3 12],16,-1,36,-1,16
1,<environment.Job instance at 0x7f6e96572e60>,16,28,[5 1],17,-1,46,-1,18
1,<environment.Job instance at 0x7f6e96572550>,18,18,[13  1],19,-1,37,-1,19
1,<environment.Job instance at 0x7f6e96575050>,19,23,[8 4],20,-1,43,-1,20
1,<environment.Job instance at 0x7f6e965750f0>,20,17,[ 2 14],21,-1,38,-1,21
1,<environment.Job instance at 0x7f6e96575190>,21,14,[ 4 11],22,-1,36,-1,22
1,<environment.Job instance at 0x7f6e965752d0>,23,16,[12  2],24,-1,40,-1,24
1,<environment.Job instance at 0x7f6e965754b0>,24,20,[4 6],25,-1,87,-1,67
1,<environment.Job instance at 0x7f6e965757d0>,29,24,[ 4 13],30,-1,91,-1,67
1,<environment.Job instance at 0x7f6e96575870>,30,26,[11  4],31,-1,93,-1,67
1,<environment.Job instance at 0x7f6e96575910>,31,28,[ 2 10],32,-1,95,-1,67
1,<environment.Job instance at 0x7f6e96575a50>,33,28,[6 4],34,-1,95,-1,67
1,<environment.Job instance at 0x7f6e96575af0>,34,24,[5 5],35,-1,91,-1,67
1,<environment.Job instance at 0x7f6e96575be0>,37,14,[ 5 14],38,-1,100,-1,86
1,<environment.Job instance at 0x7f6e96575550>,38,24,[13  2],39,-1,110,-1,86
1,<environment.Job instance at 0x7f6e96bde320>,3,23,[9 1],4,-1,27,-1,4
1,<environment.Job instance at 0x7f6e96bdedc0>,4,25,[ 1 13],5,-1,30,-1,5
1,<environment.Job instance at 0x7f6e96bdee60>,5,21,[14  5],6,-1,27,-1,6
1,<environment.Job instance at 0x7f6e96bdecd0>,8,24,[13  2],9,-1,33,-1,9
1,<environment.Job instance at 0x7f6e96bde6e0>,9,25,[6 5],10,-1,35,-1,10
1,<environment.Job instance at 0x7f6e96bde140>,10,28,[13  5],11,-1,39,-1,11
1,<environment.Job instance at 0x7f6e96bdef00>,11,28,[ 5 11],12,-1,40,-1,12
1,<environment.Job instance at 0x7f6e96bde2d0>,12,15,[ 2 13],13,-1,28,-1,13
1,<environment.Job instance at 0x7f6e96ca8410>,17,22,[ 4 14],18,-1,43,-1,21
1,<environment.Job instance at 0x7f6e96ca85a0>,18,25,[1 7],19,-1,48,-1,23
1,<environment.Job instance at 0x7f6e96ca89b0>,20,27,[ 3 11],21,-1,66,-1,39
1,<environment.Job instance at 0x7f6e95c14410>,21,23,[5 1],22,-1,62,-1,39
1,<environment.Job instance at 0x7f6e96ca8d20>,22,17,[12  4],23,-1,56,-1,39
1,<environment.Job instance at 0x7f6e95ff5a50>,25,19,[14  5],26,-1,58,-1,39
1,<environment.Job instance at 0x7f6e96043960>,27,26,[5 4],28,-1,65,-1,39
1,<environment.Job instance at 0x7f6e95f782d0>,31,27,[ 4 11],32,-1,101,-1,74
1,<environment.Job instance at 0x7f6e95c92d20>,33,26,[5 2],34,-1,100,-1,74
1,<environment.Job instance at 0x7f6e95c45320>,34,18,[13  5],35,-1,92,-1,74
1,<environment.Job instance at 0x7f6e95f7ed70>,35,21,[10  1],36,-1,95,-1,74
1,<environment.Job instance at 0x7f6e95cb81e0>,36,27,[12  1],37,-1,101,-1,74
1,<environment.Job instance at 0x7f6e95fd1280>,37,20,[13  4],38,-1,94,-1,74
1,<environment.Job instance at 0x7f6e95fd1230>,38,26,[1 6],39,-1,100,-1,74
1,<environment.Job instance at 0x7f6e95cbb780>,39,14,[13  2],40,-1,88,-1,74
1,<environment.Job instance at 0x7f6e95cbb780>,3,25,[13  2],4,-1,29,-1,4
1,<environment.Job instance at 0x7f6e95bf72d0>,4,23,[6 4],5,-1,30,-1,7
1,<environment.Job instance at 0x7f6e95bf7690>,11,17,[12  4],12,-1,57,-1,40
1,<environment.Job instance at 0x7f6e95bf7e10>,14,16,[ 4 14],15,-1,77,-1,61
1,<environment.Job instance at 0x7f6e95bf7870>,3,13,[ 5 11],4,-1,17,-1,4
1,<environment.Job instance at 0x7f6e95bf7960>,2,13,[14  2],3,-1,17,-1,4
1,<environment.Job instance at 0x7f6e960aa690>,4,18,[ 3 14],5,-1,23,-1,5
1,<environment.Job instance at 0x7f6e95f8dd20>,10,20,[11  2],11,-1,31,-1,11
1,<environment.Job instance at 0x7f6e960c7a00>,11,26,[2 8],12,-1,38,-1,12
1,<environment.Job instance at 0x7f6e95f8de60>,13,20,[ 4 10],14,-1,52,-1,32
1,<environment.Job instance at 0x7f6e960c7230>,15,23,[3 6],16,-1,56,-1,33
1,<environment.Job instance at 0x7f6e960c7b90>,16,17,[ 5 10],17,-1,62,-1,45
1,<environment.Job instance at 0x7f6e961bbcd0>,19,27,[9 5],20,-1,72,-1,45
1,<environment.Job instance at 0x7f6e961bba00>,20,13,[8 4],21,-1,58,-1,45
1,<environment.Job instance at 0x7f6e960156e0>,21,14,[12  2],22,-1,59,-1,45
1,<environment.Job instance at 0x7f6e96015fa0>,22,26,[ 4 12],23,-1,71,-1,45
1,<environment.Job instance at 0x7f6e96015c80>,23,24,[ 5 13],24,-1,69,-1,45
1,<environment.Job instance at 0x7f6e96015b40>,24,25,[11  5],25,-1,70,-1,45
1,<environment.Job instance at 0x7f6e96015820>,25,23,[3 6],26,-1,68,-1,45
1,<environment.Job instance at 0x7f6e96043730>,26,22,[12  5],27,-1,67,-1,45
1,<environment.Job instance at 0x7f6e960b6af0>,27,15,[13  2],28,-1,60,-1,45
1,<environment.Job instance at 0x7f6e96575a50>,29,13,[5 1],30,-1,69,-1,56
1,<environment.Job instance at 0x7f6e95ef5280>,1,26,[14  3],2,-1,28,-1,2
1,<environment.Job instance at 0x7f6e961bbf00>,2,27,[12  1],3,-1,30,-1,3
1,<environment.Job instance at 0x7f6e95aeaf00>,3,27,[ 3 11],4,-1,31,-1,4
1,<environment.Job instance at 0x7f6e95aeafa0>,4,15,[ 3 13],5,-1,20,-1,5
1,<environment.Job instance at 0x7f6e95aef0a0>,5,21,[ 5 12],6,-1,27,-1,6
1,<environment.Job instance at 0x7f6e960c7640>,9,22,[2 5],10,-1,56,-1,34
1,<environment.Job instance at 0x7f6e95aef5f0>,18,26,[6 1],19,-1,88,-1,62
1,<environment.Job instance at 0x7f6e95aefa00>,19,28,[5 9],20,-1,90,-1,62
1,<environment.Job instance at 0x7f6e95aefaa0>,20,24,[4 8],21,-1,86,-1,62
1,<environment.Job instance at 0x7f6e95aefbe0>,22,23,[10  5],23,-1,92,-1,69
1,<environment.Job instance at 0x7f6e95aefc80>,23,24,[12  1],24,-1,93,-1,69
1,<environment.Job instance at 0x7f6e95aefd20>,24,17,[12  4],25,-1,86,-1,69
1,<environment.Job instance at 0x7f6e95aeff00>,26,27,[13  3],27,-1,106,-1,79
1,<environment.Job instance at 0x7f6e9f77b9b0>,1,19,[ 4 14],2,-1,21,-1,2
1,<environment.Job instance at 0x7f6e9f77bf00>,3,26,[10  3],4,-1,30,-1,4
1,<environment.Job instance at 0x7f6e95f18b40>,8,22,[ 4 12],9,-1,31,-1,9
1,<environment.Job instance at 0x7f6e95f18c30>,9,25,[8 2],10,-1,35,-1,10
1,<environment.Job instance at 0x7f6e95f18c80>,14,21,[10  3],15,-1,82,-1,61
1,<environment.Job instance at 0x7f6e95f18fa0>,18,13,[14  5],19,-1,74,-1,61
1,<environment.Job instance at 0x7f6e95f18dc0>,19,25,[13  3],20,-1,86,-1,61
1,<environment.Job instance at 0x7f6e95f18050>,20,14,[ 1 14],21,-1,75,-1,61
1,<environment.Job instance at 0x7f6e95f188c0>,21,14,[5 3],22,-1,75,-1,61
1,<environment.Job instance at 0x7f6e95b83050>,22,12,[ 2 13],23,-1,73,-1,61
1,<environment.Job instance at 0x7f6e95f18460>,23,22,[13  3],24,-1,83,-1,61
1,<environment.Job instance at 0x7f6e95b83280>,24,20,[7 5],25,-1,83,-1,63
1,<environment.Job instance at 0x7f6e969e5c80>,25,21,[4 8],26,-1,84,-1,63
1,<environment.Job instance at 0x7f6e969e5e10>,29,24,[10  3],30,-1,112,-1,88
1,<environment.Job instance at 0x7f6e969e5aa0>,30,18,[11  2],31,-1,106,-1,88
1,<environment.Job instance at 0x7f6e969e5e60>,31,20,[ 3 14],32,-1,108,-1,88
1,<environment.Job instance at 0x7f6e969e5280>,32,24,[14  5],33,-1,112,-1,88
1,<environment.Job instance at 0x7f6e969e5870>,33,24,[14  5],34,-1,112,-1,88
1,<environment.Job instance at 0x7f6e95ae5af0>,34,12,[ 4 11],35,-1,100,-1,88
1,<environment.Job instance at 0x7f6e95ae5c80>,35,22,[ 3 14],36,-1,110,-1,88
1,<environment.Job instance at 0x7f6e95ae5e10>,36,14,[ 1 13],37,-1,102,-1,88
1,<environment.Job instance at 0x7f6e95ae5320>,37,16,[13  5],38,-1,104,-1,88
1,<environment.Job instance at 0x7f6e95ae5730>,38,25,[5 3],39,-1,113,-1,88
1,<environment.Job instance at 0x7f6e95ae58c0>,40,22,[ 3 14],41,-1,110,-1,88
1,<environment.Job instance at 0x7f6e964a55f0>,1,26,[ 3 14],2,-1,28,-1,2
1,<environment.Job instance at 0x7f6e964a5dc0>,4,17,[ 4 11],5,-1,22,-1,5
1,<environment.Job instance at 0x7f6e964a5e10>,6,19,[ 4 12],7,-1,26,-1,7
1,<environment.Job instance at 0x7f6e964a5910>,7,16,[ 1 13],8,-1,24,-1,8
1,<environment.Job instance at 0x7f6e964a5fa0>,12,17,[ 2 12],13,-1,30,-1,13
1,<environment.Job instance at 0x7f6e96690be0>,15,22,[ 5 13],16,-1,52,-1,30
1,<environment.Job instance at 0x7f6e966908c0>,16,12,[ 3 11],17,-1,42,-1,30
1,<environment.Job instance at 0x7f6e96690730>,17,27,[11  2],18,-1,57,-1,30
1,<environment.Job instance at 0x7f6e966902d0>,21,22,[ 4 12],22,-1,80,-1,58
1,<environment.Job instance at 0x7f6e96690460>,24,27,[12  1],25,-1,103,-1,76
1,<environment.Job instance at 0x7f6e96690b40>,25,18,[14  5],26,-1,94,-1,76
1,<environment.Job instance at 0x7f6e96690b90>,26,13,[ 5 11],27,-1,89,-1,76
1,<environment.Job instance at 0x7f6e96690500>,27,27,[12  2],28,-1,103,-1,76
1,<environment.Job instance at 0x7f6e96690960>,28,13,[10  1],29,-1,89,-1,76
1,<environment.Job instance at 0x7f6e96690050>,29,27,[5 1],30,-1,103,-1,76
1,<environment.Job instance at 0x7f6e96690f00>,30,28,[ 5 10],31,-1,104,-1,76
1,<environment.Job instance at 0x7f6e96690410>,31,27,[11  5],32,-1,103,-1,76
1,<environment.Job instance at 0x7f6e963a05f0>,32,23,[14  5],33,-1,99,-1,76
1,<environment.Job instance at 0x7f6e963a0b40>,33,16,[12  4],34,-1,92,-1,76
1,<environment.Job instance at 0x7f6e95b46320>,3,27,[ 5 10],4,-1,31,-1,4
1,<environment.Job instance at 0x7f6e96269cd0>,4,13,[13  5],5,-1,18,-1,5
1,<environment.Job instance at 0x7f6e96281730>,6,18,[ 4 14],7,-1,25,-1,7
1,<environment.Job instance at 0x7f6e95c7d910>,13,23,[1 5],14,-1,57,-1,34
1,<environment.Job instance at 0x7f6e95c7d2d0>,14,27,[2 8],15,-1,61,-1,34
1,<environment.Job instance at 0x7f6e95c7d870>,17,14,[11  4],18,-1,54,-1,40
1,<environment.Job instance at 0x7f6e95c7d9b0>,18,14,[14  5],19,-1,54,-1,40
1,<environment.Job instance at 0x7f6e95c501e0>,20,18,[ 4 11],21,-1,68,-1,50
1,<environment.Job instance at 0x7f6e95b00a00>,21,18,[ 3 12],22,-1,68,-1,50
1,<environment.Job instance at 0x7f6e95c7da00>,23,24,[13  4],24,-1,78,-1,54
1,<environment.Job instance at 0x7f6e96282910>,24,19,[ 2 13],25,-1,73,-1,54
1,<environment.Job instance at 0x7f6e96282a50>,25,18,[ 2 10],26,-1,88,-1,70
1,<environment.Job instance at 0x7f6e96282d70>,27,15,[13  3],28,-1,85,-1,70
1,<environment.Job instance at 0x7f6e96282d20>,28,12,[ 5 11],29,-1,82,-1,70
1,<environment.Job instance at 0x7f6e962823c0>,29,25,[5 1],30,-1,95,-1,70
1,<environment.Job instance at 0x7f6e961ba050>,30,22,[10  1],31,-1,92,-1,70
1,<environment.Job instance at 0x7f6e96cae5a0>,31,14,[14  2],32,-1,84,-1,70
1,<environment.Job instance at 0x7f6e961ba410>,32,25,[8 5],33,-1,95,-1,70
1,<environment.Job instance at 0x7f6e96c994b0>,33,12,[9 1],34,-1,82,-1,70
1,<environment.Job instance at 0x7f6e963d08c0>,34,15,[14  4],35,-1,85,-1,70
1,<environment.Job instance at 0x7f6e96cae2d0>,35,17,[10  1],36,-1,96,-1,79
1,<environment.Job instance at 0x7f6e961c8500>,36,25,[ 2 13],37,-1,104,-1,79
1,<environment.Job instance at 0x7f6e96caef00>,37,15,[ 5 12],38,-1,94,-1,79
1,<environment.Job instance at 0x7f6e963d0eb0>,38,26,[11  4],39,-1,105,-1,79
1,<environment.Job instance at 0x7f6e961a5e10>,39,21,[12  2],40,-1,100,-1,79
1,<environment.Job instance at 0x7f6e963f8f00>,40,25,[6 2],41,-1,104,-1,79
1,<environment.Job instance at 0x7f6e961a5190>,41,23,[5 5],42,-1,102,-1,79
1,<environment.Job instance at 0x7f6e963d93c0>,43,17,[ 4 12],44,-1,102,-1,85
1,<environment.Job instance at 0x7f6e963d93c0>,4,25,[ 1 14],5,-1,30,-1,5
1,<environment.Job instance at 0x7f6e961908c0>,5,19,[13  1],6,-1,25,-1,6
1,<environment.Job instance at 0x7f6e96190320>,6,15,[12  3],7,-1,22,-1,7
1,<environment.Job instance at 0x7f6e96190af0>,7,24,[ 1 11],8,-1,32,-1,8
1,<environment.Job instance at 0x7f6e961905f0>,8,27,[10  4],9,-1,36,-1,9
1,<environment.Job instance at 0x7f6e96190aa0>,9,26,[5 5],10,-1,36,-1,10
1,<environment.Job instance at 0x7f6e961900f0>,10,14,[9 2],11,-1,38,-1,24
1,<environment.Job instance at 0x7f6e95d4ea50>,15,24,[13  5],16,-1,48,-1,24
1,<environment.Job instance at 0x7f6e95d4ecd0>,16,26,[12  1],17,-1,50,-1,24
1,<environment.Job instance at 0x7f6e95d4e140>,18,12,[6 4],19,-1,38,-1,26
1,<environment.Job instance at 0x7f6e95d4e4b0>,19,17,[ 2 13],20,-1,43,-1,26
1,<environment.Job instance at 0x7f6e95d4e1e0>,20,13,[1 8],21,-1,39,-1,26
1,<environment.Job instance at 0x7f6e95d4e050>,21,26,[7 1],22,-1,52,-1,26
1,<environment.Job instance at 0x7f6e95d4e230>,22,22,[8 3],23,-1,49,-1,27
1,<environment.Job instance at 0x7f6e95d4e550>,23,15,[14  1],24,-1,42,-1,27
1,<environment.Job instance at 0x7f6e95d4e410>,25,17,[14  2],26,-1,51,-1,34
1,<environment.Job instance at 0x7f6e95d4ef00>,26,20,[11  4],27,-1,54,-1,34
1,<environment.Job instance at 0x7f6e95d4e730>,28,12,[10  4],29,-1,58,-1,46
1,<environment.Job instance at 0x7f6e95c08f00>,29,23,[5 6],30,-1,69,-1,46
1,<environment.Job instance at 0x7f6e95c08230>,30,14,[ 4 13],31,-1,60,-1,46
1,<environment.Job instance at 0x7f6e95c08140>,31,23,[ 5 14],32,-1,69,-1,46
1,<environment.Job instance at 0x7f6e95c08be0>,32,23,[13  5],33,-1,69,-1,46
1,<environment.Job instance at 0x7f6e95c085a0>,33,22,[ 2 14],34,-1,68,-1,46
1,<environment.Job instance at 0x7f6e95c08e60>,34,17,[13  4],35,-1,63,-1,46
1,<environment.Job instance at 0x7f6e95c08d20>,35,22,[6 2],36,-1,68,-1,46
1,<environment.Job instance at 0x7f6e95c08c30>,36,23,[9 1],37,-1,69,-1,46
1,<environment.Job instance at 0x7f6e95c08370>,37,24,[ 4 13],38,-1,70,-1,46
1,<environment.Job instance at 0x7f6e95c089b0>,38,28,[12  2],39,-1,74,-1,46
1,<environment.Job instance at 0x7f6e95c08550>,39,15,[9 2],40,-1,61,-1,46
1,<environment.Job instance at 0x7f6e95c08640>,40,14,[2 7],41,-1,61,-1,47
1,<environment.Job instance at 0x7f6e95c08780>,42,14,[12  1],43,-1,61,-1,47
1,<environment.Job instance at 0x7f6e95c08a00>,44,25,[10  1],45,-1,86,-1,61
1,<environment.Job instance at 0x7f6e95c08cd0>,45,13,[ 5 11],46,-1,74,-1,61
1,<environment.Job instance at 0x7f6e95c08500>,46,12,[ 3 14],47,-1,73,-1,61
1,<environment.Job instance at 0x7f6e95fee0a0>,47,14,[2 9],48,-1,75,-1,61
1,<environment.Job instance at 0x7f6e95c08320>,48,13,[ 2 13],49,-1,74,-1,61
1,<environment.Job instance at 0x7f6e95fee230>,49,14,[13  2],50,-1,75,-1,61
1,<environment.Job instance at 0x7f6e95fee190>,50,18,[11  2],51,-1,79,-1,61
1,<environment.Job instance at 0x7f6e95feeaf0>,51,25,[ 1 10],52,-1,86,-1,61
1,<environment.Job instance at 0x7f6e95fee140>,52,20,[ 2 12],53,-1,81,-1,61
1,<environment.Job instance at 0x7f6e96c90cd0>,53,20,[13  1],54,-1,81,-1,61
1,<environment.Job instance at 0x7f6e96c900a0>,54,13,[4 5],55,-1,74,-1,61
1,<environment.Job instance at 0x7f6e96c90140>,55,20,[3 7],56,-1,93,-1,73
1,<environment.Job instance at 0x7f6e96c90050>,56,26,[3 7],57,-1,99,-1,73
1,<environment.Job instance at 0x7f6e96c90820>,58,22,[2 8],59,-1,95,-1,73
1,<environment.Job instance at 0x7f6e96c908c0>,59,18,[2 7],60,-1,91,-1,73
1,<environment.Job instance at 0x7f6e96c902d0>,60,25,[12  2],61,-1,98,-1,73
1,<environment.Job instance at 0x7f6e96c90c80>,61,22,[11  3],62,-1,95,-1,73
1,<environment.Job instance at 0x7f6e96c90370>,62,24,[12  5],63,-1,97,-1,73
1,<environment.Job instance at 0x7f6e96c90a50>,63,26,[ 5 10],64,-1,99,-1,73
1,<environment.Job instance at 0x7f6e96c90280>,64,16,[1 6],65,-1,89,-1,73
1,<environment.Job instance at 0x7f6e96c90500>,65,28,[12  2],66,-1,101,-1,73
1,<environment.Job instance at 0x7f6e96c90dc0>,66,21,[ 4 12],67,-1,94,-1,73
1,<environment.Job instance at 0x7f6e96c90f00>,67,26,[ 4 12],68,-1,99,-1,73
1,<environment.Job instance at 0x7f6e96c90f50>,68,14,[5 2],69,-1,87,-1,73
1,<environment.Job instance at 0x7f6e96c90960>,69,13,[11  2],70,-1,86,-1,73
1,<environment.Job instance at 0x7f6e96c909b0>,70,13,[ 5 13],71,-1,86,-1,73
1,<environment.Job instance at 0x7f6e961bad20>,73,23,[ 4 13],74,-1,102,-1,79
1,<environment.Job instance at 0x7f6e961ba5a0>,74,13,[ 5 14],75,-1,92,-1,79
1,<environment.Job instance at 0x7f6e961ba640>,75,22,[5 5],76,-1,101,-1,79
1,<environment.Job instance at 0x7f6e961baaf0>,76,22,[13  1],77,-1,101,-1,79
1,<environment.Job instance at 0x7f6e961ba460>,77,17,[ 1 10],78,-1,96,-1,79
1,<environment.Job instance at 0x7f6e961ba190>,78,27,[ 1 13],79,-1,106,-1,79
1,<environment.Job instance at 0x7f6e961ba500>,79,17,[ 5 12],80,-1,97,-1,80
1,<environment.Job instance at 0x7f6e961baa00>,80,23,[8 4],81,-1,104,-1,81
1,<environment.Job instance at 0x7f6e962693c0>,1,26,[7 3],2,-1,28,-1,2
1,<environment.Job instance at 0x7f6e961ba8c0>,2,16,[ 3 13],3,-1,19,-1,3
1,<environment.Job instance at 0x7f6e9619d550>,3,28,[ 5 10],4,-1,32,-1,4
1,<environment.Job instance at 0x7f6e9619d730>,6,15,[ 1 12],7,-1,22,-1,7
1,<environment.Job instance at 0x7f6e9619dcd0>,13,27,[12  4],14,-1,55,-1,28
1,<environment.Job instance at 0x7f6e9619dd70>,14,18,[ 3 13],15,-1,46,-1,28
1,<environment.Job instance at 0x7f6e9619deb0>,15,27,[ 1 14],16,-1,55,-1,28
1,<environment.Job instance at 0x7f6e9619dfa0>,16,21,[14  2],17,-1,49,-1,28
1,<environment.Job instance at 0x7f6e9619de60>,17,22,[11  1],18,-1,50,-1,28
1,<environment.Job instance at 0x7f6e9619daf0>,18,26,[7 4],19,-1,54,-1,28
1,<environment.Job instance at 0x7f6e961a2140>,19,12,[ 1 14],20,-1,40,-1,28
1,<environment.Job instance at 0x7f6e961a21e0>,20,23,[ 4 14],21,-1,51,-1,28
1,<environment.Job instance at 0x7f6e961a2280>,21,14,[13  2],22,-1,42,-1,28
1,<environment.Job instance at 0x7f6e961a23c0>,23,21,[11  2],24,-1,49,-1,28
1,<environment.Job instance at 0x7f6e961a2460>,24,18,[ 2 11],25,-1,46,-1,28
1,<environment.Job instance at 0x7f6e961a2500>,25,17,[11  4],26,-1,45,-1,28
1,<environment.Job instance at 0x7f6e961a25a0>,26,14,[ 4 14],27,-1,42,-1,28
1,<environment.Job instance at 0x7f6e961a2640>,27,28,[12  5],28,-1,56,-1,28
1,<environment.Job instance at 0x7f6e961a27d0>,28,13,[12  5],29,-1,42,-1,29
1,<environment.Job instance at 0x7f6e961a2870>,29,12,[11  5],30,-1,42,-1,30
1,<environment.Job instance at 0x7f6e961a29b0>,31,26,[5 3],32,-1,72,-1,46
1,<environment.Job instance at 0x7f6e961a2a50>,32,27,[13  5],33,-1,73,-1,46
1,<environment.Job instance at 0x7f6e961a2af0>,33,28,[ 3 14],34,-1,74,-1,46
1,<environment.Job instance at 0x7f6e961a2b90>,34,21,[ 4 11],35,-1,67,-1,46
1,<environment.Job instance at 0x7f6e961a2c30>,35,18,[ 3 12],36,-1,64,-1,46
1,<environment.Job instance at 0x7f6e961a2d70>,37,26,[14  5],38,-1,74,-1,48
1,<environment.Job instance at 0x7f6e961a2e10>,38,24,[4 6],39,-1,72,-1,48
1,<environment.Job instance at 0x7f6e961a2eb0>,39,18,[13  1],40,-1,66,-1,48
1,<environment.Job instance at 0x7f6e961a2f50>,40,20,[12  3],41,-1,68,-1,48
1,<environment.Job instance at 0x7f6e961a2910>,41,17,[ 5 14],42,-1,65,-1,48
1,<environment.Job instance at 0x7f6e961a2960>,42,24,[8 5],43,-1,72,-1,48
1,<environment.Job instance at 0x7f6e961a9190>,43,24,[5 1],44,-1,72,-1,48
1,<environment.Job instance at 0x7f6e961a92d0>,45,16,[ 2 13],46,-1,82,-1,66
1,<environment.Job instance at 0x7f6e961a9050>,46,17,[12  3],47,-1,83,-1,66
1,<environment.Job instance at 0x7f6e961a90a0>,47,14,[14  1],48,-1,80,-1,66
1,<environment.Job instance at 0x7f6e961a9550>,48,25,[ 4 10],49,-1,91,-1,66
1,<environment.Job instance at 0x7f6e961a93c0>,49,26,[3 6],50,-1,92,-1,66
1,<environment.Job instance at 0x7f6e961a9140>,51,14,[11  5],52,-1,80,-1,66
1,<environment.Job instance at 0x7f6e961a96e0>,52,24,[ 4 12],53,-1,90,-1,66
1,<environment.Job instance at 0x7f6e961a9780>,53,23,[1 6],54,-1,89,-1,66
1,<environment.Job instance at 0x7f6e961a9820>,54,25,[12  2],55,-1,91,-1,66
1,<environment.Job instance at 0x7f6e961a9960>,56,24,[13  1],57,-1,98,-1,74
1,<environment.Job instance at 0x7f6e961a9a00>,57,13,[11  1],58,-1,87,-1,74
1,<environment.Job instance at 0x7f6e961a9aa0>,58,22,[10  1],59,-1,96,-1,74
1,<environment.Job instance at 0x7f6e961a9b40>,59,16,[13  1],60,-1,90,-1,74
1,<environment.Job instance at 0x7f6e961a9be0>,2,27,[ 3 11],3,-1,30,-1,3
1,<environment.Job instance at 0x7f6e9636d500>,5,21,[ 4 14],6,-1,27,-1,6
1,<environment.Job instance at 0x7f6e9636daa0>,6,13,[14  2],7,-1,20,-1,7
1,<environment.Job instance at 0x7f6e9636deb0>,7,16,[ 4 14],8,-1,24,-1,8
1,<environment.Job instance at 0x7f6e97063c30>,12,17,[ 3 11],13,-1,32,-1,15
1,<environment.Job instance at 0x7f6e97063730>,14,27,[1 9],15,-1,62,-1,35
1,<environment.Job instance at 0x7f6e97063050>,15,25,[ 2 12],16,-1,60,-1,35
1,<environment.Job instance at 0x7f6e97063be0>,16,27,[1 6],17,-1,62,-1,35
1,<environment.Job instance at 0x7f6e970634b0>,17,27,[8 5],18,-1,62,-1,35
1,<environment.Job instance at 0x7f6e96633820>,19,17,[ 1 11],20,-1,52,-1,35
1,<environment.Job instance at 0x7f6e966337d0>,20,13,[ 3 14],21,-1,48,-1,35
1,<environment.Job instance at 0x7f6e96633aa0>,24,27,[5 2],25,-1,93,-1,66
1,<environment.Job instance at 0x7f6e966333c0>,25,13,[13  5],26,-1,79,-1,66
1,<environment.Job instance at 0x7f6e96633370>,26,17,[13  3],27,-1,83,-1,66
1,<environment.Job instance at 0x7f6e96633960>,27,26,[10  5],28,-1,92,-1,66
1,<environment.Job instance at 0x7f6e96633e60>,28,13,[14  3],29,-1,79,-1,66
1,<environment.Job instance at 0x7f6e96633640>,29,26,[ 2 12],30,-1,92,-1,66
1,<environment.Job instance at 0x7f6e96c26be0>,30,26,[4 5],31,-1,92,-1,66
1,<environment.Job instance at 0x7f6e96c26550>,33,15,[ 2 13],34,-1,102,-1,87
1,<environment.Job instance at 0x7f6e96c26500>,34,18,[11  2],35,-1,105,-1,87
1,<environment.Job instance at 0x7f6e961a9960>,3,27,[1 7],4,-1,31,-1,4
1,<environment.Job instance at 0x7f6e961a9320>,5,18,[ 3 12],6,-1,24,-1,6
1,<environment.Job instance at 0x7f6e96ec4190>,6,22,[10  3],7,-1,55,-1,33
1,<environment.Job instance at 0x7f6e96ec4d70>,12,17,[ 5 14],13,-1,50,-1,33
1,<environment.Job instance at 0x7f6e96ec45a0>,13,14,[13  1],14,-1,47,-1,33
1,<environment.Job instance at 0x7f6e96ec40a0>,14,14,[1 6],15,-1,47,-1,33
1,<environment.Job instance at 0x7f6e96ec4320>,15,15,[ 5 14],16,-1,48,-1,33
1,<environment.Job instance at 0x7f6e96ec4820>,16,21,[10  1],17,-1,54,-1,33
1,<environment.Job instance at 0x7f6e96ec4370>,17,18,[ 1 14],18,-1,51,-1,33
1,<environment.Job instance at 0x7f6e96ec45f0>,18,16,[12  4],19,-1,49,-1,33
1,<environment.Job instance at 0x7f6e96dd75f0>,19,14,[6 1],20,-1,47,-1,33
1,<environment.Job instance at 0x7f6e96dd7640>,20,24,[ 3 12],21,-1,57,-1,33
1,<environment.Job instance at 0x7f6e96dd7320>,23,28,[14  2],24,-1,92,-1,64
1,<environment.Job instance at 0x7f6e96dd7190>,25,13,[ 5 12],26,-1,77,-1,64
1,<environment.Job instance at 0x7f6e95d27960>,26,22,[ 5 14],27,-1,86,-1,64
1,<environment.Job instance at 0x7f6e95d27820>,27,26,[8 5],28,-1,90,-1,64
1,<environment.Job instance at 0x7f6e966a5140>,30,13,[13  5],31,-1,77,-1,64
1,<environment.Job instance at 0x7f6e966a56e0>,31,14,[ 2 13],32,-1,78,-1,64
1,<environment.Job instance at 0x7f6e966a55f0>,32,23,[ 3 14],33,-1,87,-1,64
1,<environment.Job instance at 0x7f6e966a5820>,33,16,[13  3],34,-1,80,-1,64
1,<environment.Job instance at 0x7f6e966a5f50>,35,15,[ 2 13],36,-1,96,-1,81
1,<environment.Job instance at 0x7f6e966a5640>,36,18,[12  1],37,-1,99,-1,81
1,<environment.Job instance at 0x7f6e966a5d70>,38,28,[ 4 12],39,-1,109,-1,81
1,<environment.Job instance at 0x7f6e96311910>,3,24,[14  1],4,-1,28,-1,4
1,<environment.Job instance at 0x7f6e9666ad70>,5,14,[ 1 13],6,-1,20,-1,6
1,<environment.Job instance at 0x7f6e9666a870>,6,17,[ 3 12],7,-1,24,-1,7
1,<environment.Job instance at 0x7f6e9666a320>,7,26,[11  2],8,-1,34,-1,8
1,<environment.Job instance at 0x7f6e9666a370>,9,24,[11  1],10,-1,34,-1,10
1,<environment.Job instance at 0x7f6e9666a5f0>,10,23,[13  2],11,-1,34,-1,11
1,<environment.Job instance at 0x7f6e9666aeb0>,11,18,[13  5],12,-1,30,-1,12
1,<environment.Job instance at 0x7f6e9666ac80>,13,28,[5 9],14,-1,42,-1,14
1,<environment.Job instance at 0x7f6e95d13f50>,19,20,[ 5 12],20,-1,60,-1,40
1,<environment.Job instance at 0x7f6e95d13500>,20,18,[14  1],21,-1,58,-1,40
1,<environment.Job instance at 0x7f6e95d13870>,21,19,[ 2 14],22,-1,59,-1,40
1,<environment.Job instance at 0x7f6e95d13be0>,22,24,[ 2 14],23,-1,64,-1,40
1,<environment.Job instance at 0x7f6e95d133c0>,23,28,[12  4],24,-1,68,-1,40
1,<environment.Job instance at 0x7f6e95d139b0>,25,23,[3 6],26,-1,64,-1,41
1,<environment.Job instance at 0x7f6e95d130a0>,26,25,[14  5],27,-1,66,-1,41
1,<environment.Job instance at 0x7f6e97081b40>,30,18,[ 2 14],31,-1,93,-1,75
1,<environment.Job instance at 0x7f6e97081fa0>,31,28,[4 5],32,-1,103,-1,75
1,<environment.Job instance at 0x7f6e96820eb0>,6,15,[ 4 12],7,-1,22,-1,7
1,<environment.Job instance at 0x7f6e96820640>,8,23,[ 5 11],9,-1,43,-1,20
1,<environment.Job instance at 0x7f6e965b6690>,9,28,[13  3],10,-1,48,-1,20
1,<environment.Job instance at 0x7f6e965b62d0>,10,27,[3 8],11,-1,47,-1,20
1,<environment.Job instance at 0x7f6e965b6460>,11,23,[ 5 11],12,-1,43,-1,20
1,<environment.Job instance at 0x7f6e9668b050>,14,20,[ 1 10],15,-1,40,-1,20
1,<environment.Job instance at 0x7f6e9fbd85f0>,15,17,[ 2 14],16,-1,37,-1,20
1,<environment.Job instance at 0x7f6e9fbd8640>,16,22,[ 1 14],17,-1,42,-1,20
1,<environment.Job instance at 0x7f6e967cda00>,17,12,[11  5],18,-1,32,-1,20
1,<environment.Job instance at 0x7f6e967cdb40>,18,17,[ 3 14],19,-1,37,-1,20
1,<environment.Job instance at 0x7f6e967cd0a0>,20,27,[ 4 12],21,-1,59,-1,32
1,<environment.Job instance at 0x7f6e967cdeb0>,24,17,[ 4 11],25,-1,84,-1,67
1,<environment.Job instance at 0x7f6e96f85960>,25,23,[ 1 11],26,-1,90,-1,67
1,<environment.Job instance at 0x7f6e96c90f00>,26,14,[11  1],27,-1,81,-1,67
1,<environment.Job instance at 0x7f6e95c92a00>,27,23,[ 2 11],28,-1,90,-1,67
1,<environment.Job instance at 0x7f6e95c925f0>,28,21,[ 1 11],29,-1,88,-1,67
1,<environment.Job instance at 0x7f6e95b54730>,29,23,[ 2 14],30,-1,90,-1,67
1,<environment.Job instance at 0x7f6e964170a0>,30,28,[5 5],31,-1,95,-1,67
1,<environment.Job instance at 0x7f6e95c92690>,31,21,[ 4 13],32,-1,88,-1,67
1,<environment.Job instance at 0x7f6e95c928c0>,32,15,[13  2],33,-1,82,-1,67
1,<environment.Job instance at 0x7f6e95a54b90>,33,23,[ 5 11],34,-1,90,-1,67
1,<environment.Job instance at 0x7f6e96c25780>,34,26,[ 5 11],35,-1,93,-1,67
1,<environment.Job instance at 0x7f6e95b85cd0>,36,18,[13  2],37,-1,90,-1,72
1,<environment.Job instance at 0x7f6e95b856e0>,37,27,[12  5],38,-1,99,-1,72
1,<environment.Job instance at 0x7f6e966752d0>,38,19,[11  4],39,-1,91,-1,72
1,<environment.Job instance at 0x7f6e95be2190>,39,22,[ 2 11],40,-1,94,-1,72
1,<environment.Job instance at 0x7f6e95f18af0>,1,13,[14  5],2,-1,15,-1,2
1,<environment.Job instance at 0x7f6e95fdfb90>,2,27,[8 4],3,-1,30,-1,3
1,<environment.Job instance at 0x7f6e95fdf690>,4,23,[6 1],5,-1,28,-1,5
1,<environment.Job instance at 0x7f6e95fdfc30>,5,23,[ 5 12],6,-1,29,-1,6
1,<environment.Job instance at 0x7f6e95fdf780>,6,24,[5 9],7,-1,31,-1,7
1,<environment.Job instance at 0x7f6e95fdf190>,7,17,[ 3 13],8,-1,25,-1,8
1,<environment.Job instance at 0x7f6e95fdf370>,8,25,[12  2],9,-1,34,-1,9
1,<environment.Job instance at 0x7f6e95fdf140>,9,17,[ 1 14],10,-1,27,-1,10
1,<environment.Job instance at 0x7f6e95fdf550>,10,25,[12  3],11,-1,36,-1,11
1,<environment.Job instance at 0x7f6e96a7afa0>,11,27,[ 4 11],12,-1,39,-1,12
1,<environment.Job instance at 0x7f6e957605a0>,12,23,[12  4],13,-1,36,-1,13
1,<environment.Job instance at 0x7f6e9611c870>,13,27,[7 5],14,-1,41,-1,14
1,<environment.Job instance at 0x7f6e9695d820>,15,25,[ 3 11],16,-1,41,-1,16
1,<environment.Job instance at 0x7f6e96cdb4b0>,16,21,[ 4 11],17,-1,38,-1,17
1,<environment.Job instance at 0x7f6e95b89960>,17,28,[2 8],18,-1,46,-1,18
1,<environment.Job instance at 0x7f6e9fce91e0>,18,25,[ 1 12],19,-1,44,-1,19
1,<environment.Job instance at 0x7f6e96148280>,19,16,[ 5 13],20,-1,36,-1,20
1,<environment.Job instance at 0x7f6e96a6f1e0>,20,23,[5 5],21,-1,44,-1,21
1,<environment.Job instance at 0x7f6e96a6fb90>,21,26,[14  4],22,-1,48,-1,22
1,<environment.Job instance at 0x7f6e96a6fc30>,22,25,[2 8],23,-1,48,-1,23
1,<environment.Job instance at 0x7f6e9fd8a8c0>,24,25,[4 7],25,-1,50,-1,25
1,<environment.Job instance at 0x7f6e95bc07d0>,25,25,[11  5],26,-1,51,-1,26
1,<environment.Job instance at 0x7f6e95bc0460>,26,23,[14  2],27,-1,50,-1,27
1,<environment.Job instance at 0x7f6e95bc03c0>,27,28,[ 4 11],28,-1,56,-1,28
1,<environment.Job instance at 0x7f6e96cbccd0>,31,24,[ 3 14],32,-1,56,-1,32
1,<environment.Job instance at 0x7f6e95b68780>,32,28,[5 4],33,-1,63,-1,35
1,<environment.Job instance at 0x7f6e96cd5500>,35,25,[ 5 12],36,-1,61,-1,36
1,<environment.Job instance at 0x7f6e96a8fa50>,36,24,[7 4],37,-1,61,-1,37
1,<environment.Job instance at 0x7f6e96a8fa00>,37,21,[10  1],38,-1,109,-1,88
1,<environment.Job instance at 0x7f6e95cdc370>,1,23,[ 4 10],2,-1,25,-1,2
1,<environment.Job instance at 0x7f6e96ab24b0>,2,28,[10  2],3,-1,31,-1,3
1,<environment.Job instance at 0x7f6e95cdc230>,4,24,[ 4 12],5,-1,29,-1,5
1,<environment.Job instance at 0x7f6e96a8fa00>,6,28,[14  2],7,-1,35,-1,7
1,<environment.Job instance at 0x7f6e95cdcd20>,10,27,[ 2 12],11,-1,38,-1,11
1,<environment.Job instance at 0x7f6e95cdc960>,11,25,[ 3 13],12,-1,37,-1,12
1,<environment.Job instance at 0x7f6e95cdc730>,15,23,[ 2 13],16,-1,50,-1,27
1,<environment.Job instance at 0x7f6e95cdb0a0>,16,15,[11  2],17,-1,42,-1,27
1,<environment.Job instance at 0x7f6e95cdbe10>,17,14,[ 3 10],18,-1,41,-1,27
1,<environment.Job instance at 0x7f6e95cdbd20>,18,27,[ 4 14],19,-1,54,-1,27
1,<environment.Job instance at 0x7f6e95cdbbe0>,19,28,[12  5],20,-1,55,-1,27
1,<environment.Job instance at 0x7f6e95cdb410>,20,28,[2 5],21,-1,55,-1,27
1,<environment.Job instance at 0x7f6e95cdb780>,21,27,[13  3],22,-1,54,-1,27
1,<environment.Job instance at 0x7f6e95cdba50>,22,26,[ 2 14],23,-1,53,-1,27
1,<environment.Job instance at 0x7f6e95cdbf00>,23,25,[11  2],24,-1,52,-1,27
1,<environment.Job instance at 0x7f6e95cdbe60>,24,16,[11  4],25,-1,43,-1,27
1,<environment.Job instance at 0x7f6e95cdbc80>,25,13,[14  4],26,-1,40,-1,27
1,<environment.Job instance at 0x7f6e95cdb960>,27,21,[12  2],28,-1,50,-1,29
1,<environment.Job instance at 0x7f6e95cdb280>,28,20,[ 1 11],29,-1,49,-1,29
1,<environment.Job instance at 0x7f6e95f79140>,29,14,[ 1 14],30,-1,44,-1,30
1,<environment.Job instance at 0x7f6e95cdb370>,31,15,[12  3],32,-1,62,-1,47
1,<environment.Job instance at 0x7f6e95f79e10>,33,22,[14  3],34,-1,70,-1,48
1,<environment.Job instance at 0x7f6e95f79230>,34,12,[1 9],35,-1,61,-1,49
1,<environment.Job instance at 0x7f6e95f79690>,35,16,[11  4],36,-1,65,-1,49
1,<environment.Job instance at 0x7f6e95f79e60>,36,20,[ 5 13],37,-1,69,-1,49
1,<environment.Job instance at 0x7f6e95f79730>,37,20,[11  5],38,-1,69,-1,49
1,<environment.Job instance at 0x7f6e95f79960>,38,23,[7 4],39,-1,72,-1,49
1,<environment.Job instance at 0x7f6e95f79af0>,39,22,[13  3],40,-1,71,-1,49
1,<environment.Job instance at 0x7f6e95f79cd0>,40,14,[14  2],41,-1,63,-1,49
1,<environment.Job instance at 0x7f6e95f79d70>,41,19,[13  5],42,-1,68,-1,49
1,<environment.Job instance at 0x7f6e95f79b40>,42,16,[13  3],43,-1,65,-1,49
1,<environment.Job instance at 0x7f6e95f79a00>,44,17,[ 1 13],45,-1,77,-1,60
1,<environment.Job instance at 0x7f6e95f79a50>,45,23,[ 3 11],46,-1,83,-1,60
1,<environment.Job instance at 0x7f6e95f76af0>,46,26,[11  1],47,-1,86,-1,60
1,<environment.Job instance at 0x7f6e969640a0>,47,25,[ 1 10],48,-1,85,-1,60
1,<environment.Job instance at 0x7f6e95fdec30>,49,25,[ 4 11],50,-1,92,-1,67
1,<environment.Job instance at 0x7f6e96da8190>,51,26,[13  2],52,-1,107,-1,81
1,<environment.Job instance at 0x7f6e96da8730>,52,20,[ 2 13],53,-1,101,-1,81
1,<environment.Job instance at 0x7f6e960000f0>,53,16,[ 3 10],54,-1,101,-1,85
1,<environment.Job instance at 0x7f6e9598ed70>,55,28,[ 1 13],56,-1,113,-1,85
1,<environment.Job instance at 0x7f6e95b60eb0>,2,12,[ 4 12],3,-1,15,-1,3
1,<environment.Job instance at 0x7f6e9597c910>,3,27,[ 4 14],4,-1,31,-1,4
1,<environment.Job instance at 0x7f6e966cdd20>,9,24,[ 1 10],10,-1,34,-1,10
1,<environment.Job instance at 0x7f6e966cd140>,11,25,[14  1],12,-1,37,-1,12
1,<environment.Job instance at 0x7f6e966cdbe0>,14,28,[5 7],15,-1,51,-1,23
1,<environment.Job instance at 0x7f6e966cdf00>,15,28,[2 5],16,-1,51,-1,23
1,<environment.Job instance at 0x7f6e96a71f00>,16,28,[ 2 14],17,-1,51,-1,23
1,<environment.Job instance at 0x7f6e95e92f00>,2,25,[12  2],3,-1,28,-1,3
1,<environment.Job instance at 0x7f6e96c35550>,3,28,[4 9],4,-1,32,-1,4
1,<environment.Job instance at 0x7f6e95d69780>,4,17,[14  1],5,-1,22,-1,5
1,<environment.Job instance at 0x7f6e95d698c0>,5,19,[11  4],6,-1,25,-1,6
1,<environment.Job instance at 0x7f6e95d69960>,6,23,[ 1 13],7,-1,30,-1,7
1,<environment.Job instance at 0x7f6e95d69a00>,7,25,[ 4 14],8,-1,33,-1,8
1,<environment.Job instance at 0x7f6e95d69aa0>,8,12,[12  3],9,-1,21,-1,9
1,<environment.Job instance at 0x7f6e95d69b40>,9,13,[13  5],10,-1,23,-1,10
1,<environment.Job instance at 0x7f6e95d69be0>,10,24,[9 1],11,-1,35,-1,11
1,<environment.Job instance at 0x7f6e95ff7640>,1,13,[13  4],2,-1,24,-1,11
1,<environment.Job instance at 0x7f6e96c350f0>,11,16,[ 3 14],12,-1,28,-1,12
1,<environment.Job instance at 0x7f6e95d69e60>,16,24,[12  2],17,-1,41,-1,17
1,<environment.Job instance at 0x7f6e95d6a050>,17,12,[ 2 12],18,-1,30,-1,18
1,<environment.Job instance at 0x7f6e95d6a640>,23,17,[ 3 12],24,-1,68,-1,51
1,<environment.Job instance at 0x7f6e95d6a820>,26,14,[ 4 13],27,-1,81,-1,67
1,<environment.Job instance at 0x7f6e95d6a8c0>,27,21,[12  4],28,-1,88,-1,67
1,<environment.Job instance at 0x7f6e95d6a960>,28,13,[ 4 12],29,-1,80,-1,67
1,<environment.Job instance at 0x7f6e95d6aa00>,29,15,[14  5],30,-1,82,-1,67
1,<environment.Job instance at 0x7f6e95d6abe0>,32,23,[ 3 11],33,-1,104,-1,81
1,<environment.Job instance at 0x7f6e95d6ac80>,33,24,[ 4 14],34,-1,105,-1,81
1,<environment.Job instance at 0x7f6e95d6ae60>,34,23,[9 5],35,-1,104,-1,81
1,<environment.Job instance at 0x7f6e95d6ab90>,35,13,[ 4 13],36,-1,94,-1,81
1,<environment.Job instance at 0x7f6e95d6adc0>,36,25,[13  2],37,-1,106,-1,81
1,<environment.Job instance at 0x7f6e95d6af00>,37,14,[ 1 11],38,-1,95,-1,81
1,<environment.Job instance at 0x7f6e95d6afa0>,38,24,[7 4],39,-1,105,-1,81
1,<environment.Job instance at 0x7f6e95d661e0>,41,26,[12  5],42,-1,108,-1,82
1,<environment.Job instance at 0x7f6e95d66280>,42,28,[13  1],43,-1,110,-1,82
1,<environment.Job instance at 0x7f6e95d66320>,43,22,[ 5 14],44,-1,104,-1,82
1,<environment.Job instance at 0x7f6e95d663c0>,44,20,[ 4 12],45,-1,102,-1,82
1,<environment.Job instance at 0x7f6e95d66460>,45,24,[10  4],46,-1,106,-1,82
1,<environment.Job instance at 0x7f6e95d66500>,46,18,[14  3],47,-1,100,-1,82
1,<environment.Job instance at 0x7f6e96b474b0>,1,28,[13  2],2,-1,30,-1,2
1,<environment.Job instance at 0x7f6e95d66500>,4,27,[3 6],5,-1,33,-1,6
1,<environment.Job instance at 0x7f6e95d78460>,6,22,[ 4 10],7,-1,41,-1,19
1,<environment.Job instance at 0x7f6e95d78640>,10,14,[13  2],11,-1,33,-1,19
1,<environment.Job instance at 0x7f6e95d78e10>,11,13,[11  3],12,-1,32,-1,19
1,<environment.Job instance at 0x7f6e95d78c30>,13,24,[ 3 12],14,-1,43,-1,19
1,<environment.Job instance at 0x7f6e95d78a00>,14,20,[ 5 12],15,-1,39,-1,19
1,<environment.Job instance at 0x7f6e96d275a0>,18,27,[14  2],19,-1,63,-1,36
1,<environment.Job instance at 0x7f6e96d27e10>,19,17,[ 5 12],20,-1,53,-1,36
1,<environment.Job instance at 0x7f6e96d27af0>,23,23,[9 3],24,-1,91,-1,68
1,<environment.Job instance at 0x7f6e96d27aa0>,25,16,[12  5],26,-1,84,-1,68
1,<environment.Job instance at 0x7f6e96d271e0>,27,25,[3 6],28,-1,105,-1,80
1,<environment.Job instance at 0x7f6e96d27a00>,28,23,[ 2 12],29,-1,103,-1,80
1,<environment.Job instance at 0x7f6e96d277d0>,29,14,[14  4],30,-1,94,-1,80
1,<environment.Job instance at 0x7f6e96d27780>,30,17,[ 3 14],31,-1,97,-1,80
1,<environment.Job instance at 0x7f6e961fd9b0>,8,25,[12  5],9,-1,41,-1,16
1,<environment.Job instance at 0x7f6e9640f960>,10,26,[ 5 13],11,-1,42,-1,16
1,<environment.Job instance at 0x7f6e9640f280>,11,16,[ 2 12],12,-1,32,-1,16
1,<environment.Job instance at 0x7f6e9640f0f0>,12,23,[7 2],13,-1,50,-1,27
1,<environment.Job instance at 0x7f6e9640f5a0>,13,24,[10  3],14,-1,51,-1,27
1,<environment.Job instance at 0x7f6e9640f7d0>,14,25,[1 9],15,-1,52,-1,27
1,<environment.Job instance at 0x7f6e9640fb90>,15,25,[11  1],16,-1,52,-1,27
1,<environment.Job instance at 0x7f6e9640feb0>,16,25,[6 4],17,-1,52,-1,27
1,<environment.Job instance at 0x7f6e9640fc80>,17,26,[2 9],18,-1,53,-1,27
1,<environment.Job instance at 0x7f6e9640f6e0>,18,26,[5 5],19,-1,53,-1,27
1,<environment.Job instance at 0x7f6e9640f3c0>,19,21,[13  1],20,-1,48,-1,27
1,<environment.Job instance at 0x7f6e9640f0a0>,21,22,[12  5],22,-1,49,-1,27
1,<environment.Job instance at 0x7f6e9640fe60>,24,23,[10  4],25,-1,61,-1,38
1,<environment.Job instance at 0x7f6e9640faf0>,25,25,[6 5],26,-1,63,-1,38
1,<environment.Job instance at 0x7f6e9640f2d0>,26,19,[ 3 12],27,-1,57,-1,38
1,<environment.Job instance at 0x7f6e9640f550>,27,25,[ 2 10],28,-1,63,-1,38
1,<environment.Job instance at 0x7f6e9640f370>,28,21,[13  4],29,-1,59,-1,38
1,<environment.Job instance at 0x7f6e9640f910>,30,21,[ 4 14],31,-1,73,-1,52
1,<environment.Job instance at 0x7f6e9614d910>,31,23,[ 2 11],32,-1,75,-1,52
1,<environment.Job instance at 0x7f6e9640ffa0>,32,24,[13  5],33,-1,76,-1,52
1,<environment.Job instance at 0x7f6e9614d410>,33,27,[ 3 13],34,-1,79,-1,52
1,<environment.Job instance at 0x7f6e9614d870>,34,12,[ 2 13],35,-1,64,-1,52
1,<environment.Job instance at 0x7f6e9614d820>,35,26,[6 1],36,-1,78,-1,52
1,<environment.Job instance at 0x7f6e9614dc30>,37,21,[ 2 13],38,-1,85,-1,64
1,<environment.Job instance at 0x7f6e9614d9b0>,38,22,[12  4],39,-1,86,-1,64
1,<environment.Job instance at 0x7f6e9614dd20>,40,15,[11  4],41,-1,94,-1,79
1,<environment.Job instance at 0x7f6e9614d320>,41,13,[ 2 14],42,-1,92,-1,79
1,<environment.Job instance at 0x7f6e9614d280>,43,26,[14  1],44,-1,105,-1,79
1,<environment.Job instance at 0x7f6e9614d0a0>,44,16,[ 2 14],45,-1,95,-1,79
1,<environment.Job instance at 0x7f3bd473a550>,4,24,[7 2],5,-1,29,-1,5
1,<environment.Job instance at 0x7f3bd473a690>,5,24,[ 2 14],6,-1,30,-1,6
1,<environment.Job instance at 0x7f3bd473a730>,6,15,[ 2 14],7,-1,22,-1,7
1,<environment.Job instance at 0x7f3bd473a460>,3,13,[12  4],4,-1,20,-1,7
1,<environment.Job instance at 0x7f3bd473a640>,7,26,[9 3],8,-1,34,-1,8
1,<environment.Job instance at 0x7f3bd473a870>,8,20,[ 4 13],9,-1,29,-1,9
1,<environment.Job instance at 0x7f3bd473a910>,9,16,[12  1],10,-1,28,-1,12
1,<environment.Job instance at 0x7f3bd473abe0>,12,28,[ 1 14],13,-1,41,-1,13
1,<environment.Job instance at 0x7f3bd473ab40>,14,15,[14  4],15,-1,30,-1,15
1,<environment.Job instance at 0x7f3bd473adc0>,15,20,[ 3 12],16,-1,36,-1,16
1,<environment.Job instance at 0x7f3bd473ae60>,16,28,[5 1],17,-1,45,-1,17
1,<environment.Job instance at 0x7f3bd473af00>,17,19,[12  4],18,-1,37,-1,18
1,<environment.Job instance at 0x7f3bd473afa0>,18,18,[13  1],19,-1,37,-1,19
1,<environment.Job instance at 0x7f3bd473e0a0>,19,23,[8 4],20,-1,55,-1,32
1,<environment.Job instance at 0x7f3bd473e460>,25,24,[5 7],26,-1,56,-1,32
1,<environment.Job instance at 0x7f3bd473e5f0>,27,17,[ 4 12],28,-1,50,-1,33
1,<environment.Job instance at 0x7f3bd473e6e0>,28,17,[ 1 13],29,-1,50,-1,33
1,<environment.Job instance at 0x7f3bd473e780>,29,24,[ 4 13],30,-1,57,-1,33
1,<environment.Job instance at 0x7f3bd473e640>,30,26,[11  4],31,-1,59,-1,33
1,<environment.Job instance at 0x7f3bd473e870>,31,28,[ 2 10],32,-1,61,-1,33
1,<environment.Job instance at 0x7f3bd473ed20>,37,14,[ 5 14],38,-1,105,-1,91
1,<environment.Job instance at 0x7f3bd473edc0>,38,24,[13  2],39,-1,115,-1,91
1,<environment.Job instance at 0x7f3bd473eeb0>,40,26,[ 1 14],41,-1,125,-1,99
1,<environment.Job instance at 0x7f3bd4bda500>,1,28,[ 5 11],2,-1,30,-1,2
1,<environment.Job instance at 0x7f3bd473ef50>,2,15,[ 2 13],3,-1,18,-1,3
1,<environment.Job instance at 0x7f3bd4b7da50>,10,27,[ 3 11],11,-1,53,-1,26
1,<environment.Job instance at 0x7f3bd4b7d2d0>,11,23,[5 1],12,-1,49,-1,26
1,<environment.Job instance at 0x7f3bd4b7daa0>,12,17,[12  4],13,-1,43,-1,26
1,<environment.Job instance at 0x7f3bd4b7d730>,14,17,[5 1],15,-1,78,-1,61
1,<environment.Job instance at 0x7f3bd4bdfdc0>,18,15,[ 4 10],19,-1,76,-1,61
1,<environment.Job instance at 0x7f3bd4bdff50>,21,27,[ 4 11],22,-1,105,-1,78
1,<environment.Job instance at 0x7f3bd4060fa0>,6,27,[10  5],7,-1,34,-1,7
1,<environment.Job instance at 0x7f3bd40605a0>,7,14,[11  1],8,-1,22,-1,8
1,<environment.Job instance at 0x7f3bd40600f0>,8,24,[12  2],9,-1,33,-1,9
1,<environment.Job instance at 0x7f3bd4060280>,9,20,[12  3],10,-1,30,-1,10
1,<environment.Job instance at 0x7f3bd40603c0>,10,20,[ 2 10],11,-1,32,-1,12
1,<environment.Job instance at 0x7f3bd3f1da50>,12,19,[14  4],13,-1,32,-1,13
1,<environment.Job instance at 0x7f3bd3f1dc80>,13,17,[ 3 12],14,-1,31,-1,14
1,<environment.Job instance at 0x7f3bd3f1daa0>,15,19,[ 4 14],16,-1,35,-1,16
1,<environment.Job instance at 0x7f3bd3f1d410>,16,16,[ 5 12],17,-1,33,-1,17
1,<environment.Job instance at 0x7f3bd3f1dd70>,17,21,[ 1 12],18,-1,39,-1,18
1,<environment.Job instance at 0x7f3bd3f1ddc0>,18,16,[ 1 14],19,-1,35,-1,19
1,<environment.Job instance at 0x7f3bd3f1d3c0>,19,18,[ 1 14],20,-1,38,-1,20
1,<environment.Job instance at 0x7f3bd3f1d550>,20,23,[1 9],21,-1,44,-1,21
1,<environment.Job instance at 0x7f3bd3f1dcd0>,21,17,[14  5],22,-1,39,-1,22
1,<environment.Job instance at 0x7f3bd3f1d050>,22,25,[4 8],23,-1,48,-1,23
1,<environment.Job instance at 0x7f3bd3f1d6e0>,23,25,[11  3],24,-1,49,-1,24
1,<environment.Job instance at 0x7f3bd3f1d230>,24,15,[14  2],25,-1,40,-1,25
1,<environment.Job instance at 0x7f3bd3f1db90>,25,18,[11  1],26,-1,44,-1,26
1,<environment.Job instance at 0x7f3bd40805a0>,28,20,[12  2],29,-1,49,-1,29
1,<environment.Job instance at 0x7f3bd3f1de10>,31,13,[ 4 11],32,-1,47,-1,34
1,<environment.Job instance at 0x7f3bd4080910>,32,16,[14  3],33,-1,50,-1,34
1,<environment.Job instance at 0x7f3bd40806e0>,33,19,[ 5 10],34,-1,98,-1,79
1,<environment.Job instance at 0x7f3bd4080f00>,39,20,[ 1 12],40,-1,99,-1,79
1,<environment.Job instance at 0x7f3bd4080870>,41,24,[7 2],42,-1,103,-1,79
1,<environment.Job instance at 0x7f3bd4080cd0>,42,13,[ 5 11],43,-1,92,-1,79
1,<environment.Job instance at 0x7f3bd4080b40>,43,13,[14  1],44,-1,92,-1,79
1,<environment.Job instance at 0x7f3bd4080a00>,44,12,[ 5 12],45,-1,91,-1,79
1,<environment.Job instance at 0x7f3bd4080eb0>,47,27,[6 1],48,-1,119,-1,92
1,<environment.Job instance at 0x7f3bd4080050>,48,27,[ 4 13],49,-1,119,-1,92
1,<environment.Job instance at 0x7f3bd4080320>,49,14,[12  3],50,-1,106,-1,92
1,<environment.Job instance at 0x7f3bd40800a0>,50,27,[11  1],51,-1,119,-1,92
1,<environment.Job instance at 0x7f3bd40b1550>,51,24,[6 2],52,-1,116,-1,92
1,<environment.Job instance at 0x7f3bd40b1730>,2,28,[14  3],3,-1,31,-1,3
1,<environment.Job instance at 0x7f3bd4724f50>,5,14,[ 3 14],6,-1,20,-1,6
1,<environment.Job instance at 0x7f3bd41705a0>,6,17,[13  5],7,-1,24,-1,7
1,<environment.Job instance at 0x7f3bd4170cd0>,7,13,[ 5 14],8,-1,21,-1,8
1,<environment.Job instance at 0x7f3bd43acfa0>,8,25,[4 5],9,-1,34,-1,9
1,<environment.Job instance at 0x7f3bd425e960>,11,12,[12  3],12,-1,24,-1,12
1,<environment.Job instance at 0x7f3bd4dee910>,12,28,[6 3],13,-1,46,-1,18
1,<environment.Job instance at 0x7f3bd43f7fa0>,16,13,[14  5],17,-1,31,-1,18
1,<environment.Job instance at 0x7f3bd43ae050>,17,16,[ 5 11],18,-1,34,-1,18
1,<environment.Job instance at 0x7f3bd41dcd20>,18,23,[4 8],19,-1,55,-1,32
1,<environment.Job instance at 0x7f3bd42456e0>,22,28,[11  2],23,-1,75,-1,47
1,<environment.Job instance at 0x7f3bd4147370>,23,24,[7 5],24,-1,71,-1,47
1,<environment.Job instance at 0x7f3bd4bc97d0>,26,27,[ 4 13],27,-1,105,-1,78
1,<environment.Job instance at 0x7f3bd4bc9190>,27,28,[ 1 14],28,-1,106,-1,78
1,<environment.Job instance at 0x7f3bd428ff50>,28,12,[13  4],29,-1,90,-1,78
1,<environment.Job instance at 0x7f3bd428f410>,29,12,[ 5 12],30,-1,90,-1,78
1,<environment.Job instance at 0x7f3bd428f0a0>,30,28,[7 4],31,-1,106,-1,78
1,<environment.Job instance at 0x7f3bd428ffa0>,31,27,[4 6],32,-1,105,-1,78
1,<environment.Job instance at 0x7f3bd456be60>,1,18,[ 1 14],2,-1,20,-1,2
1,<environment.Job instance at 0x7f3bd3cb9730>,4,13,[ 1 12],5,-1,18,-1,5
1,<environment.Job instance at 0x7f3bd3cb9690>,6,28,[5 7],7,-1,35,-1,7
1,<environment.Job instance at 0x7f3bd3cb9a00>,7,16,[ 4 11],8,-1,24,-1,8
1,<environment.Job instance at 0x7f3bd3cb9910>,8,17,[13  3],9,-1,26,-1,9
1,<environment.Job instance at 0x7f3bd3cb9a50>,9,22,[ 3 11],10,-1,32,-1,10
1,<environment.Job instance at 0x7f3bd3cb9b90>,11,13,[ 5 12],12,-1,25,-1,12
1,<environment.Job instance at 0x7f3bd3cb9d20>,12,23,[ 5 11],13,-1,36,-1,13
1,<environment.Job instance at 0x7f3bd3cb9c30>,13,27,[12  4],14,-1,41,-1,14
1,<environment.Job instance at 0x7f3bd3e1ce10>,15,23,[9 4],16,-1,40,-1,17
1,<environment.Job instance at 0x7f3bd3cb9fa0>,17,24,[ 4 14],18,-1,42,-1,18
1,<environment.Job instance at 0x7f3bd3cbb1e0>,21,22,[13  5],22,-1,68,-1,46
1,<environment.Job instance at 0x7f3bd3cbb320>,22,14,[ 3 13],23,-1,60,-1,46
1,<environment.Job instance at 0x7f3bd3cbb500>,23,26,[14  2],24,-1,72,-1,46
1,<environment.Job instance at 0x7f3bd3cbb5a0>,24,13,[13  4],25,-1,59,-1,46
1,<environment.Job instance at 0x7f3bd3cbb640>,25,21,[ 4 10],26,-1,94,-1,73
1,<environment.Job instance at 0x7f3bd3cbb8c0>,29,13,[6 2],30,-1,92,-1,79
1,<environment.Job instance at 0x7f3bd3cbbaa0>,32,20,[10  2],33,-1,108,-1,88
1,<environment.Job instance at 0x7f3bd3cbbb40>,33,18,[ 2 13],34,-1,106,-1,88
1,<environment.Job instance at 0x7f3bd3cbbbe0>,4,26,[12  3],5,-1,31,-1,5
1,<environment.Job instance at 0x7f3bd3ce3320>,6,15,[13  2],7,-1,22,-1,7
1,<environment.Job instance at 0x7f3bd3ce3730>,7,24,[ 5 13],8,-1,32,-1,8
1,<environment.Job instance at 0x7f3bd3ce35a0>,5,20,[14  4],6,-1,28,-1,8
1,<environment.Job instance at 0x7f3bd3ce36e0>,8,25,[13  5],9,-1,34,-1,9
1,<environment.Job instance at 0x7f3bd3ce3e10>,9,19,[ 2 13],10,-1,29,-1,10
1,<environment.Job instance at 0x7f3bd3ce33c0>,10,25,[8 3],11,-1,36,-1,11
1,<environment.Job instance at 0x7f3bd3ce3640>,12,18,[14  4],13,-1,31,-1,13
1,<environment.Job instance at 0x7f3bd3ce3780>,13,14,[14  2],14,-1,28,-1,14
1,<environment.Job instance at 0x7f3bd3ce3a00>,11,19,[14  2],12,-1,34,-1,15
1,<environment.Job instance at 0x7f3bd3ce3b40>,19,27,[14  4],20,-1,47,-1,20
1,<environment.Job instance at 0x7f3bd3ce30f0>,21,26,[ 5 14],22,-1,48,-1,22
1,<environment.Job instance at 0x7f3bd3ca9c80>,22,26,[ 2 13],23,-1,49,-1,23
1,<environment.Job instance at 0x7f3bd3ce3d70>,24,25,[ 4 10],25,-1,58,-1,33
1,<environment.Job instance at 0x7f3bd3ca9550>,25,26,[7 1],26,-1,59,-1,33
1,<environment.Job instance at 0x7f3bd3ca9dc0>,27,17,[ 4 13],28,-1,56,-1,39
1,<environment.Job instance at 0x7f3bd3ca9690>,30,27,[13  4],31,-1,80,-1,53
1,<environment.Job instance at 0x7f3bd3ca9a50>,31,17,[13  4],32,-1,70,-1,53
1,<environment.Job instance at 0x7f3bd3ca9370>,32,13,[14  2],33,-1,66,-1,53
1,<environment.Job instance at 0x7f3bd3ca9e60>,34,24,[10  1],35,-1,77,-1,53
1,<environment.Job instance at 0x7f3bd3d51e10>,36,13,[5 2],37,-1,77,-1,64
1,<environment.Job instance at 0x7f3bd3d51780>,37,16,[ 2 10],38,-1,80,-1,64
1,<environment.Job instance at 0x7f3bd3d51f50>,38,26,[14  2],39,-1,90,-1,64
1,<environment.Job instance at 0x7f3bd3d51fa0>,39,25,[13  4],40,-1,89,-1,64
1,<environment.Job instance at 0x7f3bd3d51a00>,40,27,[6 1],41,-1,91,-1,64
1,<environment.Job instance at 0x7f3bd3d51eb0>,41,26,[ 3 14],42,-1,90,-1,64
1,<environment.Job instance at 0x7f3bd3d51d20>,43,16,[12  2],44,-1,86,-1,70
1,<environment.Job instance at 0x7f3bd3d51960>,44,17,[ 4 11],45,-1,87,-1,70
1,<environment.Job instance at 0x7f3bd3d518c0>,46,19,[ 4 12],47,-1,101,-1,82
1,<environment.Job instance at 0x7f3bd3d51b90>,47,16,[ 1 13],48,-1,98,-1,82
1,<environment.Job instance at 0x7f3bd3d4dd70>,48,18,[14  2],49,-1,100,-1,82
1,<environment.Job instance at 0x7f3bd3d51a50>,49,21,[1 7],50,-1,103,-1,82
1,<environment.Job instance at 0x7f3bd3d4d410>,52,17,[ 2 12],53,-1,102,-1,85
1,<environment.Job instance at 0x7f3bd3d4d7d0>,53,14,[10  3],54,-1,102,-1,88
1,<environment.Job instance at 0x7f3bd4a56230>,2,13,[ 5 12],3,-1,16,-1,3
1,<environment.Job instance at 0x7f3bd4b14730>,3,20,[ 2 11],4,-1,24,-1,4
1,<environment.Job instance at 0x7f3bd4b14910>,7,25,[3 7],8,-1,33,-1,8
1,<environment.Job instance at 0x7f3bd4b14140>,9,22,[ 4 10],10,-1,33,-1,11
1,<environment.Job instance at 0x7f3bd4b145f0>,11,17,[ 1 13],12,-1,29,-1,12
1,<environment.Job instance at 0x7f3bd4b148c0>,12,16,[ 1 13],13,-1,29,-1,13
1,<environment.Job instance at 0x7f3bd4b14cd0>,13,28,[2 7],14,-1,42,-1,14
1,<environment.Job instance at 0x7f3bd3d25aa0>,4,12,[ 5 11],5,-1,17,-1,5
1,<environment.Job instance at 0x7f3bd4127960>,6,19,[ 2 11],7,-1,26,-1,7
1,<environment.Job instance at 0x7f3bd412d7d0>,7,26,[6 3],8,-1,34,-1,8
1,<environment.Job instance at 0x7f3bd412d0a0>,8,23,[11  4],9,-1,32,-1,9
1,<environment.Job instance at 0x7f3bd412dcd0>,9,27,[13  2],10,-1,37,-1,10
1,<environment.Job instance at 0x7f3bd412da50>,10,15,[11  4],11,-1,27,-1,12
1,<environment.Job instance at 0x7f3bd412daf0>,12,26,[14  3],13,-1,39,-1,13
1,<environment.Job instance at 0x7f3bd412de10>,13,17,[14  4],14,-1,31,-1,14
1,<environment.Job instance at 0x7f3bd4365c80>,15,17,[11  2],16,-1,33,-1,16
1,<environment.Job instance at 0x7f3bd412d780>,16,12,[12  5],17,-1,29,-1,17
1,<environment.Job instance at 0x7f3bd412d370>,17,22,[11  3],18,-1,40,-1,18
1,<environment.Job instance at 0x7f3bd41290a0>,18,22,[8 2],19,-1,41,-1,19
1,<environment.Job instance at 0x7f3bd3dd95f0>,20,23,[2 9],21,-1,44,-1,21
1,<environment.Job instance at 0x7f3bd4142690>,25,19,[13  1],26,-1,56,-1,37
1,<environment.Job instance at 0x7f3bd3cd6640>,26,15,[12  3],27,-1,52,-1,37
1,<environment.Job instance at 0x7f3bd3de30a0>,27,24,[ 1 11],28,-1,61,-1,37
1,<environment.Job instance at 0x7f3bd41424b0>,28,27,[10  4],29,-1,64,-1,37
1,<environment.Job instance at 0x7f3bd3cd6a50>,29,26,[5 5],30,-1,63,-1,37
1,<environment.Job instance at 0x7f3bd3fc4b90>,31,19,[13  1],32,-1,64,-1,45
1,<environment.Job instance at 0x7f3bd3e0fdc0>,32,16,[11  1],33,-1,61,-1,45
1,<environment.Job instance at 0x7f3bd4bd11e0>,33,28,[ 4 11],34,-1,73,-1,45
1,<environment.Job instance at 0x7f3bd4bd1500>,35,24,[13  5],36,-1,81,-1,57
1,<environment.Job instance at 0x7f3bd4148280>,36,26,[12  1],37,-1,83,-1,57
1,<environment.Job instance at 0x7f3bd3e00640>,39,17,[ 2 13],40,-1,86,-1,69
1,<environment.Job instance at 0x7f3bd3e00190>,41,26,[7 1],42,-1,96,-1,70
1,<environment.Job instance at 0x7f3bd4bd5eb0>,43,15,[14  1],44,-1,100,-1,85
1,<environment.Job instance at 0x7f3bd4b85320>,45,17,[14  2],46,-1,104,-1,87
1,<environment.Job instance at 0x7f3bd4bd58c0>,46,20,[11  4],47,-1,107,-1,87
1,<environment.Job instance at 0x7f3bd4bd51e0>,2,21,[11  5],3,-1,24,-1,3
1,<environment.Job instance at 0x7f3bd4395dc0>,3,18,[13  4],4,-1,22,-1,4
1,<environment.Job instance at 0x7f3bd4395c30>,4,27,[8 5],5,-1,32,-1,5
1,<environment.Job instance at 0x7f3bd4395870>,5,12,[ 5 13],6,-1,18,-1,6
1,<environment.Job instance at 0x7f3bd3e8e410>,7,20,[ 5 13],8,-1,28,-1,8
1,<environment.Job instance at 0x7f3bd3e8e280>,8,19,[ 2 14],9,-1,28,-1,9
1,<environment.Job instance at 0x7f3bd3e8e690>,9,20,[13  2],10,-1,30,-1,10
1,<environment.Job instance at 0x7f3bd3e8e230>,10,16,[ 2 14],11,-1,27,-1,11
1,<environment.Job instance at 0x7f3bd3e8eeb0>,11,26,[7 3],12,-1,38,-1,12
1,<environment.Job instance at 0x7f3bd3e8e190>,12,16,[ 3 13],13,-1,29,-1,13
1,<environment.Job instance at 0x7f3bd3e8e370>,13,28,[ 5 10],14,-1,42,-1,14
1,<environment.Job instance at 0x7f3bd3e8ea50>,14,22,[14  1],15,-1,37,-1,15
1,<environment.Job instance at 0x7f3bd3e8e4b0>,16,15,[ 1 12],17,-1,32,-1,17
1,<environment.Job instance at 0x7f3bd3df87d0>,23,27,[12  4],24,-1,58,-1,31
1,<environment.Job instance at 0x7f3bd3df8820>,24,18,[ 3 13],25,-1,49,-1,31
1,<environment.Job instance at 0x7f3bd3df8fa0>,25,27,[ 1 14],26,-1,58,-1,31
1,<environment.Job instance at 0x7f3bd3df8d20>,26,21,[14  2],27,-1,52,-1,31
1,<environment.Job instance at 0x7f3bd3df83c0>,27,22,[11  1],28,-1,53,-1,31
1,<environment.Job instance at 0x7f3bd3df8eb0>,28,26,[7 4],29,-1,57,-1,31
1,<environment.Job instance at 0x7f3bd3df8050>,29,12,[ 1 14],30,-1,43,-1,31
1,<environment.Job instance at 0x7f3bd3df8870>,30,23,[ 4 14],31,-1,54,-1,31
1,<environment.Job instance at 0x7f3bd3df8b40>,31,14,[13  2],32,-1,46,-1,32
1,<environment.Job instance at 0x7f3bd3df8780>,33,21,[11  2],34,-1,55,-1,34
1,<environment.Job instance at 0x7f3bd3e49e10>,34,18,[ 2 11],35,-1,53,-1,35
1,<environment.Job instance at 0x7f3bd3df8be0>,36,14,[ 4 14],37,-1,62,-1,48
1,<environment.Job instance at 0x7f3bd3e498c0>,37,28,[12  5],38,-1,76,-1,48
1,<environment.Job instance at 0x7f3bd3e49870>,38,13,[12  5],39,-1,61,-1,48
1,<environment.Job instance at 0x7f3bd3e49690>,39,12,[11  5],40,-1,60,-1,48
1,<environment.Job instance at 0x7f3bd3e49050>,41,26,[5 3],42,-1,92,-1,66
1,<environment.Job instance at 0x7f3bd3e49320>,42,27,[13  5],43,-1,93,-1,66
1,<environment.Job instance at 0x7f3bd3e49910>,43,28,[ 3 14],44,-1,94,-1,66
1,<environment.Job instance at 0x7f3bd3e49960>,44,21,[ 4 11],45,-1,87,-1,66
1,<environment.Job instance at 0x7f3bd3e49b90>,45,18,[ 3 12],46,-1,84,-1,66
1,<environment.Job instance at 0x7f3bd3e49460>,47,26,[14  5],48,-1,92,-1,66
1,<environment.Job instance at 0x7f3bd3e49eb0>,48,24,[4 6],49,-1,90,-1,66
1,<environment.Job instance at 0x7f3bd3e49370>,49,18,[13  1],50,-1,84,-1,66
1,<environment.Job instance at 0x7f3bd3e494b0>,50,20,[12  3],51,-1,86,-1,66
1,<environment.Job instance at 0x7f3bd3e495f0>,51,17,[ 5 14],52,-1,83,-1,66
1,<environment.Job instance at 0x7f3bd3e49780>,52,24,[8 5],53,-1,90,-1,66
1,<environment.Job instance at 0x7f3bd3e495a0>,53,24,[5 1],54,-1,90,-1,66
1,<environment.Job instance at 0x7f3bd3e49f00>,55,16,[ 2 13],56,-1,93,-1,77
1,<environment.Job instance at 0x7f3bd3e49640>,56,17,[12  3],57,-1,94,-1,77
1,<environment.Job instance at 0x7f3bd3e49a50>,57,14,[14  1],58,-1,91,-1,77
1,<environment.Job instance at 0x7f3bd3e49140>,58,25,[ 4 10],59,-1,102,-1,77
1,<environment.Job instance at 0x7f3bd3e066e0>,59,26,[3 6],60,-1,103,-1,77
1,<environment.Job instance at 0x7f3bd3e06cd0>,61,14,[11  5],62,-1,99,-1,85
1,<environment.Job instance at 0x7f3bd3e06d20>,62,24,[ 4 12],63,-1,109,-1,85
1,<environment.Job instance at 0x7f3bd3e06c80>,64,25,[12  2],65,-1,110,-1,85
1,<environment.Job instance at 0x7f3bd3e065a0>,66,24,[13  1],67,-1,118,-1,94
1,<environment.Job instance at 0x7f3bd3e06870>,67,13,[11  1],68,-1,107,-1,94
1,<environment.Job instance at 0x7f3bd3e06870>,2,27,[ 3 11],3,-1,30,-1,3
1,<environment.Job instance at 0x7f3bd3e4dcd0>,3,21,[ 3 13],4,-1,25,-1,4
1,<environment.Job instance at 0x7f3bd3e4dd20>,5,21,[ 4 14],6,-1,27,-1,6
1,<environment.Job instance at 0x7f3bd4ba5f00>,7,16,[ 4 14],8,-1,24,-1,8
1,<environment.Job instance at 0x7f3bd3e30050>,9,14,[13  3],10,-1,24,-1,10
1,<environment.Job instance at 0x7f3bd3e30230>,10,24,[3 9],11,-1,35,-1,11
1,<environment.Job instance at 0x7f3bd3e30280>,12,17,[ 3 11],13,-1,30,-1,13
1,<environment.Job instance at 0x7f3bd3e30370>,16,27,[1 6],17,-1,59,-1,32
1,<environment.Job instance at 0x7f3bd3e30550>,17,27,[8 5],18,-1,59,-1,32
1,<environment.Job instance at 0x7f3bd3e306e0>,19,17,[ 1 11],20,-1,49,-1,32
1,<environment.Job instance at 0x7f3bd3e30780>,20,13,[ 3 14],21,-1,45,-1,32
1,<environment.Job instance at 0x7f3bd3e30960>,23,16,[11  2],24,-1,65,-1,49
1,<environment.Job instance at 0x7f3bd3e30a00>,24,27,[5 2],25,-1,76,-1,49
1,<environment.Job instance at 0x7f3bd3e30aa0>,25,13,[13  5],26,-1,62,-1,49
1,<environment.Job instance at 0x7f3bd3e30b40>,26,17,[13  3],27,-1,66,-1,49
1,<environment.Job instance at 0x7f3bd3e30be0>,27,26,[10  5],28,-1,75,-1,49
1,<environment.Job instance at 0x7f3bd3e30c80>,28,13,[14  3],29,-1,62,-1,49
1,<environment.Job instance at 0x7f3bd3e30d20>,29,26,[ 2 12],30,-1,75,-1,49
1,<environment.Job instance at 0x7f3bd3e30dc0>,30,26,[4 5],31,-1,75,-1,49
1,<environment.Job instance at 0x7f3bd3e30f50>,32,24,[4 6],33,-1,91,-1,67
1,<environment.Job instance at 0x7f3bd3e30fa0>,33,15,[ 2 13],34,-1,82,-1,67
1,<environment.Job instance at 0x7f3bd3e2d280>,34,18,[11  2],35,-1,85,-1,67
1,<environment.Job instance at 0x7f3bd3e2d460>,37,18,[14  1],38,-1,86,-1,68
1,<environment.Job instance at 0x7f3bd3e2d500>,38,23,[ 1 11],39,-1,91,-1,68
1,<environment.Job instance at 0x7f3bd3e2d5a0>,39,19,[ 3 12],40,-1,87,-1,68
1,<environment.Job instance at 0x7f3bd3e2d820>,43,13,[ 3 11],44,-1,106,-1,93
1,<environment.Job instance at 0x7f3bd3e2d8c0>,44,12,[7 2],45,-1,107,-1,95
1,<environment.Job instance at 0x7f3bd3e2d960>,45,25,[5 3],46,-1,120,-1,95
1,<environment.Job instance at 0x7f3bd3e2daf0>,46,15,[11  2],47,-1,110,-1,95
1,<environment.Job instance at 0x7f3bd3e2d870>,48,25,[7 2],49,-1,121,-1,96
1,<environment.Job instance at 0x7f3bd3e2dd20>,49,18,[ 5 12],50,-1,114,-1,96
1,<environment.Job instance at 0x7f3bd3e2dbe0>,50,12,[ 3 12],51,-1,108,-1,96
1,<environment.Job instance at 0x7f3bd3e2dc30>,51,15,[11  5],52,-1,111,-1,96
1,<environment.Job instance at 0x7f3bd3e2df00>,53,16,[13  2],54,-1,113,-1,97
1,<environment.Job instance at 0x7f3bd3e2ddc0>,54,12,[13  3],55,-1,109,-1,97
1,<environment.Job instance at 0x7f3bd3e2deb0>,55,16,[11  5],56,-1,113,-1,97
1,<environment.Job instance at 0x7f3bd4370500>,1,25,[9 1],2,-1,27,-1,2
1,<environment.Job instance at 0x7f3bd3e2dfa0>,2,17,[ 5 14],3,-1,20,-1,3
1,<environment.Job instance at 0x7f3bd4091550>,3,14,[13  1],4,-1,18,-1,4
1,<environment.Job instance at 0x7f3bd4091aa0>,5,15,[ 5 14],6,-1,21,-1,6
1,<environment.Job instance at 0x7f3bd3e2deb0>,7,18,[ 1 14],8,-1,26,-1,8
1,<environment.Job instance at 0x7f3bd40913c0>,8,16,[12  4],9,-1,25,-1,9
1,<environment.Job instance at 0x7f3bd4091960>,10,24,[ 3 12],11,-1,35,-1,11
1,<environment.Job instance at 0x7f3bd4724dc0>,16,22,[ 5 14],17,-1,57,-1,35
1,<environment.Job instance at 0x7f3bd4724410>,21,14,[ 2 13],22,-1,93,-1,79
1,<environment.Job instance at 0x7f3bd4724fa0>,22,23,[ 3 14],23,-1,102,-1,79
1,<environment.Job instance at 0x7f3bd3e2da00>,1,19,[ 2 14],2,-1,21,-1,2
1,<environment.Job instance at 0x7f3bd44548c0>,2,24,[ 2 14],3,-1,27,-1,3
1,<environment.Job instance at 0x7f3bd4454280>,3,28,[12  4],4,-1,32,-1,4
1,<environment.Job instance at 0x7f3bd4454050>,6,25,[14  5],7,-1,32,-1,7
1,<environment.Job instance at 0x7f3bd476aeb0>,11,28,[4 5],12,-1,40,-1,12
1,<environment.Job instance at 0x7f3bd476a230>,14,23,[10  5],15,-1,64,-1,41
1,<environment.Job instance at 0x7f3bd476a960>,15,13,[13  4],16,-1,54,-1,41
1,<environment.Job instance at 0x7f3bd476a4b0>,17,16,[ 5 14],18,-1,59,-1,43
1,<environment.Job instance at 0x7f3bd4ef66e0>,21,21,[12  1],22,-1,96,-1,75
1,<environment.Job instance at 0x7f3bd4ef6230>,23,16,[11  3],24,-1,100,-1,84
1,<environment.Job instance at 0x7f3bd4ef6730>,25,18,[11  2],26,-1,104,-1,86
1,<environment.Job instance at 0x7f3bd4ef6820>,26,16,[ 4 13],27,-1,102,-1,86
1,<environment.Job instance at 0x7f3bd4ef6280>,27,17,[11  3],28,-1,104,-1,87
1,<environment.Job instance at 0x7f3bd4ef65f0>,28,23,[11  2],29,-1,110,-1,87
1,<environment.Job instance at 0x7f3bd4ef6f00>,30,20,[13  2],31,-1,111,-1,91
1,<environment.Job instance at 0x7f3bd3ec5140>,33,26,[3 8],34,-1,124,-1,98
1,<environment.Job instance at 0x7f3bd3ec55a0>,34,18,[14  4],35,-1,116,-1,98
1,<environment.Job instance at 0x7f3bd4df82d0>,1,21,[ 4 13],2,-1,23,-1,2
1,<environment.Job instance at 0x7f3bd4df8d70>,3,23,[ 5 11],4,-1,27,-1,4
1,<environment.Job instance at 0x7f3bd4df8f00>,4,26,[ 5 11],5,-1,31,-1,5
1,<environment.Job instance at 0x7f3bd4df8c30>,9,22,[ 2 11],10,-1,38,-1,16
1,<environment.Job instance at 0x7f3bd4df80f0>,10,14,[8 2],11,-1,30,-1,16
1,<environment.Job instance at 0x7f3bd4df87d0>,12,12,[ 4 14],13,-1,30,-1,18
1,<environment.Job instance at 0x7f3bd4df8c80>,14,18,[14  1],15,-1,47,-1,29
1,<environment.Job instance at 0x7f3bd4df8820>,15,13,[4 6],16,-1,42,-1,29
1,<environment.Job instance at 0x7f3bd4df8960>,16,15,[12  1],17,-1,44,-1,29
1,<environment.Job instance at 0x7f3bd4df8320>,17,13,[ 5 12],18,-1,42,-1,29
1,<environment.Job instance at 0x7f3bd451aeb0>,18,28,[14  2],19,-1,57,-1,29
1,<environment.Job instance at 0x7f3bd451ac80>,20,15,[ 5 11],21,-1,45,-1,30
1,<environment.Job instance at 0x7f3bd451a460>,21,20,[ 3 11],22,-1,50,-1,30
1,<environment.Job instance at 0x7f3bd451a6e0>,22,28,[9 4],23,-1,58,-1,30
1,<environment.Job instance at 0x7f3bd451a2d0>,23,16,[3 5],24,-1,46,-1,30
1,<environment.Job instance at 0x7f3bd451aa00>,24,27,[ 3 13],25,-1,57,-1,30
1,<environment.Job instance at 0x7f3bd451aaa0>,25,23,[6 2],26,-1,53,-1,30
1,<environment.Job instance at 0x7f3bd451acd0>,26,22,[ 1 13],27,-1,52,-1,30
1,<environment.Job instance at 0x7f3bd451a8c0>,27,13,[14  2],28,-1,43,-1,30
1,<environment.Job instance at 0x7f3bd451a640>,29,24,[ 3 13],30,-1,77,-1,53
1,<environment.Job instance at 0x7f3bd451abe0>,31,28,[11  3],32,-1,93,-1,65
1,<environment.Job instance at 0x7f3bd4c69a50>,32,24,[1 5],33,-1,89,-1,65
1,<environment.Job instance at 0x7f3bd4c69820>,35,24,[7 4],36,-1,110,-1,86
1,<environment.Job instance at 0x7f3bd4c69500>,36,19,[ 5 13],37,-1,105,-1,86
1,<environment.Job instance at 0x7f3bd51680f0>,1,16,[ 1 12],2,-1,18,-1,2
1,<environment.Job instance at 0x7f3bd3e3ca00>,2,28,[10  5],3,-1,31,-1,3
1,<environment.Job instance at 0x7f3bd3e3c370>,3,25,[8 4],4,-1,29,-1,4
1,<environment.Job instance at 0x7f3bd41dce10>,5,18,[ 1 12],6,-1,24,-1,6
1,<environment.Job instance at 0x7f3bd41dc320>,7,14,[12  5],8,-1,22,-1,8
1,<environment.Job instance at 0x7f3bd4998550>,14,12,[ 4 13],15,-1,51,-1,39
1,<environment.Job instance at 0x7f3bd3fd35f0>,19,13,[ 4 13],20,-1,71,-1,58
1,<environment.Job instance at 0x7f3bd40c3d70>,20,17,[11  2],21,-1,89,-1,72
1,<environment.Job instance at 0x7f3bd45b3d20>,22,25,[ 3 12],23,-1,97,-1,72
1,<environment.Job instance at 0x7f3bd46a7280>,23,13,[14  2],24,-1,85,-1,72
1,<environment.Job instance at 0x7f3bd45b3320>,24,12,[ 4 14],25,-1,84,-1,72
1,<environment.Job instance at 0x7f3bd45b3af0>,25,26,[14  4],26,-1,98,-1,72
1,<environment.Job instance at 0x7f3bd45b37d0>,26,23,[14  4],27,-1,95,-1,72
1,<environment.Job instance at 0x7f3bd45b3460>,27,26,[12  4],28,-1,98,-1,72
1,<environment.Job instance at 0x7f3bd45b3910>,28,23,[ 2 12],29,-1,95,-1,72
1,<environment.Job instance at 0x7f3bd45b3aa0>,31,13,[ 4 13],32,-1,101,-1,88
1,<environment.Job instance at 0x7f3bd4f6d780>,2,20,[ 2 13],3,-1,23,-1,3
1,<environment.Job instance at 0x7f3bd3c12910>,16,28,[ 3 11],17,-1,107,-1,79
1,<environment.Job instance at 0x7f3bd3c12780>,17,12,[ 5 14],18,-1,91,-1,79
1,<environment.Job instance at 0x7f3bd3942aa0>,18,26,[14  5],19,-1,105,-1,79
1,<environment.Job instance at 0x7f3bd3942e10>,19,20,[ 3 13],20,-1,99,-1,79
1,<environment.Job instance at 0x7f3bd3942fa0>,20,23,[7 2],21,-1,116,-1,93
1,<environment.Job instance at 0x7f3bd3942be0>,23,25,[7 5],24,-1,118,-1,93
1,<environment.Job instance at 0x7f3bd3942e60>,24,22,[13  5],25,-1,115,-1,93
1,<environment.Job instance at 0x7f3bd3d17050>,26,18,[13  1],27,-1,111,-1,93
1,<environment.Job instance at 0x7f3bd51110f0>,27,17,[ 2 13],28,-1,110,-1,93
1,<environment.Job instance at 0x7f3bd3d17410>,28,26,[7 2],29,-1,119,-1,93
1,<environment.Job instance at 0x7f3bd3d545a0>,29,24,[ 3 14],30,-1,117,-1,93
1,<environment.Job instance at 0x7f3bdd906f00>,30,12,[ 3 10],31,-1,105,-1,93
1,<environment.Job instance at 0x7f3bd3d54640>,31,26,[5 5],32,-1,119,-1,93
1,<environment.Job instance at 0x7f3bd42b7d20>,32,15,[ 5 14],33,-1,108,-1,93
1,<environment.Job instance at 0x7f3bd44775a0>,33,27,[ 5 14],34,-1,120,-1,93
1,<environment.Job instance at 0x7f3bd42d6780>,34,21,[13  3],35,-1,114,-1,93
1,<environment.Job instance at 0x7f3bd5021690>,35,28,[10  4],36,-1,121,-1,93
1,<environment.Job instance at 0x7f3bd43af5a0>,36,25,[8 2],37,-1,118,-1,93
1,<environment.Job instance at 0x7f3bd432d2d0>,2,26,[ 1 10],3,-1,29,-1,3
1,<environment.Job instance at 0x7f3bd432d0f0>,5,18,[ 4 11],6,-1,24,-1,6
1,<environment.Job instance at 0x7f3bd433ba50>,6,25,[3 6],7,-1,32,-1,7
1,<environment.Job instance at 0x7f3bd432d0a0>,8,25,[ 2 14],9,-1,34,-1,9
1,<environment.Job instance at 0x7f3bd433bfa0>,9,12,[ 5 12],10,-1,22,-1,10
1,<environment.Job instance at 0x7f3bd433b230>,10,23,[9 3],11,-1,34,-1,11
1,<environment.Job instance at 0x7f3bd433b0f0>,11,21,[ 2 14],12,-1,33,-1,12
1,<environment.Job instance at 0x7f3bd433b500>,12,18,[13  5],13,-1,31,-1,13
1,<environment.Job instance at 0x7f3bd433b460>,13,20,[ 4 11],14,-1,34,-1,14
1,<environment.Job instance at 0x7f3bd433b4b0>,14,12,[ 4 10],15,-1,28,-1,16
1,<environment.Job instance at 0x7f3bd433b190>,19,15,[13  4],20,-1,35,-1,20
1,<environment.Job instance at 0x7f3bd4346f50>,20,26,[6 1],21,-1,47,-1,21
1,<environment.Job instance at 0x7f3bd4346fa0>,21,12,[13  4],22,-1,34,-1,22
1,<environment.Job instance at 0x7f3bd433b320>,23,23,[5 7],24,-1,54,-1,31
1,<environment.Job instance at 0x7f3bd4346410>,24,15,[ 4 11],25,-1,46,-1,31
1,<environment.Job instance at 0x7f3bd4346870>,25,27,[ 2 11],26,-1,58,-1,31
1,<environment.Job instance at 0x7f3bd4346820>,27,25,[ 5 10],28,-1,58,-1,33
1,<environment.Job instance at 0x7f3bd4346730>,31,13,[13  4],32,-1,67,-1,54
1,<environment.Job instance at 0x7f3bd4346b40>,32,25,[12  2],33,-1,79,-1,54
1,<environment.Job instance at 0x7f3bd4356320>,33,28,[4 9],34,-1,82,-1,54
1,<environment.Job instance at 0x7f3bd43560a0>,34,17,[14  1],35,-1,71,-1,54
1,<environment.Job instance at 0x7f3bd4356190>,35,19,[11  4],36,-1,73,-1,54
1,<environment.Job instance at 0x7f3bd4356a50>,36,23,[ 1 13],37,-1,77,-1,54
1,<environment.Job instance at 0x7f3bd43565a0>,37,25,[ 4 14],38,-1,79,-1,54
1,<environment.Job instance at 0x7f3bd43567d0>,38,12,[12  3],39,-1,66,-1,54
1,<environment.Job instance at 0x7f3bd43568c0>,39,13,[13  5],40,-1,67,-1,54
1,<environment.Job instance at 0x7f3bd4356780>,40,24,[9 1],41,-1,78,-1,54
1,<environment.Job instance at 0x7f3bd43563c0>,41,16,[ 3 14],42,-1,70,-1,54
1,<environment.Job instance at 0x7f3bd4356870>,42,22,[1 8],43,-1,82,-1,60
1,<environment.Job instance at 0x7f3bd4dfecd0>,45,18,[13  4],46,-1,87,-1,69
1,<environment.Job instance at 0x7f3bd3fcb7d0>,46,24,[12  2],47,-1,93,-1,69
1,<environment.Job instance at 0x7f3bd4e8ab90>,47,12,[ 2 12],48,-1,81,-1,69
1,<environment.Job instance at 0x7f3bd4a81370>,1,28,[10  3],2,-1,30,-1,2
1,<environment.Job instance at 0x7f3bd3cbd690>,6,28,[ 5 13],7,-1,35,-1,7
1,<environment.Job instance at 0x7f3bd3cbd730>,5,15,[ 1 10],6,-1,23,-1,8
1,<environment.Job instance at 0x7f3bd4d61500>,11,28,[ 2 11],12,-1,41,-1,13
1,<environment.Job instance at 0x7f3bd4d61af0>,12,23,[5 5],13,-1,40,-1,17
1,<environment.Job instance at 0x7f3bdd93af00>,13,12,[11  3],14,-1,29,-1,17
1,<environment.Job instance at 0x7f3bdd8ab190>,14,26,[ 4 12],15,-1,43,-1,17
1,<environment.Job instance at 0x7f3bd4ae8960>,15,12,[ 4 12],16,-1,29,-1,17
1,<environment.Job instance at 0x7f3bdd93ac80>,16,24,[5 2],17,-1,42,-1,18
1,<environment.Job instance at 0x7f3bdd8abeb0>,17,18,[14  4],18,-1,36,-1,18
1,<environment.Job instance at 0x7f3bd4defc80>,18,12,[11  2],19,-1,31,-1,19
1,<environment.Job instance at 0x7f3bd4def320>,19,15,[ 2 12],20,-1,35,-1,20
1,<environment.Job instance at 0x7f3bd4def0f0>,21,28,[13  2],22,-1,50,-1,22
1,<environment.Job instance at 0x7f3bd3f18d20>,24,27,[3 6],25,-1,60,-1,33
1,<environment.Job instance at 0x7f3bd4069050>,26,22,[ 4 10],27,-1,70,-1,48
1,<environment.Job instance at 0x7f3bd4069e10>,27,28,[13  2],28,-1,76,-1,48
1,<environment.Job instance at 0x7f3bd3a8e1e0>,29,28,[1 5],30,-1,76,-1,48
1,<environment.Job instance at 0x7f3bd4c1a410>,30,14,[13  2],31,-1,62,-1,48
1,<environment.Job instance at 0x7f3bd4c111e0>,31,13,[11  3],32,-1,61,-1,48
1,<environment.Job instance at 0x7f3bd4469410>,33,24,[ 3 12],34,-1,91,-1,67
1,<environment.Job instance at 0x7f3bd4c1a370>,34,20,[ 5 12],35,-1,87,-1,67
1,<environment.Job instance at 0x7f3bd3d34d70>,38,27,[14  2],39,-1,94,-1,67
1,<environment.Job instance at 0x7f3bd3d34550>,39,17,[ 5 12],40,-1,84,-1,67
1,<environment.Job instance at 0x7f3bd5124d20>,41,24,[11  5],42,-1,108,-1,84
1,<environment.Job instance at 0x7f3bd3f4f2d0>,43,23,[9 3],44,-1,119,-1,96
1,<environment.Job instance at 0x7f3bd51243c0>,45,16,[12  5],46,-1,112,-1,96
1,<environment.Job instance at 0x7f3bd51243c0>,2,24,[5 5],3,-1,27,-1,3
1,<environment.Job instance at 0x7f3bd3d13eb0>,3,15,[ 4 11],4,-1,19,-1,4
1,<environment.Job instance at 0x7f3bd3d13dc0>,4,22,[14  4],5,-1,27,-1,5
1,<environment.Job instance at 0x7f3bd3cbf230>,6,23,[12  1],7,-1,30,-1,7
1,<environment.Job instance at 0x7f3bd3cec190>,7,28,[3 8],8,-1,36,-1,8
1,<environment.Job instance at 0x7f3bd3cec050>,8,16,[ 4 14],9,-1,25,-1,9
1,<environment.Job instance at 0x7f3bd3cec2d0>,9,21,[ 4 10],10,-1,31,-1,10
1,<environment.Job instance at 0x7f3bd3cec370>,10,16,[ 2 12],11,-1,27,-1,11
1,<environment.Job instance at 0x7f3bd3cec3c0>,11,17,[13  4],12,-1,29,-1,12
1,<environment.Job instance at 0x7f3bd3cec640>,14,13,[ 2 12],15,-1,28,-1,15
1,<environment.Job instance at 0x7f3bd3cec730>,15,18,[14  4],16,-1,34,-1,16
1,<environment.Job instance at 0x7f3bd3ceca00>,20,26,[ 5 13],21,-1,47,-1,21
1,<environment.Job instance at 0x7f3bd3cecb40>,21,16,[ 2 12],22,-1,38,-1,22
1,<environment.Job instance at 0x7f3bd3cecaf0>,22,23,[7 2],23,-1,46,-1,23
1,<environment.Job instance at 0x7f3bd3cecc30>,23,24,[10  3],24,-1,48,-1,24
1,<environment.Job instance at 0x7f3bd3ceccd0>,24,25,[1 9],25,-1,50,-1,25
1,<environment.Job instance at 0x7f3bd3cecd70>,25,25,[11  1],26,-1,51,-1,26
1,<environment.Job instance at 0x7f3bd3cece10>,26,25,[6 4],27,-1,52,-1,27
1,<environment.Job instance at 0x7f3bd3ceceb0>,27,26,[2 9],28,-1,54,-1,28
1,<environment.Job instance at 0x7f3bd3cecf50>,28,26,[5 5],29,-1,55,-1,29
1,<environment.Job instance at 0x7f3bd3cfd050>,29,21,[13  1],30,-1,51,-1,30
1,<environment.Job instance at 0x7f3bd3cfd190>,31,22,[12  5],32,-1,54,-1,32
1,<environment.Job instance at 0x7f3bd3cfd4b0>,34,23,[10  4],35,-1,63,-1,40
1,<environment.Job instance at 0x7f3bd3cfd640>,35,25,[6 5],36,-1,65,-1,40
1,<environment.Job instance at 0x7f3bd3cfd5f0>,36,19,[ 3 12],37,-1,59,-1,40
1,<environment.Job instance at 0x7f3bd3cfd3c0>,37,25,[ 2 10],38,-1,65,-1,40
1,<environment.Job instance at 0x7f3bd3cfd6e0>,38,21,[13  4],39,-1,61,-1,40
1,<environment.Job instance at 0x7f3bd3cfd870>,43,27,[ 3 13],44,-1,122,-1,95
1,<environment.Job instance at 0x7f3bd3cfd780>,39,21,[8 2],40,-1,116,-1,95
1,<environment.Job instance at 0x7f3bd3cfdaf0>,45,26,[6 1],46,-1,121,-1,95
1,<environment.Job instance at 0x7f3bd3cfdb90>,46,12,[9 5],47,-1,107,-1,95
1,<environment.Job instance at 0x7f3bd3cfdc30>,47,21,[ 2 13],48,-1,116,-1,95
1,<environment.Job instance at 0x7f3bd3cfdcd0>,48,22,[12  4],49,-1,117,-1,95
1,<environment.Job instance at 0x7f3bd3cfde10>,50,15,[11  4],51,-1,110,-1,95
1,<environment.Job instance at 0x7f3bd3cfdfa0>,51,13,[ 2 14],52,-1,108,-1,95
1,<environment.Job instance at 0x7f3bd3cfdf00>,52,14,[ 1 10],53,-1,109,-1,95
1,<environment.Job instance at 0x7f3bd3ce2050>,53,26,[14  1],54,-1,121,-1,95
1,<environment.Job instance at 0x7f3bd3ce21e0>,54,16,[ 2 14],55,-1,111,-1,95
1,<environment.Job instance at 0x7f3bd3cfda50>,44,12,[ 2 13],45,-1,107,-1,95
1,<environment.Job instance at 0x7f3bd3cfbf50>,1,17,[ 5 12],2,-1,19,-1,2
1,<environment.Job instance at 0x7f3bd418e690>,3,21,[12  2],4,-1,25,-1,4
1,<environment.Job instance at 0x7f3bd418e4b0>,5,23,[ 3 13],6,-1,29,-1,6
1,<environment.Job instance at 0x7f3bd418e960>,10,20,[ 5 12],11,-1,36,-1,16
1,<environment.Job instance at 0x7f3bd418e410>,11,24,[9 4],12,-1,40,-1,16
1,<environment.Job instance at 0x7f3bd418e320>,12,26,[5 5],13,-1,42,-1,16
1,<environment.Job instance at 0x7f3bd418ec30>,16,18,[12  1],17,-1,48,-1,30
1,<environment.Job instance at 0x7f3bd418e910>,17,14,[ 4 14],18,-1,44,-1,30
1,<environment.Job instance at 0x7f3bd418e2d0>,19,23,[9 1],20,-1,69,-1,46
1,<environment.Job instance at 0x7f3bd418ebe0>,20,12,[13  2],21,-1,58,-1,46
1,<environment.Job instance at 0x7f3bd3cdd640>,21,15,[14  4],22,-1,61,-1,46
1,<environment.Job instance at 0x7f3bd3cdddc0>,23,17,[14  4],24,-1,63,-1,46
1,<environment.Job instance at 0x7f3bd3cdde60>,25,16,[12  2],26,-1,64,-1,48
1,<environment.Job instance at 0x7f3bd3cddf00>,26,13,[ 4 14],27,-1,61,-1,48
1,<environment.Job instance at 0x7f3bd3cdd0a0>,29,13,[14  3],30,-1,82,-1,69
1,<environment.Job instance at 0x7f3bd3cddb40>,31,28,[12  2],32,-1,97,-1,69
1,<environment.Job instance at 0x7f3bd3cdd8c0>,32,24,[12  5],33,-1,93,-1,69
1,<environment.Job instance at 0x7f3bd3cdd7d0>,34,12,[11  5],35,-1,91,-1,79
1,<environment.Job instance at 0x7f3bd3d64c80>,5,28,[ 4 11],6,-1,34,-1,6
1,<environment.Job instance at 0x7f3bd3d643c0>,9,12,[14  5],10,-1,22,-1,10
1,<environment.Job instance at 0x7f3bd3d64b90>,10,27,[10  1],11,-1,38,-1,11
1,<environment.Job instance at 0x7f3bd52ec910>,12,18,[ 5 12],13,-1,33,-1,15
1,<environment.Job instance at 0x7f3bd52ec5a0>,13,25,[11  3],14,-1,40,-1,15
1,<environment.Job instance at 0x7f3bd52ec050>,14,16,[ 4 12],15,-1,31,-1,15
1,<environment.Job instance at 0x7f3bd52ecc80>,15,20,[ 5 11],16,-1,36,-1,16
1,<environment.Job instance at 0x7f3bd3fc58c0>,16,23,[12  5],17,-1,40,-1,17
1,<environment.Job instance at 0x7f3bd3fc56e0>,17,26,[12  3],18,-1,44,-1,18
1,<environment.Job instance at 0x7f3bd52ec320>,19,26,[ 3 13],20,-1,52,-1,26
1,<environment.Job instance at 0x7f3bd3fc5be0>,20,23,[2 7],21,-1,56,-1,33
1,<environment.Job instance at 0x7f3bd3fc5a50>,21,19,[14  5],22,-1,52,-1,33
1,<environment.Job instance at 0x7f3bd3fc5b90>,23,20,[ 4 13],24,-1,63,-1,43
1,<environment.Job instance at 0x7f3bd3fc5e60>,24,28,[12  1],25,-1,71,-1,43
1,<environment.Job instance at 0x7f3bd3fc5690>,26,13,[14  2],27,-1,70,-1,57
1,<environment.Job instance at 0x7f3bd3fc53c0>,29,26,[11  5],30,-1,116,-1,90
1,<environment.Job instance at 0x7f3bd3fc5910>,30,21,[13  3],31,-1,111,-1,90
1,<environment.Job instance at 0x7f3bd3fc5f00>,31,27,[13  4],32,-1,117,-1,90
1,<environment.Job instance at 0x7f3bd3fc5870>,32,24,[8 1],33,-1,114,-1,90
1,<environment.Job instance at 0x7f3bd3fc5e10>,34,14,[ 3 14],35,-1,104,-1,90
1,<environment.Job instance at 0x7f3bd46498c0>,36,20,[ 4 13],37,-1,116,-1,96
1,<environment.Job instance at 0x7f3bd4649910>,37,12,[14  3],38,-1,108,-1,96
1,<environment.Job instance at 0x7f3bd4649820>,38,26,[5 1],39,-1,122,-1,96
1,<environment.Job instance at 0x7f3bd4649aa0>,39,21,[13  1],40,-1,117,-1,96
1,<environment.Job instance at 0x7f5c351ac550>,4,24,[7 2],5,-1,29,-1,5
1,<environment.Job instance at 0x7f5c351ac690>,5,24,[ 2 14],6,-1,30,-1,6
1,<environment.Job instance at 0x7f5c351ac730>,6,15,[ 2 14],7,-1,22,-1,7
1,<environment.Job instance at 0x7f5c351ac460>,3,13,[12  4],4,-1,20,-1,7
1,<environment.Job instance at 0x7f5c351ac640>,7,26,[9 3],8,-1,34,-1,8
1,<environment.Job instance at 0x7f5c351ac870>,8,20,[ 4 13],9,-1,29,-1,9
1,<environment.Job instance at 0x7f5c351ac910>,9,16,[12  1],10,-1,28,-1,12
1,<environment.Job instance at 0x7f5c351acbe0>,12,28,[ 1 14],13,-1,41,-1,13
1,<environment.Job instance at 0x7f5c351acb40>,14,15,[14  4],15,-1,30,-1,15
1,<environment.Job instance at 0x7f5c351acdc0>,15,20,[ 3 12],16,-1,36,-1,16
1,<environment.Job instance at 0x7f5c351ace60>,16,28,[5 1],17,-1,46,-1,18
1,<environment.Job instance at 0x7f5c351acf50>,18,18,[13  1],19,-1,37,-1,19
1,<environment.Job instance at 0x7f5c351af050>,19,23,[8 4],20,-1,44,-1,21
1,<environment.Job instance at 0x7f5c351af190>,21,14,[ 4 11],22,-1,36,-1,22
1,<environment.Job instance at 0x7f5c351af2d0>,23,16,[12  2],24,-1,40,-1,24
1,<environment.Job instance at 0x7f5c351af320>,25,24,[5 7],26,-1,53,-1,29
1,<environment.Job instance at 0x7f5c351af550>,27,17,[ 4 12],28,-1,46,-1,29
1,<environment.Job instance at 0x7f5c351af5f0>,28,17,[ 1 13],29,-1,46,-1,29
1,<environment.Job instance at 0x7f5c351af730>,29,24,[ 4 13],30,-1,54,-1,30
1,<environment.Job instance at 0x7f5c351af870>,30,26,[11  4],31,-1,57,-1,31
1,<environment.Job instance at 0x7f5c351af8c0>,31,28,[ 2 10],32,-1,60,-1,32
1,<environment.Job instance at 0x7f5c351afa50>,33,28,[6 4],34,-1,74,-1,46
1,<environment.Job instance at 0x7f5c351afaf0>,34,24,[5 5],35,-1,70,-1,46
1,<environment.Job instance at 0x7f5c351afcd0>,37,14,[ 5 14],38,-1,80,-1,66
1,<environment.Job instance at 0x7f5c351afd70>,38,24,[13  2],39,-1,90,-1,66
1,<environment.Job instance at 0x7f5c351afeb0>,40,26,[ 1 14],41,-1,110,-1,84
1,<environment.Job instance at 0x7f5c351aff50>,41,12,[8 3],42,-1,97,-1,85
1,<environment.Job instance at 0x7f5c351afa00>,42,12,[ 5 12],43,-1,97,-1,85
1,<environment.Job instance at 0x7f5c351b2190>,44,12,[11  3],45,-1,97,-1,85
1,<environment.Job instance at 0x7f5c351b2230>,45,12,[ 3 14],46,-1,97,-1,85
1,<environment.Job instance at 0x7f5c351b2460>,47,14,[12  2],48,-1,100,-1,86
1,<environment.Job instance at 0x7f5c351b2140>,48,14,[ 1 11],49,-1,100,-1,86
1,<environment.Job instance at 0x7f5c351b2550>,50,13,[ 4 12],51,-1,110,-1,97
1,<environment.Job instance at 0x7f5c351b2690>,52,21,[14  2],53,-1,120,-1,99
1,<environment.Job instance at 0x7f5c355ef370>,7,26,[5 4],8,-1,34,-1,8
1,<environment.Job instance at 0x7f5c355ef4b0>,10,17,[ 4 12],11,-1,37,-1,20
1,<environment.Job instance at 0x7f5c355ef410>,11,27,[ 4 11],12,-1,47,-1,20
1,<environment.Job instance at 0x7f5c355efd70>,13,26,[5 2],14,-1,58,-1,32
1,<environment.Job instance at 0x7f5c356422d0>,14,18,[13  5],15,-1,50,-1,32
1,<environment.Job instance at 0x7f5c34817f00>,2,25,[4 8],3,-1,28,-1,3
1,<environment.Job instance at 0x7f5c348177d0>,3,25,[11  3],4,-1,29,-1,4
1,<environment.Job instance at 0x7f5c34817230>,4,15,[14  2],5,-1,20,-1,5
1,<environment.Job instance at 0x7f5c348178c0>,5,18,[11  1],6,-1,24,-1,6
1,<environment.Job instance at 0x7f5c34817cd0>,7,17,[12  1],8,-1,25,-1,8
1,<environment.Job instance at 0x7f5c34817c30>,8,20,[12  2],9,-1,29,-1,9
1,<environment.Job instance at 0x7f5c34817460>,15,14,[ 1 13],16,-1,68,-1,54
1,<environment.Job instance at 0x7f5c34817190>,18,19,[13  1],19,-1,86,-1,67
1,<environment.Job instance at 0x7f5c3489aa00>,19,20,[ 1 12],20,-1,87,-1,67
1,<environment.Job instance at 0x7f5c3489a5a0>,21,24,[7 2],22,-1,91,-1,67
1,<environment.Job instance at 0x7f5c3489a690>,22,13,[ 5 11],23,-1,80,-1,67
1,<environment.Job instance at 0x7f5c3489a8c0>,23,13,[14  1],24,-1,80,-1,67
1,<environment.Job instance at 0x7f5c3489a230>,24,12,[ 5 12],25,-1,79,-1,67
1,<environment.Job instance at 0x7f5c3489abe0>,27,27,[6 1],28,-1,107,-1,80
1,<environment.Job instance at 0x7f5c3489a910>,28,27,[ 4 13],29,-1,107,-1,80
1,<environment.Job instance at 0x7f5c3489ac80>,29,14,[12  3],30,-1,94,-1,80
1,<environment.Job instance at 0x7f5c3489a4b0>,30,27,[11  1],31,-1,107,-1,80
1,<environment.Job instance at 0x7f5c3489a3c0>,31,24,[6 2],32,-1,104,-1,80
1,<environment.Job instance at 0x7f5c3489aa50>,34,23,[1 8],35,-1,119,-1,96
1,<environment.Job instance at 0x7f5c3489ae60>,35,27,[ 5 14],36,-1,123,-1,96
1,<environment.Job instance at 0x7f5c3489adc0>,37,27,[5 1],38,-1,134,-1,107
1,<environment.Job instance at 0x7f5c3489a730>,38,26,[ 2 13],39,-1,133,-1,107
1,<environment.Job instance at 0x7f5c3489ab40>,39,28,[14  4],40,-1,135,-1,107
1,<environment.Job instance at 0x7f5c3489ab90>,40,27,[3 9],41,-1,134,-1,107
1,<environment.Job instance at 0x7f5c3489a0f0>,41,20,[ 4 11],42,-1,127,-1,107
1,<environment.Job instance at 0x7f5c34861a00>,42,15,[14  1],43,-1,122,-1,107
1,<environment.Job instance at 0x7f5c34b1a870>,1,27,[4 6],2,-1,29,-1,2
1,<environment.Job instance at 0x7f5c358e1190>,7,28,[11  5],8,-1,36,-1,8
1,<environment.Job instance at 0x7f5c34d8ba00>,8,25,[14  5],9,-1,34,-1,9
1,<environment.Job instance at 0x7f5c34d47e10>,9,26,[14  1],10,-1,36,-1,10
1,<environment.Job instance at 0x7f5c34d473c0>,10,17,[12  2],11,-1,28,-1,11
1,<environment.Job instance at 0x7f5c34d47820>,11,26,[6 2],12,-1,39,-1,13
1,<environment.Job instance at 0x7f5c34be1500>,15,21,[ 4 14],16,-1,44,-1,23
1,<environment.Job instance at 0x7f5c34be1af0>,16,28,[5 6],17,-1,51,-1,23
1,<environment.Job instance at 0x7f5c34e85fa0>,17,20,[ 2 11],18,-1,43,-1,23
1,<environment.Job instance at 0x7f5c34be1eb0>,18,13,[12  1],19,-1,36,-1,23
1,<environment.Job instance at 0x7f5c3510f960>,19,12,[14  3],20,-1,35,-1,23
1,<environment.Job instance at 0x7f5c3510f4b0>,20,23,[ 4 11],21,-1,46,-1,23
1,<environment.Job instance at 0x7f5c34be1d20>,21,14,[ 2 14],22,-1,37,-1,23
1,<environment.Job instance at 0x7f5c34ce7be0>,22,27,[1 8],23,-1,50,-1,23
1,<environment.Job instance at 0x7f5c34ce7a00>,23,26,[7 4],24,-1,50,-1,24
1,<environment.Job instance at 0x7f5c34ce7820>,24,20,[14  3],25,-1,45,-1,25
1,<environment.Job instance at 0x7f5c34ce70f0>,25,25,[5 2],26,-1,51,-1,26
1,<environment.Job instance at 0x7f5c34d38460>,26,24,[6 3],27,-1,51,-1,27
1,<environment.Job instance at 0x7f5c348f2b90>,27,25,[ 2 14],28,-1,53,-1,28
1,<environment.Job instance at 0x7f5c349c1be0>,30,28,[8 2],31,-1,65,-1,37
1,<environment.Job instance at 0x7f5c35225c80>,31,26,[14  3],32,-1,63,-1,37
1,<environment.Job instance at 0x7f5c348729b0>,32,27,[12  1],33,-1,64,-1,37
1,<environment.Job instance at 0x7f5c35225910>,33,27,[ 3 11],34,-1,64,-1,37
1,<environment.Job instance at 0x7f5c349c1d20>,34,15,[ 3 13],35,-1,52,-1,37
1,<environment.Job instance at 0x7f5c34c52730>,35,21,[ 5 12],36,-1,58,-1,37
1,<environment.Job instance at 0x7f5c34c52050>,36,21,[ 5 10],37,-1,107,-1,86
1,<environment.Job instance at 0x7f5c3486ff50>,42,24,[6 4],43,-1,110,-1,86
1,<environment.Job instance at 0x7f5c3486feb0>,43,19,[ 2 11],44,-1,105,-1,86
1,<environment.Job instance at 0x7f5c34e31550>,44,23,[13  3],45,-1,109,-1,86
1,<environment.Job instance at 0x7f5c3e923a50>,46,20,[7 1],47,-1,106,-1,86
1,<environment.Job instance at 0x7f5c3e923f00>,47,25,[4 9],48,-1,111,-1,86
1,<environment.Job instance at 0x7f5c3e923a00>,48,26,[6 1],49,-1,112,-1,86
1,<environment.Job instance at 0x7f5c3e923fa0>,49,28,[5 9],50,-1,114,-1,86
1,<environment.Job instance at 0x7f5c3e923280>,50,24,[4 8],51,-1,110,-1,86
1,<environment.Job instance at 0x7f5c3e923820>,52,23,[10  5],53,-1,125,-1,102
1,<environment.Job instance at 0x7f5c3488fd70>,53,24,[12  1],54,-1,126,-1,102
1,<environment.Job instance at 0x7f5c3488f730>,54,17,[12  4],55,-1,119,-1,102
1,<environment.Job instance at 0x7f5c3488ff00>,56,27,[13  3],57,-1,130,-1,103
1,<environment.Job instance at 0x7f5c355b3a50>,2,18,[ 2 13],3,-1,21,-1,3
1,<environment.Job instance at 0x7f5c355b3eb0>,4,27,[ 1 12],5,-1,32,-1,5
1,<environment.Job instance at 0x7f5c355b3af0>,5,15,[13  4],6,-1,21,-1,6
1,<environment.Job instance at 0x7f5c355b3f50>,6,24,[ 4 14],7,-1,31,-1,7
1,<environment.Job instance at 0x7f5c355aedc0>,13,26,[10  3],14,-1,62,-1,36
1,<environment.Job instance at 0x7f5c355aed20>,14,17,[14  3],15,-1,53,-1,36
1,<environment.Job instance at 0x7f5c355aeaa0>,18,22,[ 4 12],19,-1,72,-1,50
1,<environment.Job instance at 0x7f5c355aefa0>,19,25,[8 2],20,-1,75,-1,50
1,<environment.Job instance at 0x7f5c355d3190>,21,27,[6 4],22,-1,80,-1,53
1,<environment.Job instance at 0x7f5c355c8640>,25,12,[12  2],26,-1,97,-1,85
1,<environment.Job instance at 0x7f5c355c8eb0>,26,12,[14  2],27,-1,97,-1,85
1,<environment.Job instance at 0x7f5c355c8280>,28,13,[14  5],29,-1,114,-1,101
1,<environment.Job instance at 0x7f5c355c8b90>,29,25,[13  3],30,-1,126,-1,101
1,<environment.Job instance at 0x7f5c355c8d20>,30,14,[ 1 14],31,-1,115,-1,101
1,<environment.Job instance at 0x7f5c355b5870>,32,12,[ 2 13],33,-1,113,-1,101
1,<environment.Job instance at 0x7f5c355b5410>,33,22,[13  3],34,-1,123,-1,101
1,<environment.Job instance at 0x7f5c347eb0a0>,5,22,[ 5 13],6,-1,28,-1,6
1,<environment.Job instance at 0x7f5c347eb5a0>,6,12,[ 3 11],7,-1,19,-1,7
1,<environment.Job instance at 0x7f5c347eb690>,7,27,[11  2],8,-1,35,-1,8
1,<environment.Job instance at 0x7f5c347eb190>,14,27,[12  1],15,-1,63,-1,36
1,<environment.Job instance at 0x7f5c34efc8c0>,15,18,[14  5],16,-1,54,-1,36
1,<environment.Job instance at 0x7f5c34efca50>,16,13,[ 5 11],17,-1,49,-1,36
1,<environment.Job instance at 0x7f5c34efc550>,17,27,[12  2],18,-1,63,-1,36
1,<environment.Job instance at 0x7f5c34efcfa0>,18,13,[10  1],19,-1,49,-1,36
1,<environment.Job instance at 0x7f5c34efcf00>,19,27,[5 1],20,-1,63,-1,36
1,<environment.Job instance at 0x7f5c34efc140>,20,28,[ 5 10],21,-1,64,-1,36
1,<environment.Job instance at 0x7f5c34efc960>,21,27,[11  5],22,-1,63,-1,36
1,<environment.Job instance at 0x7f5c34efc190>,22,23,[14  5],23,-1,59,-1,36
1,<environment.Job instance at 0x7f5c34efc370>,23,16,[12  4],24,-1,52,-1,36
1,<environment.Job instance at 0x7f5c34efce10>,24,18,[ 1 10],25,-1,55,-1,37
1,<environment.Job instance at 0x7f5c34efc500>,26,20,[ 5 12],27,-1,57,-1,37
1,<environment.Job instance at 0x7f5c34efc460>,27,28,[12  4],28,-1,65,-1,37
1,<environment.Job instance at 0x7f5c34efc780>,28,16,[ 1 14],29,-1,53,-1,37
1,<environment.Job instance at 0x7f5c34efcaa0>,29,14,[1 7],30,-1,51,-1,37
1,<environment.Job instance at 0x7f5c34efc6e0>,31,28,[13  3],32,-1,79,-1,51
1,<environment.Job instance at 0x7f5c34efcc30>,32,22,[ 3 11],33,-1,73,-1,51
1,<environment.Job instance at 0x7f5c34efc230>,33,21,[ 2 13],34,-1,72,-1,51
1,<environment.Job instance at 0x7f5c34efc910>,34,22,[10  2],35,-1,73,-1,51
1,<environment.Job instance at 0x7f5c34efc4b0>,35,26,[13  3],36,-1,77,-1,51
1,<environment.Job instance at 0x7f5c34efccd0>,36,24,[8 2],37,-1,75,-1,51
1,<environment.Job instance at 0x7f5c34b4ba00>,38,12,[11  1],39,-1,64,-1,52
1,<environment.Job instance at 0x7f5c34b4bd70>,39,17,[11  3],40,-1,69,-1,52
1,<environment.Job instance at 0x7f5c34b4be10>,40,16,[12  1],41,-1,68,-1,52
1,<environment.Job instance at 0x7f5c34b4ba50>,41,15,[ 4 13],42,-1,67,-1,52
1,<environment.Job instance at 0x7f5c34b4b870>,42,28,[13  1],43,-1,80,-1,52
1,<environment.Job instance at 0x7f5c34b4bc30>,43,24,[ 4 13],44,-1,76,-1,52
1,<environment.Job instance at 0x7f5c34b4bfa0>,44,18,[ 1 11],45,-1,70,-1,52
1,<environment.Job instance at 0x7f5c34b4b280>,45,18,[2 5],46,-1,71,-1,53
1,<environment.Job instance at 0x7f5c34b4b050>,46,14,[12  5],47,-1,67,-1,53
1,<environment.Job instance at 0x7f5c34b4b5a0>,47,21,[13  2],48,-1,74,-1,53
1,<environment.Job instance at 0x7f5c34b4b500>,48,14,[3 9],49,-1,67,-1,53
1,<environment.Job instance at 0x7f5c34b4b4b0>,49,28,[13  2],50,-1,81,-1,53
1,<environment.Job instance at 0x7f5c34b4b780>,50,14,[5 1],51,-1,67,-1,53
1,<environment.Job instance at 0x7f5c34b4bbe0>,51,24,[2 6],52,-1,77,-1,53
1,<environment.Job instance at 0x7f5c34b4b6e0>,52,13,[ 5 12],53,-1,66,-1,53
1,<environment.Job instance at 0x7f5c34b4b230>,53,20,[ 2 11],54,-1,74,-1,54
1,<environment.Job instance at 0x7f5c34eeb050>,55,14,[11  2],56,-1,79,-1,65
1,<environment.Job instance at 0x7f5c34eeb460>,56,21,[ 1 10],57,-1,86,-1,65
1,<environment.Job instance at 0x7f5c34eebc30>,57,25,[3 7],58,-1,90,-1,65
1,<environment.Job instance at 0x7f5c34eeb370>,59,22,[ 4 10],60,-1,88,-1,66
1,<environment.Job instance at 0x7f5c34eebeb0>,60,25,[ 5 14],61,-1,91,-1,66
1,<environment.Job instance at 0x7f5c34eebbe0>,61,17,[ 1 13],62,-1,83,-1,66
1,<environment.Job instance at 0x7f5c34eeb190>,62,16,[ 1 13],63,-1,82,-1,66
1,<environment.Job instance at 0x7f5c34eeb2d0>,63,28,[2 7],64,-1,94,-1,66
1,<environment.Job instance at 0x7f5c34eeb7d0>,65,25,[3 9],66,-1,109,-1,84
1,<environment.Job instance at 0x7f5c34eebf00>,67,13,[ 1 13],68,-1,97,-1,84
1,<environment.Job instance at 0x7f5c34eebe60>,68,28,[3 6],69,-1,112,-1,84
1,<environment.Job instance at 0x7f5c34eeb3c0>,69,12,[ 4 11],70,-1,96,-1,84
1,<environment.Job instance at 0x7f5c34eeb410>,72,22,[ 5 12],73,-1,113,-1,91
1,<environment.Job instance at 0x7f5c34eeb960>,73,17,[13  5],74,-1,108,-1,91
1,<environment.Job instance at 0x7f5c34bf5dc0>,75,13,[12  4],76,-1,110,-1,97
1,<environment.Job instance at 0x7f5c34bf5f50>,76,14,[4 9],77,-1,111,-1,97
1,<environment.Job instance at 0x7f5c355ade60>,1,14,[14  2],2,-1,16,-1,2
1,<environment.Job instance at 0x7f5c35cd3c30>,2,25,[8 5],3,-1,28,-1,3
1,<environment.Job instance at 0x7f5c35cd3460>,4,15,[14  4],5,-1,20,-1,5
1,<environment.Job instance at 0x7f5c34ee7b40>,6,25,[ 2 13],7,-1,32,-1,7
1,<environment.Job instance at 0x7f5c34ee78c0>,7,15,[ 5 12],8,-1,23,-1,8
1,<environment.Job instance at 0x7f5c34ee7730>,8,26,[11  4],9,-1,35,-1,9
1,<environment.Job instance at 0x7f5c34ee7aa0>,9,21,[12  2],10,-1,31,-1,10
1,<environment.Job instance at 0x7f5c34ee7d70>,10,25,[6 2],11,-1,36,-1,11
1,<environment.Job instance at 0x7f5c34ee7d20>,11,23,[5 5],12,-1,35,-1,12
1,<environment.Job instance at 0x7f5c34ee74b0>,13,17,[ 4 12],14,-1,31,-1,14
1,<environment.Job instance at 0x7f5c35cd3730>,15,14,[ 5 13],16,-1,30,-1,16
1,<environment.Job instance at 0x7f5c34ee7960>,14,21,[3 7],15,-1,38,-1,17
1,<environment.Job instance at 0x7f5c34ee7cd0>,17,22,[ 4 13],18,-1,40,-1,18
1,<environment.Job instance at 0x7f5c3585deb0>,19,21,[ 4 14],20,-1,41,-1,20
1,<environment.Job instance at 0x7f5c3585dd20>,21,13,[12  5],22,-1,35,-1,22
1,<environment.Job instance at 0x7f5c351ea730>,22,23,[5 8],23,-1,48,-1,25
1,<environment.Job instance at 0x7f5c34b74af0>,25,28,[11  2],26,-1,54,-1,26
1,<environment.Job instance at 0x7f5c34b74aa0>,26,18,[12  4],27,-1,45,-1,27
1,<environment.Job instance at 0x7f5c34769f00>,31,15,[ 2 12],32,-1,63,-1,48
1,<environment.Job instance at 0x7f5c34769640>,32,24,[ 1 11],33,-1,72,-1,48
1,<environment.Job instance at 0x7f5c34769c80>,35,25,[ 3 14],36,-1,126,-1,101
1,<environment.Job instance at 0x7f5c34769cd0>,37,13,[12  4],38,-1,114,-1,101
1,<environment.Job instance at 0x7f5c34769e10>,38,28,[10  4],39,-1,129,-1,101
1,<environment.Job instance at 0x7f5c34769780>,39,16,[ 4 10],40,-1,117,-1,101
1,<environment.Job instance at 0x7f5c35cc1d70>,41,18,[ 1 12],42,-1,127,-1,109
1,<environment.Job instance at 0x7f5c34769280>,42,24,[6 3],43,-1,133,-1,109
1,<environment.Job instance at 0x7f5c34756550>,43,16,[13  4],44,-1,125,-1,109
1,<environment.Job instance at 0x7f5c34756910>,44,12,[ 5 11],45,-1,121,-1,109
1,<environment.Job instance at 0x7f5c34ed0140>,1,25,[ 1 10],2,-1,27,-1,2
1,<environment.Job instance at 0x7f5c347562d0>,2,20,[ 2 12],3,-1,23,-1,3
1,<environment.Job instance at 0x7f5c3588b0a0>,3,20,[13  1],4,-1,26,-1,6
1,<environment.Job instance at 0x7f5c3588b140>,6,26,[3 7],7,-1,33,-1,7
1,<environment.Job instance at 0x7f5c34b2b050>,8,22,[2 8],9,-1,31,-1,9
1,<environment.Job instance at 0x7f5c34b2baf0>,10,25,[12  2],11,-1,36,-1,11
1,<environment.Job instance at 0x7f5c34b2b320>,11,22,[11  3],12,-1,36,-1,14
1,<environment.Job instance at 0x7f5c34b3b960>,15,28,[12  2],16,-1,44,-1,16
1,<environment.Job instance at 0x7f5c34b3b820>,16,21,[ 4 12],17,-1,38,-1,17
1,<environment.Job instance at 0x7f5c34b3baa0>,17,26,[ 4 12],18,-1,44,-1,18
1,<environment.Job instance at 0x7f5c34b3b5a0>,19,13,[11  2],20,-1,33,-1,20
1,<environment.Job instance at 0x7f5c34b3b500>,20,13,[ 5 13],21,-1,34,-1,21
1,<environment.Job instance at 0x7f5c34b2bb90>,23,23,[ 4 13],24,-1,51,-1,28
1,<environment.Job instance at 0x7f5c34dca6e0>,24,13,[ 5 14],25,-1,41,-1,28
1,<environment.Job instance at 0x7f5c34b14730>,25,22,[5 5],26,-1,60,-1,38
1,<environment.Job instance at 0x7f5c34b143c0>,26,22,[13  1],27,-1,60,-1,38
1,<environment.Job instance at 0x7f5c34b14820>,29,17,[ 5 12],30,-1,83,-1,66
1,<environment.Job instance at 0x7f5c34e3dbe0>,30,23,[8 4],31,-1,121,-1,98
1,<environment.Job instance at 0x7f5c348c39b0>,35,12,[ 5 13],36,-1,110,-1,98
1,<environment.Job instance at 0x7f5c35172a50>,4,18,[13  5],5,-1,23,-1,5
1,<environment.Job instance at 0x7f5c35172230>,5,26,[2 5],6,-1,32,-1,6
1,<environment.Job instance at 0x7f5c35172f50>,10,23,[4 9],11,-1,39,-1,16
1,<environment.Job instance at 0x7f5c35172820>,11,24,[5 2],12,-1,40,-1,16
1,<environment.Job instance at 0x7f5c35172aa0>,13,17,[ 1 14],14,-1,35,-1,18
1,<environment.Job instance at 0x7f5c3587e5f0>,14,25,[ 2 11],15,-1,43,-1,18
1,<environment.Job instance at 0x7f5c3587ebe0>,17,22,[4 8],18,-1,63,-1,41
1,<environment.Job instance at 0x7f5c3587ea50>,20,13,[ 1 12],21,-1,54,-1,41
1,<environment.Job instance at 0x7f5c3587e780>,21,16,[ 2 12],22,-1,57,-1,41
1,<environment.Job instance at 0x7f5c3587e690>,22,27,[ 3 11],23,-1,68,-1,41
1,<environment.Job instance at 0x7f5c3587ed20>,23,21,[ 3 13],24,-1,62,-1,41
1,<environment.Job instance at 0x7f5c3587e8c0>,25,21,[ 4 14],26,-1,65,-1,44
1,<environment.Job instance at 0x7f5c350943c0>,26,13,[14  2],27,-1,57,-1,44
1,<environment.Job instance at 0x7f5c35094460>,27,16,[ 4 14],28,-1,60,-1,44
1,<environment.Job instance at 0x7f5c35094280>,29,14,[13  3],30,-1,68,-1,54
1,<environment.Job instance at 0x7f5c35094140>,30,24,[3 9],31,-1,78,-1,54
1,<environment.Job instance at 0x7f5c35094640>,32,17,[ 3 11],33,-1,85,-1,68
1,<environment.Job instance at 0x7f5c35094370>,3,27,[1 7],4,-1,32,-1,5
1,<environment.Job instance at 0x7f5c34f4fb90>,5,18,[ 3 12],6,-1,24,-1,6
1,<environment.Job instance at 0x7f5c34f4fdc0>,9,15,[ 4 13],10,-1,25,-1,10
1,<environment.Job instance at 0x7f5c34f4f870>,11,25,[9 1],12,-1,44,-1,19
1,<environment.Job instance at 0x7f5c347a3c30>,12,17,[ 5 14],13,-1,36,-1,19
1,<environment.Job instance at 0x7f5c35b7b4b0>,13,14,[13  1],14,-1,33,-1,19
1,<environment.Job instance at 0x7f5c35b7b0a0>,15,15,[ 5 14],16,-1,34,-1,19
1,<environment.Job instance at 0x7f5c35b7b780>,18,16,[12  4],19,-1,74,-1,58
1,<environment.Job instance at 0x7f5c35b7b870>,20,24,[ 3 12],21,-1,96,-1,72
1,<environment.Job instance at 0x7f5c35b7baf0>,23,28,[14  2],24,-1,117,-1,89
1,<environment.Job instance at 0x7f5c35b7bc30>,25,13,[ 5 12],26,-1,102,-1,89
1,<environment.Job instance at 0x7f5c35b7bcd0>,26,22,[ 5 14],27,-1,111,-1,89
1,<environment.Job instance at 0x7f5c35b7bd70>,27,26,[8 5],28,-1,115,-1,89
1,<environment.Job instance at 0x7f5c35b7bfa0>,30,13,[13  5],31,-1,114,-1,101
1,<environment.Job instance at 0x7f5c35b7b1e0>,31,14,[ 2 13],32,-1,115,-1,101
1,<environment.Job instance at 0x7f5c35b7bf50>,32,23,[ 3 14],33,-1,124,-1,101
1,<environment.Job instance at 0x7f5c348a5190>,33,16,[13  3],34,-1,117,-1,101
1,<environment.Job instance at 0x7f5c3e573be0>,1,19,[ 2 14],2,-1,21,-1,2
1,<environment.Job instance at 0x7f5c348a51e0>,2,24,[ 2 14],3,-1,27,-1,3
1,<environment.Job instance at 0x7f5c3e573370>,3,28,[12  4],4,-1,32,-1,4
1,<environment.Job instance at 0x7f5c3e573b90>,5,23,[3 6],6,-1,29,-1,6
1,<environment.Job instance at 0x7f5c3e5733c0>,6,25,[14  5],7,-1,32,-1,7
1,<environment.Job instance at 0x7f5c34c96320>,14,23,[10  5],15,-1,57,-1,34
1,<environment.Job instance at 0x7f5c34c96d20>,15,13,[13  4],16,-1,47,-1,34
1,<environment.Job instance at 0x7f5c34c96aa0>,17,16,[ 5 14],18,-1,54,-1,38
1,<environment.Job instance at 0x7f5c34c966e0>,21,21,[12  1],22,-1,89,-1,68
1,<environment.Job instance at 0x7f5c34c96b90>,23,16,[11  3],24,-1,84,-1,68
1,<environment.Job instance at 0x7f5c34c96eb0>,24,22,[8 3],25,-1,91,-1,69
1,<environment.Job instance at 0x7f5c34c96820>,25,18,[11  2],26,-1,87,-1,69
1,<environment.Job instance at 0x7f5c34c96780>,26,16,[ 4 13],27,-1,85,-1,69
1,<environment.Job instance at 0x7f5c34c96550>,27,17,[11  3],28,-1,86,-1,69
1,<environment.Job instance at 0x7f5c34c96b40>,28,23,[11  2],29,-1,92,-1,69
1,<environment.Job instance at 0x7f5c34c96280>,30,20,[13  2],31,-1,90,-1,70
1,<environment.Job instance at 0x7f5c356559b0>,32,23,[ 3 13],33,-1,110,-1,87
1,<environment.Job instance at 0x7f5c35655410>,33,26,[3 8],34,-1,113,-1,87
1,<environment.Job instance at 0x7f5c35655960>,34,18,[14  4],35,-1,105,-1,87
1,<environment.Job instance at 0x7f5c35655870>,37,23,[9 2],38,-1,121,-1,98
1,<environment.Job instance at 0x7f5c35655640>,38,26,[11  2],39,-1,124,-1,98
1,<environment.Job instance at 0x7f5c35655190>,39,27,[14  4],40,-1,125,-1,98
1,<environment.Job instance at 0x7f5c35655f50>,41,26,[13  2],42,-1,131,-1,105
1,<environment.Job instance at 0x7f5c356555f0>,42,27,[11  3],43,-1,132,-1,105
1,<environment.Job instance at 0x7f5c35655050>,43,16,[14  4],44,-1,121,-1,105
1,<environment.Job instance at 0x7f5c356553c0>,44,27,[ 1 14],45,-1,132,-1,105
1,<environment.Job instance at 0x7f5c35655c30>,45,21,[ 3 11],46,-1,126,-1,105
1,<environment.Job instance at 0x7f5c35655cd0>,46,20,[13  1],47,-1,125,-1,105
1,<environment.Job instance at 0x7f5c35655cd0>,2,12,[ 4 14],3,-1,15,-1,3
1,<environment.Job instance at 0x7f5c3456aaa0>,7,13,[ 5 12],8,-1,21,-1,8
1,<environment.Job instance at 0x7f5c3456a960>,8,28,[14  2],9,-1,37,-1,9
1,<environment.Job instance at 0x7f5c3456a410>,10,15,[ 5 11],11,-1,26,-1,11
1,<environment.Job instance at 0x7f5c345b1c30>,11,20,[ 3 11],12,-1,32,-1,12
1,<environment.Job instance at 0x7f5c345b1320>,12,28,[9 4],13,-1,41,-1,13
1,<environment.Job instance at 0x7f5c345b1370>,15,23,[6 2],16,-1,39,-1,16
1,<environment.Job instance at 0x7f5c345b1be0>,16,22,[ 1 13],17,-1,39,-1,17
1,<environment.Job instance at 0x7f5c345b1dc0>,17,13,[14  2],18,-1,31,-1,18
1,<environment.Job instance at 0x7f5c345b1b90>,19,24,[ 3 13],20,-1,55,-1,31
1,<environment.Job instance at 0x7f5c345b1af0>,21,28,[11  3],22,-1,73,-1,45
1,<environment.Job instance at 0x7f5c345b1230>,22,24,[1 5],23,-1,69,-1,45
1,<environment.Job instance at 0x7f5c345b1a00>,23,21,[9 5],24,-1,77,-1,56
1,<environment.Job instance at 0x7f5c345b19b0>,24,17,[10  3],25,-1,73,-1,56
1,<environment.Job instance at 0x7f5c345b1870>,25,24,[7 4],26,-1,80,-1,56
1,<environment.Job instance at 0x7f5c345b12d0>,26,19,[ 5 13],27,-1,75,-1,56
1,<environment.Job instance at 0x7f5c345b1b40>,27,12,[4 7],28,-1,69,-1,57
1,<environment.Job instance at 0x7f5c345b14b0>,32,17,[ 2 10],33,-1,96,-1,79
1,<environment.Job instance at 0x7f5c345b4550>,34,23,[ 2 10],35,-1,102,-1,79
1,<environment.Job instance at 0x7f5c345b41e0>,35,17,[9 5],36,-1,96,-1,79
1,<environment.Job instance at 0x7f5c345b4b90>,36,18,[ 3 12],37,-1,97,-1,79
1,<environment.Job instance at 0x7f5c345b45a0>,37,27,[ 5 11],38,-1,106,-1,79
1,<environment.Job instance at 0x7f5c345b4fa0>,38,18,[14  5],39,-1,97,-1,79
1,<environment.Job instance at 0x7f5c345b4140>,39,22,[6 1],40,-1,101,-1,79
1,<environment.Job instance at 0x7f5c345b48c0>,40,19,[ 1 12],41,-1,98,-1,79
1,<environment.Job instance at 0x7f5c345b4690>,41,15,[5 5],42,-1,94,-1,79
1,<environment.Job instance at 0x7f5c345b4320>,42,27,[10  5],43,-1,106,-1,79
1,<environment.Job instance at 0x7f5c3503e230>,1,27,[10  3],2,-1,29,-1,2
1,<environment.Job instance at 0x7f5c3503ebe0>,2,25,[ 3 12],3,-1,28,-1,3
1,<environment.Job instance at 0x7f5c3503e6e0>,3,13,[14  2],4,-1,17,-1,4
1,<environment.Job instance at 0x7f5c3503edc0>,4,12,[ 4 14],5,-1,17,-1,5
1,<environment.Job instance at 0x7f5c3503e550>,5,26,[14  4],6,-1,32,-1,6
1,<environment.Job instance at 0x7f5c3503eb90>,6,23,[14  4],7,-1,30,-1,7
1,<environment.Job instance at 0x7f5c3503eaa0>,7,26,[12  4],8,-1,34,-1,8
1,<environment.Job instance at 0x7f5c3503e820>,8,23,[ 2 12],9,-1,32,-1,9
1,<environment.Job instance at 0x7f5c35836aa0>,11,13,[ 4 13],12,-1,25,-1,12
1,<environment.Job instance at 0x7f5c3503ea50>,13,24,[9 1],14,-1,39,-1,15
1,<environment.Job instance at 0x7f5c35836500>,19,18,[ 2 13],20,-1,47,-1,29
1,<environment.Job instance at 0x7f5c35836320>,21,25,[ 2 12],22,-1,66,-1,41
1,<environment.Job instance at 0x7f5c35836230>,26,25,[5 3],27,-1,101,-1,76
1,<environment.Job instance at 0x7f5c35836960>,29,28,[14  3],30,-1,136,-1,108
1,<environment.Job instance at 0x7f5c35836960>,2,15,[ 5 14],3,-1,18,-1,3
1,<environment.Job instance at 0x7f5c356b6f50>,3,27,[ 5 14],4,-1,31,-1,4
1,<environment.Job instance at 0x7f5c356b6be0>,4,21,[13  3],5,-1,26,-1,5
1,<environment.Job instance at 0x7f5c356b6eb0>,5,28,[10  4],6,-1,34,-1,6
1,<environment.Job instance at 0x7f5c3e835730>,9,13,[ 3 14],10,-1,23,-1,10
1,<environment.Job instance at 0x7f5c354c57d0>,19,24,[ 1 10],20,-1,121,-1,97
1,<environment.Job instance at 0x7f5c354c5b90>,21,25,[14  1],22,-1,122,-1,97
1,<environment.Job instance at 0x7f5c354c55a0>,24,28,[5 7],25,-1,134,-1,106
1,<environment.Job instance at 0x7f5c354c5d70>,25,28,[2 5],26,-1,134,-1,106
1,<environment.Job instance at 0x7f5c354c5c30>,26,28,[ 2 14],27,-1,134,-1,106
1,<environment.Job instance at 0x7f5c3458a2d0>,1,16,[ 3 14],2,-1,18,-1,2
1,<environment.Job instance at 0x7f5c35c0be10>,5,18,[13  4],6,-1,24,-1,6
1,<environment.Job instance at 0x7f5c35c0b140>,6,24,[12  2],7,-1,31,-1,7
1,<environment.Job instance at 0x7f5c35c0be60>,7,12,[ 2 12],8,-1,20,-1,8
1,<environment.Job instance at 0x7f5c35c0b230>,9,25,[5 1],10,-1,36,-1,11
1,<environment.Job instance at 0x7f5c35c0ba00>,13,17,[ 3 12],14,-1,34,-1,17
1,<environment.Job instance at 0x7f5c35c0b9b0>,15,16,[12  1],16,-1,37,-1,21
1,<environment.Job instance at 0x7f5c35c0b280>,16,14,[ 4 13],17,-1,35,-1,21
1,<environment.Job instance at 0x7f5c35c0bf00>,17,21,[12  4],18,-1,42,-1,21
1,<environment.Job instance at 0x7f5c346115a0>,18,13,[ 4 12],19,-1,34,-1,21
1,<environment.Job instance at 0x7f5c346110f0>,19,15,[14  5],20,-1,36,-1,21
1,<environment.Job instance at 0x7f5c34611820>,23,24,[ 4 14],24,-1,75,-1,51
1,<environment.Job instance at 0x7f5c34611e60>,25,13,[ 4 13],26,-1,64,-1,51
1,<environment.Job instance at 0x7f5c34611320>,24,23,[9 5],25,-1,74,-1,51
1,<environment.Job instance at 0x7f5c34611af0>,27,14,[ 1 11],28,-1,65,-1,51
1,<environment.Job instance at 0x7f5c34611a00>,28,24,[7 4],29,-1,75,-1,51
1,<environment.Job instance at 0x7f5c346119b0>,26,25,[13  2],27,-1,76,-1,51
1,<environment.Job instance at 0x7f5c346118c0>,31,26,[12  5],32,-1,81,-1,55
1,<environment.Job instance at 0x7f5c34611cd0>,32,28,[13  1],33,-1,83,-1,55
1,<environment.Job instance at 0x7f5c34611410>,33,22,[ 5 14],34,-1,77,-1,55
1,<environment.Job instance at 0x7f5c34611a50>,34,20,[ 4 12],35,-1,75,-1,55
1,<environment.Job instance at 0x7f5c350c9280>,35,24,[10  4],36,-1,79,-1,55
1,<environment.Job instance at 0x7f5c350c90f0>,36,18,[14  3],37,-1,73,-1,55
1,<environment.Job instance at 0x7f5c350c9e60>,38,25,[6 2],39,-1,92,-1,67
1,<environment.Job instance at 0x7f5c350c9cd0>,45,15,[ 4 11],46,-1,111,-1,96
1,<environment.Job instance at 0x7f5c350c9e10>,46,26,[6 2],47,-1,122,-1,96
1,<environment.Job instance at 0x7f5c350c9190>,47,23,[8 1],48,-1,119,-1,96
1,<environment.Job instance at 0x7f5c350c9410>,49,26,[10  2],50,-1,133,-1,107
1,<environment.Job instance at 0x7f5c34987820>,3,22,[13  1],4,-1,26,-1,4
1,<environment.Job instance at 0x7f5c34987e60>,4,13,[ 1 13],5,-1,18,-1,5
1,<environment.Job instance at 0x7f5c34987960>,5,17,[14  3],6,-1,23,-1,6
1,<environment.Job instance at 0x7f5c349871e0>,12,25,[14  2],13,-1,83,-1,58
1,<environment.Job instance at 0x7f5c34987050>,14,28,[5 9],15,-1,102,-1,74
1,<environment.Job instance at 0x7f5c34987460>,16,28,[12  1],17,-1,106,-1,78
1,<environment.Job instance at 0x7f5c349877d0>,17,22,[2 6],18,-1,105,-1,83
1,<environment.Job instance at 0x7f5c346b9b90>,21,23,[7 5],22,-1,115,-1,92
1,<environment.Job instance at 0x7f5c346b9690>,22,17,[9 1],23,-1,111,-1,94
1,<environment.Job instance at 0x7f5c346b96e0>,23,18,[11  4],24,-1,112,-1,94
1,<environment.Job instance at 0x7f5c346b93c0>,24,23,[9 1],25,-1,117,-1,94
1,<environment.Job instance at 0x7f5c346b9c30>,25,22,[ 3 11],26,-1,116,-1,94
1,<environment.Job instance at 0x7f5c346b94b0>,26,23,[9 4],27,-1,117,-1,94
1,<environment.Job instance at 0x7f5c346b9b40>,27,13,[13  3],28,-1,107,-1,94
1,<environment.Job instance at 0x7f5c346b9a50>,29,19,[14  1],30,-1,127,-1,108
1,<environment.Job instance at 0x7f5c346b9dc0>,30,13,[ 3 14],31,-1,121,-1,108
1,<environment.Job instance at 0x7f5c346b9e10>,31,21,[ 5 14],32,-1,129,-1,108
1,<environment.Job instance at 0x7f5c346b98c0>,32,20,[3 5],33,-1,128,-1,108
1,<environment.Job instance at 0x7f5c346b9960>,34,21,[8 2],35,-1,129,-1,108
1,<environment.Job instance at 0x7f5c35d7d050>,1,23,[11  1],2,-1,25,-1,2
1,<environment.Job instance at 0x7f5c35562820>,4,19,[13  1],5,-1,24,-1,5
1,<environment.Job instance at 0x7f5c35687f00>,5,20,[ 5 11],6,-1,26,-1,6
1,<environment.Job instance at 0x7f5c34fae280>,6,17,[ 3 14],7,-1,24,-1,7
1,<environment.Job instance at 0x7f5c34fae910>,7,13,[ 1 12],8,-1,21,-1,8
1,<environment.Job instance at 0x7f5c34fae230>,12,28,[1 5],13,-1,45,-1,17
1,<environment.Job instance at 0x7f5c34fae4b0>,13,12,[10  4],14,-1,29,-1,17
1,<environment.Job instance at 0x7f5c34fae8c0>,15,25,[2 6],16,-1,42,-1,17
1,<environment.Job instance at 0x7f5c34c13b40>,17,19,[12  2],18,-1,43,-1,24
1,<environment.Job instance at 0x7f5c34c13c80>,18,25,[3 5],19,-1,49,-1,24
1,<environment.Job instance at 0x7f5c34c13190>,19,23,[5 2],20,-1,47,-1,24
1,<environment.Job instance at 0x7f5c34c13f00>,20,25,[11  4],21,-1,49,-1,24
1,<environment.Job instance at 0x7f5c34c13be0>,21,23,[ 3 10],22,-1,47,-1,24
1,<environment.Job instance at 0x7f5c34c13f50>,23,21,[ 4 13],24,-1,50,-1,29
1,<environment.Job instance at 0x7f5c34c130a0>,24,20,[12  2],25,-1,49,-1,29
1,<environment.Job instance at 0x7f5c34c137d0>,25,28,[ 5 12],26,-1,57,-1,29
1,<environment.Job instance at 0x7f5c34c132d0>,26,13,[ 3 12],27,-1,42,-1,29
1,<environment.Job instance at 0x7f5c34c13cd0>,27,17,[ 4 12],28,-1,46,-1,29
1,<environment.Job instance at 0x7f5c34c13140>,28,20,[7 1],29,-1,49,-1,29
1,<environment.Job instance at 0x7f5c34c13370>,29,13,[ 2 10],30,-1,43,-1,30
1,<environment.Job instance at 0x7f5c34c13aa0>,30,20,[ 5 12],31,-1,51,-1,31
1,<environment.Job instance at 0x7f5c344fc9b0>,31,23,[12  1],32,-1,55,-1,32
1,<environment.Job instance at 0x7f5c344fce60>,32,19,[13  3],33,-1,52,-1,33
1,<environment.Job instance at 0x7f5c344fc500>,33,17,[10  1],34,-1,51,-1,34
1,<environment.Job instance at 0x7f5c344fc0f0>,34,12,[12  4],35,-1,47,-1,35
1,<environment.Job instance at 0x7f5c344fcf00>,35,19,[11  5],36,-1,55,-1,36
1,<environment.Job instance at 0x7f5c347bba50>,36,22,[3 5],37,-1,59,-1,37
1,<environment.Job instance at 0x7f5c34e56690>,37,24,[13  1],38,-1,62,-1,38
1,<environment.Job instance at 0x7f5c34c139b0>,39,15,[13  4],40,-1,55,-1,40
1,<environment.Job instance at 0x7f5c34e561e0>,40,27,[12  5],41,-1,68,-1,41
1,<environment.Job instance at 0x7f5c34e56a50>,41,17,[ 5 12],42,-1,59,-1,42
1,<environment.Job instance at 0x7f5c34e56dc0>,42,16,[6 1],43,-1,59,-1,43
1,<environment.Job instance at 0x7f5c34e568c0>,43,21,[12  2],44,-1,65,-1,44
1,<environment.Job instance at 0x7f5c34e56780>,44,14,[11  1],45,-1,59,-1,45
1,<environment.Job instance at 0x7f5c34e56f50>,45,23,[ 3 13],46,-1,69,-1,46
1,<environment.Job instance at 0x7f5c34e56460>,46,14,[13  4],47,-1,61,-1,47
1,<environment.Job instance at 0x7f5c34e56f00>,48,27,[ 1 10],49,-1,76,-1,49
1,<environment.Job instance at 0x7f5c34e569b0>,49,14,[13  4],50,-1,64,-1,50
1,<environment.Job instance at 0x7f5c34e56fa0>,50,20,[ 5 12],51,-1,71,-1,51
1,<environment.Job instance at 0x7f5c34e56410>,51,24,[9 4],52,-1,76,-1,52
1,<environment.Job instance at 0x7f5c34e56500>,52,26,[5 5],53,-1,79,-1,53
1,<environment.Job instance at 0x7f5c34a7c730>,53,15,[ 1 10],54,-1,69,-1,54
1,<environment.Job instance at 0x7f5c34a7cd20>,54,12,[7 4],55,-1,67,-1,55
1,<environment.Job instance at 0x7f5c34a7cc30>,55,20,[4 6],56,-1,77,-1,57
1,<environment.Job instance at 0x7f5c34e56b90>,56,18,[12  1],57,-1,75,-1,57
1,<environment.Job instance at 0x7f5c34a7cfa0>,57,14,[ 4 14],58,-1,72,-1,58
1,<environment.Job instance at 0x7f5c34a7c960>,59,23,[9 1],60,-1,83,-1,60
1,<environment.Job instance at 0x7f5c34a7c460>,60,12,[13  2],61,-1,73,-1,61
1,<environment.Job instance at 0x7f5c34a7c690>,61,15,[14  4],62,-1,77,-1,62
1,<environment.Job instance at 0x7f5c34a7c870>,62,24,[5 3],63,-1,87,-1,63
1,<environment.Job instance at 0x7f5c34a7c5f0>,63,17,[14  4],64,-1,81,-1,64
1,<environment.Job instance at 0x7f5c34a7c9b0>,65,16,[12  2],66,-1,82,-1,66
1,<environment.Job instance at 0x7f5c3478cdc0>,66,13,[ 4 14],67,-1,80,-1,67
1,<environment.Job instance at 0x7f5c34a7c050>,68,21,[5 5],69,-1,93,-1,72
1,<environment.Job instance at 0x7f5c35763690>,69,13,[14  3],70,-1,85,-1,72
1,<environment.Job instance at 0x7f5c35763a50>,70,13,[4 7],71,-1,90,-1,77
1,<environment.Job instance at 0x7f5c35763dc0>,71,28,[12  2],72,-1,105,-1,77
1,<environment.Job instance at 0x7f5c35763b90>,72,24,[12  5],73,-1,101,-1,77
1,<environment.Job instance at 0x7f5c35763550>,74,12,[11  5],75,-1,91,-1,79
1,<environment.Job instance at 0x7f5c349c2c30>,75,18,[ 3 10],76,-1,97,-1,79
1,<environment.Job instance at 0x7f5c349c2b40>,77,14,[ 5 11],78,-1,100,-1,86
1,<environment.Job instance at 0x7f5c349c2eb0>,78,17,[ 3 14],79,-1,103,-1,86
1,<environment.Job instance at 0x7f5c349c2370>,79,23,[7 5],80,-1,109,-1,86
1,<environment.Job instance at 0x7f5c349c2f00>,80,20,[5 5],81,-1,109,-1,89
1,<environment.Job instance at 0x7f5c349c2050>,81,23,[1 5],82,-1,112,-1,89
1,<environment.Job instance at 0x7f5c349c2460>,82,13,[6 3],83,-1,102,-1,89
1,<environment.Job instance at 0x7f5c349c25a0>,83,26,[ 1 11],84,-1,115,-1,89
1,<environment.Job instance at 0x7f5c349c2690>,84,12,[13  4],85,-1,101,-1,89
1,<environment.Job instance at 0x7f5c349c2be0>,85,21,[9 1],86,-1,110,-1,89
1,<environment.Job instance at 0x7f5c34630820>,86,15,[ 1 11],87,-1,104,-1,89
1,<environment.Job instance at 0x7f5c346304b0>,88,24,[13  4],89,-1,127,-1,103
1,<environment.Job instance at 0x7f5c346309b0>,89,19,[3 9],90,-1,122,-1,103
1,<environment.Job instance at 0x7f5c34630f00>,90,19,[14  4],91,-1,122,-1,103
1,<environment.Job instance at 0x7f5c34630910>,91,12,[5 4],92,-1,115,-1,103
1,<environment.Job instance at 0x7f5c34630fa0>,92,24,[9 5],93,-1,127,-1,103
1,<environment.Job instance at 0x7f5c346301e0>,93,24,[10  3],94,-1,127,-1,103
1,<environment.Job instance at 0x7f5c34630050>,94,13,[13  4],95,-1,116,-1,103
1,<environment.Job instance at 0x7f5c34630780>,95,24,[ 1 10],96,-1,127,-1,103
1,<environment.Job instance at 0x7f5c348d8780>,97,12,[9 2],98,-1,115,-1,103
1,<environment.Job instance at 0x7f5c348d8a00>,98,27,[8 2],99,-1,130,-1,103
1,<environment.Job instance at 0x7f5c348d8c80>,99,15,[14  5],100,-1,118,-1,103
1,<environment.Job instance at 0x7f5c348d80f0>,100,13,[11  1],101,-1,116,-1,103
1,<environment.Job instance at 0x7f5c348d82d0>,101,17,[14  5],102,-1,120,-1,103
1,<environment.Job instance at 0x7f5c348d8910>,102,14,[13  2],103,-1,117,-1,103
1,<environment.Job instance at 0x7f5c348d8500>,103,16,[ 5 13],104,-1,120,-1,104
1,<environment.Job instance at 0x7f5c348d8af0>,104,28,[14  3],105,-1,133,-1,105
1,<environment.Job instance at 0x7f5c348d84b0>,105,16,[14  2],106,-1,122,-1,106
1,<environment.Job instance at 0x7f5c348d8230>,106,13,[ 3 13],107,-1,120,-1,107
1,<environment.Job instance at 0x7f5c348d8f00>,107,28,[ 1 11],108,-1,136,-1,108
1,<environment.Job instance at 0x7f5c348d85a0>,108,24,[5 5],109,-1,133,-1,109
1,<environment.Job instance at 0x7f5c34588410>,1,14,[ 5 14],2,-1,16,-1,2
1,<environment.Job instance at 0x7f5c34568550>,3,20,[11  1],4,-1,24,-1,4
1,<environment.Job instance at 0x7f5c34568eb0>,5,12,[ 2 14],6,-1,18,-1,6
1,<environment.Job instance at 0x7f5c34568c80>,7,27,[3 7],8,-1,35,-1,8
1,<environment.Job instance at 0x7f5c34568f50>,8,17,[14  4],9,-1,26,-1,9
1,<environment.Job instance at 0x7f5c34568cd0>,9,12,[ 1 13],10,-1,22,-1,10
1,<environment.Job instance at 0x7f5c34568500>,12,19,[ 2 14],13,-1,32,-1,13
1,<environment.Job instance at 0x7f5c34568a00>,13,17,[14  3],14,-1,31,-1,14
1,<environment.Job instance at 0x7f5c3454ca50>,14,23,[ 1 13],15,-1,38,-1,15
1,<environment.Job instance at 0x7f5c3454c4b0>,15,25,[ 4 12],16,-1,41,-1,16
1,<environment.Job instance at 0x7f5c3454c460>,16,23,[ 1 10],17,-1,40,-1,17
1,<environment.Job instance at 0x7f5c3454caa0>,17,14,[ 1 11],18,-1,32,-1,18
1,<environment.Job instance at 0x7f5c3454c690>,18,13,[ 2 11],19,-1,32,-1,19
1,<environment.Job instance at 0x7f5c3454c9b0>,19,20,[ 1 11],20,-1,40,-1,20
1,<environment.Job instance at 0x7f5c3454c5f0>,20,14,[14  1],21,-1,35,-1,21
1,<environment.Job instance at 0x7f5c3454cb90>,21,19,[ 3 11],22,-1,41,-1,22
1,<environment.Job instance at 0x7f5c3454c7d0>,22,17,[ 5 13],23,-1,40,-1,23
1,<environment.Job instance at 0x7f5c3454cf50>,23,15,[14  4],24,-1,39,-1,24
1,<environment.Job instance at 0x7f5c3454cc30>,24,28,[4 5],25,-1,53,-1,25
1,<environment.Job instance at 0x7f5c3454c870>,26,24,[ 4 13],27,-1,51,-1,27
1,<environment.Job instance at 0x7f5c3454c0f0>,27,20,[12  4],28,-1,48,-1,28
1,<environment.Job instance at 0x7f5c3454c500>,28,20,[ 5 10],29,-1,49,-1,29
1,<environment.Job instance at 0x7f5c3454ce60>,29,26,[3 5],30,-1,56,-1,30
1,<environment.Job instance at 0x7f5c34554e60>,30,15,[ 4 12],31,-1,46,-1,31
1,<environment.Job instance at 0x7f5c34554eb0>,35,28,[ 4 11],36,-1,69,-1,41
1,<environment.Job instance at 0x7f5c34db3e60>,36,23,[5 5],37,-1,64,-1,41
1,<environment.Job instance at 0x7f5c34db3730>,38,19,[ 2 11],39,-1,70,-1,51
1,<environment.Job instance at 0x7f5c34db3dc0>,39,12,[14  5],40,-1,63,-1,51
1,<environment.Job instance at 0x7f5c34db33c0>,40,27,[10  1],41,-1,78,-1,51
1,<environment.Job instance at 0x7f5c35733fa0>,41,12,[1 9],42,-1,63,-1,51
1,<environment.Job instance at 0x7f5c34db3820>,42,18,[ 5 12],43,-1,69,-1,51
1,<environment.Job instance at 0x7f5c35733690>,43,25,[11  3],44,-1,76,-1,51
1,<environment.Job instance at 0x7f5c34dbc050>,44,16,[ 4 12],45,-1,67,-1,51
1,<environment.Job instance at 0x7f5c34dbcf00>,45,20,[ 5 11],46,-1,71,-1,51
1,<environment.Job instance at 0x7f5c34dbc410>,46,23,[12  5],47,-1,74,-1,51
1,<environment.Job instance at 0x7f5c34db40f0>,47,26,[12  3],48,-1,77,-1,51
1,<environment.Job instance at 0x7f5c34db4140>,49,26,[ 3 13],50,-1,78,-1,52
1,<environment.Job instance at 0x7f5c34db4aa0>,50,23,[2 7],51,-1,75,-1,52
1,<environment.Job instance at 0x7f5c34db4fa0>,51,19,[14  5],52,-1,71,-1,52
1,<environment.Job instance at 0x7f5c34db46e0>,54,28,[12  1],55,-1,97,-1,69
1,<environment.Job instance at 0x7f5c34db47d0>,55,14,[8 3],56,-1,85,-1,71
1,<environment.Job instance at 0x7f5c3534c3c0>,59,26,[11  5],60,-1,127,-1,101
1,<environment.Job instance at 0x7f5c3534c280>,60,21,[13  3],61,-1,122,-1,101
1,<environment.Job instance at 0x7f5c3534c910>,61,27,[13  4],62,-1,128,-1,101
1,<environment.Job instance at 0x7f5c34a46fa0>,62,24,[8 1],63,-1,125,-1,101
1,<environment.Job instance at 0x7f5c3e3bb870>,63,19,[ 5 10],64,-1,120,-1,101
1,<environment.Job instance at 0x7f5c3534caf0>,64,14,[ 3 14],65,-1,115,-1,101
1,<environment.Job instance at 0x7f5c3534c780>,65,16,[2 6],66,-1,117,-1,101
1,<environment.Job instance at 0x7f5c34549c30>,66,20,[ 4 13],67,-1,121,-1,101
1,<environment.Job instance at 0x7f5c34549aa0>,67,12,[14  3],68,-1,113,-1,101
1,<environment.Job instance at 0x7f5c34549d70>,68,26,[5 1],69,-1,127,-1,101
1,<environment.Job instance at 0x7f5c35804190>,69,21,[13  1],70,-1,122,-1,101
1,<environment.Job instance at 0x7f5c3440d140>,70,14,[5 6],71,-1,115,-1,101
1,<environment.Job instance at 0x7f5c34b4c6e0>,71,22,[13  4],72,-1,123,-1,101
1,<environment.Job instance at 0x7f5c34d70af0>,72,24,[1 8],73,-1,125,-1,101
1,<environment.Job instance at 0x7f5c34557050>,73,20,[ 5 10],74,-1,121,-1,101
1,<environment.Job instance at 0x7f5c34557190>,74,13,[6 4],75,-1,114,-1,101
1,<environment.Job instance at 0x7f5c347f8d20>,75,15,[9 3],76,-1,120,-1,105
1,<environment.Job instance at 0x7f5c347f85f0>,76,12,[5 1],77,-1,117,-1,105
1,<environment.Job instance at 0x7f5c35014eb0>,2,15,[ 5 14],3,-1,18,-1,3
1,<environment.Job instance at 0x7f5c35014550>,3,25,[13  4],4,-1,29,-1,4
1,<environment.Job instance at 0x7f5c35014f50>,5,25,[7 3],6,-1,31,-1,6
1,<environment.Job instance at 0x7f5c351f1fa0>,6,16,[ 5 11],7,-1,23,-1,7
1,<environment.Job instance at 0x7f5c351f1870>,8,21,[14  2],9,-1,30,-1,9
1,<environment.Job instance at 0x7f5c351f1a00>,9,13,[12  4],10,-1,23,-1,10
1,<environment.Job instance at 0x7f5c351f1690>,10,26,[14  5],11,-1,37,-1,11
1,<environment.Job instance at 0x7f5c351f1230>,12,19,[ 2 13],13,-1,32,-1,13
1,<environment.Job instance at 0x7f5c351f1410>,13,24,[5 3],14,-1,39,-1,15
1,<environment.Job instance at 0x7f5c351f1910>,15,13,[11  1],16,-1,29,-1,16
1,<environment.Job instance at 0x7f5c351f11e0>,19,17,[ 4 14],20,-1,45,-1,28
1,<environment.Job instance at 0x7f5c351f1460>,21,17,[12  4],22,-1,45,-1,28
1,<environment.Job instance at 0x7f5c351f1500>,22,14,[ 3 11],23,-1,42,-1,28
1,<environment.Job instance at 0x7f5c351f1b40>,23,16,[ 4 13],24,-1,44,-1,28
1,<environment.Job instance at 0x7f5c351f10a0>,24,24,[ 1 11],25,-1,52,-1,28
1,<environment.Job instance at 0x7f5c351f1be0>,25,17,[ 4 11],26,-1,45,-1,28
1,<environment.Job instance at 0x7f5c351f12d0>,27,15,[ 2 12],28,-1,65,-1,50
1,<environment.Job instance at 0x7f5c3567b9b0>,28,22,[ 5 13],29,-1,72,-1,50
1,<environment.Job instance at 0x7f5c3567b6e0>,29,16,[12  4],30,-1,66,-1,50
1,<environment.Job instance at 0x7f5c3567b730>,30,26,[11  3],31,-1,76,-1,50
1,<environment.Job instance at 0x7f5c3567b1e0>,31,18,[ 1 10],32,-1,68,-1,50
1,<environment.Job instance at 0x7f5c3567bf50>,32,15,[13  2],33,-1,65,-1,50
1,<environment.Job instance at 0x7f5c3567beb0>,33,23,[4 9],34,-1,73,-1,50
1,<environment.Job instance at 0x7f5c3567bc30>,34,25,[7 5],35,-1,75,-1,50
1,<environment.Job instance at 0x7f5c3567b320>,35,23,[5 4],36,-1,73,-1,50
1,<environment.Job instance at 0x7f5c3567bcd0>,36,28,[ 3 13],37,-1,78,-1,50
1,<environment.Job instance at 0x7f5c3567bf00>,39,19,[ 1 13],40,-1,69,-1,50
1,<environment.Job instance at 0x7f5c3567b5f0>,41,28,[4 5],42,-1,91,-1,63
1,<environment.Job instance at 0x7f5c3567b640>,42,26,[1 7],43,-1,89,-1,63
1,<environment.Job instance at 0x7f5c3567b690>,43,21,[13  3],44,-1,84,-1,63
1,<environment.Job instance at 0x7f5c3567b140>,44,23,[6 2],45,-1,86,-1,63
1,<environment.Job instance at 0x7f5c3567b0a0>,47,27,[ 3 13],48,-1,107,-1,80
1,<environment.Job instance at 0x7f5c35215960>,48,22,[13  1],49,-1,102,-1,80
1,<environment.Job instance at 0x7f5c35215fa0>,49,26,[ 4 12],50,-1,106,-1,80
1,<environment.Job instance at 0x7f5c35215870>,50,21,[7 1],51,-1,102,-1,81
1,<environment.Job instance at 0x7f5c35215190>,51,25,[ 5 12],52,-1,106,-1,81
1,<environment.Job instance at 0x7f5c35215af0>,52,28,[12  4],53,-1,109,-1,81
1,<environment.Job instance at 0x7f5c352155a0>,53,18,[13  5],54,-1,99,-1,81
1,<environment.Job instance at 0x7f5c35215d20>,54,22,[2 8],55,-1,108,-1,86
1,<environment.Job instance at 0x7f5c35215d70>,55,24,[8 3],56,-1,110,-1,86
1,<environment.Job instance at 0x7f5c35215b40>,56,25,[ 1 14],57,-1,111,-1,86
1,<environment.Job instance at 0x7f5c352153c0>,57,23,[9 5],58,-1,109,-1,86
1,<environment.Job instance at 0x7f5c35215c30>,59,22,[ 3 12],60,-1,108,-1,86
1,<environment.Job instance at 0x7f5c352156e0>,60,25,[ 1 11],61,-1,111,-1,86
1,<environment.Job instance at 0x7f5c35215c80>,61,14,[12  4],62,-1,100,-1,86
1,<environment.Job instance at 0x7f5c34bf3f50>,1,15,[ 1 12],2,-1,17,-1,2
1,<environment.Job instance at 0x7f5c357e6eb0>,7,14,[ 1 12],8,-1,22,-1,8
1,<environment.Job instance at 0x7f5c357b8640>,20,12,[13  5],21,-1,116,-1,104
1,<environment.Job instance at 0x7f41d84e8550>,4,24,[7 2],5,-1,29,-1,5
1,<environment.Job instance at 0x7f41d84e8690>,5,24,[ 2 14],6,-1,30,-1,6
1,<environment.Job instance at 0x7f41d84e8460>,3,13,[12  4],4,-1,19,-1,6
1,<environment.Job instance at 0x7f41d84e8640>,6,15,[ 2 14],7,-1,22,-1,7
1,<environment.Job instance at 0x7f41d84e87d0>,7,26,[9 3],8,-1,34,-1,8
1,<environment.Job instance at 0x7f41d84e8870>,8,20,[ 4 13],9,-1,29,-1,9
1,<environment.Job instance at 0x7f41d84e8910>,9,16,[12  1],10,-1,27,-1,11
1,<environment.Job instance at 0x7f41d84e8b90>,12,28,[ 1 14],13,-1,41,-1,13
1,<environment.Job instance at 0x7f41d84e8b40>,14,15,[14  4],15,-1,30,-1,15
1,<environment.Job instance at 0x7f41d84e8dc0>,15,20,[ 3 12],16,-1,36,-1,16
1,<environment.Job instance at 0x7f41d84e8e60>,16,28,[5 1],17,-1,46,-1,18
1,<environment.Job instance at 0x7f41d84e8a50>,18,18,[13  1],19,-1,37,-1,19
1,<environment.Job instance at 0x7f41d84eb050>,19,23,[8 4],20,-1,43,-1,20
1,<environment.Job instance at 0x7f41d84eb0f0>,20,17,[ 2 14],21,-1,38,-1,21
1,<environment.Job instance at 0x7f41d84eb190>,21,14,[ 4 11],22,-1,36,-1,22
1,<environment.Job instance at 0x7f41d84eb410>,25,24,[5 7],26,-1,53,-1,29
1,<environment.Job instance at 0x7f41d84eb3c0>,27,17,[ 4 12],28,-1,46,-1,29
1,<environment.Job instance at 0x7f41d84eb5f0>,28,17,[ 1 13],29,-1,46,-1,29
1,<environment.Job instance at 0x7f41d84eb730>,29,24,[ 4 13],30,-1,54,-1,30
1,<environment.Job instance at 0x7f41d84eb870>,30,26,[11  4],31,-1,57,-1,31
1,<environment.Job instance at 0x7f41d84eb8c0>,31,28,[ 2 10],32,-1,60,-1,32
1,<environment.Job instance at 0x7f41d84eb820>,33,28,[6 4],34,-1,74,-1,46
1,<environment.Job instance at 0x7f41d84eba00>,34,24,[5 5],35,-1,70,-1,46
1,<environment.Job instance at 0x7f41d8c53820>,3,26,[5 2],4,-1,31,-1,5
1,<environment.Job instance at 0x7f41d8c536e0>,5,21,[10  1],6,-1,96,-1,75
1,<environment.Job instance at 0x7f41d8b35eb0>,12,21,[14  2],13,-1,96,-1,75
1,<environment.Job instance at 0x7f41d8b35c80>,14,26,[4 7],15,-1,105,-1,79
1,<environment.Job instance at 0x7f41d8b35640>,15,17,[ 5 12],16,-1,96,-1,79
1,<environment.Job instance at 0x7f41d8b355a0>,17,15,[14  4],18,-1,94,-1,79
1,<environment.Job instance at 0x7f41d8b35690>,20,24,[6 5],21,-1,119,-1,95
1,<environment.Job instance at 0x7f41d8b35dc0>,22,23,[ 3 11],23,-1,121,-1,98
1,<environment.Job instance at 0x7f41d8b35d70>,23,14,[ 3 12],24,-1,112,-1,98
1,<environment.Job instance at 0x7f41d8a149b0>,24,15,[ 2 13],25,-1,113,-1,98
1,<environment.Job instance at 0x7f41d7c34dc0>,25,26,[7 2],26,-1,124,-1,98
1,<environment.Job instance at 0x7f41d7f720a0>,26,20,[13  4],27,-1,118,-1,98
1,<environment.Job instance at 0x7f41d7b70230>,2,13,[ 5 11],3,-1,16,-1,3
1,<environment.Job instance at 0x7f41d7b70190>,3,13,[14  1],4,-1,17,-1,4
1,<environment.Job instance at 0x7f41d7b70320>,4,12,[ 5 12],5,-1,17,-1,5
1,<environment.Job instance at 0x7f41d7b705f0>,7,27,[6 1],8,-1,35,-1,8
1,<environment.Job instance at 0x7f41d7b70e10>,8,27,[ 4 13],9,-1,36,-1,9
1,<environment.Job instance at 0x7f41d7b70e60>,10,27,[11  1],11,-1,38,-1,11
1,<environment.Job instance at 0x7f41d7b70cd0>,11,24,[6 2],12,-1,36,-1,12
1,<environment.Job instance at 0x7f41d7b70730>,18,26,[ 2 13],19,-1,47,-1,21
1,<environment.Job instance at 0x7f41d7b70550>,14,23,[1 8],15,-1,44,-1,21
1,<environment.Job instance at 0x7f41d7d6ac30>,20,27,[3 9],21,-1,48,-1,21
1,<environment.Job instance at 0x7f41d7d6a550>,19,28,[14  4],20,-1,49,-1,21
1,<environment.Job instance at 0x7f41d7d6a730>,22,15,[14  1],23,-1,38,-1,23
1,<environment.Job instance at 0x7f41d7d6ac80>,26,25,[11  3],27,-1,75,-1,50
1,<environment.Job instance at 0x7f41d7c138c0>,29,25,[ 3 13],30,-1,95,-1,70
1,<environment.Job instance at 0x7f41d7c13820>,32,13,[14  2],33,-1,112,-1,99
1,<environment.Job instance at 0x7f41d7c132d0>,33,13,[ 5 11],34,-1,112,-1,99
1,<environment.Job instance at 0x7f41d7c13af0>,34,18,[ 3 14],35,-1,117,-1,99
1,<environment.Job instance at 0x7f41d898f8c0>,1,26,[14  3],2,-1,28,-1,2
1,<environment.Job instance at 0x7f41d7c2a6e0>,2,27,[12  1],3,-1,30,-1,3
1,<environment.Job instance at 0x7f41d81c0aa0>,3,27,[ 3 11],4,-1,31,-1,4
1,<environment.Job instance at 0x7f41d81c05f0>,4,15,[ 3 13],5,-1,20,-1,5
1,<environment.Job instance at 0x7f41d81c0370>,5,21,[ 5 12],6,-1,27,-1,6
1,<environment.Job instance at 0x7f41d81c09b0>,6,21,[ 5 10],7,-1,28,-1,7
1,<environment.Job instance at 0x7f41d8074140>,12,24,[6 4],13,-1,38,-1,14
1,<environment.Job instance at 0x7f41d8074910>,14,23,[13  3],15,-1,38,-1,15
1,<environment.Job instance at 0x7f41d8074f00>,17,25,[4 9],18,-1,53,-1,28
1,<environment.Job instance at 0x7f41d8094cd0>,18,26,[6 1],19,-1,54,-1,28
1,<environment.Job instance at 0x7f41d8094780>,19,28,[5 9],20,-1,56,-1,28
1,<environment.Job instance at 0x7f41d80c9230>,20,24,[4 8],21,-1,52,-1,28
1,<environment.Job instance at 0x7f41d7ef8640>,22,23,[10  5],23,-1,58,-1,35
1,<environment.Job instance at 0x7f41d7ef8820>,23,24,[12  1],24,-1,59,-1,35
1,<environment.Job instance at 0x7f41d7ef8320>,24,17,[12  4],25,-1,52,-1,35
1,<environment.Job instance at 0x7f41d7c0cf00>,26,27,[13  3],27,-1,72,-1,45
1,<environment.Job instance at 0x7f41d812f3c0>,28,17,[ 1 11],29,-1,71,-1,54
1,<environment.Job instance at 0x7f41d7c829b0>,30,19,[12  4],31,-1,77,-1,58
1,<environment.Job instance at 0x7f41d8167230>,31,14,[ 5 12],32,-1,72,-1,58
1,<environment.Job instance at 0x7f41d7bb0e60>,33,25,[8 3],34,-1,97,-1,72
1,<environment.Job instance at 0x7f41d7fd30f0>,34,16,[ 2 11],35,-1,88,-1,72
1,<environment.Job instance at 0x7f41d7b9ee60>,35,28,[ 3 11],36,-1,100,-1,72
1,<environment.Job instance at 0x7f41d815faf0>,36,15,[13  4],37,-1,87,-1,72
1,<environment.Job instance at 0x7f41d7b9e2d0>,37,24,[2 7],38,-1,96,-1,72
1,<environment.Job instance at 0x7f41d7ba7d70>,38,16,[14  5],39,-1,88,-1,72
1,<environment.Job instance at 0x7f41d7ba7500>,40,27,[14  3],41,-1,101,-1,74
1,<environment.Job instance at 0x7f41d7ba75a0>,41,18,[ 1 14],42,-1,92,-1,74
1,<environment.Job instance at 0x7f41d7ba7320>,43,15,[11  2],44,-1,101,-1,86
1,<environment.Job instance at 0x7f41d7ba7f50>,44,13,[ 1 12],45,-1,99,-1,86
1,<environment.Job instance at 0x7f41d7bb2910>,46,28,[5 7],47,-1,115,-1,87
1,<environment.Job instance at 0x7f41d7bb20f0>,47,16,[ 4 11],48,-1,103,-1,87
1,<environment.Job instance at 0x7f41d7bb2870>,48,17,[13  3],49,-1,104,-1,87
1,<environment.Job instance at 0x7f41d7bb2820>,49,22,[ 3 11],50,-1,109,-1,87
1,<environment.Job instance at 0x7f41d7bb2d20>,51,13,[ 5 12],52,-1,119,-1,106
1,<environment.Job instance at 0x7f41d7bb2af0>,52,23,[ 5 11],53,-1,129,-1,106
1,<environment.Job instance at 0x7f41d7cfeaa0>,53,27,[12  4],54,-1,133,-1,106
1,<environment.Job instance at 0x7f41d7cfeb40>,54,13,[12  4],55,-1,119,-1,106
1,<environment.Job instance at 0x7f41d7f8dc30>,55,23,[9 4],56,-1,129,-1,106
1,<environment.Job instance at 0x7f41d7f8df00>,56,13,[ 3 14],57,-1,119,-1,106
1,<environment.Job instance at 0x7f41d7f8d690>,57,24,[ 4 14],58,-1,130,-1,106
1,<environment.Job instance at 0x7f41d815d960>,59,24,[13  3],60,-1,130,-1,106
1,<environment.Job instance at 0x7f41d7f8d280>,60,27,[9 5],61,-1,133,-1,106
1,<environment.Job instance at 0x7f41d7ef7b40>,61,22,[13  5],62,-1,128,-1,106
1,<environment.Job instance at 0x7f41d7ef75a0>,62,14,[ 3 13],63,-1,120,-1,106
1,<environment.Job instance at 0x7f41d7ef76e0>,63,26,[14  2],64,-1,132,-1,106
1,<environment.Job instance at 0x7f41d7c34a00>,64,13,[13  4],65,-1,119,-1,106
1,<environment.Job instance at 0x7f41d816c5a0>,65,21,[ 4 10],66,-1,127,-1,106
1,<environment.Job instance at 0x7f41d816ca00>,66,23,[2 8],67,-1,129,-1,106
1,<environment.Job instance at 0x7f41d816c1e0>,67,25,[11  1],68,-1,131,-1,106
1,<environment.Job instance at 0x7f41d816c5f0>,68,19,[13  3],69,-1,125,-1,106
1,<environment.Job instance at 0x7f41d801ffa0>,70,25,[13  4],71,-1,143,-1,118
1,<environment.Job instance at 0x7f41d8237b90>,1,20,[ 3 14],2,-1,22,-1,2
1,<environment.Job instance at 0x7f41d7eb5a50>,2,24,[14  5],3,-1,27,-1,3
1,<environment.Job instance at 0x7f41d8354eb0>,3,24,[14  5],4,-1,28,-1,4
1,<environment.Job instance at 0x7f41d8354aa0>,4,12,[ 4 11],5,-1,17,-1,5
1,<environment.Job instance at 0x7f41d83541e0>,5,22,[ 3 14],6,-1,28,-1,6
1,<environment.Job instance at 0x7f41d837d910>,6,14,[ 1 13],7,-1,21,-1,7
1,<environment.Job instance at 0x7f41d837d780>,7,16,[13  5],8,-1,24,-1,8
1,<environment.Job instance at 0x7f41d837da00>,8,25,[5 3],9,-1,34,-1,9
1,<environment.Job instance at 0x7f41d837df00>,10,22,[ 3 14],11,-1,33,-1,11
1,<environment.Job instance at 0x7f41d837d320>,13,27,[ 4 14],14,-1,41,-1,14
1,<environment.Job instance at 0x7f41d837dc80>,12,14,[13  1],13,-1,28,-1,14
1,<environment.Job instance at 0x7f41d8377050>,17,28,[13  5],18,-1,46,-1,18
1,<environment.Job instance at 0x7f41d8377fa0>,19,21,[ 3 14],20,-1,41,-1,20
1,<environment.Job instance at 0x7f41d83752d0>,24,26,[12  3],25,-1,59,-1,33
1,<environment.Job instance at 0x7f41d83755f0>,25,20,[14  4],26,-1,53,-1,33
1,<environment.Job instance at 0x7f41d8375910>,26,15,[13  2],27,-1,48,-1,33
1,<environment.Job instance at 0x7f41d8382370>,27,24,[ 5 13],28,-1,57,-1,33
1,<environment.Job instance at 0x7f41d8382230>,28,25,[13  5],29,-1,58,-1,33
1,<environment.Job instance at 0x7f41d83824b0>,29,19,[ 2 13],30,-1,52,-1,33
1,<environment.Job instance at 0x7f41d8382190>,30,25,[8 3],31,-1,58,-1,33
1,<environment.Job instance at 0x7f41d8382690>,31,19,[14  2],32,-1,52,-1,33
1,<environment.Job instance at 0x7f41d8382a50>,32,18,[14  4],33,-1,51,-1,33
1,<environment.Job instance at 0x7f41d8382d70>,33,14,[14  2],34,-1,48,-1,34
1,<environment.Job instance at 0x7f41d8382e10>,35,22,[4 7],36,-1,63,-1,41
1,<environment.Job instance at 0x7f41d836a0a0>,38,27,[1 9],39,-1,76,-1,49
1,<environment.Job instance at 0x7f41d836a5a0>,39,27,[14  4],40,-1,76,-1,49
1,<environment.Job instance at 0x7f41d7aa2690>,41,26,[ 5 14],42,-1,84,-1,58
1,<environment.Job instance at 0x7f41d7aa2af0>,42,26,[ 2 13],43,-1,84,-1,58
1,<environment.Job instance at 0x7f41d7aa2870>,44,25,[ 4 10],45,-1,100,-1,75
1,<environment.Job instance at 0x7f41d7aa2b40>,45,26,[7 1],46,-1,101,-1,75
1,<environment.Job instance at 0x7f41d8953910>,2,13,[ 5 12],3,-1,16,-1,3
1,<environment.Job instance at 0x7f41d8212870>,3,20,[ 2 11],4,-1,24,-1,4
1,<environment.Job instance at 0x7f41d7eb5be0>,11,17,[ 1 13],12,-1,35,-1,18
1,<environment.Job instance at 0x7f41d7eb5fa0>,12,16,[ 1 13],13,-1,34,-1,18
1,<environment.Job instance at 0x7f41d7eb5cd0>,13,28,[2 7],14,-1,46,-1,18
1,<environment.Job instance at 0x7f41d7eb5910>,15,25,[3 9],16,-1,45,-1,20
1,<environment.Job instance at 0x7f41d7eb55f0>,17,13,[ 1 13],18,-1,33,-1,20
1,<environment.Job instance at 0x7f41d7eb5550>,18,28,[3 6],19,-1,48,-1,20
1,<environment.Job instance at 0x7f41d7eb5d20>,19,12,[ 4 11],20,-1,32,-1,20
1,<environment.Job instance at 0x7f41d7eb5730>,22,22,[ 5 12],23,-1,55,-1,33
1,<environment.Job instance at 0x7f41d7eb5230>,23,17,[13  5],24,-1,50,-1,33
1,<environment.Job instance at 0x7f41d7eb5d70>,25,13,[12  4],26,-1,56,-1,43
1,<environment.Job instance at 0x7f41d7eaffa0>,30,14,[ 4 13],31,-1,86,-1,72
1,<environment.Job instance at 0x7f41d7eaff50>,31,23,[ 5 12],32,-1,95,-1,72
1,<environment.Job instance at 0x7f41d7eafc30>,33,27,[ 5 10],34,-1,111,-1,84
1,<environment.Job instance at 0x7f41d7eafdc0>,34,13,[13  5],35,-1,97,-1,84
1,<environment.Job instance at 0x7f41d7eaf370>,36,18,[ 4 14],37,-1,108,-1,90
1,<environment.Job instance at 0x7f41d7eafbe0>,39,17,[12  2],40,-1,122,-1,105
1,<environment.Job instance at 0x7f41d7eaf1e0>,4,25,[ 1 14],5,-1,30,-1,5
1,<environment.Job instance at 0x7f41d7b4db90>,5,19,[13  1],6,-1,25,-1,6
1,<environment.Job instance at 0x7f41d7b4d820>,6,15,[12  3],7,-1,22,-1,7
1,<environment.Job instance at 0x7f41d7b4d2d0>,7,24,[ 1 11],8,-1,32,-1,8
1,<environment.Job instance at 0x7f41d7b4da00>,8,27,[10  4],9,-1,36,-1,9
1,<environment.Job instance at 0x7f41d7b4d6e0>,9,26,[5 5],10,-1,36,-1,10
1,<environment.Job instance at 0x7f41d8eb5d70>,10,14,[9 2],11,-1,31,-1,17
1,<environment.Job instance at 0x7f41d8eb59b0>,15,24,[13  5],16,-1,41,-1,17
1,<environment.Job instance at 0x7f41d8fd68c0>,16,26,[12  1],17,-1,43,-1,17
1,<environment.Job instance at 0x7f41d8fd66e0>,18,12,[6 4],19,-1,38,-1,26
1,<environment.Job instance at 0x7f41d8ed6f50>,19,17,[ 2 13],20,-1,43,-1,26
1,<environment.Job instance at 0x7f41d8ed6eb0>,20,13,[1 8],21,-1,39,-1,26
1,<environment.Job instance at 0x7f41d8ed6280>,21,26,[7 1],22,-1,52,-1,26
1,<environment.Job instance at 0x7f41d8ed64b0>,22,22,[8 3],23,-1,48,-1,26
1,<environment.Job instance at 0x7f41d8ed65a0>,23,15,[14  1],24,-1,41,-1,26
1,<environment.Job instance at 0x7f41d8ed60f0>,25,17,[14  2],26,-1,48,-1,31
1,<environment.Job instance at 0x7f41d8377cd0>,26,20,[11  4],27,-1,51,-1,31
1,<environment.Job instance at 0x7f41d8ed6960>,27,20,[5 7],28,-1,51,-1,31
1,<environment.Job instance at 0x7f41d8377500>,28,12,[10  4],29,-1,43,-1,31
1,<environment.Job instance at 0x7f41d8377410>,29,23,[5 6],30,-1,54,-1,31
1,<environment.Job instance at 0x7f41d83775f0>,30,14,[ 4 13],31,-1,45,-1,31
1,<environment.Job instance at 0x7f41d8377870>,31,23,[ 5 14],32,-1,55,-1,32
1,<environment.Job instance at 0x7f41d8377320>,32,23,[13  5],33,-1,56,-1,33
1,<environment.Job instance at 0x7f41d83777d0>,33,22,[ 2 14],34,-1,56,-1,34
1,<environment.Job instance at 0x7f41d83770f0>,34,17,[13  4],35,-1,52,-1,35
1,<environment.Job instance at 0x7f41d83779b0>,37,24,[ 4 13],38,-1,77,-1,53
1,<environment.Job instance at 0x7f41d8377820>,38,28,[12  2],39,-1,81,-1,53
1,<environment.Job instance at 0x7f41d8377b40>,42,14,[12  1],43,-1,82,-1,68
1,<environment.Job instance at 0x7f41d8377b90>,44,25,[10  1],45,-1,102,-1,77
1,<environment.Job instance at 0x7f41d8377eb0>,45,13,[ 5 11],46,-1,90,-1,77
1,<environment.Job instance at 0x7f41d8377fa0>,46,12,[ 3 14],47,-1,89,-1,77
1,<environment.Job instance at 0x7f41d7af1370>,48,13,[ 2 13],49,-1,94,-1,81
1,<environment.Job instance at 0x7f41d7af1050>,49,14,[13  2],50,-1,95,-1,81
1,<environment.Job instance at 0x7f41d7af1fa0>,50,18,[11  2],51,-1,99,-1,81
1,<environment.Job instance at 0x7f41d7af1af0>,51,25,[ 1 10],52,-1,106,-1,81
1,<environment.Job instance at 0x7f41d7af1690>,52,20,[ 2 12],53,-1,101,-1,81
1,<environment.Job instance at 0x7f41d7af10f0>,53,20,[13  1],54,-1,101,-1,81
1,<environment.Job instance at 0x7f41d7af1c80>,55,20,[3 7],56,-1,110,-1,90
1,<environment.Job instance at 0x7f41d7af1eb0>,56,26,[3 7],57,-1,116,-1,90
1,<environment.Job instance at 0x7f41d7af1e60>,57,17,[8 3],58,-1,109,-1,92
1,<environment.Job instance at 0x7f41d7af1d20>,58,22,[2 8],59,-1,114,-1,92
1,<environment.Job instance at 0x7f41d7af1a00>,59,18,[2 7],60,-1,110,-1,92
1,<environment.Job instance at 0x7f41d7af1280>,60,25,[12  2],61,-1,117,-1,92
1,<environment.Job instance at 0x7f41d7af1640>,61,22,[11  3],62,-1,114,-1,92
1,<environment.Job instance at 0x7f41d7af1320>,62,24,[12  5],63,-1,116,-1,92
1,<environment.Job instance at 0x7f41d7af1b90>,63,26,[ 5 10],64,-1,118,-1,92
1,<environment.Job instance at 0x7f41d7af1780>,64,16,[1 6],65,-1,108,-1,92
1,<environment.Job instance at 0x7f41d7af1c30>,65,28,[12  2],66,-1,120,-1,92
1,<environment.Job instance at 0x7f41d7af1f50>,66,21,[ 4 12],67,-1,113,-1,92
1,<environment.Job instance at 0x7f41d7aab0f0>,67,26,[ 4 12],68,-1,118,-1,92
1,<environment.Job instance at 0x7f41d7aab410>,68,14,[5 2],69,-1,106,-1,92
1,<environment.Job instance at 0x7f41d7aab9b0>,69,13,[11  2],70,-1,105,-1,92
1,<environment.Job instance at 0x7f41d7aabf50>,70,13,[ 5 13],71,-1,105,-1,92
1,<environment.Job instance at 0x7f41d7aab1e0>,73,23,[ 4 13],74,-1,129,-1,106
1,<environment.Job instance at 0x7f41d7aab320>,74,13,[ 5 14],75,-1,119,-1,106
1,<environment.Job instance at 0x7f41d7aab500>,76,22,[13  1],77,-1,140,-1,118
1,<environment.Job instance at 0x7f41d7aab0a0>,77,17,[ 1 10],78,-1,135,-1,118
1,<environment.Job instance at 0x7f41d7aab550>,78,27,[ 1 13],79,-1,145,-1,118
1,<environment.Job instance at 0x7f41d7aab4b0>,79,17,[ 5 12],80,-1,135,-1,118
1,<environment.Job instance at 0x7f41d7aab910>,80,23,[8 4],81,-1,141,-1,118
1,<environment.Job instance at 0x7f41d836b6e0>,1,26,[5 3],2,-1,28,-1,2
1,<environment.Job instance at 0x7f41d7aabc30>,2,27,[13  5],3,-1,30,-1,3
1,<environment.Job instance at 0x7f41d811fa50>,3,28,[ 3 14],4,-1,32,-1,4
1,<environment.Job instance at 0x7f41d811fc80>,4,21,[ 4 11],5,-1,26,-1,5
1,<environment.Job instance at 0x7f41d811fcd0>,5,18,[ 3 12],6,-1,24,-1,6
1,<environment.Job instance at 0x7f41d8ba26e0>,7,26,[14  5],8,-1,34,-1,8
1,<environment.Job instance at 0x7f41d8b979b0>,8,24,[4 6],9,-1,33,-1,9
1,<environment.Job instance at 0x7f41d7aab910>,10,20,[12  3],11,-1,31,-1,11
1,<environment.Job instance at 0x7f41d8b97960>,9,18,[13  1],10,-1,29,-1,11
1,<environment.Job instance at 0x7f41d8138fa0>,11,17,[ 5 14],12,-1,29,-1,12
1,<environment.Job instance at 0x7f41d8134a50>,12,24,[8 5],13,-1,37,-1,13
1,<environment.Job instance at 0x7f41d8134870>,15,16,[ 2 13],16,-1,32,-1,16
1,<environment.Job instance at 0x7f41d81344b0>,17,14,[14  1],18,-1,32,-1,18
1,<environment.Job instance at 0x7f41d81342d0>,18,25,[ 4 10],19,-1,44,-1,19
1,<environment.Job instance at 0x7f41d8134690>,19,26,[3 6],20,-1,46,-1,20
1,<environment.Job instance at 0x7f41d810ae60>,22,24,[ 4 12],23,-1,47,-1,23
1,<environment.Job instance at 0x7f41d810aa00>,25,12,[10  2],26,-1,44,-1,32
1,<environment.Job instance at 0x7f41d810a690>,27,13,[11  1],28,-1,45,-1,32
1,<environment.Job instance at 0x7f41d810a0f0>,28,22,[10  1],29,-1,59,-1,37
1,<environment.Job instance at 0x7f41d8ca53c0>,29,16,[13  1],30,-1,53,-1,37
1,<environment.Job instance at 0x7f41d7e9d690>,32,21,[11  4],33,-1,63,-1,42
1,<environment.Job instance at 0x7f41d7eb9c30>,33,13,[13  5],34,-1,55,-1,42
1,<environment.Job instance at 0x7f41d7eb9410>,34,16,[ 5 13],35,-1,58,-1,42
1,<environment.Job instance at 0x7f41d81824b0>,35,27,[ 1 10],36,-1,69,-1,42
1,<environment.Job instance at 0x7f41d8cc03c0>,39,23,[ 3 13],40,-1,119,-1,96
1,<environment.Job instance at 0x7f41d8126820>,40,14,[ 4 12],41,-1,110,-1,96
1,<environment.Job instance at 0x7f41d8ce8f50>,42,22,[5 2],43,-1,126,-1,104
1,<environment.Job instance at 0x7f41d8126e60>,43,13,[13  2],44,-1,117,-1,104
1,<environment.Job instance at 0x7f41d8ce80a0>,44,18,[13  5],45,-1,122,-1,104
1,<environment.Job instance at 0x7f41d8ce9fa0>,45,26,[2 5],46,-1,130,-1,104
1,<environment.Job instance at 0x7f41d8c8d230>,48,16,[11  2],49,-1,127,-1,111
1,<environment.Job instance at 0x7f41d8c8daf0>,49,28,[8 2],50,-1,139,-1,111
1,<environment.Job instance at 0x7f41d8c88eb0>,50,23,[4 9],51,-1,134,-1,111
1,<environment.Job instance at 0x7f41d8c880a0>,51,24,[5 2],52,-1,135,-1,111
1,<environment.Job instance at 0x7f41d8c884b0>,52,21,[1 5],53,-1,132,-1,111
1,<environment.Job instance at 0x7f41d81817d0>,53,17,[ 1 14],54,-1,128,-1,111
1,<environment.Job instance at 0x7f41d8c8baf0>,54,25,[ 2 11],55,-1,136,-1,111
1,<environment.Job instance at 0x7f41d8c8bfa0>,55,19,[11  3],56,-1,130,-1,111
1,<environment.Job instance at 0x7f41d8c8bd20>,56,12,[2 5],57,-1,123,-1,111
1,<environment.Job instance at 0x7f41d8c8ba00>,57,22,[4 8],58,-1,133,-1,111
1,<environment.Job instance at 0x7f41d8c8beb0>,58,12,[9 1],59,-1,123,-1,111
1,<environment.Job instance at 0x7f41d8c8be60>,59,24,[6 2],60,-1,135,-1,111
1,<environment.Job instance at 0x7f41d8c8be10>,60,13,[ 1 12],61,-1,124,-1,111
1,<environment.Job instance at 0x7f41d8c863c0>,61,16,[ 2 12],62,-1,127,-1,111
1,<environment.Job instance at 0x7f41d8c8b9b0>,62,27,[ 3 11],63,-1,138,-1,111
1,<environment.Job instance at 0x7f41d8c86230>,63,21,[ 3 13],64,-1,132,-1,111
1,<environment.Job instance at 0x7f41d8cc0730>,3,12,[ 5 12],4,-1,16,-1,4
1,<environment.Job instance at 0x7f41d8cc0c80>,7,28,[3 5],8,-1,36,-1,8
1,<environment.Job instance at 0x7f41d8184aa0>,8,23,[8 3],9,-1,33,-1,10
1,<environment.Job instance at 0x7f41d8184690>,10,25,[ 4 10],11,-1,36,-1,11
1,<environment.Job instance at 0x7f41d8184e60>,15,15,[ 3 13],16,-1,44,-1,29
1,<environment.Job instance at 0x7f41d8184190>,17,16,[13  1],18,-1,45,-1,29
1,<environment.Job instance at 0x7f41d8184280>,19,14,[14  1],20,-1,45,-1,31
1,<environment.Job instance at 0x7f41d8184640>,21,19,[14  4],22,-1,65,-1,46
1,<environment.Job instance at 0x7f41d8184140>,24,14,[ 5 13],25,-1,92,-1,78
1,<environment.Job instance at 0x7f41d8184a50>,25,23,[ 3 10],26,-1,101,-1,78
1,<environment.Job instance at 0x7f41d8184be0>,28,27,[ 5 12],29,-1,125,-1,98
1,<environment.Job instance at 0x7f41d84b8690>,30,27,[ 3 13],31,-1,146,-1,119
1,<environment.Job instance at 0x7f41d84b8e60>,32,18,[11  3],33,-1,137,-1,119
1,<environment.Job instance at 0x7f41d84b8190>,33,27,[1 7],34,-1,146,-1,119
1,<environment.Job instance at 0x7f41d84b8190>,3,24,[14  1],4,-1,28,-1,4
1,<environment.Job instance at 0x7f41d87cfb90>,5,14,[ 1 13],6,-1,20,-1,6
1,<environment.Job instance at 0x7f41d87cf6e0>,6,17,[ 3 12],7,-1,24,-1,7
1,<environment.Job instance at 0x7f41d87cf690>,7,26,[11  2],8,-1,34,-1,8
1,<environment.Job instance at 0x7f41d87ccdc0>,9,24,[11  1],10,-1,34,-1,10
1,<environment.Job instance at 0x7f41d9042050>,10,23,[13  2],11,-1,34,-1,11
1,<environment.Job instance at 0x7f41d9042aa0>,11,18,[13  5],12,-1,30,-1,12
1,<environment.Job instance at 0x7f41d87ccd20>,13,28,[5 9],14,-1,42,-1,14
1,<environment.Job instance at 0x7f41d9042a00>,19,20,[ 5 12],20,-1,60,-1,40
1,<environment.Job instance at 0x7f41d90727d0>,20,18,[14  1],21,-1,58,-1,40
1,<environment.Job instance at 0x7f41d9072e60>,21,19,[ 2 14],22,-1,59,-1,40
1,<environment.Job instance at 0x7f41d9072b90>,22,24,[ 2 14],23,-1,64,-1,40
1,<environment.Job instance at 0x7f41d9072140>,23,28,[12  4],24,-1,68,-1,40
1,<environment.Job instance at 0x7f41d9072d20>,25,23,[3 6],26,-1,64,-1,41
1,<environment.Job instance at 0x7f41d9072af0>,26,25,[14  5],27,-1,66,-1,41
1,<environment.Job instance at 0x7f41d8ebc190>,30,18,[ 2 14],31,-1,93,-1,75
1,<environment.Job instance at 0x7f41d8f51a50>,31,28,[4 5],32,-1,103,-1,75
1,<environment.Job instance at 0x7f41d906b1e0>,33,21,[13  5],34,-1,117,-1,96
1,<environment.Job instance at 0x7f41d80025f0>,34,23,[10  5],35,-1,119,-1,96
1,<environment.Job instance at 0x7f41d8eb7dc0>,35,13,[13  4],36,-1,109,-1,96
1,<environment.Job instance at 0x7f41d8002960>,37,16,[ 5 14],38,-1,112,-1,96
1,<environment.Job instance at 0x7f41d8053e60>,3,23,[ 5 11],4,-1,27,-1,4
1,<environment.Job instance at 0x7f41d8053cd0>,4,26,[ 5 11],5,-1,31,-1,5
1,<environment.Job instance at 0x7f41d8053370>,7,27,[12  5],8,-1,35,-1,8
1,<environment.Job instance at 0x7f41d84cbe10>,8,19,[11  4],9,-1,28,-1,9
1,<environment.Job instance at 0x7f41d84cb0f0>,9,22,[ 2 11],10,-1,32,-1,10
1,<environment.Job instance at 0x7f41d84cb7d0>,13,18,[4 5],14,-1,50,-1,32
1,<environment.Job instance at 0x7f41d84cb690>,14,18,[14  1],15,-1,50,-1,32
1,<environment.Job instance at 0x7f41d84cb2d0>,15,13,[4 6],16,-1,45,-1,32
1,<environment.Job instance at 0x7f41d84cba00>,16,15,[12  1],17,-1,47,-1,32
1,<environment.Job instance at 0x7f41d84cb230>,17,13,[ 5 12],18,-1,45,-1,32
1,<environment.Job instance at 0x7f41d84cbc80>,18,28,[14  2],19,-1,60,-1,32
1,<environment.Job instance at 0x7f41d84cb5a0>,20,15,[ 5 11],21,-1,64,-1,49
1,<environment.Job instance at 0x7f41d84cbd70>,21,20,[ 3 11],22,-1,69,-1,49
1,<environment.Job instance at 0x7f41d84cb730>,22,28,[9 4],23,-1,77,-1,49
1,<environment.Job instance at 0x7f41d84cbaa0>,24,27,[ 3 13],25,-1,76,-1,49
1,<environment.Job instance at 0x7f41d84cb960>,25,23,[6 2],26,-1,72,-1,49
1,<environment.Job instance at 0x7f41d84cb140>,26,22,[ 1 13],27,-1,71,-1,49
1,<environment.Job instance at 0x7f41d84cb4b0>,27,13,[14  2],28,-1,62,-1,49
1,<environment.Job instance at 0x7f41d84cb280>,28,21,[9 5],29,-1,70,-1,49
1,<environment.Job instance at 0x7f41d84cb190>,29,24,[ 3 13],30,-1,73,-1,49
1,<environment.Job instance at 0x7f41d84cbaf0>,31,28,[11  3],32,-1,91,-1,63
1,<environment.Job instance at 0x7f41d7dda320>,32,24,[1 5],33,-1,87,-1,63
1,<environment.Job instance at 0x7f41d84cba50>,33,21,[9 5],34,-1,84,-1,63
1,<environment.Job instance at 0x7f41d7ddad20>,34,17,[10  3],35,-1,80,-1,63
1,<environment.Job instance at 0x7f41d7ddae10>,35,24,[7 4],36,-1,87,-1,63
1,<environment.Job instance at 0x7f41d7dda460>,36,19,[ 5 13],37,-1,82,-1,63
1,<environment.Job instance at 0x7f41d7dda910>,37,12,[4 7],38,-1,75,-1,63
1,<environment.Job instance at 0x7f41d7ddacd0>,39,17,[3 8],40,-1,81,-1,64
1,<environment.Job instance at 0x7f41d7ddaaf0>,40,15,[ 5 10],41,-1,79,-1,64
1,<environment.Job instance at 0x7f41d7dda050>,42,17,[ 2 10],43,-1,99,-1,82
1,<environment.Job instance at 0x7f41d7dda2d0>,43,28,[9 1],44,-1,110,-1,82
1,<environment.Job instance at 0x7f41d7ddadc0>,44,23,[ 2 10],45,-1,105,-1,82
1,<environment.Job instance at 0x7f41d7ddafa0>,46,18,[ 3 12],47,-1,100,-1,82
1,<environment.Job instance at 0x7f41d7dda0f0>,47,27,[ 5 11],48,-1,109,-1,82
1,<environment.Job instance at 0x7f41d7dda550>,48,18,[14  5],49,-1,100,-1,82
1,<environment.Job instance at 0x7f41d85f35f0>,49,22,[6 1],50,-1,104,-1,82
1,<environment.Job instance at 0x7f41d85f3320>,50,19,[ 1 12],51,-1,101,-1,82
1,<environment.Job instance at 0x7f41d85f3b40>,52,27,[10  5],53,-1,123,-1,96
1,<environment.Job instance at 0x7f41d85f31e0>,54,28,[5 5],55,-1,128,-1,100
1,<environment.Job instance at 0x7f41d85f3dc0>,55,27,[11  3],56,-1,127,-1,100
1,<environment.Job instance at 0x7f41d85f32d0>,56,24,[13  2],57,-1,124,-1,100
1,<environment.Job instance at 0x7f41d85f30f0>,57,20,[3 6],58,-1,120,-1,100
1,<environment.Job instance at 0x7f41d85f3370>,58,18,[ 3 10],59,-1,118,-1,100
1,<environment.Job instance at 0x7f41d85f3500>,59,16,[ 3 14],60,-1,116,-1,100
1,<environment.Job instance at 0x7f41d85f37d0>,60,24,[14  4],61,-1,124,-1,100
1,<environment.Job instance at 0x7f41d85f33c0>,61,13,[14  5],62,-1,113,-1,100
1,<environment.Job instance at 0x7f41d85f3410>,62,27,[8 4],63,-1,127,-1,100
1,<environment.Job instance at 0x7f41d85f3c30>,64,23,[6 1],65,-1,135,-1,112
1,<environment.Job instance at 0x7f41d85f3d20>,65,23,[ 5 12],66,-1,135,-1,112
1,<environment.Job instance at 0x7f41d85f3050>,66,24,[5 9],67,-1,136,-1,112
1,<environment.Job instance at 0x7f41d85f3460>,67,17,[ 3 13],68,-1,129,-1,112
1,<environment.Job instance at 0x7f41d85f3fa0>,68,25,[12  2],69,-1,137,-1,112
1,<environment.Job instance at 0x7f41d85f3960>,69,17,[ 1 14],70,-1,129,-1,112
1,<environment.Job instance at 0x7f41d85f3690>,70,25,[12  3],71,-1,137,-1,112
1,<environment.Job instance at 0x7f41d854a5a0>,71,27,[ 4 11],72,-1,139,-1,112
1,<environment.Job instance at 0x7f41d854a050>,72,23,[12  4],73,-1,135,-1,112
1,<environment.Job instance at 0x7f41d854aa00>,73,27,[7 5],74,-1,139,-1,112
1,<environment.Job instance at 0x7f41d854ab90>,75,25,[ 3 11],76,-1,139,-1,114
1,<environment.Job instance at 0x7f41d854aa50>,76,21,[ 4 11],77,-1,135,-1,114
1,<environment.Job instance at 0x7f41d854a0f0>,77,28,[2 8],78,-1,142,-1,114
1,<environment.Job instance at 0x7f41d854a4b0>,78,25,[ 1 12],79,-1,139,-1,114
1,<environment.Job instance at 0x7f41d854a640>,79,16,[ 5 13],80,-1,130,-1,114
1,<environment.Job instance at 0x7f41d854aaf0>,80,23,[5 5],81,-1,137,-1,114
1,<environment.Job instance at 0x7f41d854a410>,81,26,[14  4],82,-1,140,-1,114
1,<environment.Job instance at 0x7f41d854afa0>,82,25,[2 8],83,-1,139,-1,114
1,<environment.Job instance at 0x7f41d90a2280>,1,27,[10  3],2,-1,29,-1,2
1,<environment.Job instance at 0x7f41d854a1e0>,2,25,[ 3 12],3,-1,28,-1,3
1,<environment.Job instance at 0x7f41d7dab4b0>,3,13,[14  2],4,-1,17,-1,4
1,<environment.Job instance at 0x7f41d7dabd70>,4,12,[ 4 14],5,-1,17,-1,5
1,<environment.Job instance at 0x7f41d7dabc30>,5,26,[14  4],6,-1,32,-1,6
1,<environment.Job instance at 0x7f41d7946690>,6,23,[14  4],7,-1,30,-1,7
1,<environment.Job instance at 0x7f41d7946870>,7,26,[12  4],8,-1,34,-1,8
1,<environment.Job instance at 0x7f41d7946820>,8,23,[ 2 12],9,-1,32,-1,9
1,<environment.Job instance at 0x7f41d79462d0>,11,13,[ 4 13],12,-1,25,-1,12
1,<environment.Job instance at 0x7f41d854afa0>,13,24,[9 1],14,-1,38,-1,14
1,<environment.Job instance at 0x7f41d7946dc0>,14,14,[ 2 13],15,-1,29,-1,15
1,<environment.Job instance at 0x7f41d79464b0>,21,25,[ 2 12],22,-1,58,-1,33
1,<environment.Job instance at 0x7f41d79465f0>,23,26,[11  4],24,-1,72,-1,46
1,<environment.Job instance at 0x7f41d7946730>,24,26,[ 1 10],25,-1,72,-1,46
1,<environment.Job instance at 0x7f41d7946460>,26,25,[5 3],27,-1,75,-1,50
1,<environment.Job instance at 0x7f41d7967820>,28,15,[ 3 10],29,-1,86,-1,71
1,<environment.Job instance at 0x7f41d7967b40>,29,28,[14  3],30,-1,99,-1,71
1,<environment.Job instance at 0x7f41d7967190>,31,23,[ 4 10],32,-1,110,-1,87
1,<environment.Job instance at 0x7f41d7967e10>,32,28,[10  2],33,-1,115,-1,87
1,<environment.Job instance at 0x7f41d7967640>,34,24,[ 4 12],35,-1,111,-1,87
1,<environment.Job instance at 0x7f41d7967f00>,35,15,[14  1],36,-1,102,-1,87
1,<environment.Job instance at 0x7f41d7967af0>,36,28,[14  2],37,-1,115,-1,87
1,<environment.Job instance at 0x7f41d7967be0>,40,27,[ 2 12],41,-1,145,-1,118
1,<environment.Job instance at 0x7f41d79673c0>,41,25,[ 3 13],42,-1,143,-1,118
1,<environment.Job instance at 0x7f41d79676e0>,2,12,[ 4 12],3,-1,15,-1,3
1,<environment.Job instance at 0x7f41d8267910>,3,27,[ 4 14],4,-1,31,-1,4
1,<environment.Job instance at 0x7f41d8267500>,8,22,[ 4 13],9,-1,31,-1,9
1,<environment.Job instance at 0x7f41d8267c80>,9,24,[ 1 10],10,-1,34,-1,10
1,<environment.Job instance at 0x7f41d86d1690>,11,25,[14  1],12,-1,37,-1,12
1,<environment.Job instance at 0x7f41d86d1960>,14,28,[5 7],15,-1,51,-1,23
1,<environment.Job instance at 0x7f41d86d1d20>,15,28,[2 5],16,-1,51,-1,23
1,<environment.Job instance at 0x7f41d86d12d0>,16,28,[ 2 14],17,-1,51,-1,23
1,<environment.Job instance at 0x7f41d86d1500>,2,23,[ 3 11],3,-1,26,-1,3
1,<environment.Job instance at 0x7f41d8bc0fa0>,3,24,[ 4 14],4,-1,28,-1,4
1,<environment.Job instance at 0x7f41d86d1140>,5,13,[ 4 13],6,-1,19,-1,6
1,<environment.Job instance at 0x7f41d8bc0410>,6,25,[13  2],7,-1,32,-1,7
1,<environment.Job instance at 0x7f41d8bc0cd0>,7,14,[ 1 11],8,-1,22,-1,8
1,<environment.Job instance at 0x7f41d8bc00f0>,8,24,[7 4],9,-1,35,-1,11
1,<environment.Job instance at 0x7f41d79974b0>,11,26,[12  5],12,-1,38,-1,12
1,<environment.Job instance at 0x7f41d7997fa0>,12,28,[13  1],13,-1,41,-1,13
1,<environment.Job instance at 0x7f41d7997be0>,13,22,[ 5 14],14,-1,36,-1,14
1,<environment.Job instance at 0x7f41d7997370>,14,20,[ 4 12],15,-1,35,-1,15
1,<environment.Job instance at 0x7f41d7997b40>,15,24,[10  4],16,-1,40,-1,16
1,<environment.Job instance at 0x7f41d7997d70>,16,18,[14  3],17,-1,35,-1,17
1,<environment.Job instance at 0x7f41d7997780>,18,25,[6 2],19,-1,44,-1,19
1,<environment.Job instance at 0x7f41d7997d20>,19,20,[ 4 10],20,-1,53,-1,33
1,<environment.Job instance at 0x7f41d8002b40>,26,26,[6 2],27,-1,59,-1,33
1,<environment.Job instance at 0x7f41d8002370>,27,23,[8 1],28,-1,56,-1,33
1,<environment.Job instance at 0x7f41d8002910>,32,25,[3 8],33,-1,97,-1,72
1,<environment.Job instance at 0x7f41d80020a0>,33,17,[14  5],34,-1,89,-1,72
1,<environment.Job instance at 0x7f41d8002eb0>,34,15,[ 3 13],35,-1,87,-1,72
1,<environment.Job instance at 0x7f41d8002820>,35,21,[11  5],36,-1,93,-1,72
1,<environment.Job instance at 0x7f41d8002b90>,36,28,[4 9],37,-1,100,-1,72
1,<environment.Job instance at 0x7f41d8002fa0>,37,23,[12  5],38,-1,95,-1,72
1,<environment.Job instance at 0x7f41d8002aa0>,38,23,[ 2 14],39,-1,95,-1,72
1,<environment.Job instance at 0x7f41d8f65dc0>,40,24,[14  3],41,-1,100,-1,76
1,<environment.Job instance at 0x7f41d8f658c0>,41,28,[10  3],42,-1,104,-1,76
1,<environment.Job instance at 0x7f41d8f65690>,42,21,[4 7],43,-1,121,-1,100
1,<environment.Job instance at 0x7f41d8f656e0>,45,15,[ 1 10],46,-1,115,-1,100
1,<environment.Job instance at 0x7f41d8f65f00>,46,28,[ 5 13],47,-1,128,-1,100
1,<environment.Job instance at 0x7f41d8c88c30>,7,17,[12  2],8,-1,25,-1,8
1,<environment.Job instance at 0x7f41d8c88690>,8,24,[4 8],9,-1,34,-1,10
1,<environment.Job instance at 0x7f41d9021640>,13,17,[14  5],14,-1,58,-1,41
1,<environment.Job instance at 0x7f41d9021190>,14,12,[11  5],15,-1,53,-1,41
1,<environment.Job instance at 0x7f41d9021fa0>,16,12,[11  1],17,-1,53,-1,41
1,<environment.Job instance at 0x7f41d7fd7780>,19,12,[ 1 13],20,-1,85,-1,73
1,<environment.Job instance at 0x7f41d7fd76e0>,20,14,[11  1],21,-1,87,-1,73
1,<environment.Job instance at 0x7f41d7fd7a50>,21,21,[14  1],22,-1,94,-1,73
1,<environment.Job instance at 0x7f41d7fd7af0>,22,24,[5 5],23,-1,97,-1,73
1,<environment.Job instance at 0x7f41d7fd7050>,23,15,[ 4 11],24,-1,88,-1,73
1,<environment.Job instance at 0x7f41d7fd7eb0>,24,22,[14  4],25,-1,95,-1,73
1,<environment.Job instance at 0x7f41d7fd7c80>,26,23,[12  1],27,-1,96,-1,73
1,<environment.Job instance at 0x7f41d7fd7730>,27,28,[3 8],28,-1,101,-1,73
1,<environment.Job instance at 0x7f41d7fd7cd0>,28,16,[ 4 14],29,-1,89,-1,73
1,<environment.Job instance at 0x7f41d7fd7190>,29,21,[ 4 10],30,-1,115,-1,94
1,<environment.Job instance at 0x7f41d7fd7d70>,34,13,[ 2 12],35,-1,126,-1,113
1,<environment.Job instance at 0x7f41d7fd77d0>,35,18,[14  4],36,-1,131,-1,113
1,<environment.Job instance at 0x7f41d7fd78c0>,38,25,[12  5],39,-1,140,-1,115
1,<environment.Job instance at 0x7f41d89568c0>,1,17,[ 5 12],2,-1,19,-1,2
1,<environment.Job instance at 0x7f41d89567d0>,3,21,[12  2],4,-1,25,-1,4
1,<environment.Job instance at 0x7f41d8956fa0>,5,23,[ 3 13],6,-1,29,-1,6
1,<environment.Job instance at 0x7f41d8956f50>,6,14,[13  4],7,-1,21,-1,7
1,<environment.Job instance at 0x7f41d89565a0>,8,27,[ 1 10],9,-1,36,-1,9
1,<environment.Job instance at 0x7f41d7fd78c0>,10,20,[ 5 12],11,-1,31,-1,11
1,<environment.Job instance at 0x7f41d7ad3e10>,11,24,[9 4],12,-1,36,-1,12
1,<environment.Job instance at 0x7f41d7ad3e60>,9,14,[13  4],10,-1,26,-1,12
1,<environment.Job instance at 0x7f41d7ad3c30>,12,26,[5 5],13,-1,39,-1,13
1,<environment.Job instance at 0x7f41d7ad33c0>,15,20,[4 6],16,-1,53,-1,33
1,<environment.Job instance at 0x7f41d7ad3870>,20,12,[13  2],21,-1,45,-1,33
1,<environment.Job instance at 0x7f41d7ad3c80>,21,15,[14  4],22,-1,48,-1,33
1,<environment.Job instance at 0x7f41d8944910>,22,24,[5 3],23,-1,57,-1,33
1,<environment.Job instance at 0x7f41d89449b0>,23,17,[14  4],24,-1,50,-1,33
1,<environment.Job instance at 0x7f41d89446e0>,25,16,[12  2],26,-1,49,-1,33
1,<environment.Job instance at 0x7f41d8944a50>,26,13,[ 4 14],27,-1,46,-1,33
1,<environment.Job instance at 0x7f41d89448c0>,29,13,[14  3],30,-1,80,-1,67
1,<environment.Job instance at 0x7f41d8944fa0>,30,13,[4 7],31,-1,80,-1,67
1,<environment.Job instance at 0x7f41d8944f00>,31,28,[12  2],32,-1,95,-1,67
1,<environment.Job instance at 0x7f41d8944f50>,32,24,[12  5],33,-1,91,-1,67
1,<environment.Job instance at 0x7f41d8944a00>,34,12,[11  5],35,-1,80,-1,68
1,<environment.Job instance at 0x7f41d8944230>,35,18,[ 3 10],36,-1,86,-1,68
1,<environment.Job instance at 0x7f41d89445f0>,38,17,[ 3 14],39,-1,114,-1,97
1,<environment.Job instance at 0x7f41d8950500>,3,20,[ 4 13],4,-1,24,-1,4
1,<environment.Job instance at 0x7f41d8ab8910>,4,28,[12  1],5,-1,33,-1,5
1,<environment.Job instance at 0x7f41d8e91c80>,6,13,[14  2],7,-1,20,-1,7
1,<environment.Job instance at 0x7f41d8e91cd0>,10,21,[13  3],11,-1,43,-1,22
1,<environment.Job instance at 0x7f41d8e91190>,11,27,[13  4],12,-1,49,-1,22
1,<environment.Job instance at 0x7f41d8e913c0>,12,24,[8 1],13,-1,46,-1,22
1,<environment.Job instance at 0x7f41d8878e10>,14,14,[ 3 14],15,-1,37,-1,23
1,<environment.Job instance at 0x7f41d8878640>,16,20,[ 4 13],17,-1,49,-1,29
1,<environment.Job instance at 0x7f41d8878aa0>,17,12,[14  3],18,-1,41,-1,29
1,<environment.Job instance at 0x7f41d8878be0>,18,26,[5 1],19,-1,55,-1,29
1,<environment.Job instance at 0x7f41d88785a0>,19,21,[13  1],20,-1,50,-1,29
1,<environment.Job instance at 0x7f41d88783c0>,21,22,[13  4],22,-1,58,-1,36
1,<environment.Job instance at 0x7f41d8878190>,22,24,[1 8],23,-1,60,-1,36
1,<environment.Job instance at 0x7f41d88780a0>,23,20,[ 5 10],24,-1,59,-1,39
1,<environment.Job instance at 0x7f41d8878410>,26,12,[5 1],27,-1,63,-1,51
1,<environment.Job instance at 0x7f41d8878d20>,29,26,[7 5],30,-1,96,-1,70
1,<environment.Job instance at 0x7f41d8878460>,30,14,[ 5 12],31,-1,84,-1,70
1,<environment.Job instance at 0x7f41d8878b40>,32,26,[ 3 10],33,-1,109,-1,83
1,<environment.Job instance at 0x7f41d8878230>,33,27,[1 8],34,-1,110,-1,83
1,<environment.Job instance at 0x7f41d8878c30>,34,20,[13  5],35,-1,103,-1,83
1,<environment.Job instance at 0x7f41d8878370>,35,23,[5 7],36,-1,106,-1,83
1,<environment.Job instance at 0x7f41d88c0eb0>,37,15,[12  4],38,-1,98,-1,83
1,<environment.Job instance at 0x7f41d88c0be0>,38,25,[9 3],39,-1,108,-1,83
1,<environment.Job instance at 0x7f41d88c00f0>,41,12,[ 4 14],42,-1,109,-1,97
1,<environment.Job instance at 0x7f41d88c0dc0>,42,21,[ 4 14],43,-1,118,-1,97
1,<environment.Job instance at 0x7f41d88c06e0>,43,14,[ 1 13],44,-1,111,-1,97
1,<environment.Job instance at 0x7f41d88c09b0>,44,16,[12  5],45,-1,113,-1,97
1,<environment.Job instance at 0x7f41d88c0a00>,45,28,[4 5],46,-1,125,-1,97
1,<environment.Job instance at 0x7f41d88c0370>,46,27,[11  5],47,-1,124,-1,97
1,<environment.Job instance at 0x7f41d88c0190>,47,18,[11  3],48,-1,115,-1,97
1,<environment.Job instance at 0x7f41d88c08c0>,49,17,[ 2 13],50,-1,122,-1,105
1,<environment.Job instance at 0x7f41d88c0780>,50,13,[11  4],51,-1,118,-1,105
1,<environment.Job instance at 0x7f41d88c0320>,52,25,[14  5],53,-1,130,-1,105
1,<environment.Job instance at 0x7f41d88c0410>,53,24,[3 6],54,-1,129,-1,105
1,<environment.Job instance at 0x7f41d88c00a0>,54,13,[10  4],55,-1,118,-1,105
1,<environment.Job instance at 0x7f41d88c0c30>,55,22,[11  3],56,-1,127,-1,105
1,<environment.Job instance at 0x7f41d8a54d20>,56,12,[ 3 10],57,-1,117,-1,105
1,<environment.Job instance at 0x7f41d8a54730>,57,23,[10  1],58,-1,128,-1,105
1,<environment.Job instance at 0x7f41d8a54f00>,58,12,[8 1],59,-1,117,-1,105
1,<environment.Job instance at 0x7f41d8a54a00>,59,22,[4 8],60,-1,127,-1,105
1,<environment.Job instance at 0x7f41d8a543c0>,60,16,[ 4 11],61,-1,121,-1,105
1,<environment.Job instance at 0x7f41d8a54af0>,61,28,[ 4 13],62,-1,133,-1,105
1,<environment.Job instance at 0x7f41d8a548c0>,62,15,[ 5 14],63,-1,120,-1,105
1,<environment.Job instance at 0x7f41d8a54820>,63,25,[13  4],64,-1,130,-1,105
1,<environment.Job instance at 0x7f41d8a54550>,64,20,[13  5],65,-1,125,-1,105
1,<environment.Job instance at 0x7f41d8a546e0>,65,25,[7 3],66,-1,130,-1,105
1,<environment.Job instance at 0x7f41d8a54e60>,66,16,[ 5 11],67,-1,121,-1,105
1,<environment.Job instance at 0x7f41d8a545a0>,68,21,[14  2],69,-1,132,-1,111
1,<environment.Job instance at 0x7f41d8a540a0>,69,13,[12  4],70,-1,124,-1,111
1,<environment.Job instance at 0x7f41d77c6fa0>,70,26,[14  5],71,-1,137,-1,111
1,<environment.Job instance at 0x7f41d77c64b0>,71,12,[7 5],72,-1,127,-1,115
1,<environment.Job instance at 0x7f41d77c67d0>,72,19,[ 2 13],73,-1,134,-1,115
1,<environment.Job instance at 0x7f41d77c6f50>,73,24,[5 3],74,-1,139,-1,115
1,<environment.Job instance at 0x7f41d77e25f0>,5,12,[ 3 14],6,-1,18,-1,6
1,<environment.Job instance at 0x7f41d77e2a50>,6,24,[11  4],7,-1,31,-1,7
1,<environment.Job instance at 0x7f41d8eb5370>,7,21,[10  3],8,-1,63,-1,42
1,<environment.Job instance at 0x7f41d77f14b0>,14,17,[12  3],15,-1,59,-1,42
1,<environment.Job instance at 0x7f41d77f1c30>,15,16,[5 1],16,-1,58,-1,42
1,<environment.Job instance at 0x7f41d77f1b40>,20,18,[14  5],21,-1,122,-1,104
1,<environment.Job instance at 0x7f41d7baec30>,21,13,[8 4],22,-1,118,-1,105
1,<environment.Job instance at 0x7f41d77f1690>,22,28,[5 5],23,-1,133,-1,105
1,<environment.Job instance at 0x7f41d77f1b90>,23,18,[1 6],24,-1,123,-1,105
1,<environment.Job instance at 0x7f41d77db6e0>,24,28,[14  1],25,-1,133,-1,105
1,<environment.Job instance at 0x7f41d77db0a0>,25,24,[13  1],26,-1,129,-1,105
1,<environment.Job instance at 0x7f41d77dbf00>,27,26,[8 3],28,-1,134,-1,108
1,<environment.Job instance at 0x7f41d77dbc30>,28,24,[13  4],29,-1,132,-1,108
1,<environment.Job instance at 0x7f41d77db2d0>,29,13,[6 1],30,-1,121,-1,108
1,<environment.Job instance at 0x7f41d77dbc80>,31,19,[ 5 14],32,-1,130,-1,111
1,<environment.Job instance at 0x7f41d77dbdc0>,30,18,[2 9],31,-1,129,-1,111
1,<environment.Job instance at 0x7f41d7ba33c0>,33,17,[ 5 14],34,-1,128,-1,111
1,<environment.Job instance at 0x7f41d8efafa0>,34,13,[ 2 11],35,-1,124,-1,111
1,<environment.Job instance at 0x7f41d7eacdc0>,35,24,[6 4],36,-1,135,-1,111
1,<environment.Job instance at 0x7f41d7eac320>,36,24,[ 2 13],37,-1,135,-1,111
1,<environment.Job instance at 0x7f41d7d72640>,3,17,[7 1],4,-1,29,-1,12
1,<environment.Job instance at 0x7f41d7d72f50>,7,26,[11  4],8,-1,38,-1,12
1,<environment.Job instance at 0x7f41d7d725a0>,8,19,[ 4 11],9,-1,31,-1,12
1,<environment.Job instance at 0x7f41d7d72b40>,9,16,[7 2],10,-1,32,-1,16
1,<environment.Job instance at 0x7f41d7d72af0>,10,21,[1 5],11,-1,37,-1,16
1,<environment.Job instance at 0x7f41d7d72f00>,11,27,[5 2],12,-1,43,-1,16
1,<environment.Job instance at 0x7f41d7d72d20>,12,14,[ 2 10],13,-1,30,-1,16
1,<environment.Job instance at 0x7f41d7d723c0>,13,21,[ 3 11],14,-1,37,-1,16
1,<environment.Job instance at 0x7f41d7d72c80>,14,18,[2 7],15,-1,34,-1,16
1,<environment.Job instance at 0x7f41d7d72460>,15,12,[ 1 13],16,-1,28,-1,16
1,<environment.Job instance at 0x7f41d80d6640>,17,22,[9 3],18,-1,58,-1,36
1,<environment.Job instance at 0x7f41d80d6e60>,20,13,[1 8],21,-1,49,-1,36
1,<environment.Job instance at 0x7f41d80d66e0>,21,15,[13  5],22,-1,51,-1,36
1,<environment.Job instance at 0x7f41d80d6190>,23,14,[11  1],24,-1,52,-1,38
1,<environment.Job instance at 0x7f41d80d6be0>,24,22,[7 3],25,-1,61,-1,39
1,<environment.Job instance at 0x7f41d80d6f50>,25,19,[12  3],26,-1,58,-1,39
1,<environment.Job instance at 0x7f41d80d6f00>,26,14,[12  4],27,-1,53,-1,39
1,<environment.Job instance at 0x7f41d80d6b90>,27,18,[ 1 13],28,-1,57,-1,39
1,<environment.Job instance at 0x7f41d80d65f0>,29,26,[ 2 12],30,-1,69,-1,43
1,<environment.Job instance at 0x7f41d80d65a0>,30,14,[4 9],31,-1,57,-1,43
1,<environment.Job instance at 0x7f41d8ac1f50>,31,14,[2 9],32,-1,57,-1,43
1,<environment.Job instance at 0x7f41d8ac1320>,32,19,[ 2 13],33,-1,62,-1,43
1,<environment.Job instance at 0x7f41d8ac1f00>,33,28,[ 5 10],34,-1,71,-1,43
1,<environment.Job instance at 0x7f41d8ac1280>,34,19,[13  2],35,-1,62,-1,43
1,<environment.Job instance at 0x7f41d8ac1140>,35,26,[9 1],36,-1,69,-1,43
1,<environment.Job instance at 0x7f41d8ac1640>,36,27,[11  4],37,-1,70,-1,43
1,<environment.Job instance at 0x7f41d8ac1780>,37,13,[14  2],38,-1,56,-1,43
1,<environment.Job instance at 0x7f41d8ac17d0>,39,21,[ 1 13],40,-1,78,-1,57
1,<environment.Job instance at 0x7f41d8ac1730>,41,21,[4 6],42,-1,81,-1,60
1,<environment.Job instance at 0x7f41d8ac1cd0>,42,16,[ 1 12],43,-1,76,-1,60
1,<environment.Job instance at 0x7f41d80c5690>,43,16,[12  5],44,-1,76,-1,60
1,<environment.Job instance at 0x7f41d80c50f0>,44,25,[10  1],45,-1,85,-1,60
1,<environment.Job instance at 0x7f41d80c56e0>,45,23,[4 9],46,-1,83,-1,60
1,<environment.Job instance at 0x7f41d80c5460>,46,24,[ 2 12],47,-1,84,-1,60
1,<environment.Job instance at 0x7f41d80c5190>,47,15,[10  3],48,-1,83,-1,68
1,<environment.Job instance at 0x7f41d80c5cd0>,48,12,[8 1],49,-1,80,-1,68
1,<environment.Job instance at 0x7f41d80c5280>,49,21,[7 4],50,-1,92,-1,71
1,<environment.Job instance at 0x7f41d80c51e0>,50,22,[5 4],51,-1,93,-1,71
1,<environment.Job instance at 0x7f41d80c5d70>,51,16,[ 1 11],52,-1,87,-1,71
1,<environment.Job instance at 0x7f41d80c5aa0>,52,19,[14  3],53,-1,90,-1,71
1,<environment.Job instance at 0x7f41d80c5820>,53,25,[1 9],54,-1,96,-1,71
1,<environment.Job instance at 0x7f41d80c5fa0>,54,21,[ 4 12],55,-1,92,-1,71
1,<environment.Job instance at 0x7f41d80c5870>,55,27,[9 3],56,-1,98,-1,71
1,<environment.Job instance at 0x7f41d8fc8f50>,56,24,[14  4],57,-1,95,-1,71
1,<environment.Job instance at 0x7f41d8fc81e0>,57,28,[6 2],58,-1,99,-1,71
1,<environment.Job instance at 0x7f41d8fc8190>,58,12,[ 4 12],59,-1,83,-1,71
1,<environment.Job instance at 0x7f41d8fc8050>,59,25,[2 7],60,-1,96,-1,71
1,<environment.Job instance at 0x7f41d8fc8c80>,60,26,[14  2],61,-1,97,-1,71
1,<environment.Job instance at 0x7f41d8fc8b90>,61,23,[13  4],62,-1,94,-1,71
1,<environment.Job instance at 0x7f41d8fc8410>,62,28,[6 1],63,-1,99,-1,71
1,<environment.Job instance at 0x7f41d8fc8640>,63,21,[5 9],64,-1,92,-1,71
1,<environment.Job instance at 0x7f41d8fc8aa0>,64,16,[3 9],65,-1,88,-1,72
1,<environment.Job instance at 0x7f41d8fc88c0>,65,21,[4 9],66,-1,93,-1,72
1,<environment.Job instance at 0x7f41d8fc8370>,66,16,[ 4 12],67,-1,88,-1,72
1,<environment.Job instance at 0x7f41d8fc8280>,67,15,[12  4],68,-1,87,-1,72
1,<environment.Job instance at 0x7f41d8fc8690>,69,28,[11  1],70,-1,100,-1,72
1,<environment.Job instance at 0x7f41d8fc2a00>,71,26,[13  2],72,-1,98,-1,72
1,<environment.Job instance at 0x7f41d8fc2eb0>,72,21,[ 3 11],73,-1,94,-1,73
1,<environment.Job instance at 0x7f41d8fc2190>,75,25,[6 4],76,-1,117,-1,92
1,<environment.Job instance at 0x7f41d8fc2460>,76,21,[14  5],77,-1,113,-1,92
1,<environment.Job instance at 0x7f41d8fc2280>,77,26,[ 5 13],78,-1,118,-1,92
1,<environment.Job instance at 0x7f41d8fc2be0>,79,27,[ 4 13],80,-1,124,-1,97
1,<environment.Job instance at 0x7f41d8fc2c30>,80,17,[ 5 12],81,-1,114,-1,97
1,<environment.Job instance at 0x7f41d8fc2c80>,81,22,[13  3],82,-1,119,-1,97
1,<environment.Job instance at 0x7f41d8fc2e10>,82,28,[ 4 10],83,-1,125,-1,97
1,<environment.Job instance at 0x7f41d8fc2640>,83,14,[ 2 13],84,-1,111,-1,97
1,<environment.Job instance at 0x7f41d8fdfe60>,84,14,[1 5],85,-1,112,-1,98
1,<environment.Job instance at 0x7f41d8fdf140>,3,25,[5 3],4,-1,29,-1,4
1,<environment.Job instance at 0x7f41d83f48c0>,5,19,[ 4 14],6,-1,25,-1,6
1,<environment.Job instance at 0x7f41d83f4a00>,6,13,[ 4 13],7,-1,20,-1,7
1,<environment.Job instance at 0x7f41d83f4be0>,8,26,[10  5],9,-1,35,-1,9
1,<environment.Job instance at 0x7f41d83f4c80>,9,14,[14  1],10,-1,24,-1,10
1,<environment.Job instance at 0x7f41d83f4d20>,10,17,[13  2],11,-1,28,-1,11
1,<environment.Job instance at 0x7f41d83f4dc0>,11,23,[8 3],12,-1,38,-1,15
1,<environment.Job instance at 0x7f41d83f4f50>,15,16,[13  2],16,-1,32,-1,16
1,<environment.Job instance at 0x7f41d83f00a0>,16,28,[12  2],17,-1,45,-1,17
1,<environment.Job instance at 0x7f41d83f0140>,17,12,[ 5 14],18,-1,30,-1,18
1,<environment.Job instance at 0x7f41d83f01e0>,18,14,[14  2],19,-1,33,-1,19
1,<environment.Job instance at 0x7f41d83f0280>,19,14,[ 2 10],20,-1,34,-1,20
1,<environment.Job instance at 0x7fdac4b6c550>,4,24,[7 2],5,-1,29,-1,5
1,<environment.Job instance at 0x7fdac4b6c460>,3,13,[12  4],4,-1,18,-1,5
1,<environment.Job instance at 0x7fdac4b6c640>,5,24,[ 2 14],6,-1,30,-1,6
1,<environment.Job instance at 0x7fdac4b6c730>,6,15,[ 2 14],7,-1,22,-1,7
1,<environment.Job instance at 0x7fdac4b6c7d0>,7,26,[9 3],8,-1,34,-1,8
1,<environment.Job instance at 0x7fdac4b6c870>,8,20,[ 4 13],9,-1,29,-1,9
1,<environment.Job instance at 0x7fdac4b6c910>,9,16,[12  1],10,-1,26,-1,10
1,<environment.Job instance at 0x7fdac4b6cb90>,12,28,[ 1 14],13,-1,41,-1,13
1,<environment.Job instance at 0x7fdac4b6cb40>,14,15,[14  4],15,-1,30,-1,15
1,<environment.Job instance at 0x7fdac4b6cdc0>,15,20,[ 3 12],16,-1,36,-1,16
1,<environment.Job instance at 0x7fdac4b6ce60>,16,28,[5 1],17,-1,46,-1,18
1,<environment.Job instance at 0x7fdac4b6c690>,18,18,[13  1],19,-1,37,-1,19
1,<environment.Job instance at 0x7fdac4b6f050>,19,23,[8 4],20,-1,43,-1,20
1,<environment.Job instance at 0x7fdac4b6f0f0>,20,17,[ 2 14],21,-1,38,-1,21
1,<environment.Job instance at 0x7fdac4b6f190>,21,14,[ 4 11],22,-1,36,-1,22
1,<environment.Job instance at 0x7fdac4b6f2d0>,23,16,[12  2],24,-1,40,-1,24
1,<environment.Job instance at 0x7fdac4b6f910>,31,28,[ 2 10],32,-1,131,-1,103
1,<environment.Job instance at 0x7fdac4b6fa50>,33,28,[6 4],34,-1,140,-1,112
1,<environment.Job instance at 0x7fdac4b6faf0>,34,24,[5 5],35,-1,136,-1,112
1,<environment.Job instance at 0x7fdac51b1e10>,4,26,[4 7],5,-1,31,-1,5
1,<environment.Job instance at 0x7fdac51b1e60>,5,17,[ 5 12],6,-1,23,-1,6
1,<environment.Job instance at 0x7fdac4b6fb90>,2,21,[14  2],3,-1,28,-1,7
1,<environment.Job instance at 0x7fdac51b1be0>,13,14,[ 3 12],14,-1,33,-1,19
1,<environment.Job instance at 0x7fdac51b1cd0>,14,15,[ 2 13],15,-1,34,-1,19
1,<environment.Job instance at 0x7fdac4cd3b40>,15,26,[7 2],16,-1,45,-1,19
1,<environment.Job instance at 0x7fdac4cd39b0>,16,20,[13  4],17,-1,39,-1,19
1,<environment.Job instance at 0x7fdac4cd3910>,17,21,[9 2],18,-1,73,-1,52
1,<environment.Job instance at 0x7fdac4cd3f50>,20,24,[ 2 13],21,-1,76,-1,52
1,<environment.Job instance at 0x7fdac4cd3c30>,21,28,[7 1],22,-1,80,-1,52
1,<environment.Job instance at 0x7fdac4cd31e0>,22,12,[1 5],23,-1,64,-1,52
1,<environment.Job instance at 0x7fdac4cd37d0>,23,27,[9 2],24,-1,79,-1,52
1,<environment.Job instance at 0x7fdac4cd3aa0>,24,26,[12  4],25,-1,78,-1,52
1,<environment.Job instance at 0x7fdac427c320>,30,26,[5 4],31,-1,145,-1,119
1,<environment.Job instance at 0x7fdac457b730>,31,23,[ 3 14],32,-1,142,-1,119
1,<environment.Job instance at 0x7fdac4291320>,32,19,[2 5],33,-1,138,-1,119
1,<environment.Job instance at 0x7fdac457e6e0>,33,17,[13  1],34,-1,136,-1,119
1,<environment.Job instance at 0x7fdac45f6410>,34,22,[3 8],35,-1,141,-1,119
1,<environment.Job instance at 0x7fdac45c9c80>,35,16,[11  3],36,-1,135,-1,119
1,<environment.Job instance at 0x7fdac45c9be0>,36,24,[13  4],37,-1,143,-1,119
1,<environment.Job instance at 0x7fdac45c9e60>,37,18,[14  2],38,-1,137,-1,119
1,<environment.Job instance at 0x7fdac45c9d20>,38,14,[6 3],39,-1,133,-1,119
1,<environment.Job instance at 0x7fdac45a5f50>,39,17,[14  3],40,-1,136,-1,119
1,<environment.Job instance at 0x7fdac4583550>,40,24,[ 4 11],41,-1,143,-1,119
1,<environment.Job instance at 0x7fdac460a9b0>,41,14,[ 5 10],42,-1,133,-1,119
1,<environment.Job instance at 0x7fdac41ce320>,43,13,[5 7],44,-1,141,-1,128
1,<environment.Job instance at 0x7fdac428a4b0>,44,25,[14  5],45,-1,153,-1,128
1,<environment.Job instance at 0x7fdac46a7870>,45,24,[3 7],46,-1,152,-1,128
1,<environment.Job instance at 0x7fdac46a7910>,46,19,[3 8],47,-1,147,-1,128
1,<environment.Job instance at 0x7fdac467e280>,47,17,[11  1],48,-1,145,-1,128
1,<environment.Job instance at 0x7fdac467eb90>,48,27,[ 3 13],49,-1,155,-1,128
1,<environment.Job instance at 0x7fdac4663190>,49,16,[8 4],50,-1,144,-1,128
1,<environment.Job instance at 0x7fdac46630f0>,50,26,[3 9],51,-1,154,-1,128
1,<environment.Job instance at 0x7fdac4611cd0>,51,19,[11  4],52,-1,147,-1,128
1,<environment.Job instance at 0x7fdac4611960>,52,24,[4 9],53,-1,152,-1,128
1,<environment.Job instance at 0x7fdac46115f0>,53,25,[13  2],54,-1,153,-1,128
1,<environment.Job instance at 0x7fdac4611780>,54,23,[6 4],55,-1,151,-1,128
1,<environment.Job instance at 0x7fdac47485f0>,55,22,[12  2],56,-1,150,-1,128
1,<environment.Job instance at 0x7fdac4611e60>,56,17,[9 2],57,-1,145,-1,128
1,<environment.Job instance at 0x7fdac4667e10>,57,16,[1 7],58,-1,144,-1,128
1,<environment.Job instance at 0x7fdac4667dc0>,58,13,[ 3 11],59,-1,141,-1,128
1,<environment.Job instance at 0x7fdac4667b40>,59,14,[14  1],60,-1,142,-1,128
1,<environment.Job instance at 0x7fdac4617500>,60,14,[12  1],61,-1,142,-1,128
1,<environment.Job instance at 0x7fdac4617b90>,61,17,[12  4],62,-1,145,-1,128
1,<environment.Job instance at 0x7fdac4236cd0>,1,20,[ 4 11],2,-1,22,-1,2
1,<environment.Job instance at 0x7fdac4236870>,12,13,[14  2],13,-1,91,-1,78
1,<environment.Job instance at 0x7fdac4236eb0>,13,13,[ 5 11],14,-1,91,-1,78
1,<environment.Job instance at 0x7fdac427c6e0>,14,18,[ 3 14],15,-1,96,-1,78
1,<environment.Job instance at 0x7fdac427c8c0>,16,22,[7 5],17,-1,106,-1,84
1,<environment.Job instance at 0x7fdac44e7c80>,1,14,[ 5 12],2,-1,16,-1,2
1,<environment.Job instance at 0x7fdac4ab1aa0>,3,25,[8 3],4,-1,29,-1,4
1,<environment.Job instance at 0x7fdac4645230>,4,16,[ 2 11],5,-1,21,-1,5
1,<environment.Job instance at 0x7fdac4575f00>,5,28,[ 3 11],6,-1,34,-1,6
1,<environment.Job instance at 0x7fdac4575280>,6,15,[13  4],7,-1,22,-1,7
1,<environment.Job instance at 0x7fdac4575d20>,7,24,[2 7],8,-1,32,-1,8
1,<environment.Job instance at 0x7fdac44959b0>,8,16,[14  5],9,-1,25,-1,9
1,<environment.Job instance at 0x7fdac45b23c0>,10,27,[14  3],11,-1,38,-1,11
1,<environment.Job instance at 0x7fdac47ec280>,11,18,[ 1 14],12,-1,30,-1,12
1,<environment.Job instance at 0x7fdac50ac9b0>,14,13,[ 1 12],15,-1,28,-1,15
1,<environment.Job instance at 0x7fdac46915a0>,16,28,[5 7],17,-1,46,-1,18
1,<environment.Job instance at 0x7fdac45a5640>,18,17,[13  3],19,-1,36,-1,19
1,<environment.Job instance at 0x7fdac45a52d0>,19,22,[ 3 11],20,-1,42,-1,20
1,<environment.Job instance at 0x7fdac47e3e60>,24,13,[12  4],25,-1,79,-1,66
1,<environment.Job instance at 0x7fdac4234fa0>,25,23,[9 4],26,-1,89,-1,66
1,<environment.Job instance at 0x7fdace2e3c80>,26,13,[ 3 14],27,-1,79,-1,66
1,<environment.Job instance at 0x7fdacdf2e730>,27,24,[ 4 14],28,-1,90,-1,66
1,<environment.Job instance at 0x7fdac41f01e0>,29,24,[13  3],30,-1,90,-1,66
1,<environment.Job instance at 0x7fdac42b9fa0>,30,27,[9 5],31,-1,93,-1,66
1,<environment.Job instance at 0x7fdac425c9b0>,31,22,[13  5],32,-1,88,-1,66
1,<environment.Job instance at 0x7fdac425c870>,32,14,[ 3 13],33,-1,80,-1,66
1,<environment.Job instance at 0x7fdac41f7d70>,33,26,[14  2],34,-1,92,-1,66
1,<environment.Job instance at 0x7fdac41f5c30>,34,13,[13  4],35,-1,79,-1,66
1,<environment.Job instance at 0x7fdac427e4b0>,35,21,[ 4 10],36,-1,95,-1,74
1,<environment.Job instance at 0x7fdac41f5d20>,36,23,[2 8],37,-1,98,-1,75
1,<environment.Job instance at 0x7fdac427e050>,37,25,[11  1],38,-1,100,-1,75
1,<environment.Job instance at 0x7fdac47f7a50>,38,19,[13  3],39,-1,94,-1,75
1,<environment.Job instance at 0x7fdac47f73c0>,40,25,[13  4],41,-1,100,-1,75
1,<environment.Job instance at 0x7fdac4968e60>,2,26,[ 2 13],3,-1,29,-1,3
1,<environment.Job instance at 0x7fdac497d870>,4,25,[ 4 10],5,-1,30,-1,5
1,<environment.Job instance at 0x7fdac49f0550>,5,26,[7 1],6,-1,32,-1,6
1,<environment.Job instance at 0x7fdac49f0af0>,7,17,[ 4 13],8,-1,25,-1,8
1,<environment.Job instance at 0x7fdac49fd6e0>,12,13,[14  2],13,-1,32,-1,19
1,<environment.Job instance at 0x7fdac49fd5a0>,14,24,[10  1],15,-1,47,-1,23
1,<environment.Job instance at 0x7fdac49fd1e0>,17,16,[ 2 10],18,-1,57,-1,41
1,<environment.Job instance at 0x7fdac49fd280>,18,26,[14  2],19,-1,67,-1,41
1,<environment.Job instance at 0x7fdac49fdd20>,19,25,[13  4],20,-1,66,-1,41
1,<environment.Job instance at 0x7fdac49fdf50>,20,27,[6 1],21,-1,68,-1,41
1,<environment.Job instance at 0x7fdac49fde60>,21,26,[ 3 14],22,-1,67,-1,41
1,<environment.Job instance at 0x7fdac49d5eb0>,23,16,[12  2],24,-1,60,-1,44
1,<environment.Job instance at 0x7fdac4a06b40>,24,17,[ 4 11],25,-1,61,-1,44
1,<environment.Job instance at 0x7fdac4a06320>,27,16,[ 1 13],28,-1,72,-1,56
1,<environment.Job instance at 0x7fdac4a06640>,28,18,[14  2],29,-1,74,-1,56
1,<environment.Job instance at 0x7fdac4a06f50>,29,21,[1 7],30,-1,77,-1,56
1,<environment.Job instance at 0x7fdac4a061e0>,31,16,[6 1],32,-1,72,-1,56
1,<environment.Job instance at 0x7fdac49e3e60>,32,17,[ 2 12],33,-1,73,-1,56
1,<environment.Job instance at 0x7fdac49e3b90>,33,14,[10  3],34,-1,70,-1,56
1,<environment.Job instance at 0x7fdac49e3cd0>,34,18,[4 7],35,-1,74,-1,56
1,<environment.Job instance at 0x7fdac49e3370>,35,22,[ 5 13],36,-1,78,-1,56
1,<environment.Job instance at 0x7fdac49e3550>,36,12,[ 3 11],37,-1,68,-1,56
1,<environment.Job instance at 0x7fdac49e3f50>,37,27,[11  2],38,-1,83,-1,56
1,<environment.Job instance at 0x7fdac49e3d70>,38,21,[5 6],39,-1,77,-1,56
1,<environment.Job instance at 0x7fdac49e35f0>,39,14,[ 3 10],40,-1,70,-1,56
1,<environment.Job instance at 0x7fdac49e37d0>,40,13,[4 5],41,-1,69,-1,56
1,<environment.Job instance at 0x7fdac4fa1640>,41,22,[ 4 12],42,-1,78,-1,56
1,<environment.Job instance at 0x7fdac4124be0>,42,16,[1 5],43,-1,74,-1,58
1,<environment.Job instance at 0x7fdac412a640>,43,18,[4 9],44,-1,76,-1,58
1,<environment.Job instance at 0x7fdac412a730>,44,27,[12  1],45,-1,85,-1,58
1,<environment.Job instance at 0x7fdac4fd7be0>,45,18,[14  5],46,-1,76,-1,58
1,<environment.Job instance at 0x7fdac412a0a0>,46,13,[ 5 11],47,-1,71,-1,58
1,<environment.Job instance at 0x7fdac4fd7370>,47,27,[12  2],48,-1,85,-1,58
1,<environment.Job instance at 0x7fdac4fd7960>,48,13,[10  1],49,-1,71,-1,58
1,<environment.Job instance at 0x7fdac56440f0>,49,27,[5 1],50,-1,85,-1,58
1,<environment.Job instance at 0x7fdac4152a50>,50,28,[ 5 10],51,-1,86,-1,58
1,<environment.Job instance at 0x7fdac502d8c0>,51,27,[11  5],52,-1,85,-1,58
1,<environment.Job instance at 0x7fdac41bd550>,52,23,[14  5],53,-1,81,-1,58
1,<environment.Job instance at 0x7fdac415a910>,53,16,[12  4],54,-1,74,-1,58
1,<environment.Job instance at 0x7fdac415a8c0>,54,18,[ 1 10],55,-1,76,-1,58
1,<environment.Job instance at 0x7fdac497d550>,55,27,[12  4],56,-1,85,-1,58
1,<environment.Job instance at 0x7fdac49f00f0>,56,20,[ 5 12],57,-1,78,-1,58
1,<environment.Job instance at 0x7fdac452ce60>,57,28,[12  4],58,-1,86,-1,58
1,<environment.Job instance at 0x7fdac41ae640>,58,16,[ 1 14],59,-1,75,-1,59
1,<environment.Job instance at 0x7fdac4169fa0>,61,28,[13  3],62,-1,102,-1,74
1,<environment.Job instance at 0x7fdac418d460>,62,22,[ 3 11],63,-1,96,-1,74
1,<environment.Job instance at 0x7fdac4169dc0>,63,21,[ 2 13],64,-1,95,-1,74
1,<environment.Job instance at 0x7fdac4169d70>,64,22,[10  2],65,-1,96,-1,74
1,<environment.Job instance at 0x7fdac415b0f0>,65,26,[13  3],66,-1,100,-1,74
1,<environment.Job instance at 0x7fdac415b6e0>,66,24,[8 2],67,-1,98,-1,74
1,<environment.Job instance at 0x7fdac4157730>,68,12,[11  1],69,-1,95,-1,83
1,<environment.Job instance at 0x7fdac4a06eb0>,69,17,[11  3],70,-1,100,-1,83
1,<environment.Job instance at 0x7fdac41c7d70>,70,16,[12  1],71,-1,99,-1,83
1,<environment.Job instance at 0x7fdac41a0d20>,71,15,[ 4 13],72,-1,98,-1,83
1,<environment.Job instance at 0x7fdac41576e0>,72,28,[13  1],73,-1,111,-1,83
1,<environment.Job instance at 0x7fdac49d5410>,73,24,[ 4 13],74,-1,107,-1,83
1,<environment.Job instance at 0x7fdac49d52d0>,74,18,[ 1 11],75,-1,101,-1,83
1,<environment.Job instance at 0x7fdac49d5870>,75,18,[2 5],76,-1,102,-1,84
1,<environment.Job instance at 0x7fdac49de690>,76,14,[12  5],77,-1,98,-1,84
1,<environment.Job instance at 0x7fdac49fde10>,77,21,[13  2],78,-1,105,-1,84
1,<environment.Job instance at 0x7fdac49fd640>,78,14,[3 9],79,-1,98,-1,84
1,<environment.Job instance at 0x7fdac49fdd70>,79,28,[13  2],80,-1,112,-1,84
1,<environment.Job instance at 0x7fdac41778c0>,80,14,[5 1],81,-1,98,-1,84
1,<environment.Job instance at 0x7fdac4177690>,81,24,[2 6],82,-1,108,-1,84
1,<environment.Job instance at 0x7fdac41770a0>,82,13,[ 5 12],83,-1,97,-1,84
1,<environment.Job instance at 0x7fdac4176b40>,83,20,[ 2 11],84,-1,104,-1,84
1,<environment.Job instance at 0x7fdac4176820>,85,14,[11  2],86,-1,102,-1,88
1,<environment.Job instance at 0x7fdac4176c80>,86,21,[ 1 10],87,-1,109,-1,88
1,<environment.Job instance at 0x7fdac4176460>,87,25,[3 7],88,-1,113,-1,88
1,<environment.Job instance at 0x7fdac41763c0>,89,22,[ 4 10],90,-1,119,-1,97
1,<environment.Job instance at 0x7fdac41765a0>,90,25,[ 5 14],91,-1,122,-1,97
1,<environment.Job instance at 0x7fdac41768c0>,91,17,[ 1 13],92,-1,114,-1,97
1,<environment.Job instance at 0x7fdac4176dc0>,92,16,[ 1 13],93,-1,113,-1,97
1,<environment.Job instance at 0x7fdac41760a0>,93,28,[2 7],94,-1,125,-1,97
1,<environment.Job instance at 0x7fdac4171960>,94,19,[3 6],95,-1,117,-1,98
1,<environment.Job instance at 0x7fdac4171f00>,95,25,[3 9],96,-1,123,-1,98
1,<environment.Job instance at 0x7fdac4171b40>,96,15,[6 1],97,-1,118,-1,103
1,<environment.Job instance at 0x7fdac4171d20>,97,13,[ 1 13],98,-1,116,-1,103
1,<environment.Job instance at 0x7fdac4171a00>,98,28,[3 6],99,-1,131,-1,103
1,<environment.Job instance at 0x7fdac4171870>,99,12,[ 4 11],100,-1,115,-1,103
1,<environment.Job instance at 0x7fdac4171280>,100,12,[2 8],101,-1,117,-1,105
1,<environment.Job instance at 0x7fdac41710f0>,102,22,[ 5 12],103,-1,127,-1,105
1,<environment.Job instance at 0x7fdac4171640>,103,17,[13  5],104,-1,122,-1,105
1,<environment.Job instance at 0x7fdac41715f0>,105,13,[12  4],106,-1,123,-1,110
1,<environment.Job instance at 0x7fdac4174730>,106,14,[4 9],107,-1,124,-1,110
1,<environment.Job instance at 0x7fdac4174500>,107,18,[8 3],108,-1,134,-1,116
1,<environment.Job instance at 0x7fdac4174f00>,109,15,[1 8],110,-1,131,-1,116
1,<environment.Job instance at 0x7fdac4174960>,110,14,[ 4 13],111,-1,130,-1,116
1,<environment.Job instance at 0x7fdac4174910>,111,23,[ 5 12],112,-1,139,-1,116
1,<environment.Job instance at 0x7fdac4174050>,112,20,[8 5],113,-1,137,-1,117
1,<environment.Job instance at 0x7fdac417a640>,113,27,[ 5 10],114,-1,144,-1,117
1,<environment.Job instance at 0x7fdac4174c30>,114,13,[13  5],115,-1,130,-1,117
1,<environment.Job instance at 0x7fdac4172640>,116,18,[ 4 14],117,-1,146,-1,128
1,<environment.Job instance at 0x7fdac4172460>,117,18,[10  1],118,-1,146,-1,128
1,<environment.Job instance at 0x7fdac4172910>,118,20,[2 7],119,-1,148,-1,128
1,<environment.Job instance at 0x7fdac4172a50>,119,17,[12  2],120,-1,145,-1,128
1,<environment.Job instance at 0x7fdac4172870>,121,18,[4 9],122,-1,146,-1,128
1,<environment.Job instance at 0x7fdac4172140>,123,23,[1 5],124,-1,151,-1,128
1,<environment.Job instance at 0x7fdac4172190>,124,27,[2 8],125,-1,155,-1,128
1,<environment.Job instance at 0x7fdac41091e0>,3,24,[13  4],4,-1,28,-1,4
1,<environment.Job instance at 0x7fdac4109be0>,4,19,[ 2 13],5,-1,24,-1,5
1,<environment.Job instance at 0x7fdac41097d0>,6,14,[13  4],7,-1,21,-1,7
1,<environment.Job instance at 0x7fdac4109d70>,7,15,[13  3],8,-1,23,-1,8
1,<environment.Job instance at 0x7fdac4109460>,9,25,[5 1],10,-1,36,-1,11
1,<environment.Job instance at 0x7fdac41090f0>,11,14,[14  2],12,-1,26,-1,12
1,<environment.Job instance at 0x7fdac41098c0>,12,25,[8 5],13,-1,38,-1,13
1,<environment.Job instance at 0x7fdac4109f50>,17,15,[ 5 12],18,-1,41,-1,26
1,<environment.Job instance at 0x7fdac4fd7b40>,18,26,[11  4],19,-1,52,-1,26
1,<environment.Job instance at 0x7fdac4fd73c0>,19,21,[12  2],20,-1,57,-1,36
1,<environment.Job instance at 0x7fdac4fd7820>,20,25,[6 2],21,-1,83,-1,58
1,<environment.Job instance at 0x7fdac4fd7cd0>,25,14,[ 5 13],26,-1,78,-1,64
1,<environment.Job instance at 0x7fdac4fd7190>,27,22,[ 4 13],28,-1,97,-1,75
1,<environment.Job instance at 0x7fdac4fd71e0>,29,21,[ 4 14],30,-1,99,-1,78
1,<environment.Job instance at 0x7fdac4fd7910>,30,23,[3 9],31,-1,108,-1,85
1,<environment.Job instance at 0x7fdac4fd7fa0>,31,13,[12  5],32,-1,98,-1,85
1,<environment.Job instance at 0x7fdacdd7eeb0>,2,24,[12  5],3,-1,27,-1,3
1,<environment.Job instance at 0x7fdacdd7eb90>,3,26,[ 5 10],4,-1,30,-1,4
1,<environment.Job instance at 0x7fdacdd7e780>,5,28,[12  2],6,-1,34,-1,6
1,<environment.Job instance at 0x7fdacdd7e3c0>,6,21,[ 4 12],7,-1,28,-1,7
1,<environment.Job instance at 0x7fdacdd7e7d0>,7,26,[ 4 12],8,-1,34,-1,8
1,<environment.Job instance at 0x7fdacdd7e960>,10,13,[ 5 13],11,-1,24,-1,11
1,<environment.Job instance at 0x7fdace211190>,14,13,[ 5 14],15,-1,28,-1,15
1,<environment.Job instance at 0x7fdac457bc30>,15,22,[5 5],16,-1,42,-1,20
1,<environment.Job instance at 0x7fdace211140>,16,22,[13  1],17,-1,42,-1,20
1,<environment.Job instance at 0x7fdac457b780>,18,27,[ 1 13],19,-1,49,-1,22
1,<environment.Job instance at 0x7fdac457be10>,19,17,[ 5 12],20,-1,39,-1,22
1,<environment.Job instance at 0x7fdac457b5f0>,20,23,[8 4],21,-1,45,-1,22
1,<environment.Job instance at 0x7fdac457beb0>,22,21,[11  5],23,-1,46,-1,25
1,<environment.Job instance at 0x7fdac457b730>,23,18,[13  4],24,-1,43,-1,25
1,<environment.Job instance at 0x7fdac457b0a0>,24,27,[8 5],25,-1,52,-1,25
1,<environment.Job instance at 0x7fdac457b140>,25,12,[ 5 13],26,-1,38,-1,26
1,<environment.Job instance at 0x7fdac457b640>,27,20,[ 5 13],28,-1,48,-1,28
1,<environment.Job instance at 0x7fdac457bb90>,28,19,[ 2 14],29,-1,48,-1,29
1,<environment.Job instance at 0x7fdac457b320>,29,20,[13  2],30,-1,50,-1,30
1,<environment.Job instance at 0x7fdac457b550>,30,16,[ 2 14],31,-1,47,-1,31
1,<environment.Job instance at 0x7fdac457baa0>,31,26,[7 3],32,-1,58,-1,32
1,<environment.Job instance at 0x7fdac457bcd0>,32,16,[ 3 13],33,-1,49,-1,33
1,<environment.Job instance at 0x7fdac4e21d20>,33,28,[ 5 10],34,-1,62,-1,34
1,<environment.Job instance at 0x7fdac4e21500>,34,22,[14  1],35,-1,57,-1,35
1,<environment.Job instance at 0x7fdac4e21dc0>,36,15,[ 1 12],37,-1,52,-1,37
1,<environment.Job instance at 0x7fdac4e21c30>,40,14,[13  5],41,-1,73,-1,59
1,<environment.Job instance at 0x7fdac4e21870>,42,13,[10  5],43,-1,93,-1,80
1,<environment.Job instance at 0x7fdac4128cd0>,44,18,[ 3 13],45,-1,98,-1,80
1,<environment.Job instance at 0x7fdac4128960>,45,27,[ 1 14],46,-1,107,-1,80
1,<environment.Job instance at 0x7fdac4128550>,46,21,[14  2],47,-1,101,-1,80
1,<environment.Job instance at 0x7fdac4128a50>,47,22,[11  1],48,-1,102,-1,80
1,<environment.Job instance at 0x7fdac4128870>,48,26,[7 4],49,-1,106,-1,80
1,<environment.Job instance at 0x7fdac41281e0>,49,12,[ 1 14],50,-1,92,-1,80
1,<environment.Job instance at 0x7fdac4128be0>,50,23,[ 4 14],51,-1,103,-1,80
1,<environment.Job instance at 0x7fdac41280a0>,51,14,[13  2],52,-1,94,-1,80
1,<environment.Job instance at 0x7fdac4128190>,53,21,[11  2],54,-1,112,-1,91
1,<environment.Job instance at 0x7fdac4128b90>,54,18,[ 2 11],55,-1,109,-1,91
1,<environment.Job instance at 0x7fdac4128820>,55,17,[11  4],56,-1,108,-1,91
1,<environment.Job instance at 0x7fdac49f0730>,56,14,[ 4 14],57,-1,105,-1,91
1,<environment.Job instance at 0x7fdac49f0820>,57,28,[12  5],58,-1,119,-1,91
1,<environment.Job instance at 0x7fdac49f0190>,58,13,[12  5],59,-1,104,-1,91
1,<environment.Job instance at 0x7fdac49f01e0>,59,12,[11  5],60,-1,103,-1,91
1,<environment.Job instance at 0x7fdac49f0eb0>,61,26,[5 3],62,-1,119,-1,93
1,<environment.Job instance at 0x7fdac49f0dc0>,62,27,[13  5],63,-1,120,-1,93
1,<environment.Job instance at 0x7fdac49f0870>,63,28,[ 3 14],64,-1,121,-1,93
1,<environment.Job instance at 0x7fdac49f0280>,64,21,[ 4 11],65,-1,114,-1,93
1,<environment.Job instance at 0x7fdac49f04b0>,65,18,[ 3 12],66,-1,111,-1,93
1,<environment.Job instance at 0x7fdac41286e0>,2,17,[ 3 11],3,-1,20,-1,3
1,<environment.Job instance at 0x7fdac4128dc0>,5,25,[ 2 12],6,-1,31,-1,6
1,<environment.Job instance at 0x7fdac48f03c0>,6,27,[1 6],7,-1,35,-1,8
1,<environment.Job instance at 0x7fdac4fa0050>,10,13,[ 3 14],11,-1,24,-1,11
1,<environment.Job instance at 0x7fdac4708050>,13,16,[11  2],14,-1,39,-1,23
1,<environment.Job instance at 0x7fdac46d5820>,14,27,[5 2],15,-1,50,-1,23
1,<environment.Job instance at 0x7fdac4708230>,15,13,[13  5],16,-1,36,-1,23
1,<environment.Job instance at 0x7fdac46d5b40>,16,17,[13  3],17,-1,40,-1,23
1,<environment.Job instance at 0x7fdac46d5140>,17,26,[10  5],18,-1,49,-1,23
1,<environment.Job instance at 0x7fdac46d5500>,18,13,[14  3],19,-1,36,-1,23
1,<environment.Job instance at 0x7fdac46d51e0>,19,26,[ 2 12],20,-1,49,-1,23
1,<environment.Job instance at 0x7fdac46d5320>,20,26,[4 5],21,-1,49,-1,23
1,<environment.Job instance at 0x7fdac46d5af0>,22,24,[4 6],23,-1,59,-1,35
1,<environment.Job instance at 0x7fdac46d5e60>,23,15,[ 2 13],24,-1,50,-1,35
1,<environment.Job instance at 0x7fdac46d5730>,24,18,[11  2],25,-1,53,-1,35
1,<environment.Job instance at 0x7fdac46f9960>,27,18,[14  1],28,-1,53,-1,35
1,<environment.Job instance at 0x7fdac46f9280>,28,23,[ 1 11],29,-1,58,-1,35
1,<environment.Job instance at 0x7fdac46f9b40>,29,19,[ 3 12],30,-1,54,-1,35
1,<environment.Job instance at 0x7fdac4bb7730>,32,12,[5 2],33,-1,71,-1,59
1,<environment.Job instance at 0x7fdac4b328c0>,33,13,[ 3 11],34,-1,72,-1,59
1,<environment.Job instance at 0x7fdac4a4ab90>,34,12,[7 2],35,-1,71,-1,59
1,<environment.Job instance at 0x7fdac5372e60>,35,25,[5 3],36,-1,84,-1,59
1,<environment.Job instance at 0x7fdac4a69410>,36,15,[11  2],37,-1,74,-1,59
1,<environment.Job instance at 0x7fdac4a6b050>,37,12,[7 2],38,-1,71,-1,59
1,<environment.Job instance at 0x7fdac46f3870>,38,25,[7 2],39,-1,84,-1,59
1,<environment.Job instance at 0x7fdac46f30f0>,39,18,[ 5 12],40,-1,77,-1,59
1,<environment.Job instance at 0x7fdac5351370>,40,12,[ 3 12],41,-1,71,-1,59
1,<environment.Job instance at 0x7fdac53515f0>,41,15,[11  5],42,-1,74,-1,59
1,<environment.Job instance at 0x7fdac534d910>,43,16,[13  2],44,-1,75,-1,59
1,<environment.Job instance at 0x7fdac534d500>,44,12,[13  3],45,-1,71,-1,59
1,<environment.Job instance at 0x7fdac534f410>,45,16,[11  5],46,-1,75,-1,59
1,<environment.Job instance at 0x7fdac534f190>,46,13,[8 4],47,-1,75,-1,62
1,<environment.Job instance at 0x7fdac4bd1f50>,49,26,[ 2 14],50,-1,95,-1,69
1,<environment.Job instance at 0x7fdac5357230>,51,14,[14  3],52,-1,101,-1,87
1,<environment.Job instance at 0x7fdac53391e0>,53,12,[ 5 12],54,-1,99,-1,87
1,<environment.Job instance at 0x7fdac53395a0>,56,22,[7 2],57,-1,123,-1,101
1,<environment.Job instance at 0x7fdac5339af0>,57,28,[3 5],58,-1,129,-1,101
1,<environment.Job instance at 0x7fdac5339690>,58,23,[8 3],59,-1,124,-1,101
1,<environment.Job instance at 0x7fdac5339f00>,60,25,[ 4 10],61,-1,126,-1,101
1,<environment.Job instance at 0x7fdac5339550>,61,13,[9 3],62,-1,124,-1,111
1,<environment.Job instance at 0x7fdac5339c80>,63,23,[1 5],64,-1,138,-1,115
1,<environment.Job instance at 0x7fdac5339280>,64,18,[ 1 12],65,-1,133,-1,115
1,<environment.Job instance at 0x7fdac5339b90>,65,15,[ 3 13],66,-1,130,-1,115
1,<environment.Job instance at 0x7fdac5339780>,67,16,[13  1],68,-1,133,-1,117
1,<environment.Job instance at 0x7fdac53381e0>,68,13,[7 1],69,-1,130,-1,117
1,<environment.Job instance at 0x7fdac53380f0>,69,14,[14  1],70,-1,131,-1,117
1,<environment.Job instance at 0x7fdac5338370>,70,15,[9 1],71,-1,140,-1,125
1,<environment.Job instance at 0x7fdac5336dc0>,71,19,[14  4],72,-1,144,-1,125
1,<environment.Job instance at 0x7fdac4a63d20>,3,12,[11  1],4,-1,17,-1,5
1,<environment.Job instance at 0x7fdac4a63a00>,5,14,[ 5 13],6,-1,20,-1,6
1,<environment.Job instance at 0x7fdac4a631e0>,6,13,[ 2 14],7,-1,20,-1,7
1,<environment.Job instance at 0x7fdac4a63910>,7,22,[10  1],8,-1,32,-1,10
1,<environment.Job instance at 0x7fdac4a63a50>,9,24,[5 1],10,-1,34,-1,10
1,<environment.Job instance at 0x7fdac4a80d70>,10,15,[ 3 13],11,-1,26,-1,11
1,<environment.Job instance at 0x7fdac4a80820>,11,12,[ 3 14],12,-1,24,-1,12
1,<environment.Job instance at 0x7fdac4a80f00>,12,27,[6 5],13,-1,40,-1,13
1,<environment.Job instance at 0x7fdac4a800f0>,18,16,[ 1 13],19,-1,49,-1,33
1,<environment.Job instance at 0x7fdac4a805a0>,19,25,[4 7],20,-1,58,-1,33
1,<environment.Job instance at 0x7fdac4a80870>,20,18,[ 2 11],21,-1,51,-1,33
1,<environment.Job instance at 0x7fdac4a80aa0>,21,12,[13  5],22,-1,45,-1,33
1,<environment.Job instance at 0x7fdac4a807d0>,22,22,[14  4],23,-1,55,-1,33
1,<environment.Job instance at 0x7fdac4a80dc0>,23,27,[5 3],24,-1,60,-1,33
1,<environment.Job instance at 0x7fdac4a80f50>,24,25,[ 3 11],25,-1,58,-1,33
1,<environment.Job instance at 0x7fdac4a80410>,25,24,[8 3],26,-1,57,-1,33
1,<environment.Job instance at 0x7fdac4a80140>,26,13,[13  1],27,-1,46,-1,33
1,<environment.Job instance at 0x7fdac4a80d20>,27,26,[ 3 13],28,-1,59,-1,33
1,<environment.Job instance at 0x7fdac558a7d0>,30,27,[5 9],31,-1,73,-1,46
1,<environment.Job instance at 0x7fdac558a8c0>,32,26,[ 2 11],33,-1,78,-1,52
1,<environment.Job instance at 0x7fdac558a370>,35,27,[14  4],36,-1,94,-1,67
1,<environment.Job instance at 0x7fdac558ae10>,36,18,[11  4],37,-1,85,-1,67
1,<environment.Job instance at 0x7fdac558a460>,37,24,[11  2],38,-1,91,-1,67
1,<environment.Job instance at 0x7fdac558af50>,38,12,[12  3],39,-1,79,-1,67
1,<environment.Job instance at 0x7fdac558a410>,40,13,[11  3],41,-1,82,-1,69
1,<environment.Job instance at 0x7fdac558aa50>,41,22,[ 4 12],42,-1,91,-1,69
1,<environment.Job instance at 0x7fdac558a1e0>,42,20,[13  3],43,-1,89,-1,69
1,<environment.Job instance at 0x7fdac558a6e0>,43,24,[14  1],44,-1,93,-1,69
1,<environment.Job instance at 0x7fdac558a0f0>,45,14,[ 1 13],46,-1,93,-1,79
1,<environment.Job instance at 0x7fdac558a4b0>,46,17,[ 3 12],47,-1,96,-1,79
1,<environment.Job instance at 0x7fdac558af00>,47,26,[11  2],48,-1,105,-1,79
1,<environment.Job instance at 0x7fdac558a3c0>,49,24,[11  1],50,-1,107,-1,83
1,<environment.Job instance at 0x7fdac4bc6eb0>,50,23,[13  2],51,-1,106,-1,83
1,<environment.Job instance at 0x7fdac4bc65a0>,51,18,[13  5],52,-1,101,-1,83
1,<environment.Job instance at 0x7fdac4bc6370>,53,28,[5 9],54,-1,120,-1,92
1,<environment.Job instance at 0x7fdac4bc6c80>,55,14,[11  2],56,-1,111,-1,97
1,<environment.Job instance at 0x7fdac4bc6140>,56,15,[12  2],57,-1,112,-1,97
1,<environment.Job instance at 0x7fdac4bc61e0>,58,19,[14  2],59,-1,134,-1,115
1,<environment.Job instance at 0x7fdac4bc65f0>,59,20,[ 5 12],60,-1,135,-1,115
1,<environment.Job instance at 0x7fdac4bc6dc0>,60,18,[14  1],61,-1,133,-1,115
1,<environment.Job instance at 0x7fdac4bc6460>,61,19,[ 2 14],62,-1,134,-1,115
1,<environment.Job instance at 0x7fdac4bc6500>,62,24,[ 2 14],63,-1,139,-1,115
1,<environment.Job instance at 0x7fdac4bc66e0>,63,28,[12  4],64,-1,143,-1,115
1,<environment.Job instance at 0x7fdac4bc68c0>,65,23,[3 6],66,-1,138,-1,115
1,<environment.Job instance at 0x7fdac4bc60f0>,66,25,[14  5],67,-1,140,-1,115
1,<environment.Job instance at 0x7fdac4d64e60>,5,23,[ 4 12],6,-1,29,-1,6
1,<environment.Job instance at 0x7fdac4d640a0>,8,23,[ 5 11],9,-1,41,-1,18
1,<environment.Job instance at 0x7fdac4d64870>,9,28,[13  3],10,-1,46,-1,18
1,<environment.Job instance at 0x7fdac4d64960>,10,27,[3 8],11,-1,45,-1,18
1,<environment.Job instance at 0x7fdac4d649b0>,11,23,[ 5 11],12,-1,41,-1,18
1,<environment.Job instance at 0x7fdac4d64a50>,6,15,[ 4 12],7,-1,49,-1,34
1,<environment.Job instance at 0x7fdac4d5cf00>,15,17,[ 2 14],16,-1,51,-1,34
1,<environment.Job instance at 0x7fdac4d5cbe0>,16,22,[ 1 14],17,-1,56,-1,34
1,<environment.Job instance at 0x7fdac4d5cdc0>,18,17,[ 3 14],19,-1,51,-1,34
1,<environment.Job instance at 0x7fdac4d5c7d0>,20,27,[ 4 12],21,-1,69,-1,42
1,<environment.Job instance at 0x7fdac4d5c370>,22,17,[ 4 13],23,-1,61,-1,44
1,<environment.Job instance at 0x7fdac4d4f820>,24,17,[ 4 11],25,-1,72,-1,55
1,<environment.Job instance at 0x7fdac4d4f460>,25,23,[ 1 11],26,-1,78,-1,55
1,<environment.Job instance at 0x7fdac4d4f8c0>,26,14,[11  1],27,-1,69,-1,55
1,<environment.Job instance at 0x7fdac4d4fdc0>,27,23,[ 2 11],28,-1,78,-1,55
1,<environment.Job instance at 0x7fdac4d4fa50>,28,21,[ 1 11],29,-1,76,-1,55
1,<environment.Job instance at 0x7fdac4d71960>,29,23,[ 2 14],30,-1,78,-1,55
1,<environment.Job instance at 0x7fdac4e1a410>,30,28,[5 5],31,-1,83,-1,55
1,<environment.Job instance at 0x7fdac4d61780>,31,21,[ 4 13],32,-1,76,-1,55
1,<environment.Job instance at 0x7fdac4d71500>,32,15,[13  2],33,-1,70,-1,55
1,<environment.Job instance at 0x7fdac4981fa0>,33,23,[ 5 11],34,-1,78,-1,55
1,<environment.Job instance at 0x7fdac4e0af50>,34,26,[ 5 11],35,-1,81,-1,55
1,<environment.Job instance at 0x7fdac4e0ab40>,36,18,[13  2],37,-1,79,-1,61
1,<environment.Job instance at 0x7fdac4a4fd70>,37,27,[12  5],38,-1,88,-1,61
1,<environment.Job instance at 0x7fdac4e20410>,38,19,[11  4],39,-1,80,-1,61
1,<environment.Job instance at 0x7fdac4e20960>,39,22,[ 2 11],40,-1,83,-1,61
1,<environment.Job instance at 0x7fdac50be690>,46,15,[12  1],47,-1,141,-1,126
1,<environment.Job instance at 0x7fdac50be3c0>,47,13,[ 5 12],48,-1,139,-1,126
1,<environment.Job instance at 0x7fdac50cff50>,48,28,[14  2],49,-1,154,-1,126
1,<environment.Job instance at 0x7fdac4a3ab40>,1,16,[ 1 12],2,-1,18,-1,2
1,<environment.Job instance at 0x7fdac421dd20>,2,28,[10  5],3,-1,31,-1,3
1,<environment.Job instance at 0x7fdac51f6140>,3,25,[8 4],4,-1,29,-1,4
1,<environment.Job instance at 0x7fdac51f66e0>,5,18,[ 1 12],6,-1,24,-1,6
1,<environment.Job instance at 0x7fdac50cff50>,7,14,[12  5],8,-1,22,-1,8
1,<environment.Job instance at 0x7fdac558fd20>,13,24,[5 1],14,-1,58,-1,34
1,<environment.Job instance at 0x7fdac558f910>,17,18,[11  2],18,-1,79,-1,61
1,<environment.Job instance at 0x7fdac558fd70>,20,17,[11  2],21,-1,79,-1,62
1,<environment.Job instance at 0x7fdac558f730>,21,27,[10  3],22,-1,89,-1,62
1,<environment.Job instance at 0x7fdac558f7d0>,22,25,[ 3 12],23,-1,87,-1,62
1,<environment.Job instance at 0x7fdac558f4b0>,23,13,[14  2],24,-1,75,-1,62
1,<environment.Job instance at 0x7fdac558fe10>,24,12,[ 4 14],25,-1,74,-1,62
1,<environment.Job instance at 0x7fdac558fc30>,25,26,[14  4],26,-1,88,-1,62
1,<environment.Job instance at 0x7fdac558f640>,26,23,[14  4],27,-1,85,-1,62
1,<environment.Job instance at 0x7fdac558f2d0>,27,26,[12  4],28,-1,88,-1,62
1,<environment.Job instance at 0x7fdac558f960>,28,23,[ 2 12],29,-1,85,-1,62
1,<environment.Job instance at 0x7fdac558f460>,31,13,[ 4 13],32,-1,93,-1,80
1,<environment.Job instance at 0x7fdac4af18c0>,33,24,[9 1],34,-1,104,-1,80
1,<environment.Job instance at 0x7fdac4af10f0>,34,14,[ 2 13],35,-1,94,-1,80
1,<environment.Job instance at 0x7fdac4af1190>,39,18,[ 2 13],40,-1,135,-1,117
1,<environment.Job instance at 0x7fdac4af1370>,41,25,[ 2 12],42,-1,154,-1,129
1,<environment.Job instance at 0x7fdac53552d0>,2,15,[ 5 14],3,-1,18,-1,3
1,<environment.Job instance at 0x7fdac4e92190>,3,27,[ 5 14],4,-1,31,-1,4
1,<environment.Job instance at 0x7fdac4e92c30>,5,28,[10  4],6,-1,34,-1,6
1,<environment.Job instance at 0x7fdac4e92550>,6,25,[8 2],7,-1,32,-1,7
1,<environment.Job instance at 0x7fdac4e92eb0>,18,22,[ 4 13],19,-1,96,-1,74
1,<environment.Job instance at 0x7fdac4dd2b40>,2,23,[ 3 11],3,-1,26,-1,3
1,<environment.Job instance at 0x7fdac4dd2e60>,3,24,[ 4 14],4,-1,28,-1,4
1,<environment.Job instance at 0x7fdac4dd2460>,5,13,[ 4 13],6,-1,19,-1,6
1,<environment.Job instance at 0x7fdac4dd2d20>,6,25,[13  2],7,-1,32,-1,7
1,<environment.Job instance at 0x7fdac4dd2230>,7,14,[ 1 11],8,-1,22,-1,8
1,<environment.Job instance at 0x7fdac4dd25f0>,8,24,[7 4],9,-1,34,-1,10
1,<environment.Job instance at 0x7fdac4dd2eb0>,11,26,[12  5],12,-1,38,-1,12
1,<environment.Job instance at 0x7fdac4dd20a0>,12,28,[13  1],13,-1,41,-1,13
1,<environment.Job instance at 0x7fdac4dd2730>,13,22,[ 5 14],14,-1,36,-1,14
1,<environment.Job instance at 0x7fdac4dd20f0>,14,20,[ 4 12],15,-1,35,-1,15
1,<environment.Job instance at 0x7fdac4dd2500>,15,24,[10  4],16,-1,40,-1,16
1,<environment.Job instance at 0x7fdac4dd2c80>,16,18,[14  3],17,-1,35,-1,17
1,<environment.Job instance at 0x7fdac54b6550>,18,25,[6 2],19,-1,44,-1,19
1,<environment.Job instance at 0x7fdac54b6460>,19,20,[ 4 10],20,-1,52,-1,32
1,<environment.Job instance at 0x7fdac54b6960>,26,26,[6 2],27,-1,58,-1,32
1,<environment.Job instance at 0x7fdac54b6c80>,27,23,[8 1],28,-1,55,-1,32
1,<environment.Job instance at 0x7fdac54b64b0>,29,26,[10  2],30,-1,71,-1,45
1,<environment.Job instance at 0x7fdac54b6aa0>,32,25,[3 8],33,-1,83,-1,58
1,<environment.Job instance at 0x7fdac54b65f0>,33,17,[14  5],34,-1,75,-1,58
1,<environment.Job instance at 0x7fdac54b60f0>,34,15,[ 3 13],35,-1,73,-1,58
1,<environment.Job instance at 0x7fdac46e20f0>,35,21,[11  5],36,-1,79,-1,58
1,<environment.Job instance at 0x7fdac46e2f50>,36,28,[4 9],37,-1,86,-1,58
1,<environment.Job instance at 0x7fdac46e2320>,37,23,[12  5],38,-1,81,-1,58
1,<environment.Job instance at 0x7fdac46e2190>,38,23,[ 2 14],39,-1,81,-1,58
1,<environment.Job instance at 0x7fdac46e2e60>,40,24,[14  3],41,-1,82,-1,58
1,<environment.Job instance at 0x7fdac46e29b0>,41,28,[10  3],42,-1,86,-1,58
1,<environment.Job instance at 0x7fdac46e2780>,46,28,[ 5 13],47,-1,114,-1,86
1,<environment.Job instance at 0x7fdac46e2f00>,48,18,[12  4],49,-1,117,-1,99
1,<environment.Job instance at 0x7fdac46e2140>,49,17,[ 3 11],50,-1,116,-1,99
1,<environment.Job instance at 0x7fdac46e2960>,50,15,[ 5 11],51,-1,114,-1,99
1,<environment.Job instance at 0x7fdac46e2730>,51,28,[ 2 11],52,-1,127,-1,99
1,<environment.Job instance at 0x7fdac46e2d70>,52,23,[5 5],53,-1,122,-1,99
1,<environment.Job instance at 0x7fdac46e2370>,53,12,[11  3],54,-1,111,-1,99
1,<environment.Job instance at 0x7fdac46e24b0>,54,26,[ 4 12],55,-1,125,-1,99
1,<environment.Job instance at 0x7fdac46e2d20>,55,12,[ 4 12],56,-1,111,-1,99
1,<environment.Job instance at 0x7fdac46e28c0>,56,24,[5 2],57,-1,123,-1,99
1,<environment.Job instance at 0x7fdac46e2c30>,57,18,[14  4],58,-1,117,-1,99
1,<environment.Job instance at 0x7fdac4c41c80>,58,12,[11  2],59,-1,111,-1,99
1,<environment.Job instance at 0x7fdac4c41f00>,59,15,[ 2 12],60,-1,114,-1,99
1,<environment.Job instance at 0x7fdac4c41230>,61,28,[13  2],62,-1,127,-1,99
1,<environment.Job instance at 0x7fdac4c41b90>,63,15,[ 4 10],64,-1,137,-1,122
1,<environment.Job instance at 0x7fdac53c2690>,4,12,[11  5],5,-1,17,-1,5
1,<environment.Job instance at 0x7fdac443cb90>,6,12,[11  1],7,-1,19,-1,7
1,<environment.Job instance at 0x7fdac443c320>,10,14,[11  1],11,-1,26,-1,12
1,<environment.Job instance at 0x7fdac443c910>,11,21,[14  1],12,-1,33,-1,12
1,<environment.Job instance at 0x7fdac443ccd0>,12,24,[5 5],13,-1,37,-1,13
1,<environment.Job instance at 0x7fdac443cbe0>,13,15,[ 4 11],14,-1,29,-1,14
1,<environment.Job instance at 0x7fdac443cd70>,14,22,[14  4],15,-1,37,-1,15
1,<environment.Job instance at 0x7fdac443ceb0>,15,22,[5 1],16,-1,42,-1,20
1,<environment.Job instance at 0x7fdac443c3c0>,16,23,[12  1],17,-1,43,-1,20
1,<environment.Job instance at 0x7fdac443c280>,17,28,[3 8],18,-1,48,-1,20
1,<environment.Job instance at 0x7fdac443c500>,18,16,[ 4 14],19,-1,36,-1,20
1,<environment.Job instance at 0x7fdac443c640>,19,21,[ 4 10],20,-1,41,-1,20
1,<environment.Job instance at 0x7fdac4e8e6e0>,20,16,[ 2 12],21,-1,37,-1,21
1,<environment.Job instance at 0x7fdac4e8e0f0>,21,17,[13  4],22,-1,39,-1,22
1,<environment.Job instance at 0x7fdac443c230>,24,13,[ 2 12],25,-1,41,-1,28
1,<environment.Job instance at 0x7fdac4e8ea00>,25,18,[14  4],26,-1,46,-1,28
1,<environment.Job instance at 0x7fdac4e8e230>,26,12,[9 1],27,-1,40,-1,28
1,<environment.Job instance at 0x7fdac4e8e3c0>,27,12,[ 5 10],28,-1,44,-1,32
1,<environment.Job instance at 0x7fdac4e8e500>,28,25,[12  5],29,-1,57,-1,32
1,<environment.Job instance at 0x7fdac4e8ef50>,30,26,[ 5 13],31,-1,64,-1,38
1,<environment.Job instance at 0x7fdac4ea9c80>,31,16,[ 2 12],32,-1,54,-1,38
1,<environment.Job instance at 0x7fdac4ea9d70>,32,23,[7 2],33,-1,61,-1,38
1,<environment.Job instance at 0x7fdac4ea91e0>,33,24,[10  3],34,-1,62,-1,38
1,<environment.Job instance at 0x7fdac4ea9f00>,34,25,[1 9],35,-1,63,-1,38
1,<environment.Job instance at 0x7fdac4ea9690>,35,25,[11  1],36,-1,63,-1,38
1,<environment.Job instance at 0x7fdac4ea9410>,36,25,[6 4],37,-1,63,-1,38
1,<environment.Job instance at 0x7fdac4ea9050>,37,26,[2 9],38,-1,64,-1,38
1,<environment.Job instance at 0x7fdac4ea9870>,38,26,[5 5],39,-1,65,-1,39
1,<environment.Job instance at 0x7fdac4ea96e0>,39,21,[13  1],40,-1,61,-1,40
1,<environment.Job instance at 0x7fdac4ea9320>,41,22,[12  5],42,-1,75,-1,53
1,<environment.Job instance at 0x7fdac559f190>,44,23,[10  4],45,-1,83,-1,60
1,<environment.Job instance at 0x7fdac559f730>,45,25,[6 5],46,-1,85,-1,60
1,<environment.Job instance at 0x7fdac559fc30>,46,19,[ 3 12],47,-1,79,-1,60
1,<environment.Job instance at 0x7fdac559f370>,47,25,[ 2 10],48,-1,85,-1,60
1,<environment.Job instance at 0x7fdac559fb90>,48,21,[13  4],49,-1,81,-1,60
1,<environment.Job instance at 0x7fdac559f0f0>,50,21,[ 4 14],51,-1,95,-1,74
1,<environment.Job instance at 0x7fdac559f5f0>,51,23,[ 2 11],52,-1,97,-1,74
1,<environment.Job instance at 0x7fdac559f960>,52,24,[13  5],53,-1,98,-1,74
1,<environment.Job instance at 0x7fdac559f460>,53,27,[ 3 13],54,-1,101,-1,74
1,<environment.Job instance at 0x7fdac559ff00>,54,12,[ 2 13],55,-1,86,-1,74
1,<environment.Job instance at 0x7fdac559fe60>,55,26,[6 1],56,-1,100,-1,74
1,<environment.Job instance at 0x7fdac559f780>,56,12,[9 5],57,-1,91,-1,79
1,<environment.Job instance at 0x7fdac559f0a0>,57,21,[ 2 13],58,-1,100,-1,79
1,<environment.Job instance at 0x7fdac559f820>,58,22,[12  4],59,-1,101,-1,79
1,<environment.Job instance at 0x7fdac4487230>,60,15,[11  4],61,-1,94,-1,79
1,<environment.Job instance at 0x7fdac4487c30>,61,13,[ 2 14],62,-1,92,-1,79
1,<environment.Job instance at 0x7fdac4487dc0>,62,14,[ 1 10],63,-1,93,-1,79
1,<environment.Job instance at 0x7fdac4487190>,63,26,[14  1],64,-1,105,-1,79
1,<environment.Job instance at 0x7fdac4487320>,64,16,[ 2 14],65,-1,95,-1,79
1,<environment.Job instance at 0x7fdac52be1e0>,66,13,[11  1],67,-1,105,-1,92
1,<environment.Job instance at 0x7fdac52be6e0>,67,12,[1 9],68,-1,104,-1,92
1,<environment.Job instance at 0x7fdac52bed20>,68,16,[13  3],69,-1,108,-1,92
1,<environment.Job instance at 0x7fdac52be0a0>,70,22,[13  2],71,-1,115,-1,93
1,<environment.Job instance at 0x7fdac52be910>,71,23,[11  1],72,-1,116,-1,93
1,<environment.Job instance at 0x7fdac52be9b0>,72,19,[11  4],73,-1,112,-1,93
1,<environment.Job instance at 0x7fdac52becd0>,73,22,[1 7],74,-1,115,-1,93
1,<environment.Job instance at 0x7fdac52be4b0>,74,19,[13  1],75,-1,112,-1,93
1,<environment.Job instance at 0x7fdac52be2d0>,75,20,[ 5 11],76,-1,113,-1,93
1,<environment.Job instance at 0x7fdac52be870>,76,17,[ 3 14],77,-1,110,-1,93
1,<environment.Job instance at 0x7fdac52be550>,77,13,[ 1 12],78,-1,106,-1,93
1,<environment.Job instance at 0x7fdac52bef00>,78,18,[14  2],79,-1,111,-1,93
1,<environment.Job instance at 0x7fdac52beb90>,80,25,[12  4],81,-1,135,-1,110
1,<environment.Job instance at 0x7fdac52bee60>,81,22,[1 9],82,-1,132,-1,110
1,<environment.Job instance at 0x7fdac52be820>,82,28,[1 5],83,-1,138,-1,110
1,<environment.Job instance at 0x7fdac52beaa0>,83,12,[10  4],84,-1,122,-1,110
1,<environment.Job instance at 0x7fdac4cabe60>,85,25,[2 6],86,-1,135,-1,110
1,<environment.Job instance at 0x7fdac4cabdc0>,87,19,[12  2],88,-1,143,-1,124
1,<environment.Job instance at 0x7fdac4cabaa0>,88,25,[3 5],89,-1,149,-1,124
1,<environment.Job instance at 0x7fdac4cab870>,89,23,[5 2],90,-1,147,-1,124
1,<environment.Job instance at 0x7fdac4cab1e0>,90,25,[11  4],91,-1,149,-1,124
1,<environment.Job instance at 0x7fdac4cab5a0>,91,23,[ 3 10],92,-1,147,-1,124
1,<environment.Job instance at 0x7fdac4cabf50>,93,21,[ 4 13],94,-1,145,-1,124
1,<environment.Job instance at 0x7fdac4cab0a0>,94,20,[12  2],95,-1,144,-1,124
1,<environment.Job instance at 0x7fdac4cab370>,95,28,[ 5 12],96,-1,152,-1,124
1,<environment.Job instance at 0x7fdac4cab910>,96,13,[ 3 12],97,-1,137,-1,124
1,<environment.Job instance at 0x7fdac4cab4b0>,97,17,[ 4 12],98,-1,141,-1,124
1,<environment.Job instance at 0x7fdac44b2a00>,98,20,[7 1],99,-1,144,-1,124
1,<environment.Job instance at 0x7fdac44b28c0>,99,13,[ 2 10],100,-1,137,-1,124
1,<environment.Job instance at 0x7fdac44b2410>,100,20,[ 5 12],101,-1,144,-1,124
1,<environment.Job instance at 0x7fdac44b2af0>,101,23,[12  1],102,-1,147,-1,124
1,<environment.Job instance at 0x7fdac44b2b90>,102,19,[13  3],103,-1,143,-1,124
1,<environment.Job instance at 0x7fdac44b2d20>,103,17,[10  1],104,-1,141,-1,124
1,<environment.Job instance at 0x7fdac44b25f0>,104,12,[12  4],105,-1,136,-1,124
1,<environment.Job instance at 0x7fdac44b2a50>,105,19,[11  5],106,-1,143,-1,124
1,<environment.Job instance at 0x7fdac44b2050>,106,22,[3 5],107,-1,146,-1,124
1,<environment.Job instance at 0x7fdac44b2be0>,107,24,[13  1],108,-1,148,-1,124
1,<environment.Job instance at 0x7fdac431c460>,2,24,[5 3],3,-1,28,-1,4
1,<environment.Job instance at 0x7fdacdcdd0a0>,6,13,[ 4 14],7,-1,20,-1,7
1,<environment.Job instance at 0x7fdacdcddfa0>,9,13,[14  3],10,-1,29,-1,16
1,<environment.Job instance at 0x7fdacdf63fa0>,11,28,[12  2],12,-1,44,-1,16
1,<environment.Job instance at 0x7fdacdf63b40>,12,24,[12  5],13,-1,40,-1,16
1,<environment.Job instance at 0x7fdac5471e60>,14,12,[11  5],15,-1,35,-1,23
1,<environment.Job instance at 0x7fdac5471190>,18,17,[ 3 14],19,-1,70,-1,53
1,<environment.Job instance at 0x7fdac54719b0>,19,23,[7 5],20,-1,76,-1,53
1,<environment.Job instance at 0x7fdac5471a00>,21,23,[1 5],22,-1,82,-1,59
1,<environment.Job instance at 0x7fdac5471550>,22,13,[6 3],23,-1,72,-1,59
1,<environment.Job instance at 0x7fdac5471c80>,23,26,[ 1 11],24,-1,85,-1,59
1,<environment.Job instance at 0x7fdac54716e0>,24,12,[13  4],25,-1,71,-1,59
1,<environment.Job instance at 0x7fdac5471fa0>,25,21,[9 1],26,-1,80,-1,59
1,<environment.Job instance at 0x7fdac5471e10>,26,15,[ 1 11],27,-1,74,-1,59
1,<environment.Job instance at 0x7fdac5471f00>,27,18,[1 8],28,-1,77,-1,59
1,<environment.Job instance at 0x7fdac5471f50>,28,24,[13  4],29,-1,83,-1,59
1,<environment.Job instance at 0x7fdac49575a0>,29,19,[3 9],30,-1,78,-1,59
1,<environment.Job instance at 0x7fdac4957f50>,30,19,[14  4],31,-1,78,-1,59
1,<environment.Job instance at 0x7fdac4957960>,31,12,[5 4],32,-1,71,-1,59
1,<environment.Job instance at 0x7fdac49573c0>,32,24,[9 5],33,-1,83,-1,59
1,<environment.Job instance at 0x7fdac49571e0>,33,24,[10  3],34,-1,83,-1,59
1,<environment.Job instance at 0x7fdac4957f00>,34,13,[13  4],35,-1,72,-1,59
1,<environment.Job instance at 0x7fdac4957140>,35,24,[ 1 10],36,-1,83,-1,59
1,<environment.Job instance at 0x7fdac4957550>,36,16,[2 6],37,-1,75,-1,59
1,<environment.Job instance at 0x7fdac4957e10>,37,12,[9 2],38,-1,71,-1,59
1,<environment.Job instance at 0x7fdac49572d0>,38,27,[8 2],39,-1,86,-1,59
1,<environment.Job instance at 0x7fdac4957780>,39,15,[14  5],40,-1,74,-1,59
1,<environment.Job instance at 0x7fdac4755d20>,40,13,[11  1],41,-1,72,-1,59
1,<environment.Job instance at 0x7fdac4755cd0>,41,17,[14  5],42,-1,76,-1,59
1,<environment.Job instance at 0x7fdac4755140>,42,14,[13  2],43,-1,73,-1,59
1,<environment.Job instance at 0x7fdac47558c0>,43,16,[ 5 13],44,-1,75,-1,59
1,<environment.Job instance at 0x7fdac4755c30>,44,28,[14  3],45,-1,87,-1,59
1,<environment.Job instance at 0x7fdac4755190>,45,16,[14  2],46,-1,75,-1,59
1,<environment.Job instance at 0x7fdac4755640>,46,13,[ 3 13],47,-1,72,-1,59
1,<environment.Job instance at 0x7fdac47555f0>,47,28,[ 1 11],48,-1,87,-1,59
1,<environment.Job instance at 0x7fdac4755f50>,48,24,[5 5],49,-1,83,-1,59
1,<environment.Job instance at 0x7fdac4755050>,49,18,[13  5],50,-1,77,-1,59
1,<environment.Job instance at 0x7fdac4755d70>,50,18,[1 6],51,-1,77,-1,59
1,<environment.Job instance at 0x7fdac4755230>,51,14,[ 5 14],52,-1,73,-1,59
1,<environment.Job instance at 0x7fdac4755460>,52,16,[13  3],53,-1,75,-1,59
1,<environment.Job instance at 0x7fdac47550a0>,53,20,[11  1],54,-1,79,-1,59
1,<environment.Job instance at 0x7fdac4755aa0>,54,22,[3 5],55,-1,81,-1,59
1,<environment.Job instance at 0x7fdac47551e0>,55,12,[ 2 14],56,-1,71,-1,59
1,<environment.Job instance at 0x7fdac4755550>,57,27,[3 7],58,-1,98,-1,71
1,<environment.Job instance at 0x7fdac4755320>,58,17,[14  4],59,-1,88,-1,71
1,<environment.Job instance at 0x7fdac4755a00>,59,12,[ 1 13],60,-1,83,-1,71
1,<environment.Job instance at 0x7fdac47b5370>,61,25,[9 1],62,-1,99,-1,74
1,<environment.Job instance at 0x7fdac47b52d0>,62,19,[ 2 14],63,-1,93,-1,74
1,<environment.Job instance at 0x7fdac47b5500>,63,17,[14  3],64,-1,91,-1,74
1,<environment.Job instance at 0x7fdac47b5af0>,64,23,[ 1 13],65,-1,97,-1,74
1,<environment.Job instance at 0x7fdac47b5410>,65,25,[ 4 12],66,-1,99,-1,74
1,<environment.Job instance at 0x7fdac47b58c0>,66,23,[ 1 10],67,-1,97,-1,74
1,<environment.Job instance at 0x7fdac47b59b0>,67,14,[ 1 11],68,-1,88,-1,74
1,<environment.Job instance at 0x7fdac47b5aa0>,68,13,[ 2 11],69,-1,87,-1,74
1,<environment.Job instance at 0x7fdac47b5b40>,69,20,[ 1 11],70,-1,94,-1,74
1,<environment.Job instance at 0x7fdac48480a0>,70,14,[14  1],71,-1,88,-1,74
1,<environment.Job instance at 0x7fdac48488c0>,71,19,[ 3 11],72,-1,93,-1,74
1,<environment.Job instance at 0x7fdac4848960>,72,17,[ 5 13],73,-1,91,-1,74
1,<environment.Job instance at 0x7fdac4848eb0>,73,15,[14  4],74,-1,89,-1,74
1,<environment.Job instance at 0x7fdac4848140>,74,28,[4 5],75,-1,103,-1,75
1,<environment.Job instance at 0x7fdac4848fa0>,76,24,[ 4 13],77,-1,114,-1,90
1,<environment.Job instance at 0x7fdac4848aa0>,77,20,[12  4],78,-1,110,-1,90
1,<environment.Job instance at 0x7fdac4848640>,78,20,[ 5 10],79,-1,110,-1,90
1,<environment.Job instance at 0x7fdac4848af0>,79,26,[3 5],80,-1,116,-1,90
1,<environment.Job instance at 0x7fdac4848190>,80,15,[ 4 12],81,-1,105,-1,90
1,<environment.Job instance at 0x7fdac4848280>,82,20,[3 6],83,-1,115,-1,95
1,<environment.Job instance at 0x7fdac48482d0>,85,28,[ 4 11],86,-1,137,-1,109
1,<environment.Job instance at 0x7fdac5026c80>,86,23,[5 5],87,-1,132,-1,109
1,<environment.Job instance at 0x7fdac5026c30>,87,20,[5 3],88,-1,129,-1,109
1,<environment.Job instance at 0x7fdac50260f0>,88,19,[ 2 11],89,-1,128,-1,109
1,<environment.Job instance at 0x7fdac5026370>,89,12,[14  5],90,-1,121,-1,109
1,<environment.Job instance at 0x7fdac4183f50>,90,27,[10  1],91,-1,136,-1,109
1,<environment.Job instance at 0x7fdac46d4d20>,91,12,[1 9],92,-1,121,-1,109
1,<environment.Job instance at 0x7fdac4a26a00>,92,18,[ 5 12],93,-1,127,-1,109
1,<environment.Job instance at 0x7fdac482a820>,93,25,[11  3],94,-1,134,-1,109
1,<environment.Job instance at 0x7fdac482acd0>,94,16,[ 4 12],95,-1,125,-1,109
1,<environment.Job instance at 0x7fdac46be0a0>,95,20,[ 5 11],96,-1,129,-1,109
1,<environment.Job instance at 0x7fdac482abe0>,96,23,[12  5],97,-1,132,-1,109
1,<environment.Job instance at 0x7fdac46be230>,97,26,[12  3],98,-1,135,-1,109
1,<environment.Job instance at 0x7fdac5711eb0>,99,26,[ 3 13],100,-1,137,-1,111
1,<environment.Job instance at 0x7fdac5711050>,100,23,[2 7],101,-1,134,-1,111
1,<environment.Job instance at 0x7fdac4928af0>,101,19,[14  5],102,-1,130,-1,111
1,<environment.Job instance at 0x7fdac570e910>,103,20,[ 4 13],104,-1,148,-1,128
1,<environment.Job instance at 0x7fdac5234b40>,104,28,[12  1],105,-1,156,-1,128
1,<environment.Job instance at 0x7fdac47285a0>,105,14,[8 3],106,-1,142,-1,128
1,<environment.Job instance at 0x7fdac579d640>,106,13,[14  2],107,-1,141,-1,128
1,<environment.Job instance at 0x7fdac579d640>,2,26,[ 3 10],3,-1,29,-1,3
1,<environment.Job instance at 0x7fdac524b5a0>,3,27,[1 8],4,-1,31,-1,4
1,<environment.Job instance at 0x7fdac524b500>,4,20,[13  5],5,-1,25,-1,5
1,<environment.Job instance at 0x7fdac524b410>,8,25,[9 3],9,-1,34,-1,9
1,<environment.Job instance at 0x7fdac524c370>,12,21,[ 4 14],13,-1,38,-1,17
1,<environment.Job instance at 0x7fdac524c050>,13,14,[ 1 13],14,-1,31,-1,17
1,<environment.Job instance at 0x7fdac524cfa0>,14,16,[12  5],15,-1,33,-1,17
1,<environment.Job instance at 0x7fdac524caf0>,15,28,[4 5],16,-1,45,-1,17
1,<environment.Job instance at 0x7fdac524caa0>,16,27,[11  5],17,-1,44,-1,17
1,<environment.Job instance at 0x7fdac524c780>,17,18,[11  3],18,-1,36,-1,18
1,<environment.Job instance at 0x7fdac524c910>,19,17,[ 2 13],20,-1,37,-1,20
1,<environment.Job instance at 0x7fdac524c960>,20,13,[11  4],21,-1,34,-1,21
1,<environment.Job instance at 0x7fdac524c6e0>,22,25,[14  5],23,-1,48,-1,23
1,<environment.Job instance at 0x7fdac524cb90>,23,24,[3 6],24,-1,48,-1,24
1,<environment.Job instance at 0x7fdac524cdc0>,24,13,[10  4],25,-1,38,-1,25
1,<environment.Job instance at 0x7fdac524c140>,25,22,[11  3],26,-1,48,-1,26
1,<environment.Job instance at 0x7fdac498bfa0>,26,12,[ 3 10],27,-1,39,-1,27
1,<environment.Job instance at 0x7fdac498b460>,27,23,[10  1],28,-1,51,-1,28
1,<environment.Job instance at 0x7fdac498b0a0>,28,12,[8 1],29,-1,41,-1,29
1,<environment.Job instance at 0x7fdac498bdc0>,29,22,[4 8],30,-1,52,-1,30
1,<environment.Job instance at 0x7fdac498b690>,30,16,[ 4 11],31,-1,47,-1,31
1,<environment.Job instance at 0x7fdac498b640>,31,28,[ 4 13],32,-1,60,-1,32
1,<environment.Job instance at 0x7fdac498b140>,32,15,[ 5 14],33,-1,48,-1,33
1,<environment.Job instance at 0x7fdac498be60>,33,25,[13  4],34,-1,59,-1,34
1,<environment.Job instance at 0x7fdac498b9b0>,34,20,[13  5],35,-1,55,-1,35
1,<environment.Job instance at 0x7fdac498b5a0>,35,25,[7 3],36,-1,61,-1,36
1,<environment.Job instance at 0x7fdac498b500>,36,16,[ 5 11],37,-1,53,-1,37
1,<environment.Job instance at 0x7fdac498baa0>,38,21,[14  2],39,-1,60,-1,39
1,<environment.Job instance at 0x7fdac498b7d0>,39,13,[12  4],40,-1,53,-1,40
1,<environment.Job instance at 0x7fdac498bd70>,40,26,[14  5],41,-1,67,-1,41
1,<environment.Job instance at 0x7fdac498b0f0>,42,19,[ 2 13],43,-1,62,-1,43
1,<environment.Job instance at 0x7fdac498b8c0>,43,24,[5 3],44,-1,68,-1,44
1,<environment.Job instance at 0x7fdac498b6e0>,45,13,[11  1],46,-1,59,-1,46
1,<environment.Job instance at 0x7fdac5255aa0>,49,17,[ 4 14],50,-1,87,-1,70
1,<environment.Job instance at 0x7fdac5255b40>,51,17,[12  4],52,-1,88,-1,71
1,<environment.Job instance at 0x7fdac5255e60>,52,14,[ 3 11],53,-1,85,-1,71
1,<environment.Job instance at 0x7fdac5255820>,53,16,[ 4 13],54,-1,87,-1,71
1,<environment.Job instance at 0x7fdac5255910>,54,24,[ 1 11],55,-1,95,-1,71
1,<environment.Job instance at 0x7fdac52550f0>,55,17,[ 4 11],56,-1,88,-1,71
1,<environment.Job instance at 0x7fdac5255fa0>,56,22,[8 4],57,-1,93,-1,71
1,<environment.Job instance at 0x7fdac5255370>,57,15,[ 2 12],58,-1,86,-1,71
1,<environment.Job instance at 0x7fdac5255640>,58,22,[ 5 13],59,-1,93,-1,71
1,<environment.Job instance at 0x7fdac5255500>,59,16,[12  4],60,-1,87,-1,71
1,<environment.Job instance at 0x7fdac5255410>,60,26,[11  3],61,-1,97,-1,71
1,<environment.Job instance at 0x7fdac5255320>,61,18,[ 1 10],62,-1,89,-1,71
1,<environment.Job instance at 0x7fdac52555f0>,62,15,[13  2],63,-1,86,-1,71
1,<environment.Job instance at 0x7fdac5255c30>,63,23,[4 9],64,-1,94,-1,71
1,<environment.Job instance at 0x7fdac5247eb0>,64,25,[7 5],65,-1,96,-1,71
1,<environment.Job instance at 0x7fdac52478c0>,65,23,[5 4],66,-1,94,-1,71
1,<environment.Job instance at 0x7fdac5247a00>,66,28,[ 3 13],67,-1,99,-1,71
1,<environment.Job instance at 0x7fdac5247910>,69,19,[ 1 13],70,-1,105,-1,86
1,<environment.Job instance at 0x7fdac5247c30>,70,13,[5 5],71,-1,99,-1,86
1,<environment.Job instance at 0x7fdac5247230>,71,28,[4 5],72,-1,114,-1,86
1,<environment.Job instance at 0x7fdac5247f50>,72,26,[1 7],73,-1,112,-1,86
1,<environment.Job instance at 0x7fdac5247960>,73,21,[13  3],74,-1,107,-1,86
1,<environment.Job instance at 0x7fdac5247140>,74,23,[6 2],75,-1,109,-1,86
1,<environment.Job instance at 0x7fdac526afa0>,77,27,[ 3 13],78,-1,130,-1,103
1,<environment.Job instance at 0x7fdac526a4b0>,78,22,[13  1],79,-1,125,-1,103
1,<environment.Job instance at 0x7fdac526af50>,79,26,[ 4 12],80,-1,129,-1,103
1,<environment.Job instance at 0x7fdac526ae60>,80,21,[7 1],81,-1,129,-1,108
1,<environment.Job instance at 0x7fdac526a460>,81,25,[ 5 12],82,-1,133,-1,108
1,<environment.Job instance at 0x7fdac526a820>,82,28,[12  4],83,-1,136,-1,108
1,<environment.Job instance at 0x7fdac526a690>,83,18,[13  5],84,-1,126,-1,108
1,<environment.Job instance at 0x7fdac526a230>,84,22,[2 8],85,-1,130,-1,108
1,<environment.Job instance at 0x7fdac526a6e0>,85,24,[8 3],86,-1,132,-1,108
1,<environment.Job instance at 0x7fdac526ae10>,86,25,[ 1 14],87,-1,133,-1,108
1,<environment.Job instance at 0x7fdac526a730>,87,23,[9 5],88,-1,131,-1,108
1,<environment.Job instance at 0x7fdac526aaa0>,89,22,[ 3 12],90,-1,142,-1,120
1,<environment.Job instance at 0x7fdac526a640>,90,25,[ 1 11],91,-1,145,-1,120
1,<environment.Job instance at 0x7fdac524adc0>,91,14,[12  4],92,-1,134,-1,120
1,<environment.Job instance at 0x7fdac524a9b0>,92,12,[9 4],93,-1,132,-1,120
1,<environment.Job instance at 0x7fdac524ab90>,94,16,[4 9],95,-1,139,-1,123
1,<environment.Job instance at 0x7fdac524a910>,95,12,[ 3 14],96,-1,135,-1,123
1,<environment.Job instance at 0x7fdac524aaf0>,96,24,[11  4],97,-1,147,-1,123
1,<environment.Job instance at 0x7fdac524aa50>,97,21,[10  3],98,-1,144,-1,123
1,<environment.Job instance at 0x7fdac5234780>,1,26,[ 4 11],2,-1,28,-1,2
1,<environment.Job instance at 0x7fdac524ac80>,3,14,[ 5 14],4,-1,18,-1,4
1,<environment.Job instance at 0x7fdac4298f50>,5,28,[6 4],6,-1,34,-1,6
1,<environment.Job instance at 0x7fdac42985a0>,6,28,[8 5],7,-1,35,-1,7
1,<environment.Job instance at 0x7fdac4298230>,7,21,[5 1],8,-1,31,-1,10
1,<environment.Job instance at 0x7fdac4298c80>,10,21,[2 6],11,-1,41,-1,20
1,<environment.Job instance at 0x7fdac4298eb0>,12,15,[14  5],13,-1,35,-1,20
1,<environment.Job instance at 0x7fdac42986e0>,20,17,[ 2 12],21,-1,94,-1,77
1,<environment.Job instance at 0x7fdac4288cd0>,21,28,[12  3],22,-1,105,-1,77
1,<environment.Job instance at 0x7fdac42880f0>,26,26,[5 5],27,-1,130,-1,104
1,<environment.Job instance at 0x7fdac4288460>,27,28,[3 7],28,-1,132,-1,104
1,<environment.Job instance at 0x7fdac5799aa0>,3,25,[1 9],4,-1,30,-1,5
1,<environment.Job instance at 0x7fdac5799f50>,5,27,[9 3],6,-1,33,-1,6
1,<environment.Job instance at 0x7fdac5799dc0>,6,24,[14  4],7,-1,31,-1,7
1,<environment.Job instance at 0x7fdac5799870>,7,28,[6 2],8,-1,36,-1,8
1,<environment.Job instance at 0x7fdac57996e0>,8,12,[ 4 12],9,-1,21,-1,9
1,<environment.Job instance at 0x7fdac5799190>,9,25,[2 7],10,-1,35,-1,10
1,<environment.Job instance at 0x7fdac5799550>,10,26,[14  2],11,-1,37,-1,11
1,<environment.Job instance at 0x7fdac57992d0>,11,23,[13  4],12,-1,35,-1,12
1,<environment.Job instance at 0x7fdac5799fa0>,12,28,[6 1],13,-1,41,-1,13
1,<environment.Job instance at 0x7fdac4bf3c80>,16,16,[ 4 12],17,-1,38,-1,22
1,<environment.Job instance at 0x7fdac4bf3a00>,17,15,[12  4],18,-1,37,-1,22
1,<environment.Job instance at 0x7fdac4bf3aa0>,19,28,[11  1],20,-1,50,-1,22
1,<environment.Job instance at 0x7fdac4bf3af0>,21,26,[13  2],22,-1,48,-1,22
1,<environment.Job instance at 0x7fdac4bf32d0>,22,21,[ 3 11],23,-1,44,-1,23
1,<environment.Job instance at 0x7fdac579e7d0>,25,25,[6 4],26,-1,67,-1,42
1,<environment.Job instance at 0x7fdac579e2d0>,26,21,[14  5],27,-1,63,-1,42
1,<environment.Job instance at 0x7fdac579e190>,27,26,[ 5 13],28,-1,68,-1,42
1,<environment.Job instance at 0x7fdac579e460>,29,27,[ 4 13],30,-1,73,-1,46
1,<environment.Job instance at 0x7fdac417a320>,30,17,[ 5 12],31,-1,63,-1,46
1,<environment.Job instance at 0x7fdac417a5f0>,31,22,[13  3],32,-1,68,-1,46
1,<environment.Job instance at 0x7fdac516b3c0>,32,28,[ 4 10],33,-1,74,-1,46
1,<environment.Job instance at 0x7fdac415b690>,33,14,[ 2 13],34,-1,60,-1,46
1,<environment.Job instance at 0x7fdac4db0280>,38,24,[ 4 10],39,-1,101,-1,77
1,<environment.Job instance at 0x7fdac4db00a0>,39,24,[14  5],40,-1,101,-1,77
1,<environment.Job instance at 0x7fdac4db0690>,40,27,[ 3 10],41,-1,104,-1,77
1,<environment.Job instance at 0x7fdac4db0f50>,41,20,[ 3 11],42,-1,97,-1,77
1,<environment.Job instance at 0x7fdac421baf0>,42,13,[12  4],43,-1,90,-1,77
1,<environment.Job instance at 0x7fdac421b370>,44,12,[ 4 14],45,-1,93,-1,81
1,<environment.Job instance at 0x7fdac5297690>,47,13,[ 1 10],48,-1,110,-1,97
1,<environment.Job instance at 0x7fdac5297af0>,48,13,[14  2],49,-1,110,-1,97
1,<environment.Job instance at 0x7fdac522ca50>,49,14,[13  2],50,-1,111,-1,97
1,<environment.Job instance at 0x7fdac4236690>,50,22,[ 4 12],51,-1,119,-1,97
1,<environment.Job instance at 0x7fdac4236370>,53,16,[ 2 11],54,-1,128,-1,112
1,<environment.Job instance at 0x7fdac4236d20>,55,19,[ 3 11],56,-1,131,-1,112
1,<environment.Job instance at 0x7fdac4236dc0>,56,28,[5 3],57,-1,140,-1,112
1,<environment.Job instance at 0x7fdac42367d0>,57,13,[ 4 11],58,-1,125,-1,112
1,<environment.Job instance at 0x7fdac401a2d0>,1,14,[ 3 12],2,-1,16,-1,2
1,<environment.Job instance at 0x7fdac401a960>,3,27,[2 7],4,-1,31,-1,4
1,<environment.Job instance at 0x7fdac401a820>,4,26,[7 1],5,-1,31,-1,5
1,<environment.Job instance at 0x7fdac401a500>,6,24,[7 2],7,-1,31,-1,7
1,<environment.Job instance at 0x7fdac401ae60>,7,24,[14  4],8,-1,32,-1,8
1,<environment.Job instance at 0x7fdac4c3b5a0>,8,25,[12  5],9,-1,34,-1,9
1,<environment.Job instance at 0x7fdac401a550>,5,13,[14  1],6,-1,22,-1,9
1,<environment.Job instance at 0x7fdac401a8c0>,9,25,[3 6],10,-1,35,-1,10
1,<environment.Job instance at 0x7fdac4c3b9b0>,10,23,[ 3 10],11,-1,34,-1,11
1,<environment.Job instance at 0x7fdac4c3ba50>,11,20,[ 4 14],12,-1,32,-1,12
1,<environment.Job instance at 0x7fdac4c3beb0>,12,16,[13  1],13,-1,30,-1,14
1,<environment.Job instance at 0x7fdac4c3b910>,13,16,[8 2],14,-1,30,-1,14
1,<environment.Job instance at 0x7fdac4c3bbe0>,14,25,[1 8],15,-1,40,-1,15
1,<environment.Job instance at 0x7fdac4c3bd20>,15,28,[5 8],16,-1,44,-1,16
1,<environment.Job instance at 0x7fdac4c3bd70>,16,16,[ 4 12],17,-1,33,-1,17
1,<environment.Job instance at 0x7fdac4c3baf0>,17,13,[14  5],18,-1,31,-1,18
1,<environment.Job instance at 0x7fdac4c3b640>,18,18,[ 5 12],19,-1,37,-1,19
1,<environment.Job instance at 0x7fdac4c3b6e0>,19,17,[13  3],20,-1,37,-1,20
1,<environment.Job instance at 0x7fdac4c3b780>,20,19,[ 3 14],21,-1,40,-1,21
1,<environment.Job instance at 0x7fdac4c3bfa0>,21,27,[1 7],22,-1,49,-1,22
1,<environment.Job instance at 0x7fdac4c3b140>,28,15,[9 1],29,-1,62,-1,47
1,<environment.Job instance at 0x7fdac506a870>,29,26,[ 3 10],30,-1,73,-1,47
1,<environment.Job instance at 0x7fdac506a230>,30,13,[9 1],31,-1,60,-1,47
1,<environment.Job instance at 0x7fdac506a0a0>,32,28,[13  1],33,-1,75,-1,47
1,<environment.Job instance at 0x7fdac506acd0>,34,28,[12  1],35,-1,81,-1,53
1,<environment.Job instance at 0x7fdac506a640>,37,18,[11  2],38,-1,87,-1,69
1,<environment.Job instance at 0x7fdac506abe0>,40,17,[13  1],41,-1,94,-1,77
1,<environment.Job instance at 0x7fdac506ae10>,41,12,[11  4],42,-1,89,-1,77
1,<environment.Job instance at 0x7fdac506ad20>,45,25,[ 3 12],46,-1,131,-1,106
1,<environment.Job instance at 0x7fdac506adc0>,47,17,[ 3 14],48,-1,134,-1,117
1,<environment.Job instance at 0x7fdac506a410>,48,26,[ 5 13],49,-1,143,-1,117
1,<environment.Job instance at 0x7fdac506a190>,2,28,[ 4 13],3,-1,31,-1,3
1,<environment.Job instance at 0x7fdac56c5af0>,3,19,[14  3],4,-1,24,-1,5
1,<environment.Job instance at 0x7fdac56c5c80>,5,27,[4 5],6,-1,33,-1,6
1,<environment.Job instance at 0x7fdac56c5eb0>,7,26,[ 2 11],8,-1,34,-1,8
1,<environment.Job instance at 0x7fdac56ef140>,13,16,[13  5],14,-1,39,-1,23
1,<environment.Job instance at 0x7fdac56ef370>,14,26,[ 5 11],15,-1,49,-1,23
1,<environment.Job instance at 0x7fdac56ef0a0>,15,14,[ 5 13],16,-1,37,-1,23
1,<environment.Job instance at 0x7fdac56ef6e0>,18,13,[ 5 11],19,-1,44,-1,31
1,<environment.Job instance at 0x7fdac56ef5f0>,19,23,[3 6],20,-1,54,-1,31
1,<environment.Job instance at 0x7fdac56ef780>,20,15,[14  4],21,-1,46,-1,31
1,<environment.Job instance at 0x7fdac56ef8c0>,21,19,[ 3 11],22,-1,50,-1,31
1,<environment.Job instance at 0x7fdac56ef960>,22,18,[11  3],23,-1,49,-1,31
1,<environment.Job instance at 0x7fdac56efa00>,23,18,[14  4],24,-1,49,-1,31
1,<environment.Job instance at 0x7fdac56efb90>,25,28,[7 5],26,-1,69,-1,41
1,<environment.Job instance at 0x7fdac56efc30>,26,28,[2 9],27,-1,69,-1,41
1,<environment.Job instance at 0x7fdac56efcd0>,27,15,[10  2],28,-1,60,-1,45
1,<environment.Job instance at 0x7fdac56efc80>,28,12,[11  4],29,-1,57,-1,45
1,<environment.Job instance at 0x7fdac56efe60>,29,17,[ 2 11],30,-1,62,-1,45
1,<environment.Job instance at 0x7fdac56eff00>,30,25,[2 8],31,-1,70,-1,45
1,<environment.Job instance at 0x7fdac56effa0>,31,26,[ 3 11],32,-1,71,-1,45
1,<environment.Job instance at 0x7fdac56efe10>,32,22,[6 1],33,-1,67,-1,45
1,<environment.Job instance at 0x7fdac56e00f0>,35,23,[ 4 13],36,-1,73,-1,50
1,<environment.Job instance at 0x7fdac56e0410>,37,12,[6 1],38,-1,76,-1,64
1,<environment.Job instance at 0x7fdac56e04b0>,38,14,[ 2 11],39,-1,78,-1,64
1,<environment.Job instance at 0x7fdac56e03c0>,39,28,[11  5],40,-1,92,-1,64
1,<environment.Job instance at 0x7fdac56e0730>,41,24,[5 9],42,-1,92,-1,68
1,<environment.Job instance at 0x7fdac56e0550>,42,13,[ 3 11],43,-1,81,-1,68
1,<environment.Job instance at 0x7fdac56e0820>,43,17,[6 1],44,-1,89,-1,72
1,<environment.Job instance at 0x7fdac56e08c0>,44,21,[ 4 14],45,-1,93,-1,72
1,<environment.Job instance at 0x7fdac56e0aa0>,46,18,[12  5],47,-1,96,-1,78
1,<environment.Job instance at 0x7fdac56e0c30>,49,28,[13  5],50,-1,121,-1,93
1,<environment.Job instance at 0x7fdac56e0d20>,51,14,[1 8],52,-1,111,-1,97
1,<environment.Job instance at 0x7fdac56e0eb0>,52,25,[ 3 12],53,-1,122,-1,97
1,<environment.Job instance at 0x7fdac56e0f50>,53,13,[11  1],54,-1,110,-1,97
1,<environment.Job instance at 0x7fdac56e0e10>,54,20,[13  2],55,-1,117,-1,97
1,<environment.Job instance at 0x7fdac56e0f00>,55,13,[ 2 14],56,-1,110,-1,97
1,<environment.Job instance at 0x7fdac56e0e60>,56,18,[ 4 10],57,-1,115,-1,97
1,<environment.Job instance at 0x7fdac56c6190>,57,20,[ 1 11],58,-1,117,-1,97
1,<environment.Job instance at 0x7fdac56c6410>,61,24,[14  5],62,-1,142,-1,118
1,<environment.Job instance at 0x7f8b6b814460>,3,13,[12  4],4,-1,17,-1,4
1,<environment.Job instance at 0x7f8b6b814640>,4,24,[7 2],5,-1,29,-1,5
1,<environment.Job instance at 0x7f8b6b814690>,5,24,[ 2 14],6,-1,30,-1,6
1,<environment.Job instance at 0x7f8b6b814730>,6,15,[ 2 14],7,-1,22,-1,7
1,<environment.Job instance at 0x7f8b6b8147d0>,7,26,[9 3],8,-1,34,-1,8
1,<environment.Job instance at 0x7f8b6b814870>,8,20,[ 4 13],9,-1,29,-1,9
1,<environment.Job instance at 0x7f8b6b814910>,9,16,[12  1],10,-1,26,-1,10
1,<environment.Job instance at 0x7f8b6b814b90>,12,28,[ 1 14],13,-1,41,-1,13
1,<environment.Job instance at 0x7f8b6b814b40>,14,15,[14  4],15,-1,30,-1,15
1,<environment.Job instance at 0x7f8b6b814dc0>,15,20,[ 3 12],16,-1,36,-1,16
1,<environment.Job instance at 0x7f8b6b814e60>,16,28,[5 1],17,-1,46,-1,18
1,<environment.Job instance at 0x7f8b6b814550>,18,18,[13  1],19,-1,37,-1,19
1,<environment.Job instance at 0x7f8b6b817050>,19,23,[8 4],20,-1,44,-1,21
1,<environment.Job instance at 0x7f8b6b817190>,21,14,[ 4 11],22,-1,36,-1,22
1,<environment.Job instance at 0x7f8b6b8172d0>,23,16,[12  2],24,-1,40,-1,24
1,<environment.Job instance at 0x7f8b6b817320>,25,24,[5 7],26,-1,53,-1,29
1,<environment.Job instance at 0x7f8b6b817550>,27,17,[ 4 12],28,-1,46,-1,29
1,<environment.Job instance at 0x7f8b6b8175f0>,28,17,[ 1 13],29,-1,46,-1,29
1,<environment.Job instance at 0x7f8b6b817730>,29,24,[ 4 13],30,-1,54,-1,30
1,<environment.Job instance at 0x7f8b6b817870>,30,26,[11  4],31,-1,57,-1,31
1,<environment.Job instance at 0x7f8b6b8178c0>,31,28,[ 2 10],32,-1,60,-1,32
1,<environment.Job instance at 0x7f8b6b817a50>,33,28,[6 4],34,-1,74,-1,46
1,<environment.Job instance at 0x7f8b6b817af0>,34,24,[5 5],35,-1,70,-1,46
1,<environment.Job instance at 0x7f8b6b817cd0>,37,14,[ 5 14],38,-1,80,-1,66
1,<environment.Job instance at 0x7f8b6b817d70>,38,24,[13  2],39,-1,90,-1,66
1,<environment.Job instance at 0x7f8b6b817eb0>,40,26,[ 1 14],41,-1,110,-1,84
1,<environment.Job instance at 0x7f8b6b817f50>,41,12,[8 3],42,-1,100,-1,88
1,<environment.Job instance at 0x7f8b6b817a00>,42,12,[ 5 12],43,-1,100,-1,88
1,<environment.Job instance at 0x7f8b6b81a190>,44,12,[11  3],45,-1,100,-1,88
1,<environment.Job instance at 0x7f8b6b81a230>,45,12,[ 3 14],46,-1,100,-1,88
1,<environment.Job instance at 0x7f8b6b81a460>,47,14,[12  2],48,-1,103,-1,89
1,<environment.Job instance at 0x7f8b6b81a140>,48,14,[ 1 11],49,-1,103,-1,89
1,<environment.Job instance at 0x7f8b6b81a550>,50,13,[ 4 12],51,-1,110,-1,97
1,<environment.Job instance at 0x7f8b6b81a690>,52,21,[14  2],53,-1,123,-1,102
1,<environment.Job instance at 0x7f8b6b81a870>,55,12,[ 2 12],56,-1,126,-1,114
1,<environment.Job instance at 0x7f8b6b81a9b0>,57,16,[ 2 11],58,-1,139,-1,123
1,<environment.Job instance at 0x7f8b6b81aa50>,58,17,[ 3 13],59,-1,140,-1,123
1,<environment.Job instance at 0x7f8b6b81ab90>,60,28,[2 6],61,-1,161,-1,133
1,<environment.Job instance at 0x7f8b6b81ac30>,61,23,[13  5],62,-1,156,-1,133
1,<environment.Job instance at 0x7f8b6b81acd0>,62,14,[ 4 11],63,-1,147,-1,133
1,<environment.Job instance at 0x7f8b6b81ae10>,64,24,[2 8],65,-1,157,-1,133
1,<environment.Job instance at 0x7f8b6b81af00>,65,26,[5 5],66,-1,159,-1,133
1,<environment.Job instance at 0x7f8b6b81aeb0>,66,17,[ 4 12],67,-1,150,-1,133
1,<environment.Job instance at 0x7f8b6b961cd0>,2,23,[ 3 11],3,-1,26,-1,3
1,<environment.Job instance at 0x7f8b6b29edc0>,3,14,[ 3 12],4,-1,18,-1,4
1,<environment.Job instance at 0x7f8b6b8f01e0>,4,15,[ 2 13],5,-1,20,-1,5
1,<environment.Job instance at 0x7f8b6b8f0910>,5,26,[7 2],6,-1,32,-1,6
1,<environment.Job instance at 0x7f8b6b8f0c30>,11,28,[7 1],12,-1,40,-1,12
1,<environment.Job instance at 0x7f8b6b8f0870>,13,27,[9 2],14,-1,44,-1,17
1,<environment.Job instance at 0x7f8b6b8f0640>,14,26,[12  4],15,-1,43,-1,17
1,<environment.Job instance at 0x7f8b6b95ad70>,16,15,[ 2 10],17,-1,37,-1,22
1,<environment.Job instance at 0x7f8b6b95a050>,17,25,[ 3 13],18,-1,47,-1,22
1,<environment.Job instance at 0x7f8b6b95a640>,18,24,[12  5],19,-1,46,-1,22
1,<environment.Job instance at 0x7f8b6b95aa50>,19,25,[ 2 11],20,-1,47,-1,22
1,<environment.Job instance at 0x7f8b6b95a690>,20,26,[5 4],21,-1,48,-1,22
1,<environment.Job instance at 0x7f8b6b95a280>,21,23,[ 3 14],22,-1,45,-1,22
1,<environment.Job instance at 0x7f8b6b95ab40>,22,19,[2 5],23,-1,52,-1,33
1,<environment.Job instance at 0x7f8b6b95a460>,23,17,[13  1],24,-1,50,-1,33
1,<environment.Job instance at 0x7f8b6b95a780>,24,22,[3 8],25,-1,55,-1,33
1,<environment.Job instance at 0x7f8b6b95a4b0>,25,16,[11  3],26,-1,49,-1,33
1,<environment.Job instance at 0x7f8b6b95a320>,26,24,[13  4],27,-1,57,-1,33
1,<environment.Job instance at 0x7f8b6b95a730>,27,18,[14  2],28,-1,51,-1,33
1,<environment.Job instance at 0x7f8b6ae7d820>,29,17,[14  3],30,-1,50,-1,33
1,<environment.Job instance at 0x7f8b6b3fa730>,30,24,[ 4 11],31,-1,57,-1,33
1,<environment.Job instance at 0x7f8b6af3acd0>,31,14,[ 5 10],32,-1,47,-1,33
1,<environment.Job instance at 0x7f8b6b227190>,34,25,[14  5],35,-1,69,-1,44
1,<environment.Job instance at 0x7f8b6aee0d70>,35,24,[3 7],36,-1,68,-1,44
1,<environment.Job instance at 0x7f8b6b2ecfa0>,36,19,[3 8],37,-1,63,-1,44
1,<environment.Job instance at 0x7f8b6b2ece10>,37,17,[11  1],38,-1,61,-1,44
1,<environment.Job instance at 0x7f8b6b168320>,38,27,[ 3 13],39,-1,71,-1,44
1,<environment.Job instance at 0x7f8b6b2f0c30>,40,26,[3 9],41,-1,81,-1,55
1,<environment.Job instance at 0x7f8b6b2f0af0>,41,19,[11  4],42,-1,74,-1,55
1,<environment.Job instance at 0x7f8b6b2f0050>,42,24,[4 9],43,-1,79,-1,55
1,<environment.Job instance at 0x7f8b6b1674b0>,43,25,[13  2],44,-1,80,-1,55
1,<environment.Job instance at 0x7f8b6b2c91e0>,44,23,[6 4],45,-1,78,-1,55
1,<environment.Job instance at 0x7f8b6b2c9be0>,45,22,[12  2],46,-1,77,-1,55
1,<environment.Job instance at 0x7f8b6b2c9550>,46,17,[9 2],47,-1,82,-1,65
1,<environment.Job instance at 0x7f8b6b2c9a50>,47,16,[1 7],48,-1,82,-1,66
1,<environment.Job instance at 0x7f8b6b2c96e0>,48,13,[ 3 11],49,-1,79,-1,66
1,<environment.Job instance at 0x7f8b6b2c9af0>,49,14,[14  1],50,-1,80,-1,66
1,<environment.Job instance at 0x7f8b6b2be190>,50,14,[12  1],51,-1,80,-1,66
1,<environment.Job instance at 0x7f8b6b2befa0>,51,17,[12  4],52,-1,83,-1,66
1,<environment.Job instance at 0x7f8b6b2be910>,54,16,[ 4 14],55,-1,95,-1,79
1,<environment.Job instance at 0x7f8b6b2be3c0>,56,18,[7 1],57,-1,98,-1,80
1,<environment.Job instance at 0x7f8b6b2be9b0>,57,19,[3 8],58,-1,102,-1,83
1,<environment.Job instance at 0x7f8b6aedae10>,58,14,[7 1],59,-1,97,-1,83
1,<environment.Job instance at 0x7f8b6b30a690>,59,14,[14  2],60,-1,97,-1,83
1,<environment.Job instance at 0x7f8b6b30a370>,60,13,[12  2],61,-1,96,-1,83
1,<environment.Job instance at 0x7f8b6b30a460>,61,27,[3 6],62,-1,110,-1,83
1,<environment.Job instance at 0x7f8b6b30a0f0>,62,22,[2 8],63,-1,105,-1,83
1,<environment.Job instance at 0x7f8b6b368460>,63,15,[6 1],64,-1,98,-1,83
1,<environment.Job instance at 0x7f8b6b317230>,65,13,[12  2],66,-1,107,-1,94
1,<environment.Job instance at 0x7f8b6b3686e0>,66,27,[10  5],67,-1,121,-1,94
1,<environment.Job instance at 0x7f8b6b317910>,67,14,[11  1],68,-1,108,-1,94
1,<environment.Job instance at 0x7f8b6b317730>,68,24,[12  2],69,-1,118,-1,94
1,<environment.Job instance at 0x7f8b6b317d70>,69,20,[12  3],70,-1,114,-1,94
1,<environment.Job instance at 0x7f8b6b317460>,70,20,[ 2 10],71,-1,114,-1,94
1,<environment.Job instance at 0x7f8b6b3174b0>,71,15,[11  5],72,-1,109,-1,94
1,<environment.Job instance at 0x7f8b6b309f00>,72,19,[14  4],73,-1,113,-1,94
1,<environment.Job instance at 0x7f8b6b3c6280>,73,17,[ 3 12],74,-1,111,-1,94
1,<environment.Job instance at 0x7f8b6af01230>,74,13,[2 5],75,-1,107,-1,94
1,<environment.Job instance at 0x7f8b6b309af0>,75,19,[ 4 14],76,-1,113,-1,94
1,<environment.Job instance at 0x7f8b6b2e0f00>,76,16,[ 5 12],77,-1,110,-1,94
1,<environment.Job instance at 0x7f8b6b2e0aa0>,77,21,[ 1 12],78,-1,115,-1,94
1,<environment.Job instance at 0x7f8b6b2e0690>,78,16,[ 1 14],79,-1,110,-1,94
1,<environment.Job instance at 0x7f8b6b2e0b40>,79,18,[ 1 14],80,-1,112,-1,94
1,<environment.Job instance at 0x7f8b6b2e02d0>,80,23,[1 9],81,-1,117,-1,94
1,<environment.Job instance at 0x7f8b6b32ef00>,81,17,[14  5],82,-1,111,-1,94
1,<environment.Job instance at 0x7f8b6b32e5f0>,82,25,[4 8],83,-1,119,-1,94
1,<environment.Job instance at 0x7f8b6b32e140>,83,25,[11  3],84,-1,119,-1,94
1,<environment.Job instance at 0x7f8b6b32e4b0>,84,15,[14  2],85,-1,109,-1,94
1,<environment.Job instance at 0x7f8b6b2d6280>,85,18,[11  1],86,-1,112,-1,94
1,<environment.Job instance at 0x7f8b6b2d6b40>,87,17,[12  1],88,-1,111,-1,94
1,<environment.Job instance at 0x7f8b6b2d6f50>,88,20,[12  2],89,-1,114,-1,94
1,<environment.Job instance at 0x7f8b6b2b2fa0>,89,12,[4 8],90,-1,106,-1,94
1,<environment.Job instance at 0x7f8b6b2b29b0>,90,19,[4 7],91,-1,155,-1,136
1,<environment.Job instance at 0x7f8b6b3260a0>,93,19,[ 5 10],94,-1,155,-1,136
1,<environment.Job instance at 0x7f8b6b326500>,95,14,[ 1 13],96,-1,150,-1,136
1,<environment.Job instance at 0x7f8b6b81f690>,1,26,[2 8],2,-1,28,-1,2
1,<environment.Job instance at 0x7f8b6af30a50>,3,20,[ 4 10],4,-1,25,-1,5
1,<environment.Job instance at 0x7f8b6b326500>,4,15,[11  2],5,-1,20,-1,5
1,<environment.Job instance at 0x7f8b6af305f0>,7,28,[ 3 11],8,-1,36,-1,8
1,<environment.Job instance at 0x7f8b6af30aa0>,8,27,[14  1],9,-1,36,-1,9
1,<environment.Job instance at 0x7f8b6af30500>,9,27,[9 5],10,-1,37,-1,10
1,<environment.Job instance at 0x7f8b6af30820>,6,17,[ 5 10],7,-1,27,-1,10
1,<environment.Job instance at 0x7f8b6aebc0a0>,11,14,[12  2],12,-1,26,-1,12
1,<environment.Job instance at 0x7f8b6aebcc30>,12,26,[ 4 12],13,-1,39,-1,13
1,<environment.Job instance at 0x7f8b6aebc1e0>,13,24,[ 5 13],14,-1,38,-1,14
1,<environment.Job instance at 0x7f8b6aebc0f0>,14,25,[11  5],15,-1,40,-1,15
1,<environment.Job instance at 0x7f8b6aebc280>,15,23,[3 6],16,-1,39,-1,16
1,<environment.Job instance at 0x7f8b6aebca50>,16,22,[12  5],17,-1,39,-1,17
1,<environment.Job instance at 0x7f8b6b1d45a0>,1,22,[13  5],2,-1,24,-1,2
1,<environment.Job instance at 0x7f8b6aeda9b0>,2,14,[ 3 13],3,-1,17,-1,3
1,<environment.Job instance at 0x7f8b6aedac80>,3,26,[14  2],4,-1,30,-1,4
1,<environment.Job instance at 0x7f8b6b1369b0>,4,13,[13  4],5,-1,18,-1,5
1,<environment.Job instance at 0x7f8b6af58500>,7,25,[11  1],8,-1,33,-1,8
1,<environment.Job instance at 0x7f8b6b81f9b0>,8,19,[13  3],9,-1,28,-1,9
1,<environment.Job instance at 0x7f8b6b73b3c0>,13,18,[ 2 13],14,-1,32,-1,14
1,<environment.Job instance at 0x7f8b6b3211e0>,17,14,[12  2],18,-1,58,-1,44
1,<environment.Job instance at 0x7f8b6b7ee460>,18,17,[12  4],19,-1,61,-1,44
1,<environment.Job instance at 0x7f8b6ae92c80>,19,25,[6 4],20,-1,69,-1,44
1,<environment.Job instance at 0x7f8b6aec60f0>,21,20,[ 2 10],22,-1,64,-1,44
1,<environment.Job instance at 0x7f8b6afd6e10>,22,18,[ 2 13],23,-1,62,-1,44
1,<environment.Job instance at 0x7f8b6ae92780>,23,14,[14  2],24,-1,58,-1,44
1,<environment.Job instance at 0x7f8b74e9d0f0>,24,27,[ 1 12],25,-1,71,-1,44
1,<environment.Job instance at 0x7f8b6b339640>,25,15,[13  4],26,-1,59,-1,44
1,<environment.Job instance at 0x7f8b74e9dd20>,26,24,[ 4 14],27,-1,68,-1,44
1,<environment.Job instance at 0x7f8b6af01aa0>,28,16,[12  5],29,-1,65,-1,49
1,<environment.Job instance at 0x7f8b6b274320>,30,23,[3 9],31,-1,79,-1,56
1,<environment.Job instance at 0x7f8b6ae97050>,31,19,[ 4 14],32,-1,75,-1,56
1,<environment.Job instance at 0x7f8b6b7fb550>,33,26,[10  3],34,-1,95,-1,69
1,<environment.Job instance at 0x7f8b6aebc460>,34,17,[14  3],35,-1,86,-1,69
1,<environment.Job instance at 0x7f8b6aee0fa0>,38,22,[ 4 12],39,-1,104,-1,82
1,<environment.Job instance at 0x7f8b6aee0d70>,39,25,[8 2],40,-1,107,-1,82
1,<environment.Job instance at 0x7f8b6aee0c80>,41,27,[6 4],42,-1,116,-1,89
1,<environment.Job instance at 0x7f8b6b1d6a50>,8,13,[10  1],9,-1,43,-1,30
1,<environment.Job instance at 0x7f8b6b1d61e0>,9,27,[5 1],10,-1,57,-1,30
1,<environment.Job instance at 0x7f8b6b1d6550>,10,28,[ 5 10],11,-1,58,-1,30
1,<environment.Job instance at 0x7f8b6b1d6b40>,11,27,[11  5],12,-1,57,-1,30
1,<environment.Job instance at 0x7f8b6b1d6870>,12,23,[14  5],13,-1,53,-1,30
1,<environment.Job instance at 0x7f8b6b1d6f00>,13,16,[12  4],14,-1,46,-1,30
1,<environment.Job instance at 0x7f8b6b1db320>,14,18,[ 1 10],15,-1,48,-1,30
1,<environment.Job instance at 0x7f8b6b1dbcd0>,15,27,[12  4],16,-1,57,-1,30
1,<environment.Job instance at 0x7f8b6b1dbdc0>,16,20,[ 5 12],17,-1,50,-1,30
1,<environment.Job instance at 0x7f8b6b1db8c0>,17,28,[12  4],18,-1,58,-1,30
1,<environment.Job instance at 0x7f8b6b1db6e0>,18,16,[ 1 14],19,-1,46,-1,30
1,<environment.Job instance at 0x7f8b6b1db140>,21,28,[13  3],22,-1,97,-1,69
1,<environment.Job instance at 0x7f8b6b1db5f0>,22,22,[ 3 11],23,-1,91,-1,69
1,<environment.Job instance at 0x7f8b6b1db3c0>,23,21,[ 2 13],24,-1,90,-1,69
1,<environment.Job instance at 0x7f8b6b1d0aa0>,25,26,[13  3],26,-1,95,-1,69
1,<environment.Job instance at 0x7f8b6b1d08c0>,26,24,[8 2],27,-1,93,-1,69
1,<environment.Job instance at 0x7f8b6b1d0500>,28,12,[11  1],29,-1,90,-1,78
1,<environment.Job instance at 0x7f8b6b1d0eb0>,29,17,[11  3],30,-1,95,-1,78
1,<environment.Job instance at 0x7f8b6b1cd5a0>,30,16,[12  1],31,-1,94,-1,78
1,<environment.Job instance at 0x7f8b6b1cd230>,31,15,[ 4 13],32,-1,93,-1,78
1,<environment.Job instance at 0x7f8b6b1cdf50>,32,28,[13  1],33,-1,106,-1,78
1,<environment.Job instance at 0x7f8b6b1cdbe0>,33,24,[ 4 13],34,-1,102,-1,78
1,<environment.Job instance at 0x7f8b6b1ca960>,34,18,[ 1 11],35,-1,96,-1,78
1,<environment.Job instance at 0x7f8b6b1ca9b0>,36,14,[12  5],37,-1,98,-1,84
1,<environment.Job instance at 0x7f8b6b1ca5a0>,37,21,[13  2],38,-1,105,-1,84
1,<environment.Job instance at 0x7f8b6b1ca780>,39,28,[13  2],40,-1,124,-1,96
1,<environment.Job instance at 0x7f8b6b1e55f0>,41,24,[2 6],42,-1,120,-1,96
1,<environment.Job instance at 0x7f8b6b1e50f0>,42,13,[ 5 12],43,-1,109,-1,96
1,<environment.Job instance at 0x7f8b6b1e52d0>,43,20,[ 2 11],44,-1,116,-1,96
1,<environment.Job instance at 0x7f8b6b1e5370>,45,14,[11  2],46,-1,112,-1,98
1,<environment.Job instance at 0x7f8b6b1e5af0>,46,21,[ 1 10],47,-1,119,-1,98
1,<environment.Job instance at 0x7f8b6b1e5050>,47,25,[3 7],48,-1,123,-1,98
1,<environment.Job instance at 0x7f8b6b1e5870>,49,22,[ 4 10],50,-1,130,-1,108
1,<environment.Job instance at 0x7f8b6b1e4d70>,50,25,[ 5 14],51,-1,133,-1,108
1,<environment.Job instance at 0x7f8b6b1e4140>,51,17,[ 1 13],52,-1,125,-1,108
1,<environment.Job instance at 0x7f8b6b196b90>,52,16,[ 1 13],53,-1,124,-1,108
1,<environment.Job instance at 0x7f8b6add3be0>,53,28,[2 7],54,-1,136,-1,108
1,<environment.Job instance at 0x7f8b6bbf3d70>,55,25,[3 9],56,-1,142,-1,117
1,<environment.Job instance at 0x7f8b6b6fe5a0>,57,13,[ 1 13],58,-1,130,-1,117
1,<environment.Job instance at 0x7f8b6ae53690>,58,28,[3 6],59,-1,145,-1,117
1,<environment.Job instance at 0x7f8b6bee1960>,59,12,[ 4 11],60,-1,129,-1,117
1,<environment.Job instance at 0x7f8b6b531e60>,61,13,[6 4],62,-1,134,-1,121
1,<environment.Job instance at 0x7f8b6b531eb0>,62,22,[ 5 12],63,-1,143,-1,121
1,<environment.Job instance at 0x7f8b6adfceb0>,63,17,[13  5],64,-1,138,-1,121
1,<environment.Job instance at 0x7f8b6adfcd70>,65,13,[12  4],66,-1,143,-1,130
1,<environment.Job instance at 0x7f8b6b54dbe0>,4,12,[ 5 11],5,-1,17,-1,5
1,<environment.Job instance at 0x7f8b6b54dc30>,6,19,[ 2 11],7,-1,26,-1,7
1,<environment.Job instance at 0x7f8b6b54deb0>,7,26,[6 3],8,-1,34,-1,8
1,<environment.Job instance at 0x7f8b6b54dd70>,8,23,[11  4],9,-1,32,-1,9
1,<environment.Job instance at 0x7f8b6ae4efa0>,9,27,[13  2],10,-1,37,-1,10
1,<environment.Job instance at 0x7f8b6ae4ecd0>,10,15,[11  4],11,-1,27,-1,12
1,<environment.Job instance at 0x7f8b6ae4eaf0>,12,26,[14  3],13,-1,39,-1,13
1,<environment.Job instance at 0x7f8b6ae4e960>,13,17,[14  4],14,-1,31,-1,14
1,<environment.Job instance at 0x7f8b6ae4ed70>,15,17,[11  2],16,-1,33,-1,16
1,<environment.Job instance at 0x7f8b6ae4e870>,16,12,[12  5],17,-1,29,-1,17
1,<environment.Job instance at 0x7f8b6ae4e500>,17,22,[11  3],18,-1,40,-1,18
1,<environment.Job instance at 0x7f8b6ae4ee10>,18,22,[8 2],19,-1,41,-1,19
1,<environment.Job instance at 0x7f8b6ae4e4b0>,20,23,[2 9],21,-1,44,-1,21
1,<environment.Job instance at 0x7f8b6ae4ec30>,22,23,[8 3],23,-1,46,-1,23
1,<environment.Job instance at 0x7f8b6ae4e2d0>,23,13,[13  3],24,-1,37,-1,24
1,<environment.Job instance at 0x7f8b6b563190>,24,25,[ 1 14],25,-1,50,-1,25
1,<environment.Job instance at 0x7f8b6b5634b0>,25,19,[13  1],26,-1,45,-1,26
1,<environment.Job instance at 0x7f8b6b563b90>,26,15,[12  3],27,-1,42,-1,27
1,<environment.Job instance at 0x7f8b6b5637d0>,27,24,[ 1 11],28,-1,52,-1,28
1,<environment.Job instance at 0x7f8b6b563640>,28,27,[10  4],29,-1,56,-1,29
1,<environment.Job instance at 0x7f8b6b563820>,29,26,[5 5],30,-1,56,-1,30
1,<environment.Job instance at 0x7f8b6b563370>,32,16,[11  1],33,-1,49,-1,33
1,<environment.Job instance at 0x7f8b6b563d70>,33,28,[ 4 11],34,-1,62,-1,34
1,<environment.Job instance at 0x7f8b6b563c80>,35,24,[13  5],36,-1,68,-1,44
1,<environment.Job instance at 0x7f8b6b563dc0>,36,26,[12  1],37,-1,70,-1,44
1,<environment.Job instance at 0x7f8b6b563d20>,39,17,[ 2 13],40,-1,66,-1,49
1,<environment.Job instance at 0x7f8b6bed5a50>,42,22,[8 3],43,-1,94,-1,72
1,<environment.Job instance at 0x7f8b6bed5550>,43,15,[14  1],44,-1,87,-1,72
1,<environment.Job instance at 0x7f8b6bed5500>,46,20,[11  4],47,-1,112,-1,92
1,<environment.Job instance at 0x7f8b6bed5af0>,49,23,[5 6],50,-1,134,-1,111
1,<environment.Job instance at 0x7f8b6bed54b0>,50,14,[ 4 13],51,-1,125,-1,111
1,<environment.Job instance at 0x7f8b6bed5be0>,51,23,[ 5 14],52,-1,134,-1,111
1,<environment.Job instance at 0x7f8b6bed53c0>,52,23,[13  5],53,-1,134,-1,111
1,<environment.Job instance at 0x7f8b6bed5e10>,53,22,[ 2 14],54,-1,133,-1,111
1,<environment.Job instance at 0x7f8b6bed5e60>,54,17,[13  4],55,-1,128,-1,111
1,<environment.Job instance at 0x7f8b6bed5b90>,56,23,[9 1],57,-1,144,-1,121
1,<environment.Job instance at 0x7f8b6bed5d70>,57,24,[ 4 13],58,-1,145,-1,121
1,<environment.Job instance at 0x7f8b6bed59b0>,58,28,[12  2],59,-1,149,-1,121
1,<environment.Job instance at 0x7f8b6c3ef7d0>,1,26,[5 3],2,-1,28,-1,2
1,<environment.Job instance at 0x7f8b6bed5460>,2,27,[13  5],3,-1,30,-1,3
1,<environment.Job instance at 0x7f8b6ae05c80>,3,28,[ 3 14],4,-1,32,-1,4
1,<environment.Job instance at 0x7f8b6ae05410>,4,21,[ 4 11],5,-1,26,-1,5
1,<environment.Job instance at 0x7f8b6ae052d0>,5,18,[ 3 12],6,-1,24,-1,6
1,<environment.Job instance at 0x7f8b6ae05f00>,7,26,[14  5],8,-1,34,-1,8
1,<environment.Job instance at 0x7f8b6ae05b90>,8,24,[4 6],9,-1,33,-1,9
1,<environment.Job instance at 0x7f8b6ae05d20>,9,18,[13  1],10,-1,28,-1,10
1,<environment.Job instance at 0x7f8b6ae05e60>,10,20,[12  3],11,-1,31,-1,11
1,<environment.Job instance at 0x7f8b6ae05af0>,11,17,[ 5 14],12,-1,29,-1,12
1,<environment.Job instance at 0x7f8b6ae050f0>,12,24,[8 5],13,-1,37,-1,13
1,<environment.Job instance at 0x7f8b6c399140>,15,16,[ 2 13],16,-1,32,-1,16
1,<environment.Job instance at 0x7f8b6bed57d0>,17,14,[14  1],18,-1,32,-1,18
1,<environment.Job instance at 0x7f8b6c399410>,18,25,[ 4 10],19,-1,44,-1,19
1,<environment.Job instance at 0x7f8b6c3993c0>,16,17,[12  3],17,-1,36,-1,19
1,<environment.Job instance at 0x7f8b6c3991e0>,19,26,[3 6],20,-1,46,-1,20
1,<environment.Job instance at 0x7f8b6bd80140>,21,14,[11  5],22,-1,36,-1,22
1,<environment.Job instance at 0x7f8b6bd80910>,22,24,[ 4 12],23,-1,47,-1,23
1,<environment.Job instance at 0x7f8b6adc89b0>,24,25,[12  2],25,-1,50,-1,25
1,<environment.Job instance at 0x7f8b6bd80e10>,26,24,[13  1],27,-1,51,-1,27
1,<environment.Job instance at 0x7f8b6adc8640>,27,13,[11  1],28,-1,41,-1,28
1,<environment.Job instance at 0x7f8b6adc8b40>,28,22,[10  1],29,-1,73,-1,51
1,<environment.Job instance at 0x7f8b6adc8d20>,33,13,[13  5],34,-1,64,-1,51
1,<environment.Job instance at 0x7f8b6adc8690>,34,16,[ 5 13],35,-1,67,-1,51
1,<environment.Job instance at 0x7f8b6bc2f5f0>,35,27,[ 1 10],36,-1,78,-1,51
1,<environment.Job instance at 0x7f8b6bc2ff00>,39,23,[ 3 13],40,-1,94,-1,71
1,<environment.Job instance at 0x7f8b6bc2f500>,36,22,[9 5],37,-1,93,-1,71
1,<environment.Job instance at 0x7f8b6bc2f280>,41,16,[3 9],42,-1,99,-1,83
1,<environment.Job instance at 0x7f8b6bc2fe60>,42,22,[5 2],43,-1,105,-1,83
1,<environment.Job instance at 0x7f8b6add3730>,43,13,[13  2],44,-1,96,-1,83
1,<environment.Job instance at 0x7f8b6add3eb0>,44,18,[13  5],45,-1,101,-1,83
1,<environment.Job instance at 0x7f8b6add3500>,45,26,[2 5],46,-1,109,-1,83
1,<environment.Job instance at 0x7f8b6add3910>,48,16,[11  2],49,-1,117,-1,101
1,<environment.Job instance at 0x7f8b6add33c0>,49,28,[8 2],50,-1,129,-1,101
1,<environment.Job instance at 0x7f8b6add36e0>,50,23,[4 9],51,-1,124,-1,101
1,<environment.Job instance at 0x7f8b6add3640>,51,24,[5 2],52,-1,125,-1,101
1,<environment.Job instance at 0x7f8b6add3140>,54,25,[ 2 11],55,-1,147,-1,122
1,<environment.Job instance at 0x7f8b6add34b0>,55,19,[11  3],56,-1,141,-1,122
1,<environment.Job instance at 0x7f8b6bf05780>,1,19,[14  4],2,-1,21,-1,2
1,<environment.Job instance at 0x7f8b6b494d20>,3,24,[9 1],4,-1,28,-1,4
1,<environment.Job instance at 0x7f8b6b4828c0>,4,14,[ 5 13],5,-1,19,-1,5
1,<environment.Job instance at 0x7f8b6b482690>,5,23,[ 3 10],6,-1,29,-1,6
1,<environment.Job instance at 0x7f8b6b492a00>,10,27,[ 3 13],11,-1,39,-1,12
1,<environment.Job instance at 0x7f8b6c1f2aa0>,7,23,[9 5],8,-1,36,-1,13
1,<environment.Job instance at 0x7f8b6b492be0>,13,27,[1 7],14,-1,41,-1,14
1,<environment.Job instance at 0x7f8b6b492e10>,15,18,[ 3 12],16,-1,49,-1,31
1,<environment.Job instance at 0x7f8b6becc960>,10,20,[13  2],11,-1,84,-1,64
1,<environment.Job instance at 0x7f8b6becc280>,12,23,[ 3 13],13,-1,87,-1,64
1,<environment.Job instance at 0x7f8b6becc4b0>,13,26,[3 8],14,-1,90,-1,64
1,<environment.Job instance at 0x7f8b6becc500>,14,18,[14  4],15,-1,82,-1,64
1,<environment.Job instance at 0x7f8b6beb0500>,17,23,[9 2],18,-1,102,-1,79
1,<environment.Job instance at 0x7f8b6beb0280>,18,26,[11  2],19,-1,105,-1,79
1,<environment.Job instance at 0x7f8b6beb0640>,19,27,[14  4],20,-1,106,-1,79
1,<environment.Job instance at 0x7f8b6beb0d20>,21,26,[13  2],22,-1,115,-1,89
1,<environment.Job instance at 0x7f8b6beb0140>,22,27,[11  3],23,-1,116,-1,89
1,<environment.Job instance at 0x7f8b6beb00a0>,23,16,[14  4],24,-1,105,-1,89
1,<environment.Job instance at 0x7f8b6beb07d0>,24,27,[ 1 14],25,-1,116,-1,89
1,<environment.Job instance at 0x7f8b6beb0780>,25,21,[ 3 11],26,-1,110,-1,89
1,<environment.Job instance at 0x7f8b6beb08c0>,26,20,[13  1],27,-1,109,-1,89
1,<environment.Job instance at 0x7f8b6beb0b90>,28,22,[12  2],29,-1,116,-1,94
1,<environment.Job instance at 0x7f8b6beb0e60>,29,27,[7 4],30,-1,121,-1,94
1,<environment.Job instance at 0x7f8b6beb0d70>,30,25,[9 5],31,-1,119,-1,94
1,<environment.Job instance at 0x7f8b6beb0af0>,33,26,[14  5],34,-1,136,-1,110
1,<environment.Job instance at 0x7f8b6beb0cd0>,34,12,[11  4],35,-1,122,-1,110
1,<environment.Job instance at 0x7f8b6beb0aa0>,35,26,[14  3],36,-1,136,-1,110
1,<environment.Job instance at 0x7f8b6beb0dc0>,36,17,[ 5 11],37,-1,127,-1,110
1,<environment.Job instance at 0x7f8b6beb0190>,37,26,[ 2 11],38,-1,136,-1,110
1,<environment.Job instance at 0x7f8b6be49eb0>,39,18,[14  4],40,-1,140,-1,122
1,<environment.Job instance at 0x7f8b6af41190>,1,13,[14  5],2,-1,15,-1,2
1,<environment.Job instance at 0x7f8b6be490a0>,2,27,[8 4],3,-1,30,-1,3
1,<environment.Job instance at 0x7f8b6bb0ba00>,4,23,[6 1],5,-1,28,-1,5
1,<environment.Job instance at 0x7f8b6bb2c0a0>,5,23,[ 5 12],6,-1,29,-1,6
1,<environment.Job instance at 0x7f8b6bb2c3c0>,6,24,[5 9],7,-1,31,-1,7
1,<environment.Job instance at 0x7f8b6bb2c140>,7,17,[ 3 13],8,-1,25,-1,8
1,<environment.Job instance at 0x7f8b6bb2caf0>,8,25,[12  2],9,-1,34,-1,9
1,<environment.Job instance at 0x7f8b6bb2c870>,9,17,[ 1 14],10,-1,27,-1,10
1,<environment.Job instance at 0x7f8b6bb2cfa0>,10,25,[12  3],11,-1,36,-1,11
1,<environment.Job instance at 0x7f8b6bb2cf00>,11,27,[ 4 11],12,-1,39,-1,12
1,<environment.Job instance at 0x7f8b6bb2cdc0>,12,23,[12  4],13,-1,36,-1,13
1,<environment.Job instance at 0x7f8b6bb2c960>,13,27,[7 5],14,-1,41,-1,14
1,<environment.Job instance at 0x7f8b6bb2c640>,15,25,[ 3 11],16,-1,41,-1,16
1,<environment.Job instance at 0x7f8b6bb445f0>,16,21,[ 4 11],17,-1,38,-1,17
1,<environment.Job instance at 0x7f8b6bb443c0>,17,28,[2 8],18,-1,46,-1,18
1,<environment.Job instance at 0x7f8b6bb44500>,18,25,[ 1 12],19,-1,44,-1,19
1,<environment.Job instance at 0x7f8b6bb44d20>,19,16,[ 5 13],20,-1,36,-1,20
1,<environment.Job instance at 0x7f8b6bb21e60>,21,26,[14  4],22,-1,48,-1,22
1,<environment.Job instance at 0x7f8b6bb21af0>,22,25,[2 8],23,-1,48,-1,23
1,<environment.Job instance at 0x7f8b6bb21a50>,24,25,[4 7],25,-1,50,-1,25
1,<environment.Job instance at 0x7f8b6bb215f0>,25,25,[11  5],26,-1,51,-1,26
1,<environment.Job instance at 0x7f8b6bb21e10>,26,23,[14  2],27,-1,50,-1,27
1,<environment.Job instance at 0x7f8b6bb214b0>,27,28,[ 4 11],28,-1,56,-1,28
1,<environment.Job instance at 0x7f8b6af21780>,2,20,[ 2 13],3,-1,23,-1,3
1,<environment.Job instance at 0x7f8b6b9fa0a0>,16,28,[ 3 11],17,-1,107,-1,79
1,<environment.Job instance at 0x7f8b6b9fa910>,17,12,[ 5 14],18,-1,91,-1,79
1,<environment.Job instance at 0x7f8b6b9fa5a0>,18,26,[14  5],19,-1,105,-1,79
1,<environment.Job instance at 0x7f8b6b9fa550>,19,20,[ 3 13],20,-1,99,-1,79
1,<environment.Job instance at 0x7f8b6b9fa5f0>,20,23,[7 2],21,-1,116,-1,93
1,<environment.Job instance at 0x7f8b6b9fa780>,23,25,[7 5],24,-1,118,-1,93
1,<environment.Job instance at 0x7f8b6b9fab90>,24,22,[13  5],25,-1,115,-1,93
1,<environment.Job instance at 0x7f8b6b9fa8c0>,26,18,[13  1],27,-1,111,-1,93
1,<environment.Job instance at 0x7f8b6b9fac30>,27,17,[ 2 13],28,-1,110,-1,93
1,<environment.Job instance at 0x7f8b6b6cde10>,28,26,[7 2],29,-1,119,-1,93
1,<environment.Job instance at 0x7f8b6b6cda50>,29,24,[ 3 14],30,-1,117,-1,93
1,<environment.Job instance at 0x7f8b6b6cdaa0>,30,12,[ 3 10],31,-1,106,-1,94
1,<environment.Job instance at 0x7f8b6b6cda00>,31,26,[5 5],32,-1,120,-1,94
1,<environment.Job instance at 0x7f8b6b6cdd70>,32,15,[ 5 14],33,-1,109,-1,94
1,<environment.Job instance at 0x7f8b6b6cd460>,33,27,[ 5 14],34,-1,121,-1,94
1,<environment.Job instance at 0x7f8b6b6cdf50>,34,21,[13  3],35,-1,115,-1,94
1,<environment.Job instance at 0x7f8b6b6cd140>,35,28,[10  4],36,-1,122,-1,94
1,<environment.Job instance at 0x7f8b6b6cd500>,36,25,[8 2],37,-1,119,-1,94
1,<environment.Job instance at 0x7f8b6b6cdcd0>,39,13,[ 3 14],40,-1,125,-1,112
1,<environment.Job instance at 0x7f8b6b6cdbe0>,41,18,[11  1],42,-1,150,-1,132
1,<environment.Job instance at 0x7f8b6b6cdd20>,42,12,[ 4 12],43,-1,144,-1,132
1,<environment.Job instance at 0x7f8b6b6cd410>,43,27,[ 4 14],44,-1,159,-1,132
1,<environment.Job instance at 0x7f8b6b696aa0>,1,16,[ 3 14],2,-1,18,-1,2
1,<environment.Job instance at 0x7f8b6b696190>,5,18,[13  4],6,-1,24,-1,6
1,<environment.Job instance at 0x7f8b6b6961e0>,6,24,[12  2],7,-1,31,-1,7
1,<environment.Job instance at 0x7f8b6b696dc0>,7,12,[ 2 12],8,-1,20,-1,8
1,<environment.Job instance at 0x7f8b6b6cd910>,9,25,[5 1],10,-1,36,-1,11
1,<environment.Job instance at 0x7f8b6b696410>,13,17,[ 3 12],14,-1,34,-1,17
1,<environment.Job instance at 0x7f8b6b696050>,15,16,[12  1],16,-1,37,-1,21
1,<environment.Job instance at 0x7f8b6b18f3c0>,16,14,[ 4 13],17,-1,35,-1,21
1,<environment.Job instance at 0x7f8b6b18f960>,17,21,[12  4],18,-1,42,-1,21
1,<environment.Job instance at 0x7f8b6b18f780>,18,13,[ 4 12],19,-1,34,-1,21
1,<environment.Job instance at 0x7f8b6b18f5a0>,19,15,[14  5],20,-1,36,-1,21
1,<environment.Job instance at 0x7f8b6b18fa00>,23,24,[ 4 14],24,-1,76,-1,52
1,<environment.Job instance at 0x7f8b6b18fd70>,24,23,[9 5],25,-1,75,-1,52
1,<environment.Job instance at 0x7f8b6b18fb40>,26,25,[13  2],27,-1,77,-1,52
1,<environment.Job instance at 0x7f8b6b18f6e0>,27,14,[ 1 11],28,-1,66,-1,52
1,<environment.Job instance at 0x7f8b6b18fb90>,28,24,[7 4],29,-1,76,-1,52
1,<environment.Job instance at 0x7f8b6ad111e0>,31,26,[12  5],32,-1,87,-1,61
1,<environment.Job instance at 0x7f8b6ad116e0>,32,28,[13  1],33,-1,89,-1,61
1,<environment.Job instance at 0x7f8b6ad11d20>,33,22,[ 5 14],34,-1,83,-1,61
1,<environment.Job instance at 0x7f8b6ad11190>,34,20,[ 4 12],35,-1,81,-1,61
1,<environment.Job instance at 0x7f8b6ad11780>,35,24,[10  4],36,-1,85,-1,61
1,<environment.Job instance at 0x7f8b6b4a2500>,36,18,[14  3],37,-1,79,-1,61
1,<environment.Job instance at 0x7f8b6b4a23c0>,38,25,[6 2],39,-1,98,-1,73
1,<environment.Job instance at 0x7f8b6bd3d780>,45,15,[ 4 11],46,-1,120,-1,105
1,<environment.Job instance at 0x7f8b6bd3d410>,46,26,[6 2],47,-1,131,-1,105
1,<environment.Job instance at 0x7f8b6bd3d5f0>,47,23,[8 1],48,-1,128,-1,105
1,<environment.Job instance at 0x7f8b6bd3dc80>,49,26,[10  2],50,-1,145,-1,119
1,<environment.Job instance at 0x7f8b6bd3d870>,52,25,[3 8],53,-1,161,-1,136
1,<environment.Job instance at 0x7f8b6bd3ddc0>,53,17,[14  5],54,-1,153,-1,136
1,<environment.Job instance at 0x7f8b6bd3da00>,54,15,[ 3 13],55,-1,151,-1,136
1,<environment.Job instance at 0x7f8b6bd3d960>,55,21,[11  5],56,-1,157,-1,136
1,<environment.Job instance at 0x7f8b6bd3df00>,56,28,[4 9],57,-1,164,-1,136
1,<environment.Job instance at 0x7f8b6bd3d820>,57,23,[12  5],58,-1,159,-1,136
1,<environment.Job instance at 0x7f8b6bd3dc30>,58,23,[ 2 14],59,-1,159,-1,136
1,<environment.Job instance at 0x7f8b6bd3dfa0>,60,24,[14  3],61,-1,160,-1,136
1,<environment.Job instance at 0x7f8b6bd3d8c0>,61,28,[10  3],62,-1,164,-1,136
1,<environment.Job instance at 0x7f8b6b75d9b0>,7,17,[12  2],8,-1,25,-1,8
1,<environment.Job instance at 0x7f8b6b75daf0>,8,24,[4 8],9,-1,33,-1,9
1,<environment.Job instance at 0x7f8b6b75d4b0>,13,17,[14  5],14,-1,58,-1,41
1,<environment.Job instance at 0x7f8b6b75df50>,14,12,[11  5],15,-1,53,-1,41
1,<environment.Job instance at 0x7f8b6b75d960>,16,12,[11  1],17,-1,53,-1,41
1,<environment.Job instance at 0x7f8b6b75d690>,19,12,[ 1 13],20,-1,85,-1,73
1,<environment.Job instance at 0x7f8b6bc9e820>,20,14,[11  1],21,-1,87,-1,73
1,<environment.Job instance at 0x7f8b6bc9e550>,21,21,[14  1],22,-1,94,-1,73
1,<environment.Job instance at 0x7f8b6bc9ec80>,22,24,[5 5],23,-1,97,-1,73
1,<environment.Job instance at 0x7f8b6bc9ec30>,23,15,[ 4 11],24,-1,88,-1,73
1,<environment.Job instance at 0x7f8b6bc9e6e0>,24,22,[14  4],25,-1,95,-1,73
1,<environment.Job instance at 0x7f8b6bc9e460>,26,23,[12  1],27,-1,109,-1,86
1,<environment.Job instance at 0x7f8b6bc9ef50>,27,28,[3 8],28,-1,114,-1,86
1,<environment.Job instance at 0x7f8b6bc9edc0>,28,16,[ 4 14],29,-1,102,-1,86
1,<environment.Job instance at 0x7f8b6bc9eaf0>,29,21,[ 4 10],30,-1,119,-1,98
1,<environment.Job instance at 0x7f8b6bc9e050>,34,13,[ 2 12],35,-1,132,-1,119
1,<environment.Job instance at 0x7f8b6bc9e5a0>,35,18,[14  4],36,-1,137,-1,119
1,<environment.Job instance at 0x7f8b6bc9e3c0>,38,25,[12  5],39,-1,146,-1,121
1,<environment.Job instance at 0x7f8b6bc9ef00>,40,26,[ 5 13],41,-1,161,-1,135
1,<environment.Job instance at 0x7f8b6beba280>,41,16,[ 2 12],42,-1,151,-1,135
1,<environment.Job instance at 0x7f8b6bc9ee60>,42,23,[7 2],43,-1,158,-1,135
1,<environment.Job instance at 0x7f8b6beba190>,43,24,[10  3],44,-1,159,-1,135
1,<environment.Job instance at 0x7f8b6beba460>,44,25,[1 9],45,-1,160,-1,135
1,<environment.Job instance at 0x7f8b6beba7d0>,45,25,[11  1],46,-1,160,-1,135
1,<environment.Job instance at 0x7f8b6bebaa00>,46,25,[6 4],47,-1,160,-1,135
1,<environment.Job instance at 0x7f8b6bebabe0>,47,26,[2 9],48,-1,161,-1,135
1,<environment.Job instance at 0x7f8b6beba230>,48,26,[5 5],49,-1,161,-1,135
1,<environment.Job instance at 0x7f8b6beba5f0>,49,21,[13  1],50,-1,156,-1,135
1,<environment.Job instance at 0x7f8b6beba5f0>,2,24,[5 3],3,-1,27,-1,3
1,<environment.Job instance at 0x7f8b6b40a230>,3,17,[14  4],4,-1,21,-1,4
1,<environment.Job instance at 0x7f8b6b40ac80>,5,16,[12  2],6,-1,22,-1,6
1,<environment.Job instance at 0x7f8b6b40abe0>,6,13,[ 4 14],7,-1,20,-1,7
1,<environment.Job instance at 0x7f8b6b40a5f0>,9,13,[14  3],10,-1,23,-1,10
1,<environment.Job instance at 0x7f8b6ae74f00>,14,12,[11  5],15,-1,29,-1,17
1,<environment.Job instance at 0x7f8b6ae74aa0>,15,18,[ 3 10],16,-1,42,-1,24
1,<environment.Job instance at 0x7f8b6ae749b0>,17,14,[ 5 11],18,-1,49,-1,35
1,<environment.Job instance at 0x7f8b6ae74cd0>,18,17,[ 3 14],19,-1,52,-1,35
1,<environment.Job instance at 0x7f8b6ae740f0>,19,23,[7 5],20,-1,58,-1,35
1,<environment.Job instance at 0x7f8b6ae740a0>,21,23,[1 5],22,-1,67,-1,44
1,<environment.Job instance at 0x7f8b6ae74d20>,23,26,[ 1 11],24,-1,74,-1,48
1,<environment.Job instance at 0x7f8b6be6b0a0>,24,12,[13  4],25,-1,60,-1,48
1,<environment.Job instance at 0x7f8b6be6bdc0>,30,19,[14  4],31,-1,123,-1,104
1,<environment.Job instance at 0x7f8b6be6bbe0>,32,24,[9 5],33,-1,128,-1,104
1,<environment.Job instance at 0x7f8b6c369690>,33,24,[10  3],34,-1,128,-1,104
1,<environment.Job instance at 0x7f8b6c3694b0>,34,13,[13  4],35,-1,117,-1,104
1,<environment.Job instance at 0x7f8b6c369a50>,35,24,[ 1 10],36,-1,128,-1,104
1,<environment.Job instance at 0x7f8b6c369280>,38,27,[8 2],39,-1,143,-1,116
1,<environment.Job instance at 0x7f8b6c369870>,39,15,[14  5],40,-1,131,-1,116
1,<environment.Job instance at 0x7f8b6c369320>,40,13,[11  1],41,-1,129,-1,116
1,<environment.Job instance at 0x7f8b6c369af0>,41,17,[14  5],42,-1,133,-1,116
1,<environment.Job instance at 0x7f8b6c369c30>,42,14,[13  2],43,-1,130,-1,116
1,<environment.Job instance at 0x7f8b6c369140>,43,16,[ 5 13],44,-1,132,-1,116
1,<environment.Job instance at 0x7f8b6c369dc0>,44,28,[14  3],45,-1,144,-1,116
1,<environment.Job instance at 0x7f8b6c369eb0>,45,16,[14  2],46,-1,132,-1,116
1,<environment.Job instance at 0x7f8b6c369d70>,46,13,[ 3 13],47,-1,129,-1,116
1,<environment.Job instance at 0x7f8b6c369a00>,47,28,[ 1 11],48,-1,144,-1,116
1,<environment.Job instance at 0x7f8b6c369910>,48,24,[5 5],49,-1,140,-1,116
1,<environment.Job instance at 0x7f8b6c3691e0>,49,18,[13  5],50,-1,134,-1,116
1,<environment.Job instance at 0x7f8b6c369370>,51,14,[ 5 14],52,-1,130,-1,116
1,<environment.Job instance at 0x7f8b6c3830f0>,52,16,[13  3],53,-1,132,-1,116
1,<environment.Job instance at 0x7f8b6c383f00>,53,20,[11  1],54,-1,136,-1,116
1,<environment.Job instance at 0x7f8b6c383460>,55,12,[ 2 14],56,-1,139,-1,127
1,<environment.Job instance at 0x7f8b6c383050>,57,27,[3 7],58,-1,156,-1,129
1,<environment.Job instance at 0x7f8b6c383d20>,58,17,[14  4],59,-1,146,-1,129
1,<environment.Job instance at 0x7f8b6c383280>,59,12,[ 1 13],60,-1,141,-1,129
1,<environment.Job instance at 0x7f8b6be32d70>,1,12,[ 4 14],2,-1,14,-1,2
1,<environment.Job instance at 0x7f8b6be32780>,2,21,[ 4 14],3,-1,24,-1,3
1,<environment.Job instance at 0x7f8b6be327d0>,3,14,[ 1 13],4,-1,18,-1,4
1,<environment.Job instance at 0x7f8b6be32be0>,5,28,[4 5],6,-1,34,-1,6
1,<environment.Job instance at 0x7f8b6acf8f50>,6,27,[11  5],7,-1,34,-1,7
1,<environment.Job instance at 0x7f8b6acf8230>,15,22,[11  3],16,-1,61,-1,39
1,<environment.Job instance at 0x7f8b6acf8140>,16,12,[ 3 10],17,-1,51,-1,39
1,<environment.Job instance at 0x7f8b6acf8b40>,17,23,[10  1],18,-1,62,-1,39
1,<environment.Job instance at 0x7f8b6acf85f0>,18,12,[8 1],19,-1,51,-1,39
1,<environment.Job instance at 0x7f8b6acf8320>,19,22,[4 8],20,-1,71,-1,49
1,<environment.Job instance at 0x7f8b6acf87d0>,20,16,[ 4 11],21,-1,65,-1,49
1,<environment.Job instance at 0x7f8b6acf8a50>,21,28,[ 4 13],22,-1,77,-1,49
1,<environment.Job instance at 0x7f8b6acf82d0>,22,15,[ 5 14],23,-1,64,-1,49
1,<environment.Job instance at 0x7f8b6acf8910>,23,25,[13  4],24,-1,74,-1,49
1,<environment.Job instance at 0x7f8b6acf85a0>,24,20,[13  5],25,-1,69,-1,49
1,<environment.Job instance at 0x7f8b6acf80a0>,25,25,[7 3],26,-1,74,-1,49
1,<environment.Job instance at 0x7f8b6acf81e0>,26,16,[ 5 11],27,-1,65,-1,49
1,<environment.Job instance at 0x7f8b6acc94b0>,28,21,[14  2],29,-1,70,-1,49
1,<environment.Job instance at 0x7f8b6acc9c80>,29,13,[12  4],30,-1,62,-1,49
1,<environment.Job instance at 0x7f8b6acc97d0>,30,26,[14  5],31,-1,75,-1,49
1,<environment.Job instance at 0x7f8b6acc9a50>,32,19,[ 2 13],33,-1,70,-1,51
1,<environment.Job instance at 0x7f8b6acc9280>,33,24,[5 3],34,-1,75,-1,51
1,<environment.Job instance at 0x7f8b6acc9b90>,35,13,[11  1],36,-1,80,-1,67
1,<environment.Job instance at 0x7f8b6acc9d70>,39,17,[ 4 14],40,-1,112,-1,95
1,<environment.Job instance at 0x7f8b6b45eeb0>,41,17,[12  4],42,-1,113,-1,96
1,<environment.Job instance at 0x7f8b6b45e500>,42,14,[ 3 11],43,-1,110,-1,96
1,<environment.Job instance at 0x7f8b6b45e910>,43,16,[ 4 13],44,-1,112,-1,96
1,<environment.Job instance at 0x7f8b6b45e640>,44,24,[ 1 11],45,-1,120,-1,96
1,<environment.Job instance at 0x7f8b6b45ea00>,45,17,[ 4 11],46,-1,113,-1,96
1,<environment.Job instance at 0x7f8b6b45e0a0>,46,22,[8 4],47,-1,118,-1,96
1,<environment.Job instance at 0x7f8b6b45e280>,47,15,[ 2 12],48,-1,111,-1,96
1,<environment.Job instance at 0x7f8b6b45e2d0>,48,22,[ 5 13],49,-1,118,-1,96
1,<environment.Job instance at 0x7f8b6be50730>,49,16,[12  4],50,-1,112,-1,96
1,<environment.Job instance at 0x7f8b6be508c0>,50,26,[11  3],51,-1,122,-1,96
1,<environment.Job instance at 0x7f8b6be50870>,51,18,[ 1 10],52,-1,116,-1,98
1,<environment.Job instance at 0x7f8b6be50690>,52,15,[13  2],53,-1,113,-1,98
1,<environment.Job instance at 0x7f8b6be50280>,53,23,[4 9],54,-1,121,-1,98
1,<environment.Job instance at 0x7f8b6be504b0>,54,25,[7 5],55,-1,123,-1,98
1,<environment.Job instance at 0x7f8b6be50d20>,55,23,[5 4],56,-1,121,-1,98
1,<environment.Job instance at 0x7f8b6be503c0>,56,28,[ 3 13],57,-1,126,-1,98
1,<environment.Job instance at 0x7f8b6be505a0>,59,19,[ 1 13],60,-1,130,-1,111
1,<environment.Job instance at 0x7f8b6be500f0>,61,28,[4 5],62,-1,139,-1,111
1,<environment.Job instance at 0x7f8b6be50fa0>,62,26,[1 7],63,-1,137,-1,111
1,<environment.Job instance at 0x7f8b6be506e0>,63,21,[13  3],64,-1,132,-1,111
1,<environment.Job instance at 0x7f8b6b1b4d20>,64,23,[6 2],65,-1,134,-1,111
1,<environment.Job instance at 0x7f8b6b1b40a0>,67,27,[ 3 13],68,-1,155,-1,128
1,<environment.Job instance at 0x7f8b6b1b4500>,68,22,[13  1],69,-1,150,-1,128
1,<environment.Job instance at 0x7f8b6b1b4be0>,69,26,[ 4 12],70,-1,154,-1,128
1,<environment.Job instance at 0x7f8b6bc93460>,1,28,[12  3],2,-1,30,-1,2
1,<environment.Job instance at 0x7f8b6bc93730>,10,12,[13  5],11,-1,35,-1,23
1,<environment.Job instance at 0x7f8b6bc93a50>,13,26,[ 3 11],14,-1,66,-1,40
1,<environment.Job instance at 0x7f8b6bc93e60>,14,18,[ 3 14],15,-1,58,-1,40
1,<environment.Job instance at 0x7f8b6bc934b0>,15,15,[12  2],16,-1,55,-1,40
1,<environment.Job instance at 0x7f8b6bc93d70>,16,24,[ 5 14],17,-1,64,-1,40
1,<environment.Job instance at 0x7f8b6bc93410>,17,24,[ 1 13],18,-1,64,-1,40
1,<environment.Job instance at 0x7f8b6bc93500>,18,14,[ 5 13],19,-1,54,-1,40
1,<environment.Job instance at 0x7f8b6bc93780>,19,19,[ 3 13],20,-1,59,-1,40
1,<environment.Job instance at 0x7f8b6bc93230>,20,17,[ 2 14],21,-1,57,-1,40
1,<environment.Job instance at 0x7f8b6bc93550>,22,27,[12  1],23,-1,75,-1,48
1,<environment.Job instance at 0x7f8b6bcc5eb0>,24,21,[13  3],25,-1,69,-1,48
1,<environment.Job instance at 0x7f8b6bcc5fa0>,26,27,[ 1 14],27,-1,80,-1,53
1,<environment.Job instance at 0x7f8b6bcc5910>,27,23,[8 5],28,-1,76,-1,53
1,<environment.Job instance at 0x7f8b6bcc5140>,29,25,[5 7],30,-1,89,-1,64
1,<environment.Job instance at 0x7f8b6bcc5c30>,31,24,[5 6],32,-1,88,-1,64
1,<environment.Job instance at 0x7f8b6bcc5b40>,32,27,[12  5],33,-1,91,-1,64
1,<environment.Job instance at 0x7f8b6bcc57d0>,33,22,[14  4],34,-1,86,-1,64
1,<environment.Job instance at 0x7f8b6bcc5a50>,34,28,[ 2 11],35,-1,92,-1,64
1,<environment.Job instance at 0x7f8b6bcc55f0>,35,22,[11  3],36,-1,86,-1,64
1,<environment.Job instance at 0x7f8b6bcc50a0>,37,15,[14  3],38,-1,94,-1,79
1,<environment.Job instance at 0x7f8b6bcc5050>,39,23,[ 4 10],40,-1,105,-1,82
1,<environment.Job instance at 0x7f8b6bcc53c0>,41,14,[ 1 14],42,-1,100,-1,86
1,<environment.Job instance at 0x7f8b6bcc5690>,43,14,[11  4],44,-1,112,-1,98
1,<environment.Job instance at 0x7f8b6bcc5960>,44,17,[ 1 14],45,-1,115,-1,98
1,<environment.Job instance at 0x7f8b6bcc54b0>,45,18,[ 4 12],46,-1,116,-1,98
1,<environment.Job instance at 0x7f8b6b99b820>,47,21,[13  1],48,-1,120,-1,99
1,<environment.Job instance at 0x7f8b6b99b230>,48,25,[5 4],49,-1,124,-1,99
1,<environment.Job instance at 0x7f8b6b99b640>,50,18,[14  1],51,-1,130,-1,112
1,<environment.Job instance at 0x7f8b6b99bc30>,52,16,[ 5 13],53,-1,130,-1,114
1,<environment.Job instance at 0x7f8b6b99b140>,53,17,[ 2 12],54,-1,131,-1,114
1,<environment.Job instance at 0x7f8b6b99b050>,54,25,[14  5],55,-1,139,-1,114
1,<environment.Job instance at 0x7f8b6b99b730>,55,17,[14  5],56,-1,131,-1,114
1,<environment.Job instance at 0x7f8b6b99b320>,56,13,[12  1],57,-1,127,-1,114
1,<environment.Job instance at 0x7f8b6b99b7d0>,59,15,[ 2 12],60,-1,145,-1,130
1,<environment.Job instance at 0x7f8b6b99b5f0>,60,24,[3 7],61,-1,154,-1,130
1,<environment.Job instance at 0x7f8b6b99b780>,62,13,[14  3],63,-1,152,-1,139
1,<environment.Job instance at 0x7f8b6b99b780>,2,28,[ 4 10],3,-1,31,-1,3
1,<environment.Job instance at 0x7f8b6ab1a1e0>,3,14,[ 2 13],4,-1,18,-1,4
1,<environment.Job instance at 0x7f8b6c3922d0>,10,27,[ 3 10],11,-1,44,-1,17
1,<environment.Job instance at 0x7f8b6c392b90>,11,20,[ 3 11],12,-1,37,-1,17
1,<environment.Job instance at 0x7f8b6c392780>,12,13,[12  4],13,-1,30,-1,17
1,<environment.Job instance at 0x7f8b6c392eb0>,14,12,[ 4 14],15,-1,38,-1,26
1,<environment.Job instance at 0x7f8b6c392640>,17,13,[ 1 10],18,-1,55,-1,42
1,<environment.Job instance at 0x7f8b6c3921e0>,18,13,[14  2],19,-1,55,-1,42
1,<environment.Job instance at 0x7f8b6c3923c0>,19,14,[13  2],20,-1,56,-1,42
1,<environment.Job instance at 0x7f8b6c392230>,20,22,[ 4 12],21,-1,64,-1,42
1,<environment.Job instance at 0x7f8b6b71d0a0>,26,28,[5 3],27,-1,116,-1,88
1,<environment.Job instance at 0x7f8b6b71d640>,27,13,[ 4 11],28,-1,101,-1,88
1,<environment.Job instance at 0x7f8b6b71d8c0>,30,19,[13  3],31,-1,120,-1,101
1,<environment.Job instance at 0x7f8b6b71da50>,31,20,[ 2 13],32,-1,121,-1,101
1,<environment.Job instance at 0x7f8b6b71deb0>,33,15,[ 3 13],34,-1,135,-1,120
1,<environment.Job instance at 0x7f8b6b71d7d0>,34,17,[11  4],35,-1,137,-1,120
1,<environment.Job instance at 0x7f8b6ab704b0>,1,12,[11  4],2,-1,14,-1,2
1,<environment.Job instance at 0x7f8b6b71d230>,4,18,[14  3],5,-1,23,-1,5
1,<environment.Job instance at 0x7f8b6ab70d70>,5,25,[ 3 12],6,-1,31,-1,6
1,<environment.Job instance at 0x7f8b6ab703c0>,6,21,[ 3 11],7,-1,28,-1,7
1,<environment.Job instance at 0x7f8b6ab70dc0>,3,22,[7 5],4,-1,29,-1,7
1,<environment.Job instance at 0x7f8b6ab70b90>,7,17,[ 3 14],8,-1,25,-1,8
1,<environment.Job instance at 0x7f8b6b9979b0>,8,26,[ 5 13],9,-1,35,-1,9
1,<environment.Job instance at 0x7f8b6b997c30>,10,25,[2 6],11,-1,36,-1,11
1,<environment.Job instance at 0x7f8b6b997cd0>,11,24,[3 5],12,-1,36,-1,12
1,<environment.Job instance at 0x7f8b6b997be0>,13,16,[12  1],14,-1,30,-1,14
1,<environment.Job instance at 0x7f8b6b9975a0>,15,18,[ 4 11],16,-1,34,-1,16
1,<environment.Job instance at 0x7f8b6c00e190>,18,15,[ 4 13],19,-1,34,-1,19
1,<environment.Job instance at 0x7f8b6c00ed20>,19,26,[ 1 10],20,-1,46,-1,20
1,<environment.Job instance at 0x7f8b6c00e1e0>,21,28,[ 5 10],22,-1,50,-1,22
1,<environment.Job instance at 0x7f8b6c00ea00>,25,28,[3 6],26,-1,54,-1,26
1,<environment.Job instance at 0x7f8b6c00ea50>,26,23,[ 5 11],27,-1,50,-1,27
1,<environment.Job instance at 0x7f8b6c00e0f0>,27,28,[2 8],28,-1,56,-1,28
1,<environment.Job instance at 0x7f8b6c00e500>,28,17,[ 2 12],29,-1,46,-1,29
1,<environment.Job instance at 0x7f8b6c00e7d0>,30,21,[9 1],31,-1,79,-1,58
1,<environment.Job instance at 0x7f8b6ab5ae10>,32,13,[8 1],33,-1,71,-1,58
1,<environment.Job instance at 0x7f8b6ab5a370>,33,22,[ 1 13],34,-1,80,-1,58
1,<environment.Job instance at 0x7f8b6ab5a7d0>,36,23,[ 4 12],37,-1,94,-1,71
1,<environment.Job instance at 0x7f8b6ab5a0f0>,37,20,[ 1 13],38,-1,91,-1,71
1,<environment.Job instance at 0x7f8b6aecacd0>,5,13,[ 2 14],6,-1,19,-1,6
1,<environment.Job instance at 0x7f8b6b91b6e0>,10,18,[ 3 11],11,-1,35,-1,17
1,<environment.Job instance at 0x7f8b6b91b410>,11,24,[14  5],12,-1,41,-1,17
1,<environment.Job instance at 0x7f8b6b91b690>,13,18,[14  3],14,-1,55,-1,37
1,<environment.Job instance at 0x7f8b6b91bcd0>,14,20,[14  1],15,-1,57,-1,37
1,<environment.Job instance at 0x7f8b6b91baa0>,15,14,[ 1 11],16,-1,51,-1,37
1,<environment.Job instance at 0x7f8b6b91bdc0>,16,12,[ 1 11],17,-1,49,-1,37
1,<environment.Job instance at 0x7f8b6b91b820>,17,12,[ 5 12],18,-1,49,-1,37
1,<environment.Job instance at 0x7f8b6b91b0f0>,18,19,[11  1],19,-1,56,-1,37
1,<environment.Job instance at 0x7f8b6b91bf00>,19,24,[5 3],20,-1,61,-1,37
1,<environment.Job instance at 0x7f8b6b91b640>,20,13,[ 2 11],21,-1,50,-1,37
1,<environment.Job instance at 0x7f8b6b91bfa0>,23,16,[ 1 13],24,-1,66,-1,50
1,<environment.Job instance at 0x7f8b6b91b370>,26,24,[13  4],27,-1,88,-1,64
1,<environment.Job instance at 0x7f8b6b91b960>,27,21,[ 1 12],28,-1,85,-1,64
1,<environment.Job instance at 0x7f8b6b91b050>,28,25,[4 8],29,-1,89,-1,64
1,<environment.Job instance at 0x7f8b6b4905a0>,29,13,[10  1],30,-1,77,-1,64
1,<environment.Job instance at 0x7f8b6b490640>,31,19,[ 1 10],32,-1,93,-1,74
1,<environment.Job instance at 0x7f8b6b490690>,32,25,[5 8],33,-1,99,-1,74
1,<environment.Job instance at 0x7f8b6b4900a0>,34,14,[12  4],35,-1,93,-1,79
1,<environment.Job instance at 0x7f8b6b490c80>,35,23,[ 1 13],36,-1,102,-1,79
1,<environment.Job instance at 0x7f8b6b490050>,37,14,[13  3],38,-1,104,-1,90
1,<environment.Job instance at 0x7f8b6b490a50>,39,24,[12  3],40,-1,116,-1,92
1,<environment.Job instance at 0x7f8b6b490960>,40,14,[12  4],41,-1,106,-1,92
1,<environment.Job instance at 0x7f8b6b490af0>,41,23,[5 2],42,-1,115,-1,92
1,<environment.Job instance at 0x7f8b6b490320>,42,16,[12  4],43,-1,108,-1,92
1,<environment.Job instance at 0x7f8b6b490a00>,43,18,[13  5],44,-1,110,-1,92
1,<environment.Job instance at 0x7f8b6b472eb0>,44,23,[5 5],45,-1,115,-1,92
1,<environment.Job instance at 0x7f8b6b472500>,45,18,[13  2],46,-1,110,-1,92
1,<environment.Job instance at 0x7f8b6b472f00>,46,27,[5 6],47,-1,119,-1,92
1,<environment.Job instance at 0x7f8b6b472050>,47,24,[9 5],48,-1,116,-1,92
1,<environment.Job instance at 0x7f8b6b472e60>,48,20,[ 3 14],49,-1,112,-1,92
1,<environment.Job instance at 0x7f8b6b4724b0>,49,20,[13  3],50,-1,112,-1,92
1,<environment.Job instance at 0x7f8b6b472b40>,50,27,[ 5 12],51,-1,119,-1,92
1,<environment.Job instance at 0x7f8b6b472370>,52,14,[ 1 13],53,-1,123,-1,109
1,<environment.Job instance at 0x7f8b6b472190>,54,24,[12  4],55,-1,133,-1,109
1,<environment.Job instance at 0x7f8b6b472320>,55,13,[13  1],56,-1,122,-1,109
1,<environment.Job instance at 0x7f8b6b4720f0>,56,26,[2 7],57,-1,135,-1,109
1,<environment.Job instance at 0x7f8b6b642fa0>,57,25,[11  1],58,-1,134,-1,109
1,<environment.Job instance at 0x7f8b6b642460>,58,24,[ 3 14],59,-1,133,-1,109
1,<environment.Job instance at 0x7f8b6b642c80>,59,26,[12  5],60,-1,135,-1,109
1,<environment.Job instance at 0x7f8b6b642dc0>,61,24,[11  1],62,-1,133,-1,109
1,<environment.Job instance at 0x7f8b6b642550>,62,25,[14  3],63,-1,134,-1,109
1,<environment.Job instance at 0x7f8b6b642960>,63,19,[11  3],64,-1,128,-1,109
1,<environment.Job instance at 0x7f8b6b642870>,64,17,[12  2],65,-1,126,-1,109
1,<environment.Job instance at 0x7f8b6b6422d0>,65,23,[ 5 14],66,-1,132,-1,109
1,<environment.Job instance at 0x7f8b6b642c30>,66,22,[ 4 11],67,-1,131,-1,109
1,<environment.Job instance at 0x7f8b6b6429b0>,68,22,[ 2 10],69,-1,144,-1,122
1,<environment.Job instance at 0x7f8b6b642640>,70,21,[ 1 10],71,-1,144,-1,123
1,<environment.Job instance at 0x7f8b6b642aa0>,71,15,[ 2 13],72,-1,138,-1,123
1,<environment.Job instance at 0x7f8b6b642050>,73,18,[ 3 13],74,-1,156,-1,138
1,<environment.Job instance at 0x7f8b6b6410a0>,75,25,[12  4],76,-1,164,-1,139
1,<environment.Job instance at 0x7f8b6b6417d0>,76,23,[8 3],77,-1,162,-1,139
1,<environment.Job instance at 0x7f8b6b6417d0>,2,24,[13  2],3,-1,27,-1,3
1,<environment.Job instance at 0x7f8b6ac00b40>,4,25,[ 3 14],5,-1,30,-1,5
1,<environment.Job instance at 0x7f8b6b2d8a00>,10,16,[13  3],11,-1,35,-1,19
1,<environment.Job instance at 0x7f8b6b2d8a50>,11,28,[7 2],12,-1,47,-1,19
1,<environment.Job instance at 0x7f8b6b2d8910>,12,17,[11  4],13,-1,51,-1,34
1,<environment.Job instance at 0x7f8b6b2d8b40>,14,27,[6 3],15,-1,61,-1,34
1,<environment.Job instance at 0x7f8b6b2d8c80>,16,17,[ 5 11],17,-1,68,-1,51
1,<environment.Job instance at 0x7f8b6b2d8d20>,17,16,[11  5],18,-1,67,-1,51
1,<environment.Job instance at 0x7f8b6b2d8dc0>,18,27,[7 3],19,-1,78,-1,51
1,<environment.Job instance at 0x7f8b6b2d8fa0>,19,22,[14  3],20,-1,73,-1,51
1,<environment.Job instance at 0x7f8b6b2d51e0>,22,17,[ 2 14],23,-1,94,-1,77
1,<environment.Job instance at 0x7f8b6b2d5280>,23,19,[ 1 12],24,-1,96,-1,77
1,<environment.Job instance at 0x7f8b6b2d5320>,24,24,[8 3],25,-1,101,-1,77
1,<environment.Job instance at 0x7f8b6b2d53c0>,25,17,[ 5 14],26,-1,94,-1,77
1,<environment.Job instance at 0x7f8b6b2d5460>,26,27,[12  5],27,-1,104,-1,77
1,<environment.Job instance at 0x7f8b6b2d5500>,27,16,[12  5],28,-1,93,-1,77
1,<environment.Job instance at 0x7f8b6b2d5640>,29,17,[12  5],30,-1,94,-1,77
1,<environment.Job instance at 0x7f8b6b2d56e0>,30,12,[12  4],31,-1,89,-1,77
1,<environment.Job instance at 0x7f8b6b2d5780>,31,26,[2 8],32,-1,103,-1,77
1,<environment.Job instance at 0x7f8b6b2d5820>,32,14,[ 1 11],33,-1,91,-1,77
1,<environment.Job instance at 0x7f8b6b2d58c0>,33,14,[ 1 11],34,-1,91,-1,77
1,<environment.Job instance at 0x7f8b6b2d5190>,34,24,[2 6],35,-1,101,-1,77
1,<environment.Job instance at 0x7f8b6b2d5050>,35,28,[4 9],36,-1,105,-1,77
1,<environment.Job instance at 0x7f8b6b2d50f0>,36,22,[6 5],37,-1,99,-1,77
1,<environment.Job instance at 0x7f8b6b2d5af0>,37,28,[10  3],38,-1,105,-1,77
1,<environment.Job instance at 0x7f8b6b2d5be0>,38,17,[ 1 13],39,-1,94,-1,77
1,<environment.Job instance at 0x7f8b6b2d59b0>,39,23,[3 7],40,-1,100,-1,77
1,<environment.Job instance at 0x7f8b6b2d5cd0>,40,12,[ 3 11],41,-1,89,-1,77
1,<environment.Job instance at 0x7f8b6b2d5d20>,41,25,[14  5],42,-1,102,-1,77
1,<environment.Job instance at 0x7f8b6b2d5e10>,42,18,[11  4],43,-1,95,-1,77
1,<environment.Job instance at 0x7f48c4e10320>,1,24,[10  1],2,-1,27,-1,3
1,<environment.Job instance at 0x7f48bb6986e0>,4,24,[7 2],5,-1,29,-1,5
1,<environment.Job instance at 0x7f48bb6985f0>,5,24,[ 2 14],6,-1,30,-1,6
1,<environment.Job instance at 0x7f48bb698780>,6,15,[ 2 14],7,-1,22,-1,7
1,<environment.Job instance at 0x7f48bb6988c0>,8,20,[ 4 13],9,-1,29,-1,9
1,<environment.Job instance at 0x7f48bb6989b0>,9,16,[12  1],10,-1,26,-1,10
1,<environment.Job instance at 0x7f48bb698eb0>,16,28,[5 1],17,-1,68,-1,40
1,<environment.Job instance at 0x7f48bb698f50>,17,19,[12  4],18,-1,59,-1,40
1,<environment.Job instance at 0x7f48bb698fa0>,18,18,[13  1],19,-1,58,-1,40
1,<environment.Job instance at 0x7f48bb698f00>,19,23,[8 4],20,-1,63,-1,40
1,<environment.Job instance at 0x7f48bb698cd0>,20,17,[ 2 14],21,-1,57,-1,40
1,<environment.Job instance at 0x7f48bb69a230>,21,14,[ 4 11],22,-1,54,-1,40
1,<environment.Job instance at 0x7f48bb69a140>,23,16,[12  2],24,-1,56,-1,40
1,<environment.Job instance at 0x7f48bb69a6e0>,28,17,[ 1 13],29,-1,138,-1,121
1,<environment.Job instance at 0x7f48bb69a7d0>,29,24,[ 4 13],30,-1,145,-1,121
1,<environment.Job instance at 0x7f48bb6b2960>,1,28,[7 1],2,-1,30,-1,2
1,<environment.Job instance at 0x7f48bbb41d70>,3,27,[9 2],4,-1,31,-1,4
1,<environment.Job instance at 0x7f48bbb41f00>,4,26,[12  4],5,-1,31,-1,5
1,<environment.Job instance at 0x7f48bbb41cd0>,7,25,[ 3 13],8,-1,33,-1,8
1,<environment.Job instance at 0x7f48bbb5e7d0>,8,24,[12  5],9,-1,33,-1,9
1,<environment.Job instance at 0x7f48bbb413c0>,9,25,[ 2 11],10,-1,35,-1,10
1,<environment.Job instance at 0x7f48bbb5e730>,11,23,[ 3 14],12,-1,35,-1,12
1,<environment.Job instance at 0x7f48bb7e1b40>,13,17,[13  1],14,-1,31,-1,14
1,<environment.Job instance at 0x7f48bb7e1820>,20,24,[ 4 11],21,-1,97,-1,73
1,<environment.Job instance at 0x7f48bb7e1780>,24,25,[14  5],25,-1,124,-1,99
1,<environment.Job instance at 0x7f48bb7e11e0>,25,24,[3 7],26,-1,126,-1,102
1,<environment.Job instance at 0x7f48bbc41730>,27,17,[11  1],28,-1,131,-1,114
1,<environment.Job instance at 0x7f48bb28eaa0>,28,27,[ 3 13],29,-1,141,-1,114
1,<environment.Job instance at 0x7f48bb0af280>,30,26,[3 9],31,-1,141,-1,115
1,<environment.Job instance at 0x7f48bafc78c0>,31,19,[11  4],32,-1,147,-1,128
1,<environment.Job instance at 0x7f48bb1e31e0>,32,24,[4 9],33,-1,152,-1,128
1,<environment.Job instance at 0x7f48bad05aa0>,33,25,[13  2],34,-1,153,-1,128
1,<environment.Job instance at 0x7f48bb1ce190>,35,22,[12  2],36,-1,159,-1,137
1,<environment.Job instance at 0x7f48bad630a0>,38,13,[ 3 11],39,-1,161,-1,148
1,<environment.Job instance at 0x7f48bafecd20>,39,14,[14  1],40,-1,162,-1,148
1,<environment.Job instance at 0x7f48bafed280>,40,14,[12  1],41,-1,162,-1,148
1,<environment.Job instance at 0x7f48bade4a50>,41,17,[12  4],42,-1,165,-1,148
1,<environment.Job instance at 0x7f48bade4a50>,2,28,[14  3],3,-1,31,-1,3
1,<environment.Job instance at 0x7f48bad4ffa0>,5,14,[ 3 14],6,-1,20,-1,6
1,<environment.Job instance at 0x7f48bad4fdc0>,6,17,[13  5],7,-1,24,-1,7
1,<environment.Job instance at 0x7f48bad4fd70>,7,13,[ 5 14],8,-1,21,-1,8
1,<environment.Job instance at 0x7f48bad4fc30>,8,25,[4 5],9,-1,34,-1,9
1,<environment.Job instance at 0x7f48bad4fc80>,11,12,[12  3],12,-1,24,-1,12
1,<environment.Job instance at 0x7f48bad4ff00>,12,28,[6 3],13,-1,44,-1,16
1,<environment.Job instance at 0x7f48bad3f550>,16,13,[14  5],17,-1,30,-1,17
1,<environment.Job instance at 0x7f48bad3ff50>,17,16,[ 5 11],18,-1,34,-1,18
1,<environment.Job instance at 0x7f48bad3f460>,18,23,[4 8],19,-1,48,-1,25
1,<environment.Job instance at 0x7f48bad3f690>,23,24,[7 5],24,-1,86,-1,62
1,<environment.Job instance at 0x7f48bad3f910>,26,27,[ 4 13],27,-1,105,-1,78
1,<environment.Job instance at 0x7f48bad3f320>,27,28,[ 1 14],28,-1,106,-1,78
1,<environment.Job instance at 0x7f48bad3f370>,28,12,[13  4],29,-1,90,-1,78
1,<environment.Job instance at 0x7f48bad3fb40>,29,12,[ 5 12],30,-1,90,-1,78
1,<environment.Job instance at 0x7f48bad3fa00>,30,28,[7 4],31,-1,106,-1,78
1,<environment.Job instance at 0x7f48bad3f9b0>,31,27,[4 6],32,-1,105,-1,78
1,<environment.Job instance at 0x7f48bad3fd70>,35,27,[12  5],36,-1,150,-1,123
1,<environment.Job instance at 0x7f48bad3f280>,37,28,[11  5],38,-1,152,-1,124
1,<environment.Job instance at 0x7f48bad3fa50>,38,25,[14  5],39,-1,149,-1,124
1,<environment.Job instance at 0x7f48bad511e0>,39,26,[14  1],40,-1,150,-1,124
1,<environment.Job instance at 0x7f48bad51320>,40,17,[12  2],41,-1,141,-1,124
1,<environment.Job instance at 0x7f48bad51c80>,41,26,[6 2],42,-1,150,-1,124
1,<environment.Job instance at 0x7f48bad51e60>,42,23,[5 8],43,-1,147,-1,124
1,<environment.Job instance at 0x7f48bad51910>,45,21,[ 4 14],46,-1,161,-1,140
1,<environment.Job instance at 0x7f48bad515f0>,46,28,[5 6],47,-1,168,-1,140
1,<environment.Job instance at 0x7f48bad51b40>,47,20,[ 2 11],48,-1,160,-1,140
1,<environment.Job instance at 0x7f48bbb35a00>,48,13,[12  1],49,-1,153,-1,140
1,<environment.Job instance at 0x7f48bbbb5c30>,49,12,[14  3],50,-1,152,-1,140
1,<environment.Job instance at 0x7f48bbbb52d0>,50,23,[ 4 11],51,-1,163,-1,140
1,<environment.Job instance at 0x7f48bad83eb0>,51,14,[ 2 14],52,-1,154,-1,140
1,<environment.Job instance at 0x7f48bbbe9a00>,52,27,[1 8],53,-1,167,-1,140
1,<environment.Job instance at 0x7f48bb4488c0>,53,26,[7 4],54,-1,166,-1,140
1,<environment.Job instance at 0x7f48bb4caaf0>,54,20,[14  3],55,-1,160,-1,140
1,<environment.Job instance at 0x7f48bb448780>,55,25,[5 2],56,-1,165,-1,140
1,<environment.Job instance at 0x7f48bb51c050>,56,24,[6 3],57,-1,164,-1,140
1,<environment.Job instance at 0x7f48bb51c1e0>,57,25,[ 2 14],58,-1,165,-1,140
1,<environment.Job instance at 0x7f48bafc0280>,1,19,[ 4 14],2,-1,21,-1,2
1,<environment.Job instance at 0x7f48bb51c870>,4,17,[14  3],5,-1,22,-1,5
1,<environment.Job instance at 0x7f48bb0af780>,3,26,[10  3],4,-1,34,-1,8
1,<environment.Job instance at 0x7f48bb0af4b0>,8,22,[ 4 12],9,-1,31,-1,9
1,<environment.Job instance at 0x7f48bb1265f0>,9,25,[8 2],10,-1,36,-1,11
1,<environment.Job instance at 0x7f48bb126c80>,12,13,[10  4],13,-1,27,-1,14
1,<environment.Job instance at 0x7f48bb6fb550>,18,13,[14  5],19,-1,68,-1,55
1,<environment.Job instance at 0x7f48bb5f65f0>,19,25,[13  3],20,-1,80,-1,55
1,<environment.Job instance at 0x7f48bb5f63c0>,20,14,[ 1 14],21,-1,69,-1,55
1,<environment.Job instance at 0x7f48bafbf140>,22,12,[ 2 13],23,-1,67,-1,55
1,<environment.Job instance at 0x7f48bafbfeb0>,23,22,[13  3],24,-1,77,-1,55
1,<environment.Job instance at 0x7f48bb0acaa0>,28,18,[11  4],29,-1,113,-1,95
1,<environment.Job instance at 0x7f48bafbfaf0>,29,24,[10  3],30,-1,119,-1,95
1,<environment.Job instance at 0x7f48bb0ac730>,30,18,[11  2],31,-1,113,-1,95
1,<environment.Job instance at 0x7f48bb363780>,31,20,[ 3 14],32,-1,115,-1,95
1,<environment.Job instance at 0x7f48bbab55f0>,32,24,[14  5],33,-1,119,-1,95
1,<environment.Job instance at 0x7f48bb2f2fa0>,33,24,[14  5],34,-1,119,-1,95
1,<environment.Job instance at 0x7f48bb363dc0>,34,12,[ 4 11],35,-1,107,-1,95
1,<environment.Job instance at 0x7f48bb260c30>,35,22,[ 3 14],36,-1,117,-1,95
1,<environment.Job instance at 0x7f48bb2f2960>,36,14,[ 1 13],37,-1,109,-1,95
1,<environment.Job instance at 0x7f48badba7d0>,37,16,[13  5],38,-1,111,-1,95
1,<environment.Job instance at 0x7f48badbae60>,38,25,[5 3],39,-1,120,-1,95
1,<environment.Job instance at 0x7f48bb187870>,40,22,[ 3 14],41,-1,120,-1,98
1,<environment.Job instance at 0x7f48bad50780>,42,14,[13  1],43,-1,126,-1,112
1,<environment.Job instance at 0x7f48bb0a3a00>,43,27,[ 4 14],44,-1,139,-1,112
1,<environment.Job instance at 0x7f48bb7f7280>,47,28,[13  5],48,-1,155,-1,127
1,<environment.Job instance at 0x7f48bb7f7820>,48,23,[6 4],49,-1,150,-1,127
1,<environment.Job instance at 0x7f48bb1b0140>,49,21,[ 3 14],50,-1,148,-1,127
1,<environment.Job instance at 0x7f48bb1b0e60>,51,27,[5 5],52,-1,169,-1,142
1,<environment.Job instance at 0x7f48bb1b0370>,53,25,[5 5],54,-1,169,-1,144
1,<environment.Job instance at 0x7f48bb1b0af0>,54,26,[12  3],55,-1,170,-1,144
1,<environment.Job instance at 0x7f48bb1f3730>,55,20,[14  4],56,-1,164,-1,144
1,<environment.Job instance at 0x7f48bb1f3460>,56,15,[13  2],57,-1,159,-1,144
1,<environment.Job instance at 0x7f48bb2e2d70>,57,24,[ 5 13],58,-1,168,-1,144
1,<environment.Job instance at 0x7f48bb2e2870>,58,25,[13  5],59,-1,169,-1,144
1,<environment.Job instance at 0x7f48bb2e25f0>,59,19,[ 2 13],60,-1,163,-1,144
1,<environment.Job instance at 0x7f48bb2e2230>,60,25,[8 3],61,-1,169,-1,144
1,<environment.Job instance at 0x7f48bb2e2e10>,61,19,[14  2],62,-1,163,-1,144
1,<environment.Job instance at 0x7f48bb2e2c30>,62,18,[14  4],63,-1,162,-1,144
1,<environment.Job instance at 0x7f48bb2e29b0>,63,14,[14  2],64,-1,158,-1,144
1,<environment.Job instance at 0x7f48bb19af00>,65,22,[4 7],66,-1,166,-1,144
1,<environment.Job instance at 0x7f48bbd6b140>,2,13,[ 5 12],3,-1,16,-1,3
1,<environment.Job instance at 0x7f48bbd81690>,3,20,[ 2 11],4,-1,24,-1,4
1,<environment.Job instance at 0x7f48bbd85dc0>,11,17,[ 1 13],12,-1,35,-1,18
1,<environment.Job instance at 0x7f48bbd85e60>,12,16,[ 1 13],13,-1,34,-1,18
1,<environment.Job instance at 0x7f48bbd852d0>,13,28,[2 7],14,-1,46,-1,18
1,<environment.Job instance at 0x7f48bbd85550>,15,25,[3 9],16,-1,45,-1,20
1,<environment.Job instance at 0x7f48bbd85050>,17,13,[ 1 13],18,-1,33,-1,20
1,<environment.Job instance at 0x7f48bbd80f00>,18,28,[3 6],19,-1,48,-1,20
1,<environment.Job instance at 0x7f48bbd85d20>,19,12,[ 4 11],20,-1,32,-1,20
1,<environment.Job instance at 0x7f48bbd80460>,22,22,[ 5 12],23,-1,55,-1,33
1,<environment.Job instance at 0x7f48bbd800a0>,23,17,[13  5],24,-1,50,-1,33
1,<environment.Job instance at 0x7f48bbd80d70>,25,13,[12  4],26,-1,56,-1,43
1,<environment.Job instance at 0x7f48bbd7f190>,30,14,[ 4 13],31,-1,86,-1,72
1,<environment.Job instance at 0x7f48bbd7f550>,31,23,[ 5 12],32,-1,95,-1,72
1,<environment.Job instance at 0x7f48bbd95050>,33,27,[ 5 10],34,-1,110,-1,83
1,<environment.Job instance at 0x7f48bbd8c4b0>,34,13,[13  5],35,-1,96,-1,83
1,<environment.Job instance at 0x7f48bbd8c410>,36,18,[ 4 14],37,-1,108,-1,90
1,<environment.Job instance at 0x7f48bbd8c910>,39,17,[12  2],40,-1,120,-1,103
1,<environment.Job instance at 0x7f48bbd8c050>,41,18,[4 9],42,-1,136,-1,118
1,<environment.Job instance at 0x7f48baca1640>,43,23,[1 5],44,-1,141,-1,118
1,<environment.Job instance at 0x7f48bbdcd780>,44,27,[2 8],45,-1,145,-1,118
1,<environment.Job instance at 0x7f48bbd80230>,47,14,[11  4],48,-1,148,-1,134
1,<environment.Job instance at 0x7f48bac49dc0>,48,14,[14  5],49,-1,148,-1,134
1,<environment.Job instance at 0x7f48bac8a050>,50,18,[ 4 11],51,-1,163,-1,145
1,<environment.Job instance at 0x7f48bac8a0f0>,51,18,[ 3 12],52,-1,163,-1,145
1,<environment.Job instance at 0x7f48bac89820>,53,24,[13  4],54,-1,170,-1,146
1,<environment.Job instance at 0x7f48bac89960>,54,19,[ 2 13],55,-1,165,-1,146
1,<environment.Job instance at 0x7f48bb3c9b90>,3,22,[ 2 14],4,-1,26,-1,4
1,<environment.Job instance at 0x7f48bac89960>,2,23,[13  5],3,-1,27,-1,4
1,<environment.Job instance at 0x7f48bb3c90f0>,5,22,[6 2],6,-1,133,-1,111
1,<environment.Job instance at 0x7f48bb3c97d0>,19,14,[13  2],20,-1,125,-1,111
1,<environment.Job instance at 0x7f48bb3c9d20>,20,18,[11  2],21,-1,129,-1,111
1,<environment.Job instance at 0x7f48bb3c9e60>,21,25,[ 1 10],22,-1,136,-1,111
1,<environment.Job instance at 0x7f48bb3c9500>,22,20,[ 2 12],23,-1,131,-1,111
1,<environment.Job instance at 0x7f48bb3c9d70>,23,20,[13  1],24,-1,131,-1,111
1,<environment.Job instance at 0x7f48bac81460>,26,26,[3 7],27,-1,158,-1,132
1,<environment.Job instance at 0x7f48bac81690>,2,27,[ 3 11],3,-1,30,-1,3
1,<environment.Job instance at 0x7f48bbafc190>,3,21,[ 3 13],4,-1,25,-1,4
1,<environment.Job instance at 0x7f48bbafc780>,5,21,[ 4 14],6,-1,27,-1,6
1,<environment.Job instance at 0x7f48bbafce10>,7,16,[ 4 14],8,-1,24,-1,8
1,<environment.Job instance at 0x7f48bbd85410>,10,24,[3 9],11,-1,35,-1,11
1,<environment.Job instance at 0x7f48bbd85550>,12,17,[ 3 11],13,-1,30,-1,13
1,<environment.Job instance at 0x7f48bbd85820>,15,25,[ 2 12],16,-1,57,-1,32
1,<environment.Job instance at 0x7f48bbd85b40>,16,27,[1 6],17,-1,59,-1,32
1,<environment.Job instance at 0x7f48bbd858c0>,17,27,[8 5],18,-1,59,-1,32
1,<environment.Job instance at 0x7f48bbd852d0>,19,17,[ 1 11],20,-1,50,-1,33
1,<environment.Job instance at 0x7f48bbd85eb0>,20,13,[ 3 14],21,-1,46,-1,33
1,<environment.Job instance at 0x7f48bbd85d20>,24,27,[5 2],25,-1,90,-1,63
1,<environment.Job instance at 0x7f48bbd854b0>,25,13,[13  5],26,-1,76,-1,63
1,<environment.Job instance at 0x7f48bbd85e10>,26,17,[13  3],27,-1,80,-1,63
1,<environment.Job instance at 0x7f48bbd85500>,27,26,[10  5],28,-1,89,-1,63
1,<environment.Job instance at 0x7f48bbd85a00>,28,13,[14  3],29,-1,76,-1,63
1,<environment.Job instance at 0x7f48bad64be0>,29,26,[ 2 12],30,-1,89,-1,63
1,<environment.Job instance at 0x7f48bad64730>,30,26,[4 5],31,-1,89,-1,63
1,<environment.Job instance at 0x7f48bac58500>,33,15,[ 2 13],34,-1,98,-1,83
1,<environment.Job instance at 0x7f48bac58a50>,34,18,[11  2],35,-1,101,-1,83
1,<environment.Job instance at 0x7f48bac584b0>,37,18,[14  1],38,-1,106,-1,88
1,<environment.Job instance at 0x7f48bac58370>,38,23,[ 1 11],39,-1,111,-1,88
1,<environment.Job instance at 0x7f48bac58550>,39,19,[ 3 12],40,-1,107,-1,88
1,<environment.Job instance at 0x7f48bac58640>,42,12,[5 2],43,-1,120,-1,108
1,<environment.Job instance at 0x7f48bac582d0>,43,13,[ 3 11],44,-1,121,-1,108
1,<environment.Job instance at 0x7f48bac586e0>,44,12,[7 2],45,-1,122,-1,110
1,<environment.Job instance at 0x7f48bac58be0>,45,25,[5 3],46,-1,135,-1,110
1,<environment.Job instance at 0x7f48bac58c30>,46,15,[11  2],47,-1,125,-1,110
1,<environment.Job instance at 0x7f48bb06c5f0>,48,25,[7 2],49,-1,136,-1,111
1,<environment.Job instance at 0x7f48bb06c1e0>,49,18,[ 5 12],50,-1,129,-1,111
1,<environment.Job instance at 0x7f48bb06c910>,50,12,[ 3 12],51,-1,123,-1,111
1,<environment.Job instance at 0x7f48bb06c9b0>,51,15,[11  5],52,-1,126,-1,111
1,<environment.Job instance at 0x7f48bb06c960>,53,16,[13  2],54,-1,141,-1,125
1,<environment.Job instance at 0x7f48bb06caa0>,54,12,[13  3],55,-1,137,-1,125
1,<environment.Job instance at 0x7f48bb06cdc0>,55,16,[11  5],56,-1,141,-1,125
1,<environment.Job instance at 0x7f48bb06c6e0>,59,26,[ 2 14],60,-1,167,-1,141
1,<environment.Job instance at 0x7f48bb06c6e0>,2,27,[6 5],3,-1,30,-1,3
1,<environment.Job instance at 0x7f48bad9a910>,8,16,[ 1 13],9,-1,25,-1,9
1,<environment.Job instance at 0x7f48bad9abe0>,9,25,[4 7],10,-1,35,-1,10
1,<environment.Job instance at 0x7f48bad9aaa0>,10,18,[ 2 11],11,-1,29,-1,11
1,<environment.Job instance at 0x7f48badaf0a0>,11,12,[13  5],12,-1,24,-1,12
1,<environment.Job instance at 0x7f48badafcd0>,12,22,[14  4],13,-1,35,-1,13
1,<environment.Job instance at 0x7f48badaf870>,13,27,[5 3],14,-1,41,-1,14
1,<environment.Job instance at 0x7f48badafa50>,14,25,[ 3 11],15,-1,40,-1,15
1,<environment.Job instance at 0x7f48badafaf0>,15,24,[8 3],16,-1,40,-1,16
1,<environment.Job instance at 0x7f48badaf9b0>,16,13,[13  1],17,-1,30,-1,17
1,<environment.Job instance at 0x7f48badafc30>,17,26,[ 3 13],18,-1,44,-1,18
1,<environment.Job instance at 0x7f48bad8c370>,20,27,[5 9],21,-1,48,-1,21
1,<environment.Job instance at 0x7f48bad7df50>,22,26,[ 2 11],23,-1,49,-1,23
1,<environment.Job instance at 0x7f48bbb3d820>,25,27,[14  4],26,-1,61,-1,34
1,<environment.Job instance at 0x7f48bbb3d7d0>,27,24,[11  2],28,-1,64,-1,40
1,<environment.Job instance at 0x7f48bb3a57d0>,28,12,[12  3],29,-1,52,-1,40
1,<environment.Job instance at 0x7f48bbb17190>,30,13,[11  3],31,-1,70,-1,57
1,<environment.Job instance at 0x7f48bc228aa0>,31,22,[ 4 12],32,-1,79,-1,57
1,<environment.Job instance at 0x7f48bc1fe690>,32,20,[13  3],33,-1,77,-1,57
1,<environment.Job instance at 0x7f48bb3a5af0>,33,24,[14  1],34,-1,81,-1,57
1,<environment.Job instance at 0x7f48bb12bfa0>,35,14,[ 1 13],36,-1,71,-1,57
1,<environment.Job instance at 0x7f48bad98960>,36,17,[ 3 12],37,-1,74,-1,57
1,<environment.Job instance at 0x7f48bad98910>,37,26,[11  2],38,-1,83,-1,57
1,<environment.Job instance at 0x7f48bad980f0>,39,24,[11  1],40,-1,84,-1,60
1,<environment.Job instance at 0x7f48bb12af00>,40,23,[13  2],41,-1,83,-1,60
1,<environment.Job instance at 0x7f48badb0b40>,41,18,[13  5],42,-1,78,-1,60
1,<environment.Job instance at 0x7f48bb11edc0>,43,28,[5 9],44,-1,98,-1,70
1,<environment.Job instance at 0x7f48bb0fa8c0>,45,14,[11  2],46,-1,87,-1,73
1,<environment.Job instance at 0x7f48bc1facd0>,46,15,[12  2],47,-1,88,-1,73
1,<environment.Job instance at 0x7f48bb511730>,3,23,[ 5 11],4,-1,27,-1,4
1,<environment.Job instance at 0x7f48bb511320>,4,26,[ 5 11],5,-1,31,-1,5
1,<environment.Job instance at 0x7f48bb511f50>,7,27,[12  5],8,-1,35,-1,8
1,<environment.Job instance at 0x7f48bc21df00>,8,19,[11  4],9,-1,28,-1,9
1,<environment.Job instance at 0x7f48bc21d780>,9,22,[ 2 11],10,-1,32,-1,10
1,<environment.Job instance at 0x7f48bc21d730>,14,18,[14  1],15,-1,62,-1,44
1,<environment.Job instance at 0x7f48bc21d5a0>,16,15,[12  1],17,-1,59,-1,44
1,<environment.Job instance at 0x7f48bc21d870>,17,13,[ 5 12],18,-1,57,-1,44
1,<environment.Job instance at 0x7f48bc21d320>,18,28,[14  2],19,-1,72,-1,44
1,<environment.Job instance at 0x7f48bc21dc80>,20,15,[ 5 11],21,-1,76,-1,61
1,<environment.Job instance at 0x7f48bc21da50>,21,20,[ 3 11],22,-1,81,-1,61
1,<environment.Job instance at 0x7f48bc21d8c0>,22,28,[9 4],23,-1,89,-1,61
1,<environment.Job instance at 0x7f48bc21d140>,24,27,[ 3 13],25,-1,88,-1,61
1,<environment.Job instance at 0x7f48bc21dc30>,25,23,[6 2],26,-1,84,-1,61
1,<environment.Job instance at 0x7f48bc21d370>,26,22,[ 1 13],27,-1,83,-1,61
1,<environment.Job instance at 0x7f48bc21d280>,27,13,[14  2],28,-1,74,-1,61
1,<environment.Job instance at 0x7f48bb33eb40>,1,23,[ 4 10],2,-1,25,-1,2
1,<environment.Job instance at 0x7f48bc21deb0>,2,28,[10  2],3,-1,31,-1,3
1,<environment.Job instance at 0x7f48bb0750a0>,4,24,[ 4 12],5,-1,29,-1,5
1,<environment.Job instance at 0x7f48bc21d0f0>,6,28,[14  2],7,-1,35,-1,7
1,<environment.Job instance at 0x7f48bb0988c0>,11,25,[ 3 13],12,-1,37,-1,12
1,<environment.Job instance at 0x7f48bb0985a0>,12,22,[2 8],13,-1,41,-1,19
1,<environment.Job instance at 0x7f48bb098640>,14,25,[3 5],15,-1,44,-1,19
1,<environment.Job instance at 0x7f48bb098b40>,15,23,[ 2 13],16,-1,42,-1,19
1,<environment.Job instance at 0x7f48bb098500>,16,15,[11  2],17,-1,34,-1,19
1,<environment.Job instance at 0x7f48bb098d20>,18,27,[ 4 14],19,-1,46,-1,19
1,<environment.Job instance at 0x7f48bb098fa0>,19,28,[12  5],20,-1,48,-1,20
1,<environment.Job instance at 0x7f48bb092b90>,20,28,[2 5],21,-1,49,-1,21
1,<environment.Job instance at 0x7f48bb092dc0>,21,27,[13  3],22,-1,49,-1,22
1,<environment.Job instance at 0x7f48bb092140>,22,26,[ 2 14],23,-1,49,-1,23
1,<environment.Job instance at 0x7f48bb092a00>,23,25,[11  2],24,-1,49,-1,24
1,<environment.Job instance at 0x7f48bb092190>,24,16,[11  4],25,-1,41,-1,25
1,<environment.Job instance at 0x7f48bb092640>,25,13,[14  4],26,-1,39,-1,26
1,<environment.Job instance at 0x7f48bb98acd0>,27,21,[12  2],28,-1,50,-1,29
1,<environment.Job instance at 0x7f48bae940a0>,28,20,[ 1 11],29,-1,49,-1,29
1,<environment.Job instance at 0x7f48bb098460>,29,14,[ 1 14],30,-1,44,-1,30
1,<environment.Job instance at 0x7f48bc217e10>,31,15,[12  3],32,-1,54,-1,39
1,<environment.Job instance at 0x7f48bb833780>,33,22,[14  3],34,-1,70,-1,48
1,<environment.Job instance at 0x7f48bb967320>,34,12,[1 9],35,-1,60,-1,48
1,<environment.Job instance at 0x7f48bb967c80>,35,16,[11  4],36,-1,64,-1,48
1,<environment.Job instance at 0x7f48bb6630a0>,36,20,[ 5 13],37,-1,68,-1,48
1,<environment.Job instance at 0x7f48bb65da50>,37,20,[11  5],38,-1,68,-1,48
1,<environment.Job instance at 0x7f48bb65d640>,38,23,[7 4],39,-1,71,-1,48
1,<environment.Job instance at 0x7f48bb9d6140>,39,22,[13  3],40,-1,70,-1,48
1,<environment.Job instance at 0x7f48bb9d6e10>,40,14,[14  2],41,-1,62,-1,48
1,<environment.Job instance at 0x7f48bb65d410>,41,19,[13  5],42,-1,67,-1,48
1,<environment.Job instance at 0x7f48bb643640>,42,16,[13  3],43,-1,64,-1,48
1,<environment.Job instance at 0x7f48bb6435f0>,44,17,[ 1 13],45,-1,69,-1,52
1,<environment.Job instance at 0x7f48bb68b690>,45,23,[ 3 11],46,-1,75,-1,52
1,<environment.Job instance at 0x7f48bb68b460>,46,26,[11  1],47,-1,78,-1,52
1,<environment.Job instance at 0x7f48bb68bf50>,47,25,[ 1 10],48,-1,77,-1,52
1,<environment.Job instance at 0x7f48bb68b910>,49,25,[ 4 11],50,-1,92,-1,67
1,<environment.Job instance at 0x7f48bb6aad70>,51,26,[13  2],52,-1,98,-1,72
1,<environment.Job instance at 0x7f48bb6aaaf0>,52,20,[ 2 13],53,-1,92,-1,72
1,<environment.Job instance at 0x7f48bb6aad20>,53,16,[ 3 10],54,-1,88,-1,72
1,<environment.Job instance at 0x7f48bb6aae60>,54,14,[10  5],55,-1,87,-1,73
1,<environment.Job instance at 0x7f48bb6aadc0>,55,28,[ 1 13],56,-1,101,-1,73
1,<environment.Job instance at 0x7f48bb845a00>,56,21,[5 5],57,-1,95,-1,74
1,<environment.Job instance at 0x7f48bb8455a0>,58,14,[11  4],59,-1,100,-1,86
1,<environment.Job instance at 0x7f48bb6a7af0>,59,28,[7 1],60,-1,114,-1,86
1,<environment.Job instance at 0x7f48bb6a7b40>,60,21,[11  4],61,-1,107,-1,86
1,<environment.Job instance at 0x7f48bb6899b0>,64,27,[7 1],65,-1,128,-1,101
1,<environment.Job instance at 0x7f48bb689a50>,66,28,[ 3 11],67,-1,137,-1,109
1,<environment.Job instance at 0x7f48bb6896e0>,67,12,[ 5 14],68,-1,121,-1,109
1,<environment.Job instance at 0x7f48bb6894b0>,68,26,[14  5],69,-1,135,-1,109
1,<environment.Job instance at 0x7f48bb689280>,69,20,[ 3 13],70,-1,129,-1,109
1,<environment.Job instance at 0x7f48bb689a00>,70,23,[7 2],71,-1,132,-1,109
1,<environment.Job instance at 0x7f48bb689550>,72,26,[11  3],73,-1,141,-1,115
1,<environment.Job instance at 0x7f48bb689640>,73,25,[7 5],74,-1,140,-1,115
1,<environment.Job instance at 0x7f48bb955820>,74,22,[13  5],75,-1,137,-1,115
1,<environment.Job instance at 0x7f48bb9558c0>,75,13,[3 6],76,-1,128,-1,115
1,<environment.Job instance at 0x7f48bb955960>,76,18,[13  1],77,-1,133,-1,115
1,<environment.Job instance at 0x7f48bb955a00>,77,17,[ 2 13],78,-1,132,-1,115
1,<environment.Job instance at 0x7f48bb955aa0>,78,26,[7 2],79,-1,141,-1,115
1,<environment.Job instance at 0x7f48bb955b40>,79,24,[ 3 14],80,-1,139,-1,115
1,<environment.Job instance at 0x7f48bb955be0>,80,12,[ 3 10],81,-1,127,-1,115
1,<environment.Job instance at 0x7f48bb955c80>,81,26,[5 5],82,-1,141,-1,115
1,<environment.Job instance at 0x7f48bb955d20>,82,15,[ 5 14],83,-1,130,-1,115
1,<environment.Job instance at 0x7f48bb955dc0>,83,27,[ 5 14],84,-1,142,-1,115
1,<environment.Job instance at 0x7f48bb955e60>,84,21,[13  3],85,-1,136,-1,115
1,<environment.Job instance at 0x7f48bb955f00>,85,28,[10  4],86,-1,143,-1,115
1,<environment.Job instance at 0x7f48bb955690>,86,25,[8 2],87,-1,140,-1,115
1,<environment.Job instance at 0x7f48bb955e10>,87,20,[4 9],88,-1,135,-1,115
1,<environment.Job instance at 0x7f48bb9530a0>,88,18,[7 2],89,-1,138,-1,120
1,<environment.Job instance at 0x7f48bb953370>,89,13,[ 3 14],90,-1,133,-1,120
1,<environment.Job instance at 0x7f48bb953230>,90,21,[8 3],91,-1,143,-1,122
1,<environment.Job instance at 0x7f48bb953410>,91,18,[11  1],92,-1,140,-1,122
1,<environment.Job instance at 0x7f48bb9534b0>,92,12,[ 4 12],93,-1,134,-1,122
1,<environment.Job instance at 0x7f48bb953550>,93,27,[ 4 14],94,-1,149,-1,122
1,<environment.Job instance at 0x7f48bb953730>,96,24,[5 6],97,-1,157,-1,133
1,<environment.Job instance at 0x7f48bb953870>,98,22,[ 4 13],99,-1,164,-1,142
1,<environment.Job instance at 0x7f48bb953910>,99,24,[ 1 10],100,-1,166,-1,142
1,<environment.Job instance at 0x7f48bb9539b0>,100,12,[5 9],101,-1,154,-1,142
1,<environment.Job instance at 0x7f48bb953a00>,101,25,[14  1],102,-1,167,-1,142
1,<environment.Job instance at 0x7f48bb953a00>,2,26,[ 1 10],3,-1,29,-1,3
1,<environment.Job instance at 0x7f48baf31b40>,3,26,[12  5],4,-1,30,-1,4
1,<environment.Job instance at 0x7f48baf31230>,5,18,[ 4 11],6,-1,24,-1,6
1,<environment.Job instance at 0x7f48baf311e0>,6,25,[3 6],7,-1,32,-1,7
1,<environment.Job instance at 0x7f48baf31190>,8,25,[ 2 14],9,-1,34,-1,9
1,<environment.Job instance at 0x7f48baf31aa0>,9,12,[ 5 12],10,-1,22,-1,10
1,<environment.Job instance at 0x7f48baf31af0>,11,21,[ 2 14],12,-1,33,-1,12
1,<environment.Job instance at 0x7f48bb397640>,12,18,[13  5],13,-1,31,-1,13
1,<environment.Job instance at 0x7f48bb3970f0>,13,20,[ 4 11],14,-1,34,-1,14
1,<environment.Job instance at 0x7f48bb397eb0>,14,12,[ 4 10],15,-1,28,-1,16
1,<environment.Job instance at 0x7f48bb3974b0>,19,15,[13  4],20,-1,40,-1,25
1,<environment.Job instance at 0x7f48bb397f50>,20,26,[6 1],21,-1,51,-1,25
1,<environment.Job instance at 0x7f48bb397730>,21,12,[13  4],22,-1,37,-1,25
1,<environment.Job instance at 0x7f48bb397c30>,23,23,[5 7],24,-1,54,-1,31
1,<environment.Job instance at 0x7f48bb397e60>,24,15,[ 4 11],25,-1,46,-1,31
1,<environment.Job instance at 0x7f48bb397780>,25,27,[ 2 11],26,-1,58,-1,31
1,<environment.Job instance at 0x7f48bb3973c0>,27,25,[ 5 10],28,-1,66,-1,41
1,<environment.Job instance at 0x7f48bb397d70>,30,17,[ 2 14],31,-1,64,-1,47
1,<environment.Job instance at 0x7f48bb397500>,31,13,[13  4],32,-1,60,-1,47
1,<environment.Job instance at 0x7f48bb397a00>,32,25,[12  2],33,-1,72,-1,47
1,<environment.Job instance at 0x7f48bb397320>,33,28,[4 9],34,-1,75,-1,47
1,<environment.Job instance at 0x7f48c4d46b90>,34,17,[14  1],35,-1,64,-1,47
1,<environment.Job instance at 0x7f48c4d46a00>,35,19,[11  4],36,-1,79,-1,60
1,<environment.Job instance at 0x7f48c4d46dc0>,36,23,[ 1 13],37,-1,83,-1,60
1,<environment.Job instance at 0x7f48c4d46f50>,37,25,[ 4 14],38,-1,85,-1,60
1,<environment.Job instance at 0x7f48bb260280>,38,12,[12  3],39,-1,72,-1,60
1,<environment.Job instance at 0x7f48bb260d70>,39,13,[13  5],40,-1,73,-1,60
1,<environment.Job instance at 0x7f48bb260960>,40,24,[9 1],41,-1,84,-1,60
1,<environment.Job instance at 0x7f48bb260050>,41,16,[ 3 14],42,-1,76,-1,60
1,<environment.Job instance at 0x7f48bb260be0>,45,18,[13  4],46,-1,92,-1,74
1,<environment.Job instance at 0x7f48bb260910>,46,24,[12  2],47,-1,98,-1,74
1,<environment.Job instance at 0x7f48bb2602d0>,47,12,[ 2 12],48,-1,86,-1,74
1,<environment.Job instance at 0x7f48bb260e60>,55,16,[12  1],56,-1,152,-1,136
1,<environment.Job instance at 0x7f48bade43c0>,56,14,[ 4 13],57,-1,150,-1,136
1,<environment.Job instance at 0x7f48bade4280>,57,21,[12  4],58,-1,157,-1,136
1,<environment.Job instance at 0x7f48bade40f0>,58,13,[ 4 12],59,-1,149,-1,136
1,<environment.Job instance at 0x7f48bade4b90>,59,15,[14  5],60,-1,151,-1,136
1,<environment.Job instance at 0x7f48baad1b90>,3,22,[13  1],4,-1,26,-1,4
1,<environment.Job instance at 0x7f48baad1be0>,5,17,[14  3],6,-1,23,-1,6
1,<environment.Job instance at 0x7f48baf5f050>,9,25,[ 2 10],10,-1,35,-1,10
1,<environment.Job instance at 0x7f48baf5faa0>,10,24,[14  1],11,-1,35,-1,11
1,<environment.Job instance at 0x7f48baf5fa50>,11,24,[ 4 14],12,-1,36,-1,12
1,<environment.Job instance at 0x7f48baf5f370>,12,25,[14  2],13,-1,38,-1,13
1,<environment.Job instance at 0x7f48baf5f4b0>,14,28,[5 9],15,-1,53,-1,25
1,<environment.Job instance at 0x7f48baf5ffa0>,16,28,[12  1],17,-1,53,-1,25
1,<environment.Job instance at 0x7f48baf5f640>,23,18,[11  4],24,-1,118,-1,100
1,<environment.Job instance at 0x7f48baf5f190>,25,22,[ 3 11],26,-1,122,-1,100
1,<environment.Job instance at 0x7f48bad0dbe0>,26,23,[9 4],27,-1,123,-1,100
1,<environment.Job instance at 0x7f48bad0dd70>,27,13,[13  3],28,-1,113,-1,100
1,<environment.Job instance at 0x7f48bad0db40>,29,19,[14  1],30,-1,119,-1,100
1,<environment.Job instance at 0x7f48bad0d140>,30,13,[ 3 14],31,-1,113,-1,100
1,<environment.Job instance at 0x7f48bad0d4b0>,31,21,[ 5 14],32,-1,121,-1,100
1,<environment.Job instance at 0x7f48bad0d870>,35,18,[13  2],36,-1,148,-1,130
1,<environment.Job instance at 0x7f48bad0daf0>,37,17,[12  2],38,-1,152,-1,135
1,<environment.Job instance at 0x7f48bad0d2d0>,38,24,[4 8],39,-1,159,-1,135
1,<environment.Job instance at 0x7f48bb790af0>,1,17,[ 5 12],2,-1,19,-1,2
1,<environment.Job instance at 0x7f48bb0fca00>,3,21,[12  2],4,-1,25,-1,4
1,<environment.Job instance at 0x7f48bbed8550>,5,23,[ 3 13],6,-1,29,-1,6
1,<environment.Job instance at 0x7f48bbed8d70>,6,14,[13  4],7,-1,21,-1,7
1,<environment.Job instance at 0x7f48bbed8aa0>,8,27,[ 1 10],9,-1,36,-1,9
1,<environment.Job instance at 0x7f48bb0fc460>,10,20,[ 5 12],11,-1,31,-1,11
1,<environment.Job instance at 0x7f48bbed8460>,11,24,[9 4],12,-1,36,-1,12
1,<environment.Job instance at 0x7f48bbed8a50>,12,26,[5 5],13,-1,39,-1,13
1,<environment.Job instance at 0x7f48bbed82d0>,13,15,[ 1 10],14,-1,30,-1,15
1,<environment.Job instance at 0x7f48bbed84b0>,15,20,[4 6],16,-1,70,-1,50
1,<environment.Job instance at 0x7f48bbed80a0>,21,15,[14  4],22,-1,65,-1,50
1,<environment.Job instance at 0x7f48bbed8190>,22,24,[5 3],23,-1,74,-1,50
1,<environment.Job instance at 0x7f48bbed8320>,23,17,[14  4],24,-1,67,-1,50
1,<environment.Job instance at 0x7f48c48a4f00>,26,13,[ 4 14],27,-1,94,-1,81
1,<environment.Job instance at 0x7f48c48a4230>,28,21,[5 5],29,-1,118,-1,97
1,<environment.Job instance at 0x7f48c48a4190>,30,13,[4 7],31,-1,110,-1,97
1,<environment.Job instance at 0x7f48c48a47d0>,31,28,[12  2],32,-1,125,-1,97
1,<environment.Job instance at 0x7f48c48a4550>,32,24,[12  5],33,-1,121,-1,97
1,<environment.Job instance at 0x7f48c48a4e60>,33,15,[5 5],34,-1,113,-1,98
1,<environment.Job instance at 0x7f48c48a4be0>,34,12,[11  5],35,-1,110,-1,98
1,<environment.Job instance at 0x7f48c48a4640>,35,18,[ 3 10],36,-1,116,-1,98
1,<environment.Job instance at 0x7f48c48a4870>,38,17,[ 3 14],39,-1,138,-1,121
1,<environment.Job instance at 0x7f48bb00f780>,4,20,[13  5],5,-1,25,-1,5
1,<environment.Job instance at 0x7f48bb00f4b0>,5,23,[5 7],6,-1,30,-1,7
1,<environment.Job instance at 0x7f48bb00fe10>,7,15,[12  4],8,-1,23,-1,8
1,<environment.Job instance at 0x7f48bb00f320>,8,25,[9 3],9,-1,34,-1,9
1,<environment.Job instance at 0x7f48bb00fbe0>,11,12,[ 4 14],12,-1,24,-1,12
1,<environment.Job instance at 0x7f48bb00f9b0>,12,21,[ 4 14],13,-1,34,-1,13
1,<environment.Job instance at 0x7f48bb00fd20>,13,14,[ 1 13],14,-1,28,-1,14
1,<environment.Job instance at 0x7f48bb00f410>,14,16,[12  5],15,-1,31,-1,15
1,<environment.Job instance at 0x7f48bb00f5a0>,15,28,[4 5],16,-1,44,-1,16
1,<environment.Job instance at 0x7f48bb00faf0>,16,27,[11  5],17,-1,44,-1,17
1,<environment.Job instance at 0x7f48bb00faa0>,17,18,[11  3],18,-1,36,-1,18
1,<environment.Job instance at 0x7f48bb00ffa0>,19,17,[ 2 13],20,-1,37,-1,20
1,<environment.Job instance at 0x7f48bb00f640>,20,13,[11  4],21,-1,34,-1,21
1,<environment.Job instance at 0x7f48bb2fb730>,26,12,[ 3 10],27,-1,72,-1,60
1,<environment.Job instance at 0x7f48bb2fbcd0>,27,23,[10  1],28,-1,83,-1,60
1,<environment.Job instance at 0x7f48bb2fbbe0>,32,15,[ 5 14],33,-1,124,-1,109
1,<environment.Job instance at 0x7f48bb2fba50>,33,25,[13  4],34,-1,134,-1,109
1,<environment.Job instance at 0x7f48bb2fbd70>,34,20,[13  5],35,-1,129,-1,109
1,<environment.Job instance at 0x7f48bb2fb690>,35,25,[7 3],36,-1,134,-1,109
1,<environment.Job instance at 0x7f48bb2fbe60>,36,16,[ 5 11],37,-1,125,-1,109
1,<environment.Job instance at 0x7f48bb2fbf00>,38,21,[14  2],39,-1,144,-1,123
1,<environment.Job instance at 0x7f48bb2fb960>,39,13,[12  4],40,-1,136,-1,123
1,<environment.Job instance at 0x7f48bb2fb280>,40,26,[14  5],41,-1,149,-1,123
1,<environment.Job instance at 0x7f48bb4e9eb0>,42,19,[ 2 13],43,-1,142,-1,123
1,<environment.Job instance at 0x7f48bb4e91e0>,43,24,[5 3],44,-1,147,-1,123
1,<environment.Job instance at 0x7f48bb4e9c80>,45,13,[11  1],46,-1,150,-1,137
1,<environment.Job instance at 0x7f48bb8f6cd0>,6,26,[5 5],7,-1,33,-1,7
1,<environment.Job instance at 0x7f48bb8f6050>,7,28,[3 7],8,-1,36,-1,8
1,<environment.Job instance at 0x7f48bb881640>,10,12,[13  5],11,-1,26,-1,14
1,<environment.Job instance at 0x7f48bb8814b0>,13,26,[ 3 11],14,-1,52,-1,26
1,<environment.Job instance at 0x7f48bb881cd0>,14,18,[ 3 14],15,-1,44,-1,26
1,<environment.Job instance at 0x7f48bb881d20>,15,15,[12  2],16,-1,41,-1,26
1,<environment.Job instance at 0x7f48bb881370>,16,24,[ 5 14],17,-1,50,-1,26
1,<environment.Job instance at 0x7f48bb881f50>,17,24,[ 1 13],18,-1,50,-1,26
1,<environment.Job instance at 0x7f48bb881410>,18,14,[ 5 13],19,-1,40,-1,26
1,<environment.Job instance at 0x7f48bb881320>,19,19,[ 3 13],20,-1,45,-1,26
1,<environment.Job instance at 0x7f48bb881230>,20,17,[ 2 14],21,-1,43,-1,26
1,<environment.Job instance at 0x7f48bb881b90>,22,27,[12  1],23,-1,64,-1,37
1,<environment.Job instance at 0x7f48bb881a50>,24,21,[13  3],25,-1,58,-1,37
1,<environment.Job instance at 0x7f48bb881910>,26,27,[ 1 14],27,-1,67,-1,40
1,<environment.Job instance at 0x7f48bb881fa0>,27,23,[8 5],28,-1,63,-1,40
1,<environment.Job instance at 0x7f48baad7870>,29,25,[5 7],30,-1,78,-1,53
1,<environment.Job instance at 0x7f48baad74b0>,31,24,[5 6],32,-1,77,-1,53
1,<environment.Job instance at 0x7f48baad7780>,32,27,[12  5],33,-1,80,-1,53
1,<environment.Job instance at 0x7f48baad7640>,33,22,[14  4],34,-1,75,-1,53
1,<environment.Job instance at 0x7f48baad7140>,34,28,[ 2 11],35,-1,81,-1,53
1,<environment.Job instance at 0x7f48baad7dc0>,35,22,[11  3],36,-1,75,-1,53
1,<environment.Job instance at 0x7f48baad7410>,37,15,[14  3],38,-1,76,-1,61
1,<environment.Job instance at 0x7f48baad7a50>,39,23,[ 4 10],40,-1,94,-1,71
1,<environment.Job instance at 0x7f48baad7730>,41,14,[ 1 14],42,-1,87,-1,73
1,<environment.Job instance at 0x7f48baad79b0>,43,14,[11  4],44,-1,101,-1,87
1,<environment.Job instance at 0x7f48baad7280>,44,17,[ 1 14],45,-1,104,-1,87
1,<environment.Job instance at 0x7f48baad78c0>,45,18,[ 4 12],46,-1,105,-1,87
1,<environment.Job instance at 0x7f48baad7a00>,47,21,[13  1],48,-1,108,-1,87
1,<environment.Job instance at 0x7f48baad7910>,48,25,[5 4],49,-1,112,-1,87
1,<environment.Job instance at 0x7f48bad0d230>,50,18,[14  1],51,-1,118,-1,100
1,<environment.Job instance at 0x7f48bad0dc80>,52,16,[ 5 13],53,-1,118,-1,102
1,<environment.Job instance at 0x7f48bad0d730>,53,17,[ 2 12],54,-1,119,-1,102
1,<environment.Job instance at 0x7f48bad0d370>,54,25,[14  5],55,-1,127,-1,102
1,<environment.Job instance at 0x7f48bad0da00>,55,17,[14  5],56,-1,119,-1,102
1,<environment.Job instance at 0x7f48bad0d550>,56,13,[12  1],57,-1,115,-1,102
1,<environment.Job instance at 0x7f48bad0daf0>,59,15,[ 2 12],60,-1,133,-1,118
1,<environment.Job instance at 0x7f48bad0d5f0>,60,24,[3 7],61,-1,142,-1,118
1,<environment.Job instance at 0x7f48bad0d640>,62,13,[14  3],63,-1,140,-1,127
1,<environment.Job instance at 0x7f48bad0dbe0>,64,22,[ 5 11],65,-1,157,-1,135
1,<environment.Job instance at 0x7f48bad0d4b0>,66,23,[9 3],67,-1,162,-1,139
1,<environment.Job instance at 0x7f48bad0d1e0>,67,26,[11  4],68,-1,165,-1,139
1,<environment.Job instance at 0x7f48bad0d280>,68,19,[ 4 11],69,-1,158,-1,139
1,<environment.Job instance at 0x7f48bb009d70>,1,20,[ 3 11],2,-1,22,-1,2
1,<environment.Job instance at 0x7f48bbb7d8c0>,4,12,[ 4 14],5,-1,17,-1,5
1,<environment.Job instance at 0x7f48bad0d280>,7,13,[ 1 10],8,-1,47,-1,34
1,<environment.Job instance at 0x7f48bbb7daa0>,12,22,[8 2],13,-1,59,-1,37
1,<environment.Job instance at 0x7f48bbb7d190>,16,28,[5 3],17,-1,77,-1,49
1,<environment.Job instance at 0x7f48bbb7d4b0>,17,13,[ 4 11],18,-1,62,-1,49
1,<environment.Job instance at 0x7f48bbb7d870>,20,19,[13  3],21,-1,85,-1,66
1,<environment.Job instance at 0x7f48bbe655a0>,21,20,[ 2 13],22,-1,86,-1,66
1,<environment.Job instance at 0x7f48bbe655f0>,23,15,[ 3 13],24,-1,102,-1,87
1,<environment.Job instance at 0x7f48bbe65fa0>,24,17,[11  4],25,-1,104,-1,87
1,<environment.Job instance at 0x7f48bbe65e60>,27,26,[4 9],28,-1,133,-1,107
1,<environment.Job instance at 0x7f48bbe65690>,28,26,[13  5],29,-1,133,-1,107
1,<environment.Job instance at 0x7f48bbe65730>,30,12,[12  2],31,-1,121,-1,109
1,<environment.Job instance at 0x7f48bbe65460>,32,23,[14  2],33,-1,146,-1,123
1,<environment.Job instance at 0x7f48bbe65500>,33,25,[5 3],34,-1,148,-1,123
1,<environment.Job instance at 0x7f48bbe65780>,35,19,[ 4 14],36,-1,145,-1,126
1,<environment.Job instance at 0x7f48bbe65e10>,36,13,[ 4 13],37,-1,139,-1,126
1,<environment.Job instance at 0x7f48bbe65b90>,38,26,[10  5],39,-1,167,-1,141
1,<environment.Job instance at 0x7f48bb789a50>,39,14,[14  1],40,-1,155,-1,141
1,<environment.Job instance at 0x7f48bb789500>,40,17,[13  2],41,-1,158,-1,141
1,<environment.Job instance at 0x7f48bb789910>,41,23,[8 3],42,-1,164,-1,141
1,<environment.Job instance at 0x7f48bb6404b0>,1,28,[ 5 10],2,-1,30,-1,2
1,<environment.Job instance at 0x7f48bb7895f0>,5,28,[3 6],6,-1,34,-1,6
1,<environment.Job instance at 0x7f48bc216dc0>,6,23,[ 5 11],7,-1,30,-1,7
1,<environment.Job instance at 0x7f48bc216b40>,7,28,[2 8],8,-1,36,-1,8
1,<environment.Job instance at 0x7f48bc2165a0>,8,17,[ 2 12],9,-1,26,-1,9
1,<environment.Job instance at 0x7f48bc216230>,12,13,[8 1],13,-1,28,-1,15
1,<environment.Job instance at 0x7f48bb56a550>,13,22,[ 1 13],14,-1,37,-1,15
1,<environment.Job instance at 0x7f48bb56ac30>,17,20,[ 1 13],18,-1,74,-1,54
1,<environment.Job instance at 0x7f48bb56a5a0>,18,26,[1 8],19,-1,80,-1,54
1,<environment.Job instance at 0x7f48bb56aaf0>,19,27,[14  4],20,-1,81,-1,54
1,<environment.Job instance at 0x7f48bb56a4b0>,21,21,[ 1 11],22,-1,77,-1,56
1,<environment.Job instance at 0x7f48bb56a2d0>,22,20,[11  2],23,-1,76,-1,56
1,<environment.Job instance at 0x7f48bb56a690>,24,12,[5 1],25,-1,82,-1,70
1,<environment.Job instance at 0x7f48bb56a0f0>,25,26,[9 3],26,-1,96,-1,70
1,<environment.Job instance at 0x7f48bb56a820>,27,12,[ 2 13],28,-1,100,-1,88
1,<environment.Job instance at 0x7f48bb5ede10>,28,26,[13  3],29,-1,114,-1,88
1,<environment.Job instance at 0x7f48bb5ed5a0>,29,18,[ 5 14],30,-1,106,-1,88
1,<environment.Job instance at 0x7f48bb5edaf0>,30,17,[12  1],31,-1,105,-1,88
1,<environment.Job instance at 0x7f48bb5ed370>,31,22,[ 1 11],32,-1,110,-1,88
1,<environment.Job instance at 0x7f48bb5ed3c0>,32,14,[14  4],33,-1,102,-1,88
1,<environment.Job instance at 0x7f48bb98c3c0>,33,28,[6 1],34,-1,116,-1,88
1,<environment.Job instance at 0x7f48bb98c9b0>,35,22,[ 3 10],36,-1,110,-1,88
1,<environment.Job instance at 0x7f48bb98cdc0>,36,27,[7 3],37,-1,115,-1,88
1,<environment.Job instance at 0x7f48bb5c7460>,37,26,[11  4],38,-1,114,-1,88
1,<environment.Job instance at 0x7f48bb5c7eb0>,41,12,[14  5],42,-1,116,-1,104
1,<environment.Job instance at 0x7f48bb5c7640>,42,24,[11  3],43,-1,128,-1,104
1,<environment.Job instance at 0x7f48bb5c76e0>,43,20,[14  4],44,-1,124,-1,104
1,<environment.Job instance at 0x7f48bb5c73c0>,44,16,[ 1 11],45,-1,120,-1,104
1,<environment.Job instance at 0x7f48bb5c7cd0>,45,19,[ 5 11],46,-1,123,-1,104
1,<environment.Job instance at 0x7f48bb5c77d0>,46,22,[ 2 11],47,-1,126,-1,104
1,<environment.Job instance at 0x7f48bb27e1e0>,49,23,[12  4],50,-1,142,-1,119
1,<environment.Job instance at 0x7f48bb27e5a0>,51,25,[13  1],52,-1,150,-1,125
1,<environment.Job instance at 0x7f48bb27e7d0>,52,22,[11  2],53,-1,147,-1,125
1,<environment.Job instance at 0x7f48bb27e0f0>,54,28,[ 3 11],55,-1,156,-1,128
1,<environment.Job instance at 0x7f48bbb5ed70>,55,12,[ 5 12],56,-1,140,-1,128
1,<environment.Job instance at 0x7f48bbb5e050>,56,17,[ 3 11],57,-1,145,-1,128
1,<environment.Job instance at 0x7f48bbb5e780>,57,16,[ 1 14],58,-1,144,-1,128
1,<environment.Job instance at 0x7f48bbb5e640>,58,24,[7 4],59,-1,152,-1,128
1,<environment.Job instance at 0x7f48bbb5e0a0>,59,27,[10  1],60,-1,155,-1,128
1,<environment.Job instance at 0x7f48bbb5e140>,61,18,[ 4 12],62,-1,161,-1,143
1,<environment.Job instance at 0x7f48bbb5e280>,63,13,[ 2 13],64,-1,157,-1,144
1,<environment.Job instance at 0x7f48bbb5eaa0>,65,21,[ 2 12],66,-1,165,-1,144
1,<environment.Job instance at 0x7f48bbb5e410>,66,24,[3 8],67,-1,168,-1,144
1,<environment.Job instance at 0x7f48bbb5eb40>,67,16,[ 4 13],68,-1,160,-1,144
1,<environment.Job instance at 0x7f48bbb5ec30>,68,25,[5 8],69,-1,169,-1,144
1,<environment.Job instance at 0x7f48bbb5e820>,69,26,[1 9],70,-1,170,-1,144
1,<environment.Job instance at 0x7f48bbb5e6e0>,70,27,[13  5],71,-1,171,-1,144
1,<environment.Job instance at 0x7f48bbb5e460>,72,28,[ 4 13],73,-1,175,-1,147
1,<environment.Job instance at 0x7f48bbb5e550>,73,19,[14  3],74,-1,166,-1,147
1,<environment.Job instance at 0x7f48baa98820>,2,25,[5 8],3,-1,28,-1,3
1,<environment.Job instance at 0x7f48bb7e1dc0>,5,23,[ 1 13],6,-1,29,-1,6
1,<environment.Job instance at 0x7f48bb7e19b0>,7,14,[13  3],8,-1,22,-1,8
1,<environment.Job instance at 0x7f48bab6db90>,13,18,[13  5],14,-1,49,-1,31
1,<environment.Job instance at 0x7f48bbcf0b90>,14,23,[5 5],15,-1,58,-1,35
1,<environment.Job instance at 0x7f48bab6d0f0>,15,18,[13  2],16,-1,53,-1,35
1,<environment.Job instance at 0x7f48bab6d2d0>,16,27,[5 6],17,-1,62,-1,35
1,<environment.Job instance at 0x7f48bab6d230>,17,24,[9 5],18,-1,59,-1,35
1,<environment.Job instance at 0x7f48bab6d4b0>,18,20,[ 3 14],19,-1,55,-1,35
1,<environment.Job instance at 0x7f48bab6d730>,19,20,[13  3],20,-1,55,-1,35
1,<environment.Job instance at 0x7f48bab6d410>,20,27,[ 5 12],21,-1,62,-1,35
1,<environment.Job instance at 0x7f48bab6d1e0>,22,14,[ 1 13],23,-1,49,-1,35
1,<environment.Job instance at 0x7f48bbd710f0>,24,24,[12  4],25,-1,64,-1,40
1,<environment.Job instance at 0x7f48bbd71730>,25,13,[13  1],26,-1,53,-1,40
1,<environment.Job instance at 0x7f48bbd71cd0>,26,26,[2 7],27,-1,66,-1,40
1,<environment.Job instance at 0x7f48bc170870>,27,25,[11  1],28,-1,65,-1,40
1,<environment.Job instance at 0x7f48bc1700a0>,28,24,[ 3 14],29,-1,64,-1,40
1,<environment.Job instance at 0x7f48bab660f0>,29,26,[12  5],30,-1,66,-1,40
1,<environment.Job instance at 0x7f48bab66af0>,31,24,[11  1],32,-1,65,-1,41
1,<environment.Job instance at 0x7f48bab66820>,32,25,[14  3],33,-1,66,-1,41
1,<environment.Job instance at 0x7f48bab66aa0>,33,19,[11  3],34,-1,68,-1,49
1,<environment.Job instance at 0x7f48bab66910>,34,17,[12  2],35,-1,66,-1,49
1,<environment.Job instance at 0x7f48bbf990f0>,35,23,[ 5 14],36,-1,72,-1,49
1,<environment.Job instance at 0x7f48bbf99640>,36,22,[ 4 11],37,-1,71,-1,49
1,<environment.Job instance at 0x7f48bb24e3c0>,38,22,[ 2 10],39,-1,112,-1,90
1,<environment.Job instance at 0x7f48bab35500>,41,15,[ 2 13],42,-1,110,-1,95
1,<environment.Job instance at 0x7f48bab35c80>,43,18,[ 3 13],44,-1,117,-1,99
1,<environment.Job instance at 0x7f48bab35730>,46,23,[8 3],47,-1,138,-1,115
1,<environment.Job instance at 0x7f48bab357d0>,49,15,[13  3],50,-1,133,-1,118
1,<environment.Job instance at 0x7f48bab35230>,50,17,[12  5],51,-1,135,-1,118
1,<environment.Job instance at 0x7f48bab35870>,51,28,[5 3],52,-1,146,-1,118
1,<environment.Job instance at 0x7f48bab35690>,52,27,[12  4],53,-1,145,-1,118
1,<environment.Job instance at 0x7f48bab35dc0>,53,24,[2 5],54,-1,142,-1,118
1,<environment.Job instance at 0x7f48bab35e10>,54,20,[ 3 13],55,-1,138,-1,118
1,<environment.Job instance at 0x7f48bab35c30>,55,15,[12  1],56,-1,133,-1,118
1,<environment.Job instance at 0x7f48bab35190>,56,25,[7 2],57,-1,143,-1,118
1,<environment.Job instance at 0x7f48bab359b0>,58,16,[14  3],59,-1,147,-1,131
1,<environment.Job instance at 0x7f48bab35320>,59,16,[ 5 12],60,-1,147,-1,131
1,<environment.Job instance at 0x7f48bb7eef00>,61,27,[12  3],62,-1,165,-1,138
1,<environment.Job instance at 0x7f48bab406e0>,63,21,[ 1 11],64,-1,159,-1,138
1,<environment.Job instance at 0x7f48bab40a00>,64,26,[11  5],65,-1,164,-1,138
1,<environment.Job instance at 0x7f48bab40eb0>,66,28,[ 5 10],67,-1,175,-1,147
1,<environment.Job instance at 0x7f48bab40fa0>,67,28,[14  5],68,-1,175,-1,147
1,<environment.Job instance at 0x7f48bab40500>,68,13,[13  5],69,-1,160,-1,147
1,<environment.Job instance at 0x7f48bab40f00>,69,22,[ 2 14],70,-1,169,-1,147
1,<environment.Job instance at 0x7f48bab40e10>,70,27,[4 5],71,-1,174,-1,147
1,<environment.Job instance at 0x7f48bab40b40>,71,23,[12  5],72,-1,170,-1,147
1,<environment.Job instance at 0x7f48bab40730>,72,16,[ 2 14],73,-1,163,-1,147
1,<environment.Job instance at 0x7f48bb543190>,4,15,[13  2],5,-1,20,-1,5
1,<environment.Job instance at 0x7f48bb543c80>,5,16,[12  3],6,-1,22,-1,6
1,<environment.Job instance at 0x7f48bb543e60>,8,28,[5 6],9,-1,37,-1,9
1,<environment.Job instance at 0x7f48bb5439b0>,9,22,[ 1 13],10,-1,32,-1,10
1,<environment.Job instance at 0x7f48bb5430a0>,10,12,[11  4],11,-1,23,-1,11
1,<environment.Job instance at 0x7f48bb5436e0>,14,26,[ 4 13],15,-1,46,-1,20
1,<environment.Job instance at 0x7f48bb543320>,16,26,[7 4],17,-1,46,-1,20
1,<environment.Job instance at 0x7f48bb543f50>,17,24,[3 7],18,-1,44,-1,20
1,<environment.Job instance at 0x7f48bb543370>,18,17,[ 2 14],19,-1,37,-1,20
1,<environment.Job instance at 0x7f48bc285640>,20,14,[ 3 13],21,-1,53,-1,39
1,<environment.Job instance at 0x7f48bc01d230>,4,12,[12  2],5,-1,17,-1,5
1,<environment.Job instance at 0x7f48baef8cd0>,5,24,[5 8],6,-1,31,-1,7
1,<environment.Job instance at 0x7f48baef8370>,7,13,[ 2 12],8,-1,21,-1,8
1,<environment.Job instance at 0x7f48baef87d0>,8,25,[9 4],9,-1,34,-1,9
1,<environment.Job instance at 0x7f48baef8500>,9,26,[ 2 13],10,-1,36,-1,10
1,<environment.Job instance at 0x7f48baeff230>,14,18,[ 5 12],15,-1,40,-1,22
1,<environment.Job instance at 0x7f48baeff320>,16,15,[ 3 12],17,-1,42,-1,27
1,<environment.Job instance at 0x7f48baeff5a0>,20,23,[6 3],21,-1,84,-1,61
1,<environment.Job instance at 0x7f48baeff820>,22,23,[ 2 11],23,-1,85,-1,62
1,<environment.Job instance at 0x7f48baeff960>,23,13,[14  4],24,-1,75,-1,62
1,<environment.Job instance at 0x7f48baeff870>,24,14,[13  2],25,-1,76,-1,62
1,<environment.Job instance at 0x7f48baeffa00>,25,22,[ 5 12],26,-1,84,-1,62
1,<environment.Job instance at 0x7f48baeffaa0>,26,23,[ 2 12],27,-1,85,-1,62
1,<environment.Job instance at 0x7f48baeffcd0>,27,26,[6 3],28,-1,88,-1,62
1,<environment.Job instance at 0x7f48baeffb90>,28,25,[ 2 14],29,-1,87,-1,62
1,<environment.Job instance at 0x7f48baeffe10>,30,18,[13  5],31,-1,92,-1,74
1,<environment.Job instance at 0x7f48baeffe60>,33,13,[12  5],34,-1,104,-1,91
1,<environment.Job instance at 0x7f48baefff00>,34,22,[14  3],35,-1,113,-1,91
1,<environment.Job instance at 0x7f48baefffa0>,35,14,[ 2 11],36,-1,105,-1,91
1,<environment.Job instance at 0x7f48baf17230>,36,13,[ 5 11],37,-1,104,-1,91
1,<environment.Job instance at 0x7f48baf17370>,38,27,[4 5],39,-1,118,-1,91
1,<environment.Job instance at 0x7f48baf174b0>,40,13,[ 3 13],41,-1,107,-1,94
1,<environment.Job instance at 0x7f48baf17730>,44,25,[11  3],45,-1,152,-1,127
1,<environment.Job instance at 0x7f48baf175f0>,45,16,[11  1],46,-1,143,-1,127
1,<environment.Job instance at 0x7f48baf178c0>,47,13,[ 5 12],48,-1,157,-1,144
1,<environment.Job instance at 0x7f48baf179b0>,49,21,[ 4 13],50,-1,165,-1,144
1,<environment.Job instance at 0x7f7488dd55a0>,4,24,[7 2],5,-1,29,-1,5
1,<environment.Job instance at 0x7f7488dd54b0>,3,13,[12  4],4,-1,18,-1,5
1,<environment.Job instance at 0x7f7488dd5690>,5,24,[ 2 14],6,-1,30,-1,6
1,<environment.Job instance at 0x7f7488dd5780>,6,15,[ 2 14],7,-1,22,-1,7
1,<environment.Job instance at 0x7f7488dd5820>,7,26,[9 3],8,-1,34,-1,8
1,<environment.Job instance at 0x7f7488dd58c0>,8,20,[ 4 13],9,-1,29,-1,9
1,<environment.Job instance at 0x7f7488dd5960>,9,16,[12  1],10,-1,26,-1,10
1,<environment.Job instance at 0x7f7488dd5be0>,12,28,[ 1 14],13,-1,41,-1,13
1,<environment.Job instance at 0x7f7488dd5b90>,14,15,[14  4],15,-1,30,-1,15
1,<environment.Job instance at 0x7f7488dd5e10>,15,20,[ 3 12],16,-1,36,-1,16
1,<environment.Job instance at 0x7f7488dd5eb0>,16,28,[5 1],17,-1,46,-1,18
1,<environment.Job instance at 0x7f7488dd5fa0>,18,18,[13  1],19,-1,37,-1,19
1,<environment.Job instance at 0x7f7488dd80a0>,19,23,[8 4],20,-1,44,-1,21
1,<environment.Job instance at 0x7f7488dd81e0>,21,14,[ 4 11],22,-1,36,-1,22
1,<environment.Job instance at 0x7f7488dd8320>,23,16,[12  2],24,-1,40,-1,24
1,<environment.Job instance at 0x7f7488dd8370>,25,24,[5 7],26,-1,53,-1,29
1,<environment.Job instance at 0x7f7488dd85a0>,27,17,[ 4 12],28,-1,46,-1,29
1,<environment.Job instance at 0x7f7488dd8640>,28,17,[ 1 13],29,-1,46,-1,29
1,<environment.Job instance at 0x7f7488dd8780>,29,24,[ 4 13],30,-1,54,-1,30
1,<environment.Job instance at 0x7f7488dd88c0>,30,26,[11  4],31,-1,57,-1,31
1,<environment.Job instance at 0x7f7488dd8910>,31,28,[ 2 10],32,-1,60,-1,32
1,<environment.Job instance at 0x7f7488dd8aa0>,33,28,[6 4],34,-1,74,-1,46
1,<environment.Job instance at 0x7f7488dd8b40>,34,24,[5 5],35,-1,70,-1,46
1,<environment.Job instance at 0x7f7488dd8d20>,37,14,[ 5 14],38,-1,80,-1,66
1,<environment.Job instance at 0x7f7488dd8dc0>,38,24,[13  2],39,-1,90,-1,66
1,<environment.Job instance at 0x7f7488dd8f00>,40,26,[ 1 14],41,-1,110,-1,84
1,<environment.Job instance at 0x7f7488dd8a50>,42,12,[ 5 12],43,-1,108,-1,96
1,<environment.Job instance at 0x7f7488ddb1e0>,44,12,[11  3],45,-1,108,-1,96
1,<environment.Job instance at 0x7f7488ddb280>,45,12,[ 3 14],46,-1,108,-1,96
1,<environment.Job instance at 0x7f7488ddb460>,47,14,[12  2],48,-1,111,-1,97
1,<environment.Job instance at 0x7f7488ddb050>,48,14,[ 1 11],49,-1,111,-1,97
1,<environment.Job instance at 0x7f7488ddb640>,50,13,[ 4 12],51,-1,110,-1,97
1,<environment.Job instance at 0x7f7488ddb780>,52,21,[14  2],53,-1,131,-1,110
1,<environment.Job instance at 0x7f7488ddb4b0>,55,12,[ 2 12],56,-1,135,-1,123
1,<environment.Job instance at 0x7f7488ddba00>,57,16,[ 2 11],58,-1,151,-1,135
1,<environment.Job instance at 0x7f7488ddbaa0>,58,17,[ 3 13],59,-1,152,-1,135
1,<environment.Job instance at 0x7f7488ddbbe0>,60,28,[2 6],61,-1,170,-1,142
1,<environment.Job instance at 0x7f7488ddbc80>,61,23,[13  5],62,-1,165,-1,142
1,<environment.Job instance at 0x7f7488ddbd20>,62,14,[ 4 11],63,-1,156,-1,142
1,<environment.Job instance at 0x7f7488ddbe60>,64,24,[2 8],65,-1,166,-1,142
1,<environment.Job instance at 0x7f7488ddbf50>,65,26,[5 5],66,-1,168,-1,142
1,<environment.Job instance at 0x7f7488ddc190>,66,17,[ 4 12],67,-1,159,-1,142
1,<environment.Job instance at 0x7f7488ddc2d0>,68,12,[7 1],69,-1,164,-1,152
1,<environment.Job instance at 0x7f7488ddc370>,69,26,[1 7],70,-1,178,-1,152
1,<environment.Job instance at 0x7f7488d729b0>,1,23,[ 3 14],2,-1,25,-1,2
1,<environment.Job instance at 0x7f748924f0f0>,5,16,[11  3],6,-1,22,-1,6
1,<environment.Job instance at 0x7f748924fbe0>,6,24,[13  4],7,-1,31,-1,7
1,<environment.Job instance at 0x7f748924f500>,7,18,[14  2],8,-1,26,-1,8
1,<environment.Job instance at 0x7f74892d5b90>,9,17,[14  3],10,-1,27,-1,10
1,<environment.Job instance at 0x7f748924fe60>,4,22,[3 8],5,-1,32,-1,10
1,<environment.Job instance at 0x7f748924f730>,10,24,[ 4 11],11,-1,35,-1,11
1,<environment.Job instance at 0x7f74884fc4b0>,22,24,[4 9],23,-1,128,-1,104
1,<environment.Job instance at 0x7f74884fd820>,23,25,[13  2],24,-1,129,-1,104
1,<environment.Job instance at 0x7f74884750f0>,24,23,[6 4],25,-1,127,-1,104
1,<environment.Job instance at 0x7f7488881280>,25,22,[12  2],26,-1,126,-1,104
1,<environment.Job instance at 0x7f74888812d0>,28,13,[ 3 11],29,-1,123,-1,110
1,<environment.Job instance at 0x7f74885232d0>,29,14,[14  1],30,-1,124,-1,110
1,<environment.Job instance at 0x7f74887ea410>,30,14,[12  1],31,-1,124,-1,110
1,<environment.Job instance at 0x7f74884400a0>,31,17,[12  4],32,-1,127,-1,110
1,<environment.Job instance at 0x7f748895dd70>,34,16,[ 4 14],35,-1,155,-1,139
1,<environment.Job instance at 0x7f74885209b0>,2,28,[11  2],3,-1,31,-1,3
1,<environment.Job instance at 0x7f7488484a00>,3,24,[7 5],4,-1,28,-1,4
1,<environment.Job instance at 0x7f74885208c0>,6,27,[ 4 13],7,-1,34,-1,7
1,<environment.Job instance at 0x7f74884845f0>,7,28,[ 1 14],8,-1,36,-1,8
1,<environment.Job instance at 0x7f7488484820>,8,12,[13  4],9,-1,21,-1,9
1,<environment.Job instance at 0x7f74884841e0>,9,12,[ 5 12],10,-1,22,-1,10
1,<environment.Job instance at 0x7f7488484460>,10,28,[7 4],11,-1,39,-1,11
1,<environment.Job instance at 0x7f7488484be0>,11,27,[4 6],12,-1,39,-1,12
1,<environment.Job instance at 0x7f74884848c0>,15,27,[12  5],16,-1,43,-1,16
1,<environment.Job instance at 0x7f7488484280>,18,25,[14  5],19,-1,52,-1,27
1,<environment.Job instance at 0x7f74884840f0>,19,26,[14  1],20,-1,53,-1,27
1,<environment.Job instance at 0x7f74884846e0>,20,17,[12  2],21,-1,44,-1,27
1,<environment.Job instance at 0x7f7488484dc0>,21,26,[6 2],22,-1,53,-1,27
1,<environment.Job instance at 0x7f74884840a0>,22,23,[5 8],23,-1,50,-1,27
1,<environment.Job instance at 0x7f7488484190>,25,21,[ 4 14],26,-1,65,-1,44
1,<environment.Job instance at 0x7f7488484870>,26,28,[5 6],27,-1,72,-1,44
1,<environment.Job instance at 0x7f7488438c30>,27,20,[ 2 11],28,-1,64,-1,44
1,<environment.Job instance at 0x7f7488484370>,28,13,[12  1],29,-1,57,-1,44
1,<environment.Job instance at 0x7f7488438e10>,29,12,[14  3],30,-1,56,-1,44
1,<environment.Job instance at 0x7f7488438eb0>,30,23,[ 4 11],31,-1,67,-1,44
1,<environment.Job instance at 0x7f7488438960>,31,14,[ 2 14],32,-1,58,-1,44
1,<environment.Job instance at 0x7f74884385a0>,32,27,[1 8],33,-1,71,-1,44
1,<environment.Job instance at 0x7f74884389b0>,33,26,[7 4],34,-1,70,-1,44
1,<environment.Job instance at 0x7f74884387d0>,34,20,[14  3],35,-1,64,-1,44
1,<environment.Job instance at 0x7f7488438c80>,35,25,[5 2],36,-1,69,-1,44
1,<environment.Job instance at 0x7f74884eb2d0>,36,24,[6 3],37,-1,68,-1,44
1,<environment.Job instance at 0x7f74884ebdc0>,37,25,[ 2 14],38,-1,69,-1,44
1,<environment.Job instance at 0x7f74884ebaf0>,40,28,[8 2],41,-1,84,-1,56
1,<environment.Job instance at 0x7f74884ebc80>,41,26,[14  3],42,-1,82,-1,56
1,<environment.Job instance at 0x7f74884eb0a0>,42,27,[12  1],43,-1,83,-1,56
1,<environment.Job instance at 0x7f74884eb1e0>,43,27,[ 3 11],44,-1,83,-1,56
1,<environment.Job instance at 0x7f74899c4f50>,44,15,[ 3 13],45,-1,71,-1,56
1,<environment.Job instance at 0x7f7488c29640>,45,21,[ 5 12],46,-1,77,-1,56
1,<environment.Job instance at 0x7f748930fa50>,46,21,[ 5 10],47,-1,77,-1,56
1,<environment.Job instance at 0x7f74894ff550>,47,23,[9 5],48,-1,79,-1,56
1,<environment.Job instance at 0x7f7488c236e0>,50,12,[ 1 10],51,-1,84,-1,72
1,<environment.Job instance at 0x7f74892cf410>,51,25,[12  5],52,-1,97,-1,72
1,<environment.Job instance at 0x7f7488c23a50>,52,24,[6 4],53,-1,96,-1,72
1,<environment.Job instance at 0x7f7488c23550>,53,19,[ 2 11],54,-1,91,-1,72
1,<environment.Job instance at 0x7f748994e500>,54,23,[13  3],55,-1,95,-1,72
1,<environment.Job instance at 0x7f748994e0a0>,57,25,[4 9],58,-1,105,-1,80
1,<environment.Job instance at 0x7f748994ef50>,58,26,[6 1],59,-1,106,-1,80
1,<environment.Job instance at 0x7f748994e640>,59,28,[5 9],60,-1,108,-1,80
1,<environment.Job instance at 0x7f74892f6870>,60,24,[4 8],61,-1,104,-1,80
1,<environment.Job instance at 0x7f74892f65a0>,62,23,[10  5],63,-1,112,-1,89
1,<environment.Job instance at 0x7f74892f64b0>,63,24,[12  1],64,-1,113,-1,89
1,<environment.Job instance at 0x7f74892f6a50>,64,17,[12  4],65,-1,106,-1,89
1,<environment.Job instance at 0x7f74892f6b40>,66,27,[13  3],67,-1,124,-1,97
1,<environment.Job instance at 0x7f74892f6c30>,68,17,[ 1 11],69,-1,126,-1,109
1,<environment.Job instance at 0x7f74899cf050>,70,19,[12  4],71,-1,129,-1,110
1,<environment.Job instance at 0x7f74893155f0>,71,14,[ 5 12],72,-1,124,-1,110
1,<environment.Job instance at 0x7f74899cf4b0>,73,25,[8 3],74,-1,151,-1,126
1,<environment.Job instance at 0x7f74899cfb40>,74,16,[ 2 11],75,-1,142,-1,126
1,<environment.Job instance at 0x7f7488b855a0>,75,28,[ 3 11],76,-1,154,-1,126
1,<environment.Job instance at 0x7f7488b852d0>,76,15,[13  4],77,-1,141,-1,126
1,<environment.Job instance at 0x7f74887750f0>,77,24,[2 7],78,-1,150,-1,126
1,<environment.Job instance at 0x7f7488778eb0>,78,16,[14  5],79,-1,142,-1,126
1,<environment.Job instance at 0x7f748848e0a0>,80,27,[14  3],81,-1,153,-1,126
1,<environment.Job instance at 0x7f7489386780>,81,18,[ 1 14],82,-1,144,-1,126
1,<environment.Job instance at 0x7f7488a3ba50>,83,15,[11  2],84,-1,155,-1,140
1,<environment.Job instance at 0x7f748863f4b0>,84,13,[ 1 12],85,-1,153,-1,140
1,<environment.Job instance at 0x7f7488528e60>,86,28,[5 7],87,-1,168,-1,140
1,<environment.Job instance at 0x7f7488528b90>,87,16,[ 4 11],88,-1,156,-1,140
1,<environment.Job instance at 0x7f7488c256e0>,88,17,[13  3],89,-1,157,-1,140
1,<environment.Job instance at 0x7f7488523190>,89,22,[ 3 11],90,-1,162,-1,140
1,<environment.Job instance at 0x7f7488b9e960>,90,20,[4 9],91,-1,160,-1,140
1,<environment.Job instance at 0x7f7488c25d20>,91,13,[ 5 12],92,-1,153,-1,140
1,<environment.Job instance at 0x7f7488942e10>,92,23,[ 5 11],93,-1,163,-1,140
1,<environment.Job instance at 0x7f74889427d0>,93,27,[12  4],94,-1,167,-1,140
1,<environment.Job instance at 0x7f7488528050>,94,13,[12  4],95,-1,153,-1,140
1,<environment.Job instance at 0x7f74884dea50>,95,23,[9 4],96,-1,163,-1,140
1,<environment.Job instance at 0x7f74884de190>,96,13,[ 3 14],97,-1,153,-1,140
1,<environment.Job instance at 0x7f74884de280>,97,24,[ 4 14],98,-1,164,-1,140
1,<environment.Job instance at 0x7f7488464af0>,99,24,[13  3],100,-1,181,-1,157
1,<environment.Job instance at 0x7f7488464550>,100,27,[9 5],101,-1,184,-1,157
1,<environment.Job instance at 0x7f7488464320>,101,22,[13  5],102,-1,179,-1,157
1,<environment.Job instance at 0x7f7488464050>,102,14,[ 3 13],103,-1,171,-1,157
1,<environment.Job instance at 0x7f74884640a0>,103,26,[14  2],104,-1,183,-1,157
1,<environment.Job instance at 0x7f7488464280>,104,13,[13  4],105,-1,170,-1,157
1,<environment.Job instance at 0x7f7488464f00>,105,21,[ 4 10],106,-1,178,-1,157
1,<environment.Job instance at 0x7f7488464d70>,106,23,[2 8],107,-1,180,-1,157
1,<environment.Job instance at 0x7f74884645a0>,107,25,[11  1],108,-1,182,-1,157
1,<environment.Job instance at 0x7f7488b9d3c0>,108,19,[13  3],109,-1,176,-1,157
1,<environment.Job instance at 0x7f7488527050>,110,25,[13  4],111,-1,182,-1,157
1,<environment.Job instance at 0x7f7488823730>,1,20,[ 3 14],2,-1,22,-1,2
1,<environment.Job instance at 0x7f7488527960>,2,24,[14  5],3,-1,27,-1,3
1,<environment.Job instance at 0x7f74885eebe0>,3,24,[14  5],4,-1,28,-1,4
1,<environment.Job instance at 0x7f74885ee5a0>,4,12,[ 4 11],5,-1,17,-1,5
1,<environment.Job instance at 0x7f74885eeeb0>,5,22,[ 3 14],6,-1,28,-1,6
1,<environment.Job instance at 0x7f748916abe0>,6,14,[ 1 13],7,-1,21,-1,7
1,<environment.Job instance at 0x7f74889131e0>,7,16,[13  5],8,-1,24,-1,8
1,<environment.Job instance at 0x7f74889134b0>,8,25,[5 3],9,-1,34,-1,9
1,<environment.Job instance at 0x7f7488913550>,10,22,[ 3 14],11,-1,33,-1,11
1,<environment.Job instance at 0x7f74894afdc0>,13,27,[ 4 14],14,-1,41,-1,14
1,<environment.Job instance at 0x7f7488dc2370>,12,14,[13  1],13,-1,28,-1,14
1,<environment.Job instance at 0x7f7488dd8960>,17,28,[13  5],18,-1,46,-1,18
1,<environment.Job instance at 0x7f74888fdd20>,19,21,[ 3 14],20,-1,41,-1,20
1,<environment.Job instance at 0x7f74888fd5a0>,23,25,[5 5],24,-1,56,-1,31
1,<environment.Job instance at 0x7f7488aa04b0>,24,26,[12  3],25,-1,57,-1,31
1,<environment.Job instance at 0x7f74884c89b0>,25,20,[14  4],26,-1,51,-1,31
1,<environment.Job instance at 0x7f74884c8e60>,26,15,[13  2],27,-1,46,-1,31
1,<environment.Job instance at 0x7f74887d4f00>,27,24,[ 5 13],28,-1,55,-1,31
1,<environment.Job instance at 0x7f74887d48c0>,28,25,[13  5],29,-1,56,-1,31
1,<environment.Job instance at 0x7f74888c7870>,29,19,[ 2 13],30,-1,50,-1,31
1,<environment.Job instance at 0x7f74888f7370>,30,25,[8 3],31,-1,56,-1,31
1,<environment.Job instance at 0x7f74888f7f00>,31,19,[14  2],32,-1,51,-1,32
1,<environment.Job instance at 0x7f74887ef730>,32,18,[14  4],33,-1,51,-1,33
1,<environment.Job instance at 0x7f7489203b40>,33,14,[14  2],34,-1,48,-1,34
1,<environment.Job instance at 0x7f7489203280>,35,22,[4 7],36,-1,74,-1,52
1,<environment.Job instance at 0x7f7489203d20>,38,27,[1 9],39,-1,79,-1,52
1,<environment.Job instance at 0x7f74892d5820>,39,27,[14  4],40,-1,79,-1,52
1,<environment.Job instance at 0x7f7488de4500>,41,26,[ 5 14],42,-1,83,-1,57
1,<environment.Job instance at 0x7f74888e1050>,42,26,[ 2 13],43,-1,83,-1,57
1,<environment.Job instance at 0x7f74888e1e60>,45,26,[7 1],46,-1,100,-1,74
1,<environment.Job instance at 0x7f74888e1230>,46,21,[8 4],47,-1,147,-1,126
1,<environment.Job instance at 0x7f74887db8c0>,52,13,[14  2],53,-1,139,-1,126
1,<environment.Job instance at 0x7f74887db960>,53,13,[1 6],54,-1,139,-1,126
1,<environment.Job instance at 0x7f74887db280>,54,24,[10  1],55,-1,150,-1,126
1,<environment.Job instance at 0x7f74887db460>,55,15,[1 6],56,-1,141,-1,126
1,<environment.Job instance at 0x7f74887db230>,56,13,[5 2],57,-1,139,-1,126
1,<environment.Job instance at 0x7f74887dbaa0>,57,16,[ 2 10],58,-1,142,-1,126
1,<environment.Job instance at 0x7f74887db320>,58,26,[14  2],59,-1,152,-1,126
1,<environment.Job instance at 0x7f74887db730>,59,25,[13  4],60,-1,151,-1,126
1,<environment.Job instance at 0x7f7488815500>,60,27,[6 1],61,-1,153,-1,126
1,<environment.Job instance at 0x7f748890c640>,61,26,[ 3 14],62,-1,152,-1,126
1,<environment.Job instance at 0x7f748890c140>,62,18,[2 5],63,-1,147,-1,129
1,<environment.Job instance at 0x7f7488815fa0>,63,16,[12  2],64,-1,145,-1,129
1,<environment.Job instance at 0x7f74887e0f00>,64,17,[ 4 11],65,-1,146,-1,129
1,<environment.Job instance at 0x7f748848e0f0>,66,19,[ 4 12],67,-1,150,-1,131
1,<environment.Job instance at 0x7f748848e910>,67,16,[ 1 13],68,-1,147,-1,131
1,<environment.Job instance at 0x7f748848e9b0>,68,18,[14  2],69,-1,149,-1,131
1,<environment.Job instance at 0x7f74888cc190>,69,21,[1 7],70,-1,152,-1,131
1,<environment.Job instance at 0x7f74888cc4b0>,70,15,[2 7],71,-1,146,-1,131
1,<environment.Job instance at 0x7f74888cc6e0>,71,16,[6 1],72,-1,149,-1,133
1,<environment.Job instance at 0x7f7488a2e730>,72,17,[ 2 12],73,-1,150,-1,133
1,<environment.Job instance at 0x7f74888cc9b0>,73,14,[10  3],74,-1,147,-1,133
1,<environment.Job instance at 0x7f74887e15f0>,74,18,[4 7],75,-1,152,-1,134
1,<environment.Job instance at 0x7f74887e13c0>,75,22,[ 5 13],76,-1,156,-1,134
1,<environment.Job instance at 0x7f74893380f0>,76,12,[ 3 11],77,-1,146,-1,134
1,<environment.Job instance at 0x7f7489338c80>,77,27,[11  2],78,-1,161,-1,134
1,<environment.Job instance at 0x7f74888cb820>,78,21,[5 6],79,-1,155,-1,134
1,<environment.Job instance at 0x7f7488a61500>,79,14,[ 3 10],80,-1,148,-1,134
1,<environment.Job instance at 0x7f74885eda50>,80,13,[4 5],81,-1,147,-1,134
1,<environment.Job instance at 0x7f74888cbfa0>,81,22,[ 4 12],82,-1,156,-1,134
1,<environment.Job instance at 0x7f74887d7500>,82,16,[1 5],83,-1,150,-1,134
1,<environment.Job instance at 0x7f74887d71e0>,83,18,[4 9],84,-1,152,-1,134
1,<environment.Job instance at 0x7f74887d7910>,84,27,[12  1],85,-1,161,-1,134
1,<environment.Job instance at 0x7f7488701b40>,85,18,[14  5],86,-1,152,-1,134
1,<environment.Job instance at 0x7f749254caa0>,86,13,[ 5 11],87,-1,147,-1,134
1,<environment.Job instance at 0x7f749254ca50>,87,27,[12  2],88,-1,161,-1,134
1,<environment.Job instance at 0x7f749254c9b0>,88,13,[10  1],89,-1,147,-1,134
1,<environment.Job instance at 0x7f749254ca00>,89,27,[5 1],90,-1,161,-1,134
1,<environment.Job instance at 0x7f749254c550>,90,28,[ 5 10],91,-1,162,-1,134
1,<environment.Job instance at 0x7f749254cfa0>,91,27,[11  5],92,-1,161,-1,134
1,<environment.Job instance at 0x7f749254cd70>,92,23,[14  5],93,-1,157,-1,134
1,<environment.Job instance at 0x7f749254cf00>,93,16,[12  4],94,-1,150,-1,134
1,<environment.Job instance at 0x7f749254cc80>,94,18,[ 1 10],95,-1,152,-1,134
1,<environment.Job instance at 0x7f749254c140>,95,27,[12  4],96,-1,161,-1,134
1,<environment.Job instance at 0x7f7488a27690>,96,20,[ 5 12],97,-1,154,-1,134
1,<environment.Job instance at 0x7f7488a276e0>,97,28,[12  4],98,-1,162,-1,134
1,<environment.Job instance at 0x7f7488a27550>,98,16,[ 1 14],99,-1,150,-1,134
1,<environment.Job instance at 0x7f7488a275a0>,99,14,[1 7],100,-1,148,-1,134
1,<environment.Job instance at 0x7f7488a27960>,101,28,[13  3],102,-1,168,-1,140
1,<environment.Job instance at 0x7f7488a27500>,102,22,[ 3 11],103,-1,162,-1,140
1,<environment.Job instance at 0x7f7488a27730>,103,21,[ 2 13],104,-1,161,-1,140
1,<environment.Job instance at 0x7f7488a277d0>,104,22,[10  2],105,-1,162,-1,140
1,<environment.Job instance at 0x7f7488a27460>,105,26,[13  3],106,-1,166,-1,140
1,<environment.Job instance at 0x7f7488a27410>,106,24,[8 2],107,-1,164,-1,140
1,<environment.Job instance at 0x7f7488a27e10>,107,16,[2 8],108,-1,157,-1,141
1,<environment.Job instance at 0x7f7488a272d0>,108,12,[11  1],109,-1,153,-1,141
1,<environment.Job instance at 0x7f7488a27d70>,109,17,[11  3],110,-1,158,-1,141
1,<environment.Job instance at 0x7f7488a27dc0>,110,16,[12  1],111,-1,157,-1,141
1,<environment.Job instance at 0x7f7488a27e60>,111,15,[ 4 13],112,-1,156,-1,141
1,<environment.Job instance at 0x7f7488a27c80>,112,28,[13  1],113,-1,169,-1,141
1,<environment.Job instance at 0x7f7488a27be0>,113,24,[ 4 13],114,-1,165,-1,141
1,<environment.Job instance at 0x7f7488a27870>,114,18,[ 1 11],115,-1,159,-1,141
1,<environment.Job instance at 0x7f7488a27370>,115,18,[2 5],116,-1,159,-1,141
1,<environment.Job instance at 0x7f7488a27b90>,116,14,[12  5],117,-1,155,-1,141
1,<environment.Job instance at 0x7f7488a27d20>,117,21,[13  2],118,-1,162,-1,141
1,<environment.Job instance at 0x7f74888ce3c0>,118,14,[3 9],119,-1,155,-1,141
1,<environment.Job instance at 0x7f74888ce050>,119,28,[13  2],120,-1,169,-1,141
1,<environment.Job instance at 0x7f74888ce550>,120,14,[5 1],121,-1,156,-1,142
1,<environment.Job instance at 0x7f74888ce320>,121,24,[2 6],122,-1,166,-1,142
1,<environment.Job instance at 0x7f74888ce2d0>,122,13,[ 5 12],123,-1,155,-1,142
1,<environment.Job instance at 0x7f74888ce0f0>,123,20,[ 2 11],124,-1,162,-1,142
1,<environment.Job instance at 0x7f74888db3c0>,125,14,[11  2],126,-1,156,-1,142
1,<environment.Job instance at 0x7f74888db410>,126,21,[ 1 10],127,-1,163,-1,142
1,<environment.Job instance at 0x7f74888db230>,127,25,[3 7],128,-1,167,-1,142
1,<environment.Job instance at 0x7f74888db190>,129,22,[ 4 10],130,-1,173,-1,151
1,<environment.Job instance at 0x7f74888dbb40>,130,25,[ 5 14],131,-1,176,-1,151
1,<environment.Job instance at 0x7f74888db460>,131,17,[ 1 13],132,-1,168,-1,151
1,<environment.Job instance at 0x7f74888db4b0>,132,16,[ 1 13],133,-1,167,-1,151
1,<environment.Job instance at 0x7f74888dbc80>,133,28,[2 7],134,-1,179,-1,151
1,<environment.Job instance at 0x7f74888dbaf0>,134,19,[3 6],135,-1,170,-1,151
1,<environment.Job instance at 0x7f74888380a0>,135,25,[3 9],136,-1,176,-1,151
1,<environment.Job instance at 0x7f7488838b90>,136,15,[6 1],137,-1,166,-1,151
1,<environment.Job instance at 0x7f7488838af0>,137,13,[ 1 13],138,-1,164,-1,151
1,<environment.Job instance at 0x7f7488838550>,138,28,[3 6],139,-1,179,-1,151
1,<environment.Job instance at 0x7f7488838460>,139,12,[ 4 11],140,-1,163,-1,151
1,<environment.Job instance at 0x7f7488838e60>,140,12,[2 8],141,-1,163,-1,151
1,<environment.Job instance at 0x7f7488838280>,141,13,[6 4],142,-1,164,-1,151
1,<environment.Job instance at 0x7f7488838910>,142,22,[ 5 12],143,-1,173,-1,151
1,<environment.Job instance at 0x7f7488838c80>,143,17,[13  5],144,-1,168,-1,151
1,<environment.Job instance at 0x7f7488838c30>,144,13,[5 7],145,-1,164,-1,151
1,<environment.Job instance at 0x7f7488838050>,145,13,[12  4],146,-1,164,-1,151
1,<environment.Job instance at 0x7f7488838870>,146,14,[4 9],147,-1,165,-1,151
1,<environment.Job instance at 0x7f74891e58c0>,4,27,[2 8],5,-1,32,-1,5
1,<environment.Job instance at 0x7f74891fde60>,7,14,[11  4],8,-1,23,-1,9
1,<environment.Job instance at 0x7f74891fdaf0>,10,18,[ 4 11],11,-1,29,-1,11
1,<environment.Job instance at 0x7f7488bc4550>,11,18,[ 3 12],12,-1,30,-1,12
1,<environment.Job instance at 0x7f7488bc40a0>,14,19,[ 2 13],15,-1,34,-1,15
1,<environment.Job instance at 0x7f7488bc45f0>,16,14,[13  4],17,-1,42,-1,28
1,<environment.Job instance at 0x7f7488bc4dc0>,17,15,[13  3],18,-1,43,-1,28
1,<environment.Job instance at 0x7f7488bc4c80>,18,12,[ 5 11],19,-1,40,-1,28
1,<environment.Job instance at 0x7f7488bc4aa0>,19,25,[5 1],20,-1,53,-1,28
1,<environment.Job instance at 0x7f7488bc47d0>,20,22,[10  1],21,-1,98,-1,76
1,<environment.Job instance at 0x7f7488bb6730>,26,25,[ 2 13],27,-1,107,-1,82
1,<environment.Job instance at 0x7f7488bb6230>,25,17,[10  1],26,-1,99,-1,82
1,<environment.Job instance at 0x7f7488bb6550>,28,26,[11  4],29,-1,108,-1,82
1,<environment.Job instance at 0x7f7488bb6870>,29,21,[12  2],30,-1,103,-1,82
1,<environment.Job instance at 0x7f74891ea2d0>,30,25,[6 2],31,-1,107,-1,82
1,<environment.Job instance at 0x7f74891eaa00>,31,23,[5 5],32,-1,105,-1,82
1,<environment.Job instance at 0x7f74891ea550>,34,21,[3 7],35,-1,106,-1,85
1,<environment.Job instance at 0x7f74891ead70>,35,14,[ 5 13],36,-1,99,-1,85
1,<environment.Job instance at 0x7f74891eadc0>,36,17,[3 5],37,-1,111,-1,94
1,<environment.Job instance at 0x7f748838e050>,37,22,[ 4 13],38,-1,116,-1,94
1,<environment.Job instance at 0x7f74891d7500>,39,21,[ 4 14],40,-1,117,-1,96
1,<environment.Job instance at 0x7f74891ff190>,40,23,[3 9],41,-1,119,-1,96
1,<environment.Job instance at 0x7f74883fa6e0>,41,13,[12  5],42,-1,109,-1,96
1,<environment.Job instance at 0x7f74887fa050>,42,23,[5 8],43,-1,119,-1,96
1,<environment.Job instance at 0x7f74891ea0f0>,43,23,[5 5],44,-1,119,-1,96
1,<environment.Job instance at 0x7f74883c8370>,44,27,[14  2],45,-1,123,-1,96
1,<environment.Job instance at 0x7f74883c80a0>,45,28,[11  2],46,-1,124,-1,96
1,<environment.Job instance at 0x7f74883c8a00>,46,18,[12  4],47,-1,114,-1,96
1,<environment.Job instance at 0x7f74883c8690>,47,15,[4 7],48,-1,111,-1,96
1,<environment.Job instance at 0x7f74883c7e60>,48,12,[1 7],49,-1,108,-1,96
1,<environment.Job instance at 0x7f74891eaaf0>,33,17,[ 4 12],34,-1,131,-1,114
1,<environment.Job instance at 0x7f74883c7320>,52,24,[ 1 11],53,-1,141,-1,117
1,<environment.Job instance at 0x7f74883c76e0>,54,27,[ 3 10],55,-1,169,-1,142
1,<environment.Job instance at 0x7f74883c7a50>,55,25,[ 3 14],56,-1,167,-1,142
1,<environment.Job instance at 0x7f74891e5730>,57,13,[12  4],58,-1,155,-1,142
1,<environment.Job instance at 0x7f74883d56e0>,58,28,[10  4],59,-1,170,-1,142
1,<environment.Job instance at 0x7f7488bc1e10>,2,21,[11  5],3,-1,24,-1,3
1,<environment.Job instance at 0x7f748842d4b0>,3,18,[13  4],4,-1,22,-1,4
1,<environment.Job instance at 0x7f748842deb0>,4,27,[8 5],5,-1,32,-1,5
1,<environment.Job instance at 0x7f748842dc80>,5,12,[ 5 13],6,-1,18,-1,6
1,<environment.Job instance at 0x7f748842d1e0>,7,20,[ 5 13],8,-1,28,-1,8
1,<environment.Job instance at 0x7f748842d500>,8,19,[ 2 14],9,-1,28,-1,9
1,<environment.Job instance at 0x7f74883d5320>,10,16,[ 2 14],11,-1,27,-1,11
1,<environment.Job instance at 0x7f748842d0a0>,9,20,[13  2],10,-1,31,-1,11
1,<environment.Job instance at 0x7f748842db40>,11,26,[7 3],12,-1,38,-1,12
1,<environment.Job instance at 0x7f748842d320>,12,16,[ 3 13],13,-1,29,-1,13
1,<environment.Job instance at 0x7f748842dd70>,13,28,[ 5 10],14,-1,42,-1,14
1,<environment.Job instance at 0x7f748842d050>,14,22,[14  1],15,-1,37,-1,15
1,<environment.Job instance at 0x7f748841d6e0>,16,15,[ 1 12],17,-1,32,-1,17
1,<environment.Job instance at 0x7f748841d280>,20,14,[13  5],21,-1,35,-1,21
1,<environment.Job instance at 0x7f748841ddc0>,24,18,[ 3 13],25,-1,49,-1,31
1,<environment.Job instance at 0x7f748841de60>,25,27,[ 1 14],26,-1,58,-1,31
1,<environment.Job instance at 0x7f748841db40>,26,21,[14  2],27,-1,52,-1,31
1,<environment.Job instance at 0x7f748841deb0>,27,22,[11  1],28,-1,53,-1,31
1,<environment.Job instance at 0x7f748841dd20>,28,26,[7 4],29,-1,57,-1,31
1,<environment.Job instance at 0x7f7488b16d70>,29,12,[ 1 14],30,-1,43,-1,31
1,<environment.Job instance at 0x7f7488b16780>,30,23,[ 4 14],31,-1,54,-1,31
1,<environment.Job instance at 0x7f7488b165a0>,34,18,[ 2 11],35,-1,72,-1,54
1,<environment.Job instance at 0x7f7488b16eb0>,35,17,[11  4],36,-1,71,-1,54
1,<environment.Job instance at 0x7f7488b16f00>,36,14,[ 4 14],37,-1,68,-1,54
1,<environment.Job instance at 0x7f7488b16a50>,37,28,[12  5],38,-1,82,-1,54
1,<environment.Job instance at 0x7f7488b16910>,38,13,[12  5],39,-1,67,-1,54
1,<environment.Job instance at 0x7f7488b160a0>,39,12,[11  5],40,-1,66,-1,54
1,<environment.Job instance at 0x7f7488b16e60>,41,26,[5 3],42,-1,88,-1,62
1,<environment.Job instance at 0x7f7488b16190>,42,27,[13  5],43,-1,89,-1,62
1,<environment.Job instance at 0x7f7488b16af0>,43,28,[ 3 14],44,-1,90,-1,62
1,<environment.Job instance at 0x7f7488b16690>,44,21,[ 4 11],45,-1,83,-1,62
1,<environment.Job instance at 0x7f7488b166e0>,45,18,[ 3 12],46,-1,80,-1,62
1,<environment.Job instance at 0x7f7488b0a9b0>,49,18,[13  1],50,-1,150,-1,132
1,<environment.Job instance at 0x7f7488b0a500>,50,20,[12  3],51,-1,152,-1,132
1,<environment.Job instance at 0x7f7488b0a910>,51,17,[ 5 14],52,-1,149,-1,132
1,<environment.Job instance at 0x7f7488b0a550>,52,24,[8 5],53,-1,156,-1,132
1,<environment.Job instance at 0x7f7488b0a780>,53,24,[5 1],54,-1,156,-1,132
1,<environment.Job instance at 0x7f7488b0a960>,55,16,[ 2 13],56,-1,148,-1,132
1,<environment.Job instance at 0x7f7488b0ae60>,56,17,[12  3],57,-1,149,-1,132
1,<environment.Job instance at 0x7f7488b0a640>,57,14,[14  1],58,-1,146,-1,132
1,<environment.Job instance at 0x7f7488b0aaa0>,58,25,[ 4 10],59,-1,157,-1,132
1,<environment.Job instance at 0x7f7488b0ae10>,59,26,[3 6],60,-1,158,-1,132
1,<environment.Job instance at 0x7f7488b0ad70>,61,14,[11  5],62,-1,146,-1,132
1,<environment.Job instance at 0x7f7488b0a5a0>,62,24,[ 4 12],63,-1,156,-1,132
1,<environment.Job instance at 0x7f7488b0ab40>,63,23,[1 6],64,-1,155,-1,132
1,<environment.Job instance at 0x7f74891fd0f0>,64,25,[12  2],65,-1,157,-1,132
1,<environment.Job instance at 0x7f74891fd1e0>,65,12,[10  2],66,-1,144,-1,132
1,<environment.Job instance at 0x7f74891fd820>,66,24,[13  1],67,-1,156,-1,132
1,<environment.Job instance at 0x7f74891fd5f0>,67,13,[11  1],68,-1,145,-1,132
1,<environment.Job instance at 0x7f74891fdf50>,68,22,[10  1],69,-1,154,-1,132
1,<environment.Job instance at 0x7f74891fdb90>,69,16,[13  1],70,-1,148,-1,132
1,<environment.Job instance at 0x7f74891fd8c0>,70,14,[5 1],71,-1,146,-1,132
1,<environment.Job instance at 0x7f7488be7730>,3,12,[ 5 12],4,-1,16,-1,4
1,<environment.Job instance at 0x7f7488e24910>,7,28,[3 5],8,-1,37,-1,9
1,<environment.Job instance at 0x7f74895d9fa0>,13,23,[1 5],14,-1,61,-1,38
1,<environment.Job instance at 0x7f74895d9d70>,14,18,[ 1 12],15,-1,56,-1,38
1,<environment.Job instance at 0x7f74895d9960>,15,15,[ 3 13],16,-1,53,-1,38
1,<environment.Job instance at 0x7f74895d9460>,17,16,[13  1],18,-1,54,-1,38
1,<environment.Job instance at 0x7f74895d9820>,18,13,[7 1],19,-1,58,-1,45
1,<environment.Job instance at 0x7f74895d9e10>,19,14,[14  1],20,-1,59,-1,45
1,<environment.Job instance at 0x7f74895d9190>,21,19,[14  4],22,-1,69,-1,50
1,<environment.Job instance at 0x7f74895c44b0>,22,18,[8 1],23,-1,80,-1,62
1,<environment.Job instance at 0x7f74895c4870>,24,14,[ 5 13],25,-1,76,-1,62
1,<environment.Job instance at 0x7f74895c4a50>,25,23,[ 3 10],26,-1,85,-1,62
1,<environment.Job instance at 0x7f74895c4370>,30,27,[ 3 13],31,-1,151,-1,124
1,<environment.Job instance at 0x7f74897d6230>,4,22,[8 3],5,-1,112,-1,90
1,<environment.Job instance at 0x7f7488bbfaf0>,13,26,[3 8],14,-1,116,-1,90
1,<environment.Job instance at 0x7f7488d430a0>,14,18,[14  4],15,-1,108,-1,90
1,<environment.Job instance at 0x7f748980e780>,17,23,[9 2],18,-1,113,-1,90
1,<environment.Job instance at 0x7f748980e320>,18,26,[11  2],19,-1,116,-1,90
1,<environment.Job instance at 0x7f748980e4b0>,19,27,[14  4],20,-1,117,-1,90
1,<environment.Job instance at 0x7f7489806b40>,21,26,[13  2],22,-1,126,-1,100
1,<environment.Job instance at 0x7f7489806aa0>,22,27,[11  3],23,-1,127,-1,100
1,<environment.Job instance at 0x7f7489806960>,23,16,[14  4],24,-1,116,-1,100
1,<environment.Job instance at 0x7f7489806640>,24,27,[ 1 14],25,-1,127,-1,100
1,<environment.Job instance at 0x7f7489806370>,25,21,[ 3 11],26,-1,121,-1,100
1,<environment.Job instance at 0x7f7489806e10>,26,20,[13  1],27,-1,120,-1,100
1,<environment.Job instance at 0x7f7489806e60>,28,22,[12  2],29,-1,122,-1,100
1,<environment.Job instance at 0x7f7489806dc0>,29,27,[7 4],30,-1,127,-1,100
1,<environment.Job instance at 0x7f74894f4f50>,30,25,[9 5],31,-1,125,-1,100
1,<environment.Job instance at 0x7f7488861dc0>,33,26,[14  5],34,-1,142,-1,116
1,<environment.Job instance at 0x7f7488861690>,34,12,[11  4],35,-1,128,-1,116
1,<environment.Job instance at 0x7f7488861870>,35,26,[14  3],36,-1,142,-1,116
1,<environment.Job instance at 0x7f7488e0a1e0>,36,17,[ 5 11],37,-1,133,-1,116
1,<environment.Job instance at 0x7f74894de730>,37,26,[ 2 11],38,-1,142,-1,116
1,<environment.Job instance at 0x7f74894e8320>,39,18,[14  4],40,-1,148,-1,130
1,<environment.Job instance at 0x7f7488d67a00>,43,24,[4 7],44,-1,172,-1,148
1,<environment.Job instance at 0x7f7488aa0190>,4,25,[4 7],5,-1,31,-1,6
1,<environment.Job instance at 0x7f7488aa00f0>,6,23,[14  2],7,-1,30,-1,7
1,<environment.Job instance at 0x7f7488aa0b90>,7,28,[ 4 11],8,-1,36,-1,8
1,<environment.Job instance at 0x7f7488aa01e0>,11,24,[ 3 14],12,-1,55,-1,31
1,<environment.Job instance at 0x7f7488aa0230>,12,28,[5 4],13,-1,59,-1,31
1,<environment.Job instance at 0x7f7488aa05f0>,13,27,[ 3 12],14,-1,58,-1,31
1,<environment.Job instance at 0x7f748847b870>,19,27,[4 5],20,-1,108,-1,81
1,<environment.Job instance at 0x7f748847b7d0>,20,16,[11  1],21,-1,97,-1,81
1,<environment.Job instance at 0x7f748847b3c0>,21,16,[ 1 12],22,-1,97,-1,81
1,<environment.Job instance at 0x7f748847b460>,22,28,[10  5],23,-1,109,-1,81
1,<environment.Job instance at 0x7f748847beb0>,23,25,[8 4],24,-1,106,-1,81
1,<environment.Job instance at 0x7f7488aa09b0>,2,12,[ 4 12],3,-1,15,-1,3
1,<environment.Job instance at 0x7f74887152d0>,3,27,[ 4 14],4,-1,31,-1,4
1,<environment.Job instance at 0x7f7489313910>,9,24,[ 1 10],10,-1,34,-1,10
1,<environment.Job instance at 0x7f74893136e0>,11,25,[14  1],12,-1,37,-1,12
1,<environment.Job instance at 0x7f7488720280>,14,28,[5 7],15,-1,51,-1,23
1,<environment.Job instance at 0x7f7488720c80>,15,28,[2 5],16,-1,51,-1,23
1,<environment.Job instance at 0x7f7488720050>,16,28,[ 2 14],17,-1,51,-1,23
1,<environment.Job instance at 0x7f748871d410>,28,22,[ 3 14],29,-1,177,-1,155
1,<environment.Job instance at 0x7f74884938c0>,1,28,[10  3],2,-1,30,-1,2
1,<environment.Job instance at 0x7f748871d320>,6,28,[ 5 13],7,-1,35,-1,7
1,<environment.Job instance at 0x7f748920f320>,5,15,[ 1 10],6,-1,23,-1,8
1,<environment.Job instance at 0x7f748920f730>,11,28,[ 2 11],12,-1,41,-1,13
1,<environment.Job instance at 0x7f748920fd70>,12,23,[5 5],13,-1,42,-1,19
1,<environment.Job instance at 0x7f748920f7d0>,13,12,[11  3],14,-1,31,-1,19
1,<environment.Job instance at 0x7f748920faa0>,14,26,[ 4 12],15,-1,45,-1,19
1,<environment.Job instance at 0x7f748920f8c0>,15,12,[ 4 12],16,-1,31,-1,19
1,<environment.Job instance at 0x7f748920fa50>,16,24,[5 2],17,-1,43,-1,19
1,<environment.Job instance at 0x7f748920feb0>,17,18,[14  4],18,-1,37,-1,19
1,<environment.Job instance at 0x7f748920fb90>,18,12,[11  2],19,-1,31,-1,19
1,<environment.Job instance at 0x7f74899d9f50>,19,15,[ 2 12],20,-1,35,-1,20
1,<environment.Job instance at 0x7f74899d9d20>,21,28,[13  2],22,-1,50,-1,22
1,<environment.Job instance at 0x7f74899d9d70>,24,27,[3 6],25,-1,60,-1,33
1,<environment.Job instance at 0x7f74899d9b90>,26,22,[ 4 10],27,-1,70,-1,48
1,<environment.Job instance at 0x7f74899d9e10>,27,28,[13  2],28,-1,76,-1,48
1,<environment.Job instance at 0x7f74899d98c0>,29,28,[1 5],30,-1,76,-1,48
1,<environment.Job instance at 0x7f74899d9140>,30,14,[13  2],31,-1,62,-1,48
1,<environment.Job instance at 0x7f74899d96e0>,31,13,[11  3],32,-1,61,-1,48
1,<environment.Job instance at 0x7f74899d9e60>,33,24,[ 3 12],34,-1,91,-1,67
1,<environment.Job instance at 0x7f74899d95a0>,34,20,[ 5 12],35,-1,87,-1,67
1,<environment.Job instance at 0x7f74892a9050>,38,27,[14  2],39,-1,94,-1,67
1,<environment.Job instance at 0x7f74892a9e10>,39,17,[ 5 12],40,-1,84,-1,67
1,<environment.Job instance at 0x7f74892a9280>,41,24,[11  5],42,-1,108,-1,84
1,<environment.Job instance at 0x7f74892a9be0>,43,23,[9 3],44,-1,119,-1,96
1,<environment.Job instance at 0x7f74892a9dc0>,45,16,[12  5],46,-1,112,-1,96
1,<environment.Job instance at 0x7f74892a90f0>,47,25,[3 6],48,-1,133,-1,108
1,<environment.Job instance at 0x7f74892a9140>,48,23,[ 2 12],49,-1,131,-1,108
1,<environment.Job instance at 0x7f74892a9780>,49,14,[14  4],50,-1,122,-1,108
1,<environment.Job instance at 0x7f74892a9410>,50,17,[ 3 14],51,-1,125,-1,108
1,<environment.Job instance at 0x7f74892a9eb0>,53,22,[13  1],54,-1,142,-1,120
1,<environment.Job instance at 0x7f74892a95a0>,54,13,[ 1 13],55,-1,133,-1,120
1,<environment.Job instance at 0x7f74892a9d20>,55,17,[14  3],56,-1,137,-1,120
1,<environment.Job instance at 0x7f74892a9960>,57,23,[13  2],58,-1,151,-1,128
1,<environment.Job instance at 0x7f74892a9f50>,58,14,[12  4],59,-1,142,-1,128
1,<environment.Job instance at 0x7f748921bcd0>,59,25,[ 2 10],60,-1,153,-1,128
1,<environment.Job instance at 0x7f748921b910>,60,24,[14  1],61,-1,152,-1,128
1,<environment.Job instance at 0x7f748921b730>,61,24,[ 4 14],62,-1,152,-1,128
1,<environment.Job instance at 0x7f748921be60>,62,25,[14  2],63,-1,153,-1,128
1,<environment.Job instance at 0x7f748921b6e0>,64,28,[5 9],65,-1,172,-1,144
1,<environment.Job instance at 0x7f748921b820>,66,28,[12  1],67,-1,172,-1,144
1,<environment.Job instance at 0x7f74882593c0>,1,23,[11  1],2,-1,25,-1,2
1,<environment.Job instance at 0x7f748921b820>,5,20,[ 5 11],6,-1,26,-1,6
1,<environment.Job instance at 0x7f7488259500>,6,17,[ 3 14],7,-1,24,-1,7
1,<environment.Job instance at 0x7f7488259140>,7,13,[ 1 12],8,-1,21,-1,8
1,<environment.Job instance at 0x7f7488259aa0>,4,19,[13  1],5,-1,27,-1,8
1,<environment.Job instance at 0x7f7488259be0>,8,18,[14  2],9,-1,27,-1,9
1,<environment.Job instance at 0x7f7488259460>,10,25,[12  4],11,-1,36,-1,11
1,<environment.Job instance at 0x7f748823a780>,15,25,[2 6],16,-1,55,-1,30
1,<environment.Job instance at 0x7f748823afa0>,17,19,[12  2],18,-1,49,-1,30
1,<environment.Job instance at 0x7f748823a3c0>,18,25,[3 5],19,-1,64,-1,39
1,<environment.Job instance at 0x7f748823a5a0>,20,25,[11  4],21,-1,67,-1,42
1,<environment.Job instance at 0x7f748823a320>,21,23,[ 3 10],22,-1,65,-1,42
1,<environment.Job instance at 0x7f748823aa00>,23,21,[ 4 13],24,-1,63,-1,42
1,<environment.Job instance at 0x7f748823ab90>,24,20,[12  2],25,-1,62,-1,42
1,<environment.Job instance at 0x7f748823a280>,25,28,[ 5 12],26,-1,70,-1,42
1,<environment.Job instance at 0x7f748823aaf0>,26,13,[ 3 12],27,-1,55,-1,42
1,<environment.Job instance at 0x7f748823a500>,27,17,[ 4 12],28,-1,59,-1,42
1,<environment.Job instance at 0x7f748823a5f0>,31,23,[12  1],32,-1,88,-1,65
1,<environment.Job instance at 0x7f748823a410>,32,19,[13  3],33,-1,84,-1,65
1,<environment.Job instance at 0x7f748823a690>,34,12,[12  4],35,-1,94,-1,82
1,<environment.Job instance at 0x7f748814f7d0>,35,19,[11  5],36,-1,101,-1,82
1,<environment.Job instance at 0x7f748814f9b0>,37,24,[13  1],38,-1,106,-1,82
1,<environment.Job instance at 0x7f748814f320>,39,15,[13  4],40,-1,113,-1,98
1,<environment.Job instance at 0x7f748814f1e0>,40,27,[12  5],41,-1,125,-1,98
1,<environment.Job instance at 0x7f748814f410>,41,17,[ 5 12],42,-1,115,-1,98
1,<environment.Job instance at 0x7f748814f230>,43,21,[12  2],44,-1,119,-1,98
1,<environment.Job instance at 0x7f748814fa00>,44,14,[11  1],45,-1,112,-1,98
1,<environment.Job instance at 0x7f748814f780>,45,23,[ 3 13],46,-1,121,-1,98
1,<environment.Job instance at 0x7f748814fd70>,46,14,[13  4],47,-1,112,-1,98
1,<environment.Job instance at 0x7f748814f550>,48,27,[ 1 10],49,-1,142,-1,115
1,<environment.Job instance at 0x7f748814fc30>,49,14,[13  4],50,-1,129,-1,115
1,<environment.Job instance at 0x7f748814f500>,50,20,[ 5 12],51,-1,135,-1,115
1,<environment.Job instance at 0x7f748814f5f0>,51,24,[9 4],52,-1,139,-1,115
1,<environment.Job instance at 0x7f748814f910>,52,26,[5 5],53,-1,141,-1,115
1,<environment.Job instance at 0x7f748814f6e0>,56,18,[12  1],57,-1,168,-1,150
1,<environment.Job instance at 0x7f7488169050>,57,14,[ 4 14],58,-1,164,-1,150
1,<environment.Job instance at 0x7f7488169690>,59,23,[9 1],60,-1,173,-1,150
1,<environment.Job instance at 0x7f74881697d0>,60,12,[13  2],61,-1,162,-1,150
1,<environment.Job instance at 0x7f7488169b40>,61,15,[14  4],62,-1,165,-1,150
1,<environment.Job instance at 0x7f7488169e60>,62,24,[5 3],63,-1,174,-1,150
1,<environment.Job instance at 0x7f7488169190>,63,17,[14  4],64,-1,167,-1,150
1,<environment.Job instance at 0x7f7488be70f0>,3,20,[ 4 13],4,-1,24,-1,4
1,<environment.Job instance at 0x7f7488be7e60>,4,28,[12  1],5,-1,33,-1,5
1,<environment.Job instance at 0x7f7488be7410>,6,13,[14  2],7,-1,20,-1,7
1,<environment.Job instance at 0x7f7488be7140>,10,21,[13  3],11,-1,43,-1,22
1,<environment.Job instance at 0x7f7488be7960>,11,27,[13  4],12,-1,49,-1,22
1,<environment.Job instance at 0x7f7488be79b0>,12,24,[8 1],13,-1,46,-1,22
1,<environment.Job instance at 0x7f7488be7a50>,13,19,[ 5 10],14,-1,54,-1,35
1,<environment.Job instance at 0x7f74887b3e10>,14,14,[ 3 14],15,-1,49,-1,35
1,<environment.Job instance at 0x7f74887b3e60>,16,20,[ 4 13],17,-1,55,-1,35
1,<environment.Job instance at 0x7f74887b3dc0>,17,12,[14  3],18,-1,47,-1,35
1,<environment.Job instance at 0x7f74887b3f50>,18,26,[5 1],19,-1,61,-1,35
1,<environment.Job instance at 0x7f74887b3640>,19,21,[13  1],20,-1,56,-1,35
1,<environment.Job instance at 0x7f74887b35a0>,21,22,[13  4],22,-1,58,-1,36
1,<environment.Job instance at 0x7f74887b3fa0>,22,24,[1 8],23,-1,60,-1,36
1,<environment.Job instance at 0x7f74887b3550>,23,20,[ 5 10],24,-1,56,-1,36
1,<environment.Job instance at 0x7f74887b3a50>,26,12,[5 1],27,-1,63,-1,51
1,<environment.Job instance at 0x7f74887b3500>,30,14,[ 5 12],31,-1,93,-1,79
1,<environment.Job instance at 0x7f7488a7fe10>,32,26,[ 3 10],33,-1,108,-1,82
1,<environment.Job instance at 0x7f7488a7f460>,33,27,[1 8],34,-1,109,-1,82
1,<environment.Job instance at 0x7f7488a7fd70>,34,20,[13  5],35,-1,102,-1,82
1,<environment.Job instance at 0x7f7488a7f4b0>,35,23,[5 7],36,-1,105,-1,82
1,<environment.Job instance at 0x7f7488a7f960>,37,15,[12  4],38,-1,107,-1,92
1,<environment.Job instance at 0x7f7488a7f640>,38,25,[9 3],39,-1,117,-1,92
1,<environment.Job instance at 0x7f7488a7f370>,41,12,[ 4 14],42,-1,118,-1,106
1,<environment.Job instance at 0x7f7488a7f280>,42,21,[ 4 14],43,-1,127,-1,106
1,<environment.Job instance at 0x7f7488a7fd20>,43,14,[ 1 13],44,-1,120,-1,106
1,<environment.Job instance at 0x7f7488a7fdc0>,44,16,[12  5],45,-1,122,-1,106
1,<environment.Job instance at 0x7f7488a7fbe0>,45,28,[4 5],46,-1,134,-1,106
1,<environment.Job instance at 0x7f7488a7f9b0>,46,27,[11  5],47,-1,133,-1,106
1,<environment.Job instance at 0x7f7488a7f6e0>,47,18,[11  3],48,-1,124,-1,106
1,<environment.Job instance at 0x7f7488a7f780>,49,17,[ 2 13],50,-1,132,-1,115
1,<environment.Job instance at 0x7f7492444d70>,50,13,[11  4],51,-1,128,-1,115
1,<environment.Job instance at 0x7f7488a7f820>,52,25,[14  5],53,-1,144,-1,119
1,<environment.Job instance at 0x7f7492444b40>,53,24,[3 6],54,-1,143,-1,119
1,<environment.Job instance at 0x7f74924445f0>,54,13,[10  4],55,-1,140,-1,127
1,<environment.Job instance at 0x7f7492444cd0>,56,12,[ 3 10],57,-1,139,-1,127
1,<environment.Job instance at 0x7f7492444690>,57,23,[10  1],58,-1,150,-1,127
1,<environment.Job instance at 0x7f7492444d20>,58,12,[8 1],59,-1,139,-1,127
1,<environment.Job instance at 0x7f7492444af0>,59,22,[4 8],60,-1,163,-1,141
1,<environment.Job instance at 0x7f74924449b0>,61,28,[ 4 13],62,-1,169,-1,141
1,<environment.Job instance at 0x7f7492444be0>,62,15,[ 5 14],63,-1,156,-1,141
1,<environment.Job instance at 0x7f7492444820>,63,25,[13  4],64,-1,166,-1,141
1,<environment.Job instance at 0x7f7492444730>,64,20,[13  5],65,-1,161,-1,141
1,<environment.Job instance at 0x7f7492444a50>,65,25,[7 3],66,-1,166,-1,141
1,<environment.Job instance at 0x7f74924441e0>,66,16,[ 5 11],67,-1,157,-1,141
1,<environment.Job instance at 0x7f7492444aa0>,67,14,[5 6],68,-1,166,-1,152
1,<environment.Job instance at 0x7f7492444910>,69,13,[12  4],70,-1,165,-1,152
1,<environment.Job instance at 0x7f748948aaf0>,70,26,[14  5],71,-1,178,-1,152
1,<environment.Job instance at 0x7f748948a280>,71,12,[7 5],72,-1,164,-1,152
1,<environment.Job instance at 0x7f748948a320>,72,19,[ 2 13],73,-1,171,-1,152
1,<environment.Job instance at 0x7f748948ae10>,73,24,[5 3],74,-1,176,-1,152
1,<environment.Job instance at 0x7f748948ab90>,75,13,[11  1],76,-1,171,-1,158
1,<environment.Job instance at 0x7f7488ccc6e0>,1,26,[ 4 11],2,-1,28,-1,2
1,<environment.Job instance at 0x7f748941afa0>,3,14,[ 5 14],4,-1,18,-1,4
1,<environment.Job instance at 0x7f748948ab90>,5,28,[6 4],6,-1,34,-1,6
1,<environment.Job instance at 0x7f7488f22140>,6,28,[8 5],7,-1,35,-1,7
1,<environment.Job instance at 0x7f7488f22870>,7,21,[5 1],8,-1,41,-1,20
1,<environment.Job instance at 0x7f748857be10>,11,15,[ 1 12],12,-1,35,-1,20
1,<environment.Job instance at 0x7f748857b050>,12,15,[14  5],13,-1,35,-1,20
1,<environment.Job instance at 0x7f7489913320>,15,16,[ 3 11],16,-1,36,-1,20
1,<environment.Job instance at 0x7f7488c1f870>,17,14,[ 1 12],18,-1,34,-1,20
1,<environment.Job instance at 0x7f7488c1f140>,19,20,[8 1],20,-1,59,-1,39
1,<environment.Job instance at 0x7f7488c1f410>,20,17,[ 2 12],21,-1,56,-1,39
1,<environment.Job instance at 0x7f748884ce10>,21,28,[12  3],22,-1,67,-1,39
1,<environment.Job instance at 0x7f748884cfa0>,22,18,[11  5],23,-1,57,-1,39
1,<environment.Job instance at 0x7f748884c0a0>,24,17,[3 7],25,-1,56,-1,39
1,<environment.Job instance at 0x7f748884c190>,25,12,[7 2],26,-1,51,-1,39
1,<environment.Job instance at 0x7f748884ca00>,26,26,[5 5],27,-1,65,-1,39
1,<environment.Job instance at 0x7f748884c7d0>,27,28,[3 7],28,-1,67,-1,39
1,<environment.Job instance at 0x7f74895768c0>,28,21,[10  1],29,-1,60,-1,39
1,<environment.Job instance at 0x7f74895764b0>,29,23,[ 2 10],30,-1,62,-1,39
1,<environment.Job instance at 0x7f74895765f0>,30,12,[13  5],31,-1,51,-1,39
1,<environment.Job instance at 0x7f7489576c80>,33,26,[ 3 11],34,-1,81,-1,55
1,<environment.Job instance at 0x7f7489576b90>,34,18,[ 3 14],35,-1,73,-1,55
1,<environment.Job instance at 0x7f74892b1780>,35,15,[12  2],36,-1,70,-1,55
1,<environment.Job instance at 0x7f74895761e0>,36,24,[ 5 14],37,-1,79,-1,55
1,<environment.Job instance at 0x7f74892b12d0>,37,24,[ 1 13],38,-1,79,-1,55
1,<environment.Job instance at 0x7f7488aadaa0>,38,14,[ 5 13],39,-1,69,-1,55
1,<environment.Job instance at 0x7f7488aad2d0>,39,19,[ 3 13],40,-1,74,-1,55
1,<environment.Job instance at 0x7f7488aad460>,40,17,[ 2 14],41,-1,72,-1,55
1,<environment.Job instance at 0x7f7488477140>,42,27,[12  1],43,-1,95,-1,68
1,<environment.Job instance at 0x7f7488477820>,44,21,[13  3],45,-1,89,-1,68
1,<environment.Job instance at 0x7f7488de60f0>,46,27,[ 1 14],47,-1,96,-1,69
1,<environment.Job instance at 0x7f7488de66e0>,47,23,[8 5],48,-1,92,-1,69
1,<environment.Job instance at 0x7f7488585780>,49,25,[5 7],50,-1,109,-1,84
1,<environment.Job instance at 0x7f7488585be0>,51,24,[5 6],52,-1,108,-1,84
1,<environment.Job instance at 0x7f7488585280>,52,27,[12  5],53,-1,111,-1,84
1,<environment.Job instance at 0x7f7488585140>,53,22,[14  4],54,-1,106,-1,84
1,<environment.Job instance at 0x7f74885859b0>,54,28,[ 2 11],55,-1,112,-1,84
1,<environment.Job instance at 0x7f7488b9a410>,55,22,[11  3],56,-1,106,-1,84
1,<environment.Job instance at 0x7f7488585190>,57,15,[14  3],58,-1,105,-1,90
1,<environment.Job instance at 0x7f7488e65320>,59,23,[ 4 10],60,-1,125,-1,102
1,<environment.Job instance at 0x7f74891f6410>,61,14,[ 1 14],62,-1,116,-1,102
1,<environment.Job instance at 0x7f74891f6050>,63,14,[11  4],64,-1,132,-1,118
1,<environment.Job instance at 0x7f74880a5690>,64,17,[ 1 14],65,-1,135,-1,118
1,<environment.Job instance at 0x7f7491f926e0>,65,18,[ 4 12],66,-1,136,-1,118
1,<environment.Job instance at 0x7f7488a01550>,67,21,[13  1],68,-1,139,-1,118
1,<environment.Job instance at 0x7f7488a01dc0>,68,25,[5 4],69,-1,143,-1,118
1,<environment.Job instance at 0x7f7488ca0f00>,70,18,[14  1],71,-1,147,-1,129
1,<environment.Job instance at 0x7f748889acd0>,72,16,[ 5 13],73,-1,149,-1,133
1,<environment.Job instance at 0x7f748956ebe0>,73,17,[ 2 12],74,-1,150,-1,133
1,<environment.Job instance at 0x7f7488c20960>,74,25,[14  5],75,-1,158,-1,133
1,<environment.Job instance at 0x7f748856a5a0>,75,17,[14  5],76,-1,150,-1,133
1,<environment.Job instance at 0x7f7488be0730>,76,13,[12  1],77,-1,146,-1,133
1,<environment.Job instance at 0x7f7488857c30>,79,15,[ 2 12],80,-1,164,-1,149
1,<environment.Job instance at 0x7f7488857960>,80,24,[3 7],81,-1,173,-1,149
1,<environment.Job instance at 0x7f74888575f0>,82,13,[14  3],83,-1,169,-1,156
1,<environment.Job instance at 0x7f7488c27fa0>,2,28,[ 4 10],3,-1,31,-1,3
1,<environment.Job instance at 0x7f7488c277d0>,3,14,[ 2 13],4,-1,18,-1,4
1,<environment.Job instance at 0x7f7488cf9690>,10,27,[ 3 10],11,-1,45,-1,18
1,<environment.Job instance at 0x7f7488cf95f0>,11,20,[ 3 11],12,-1,38,-1,18
1,<environment.Job instance at 0x7f7488cf9af0>,12,13,[12  4],13,-1,31,-1,18
1,<environment.Job instance at 0x7f7488cf9140>,14,12,[ 4 14],15,-1,35,-1,23
1,<environment.Job instance at 0x7f7488cf96e0>,17,13,[ 1 10],18,-1,52,-1,39
1,<environment.Job instance at 0x7f7488cf9c80>,18,13,[14  2],19,-1,52,-1,39
1,<environment.Job instance at 0x7f7488cf9190>,19,14,[13  2],20,-1,53,-1,39
1,<environment.Job instance at 0x7f7488cf9780>,20,22,[ 4 12],21,-1,61,-1,39
1,<environment.Job instance at 0x7f7488cf9b40>,22,22,[8 2],23,-1,106,-1,84
1,<environment.Job instance at 0x7f7488cf94b0>,26,28,[5 3],27,-1,112,-1,84
1,<environment.Job instance at 0x7f7488cf9500>,27,13,[ 4 11],28,-1,97,-1,84
1,<environment.Job instance at 0x7f7488cf9460>,30,19,[13  3],31,-1,118,-1,99
1,<environment.Job instance at 0x7f7488cf9550>,31,20,[ 2 13],32,-1,119,-1,99
1,<environment.Job instance at 0x7f74894c7a00>,33,15,[ 3 13],34,-1,121,-1,106
1,<environment.Job instance at 0x7f7488b66fa0>,1,28,[ 5 10],2,-1,30,-1,2
1,<environment.Job instance at 0x7f74894c7f50>,5,28,[3 6],6,-1,34,-1,6
1,<environment.Job instance at 0x7f7488b66820>,6,23,[ 5 11],7,-1,30,-1,7
1,<environment.Job instance at 0x7f7488b66a00>,7,28,[2 8],8,-1,36,-1,8
1,<environment.Job instance at 0x7f7488b66730>,8,17,[ 2 12],9,-1,26,-1,9
1,<environment.Job instance at 0x7f7489158140>,12,13,[8 1],13,-1,29,-1,16
1,<environment.Job instance at 0x7f7489158910>,13,22,[ 1 13],14,-1,38,-1,16
1,<environment.Job instance at 0x7f7489158230>,17,20,[ 1 13],18,-1,78,-1,58
1,<environment.Job instance at 0x7f74884fe0f0>,18,26,[1 8],19,-1,84,-1,58
1,<environment.Job instance at 0x7f7489158a00>,19,27,[14  4],20,-1,85,-1,58
1,<environment.Job instance at 0x7f74884fe8c0>,21,21,[ 1 11],22,-1,84,-1,63
1,<environment.Job instance at 0x7f74884fe4b0>,22,20,[11  2],23,-1,83,-1,63
1,<environment.Job instance at 0x7f74884fef50>,25,26,[9 3],26,-1,97,-1,71
1,<environment.Job instance at 0x7f74884fe870>,27,12,[ 2 13],28,-1,104,-1,92
1,<environment.Job instance at 0x7f74884fe550>,28,26,[13  3],29,-1,118,-1,92
1,<environment.Job instance at 0x7f74884fe960>,29,18,[ 5 14],30,-1,110,-1,92
1,<environment.Job instance at 0x7f74884fe780>,30,17,[12  1],31,-1,109,-1,92
1,<environment.Job instance at 0x7f74884fee10>,31,22,[ 1 11],32,-1,114,-1,92
1,<environment.Job instance at 0x7f74884fe820>,32,14,[14  4],33,-1,106,-1,92
1,<environment.Job instance at 0x7f74884fe230>,33,28,[6 1],34,-1,120,-1,92
1,<environment.Job instance at 0x7f74884fe140>,35,22,[ 3 10],36,-1,117,-1,95
1,<environment.Job instance at 0x7f74884fee60>,36,27,[7 3],37,-1,122,-1,95
1,<environment.Job instance at 0x7f74884fe1e0>,37,26,[11  4],38,-1,121,-1,95
1,<environment.Job instance at 0x7f7489400a50>,41,12,[14  5],42,-1,116,-1,104
1,<environment.Job instance at 0x7f74894002d0>,42,24,[11  3],43,-1,128,-1,104
1,<environment.Job instance at 0x7f7489400aa0>,43,20,[14  4],44,-1,124,-1,104
1,<environment.Job instance at 0x7f7489400050>,44,16,[ 1 11],45,-1,120,-1,104
1,<environment.Job instance at 0x7f74894008c0>,45,19,[ 5 11],46,-1,123,-1,104
1,<environment.Job instance at 0x7f74894005a0>,46,22,[ 2 11],47,-1,126,-1,104
1,<environment.Job instance at 0x7f7489400280>,49,23,[12  4],50,-1,142,-1,119
1,<environment.Job instance at 0x7f7489400550>,51,25,[13  1],52,-1,150,-1,125
1,<environment.Job instance at 0x7f7489400a00>,52,22,[11  2],53,-1,147,-1,125
1,<environment.Job instance at 0x7f7489400cd0>,54,28,[ 3 11],55,-1,156,-1,128
1,<environment.Job instance at 0x7f74894003c0>,55,12,[ 5 12],56,-1,140,-1,128
1,<environment.Job instance at 0x7f7489400370>,56,17,[ 3 11],57,-1,145,-1,128
1,<environment.Job instance at 0x7f74894001e0>,57,16,[ 1 14],58,-1,144,-1,128
1,<environment.Job instance at 0x7f7488501190>,58,24,[7 4],59,-1,152,-1,128
1,<environment.Job instance at 0x7f7488501e10>,59,27,[10  1],60,-1,155,-1,128
1,<environment.Job instance at 0x7f7488501320>,61,18,[ 4 12],62,-1,162,-1,144
1,<environment.Job instance at 0x7f7488501280>,63,13,[ 2 13],64,-1,161,-1,148
1,<environment.Job instance at 0x7f74885013c0>,65,21,[ 2 12],66,-1,169,-1,148
1,<environment.Job instance at 0x7f7488501960>,66,24,[3 8],67,-1,172,-1,148
1,<environment.Job instance at 0x7f7488501f50>,67,16,[ 4 13],68,-1,164,-1,148
1,<environment.Job instance at 0x7f7488501d70>,68,25,[5 8],69,-1,173,-1,148
1,<environment.Job instance at 0x7f74885011e0>,69,26,[1 9],70,-1,174,-1,148
1,<environment.Job instance at 0x7f74885010f0>,70,27,[13  5],71,-1,175,-1,148
1,<environment.Job instance at 0x7f7488501410>,72,28,[ 4 13],73,-1,180,-1,152
1,<environment.Job instance at 0x7f7488501b90>,73,19,[14  3],74,-1,171,-1,152
1,<environment.Job instance at 0x7f7489416be0>,3,18,[13  5],4,-1,22,-1,4
1,<environment.Job instance at 0x7f748980b4b0>,4,23,[5 5],5,-1,29,-1,6
1,<environment.Job instance at 0x7f7488b98c80>,6,27,[5 6],7,-1,34,-1,7
1,<environment.Job instance at 0x7f7488b983c0>,7,24,[9 5],8,-1,32,-1,8
1,<environment.Job instance at 0x7f7488b98820>,8,20,[ 3 14],9,-1,29,-1,9
1,<environment.Job instance at 0x7f7488b98f00>,9,20,[13  3],10,-1,30,-1,10
1,<environment.Job instance at 0x7f7488b98690>,10,27,[ 5 12],11,-1,38,-1,11
1,<environment.Job instance at 0x7f7488417af0>,14,24,[12  4],15,-1,39,-1,15
1,<environment.Job instance at 0x7f74884178c0>,15,13,[13  1],16,-1,29,-1,16
1,<environment.Job instance at 0x7f7488417b90>,16,26,[2 7],17,-1,43,-1,17
1,<environment.Job instance at 0x7f7488417c80>,17,25,[11  1],18,-1,43,-1,18
1,<environment.Job instance at 0x7f74884174b0>,18,24,[ 3 14],19,-1,43,-1,19
1,<environment.Job instance at 0x7f74899480f0>,19,26,[12  5],20,-1,46,-1,20
1,<environment.Job instance at 0x7f7489948320>,21,24,[11  1],22,-1,46,-1,22
1,<environment.Job instance at 0x7f7489948500>,22,25,[14  3],23,-1,48,-1,23
1,<environment.Job instance at 0x7f7489948410>,23,19,[11  3],24,-1,43,-1,24
1,<environment.Job instance at 0x7f7489948550>,24,17,[12  2],25,-1,42,-1,25
1,<environment.Job instance at 0x7f74899485f0>,25,23,[ 5 14],26,-1,49,-1,26
1,<environment.Job instance at 0x7f7489948690>,26,22,[ 4 11],27,-1,49,-1,27
1,<environment.Job instance at 0x7f74899487d0>,28,22,[ 2 10],29,-1,51,-1,29
1,<environment.Job instance at 0x7f74899488c0>,30,21,[ 1 10],31,-1,52,-1,31
1,<environment.Job instance at 0x7f7489948b40>,31,15,[ 2 13],32,-1,47,-1,32
1,<environment.Job instance at 0x7f7488417870>,33,18,[ 3 13],34,-1,54,-1,36
1,<environment.Job instance at 0x7f7489948be0>,35,25,[12  4],36,-1,64,-1,39
1,<environment.Job instance at 0x7f7489948e10>,36,23,[8 3],37,-1,62,-1,39
1,<environment.Job instance at 0x7f7489948f50>,37,12,[1 9],38,-1,51,-1,39
1,<environment.Job instance at 0x7f7489948eb0>,39,15,[13  3],40,-1,67,-1,52
1,<environment.Job instance at 0x7f7489948fa0>,40,17,[12  5],41,-1,69,-1,52
1,<environment.Job instance at 0x7f74890801e0>,41,28,[5 3],42,-1,80,-1,52
1,<environment.Job instance at 0x7f7489080140>,42,27,[12  4],43,-1,79,-1,52
1,<environment.Job instance at 0x7f7489080280>,43,24,[2 5],44,-1,76,-1,52
1,<environment.Job instance at 0x7f7489080320>,44,20,[ 3 13],45,-1,72,-1,52
1,<environment.Job instance at 0x7f74890803c0>,45,15,[12  1],46,-1,67,-1,52
1,<environment.Job instance at 0x7f7489080460>,46,25,[7 2],47,-1,77,-1,52
1,<environment.Job instance at 0x7f74890805a0>,48,16,[14  3],49,-1,71,-1,55
1,<environment.Job instance at 0x7f7489080640>,49,16,[ 5 12],50,-1,71,-1,55
1,<environment.Job instance at 0x7f74890806e0>,50,20,[5 2],51,-1,79,-1,59
1,<environment.Job instance at 0x7f7489080780>,51,27,[12  3],52,-1,86,-1,59
1,<environment.Job instance at 0x7f7489080960>,53,21,[ 1 11],54,-1,88,-1,67
1,<environment.Job instance at 0x7f7489080910>,54,26,[11  5],55,-1,93,-1,67
1,<environment.Job instance at 0x7f7489080c30>,56,28,[ 5 10],57,-1,95,-1,67
1,<environment.Job instance at 0x7f7489080c80>,57,28,[14  5],58,-1,95,-1,67
1,<environment.Job instance at 0x7f7489080cd0>,58,13,[13  5],59,-1,80,-1,67
1,<environment.Job instance at 0x7f7489080eb0>,59,22,[ 2 14],60,-1,89,-1,67
1,<environment.Job instance at 0x7f7489080f50>,60,27,[4 5],61,-1,94,-1,67
1,<environment.Job instance at 0x7f7489080fa0>,61,23,[12  5],62,-1,90,-1,67
1,<environment.Job instance at 0x7f7489080f00>,62,16,[ 2 14],63,-1,83,-1,67
1,<environment.Job instance at 0x7f74883fa370>,66,16,[ 2 11],67,-1,119,-1,103
1,<environment.Job instance at 0x7f74883fa460>,68,13,[ 4 13],69,-1,132,-1,119
1,<environment.Job instance at 0x7f74883fa640>,69,27,[10  1],70,-1,146,-1,119
1,<environment.Job instance at 0x7f74883fa6e0>,70,19,[ 4 13],71,-1,138,-1,119
1,<environment.Job instance at 0x7f74883fa780>,71,14,[ 5 13],72,-1,133,-1,119
1,<environment.Job instance at 0x7f74883fa820>,72,13,[ 5 12],73,-1,132,-1,119
1,<environment.Job instance at 0x7f74883fa8c0>,73,23,[10  5],74,-1,142,-1,119
1,<environment.Job instance at 0x7f74883faa00>,75,25,[ 5 13],76,-1,144,-1,119
1,<environment.Job instance at 0x7f74883faaa0>,76,16,[12  2],77,-1,135,-1,119
1,<environment.Job instance at 0x7f74883fabe0>,78,14,[ 5 13],79,-1,144,-1,130
1,<environment.Job instance at 0x7f74883fad20>,80,27,[9 2],81,-1,157,-1,130
1,<environment.Job instance at 0x7f74883fadc0>,81,21,[14  2],82,-1,151,-1,130
1,<environment.Job instance at 0x7f74883fae60>,82,27,[11  3],83,-1,157,-1,130
1,<environment.Job instance at 0x7f74883faf00>,83,17,[14  5],84,-1,147,-1,130
1,<environment.Job instance at 0x7f74883fafa0>,84,27,[10  4],85,-1,157,-1,130
1,<environment.Job instance at 0x7f74883f70f0>,86,25,[ 1 13],87,-1,165,-1,140
1,<environment.Job instance at 0x7f74883f7280>,87,27,[8 4],88,-1,167,-1,140
1,<environment.Job instance at 0x7f74883f73c0>,89,23,[ 5 12],90,-1,166,-1,143
1,<environment.Job instance at 0x7f74883f7460>,90,17,[12  2],91,-1,160,-1,143
1,<environment.Job instance at 0x7f74883f7500>,91,26,[ 2 12],92,-1,169,-1,143
1,<environment.Job instance at 0x7f74883f75a0>,92,28,[4 7],93,-1,171,-1,143
1,<environment.Job instance at 0x7f74883f76e0>,94,20,[14  4],95,-1,172,-1,152
1,<environment.Job instance at 0x7f74883f7870>,95,23,[9 4],96,-1,175,-1,152
1,<environment.Job instance at 0x7f74883f7190>,96,18,[13  2],97,-1,170,-1,152
1,<environment.Job instance at 0x7f74883f7960>,97,18,[12  1],98,-1,170,-1,152
1,<environment.Job instance at 0x7f74883f7a00>,98,19,[ 3 11],99,-1,171,-1,152
1,<environment.Job instance at 0x7f74887fd050>,11,28,[11  3],12,-1,65,-1,37
1,<environment.Job instance at 0x7f74887fdaf0>,12,24,[ 3 12],13,-1,61,-1,37
1,<environment.Job instance at 0x7f74887fdfa0>,13,14,[ 3 12],14,-1,51,-1,37
1,<environment.Job instance at 0x7f74887fd1e0>,14,13,[12  5],15,-1,50,-1,37
1,<environment.Job instance at 0x7f74887fddc0>,15,13,[12  1],16,-1,50,-1,37
1,<environment.Job instance at 0x7f74887fdeb0>,16,18,[ 4 12],17,-1,55,-1,37
1,<environment.Job instance at 0x7f74887fd730>,17,12,[13  3],18,-1,49,-1,37
1,<environment.Job instance at 0x7f74887fd410>,18,28,[14  1],19,-1,65,-1,37
1,<environment.Job instance at 0x7f74887fd8c0>,21,18,[ 1 11],22,-1,59,-1,41
1,<environment.Job instance at 0x7f74887fda50>,22,14,[7 1],23,-1,55,-1,41
1,<environment.Job instance at 0x7f74887fdb40>,24,24,[14  4],25,-1,66,-1,42
1,<environment.Job instance at 0x7f74887fd550>,27,24,[11  1],28,-1,79,-1,55
1,<environment.Job instance at 0x7f74887fde10>,28,26,[2 7],29,-1,81,-1,55
1,<environment.Job instance at 0x7f7488803dc0>,29,24,[14  2],30,-1,79,-1,55
1,<environment.Job instance at 0x7f7488803410>,30,23,[ 2 11],31,-1,78,-1,55
1,<environment.Job instance at 0x7f7488803460>,31,28,[ 1 11],32,-1,83,-1,55
1,<environment.Job instance at 0x7f7488803cd0>,34,24,[14  5],35,-1,97,-1,73
1,<environment.Job instance at 0x7f7488803690>,35,24,[8 3],36,-1,97,-1,73
1,<environment.Job instance at 0x7f74888037d0>,36,16,[14  1],37,-1,89,-1,73
1,<environment.Job instance at 0x7f7488803190>,38,25,[3 6],39,-1,112,-1,87
1,<environment.Job instance at 0x7f7488803780>,39,19,[ 4 14],40,-1,106,-1,87
1,<environment.Job instance at 0x7f7488803550>,40,28,[3 6],41,-1,115,-1,87
1,<environment.Job instance at 0x7f7488803870>,41,24,[14  4],42,-1,111,-1,87
1,<environment.Job instance at 0x7f7488826aa0>,44,27,[ 5 12],45,-1,137,-1,110
1,<environment.Job instance at 0x7f74888260f0>,46,16,[14  2],47,-1,133,-1,117
1,<environment.Job instance at 0x7f7488826d70>,47,25,[ 4 14],48,-1,142,-1,117
1,<environment.Job instance at 0x7f7488826190>,48,18,[ 2 11],49,-1,135,-1,117
1,<environment.Job instance at 0x7f7488826500>,49,18,[ 1 13],50,-1,135,-1,117
1,<environment.Job instance at 0x7f7488826b90>,51,17,[13  3],52,-1,134,-1,117
1,<environment.Job instance at 0x7f7488826be0>,52,27,[2 5],53,-1,144,-1,117
1,<environment.Job instance at 0x7f7488826dc0>,53,19,[ 2 13],54,-1,136,-1,117
1,<environment.Job instance at 0x7f7488b98870>,54,14,[14  5],55,-1,131,-1,117
1,<environment.Job instance at 0x7f7489064be0>,55,26,[ 3 14],56,-1,143,-1,117
1,<environment.Job instance at 0x7f7489064730>,56,14,[13  5],57,-1,131,-1,117
1,<environment.Job instance at 0x7f7489064a00>,57,15,[ 2 11],58,-1,132,-1,117
1,<environment.Job instance at 0x7f748904e690>,59,24,[ 5 13],60,-1,156,-1,132
1,<environment.Job instance at 0x7f7489064550>,60,22,[ 3 14],61,-1,154,-1,132
1,<environment.Job instance at 0x7f748904e410>,61,17,[13  4],62,-1,149,-1,132
1,<environment.Job instance at 0x7f7489081550>,64,19,[14  1],65,-1,165,-1,146
1,<environment.Job instance at 0x7f74888307d0>,66,15,[13  5],67,-1,162,-1,147
1,<environment.Job instance at 0x7f7488830780>,67,15,[12  1],68,-1,162,-1,147
1,<environment.Job instance at 0x7f7488830eb0>,68,17,[13  2],69,-1,164,-1,147
1,<environment.Job instance at 0x7f7488830fa0>,69,21,[11  3],70,-1,169,-1,148
1,<environment.Job instance at 0x7f74888f7460>,3,13,[12  5],4,-1,17,-1,4
1,<environment.Job instance at 0x7f74888f7b90>,4,22,[14  3],5,-1,27,-1,5
1,<environment.Job instance at 0x7f74888f7a00>,5,14,[ 2 11],6,-1,20,-1,6
1,<environment.Job instance at 0x7f74888f7870>,6,13,[ 5 11],7,-1,20,-1,7
1,<environment.Job instance at 0x7f7491f9a6e0>,8,27,[4 5],9,-1,36,-1,9
1,<environment.Job instance at 0x7f7491f9aeb0>,10,13,[ 3 13],11,-1,24,-1,11
1,<environment.Job instance at 0x7f7491f9a960>,15,16,[11  1],16,-1,33,-1,17
1,<environment.Job instance at 0x7f7491f9a690>,17,13,[ 5 12],18,-1,47,-1,34
1,<environment.Job instance at 0x7f7491f9a1e0>,18,25,[1 6],19,-1,60,-1,35
1,<environment.Job instance at 0x7f74897f92d0>,19,21,[ 4 13],20,-1,56,-1,35
1,<environment.Job instance at 0x7f74897f9d70>,20,19,[11  3],21,-1,54,-1,35
1,<environment.Job instance at 0x7f74897f9690>,21,14,[ 1 11],22,-1,49,-1,35
1,<environment.Job instance at 0x7f74897f9c80>,22,25,[ 1 12],23,-1,60,-1,35
1,<environment.Job instance at 0x7f74897f9190>,23,20,[12  4],24,-1,55,-1,35
1,<environment.Job instance at 0x7f74897f9a00>,24,23,[5 1],25,-1,58,-1,35
1,<environment.Job instance at 0x7f74897f9910>,26,23,[ 2 14],27,-1,75,-1,52
1,<environment.Job instance at 0x7f74897f9640>,27,27,[ 3 13],28,-1,79,-1,52
1,<environment.Job instance at 0x7f74897f9550>,28,12,[ 2 13],29,-1,64,-1,52
1,<environment.Job instance at 0x7f74897f9410>,29,19,[ 1 14],30,-1,71,-1,52
1,<environment.Job instance at 0x7f74897f9320>,32,16,[13  5],33,-1,83,-1,67
1,<environment.Job instance at 0x7f74897f93c0>,34,22,[7 1],35,-1,104,-1,82
1,<environment.Job instance at 0x7f74897f9af0>,35,12,[12  2],36,-1,94,-1,82
1,<environment.Job instance at 0x7f74897f95f0>,37,24,[ 3 11],38,-1,106,-1,82
1,<environment.Job instance at 0x7f7488d202d0>,38,26,[6 5],39,-1,108,-1,82
1,<environment.Job instance at 0x7f7488d20aa0>,40,27,[1 5],41,-1,123,-1,96
1,<environment.Job instance at 0x7f7488d20640>,42,17,[12  2],43,-1,113,-1,96
1,<environment.Job instance at 0x7f7488d20870>,43,23,[6 1],44,-1,119,-1,96
1,<environment.Job instance at 0x7f7488d20eb0>,45,20,[ 1 14],46,-1,130,-1,110
1,<environment.Job instance at 0x7f7488d200a0>,46,19,[ 1 11],47,-1,129,-1,110
1,<environment.Job instance at 0x7f7488d20370>,47,24,[5 8],48,-1,134,-1,110
1,<environment.Job instance at 0x7f7488d20910>,48,27,[10  2],49,-1,137,-1,110
1,<environment.Job instance at 0x7f7488d20690>,50,27,[ 3 12],51,-1,140,-1,113
1,<environment.Job instance at 0x7f7488d20be0>,51,18,[ 3 12],52,-1,131,-1,113
1,<environment.Job instance at 0x7f7488d208c0>,52,13,[14  2],53,-1,126,-1,113
1,<environment.Job instance at 0x7f7488d203c0>,55,19,[ 1 14],56,-1,164,-1,145
1,<environment.Job instance at 0x7f74894ab910>,4,14,[12  3],5,-1,19,-1,5
1,<environment.Job instance at 0x7f74894ab5f0>,6,14,[ 4 14],7,-1,21,-1,7
1,<environment.Job instance at 0x7f74894ab8c0>,7,25,[10  4],8,-1,34,-1,9
1,<environment.Job instance at 0x7f74894140f0>,14,25,[14  5],15,-1,54,-1,29
1,<environment.Job instance at 0x7f7488f5ab90>,21,14,[ 5 13],22,-1,81,-1,67
1,<environment.Job instance at 0x7f7488f5ac80>,24,27,[ 4 11],25,-1,117,-1,90
1,<environment.Job instance at 0x7f7489750a00>,26,24,[ 2 13],27,-1,114,-1,90
1,<environment.Job instance at 0x7f7489750dc0>,27,13,[ 1 11],28,-1,103,-1,90
1,<environment.Job instance at 0x7f7488beba50>,32,15,[13  2],33,-1,133,-1,118
1,<environment.Job instance at 0x7f7488a74c30>,33,23,[ 1 10],34,-1,141,-1,118
1,<environment.Job instance at 0x7f74890205a0>,34,16,[ 1 12],35,-1,134,-1,118
1,<environment.Job instance at 0x7f74898e7460>,35,24,[10  2],36,-1,142,-1,118
1,<environment.Job instance at 0x7f74893261e0>,36,24,[ 1 10],37,-1,142,-1,118
1,<environment.Job instance at 0x7f74898e7140>,38,16,[12  1],39,-1,144,-1,128
1,<environment.Job instance at 0x7f748985a910>,40,15,[13  3],41,-1,148,-1,133
1,<environment.Job instance at 0x7f74894cdaa0>,42,17,[ 5 13],43,-1,167,-1,150
1,<environment.Job instance at 0x7f748985a8c0>,43,22,[14  1],44,-1,172,-1,150
1,<environment.Job instance at 0x7f7491f9eaa0>,45,24,[14  5],46,-1,174,-1,150
1,<environment.Job instance at 0x7f7489086410>,46,25,[ 3 14],47,-1,175,-1,150
1,<environment.Job instance at 0x7f7489086500>,47,25,[6 2],48,-1,175,-1,150
1,<environment.Job instance at 0x7feef753d460>,3,13,[12  4],4,-1,17,-1,4
1,<environment.Job instance at 0x7feef753d640>,4,24,[7 2],5,-1,29,-1,5
1,<environment.Job instance at 0x7feef753d690>,5,24,[ 2 14],6,-1,30,-1,6
1,<environment.Job instance at 0x7feef753d730>,6,15,[ 2 14],7,-1,22,-1,7
1,<environment.Job instance at 0x7feef753d7d0>,7,26,[9 3],8,-1,34,-1,8
1,<environment.Job instance at 0x7feef753d870>,8,20,[ 4 13],9,-1,29,-1,9
1,<environment.Job instance at 0x7feef753d910>,9,16,[12  1],10,-1,26,-1,10
1,<environment.Job instance at 0x7feef753db90>,12,28,[ 1 14],13,-1,41,-1,13
1,<environment.Job instance at 0x7feef753db40>,14,15,[14  4],15,-1,30,-1,15
1,<environment.Job instance at 0x7feef753ddc0>,15,20,[ 3 12],16,-1,36,-1,16
1,<environment.Job instance at 0x7feef753de60>,16,28,[5 1],17,-1,46,-1,18
1,<environment.Job instance at 0x7feef753d550>,18,18,[13  1],19,-1,37,-1,19
1,<environment.Job instance at 0x7feef7540050>,19,23,[8 4],20,-1,43,-1,20
1,<environment.Job instance at 0x7feef75400f0>,20,17,[ 2 14],21,-1,38,-1,21
1,<environment.Job instance at 0x7feef7540190>,21,14,[ 4 11],22,-1,36,-1,22
1,<environment.Job instance at 0x7feef75402d0>,23,16,[12  2],24,-1,40,-1,24
1,<environment.Job instance at 0x7feef7540500>,27,17,[ 4 12],28,-1,51,-1,34
1,<environment.Job instance at 0x7feef7540730>,28,17,[ 1 13],29,-1,51,-1,34
1,<environment.Job instance at 0x7feef7540690>,29,24,[ 4 13],30,-1,58,-1,34
1,<environment.Job instance at 0x7feef7540870>,30,26,[11  4],31,-1,60,-1,34
1,<environment.Job instance at 0x7feef7540910>,31,28,[ 2 10],32,-1,62,-1,34
1,<environment.Job instance at 0x7feef7540960>,33,28,[6 4],34,-1,74,-1,46
1,<environment.Job instance at 0x7feef7540780>,34,24,[5 5],35,-1,70,-1,46
1,<environment.Job instance at 0x7feef7540e10>,40,26,[ 1 14],41,-1,137,-1,111
1,<environment.Job instance at 0x7feef7540fa0>,41,12,[8 3],42,-1,150,-1,138
1,<environment.Job instance at 0x7feef769c910>,7,17,[11  1],8,-1,43,-1,26
1,<environment.Job instance at 0x7feef769c500>,8,27,[ 3 13],9,-1,53,-1,26
1,<environment.Job instance at 0x7feef769c190>,10,26,[3 9],11,-1,52,-1,26
1,<environment.Job instance at 0x7feef769c140>,11,19,[11  4],12,-1,48,-1,29
1,<environment.Job instance at 0x7feef769cc80>,12,24,[4 9],13,-1,53,-1,29
1,<environment.Job instance at 0x7feef769c9b0>,13,25,[13  2],14,-1,54,-1,29
1,<environment.Job instance at 0x7feef7b824b0>,14,23,[6 4],15,-1,52,-1,29
1,<environment.Job instance at 0x7feef7b82cd0>,15,22,[12  2],16,-1,51,-1,29
1,<environment.Job instance at 0x7feef7b82320>,18,13,[ 3 11],19,-1,55,-1,42
1,<environment.Job instance at 0x7feef7b821e0>,19,14,[14  1],20,-1,56,-1,42
1,<environment.Job instance at 0x7feef7b825f0>,20,14,[12  1],21,-1,56,-1,42
1,<environment.Job instance at 0x7feef7b82c30>,21,17,[12  4],22,-1,59,-1,42
1,<environment.Job instance at 0x7feef7b82780>,25,21,[5 9],26,-1,89,-1,68
1,<environment.Job instance at 0x7feef7b82550>,28,14,[7 1],29,-1,100,-1,86
1,<environment.Job instance at 0x7feef6e65b90>,29,14,[14  2],30,-1,100,-1,86
1,<environment.Job instance at 0x7feef6f9ceb0>,30,13,[12  2],31,-1,99,-1,86
1,<environment.Job instance at 0x7feef7b82370>,31,27,[3 6],32,-1,113,-1,86
1,<environment.Job instance at 0x7feef6f9c6e0>,32,22,[2 8],33,-1,108,-1,86
1,<environment.Job instance at 0x7feef6c8e320>,33,15,[6 1],34,-1,101,-1,86
1,<environment.Job instance at 0x7feef6c8e6e0>,35,13,[12  2],36,-1,99,-1,86
1,<environment.Job instance at 0x7feef7016be0>,36,27,[10  5],37,-1,113,-1,86
1,<environment.Job instance at 0x7feef7016c30>,37,14,[11  1],38,-1,100,-1,86
1,<environment.Job instance at 0x7feef6c8cdc0>,38,24,[12  2],39,-1,110,-1,86
1,<environment.Job instance at 0x7feef6c8caf0>,39,20,[12  3],40,-1,106,-1,86
1,<environment.Job instance at 0x7feef6c8c690>,40,20,[ 2 10],41,-1,106,-1,86
1,<environment.Job instance at 0x7feef6fa4460>,41,15,[11  5],42,-1,101,-1,86
1,<environment.Job instance at 0x7feef6f57f00>,42,19,[14  4],43,-1,105,-1,86
1,<environment.Job instance at 0x7feef6fa4410>,43,17,[ 3 12],44,-1,103,-1,86
1,<environment.Job instance at 0x7feef6ed7d70>,44,13,[2 5],45,-1,100,-1,87
1,<environment.Job instance at 0x7feef6ba8190>,45,19,[ 4 14],46,-1,106,-1,87
1,<environment.Job instance at 0x7feef6f57410>,46,16,[ 5 12],47,-1,103,-1,87
1,<environment.Job instance at 0x7feef7093230>,47,21,[ 1 12],48,-1,108,-1,87
1,<environment.Job instance at 0x7feef6fa43c0>,48,16,[ 1 14],49,-1,103,-1,87
1,<environment.Job instance at 0x7feef7093b40>,49,18,[ 1 14],50,-1,105,-1,87
1,<environment.Job instance at 0x7feef7035e10>,50,23,[1 9],51,-1,110,-1,87
1,<environment.Job instance at 0x7feef7035500>,51,17,[14  5],52,-1,104,-1,87
1,<environment.Job instance at 0x7feef7035460>,52,25,[4 8],53,-1,112,-1,87
1,<environment.Job instance at 0x7feef7035730>,53,25,[11  3],54,-1,112,-1,87
1,<environment.Job instance at 0x7feef70587d0>,54,15,[14  2],55,-1,102,-1,87
1,<environment.Job instance at 0x7feef7058af0>,55,18,[11  1],56,-1,105,-1,87
1,<environment.Job instance at 0x7feef6c934b0>,57,17,[12  1],58,-1,117,-1,100
1,<environment.Job instance at 0x7feef7058aa0>,58,20,[12  2],59,-1,120,-1,100
1,<environment.Job instance at 0x7feef6ff8fa0>,60,19,[4 7],61,-1,120,-1,101
1,<environment.Job instance at 0x7feef6ff8140>,61,13,[ 4 11],62,-1,114,-1,101
1,<environment.Job instance at 0x7feef6ff86e0>,62,16,[14  3],63,-1,117,-1,101
1,<environment.Job instance at 0x7feef6ff8500>,63,19,[ 5 10],64,-1,120,-1,101
1,<environment.Job instance at 0x7feef6ff8460>,64,22,[ 4 10],65,-1,123,-1,101
1,<environment.Job instance at 0x7feef6ff8730>,65,14,[ 1 13],66,-1,115,-1,101
1,<environment.Job instance at 0x7feef6ff4dc0>,66,13,[4 8],67,-1,114,-1,101
1,<environment.Job instance at 0x7feef703e6e0>,68,19,[13  1],69,-1,135,-1,116
1,<environment.Job instance at 0x7feef6ff4be0>,69,20,[ 1 12],70,-1,136,-1,116
1,<environment.Job instance at 0x7feef703ef50>,71,24,[7 2],72,-1,140,-1,116
1,<environment.Job instance at 0x7feef703ee60>,72,13,[ 5 11],73,-1,129,-1,116
1,<environment.Job instance at 0x7feef7056d70>,73,13,[14  1],74,-1,129,-1,116
1,<environment.Job instance at 0x7feef7056d20>,74,12,[ 5 12],75,-1,128,-1,116
1,<environment.Job instance at 0x7feef7056eb0>,75,13,[9 2],76,-1,129,-1,116
1,<environment.Job instance at 0x7feef6f53e10>,76,13,[4 5],77,-1,130,-1,117
1,<environment.Job instance at 0x7feef6f53870>,77,27,[6 1],78,-1,144,-1,117
1,<environment.Job instance at 0x7feef6f53c30>,78,27,[ 4 13],79,-1,144,-1,117
1,<environment.Job instance at 0x7feef6f53640>,79,14,[12  3],80,-1,131,-1,117
1,<environment.Job instance at 0x7feef6f53e60>,80,27,[11  1],81,-1,144,-1,117
1,<environment.Job instance at 0x7feef7052780>,81,24,[6 2],82,-1,141,-1,117
1,<environment.Job instance at 0x7feef7052cd0>,82,13,[3 5],83,-1,131,-1,118
1,<environment.Job instance at 0x7feef70423c0>,84,23,[1 8],85,-1,150,-1,127
1,<environment.Job instance at 0x7feef7042460>,85,27,[ 5 14],86,-1,154,-1,127
1,<environment.Job instance at 0x7feef7042550>,87,27,[5 1],88,-1,157,-1,130
1,<environment.Job instance at 0x7feef7042c30>,88,26,[ 2 13],89,-1,156,-1,130
1,<environment.Job instance at 0x7feef6fe1f50>,89,28,[14  4],90,-1,158,-1,130
1,<environment.Job instance at 0x7feef6fe1e60>,90,27,[3 9],91,-1,157,-1,130
1,<environment.Job instance at 0x7feef6fe1f00>,91,20,[ 4 11],92,-1,150,-1,130
1,<environment.Job instance at 0x7feef70362d0>,92,15,[14  1],93,-1,145,-1,130
1,<environment.Job instance at 0x7feef70369b0>,94,27,[1 5],95,-1,171,-1,144
1,<environment.Job instance at 0x7feef7036aa0>,95,26,[11  3],96,-1,170,-1,144
1,<environment.Job instance at 0x7feef7036b90>,96,25,[11  3],97,-1,169,-1,144
1,<environment.Job instance at 0x7feef6c318c0>,1,26,[6 2],2,-1,28,-1,2
1,<environment.Job instance at 0x7feef6c310f0>,2,23,[5 8],3,-1,26,-1,3
1,<environment.Job instance at 0x7feef6c311e0>,5,21,[ 4 14],6,-1,27,-1,6
1,<environment.Job instance at 0x7feef6bf51e0>,6,28,[5 6],7,-1,35,-1,7
1,<environment.Job instance at 0x7feef6bf53c0>,7,20,[ 2 11],8,-1,28,-1,8
1,<environment.Job instance at 0x7feef6bf50f0>,8,13,[12  1],9,-1,22,-1,9
1,<environment.Job instance at 0x7feef6bf5960>,9,12,[14  3],10,-1,22,-1,10
1,<environment.Job instance at 0x7feef6bf5140>,10,23,[ 4 11],11,-1,34,-1,11
1,<environment.Job instance at 0x7feef6bf5c80>,11,14,[ 2 14],12,-1,26,-1,12
1,<environment.Job instance at 0x7feef6bf5870>,12,27,[1 8],13,-1,40,-1,13
1,<environment.Job instance at 0x7feef6bf5aa0>,13,26,[7 4],14,-1,40,-1,14
1,<environment.Job instance at 0x7feef6bf57d0>,14,20,[14  3],15,-1,35,-1,15
1,<environment.Job instance at 0x7feef6bf5910>,15,25,[5 2],16,-1,41,-1,16
1,<environment.Job instance at 0x7feef6bf5780>,16,24,[6 3],17,-1,41,-1,17
1,<environment.Job instance at 0x7feef6bf5730>,17,25,[ 2 14],18,-1,43,-1,18
1,<environment.Job instance at 0x7feef6bf5d20>,20,28,[8 2],21,-1,49,-1,21
1,<environment.Job instance at 0x7feef6bf5190>,21,26,[14  3],22,-1,48,-1,22
1,<environment.Job instance at 0x7feef6bf5eb0>,22,27,[12  1],23,-1,50,-1,23
1,<environment.Job instance at 0x7feef6bf5dc0>,23,27,[ 3 11],24,-1,51,-1,24
1,<environment.Job instance at 0x7feef6c51dc0>,24,15,[ 3 13],25,-1,40,-1,25
1,<environment.Job instance at 0x7feef6c51910>,25,21,[ 5 12],26,-1,47,-1,26
1,<environment.Job instance at 0x7feef6c51b40>,26,21,[ 5 10],27,-1,48,-1,27
1,<environment.Job instance at 0x7feef6c51640>,27,23,[9 5],28,-1,51,-1,28
1,<environment.Job instance at 0x7feef6c511e0>,31,25,[12  5],32,-1,57,-1,32
1,<environment.Job instance at 0x7feef6c51410>,32,24,[6 4],33,-1,57,-1,33
1,<environment.Job instance at 0x7feef6c51a50>,33,19,[ 2 11],34,-1,53,-1,34
1,<environment.Job instance at 0x7feef6c51320>,34,23,[13  3],35,-1,58,-1,35
1,<environment.Job instance at 0x7feef6ba00a0>,44,17,[12  4],45,-1,117,-1,100
1,<environment.Job instance at 0x7feef6ba0320>,46,27,[13  3],47,-1,130,-1,103
1,<environment.Job instance at 0x7feef6ba01e0>,48,17,[ 1 11],49,-1,136,-1,119
1,<environment.Job instance at 0x7feef6c2bcd0>,50,19,[12  4],51,-1,138,-1,119
1,<environment.Job instance at 0x7feef6c2b730>,51,14,[ 5 12],52,-1,133,-1,119
1,<environment.Job instance at 0x7feef7781e10>,53,25,[8 3],54,-1,159,-1,134
1,<environment.Job instance at 0x7feef7a80690>,54,16,[ 2 11],55,-1,150,-1,134
1,<environment.Job instance at 0x7feef7781be0>,55,28,[ 3 11],56,-1,162,-1,134
1,<environment.Job instance at 0x7feef7189aa0>,56,15,[13  4],57,-1,149,-1,134
1,<environment.Job instance at 0x7feef73c9d20>,57,24,[2 7],58,-1,158,-1,134
1,<environment.Job instance at 0x7feef73c9be0>,58,16,[14  5],59,-1,150,-1,134
1,<environment.Job instance at 0x7feef7a93aa0>,60,27,[14  3],61,-1,162,-1,135
1,<environment.Job instance at 0x7feef7a93280>,61,18,[ 1 14],62,-1,153,-1,135
1,<environment.Job instance at 0x7feef7a935f0>,63,15,[11  2],64,-1,163,-1,148
1,<environment.Job instance at 0x7feef7a93af0>,64,13,[ 1 12],65,-1,161,-1,148
1,<environment.Job instance at 0x7feef7c730f0>,66,28,[5 7],67,-1,176,-1,148
1,<environment.Job instance at 0x7feef7c735a0>,67,16,[ 4 11],68,-1,164,-1,148
1,<environment.Job instance at 0x7feef7c73af0>,68,17,[13  3],69,-1,165,-1,148
1,<environment.Job instance at 0x7feef7c732d0>,69,22,[ 3 11],70,-1,170,-1,148
1,<environment.Job instance at 0x7feef6bf5f00>,71,13,[ 5 12],72,-1,181,-1,168
1,<environment.Job instance at 0x7feef709bfa0>,72,23,[ 5 11],73,-1,191,-1,168
1,<environment.Job instance at 0x7feef7107a00>,73,27,[12  4],74,-1,195,-1,168
1,<environment.Job instance at 0x7feef7c73460>,74,13,[12  4],75,-1,181,-1,168
1,<environment.Job instance at 0x7feef6c06f00>,75,23,[9 4],76,-1,191,-1,168
1,<environment.Job instance at 0x7feef719bdc0>,76,13,[ 3 14],77,-1,181,-1,168
1,<environment.Job instance at 0x7feef812c2d0>,77,24,[ 4 14],78,-1,192,-1,168
1,<environment.Job instance at 0x7feef7c731e0>,79,24,[13  3],80,-1,192,-1,168
1,<environment.Job instance at 0x7feef72ed780>,80,27,[9 5],81,-1,195,-1,168
1,<environment.Job instance at 0x7feef6c8ad20>,81,22,[13  5],82,-1,190,-1,168
1,<environment.Job instance at 0x7feef716fd20>,82,14,[ 3 13],83,-1,182,-1,168
1,<environment.Job instance at 0x7feef716f780>,83,26,[14  2],84,-1,194,-1,168
1,<environment.Job instance at 0x7feef6c5c780>,84,13,[13  4],85,-1,181,-1,168
1,<environment.Job instance at 0x7feef6c5ce60>,85,21,[ 4 10],86,-1,189,-1,168
1,<environment.Job instance at 0x7feef6c08c80>,86,23,[2 8],87,-1,191,-1,168
1,<environment.Job instance at 0x7feef6c5cc80>,87,25,[11  1],88,-1,193,-1,168
1,<environment.Job instance at 0x7feef7125d20>,88,19,[13  3],89,-1,187,-1,168
1,<environment.Job instance at 0x7feef6e692d0>,1,19,[14  2],2,-1,21,-1,2
1,<environment.Job instance at 0x7feef719faf0>,2,18,[14  4],3,-1,21,-1,3
1,<environment.Job instance at 0x7feef72eb730>,9,27,[14  4],10,-1,37,-1,10
1,<environment.Job instance at 0x7feef72eb320>,11,26,[ 5 14],12,-1,43,-1,17
1,<environment.Job instance at 0x7feef72eb0f0>,12,26,[ 2 13],13,-1,43,-1,17
1,<environment.Job instance at 0x7feef72eb4b0>,14,25,[ 4 10],15,-1,61,-1,36
1,<environment.Job instance at 0x7feef7518f00>,15,26,[7 1],16,-1,62,-1,36
1,<environment.Job instance at 0x7feef7579c30>,20,27,[13  4],21,-1,92,-1,65
1,<environment.Job instance at 0x7feef7579a00>,21,17,[13  4],22,-1,82,-1,65
1,<environment.Job instance at 0x7feef7579730>,22,13,[14  2],23,-1,78,-1,65
1,<environment.Job instance at 0x7feef6f52230>,24,24,[10  1],25,-1,93,-1,69
1,<environment.Job instance at 0x7feef6f525f0>,27,16,[ 2 10],28,-1,94,-1,78
1,<environment.Job instance at 0x7feef6f521e0>,28,26,[14  2],29,-1,104,-1,78
1,<environment.Job instance at 0x7feef6f52550>,29,25,[13  4],30,-1,103,-1,78
1,<environment.Job instance at 0x7feef6f520a0>,30,27,[6 1],31,-1,105,-1,78
1,<environment.Job instance at 0x7feef6fce9b0>,31,26,[ 3 14],32,-1,104,-1,78
1,<environment.Job instance at 0x7feef707dbe0>,33,16,[12  2],34,-1,103,-1,87
1,<environment.Job instance at 0x7feef707d1e0>,34,17,[ 4 11],35,-1,104,-1,87
1,<environment.Job instance at 0x7feef6c8f280>,36,19,[ 4 12],37,-1,109,-1,90
1,<environment.Job instance at 0x7feef6e68cd0>,37,16,[ 1 13],38,-1,106,-1,90
1,<environment.Job instance at 0x7feef6edce60>,38,18,[14  2],39,-1,108,-1,90
1,<environment.Job instance at 0x7feef6f3e280>,42,17,[ 2 12],43,-1,125,-1,108
1,<environment.Job instance at 0x7feef71bb690>,45,22,[ 5 13],46,-1,148,-1,126
1,<environment.Job instance at 0x7feef7065f00>,46,12,[ 3 11],47,-1,138,-1,126
1,<environment.Job instance at 0x7feef6ebbc30>,47,27,[11  2],48,-1,153,-1,126
1,<environment.Job instance at 0x7feef6beda00>,49,14,[ 3 10],50,-1,154,-1,140
1,<environment.Job instance at 0x7feef6fa45f0>,51,22,[ 4 12],52,-1,162,-1,140
1,<environment.Job instance at 0x7feef6f9c820>,54,27,[12  1],55,-1,185,-1,158
1,<environment.Job instance at 0x7feef6f53370>,55,18,[14  5],56,-1,176,-1,158
1,<environment.Job instance at 0x7feef6f53dc0>,56,13,[ 5 11],57,-1,171,-1,158
1,<environment.Job instance at 0x7feef78ef280>,57,27,[12  2],58,-1,185,-1,158
1,<environment.Job instance at 0x7feef6cb9b90>,58,13,[10  1],59,-1,171,-1,158
1,<environment.Job instance at 0x7feef6cb9960>,59,27,[5 1],60,-1,185,-1,158
1,<environment.Job instance at 0x7feef6cb9cd0>,60,28,[ 5 10],61,-1,186,-1,158
1,<environment.Job instance at 0x7feef6cb9af0>,61,27,[11  5],62,-1,185,-1,158
1,<environment.Job instance at 0x7feef6cb9a50>,62,23,[14  5],63,-1,181,-1,158
1,<environment.Job instance at 0x7feef6cb9d20>,63,16,[12  4],64,-1,174,-1,158
1,<environment.Job instance at 0x7feef7052e10>,64,18,[ 1 10],65,-1,176,-1,158
1,<environment.Job instance at 0x7feef7052140>,65,27,[12  4],66,-1,185,-1,158
1,<environment.Job instance at 0x7feef7052be0>,66,20,[ 5 12],67,-1,178,-1,158
1,<environment.Job instance at 0x7feef7052e60>,67,28,[12  4],68,-1,186,-1,158
1,<environment.Job instance at 0x7feef7052b90>,68,16,[ 1 14],69,-1,174,-1,158
1,<environment.Job instance at 0x7feef6f92f50>,2,23,[5 8],3,-1,30,-1,7
1,<environment.Job instance at 0x7feef79590a0>,11,15,[ 2 12],12,-1,42,-1,27
1,<environment.Job instance at 0x7feef7c04e60>,12,24,[ 1 11],13,-1,51,-1,27
1,<environment.Job instance at 0x7feef7c04640>,13,21,[8 3],14,-1,99,-1,78
1,<environment.Job instance at 0x7feef7c04910>,17,13,[12  4],18,-1,91,-1,78
1,<environment.Job instance at 0x7feef7c04050>,18,28,[10  4],19,-1,106,-1,78
1,<environment.Job instance at 0x7feef7c04460>,19,16,[ 4 10],20,-1,94,-1,78
1,<environment.Job instance at 0x7feef7c042d0>,21,18,[ 1 12],22,-1,114,-1,96
1,<environment.Job instance at 0x7feef7938690>,22,24,[6 3],23,-1,120,-1,96
1,<environment.Job instance at 0x7feef7938280>,23,16,[13  4],24,-1,112,-1,96
1,<environment.Job instance at 0x7feef79386e0>,24,12,[ 5 11],25,-1,108,-1,96
1,<environment.Job instance at 0x7feef7938a00>,27,26,[6 3],28,-1,129,-1,103
1,<environment.Job instance at 0x7feef7938730>,28,23,[11  4],29,-1,126,-1,103
1,<environment.Job instance at 0x7feef7938910>,29,27,[13  2],30,-1,130,-1,103
1,<environment.Job instance at 0x7feef7c36d20>,30,15,[11  4],31,-1,118,-1,103
1,<environment.Job instance at 0x7feef7c36730>,32,26,[14  3],33,-1,135,-1,109
1,<environment.Job instance at 0x7feef7c361e0>,33,17,[14  4],34,-1,126,-1,109
1,<environment.Job instance at 0x7feef7c36280>,34,19,[1 6],35,-1,136,-1,117
1,<environment.Job instance at 0x7feef7c36c80>,35,17,[11  2],36,-1,134,-1,117
1,<environment.Job instance at 0x7feef7c365f0>,36,12,[12  5],37,-1,129,-1,117
1,<environment.Job instance at 0x7feef7c36500>,37,22,[11  3],38,-1,139,-1,117
1,<environment.Job instance at 0x7feef7c36780>,38,22,[8 2],39,-1,139,-1,117
1,<environment.Job instance at 0x7feef7c360f0>,40,23,[2 9],41,-1,145,-1,122
1,<environment.Job instance at 0x7feef7c23460>,42,23,[8 3],43,-1,149,-1,126
1,<environment.Job instance at 0x7feef7c23050>,43,13,[13  3],44,-1,139,-1,126
1,<environment.Job instance at 0x7feef7c235a0>,44,25,[ 1 14],45,-1,151,-1,126
1,<environment.Job instance at 0x7feef7c23640>,45,19,[13  1],46,-1,145,-1,126
1,<environment.Job instance at 0x7feef7c23820>,46,15,[12  3],47,-1,141,-1,126
1,<environment.Job instance at 0x7feef7c23870>,47,24,[ 1 11],48,-1,150,-1,126
1,<environment.Job instance at 0x7feef7c23a00>,48,27,[10  4],49,-1,153,-1,126
1,<environment.Job instance at 0x7feef7c23aa0>,49,26,[5 5],50,-1,152,-1,126
1,<environment.Job instance at 0x7feef6afe1e0>,51,19,[13  1],52,-1,146,-1,127
1,<environment.Job instance at 0x7feef6afe8c0>,52,16,[11  1],53,-1,143,-1,127
1,<environment.Job instance at 0x7feef7c00190>,53,28,[ 4 11],54,-1,155,-1,127
1,<environment.Job instance at 0x7feef7c06820>,54,22,[5 4],55,-1,155,-1,133
1,<environment.Job instance at 0x7feef6afe960>,55,24,[13  5],56,-1,157,-1,133
1,<environment.Job instance at 0x7feef6afdd20>,56,26,[12  1],57,-1,159,-1,133
1,<environment.Job instance at 0x7feef79593c0>,58,12,[6 4],59,-1,153,-1,141
1,<environment.Job instance at 0x7feef6b297d0>,59,17,[ 2 13],60,-1,158,-1,141
1,<environment.Job instance at 0x7feef6afe460>,60,13,[1 8],61,-1,154,-1,141
1,<environment.Job instance at 0x7feef6b7b780>,61,26,[7 1],62,-1,167,-1,141
1,<environment.Job instance at 0x7feef6b7baf0>,62,22,[8 3],63,-1,164,-1,142
1,<environment.Job instance at 0x7feef6b32dc0>,63,15,[14  1],64,-1,157,-1,142
1,<environment.Job instance at 0x7feef6b52c80>,1,17,[ 5 14],2,-1,19,-1,2
1,<environment.Job instance at 0x7feef6b52230>,2,24,[8 5],3,-1,27,-1,3
1,<environment.Job instance at 0x7feef6b52aa0>,3,24,[5 1],4,-1,28,-1,4
1,<environment.Job instance at 0x7feef6b52d20>,5,16,[ 2 13],6,-1,22,-1,6
1,<environment.Job instance at 0x7feef6b52f50>,7,14,[14  1],8,-1,22,-1,8
1,<environment.Job instance at 0x7feef6b52be0>,6,17,[12  3],7,-1,25,-1,8
1,<environment.Job instance at 0x7feef6b52d70>,8,25,[ 4 10],9,-1,34,-1,9
1,<environment.Job instance at 0x7feef6b525a0>,9,26,[3 6],10,-1,36,-1,10
1,<environment.Job instance at 0x7feef6b52a00>,12,24,[ 4 12],13,-1,37,-1,13
1,<environment.Job instance at 0x7feef6b52870>,14,25,[12  2],15,-1,40,-1,15
1,<environment.Job instance at 0x7feef6b524b0>,16,24,[13  1],17,-1,41,-1,17
1,<environment.Job instance at 0x7feef6af49b0>,17,13,[11  1],18,-1,31,-1,18
1,<environment.Job instance at 0x7feef6af4500>,18,22,[10  1],19,-1,91,-1,69
1,<environment.Job instance at 0x7feef6af43c0>,27,12,[14  2],28,-1,81,-1,69
1,<environment.Job instance at 0x7feef6af42d0>,28,23,[5 5],29,-1,92,-1,69
1,<environment.Job instance at 0x7feef6af4af0>,29,23,[ 3 13],30,-1,92,-1,69
1,<environment.Job instance at 0x7feef6af4460>,30,14,[ 4 12],31,-1,83,-1,69
1,<environment.Job instance at 0x7feef6af48c0>,33,13,[13  2],34,-1,106,-1,93
1,<environment.Job instance at 0x7feef6af45f0>,34,18,[13  5],35,-1,111,-1,93
1,<environment.Job instance at 0x7feef6af4550>,35,26,[2 5],36,-1,119,-1,93
1,<environment.Job instance at 0x7feef7274820>,38,16,[11  2],39,-1,115,-1,99
1,<environment.Job instance at 0x7feef7274eb0>,39,28,[8 2],40,-1,127,-1,99
1,<environment.Job instance at 0x7feef7274cd0>,40,23,[4 9],41,-1,122,-1,99
1,<environment.Job instance at 0x7feef7274e10>,41,24,[5 2],42,-1,123,-1,99
1,<environment.Job instance at 0x7feef72747d0>,43,17,[ 1 14],44,-1,137,-1,120
1,<environment.Job instance at 0x7feef7274c30>,44,25,[ 2 11],45,-1,145,-1,120
1,<environment.Job instance at 0x7feef7274b40>,45,19,[11  3],46,-1,139,-1,120
1,<environment.Job instance at 0x7feef72745a0>,47,22,[4 8],48,-1,158,-1,136
1,<environment.Job instance at 0x7feef7274f50>,50,13,[ 1 12],51,-1,149,-1,136
1,<environment.Job instance at 0x7feef72742d0>,51,16,[ 2 12],52,-1,152,-1,136
1,<environment.Job instance at 0x7feef7274be0>,52,27,[ 3 11],53,-1,163,-1,136
1,<environment.Job instance at 0x7feef7274a00>,53,21,[ 3 13],54,-1,157,-1,136
1,<environment.Job instance at 0x7feef6afdcd0>,56,13,[14  2],57,-1,163,-1,150
1,<environment.Job instance at 0x7feef6afde10>,57,16,[ 4 14],58,-1,166,-1,150
1,<environment.Job instance at 0x7feef6afd960>,59,14,[13  3],60,-1,164,-1,150
1,<environment.Job instance at 0x7feef6afd0a0>,60,24,[3 9],61,-1,174,-1,150
1,<environment.Job instance at 0x7feef6afdb40>,62,17,[ 3 11],63,-1,180,-1,163
1,<environment.Job instance at 0x7feef6b4a500>,8,28,[ 4 12],9,-1,44,-1,16
1,<environment.Job instance at 0x7feef6b4a6e0>,11,24,[ 5 14],12,-1,54,-1,30
1,<environment.Job instance at 0x7feef6b4a7d0>,12,27,[11  1],13,-1,57,-1,30
1,<environment.Job instance at 0x7feef720bf50>,14,16,[ 1 14],15,-1,46,-1,30
1,<environment.Job instance at 0x7feef720bbe0>,15,18,[13  3],16,-1,48,-1,30
1,<environment.Job instance at 0x7feef795f780>,17,13,[5 1],18,-1,45,-1,32
1,<environment.Job instance at 0x7feef795f500>,18,18,[ 2 10],19,-1,50,-1,32
1,<environment.Job instance at 0x7feef795f0f0>,19,13,[ 5 14],20,-1,45,-1,32
1,<environment.Job instance at 0x7feef795f960>,20,17,[ 5 13],21,-1,49,-1,32
1,<environment.Job instance at 0x7feef795f5f0>,21,27,[11  5],22,-1,59,-1,32
1,<environment.Job instance at 0x7feef7357d70>,22,22,[ 2 10],23,-1,54,-1,32
1,<environment.Job instance at 0x7feef73574b0>,23,12,[11  1],24,-1,44,-1,32
1,<environment.Job instance at 0x7feef7357460>,25,14,[ 5 13],26,-1,46,-1,32
1,<environment.Job instance at 0x7feef7357370>,26,13,[ 2 14],27,-1,45,-1,32
1,<environment.Job instance at 0x7feef7357cd0>,27,22,[10  1],28,-1,55,-1,33
1,<environment.Job instance at 0x7feef73577d0>,28,28,[1 7],29,-1,61,-1,33
1,<environment.Job instance at 0x7feef7357eb0>,29,24,[5 1],30,-1,57,-1,33
1,<environment.Job instance at 0x7feef73575f0>,30,15,[ 3 13],31,-1,48,-1,33
1,<environment.Job instance at 0x7feef7357f00>,31,12,[ 3 14],32,-1,45,-1,33
1,<environment.Job instance at 0x7feef7944690>,32,27,[6 5],33,-1,60,-1,33
1,<environment.Job instance at 0x7feef7944280>,35,17,[14  4],36,-1,68,-1,51
1,<environment.Job instance at 0x7feef7944140>,38,16,[ 1 13],39,-1,80,-1,64
1,<environment.Job instance at 0x7feef79442d0>,39,25,[4 7],40,-1,89,-1,64
1,<environment.Job instance at 0x7feef7957fa0>,40,18,[ 2 11],41,-1,82,-1,64
1,<environment.Job instance at 0x7feef7957c30>,41,12,[13  5],42,-1,76,-1,64
1,<environment.Job instance at 0x7feef7957730>,42,22,[14  4],43,-1,86,-1,64
1,<environment.Job instance at 0x7feef79579b0>,43,27,[5 3],44,-1,91,-1,64
1,<environment.Job instance at 0x7feef79570f0>,44,25,[ 3 11],45,-1,89,-1,64
1,<environment.Job instance at 0x7feef7957820>,45,24,[8 3],46,-1,88,-1,64
1,<environment.Job instance at 0x7feef7957640>,46,13,[13  1],47,-1,77,-1,64
1,<environment.Job instance at 0x7feef7957190>,47,26,[ 3 13],48,-1,90,-1,64
1,<environment.Job instance at 0x7feef6aff640>,48,13,[2 9],49,-1,77,-1,64
1,<environment.Job instance at 0x7feef6aff6e0>,49,25,[12  5],50,-1,89,-1,64
1,<environment.Job instance at 0x7feef6aff4b0>,50,27,[5 9],51,-1,91,-1,64
1,<environment.Job instance at 0x7feef6affe60>,52,26,[ 2 11],53,-1,100,-1,74
1,<environment.Job instance at 0x7feef6aff190>,53,21,[1 5],54,-1,101,-1,80
1,<environment.Job instance at 0x7feef6aff050>,55,27,[14  4],56,-1,108,-1,81
1,<environment.Job instance at 0x7feef6affd20>,56,18,[11  4],57,-1,99,-1,81
1,<environment.Job instance at 0x7feef6affcd0>,57,24,[11  2],58,-1,105,-1,81
1,<environment.Job instance at 0x7feef6aff5f0>,58,12,[12  3],59,-1,93,-1,81
1,<environment.Job instance at 0x7feef6aff0a0>,60,13,[11  3],61,-1,104,-1,91
1,<environment.Job instance at 0x7feef6aff370>,61,22,[ 4 12],62,-1,113,-1,91
1,<environment.Job instance at 0x7feef74198c0>,62,20,[13  3],63,-1,111,-1,91
1,<environment.Job instance at 0x7feef7419370>,63,24,[14  1],64,-1,115,-1,91
1,<environment.Job instance at 0x7feef7419280>,65,14,[ 1 13],66,-1,105,-1,91
1,<environment.Job instance at 0x7feef7419190>,66,17,[ 3 12],67,-1,108,-1,91
1,<environment.Job instance at 0x7feef7419500>,67,26,[11  2],68,-1,117,-1,91
1,<environment.Job instance at 0x7feef74191e0>,69,24,[11  1],70,-1,119,-1,95
1,<environment.Job instance at 0x7feef7419aa0>,70,23,[13  2],71,-1,118,-1,95
1,<environment.Job instance at 0x7feef7419960>,71,18,[13  5],72,-1,113,-1,95
1,<environment.Job instance at 0x7feef7419550>,72,13,[9 3],73,-1,110,-1,97
1,<environment.Job instance at 0x7feef7419af0>,73,28,[5 9],74,-1,125,-1,97
1,<environment.Job instance at 0x7feef74192d0>,75,14,[11  2],76,-1,118,-1,104
1,<environment.Job instance at 0x7feef74197d0>,76,15,[12  2],77,-1,119,-1,104
1,<environment.Job instance at 0x7feef7419230>,77,20,[4 9],78,-1,124,-1,104
1,<environment.Job instance at 0x7feef7419eb0>,78,19,[14  2],79,-1,123,-1,104
1,<environment.Job instance at 0x7feef7419c30>,79,20,[ 5 12],80,-1,124,-1,104
1,<environment.Job instance at 0x7feef7419b90>,80,18,[14  1],81,-1,122,-1,104
1,<environment.Job instance at 0x7feef793f460>,81,19,[ 2 14],82,-1,123,-1,104
1,<environment.Job instance at 0x7feef793fd20>,82,24,[ 2 14],83,-1,128,-1,104
1,<environment.Job instance at 0x7feef793ff50>,83,28,[12  4],84,-1,132,-1,104
1,<environment.Job instance at 0x7feef793faf0>,85,23,[3 6],86,-1,137,-1,114
1,<environment.Job instance at 0x7feef793f640>,86,25,[14  5],87,-1,139,-1,114
1,<environment.Job instance at 0x7feef793f280>,88,16,[10  1],89,-1,141,-1,125
1,<environment.Job instance at 0x7feef793fe10>,90,18,[ 2 14],91,-1,150,-1,132
1,<environment.Job instance at 0x7feef793f190>,91,28,[4 5],92,-1,160,-1,132
1,<environment.Job instance at 0x7feef793f0a0>,94,23,[10  5],95,-1,192,-1,169
1,<environment.Job instance at 0x7feef7c00190>,95,13,[13  4],96,-1,182,-1,169
1,<environment.Job instance at 0x7fef00cb4af0>,96,22,[7 2],97,-1,191,-1,169
1,<environment.Job instance at 0x7fef00cb4370>,97,16,[ 5 14],98,-1,185,-1,169
1,<environment.Job instance at 0x7feef73320f0>,2,17,[ 4 13],3,-1,20,-1,3
1,<environment.Job instance at 0x7feef6da5190>,4,17,[ 4 11],5,-1,22,-1,5
1,<environment.Job instance at 0x7feef71bf9b0>,5,23,[ 1 11],6,-1,29,-1,6
1,<environment.Job instance at 0x7feef71bfb90>,6,14,[11  1],7,-1,21,-1,7
1,<environment.Job instance at 0x7feef71bf2d0>,7,23,[ 2 11],8,-1,31,-1,8
1,<environment.Job instance at 0x7feef71b43c0>,8,21,[ 1 11],9,-1,30,-1,9
1,<environment.Job instance at 0x7feef71b46e0>,9,23,[ 2 14],10,-1,33,-1,10
1,<environment.Job instance at 0x7feef71c6af0>,10,28,[5 5],11,-1,39,-1,11
1,<environment.Job instance at 0x7feef71c6690>,11,21,[ 4 13],12,-1,33,-1,12
1,<environment.Job instance at 0x7feef71c6eb0>,12,15,[13  2],13,-1,28,-1,13
1,<environment.Job instance at 0x7feef71c6550>,13,23,[ 5 11],14,-1,37,-1,14
1,<environment.Job instance at 0x7feef71bf690>,14,26,[ 5 11],15,-1,41,-1,15
1,<environment.Job instance at 0x7feef71c6c30>,16,18,[13  2],17,-1,35,-1,17
1,<environment.Job instance at 0x7feef71c6f50>,17,27,[12  5],18,-1,45,-1,18
1,<environment.Job instance at 0x7feef71d8fa0>,19,22,[ 2 11],20,-1,42,-1,20
1,<environment.Job instance at 0x7feef71ae280>,24,18,[14  1],25,-1,50,-1,32
1,<environment.Job instance at 0x7feef71a99b0>,26,15,[12  1],27,-1,56,-1,41
1,<environment.Job instance at 0x7feef71a9cd0>,27,13,[ 5 12],28,-1,54,-1,41
1,<environment.Job instance at 0x7feef71a9d20>,28,28,[14  2],29,-1,69,-1,41
1,<environment.Job instance at 0x7feef71a9e10>,30,15,[ 5 11],31,-1,64,-1,49
1,<environment.Job instance at 0x7feef71a9e60>,31,20,[ 3 11],32,-1,69,-1,49
1,<environment.Job instance at 0x7feef70d1370>,32,28,[9 4],33,-1,77,-1,49
1,<environment.Job instance at 0x7feef70d6280>,34,27,[ 3 13],35,-1,84,-1,57
1,<environment.Job instance at 0x7feef70d6780>,35,23,[6 2],36,-1,80,-1,57
1,<environment.Job instance at 0x7feef70d6cd0>,36,22,[ 1 13],37,-1,79,-1,57
1,<environment.Job instance at 0x7feef7502960>,37,13,[14  2],38,-1,70,-1,57
1,<environment.Job instance at 0x7feef6fb4be0>,39,24,[ 3 13],40,-1,94,-1,70
1,<environment.Job instance at 0x7feef74fc8c0>,41,28,[11  3],42,-1,112,-1,84
1,<environment.Job instance at 0x7feef74fa190>,42,24,[1 5],43,-1,108,-1,84
1,<environment.Job instance at 0x7feef74f96e0>,45,24,[7 4],46,-1,141,-1,117
1,<environment.Job instance at 0x7feef7507e10>,46,19,[ 5 13],47,-1,136,-1,117
1,<environment.Job instance at 0x7feef6fd5aa0>,53,28,[9 1],54,-1,194,-1,166
1,<environment.Job instance at 0x7feef6fd5b40>,54,23,[ 2 10],55,-1,189,-1,166
1,<environment.Job instance at 0x7feef7508a50>,56,18,[ 3 12],57,-1,184,-1,166
1,<environment.Job instance at 0x7feef7508c80>,57,27,[ 5 11],58,-1,193,-1,166
1,<environment.Job instance at 0x7feef7508aa0>,58,18,[14  5],59,-1,184,-1,166
1,<environment.Job instance at 0x7feef7508eb0>,59,22,[6 1],60,-1,188,-1,166
1,<environment.Job instance at 0x7feef7508be0>,60,19,[ 1 12],61,-1,185,-1,166
1,<environment.Job instance at 0x7feef7caaf00>,1,25,[ 3 13],2,-1,27,-1,2
1,<environment.Job instance at 0x7feef7caa4b0>,3,27,[9 5],4,-1,31,-1,4
1,<environment.Job instance at 0x7feef7caa870>,5,23,[ 2 13],6,-1,29,-1,6
1,<environment.Job instance at 0x7feef7caacd0>,7,14,[ 3 10],8,-1,44,-1,30
1,<environment.Job instance at 0x7feef759fe10>,12,26,[ 2 14],13,-1,56,-1,30
1,<environment.Job instance at 0x7feef759fcd0>,13,25,[11  2],14,-1,55,-1,30
1,<environment.Job instance at 0x7feef759f370>,14,16,[11  4],15,-1,46,-1,30
1,<environment.Job instance at 0x7feef759ff50>,15,13,[14  4],16,-1,43,-1,30
1,<environment.Job instance at 0x7feef759fd20>,16,12,[9 3],17,-1,60,-1,48
1,<environment.Job instance at 0x7feef759fc80>,17,21,[12  2],18,-1,69,-1,48
1,<environment.Job instance at 0x7feef759f0a0>,18,20,[ 1 11],19,-1,68,-1,48
1,<environment.Job instance at 0x7feef759f1e0>,19,14,[ 1 14],20,-1,62,-1,48
1,<environment.Job instance at 0x7feef759ffa0>,11,27,[13  3],12,-1,83,-1,56
1,<environment.Job instance at 0x7feef759f3c0>,20,20,[2 8],21,-1,146,-1,126
1,<environment.Job instance at 0x7feef759f460>,28,23,[7 4],29,-1,149,-1,126
1,<environment.Job instance at 0x7feef759f8c0>,29,22,[13  3],30,-1,148,-1,126
1,<environment.Job instance at 0x7feef7b9e8c0>,30,14,[14  2],31,-1,140,-1,126
1,<environment.Job instance at 0x7feef7b9e500>,31,19,[13  5],32,-1,145,-1,126
1,<environment.Job instance at 0x7feef7b9eaf0>,32,16,[13  3],33,-1,142,-1,126
1,<environment.Job instance at 0x7feef7b9eaa0>,33,14,[7 3],34,-1,140,-1,126
1,<environment.Job instance at 0x7feef7b9e960>,34,17,[ 1 13],35,-1,143,-1,126
1,<environment.Job instance at 0x7feef7b9ed70>,35,23,[ 3 11],36,-1,149,-1,126
1,<environment.Job instance at 0x7feef7b9e4b0>,36,26,[11  1],37,-1,152,-1,126
1,<environment.Job instance at 0x7feef7b9e690>,37,25,[ 1 10],38,-1,151,-1,126
1,<environment.Job instance at 0x7feef7b9efa0>,39,25,[ 4 11],40,-1,170,-1,145
1,<environment.Job instance at 0x7feef6fd0370>,2,25,[12  2],3,-1,28,-1,3
1,<environment.Job instance at 0x7feef759f9b0>,3,28,[4 9],4,-1,32,-1,4
1,<environment.Job instance at 0x7feef79a5af0>,4,17,[14  1],5,-1,22,-1,5
1,<environment.Job instance at 0x7feef79a5a00>,5,19,[11  4],6,-1,25,-1,6
1,<environment.Job instance at 0x7feef7975910>,6,23,[ 1 13],7,-1,30,-1,7
1,<environment.Job instance at 0x7feef7975960>,7,25,[ 4 14],8,-1,33,-1,8
1,<environment.Job instance at 0x7feef7975be0>,8,12,[12  3],9,-1,21,-1,9
1,<environment.Job instance at 0x7feef7975690>,9,13,[13  5],10,-1,23,-1,10
1,<environment.Job instance at 0x7feef79754b0>,10,24,[9 1],11,-1,35,-1,11
1,<environment.Job instance at 0x7feef79756e0>,11,16,[ 3 14],12,-1,28,-1,12
1,<environment.Job instance at 0x7feef6fa93c0>,15,18,[13  4],16,-1,34,-1,16
1,<environment.Job instance at 0x7feef6fa9050>,16,24,[12  2],17,-1,41,-1,17
1,<environment.Job instance at 0x7feef6fa9e60>,17,12,[ 2 12],18,-1,30,-1,18
1,<environment.Job instance at 0x7feef7984910>,26,14,[ 4 13],27,-1,72,-1,58
1,<environment.Job instance at 0x7feef7984b90>,27,21,[12  4],28,-1,79,-1,58
1,<environment.Job instance at 0x7feef7984500>,28,13,[ 4 12],29,-1,71,-1,58
1,<environment.Job instance at 0x7feef7f6a140>,29,15,[14  5],30,-1,73,-1,58
1,<environment.Job instance at 0x7feef799d9b0>,30,22,[3 9],31,-1,83,-1,61
1,<environment.Job instance at 0x7feef8097730>,32,23,[ 3 11],33,-1,85,-1,62
1,<environment.Job instance at 0x7feef7a8e780>,33,24,[ 4 14],34,-1,86,-1,62
1,<environment.Job instance at 0x7feef809a4b0>,34,23,[9 5],35,-1,85,-1,62
1,<environment.Job instance at 0x7feef737b8c0>,35,13,[ 4 13],36,-1,75,-1,62
1,<environment.Job instance at 0x7feef7f49aa0>,36,25,[13  2],37,-1,87,-1,62
1,<environment.Job instance at 0x7feef6fadf00>,37,14,[ 1 11],38,-1,76,-1,62
1,<environment.Job instance at 0x7feef7374aa0>,38,24,[7 4],39,-1,86,-1,62
1,<environment.Job instance at 0x7feef7aa89b0>,41,26,[12  5],42,-1,98,-1,72
1,<environment.Job instance at 0x7feef80c7f50>,42,28,[13  1],43,-1,100,-1,72
1,<environment.Job instance at 0x7feef80c7960>,43,22,[ 5 14],44,-1,94,-1,72
1,<environment.Job instance at 0x7feef7aa8320>,44,20,[ 4 12],45,-1,92,-1,72
1,<environment.Job instance at 0x7feef7aa8870>,45,24,[10  4],46,-1,96,-1,72
1,<environment.Job instance at 0x7feef6d80cd0>,46,18,[14  3],47,-1,90,-1,72
1,<environment.Job instance at 0x7feef6d80550>,48,25,[6 2],49,-1,109,-1,84
1,<environment.Job instance at 0x7feef7f57dc0>,49,20,[ 4 10],50,-1,104,-1,84
1,<environment.Job instance at 0x7feef80afc80>,54,13,[1 7],55,-1,123,-1,110
1,<environment.Job instance at 0x7feef80c9be0>,55,15,[ 4 11],56,-1,125,-1,110
1,<environment.Job instance at 0x7feef80afa00>,56,26,[6 2],57,-1,136,-1,110
1,<environment.Job instance at 0x7feef6d937d0>,57,23,[8 1],58,-1,133,-1,110
1,<environment.Job instance at 0x7feef6d93a50>,59,26,[10  2],60,-1,143,-1,117
1,<environment.Job instance at 0x7feef6d93b40>,62,25,[3 8],63,-1,165,-1,140
1,<environment.Job instance at 0x7feef6d93820>,63,17,[14  5],64,-1,157,-1,140
1,<environment.Job instance at 0x7feef6d93fa0>,64,15,[ 3 13],65,-1,155,-1,140
1,<environment.Job instance at 0x7feef6d83690>,65,21,[11  5],66,-1,161,-1,140
1,<environment.Job instance at 0x7feef6d830a0>,66,28,[4 9],67,-1,168,-1,140
1,<environment.Job instance at 0x7feef6d833c0>,67,23,[12  5],68,-1,163,-1,140
1,<environment.Job instance at 0x7feef6d83410>,68,23,[ 2 14],69,-1,163,-1,140
1,<environment.Job instance at 0x7feef6d838c0>,70,24,[14  3],71,-1,164,-1,140
1,<environment.Job instance at 0x7feef6d83320>,71,28,[10  3],72,-1,168,-1,140
1,<environment.Job instance at 0x7feef6d83140>,73,23,[5 1],74,-1,163,-1,140
1,<environment.Job instance at 0x7feef6d874b0>,75,15,[ 1 10],76,-1,171,-1,156
1,<environment.Job instance at 0x7feef6d87550>,76,28,[ 5 13],77,-1,184,-1,156
1,<environment.Job instance at 0x7feef6d87690>,78,18,[12  4],79,-1,176,-1,158
1,<environment.Job instance at 0x7feef6d87730>,79,17,[ 3 11],80,-1,175,-1,158
1,<environment.Job instance at 0x7feef6d877d0>,80,15,[ 5 11],81,-1,173,-1,158
1,<environment.Job instance at 0x7feef6d87870>,81,28,[ 2 11],82,-1,186,-1,158
1,<environment.Job instance at 0x7feef6d87910>,82,23,[5 5],83,-1,181,-1,158
1,<environment.Job instance at 0x7feef6d879b0>,83,12,[11  3],84,-1,170,-1,158
1,<environment.Job instance at 0x7feef6d87b40>,84,26,[ 4 12],85,-1,184,-1,158
1,<environment.Job instance at 0x7feef6d87c80>,85,12,[ 4 12],86,-1,170,-1,158
1,<environment.Job instance at 0x7feef6d87aa0>,86,24,[5 2],87,-1,182,-1,158
1,<environment.Job instance at 0x7feef6d87c30>,87,18,[14  4],88,-1,176,-1,158
1,<environment.Job instance at 0x7feef6d87d70>,88,12,[11  2],89,-1,170,-1,158
1,<environment.Job instance at 0x7feef6d87e10>,89,15,[ 2 12],90,-1,173,-1,158
1,<environment.Job instance at 0x7feef6d87e10>,2,24,[5 5],3,-1,27,-1,3
1,<environment.Job instance at 0x7feef6d50d70>,3,15,[ 4 11],4,-1,19,-1,4
1,<environment.Job instance at 0x7feef6d50050>,4,22,[14  4],5,-1,27,-1,5
1,<environment.Job instance at 0x7feef6d50190>,5,22,[5 1],6,-1,28,-1,6
1,<environment.Job instance at 0x7feef6d50b90>,6,23,[12  1],7,-1,30,-1,7
1,<environment.Job instance at 0x7feef6d505a0>,7,28,[3 8],8,-1,36,-1,8
1,<environment.Job instance at 0x7feef6d50af0>,8,16,[ 4 14],9,-1,25,-1,9
1,<environment.Job instance at 0x7feef6d507d0>,9,21,[ 4 10],10,-1,31,-1,10
1,<environment.Job instance at 0x7feef6d50730>,10,16,[ 2 12],11,-1,27,-1,11
1,<environment.Job instance at 0x7feef6d50d20>,11,17,[13  4],12,-1,29,-1,12
1,<environment.Job instance at 0x7feef6d50640>,12,22,[5 5],13,-1,35,-1,13
1,<environment.Job instance at 0x7feef79bb640>,14,13,[ 2 12],15,-1,28,-1,15
1,<environment.Job instance at 0x7feef79bb410>,15,18,[14  4],16,-1,34,-1,16
1,<environment.Job instance at 0x7feef79bbcd0>,18,25,[12  5],19,-1,44,-1,19
1,<environment.Job instance at 0x7feef79bbd70>,20,26,[ 5 13],21,-1,47,-1,21
1,<environment.Job instance at 0x7feef79bb0a0>,21,16,[ 2 12],22,-1,38,-1,22
1,<environment.Job instance at 0x7feef6d50960>,23,24,[10  3],24,-1,48,-1,24
1,<environment.Job instance at 0x7feef79bb190>,22,23,[7 2],23,-1,47,-1,24
1,<environment.Job instance at 0x7feef79bb7d0>,24,25,[1 9],25,-1,50,-1,25
1,<environment.Job instance at 0x7feef79bbb40>,25,25,[11  1],26,-1,51,-1,26
1,<environment.Job instance at 0x7feef79bbc30>,26,25,[6 4],27,-1,52,-1,27
1,<environment.Job instance at 0x7feef79bb820>,27,26,[2 9],28,-1,54,-1,28
1,<environment.Job instance at 0x7feef79bb5f0>,28,26,[5 5],29,-1,55,-1,29
1,<environment.Job instance at 0x7feef79bba50>,29,21,[13  1],30,-1,51,-1,30
1,<environment.Job instance at 0x7feef79bbaa0>,31,22,[12  5],32,-1,54,-1,32
1,<environment.Job instance at 0x7feef79bb5a0>,34,23,[10  4],35,-1,60,-1,37
1,<environment.Job instance at 0x7feef768ff00>,37,25,[ 2 10],38,-1,63,-1,38
1,<environment.Job instance at 0x7feef768f640>,38,21,[13  4],39,-1,60,-1,39
1,<environment.Job instance at 0x7feef768f370>,41,23,[ 2 11],42,-1,89,-1,66
1,<environment.Job instance at 0x7feef768faf0>,42,24,[13  5],43,-1,90,-1,66
1,<environment.Job instance at 0x7feef768f5a0>,43,27,[ 3 13],44,-1,93,-1,66
1,<environment.Job instance at 0x7feef768f8c0>,44,12,[ 2 13],45,-1,78,-1,66
1,<environment.Job instance at 0x7feef768fa50>,45,26,[6 1],46,-1,92,-1,66
1,<environment.Job instance at 0x7feef768fe10>,47,21,[ 2 13],48,-1,91,-1,70
1,<environment.Job instance at 0x7feef768f7d0>,48,22,[12  4],49,-1,92,-1,70
1,<environment.Job instance at 0x7feef768f6e0>,50,15,[11  4],51,-1,100,-1,85
1,<environment.Job instance at 0x7feef768fb40>,51,13,[ 2 14],52,-1,98,-1,85
1,<environment.Job instance at 0x7feef768fdc0>,52,14,[ 1 10],53,-1,99,-1,85
1,<environment.Job instance at 0x7feef768fd20>,54,16,[ 2 14],55,-1,101,-1,85
1,<environment.Job instance at 0x7feef768fc30>,56,13,[11  1],57,-1,112,-1,99
1,<environment.Job instance at 0x7feef7a03be0>,58,16,[13  3],59,-1,117,-1,101
1,<environment.Job instance at 0x7feef7a03410>,60,22,[13  2],61,-1,138,-1,116
1,<environment.Job instance at 0x7feef7a03730>,61,23,[11  1],62,-1,139,-1,116
1,<environment.Job instance at 0x7feef7a03e10>,62,19,[11  4],63,-1,135,-1,116
1,<environment.Job instance at 0x7feef7a03140>,63,22,[1 7],64,-1,138,-1,116
1,<environment.Job instance at 0x7feef7a03b90>,64,19,[13  1],65,-1,135,-1,116
1,<environment.Job instance at 0x7feef7a03320>,65,20,[ 5 11],66,-1,136,-1,116
1,<environment.Job instance at 0x7feef7a039b0>,66,17,[ 3 14],67,-1,133,-1,116
1,<environment.Job instance at 0x7feef7a03640>,67,13,[ 1 12],68,-1,129,-1,116
1,<environment.Job instance at 0x7feef7a036e0>,68,18,[14  2],69,-1,134,-1,116
1,<environment.Job instance at 0x7feef7a03e60>,70,25,[12  4],71,-1,145,-1,120
1,<environment.Job instance at 0x7feef7a03370>,71,22,[1 9],72,-1,143,-1,121
1,<environment.Job instance at 0x7feef7a03910>,72,28,[1 5],73,-1,149,-1,121
1,<environment.Job instance at 0x7feef7a03190>,73,12,[10  4],74,-1,133,-1,121
1,<environment.Job instance at 0x7feef7a030a0>,75,25,[2 6],76,-1,153,-1,128
1,<environment.Job instance at 0x7feef7a034b0>,77,19,[12  2],78,-1,151,-1,132
1,<environment.Job instance at 0x7feef7a037d0>,78,25,[3 5],79,-1,157,-1,132
1,<environment.Job instance at 0x7feef7a03a00>,79,23,[5 2],80,-1,155,-1,132
1,<environment.Job instance at 0x7feef6e4af00>,80,25,[11  4],81,-1,157,-1,132
1,<environment.Job instance at 0x7feef6e4a230>,81,23,[ 3 10],82,-1,155,-1,132
1,<environment.Job instance at 0x7feef6e4aaa0>,83,21,[ 4 13],84,-1,157,-1,136
1,<environment.Job instance at 0x7feef6e4ac80>,84,20,[12  2],85,-1,156,-1,136
1,<environment.Job instance at 0x7feef6e4a820>,85,28,[ 5 12],86,-1,164,-1,136
1,<environment.Job instance at 0x7feef6e4acd0>,86,13,[ 3 12],87,-1,149,-1,136
1,<environment.Job instance at 0x7feef6e4ac30>,87,17,[ 4 12],88,-1,153,-1,136
1,<environment.Job instance at 0x7feef6e4a500>,88,20,[7 1],89,-1,156,-1,136
1,<environment.Job instance at 0x7feef6e4a190>,89,13,[ 2 10],90,-1,149,-1,136
1,<environment.Job instance at 0x7feef6e4a6e0>,90,20,[ 5 12],91,-1,156,-1,136
1,<environment.Job instance at 0x7feef6e4a910>,91,23,[12  1],92,-1,159,-1,136
1,<environment.Job instance at 0x7feef6e4a0a0>,92,19,[13  3],93,-1,155,-1,136
1,<environment.Job instance at 0x7feef6e4aa00>,93,17,[10  1],94,-1,153,-1,136
1,<environment.Job instance at 0x7feef6e4ad70>,94,12,[12  4],95,-1,148,-1,136
1,<environment.Job instance at 0x7feef6e4a280>,95,19,[11  5],96,-1,155,-1,136
1,<environment.Job instance at 0x7feef6e4af50>,96,22,[3 5],97,-1,158,-1,136
1,<environment.Job instance at 0x7feef6e4a780>,97,24,[13  1],98,-1,160,-1,136
1,<environment.Job instance at 0x7feef7d390a0>,99,15,[13  4],100,-1,163,-1,148
1,<environment.Job instance at 0x7feef6e4a050>,100,27,[12  5],101,-1,175,-1,148
1,<environment.Job instance at 0x7feef7d39d70>,101,17,[ 5 12],102,-1,165,-1,148
1,<environment.Job instance at 0x7feef7d39910>,102,16,[6 1],103,-1,164,-1,148
1,<environment.Job instance at 0x7feef7d39d20>,103,21,[12  2],104,-1,169,-1,148
1,<environment.Job instance at 0x7feef7d39cd0>,104,14,[11  1],105,-1,162,-1,148
1,<environment.Job instance at 0x7feef7d39410>,105,23,[ 3 13],106,-1,171,-1,148
1,<environment.Job instance at 0x7feef7d399b0>,106,14,[13  4],107,-1,162,-1,148
1,<environment.Job instance at 0x7feef7d39230>,108,27,[ 1 10],109,-1,189,-1,162
1,<environment.Job instance at 0x7feef7d39eb0>,109,14,[13  4],110,-1,176,-1,162
1,<environment.Job instance at 0x7feef7d39dc0>,110,20,[ 5 12],111,-1,182,-1,162
1,<environment.Job instance at 0x7feef7d39a50>,111,24,[9 4],112,-1,186,-1,162
1,<environment.Job instance at 0x7feef7d39690>,112,26,[5 5],113,-1,188,-1,162
1,<environment.Job instance at 0x7feef7d393c0>,113,15,[ 1 10],114,-1,179,-1,164
1,<environment.Job instance at 0x7feef68a20f0>,1,14,[ 5 14],2,-1,16,-1,2
1,<environment.Job instance at 0x7feef7d39780>,3,20,[11  1],4,-1,24,-1,4
1,<environment.Job instance at 0x7feef68a2320>,5,12,[ 2 14],6,-1,18,-1,6
1,<environment.Job instance at 0x7feef68d00a0>,8,17,[14  4],9,-1,26,-1,9
1,<environment.Job instance at 0x7feef68d0f00>,9,12,[ 1 13],10,-1,22,-1,10
1,<environment.Job instance at 0x7feef68d0cd0>,12,19,[ 2 14],13,-1,32,-1,13
1,<environment.Job instance at 0x7feef68d09b0>,13,17,[14  3],14,-1,31,-1,14
1,<environment.Job instance at 0x7feef68d0050>,14,23,[ 1 13],15,-1,38,-1,15
1,<environment.Job instance at 0x7feef68d0320>,15,25,[ 4 12],16,-1,41,-1,16
1,<environment.Job instance at 0x7feef68d0d70>,16,23,[ 1 10],17,-1,40,-1,17
1,<environment.Job instance at 0x7feef68d0b90>,18,13,[ 2 11],19,-1,32,-1,19
1,<environment.Job instance at 0x7feef68d0a50>,19,20,[ 1 11],20,-1,40,-1,20
1,<environment.Job instance at 0x7feef68d0140>,20,14,[14  1],21,-1,35,-1,21
1,<environment.Job instance at 0x7feef68d0230>,21,19,[ 3 11],22,-1,41,-1,22
1,<environment.Job instance at 0x7feef68d04b0>,22,17,[ 5 13],23,-1,40,-1,23
1,<environment.Job instance at 0x7feef68d0780>,23,15,[14  4],24,-1,39,-1,24
1,<environment.Job instance at 0x7feef68d0690>,24,28,[4 5],25,-1,53,-1,25
1,<environment.Job instance at 0x7feef697aaa0>,28,20,[ 5 10],29,-1,69,-1,49
1,<environment.Job instance at 0x7feef697aa00>,29,26,[3 5],30,-1,75,-1,49
1,<environment.Job instance at 0x7feef697a8c0>,30,15,[ 4 12],31,-1,64,-1,49
1,<environment.Job instance at 0x7feef697a1e0>,33,16,[1 5],34,-1,83,-1,67
1,<environment.Job instance at 0x7feef697a2d0>,35,28,[ 4 11],36,-1,96,-1,68
1,<environment.Job instance at 0x7feef697a820>,36,23,[5 5],37,-1,91,-1,68
1,<environment.Job instance at 0x7feef697a460>,38,19,[ 2 11],39,-1,88,-1,69
1,<environment.Job instance at 0x7feef697ac30>,39,12,[14  5],40,-1,81,-1,69
1,<environment.Job instance at 0x7feef697ac80>,40,27,[10  1],41,-1,96,-1,69
1,<environment.Job instance at 0x7feef697a640>,41,12,[1 9],42,-1,81,-1,69
1,<environment.Job instance at 0x7feef697a870>,42,18,[ 5 12],43,-1,87,-1,69
1,<environment.Job instance at 0x7feef697a9b0>,43,25,[11  3],44,-1,94,-1,69
1,<environment.Job instance at 0x7feef697a910>,44,16,[ 4 12],45,-1,85,-1,69
1,<environment.Job instance at 0x7feef697a5f0>,45,20,[ 5 11],46,-1,89,-1,69
1,<environment.Job instance at 0x7feef697aeb0>,46,23,[12  5],47,-1,92,-1,69
1,<environment.Job instance at 0x7feef697acd0>,47,26,[12  3],48,-1,95,-1,69
1,<environment.Job instance at 0x7feef6955050>,49,26,[ 3 13],50,-1,110,-1,84
1,<environment.Job instance at 0x7feef697a0f0>,50,23,[2 7],51,-1,107,-1,84
1,<environment.Job instance at 0x7feef6955230>,51,19,[14  5],52,-1,103,-1,84
1,<environment.Job instance at 0x7feef6955640>,53,20,[ 4 13],54,-1,121,-1,101
1,<environment.Job instance at 0x7feef6955c80>,54,28,[12  1],55,-1,129,-1,101
1,<environment.Job instance at 0x7feef6955820>,56,13,[14  2],57,-1,132,-1,119
1,<environment.Job instance at 0x7feef69555f0>,59,26,[11  5],60,-1,174,-1,148
1,<environment.Job instance at 0x7feef6955f00>,60,21,[13  3],61,-1,169,-1,148
1,<environment.Job instance at 0x7feef6955690>,61,27,[13  4],62,-1,175,-1,148
1,<environment.Job instance at 0x7feef6955d70>,62,24,[8 1],63,-1,172,-1,148
1,<environment.Job instance at 0x7feef6955550>,63,19,[ 5 10],64,-1,167,-1,148
1,<environment.Job instance at 0x7feef6955870>,64,14,[ 3 14],65,-1,162,-1,148
1,<environment.Job instance at 0x7feef6955be0>,66,20,[ 4 13],67,-1,171,-1,151
1,<environment.Job instance at 0x7feef690e500>,67,12,[14  3],68,-1,163,-1,151
1,<environment.Job instance at 0x7feef690e410>,68,26,[5 1],69,-1,177,-1,151
1,<environment.Job instance at 0x7feef690ebe0>,69,21,[13  1],70,-1,172,-1,151
1,<environment.Job instance at 0x7feef690eaa0>,71,22,[13  4],72,-1,174,-1,152
1,<environment.Job instance at 0x7feef690e910>,72,24,[1 8],73,-1,176,-1,152
1,<environment.Job instance at 0x7feef690e280>,73,20,[ 5 10],74,-1,172,-1,152
1,<environment.Job instance at 0x7feef690ec30>,76,12,[5 1],77,-1,180,-1,168
1,<environment.Job instance at 0x7fef006fa5f0>,5,12,[ 3 14],6,-1,18,-1,6
1,<environment.Job instance at 0x7fef006fac30>,6,24,[11  4],7,-1,31,-1,7
1,<environment.Job instance at 0x7fef006fa910>,7,21,[10  3],8,-1,56,-1,35
1,<environment.Job instance at 0x7fef006fa2d0>,13,25,[11  5],14,-1,60,-1,35
1,<environment.Job instance at 0x7fef006fae60>,14,17,[12  3],15,-1,52,-1,35
1,<environment.Job instance at 0x7feef76c2e60>,19,24,[8 1],20,-1,84,-1,60
1,<environment.Job instance at 0x7feef76c2730>,20,18,[14  5],21,-1,78,-1,60
1,<environment.Job instance at 0x7feef76c2550>,22,28,[5 5],23,-1,101,-1,73
1,<environment.Job instance at 0x7feef76c2f00>,24,28,[14  1],25,-1,119,-1,91
1,<environment.Job instance at 0x7feef76c20f0>,25,24,[13  1],26,-1,115,-1,91
1,<environment.Job instance at 0x7feef76c28c0>,27,26,[8 3],28,-1,117,-1,91
1,<environment.Job instance at 0x7feef76c2910>,28,24,[13  4],29,-1,115,-1,91
1,<environment.Job instance at 0x7feef76c2460>,29,13,[6 1],30,-1,105,-1,92
1,<environment.Job instance at 0x7feef76c21e0>,32,18,[14  4],33,-1,135,-1,117
1,<environment.Job instance at 0x7feef76c2640>,33,17,[ 5 14],34,-1,134,-1,117
1,<environment.Job instance at 0x7feef76c25f0>,34,13,[ 2 11],35,-1,130,-1,117
1,<environment.Job instance at 0x7fef00bace60>,35,24,[6 4],36,-1,141,-1,117
1,<environment.Job instance at 0x7fef00bace10>,36,24,[ 2 13],37,-1,141,-1,117
1,<environment.Job instance at 0x7fef00bacb90>,38,20,[5 3],39,-1,151,-1,131
1,<environment.Job instance at 0x7fef00bac8c0>,39,24,[8 2],40,-1,155,-1,131
1,<environment.Job instance at 0x7fef00bacaf0>,40,24,[ 3 14],41,-1,155,-1,131
1,<environment.Job instance at 0x7fef00bac3c0>,41,26,[ 4 11],42,-1,157,-1,131
1,<environment.Job instance at 0x7fef00bac550>,42,19,[3 9],43,-1,160,-1,141
1,<environment.Job instance at 0x7fef00bac050>,44,12,[13  5],45,-1,153,-1,141
1,<environment.Job instance at 0x7fef00bac960>,45,28,[6 4],46,-1,169,-1,141
1,<environment.Job instance at 0x7fef00bac5f0>,46,28,[8 5],47,-1,169,-1,141
1,<environment.Job instance at 0x7fef00bac500>,47,21,[5 1],48,-1,162,-1,141
1,<environment.Job instance at 0x7fef00bac1e0>,48,25,[11  2],49,-1,166,-1,141
1,<environment.Job instance at 0x7fef00bacbe0>,49,20,[14  4],50,-1,161,-1,141
1,<environment.Job instance at 0x7fef00bacdc0>,50,21,[2 6],51,-1,162,-1,141
1,<environment.Job instance at 0x7fef00bac9b0>,51,15,[ 1 12],52,-1,156,-1,141
1,<environment.Job instance at 0x7fef00bac780>,52,15,[14  5],53,-1,156,-1,141
1,<environment.Job instance at 0x7feef7267dc0>,53,14,[1 7],54,-1,155,-1,141
1,<environment.Job instance at 0x7feef7267280>,54,14,[7 4],55,-1,155,-1,141
1,<environment.Job instance at 0x7feef72676e0>,55,16,[ 3 11],56,-1,157,-1,141
1,<environment.Job instance at 0x7feef7267b90>,56,13,[2 7],57,-1,154,-1,141
1,<environment.Job instance at 0x7feef7267690>,57,14,[ 1 12],58,-1,155,-1,141
1,<environment.Job instance at 0x7feef7267370>,58,20,[10  5],59,-1,161,-1,141
1,<environment.Job instance at 0x7feef72674b0>,59,20,[8 1],60,-1,161,-1,141
1,<environment.Job instance at 0x7feef7267320>,60,17,[ 2 12],61,-1,158,-1,141
1,<environment.Job instance at 0x7feef7267230>,61,28,[12  3],62,-1,169,-1,141
1,<environment.Job instance at 0x7feef72670f0>,62,18,[11  5],63,-1,159,-1,141
1,<environment.Job instance at 0x7feef7267c80>,63,16,[3 8],64,-1,157,-1,141
1,<environment.Job instance at 0x7feef72671e0>,64,17,[3 7],65,-1,158,-1,141
1,<environment.Job instance at 0x7feef72678c0>,65,12,[7 2],66,-1,153,-1,141
1,<environment.Job instance at 0x7feef7267640>,66,26,[5 5],67,-1,167,-1,141
1,<environment.Job instance at 0x7feef7267d70>,67,28,[3 7],68,-1,169,-1,141
1,<environment.Job instance at 0x7feef72675a0>,68,21,[10  1],69,-1,162,-1,141
1,<environment.Job instance at 0x7feef7267eb0>,69,23,[ 2 10],70,-1,164,-1,141
1,<environment.Job instance at 0x7feef7267cd0>,70,12,[13  5],71,-1,153,-1,141
1,<environment.Job instance at 0x7feef79dfa50>,4,21,[ 4 12],5,-1,26,-1,5
1,<environment.Job instance at 0x7feef79df9b0>,5,27,[9 3],6,-1,33,-1,6
1,<environment.Job instance at 0x7feef79df730>,6,24,[14  4],7,-1,31,-1,7
1,<environment.Job instance at 0x7feef79df500>,8,12,[ 4 12],9,-1,21,-1,9
1,<environment.Job instance at 0x7fef00bac820>,2,19,[14  3],3,-1,28,-1,9
1,<environment.Job instance at 0x7feef79df870>,10,26,[14  2],11,-1,37,-1,11
1,<environment.Job instance at 0x7feef80bbcd0>,11,23,[13  4],12,-1,35,-1,12
1,<environment.Job instance at 0x7feef80bb820>,12,28,[6 1],13,-1,41,-1,13
1,<environment.Job instance at 0x7feef80bbf00>,16,16,[ 4 12],17,-1,37,-1,21
1,<environment.Job instance at 0x7feef80bb4b0>,17,15,[12  4],18,-1,36,-1,21
1,<environment.Job instance at 0x7feef80bb320>,19,28,[11  1],20,-1,49,-1,21
1,<environment.Job instance at 0x7feef80bb0f0>,21,26,[13  2],22,-1,59,-1,33
1,<environment.Job instance at 0x7feef80bbaa0>,22,21,[ 3 11],23,-1,54,-1,33
1,<environment.Job instance at 0x7feef80bbc30>,25,25,[6 4],26,-1,78,-1,53
1,<environment.Job instance at 0x7feef80bbfa0>,26,21,[14  5],27,-1,74,-1,53
1,<environment.Job instance at 0x7feef80bbb40>,27,26,[ 5 13],28,-1,79,-1,53
1,<environment.Job instance at 0x7feef80bbb90>,29,27,[ 4 13],30,-1,80,-1,53
1,<environment.Job instance at 0x7feef80bb280>,30,17,[ 5 12],31,-1,70,-1,53
1,<environment.Job instance at 0x7feef80bb550>,31,22,[13  3],32,-1,75,-1,53
1,<environment.Job instance at 0x7feef80bb140>,32,28,[ 4 10],33,-1,81,-1,53
1,<environment.Job instance at 0x7feef7bde460>,33,14,[ 2 13],34,-1,67,-1,53
1,<environment.Job instance at 0x7feef73c3780>,38,24,[ 4 10],39,-1,108,-1,84
1,<environment.Job instance at 0x7feef73c3be0>,39,24,[14  5],40,-1,108,-1,84
1,<environment.Job instance at 0x7feef73c3dc0>,40,27,[ 3 10],41,-1,111,-1,84
1,<environment.Job instance at 0x7feef73c31e0>,41,20,[ 3 11],42,-1,104,-1,84
1,<environment.Job instance at 0x7feef73c3820>,42,13,[12  4],43,-1,97,-1,84
1,<environment.Job instance at 0x7feef73c3cd0>,44,12,[ 4 14],45,-1,100,-1,88
1,<environment.Job instance at 0x7feef73c3050>,47,13,[ 1 10],48,-1,117,-1,104
1,<environment.Job instance at 0x7feef73c32d0>,48,13,[14  2],49,-1,117,-1,104
1,<environment.Job instance at 0x7feef73c3960>,49,14,[13  2],50,-1,118,-1,104
1,<environment.Job instance at 0x7feef79c9230>,50,22,[ 4 12],51,-1,126,-1,104
1,<environment.Job instance at 0x7feef79c9cd0>,53,16,[ 2 11],54,-1,135,-1,119
1,<environment.Job instance at 0x7feef7c2b140>,55,19,[ 3 11],56,-1,138,-1,119
1,<environment.Job instance at 0x7feef7c2b730>,56,28,[5 3],57,-1,147,-1,119
1,<environment.Job instance at 0x7feef7c2baf0>,57,13,[ 4 11],58,-1,132,-1,119
1,<environment.Job instance at 0x7feef7eb86e0>,60,19,[13  3],61,-1,158,-1,139
1,<environment.Job instance at 0x7feef7eb87d0>,61,20,[ 2 13],62,-1,159,-1,139
1,<environment.Job instance at 0x7feef8182140>,63,15,[ 3 13],64,-1,172,-1,157
1,<environment.Job instance at 0x7feef8182230>,64,17,[11  4],65,-1,178,-1,161
1,<environment.Job instance at 0x7feef7468f00>,4,18,[14  3],5,-1,23,-1,5
1,<environment.Job instance at 0x7feef699dd70>,5,25,[ 3 12],6,-1,31,-1,6
1,<environment.Job instance at 0x7feef699db90>,6,21,[ 3 11],7,-1,28,-1,7
1,<environment.Job instance at 0x7feef699d910>,7,17,[ 3 14],8,-1,25,-1,8
1,<environment.Job instance at 0x7feef699dc30>,3,22,[7 5],4,-1,30,-1,8
1,<environment.Job instance at 0x7feef699d6e0>,8,26,[ 5 13],9,-1,35,-1,9
1,<environment.Job instance at 0x7feef699da00>,10,25,[2 6],11,-1,37,-1,12
1,<environment.Job instance at 0x7feef699daa0>,19,26,[ 1 10],20,-1,91,-1,65
1,<environment.Job instance at 0x7feef78a6410>,21,28,[ 5 10],22,-1,97,-1,69
1,<environment.Job instance at 0x7feef78a6960>,22,23,[2 8],23,-1,92,-1,69
1,<environment.Job instance at 0x7feef78a6280>,25,28,[3 6],26,-1,117,-1,89
1,<environment.Job instance at 0x7feef78a6e10>,26,23,[ 5 11],27,-1,112,-1,89
1,<environment.Job instance at 0x7feef78a6b40>,27,28,[2 8],28,-1,117,-1,89
1,<environment.Job instance at 0x7feef78a6be0>,28,17,[ 2 12],29,-1,106,-1,89
1,<environment.Job instance at 0x7feef78a6b90>,30,21,[9 1],31,-1,116,-1,95
1,<environment.Job instance at 0x7feef78a60f0>,31,27,[5 8],32,-1,122,-1,95
1,<environment.Job instance at 0x7feef78a6eb0>,32,13,[8 1],33,-1,108,-1,95
1,<environment.Job instance at 0x7feef78a6140>,33,22,[ 1 13],34,-1,117,-1,95
1,<environment.Job instance at 0x7feef78a6370>,35,21,[ 5 13],36,-1,129,-1,108
1,<environment.Job instance at 0x7feef78a6c30>,36,23,[ 4 12],37,-1,131,-1,108
1,<environment.Job instance at 0x7feef78a6d70>,37,20,[ 1 13],38,-1,128,-1,108
1,<environment.Job instance at 0x7feef78a62d0>,38,26,[1 8],39,-1,134,-1,108
1,<environment.Job instance at 0x7feef78a6fa0>,39,27,[14  4],40,-1,135,-1,108
1,<environment.Job instance at 0x7feef78a67d0>,40,21,[1 5],41,-1,129,-1,108
1,<environment.Job instance at 0x7feef6e9ea00>,41,21,[ 1 11],42,-1,129,-1,108
1,<environment.Job instance at 0x7feef6e9edc0>,42,20,[11  2],43,-1,128,-1,108
1,<environment.Job instance at 0x7feef6e9ebe0>,44,12,[5 1],45,-1,136,-1,124
1,<environment.Job instance at 0x7feef6e9ec30>,45,26,[9 3],46,-1,150,-1,124
1,<environment.Job instance at 0x7feef6e9e140>,47,12,[ 2 13],48,-1,153,-1,141
1,<environment.Job instance at 0x7feef6e9eeb0>,48,26,[13  3],49,-1,167,-1,141
1,<environment.Job instance at 0x7feef7e8baa0>,49,18,[ 5 14],50,-1,159,-1,141
1,<environment.Job instance at 0x7feef7e8b5f0>,50,17,[12  1],51,-1,158,-1,141
1,<environment.Job instance at 0x7feef7e8b2d0>,51,22,[ 1 11],52,-1,163,-1,141
1,<environment.Job instance at 0x7feef7e8b0a0>,52,14,[14  4],53,-1,155,-1,141
1,<environment.Job instance at 0x7feef7e8b190>,53,28,[6 1],54,-1,169,-1,141
1,<environment.Job instance at 0x7feef7e8bc30>,55,22,[ 3 10],56,-1,163,-1,141
1,<environment.Job instance at 0x7feef7e8bc80>,56,27,[7 3],57,-1,168,-1,141
1,<environment.Job instance at 0x7feef7e8b370>,57,26,[11  4],58,-1,167,-1,141
1,<environment.Job instance at 0x7feef7e8bdc0>,61,12,[14  5],62,-1,170,-1,158
1,<environment.Job instance at 0x7feef7e8beb0>,62,24,[11  3],63,-1,182,-1,158
1,<environment.Job instance at 0x7feef7e8b8c0>,63,20,[14  4],64,-1,178,-1,158
1,<environment.Job instance at 0x7feef7e8bf00>,64,16,[ 1 11],65,-1,174,-1,158
1,<environment.Job instance at 0x7feef7faf140>,65,19,[ 5 11],66,-1,177,-1,158
1,<environment.Job instance at 0x7feef7e8b050>,66,22,[ 2 11],67,-1,180,-1,158
1,<environment.Job instance at 0x7feef7faf1e0>,2,25,[5 8],3,-1,28,-1,3
1,<environment.Job instance at 0x7feef78e00f0>,5,23,[ 1 13],6,-1,29,-1,6
1,<environment.Job instance at 0x7feef78e0b40>,7,14,[13  3],8,-1,22,-1,8
1,<environment.Job instance at 0x7feef741db40>,12,16,[12  4],13,-1,54,-1,38
1,<environment.Job instance at 0x7feef741d0a0>,13,18,[13  5],14,-1,57,-1,39
1,<environment.Job instance at 0x7feef741d640>,15,18,[13  2],16,-1,59,-1,41
1,<environment.Job instance at 0x7feef741d690>,16,27,[5 6],17,-1,68,-1,41
1,<environment.Job instance at 0x7feef741db90>,17,24,[9 5],18,-1,65,-1,41
1,<environment.Job instance at 0x7feef741d1e0>,18,20,[ 3 14],19,-1,61,-1,41
1,<environment.Job instance at 0x7feef741dfa0>,19,20,[13  3],20,-1,61,-1,41
1,<environment.Job instance at 0x7feef741ddc0>,20,27,[ 5 12],21,-1,68,-1,41
1,<environment.Job instance at 0x7feef741d2d0>,22,14,[ 1 13],23,-1,55,-1,41
1,<environment.Job instance at 0x7feef741daa0>,24,24,[12  4],25,-1,71,-1,47
1,<environment.Job instance at 0x7feef741d6e0>,25,13,[13  1],26,-1,60,-1,47
1,<environment.Job instance at 0x7feef741d5a0>,26,26,[2 7],27,-1,81,-1,55
1,<environment.Job instance at 0x7feef741d9b0>,27,25,[11  1],28,-1,80,-1,55
1,<environment.Job instance at 0x7feef741d7d0>,28,24,[ 3 14],29,-1,79,-1,55
1,<environment.Job instance at 0x7feef741dc80>,29,26,[12  5],30,-1,81,-1,55
1,<environment.Job instance at 0x7feef741d3c0>,31,24,[11  1],32,-1,79,-1,55
1,<environment.Job instance at 0x7feef741d280>,32,25,[14  3],33,-1,80,-1,55
1,<environment.Job instance at 0x7feef74d5dc0>,33,19,[11  3],34,-1,90,-1,71
1,<environment.Job instance at 0x7feef74d5e10>,35,23,[ 5 14],36,-1,94,-1,71
1,<environment.Job instance at 0x7feef74d5640>,36,22,[ 4 11],37,-1,93,-1,71
1,<environment.Job instance at 0x7feef74d5b40>,38,22,[ 2 10],39,-1,120,-1,98
1,<environment.Job instance at 0x7feef74d5fa0>,43,18,[ 3 13],44,-1,142,-1,124
1,<environment.Job instance at 0x7feef74d5f50>,45,25,[12  4],46,-1,155,-1,130
1,<environment.Job instance at 0x7feef74d5a50>,46,23,[8 3],47,-1,165,-1,142
1,<environment.Job instance at 0x7feef74d50a0>,49,15,[13  3],50,-1,157,-1,142
1,<environment.Job instance at 0x7feef74d53c0>,50,17,[12  5],51,-1,159,-1,142
1,<environment.Job instance at 0x7feef74d5730>,51,28,[5 3],52,-1,170,-1,142
1,<environment.Job instance at 0x7feef74d50f0>,52,27,[12  4],53,-1,169,-1,142
1,<environment.Job instance at 0x7feef7884c30>,10,27,[ 4 12],11,-1,52,-1,25
1,<environment.Job instance at 0x7feef7884460>,11,28,[11  3],12,-1,53,-1,25
1,<environment.Job instance at 0x7feef7884500>,12,24,[ 3 12],13,-1,49,-1,25
1,<environment.Job instance at 0x7feef7884960>,13,14,[ 3 12],14,-1,39,-1,25
1,<environment.Job instance at 0x7feef78840a0>,14,13,[12  5],15,-1,38,-1,25
1,<environment.Job instance at 0x7feef78849b0>,15,13,[12  1],16,-1,38,-1,25
1,<environment.Job instance at 0x7feef78844b0>,16,18,[ 4 12],17,-1,43,-1,25
1,<environment.Job instance at 0x7feef7884a50>,17,12,[13  3],18,-1,37,-1,25
1,<environment.Job instance at 0x7feef7884e60>,18,28,[14  1],19,-1,53,-1,25
1,<environment.Job instance at 0x7feef7d1baf0>,22,14,[7 1],23,-1,54,-1,40
1,<environment.Job instance at 0x7feef7d1bb90>,24,24,[14  4],25,-1,64,-1,40
1,<environment.Job instance at 0x7feef7d1b370>,27,24,[11  1],28,-1,78,-1,54
1,<environment.Job instance at 0x7feef7d1b230>,28,26,[2 7],29,-1,80,-1,54
1,<environment.Job instance at 0x7feef7d1b960>,29,24,[14  2],30,-1,78,-1,54
1,<environment.Job instance at 0x7feef7d1b5f0>,30,23,[ 2 11],31,-1,77,-1,54
1,<environment.Job instance at 0x7feef7d1b8c0>,31,28,[ 1 11],32,-1,82,-1,54
1,<environment.Job instance at 0x7feef7d1b2d0>,34,24,[14  5],35,-1,93,-1,69
1,<environment.Job instance at 0x7feef7d1bbe0>,35,24,[8 3],36,-1,93,-1,69
1,<environment.Job instance at 0x7feef7d1b050>,36,16,[14  1],37,-1,85,-1,69
1,<environment.Job instance at 0x7feef7318f50>,38,25,[3 6],39,-1,110,-1,85
1,<environment.Job instance at 0x7feef7318d20>,39,19,[ 4 14],40,-1,104,-1,85
1,<environment.Job instance at 0x7feef7318050>,40,28,[3 6],41,-1,113,-1,85
1,<environment.Job instance at 0x7feef7318dc0>,41,24,[14  4],42,-1,109,-1,85
1,<environment.Job instance at 0x7feef7318230>,44,27,[ 5 12],45,-1,130,-1,103
1,<environment.Job instance at 0x7feef73180f0>,45,13,[4 8],46,-1,117,-1,104
1,<environment.Job instance at 0x7feef7318e60>,46,16,[14  2],47,-1,120,-1,104
1,<environment.Job instance at 0x7feef7318c30>,47,25,[ 4 14],48,-1,129,-1,104
1,<environment.Job instance at 0x7feef7318640>,48,18,[ 2 11],49,-1,122,-1,104
1,<environment.Job instance at 0x7feef7318e10>,49,18,[ 1 13],50,-1,122,-1,104
1,<environment.Job instance at 0x7feef7318eb0>,51,17,[13  3],52,-1,121,-1,104
1,<environment.Job instance at 0x7feef7318fa0>,52,27,[2 5],53,-1,131,-1,104
1,<environment.Job instance at 0x7feef73189b0>,53,19,[ 2 13],54,-1,123,-1,104
1,<environment.Job instance at 0x7fef009017d0>,54,14,[14  5],55,-1,118,-1,104
1,<environment.Job instance at 0x7feef73183c0>,55,26,[ 3 14],56,-1,130,-1,104
1,<environment.Job instance at 0x7fef00901230>,56,14,[13  5],57,-1,118,-1,104
1,<environment.Job instance at 0x7fef00901c80>,57,15,[ 2 11],58,-1,119,-1,104
1,<environment.Job instance at 0x7fef00901b40>,59,24,[ 5 13],60,-1,142,-1,118
1,<environment.Job instance at 0x7fef00901d20>,60,22,[ 3 14],61,-1,140,-1,118
1,<environment.Job instance at 0x7fef009015a0>,61,17,[13  4],62,-1,135,-1,118
1,<environment.Job instance at 0x7fef009014b0>,63,15,[ 1 13],64,-1,135,-1,120
1,<environment.Job instance at 0x7fef00901be0>,64,19,[14  1],65,-1,139,-1,120
1,<environment.Job instance at 0x7fef00901280>,66,15,[13  5],67,-1,148,-1,133
1,<environment.Job instance at 0x7fef00901140>,67,15,[12  1],68,-1,148,-1,133
1,<environment.Job instance at 0x7fef00901460>,68,17,[13  2],69,-1,150,-1,133
1,<environment.Job instance at 0x7feef70a1320>,69,21,[11  3],70,-1,154,-1,133
1,<environment.Job instance at 0x7fef00901fa0>,70,23,[5 5],71,-1,156,-1,133
1,<environment.Job instance at 0x7feef70a1550>,71,14,[ 1 13],72,-1,147,-1,133
1,<environment.Job instance at 0x7feef70a1a50>,73,25,[11  4],74,-1,167,-1,142
1,<environment.Job instance at 0x7feef70a1d20>,74,22,[3 9],75,-1,165,-1,143
1,<environment.Job instance at 0x7feef70a1460>,75,25,[3 5],76,-1,168,-1,143
1,<environment.Job instance at 0x7feef70a1730>,76,19,[11  4],77,-1,162,-1,143
1,<environment.Job instance at 0x7feef70a1f50>,77,19,[ 5 14],78,-1,162,-1,143
1,<environment.Job instance at 0x7feef70a1b40>,79,15,[14  3],80,-1,170,-1,155
1,<environment.Job instance at 0x7feef70a1dc0>,80,14,[ 1 13],81,-1,169,-1,155
1,<environment.Job instance at 0x7feef70a1c30>,81,25,[4 6],82,-1,180,-1,155
1,<environment.Job instance at 0x7feef70a1140>,82,25,[ 1 14],83,-1,180,-1,155
1,<environment.Job instance at 0x7feef70a1370>,83,27,[ 2 11],84,-1,182,-1,155
1,<environment.Job instance at 0x7feef70a18c0>,84,17,[ 5 11],85,-1,172,-1,155
1,<environment.Job instance at 0x7feef70a17d0>,85,21,[14  1],86,-1,176,-1,155
1,<environment.Job instance at 0x7feef6d24b90>,3,17,[13  5],4,-1,21,-1,4
1,<environment.Job instance at 0x7feef6d24500>,4,25,[11  3],5,-1,30,-1,5
1,<environment.Job instance at 0x7feef6d24910>,7,13,[ 5 12],8,-1,21,-1,8
1,<environment.Job instance at 0x7feef6f1c870>,8,25,[1 6],9,-1,35,-1,10
1,<environment.Job instance at 0x7feef6f1ceb0>,10,19,[11  3],11,-1,30,-1,11
1,<environment.Job instance at 0x7feef6f1c050>,11,14,[ 1 11],12,-1,26,-1,12
1,<environment.Job instance at 0x7feef6f1c1e0>,12,25,[ 1 12],13,-1,38,-1,13
1,<environment.Job instance at 0x7feef6f1c6e0>,13,20,[12  4],14,-1,34,-1,14
1,<environment.Job instance at 0x7feef6f1c280>,14,23,[5 1],15,-1,39,-1,16
1,<environment.Job instance at 0x7feef6f1c730>,16,23,[ 2 14],17,-1,40,-1,17
1,<environment.Job instance at 0x7feef6f1c910>,17,27,[ 3 13],18,-1,45,-1,18
1,<environment.Job instance at 0x7feef6f1c820>,18,12,[ 2 13],19,-1,31,-1,19
1,<environment.Job instance at 0x7feef6f1c410>,19,19,[ 1 14],20,-1,39,-1,20
1,<environment.Job instance at 0x7feef6f1c370>,24,22,[7 1],25,-1,85,-1,63
1,<environment.Job instance at 0x7feef6f4ef00>,27,24,[ 3 11],28,-1,87,-1,63
1,<environment.Job instance at 0x7feef6f4e140>,28,26,[6 5],29,-1,89,-1,63
1,<environment.Job instance at 0x7feef6f4e050>,30,27,[1 5],31,-1,106,-1,79
1,<environment.Job instance at 0x7feef7c8e0a0>,33,23,[6 1],34,-1,115,-1,92
1,<environment.Job instance at 0x7feef7c8e640>,35,20,[ 1 14],36,-1,116,-1,96
1,<environment.Job instance at 0x7feef7c8e370>,36,19,[ 1 11],37,-1,115,-1,96
1,<environment.Job instance at 0x7feef7c8e050>,37,24,[5 8],38,-1,120,-1,96
1,<environment.Job instance at 0x7feef7c8e550>,38,27,[10  2],39,-1,123,-1,96
1,<environment.Job instance at 0x7feef7c960f0>,40,27,[ 3 12],41,-1,136,-1,109
1,<environment.Job instance at 0x7feef7c96aa0>,41,18,[ 3 12],42,-1,127,-1,109
1,<environment.Job instance at 0x7feef7bdf5a0>,42,13,[14  2],43,-1,122,-1,109
1,<environment.Job instance at 0x7feef71b8280>,4,27,[ 4 11],5,-1,32,-1,5
1,<environment.Job instance at 0x7feef71b8410>,5,18,[12  2],6,-1,24,-1,6
1,<environment.Job instance at 0x7feef71b8e10>,6,24,[ 2 13],7,-1,31,-1,7
1,<environment.Job instance at 0x7feef71b83c0>,7,13,[ 1 11],8,-1,21,-1,8
1,<environment.Job instance at 0x7feef746c370>,13,23,[ 1 10],14,-1,37,-1,14
1,<environment.Job instance at 0x7feef746cfa0>,14,16,[ 1 12],15,-1,31,-1,15
1,<environment.Job instance at 0x7feef746c280>,15,24,[10  2],16,-1,41,-1,17
1,<environment.Job instance at 0x7feef71b8870>,16,24,[ 1 10],17,-1,41,-1,17
1,<environment.Job instance at 0x7feef746ca00>,18,16,[12  1],19,-1,44,-1,28
1,<environment.Job instance at 0x7feef746c960>,20,15,[13  3],21,-1,44,-1,29
1,<environment.Job instance at 0x7feef746c550>,22,17,[ 5 13],23,-1,66,-1,49
1,<environment.Job instance at 0x7feef746c8c0>,23,22,[14  1],24,-1,71,-1,49
1,<environment.Job instance at 0x7feef746c500>,25,24,[14  5],26,-1,73,-1,49
1,<environment.Job instance at 0x7feef746c0a0>,26,25,[ 3 14],27,-1,74,-1,49
1,<environment.Job instance at 0x7feef746cdc0>,27,25,[6 2],28,-1,74,-1,49
1,<environment.Job instance at 0x7feef7434c30>,29,21,[10  4],30,-1,107,-1,86
1,<environment.Job instance at 0x7feef74345f0>,32,17,[14  4],33,-1,108,-1,91
1,<environment.Job instance at 0x7feef7434cd0>,33,27,[2 7],34,-1,118,-1,91
1,<environment.Job instance at 0x7feef7434f50>,36,13,[14  5],37,-1,117,-1,104
1,<environment.Job instance at 0x7feef74346e0>,37,15,[ 4 11],38,-1,119,-1,104
1,<environment.Job instance at 0x7feef7434c80>,38,13,[11  2],39,-1,117,-1,104
1,<environment.Job instance at 0x7feef74342d0>,43,17,[ 5 13],44,-1,164,-1,147
1,<environment.Job instance at 0x7feef7434500>,44,18,[ 1 13],45,-1,165,-1,147
1,<environment.Job instance at 0x7feef74349b0>,45,14,[12  3],46,-1,161,-1,147
1,<environment.Job instance at 0x7feef7434140>,46,28,[ 1 12],47,-1,175,-1,147
1,<environment.Job instance at 0x7feef74340f0>,47,24,[ 2 10],48,-1,171,-1,147
1,<environment.Job instance at 0x7feef67b4410>,1,16,[ 5 11],2,-1,18,-1,2
1,<environment.Job instance at 0x7feef7434780>,3,28,[9 1],4,-1,32,-1,4
1,<environment.Job instance at 0x7feef80db6e0>,4,16,[12  1],5,-1,21,-1,5
1,<environment.Job instance at 0x7feef80dbb40>,9,22,[1 7],10,-1,35,-1,13
1,<environment.Job instance at 0x7feef80dbbe0>,10,19,[14  5],11,-1,32,-1,13
1,<environment.Job instance at 0x7feef80dbd70>,11,18,[ 3 12],12,-1,31,-1,13
1,<environment.Job instance at 0x7feef80dbdc0>,13,23,[ 3 11],14,-1,37,-1,14
1,<environment.Job instance at 0x7feef80dbf00>,14,26,[8 3],15,-1,41,-1,15
1,<environment.Job instance at 0x7feef80dbeb0>,16,21,[14  4],17,-1,45,-1,24
1,<environment.Job instance at 0x7feef80d8140>,17,12,[1 5],18,-1,36,-1,24
1,<environment.Job instance at 0x7feef80d80a0>,18,26,[10  1],19,-1,50,-1,24
1,<environment.Job instance at 0x7feef80d82d0>,20,20,[11  5],21,-1,59,-1,39
1,<environment.Job instance at 0x7feef80d83c0>,21,12,[ 4 13],22,-1,51,-1,39
1,<environment.Job instance at 0x7feef80d8460>,22,28,[ 5 13],23,-1,67,-1,39
1,<environment.Job instance at 0x7feef80d8500>,23,16,[ 2 10],24,-1,55,-1,39
1,<environment.Job instance at 0x7feef80d8280>,24,13,[ 3 11],25,-1,52,-1,39
1,<environment.Job instance at 0x7feef80d8320>,25,21,[3 5],26,-1,60,-1,39
1,<environment.Job instance at 0x7feef80d8730>,26,13,[ 4 10],27,-1,52,-1,39
1,<environment.Job instance at 0x7feef80d85f0>,27,23,[ 1 11],28,-1,62,-1,39
1,<environment.Job instance at 0x7feef80d87d0>,28,18,[ 2 10],29,-1,57,-1,39
1,<environment.Job instance at 0x7feef80d8870>,29,18,[ 1 11],30,-1,57,-1,39
1,<environment.Job instance at 0x7feef80d8910>,30,22,[ 4 13],31,-1,61,-1,39
1,<environment.Job instance at 0x7feef80d89b0>,31,24,[11  1],32,-1,63,-1,39
1,<environment.Job instance at 0x7feef80d8a50>,32,12,[3 8],33,-1,51,-1,39
1,<environment.Job instance at 0x7feef80d8af0>,33,18,[12  4],34,-1,57,-1,39
1,<environment.Job instance at 0x7feef80d8b90>,34,13,[12  5],35,-1,52,-1,39
1,<environment.Job instance at 0x7feef80d8c30>,35,19,[5 1],36,-1,58,-1,39
1,<environment.Job instance at 0x7feef80d8cd0>,36,19,[ 1 12],37,-1,58,-1,39
1,<environment.Job instance at 0x7feef80d8d70>,37,26,[8 2],38,-1,65,-1,39
1,<environment.Job instance at 0x7feef80ee140>,41,17,[ 1 14],42,-1,68,-1,51
1,<environment.Job instance at 0x7feef80ee230>,43,17,[ 3 14],44,-1,85,-1,68
1,<environment.Job instance at 0x7feef80ee370>,45,16,[11  5],46,-1,84,-1,68
1,<environment.Job instance at 0x7feef80ee410>,46,28,[ 2 12],47,-1,96,-1,68
1,<environment.Job instance at 0x7feef80ee4b0>,47,17,[ 4 14],48,-1,85,-1,68
1,<environment.Job instance at 0x7feef80ee5f0>,49,23,[13  5],50,-1,92,-1,69
1,<environment.Job instance at 0x7feef80ee690>,50,25,[ 4 14],51,-1,94,-1,69
1,<environment.Job instance at 0x7feef80ee9b0>,51,26,[ 1 12],52,-1,95,-1,69
1,<environment.Job instance at 0x7feef80ee730>,52,12,[6 2],53,-1,91,-1,79
1,<environment.Job instance at 0x7feef80ee960>,53,18,[14  3],54,-1,97,-1,79
1,<environment.Job instance at 0x7feef80eea50>,54,23,[1 9],55,-1,102,-1,79
1,<environment.Job instance at 0x7feef80eeaf0>,55,12,[13  4],56,-1,91,-1,79
1,<environment.Job instance at 0x7feef80eeb90>,56,28,[ 3 10],57,-1,107,-1,79
1,<environment.Job instance at 0x7feef80eec30>,57,23,[4 5],58,-1,102,-1,79
1,<environment.Job instance at 0x7feef80eecd0>,58,12,[2 5],59,-1,92,-1,80
1,<environment.Job instance at 0x7feef80eed70>,59,12,[13  3],60,-1,92,-1,80
1,<environment.Job instance at 0x7feef80eee10>,60,26,[7 5],61,-1,106,-1,80
1,<environment.Job instance at 0x7feef80eeeb0>,61,24,[ 5 14],62,-1,104,-1,80
1,<environment.Job instance at 0x7feef80eef50>,62,12,[14  2],63,-1,92,-1,80
1,<environment.Job instance at 0x7feef80ee8c0>,63,21,[ 5 12],64,-1,101,-1,80
1,<environment.Job instance at 0x7feef80ee820>,64,15,[ 5 11],65,-1,95,-1,80
1,<environment.Job instance at 0x7feef80e4230>,66,15,[ 5 12],67,-1,96,-1,81
1,<environment.Job instance at 0x7feef80e43c0>,68,22,[ 3 13],69,-1,103,-1,81
1,<environment.Job instance at 0x7feef80e4690>,69,12,[5 9],70,-1,93,-1,81
1,<environment.Job instance at 0x7feef80e4640>,70,24,[ 4 12],71,-1,105,-1,81
1,<environment.Job instance at 0x7feef80e44b0>,71,18,[ 5 14],72,-1,99,-1,81
1,<environment.Job instance at 0x7feef80e4780>,73,14,[5 1],74,-1,113,-1,99
1,<environment.Job instance at 0x7feef80e4820>,74,26,[ 5 10],75,-1,125,-1,99
1,<environment.Job instance at 0x7feef80e48c0>,75,18,[12  1],76,-1,117,-1,99
1,<environment.Job instance at 0x7feef80e4960>,76,15,[11  2],77,-1,114,-1,99
1,<environment.Job instance at 0x7feef80e4a00>,77,25,[4 6],78,-1,124,-1,99
1,<environment.Job instance at 0x7feef8104d70>,80,23,[ 2 14],81,-1,122,-1,99
1,<environment.Job instance at 0x7feef8104820>,81,22,[5 4],82,-1,121,-1,99
1,<environment.Job instance at 0x7feef8104870>,83,18,[12  5],84,-1,133,-1,115
1,<environment.Job instance at 0x7feef81049b0>,85,15,[13  3],86,-1,143,-1,128
1,<environment.Job instance at 0x7feef8104780>,86,24,[ 4 14],87,-1,152,-1,128
1,<environment.Job instance at 0x7feef8104320>,87,17,[13  5],88,-1,145,-1,128
1,<environment.Job instance at 0x7feef81040a0>,88,22,[ 3 14],89,-1,150,-1,128
1,<environment.Job instance at 0x7feef81040f0>,89,13,[11  2],90,-1,141,-1,128
1,<environment.Job instance at 0x7feef6937b40>,91,19,[1 7],92,-1,163,-1,144
1,<environment.Job instance at 0x7feef81041e0>,92,24,[ 4 11],93,-1,168,-1,144
1,<environment.Job instance at 0x7feef8104690>,93,28,[ 1 13],94,-1,172,-1,144
1,<environment.Job instance at 0x7feef7908b90>,94,18,[11  5],95,-1,162,-1,144
1,<environment.Job instance at 0x7feef7833410>,97,24,[14  3],98,-1,168,-1,144
1,<environment.Job instance at 0x7feef7908370>,99,22,[13  5],100,-1,183,-1,161
1,<environment.Job instance at 0x7feef693cf00>,100,23,[14  2],101,-1,184,-1,161
1,<environment.Job instance at 0x7f38bb1cb5a0>,4,24,[7 2],5,-1,29,-1,5
1,<environment.Job instance at 0x7f38bb1cb6e0>,5,24,[ 2 14],6,-1,30,-1,6
1,<environment.Job instance at 0x7f38bb1cb4b0>,3,13,[12  4],4,-1,19,-1,6
1,<environment.Job instance at 0x7f38bb1cb690>,6,15,[ 2 14],7,-1,22,-1,7
1,<environment.Job instance at 0x7f38bb1cb820>,7,26,[9 3],8,-1,34,-1,8
1,<environment.Job instance at 0x7f38bb1cb8c0>,8,20,[ 4 13],9,-1,29,-1,9
1,<environment.Job instance at 0x7f38bb1cbbe0>,12,28,[ 1 14],13,-1,41,-1,13
1,<environment.Job instance at 0x7f38bb1cbcd0>,13,13,[10  3],14,-1,28,-1,15
1,<environment.Job instance at 0x7f38bb1cbc30>,15,20,[ 3 12],16,-1,36,-1,16
1,<environment.Job instance at 0x7f38bb1cbe60>,16,28,[5 1],17,-1,45,-1,17
1,<environment.Job instance at 0x7f38bb1cbf00>,17,19,[12  4],18,-1,37,-1,18
1,<environment.Job instance at 0x7f38bb1cbfa0>,18,18,[13  1],19,-1,37,-1,19
1,<environment.Job instance at 0x7f38bb1cf0a0>,19,23,[8 4],20,-1,43,-1,20
1,<environment.Job instance at 0x7f38bb1cf140>,20,17,[ 2 14],21,-1,38,-1,21
1,<environment.Job instance at 0x7f38bb1cf1e0>,21,14,[ 4 11],22,-1,36,-1,22
1,<environment.Job instance at 0x7f38bb1cf320>,23,16,[12  2],24,-1,40,-1,24
1,<environment.Job instance at 0x7f38bb1cf780>,28,17,[ 1 13],29,-1,70,-1,53
1,<environment.Job instance at 0x7f38bb1cf820>,29,24,[ 4 13],30,-1,77,-1,53
1,<environment.Job instance at 0x7f38bb1cf8c0>,30,26,[11  4],31,-1,79,-1,53
1,<environment.Job instance at 0x7f38bb1cf960>,31,28,[ 2 10],32,-1,81,-1,53
1,<environment.Job instance at 0x7f38bb1cf9b0>,33,28,[6 4],34,-1,89,-1,61
1,<environment.Job instance at 0x7f38bb1cfaa0>,34,24,[5 5],35,-1,85,-1,61
1,<environment.Job instance at 0x7f38bb1cf870>,35,16,[1 9],36,-1,85,-1,69
1,<environment.Job instance at 0x7f38bb1cfc30>,37,14,[ 5 14],38,-1,83,-1,69
1,<environment.Job instance at 0x7f38bb1cfcd0>,38,24,[13  2],39,-1,93,-1,69
1,<environment.Job instance at 0x7f38bb1cfe10>,40,26,[ 1 14],41,-1,114,-1,88
1,<environment.Job instance at 0x7f38bb1cffa0>,41,12,[8 3],42,-1,103,-1,91
1,<environment.Job instance at 0x7f38bb1cff50>,42,12,[ 5 12],43,-1,103,-1,91
1,<environment.Job instance at 0x7f38bb1d00f0>,44,12,[11  3],45,-1,106,-1,94
1,<environment.Job instance at 0x7f38bb1d01e0>,45,12,[ 3 14],46,-1,106,-1,94
1,<environment.Job instance at 0x7f38bb1d0370>,47,14,[12  2],48,-1,113,-1,99
1,<environment.Job instance at 0x7f38bb1d03c0>,48,14,[ 1 11],49,-1,113,-1,99
1,<environment.Job instance at 0x7f38bb1d0500>,50,13,[ 4 12],51,-1,113,-1,100
1,<environment.Job instance at 0x7f38bb1d06e0>,52,21,[14  2],53,-1,133,-1,112
1,<environment.Job instance at 0x7f38bb1d0640>,55,12,[ 2 12],56,-1,129,-1,117
1,<environment.Job instance at 0x7f38bb1d0a50>,57,16,[ 2 11],58,-1,149,-1,133
1,<environment.Job instance at 0x7f38bb1d0af0>,58,17,[ 3 13],59,-1,150,-1,133
1,<environment.Job instance at 0x7f38bb1d0820>,61,23,[13  5],62,-1,175,-1,152
1,<environment.Job instance at 0x7f38bb1d09b0>,62,14,[ 4 11],63,-1,166,-1,152
1,<environment.Job instance at 0x7f38bb1d0f00>,64,24,[2 8],65,-1,176,-1,152
1,<environment.Job instance at 0x7f38bb1d0fa0>,65,26,[5 5],66,-1,178,-1,152
1,<environment.Job instance at 0x7f38bb1d0d20>,66,17,[ 4 12],67,-1,169,-1,152
1,<environment.Job instance at 0x7f38bb1d3320>,69,26,[1 7],70,-1,193,-1,167
1,<environment.Job instance at 0x7f38bb1d32d0>,3,25,[13  2],4,-1,29,-1,4
1,<environment.Job instance at 0x7f38bb7136e0>,4,23,[6 4],5,-1,29,-1,6
1,<environment.Job instance at 0x7f38bb713460>,8,13,[ 3 11],9,-1,23,-1,10
1,<environment.Job instance at 0x7f38bb7130a0>,9,14,[14  1],10,-1,24,-1,10
1,<environment.Job instance at 0x7f38bb713a00>,10,14,[12  1],11,-1,25,-1,11
1,<environment.Job instance at 0x7f38bb713190>,11,17,[12  4],12,-1,29,-1,12
1,<environment.Job instance at 0x7f38bb713780>,14,16,[ 4 14],15,-1,34,-1,18
1,<environment.Job instance at 0x7f38bb855d70>,19,14,[14  2],20,-1,86,-1,72
1,<environment.Job instance at 0x7f38bb855a50>,20,13,[12  2],21,-1,85,-1,72
1,<environment.Job instance at 0x7f38bb855320>,21,27,[3 6],22,-1,99,-1,72
1,<environment.Job instance at 0x7f38bb855140>,27,14,[11  1],28,-1,130,-1,116
1,<environment.Job instance at 0x7f38bb855730>,28,24,[12  2],29,-1,140,-1,116
1,<environment.Job instance at 0x7f38bb855500>,29,20,[12  3],30,-1,136,-1,116
1,<environment.Job instance at 0x7f38bb855cd0>,30,20,[ 2 10],31,-1,150,-1,130
1,<environment.Job instance at 0x7f38bb855960>,32,19,[14  4],33,-1,149,-1,130
1,<environment.Job instance at 0x7f38bb8550a0>,33,17,[ 3 12],34,-1,147,-1,130
1,<environment.Job instance at 0x7f38bb8550f0>,35,19,[ 4 14],36,-1,149,-1,130
1,<environment.Job instance at 0x7f38bb855f50>,36,16,[ 5 12],37,-1,146,-1,130
1,<environment.Job instance at 0x7f38bb855c80>,37,21,[ 1 12],38,-1,151,-1,130
1,<environment.Job instance at 0x7f38bb8555f0>,38,16,[ 1 14],39,-1,146,-1,130
1,<environment.Job instance at 0x7f38bb855be0>,39,18,[ 1 14],40,-1,148,-1,130
1,<environment.Job instance at 0x7f38bb8a12d0>,40,23,[1 9],41,-1,154,-1,131
1,<environment.Job instance at 0x7f38bb855a00>,41,17,[14  5],42,-1,148,-1,131
1,<environment.Job instance at 0x7f38bb8a1f50>,42,25,[4 8],43,-1,156,-1,131
1,<environment.Job instance at 0x7f38bb8a1be0>,43,25,[11  3],44,-1,156,-1,131
1,<environment.Job instance at 0x7f38bb8a1aa0>,44,15,[14  2],45,-1,146,-1,131
1,<environment.Job instance at 0x7f38bb8a1af0>,45,18,[11  1],46,-1,149,-1,131
1,<environment.Job instance at 0x7f38bb8a1230>,47,17,[12  1],48,-1,159,-1,142
1,<environment.Job instance at 0x7f38bb8a13c0>,48,20,[12  2],49,-1,162,-1,142
1,<environment.Job instance at 0x7f38bb8a1f00>,51,13,[ 4 11],52,-1,166,-1,153
1,<environment.Job instance at 0x7f38bb8a1cd0>,52,16,[14  3],53,-1,169,-1,153
1,<environment.Job instance at 0x7f38bb8a19b0>,53,19,[ 5 10],54,-1,187,-1,168
1,<environment.Job instance at 0x7f38bb8a1b40>,55,14,[ 1 13],56,-1,182,-1,168
1,<environment.Job instance at 0x7f38bb8a10a0>,58,19,[13  1],59,-1,192,-1,173
1,<environment.Job instance at 0x7f38bb8a1d20>,59,20,[ 1 12],60,-1,193,-1,173
1,<environment.Job instance at 0x7f38bb8a1780>,61,24,[7 2],62,-1,203,-1,179
1,<environment.Job instance at 0x7f38bb8a1500>,62,13,[ 5 11],63,-1,192,-1,179
1,<environment.Job instance at 0x7f38bb8cb820>,63,13,[14  1],64,-1,192,-1,179
1,<environment.Job instance at 0x7f38bb8cbaf0>,64,12,[ 5 12],65,-1,191,-1,179
1,<environment.Job instance at 0x7f38ba8f7460>,1,26,[14  3],2,-1,28,-1,2
1,<environment.Job instance at 0x7f38bb8cb640>,2,27,[12  1],3,-1,30,-1,3
1,<environment.Job instance at 0x7f38ba8f76e0>,3,27,[ 3 11],4,-1,31,-1,4
1,<environment.Job instance at 0x7f38ba8f7320>,4,15,[ 3 13],5,-1,20,-1,5
1,<environment.Job instance at 0x7f38ba8f7370>,5,21,[ 5 12],6,-1,27,-1,6
1,<environment.Job instance at 0x7f38ba8f7230>,7,23,[9 5],8,-1,31,-1,8
1,<environment.Job instance at 0x7f38bb8cbaf0>,10,12,[ 1 10],11,-1,26,-1,14
1,<environment.Job instance at 0x7f38ba8f2c30>,13,19,[ 2 11],14,-1,33,-1,14
1,<environment.Job instance at 0x7f38ba8f2190>,14,23,[13  3],15,-1,38,-1,15
1,<environment.Job instance at 0x7f38ba8f2730>,17,25,[4 9],18,-1,47,-1,22
1,<environment.Job instance at 0x7f38ba8f26e0>,18,26,[6 1],19,-1,48,-1,22
1,<environment.Job instance at 0x7f38ba8f2640>,19,28,[5 9],20,-1,50,-1,22
1,<environment.Job instance at 0x7f38ba8f2410>,20,24,[4 8],21,-1,46,-1,22
1,<environment.Job instance at 0x7f38ba8f2370>,23,24,[12  1],24,-1,63,-1,39
1,<environment.Job instance at 0x7f38ba8f2910>,24,17,[12  4],25,-1,56,-1,39
1,<environment.Job instance at 0x7f38ba8eb690>,26,27,[13  3],27,-1,77,-1,50
1,<environment.Job instance at 0x7f38ba8ebe60>,28,17,[ 1 11],29,-1,82,-1,65
1,<environment.Job instance at 0x7f38ba8eb460>,30,19,[12  4],31,-1,84,-1,65
1,<environment.Job instance at 0x7f38ba8eb8c0>,31,14,[ 5 12],32,-1,79,-1,65
1,<environment.Job instance at 0x7f38ba8eb910>,33,25,[8 3],34,-1,101,-1,76
1,<environment.Job instance at 0x7f38ba8ebaf0>,34,16,[ 2 11],35,-1,92,-1,76
1,<environment.Job instance at 0x7f38ba8ebb40>,35,28,[ 3 11],36,-1,104,-1,76
1,<environment.Job instance at 0x7f38ba8ebb90>,36,15,[13  4],37,-1,91,-1,76
1,<environment.Job instance at 0x7f38ba8eb870>,37,24,[2 7],38,-1,100,-1,76
1,<environment.Job instance at 0x7f38ba8ebcd0>,38,16,[14  5],39,-1,92,-1,76
1,<environment.Job instance at 0x7f38ba8eb9b0>,40,27,[14  3],41,-1,106,-1,79
1,<environment.Job instance at 0x7f38ba8e86e0>,41,18,[ 1 14],42,-1,97,-1,79
1,<environment.Job instance at 0x7f38ba8e85a0>,43,15,[11  2],44,-1,105,-1,90
1,<environment.Job instance at 0x7f38ba8e83c0>,44,13,[ 1 12],45,-1,103,-1,90
1,<environment.Job instance at 0x7f38ba8e8dc0>,46,28,[5 7],47,-1,120,-1,92
1,<environment.Job instance at 0x7f38ba8e8be0>,47,16,[ 4 11],48,-1,108,-1,92
1,<environment.Job instance at 0x7f38ba8e81e0>,48,17,[13  3],49,-1,109,-1,92
1,<environment.Job instance at 0x7f38ba8e8230>,49,22,[ 3 11],50,-1,114,-1,92
1,<environment.Job instance at 0x7f38ba8e8fa0>,54,13,[12  4],55,-1,166,-1,153
1,<environment.Job instance at 0x7f38ba8e8190>,55,23,[9 4],56,-1,176,-1,153
1,<environment.Job instance at 0x7f38ba8e8690>,56,13,[ 3 14],57,-1,166,-1,153
1,<environment.Job instance at 0x7f38ba966370>,57,24,[ 4 14],58,-1,177,-1,153
1,<environment.Job instance at 0x7f38ba9669b0>,59,24,[13  3],60,-1,192,-1,168
1,<environment.Job instance at 0x7f38ba966910>,60,27,[9 5],61,-1,195,-1,168
1,<environment.Job instance at 0x7f38ba9665a0>,61,22,[13  5],62,-1,190,-1,168
1,<environment.Job instance at 0x7f38ba9663c0>,62,14,[ 3 13],63,-1,182,-1,168
1,<environment.Job instance at 0x7f38ba9666e0>,63,26,[14  2],64,-1,194,-1,168
1,<environment.Job instance at 0x7f38ba966410>,64,13,[13  4],65,-1,181,-1,168
1,<environment.Job instance at 0x7f38ba966320>,65,21,[ 4 10],66,-1,192,-1,171
1,<environment.Job instance at 0x7f38bab48a50>,1,26,[ 3 14],2,-1,28,-1,2
1,<environment.Job instance at 0x7f38bab442d0>,3,16,[12  2],4,-1,20,-1,4
1,<environment.Job instance at 0x7f38bae4c8c0>,4,17,[ 4 11],5,-1,22,-1,5
1,<environment.Job instance at 0x7f38bae08c30>,6,19,[ 4 12],7,-1,26,-1,7
1,<environment.Job instance at 0x7f38bada97d0>,7,16,[ 1 13],8,-1,24,-1,8
1,<environment.Job instance at 0x7f38baa5a140>,12,17,[ 2 12],13,-1,30,-1,13
1,<environment.Job instance at 0x7f38baa5a5f0>,15,22,[ 5 13],16,-1,50,-1,28
1,<environment.Job instance at 0x7f38baa5a500>,16,12,[ 3 11],17,-1,40,-1,28
1,<environment.Job instance at 0x7f38baa5ac30>,17,27,[11  2],18,-1,55,-1,28
1,<environment.Job instance at 0x7f38baa5ad20>,19,14,[ 3 10],20,-1,60,-1,46
1,<environment.Job instance at 0x7f38baa5aaf0>,21,22,[ 4 12],22,-1,68,-1,46
1,<environment.Job instance at 0x7f38baa5ae60>,24,27,[12  1],25,-1,86,-1,59
1,<environment.Job instance at 0x7f38baa5abe0>,25,18,[14  5],26,-1,77,-1,59
1,<environment.Job instance at 0x7f38baa5a320>,26,13,[ 5 11],27,-1,72,-1,59
1,<environment.Job instance at 0x7f38ba9f75a0>,27,27,[12  2],28,-1,86,-1,59
1,<environment.Job instance at 0x7f38ba9f7fa0>,29,27,[5 1],30,-1,86,-1,59
1,<environment.Job instance at 0x7f38ba9f7eb0>,30,28,[ 5 10],31,-1,87,-1,59
1,<environment.Job instance at 0x7f38ba9f77d0>,31,27,[11  5],32,-1,86,-1,59
1,<environment.Job instance at 0x7f38ba9f70a0>,32,23,[14  5],33,-1,82,-1,59
1,<environment.Job instance at 0x7f38ba9f7230>,33,16,[12  4],34,-1,75,-1,59
1,<environment.Job instance at 0x7f38ba9f7050>,35,27,[12  4],36,-1,104,-1,77
1,<environment.Job instance at 0x7f38ba9f7780>,36,20,[ 5 12],37,-1,97,-1,77
1,<environment.Job instance at 0x7f38ba9eb1e0>,37,28,[12  4],38,-1,105,-1,77
1,<environment.Job instance at 0x7f38ba9ebf50>,38,16,[ 1 14],39,-1,93,-1,77
1,<environment.Job instance at 0x7f38ba9eb8c0>,41,28,[13  3],42,-1,119,-1,91
1,<environment.Job instance at 0x7f38ba9eb050>,42,22,[ 3 11],43,-1,113,-1,91
1,<environment.Job instance at 0x7f38ba9ebb40>,43,21,[ 2 13],44,-1,112,-1,91
1,<environment.Job instance at 0x7f38ba9eb0f0>,48,12,[11  1],49,-1,143,-1,131
1,<environment.Job instance at 0x7f38ba9ebd20>,49,17,[11  3],50,-1,148,-1,131
1,<environment.Job instance at 0x7f38ba9eb7d0>,50,16,[12  1],51,-1,147,-1,131
1,<environment.Job instance at 0x7f38ba9eb190>,51,15,[ 4 13],52,-1,146,-1,131
1,<environment.Job instance at 0x7f38bae1e640>,52,28,[13  1],53,-1,159,-1,131
1,<environment.Job instance at 0x7f38bae1e460>,53,24,[ 4 13],54,-1,155,-1,131
1,<environment.Job instance at 0x7f38bae1e050>,54,18,[ 1 11],55,-1,149,-1,131
1,<environment.Job instance at 0x7f38bae1ef50>,56,14,[12  5],57,-1,145,-1,131
1,<environment.Job instance at 0x7f38bae1ec80>,57,21,[13  2],58,-1,152,-1,131
1,<environment.Job instance at 0x7f38bae1e230>,59,28,[13  2],60,-1,162,-1,134
1,<environment.Job instance at 0x7f38bae1e910>,61,24,[2 6],62,-1,169,-1,145
1,<environment.Job instance at 0x7f38bae1e320>,62,13,[ 5 12],63,-1,158,-1,145
1,<environment.Job instance at 0x7f38bae1e0f0>,63,20,[ 2 11],64,-1,165,-1,145
1,<environment.Job instance at 0x7f38bae1ed70>,65,14,[11  2],66,-1,162,-1,148
1,<environment.Job instance at 0x7f38bae1efa0>,66,21,[ 1 10],67,-1,170,-1,149
1,<environment.Job instance at 0x7f38bae1e280>,67,25,[3 7],68,-1,174,-1,149
1,<environment.Job instance at 0x7f38bae1e140>,69,22,[ 4 10],70,-1,184,-1,162
1,<environment.Job instance at 0x7f38bae1eaa0>,70,25,[ 5 14],71,-1,187,-1,162
1,<environment.Job instance at 0x7f38bae1e410>,71,17,[ 1 13],72,-1,179,-1,162
1,<environment.Job instance at 0x7f38bad8f730>,72,16,[ 1 13],73,-1,178,-1,162
1,<environment.Job instance at 0x7f38bad8f320>,73,28,[2 7],74,-1,190,-1,162
1,<environment.Job instance at 0x7f38bad8f410>,75,25,[3 9],76,-1,192,-1,167
1,<environment.Job instance at 0x7f38bad8f370>,77,13,[ 1 13],78,-1,180,-1,167
1,<environment.Job instance at 0x7f38bad8faa0>,78,28,[3 6],79,-1,195,-1,167
1,<environment.Job instance at 0x7f38bad8ff50>,79,12,[ 4 11],80,-1,179,-1,167
1,<environment.Job instance at 0x7f38bb9b30f0>,4,25,[ 1 14],5,-1,30,-1,5
1,<environment.Job instance at 0x7f38bb98b780>,5,19,[13  1],6,-1,25,-1,6
1,<environment.Job instance at 0x7f38bb98b2d0>,6,15,[12  3],7,-1,22,-1,7
1,<environment.Job instance at 0x7f38bb98b5a0>,7,24,[ 1 11],8,-1,32,-1,8
1,<environment.Job instance at 0x7f38bb98be10>,8,27,[10  4],9,-1,36,-1,9
1,<environment.Job instance at 0x7f38bb98bdc0>,9,26,[5 5],10,-1,36,-1,10
1,<environment.Job instance at 0x7f38bb966a50>,11,19,[13  1],12,-1,31,-1,12
1,<environment.Job instance at 0x7f38bb966c80>,12,16,[11  1],13,-1,29,-1,13
1,<environment.Job instance at 0x7f38bb9664b0>,13,28,[ 4 11],14,-1,42,-1,14
1,<environment.Job instance at 0x7f38bb966960>,14,22,[5 4],15,-1,38,-1,16
1,<environment.Job instance at 0x7f38bb966780>,16,26,[12  1],17,-1,43,-1,17
1,<environment.Job instance at 0x7f38bb9c8640>,17,16,[5 2],18,-1,36,-1,20
1,<environment.Job instance at 0x7f38bb9c83c0>,20,13,[1 8],21,-1,34,-1,21
1,<environment.Job instance at 0x7f38bb9c8190>,21,26,[7 1],22,-1,48,-1,22
1,<environment.Job instance at 0x7f38bb9c8280>,22,22,[8 3],23,-1,45,-1,23
1,<environment.Job instance at 0x7f38bb9c8e10>,23,15,[14  1],24,-1,39,-1,24
1,<environment.Job instance at 0x7f38bb9c8910>,25,17,[14  2],26,-1,43,-1,26
1,<environment.Job instance at 0x7f38bb9c8320>,26,20,[11  4],27,-1,47,-1,27
1,<environment.Job instance at 0x7f38bb9c8690>,27,20,[5 7],28,-1,48,-1,28
1,<environment.Job instance at 0x7f38bb9c8aa0>,28,12,[10  4],29,-1,41,-1,29
1,<environment.Job instance at 0x7f38bb9c8960>,29,23,[5 6],30,-1,53,-1,30
1,<environment.Job instance at 0x7f38bb9c8820>,30,14,[ 4 13],31,-1,45,-1,31
1,<environment.Job instance at 0x7f38bb9c8e60>,31,23,[ 5 14],32,-1,55,-1,32
1,<environment.Job instance at 0x7f38bb9c84b0>,32,23,[13  5],33,-1,56,-1,33
1,<environment.Job instance at 0x7f38bb9b7960>,33,22,[ 2 14],34,-1,56,-1,34
1,<environment.Job instance at 0x7f38bb9b70a0>,34,17,[13  4],35,-1,52,-1,35
1,<environment.Job instance at 0x7f38bb9b7be0>,35,22,[6 2],36,-1,58,-1,36
1,<environment.Job instance at 0x7f38bb9b70f0>,36,23,[9 1],37,-1,60,-1,37
1,<environment.Job instance at 0x7f38bbcb0370>,37,24,[ 4 13],38,-1,62,-1,38
1,<environment.Job instance at 0x7f38bbcb0280>,38,28,[12  2],39,-1,67,-1,39
1,<environment.Job instance at 0x7f38bbcdc370>,40,14,[2 7],41,-1,55,-1,41
1,<environment.Job instance at 0x7f38c4341500>,42,14,[12  1],43,-1,57,-1,43
1,<environment.Job instance at 0x7f38bb9c8a50>,44,25,[10  1],45,-1,70,-1,45
1,<environment.Job instance at 0x7f38c434bf50>,45,13,[ 5 11],46,-1,59,-1,46
1,<environment.Job instance at 0x7f38c434b820>,46,12,[ 3 14],47,-1,59,-1,47
1,<environment.Job instance at 0x7f38c434ba50>,47,14,[2 9],48,-1,62,-1,48
1,<environment.Job instance at 0x7f38c434baa0>,48,13,[ 2 13],49,-1,62,-1,49
1,<environment.Job instance at 0x7f38c434bcd0>,49,14,[13  2],50,-1,64,-1,50
1,<environment.Job instance at 0x7f38bb9a3dc0>,50,18,[11  2],51,-1,69,-1,51
1,<environment.Job instance at 0x7f38bb9a3140>,51,25,[ 1 10],52,-1,77,-1,52
1,<environment.Job instance at 0x7f38bb9a3b40>,52,20,[ 2 12],53,-1,73,-1,53
1,<environment.Job instance at 0x7f38bb9a3b90>,53,20,[13  1],54,-1,74,-1,54
1,<environment.Job instance at 0x7f38bb9a3d70>,55,20,[3 7],56,-1,76,-1,56
1,<environment.Job instance at 0x7f38bb9a3c80>,56,26,[3 7],57,-1,83,-1,57
1,<environment.Job instance at 0x7f38bb9a3500>,58,22,[2 8],59,-1,81,-1,59
1,<environment.Job instance at 0x7f38bb9a3eb0>,59,18,[2 7],60,-1,78,-1,60
1,<environment.Job instance at 0x7f38bb9a3730>,60,25,[12  2],61,-1,86,-1,61
1,<environment.Job instance at 0x7f38bb9a3780>,61,22,[11  3],62,-1,84,-1,62
1,<environment.Job instance at 0x7f38bb9a3c30>,62,24,[12  5],63,-1,87,-1,63
1,<environment.Job instance at 0x7f38bb9a3910>,63,26,[ 5 10],64,-1,90,-1,64
1,<environment.Job instance at 0x7f38bb9a3640>,64,16,[1 6],65,-1,81,-1,65
1,<environment.Job instance at 0x7f38bb20f7d0>,65,28,[12  2],66,-1,94,-1,66
1,<environment.Job instance at 0x7f38bb84ae10>,66,21,[ 4 12],67,-1,88,-1,67
1,<environment.Job instance at 0x7f38bb95a550>,67,26,[ 4 12],68,-1,94,-1,68
1,<environment.Job instance at 0x7f38bb95ae10>,68,14,[5 2],69,-1,83,-1,69
1,<environment.Job instance at 0x7f38bb95a8c0>,69,13,[11  2],70,-1,83,-1,70
1,<environment.Job instance at 0x7f38bb95a910>,70,13,[ 5 13],71,-1,84,-1,71
1,<environment.Job instance at 0x7f38bb95abe0>,73,23,[ 4 13],74,-1,97,-1,74
1,<environment.Job instance at 0x7f38bb95afa0>,74,13,[ 5 14],75,-1,88,-1,75
1,<environment.Job instance at 0x7f38bb95ae60>,75,22,[5 5],76,-1,98,-1,76
1,<environment.Job instance at 0x7f38bb95af50>,76,22,[13  1],77,-1,99,-1,77
1,<environment.Job instance at 0x7f38baff57d0>,77,17,[ 1 10],78,-1,95,-1,78
1,<environment.Job instance at 0x7f38bb915f00>,78,27,[ 1 13],79,-1,106,-1,79
1,<environment.Job instance at 0x7f38bb915a50>,79,17,[ 5 12],80,-1,97,-1,80
1,<environment.Job instance at 0x7f38bad92f50>,80,23,[8 4],81,-1,104,-1,81
1,<environment.Job instance at 0x7f38ba81dcd0>,82,21,[11  5],83,-1,104,-1,83
1,<environment.Job instance at 0x7f38babe9dc0>,83,18,[13  4],84,-1,102,-1,84
1,<environment.Job instance at 0x7f38babecd70>,84,27,[8 5],85,-1,112,-1,85
1,<environment.Job instance at 0x7f38babf8cd0>,85,12,[ 5 13],86,-1,98,-1,86
1,<environment.Job instance at 0x7f38ba775280>,87,20,[ 5 13],88,-1,108,-1,88
1,<environment.Job instance at 0x7f38ba775190>,88,19,[ 2 14],89,-1,108,-1,89
1,<environment.Job instance at 0x7f38ba775d70>,89,20,[13  2],90,-1,110,-1,90
1,<environment.Job instance at 0x7f38bae06870>,90,16,[ 2 14],91,-1,107,-1,91
1,<environment.Job instance at 0x7f38bac06c80>,91,26,[7 3],92,-1,118,-1,92
1,<environment.Job instance at 0x7f38bac06af0>,92,16,[ 3 13],93,-1,109,-1,93
1,<environment.Job instance at 0x7f38bac06500>,93,28,[ 5 10],94,-1,122,-1,94
1,<environment.Job instance at 0x7f38ba7814b0>,94,22,[14  1],95,-1,117,-1,95
1,<environment.Job instance at 0x7f38ba781690>,96,15,[ 1 12],97,-1,112,-1,97
1,<environment.Job instance at 0x7f38ba781b40>,97,19,[1 8],98,-1,117,-1,98
1,<environment.Job instance at 0x7f38ba781e10>,98,20,[7 4],99,-1,120,-1,100
1,<environment.Job instance at 0x7f38ba781230>,100,14,[13  5],101,-1,116,-1,102
1,<environment.Job instance at 0x7f38ba781730>,101,14,[8 3],102,-1,116,-1,102
1,<environment.Job instance at 0x7f38ba781870>,102,13,[10  5],103,-1,116,-1,103
1,<environment.Job instance at 0x7f38ba781370>,103,27,[12  4],104,-1,131,-1,104
1,<environment.Job instance at 0x7f38ba781eb0>,104,18,[ 3 13],105,-1,123,-1,105
1,<environment.Job instance at 0x7f38ba781c30>,105,27,[ 1 14],106,-1,133,-1,106
1,<environment.Job instance at 0x7f38ba7b4190>,106,21,[14  2],107,-1,128,-1,107
1,<environment.Job instance at 0x7f38babf2320>,107,22,[11  1],108,-1,130,-1,108
1,<environment.Job instance at 0x7f38babf24b0>,108,26,[7 4],109,-1,135,-1,109
1,<environment.Job instance at 0x7f38babf2a00>,109,12,[ 1 14],110,-1,122,-1,110
1,<environment.Job instance at 0x7f38ba81baf0>,110,23,[ 4 14],111,-1,134,-1,111
1,<environment.Job instance at 0x7f38ba7e5d20>,111,14,[13  2],112,-1,126,-1,112
1,<environment.Job instance at 0x7f38ba7e5140>,112,19,[3 6],113,-1,132,-1,113
1,<environment.Job instance at 0x7f38ba7e5be0>,113,21,[11  2],114,-1,135,-1,114
1,<environment.Job instance at 0x7f38ba77d1e0>,114,18,[ 2 11],115,-1,133,-1,115
1,<environment.Job instance at 0x7f38ba77dc80>,115,17,[11  4],116,-1,133,-1,116
1,<environment.Job instance at 0x7f38ba77d780>,116,14,[ 4 14],117,-1,131,-1,117
1,<environment.Job instance at 0x7f38ba77daa0>,117,28,[12  5],118,-1,146,-1,118
1,<environment.Job instance at 0x7f38ba77d4b0>,118,13,[12  5],119,-1,132,-1,119
1,<environment.Job instance at 0x7f38ba77dfa0>,119,12,[11  5],120,-1,132,-1,120
1,<environment.Job instance at 0x7f38ba77d500>,121,26,[5 3],122,-1,148,-1,122
1,<environment.Job instance at 0x7f38ba77dbe0>,122,27,[13  5],123,-1,150,-1,123
1,<environment.Job instance at 0x7f38ba77d960>,123,28,[ 3 14],124,-1,152,-1,124
1,<environment.Job instance at 0x7f38ba77d370>,124,21,[ 4 11],125,-1,146,-1,125
1,<environment.Job instance at 0x7f38ba77d320>,125,18,[ 3 12],126,-1,144,-1,126
1,<environment.Job instance at 0x7f38ba77f820>,126,20,[2 9],127,-1,147,-1,127
1,<environment.Job instance at 0x7f38ba77f320>,127,26,[14  5],128,-1,154,-1,128
1,<environment.Job instance at 0x7f38ba77f4b0>,128,24,[4 6],129,-1,153,-1,129
1,<environment.Job instance at 0x7f38ba77f6e0>,129,18,[13  1],130,-1,148,-1,130
1,<environment.Job instance at 0x7f38ba77f640>,130,20,[12  3],131,-1,151,-1,131
1,<environment.Job instance at 0x7f38ba77fe10>,131,17,[ 5 14],132,-1,149,-1,132
1,<environment.Job instance at 0x7f38ba77ff50>,132,24,[8 5],133,-1,157,-1,133
1,<environment.Job instance at 0x7f38ba77fcd0>,133,24,[5 1],134,-1,158,-1,134
1,<environment.Job instance at 0x7f38ba77fb40>,134,20,[5 3],135,-1,155,-1,135
1,<environment.Job instance at 0x7f38ba77faa0>,135,16,[ 2 13],136,-1,152,-1,136
1,<environment.Job instance at 0x7f38ba77f8c0>,136,17,[12  3],137,-1,154,-1,137
1,<environment.Job instance at 0x7f38ba77fa00>,137,14,[14  1],138,-1,152,-1,138
1,<environment.Job instance at 0x7f38ba77c1e0>,138,25,[ 4 10],139,-1,164,-1,139
1,<environment.Job instance at 0x7f38ba77c0a0>,139,26,[3 6],140,-1,166,-1,140
1,<environment.Job instance at 0x7f38ba77ce10>,141,14,[11  5],142,-1,156,-1,142
1,<environment.Job instance at 0x7f38ba77cd70>,142,24,[ 4 12],143,-1,167,-1,143
1,<environment.Job instance at 0x7f38ba77c870>,143,23,[1 6],144,-1,167,-1,144
1,<environment.Job instance at 0x7f38ba77cb90>,144,25,[12  2],145,-1,170,-1,145
1,<environment.Job instance at 0x7f38ba77ccd0>,145,12,[10  2],146,-1,158,-1,146
1,<environment.Job instance at 0x7f38ba77c7d0>,146,24,[13  1],147,-1,171,-1,147
1,<environment.Job instance at 0x7f38ba77c5f0>,147,13,[11  1],148,-1,161,-1,148
1,<environment.Job instance at 0x7f38bb61efa0>,148,22,[10  1],149,-1,171,-1,149
1,<environment.Job instance at 0x7f38ba7820f0>,149,16,[13  1],150,-1,166,-1,150
1,<environment.Job instance at 0x7f38ba782550>,150,14,[5 1],151,-1,165,-1,151
1,<environment.Job instance at 0x7f38ba7ff460>,2,27,[ 3 11],3,-1,30,-1,3
1,<environment.Job instance at 0x7f38bac40b90>,5,21,[ 4 14],6,-1,27,-1,6
1,<environment.Job instance at 0x7f38badf34b0>,6,13,[14  2],7,-1,20,-1,7
1,<environment.Job instance at 0x7f38badf3910>,7,16,[ 4 14],8,-1,24,-1,8
1,<environment.Job instance at 0x7f38badf3e10>,12,17,[ 3 11],13,-1,31,-1,14
1,<environment.Job instance at 0x7f38bac399b0>,14,27,[1 9],15,-1,52,-1,25
1,<environment.Job instance at 0x7f38bac39dc0>,15,25,[ 2 12],16,-1,50,-1,25
1,<environment.Job instance at 0x7f38bac39820>,16,27,[1 6],17,-1,52,-1,25
1,<environment.Job instance at 0x7f38bac393c0>,17,27,[8 5],18,-1,52,-1,25
1,<environment.Job instance at 0x7f38bac39e60>,19,17,[ 1 11],20,-1,50,-1,33
1,<environment.Job instance at 0x7f38bac39e10>,20,13,[ 3 14],21,-1,46,-1,33
1,<environment.Job instance at 0x7f38bbced870>,23,16,[11  2],24,-1,66,-1,50
1,<environment.Job instance at 0x7f38bbced820>,24,27,[5 2],25,-1,77,-1,50
1,<environment.Job instance at 0x7f38bbcedf00>,25,13,[13  5],26,-1,63,-1,50
1,<environment.Job instance at 0x7f38bbced280>,26,17,[13  3],27,-1,67,-1,50
1,<environment.Job instance at 0x7f38bbcedf50>,27,26,[10  5],28,-1,76,-1,50
1,<environment.Job instance at 0x7f38bbcedbe0>,28,13,[14  3],29,-1,63,-1,50
1,<environment.Job instance at 0x7f38bbced0f0>,29,26,[ 2 12],30,-1,76,-1,50
1,<environment.Job instance at 0x7f38bbced9b0>,30,26,[4 5],31,-1,76,-1,50
1,<environment.Job instance at 0x7f38bbcedc30>,33,15,[ 2 13],34,-1,89,-1,74
1,<environment.Job instance at 0x7f38bbced460>,34,18,[11  2],35,-1,92,-1,74
1,<environment.Job instance at 0x7f38bbceda50>,37,18,[14  1],38,-1,94,-1,76
1,<environment.Job instance at 0x7f38bbcef050>,38,23,[ 1 11],39,-1,99,-1,76
1,<environment.Job instance at 0x7f38bbceffa0>,39,19,[ 3 12],40,-1,95,-1,76
1,<environment.Job instance at 0x7f38bbcef370>,43,13,[ 3 11],44,-1,112,-1,99
1,<environment.Job instance at 0x7f38bbcefd70>,44,12,[7 2],45,-1,117,-1,105
1,<environment.Job instance at 0x7f38bbcef7d0>,45,25,[5 3],46,-1,130,-1,105
1,<environment.Job instance at 0x7f38bbcef1e0>,46,15,[11  2],47,-1,120,-1,105
1,<environment.Job instance at 0x7f38bbcef280>,47,12,[7 2],48,-1,117,-1,105
1,<environment.Job instance at 0x7f38bbcef2d0>,48,25,[7 2],49,-1,130,-1,105
1,<environment.Job instance at 0x7f38bbcef3c0>,49,18,[ 5 12],50,-1,123,-1,105
1,<environment.Job instance at 0x7f38bbcef6e0>,50,12,[ 3 12],51,-1,117,-1,105
1,<environment.Job instance at 0x7f38bb009190>,51,15,[11  5],52,-1,120,-1,105
1,<environment.Job instance at 0x7f38bb0090a0>,53,16,[13  2],54,-1,121,-1,105
1,<environment.Job instance at 0x7f38bb0099b0>,54,12,[13  3],55,-1,117,-1,105
1,<environment.Job instance at 0x7f38bb009a50>,55,16,[11  5],56,-1,121,-1,105
1,<environment.Job instance at 0x7f38bb009870>,59,26,[ 2 14],60,-1,149,-1,123
1,<environment.Job instance at 0x7f38bb009aa0>,61,14,[14  3],62,-1,149,-1,135
1,<environment.Job instance at 0x7f38bb009b40>,63,12,[ 5 12],64,-1,151,-1,139
1,<environment.Job instance at 0x7f38bb0095f0>,66,22,[7 2],67,-1,196,-1,174
1,<environment.Job instance at 0x7f38bb009cd0>,68,23,[8 3],69,-1,197,-1,174
1,<environment.Job instance at 0x7f38babdfb40>,70,25,[ 4 10],71,-1,199,-1,174
1,<environment.Job instance at 0x7f38babdfd20>,3,24,[14  1],4,-1,28,-1,4
1,<environment.Job instance at 0x7f38ba73f500>,5,14,[ 1 13],6,-1,20,-1,6
1,<environment.Job instance at 0x7f38ba73f7d0>,6,17,[ 3 12],7,-1,24,-1,7
1,<environment.Job instance at 0x7f38ba73f6e0>,7,26,[11  2],8,-1,34,-1,8
1,<environment.Job instance at 0x7f38ba73f910>,9,24,[11  1],10,-1,34,-1,10
1,<environment.Job instance at 0x7f38ba73faf0>,10,23,[13  2],11,-1,34,-1,11
1,<environment.Job instance at 0x7f38ba73fb40>,11,18,[13  5],12,-1,30,-1,12
1,<environment.Job instance at 0x7f38ba73fcd0>,13,28,[5 9],14,-1,42,-1,14
1,<environment.Job instance at 0x7f38ba73ff50>,19,20,[ 5 12],20,-1,60,-1,40
1,<environment.Job instance at 0x7f38ba740230>,20,18,[14  1],21,-1,58,-1,40
1,<environment.Job instance at 0x7f38ba740370>,21,19,[ 2 14],22,-1,59,-1,40
1,<environment.Job instance at 0x7f38ba7402d0>,22,24,[ 2 14],23,-1,64,-1,40
1,<environment.Job instance at 0x7f38ba740460>,23,28,[12  4],24,-1,68,-1,40
1,<environment.Job instance at 0x7f38ba7405a0>,25,23,[3 6],26,-1,64,-1,41
1,<environment.Job instance at 0x7f38ba740640>,26,25,[14  5],27,-1,66,-1,41
1,<environment.Job instance at 0x7f38ba7407d0>,30,18,[ 2 14],31,-1,93,-1,75
1,<environment.Job instance at 0x7f38ba740870>,31,28,[4 5],32,-1,103,-1,75
1,<environment.Job instance at 0x7f38ba7409b0>,33,21,[13  5],34,-1,117,-1,96
1,<environment.Job instance at 0x7f38ba740a50>,34,23,[10  5],35,-1,119,-1,96
1,<environment.Job instance at 0x7f38ba740af0>,35,13,[13  4],36,-1,109,-1,96
1,<environment.Job instance at 0x7f38ba740c30>,37,16,[ 5 14],38,-1,112,-1,96
1,<environment.Job instance at 0x7f38ba740f50>,41,21,[12  1],42,-1,144,-1,123
1,<environment.Job instance at 0x7f38ba744190>,43,16,[11  3],44,-1,139,-1,123
1,<environment.Job instance at 0x7f38ba7442d0>,45,18,[11  2],46,-1,161,-1,143
1,<environment.Job instance at 0x7f38ba744370>,46,16,[ 4 13],47,-1,159,-1,143
1,<environment.Job instance at 0x7f38ba744410>,47,17,[11  3],48,-1,160,-1,143
1,<environment.Job instance at 0x7f38ba7444b0>,48,23,[11  2],49,-1,166,-1,143
1,<environment.Job instance at 0x7f38ba7445f0>,50,20,[13  2],51,-1,163,-1,143
1,<environment.Job instance at 0x7f38ba744730>,52,23,[ 3 13],53,-1,167,-1,144
1,<environment.Job instance at 0x7f38ba7447d0>,53,26,[3 8],54,-1,170,-1,144
1,<environment.Job instance at 0x7f38ba744870>,54,18,[14  4],55,-1,162,-1,144
1,<environment.Job instance at 0x7f38ba744a50>,57,23,[9 2],58,-1,182,-1,159
1,<environment.Job instance at 0x7f38ba744af0>,58,26,[11  2],59,-1,185,-1,159
1,<environment.Job instance at 0x7f38ba744b90>,59,27,[14  4],60,-1,186,-1,159
1,<environment.Job instance at 0x7f38ba744dc0>,61,26,[13  2],62,-1,202,-1,176
1,<environment.Job instance at 0x7f38ba744e60>,62,27,[11  3],63,-1,203,-1,176
1,<environment.Job instance at 0x7f38ba744fa0>,63,16,[14  4],64,-1,192,-1,176
1,<environment.Job instance at 0x7f38ba744d70>,64,27,[ 1 14],65,-1,203,-1,176
1,<environment.Job instance at 0x7f38ba744f50>,65,21,[ 3 11],66,-1,197,-1,176
1,<environment.Job instance at 0x7f38ba746190>,66,20,[13  1],67,-1,196,-1,176
1,<environment.Job instance at 0x7f38ba7462d0>,68,22,[12  2],69,-1,198,-1,176
1,<environment.Job instance at 0x7f38ba746370>,69,27,[7 4],70,-1,203,-1,176
1,<environment.Job instance at 0x7f38ba746410>,70,25,[9 5],71,-1,201,-1,176
1,<environment.Job instance at 0x7f38ba782c30>,1,13,[14  5],2,-1,15,-1,2
1,<environment.Job instance at 0x7f38ba746460>,2,27,[8 4],3,-1,30,-1,3
1,<environment.Job instance at 0x7f38bb0c6280>,4,23,[6 1],5,-1,28,-1,5
1,<environment.Job instance at 0x7f38ba7d30f0>,5,23,[ 5 12],6,-1,29,-1,6
1,<environment.Job instance at 0x7f38bab5d140>,6,24,[5 9],7,-1,31,-1,7
1,<environment.Job instance at 0x7f38baaf5370>,7,17,[ 3 13],8,-1,25,-1,8
1,<environment.Job instance at 0x7f38bac39f00>,8,25,[12  2],9,-1,34,-1,9
1,<environment.Job instance at 0x7f38bb22aa50>,9,17,[ 1 14],10,-1,27,-1,10
1,<environment.Job instance at 0x7f38bac40410>,10,25,[12  3],11,-1,36,-1,11
1,<environment.Job instance at 0x7f38ba744cd0>,11,27,[ 4 11],12,-1,39,-1,12
1,<environment.Job instance at 0x7f38bab325a0>,12,23,[12  4],13,-1,36,-1,13
1,<environment.Job instance at 0x7f38bab328c0>,13,27,[7 5],14,-1,41,-1,14
1,<environment.Job instance at 0x7f38baa313c0>,15,25,[ 3 11],16,-1,41,-1,16
1,<environment.Job instance at 0x7f38baf83690>,16,21,[ 4 11],17,-1,38,-1,17
1,<environment.Job instance at 0x7f38baf83be0>,17,28,[2 8],18,-1,46,-1,18
1,<environment.Job instance at 0x7f38baf83730>,18,25,[ 1 12],19,-1,44,-1,19
1,<environment.Job instance at 0x7f38baf83140>,19,16,[ 5 13],20,-1,36,-1,20
1,<environment.Job instance at 0x7f38baf83c80>,20,23,[5 5],21,-1,44,-1,21
1,<environment.Job instance at 0x7f38baf83dc0>,21,26,[14  4],22,-1,48,-1,22
1,<environment.Job instance at 0x7f38baf83e10>,22,25,[2 8],23,-1,48,-1,23
1,<environment.Job instance at 0x7f38baf83c30>,24,25,[4 7],25,-1,50,-1,25
1,<environment.Job instance at 0x7f38baf83910>,25,25,[11  5],26,-1,51,-1,26
1,<environment.Job instance at 0x7f38baf835f0>,26,23,[14  2],27,-1,50,-1,27
1,<environment.Job instance at 0x7f38bb0ceeb0>,27,28,[ 4 11],28,-1,56,-1,28
1,<environment.Job instance at 0x7f38bbd12500>,31,24,[ 3 14],32,-1,56,-1,32
1,<environment.Job instance at 0x7f38bb0ce910>,32,28,[5 4],33,-1,63,-1,35
1,<environment.Job instance at 0x7f38bb0ce6e0>,35,25,[ 5 12],36,-1,61,-1,36
1,<environment.Job instance at 0x7f38bb0cea50>,36,24,[7 4],37,-1,64,-1,40
1,<environment.Job instance at 0x7f38bb6c3b40>,45,18,[ 1 12],46,-1,135,-1,117
1,<environment.Job instance at 0x7f38bb0cee10>,37,21,[10  1],38,-1,151,-1,130
1,<environment.Job instance at 0x7f38ba886280>,48,21,[1 5],49,-1,151,-1,130
1,<environment.Job instance at 0x7f38ba8861e0>,49,17,[1 7],50,-1,148,-1,131
1,<environment.Job instance at 0x7f38ba886320>,50,25,[8 3],51,-1,156,-1,131
1,<environment.Job instance at 0x7f38ba886370>,51,22,[13  5],52,-1,153,-1,131
1,<environment.Job instance at 0x7f38ba886910>,52,14,[14  4],53,-1,145,-1,131
1,<environment.Job instance at 0x7f38ba886550>,53,24,[5 1],54,-1,155,-1,131
1,<environment.Job instance at 0x7f38ba8862d0>,54,12,[ 4 13],55,-1,143,-1,131
1,<environment.Job instance at 0x7f38bb2271e0>,2,12,[ 4 12],3,-1,15,-1,3
1,<environment.Job instance at 0x7f38ba6518c0>,3,27,[ 4 14],4,-1,31,-1,4
1,<environment.Job instance at 0x7f38bb3beaa0>,9,24,[ 1 10],10,-1,34,-1,10
1,<environment.Job instance at 0x7f38ba5847d0>,11,25,[14  1],12,-1,37,-1,12
1,<environment.Job instance at 0x7f38ba584460>,14,28,[5 7],15,-1,51,-1,23
1,<environment.Job instance at 0x7f38ba584b40>,15,28,[2 5],16,-1,51,-1,23
1,<environment.Job instance at 0x7f38ba584280>,16,28,[ 2 14],17,-1,51,-1,23
1,<environment.Job instance at 0x7f38baf72780>,28,22,[ 3 14],29,-1,169,-1,147
1,<environment.Job instance at 0x7f38baf72be0>,30,28,[5 5],31,-1,183,-1,155
1,<environment.Job instance at 0x7f38baf72af0>,31,24,[10  1],32,-1,179,-1,155
1,<environment.Job instance at 0x7f38baf72b40>,32,26,[ 5 14],33,-1,181,-1,155
1,<environment.Job instance at 0x7f38bb2206e0>,35,16,[ 3 14],36,-1,179,-1,163
1,<environment.Job instance at 0x7f38bb2200f0>,36,21,[12  4],37,-1,184,-1,163
1,<environment.Job instance at 0x7f38baf8bd20>,38,15,[13  3],39,-1,182,-1,167
1,<environment.Job instance at 0x7f38ba9f1be0>,40,26,[12  2],41,-1,202,-1,176
1,<environment.Job instance at 0x7f38bb557a00>,41,22,[13  3],42,-1,198,-1,176
1,<environment.Job instance at 0x7f38ba8b2230>,42,14,[14  4],43,-1,190,-1,176
1,<environment.Job instance at 0x7f38bb5576e0>,43,26,[13  4],44,-1,202,-1,176
1,<environment.Job instance at 0x7f38ba875e10>,44,12,[ 4 10],45,-1,191,-1,179
1,<environment.Job instance at 0x7f38bbbbbf50>,45,23,[14  1],46,-1,202,-1,179
1,<environment.Job instance at 0x7f38bb552910>,46,14,[ 1 12],47,-1,193,-1,179
1,<environment.Job instance at 0x7f38ba6f60f0>,47,17,[14  4],48,-1,196,-1,179
1,<environment.Job instance at 0x7f38bac82a50>,1,28,[13  2],2,-1,30,-1,2
1,<environment.Job instance at 0x7f38c42f0050>,4,27,[3 6],5,-1,34,-1,7
1,<environment.Job instance at 0x7f38ba7ec870>,7,28,[13  2],8,-1,36,-1,8
1,<environment.Job instance at 0x7f38ba7ec3c0>,9,28,[1 5],10,-1,38,-1,10
1,<environment.Job instance at 0x7f38c42f0f00>,10,14,[13  2],11,-1,25,-1,11
1,<environment.Job instance at 0x7f38bbac6e60>,11,13,[11  3],12,-1,25,-1,12
1,<environment.Job instance at 0x7f38bbac6fa0>,14,20,[ 5 12],15,-1,37,-1,17
1,<environment.Job instance at 0x7f38bbb51910>,18,27,[14  2],19,-1,57,-1,30
1,<environment.Job instance at 0x7f38bbb51be0>,19,17,[ 5 12],20,-1,47,-1,30
1,<environment.Job instance at 0x7f38bbd46460>,21,24,[11  5],22,-1,63,-1,39
1,<environment.Job instance at 0x7f38bb9cdd20>,23,23,[9 3],24,-1,74,-1,51
1,<environment.Job instance at 0x7f38bb8a1be0>,25,16,[12  5],26,-1,67,-1,51
1,<environment.Job instance at 0x7f38bbc545f0>,27,25,[3 6],28,-1,88,-1,63
1,<environment.Job instance at 0x7f38bbc54cd0>,28,23,[ 2 12],29,-1,86,-1,63
1,<environment.Job instance at 0x7f38bbc54af0>,29,14,[14  4],30,-1,77,-1,63
1,<environment.Job instance at 0x7f38bb7e0280>,30,17,[ 3 14],31,-1,80,-1,63
1,<environment.Job instance at 0x7f38bbb982d0>,33,22,[13  1],34,-1,97,-1,75
1,<environment.Job instance at 0x7f38bbb98910>,34,13,[ 1 13],35,-1,88,-1,75
1,<environment.Job instance at 0x7f38c43a88c0>,35,17,[14  3],36,-1,92,-1,75
1,<environment.Job instance at 0x7f38bbcb6f00>,37,23,[13  2],38,-1,107,-1,84
1,<environment.Job instance at 0x7f38bb86c050>,38,14,[12  4],39,-1,98,-1,84
1,<environment.Job instance at 0x7f38bbcb6a00>,39,25,[ 2 10],40,-1,109,-1,84
1,<environment.Job instance at 0x7f38bb86c7d0>,40,24,[14  1],41,-1,108,-1,84
1,<environment.Job instance at 0x7f38bb7ccd70>,41,24,[ 4 14],42,-1,108,-1,84
1,<environment.Job instance at 0x7f38ba9fec30>,42,25,[14  2],43,-1,109,-1,84
1,<environment.Job instance at 0x7f38ba9fe410>,44,28,[5 9],45,-1,127,-1,99
1,<environment.Job instance at 0x7f38ba7fcaa0>,46,28,[12  1],47,-1,127,-1,99
1,<environment.Job instance at 0x7f38baa25be0>,51,23,[7 5],52,-1,162,-1,139
1,<environment.Job instance at 0x7f38bae5f1e0>,54,23,[9 1],55,-1,177,-1,154
1,<environment.Job instance at 0x7f38bae5f0f0>,55,22,[ 3 11],56,-1,176,-1,154
1,<environment.Job instance at 0x7f38bae5f5f0>,56,23,[9 4],57,-1,177,-1,154
1,<environment.Job instance at 0x7f38bae5f140>,57,13,[13  3],58,-1,167,-1,154
1,<environment.Job instance at 0x7f38bae5f820>,59,19,[14  1],60,-1,176,-1,157
1,<environment.Job instance at 0x7f38bae5f870>,60,13,[ 3 14],61,-1,170,-1,157
1,<environment.Job instance at 0x7f38bae5f460>,61,21,[ 5 14],62,-1,178,-1,157
1,<environment.Job instance at 0x7f38babf9640>,1,17,[ 5 12],2,-1,19,-1,2
1,<environment.Job instance at 0x7f38bb01bbe0>,3,21,[12  2],4,-1,25,-1,4
1,<environment.Job instance at 0x7f38bae5f780>,5,23,[ 3 13],6,-1,29,-1,6
1,<environment.Job instance at 0x7f38bbb15320>,10,20,[ 5 12],11,-1,33,-1,13
1,<environment.Job instance at 0x7f38bb1d0b40>,11,24,[9 4],12,-1,37,-1,13
1,<environment.Job instance at 0x7f38bb1d0140>,12,26,[5 5],13,-1,39,-1,13
1,<environment.Job instance at 0x7f38bb1d0190>,17,14,[ 4 14],18,-1,68,-1,54
1,<environment.Job instance at 0x7f38bb1d0d20>,20,12,[13  2],21,-1,77,-1,65
1,<environment.Job instance at 0x7f38bb1d0fa0>,21,15,[14  4],22,-1,80,-1,65
1,<environment.Job instance at 0x7f38bb1d05a0>,22,24,[5 3],23,-1,89,-1,65
1,<environment.Job instance at 0x7f38bb1d0dc0>,23,17,[14  4],24,-1,82,-1,65
1,<environment.Job instance at 0x7f38bb9270a0>,25,16,[12  2],26,-1,93,-1,77
1,<environment.Job instance at 0x7f38bb927a00>,26,13,[ 4 14],27,-1,90,-1,77
1,<environment.Job instance at 0x7f38bb927960>,29,13,[14  3],30,-1,111,-1,98
1,<environment.Job instance at 0x7f38bb927d70>,31,28,[12  2],32,-1,126,-1,98
1,<environment.Job instance at 0x7f38bb927050>,32,24,[12  5],33,-1,122,-1,98
1,<environment.Job instance at 0x7f38bb927dc0>,34,12,[11  5],35,-1,120,-1,108
1,<environment.Job instance at 0x7f38bb927e60>,37,14,[ 5 11],38,-1,144,-1,130
1,<environment.Job instance at 0x7f38bb9279b0>,38,17,[ 3 14],39,-1,147,-1,130
1,<environment.Job instance at 0x7f38bb927aa0>,39,23,[7 5],40,-1,154,-1,131
1,<environment.Job instance at 0x7f38bb927410>,41,23,[1 5],42,-1,157,-1,134
1,<environment.Job instance at 0x7f38bb4f0f00>,43,26,[ 1 11],44,-1,167,-1,141
1,<environment.Job instance at 0x7f38bb4f0460>,44,12,[13  4],45,-1,153,-1,141
1,<environment.Job instance at 0x7f38bab44e60>,2,15,[ 5 14],3,-1,18,-1,3
1,<environment.Job instance at 0x7f38bbdc1280>,3,25,[13  4],4,-1,29,-1,4
1,<environment.Job instance at 0x7f38bbdc1320>,5,25,[7 3],6,-1,31,-1,6
1,<environment.Job instance at 0x7f38bbdc14b0>,6,16,[ 5 11],7,-1,23,-1,7
1,<environment.Job instance at 0x7f38bbdc1550>,8,21,[14  2],9,-1,30,-1,9
1,<environment.Job instance at 0x7f38bbdc12d0>,9,13,[12  4],10,-1,23,-1,10
1,<environment.Job instance at 0x7f38bbdc1230>,10,26,[14  5],11,-1,37,-1,11
1,<environment.Job instance at 0x7f38bbdc1af0>,12,19,[ 2 13],13,-1,32,-1,13
1,<environment.Job instance at 0x7f38bbdc1f00>,13,24,[5 3],14,-1,39,-1,15
1,<environment.Job instance at 0x7f38bbdc1640>,15,13,[11  1],16,-1,29,-1,16
1,<environment.Job instance at 0x7f38bb675aa0>,19,17,[ 4 14],20,-1,45,-1,28
1,<environment.Job instance at 0x7f38bb675190>,21,17,[12  4],22,-1,45,-1,28
1,<environment.Job instance at 0x7f38bb675e10>,22,14,[ 3 11],23,-1,42,-1,28
1,<environment.Job instance at 0x7f38bb6755a0>,23,16,[ 4 13],24,-1,44,-1,28
1,<environment.Job instance at 0x7f38bb6757d0>,24,24,[ 1 11],25,-1,52,-1,28
1,<environment.Job instance at 0x7f38bb675730>,25,17,[ 4 11],26,-1,45,-1,28
1,<environment.Job instance at 0x7f38bb675230>,26,22,[8 4],27,-1,58,-1,36
1,<environment.Job instance at 0x7f38bb675550>,27,15,[ 2 12],28,-1,51,-1,36
1,<environment.Job instance at 0x7f38bb6751e0>,28,22,[ 5 13],29,-1,58,-1,36
1,<environment.Job instance at 0x7f38bb675b40>,29,16,[12  4],30,-1,52,-1,36
1,<environment.Job instance at 0x7f38bb675af0>,30,26,[11  3],31,-1,62,-1,36
1,<environment.Job instance at 0x7f38bb675820>,31,18,[ 1 10],32,-1,54,-1,36
1,<environment.Job instance at 0x7f38c48e14b0>,32,15,[13  2],33,-1,51,-1,36
1,<environment.Job instance at 0x7f38c48e1460>,33,23,[4 9],34,-1,59,-1,36
1,<environment.Job instance at 0x7f38c48e1690>,34,25,[7 5],35,-1,61,-1,36
1,<environment.Job instance at 0x7f38bb51f5f0>,35,23,[5 4],36,-1,59,-1,36
1,<environment.Job instance at 0x7f38bb51fa00>,36,28,[ 3 13],37,-1,65,-1,37
1,<environment.Job instance at 0x7f38bb51f280>,39,19,[ 1 13],40,-1,63,-1,44
1,<environment.Job instance at 0x7f38bb51f3c0>,41,28,[4 5],42,-1,72,-1,44
1,<environment.Job instance at 0x7f38bb51ff50>,42,26,[1 7],43,-1,70,-1,44
1,<environment.Job instance at 0x7f38bb51ff00>,43,21,[13  3],44,-1,65,-1,44
1,<environment.Job instance at 0x7f38bb51f870>,44,23,[6 2],45,-1,68,-1,45
1,<environment.Job instance at 0x7f38bac6b280>,47,27,[ 3 13],48,-1,88,-1,61
1,<environment.Job instance at 0x7f38bac6bd20>,48,22,[13  1],49,-1,83,-1,61
1,<environment.Job instance at 0x7f38bac6b050>,49,26,[ 4 12],50,-1,87,-1,61
1,<environment.Job instance at 0x7f38bac6baf0>,51,25,[ 5 12],52,-1,107,-1,82
1,<environment.Job instance at 0x7f38bac6b3c0>,52,28,[12  4],53,-1,110,-1,82
1,<environment.Job instance at 0x7f38bac6b320>,53,18,[13  5],54,-1,100,-1,82
1,<environment.Job instance at 0x7f38bac6b6e0>,55,24,[8 3],56,-1,106,-1,82
1,<environment.Job instance at 0x7f38bac6b640>,56,25,[ 1 14],57,-1,107,-1,82
1,<environment.Job instance at 0x7f38bac6b730>,57,23,[9 5],58,-1,105,-1,82
1,<environment.Job instance at 0x7f38baca75f0>,59,22,[ 3 12],60,-1,104,-1,82
1,<environment.Job instance at 0x7f38baca7f50>,60,25,[ 1 11],61,-1,107,-1,82
1,<environment.Job instance at 0x7f38baca7dc0>,61,14,[12  4],62,-1,96,-1,82
1,<environment.Job instance at 0x7f38baca7280>,65,12,[ 3 14],66,-1,129,-1,117
1,<environment.Job instance at 0x7f38baca71e0>,66,24,[11  4],67,-1,141,-1,117
1,<environment.Job instance at 0x7f38baca7910>,69,13,[12  1],70,-1,145,-1,132
1,<environment.Job instance at 0x7f38ba6f19b0>,71,26,[9 5],72,-1,158,-1,132
1,<environment.Job instance at 0x7f38ba6f1d20>,72,18,[13  5],73,-1,150,-1,132
1,<environment.Job instance at 0x7f38ba6f1e60>,73,25,[11  5],74,-1,157,-1,132
1,<environment.Job instance at 0x7f38ba6f1f00>,74,17,[12  3],75,-1,149,-1,132
1,<environment.Job instance at 0x7f38ba6f1af0>,75,16,[5 1],76,-1,148,-1,132
1,<environment.Job instance at 0x7f38ba6f1190>,79,24,[8 1],80,-1,173,-1,149
1,<environment.Job instance at 0x7f38ba6f10a0>,80,18,[14  5],81,-1,167,-1,149
1,<environment.Job instance at 0x7f38ba6f1690>,82,28,[5 5],83,-1,190,-1,162
1,<environment.Job instance at 0x7f38ba71e320>,84,28,[14  1],85,-1,195,-1,167
1,<environment.Job instance at 0x7f38ba71e500>,85,24,[13  1],86,-1,191,-1,167
1,<environment.Job instance at 0x7f38ba71ecd0>,87,26,[8 3],88,-1,203,-1,177
1,<environment.Job instance at 0x7f38ba71e6e0>,88,24,[13  4],89,-1,201,-1,177
1,<environment.Job instance at 0x7f38bad57d20>,4,22,[ 5 11],5,-1,27,-1,5
1,<environment.Job instance at 0x7f38bad57fa0>,11,27,[5 2],12,-1,55,-1,28
1,<environment.Job instance at 0x7f38bad57460>,12,14,[ 2 10],13,-1,42,-1,28
1,<environment.Job instance at 0x7f38bad57500>,13,21,[ 3 11],14,-1,49,-1,28
1,<environment.Job instance at 0x7f38bad5d410>,14,18,[2 7],15,-1,46,-1,28
1,<environment.Job instance at 0x7f38bad5d280>,15,12,[ 1 13],16,-1,40,-1,28
1,<environment.Job instance at 0x7f38bad5d780>,17,22,[9 3],18,-1,64,-1,42
1,<environment.Job instance at 0x7f38bad5df00>,18,28,[ 1 13],19,-1,70,-1,42
1,<environment.Job instance at 0x7f38bad5d730>,20,13,[1 8],21,-1,62,-1,49
1,<environment.Job instance at 0x7f38bad5de10>,21,15,[13  5],22,-1,64,-1,49
1,<environment.Job instance at 0x7f38bad5d7d0>,23,14,[11  1],24,-1,63,-1,49
1,<environment.Job instance at 0x7f38bad5dc80>,24,22,[7 3],25,-1,72,-1,50
1,<environment.Job instance at 0x7f38bad5d0f0>,25,19,[12  3],26,-1,69,-1,50
1,<environment.Job instance at 0x7f38bad5d960>,26,14,[12  4],27,-1,64,-1,50
1,<environment.Job instance at 0x7f38bad5d6e0>,27,18,[ 1 13],28,-1,68,-1,50
1,<environment.Job instance at 0x7f38bad5d4b0>,29,26,[ 2 12],30,-1,82,-1,56
1,<environment.Job instance at 0x7f38bad5d190>,30,14,[4 9],31,-1,70,-1,56
1,<environment.Job instance at 0x7f38bad5d500>,31,14,[2 9],32,-1,71,-1,57
1,<environment.Job instance at 0x7f38bad5d0a0>,32,19,[ 2 13],33,-1,76,-1,57
1,<environment.Job instance at 0x7f38bad5deb0>,33,28,[ 5 10],34,-1,85,-1,57
1,<environment.Job instance at 0x7f38bad5d1e0>,34,19,[13  2],35,-1,76,-1,57
1,<environment.Job instance at 0x7f38ba6cad70>,35,26,[9 1],36,-1,83,-1,57
1,<environment.Job instance at 0x7f38ba6ca140>,36,27,[11  4],37,-1,84,-1,57
1,<environment.Job instance at 0x7f38ba6ca190>,37,13,[14  2],38,-1,70,-1,57
1,<environment.Job instance at 0x7f38ba6caa50>,39,21,[ 1 13],40,-1,89,-1,68
1,<environment.Job instance at 0x7f38ba6cadc0>,41,21,[4 6],42,-1,94,-1,73
1,<environment.Job instance at 0x7f38ba6ca3c0>,42,16,[ 1 12],43,-1,89,-1,73
1,<environment.Job instance at 0x7f38ba6ca4b0>,43,16,[12  5],44,-1,89,-1,73
1,<environment.Job instance at 0x7f38ba6ca500>,44,25,[10  1],45,-1,98,-1,73
1,<environment.Job instance at 0x7f38ba6cae60>,45,23,[4 9],46,-1,96,-1,73
1,<environment.Job instance at 0x7f38ba6ca820>,46,24,[ 2 12],47,-1,97,-1,73
1,<environment.Job instance at 0x7f38ba6ca960>,47,15,[10  3],48,-1,99,-1,84
1,<environment.Job instance at 0x7f38ba6cabe0>,48,12,[8 1],49,-1,96,-1,84
1,<environment.Job instance at 0x7f38ba6caa00>,50,22,[5 4],51,-1,111,-1,89
1,<environment.Job instance at 0x7f38bb34da00>,51,16,[ 1 11],52,-1,105,-1,89
1,<environment.Job instance at 0x7f38bb34d780>,52,19,[14  3],53,-1,108,-1,89
1,<environment.Job instance at 0x7f38bb34d690>,53,25,[1 9],54,-1,114,-1,89
1,<environment.Job instance at 0x7f38bb34d050>,54,21,[ 4 12],55,-1,110,-1,89
1,<environment.Job instance at 0x7f38bb34d640>,55,27,[9 3],56,-1,116,-1,89
1,<environment.Job instance at 0x7f38bb34d3c0>,56,24,[14  4],57,-1,113,-1,89
1,<environment.Job instance at 0x7f38bb34db90>,57,28,[6 2],58,-1,117,-1,89
1,<environment.Job instance at 0x7f38bb34d820>,58,12,[ 4 12],59,-1,101,-1,89
1,<environment.Job instance at 0x7f38bb34df50>,59,25,[2 7],60,-1,114,-1,89
1,<environment.Job instance at 0x7f38bb34d5a0>,60,26,[14  2],61,-1,115,-1,89
1,<environment.Job instance at 0x7f38bb34d280>,61,23,[13  4],62,-1,112,-1,89
1,<environment.Job instance at 0x7f38bb34d6e0>,62,28,[6 1],63,-1,117,-1,89
1,<environment.Job instance at 0x7f38bb34d960>,63,21,[5 9],64,-1,110,-1,89
1,<environment.Job instance at 0x7f38bb34d5f0>,65,21,[4 9],66,-1,110,-1,89
1,<environment.Job instance at 0x7f38bb34d2d0>,66,16,[ 4 12],67,-1,105,-1,89
1,<environment.Job instance at 0x7f38bb34dbe0>,67,15,[12  4],68,-1,104,-1,89
1,<environment.Job instance at 0x7f38bb34d190>,68,14,[6 3],69,-1,103,-1,89
1,<environment.Job instance at 0x7f38bb34deb0>,69,28,[11  1],70,-1,117,-1,89
1,<environment.Job instance at 0x7f38bb34d0a0>,70,12,[8 5],71,-1,101,-1,89
1,<environment.Job instance at 0x7f38bb34d730>,71,26,[13  2],72,-1,115,-1,89
1,<environment.Job instance at 0x7f38bb7c0e10>,72,21,[ 3 11],73,-1,110,-1,89
1,<environment.Job instance at 0x7f38bb7c0550>,73,13,[7 4],74,-1,102,-1,89
1,<environment.Job instance at 0x7f38bb7c0b40>,74,20,[8 3],75,-1,109,-1,89
1,<environment.Job instance at 0x7f38bb7c0050>,75,25,[6 4],76,-1,114,-1,89
1,<environment.Job instance at 0x7f38bb7c04b0>,76,21,[14  5],77,-1,110,-1,89
1,<environment.Job instance at 0x7f38bb7c0a50>,77,26,[ 5 13],78,-1,115,-1,89
1,<environment.Job instance at 0x7f38bb7c0b90>,78,13,[5 4],79,-1,102,-1,89
1,<environment.Job instance at 0x7f38bb7c0be0>,79,27,[ 4 13],80,-1,116,-1,89
1,<environment.Job instance at 0x7f38bb7c08c0>,80,17,[ 5 12],81,-1,106,-1,89
1,<environment.Job instance at 0x7f38bb7c05f0>,81,22,[13  3],82,-1,111,-1,89
1,<environment.Job instance at 0x7f38bb7c0780>,82,28,[ 4 10],83,-1,117,-1,89
1,<environment.Job instance at 0x7f38bb7c0af0>,83,14,[ 2 13],84,-1,103,-1,89
1,<environment.Job instance at 0x7f38bb7c09b0>,84,14,[1 5],85,-1,103,-1,89
1,<environment.Job instance at 0x7f38bb7c02d0>,85,15,[10  4],86,-1,104,-1,89
1,<environment.Job instance at 0x7f38ba43c280>,86,16,[10  5],87,-1,107,-1,91
1,<environment.Job instance at 0x7f38ba43ce10>,87,14,[4 7],88,-1,105,-1,91
1,<environment.Job instance at 0x7f38ba43c460>,88,24,[ 4 10],89,-1,115,-1,91
1,<environment.Job instance at 0x7f38ba43caf0>,89,24,[14  5],90,-1,115,-1,91
1,<environment.Job instance at 0x7f38ba43c780>,90,27,[ 3 10],91,-1,118,-1,91
1,<environment.Job instance at 0x7f38ba43cdc0>,91,20,[ 3 11],92,-1,112,-1,92
1,<environment.Job instance at 0x7f38ba43c4b0>,92,13,[12  4],93,-1,106,-1,93
1,<environment.Job instance at 0x7f38ba43c6e0>,93,19,[2 7],94,-1,113,-1,94
1,<environment.Job instance at 0x7f38ba43c320>,94,12,[ 4 14],95,-1,107,-1,95
1,<environment.Job instance at 0x7f38ba43c7d0>,95,18,[2 6],96,-1,115,-1,97
1,<environment.Job instance at 0x7f38ba43c0a0>,97,13,[ 1 10],98,-1,118,-1,105
1,<environment.Job instance at 0x7f38ba43c690>,98,13,[14  2],99,-1,118,-1,105
1,<environment.Job instance at 0x7f38ba43cb40>,99,14,[13  2],100,-1,119,-1,105
1,<environment.Job instance at 0x7f38ba43cc80>,100,22,[ 4 12],101,-1,127,-1,105
1,<environment.Job instance at 0x7f38ba43c960>,101,13,[7 2],102,-1,118,-1,105
1,<environment.Job instance at 0x7f38ba43c910>,102,22,[8 2],103,-1,127,-1,105
1,<environment.Job instance at 0x7f38ba43c050>,103,16,[ 2 11],104,-1,121,-1,105
1,<environment.Job instance at 0x7f38ba43caa0>,105,19,[ 3 11],106,-1,125,-1,106
1,<environment.Job instance at 0x7f38bb253910>,106,28,[5 3],107,-1,135,-1,107
1,<environment.Job instance at 0x7f38bb253640>,107,13,[ 4 11],108,-1,121,-1,108
1,<environment.Job instance at 0x7f38bb253780>,108,20,[3 6],109,-1,129,-1,109
1,<environment.Job instance at 0x7f38bb253af0>,110,19,[13  3],111,-1,140,-1,121
1,<environment.Job instance at 0x7f38bb253280>,111,20,[ 2 13],112,-1,141,-1,121
1,<environment.Job instance at 0x7f38bb253d20>,114,17,[11  4],115,-1,159,-1,142
1,<environment.Job instance at 0x7f38bb253190>,117,26,[4 9],118,-1,188,-1,162
1,<environment.Job instance at 0x7f38bb253b90>,118,26,[13  5],119,-1,188,-1,162
1,<environment.Job instance at 0x7f38bb253f50>,120,12,[12  2],121,-1,176,-1,164
1,<environment.Job instance at 0x7f38ba4625a0>,122,23,[14  2],123,-1,201,-1,178
1,<environment.Job instance at 0x7f38ba462690>,123,25,[5 3],124,-1,203,-1,178
1,<environment.Job instance at 0x7f38bade71e0>,1,14,[ 3 12],2,-1,16,-1,2
1,<environment.Job instance at 0x7f38ba6a8d20>,3,27,[2 7],4,-1,31,-1,4
1,<environment.Job instance at 0x7f38ba6a8190>,4,26,[7 1],5,-1,31,-1,5
1,<environment.Job instance at 0x7f38ba462690>,6,24,[7 2],7,-1,31,-1,7
1,<environment.Job instance at 0x7f38ba6a8500>,7,24,[14  4],8,-1,32,-1,8
1,<environment.Job instance at 0x7f38ba6a8cd0>,8,25,[12  5],9,-1,34,-1,9
1,<environment.Job instance at 0x7f38ba6a8f00>,9,25,[3 6],10,-1,35,-1,10
1,<environment.Job instance at 0x7f38ba6a8960>,10,23,[ 3 10],11,-1,34,-1,11
1,<environment.Job instance at 0x7f38ba6a84b0>,5,13,[14  1],6,-1,24,-1,11
1,<environment.Job instance at 0x7f38ba6a8640>,11,20,[ 4 14],12,-1,32,-1,12
1,<environment.Job instance at 0x7f38baba0a00>,14,25,[1 8],15,-1,40,-1,15
1,<environment.Job instance at 0x7f38baba07d0>,15,28,[5 8],16,-1,44,-1,16
1,<environment.Job instance at 0x7f38baba08c0>,16,16,[ 4 12],17,-1,33,-1,17
1,<environment.Job instance at 0x7f38ba6a8550>,13,16,[8 2],14,-1,35,-1,19
1,<environment.Job instance at 0x7f38baba0aa0>,19,17,[13  3],20,-1,37,-1,20
1,<environment.Job instance at 0x7f38baba0960>,20,19,[ 3 14],21,-1,40,-1,21
1,<environment.Job instance at 0x7f38baba0b90>,21,27,[1 7],22,-1,49,-1,22
1,<environment.Job instance at 0x7f38ba94e370>,32,28,[13  1],33,-1,133,-1,105
1,<environment.Job instance at 0x7f38ba94e4b0>,34,28,[12  1],35,-1,133,-1,105
1,<environment.Job instance at 0x7f38ba94e910>,40,17,[13  1],41,-1,154,-1,137
1,<environment.Job instance at 0x7f38ba94e9b0>,41,12,[11  4],42,-1,149,-1,137
1,<environment.Job instance at 0x7f38ba94ea50>,42,17,[10  2],43,-1,156,-1,139
1,<environment.Job instance at 0x7f38bb3d0730>,5,13,[ 2 14],6,-1,19,-1,6
1,<environment.Job instance at 0x7f38bb3d0140>,10,18,[ 3 11],11,-1,35,-1,17
1,<environment.Job instance at 0x7f38bb3d06e0>,11,24,[14  5],12,-1,41,-1,17
1,<environment.Job instance at 0x7f38bb3d05a0>,13,18,[14  3],14,-1,55,-1,37
1,<environment.Job instance at 0x7f38bb3d0780>,14,20,[14  1],15,-1,57,-1,37
1,<environment.Job instance at 0x7f38bb3d0fa0>,15,14,[ 1 11],16,-1,51,-1,37
1,<environment.Job instance at 0x7f38bad4f6e0>,16,12,[ 1 11],17,-1,49,-1,37
1,<environment.Job instance at 0x7f38bad4f410>,17,12,[ 5 12],18,-1,49,-1,37
1,<environment.Job instance at 0x7f38bad4f0a0>,18,19,[11  1],19,-1,56,-1,37
1,<environment.Job instance at 0x7f38bad4f320>,19,24,[5 3],20,-1,61,-1,37
1,<environment.Job instance at 0x7f38bb0f9b40>,20,13,[ 2 11],21,-1,50,-1,37
1,<environment.Job instance at 0x7f38bbccd460>,23,16,[ 1 13],24,-1,66,-1,50
1,<environment.Job instance at 0x7f38ba67eaf0>,26,24,[13  4],27,-1,88,-1,64
1,<environment.Job instance at 0x7f38ba67ee10>,27,21,[ 1 12],28,-1,85,-1,64
1,<environment.Job instance at 0x7f38ba67e8c0>,28,25,[4 8],29,-1,89,-1,64
1,<environment.Job instance at 0x7f38ba70f780>,29,13,[10  1],30,-1,77,-1,64
1,<environment.Job instance at 0x7f38ba70f5f0>,31,19,[ 1 10],32,-1,92,-1,73
1,<environment.Job instance at 0x7f38ba70f6e0>,32,25,[5 8],33,-1,98,-1,73
1,<environment.Job instance at 0x7f38ba70f640>,34,14,[12  4],35,-1,93,-1,79
1,<environment.Job instance at 0x7f38ba70f1e0>,35,23,[ 1 13],36,-1,102,-1,79
1,<environment.Job instance at 0x7f38bad4a5a0>,37,14,[13  3],38,-1,104,-1,90
1,<environment.Job instance at 0x7f38bad4a780>,39,24,[12  3],40,-1,116,-1,92
1,<environment.Job instance at 0x7f38bad4ab40>,40,14,[12  4],41,-1,106,-1,92
1,<environment.Job instance at 0x7f38bad4a0f0>,41,23,[5 2],42,-1,115,-1,92
1,<environment.Job instance at 0x7f38bad4a870>,42,16,[12  4],43,-1,108,-1,92
1,<environment.Job instance at 0x7f38bad4adc0>,43,18,[13  5],44,-1,110,-1,92
1,<environment.Job instance at 0x7f38bad4a2d0>,44,23,[5 5],45,-1,115,-1,92
1,<environment.Job instance at 0x7f38bad4a5f0>,45,18,[13  2],46,-1,110,-1,92
1,<environment.Job instance at 0x7f38ba946f50>,46,27,[5 6],47,-1,119,-1,92
1,<environment.Job instance at 0x7f38ba946be0>,47,24,[9 5],48,-1,116,-1,92
1,<environment.Job instance at 0x7f38ba946960>,48,20,[ 3 14],49,-1,112,-1,92
1,<environment.Job instance at 0x7f38ba946190>,49,20,[13  3],50,-1,112,-1,92
1,<environment.Job instance at 0x7f38bb1506e0>,50,27,[ 5 12],51,-1,119,-1,92
1,<environment.Job instance at 0x7f38bb150b40>,52,14,[ 1 13],53,-1,123,-1,109
1,<environment.Job instance at 0x7f38bb150870>,54,24,[12  4],55,-1,133,-1,109
1,<environment.Job instance at 0x7f38bb1505a0>,55,13,[13  1],56,-1,122,-1,109
1,<environment.Job instance at 0x7f38bb150190>,56,26,[2 7],57,-1,135,-1,109
1,<environment.Job instance at 0x7f38bb150780>,57,25,[11  1],58,-1,134,-1,109
1,<environment.Job instance at 0x7f38bb1505f0>,58,24,[ 3 14],59,-1,133,-1,109
1,<environment.Job instance at 0x7f38ba5c4aa0>,59,26,[12  5],60,-1,135,-1,109
1,<environment.Job instance at 0x7f38ba5c4960>,61,24,[11  1],62,-1,133,-1,109
1,<environment.Job instance at 0x7f38ba5c47d0>,62,25,[14  3],63,-1,134,-1,109
1,<environment.Job instance at 0x7f38ba5c4640>,63,19,[11  3],64,-1,128,-1,109
1,<environment.Job instance at 0x7f38ba5c4550>,64,17,[12  2],65,-1,126,-1,109
1,<environment.Job instance at 0x7f38bb3de870>,65,23,[ 5 14],66,-1,132,-1,109
1,<environment.Job instance at 0x7f38bb3dec30>,66,22,[ 4 11],67,-1,131,-1,109
1,<environment.Job instance at 0x7f38bb3de960>,68,22,[ 2 10],69,-1,144,-1,122
1,<environment.Job instance at 0x7f38bb3de4b0>,70,21,[ 1 10],71,-1,144,-1,123
1,<environment.Job instance at 0x7f38bb3de910>,71,15,[ 2 13],72,-1,138,-1,123
1,<environment.Job instance at 0x7f38bb3dea00>,73,18,[ 3 13],74,-1,156,-1,138
1,<environment.Job instance at 0x7f38bb3deaa0>,75,25,[12  4],76,-1,164,-1,139
1,<environment.Job instance at 0x7f38bb3de3c0>,76,23,[8 3],77,-1,162,-1,139
1,<environment.Job instance at 0x7f38bb3de140>,77,12,[1 9],78,-1,151,-1,139
1,<environment.Job instance at 0x7f38bb3de190>,79,15,[13  3],80,-1,169,-1,154
1,<environment.Job instance at 0x7f38bb3debe0>,80,17,[12  5],81,-1,171,-1,154
1,<environment.Job instance at 0x7f38bb3de280>,81,28,[5 3],82,-1,182,-1,154
1,<environment.Job instance at 0x7f38bb3de2d0>,82,27,[12  4],83,-1,181,-1,154
1,<environment.Job instance at 0x7f38bb3de1e0>,83,24,[2 5],84,-1,178,-1,154
1,<environment.Job instance at 0x7f38bb3de410>,84,20,[ 3 13],85,-1,174,-1,154
1,<environment.Job instance at 0x7f38bb3de500>,85,15,[12  1],86,-1,169,-1,154
1,<environment.Job instance at 0x7f38bb8c3d70>,86,25,[7 2],87,-1,179,-1,154
1,<environment.Job instance at 0x7f38bb8c39b0>,88,16,[14  3],89,-1,171,-1,155
1,<environment.Job instance at 0x7f38bb8c3a00>,89,16,[ 5 12],90,-1,171,-1,155
1,<environment.Job instance at 0x7f38bb8c3870>,91,27,[12  3],92,-1,201,-1,174
1,<environment.Job instance at 0x7f38bb8c3f00>,93,21,[ 1 11],94,-1,195,-1,174
1,<environment.Job instance at 0x7f38bb8c3820>,94,26,[11  5],95,-1,200,-1,174
1,<environment.Job instance at 0x7f38bb8c3690>,96,28,[ 5 10],97,-1,202,-1,174
1,<environment.Job instance at 0x7f38bb8c3370>,97,28,[14  5],98,-1,202,-1,174
1,<environment.Job instance at 0x7f38bb8c3eb0>,98,13,[13  5],99,-1,187,-1,174
1,<environment.Job instance at 0x7f38bb8c30f0>,99,22,[ 2 14],100,-1,196,-1,174
1,<environment.Job instance at 0x7f38bb508190>,100,27,[4 5],101,-1,201,-1,174
1,<environment.Job instance at 0x7f38bb5085a0>,101,23,[12  5],102,-1,197,-1,174
1,<environment.Job instance at 0x7f38bb508e10>,102,16,[ 2 14],103,-1,190,-1,174
1,<environment.Job instance at 0x7f38ba855cd0>,4,15,[13  2],5,-1,20,-1,5
1,<environment.Job instance at 0x7f38bb594280>,5,16,[12  3],6,-1,22,-1,6
1,<environment.Job instance at 0x7f38bbad6820>,6,12,[7 2],7,-1,20,-1,8
1,<environment.Job instance at 0x7f38babcffa0>,8,28,[5 6],9,-1,37,-1,9
1,<environment.Job instance at 0x7f38babcfcd0>,9,22,[ 1 13],10,-1,32,-1,10
1,<environment.Job instance at 0x7f38babcfeb0>,10,12,[11  4],11,-1,23,-1,11
1,<environment.Job instance at 0x7f38babcf0f0>,14,26,[ 4 13],15,-1,41,-1,15
1,<environment.Job instance at 0x7f38babcfaf0>,16,26,[7 4],17,-1,43,-1,17
1,<environment.Job instance at 0x7f38babcf6e0>,17,24,[3 7],18,-1,42,-1,18
1,<environment.Job instance at 0x7f38babcfb40>,18,17,[ 2 14],19,-1,36,-1,19
1,<environment.Job instance at 0x7f38babcff50>,20,14,[ 3 13],21,-1,41,-1,27
1,<environment.Job instance at 0x7f38c43d97d0>,3,13,[12  5],4,-1,17,-1,4
1,<environment.Job instance at 0x7f38bab67230>,4,22,[14  3],5,-1,27,-1,5
1,<environment.Job instance at 0x7f38c49e5460>,5,14,[ 2 11],6,-1,20,-1,6
1,<environment.Job instance at 0x7f38bb157dc0>,6,13,[ 5 11],7,-1,20,-1,7
1,<environment.Job instance at 0x7f38bac12fa0>,8,27,[4 5],9,-1,36,-1,9
1,<environment.Job instance at 0x7f38bab670f0>,10,13,[ 3 13],11,-1,24,-1,11
1,<environment.Job instance at 0x7f38bb3245a0>,15,16,[11  1],16,-1,33,-1,17
1,<environment.Job instance at 0x7f38bb324f00>,17,13,[ 5 12],18,-1,47,-1,34
1,<environment.Job instance at 0x7f38bb324780>,18,25,[1 6],19,-1,59,-1,34
1,<environment.Job instance at 0x7f38bb324a50>,19,21,[ 4 13],20,-1,55,-1,34
1,<environment.Job instance at 0x7f38bb324eb0>,20,19,[11  3],21,-1,53,-1,34
1,<environment.Job instance at 0x7f38bb324e10>,21,14,[ 1 11],22,-1,48,-1,34
1,<environment.Job instance at 0x7f38bb3245f0>,22,25,[ 1 12],23,-1,59,-1,34
1,<environment.Job instance at 0x7f38bb324550>,23,20,[12  4],24,-1,54,-1,34
1,<environment.Job instance at 0x7f38bb324320>,24,23,[5 1],25,-1,57,-1,34
1,<environment.Job instance at 0x7f38bb302190>,26,23,[ 2 14],27,-1,75,-1,52
1,<environment.Job instance at 0x7f38bb302230>,27,27,[ 3 13],28,-1,79,-1,52
1,<environment.Job instance at 0x7f38bb3022d0>,28,12,[ 2 13],29,-1,64,-1,52
1,<environment.Job instance at 0x7f38bb302370>,29,19,[ 1 14],30,-1,71,-1,52
1,<environment.Job instance at 0x7f38bb302550>,32,16,[13  5],33,-1,82,-1,66
1,<environment.Job instance at 0x7f38bb302780>,34,22,[7 1],35,-1,104,-1,82
1,<environment.Job instance at 0x7f38bb3027d0>,35,12,[12  2],36,-1,94,-1,82
1,<environment.Job instance at 0x7f38bb3020a0>,37,24,[ 3 11],38,-1,106,-1,82
1,<environment.Job instance at 0x7f38bb3029b0>,38,26,[6 5],39,-1,108,-1,82
1,<environment.Job instance at 0x7f38bb302af0>,40,27,[1 5],41,-1,123,-1,96
1,<environment.Job instance at 0x7f38bb302c30>,42,17,[12  2],43,-1,113,-1,96
1,<environment.Job instance at 0x7f38bb302cd0>,43,23,[6 1],44,-1,119,-1,96
1,<environment.Job instance at 0x7f38bb302e10>,45,20,[ 1 14],46,-1,129,-1,109
1,<environment.Job instance at 0x7f38bb302eb0>,46,19,[ 1 11],47,-1,128,-1,109
1,<environment.Job instance at 0x7f38bb302f50>,47,24,[5 8],48,-1,133,-1,109
1,<environment.Job instance at 0x7f38bb302140>,48,27,[10  2],49,-1,136,-1,109
1,<environment.Job instance at 0x7f38bb32dfa0>,50,27,[ 3 12],51,-1,140,-1,113
1,<environment.Job instance at 0x7f38bb32d9b0>,51,18,[ 3 12],52,-1,131,-1,113
1,<environment.Job instance at 0x7f38bb32df50>,52,13,[14  2],53,-1,126,-1,113
1,<environment.Job instance at 0x7f38bb32d5f0>,54,15,[ 4 10],55,-1,146,-1,131
1,<environment.Job instance at 0x7f38bb32d230>,55,19,[ 1 14],56,-1,150,-1,131
1,<environment.Job instance at 0x7f38ba998280>,4,27,[ 4 11],5,-1,32,-1,5
1,<environment.Job instance at 0x7f38ba998af0>,5,18,[12  2],6,-1,24,-1,6
1,<environment.Job instance at 0x7f38ba972730>,6,24,[ 2 13],7,-1,31,-1,7
1,<environment.Job instance at 0x7f38ba972500>,7,13,[ 1 11],8,-1,21,-1,8
1,<environment.Job instance at 0x7f38ba972b90>,13,23,[ 1 10],14,-1,37,-1,14
1,<environment.Job instance at 0x7f38ba9722d0>,14,16,[ 1 12],15,-1,31,-1,15
1,<environment.Job instance at 0x7f38ba972eb0>,15,24,[10  2],16,-1,40,-1,16
1,<environment.Job instance at 0x7f38ba972140>,16,24,[ 1 10],17,-1,41,-1,17
1,<environment.Job instance at 0x7f38ba972050>,18,16,[12  1],19,-1,44,-1,28
1,<environment.Job instance at 0x7f38ba972960>,20,15,[13  3],21,-1,44,-1,29
1,<environment.Job instance at 0x7f38babfd500>,22,17,[ 5 13],23,-1,66,-1,49
1,<environment.Job instance at 0x7f38ba9a7550>,23,22,[14  1],24,-1,71,-1,49
1,<environment.Job instance at 0x7f38bb52c410>,25,24,[14  5],26,-1,73,-1,49
1,<environment.Job instance at 0x7f38bac27280>,26,25,[ 3 14],27,-1,74,-1,49
1,<environment.Job instance at 0x7f38bb814640>,27,25,[6 2],28,-1,74,-1,49
1,<environment.Job instance at 0x7f38bb814690>,29,21,[10  4],30,-1,133,-1,112
1,<environment.Job instance at 0x7f38bab48af0>,35,13,[ 5 14],36,-1,126,-1,113
1,<environment.Job instance at 0x7f38ba43bb40>,36,13,[14  5],37,-1,126,-1,113
1,<environment.Job instance at 0x7f38bb5258c0>,37,15,[ 4 11],38,-1,128,-1,113
1,<environment.Job instance at 0x7f38bb525c80>,38,13,[11  2],39,-1,126,-1,113
1,<environment.Job instance at 0x7f38bb525fa0>,39,20,[10  4],40,-1,135,-1,115
1,<environment.Job instance at 0x7f38ba73c3c0>,40,18,[9 1],41,-1,142,-1,124
1,<environment.Job instance at 0x7f38bb93e320>,41,20,[3 6],42,-1,145,-1,125
1,<environment.Job instance at 0x7f38ba86dc30>,43,17,[ 5 13],44,-1,142,-1,125
1,<environment.Job instance at 0x7f38ba86d5a0>,44,18,[ 1 13],45,-1,143,-1,125
1,<environment.Job instance at 0x7f38ba86d780>,45,14,[12  3],46,-1,139,-1,125
1,<environment.Job instance at 0x7f38ba86d2d0>,46,28,[ 1 12],47,-1,153,-1,125
1,<environment.Job instance at 0x7f38ba86d320>,47,24,[ 2 10],48,-1,149,-1,125
1,<environment.Job instance at 0x7f38ba86deb0>,49,18,[ 2 10],50,-1,150,-1,132
1,<environment.Job instance at 0x7f38ba475a50>,50,25,[14  2],51,-1,157,-1,132
1,<environment.Job instance at 0x7f38bbcb65f0>,51,14,[3 5],52,-1,147,-1,133
1,<environment.Job instance at 0x7f38bbcb6550>,52,17,[14  3],53,-1,150,-1,133
1,<environment.Job instance at 0x7f38bbcb65a0>,53,13,[5 1],54,-1,146,-1,133
1,<environment.Job instance at 0x7f38bbcb6d20>,56,26,[8 3],57,-1,170,-1,144
1,<environment.Job instance at 0x7f38bbcb6320>,57,22,[13  1],58,-1,166,-1,144
1,<environment.Job instance at 0x7f38bab53690>,59,16,[ 5 11],60,-1,173,-1,157
1,<environment.Job instance at 0x7f38baff5fa0>,60,14,[3 9],61,-1,171,-1,157
1,<environment.Job instance at 0x7f38baff5820>,62,22,[ 3 14],63,-1,190,-1,168
1,<environment.Job instance at 0x7f38bbc50dc0>,63,12,[7 1],64,-1,180,-1,168
1,<environment.Job instance at 0x7f38baff5050>,64,21,[2 6],65,-1,189,-1,168
1,<environment.Job instance at 0x7f38bad8f870>,66,14,[13  2],67,-1,189,-1,175
1,<environment.Job instance at 0x7f38bae45c30>,67,12,[5 5],68,-1,187,-1,175
1,<environment.Job instance at 0x7f38bae45b40>,68,18,[ 4 11],69,-1,193,-1,175
1,<environment.Job instance at 0x7f38bad1bfa0>,1,18,[ 3 12],2,-1,20,-1,2
1,<environment.Job instance at 0x7f38ba406370>,3,23,[ 3 11],4,-1,27,-1,4
1,<environment.Job instance at 0x7f38ba4064b0>,4,26,[8 3],5,-1,31,-1,5
1,<environment.Job instance at 0x7f38bb992be0>,6,21,[14  4],7,-1,28,-1,7
1,<environment.Job instance at 0x7f38ba406910>,11,12,[ 4 13],12,-1,25,-1,13
1,<environment.Job instance at 0x7f38ba4063c0>,12,28,[ 5 13],13,-1,41,-1,13
1,<environment.Job instance at 0x7f38ba406be0>,13,16,[ 2 10],14,-1,59,-1,43
1,<environment.Job instance at 0x7f38ba406460>,17,23,[ 1 11],18,-1,66,-1,43
1,<environment.Job instance at 0x7f38ba9792d0>,20,22,[ 4 13],21,-1,88,-1,66
1,<environment.Job instance at 0x7f38ba979190>,21,24,[11  1],22,-1,90,-1,66
1,<environment.Job instance at 0x7f38ba9795a0>,24,13,[12  5],25,-1,91,-1,78
1,<environment.Job instance at 0x7f38ba979320>,26,19,[ 1 12],27,-1,105,-1,86
1,<environment.Job instance at 0x7f38ba979b90>,27,26,[8 2],28,-1,112,-1,86
1,<environment.Job instance at 0x7f38ba9794b0>,30,25,[5 5],31,-1,123,-1,98
1,<environment.Job instance at 0x7f38ba979be0>,31,17,[ 1 14],32,-1,115,-1,98
1,<environment.Job instance at 0x7f38ba979820>,33,17,[ 3 14],34,-1,124,-1,107
1,<environment.Job instance at 0x7f38ba979230>,35,16,[11  5],36,-1,133,-1,117
1,<environment.Job instance at 0x7f38ba979370>,36,28,[ 2 12],37,-1,145,-1,117
1,<environment.Job instance at 0x7f38ba979410>,37,17,[ 4 14],38,-1,134,-1,117
1,<environment.Job instance at 0x7f38ba979c80>,39,23,[13  5],40,-1,145,-1,122
1,<environment.Job instance at 0x7f38ba979fa0>,40,25,[ 4 14],41,-1,147,-1,122
1,<environment.Job instance at 0x7f38ba4ab190>,41,26,[ 1 12],42,-1,148,-1,122
1,<environment.Job instance at 0x7f38ba6d21e0>,43,18,[14  3],44,-1,142,-1,124
1,<environment.Job instance at 0x7f38ba6d2dc0>,45,12,[13  4],46,-1,148,-1,136
1,<environment.Job instance at 0x7f38ba6d2aa0>,46,28,[ 3 10],47,-1,164,-1,136
1,<environment.Job instance at 0x7f38bb4b5f00>,49,12,[13  3],50,-1,159,-1,147
1,<environment.Job instance at 0x7f38bb488780>,50,26,[7 5],51,-1,173,-1,147
1,<environment.Job instance at 0x7f38bb4b5d20>,51,24,[ 5 14],52,-1,171,-1,147
1,<environment.Job instance at 0x7f38ba6d0f50>,52,12,[14  2],53,-1,159,-1,147
1,<environment.Job instance at 0x7f38ba6d0aa0>,53,21,[ 5 12],54,-1,168,-1,147
1,<environment.Job instance at 0x7f38ba6d0870>,54,15,[ 5 11],55,-1,162,-1,147
1,<environment.Job instance at 0x7f38ba6d05a0>,56,15,[ 5 12],57,-1,175,-1,160
1,<environment.Job instance at 0x7f38bb05b140>,58,22,[ 3 13],59,-1,182,-1,160
1,<environment.Job instance at 0x7f38bb05b5f0>,60,24,[ 4 12],61,-1,196,-1,172
1,<environment.Job instance at 0x7f38bad887d0>,61,18,[ 5 14],62,-1,190,-1,172
1,<environment.Job instance at 0x7f38bbe12960>,64,26,[ 5 10],65,-1,205,-1,179
1,<environment.Job instance at 0x7f38bbe12cd0>,65,18,[12  1],66,-1,197,-1,179
1,<environment.Job instance at 0x7f38bbe120f0>,66,15,[11  2],67,-1,194,-1,179
1,<environment.Job instance at 0x7f38bbe12280>,67,25,[4 6],68,-1,204,-1,179
1,<environment.Job instance at 0x7f38bbb370a0>,3,22,[ 1 12],4,-1,26,-1,4
1,<environment.Job instance at 0x7f38bae28460>,5,13,[12  1],6,-1,19,-1,6
1,<environment.Job instance at 0x7f38bab03690>,6,23,[5 6],7,-1,31,-1,8
1,<environment.Job instance at 0x7f38ba64cbe0>,8,15,[ 2 10],9,-1,24,-1,9
1,<environment.Job instance at 0x7f38ba64cd20>,9,14,[11  4],10,-1,24,-1,10
1,<environment.Job instance at 0x7f38ba64c050>,10,24,[ 4 13],11,-1,35,-1,11
1,<environment.Job instance at 0x7f38ba64c910>,12,18,[ 3 10],13,-1,32,-1,14
1,<environment.Job instance at 0x7f38bab03460>,14,13,[ 2 12],15,-1,28,-1,15
1,<environment.Job instance at 0x7f38bab17c80>,15,26,[5 5],16,-1,42,-1,16
1,<environment.Job instance at 0x7f38bb933410>,16,25,[1 6],17,-1,42,-1,17
1,<environment.Job instance at 0x7f38bb7ea690>,19,28,[14  2],20,-1,48,-1,20
1,<environment.Job instance at 0x7f38ba443d20>,20,18,[13  5],21,-1,39,-1,21
1,<environment.Job instance at 0x7f38ba443a50>,21,20,[ 3 12],22,-1,42,-1,22
1,<environment.Job instance at 0x7f38ba443c30>,22,26,[2 7],23,-1,49,-1,23
1,<environment.Job instance at 0x7f38ba4431e0>,24,20,[7 1],25,-1,45,-1,25
1,<environment.Job instance at 0x7f38bad2a280>,25,14,[ 2 12],26,-1,40,-1,26
1,<environment.Job instance at 0x7f38baead500>,26,17,[14  1],27,-1,44,-1,27
1,<environment.Job instance at 0x7f38baead320>,27,12,[9 5],28,-1,40,-1,28
1,<environment.Job instance at 0x7f38ba4ab960>,28,23,[ 2 11],29,-1,52,-1,29
1,<environment.Job instance at 0x7f38ba4ab780>,29,13,[1 9],30,-1,43,-1,30
1,<environment.Job instance at 0x7f38baedd320>,31,13,[5 9],32,-1,48,-1,35
1,<environment.Job instance at 0x7f38ba4ab9b0>,32,12,[13  1],33,-1,47,-1,35
1,<environment.Job instance at 0x7f38baafa910>,34,28,[6 5],35,-1,78,-1,50
1,<environment.Job instance at 0x7f38bb331820>,35,21,[1 9],36,-1,71,-1,50
1,<environment.Job instance at 0x7f38bb331230>,36,26,[ 3 11],37,-1,76,-1,50
1,<environment.Job instance at 0x7f38bb331b40>,37,20,[5 1],38,-1,70,-1,50
1,<environment.Job instance at 0x7f38ba427190>,38,25,[9 2],39,-1,75,-1,50
1,<environment.Job instance at 0x7f38ba9a2820>,39,27,[5 7],40,-1,77,-1,50
1,<environment.Job instance at 0x7f38ba96b140>,40,26,[ 4 14],41,-1,76,-1,50
1,<environment.Job instance at 0x7f38ba878050>,41,13,[10  5],42,-1,63,-1,50
1,<environment.Job instance at 0x7f38ba9a2910>,42,26,[5 9],43,-1,76,-1,50
1,<environment.Job instance at 0x7f38ba8785f0>,43,24,[6 5],44,-1,74,-1,50
1,<environment.Job instance at 0x7f38bb93e280>,46,26,[ 4 13],47,-1,89,-1,63
1,<environment.Job instance at 0x7f38bafd5550>,47,17,[1 7],48,-1,80,-1,63
1,<environment.Job instance at 0x7f38bb93ef50>,48,23,[9 4],49,-1,86,-1,63
1,<environment.Job instance at 0x7f38ba8b5960>,49,23,[1 6],50,-1,86,-1,63
1,<environment.Job instance at 0x7f38bae2d410>,50,24,[1 7],51,-1,87,-1,63
1,<environment.Job instance at 0x7f38bbddd960>,51,26,[5 9],52,-1,89,-1,63
1,<environment.Job instance at 0x7f38bbddd690>,52,27,[14  5],53,-1,90,-1,63
1,<environment.Job instance at 0x7f38bbddd460>,54,26,[8 1],55,-1,93,-1,67
1,<environment.Job instance at 0x7f38bbddd320>,55,25,[ 5 13],56,-1,92,-1,67
1,<environment.Job instance at 0x7f38ba581e10>,57,14,[9 2],58,-1,94,-1,80
1,<environment.Job instance at 0x7f38ba5815f0>,58,13,[ 5 12],59,-1,93,-1,80
1,<environment.Job instance at 0x7f38ba5813c0>,61,24,[ 4 11],62,-1,123,-1,99
1,<environment.Job instance at 0x7f38ba581a00>,62,12,[ 2 12],63,-1,111,-1,99
1,<environment.Job instance at 0x7f38ba581c80>,63,21,[14  1],64,-1,120,-1,99
1,<environment.Job instance at 0x7f38ba581b40>,64,16,[2 5],65,-1,115,-1,99
1,<environment.Job instance at 0x7f38ba581f50>,65,19,[2 5],66,-1,118,-1,99
1,<environment.Job instance at 0x7f38ba581870>,66,21,[ 3 10],67,-1,120,-1,99
1,<environment.Job instance at 0x7f38ba96a730>,67,14,[ 4 11],68,-1,113,-1,99
1,<environment.Job instance at 0x7f38ba581370>,68,12,[5 2],69,-1,111,-1,99
1,<environment.Job instance at 0x7f38ba96a230>,69,21,[1 8],70,-1,120,-1,99
1,<environment.Job instance at 0x7f38bb32d780>,70,16,[13  5],71,-1,115,-1,99
1,<environment.Job instance at 0x7f38bb32d6e0>,71,13,[7 3],72,-1,112,-1,99
1,<environment.Job instance at 0x7f38ba40be60>,73,22,[ 3 11],74,-1,138,-1,116
1,<environment.Job instance at 0x7f38ba40b0a0>,74,25,[8 1],75,-1,141,-1,116
1,<environment.Job instance at 0x7f38ba40b910>,75,28,[ 2 14],76,-1,144,-1,116
1,<environment.Job instance at 0x7f38bb2fd9b0>,76,12,[11  2],77,-1,128,-1,116
1,<environment.Job instance at 0x7f38ba9d3870>,77,26,[11  1],78,-1,142,-1,116
1,<environment.Job instance at 0x7f38ba40b280>,78,15,[7 3],79,-1,131,-1,116
1,<environment.Job instance at 0x7f38bb8142d0>,79,18,[8 1],80,-1,134,-1,116
1,<environment.Job instance at 0x7f38ba436aa0>,80,26,[ 2 14],81,-1,142,-1,116
1,<environment.Job instance at 0x7f38ba436eb0>,81,16,[ 4 13],82,-1,132,-1,116
1,<environment.Job instance at 0x7f38bb814be0>,82,17,[6 1],83,-1,133,-1,116
1,<environment.Job instance at 0x7f38ba436dc0>,83,26,[11  1],84,-1,142,-1,116
1,<environment.Job instance at 0x7f38ba4367d0>,84,25,[9 4],85,-1,141,-1,116
1,<environment.Job instance at 0x7f38ba436d70>,85,27,[ 4 12],86,-1,143,-1,116
1,<environment.Job instance at 0x7f38ba436f50>,86,13,[14  3],87,-1,129,-1,116
1,<environment.Job instance at 0x7f38ba436e10>,87,28,[6 2],88,-1,144,-1,116
1,<environment.Job instance at 0x7f38ba436cd0>,88,25,[7 4],89,-1,141,-1,116
1,<environment.Job instance at 0x7f38ba4366e0>,89,28,[3 5],90,-1,144,-1,116
1,<environment.Job instance at 0x7f38ba4365a0>,90,15,[13  4],91,-1,131,-1,116
1,<environment.Job instance at 0x7f38ba436af0>,91,26,[4 6],92,-1,142,-1,116
1,<environment.Job instance at 0x7f38ba436730>,92,16,[3 9],93,-1,132,-1,116
1,<environment.Job instance at 0x7f38ba436690>,93,24,[ 4 12],94,-1,140,-1,116
1,<environment.Job instance at 0x7f38ba436190>,94,13,[10  3],95,-1,129,-1,116
1,<environment.Job instance at 0x7f38baa2b730>,95,16,[14  1],96,-1,132,-1,116
1,<environment.Job instance at 0x7f38baa2bfa0>,96,12,[11  2],97,-1,128,-1,116
1,<environment.Job instance at 0x7f38baa2beb0>,97,20,[ 2 11],98,-1,136,-1,116
1,<environment.Job instance at 0x7f38baa2b640>,98,12,[2 7],99,-1,128,-1,116
1,<environment.Job instance at 0x7f38baa2b190>,99,27,[9 5],100,-1,143,-1,116
1,<environment.Job instance at 0x7f38baa2b140>,100,26,[1 5],101,-1,142,-1,116
1,<environment.Job instance at 0x7f38baa2bb90>,101,20,[ 1 14],102,-1,136,-1,116
1,<environment.Job instance at 0x7f38baa2ba00>,102,23,[5 3],103,-1,139,-1,116
1,<environment.Job instance at 0x7f38baa2b5f0>,103,27,[10  4],104,-1,143,-1,116
1,<environment.Job instance at 0x7f38baa2b410>,104,24,[14  1],105,-1,140,-1,116
1,<environment.Job instance at 0x7f38baa2b820>,105,13,[ 5 14],106,-1,129,-1,116
1,<environment.Job instance at 0x7f38baa2b0a0>,106,26,[ 3 12],107,-1,142,-1,116
1,<environment.Job instance at 0x7f38baa2be10>,107,20,[ 1 12],108,-1,136,-1,116
1,<environment.Job instance at 0x7f38baa2b320>,108,26,[12  5],109,-1,142,-1,116
1,<environment.Job instance at 0x7f38baa2baf0>,109,18,[ 1 11],110,-1,134,-1,116
1,<environment.Job instance at 0x7f38baa2b3c0>,110,20,[ 4 13],111,-1,136,-1,116
1,<environment.Job instance at 0x7f38baa2baa0>,111,24,[13  2],112,-1,140,-1,116
1,<environment.Job instance at 0x7f38baa2bc80>,112,17,[ 4 11],113,-1,133,-1,116
1,<environment.Job instance at 0x7f38baa2b6e0>,113,14,[14  3],114,-1,130,-1,116
1,<environment.Job instance at 0x7f38baa2b960>,115,28,[1 5],116,-1,144,-1,116
1,<environment.Job instance at 0x7f38baa2bf50>,116,19,[ 3 13],117,-1,136,-1,117
1,<environment.Job instance at 0x7f38bb8380a0>,117,27,[4 5],118,-1,145,-1,118
1,<environment.Job instance at 0x7f38bb838320>,118,20,[12  2],119,-1,139,-1,119
1,<environment.Job instance at 0x7f38bb8381e0>,119,13,[10  5],120,-1,138,-1,125
1,<environment.Job instance at 0x7f38bb838730>,122,16,[1 7],123,-1,145,-1,129
1,<environment.Job instance at 0x7f38bb8384b0>,123,18,[ 4 11],124,-1,147,-1,129
1,<environment.Job instance at 0x7f38baa5d730>,124,12,[ 5 10],125,-1,141,-1,129
1,<environment.Job instance at 0x7f38baa5d5a0>,125,16,[13  5],126,-1,145,-1,129
1,<environment.Job instance at 0x7f38bb9c4500>,127,13,[7 2],128,-1,148,-1,135
1,<environment.Job instance at 0x7f38bb9c42d0>,129,25,[3 5],130,-1,160,-1,135
1,<environment.Job instance at 0x7f38bb9c47d0>,132,19,[12  4],133,-1,166,-1,147
1,<environment.Job instance at 0x7f38bb9c4eb0>,133,24,[ 5 13],134,-1,171,-1,147
1,<environment.Job instance at 0x7f38bb9c4050>,134,13,[2 7],135,-1,161,-1,148
1,<environment.Job instance at 0x7f38bb9c4910>,136,14,[2 5],137,-1,176,-1,162
1,<environment.Job instance at 0x7f38bb9c4c30>,137,14,[7 5],138,-1,176,-1,162
1,<environment.Job instance at 0x7f38bb9c43c0>,138,23,[ 1 12],139,-1,185,-1,162
1,<environment.Job instance at 0x7f38bb9c4b40>,139,13,[5 2],140,-1,175,-1,162
1,<environment.Job instance at 0x7f38bb9c4af0>,140,13,[ 5 10],141,-1,175,-1,162
1,<environment.Job instance at 0x7f38bb9c4780>,141,22,[ 5 13],142,-1,184,-1,162
1,<environment.Job instance at 0x7f8422ee7460>,3,13,[12  4],4,-1,17,-1,4
1,<environment.Job instance at 0x7f8422ee7640>,4,24,[7 2],5,-1,29,-1,5
1,<environment.Job instance at 0x7f8422ee7690>,5,24,[ 2 14],6,-1,30,-1,6
1,<environment.Job instance at 0x7f8422ee7730>,6,15,[ 2 14],7,-1,22,-1,7
1,<environment.Job instance at 0x7f8422ee77d0>,7,26,[9 3],8,-1,34,-1,8
1,<environment.Job instance at 0x7f8422ee7870>,8,20,[ 4 13],9,-1,29,-1,9
1,<environment.Job instance at 0x7f8422ee7910>,9,16,[12  1],10,-1,27,-1,11
1,<environment.Job instance at 0x7f8422ee7b90>,12,28,[ 1 14],13,-1,41,-1,13
1,<environment.Job instance at 0x7f8422ee7b40>,14,15,[14  4],15,-1,30,-1,15
1,<environment.Job instance at 0x7f8422ee7dc0>,15,20,[ 3 12],16,-1,36,-1,16
1,<environment.Job instance at 0x7f8422ee7e60>,16,28,[5 1],17,-1,46,-1,18
1,<environment.Job instance at 0x7f8422ee7f50>,18,18,[13  1],19,-1,37,-1,19
1,<environment.Job instance at 0x7f8422eea050>,19,23,[8 4],20,-1,44,-1,21
1,<environment.Job instance at 0x7f8422eea190>,21,14,[ 4 11],22,-1,36,-1,22
1,<environment.Job instance at 0x7f8422eea2d0>,23,16,[12  2],24,-1,40,-1,24
1,<environment.Job instance at 0x7f8422eea320>,25,24,[5 7],26,-1,53,-1,29
1,<environment.Job instance at 0x7f8422eea550>,27,17,[ 4 12],28,-1,46,-1,29
1,<environment.Job instance at 0x7f8422eea5f0>,28,17,[ 1 13],29,-1,46,-1,29
1,<environment.Job instance at 0x7f8422eea730>,29,24,[ 4 13],30,-1,54,-1,30
1,<environment.Job instance at 0x7f8422eea870>,30,26,[11  4],31,-1,57,-1,31
1,<environment.Job instance at 0x7f8422eea8c0>,31,28,[ 2 10],32,-1,60,-1,32
1,<environment.Job instance at 0x7f8422eeaa50>,33,28,[6 4],34,-1,74,-1,46
1,<environment.Job instance at 0x7f8422eeaaf0>,34,24,[5 5],35,-1,70,-1,46
1,<environment.Job instance at 0x7f8422eeacd0>,37,14,[ 5 14],38,-1,80,-1,66
1,<environment.Job instance at 0x7f8422eead70>,38,24,[13  2],39,-1,90,-1,66
1,<environment.Job instance at 0x7f8422eeaeb0>,40,26,[ 1 14],41,-1,110,-1,84
1,<environment.Job instance at 0x7f8422eeaa00>,42,12,[ 5 12],43,-1,108,-1,96
1,<environment.Job instance at 0x7f8422eed190>,44,12,[11  3],45,-1,109,-1,97
1,<environment.Job instance at 0x7f8422eed230>,45,12,[ 3 14],46,-1,109,-1,97
1,<environment.Job instance at 0x7f8422eed460>,47,14,[12  2],48,-1,112,-1,98
1,<environment.Job instance at 0x7f8422eed140>,48,14,[ 1 11],49,-1,112,-1,98
1,<environment.Job instance at 0x7f8422eed550>,50,13,[ 4 12],51,-1,111,-1,98
1,<environment.Job instance at 0x7f8422eed690>,52,21,[14  2],53,-1,131,-1,110
1,<environment.Job instance at 0x7f8422eed5f0>,55,12,[ 2 12],56,-1,135,-1,123
1,<environment.Job instance at 0x7f8422eed9b0>,57,16,[ 2 11],58,-1,152,-1,136
1,<environment.Job instance at 0x7f8422eeda50>,58,17,[ 3 13],59,-1,153,-1,136
1,<environment.Job instance at 0x7f8422eedb90>,60,28,[2 6],61,-1,172,-1,144
1,<environment.Job instance at 0x7f8422eedc30>,61,23,[13  5],62,-1,167,-1,144
1,<environment.Job instance at 0x7f8422eedcd0>,62,14,[ 4 11],63,-1,158,-1,144
1,<environment.Job instance at 0x7f8422eede10>,64,24,[2 8],65,-1,168,-1,144
1,<environment.Job instance at 0x7f8422eedf00>,65,26,[5 5],66,-1,170,-1,144
1,<environment.Job instance at 0x7f8422eedeb0>,66,17,[ 4 12],67,-1,161,-1,144
1,<environment.Job instance at 0x7f8422eee1e0>,68,12,[7 1],69,-1,170,-1,158
1,<environment.Job instance at 0x7f8422eee320>,69,26,[1 7],70,-1,184,-1,158
1,<environment.Job instance at 0x7f8422eee500>,72,28,[11  1],73,-1,197,-1,169
1,<environment.Job instance at 0x7f8423612140>,1,17,[12  4],2,-1,19,-1,2
1,<environment.Job instance at 0x7f8423612d20>,4,16,[ 4 14],5,-1,21,-1,5
1,<environment.Job instance at 0x7f8423612f50>,9,14,[14  2],10,-1,34,-1,20
1,<environment.Job instance at 0x7f8423612eb0>,10,13,[12  2],11,-1,33,-1,20
1,<environment.Job instance at 0x7f8423612cd0>,11,27,[3 6],12,-1,47,-1,20
1,<environment.Job instance at 0x7f8423612730>,15,13,[12  2],16,-1,48,-1,35
1,<environment.Job instance at 0x7f8423582550>,16,27,[10  5],17,-1,62,-1,35
1,<environment.Job instance at 0x7f8423582870>,17,14,[11  1],18,-1,49,-1,35
1,<environment.Job instance at 0x7f8423582fa0>,18,24,[12  2],19,-1,59,-1,35
1,<environment.Job instance at 0x7f84235823c0>,19,20,[12  3],20,-1,55,-1,35
1,<environment.Job instance at 0x7f8423582f00>,21,15,[11  5],22,-1,57,-1,42
1,<environment.Job instance at 0x7f8423582640>,22,19,[14  4],23,-1,61,-1,42
1,<environment.Job instance at 0x7f84235828c0>,23,17,[ 3 12],24,-1,59,-1,42
1,<environment.Job instance at 0x7f8423582d20>,25,19,[ 4 14],26,-1,65,-1,46
1,<environment.Job instance at 0x7f8423582230>,26,16,[ 5 12],27,-1,62,-1,46
1,<environment.Job instance at 0x7f8423582960>,27,21,[ 1 12],28,-1,67,-1,46
1,<environment.Job instance at 0x7f8423582be0>,28,16,[ 1 14],29,-1,62,-1,46
1,<environment.Job instance at 0x7f8423582050>,29,18,[ 1 14],30,-1,64,-1,46
1,<environment.Job instance at 0x7f8423582820>,30,23,[1 9],31,-1,78,-1,55
1,<environment.Job instance at 0x7f8423582f50>,31,17,[14  5],32,-1,72,-1,55
1,<environment.Job instance at 0x7f84235827d0>,32,25,[4 8],33,-1,80,-1,55
1,<environment.Job instance at 0x7f84235825a0>,33,25,[11  3],34,-1,80,-1,55
1,<environment.Job instance at 0x7f8423582c80>,34,15,[14  2],35,-1,70,-1,55
1,<environment.Job instance at 0x7f84235820f0>,35,18,[11  1],36,-1,73,-1,55
1,<environment.Job instance at 0x7f8423610140>,37,17,[12  1],38,-1,72,-1,55
1,<environment.Job instance at 0x7f8423610af0>,38,20,[12  2],39,-1,75,-1,55
1,<environment.Job instance at 0x7f8423610460>,41,13,[ 4 11],42,-1,80,-1,67
1,<environment.Job instance at 0x7f8423610410>,42,16,[14  3],43,-1,83,-1,67
1,<environment.Job instance at 0x7f8423610730>,44,22,[ 4 10],45,-1,108,-1,86
1,<environment.Job instance at 0x7f84236103c0>,45,14,[ 1 13],46,-1,100,-1,86
1,<environment.Job instance at 0x7f84236100f0>,48,19,[13  1],49,-1,118,-1,99
1,<environment.Job instance at 0x7f8423610c80>,49,20,[ 1 12],50,-1,119,-1,99
1,<environment.Job instance at 0x7f84236106e0>,51,24,[7 2],52,-1,123,-1,99
1,<environment.Job instance at 0x7f84236101e0>,52,13,[ 5 11],53,-1,112,-1,99
1,<environment.Job instance at 0x7f8423610190>,53,13,[14  1],54,-1,112,-1,99
1,<environment.Job instance at 0x7f842353b230>,54,12,[ 5 12],55,-1,111,-1,99
1,<environment.Job instance at 0x7f842353b190>,57,27,[6 1],58,-1,139,-1,112
1,<environment.Job instance at 0x7f842353b2d0>,58,27,[ 4 13],59,-1,139,-1,112
1,<environment.Job instance at 0x7f842353b910>,59,14,[12  3],60,-1,126,-1,112
1,<environment.Job instance at 0x7f842353b9b0>,60,27,[11  1],61,-1,139,-1,112
1,<environment.Job instance at 0x7f842353bb90>,61,24,[6 2],62,-1,136,-1,112
1,<environment.Job instance at 0x7f842353b3c0>,64,23,[1 8],65,-1,152,-1,129
1,<environment.Job instance at 0x7f842353b640>,65,27,[ 5 14],66,-1,156,-1,129
1,<environment.Job instance at 0x7f842353be60>,67,27,[5 1],68,-1,166,-1,139
1,<environment.Job instance at 0x7f842353bc80>,68,26,[ 2 13],69,-1,165,-1,139
1,<environment.Job instance at 0x7f842353bbe0>,69,28,[14  4],70,-1,167,-1,139
1,<environment.Job instance at 0x7f842353b690>,70,27,[3 9],71,-1,166,-1,139
1,<environment.Job instance at 0x7f842353bcd0>,71,20,[ 4 11],72,-1,159,-1,139
1,<environment.Job instance at 0x7f842353bd20>,72,15,[14  1],73,-1,154,-1,139
1,<environment.Job instance at 0x7f842353b820>,74,27,[1 5],75,-1,172,-1,145
1,<environment.Job instance at 0x7f842c326d70>,75,26,[11  3],76,-1,171,-1,145
1,<environment.Job instance at 0x7f8423031d20>,76,25,[11  3],77,-1,170,-1,145
1,<environment.Job instance at 0x7f8423031f00>,79,25,[ 3 13],80,-1,200,-1,175
1,<environment.Job instance at 0x7f84230310a0>,80,19,[11  3],81,-1,194,-1,175
1,<environment.Job instance at 0x7f8423031230>,82,13,[14  2],83,-1,191,-1,178
1,<environment.Job instance at 0x7f84230315a0>,83,13,[ 5 11],84,-1,191,-1,178
1,<environment.Job instance at 0x7f8423031690>,84,18,[ 3 14],85,-1,196,-1,178
1,<environment.Job instance at 0x7f84228389b0>,4,17,[12  4],5,-1,22,-1,5
1,<environment.Job instance at 0x7f84227d9500>,8,17,[ 1 11],9,-1,28,-1,11
1,<environment.Job instance at 0x7f84227d9730>,9,13,[1 7],10,-1,31,-1,18
1,<environment.Job instance at 0x7f84227d9780>,10,19,[12  4],11,-1,37,-1,18
1,<environment.Job instance at 0x7f84227d9aa0>,11,14,[ 5 12],12,-1,32,-1,18
1,<environment.Job instance at 0x7f84227d9410>,14,16,[ 2 11],15,-1,48,-1,32
1,<environment.Job instance at 0x7f84227d9d70>,15,28,[ 3 11],16,-1,60,-1,32
1,<environment.Job instance at 0x7f84227d9910>,16,15,[13  4],17,-1,47,-1,32
1,<environment.Job instance at 0x7f84227d9370>,17,24,[2 7],18,-1,56,-1,32
1,<environment.Job instance at 0x7f84227d9230>,18,16,[14  5],19,-1,48,-1,32
1,<environment.Job instance at 0x7f84227d9320>,19,16,[4 5],20,-1,55,-1,39
1,<environment.Job instance at 0x7f84227d90f0>,20,27,[14  3],21,-1,66,-1,39
1,<environment.Job instance at 0x7f84227d9d20>,21,18,[ 1 14],22,-1,57,-1,39
1,<environment.Job instance at 0x7f84227d91e0>,22,14,[4 5],23,-1,53,-1,39
1,<environment.Job instance at 0x7f84228361e0>,23,15,[11  2],24,-1,54,-1,39
1,<environment.Job instance at 0x7f8422836050>,24,13,[ 1 12],25,-1,52,-1,39
1,<environment.Job instance at 0x7f8422836780>,25,13,[5 6],26,-1,52,-1,39
1,<environment.Job instance at 0x7f8422836e10>,26,28,[5 7],27,-1,67,-1,39
1,<environment.Job instance at 0x7f84228366e0>,27,16,[ 4 11],28,-1,55,-1,39
1,<environment.Job instance at 0x7f8422836320>,28,17,[13  3],29,-1,56,-1,39
1,<environment.Job instance at 0x7f8422836a00>,29,22,[ 3 11],30,-1,61,-1,39
1,<environment.Job instance at 0x7f8422836f50>,30,20,[4 9],31,-1,65,-1,45
1,<environment.Job instance at 0x7f8422836960>,31,13,[ 5 12],32,-1,58,-1,45
1,<environment.Job instance at 0x7f84228364b0>,32,23,[ 5 11],33,-1,68,-1,45
1,<environment.Job instance at 0x7f8422836410>,33,27,[12  4],34,-1,72,-1,45
1,<environment.Job instance at 0x7f8422836d70>,34,13,[12  4],35,-1,58,-1,45
1,<environment.Job instance at 0x7f8422836190>,35,23,[9 4],36,-1,68,-1,45
1,<environment.Job instance at 0x7f8422836f00>,36,13,[ 3 14],37,-1,58,-1,45
1,<environment.Job instance at 0x7f8422836460>,37,24,[ 4 14],38,-1,69,-1,45
1,<environment.Job instance at 0x7f8422836aa0>,39,24,[13  3],40,-1,73,-1,49
1,<environment.Job instance at 0x7f84228368c0>,40,27,[9 5],41,-1,76,-1,49
1,<environment.Job instance at 0x7f84228365a0>,41,22,[13  5],42,-1,71,-1,49
1,<environment.Job instance at 0x7f8422836b40>,42,14,[ 3 13],43,-1,63,-1,49
1,<environment.Job instance at 0x7f8422836eb0>,43,26,[14  2],44,-1,75,-1,49
1,<environment.Job instance at 0x7f84228000f0>,44,13,[13  4],45,-1,62,-1,49
1,<environment.Job instance at 0x7f8422800050>,45,21,[ 4 10],46,-1,72,-1,51
1,<environment.Job instance at 0x7f84228005a0>,46,23,[2 8],47,-1,74,-1,51
1,<environment.Job instance at 0x7f8422800e10>,47,25,[11  1],48,-1,76,-1,51
1,<environment.Job instance at 0x7f8422800a00>,48,19,[13  3],49,-1,70,-1,51
1,<environment.Job instance at 0x7f8422800280>,50,25,[13  4],51,-1,78,-1,53
1,<environment.Job instance at 0x7f8422800410>,52,20,[10  2],53,-1,78,-1,58
1,<environment.Job instance at 0x7f8422800640>,53,18,[ 2 13],54,-1,76,-1,58
1,<environment.Job instance at 0x7f8422800d20>,57,14,[12  2],58,-1,100,-1,86
1,<environment.Job instance at 0x7f8422800960>,58,17,[12  4],59,-1,103,-1,86
1,<environment.Job instance at 0x7f8422800d70>,59,25,[6 4],60,-1,111,-1,86
1,<environment.Job instance at 0x7f8422800230>,61,20,[ 2 10],62,-1,118,-1,98
1,<environment.Job instance at 0x7f842283f3c0>,62,18,[ 2 13],63,-1,116,-1,98
1,<environment.Job instance at 0x7f842283fdc0>,63,14,[14  2],64,-1,112,-1,98
1,<environment.Job instance at 0x7f842283f550>,64,27,[ 1 12],65,-1,125,-1,98
1,<environment.Job instance at 0x7f842283f4b0>,65,15,[13  4],66,-1,113,-1,98
1,<environment.Job instance at 0x7f842283f960>,66,24,[ 4 14],67,-1,122,-1,98
1,<environment.Job instance at 0x7f842283f230>,69,12,[4 6],70,-1,142,-1,130
1,<environment.Job instance at 0x7f842283fa00>,70,23,[3 9],71,-1,153,-1,130
1,<environment.Job instance at 0x7f842283f140>,71,19,[ 4 14],72,-1,149,-1,130
1,<environment.Job instance at 0x7f842283f690>,73,26,[10  3],74,-1,160,-1,134
1,<environment.Job instance at 0x7f842283fe60>,74,17,[14  3],75,-1,151,-1,134
1,<environment.Job instance at 0x7f842283fd70>,77,14,[8 4],78,-1,162,-1,148
1,<environment.Job instance at 0x7f842283fb90>,78,22,[ 4 12],79,-1,170,-1,148
1,<environment.Job instance at 0x7f842283f500>,79,25,[8 2],80,-1,173,-1,148
1,<environment.Job instance at 0x7f842283feb0>,81,27,[6 4],82,-1,176,-1,149
1,<environment.Job instance at 0x7f842283ffa0>,82,13,[10  4],83,-1,162,-1,149
1,<environment.Job instance at 0x7f842283fc80>,83,20,[4 7],84,-1,170,-1,150
1,<environment.Job instance at 0x7f842283f0f0>,84,21,[10  3],85,-1,180,-1,159
1,<environment.Job instance at 0x7f842283f0a0>,85,12,[12  2],86,-1,171,-1,159
1,<environment.Job instance at 0x7f8422667730>,86,12,[14  2],87,-1,171,-1,159
1,<environment.Job instance at 0x7f8422667550>,87,15,[ 4 10],88,-1,174,-1,159
1,<environment.Job instance at 0x7f8422667fa0>,88,13,[14  5],89,-1,172,-1,159
1,<environment.Job instance at 0x7f84226670a0>,89,25,[13  3],90,-1,184,-1,159
1,<environment.Job instance at 0x7f8422667910>,90,14,[ 1 14],91,-1,173,-1,159
1,<environment.Job instance at 0x7f8422667c80>,92,12,[ 2 13],93,-1,171,-1,159
1,<environment.Job instance at 0x7f8422667e60>,93,22,[13  3],94,-1,181,-1,159
1,<environment.Job instance at 0x7f8422667460>,2,23,[14  5],3,-1,26,-1,3
1,<environment.Job instance at 0x7f8422830c80>,4,18,[ 1 10],5,-1,25,-1,7
1,<environment.Job instance at 0x7f8422b680f0>,7,28,[12  4],8,-1,36,-1,8
1,<environment.Job instance at 0x7f842c0e5690>,8,16,[ 1 14],9,-1,25,-1,9
1,<environment.Job instance at 0x7f842c0e5fa0>,11,28,[13  3],12,-1,42,-1,14
1,<environment.Job instance at 0x7f842c0e5d70>,12,22,[ 3 11],13,-1,36,-1,14
1,<environment.Job instance at 0x7f842c0e51e0>,13,21,[ 2 13],14,-1,35,-1,14
1,<environment.Job instance at 0x7f842c0e5c80>,14,22,[10  2],15,-1,37,-1,15
1,<environment.Job instance at 0x7f8423215af0>,15,26,[13  3],16,-1,42,-1,16
1,<environment.Job instance at 0x7f8423215fa0>,16,24,[8 2],17,-1,41,-1,17
1,<environment.Job instance at 0x7f842c0e5e10>,18,12,[11  1],19,-1,31,-1,19
1,<environment.Job instance at 0x7f8423215190>,19,17,[11  3],20,-1,37,-1,20
1,<environment.Job instance at 0x7f8423215a00>,20,16,[12  1],21,-1,37,-1,21
1,<environment.Job instance at 0x7f8423215870>,21,15,[ 4 13],22,-1,37,-1,22
1,<environment.Job instance at 0x7f8423215f00>,22,28,[13  1],23,-1,51,-1,23
1,<environment.Job instance at 0x7f8423215b40>,23,24,[ 4 13],24,-1,48,-1,24
1,<environment.Job instance at 0x7f8423215a50>,24,18,[ 1 11],25,-1,43,-1,25
1,<environment.Job instance at 0x7f84232155f0>,26,14,[12  5],27,-1,46,-1,32
1,<environment.Job instance at 0x7f84232153c0>,27,21,[13  2],28,-1,53,-1,32
1,<environment.Job instance at 0x7f8423215690>,28,14,[3 9],29,-1,46,-1,32
1,<environment.Job instance at 0x7f8423215410>,29,28,[13  2],30,-1,60,-1,32
1,<environment.Job instance at 0x7f8423215230>,30,14,[5 1],31,-1,46,-1,32
1,<environment.Job instance at 0x7f84232152d0>,31,24,[2 6],32,-1,56,-1,32
1,<environment.Job instance at 0x7f8423215cd0>,32,13,[ 5 12],33,-1,46,-1,33
1,<environment.Job instance at 0x7f84232159b0>,33,20,[ 2 11],34,-1,54,-1,34
1,<environment.Job instance at 0x7f842283f5f0>,35,14,[11  2],36,-1,50,-1,36
1,<environment.Job instance at 0x7f842283ffa0>,36,21,[ 1 10],37,-1,58,-1,37
1,<environment.Job instance at 0x7f842270cb40>,37,25,[3 7],38,-1,63,-1,38
1,<environment.Job instance at 0x7f842270cfa0>,38,14,[5 8],39,-1,56,-1,42
1,<environment.Job instance at 0x7f842283f6e0>,39,22,[ 4 10],40,-1,64,-1,42
1,<environment.Job instance at 0x7f842270c500>,40,25,[ 5 14],41,-1,67,-1,42
1,<environment.Job instance at 0x7f842270c0f0>,41,17,[ 1 13],42,-1,59,-1,42
1,<environment.Job instance at 0x7f842270cf00>,42,16,[ 1 13],43,-1,59,-1,43
1,<environment.Job instance at 0x7f842270c550>,43,28,[2 7],44,-1,72,-1,44
1,<environment.Job instance at 0x7f842270caf0>,45,25,[3 9],46,-1,71,-1,46
1,<environment.Job instance at 0x7f842270c780>,46,15,[6 1],47,-1,63,-1,48
1,<environment.Job instance at 0x7f842270c9b0>,47,13,[ 1 13],48,-1,61,-1,48
1,<environment.Job instance at 0x7f842270ce10>,48,28,[3 6],49,-1,77,-1,49
1,<environment.Job instance at 0x7f842270ca00>,49,12,[ 4 11],50,-1,62,-1,50
1,<environment.Job instance at 0x7f842270cf50>,52,22,[ 5 12],53,-1,75,-1,53
1,<environment.Job instance at 0x7f842319c3c0>,53,17,[13  5],54,-1,71,-1,54
1,<environment.Job instance at 0x7f842319c9b0>,54,13,[5 7],55,-1,69,-1,56
1,<environment.Job instance at 0x7f842270c5f0>,55,13,[12  4],56,-1,69,-1,56
1,<environment.Job instance at 0x7f842319cdc0>,56,14,[4 9],57,-1,72,-1,58
1,<environment.Job instance at 0x7f842319c460>,58,12,[3 5],59,-1,75,-1,63
1,<environment.Job instance at 0x7f842319ca50>,59,15,[1 8],60,-1,86,-1,71
1,<environment.Job instance at 0x7f842319c500>,60,14,[ 4 13],61,-1,85,-1,71
1,<environment.Job instance at 0x7f842319ce60>,61,23,[ 5 12],62,-1,94,-1,71
1,<environment.Job instance at 0x7f842319cb90>,62,20,[8 5],63,-1,91,-1,71
1,<environment.Job instance at 0x7f842319c780>,63,27,[ 5 10],64,-1,98,-1,71
1,<environment.Job instance at 0x7f842319c6e0>,64,13,[13  5],65,-1,84,-1,71
1,<environment.Job instance at 0x7f842319c5f0>,66,18,[ 4 14],67,-1,98,-1,80
1,<environment.Job instance at 0x7f842319c370>,67,18,[10  1],68,-1,98,-1,80
1,<environment.Job instance at 0x7f842319c0f0>,68,20,[2 7],69,-1,102,-1,82
1,<environment.Job instance at 0x7f84232700a0>,69,17,[12  2],70,-1,99,-1,82
1,<environment.Job instance at 0x7f8423270280>,72,12,[6 2],73,-1,109,-1,97
1,<environment.Job instance at 0x7f8423270690>,73,23,[1 5],74,-1,120,-1,97
1,<environment.Job instance at 0x7f8423270f00>,74,27,[2 8],75,-1,124,-1,97
1,<environment.Job instance at 0x7f8423270b40>,75,16,[6 2],76,-1,113,-1,97
1,<environment.Job instance at 0x7f84232700f0>,76,16,[8 2],77,-1,113,-1,97
1,<environment.Job instance at 0x7f84232707d0>,77,14,[11  4],78,-1,111,-1,97
1,<environment.Job instance at 0x7f8423270730>,78,14,[14  5],79,-1,111,-1,97
1,<environment.Job instance at 0x7f8423270500>,80,18,[ 4 11],81,-1,115,-1,97
1,<environment.Job instance at 0x7f8423270550>,81,18,[ 3 12],82,-1,115,-1,97
1,<environment.Job instance at 0x7f8423270eb0>,82,12,[7 2],83,-1,109,-1,97
1,<environment.Job instance at 0x7f8423270140>,83,24,[13  4],84,-1,121,-1,97
1,<environment.Job instance at 0x7f8423270a00>,84,19,[ 2 13],85,-1,116,-1,97
1,<environment.Job instance at 0x7f8423270320>,85,18,[ 2 10],86,-1,115,-1,97
1,<environment.Job instance at 0x7f84227c9af0>,86,14,[13  4],87,-1,111,-1,97
1,<environment.Job instance at 0x7f84227c9500>,87,15,[13  3],88,-1,112,-1,97
1,<environment.Job instance at 0x7f842283acd0>,88,12,[ 5 11],89,-1,109,-1,97
1,<environment.Job instance at 0x7f842283a320>,89,25,[5 1],90,-1,122,-1,97
1,<environment.Job instance at 0x7f842283a3c0>,90,22,[10  1],91,-1,119,-1,97
1,<environment.Job instance at 0x7f842283a640>,91,14,[14  2],92,-1,111,-1,97
1,<environment.Job instance at 0x7f842283a0a0>,92,25,[8 5],93,-1,122,-1,97
1,<environment.Job instance at 0x7f842283ad70>,93,12,[9 1],94,-1,109,-1,97
1,<environment.Job instance at 0x7f842283a460>,94,15,[14  4],95,-1,112,-1,97
1,<environment.Job instance at 0x7f842283ac80>,95,17,[10  1],96,-1,114,-1,97
1,<environment.Job instance at 0x7f842283ad20>,96,25,[ 2 13],97,-1,122,-1,97
1,<environment.Job instance at 0x7f8423239460>,97,15,[ 5 12],98,-1,113,-1,98
1,<environment.Job instance at 0x7f84232396e0>,98,26,[11  4],99,-1,125,-1,99
1,<environment.Job instance at 0x7f8423239370>,99,21,[12  2],100,-1,121,-1,100
1,<environment.Job instance at 0x7f8423239960>,100,25,[6 2],101,-1,126,-1,101
1,<environment.Job instance at 0x7f8423239a50>,101,23,[5 5],102,-1,125,-1,102
1,<environment.Job instance at 0x7f8422e32a50>,103,17,[ 4 12],104,-1,121,-1,104
1,<environment.Job instance at 0x7f8423239cd0>,104,21,[3 7],105,-1,126,-1,105
1,<environment.Job instance at 0x7f8423239280>,105,14,[ 5 13],106,-1,120,-1,106
1,<environment.Job instance at 0x7f8423b217d0>,107,22,[ 4 13],108,-1,130,-1,108
1,<environment.Job instance at 0x7f8422e322d0>,109,21,[ 4 14],110,-1,131,-1,110
1,<environment.Job instance at 0x7f8423b21e60>,110,23,[3 9],111,-1,134,-1,111
1,<environment.Job instance at 0x7f8423b21c30>,111,13,[12  5],112,-1,125,-1,112
1,<environment.Job instance at 0x7f8423b21230>,112,23,[5 8],113,-1,136,-1,113
1,<environment.Job instance at 0x7f8423b21050>,113,23,[5 5],114,-1,137,-1,114
1,<environment.Job instance at 0x7f8423b21a00>,114,27,[14  2],115,-1,142,-1,115
1,<environment.Job instance at 0x7f8423b21e10>,115,28,[11  2],116,-1,144,-1,116
1,<environment.Job instance at 0x7f8423b21780>,116,18,[12  4],117,-1,135,-1,117
1,<environment.Job instance at 0x7f8423b21690>,118,12,[1 7],119,-1,132,-1,120
1,<environment.Job instance at 0x7f8423b21a50>,120,16,[1 7],121,-1,147,-1,131
1,<environment.Job instance at 0x7f8423b216e0>,121,15,[ 2 12],122,-1,146,-1,131
1,<environment.Job instance at 0x7f8423b21960>,122,24,[ 1 11],123,-1,155,-1,131
1,<environment.Job instance at 0x7f8423b21910>,123,21,[8 3],124,-1,153,-1,132
1,<environment.Job instance at 0x7f8423b213c0>,124,27,[ 3 10],125,-1,159,-1,132
1,<environment.Job instance at 0x7f8423b21460>,125,25,[ 3 14],126,-1,157,-1,132
1,<environment.Job instance at 0x7f8423b21cd0>,126,20,[3 6],127,-1,153,-1,133
1,<environment.Job instance at 0x7f8423b21320>,127,13,[12  4],128,-1,146,-1,133
1,<environment.Job instance at 0x7f84231cda00>,128,28,[10  4],129,-1,161,-1,133
1,<environment.Job instance at 0x7f84231cd280>,129,16,[ 4 10],130,-1,149,-1,133
1,<environment.Job instance at 0x7f84231cd640>,131,18,[ 1 12],132,-1,152,-1,134
1,<environment.Job instance at 0x7f84231cdbe0>,132,24,[6 3],133,-1,158,-1,134
1,<environment.Job instance at 0x7f84231cd230>,133,16,[13  4],134,-1,150,-1,134
1,<environment.Job instance at 0x7f84231cd370>,134,12,[ 5 11],135,-1,147,-1,135
1,<environment.Job instance at 0x7f84231cdcd0>,136,19,[ 2 11],137,-1,164,-1,145
1,<environment.Job instance at 0x7f84231cd870>,137,26,[6 3],138,-1,171,-1,145
1,<environment.Job instance at 0x7f84231cd6e0>,138,23,[11  4],139,-1,168,-1,145
1,<environment.Job instance at 0x7f84231cd140>,139,27,[13  2],140,-1,172,-1,145
1,<environment.Job instance at 0x7f84231cd190>,140,15,[11  4],141,-1,160,-1,145
1,<environment.Job instance at 0x7f84231cd1e0>,141,13,[5 6],142,-1,158,-1,145
1,<environment.Job instance at 0x7f84231cd960>,142,26,[14  3],143,-1,171,-1,145
1,<environment.Job instance at 0x7f84231cd2d0>,143,17,[14  4],144,-1,162,-1,145
1,<environment.Job instance at 0x7f84231cd9b0>,144,19,[1 6],145,-1,164,-1,145
1,<environment.Job instance at 0x7f842332adc0>,145,17,[11  2],146,-1,163,-1,146
1,<environment.Job instance at 0x7f8422eeeaa0>,146,12,[12  5],147,-1,159,-1,147
1,<environment.Job instance at 0x7f8422eeed70>,147,22,[11  3],148,-1,170,-1,148
1,<environment.Job instance at 0x7f8422eee280>,148,22,[8 2],149,-1,171,-1,149
1,<environment.Job instance at 0x7f84236c35a0>,4,25,[10  1],5,-1,30,-1,5
1,<environment.Job instance at 0x7f84236ed1e0>,6,12,[ 3 14],7,-1,19,-1,7
1,<environment.Job instance at 0x7f842c0b2410>,11,25,[ 1 10],12,-1,39,-1,14
1,<environment.Job instance at 0x7f842c0b2140>,12,20,[ 2 12],13,-1,34,-1,14
1,<environment.Job instance at 0x7f842c0b2230>,13,20,[13  1],14,-1,34,-1,14
1,<environment.Job instance at 0x7f842c0b2690>,16,26,[3 7],17,-1,62,-1,36
1,<environment.Job instance at 0x7f842c0b2e60>,20,25,[12  2],21,-1,77,-1,52
1,<environment.Job instance at 0x7f842c0b2910>,21,22,[11  3],22,-1,74,-1,52
1,<environment.Job instance at 0x7f842c0b2780>,22,24,[12  5],23,-1,76,-1,52
1,<environment.Job instance at 0x7f842c0b2a00>,23,26,[ 5 10],24,-1,78,-1,52
1,<environment.Job instance at 0x7f842c0c4280>,25,28,[12  2],26,-1,93,-1,65
1,<environment.Job instance at 0x7f84238aedc0>,26,21,[ 4 12],27,-1,86,-1,65
1,<environment.Job instance at 0x7f84238ae140>,27,26,[ 4 12],28,-1,91,-1,65
1,<environment.Job instance at 0x7f842368ad70>,29,13,[11  2],30,-1,78,-1,65
1,<environment.Job instance at 0x7f84236bc780>,30,13,[ 5 13],31,-1,78,-1,65
1,<environment.Job instance at 0x7f84236bc370>,34,13,[ 5 14],35,-1,110,-1,97
1,<environment.Job instance at 0x7f84236bc1e0>,36,22,[13  1],37,-1,125,-1,103
1,<environment.Job instance at 0x7f84236bc8c0>,40,23,[8 4],41,-1,156,-1,133
1,<environment.Job instance at 0x7f84239d5140>,42,21,[11  5],43,-1,154,-1,133
1,<environment.Job instance at 0x7f84239f7550>,43,18,[13  4],44,-1,151,-1,133
1,<environment.Job instance at 0x7f84239f7410>,44,27,[8 5],45,-1,160,-1,133
1,<environment.Job instance at 0x7f84239f7b90>,45,12,[ 5 13],46,-1,145,-1,133
1,<environment.Job instance at 0x7f8423a79d20>,47,20,[ 5 13],48,-1,165,-1,145
1,<environment.Job instance at 0x7f8423a79a50>,48,19,[ 2 14],49,-1,164,-1,145
1,<environment.Job instance at 0x7f842396b640>,49,20,[13  2],50,-1,165,-1,145
1,<environment.Job instance at 0x7f842396bb40>,50,16,[ 2 14],51,-1,161,-1,145
1,<environment.Job instance at 0x7f842396b730>,51,26,[7 3],52,-1,171,-1,145
1,<environment.Job instance at 0x7f842396bbe0>,52,16,[ 3 13],53,-1,161,-1,145
1,<environment.Job instance at 0x7f842396b2d0>,53,28,[ 5 10],54,-1,173,-1,145
1,<environment.Job instance at 0x7f842396b4b0>,54,22,[14  1],55,-1,167,-1,145
1,<environment.Job instance at 0x7f842396bf50>,56,15,[ 1 12],57,-1,160,-1,145
1,<environment.Job instance at 0x7f842390f550>,60,14,[13  5],61,-1,195,-1,181
1,<environment.Job instance at 0x7f8423a32b90>,4,12,[13  3],5,-1,17,-1,5
1,<environment.Job instance at 0x7f84225f4a00>,5,16,[11  5],6,-1,22,-1,6
1,<environment.Job instance at 0x7f84225f47d0>,10,19,[4 5],11,-1,33,-1,14
1,<environment.Job instance at 0x7f84225f3500>,13,12,[ 5 12],14,-1,41,-1,29
1,<environment.Job instance at 0x7f84225f3780>,14,21,[5 4],15,-1,50,-1,29
1,<environment.Job instance at 0x7f84225f3fa0>,16,22,[7 2],17,-1,52,-1,30
1,<environment.Job instance at 0x7f84225f3dc0>,17,28,[3 5],18,-1,58,-1,30
1,<environment.Job instance at 0x7f84225f38c0>,18,23,[8 3],19,-1,53,-1,30
1,<environment.Job instance at 0x7f84225f35a0>,19,12,[5 4],20,-1,42,-1,30
1,<environment.Job instance at 0x7f84225f3c80>,20,25,[ 4 10],21,-1,55,-1,30
1,<environment.Job instance at 0x7f84225f3af0>,21,13,[9 3],22,-1,43,-1,30
1,<environment.Job instance at 0x7f84225f3be0>,22,14,[8 4],23,-1,44,-1,30
1,<environment.Job instance at 0x7f84225f36e0>,23,23,[1 5],24,-1,53,-1,30
1,<environment.Job instance at 0x7f84225f39b0>,24,18,[ 1 12],25,-1,48,-1,30
1,<environment.Job instance at 0x7f84225f3550>,25,15,[ 3 13],26,-1,45,-1,30
1,<environment.Job instance at 0x7f84225f3870>,27,16,[13  1],28,-1,61,-1,45
1,<environment.Job instance at 0x7f84225f3910>,28,13,[7 1],29,-1,58,-1,45
1,<environment.Job instance at 0x7f84225f35f0>,29,14,[14  1],30,-1,59,-1,45
1,<environment.Job instance at 0x7f84225f34b0>,30,15,[9 1],31,-1,60,-1,45
1,<environment.Job instance at 0x7f84225f3690>,31,19,[14  4],32,-1,64,-1,45
1,<environment.Job instance at 0x7f84225f3230>,32,18,[8 1],33,-1,63,-1,45
1,<environment.Job instance at 0x7f84225f3e10>,33,24,[9 1],34,-1,69,-1,45
1,<environment.Job instance at 0x7f84225f3e60>,34,14,[ 5 13],35,-1,59,-1,45
1,<environment.Job instance at 0x7f8422969730>,35,23,[ 3 10],36,-1,68,-1,45
1,<environment.Job instance at 0x7f8422969fa0>,36,20,[10  4],37,-1,65,-1,45
1,<environment.Job instance at 0x7f8422969f50>,37,23,[9 5],38,-1,68,-1,45
1,<environment.Job instance at 0x7f8422969780>,38,27,[ 5 12],39,-1,72,-1,45
1,<environment.Job instance at 0x7f8422969c80>,39,21,[7 5],40,-1,66,-1,45
1,<environment.Job instance at 0x7f8422969460>,40,27,[ 3 13],41,-1,72,-1,45
1,<environment.Job instance at 0x7f8422969640>,41,13,[5 2],42,-1,58,-1,45
1,<environment.Job instance at 0x7f8422969190>,42,18,[11  3],43,-1,63,-1,45
1,<environment.Job instance at 0x7f84229692d0>,43,27,[1 7],44,-1,72,-1,45
1,<environment.Job instance at 0x7f8422969050>,44,18,[6 3],45,-1,63,-1,45
1,<environment.Job instance at 0x7f8422969d20>,45,18,[ 3 12],46,-1,64,-1,46
1,<environment.Job instance at 0x7f8422969550>,46,22,[10  3],47,-1,69,-1,47
1,<environment.Job instance at 0x7f8422969b90>,47,19,[ 4 10],48,-1,67,-1,48
1,<environment.Job instance at 0x7f8422e048c0>,48,13,[2 7],49,-1,62,-1,49
1,<environment.Job instance at 0x7f8422e04c30>,49,15,[ 4 13],50,-1,65,-1,50
1,<environment.Job instance at 0x7f8422e04140>,50,18,[10  1],51,-1,69,-1,51
1,<environment.Job instance at 0x7f8422e04dc0>,51,25,[9 1],52,-1,77,-1,52
1,<environment.Job instance at 0x7f8422e04a00>,52,17,[ 5 14],53,-1,70,-1,53
1,<environment.Job instance at 0x7f8422e04fa0>,53,14,[13  1],54,-1,68,-1,54
1,<environment.Job instance at 0x7f8422e043c0>,54,14,[1 6],55,-1,69,-1,55
1,<environment.Job instance at 0x7f8422e04550>,55,15,[ 5 14],56,-1,71,-1,56
1,<environment.Job instance at 0x7f8422e04460>,56,21,[10  1],57,-1,79,-1,58
1,<environment.Job instance at 0x7f8422969d70>,57,18,[ 1 14],58,-1,76,-1,58
1,<environment.Job instance at 0x7f8422e044b0>,58,16,[12  4],59,-1,75,-1,59
1,<environment.Job instance at 0x7f8422e04f50>,59,14,[6 1],60,-1,74,-1,60
1,<environment.Job instance at 0x7f8422e04eb0>,60,24,[ 3 12],61,-1,85,-1,61
1,<environment.Job instance at 0x7f8422e04a50>,62,12,[10  4],63,-1,75,-1,63
1,<environment.Job instance at 0x7f8422e04730>,63,28,[14  2],64,-1,92,-1,64
1,<environment.Job instance at 0x7f8422e04370>,65,13,[ 5 12],66,-1,79,-1,66
1,<environment.Job instance at 0x7f8422f17af0>,66,22,[ 5 14],67,-1,89,-1,67
1,<environment.Job instance at 0x7f8422f17780>,67,26,[8 5],68,-1,94,-1,68
1,<environment.Job instance at 0x7f8422e041e0>,69,14,[3 7],70,-1,89,-1,75
1,<environment.Job instance at 0x7f8422f17140>,70,13,[13  5],71,-1,88,-1,75
1,<environment.Job instance at 0x7f8422f17640>,71,14,[ 2 13],72,-1,89,-1,75
1,<environment.Job instance at 0x7f8422f17410>,72,23,[ 3 14],73,-1,98,-1,75
1,<environment.Job instance at 0x7f8422f174b0>,73,16,[13  3],74,-1,91,-1,75
1,<environment.Job instance at 0x7f8422d7f870>,74,17,[2 9],75,-1,100,-1,83
1,<environment.Job instance at 0x7f8422d7f6e0>,76,18,[12  1],77,-1,101,-1,83
1,<environment.Job instance at 0x7f8422d7f190>,78,28,[ 4 12],79,-1,120,-1,92
1,<environment.Job instance at 0x7f8422d7faa0>,79,14,[5 1],80,-1,106,-1,92
1,<environment.Job instance at 0x7f8422d7f5a0>,81,24,[ 5 14],82,-1,117,-1,93
1,<environment.Job instance at 0x7f8422d7fe60>,82,27,[11  1],83,-1,120,-1,93
1,<environment.Job instance at 0x7f8422d7fa50>,84,16,[ 1 14],85,-1,109,-1,93
1,<environment.Job instance at 0x7f8422d7fd70>,85,18,[13  3],86,-1,111,-1,93
1,<environment.Job instance at 0x7f8422d7f370>,86,15,[8 1],87,-1,112,-1,97
1,<environment.Job instance at 0x7f8422d7fbe0>,87,13,[5 1],88,-1,110,-1,97
1,<environment.Job instance at 0x7f8422d7f050>,88,18,[ 2 10],89,-1,115,-1,97
1,<environment.Job instance at 0x7f8422981af0>,89,13,[ 5 14],90,-1,110,-1,97
1,<environment.Job instance at 0x7f8422981820>,90,17,[ 5 13],91,-1,114,-1,97
1,<environment.Job instance at 0x7f8422981be0>,91,27,[11  5],92,-1,124,-1,97
1,<environment.Job instance at 0x7f84229813c0>,92,22,[ 2 10],93,-1,119,-1,97
1,<environment.Job instance at 0x7f8422981370>,93,12,[11  1],94,-1,109,-1,97
1,<environment.Job instance at 0x7f8422981aa0>,95,14,[ 5 13],96,-1,118,-1,104
1,<environment.Job instance at 0x7f8422981b90>,96,13,[ 2 14],97,-1,117,-1,104
1,<environment.Job instance at 0x7f8422981c30>,97,22,[10  1],98,-1,126,-1,104
1,<environment.Job instance at 0x7f8422981a50>,98,28,[1 7],99,-1,132,-1,104
1,<environment.Job instance at 0x7f84229816e0>,99,24,[5 1],100,-1,128,-1,104
1,<environment.Job instance at 0x7f84229814b0>,100,15,[ 3 13],101,-1,119,-1,104
1,<environment.Job instance at 0x7f8422981910>,101,12,[ 3 14],102,-1,116,-1,104
1,<environment.Job instance at 0x7f8422981c80>,102,27,[6 5],103,-1,131,-1,104
1,<environment.Job instance at 0x7f8422d3c820>,104,18,[9 1],105,-1,132,-1,114
1,<environment.Job instance at 0x7f8422d3c5a0>,105,17,[14  4],106,-1,131,-1,114
1,<environment.Job instance at 0x7f8422d3cd20>,108,16,[ 1 13],109,-1,138,-1,122
1,<environment.Job instance at 0x7f8422d3c410>,109,25,[4 7],110,-1,147,-1,122
1,<environment.Job instance at 0x7f8422d3ceb0>,110,18,[ 2 11],111,-1,140,-1,122
1,<environment.Job instance at 0x7f8422d3c7d0>,111,12,[13  5],112,-1,134,-1,122
1,<environment.Job instance at 0x7f8422d3cdc0>,112,22,[14  4],113,-1,144,-1,122
1,<environment.Job instance at 0x7f8422d3ca00>,113,27,[5 3],114,-1,149,-1,122
1,<environment.Job instance at 0x7f8422d3c0a0>,114,25,[ 3 11],115,-1,147,-1,122
1,<environment.Job instance at 0x7f8422d3ca50>,115,24,[8 3],116,-1,146,-1,122
1,<environment.Job instance at 0x7f8422d3cd70>,116,13,[13  1],117,-1,135,-1,122
1,<environment.Job instance at 0x7f8422d3c9b0>,117,26,[ 3 13],118,-1,148,-1,122
1,<environment.Job instance at 0x7f8422d3c550>,118,13,[2 9],119,-1,135,-1,122
1,<environment.Job instance at 0x7f8422d3cc80>,119,25,[12  5],120,-1,147,-1,122
1,<environment.Job instance at 0x7f84228bc320>,120,27,[5 9],121,-1,149,-1,122
1,<environment.Job instance at 0x7f84228bc690>,121,12,[6 3],122,-1,136,-1,124
1,<environment.Job instance at 0x7f84228bc640>,122,26,[ 2 11],123,-1,150,-1,124
1,<environment.Job instance at 0x7f84228bc550>,123,21,[1 5],124,-1,145,-1,124
1,<environment.Job instance at 0x7f84228bc8c0>,124,17,[5 1],125,-1,143,-1,126
1,<environment.Job instance at 0x7f84228bc6e0>,125,27,[14  4],126,-1,153,-1,126
1,<environment.Job instance at 0x7f84228bc0f0>,126,18,[11  4],127,-1,147,-1,129
1,<environment.Job instance at 0x7f84228bc780>,127,24,[11  2],128,-1,153,-1,129
1,<environment.Job instance at 0x7f84228bce10>,128,12,[12  3],129,-1,141,-1,129
1,<environment.Job instance at 0x7f84228bc730>,130,13,[11  3],131,-1,148,-1,135
1,<environment.Job instance at 0x7f84228bcd20>,131,22,[ 4 12],132,-1,157,-1,135
1,<environment.Job instance at 0x7f84228bcaa0>,132,20,[13  3],133,-1,155,-1,135
1,<environment.Job instance at 0x7f84228bc2d0>,133,24,[14  1],134,-1,159,-1,135
1,<environment.Job instance at 0x7f84228bcfa0>,134,12,[3 7],135,-1,147,-1,135
1,<environment.Job instance at 0x7f84228bc460>,135,14,[ 1 13],136,-1,150,-1,136
1,<environment.Job instance at 0x7f84225d8190>,136,17,[ 3 12],137,-1,154,-1,137
1,<environment.Job instance at 0x7f84225d8550>,137,26,[11  2],138,-1,164,-1,138
1,<environment.Job instance at 0x7f84228bc4b0>,139,24,[11  1],140,-1,164,-1,140
1,<environment.Job instance at 0x7f84225d8d20>,140,23,[13  2],141,-1,164,-1,141
1,<environment.Job instance at 0x7f84225d8320>,141,18,[13  5],142,-1,160,-1,142
1,<environment.Job instance at 0x7f84225d8eb0>,143,28,[5 9],144,-1,176,-1,148
1,<environment.Job instance at 0x7f84225d8140>,145,14,[11  2],146,-1,163,-1,149
1,<environment.Job instance at 0x7f84225d8910>,146,15,[12  2],147,-1,164,-1,149
1,<environment.Job instance at 0x7f84225d8910>,2,27,[11  3],3,-1,30,-1,3
1,<environment.Job instance at 0x7f842333ff00>,4,27,[ 1 14],5,-1,32,-1,5
1,<environment.Job instance at 0x7f842244caa0>,5,21,[ 3 11],6,-1,27,-1,6
1,<environment.Job instance at 0x7f842244cb40>,6,20,[13  1],7,-1,27,-1,7
1,<environment.Job instance at 0x7f842244cc80>,8,22,[12  2],9,-1,31,-1,9
1,<environment.Job instance at 0x7f842244ce60>,9,27,[7 4],10,-1,38,-1,11
1,<environment.Job instance at 0x7f842244e1e0>,16,17,[ 5 11],17,-1,66,-1,49
1,<environment.Job instance at 0x7f842244e280>,17,26,[ 2 11],18,-1,75,-1,49
1,<environment.Job instance at 0x7f842244e3c0>,19,18,[14  4],20,-1,67,-1,49
1,<environment.Job instance at 0x7f842244e6e0>,23,24,[4 7],24,-1,93,-1,69
1,<environment.Job instance at 0x7f842244e910>,25,21,[ 4 11],26,-1,104,-1,83
1,<environment.Job instance at 0x7f842244e9b0>,26,14,[1 6],27,-1,97,-1,83
1,<environment.Job instance at 0x7f842244e8c0>,27,18,[13  3],28,-1,101,-1,83
1,<environment.Job instance at 0x7f842244eaf0>,28,23,[ 4 12],29,-1,106,-1,83
1,<environment.Job instance at 0x7f842244e690>,29,26,[ 4 14],30,-1,109,-1,83
1,<environment.Job instance at 0x7f842244ec30>,30,15,[ 1 14],31,-1,98,-1,83
1,<environment.Job instance at 0x7f842244ecd0>,31,14,[11  2],32,-1,97,-1,83
1,<environment.Job instance at 0x7f842244ed70>,32,13,[13  4],33,-1,96,-1,83
1,<environment.Job instance at 0x7f842244eeb0>,34,27,[ 4 13],35,-1,114,-1,87
1,<environment.Job instance at 0x7f842244ebe0>,35,23,[ 4 12],36,-1,110,-1,87
1,<environment.Job instance at 0x7f842244ef50>,36,15,[ 4 12],37,-1,102,-1,87
1,<environment.Job instance at 0x7f8422451140>,38,23,[ 5 11],39,-1,125,-1,102
1,<environment.Job instance at 0x7f8422451230>,39,28,[13  3],40,-1,130,-1,102
1,<environment.Job instance at 0x7f84224510a0>,40,27,[3 8],41,-1,129,-1,102
1,<environment.Job instance at 0x7f8422451050>,41,23,[ 5 11],42,-1,125,-1,102
1,<environment.Job instance at 0x7f84224513c0>,42,16,[1 8],43,-1,118,-1,102
1,<environment.Job instance at 0x7f8422451460>,43,12,[3 7],44,-1,114,-1,102
1,<environment.Job instance at 0x7f8422451320>,44,20,[ 1 10],45,-1,122,-1,102
1,<environment.Job instance at 0x7f8422451550>,45,17,[ 2 14],46,-1,119,-1,102
1,<environment.Job instance at 0x7f84224515f0>,46,22,[ 1 14],47,-1,124,-1,102
1,<environment.Job instance at 0x7f8422451690>,47,12,[11  5],48,-1,114,-1,102
1,<environment.Job instance at 0x7f8422451730>,48,17,[ 3 14],49,-1,119,-1,102
1,<environment.Job instance at 0x7f84224519b0>,49,12,[8 2],50,-1,114,-1,102
1,<environment.Job instance at 0x7f8422451910>,50,27,[ 4 12],51,-1,129,-1,102
1,<environment.Job instance at 0x7f8422451a50>,51,22,[6 4],52,-1,124,-1,102
1,<environment.Job instance at 0x7f8422451870>,52,17,[ 4 13],53,-1,119,-1,102
1,<environment.Job instance at 0x7f8422451b90>,54,17,[ 4 11],55,-1,119,-1,102
1,<environment.Job instance at 0x7f8422451dc0>,55,23,[ 1 11],56,-1,125,-1,102
1,<environment.Job instance at 0x7f8422451e60>,56,14,[11  1],57,-1,116,-1,102
1,<environment.Job instance at 0x7f8422451eb0>,57,23,[ 2 11],58,-1,125,-1,102
1,<environment.Job instance at 0x7f8422451f50>,58,21,[ 1 11],59,-1,123,-1,102
1,<environment.Job instance at 0x7f8422451d20>,59,23,[ 2 14],60,-1,125,-1,102
1,<environment.Job instance at 0x7f8422451e10>,60,28,[5 5],61,-1,130,-1,102
1,<environment.Job instance at 0x7f8422454190>,61,21,[ 4 13],62,-1,123,-1,102
1,<environment.Job instance at 0x7f8422454230>,62,15,[13  2],63,-1,117,-1,102
1,<environment.Job instance at 0x7f84224542d0>,63,23,[ 5 11],64,-1,125,-1,102
1,<environment.Job instance at 0x7f8422454370>,64,26,[ 5 11],65,-1,128,-1,102
1,<environment.Job instance at 0x7f84224544b0>,66,18,[13  2],67,-1,135,-1,117
1,<environment.Job instance at 0x7f84224545f0>,67,27,[12  5],68,-1,144,-1,117
1,<environment.Job instance at 0x7f8422454050>,68,19,[11  4],69,-1,136,-1,117
1,<environment.Job instance at 0x7f8422454140>,69,22,[ 2 11],70,-1,139,-1,117
1,<environment.Job instance at 0x7f84224540a0>,70,14,[8 2],71,-1,131,-1,117
1,<environment.Job instance at 0x7f8422454870>,72,12,[ 4 14],73,-1,138,-1,126
1,<environment.Job instance at 0x7f84224549b0>,74,18,[14  1],75,-1,153,-1,135
1,<environment.Job instance at 0x7f8422454a50>,75,13,[4 6],76,-1,149,-1,136
1,<environment.Job instance at 0x7f8422454af0>,76,15,[12  1],77,-1,151,-1,136
1,<environment.Job instance at 0x7f8422454b90>,77,13,[ 5 12],78,-1,149,-1,136
1,<environment.Job instance at 0x7f8422454c30>,78,28,[14  2],79,-1,164,-1,136
1,<environment.Job instance at 0x7f8422454d70>,80,15,[ 5 11],81,-1,155,-1,140
1,<environment.Job instance at 0x7f8422454e10>,81,20,[ 3 11],82,-1,160,-1,140
1,<environment.Job instance at 0x7f8422454eb0>,82,28,[9 4],83,-1,168,-1,140
1,<environment.Job instance at 0x7f8422c2e910>,84,27,[ 3 13],85,-1,178,-1,151
1,<environment.Job instance at 0x7f8422559690>,85,23,[6 2],86,-1,174,-1,151
1,<environment.Job instance at 0x7f8422559960>,86,22,[ 1 13],87,-1,173,-1,151
1,<environment.Job instance at 0x7f8422559aa0>,87,13,[14  2],88,-1,164,-1,151
1,<environment.Job instance at 0x7f8422559910>,89,24,[ 3 13],90,-1,185,-1,161
1,<environment.Job instance at 0x7f8422559140>,90,14,[9 5],91,-1,175,-1,161
1,<environment.Job instance at 0x7f84225595f0>,91,28,[11  3],92,-1,189,-1,161
1,<environment.Job instance at 0x7f8422559460>,92,24,[1 5],93,-1,185,-1,161
1,<environment.Job instance at 0x7f84225592d0>,93,21,[9 5],94,-1,182,-1,161
1,<environment.Job instance at 0x7f8422559410>,95,24,[7 4],96,-1,202,-1,178
1,<environment.Job instance at 0x7f8422559500>,96,19,[ 5 13],97,-1,197,-1,178
1,<environment.Job instance at 0x7f84225726e0>,97,12,[4 7],98,-1,190,-1,178
1,<environment.Job instance at 0x7f8423a0c280>,1,13,[ 4 13],2,-1,15,-1,2
1,<environment.Job instance at 0x7f842287a050>,3,24,[9 1],4,-1,28,-1,4
1,<environment.Job instance at 0x7f842287aaa0>,4,14,[ 2 13],5,-1,19,-1,5
1,<environment.Job instance at 0x7f842287ae60>,6,14,[13  4],7,-1,21,-1,7
1,<environment.Job instance at 0x7f842287a780>,7,12,[11  3],8,-1,20,-1,8
1,<environment.Job instance at 0x7f84225726e0>,9,18,[ 2 13],10,-1,28,-1,10
1,<environment.Job instance at 0x7f8422eb22d0>,11,25,[ 2 12],12,-1,37,-1,12
1,<environment.Job instance at 0x7f8422eb2370>,12,21,[9 3],13,-1,137,-1,116
1,<environment.Job instance at 0x7f8422eb2e60>,24,24,[ 4 12],25,-1,140,-1,116
1,<environment.Job instance at 0x7f8422eb2af0>,25,15,[14  1],26,-1,131,-1,116
1,<environment.Job instance at 0x7f8422eb2550>,26,28,[14  2],27,-1,144,-1,116
1,<environment.Job instance at 0x7f842c2ac190>,27,12,[1 8],28,-1,129,-1,117
1,<environment.Job instance at 0x7f842c2ac640>,30,27,[ 2 12],31,-1,153,-1,126
1,<environment.Job instance at 0x7f842c2ac1e0>,31,25,[ 3 13],32,-1,151,-1,126
1,<environment.Job instance at 0x7f842c2acaa0>,32,22,[2 8],33,-1,154,-1,132
1,<environment.Job instance at 0x7f842c2ace60>,33,27,[9 5],34,-1,159,-1,132
1,<environment.Job instance at 0x7f842c2ac5f0>,34,25,[3 5],35,-1,157,-1,132
1,<environment.Job instance at 0x7f842c2ac410>,35,23,[ 2 13],36,-1,155,-1,132
1,<environment.Job instance at 0x7f842c2acdc0>,36,15,[11  2],37,-1,147,-1,132
1,<environment.Job instance at 0x7f842c2acc80>,37,14,[ 3 10],38,-1,146,-1,132
1,<environment.Job instance at 0x7f842c2acb90>,38,27,[ 4 14],39,-1,159,-1,132
1,<environment.Job instance at 0x7f842c2ac4b0>,39,28,[12  5],40,-1,160,-1,132
1,<environment.Job instance at 0x7f842c2ac7d0>,40,28,[2 5],41,-1,160,-1,132
1,<environment.Job instance at 0x7f842c2ac280>,41,27,[13  3],42,-1,159,-1,132
1,<environment.Job instance at 0x7f842c2ac5a0>,42,26,[ 2 14],43,-1,158,-1,132
1,<environment.Job instance at 0x7f84236a7910>,43,25,[11  2],44,-1,157,-1,132
1,<environment.Job instance at 0x7f84236a7d70>,44,16,[11  4],45,-1,148,-1,132
1,<environment.Job instance at 0x7f84236a7410>,45,13,[14  4],46,-1,145,-1,132
1,<environment.Job instance at 0x7f84236a72d0>,46,12,[9 3],47,-1,144,-1,132
1,<environment.Job instance at 0x7f84236a7960>,47,21,[12  2],48,-1,153,-1,132
1,<environment.Job instance at 0x7f84236a7320>,48,20,[ 1 11],49,-1,152,-1,132
1,<environment.Job instance at 0x7f84236a7280>,49,14,[ 1 14],50,-1,146,-1,132
1,<environment.Job instance at 0x7f84236a7cd0>,50,20,[2 8],51,-1,187,-1,167
1,<environment.Job instance at 0x7f84236a75f0>,54,12,[1 9],55,-1,179,-1,167
1,<environment.Job instance at 0x7f84236a7730>,55,16,[11  4],56,-1,183,-1,167
1,<environment.Job instance at 0x7f84236a7690>,56,20,[ 5 13],57,-1,187,-1,167
1,<environment.Job instance at 0x7f84236a7d20>,57,20,[11  5],58,-1,187,-1,167
1,<environment.Job instance at 0x7f84236a7fa0>,58,23,[7 4],59,-1,190,-1,167
1,<environment.Job instance at 0x7f8422bf5410>,59,22,[13  3],60,-1,189,-1,167
1,<environment.Job instance at 0x7f8422bf5e10>,60,14,[14  2],61,-1,181,-1,167
1,<environment.Job instance at 0x7f8422bf50f0>,61,19,[13  5],62,-1,186,-1,167
1,<environment.Job instance at 0x7f8422bf5fa0>,62,16,[13  3],63,-1,183,-1,167
1,<environment.Job instance at 0x7f8422bf5140>,64,17,[ 1 13],65,-1,196,-1,179
1,<environment.Job instance at 0x7f8422bf5d20>,65,23,[ 3 11],66,-1,202,-1,179
1,<environment.Job instance at 0x7f8422bf5b90>,66,26,[11  1],67,-1,205,-1,179
1,<environment.Job instance at 0x7f8422bf5dc0>,67,25,[ 1 10],68,-1,204,-1,179
1,<environment.Job instance at 0x7f8422bf59b0>,69,25,[ 4 11],70,-1,209,-1,184
1,<environment.Job instance at 0x7f8422bf5320>,70,20,[3 6],71,-1,204,-1,184
1,<environment.Job instance at 0x7f8422bf5190>,71,26,[13  2],72,-1,210,-1,184
1,<environment.Job instance at 0x7f8422bf5500>,72,20,[ 2 13],73,-1,204,-1,184
1,<environment.Job instance at 0x7f8422bf5d70>,73,16,[ 3 10],74,-1,200,-1,184
1,<environment.Job instance at 0x7f8422bf5730>,5,27,[ 2 11],6,-1,33,-1,6
1,<environment.Job instance at 0x7f842227b640>,6,16,[8 1],7,-1,24,-1,8
1,<environment.Job instance at 0x7f842227bc80>,10,17,[ 2 14],11,-1,32,-1,15
1,<environment.Job instance at 0x7f842227beb0>,11,13,[13  4],12,-1,28,-1,15
1,<environment.Job instance at 0x7f842227b550>,12,25,[12  2],13,-1,40,-1,15
1,<environment.Job instance at 0x7f842227baf0>,13,28,[4 9],14,-1,43,-1,15
1,<environment.Job instance at 0x7f842227bfa0>,14,17,[14  1],15,-1,32,-1,15
1,<environment.Job instance at 0x7f8422f771e0>,15,19,[11  4],16,-1,35,-1,16
1,<environment.Job instance at 0x7f8422273b90>,16,23,[ 1 13],17,-1,40,-1,17
1,<environment.Job instance at 0x7f8422273820>,17,25,[ 4 14],18,-1,43,-1,18
1,<environment.Job instance at 0x7f8422273410>,18,12,[12  3],19,-1,31,-1,19
1,<environment.Job instance at 0x7f84222737d0>,19,13,[13  5],20,-1,33,-1,20
1,<environment.Job instance at 0x7f8422273500>,20,24,[9 1],21,-1,45,-1,21
1,<environment.Job instance at 0x7f8422273aa0>,21,16,[ 3 14],22,-1,38,-1,22
1,<environment.Job instance at 0x7f8422273b40>,22,22,[1 8],23,-1,45,-1,23
1,<environment.Job instance at 0x7f8422273a50>,23,15,[3 7],24,-1,42,-1,27
1,<environment.Job instance at 0x7f8422280690>,27,12,[ 2 12],28,-1,69,-1,57
1,<environment.Job instance at 0x7f8422280640>,33,17,[ 3 12],34,-1,121,-1,104
1,<environment.Job instance at 0x7f8422280230>,35,16,[12  1],36,-1,120,-1,104
1,<environment.Job instance at 0x7f8422280050>,36,14,[ 4 13],37,-1,118,-1,104
1,<environment.Job instance at 0x7f8422280a00>,37,21,[12  4],38,-1,125,-1,104
1,<environment.Job instance at 0x7f8422106910>,38,13,[ 4 12],39,-1,117,-1,104
1,<environment.Job instance at 0x7f8422106820>,39,15,[14  5],40,-1,119,-1,104
1,<environment.Job instance at 0x7f8422273e10>,26,24,[12  2],27,-1,147,-1,123
1,<environment.Job instance at 0x7f8422106320>,42,23,[ 3 11],43,-1,146,-1,123
1,<environment.Job instance at 0x7f8422106be0>,43,24,[ 4 14],44,-1,147,-1,123
1,<environment.Job instance at 0x7f84222a5e10>,45,13,[ 4 13],46,-1,148,-1,135
1,<environment.Job instance at 0x7f84222a50a0>,46,25,[13  2],47,-1,160,-1,135
1,<environment.Job instance at 0x7f84222a5780>,47,14,[ 1 11],48,-1,149,-1,135
1,<environment.Job instance at 0x7f84222a5fa0>,48,24,[7 4],49,-1,159,-1,135
1,<environment.Job instance at 0x7f84222a53c0>,51,26,[12  5],52,-1,161,-1,135
1,<environment.Job instance at 0x7f84222a51e0>,52,28,[13  1],53,-1,163,-1,135
1,<environment.Job instance at 0x7f84222a5b90>,53,22,[ 5 14],54,-1,157,-1,135
1,<environment.Job instance at 0x7f84222a5140>,54,20,[ 4 12],55,-1,155,-1,135
1,<environment.Job instance at 0x7f84221987d0>,55,24,[10  4],56,-1,159,-1,135
1,<environment.Job instance at 0x7f842c0f5eb0>,56,18,[14  3],57,-1,153,-1,135
1,<environment.Job instance at 0x7f8422cb35a0>,58,25,[6 2],59,-1,160,-1,135
1,<environment.Job instance at 0x7f842306c9b0>,8,25,[12  5],9,-1,41,-1,16
1,<environment.Job instance at 0x7f84239d8780>,10,26,[ 5 13],11,-1,42,-1,16
1,<environment.Job instance at 0x7f842330c780>,11,16,[ 2 12],12,-1,32,-1,16
1,<environment.Job instance at 0x7f8423747e60>,12,23,[7 2],13,-1,45,-1,22
1,<environment.Job instance at 0x7f842277f9b0>,13,24,[10  3],14,-1,46,-1,22
1,<environment.Job instance at 0x7f842c65f3c0>,14,25,[1 9],15,-1,48,-1,23
1,<environment.Job instance at 0x7f842c65f460>,15,25,[11  1],16,-1,48,-1,23
1,<environment.Job instance at 0x7f8422e69d70>,16,25,[6 4],17,-1,48,-1,23
1,<environment.Job instance at 0x7f8422e69cd0>,17,26,[2 9],18,-1,49,-1,23
1,<environment.Job instance at 0x7f84238e36e0>,18,26,[5 5],19,-1,49,-1,23
1,<environment.Job instance at 0x7f84238e3cd0>,19,21,[13  1],20,-1,44,-1,23
1,<environment.Job instance at 0x7f84238e3780>,21,22,[12  5],22,-1,45,-1,23
1,<environment.Job instance at 0x7f8422e68140>,24,23,[10  4],25,-1,63,-1,40
1,<environment.Job instance at 0x7f8422e68410>,25,25,[6 5],26,-1,65,-1,40
1,<environment.Job instance at 0x7f8422e68820>,26,19,[ 3 12],27,-1,59,-1,40
1,<environment.Job instance at 0x7f84239d5230>,27,25,[ 2 10],28,-1,65,-1,40
1,<environment.Job instance at 0x7f84239d5dc0>,28,21,[13  4],29,-1,61,-1,40
1,<environment.Job instance at 0x7f84239d5aa0>,30,21,[ 4 14],31,-1,74,-1,53
1,<environment.Job instance at 0x7f842396bbe0>,31,23,[ 2 11],32,-1,76,-1,53
1,<environment.Job instance at 0x7f842c00ce60>,32,24,[13  5],33,-1,77,-1,53
1,<environment.Job instance at 0x7f842c00c4b0>,33,27,[ 3 13],34,-1,80,-1,53
1,<environment.Job instance at 0x7f84239e9870>,34,12,[ 2 13],35,-1,65,-1,53
1,<environment.Job instance at 0x7f84239e9500>,35,26,[6 1],36,-1,79,-1,53
1,<environment.Job instance at 0x7f8422aa7820>,37,21,[ 2 13],38,-1,85,-1,64
1,<environment.Job instance at 0x7f8422f3eaf0>,38,22,[12  4],39,-1,86,-1,64
1,<environment.Job instance at 0x7f84239d67d0>,41,13,[ 2 14],42,-1,92,-1,79
1,<environment.Job instance at 0x7f84239d6b40>,40,15,[11  4],41,-1,101,-1,86
1,<environment.Job instance at 0x7f842c00b500>,44,16,[ 2 14],45,-1,102,-1,86
1,<environment.Job instance at 0x7f842c00b3c0>,46,13,[11  1],47,-1,117,-1,104
1,<environment.Job instance at 0x7f84228a8e10>,43,26,[14  1],44,-1,130,-1,104
1,<environment.Job instance at 0x7f8422b1e460>,50,22,[13  2],51,-1,138,-1,116
1,<environment.Job instance at 0x7f8422a93a00>,51,23,[11  1],52,-1,139,-1,116
1,<environment.Job instance at 0x7f8422b1ea50>,52,19,[11  4],53,-1,140,-1,121
1,<environment.Job instance at 0x7f84228c24b0>,54,19,[13  1],55,-1,140,-1,121
1,<environment.Job instance at 0x7f842289cd70>,55,20,[ 5 11],56,-1,141,-1,121
1,<environment.Job instance at 0x7f842289c820>,56,17,[ 3 14],57,-1,138,-1,121
1,<environment.Job instance at 0x7f842289cc80>,57,13,[ 1 12],58,-1,134,-1,121
1,<environment.Job instance at 0x7f84228b0cd0>,58,18,[14  2],59,-1,139,-1,121
1,<environment.Job instance at 0x7f8422ab3230>,62,28,[1 5],63,-1,184,-1,156
1,<environment.Job instance at 0x7f8422ab35f0>,65,25,[2 6],66,-1,192,-1,167
1,<environment.Job instance at 0x7f84228bfd20>,67,19,[12  2],68,-1,189,-1,170
1,<environment.Job instance at 0x7f84228bfdc0>,68,25,[3 5],69,-1,195,-1,170
1,<environment.Job instance at 0x7f842277faa0>,5,28,[ 4 11],6,-1,34,-1,6
1,<environment.Job instance at 0x7f8422c18050>,6,23,[5 5],7,-1,30,-1,7
1,<environment.Job instance at 0x7f8422c25f50>,9,12,[14  5],10,-1,22,-1,10
1,<environment.Job instance at 0x7f8422aa4a50>,10,27,[10  1],11,-1,38,-1,11
1,<environment.Job instance at 0x7f8422aa4d70>,14,16,[ 4 12],15,-1,34,-1,18
1,<environment.Job instance at 0x7f8422aa44b0>,15,20,[ 5 11],16,-1,38,-1,18
1,<environment.Job instance at 0x7f8422932460>,16,23,[12  5],17,-1,41,-1,18
1,<environment.Job instance at 0x7f84229326e0>,17,26,[12  3],18,-1,44,-1,18
1,<environment.Job instance at 0x7f8422932cd0>,19,26,[ 3 13],20,-1,49,-1,23
1,<environment.Job instance at 0x7f8422932c80>,20,23,[2 7],21,-1,46,-1,23
1,<environment.Job instance at 0x7f8422932280>,21,19,[14  5],22,-1,42,-1,23
1,<environment.Job instance at 0x7f8422932fa0>,23,20,[ 4 13],24,-1,47,-1,27
1,<environment.Job instance at 0x7f8422932b40>,26,13,[14  2],27,-1,67,-1,54
1,<environment.Job instance at 0x7f8422932320>,29,26,[11  5],30,-1,113,-1,87
1,<environment.Job instance at 0x7f8422932e60>,30,21,[13  3],31,-1,108,-1,87
1,<environment.Job instance at 0x7f84229324b0>,31,27,[13  4],32,-1,114,-1,87
1,<environment.Job instance at 0x7f8422d19e10>,32,24,[8 1],33,-1,111,-1,87
1,<environment.Job instance at 0x7f8422d19b90>,34,14,[ 3 14],35,-1,101,-1,87
1,<environment.Job instance at 0x7f8422d19460>,36,20,[ 4 13],37,-1,113,-1,93
1,<environment.Job instance at 0x7f8422d19370>,37,12,[14  3],38,-1,105,-1,93
1,<environment.Job instance at 0x7f8422d19a50>,38,26,[5 1],39,-1,119,-1,93
1,<environment.Job instance at 0x7f8422d19be0>,39,21,[13  1],40,-1,114,-1,93
1,<environment.Job instance at 0x7f8422d19640>,41,22,[13  4],42,-1,123,-1,101
1,<environment.Job instance at 0x7f8422d199b0>,42,24,[1 8],43,-1,125,-1,101
1,<environment.Job instance at 0x7f8422d19c30>,43,20,[ 5 10],44,-1,121,-1,101
1,<environment.Job instance at 0x7f8422835320>,49,26,[7 5],50,-1,163,-1,137
1,<environment.Job instance at 0x7f84228350a0>,50,14,[ 5 12],51,-1,151,-1,137
1,<environment.Job instance at 0x7f8422835c80>,52,26,[ 3 10],53,-1,174,-1,148
1,<environment.Job instance at 0x7f8422835be0>,53,27,[1 8],54,-1,175,-1,148
1,<environment.Job instance at 0x7f8422835f00>,54,20,[13  5],55,-1,168,-1,148
1,<environment.Job instance at 0x7f8422835550>,55,23,[5 7],56,-1,171,-1,148
1,<environment.Job instance at 0x7f8422835370>,57,15,[12  4],58,-1,165,-1,150
1,<environment.Job instance at 0x7f8422835c30>,58,25,[9 3],59,-1,175,-1,150
1,<environment.Job instance at 0x7f8422835780>,61,12,[ 4 14],62,-1,180,-1,168
1,<environment.Job instance at 0x7f84228356e0>,62,21,[ 4 14],63,-1,189,-1,168
1,<environment.Job instance at 0x7f84228355a0>,63,14,[ 1 13],64,-1,182,-1,168
1,<environment.Job instance at 0x7f8422835190>,64,16,[12  5],65,-1,184,-1,168
1,<environment.Job instance at 0x7f8423088a00>,65,28,[4 5],66,-1,196,-1,168
1,<environment.Job instance at 0x7f84230885a0>,66,27,[11  5],67,-1,195,-1,168
1,<environment.Job instance at 0x7f8423088e10>,67,18,[11  3],68,-1,186,-1,168
1,<environment.Job instance at 0x7f84230880f0>,69,17,[ 2 13],70,-1,196,-1,179
1,<environment.Job instance at 0x7f8423088690>,70,13,[11  4],71,-1,192,-1,179
1,<environment.Job instance at 0x7f8423088370>,72,25,[14  5],73,-1,204,-1,179
1,<environment.Job instance at 0x7f8423088eb0>,73,24,[3 6],74,-1,203,-1,179
1,<environment.Job instance at 0x7f8423088410>,75,22,[11  3],76,-1,206,-1,184
1,<environment.Job instance at 0x7f8423088050>,76,12,[ 3 10],77,-1,196,-1,184
1,<environment.Job instance at 0x7f842c65ef00>,77,23,[10  1],78,-1,207,-1,184
1,<environment.Job instance at 0x7f842c65efa0>,78,12,[8 1],79,-1,196,-1,184
1,<environment.Job instance at 0x7f842293c8c0>,1,15,[ 1 12],2,-1,17,-1,2
1,<environment.Job instance at 0x7f8422e3d1e0>,2,15,[14  5],3,-1,18,-1,3
1,<environment.Job instance at 0x7f8423186730>,5,16,[ 3 11],6,-1,22,-1,6
1,<environment.Job instance at 0x7f8423186410>,7,14,[ 1 12],8,-1,22,-1,8
1,<environment.Job instance at 0x7f8423186050>,10,17,[ 2 12],11,-1,28,-1,11
1,<environment.Job instance at 0x7f8423186820>,12,18,[11  5],13,-1,32,-1,14
1,<environment.Job instance at 0x7f84231863c0>,16,26,[5 5],17,-1,45,-1,19
1,<environment.Job instance at 0x7f8423186d70>,17,28,[3 7],18,-1,47,-1,19
1,<environment.Job instance at 0x7f8423168640>,18,21,[10  1],19,-1,44,-1,23
1,<environment.Job instance at 0x7f8423168550>,20,12,[13  5],21,-1,35,-1,23
1,<environment.Job instance at 0x7f84231689b0>,23,26,[ 3 11],24,-1,64,-1,38
1,<environment.Job instance at 0x7f84231683c0>,24,18,[ 3 14],25,-1,56,-1,38
1,<environment.Job instance at 0x7f84231687d0>,25,15,[12  2],26,-1,53,-1,38
1,<environment.Job instance at 0x7f8423168910>,26,24,[ 5 14],27,-1,62,-1,38
1,<environment.Job instance at 0x7f8423168d20>,27,24,[ 1 13],28,-1,62,-1,38
1,<environment.Job instance at 0x7f8423168780>,28,14,[ 5 13],29,-1,52,-1,38
1,<environment.Job instance at 0x7f8423168870>,29,19,[ 3 13],30,-1,57,-1,38
1,<environment.Job instance at 0x7f8423168190>,30,17,[ 2 14],31,-1,55,-1,38
1,<environment.Job instance at 0x7f8423168320>,32,27,[12  1],33,-1,70,-1,43
1,<environment.Job instance at 0x7f8423168730>,34,21,[13  3],35,-1,64,-1,43
1,<environment.Job instance at 0x7f84231680a0>,36,27,[ 1 14],37,-1,79,-1,52
1,<environment.Job instance at 0x7f8423168be0>,37,23,[8 5],38,-1,75,-1,52
1,<environment.Job instance at 0x7f8423168b90>,39,25,[5 7],40,-1,84,-1,59
1,<environment.Job instance at 0x7f8422261b90>,41,24,[5 6],42,-1,83,-1,59
1,<environment.Job instance at 0x7f8422261640>,42,27,[12  5],43,-1,86,-1,59
1,<environment.Job instance at 0x7f8422261e10>,43,22,[14  4],44,-1,81,-1,59
1,<environment.Job instance at 0x7f8422261f50>,44,28,[ 2 11],45,-1,87,-1,59
1,<environment.Job instance at 0x7f8422261eb0>,45,22,[11  3],46,-1,81,-1,59
1,<environment.Job instance at 0x7f8422261aa0>,47,15,[14  3],48,-1,88,-1,73
1,<environment.Job instance at 0x7f8422261a00>,49,23,[ 4 10],50,-1,100,-1,77
1,<environment.Job instance at 0x7f84222610f0>,51,14,[ 1 14],52,-1,99,-1,85
1,<environment.Job instance at 0x7f84222615f0>,53,14,[11  4],54,-1,107,-1,93
1,<environment.Job instance at 0x7f84222616e0>,54,17,[ 1 14],55,-1,110,-1,93
1,<environment.Job instance at 0x7f8422261820>,55,18,[ 4 12],56,-1,111,-1,93
1,<environment.Job instance at 0x7f8422261190>,57,21,[13  1],58,-1,119,-1,98
1,<environment.Job instance at 0x7f8422261be0>,58,25,[5 4],59,-1,123,-1,98
1,<environment.Job instance at 0x7f84222612d0>,60,18,[14  1],61,-1,125,-1,107
1,<environment.Job instance at 0x7f8423064fa0>,62,16,[ 5 13],63,-1,129,-1,113
1,<environment.Job instance at 0x7f8423064410>,63,17,[ 2 12],64,-1,130,-1,113
1,<environment.Job instance at 0x7f84230646e0>,64,25,[14  5],65,-1,138,-1,113
1,<environment.Job instance at 0x7f84230645f0>,65,17,[14  5],66,-1,130,-1,113
1,<environment.Job instance at 0x7f8423064eb0>,66,13,[12  1],67,-1,126,-1,113
1,<environment.Job instance at 0x7f84223c7370>,69,15,[ 2 12],70,-1,144,-1,129
1,<environment.Job instance at 0x7f84223c70a0>,70,24,[3 7],71,-1,153,-1,129
1,<environment.Job instance at 0x7f84223c78c0>,72,13,[14  3],73,-1,147,-1,134
1,<environment.Job instance at 0x7f84223c7820>,74,22,[ 5 11],75,-1,168,-1,146
1,<environment.Job instance at 0x7f84223c7910>,76,23,[9 3],77,-1,169,-1,146
1,<environment.Job instance at 0x7f84223c7cd0>,77,26,[11  4],78,-1,172,-1,146
1,<environment.Job instance at 0x7f84223c7fa0>,78,19,[ 4 11],79,-1,165,-1,146
1,<environment.Job instance at 0x7f84223c71e0>,81,27,[5 2],82,-1,189,-1,162
1,<environment.Job instance at 0x7f84223c7960>,82,14,[ 2 10],83,-1,176,-1,162
1,<environment.Job instance at 0x7f84223c7460>,83,21,[ 3 11],84,-1,183,-1,162
1,<environment.Job instance at 0x7f84223c7eb0>,85,12,[ 1 13],86,-1,176,-1,164
1,<environment.Job instance at 0x7f8423168a00>,3,25,[5 3],4,-1,29,-1,4
1,<environment.Job instance at 0x7f842361b230>,5,19,[ 4 14],6,-1,25,-1,6
1,<environment.Job instance at 0x7f842361bb90>,6,13,[ 4 13],7,-1,20,-1,7
1,<environment.Job instance at 0x7f84223155a0>,8,26,[10  5],9,-1,35,-1,9
1,<environment.Job instance at 0x7f842361b3c0>,9,14,[14  1],10,-1,24,-1,10
1,<environment.Job instance at 0x7f842361b050>,10,17,[13  2],11,-1,28,-1,11
1,<environment.Job instance at 0x7f842361b690>,11,23,[8 3],12,-1,38,-1,15
1,<environment.Job instance at 0x7f842361ba00>,15,16,[13  2],16,-1,32,-1,16
1,<environment.Job instance at 0x7f8423355f00>,16,28,[12  2],17,-1,45,-1,17
1,<environment.Job instance at 0x7f84233550f0>,17,12,[ 5 14],18,-1,30,-1,18
1,<environment.Job instance at 0x7f8423355b90>,18,14,[14  2],19,-1,33,-1,19
1,<environment.Job instance at 0x7f8423355d70>,19,14,[ 2 10],20,-1,34,-1,20
1,<environment.Job instance at 0x7f8423355cd0>,33,17,[ 4 11],34,-1,172,-1,155
1,<environment.Job instance at 0x7f84233557d0>,34,24,[6 4],35,-1,179,-1,155
1,<environment.Job instance at 0x7f84233553c0>,35,24,[2 5],36,-1,179,-1,155
1,<environment.Job instance at 0x7f84233552d0>,36,23,[11  4],37,-1,178,-1,155
1,<environment.Job instance at 0x7f84233555f0>,37,13,[ 1 11],38,-1,168,-1,155
1,<environment.Job instance at 0x7f8423355230>,38,22,[ 1 11],39,-1,177,-1,155
1,<environment.Job instance at 0x7f84230f7190>,39,21,[13  4],40,-1,176,-1,155
1,<environment.Job instance at 0x7f84230f77d0>,40,23,[14  2],41,-1,178,-1,155
1,<environment.Job instance at 0x7f84230f7460>,41,17,[ 3 14],42,-1,172,-1,155
1,<environment.Job instance at 0x7f84230f7dc0>,42,26,[14  5],43,-1,181,-1,155
1,<environment.Job instance at 0x7f84230f7af0>,43,27,[ 3 13],44,-1,182,-1,155
1,<environment.Job instance at 0x7f84230f7e10>,45,28,[14  4],46,-1,198,-1,170
1,<environment.Job instance at 0x7f84230f7f00>,46,25,[5 1],47,-1,195,-1,170
1,<environment.Job instance at 0x7f84230f7370>,48,22,[14  5],49,-1,196,-1,174
1,<environment.Job instance at 0x7f84230f70f0>,49,16,[ 2 13],50,-1,190,-1,174
1,<environment.Job instance at 0x7f8423a07230>,2,28,[ 4 13],3,-1,31,-1,3
1,<environment.Job instance at 0x7f8422469a00>,10,16,[14  3],11,-1,31,-1,15
1,<environment.Job instance at 0x7f842212f410>,12,19,[9 1],13,-1,44,-1,25
1,<environment.Job instance at 0x7f8422681190>,13,16,[13  5],14,-1,41,-1,25
1,<environment.Job instance at 0x7f8422681b90>,14,26,[ 5 11],15,-1,51,-1,25
1,<environment.Job instance at 0x7f8422681a00>,15,14,[ 5 13],16,-1,39,-1,25
1,<environment.Job instance at 0x7f8422681370>,17,20,[2 6],18,-1,59,-1,39
1,<environment.Job instance at 0x7f8422681dc0>,19,23,[3 6],20,-1,62,-1,39
1,<environment.Job instance at 0x7f8422681fa0>,20,15,[14  4],21,-1,54,-1,39
1,<environment.Job instance at 0x7f8423233af0>,21,19,[ 3 11],22,-1,58,-1,39
1,<environment.Job instance at 0x7f8422681e10>,22,18,[11  3],23,-1,57,-1,39
1,<environment.Job instance at 0x7f84232337d0>,23,18,[14  4],24,-1,57,-1,39
1,<environment.Job instance at 0x7f84232333c0>,24,15,[1 8],25,-1,57,-1,42
1,<environment.Job instance at 0x7f8423233410>,25,28,[7 5],26,-1,70,-1,42
1,<environment.Job instance at 0x7f8423233280>,26,28,[2 9],27,-1,70,-1,42
1,<environment.Job instance at 0x7f8423233140>,27,15,[10  2],28,-1,57,-1,42
1,<environment.Job instance at 0x7f8423233b40>,28,12,[11  4],29,-1,54,-1,42
1,<environment.Job instance at 0x7f8423233d70>,29,17,[ 2 11],30,-1,59,-1,42
1,<environment.Job instance at 0x7f8423233e10>,30,25,[2 8],31,-1,67,-1,42
1,<environment.Job instance at 0x7f8423233eb0>,31,26,[ 3 11],32,-1,68,-1,42
1,<environment.Job instance at 0x7f8423233f50>,32,22,[6 1],33,-1,64,-1,42
1,<environment.Job instance at 0x7f84232339b0>,33,15,[6 2],34,-1,58,-1,43
1,<environment.Job instance at 0x7f8423233b90>,34,18,[6 1],35,-1,61,-1,43
1,<environment.Job instance at 0x7f8422caa190>,35,23,[ 4 13],36,-1,66,-1,43
1,<environment.Job instance at 0x7f8422caa140>,36,17,[9 3],37,-1,67,-1,50
1,<environment.Job instance at 0x7f8422caa230>,37,12,[6 1],38,-1,62,-1,50
1,<environment.Job instance at 0x7f8422caa2d0>,38,14,[ 2 11],39,-1,64,-1,50
1,<environment.Job instance at 0x7f8422caa5a0>,39,28,[11  5],40,-1,78,-1,50
1,<environment.Job instance at 0x7f8422caa460>,41,24,[5 9],42,-1,75,-1,51
1,<environment.Job instance at 0x7f8422caa640>,42,13,[ 3 11],43,-1,64,-1,51
1,<environment.Job instance at 0x7f8422caa6e0>,43,17,[6 1],44,-1,68,-1,51
1,<environment.Job instance at 0x7f8422caa780>,44,21,[ 4 14],45,-1,72,-1,51
1,<environment.Job instance at 0x7f8422caa8c0>,46,18,[12  5],47,-1,69,-1,51
1,<environment.Job instance at 0x7f8422caa960>,47,15,[3 9],48,-1,70,-1,55
1,<environment.Job instance at 0x7f8422caaa00>,48,15,[12  5],49,-1,70,-1,55
1,<environment.Job instance at 0x7f8422caaaa0>,49,28,[13  5],50,-1,83,-1,55
1,<environment.Job instance at 0x7f8422caac80>,51,14,[1 8],52,-1,69,-1,55
1,<environment.Job instance at 0x7f8422caadc0>,52,25,[ 3 12],53,-1,80,-1,55
1,<environment.Job instance at 0x7f8422caad20>,53,13,[11  1],54,-1,68,-1,55
1,<environment.Job instance at 0x7f8422caae60>,54,20,[13  2],55,-1,75,-1,55
1,<environment.Job instance at 0x7f8422caa4b0>,55,13,[ 2 14],56,-1,69,-1,56
1,<environment.Job instance at 0x7f8422caafa0>,56,18,[ 4 10],57,-1,75,-1,57
1,<environment.Job instance at 0x7f8422c860f0>,57,20,[ 1 11],58,-1,78,-1,58
1,<environment.Job instance at 0x7f8422c86140>,58,19,[8 2],59,-1,83,-1,64
1,<environment.Job instance at 0x7f8422caaf00>,59,16,[ 1 10],60,-1,80,-1,64
1,<environment.Job instance at 0x7f8422c86320>,60,18,[ 3 11],61,-1,82,-1,64
1,<environment.Job instance at 0x7f8422c863c0>,61,24,[14  5],62,-1,88,-1,64
1,<environment.Job instance at 0x7f8422c86460>,62,20,[9 5],63,-1,89,-1,69
1,<environment.Job instance at 0x7f8422c865a0>,64,20,[14  1],65,-1,89,-1,69
1,<environment.Job instance at 0x7f8422c86640>,65,14,[ 1 11],66,-1,83,-1,69
1,<environment.Job instance at 0x7f8422c866e0>,66,12,[ 1 11],67,-1,81,-1,69
1,<environment.Job instance at 0x7f8422c86780>,67,12,[ 5 12],68,-1,81,-1,69
1,<environment.Job instance at 0x7f8422c86820>,68,19,[11  1],69,-1,88,-1,69
1,<environment.Job instance at 0x7f8422c86230>,69,24,[5 3],70,-1,94,-1,70
1,<environment.Job instance at 0x7f8422c86960>,70,13,[ 2 11],71,-1,84,-1,71
1,<environment.Job instance at 0x7f8422c86a00>,71,13,[7 3],72,-1,85,-1,72
1,<environment.Job instance at 0x7f8422c86a50>,72,21,[5 5],73,-1,95,-1,74
1,<environment.Job instance at 0x7f8422c86b40>,73,16,[ 1 13],74,-1,90,-1,74
1,<environment.Job instance at 0x7f8422c86af0>,74,12,[6 2],75,-1,87,-1,75
1,<environment.Job instance at 0x7f8422c86cd0>,76,24,[13  4],77,-1,101,-1,77
1,<environment.Job instance at 0x7f8422c86e10>,77,21,[ 1 12],78,-1,99,-1,78
1,<environment.Job instance at 0x7f8422c86e60>,78,25,[4 8],79,-1,104,-1,79
1,<environment.Job instance at 0x7f8422c86f00>,79,13,[10  1],80,-1,93,-1,80
1,<environment.Job instance at 0x7f8422c86dc0>,81,19,[ 1 10],82,-1,101,-1,82
1,<environment.Job instance at 0x7f8422c89190>,82,25,[5 8],83,-1,108,-1,83
1,<environment.Job instance at 0x7f8422c89280>,83,15,[ 5 10],84,-1,100,-1,85
1,<environment.Job instance at 0x7f8422c89370>,84,14,[12  4],85,-1,99,-1,85
1,<environment.Job instance at 0x7f8422c89320>,85,23,[ 1 13],86,-1,109,-1,86
1,<environment.Job instance at 0x7f8422c894b0>,87,14,[13  3],88,-1,102,-1,88
1,<environment.Job instance at 0x7f8422c895f0>,88,13,[2 8],89,-1,108,-1,95
1,<environment.Job instance at 0x7f8422c896e0>,89,24,[12  3],90,-1,119,-1,95
1,<environment.Job instance at 0x7f8422c89500>,90,14,[12  4],91,-1,109,-1,95
1,<environment.Job instance at 0x7f8422c897d0>,91,23,[5 2],92,-1,118,-1,95
1,<environment.Job instance at 0x7f8422c898c0>,92,16,[12  4],93,-1,111,-1,95
1,<environment.Job instance at 0x7f8422c89640>,93,18,[13  5],94,-1,113,-1,95
1,<environment.Job instance at 0x7f8422c899b0>,94,23,[5 5],95,-1,118,-1,95
1,<environment.Job instance at 0x7f8422c89870>,95,18,[13  2],96,-1,114,-1,96
1,<environment.Job instance at 0x7f8422c89aa0>,96,27,[5 6],97,-1,124,-1,97
1,<environment.Job instance at 0x7f8422c89b40>,97,24,[9 5],98,-1,122,-1,98
1,<environment.Job instance at 0x7f8422c89be0>,98,20,[ 3 14],99,-1,119,-1,99
1,<environment.Job instance at 0x7f8422c89c80>,99,20,[13  3],100,-1,120,-1,100
1,<environment.Job instance at 0x7f8422c89d20>,100,27,[ 5 12],101,-1,128,-1,101
1,<environment.Job instance at 0x7f8422c89e60>,102,14,[ 1 13],103,-1,117,-1,103
1,<environment.Job instance at 0x7f8422cb4050>,104,24,[12  4],105,-1,129,-1,105
1,<environment.Job instance at 0x7f84231bf370>,105,13,[13  1],106,-1,119,-1,106
1,<environment.Job instance at 0x7f842266e870>,106,26,[2 7],107,-1,133,-1,107
1,<environment.Job instance at 0x7f8423239d20>,107,25,[11  1],108,-1,133,-1,108
1,<environment.Job instance at 0x7f8422cc3230>,108,24,[ 3 14],109,-1,133,-1,109
1,<environment.Job instance at 0x7f8422c8ca00>,109,26,[12  5],110,-1,136,-1,110
1,<environment.Job instance at 0x7f84229a4730>,110,13,[6 2],111,-1,124,-1,111
1,<environment.Job instance at 0x7f842357cdc0>,111,24,[11  1],112,-1,136,-1,112
1,<environment.Job instance at 0x7f842355e0a0>,112,25,[14  3],113,-1,138,-1,113
1,<environment.Job instance at 0x7f8422666aa0>,113,19,[11  3],114,-1,133,-1,114
1,<environment.Job instance at 0x7f8422666960>,114,17,[12  2],115,-1,132,-1,115
1,<environment.Job instance at 0x7f8422666d20>,115,23,[ 5 14],116,-1,139,-1,116
1,<environment.Job instance at 0x7f8422666820>,116,22,[ 4 11],117,-1,139,-1,117
1,<environment.Job instance at 0x7f8422666c80>,118,22,[ 2 10],119,-1,141,-1,119
1,<environment.Job instance at 0x7f8422666be0>,120,21,[ 1 10],121,-1,142,-1,121
1,<environment.Job instance at 0x7f84226664b0>,121,15,[ 2 13],122,-1,137,-1,122
1,<environment.Job instance at 0x7f84223151e0>,123,18,[ 3 13],124,-1,142,-1,124
1,<environment.Job instance at 0x7f842357aa00>,125,25,[12  4],126,-1,158,-1,133
1,<environment.Job instance at 0x7f842300bc80>,126,23,[8 3],127,-1,156,-1,133
1,<environment.Job instance at 0x7f8422470e60>,127,12,[1 9],128,-1,145,-1,133
1,<environment.Job instance at 0x7f8423a0e370>,129,15,[13  3],130,-1,155,-1,140
1,<environment.Job instance at 0x7f8422470280>,130,17,[12  5],131,-1,157,-1,140
1,<environment.Job instance at 0x7f8422d55410>,131,28,[5 3],132,-1,168,-1,140
1,<environment.Job instance at 0x7f8422481820>,132,27,[12  4],133,-1,167,-1,140
1,<environment.Job instance at 0x7f8422481a00>,133,24,[2 5],134,-1,164,-1,140
1,<environment.Job instance at 0x7f84222b2050>,134,20,[ 3 13],135,-1,160,-1,140
1,<environment.Job instance at 0x7f8422481910>,135,15,[12  1],136,-1,155,-1,140
1,<environment.Job instance at 0x7f8422297cd0>,136,25,[7 2],137,-1,165,-1,140
1,<environment.Job instance at 0x7f8422297aa0>,138,16,[14  3],139,-1,163,-1,147
1,<environment.Job instance at 0x7f8422297910>,139,16,[ 5 12],140,-1,163,-1,147
1,<environment.Job instance at 0x7f84235550a0>,140,20,[5 2],141,-1,170,-1,150
1,<environment.Job instance at 0x7f8423555aa0>,141,27,[12  3],142,-1,177,-1,150
1,<environment.Job instance at 0x7f842245c870>,143,21,[ 1 11],144,-1,176,-1,155
1,<environment.Job instance at 0x7f842245c9b0>,144,26,[11  5],145,-1,181,-1,155
1,<environment.Job instance at 0x7f842245ca50>,146,28,[ 5 10],147,-1,183,-1,155
1,<environment.Job instance at 0x7f842245c2d0>,147,28,[14  5],148,-1,183,-1,155
1,<environment.Job instance at 0x7f842245cf50>,148,13,[13  5],149,-1,168,-1,155
1,<environment.Job instance at 0x7f84222a0b90>,3,23,[4 6],4,-1,27,-1,4
1,<environment.Job instance at 0x7f842245cf50>,2,24,[13  2],3,-1,28,-1,4
1,<environment.Job instance at 0x7f8422caa050>,4,25,[ 3 14],5,-1,30,-1,5
1,<environment.Job instance at 0x7f8422c12d70>,6,28,[11  3],7,-1,35,-1,7
1,<environment.Job instance at 0x7f8422681780>,7,26,[14  1],8,-1,36,-1,10
1,<environment.Job instance at 0x7f84221ee410>,11,28,[7 2],12,-1,40,-1,12
1,<environment.Job instance at 0x7f8423652b40>,12,17,[11  4],13,-1,30,-1,13
1,<environment.Job instance at 0x7f8423652870>,13,16,[ 2 12],14,-1,30,-1,14
1,<environment.Job instance at 0x7f8423a6ecd0>,14,27,[6 3],15,-1,42,-1,15
1,<environment.Job instance at 0x7f8422804730>,18,27,[7 3],19,-1,49,-1,22
1,<environment.Job instance at 0x7f8422804320>,19,22,[14  3],20,-1,44,-1,22
1,<environment.Job instance at 0x7f8422809c30>,20,12,[7 2],21,-1,42,-1,30
1,<environment.Job instance at 0x7f8423296230>,22,17,[ 2 14],23,-1,53,-1,36
1,<environment.Job instance at 0x7f8423296c80>,23,19,[ 1 12],24,-1,55,-1,36
1,<environment.Job instance at 0x7f8423296960>,24,24,[8 3],25,-1,60,-1,36
1,<environment.Job instance at 0x7f84227264b0>,25,17,[ 5 14],26,-1,53,-1,36
1,<environment.Job instance at 0x7f8422726d70>,26,27,[12  5],27,-1,63,-1,36
1,<environment.Job instance at 0x7f8422726b40>,27,16,[12  5],28,-1,52,-1,36
1,<environment.Job instance at 0x7f8422726af0>,29,17,[12  5],30,-1,53,-1,36
1,<environment.Job instance at 0x7f8422726e60>,30,12,[12  4],31,-1,48,-1,36
1,<environment.Job instance at 0x7f8422726cd0>,31,26,[2 8],32,-1,62,-1,36
1,<environment.Job instance at 0x7f8422726050>,32,14,[ 1 11],33,-1,50,-1,36
1,<environment.Job instance at 0x7f8422726f00>,33,14,[ 1 11],34,-1,50,-1,36
1,<environment.Job instance at 0x7f8422726550>,34,24,[2 6],35,-1,60,-1,36
1,<environment.Job instance at 0x7f8422726b90>,35,28,[4 9],36,-1,64,-1,36
1,<environment.Job instance at 0x7f8422726fa0>,37,28,[10  3],38,-1,86,-1,58
1,<environment.Job instance at 0x7f8422726780>,38,17,[ 1 13],39,-1,75,-1,58
1,<environment.Job instance at 0x7f8422726140>,39,23,[3 7],40,-1,81,-1,58
1,<environment.Job instance at 0x7f8423ae1820>,40,12,[ 3 11],41,-1,70,-1,58
1,<environment.Job instance at 0x7f8423ae1a00>,41,25,[14  5],42,-1,83,-1,58
1,<environment.Job instance at 0x7f8423ae1320>,42,18,[11  4],43,-1,76,-1,58
1,<environment.Job instance at 0x7f8423ae1f50>,44,15,[13  2],45,-1,73,-1,58
1,<environment.Job instance at 0x7f8423ae1c30>,45,16,[12  3],46,-1,74,-1,58
1,<environment.Job instance at 0x7f8423ae1aa0>,48,28,[5 6],49,-1,102,-1,74
1,<environment.Job instance at 0x7f8423ae10f0>,49,22,[ 1 13],50,-1,96,-1,74
1,<environment.Job instance at 0x7f8423ae14b0>,50,12,[11  4],51,-1,86,-1,74
1,<environment.Job instance at 0x7f8423ae1b40>,52,21,[ 4 12],53,-1,103,-1,82
1,<environment.Job instance at 0x7f8423ae13c0>,54,26,[ 4 13],55,-1,116,-1,90
1,<environment.Job instance at 0x7f8423ae1c80>,56,26,[7 4],57,-1,116,-1,90
1,<environment.Job instance at 0x7f8423ae11e0>,57,24,[3 7],58,-1,114,-1,90
1,<environment.Job instance at 0x7f8423ae1be0>,58,17,[ 2 14],59,-1,107,-1,90
1,<environment.Job instance at 0x7f8423ae1640>,60,14,[ 3 13],61,-1,123,-1,109
1,<environment.Job instance at 0x7f8423ae1550>,61,22,[9 2],62,-1,131,-1,109
1,<environment.Job instance at 0x7f84233f1370>,65,26,[12  1],66,-1,172,-1,146
1,<environment.Job instance at 0x7f84233f14b0>,70,27,[ 4 12],71,-1,186,-1,159
1,<environment.Job instance at 0x7f84233f1690>,71,28,[11  3],72,-1,187,-1,159
1,<environment.Job instance at 0x7f84233f1a00>,72,24,[ 3 12],73,-1,183,-1,159
1,<environment.Job instance at 0x7f84233f1730>,73,14,[ 3 12],74,-1,173,-1,159
1,<environment.Job instance at 0x7f84233f1870>,74,13,[12  5],75,-1,172,-1,159
1,<environment.Job instance at 0x7f84233f1500>,75,13,[12  1],76,-1,172,-1,159
1,<environment.Job instance at 0x7f84233f17d0>,76,18,[ 4 12],77,-1,177,-1,159
1,<environment.Job instance at 0x7f84233f1dc0>,77,12,[13  3],78,-1,171,-1,159
1,<environment.Job instance at 0x7f84233f1e10>,78,28,[14  1],79,-1,187,-1,159
1,<environment.Job instance at 0x7f84233f1140>,81,18,[ 1 11],82,-1,189,-1,171
1,<environment.Job instance at 0x7f84233f1e60>,84,24,[14  4],85,-1,207,-1,183
1,<environment.Job instance at 0x7f8422fe0780>,87,24,[11  1],88,-1,213,-1,189
1,<environment.Job instance at 0x7f8422fe0690>,88,26,[2 7],89,-1,215,-1,189
1,<environment.Job instance at 0x7f8422fe0190>,89,24,[14  2],90,-1,213,-1,189
1,<environment.Job instance at 0x7f8422fe0e10>,90,23,[ 2 11],91,-1,212,-1,189
1,<environment.Job instance at 0x7f8422fe0f00>,91,28,[ 1 11],92,-1,217,-1,189
1,<environment.Job instance at 0x7f84229cbaf0>,1,19,[ 3 13],2,-1,21,-1,2
1,<environment.Job instance at 0x7f84221d3500>,4,12,[12  2],5,-1,17,-1,5
1,<environment.Job instance at 0x7f84221d3960>,5,24,[5 8],6,-1,30,-1,6
1,<environment.Job instance at 0x7f842c00bdc0>,6,26,[ 4 11],7,-1,33,-1,7
1,<environment.Job instance at 0x7f842c00b500>,7,13,[ 2 12],8,-1,21,-1,8
1,<environment.Job instance at 0x7f842c00be10>,8,25,[9 4],9,-1,34,-1,9
1,<environment.Job instance at 0x7f842c00baa0>,9,26,[ 2 13],10,-1,36,-1,10
1,<environment.Job instance at 0x7f8422fa9460>,16,15,[ 3 12],17,-1,42,-1,27
1,<environment.Job instance at 0x7f8422fa9050>,22,23,[ 2 11],23,-1,100,-1,77
1,<environment.Job instance at 0x7f8422fa9640>,23,13,[14  4],24,-1,90,-1,77
1,<environment.Job instance at 0x7f8422fa98c0>,24,14,[13  2],25,-1,91,-1,77
1,<environment.Job instance at 0x7f8422fa9dc0>,25,22,[ 5 12],26,-1,99,-1,77
1,<environment.Job instance at 0x7f8422fa94b0>,26,23,[ 2 12],27,-1,100,-1,77
1,<environment.Job instance at 0x7f8422fa91e0>,27,26,[6 3],28,-1,103,-1,77
1,<environment.Job instance at 0x7f8422fa9c80>,28,25,[ 2 14],29,-1,102,-1,77
1,<environment.Job instance at 0x7f8422fa9370>,30,18,[13  5],31,-1,97,-1,79
1,<environment.Job instance at 0x7f84224f9050>,33,13,[12  5],34,-1,109,-1,96
1,<environment.Job instance at 0x7f84224f9b90>,34,22,[14  3],35,-1,118,-1,96
1,<environment.Job instance at 0x7f84224f9870>,35,14,[ 2 11],36,-1,110,-1,96
1,<environment.Job instance at 0x7f84224f97d0>,36,13,[ 5 11],37,-1,109,-1,96
1,<environment.Job instance at 0x7f84236dc5a0>,38,27,[4 5],39,-1,133,-1,106
1,<environment.Job instance at 0x7f84236dc280>,40,13,[ 3 13],41,-1,122,-1,109
1,<environment.Job instance at 0x7f842c0752d0>,43,17,[13  5],44,-1,159,-1,142
1,<environment.Job instance at 0x7f842c075780>,44,25,[11  3],45,-1,167,-1,142
1,<environment.Job instance at 0x7f842c075aa0>,45,16,[11  1],46,-1,158,-1,142
1,<environment.Job instance at 0x7f842c075820>,47,13,[ 5 12],48,-1,172,-1,159
1,<environment.Job instance at 0x7f842c075230>,48,25,[1 6],49,-1,184,-1,159
1,<environment.Job instance at 0x7f842c0750f0>,49,21,[ 4 13],50,-1,180,-1,159
1,<environment.Job instance at 0x7f842c075460>,50,19,[11  3],51,-1,178,-1,159
1,<environment.Job instance at 0x7f842c075c80>,51,14,[ 1 11],52,-1,173,-1,159
1,<environment.Job instance at 0x7f842c075b90>,52,25,[ 1 12],53,-1,184,-1,159
1,<environment.Job instance at 0x7f842c075f50>,53,20,[12  4],54,-1,179,-1,159
1,<environment.Job instance at 0x7f842c075a50>,54,23,[5 1],55,-1,182,-1,159
1,<environment.Job instance at 0x7f842c075140>,56,23,[ 2 14],57,-1,200,-1,177
1,<environment.Job instance at 0x7f842c075050>,57,27,[ 3 13],58,-1,204,-1,177
1,<environment.Job instance at 0x7f842c0758c0>,58,12,[ 2 13],59,-1,189,-1,177
1,<environment.Job instance at 0x7f842c075640>,59,19,[ 1 14],60,-1,196,-1,177
1,<environment.Job instance at 0x7f842c075640>,4,14,[12  3],5,-1,19,-1,5
1,<environment.Job instance at 0x7f8423917e60>,6,14,[ 4 14],7,-1,21,-1,7
1,<environment.Job instance at 0x7f8423917c80>,7,25,[10  4],8,-1,33,-1,8
1,<environment.Job instance at 0x7f8423917fa0>,11,27,[11  4],12,-1,39,-1,12
1,<environment.Job instance at 0x7f8423903370>,14,25,[14  5],15,-1,54,-1,29
1,<environment.Job instance at 0x7f8423903280>,16,15,[ 3 14],17,-1,51,-1,36
1,<environment.Job instance at 0x7f84239035f0>,17,15,[13  3],18,-1,51,-1,36
1,<environment.Job instance at 0x7f8423903500>,18,26,[4 6],19,-1,62,-1,36
1,<environment.Job instance at 0x7f84239037d0>,21,14,[ 5 13],22,-1,55,-1,41
1,<environment.Job instance at 0x7f8423903b90>,27,13,[ 1 11],28,-1,104,-1,91
1,<environment.Job instance at 0x7f8423903d20>,32,15,[13  2],33,-1,131,-1,116
1,<environment.Job instance at 0x7f8423903f50>,33,23,[ 1 10],34,-1,139,-1,116
1,<environment.Job instance at 0x7f8423903fa0>,34,16,[ 1 12],35,-1,132,-1,116
1,<environment.Job instance at 0x7f84238ed050>,35,24,[10  2],36,-1,140,-1,116
1,<environment.Job instance at 0x7f84238ed1e0>,36,24,[ 1 10],37,-1,140,-1,116
1,<environment.Job instance at 0x7f84238ed190>,38,16,[12  1],39,-1,133,-1,117
1,<environment.Job instance at 0x7f84238ed460>,40,15,[13  3],41,-1,147,-1,132
1,<environment.Job instance at 0x7f84238ed5a0>,42,17,[ 5 13],43,-1,155,-1,138
1,<environment.Job instance at 0x7f84238ed6e0>,43,22,[14  1],44,-1,160,-1,138
1,<environment.Job instance at 0x7f84238ed7d0>,45,24,[14  5],46,-1,170,-1,146
1,<environment.Job instance at 0x7f84238ed8c0>,46,25,[ 3 14],47,-1,171,-1,146
1,<environment.Job instance at 0x7f84238ed910>,47,25,[6 2],48,-1,171,-1,146
1,<environment.Job instance at 0x7f84238ede10>,52,17,[14  4],53,-1,199,-1,182
1,<environment.Job instance at 0x7f84238edeb0>,53,27,[2 7],54,-1,209,-1,182
1,<environment.Job instance at 0x7f84228b0a00>,1,16,[ 5 11],2,-1,18,-1,2
1,<environment.Job instance at 0x7f84222eb9b0>,3,28,[9 1],4,-1,32,-1,4
1,<environment.Job instance at 0x7f84238edd20>,4,16,[12  1],5,-1,21,-1,5
1,<environment.Job instance at 0x7f8422ad27d0>,9,22,[1 7],10,-1,34,-1,12
1,<environment.Job instance at 0x7f8422ad2d70>,10,19,[14  5],11,-1,31,-1,12
1,<environment.Job instance at 0x7f8422ad2b90>,11,18,[ 3 12],12,-1,30,-1,12
1,<environment.Job instance at 0x7f8422ad29b0>,13,23,[ 3 11],14,-1,39,-1,16
1,<environment.Job instance at 0x7f8422ad2f50>,14,26,[8 3],15,-1,42,-1,16
1,<environment.Job instance at 0x7f8422ad2a00>,16,21,[14  4],17,-1,48,-1,27
1,<environment.Job instance at 0x7f8422ad24b0>,17,12,[1 5],18,-1,39,-1,27
1,<environment.Job instance at 0x7f8422ad20f0>,18,26,[10  1],19,-1,53,-1,27
1,<environment.Job instance at 0x7f842282a3c0>,20,20,[11  5],21,-1,62,-1,42
1,<environment.Job instance at 0x7f842282a370>,21,12,[ 4 13],22,-1,54,-1,42
1,<environment.Job instance at 0x7f842282aeb0>,22,28,[ 5 13],23,-1,70,-1,42
1,<environment.Job instance at 0x7f842282a4b0>,23,16,[ 2 10],24,-1,58,-1,42
1,<environment.Job instance at 0x7f842282a780>,24,13,[ 3 11],25,-1,55,-1,42
1,<environment.Job instance at 0x7f842282af50>,25,21,[3 5],26,-1,63,-1,42
1,<environment.Job instance at 0x7f842282aa00>,26,13,[ 4 10],27,-1,55,-1,42
1,<environment.Job instance at 0x7f842282a280>,27,23,[ 1 11],28,-1,65,-1,42
1,<environment.Job instance at 0x7f842282a2d0>,28,18,[ 2 10],29,-1,60,-1,42
1,<environment.Job instance at 0x7f8423a66780>,29,18,[ 1 11],30,-1,60,-1,42
1,<environment.Job instance at 0x7f84224ad140>,30,22,[ 4 13],31,-1,64,-1,42
1,<environment.Job instance at 0x7f8422c4e1e0>,31,24,[11  1],32,-1,66,-1,42
1,<environment.Job instance at 0x7f84224adc30>,32,12,[3 8],33,-1,54,-1,42
1,<environment.Job instance at 0x7f8422aeb4b0>,33,18,[12  4],34,-1,60,-1,42
1,<environment.Job instance at 0x7f8422125f50>,34,13,[12  5],35,-1,55,-1,42
1,<environment.Job instance at 0x7f842216ae60>,35,19,[5 1],36,-1,61,-1,42
1,<environment.Job instance at 0x7f8422430050>,36,19,[ 1 12],37,-1,61,-1,42
1,<environment.Job instance at 0x7f84230f7af0>,37,26,[8 2],38,-1,68,-1,42
1,<environment.Job instance at 0x7f8422430870>,38,12,[9 2],39,-1,54,-1,42
1,<environment.Job instance at 0x7f8423a556e0>,40,25,[5 5],41,-1,67,-1,42
1,<environment.Job instance at 0x7f8423738e60>,41,17,[ 1 14],42,-1,59,-1,42
1,<environment.Job instance at 0x7f8422d31aa0>,43,17,[ 3 14],44,-1,76,-1,59
1,<environment.Job instance at 0x7f842361b140>,45,16,[11  5],46,-1,75,-1,59
1,<environment.Job instance at 0x7f842361b640>,46,28,[ 2 12],47,-1,87,-1,59
1,<environment.Job instance at 0x7f842361bc30>,47,17,[ 4 14],48,-1,76,-1,59
1,<environment.Job instance at 0x7f842c0af640>,49,23,[13  5],50,-1,82,-1,59
1,<environment.Job instance at 0x7f842c0af280>,50,25,[ 4 14],51,-1,84,-1,59
1,<environment.Job instance at 0x7f842c0af7d0>,51,26,[ 1 12],52,-1,85,-1,59
1,<environment.Job instance at 0x7f8422513730>,52,12,[6 2],53,-1,71,-1,59
1,<environment.Job instance at 0x7f84225130a0>,53,18,[14  3],54,-1,77,-1,59
1,<environment.Job instance at 0x7f842c0af730>,54,23,[1 9],55,-1,82,-1,59
1,<environment.Job instance at 0x7f8422caee10>,55,12,[13  4],56,-1,71,-1,59
1,<environment.Job instance at 0x7f8422525050>,56,28,[ 3 10],57,-1,87,-1,59
1,<environment.Job instance at 0x7f8422525a50>,57,23,[4 5],58,-1,82,-1,59
1,<environment.Job instance at 0x7f842270f1e0>,58,12,[2 5],59,-1,79,-1,67
1,<environment.Job instance at 0x7f842270fbe0>,59,12,[13  3],60,-1,79,-1,67
1,<environment.Job instance at 0x7f842270f730>,60,26,[7 5],61,-1,93,-1,67
1,<environment.Job instance at 0x7f8422eea140>,61,24,[ 5 14],62,-1,91,-1,67
1,<environment.Job instance at 0x7f8422eea5a0>,62,12,[14  2],63,-1,79,-1,67
1,<environment.Job instance at 0x7f8422eea8c0>,63,21,[ 5 12],64,-1,88,-1,67
1,<environment.Job instance at 0x7f8422eea410>,64,15,[ 5 11],65,-1,82,-1,67
1,<environment.Job instance at 0x7f84224f4e60>,66,15,[ 5 12],67,-1,87,-1,72
1,<environment.Job instance at 0x7f8422e63a00>,68,22,[ 3 13],69,-1,94,-1,72
1,<environment.Job instance at 0x7f8422e5c7d0>,70,24,[ 4 12],71,-1,108,-1,84
1,<environment.Job instance at 0x7f8422e5c5a0>,71,18,[ 5 14],72,-1,102,-1,84
1,<environment.Job instance at 0x7f84233b2780>,73,14,[5 1],74,-1,103,-1,89
1,<environment.Job instance at 0x7f8423b352d0>,74,26,[ 5 10],75,-1,115,-1,89
1,<environment.Job instance at 0x7f8423b350f0>,75,18,[12  1],76,-1,107,-1,89
1,<environment.Job instance at 0x7f8423b35e10>,76,15,[11  2],77,-1,104,-1,89
1,<environment.Job instance at 0x7f8423b35640>,77,25,[4 6],78,-1,114,-1,89
1,<environment.Job instance at 0x7f8423b35140>,79,17,[1 6],80,-1,115,-1,98
1,<environment.Job instance at 0x7f8422ab03c0>,80,23,[ 2 14],81,-1,121,-1,98
1,<environment.Job instance at 0x7f8422ab0190>,81,22,[5 4],82,-1,120,-1,98
1,<environment.Job instance at 0x7f8422ab0fa0>,83,18,[12  5],84,-1,123,-1,105
1,<environment.Job instance at 0x7f8422ab0640>,84,13,[6 3],85,-1,119,-1,106
1,<environment.Job instance at 0x7f8422ab0be0>,85,15,[13  3],86,-1,121,-1,106
1,<environment.Job instance at 0x7f84236c9a00>,86,24,[ 4 14],87,-1,130,-1,106
1,<environment.Job instance at 0x7f84236c9280>,87,17,[13  5],88,-1,123,-1,106
1,<environment.Job instance at 0x7f84236c9f00>,88,22,[ 3 14],89,-1,128,-1,106
1,<environment.Job instance at 0x7f8422845550>,89,13,[11  2],90,-1,119,-1,106
1,<environment.Job instance at 0x7f84228f3eb0>,91,19,[1 7],92,-1,140,-1,121
1,<environment.Job instance at 0x7f8422845820>,93,28,[ 1 13],94,-1,149,-1,121
1,<environment.Job instance at 0x7f8422d09eb0>,94,18,[11  5],95,-1,139,-1,121
1,<environment.Job instance at 0x7f8422d092d0>,95,12,[3 7],96,-1,133,-1,121
1,<environment.Job instance at 0x7f8422d095f0>,96,17,[2 5],97,-1,138,-1,121
1,<environment.Job instance at 0x7f8422d09d20>,97,24,[14  3],98,-1,145,-1,121
1,<environment.Job instance at 0x7f8422dbc730>,99,22,[13  5],100,-1,160,-1,138
1,<environment.Job instance at 0x7f8422d09d70>,100,23,[14  2],101,-1,161,-1,138
1,<environment.Job instance at 0x7f8422e61f00>,102,21,[5 5],103,-1,180,-1,159
1,<environment.Job instance at 0x7f84235f8870>,103,20,[ 1 11],104,-1,179,-1,159
1,<environment.Job instance at 0x7f84228315a0>,105,23,[3 7],106,-1,182,-1,159
1,<environment.Job instance at 0x7f8422831e10>,106,24,[5 5],107,-1,183,-1,159
1,<environment.Job instance at 0x7f8422817370>,107,21,[7 2],108,-1,180,-1,159
1,<environment.Job instance at 0x7f8422817dc0>,108,28,[5 5],109,-1,187,-1,159
1,<environment.Job instance at 0x7f8422817780>,109,16,[14  3],110,-1,175,-1,159
1,<environment.Job instance at 0x7f84238a54b0>,110,12,[ 2 10],111,-1,171,-1,159
1,<environment.Job instance at 0x7f8422ac7820>,111,21,[1 5],112,-1,180,-1,159
1,<environment.Job instance at 0x7f8422105280>,112,25,[9 5],113,-1,184,-1,159
1,<environment.Job instance at 0x7f8422425b40>,113,28,[11  2],114,-1,187,-1,159
1,<environment.Job instance at 0x7f8422a84960>,114,28,[ 5 13],115,-1,187,-1,159
1,<environment.Job instance at 0x7f8422a84f00>,115,22,[5 8],116,-1,181,-1,159
1,<environment.Job instance at 0x7f8422a996e0>,116,17,[12  4],117,-1,176,-1,159
1,<environment.Job instance at 0x7f8422a99320>,117,22,[ 4 13],118,-1,181,-1,159
1,<environment.Job instance at 0x7f8422a99f00>,119,18,[ 1 11],120,-1,192,-1,174
1,<environment.Job instance at 0x7f8422757140>,120,14,[11  2],121,-1,188,-1,174
1,<environment.Job instance at 0x7f8422c79a00>,121,18,[11  1],122,-1,192,-1,174
1,<environment.Job instance at 0x7f8422757f00>,122,13,[ 2 11],123,-1,187,-1,174
1,<environment.Job instance at 0x7f84235fd870>,123,21,[11  2],124,-1,195,-1,174
1,<environment.Job instance at 0x7f8422830550>,124,12,[12  1],125,-1,186,-1,174
1,<environment.Job instance at 0x7f8422ad1190>,125,13,[ 2 10],126,-1,187,-1,174
1,<environment.Job instance at 0x7f8422ad1690>,126,13,[1 6],127,-1,187,-1,174
1,<environment.Job instance at 0x7f8422830aa0>,127,24,[5 9],128,-1,198,-1,174
1,<environment.Job instance at 0x7f842283ccd0>,128,13,[12  4],129,-1,187,-1,174
1,<environment.Job instance at 0x7f842283ce10>,129,25,[8 5],130,-1,199,-1,174
1,<environment.Job instance at 0x7f8423903cd0>,3,22,[ 1 12],4,-1,26,-1,4
1,<environment.Job instance at 0x7f842225d410>,5,13,[12  1],6,-1,19,-1,6
1,<environment.Job instance at 0x7f842225de60>,6,23,[5 6],7,-1,31,-1,8
1,<environment.Job instance at 0x7f842225d690>,9,14,[11  4],10,-1,24,-1,10
1,<environment.Job instance at 0x7f842225d550>,10,24,[ 4 13],11,-1,35,-1,11
1,<environment.Job instance at 0x7f8422793d20>,11,12,[3 6],12,-1,29,-1,17
1,<environment.Job instance at 0x7f84227938c0>,13,15,[ 2 11],14,-1,32,-1,17
1,<environment.Job instance at 0x7f8422793a00>,14,13,[ 2 12],15,-1,30,-1,17
1,<environment.Job instance at 0x7f8422793be0>,15,26,[5 5],16,-1,43,-1,17
1,<environment.Job instance at 0x7f8422793aa0>,16,25,[1 6],17,-1,42,-1,17
1,<environment.Job instance at 0x7f8422793b40>,18,19,[14  1],19,-1,38,-1,19
1,<environment.Job instance at 0x7f8422793f50>,19,28,[14  2],20,-1,48,-1,20
1,<environment.Job instance at 0x7f8422793690>,20,18,[13  5],21,-1,39,-1,21
1,<environment.Job instance at 0x7f8422793fa0>,21,20,[ 3 12],22,-1,42,-1,22
1,<environment.Job instance at 0x7f8422793230>,22,26,[2 7],23,-1,49,-1,23
1,<environment.Job instance at 0x7f8422793140>,24,20,[7 1],25,-1,46,-1,26
1,<environment.Job instance at 0x7f84227930a0>,25,14,[ 2 12],26,-1,40,-1,26
1,<environment.Job instance at 0x7f8422793c30>,26,17,[14  1],27,-1,44,-1,27
1,<environment.Job instance at 0x7f842220e190>,28,23,[ 2 11],29,-1,52,-1,29
1,<environment.Job instance at 0x7f842220e050>,29,13,[1 9],30,-1,43,-1,30
1,<environment.Job instance at 0x7f842220e460>,32,12,[13  1],33,-1,48,-1,36
1,<environment.Job instance at 0x7f842220e0a0>,34,28,[6 5],35,-1,77,-1,49
1,<environment.Job instance at 0x7f842220ee60>,35,21,[1 9],36,-1,70,-1,49
1,<environment.Job instance at 0x7f842220eeb0>,36,26,[ 3 11],37,-1,75,-1,49
1,<environment.Job instance at 0x7f842220efa0>,37,20,[5 1],38,-1,69,-1,49
1,<environment.Job instance at 0x7f842220e9b0>,38,25,[9 2],39,-1,74,-1,49
1,<environment.Job instance at 0x7f842220ed70>,39,27,[5 7],40,-1,76,-1,49
1,<environment.Job instance at 0x7f842220e410>,40,26,[ 4 14],41,-1,75,-1,49
1,<environment.Job instance at 0x7f842220ea50>,42,26,[5 9],43,-1,88,-1,62
1,<environment.Job instance at 0x7f842220ea00>,43,24,[6 5],44,-1,86,-1,62
1,<environment.Job instance at 0x7f842c067500>,44,13,[7 4],45,-1,75,-1,62
1,<environment.Job instance at 0x7f842c067b90>,46,26,[ 4 13],47,-1,104,-1,78
1,<environment.Job instance at 0x7f842c067320>,47,17,[1 7],48,-1,95,-1,78
1,<environment.Job instance at 0x7f842c067370>,48,23,[9 4],49,-1,101,-1,78
1,<environment.Job instance at 0x7f8422e71eb0>,49,23,[1 6],50,-1,101,-1,78
1,<environment.Job instance at 0x7f84226ee730>,50,24,[1 7],51,-1,102,-1,78
1,<environment.Job instance at 0x7f84226ee280>,51,26,[5 9],52,-1,104,-1,78
1,<environment.Job instance at 0x7f84226ee870>,52,27,[14  5],53,-1,105,-1,78
1,<environment.Job instance at 0x7f84226eef00>,53,17,[8 3],54,-1,95,-1,78
1,<environment.Job instance at 0x7f84226ee640>,54,26,[8 1],55,-1,104,-1,78
1,<environment.Job instance at 0x7f84226eeb40>,55,25,[ 5 13],56,-1,103,-1,78
1,<environment.Job instance at 0x7f8422a6dd70>,56,17,[5 7],57,-1,95,-1,78
1,<environment.Job instance at 0x7f8422a6d870>,57,14,[9 2],58,-1,92,-1,78
1,<environment.Job instance at 0x7f8422a6ddc0>,58,13,[ 5 12],59,-1,91,-1,78
1,<environment.Job instance at 0x7f8422a6d190>,59,14,[6 3],60,-1,92,-1,78
1,<environment.Job instance at 0x7f8422a6df50>,61,24,[ 4 11],62,-1,105,-1,81
1,<environment.Job instance at 0x7f84221a1dc0>,62,12,[ 2 12],63,-1,93,-1,81
1,<environment.Job instance at 0x7f8422a6d500>,63,21,[14  1],64,-1,102,-1,81
1,<environment.Job instance at 0x7f8422a6d460>,64,16,[2 5],65,-1,97,-1,81
1,<environment.Job instance at 0x7f8422a6dc80>,65,19,[2 5],66,-1,100,-1,81
1,<environment.Job instance at 0x7f8422f4cc30>,66,21,[ 3 10],67,-1,102,-1,81
1,<environment.Job instance at 0x7f84222533c0>,67,14,[ 4 11],68,-1,95,-1,81
1,<environment.Job instance at 0x7f84222537d0>,68,12,[5 2],69,-1,93,-1,81
1,<environment.Job instance at 0x7f8422253eb0>,69,21,[1 8],70,-1,102,-1,81
1,<environment.Job instance at 0x7f8422a81a50>,70,16,[13  5],71,-1,97,-1,81
1,<environment.Job instance at 0x7f8422253cd0>,71,13,[7 3],72,-1,94,-1,81
1,<environment.Job instance at 0x7f8422d09e10>,73,22,[ 3 11],74,-1,120,-1,98
1,<environment.Job instance at 0x7f8422a68fa0>,74,25,[8 1],75,-1,123,-1,98
1,<environment.Job instance at 0x7f84226f0d70>,75,28,[ 2 14],76,-1,126,-1,98
1,<environment.Job instance at 0x7f8422396550>,76,12,[11  2],77,-1,110,-1,98
1,<environment.Job instance at 0x7f84235974b0>,77,26,[11  1],78,-1,124,-1,98
1,<environment.Job instance at 0x7f84226742d0>,78,15,[7 3],79,-1,113,-1,98
1,<environment.Job instance at 0x7f8422e791e0>,79,18,[8 1],80,-1,116,-1,98
1,<environment.Job instance at 0x7f8423835a00>,80,26,[ 2 14],81,-1,124,-1,98
1,<environment.Job instance at 0x7f84235740a0>,81,16,[ 4 13],82,-1,114,-1,98
1,<environment.Job instance at 0x7f8422254f50>,82,17,[6 1],83,-1,115,-1,98
1,<environment.Job instance at 0x7f842229d820>,83,26,[11  1],84,-1,124,-1,98
1,<environment.Job instance at 0x7f8422d1ce60>,84,25,[9 4],85,-1,123,-1,98
1,<environment.Job instance at 0x7f8422d1c6e0>,85,27,[ 4 12],86,-1,125,-1,98
1,<environment.Job instance at 0x7f84235896e0>,86,13,[14  3],87,-1,111,-1,98
1,<environment.Job instance at 0x7f8422e3deb0>,87,28,[6 2],88,-1,126,-1,98
1,<environment.Job instance at 0x7f842366ab90>,88,25,[7 4],89,-1,123,-1,98
1,<environment.Job instance at 0x7f84224adb40>,89,28,[3 5],90,-1,126,-1,98
1,<environment.Job instance at 0x7f84224ad050>,90,15,[13  4],91,-1,113,-1,98
1,<environment.Job instance at 0x7f84235a5a50>,91,26,[4 6],92,-1,124,-1,98
1,<environment.Job instance at 0x7f84235a5910>,92,16,[3 9],93,-1,115,-1,99
1,<environment.Job instance at 0x7f8422dd35f0>,93,24,[ 4 12],94,-1,123,-1,99
1,<environment.Job instance at 0x7f84225f1230>,94,13,[10  3],95,-1,112,-1,99
1,<environment.Job instance at 0x7f84235a5280>,95,16,[14  1],96,-1,115,-1,99
1,<environment.Job instance at 0x7f8423330af0>,96,12,[11  2],97,-1,111,-1,99
1,<environment.Job instance at 0x7f8423a55f50>,97,20,[ 2 11],98,-1,119,-1,99
1,<environment.Job instance at 0x7f84235a50f0>,98,12,[2 7],99,-1,111,-1,99
1,<environment.Job instance at 0x7f8423097140>,99,27,[9 5],100,-1,127,-1,100
1,<environment.Job instance at 0x7f84238ed280>,100,26,[1 5],101,-1,127,-1,101
1,<environment.Job instance at 0x7f84238eda50>,101,20,[ 1 14],102,-1,122,-1,102
1,<environment.Job instance at 0x7f84238edf00>,102,23,[5 3],103,-1,126,-1,103
1,<environment.Job instance at 0x7f84238ed370>,103,27,[10  4],104,-1,131,-1,104
1,<environment.Job instance at 0x7f84238edaf0>,104,24,[14  1],105,-1,129,-1,105
1,<environment.Job instance at 0x7f84238ed3c0>,105,13,[ 5 14],106,-1,119,-1,106
1,<environment.Job instance at 0x7f84238edc30>,106,26,[ 3 12],107,-1,133,-1,107
1,<environment.Job instance at 0x7f84238ed5a0>,107,20,[ 1 12],108,-1,128,-1,108
1,<environment.Job instance at 0x7f84238ed910>,108,26,[12  5],109,-1,135,-1,109
1,<environment.Job instance at 0x7f84238edb40>,109,18,[ 1 11],110,-1,128,-1,110
1,<environment.Job instance at 0x7f84238ed2d0>,110,20,[ 4 13],111,-1,131,-1,111
1,<environment.Job instance at 0x7f8423a66d70>,111,24,[13  2],112,-1,136,-1,112
1,<environment.Job instance at 0x7f8423a66c80>,112,17,[ 4 11],113,-1,130,-1,113
1,<environment.Job instance at 0x7f8423a66230>,113,14,[14  3],114,-1,128,-1,114
1,<environment.Job instance at 0x7f8423a66910>,115,28,[1 5],116,-1,144,-1,116
1,<environment.Job instance at 0x7f8423a66460>,116,19,[ 3 13],117,-1,136,-1,117
1,<environment.Job instance at 0x7f8423a66280>,117,27,[4 5],118,-1,145,-1,118
1,<environment.Job instance at 0x7f8423a66730>,118,20,[12  2],119,-1,139,-1,119
1,<environment.Job instance at 0x7f84230f7960>,123,18,[ 4 11],124,-1,149,-1,131
1,<environment.Job instance at 0x7f84230f71e0>,124,12,[ 5 10],125,-1,143,-1,131
1,<environment.Job instance at 0x7f84230f7be0>,125,16,[13  5],126,-1,147,-1,131
1,<environment.Job instance at 0x7f8423830820>,127,13,[7 2],128,-1,144,-1,131
1,<environment.Job instance at 0x7f8423830af0>,129,25,[3 5],130,-1,173,-1,148
1,<environment.Job instance at 0x7f8423830370>,131,12,[3 7],132,-1,160,-1,148
1,<environment.Job instance at 0x7f8423830050>,132,19,[12  4],133,-1,167,-1,148
1,<environment.Job instance at 0x7f8423830b40>,133,24,[ 5 13],134,-1,172,-1,148
1,<environment.Job instance at 0x7f84238303c0>,134,13,[2 7],135,-1,161,-1,148
1,<environment.Job instance at 0x7f8422ba5460>,136,14,[2 5],137,-1,177,-1,163
1,<environment.Job instance at 0x7f8422ba5c80>,137,14,[7 5],138,-1,177,-1,163
1,<environment.Job instance at 0x7f8422ba5370>,138,23,[ 1 12],139,-1,186,-1,163
1,<environment.Job instance at 0x7f8422ba5a00>,139,13,[5 2],140,-1,176,-1,163
1,<environment.Job instance at 0x7f8422ba5e60>,140,13,[ 5 10],141,-1,176,-1,163
1,<environment.Job instance at 0x7f842220e3c0>,1,20,[12  2],2,-1,22,-1,2
1,<environment.Job instance at 0x7f8422232910>,5,20,[ 1 14],6,-1,26,-1,6
1,<environment.Job instance at 0x7f84230f7500>,6,28,[ 2 12],7,-1,35,-1,7
1,<environment.Job instance at 0x7f842c0ee1e0>,7,17,[ 5 14],8,-1,25,-1,8
1,<environment.Job instance at 0x7f842c0ee870>,8,22,[ 2 13],9,-1,31,-1,9
1,<environment.Job instance at 0x7f842c0ee0f0>,9,15,[ 3 12],10,-1,25,-1,10
1,<environment.Job instance at 0x7f84229ce7d0>,11,20,[13  1],12,-1,32,-1,12
1,<environment.Job instance at 0x7f842c0ee6e0>,12,25,[14  4],13,-1,38,-1,13
1,<environment.Job instance at 0x7f842c0eeb90>,13,27,[13  3],14,-1,41,-1,14
1,<environment.Job instance at 0x7f842c0eec80>,10,25,[1 7],11,-1,39,-1,14
1,<environment.Job instance at 0x7f842c0ee3c0>,14,21,[ 1 11],15,-1,36,-1,15
1,<environment.Job instance at 0x7f8422a99dc0>,15,14,[ 4 13],16,-1,30,-1,16
1,<environment.Job instance at 0x7f8422a99370>,18,25,[7 3],19,-1,44,-1,19
1,<environment.Job instance at 0x7f8422a99aa0>,20,26,[ 5 14],21,-1,47,-1,21
1,<environment.Job instance at 0x7f8422a99c30>,21,24,[12  2],22,-1,46,-1,22
1,<environment.Job instance at 0x7f8422a99f00>,22,28,[8 4],23,-1,52,-1,24
1,<environment.Job instance at 0x7f8422a99fa0>,24,14,[13  2],25,-1,39,-1,25
1,<environment.Job instance at 0x7f8422a99a50>,25,25,[ 1 14],26,-1,51,-1,26
1,<environment.Job instance at 0x7f8422a992d0>,30,12,[14  2],31,-1,51,-1,39
1,<environment.Job instance at 0x7f8422525a50>,33,12,[13  2],34,-1,71,-1,59
1,<environment.Job instance at 0x7f8422525370>,35,16,[13  3],36,-1,90,-1,74
1,<environment.Job instance at 0x7f8422525550>,38,15,[ 5 11],39,-1,113,-1,98
1,<environment.Job instance at 0x7f8422525730>,42,26,[3 6],43,-1,140,-1,114
1,<environment.Job instance at 0x7f8422105f50>,43,15,[11  5],44,-1,138,-1,123
1,<environment.Job instance at 0x7f84221055a0>,46,21,[13  5],47,-1,151,-1,130
1,<environment.Job instance at 0x7f8422105a50>,47,15,[13  1],48,-1,145,-1,130
1,<environment.Job instance at 0x7f8422105cd0>,48,18,[12  3],49,-1,148,-1,130
1,<environment.Job instance at 0x7f8422105b90>,49,24,[ 2 14],50,-1,154,-1,130
1,<environment.Job instance at 0x7f8422105eb0>,50,12,[ 4 11],51,-1,142,-1,130
1,<environment.Job instance at 0x7f8422105370>,52,22,[13  3],53,-1,166,-1,144
1,<environment.Job instance at 0x7f84221052d0>,53,25,[6 1],54,-1,169,-1,144
1,<environment.Job instance at 0x7f8422105d20>,55,25,[4 8],56,-1,170,-1,145
1,<environment.Job instance at 0x7f8422105550>,59,27,[4 8],60,-1,195,-1,168
1,<environment.Job instance at 0x7f84222eb7d0>,61,27,[8 4],62,-1,213,-1,186
1,<environment.Job instance at 0x7fa9b7c14be0>,3,26,[11  4],4,-1,30,-1,4
1,<environment.Job instance at 0x7fa9b7c14d20>,5,24,[1 5],6,-1,31,-1,7
1,<environment.Job instance at 0x7fa9b7c14fa0>,7,25,[6 2],8,-1,33,-1,8
1,<environment.Job instance at 0x7fa9b7b92050>,8,22,[14  3],9,-1,31,-1,9
1,<environment.Job instance at 0x7fa9b7b920f0>,9,18,[ 2 13],10,-1,28,-1,10
1,<environment.Job instance at 0x7fa9b7b92190>,10,18,[ 3 11],11,-1,29,-1,11
1,<environment.Job instance at 0x7fa9b7b92230>,11,26,[4 8],12,-1,38,-1,12
1,<environment.Job instance at 0x7fa9b7c14cd0>,12,26,[ 1 12],13,-1,39,-1,13
1,<environment.Job instance at 0x7fa9b7b92410>,13,18,[ 4 14],14,-1,32,-1,14
1,<environment.Job instance at 0x7fa9b7b92500>,15,18,[ 2 14],16,-1,34,-1,16
1,<environment.Job instance at 0x7fa9b7b92550>,17,28,[ 5 10],18,-1,46,-1,18
1,<environment.Job instance at 0x7fa9b7b92780>,18,25,[ 4 13],19,-1,44,-1,19
1,<environment.Job instance at 0x7fa9b7b92640>,16,16,[ 3 11],17,-1,35,-1,19
1,<environment.Job instance at 0x7fa9b7b92870>,20,27,[13  5],21,-1,48,-1,21
1,<environment.Job instance at 0x7fa9b7b929b0>,21,26,[ 5 12],22,-1,48,-1,22
1,<environment.Job instance at 0x7fa9b7b928c0>,23,18,[2 7],24,-1,49,-1,31
1,<environment.Job instance at 0x7fa9b7b92c30>,25,23,[ 3 13],26,-1,54,-1,31
1,<environment.Job instance at 0x7fa9b7b92cd0>,26,26,[1 8],27,-1,57,-1,31
1,<environment.Job instance at 0x7fa9b7b92d70>,27,25,[5 7],28,-1,56,-1,31
1,<environment.Job instance at 0x7fa9b7b92e10>,28,25,[ 4 11],29,-1,56,-1,31
1,<environment.Job instance at 0x7fa9b7b92eb0>,29,22,[ 5 13],30,-1,53,-1,31
1,<environment.Job instance at 0x7fa9b7b92fa0>,30,27,[4 8],31,-1,58,-1,31
1,<environment.Job instance at 0x7fa9b7b92f50>,31,20,[11  5],32,-1,52,-1,32
1,<environment.Job instance at 0x7fa9b7b950a0>,32,27,[11  3],33,-1,60,-1,33
1,<environment.Job instance at 0x7fa9b7b951e0>,36,13,[ 3 14],37,-1,62,-1,49
1,<environment.Job instance at 0x7fa9b7b95460>,37,28,[ 2 12],38,-1,77,-1,49
1,<environment.Job instance at 0x7fa9b7b954b0>,38,20,[ 1 10],39,-1,69,-1,49
1,<environment.Job instance at 0x7fa9b7b955f0>,39,24,[5 6],40,-1,73,-1,49
1,<environment.Job instance at 0x7fa9b7b95690>,41,27,[14  1],42,-1,76,-1,49
1,<environment.Job instance at 0x7fa9b7b956e0>,2,27,[8 5],3,-1,30,-1,3
1,<environment.Job instance at 0x7fa9b7cbc460>,4,13,[13  1],5,-1,18,-1,5
1,<environment.Job instance at 0x7fa9b7cbccd0>,5,20,[ 3 13],6,-1,26,-1,6
1,<environment.Job instance at 0x7fa9b7cbcbe0>,7,27,[ 2 14],8,-1,35,-1,8
1,<environment.Job instance at 0x7fa9b7b95690>,10,23,[ 1 11],11,-1,34,-1,11
1,<environment.Job instance at 0x7fa9b7cbcaa0>,11,21,[ 5 13],12,-1,33,-1,12
1,<environment.Job instance at 0x7fa9b758c0f0>,17,27,[ 1 10],18,-1,69,-1,42
1,<environment.Job instance at 0x7fa9b7697230>,18,20,[ 3 12],19,-1,62,-1,42
1,<environment.Job instance at 0x7fa9b7641b40>,19,13,[ 3 12],20,-1,55,-1,42
1,<environment.Job instance at 0x7fa9b750f5f0>,20,21,[12  2],21,-1,63,-1,42
1,<environment.Job instance at 0x7fa9b78901e0>,21,28,[5 1],22,-1,70,-1,42
1,<environment.Job instance at 0x7fa9b73210a0>,22,24,[9 2],23,-1,66,-1,42
1,<environment.Job instance at 0x7fa9b7321320>,23,25,[3 8],24,-1,67,-1,42
1,<environment.Job instance at 0x7fa9b72c4f00>,24,27,[1 6],25,-1,69,-1,42
1,<environment.Job instance at 0x7fa9b7321e10>,25,14,[ 4 11],26,-1,56,-1,42
1,<environment.Job instance at 0x7fa9b72ce5f0>,2,16,[ 3 13],3,-1,19,-1,3
1,<environment.Job instance at 0x7fa9b72523c0>,3,23,[ 5 13],4,-1,27,-1,4
1,<environment.Job instance at 0x7fa9b7252c80>,6,26,[11  4],7,-1,33,-1,7
1,<environment.Job instance at 0x7fa9b72525a0>,7,19,[ 3 12],8,-1,27,-1,8
1,<environment.Job instance at 0x7fa9b72525f0>,12,27,[12  2],13,-1,43,-1,16
1,<environment.Job instance at 0x7fa9b72521e0>,13,15,[12  1],14,-1,31,-1,16
1,<environment.Job instance at 0x7fa9b7252870>,14,14,[ 2 11],15,-1,30,-1,16
1,<environment.Job instance at 0x7fa9b7252730>,16,21,[ 1 12],17,-1,53,-1,32
1,<environment.Job instance at 0x7fa9b7252370>,17,19,[11  2],18,-1,51,-1,32
1,<environment.Job instance at 0x7fa9b72528c0>,18,14,[ 3 14],19,-1,46,-1,32
1,<environment.Job instance at 0x7fa9b77daf50>,4,23,[13  2],5,-1,28,-1,5
1,<environment.Job instance at 0x7fa9b77491e0>,3,27,[9 1],4,-1,32,-1,5
1,<environment.Job instance at 0x7fa9b784e820>,7,26,[4 9],8,-1,34,-1,8
1,<environment.Job instance at 0x7fa9b784e230>,8,25,[13  3],9,-1,34,-1,9
1,<environment.Job instance at 0x7fa9b784ebe0>,10,26,[5 5],11,-1,37,-1,11
1,<environment.Job instance at 0x7fa9b784ee60>,11,24,[4 7],12,-1,36,-1,12
1,<environment.Job instance at 0x7fa9b7f36910>,14,19,[ 3 12],15,-1,34,-1,15
1,<environment.Job instance at 0x7fa9b7f36780>,15,15,[12  5],16,-1,31,-1,16
1,<environment.Job instance at 0x7fa9b777ba00>,19,16,[12  4],20,-1,50,-1,34
1,<environment.Job instance at 0x7fa9b777bfa0>,20,16,[12  5],21,-1,50,-1,34
1,<environment.Job instance at 0x7fa9b784e280>,21,20,[ 1 12],22,-1,54,-1,34
1,<environment.Job instance at 0x7fa9b788e1e0>,22,13,[12  1],23,-1,47,-1,34
1,<environment.Job instance at 0x7fa9b790daa0>,24,17,[ 3 12],25,-1,51,-1,34
1,<environment.Job instance at 0x7fa9b7bae550>,25,16,[13  4],26,-1,50,-1,34
1,<environment.Job instance at 0x7fa9b788ed20>,26,18,[ 1 12],27,-1,52,-1,34
1,<environment.Job instance at 0x7fa9b7375fa0>,28,15,[ 2 14],29,-1,58,-1,43
1,<environment.Job instance at 0x7fa9b716d6e0>,4,28,[8 4],5,-1,33,-1,5
1,<environment.Job instance at 0x7fa9b716d9b0>,7,13,[ 4 12],8,-1,21,-1,8
1,<environment.Job instance at 0x7fa9b716d7d0>,8,18,[12  2],9,-1,27,-1,9
1,<environment.Job instance at 0x7fa9b716d8c0>,6,20,[12  1],7,-1,29,-1,9
1,<environment.Job instance at 0x7fa9b716dc80>,10,25,[7 2],11,-1,44,-1,19
1,<environment.Job instance at 0x7fa9b716dfa0>,16,17,[11  3],17,-1,59,-1,42
1,<environment.Job instance at 0x7fa9b716e230>,19,18,[12  4],20,-1,66,-1,48
1,<environment.Job instance at 0x7fa9b716e230>,4,27,[ 1 10],5,-1,32,-1,5
1,<environment.Job instance at 0x7fa9b75d0730>,8,20,[11  2],9,-1,29,-1,9
1,<environment.Job instance at 0x7fa9b75d0f50>,9,25,[ 2 13],10,-1,35,-1,10
1,<environment.Job instance at 0x7fa9b75d02d0>,12,24,[ 3 13],13,-1,43,-1,19
1,<environment.Job instance at 0x7fa9b75d0aa0>,13,15,[ 2 13],14,-1,34,-1,19
1,<environment.Job instance at 0x7fa9b75d0460>,14,13,[ 5 14],15,-1,32,-1,19
1,<environment.Job instance at 0x7fa9b75d0320>,15,20,[11  2],16,-1,39,-1,19
1,<environment.Job instance at 0x7fa9b75d0c80>,17,21,[ 4 14],18,-1,49,-1,28
1,<environment.Job instance at 0x7fa9b75d0780>,19,15,[14  4],20,-1,50,-1,35
1,<environment.Job instance at 0x7fa9b7c5f410>,3,13,[12  4],4,-1,17,-1,4
1,<environment.Job instance at 0x7fa9b84d6c30>,4,24,[5 5],5,-1,31,-1,7
1,<environment.Job instance at 0x7fa9b84d6a00>,7,22,[3 9],8,-1,56,-1,34
1,<environment.Job instance at 0x7fa9b84d6500>,12,16,[11  1],13,-1,50,-1,34
1,<environment.Job instance at 0x7fa9b84d6e60>,13,25,[2 8],14,-1,59,-1,34
1,<environment.Job instance at 0x7fa9b84d65f0>,14,18,[12  5],15,-1,52,-1,34
1,<environment.Job instance at 0x7fa9b84d68c0>,15,20,[ 5 13],16,-1,54,-1,34
1,<environment.Job instance at 0x7fa9b84d65a0>,16,24,[2 7],17,-1,58,-1,34
1,<environment.Job instance at 0x7fa9b84d6a50>,17,16,[11  2],18,-1,50,-1,34
1,<environment.Job instance at 0x7fa9b7f76640>,18,22,[ 2 12],19,-1,56,-1,34
1,<environment.Job instance at 0x7fa9b7f76460>,19,20,[12  3],20,-1,54,-1,34
1,<environment.Job instance at 0x7fa9b7f76320>,20,19,[12  5],21,-1,53,-1,34
1,<environment.Job instance at 0x7fa9b7f766e0>,22,18,[12  1],23,-1,64,-1,46
1,<environment.Job instance at 0x7fa9b7c5fa50>,1,28,[ 1 13],2,-1,30,-1,2
1,<environment.Job instance at 0x7fa9b7a716e0>,3,22,[12  5],4,-1,27,-1,5
1,<environment.Job instance at 0x7fa9b7a71870>,5,12,[11  5],6,-1,18,-1,6
1,<environment.Job instance at 0x7fa9b7a71aa0>,8,12,[ 5 10],9,-1,29,-1,17
1,<environment.Job instance at 0x7fa9b7a71d20>,12,15,[ 4 12],13,-1,43,-1,28
1,<environment.Job instance at 0x7fa9b7a71dc0>,13,21,[ 3 14],14,-1,49,-1,28
1,<environment.Job instance at 0x7fa9b7a71fa0>,16,28,[6 1],17,-1,59,-1,31
1,<environment.Job instance at 0x7fa9b7a541e0>,18,13,[1 7],19,-1,57,-1,44
1,<environment.Job instance at 0x7fa9b7a54280>,19,27,[ 4 12],20,-1,71,-1,44
1,<environment.Job instance at 0x7fa9b7a54320>,20,25,[12  4],21,-1,69,-1,44
1,<environment.Job instance at 0x7fa9b7a543c0>,21,20,[ 3 14],22,-1,64,-1,44
1,<environment.Job instance at 0x7fa9b7a54460>,22,13,[ 3 14],23,-1,57,-1,44
1,<environment.Job instance at 0x7fa9b7a54500>,23,13,[11  5],24,-1,57,-1,44
1,<environment.Job instance at 0x7fa9b7a545a0>,24,24,[8 4],25,-1,68,-1,44
1,<environment.Job instance at 0x7fa9b7a546e0>,26,20,[12  3],27,-1,64,-1,44
1,<environment.Job instance at 0x7fa9b7a54780>,27,25,[13  2],28,-1,69,-1,44
1,<environment.Job instance at 0x7fa9b7a54050>,28,14,[7 5],29,-1,60,-1,46
1,<environment.Job instance at 0x7fa9b7a54960>,29,25,[1 6],30,-1,71,-1,46
1,<environment.Job instance at 0x7fa9b7a54a50>,30,17,[12  4],31,-1,63,-1,46
1,<environment.Job instance at 0x7fa9b7a54a00>,31,26,[1 9],32,-1,72,-1,46
1,<environment.Job instance at 0x7fa9b7a540a0>,32,27,[14  4],33,-1,73,-1,46
1,<environment.Job instance at 0x7fa9b7a54c30>,33,18,[14  2],34,-1,64,-1,46
1,<environment.Job instance at 0x7fa9b7a54b40>,34,25,[13  3],35,-1,71,-1,46
1,<environment.Job instance at 0x7fa9b7642e10>,3,15,[ 1 13],4,-1,19,-1,4
1,<environment.Job instance at 0x7fa9b7642640>,4,20,[12  2],5,-1,25,-1,5
1,<environment.Job instance at 0x7fa9b7642280>,8,22,[12  3],9,-1,31,-1,9
1,<environment.Job instance at 0x7fa9b86d9eb0>,11,23,[10  4],12,-1,61,-1,38
1,<environment.Job instance at 0x7fa9b86d9140>,12,13,[ 1 10],13,-1,51,-1,38
1,<environment.Job instance at 0x7fa9b8389e10>,1,15,[14  5],2,-1,17,-1,2
1,<environment.Job instance at 0x7fa9b8389910>,2,13,[14  1],3,-1,16,-1,3
1,<environment.Job instance at 0x7fa9b7c09be0>,3,24,[8 2],4,-1,28,-1,4
1,<environment.Job instance at 0x7fa9b7c09050>,4,21,[ 2 12],5,-1,26,-1,5
1,<environment.Job instance at 0x7fa9b7464140>,5,23,[ 2 12],6,-1,29,-1,6
1,<environment.Job instance at 0x7fa9b7464f00>,7,26,[ 5 11],8,-1,34,-1,8
1,<environment.Job instance at 0x7fa9b756c050>,10,18,[14  2],11,-1,29,-1,11
1,<environment.Job instance at 0x7fa9b7efb690>,11,16,[ 5 11],12,-1,28,-1,12
1,<environment.Job instance at 0x7fa9b77f0f00>,12,22,[ 1 14],13,-1,35,-1,13
1,<environment.Job instance at 0x7fa9b7dea050>,14,25,[ 3 14],15,-1,40,-1,15
1,<environment.Job instance at 0x7fa9b73793c0>,15,28,[2 8],16,-1,44,-1,16
1,<environment.Job instance at 0x7fa9b7379500>,16,21,[ 5 14],17,-1,38,-1,17
1,<environment.Job instance at 0x7fa9b7379a50>,17,27,[9 3],18,-1,45,-1,18
1,<environment.Job instance at 0x7fa9b7379370>,18,15,[13  3],19,-1,34,-1,19
1,<environment.Job instance at 0x7fa9b77f0780>,20,12,[ 3 12],21,-1,33,-1,21
1,<environment.Job instance at 0x7fa9b7379320>,21,26,[7 3],22,-1,60,-1,34
1,<environment.Job instance at 0x7fa9b7887a50>,26,17,[11  1],27,-1,60,-1,43
1,<environment.Job instance at 0x7fa9b7887960>,27,20,[ 1 11],28,-1,63,-1,43
1,<environment.Job instance at 0x7fa9b83a0dc0>,28,19,[13  2],29,-1,62,-1,43
1,<environment.Job instance at 0x7fa9b79b7550>,29,12,[ 1 11],30,-1,55,-1,43
1,<environment.Job instance at 0x7fa9b7d07d70>,30,20,[13  5],31,-1,63,-1,43
1,<environment.Job instance at 0x7fa9b7aa7b90>,5,25,[9 2],6,-1,31,-1,6
1,<environment.Job instance at 0x7fa9b7aa7f50>,10,23,[ 2 11],11,-1,42,-1,19
1,<environment.Job instance at 0x7fa9b7aa7e60>,11,27,[1 8],12,-1,46,-1,19
1,<environment.Job instance at 0x7fa9b7aa7d70>,12,19,[ 5 14],13,-1,38,-1,19
1,<environment.Job instance at 0x7fa9b7aa9190>,13,22,[10  2],14,-1,53,-1,31
1,<environment.Job instance at 0x7fa9b7aa92d0>,15,26,[2 6],16,-1,57,-1,31
1,<environment.Job instance at 0x7fa9b7aa90a0>,18,25,[14  2],19,-1,62,-1,37
1,<environment.Job instance at 0x7fa9b7aa9640>,19,22,[3 8],20,-1,59,-1,37
1,<environment.Job instance at 0x7fa9b7aa97d0>,20,19,[4 9],21,-1,56,-1,37
1,<environment.Job instance at 0x7fa9b7aa9780>,21,12,[10  2],22,-1,49,-1,37
1,<environment.Job instance at 0x7fa9b7aa96e0>,22,26,[13  5],23,-1,63,-1,37
1,<environment.Job instance at 0x7fa9b7aa9870>,23,24,[ 2 10],24,-1,61,-1,37
1,<environment.Job instance at 0x7fa9b76a2cd0>,1,26,[ 4 10],2,-1,28,-1,2
1,<environment.Job instance at 0x7fa9b7aa98c0>,2,20,[ 4 11],3,-1,23,-1,3
1,<environment.Job instance at 0x7fa9b76a27d0>,3,14,[ 5 12],4,-1,18,-1,4
1,<environment.Job instance at 0x7fa9b76a21e0>,4,24,[ 5 11],5,-1,29,-1,5
1,<environment.Job instance at 0x7fa9b76a2780>,5,25,[7 3],6,-1,31,-1,6
1,<environment.Job instance at 0x7fa9b76a29b0>,6,18,[11  5],7,-1,25,-1,7
1,<environment.Job instance at 0x7fa9b76a2aa0>,7,12,[ 3 14],8,-1,20,-1,8
1,<environment.Job instance at 0x7fa9b76a24b0>,8,27,[1 5],9,-1,36,-1,9
1,<environment.Job instance at 0x7fa9b76a2e60>,9,17,[ 1 11],10,-1,27,-1,10
1,<environment.Job instance at 0x7fa9b76a2dc0>,11,17,[ 2 13],12,-1,29,-1,12
1,<environment.Job instance at 0x7fa9b76a2870>,12,27,[12  4],13,-1,40,-1,13
1,<environment.Job instance at 0x7fa9b76a2910>,14,12,[ 1 12],15,-1,27,-1,15
1,<environment.Job instance at 0x7fa9b7aa9870>,16,12,[ 5 12],17,-1,29,-1,17
1,<environment.Job instance at 0x7fa9b76a20f0>,17,14,[14  1],18,-1,32,-1,18
1,<environment.Job instance at 0x7fa9b782c230>,3,18,[14  3],4,-1,22,-1,4
1,<environment.Job instance at 0x7fa9b770a960>,4,23,[ 2 11],5,-1,28,-1,5
1,<environment.Job instance at 0x7fa9b7bbd960>,5,18,[ 5 11],6,-1,24,-1,6
1,<environment.Job instance at 0x7fa9b7bbd910>,6,27,[11  5],7,-1,34,-1,7
1,<environment.Job instance at 0x7fa9b7bbdb90>,7,17,[12  5],8,-1,25,-1,8
1,<environment.Job instance at 0x7fa9b76227d0>,10,14,[12  4],11,-1,25,-1,11
1,<environment.Job instance at 0x7fa9b7bbd690>,9,21,[11  1],10,-1,32,-1,11
1,<environment.Job instance at 0x7fa9b73f3550>,11,26,[5 4],12,-1,38,-1,12
1,<environment.Job instance at 0x7fa9c0e0f230>,13,26,[1 6],14,-1,40,-1,14
1,<environment.Job instance at 0x7fa9c0e0f910>,15,19,[11  4],16,-1,49,-1,30
1,<environment.Job instance at 0x7fa9b79426e0>,20,14,[ 3 13],21,-1,44,-1,30
1,<environment.Job instance at 0x7fa9c0e0fbe0>,22,28,[5 5],23,-1,67,-1,39
1,<environment.Job instance at 0x7fa9b78f65f0>,24,20,[13  1],25,-1,60,-1,40
1,<environment.Job instance at 0x7fa9b710b730>,25,21,[ 3 12],26,-1,61,-1,40
1,<environment.Job instance at 0x7fa9b771faa0>,26,25,[12  3],27,-1,65,-1,40
1,<environment.Job instance at 0x7fa9b78a5e60>,2,19,[12  1],3,-1,22,-1,3
1,<environment.Job instance at 0x7fa9b867e5a0>,3,26,[4 7],4,-1,30,-1,4
1,<environment.Job instance at 0x7fa9b867e280>,5,18,[ 2 13],6,-1,24,-1,6
1,<environment.Job instance at 0x7fa9b7912af0>,12,28,[9 1],13,-1,47,-1,19
1,<environment.Job instance at 0x7fa9b7912e60>,14,15,[13  2],15,-1,46,-1,31
1,<environment.Job instance at 0x7fa9b7912c80>,15,17,[12  3],16,-1,48,-1,31
1,<environment.Job instance at 0x7fa9b7936f50>,16,28,[ 4 12],17,-1,59,-1,31
1,<environment.Job instance at 0x7fa9b7912cd0>,17,25,[2 6],18,-1,56,-1,31
1,<environment.Job instance at 0x7fa9b7f539b0>,2,27,[ 5 13],3,-1,30,-1,3
1,<environment.Job instance at 0x7fa9b76ab230>,4,27,[ 2 14],5,-1,32,-1,5
1,<environment.Job instance at 0x7fa9b7f53be0>,3,25,[13  4],4,-1,31,-1,6
1,<environment.Job instance at 0x7fa9b7f53640>,6,18,[ 4 13],7,-1,25,-1,7
1,<environment.Job instance at 0x7fa9b7f53550>,7,12,[ 5 12],8,-1,20,-1,8
1,<environment.Job instance at 0x7fa9b75b6460>,1,27,[4 6],2,-1,29,-1,2
1,<environment.Job instance at 0x7fa9b7f53870>,3,16,[ 4 12],4,-1,20,-1,4
1,<environment.Job instance at 0x7fa9b7531190>,4,17,[14  4],5,-1,22,-1,5
1,<environment.Job instance at 0x7fa9b7531d20>,6,17,[ 5 14],7,-1,24,-1,7
1,<environment.Job instance at 0x7fa9b82eddc0>,11,27,[ 1 11],12,-1,53,-1,26
1,<environment.Job instance at 0x7fa9b82ed820>,13,26,[11  2],14,-1,52,-1,26
1,<environment.Job instance at 0x7fa9b7940dc0>,16,24,[9 2],17,-1,68,-1,44
1,<environment.Job instance at 0x7fa9b75190f0>,1,25,[2 7],2,-1,27,-1,2
1,<environment.Job instance at 0x7fa9b7618230>,3,21,[ 3 14],4,-1,25,-1,4
1,<environment.Job instance at 0x7fa9b83e8780>,10,27,[ 5 12],11,-1,60,-1,33
1,<environment.Job instance at 0x7fa9b83e8b90>,11,13,[9 3],12,-1,47,-1,34
1,<environment.Job instance at 0x7fa9b83e8a00>,12,16,[ 2 13],13,-1,50,-1,34
1,<environment.Job instance at 0x7fa9b7631280>,2,23,[14  5],3,-1,26,-1,3
1,<environment.Job instance at 0x7fa9c0fb9960>,3,14,[14  2],4,-1,18,-1,4
1,<environment.Job instance at 0x7fa9c0fb91e0>,6,28,[5 4],7,-1,35,-1,7
1,<environment.Job instance at 0x7fa9c0fb9dc0>,9,16,[ 4 10],10,-1,29,-1,13
1,<environment.Job instance at 0x7fa9c0fb9e10>,12,23,[13  3],13,-1,36,-1,13
1,<environment.Job instance at 0x7fa9c0fb97d0>,13,18,[ 2 12],14,-1,32,-1,14
1,<environment.Job instance at 0x7fa9c0fb9aa0>,14,28,[11  1],15,-1,43,-1,15
1,<environment.Job instance at 0x7fa9c0fb98c0>,15,21,[6 5],16,-1,43,-1,22
1,<environment.Job instance at 0x7fa9c0fb9a50>,16,12,[13  5],17,-1,34,-1,22
1,<environment.Job instance at 0x7fa9c1411190>,17,20,[ 5 14],18,-1,42,-1,22
1,<environment.Job instance at 0x7fa9c1411820>,18,27,[ 2 14],19,-1,49,-1,22
1,<environment.Job instance at 0x7fa9c1411aa0>,19,13,[ 2 10],20,-1,35,-1,22
1,<environment.Job instance at 0x7fa9c1411a50>,20,15,[ 4 11],21,-1,37,-1,22
1,<environment.Job instance at 0x7fa9b768a370>,21,15,[13  5],22,-1,37,-1,22
1,<environment.Job instance at 0x7fa9b768aeb0>,22,13,[14  4],23,-1,36,-1,23
1,<environment.Job instance at 0x7fa9b768a8c0>,23,16,[14  2],24,-1,40,-1,24
1,<environment.Job instance at 0x7fa9b768a140>,24,25,[14  4],25,-1,50,-1,25
1,<environment.Job instance at 0x7fa9b768a5f0>,25,19,[13  5],26,-1,45,-1,26
1,<environment.Job instance at 0x7fa9b768ad70>,26,26,[10  2],27,-1,53,-1,27
1,<environment.Job instance at 0x7fa9b7674960>,1,16,[ 1 13],2,-1,18,-1,2
1,<environment.Job instance at 0x7fa9b768a6e0>,2,25,[4 9],3,-1,28,-1,3
1,<environment.Job instance at 0x7fa9b7674d20>,5,14,[13  2],6,-1,20,-1,6
1,<environment.Job instance at 0x7fa9b81750a0>,6,12,[6 1],7,-1,23,-1,11
1,<environment.Job instance at 0x7fa9b8175c30>,10,15,[10  1],11,-1,27,-1,12
1,<environment.Job instance at 0x7fa9b8175690>,13,14,[5 4],14,-1,33,-1,19
1,<environment.Job instance at 0x7fa9b81759b0>,14,12,[ 3 12],15,-1,31,-1,19
1,<environment.Job instance at 0x7fa9b8175f00>,15,12,[11  4],16,-1,31,-1,19
1,<environment.Job instance at 0x7fa9b81757d0>,16,20,[ 3 14],17,-1,39,-1,19
1,<environment.Job instance at 0x7fa9b8175820>,17,16,[12  1],18,-1,35,-1,19
1,<environment.Job instance at 0x7fa9b8175280>,18,21,[1 7],19,-1,40,-1,19
1,<environment.Job instance at 0x7fa9b74d7550>,19,16,[9 2],20,-1,36,-1,20
1,<environment.Job instance at 0x7fa9b74d7410>,20,28,[ 1 11],21,-1,49,-1,21
1,<environment.Job instance at 0x7fa9b74d78c0>,21,22,[8 3],22,-1,44,-1,22
1,<environment.Job instance at 0x7fa9b74d7960>,22,28,[14  4],23,-1,51,-1,23
1,<environment.Job instance at 0x7fa9b74d70f0>,23,27,[13  4],24,-1,51,-1,24
1,<environment.Job instance at 0x7fa9b74d75a0>,24,12,[ 5 11],25,-1,37,-1,25
1,<environment.Job instance at 0x7fa9b74d7370>,25,12,[6 4],26,-1,41,-1,29
1,<environment.Job instance at 0x7fa9b8175af0>,26,17,[14  2],27,-1,46,-1,29
1,<environment.Job instance at 0x7fa9b74d76e0>,27,17,[ 1 12],28,-1,46,-1,29
1,<environment.Job instance at 0x7fa9b74d7870>,30,15,[ 2 11],31,-1,61,-1,46
1,<environment.Job instance at 0x7fa9b74d77d0>,31,22,[ 2 13],32,-1,68,-1,46
1,<environment.Job instance at 0x7fa9b74d7460>,32,21,[2 5],33,-1,67,-1,46
1,<environment.Job instance at 0x7fa9b74d7fa0>,33,26,[ 4 14],34,-1,72,-1,46
1,<environment.Job instance at 0x7fa9b6f77f00>,3,13,[ 1 13],4,-1,17,-1,4
1,<environment.Job instance at 0x7fa9b7d0b780>,5,24,[ 5 12],6,-1,30,-1,6
1,<environment.Job instance at 0x7fa9b6f77550>,6,22,[ 3 14],7,-1,29,-1,7
1,<environment.Job instance at 0x7fa9b771d410>,11,24,[4 5],12,-1,42,-1,18
1,<environment.Job instance at 0x7fa9b771d820>,13,12,[13  3],14,-1,30,-1,18
1,<environment.Job instance at 0x7fa9b771dc30>,14,25,[ 5 10],15,-1,43,-1,18
1,<environment.Job instance at 0x7fa9b771d690>,16,14,[11  2],17,-1,43,-1,29
1,<environment.Job instance at 0x7fa9b771d320>,17,15,[ 3 14],18,-1,44,-1,29
1,<environment.Job instance at 0x7fa9b773c410>,19,27,[13  4],20,-1,56,-1,29
1,<environment.Job instance at 0x7fa9b8589460>,22,15,[ 4 14],23,-1,61,-1,46
1,<environment.Job instance at 0x7fa9b8589a00>,23,12,[ 1 14],24,-1,58,-1,46
1,<environment.Job instance at 0x7fa9b6f72d70>,24,20,[ 1 12],25,-1,66,-1,46
1,<environment.Job instance at 0x7f9b386edb90>,3,26,[11  4],4,-1,30,-1,4
1,<environment.Job instance at 0x7f9b386edcd0>,5,24,[1 5],6,-1,34,-1,10
1,<environment.Job instance at 0x7f9b3866b140>,9,18,[ 2 13],10,-1,28,-1,10
1,<environment.Job instance at 0x7f9b3866b1e0>,10,18,[ 3 11],11,-1,29,-1,11
1,<environment.Job instance at 0x7f9b3866b3c0>,12,26,[ 1 12],13,-1,39,-1,13
1,<environment.Job instance at 0x7f9b3866b460>,13,18,[ 4 14],14,-1,32,-1,14
1,<environment.Job instance at 0x7f9b3866b5a0>,15,18,[ 2 14],16,-1,37,-1,19
1,<environment.Job instance at 0x7f9b3866b640>,16,16,[ 3 11],17,-1,35,-1,19
1,<environment.Job instance at 0x7f9b3866b6e0>,17,28,[ 5 10],18,-1,47,-1,19
1,<environment.Job instance at 0x7f9b3866b780>,18,25,[ 4 13],19,-1,44,-1,19
1,<environment.Job instance at 0x7f9b3866b550>,19,14,[ 3 11],20,-1,34,-1,20
1,<environment.Job instance at 0x7f9b3866b8c0>,20,27,[13  5],21,-1,48,-1,21
1,<environment.Job instance at 0x7f9b3866b9b0>,21,26,[ 5 12],22,-1,48,-1,22
1,<environment.Job instance at 0x7f9b3866ba50>,22,13,[13  1],23,-1,36,-1,23
1,<environment.Job instance at 0x7f9b3866b370>,11,26,[4 8],12,-1,49,-1,23
1,<environment.Job instance at 0x7f9b3866b0f0>,24,13,[ 3 14],25,-1,38,-1,25
1,<environment.Job instance at 0x7f9b3866bbe0>,25,23,[ 3 13],26,-1,49,-1,26
1,<environment.Job instance at 0x7f9b3866bc80>,26,26,[1 8],27,-1,55,-1,29
1,<environment.Job instance at 0x7f9b3866bdc0>,28,25,[ 4 11],29,-1,54,-1,29
1,<environment.Job instance at 0x7f9b3866bd20>,27,25,[5 7],28,-1,54,-1,29
1,<environment.Job instance at 0x7f9b3866bfa0>,29,22,[ 5 13],30,-1,52,-1,30
1,<environment.Job instance at 0x7f9b3866b960>,31,20,[11  5],32,-1,52,-1,32
1,<environment.Job instance at 0x7f9b3866e190>,32,27,[11  3],33,-1,60,-1,33
1,<environment.Job instance at 0x7f9b386715a0>,1,21,[ 5 13],2,-1,23,-1,2
1,<environment.Job instance at 0x7f9b38b11b90>,3,17,[ 4 12],4,-1,21,-1,4
1,<environment.Job instance at 0x7f9b38b115f0>,7,27,[ 1 10],8,-1,35,-1,8
1,<environment.Job instance at 0x7f9b38b11550>,8,20,[ 3 12],9,-1,29,-1,9
1,<environment.Job instance at 0x7f9b38b11960>,9,13,[ 3 12],10,-1,23,-1,10
1,<environment.Job instance at 0x7f9b38bd4230>,10,21,[12  2],11,-1,32,-1,11
1,<environment.Job instance at 0x7f9b38bd4960>,11,28,[5 1],12,-1,40,-1,12
1,<environment.Job instance at 0x7f9b38bd43c0>,12,24,[9 2],13,-1,37,-1,13
1,<environment.Job instance at 0x7f9b38bd4d70>,13,25,[3 8],14,-1,40,-1,15
1,<environment.Job instance at 0x7f9b38bd4aa0>,15,14,[ 4 11],16,-1,30,-1,16
1,<environment.Job instance at 0x7f9b38bd4640>,23,20,[13  1],24,-1,76,-1,56
1,<environment.Job instance at 0x7f9b38c1fe10>,24,18,[ 3 14],25,-1,74,-1,56
1,<environment.Job instance at 0x7f9b38c1feb0>,25,25,[ 5 14],26,-1,81,-1,56
1,<environment.Job instance at 0x7f9b38c1f4b0>,26,26,[12  1],27,-1,82,-1,56
1,<environment.Job instance at 0x7f9b38c1f0f0>,27,28,[ 3 10],28,-1,84,-1,56
1,<environment.Job instance at 0x7f9b37df2aa0>,28,21,[ 1 11],29,-1,77,-1,56
1,<environment.Job instance at 0x7f9b37dff050>,30,14,[ 2 13],31,-1,70,-1,56
1,<environment.Job instance at 0x7f9b380aa320>,3,14,[11  5],4,-1,18,-1,4
1,<environment.Job instance at 0x7f9b37ddc640>,2,22,[14  4],3,-1,26,-1,4
1,<environment.Job instance at 0x7f9b37ddc370>,4,19,[ 3 12],5,-1,24,-1,5
1,<environment.Job instance at 0x7f9b37ddcf00>,5,18,[13  4],6,-1,24,-1,6
1,<environment.Job instance at 0x7f9b37ddcb40>,6,26,[13  4],7,-1,33,-1,7
1,<environment.Job instance at 0x7f9b37dd69b0>,15,25,[ 3 12],16,-1,56,-1,31
1,<environment.Job instance at 0x7f9b37dd6b40>,16,26,[13  5],17,-1,57,-1,31
1,<environment.Job instance at 0x7f9b37ddc500>,3,21,[ 4 12],4,-1,25,-1,4
1,<environment.Job instance at 0x7f9b381207d0>,5,27,[5 9],6,-1,33,-1,6
1,<environment.Job instance at 0x7f9b38120820>,6,27,[2 9],7,-1,34,-1,7
1,<environment.Job instance at 0x7f9b38120500>,8,12,[14  5],9,-1,21,-1,9
1,<environment.Job instance at 0x7f9b38120c80>,7,21,[11  4],8,-1,30,-1,9
1,<environment.Job instance at 0x7f9b381200a0>,10,17,[12  2],11,-1,28,-1,11
1,<environment.Job instance at 0x7f9b381200f0>,11,28,[2 8],12,-1,41,-1,13
1,<environment.Job instance at 0x7f9b38121f50>,13,21,[12  2],14,-1,35,-1,14
1,<environment.Job instance at 0x7f9b3835daa0>,14,21,[ 5 11],15,-1,36,-1,15
1,<environment.Job instance at 0x7f9b3835dd20>,15,26,[ 5 10],16,-1,42,-1,16
1,<environment.Job instance at 0x7f9b3835d690>,16,27,[12  4],17,-1,44,-1,17
1,<environment.Job instance at 0x7f9b3835d0f0>,17,27,[14  3],18,-1,45,-1,18
1,<environment.Job instance at 0x7f9b38357c30>,19,14,[ 1 12],20,-1,34,-1,20
1,<environment.Job instance at 0x7f9b380dbaa0>,21,14,[13  5],22,-1,36,-1,22
1,<environment.Job instance at 0x7f9b380dba00>,22,25,[11  2],23,-1,48,-1,23
1,<environment.Job instance at 0x7f9b380db4b0>,23,14,[12  2],24,-1,38,-1,24
1,<environment.Job instance at 0x7f9b380db7d0>,24,28,[8 4],25,-1,53,-1,25
1,<environment.Job instance at 0x7f9b37df1fa0>,28,18,[12  2],29,-1,50,-1,32
1,<environment.Job instance at 0x7f9b37df17d0>,29,15,[12  3],30,-1,47,-1,32
1,<environment.Job instance at 0x7f9b37df1780>,30,25,[7 2],31,-1,57,-1,32
1,<environment.Job instance at 0x7f9b37de5190>,31,26,[ 5 11],32,-1,58,-1,32
1,<environment.Job instance at 0x7f9b37de5460>,33,16,[11  1],34,-1,50,-1,34
1,<environment.Job instance at 0x7f9b37e1ffa0>,35,19,[12  5],36,-1,68,-1,49
1,<environment.Job instance at 0x7f9b37e6ca50>,36,17,[11  3],37,-1,66,-1,49
1,<environment.Job instance at 0x7f9b37e6c820>,37,14,[ 1 10],38,-1,63,-1,49
1,<environment.Job instance at 0x7f9b37e1fd70>,38,25,[6 2],39,-1,74,-1,49
1,<environment.Job instance at 0x7f9b38bd40f0>,39,18,[12  4],40,-1,67,-1,49
1,<environment.Job instance at 0x7f9b41d6e0a0>,41,26,[11  5],42,-1,75,-1,49
1,<environment.Job instance at 0x7f9b380bea00>,1,24,[14  3],2,-1,26,-1,2
1,<environment.Job instance at 0x7f9b38bd4050>,2,23,[13  5],3,-1,26,-1,3
1,<environment.Job instance at 0x7f9b37c43be0>,3,21,[12  3],4,-1,25,-1,4
1,<environment.Job instance at 0x7f9b37c43d20>,5,28,[ 4 11],6,-1,34,-1,6
1,<environment.Job instance at 0x7f9b37c43eb0>,6,18,[ 4 12],7,-1,25,-1,7
1,<environment.Job instance at 0x7f9b37c43dc0>,7,22,[14  1],8,-1,30,-1,8
1,<environment.Job instance at 0x7f9b37c43f50>,8,25,[7 3],9,-1,34,-1,9
1,<environment.Job instance at 0x7f9b37c47050>,9,27,[ 4 13],10,-1,37,-1,10
1,<environment.Job instance at 0x7f9b37c470f0>,10,26,[8 4],11,-1,37,-1,11
1,<environment.Job instance at 0x7f9b37c47190>,11,12,[11  1],12,-1,24,-1,12
1,<environment.Job instance at 0x7f9b37c472d0>,13,16,[14  1],14,-1,30,-1,14
1,<environment.Job instance at 0x7f9b37c47460>,14,27,[ 1 10],15,-1,42,-1,15
1,<environment.Job instance at 0x7f9b37c47500>,16,19,[13  1],17,-1,36,-1,17
1,<environment.Job instance at 0x7f9b41d6e0a0>,18,20,[11  2],19,-1,39,-1,19
1,<environment.Job instance at 0x7f9b37c47820>,19,25,[ 2 13],20,-1,45,-1,20
1,<environment.Job instance at 0x7f9b37c47910>,22,24,[ 3 13],23,-1,47,-1,23
1,<environment.Job instance at 0x7f9b37c47a50>,23,15,[ 2 13],24,-1,39,-1,24
1,<environment.Job instance at 0x7f9b37c47aa0>,24,13,[ 5 14],25,-1,38,-1,25
1,<environment.Job instance at 0x7f9b37c47b40>,25,20,[11  2],26,-1,46,-1,26
1,<environment.Job instance at 0x7f9b37c47c80>,27,21,[ 4 14],28,-1,49,-1,28
1,<environment.Job instance at 0x7f9b37c47d20>,29,15,[14  4],30,-1,45,-1,30
1,<environment.Job instance at 0x7f9b37c4a230>,33,26,[ 1 11],34,-1,75,-1,49
1,<environment.Job instance at 0x7f9b37c4a2d0>,34,14,[ 3 13],35,-1,63,-1,49
1,<environment.Job instance at 0x7f9b37c4a370>,3,13,[12  4],4,-1,17,-1,4
1,<environment.Job instance at 0x7f9b37c2e410>,4,24,[5 5],5,-1,35,-1,11
1,<environment.Job instance at 0x7f9b37c2eaf0>,8,16,[11  1],9,-1,30,-1,14
1,<environment.Job instance at 0x7f9b37c2e730>,9,14,[14  2],10,-1,28,-1,14
1,<environment.Job instance at 0x7f9b37c2ef00>,14,18,[12  5],15,-1,72,-1,54
1,<environment.Job instance at 0x7f9b37c2e870>,15,20,[ 5 13],16,-1,74,-1,54
1,<environment.Job instance at 0x7f9b37c2e8c0>,16,24,[2 7],17,-1,78,-1,54
1,<environment.Job instance at 0x7f9b37c2eb90>,17,16,[11  2],18,-1,70,-1,54
1,<environment.Job instance at 0x7f9b37c2e0f0>,18,22,[ 2 12],19,-1,76,-1,54
1,<environment.Job instance at 0x7f9b37c2e050>,19,20,[12  3],20,-1,74,-1,54
1,<environment.Job instance at 0x7f9b37c2e230>,20,19,[12  5],21,-1,73,-1,54
1,<environment.Job instance at 0x7f9b37ca41e0>,22,18,[12  1],23,-1,72,-1,54
1,<environment.Job instance at 0x7f9b39249690>,2,15,[ 4 12],3,-1,18,-1,3
1,<environment.Job instance at 0x7f9b39249960>,3,21,[ 3 14],4,-1,25,-1,4
1,<environment.Job instance at 0x7f9b39249050>,6,28,[6 1],7,-1,36,-1,8
1,<environment.Job instance at 0x7f9b392498c0>,11,20,[ 3 14],12,-1,46,-1,26
1,<environment.Job instance at 0x7f9b392496e0>,12,13,[ 3 14],13,-1,39,-1,26
1,<environment.Job instance at 0x7f9b39249a00>,13,13,[11  5],14,-1,39,-1,26
1,<environment.Job instance at 0x7f9b39249d20>,14,24,[8 4],15,-1,50,-1,26
1,<environment.Job instance at 0x7f9b383d3190>,16,20,[12  3],17,-1,46,-1,26
1,<environment.Job instance at 0x7f9b383d34b0>,17,25,[13  2],18,-1,51,-1,26
1,<environment.Job instance at 0x7f9b383d30a0>,19,25,[1 6],20,-1,52,-1,27
1,<environment.Job instance at 0x7f9b383d3eb0>,20,17,[12  4],21,-1,44,-1,27
1,<environment.Job instance at 0x7f9b383d3c80>,21,26,[1 9],22,-1,53,-1,27
1,<environment.Job instance at 0x7f9b383d3870>,22,27,[14  4],23,-1,54,-1,27
1,<environment.Job instance at 0x7f9b383d3550>,23,18,[14  2],24,-1,45,-1,27
1,<environment.Job instance at 0x7f9b383d3b40>,24,25,[13  3],25,-1,52,-1,27
1,<environment.Job instance at 0x7f9b383d33c0>,26,23,[12  4],27,-1,51,-1,28
1,<environment.Job instance at 0x7f9b383d3b90>,27,25,[9 2],28,-1,53,-1,28
1,<environment.Job instance at 0x7f9b383d3280>,28,20,[11  2],29,-1,50,-1,30
1,<environment.Job instance at 0x7f9b383d3dc0>,29,16,[14  4],30,-1,46,-1,30
1,<environment.Job instance at 0x7f9b383d36e0>,30,23,[7 4],31,-1,57,-1,34
1,<environment.Job instance at 0x7f9b383d3230>,31,22,[5 9],32,-1,61,-1,39
1,<environment.Job instance at 0x7f9b380420f0>,32,12,[7 2],33,-1,51,-1,39
1,<environment.Job instance at 0x7f9b38042f50>,33,22,[ 1 12],34,-1,61,-1,39
1,<environment.Job instance at 0x7f9b39249c30>,3,19,[ 3 14],4,-1,23,-1,4
1,<environment.Job instance at 0x7f9b37e13cd0>,4,21,[14  2],5,-1,26,-1,5
1,<environment.Job instance at 0x7f9b37e13a50>,5,24,[14  2],6,-1,30,-1,6
1,<environment.Job instance at 0x7f9b37e21370>,6,21,[ 5 11],7,-1,28,-1,7
1,<environment.Job instance at 0x7f9b37e210f0>,7,20,[ 2 12],8,-1,28,-1,8
1,<environment.Job instance at 0x7f9b37e21050>,8,23,[ 4 11],9,-1,32,-1,9
1,<environment.Job instance at 0x7f9b37e212d0>,9,16,[ 3 14],10,-1,26,-1,10
1,<environment.Job instance at 0x7f9b37e21280>,10,23,[ 3 13],11,-1,34,-1,11
1,<environment.Job instance at 0x7f9b37e21eb0>,11,21,[14  4],12,-1,33,-1,12
1,<environment.Job instance at 0x7f9b37e27be0>,19,25,[5 8],20,-1,69,-1,44
1,<environment.Job instance at 0x7f9b37e27a00>,20,27,[7 4],21,-1,71,-1,44
1,<environment.Job instance at 0x7f9b37e27aa0>,21,21,[ 3 11],22,-1,65,-1,44
1,<environment.Job instance at 0x7f9b37e27e60>,22,14,[12  4],23,-1,58,-1,44
1,<environment.Job instance at 0x7f9b37e273c0>,23,12,[10  3],24,-1,56,-1,44
1,<environment.Job instance at 0x7f9b37e27370>,24,26,[ 3 12],25,-1,70,-1,44
1,<environment.Job instance at 0x7f9b37e27640>,25,12,[11  4],26,-1,56,-1,44
1,<environment.Job instance at 0x7f9b37e27dc0>,28,12,[11  3],29,-1,70,-1,58
1,<environment.Job instance at 0x7f9b38b72050>,29,16,[ 3 12],30,-1,74,-1,58
1,<environment.Job instance at 0x7f9b37c6b640>,1,27,[1 8],2,-1,29,-1,2
1,<environment.Job instance at 0x7f9b37c6e9b0>,3,24,[11  3],4,-1,28,-1,4
1,<environment.Job instance at 0x7f9b37c6ea00>,4,18,[13  3],5,-1,23,-1,5
1,<environment.Job instance at 0x7f9b38b72050>,7,23,[13  3],8,-1,31,-1,8
1,<environment.Job instance at 0x7f9b37c6ee60>,14,25,[12  2],15,-1,46,-1,21
1,<environment.Job instance at 0x7f9b37c6e500>,15,25,[14  1],16,-1,46,-1,21
1,<environment.Job instance at 0x7f9b37c6eb90>,16,27,[5 5],17,-1,48,-1,21
1,<environment.Job instance at 0x7f9b37c6e3c0>,18,23,[14  2],19,-1,59,-1,36
1,<environment.Job instance at 0x7f9b37c6ed20>,22,12,[12  4],23,-1,66,-1,54
1,<environment.Job instance at 0x7f9b38109a50>,23,21,[ 2 11],24,-1,75,-1,54
1,<environment.Job instance at 0x7f9b38109370>,24,23,[14  3],25,-1,77,-1,54
1,<environment.Job instance at 0x7f9b38109c30>,25,25,[9 2],26,-1,79,-1,54
1,<environment.Job instance at 0x7f9b381098c0>,2,22,[ 5 13],3,-1,25,-1,3
1,<environment.Job instance at 0x7f9b37c74140>,4,28,[2 9],5,-1,33,-1,5
1,<environment.Job instance at 0x7f9b38ea4370>,5,25,[7 1],6,-1,31,-1,6
1,<environment.Job instance at 0x7f9b38109c30>,7,27,[ 5 10],8,-1,35,-1,8
1,<environment.Job instance at 0x7f9b37ca8d20>,8,20,[ 3 13],9,-1,29,-1,9
1,<environment.Job instance at 0x7f9b37ca8b40>,12,20,[ 4 11],13,-1,33,-1,13
1,<environment.Job instance at 0x7f9b38be9870>,13,14,[ 5 12],14,-1,28,-1,14
1,<environment.Job instance at 0x7f9b38be9f50>,14,24,[ 5 11],15,-1,39,-1,15
1,<environment.Job instance at 0x7f9b38be9050>,15,25,[7 3],16,-1,41,-1,16
1,<environment.Job instance at 0x7f9b38be9a00>,16,18,[11  5],17,-1,35,-1,17
1,<environment.Job instance at 0x7f9b38be9780>,17,12,[ 3 14],18,-1,30,-1,18
1,<environment.Job instance at 0x7f9b38be9e10>,18,27,[1 5],19,-1,46,-1,19
1,<environment.Job instance at 0x7f9b38be97d0>,19,17,[ 1 11],20,-1,37,-1,20
1,<environment.Job instance at 0x7f9b38be90a0>,22,27,[12  4],23,-1,52,-1,25
1,<environment.Job instance at 0x7f9b38be9230>,24,12,[ 1 12],25,-1,48,-1,36
1,<environment.Job instance at 0x7f9b38be9c30>,26,12,[ 5 12],27,-1,55,-1,43
1,<environment.Job instance at 0x7f9b38be9aa0>,27,14,[14  1],28,-1,57,-1,43
1,<environment.Job instance at 0x7f9b38be9500>,29,14,[12  4],30,-1,65,-1,51
1,<environment.Job instance at 0x7f9b383595a0>,3,18,[14  3],4,-1,22,-1,4
1,<environment.Job instance at 0x7f9b383593c0>,4,23,[ 2 11],5,-1,28,-1,5
1,<environment.Job instance at 0x7f9b38359410>,5,18,[ 5 11],6,-1,24,-1,6
1,<environment.Job instance at 0x7f9b383591e0>,6,27,[11  5],7,-1,34,-1,7
1,<environment.Job instance at 0x7f9b38359500>,7,17,[12  5],8,-1,25,-1,8
1,<environment.Job instance at 0x7f9b38be9500>,10,14,[12  4],11,-1,25,-1,11
1,<environment.Job instance at 0x7f9b383595f0>,9,21,[11  1],10,-1,32,-1,11
1,<environment.Job instance at 0x7f9b38359f50>,11,26,[5 4],12,-1,38,-1,12
1,<environment.Job instance at 0x7f9b38359c80>,13,26,[1 6],14,-1,40,-1,14
1,<environment.Job instance at 0x7f9b38359820>,15,19,[11  4],16,-1,37,-1,18
1,<environment.Job instance at 0x7f9b38359910>,18,12,[11  4],19,-1,31,-1,19
1,<environment.Job instance at 0x7f9b3836c0f0>,20,14,[ 3 13],21,-1,35,-1,21
1,<environment.Job instance at 0x7f9b38359be0>,22,28,[5 5],23,-1,55,-1,27
1,<environment.Job instance at 0x7f9b3836ce10>,24,20,[13  1],25,-1,47,-1,27
1,<environment.Job instance at 0x7f9b3836c870>,25,21,[ 3 12],26,-1,48,-1,27
1,<environment.Job instance at 0x7f9b3836ccd0>,26,25,[12  3],27,-1,52,-1,27
1,<environment.Job instance at 0x7f9b37ba79b0>,4,15,[13  2],5,-1,20,-1,5
1,<environment.Job instance at 0x7f9b37ba7910>,6,28,[ 4 12],7,-1,35,-1,7
1,<environment.Job instance at 0x7f9b37ba75f0>,7,25,[2 6],8,-1,34,-1,9
1,<environment.Job instance at 0x7f9b37b275a0>,14,12,[13  2],15,-1,46,-1,34
1,<environment.Job instance at 0x7f9b37b27910>,15,13,[ 5 13],16,-1,47,-1,34
1,<environment.Job instance at 0x7f9b37b27a00>,17,24,[12  2],18,-1,72,-1,48
1,<environment.Job instance at 0x7f9b37b27c30>,18,27,[5 9],19,-1,75,-1,48
1,<environment.Job instance at 0x7f9b37b27be0>,19,23,[8 5],20,-1,71,-1,48
1,<environment.Job instance at 0x7f9b37b272d0>,20,18,[11  4],21,-1,66,-1,48
1,<environment.Job instance at 0x7f9b37b274b0>,23,25,[4 6],24,-1,75,-1,50
1,<environment.Job instance at 0x7f9b37b274b0>,3,12,[ 2 13],4,-1,16,-1,4
1,<environment.Job instance at 0x7f9b3866bb40>,4,19,[ 4 11],5,-1,24,-1,5
1,<environment.Job instance at 0x7f9b3866bfa0>,6,12,[11  1],7,-1,19,-1,7
1,<environment.Job instance at 0x7f9b3866bf50>,8,25,[14  5],9,-1,34,-1,9
1,<environment.Job instance at 0x7f9b3866b690>,11,13,[12  5],12,-1,25,-1,12
1,<environment.Job instance at 0x7f9b3866b3c0>,15,27,[12  1],16,-1,47,-1,20
1,<environment.Job instance at 0x7f9b3866bdc0>,16,22,[11  5],17,-1,42,-1,20
1,<environment.Job instance at 0x7f9b3866b5f0>,18,22,[ 3 14],19,-1,44,-1,22
1,<environment.Job instance at 0x7f9b3866b910>,19,26,[2 7],20,-1,48,-1,22
1,<environment.Job instance at 0x7f9b380425a0>,20,23,[10  3],21,-1,45,-1,22
1,<environment.Job instance at 0x7f9b3866b280>,21,16,[14  1],22,-1,38,-1,22
1,<environment.Job instance at 0x7f9b38042eb0>,22,23,[13  2],23,-1,46,-1,23
1,<environment.Job instance at 0x7f9b38042e60>,23,25,[4 5],24,-1,49,-1,24
1,<environment.Job instance at 0x7f9b380427d0>,24,21,[14  1],25,-1,46,-1,25
1,<environment.Job instance at 0x7f9b38042fa0>,25,18,[11  1],26,-1,44,-1,26
1,<environment.Job instance at 0x7f9b38042c80>,26,19,[ 3 12],27,-1,46,-1,27
1,<environment.Job instance at 0x7f9b38042c30>,28,18,[12  5],29,-1,49,-1,31
1,<environment.Job instance at 0x7f9b380420a0>,29,27,[13  3],30,-1,58,-1,31
1,<environment.Job instance at 0x7f9b390ce8c0>,31,27,[4 6],32,-1,67,-1,40
1,<environment.Job instance at 0x7f9b390ce320>,32,14,[14  1],33,-1,54,-1,40
1,<environment.Job instance at 0x7f9b390ceeb0>,33,16,[ 4 12],34,-1,56,-1,40
1,<environment.Job instance at 0x7f9b390ce410>,34,17,[14  4],35,-1,57,-1,40
1,<environment.Job instance at 0x7f9b390cee10>,35,13,[ 2 10],36,-1,53,-1,40
1,<environment.Job instance at 0x7f9b390ce0a0>,36,17,[ 5 14],37,-1,57,-1,40
1,<environment.Job instance at 0x7f9b390cebe0>,37,25,[11  4],38,-1,65,-1,40
1,<environment.Job instance at 0x7f9b390cea50>,38,21,[2 6],39,-1,71,-1,50
1,<environment.Job instance at 0x7f9b390ce230>,39,22,[5 7],40,-1,72,-1,50
1,<environment.Job instance at 0x7f9b390ce780>,41,27,[ 1 11],42,-1,77,-1,50
1,<environment.Job instance at 0x7f9b390ce910>,43,26,[11  2],44,-1,78,-1,52
1,<environment.Job instance at 0x7f9b390ce7d0>,45,14,[8 5],46,-1,67,-1,53
1,<environment.Job instance at 0x7f9b390ce550>,46,24,[9 2],47,-1,77,-1,53
1,<environment.Job instance at 0x7f9b390ce1e0>,47,27,[ 5 14],48,-1,80,-1,53
1,<environment.Job instance at 0x7f9b390cecd0>,48,15,[7 2],49,-1,68,-1,53
1,<environment.Job instance at 0x7f9b390ceaf0>,49,20,[ 2 13],50,-1,73,-1,53
1,<environment.Job instance at 0x7f9b390cedc0>,50,26,[ 4 14],51,-1,79,-1,53
1,<environment.Job instance at 0x7f9b385cf370>,2,23,[ 1 14],3,-1,26,-1,3
1,<environment.Job instance at 0x7f9b38e92820>,3,27,[5 5],4,-1,31,-1,4
1,<environment.Job instance at 0x7f9b38e92dc0>,5,28,[ 5 11],6,-1,34,-1,6
1,<environment.Job instance at 0x7f9b38e92870>,7,27,[ 2 14],8,-1,35,-1,8
1,<environment.Job instance at 0x7f9b38d61460>,11,25,[5 8],12,-1,37,-1,12
1,<environment.Job instance at 0x7f9b38d61050>,12,23,[ 3 12],13,-1,36,-1,13
1,<environment.Job instance at 0x7f9b38d61410>,14,27,[12  3],15,-1,42,-1,15
1,<environment.Job instance at 0x7f9b38d61500>,15,24,[6 1],16,-1,40,-1,16
1,<environment.Job instance at 0x7f9b38d61cd0>,16,26,[ 1 12],17,-1,43,-1,17
1,<environment.Job instance at 0x7f9b38d61b90>,17,13,[12  3],18,-1,31,-1,18
1,<environment.Job instance at 0x7f9b38d61f50>,18,25,[1 5],19,-1,44,-1,19
1,<environment.Job instance at 0x7f9b38d61910>,20,24,[11  5],21,-1,56,-1,32
1,<environment.Job instance at 0x7f9b38d615a0>,21,25,[2 7],22,-1,57,-1,32
1,<environment.Job instance at 0x7f9b38d61e60>,22,23,[10  4],23,-1,55,-1,32
1,<environment.Job instance at 0x7f9b38d615f0>,23,21,[ 3 14],24,-1,53,-1,32
1,<environment.Job instance at 0x7f9b38d617d0>,26,18,[14  2],27,-1,66,-1,48
1,<environment.Job instance at 0x7f9b38a766e0>,27,27,[ 5 13],28,-1,75,-1,48
1,<environment.Job instance at 0x7f9b38a76640>,29,21,[12  3],30,-1,69,-1,48
1,<environment.Job instance at 0x7f9b38a76870>,30,27,[ 5 12],31,-1,75,-1,48
1,<environment.Job instance at 0x7f9b38a763c0>,32,16,[ 2 13],33,-1,64,-1,48
1,<environment.Job instance at 0x7f9b37aaae60>,2,25,[12  1],3,-1,28,-1,3
1,<environment.Job instance at 0x7f9b37aaaaf0>,3,24,[5 8],4,-1,28,-1,4
1,<environment.Job instance at 0x7f9b37aaa370>,4,13,[ 1 13],5,-1,18,-1,5
1,<environment.Job instance at 0x7f9b37aaab40>,6,22,[ 5 11],7,-1,29,-1,7
1,<environment.Job instance at 0x7f9b37aaabe0>,7,24,[ 5 13],8,-1,32,-1,8
1,<environment.Job instance at 0x7f9b37aaab90>,8,13,[ 1 14],9,-1,22,-1,9
1,<environment.Job instance at 0x7f9b37aaa870>,9,26,[12  4],10,-1,36,-1,10
1,<environment.Job instance at 0x7f9b38933be0>,11,21,[13  2],12,-1,33,-1,12
1,<environment.Job instance at 0x7f9b38933050>,12,23,[14  5],13,-1,36,-1,13
1,<environment.Job instance at 0x7f9b389330a0>,18,14,[8 1],19,-1,53,-1,39
1,<environment.Job instance at 0x7f9b38933b40>,20,18,[ 5 14],21,-1,57,-1,39
1,<environment.Job instance at 0x7f9b38933c80>,21,17,[ 3 13],22,-1,56,-1,39
1,<environment.Job instance at 0x7f9b38933460>,22,23,[13  3],23,-1,62,-1,39
1,<environment.Job instance at 0x7f9b38933640>,23,18,[ 2 12],24,-1,57,-1,39
1,<environment.Job instance at 0x7f9b38933fa0>,24,28,[11  1],25,-1,67,-1,39
1,<environment.Job instance at 0x7f9b38933e10>,26,12,[13  5],27,-1,53,-1,41
1,<environment.Job instance at 0x7f9b389335a0>,27,20,[ 5 14],28,-1,61,-1,41
1,<environment.Job instance at 0x7f9b38933190>,28,27,[ 2 14],29,-1,68,-1,41
1,<environment.Job instance at 0x7f9b38933aa0>,29,13,[ 2 10],30,-1,55,-1,42
1,<environment.Job instance at 0x7f9b38933690>,30,15,[ 4 11],31,-1,57,-1,42
1,<environment.Job instance at 0x7f9b389337d0>,31,15,[13  5],32,-1,57,-1,42
1,<environment.Job instance at 0x7f9b38933140>,32,13,[14  4],33,-1,55,-1,42
1,<environment.Job instance at 0x7f9b38933280>,33,16,[14  2],34,-1,58,-1,42
1,<environment.Job instance at 0x7f9b38dc8eb0>,34,25,[14  4],35,-1,67,-1,42
1,<environment.Job instance at 0x7f9b38dc8280>,35,19,[13  5],36,-1,61,-1,42
1,<environment.Job instance at 0x7f9b38dc89b0>,36,26,[10  2],37,-1,68,-1,42
1,<environment.Job instance at 0x7f9b38abb690>,1,16,[ 1 13],2,-1,18,-1,2
1,<environment.Job instance at 0x7f9b38abb640>,2,25,[4 9],3,-1,28,-1,3
1,<environment.Job instance at 0x7f9b38abb370>,4,14,[13  3],5,-1,19,-1,5
1,<environment.Job instance at 0x7f9b38a8df50>,7,28,[9 2],8,-1,36,-1,8
1,<environment.Job instance at 0x7f9b38a8d230>,8,28,[12  3],9,-1,37,-1,9
1,<environment.Job instance at 0x7f9b38a8d960>,17,16,[12  1],18,-1,73,-1,57
1,<environment.Job instance at 0x7f9b388635f0>,4,25,[ 5 10],5,-1,30,-1,5
1,<environment.Job instance at 0x7f9b37a8e690>,7,15,[ 3 14],8,-1,23,-1,8
1,<environment.Job instance at 0x7f9b37b4a4b0>,12,15,[ 4 14],13,-1,30,-1,15
1,<environment.Job instance at 0x7f9b37b4a5f0>,13,12,[ 1 14],14,-1,27,-1,15
1,<environment.Job instance at 0x7f9b37b4a780>,14,20,[ 1 12],15,-1,35,-1,15
1,<environment.Job instance at 0x7f9b3836c730>,17,14,[ 4 12],18,-1,47,-1,33
1,<environment.Job instance at 0x7f9b3836c6e0>,19,25,[ 1 14],20,-1,58,-1,33
1,<environment.Job instance at 0x7f9b41e85320>,20,14,[11  5],21,-1,47,-1,33
1,<environment.Job instance at 0x7f9b41e85a50>,22,23,[ 4 13],23,-1,69,-1,46
1,<environment.Job instance at 0x7f9b41e85dc0>,23,19,[11  1],24,-1,65,-1,46
1,<environment.Job instance at 0x7f9b37c7b3c0>,24,26,[11  4],25,-1,72,-1,46
1,<environment.Job instance at 0x7f9b381f7910>,1,22,[12  4],2,-1,24,-1,2
1,<environment.Job instance at 0x7f9b387e40f0>,3,24,[8 5],4,-1,28,-1,4
1,<environment.Job instance at 0x7f9b37c7b4b0>,5,23,[11  5],6,-1,29,-1,6
1,<environment.Job instance at 0x7f9b387e4050>,6,23,[ 2 12],7,-1,30,-1,7
1,<environment.Job instance at 0x7f9b387e4370>,4,19,[13  1],5,-1,26,-1,7
1,<environment.Job instance at 0x7f9b387e4280>,9,23,[12  5],10,-1,33,-1,10
1,<environment.Job instance at 0x7f9b387f4fa0>,10,13,[11  2],11,-1,24,-1,11
1,<environment.Job instance at 0x7f9b387f4f50>,11,27,[5 2],12,-1,39,-1,12
1,<environment.Job instance at 0x7f9b387f4af0>,15,13,[12  5],16,-1,29,-1,16
1,<environment.Job instance at 0x7f9b387f4e60>,16,14,[ 2 12],17,-1,31,-1,17
1,<environment.Job instance at 0x7f9b382134b0>,18,21,[7 1],19,-1,53,-1,32
1,<environment.Job instance at 0x7f9b387f47d0>,20,21,[ 3 11],21,-1,53,-1,32
1,<environment.Job instance at 0x7f9b382133c0>,21,14,[14  1],22,-1,46,-1,32
1,<environment.Job instance at 0x7f9b38213eb0>,22,21,[1 6],23,-1,78,-1,57
1,<environment.Job instance at 0x7f9b38213dc0>,26,28,[3 9],27,-1,85,-1,57
1,<environment.Job instance at 0x7f9b387bb2d0>,27,15,[ 4 13],28,-1,72,-1,57
1,<environment.Job instance at 0x7f9b387bb5a0>,28,16,[12  3],29,-1,73,-1,57
1,<environment.Job instance at 0x7f9b387bb550>,29,26,[7 4],30,-1,83,-1,57
1,<environment.Job instance at 0x7f9b387bbb40>,30,17,[14  2],31,-1,74,-1,57
1,<environment.Job instance at 0x7f9b387bb190>,31,14,[ 3 14],32,-1,71,-1,57
1,<environment.Job instance at 0x7f9b387bbc80>,32,20,[ 4 11],33,-1,77,-1,57
1,<environment.Job instance at 0x7f9b387bbeb0>,33,19,[10  1],34,-1,76,-1,57
1,<environment.Job instance at 0x7f9b387bbc30>,34,22,[11  1],35,-1,79,-1,57
1,<environment.Job instance at 0x7f9b38e9a4b0>,4,27,[11  4],5,-1,32,-1,5
1,<environment.Job instance at 0x7f9b390a39b0>,6,28,[8 1],7,-1,35,-1,7
1,<environment.Job instance at 0x7f9b38560b90>,8,23,[ 3 14],9,-1,32,-1,9
1,<environment.Job instance at 0x7f9b37c31a00>,9,27,[ 4 13],10,-1,37,-1,10
1,<environment.Job instance at 0x7f9b37c31c30>,10,22,[12  5],11,-1,33,-1,11
1,<environment.Job instance at 0x7f9b37c314b0>,14,14,[ 1 11],15,-1,33,-1,19
1,<environment.Job instance at 0x7f9b39272140>,15,27,[10  2],16,-1,46,-1,19
1,<environment.Job instance at 0x7f9b392721e0>,16,27,[13  1],17,-1,46,-1,19
1,<environment.Job instance at 0x7f9b392723c0>,17,22,[2 8],18,-1,46,-1,24
1,<environment.Job instance at 0x7f9b37d7b910>,20,23,[13  4],21,-1,51,-1,28
1,<environment.Job instance at 0x7f9b38567c30>,21,25,[ 4 12],22,-1,53,-1,28
1,<environment.Job instance at 0x7f9b37d7b550>,22,26,[5 5],23,-1,54,-1,28
1,<environment.Job instance at 0x7f9b37a6cfa0>,25,25,[ 2 10],26,-1,70,-1,45
1,<environment.Job instance at 0x7f9b38555230>,26,14,[11  3],27,-1,59,-1,45
1,<environment.Job instance at 0x7f9b3828ad20>,3,17,[ 5 11],4,-1,21,-1,4
1,<environment.Job instance at 0x7f9b383d4730>,9,25,[9 4],10,-1,41,-1,16
1,<environment.Job instance at 0x7f9b383d4230>,10,15,[13  3],11,-1,31,-1,16
1,<environment.Job instance at 0x7f9b383d43c0>,11,17,[ 1 14],12,-1,33,-1,16
1,<environment.Job instance at 0x7f9b383d42d0>,13,28,[ 5 13],14,-1,44,-1,16
1,<environment.Job instance at 0x7f9b383d4690>,14,15,[12  1],15,-1,31,-1,16
1,<environment.Job instance at 0x7f9b383d4fa0>,15,25,[ 5 14],16,-1,41,-1,16
1,<environment.Job instance at 0x7f9b383d4b90>,17,26,[4 9],18,-1,55,-1,29
1,<environment.Job instance at 0x7f9b383d4c80>,18,27,[10  5],19,-1,56,-1,29
1,<environment.Job instance at 0x7f2adadbc460>,3,26,[11  4],4,-1,30,-1,4
1,<environment.Job instance at 0x7f2adadbc5a0>,5,24,[1 5],6,-1,31,-1,7
1,<environment.Job instance at 0x7f2adadbc820>,7,25,[6 2],8,-1,34,-1,9
1,<environment.Job instance at 0x7f2adadbca50>,9,18,[ 2 13],10,-1,28,-1,10
1,<environment.Job instance at 0x7f2adadbcb40>,11,26,[4 8],12,-1,38,-1,12
1,<environment.Job instance at 0x7f2adadbcbe0>,12,26,[ 1 12],13,-1,39,-1,13
1,<environment.Job instance at 0x7f2adadbcc80>,13,18,[ 4 14],14,-1,32,-1,14
1,<environment.Job instance at 0x7f2adadbcdc0>,15,18,[ 2 14],16,-1,40,-1,22
1,<environment.Job instance at 0x7f2adadbce60>,16,16,[ 3 11],17,-1,38,-1,22
1,<environment.Job instance at 0x7f2adadbcf00>,17,28,[ 5 10],18,-1,50,-1,22
1,<environment.Job instance at 0x7f2adadbcfa0>,18,25,[ 4 13],19,-1,47,-1,22
1,<environment.Job instance at 0x7f2adadbc9b0>,19,14,[ 3 11],20,-1,36,-1,22
1,<environment.Job instance at 0x7f2adadbcaf0>,20,27,[13  5],21,-1,49,-1,22
1,<environment.Job instance at 0x7f2adadbf1e0>,21,26,[ 5 12],22,-1,48,-1,22
1,<environment.Job instance at 0x7f2adadbf320>,22,13,[13  1],23,-1,36,-1,23
1,<environment.Job instance at 0x7f2adadbf500>,25,23,[ 3 13],26,-1,60,-1,37
1,<environment.Job instance at 0x7f2adadbf690>,28,25,[ 4 11],29,-1,88,-1,63
1,<environment.Job instance at 0x7f2adadbf730>,29,22,[ 5 13],30,-1,85,-1,63
1,<environment.Job instance at 0x7f2adadc5460>,1,28,[5 1],2,-1,30,-1,2
1,<environment.Job instance at 0x7f2adadbf780>,2,24,[9 2],3,-1,27,-1,3
1,<environment.Job instance at 0x7f2adb2798c0>,3,25,[3 8],4,-1,29,-1,4
1,<environment.Job instance at 0x7f2adb279c80>,4,27,[1 6],5,-1,32,-1,5
1,<environment.Job instance at 0x7f2adb279cd0>,5,14,[ 4 11],6,-1,20,-1,6
1,<environment.Job instance at 0x7f2adb27dc30>,13,20,[13  1],14,-1,34,-1,14
1,<environment.Job instance at 0x7f2adb312690>,14,18,[ 3 14],15,-1,33,-1,15
1,<environment.Job instance at 0x7f2adb3126e0>,15,25,[ 5 14],16,-1,41,-1,16
1,<environment.Job instance at 0x7f2adb3121e0>,16,26,[12  1],17,-1,43,-1,17
1,<environment.Job instance at 0x7f2adb312f50>,17,28,[ 3 10],18,-1,46,-1,18
1,<environment.Job instance at 0x7f2adb3120a0>,18,21,[ 1 11],19,-1,40,-1,19
1,<environment.Job instance at 0x7f2adb27d370>,20,14,[ 2 13],21,-1,35,-1,21
1,<environment.Job instance at 0x7f2adb312c80>,21,20,[8 2],22,-1,54,-1,34
1,<environment.Job instance at 0x7f2adb312410>,24,25,[4 5],25,-1,59,-1,34
1,<environment.Job instance at 0x7f2adb312c30>,26,28,[ 1 13],27,-1,71,-1,43
1,<environment.Job instance at 0x7f2adb312780>,27,26,[ 1 11],28,-1,69,-1,43
1,<environment.Job instance at 0x7f2adb275780>,29,26,[6 5],30,-1,76,-1,50
1,<environment.Job instance at 0x7f2ada48eaf0>,4,17,[14  2],5,-1,22,-1,5
1,<environment.Job instance at 0x7f2ada48e820>,5,27,[4 8],6,-1,33,-1,6
1,<environment.Job instance at 0x7f2ada48e5f0>,6,27,[ 2 12],7,-1,34,-1,7
1,<environment.Job instance at 0x7f2ada8c4690>,7,16,[ 1 14],8,-1,24,-1,8
1,<environment.Job instance at 0x7f2ada8c4730>,8,20,[ 3 14],9,-1,29,-1,9
1,<environment.Job instance at 0x7f2ada8c40f0>,12,14,[14  4],13,-1,27,-1,13
1,<environment.Job instance at 0x7f2ada8c44b0>,13,27,[9 1],14,-1,41,-1,14
1,<environment.Job instance at 0x7f2ada8c48c0>,14,23,[13  2],15,-1,38,-1,15
1,<environment.Job instance at 0x7f2ada8c4640>,15,20,[12  4],16,-1,36,-1,16
1,<environment.Job instance at 0x7f2ada8c4dc0>,17,26,[4 9],18,-1,53,-1,27
1,<environment.Job instance at 0x7f2ada8c4f00>,18,25,[13  3],19,-1,52,-1,27
1,<environment.Job instance at 0x7f2ada8c4c30>,20,26,[5 5],21,-1,53,-1,27
1,<environment.Job instance at 0x7f2ada8c4c80>,21,24,[4 7],22,-1,51,-1,27
1,<environment.Job instance at 0x7f2ada474730>,24,19,[ 3 12],25,-1,58,-1,39
1,<environment.Job instance at 0x7f2ada474690>,25,15,[12  5],26,-1,54,-1,39
1,<environment.Job instance at 0x7f2ada4749b0>,28,20,[ 3 12],29,-1,81,-1,61
1,<environment.Job instance at 0x7f2ada4741e0>,29,16,[12  4],30,-1,77,-1,61
1,<environment.Job instance at 0x7f2ada474d20>,30,16,[12  5],31,-1,77,-1,61
1,<environment.Job instance at 0x7f2ada474c30>,31,20,[ 1 12],32,-1,81,-1,61
1,<environment.Job instance at 0x7f2ada474b90>,32,13,[12  1],33,-1,74,-1,61
1,<environment.Job instance at 0x7f2ada474af0>,33,12,[11  5],34,-1,73,-1,61
1,<environment.Job instance at 0x7f2ada474960>,34,17,[ 3 12],35,-1,78,-1,61
1,<environment.Job instance at 0x7f2ada4748c0>,35,16,[13  4],36,-1,77,-1,61
1,<environment.Job instance at 0x7f2ada4747d0>,36,18,[ 1 12],37,-1,79,-1,61
1,<environment.Job instance at 0x7f2ada474640>,38,15,[ 2 14],39,-1,76,-1,61
1,<environment.Job instance at 0x7f2ae455efa0>,1,26,[ 5 11],2,-1,28,-1,2
1,<environment.Job instance at 0x7f2adaefb820>,5,19,[12  5],6,-1,25,-1,6
1,<environment.Job instance at 0x7f2adb0f91e0>,11,26,[11  5],12,-1,43,-1,17
1,<environment.Job instance at 0x7f2adb0f9820>,15,15,[13  5],16,-1,69,-1,54
1,<environment.Job instance at 0x7f2adb0f9f50>,18,27,[14  3],19,-1,82,-1,55
1,<environment.Job instance at 0x7f2adb0f90f0>,20,26,[ 4 10],21,-1,88,-1,62
1,<environment.Job instance at 0x7f2adb0f9f00>,21,26,[8 3],22,-1,88,-1,62
1,<environment.Job instance at 0x7f2adb0f9c80>,22,23,[12  1],23,-1,85,-1,62
1,<environment.Job instance at 0x7f2adb304280>,23,19,[ 2 13],24,-1,81,-1,62
1,<environment.Job instance at 0x7f2adb304640>,24,22,[11  1],25,-1,84,-1,62
1,<environment.Job instance at 0x7f2adb304e10>,25,22,[ 1 13],26,-1,84,-1,62
1,<environment.Job instance at 0x7f2adb304fa0>,26,24,[ 2 14],27,-1,86,-1,62
1,<environment.Job instance at 0x7f2adb8a3460>,4,15,[ 1 12],5,-1,20,-1,5
1,<environment.Job instance at 0x7f2adb8a35f0>,5,14,[ 1 12],6,-1,20,-1,6
1,<environment.Job instance at 0x7f2adb8a39b0>,7,23,[6 4],8,-1,44,-1,21
1,<environment.Job instance at 0x7f2adb8a3910>,12,13,[14  3],13,-1,34,-1,21
1,<environment.Job instance at 0x7f2adb4260a0>,14,23,[13  3],15,-1,46,-1,23
1,<environment.Job instance at 0x7f2adb426050>,15,14,[ 1 10],16,-1,56,-1,42
1,<environment.Job instance at 0x7f2adb4267d0>,17,16,[11  4],18,-1,67,-1,51
1,<environment.Job instance at 0x7f2adb426780>,19,25,[4 5],20,-1,76,-1,51
1,<environment.Job instance at 0x7f2adb426af0>,20,25,[6 3],21,-1,76,-1,51
1,<environment.Job instance at 0x7f2adb5445f0>,21,20,[11  1],22,-1,71,-1,51
1,<environment.Job instance at 0x7f2adb544af0>,23,13,[12  4],24,-1,68,-1,55
1,<environment.Job instance at 0x7f2adb544e60>,24,24,[5 5],25,-1,79,-1,55
1,<environment.Job instance at 0x7f2adb544be0>,25,13,[ 1 13],26,-1,68,-1,55
1,<environment.Job instance at 0x7f2adb544e10>,26,26,[ 1 13],27,-1,81,-1,55
1,<environment.Job instance at 0x7f2adb47f820>,3,22,[12  5],4,-1,26,-1,4
1,<environment.Job instance at 0x7f2adb47fd20>,5,12,[11  5],6,-1,19,-1,7
1,<environment.Job instance at 0x7f2adb47f190>,7,22,[11  2],8,-1,30,-1,8
1,<environment.Job instance at 0x7f2adb47fe10>,9,17,[13  5],10,-1,27,-1,10
1,<environment.Job instance at 0x7f2adb47f500>,10,12,[ 3 14],11,-1,23,-1,11
1,<environment.Job instance at 0x7f2adb47fdc0>,13,21,[ 3 14],14,-1,38,-1,17
1,<environment.Job instance at 0x7f2ada789230>,16,28,[6 1],17,-1,59,-1,31
1,<environment.Job instance at 0x7f2ada789370>,19,27,[ 4 12],20,-1,71,-1,44
1,<environment.Job instance at 0x7f2ada789140>,20,25,[12  4],21,-1,69,-1,44
1,<environment.Job instance at 0x7f2ada7891e0>,21,20,[ 3 14],22,-1,64,-1,44
1,<environment.Job instance at 0x7f2ada789a00>,22,13,[ 3 14],23,-1,57,-1,44
1,<environment.Job instance at 0x7f2ada789730>,23,13,[11  5],24,-1,57,-1,44
1,<environment.Job instance at 0x7f2ada7897d0>,24,24,[8 4],25,-1,68,-1,44
1,<environment.Job instance at 0x7f2ada789550>,26,20,[12  3],27,-1,66,-1,46
1,<environment.Job instance at 0x7f2ada789b40>,27,25,[13  2],28,-1,71,-1,46
1,<environment.Job instance at 0x7f2ada789a50>,29,25,[1 6],30,-1,83,-1,58
1,<environment.Job instance at 0x7f2adac7f0a0>,30,17,[12  4],31,-1,75,-1,58
1,<environment.Job instance at 0x7f2adac7f320>,31,26,[1 9],32,-1,84,-1,58
1,<environment.Job instance at 0x7f2adac7f1e0>,32,27,[14  4],33,-1,85,-1,58
1,<environment.Job instance at 0x7f2adac7f2d0>,33,18,[14  2],34,-1,76,-1,58
1,<environment.Job instance at 0x7f2adac7fd70>,34,25,[13  3],35,-1,83,-1,58
1,<environment.Job instance at 0x7f2adac7fcd0>,36,23,[12  4],37,-1,84,-1,61
1,<environment.Job instance at 0x7f2adac6b550>,37,25,[9 2],38,-1,86,-1,61
1,<environment.Job instance at 0x7f2adac6b730>,38,20,[11  2],39,-1,81,-1,61
1,<environment.Job instance at 0x7f2adac6beb0>,39,16,[14  4],40,-1,77,-1,61
1,<environment.Job instance at 0x7f2adac6b820>,40,23,[7 4],41,-1,87,-1,64
1,<environment.Job instance at 0x7f2adac6b820>,2,23,[14  4],3,-1,26,-1,3
1,<environment.Job instance at 0x7f2ada38fd20>,3,19,[ 3 14],4,-1,23,-1,4
1,<environment.Job instance at 0x7f2ada38fc30>,4,21,[14  2],5,-1,26,-1,5
1,<environment.Job instance at 0x7f2ada38fdc0>,5,24,[14  2],6,-1,30,-1,6
1,<environment.Job instance at 0x7f2ada38fe60>,6,21,[ 5 11],7,-1,28,-1,7
1,<environment.Job instance at 0x7f2ada38ff00>,7,20,[ 2 12],8,-1,28,-1,8
1,<environment.Job instance at 0x7f2ada38ffa0>,8,23,[ 4 11],9,-1,32,-1,9
1,<environment.Job instance at 0x7f2ada3930a0>,9,16,[ 3 14],10,-1,26,-1,10
1,<environment.Job instance at 0x7f2ada393140>,10,23,[ 3 13],11,-1,34,-1,11
1,<environment.Job instance at 0x7f2ada3931e0>,11,21,[14  4],12,-1,33,-1,12
1,<environment.Job instance at 0x7f2ada393320>,13,24,[ 3 10],14,-1,38,-1,14
1,<environment.Job instance at 0x7f2ada393820>,19,25,[5 8],20,-1,48,-1,23
1,<environment.Job instance at 0x7f2ada3938c0>,20,27,[7 4],21,-1,50,-1,23
1,<environment.Job instance at 0x7f2ada393960>,21,21,[ 3 11],22,-1,44,-1,23
1,<environment.Job instance at 0x7f2ada393a00>,22,14,[12  4],23,-1,37,-1,23
1,<environment.Job instance at 0x7f2ada393780>,24,26,[ 3 12],25,-1,52,-1,26
1,<environment.Job instance at 0x7f2ada393b40>,25,12,[11  4],26,-1,38,-1,26
1,<environment.Job instance at 0x7f2ada393d70>,28,12,[11  3],29,-1,52,-1,40
1,<environment.Job instance at 0x7f2ada393c30>,29,16,[ 3 12],30,-1,56,-1,40
1,<environment.Job instance at 0x7f2ada393fa0>,32,13,[14  1],33,-1,69,-1,56
1,<environment.Job instance at 0x7f2ada395050>,33,24,[8 2],34,-1,80,-1,56
1,<environment.Job instance at 0x7f2ada3950f0>,34,21,[ 2 12],35,-1,77,-1,56
1,<environment.Job instance at 0x7f2ada395230>,35,23,[ 2 12],36,-1,79,-1,56
1,<environment.Job instance at 0x7f2ada395370>,37,26,[ 5 11],38,-1,94,-1,68
1,<environment.Job instance at 0x7f2ada395460>,2,24,[13  3],3,-1,27,-1,3
1,<environment.Job instance at 0x7f2adb2004b0>,4,25,[12  2],5,-1,30,-1,5
1,<environment.Job instance at 0x7f2adb200f50>,5,25,[14  1],6,-1,31,-1,6
1,<environment.Job instance at 0x7f2adb200140>,6,27,[5 5],7,-1,34,-1,7
1,<environment.Job instance at 0x7f2adaa89a50>,8,23,[14  2],9,-1,32,-1,9
1,<environment.Job instance at 0x7f2ada395410>,12,12,[12  4],13,-1,25,-1,13
1,<environment.Job instance at 0x7f2adaa89370>,13,21,[ 2 11],14,-1,35,-1,14
1,<environment.Job instance at 0x7f2adaa893c0>,14,23,[14  3],15,-1,38,-1,15
1,<environment.Job instance at 0x7f2adaa892d0>,15,25,[9 2],16,-1,42,-1,17
1,<environment.Job instance at 0x7f2adaa89820>,17,19,[11  1],18,-1,37,-1,18
1,<environment.Job instance at 0x7f2adaa89230>,21,27,[1 8],22,-1,49,-1,22
1,<environment.Job instance at 0x7f2adb4b5410>,22,19,[ 5 14],23,-1,42,-1,23
1,<environment.Job instance at 0x7f2adb4b5eb0>,25,26,[2 6],26,-1,75,-1,49
1,<environment.Job instance at 0x7f2adb4b5280>,28,25,[14  2],29,-1,88,-1,63
1,<environment.Job instance at 0x7f2adb4b54b0>,29,22,[3 8],30,-1,85,-1,63
1,<environment.Job instance at 0x7f2ada393af0>,1,17,[ 2 13],2,-1,19,-1,2
1,<environment.Job instance at 0x7f2adaf5bfa0>,2,27,[12  4],3,-1,30,-1,3
1,<environment.Job instance at 0x7f2adaf5b050>,4,12,[ 1 12],5,-1,17,-1,5
1,<environment.Job instance at 0x7f2ada2336e0>,6,12,[ 5 12],7,-1,19,-1,7
1,<environment.Job instance at 0x7f2adb09a2d0>,18,14,[11  2],19,-1,78,-1,64
1,<environment.Job instance at 0x7f2ada15f3c0>,19,24,[ 2 14],20,-1,88,-1,64
1,<environment.Job instance at 0x7f2ada15f550>,20,28,[2 7],21,-1,92,-1,64
1,<environment.Job instance at 0x7f2ada15f5f0>,21,13,[ 1 14],22,-1,77,-1,64
1,<environment.Job instance at 0x7f2adab0e9b0>,23,23,[12  2],24,-1,87,-1,64
1,<environment.Job instance at 0x7f2adab0eb40>,24,18,[ 4 12],25,-1,82,-1,64
1,<environment.Job instance at 0x7f2adab0efa0>,25,25,[6 5],26,-1,89,-1,64
1,<environment.Job instance at 0x7f2adab0efa0>,2,20,[11  1],3,-1,23,-1,3
1,<environment.Job instance at 0x7f2adae21730>,4,27,[7 2],5,-1,32,-1,5
1,<environment.Job instance at 0x7f2adae215f0>,6,20,[ 4 13],7,-1,27,-1,7
1,<environment.Job instance at 0x7f2adb1ff4b0>,7,21,[12  5],8,-1,29,-1,8
1,<environment.Job instance at 0x7f2adae21aa0>,9,25,[6 1],10,-1,36,-1,11
1,<environment.Job instance at 0x7f2ada0665a0>,15,25,[6 1],16,-1,50,-1,25
1,<environment.Job instance at 0x7f2adb7a7960>,17,25,[8 3],18,-1,60,-1,35
1,<environment.Job instance at 0x7f2adb7a78c0>,18,13,[13  1],19,-1,48,-1,35
1,<environment.Job instance at 0x7f2adad1ec80>,2,27,[ 5 13],3,-1,30,-1,3
1,<environment.Job instance at 0x7f2ada53cf50>,3,25,[13  4],4,-1,29,-1,4
1,<environment.Job instance at 0x7f2ada53cd20>,4,27,[ 2 14],5,-1,32,-1,5
1,<environment.Job instance at 0x7f2adaa2f1e0>,6,18,[ 4 13],7,-1,25,-1,7
1,<environment.Job instance at 0x7f2adb526a50>,7,12,[ 5 12],8,-1,20,-1,8
1,<environment.Job instance at 0x7f2adb304a00>,11,23,[12  3],12,-1,39,-1,16
1,<environment.Job instance at 0x7f2adb9f2320>,14,12,[13  4],15,-1,42,-1,30
1,<environment.Job instance at 0x7f2adb9f22d0>,15,23,[4 5],16,-1,53,-1,30
1,<environment.Job instance at 0x7f2adad694b0>,19,26,[4 6],20,-1,87,-1,61
1,<environment.Job instance at 0x7f2adad69910>,21,23,[ 4 11],22,-1,84,-1,61
1,<environment.Job instance at 0x7f2adad360f0>,22,26,[ 3 14],23,-1,87,-1,61
1,<environment.Job instance at 0x7f2adad36140>,23,12,[ 2 13],24,-1,73,-1,61
1,<environment.Job instance at 0x7f2adad36550>,24,19,[ 4 11],25,-1,80,-1,61
1,<environment.Job instance at 0x7f2adad362d0>,26,12,[11  1],27,-1,77,-1,65
1,<environment.Job instance at 0x7f2adb9d98c0>,2,16,[ 1 11],3,-1,19,-1,3
1,<environment.Job instance at 0x7f2adb9d90f0>,4,17,[13  1],5,-1,22,-1,5
1,<environment.Job instance at 0x7f2adaaf17d0>,5,23,[ 4 11],6,-1,29,-1,6
1,<environment.Job instance at 0x7f2adaf5b1e0>,6,21,[ 5 14],7,-1,28,-1,7
1,<environment.Job instance at 0x7f2adaf5b140>,7,17,[13  3],8,-1,25,-1,8
1,<environment.Job instance at 0x7f2ada8665a0>,12,23,[ 1 14],13,-1,36,-1,13
1,<environment.Job instance at 0x7f2ada866c30>,13,27,[5 5],14,-1,41,-1,14
1,<environment.Job instance at 0x7f2ada45be60>,15,28,[ 5 11],16,-1,44,-1,16
1,<environment.Job instance at 0x7f2ada45bb90>,16,19,[11  5],17,-1,36,-1,17
1,<environment.Job instance at 0x7f2ada45be10>,17,27,[ 2 14],18,-1,45,-1,18
1,<environment.Job instance at 0x7f2ada45baf0>,18,23,[3 7],19,-1,42,-1,19
1,<environment.Job instance at 0x7f2adb3a0af0>,21,25,[5 8],22,-1,60,-1,35
1,<environment.Job instance at 0x7f2adb176f00>,22,23,[ 3 12],23,-1,58,-1,35
1,<environment.Job instance at 0x7f2ada45b6e0>,23,20,[11  5],24,-1,55,-1,35
1,<environment.Job instance at 0x7f2adb02e5f0>,24,27,[12  3],25,-1,62,-1,35
1,<environment.Job instance at 0x7f2adb02edc0>,25,24,[6 1],26,-1,59,-1,35
1,<environment.Job instance at 0x7f2adb02eaa0>,26,26,[ 1 12],27,-1,61,-1,35
1,<environment.Job instance at 0x7f2adb50a190>,27,13,[12  3],28,-1,48,-1,35
1,<environment.Job instance at 0x7f2adb02e190>,28,25,[1 5],29,-1,60,-1,35
1,<environment.Job instance at 0x7f2adaaf1960>,2,25,[12  1],3,-1,28,-1,3
1,<environment.Job instance at 0x7f2ada830190>,3,24,[5 8],4,-1,28,-1,4
1,<environment.Job instance at 0x7f2adb9fdf00>,4,13,[ 1 13],5,-1,18,-1,5
1,<environment.Job instance at 0x7f2adb9fd730>,6,22,[ 5 11],7,-1,29,-1,7
1,<environment.Job instance at 0x7f2adb9fd500>,7,24,[ 5 13],8,-1,32,-1,8
1,<environment.Job instance at 0x7f2adb9fd640>,8,13,[ 1 14],9,-1,22,-1,9
1,<environment.Job instance at 0x7f2adb9fd1e0>,9,26,[12  4],10,-1,36,-1,10
1,<environment.Job instance at 0x7f2adb9fdb90>,11,21,[13  2],12,-1,33,-1,12
1,<environment.Job instance at 0x7f2adb9fde60>,12,23,[14  5],13,-1,36,-1,13
1,<environment.Job instance at 0x7f2ada937410>,20,18,[ 5 14],21,-1,59,-1,41
1,<environment.Job instance at 0x7f2ada937190>,21,17,[ 3 13],22,-1,58,-1,41
1,<environment.Job instance at 0x7f2ada937230>,22,23,[13  3],23,-1,64,-1,41
1,<environment.Job instance at 0x7f2ada9375f0>,23,18,[ 2 12],24,-1,59,-1,41
1,<environment.Job instance at 0x7f2ada937910>,24,28,[11  1],25,-1,69,-1,41
1,<environment.Job instance at 0x7f2ada937eb0>,26,12,[13  5],27,-1,65,-1,53
1,<environment.Job instance at 0x7f2ada937280>,27,20,[ 5 14],28,-1,73,-1,53
1,<environment.Job instance at 0x7f2ada937370>,28,27,[ 2 14],29,-1,80,-1,53
1,<environment.Job instance at 0x7f2ada9377d0>,29,13,[ 2 10],30,-1,66,-1,53
1,<environment.Job instance at 0x7f2ada937be0>,30,15,[ 4 11],31,-1,68,-1,53
1,<environment.Job instance at 0x7f2ada937050>,31,15,[13  5],32,-1,68,-1,53
1,<environment.Job instance at 0x7f2ada9374b0>,32,13,[14  4],33,-1,66,-1,53
1,<environment.Job instance at 0x7f2ada937aa0>,33,16,[14  2],34,-1,69,-1,53
1,<environment.Job instance at 0x7f2ada937cd0>,34,25,[14  4],35,-1,78,-1,53
1,<environment.Job instance at 0x7f2ada937e60>,35,19,[13  5],36,-1,72,-1,53
1,<environment.Job instance at 0x7f2ada937500>,36,26,[10  2],37,-1,79,-1,53
1,<environment.Job instance at 0x7f2adb823640>,4,12,[ 3 12],5,-1,17,-1,5
1,<environment.Job instance at 0x7f2adb809500>,6,20,[ 3 14],7,-1,27,-1,7
1,<environment.Job instance at 0x7f2adb8094b0>,8,21,[1 7],9,-1,37,-1,16
1,<environment.Job instance at 0x7f2ada9b9e10>,11,22,[8 3],12,-1,52,-1,30
1,<environment.Job instance at 0x7f2ada9b9d20>,14,12,[ 5 11],15,-1,42,-1,30
1,<environment.Job instance at 0x7f2adae3f140>,16,17,[14  2],17,-1,47,-1,30
1,<environment.Job instance at 0x7f2adae3f280>,17,17,[ 1 12],18,-1,47,-1,30
1,<environment.Job instance at 0x7f2adae3f2d0>,19,22,[ 3 14],20,-1,68,-1,46
1,<environment.Job instance at 0x7f2adae3f3c0>,20,15,[ 2 11],21,-1,61,-1,46
1,<environment.Job instance at 0x7f2adae3f5a0>,21,22,[ 2 13],22,-1,68,-1,46
1,<environment.Job instance at 0x7f2adae3f6e0>,23,26,[ 4 14],24,-1,76,-1,50
1,<environment.Job instance at 0x7f2adae3f820>,25,26,[3 9],26,-1,89,-1,63
1,<environment.Job instance at 0x7f2adae3f8c0>,26,23,[10  3],27,-1,86,-1,63
1,<environment.Job instance at 0x7f2adae3f960>,27,23,[8 2],28,-1,86,-1,63
1,<environment.Job instance at 0x7f2adae3fa00>,28,26,[ 2 11],29,-1,89,-1,63
1,<environment.Job instance at 0x7f2adae3fb90>,29,27,[6 4],30,-1,90,-1,63
1,<environment.Job instance at 0x7f2adae3fdc0>,30,25,[ 4 14],31,-1,88,-1,63
1,<environment.Job instance at 0x7f2adb8098c0>,2,23,[ 4 13],3,-1,26,-1,3
1,<environment.Job instance at 0x7f2ada84c3c0>,4,26,[11  4],5,-1,31,-1,5
1,<environment.Job instance at 0x7f2ada1267d0>,7,13,[ 3 13],8,-1,21,-1,8
1,<environment.Job instance at 0x7f2ada216050>,8,15,[14  4],9,-1,24,-1,9
1,<environment.Job instance at 0x7f2ada216cd0>,9,18,[ 3 14],10,-1,28,-1,10
1,<environment.Job instance at 0x7f2ada216be0>,10,28,[5 2],11,-1,40,-1,12
1,<environment.Job instance at 0x7f2ae3ede8c0>,17,21,[11  3],18,-1,56,-1,35
1,<environment.Job instance at 0x7f2adb8d4460>,19,23,[5 5],20,-1,65,-1,42
1,<environment.Job instance at 0x7f2adb2004b0>,21,14,[11  3],22,-1,56,-1,42
1,<environment.Job instance at 0x7f2ada2495a0>,22,28,[2 7],23,-1,70,-1,42
1,<environment.Job instance at 0x7f2ada249960>,23,27,[11  2],24,-1,69,-1,42
1,<environment.Job instance at 0x7f2ada6d1a50>,1,14,[ 3 14],2,-1,16,-1,2
1,<environment.Job instance at 0x7f2adabf9730>,2,20,[ 4 11],3,-1,23,-1,3
1,<environment.Job instance at 0x7f2adabf9780>,4,22,[11  1],5,-1,27,-1,5
1,<environment.Job instance at 0x7f2adb547730>,11,28,[11  4],12,-1,40,-1,12
1,<environment.Job instance at 0x7f2adb547b40>,12,22,[ 5 12],13,-1,35,-1,13
1,<environment.Job instance at 0x7f2adb547640>,14,25,[9 5],15,-1,51,-1,26
1,<environment.Job instance at 0x7f2adb3eb690>,18,22,[ 1 13],19,-1,64,-1,42
1,<environment.Job instance at 0x7f2adb3ebaa0>,19,26,[7 2],20,-1,68,-1,42
1,<environment.Job instance at 0x7f2adb3eb1e0>,20,15,[13  5],21,-1,57,-1,42
1,<environment.Job instance at 0x7f2ae3ede960>,22,25,[10  3],23,-1,81,-1,56
1,<environment.Job instance at 0x7f2ae3ede500>,23,18,[ 4 11],24,-1,74,-1,56
1,<environment.Job instance at 0x7f2ada2b3b40>,25,18,[ 5 14],26,-1,74,-1,56
1,<environment.Job instance at 0x7f2ae3f62320>,26,18,[ 3 11],27,-1,74,-1,56
1,<environment.Job instance at 0x7f2ada7ce050>,27,27,[11  1],28,-1,83,-1,56
1,<environment.Job instance at 0x7f2adb8a35a0>,28,28,[11  2],29,-1,84,-1,56
1,<environment.Job instance at 0x7f2adb8a32d0>,29,23,[ 4 11],30,-1,79,-1,56
1,<environment.Job instance at 0x7f2ada3cabe0>,30,22,[ 1 14],31,-1,78,-1,56
1,<environment.Job instance at 0x7f2ada3cabe0>,3,15,[12  2],4,-1,19,-1,4
1,<environment.Job instance at 0x7f2adaa1f7d0>,4,20,[12  3],5,-1,25,-1,5
1,<environment.Job instance at 0x7f2adaa1fcd0>,6,26,[13  3],7,-1,33,-1,7
1,<environment.Job instance at 0x7f2adaa1f320>,7,23,[9 5],8,-1,41,-1,18
1,<environment.Job instance at 0x7f2ada60d960>,10,13,[13  3],11,-1,31,-1,18
1,<environment.Job instance at 0x7f2adaa1f550>,11,12,[12  5],12,-1,30,-1,18
1,<environment.Job instance at 0x7f2ada60d410>,12,14,[12  5],13,-1,32,-1,18
1,<environment.Job instance at 0x7f2adaa3feb0>,13,22,[14  5],14,-1,40,-1,18
1,<environment.Job instance at 0x7f2adaa3f500>,14,19,[5 2],15,-1,43,-1,24
1,<environment.Job instance at 0x7f2adaa3ff50>,18,14,[12  2],19,-1,38,-1,24
1,<environment.Job instance at 0x7f2adaa3f5f0>,19,23,[ 5 11],20,-1,47,-1,24
1,<environment.Job instance at 0x7f2adaa3fd20>,20,12,[9 5],21,-1,36,-1,24
1,<environment.Job instance at 0x7f2adaa3faa0>,21,14,[ 3 11],22,-1,38,-1,24
1,<environment.Job instance at 0x7f2adaa3fb90>,22,15,[11  2],23,-1,39,-1,24
1,<environment.Job instance at 0x7f2adaa3fc30>,23,17,[ 5 11],24,-1,41,-1,24
1,<environment.Job instance at 0x7f2ad9fee3c0>,24,12,[8 3],25,-1,37,-1,25
1,<environment.Job instance at 0x7f2ada5f6a50>,25,18,[ 2 10],26,-1,44,-1,26
1,<environment.Job instance at 0x7f2ada5f61e0>,29,25,[9 4],30,-1,77,-1,52
1,<environment.Job instance at 0x7f2adb87cfa0>,30,15,[13  3],31,-1,67,-1,52
1,<environment.Job instance at 0x7f2adb8469b0>,31,17,[ 1 14],32,-1,69,-1,52
1,<environment.Job instance at 0x7f2adb846b40>,33,28,[ 5 13],34,-1,81,-1,53
1,<environment.Job instance at 0x7f2adaa2e5f0>,34,15,[12  1],35,-1,68,-1,53
1,<environment.Job instance at 0x7f2adaa2efa0>,35,25,[ 5 14],36,-1,78,-1,53
1,<environment.Job instance at 0x7f2ada5f4a00>,37,26,[4 9],38,-1,95,-1,69
1,<environment.Job instance at 0x7f2adb1295a0>,38,27,[10  5],39,-1,96,-1,69
1,<environment.Job instance at 0x7f2ada005d70>,39,18,[11  4],40,-1,87,-1,69
1,<environment.Job instance at 0x7f2ada013f00>,40,14,[14  4],41,-1,83,-1,69
1,<environment.Job instance at 0x7f2ada5f4dc0>,41,26,[ 5 12],42,-1,95,-1,69
1,<environment.Job instance at 0x7f2adb8700f0>,4,27,[ 3 14],5,-1,32,-1,5
1,<environment.Job instance at 0x7f2adacdef50>,6,27,[3 6],7,-1,34,-1,7
1,<environment.Job instance at 0x7f2adacde370>,11,12,[ 3 13],12,-1,34,-1,22
1,<environment.Job instance at 0x7f2adacde320>,12,17,[14  5],13,-1,39,-1,22
1,<environment.Job instance at 0x7f2adacde690>,13,15,[14  2],14,-1,37,-1,22
1,<environment.Job instance at 0x7f2adacde820>,14,15,[ 1 12],15,-1,37,-1,22
1,<environment.Job instance at 0x7f2adad17870>,16,12,[10  1],17,-1,48,-1,36
1,<environment.Job instance at 0x7f2adad17f50>,18,12,[ 1 12],19,-1,65,-1,53
1,<environment.Job instance at 0x7f2adad17730>,20,16,[ 1 10],21,-1,71,-1,55
1,<environment.Job instance at 0x7f2adad17280>,21,22,[14  3],22,-1,77,-1,55
1,<environment.Job instance at 0x7f2adad176e0>,22,22,[11  5],23,-1,77,-1,55
1,<environment.Job instance at 0x7f2adacf2cd0>,1,14,[ 3 13],2,-1,16,-1,2
1,<environment.Job instance at 0x7f2adacf27d0>,3,19,[12  4],4,-1,23,-1,4
1,<environment.Job instance at 0x7f2adb246b90>,15,26,[ 5 13],16,-1,74,-1,48
1,<environment.Job instance at 0x7f2adb246910>,17,15,[11  1],18,-1,82,-1,67
1,<environment.Job instance at 0x7f2adb246e10>,18,19,[13  4],19,-1,86,-1,67
1,<environment.Job instance at 0x7f2adb2460a0>,20,12,[ 3 11],21,-1,79,-1,67
1,<environment.Job instance at 0x7f2ae3fcb460>,1,18,[ 2 11],2,-1,20,-1,2
1,<environment.Job instance at 0x7f2ae3fcb7d0>,3,18,[13  2],4,-1,22,-1,4
1,<environment.Job instance at 0x7f2ae3fcbf50>,4,28,[7 1],5,-1,33,-1,5
1,<environment.Job instance at 0x7f2ae3fcb280>,5,23,[ 5 13],6,-1,29,-1,6
1,<environment.Job instance at 0x7f2ae3fcb5f0>,6,23,[2 7],7,-1,30,-1,7
1,<environment.Job instance at 0x7f2ae3fcb960>,7,28,[ 1 10],8,-1,36,-1,8
1,<environment.Job instance at 0x7f2ae3fcbfa0>,8,25,[ 2 12],9,-1,34,-1,9
1,<environment.Job instance at 0x7f2ae3fcb2d0>,9,12,[ 4 14],10,-1,22,-1,10
1,<environment.Job instance at 0x7f2adb765af0>,10,28,[10  3],11,-1,39,-1,11
1,<environment.Job instance at 0x7f2adb7655f0>,11,23,[11  2],12,-1,35,-1,12
1,<environment.Job instance at 0x7f2ada224550>,14,27,[1 7],15,-1,42,-1,15
1,<environment.Job instance at 0x7f2ada224690>,15,16,[12  5],16,-1,32,-1,16
1,<environment.Job instance at 0x7f2adb765280>,16,22,[ 3 12],17,-1,39,-1,17
1,<environment.Job instance at 0x7f2ada227aa0>,18,28,[11  3],19,-1,47,-1,19
1,<environment.Job instance at 0x7f2ada227c30>,19,24,[ 5 12],20,-1,44,-1,20
1,<environment.Job instance at 0x7f2adaeb7af0>,20,27,[2 5],21,-1,48,-1,21
1,<environment.Job instance at 0x7f2adb62ce60>,21,13,[ 3 13],22,-1,35,-1,22
1,<environment.Job instance at 0x7f2adb62cdc0>,22,23,[14  4],23,-1,46,-1,23
1,<environment.Job instance at 0x7f2adb62c460>,23,17,[13  5],24,-1,41,-1,24
1,<environment.Job instance at 0x7f2adb62caf0>,24,22,[13  1],25,-1,47,-1,25
1,<environment.Job instance at 0x7f2adb62cd70>,25,24,[12  4],26,-1,50,-1,26
1,<environment.Job instance at 0x7f2adb62c500>,26,25,[6 3],27,-1,52,-1,27
1,<environment.Job instance at 0x7f2adb62c780>,27,27,[9 5],28,-1,55,-1,28
1,<environment.Job instance at 0x7f2adb62c640>,28,18,[ 3 11],29,-1,47,-1,29
1,<environment.Job instance at 0x7f2adb62c730>,29,14,[ 2 13],30,-1,44,-1,30
1,<environment.Job instance at 0x7f9c9e114460>,3,26,[11  4],4,-1,30,-1,4
1,<environment.Job instance at 0x7f9c9e1145a0>,5,24,[1 5],6,-1,31,-1,7
1,<environment.Job instance at 0x7f9c9e114960>,8,22,[14  3],9,-1,31,-1,9
1,<environment.Job instance at 0x7f9c9e114820>,9,18,[ 2 13],10,-1,28,-1,10
1,<environment.Job instance at 0x7f9c9e114a00>,10,18,[ 3 11],11,-1,29,-1,11
1,<environment.Job instance at 0x7f9c9e114af0>,11,26,[4 8],12,-1,38,-1,12
1,<environment.Job instance at 0x7f9c9e114aa0>,12,26,[ 1 12],13,-1,39,-1,13
1,<environment.Job instance at 0x7f9c9e114c30>,13,18,[ 4 14],14,-1,32,-1,14
1,<environment.Job instance at 0x7f9c9e114dc0>,16,16,[ 3 11],17,-1,33,-1,17
1,<environment.Job instance at 0x7f9c9e114f00>,17,28,[ 5 10],18,-1,46,-1,18
1,<environment.Job instance at 0x7f9c9e114fa0>,18,25,[ 4 13],19,-1,44,-1,19
1,<environment.Job instance at 0x7f9c9e118050>,19,14,[ 3 11],20,-1,34,-1,20
1,<environment.Job instance at 0x7f9c9e1180f0>,20,27,[13  5],21,-1,48,-1,21
1,<environment.Job instance at 0x7f9c9e118190>,21,26,[ 5 12],22,-1,48,-1,22
1,<environment.Job instance at 0x7f9c9e118230>,22,13,[13  1],23,-1,36,-1,23
1,<environment.Job instance at 0x7f9c9e118370>,24,13,[ 3 14],25,-1,38,-1,25
1,<environment.Job instance at 0x7f9c9e118500>,25,23,[ 3 13],26,-1,49,-1,26
1,<environment.Job instance at 0x7f9c9e1183c0>,26,26,[1 8],27,-1,53,-1,27
1,<environment.Job instance at 0x7f9c9e1185a0>,27,25,[5 7],28,-1,53,-1,28
1,<environment.Job instance at 0x7f9c9e118640>,28,25,[ 4 11],29,-1,54,-1,29
1,<environment.Job instance at 0x7f9c9e1186e0>,29,22,[ 5 13],30,-1,52,-1,30
1,<environment.Job instance at 0x7f9c9e118780>,30,27,[4 8],31,-1,58,-1,31
1,<environment.Job instance at 0x7f9c9e118820>,31,20,[11  5],32,-1,52,-1,32
1,<environment.Job instance at 0x7f9c9e1188c0>,32,27,[11  3],33,-1,60,-1,33
1,<environment.Job instance at 0x7f9c9e118a00>,34,24,[1 8],35,-1,59,-1,35
1,<environment.Job instance at 0x7f9c9e114e60>,36,13,[ 3 14],37,-1,52,-1,39
1,<environment.Job instance at 0x7f9c9e118d20>,37,28,[ 2 12],38,-1,67,-1,39
1,<environment.Job instance at 0x7f9c9e118dc0>,38,20,[ 1 10],39,-1,59,-1,39
1,<environment.Job instance at 0x7f9c9e118c80>,39,24,[5 6],40,-1,64,-1,40
1,<environment.Job instance at 0x7f9c9e118fa0>,41,27,[14  1],42,-1,81,-1,54
1,<environment.Job instance at 0x7f9c9e64e6e0>,4,18,[ 3 14],5,-1,23,-1,5
1,<environment.Job instance at 0x7f9c9e64e690>,5,25,[ 5 14],6,-1,31,-1,6
1,<environment.Job instance at 0x7f9c9e64ebe0>,6,26,[12  1],7,-1,33,-1,7
1,<environment.Job instance at 0x7f9c9e64e7d0>,7,28,[ 3 10],8,-1,36,-1,8
1,<environment.Job instance at 0x7f9c9e118cd0>,3,20,[13  1],4,-1,28,-1,8
1,<environment.Job instance at 0x7f9c9e64e8c0>,10,14,[ 2 13],11,-1,25,-1,11
1,<environment.Job instance at 0x7f9c9e622320>,16,28,[ 1 13],17,-1,52,-1,24
1,<environment.Job instance at 0x7f9c9e622460>,17,26,[ 1 11],18,-1,51,-1,25
1,<environment.Job instance at 0x7f9c9d86c7d0>,4,19,[ 3 12],5,-1,24,-1,5
1,<environment.Job instance at 0x7f9c9d86c6e0>,5,15,[12  5],6,-1,23,-1,8
1,<environment.Job instance at 0x7f9c9d86caa0>,8,20,[ 3 12],9,-1,29,-1,9
1,<environment.Job instance at 0x7f9c9d86cb90>,9,16,[12  4],10,-1,26,-1,10
1,<environment.Job instance at 0x7f9c9d86c140>,11,20,[ 1 12],12,-1,32,-1,12
1,<environment.Job instance at 0x7f9c9d86c0a0>,12,13,[12  1],13,-1,26,-1,13
1,<environment.Job instance at 0x7f9c9d86cf50>,13,12,[11  5],14,-1,26,-1,14
1,<environment.Job instance at 0x7f9c9d86c320>,14,17,[ 3 12],15,-1,32,-1,15
1,<environment.Job instance at 0x7f9c9d86cc30>,15,16,[13  4],16,-1,33,-1,17
1,<environment.Job instance at 0x7f9c9d86cf00>,16,18,[ 1 12],17,-1,35,-1,17
1,<environment.Job instance at 0x7f9c9d7f58c0>,22,20,[13  3],23,-1,70,-1,50
1,<environment.Job instance at 0x7f9c9d7f5730>,23,21,[ 4 12],24,-1,71,-1,50
1,<environment.Job instance at 0x7f9c9d7f5230>,25,27,[5 9],26,-1,87,-1,60
1,<environment.Job instance at 0x7f9c9d7f5500>,26,27,[2 9],27,-1,87,-1,60
1,<environment.Job instance at 0x7f9c9d7f5820>,27,21,[11  4],28,-1,81,-1,60
1,<environment.Job instance at 0x7f9c9d7f5b40>,28,12,[14  5],29,-1,72,-1,60
1,<environment.Job instance at 0x7f9c9d7f5aa0>,29,16,[12  3],30,-1,76,-1,60
1,<environment.Job instance at 0x7f9c9d7f50a0>,30,17,[12  2],31,-1,77,-1,60
1,<environment.Job instance at 0x7f9c9d7f5370>,31,28,[2 8],32,-1,88,-1,60
1,<environment.Job instance at 0x7f9c9d7f5690>,33,21,[12  2],34,-1,83,-1,62
1,<environment.Job instance at 0x7f9c9d7f5280>,34,21,[ 5 11],35,-1,83,-1,62
1,<environment.Job instance at 0x7f9c9d7f5410>,35,26,[ 5 10],36,-1,88,-1,62
1,<environment.Job instance at 0x7f9c9d7f5a00>,36,27,[12  4],37,-1,89,-1,62
1,<environment.Job instance at 0x7f9c9d7f52d0>,37,27,[14  3],38,-1,89,-1,62
1,<environment.Job instance at 0x7f9c9d7f5eb0>,39,14,[ 1 12],40,-1,86,-1,72
1,<environment.Job instance at 0x7f9c9d855050>,41,14,[13  5],42,-1,90,-1,76
1,<environment.Job instance at 0x7f9c9d855e10>,42,25,[11  2],43,-1,101,-1,76
1,<environment.Job instance at 0x7f9c9d8553c0>,43,14,[12  2],44,-1,90,-1,76
1,<environment.Job instance at 0x7f9c9d8552d0>,44,28,[8 4],45,-1,104,-1,76
1,<environment.Job instance at 0x7f9c9d810230>,1,24,[14  3],2,-1,26,-1,2
1,<environment.Job instance at 0x7f9c9d8559b0>,2,23,[13  5],3,-1,26,-1,3
1,<environment.Job instance at 0x7f9c9e3c93c0>,3,21,[12  3],4,-1,25,-1,4
1,<environment.Job instance at 0x7f9c9e3c9960>,5,28,[ 4 11],6,-1,34,-1,6
1,<environment.Job instance at 0x7f9c9e3c9f50>,6,18,[ 4 12],7,-1,25,-1,7
1,<environment.Job instance at 0x7f9c9e3c9d70>,7,22,[14  1],8,-1,30,-1,8
1,<environment.Job instance at 0x7f9c9e3c9410>,8,25,[7 3],9,-1,34,-1,9
1,<environment.Job instance at 0x7f9c9e3c9f00>,9,27,[ 4 13],10,-1,37,-1,10
1,<environment.Job instance at 0x7f9c9e6c55f0>,10,26,[8 4],11,-1,37,-1,11
1,<environment.Job instance at 0x7f9c9d8552d0>,13,16,[14  1],14,-1,30,-1,14
1,<environment.Job instance at 0x7f9c9e6c54b0>,14,27,[ 1 10],15,-1,43,-1,16
1,<environment.Job instance at 0x7f9c9e6c5780>,16,19,[13  1],17,-1,36,-1,17
1,<environment.Job instance at 0x7f9c9e6c5be0>,17,15,[12  2],18,-1,33,-1,18
1,<environment.Job instance at 0x7f9c9e6c5370>,18,20,[11  2],19,-1,39,-1,19
1,<environment.Job instance at 0x7f9c9e6c5960>,19,25,[ 2 13],20,-1,45,-1,20
1,<environment.Job instance at 0x7f9c9e8403c0>,22,24,[ 3 13],23,-1,47,-1,23
1,<environment.Job instance at 0x7f9c9e840460>,23,15,[ 2 13],24,-1,39,-1,24
1,<environment.Job instance at 0x7f9c9e840dc0>,24,13,[ 5 14],25,-1,38,-1,25
1,<environment.Job instance at 0x7f9c9e840c30>,25,20,[11  2],26,-1,48,-1,28
1,<environment.Job instance at 0x7f9c9e840690>,29,15,[14  4],30,-1,50,-1,35
1,<environment.Job instance at 0x7f9c9e840410>,31,23,[13  1],32,-1,64,-1,41
1,<environment.Job instance at 0x7f9c9e840640>,33,26,[ 1 11],34,-1,81,-1,55
1,<environment.Job instance at 0x7f9c9e840f50>,34,14,[ 3 13],35,-1,69,-1,55
1,<environment.Job instance at 0x7f9c9e840aa0>,37,27,[10  3],38,-1,94,-1,67
1,<environment.Job instance at 0x7f9c9e840eb0>,38,16,[12  5],39,-1,83,-1,67
1,<environment.Job instance at 0x7f9c9e840960>,39,14,[14  5],40,-1,81,-1,67
1,<environment.Job instance at 0x7f9c9e840910>,40,13,[ 5 13],41,-1,80,-1,67
1,<environment.Job instance at 0x7f9c9e840b90>,42,26,[13  2],43,-1,96,-1,70
1,<environment.Job instance at 0x7f9c9d8f5af0>,43,22,[9 5],44,-1,100,-1,78
1,<environment.Job instance at 0x7f9c9d8f5d70>,44,15,[ 1 12],45,-1,93,-1,78
1,<environment.Job instance at 0x7f9c9d8f5230>,45,14,[ 1 12],46,-1,92,-1,78
1,<environment.Job instance at 0x7f9c9d8f5410>,47,23,[6 4],48,-1,101,-1,78
1,<environment.Job instance at 0x7f9c9d8f5fa0>,48,26,[ 3 11],49,-1,104,-1,78
1,<environment.Job instance at 0x7f9c9e9143c0>,2,18,[12  1],3,-1,21,-1,3
1,<environment.Job instance at 0x7f9c9e8ff820>,5,25,[8 5],6,-1,31,-1,6
1,<environment.Job instance at 0x7f9c9e8ff780>,6,17,[ 1 12],7,-1,24,-1,7
1,<environment.Job instance at 0x7f9c9e914280>,8,18,[ 2 14],9,-1,27,-1,9
1,<environment.Job instance at 0x7f9c9e8ffd70>,9,24,[11  1],10,-1,34,-1,10
1,<environment.Job instance at 0x7f9c9e8ffdc0>,11,24,[12  5],12,-1,36,-1,12
1,<environment.Job instance at 0x7f9c9e8ffd20>,12,23,[10  2],13,-1,36,-1,13
1,<environment.Job instance at 0x7f9c9e8ffaf0>,13,15,[ 1 11],14,-1,29,-1,14
1,<environment.Job instance at 0x7f9c9e155910>,14,16,[ 5 12],15,-1,31,-1,15
1,<environment.Job instance at 0x7f9c9e1552d0>,15,27,[ 4 14],16,-1,43,-1,16
1,<environment.Job instance at 0x7f9c9e8fff50>,10,25,[7 1],11,-1,41,-1,16
1,<environment.Job instance at 0x7f9c9e8ffe10>,16,23,[ 2 11],17,-1,40,-1,17
1,<environment.Job instance at 0x7f9c9e155190>,17,13,[ 4 12],18,-1,31,-1,18
1,<environment.Job instance at 0x7f9c9e155280>,19,17,[13  3],20,-1,37,-1,20
1,<environment.Job instance at 0x7f9c9e1557d0>,24,16,[ 2 12],25,-1,41,-1,25
1,<environment.Job instance at 0x7f9c9e155e10>,25,12,[ 4 14],26,-1,38,-1,26
1,<environment.Job instance at 0x7f9c9e155a00>,29,23,[ 2 13],30,-1,77,-1,54
1,<environment.Job instance at 0x7f9c9e1730a0>,30,12,[14  1],31,-1,66,-1,54
1,<environment.Job instance at 0x7f9c9e173a50>,31,28,[ 1 13],32,-1,82,-1,54
1,<environment.Job instance at 0x7f9c9e7c4050>,33,22,[12  5],34,-1,84,-1,62
1,<environment.Job instance at 0x7f9c9ec451e0>,35,12,[11  5],36,-1,81,-1,69
1,<environment.Job instance at 0x7f9c9ec45e10>,37,22,[11  2],38,-1,100,-1,78
1,<environment.Job instance at 0x7f9c9df2ec30>,3,15,[ 1 13],4,-1,19,-1,4
1,<environment.Job instance at 0x7f9c9df2e910>,4,20,[12  2],5,-1,25,-1,5
1,<environment.Job instance at 0x7f9c9df2e500>,8,22,[12  3],9,-1,31,-1,9
1,<environment.Job instance at 0x7f9c9df2ea50>,11,23,[10  4],12,-1,61,-1,38
1,<environment.Job instance at 0x7f9c9df2e960>,12,13,[ 1 10],13,-1,51,-1,38
1,<environment.Job instance at 0x7f9c9df2e4b0>,16,17,[ 3 10],17,-1,75,-1,58
1,<environment.Job instance at 0x7f9c9e277be0>,19,18,[14  4],20,-1,88,-1,70
1,<environment.Job instance at 0x7f9c9e277960>,20,22,[ 4 14],21,-1,92,-1,70
1,<environment.Job instance at 0x7f9c9e277870>,21,20,[11  4],22,-1,90,-1,70
1,<environment.Job instance at 0x7f9c9e277410>,22,23,[14  4],23,-1,93,-1,70
1,<environment.Job instance at 0x7f9c9e277230>,23,19,[ 3 14],24,-1,89,-1,70
1,<environment.Job instance at 0x7f9c9e2778c0>,24,21,[14  2],25,-1,91,-1,70
1,<environment.Job instance at 0x7f9c9e2774b0>,25,24,[14  2],26,-1,94,-1,70
1,<environment.Job instance at 0x7f9c9e277aa0>,26,21,[ 5 11],27,-1,91,-1,70
1,<environment.Job instance at 0x7f9c9e277a50>,27,20,[ 2 12],28,-1,90,-1,70
1,<environment.Job instance at 0x7f9c9e2770f0>,28,23,[ 4 11],29,-1,93,-1,70
1,<environment.Job instance at 0x7f9c9e2770a0>,29,16,[ 3 14],30,-1,86,-1,70
1,<environment.Job instance at 0x7f9c9e277cd0>,30,23,[ 3 13],31,-1,93,-1,70
1,<environment.Job instance at 0x7f9c9e277e60>,31,21,[14  4],32,-1,91,-1,70
1,<environment.Job instance at 0x7f9c9dad3f50>,1,27,[1 8],2,-1,29,-1,2
1,<environment.Job instance at 0x7f9c9d7822d0>,3,24,[11  3],4,-1,28,-1,4
1,<environment.Job instance at 0x7f9c9d782460>,4,18,[13  3],5,-1,23,-1,5
1,<environment.Job instance at 0x7f9c9e277e60>,7,23,[13  3],8,-1,31,-1,8
1,<environment.Job instance at 0x7f9c9d782a00>,12,24,[13  3],13,-1,45,-1,21
1,<environment.Job instance at 0x7f9c9d782b40>,14,25,[12  2],15,-1,46,-1,21
1,<environment.Job instance at 0x7f9c9d782be0>,15,25,[14  1],16,-1,46,-1,21
1,<environment.Job instance at 0x7f9c9d782c80>,16,27,[5 5],17,-1,48,-1,21
1,<environment.Job instance at 0x7f9c9d782dc0>,18,23,[14  2],19,-1,59,-1,36
1,<environment.Job instance at 0x7f9c9d782550>,22,12,[12  4],23,-1,66,-1,54
1,<environment.Job instance at 0x7f9c9d78b230>,23,21,[ 2 11],24,-1,75,-1,54
1,<environment.Job instance at 0x7f9c9d78b2d0>,24,23,[14  3],25,-1,77,-1,54
1,<environment.Job instance at 0x7f9c9d78b370>,25,25,[9 2],26,-1,79,-1,54
1,<environment.Job instance at 0x7f9c9d78b690>,30,23,[ 2 11],31,-1,100,-1,77
1,<environment.Job instance at 0x7f9c9d78b730>,31,27,[1 8],32,-1,104,-1,77
1,<environment.Job instance at 0x7f9c9d78b7d0>,32,19,[ 5 14],33,-1,96,-1,77
1,<environment.Job instance at 0x7f9c9dfdb6e0>,1,17,[ 2 13],2,-1,19,-1,2
1,<environment.Job instance at 0x7f9c9d78b640>,2,27,[12  4],3,-1,30,-1,3
1,<environment.Job instance at 0x7f9c9e89dc80>,4,12,[ 1 12],5,-1,17,-1,5
1,<environment.Job instance at 0x7f9c9e89d500>,6,12,[ 5 12],7,-1,19,-1,7
1,<environment.Job instance at 0x7f9c9e05e190>,17,22,[13  4],18,-1,72,-1,50
1,<environment.Job instance at 0x7f9c9e05e050>,18,14,[11  2],19,-1,64,-1,50
1,<environment.Job instance at 0x7f9c9e05ef50>,19,24,[ 2 14],20,-1,74,-1,50
1,<environment.Job instance at 0x7f9c9e05e6e0>,20,28,[2 7],21,-1,78,-1,50
1,<environment.Job instance at 0x7f9c9e05e2d0>,21,13,[ 1 14],22,-1,63,-1,50
1,<environment.Job instance at 0x7f9c9e05efa0>,23,23,[12  2],24,-1,84,-1,61
1,<environment.Job instance at 0x7f9c9e05e320>,24,18,[ 4 12],25,-1,79,-1,61
1,<environment.Job instance at 0x7f9c9e05e500>,25,25,[6 5],26,-1,86,-1,61
1,<environment.Job instance at 0x7f9c9e05e640>,27,27,[5 9],28,-1,91,-1,64
1,<environment.Job instance at 0x7f9c9e05e780>,28,27,[2 6],29,-1,91,-1,64
1,<environment.Job instance at 0x7f9c9e05e0f0>,29,17,[ 4 14],30,-1,81,-1,64
1,<environment.Job instance at 0x7f9c9e5bddc0>,30,15,[ 2 14],31,-1,79,-1,64
1,<environment.Job instance at 0x7f9c9e5bd6e0>,31,17,[ 5 13],32,-1,81,-1,64
1,<environment.Job instance at 0x7f9c9e5bde60>,32,23,[12  3],33,-1,87,-1,64
1,<environment.Job instance at 0x7f9c9e5bdfa0>,33,20,[14  1],34,-1,84,-1,64
1,<environment.Job instance at 0x7f9c9dd41500>,2,27,[5 1],3,-1,30,-1,3
1,<environment.Job instance at 0x7f9c9dd410a0>,4,17,[14  5],5,-1,22,-1,5
1,<environment.Job instance at 0x7f9c9dd412d0>,5,25,[6 1],6,-1,31,-1,6
1,<environment.Job instance at 0x7f9c9dd41fa0>,7,25,[8 3],8,-1,33,-1,8
1,<environment.Job instance at 0x7f9c9d4b6f50>,9,16,[ 5 10],10,-1,29,-1,13
1,<environment.Job instance at 0x7f9c9ec83690>,12,19,[12  1],13,-1,32,-1,13
1,<environment.Job instance at 0x7f9c9ec83b90>,13,26,[4 7],14,-1,40,-1,14
1,<environment.Job instance at 0x7f9c9ec836e0>,14,21,[6 5],15,-1,37,-1,16
1,<environment.Job instance at 0x7f9c9d48f230>,16,20,[3 6],17,-1,38,-1,18
1,<environment.Job instance at 0x7f9c9ec83a50>,17,13,[9 4],18,-1,31,-1,18
1,<environment.Job instance at 0x7f9c9d48f730>,18,19,[ 5 10],19,-1,38,-1,19
1,<environment.Job instance at 0x7f9c9d48f0a0>,22,28,[9 1],23,-1,51,-1,23
1,<environment.Job instance at 0x7f9c9d48f690>,23,15,[4 9],24,-1,39,-1,24
1,<environment.Job instance at 0x7f9c9d48f370>,24,15,[13  2],25,-1,40,-1,25
1,<environment.Job instance at 0x7f9c9d342fa0>,25,17,[12  3],26,-1,43,-1,26
1,<environment.Job instance at 0x7f9c9d342eb0>,26,28,[ 4 12],27,-1,55,-1,27
1,<environment.Job instance at 0x7f9c9d3420f0>,27,25,[2 6],28,-1,53,-1,28
1,<environment.Job instance at 0x7f9c9d48f0f0>,29,18,[1 9],30,-1,52,-1,34
1,<environment.Job instance at 0x7f9c9d39a640>,31,15,[3 9],32,-1,49,-1,34
1,<environment.Job instance at 0x7f9c9d39a8c0>,32,21,[9 5],33,-1,57,-1,36
1,<environment.Job instance at 0x7f9c9d39a230>,33,21,[11  5],34,-1,57,-1,36
1,<environment.Job instance at 0x7f9c9d39ac80>,34,12,[13  2],35,-1,48,-1,36
1,<environment.Job instance at 0x7f9c9d39a820>,35,13,[ 5 13],36,-1,49,-1,36
1,<environment.Job instance at 0x7f9c9d39a0f0>,36,14,[7 2],37,-1,53,-1,39
1,<environment.Job instance at 0x7f9c9d39a550>,37,24,[12  2],38,-1,63,-1,39
1,<environment.Job instance at 0x7f9c9d336280>,38,27,[5 9],39,-1,66,-1,39
1,<environment.Job instance at 0x7f9c9d336eb0>,39,23,[8 5],40,-1,63,-1,40
1,<environment.Job instance at 0x7f9c9d336820>,40,18,[11  4],41,-1,59,-1,41
1,<environment.Job instance at 0x7f9c9d336780>,41,13,[7 1],42,-1,55,-1,42
1,<environment.Job instance at 0x7f9c9d3365f0>,43,25,[4 6],44,-1,69,-1,44
1,<environment.Job instance at 0x7f9c9d336aa0>,44,19,[6 1],45,-1,64,-1,45
1,<environment.Job instance at 0x7f9c9d336b40>,45,24,[7 5],46,-1,70,-1,46
1,<environment.Job instance at 0x7f9c9d336910>,47,21,[14  1],48,-1,71,-1,50
1,<environment.Job instance at 0x7f9c9d3dd7d0>,48,17,[ 1 13],49,-1,67,-1,50
1,<environment.Job instance at 0x7f9c9d3dd960>,49,16,[12  4],50,-1,66,-1,50
1,<environment.Job instance at 0x7f9c9d337230>,50,24,[ 4 11],51,-1,75,-1,51
1,<environment.Job instance at 0x7f9c9d337820>,52,20,[6 3],53,-1,78,-1,58
1,<environment.Job instance at 0x7f9c9d337aa0>,54,14,[3 9],55,-1,79,-1,65
1,<environment.Job instance at 0x7f9c9d337fa0>,55,12,[ 1 14],56,-1,77,-1,65
1,<environment.Job instance at 0x7f9ca730eaa0>,56,14,[13  4],57,-1,79,-1,65
1,<environment.Job instance at 0x7f9c9d337be0>,57,18,[10  3],58,-1,83,-1,65
1,<environment.Job instance at 0x7f9c9d6d8a00>,58,13,[13  3],59,-1,78,-1,65
1,<environment.Job instance at 0x7f9c9d6d8870>,59,18,[ 3 12],60,-1,83,-1,65
1,<environment.Job instance at 0x7f9c9d6d8820>,60,27,[ 3 14],61,-1,92,-1,65
1,<environment.Job instance at 0x7f9c9d3c4b90>,61,20,[5 6],62,-1,85,-1,65
1,<environment.Job instance at 0x7f9c9d3c4e60>,62,27,[ 5 13],63,-1,92,-1,65
1,<environment.Job instance at 0x7f9c9d337cd0>,63,25,[13  4],64,-1,90,-1,65
1,<environment.Job instance at 0x7f9c9e83de10>,64,27,[ 2 14],65,-1,92,-1,65
1,<environment.Job instance at 0x7f9c9e83d640>,65,16,[10  2],66,-1,82,-1,66
1,<environment.Job instance at 0x7f9c9e08c6e0>,66,18,[ 4 13],67,-1,85,-1,67
1,<environment.Job instance at 0x7f9c9ed5f550>,67,12,[ 5 12],68,-1,80,-1,68
1,<environment.Job instance at 0x7f9c9d81c690>,69,13,[8 2],70,-1,83,-1,70
1,<environment.Job instance at 0x7f9c9dabec80>,3,12,[ 2 13],4,-1,16,-1,4
1,<environment.Job instance at 0x7f9c9e7940a0>,8,25,[14  5],9,-1,34,-1,9
1,<environment.Job instance at 0x7f9c9e7941e0>,9,27,[6 1],10,-1,37,-1,10
1,<environment.Job instance at 0x7f9c9e794b90>,11,13,[12  5],12,-1,25,-1,12
1,<environment.Job instance at 0x7f9c9e311550>,7,13,[7 4],8,-1,25,-1,12
1,<environment.Job instance at 0x7f9c9d6fea50>,12,14,[7 1],13,-1,27,-1,13
1,<environment.Job instance at 0x7f9c9eb68500>,13,16,[11  4],14,-1,30,-1,14
1,<environment.Job instance at 0x7f9c9e5e9fa0>,16,22,[11  5],17,-1,44,-1,22
1,<environment.Job instance at 0x7f9c9e7c5730>,18,22,[ 3 14],19,-1,49,-1,27
1,<environment.Job instance at 0x7f9c9e5e9780>,17,14,[2 6],18,-1,41,-1,27
1,<environment.Job instance at 0x7f9c9ec5dc30>,20,23,[10  3],21,-1,50,-1,27
1,<environment.Job instance at 0x7f9c9ec5d910>,21,16,[14  1],22,-1,43,-1,27
1,<environment.Job instance at 0x7f9c9eb9c050>,22,23,[13  2],23,-1,50,-1,27
1,<environment.Job instance at 0x7f9c9eb9c0a0>,23,25,[4 5],24,-1,52,-1,27
1,<environment.Job instance at 0x7f9c9ec5d9b0>,24,21,[14  1],25,-1,48,-1,27
1,<environment.Job instance at 0x7f9c9dd73320>,25,18,[11  1],26,-1,45,-1,27
1,<environment.Job instance at 0x7f9c9dd73960>,26,19,[ 3 12],27,-1,46,-1,27
1,<environment.Job instance at 0x7f9c9d6fe960>,15,27,[12  1],16,-1,54,-1,27
1,<environment.Job instance at 0x7f9ca7238fa0>,31,27,[4 6],32,-1,74,-1,47
1,<environment.Job instance at 0x7f9ca7238e60>,32,14,[14  1],33,-1,61,-1,47
1,<environment.Job instance at 0x7f9c9eac2230>,33,16,[ 4 12],34,-1,63,-1,47
1,<environment.Job instance at 0x7f9c9eac2190>,34,17,[14  4],35,-1,64,-1,47
1,<environment.Job instance at 0x7f9c9eac2640>,35,13,[ 2 10],36,-1,60,-1,47
1,<environment.Job instance at 0x7f9c9ea95320>,36,17,[ 5 14],37,-1,64,-1,47
1,<environment.Job instance at 0x7f9c9e5ffbe0>,37,25,[11  4],38,-1,72,-1,47
1,<environment.Job instance at 0x7f9c9d963500>,1,25,[2 7],2,-1,27,-1,2
1,<environment.Job instance at 0x7f9c9e585fa0>,3,21,[ 3 14],4,-1,25,-1,4
1,<environment.Job instance at 0x7f9c9d557500>,8,26,[12  1],9,-1,74,-1,48
1,<environment.Job instance at 0x7f9c9d557aa0>,9,22,[14  5],10,-1,70,-1,48
1,<environment.Job instance at 0x7f9c9d557230>,10,18,[12  5],11,-1,66,-1,48
1,<environment.Job instance at 0x7f9c9d5570a0>,11,14,[13  4],12,-1,62,-1,48
1,<environment.Job instance at 0x7f9c9d557410>,12,25,[ 1 13],13,-1,73,-1,48
1,<environment.Job instance at 0x7f9c9d5579b0>,15,25,[2 8],16,-1,87,-1,62
1,<environment.Job instance at 0x7f9c9d557870>,17,26,[2 7],18,-1,103,-1,77
1,<environment.Job instance at 0x7f9c9de6df00>,4,25,[ 5 10],5,-1,30,-1,5
1,<environment.Job instance at 0x7f9c9de6d7d0>,7,15,[ 3 14],8,-1,23,-1,8
1,<environment.Job instance at 0x7f9ca729a190>,12,15,[ 4 14],13,-1,30,-1,15
1,<environment.Job instance at 0x7f9ca729a640>,13,12,[ 1 14],14,-1,27,-1,15
1,<environment.Job instance at 0x7f9ca729a730>,14,20,[ 1 12],15,-1,35,-1,15
1,<environment.Job instance at 0x7f9ca729ad70>,17,14,[ 4 12],18,-1,47,-1,33
1,<environment.Job instance at 0x7f9ca729a7d0>,19,25,[ 1 14],20,-1,58,-1,33
1,<environment.Job instance at 0x7f9c9dfed370>,20,14,[11  5],21,-1,47,-1,33
1,<environment.Job instance at 0x7f9c9dfed230>,22,23,[ 4 13],23,-1,69,-1,46
1,<environment.Job instance at 0x7f9c9dfedb90>,23,19,[11  1],24,-1,65,-1,46
1,<environment.Job instance at 0x7f9c9dfed780>,24,26,[11  4],25,-1,72,-1,46
1,<environment.Job instance at 0x7f9c9dfedbe0>,26,21,[2 8],27,-1,87,-1,66
1,<environment.Job instance at 0x7f9c9dfed9b0>,29,18,[ 3 14],30,-1,84,-1,66
1,<environment.Job instance at 0x7f9c9dfedc30>,30,28,[5 2],31,-1,94,-1,66
1,<environment.Job instance at 0x7f9c9dfed320>,31,21,[ 4 12],32,-1,87,-1,66
1,<environment.Job instance at 0x7f9c9df2ec80>,6,28,[3 9],7,-1,35,-1,7
1,<environment.Job instance at 0x7f9c9df2e550>,7,15,[ 4 13],8,-1,23,-1,8
1,<environment.Job instance at 0x7f9c9df2e640>,8,16,[12  3],9,-1,25,-1,9
1,<environment.Job instance at 0x7f9c9df2e690>,9,26,[7 4],10,-1,36,-1,10
1,<environment.Job instance at 0x7f9c9df2e410>,10,17,[14  2],11,-1,28,-1,11
1,<environment.Job instance at 0x7f9c9df2ed70>,11,14,[ 3 14],12,-1,26,-1,12
1,<environment.Job instance at 0x7f9c9d7a03c0>,12,20,[ 4 11],13,-1,33,-1,13
1,<environment.Job instance at 0x7f9c9d7a0500>,13,19,[10  1],14,-1,86,-1,67
1,<environment.Job instance at 0x7f9c9d7a0c30>,22,22,[ 5 12],23,-1,89,-1,67
1,<environment.Job instance at 0x7f9c9e70cb40>,3,15,[12  2],4,-1,19,-1,4
1,<environment.Job instance at 0x7f9c9d673d70>,4,20,[12  3],5,-1,25,-1,5
1,<environment.Job instance at 0x7f9c9d673f00>,6,26,[13  3],7,-1,33,-1,7
1,<environment.Job instance at 0x7f9c9d673dc0>,7,23,[9 5],8,-1,31,-1,8
1,<environment.Job instance at 0x7f9ca72ebe60>,8,27,[7 3],9,-1,36,-1,9
1,<environment.Job instance at 0x7f9ca72ebeb0>,9,22,[3 9],10,-1,34,-1,12
1,<environment.Job instance at 0x7f9c9de6fa50>,12,14,[12  5],13,-1,27,-1,13
1,<environment.Job instance at 0x7f9c9de6f140>,13,22,[14  5],14,-1,36,-1,14
1,<environment.Job instance at 0x7f9c9da13960>,14,19,[5 2],15,-1,37,-1,18
1,<environment.Job instance at 0x7f9c9da13aa0>,17,14,[12  5],18,-1,32,-1,18
1,<environment.Job instance at 0x7f9c9da13870>,18,14,[12  2],19,-1,33,-1,19
1,<environment.Job instance at 0x7f9c9d8993c0>,19,23,[ 5 11],20,-1,43,-1,20
1,<environment.Job instance at 0x7f9c9d899910>,20,12,[9 5],21,-1,33,-1,21
1,<environment.Job instance at 0x7f9c9d899be0>,21,14,[ 3 11],22,-1,36,-1,22
1,<environment.Job instance at 0x7f9c9d899eb0>,22,15,[11  2],23,-1,38,-1,23
1,<environment.Job instance at 0x7f9c9d899050>,23,17,[ 5 11],24,-1,41,-1,24
1,<environment.Job instance at 0x7f9c9d899c80>,24,12,[8 3],25,-1,37,-1,25
1,<environment.Job instance at 0x7f9c9d899f00>,25,18,[ 2 10],26,-1,44,-1,26
1,<environment.Job instance at 0x7f9c9d899190>,28,14,[8 5],29,-1,52,-1,38
1,<environment.Job instance at 0x7f9c9d543280>,29,25,[9 4],30,-1,63,-1,38
1,<environment.Job instance at 0x7f9c9d543f00>,30,15,[13  3],31,-1,53,-1,38
1,<environment.Job instance at 0x7f9c9d543cd0>,31,17,[ 1 14],32,-1,55,-1,38
1,<environment.Job instance at 0x7f9c9d543910>,32,14,[6 3],33,-1,52,-1,38
1,<environment.Job instance at 0x7f9c9d5435f0>,33,28,[ 5 13],34,-1,66,-1,38
1,<environment.Job instance at 0x7f9c9d543690>,34,15,[12  1],35,-1,53,-1,38
1,<environment.Job instance at 0x7f9c9d5430f0>,35,25,[ 5 14],36,-1,63,-1,38
1,<environment.Job instance at 0x7f9c9d543410>,36,16,[2 9],37,-1,57,-1,41
1,<environment.Job instance at 0x7f9c9d5432d0>,37,26,[4 9],38,-1,67,-1,41
1,<environment.Job instance at 0x7f9c9d543190>,38,27,[10  5],39,-1,68,-1,41
1,<environment.Job instance at 0x7f9c9d543d20>,39,18,[11  4],40,-1,59,-1,41
1,<environment.Job instance at 0x7f9c9d543c80>,40,14,[14  4],41,-1,55,-1,41
1,<environment.Job instance at 0x7f9c9d543f50>,41,26,[ 5 12],42,-1,68,-1,42
1,<environment.Job instance at 0x7f9c9d543230>,42,18,[1 6],43,-1,74,-1,56
1,<environment.Job instance at 0x7f9c9da8a370>,45,16,[ 5 12],46,-1,72,-1,56
1,<environment.Job instance at 0x7f9c9da8a050>,46,21,[5 6],47,-1,78,-1,57
1,<environment.Job instance at 0x7f9c9df4aa50>,47,19,[2 7],48,-1,76,-1,57
1,<environment.Job instance at 0x7f9c9da8a410>,48,26,[6 4],49,-1,83,-1,57
1,<environment.Job instance at 0x7f9c9df4adc0>,49,27,[3 5],50,-1,84,-1,57
1,<environment.Job instance at 0x7f9c9df4a550>,51,21,[4 9],52,-1,81,-1,60
1,<environment.Job instance at 0x7f9c9ecef2d0>,52,14,[12  4],53,-1,74,-1,60
1,<environment.Job instance at 0x7f9c9d64e500>,53,22,[6 2],54,-1,82,-1,60
1,<environment.Job instance at 0x7f9c9d64ea00>,54,12,[12  1],55,-1,72,-1,60
1,<environment.Job instance at 0x7f9c9d64eb90>,55,21,[12  3],56,-1,81,-1,60
1,<environment.Job instance at 0x7f9c9d97e730>,56,12,[ 5 13],57,-1,72,-1,60
1,<environment.Job instance at 0x7f9c9d97edc0>,57,12,[11  4],58,-1,72,-1,60
1,<environment.Job instance at 0x7f9c9d97e3c0>,58,15,[ 1 12],59,-1,75,-1,60
1,<environment.Job instance at 0x7f9c9d97e640>,59,20,[5 6],60,-1,88,-1,68
1,<environment.Job instance at 0x7f9c9d97e140>,60,28,[7 1],61,-1,96,-1,68
1,<environment.Job instance at 0x7f9c9d97ed70>,61,12,[13  3],62,-1,80,-1,68
1,<environment.Job instance at 0x7f9c9d97ee60>,62,16,[ 3 12],63,-1,84,-1,68
1,<environment.Job instance at 0x7f9c9d97e5a0>,63,22,[ 5 14],64,-1,90,-1,68
1,<environment.Job instance at 0x7f9c9d97e1e0>,64,28,[2 9],65,-1,96,-1,68
1,<environment.Job instance at 0x7f9c9d97ecd0>,65,19,[ 4 14],66,-1,87,-1,68
1,<environment.Job instance at 0x7f9c9d97e280>,66,23,[9 5],67,-1,91,-1,68
1,<environment.Job instance at 0x7f9c9dca65a0>,68,27,[13  3],69,-1,100,-1,73
1,<environment.Job instance at 0x7f9c9e37fb40>,69,17,[ 4 12],70,-1,90,-1,73
1,<environment.Job instance at 0x7f9c9e8b9910>,3,15,[14  2],4,-1,19,-1,4
1,<environment.Job instance at 0x7f9c9e8b9960>,4,15,[ 1 12],5,-1,20,-1,5
1,<environment.Job instance at 0x7f9c9e8b9f00>,11,22,[14  3],12,-1,50,-1,28
1,<environment.Job instance at 0x7f9c9e8b9140>,12,22,[11  5],13,-1,50,-1,28
1,<environment.Job instance at 0x7f9c9e482e60>,16,24,[1 8],17,-1,69,-1,45
1,<environment.Job instance at 0x7f9c9e482460>,17,17,[ 1 10],18,-1,65,-1,48
1,<environment.Job instance at 0x7f9c9e482820>,19,12,[11  2],20,-1,60,-1,48
1,<environment.Job instance at 0x7f9c9e482cd0>,20,18,[ 3 11],21,-1,66,-1,48
1,<environment.Job instance at 0x7f9c9e482a50>,21,15,[ 3 12],22,-1,63,-1,48
1,<environment.Job instance at 0x7f9c9d612c30>,23,24,[2 8],24,-1,83,-1,59
1,<environment.Job instance at 0x7f9c9d612d20>,24,24,[5 7],25,-1,83,-1,59
1,<environment.Job instance at 0x7f9c9d612460>,25,13,[14  2],26,-1,72,-1,59
1,<environment.Job instance at 0x7f9c9d612690>,26,12,[ 5 14],27,-1,71,-1,59
1,<environment.Job instance at 0x7f9c9d612910>,27,28,[11  4],28,-1,87,-1,59
1,<environment.Job instance at 0x7f9c9d612780>,29,26,[1 8],30,-1,94,-1,68
1,<environment.Job instance at 0x7f9c9d612aa0>,5,23,[ 1 11],6,-1,29,-1,6
1,<environment.Job instance at 0x7f9c9dbf47d0>,7,24,[12  4],8,-1,32,-1,8
1,<environment.Job instance at 0x7f9c9dbf4aa0>,12,18,[ 3 13],13,-1,35,-1,17
1,<environment.Job instance at 0x7f9c9dbf4c80>,13,17,[12  4],14,-1,34,-1,17
1,<environment.Job instance at 0x7f9c9dbf4c30>,14,12,[14  4],15,-1,29,-1,17
1,<environment.Job instance at 0x7f9c9dbf4d70>,16,22,[ 2 13],17,-1,52,-1,30
1,<environment.Job instance at 0x7f9c9dbf4f00>,17,12,[ 3 11],18,-1,42,-1,30
1,<environment.Job instance at 0x7f9c9dc1f280>,22,23,[11  1],23,-1,94,-1,71
1,<environment.Job instance at 0x7f9c9dc1f3c0>,24,18,[ 1 13],25,-1,91,-1,73
1,<environment.Job instance at 0x7f9c9dc1f500>,26,13,[11  3],27,-1,86,-1,73
1,<environment.Job instance at 0x7f9c9dc1f5a0>,27,28,[7 5],28,-1,101,-1,73
1,<environment.Job instance at 0x7f9c9dbc4d20>,5,15,[ 2 14],6,-1,21,-1,6
1,<environment.Job instance at 0x7f9c9d8369b0>,9,12,[10  2],10,-1,33,-1,21
1,<environment.Job instance at 0x7f9c9d8363c0>,10,23,[5 9],11,-1,44,-1,21
1,<environment.Job instance at 0x7f9c9d836730>,11,17,[ 2 14],12,-1,38,-1,21
1,<environment.Job instance at 0x7f9c9d836c30>,12,22,[11  4],13,-1,43,-1,21
1,<environment.Job instance at 0x7f9c9d8362d0>,13,28,[11  2],14,-1,49,-1,21
1,<environment.Job instance at 0x7f9c9d836be0>,14,28,[ 4 10],15,-1,49,-1,21
1,<environment.Job instance at 0x7f9c9d836640>,15,24,[6 2],16,-1,45,-1,21
1,<environment.Job instance at 0x7f9c9d836190>,17,26,[12  4],18,-1,47,-1,21
1,<environment.Job instance at 0x7f9c9d8366e0>,18,13,[12  3],19,-1,34,-1,21
1,<environment.Job instance at 0x7f9c9d8367d0>,19,16,[ 5 11],20,-1,37,-1,21
1,<environment.Job instance at 0x7f9c9d849730>,21,20,[ 1 11],22,-1,48,-1,28
1,<environment.Job instance at 0x7f9c9d849320>,24,19,[ 4 11],25,-1,68,-1,49
1,<environment.Job instance at 0x7f9c9d849410>,26,19,[13  2],27,-1,68,-1,49
1,<environment.Job instance at 0x7f9c9d849960>,27,27,[5 9],28,-1,76,-1,49
1,<environment.Job instance at 0x7f9c9d849f50>,28,24,[ 3 14],29,-1,73,-1,49
1,<environment.Job instance at 0x7f9c9e70a780>,29,24,[3 7],30,-1,73,-1,49
1,<environment.Job instance at 0x7f9c9e57b190>,32,14,[ 5 11],33,-1,69,-1,55
1,<environment.Job instance at 0x7f9c9d8be500>,35,17,[ 2 13],36,-1,88,-1,71
1,<environment.Job instance at 0x7f9c9e0a68c0>,36,16,[14  4],37,-1,87,-1,71
1,<environment.Job instance at 0x7f9c9e8b4550>,37,18,[ 1 14],38,-1,89,-1,71
1,<environment.Job instance at 0x7f9c9e005280>,38,16,[ 3 14],39,-1,87,-1,71
1,<environment.Job instance at 0x7f9c9e005cd0>,2,27,[7 2],3,-1,30,-1,3
1,<environment.Job instance at 0x7f9c9ea15320>,3,12,[13  2],4,-1,16,-1,4
1,<environment.Job instance at 0x7f9c9ea157d0>,5,12,[ 2 14],6,-1,18,-1,6
1,<environment.Job instance at 0x7f9c9ea15aa0>,6,17,[ 1 12],7,-1,24,-1,7
1,<environment.Job instance at 0x7f9c9ea15370>,7,22,[13  4],8,-1,30,-1,8
1,<environment.Job instance at 0x7f9c9ea15e10>,8,18,[ 5 12],9,-1,27,-1,9
1,<environment.Job instance at 0x7f9c9ea15140>,9,25,[12  1],10,-1,35,-1,10
1,<environment.Job instance at 0x7f9c9e910c30>,10,26,[12  2],11,-1,37,-1,11
1,<environment.Job instance at 0x7f9c9e9100a0>,11,25,[4 8],12,-1,37,-1,12
1,<environment.Job instance at 0x7f9c9e910dc0>,13,12,[13  2],14,-1,26,-1,14
1,<environment.Job instance at 0x7f9c9ea15eb0>,15,26,[2 8],16,-1,43,-1,17
1,<environment.Job instance at 0x7f9c9e910050>,18,14,[ 2 13],19,-1,33,-1,19
1,<environment.Job instance at 0x7f9c9e910e60>,21,23,[8 4],22,-1,45,-1,22
1,<environment.Job instance at 0x7f9c9e910320>,22,27,[ 1 13],23,-1,50,-1,23
1,<environment.Job instance at 0x7f9c9e910d20>,23,18,[11  3],24,-1,42,-1,24
1,<environment.Job instance at 0x7f9c9e910460>,26,12,[12  5],27,-1,40,-1,28
1,<environment.Job instance at 0x7f9c9e9109b0>,27,12,[ 3 12],28,-1,40,-1,28
1,<environment.Job instance at 0x7f9c9d36aa50>,29,23,[4 9],30,-1,60,-1,37
1,<environment.Job instance at 0x7f9c9d36a050>,31,27,[2 7],32,-1,69,-1,42
1,<environment.Job instance at 0x7f9c9d36a190>,34,14,[ 2 11],35,-1,80,-1,66
1,<environment.Job instance at 0x7f9c9d36af00>,35,23,[ 3 14],36,-1,89,-1,66
1,<environment.Job instance at 0x7f9c9d36a870>,37,15,[ 2 13],38,-1,81,-1,66
1,<environment.Job instance at 0x7f9c9d36a910>,38,27,[11  5],39,-1,93,-1,66
1,<environment.Job instance at 0x7f9c9d36aeb0>,39,21,[ 5 13],40,-1,87,-1,66
1,<environment.Job instance at 0x7f9c9d36abe0>,40,14,[12  4],41,-1,80,-1,66
1,<environment.Job instance at 0x7f9c9ec95690>,42,28,[14  3],43,-1,99,-1,71
1,<environment.Job instance at 0x7f9c9ec958c0>,44,22,[ 5 12],45,-1,101,-1,79
1,<environment.Job instance at 0x7f9c9ec95c80>,45,24,[ 1 14],46,-1,103,-1,79
1,<environment.Job instance at 0x7f9c9d4463c0>,46,25,[ 1 14],47,-1,104,-1,79
1,<environment.Job instance at 0x7f9c9e618b90>,3,18,[ 2 12],4,-1,22,-1,4
1,<environment.Job instance at 0x7f9c9e123690>,7,24,[14  3],8,-1,38,-1,14
1,<environment.Job instance at 0x7f9c9e123eb0>,8,24,[2 6],9,-1,39,-1,15
1,<environment.Job instance at 0x7f9c9e123b40>,11,27,[2 5],12,-1,58,-1,31
1,<environment.Job instance at 0x7f9c9e123b90>,12,25,[ 2 12],13,-1,56,-1,31
1,<environment.Job instance at 0x7f9c9e123370>,13,24,[ 2 10],14,-1,55,-1,31
1,<environment.Job instance at 0x7f9c9e8ff1e0>,15,23,[11  3],16,-1,54,-1,31
1,<environment.Job instance at 0x7f9c9e8ffd20>,16,26,[ 1 13],17,-1,57,-1,31
1,<environment.Job instance at 0x7f9c9e8ff4b0>,17,24,[12  4],18,-1,55,-1,31
1,<environment.Job instance at 0x7f9c9d8b7a00>,19,27,[ 1 14],20,-1,73,-1,46
1,<environment.Job instance at 0x7f9c9d38f3c0>,22,28,[ 5 13],23,-1,92,-1,64
1,<environment.Job instance at 0x7f9c9e1306e0>,24,27,[6 4],25,-1,91,-1,64
1,<environment.Job instance at 0x7f9c9e8ff190>,25,13,[11  2],26,-1,77,-1,64
1,<environment.Job instance at 0x7f9c9e43be60>,26,17,[ 2 14],27,-1,81,-1,64
1,<environment.Job instance at 0x7f0900257460>,3,26,[11  4],4,-1,30,-1,4
1,<environment.Job instance at 0x7f09002575a0>,5,24,[1 5],6,-1,31,-1,7
1,<environment.Job instance at 0x7f0900257960>,8,22,[14  3],9,-1,31,-1,9
1,<environment.Job instance at 0x7f09002578c0>,9,18,[ 2 13],10,-1,28,-1,10
1,<environment.Job instance at 0x7f0900257a50>,10,18,[ 3 11],11,-1,29,-1,11
1,<environment.Job instance at 0x7f0900257af0>,11,26,[4 8],12,-1,38,-1,12
1,<environment.Job instance at 0x7f0900257b90>,12,26,[ 1 12],13,-1,39,-1,13
1,<environment.Job instance at 0x7f0900257c30>,13,18,[ 4 14],14,-1,32,-1,14
1,<environment.Job instance at 0x7f0900257dc0>,16,16,[ 3 11],17,-1,33,-1,17
1,<environment.Job instance at 0x7f0900257f00>,17,28,[ 5 10],18,-1,46,-1,18
1,<environment.Job instance at 0x7f0900257fa0>,18,25,[ 4 13],19,-1,44,-1,19
1,<environment.Job instance at 0x7f090025b050>,19,14,[ 3 11],20,-1,34,-1,20
1,<environment.Job instance at 0x7f090025b0f0>,20,27,[13  5],21,-1,48,-1,21
1,<environment.Job instance at 0x7f090025b190>,21,26,[ 5 12],22,-1,48,-1,22
1,<environment.Job instance at 0x7f090025b230>,22,13,[13  1],23,-1,36,-1,23
1,<environment.Job instance at 0x7f090025b370>,24,13,[ 3 14],25,-1,38,-1,25
1,<environment.Job instance at 0x7f090025b500>,25,23,[ 3 13],26,-1,49,-1,26
1,<environment.Job instance at 0x7f090025b3c0>,26,26,[1 8],27,-1,53,-1,27
1,<environment.Job instance at 0x7f090025b5a0>,27,25,[5 7],28,-1,53,-1,28
1,<environment.Job instance at 0x7f090025b640>,28,25,[ 4 11],29,-1,54,-1,29
1,<environment.Job instance at 0x7f090025b6e0>,29,22,[ 5 13],30,-1,52,-1,30
1,<environment.Job instance at 0x7f090025b780>,30,27,[4 8],31,-1,58,-1,31
1,<environment.Job instance at 0x7f090025b820>,31,20,[11  5],32,-1,52,-1,32
1,<environment.Job instance at 0x7f090025b8c0>,32,27,[11  3],33,-1,60,-1,33
1,<environment.Job instance at 0x7f090025ba00>,34,24,[1 8],35,-1,59,-1,35
1,<environment.Job instance at 0x7f0900257e60>,36,13,[ 3 14],37,-1,52,-1,39
1,<environment.Job instance at 0x7f090025bd20>,37,28,[ 2 12],38,-1,67,-1,39
1,<environment.Job instance at 0x7f090025bdc0>,38,20,[ 1 10],39,-1,59,-1,39
1,<environment.Job instance at 0x7f090025bc80>,39,24,[5 6],40,-1,64,-1,40
1,<environment.Job instance at 0x7f090025bfa0>,41,27,[14  1],42,-1,81,-1,54
1,<environment.Job instance at 0x7f09003340a0>,3,16,[ 2 11],4,-1,20,-1,4
1,<environment.Job instance at 0x7f0900334050>,4,25,[4 5],5,-1,30,-1,5
1,<environment.Job instance at 0x7f09003345f0>,6,28,[ 1 13],7,-1,35,-1,7
1,<environment.Job instance at 0x7f0900334cd0>,7,26,[ 1 11],8,-1,34,-1,8
1,<environment.Job instance at 0x7f0900334460>,9,26,[6 5],10,-1,37,-1,11
1,<environment.Job instance at 0x7f0900334870>,13,23,[ 5 13],14,-1,42,-1,19
1,<environment.Job instance at 0x7f090064afa0>,15,12,[14  5],16,-1,43,-1,31
1,<environment.Job instance at 0x7f090064a320>,16,26,[11  4],17,-1,57,-1,31
1,<environment.Job instance at 0x7f090064a7d0>,17,19,[ 3 12],18,-1,50,-1,31
1,<environment.Job instance at 0x7f090064abe0>,21,26,[ 5 12],22,-1,84,-1,58
1,<environment.Job instance at 0x7f090064a5f0>,22,27,[12  2],23,-1,85,-1,58
1,<environment.Job instance at 0x7f090064acd0>,23,15,[12  1],24,-1,73,-1,58
1,<environment.Job instance at 0x7f090064a780>,24,14,[ 2 11],25,-1,72,-1,58
1,<environment.Job instance at 0x7f090064a3c0>,26,21,[ 1 12],27,-1,89,-1,68
1,<environment.Job instance at 0x7f08ffc64cd0>,27,19,[11  2],28,-1,87,-1,68
1,<environment.Job instance at 0x7f090064a640>,28,14,[ 3 14],29,-1,82,-1,68
1,<environment.Job instance at 0x7f08ff91e140>,30,19,[13  1],31,-1,94,-1,75
1,<environment.Job instance at 0x7f08ffae9d70>,32,22,[14  4],33,-1,103,-1,81
1,<environment.Job instance at 0x7f08ffba2730>,33,14,[11  5],34,-1,95,-1,81
1,<environment.Job instance at 0x7f08ff99df50>,34,19,[ 3 12],35,-1,100,-1,81
1,<environment.Job instance at 0x7f08ff91e230>,35,18,[13  4],36,-1,99,-1,81
1,<environment.Job instance at 0x7f08ffd28f50>,36,26,[13  4],37,-1,107,-1,81
1,<environment.Job instance at 0x7f08ff942aa0>,3,21,[ 4 12],4,-1,25,-1,4
1,<environment.Job instance at 0x7f08ff942b90>,5,27,[5 9],6,-1,33,-1,6
1,<environment.Job instance at 0x7f08ff942370>,6,27,[2 9],7,-1,34,-1,7
1,<environment.Job instance at 0x7f08ff942f00>,8,12,[14  5],9,-1,21,-1,9
1,<environment.Job instance at 0x7f08ff942c30>,9,16,[12  3],10,-1,26,-1,10
1,<environment.Job instance at 0x7f08ff942d20>,10,17,[12  2],11,-1,28,-1,11
1,<environment.Job instance at 0x7f08ff942cd0>,11,28,[2 8],12,-1,41,-1,13
1,<environment.Job instance at 0x7f08ff942b40>,13,21,[12  2],14,-1,35,-1,14
1,<environment.Job instance at 0x7f08ff942550>,14,21,[ 5 11],15,-1,36,-1,15
1,<environment.Job instance at 0x7f08ff9421e0>,15,26,[ 5 10],16,-1,42,-1,16
1,<environment.Job instance at 0x7f08ff960960>,16,27,[12  4],17,-1,44,-1,17
1,<environment.Job instance at 0x7f08ff960b90>,17,27,[14  3],18,-1,45,-1,18
1,<environment.Job instance at 0x7f08ff960a00>,19,14,[ 1 12],20,-1,34,-1,20
1,<environment.Job instance at 0x7f08ff960320>,21,14,[13  5],22,-1,36,-1,22
1,<environment.Job instance at 0x7f08ff960550>,22,25,[11  2],23,-1,48,-1,23
1,<environment.Job instance at 0x7f08ff9606e0>,23,14,[12  2],24,-1,38,-1,24
1,<environment.Job instance at 0x7f08ff960c80>,24,28,[8 4],25,-1,53,-1,25
1,<environment.Job instance at 0x7f08ff960e10>,26,20,[12  1],27,-1,47,-1,27
1,<environment.Job instance at 0x7f08ff960e60>,27,13,[ 4 12],28,-1,41,-1,28
1,<environment.Job instance at 0x7f08ff9600a0>,28,18,[12  2],29,-1,47,-1,29
1,<environment.Job instance at 0x7f08ff960820>,29,15,[12  3],30,-1,45,-1,30
1,<environment.Job instance at 0x7f08ff960230>,30,25,[7 2],31,-1,56,-1,31
1,<environment.Job instance at 0x7f08ff960690>,31,26,[ 5 11],32,-1,58,-1,32
1,<environment.Job instance at 0x7f08ff960870>,33,16,[11  1],34,-1,50,-1,34
1,<environment.Job instance at 0x7f08ff9686e0>,37,14,[ 1 10],38,-1,60,-1,46
1,<environment.Job instance at 0x7f08ff9684b0>,38,25,[6 2],39,-1,71,-1,46
1,<environment.Job instance at 0x7f08ff968460>,39,18,[12  4],40,-1,64,-1,46
1,<environment.Job instance at 0x7f08ff968c30>,41,26,[11  5],42,-1,86,-1,60
1,<environment.Job instance at 0x7f08ff968730>,44,16,[11  2],45,-1,90,-1,74
1,<environment.Job instance at 0x7f08ff968cd0>,45,15,[13  5],46,-1,89,-1,74
1,<environment.Job instance at 0x7f09006f35a0>,48,27,[14  3],49,-1,114,-1,87
1,<environment.Job instance at 0x7f09006f30f0>,50,26,[ 4 10],51,-1,113,-1,87
1,<environment.Job instance at 0x7f09006f3cd0>,51,26,[8 3],52,-1,113,-1,87
1,<environment.Job instance at 0x7f08ffe4c960>,52,23,[12  1],53,-1,110,-1,87
1,<environment.Job instance at 0x7f09007bdaa0>,53,19,[ 2 13],54,-1,106,-1,87
1,<environment.Job instance at 0x7f090098c0a0>,54,22,[11  1],55,-1,109,-1,87
1,<environment.Job instance at 0x7f0900980c30>,55,22,[ 1 13],56,-1,109,-1,87
1,<environment.Job instance at 0x7f0900980d70>,56,24,[ 2 14],57,-1,111,-1,87
1,<environment.Job instance at 0x7f08ffdacaa0>,3,26,[ 1 11],4,-1,30,-1,4
1,<environment.Job instance at 0x7f08ffdaccd0>,4,14,[ 3 13],5,-1,19,-1,5
1,<environment.Job instance at 0x7f08ff995aa0>,7,27,[10  3],8,-1,35,-1,8
1,<environment.Job instance at 0x7f0900267870>,8,16,[12  5],9,-1,25,-1,9
1,<environment.Job instance at 0x7f0900267050>,9,14,[14  5],10,-1,24,-1,10
1,<environment.Job instance at 0x7f09099cf140>,10,13,[ 5 13],11,-1,24,-1,11
1,<environment.Job instance at 0x7f0900262780>,18,26,[ 3 11],19,-1,81,-1,55
1,<environment.Job instance at 0x7f0900262e10>,17,23,[6 4],18,-1,79,-1,56
1,<environment.Job instance at 0x7f08ffd5d190>,22,13,[14  3],23,-1,73,-1,60
1,<environment.Job instance at 0x7f08ff9b6960>,24,23,[13  3],25,-1,97,-1,74
1,<environment.Job instance at 0x7f08ffd5d370>,25,14,[ 1 10],26,-1,88,-1,74
1,<environment.Job instance at 0x7f08ffd5d3c0>,26,23,[ 2 13],27,-1,97,-1,74
1,<environment.Job instance at 0x7f08ffedba00>,27,16,[11  4],28,-1,90,-1,74
1,<environment.Job instance at 0x7f08ffd46820>,29,25,[4 5],30,-1,100,-1,75
1,<environment.Job instance at 0x7f08ffd469b0>,30,25,[6 3],31,-1,100,-1,75
1,<environment.Job instance at 0x7f08ffed7a50>,31,20,[11  1],32,-1,95,-1,75
1,<environment.Job instance at 0x7f08ffed7a50>,2,15,[ 4 12],3,-1,18,-1,3
1,<environment.Job instance at 0x7f08ff7cff00>,3,21,[ 3 14],4,-1,25,-1,4
1,<environment.Job instance at 0x7f08ff7d40f0>,6,28,[6 1],7,-1,35,-1,7
1,<environment.Job instance at 0x7f08ff7d4500>,11,20,[ 3 14],12,-1,41,-1,21
1,<environment.Job instance at 0x7f08ff7d45a0>,12,13,[ 3 14],13,-1,34,-1,21
1,<environment.Job instance at 0x7f08ff7d48c0>,17,25,[13  2],18,-1,81,-1,56
1,<environment.Job instance at 0x7f08ff7d4a00>,19,25,[1 6],20,-1,82,-1,57
1,<environment.Job instance at 0x7f08ff7d4aa0>,20,17,[12  4],21,-1,74,-1,57
1,<environment.Job instance at 0x7f08ff7d4d20>,21,26,[1 9],22,-1,83,-1,57
1,<environment.Job instance at 0x7f08ff7d4dc0>,22,27,[14  4],23,-1,84,-1,57
1,<environment.Job instance at 0x7f08ff7d4be0>,23,18,[14  2],24,-1,75,-1,57
1,<environment.Job instance at 0x7f08ff7d4e60>,24,25,[13  3],25,-1,82,-1,57
1,<environment.Job instance at 0x7f08ff7d4fa0>,26,23,[12  4],27,-1,85,-1,62
1,<environment.Job instance at 0x7f08ff7d4c30>,27,25,[9 2],28,-1,87,-1,62
1,<environment.Job instance at 0x7f08ff7d7140>,28,20,[11  2],29,-1,82,-1,62
1,<environment.Job instance at 0x7f08ff7d71e0>,29,16,[14  4],30,-1,78,-1,62
1,<environment.Job instance at 0x7f08ff7d7280>,30,23,[7 4],31,-1,93,-1,70
1,<environment.Job instance at 0x7f08ff80ea50>,1,15,[14  5],2,-1,17,-1,2
1,<environment.Job instance at 0x7f08ff7d44b0>,2,13,[14  1],3,-1,16,-1,3
1,<environment.Job instance at 0x7f08ff82b2d0>,3,24,[8 2],4,-1,28,-1,4
1,<environment.Job instance at 0x7f08ff82bb90>,4,21,[ 2 12],5,-1,26,-1,5
1,<environment.Job instance at 0x7f08ff82b3c0>,5,23,[ 2 12],6,-1,29,-1,6
1,<environment.Job instance at 0x7f08ff82bf50>,7,26,[ 5 11],8,-1,34,-1,8
1,<environment.Job instance at 0x7f08ff7d4460>,10,18,[14  2],11,-1,29,-1,11
1,<environment.Job instance at 0x7f08ff82b910>,11,16,[ 5 11],12,-1,32,-1,16
1,<environment.Job instance at 0x7f08ff82b050>,16,21,[ 5 14],17,-1,38,-1,17
1,<environment.Job instance at 0x7f08ff82beb0>,17,27,[9 3],18,-1,45,-1,18
1,<environment.Job instance at 0x7f08ff82b780>,18,15,[13  3],19,-1,34,-1,19
1,<environment.Job instance at 0x7f08ff82bcd0>,20,12,[ 3 12],21,-1,44,-1,32
1,<environment.Job instance at 0x7f08ff82baa0>,21,26,[7 3],22,-1,58,-1,32
1,<environment.Job instance at 0x7f08ff82b140>,22,25,[ 1 13],23,-1,57,-1,32
1,<environment.Job instance at 0x7f08ff81ee10>,25,22,[8 2],26,-1,89,-1,67
1,<environment.Job instance at 0x7f08ff81e550>,27,20,[ 1 11],28,-1,87,-1,67
1,<environment.Job instance at 0x7f08ff81e8c0>,28,19,[13  2],29,-1,86,-1,67
1,<environment.Job instance at 0x7f08ff81e230>,29,12,[ 1 11],30,-1,79,-1,67
1,<environment.Job instance at 0x7f08ff81ebe0>,30,20,[13  5],31,-1,87,-1,67
1,<environment.Job instance at 0x7f08ff81ed70>,31,27,[1 8],32,-1,94,-1,67
1,<environment.Job instance at 0x7f08ff81e960>,33,24,[11  3],34,-1,91,-1,67
1,<environment.Job instance at 0x7f08ff81e780>,34,18,[13  3],35,-1,85,-1,67
1,<environment.Job instance at 0x7f09004f7690>,2,22,[ 5 13],3,-1,25,-1,3
1,<environment.Job instance at 0x7f09004f7370>,4,28,[2 9],5,-1,33,-1,5
1,<environment.Job instance at 0x7f09004f7460>,5,25,[7 1],6,-1,31,-1,6
1,<environment.Job instance at 0x7f09004f7230>,7,27,[ 5 10],8,-1,35,-1,8
1,<environment.Job instance at 0x7f09004f7b90>,8,20,[ 3 13],9,-1,29,-1,9
1,<environment.Job instance at 0x7f09004f7c80>,13,14,[ 5 12],14,-1,42,-1,28
1,<environment.Job instance at 0x7f09004f76e0>,14,24,[ 5 11],15,-1,52,-1,28
1,<environment.Job instance at 0x7f09004f75a0>,15,25,[7 3],16,-1,53,-1,28
1,<environment.Job instance at 0x7f09003d9fa0>,16,18,[11  5],17,-1,46,-1,28
1,<environment.Job instance at 0x7f09003d9f00>,17,12,[ 3 14],18,-1,40,-1,28
1,<environment.Job instance at 0x7f09003d9280>,18,27,[1 5],19,-1,55,-1,28
1,<environment.Job instance at 0x7f09003d90f0>,19,17,[ 1 11],20,-1,45,-1,28
1,<environment.Job instance at 0x7f09003d9050>,20,20,[2 9],21,-1,86,-1,66
1,<environment.Job instance at 0x7f09003d99b0>,23,14,[1 5],24,-1,103,-1,89
1,<environment.Job instance at 0x7f09003d9870>,24,12,[ 1 12],25,-1,101,-1,89
1,<environment.Job instance at 0x7f08ff830be0>,4,27,[7 2],5,-1,33,-1,6
1,<environment.Job instance at 0x7f08ff82f640>,6,20,[ 4 13],7,-1,27,-1,7
1,<environment.Job instance at 0x7f08ff82f960>,7,21,[12  5],8,-1,29,-1,8
1,<environment.Job instance at 0x7f08ff82fe10>,9,25,[6 1],10,-1,35,-1,10
1,<environment.Job instance at 0x7f08fffb9370>,10,24,[11  4],11,-1,35,-1,11
1,<environment.Job instance at 0x7f08fffb95f0>,14,17,[14  5],15,-1,41,-1,24
1,<environment.Job instance at 0x7f08fffb9e10>,15,25,[6 1],16,-1,49,-1,24
1,<environment.Job instance at 0x7f09000e3320>,17,25,[8 3],18,-1,58,-1,33
1,<environment.Job instance at 0x7f09000e3c80>,18,13,[13  1],19,-1,46,-1,33
1,<environment.Job instance at 0x7f08fffc9190>,22,19,[12  1],23,-1,70,-1,51
1,<environment.Job instance at 0x7f08fffc9d20>,23,26,[4 7],24,-1,77,-1,51
1,<environment.Job instance at 0x7f08ff822690>,25,18,[ 2 13],26,-1,77,-1,59
1,<environment.Job instance at 0x7f08ff822d20>,3,12,[ 2 13],4,-1,16,-1,4
1,<environment.Job instance at 0x7f09000d14b0>,4,19,[ 4 11],5,-1,24,-1,5
1,<environment.Job instance at 0x7f09000d1780>,6,12,[11  1],7,-1,19,-1,7
1,<environment.Job instance at 0x7f09000d1af0>,8,25,[14  5],9,-1,34,-1,9
1,<environment.Job instance at 0x7f09000d1be0>,9,27,[6 1],10,-1,37,-1,10
1,<environment.Job instance at 0x7f09000d1960>,12,14,[7 1],13,-1,29,-1,15
1,<environment.Job instance at 0x7f08ff7b44b0>,15,27,[12  1],16,-1,43,-1,16
1,<environment.Job instance at 0x7f08ff7b4820>,16,22,[11  5],17,-1,39,-1,17
1,<environment.Job instance at 0x7f08ff7b4910>,17,14,[2 6],18,-1,33,-1,19
1,<environment.Job instance at 0x7f08ff7b4aa0>,18,22,[ 3 14],19,-1,41,-1,19
1,<environment.Job instance at 0x7f08ff7b45f0>,19,26,[2 7],20,-1,46,-1,20
1,<environment.Job instance at 0x7f08ff7b4be0>,20,23,[10  3],21,-1,44,-1,21
1,<environment.Job instance at 0x7f08ff7b4a50>,21,16,[14  1],22,-1,38,-1,22
1,<environment.Job instance at 0x7f08ff7b4b90>,22,23,[13  2],23,-1,46,-1,23
1,<environment.Job instance at 0x7f08ff7b4550>,23,25,[4 5],24,-1,49,-1,24
1,<environment.Job instance at 0x7f08ff7b4af0>,24,21,[14  1],25,-1,46,-1,25
1,<environment.Job instance at 0x7f08ff7b4730>,25,18,[11  1],26,-1,44,-1,26
1,<environment.Job instance at 0x7f08ff7b4fa0>,26,19,[ 3 12],27,-1,46,-1,27
1,<environment.Job instance at 0x7f08ff7b42d0>,29,27,[13  3],30,-1,59,-1,32
1,<environment.Job instance at 0x7f08ff7b4b40>,30,18,[1 5],31,-1,52,-1,34
1,<environment.Job instance at 0x7f08ff7b4eb0>,31,27,[4 6],32,-1,61,-1,34
1,<environment.Job instance at 0x7f08ff7b4230>,32,14,[14  1],33,-1,48,-1,34
1,<environment.Job instance at 0x7f08ff7b4d70>,33,16,[ 4 12],34,-1,50,-1,34
1,<environment.Job instance at 0x7f08ff968280>,34,17,[14  4],35,-1,52,-1,35
1,<environment.Job instance at 0x7f08ff968aa0>,35,13,[ 2 10],36,-1,49,-1,36
1,<environment.Job instance at 0x7f09000ea230>,36,17,[ 5 14],37,-1,54,-1,37
1,<environment.Job instance at 0x7f09000ea050>,37,25,[11  4],38,-1,63,-1,38
1,<environment.Job instance at 0x7f09000eaa50>,38,21,[2 6],39,-1,68,-1,47
1,<environment.Job instance at 0x7f08ff9683c0>,39,22,[5 7],40,-1,69,-1,47
1,<environment.Job instance at 0x7f09000ea5a0>,41,27,[ 1 11],42,-1,74,-1,47
1,<environment.Job instance at 0x7f09000eaeb0>,42,12,[8 4],43,-1,59,-1,47
1,<environment.Job instance at 0x7f09000ea640>,43,26,[11  2],44,-1,73,-1,47
1,<environment.Job instance at 0x7f09000ea500>,46,24,[9 2],47,-1,78,-1,54
1,<environment.Job instance at 0x7f09000ea0a0>,47,27,[ 5 14],48,-1,81,-1,54
1,<environment.Job instance at 0x7f09000ea910>,49,20,[ 2 13],50,-1,80,-1,60
1,<environment.Job instance at 0x7f09000ea7d0>,50,26,[ 4 14],51,-1,86,-1,60
1,<environment.Job instance at 0x7f09000ea1e0>,52,16,[ 1 11],53,-1,86,-1,70
1,<environment.Job instance at 0x7f09000ea4b0>,53,15,[14  5],54,-1,85,-1,70
1,<environment.Job instance at 0x7f08ff8199b0>,54,17,[13  1],55,-1,87,-1,70
1,<environment.Job instance at 0x7f08ff819820>,55,23,[ 4 11],56,-1,93,-1,70
1,<environment.Job instance at 0x7f08ff8193c0>,56,21,[ 5 14],57,-1,91,-1,70
1,<environment.Job instance at 0x7f08ff819320>,57,17,[13  3],58,-1,87,-1,70
1,<environment.Job instance at 0x7f08ff819a50>,59,16,[ 3 10],60,-1,92,-1,76
1,<environment.Job instance at 0x7f08ff819050>,60,14,[13  2],61,-1,90,-1,76
1,<environment.Job instance at 0x7f08ffa06960>,62,23,[ 1 14],63,-1,99,-1,76
1,<environment.Job instance at 0x7f08ffa069b0>,63,27,[5 5],64,-1,103,-1,76
1,<environment.Job instance at 0x7f08ffa06280>,65,28,[ 5 11],66,-1,116,-1,88
1,<environment.Job instance at 0x7f08ffa065a0>,66,19,[11  5],67,-1,107,-1,88
1,<environment.Job instance at 0x7f08ffa06780>,67,27,[ 2 14],68,-1,115,-1,88
1,<environment.Job instance at 0x7f08ffa06f50>,68,23,[3 7],69,-1,111,-1,88
1,<environment.Job instance at 0x7f0900df28c0>,7,14,[ 2 13],8,-1,27,-1,13
1,<environment.Job instance at 0x7f0900df2960>,8,13,[14  5],9,-1,26,-1,13
1,<environment.Job instance at 0x7f0900df2a00>,9,18,[12  4],10,-1,31,-1,13
1,<environment.Job instance at 0x7f0900df2aa0>,10,21,[ 2 14],11,-1,34,-1,13
1,<environment.Job instance at 0x7f0900df2be0>,12,23,[13  4],13,-1,37,-1,14
1,<environment.Job instance at 0x7f0900df2dc0>,13,16,[ 3 10],14,-1,62,-1,46
1,<environment.Job instance at 0x7f0900df27d0>,16,26,[ 1 10],17,-1,72,-1,46
1,<environment.Job instance at 0x7f0900df2fa0>,17,18,[13  5],18,-1,64,-1,46
1,<environment.Job instance at 0x7f0900df2cd0>,18,21,[12  5],19,-1,67,-1,46
1,<environment.Job instance at 0x7f0900e161e0>,20,20,[11  5],21,-1,66,-1,46
1,<environment.Job instance at 0x7f0900e16280>,21,27,[8 5],22,-1,73,-1,46
1,<environment.Job instance at 0x7f0900e163c0>,23,28,[5 7],24,-1,74,-1,46
1,<environment.Job instance at 0x7f0900e16460>,24,12,[ 4 11],25,-1,58,-1,46
1,<environment.Job instance at 0x7f0900e16500>,25,25,[13  4],26,-1,71,-1,46
1,<environment.Job instance at 0x7f0900e16050>,26,21,[ 1 12],27,-1,67,-1,46
1,<environment.Job instance at 0x7f0900e16640>,27,22,[ 4 12],28,-1,68,-1,46
1,<environment.Job instance at 0x7f0900e160f0>,28,22,[13  5],29,-1,68,-1,46
1,<environment.Job instance at 0x7f0900e165f0>,29,28,[13  2],30,-1,74,-1,46
1,<environment.Job instance at 0x7f0900e16870>,31,24,[14  3],32,-1,81,-1,57
1,<environment.Job instance at 0x7f0900e16af0>,32,25,[12  1],33,-1,82,-1,57
1,<environment.Job instance at 0x7f0900e16910>,33,24,[5 8],34,-1,81,-1,57
1,<environment.Job instance at 0x7f0900e16be0>,34,13,[ 1 13],35,-1,70,-1,57
1,<environment.Job instance at 0x7f0900e16c80>,35,23,[1 5],36,-1,80,-1,57
1,<environment.Job instance at 0x7f0900e16d20>,36,22,[ 5 11],37,-1,79,-1,57
1,<environment.Job instance at 0x7f0900e16dc0>,37,24,[ 5 13],38,-1,81,-1,57
1,<environment.Job instance at 0x7f0900e16e60>,38,13,[ 1 14],39,-1,70,-1,57
1,<environment.Job instance at 0x7f0900e16f00>,39,26,[12  4],40,-1,83,-1,57
1,<environment.Job instance at 0x7f0900e16eb0>,41,21,[13  2],42,-1,79,-1,58
1,<environment.Job instance at 0x7f0900e16f50>,42,23,[14  5],43,-1,81,-1,58
1,<environment.Job instance at 0x7f0900e19050>,43,14,[14  2],44,-1,72,-1,58
1,<environment.Job instance at 0x7f0900e19320>,45,22,[7 1],46,-1,99,-1,77
1,<environment.Job instance at 0x7f0900e19500>,46,28,[5 4],47,-1,105,-1,77
1,<environment.Job instance at 0x7f0900e195a0>,49,16,[ 4 10],50,-1,102,-1,86
1,<environment.Job instance at 0x7f0900e19640>,50,18,[ 5 14],51,-1,104,-1,86
1,<environment.Job instance at 0x7f0900e196e0>,51,17,[ 3 13],52,-1,103,-1,86
1,<environment.Job instance at 0x7f0900e19780>,52,23,[13  3],53,-1,109,-1,86
1,<environment.Job instance at 0x7f0900e19820>,53,18,[ 2 12],54,-1,104,-1,86
1,<environment.Job instance at 0x7f0900e198c0>,54,28,[11  1],55,-1,114,-1,86
1,<environment.Job instance at 0x7f08ff82cd20>,1,16,[ 1 13],2,-1,18,-1,2
1,<environment.Job instance at 0x7f0900e19910>,2,25,[4 9],3,-1,28,-1,3
1,<environment.Job instance at 0x7f08ffc2a5a0>,4,14,[13  3],5,-1,19,-1,5
1,<environment.Job instance at 0x7f0900e198c0>,6,12,[6 1],7,-1,22,-1,10
1,<environment.Job instance at 0x7f08ffc2aaf0>,10,15,[10  1],11,-1,26,-1,11
1,<environment.Job instance at 0x7f08ffc2a5f0>,11,14,[3 8],12,-1,26,-1,12
1,<environment.Job instance at 0x7f08ffc2a820>,14,12,[ 3 12],15,-1,31,-1,19
1,<environment.Job instance at 0x7f08ffc2ab40>,15,12,[11  4],16,-1,31,-1,19
1,<environment.Job instance at 0x7f08ffc2a4b0>,16,20,[ 3 14],17,-1,39,-1,19
1,<environment.Job instance at 0x7f0900e84640>,17,16,[12  1],18,-1,35,-1,19
1,<environment.Job instance at 0x7f0900e848c0>,18,21,[1 7],19,-1,40,-1,19
1,<environment.Job instance at 0x7f0900e84870>,19,16,[9 2],20,-1,43,-1,27
1,<environment.Job instance at 0x7f0900e845a0>,20,28,[ 1 11],21,-1,55,-1,27
1,<environment.Job instance at 0x7f0900e84e10>,21,22,[8 3],22,-1,49,-1,27
1,<environment.Job instance at 0x7f0900e84eb0>,22,28,[14  4],23,-1,55,-1,27
1,<environment.Job instance at 0x7f0900e841e0>,23,27,[13  4],24,-1,54,-1,27
1,<environment.Job instance at 0x7f0900e84410>,24,12,[ 5 11],25,-1,39,-1,27
1,<environment.Job instance at 0x7f0900e84370>,26,17,[14  2],27,-1,46,-1,29
1,<environment.Job instance at 0x7f0900e84f50>,27,17,[ 1 12],28,-1,46,-1,29
1,<environment.Job instance at 0x7f0900e84aa0>,29,22,[ 3 14],30,-1,60,-1,38
1,<environment.Job instance at 0x7f0900e84a50>,30,15,[ 2 11],31,-1,53,-1,38
1,<environment.Job instance at 0x7f08ffbda640>,31,22,[ 2 13],32,-1,60,-1,38
1,<environment.Job instance at 0x7f08ffbda690>,32,21,[2 5],33,-1,61,-1,40
1,<environment.Job instance at 0x7f08ffbdacd0>,33,26,[ 4 14],34,-1,66,-1,40
1,<environment.Job instance at 0x7f08ffbda230>,34,17,[3 9],35,-1,57,-1,40
1,<environment.Job instance at 0x7f08ffbda1e0>,35,26,[3 9],36,-1,66,-1,40
1,<environment.Job instance at 0x7f08ffbda820>,36,23,[10  3],37,-1,63,-1,40
1,<environment.Job instance at 0x7f08ffbdaaa0>,37,23,[8 2],38,-1,63,-1,40
1,<environment.Job instance at 0x7f08ffbda410>,38,26,[ 2 11],39,-1,66,-1,40
1,<environment.Job instance at 0x7f08ffbdaf00>,39,27,[6 4],40,-1,67,-1,40
1,<environment.Job instance at 0x7f08ffbda0a0>,40,25,[ 4 14],41,-1,66,-1,41
1,<environment.Job instance at 0x7f08ffbda6e0>,42,18,[ 2 12],43,-1,64,-1,46
1,<environment.Job instance at 0x7f08ffbda550>,44,24,[13  5],45,-1,78,-1,54
1,<environment.Job instance at 0x7f08ffbdaaf0>,45,12,[ 4 13],46,-1,66,-1,54
1,<environment.Job instance at 0x7f08ffbda190>,46,27,[14  3],47,-1,81,-1,54
1,<environment.Job instance at 0x7f09009fac80>,47,22,[7 2],48,-1,78,-1,56
1,<environment.Job instance at 0x7f09009fa9b0>,48,18,[5 9],49,-1,84,-1,66
1,<environment.Job instance at 0x7f09009fa050>,51,13,[11  1],52,-1,80,-1,67
1,<environment.Job instance at 0x7f09009fa550>,52,26,[ 1 13],53,-1,93,-1,67
1,<environment.Job instance at 0x7f09009faa50>,53,13,[ 1 13],54,-1,80,-1,67
1,<environment.Job instance at 0x7f09009fa460>,54,18,[12  5],55,-1,85,-1,67
1,<environment.Job instance at 0x7f09009fac30>,55,24,[ 5 12],56,-1,91,-1,67
1,<environment.Job instance at 0x7f09009fa870>,56,22,[ 3 14],57,-1,89,-1,67
1,<environment.Job instance at 0x7f09009fa370>,57,21,[2 5],58,-1,88,-1,67
1,<environment.Job instance at 0x7f09009fafa0>,58,19,[7 2],59,-1,86,-1,67
1,<environment.Job instance at 0x7f0909465910>,59,20,[3 9],60,-1,87,-1,67
1,<environment.Job instance at 0x7f09094657d0>,60,14,[2 7],61,-1,81,-1,67
1,<environment.Job instance at 0x7f09094651e0>,61,24,[4 5],62,-1,91,-1,67
1,<environment.Job instance at 0x7f0909465870>,62,14,[5 5],63,-1,81,-1,67
1,<environment.Job instance at 0x7f0909465d70>,63,12,[13  3],64,-1,79,-1,67
1,<environment.Job instance at 0x7f0909465050>,64,25,[ 5 10],65,-1,92,-1,67
1,<environment.Job instance at 0x7f0909465e10>,65,16,[6 1],66,-1,83,-1,67
1,<environment.Job instance at 0x7f09094654b0>,66,14,[11  2],67,-1,81,-1,67
1,<environment.Job instance at 0x7f090098bcd0>,67,15,[ 3 14],68,-1,83,-1,68
1,<environment.Job instance at 0x7f090098bfa0>,69,27,[13  4],70,-1,97,-1,70
1,<environment.Job instance at 0x7f090098b5f0>,70,12,[6 3],71,-1,83,-1,71
1,<environment.Job instance at 0x7f090098bd70>,71,16,[10  2],72,-1,95,-1,79
1,<environment.Job instance at 0x7f090098b280>,72,15,[ 4 14],73,-1,94,-1,79
1,<environment.Job instance at 0x7f090098be10>,73,12,[ 1 14],74,-1,91,-1,79
1,<environment.Job instance at 0x7f090098b3c0>,74,20,[ 1 12],75,-1,99,-1,79
1,<environment.Job instance at 0x7f090098bc80>,77,14,[ 4 12],78,-1,98,-1,84
1,<environment.Job instance at 0x7f090098b6e0>,78,13,[7 5],79,-1,101,-1,88
1,<environment.Job instance at 0x7f090098b2d0>,79,25,[ 1 14],80,-1,113,-1,88
1,<environment.Job instance at 0x7f08ffbe3190>,80,14,[11  5],81,-1,102,-1,88
1,<environment.Job instance at 0x7f08ffd17230>,7,21,[11  3],8,-1,29,-1,8
1,<environment.Job instance at 0x7f08ffd17190>,9,23,[5 5],10,-1,38,-1,15
1,<environment.Job instance at 0x7f08ffd175a0>,11,14,[11  3],12,-1,33,-1,19
1,<environment.Job instance at 0x7f08ffd176e0>,12,28,[2 7],13,-1,47,-1,19
1,<environment.Job instance at 0x7f08ffd17dc0>,13,27,[11  2],14,-1,46,-1,19
1,<environment.Job instance at 0x7f08ffd170f0>,20,16,[11  5],21,-1,87,-1,71
1,<environment.Job instance at 0x7f090941cb90>,22,24,[13  4],23,-1,97,-1,73
1,<environment.Job instance at 0x7f090941ccd0>,23,24,[4 7],24,-1,97,-1,73
1,<environment.Job instance at 0x7f08ffe35be0>,4,27,[11  4],5,-1,32,-1,5
1,<environment.Job instance at 0x7f090961e0a0>,6,28,[8 1],7,-1,35,-1,7
1,<environment.Job instance at 0x7f08ffe35a50>,8,23,[ 3 14],9,-1,32,-1,9
1,<environment.Job instance at 0x7f090961e5a0>,9,27,[ 4 13],10,-1,37,-1,10
1,<environment.Job instance at 0x7f090961ec30>,10,22,[12  5],11,-1,33,-1,11
1,<environment.Job instance at 0x7f090961e500>,14,14,[ 1 11],15,-1,33,-1,19
1,<environment.Job instance at 0x7f090961e870>,15,27,[10  2],16,-1,46,-1,19
1,<environment.Job instance at 0x7f090961e140>,16,27,[13  1],17,-1,46,-1,19
1,<environment.Job instance at 0x7f090961e640>,17,22,[2 8],18,-1,52,-1,30
1,<environment.Job instance at 0x7f090961ed20>,20,23,[13  4],21,-1,54,-1,31
1,<environment.Job instance at 0x7f090961e050>,21,25,[ 4 12],22,-1,56,-1,31
1,<environment.Job instance at 0x7f090961e7d0>,22,26,[5 5],23,-1,57,-1,31
1,<environment.Job instance at 0x7f09005e8820>,25,25,[ 2 10],26,-1,72,-1,47
1,<environment.Job instance at 0x7f09005e8910>,26,14,[11  3],27,-1,61,-1,47
1,<environment.Job instance at 0x7f09005e8780>,29,19,[9 1],30,-1,91,-1,72
1,<environment.Job instance at 0x7f09005e8500>,30,21,[9 1],31,-1,93,-1,72
1,<environment.Job instance at 0x7f09005e8050>,31,19,[ 3 11],32,-1,91,-1,72
1,<environment.Job instance at 0x7f09005e8550>,34,27,[5 6],35,-1,106,-1,79
1,<environment.Job instance at 0x7f09005e8d70>,35,12,[8 3],36,-1,91,-1,79
1,<environment.Job instance at 0x7f09005e80f0>,36,25,[9 4],37,-1,104,-1,79
1,<environment.Job instance at 0x7f09005e8190>,37,25,[12  3],38,-1,104,-1,79
1,<environment.Job instance at 0x7f09005e89b0>,38,26,[ 3 10],39,-1,105,-1,79
1,<environment.Job instance at 0x7f0900e741e0>,3,22,[6 2],4,-1,42,-1,20
1,<environment.Job instance at 0x7f09004d0c30>,9,20,[5 6],10,-1,53,-1,33
1,<environment.Job instance at 0x7f0900086960>,10,28,[7 1],11,-1,61,-1,33
1,<environment.Job instance at 0x7f0900086dc0>,11,12,[13  3],12,-1,45,-1,33
1,<environment.Job instance at 0x7f09000863c0>,12,16,[ 3 12],13,-1,49,-1,33
1,<environment.Job instance at 0x7f09009b3dc0>,13,22,[ 5 14],14,-1,55,-1,33
1,<environment.Job instance at 0x7f09009b35f0>,14,28,[2 9],15,-1,61,-1,33
1,<environment.Job instance at 0x7f09009b3910>,15,19,[ 4 14],16,-1,52,-1,33
1,<environment.Job instance at 0x7f09009b3820>,16,23,[9 5],17,-1,56,-1,33
1,<environment.Job instance at 0x7f09009b3b90>,18,27,[13  3],19,-1,67,-1,40
1,<environment.Job instance at 0x7f09009b3870>,19,17,[ 4 12],20,-1,57,-1,40
1,<environment.Job instance at 0x7f0900c77640>,20,17,[2 9],21,-1,57,-1,40
1,<environment.Job instance at 0x7f09009b38c0>,21,24,[5 4],22,-1,64,-1,40
1,<environment.Job instance at 0x7f09009b30a0>,22,20,[ 1 13],23,-1,60,-1,40
1,<environment.Job instance at 0x7f09006aef00>,23,15,[10  1],24,-1,55,-1,40
1,<environment.Job instance at 0x7f09006aeb40>,24,27,[ 3 14],25,-1,67,-1,40
1,<environment.Job instance at 0x7f09006ae4b0>,25,12,[1 9],26,-1,52,-1,40
1,<environment.Job instance at 0x7f08fffd4a50>,26,27,[3 6],27,-1,67,-1,40
1,<environment.Job instance at 0x7f090960baa0>,27,13,[5 8],28,-1,53,-1,40
1,<environment.Job instance at 0x7f09098e0500>,28,18,[5 2],29,-1,58,-1,40
1,<environment.Job instance at 0x7f090960bdc0>,29,28,[12  3],30,-1,68,-1,40
1,<environment.Job instance at 0x7f0900319500>,30,27,[5 2],31,-1,67,-1,40
1,<environment.Job instance at 0x7f0900834d20>,31,12,[ 3 13],32,-1,52,-1,40
1,<environment.Job instance at 0x7f08ffccd230>,32,17,[14  5],33,-1,57,-1,40
1,<environment.Job instance at 0x7f0900319910>,33,15,[14  2],34,-1,55,-1,40
1,<environment.Job instance at 0x7f08ffccd910>,34,15,[ 1 12],35,-1,55,-1,40
1,<environment.Job instance at 0x7f09009f6690>,35,14,[3 9],36,-1,54,-1,40
1,<environment.Job instance at 0x7f09004ed190>,36,12,[10  1],37,-1,52,-1,40
1,<environment.Job instance at 0x7f09004edbe0>,38,12,[ 1 12],39,-1,52,-1,40
1,<environment.Job instance at 0x7f08ffd40c30>,40,16,[ 1 10],41,-1,65,-1,49
1,<environment.Job instance at 0x7f08ffd40050>,41,22,[14  3],42,-1,71,-1,49
1,<environment.Job instance at 0x7f09006f4910>,42,22,[11  5],43,-1,71,-1,49
1,<environment.Job instance at 0x7f09006f4c80>,43,13,[9 2],44,-1,62,-1,49
1,<environment.Job instance at 0x7f09006f46e0>,44,21,[5 8],45,-1,75,-1,54
1,<environment.Job instance at 0x7f09006f45f0>,45,21,[11  3],46,-1,75,-1,54
1,<environment.Job instance at 0x7f09006f44b0>,46,24,[1 8],47,-1,78,-1,54
1,<environment.Job instance at 0x7f09006f4960>,47,17,[ 1 10],48,-1,71,-1,54
1,<environment.Job instance at 0x7f09006f4cd0>,49,12,[11  2],50,-1,69,-1,57
1,<environment.Job instance at 0x7f09006f4f00>,50,18,[ 3 11],51,-1,75,-1,57
1,<environment.Job instance at 0x7f08ff6f0cd0>,51,15,[ 3 12],52,-1,72,-1,57
1,<environment.Job instance at 0x7f08ff6f0e60>,53,24,[2 8],54,-1,86,-1,62
1,<environment.Job instance at 0x7f08ff6f0f50>,54,24,[5 7],55,-1,86,-1,62
1,<environment.Job instance at 0x7f08ff6f0910>,55,13,[14  2],56,-1,75,-1,62
1,<environment.Job instance at 0x7f08ff6f0b90>,56,12,[ 5 14],57,-1,74,-1,62
1,<environment.Job instance at 0x7f08ff6f07d0>,57,28,[11  4],58,-1,90,-1,62
1,<environment.Job instance at 0x7f08ff6f0140>,58,23,[1 6],59,-1,85,-1,62
1,<environment.Job instance at 0x7f08ff6f0230>,59,26,[1 8],60,-1,88,-1,62
1,<environment.Job instance at 0x7f08ff8bf500>,60,13,[1 9],61,-1,75,-1,62
1,<environment.Job instance at 0x7f08ff8bff00>,61,12,[5 2],62,-1,74,-1,62
1,<environment.Job instance at 0x7f0900c92c30>,63,25,[7 5],64,-1,90,-1,65
1,<environment.Job instance at 0x7f0900c92aa0>,64,24,[5 3],65,-1,89,-1,65
1,<environment.Job instance at 0x7f08ffdfe280>,65,15,[ 1 14],66,-1,81,-1,66
1,<environment.Job instance at 0x7f08ffdfe370>,66,24,[5 2],67,-1,91,-1,67
1,<environment.Job instance at 0x7f0900c92050>,67,25,[8 1],68,-1,93,-1,68
1,<environment.Job instance at 0x7f0900ab2320>,69,20,[ 4 13],70,-1,92,-1,72
1,<environment.Job instance at 0x7f0900d89c30>,71,20,[1 9],72,-1,102,-1,82
1,<environment.Job instance at 0x7f0900089b90>,72,16,[9 3],73,-1,103,-1,87
1,<environment.Job instance at 0x7f09005e89b0>,74,22,[6 3],75,-1,109,-1,87
1,<environment.Job instance at 0x7f0900089960>,75,20,[14  4],76,-1,107,-1,87
1,<environment.Job instance at 0x7f090009d2d0>,3,19,[12  4],4,-1,25,-1,6
1,<environment.Job instance at 0x7f08fff3f550>,15,26,[ 5 13],16,-1,100,-1,74
1,<environment.Job instance at 0x7f0900005e60>,1,13,[ 3 13],2,-1,15,-1,2
1,<environment.Job instance at 0x7f08fff3f730>,3,17,[13  5],4,-1,21,-1,4
1,<environment.Job instance at 0x7f0900d71a50>,2,23,[14  4],3,-1,27,-1,4
1,<environment.Job instance at 0x7f0900d79cd0>,5,24,[12  4],6,-1,30,-1,6
1,<environment.Job instance at 0x7f0900d71500>,4,22,[13  1],5,-1,28,-1,6
1,<environment.Job instance at 0x7f0900d79d70>,6,25,[6 3],7,-1,32,-1,7
1,<environment.Job instance at 0x7f0900d79dc0>,7,27,[9 5],8,-1,35,-1,8
1,<environment.Job instance at 0x7f0900d79f50>,8,18,[ 3 11],9,-1,27,-1,9
1,<environment.Job instance at 0x7f0900d79550>,9,14,[ 2 13],10,-1,24,-1,10
1,<environment.Job instance at 0x7f0900d79960>,14,17,[ 4 14],15,-1,32,-1,15
1,<environment.Job instance at 0x7f0900d79320>,15,15,[ 2 14],16,-1,31,-1,16
1,<environment.Job instance at 0x7f0900d76640>,19,12,[10  2],20,-1,36,-1,24
1,<environment.Job instance at 0x7f0900d762d0>,20,23,[5 9],21,-1,47,-1,24
1,<environment.Job instance at 0x7f0900d76410>,21,17,[ 2 14],22,-1,41,-1,24
1,<environment.Job instance at 0x7f0900d76f00>,22,22,[11  4],23,-1,46,-1,24
1,<environment.Job instance at 0x7f0900d76500>,23,28,[11  2],24,-1,52,-1,24
1,<environment.Job instance at 0x7f0900d76780>,24,28,[ 4 10],25,-1,53,-1,25
1,<environment.Job instance at 0x7f0900d76140>,25,24,[6 2],26,-1,50,-1,26
1,<environment.Job instance at 0x7f0900d76230>,27,26,[12  4],28,-1,54,-1,28
1,<environment.Job instance at 0x7f0900d76910>,28,13,[12  3],29,-1,42,-1,29
1,<environment.Job instance at 0x7f08ffdd7af0>,29,16,[ 5 11],30,-1,46,-1,30
1,<environment.Job instance at 0x7f08ffdd7460>,36,19,[13  2],37,-1,89,-1,70
1,<environment.Job instance at 0x7f08ffdd7780>,37,27,[5 9],38,-1,97,-1,70
1,<environment.Job instance at 0x7f0900d84460>,38,24,[ 3 14],39,-1,94,-1,70
1,<environment.Job instance at 0x7f0900d84410>,39,24,[3 7],40,-1,94,-1,70
1,<environment.Job instance at 0x7f0900d84dc0>,42,14,[ 5 11],43,-1,85,-1,71
1,<environment.Job instance at 0x7f0900d84780>,45,17,[ 2 13],46,-1,104,-1,87
1,<environment.Job instance at 0x7f0900d845a0>,46,16,[14  4],47,-1,103,-1,87
1,<environment.Job instance at 0x7f0900d846e0>,47,18,[ 1 14],48,-1,105,-1,87
1,<environment.Job instance at 0x7f0900d84640>,48,16,[ 3 14],49,-1,103,-1,87
1,<environment.Job instance at 0x7f0900d84690>,2,27,[7 2],3,-1,30,-1,3
1,<environment.Job instance at 0x7f0900be7190>,5,12,[ 2 14],6,-1,18,-1,6
1,<environment.Job instance at 0x7f0900be7690>,6,17,[ 1 12],7,-1,24,-1,7
1,<environment.Job instance at 0x7f0900be7a00>,4,21,[10  1],5,-1,30,-1,9
1,<environment.Job instance at 0x7f0900bfaf00>,9,25,[12  1],10,-1,35,-1,10
1,<environment.Job instance at 0x7f08ff43c140>,10,26,[12  2],11,-1,37,-1,11
1,<environment.Job instance at 0x7f08fff53780>,11,25,[4 8],12,-1,37,-1,12
1,<environment.Job instance at 0x7f08ffb77fa0>,13,12,[13  2],14,-1,26,-1,14
1,<environment.Job instance at 0x7f08ffb775f0>,14,22,[6 2],15,-1,40,-1,18
1,<environment.Job instance at 0x7f08ffb77410>,16,23,[4 7],17,-1,41,-1,18
1,<environment.Job instance at 0x7f08ffba7190>,18,14,[ 2 13],19,-1,33,-1,19
1,<environment.Job instance at 0x7f0900359cd0>,21,23,[8 4],22,-1,51,-1,28
1,<environment.Job instance at 0x7f0900359fa0>,22,27,[ 1 13],23,-1,55,-1,28
1,<environment.Job instance at 0x7f0900359a50>,23,18,[11  3],24,-1,46,-1,28
1,<environment.Job instance at 0x7f09003590a0>,25,13,[12  1],26,-1,53,-1,40
1,<environment.Job instance at 0x7f0900359500>,26,12,[12  5],27,-1,52,-1,40
1,<environment.Job instance at 0x7f0900be00a0>,27,12,[ 3 12],28,-1,52,-1,40
1,<environment.Job instance at 0x7f0900090e10>,29,23,[4 9],30,-1,70,-1,47
1,<environment.Job instance at 0x7f090081be60>,31,27,[2 7],32,-1,81,-1,54
1,<environment.Job instance at 0x7f08ff81eb40>,34,14,[ 2 11],35,-1,92,-1,78
1,<environment.Job instance at 0x7f08ff9cc0a0>,35,23,[ 3 14],36,-1,101,-1,78
1,<environment.Job instance at 0x7f08ff9cc960>,36,12,[ 2 10],37,-1,90,-1,78
1,<environment.Job instance at 0x7f08ff9cc5a0>,37,15,[ 2 13],38,-1,93,-1,78
1,<environment.Job instance at 0x7f08ff8b1e60>,38,27,[11  5],39,-1,105,-1,78
1,<environment.Job instance at 0x7f08ff8b3dc0>,39,21,[ 5 13],40,-1,99,-1,78
1,<environment.Job instance at 0x7f08ffba3140>,40,14,[12  4],41,-1,92,-1,78
1,<environment.Job instance at 0x7f08ffba33c0>,42,28,[14  3],43,-1,106,-1,78
1,<environment.Job instance at 0x7f09003d3640>,44,22,[ 5 12],45,-1,106,-1,84
1,<environment.Job instance at 0x7f09003d3690>,45,24,[ 1 14],46,-1,108,-1,84
1,<environment.Job instance at 0x7f09003d3d20>,46,25,[ 1 14],47,-1,109,-1,84
1,<environment.Job instance at 0x7f09003d3e10>,47,12,[ 4 10],48,-1,96,-1,84
1,<environment.Job instance at 0x7f09003d3e10>,2,25,[ 2 12],3,-1,28,-1,3
1,<environment.Job instance at 0x7f09003f00f0>,4,23,[7 1],5,-1,29,-1,6
1,<environment.Job instance at 0x7f0900c25a00>,6,26,[ 1 13],7,-1,33,-1,7
1,<environment.Job instance at 0x7f0900c25a50>,7,24,[12  4],8,-1,32,-1,8
1,<environment.Job instance at 0x7f0900c25e10>,12,28,[ 5 13],13,-1,49,-1,21
1,<environment.Job instance at 0x7f0900c25f50>,14,27,[6 4],15,-1,48,-1,21
1,<environment.Job instance at 0x7f0900c25f00>,15,13,[11  2],16,-1,34,-1,21
1,<environment.Job instance at 0x7f0900c1c1e0>,16,17,[ 2 14],17,-1,38,-1,21
1,<environment.Job instance at 0x7f0900c1c320>,18,14,[1 7],19,-1,50,-1,36
1,<environment.Job instance at 0x7f0900c1c460>,20,25,[1 6],21,-1,66,-1,41
1,<environment.Job instance at 0x7f0900c1c640>,21,20,[11  1],22,-1,61,-1,41
1,<environment.Job instance at 0x7f0900c1c550>,22,21,[2 8],23,-1,63,-1,42
1,<environment.Job instance at 0x7f0900c1c6e0>,23,13,[9 1],24,-1,55,-1,42
1,<environment.Job instance at 0x7f0900c1c780>,24,18,[3 9],25,-1,62,-1,44
1,<environment.Job instance at 0x7f0900c1c820>,25,12,[ 1 13],26,-1,56,-1,44
1,<environment.Job instance at 0x7f0900c1c8c0>,26,23,[1 5],27,-1,67,-1,44
1,<environment.Job instance at 0x7f0900c1c960>,27,14,[ 3 11],28,-1,58,-1,44
1,<environment.Job instance at 0x7f0900c1ca00>,28,22,[9 1],29,-1,67,-1,45
1,<environment.Job instance at 0x7f0900c1caa0>,29,15,[14  1],30,-1,60,-1,45
1,<environment.Job instance at 0x7f09000c9b40>,2,16,[14  5],3,-1,19,-1,3
1,<environment.Job instance at 0x7f09000c9af0>,4,24,[ 5 11],5,-1,29,-1,5
1,<environment.Job instance at 0x7f09000c9870>,6,25,[5 8],7,-1,33,-1,8
1,<environment.Job instance at 0x7f09000c9e10>,9,15,[13  2],10,-1,25,-1,10
1,<environment.Job instance at 0x7f0900104d20>,10,25,[ 1 14],11,-1,36,-1,11
1,<environment.Job instance at 0x7f0900104050>,11,25,[7 1],12,-1,37,-1,12
1,<environment.Job instance at 0x7f09000c99b0>,5,22,[4 9],6,-1,34,-1,12
1,<environment.Job instance at 0x7f0900104af0>,16,23,[5 1],17,-1,49,-1,26
1,<environment.Job instance at 0x7f09001045f0>,18,28,[6 3],19,-1,54,-1,26
1,<environment.Job instance at 0x7f0900104aa0>,19,13,[14  3],20,-1,39,-1,26
1,<environment.Job instance at 0x7f0900109870>,21,14,[ 2 12],22,-1,52,-1,38
1,<environment.Job instance at 0x7f0900109af0>,22,19,[13  3],23,-1,57,-1,38
1,<environment.Job instance at 0x7f0900109b40>,23,21,[ 3 14],24,-1,59,-1,38
1,<environment.Job instance at 0x7f0900109aa0>,24,16,[ 2 12],25,-1,54,-1,38
1,<environment.Job instance at 0x7f0900109b90>,25,23,[3 9],26,-1,61,-1,38
1,<environment.Job instance at 0x7f0900109be0>,27,25,[ 1 14],28,-1,76,-1,51
1,<environment.Job instance at 0x7f0900109140>,28,14,[ 1 11],29,-1,65,-1,51
1,<environment.Job instance at 0x7f0900109d70>,30,25,[2 8],31,-1,82,-1,57
1,<environment.Job instance at 0x7f09001094b0>,33,16,[13  2],34,-1,84,-1,68
1,<environment.Job instance at 0x7f0900109960>,35,12,[ 3 11],36,-1,81,-1,69
1,<environment.Job instance at 0x7f09001067d0>,36,13,[11  3],37,-1,82,-1,69
1,<environment.Job instance at 0x7f0909405cd0>,5,15,[11  3],6,-1,21,-1,6
1,<environment.Job instance at 0x7f0909405640>,6,28,[4 7],7,-1,35,-1,7
1,<environment.Job instance at 0x7f0900106be0>,3,22,[12  2],4,-1,29,-1,7
1,<environment.Job instance at 0x7f0909405550>,8,28,[ 4 10],9,-1,37,-1,9
1,<environment.Job instance at 0x7f0900bcc870>,14,21,[8 5],15,-1,65,-1,44
1,<environment.Job instance at 0x7f0900bcc460>,17,20,[13  1],18,-1,64,-1,44
1,<environment.Job instance at 0x7f0900bccb90>,18,27,[10  4],19,-1,71,-1,44
1,<environment.Job instance at 0x7f0900bcc9b0>,19,13,[6 2],20,-1,57,-1,44
1,<environment.Job instance at 0x7f0900bcc410>,22,26,[ 4 13],23,-1,103,-1,77
1,<environment.Job instance at 0x7f0900bcc0a0>,24,23,[7 4],25,-1,101,-1,78
1,<environment.Job instance at 0x7f0900bcc690>,25,23,[5 6],26,-1,101,-1,78
1,<environment.Job instance at 0x7f0900e65be0>,27,25,[ 5 14],28,-1,103,-1,78
1,<environment.Job instance at 0x7f0900e65e60>,30,27,[ 5 11],31,-1,116,-1,89
1,<environment.Job instance at 0x7ff3c5b714b0>,3,26,[11  4],4,-1,30,-1,4
1,<environment.Job instance at 0x7ff3c5b715f0>,5,24,[1 5],6,-1,33,-1,9
1,<environment.Job instance at 0x7ff3c5b71a00>,9,18,[ 2 13],10,-1,28,-1,10
1,<environment.Job instance at 0x7ff3c5b71a50>,10,18,[ 3 11],11,-1,29,-1,11
1,<environment.Job instance at 0x7ff3c5b71af0>,11,26,[4 8],12,-1,38,-1,12
1,<environment.Job instance at 0x7ff3c5b71b90>,12,26,[ 1 12],13,-1,39,-1,13
1,<environment.Job instance at 0x7ff3c5b71c30>,13,18,[ 4 14],14,-1,32,-1,14
1,<environment.Job instance at 0x7ff3c5b71dc0>,15,18,[ 2 14],16,-1,35,-1,17
1,<environment.Job instance at 0x7ff3c5b71e60>,16,16,[ 3 11],17,-1,33,-1,17
1,<environment.Job instance at 0x7ff3c5b71d70>,17,28,[ 5 10],18,-1,46,-1,18
1,<environment.Job instance at 0x7ff3c5b71f50>,18,25,[ 4 13],19,-1,44,-1,19
1,<environment.Job instance at 0x7ff3c5b750a0>,19,14,[ 3 11],20,-1,34,-1,20
1,<environment.Job instance at 0x7ff3c5b75140>,20,27,[13  5],21,-1,48,-1,21
1,<environment.Job instance at 0x7ff3c5b751e0>,21,26,[ 5 12],22,-1,48,-1,22
1,<environment.Job instance at 0x7ff3c5b75280>,22,13,[13  1],23,-1,36,-1,23
1,<environment.Job instance at 0x7ff3c5b753c0>,24,13,[ 3 14],25,-1,38,-1,25
1,<environment.Job instance at 0x7ff3c5b75550>,25,23,[ 3 13],26,-1,49,-1,26
1,<environment.Job instance at 0x7ff3c5b75410>,26,26,[1 8],27,-1,53,-1,27
1,<environment.Job instance at 0x7ff3c5b75690>,27,25,[5 7],28,-1,53,-1,28
1,<environment.Job instance at 0x7ff3c5b75640>,28,25,[ 4 11],29,-1,54,-1,29
1,<environment.Job instance at 0x7ff3c5b75730>,29,22,[ 5 13],30,-1,52,-1,30
1,<environment.Job instance at 0x7ff3c5b757d0>,30,27,[4 8],31,-1,58,-1,31
1,<environment.Job instance at 0x7ff3c5b75910>,31,20,[11  5],32,-1,53,-1,33
1,<environment.Job instance at 0x7ff3c5b71910>,34,24,[1 8],35,-1,60,-1,36
1,<environment.Job instance at 0x7ff3c5b75be0>,36,13,[ 3 14],37,-1,58,-1,45
1,<environment.Job instance at 0x7ff3c5b75d70>,37,28,[ 2 12],38,-1,73,-1,45
1,<environment.Job instance at 0x7ff3c5b75e10>,38,20,[ 1 10],39,-1,65,-1,45
1,<environment.Job instance at 0x7ff3c5b75eb0>,39,24,[5 6],40,-1,69,-1,45
1,<environment.Job instance at 0x7ff3c5b75d20>,41,27,[14  1],42,-1,87,-1,60
1,<environment.Job instance at 0x7ff3c5b77190>,43,13,[13  1],44,-1,93,-1,80
1,<environment.Job instance at 0x7ff3c5b77280>,44,24,[ 1 13],45,-1,104,-1,80
1,<environment.Job instance at 0x7ff3c5b772d0>,46,17,[12  2],47,-1,98,-1,81
1,<environment.Job instance at 0x7ff3c5b77500>,48,15,[14  1],49,-1,109,-1,94
1,<environment.Job instance at 0x7ff3c5b775a0>,49,16,[ 2 11],50,-1,110,-1,94
1,<environment.Job instance at 0x7ff3c5b77690>,50,16,[12  2],51,-1,110,-1,94
1,<environment.Job instance at 0x7ff3c5b774b0>,2,16,[ 3 13],3,-1,19,-1,3
1,<environment.Job instance at 0x7ff3c5fb4410>,3,23,[ 5 13],4,-1,27,-1,4
1,<environment.Job instance at 0x7ff3c5fb4eb0>,6,26,[11  4],7,-1,33,-1,7
1,<environment.Job instance at 0x7ff3c5fb44b0>,7,19,[ 3 12],8,-1,27,-1,8
1,<environment.Job instance at 0x7ff3c5fb64b0>,13,15,[12  1],14,-1,40,-1,25
1,<environment.Job instance at 0x7ff3c5fb63c0>,14,14,[ 2 11],15,-1,39,-1,25
1,<environment.Job instance at 0x7ff3c5fb6e60>,16,21,[ 1 12],17,-1,46,-1,25
1,<environment.Job instance at 0x7ff3c5fb6a00>,17,19,[11  2],18,-1,51,-1,32
1,<environment.Job instance at 0x7ff3c5fb6c80>,18,14,[ 3 14],19,-1,46,-1,32
1,<environment.Job instance at 0x7ff3c5fb6960>,20,19,[13  1],21,-1,55,-1,36
1,<environment.Job instance at 0x7ff3c5fb65a0>,22,22,[14  4],23,-1,59,-1,37
1,<environment.Job instance at 0x7ff3c5fb6d20>,23,14,[11  5],24,-1,51,-1,37
1,<environment.Job instance at 0x7ff3c5fb6c30>,24,19,[ 3 12],25,-1,56,-1,37
1,<environment.Job instance at 0x7ff3c52130a0>,25,18,[13  4],26,-1,55,-1,37
1,<environment.Job instance at 0x7ff3c5fb6d70>,26,26,[13  4],27,-1,63,-1,37
1,<environment.Job instance at 0x7ff3c52955a0>,3,14,[12  2],4,-1,18,-1,4
1,<environment.Job instance at 0x7ff3c5295e60>,4,28,[8 4],5,-1,33,-1,5
1,<environment.Job instance at 0x7ff3c5295140>,7,13,[ 4 12],8,-1,21,-1,8
1,<environment.Job instance at 0x7ff3c5295e10>,6,20,[12  1],7,-1,28,-1,8
1,<environment.Job instance at 0x7ff3c5295a00>,10,25,[7 2],11,-1,38,-1,13
1,<environment.Job instance at 0x7ff3c5299c30>,13,16,[11  1],14,-1,30,-1,14
1,<environment.Job instance at 0x7ff3c5299190>,16,17,[11  3],17,-1,44,-1,27
1,<environment.Job instance at 0x7ff3c5299d70>,17,14,[ 1 10],18,-1,47,-1,33
1,<environment.Job instance at 0x7ff3c5299a00>,18,25,[6 2],19,-1,58,-1,33
1,<environment.Job instance at 0x7ff3c5299b40>,19,18,[12  4],20,-1,51,-1,33
1,<environment.Job instance at 0x7ff3c52997d0>,21,26,[11  5],22,-1,59,-1,33
1,<environment.Job instance at 0x7ff3c5299aa0>,25,15,[13  5],26,-1,87,-1,72
1,<environment.Job instance at 0x7ff3c52996e0>,28,27,[14  3],29,-1,101,-1,74
1,<environment.Job instance at 0x7ff3c52990a0>,30,26,[ 4 10],31,-1,110,-1,84
1,<environment.Job instance at 0x7ff3c5299280>,31,26,[8 3],32,-1,110,-1,84
1,<environment.Job instance at 0x7ff3c5299410>,32,23,[12  1],33,-1,107,-1,84
1,<environment.Job instance at 0x7ff3c5299c80>,33,19,[ 2 13],34,-1,103,-1,84
1,<environment.Job instance at 0x7ff3c5299e10>,34,22,[11  1],35,-1,106,-1,84
1,<environment.Job instance at 0x7ff3c54972d0>,35,22,[ 1 13],36,-1,106,-1,84
1,<environment.Job instance at 0x7ff3c5497fa0>,36,24,[ 2 14],37,-1,108,-1,84
1,<environment.Job instance at 0x7ff3c5497280>,38,23,[13  3],39,-1,113,-1,90
1,<environment.Job instance at 0x7ff3c5497be0>,39,25,[10  5],40,-1,115,-1,90
1,<environment.Job instance at 0x7ff3c54973c0>,40,20,[13  5],41,-1,110,-1,90
1,<environment.Job instance at 0x7ff3c5497050>,41,24,[14  3],42,-1,114,-1,90
1,<environment.Job instance at 0x7ff3c5497820>,42,23,[13  5],43,-1,113,-1,90
1,<environment.Job instance at 0x7ff3c54978c0>,43,21,[12  3],44,-1,111,-1,90
1,<environment.Job instance at 0x7ff3c5497b40>,45,28,[ 4 11],46,-1,123,-1,95
1,<environment.Job instance at 0x7ff3c54977d0>,46,18,[ 4 12],47,-1,113,-1,95
1,<environment.Job instance at 0x7ff3c612bcd0>,47,22,[14  1],48,-1,117,-1,95
1,<environment.Job instance at 0x7ff3c608ef50>,48,25,[7 3],49,-1,120,-1,95
1,<environment.Job instance at 0x7ff3c5f40a50>,49,27,[ 4 13],50,-1,122,-1,95
1,<environment.Job instance at 0x7ff3c60974b0>,50,26,[8 4],51,-1,121,-1,95
1,<environment.Job instance at 0x7ff3c6097140>,51,12,[11  1],52,-1,107,-1,95
1,<environment.Job instance at 0x7ff3c55b6a50>,1,20,[11  1],2,-1,22,-1,2
1,<environment.Job instance at 0x7ff3c5ea8460>,4,24,[5 5],5,-1,29,-1,5
1,<environment.Job instance at 0x7ff3c557cb40>,5,13,[ 1 13],6,-1,19,-1,6
1,<environment.Job instance at 0x7ff3c5353fa0>,6,26,[ 1 13],7,-1,33,-1,7
1,<environment.Job instance at 0x7ff3c5b11b40>,14,18,[12  5],15,-1,58,-1,40
1,<environment.Job instance at 0x7ff3c5b115a0>,15,20,[ 5 13],16,-1,60,-1,40
1,<environment.Job instance at 0x7ff3c5308b90>,16,24,[2 7],17,-1,64,-1,40
1,<environment.Job instance at 0x7ff3c5850af0>,17,16,[11  2],18,-1,66,-1,50
1,<environment.Job instance at 0x7ff3c5b11aa0>,18,22,[ 2 12],19,-1,72,-1,50
1,<environment.Job instance at 0x7ff3c5b118c0>,19,20,[12  3],20,-1,70,-1,50
1,<environment.Job instance at 0x7ff3c5387410>,20,19,[12  5],21,-1,69,-1,50
1,<environment.Job instance at 0x7ff3c5646500>,22,18,[12  1],23,-1,68,-1,50
1,<environment.Job instance at 0x7ff3c5582960>,25,25,[8 5],26,-1,79,-1,54
1,<environment.Job instance at 0x7ff3c556b0a0>,26,17,[ 1 12],27,-1,71,-1,54
1,<environment.Job instance at 0x7ff3c5676050>,28,18,[ 2 14],29,-1,92,-1,74
1,<environment.Job instance at 0x7ff3c55828c0>,29,24,[11  1],30,-1,98,-1,74
1,<environment.Job instance at 0x7ff3c51d8a00>,30,25,[7 1],31,-1,99,-1,74
1,<environment.Job instance at 0x7ff3c5236230>,31,24,[12  5],32,-1,98,-1,74
1,<environment.Job instance at 0x7ff3c52368c0>,32,23,[10  2],33,-1,97,-1,74
1,<environment.Job instance at 0x7ff3c5236dc0>,33,15,[ 1 11],34,-1,89,-1,74
1,<environment.Job instance at 0x7ff3c56185a0>,34,16,[ 5 12],35,-1,90,-1,74
1,<environment.Job instance at 0x7ff3c57fabe0>,35,27,[ 4 14],36,-1,101,-1,74
1,<environment.Job instance at 0x7ff3cef33d70>,36,23,[ 2 11],37,-1,97,-1,74
1,<environment.Job instance at 0x7ff3c5221460>,37,13,[ 4 12],38,-1,87,-1,74
1,<environment.Job instance at 0x7ff3c5221e10>,38,15,[13  1],39,-1,89,-1,74
1,<environment.Job instance at 0x7ff3c54e8550>,39,17,[13  3],40,-1,91,-1,74
1,<environment.Job instance at 0x7ff3c51e4640>,41,22,[ 3 13],42,-1,96,-1,74
1,<environment.Job instance at 0x7ff3c51e48c0>,43,19,[13  4],44,-1,106,-1,87
1,<environment.Job instance at 0x7ff3c51e4050>,44,16,[ 2 12],45,-1,103,-1,87
1,<environment.Job instance at 0x7ff3c525daa0>,45,12,[ 4 14],46,-1,99,-1,87
1,<environment.Job instance at 0x7ff3c57e3d70>,3,15,[ 1 13],4,-1,19,-1,4
1,<environment.Job instance at 0x7ff3c50f05a0>,4,20,[12  2],5,-1,25,-1,5
1,<environment.Job instance at 0x7ff3c50f0870>,8,22,[12  3],9,-1,31,-1,9
1,<environment.Job instance at 0x7ff3c50f0be0>,11,23,[10  4],12,-1,61,-1,38
1,<environment.Job instance at 0x7ff3c50f0c80>,12,13,[ 1 10],13,-1,51,-1,38
1,<environment.Job instance at 0x7ff3c50f0f00>,16,17,[ 3 10],17,-1,82,-1,65
1,<environment.Job instance at 0x7ff3c50f0820>,19,18,[14  4],20,-1,89,-1,71
1,<environment.Job instance at 0x7ff3c50f11e0>,20,22,[ 4 14],21,-1,93,-1,71
1,<environment.Job instance at 0x7ff3c50f1280>,21,20,[11  4],22,-1,91,-1,71
1,<environment.Job instance at 0x7ff3c50f1050>,22,23,[14  4],23,-1,94,-1,71
1,<environment.Job instance at 0x7ff3c50f1190>,23,19,[ 3 14],24,-1,90,-1,71
1,<environment.Job instance at 0x7ff3c50f1460>,24,21,[14  2],25,-1,92,-1,71
1,<environment.Job instance at 0x7ff3c50f1370>,25,24,[14  2],26,-1,95,-1,71
1,<environment.Job instance at 0x7ff3c50f1550>,26,21,[ 5 11],27,-1,92,-1,71
1,<environment.Job instance at 0x7ff3c50f15a0>,27,20,[ 2 12],28,-1,91,-1,71
1,<environment.Job instance at 0x7ff3c50f1500>,28,23,[ 4 11],29,-1,94,-1,71
1,<environment.Job instance at 0x7ff3c50f16e0>,29,16,[ 3 14],30,-1,87,-1,71
1,<environment.Job instance at 0x7ff3c50f1780>,30,23,[ 3 13],31,-1,94,-1,71
1,<environment.Job instance at 0x7ff3c50f1820>,31,21,[14  4],32,-1,92,-1,71
1,<environment.Job instance at 0x7ff3c50f1960>,33,24,[ 3 10],34,-1,104,-1,80
1,<environment.Job instance at 0x7ff3c5110f50>,3,21,[ 2 11],4,-1,25,-1,4
1,<environment.Job instance at 0x7ff3c51107d0>,4,23,[14  3],5,-1,28,-1,5
1,<environment.Job instance at 0x7ff3c5110500>,5,25,[9 2],6,-1,31,-1,6
1,<environment.Job instance at 0x7ff3c5110af0>,7,19,[11  1],8,-1,28,-1,9
1,<environment.Job instance at 0x7ff3c514a870>,11,27,[1 8],12,-1,42,-1,15
1,<environment.Job instance at 0x7ff3c636d820>,3,18,[14  3],4,-1,22,-1,4
1,<environment.Job instance at 0x7ff3c636ddc0>,4,23,[ 2 11],5,-1,28,-1,5
1,<environment.Job instance at 0x7ff3c636d7d0>,5,18,[ 5 11],6,-1,24,-1,6
1,<environment.Job instance at 0x7ff3c636d6e0>,6,27,[11  5],7,-1,34,-1,7
1,<environment.Job instance at 0x7ff3c636d4b0>,7,17,[12  5],8,-1,25,-1,8
1,<environment.Job instance at 0x7ff3c636dd20>,9,21,[11  1],10,-1,31,-1,10
1,<environment.Job instance at 0x7ff3c636d230>,11,26,[5 4],12,-1,38,-1,12
1,<environment.Job instance at 0x7ff3c514a500>,13,26,[1 6],14,-1,41,-1,15
1,<environment.Job instance at 0x7ff3c636d1e0>,15,19,[11  4],16,-1,38,-1,19
1,<environment.Job instance at 0x7ff3c636d410>,18,12,[11  4],19,-1,39,-1,27
1,<environment.Job instance at 0x7ff3c636d280>,20,14,[ 3 13],21,-1,42,-1,28
1,<environment.Job instance at 0x7ff3c5998be0>,22,28,[5 5],23,-1,70,-1,42
1,<environment.Job instance at 0x7ff3c5998eb0>,24,20,[13  1],25,-1,62,-1,42
1,<environment.Job instance at 0x7ff3c5998550>,25,21,[ 3 12],26,-1,63,-1,42
1,<environment.Job instance at 0x7ff3c5998460>,26,25,[12  3],27,-1,67,-1,42
1,<environment.Job instance at 0x7ff3c5998f50>,28,20,[12  2],29,-1,82,-1,62
1,<environment.Job instance at 0x7ff3c59988c0>,31,16,[14  3],32,-1,90,-1,74
1,<environment.Job instance at 0x7ff3c5998d70>,32,20,[11  1],33,-1,94,-1,74
1,<environment.Job instance at 0x7ff3c5998b90>,34,27,[7 2],35,-1,103,-1,76
1,<environment.Job instance at 0x7ff3c5998e60>,36,20,[ 4 13],37,-1,111,-1,91
1,<environment.Job instance at 0x7ff3c5998af0>,37,21,[12  5],38,-1,112,-1,91
1,<environment.Job instance at 0x7ff3c5c93780>,2,27,[ 5 13],3,-1,30,-1,3
1,<environment.Job instance at 0x7ff3c5c4dd70>,4,27,[ 2 14],5,-1,32,-1,5
1,<environment.Job instance at 0x7ff3c5998af0>,3,25,[13  4],4,-1,30,-1,5
1,<environment.Job instance at 0x7ff3c65a1a00>,6,18,[ 4 13],7,-1,25,-1,7
1,<environment.Job instance at 0x7ff3c6575af0>,14,12,[13  4],15,-1,35,-1,23
1,<environment.Job instance at 0x7ff3c6575c30>,15,23,[4 5],16,-1,46,-1,23
1,<environment.Job instance at 0x7ff3c65750a0>,19,26,[4 6],20,-1,101,-1,75
1,<environment.Job instance at 0x7ff3c62445f0>,20,21,[5 2],21,-1,96,-1,75
1,<environment.Job instance at 0x7ff3c62446e0>,21,23,[ 4 11],22,-1,98,-1,75
1,<environment.Job instance at 0x7ff3c65abe10>,22,26,[ 3 14],23,-1,101,-1,75
1,<environment.Job instance at 0x7ff3c511d190>,23,12,[ 2 13],24,-1,87,-1,75
1,<environment.Job instance at 0x7ff3c65abcd0>,24,19,[ 4 11],25,-1,94,-1,75
1,<environment.Job instance at 0x7ff3c65854b0>,25,12,[3 6],26,-1,87,-1,75
1,<environment.Job instance at 0x7ff3c65abe60>,26,12,[11  1],27,-1,87,-1,75
1,<environment.Job instance at 0x7ff3c6585b40>,28,25,[14  5],29,-1,100,-1,75
1,<environment.Job instance at 0x7ff3c52aaa50>,29,27,[6 1],30,-1,102,-1,75
1,<environment.Job instance at 0x7ff3c51405a0>,31,13,[12  5],32,-1,96,-1,83
1,<environment.Job instance at 0x7ff3c51270f0>,33,16,[11  4],34,-1,105,-1,89
1,<environment.Job instance at 0x7ff3c5291be0>,1,25,[2 7],2,-1,27,-1,2
1,<environment.Job instance at 0x7ff3c5291820>,3,21,[ 3 14],4,-1,25,-1,4
1,<environment.Job instance at 0x7ff3c5291910>,6,18,[14  2],7,-1,25,-1,7
1,<environment.Job instance at 0x7ff3c52918c0>,7,27,[ 5 13],8,-1,35,-1,8
1,<environment.Job instance at 0x7ff3c5291370>,11,13,[9 3],12,-1,27,-1,14
1,<environment.Job instance at 0x7ff3c5291f50>,12,16,[ 2 13],13,-1,30,-1,14
1,<environment.Job instance at 0x7ff3c5291fa0>,17,14,[ 2 13],18,-1,59,-1,45
1,<environment.Job instance at 0x7ff3c5291230>,18,13,[14  5],19,-1,58,-1,45
1,<environment.Job instance at 0x7ff3c5291460>,19,18,[12  4],20,-1,63,-1,45
1,<environment.Job instance at 0x7ff3c511dcd0>,20,21,[ 2 14],21,-1,66,-1,45
1,<environment.Job instance at 0x7ff3c511d1e0>,22,23,[13  4],23,-1,84,-1,61
1,<environment.Job instance at 0x7ff3c511d910>,23,16,[ 3 10],24,-1,79,-1,63
1,<environment.Job instance at 0x7ff3c511d280>,24,18,[ 1 12],25,-1,81,-1,63
1,<environment.Job instance at 0x7ff3c511daf0>,25,23,[9 4],26,-1,86,-1,63
1,<environment.Job instance at 0x7ff3c511da50>,26,26,[ 1 10],27,-1,89,-1,63
1,<environment.Job instance at 0x7ff3c511d780>,27,18,[13  5],28,-1,81,-1,63
1,<environment.Job instance at 0x7ff3c511dbe0>,28,21,[12  5],29,-1,84,-1,63
1,<environment.Job instance at 0x7ff3c511de10>,30,20,[11  5],31,-1,83,-1,63
1,<environment.Job instance at 0x7ff3c511d0f0>,31,27,[8 5],32,-1,90,-1,63
1,<environment.Job instance at 0x7ff3c511d370>,33,28,[5 7],34,-1,99,-1,71
1,<environment.Job instance at 0x7ff3c511daa0>,34,12,[ 4 11],35,-1,83,-1,71
1,<environment.Job instance at 0x7ff3c511d550>,35,25,[13  4],36,-1,96,-1,71
1,<environment.Job instance at 0x7ff3c511dd20>,36,21,[ 1 12],37,-1,92,-1,71
1,<environment.Job instance at 0x7ff3c511df00>,37,22,[ 4 12],38,-1,93,-1,71
1,<environment.Job instance at 0x7ff3c511d7d0>,38,22,[13  5],39,-1,93,-1,71
1,<environment.Job instance at 0x7ff3c511d640>,39,28,[13  2],40,-1,99,-1,71
1,<environment.Job instance at 0x7ff3c511dfa0>,40,13,[8 3],41,-1,84,-1,71
1,<environment.Job instance at 0x7ff3c5b1c6e0>,41,24,[14  3],42,-1,95,-1,71
1,<environment.Job instance at 0x7ff3c5b1cbe0>,42,25,[12  1],43,-1,96,-1,71
1,<environment.Job instance at 0x7ff3c5b1ceb0>,43,24,[5 8],44,-1,95,-1,71
1,<environment.Job instance at 0x7ff3c5b1cd20>,44,13,[ 1 13],45,-1,84,-1,71
1,<environment.Job instance at 0x7ff3c5b1c2d0>,45,23,[1 5],46,-1,94,-1,71
1,<environment.Job instance at 0x7ff3c5b1c8c0>,46,22,[ 5 11],47,-1,93,-1,71
1,<environment.Job instance at 0x7ff3c5b1ce10>,47,24,[ 5 13],48,-1,95,-1,71
1,<environment.Job instance at 0x7ff3c5b1cfa0>,48,13,[ 1 14],49,-1,84,-1,71
1,<environment.Job instance at 0x7ff3c5b1c730>,49,26,[12  4],50,-1,97,-1,71
1,<environment.Job instance at 0x7ff3c5b1c460>,51,21,[13  2],52,-1,101,-1,80
1,<environment.Job instance at 0x7ff3c5b1c550>,52,23,[14  5],53,-1,103,-1,80
1,<environment.Job instance at 0x7ff3c5b1c960>,53,14,[14  2],54,-1,94,-1,80
1,<environment.Job instance at 0x7ff3c5b1cb40>,55,22,[7 1],56,-1,102,-1,80
1,<environment.Job instance at 0x7ff3c5b1ca50>,56,28,[5 4],57,-1,108,-1,80
1,<environment.Job instance at 0x7ff3c5b1c820>,58,14,[8 1],59,-1,105,-1,91
1,<environment.Job instance at 0x7ff3c5b1c280>,59,16,[ 4 10],60,-1,107,-1,91
1,<environment.Job instance at 0x7ff3c5b1c780>,60,18,[ 5 14],61,-1,109,-1,91
1,<environment.Job instance at 0x7ff3c5b1c5f0>,61,17,[ 3 13],62,-1,108,-1,91
1,<environment.Job instance at 0x7ff3c5b1cd70>,62,23,[13  3],63,-1,114,-1,91
1,<environment.Job instance at 0x7ff3c5b1c3c0>,63,18,[ 2 12],64,-1,109,-1,91
1,<environment.Job instance at 0x7ff3c5b1cc80>,64,28,[11  1],65,-1,119,-1,91
1,<environment.Job instance at 0x7ff3c6580cd0>,1,16,[ 1 13],2,-1,18,-1,2
1,<environment.Job instance at 0x7ff3c510f410>,2,25,[4 9],3,-1,28,-1,3
1,<environment.Job instance at 0x7ff3c5b1cc80>,5,14,[13  2],6,-1,20,-1,6
1,<environment.Job instance at 0x7ff3c5b19a50>,7,28,[9 2],8,-1,36,-1,8
1,<environment.Job instance at 0x7ff3c5b195f0>,8,28,[12  3],9,-1,37,-1,9
1,<environment.Job instance at 0x7ff3c5b353c0>,14,12,[ 3 12],15,-1,29,-1,17
1,<environment.Job instance at 0x7ff3c5b35460>,15,12,[11  4],16,-1,29,-1,17
1,<environment.Job instance at 0x7ff3c5b35500>,16,20,[ 3 14],17,-1,37,-1,17
1,<environment.Job instance at 0x7ff3c5b352d0>,17,16,[12  1],18,-1,34,-1,18
1,<environment.Job instance at 0x7ff3c5b356e0>,20,28,[ 1 11],21,-1,65,-1,37
1,<environment.Job instance at 0x7ff3c5b35910>,22,28,[14  4],23,-1,66,-1,38
1,<environment.Job instance at 0x7ff3c5b35960>,23,27,[13  4],24,-1,65,-1,38
1,<environment.Job instance at 0x7ff3c5b358c0>,24,12,[ 5 11],25,-1,50,-1,38
1,<environment.Job instance at 0x7ff3c5b35b40>,26,17,[14  2],27,-1,67,-1,50
1,<environment.Job instance at 0x7ff3c5b35c30>,27,17,[ 1 12],28,-1,67,-1,50
1,<environment.Job instance at 0x7ff3c5b35e60>,30,15,[ 2 11],31,-1,81,-1,66
1,<environment.Job instance at 0x7ff3c5b35f00>,31,22,[ 2 13],32,-1,88,-1,66
1,<environment.Job instance at 0x7ff3c5b35be0>,33,26,[ 4 14],34,-1,101,-1,75
1,<environment.Job instance at 0x7ff3c5b371e0>,36,23,[10  3],37,-1,106,-1,83
1,<environment.Job instance at 0x7ff3c5b37460>,37,23,[8 2],38,-1,106,-1,83
1,<environment.Job instance at 0x7ff3c5b37370>,38,26,[ 2 11],39,-1,109,-1,83
1,<environment.Job instance at 0x7ff3c5b372d0>,39,27,[6 4],40,-1,110,-1,83
1,<environment.Job instance at 0x7ff3c5b375a0>,40,25,[ 4 14],41,-1,108,-1,83
1,<environment.Job instance at 0x7ff3c5b373c0>,2,28,[2 7],3,-1,31,-1,3
1,<environment.Job instance at 0x7ff3c5f5ad70>,3,27,[11  2],4,-1,31,-1,4
1,<environment.Job instance at 0x7ff3c59aa1e0>,6,22,[14  2],7,-1,29,-1,7
1,<environment.Job instance at 0x7ff3c59aa730>,12,24,[13  4],13,-1,45,-1,21
1,<environment.Job instance at 0x7ff3c59aa9b0>,13,24,[4 7],14,-1,45,-1,21
1,<environment.Job instance at 0x7ff3c5f51fa0>,17,14,[13  2],18,-1,63,-1,49
1,<environment.Job instance at 0x7ff3c5f51230>,19,24,[ 1 14],20,-1,79,-1,55
1,<environment.Job instance at 0x7ff3c5f51e10>,20,28,[7 5],21,-1,83,-1,55
1,<environment.Job instance at 0x7ff3c5f51640>,21,22,[12  4],22,-1,77,-1,55
1,<environment.Job instance at 0x7ff3c5a0d640>,23,24,[8 5],24,-1,93,-1,69
1,<environment.Job instance at 0x7ff3c5a0da50>,24,19,[13  1],25,-1,88,-1,69
1,<environment.Job instance at 0x7ff3c5a0de10>,25,23,[11  5],26,-1,92,-1,69
1,<environment.Job instance at 0x7ff3c5a0d050>,26,23,[ 2 12],27,-1,92,-1,69
1,<environment.Job instance at 0x7ff3c5a0dd20>,28,25,[7 3],29,-1,94,-1,69
1,<environment.Job instance at 0x7ff3c5a0d6e0>,29,23,[12  5],30,-1,92,-1,69
1,<environment.Job instance at 0x7ff3c5a0d780>,30,13,[11  2],31,-1,83,-1,70
1,<environment.Job instance at 0x7ff3c5a0d0f0>,31,27,[5 2],32,-1,98,-1,71
1,<environment.Job instance at 0x7ff3c5a0d320>,33,17,[ 4 13],34,-1,103,-1,86
1,<environment.Job instance at 0x7ff3c5a0d0a0>,35,13,[12  5],36,-1,103,-1,90
1,<environment.Job instance at 0x7ff3c5a0d2d0>,36,14,[ 2 12],37,-1,104,-1,90
1,<environment.Job instance at 0x7ff3c5e56280>,1,25,[ 4 12],2,-1,27,-1,2
1,<environment.Job instance at 0x7ff3c5e4b0a0>,2,26,[5 5],3,-1,29,-1,3
1,<environment.Job instance at 0x7ff3c5e4b190>,5,25,[ 2 10],6,-1,31,-1,6
1,<environment.Job instance at 0x7ff3c5e4b5a0>,11,19,[ 3 11],12,-1,33,-1,14
1,<environment.Job instance at 0x7ff3c5e4ba50>,14,27,[5 6],15,-1,48,-1,21
1,<environment.Job instance at 0x7ff3c59b0280>,16,25,[9 4],17,-1,56,-1,31
1,<environment.Job instance at 0x7ff3c59b09b0>,17,25,[12  3],18,-1,56,-1,31
1,<environment.Job instance at 0x7ff3c59b0e10>,18,26,[ 3 10],19,-1,57,-1,31
1,<environment.Job instance at 0x7ff3c59b0eb0>,21,27,[ 5 14],22,-1,72,-1,45
1,<environment.Job instance at 0x7ff3c59b0690>,23,15,[12  2],24,-1,71,-1,56
1,<environment.Job instance at 0x7ff3c59b07d0>,24,20,[12  3],25,-1,76,-1,56
1,<environment.Job instance at 0x7ff3c59b03c0>,26,26,[13  3],27,-1,82,-1,56
1,<environment.Job instance at 0x7ff3c59b0c30>,27,23,[9 5],28,-1,79,-1,56
1,<environment.Job instance at 0x7ff3c59b0aa0>,28,27,[7 3],29,-1,83,-1,56
1,<environment.Job instance at 0x7ff3c59b04b0>,29,22,[3 9],30,-1,78,-1,56
1,<environment.Job instance at 0x7ff3c59b0370>,30,13,[13  3],31,-1,69,-1,56
1,<environment.Job instance at 0x7ff3c59b0960>,31,12,[12  5],32,-1,68,-1,56
1,<environment.Job instance at 0x7ff3c59b0a00>,32,14,[12  5],33,-1,70,-1,56
1,<environment.Job instance at 0x7ff3c5bb8e60>,33,22,[14  5],34,-1,78,-1,56
1,<environment.Job instance at 0x7ff3c5bb8640>,34,19,[5 2],35,-1,75,-1,56
1,<environment.Job instance at 0x7ff3c5bb8aa0>,35,22,[10  3],36,-1,78,-1,56
1,<environment.Job instance at 0x7ff3c5bb87d0>,36,12,[3 6],37,-1,68,-1,56
1,<environment.Job instance at 0x7ff3c5bb8550>,37,14,[12  5],38,-1,70,-1,56
1,<environment.Job instance at 0x7ff3c5bb8f00>,38,14,[12  2],39,-1,70,-1,56
1,<environment.Job instance at 0x7ff3c5bb89b0>,39,23,[ 5 11],40,-1,79,-1,56
1,<environment.Job instance at 0x7ff3c5bb8280>,40,12,[9 5],41,-1,68,-1,56
1,<environment.Job instance at 0x7ff3c5bb8140>,41,14,[ 3 11],42,-1,70,-1,56
1,<environment.Job instance at 0x7ff3c5bb8190>,42,15,[11  2],43,-1,71,-1,56
1,<environment.Job instance at 0x7ff3c5bb8a00>,43,17,[ 5 11],44,-1,73,-1,56
1,<environment.Job instance at 0x7ff3c5bb8d20>,44,12,[8 3],45,-1,68,-1,56
1,<environment.Job instance at 0x7ff3c5bb8eb0>,45,18,[ 2 10],46,-1,74,-1,56
1,<environment.Job instance at 0x7ff3c5d64550>,49,25,[9 4],50,-1,109,-1,84
1,<environment.Job instance at 0x7ff3c5d64fa0>,50,15,[13  3],51,-1,99,-1,84
1,<environment.Job instance at 0x7ff3c5d640f0>,51,17,[ 1 14],52,-1,101,-1,84
1,<environment.Job instance at 0x7ff3c5d64780>,53,28,[ 5 13],54,-1,112,-1,84
1,<environment.Job instance at 0x7ff3c5d64320>,54,15,[12  1],55,-1,99,-1,84
1,<environment.Job instance at 0x7ff3c5d64280>,55,25,[ 5 14],56,-1,109,-1,84
1,<environment.Job instance at 0x7ff3c65021e0>,3,15,[14  2],4,-1,19,-1,4
1,<environment.Job instance at 0x7ff3c5fb6370>,4,15,[ 1 12],5,-1,20,-1,5
1,<environment.Job instance at 0x7ff3c5fd1780>,11,22,[14  3],12,-1,50,-1,28
1,<environment.Job instance at 0x7ff3c5fd1b90>,12,22,[11  5],13,-1,50,-1,28
1,<environment.Job instance at 0x7ff3c5b2a3c0>,20,18,[ 3 11],21,-1,105,-1,87
1,<environment.Job instance at 0x7ff3c5b2a9b0>,21,15,[ 3 12],22,-1,102,-1,87
1,<environment.Job instance at 0x7ff3c5b2a5f0>,2,23,[11  1],3,-1,26,-1,3
1,<environment.Job instance at 0x7ff3c62477d0>,4,18,[ 1 13],5,-1,23,-1,5
1,<environment.Job instance at 0x7ff3c6247140>,6,13,[11  3],7,-1,20,-1,7
1,<environment.Job instance at 0x7ff3c6247fa0>,7,28,[7 5],8,-1,36,-1,8
1,<environment.Job instance at 0x7ff3c6247320>,9,27,[9 3],10,-1,37,-1,10
1,<environment.Job instance at 0x7ff3c5e7c0f0>,15,20,[13  4],16,-1,48,-1,28
1,<environment.Job instance at 0x7ff3c6247190>,16,22,[ 1 11],17,-1,50,-1,28
1,<environment.Job instance at 0x7ff3c65dbc30>,17,26,[ 5 12],18,-1,54,-1,28
1,<environment.Job instance at 0x7ff3c65db190>,18,26,[2 8],19,-1,54,-1,28
1,<environment.Job instance at 0x7ff3c65dbf00>,19,21,[6 1],20,-1,49,-1,28
1,<environment.Job instance at 0x7ff3c65db7d0>,20,21,[ 1 12],21,-1,49,-1,28
1,<environment.Job instance at 0x7ff3c5c2db90>,21,16,[ 2 13],22,-1,44,-1,28
1,<environment.Job instance at 0x7ff3c65dba00>,22,23,[7 1],23,-1,51,-1,28
1,<environment.Job instance at 0x7ff3c65db960>,23,13,[13  4],24,-1,41,-1,28
1,<environment.Job instance at 0x7ff3c5b3b690>,24,18,[14  3],25,-1,46,-1,28
1,<environment.Job instance at 0x7ff3c50077d0>,26,24,[14  5],27,-1,67,-1,43
1,<environment.Job instance at 0x7ff3c5d4dcd0>,27,25,[ 4 12],28,-1,68,-1,43
1,<environment.Job instance at 0x7ff3c52a6c30>,28,15,[ 2 10],29,-1,58,-1,43
1,<environment.Job instance at 0x7ff3c5b3b1e0>,29,18,[12  3],30,-1,61,-1,43
1,<environment.Job instance at 0x7ff3c5f70d20>,31,18,[ 2 11],32,-1,78,-1,60
1,<environment.Job instance at 0x7ff3c5f717d0>,32,13,[11  3],33,-1,73,-1,60
1,<environment.Job instance at 0x7ff3c5f71280>,33,18,[13  2],34,-1,78,-1,60
1,<environment.Job instance at 0x7ff3c5826d20>,34,28,[7 1],35,-1,88,-1,60
1,<environment.Job instance at 0x7ff3c5d1c410>,35,23,[ 5 13],36,-1,83,-1,60
1,<environment.Job instance at 0x7ff3c5d1cfa0>,36,23,[2 7],37,-1,83,-1,60
1,<environment.Job instance at 0x7ff3c5120690>,37,28,[ 1 10],38,-1,88,-1,60
1,<environment.Job instance at 0x7ff3c5120280>,38,25,[ 2 12],39,-1,85,-1,60
1,<environment.Job instance at 0x7ff3c5120d70>,39,12,[ 4 14],40,-1,72,-1,60
1,<environment.Job instance at 0x7ff3c5b0f5a0>,40,28,[10  3],41,-1,88,-1,60
1,<environment.Job instance at 0x7ff3c5b0f460>,41,23,[11  2],42,-1,83,-1,60
1,<environment.Job instance at 0x7ff3c5b0f4b0>,44,27,[1 7],45,-1,112,-1,85
1,<environment.Job instance at 0x7ff3c5b0f730>,45,16,[12  5],46,-1,101,-1,85
1,<environment.Job instance at 0x7ff3c5b0f780>,46,22,[ 3 12],47,-1,107,-1,85
1,<environment.Job instance at 0x7ff3c5b0f550>,47,14,[12  4],48,-1,99,-1,85
1,<environment.Job instance at 0x7ff3c5b0f1e0>,48,28,[11  3],49,-1,113,-1,85
1,<environment.Job instance at 0x7ff3c53282d0>,49,24,[ 5 12],50,-1,109,-1,85
1,<environment.Job instance at 0x7ff3c5328cd0>,50,27,[2 5],51,-1,112,-1,85
1,<environment.Job instance at 0x7ff3c52912d0>,51,13,[ 3 13],52,-1,98,-1,85
1,<environment.Job instance at 0x7ff3c52910a0>,52,23,[14  4],53,-1,108,-1,85
1,<environment.Job instance at 0x7ff3c5291a00>,53,17,[13  5],54,-1,102,-1,85
1,<environment.Job instance at 0x7ff3c5291460>,54,22,[13  1],55,-1,107,-1,85
1,<environment.Job instance at 0x7ff3c5291f00>,55,24,[12  4],56,-1,109,-1,85
1,<environment.Job instance at 0x7ff3c5291960>,56,25,[6 3],57,-1,110,-1,85
1,<environment.Job instance at 0x7ff3c52916e0>,57,27,[9 5],58,-1,112,-1,85
1,<environment.Job instance at 0x7ff3c5b1bb90>,58,18,[ 3 11],59,-1,103,-1,85
1,<environment.Job instance at 0x7ff3c5b1bf50>,59,14,[ 2 13],60,-1,99,-1,85
1,<environment.Job instance at 0x7ff3c510df50>,61,23,[3 9],62,-1,108,-1,85
1,<environment.Job instance at 0x7ff3c510d640>,63,21,[1 8],64,-1,107,-1,86
1,<environment.Job instance at 0x7ff3c510de60>,64,17,[ 4 14],65,-1,103,-1,86
1,<environment.Job instance at 0x7ff3c510d280>,65,15,[ 2 14],66,-1,101,-1,86
1,<environment.Job instance at 0x7ff3c4d28550>,3,23,[14  2],4,-1,27,-1,4
1,<environment.Job instance at 0x7ff3c4d28eb0>,4,24,[5 9],5,-1,29,-1,5
1,<environment.Job instance at 0x7ff3c4d28190>,5,12,[12  5],6,-1,18,-1,6
1,<environment.Job instance at 0x7ff3c58d8190>,6,28,[ 2 11],7,-1,35,-1,7
1,<environment.Job instance at 0x7ff3c58d8050>,7,26,[9 1],8,-1,34,-1,8
1,<environment.Job instance at 0x7ff3c58d8c30>,9,23,[14  3],10,-1,33,-1,10
1,<environment.Job instance at 0x7ff3c58d8f50>,10,18,[ 3 13],11,-1,29,-1,11
1,<environment.Job instance at 0x7ff3c58d8b40>,11,12,[13  1],12,-1,24,-1,12
1,<environment.Job instance at 0x7ff3c58d8f00>,12,16,[ 4 12],13,-1,29,-1,13
1,<environment.Job instance at 0x7ff3c58d8d20>,13,25,[1 8],14,-1,39,-1,14
1,<environment.Job instance at 0x7ff3c65545f0>,19,16,[14  1],20,-1,47,-1,31
1,<environment.Job instance at 0x7ff3c5cc41e0>,3,13,[13  1],4,-1,17,-1,4
1,<environment.Job instance at 0x7ff3c5329910>,4,14,[13  3],5,-1,19,-1,5
1,<environment.Job instance at 0x7ff3c5329dc0>,6,25,[ 4 10],7,-1,32,-1,7
1,<environment.Job instance at 0x7ff3c5329280>,7,19,[ 5 11],8,-1,27,-1,8
1,<environment.Job instance at 0x7ff3c5329370>,9,22,[10  1],10,-1,37,-1,15
1,<environment.Job instance at 0x7ff3c53291e0>,12,20,[ 1 14],13,-1,35,-1,15
1,<environment.Job instance at 0x7ff3c5329320>,13,19,[ 3 14],14,-1,34,-1,15
1,<environment.Job instance at 0x7ff3c5329a50>,18,21,[ 1 11],19,-1,42,-1,21
1,<environment.Job instance at 0x7ff3c5325190>,19,20,[ 5 13],20,-1,41,-1,21
1,<environment.Job instance at 0x7ff3c5325f50>,20,27,[ 5 13],21,-1,48,-1,21
1,<environment.Job instance at 0x7ff3c5325780>,21,15,[ 3 13],22,-1,37,-1,22
1,<environment.Job instance at 0x7ff3c5325cd0>,23,18,[ 2 12],24,-1,56,-1,38
1,<environment.Job instance at 0x7ff3c5325550>,27,24,[14  3],28,-1,79,-1,55
1,<environment.Job instance at 0x7ff3c5325aa0>,28,24,[2 6],29,-1,79,-1,55
1,<environment.Job instance at 0x7ff3c5325500>,29,21,[1 9],30,-1,77,-1,56
1,<environment.Job instance at 0x7ff3c53254b0>,31,27,[2 5],32,-1,83,-1,56
1,<environment.Job instance at 0x7ff3c5325be0>,32,25,[ 2 12],33,-1,81,-1,56
1,<environment.Job instance at 0x7ff3c5325820>,33,24,[ 2 10],34,-1,80,-1,56
1,<environment.Job instance at 0x7ff3c53256e0>,34,23,[7 1],35,-1,79,-1,56
1,<environment.Job instance at 0x7ff3c5325af0>,35,23,[11  3],36,-1,79,-1,56
1,<environment.Job instance at 0x7ff3c5325050>,36,26,[ 1 13],37,-1,82,-1,56
1,<environment.Job instance at 0x7ff3c5341a00>,37,24,[12  4],38,-1,80,-1,56
1,<environment.Job instance at 0x7ff3c53411e0>,39,27,[ 1 14],40,-1,98,-1,71
1,<environment.Job instance at 0x7ff3c53416e0>,42,28,[ 5 13],43,-1,118,-1,90
1,<environment.Job instance at 0x7ff3c53410f0>,44,27,[6 4],45,-1,117,-1,90
1,<environment.Job instance at 0x7ff3c5341c80>,45,13,[11  2],46,-1,103,-1,90
1,<environment.Job instance at 0x7ff3c53415f0>,46,17,[ 2 14],47,-1,107,-1,90
1,<environment.Job instance at 0x7ff3c53415f0>,4,22,[14  1],5,-1,27,-1,5
1,<environment.Job instance at 0x7ff3c51d87d0>,5,22,[13  1],6,-1,28,-1,6
1,<environment.Job instance at 0x7ff3c6312fa0>,6,24,[5 7],7,-1,32,-1,8
1,<environment.Job instance at 0x7ff3c6724d20>,16,26,[ 1 12],17,-1,100,-1,74
1,<environment.Job instance at 0x7ff3c5cc45f0>,17,25,[ 2 11],18,-1,99,-1,74
1,<environment.Job instance at 0x7ff3c55b2320>,19,19,[14  1],20,-1,97,-1,78
1,<environment.Job instance at 0x7ff3c55b2460>,22,16,[14  5],23,-1,109,-1,93
1,<environment.Job instance at 0x7ff3c55b2870>,23,23,[10  3],24,-1,116,-1,93
1,<environment.Job instance at 0x7ff3c5cf7460>,24,24,[ 5 11],25,-1,117,-1,93
1,<environment.Job instance at 0x7ff3c5c10a00>,25,22,[4 9],26,-1,115,-1,93
1,<environment.Job instance at 0x7ff3c55b2c80>,26,25,[5 8],27,-1,118,-1,93
1,<environment.Job instance at 0x7ff3c60bc910>,3,22,[ 2 12],4,-1,26,-1,4
1,<environment.Job instance at 0x7ff3c622ae10>,4,28,[ 3 11],5,-1,33,-1,5
1,<environment.Job instance at 0x7ff3c622af00>,5,22,[ 3 13],6,-1,28,-1,6
1,<environment.Job instance at 0x7ff3c622adc0>,7,21,[3 8],8,-1,49,-1,28
1,<environment.Job instance at 0x7ff3c6219690>,15,15,[11  3],16,-1,43,-1,28
1,<environment.Job instance at 0x7ff3c6219780>,16,28,[4 7],17,-1,56,-1,28
1,<environment.Job instance at 0x7ff3c6219910>,18,28,[ 4 10],19,-1,65,-1,37
1,<environment.Job instance at 0x7ff3c62199b0>,19,16,[11  3],20,-1,53,-1,37
1,<environment.Job instance at 0x7ff3c6219a50>,20,13,[5 1],21,-1,50,-1,37
1,<environment.Job instance at 0x7ff3c62197d0>,21,27,[14  2],22,-1,64,-1,37
1,<environment.Job instance at 0x7ff3c6219b40>,22,16,[13  2],23,-1,53,-1,37
1,<environment.Job instance at 0x7ff3c6219c30>,23,14,[12  1],24,-1,51,-1,37
1,<environment.Job instance at 0x7ff3c6219b90>,26,25,[ 4 13],27,-1,82,-1,57
1,<environment.Job instance at 0x7ff3c6219fa0>,27,20,[13  1],28,-1,77,-1,57
1,<environment.Job instance at 0x7ff3c6219cd0>,28,27,[10  4],29,-1,84,-1,57
1,<environment.Job instance at 0x7ff3c6219f50>,29,13,[6 2],30,-1,71,-1,58
1,<environment.Job instance at 0x7ff3c571b6e0>,31,24,[ 4 10],32,-1,82,-1,58
1,<environment.Job instance at 0x7ff3c571bfa0>,32,26,[ 4 13],33,-1,84,-1,58
1,<environment.Job instance at 0x7ff3c571bf50>,34,23,[7 4],35,-1,98,-1,75
1,<environment.Job instance at 0x7ff3c571b690>,35,23,[5 6],36,-1,98,-1,75
1,<environment.Job instance at 0x7ff3c571ba00>,37,25,[ 5 14],38,-1,101,-1,76
1,<environment.Job instance at 0x7ff3c571b3c0>,39,12,[5 6],40,-1,88,-1,76
1,<environment.Job instance at 0x7ff3c571b280>,40,27,[ 5 11],41,-1,103,-1,76
1,<environment.Job instance at 0x7ff3c571b550>,42,17,[5 1],43,-1,109,-1,92
1,<environment.Job instance at 0x7ff3c571b730>,43,27,[5 6],44,-1,119,-1,92
1,<environment.Job instance at 0x7ff3c621ff00>,3,26,[5 3],4,-1,31,-1,5
1,<environment.Job instance at 0x7ff3c621f230>,5,19,[14  2],6,-1,25,-1,6
1,<environment.Job instance at 0x7ff3c621f7d0>,6,13,[11  3],7,-1,20,-1,7
1,<environment.Job instance at 0x7ff3c621feb0>,7,20,[14  5],8,-1,28,-1,8
1,<environment.Job instance at 0x7ff3c621f320>,8,24,[1 7],9,-1,33,-1,9
1,<environment.Job instance at 0x7ff3c621fa50>,9,13,[6 2],10,-1,43,-1,30
1,<environment.Job instance at 0x7ff3c621fb40>,13,14,[ 2 13],14,-1,44,-1,30
1,<environment.Job instance at 0x7ff3c61f4730>,14,28,[ 5 14],15,-1,58,-1,30
1,<environment.Job instance at 0x7ff3c61f4be0>,15,15,[7 3],16,-1,45,-1,30
1,<environment.Job instance at 0x7ff3c61f4e10>,16,22,[10  2],17,-1,52,-1,30
1,<environment.Job instance at 0x7ff3c621f780>,10,26,[12  5],11,-1,56,-1,30
1,<environment.Job instance at 0x7ff3c61f45a0>,17,16,[2 7],18,-1,46,-1,30
1,<environment.Job instance at 0x7ff3c61f47d0>,19,26,[ 5 12],20,-1,56,-1,30
1,<environment.Job instance at 0x7ff3c61f4af0>,20,26,[10  2],21,-1,56,-1,30
1,<environment.Job instance at 0x7ff3c61f4460>,21,15,[11  1],22,-1,45,-1,30
1,<environment.Job instance at 0x7ff3c61f4cd0>,22,21,[13  4],23,-1,51,-1,30
1,<environment.Job instance at 0x7ff3c61f4780>,23,20,[ 2 11],24,-1,50,-1,30
1,<environment.Job instance at 0x7ff3c5689c30>,24,18,[5 3],25,-1,48,-1,30
1,<environment.Job instance at 0x7ff3c5689b90>,25,22,[8 4],26,-1,52,-1,30
1,<environment.Job instance at 0x7ff3c56894b0>,26,15,[11  1],27,-1,45,-1,30
1,<environment.Job instance at 0x7ff3c5689140>,27,27,[ 1 11],28,-1,57,-1,30
1,<environment.Job instance at 0x7ff3c5689be0>,28,27,[ 1 10],29,-1,57,-1,30
1,<environment.Job instance at 0x7ff3c5689870>,29,22,[3 5],30,-1,52,-1,30
1,<environment.Job instance at 0x7ff3c5689280>,30,14,[ 4 11],31,-1,45,-1,31
1,<environment.Job instance at 0x7ff3c5689230>,31,13,[14  1],32,-1,45,-1,32
1,<environment.Job instance at 0x7ff3c5689d70>,32,18,[5 2],33,-1,51,-1,33
1,<environment.Job instance at 0x7ff3c5689460>,33,16,[ 1 10],34,-1,50,-1,34
1,<environment.Job instance at 0x7ff3c5689500>,34,12,[ 2 10],35,-1,47,-1,35
1,<environment.Job instance at 0x7ff3c5689320>,35,12,[9 5],36,-1,49,-1,37
1,<environment.Job instance at 0x7ff3c5689cd0>,36,21,[3 7],37,-1,58,-1,37
1,<environment.Job instance at 0x7ff3c56899b0>,37,26,[2 5],38,-1,64,-1,38
1,<environment.Job instance at 0x7ff3c5689910>,38,28,[4 8],39,-1,67,-1,39
1,<environment.Job instance at 0x7ff3c5689410>,39,28,[1 5],40,-1,68,-1,40
1,<environment.Job instance at 0x7ff3c622e410>,40,27,[9 5],41,-1,68,-1,41
1,<environment.Job instance at 0x7ff3c622e870>,41,21,[9 1],42,-1,63,-1,42
1,<environment.Job instance at 0x7ff3c622e640>,42,22,[ 2 12],43,-1,65,-1,43
1,<environment.Job instance at 0x7ff3c622e4b0>,43,15,[8 1],44,-1,59,-1,44
1,<environment.Job instance at 0x7ff3c622e8c0>,44,20,[ 4 13],45,-1,65,-1,45
1,<environment.Job instance at 0x7ff3c622e280>,45,19,[11  2],46,-1,65,-1,46
1,<environment.Job instance at 0x7ff3c622e5a0>,46,26,[ 3 10],47,-1,73,-1,47
1,<environment.Job instance at 0x7ff3c622e2d0>,47,13,[12  3],48,-1,61,-1,48
1,<environment.Job instance at 0x7ff3c622eb90>,48,19,[ 2 11],49,-1,68,-1,49
1,<environment.Job instance at 0x7ff3c622e7d0>,49,17,[ 5 14],50,-1,67,-1,50
1,<environment.Job instance at 0x7ff3c622e730>,50,25,[9 1],51,-1,76,-1,51
1,<environment.Job instance at 0x7ff3c622ee60>,52,15,[14  1],53,-1,68,-1,53
1,<environment.Job instance at 0x7ff3c622ea50>,53,25,[5 6],54,-1,79,-1,54
1,<environment.Job instance at 0x7ff3c622e320>,54,28,[1 5],55,-1,83,-1,55
1,<environment.Job instance at 0x7ff3c622ebe0>,55,24,[ 3 13],56,-1,80,-1,56
1,<environment.Job instance at 0x7ff3c622ed70>,57,24,[14  5],58,-1,82,-1,58
1,<environment.Job instance at 0x7ff3c622e050>,58,25,[7 4],59,-1,84,-1,59
1,<environment.Job instance at 0x7ff3c622e690>,59,27,[ 1 11],60,-1,87,-1,60
1,<environment.Job instance at 0x7ff3c622e9b0>,60,21,[7 3],61,-1,82,-1,61
1,<environment.Job instance at 0x7ff3c620f460>,61,23,[9 5],62,-1,85,-1,62
1,<environment.Job instance at 0x7ff3c620f3c0>,62,23,[ 5 14],63,-1,86,-1,63
1,<environment.Job instance at 0x7ff3c620fe60>,63,16,[ 2 13],64,-1,80,-1,64
1,<environment.Job instance at 0x7ff3c620f780>,64,19,[5 1],65,-1,84,-1,65
1,<environment.Job instance at 0x7ff3c620fcd0>,65,12,[13  4],66,-1,78,-1,66
1,<environment.Job instance at 0x7ff3c620fe10>,66,12,[ 3 14],67,-1,79,-1,67
1,<environment.Job instance at 0x7ff3c620f230>,67,16,[ 3 10],68,-1,84,-1,68
1,<environment.Job instance at 0x7ff3c620f640>,68,13,[8 2],69,-1,82,-1,69
1,<environment.Job instance at 0x7ff3c620f870>,69,20,[11  2],70,-1,90,-1,70
1,<environment.Job instance at 0x7ff3c620f6e0>,70,13,[ 1 13],71,-1,84,-1,71
1,<environment.Job instance at 0x7ff3c620f8c0>,71,15,[3 5],72,-1,87,-1,72
1,<environment.Job instance at 0x7ff3c620f5f0>,73,13,[12  1],74,-1,87,-1,74
1,<environment.Job instance at 0x7ff3c620fd70>,74,20,[10  4],75,-1,95,-1,75
1,<environment.Job instance at 0x7ff3c620fa50>,75,26,[ 5 10],76,-1,102,-1,76
1,<environment.Job instance at 0x7ff3c620f4b0>,76,27,[ 2 13],77,-1,104,-1,77
1,<environment.Job instance at 0x7ff3c620f190>,77,20,[2 6],78,-1,99,-1,79
1,<environment.Job instance at 0x7ff3c5685460>,79,27,[ 1 10],80,-1,107,-1,80
1,<environment.Job instance at 0x7ff3c5685e10>,80,13,[12  2],81,-1,94,-1,81
1,<environment.Job instance at 0x7ff3c5685820>,82,26,[11  4],83,-1,109,-1,83
1,<environment.Job instance at 0x7ff3c5685230>,83,15,[ 5 10],84,-1,99,-1,84
1,<environment.Job instance at 0x7ff3c5685960>,84,26,[14  4],85,-1,111,-1,85
1,<environment.Job instance at 0x7ff3c56853c0>,85,17,[ 3 10],86,-1,103,-1,86
1,<environment.Job instance at 0x7ff3c5685b90>,86,21,[9 1],87,-1,108,-1,87
1,<environment.Job instance at 0x7ff3c5685690>,87,13,[ 2 12],88,-1,101,-1,88
1,<environment.Job instance at 0x7ff3c5689c80>,89,18,[ 1 13],90,-1,110,-1,92
1,<environment.Job instance at 0x7ff3c5685870>,90,12,[12  2],91,-1,104,-1,92
1,<environment.Job instance at 0x7ff3c5685050>,91,12,[4 7],92,-1,104,-1,92
1,<environment.Job instance at 0x7ff3c5685640>,92,18,[10  4],93,-1,111,-1,93
1,<environment.Job instance at 0x7ff3c56858c0>,93,13,[ 4 14],94,-1,107,-1,94
1,<environment.Job instance at 0x7ff3c56850f0>,94,15,[ 1 11],95,-1,110,-1,95
1,<environment.Job instance at 0x7ff3c5687690>,95,12,[4 9],96,-1,108,-1,96
1,<environment.Job instance at 0x7ff3c5687500>,96,25,[13  5],97,-1,122,-1,97
1,<environment.Job instance at 0x7ff3c56873c0>,97,27,[5 7],98,-1,125,-1,98
1,<environment.Job instance at 0x7ff3c5687af0>,98,14,[1 9],99,-1,113,-1,99
1,<environment.Job instance at 0x7ff3c5646a00>,1,24,[7 3],2,-1,26,-1,2
1,<environment.Job instance at 0x7ff3c5687dc0>,2,20,[ 3 14],3,-1,23,-1,3
1,<environment.Job instance at 0x7ff3c5439550>,6,12,[14  1],7,-1,19,-1,7
1,<environment.Job instance at 0x7ff3c5687af0>,8,28,[13  5],9,-1,37,-1,9
1,<environment.Job instance at 0x7ff3c5439f00>,9,24,[11  2],10,-1,34,-1,10
1,<environment.Job instance at 0x7ff3c5439410>,11,19,[ 4 12],12,-1,31,-1,12
1,<environment.Job instance at 0x7ff3c5439dc0>,14,25,[14  2],15,-1,40,-1,15
1,<environment.Job instance at 0x7ff3c6508be0>,15,17,[ 3 12],16,-1,33,-1,16
1,<environment.Job instance at 0x7ff3c6508fa0>,16,16,[ 4 14],17,-1,33,-1,17
1,<environment.Job instance at 0x7ff3c6508640>,21,13,[ 5 14],22,-1,41,-1,28
1,<environment.Job instance at 0x7ff3c6508690>,22,26,[11  1],23,-1,55,-1,29
1,<environment.Job instance at 0x7ff3c6508d20>,23,24,[12  2],24,-1,54,-1,30
1,<environment.Job instance at 0x7eff3607d4b0>,3,26,[11  4],4,-1,30,-1,4
1,<environment.Job instance at 0x7eff3607d5f0>,5,24,[1 5],6,-1,33,-1,9
1,<environment.Job instance at 0x7eff3607da00>,9,18,[ 2 13],10,-1,28,-1,10
1,<environment.Job instance at 0x7eff3607da50>,10,18,[ 3 11],11,-1,29,-1,11
1,<environment.Job instance at 0x7eff3607daf0>,11,26,[4 8],12,-1,38,-1,12
1,<environment.Job instance at 0x7eff3607db90>,12,26,[ 1 12],13,-1,39,-1,13
1,<environment.Job instance at 0x7eff3607dc30>,13,18,[ 4 14],14,-1,32,-1,14
1,<environment.Job instance at 0x7eff3607ddc0>,15,18,[ 2 14],16,-1,35,-1,17
1,<environment.Job instance at 0x7eff3607de60>,16,16,[ 3 11],17,-1,33,-1,17
1,<environment.Job instance at 0x7eff3607dd70>,17,28,[ 5 10],18,-1,46,-1,18
1,<environment.Job instance at 0x7eff3607df50>,18,25,[ 4 13],19,-1,44,-1,19
1,<environment.Job instance at 0x7eff36081050>,19,14,[ 3 11],20,-1,34,-1,20
1,<environment.Job instance at 0x7eff36081140>,20,27,[13  5],21,-1,48,-1,21
1,<environment.Job instance at 0x7eff360811e0>,21,26,[ 5 12],22,-1,48,-1,22
1,<environment.Job instance at 0x7eff36081320>,22,13,[13  1],23,-1,36,-1,23
1,<environment.Job instance at 0x7eff360813c0>,24,13,[ 3 14],25,-1,38,-1,25
1,<environment.Job instance at 0x7eff36081550>,25,23,[ 3 13],26,-1,49,-1,26
1,<environment.Job instance at 0x7eff36081410>,26,26,[1 8],27,-1,53,-1,27
1,<environment.Job instance at 0x7eff360815f0>,27,25,[5 7],28,-1,53,-1,28
1,<environment.Job instance at 0x7eff36081690>,28,25,[ 4 11],29,-1,54,-1,29
1,<environment.Job instance at 0x7eff36081730>,29,22,[ 5 13],30,-1,52,-1,30
1,<environment.Job instance at 0x7eff360817d0>,30,27,[4 8],31,-1,58,-1,31
1,<environment.Job instance at 0x7eff36081870>,31,20,[11  5],32,-1,56,-1,36
1,<environment.Job instance at 0x7eff36081b40>,34,24,[1 8],35,-1,64,-1,40
1,<environment.Job instance at 0x7eff36081d20>,36,13,[ 3 14],37,-1,58,-1,45
1,<environment.Job instance at 0x7eff36081dc0>,37,28,[ 2 12],38,-1,73,-1,45
1,<environment.Job instance at 0x7eff36081e10>,38,20,[ 1 10],39,-1,65,-1,45
1,<environment.Job instance at 0x7eff36081eb0>,39,24,[5 6],40,-1,69,-1,45
1,<environment.Job instance at 0x7eff36081be0>,41,27,[14  1],42,-1,87,-1,60
1,<environment.Job instance at 0x7eff36083280>,44,24,[ 1 13],45,-1,110,-1,86
1,<environment.Job instance at 0x7eff364c1500>,1,26,[ 5 12],2,-1,28,-1,2
1,<environment.Job instance at 0x7eff36083050>,2,27,[12  2],3,-1,30,-1,3
1,<environment.Job instance at 0x7eff364beeb0>,3,15,[12  1],4,-1,19,-1,4
1,<environment.Job instance at 0x7eff364bea00>,4,14,[ 2 11],5,-1,19,-1,5
1,<environment.Job instance at 0x7eff364beb40>,6,21,[ 1 12],7,-1,28,-1,7
1,<environment.Job instance at 0x7eff364be500>,10,19,[13  1],11,-1,30,-1,11
1,<environment.Job instance at 0x7eff364be410>,13,14,[11  5],14,-1,28,-1,14
1,<environment.Job instance at 0x7eff365220f0>,14,19,[ 3 12],15,-1,34,-1,15
1,<environment.Job instance at 0x7eff365228c0>,15,18,[13  4],16,-1,34,-1,16
1,<environment.Job instance at 0x7eff36522c30>,16,26,[13  4],17,-1,43,-1,17
1,<environment.Job instance at 0x7eff36522d70>,21,25,[6 1],22,-1,68,-1,43
1,<environment.Job instance at 0x7eff36522e10>,22,28,[6 2],23,-1,71,-1,43
1,<environment.Job instance at 0x7eff36522fa0>,23,24,[6 4],24,-1,68,-1,44
1,<environment.Job instance at 0x7eff36522af0>,25,25,[ 3 12],26,-1,73,-1,48
1,<environment.Job instance at 0x7eff356e88c0>,26,26,[13  5],27,-1,74,-1,48
1,<environment.Job instance at 0x7eff365222d0>,27,28,[1 9],28,-1,76,-1,48
1,<environment.Job instance at 0x7eff35b55a00>,28,13,[14  1],29,-1,61,-1,48
1,<environment.Job instance at 0x7eff35b3b820>,29,28,[ 2 10],30,-1,76,-1,48
1,<environment.Job instance at 0x7eff35b4c140>,31,25,[ 3 14],32,-1,81,-1,56
1,<environment.Job instance at 0x7eff3572f460>,32,13,[12  5],33,-1,69,-1,56
1,<environment.Job instance at 0x7eff3572f640>,33,20,[ 4 10],34,-1,81,-1,61
1,<environment.Job instance at 0x7eff36522f00>,34,17,[14  2],35,-1,78,-1,61
1,<environment.Job instance at 0x7eff35b23e10>,35,27,[4 8],36,-1,88,-1,61
1,<environment.Job instance at 0x7eff357a08c0>,36,27,[ 2 12],37,-1,88,-1,61
1,<environment.Job instance at 0x7eff357bc140>,37,16,[ 1 14],38,-1,77,-1,61
1,<environment.Job instance at 0x7eff357c8640>,38,20,[ 3 14],39,-1,81,-1,61
1,<environment.Job instance at 0x7eff35bc8b90>,41,25,[ 1 11],42,-1,96,-1,71
1,<environment.Job instance at 0x7eff35b233c0>,42,14,[14  4],43,-1,85,-1,71
1,<environment.Job instance at 0x7eff35b97cd0>,43,27,[9 1],44,-1,98,-1,71
1,<environment.Job instance at 0x7eff35b515f0>,44,23,[13  2],45,-1,94,-1,71
1,<environment.Job instance at 0x7eff35b515a0>,45,20,[12  4],46,-1,91,-1,71
1,<environment.Job instance at 0x7eff35760a00>,47,26,[4 9],48,-1,111,-1,85
1,<environment.Job instance at 0x7eff35746c80>,48,25,[13  3],49,-1,110,-1,85
1,<environment.Job instance at 0x7eff35b78e10>,50,26,[5 5],51,-1,111,-1,85
1,<environment.Job instance at 0x7eff35b78140>,51,24,[4 7],52,-1,109,-1,85
1,<environment.Job instance at 0x7eff35b780f0>,54,19,[ 3 12],55,-1,117,-1,98
1,<environment.Job instance at 0x7eff35bcdc30>,55,15,[12  5],56,-1,113,-1,98
1,<environment.Job instance at 0x7eff359d5eb0>,5,15,[13  5],6,-1,21,-1,6
1,<environment.Job instance at 0x7eff359d54b0>,10,26,[ 4 10],11,-1,39,-1,13
1,<environment.Job instance at 0x7eff359d52d0>,11,26,[8 3],12,-1,39,-1,13
1,<environment.Job instance at 0x7eff359d5500>,12,23,[12  1],13,-1,36,-1,13
1,<environment.Job instance at 0x7eff359d55f0>,13,19,[ 2 13],14,-1,33,-1,14
1,<environment.Job instance at 0x7eff359d50a0>,14,22,[11  1],15,-1,37,-1,15
1,<environment.Job instance at 0x7eff359d5370>,15,22,[ 1 13],16,-1,38,-1,16
1,<environment.Job instance at 0x7eff359d5230>,16,24,[ 2 14],17,-1,41,-1,17
1,<environment.Job instance at 0x7eff359c6be0>,19,25,[10  5],20,-1,55,-1,30
1,<environment.Job instance at 0x7eff359c6af0>,20,20,[13  5],21,-1,50,-1,30
1,<environment.Job instance at 0x7eff359c65f0>,21,24,[14  3],22,-1,54,-1,30
1,<environment.Job instance at 0x7eff359c6a00>,22,23,[13  5],23,-1,53,-1,30
1,<environment.Job instance at 0x7eff359c6d20>,23,21,[12  3],24,-1,51,-1,30
1,<environment.Job instance at 0x7eff359c6dc0>,25,28,[ 4 11],26,-1,69,-1,41
1,<environment.Job instance at 0x7eff359c6500>,26,18,[ 4 12],27,-1,59,-1,41
1,<environment.Job instance at 0x7eff359c6190>,27,22,[14  1],28,-1,63,-1,41
1,<environment.Job instance at 0x7eff359c6e60>,28,25,[7 3],29,-1,66,-1,41
1,<environment.Job instance at 0x7eff359c6460>,29,27,[ 4 13],30,-1,68,-1,41
1,<environment.Job instance at 0x7eff3587d460>,30,26,[8 4],31,-1,67,-1,41
1,<environment.Job instance at 0x7eff3587d7d0>,31,12,[11  1],32,-1,53,-1,41
1,<environment.Job instance at 0x7eff3587d3c0>,33,16,[14  1],34,-1,57,-1,41
1,<environment.Job instance at 0x7eff3587da50>,34,27,[ 1 10],35,-1,68,-1,41
1,<environment.Job instance at 0x7eff35a8fe60>,1,24,[12  5],2,-1,26,-1,2
1,<environment.Job instance at 0x7eff35a8f370>,3,15,[ 1 11],4,-1,19,-1,4
1,<environment.Job instance at 0x7eff35a8f0a0>,4,16,[ 5 12],5,-1,21,-1,5
1,<environment.Job instance at 0x7eff35a8fe10>,5,27,[ 4 14],6,-1,33,-1,6
1,<environment.Job instance at 0x7eff35a8f8c0>,6,23,[ 2 11],7,-1,30,-1,7
1,<environment.Job instance at 0x7eff35a8f0f0>,7,13,[ 4 12],8,-1,21,-1,8
1,<environment.Job instance at 0x7eff35a8f960>,9,17,[13  3],10,-1,27,-1,10
1,<environment.Job instance at 0x7eff35d567d0>,14,16,[ 2 12],15,-1,31,-1,15
1,<environment.Job instance at 0x7eff35d56a50>,15,12,[ 4 14],16,-1,28,-1,16
1,<environment.Job instance at 0x7eff35d56730>,19,23,[ 2 13],20,-1,65,-1,42
1,<environment.Job instance at 0x7eff35bb11e0>,20,12,[14  1],21,-1,54,-1,42
1,<environment.Job instance at 0x7eff35d56eb0>,21,28,[ 1 13],22,-1,70,-1,42
1,<environment.Job instance at 0x7eff35a85960>,23,22,[12  5],24,-1,72,-1,50
1,<environment.Job instance at 0x7eff3572c3c0>,25,12,[11  5],26,-1,69,-1,57
1,<environment.Job instance at 0x7eff3608be10>,27,22,[11  2],28,-1,88,-1,66
1,<environment.Job instance at 0x7eff3608b960>,29,17,[13  5],30,-1,95,-1,78
1,<environment.Job instance at 0x7eff35894050>,30,12,[ 3 14],31,-1,90,-1,78
1,<environment.Job instance at 0x7eff35b28fa0>,33,21,[ 3 14],34,-1,114,-1,93
1,<environment.Job instance at 0x7eff3677a640>,1,21,[ 3 11],2,-1,23,-1,2
1,<environment.Job instance at 0x7eff36779b40>,4,26,[ 3 12],5,-1,31,-1,5
1,<environment.Job instance at 0x7eff36779d20>,6,16,[2 9],7,-1,49,-1,33
1,<environment.Job instance at 0x7eff3673e280>,12,13,[14  1],13,-1,46,-1,33
1,<environment.Job instance at 0x7eff367500a0>,13,24,[8 2],14,-1,57,-1,33
1,<environment.Job instance at 0x7eff367506e0>,14,21,[ 2 12],15,-1,54,-1,33
1,<environment.Job instance at 0x7eff367500f0>,15,23,[ 2 12],16,-1,56,-1,33
1,<environment.Job instance at 0x7eff367508c0>,16,14,[ 4 10],17,-1,47,-1,33
1,<environment.Job instance at 0x7eff36750af0>,17,26,[ 5 11],18,-1,59,-1,33
1,<environment.Job instance at 0x7eff36750550>,18,12,[8 5],19,-1,45,-1,33
1,<environment.Job instance at 0x7eff36768730>,19,21,[9 2],20,-1,55,-1,34
1,<environment.Job instance at 0x7eff36768550>,20,18,[14  2],21,-1,52,-1,34
1,<environment.Job instance at 0x7eff36768870>,21,16,[ 5 11],22,-1,50,-1,34
1,<environment.Job instance at 0x7eff367682d0>,22,22,[ 1 14],23,-1,56,-1,34
1,<environment.Job instance at 0x7eff36768910>,24,25,[ 3 14],25,-1,65,-1,40
1,<environment.Job instance at 0x7eff36775140>,25,28,[2 8],26,-1,68,-1,40
1,<environment.Job instance at 0x7eff36775fa0>,26,21,[ 5 14],27,-1,61,-1,40
1,<environment.Job instance at 0x7eff36775730>,27,27,[9 3],28,-1,67,-1,40
1,<environment.Job instance at 0x7eff367758c0>,28,15,[13  3],29,-1,55,-1,40
1,<environment.Job instance at 0x7eff367754b0>,32,25,[ 1 13],33,-1,92,-1,67
1,<environment.Job instance at 0x7eff36775af0>,35,22,[8 2],36,-1,109,-1,87
1,<environment.Job instance at 0x7eff36775b90>,36,17,[11  1],37,-1,104,-1,87
1,<environment.Job instance at 0x7eff36775550>,37,20,[ 1 11],38,-1,107,-1,87
1,<environment.Job instance at 0x7eff36775c30>,38,19,[13  2],39,-1,106,-1,87
1,<environment.Job instance at 0x7eff367750f0>,39,12,[ 1 11],40,-1,99,-1,87
1,<environment.Job instance at 0x7eff36577730>,40,20,[13  5],41,-1,107,-1,87
1,<environment.Job instance at 0x7eff366c6410>,41,27,[1 8],42,-1,114,-1,87
1,<environment.Job instance at 0x7eff35627be0>,43,24,[11  3],44,-1,126,-1,102
1,<environment.Job instance at 0x7eff3566a460>,44,18,[13  3],45,-1,120,-1,102
1,<environment.Job instance at 0x7eff3566a500>,46,14,[10  3],47,-1,116,-1,102
1,<environment.Job instance at 0x7eff3566a730>,47,23,[13  3],48,-1,125,-1,102
1,<environment.Job instance at 0x7eff36bb9140>,48,19,[1 5],49,-1,121,-1,102
1,<environment.Job instance at 0x7eff35a540a0>,1,26,[ 4 10],2,-1,28,-1,2
1,<environment.Job instance at 0x7eff3566a690>,2,20,[ 4 11],3,-1,23,-1,3
1,<environment.Job instance at 0x7eff35a54a00>,3,14,[ 5 12],4,-1,18,-1,4
1,<environment.Job instance at 0x7eff35a54690>,4,24,[ 5 11],5,-1,29,-1,5
1,<environment.Job instance at 0x7eff35a54140>,5,25,[7 3],6,-1,31,-1,6
1,<environment.Job instance at 0x7eff36b99140>,7,12,[ 3 14],8,-1,20,-1,8
1,<environment.Job instance at 0x7eff36b99910>,8,27,[1 5],9,-1,36,-1,9
1,<environment.Job instance at 0x7eff36b99870>,9,17,[ 1 11],10,-1,27,-1,10
1,<environment.Job instance at 0x7eff36b99eb0>,11,17,[ 2 13],12,-1,29,-1,12
1,<environment.Job instance at 0x7eff36b992d0>,12,27,[12  4],13,-1,40,-1,13
1,<environment.Job instance at 0x7eff36b99280>,14,12,[ 1 12],15,-1,27,-1,15
1,<environment.Job instance at 0x7eff3566aa50>,16,12,[ 5 12],17,-1,29,-1,17
1,<environment.Job instance at 0x7eff36b99f00>,17,14,[14  1],18,-1,32,-1,18
1,<environment.Job instance at 0x7eff36b65370>,2,28,[9 1],3,-1,32,-1,4
1,<environment.Job instance at 0x7eff36b65960>,5,17,[12  3],6,-1,23,-1,6
1,<environment.Job instance at 0x7eff35eb6410>,6,28,[ 4 12],7,-1,35,-1,7
1,<environment.Job instance at 0x7eff35eb6a00>,7,25,[2 6],8,-1,33,-1,8
1,<environment.Job instance at 0x7eff3f216d70>,13,21,[11  5],14,-1,35,-1,14
1,<environment.Job instance at 0x7eff36a0f7d0>,14,12,[13  2],15,-1,27,-1,15
1,<environment.Job instance at 0x7eff36a0faa0>,15,13,[ 5 13],16,-1,29,-1,16
1,<environment.Job instance at 0x7eff3f216320>,17,24,[12  2],18,-1,45,-1,21
1,<environment.Job instance at 0x7eff36a0fa00>,18,27,[5 9],19,-1,48,-1,21
1,<environment.Job instance at 0x7eff36a0fd70>,19,23,[8 5],20,-1,44,-1,21
1,<environment.Job instance at 0x7eff36a0fc80>,20,18,[11  4],21,-1,39,-1,21
1,<environment.Job instance at 0x7eff36a0f370>,21,13,[7 1],22,-1,44,-1,31
1,<environment.Job instance at 0x7eff36a0fa50>,23,25,[4 6],24,-1,56,-1,31
1,<environment.Job instance at 0x7eff3675c870>,25,24,[7 5],26,-1,62,-1,38
1,<environment.Job instance at 0x7eff3675c910>,27,21,[14  1],28,-1,59,-1,38
1,<environment.Job instance at 0x7eff3675ceb0>,28,17,[ 1 13],29,-1,55,-1,38
1,<environment.Job instance at 0x7eff3675c410>,29,16,[12  4],30,-1,54,-1,38
1,<environment.Job instance at 0x7eff3675c6e0>,30,24,[ 4 11],31,-1,62,-1,38
1,<environment.Job instance at 0x7eff36737eb0>,35,12,[ 1 14],36,-1,87,-1,75
1,<environment.Job instance at 0x7eff36737410>,36,14,[13  4],37,-1,89,-1,75
1,<environment.Job instance at 0x7eff36737280>,38,13,[13  3],39,-1,106,-1,93
1,<environment.Job instance at 0x7eff367375f0>,39,18,[ 3 12],40,-1,111,-1,93
1,<environment.Job instance at 0x7eff36737b90>,40,27,[ 3 14],41,-1,120,-1,93
1,<environment.Job instance at 0x7eff35eb6af0>,3,15,[14  5],4,-1,19,-1,4
1,<environment.Job instance at 0x7eff364fb050>,4,17,[13  1],5,-1,22,-1,5
1,<environment.Job instance at 0x7eff3f1a2d20>,5,23,[ 4 11],6,-1,29,-1,6
1,<environment.Job instance at 0x7eff364fb280>,6,21,[ 5 14],7,-1,28,-1,7
1,<environment.Job instance at 0x7eff364fbf50>,9,16,[ 3 10],10,-1,28,-1,12
1,<environment.Job instance at 0x7eff364fbb90>,12,23,[ 1 14],13,-1,36,-1,13
1,<environment.Job instance at 0x7eff364f85a0>,13,27,[5 5],14,-1,41,-1,14
1,<environment.Job instance at 0x7eff364f84b0>,17,27,[ 2 14],18,-1,59,-1,32
1,<environment.Job instance at 0x7eff364f8be0>,18,23,[3 7],19,-1,55,-1,32
1,<environment.Job instance at 0x7eff35a03550>,20,21,[1 8],21,-1,59,-1,38
1,<environment.Job instance at 0x7eff359f3cd0>,21,25,[5 8],22,-1,63,-1,38
1,<environment.Job instance at 0x7eff359f3690>,22,23,[ 3 12],23,-1,61,-1,38
1,<environment.Job instance at 0x7eff359f3af0>,23,20,[11  5],24,-1,58,-1,38
1,<environment.Job instance at 0x7eff359f3b90>,24,27,[12  3],25,-1,65,-1,38
1,<environment.Job instance at 0x7eff35faa8c0>,25,24,[6 1],26,-1,62,-1,38
1,<environment.Job instance at 0x7eff35faa4b0>,26,26,[ 1 12],27,-1,64,-1,38
1,<environment.Job instance at 0x7eff359f37d0>,27,13,[12  3],28,-1,51,-1,38
1,<environment.Job instance at 0x7eff3651c780>,28,25,[1 5],29,-1,63,-1,38
1,<environment.Job instance at 0x7eff3651cc30>,30,24,[11  5],31,-1,69,-1,45
1,<environment.Job instance at 0x7eff3651cc80>,31,25,[2 7],32,-1,70,-1,45
1,<environment.Job instance at 0x7eff3651c500>,32,23,[10  4],33,-1,68,-1,45
1,<environment.Job instance at 0x7eff3651caa0>,33,21,[ 3 14],34,-1,66,-1,45
1,<environment.Job instance at 0x7eff3651cd70>,35,17,[3 6],36,-1,62,-1,45
1,<environment.Job instance at 0x7eff3651cdc0>,36,18,[14  2],37,-1,63,-1,45
1,<environment.Job instance at 0x7eff3651ce10>,37,27,[ 5 13],38,-1,72,-1,45
1,<environment.Job instance at 0x7eff360c74b0>,38,16,[1 5],39,-1,61,-1,45
1,<environment.Job instance at 0x7eff360b1d20>,39,21,[12  3],40,-1,66,-1,45
1,<environment.Job instance at 0x7eff36819be0>,40,27,[ 5 12],41,-1,72,-1,45
1,<environment.Job instance at 0x7eff3682cf50>,41,13,[9 3],42,-1,58,-1,45
1,<environment.Job instance at 0x7eff360c7230>,42,16,[ 2 13],43,-1,61,-1,45
1,<environment.Job instance at 0x7eff35a10aa0>,45,13,[14  1],46,-1,71,-1,58
1,<environment.Job instance at 0x7eff3652b3c0>,46,26,[11  5],47,-1,84,-1,58
1,<environment.Job instance at 0x7eff3652b230>,47,14,[ 2 13],48,-1,72,-1,58
1,<environment.Job instance at 0x7eff360dfbe0>,48,13,[14  5],49,-1,71,-1,58
1,<environment.Job instance at 0x7eff3682ea50>,49,18,[12  4],50,-1,76,-1,58
1,<environment.Job instance at 0x7eff3682e6e0>,50,21,[ 2 14],51,-1,79,-1,58
1,<environment.Job instance at 0x7eff360c2f00>,51,17,[9 2],52,-1,76,-1,59
1,<environment.Job instance at 0x7eff360c2b90>,52,23,[13  4],53,-1,82,-1,59
1,<environment.Job instance at 0x7eff3681f320>,53,16,[ 3 10],54,-1,75,-1,59
1,<environment.Job instance at 0x7eff360aa6e0>,54,18,[ 1 12],55,-1,77,-1,59
1,<environment.Job instance at 0x7eff360aa3c0>,55,23,[9 4],56,-1,82,-1,59
1,<environment.Job instance at 0x7eff360aa410>,56,26,[ 1 10],57,-1,85,-1,59
1,<environment.Job instance at 0x7eff360aae10>,57,18,[13  5],58,-1,77,-1,59
1,<environment.Job instance at 0x7eff360aa8c0>,58,21,[12  5],59,-1,80,-1,59
1,<environment.Job instance at 0x7eff360aadc0>,60,20,[11  5],61,-1,91,-1,71
1,<environment.Job instance at 0x7eff360aa780>,61,27,[8 5],62,-1,98,-1,71
1,<environment.Job instance at 0x7eff360aa960>,63,28,[5 7],64,-1,104,-1,76
1,<environment.Job instance at 0x7eff360aac80>,64,12,[ 4 11],65,-1,88,-1,76
1,<environment.Job instance at 0x7eff360e52d0>,65,25,[13  4],66,-1,101,-1,76
1,<environment.Job instance at 0x7eff360e5140>,66,21,[ 1 12],67,-1,97,-1,76
1,<environment.Job instance at 0x7eff360e5370>,67,22,[ 4 12],68,-1,98,-1,76
1,<environment.Job instance at 0x7eff360e5460>,68,22,[13  5],69,-1,98,-1,76
1,<environment.Job instance at 0x7eff360e5050>,69,28,[13  2],70,-1,104,-1,76
1,<environment.Job instance at 0x7eff360e5280>,71,24,[14  3],72,-1,113,-1,89
1,<environment.Job instance at 0x7eff360e5a00>,72,25,[12  1],73,-1,114,-1,89
1,<environment.Job instance at 0x7eff35de21e0>,73,24,[5 8],74,-1,113,-1,89
1,<environment.Job instance at 0x7eff35de2280>,74,13,[ 1 13],75,-1,102,-1,89
1,<environment.Job instance at 0x7eff35de2320>,75,23,[1 5],76,-1,112,-1,89
1,<environment.Job instance at 0x7eff35de2500>,76,22,[ 5 11],77,-1,111,-1,89
1,<environment.Job instance at 0x7eff35de24b0>,77,24,[ 5 13],78,-1,113,-1,89
1,<environment.Job instance at 0x7eff35de2410>,78,13,[ 1 14],79,-1,102,-1,89
1,<environment.Job instance at 0x7eff35de25a0>,79,26,[12  4],80,-1,115,-1,89
1,<environment.Job instance at 0x7eff35de26e0>,81,21,[13  2],82,-1,110,-1,89
1,<environment.Job instance at 0x7eff35de2780>,82,23,[14  5],83,-1,112,-1,89
1,<environment.Job instance at 0x7eff35de2820>,83,14,[14  2],84,-1,103,-1,89
1,<environment.Job instance at 0x7eff35de2960>,85,22,[7 1],86,-1,126,-1,104
1,<environment.Job instance at 0x7eff35de2a00>,86,28,[5 4],87,-1,132,-1,104
1,<environment.Job instance at 0x7eff35de2b40>,88,14,[8 1],89,-1,120,-1,106
1,<environment.Job instance at 0x7eff35de2140>,89,16,[ 4 10],90,-1,125,-1,109
1,<environment.Job instance at 0x7eff35de2cd0>,90,18,[ 5 14],91,-1,127,-1,109
1,<environment.Job instance at 0x7eff35de2e60>,91,17,[ 3 13],92,-1,126,-1,109
1,<environment.Job instance at 0x7eff35de2f00>,92,23,[13  3],93,-1,132,-1,109
1,<environment.Job instance at 0x7eff35de2fa0>,93,18,[ 2 12],94,-1,127,-1,109
1,<environment.Job instance at 0x7eff35de2eb0>,94,28,[11  1],95,-1,137,-1,109
1,<environment.Job instance at 0x7eff35f38f50>,3,18,[1 8],4,-1,39,-1,21
1,<environment.Job instance at 0x7eff35f2a370>,7,16,[ 3 12],8,-1,37,-1,21
1,<environment.Job instance at 0x7eff35f2a0f0>,8,26,[12  1],9,-1,47,-1,21
1,<environment.Job instance at 0x7eff35f2abe0>,9,22,[14  5],10,-1,43,-1,21
1,<environment.Job instance at 0x7eff35f2a3c0>,10,18,[12  5],11,-1,39,-1,21
1,<environment.Job instance at 0x7eff35f2a550>,11,14,[13  4],12,-1,35,-1,21
1,<environment.Job instance at 0x7eff35f2a640>,12,25,[ 1 13],13,-1,46,-1,21
1,<environment.Job instance at 0x7eff35f2a1e0>,15,25,[2 8],16,-1,59,-1,34
1,<environment.Job instance at 0x7eff35f2aaf0>,16,15,[ 1 10],17,-1,49,-1,34
1,<environment.Job instance at 0x7eff35f2aa50>,17,26,[2 7],18,-1,60,-1,34
1,<environment.Job instance at 0x7eff35f2a780>,18,20,[10  2],19,-1,101,-1,81
1,<environment.Job instance at 0x7eff35f2ae10>,22,25,[4 9],23,-1,106,-1,81
1,<environment.Job instance at 0x7eff35f32b90>,24,14,[13  3],25,-1,96,-1,82
1,<environment.Job instance at 0x7eff35f32c30>,25,14,[13  2],26,-1,96,-1,82
1,<environment.Job instance at 0x7eff35f32960>,26,12,[6 1],27,-1,94,-1,82
1,<environment.Job instance at 0x7eff35f32be0>,27,28,[9 2],28,-1,110,-1,82
1,<environment.Job instance at 0x7eff35f32c80>,28,28,[12  3],29,-1,110,-1,82
1,<environment.Job instance at 0x7eff3651c3c0>,3,18,[11  5],4,-1,22,-1,4
1,<environment.Job instance at 0x7eff357f8820>,5,21,[ 3 10],6,-1,40,-1,19
1,<environment.Job instance at 0x7eff35801140>,11,14,[11  3],12,-1,33,-1,19
1,<environment.Job instance at 0x7eff35801190>,12,28,[2 7],13,-1,47,-1,19
1,<environment.Job instance at 0x7eff35801910>,13,27,[11  2],14,-1,46,-1,19
1,<environment.Job instance at 0x7eff36767af0>,19,22,[ 2 11],20,-1,97,-1,75
1,<environment.Job instance at 0x7eff36767190>,20,16,[11  5],21,-1,91,-1,75
1,<environment.Job instance at 0x7eff358033c0>,21,22,[1 8],22,-1,97,-1,75
1,<environment.Job instance at 0x7eff35803b90>,23,24,[4 7],24,-1,99,-1,75
1,<environment.Job instance at 0x7eff35803230>,24,12,[ 5 10],25,-1,87,-1,75
1,<environment.Job instance at 0x7eff35811b90>,27,14,[13  2],28,-1,108,-1,94
1,<environment.Job instance at 0x7eff35811140>,28,22,[5 7],29,-1,116,-1,94
1,<environment.Job instance at 0x7eff35811280>,29,24,[ 1 14],30,-1,118,-1,94
1,<environment.Job instance at 0x7eff35f23e10>,30,28,[7 5],31,-1,122,-1,94
1,<environment.Job instance at 0x7eff3667e820>,31,22,[12  4],32,-1,116,-1,94
1,<environment.Job instance at 0x7eff359f5b90>,1,25,[ 4 12],2,-1,27,-1,2
1,<environment.Job instance at 0x7eff36a3e910>,2,26,[5 5],3,-1,29,-1,3
1,<environment.Job instance at 0x7eff36175320>,5,25,[ 2 10],6,-1,31,-1,6
1,<environment.Job instance at 0x7eff361759b0>,11,19,[ 3 11],12,-1,33,-1,14
1,<environment.Job instance at 0x7eff361756e0>,14,27,[5 6],15,-1,48,-1,21
1,<environment.Job instance at 0x7eff36175190>,16,25,[9 4],17,-1,56,-1,31
1,<environment.Job instance at 0x7eff36175870>,17,25,[12  3],18,-1,56,-1,31
1,<environment.Job instance at 0x7eff36175af0>,18,26,[ 3 10],19,-1,57,-1,31
1,<environment.Job instance at 0x7eff36175c80>,21,27,[ 5 14],22,-1,71,-1,44
1,<environment.Job instance at 0x7eff361753c0>,23,15,[12  2],24,-1,68,-1,53
1,<environment.Job instance at 0x7eff360c7730>,24,20,[12  3],25,-1,73,-1,53
1,<environment.Job instance at 0x7eff360c7c30>,25,12,[3 5],26,-1,65,-1,53
1,<environment.Job instance at 0x7eff360c79b0>,26,26,[13  3],27,-1,79,-1,53
1,<environment.Job instance at 0x7eff360c7460>,27,23,[9 5],28,-1,76,-1,53
1,<environment.Job instance at 0x7eff360c7aa0>,28,27,[7 3],29,-1,80,-1,53
1,<environment.Job instance at 0x7eff360c77d0>,29,22,[3 9],30,-1,75,-1,53
1,<environment.Job instance at 0x7eff360c7500>,30,13,[13  3],31,-1,66,-1,53
1,<environment.Job instance at 0x7eff360c75f0>,31,12,[12  5],32,-1,65,-1,53
1,<environment.Job instance at 0x7eff360c7410>,32,14,[12  5],33,-1,67,-1,53
1,<environment.Job instance at 0x7eff360c72d0>,33,22,[14  5],34,-1,75,-1,53
1,<environment.Job instance at 0x7eff360c7550>,34,19,[5 2],35,-1,72,-1,53
1,<environment.Job instance at 0x7eff360c7870>,35,22,[10  3],36,-1,75,-1,53
1,<environment.Job instance at 0x7eff360c7820>,36,12,[3 6],37,-1,65,-1,53
1,<environment.Job instance at 0x7eff360c7230>,37,14,[12  5],38,-1,67,-1,53
1,<environment.Job instance at 0x7eff360c7b40>,38,14,[12  2],39,-1,67,-1,53
1,<environment.Job instance at 0x7eff360c7190>,39,23,[ 5 11],40,-1,76,-1,53
1,<environment.Job instance at 0x7eff360c70a0>,40,12,[9 5],41,-1,65,-1,53
1,<environment.Job instance at 0x7eff360c76e0>,41,14,[ 3 11],42,-1,67,-1,53
1,<environment.Job instance at 0x7eff360c7e60>,42,15,[11  2],43,-1,68,-1,53
1,<environment.Job instance at 0x7eff360c7af0>,43,17,[ 5 11],44,-1,70,-1,53
1,<environment.Job instance at 0x7eff360c73c0>,44,12,[8 3],45,-1,65,-1,53
1,<environment.Job instance at 0x7eff360c7d70>,45,18,[ 2 10],46,-1,71,-1,53
1,<environment.Job instance at 0x7eff35bb16e0>,49,25,[9 4],50,-1,106,-1,81
1,<environment.Job instance at 0x7eff35bb19b0>,50,15,[13  3],51,-1,96,-1,81
1,<environment.Job instance at 0x7eff35bb1a00>,51,17,[ 1 14],52,-1,98,-1,81
1,<environment.Job instance at 0x7eff35bb10a0>,53,28,[ 5 13],54,-1,109,-1,81
1,<environment.Job instance at 0x7eff35bb15a0>,54,15,[12  1],55,-1,96,-1,81
1,<environment.Job instance at 0x7eff35bb1640>,55,25,[ 5 14],56,-1,106,-1,81
1,<environment.Job instance at 0x7eff35bb1e60>,57,26,[4 9],58,-1,117,-1,91
1,<environment.Job instance at 0x7eff35bb1370>,58,27,[10  5],59,-1,118,-1,91
1,<environment.Job instance at 0x7eff35bb1780>,59,18,[11  4],60,-1,109,-1,91
1,<environment.Job instance at 0x7eff35bb1190>,60,14,[14  4],61,-1,105,-1,91
1,<environment.Job instance at 0x7eff35bb1be0>,61,26,[ 5 12],62,-1,117,-1,91
1,<environment.Job instance at 0x7eff35bb1500>,62,18,[1 6],63,-1,109,-1,91
1,<environment.Job instance at 0x7eff35bb1a50>,63,16,[13  4],64,-1,107,-1,91
1,<environment.Job instance at 0x7eff35bb1b90>,65,16,[ 5 12],66,-1,115,-1,99
1,<environment.Job instance at 0x7eff35bb10f0>,66,21,[5 6],67,-1,124,-1,103
1,<environment.Job instance at 0x7eff354deb90>,2,22,[11  5],3,-1,25,-1,3
1,<environment.Job instance at 0x7eff354de5a0>,1,22,[14  3],2,-1,26,-1,4
1,<environment.Job instance at 0x7eff354de370>,6,24,[1 8],7,-1,47,-1,23
1,<environment.Job instance at 0x7eff354decd0>,11,15,[ 3 12],12,-1,38,-1,23
1,<environment.Job instance at 0x7eff354def50>,13,24,[2 8],14,-1,58,-1,34
1,<environment.Job instance at 0x7eff354dea50>,14,24,[5 7],15,-1,58,-1,34
1,<environment.Job instance at 0x7eff354de410>,15,13,[14  2],16,-1,47,-1,34
1,<environment.Job instance at 0x7eff354dde60>,16,12,[ 5 14],17,-1,46,-1,34
1,<environment.Job instance at 0x7eff354dd370>,17,28,[11  4],18,-1,62,-1,34
1,<environment.Job instance at 0x7eff354dd050>,19,26,[1 8],20,-1,65,-1,39
1,<environment.Job instance at 0x7eff354dd0a0>,23,25,[7 5],24,-1,80,-1,55
1,<environment.Job instance at 0x7eff354dd190>,24,24,[5 3],25,-1,79,-1,55
1,<environment.Job instance at 0x7eff354dd9b0>,25,15,[ 1 14],26,-1,70,-1,55
1,<environment.Job instance at 0x7eff354ddd20>,26,24,[5 2],27,-1,79,-1,55
1,<environment.Job instance at 0x7eff354ddb40>,27,25,[8 1],28,-1,80,-1,55
1,<environment.Job instance at 0x7eff354ddf00>,29,20,[ 4 13],30,-1,75,-1,55
1,<environment.Job instance at 0x7eff354dd870>,33,26,[9 3],34,-1,104,-1,78
1,<environment.Job instance at 0x7eff354dd5f0>,35,20,[14  4],36,-1,112,-1,92
1,<environment.Job instance at 0x7eff354dd230>,37,14,[ 3 11],38,-1,109,-1,95
1,<environment.Job instance at 0x7eff354ddd70>,38,14,[14  2],39,-1,109,-1,95
1,<environment.Job instance at 0x7eff3552e6e0>,39,20,[14  4],40,-1,115,-1,95
1,<environment.Job instance at 0x7eff3552e460>,40,15,[ 4 12],41,-1,110,-1,95
1,<environment.Job instance at 0x7eff3552e960>,42,26,[13  4],43,-1,134,-1,108
1,<environment.Job instance at 0x7eff35d74190>,1,16,[ 2 13],2,-1,18,-1,2
1,<environment.Job instance at 0x7eff3552e960>,4,18,[14  3],5,-1,23,-1,5
1,<environment.Job instance at 0x7eff3639f230>,6,24,[14  5],7,-1,31,-1,7
1,<environment.Job instance at 0x7eff3639f1e0>,7,25,[ 4 12],8,-1,33,-1,8
1,<environment.Job instance at 0x7eff3639f280>,8,15,[ 2 10],9,-1,25,-1,10
1,<environment.Job instance at 0x7eff3639f0a0>,12,13,[11  3],13,-1,27,-1,14
1,<environment.Job instance at 0x7eff3639fe60>,13,18,[13  2],14,-1,32,-1,14
1,<environment.Job instance at 0x7eff3639f140>,14,28,[7 1],15,-1,43,-1,15
1,<environment.Job instance at 0x7eff3639fdc0>,15,23,[ 5 13],16,-1,39,-1,16
1,<environment.Job instance at 0x7eff3639f550>,16,23,[2 7],17,-1,40,-1,17
1,<environment.Job instance at 0x7eff3639ff50>,17,28,[ 1 10],18,-1,46,-1,18
1,<environment.Job instance at 0x7eff35e69370>,18,25,[ 2 12],19,-1,44,-1,19
1,<environment.Job instance at 0x7eff35e69500>,19,12,[ 4 14],20,-1,32,-1,20
1,<environment.Job instance at 0x7eff35e693c0>,20,28,[10  3],21,-1,49,-1,21
1,<environment.Job instance at 0x7eff35e69b40>,21,23,[11  2],22,-1,45,-1,22
1,<environment.Job instance at 0x7eff35e69eb0>,23,22,[3 5],24,-1,48,-1,26
1,<environment.Job instance at 0x7eff3639f910>,24,27,[1 7],25,-1,53,-1,26
1,<environment.Job instance at 0x7eff35e695f0>,25,16,[12  5],26,-1,42,-1,26
1,<environment.Job instance at 0x7eff35e69c80>,26,22,[ 3 12],27,-1,49,-1,27
1,<environment.Job instance at 0x7eff35e69730>,27,14,[12  4],28,-1,42,-1,28
1,<environment.Job instance at 0x7eff35e69050>,28,28,[11  3],29,-1,57,-1,29
1,<environment.Job instance at 0x7eff35e69b90>,29,24,[ 5 12],30,-1,54,-1,30
1,<environment.Job instance at 0x7eff35e696e0>,30,27,[2 5],31,-1,58,-1,31
1,<environment.Job instance at 0x7eff35e69910>,31,13,[ 3 13],32,-1,45,-1,32
1,<environment.Job instance at 0x7eff35e69d70>,32,23,[14  4],33,-1,56,-1,33
1,<environment.Job instance at 0x7eff35e69780>,33,17,[13  5],34,-1,51,-1,34
1,<environment.Job instance at 0x7eff35e69820>,34,22,[13  1],35,-1,57,-1,35
1,<environment.Job instance at 0x7eff35e69640>,35,24,[12  4],36,-1,60,-1,36
1,<environment.Job instance at 0x7eff35e69960>,36,25,[6 3],37,-1,62,-1,37
1,<environment.Job instance at 0x7eff35e69fa0>,37,27,[9 5],38,-1,65,-1,38
1,<environment.Job instance at 0x7eff35e69c30>,38,18,[ 3 11],39,-1,57,-1,39
1,<environment.Job instance at 0x7eff358020f0>,39,14,[ 2 13],40,-1,54,-1,40
1,<environment.Job instance at 0x7eff35802190>,41,23,[3 9],42,-1,65,-1,42
1,<environment.Job instance at 0x7eff35802550>,43,21,[1 8],44,-1,65,-1,44
1,<environment.Job instance at 0x7eff35802d70>,44,17,[ 4 14],45,-1,62,-1,45
1,<environment.Job instance at 0x7eff358022d0>,45,15,[ 2 14],46,-1,61,-1,46
1,<environment.Job instance at 0x7eff35802640>,49,12,[10  2],50,-1,88,-1,76
1,<environment.Job instance at 0x7eff35802af0>,50,23,[5 9],51,-1,99,-1,76
1,<environment.Job instance at 0x7eff35802d20>,51,17,[ 2 14],52,-1,93,-1,76
1,<environment.Job instance at 0x7eff35802c80>,52,22,[11  4],53,-1,98,-1,76
1,<environment.Job instance at 0x7eff35802870>,53,28,[11  2],54,-1,104,-1,76
1,<environment.Job instance at 0x7eff35802cd0>,54,28,[ 4 10],55,-1,104,-1,76
1,<environment.Job instance at 0x7eff35802320>,55,24,[6 2],56,-1,100,-1,76
1,<environment.Job instance at 0x7eff358024b0>,56,12,[2 6],57,-1,88,-1,76
1,<environment.Job instance at 0x7eff35802a50>,57,26,[12  4],58,-1,102,-1,76
1,<environment.Job instance at 0x7eff35802050>,58,13,[12  3],59,-1,89,-1,76
1,<environment.Job instance at 0x7eff35802a00>,59,16,[ 5 11],60,-1,92,-1,76
1,<environment.Job instance at 0x7eff3644ccd0>,60,18,[ 2 10],61,-1,94,-1,76
1,<environment.Job instance at 0x7eff3644c460>,61,20,[ 1 11],62,-1,96,-1,76
1,<environment.Job instance at 0x7eff3644c0f0>,62,13,[9 1],63,-1,89,-1,76
1,<environment.Job instance at 0x7eff3644c640>,63,20,[7 1],64,-1,96,-1,76
1,<environment.Job instance at 0x7eff3644cb90>,64,19,[ 4 11],65,-1,95,-1,76
1,<environment.Job instance at 0x7eff3644c7d0>,66,19,[13  2],67,-1,95,-1,76
1,<environment.Job instance at 0x7eff36bacf00>,67,27,[5 9],68,-1,103,-1,76
1,<environment.Job instance at 0x7eff36bac410>,68,24,[ 3 14],69,-1,100,-1,76
1,<environment.Job instance at 0x7eff36bacfa0>,69,24,[3 7],70,-1,100,-1,76
1,<environment.Job instance at 0x7eff36bacb90>,70,12,[1 8],71,-1,88,-1,76
1,<environment.Job instance at 0x7eff36bac640>,72,14,[ 5 11],73,-1,90,-1,76
1,<environment.Job instance at 0x7eff36bac230>,75,17,[ 2 13],76,-1,107,-1,90
1,<environment.Job instance at 0x7eff36bac690>,76,16,[14  4],77,-1,106,-1,90
1,<environment.Job instance at 0x7eff36bacf50>,77,18,[ 1 14],78,-1,108,-1,90
1,<environment.Job instance at 0x7eff36bac960>,78,16,[ 3 14],79,-1,106,-1,90
1,<environment.Job instance at 0x7eff36bac1e0>,81,16,[11  2],82,-1,123,-1,107
1,<environment.Job instance at 0x7eff36bac7d0>,83,23,[14  2],84,-1,130,-1,107
1,<environment.Job instance at 0x7eff36bacc30>,84,24,[5 9],85,-1,131,-1,107
1,<environment.Job instance at 0x7eff36bac550>,85,12,[12  5],86,-1,119,-1,107
1,<environment.Job instance at 0x7eff36bac3c0>,86,28,[ 2 11],87,-1,135,-1,107
1,<environment.Job instance at 0x7eff369785a0>,87,26,[9 1],88,-1,133,-1,107
1,<environment.Job instance at 0x7eff369782d0>,88,17,[8 5],89,-1,124,-1,107
1,<environment.Job instance at 0x7eff36978780>,89,23,[14  3],90,-1,130,-1,107
1,<environment.Job instance at 0x7eff369785f0>,90,18,[ 3 13],91,-1,125,-1,107
1,<environment.Job instance at 0x7eff36978a50>,91,12,[13  1],92,-1,119,-1,107
1,<environment.Job instance at 0x7eff36978d70>,92,16,[ 4 12],93,-1,123,-1,107
1,<environment.Job instance at 0x7eff36978960>,93,25,[1 8],94,-1,132,-1,107
1,<environment.Job instance at 0x7eff36978500>,94,19,[5 2],95,-1,126,-1,107
1,<environment.Job instance at 0x7eff36978f50>,95,12,[3 7],96,-1,119,-1,107
1,<environment.Job instance at 0x7eff36978e10>,96,13,[4 5],97,-1,120,-1,107
1,<environment.Job instance at 0x7eff36ac6550>,97,26,[13  1],98,-1,133,-1,107
1,<environment.Job instance at 0x7eff36ac6f00>,98,19,[5 5],99,-1,126,-1,107
1,<environment.Job instance at 0x7eff36ac6320>,99,16,[14  1],100,-1,123,-1,107
1,<environment.Job instance at 0x7eff36ac6d70>,100,14,[9 2],101,-1,121,-1,107
1,<environment.Job instance at 0x7eff36ac6910>,101,15,[3 7],102,-1,122,-1,107
1,<environment.Job instance at 0x7eff36ac6b90>,102,22,[14  5],103,-1,129,-1,107
1,<environment.Job instance at 0x7eff36ac6460>,103,26,[4 8],104,-1,133,-1,107
1,<environment.Job instance at 0x7eff36ac6500>,104,18,[3 6],105,-1,125,-1,107
1,<environment.Job instance at 0x7eff36ac6050>,105,20,[2 9],106,-1,127,-1,107
1,<environment.Job instance at 0x7eff36ac6e10>,106,15,[4 9],107,-1,122,-1,107
1,<environment.Job instance at 0x7eff36ac68c0>,107,15,[1 6],108,-1,123,-1,108
1,<environment.Job instance at 0x7eff36ac65f0>,108,22,[2 9],109,-1,131,-1,109
1,<environment.Job instance at 0x7eff36ac65f0>,5,26,[11  3],6,-1,32,-1,6
1,<environment.Job instance at 0x7eff35f3c550>,6,25,[5 3],7,-1,33,-1,8
1,<environment.Job instance at 0x7eff35f3c3c0>,8,21,[ 3 11],9,-1,30,-1,9
1,<environment.Job instance at 0x7eff35f3c780>,16,17,[ 1 12],17,-1,70,-1,53
1,<environment.Job instance at 0x7eff35f3c5f0>,11,20,[10  3],12,-1,73,-1,53
1,<environment.Job instance at 0x7eff36287cd0>,18,18,[ 5 12],19,-1,71,-1,53
1,<environment.Job instance at 0x7eff362879b0>,19,25,[12  1],20,-1,78,-1,53
1,<environment.Job instance at 0x7eff36287820>,20,26,[12  2],21,-1,79,-1,53
1,<environment.Job instance at 0x7eff36287a00>,21,25,[4 8],22,-1,78,-1,53
1,<environment.Job instance at 0x7eff36287780>,22,16,[ 5 10],23,-1,69,-1,53
1,<environment.Job instance at 0x7eff36287280>,23,12,[13  2],24,-1,65,-1,53
1,<environment.Job instance at 0x7eff362875a0>,24,22,[6 2],25,-1,75,-1,53
1,<environment.Job instance at 0x7eff36287be0>,25,26,[2 8],26,-1,79,-1,53
1,<environment.Job instance at 0x7eff36287050>,26,23,[4 7],27,-1,76,-1,53
1,<environment.Job instance at 0x7eff36287690>,27,12,[10  2],28,-1,65,-1,53
1,<environment.Job instance at 0x7eff36287640>,28,14,[ 2 13],29,-1,67,-1,53
1,<environment.Job instance at 0x7eff36287aa0>,29,16,[3 6],30,-1,69,-1,53
1,<environment.Job instance at 0x7eff362873c0>,30,15,[1 6],31,-1,68,-1,53
1,<environment.Job instance at 0x7eff36287870>,31,23,[8 4],32,-1,76,-1,53
1,<environment.Job instance at 0x7eff36287c80>,32,27,[ 1 13],33,-1,80,-1,53
1,<environment.Job instance at 0x7eff36287190>,33,18,[11  3],34,-1,71,-1,53
1,<environment.Job instance at 0x7eff362871e0>,34,13,[7 5],35,-1,66,-1,53
1,<environment.Job instance at 0x7eff36287f50>,35,13,[12  1],36,-1,66,-1,53
1,<environment.Job instance at 0x7eff35f2c460>,36,12,[12  5],37,-1,65,-1,53
1,<environment.Job instance at 0x7eff35f2ce60>,37,12,[ 3 12],38,-1,65,-1,53
1,<environment.Job instance at 0x7eff35f2c730>,38,19,[3 5],39,-1,72,-1,53
1,<environment.Job instance at 0x7eff35f2c4b0>,39,23,[4 9],40,-1,76,-1,53
1,<environment.Job instance at 0x7eff35f2caa0>,41,27,[2 7],42,-1,94,-1,67
1,<environment.Job instance at 0x7eff35f2ceb0>,44,14,[ 2 11],45,-1,98,-1,84
1,<environment.Job instance at 0x7eff35f2ccd0>,45,23,[ 3 14],46,-1,107,-1,84
1,<environment.Job instance at 0x7eff35f2c5f0>,46,12,[ 2 10],47,-1,96,-1,84
1,<environment.Job instance at 0x7eff35f2c910>,47,15,[ 2 13],48,-1,99,-1,84
1,<environment.Job instance at 0x7eff35f691e0>,48,27,[11  5],49,-1,111,-1,84
1,<environment.Job instance at 0x7eff35f69c30>,49,21,[ 5 13],50,-1,105,-1,84
1,<environment.Job instance at 0x7eff35f692d0>,50,14,[12  4],51,-1,98,-1,84
1,<environment.Job instance at 0x7eff35f69370>,52,28,[14  3],53,-1,112,-1,84
1,<environment.Job instance at 0x7eff35f69690>,53,13,[7 4],54,-1,97,-1,84
1,<environment.Job instance at 0x7eff35f69870>,54,22,[ 5 12],55,-1,106,-1,84
1,<environment.Job instance at 0x7eff35f69780>,55,24,[ 1 14],56,-1,108,-1,84
1,<environment.Job instance at 0x7eff35f69eb0>,56,25,[ 1 14],57,-1,109,-1,84
1,<environment.Job instance at 0x7eff35f69280>,57,12,[ 4 10],58,-1,96,-1,84
1,<environment.Job instance at 0x7eff35f69a50>,58,14,[4 9],59,-1,98,-1,84
1,<environment.Job instance at 0x7eff35f69aa0>,59,21,[14  3],60,-1,105,-1,84
1,<environment.Job instance at 0x7eff35f699b0>,60,17,[11  1],61,-1,101,-1,84
1,<environment.Job instance at 0x7eff35f69be0>,61,28,[6 4],62,-1,112,-1,84
1,<environment.Job instance at 0x7eff35f69960>,64,17,[ 2 12],65,-1,120,-1,103
1,<environment.Job instance at 0x7eff35f69e10>,65,28,[5 9],66,-1,131,-1,103
1,<environment.Job instance at 0x7eff35f69730>,66,26,[11  4],67,-1,129,-1,103
1,<environment.Job instance at 0x7eff35f69c80>,67,14,[ 2 13],68,-1,117,-1,103
1,<environment.Job instance at 0x7eff36b68be0>,68,25,[11  1],69,-1,128,-1,103
1,<environment.Job instance at 0x7eff354c6be0>,4,27,[6 4],5,-1,33,-1,6
1,<environment.Job instance at 0x7eff354c6eb0>,6,17,[ 2 14],7,-1,24,-1,7
1,<environment.Job instance at 0x7eff354c6190>,11,20,[11  1],12,-1,39,-1,19
1,<environment.Job instance at 0x7eff354c6960>,15,12,[ 1 13],16,-1,58,-1,46
1,<environment.Job instance at 0x7eff354c6050>,16,23,[1 5],17,-1,69,-1,46
1,<environment.Job instance at 0x7eff354c6690>,17,14,[ 3 11],18,-1,60,-1,46
1,<environment.Job instance at 0x7eff354c6370>,18,22,[9 1],19,-1,79,-1,57
1,<environment.Job instance at 0x7eff354c6fa0>,21,15,[14  4],22,-1,80,-1,65
1,<environment.Job instance at 0x7eff3681d140>,22,25,[ 5 10],23,-1,90,-1,65
1,<environment.Job instance at 0x7eff3681d320>,23,20,[12  3],24,-1,85,-1,65
1,<environment.Job instance at 0x7eff3681d1e0>,24,20,[ 4 11],25,-1,85,-1,65
1,<environment.Job instance at 0x7eff3681d5a0>,25,19,[ 2 13],26,-1,84,-1,65
1,<environment.Job instance at 0x7eff3681db90>,26,15,[14  2],27,-1,80,-1,65
1,<environment.Job instance at 0x7eff3681df50>,27,12,[13  3],28,-1,77,-1,65
1,<environment.Job instance at 0x7eff3681dc80>,29,21,[11  1],30,-1,86,-1,65
1,<environment.Job instance at 0x7eff3681d870>,31,25,[10  4],32,-1,105,-1,80
1,<environment.Job instance at 0x7eff3681d3c0>,32,23,[8 3],33,-1,103,-1,80
1,<environment.Job instance at 0x7eff3681d7d0>,34,18,[14  3],35,-1,99,-1,81
1,<environment.Job instance at 0x7eff3681de60>,35,13,[11  5],36,-1,94,-1,81
1,<environment.Job instance at 0x7eff3681d280>,37,20,[12  2],38,-1,112,-1,92
1,<environment.Job instance at 0x7eff3645f7d0>,39,28,[8 4],40,-1,122,-1,94
1,<environment.Job instance at 0x7eff3645fe60>,40,17,[ 3 13],41,-1,111,-1,94
1,<environment.Job instance at 0x7eff3645faa0>,42,18,[11  5],43,-1,113,-1,95
1,<environment.Job instance at 0x7eff3645f230>,43,21,[3 7],44,-1,121,-1,100
1,<environment.Job instance at 0x7eff3645f460>,44,19,[12  3],45,-1,119,-1,100
1,<environment.Job instance at 0x7eff3645f5f0>,45,27,[ 1 13],46,-1,127,-1,100
1,<environment.Job instance at 0x7eff3645f730>,46,18,[11  3],47,-1,118,-1,100
1,<environment.Job instance at 0x7eff36ba3c30>,5,12,[ 3 11],6,-1,18,-1,6
1,<environment.Job instance at 0x7eff36ba3280>,6,13,[11  3],7,-1,20,-1,7
1,<environment.Job instance at 0x7eff36ba3460>,9,20,[3 9],10,-1,49,-1,29
1,<environment.Job instance at 0x7eff36ba3230>,12,24,[7 4],13,-1,53,-1,29
1,<environment.Job instance at 0x7eff36ba33c0>,13,17,[ 5 11],14,-1,46,-1,29
1,<environment.Job instance at 0x7eff36ba3780>,14,20,[ 5 11],15,-1,49,-1,29
1,<environment.Job instance at 0x7eff36ba3870>,15,21,[13  4],16,-1,50,-1,29
1,<environment.Job instance at 0x7eff36ba3370>,16,25,[12  4],17,-1,54,-1,29
1,<environment.Job instance at 0x7eff36ba3190>,17,14,[1 8],18,-1,44,-1,30
1,<environment.Job instance at 0x7eff36ba36e0>,18,12,[13  4],19,-1,42,-1,30
1,<environment.Job instance at 0x7eff36ba3eb0>,19,21,[ 4 12],20,-1,51,-1,30
1,<environment.Job instance at 0x7eff35da8550>,20,13,[ 2 12],21,-1,43,-1,30
1,<environment.Job instance at 0x7eff35da8f50>,21,25,[3 8],22,-1,55,-1,30
1,<environment.Job instance at 0x7eff35da8280>,22,21,[12  5],23,-1,51,-1,30
1,<environment.Job instance at 0x7eff35da8730>,23,21,[ 5 11],24,-1,51,-1,30
1,<environment.Job instance at 0x7eff35da8dc0>,24,21,[1 9],25,-1,51,-1,30
1,<environment.Job instance at 0x7eff35da82d0>,25,21,[12  4],26,-1,51,-1,30
1,<environment.Job instance at 0x7eff35da8d70>,26,18,[12  3],27,-1,48,-1,30
1,<environment.Job instance at 0x7eff35da8e60>,27,22,[9 3],28,-1,53,-1,31
1,<environment.Job instance at 0x7eff35da8140>,28,12,[11  5],29,-1,43,-1,31
1,<environment.Job instance at 0x7eff35da8190>,29,12,[9 1],30,-1,43,-1,31
1,<environment.Job instance at 0x7eff35da81e0>,30,26,[5 7],31,-1,57,-1,31
1,<environment.Job instance at 0x7eff35da87d0>,31,16,[ 2 14],32,-1,48,-1,32
1,<environment.Job instance at 0x7eff35da89b0>,32,12,[ 5 13],33,-1,45,-1,33
1,<environment.Job instance at 0x7eff35da8500>,35,18,[12  1],36,-1,54,-1,36
1,<environment.Job instance at 0x7eff35da8fa0>,36,27,[13  3],37,-1,64,-1,37
1,<environment.Job instance at 0x7eff35da8c30>,39,27,[ 5 14],40,-1,80,-1,53
1,<environment.Job instance at 0x7eff35dc0e60>,40,19,[13  4],41,-1,72,-1,53
1,<environment.Job instance at 0x7eff35dc0eb0>,41,15,[11  4],42,-1,68,-1,53
1,<environment.Job instance at 0x7eff35dc0370>,42,17,[14  1],43,-1,70,-1,53
1,<environment.Job instance at 0x7eff35dc0690>,44,24,[ 1 12],45,-1,77,-1,53
1,<environment.Job instance at 0x7eff35dc05f0>,45,15,[13  2],46,-1,68,-1,53
1,<environment.Job instance at 0x7eff35dc0640>,46,16,[14  2],47,-1,69,-1,53
1,<environment.Job instance at 0x7eff35dc0460>,49,23,[11  2],50,-1,90,-1,67
1,<environment.Job instance at 0x7eff35dc0e10>,50,12,[ 5 10],51,-1,79,-1,67
1,<environment.Job instance at 0x7eff35dc07d0>,52,21,[2 8],53,-1,106,-1,85
1,<environment.Job instance at 0x7eff35db5f50>,53,22,[ 2 12],54,-1,107,-1,85
1,<environment.Job instance at 0x7eff35dc0730>,54,28,[ 3 11],55,-1,113,-1,85
1,<environment.Job instance at 0x7eff35db5c30>,55,22,[ 3 13],56,-1,107,-1,85
1,<environment.Job instance at 0x7eff35db5fa0>,57,21,[3 8],58,-1,129,-1,108
1,<environment.Job instance at 0x7eff35db5190>,58,28,[9 5],59,-1,136,-1,108
1,<environment.Job instance at 0x7eff35db55a0>,59,13,[13  1],60,-1,121,-1,108
1,<environment.Job instance at 0x7eff35db5550>,62,23,[5 2],63,-1,131,-1,108
1,<environment.Job instance at 0x7eff35db5a50>,63,22,[12  2],64,-1,130,-1,108
1,<environment.Job instance at 0x7eff359a0aa0>,2,20,[11  2],3,-1,23,-1,3
1,<environment.Job instance at 0x7eff35db5aa0>,3,12,[ 4 12],4,-1,16,-1,4
1,<environment.Job instance at 0x7eff359a0780>,4,15,[14  2],5,-1,20,-1,5
1,<environment.Job instance at 0x7eff359a0280>,5,27,[6 2],6,-1,33,-1,6
1,<environment.Job instance at 0x7eff359a0cd0>,6,20,[ 5 11],7,-1,27,-1,7
1,<environment.Job instance at 0x7eff359a02d0>,7,12,[12  2],8,-1,20,-1,8
1,<environment.Job instance at 0x7eff359a07d0>,9,26,[4 6],10,-1,36,-1,10
1,<environment.Job instance at 0x7eff359a0870>,11,13,[13  3],12,-1,25,-1,12
1,<environment.Job instance at 0x7eff359a0f50>,12,13,[11  1],13,-1,26,-1,13
1,<environment.Job instance at 0x7eff359a01e0>,13,23,[12  2],14,-1,37,-1,14
1,<environment.Job instance at 0x7eff359a0a00>,14,12,[12  1],15,-1,27,-1,15
1,<environment.Job instance at 0x7eff359a0910>,15,17,[12  5],16,-1,33,-1,16
1,<environment.Job instance at 0x7eff359a0a50>,17,14,[7 1],18,-1,33,-1,19
1,<environment.Job instance at 0x7eff359a0410>,19,25,[14  3],20,-1,45,-1,20
1,<environment.Job instance at 0x7eff359a05f0>,20,27,[8 1],21,-1,48,-1,21
1,<environment.Job instance at 0x7eff359a0d20>,21,27,[7 5],22,-1,49,-1,22
1,<environment.Job instance at 0x7eff359a0820>,22,20,[ 3 12],23,-1,43,-1,23
1,<environment.Job instance at 0x7eff356ed7d0>,23,28,[1 8],24,-1,52,-1,24
1,<environment.Job instance at 0x7eff356ed550>,24,23,[13  1],25,-1,48,-1,25
1,<environment.Job instance at 0x7eff356ed9b0>,25,21,[ 2 10],26,-1,47,-1,26
1,<environment.Job instance at 0x7eff356edf50>,26,20,[ 5 14],27,-1,47,-1,27
1,<environment.Job instance at 0x7eff356edb40>,27,17,[ 4 12],28,-1,45,-1,28
1,<environment.Job instance at 0x7eff356ed0a0>,28,14,[12  3],29,-1,43,-1,29
1,<environment.Job instance at 0x7eff356edaf0>,29,28,[ 5 12],30,-1,58,-1,30
1,<environment.Job instance at 0x7eff356ed3c0>,30,22,[4 6],31,-1,53,-1,31
1,<environment.Job instance at 0x7eff356ed1e0>,31,16,[ 4 12],32,-1,48,-1,32
1,<environment.Job instance at 0x7eff356edaa0>,32,13,[ 1 12],33,-1,46,-1,33
1,<environment.Job instance at 0x7eff356edbe0>,33,26,[4 9],34,-1,60,-1,34
1,<environment.Job instance at 0x7eff356eda00>,34,17,[12  3],35,-1,52,-1,35
1,<environment.Job instance at 0x7eff356ed640>,35,12,[11  2],36,-1,48,-1,36
1,<environment.Job instance at 0x7eff356edfa0>,40,27,[ 4 10],41,-1,68,-1,41
1,<environment.Job instance at 0x7eff35754cd0>,41,27,[9 3],42,-1,69,-1,42
1,<environment.Job instance at 0x7eff35754230>,42,19,[ 1 11],43,-1,62,-1,43
1,<environment.Job instance at 0x7eff35754d20>,43,26,[5 3],44,-1,70,-1,44
1,<environment.Job instance at 0x7eff35754960>,44,27,[12  1],45,-1,72,-1,45
1,<environment.Job instance at 0x7eff357544b0>,45,19,[14  2],46,-1,65,-1,46
1,<environment.Job instance at 0x7eff35754e60>,46,13,[11  3],47,-1,60,-1,47
1,<environment.Job instance at 0x7eff35754640>,47,20,[14  5],48,-1,68,-1,48
1,<environment.Job instance at 0x7eff35754dc0>,48,24,[1 7],49,-1,73,-1,49
1,<environment.Job instance at 0x7eff35754910>,50,26,[12  5],51,-1,77,-1,51
1,<environment.Job instance at 0x7eff35754820>,51,12,[ 5 13],52,-1,64,-1,52
1,<environment.Job instance at 0x7eff35754730>,52,28,[13  2],53,-1,81,-1,53
1,<environment.Job instance at 0x7eff35754aa0>,53,14,[ 2 13],54,-1,68,-1,54
1,<environment.Job instance at 0x7eff357545f0>,54,28,[ 5 14],55,-1,83,-1,55
1,<environment.Job instance at 0x7eff35754b90>,56,22,[10  2],57,-1,84,-1,62
1,<environment.Job instance at 0x7eff35754410>,59,26,[ 5 12],60,-1,97,-1,71
1,<environment.Job instance at 0x7eff35754af0>,60,26,[10  2],61,-1,97,-1,71
1,<environment.Job instance at 0x7eff357540a0>,61,15,[11  1],62,-1,86,-1,71
1,<environment.Job instance at 0x7eff35754d70>,62,21,[13  4],63,-1,92,-1,71
1,<environment.Job instance at 0x7eff35754140>,63,20,[ 2 11],64,-1,91,-1,71
1,<environment.Job instance at 0x7eff3598f7d0>,65,22,[8 4],66,-1,93,-1,71
1,<environment.Job instance at 0x7eff3598ff50>,66,15,[11  1],67,-1,86,-1,71
1,<environment.Job instance at 0x7eff3598f370>,67,27,[ 1 11],68,-1,98,-1,71
1,<environment.Job instance at 0x7eff3598f280>,68,27,[ 1 10],69,-1,98,-1,71
1,<environment.Job instance at 0x7eff3598f500>,69,22,[3 5],70,-1,93,-1,71
1,<environment.Job instance at 0x7eff3598f2d0>,70,14,[ 4 11],71,-1,85,-1,71
1,<environment.Job instance at 0x7eff3598fa00>,71,13,[14  1],72,-1,85,-1,72
1,<environment.Job instance at 0x7eff36412a50>,73,16,[ 1 10],74,-1,93,-1,77
1,<environment.Job instance at 0x7eff364128c0>,74,12,[ 2 10],75,-1,89,-1,77
1,<environment.Job instance at 0x7eff36412730>,76,21,[3 7],77,-1,103,-1,82
1,<environment.Job instance at 0x7eff36412780>,77,26,[2 5],78,-1,108,-1,82
1,<environment.Job instance at 0x7eff364122d0>,78,28,[4 8],79,-1,110,-1,82
1,<environment.Job instance at 0x7eff36412870>,79,28,[1 5],80,-1,110,-1,82
1,<environment.Job instance at 0x7eff364123c0>,80,27,[9 5],81,-1,109,-1,82
1,<environment.Job instance at 0x7eff3f253a50>,8,26,[14  2],9,-1,35,-1,9
1,<environment.Job instance at 0x7eff3f2530a0>,9,27,[ 1 10],10,-1,37,-1,10
1,<environment.Job instance at 0x7eff3f253050>,10,13,[12  2],11,-1,24,-1,11
1,<environment.Job instance at 0x7eff3f253780>,12,26,[11  4],13,-1,48,-1,22
1,<environment.Job instance at 0x7eff3f2536e0>,13,15,[ 5 10],14,-1,37,-1,22
1,<environment.Job instance at 0x7eff3f253be0>,14,26,[14  4],15,-1,48,-1,22
1,<environment.Job instance at 0x7eff3f2533c0>,15,17,[ 3 10],16,-1,43,-1,26
1,<environment.Job instance at 0x7eff3f253230>,16,21,[9 1],17,-1,47,-1,26
1,<environment.Job instance at 0x7eff3f2532d0>,17,13,[ 2 12],18,-1,39,-1,26
1,<environment.Job instance at 0x7eff3f2535f0>,19,18,[ 1 13],20,-1,44,-1,26
1,<environment.Job instance at 0x7eff3f22c7d0>,20,12,[12  2],21,-1,38,-1,26
1,<environment.Job instance at 0x7eff3f22cfa0>,23,13,[ 4 14],24,-1,54,-1,41
1,<environment.Job instance at 0x7eff3f22c460>,24,15,[ 1 11],25,-1,56,-1,41
1,<environment.Job instance at 0x7eff3f22caf0>,25,12,[4 9],26,-1,56,-1,44
1,<environment.Job instance at 0x7eff3f22c3c0>,26,25,[13  5],27,-1,69,-1,44
1,<environment.Job instance at 0x7eff3f22ce60>,27,27,[5 7],28,-1,71,-1,44
1,<environment.Job instance at 0x7eff3f22c8c0>,29,28,[ 1 12],30,-1,76,-1,48
1,<environment.Job instance at 0x7eff3f2491e0>,31,24,[7 3],32,-1,80,-1,56
1,<environment.Job instance at 0x7eff3f2498c0>,32,20,[ 3 14],33,-1,76,-1,56
1,<environment.Job instance at 0x7eff3f249320>,34,12,[10  3],35,-1,73,-1,61
1,<environment.Job instance at 0x7eff3f2492d0>,36,12,[14  1],37,-1,85,-1,73
1,<environment.Job instance at 0x7eff3667f820>,38,28,[13  5],39,-1,110,-1,82
1,<environment.Job instance at 0x7eff3667fe10>,39,24,[11  2],40,-1,106,-1,82
1,<environment.Job instance at 0x7eff3f2212d0>,41,19,[ 4 12],42,-1,101,-1,82
1,<environment.Job instance at 0x7eff3f221370>,43,21,[9 2],44,-1,116,-1,95
1,<environment.Job instance at 0x7eff36cc4820>,44,25,[14  2],45,-1,120,-1,95
1,<environment.Job instance at 0x7eff3f2218c0>,45,17,[ 3 12],46,-1,112,-1,95
1,<environment.Job instance at 0x7eff36cc4f00>,46,16,[ 4 14],47,-1,111,-1,95
1,<environment.Job instance at 0x7eff369c44b0>,48,26,[ 5 14],49,-1,121,-1,95
1,<environment.Job instance at 0x7eff36c4dd20>,4,25,[10  3],5,-1,30,-1,5
1,<environment.Job instance at 0x7eff35a398c0>,5,28,[4 6],6,-1,34,-1,6
1,<environment.Job instance at 0x7eff36c4d0a0>,7,18,[11  5],8,-1,28,-1,10
1,<environment.Job instance at 0x7eff35a392d0>,11,28,[4 7],12,-1,41,-1,13
1,<environment.Job instance at 0x7eff35a39f00>,12,13,[ 3 10],13,-1,27,-1,14
1,<environment.Job instance at 0x7eff35a39a50>,13,24,[11  4],14,-1,38,-1,14
1,<environment.Job instance at 0x7eff35a39af0>,14,21,[13  3],15,-1,36,-1,15
1,<environment.Job instance at 0x7eff35a39870>,15,14,[12  3],16,-1,30,-1,16
1,<environment.Job instance at 0x7eff35a39f50>,17,24,[11  4],18,-1,42,-1,18
1,<environment.Job instance at 0x7eff35a39460>,20,16,[ 1 12],21,-1,55,-1,39
1,<environment.Job instance at 0x7eff35fd9aa0>,22,12,[ 2 12],23,-1,63,-1,51
1,<environment.Job instance at 0x7eff35fd9500>,25,16,[13  1],26,-1,79,-1,63
1,<environment.Job instance at 0x7eff35fd9690>,27,17,[ 3 14],28,-1,95,-1,78
1,<environment.Job instance at 0x7eff35fd9050>,28,16,[12  1],29,-1,94,-1,78
1,<environment.Job instance at 0x7eff35fd95f0>,29,23,[7 3],30,-1,101,-1,78
1,<environment.Job instance at 0x7eff35fd9f00>,30,17,[13  3],31,-1,95,-1,78
1,<environment.Job instance at 0x7eff35fd9410>,32,12,[ 5 11],33,-1,90,-1,78
1,<environment.Job instance at 0x7eff35fd9a50>,33,12,[ 4 14],34,-1,90,-1,78
1,<environment.Job instance at 0x7eff35fd90a0>,34,27,[13  3],35,-1,105,-1,78
1,<environment.Job instance at 0x7eff35fd9230>,36,16,[11  1],37,-1,105,-1,89
1,<environment.Job instance at 0x7eff35fd9e10>,38,13,[ 3 10],39,-1,112,-1,99
1,<environment.Job instance at 0x7eff35fd97d0>,39,20,[12  4],40,-1,119,-1,99
1,<environment.Job instance at 0x7eff35fd9640>,40,17,[12  3],41,-1,116,-1,99
1,<environment.Job instance at 0x7eff35fd9f50>,42,24,[9 3],43,-1,128,-1,104
1,<environment.Job instance at 0x7eff35fd9550>,43,16,[ 2 11],44,-1,120,-1,104
1,<environment.Job instance at 0x7eff36ad8730>,1,17,[ 2 13],2,-1,19,-1,2
1,<environment.Job instance at 0x7eff35aaf230>,3,26,[ 3 14],4,-1,30,-1,4
1,<environment.Job instance at 0x7eff358d65a0>,4,17,[ 3 11],5,-1,22,-1,5
1,<environment.Job instance at 0x7eff358d62d0>,5,26,[ 1 11],6,-1,32,-1,6
1,<environment.Job instance at 0x7eff358d63c0>,8,21,[ 5 12],9,-1,30,-1,9
1,<environment.Job instance at 0x7eff35fd9550>,11,28,[13  4],12,-1,40,-1,12
1,<environment.Job instance at 0x7eff358d6c30>,12,15,[ 4 13],13,-1,28,-1,13
1,<environment.Job instance at 0x7eff358d6cd0>,13,28,[11  2],14,-1,42,-1,14
1,<environment.Job instance at 0x7eff358d6d70>,14,12,[ 3 12],15,-1,27,-1,15
1,<environment.Job instance at 0x7eff358d6e10>,15,24,[7 1],16,-1,40,-1,16
1,<environment.Job instance at 0x7eff358d6f00>,17,24,[6 2],18,-1,42,-1,18
1,<environment.Job instance at 0x7eff358d6dc0>,19,23,[2 8],20,-1,49,-1,26
1,<environment.Job instance at 0x7eff35fc5730>,28,21,[ 2 11],29,-1,101,-1,80
1,<environment.Job instance at 0x7eff35fc54b0>,29,23,[9 2],30,-1,116,-1,93
1,<environment.Job instance at 0x7eff35fc5870>,30,17,[ 4 13],31,-1,110,-1,93
1,<environment.Job instance at 0x7eff35fc5550>,31,17,[ 1 14],32,-1,110,-1,93
1,<environment.Job instance at 0x7eff35fc59b0>,32,13,[13  1],33,-1,106,-1,93
1,<environment.Job instance at 0x7eff35fc5af0>,34,13,[11  2],35,-1,106,-1,93
1,<environment.Job instance at 0x7eff35fc5be0>,35,16,[13  4],36,-1,109,-1,93
1,<environment.Job instance at 0x7eff35fc5960>,36,25,[ 1 12],37,-1,118,-1,93
1,<environment.Job instance at 0x7eff35fc5b90>,37,19,[14  2],38,-1,112,-1,93
1,<environment.Job instance at 0x7eff35fc5cd0>,38,18,[11  2],39,-1,111,-1,93
1,<environment.Job instance at 0x7eff35fc5e60>,39,27,[ 2 11],40,-1,120,-1,93
1,<environment.Job instance at 0x7eff35fc5dc0>,40,21,[ 5 12],41,-1,114,-1,93
1,<environment.Job instance at 0x7eff35fc5f00>,41,27,[5 9],42,-1,120,-1,93
1,<environment.Job instance at 0x7eff35fc5f50>,42,24,[ 2 12],43,-1,117,-1,93
1,<environment.Job instance at 0x7eff35fc5fa0>,43,27,[ 2 11],44,-1,120,-1,93
1,<environment.Job instance at 0x7eff3555b0a0>,44,20,[12  2],45,-1,113,-1,93
1,<environment.Job instance at 0x7eff3555b050>,45,26,[6 1],46,-1,119,-1,93
1,<environment.Job instance at 0x7eff3555b230>,48,26,[1 6],49,-1,132,-1,106
1,<environment.Job instance at 0x7eff3555b320>,49,27,[12  5],50,-1,133,-1,106
1,<environment.Job instance at 0x7fb0fb268320>,2,22,[4 8],3,-1,25,-1,3
1,<environment.Job instance at 0x7fb0f1af0460>,3,26,[11  4],4,-1,30,-1,4
1,<environment.Job instance at 0x7fb0f1af0870>,7,25,[6 2],8,-1,33,-1,8
1,<environment.Job instance at 0x7fb0f1af0960>,8,22,[14  3],9,-1,31,-1,9
1,<environment.Job instance at 0x7fb0f1af09b0>,9,18,[ 2 13],10,-1,28,-1,10
1,<environment.Job instance at 0x7fb0f1af0a50>,10,18,[ 3 11],11,-1,29,-1,11
1,<environment.Job instance at 0x7fb0f1af0af0>,11,26,[4 8],12,-1,38,-1,12
1,<environment.Job instance at 0x7fb0f1af0b90>,12,26,[ 1 12],13,-1,39,-1,13
1,<environment.Job instance at 0x7fb0f1af0c30>,13,18,[ 4 14],14,-1,32,-1,14
1,<environment.Job instance at 0x7fb0f1af0d70>,15,18,[ 2 14],16,-1,34,-1,16
1,<environment.Job instance at 0x7fb0f1af0eb0>,16,16,[ 3 11],17,-1,33,-1,17
1,<environment.Job instance at 0x7fb0f1af0f50>,17,28,[ 5 10],18,-1,46,-1,18
1,<environment.Job instance at 0x7fb0f1af0fa0>,18,25,[ 4 13],19,-1,44,-1,19
1,<environment.Job instance at 0x7fb0f1af40a0>,19,14,[ 3 11],20,-1,34,-1,20
1,<environment.Job instance at 0x7fb0f1af4140>,20,27,[13  5],21,-1,48,-1,21
1,<environment.Job instance at 0x7fb0f1af41e0>,21,26,[ 5 12],22,-1,48,-1,22
1,<environment.Job instance at 0x7fb0f1af4280>,22,13,[13  1],23,-1,36,-1,23
1,<environment.Job instance at 0x7fb0f1af43c0>,24,13,[ 3 14],25,-1,38,-1,25
1,<environment.Job instance at 0x7fb0f1af4550>,25,23,[ 3 13],26,-1,49,-1,26
1,<environment.Job instance at 0x7fb0f1af4460>,26,26,[1 8],27,-1,53,-1,27
1,<environment.Job instance at 0x7fb0f1af45f0>,27,25,[5 7],28,-1,53,-1,28
1,<environment.Job instance at 0x7fb0f1af4690>,28,25,[ 4 11],29,-1,54,-1,29
1,<environment.Job instance at 0x7fb0f1af4730>,29,22,[ 5 13],30,-1,52,-1,30
1,<environment.Job instance at 0x7fb0f1af47d0>,30,27,[4 8],31,-1,58,-1,31
1,<environment.Job instance at 0x7fb0f1af4870>,31,20,[11  5],32,-1,52,-1,32
1,<environment.Job instance at 0x7fb0f1af4910>,32,27,[11  3],33,-1,60,-1,33
1,<environment.Job instance at 0x7fb0f1af4a50>,34,24,[1 8],35,-1,59,-1,35
1,<environment.Job instance at 0x7fb0f1af4af0>,36,13,[ 3 14],37,-1,50,-1,37
1,<environment.Job instance at 0x7fb0f1af4dc0>,37,28,[ 2 12],38,-1,66,-1,38
1,<environment.Job instance at 0x7fb0f1af0e60>,39,24,[5 6],40,-1,65,-1,41
1,<environment.Job instance at 0x7fb0f1af4fa0>,41,27,[14  1],42,-1,69,-1,42
1,<environment.Job instance at 0x7fb0f1af6140>,43,13,[13  1],44,-1,57,-1,44
1,<environment.Job instance at 0x7fb0f1af61e0>,44,24,[ 1 13],45,-1,69,-1,45
1,<environment.Job instance at 0x7fb0f1af6320>,46,17,[12  2],47,-1,64,-1,47
1,<environment.Job instance at 0x7fb0f1af6410>,49,16,[ 2 11],50,-1,77,-1,61
1,<environment.Job instance at 0x7fb0f1af6730>,50,16,[12  2],51,-1,77,-1,61
1,<environment.Job instance at 0x7fb0f1af66e0>,52,27,[8 5],53,-1,92,-1,65
1,<environment.Job instance at 0x7fb0f1af6870>,54,13,[13  1],55,-1,91,-1,78
1,<environment.Job instance at 0x7fb0f1af6910>,55,20,[ 3 13],56,-1,98,-1,78
1,<environment.Job instance at 0x7fb0f1af6a50>,57,27,[ 2 14],58,-1,105,-1,78
1,<environment.Job instance at 0x7fb0f1af6c30>,60,23,[ 1 11],61,-1,118,-1,95
1,<environment.Job instance at 0x7fb0f1af6d70>,61,21,[ 5 13],62,-1,116,-1,95
1,<environment.Job instance at 0x7fb0f1af6d20>,63,17,[ 4 12],64,-1,114,-1,97
1,<environment.Job instance at 0x7fb0f1af80a0>,2,22,[14  4],3,-1,25,-1,3
1,<environment.Job instance at 0x7fb0f21a5640>,4,19,[ 3 12],5,-1,24,-1,5
1,<environment.Job instance at 0x7fb0f1af6f50>,6,26,[13  4],7,-1,33,-1,7
1,<environment.Job instance at 0x7fb0f21a5aa0>,5,18,[13  4],6,-1,25,-1,7
1,<environment.Job instance at 0x7fb0f21a5b40>,11,25,[6 1],12,-1,40,-1,15
1,<environment.Job instance at 0x7fb0f21a55a0>,12,28,[6 2],13,-1,43,-1,15
1,<environment.Job instance at 0x7fb0f21a5eb0>,13,24,[6 4],14,-1,39,-1,15
1,<environment.Job instance at 0x7fb0f1fe8fa0>,16,26,[13  5],17,-1,58,-1,32
1,<environment.Job instance at 0x7fb0f1fe89b0>,17,28,[1 9],18,-1,60,-1,32
1,<environment.Job instance at 0x7fb0f1fe8e10>,18,13,[14  1],19,-1,45,-1,32
1,<environment.Job instance at 0x7fb0f1fe80a0>,19,28,[ 2 10],20,-1,60,-1,32
1,<environment.Job instance at 0x7fb0f1fe8a50>,21,25,[ 3 14],22,-1,57,-1,32
1,<environment.Job instance at 0x7fb0f1fe81e0>,22,13,[12  5],23,-1,45,-1,32
1,<environment.Job instance at 0x7fb0f15c4a50>,23,20,[ 4 10],24,-1,82,-1,62
1,<environment.Job instance at 0x7fb0f1fe8730>,25,27,[4 8],26,-1,89,-1,62
1,<environment.Job instance at 0x7fb0f11d9190>,26,27,[ 2 12],27,-1,89,-1,62
1,<environment.Job instance at 0x7fb0f143e320>,27,16,[ 1 14],28,-1,78,-1,62
1,<environment.Job instance at 0x7fb0f15c9870>,28,20,[ 3 14],29,-1,82,-1,62
1,<environment.Job instance at 0x7fb0f1577e10>,31,25,[ 1 11],32,-1,101,-1,76
1,<environment.Job instance at 0x7fb0f1612d20>,32,14,[14  4],33,-1,90,-1,76
1,<environment.Job instance at 0x7fb0f1551730>,33,27,[9 1],34,-1,103,-1,76
1,<environment.Job instance at 0x7fb0f15516e0>,34,23,[13  2],35,-1,99,-1,76
1,<environment.Job instance at 0x7fb0f127e3c0>,35,20,[12  4],36,-1,96,-1,76
1,<environment.Job instance at 0x7fb0f15b3460>,37,26,[4 9],38,-1,103,-1,77
1,<environment.Job instance at 0x7fb0f15b3640>,38,25,[13  3],39,-1,102,-1,77
1,<environment.Job instance at 0x7fb0f123e280>,40,26,[5 5],41,-1,105,-1,79
1,<environment.Job instance at 0x7fb0f11a4f00>,41,24,[4 7],42,-1,103,-1,79
1,<environment.Job instance at 0x7fb0f121cc30>,44,19,[ 3 12],45,-1,110,-1,91
1,<environment.Job instance at 0x7fb0f157b280>,45,15,[12  5],46,-1,106,-1,91
1,<environment.Job instance at 0x7fb0f15f94b0>,48,20,[ 3 12],49,-1,129,-1,109
1,<environment.Job instance at 0x7fb0f157b190>,49,16,[12  4],50,-1,125,-1,109
1,<environment.Job instance at 0x7fb0f15f9eb0>,50,16,[12  5],51,-1,125,-1,109
1,<environment.Job instance at 0x7fb0f15f9a50>,51,20,[ 1 12],52,-1,129,-1,109
1,<environment.Job instance at 0x7fb0f11dfb40>,52,13,[12  1],53,-1,122,-1,109
1,<environment.Job instance at 0x7fb0f15f9500>,53,12,[11  5],54,-1,121,-1,109
1,<environment.Job instance at 0x7fb0f15f5be0>,54,17,[ 3 12],55,-1,126,-1,109
1,<environment.Job instance at 0x7fb0f15f5a00>,55,16,[13  4],56,-1,125,-1,109
1,<environment.Job instance at 0x7fb0f15f50f0>,56,18,[ 1 12],57,-1,127,-1,109
1,<environment.Job instance at 0x7fb0f1167910>,1,24,[14  3],2,-1,26,-1,2
1,<environment.Job instance at 0x7fb0f1167be0>,2,23,[13  5],3,-1,26,-1,3
1,<environment.Job instance at 0x7fb0f1167730>,3,21,[12  3],4,-1,25,-1,4
1,<environment.Job instance at 0x7fb0f119b460>,5,28,[ 4 11],6,-1,34,-1,6
1,<environment.Job instance at 0x7fb0f119bcd0>,6,18,[ 4 12],7,-1,25,-1,7
1,<environment.Job instance at 0x7fb0f119b280>,7,22,[14  1],8,-1,30,-1,8
1,<environment.Job instance at 0x7fb0f119bdc0>,8,25,[7 3],9,-1,34,-1,9
1,<environment.Job instance at 0x7fb0f119beb0>,9,27,[ 4 13],10,-1,37,-1,10
1,<environment.Job instance at 0x7fb0f119be60>,10,26,[8 4],11,-1,37,-1,11
1,<environment.Job instance at 0x7fb0f1167b40>,13,16,[14  1],14,-1,30,-1,14
1,<environment.Job instance at 0x7fb0f119b2d0>,14,27,[ 1 10],15,-1,42,-1,15
1,<environment.Job instance at 0x7fb0f11a5820>,2,15,[ 4 12],3,-1,18,-1,3
1,<environment.Job instance at 0x7fb0f1af6e60>,3,21,[ 3 14],4,-1,25,-1,4
1,<environment.Job instance at 0x7fb0f1af6730>,6,28,[6 1],7,-1,36,-1,8
1,<environment.Job instance at 0x7fb0f1640a00>,11,20,[ 3 14],12,-1,34,-1,14
1,<environment.Job instance at 0x7fb0f1640050>,12,13,[ 3 14],13,-1,27,-1,14
1,<environment.Job instance at 0x7fb0f14907d0>,13,13,[11  5],14,-1,27,-1,14
1,<environment.Job instance at 0x7fb0f1a12140>,14,24,[8 4],15,-1,39,-1,15
1,<environment.Job instance at 0x7fb0f1490910>,16,20,[12  3],17,-1,37,-1,17
1,<environment.Job instance at 0x7fb0f1aa57d0>,17,25,[13  2],18,-1,43,-1,18
1,<environment.Job instance at 0x7fb0f16d03c0>,19,25,[1 6],20,-1,52,-1,27
1,<environment.Job instance at 0x7fb0f1ac9b90>,20,17,[12  4],21,-1,44,-1,27
1,<environment.Job instance at 0x7fb0f163dc30>,21,26,[1 9],22,-1,53,-1,27
1,<environment.Job instance at 0x7fb0f1196230>,22,27,[14  4],23,-1,54,-1,27
1,<environment.Job instance at 0x7fb0f1a93640>,23,18,[14  2],24,-1,45,-1,27
1,<environment.Job instance at 0x7fb0f162c5f0>,24,25,[13  3],25,-1,52,-1,27
1,<environment.Job instance at 0x7fb0f162c5a0>,26,23,[12  4],27,-1,51,-1,28
1,<environment.Job instance at 0x7fb0f127e7d0>,27,25,[9 2],28,-1,53,-1,28
1,<environment.Job instance at 0x7fb0f127e050>,28,20,[11  2],29,-1,50,-1,30
1,<environment.Job instance at 0x7fb0f1a93550>,29,16,[14  4],30,-1,46,-1,30
1,<environment.Job instance at 0x7fb0f127e9b0>,30,23,[7 4],31,-1,56,-1,33
1,<environment.Job instance at 0x7fb0f1606be0>,31,22,[5 9],32,-1,61,-1,39
1,<environment.Job instance at 0x7fb0faeb2910>,32,12,[7 2],33,-1,51,-1,39
1,<environment.Job instance at 0x7fb0f17795f0>,33,22,[ 1 12],34,-1,61,-1,39
1,<environment.Job instance at 0x7fb0f11613c0>,36,27,[ 2 14],37,-1,106,-1,79
1,<environment.Job instance at 0x7fb0f1184fa0>,34,20,[3 8],35,-1,111,-1,91
1,<environment.Job instance at 0x7fb0f121c5a0>,40,22,[ 5 12],41,-1,113,-1,91
1,<environment.Job instance at 0x7fb0f1712c30>,41,13,[4 9],42,-1,104,-1,91
1,<environment.Job instance at 0x7fb0f1712dc0>,42,15,[14  2],43,-1,106,-1,91
1,<environment.Job instance at 0x7fb0f20562d0>,43,15,[ 1 13],44,-1,106,-1,91
1,<environment.Job instance at 0x7fb0f2056050>,44,20,[12  2],45,-1,111,-1,91
1,<environment.Job instance at 0x7fb0f11df140>,45,14,[ 2 10],46,-1,105,-1,91
1,<environment.Job instance at 0x7fb0f11dfd20>,46,17,[14  5],47,-1,108,-1,91
1,<environment.Job instance at 0x7fb0f11df460>,47,24,[13  3],48,-1,115,-1,91
1,<environment.Job instance at 0x7fb0f11dfaa0>,48,22,[12  3],49,-1,113,-1,91
1,<environment.Job instance at 0x7fb0f11df5f0>,49,14,[ 5 10],50,-1,105,-1,91
1,<environment.Job instance at 0x7fb0f11a7d70>,51,23,[10  4],52,-1,130,-1,107
1,<environment.Job instance at 0x7fb0f11a7eb0>,52,13,[ 1 10],53,-1,120,-1,107
1,<environment.Job instance at 0x7fb0f11a70a0>,53,21,[8 1],54,-1,128,-1,107
1,<environment.Job instance at 0x7fb0f11a7050>,54,20,[14  2],55,-1,127,-1,107
1,<environment.Job instance at 0x7fb0f11a75f0>,56,17,[ 3 10],57,-1,124,-1,107
1,<environment.Job instance at 0x7fb0f11a7870>,58,19,[1 7],59,-1,126,-1,107
1,<environment.Job instance at 0x7fb0f11a7e10>,59,18,[14  4],60,-1,125,-1,107
1,<environment.Job instance at 0x7fb0f11b9be0>,60,22,[ 4 14],61,-1,129,-1,107
1,<environment.Job instance at 0x7fb0f11b9640>,61,20,[11  4],62,-1,127,-1,107
1,<environment.Job instance at 0x7fb0f154d780>,62,23,[14  4],63,-1,130,-1,107
1,<environment.Job instance at 0x7fb0f154de10>,63,19,[ 3 14],64,-1,126,-1,107
1,<environment.Job instance at 0x7fb0f154d050>,64,21,[14  2],65,-1,128,-1,107
1,<environment.Job instance at 0x7fb0f11b7500>,65,24,[14  2],66,-1,131,-1,107
1,<environment.Job instance at 0x7fb0f11b74b0>,66,21,[ 5 11],67,-1,128,-1,107
1,<environment.Job instance at 0x7fb0f11b7780>,67,20,[ 2 12],68,-1,127,-1,107
1,<environment.Job instance at 0x7fb0f1767410>,68,23,[ 4 11],69,-1,130,-1,107
1,<environment.Job instance at 0x7fb0f17673c0>,69,16,[ 3 14],70,-1,123,-1,107
1,<environment.Job instance at 0x7fb0f1751050>,70,23,[ 3 13],71,-1,130,-1,107
1,<environment.Job instance at 0x7fb0f1636280>,71,21,[14  4],72,-1,128,-1,107
1,<environment.Job instance at 0x7fb0f21e2640>,1,27,[1 8],2,-1,29,-1,2
1,<environment.Job instance at 0x7fb0f21e22d0>,3,24,[11  3],4,-1,28,-1,4
1,<environment.Job instance at 0x7fb0f21c2230>,4,18,[13  3],5,-1,24,-1,6
1,<environment.Job instance at 0x7fb0f21c13c0>,7,23,[13  3],8,-1,31,-1,8
1,<environment.Job instance at 0x7fb0f21d7410>,14,25,[12  2],15,-1,46,-1,21
1,<environment.Job instance at 0x7fb0f21d7370>,15,25,[14  1],16,-1,46,-1,21
1,<environment.Job instance at 0x7fb0f21d7500>,16,27,[5 5],17,-1,48,-1,21
1,<environment.Job instance at 0x7fb0f21d7b40>,18,23,[14  2],19,-1,59,-1,36
1,<environment.Job instance at 0x7fb0f21daeb0>,22,12,[12  4],23,-1,66,-1,54
1,<environment.Job instance at 0x7fb0f21da5f0>,23,21,[ 2 11],24,-1,75,-1,54
1,<environment.Job instance at 0x7fb0f21da320>,24,23,[14  3],25,-1,77,-1,54
1,<environment.Job instance at 0x7fb0f21dadc0>,25,25,[9 2],26,-1,79,-1,54
1,<environment.Job instance at 0x7fb0f21d24b0>,27,19,[11  1],28,-1,87,-1,68
1,<environment.Job instance at 0x7fb0f21d2af0>,30,23,[ 2 11],31,-1,91,-1,68
1,<environment.Job instance at 0x7fb0f21d2a00>,31,27,[1 8],32,-1,95,-1,68
1,<environment.Job instance at 0x7fb0f21d2870>,32,19,[ 5 14],33,-1,87,-1,68
1,<environment.Job instance at 0x7fb0f21d2730>,33,22,[10  2],34,-1,110,-1,88
1,<environment.Job instance at 0x7fb0f21d2e10>,34,27,[11  3],35,-1,115,-1,88
1,<environment.Job instance at 0x7fb0f21d2370>,35,26,[2 6],36,-1,114,-1,88
1,<environment.Job instance at 0x7fb0f10ac730>,38,25,[14  2],39,-1,113,-1,88
1,<environment.Job instance at 0x7fb0f10ac820>,39,22,[3 8],40,-1,113,-1,91
1,<environment.Job instance at 0x7fb0f10ac9b0>,42,26,[13  5],43,-1,131,-1,105
1,<environment.Job instance at 0x7fb0f10ac5f0>,43,24,[ 2 10],44,-1,129,-1,105
1,<environment.Job instance at 0x7fb0f1f2b730>,45,27,[10  2],46,-1,143,-1,116
1,<environment.Job instance at 0x7fb0f1512dc0>,3,18,[14  3],4,-1,22,-1,4
1,<environment.Job instance at 0x7fb0f15126e0>,4,23,[ 2 11],5,-1,28,-1,5
1,<environment.Job instance at 0x7fb0f15121e0>,5,18,[ 5 11],6,-1,24,-1,6
1,<environment.Job instance at 0x7fb0f1512780>,6,27,[11  5],7,-1,34,-1,7
1,<environment.Job instance at 0x7fb0f1512a00>,7,17,[12  5],8,-1,25,-1,8
1,<environment.Job instance at 0x7fb0f1512b40>,9,21,[11  1],10,-1,31,-1,10
1,<environment.Job instance at 0x7fb0f1512f00>,11,26,[5 4],12,-1,38,-1,12
1,<environment.Job instance at 0x7fb0f1f2b730>,13,26,[1 6],14,-1,41,-1,15
1,<environment.Job instance at 0x7fb0f181bbe0>,15,19,[11  4],16,-1,39,-1,20
1,<environment.Job instance at 0x7fb0f181b640>,18,12,[11  4],19,-1,39,-1,27
1,<environment.Job instance at 0x7fb0f181baf0>,20,14,[ 3 13],21,-1,42,-1,28
1,<environment.Job instance at 0x7fb0f181ba50>,22,28,[5 5],23,-1,70,-1,42
1,<environment.Job instance at 0x7fb0f181b5f0>,24,20,[13  1],25,-1,62,-1,42
1,<environment.Job instance at 0x7fb0f181bb40>,25,21,[ 3 12],26,-1,63,-1,42
1,<environment.Job instance at 0x7fb0f21da780>,26,25,[12  3],27,-1,67,-1,42
1,<environment.Job instance at 0x7fb0f21dae60>,28,20,[12  2],29,-1,82,-1,62
1,<environment.Job instance at 0x7fb0f21da8c0>,31,16,[14  3],32,-1,90,-1,74
1,<environment.Job instance at 0x7fb0f21da190>,32,20,[11  1],33,-1,94,-1,74
1,<environment.Job instance at 0x7fb0f21daf00>,34,27,[7 2],35,-1,103,-1,76
1,<environment.Job instance at 0x7fb0f21da910>,36,20,[ 4 13],37,-1,111,-1,91
1,<environment.Job instance at 0x7fb0f21dac80>,37,21,[12  5],38,-1,112,-1,91
1,<environment.Job instance at 0x7fb0f21da690>,39,25,[6 1],40,-1,129,-1,104
1,<environment.Job instance at 0x7fb0f14cc870>,40,24,[11  4],41,-1,128,-1,104
1,<environment.Job instance at 0x7fb0f14cc1e0>,42,27,[5 1],43,-1,131,-1,104
1,<environment.Job instance at 0x7fb0f14cc230>,44,17,[14  5],45,-1,121,-1,104
1,<environment.Job instance at 0x7fb0f14cce60>,45,25,[6 1],46,-1,129,-1,104
1,<environment.Job instance at 0x7fb0f14ccb90>,47,25,[8 3],48,-1,131,-1,106
1,<environment.Job instance at 0x7fb0f14cc910>,48,13,[13  1],49,-1,119,-1,106
1,<environment.Job instance at 0x7fb0f2528370>,3,12,[ 2 13],4,-1,16,-1,4
1,<environment.Job instance at 0x7fb0f1927320>,4,19,[ 4 11],5,-1,24,-1,5
1,<environment.Job instance at 0x7fb0f19278c0>,6,12,[11  1],7,-1,19,-1,7
1,<environment.Job instance at 0x7fb0facff8c0>,14,22,[9 4],15,-1,84,-1,62
1,<environment.Job instance at 0x7fb0f213d780>,18,22,[ 3 14],19,-1,84,-1,62
1,<environment.Job instance at 0x7fb0f213d2d0>,19,26,[2 7],20,-1,88,-1,62
1,<environment.Job instance at 0x7fb0f213d870>,20,23,[10  3],21,-1,85,-1,62
1,<environment.Job instance at 0x7fb0fac15a50>,21,16,[14  1],22,-1,78,-1,62
1,<environment.Job instance at 0x7fb0f213d5f0>,22,23,[13  2],23,-1,85,-1,62
1,<environment.Job instance at 0x7fb0fac15190>,23,25,[4 5],24,-1,87,-1,62
1,<environment.Job instance at 0x7fb0fac15c30>,24,21,[14  1],25,-1,83,-1,62
1,<environment.Job instance at 0x7fb0fac15960>,25,18,[11  1],26,-1,80,-1,62
1,<environment.Job instance at 0x7fb0fac158c0>,26,19,[ 3 12],27,-1,81,-1,62
1,<environment.Job instance at 0x7fb0f216f550>,28,18,[12  5],29,-1,89,-1,71
1,<environment.Job instance at 0x7fb0f216fe60>,29,27,[13  3],30,-1,98,-1,71
1,<environment.Job instance at 0x7fb0f216f870>,31,27,[4 6],32,-1,105,-1,78
1,<environment.Job instance at 0x7fb0f216f3c0>,32,14,[14  1],33,-1,92,-1,78
1,<environment.Job instance at 0x7fb0f216faf0>,33,16,[ 4 12],34,-1,94,-1,78
1,<environment.Job instance at 0x7fb0f215c690>,34,17,[14  4],35,-1,95,-1,78
1,<environment.Job instance at 0x7fb0f215c960>,35,13,[ 2 10],36,-1,91,-1,78
1,<environment.Job instance at 0x7fb0f215cf00>,36,17,[ 5 14],37,-1,95,-1,78
1,<environment.Job instance at 0x7fb0f215c410>,37,25,[11  4],38,-1,103,-1,78
1,<environment.Job instance at 0x7fb0f215cbe0>,39,22,[5 7],40,-1,115,-1,93
1,<environment.Job instance at 0x7fb0f2533730>,41,27,[ 1 11],42,-1,124,-1,97
1,<environment.Job instance at 0x7fb0f25337d0>,43,26,[11  2],44,-1,130,-1,104
1,<environment.Job instance at 0x7fb0f2533410>,46,24,[9 2],47,-1,142,-1,118
1,<environment.Job instance at 0x7fb0f25650a0>,47,27,[ 5 14],48,-1,145,-1,118
1,<environment.Job instance at 0x7fb0f25650a0>,2,25,[12  1],3,-1,28,-1,3
1,<environment.Job instance at 0x7fb0f1245cd0>,3,24,[5 8],4,-1,28,-1,4
1,<environment.Job instance at 0x7fb0f1245910>,4,13,[ 1 13],5,-1,18,-1,5
1,<environment.Job instance at 0x7fb0f14dc6e0>,6,22,[ 5 11],7,-1,29,-1,7
1,<environment.Job instance at 0x7fb0f14f99b0>,7,24,[ 5 13],8,-1,32,-1,8
1,<environment.Job instance at 0x7fb0f14f9eb0>,8,13,[ 1 14],9,-1,22,-1,9
1,<environment.Job instance at 0x7fb0f14f9780>,9,26,[12  4],10,-1,36,-1,10
1,<environment.Job instance at 0x7fb0f1224500>,11,21,[13  2],12,-1,33,-1,12
1,<environment.Job instance at 0x7fb0f124ce10>,12,23,[14  5],13,-1,36,-1,13
1,<environment.Job instance at 0x7fb0f124c0f0>,13,14,[14  2],14,-1,28,-1,14
1,<environment.Job instance at 0x7fb0f124c8c0>,16,28,[5 4],17,-1,45,-1,17
1,<environment.Job instance at 0x7fb0f12207d0>,21,17,[ 3 13],22,-1,40,-1,23
1,<environment.Job instance at 0x7fb0f1220870>,22,23,[13  3],23,-1,46,-1,23
1,<environment.Job instance at 0x7fb0f1220f00>,23,18,[ 2 12],24,-1,42,-1,24
1,<environment.Job instance at 0x7fb0f1220690>,24,28,[11  1],25,-1,53,-1,25
1,<environment.Job instance at 0x7fb0f12202d0>,26,12,[13  5],27,-1,46,-1,34
1,<environment.Job instance at 0x7fb0f1220960>,27,20,[ 5 14],28,-1,54,-1,34
1,<environment.Job instance at 0x7fb0f1220d20>,28,27,[ 2 14],29,-1,61,-1,34
1,<environment.Job instance at 0x7fb0f1220050>,29,13,[ 2 10],30,-1,47,-1,34
1,<environment.Job instance at 0x7fb0f1c4e140>,30,15,[ 4 11],31,-1,49,-1,34
1,<environment.Job instance at 0x7fb0f1c38d70>,31,15,[13  5],32,-1,49,-1,34
1,<environment.Job instance at 0x7fb0f1c388c0>,32,13,[14  4],33,-1,47,-1,34
1,<environment.Job instance at 0x7fb0f1c205f0>,33,16,[14  2],34,-1,50,-1,34
1,<environment.Job instance at 0x7fb0f1c20230>,34,25,[14  4],35,-1,60,-1,35
1,<environment.Job instance at 0x7fb0f18470a0>,35,19,[13  5],36,-1,55,-1,36
1,<environment.Job instance at 0x7fb0f1e0e2d0>,36,26,[10  2],37,-1,63,-1,37
1,<environment.Job instance at 0x7fb0f1c20410>,38,15,[1 9],39,-1,66,-1,51
1,<environment.Job instance at 0x7fb0f1ac1780>,39,26,[2 9],40,-1,77,-1,51
1,<environment.Job instance at 0x7fb0f1ab55a0>,40,23,[ 3 13],41,-1,74,-1,51
1,<environment.Job instance at 0x7fb0f1ab5cd0>,41,13,[12  5],42,-1,64,-1,51
1,<environment.Job instance at 0x7fb0f1a97280>,42,16,[ 4 10],43,-1,67,-1,51
1,<environment.Job instance at 0x7fb0f182e190>,45,26,[5 7],46,-1,86,-1,60
1,<environment.Job instance at 0x7fb0f122ea00>,46,28,[14  1],47,-1,88,-1,60
1,<environment.Job instance at 0x7fb0f122edc0>,47,16,[ 3 12],48,-1,76,-1,60
1,<environment.Job instance at 0x7fb0f122ecd0>,48,26,[12  1],49,-1,86,-1,60
1,<environment.Job instance at 0x7fb0f1c4a1e0>,49,22,[14  5],50,-1,82,-1,60
1,<environment.Job instance at 0x7fb0f1819230>,50,18,[12  5],51,-1,78,-1,60
1,<environment.Job instance at 0x7fb0f1abe870>,51,14,[13  4],52,-1,74,-1,60
1,<environment.Job instance at 0x7fb0f1819af0>,52,25,[ 1 13],53,-1,85,-1,60
1,<environment.Job instance at 0x7fb0f1abea00>,54,16,[11  5],55,-1,94,-1,78
1,<environment.Job instance at 0x7fb0f1838dc0>,55,25,[2 8],56,-1,103,-1,78
1,<environment.Job instance at 0x7fb0f1838be0>,56,15,[ 1 10],57,-1,93,-1,78
1,<environment.Job instance at 0x7fb0f1838eb0>,57,26,[2 7],58,-1,104,-1,78
1,<environment.Job instance at 0x7fb0f1838fa0>,59,23,[1 6],60,-1,103,-1,80
1,<environment.Job instance at 0x7fb0f1838c80>,60,26,[13  5],61,-1,106,-1,80
1,<environment.Job instance at 0x7fb0f1838140>,61,16,[ 1 13],62,-1,96,-1,80
1,<environment.Job instance at 0x7fb0f1835960>,62,25,[4 9],63,-1,105,-1,80
1,<environment.Job instance at 0x7fb0f18356e0>,64,14,[13  3],65,-1,99,-1,85
1,<environment.Job instance at 0x7fb0f1835910>,65,14,[13  2],66,-1,99,-1,85
1,<environment.Job instance at 0x7fb0f1835640>,66,12,[6 1],67,-1,97,-1,85
1,<environment.Job instance at 0x7fb0f1835c30>,67,28,[9 2],68,-1,113,-1,85
1,<environment.Job instance at 0x7fb0f1835a50>,68,28,[12  3],69,-1,113,-1,85
1,<environment.Job instance at 0x7fb0f1835cd0>,70,15,[10  1],71,-1,113,-1,98
1,<environment.Job instance at 0x7fb0f183d820>,74,12,[ 3 12],75,-1,126,-1,114
1,<environment.Job instance at 0x7fb0f183d8c0>,75,12,[11  4],76,-1,126,-1,114
1,<environment.Job instance at 0x7fb0f183d960>,76,20,[ 3 14],77,-1,134,-1,114
1,<environment.Job instance at 0x7fb0f183da00>,77,16,[12  1],78,-1,130,-1,114
1,<environment.Job instance at 0x7fb0f183db40>,78,21,[1 7],79,-1,138,-1,117
1,<environment.Job instance at 0x7fb0f183db40>,4,25,[ 5 10],5,-1,30,-1,5
1,<environment.Job instance at 0x7fb0f1abeeb0>,7,15,[ 3 14],8,-1,23,-1,8
1,<environment.Job instance at 0x7fb0f1abe410>,12,15,[ 4 14],13,-1,30,-1,15
1,<environment.Job instance at 0x7fb0f1e1a050>,13,12,[ 1 14],14,-1,27,-1,15
1,<environment.Job instance at 0x7fb0f1e1ab40>,14,20,[ 1 12],15,-1,35,-1,15
1,<environment.Job instance at 0x7fb0f1e1a140>,17,14,[ 4 12],18,-1,47,-1,33
1,<environment.Job instance at 0x7fb0f1e1a820>,19,25,[ 1 14],20,-1,58,-1,33
1,<environment.Job instance at 0x7fb0f1e1a500>,20,14,[11  5],21,-1,47,-1,33
1,<environment.Job instance at 0x7fb0f1e1aa50>,22,23,[ 4 13],23,-1,69,-1,46
1,<environment.Job instance at 0x7fb0f1e1a8c0>,23,19,[11  1],24,-1,65,-1,46
1,<environment.Job instance at 0x7fb0f1e1ae60>,24,26,[11  4],25,-1,72,-1,46
1,<environment.Job instance at 0x7fb0f1e1adc0>,27,13,[ 3 13],28,-1,80,-1,67
1,<environment.Job instance at 0x7fb0f1e1a960>,28,15,[14  4],29,-1,82,-1,67
1,<environment.Job instance at 0x7fb0f1741410>,29,18,[ 3 14],30,-1,85,-1,67
1,<environment.Job instance at 0x7fb0f17418c0>,30,28,[5 2],31,-1,95,-1,67
1,<environment.Job instance at 0x7fb0f1741d20>,31,21,[ 4 12],32,-1,88,-1,67
1,<environment.Job instance at 0x7fb0f150b190>,33,18,[11  5],34,-1,85,-1,67
1,<environment.Job instance at 0x7fb0f150baf0>,34,13,[1 6],35,-1,80,-1,67
1,<environment.Job instance at 0x7fb0f150b730>,35,21,[ 3 10],36,-1,88,-1,67
1,<environment.Job instance at 0x7fb0f150b7d0>,36,22,[2 6],37,-1,89,-1,67
1,<environment.Job instance at 0x7fb0f150baa0>,37,21,[11  3],38,-1,88,-1,67
1,<environment.Job instance at 0x7fb0f150bcd0>,39,23,[5 5],40,-1,105,-1,82
1,<environment.Job instance at 0x7fb0f150b460>,41,14,[11  3],42,-1,96,-1,82
1,<environment.Job instance at 0x7fb0f1a97780>,42,28,[2 7],43,-1,110,-1,82
1,<environment.Job instance at 0x7fb0f1a97b40>,43,27,[11  2],44,-1,109,-1,82
1,<environment.Job instance at 0x7fb0f1975e60>,4,27,[11  4],5,-1,32,-1,5
1,<environment.Job instance at 0x7fb0f1af7690>,10,22,[12  5],11,-1,40,-1,18
1,<environment.Job instance at 0x7fb0f1ae6190>,14,14,[ 1 11],15,-1,59,-1,45
1,<environment.Job instance at 0x7fb0f1ae62d0>,15,27,[10  2],16,-1,72,-1,45
1,<environment.Job instance at 0x7fb0f1ae64b0>,16,27,[13  1],17,-1,72,-1,45
1,<environment.Job instance at 0x7fb0f1ae6b90>,18,26,[12  3],19,-1,71,-1,45
1,<environment.Job instance at 0x7fb0f1ae6e60>,20,23,[13  4],21,-1,83,-1,60
1,<environment.Job instance at 0x7fb0f1ae6780>,21,25,[ 4 12],22,-1,85,-1,60
1,<environment.Job instance at 0x7fb0f1ad80a0>,22,26,[5 5],23,-1,86,-1,60
1,<environment.Job instance at 0x7fb0f1b06af0>,25,25,[ 2 10],26,-1,103,-1,78
1,<environment.Job instance at 0x7fb0f1b06730>,26,14,[11  3],27,-1,92,-1,78
1,<environment.Job instance at 0x7fb0f14ac370>,4,15,[ 1 12],5,-1,20,-1,5
1,<environment.Job instance at 0x7fb0f17113c0>,3,15,[14  2],4,-1,20,-1,5
1,<environment.Job instance at 0x7fb0f14ac0a0>,15,21,[11  3],16,-1,75,-1,54
1,<environment.Job instance at 0x7fb0f14acf00>,16,24,[1 8],17,-1,78,-1,54
1,<environment.Job instance at 0x7fb0f14acc80>,17,17,[ 1 10],18,-1,71,-1,54
1,<environment.Job instance at 0x7fb0f1535140>,19,12,[11  2],20,-1,78,-1,66
1,<environment.Job instance at 0x7fb0f1535460>,20,18,[ 3 11],21,-1,84,-1,66
1,<environment.Job instance at 0x7fb0f1535780>,21,15,[ 3 12],22,-1,81,-1,66
1,<environment.Job instance at 0x7fb0f1535c30>,23,24,[2 8],24,-1,94,-1,70
1,<environment.Job instance at 0x7fb0f1535960>,24,24,[5 7],25,-1,94,-1,70
1,<environment.Job instance at 0x7fb0f15350f0>,25,13,[14  2],26,-1,83,-1,70
1,<environment.Job instance at 0x7fb0f1535d20>,26,12,[ 5 14],27,-1,82,-1,70
1,<environment.Job instance at 0x7fb0f1535e60>,27,28,[11  4],28,-1,98,-1,70
1,<environment.Job instance at 0x7fb0f1535550>,28,23,[1 6],29,-1,94,-1,71
1,<environment.Job instance at 0x7fb0f1535640>,29,26,[1 8],30,-1,97,-1,71
1,<environment.Job instance at 0x7fb0f1535f50>,30,13,[1 9],31,-1,90,-1,77
1,<environment.Job instance at 0x7fb0f1e8b050>,1,16,[ 2 13],2,-1,18,-1,2
1,<environment.Job instance at 0x7fb0f15354b0>,4,18,[14  3],5,-1,23,-1,5
1,<environment.Job instance at 0x7fb0f1e67050>,6,24,[14  5],7,-1,31,-1,7
1,<environment.Job instance at 0x7fb0f1e67640>,7,25,[ 4 12],8,-1,33,-1,8
1,<environment.Job instance at 0x7fb0f1e67690>,8,15,[ 2 10],9,-1,25,-1,10
1,<environment.Job instance at 0x7fb0f1e674b0>,12,13,[11  3],13,-1,27,-1,14
1,<environment.Job instance at 0x7fb0f1e67eb0>,13,18,[13  2],14,-1,32,-1,14
1,<environment.Job instance at 0x7fb0f1e67910>,14,28,[7 1],15,-1,43,-1,15
1,<environment.Job instance at 0x7fb0f1e670f0>,15,23,[ 5 13],16,-1,39,-1,16
1,<environment.Job instance at 0x7fb0f1e67af0>,16,23,[2 7],17,-1,40,-1,17
1,<environment.Job instance at 0x7fb0f1e67190>,17,28,[ 1 10],18,-1,46,-1,18
1,<environment.Job instance at 0x7fb0f1e67b40>,18,25,[ 2 12],19,-1,44,-1,19
1,<environment.Job instance at 0x7fb0f1e67e60>,19,12,[ 4 14],20,-1,32,-1,20
1,<environment.Job instance at 0x7fb0f2045780>,20,28,[10  3],21,-1,49,-1,21
1,<environment.Job instance at 0x7fb0f2045140>,21,23,[11  2],22,-1,45,-1,22
1,<environment.Job instance at 0x7fb0f2045280>,23,22,[3 5],24,-1,46,-1,24
1,<environment.Job instance at 0x7fb0f20453c0>,24,27,[1 7],25,-1,52,-1,25
1,<environment.Job instance at 0x7fb0f2045b90>,25,16,[12  5],26,-1,42,-1,26
1,<environment.Job instance at 0x7fb0f2045eb0>,26,22,[ 3 12],27,-1,49,-1,27
1,<environment.Job instance at 0x7fb0f2045e60>,27,14,[12  4],28,-1,42,-1,28
1,<environment.Job instance at 0x7fb0f2045960>,28,28,[11  3],29,-1,57,-1,29
1,<environment.Job instance at 0x7fb0f2045500>,29,24,[ 5 12],30,-1,54,-1,30
1,<environment.Job instance at 0x7fb0f2045dc0>,30,27,[2 5],31,-1,58,-1,31
1,<environment.Job instance at 0x7fb0f2045fa0>,31,13,[ 3 13],32,-1,45,-1,32
1,<environment.Job instance at 0x7fb0f2045f00>,32,23,[14  4],33,-1,56,-1,33
1,<environment.Job instance at 0x7fb0f2045820>,33,17,[13  5],34,-1,51,-1,34
1,<environment.Job instance at 0x7fb0f20458c0>,34,22,[13  1],35,-1,57,-1,35
1,<environment.Job instance at 0x7fb0f2045af0>,35,24,[12  4],36,-1,60,-1,36
1,<environment.Job instance at 0x7fb0f183d410>,36,25,[6 3],37,-1,62,-1,37
1,<environment.Job instance at 0x7fb0f183d460>,37,27,[9 5],38,-1,65,-1,38
1,<environment.Job instance at 0x7fb0f0f51050>,38,18,[ 3 11],39,-1,57,-1,39
1,<environment.Job instance at 0x7fb0f0f51460>,39,14,[ 2 13],40,-1,54,-1,40
1,<environment.Job instance at 0x7fb0f0f51870>,41,23,[3 9],42,-1,65,-1,42
1,<environment.Job instance at 0x7fb0f0f517d0>,44,17,[ 4 14],45,-1,62,-1,45
1,<environment.Job instance at 0x7fb0f0f51780>,45,15,[ 2 14],46,-1,61,-1,46
1,<environment.Job instance at 0x7fb0f1e67f50>,47,13,[3 7],48,-1,69,-1,56
1,<environment.Job instance at 0x7fb0f0f51690>,48,20,[6 2],49,-1,76,-1,56
1,<environment.Job instance at 0x7fb0f0f510f0>,49,12,[10  2],50,-1,68,-1,56
1,<environment.Job instance at 0x7fb0f0f51a50>,50,23,[5 9],51,-1,79,-1,56
1,<environment.Job instance at 0x7fb0f0f515f0>,51,17,[ 2 14],52,-1,73,-1,56
1,<environment.Job instance at 0x7fb0f0f51eb0>,52,22,[11  4],53,-1,78,-1,56
1,<environment.Job instance at 0x7fb0f0f51140>,53,28,[11  2],54,-1,84,-1,56
1,<environment.Job instance at 0x7fb0f0f51c30>,54,28,[ 4 10],55,-1,84,-1,56
1,<environment.Job instance at 0x7fb0f0f51e60>,55,24,[6 2],56,-1,80,-1,56
1,<environment.Job instance at 0x7fb0f0f51d20>,57,26,[12  4],58,-1,84,-1,58
1,<environment.Job instance at 0x7fb0f0f51a00>,58,13,[12  3],59,-1,72,-1,59
1,<environment.Job instance at 0x7fb0f0f52050>,59,16,[ 5 11],60,-1,76,-1,60
1,<environment.Job instance at 0x7fb0f0f521e0>,60,18,[ 2 10],61,-1,79,-1,61
1,<environment.Job instance at 0x7fb0f0f52230>,61,20,[ 1 11],62,-1,82,-1,62
1,<environment.Job instance at 0x7fb0f0f52cd0>,62,13,[9 1],63,-1,76,-1,63
1,<environment.Job instance at 0x7fb0f0f52eb0>,63,20,[7 1],64,-1,84,-1,64
1,<environment.Job instance at 0x7fb0f0f52640>,64,19,[ 4 11],65,-1,84,-1,65
1,<environment.Job instance at 0x7fb0f0f52140>,66,19,[13  2],67,-1,86,-1,67
1,<environment.Job instance at 0x7fb0f0f528c0>,67,27,[5 9],68,-1,95,-1,68
1,<environment.Job instance at 0x7fb0f0f52410>,68,24,[ 3 14],69,-1,93,-1,69
1,<environment.Job instance at 0x7fb0f0f52dc0>,69,24,[3 7],70,-1,94,-1,70
1,<environment.Job instance at 0x7fb0f0f52550>,72,14,[ 5 11],73,-1,89,-1,75
1,<environment.Job instance at 0x7fb0f0f520f0>,75,17,[ 2 13],76,-1,108,-1,91
1,<environment.Job instance at 0x7fb0f0f52190>,76,16,[14  4],77,-1,107,-1,91
1,<environment.Job instance at 0x7fb0f0f52820>,77,18,[ 1 14],78,-1,109,-1,91
1,<environment.Job instance at 0x7fb0f0f52fa0>,78,16,[ 3 14],79,-1,107,-1,91
1,<environment.Job instance at 0x7fb0f12c4730>,81,16,[11  2],82,-1,122,-1,106
1,<environment.Job instance at 0x7fb0f1486690>,83,23,[14  2],84,-1,131,-1,108
1,<environment.Job instance at 0x7fb0f0db4960>,84,24,[5 9],85,-1,132,-1,108
1,<environment.Job instance at 0x7fb0f1ef1320>,85,12,[12  5],86,-1,120,-1,108
1,<environment.Job instance at 0x7fb0f1ef1050>,86,28,[ 2 11],87,-1,136,-1,108
1,<environment.Job instance at 0x7fb0f1ef1640>,87,26,[9 1],88,-1,134,-1,108
1,<environment.Job instance at 0x7fb0f258db40>,2,27,[7 2],3,-1,30,-1,3
1,<environment.Job instance at 0x7fb0f1ccd690>,3,12,[13  2],4,-1,16,-1,4
1,<environment.Job instance at 0x7fb0f1ccd910>,5,12,[ 2 14],6,-1,18,-1,6
1,<environment.Job instance at 0x7fb0f1ccdb90>,6,17,[ 1 12],7,-1,24,-1,7
1,<environment.Job instance at 0x7fb0f1ccde60>,7,22,[13  4],8,-1,30,-1,8
1,<environment.Job instance at 0x7fb0f1ccd6e0>,8,18,[ 5 12],9,-1,27,-1,9
1,<environment.Job instance at 0x7fb0f1ccdc80>,9,25,[12  1],10,-1,35,-1,10
1,<environment.Job instance at 0x7fb0f1ccdb40>,10,26,[12  2],11,-1,37,-1,11
1,<environment.Job instance at 0x7fb0f1ccdd70>,11,25,[4 8],12,-1,37,-1,12
1,<environment.Job instance at 0x7fb0f1ccd960>,13,12,[13  2],14,-1,26,-1,14
1,<environment.Job instance at 0x7fb0f1ccdfa0>,15,26,[2 8],16,-1,43,-1,17
1,<environment.Job instance at 0x7fb0f261d3c0>,18,14,[ 2 13],19,-1,33,-1,19
1,<environment.Job instance at 0x7fb0f261d820>,21,23,[8 4],22,-1,45,-1,22
1,<environment.Job instance at 0x7fb0f261dbe0>,22,27,[ 1 13],23,-1,50,-1,23
1,<environment.Job instance at 0x7fb0f261d280>,23,18,[11  3],24,-1,42,-1,24
1,<environment.Job instance at 0x7fb0f261dcd0>,25,13,[12  1],26,-1,39,-1,26
1,<environment.Job instance at 0x7fb0f261d9b0>,26,12,[12  5],27,-1,39,-1,27
1,<environment.Job instance at 0x7fb0f261dc80>,27,12,[ 3 12],28,-1,40,-1,28
1,<environment.Job instance at 0x7fb0f261d5a0>,29,23,[4 9],30,-1,58,-1,35
1,<environment.Job instance at 0x7fb0f261deb0>,31,27,[2 7],32,-1,63,-1,36
1,<environment.Job instance at 0x7fb0f1da1aa0>,35,23,[ 3 14],36,-1,89,-1,66
1,<environment.Job instance at 0x7fb0f1da1320>,37,15,[ 2 13],38,-1,81,-1,66
1,<environment.Job instance at 0x7fb0f1da1e10>,38,27,[11  5],39,-1,93,-1,66
1,<environment.Job instance at 0x7fb0f1da1cd0>,39,21,[ 5 13],40,-1,87,-1,66
1,<environment.Job instance at 0x7fb0f1da1af0>,40,14,[12  4],41,-1,80,-1,66
1,<environment.Job instance at 0x7fb0f1da1e60>,42,28,[14  3],43,-1,107,-1,79
1,<environment.Job instance at 0x7fb0f1da1640>,44,22,[ 5 12],45,-1,101,-1,79
1,<environment.Job instance at 0x7fb0f1da1550>,45,24,[ 1 14],46,-1,103,-1,79
1,<environment.Job instance at 0x7fb0f1da11e0>,46,25,[ 1 14],47,-1,104,-1,79
1,<environment.Job instance at 0x7fb0f1da1870>,47,12,[ 4 10],48,-1,98,-1,86
1,<environment.Job instance at 0x7fb0f1da1c30>,49,21,[14  3],50,-1,114,-1,93
1,<environment.Job instance at 0x7fb0f1da13c0>,50,17,[11  1],51,-1,110,-1,93
1,<environment.Job instance at 0x7fb0f1da1f00>,51,28,[6 4],52,-1,121,-1,93
1,<environment.Job instance at 0x7fb0f1da1050>,54,17,[ 2 12],55,-1,128,-1,111
1,<environment.Job instance at 0x7fb0f1aed5f0>,55,28,[5 9],56,-1,139,-1,111
1,<environment.Job instance at 0x7fb0f1aed870>,56,26,[11  4],57,-1,137,-1,111
1,<environment.Job instance at 0x7fb0f1aed730>,57,14,[ 2 13],58,-1,125,-1,111
1,<environment.Job instance at 0x7fb0f1aedb90>,58,25,[11  1],59,-1,136,-1,111
1,<environment.Job instance at 0x7fb0f1aed9b0>,60,25,[ 2 12],61,-1,141,-1,116
1,<environment.Job instance at 0x7fb0f1aed410>,61,14,[12  5],62,-1,130,-1,116
1,<environment.Job instance at 0x7fb0f1736af0>,2,25,[ 5 10],3,-1,28,-1,3
1,<environment.Job instance at 0x7fb0f1736140>,3,20,[12  3],4,-1,24,-1,4
1,<environment.Job instance at 0x7fb0f1736190>,4,20,[ 4 11],5,-1,25,-1,5
1,<environment.Job instance at 0x7fb0f2228050>,5,19,[ 2 13],6,-1,25,-1,6
1,<environment.Job instance at 0x7fb0f22288c0>,6,15,[14  2],7,-1,22,-1,7
1,<environment.Job instance at 0x7fb0f2228780>,7,12,[13  3],8,-1,20,-1,8
1,<environment.Job instance at 0x7fb0f2228640>,9,21,[11  1],10,-1,31,-1,10
1,<environment.Job instance at 0x7fb0f2228f00>,11,25,[10  4],12,-1,37,-1,12
1,<environment.Job instance at 0x7fb0f2228690>,17,20,[12  2],18,-1,41,-1,21
1,<environment.Job instance at 0x7fb0f2228af0>,19,28,[8 4],20,-1,55,-1,27
1,<environment.Job instance at 0x7fb0f2228280>,20,17,[ 3 13],21,-1,44,-1,27
1,<environment.Job instance at 0x7fb0f2228870>,22,18,[11  5],23,-1,66,-1,48
1,<environment.Job instance at 0x7fb0f2228460>,24,19,[12  3],25,-1,67,-1,48
1,<environment.Job instance at 0x7fb0f1896730>,25,27,[ 1 13],26,-1,75,-1,48
1,<environment.Job instance at 0x7fb0f1896e60>,26,18,[11  3],27,-1,66,-1,48
1,<environment.Job instance at 0x7fb0f1896c80>,28,21,[ 5 12],29,-1,83,-1,62
1,<environment.Job instance at 0x7fb0f18966e0>,31,19,[ 2 13],32,-1,93,-1,74
1,<environment.Job instance at 0x7fb0f1896050>,32,24,[ 4 12],33,-1,98,-1,74
1,<environment.Job instance at 0x7fb0f18964b0>,34,23,[ 4 11],35,-1,106,-1,83
1,<environment.Job instance at 0x7fb0f1896960>,35,15,[14  2],36,-1,98,-1,83
1,<environment.Job instance at 0x7fb0f18968c0>,40,28,[14  2],41,-1,145,-1,117
1,<environment.Job instance at 0x7fb0f0f9d640>,1,16,[ 2 14],2,-1,18,-1,2
1,<environment.Job instance at 0x7fb0f0f9d500>,2,12,[ 5 13],3,-1,15,-1,3
1,<environment.Job instance at 0x7fb0f0f9d370>,5,18,[12  1],6,-1,24,-1,6
1,<environment.Job instance at 0x7fb0f0f9d410>,6,27,[13  3],7,-1,34,-1,7
1,<environment.Job instance at 0x7fb0f1abe460>,2,19,[ 1 11],3,-1,22,-1,3
1,<environment.Job instance at 0x7fb0f21f3550>,3,26,[5 3],4,-1,30,-1,4
1,<environment.Job instance at 0x7fb0f21f39b0>,4,27,[12  1],5,-1,32,-1,5
1,<environment.Job instance at 0x7fb0f21f36e0>,6,13,[11  3],7,-1,20,-1,7
1,<environment.Job instance at 0x7fb0f21f3f50>,5,19,[14  2],6,-1,26,-1,7
1,<environment.Job instance at 0x7fb0f21f3a00>,7,20,[14  5],8,-1,28,-1,8
1,<environment.Job instance at 0x7fb0f21f38c0>,13,14,[ 2 13],14,-1,39,-1,25
1,<environment.Job instance at 0x7fb0f21f3e60>,14,28,[ 5 14],15,-1,53,-1,25
1,<environment.Job instance at 0x7fb0f21f3b40>,16,22,[10  2],17,-1,100,-1,78
1,<environment.Job instance at 0x7fb0f125b870>,20,26,[10  2],21,-1,104,-1,78
1,<environment.Job instance at 0x7fb0f125b910>,21,15,[11  1],22,-1,93,-1,78
1,<environment.Job instance at 0x7fb0f125b9b0>,22,21,[13  4],23,-1,99,-1,78
1,<environment.Job instance at 0x7fb0f125b820>,23,20,[ 2 11],24,-1,98,-1,78
1,<environment.Job instance at 0x7fb0f125a280>,1,13,[ 5 14],2,-1,15,-1,2
1,<environment.Job instance at 0x7fb0f125b8c0>,3,24,[12  2],4,-1,28,-1,4
1,<environment.Job instance at 0x7fb0f19d3690>,6,24,[8 1],7,-1,31,-1,7
1,<environment.Job instance at 0x7fb0f20ec550>,7,22,[ 2 11],8,-1,30,-1,8
1,<environment.Job instance at 0x7fb0f20ec370>,8,25,[8 3],9,-1,34,-1,9
1,<environment.Job instance at 0x7fb0f20ecf00>,13,24,[8 5],14,-1,44,-1,20
1,<environment.Job instance at 0x7fb0f20ec410>,14,17,[7 1],15,-1,85,-1,68
1,<environment.Job instance at 0x7fb0f20ec9b0>,18,20,[14  5],19,-1,88,-1,68
1,<environment.Job instance at 0x7fb0f20ec230>,20,17,[13  3],21,-1,86,-1,69
1,<environment.Job instance at 0x7fb0f20ecb90>,21,20,[ 4 11],22,-1,89,-1,69
1,<environment.Job instance at 0x7fb0f0fc75a0>,23,20,[14  2],24,-1,93,-1,73
1,<environment.Job instance at 0x7fb0f0fc76e0>,24,25,[8 5],25,-1,98,-1,73
1,<environment.Job instance at 0x7fb0f0fc7d20>,25,25,[11  3],26,-1,98,-1,73
1,<environment.Job instance at 0x7fb0f0fc7fa0>,26,27,[13  5],27,-1,100,-1,73
1,<environment.Job instance at 0x7fb0f0fc7730>,27,22,[10  4],28,-1,109,-1,87
1,<environment.Job instance at 0x7fb0f0fc77d0>,30,26,[14  5],31,-1,113,-1,87
1,<environment.Job instance at 0x7fb0f0eebc80>,31,12,[4 5],32,-1,99,-1,87
1,<environment.Job instance at 0x7fb0f0fc7320>,32,15,[11  5],33,-1,102,-1,87
1,<environment.Job instance at 0x7fb0f0fc7370>,33,23,[ 3 11],34,-1,110,-1,87
1,<environment.Job instance at 0x7fb0f1cdd280>,34,28,[4 9],35,-1,115,-1,87
1,<environment.Job instance at 0x7fb0f1cddaa0>,35,25,[11  1],36,-1,112,-1,87
1,<environment.Job instance at 0x7fb0f1cdd5f0>,36,20,[ 1 13],37,-1,107,-1,87
1,<environment.Job instance at 0x7fb0f1cdd050>,37,18,[ 3 13],38,-1,105,-1,87
1,<environment.Job instance at 0x7fb0f1cdd3c0>,38,14,[1 7],39,-1,101,-1,87
1,<environment.Job instance at 0x7fb0f0e8aeb0>,3,16,[14  2],4,-1,20,-1,4
1,<environment.Job instance at 0x7fb0f0e8a3c0>,4,15,[11  1],5,-1,20,-1,5
1,<environment.Job instance at 0x7fb0f0e8a370>,5,12,[ 1 14],6,-1,18,-1,6
1,<environment.Job instance at 0x7fb0f0e8a8c0>,10,23,[14  5],11,-1,34,-1,11
1,<environment.Job instance at 0x7fb0f0e8af50>,13,14,[ 2 12],14,-1,28,-1,14
1,<environment.Job instance at 0x7fb0f0e8ad70>,14,14,[13  4],15,-1,29,-1,15
1,<environment.Job instance at 0x7fb0f259e0a0>,15,14,[12  4],16,-1,30,-1,16
1,<environment.Job instance at 0x7fb0f259e0f0>,16,25,[1 6],17,-1,42,-1,17
1,<environment.Job instance at 0x7fb0f259ecd0>,17,25,[ 4 10],18,-1,43,-1,18
1,<environment.Job instance at 0x7fb0f259e140>,18,22,[14  5],19,-1,41,-1,19
1,<environment.Job instance at 0x7fb0f259ee10>,19,26,[3 7],20,-1,46,-1,20
1,<environment.Job instance at 0x7fb0f259efa0>,20,14,[11  3],21,-1,35,-1,21
1,<environment.Job instance at 0x7fb0f259ed70>,21,28,[13  2],22,-1,50,-1,22
1,<environment.Job instance at 0x7fb0f0e8ad20>,23,18,[12  3],24,-1,42,-1,24
1,<environment.Job instance at 0x7fb0f259edc0>,24,19,[ 2 12],25,-1,44,-1,25
1,<environment.Job instance at 0x7fb0f259e9b0>,25,13,[11  2],26,-1,39,-1,26
1,<environment.Job instance at 0x7fb0f259e910>,27,17,[ 5 14],28,-1,45,-1,28
1,<environment.Job instance at 0x7fb0f259e370>,28,25,[ 1 11],29,-1,54,-1,29
1,<environment.Job instance at 0x7fb0f259e960>,29,23,[3 7],30,-1,53,-1,30
1,<environment.Job instance at 0x7fb0f0e77230>,30,15,[ 5 13],31,-1,46,-1,31
1,<environment.Job instance at 0x7fb0f259ebe0>,32,23,[8 4],33,-1,63,-1,40
1,<environment.Job instance at 0x7fb0f0e77dc0>,33,12,[12  1],34,-1,52,-1,40
1,<environment.Job instance at 0x7fb0f0e770a0>,35,15,[12  1],36,-1,64,-1,49
1,<environment.Job instance at 0x7fb0f0e772d0>,36,14,[13  4],37,-1,63,-1,49
1,<environment.Job instance at 0x7fb0f0e7d0a0>,38,21,[12  5],39,-1,80,-1,59
1,<environment.Job instance at 0x7fb0f0e7d3c0>,39,17,[ 2 14],40,-1,76,-1,59
1,<environment.Job instance at 0x7fb0f0e7de60>,40,27,[ 4 12],41,-1,86,-1,59
1,<environment.Job instance at 0x7fb0f0e7d550>,41,16,[11  1],42,-1,75,-1,59
1,<environment.Job instance at 0x7fb0f0e7d5a0>,42,27,[5 6],43,-1,86,-1,59
1,<environment.Job instance at 0x7fb0f0e7d370>,43,25,[13  1],44,-1,84,-1,59
1,<environment.Job instance at 0x7fb0f0e7d1e0>,44,23,[ 1 10],45,-1,82,-1,59
1,<environment.Job instance at 0x7fb0f0e7d280>,45,19,[12  1],46,-1,78,-1,59
1,<environment.Job instance at 0x7fb0f0e7dfa0>,46,22,[ 2 12],47,-1,81,-1,59
1,<environment.Job instance at 0x7fb0f0e65960>,48,20,[12  3],49,-1,84,-1,64
1,<environment.Job instance at 0x7fb0f0e651e0>,49,17,[14  4],50,-1,81,-1,64
1,<environment.Job instance at 0x7fb0f0e65410>,50,17,[12  2],51,-1,81,-1,64
1,<environment.Job instance at 0x7fb0f0e65190>,51,17,[ 2 13],52,-1,81,-1,64
1,<environment.Job instance at 0x7fb0f0e65af0>,53,26,[ 3 14],54,-1,100,-1,74
1,<environment.Job instance at 0x7fb0f15093c0>,54,17,[ 3 11],55,-1,91,-1,74
1,<environment.Job instance at 0x7fb0f1509fa0>,55,26,[ 1 11],56,-1,100,-1,74
1,<environment.Job instance at 0x7fb0f1edb370>,57,18,[11  2],58,-1,105,-1,87
1,<environment.Job instance at 0x7fb0f1edb2d0>,58,21,[ 5 12],59,-1,108,-1,87
1,<environment.Job instance at 0x7fb0f0ea69b0>,61,28,[13  4],62,-1,115,-1,87
1,<environment.Job instance at 0x7fb0f0ea66e0>,62,15,[ 4 13],63,-1,102,-1,87
1,<environment.Job instance at 0x7fb0f0ea6fa0>,63,28,[11  2],64,-1,115,-1,87
1,<environment.Job instance at 0x7fb0f0ea6960>,64,12,[ 3 12],65,-1,99,-1,87
1,<environment.Job instance at 0x7fb0f0ea67d0>,65,24,[7 1],66,-1,111,-1,87
1,<environment.Job instance at 0x7fb0f22af1e0>,67,24,[6 2],68,-1,116,-1,92
1,<environment.Job instance at 0x7fb0f22af460>,68,23,[7 4],69,-1,115,-1,92
1,<environment.Job instance at 0x7fb0f22afd70>,69,23,[2 8],70,-1,115,-1,92
1,<environment.Job instance at 0x7fb0f22af4b0>,70,15,[ 4 12],71,-1,107,-1,92
1,<environment.Job instance at 0x7fb0f22af410>,71,25,[11  3],72,-1,117,-1,92
1,<environment.Job instance at 0x7fb0f23cb500>,72,28,[5 3],73,-1,120,-1,92
1,<environment.Job instance at 0x7fb0f0e99690>,73,22,[5 5],74,-1,114,-1,92
1,<environment.Job instance at 0x7fb0f23304b0>,74,24,[10  4],75,-1,116,-1,92
1,<environment.Job instance at 0x7fb0f1435af0>,75,12,[ 3 13],76,-1,104,-1,92
1,<environment.Job instance at 0x7fb0f26cbc80>,76,27,[ 4 12],77,-1,119,-1,92
1,<environment.Job instance at 0x7fb0f0ec1f00>,78,21,[ 2 11],79,-1,116,-1,95
1,<environment.Job instance at 0x7fb0f2602730>,79,23,[9 2],80,-1,118,-1,95
1,<environment.Job instance at 0x7fb0f25a8780>,80,17,[ 4 13],81,-1,112,-1,95
1,<environment.Job instance at 0x7fb0f25a8dc0>,81,17,[ 1 14],82,-1,112,-1,95
1,<environment.Job instance at 0x7fb0f25a8e10>,82,13,[13  1],83,-1,108,-1,95
1,<environment.Job instance at 0x7fb0f24b27d0>,84,13,[11  2],85,-1,116,-1,103
1,<environment.Job instance at 0x7fb0f12e1f50>,85,16,[13  4],86,-1,119,-1,103
1,<environment.Job instance at 0x7fb0f12e10f0>,86,25,[ 1 12],87,-1,128,-1,103
1,<environment.Job instance at 0x7fb0f16df690>,87,19,[14  2],88,-1,122,-1,103
1,<environment.Job instance at 0x7fb0f2104fa0>,88,18,[11  2],89,-1,121,-1,103
1,<environment.Job instance at 0x7fb0f2104780>,89,27,[ 2 11],90,-1,130,-1,103
1,<environment.Job instance at 0x7fb0f120d320>,90,21,[ 5 12],91,-1,124,-1,103
1,<environment.Job instance at 0x7fb0f1239640>,91,27,[5 9],92,-1,130,-1,103
1,<environment.Job instance at 0x7fb0f22718c0>,92,24,[ 2 12],93,-1,127,-1,103
1,<environment.Job instance at 0x7fb0f22715f0>,93,27,[ 2 11],94,-1,130,-1,103
1,<environment.Job instance at 0x7fb0f2271c30>,94,20,[12  2],95,-1,123,-1,103
1,<environment.Job instance at 0x7fb0f22717d0>,95,26,[6 1],96,-1,129,-1,103
1,<environment.Job instance at 0x7fb0f1434370>,4,19,[10  1],5,-1,46,-1,27
1,<environment.Job instance at 0x7fb0f1434af0>,10,17,[ 2 14],11,-1,49,-1,32
1,<environment.Job instance at 0x7fb0f1434500>,11,22,[8 4],12,-1,54,-1,32
1,<environment.Job instance at 0x7fb0f16f8a50>,13,15,[ 3 10],14,-1,56,-1,41
1,<environment.Job instance at 0x7fb0f16f8fa0>,14,15,[ 2 12],15,-1,56,-1,41
1,<environment.Job instance at 0x7fb0f1231780>,15,25,[ 3 10],16,-1,66,-1,41
1,<environment.Job instance at 0x7fb0f12318c0>,17,21,[13  1],18,-1,71,-1,50
1,<environment.Job instance at 0x7fb0f1426140>,18,19,[12  2],19,-1,69,-1,50
1,<environment.Job instance at 0x7fb0f25e8730>,20,25,[12  1],21,-1,81,-1,56
1,<environment.Job instance at 0x7fb0f25e8190>,21,19,[ 1 11],22,-1,75,-1,56
1,<environment.Job instance at 0x7fb0f25e8d70>,23,12,[ 4 11],24,-1,68,-1,56
1,<environment.Job instance at 0x7fb0f250c780>,24,15,[14  4],25,-1,71,-1,56
1,<environment.Job instance at 0x7fb0f250c910>,25,26,[ 1 11],26,-1,82,-1,56
1,<environment.Job instance at 0x7fb0f2188730>,27,24,[11  5],28,-1,95,-1,71
1,<environment.Job instance at 0x7fb0f25fed70>,29,27,[9 2],30,-1,98,-1,71
1,<environment.Job instance at 0x7fb0f2497230>,30,14,[ 3 11],31,-1,85,-1,71
1,<environment.Job instance at 0x7fb0f24768c0>,31,17,[13  5],32,-1,88,-1,71
1,<environment.Job instance at 0x7fb0f1964b90>,32,19,[14  2],33,-1,90,-1,71
1,<environment.Job instance at 0x7fb0f25fe410>,33,14,[11  1],34,-1,85,-1,71
1,<environment.Job instance at 0x7fb0f2498f50>,34,24,[5 6],35,-1,95,-1,71
1,<environment.Job instance at 0x7fb0f2498eb0>,35,23,[3 6],36,-1,94,-1,71
1,<environment.Job instance at 0x7fb0f2498320>,36,14,[12  3],37,-1,85,-1,71
1,<environment.Job instance at 0x7fb0f195ed20>,37,13,[ 3 13],38,-1,84,-1,71
1,<environment.Job instance at 0x7fb0f198c910>,38,12,[14  1],39,-1,83,-1,71
1,<environment.Job instance at 0x7fb0f198cd20>,39,23,[5 8],40,-1,94,-1,71
1,<environment.Job instance at 0x7fb0f195e960>,40,12,[14  5],41,-1,83,-1,71
1,<environment.Job instance at 0x7fb0f1f78690>,41,17,[ 5 12],42,-1,88,-1,71
1,<environment.Job instance at 0x7fb0f195e140>,42,26,[9 4],43,-1,97,-1,71
1,<environment.Job instance at 0x7fb0f1f784b0>,43,18,[ 3 11],44,-1,89,-1,71
1,<environment.Job instance at 0x7fb0f16f5690>,45,13,[5 4],46,-1,88,-1,75
1,<environment.Job instance at 0x7fb0f1989dc0>,46,12,[ 2 14],47,-1,87,-1,75
1,<environment.Job instance at 0x7fb0f16f56e0>,47,15,[8 2],48,-1,90,-1,75
1,<environment.Job instance at 0x7fb0f1c586e0>,48,13,[10  2],49,-1,88,-1,75
1,<environment.Job instance at 0x7fb0f1c58d70>,49,12,[13  4],50,-1,87,-1,75
1,<environment.Job instance at 0x7fb0f1c58190>,50,22,[5 5],51,-1,97,-1,75
1,<environment.Job instance at 0x7fb0f1c580f0>,52,26,[12  4],53,-1,112,-1,86
1,<environment.Job instance at 0x7fb0f1c58780>,53,19,[1 7],54,-1,105,-1,86
1,<environment.Job instance at 0x7fb0f1c58aa0>,54,13,[ 4 12],55,-1,99,-1,86
1,<environment.Job instance at 0x7fb0f1c587d0>,55,23,[ 3 12],56,-1,109,-1,86
1,<environment.Job instance at 0x7fb0f12fca50>,58,18,[12  1],59,-1,118,-1,100
1,<environment.Job instance at 0x7fb0f12fce10>,59,12,[7 3],60,-1,112,-1,100
1,<environment.Job instance at 0x7fb0f12fc460>,60,15,[ 3 11],61,-1,115,-1,100
1,<environment.Job instance at 0x7fb0f1435140>,61,25,[9 4],62,-1,125,-1,100
1,<environment.Job instance at 0x7fb0f1f826e0>,62,23,[ 5 13],63,-1,123,-1,100
1,<environment.Job instance at 0x7fb0f12fc4b0>,63,26,[2 5],64,-1,126,-1,100
1,<environment.Job instance at 0x7fb0f24a5230>,64,12,[1 6],65,-1,112,-1,100
1,<environment.Job instance at 0x7fb0f24a5690>,65,27,[ 3 13],66,-1,127,-1,100
1,<environment.Job instance at 0x7fb0f1978460>,66,26,[ 4 14],67,-1,126,-1,100
1,<environment.Job instance at 0x7fb0f19782d0>,67,20,[14  2],68,-1,120,-1,100
1,<environment.Job instance at 0x7fb0f1978a50>,68,24,[6 4],69,-1,124,-1,100
1,<environment.Job instance at 0x7fb0f1978500>,69,26,[ 4 11],70,-1,126,-1,100
1,<environment.Job instance at 0x7fb0f195c730>,70,25,[ 3 13],71,-1,125,-1,100
1,<environment.Job instance at 0x7fb0f195c640>,71,24,[3 9],72,-1,124,-1,100
1,<environment.Job instance at 0x7fb0f198c2d0>,3,22,[ 5 12],4,-1,26,-1,4
1,<environment.Job instance at 0x7fb0f13d65f0>,4,21,[11  2],5,-1,26,-1,5
1,<environment.Job instance at 0x7fb0f13d68c0>,7,22,[13  2],8,-1,30,-1,8
1,<environment.Job instance at 0x7fb0f13d69b0>,8,27,[10  4],9,-1,36,-1,9
1,<environment.Job instance at 0x7fb0f13d6a50>,9,13,[ 5 11],10,-1,23,-1,10
1,<environment.Job instance at 0x7fb0f13d6b40>,11,28,[11  5],12,-1,40,-1,12
1,<environment.Job instance at 0x7fb0f13d6c80>,12,18,[ 1 13],13,-1,31,-1,13
1,<environment.Job instance at 0x7fb0f13d6eb0>,15,25,[13  1],16,-1,42,-1,17
1,<environment.Job instance at 0x7fb0f13d6f50>,16,17,[ 5 14],17,-1,34,-1,17
1,<environment.Job instance at 0x7fb0f13d6d70>,17,16,[11  1],18,-1,34,-1,18
1,<environment.Job instance at 0x7fb0f13ef190>,18,17,[14  2],19,-1,36,-1,19
1,<environment.Job instance at 0x7fb0f13ef0f0>,19,28,[11  5],20,-1,48,-1,20
1,<environment.Job instance at 0x7fb0f13ef1e0>,20,20,[ 3 12],21,-1,41,-1,21
1,<environment.Job instance at 0x7fb0f13ef280>,21,25,[13  4],22,-1,47,-1,22
1,<environment.Job instance at 0x7fb0f13ef320>,22,14,[11  5],23,-1,37,-1,23
1,<environment.Job instance at 0x7fb0f13ef5a0>,25,24,[ 2 12],26,-1,90,-1,66
1,<environment.Job instance at 0x7f14b35394b0>,3,26,[11  4],4,-1,30,-1,4
1,<environment.Job instance at 0x7f14b35395f0>,5,24,[1 5],6,-1,32,-1,8
1,<environment.Job instance at 0x7f14b3539820>,8,22,[14  3],9,-1,31,-1,9
1,<environment.Job instance at 0x7f14b35399b0>,9,18,[ 2 13],10,-1,28,-1,10
1,<environment.Job instance at 0x7f14b3539a50>,10,18,[ 3 11],11,-1,29,-1,11
1,<environment.Job instance at 0x7f14b3539af0>,11,26,[4 8],12,-1,38,-1,12
1,<environment.Job instance at 0x7f14b3539b90>,12,26,[ 1 12],13,-1,39,-1,13
1,<environment.Job instance at 0x7f14b3539c30>,13,18,[ 4 14],14,-1,32,-1,14
1,<environment.Job instance at 0x7f14b3539e10>,16,16,[ 3 11],17,-1,33,-1,17
1,<environment.Job instance at 0x7f14b3539f00>,17,28,[ 5 10],18,-1,46,-1,18
1,<environment.Job instance at 0x7f14b3539e60>,18,25,[ 4 13],19,-1,44,-1,19
1,<environment.Job instance at 0x7f14b353d0a0>,19,14,[ 3 11],20,-1,34,-1,20
1,<environment.Job instance at 0x7f14b353d140>,20,27,[13  5],21,-1,48,-1,21
1,<environment.Job instance at 0x7f14b353d1e0>,21,26,[ 5 12],22,-1,48,-1,22
1,<environment.Job instance at 0x7f14b353d280>,22,13,[13  1],23,-1,36,-1,23
1,<environment.Job instance at 0x7f14b353d3c0>,24,13,[ 3 14],25,-1,38,-1,25
1,<environment.Job instance at 0x7f14b353d550>,25,23,[ 3 13],26,-1,49,-1,26
1,<environment.Job instance at 0x7f14b353d410>,26,26,[1 8],27,-1,53,-1,27
1,<environment.Job instance at 0x7f14b353d5f0>,27,25,[5 7],28,-1,53,-1,28
1,<environment.Job instance at 0x7f14b353d690>,28,25,[ 4 11],29,-1,54,-1,29
1,<environment.Job instance at 0x7f14b353d730>,29,22,[ 5 13],30,-1,52,-1,30
1,<environment.Job instance at 0x7f14b353d7d0>,30,27,[4 8],31,-1,58,-1,31
1,<environment.Job instance at 0x7f14b353d870>,31,20,[11  5],32,-1,52,-1,32
1,<environment.Job instance at 0x7f14b353d910>,32,27,[11  3],33,-1,60,-1,33
1,<environment.Job instance at 0x7f14b353da50>,34,24,[1 8],35,-1,59,-1,35
1,<environment.Job instance at 0x7f14b3539eb0>,36,13,[ 3 14],37,-1,52,-1,39
1,<environment.Job instance at 0x7f14b353dd70>,37,28,[ 2 12],38,-1,67,-1,39
1,<environment.Job instance at 0x7f14b353ddc0>,38,20,[ 1 10],39,-1,59,-1,39
1,<environment.Job instance at 0x7f14b353dc80>,39,24,[5 6],40,-1,64,-1,40
1,<environment.Job instance at 0x7f14b353df00>,40,15,[10  3],41,-1,60,-1,45
1,<environment.Job instance at 0x7f14b353dcd0>,41,27,[14  1],42,-1,72,-1,45
1,<environment.Job instance at 0x7f14b353de60>,42,20,[9 4],43,-1,70,-1,50
1,<environment.Job instance at 0x7f14b353f230>,44,24,[ 1 13],45,-1,74,-1,50
1,<environment.Job instance at 0x7f14b353f2d0>,45,13,[6 5],46,-1,63,-1,50
1,<environment.Job instance at 0x7f14b353f370>,46,17,[12  2],47,-1,67,-1,50
1,<environment.Job instance at 0x7f14b353f410>,47,20,[6 5],48,-1,71,-1,51
1,<environment.Job instance at 0x7f14b353f550>,48,15,[14  1],49,-1,66,-1,51
1,<environment.Job instance at 0x7f14b353f5a0>,49,16,[ 2 11],50,-1,67,-1,51
1,<environment.Job instance at 0x7f14b353f4b0>,50,16,[12  2],51,-1,67,-1,51
1,<environment.Job instance at 0x7f14b353f050>,51,20,[5 3],52,-1,72,-1,52
1,<environment.Job instance at 0x7f14b353f6e0>,52,27,[8 5],53,-1,80,-1,53
1,<environment.Job instance at 0x7f14b353f870>,54,13,[13  1],55,-1,69,-1,56
1,<environment.Job instance at 0x7f14b353f910>,55,20,[ 3 13],56,-1,76,-1,56
1,<environment.Job instance at 0x7f14b353f820>,56,12,[3 6],57,-1,69,-1,57
1,<environment.Job instance at 0x7f14b353faa0>,57,27,[ 2 14],58,-1,85,-1,58
1,<environment.Job instance at 0x7f14b353faf0>,58,14,[2 7],59,-1,73,-1,59
1,<environment.Job instance at 0x7f14b353fb90>,59,17,[1 6],60,-1,77,-1,60
1,<environment.Job instance at 0x7f14b353fc30>,60,23,[ 1 11],61,-1,84,-1,61
1,<environment.Job instance at 0x7f14b353fcd0>,61,21,[ 5 13],62,-1,83,-1,62
1,<environment.Job instance at 0x7f14b353fd70>,62,18,[5 3],63,-1,81,-1,63
1,<environment.Job instance at 0x7f14b353fe10>,63,17,[ 4 12],64,-1,81,-1,64
1,<environment.Job instance at 0x7f14b353feb0>,64,19,[3 8],65,-1,85,-1,66
1,<environment.Job instance at 0x7f14b353ffa0>,65,20,[2 6],66,-1,86,-1,66
1,<environment.Job instance at 0x7f14b353ff50>,66,21,[7 4],67,-1,88,-1,67
1,<environment.Job instance at 0x7f14b35420f0>,67,27,[ 1 10],68,-1,95,-1,68
1,<environment.Job instance at 0x7f14b3542190>,68,20,[ 3 12],69,-1,89,-1,69
1,<environment.Job instance at 0x7f14b3542230>,69,13,[ 3 12],70,-1,83,-1,70
1,<environment.Job instance at 0x7f14b35422d0>,70,21,[12  2],71,-1,92,-1,71
1,<environment.Job instance at 0x7f14b3542370>,71,28,[5 1],72,-1,100,-1,72
1,<environment.Job instance at 0x7f14b3542410>,72,24,[9 2],73,-1,97,-1,73
1,<environment.Job instance at 0x7f14b35424b0>,73,25,[3 8],74,-1,99,-1,74
1,<environment.Job instance at 0x7f14b3542550>,74,27,[1 6],75,-1,102,-1,75
1,<environment.Job instance at 0x7f14b35425f0>,75,14,[ 4 11],76,-1,90,-1,76
1,<environment.Job instance at 0x7f14b3542690>,76,19,[4 8],77,-1,96,-1,77
1,<environment.Job instance at 0x7f14b35427d0>,78,12,[10  2],79,-1,91,-1,79
1,<environment.Job instance at 0x7f14b3542050>,79,13,[9 4],80,-1,93,-1,80
1,<environment.Job instance at 0x7f14b3542870>,80,14,[2 6],81,-1,95,-1,81
1,<environment.Job instance at 0x7f14b3542a50>,81,15,[5 9],82,-1,97,-1,82
1,<environment.Job instance at 0x7f14b3542af0>,82,16,[ 4 10],83,-1,99,-1,83
1,<environment.Job instance at 0x7f14b3542b90>,83,20,[13  1],84,-1,104,-1,84
1,<environment.Job instance at 0x7f14b3542c30>,84,18,[ 3 14],85,-1,103,-1,85
1,<environment.Job instance at 0x7f14b3542cd0>,85,25,[ 5 14],86,-1,111,-1,86
1,<environment.Job instance at 0x7f14b3542d70>,86,26,[12  1],87,-1,113,-1,87
1,<environment.Job instance at 0x7f14b3542e10>,87,28,[ 3 10],88,-1,116,-1,88
1,<environment.Job instance at 0x7f14b3542eb0>,88,21,[ 1 11],89,-1,110,-1,89
1,<environment.Job instance at 0x7f14b3542f50>,89,16,[7 1],90,-1,106,-1,90
1,<environment.Job instance at 0x7f14b3546050>,90,14,[ 2 13],91,-1,105,-1,91
1,<environment.Job instance at 0x7f14b35460f0>,91,20,[8 2],92,-1,112,-1,92
1,<environment.Job instance at 0x7f14b3546190>,92,21,[10  1],93,-1,114,-1,93
1,<environment.Job instance at 0x7f14b3546230>,93,16,[ 2 11],94,-1,110,-1,94
1,<environment.Job instance at 0x7f14b35462d0>,94,25,[4 5],95,-1,120,-1,95
1,<environment.Job instance at 0x7f14b3546410>,96,28,[ 1 13],97,-1,125,-1,97
1,<environment.Job instance at 0x7f14b3546550>,97,26,[ 1 11],98,-1,124,-1,98
1,<environment.Job instance at 0x7f14b3546690>,99,26,[6 5],100,-1,126,-1,100
1,<environment.Job instance at 0x7f14b3546870>,100,18,[2 7],101,-1,119,-1,101
1,<environment.Job instance at 0x7f14b3546730>,101,18,[ 1 10],102,-1,120,-1,102
1,<environment.Job instance at 0x7f14b3546910>,102,16,[ 3 13],103,-1,119,-1,103
1,<environment.Job instance at 0x7f14b35469b0>,103,23,[ 5 13],104,-1,127,-1,104
1,<environment.Job instance at 0x7f14b3546a50>,104,12,[4 6],105,-1,117,-1,105
1,<environment.Job instance at 0x7f14b3546af0>,105,12,[14  5],106,-1,118,-1,106
1,<environment.Job instance at 0x7f14b3546b90>,106,26,[11  4],107,-1,133,-1,107
1,<environment.Job instance at 0x7f14b3546c30>,107,19,[ 3 12],108,-1,127,-1,108
1,<environment.Job instance at 0x7f14b3546cd0>,108,21,[ 1 10],109,-1,130,-1,109
1,<environment.Job instance at 0x7f14b3546d70>,109,14,[10  4],110,-1,124,-1,110
1,<environment.Job instance at 0x7f14b3546e10>,110,21,[6 5],111,-1,132,-1,111
1,<environment.Job instance at 0x7f14b3546eb0>,111,26,[ 5 12],112,-1,138,-1,112
1,<environment.Job instance at 0x7f14b3546f50>,112,27,[12  2],113,-1,140,-1,113
1,<environment.Job instance at 0x7f14b3548050>,113,15,[12  1],114,-1,129,-1,114
1,<environment.Job instance at 0x7f14b35480f0>,114,14,[ 2 11],115,-1,129,-1,115
1,<environment.Job instance at 0x7f14b3548230>,116,21,[ 1 12],117,-1,138,-1,117
1,<environment.Job instance at 0x7f14b3548370>,117,19,[11  2],118,-1,137,-1,118
1,<environment.Job instance at 0x7f14b3548320>,118,14,[ 3 14],119,-1,133,-1,119
1,<environment.Job instance at 0x7f14b35484b0>,119,17,[ 3 10],120,-1,137,-1,120
1,<environment.Job instance at 0x7f14b3548550>,120,19,[13  1],121,-1,140,-1,121
1,<environment.Job instance at 0x7f14b35485f0>,121,13,[7 4],122,-1,135,-1,122
1,<environment.Job instance at 0x7f14b3548690>,122,22,[14  4],123,-1,145,-1,123
1,<environment.Job instance at 0x7f14b3548730>,123,14,[11  5],124,-1,138,-1,124
1,<environment.Job instance at 0x7f14b35487d0>,124,19,[ 3 12],125,-1,144,-1,125
1,<environment.Job instance at 0x7f14b3548870>,125,18,[13  4],126,-1,144,-1,126
1,<environment.Job instance at 0x7f14b3548910>,126,26,[13  4],127,-1,153,-1,127
1,<environment.Job instance at 0x7f14b35489b0>,127,16,[8 1],128,-1,144,-1,128
1,<environment.Job instance at 0x7f14b3548a50>,128,15,[8 3],129,-1,144,-1,129
1,<environment.Job instance at 0x7f14b3548a50>,2,28,[6 2],3,-1,31,-1,3
1,<environment.Job instance at 0x7f14b39a06e0>,3,24,[6 4],4,-1,28,-1,4
1,<environment.Job instance at 0x7f14b3a653c0>,5,25,[ 3 12],6,-1,31,-1,6
1,<environment.Job instance at 0x7f14b36a0fa0>,6,26,[13  5],7,-1,33,-1,7
1,<environment.Job instance at 0x7f14b36a0640>,7,28,[1 9],8,-1,36,-1,8
1,<environment.Job instance at 0x7f14b39a0e60>,9,28,[ 2 10],10,-1,38,-1,10
1,<environment.Job instance at 0x7f14b36a02d0>,11,25,[ 3 14],12,-1,37,-1,12
1,<environment.Job instance at 0x7f14b36a0370>,8,13,[14  1],9,-1,25,-1,12
1,<environment.Job instance at 0x7f14b36a0cd0>,12,13,[12  5],13,-1,26,-1,13
1,<environment.Job instance at 0x7f14b30e6500>,15,27,[4 8],16,-1,43,-1,16
1,<environment.Job instance at 0x7f14b36a0190>,16,27,[ 2 12],17,-1,44,-1,17
1,<environment.Job instance at 0x7f14b2e83870>,17,16,[ 1 14],18,-1,34,-1,18
1,<environment.Job instance at 0x7f14b3015be0>,18,20,[ 3 14],19,-1,39,-1,19
1,<environment.Job instance at 0x7f14b30112d0>,23,27,[9 1],24,-1,60,-1,33
1,<environment.Job instance at 0x7f14b2c5eeb0>,24,23,[13  2],25,-1,56,-1,33
1,<environment.Job instance at 0x7f14b2d4f8c0>,25,20,[12  4],26,-1,53,-1,33
1,<environment.Job instance at 0x7f14b2f44050>,27,26,[4 9],28,-1,59,-1,33
1,<environment.Job instance at 0x7f14b2ba2a50>,28,25,[13  3],29,-1,58,-1,33
1,<environment.Job instance at 0x7f14b2b96050>,30,26,[5 5],31,-1,67,-1,41
1,<environment.Job instance at 0x7f14b2c02050>,31,24,[4 7],32,-1,72,-1,48
1,<environment.Job instance at 0x7f14b2f477d0>,34,19,[ 3 12],35,-1,73,-1,54
1,<environment.Job instance at 0x7f14b2fd6f00>,35,15,[12  5],36,-1,69,-1,54
1,<environment.Job instance at 0x7f14b2fd6e10>,38,20,[ 3 12],39,-1,96,-1,76
1,<environment.Job instance at 0x7f14b3033dc0>,39,16,[12  4],40,-1,92,-1,76
1,<environment.Job instance at 0x7f14b3033d70>,40,16,[12  5],41,-1,92,-1,76
1,<environment.Job instance at 0x7f14b3033e10>,41,20,[ 1 12],42,-1,96,-1,76
1,<environment.Job instance at 0x7f14b304e550>,42,13,[12  1],43,-1,89,-1,76
1,<environment.Job instance at 0x7f14b304ee10>,44,17,[ 3 12],45,-1,94,-1,77
1,<environment.Job instance at 0x7f14b304ef50>,45,16,[13  4],46,-1,93,-1,77
1,<environment.Job instance at 0x7f14b304ec80>,46,18,[ 1 12],47,-1,95,-1,77
1,<environment.Job instance at 0x7f14b2fe3cd0>,48,15,[ 2 14],49,-1,92,-1,77
1,<environment.Job instance at 0x7f14b3037690>,52,20,[13  3],53,-1,127,-1,107
1,<environment.Job instance at 0x7f14b30375f0>,53,21,[ 4 12],54,-1,128,-1,107
1,<environment.Job instance at 0x7f14b3037a50>,55,27,[5 9],56,-1,137,-1,110
1,<environment.Job instance at 0x7f14b30375a0>,56,27,[2 9],57,-1,141,-1,114
1,<environment.Job instance at 0x7f14b2c05aa0>,3,15,[ 2 13],4,-1,19,-1,4
1,<environment.Job instance at 0x7f14b2bed190>,4,13,[ 5 14],5,-1,18,-1,5
1,<environment.Job instance at 0x7f14b2bed0a0>,7,21,[ 4 14],8,-1,29,-1,8
1,<environment.Job instance at 0x7f14b2bed640>,9,15,[14  4],10,-1,25,-1,10
1,<environment.Job instance at 0x7f14b2bed4b0>,13,26,[ 1 11],14,-1,52,-1,26
1,<environment.Job instance at 0x7f14b2bed780>,14,14,[ 3 13],15,-1,40,-1,26
1,<environment.Job instance at 0x7f14b2c8a280>,17,27,[10  3],18,-1,69,-1,42
1,<environment.Job instance at 0x7f14b2c8a5f0>,18,16,[12  5],19,-1,58,-1,42
1,<environment.Job instance at 0x7f14b2c8afa0>,19,14,[14  5],20,-1,56,-1,42
1,<environment.Job instance at 0x7f14b2c8af50>,20,13,[ 5 13],21,-1,55,-1,42
1,<environment.Job instance at 0x7f14b2c8aa50>,22,26,[13  2],23,-1,74,-1,48
1,<environment.Job instance at 0x7f14b2c8a230>,23,22,[9 5],24,-1,78,-1,56
1,<environment.Job instance at 0x7f14b2c8a460>,25,14,[ 1 12],26,-1,70,-1,56
1,<environment.Job instance at 0x7f14b2c8a370>,26,13,[2 5],27,-1,69,-1,56
1,<environment.Job instance at 0x7f14b2c8a910>,27,23,[6 4],28,-1,79,-1,56
1,<environment.Job instance at 0x7f14b2c8a050>,28,26,[ 3 11],29,-1,82,-1,56
1,<environment.Job instance at 0x7f14b2c8a6e0>,30,17,[5 1],31,-1,73,-1,56
1,<environment.Job instance at 0x7f14b2c8a3c0>,31,25,[3 9],32,-1,81,-1,56
1,<environment.Job instance at 0x7f14b2c8a5a0>,32,13,[14  3],33,-1,69,-1,56
1,<environment.Job instance at 0x7f14b2c8ae60>,34,23,[13  3],35,-1,80,-1,57
1,<environment.Job instance at 0x7f14b2c8a870>,35,14,[ 1 10],36,-1,71,-1,57
1,<environment.Job instance at 0x7f14b2c8a190>,36,23,[ 2 13],37,-1,80,-1,57
1,<environment.Job instance at 0x7f14b2c8ab90>,37,16,[11  4],38,-1,73,-1,57
1,<environment.Job instance at 0x7f14b2bec410>,38,15,[8 2],39,-1,72,-1,57
1,<environment.Job instance at 0x7f14b2c8a0f0>,39,25,[4 5],40,-1,82,-1,57
1,<environment.Job instance at 0x7f14b2bec1e0>,40,25,[6 3],41,-1,82,-1,57
1,<environment.Job instance at 0x7f14b2becf50>,41,20,[11  1],42,-1,77,-1,57
1,<environment.Job instance at 0x7f14b2bec910>,43,13,[12  4],44,-1,83,-1,70
1,<environment.Job instance at 0x7f14b2bec0a0>,44,24,[5 5],45,-1,94,-1,70
1,<environment.Job instance at 0x7f14b2bec5f0>,45,13,[ 1 13],46,-1,83,-1,70
1,<environment.Job instance at 0x7f14b2becbe0>,46,26,[ 1 13],47,-1,96,-1,70
1,<environment.Job instance at 0x7f14b2bec8c0>,47,22,[3 9],48,-1,92,-1,70
1,<environment.Job instance at 0x7f14b2be8140>,48,16,[11  1],49,-1,86,-1,70
1,<environment.Job instance at 0x7f14b33b0960>,49,14,[14  2],50,-1,84,-1,70
1,<environment.Job instance at 0x7f14b3a330a0>,50,22,[5 9],51,-1,92,-1,70
1,<environment.Job instance at 0x7f14b3a330f0>,51,15,[ 2 11],52,-1,85,-1,70
1,<environment.Job instance at 0x7f14b3719c30>,52,16,[11  1],53,-1,86,-1,70
1,<environment.Job instance at 0x7f14b37196e0>,53,25,[2 8],54,-1,95,-1,70
1,<environment.Job instance at 0x7f14b3719230>,54,18,[12  5],55,-1,88,-1,70
1,<environment.Job instance at 0x7f14b3719fa0>,55,20,[ 5 13],56,-1,90,-1,70
1,<environment.Job instance at 0x7f14b3385d20>,56,24,[2 7],57,-1,94,-1,70
1,<environment.Job instance at 0x7f14b33bb280>,57,16,[11  2],58,-1,86,-1,70
1,<environment.Job instance at 0x7f14b3a79e10>,58,22,[ 2 12],59,-1,92,-1,70
1,<environment.Job instance at 0x7f14b3a79f00>,59,20,[12  3],60,-1,90,-1,70
1,<environment.Job instance at 0x7f14b3381b40>,60,19,[12  5],61,-1,89,-1,70
1,<environment.Job instance at 0x7f14b39fa1e0>,62,18,[12  1],63,-1,90,-1,72
1,<environment.Job instance at 0x7f14b39faf50>,63,13,[4 8],64,-1,86,-1,73
1,<environment.Job instance at 0x7f14b39fa550>,64,20,[6 1],65,-1,93,-1,73
1,<environment.Job instance at 0x7f14b39fad70>,65,25,[8 5],66,-1,98,-1,73
1,<environment.Job instance at 0x7f14b39fa9b0>,66,17,[ 1 12],67,-1,90,-1,73
1,<environment.Job instance at 0x7f14b39fa410>,67,21,[5 9],68,-1,94,-1,73
1,<environment.Job instance at 0x7f14b40fadc0>,68,18,[ 2 14],69,-1,91,-1,73
1,<environment.Job instance at 0x7f14b39fa870>,69,24,[11  1],70,-1,97,-1,73
1,<environment.Job instance at 0x7f14b3195e60>,70,25,[7 1],71,-1,98,-1,73
1,<environment.Job instance at 0x7f14b3a5a8c0>,71,24,[12  5],72,-1,97,-1,73
1,<environment.Job instance at 0x7f14b3af3780>,72,23,[10  2],73,-1,96,-1,73
1,<environment.Job instance at 0x7f14b2e84be0>,73,15,[ 1 11],74,-1,89,-1,74
1,<environment.Job instance at 0x7f14b336afa0>,74,16,[ 5 12],75,-1,91,-1,75
1,<environment.Job instance at 0x7f14b336a6e0>,75,27,[ 4 14],76,-1,103,-1,76
1,<environment.Job instance at 0x7f14b336a780>,76,23,[ 2 11],77,-1,100,-1,77
1,<environment.Job instance at 0x7f14b336a0a0>,77,13,[ 4 12],78,-1,91,-1,78
1,<environment.Job instance at 0x7f14b3373870>,78,15,[13  1],79,-1,94,-1,79
1,<environment.Job instance at 0x7f14b2c7daa0>,79,17,[13  3],80,-1,97,-1,80
1,<environment.Job instance at 0x7f14b3796410>,80,13,[1 6],81,-1,95,-1,82
1,<environment.Job instance at 0x7f14b3aeaeb0>,81,22,[ 3 13],82,-1,104,-1,82
1,<environment.Job instance at 0x7f14b30da140>,82,20,[8 1],83,-1,103,-1,83
1,<environment.Job instance at 0x7f14b312f640>,83,19,[13  4],84,-1,103,-1,84
1,<environment.Job instance at 0x7f14b312fa00>,84,16,[ 2 12],85,-1,101,-1,85
1,<environment.Job instance at 0x7f14b312faa0>,85,12,[ 4 14],86,-1,98,-1,86
1,<environment.Job instance at 0x7f14b3113460>,91,28,[ 1 13],92,-1,151,-1,123
1,<environment.Job instance at 0x7f14b4025dc0>,1,22,[5 9],2,-1,24,-1,2
1,<environment.Job instance at 0x7f14b3073d70>,3,22,[ 1 12],4,-1,26,-1,4
1,<environment.Job instance at 0x7f14b2f40a00>,5,26,[ 3 12],6,-1,32,-1,6
1,<environment.Job instance at 0x7f14b3005550>,6,27,[ 2 14],7,-1,34,-1,7
1,<environment.Job instance at 0x7f14b30052d0>,7,24,[13  5],8,-1,32,-1,8
1,<environment.Job instance at 0x7f14b3073d20>,9,21,[13  4],10,-1,31,-1,10
1,<environment.Job instance at 0x7f14b397e460>,10,22,[ 5 12],11,-1,33,-1,11
1,<environment.Job instance at 0x7f14b35482d0>,14,20,[12  2],15,-1,35,-1,15
1,<environment.Job instance at 0x7f14b3548f00>,16,17,[14  5],17,-1,40,-1,23
1,<environment.Job instance at 0x7f14b2ffbfa0>,17,24,[13  3],18,-1,47,-1,23
1,<environment.Job instance at 0x7f14b2ffb960>,18,22,[12  3],19,-1,45,-1,23
1,<environment.Job instance at 0x7f14b31b2c80>,19,14,[ 5 10],20,-1,44,-1,30
1,<environment.Job instance at 0x7f14b2ffbaf0>,21,23,[10  4],22,-1,62,-1,39
1,<environment.Job instance at 0x7f14b30580a0>,22,13,[ 1 10],23,-1,52,-1,39
1,<environment.Job instance at 0x7f14b3063190>,24,20,[14  2],25,-1,59,-1,39
1,<environment.Job instance at 0x7f14b302c140>,26,17,[ 3 10],27,-1,63,-1,46
1,<environment.Job instance at 0x7f14b2bc34b0>,29,18,[14  4],30,-1,76,-1,58
1,<environment.Job instance at 0x7f14b31c0190>,30,22,[ 4 14],31,-1,80,-1,58
1,<environment.Job instance at 0x7f14b30c43c0>,31,20,[11  4],32,-1,83,-1,63
1,<environment.Job instance at 0x7f14b31c08c0>,32,23,[14  4],33,-1,86,-1,63
1,<environment.Job instance at 0x7f14b31c01e0>,33,19,[ 3 14],34,-1,82,-1,63
1,<environment.Job instance at 0x7f14b2c00eb0>,34,21,[14  2],35,-1,84,-1,63
1,<environment.Job instance at 0x7f14b31c02d0>,35,24,[14  2],36,-1,87,-1,63
1,<environment.Job instance at 0x7f14b2baf230>,36,21,[ 5 11],37,-1,84,-1,63
1,<environment.Job instance at 0x7f14b2c00d70>,37,20,[ 2 12],38,-1,83,-1,63
1,<environment.Job instance at 0x7f14b2baf190>,38,23,[ 4 11],39,-1,86,-1,63
1,<environment.Job instance at 0x7f14b2bed230>,39,16,[ 3 14],40,-1,79,-1,63
1,<environment.Job instance at 0x7f14b2ccd050>,40,23,[ 3 13],41,-1,86,-1,63
1,<environment.Job instance at 0x7f14b2beda50>,41,21,[14  4],42,-1,84,-1,63
1,<environment.Job instance at 0x7f14b2c02e60>,43,24,[ 3 10],44,-1,92,-1,68
1,<environment.Job instance at 0x7f14b2bd7f50>,48,14,[ 1 14],49,-1,114,-1,100
1,<environment.Job instance at 0x7f14b2bd7370>,49,25,[5 8],50,-1,125,-1,100
1,<environment.Job instance at 0x7f14b2bd7280>,50,27,[7 4],51,-1,127,-1,100
1,<environment.Job instance at 0x7f14b2bd7190>,51,21,[ 3 11],52,-1,121,-1,100
1,<environment.Job instance at 0x7f14b2bd7140>,52,14,[12  4],53,-1,114,-1,100
1,<environment.Job instance at 0x7f14b2bd7320>,53,12,[10  3],54,-1,117,-1,105
1,<environment.Job instance at 0x7f14b2bd7cd0>,54,26,[ 3 12],55,-1,131,-1,105
1,<environment.Job instance at 0x7f14b2bd74b0>,55,12,[11  4],56,-1,117,-1,105
1,<environment.Job instance at 0x7f14bccb0d70>,58,12,[11  3],59,-1,128,-1,116
1,<environment.Job instance at 0x7f14bccb00f0>,59,16,[ 3 12],60,-1,132,-1,116
1,<environment.Job instance at 0x7f14bccb07d0>,61,15,[14  5],62,-1,140,-1,125
1,<environment.Job instance at 0x7f14b2bf0af0>,62,13,[14  1],63,-1,138,-1,125
1,<environment.Job instance at 0x7f14b2bf0f50>,63,24,[8 2],64,-1,149,-1,125
1,<environment.Job instance at 0x7f14b2bf0820>,64,21,[ 2 12],65,-1,146,-1,125
1,<environment.Job instance at 0x7f14b2c8dc80>,65,23,[ 2 12],66,-1,148,-1,125
1,<environment.Job instance at 0x7f14b2c8dfa0>,66,14,[ 4 10],67,-1,139,-1,125
1,<environment.Job instance at 0x7f14b2c8df50>,67,26,[ 5 11],68,-1,151,-1,125
1,<environment.Job instance at 0x7f14b2f15d20>,2,26,[13  5],3,-1,29,-1,3
1,<environment.Job instance at 0x7f14b2f15f50>,3,24,[ 2 10],4,-1,28,-1,4
1,<environment.Job instance at 0x7f14b2f15640>,7,27,[7 2],8,-1,36,-1,9
1,<environment.Job instance at 0x7f14b2eeb5f0>,9,17,[11  1],10,-1,27,-1,10
1,<environment.Job instance at 0x7f14b2eeb140>,10,24,[13  2],11,-1,35,-1,11
1,<environment.Job instance at 0x7f14b2eeb3c0>,13,15,[ 3 10],14,-1,102,-1,87
1,<environment.Job instance at 0x7f14b2ee8910>,22,22,[ 5 13],23,-1,124,-1,102
1,<environment.Job instance at 0x7f14b2ee8d70>,24,28,[2 9],25,-1,134,-1,106
1,<environment.Job instance at 0x7f14b2ed74b0>,25,25,[7 1],26,-1,131,-1,106
1,<environment.Job instance at 0x7f14b2b94320>,2,19,[12  1],3,-1,22,-1,3
1,<environment.Job instance at 0x7f14b2b945a0>,3,26,[4 7],4,-1,30,-1,4
1,<environment.Job instance at 0x7f14b2b94460>,5,18,[ 2 13],6,-1,24,-1,6
1,<environment.Job instance at 0x7f14b2b91910>,12,28,[9 1],13,-1,47,-1,19
1,<environment.Job instance at 0x7f14b2b91460>,14,15,[13  2],15,-1,46,-1,31
1,<environment.Job instance at 0x7f14b2b91870>,15,17,[12  3],16,-1,48,-1,31
1,<environment.Job instance at 0x7f14b2b91d70>,16,28,[ 4 12],17,-1,59,-1,31
1,<environment.Job instance at 0x7f14b2b91230>,17,25,[2 6],18,-1,56,-1,31
1,<environment.Job instance at 0x7f14b2b91960>,23,21,[11  5],24,-1,91,-1,70
1,<environment.Job instance at 0x7f14b2b917d0>,24,12,[13  2],25,-1,82,-1,70
1,<environment.Job instance at 0x7f14b2b8ee10>,25,13,[ 5 13],26,-1,83,-1,70
1,<environment.Job instance at 0x7f14b2b8e0a0>,27,24,[12  2],28,-1,108,-1,84
1,<environment.Job instance at 0x7f14b2b8e730>,28,27,[5 9],29,-1,111,-1,84
1,<environment.Job instance at 0x7f14b2b8ec30>,29,23,[8 5],30,-1,107,-1,84
1,<environment.Job instance at 0x7f14b2b8eb90>,30,18,[11  4],31,-1,102,-1,84
1,<environment.Job instance at 0x7f14b2b8eb40>,33,25,[4 6],34,-1,109,-1,84
1,<environment.Job instance at 0x7f14b2b8e550>,35,24,[7 5],36,-1,126,-1,102
1,<environment.Job instance at 0x7f14b2b8eaa0>,37,21,[14  1],38,-1,123,-1,102
1,<environment.Job instance at 0x7f14b2b8e190>,38,17,[ 1 13],39,-1,119,-1,102
1,<environment.Job instance at 0x7f14b2b8a370>,39,16,[12  4],40,-1,118,-1,102
1,<environment.Job instance at 0x7f14b2b8a4b0>,40,24,[ 4 11],41,-1,126,-1,102
1,<environment.Job instance at 0x7f14b2b8a280>,2,23,[ 1 14],3,-1,26,-1,3
1,<environment.Job instance at 0x7f14b333d870>,3,27,[5 5],4,-1,31,-1,4
1,<environment.Job instance at 0x7f14b3335230>,5,28,[ 5 11],6,-1,34,-1,6
1,<environment.Job instance at 0x7f14b3335500>,6,19,[11  5],7,-1,26,-1,7
1,<environment.Job instance at 0x7f14b2ee11e0>,11,25,[5 8],12,-1,37,-1,12
1,<environment.Job instance at 0x7f14b2ee1e60>,12,23,[ 3 12],13,-1,36,-1,13
1,<environment.Job instance at 0x7f14b2ee1e10>,13,20,[11  5],14,-1,34,-1,14
1,<environment.Job instance at 0x7f14b2ee18c0>,14,27,[12  3],15,-1,42,-1,15
1,<environment.Job instance at 0x7f14b3cc0550>,15,24,[6 1],16,-1,40,-1,16
1,<environment.Job instance at 0x7f14b3f00be0>,16,26,[ 1 12],17,-1,43,-1,17
1,<environment.Job instance at 0x7f14b3f00550>,17,13,[12  3],18,-1,31,-1,18
1,<environment.Job instance at 0x7f14b2b8e2d0>,21,25,[2 7],22,-1,56,-1,31
1,<environment.Job instance at 0x7f14b2b8e5f0>,22,23,[10  4],23,-1,54,-1,31
1,<environment.Job instance at 0x7f14b2b8e320>,23,21,[ 3 14],24,-1,52,-1,31
1,<environment.Job instance at 0x7f14b2b8eeb0>,26,18,[14  2],27,-1,66,-1,48
1,<environment.Job instance at 0x7f14b2b8e0f0>,27,27,[ 5 13],28,-1,75,-1,48
1,<environment.Job instance at 0x7f14b2b8e140>,29,21,[12  3],30,-1,73,-1,52
1,<environment.Job instance at 0x7f14b2b8edc0>,30,27,[ 5 12],31,-1,79,-1,52
1,<environment.Job instance at 0x7f14b3969230>,32,16,[ 2 13],33,-1,68,-1,52
1,<environment.Job instance at 0x7f14b39690a0>,35,13,[14  1],36,-1,78,-1,65
1,<environment.Job instance at 0x7f14b3969f00>,36,26,[11  5],37,-1,91,-1,65
1,<environment.Job instance at 0x7f14b3969cd0>,37,14,[ 2 13],38,-1,79,-1,65
1,<environment.Job instance at 0x7f14b3969e60>,38,13,[14  5],39,-1,78,-1,65
1,<environment.Job instance at 0x7f14b3334550>,39,18,[12  4],40,-1,83,-1,65
1,<environment.Job instance at 0x7f14b3334500>,40,21,[ 2 14],41,-1,86,-1,65
1,<environment.Job instance at 0x7f14b3334460>,42,23,[13  4],43,-1,104,-1,81
1,<environment.Job instance at 0x7f14bc6a1af0>,44,18,[ 1 12],45,-1,99,-1,81
1,<environment.Job instance at 0x7f14bc6a1410>,45,23,[9 4],46,-1,104,-1,81
1,<environment.Job instance at 0x7f14bc6a1370>,46,26,[ 1 10],47,-1,107,-1,81
1,<environment.Job instance at 0x7f14bc6a1640>,47,18,[13  5],48,-1,99,-1,81
1,<environment.Job instance at 0x7f14b379d8c0>,48,21,[12  5],49,-1,102,-1,81
1,<environment.Job instance at 0x7f14b379df50>,50,20,[11  5],51,-1,115,-1,95
1,<environment.Job instance at 0x7f14b379d9b0>,51,27,[8 5],52,-1,122,-1,95
1,<environment.Job instance at 0x7f14b379d320>,53,28,[5 7],54,-1,127,-1,99
1,<environment.Job instance at 0x7f14b3d8f960>,54,12,[ 4 11],55,-1,111,-1,99
1,<environment.Job instance at 0x7f14b3d8f0f0>,55,25,[13  4],56,-1,124,-1,99
1,<environment.Job instance at 0x7f14b3d8f5f0>,56,21,[ 1 12],57,-1,120,-1,99
1,<environment.Job instance at 0x7f14b3d8faa0>,57,22,[ 4 12],58,-1,121,-1,99
1,<environment.Job instance at 0x7f14b3d8f050>,58,22,[13  5],59,-1,121,-1,99
1,<environment.Job instance at 0x7f14b3d8f730>,59,28,[13  2],60,-1,127,-1,99
1,<environment.Job instance at 0x7f14b3d8f190>,61,24,[14  3],62,-1,136,-1,112
1,<environment.Job instance at 0x7f14b3d8ff50>,62,25,[12  1],63,-1,137,-1,112
1,<environment.Job instance at 0x7f14b3d8feb0>,63,24,[5 8],64,-1,136,-1,112
1,<environment.Job instance at 0x7f14b3d8f780>,64,13,[ 1 13],65,-1,125,-1,112
1,<environment.Job instance at 0x7f14b3d8f640>,65,23,[1 5],66,-1,135,-1,112
1,<environment.Job instance at 0x7f14b3d8fd70>,66,22,[ 5 11],67,-1,134,-1,112
1,<environment.Job instance at 0x7f14b3d8fe10>,67,24,[ 5 13],68,-1,136,-1,112
1,<environment.Job instance at 0x7f14b3d8f550>,68,13,[ 1 14],69,-1,125,-1,112
1,<environment.Job instance at 0x7f14b3d8faf0>,69,26,[12  4],70,-1,138,-1,112
1,<environment.Job instance at 0x7f14b3d27910>,71,21,[13  2],72,-1,133,-1,112
1,<environment.Job instance at 0x7f14b3d27550>,72,23,[14  5],73,-1,135,-1,112
1,<environment.Job instance at 0x7f14b3d276e0>,73,14,[14  2],74,-1,126,-1,112
1,<environment.Job instance at 0x7f14b3d27690>,4,12,[ 3 12],5,-1,17,-1,5
1,<environment.Job instance at 0x7f14b2c22e60>,6,20,[ 3 14],7,-1,27,-1,7
1,<environment.Job instance at 0x7f14b3c203c0>,7,16,[12  1],8,-1,24,-1,8
1,<environment.Job instance at 0x7f14b3c38e60>,12,28,[14  4],13,-1,45,-1,17
1,<environment.Job instance at 0x7f14b3c38280>,13,27,[13  4],14,-1,44,-1,17
1,<environment.Job instance at 0x7f14b3c38320>,14,12,[ 5 11],15,-1,29,-1,17
1,<environment.Job instance at 0x7f14b3c38550>,16,17,[14  2],17,-1,35,-1,18
1,<environment.Job instance at 0x7f14b3c38fa0>,17,17,[ 1 12],18,-1,35,-1,18
1,<environment.Job instance at 0x7f14b3c383c0>,19,22,[ 3 14],20,-1,54,-1,32
1,<environment.Job instance at 0x7f14b3c2d0f0>,20,15,[ 2 11],21,-1,47,-1,32
1,<environment.Job instance at 0x7f14b3c2d050>,21,22,[ 2 13],22,-1,54,-1,32
1,<environment.Job instance at 0x7f14b3c2da50>,23,26,[ 4 14],24,-1,65,-1,39
1,<environment.Job instance at 0x7f14b3c33370>,25,26,[3 9],26,-1,71,-1,45
1,<environment.Job instance at 0x7f14b3c330f0>,26,23,[10  3],27,-1,68,-1,45
1,<environment.Job instance at 0x7f14b3464f50>,27,23,[8 2],28,-1,68,-1,45
1,<environment.Job instance at 0x7f14b3473280>,28,26,[ 2 11],29,-1,71,-1,45
1,<environment.Job instance at 0x7f14b34648c0>,29,27,[6 4],30,-1,72,-1,45
1,<environment.Job instance at 0x7f14b3c33e60>,30,25,[ 4 14],31,-1,70,-1,45
1,<environment.Job instance at 0x7f14b347d370>,34,24,[13  5],35,-1,102,-1,78
1,<environment.Job instance at 0x7f14b32c62d0>,35,12,[ 4 13],36,-1,90,-1,78
1,<environment.Job instance at 0x7f14b2dfe190>,36,27,[14  3],37,-1,105,-1,78
1,<environment.Job instance at 0x7f14b2de9a00>,39,27,[12  5],40,-1,123,-1,96
1,<environment.Job instance at 0x7f14b32a0b90>,41,13,[11  1],42,-1,111,-1,98
1,<environment.Job instance at 0x7f14b32bba00>,42,26,[ 1 13],43,-1,124,-1,98
1,<environment.Job instance at 0x7f14b2de5230>,43,13,[ 1 13],44,-1,111,-1,98
1,<environment.Job instance at 0x7f14b2de5d20>,44,18,[12  5],45,-1,116,-1,98
1,<environment.Job instance at 0x7f14b2de5be0>,45,24,[ 5 12],46,-1,122,-1,98
1,<environment.Job instance at 0x7f14b2de5460>,46,22,[ 3 14],47,-1,120,-1,98
1,<environment.Job instance at 0x7f14b3876050>,6,28,[3 9],7,-1,35,-1,7
1,<environment.Job instance at 0x7f14b38765a0>,7,15,[ 4 13],8,-1,23,-1,8
1,<environment.Job instance at 0x7f14b3876aa0>,8,16,[12  3],9,-1,25,-1,9
1,<environment.Job instance at 0x7f14b3876dc0>,9,26,[7 4],10,-1,36,-1,10
1,<environment.Job instance at 0x7f14b3876550>,10,17,[14  2],11,-1,28,-1,11
1,<environment.Job instance at 0x7f14b3876280>,11,14,[ 3 14],12,-1,26,-1,12
1,<environment.Job instance at 0x7f14b38762d0>,12,20,[ 4 11],13,-1,33,-1,13
1,<environment.Job instance at 0x7f14b35102d0>,24,25,[9 5],25,-1,118,-1,93
1,<environment.Job instance at 0x7f14b2f743c0>,3,22,[6 2],4,-1,29,-1,7
1,<environment.Job instance at 0x7f14b412b370>,7,12,[11  4],8,-1,20,-1,8
1,<environment.Job instance at 0x7f14b412b320>,8,15,[ 1 12],9,-1,24,-1,9
1,<environment.Job instance at 0x7f14b412b0a0>,9,20,[5 6],10,-1,33,-1,13
1,<environment.Job instance at 0x7f14b2f8b730>,11,12,[13  3],12,-1,25,-1,13
1,<environment.Job instance at 0x7f14b2f8b500>,12,16,[ 3 12],13,-1,29,-1,13
1,<environment.Job instance at 0x7f14b41328c0>,13,22,[ 5 14],14,-1,36,-1,14
1,<environment.Job instance at 0x7f14b4132fa0>,14,28,[2 9],15,-1,43,-1,15
1,<environment.Job instance at 0x7f14b4132960>,15,19,[ 4 14],16,-1,35,-1,16
1,<environment.Job instance at 0x7f14b4132be0>,16,23,[9 5],17,-1,40,-1,17
1,<environment.Job instance at 0x7f14b4132b40>,17,20,[6 4],18,-1,60,-1,40
1,<environment.Job instance at 0x7f14b4132d20>,19,17,[ 4 12],20,-1,57,-1,40
1,<environment.Job instance at 0x7f14b4132190>,20,17,[2 9],21,-1,57,-1,40
1,<environment.Job instance at 0x7f14b4132460>,21,24,[5 4],22,-1,64,-1,40
1,<environment.Job instance at 0x7f14b41372d0>,22,20,[ 1 13],23,-1,60,-1,40
1,<environment.Job instance at 0x7f14b4137230>,23,15,[10  1],24,-1,55,-1,40
1,<environment.Job instance at 0x7f14b4137dc0>,24,27,[ 3 14],25,-1,67,-1,40
1,<environment.Job instance at 0x7f14b4137d20>,25,12,[1 9],26,-1,52,-1,40
1,<environment.Job instance at 0x7f14b4137f00>,26,27,[3 6],27,-1,67,-1,40
1,<environment.Job instance at 0x7f14b2f6ec30>,27,13,[5 8],28,-1,53,-1,40
1,<environment.Job instance at 0x7f14b38d40f0>,28,18,[5 2],29,-1,60,-1,42
1,<environment.Job instance at 0x7f14b2f6ed70>,29,28,[12  3],30,-1,70,-1,42
1,<environment.Job instance at 0x7f14b2f6ecd0>,30,27,[5 2],31,-1,69,-1,42
1,<environment.Job instance at 0x7f14b3214960>,31,12,[ 3 13],32,-1,54,-1,42
1,<environment.Job instance at 0x7f14b4119c30>,32,17,[14  5],33,-1,59,-1,42
1,<environment.Job instance at 0x7f14b41190a0>,33,15,[14  2],34,-1,57,-1,42
1,<environment.Job instance at 0x7f14b2d9c0a0>,34,15,[ 1 12],35,-1,57,-1,42
1,<environment.Job instance at 0x7f14b2d9c5f0>,35,14,[3 9],36,-1,56,-1,42
1,<environment.Job instance at 0x7f14b2d9c550>,36,12,[10  1],37,-1,54,-1,42
1,<environment.Job instance at 0x7f14b3b3ef00>,37,17,[4 7],38,-1,59,-1,42
1,<environment.Job instance at 0x7f14b379c2d0>,38,12,[ 1 12],39,-1,54,-1,42
1,<environment.Job instance at 0x7f14b3b3ea00>,39,19,[5 8],40,-1,64,-1,45
1,<environment.Job instance at 0x7f14b3309140>,40,16,[ 1 10],41,-1,61,-1,45
1,<environment.Job instance at 0x7f14b31df140>,41,22,[14  3],42,-1,67,-1,45
1,<environment.Job instance at 0x7f14b330e050>,42,22,[11  5],43,-1,67,-1,45
1,<environment.Job instance at 0x7f14b3b3e460>,43,13,[9 2],44,-1,58,-1,45
1,<environment.Job instance at 0x7f14b330e780>,45,21,[11  3],46,-1,67,-1,46
1,<environment.Job instance at 0x7f14b330e640>,46,24,[1 8],47,-1,71,-1,47
1,<environment.Job instance at 0x7f14b412b500>,10,28,[7 1],11,-1,75,-1,47
1,<environment.Job instance at 0x7f14b31ebfa0>,47,17,[ 1 10],48,-1,65,-1,48
1,<environment.Job instance at 0x7f14b32fd230>,49,12,[11  2],50,-1,62,-1,50
1,<environment.Job instance at 0x7f14b414d0a0>,50,18,[ 3 11],51,-1,69,-1,51
1,<environment.Job instance at 0x7f14b414daa0>,51,15,[ 3 12],52,-1,67,-1,52
1,<environment.Job instance at 0x7f14b32ecc30>,52,15,[1 7],53,-1,68,-1,53
1,<environment.Job instance at 0x7f14b32ec820>,53,24,[2 8],54,-1,78,-1,54
1,<environment.Job instance at 0x7f14b32ecb90>,54,24,[5 7],55,-1,79,-1,55
1,<environment.Job instance at 0x7f14b38c1f50>,55,13,[14  2],56,-1,69,-1,56
1,<environment.Job instance at 0x7f14b38c1dc0>,56,12,[ 5 14],57,-1,69,-1,57
1,<environment.Job instance at 0x7f14b38c15f0>,57,28,[11  4],58,-1,86,-1,58
1,<environment.Job instance at 0x7f14b4132050>,18,27,[13  3],19,-1,85,-1,58
1,<environment.Job instance at 0x7f14b38c80a0>,59,26,[1 8],60,-1,86,-1,60
1,<environment.Job instance at 0x7f14b38c8410>,63,25,[7 5],64,-1,89,-1,64
1,<environment.Job instance at 0x7f14b38c8af0>,64,24,[5 3],65,-1,89,-1,65
1,<environment.Job instance at 0x7f14b38c8780>,65,15,[ 1 14],66,-1,81,-1,66
1,<environment.Job instance at 0x7f14b38c8d70>,66,24,[5 2],67,-1,91,-1,67
1,<environment.Job instance at 0x7f14b38c8be0>,67,25,[8 1],68,-1,93,-1,68
1,<environment.Job instance at 0x7f14b38c8eb0>,69,20,[ 4 13],70,-1,90,-1,70
1,<environment.Job instance at 0x7f14b38c8640>,73,26,[9 3],74,-1,111,-1,85
1,<environment.Job instance at 0x7f14b38c7a50>,74,22,[6 3],75,-1,116,-1,94
1,<environment.Job instance at 0x7f14b38c7af0>,75,20,[14  4],76,-1,114,-1,94
1,<environment.Job instance at 0x7f14b38c7c30>,77,14,[ 3 11],78,-1,112,-1,98
1,<environment.Job instance at 0x7f14b38c7cd0>,78,14,[14  2],79,-1,112,-1,98
1,<environment.Job instance at 0x7f14b38c7d70>,79,20,[14  4],80,-1,118,-1,98
1,<environment.Job instance at 0x7f14b38c7e10>,80,15,[ 4 12],81,-1,113,-1,98
1,<environment.Job instance at 0x7f14b38c7a00>,82,26,[13  4],83,-1,127,-1,101
1,<environment.Job instance at 0x7f14b38b6050>,84,24,[ 3 14],85,-1,143,-1,119
1,<environment.Job instance at 0x7f14b38b62d0>,85,16,[11  5],86,-1,135,-1,119
1,<environment.Job instance at 0x7f14b412b3c0>,2,23,[11  1],3,-1,26,-1,3
1,<environment.Job instance at 0x7f14b2e5dc30>,4,18,[ 1 13],5,-1,23,-1,5
1,<environment.Job instance at 0x7f14b412b870>,7,28,[7 5],8,-1,36,-1,8
1,<environment.Job instance at 0x7f14b372f640>,9,27,[9 3],10,-1,37,-1,10
1,<environment.Job instance at 0x7f14b372f690>,10,18,[13  1],11,-1,29,-1,11
1,<environment.Job instance at 0x7f14b372fc30>,16,22,[ 1 11],17,-1,63,-1,41
1,<environment.Job instance at 0x7f14b372f910>,17,26,[ 5 12],18,-1,67,-1,41
1,<environment.Job instance at 0x7f14b372f4b0>,18,26,[2 8],19,-1,67,-1,41
1,<environment.Job instance at 0x7f14b372f500>,19,21,[6 1],20,-1,62,-1,41
1,<environment.Job instance at 0x7f14b372f0f0>,20,21,[ 1 12],21,-1,62,-1,41
1,<environment.Job instance at 0x7f14b372f370>,21,16,[ 2 13],22,-1,57,-1,41
1,<environment.Job instance at 0x7f14b372fc80>,22,23,[7 1],23,-1,64,-1,41
1,<environment.Job instance at 0x7f14b372f960>,23,13,[13  4],24,-1,54,-1,41
1,<environment.Job instance at 0x7f14b372f6e0>,24,18,[14  3],25,-1,59,-1,41
1,<environment.Job instance at 0x7f14b372f7d0>,26,24,[14  5],27,-1,80,-1,56
1,<environment.Job instance at 0x7f14bc97ecd0>,27,25,[ 4 12],28,-1,81,-1,56
1,<environment.Job instance at 0x7f14b372f460>,28,15,[ 2 10],29,-1,71,-1,56
1,<environment.Job instance at 0x7f14b372f5a0>,29,18,[12  3],30,-1,74,-1,56
1,<environment.Job instance at 0x7f14bc6a2c30>,31,18,[ 2 11],32,-1,91,-1,73
1,<environment.Job instance at 0x7f14bc6a2aa0>,32,13,[11  3],33,-1,86,-1,73
1,<environment.Job instance at 0x7f14bc6a2c80>,33,18,[13  2],34,-1,91,-1,73
1,<environment.Job instance at 0x7f14bc6a20f0>,34,28,[7 1],35,-1,101,-1,73
1,<environment.Job instance at 0x7f14bc6a2870>,35,23,[ 5 13],36,-1,96,-1,73
1,<environment.Job instance at 0x7f14bc6a2910>,36,23,[2 7],37,-1,96,-1,73
1,<environment.Job instance at 0x7f14bc6a2280>,37,28,[ 1 10],38,-1,101,-1,73
1,<environment.Job instance at 0x7f14bc6a2af0>,38,25,[ 2 12],39,-1,98,-1,73
1,<environment.Job instance at 0x7f14bc6a2410>,39,12,[ 4 14],40,-1,85,-1,73
1,<environment.Job instance at 0x7f14bc6a2fa0>,40,28,[10  3],41,-1,101,-1,73
1,<environment.Job instance at 0x7f14bc6a2be0>,41,23,[11  2],42,-1,96,-1,73
1,<environment.Job instance at 0x7f14bc6a2730>,43,22,[3 5],44,-1,104,-1,82
1,<environment.Job instance at 0x7f14bc6a2a00>,44,27,[1 7],45,-1,109,-1,82
1,<environment.Job instance at 0x7f14bc6a23c0>,45,16,[12  5],46,-1,98,-1,82
1,<environment.Job instance at 0x7f14bc6a26e0>,46,22,[ 3 12],47,-1,104,-1,82
1,<environment.Job instance at 0x7f14bc6a2190>,47,14,[12  4],48,-1,96,-1,82
1,<environment.Job instance at 0x7f14bc6a2d70>,48,28,[11  3],49,-1,110,-1,82
1,<environment.Job instance at 0x7f14bc6a2eb0>,49,24,[ 5 12],50,-1,106,-1,82
1,<environment.Job instance at 0x7f14bc6a2b90>,50,27,[2 5],51,-1,109,-1,82
1,<environment.Job instance at 0x7f14bc6a2320>,51,13,[ 3 13],52,-1,95,-1,82
1,<environment.Job instance at 0x7f14bc6a27d0>,52,23,[14  4],53,-1,105,-1,82
1,<environment.Job instance at 0x7f14b3cdcb90>,53,17,[13  5],54,-1,99,-1,82
1,<environment.Job instance at 0x7f14b3cdce10>,54,22,[13  1],55,-1,104,-1,82
1,<environment.Job instance at 0x7f14b3cdc050>,55,24,[12  4],56,-1,106,-1,82
1,<environment.Job instance at 0x7f14b3cdc0a0>,56,25,[6 3],57,-1,107,-1,82
1,<environment.Job instance at 0x7f14b3cdceb0>,57,27,[9 5],58,-1,109,-1,82
1,<environment.Job instance at 0x7f14b3cdc280>,58,18,[ 3 11],59,-1,100,-1,82
1,<environment.Job instance at 0x7f14b3cdc780>,59,14,[ 2 13],60,-1,96,-1,82
1,<environment.Job instance at 0x7f14b3cdc5a0>,61,23,[3 9],62,-1,108,-1,85
1,<environment.Job instance at 0x7f14b3cdc8c0>,62,12,[9 4],63,-1,97,-1,85
1,<environment.Job instance at 0x7f14b3cdc410>,63,21,[1 8],64,-1,106,-1,85
1,<environment.Job instance at 0x7f14b3cdce60>,64,17,[ 4 14],65,-1,102,-1,85
1,<environment.Job instance at 0x7f14b3cdc9b0>,65,15,[ 2 14],66,-1,100,-1,85
1,<environment.Job instance at 0x7f14b3cdcd20>,67,13,[3 7],68,-1,116,-1,103
1,<environment.Job instance at 0x7f14b3cdc910>,68,20,[6 2],69,-1,123,-1,103
1,<environment.Job instance at 0x7f14b3cdc230>,69,12,[10  2],70,-1,115,-1,103
1,<environment.Job instance at 0x7f14b3cdccd0>,70,23,[5 9],71,-1,126,-1,103
1,<environment.Job instance at 0x7f14b3cdcbe0>,71,17,[ 2 14],72,-1,120,-1,103
1,<environment.Job instance at 0x7f14b3cdcc80>,72,22,[11  4],73,-1,125,-1,103
1,<environment.Job instance at 0x7f14b3cdc500>,73,28,[11  2],74,-1,131,-1,103
1,<environment.Job instance at 0x7f14b3cdc1e0>,74,28,[ 4 10],75,-1,131,-1,103
1,<environment.Job instance at 0x7f14b3cdcaf0>,75,24,[6 2],76,-1,127,-1,103
1,<environment.Job instance at 0x7f14b3cdc960>,76,12,[2 6],77,-1,115,-1,103
1,<environment.Job instance at 0x7f14b336e4b0>,77,26,[12  4],78,-1,129,-1,103
1,<environment.Job instance at 0x7f14b336e690>,78,13,[12  3],79,-1,116,-1,103
1,<environment.Job instance at 0x7f14b336e640>,79,16,[ 5 11],80,-1,119,-1,103
1,<environment.Job instance at 0x7f14b336e9b0>,80,18,[ 2 10],81,-1,121,-1,103
1,<environment.Job instance at 0x7f14b336edc0>,81,20,[ 1 11],82,-1,123,-1,103
1,<environment.Job instance at 0x7f14b336e0f0>,82,13,[9 1],83,-1,116,-1,103
1,<environment.Job instance at 0x7f14b336e550>,83,20,[7 1],84,-1,126,-1,106
1,<environment.Job instance at 0x7f14b336eb40>,84,19,[ 4 11],85,-1,125,-1,106
1,<environment.Job instance at 0x7f14b336e910>,86,19,[13  2],87,-1,126,-1,107
1,<environment.Job instance at 0x7f14b336e780>,87,27,[5 9],88,-1,134,-1,107
1,<environment.Job instance at 0x7f14b336e500>,88,24,[ 3 14],89,-1,131,-1,107
1,<environment.Job instance at 0x7f14b336e230>,89,24,[3 7],90,-1,131,-1,107
1,<environment.Job instance at 0x7f14b336e7d0>,90,12,[1 8],91,-1,119,-1,107
1,<environment.Job instance at 0x7f14b336e960>,92,14,[ 5 11],93,-1,131,-1,117
1,<environment.Job instance at 0x7f14b336eb90>,93,15,[2 7],94,-1,133,-1,118
1,<environment.Job instance at 0x7f14b336e8c0>,95,17,[ 2 13],96,-1,135,-1,118
1,<environment.Job instance at 0x7f14b336e730>,96,16,[14  4],97,-1,134,-1,118
1,<environment.Job instance at 0x7f14b336e320>,97,18,[ 1 14],98,-1,136,-1,118
1,<environment.Job instance at 0x7f14b2bb69b0>,98,16,[ 3 14],99,-1,134,-1,118
1,<environment.Job instance at 0x7f14b2906640>,8,21,[ 3 11],9,-1,36,-1,15
1,<environment.Job instance at 0x7f14b2906dc0>,9,19,[ 3 10],10,-1,41,-1,22
1,<environment.Job instance at 0x7f14b2f083c0>,2,25,[ 5 10],3,-1,28,-1,3
1,<environment.Job instance at 0x7f14b2f08dc0>,3,20,[12  3],4,-1,24,-1,4
1,<environment.Job instance at 0x7f14b2f087d0>,4,20,[ 4 11],5,-1,25,-1,5
1,<environment.Job instance at 0x7f14b37113c0>,5,19,[ 2 13],6,-1,25,-1,6
1,<environment.Job instance at 0x7f14b37115f0>,6,15,[14  2],7,-1,22,-1,7
1,<environment.Job instance at 0x7f14b37118c0>,7,12,[13  3],8,-1,20,-1,8
1,<environment.Job instance at 0x7f14b3711c80>,9,21,[11  1],10,-1,31,-1,10
1,<environment.Job instance at 0x7f14b3711500>,11,25,[10  4],12,-1,37,-1,12
1,<environment.Job instance at 0x7f14b3711550>,17,20,[12  2],18,-1,41,-1,21
1,<environment.Job instance at 0x7f14b37117d0>,19,28,[8 4],20,-1,54,-1,26
1,<environment.Job instance at 0x7f14b37116e0>,20,17,[ 3 13],21,-1,43,-1,26
1,<environment.Job instance at 0x7f14bc9000a0>,25,27,[ 1 13],26,-1,91,-1,64
1,<environment.Job instance at 0x7f14bc900dc0>,26,18,[11  3],27,-1,82,-1,64
1,<environment.Job instance at 0x7f14bc900690>,28,21,[ 5 12],29,-1,101,-1,80
1,<environment.Job instance at 0x7f14bc900820>,31,19,[ 2 13],32,-1,111,-1,92
1,<environment.Job instance at 0x7f14bc900780>,32,24,[ 4 12],33,-1,116,-1,92
1,<environment.Job instance at 0x7f14bc900a50>,34,23,[ 4 11],35,-1,122,-1,99
1,<environment.Job instance at 0x7f14b35e7aa0>,35,15,[14  2],36,-1,114,-1,99
1,<environment.Job instance at 0x7f14b2d48190>,5,15,[13  2],6,-1,21,-1,6
1,<environment.Job instance at 0x7f14b2d48d20>,6,16,[14  2],7,-1,23,-1,7
1,<environment.Job instance at 0x7f14b2d487d0>,9,23,[11  2],10,-1,33,-1,10
1,<environment.Job instance at 0x7f14b2d48370>,13,22,[ 2 12],14,-1,62,-1,40
1,<environment.Job instance at 0x7f14b2d48730>,14,28,[ 3 11],15,-1,68,-1,40
1,<environment.Job instance at 0x7f14b2d489b0>,15,22,[ 3 13],16,-1,62,-1,40
1,<environment.Job instance at 0x7f14b3a60e10>,18,28,[9 5],19,-1,108,-1,80
1,<environment.Job instance at 0x7f14b2d48b90>,19,13,[13  1],20,-1,93,-1,80
1,<environment.Job instance at 0x7f14b3951b90>,23,22,[12  2],24,-1,121,-1,99
1,<environment.Job instance at 0x7f14b3951190>,25,15,[11  3],26,-1,115,-1,100
1,<environment.Job instance at 0x7f14b3951f50>,26,28,[4 7],27,-1,128,-1,100
1,<environment.Job instance at 0x7f14b39519b0>,28,28,[ 4 10],29,-1,135,-1,107
1,<environment.Job instance at 0x7f14b3951eb0>,29,16,[11  3],30,-1,123,-1,107
1,<environment.Job instance at 0x7f14b3951230>,31,27,[14  2],32,-1,134,-1,107
1,<environment.Job instance at 0x7f14b3951cd0>,32,16,[13  2],33,-1,123,-1,107
1,<environment.Job instance at 0x7f14b39515f0>,33,14,[12  1],34,-1,121,-1,107
1,<environment.Job instance at 0x7f14b39517d0>,36,25,[ 4 13],37,-1,153,-1,128
1,<environment.Job instance at 0x7f14b33230a0>,37,20,[13  1],38,-1,148,-1,128
1,<environment.Job instance at 0x7f14b3323aa0>,38,27,[10  4],39,-1,155,-1,128
1,<environment.Job instance at 0x7f14b3cfeeb0>,2,21,[13  4],3,-1,24,-1,3
1,<environment.Job instance at 0x7f14b3cfed70>,3,20,[ 2 11],4,-1,24,-1,4
1,<environment.Job instance at 0x7f14b3cfec30>,10,14,[ 4 11],11,-1,42,-1,28
1,<environment.Job instance at 0x7f14b3cfeaa0>,11,13,[14  1],12,-1,41,-1,28
1,<environment.Job instance at 0x7f14b3cfee10>,17,26,[2 5],18,-1,83,-1,57
1,<environment.Job instance at 0x7f14b3cfe960>,18,28,[4 8],19,-1,85,-1,57
1,<environment.Job instance at 0x7f14b3cfe410>,19,28,[1 5],20,-1,85,-1,57
1,<environment.Job instance at 0x7f14b3cfe500>,20,27,[9 5],21,-1,84,-1,57
1,<environment.Job instance at 0x7f14b3cfec80>,24,20,[ 4 13],25,-1,113,-1,93
1,<environment.Job instance at 0x7f14b3cfe910>,25,19,[11  2],26,-1,112,-1,93
1,<environment.Job instance at 0x7f14b2f47410>,26,26,[ 3 10],27,-1,119,-1,93
1,<environment.Job instance at 0x7f14b2f47fa0>,27,13,[12  3],28,-1,106,-1,93
1,<environment.Job instance at 0x7f14b2f47690>,28,19,[ 2 11],29,-1,112,-1,93
1,<environment.Job instance at 0x7f14b2f479b0>,29,17,[ 5 14],30,-1,110,-1,93
1,<environment.Job instance at 0x7f14b2f475f0>,30,25,[9 1],31,-1,118,-1,93
1,<environment.Job instance at 0x7f14b2f47460>,32,15,[14  1],33,-1,114,-1,99
1,<environment.Job instance at 0x7f14b2f47a00>,33,25,[5 6],34,-1,124,-1,99
1,<environment.Job instance at 0x7f14b2f47960>,34,28,[1 5],35,-1,127,-1,99
1,<environment.Job instance at 0x7f14b2f471e0>,35,24,[ 3 13],36,-1,123,-1,99
1,<environment.Job instance at 0x7f14b2f470f0>,37,24,[14  5],38,-1,132,-1,108
1,<environment.Job instance at 0x7f14b2f47cd0>,38,25,[7 4],39,-1,133,-1,108
1,<environment.Job instance at 0x7f14b2f47640>,39,27,[ 1 11],40,-1,135,-1,108
1,<environment.Job instance at 0x7f14b2f47b40>,41,23,[9 5],42,-1,143,-1,120
1,<environment.Job instance at 0x7f14b2f47190>,42,23,[ 5 14],43,-1,143,-1,120
1,<environment.Job instance at 0x7f14b38c90a0>,43,16,[ 2 13],44,-1,136,-1,120
1,<environment.Job instance at 0x7f14b38c96e0>,45,12,[13  4],46,-1,139,-1,127
1,<environment.Job instance at 0x7f14b38c9e10>,46,12,[ 3 14],47,-1,139,-1,127
1,<environment.Job instance at 0x7f14b2b905f0>,3,23,[ 3 11],4,-1,27,-1,4
1,<environment.Job instance at 0x7f14b2b90af0>,4,28,[4 9],5,-1,33,-1,5
1,<environment.Job instance at 0x7f14b2b90500>,5,25,[11  1],6,-1,31,-1,6
1,<environment.Job instance at 0x7f14b2b90cd0>,6,20,[ 1 13],7,-1,27,-1,7
1,<environment.Job instance at 0x7f14b2b90f50>,7,18,[ 3 13],8,-1,26,-1,8
1,<environment.Job instance at 0x7f14b3bb1c80>,10,27,[ 1 12],11,-1,38,-1,11
1,<environment.Job instance at 0x7f14b31fec80>,18,18,[13  2],19,-1,77,-1,59
1,<environment.Job instance at 0x7f14b31fee10>,19,24,[11  3],20,-1,83,-1,59
1,<environment.Job instance at 0x7f14b31fedc0>,21,12,[ 5 12],22,-1,72,-1,60
1,<environment.Job instance at 0x7f14b31fe4b0>,22,28,[4 5],23,-1,88,-1,60
1,<environment.Job instance at 0x7f14b31feb90>,24,28,[9 1],25,-1,98,-1,70
1,<environment.Job instance at 0x7f14b31fe050>,25,28,[5 5],26,-1,98,-1,70
1,<environment.Job instance at 0x7f14b31fe0a0>,27,14,[9 3],28,-1,85,-1,71
1,<environment.Job instance at 0x7f14b31fe910>,28,24,[5 3],29,-1,95,-1,71
1,<environment.Job instance at 0x7f14b31fe820>,31,19,[12  3],32,-1,108,-1,89
1,<environment.Job instance at 0x7f14b31fe280>,32,25,[2 6],33,-1,114,-1,89
1,<environment.Job instance at 0x7f14b31fe3c0>,33,15,[11  2],34,-1,104,-1,89
1,<environment.Job instance at 0x7f14b31fee60>,34,25,[10  3],35,-1,114,-1,89
1,<environment.Job instance at 0x7f14b31fe5f0>,35,28,[4 6],36,-1,117,-1,89
1,<environment.Job instance at 0x7f14b2b90690>,2,27,[5 6],3,-1,30,-1,3
1,<environment.Job instance at 0x7f14b34caa00>,3,25,[13  1],4,-1,29,-1,4
1,<environment.Job instance at 0x7f14b34cab90>,4,23,[ 1 10],5,-1,28,-1,5
1,<environment.Job instance at 0x7f14b34ca0a0>,5,19,[12  1],6,-1,25,-1,6
1,<environment.Job instance at 0x7f14b34ca410>,6,22,[ 2 12],7,-1,29,-1,7
1,<environment.Job instance at 0x7f14b34ca190>,8,20,[12  3],9,-1,29,-1,9
1,<environment.Job instance at 0x7f14b34ca5f0>,9,17,[14  4],10,-1,27,-1,10
1,<environment.Job instance at 0x7f14b34caf50>,10,17,[12  2],11,-1,28,-1,11
1,<environment.Job instance at 0x7f14b34cae60>,11,17,[ 2 13],12,-1,29,-1,12
1,<environment.Job instance at 0x7f14b34ca910>,13,26,[ 3 14],14,-1,40,-1,14
1,<environment.Job instance at 0x7f14b2f6dc80>,14,17,[ 3 11],15,-1,32,-1,15
1,<environment.Job instance at 0x7f14b2f6d550>,15,26,[ 1 11],16,-1,42,-1,16
1,<environment.Job instance at 0x7f14b2f6d0a0>,17,18,[11  2],18,-1,60,-1,42
1,<environment.Job instance at 0x7f14b34e6f00>,23,28,[11  2],24,-1,70,-1,42
1,<environment.Job instance at 0x7f14b34e6d20>,24,12,[ 3 12],25,-1,54,-1,42
1,<environment.Job instance at 0x7f14b34e6960>,25,24,[7 1],26,-1,66,-1,42
1,<environment.Job instance at 0x7f14b34e6af0>,26,20,[5 1],27,-1,74,-1,54
1,<environment.Job instance at 0x7f14b34e6460>,28,23,[7 4],29,-1,77,-1,54
1,<environment.Job instance at 0x7f14b34e6780>,29,23,[2 8],30,-1,77,-1,54
1,<environment.Job instance at 0x7f14b34e62d0>,30,15,[ 4 12],31,-1,69,-1,54
1,<environment.Job instance at 0x7f14b34e6b90>,31,25,[11  3],32,-1,79,-1,54
1,<environment.Job instance at 0x7f14b34e6cd0>,32,28,[5 3],33,-1,82,-1,54
1,<environment.Job instance at 0x7f14b34e6eb0>,33,22,[5 5],34,-1,77,-1,55
1,<environment.Job instance at 0x7f14b34e6690>,34,24,[10  4],35,-1,79,-1,55
1,<environment.Job instance at 0x7f14b34e6aa0>,35,12,[ 3 13],36,-1,67,-1,55
1,<environment.Job instance at 0x7f14b34e60f0>,36,27,[ 4 12],37,-1,82,-1,55
1,<environment.Job instance at 0x7f14b34e6910>,38,21,[ 2 11],39,-1,76,-1,55
1,<environment.Job instance at 0x7f14b34e6820>,39,23,[9 2],40,-1,78,-1,55
1,<environment.Job instance at 0x7f14b34e65f0>,40,17,[ 4 13],41,-1,72,-1,55
1,<environment.Job instance at 0x7f14b34e6730>,41,17,[ 1 14],42,-1,72,-1,55
1,<environment.Job instance at 0x7f14b34e6d70>,42,13,[13  1],43,-1,68,-1,55
1,<environment.Job instance at 0x7f14b34e6f50>,44,13,[11  2],45,-1,71,-1,58
1,<environment.Job instance at 0x7f14b34e65a0>,45,16,[13  4],46,-1,74,-1,58
1,<environment.Job instance at 0x7f14b33c25a0>,46,25,[ 1 12],47,-1,83,-1,58
1,<environment.Job instance at 0x7f14b33c27d0>,47,19,[14  2],48,-1,77,-1,58
1,<environment.Job instance at 0x7f14b33c2640>,48,18,[11  2],49,-1,76,-1,58
1,<environment.Job instance at 0x7f14b33c2050>,49,27,[ 2 11],50,-1,85,-1,58
1,<environment.Job instance at 0x7f14b33c2370>,50,21,[ 5 12],51,-1,79,-1,58
1,<environment.Job instance at 0x7f14b33c2910>,51,27,[5 9],52,-1,85,-1,58
1,<environment.Job instance at 0x7f14b33c2e10>,52,24,[ 2 12],53,-1,82,-1,58
1,<environment.Job instance at 0x7f14b33c2c80>,53,27,[ 2 11],54,-1,85,-1,58
1,<environment.Job instance at 0x7f14b33c2c30>,54,20,[12  2],55,-1,78,-1,58
1,<environment.Job instance at 0x7f14b33c2140>,55,26,[6 1],56,-1,84,-1,58
1,<environment.Job instance at 0x7f14b33c2280>,58,26,[1 6],59,-1,101,-1,75
1,<environment.Job instance at 0x7f14b33c2870>,59,27,[12  5],60,-1,102,-1,75
1,<environment.Job instance at 0x7f14b33c2230>,60,12,[10  3],61,-1,87,-1,75
1,<environment.Job instance at 0x7f14b2cdd8c0>,65,27,[11  1],66,-1,129,-1,102
1,<environment.Job instance at 0x7f14b2cddd20>,66,16,[ 1 14],67,-1,118,-1,102
1,<environment.Job instance at 0x7f14b2f12460>,4,13,[ 4 12],5,-1,18,-1,5
1,<environment.Job instance at 0x7f14b2f123c0>,5,23,[ 3 12],6,-1,29,-1,6
1,<environment.Job instance at 0x7f14b2f12870>,10,15,[ 3 11],11,-1,26,-1,11
1,<environment.Job instance at 0x7f14b2f05f50>,11,25,[9 4],12,-1,37,-1,12
1,<environment.Job instance at 0x7f14b2f05230>,12,23,[ 5 13],13,-1,36,-1,13
1,<environment.Job instance at 0x7f14b2eda280>,15,27,[ 3 13],16,-1,48,-1,21
1,<environment.Job instance at 0x7f14b2edabe0>,16,26,[ 4 14],17,-1,47,-1,21
1,<environment.Job instance at 0x7f14b2edaa00>,17,20,[14  2],18,-1,41,-1,21
1,<environment.Job instance at 0x7f14b2edac80>,18,24,[6 4],19,-1,45,-1,21
1,<environment.Job instance at 0x7f14b2eda9b0>,19,26,[ 4 11],20,-1,47,-1,21
1,<environment.Job instance at 0x7f14b2edae60>,20,25,[ 3 13],21,-1,46,-1,21
1,<environment.Job instance at 0x7f14b2eda8c0>,21,24,[3 9],22,-1,46,-1,22
1,<environment.Job instance at 0x7f14b3ba74b0>,3,17,[ 4 11],4,-1,21,-1,4
1,<environment.Job instance at 0x7f14b2e84370>,12,23,[ 5 12],13,-1,73,-1,50
1,<environment.Job instance at 0x7f14b2e84cd0>,13,24,[14  4],14,-1,74,-1,50
1,<environment.Job instance at 0x7f14b2e84320>,17,21,[ 5 13],18,-1,89,-1,68
1,<environment.Job instance at 0x7f14b2e840f0>,20,27,[ 1 13],21,-1,117,-1,90
1,<environment.Job instance at 0x7f14b2d3a870>,3,27,[4 6],4,-1,31,-1,4
1,<environment.Job instance at 0x7f14b34080a0>,4,26,[ 4 10],5,-1,31,-1,5
1,<environment.Job instance at 0x7f14b2e84fa0>,6,26,[13  5],7,-1,33,-1,7
1,<environment.Job instance at 0x7f14b3408d70>,5,15,[14  4],6,-1,22,-1,7
1,<environment.Job instance at 0x7f14b3408e60>,7,14,[ 1 12],8,-1,22,-1,8
1,<environment.Job instance at 0x7f14b3408af0>,8,27,[ 3 12],9,-1,36,-1,9
1,<environment.Job instance at 0x7f14b33d9d70>,19,21,[5 1],20,-1,120,-1,99
1,<environment.Job instance at 0x7f14b33d9870>,22,23,[3 6],23,-1,127,-1,104
1,<environment.Job instance at 0x7f14b33d98c0>,23,23,[5 2],24,-1,128,-1,105
1,<environment.Job instance at 0x7f14b33d9050>,24,13,[11  2],25,-1,118,-1,105
1,<environment.Job instance at 0x7f14b33d9c30>,26,22,[6 5],27,-1,135,-1,113
1,<environment.Job instance at 0x7f14b33d9be0>,27,28,[5 3],28,-1,141,-1,113
1,<environment.Job instance at 0x7f14b33d9690>,28,23,[8 5],29,-1,136,-1,113
1,<environment.Job instance at 0x7f14b33d94b0>,29,23,[5 2],30,-1,136,-1,113
1,<environment.Job instance at 0x7f14b33d9410>,30,17,[ 5 14],31,-1,130,-1,113
1,<environment.Job instance at 0x7f14b33d9370>,31,28,[10  4],32,-1,141,-1,113
1,<environment.Job instance at 0x7f14b33d9460>,32,28,[ 5 13],33,-1,141,-1,113
1,<environment.Job instance at 0x7f14b33d9730>,33,22,[10  5],34,-1,136,-1,114
1,<environment.Job instance at 0x7f14b3f45b40>,34,15,[11  1],35,-1,129,-1,114
1,<environment.Job instance at 0x7f14b3ce9c80>,35,19,[ 1 12],36,-1,133,-1,114
1,<environment.Job instance at 0x7f14b2e9a8c0>,37,13,[ 2 11],38,-1,129,-1,116
1,<environment.Job instance at 0x7f14b2ea1c30>,38,20,[ 3 12],39,-1,136,-1,116
1,<environment.Job instance at 0x7f14b2ea1190>,39,23,[10  1],40,-1,139,-1,116
1,<environment.Job instance at 0x7ff8d2617460>,3,26,[11  4],4,-1,30,-1,4
1,<environment.Job instance at 0x7ff8d26175a0>,5,24,[1 5],6,-1,32,-1,8
1,<environment.Job instance at 0x7ff8d26177d0>,8,22,[14  3],9,-1,31,-1,9
1,<environment.Job instance at 0x7ff8d2617960>,9,18,[ 2 13],10,-1,28,-1,10
1,<environment.Job instance at 0x7ff8d2617a00>,10,18,[ 3 11],11,-1,29,-1,11
1,<environment.Job instance at 0x7ff8d2617aa0>,11,26,[4 8],12,-1,38,-1,12
1,<environment.Job instance at 0x7ff8d2617b40>,12,26,[ 1 12],13,-1,39,-1,13
1,<environment.Job instance at 0x7ff8d2617be0>,13,18,[ 4 14],14,-1,32,-1,14
1,<environment.Job instance at 0x7ff8d2617d70>,15,18,[ 2 14],16,-1,34,-1,16
1,<environment.Job instance at 0x7ff8d2617e10>,16,16,[ 3 11],17,-1,33,-1,17
1,<environment.Job instance at 0x7ff8d2617eb0>,17,28,[ 5 10],18,-1,46,-1,18
1,<environment.Job instance at 0x7ff8d2617f50>,18,25,[ 4 13],19,-1,44,-1,19
1,<environment.Job instance at 0x7ff8d261b050>,19,14,[ 3 11],20,-1,34,-1,20
1,<environment.Job instance at 0x7ff8d261b0f0>,20,27,[13  5],21,-1,48,-1,21
1,<environment.Job instance at 0x7ff8d2617dc0>,21,26,[ 5 12],22,-1,48,-1,22
1,<environment.Job instance at 0x7ff8d261b640>,26,26,[1 8],27,-1,66,-1,40
1,<environment.Job instance at 0x7ff8d261b550>,27,25,[5 7],28,-1,65,-1,40
1,<environment.Job instance at 0x7ff8d261b780>,28,25,[ 4 11],29,-1,65,-1,40
1,<environment.Job instance at 0x7ff8d261b6e0>,29,22,[ 5 13],30,-1,62,-1,40
1,<environment.Job instance at 0x7ff8d261b870>,30,27,[4 8],31,-1,67,-1,40
1,<environment.Job instance at 0x7ff8d261b730>,31,20,[11  5],32,-1,60,-1,40
1,<environment.Job instance at 0x7ff8d261b9b0>,32,27,[11  3],33,-1,67,-1,40
1,<environment.Job instance at 0x7ff8d261bc80>,36,13,[ 3 14],37,-1,75,-1,62
1,<environment.Job instance at 0x7ff8d261bcd0>,37,28,[ 2 12],38,-1,90,-1,62
1,<environment.Job instance at 0x7ff8d261bd70>,38,20,[ 1 10],39,-1,82,-1,62
1,<environment.Job instance at 0x7ff8d261bc30>,39,24,[5 6],40,-1,86,-1,62
1,<environment.Job instance at 0x7ff8d261bf50>,40,15,[10  3],41,-1,77,-1,62
1,<environment.Job instance at 0x7ff8d261b820>,41,27,[14  1],42,-1,89,-1,62
1,<environment.Job instance at 0x7ff8d261bf00>,43,13,[13  1],44,-1,95,-1,82
1,<environment.Job instance at 0x7ff8d261d190>,44,24,[ 1 13],45,-1,106,-1,82
1,<environment.Job instance at 0x7ff8d261d2d0>,46,17,[12  2],47,-1,99,-1,82
1,<environment.Job instance at 0x7ff8d261d410>,48,15,[14  1],49,-1,104,-1,89
1,<environment.Job instance at 0x7ff8d261d140>,49,16,[ 2 11],50,-1,105,-1,89
1,<environment.Job instance at 0x7ff8d261d3c0>,50,16,[12  2],51,-1,105,-1,89
1,<environment.Job instance at 0x7ff8d261d640>,52,27,[8 5],53,-1,129,-1,102
1,<environment.Job instance at 0x7ff8d261d780>,54,13,[13  1],55,-1,119,-1,106
1,<environment.Job instance at 0x7ff8d261d820>,55,20,[ 3 13],56,-1,126,-1,106
1,<environment.Job instance at 0x7ff8d261d9b0>,56,12,[3 6],57,-1,118,-1,106
1,<environment.Job instance at 0x7ff8d261d910>,57,27,[ 2 14],58,-1,133,-1,106
1,<environment.Job instance at 0x7ff8d261dcd0>,60,23,[ 1 11],61,-1,146,-1,123
1,<environment.Job instance at 0x7ff8d261dd70>,61,21,[ 5 13],62,-1,144,-1,123
1,<environment.Job instance at 0x7ff8d261dc80>,63,17,[ 4 12],64,-1,151,-1,134
1,<environment.Job instance at 0x7ff8d2765a00>,3,20,[ 4 10],4,-1,26,-1,6
1,<environment.Job instance at 0x7ff8d2765be0>,6,27,[ 2 12],7,-1,34,-1,7
1,<environment.Job instance at 0x7ff8d2765140>,7,16,[ 1 14],8,-1,24,-1,8
1,<environment.Job instance at 0x7ff8d2765b90>,8,20,[ 3 14],9,-1,29,-1,9
1,<environment.Job instance at 0x7ff8d2765910>,11,25,[ 1 11],12,-1,38,-1,13
1,<environment.Job instance at 0x7ff8d2765aa0>,12,14,[14  4],13,-1,27,-1,13
1,<environment.Job instance at 0x7ff8d2765730>,13,27,[9 1],14,-1,41,-1,14
1,<environment.Job instance at 0x7ff8d275e230>,14,23,[13  2],15,-1,38,-1,15
1,<environment.Job instance at 0x7ff8d275e0f0>,15,20,[12  4],16,-1,36,-1,16
1,<environment.Job instance at 0x7ff8d2765050>,17,26,[4 9],18,-1,53,-1,27
1,<environment.Job instance at 0x7ff8d275e370>,18,25,[13  3],19,-1,52,-1,27
1,<environment.Job instance at 0x7ff8d275e870>,19,15,[1 7],20,-1,42,-1,27
1,<environment.Job instance at 0x7ff8d275ebe0>,20,26,[5 5],21,-1,53,-1,27
1,<environment.Job instance at 0x7ff8d275e5a0>,21,24,[4 7],22,-1,51,-1,27
1,<environment.Job instance at 0x7ff8d275eaa0>,24,19,[ 3 12],25,-1,46,-1,27
1,<environment.Job instance at 0x7ff8d275eaf0>,25,15,[12  5],26,-1,42,-1,27
1,<environment.Job instance at 0x7ff8d2160af0>,27,22,[3 7],28,-1,53,-1,31
1,<environment.Job instance at 0x7ff8d2197550>,28,20,[ 3 12],29,-1,51,-1,31
1,<environment.Job instance at 0x7ff8d1d5bd20>,29,16,[12  4],30,-1,47,-1,31
1,<environment.Job instance at 0x7ff8d1d3b140>,30,16,[12  5],31,-1,47,-1,31
1,<environment.Job instance at 0x7ff8d1f6b2d0>,31,20,[ 1 12],32,-1,52,-1,32
1,<environment.Job instance at 0x7ff8d1ce34b0>,32,13,[12  1],33,-1,46,-1,33
1,<environment.Job instance at 0x7ff8d1cdda50>,33,12,[11  5],34,-1,46,-1,34
1,<environment.Job instance at 0x7ff8d20efe60>,34,17,[ 3 12],35,-1,52,-1,35
1,<environment.Job instance at 0x7ff8d20ef9b0>,35,16,[13  4],36,-1,52,-1,36
1,<environment.Job instance at 0x7ff8d20eff00>,36,18,[ 1 12],37,-1,55,-1,37
1,<environment.Job instance at 0x7ff8d1c77a00>,38,15,[ 2 14],39,-1,59,-1,44
1,<environment.Job instance at 0x7ff8d20f3280>,42,20,[13  3],43,-1,77,-1,57
1,<environment.Job instance at 0x7ff8d202a370>,43,21,[ 4 12],44,-1,78,-1,57
1,<environment.Job instance at 0x7ff8d202ac80>,45,27,[5 9],46,-1,104,-1,77
1,<environment.Job instance at 0x7ff8d207c1e0>,46,27,[2 9],47,-1,104,-1,77
1,<environment.Job instance at 0x7ff8d207c960>,47,21,[11  4],48,-1,98,-1,77
1,<environment.Job instance at 0x7ff8d2145640>,48,12,[14  5],49,-1,89,-1,77
1,<environment.Job instance at 0x7ff8d20d9f50>,49,16,[12  3],50,-1,93,-1,77
1,<environment.Job instance at 0x7ff8d20d9280>,50,17,[12  2],51,-1,94,-1,77
1,<environment.Job instance at 0x7ff8d20d9b40>,51,28,[2 8],52,-1,105,-1,77
1,<environment.Job instance at 0x7ff8d20b5e60>,53,21,[12  2],54,-1,98,-1,77
1,<environment.Job instance at 0x7ff8d20b55a0>,54,21,[ 5 11],55,-1,98,-1,77
1,<environment.Job instance at 0x7ff8d20b52d0>,55,26,[ 5 10],56,-1,103,-1,77
1,<environment.Job instance at 0x7ff8d21315f0>,56,27,[12  4],57,-1,104,-1,77
1,<environment.Job instance at 0x7ff8d21c9050>,57,27,[14  3],58,-1,104,-1,77
1,<environment.Job instance at 0x7ff8d2131f50>,58,12,[10  5],59,-1,89,-1,77
1,<environment.Job instance at 0x7ff8d21c9a00>,59,14,[ 1 12],60,-1,91,-1,77
1,<environment.Job instance at 0x7ff8d2131690>,61,14,[13  5],62,-1,97,-1,83
1,<environment.Job instance at 0x7ff8d216b820>,62,25,[11  2],63,-1,108,-1,83
1,<environment.Job instance at 0x7ff8d21310f0>,63,14,[12  2],64,-1,97,-1,83
1,<environment.Job instance at 0x7ff8d216b1e0>,64,28,[8 4],65,-1,111,-1,83
1,<environment.Job instance at 0x7ff8d20bc5f0>,66,20,[12  1],67,-1,113,-1,93
1,<environment.Job instance at 0x7ff8d20bceb0>,67,13,[ 4 12],68,-1,106,-1,93
1,<environment.Job instance at 0x7ff8d20bc5a0>,68,18,[12  2],69,-1,111,-1,93
1,<environment.Job instance at 0x7ff8d20bc690>,69,15,[12  3],70,-1,108,-1,93
1,<environment.Job instance at 0x7ff8d210c0f0>,70,25,[7 2],71,-1,118,-1,93
1,<environment.Job instance at 0x7ff8d210cc30>,71,26,[ 5 11],72,-1,119,-1,93
1,<environment.Job instance at 0x7ff8d210caf0>,73,16,[11  1],74,-1,112,-1,96
1,<environment.Job instance at 0x7ff8d211a0a0>,75,19,[12  5],76,-1,129,-1,110
1,<environment.Job instance at 0x7ff8d211a870>,76,17,[11  3],77,-1,127,-1,110
1,<environment.Job instance at 0x7ff8d211ad70>,77,14,[ 1 10],78,-1,124,-1,110
1,<environment.Job instance at 0x7ff8d211a910>,78,25,[6 2],79,-1,135,-1,110
1,<environment.Job instance at 0x7ff8d2029410>,79,18,[12  4],80,-1,128,-1,110
1,<environment.Job instance at 0x7ff8d2029870>,80,14,[6 1],81,-1,124,-1,110
1,<environment.Job instance at 0x7ff8d20298c0>,81,26,[11  5],82,-1,136,-1,110
1,<environment.Job instance at 0x7ff8d20e3320>,83,14,[10  1],84,-1,140,-1,126
1,<environment.Job instance at 0x7ff8d20e3be0>,84,16,[11  2],85,-1,142,-1,126
1,<environment.Job instance at 0x7ff8d20e3280>,85,15,[13  5],86,-1,141,-1,126
1,<environment.Job instance at 0x7ff8d21293c0>,88,27,[14  3],89,-1,153,-1,126
1,<environment.Job instance at 0x7ff8d2129050>,89,20,[1 7],90,-1,146,-1,126
1,<environment.Job instance at 0x7ff8d2115f00>,90,26,[ 4 10],91,-1,152,-1,126
1,<environment.Job instance at 0x7ff8d21296e0>,91,26,[8 3],92,-1,152,-1,126
1,<environment.Job instance at 0x7ff8d21297d0>,92,23,[12  1],93,-1,149,-1,126
1,<environment.Job instance at 0x7ff8d2077910>,93,19,[ 2 13],94,-1,145,-1,126
1,<environment.Job instance at 0x7ff8d211fcd0>,94,22,[11  1],95,-1,148,-1,126
1,<environment.Job instance at 0x7ff8d2077280>,95,22,[ 1 13],96,-1,148,-1,126
1,<environment.Job instance at 0x7ff8d2152a50>,96,24,[ 2 14],97,-1,150,-1,126
1,<environment.Job instance at 0x7ff8d1c80a00>,4,15,[ 1 12],5,-1,20,-1,5
1,<environment.Job instance at 0x7ff8d1c80eb0>,5,14,[ 1 12],6,-1,20,-1,6
1,<environment.Job instance at 0x7ff8d1c80cd0>,7,23,[6 4],8,-1,44,-1,21
1,<environment.Job instance at 0x7ff8d1c80b40>,12,13,[14  3],13,-1,34,-1,21
1,<environment.Job instance at 0x7ff8d1d04550>,14,23,[13  3],15,-1,45,-1,22
1,<environment.Job instance at 0x7ff8d1d04820>,15,14,[ 1 10],16,-1,36,-1,22
1,<environment.Job instance at 0x7ff8d1d04b40>,16,23,[ 2 13],17,-1,45,-1,22
1,<environment.Job instance at 0x7ff8d1d04a50>,17,16,[11  4],18,-1,41,-1,25
1,<environment.Job instance at 0x7ff8d1d04190>,19,25,[4 5],20,-1,50,-1,25
1,<environment.Job instance at 0x7ff8d1d041e0>,20,25,[6 3],21,-1,50,-1,25
1,<environment.Job instance at 0x7ff8d1d04460>,21,20,[11  1],22,-1,45,-1,25
1,<environment.Job instance at 0x7ff8d1d04a00>,24,24,[5 5],25,-1,67,-1,43
1,<environment.Job instance at 0x7ff8d1d04e10>,25,13,[ 1 13],26,-1,56,-1,43
1,<environment.Job instance at 0x7ff8d1d04c30>,26,26,[ 1 13],27,-1,69,-1,43
1,<environment.Job instance at 0x7ff8d1d04370>,29,14,[14  2],30,-1,76,-1,62
1,<environment.Job instance at 0x7ff8d1d04b90>,30,22,[5 9],31,-1,115,-1,93
1,<environment.Job instance at 0x7ff8d1d04690>,34,18,[12  5],35,-1,111,-1,93
1,<environment.Job instance at 0x7ff8d1ccfd20>,35,20,[ 5 13],36,-1,113,-1,93
1,<environment.Job instance at 0x7ff8d1ccf0a0>,36,24,[2 7],37,-1,117,-1,93
1,<environment.Job instance at 0x7ff8d1ccf4b0>,37,16,[11  2],38,-1,109,-1,93
1,<environment.Job instance at 0x7ff8d1ccf370>,38,22,[ 2 12],39,-1,115,-1,93
1,<environment.Job instance at 0x7ff8d1ccfb90>,39,20,[12  3],40,-1,113,-1,93
1,<environment.Job instance at 0x7ff8d1ccf9b0>,40,19,[12  5],41,-1,112,-1,93
1,<environment.Job instance at 0x7ff8d1ccf140>,42,18,[12  1],43,-1,115,-1,97
1,<environment.Job instance at 0x7ff8d24619b0>,45,25,[8 5],46,-1,134,-1,109
1,<environment.Job instance at 0x7ff8d30efeb0>,46,17,[ 1 12],47,-1,126,-1,109
1,<environment.Job instance at 0x7ff8d20f3d20>,3,19,[ 3 14],4,-1,23,-1,4
1,<environment.Job instance at 0x7ff8d1d44550>,4,21,[14  2],5,-1,26,-1,5
1,<environment.Job instance at 0x7ff8d20c1140>,5,24,[14  2],6,-1,30,-1,6
1,<environment.Job instance at 0x7ff8d201f0f0>,6,21,[ 5 11],7,-1,28,-1,7
1,<environment.Job instance at 0x7ff8d201f780>,7,20,[ 2 12],8,-1,28,-1,8
1,<environment.Job instance at 0x7ff8d226df00>,8,23,[ 4 11],9,-1,32,-1,9
1,<environment.Job instance at 0x7ff8d201f6e0>,9,16,[ 3 14],10,-1,26,-1,10
1,<environment.Job instance at 0x7ff8d1f3dc80>,10,23,[ 3 13],11,-1,34,-1,11
1,<environment.Job instance at 0x7ff8d1f3da50>,11,21,[14  4],12,-1,33,-1,12
1,<environment.Job instance at 0x7ff8d1f3d780>,13,24,[ 3 10],14,-1,38,-1,14
1,<environment.Job instance at 0x7ff8d1f3dc30>,19,25,[5 8],20,-1,65,-1,40
1,<environment.Job instance at 0x7ff8d1cd8f50>,20,27,[7 4],21,-1,67,-1,40
1,<environment.Job instance at 0x7ff8d1cd8b90>,21,21,[ 3 11],22,-1,61,-1,40
1,<environment.Job instance at 0x7ff8d20bcc30>,22,14,[12  4],23,-1,54,-1,40
1,<environment.Job instance at 0x7ff8d1cd8e10>,23,12,[10  3],24,-1,54,-1,42
1,<environment.Job instance at 0x7ff8d1cd82d0>,24,26,[ 3 12],25,-1,68,-1,42
1,<environment.Job instance at 0x7ff8d2a5a2d0>,25,12,[11  4],26,-1,54,-1,42
1,<environment.Job instance at 0x7ff8d1cdfeb0>,28,12,[11  3],29,-1,57,-1,45
1,<environment.Job instance at 0x7ff8d1cdf050>,29,16,[ 3 12],30,-1,61,-1,45
1,<environment.Job instance at 0x7ff8d2129410>,31,15,[14  5],32,-1,75,-1,60
1,<environment.Job instance at 0x7ff8d22f3a50>,32,13,[14  1],33,-1,73,-1,60
1,<environment.Job instance at 0x7ff8d22f32d0>,33,24,[8 2],34,-1,84,-1,60
1,<environment.Job instance at 0x7ff8d201aeb0>,34,21,[ 2 12],35,-1,81,-1,60
1,<environment.Job instance at 0x7ff8d1c903c0>,35,23,[ 2 12],36,-1,83,-1,60
1,<environment.Job instance at 0x7ff8d1c902d0>,37,26,[ 5 11],38,-1,86,-1,60
1,<environment.Job instance at 0x7ff8d205a820>,1,17,[ 2 13],2,-1,19,-1,2
1,<environment.Job instance at 0x7ff8d205a780>,2,27,[12  4],3,-1,30,-1,3
1,<environment.Job instance at 0x7ff8d314ba00>,4,12,[ 1 12],5,-1,17,-1,5
1,<environment.Job instance at 0x7ff8d314b820>,6,12,[ 5 12],7,-1,19,-1,7
1,<environment.Job instance at 0x7ff8d31538c0>,16,13,[12  2],17,-1,63,-1,50
1,<environment.Job instance at 0x7ff8d3163f00>,17,22,[13  4],18,-1,72,-1,50
1,<environment.Job instance at 0x7ff8d3163f50>,18,14,[11  2],19,-1,64,-1,50
1,<environment.Job instance at 0x7ff8d31635a0>,19,24,[ 2 14],20,-1,74,-1,50
1,<environment.Job instance at 0x7ff8d3163910>,20,28,[2 7],21,-1,78,-1,50
1,<environment.Job instance at 0x7ff8d316bc80>,21,13,[ 1 14],22,-1,63,-1,50
1,<environment.Job instance at 0x7ff8d316b640>,23,23,[12  2],24,-1,73,-1,50
1,<environment.Job instance at 0x7ff8d316baa0>,24,18,[ 4 12],25,-1,68,-1,50
1,<environment.Job instance at 0x7ff8d316b190>,25,25,[6 5],26,-1,75,-1,50
1,<environment.Job instance at 0x7ff8d3149e10>,27,27,[5 9],28,-1,91,-1,64
1,<environment.Job instance at 0x7ff8d3149e60>,28,27,[2 6],29,-1,91,-1,64
1,<environment.Job instance at 0x7ff8d3149be0>,29,17,[ 4 14],30,-1,81,-1,64
1,<environment.Job instance at 0x7ff8d3149050>,30,15,[ 2 14],31,-1,79,-1,64
1,<environment.Job instance at 0x7ff8d3149370>,31,17,[ 5 13],32,-1,81,-1,64
1,<environment.Job instance at 0x7ff8d3149190>,32,23,[12  3],33,-1,87,-1,64
1,<environment.Job instance at 0x7ff8d3149d20>,33,20,[14  1],34,-1,84,-1,64
1,<environment.Job instance at 0x7ff8d2a5b4b0>,36,14,[ 4 10],37,-1,100,-1,86
1,<environment.Job instance at 0x7ff8d2a5bf00>,38,25,[ 1 10],39,-1,111,-1,86
1,<environment.Job instance at 0x7ff8d2a7f460>,43,18,[14  3],44,-1,135,-1,117
1,<environment.Job instance at 0x7ff8d2a7f320>,44,23,[ 2 11],45,-1,140,-1,117
1,<environment.Job instance at 0x7ff8d2a7f050>,45,18,[ 5 11],46,-1,135,-1,117
1,<environment.Job instance at 0x7ff8d2a7f6e0>,46,27,[11  5],47,-1,144,-1,117
1,<environment.Job instance at 0x7ff8d2a7f410>,47,17,[12  5],48,-1,134,-1,117
1,<environment.Job instance at 0x7ff8d2a7faa0>,49,21,[11  1],50,-1,155,-1,134
1,<environment.Job instance at 0x7ff8d1bd5c30>,50,14,[12  4],51,-1,148,-1,134
1,<environment.Job instance at 0x7ff8d1bd5190>,51,26,[5 4],52,-1,160,-1,134
1,<environment.Job instance at 0x7ff8d234d140>,2,27,[ 5 13],3,-1,30,-1,3
1,<environment.Job instance at 0x7ff8d2059410>,3,25,[13  4],4,-1,29,-1,4
1,<environment.Job instance at 0x7ff8d20598c0>,4,27,[ 2 14],5,-1,32,-1,5
1,<environment.Job instance at 0x7ff8d20599b0>,6,18,[ 4 13],7,-1,25,-1,7
1,<environment.Job instance at 0x7ff8d2059460>,7,12,[ 5 12],8,-1,20,-1,8
1,<environment.Job instance at 0x7ff8d2059500>,11,23,[12  3],12,-1,39,-1,16
1,<environment.Job instance at 0x7ff8d2059c30>,15,23,[4 5],16,-1,60,-1,37
1,<environment.Job instance at 0x7ff8d204e960>,18,17,[13  5],19,-1,79,-1,62
1,<environment.Job instance at 0x7ff8d204e730>,19,26,[4 6],20,-1,88,-1,62
1,<environment.Job instance at 0x7ff8d204ea50>,21,23,[ 4 11],22,-1,88,-1,65
1,<environment.Job instance at 0x7ff8d204e640>,22,26,[ 3 14],23,-1,91,-1,65
1,<environment.Job instance at 0x7ff8d204e410>,23,12,[ 2 13],24,-1,77,-1,65
1,<environment.Job instance at 0x7ff8d204e050>,24,19,[ 4 11],25,-1,84,-1,65
1,<environment.Job instance at 0x7ff8d204e550>,26,12,[11  1],27,-1,86,-1,74
1,<environment.Job instance at 0x7ff8d204ee60>,28,25,[14  5],29,-1,100,-1,75
1,<environment.Job instance at 0x7ff8d204eb40>,29,27,[6 1],30,-1,102,-1,75
1,<environment.Job instance at 0x7ff8d204eb90>,31,13,[12  5],32,-1,93,-1,80
1,<environment.Job instance at 0x7ff8d204eeb0>,33,16,[11  4],34,-1,105,-1,89
1,<environment.Job instance at 0x7ff8d2a65870>,38,22,[ 3 14],39,-1,150,-1,128
1,<environment.Job instance at 0x7ff8d2a65550>,39,26,[2 7],40,-1,154,-1,128
1,<environment.Job instance at 0x7ff8d2a65780>,40,23,[10  3],41,-1,151,-1,128
1,<environment.Job instance at 0x7ff8d2a65d70>,41,16,[14  1],42,-1,144,-1,128
1,<environment.Job instance at 0x7ff8d2a65cd0>,42,23,[13  2],43,-1,151,-1,128
1,<environment.Job instance at 0x7ff8d2a65b40>,43,25,[4 5],44,-1,153,-1,128
1,<environment.Job instance at 0x7ff8d2a650f0>,44,21,[14  1],45,-1,149,-1,128
1,<environment.Job instance at 0x7ff8d2a65190>,45,18,[11  1],46,-1,146,-1,128
1,<environment.Job instance at 0x7ff8d2a65050>,46,19,[ 3 12],47,-1,147,-1,128
1,<environment.Job instance at 0x7ff8d2a65a00>,48,18,[12  5],49,-1,152,-1,134
1,<environment.Job instance at 0x7ff8d2a65140>,49,27,[13  3],50,-1,161,-1,134
1,<environment.Job instance at 0x7ff8d3169a00>,2,25,[12  1],3,-1,28,-1,3
1,<environment.Job instance at 0x7ff8d3169460>,3,24,[5 8],4,-1,28,-1,4
1,<environment.Job instance at 0x7ff8d3169eb0>,4,13,[ 1 13],5,-1,18,-1,5
1,<environment.Job instance at 0x7ff8d3169140>,6,22,[ 5 11],7,-1,29,-1,7
1,<environment.Job instance at 0x7ff8d3169320>,7,24,[ 5 13],8,-1,32,-1,8
1,<environment.Job instance at 0x7ff8d248c320>,8,13,[ 1 14],9,-1,22,-1,9
1,<environment.Job instance at 0x7ff8d248c730>,9,26,[12  4],10,-1,36,-1,10
1,<environment.Job instance at 0x7ff8d248caa0>,11,21,[13  2],12,-1,33,-1,12
1,<environment.Job instance at 0x7ff8d248c6e0>,12,23,[14  5],13,-1,36,-1,13
1,<environment.Job instance at 0x7ff8d248c140>,13,14,[14  2],14,-1,28,-1,14
1,<environment.Job instance at 0x7ff8d248ceb0>,16,28,[5 4],17,-1,45,-1,17
1,<environment.Job instance at 0x7ff8d31698c0>,18,14,[8 1],19,-1,35,-1,21
1,<environment.Job instance at 0x7ff8d248c280>,21,17,[ 3 13],22,-1,39,-1,22
1,<environment.Job instance at 0x7ff8d248c5a0>,22,23,[13  3],23,-1,46,-1,23
1,<environment.Job instance at 0x7ff8d248c190>,23,18,[ 2 12],24,-1,42,-1,24
1,<environment.Job instance at 0x7ff8d248c1e0>,24,28,[11  1],25,-1,53,-1,25
1,<environment.Job instance at 0x7ff8d248c690>,26,12,[13  5],27,-1,42,-1,30
1,<environment.Job instance at 0x7ff8d21c9d20>,27,20,[ 5 14],28,-1,50,-1,30
1,<environment.Job instance at 0x7ff8d21c9820>,28,27,[ 2 14],29,-1,57,-1,30
1,<environment.Job instance at 0x7ff8d315e460>,29,13,[ 2 10],30,-1,43,-1,30
1,<environment.Job instance at 0x7ff8d315ee60>,30,15,[ 4 11],31,-1,46,-1,31
1,<environment.Job instance at 0x7ff8d315eaa0>,31,15,[13  5],32,-1,47,-1,32
1,<environment.Job instance at 0x7ff8d315ea00>,32,13,[14  4],33,-1,46,-1,33
1,<environment.Job instance at 0x7ff8d315e690>,33,16,[14  2],34,-1,50,-1,34
1,<environment.Job instance at 0x7ff8d315e640>,34,25,[14  4],35,-1,60,-1,35
1,<environment.Job instance at 0x7ff8d315e500>,35,19,[13  5],36,-1,55,-1,36
1,<environment.Job instance at 0x7ff8d315eb40>,36,26,[10  2],37,-1,63,-1,37
1,<environment.Job instance at 0x7ff8d315eaf0>,39,26,[2 9],40,-1,73,-1,47
1,<environment.Job instance at 0x7ff8d315e190>,40,23,[ 3 13],41,-1,70,-1,47
1,<environment.Job instance at 0x7ff8d315e2d0>,41,13,[12  5],42,-1,60,-1,47
1,<environment.Job instance at 0x7ff8d26ed910>,42,16,[ 4 10],43,-1,63,-1,47
1,<environment.Job instance at 0x7ff8d26ed140>,45,26,[5 7],46,-1,91,-1,65
1,<environment.Job instance at 0x7ff8d26ed7d0>,46,28,[14  1],47,-1,93,-1,65
1,<environment.Job instance at 0x7ff8d26edc30>,47,16,[ 3 12],48,-1,81,-1,65
1,<environment.Job instance at 0x7ff8d26ed1e0>,48,26,[12  1],49,-1,91,-1,65
1,<environment.Job instance at 0x7ff8d2b21f00>,49,22,[14  5],50,-1,87,-1,65
1,<environment.Job instance at 0x7ff8d2b21a50>,50,18,[12  5],51,-1,83,-1,65
1,<environment.Job instance at 0x7ff8d2b21f50>,51,14,[13  4],52,-1,79,-1,65
1,<environment.Job instance at 0x7ff8d2b210a0>,52,25,[ 1 13],53,-1,90,-1,65
1,<environment.Job instance at 0x7ff8d2b21730>,54,16,[11  5],55,-1,99,-1,83
1,<environment.Job instance at 0x7ff8d1bb5230>,55,25,[2 8],56,-1,108,-1,83
1,<environment.Job instance at 0x7ff8d1bb58c0>,56,15,[ 1 10],57,-1,98,-1,83
1,<environment.Job instance at 0x7ff8d1bb5c30>,57,26,[2 7],58,-1,109,-1,83
1,<environment.Job instance at 0x7ff8d1bb5be0>,58,20,[10  2],59,-1,103,-1,83
1,<environment.Job instance at 0x7ff8d1bb5280>,59,23,[1 6],60,-1,106,-1,83
1,<environment.Job instance at 0x7ff8d1bb5eb0>,60,26,[13  5],61,-1,109,-1,83
1,<environment.Job instance at 0x7ff8d1bb53c0>,61,16,[ 1 13],62,-1,99,-1,83
1,<environment.Job instance at 0x7ff8d1bb59b0>,62,25,[4 9],63,-1,108,-1,83
1,<environment.Job instance at 0x7ff8d1bb5a50>,64,14,[13  3],65,-1,97,-1,83
1,<environment.Job instance at 0x7ff8d1bb55f0>,65,14,[13  2],66,-1,97,-1,83
1,<environment.Job instance at 0x7ff8d1bb56e0>,66,12,[6 1],67,-1,95,-1,83
1,<environment.Job instance at 0x7ff8d1bb52d0>,67,28,[9 2],68,-1,111,-1,83
1,<environment.Job instance at 0x7ff8d3135d20>,68,28,[12  3],69,-1,111,-1,83
1,<environment.Job instance at 0x7ff8d3135f50>,70,15,[10  1],71,-1,109,-1,94
1,<environment.Job instance at 0x7ff8d3135c80>,74,12,[ 3 12],75,-1,123,-1,111
1,<environment.Job instance at 0x7ff8d3135c30>,75,12,[11  4],76,-1,123,-1,111
1,<environment.Job instance at 0x7ff8d3135f00>,76,20,[ 3 14],77,-1,131,-1,111
1,<environment.Job instance at 0x7ff8d3135a00>,77,16,[12  1],78,-1,127,-1,111
1,<environment.Job instance at 0x7ff8d1bd6c30>,78,21,[1 7],79,-1,132,-1,111
1,<environment.Job instance at 0x7ff8d1bd6410>,80,28,[ 1 11],81,-1,154,-1,126
1,<environment.Job instance at 0x7ff8d1bd6fa0>,81,22,[8 3],82,-1,148,-1,126
1,<environment.Job instance at 0x7ff8d1bd6370>,82,28,[14  4],83,-1,154,-1,126
1,<environment.Job instance at 0x7ff8d1bd6140>,83,27,[13  4],84,-1,153,-1,126
1,<environment.Job instance at 0x7ff8d1bd6d20>,84,12,[ 5 11],85,-1,138,-1,126
1,<environment.Job instance at 0x7ff8d1fc6b40>,86,17,[14  2],87,-1,143,-1,126
1,<environment.Job instance at 0x7ff8d1fc6280>,87,17,[ 1 12],88,-1,143,-1,126
1,<environment.Job instance at 0x7ff8d1fc6280>,2,23,[ 4 13],3,-1,26,-1,3
1,<environment.Job instance at 0x7ff8d2e07aa0>,4,26,[11  4],5,-1,31,-1,5
1,<environment.Job instance at 0x7ff8d2e07af0>,7,13,[ 3 13],8,-1,21,-1,8
1,<environment.Job instance at 0x7ff8d2def140>,8,15,[14  4],9,-1,24,-1,9
1,<environment.Job instance at 0x7ff8d2def460>,9,18,[ 3 14],10,-1,28,-1,10
1,<environment.Job instance at 0x7ff8d2def5a0>,10,28,[5 2],11,-1,40,-1,12
1,<environment.Job instance at 0x7ff8d2e167d0>,17,21,[11  3],18,-1,55,-1,34
1,<environment.Job instance at 0x7ff8d2e16e10>,19,23,[5 5],20,-1,62,-1,39
1,<environment.Job instance at 0x7ff8d2e109b0>,21,14,[11  3],22,-1,53,-1,39
1,<environment.Job instance at 0x7ff8d2e055a0>,22,28,[2 7],23,-1,67,-1,39
1,<environment.Job instance at 0x7ff8d2e05190>,23,27,[11  2],24,-1,66,-1,39
1,<environment.Job instance at 0x7ff8d25de8c0>,29,22,[ 2 11],30,-1,113,-1,91
1,<environment.Job instance at 0x7ff8d25de0f0>,30,16,[11  5],31,-1,107,-1,91
1,<environment.Job instance at 0x7ff8d25de3c0>,31,22,[1 8],32,-1,115,-1,93
1,<environment.Job instance at 0x7ff8d1f1cf00>,33,24,[4 7],34,-1,117,-1,93
1,<environment.Job instance at 0x7ff8d21ce910>,34,12,[ 5 10],35,-1,105,-1,93
1,<environment.Job instance at 0x7ff8d21ecaf0>,37,14,[13  2],38,-1,125,-1,111
1,<environment.Job instance at 0x7ff8d25d10a0>,38,22,[5 7],39,-1,133,-1,111
1,<environment.Job instance at 0x7ff8d21dedc0>,39,24,[ 1 14],40,-1,135,-1,111
1,<environment.Job instance at 0x7ff8d2e12eb0>,40,28,[7 5],41,-1,139,-1,111
1,<environment.Job instance at 0x7ff8d21c3140>,41,22,[12  4],42,-1,133,-1,111
1,<environment.Job instance at 0x7ff8d21c8f50>,43,24,[8 5],44,-1,152,-1,128
1,<environment.Job instance at 0x7ff8d21c8b90>,44,19,[13  1],45,-1,147,-1,128
1,<environment.Job instance at 0x7ff8d21d4050>,45,23,[11  5],46,-1,151,-1,128
1,<environment.Job instance at 0x7ff8d21d4fa0>,46,23,[ 2 12],47,-1,151,-1,128
1,<environment.Job instance at 0x7ff8d1f2a4b0>,48,25,[7 3],49,-1,153,-1,128
1,<environment.Job instance at 0x7ff8d21bd370>,49,23,[12  5],50,-1,151,-1,128
1,<environment.Job instance at 0x7ff8d1f0e6e0>,50,13,[11  2],51,-1,141,-1,128
1,<environment.Job instance at 0x7ff8d2e19500>,51,27,[5 2],52,-1,155,-1,128
1,<environment.Job instance at 0x7ff8d21c81e0>,3,15,[12  2],4,-1,19,-1,4
1,<environment.Job instance at 0x7ff8d21bd4b0>,4,20,[12  3],5,-1,25,-1,5
1,<environment.Job instance at 0x7ff8d21bd690>,6,26,[13  3],7,-1,33,-1,7
1,<environment.Job instance at 0x7ff8d21bd780>,7,23,[9 5],8,-1,31,-1,8
1,<environment.Job instance at 0x7ff8d21bd280>,8,27,[7 3],9,-1,36,-1,9
1,<environment.Job instance at 0x7ff8d21bd050>,9,22,[3 9],10,-1,34,-1,12
1,<environment.Job instance at 0x7ff8d21bd550>,12,14,[12  5],13,-1,27,-1,13
1,<environment.Job instance at 0x7ff8d21bde60>,13,22,[14  5],14,-1,36,-1,14
1,<environment.Job instance at 0x7ff8d21bd140>,14,19,[5 2],15,-1,40,-1,21
1,<environment.Job instance at 0x7ff8d21bdfa0>,18,14,[12  2],19,-1,35,-1,21
1,<environment.Job instance at 0x7ff8d21bd9b0>,19,23,[ 5 11],20,-1,44,-1,21
1,<environment.Job instance at 0x7ff8d21bd410>,20,12,[9 5],21,-1,35,-1,23
1,<environment.Job instance at 0x7ff8d21bd7d0>,21,14,[ 3 11],22,-1,37,-1,23
1,<environment.Job instance at 0x7ff8d21bd0f0>,22,15,[11  2],23,-1,38,-1,23
1,<environment.Job instance at 0x7ff8d2dadb90>,23,17,[ 5 11],24,-1,41,-1,24
1,<environment.Job instance at 0x7ff8d2dad690>,24,12,[8 3],25,-1,37,-1,25
1,<environment.Job instance at 0x7ff8d2dad9b0>,25,18,[ 2 10],26,-1,46,-1,28
1,<environment.Job instance at 0x7ff8d2dadbe0>,28,14,[8 5],29,-1,57,-1,43
1,<environment.Job instance at 0x7ff8d2dadaa0>,29,25,[9 4],30,-1,68,-1,43
1,<environment.Job instance at 0x7ff8d2dadf50>,30,15,[13  3],31,-1,58,-1,43
1,<environment.Job instance at 0x7ff8d2dad370>,31,17,[ 1 14],32,-1,60,-1,43
1,<environment.Job instance at 0x7ff8d2dada00>,33,28,[ 5 13],34,-1,74,-1,46
1,<environment.Job instance at 0x7ff8d2dad460>,34,15,[12  1],35,-1,61,-1,46
1,<environment.Job instance at 0x7ff8d2dad870>,35,25,[ 5 14],36,-1,71,-1,46
1,<environment.Job instance at 0x7ff8d2dad6e0>,36,16,[2 9],37,-1,71,-1,55
1,<environment.Job instance at 0x7ff8d2dadc80>,37,26,[4 9],38,-1,81,-1,55
1,<environment.Job instance at 0x7ff8d2dadb40>,38,27,[10  5],39,-1,82,-1,55
1,<environment.Job instance at 0x7ff8d2dadcd0>,39,18,[11  4],40,-1,73,-1,55
1,<environment.Job instance at 0x7ff8d2dad0f0>,40,14,[14  4],41,-1,69,-1,55
1,<environment.Job instance at 0x7ff8d2dad1e0>,41,26,[ 5 12],42,-1,81,-1,55
1,<environment.Job instance at 0x7ff8d2dad190>,42,18,[1 6],43,-1,75,-1,57
1,<environment.Job instance at 0x7ff8d2dad230>,43,16,[13  4],44,-1,73,-1,57
1,<environment.Job instance at 0x7ff8d2d14c80>,45,16,[ 5 12],46,-1,73,-1,57
1,<environment.Job instance at 0x7ff8d2d14a50>,46,21,[5 6],47,-1,81,-1,60
1,<environment.Job instance at 0x7ff8d2d146e0>,47,19,[2 7],48,-1,82,-1,63
1,<environment.Job instance at 0x7ff8d2d14fa0>,48,26,[6 4],49,-1,89,-1,63
1,<environment.Job instance at 0x7ff8d2d14690>,49,27,[3 5],50,-1,90,-1,63
1,<environment.Job instance at 0x7ff8d2d14b40>,51,21,[4 9],52,-1,85,-1,64
1,<environment.Job instance at 0x7ff8d2d14e10>,52,14,[12  4],53,-1,78,-1,64
1,<environment.Job instance at 0x7ff8d2d140a0>,53,22,[6 2],54,-1,86,-1,64
1,<environment.Job instance at 0x7ff8d2d14730>,54,12,[12  1],55,-1,76,-1,64
1,<environment.Job instance at 0x7ff8d2d147d0>,55,21,[12  3],56,-1,85,-1,64
1,<environment.Job instance at 0x7ff8d2d14f00>,56,12,[ 5 13],57,-1,76,-1,64
1,<environment.Job instance at 0x7ff8d2d14550>,57,12,[11  4],58,-1,76,-1,64
1,<environment.Job instance at 0x7ff8d2d14aa0>,58,15,[ 1 12],59,-1,79,-1,64
1,<environment.Job instance at 0x7ff8d2d14be0>,59,20,[5 6],60,-1,91,-1,71
1,<environment.Job instance at 0x7ff8d2d14910>,60,28,[7 1],61,-1,99,-1,71
1,<environment.Job instance at 0x7ff8d2d14eb0>,61,12,[13  3],62,-1,83,-1,71
1,<environment.Job instance at 0x7ff8d2d14820>,62,16,[ 3 12],63,-1,87,-1,71
1,<environment.Job instance at 0x7ff8d2ce4b40>,63,22,[ 5 14],64,-1,93,-1,71
1,<environment.Job instance at 0x7ff8d2ce4fa0>,64,28,[2 9],65,-1,99,-1,71
1,<environment.Job instance at 0x7ff8d2ce4d20>,65,19,[ 4 14],66,-1,90,-1,71
1,<environment.Job instance at 0x7ff8d2ce4820>,66,23,[9 5],67,-1,94,-1,71
1,<environment.Job instance at 0x7ff8d2ce4f00>,68,27,[13  3],69,-1,100,-1,73
1,<environment.Job instance at 0x7ff8d2ce4be0>,69,17,[ 4 12],70,-1,90,-1,73
1,<environment.Job instance at 0x7ff8d2ce48c0>,71,24,[5 4],72,-1,105,-1,81
1,<environment.Job instance at 0x7ff8d2cebd70>,72,20,[ 1 13],73,-1,101,-1,81
1,<environment.Job instance at 0x7ff8d2ceb690>,73,15,[10  1],74,-1,96,-1,81
1,<environment.Job instance at 0x7ff8d2cebf00>,74,27,[ 3 14],75,-1,108,-1,81
1,<environment.Job instance at 0x7ff8d2ceb8c0>,75,12,[1 9],76,-1,93,-1,81
1,<environment.Job instance at 0x7ff8d2ceb550>,76,27,[3 6],77,-1,108,-1,81
1,<environment.Job instance at 0x7ff8d2cebe10>,77,13,[5 8],78,-1,94,-1,81
1,<environment.Job instance at 0x7ff8d2ceb730>,79,28,[12  3],80,-1,109,-1,81
1,<environment.Job instance at 0x7ff8d2ceb640>,80,27,[5 2],81,-1,108,-1,81
1,<environment.Job instance at 0x7ff8d2cebcd0>,81,12,[ 3 13],82,-1,94,-1,82
1,<environment.Job instance at 0x7ff8d2cebe60>,82,17,[14  5],83,-1,100,-1,83
1,<environment.Job instance at 0x7ff8d2cfb6e0>,83,15,[14  2],84,-1,99,-1,84
1,<environment.Job instance at 0x7ff8d2cfb5a0>,84,15,[ 1 12],85,-1,100,-1,85
1,<environment.Job instance at 0x7ff8d2cfbc80>,85,14,[3 9],86,-1,101,-1,87
1,<environment.Job instance at 0x7ff8d2cebb90>,86,12,[10  1],87,-1,99,-1,87
1,<environment.Job instance at 0x7ff8d2cfbaa0>,87,17,[4 7],88,-1,107,-1,90
1,<environment.Job instance at 0x7ff8d2d02dc0>,88,12,[ 1 12],89,-1,102,-1,90
1,<environment.Job instance at 0x7ff8d2d02fa0>,89,19,[5 8],90,-1,125,-1,106
1,<environment.Job instance at 0x7ff8d2d02c30>,92,22,[11  5],93,-1,128,-1,106
1,<environment.Job instance at 0x7ff8d2d02d20>,93,13,[9 2],94,-1,119,-1,106
1,<environment.Job instance at 0x7ff8d2d02b40>,94,21,[5 8],95,-1,132,-1,111
1,<environment.Job instance at 0x7ff8d2d02d70>,95,21,[11  3],96,-1,132,-1,111
1,<environment.Job instance at 0x7ff8d205e690>,96,24,[1 8],97,-1,135,-1,111
1,<environment.Job instance at 0x7ff8d205e870>,97,17,[ 1 10],98,-1,128,-1,111
1,<environment.Job instance at 0x7ff8d205e780>,99,12,[11  2],100,-1,123,-1,111
1,<environment.Job instance at 0x7ff8d205e320>,100,18,[ 3 11],101,-1,129,-1,111
1,<environment.Job instance at 0x7ff8d205e050>,101,15,[ 3 12],102,-1,126,-1,111
1,<environment.Job instance at 0x7ff8d205e640>,102,15,[1 7],103,-1,134,-1,119
1,<environment.Job instance at 0x7ff8d205e730>,103,24,[2 8],104,-1,143,-1,119
1,<environment.Job instance at 0x7ff8d205eaf0>,104,24,[5 7],105,-1,143,-1,119
1,<environment.Job instance at 0x7ff8d205ea50>,105,13,[14  2],106,-1,132,-1,119
1,<environment.Job instance at 0x7ff8d205ec80>,106,12,[ 5 14],107,-1,131,-1,119
1,<environment.Job instance at 0x7ff8d205e2d0>,107,28,[11  4],108,-1,147,-1,119
1,<environment.Job instance at 0x7ff8d205eaa0>,108,23,[1 6],109,-1,142,-1,119
1,<environment.Job instance at 0x7ff8d205e1e0>,109,26,[1 8],110,-1,145,-1,119
1,<environment.Job instance at 0x7ff8d205e6e0>,110,13,[1 9],111,-1,132,-1,119
1,<environment.Job instance at 0x7ff8d205e5f0>,111,12,[5 2],112,-1,131,-1,119
1,<environment.Job instance at 0x7ff8d205ec30>,112,18,[7 1],113,-1,137,-1,119
1,<environment.Job instance at 0x7ff8d205e460>,113,25,[7 5],114,-1,144,-1,119
1,<environment.Job instance at 0x7ff8d205e5a0>,114,24,[5 3],115,-1,143,-1,119
1,<environment.Job instance at 0x7ff8d205eeb0>,115,15,[ 1 14],116,-1,134,-1,119
1,<environment.Job instance at 0x7ff8d205e0f0>,116,24,[5 2],117,-1,143,-1,119
1,<environment.Job instance at 0x7ff8d266f9b0>,117,25,[8 1],118,-1,144,-1,119
1,<environment.Job instance at 0x7ff8d266fe60>,119,20,[ 4 13],120,-1,140,-1,120
1,<environment.Job instance at 0x7ff8d266f730>,121,20,[1 9],122,-1,149,-1,129
1,<environment.Job instance at 0x7ff8d266fb90>,123,26,[9 3],124,-1,155,-1,129
1,<environment.Job instance at 0x7ff8d266fdc0>,124,22,[6 3],125,-1,151,-1,129
1,<environment.Job instance at 0x7ff8d266f5f0>,125,20,[14  4],126,-1,149,-1,129
1,<environment.Job instance at 0x7ff8d2a70d20>,3,19,[12  4],4,-1,24,-1,5
1,<environment.Job instance at 0x7ff8d20eee60>,15,26,[ 5 13],16,-1,103,-1,77
1,<environment.Job instance at 0x7ff8d2aa5500>,1,16,[11  2],2,-1,18,-1,2
1,<environment.Job instance at 0x7ff8d2aa5320>,3,23,[14  2],4,-1,27,-1,4
1,<environment.Job instance at 0x7ff8d2aa5190>,4,24,[5 9],5,-1,29,-1,5
1,<environment.Job instance at 0x7ff8d2aa5140>,5,12,[12  5],6,-1,18,-1,6
1,<environment.Job instance at 0x7ff8d2aa5eb0>,6,28,[ 2 11],7,-1,35,-1,7
1,<environment.Job instance at 0x7ff8d2aa5280>,7,26,[9 1],8,-1,34,-1,8
1,<environment.Job instance at 0x7ff8d2aa5c30>,9,23,[14  3],10,-1,33,-1,10
1,<environment.Job instance at 0x7ff8d2aa5e60>,10,18,[ 3 13],11,-1,29,-1,11
1,<environment.Job instance at 0x7ff8d20eed70>,12,16,[ 4 12],13,-1,29,-1,13
1,<environment.Job instance at 0x7ff8d2aa5b40>,13,25,[1 8],14,-1,41,-1,16
1,<environment.Job instance at 0x7ff8d2aa5af0>,19,16,[14  1],20,-1,45,-1,29
1,<environment.Job instance at 0x7ff8d2aa5820>,23,26,[4 8],24,-1,77,-1,51
1,<environment.Job instance at 0x7ff8d21bc5a0>,29,23,[ 5 11],30,-1,122,-1,99
1,<environment.Job instance at 0x7ff8d21bcb90>,30,24,[9 1],31,-1,123,-1,99
1,<environment.Job instance at 0x7ff8d21bcc80>,33,13,[11  2],34,-1,127,-1,114
1,<environment.Job instance at 0x7ff8d21bc640>,35,26,[11  3],36,-1,149,-1,123
1,<environment.Job instance at 0x7ff8d21bc2d0>,36,25,[5 3],37,-1,148,-1,123
1,<environment.Job instance at 0x7ff8d21bc910>,38,21,[ 3 11],39,-1,153,-1,132
1,<environment.Job instance at 0x7ff8d21bcaf0>,39,19,[ 3 10],40,-1,151,-1,132
1,<environment.Job instance at 0x7ff8d1a99960>,2,28,[ 5 13],3,-1,31,-1,3
1,<environment.Job instance at 0x7ff8d1a99820>,4,27,[6 4],5,-1,32,-1,5
1,<environment.Job instance at 0x7ff8d1a99410>,6,17,[ 2 14],7,-1,24,-1,7
1,<environment.Job instance at 0x7ff8d1a990f0>,11,20,[11  1],12,-1,32,-1,12
1,<environment.Job instance at 0x7ff8d1a99460>,17,14,[ 3 11],18,-1,61,-1,47
1,<environment.Job instance at 0x7ff8d1a99e10>,19,15,[14  1],20,-1,64,-1,49
1,<environment.Job instance at 0x7ff8d1a99910>,21,15,[14  4],22,-1,75,-1,60
1,<environment.Job instance at 0x7ff8d1a99b40>,22,25,[ 5 10],23,-1,85,-1,60
1,<environment.Job instance at 0x7ff8d1a763c0>,23,20,[12  3],24,-1,80,-1,60
1,<environment.Job instance at 0x7ff8d1a76d20>,24,20,[ 4 11],25,-1,80,-1,60
1,<environment.Job instance at 0x7ff8d1a76460>,25,19,[ 2 13],26,-1,79,-1,60
1,<environment.Job instance at 0x7ff8d1a76050>,26,15,[14  2],27,-1,75,-1,60
1,<environment.Job instance at 0x7ff8d1a765f0>,27,12,[13  3],28,-1,72,-1,60
1,<environment.Job instance at 0x7ff8d1a76a50>,29,21,[11  1],30,-1,83,-1,62
1,<environment.Job instance at 0x7ff8d1a76c80>,31,25,[10  4],32,-1,100,-1,75
1,<environment.Job instance at 0x7ff8d1a769b0>,32,23,[8 3],33,-1,98,-1,75
1,<environment.Job instance at 0x7ff8d1a76140>,34,18,[14  3],35,-1,98,-1,80
1,<environment.Job instance at 0x7ff8d1a76aa0>,35,13,[11  5],36,-1,93,-1,80
1,<environment.Job instance at 0x7ff8d1a76b40>,37,20,[12  2],38,-1,107,-1,87
1,<environment.Job instance at 0x7ff8d1a76640>,39,28,[8 4],40,-1,117,-1,89
1,<environment.Job instance at 0x7ff8d1a76500>,40,17,[ 3 13],41,-1,106,-1,89
1,<environment.Job instance at 0x7ff8d1a76320>,44,19,[12  3],45,-1,131,-1,112
1,<environment.Job instance at 0x7ff8d233cf50>,45,27,[ 1 13],46,-1,139,-1,112
1,<environment.Job instance at 0x7ff8d233cbe0>,46,18,[11  3],47,-1,135,-1,117
1,<environment.Job instance at 0x7ff8d1a96b40>,48,21,[ 5 12],49,-1,149,-1,128
1,<environment.Job instance at 0x7ff8d26a85f0>,1,16,[ 2 14],2,-1,18,-1,2
1,<environment.Job instance at 0x7ff8d1a96a50>,2,12,[ 5 13],3,-1,15,-1,3
1,<environment.Job instance at 0x7ff8d26a8500>,5,18,[12  1],6,-1,24,-1,6
1,<environment.Job instance at 0x7ff8d26a8af0>,6,27,[13  3],7,-1,34,-1,7
1,<environment.Job instance at 0x7ff8d26a8140>,9,27,[ 5 14],10,-1,37,-1,10
1,<environment.Job instance at 0x7ff8d26a8d70>,10,19,[13  4],11,-1,31,-1,12
1,<environment.Job instance at 0x7ff8d26a8e60>,12,17,[14  1],13,-1,30,-1,13
1,<environment.Job instance at 0x7ff8d26a81e0>,15,15,[13  2],16,-1,31,-1,16
1,<environment.Job instance at 0x7ff8d2ce4dc0>,16,16,[14  2],17,-1,33,-1,17
1,<environment.Job instance at 0x7ff8d2ce4c80>,19,23,[11  2],20,-1,51,-1,28
1,<environment.Job instance at 0x7ff8d2ce4b90>,23,22,[ 2 12],24,-1,90,-1,68
1,<environment.Job instance at 0x7ff8d2ce4190>,24,28,[ 3 11],25,-1,96,-1,68
1,<environment.Job instance at 0x7ff8d2ce46e0>,25,22,[ 3 13],26,-1,90,-1,68
1,<environment.Job instance at 0x7ff8d2ce4fa0>,28,28,[9 5],29,-1,136,-1,108
1,<environment.Job instance at 0x7ff8d2ce40a0>,29,13,[13  1],30,-1,121,-1,108
1,<environment.Job instance at 0x7ff8d2817190>,32,23,[5 2],33,-1,131,-1,108
1,<environment.Job instance at 0x7ff8d2817910>,33,22,[12  2],34,-1,130,-1,108
1,<environment.Job instance at 0x7ff8d2817140>,35,15,[11  3],36,-1,133,-1,118
1,<environment.Job instance at 0x7ff8d28175f0>,36,28,[4 7],37,-1,146,-1,118
1,<environment.Job instance at 0x7ff8d2817370>,38,28,[ 4 10],39,-1,149,-1,121
1,<environment.Job instance at 0x7ff8d2817780>,39,16,[11  3],40,-1,137,-1,121
1,<environment.Job instance at 0x7ff8d2817820>,40,13,[5 1],41,-1,134,-1,121
1,<environment.Job instance at 0x7ff8d2817d70>,41,27,[14  2],42,-1,148,-1,121
1,<environment.Job instance at 0x7ff8d2817a00>,42,16,[13  2],43,-1,137,-1,121
1,<environment.Job instance at 0x7ff8d2817af0>,43,14,[12  1],44,-1,135,-1,121
1,<environment.Job instance at 0x7ff8d28170f0>,44,21,[8 5],45,-1,142,-1,121
1,<environment.Job instance at 0x7ff8d2817410>,45,18,[1 8],46,-1,139,-1,121
1,<environment.Job instance at 0x7ff8d2817fa0>,46,25,[ 4 13],47,-1,146,-1,121
1,<environment.Job instance at 0x7ff8d2817960>,47,20,[13  1],48,-1,141,-1,121
1,<environment.Job instance at 0x7ff8d2817050>,48,27,[10  4],49,-1,148,-1,121
1,<environment.Job instance at 0x7ff8d1be46e0>,49,13,[6 2],50,-1,134,-1,121
1,<environment.Job instance at 0x7ff8d1be4730>,50,21,[2 5],51,-1,142,-1,121
1,<environment.Job instance at 0x7ff8d1be47d0>,51,24,[ 4 10],52,-1,145,-1,121
1,<environment.Job instance at 0x7ff8d1be4fa0>,52,26,[ 4 13],53,-1,147,-1,121
1,<environment.Job instance at 0x7ff8d1be4690>,54,23,[7 4],55,-1,159,-1,136
1,<environment.Job instance at 0x7ff8d1be4aa0>,55,23,[5 6],56,-1,159,-1,136
1,<environment.Job instance at 0x7ff8d1be4780>,57,25,[ 5 14],58,-1,162,-1,137
1,<environment.Job instance at 0x7ff8d1be4320>,2,21,[13  4],3,-1,24,-1,3
1,<environment.Job instance at 0x7ff8d21c94b0>,3,20,[ 2 11],4,-1,24,-1,4
1,<environment.Job instance at 0x7ff8d21c9fa0>,10,14,[ 4 11],11,-1,42,-1,28
1,<environment.Job instance at 0x7ff8d27713c0>,11,13,[14  1],12,-1,41,-1,28
1,<environment.Job instance at 0x7ff8d2771550>,17,26,[2 5],18,-1,93,-1,67
1,<environment.Job instance at 0x7ff8d27710a0>,18,28,[4 8],19,-1,95,-1,67
1,<environment.Job instance at 0x7ff8d2771b90>,19,28,[1 5],20,-1,95,-1,67
1,<environment.Job instance at 0x7ff8d2771870>,20,27,[9 5],21,-1,94,-1,67
1,<environment.Job instance at 0x7ff8d2771b40>,22,22,[ 2 12],23,-1,96,-1,74
1,<environment.Job instance at 0x7ff8d2771780>,24,20,[ 4 13],25,-1,108,-1,88
1,<environment.Job instance at 0x7ff8d2771500>,25,19,[11  2],26,-1,107,-1,88
1,<environment.Job instance at 0x7ff8d2771a00>,26,26,[ 3 10],27,-1,114,-1,88
1,<environment.Job instance at 0x7ff8d2771820>,27,13,[12  3],28,-1,101,-1,88
1,<environment.Job instance at 0x7ff8d30a2140>,28,19,[ 2 11],29,-1,107,-1,88
1,<environment.Job instance at 0x7ff8d2771190>,29,17,[ 5 14],30,-1,105,-1,88
1,<environment.Job instance at 0x7ff8d30a26e0>,30,25,[9 1],31,-1,113,-1,88
1,<environment.Job instance at 0x7ff8d30a2f50>,32,15,[14  1],33,-1,103,-1,88
1,<environment.Job instance at 0x7ff8d30a25f0>,33,25,[5 6],34,-1,113,-1,88
1,<environment.Job instance at 0x7ff8d30a2eb0>,34,28,[1 5],35,-1,116,-1,88
1,<environment.Job instance at 0x7ff8d30a2780>,35,24,[ 3 13],36,-1,112,-1,88
1,<environment.Job instance at 0x7ff8d30a2b90>,37,24,[14  5],38,-1,122,-1,98
1,<environment.Job instance at 0x7ff8d30a28c0>,38,25,[7 4],39,-1,123,-1,98
1,<environment.Job instance at 0x7ff8d30a2cd0>,39,27,[ 1 11],40,-1,125,-1,98
1,<environment.Job instance at 0x7ff8d30a2870>,41,23,[9 5],42,-1,132,-1,109
1,<environment.Job instance at 0x7ff8d30a2c30>,42,23,[ 5 14],43,-1,132,-1,109
1,<environment.Job instance at 0x7ff8d30a23c0>,43,16,[ 2 13],44,-1,125,-1,109
1,<environment.Job instance at 0x7ff8d30a24b0>,44,19,[5 1],45,-1,138,-1,119
1,<environment.Job instance at 0x7ff8d30a29b0>,46,12,[ 3 14],47,-1,131,-1,119
1,<environment.Job instance at 0x7ff8d30a0c80>,3,14,[ 3 13],4,-1,18,-1,4
1,<environment.Job instance at 0x7ff8d30a00f0>,5,27,[ 4 11],6,-1,33,-1,6
1,<environment.Job instance at 0x7ff8d2ccff50>,6,15,[ 5 10],7,-1,34,-1,19
1,<environment.Job instance at 0x7ff8d2ccf690>,12,28,[4 5],13,-1,47,-1,19
1,<environment.Job instance at 0x7ff8d2ccf370>,14,28,[9 1],15,-1,57,-1,29
1,<environment.Job instance at 0x7ff8d2ccfb90>,15,28,[5 5],16,-1,57,-1,29
1,<environment.Job instance at 0x7ff8d1ebaaa0>,22,25,[2 6],23,-1,89,-1,64
1,<environment.Job instance at 0x7ff8d1eba1e0>,23,15,[11  2],24,-1,79,-1,64
1,<environment.Job instance at 0x7ff8d1eba640>,24,25,[10  3],25,-1,89,-1,64
1,<environment.Job instance at 0x7ff8d1eba370>,25,28,[4 6],26,-1,92,-1,64
1,<environment.Job instance at 0x7ff8d1eba9b0>,27,18,[11  5],28,-1,88,-1,70
1,<environment.Job instance at 0x7ff8d1eba870>,28,23,[ 1 10],29,-1,93,-1,70
1,<environment.Job instance at 0x7ff8d1ebabe0>,29,17,[ 3 14],30,-1,87,-1,70
1,<environment.Job instance at 0x7ff8d1eba4b0>,31,28,[4 7],32,-1,111,-1,83
1,<environment.Job instance at 0x7ff8d1ebaf00>,33,24,[11  4],34,-1,120,-1,96
1,<environment.Job instance at 0x7ff8d1ebaa50>,34,21,[13  3],35,-1,117,-1,96
1,<environment.Job instance at 0x7ff8d20b5230>,35,14,[12  3],36,-1,110,-1,96
1,<environment.Job instance at 0x7ff8d20b5410>,37,24,[11  4],38,-1,120,-1,96
1,<environment.Job instance at 0x7ff8d20b5050>,39,22,[3 7],40,-1,124,-1,102
1,<environment.Job instance at 0x7ff8d20b5f50>,40,16,[ 1 12],41,-1,118,-1,102
1,<environment.Job instance at 0x7ff8d20b51e0>,42,12,[ 2 12],43,-1,129,-1,117
1,<environment.Job instance at 0x7ff8d20b5d70>,45,16,[13  1],46,-1,145,-1,129
1,<environment.Job instance at 0x7ff8d20b5d70>,2,15,[ 4 13],3,-1,18,-1,3
1,<environment.Job instance at 0x7ff8d1be9690>,3,28,[11  2],4,-1,32,-1,4
1,<environment.Job instance at 0x7ff8d1be96e0>,4,12,[ 3 12],5,-1,17,-1,5
1,<environment.Job instance at 0x7ff8d1be99b0>,5,24,[7 1],6,-1,30,-1,6
1,<environment.Job instance at 0x7ff8d1be9b40>,8,23,[7 4],9,-1,32,-1,9
1,<environment.Job instance at 0x7ff8d1be9230>,7,24,[6 2],8,-1,33,-1,9
1,<environment.Job instance at 0x7ff8d1be9be0>,10,15,[ 4 12],11,-1,26,-1,11
1,<environment.Job instance at 0x7ff8d1be9a00>,11,25,[11  3],12,-1,37,-1,12
1,<environment.Job instance at 0x7ff8d1be9b90>,12,28,[5 3],13,-1,41,-1,13
1,<environment.Job instance at 0x7ff8d1be9cd0>,14,24,[10  4],15,-1,39,-1,15
1,<environment.Job instance at 0x7ff8d1be98c0>,15,12,[ 3 13],16,-1,28,-1,16
1,<environment.Job instance at 0x7ff8d1be9370>,16,27,[ 4 12],17,-1,44,-1,17
1,<environment.Job instance at 0x7ff8d1be9eb0>,18,21,[ 2 11],19,-1,40,-1,19
1,<environment.Job instance at 0x7ff8d1be9460>,20,17,[ 4 13],21,-1,38,-1,21
1,<environment.Job instance at 0x7ff8d28a95f0>,21,17,[ 1 14],22,-1,39,-1,22
1,<environment.Job instance at 0x7ff8d28a92d0>,22,13,[13  1],23,-1,36,-1,23
1,<environment.Job instance at 0x7ff8d28a93c0>,26,25,[ 1 12],27,-1,54,-1,29
1,<environment.Job instance at 0x7ff8d28a90f0>,27,19,[14  2],28,-1,48,-1,29
1,<environment.Job instance at 0x7ff8d28a9190>,28,18,[11  2],29,-1,47,-1,29
1,<environment.Job instance at 0x7ff8d28a9640>,29,27,[ 2 11],30,-1,57,-1,30
1,<environment.Job instance at 0x7ff8d28a9550>,30,21,[ 5 12],31,-1,52,-1,31
1,<environment.Job instance at 0x7ff8d28a97d0>,31,27,[5 9],32,-1,59,-1,32
1,<environment.Job instance at 0x7ff8d28a96e0>,32,24,[ 2 12],33,-1,57,-1,33
1,<environment.Job instance at 0x7ff8d28a9fa0>,33,27,[ 2 11],34,-1,61,-1,34
1,<environment.Job instance at 0x7ff8d28a9f00>,34,20,[12  2],35,-1,55,-1,35
1,<environment.Job instance at 0x7ff8d28a9870>,35,26,[6 1],36,-1,62,-1,36
1,<environment.Job instance at 0x7ff8d28a9230>,38,26,[1 6],39,-1,67,-1,41
1,<environment.Job instance at 0x7ff8d1b256e0>,39,27,[12  5],40,-1,68,-1,41
1,<environment.Job instance at 0x7ff8d1b25af0>,44,18,[ 1 11],45,-1,95,-1,77
1,<environment.Job instance at 0x7ff8d1b255a0>,45,27,[11  1],46,-1,104,-1,77
1,<environment.Job instance at 0x7ff8d1b25f50>,46,16,[ 1 14],47,-1,93,-1,77
1,<environment.Job instance at 0x7ff8d30213c0>,4,20,[3 9],5,-1,35,-1,15
1,<environment.Job instance at 0x7ff8d3021af0>,8,25,[13  4],9,-1,40,-1,15
1,<environment.Job instance at 0x7ff8d30218c0>,9,24,[5 8],10,-1,39,-1,15
1,<environment.Job instance at 0x7ff8d3021640>,10,20,[11  5],11,-1,35,-1,15
1,<environment.Job instance at 0x7ff8d30211e0>,11,24,[ 4 11],12,-1,39,-1,15
1,<environment.Job instance at 0x7ff8d3021a00>,12,16,[ 2 10],13,-1,31,-1,15
1,<environment.Job instance at 0x7ff8d3021960>,13,28,[8 4],14,-1,43,-1,15
1,<environment.Job instance at 0x7ff8d3021e60>,14,17,[14  4],15,-1,32,-1,15
1,<environment.Job instance at 0x7ff8d3021f00>,18,24,[13  3],19,-1,70,-1,46
1,<environment.Job instance at 0x7ff8d3021c30>,19,16,[ 5 12],20,-1,62,-1,46
1,<environment.Job instance at 0x7ff8d3021dc0>,20,26,[5 9],21,-1,72,-1,46
1,<environment.Job instance at 0x7ff8d3021d20>,21,22,[ 3 12],22,-1,68,-1,46
1,<environment.Job instance at 0x7ff8d3021eb0>,22,13,[14  4],23,-1,59,-1,46
1,<environment.Job instance at 0x7ff8d2b1da50>,23,24,[ 2 14],24,-1,70,-1,46
1,<environment.Job instance at 0x7ff8d2b1d280>,24,12,[6 1],25,-1,58,-1,46
1,<environment.Job instance at 0x7ff8d2b1d5f0>,25,12,[1 8],26,-1,60,-1,48
1,<environment.Job instance at 0x7ff8d2b1d870>,28,20,[13  3],29,-1,80,-1,60
1,<environment.Job instance at 0x7ff8d2b1dfa0>,30,17,[13  1],31,-1,77,-1,60
1,<environment.Job instance at 0x7ff8d2b1dc30>,32,24,[12  1],33,-1,96,-1,72
1,<environment.Job instance at 0x7ff8d2b1da00>,34,23,[14  2],35,-1,95,-1,72
1,<environment.Job instance at 0x7ff8d2b1d6e0>,35,21,[ 3 14],36,-1,93,-1,72
1,<environment.Job instance at 0x7ff8d2b1d690>,36,13,[14  4],37,-1,85,-1,72
1,<environment.Job instance at 0x7ff8d2b1dc80>,37,25,[2 8],38,-1,97,-1,72
1,<environment.Job instance at 0x7ff8d2c8e820>,39,25,[9 3],40,-1,103,-1,78
1,<environment.Job instance at 0x7ff8d2c8e690>,40,19,[ 4 10],41,-1,97,-1,78
1,<environment.Job instance at 0x7ff8d2c8eaa0>,41,20,[ 4 14],42,-1,98,-1,78
1,<environment.Job instance at 0x7ff8d2c8e140>,42,22,[12  2],43,-1,100,-1,78
1,<environment.Job instance at 0x7ff8d2c8e230>,43,22,[ 5 12],44,-1,100,-1,78
1,<environment.Job instance at 0x7ff8d2c8e7d0>,44,21,[11  2],45,-1,99,-1,78
1,<environment.Job instance at 0x7ff8d2c8ea00>,46,28,[5 7],47,-1,116,-1,88
1,<environment.Job instance at 0x7ff8d2c8e960>,47,22,[13  2],48,-1,110,-1,88
1,<environment.Job instance at 0x7ff8d2c8e550>,48,27,[10  4],49,-1,115,-1,88
1,<environment.Job instance at 0x7ff8d2c8e5f0>,49,13,[ 5 11],50,-1,101,-1,88
1,<environment.Job instance at 0x7ff8d1bd5a00>,51,28,[11  5],52,-1,123,-1,95
1,<environment.Job instance at 0x7ff8d1bd5280>,52,18,[ 1 13],53,-1,113,-1,95
1,<environment.Job instance at 0x7ff8d1bd5910>,55,25,[13  1],56,-1,142,-1,117
1,<environment.Job instance at 0x7ff8d1bd5640>,56,17,[ 5 14],57,-1,134,-1,117
1,<environment.Job instance at 0x7ff8d1bd5f50>,57,16,[11  1],58,-1,133,-1,117
1,<environment.Job instance at 0x7ff8d1bd53c0>,58,17,[14  2],59,-1,134,-1,117
1,<environment.Job instance at 0x7ff8d1bd5be0>,59,28,[11  5],60,-1,145,-1,117
1,<environment.Job instance at 0x7ff8d1bd5140>,60,20,[ 3 12],61,-1,137,-1,117
1,<environment.Job instance at 0x7ff8d1bd5550>,61,25,[13  4],62,-1,142,-1,117
1,<environment.Job instance at 0x7ff8d1bd5f00>,62,14,[11  5],63,-1,131,-1,117
1,<environment.Job instance at 0x7ff8d1bd5370>,64,16,[11  5],65,-1,154,-1,138
1,<environment.Job instance at 0x7ff8d1bd50a0>,65,24,[ 2 12],66,-1,162,-1,138
1,<environment.Job instance at 0x7ff8d1bd52d0>,66,16,[ 4 14],67,-1,154,-1,138
1,<environment.Job instance at 0x7ff8d1bd5b90>,67,13,[ 5 14],68,-1,151,-1,138
1,<environment.Job instance at 0x7ff8d1bd5eb0>,69,18,[14  2],70,-1,156,-1,138
1,<environment.Job instance at 0x7ff8d1bd5320>,70,12,[12  2],71,-1,150,-1,138
1,<environment.Job instance at 0x7ff8d1bd55f0>,71,13,[ 1 14],72,-1,151,-1,138
1,<environment.Job instance at 0x7ff8d1e6b280>,72,27,[5 4],73,-1,165,-1,138
1,<environment.Job instance at 0x7ff8d2d970f0>,2,24,[ 4 14],3,-1,27,-1,3
1,<environment.Job instance at 0x7ff8d2d97f00>,3,12,[ 4 14],4,-1,16,-1,4
1,<environment.Job instance at 0x7ff8d2d97640>,4,23,[11  2],5,-1,28,-1,5
1,<environment.Job instance at 0x7ff8d2671b90>,5,18,[ 3 12],6,-1,24,-1,6
1,<environment.Job instance at 0x7ff8d2d97d20>,7,27,[ 5 10],8,-1,35,-1,8
1,<environment.Job instance at 0x7ff8d2671190>,8,28,[13  4],9,-1,37,-1,9
1,<environment.Job instance at 0x7ff8d26711e0>,9,24,[5 2],10,-1,34,-1,10
1,<environment.Job instance at 0x7ff8d2671320>,10,18,[ 4 12],11,-1,29,-1,11
1,<environment.Job instance at 0x7ff8d2671410>,11,25,[11  1],12,-1,37,-1,12
1,<environment.Job instance at 0x7ff8d2671370>,12,20,[11  4],13,-1,33,-1,13
1,<environment.Job instance at 0x7ff8d26717d0>,13,28,[6 5],14,-1,42,-1,14
1,<environment.Job instance at 0x7ff8d2671820>,14,26,[2 6],15,-1,41,-1,15
1,<environment.Job instance at 0x7ff8d26502d0>,21,18,[11  4],22,-1,70,-1,52
1,<environment.Job instance at 0x7ff8d2650050>,22,12,[ 2 12],23,-1,64,-1,52
1,<environment.Job instance at 0x7ff8d2650fa0>,23,15,[ 3 13],24,-1,67,-1,52
1,<environment.Job instance at 0x7ff8d2650640>,24,15,[13  3],25,-1,67,-1,52
1,<environment.Job instance at 0x7ff8d26507d0>,25,24,[1 9],26,-1,76,-1,52
1,<environment.Job instance at 0x7ff8d2650780>,26,23,[ 5 10],27,-1,75,-1,52
1,<environment.Job instance at 0x7ff8d2650690>,27,27,[ 4 13],28,-1,79,-1,52
1,<environment.Job instance at 0x7ff8d2650820>,28,15,[11  5],29,-1,67,-1,52
1,<environment.Job instance at 0x7ff8d2650960>,29,23,[13  4],30,-1,75,-1,52
1,<environment.Job instance at 0x7ff8d2650d20>,30,19,[ 5 12],31,-1,71,-1,52
1,<environment.Job instance at 0x7ff8d2681e10>,33,27,[10  2],34,-1,92,-1,65
1,<environment.Job instance at 0x7ff8d2681410>,34,26,[ 3 13],35,-1,91,-1,65
1,<environment.Job instance at 0x7ff8d2681d20>,35,28,[11  5],36,-1,93,-1,65
1,<environment.Job instance at 0x7ff8d26817d0>,36,24,[8 5],37,-1,89,-1,65
1,<environment.Job instance at 0x7ff8d2681780>,37,15,[12  5],38,-1,80,-1,65
1,<environment.Job instance at 0x7ff8d26811e0>,38,21,[ 1 14],39,-1,86,-1,65
1,<environment.Job instance at 0x7ff8d2d63550>,39,14,[12  4],40,-1,79,-1,65
1,<environment.Job instance at 0x7ff8d2d635a0>,40,25,[8 3],41,-1,90,-1,65
1,<environment.Job instance at 0x7ff8d2d63910>,43,18,[ 3 10],44,-1,92,-1,74
1,<environment.Job instance at 0x7ff8d280ee10>,44,26,[14  5],45,-1,100,-1,74
1,<environment.Job instance at 0x7ff8dbd8e1e0>,45,17,[14  3],46,-1,91,-1,74
1,<environment.Job instance at 0x7ff8dbd8efa0>,46,25,[13  2],47,-1,99,-1,74
1,<environment.Job instance at 0x7ff8dbd8ef00>,47,13,[ 1 13],48,-1,87,-1,74
1,<environment.Job instance at 0x7ff8dbd8ea00>,48,22,[ 2 11],49,-1,96,-1,74
1,<environment.Job instance at 0x7ff8dbd8e9b0>,49,14,[12  4],50,-1,88,-1,74
1,<environment.Job instance at 0x7ff8dbd8e0f0>,50,23,[6 5],51,-1,97,-1,74
1,<environment.Job instance at 0x7ff8dbcb8a50>,51,24,[6 4],52,-1,98,-1,74
1,<environment.Job instance at 0x7ff8dbcb8550>,52,21,[ 3 11],53,-1,95,-1,74
1,<environment.Job instance at 0x7ff8dbcb89b0>,53,20,[13  1],54,-1,94,-1,74
1,<environment.Job instance at 0x7ff8dbcb8780>,54,18,[ 4 13],55,-1,92,-1,74
1,<environment.Job instance at 0x7ff8d2a7c640>,55,13,[13  4],56,-1,87,-1,74
1,<environment.Job instance at 0x7ff8d2ee7c80>,56,15,[ 4 12],57,-1,89,-1,74
1,<environment.Job instance at 0x7ff8d2a7c550>,57,23,[1 5],58,-1,97,-1,74
1,<environment.Job instance at 0x7ff8d2a7c4b0>,58,20,[12  2],59,-1,94,-1,74
1,<environment.Job instance at 0x7ff8d287d0a0>,59,16,[ 1 13],60,-1,90,-1,74
1,<environment.Job instance at 0x7ff8d287d280>,60,25,[4 9],61,-1,99,-1,74
1,<environment.Job instance at 0x7ff8d287d870>,61,24,[5 1],62,-1,98,-1,74
1,<environment.Job instance at 0x7ff8d287d550>,63,22,[11  4],64,-1,108,-1,86
1,<environment.Job instance at 0x7ff8d287d7d0>,64,28,[14  4],65,-1,114,-1,86
1,<environment.Job instance at 0x7ff8d287d2d0>,65,22,[13  4],66,-1,108,-1,86
1,<environment.Job instance at 0x7ff8d287d3c0>,66,28,[11  4],67,-1,114,-1,86
1,<environment.Job instance at 0x7ff8d287dc30>,68,18,[ 5 13],69,-1,110,-1,92
1,<environment.Job instance at 0x7ff8d287d370>,69,26,[1 5],70,-1,118,-1,92
1,<environment.Job instance at 0x7ff8d287d640>,70,28,[8 1],71,-1,120,-1,92
1,<environment.Job instance at 0x7ff8d287d5f0>,71,21,[1 5],72,-1,115,-1,94
1,<environment.Job instance at 0x7ff8d287df50>,72,25,[9 4],73,-1,119,-1,94
1,<environment.Job instance at 0x7ff8d287daa0>,73,22,[ 4 10],74,-1,116,-1,94
1,<environment.Job instance at 0x7ff8d24b7690>,74,19,[1 9],75,-1,118,-1,99
1,<environment.Job instance at 0x7ff8d2fd4190>,75,13,[11  4],76,-1,112,-1,99
1,<environment.Job instance at 0x7ff8d265f960>,76,17,[ 4 11],77,-1,116,-1,99
1,<environment.Job instance at 0x7ff8d265fcd0>,77,24,[13  5],78,-1,123,-1,99
1,<environment.Job instance at 0x7ff8d265f460>,78,27,[ 2 14],79,-1,126,-1,99
1,<environment.Job instance at 0x7ff8d265fd20>,79,26,[ 4 12],80,-1,125,-1,99
1,<environment.Job instance at 0x7ff8d265f4b0>,80,15,[ 4 14],81,-1,114,-1,99
1,<environment.Job instance at 0x7ff8d265fb40>,81,26,[ 1 13],82,-1,125,-1,99
1,<environment.Job instance at 0x7ff8d265f500>,83,27,[10  2],84,-1,136,-1,109
1,<environment.Job instance at 0x7ff8d2c4b550>,85,27,[8 1],86,-1,136,-1,109
1,<environment.Job instance at 0x7ff8d1998870>,86,27,[7 2],87,-1,136,-1,109
1,<environment.Job instance at 0x7ff8d265f730>,87,15,[12  5],88,-1,124,-1,109
1,<environment.Job instance at 0x7ff8d2dd3690>,88,23,[13  3],89,-1,132,-1,109
1,<environment.Job instance at 0x7ff8d1978d70>,89,20,[2 5],90,-1,129,-1,109
1,<environment.Job instance at 0x7ff8d2462460>,90,24,[3 9],91,-1,133,-1,109
1,<environment.Job instance at 0x7ff8d1e1ebe0>,91,22,[9 4],92,-1,131,-1,109
1,<environment.Job instance at 0x7ff8d1ff3140>,93,27,[4 6],94,-1,154,-1,127
1,<environment.Job instance at 0x7ff8d1b9efa0>,94,26,[ 4 10],95,-1,153,-1,127
1,<environment.Job instance at 0x7ff8d2adcc30>,95,15,[14  4],96,-1,142,-1,127
1,<environment.Job instance at 0x7ff8d2ae8410>,96,26,[13  5],97,-1,153,-1,127
1,<environment.Job instance at 0x7ff8d1fc1d70>,97,14,[ 1 12],98,-1,141,-1,127
1,<environment.Job instance at 0x7ff8d1fcdb40>,98,27,[ 3 12],99,-1,154,-1,127
1,<environment.Job instance at 0x7ff8d1fcdf00>,99,12,[4 6],100,-1,139,-1,127
1,<environment.Job instance at 0x7ff8d1fd3f00>,100,16,[ 1 10],101,-1,143,-1,127
1,<environment.Job instance at 0x7ff8d2aff050>,1,22,[12  2],2,-1,24,-1,2
1,<environment.Job instance at 0x7ff8d19788c0>,4,26,[9 4],5,-1,31,-1,5
1,<environment.Job instance at 0x7ff8d1978320>,5,13,[ 1 14],6,-1,19,-1,6
1,<environment.Job instance at 0x7ff8d1978fa0>,6,27,[5 5],7,-1,34,-1,7
1,<environment.Job instance at 0x7ff8d1e4b1e0>,7,26,[ 4 12],8,-1,34,-1,8
1,<environment.Job instance at 0x7ff8d1e4b780>,8,28,[ 2 10],9,-1,37,-1,9
1,<environment.Job instance at 0x7ff8d1978460>,3,15,[13  2],4,-1,24,-1,9
1,<environment.Job instance at 0x7ff8d1978b40>,9,18,[ 4 11],10,-1,28,-1,10
1,<environment.Job instance at 0x7ff8d1e4b280>,12,27,[3 7],13,-1,40,-1,13
1,<environment.Job instance at 0x7ff8d1e4bcd0>,13,22,[ 1 11],14,-1,36,-1,14
1,<environment.Job instance at 0x7ff8d1e4b230>,16,12,[ 2 13],17,-1,29,-1,17
1,<environment.Job instance at 0x7ff8d1e4bb40>,22,24,[5 9],23,-1,56,-1,32
1,<environment.Job instance at 0x7ff8d1e4b8c0>,23,18,[ 1 12],24,-1,50,-1,32
1,<environment.Job instance at 0x7ff8d1e4baa0>,24,28,[13  5],25,-1,60,-1,32
1,<environment.Job instance at 0x7ff8d32161e0>,25,13,[ 2 11],26,-1,45,-1,32
1,<environment.Job instance at 0x7ff8d3216aa0>,27,24,[11  2],28,-1,65,-1,41
1,<environment.Job instance at 0x7ff8d3216cd0>,28,24,[6 4],29,-1,65,-1,41
1,<environment.Job instance at 0x7ff8d3216eb0>,30,25,[8 5],31,-1,66,-1,41
1,<environment.Job instance at 0x7ff8d3216730>,31,18,[11  5],32,-1,59,-1,41
1,<environment.Job instance at 0x7ff8d3216140>,32,13,[ 2 14],33,-1,54,-1,41
1,<environment.Job instance at 0x7ff8d3216e10>,33,13,[13  3],34,-1,54,-1,41
1,<environment.Job instance at 0x7ff8d3216fa0>,34,22,[11  5],35,-1,63,-1,41
1,<environment.Job instance at 0x7ff8d32167d0>,35,26,[11  5],36,-1,67,-1,41
1,<environment.Job instance at 0x7ff8d3216c30>,36,28,[5 8],37,-1,69,-1,41
1,<environment.Job instance at 0x7ff8d3216280>,37,27,[1 7],38,-1,68,-1,41
1,<environment.Job instance at 0x7ff8d3216190>,38,25,[10  5],39,-1,66,-1,41
1,<environment.Job instance at 0x7ff8d3216a00>,39,14,[ 1 13],40,-1,55,-1,41
1,<environment.Job instance at 0x7ff8d3216b90>,40,23,[ 2 11],41,-1,64,-1,41
1,<environment.Job instance at 0x7ff8d2951690>,44,23,[ 2 14],45,-1,98,-1,75
1,<environment.Job instance at 0x7ff8d2951820>,46,13,[11  2],47,-1,88,-1,75
1,<environment.Job instance at 0x7ff8d2951050>,49,18,[14  5],50,-1,113,-1,95
1,<environment.Job instance at 0x7ff8d29518c0>,50,19,[ 1 11],51,-1,114,-1,95
1,<environment.Job instance at 0x7ff8d2951c80>,51,24,[ 1 13],52,-1,119,-1,95
1,<environment.Job instance at 0x7ff8d29519b0>,54,14,[14  5],55,-1,125,-1,111
1,<environment.Job instance at 0x7ff8d2951410>,58,12,[ 3 14],59,-1,145,-1,133
1,<environment.Job instance at 0x7ff8d293c230>,1,27,[11  3],2,-1,29,-1,2
1,<environment.Job instance at 0x7ff8d1d6f3c0>,3,15,[ 5 13],4,-1,19,-1,4
1,<environment.Job instance at 0x7ff8d2951410>,6,12,[12  3],7,-1,19,-1,7
1,<environment.Job instance at 0x7ff8d1d6f7d0>,7,12,[13  5],8,-1,20,-1,8
1,<environment.Job instance at 0x7ff8d1d6f730>,8,26,[11  5],9,-1,35,-1,9
1,<environment.Job instance at 0x7ff8d1d6f9b0>,10,15,[12  1],11,-1,26,-1,11
1,<environment.Job instance at 0x7ff8d1d6fa50>,11,13,[12  3],12,-1,25,-1,12
1,<environment.Job instance at 0x7ff8d1d6fbe0>,13,12,[14  1],14,-1,26,-1,14
1,<environment.Job instance at 0x7ff8d1d6fb90>,17,27,[1 6],18,-1,57,-1,30
1,<environment.Job instance at 0x7ff8d1d6f780>,18,27,[10  4],19,-1,57,-1,30
1,<environment.Job instance at 0x7ff8d1d6feb0>,19,17,[13  5],20,-1,47,-1,30
1,<environment.Job instance at 0x7ff8d1d6ff50>,20,16,[ 3 11],21,-1,46,-1,30
1,<environment.Job instance at 0x7ff8d1d6ffa0>,21,18,[ 5 13],22,-1,48,-1,30
1,<environment.Job instance at 0x7ff8d1d56050>,22,18,[ 3 12],23,-1,48,-1,30
1,<environment.Job instance at 0x7f62b4182460>,3,26,[11  4],4,-1,30,-1,4
1,<environment.Job instance at 0x7f62b41825a0>,5,24,[1 5],6,-1,32,-1,8
1,<environment.Job instance at 0x7f62b41827d0>,8,22,[14  3],9,-1,31,-1,9
1,<environment.Job instance at 0x7f62b4182960>,9,18,[ 2 13],10,-1,28,-1,10
1,<environment.Job instance at 0x7f62b4182a00>,10,18,[ 3 11],11,-1,29,-1,11
1,<environment.Job instance at 0x7f62b4182aa0>,11,26,[4 8],12,-1,38,-1,12
1,<environment.Job instance at 0x7f62b4182b40>,12,26,[ 1 12],13,-1,39,-1,13
1,<environment.Job instance at 0x7f62b4182be0>,13,18,[ 4 14],14,-1,32,-1,14
1,<environment.Job instance at 0x7f62b4182dc0>,15,18,[ 2 14],16,-1,34,-1,16
1,<environment.Job instance at 0x7f62b4182e10>,17,28,[ 5 10],18,-1,46,-1,18
1,<environment.Job instance at 0x7f62b4182fa0>,18,25,[ 4 13],19,-1,44,-1,19
1,<environment.Job instance at 0x7f62b4182eb0>,16,16,[ 3 11],17,-1,35,-1,19
1,<environment.Job instance at 0x7f62b4185140>,20,27,[13  5],21,-1,48,-1,21
1,<environment.Job instance at 0x7f62b4185280>,21,26,[ 5 12],22,-1,48,-1,22
1,<environment.Job instance at 0x7f62b41850a0>,23,18,[2 7],24,-1,51,-1,33
1,<environment.Job instance at 0x7f62b4185500>,25,23,[ 3 13],26,-1,56,-1,33
1,<environment.Job instance at 0x7f62b41855a0>,26,26,[1 8],27,-1,59,-1,33
1,<environment.Job instance at 0x7f62b4185640>,27,25,[5 7],28,-1,58,-1,33
1,<environment.Job instance at 0x7f62b41856e0>,28,25,[ 4 11],29,-1,58,-1,33
1,<environment.Job instance at 0x7f62b4185780>,29,22,[ 5 13],30,-1,55,-1,33
1,<environment.Job instance at 0x7f62b4185820>,30,27,[4 8],31,-1,60,-1,33
1,<environment.Job instance at 0x7f62b41858c0>,31,20,[11  5],32,-1,53,-1,33
1,<environment.Job instance at 0x7f62b4185960>,32,27,[11  3],33,-1,60,-1,33
1,<environment.Job instance at 0x7f62b4185d70>,38,20,[ 1 10],39,-1,99,-1,79
1,<environment.Job instance at 0x7f62b4185e10>,39,24,[5 6],40,-1,103,-1,79
1,<environment.Job instance at 0x7f62b4185410>,41,27,[14  1],42,-1,119,-1,92
1,<environment.Job instance at 0x7f62b3c22cd0>,4,23,[13  2],5,-1,28,-1,5
1,<environment.Job instance at 0x7f62b42cfc30>,3,27,[9 1],4,-1,32,-1,5
1,<environment.Job instance at 0x7f62b42cf050>,7,26,[4 9],8,-1,34,-1,8
1,<environment.Job instance at 0x7f62b42cf1e0>,8,25,[13  3],9,-1,34,-1,9
1,<environment.Job instance at 0x7f62b42cfaf0>,11,24,[4 7],12,-1,36,-1,12
1,<environment.Job instance at 0x7f62b41fb230>,14,19,[ 3 12],15,-1,34,-1,15
1,<environment.Job instance at 0x7f62b41fb140>,15,15,[12  5],16,-1,31,-1,16
1,<environment.Job instance at 0x7f62b41fb910>,17,22,[3 7],18,-1,44,-1,22
1,<environment.Job instance at 0x7f62b41fba50>,18,20,[ 3 12],19,-1,42,-1,22
1,<environment.Job instance at 0x7f62b41fb4b0>,19,16,[12  4],20,-1,38,-1,22
1,<environment.Job instance at 0x7f62b41fbcd0>,20,16,[12  5],21,-1,38,-1,22
1,<environment.Job instance at 0x7f62b41fbe10>,21,20,[ 1 12],22,-1,42,-1,22
1,<environment.Job instance at 0x7f62b41fbb90>,22,13,[12  1],23,-1,36,-1,23
1,<environment.Job instance at 0x7f62b41fb6e0>,23,12,[11  5],24,-1,36,-1,24
1,<environment.Job instance at 0x7f62b41fb410>,24,17,[ 3 12],25,-1,42,-1,25
1,<environment.Job instance at 0x7f62b41fb820>,25,16,[13  4],26,-1,42,-1,26
1,<environment.Job instance at 0x7f62b41fbe60>,26,18,[ 1 12],27,-1,45,-1,27
1,<environment.Job instance at 0x7f62b38aa280>,28,15,[ 2 14],29,-1,44,-1,29
1,<environment.Job instance at 0x7f62b38c6e10>,32,20,[13  3],33,-1,63,-1,43
1,<environment.Job instance at 0x7f62b3c97050>,33,21,[ 4 12],34,-1,64,-1,43
1,<environment.Job instance at 0x7f62b38c7690>,35,27,[5 9],36,-1,82,-1,55
1,<environment.Job instance at 0x7f62b38c7460>,36,27,[2 9],37,-1,82,-1,55
1,<environment.Job instance at 0x7f62b3c809b0>,37,21,[11  4],38,-1,76,-1,55
1,<environment.Job instance at 0x7f62b3c80dc0>,38,12,[14  5],39,-1,67,-1,55
1,<environment.Job instance at 0x7f62b386d690>,39,16,[12  3],40,-1,71,-1,55
1,<environment.Job instance at 0x7f62b3c5e5f0>,40,17,[12  2],41,-1,72,-1,55
1,<environment.Job instance at 0x7f62b3c10050>,41,28,[2 8],42,-1,83,-1,55
1,<environment.Job instance at 0x7f62b389ed70>,43,21,[12  2],44,-1,76,-1,55
1,<environment.Job instance at 0x7f62b3b97910>,44,21,[ 5 11],45,-1,76,-1,55
1,<environment.Job instance at 0x7f62b3b97640>,45,26,[ 5 10],46,-1,81,-1,55
1,<environment.Job instance at 0x7f62b3b96f00>,46,27,[12  4],47,-1,82,-1,55
1,<environment.Job instance at 0x7f62b3c8e280>,47,27,[14  3],48,-1,82,-1,55
1,<environment.Job instance at 0x7f62b3c8e410>,49,14,[ 1 12],50,-1,73,-1,59
1,<environment.Job instance at 0x7f62b3c8e690>,51,14,[13  5],52,-1,83,-1,69
1,<environment.Job instance at 0x7f62b3c8e640>,52,25,[11  2],53,-1,94,-1,69
1,<environment.Job instance at 0x7f62b3c8e820>,53,14,[12  2],54,-1,83,-1,69
1,<environment.Job instance at 0x7f62b3c78d20>,54,28,[8 4],55,-1,97,-1,69
1,<environment.Job instance at 0x7f62b3c78320>,56,20,[12  1],57,-1,95,-1,75
1,<environment.Job instance at 0x7f62b3c78140>,57,13,[ 4 12],58,-1,88,-1,75
1,<environment.Job instance at 0x7f62b3c78b40>,58,18,[12  2],59,-1,93,-1,75
1,<environment.Job instance at 0x7f62b3b99640>,59,15,[12  3],60,-1,90,-1,75
1,<environment.Job instance at 0x7f62b3c78eb0>,60,25,[7 2],61,-1,100,-1,75
1,<environment.Job instance at 0x7f62b3c78820>,61,26,[ 5 11],62,-1,101,-1,75
1,<environment.Job instance at 0x7f62b3c36690>,63,16,[11  1],64,-1,98,-1,82
1,<environment.Job instance at 0x7f62b3c36140>,65,19,[12  5],66,-1,111,-1,92
1,<environment.Job instance at 0x7f62b3c36780>,66,17,[11  3],67,-1,109,-1,92
1,<environment.Job instance at 0x7f62b3c84f00>,67,14,[ 1 10],68,-1,106,-1,92
1,<environment.Job instance at 0x7f62b3c84e10>,68,25,[6 2],69,-1,117,-1,92
1,<environment.Job instance at 0x7f62b3c84870>,69,18,[12  4],70,-1,110,-1,92
1,<environment.Job instance at 0x7f62b3c84910>,71,26,[11  5],72,-1,122,-1,96
1,<environment.Job instance at 0x7f62b3c84cd0>,73,14,[10  1],74,-1,122,-1,108
1,<environment.Job instance at 0x7f62b3c842d0>,74,16,[11  2],75,-1,124,-1,108
1,<environment.Job instance at 0x7f62b3c2f960>,75,15,[13  5],76,-1,123,-1,108
1,<environment.Job instance at 0x7f62b3c2f5a0>,78,27,[14  3],79,-1,136,-1,109
1,<environment.Job instance at 0x7f62b3c2f370>,80,26,[ 4 10],81,-1,154,-1,128
1,<environment.Job instance at 0x7f62b3c2f140>,81,26,[8 3],82,-1,154,-1,128
1,<environment.Job instance at 0x7f62b3c2f3c0>,82,23,[12  1],83,-1,151,-1,128
1,<environment.Job instance at 0x7f62b3c2f550>,83,19,[ 2 13],84,-1,147,-1,128
1,<environment.Job instance at 0x7f62b3c77460>,84,22,[11  1],85,-1,150,-1,128
1,<environment.Job instance at 0x7f62b3c77e10>,85,22,[ 1 13],86,-1,150,-1,128
1,<environment.Job instance at 0x7f62b3c77a00>,86,24,[ 2 14],87,-1,152,-1,128
1,<environment.Job instance at 0x7f62b3c77870>,88,23,[13  3],89,-1,151,-1,128
1,<environment.Job instance at 0x7f62b3c9a9b0>,89,25,[10  5],90,-1,153,-1,128
1,<environment.Job instance at 0x7f62b3c9aa50>,90,20,[13  5],91,-1,148,-1,128
1,<environment.Job instance at 0x7f62b3c9a140>,91,24,[14  3],92,-1,152,-1,128
1,<environment.Job instance at 0x7f62b3c9a230>,92,23,[13  5],93,-1,151,-1,128
1,<environment.Job instance at 0x7f62b3c9a2d0>,93,21,[12  3],94,-1,149,-1,128
1,<environment.Job instance at 0x7f62b3c8ad70>,95,28,[ 4 11],96,-1,169,-1,141
1,<environment.Job instance at 0x7f62b3c8a550>,96,18,[ 4 12],97,-1,159,-1,141
1,<environment.Job instance at 0x7f62b3c8aeb0>,97,22,[14  1],98,-1,163,-1,141
1,<environment.Job instance at 0x7f62b3c8ac30>,98,25,[7 3],99,-1,166,-1,141
1,<environment.Job instance at 0x7f62b3c2a2d0>,99,27,[ 4 13],100,-1,168,-1,141
1,<environment.Job instance at 0x7f62b3d34190>,100,26,[8 4],101,-1,167,-1,141
1,<environment.Job instance at 0x7f62b3be6410>,101,12,[11  1],102,-1,153,-1,141
1,<environment.Job instance at 0x7f62b3d93960>,103,16,[14  1],104,-1,158,-1,142
1,<environment.Job instance at 0x7f62b3d01550>,104,27,[ 1 10],105,-1,169,-1,142
1,<environment.Job instance at 0x7f62b386da00>,3,13,[12  4],4,-1,17,-1,4
1,<environment.Job instance at 0x7f62b44b9690>,1,20,[11  1],2,-1,24,-1,4
1,<environment.Job instance at 0x7f62b3d01550>,4,24,[5 5],5,-1,29,-1,5
1,<environment.Job instance at 0x7f62b386de10>,5,13,[ 1 13],6,-1,19,-1,6
1,<environment.Job instance at 0x7f62b386dc80>,6,26,[ 1 13],7,-1,33,-1,7
1,<environment.Job instance at 0x7f62b386d410>,10,22,[5 9],11,-1,38,-1,16
1,<environment.Job instance at 0x7f62b386d9b0>,13,25,[2 8],14,-1,41,-1,16
1,<environment.Job instance at 0x7f62b386d190>,14,18,[12  5],15,-1,34,-1,16
1,<environment.Job instance at 0x7f62b386de60>,15,20,[ 5 13],16,-1,36,-1,16
1,<environment.Job instance at 0x7f62b386dc30>,16,24,[2 7],17,-1,41,-1,17
1,<environment.Job instance at 0x7f62b386d6e0>,17,16,[11  2],18,-1,34,-1,18
1,<environment.Job instance at 0x7f62b386daf0>,18,22,[ 2 12],19,-1,41,-1,19
1,<environment.Job instance at 0x7f62b386d230>,19,20,[12  3],20,-1,40,-1,20
1,<environment.Job instance at 0x7f62b386d8c0>,20,19,[12  5],21,-1,40,-1,21
1,<environment.Job instance at 0x7f62b38950f0>,22,18,[12  1],23,-1,41,-1,23
1,<environment.Job instance at 0x7f62b3895500>,25,25,[8 5],26,-1,52,-1,27
1,<environment.Job instance at 0x7f62b3895050>,26,17,[ 1 12],27,-1,44,-1,27
1,<environment.Job instance at 0x7f62b3895c80>,28,18,[ 2 14],29,-1,61,-1,43
1,<environment.Job instance at 0x7f62b3895d70>,29,24,[11  1],30,-1,67,-1,43
1,<environment.Job instance at 0x7f62b3895780>,30,25,[7 1],31,-1,68,-1,43
1,<environment.Job instance at 0x7f62b3895b40>,31,24,[12  5],32,-1,67,-1,43
1,<environment.Job instance at 0x7f62b3895af0>,32,23,[10  2],33,-1,66,-1,43
1,<environment.Job instance at 0x7f62b3895e60>,33,15,[ 1 11],34,-1,58,-1,43
1,<environment.Job instance at 0x7f62b3895f50>,34,16,[ 5 12],35,-1,59,-1,43
1,<environment.Job instance at 0x7f62b3895be0>,35,27,[ 4 14],36,-1,70,-1,43
1,<environment.Job instance at 0x7f62b3895370>,36,23,[ 2 11],37,-1,66,-1,43
1,<environment.Job instance at 0x7f62b38950a0>,37,13,[ 4 12],38,-1,56,-1,43
1,<environment.Job instance at 0x7f62b3895820>,38,15,[13  1],39,-1,58,-1,43
1,<environment.Job instance at 0x7f62b3895870>,39,17,[13  3],40,-1,60,-1,43
1,<environment.Job instance at 0x7f62b38ac690>,41,22,[ 3 13],42,-1,65,-1,43
1,<environment.Job instance at 0x7f62b38accd0>,42,20,[8 1],43,-1,76,-1,56
1,<environment.Job instance at 0x7f62b38ac9b0>,43,19,[13  4],44,-1,75,-1,56
1,<environment.Job instance at 0x7f62b38acfa0>,44,16,[ 2 12],45,-1,72,-1,56
1,<environment.Job instance at 0x7f62b38aceb0>,45,12,[ 4 14],46,-1,68,-1,56
1,<environment.Job instance at 0x7f62b38ace60>,49,23,[ 2 13],50,-1,110,-1,87
1,<environment.Job instance at 0x7f62b38ac280>,51,28,[ 1 13],52,-1,127,-1,99
1,<environment.Job instance at 0x7f62b38ac0a0>,55,12,[11  5],56,-1,142,-1,130
1,<environment.Job instance at 0x7f62b461d370>,57,22,[11  2],58,-1,157,-1,135
1,<environment.Job instance at 0x7f62b461de10>,59,17,[13  5],60,-1,164,-1,147
1,<environment.Job instance at 0x7f62b3ffacd0>,60,12,[ 3 14],61,-1,159,-1,147
1,<environment.Job instance at 0x7f62b3b220f0>,1,15,[14  5],2,-1,17,-1,2
1,<environment.Job instance at 0x7f62b3ffa0f0>,2,13,[14  1],3,-1,16,-1,3
1,<environment.Job instance at 0x7f62b3cd8c80>,3,24,[8 2],4,-1,28,-1,4
1,<environment.Job instance at 0x7f62b3cd8550>,4,21,[ 2 12],5,-1,26,-1,5
1,<environment.Job instance at 0x7f62b3c940a0>,5,23,[ 2 12],6,-1,29,-1,6
1,<environment.Job instance at 0x7f62b3c941e0>,7,26,[ 5 11],8,-1,34,-1,8
1,<environment.Job instance at 0x7f62b3ffacd0>,10,18,[14  2],11,-1,29,-1,11
1,<environment.Job instance at 0x7f62b3c948c0>,11,16,[ 5 11],12,-1,28,-1,12
1,<environment.Job instance at 0x7f62b3c94640>,12,22,[ 1 14],13,-1,35,-1,13
1,<environment.Job instance at 0x7f62b38c87d0>,14,25,[ 3 14],15,-1,40,-1,15
1,<environment.Job instance at 0x7f62b38c7050>,15,28,[2 8],16,-1,44,-1,16
1,<environment.Job instance at 0x7f62b3cad960>,16,21,[ 5 14],17,-1,38,-1,17
1,<environment.Job instance at 0x7f62b38f8370>,17,27,[9 3],18,-1,45,-1,18
1,<environment.Job instance at 0x7f62b3e07d70>,18,15,[13  3],19,-1,34,-1,19
1,<environment.Job instance at 0x7f62b38c8e60>,20,12,[ 3 12],21,-1,33,-1,21
1,<environment.Job instance at 0x7f62b3e07780>,21,26,[7 3],22,-1,58,-1,32
1,<environment.Job instance at 0x7f62b3e07960>,26,17,[11  1],27,-1,61,-1,44
1,<environment.Job instance at 0x7f62b3874820>,27,20,[ 1 11],28,-1,64,-1,44
1,<environment.Job instance at 0x7f62b38740a0>,28,19,[13  2],29,-1,63,-1,44
1,<environment.Job instance at 0x7f62b38741e0>,29,12,[ 1 11],30,-1,56,-1,44
1,<environment.Job instance at 0x7f62b3c8e280>,30,20,[13  5],31,-1,64,-1,44
1,<environment.Job instance at 0x7f62b3cbdeb0>,31,27,[1 8],32,-1,84,-1,57
1,<environment.Job instance at 0x7f62b3c39320>,34,18,[13  3],35,-1,75,-1,57
1,<environment.Job instance at 0x7f62b3c39730>,37,23,[13  3],38,-1,108,-1,85
1,<environment.Job instance at 0x7f62b4623500>,42,24,[13  3],43,-1,145,-1,121
1,<environment.Job instance at 0x7f62b3dfaeb0>,44,25,[12  2],45,-1,149,-1,124
1,<environment.Job instance at 0x7f62b467c320>,45,25,[14  1],46,-1,149,-1,124
1,<environment.Job instance at 0x7f62b3dfa640>,46,27,[5 5],47,-1,151,-1,124
1,<environment.Job instance at 0x7f62b41fbbe0>,48,23,[14  2],49,-1,159,-1,136
1,<environment.Job instance at 0x7f62b4869b90>,3,18,[14  3],4,-1,22,-1,4
1,<environment.Job instance at 0x7f62b4869e10>,4,23,[ 2 11],5,-1,28,-1,5
1,<environment.Job instance at 0x7f62b3fecd20>,5,18,[ 5 11],6,-1,24,-1,6
1,<environment.Job instance at 0x7f62b3fecfa0>,6,27,[11  5],7,-1,34,-1,7
1,<environment.Job instance at 0x7f62b3fec0f0>,7,17,[12  5],8,-1,25,-1,8
1,<environment.Job instance at 0x7f62b3fec370>,9,21,[11  1],10,-1,31,-1,10
1,<environment.Job instance at 0x7f62b4017af0>,11,26,[5 4],12,-1,38,-1,12
1,<environment.Job instance at 0x7f62b40171e0>,13,26,[1 6],14,-1,43,-1,17
1,<environment.Job instance at 0x7f62b40178c0>,16,23,[11  3],17,-1,40,-1,17
1,<environment.Job instance at 0x7f62b4017370>,18,12,[11  4],19,-1,39,-1,27
1,<environment.Job instance at 0x7f62b4017c30>,20,14,[ 3 13],21,-1,42,-1,28
1,<environment.Job instance at 0x7f62b4017aa0>,22,28,[5 5],23,-1,70,-1,42
1,<environment.Job instance at 0x7f62b4019960>,24,20,[13  1],25,-1,62,-1,42
1,<environment.Job instance at 0x7f62b4019fa0>,25,21,[ 3 12],26,-1,63,-1,42
1,<environment.Job instance at 0x7f62b4019b40>,26,25,[12  3],27,-1,67,-1,42
1,<environment.Job instance at 0x7f62b40190f0>,28,20,[12  2],29,-1,82,-1,62
1,<environment.Job instance at 0x7f62b40195f0>,31,16,[14  3],32,-1,91,-1,75
1,<environment.Job instance at 0x7f62b4002dc0>,32,20,[11  1],33,-1,95,-1,75
1,<environment.Job instance at 0x7f62b4002370>,34,27,[7 2],35,-1,103,-1,76
1,<environment.Job instance at 0x7f62b4002aa0>,36,20,[ 4 13],37,-1,111,-1,91
1,<environment.Job instance at 0x7f62b4002050>,37,21,[12  5],38,-1,112,-1,91
1,<environment.Job instance at 0x7f62b4002140>,39,25,[6 1],40,-1,129,-1,104
1,<environment.Job instance at 0x7f62b4ca67d0>,40,24,[11  4],41,-1,128,-1,104
1,<environment.Job instance at 0x7f62b45cb4b0>,42,27,[5 1],43,-1,131,-1,104
1,<environment.Job instance at 0x7f62bd7ed5a0>,44,17,[14  5],45,-1,121,-1,104
1,<environment.Job instance at 0x7f62b3eb7820>,45,25,[6 1],46,-1,129,-1,104
1,<environment.Job instance at 0x7f62b37bcaa0>,47,25,[8 3],48,-1,131,-1,106
1,<environment.Job instance at 0x7f62b3d3f050>,48,13,[13  1],49,-1,119,-1,106
1,<environment.Job instance at 0x7f62b37d5280>,52,19,[12  1],53,-1,159,-1,140
1,<environment.Job instance at 0x7f62b37a78c0>,53,26,[4 7],54,-1,166,-1,140
1,<environment.Job instance at 0x7f62b3772aa0>,55,18,[ 2 13],56,-1,159,-1,141
1,<environment.Job instance at 0x7f62b376a050>,1,27,[4 6],2,-1,29,-1,2
1,<environment.Job instance at 0x7f62b3772aa0>,3,16,[ 4 12],4,-1,20,-1,4
1,<environment.Job instance at 0x7f62b3767230>,4,17,[14  4],5,-1,22,-1,5
1,<environment.Job instance at 0x7f62b3767f50>,7,25,[11  4],8,-1,33,-1,8
1,<environment.Job instance at 0x7f62b37674b0>,13,26,[11  2],14,-1,52,-1,26
1,<environment.Job instance at 0x7f62b37a25a0>,16,24,[9 2],17,-1,60,-1,36
1,<environment.Job instance at 0x7f62b37a22d0>,17,27,[ 5 14],18,-1,63,-1,36
1,<environment.Job instance at 0x7f62b37a23c0>,19,20,[ 2 13],20,-1,61,-1,41
1,<environment.Job instance at 0x7f62b37a2320>,20,26,[ 4 14],21,-1,67,-1,41
1,<environment.Job instance at 0x7f62b37a2190>,22,16,[ 1 11],23,-1,68,-1,52
1,<environment.Job instance at 0x7f62b37a2dc0>,23,15,[14  5],24,-1,67,-1,52
1,<environment.Job instance at 0x7f62b37a2d20>,24,17,[13  1],25,-1,69,-1,52
1,<environment.Job instance at 0x7f62b37a2b40>,25,23,[ 4 11],26,-1,75,-1,52
1,<environment.Job instance at 0x7f62b37a2fa0>,26,21,[ 5 14],27,-1,73,-1,52
1,<environment.Job instance at 0x7f62b37a2eb0>,27,17,[13  3],28,-1,69,-1,52
1,<environment.Job instance at 0x7f62b37a2870>,30,14,[13  2],31,-1,82,-1,68
1,<environment.Job instance at 0x7f62b37642d0>,32,23,[ 1 14],33,-1,91,-1,68
1,<environment.Job instance at 0x7f62b3764690>,33,27,[5 5],34,-1,95,-1,68
1,<environment.Job instance at 0x7f62b3764e60>,35,28,[ 5 11],36,-1,114,-1,86
1,<environment.Job instance at 0x7f62b3764eb0>,37,27,[ 2 14],38,-1,113,-1,86
1,<environment.Job instance at 0x7f62b3764f50>,41,25,[5 8],42,-1,145,-1,120
1,<environment.Job instance at 0x7f62b3764be0>,42,23,[ 3 12],43,-1,143,-1,120
1,<environment.Job instance at 0x7f62b3764460>,44,27,[12  3],45,-1,150,-1,123
1,<environment.Job instance at 0x7f62b3764fa0>,45,24,[6 1],46,-1,147,-1,123
1,<environment.Job instance at 0x7f62b3764230>,46,26,[ 1 12],47,-1,149,-1,123
1,<environment.Job instance at 0x7f62b375ff50>,47,13,[12  3],48,-1,136,-1,123
1,<environment.Job instance at 0x7f62b375faf0>,48,25,[1 5],49,-1,148,-1,123
1,<environment.Job instance at 0x7f62b375f2d0>,50,24,[11  5],51,-1,164,-1,140
1,<environment.Job instance at 0x7f62b375fe60>,51,25,[2 7],52,-1,168,-1,143
1,<environment.Job instance at 0x7f62b375fd70>,53,21,[ 3 14],54,-1,167,-1,146
1,<environment.Job instance at 0x7f62bd82de10>,1,16,[ 1 13],2,-1,18,-1,2
1,<environment.Job instance at 0x7f62b375fb40>,2,25,[4 9],3,-1,28,-1,3
1,<environment.Job instance at 0x7f62b3feafa0>,4,14,[13  3],5,-1,19,-1,5
1,<environment.Job instance at 0x7f62b3fea3c0>,5,14,[13  2],6,-1,20,-1,6
1,<environment.Job instance at 0x7f62b3fea550>,7,28,[9 2],8,-1,36,-1,8
1,<environment.Job instance at 0x7f62b3feaf00>,8,28,[12  3],9,-1,37,-1,9
1,<environment.Job instance at 0x7f62bd34abe0>,17,16,[12  1],18,-1,65,-1,49
1,<environment.Job instance at 0x7f62bd34ae60>,18,21,[1 7],19,-1,70,-1,49
1,<environment.Job instance at 0x7f62bd34a320>,19,16,[9 2],20,-1,75,-1,59
1,<environment.Job instance at 0x7f62bd34a0a0>,20,28,[ 1 11],21,-1,87,-1,59
1,<environment.Job instance at 0x7f62bd34a230>,21,22,[8 3],22,-1,81,-1,59
1,<environment.Job instance at 0x7f62bd34aeb0>,22,28,[14  4],23,-1,87,-1,59
1,<environment.Job instance at 0x7f62bd34a780>,23,27,[13  4],24,-1,86,-1,59
1,<environment.Job instance at 0x7f62bd34af00>,24,12,[ 5 11],25,-1,71,-1,59
1,<environment.Job instance at 0x7f62bd34a0f0>,25,12,[6 4],26,-1,71,-1,59
1,<environment.Job instance at 0x7f62bd34a4b0>,26,17,[14  2],27,-1,76,-1,59
1,<environment.Job instance at 0x7f62bd34a550>,27,17,[ 1 12],28,-1,76,-1,59
1,<environment.Job instance at 0x7f62bd34a870>,28,17,[9 2],29,-1,76,-1,59
1,<environment.Job instance at 0x7f62bd34a2d0>,30,15,[ 2 11],31,-1,74,-1,59
1,<environment.Job instance at 0x7f62bd34a5a0>,31,22,[ 2 13],32,-1,81,-1,59
1,<environment.Job instance at 0x7f62bd34ac80>,16,20,[ 3 14],17,-1,79,-1,59
1,<environment.Job instance at 0x7f62b3722a00>,32,21,[2 5],33,-1,80,-1,59
1,<environment.Job instance at 0x7f62b3722c30>,33,26,[ 4 14],34,-1,85,-1,59
1,<environment.Job instance at 0x7f62b37221e0>,34,17,[3 9],35,-1,76,-1,59
1,<environment.Job instance at 0x7f62b3722fa0>,36,23,[10  3],37,-1,82,-1,59
1,<environment.Job instance at 0x7f62b3722320>,37,23,[8 2],38,-1,82,-1,59
1,<environment.Job instance at 0x7f62b37227d0>,38,26,[ 2 11],39,-1,85,-1,59
1,<environment.Job instance at 0x7f62b3722d20>,39,27,[6 4],40,-1,86,-1,59
1,<environment.Job instance at 0x7f62b3722640>,40,25,[ 4 14],41,-1,84,-1,59
1,<environment.Job instance at 0x7f62b3722190>,41,17,[2 7],42,-1,76,-1,59
1,<environment.Job instance at 0x7f62b3722d70>,42,18,[ 2 12],43,-1,77,-1,59
1,<environment.Job instance at 0x7f62b3722500>,43,17,[8 3],44,-1,76,-1,59
1,<environment.Job instance at 0x7f62b37226e0>,44,24,[13  5],45,-1,83,-1,59
1,<environment.Job instance at 0x7f62b3722050>,45,12,[ 4 13],46,-1,71,-1,59
1,<environment.Job instance at 0x7f62b3722e10>,46,27,[14  3],47,-1,86,-1,59
1,<environment.Job instance at 0x7f62b45abe10>,47,22,[7 2],48,-1,81,-1,59
1,<environment.Job instance at 0x7f62b45abf00>,48,18,[5 9],49,-1,77,-1,59
1,<environment.Job instance at 0x7f62b45abd20>,49,27,[12  5],50,-1,86,-1,59
1,<environment.Job instance at 0x7f62b45abbe0>,50,14,[7 4],51,-1,73,-1,59
1,<environment.Job instance at 0x7f62b45ab280>,51,13,[11  1],52,-1,72,-1,59
1,<environment.Job instance at 0x7f62b45abeb0>,52,26,[ 1 13],53,-1,85,-1,59
1,<environment.Job instance at 0x7f62b45abc30>,53,13,[ 1 13],54,-1,72,-1,59
1,<environment.Job instance at 0x7f62b45aba50>,54,18,[12  5],55,-1,77,-1,59
1,<environment.Job instance at 0x7f62d92c2c30>,55,24,[ 5 12],56,-1,83,-1,59
1,<environment.Job instance at 0x7f62b45ab7d0>,56,22,[ 3 14],57,-1,81,-1,59
1,<environment.Job instance at 0x7f62b45ab910>,57,21,[2 5],58,-1,80,-1,59
1,<environment.Job instance at 0x7f62bd34a9b0>,29,22,[ 3 14],30,-1,81,-1,59
1,<environment.Job instance at 0x7f62b3ff63c0>,63,12,[13  3],64,-1,89,-1,77
1,<environment.Job instance at 0x7f62b3ff6dc0>,64,25,[ 5 10],65,-1,102,-1,77
1,<environment.Job instance at 0x7f62b3ff6960>,66,14,[11  2],67,-1,93,-1,79
1,<environment.Job instance at 0x7f62b3ff6eb0>,67,15,[ 3 14],68,-1,94,-1,79
1,<environment.Job instance at 0x7f62b3ff6cd0>,69,27,[13  4],70,-1,106,-1,79
1,<environment.Job instance at 0x7f62b3ff65a0>,70,12,[6 3],71,-1,91,-1,79
1,<environment.Job instance at 0x7f62b3ff6780>,72,15,[ 4 14],73,-1,112,-1,97
1,<environment.Job instance at 0x7f62b3ff6690>,73,12,[ 1 14],74,-1,109,-1,97
1,<environment.Job instance at 0x7f62b3ff6320>,74,20,[ 1 12],75,-1,117,-1,97
1,<environment.Job instance at 0x7f62b457fc80>,79,25,[ 1 14],80,-1,153,-1,128
1,<environment.Job instance at 0x7f62b457f640>,80,14,[11  5],81,-1,142,-1,128
1,<environment.Job instance at 0x7f62b457fbe0>,82,23,[ 4 13],83,-1,153,-1,130
1,<environment.Job instance at 0x7f62b4cb5050>,83,19,[11  1],84,-1,149,-1,130
1,<environment.Job instance at 0x7f62b4cb5fa0>,84,26,[11  4],85,-1,156,-1,130
1,<environment.Job instance at 0x7f62b3c150f0>,1,14,[ 3 14],2,-1,16,-1,2
1,<environment.Job instance at 0x7f62b3772a50>,2,20,[ 4 11],3,-1,23,-1,3
1,<environment.Job instance at 0x7f62b3e2ea00>,4,22,[11  1],5,-1,27,-1,5
1,<environment.Job instance at 0x7f62b3e5e280>,11,28,[11  4],12,-1,40,-1,12
1,<environment.Job instance at 0x7f62b3e5e410>,12,22,[ 5 12],13,-1,35,-1,13
1,<environment.Job instance at 0x7f62b3e5e8c0>,14,25,[9 5],15,-1,51,-1,26
1,<environment.Job instance at 0x7f62b3e55d70>,18,22,[ 1 13],19,-1,64,-1,42
1,<environment.Job instance at 0x7f62b3e55eb0>,19,26,[7 2],20,-1,68,-1,42
1,<environment.Job instance at 0x7f62b3e55730>,20,15,[13  5],21,-1,57,-1,42
1,<environment.Job instance at 0x7f62b3e55370>,22,25,[10  3],23,-1,81,-1,56
1,<environment.Job instance at 0x7f62b3e55190>,23,18,[ 4 11],24,-1,74,-1,56
1,<environment.Job instance at 0x7f62b3e45870>,25,18,[ 5 14],26,-1,74,-1,56
1,<environment.Job instance at 0x7f62b3e45fa0>,26,18,[ 3 11],27,-1,74,-1,56
1,<environment.Job instance at 0x7f62b3e25960>,27,27,[11  1],28,-1,83,-1,56
1,<environment.Job instance at 0x7f62b3e25cd0>,28,28,[11  2],29,-1,84,-1,56
1,<environment.Job instance at 0x7f62b4914a00>,29,23,[ 4 11],30,-1,79,-1,56
1,<environment.Job instance at 0x7f62b3e257d0>,30,22,[ 1 14],31,-1,78,-1,56
1,<environment.Job instance at 0x7f62b4910e60>,34,27,[11  4],35,-1,99,-1,72
1,<environment.Job instance at 0x7f62b41d8f50>,36,28,[8 1],37,-1,116,-1,88
1,<environment.Job instance at 0x7f62b41cae60>,38,23,[ 3 14],39,-1,111,-1,88
1,<environment.Job instance at 0x7f62b41cabe0>,39,27,[ 4 13],40,-1,115,-1,88
1,<environment.Job instance at 0x7f62b4c977d0>,40,22,[12  5],41,-1,110,-1,88
1,<environment.Job instance at 0x7f62b4ca4230>,41,19,[6 1],42,-1,107,-1,88
1,<environment.Job instance at 0x7f62b41d0370>,45,27,[10  2],46,-1,143,-1,116
1,<environment.Job instance at 0x7f62b4c9f820>,46,27,[13  1],47,-1,143,-1,116
1,<environment.Job instance at 0x7f62b41d0190>,48,26,[12  3],49,-1,162,-1,136
1,<environment.Job instance at 0x7f62b41db140>,50,23,[13  4],51,-1,159,-1,136
1,<environment.Job instance at 0x7f62b41db370>,51,25,[ 4 12],52,-1,161,-1,136
1,<environment.Job instance at 0x7f62b41db5f0>,52,26,[5 5],53,-1,162,-1,136
1,<environment.Job instance at 0x7f62b405fbe0>,4,15,[ 1 12],5,-1,20,-1,5
1,<environment.Job instance at 0x7f62b405f870>,3,15,[14  2],4,-1,20,-1,5
1,<environment.Job instance at 0x7f62b3d14190>,11,22,[14  3],12,-1,50,-1,28
1,<environment.Job instance at 0x7f62b405f140>,12,22,[11  5],13,-1,50,-1,28
1,<environment.Job instance at 0x7f62b3d14fa0>,15,21,[11  3],16,-1,57,-1,36
1,<environment.Job instance at 0x7f62b3d146e0>,16,24,[1 8],17,-1,60,-1,36
1,<environment.Job instance at 0x7f62b3d14d70>,17,17,[ 1 10],18,-1,54,-1,37
1,<environment.Job instance at 0x7f62b3d145a0>,19,12,[11  2],20,-1,56,-1,44
1,<environment.Job instance at 0x7f62b3d149b0>,20,18,[ 3 11],21,-1,62,-1,44
1,<environment.Job instance at 0x7f62b3d14690>,21,15,[ 3 12],22,-1,59,-1,44
1,<environment.Job instance at 0x7f62b3d144b0>,23,24,[2 8],24,-1,72,-1,48
1,<environment.Job instance at 0x7f62b3d14be0>,24,24,[5 7],25,-1,72,-1,48
1,<environment.Job instance at 0x7f62b3d14050>,25,13,[14  2],26,-1,61,-1,48
1,<environment.Job instance at 0x7f62b47ef7d0>,26,12,[ 5 14],27,-1,60,-1,48
1,<environment.Job instance at 0x7f62b47efd20>,27,28,[11  4],28,-1,76,-1,48
1,<environment.Job instance at 0x7f62b47ef0f0>,28,23,[1 6],29,-1,73,-1,50
1,<environment.Job instance at 0x7f62b47eff50>,29,26,[1 8],30,-1,76,-1,50
1,<environment.Job instance at 0x7f62b47efe10>,33,25,[7 5],34,-1,87,-1,62
1,<environment.Job instance at 0x7f62b47efc80>,34,24,[5 3],35,-1,86,-1,62
1,<environment.Job instance at 0x7f62b47ef4b0>,35,15,[ 1 14],36,-1,77,-1,62
1,<environment.Job instance at 0x7f62b47ef910>,36,24,[5 2],37,-1,86,-1,62
1,<environment.Job instance at 0x7f62b4c98c80>,37,25,[8 1],38,-1,87,-1,62
1,<environment.Job instance at 0x7f62b4c982d0>,39,20,[ 4 13],40,-1,82,-1,62
1,<environment.Job instance at 0x7f62b4c98820>,41,20,[1 9],42,-1,125,-1,105
1,<environment.Job instance at 0x7f62b4c98f00>,46,17,[4 7],47,-1,126,-1,109
1,<environment.Job instance at 0x7f62b4c98690>,47,14,[ 3 11],48,-1,123,-1,109
1,<environment.Job instance at 0x7f62b4c98b40>,48,14,[14  2],49,-1,123,-1,109
1,<environment.Job instance at 0x7f62b4c987d0>,49,20,[14  4],50,-1,129,-1,109
1,<environment.Job instance at 0x7f62b4c981e0>,50,15,[ 4 12],51,-1,124,-1,109
1,<environment.Job instance at 0x7f62b4c98eb0>,52,26,[13  4],53,-1,140,-1,114
1,<environment.Job instance at 0x7f62b4c98870>,53,21,[2 6],54,-1,136,-1,115
1,<environment.Job instance at 0x7f62b4c98730>,54,24,[ 3 14],55,-1,139,-1,115
1,<environment.Job instance at 0x7f62b4c98a50>,55,16,[11  5],56,-1,131,-1,115
1,<environment.Job instance at 0x7f62b4c985a0>,56,20,[2 9],57,-1,135,-1,115
1,<environment.Job instance at 0x7f62b4c98190>,57,13,[13  2],58,-1,128,-1,115
1,<environment.Job instance at 0x7f62b4cc3b90>,58,23,[11  5],59,-1,138,-1,115
1,<environment.Job instance at 0x7f62b4cc3dc0>,59,23,[8 2],60,-1,138,-1,115
1,<environment.Job instance at 0x7f62b4cc3fa0>,61,14,[ 3 13],62,-1,145,-1,131
1,<environment.Job instance at 0x7f62b4cc3af0>,62,23,[6 1],63,-1,154,-1,131
1,<environment.Job instance at 0x7f62b4cc3500>,63,19,[12  4],64,-1,150,-1,131
1,<environment.Job instance at 0x7f62b4cc3550>,64,12,[5 1],65,-1,143,-1,131
1,<environment.Job instance at 0x7f62b4cc3140>,65,16,[13  3],66,-1,147,-1,131
1,<environment.Job instance at 0x7f62b4cc3a50>,66,12,[4 8],67,-1,143,-1,131
1,<environment.Job instance at 0x7f62b4cc3460>,67,14,[1 9],68,-1,145,-1,131
1,<environment.Job instance at 0x7f62b4cc3780>,68,26,[1 8],69,-1,157,-1,131
1,<environment.Job instance at 0x7f62b4cc3640>,69,12,[ 1 13],70,-1,143,-1,131
1,<environment.Job instance at 0x7f62b4cc3f50>,70,26,[ 2 10],71,-1,157,-1,131
1,<environment.Job instance at 0x7f62b4cc3690>,72,12,[1 6],73,-1,143,-1,131
1,<environment.Job instance at 0x7f62b4cac460>,74,16,[ 3 12],75,-1,156,-1,140
1,<environment.Job instance at 0x7f62b4cac9b0>,75,26,[ 5 13],76,-1,166,-1,140
1,<environment.Job instance at 0x7f62b38947d0>,1,13,[ 3 13],2,-1,15,-1,2
1,<environment.Job instance at 0x7f62b4cac9b0>,3,17,[13  5],4,-1,21,-1,4
1,<environment.Job instance at 0x7f62b4cac2d0>,2,23,[14  4],3,-1,27,-1,4
1,<environment.Job instance at 0x7f62b452fb90>,5,24,[12  4],6,-1,30,-1,6
1,<environment.Job instance at 0x7f62b452fc80>,6,25,[6 3],7,-1,32,-1,7
1,<environment.Job instance at 0x7f62b452fcd0>,7,27,[9 5],8,-1,35,-1,8
1,<environment.Job instance at 0x7f62b44f9b90>,8,18,[ 3 11],9,-1,27,-1,9
1,<environment.Job instance at 0x7f62b4b842d0>,4,22,[13  1],5,-1,31,-1,9
1,<environment.Job instance at 0x7f62b452f9b0>,9,14,[ 2 13],10,-1,24,-1,10
1,<environment.Job instance at 0x7f62b44f92d0>,14,17,[ 4 14],15,-1,32,-1,15
1,<environment.Job instance at 0x7f62b44f9230>,15,15,[ 2 14],16,-1,31,-1,16
1,<environment.Job instance at 0x7f62b44f9aa0>,21,17,[ 2 14],22,-1,52,-1,35
1,<environment.Job instance at 0x7f62b44fbdc0>,25,24,[6 2],26,-1,80,-1,56
1,<environment.Job instance at 0x7f62b44fb780>,26,12,[2 6],27,-1,72,-1,60
1,<environment.Job instance at 0x7f62b44fbc80>,27,26,[12  4],28,-1,86,-1,60
1,<environment.Job instance at 0x7f62b44fbfa0>,28,13,[12  3],29,-1,73,-1,60
1,<environment.Job instance at 0x7f62b44fb190>,29,16,[ 5 11],30,-1,76,-1,60
1,<environment.Job instance at 0x7f62b45223c0>,30,18,[ 2 10],31,-1,78,-1,60
1,<environment.Job instance at 0x7f62b47bdf00>,31,20,[ 1 11],32,-1,80,-1,60
1,<environment.Job instance at 0x7f62b45222d0>,32,13,[9 1],33,-1,108,-1,95
1,<environment.Job instance at 0x7f62b425db40>,36,19,[13  2],37,-1,114,-1,95
1,<environment.Job instance at 0x7f62b48c1b40>,37,27,[5 9],38,-1,122,-1,95
1,<environment.Job instance at 0x7f62b3f39730>,38,24,[ 3 14],39,-1,119,-1,95
1,<environment.Job instance at 0x7f62b4921550>,39,24,[3 7],40,-1,119,-1,95
1,<environment.Job instance at 0x7f62b4247cd0>,45,17,[ 2 13],46,-1,142,-1,125
1,<environment.Job instance at 0x7f62b4247050>,46,16,[14  4],47,-1,141,-1,125
1,<environment.Job instance at 0x7f62b4247910>,47,18,[ 1 14],48,-1,143,-1,125
1,<environment.Job instance at 0x7f62b4533d70>,48,16,[ 3 14],49,-1,141,-1,125
1,<environment.Job instance at 0x7f62b4883190>,51,16,[11  2],52,-1,153,-1,137
1,<environment.Job instance at 0x7f62b48b0dc0>,3,13,[13  1],4,-1,17,-1,4
1,<environment.Job instance at 0x7f62b3826e60>,4,14,[13  3],5,-1,19,-1,5
1,<environment.Job instance at 0x7f62b3fed6e0>,7,19,[ 5 11],8,-1,27,-1,8
1,<environment.Job instance at 0x7f62b3fed960>,8,15,[12  1],9,-1,24,-1,9
1,<environment.Job instance at 0x7f62b3fed0f0>,12,20,[ 1 14],13,-1,38,-1,18
1,<environment.Job instance at 0x7f62b3fed7d0>,13,19,[ 3 14],14,-1,37,-1,18
1,<environment.Job instance at 0x7f62b3fed8c0>,18,21,[ 1 11],19,-1,67,-1,46
1,<environment.Job instance at 0x7f62b3fed5f0>,19,20,[ 5 13],20,-1,66,-1,46
1,<environment.Job instance at 0x7f62b3feda50>,20,27,[ 5 13],21,-1,73,-1,46
1,<environment.Job instance at 0x7f62b3fed690>,21,15,[ 3 13],22,-1,61,-1,46
1,<environment.Job instance at 0x7f62b3fedd20>,23,18,[ 2 12],24,-1,65,-1,47
1,<environment.Job instance at 0x7f62b3fedeb0>,27,24,[14  3],28,-1,103,-1,79
1,<environment.Job instance at 0x7f62b416cd20>,28,24,[2 6],29,-1,103,-1,79
1,<environment.Job instance at 0x7f62b416c460>,31,27,[2 5],32,-1,112,-1,85
1,<environment.Job instance at 0x7f62b416cc80>,32,25,[ 2 12],33,-1,110,-1,85
1,<environment.Job instance at 0x7f62b416c5a0>,33,24,[ 2 10],34,-1,109,-1,85
1,<environment.Job instance at 0x7f62b416c640>,34,23,[7 1],35,-1,108,-1,85
1,<environment.Job instance at 0x7f62b416c780>,35,23,[11  3],36,-1,108,-1,85
1,<environment.Job instance at 0x7f62b416cfa0>,36,26,[ 1 13],37,-1,111,-1,85
1,<environment.Job instance at 0x7f62b416c050>,37,24,[12  4],38,-1,109,-1,85
1,<environment.Job instance at 0x7f62b416c190>,39,27,[ 1 14],40,-1,125,-1,98
1,<environment.Job instance at 0x7f62b416cf00>,42,28,[ 5 13],43,-1,145,-1,117
1,<environment.Job instance at 0x7f62b416c320>,44,27,[6 4],45,-1,147,-1,120
1,<environment.Job instance at 0x7f62b416c0f0>,45,13,[11  2],46,-1,133,-1,120
1,<environment.Job instance at 0x7f62b416ccd0>,46,17,[ 2 14],47,-1,137,-1,120
1,<environment.Job instance at 0x7f62b4557d70>,5,12,[ 3 11],6,-1,18,-1,6
1,<environment.Job instance at 0x7f62b4557f50>,6,13,[11  3],7,-1,20,-1,7
1,<environment.Job instance at 0x7f62b4557140>,11,22,[14  2],12,-1,35,-1,13
1,<environment.Job instance at 0x7f62b4557af0>,12,24,[7 4],13,-1,37,-1,13
1,<environment.Job instance at 0x7f62b4557960>,13,17,[ 5 11],14,-1,31,-1,14
1,<environment.Job instance at 0x7f62b4557d20>,14,20,[ 5 11],15,-1,35,-1,15
1,<environment.Job instance at 0x7f62b45573c0>,15,21,[13  4],16,-1,37,-1,16
1,<environment.Job instance at 0x7f62b45570a0>,16,25,[12  4],17,-1,42,-1,17
1,<environment.Job instance at 0x7f62b4557a00>,18,12,[13  4],19,-1,31,-1,19
1,<environment.Job instance at 0x7f62b4557cd0>,19,21,[ 4 12],20,-1,41,-1,20
1,<environment.Job instance at 0x7f62b441a780>,20,13,[ 2 12],21,-1,34,-1,21
1,<environment.Job instance at 0x7f62b441a730>,21,25,[3 8],22,-1,47,-1,22
1,<environment.Job instance at 0x7f62b441a370>,22,21,[12  5],23,-1,44,-1,23
1,<environment.Job instance at 0x7f62b441a550>,23,21,[ 5 11],24,-1,45,-1,24
1,<environment.Job instance at 0x7f62b4557c80>,25,21,[12  4],26,-1,54,-1,33
1,<environment.Job instance at 0x7f62b441a1e0>,26,18,[12  3],27,-1,51,-1,33
1,<environment.Job instance at 0x7f62b441af50>,28,12,[11  5],29,-1,47,-1,35
1,<environment.Job instance at 0x7f62b441aeb0>,29,12,[9 1],30,-1,48,-1,36
1,<environment.Job instance at 0x7f62b441a640>,30,26,[5 7],31,-1,62,-1,36
1,<environment.Job instance at 0x7f62b441a8c0>,31,16,[ 2 14],32,-1,52,-1,36
1,<environment.Job instance at 0x7f62b441ab90>,32,12,[ 5 13],33,-1,48,-1,36
1,<environment.Job instance at 0x7f62b441adc0>,35,18,[12  1],36,-1,83,-1,65
1,<environment.Job instance at 0x7f62b441aaf0>,36,27,[13  3],37,-1,92,-1,65
1,<environment.Job instance at 0x7f62b444b3c0>,39,27,[ 5 14],40,-1,107,-1,80
1,<environment.Job instance at 0x7f62b444b910>,40,19,[13  4],41,-1,99,-1,80
1,<environment.Job instance at 0x7f62b444b8c0>,41,15,[11  4],42,-1,95,-1,80
1,<environment.Job instance at 0x7f62b444be10>,42,17,[14  1],43,-1,97,-1,80
1,<environment.Job instance at 0x7f62b444b870>,44,24,[ 1 12],45,-1,116,-1,92
1,<environment.Job instance at 0x7f62b444b820>,45,15,[13  2],46,-1,107,-1,92
1,<environment.Job instance at 0x7f62b444b960>,46,16,[14  2],47,-1,108,-1,92
1,<environment.Job instance at 0x7f62b444b550>,49,23,[11  2],50,-1,127,-1,104
1,<environment.Job instance at 0x7f62b444bbe0>,50,12,[ 5 10],51,-1,116,-1,104
1,<environment.Job instance at 0x7f62b444bc30>,53,22,[ 2 12],54,-1,155,-1,133
1,<environment.Job instance at 0x7f62b444baa0>,54,28,[ 3 11],55,-1,161,-1,133
1,<environment.Job instance at 0x7f62b3683320>,55,22,[ 3 13],56,-1,155,-1,133
1,<environment.Job instance at 0x7f62b3683320>,2,19,[ 1 11],3,-1,22,-1,3
1,<environment.Job instance at 0x7f62b4afdd70>,3,26,[5 3],4,-1,30,-1,4
1,<environment.Job instance at 0x7f62b4afd8c0>,4,27,[12  1],5,-1,32,-1,5
1,<environment.Job instance at 0x7f62b4afde10>,5,19,[14  2],6,-1,25,-1,6
1,<environment.Job instance at 0x7f62b4afd730>,7,20,[14  5],8,-1,28,-1,8
1,<environment.Job instance at 0x7f62b4afdd20>,9,13,[6 2],10,-1,49,-1,36
1,<environment.Job instance at 0x7f62b4a7ba50>,14,28,[ 5 14],15,-1,64,-1,36
1,<environment.Job instance at 0x7f62b4a7b4b0>,15,15,[7 3],16,-1,63,-1,48
1,<environment.Job instance at 0x7f62b4afd190>,13,14,[ 2 13],14,-1,63,-1,49
1,<environment.Job instance at 0x7f62b4a7b410>,19,26,[ 5 12],20,-1,77,-1,51
1,<environment.Job instance at 0x7f62b4a7b500>,20,26,[10  2],21,-1,77,-1,51
1,<environment.Job instance at 0x7f62b4a7b640>,21,15,[11  1],22,-1,66,-1,51
1,<environment.Job instance at 0x7f62b4a7bd70>,22,21,[13  4],23,-1,72,-1,51
1,<environment.Job instance at 0x7f62b4a7b870>,23,20,[ 2 11],24,-1,71,-1,51
1,<environment.Job instance at 0x7f62b4a7b780>,26,15,[11  1],27,-1,86,-1,71
1,<environment.Job instance at 0x7f62b4a7b910>,27,27,[ 1 11],28,-1,98,-1,71
1,<environment.Job instance at 0x7f62b4a7b960>,28,27,[ 1 10],29,-1,98,-1,71
1,<environment.Job instance at 0x7f62b4a7bc30>,30,14,[ 4 11],31,-1,93,-1,79
1,<environment.Job instance at 0x7f62b4a7b140>,31,13,[14  1],32,-1,92,-1,79
1,<environment.Job instance at 0x7f62bd2ea2d0>,33,16,[ 1 10],34,-1,108,-1,92
1,<environment.Job instance at 0x7f62bd2eafa0>,37,26,[2 5],38,-1,138,-1,112
1,<environment.Job instance at 0x7f62bd2eae10>,38,28,[4 8],39,-1,140,-1,112
1,<environment.Job instance at 0x7f62bd2eaaa0>,39,28,[1 5],40,-1,140,-1,112
1,<environment.Job instance at 0x7f62bd2ea140>,40,27,[9 5],41,-1,139,-1,112
1,<environment.Job instance at 0x7f62bd2ea7d0>,41,21,[9 1],42,-1,170,-1,149
1,<environment.Job instance at 0x7f62bd2ea910>,45,19,[11  2],46,-1,168,-1,149
1,<environment.Job instance at 0x7f62bd2eaeb0>,46,26,[ 3 10],47,-1,175,-1,149
1,<environment.Job instance at 0x7f62bd2ea280>,47,13,[12  3],48,-1,162,-1,149
1,<environment.Job instance at 0x7f62bd2ea3c0>,48,19,[ 2 11],49,-1,168,-1,149
1,<environment.Job instance at 0x7f62bd2ea460>,49,17,[ 5 14],50,-1,166,-1,149
1,<environment.Job instance at 0x7f62bd2eac30>,50,25,[9 1],51,-1,174,-1,149
1,<environment.Job instance at 0x7f62b4d5db40>,3,23,[ 3 11],4,-1,27,-1,4
1,<environment.Job instance at 0x7f62b4d5d910>,4,28,[4 9],5,-1,33,-1,5
1,<environment.Job instance at 0x7f62b4d5deb0>,5,25,[11  1],6,-1,31,-1,6
1,<environment.Job instance at 0x7f62b4d5dd70>,6,20,[ 1 13],7,-1,27,-1,7
1,<environment.Job instance at 0x7f62b4d5d3c0>,7,18,[ 3 13],8,-1,26,-1,8
1,<environment.Job instance at 0x7f62bd2eac30>,10,27,[ 1 12],11,-1,38,-1,11
1,<environment.Job instance at 0x7f62b4d5da00>,15,27,[ 4 11],16,-1,55,-1,28
1,<environment.Job instance at 0x7f62b35e04b0>,21,12,[ 5 12],22,-1,98,-1,86
1,<environment.Job instance at 0x7f62b35e0370>,22,28,[4 5],23,-1,114,-1,86
1,<environment.Job instance at 0x7f62b35e0780>,24,28,[9 1],25,-1,114,-1,86
1,<environment.Job instance at 0x7f62b35e0cd0>,25,28,[5 5],26,-1,114,-1,86
1,<environment.Job instance at 0x7f62b35e0230>,28,24,[5 3],29,-1,124,-1,100
1,<environment.Job instance at 0x7f62b35e00a0>,31,19,[12  3],32,-1,128,-1,109
1,<environment.Job instance at 0x7f62b35e0b90>,32,25,[2 6],33,-1,134,-1,109
1,<environment.Job instance at 0x7f62b35e0280>,34,25,[10  3],35,-1,134,-1,109
1,<environment.Job instance at 0x7f62b35e0690>,35,28,[4 6],36,-1,137,-1,109
1,<environment.Job instance at 0x7f62b35e0be0>,37,18,[11  5],38,-1,141,-1,123
1,<environment.Job instance at 0x7f62b35e01e0>,38,23,[ 1 10],39,-1,146,-1,123
1,<environment.Job instance at 0x7f62b35e0140>,39,17,[ 3 14],40,-1,140,-1,123
1,<environment.Job instance at 0x7f62b495a8c0>,41,28,[4 7],42,-1,165,-1,137
1,<environment.Job instance at 0x7f62b495adc0>,42,13,[ 3 10],43,-1,153,-1,140
1,<environment.Job instance at 0x7f62b495a410>,43,24,[11  4],44,-1,164,-1,140
1,<environment.Job instance at 0x7f62b495a1e0>,44,21,[13  3],45,-1,161,-1,140
1,<environment.Job instance at 0x7f62b495a640>,45,14,[12  3],46,-1,154,-1,140
1,<environment.Job instance at 0x7f62b3dd86e0>,47,24,[11  4],48,-1,168,-1,144
1,<environment.Job instance at 0x7f62b48b8b40>,2,15,[ 4 13],3,-1,18,-1,3
1,<environment.Job instance at 0x7f62b48b8a00>,3,28,[11  2],4,-1,32,-1,4
1,<environment.Job instance at 0x7f62b48b8c80>,4,12,[ 3 12],5,-1,17,-1,5
1,<environment.Job instance at 0x7f62b48b84b0>,5,24,[7 1],6,-1,30,-1,6
1,<environment.Job instance at 0x7f62b48b8320>,7,24,[6 2],8,-1,32,-1,8
1,<environment.Job instance at 0x7f62b48b8640>,9,23,[2 8],10,-1,34,-1,11
1,<environment.Job instance at 0x7f62b48b8f50>,11,25,[11  3],12,-1,37,-1,12
1,<environment.Job instance at 0x7f62bd7f44b0>,12,28,[5 3],13,-1,41,-1,13
1,<environment.Job instance at 0x7f62bd7f4dc0>,13,22,[5 5],14,-1,39,-1,17
1,<environment.Job instance at 0x7f62bd7f4cd0>,16,27,[ 4 12],17,-1,44,-1,17
1,<environment.Job instance at 0x7f62bd7f4550>,15,12,[ 3 13],16,-1,29,-1,17
1,<environment.Job instance at 0x7f62bd7f45f0>,19,23,[9 2],20,-1,43,-1,20
1,<environment.Job instance at 0x7f62bd7f4b40>,20,17,[ 4 13],21,-1,38,-1,21
1,<environment.Job instance at 0x7f62b48b8f00>,14,24,[10  4],15,-1,45,-1,21
1,<environment.Job instance at 0x7f62bd7f4230>,18,21,[ 2 11],19,-1,42,-1,21
1,<environment.Job instance at 0x7f62bd7f4690>,21,17,[ 1 14],22,-1,39,-1,22
1,<environment.Job instance at 0x7f62b398b460>,26,25,[ 1 12],27,-1,68,-1,43
1,<environment.Job instance at 0x7f62b398ba50>,27,19,[14  2],28,-1,62,-1,43
1,<environment.Job instance at 0x7f62b398b140>,28,18,[11  2],29,-1,61,-1,43
1,<environment.Job instance at 0x7f62b398bd20>,29,27,[ 2 11],30,-1,70,-1,43
1,<environment.Job instance at 0x7f62b398b870>,30,21,[ 5 12],31,-1,64,-1,43
1,<environment.Job instance at 0x7f62b398b4b0>,31,27,[5 9],32,-1,70,-1,43
1,<environment.Job instance at 0x7f62b398b280>,32,24,[ 2 12],33,-1,67,-1,43
1,<environment.Job instance at 0x7f62b398b5a0>,33,27,[ 2 11],34,-1,70,-1,43
1,<environment.Job instance at 0x7f62b398b3c0>,34,20,[12  2],35,-1,63,-1,43
1,<environment.Job instance at 0x7f62b4b4f5a0>,35,26,[6 1],36,-1,69,-1,43
1,<environment.Job instance at 0x7f62b4b4f6e0>,36,12,[8 2],37,-1,55,-1,43
1,<environment.Job instance at 0x7f62b4b4ff50>,38,26,[1 6],39,-1,81,-1,55
1,<environment.Job instance at 0x7f62b4b4fb40>,39,27,[12  5],40,-1,82,-1,55
1,<environment.Job instance at 0x7f62b4b4feb0>,40,12,[10  3],41,-1,67,-1,55
1,<environment.Job instance at 0x7f62b37a56e0>,43,18,[10  1],44,-1,80,-1,62
1,<environment.Job instance at 0x7f62b37a57d0>,44,18,[ 1 11],45,-1,80,-1,62
1,<environment.Job instance at 0x7f62b37a5e10>,45,27,[11  1],46,-1,89,-1,62
1,<environment.Job instance at 0x7f62b37a5b90>,46,16,[ 1 14],47,-1,78,-1,62
1,<environment.Job instance at 0x7f62b37a5730>,49,13,[ 2 12],50,-1,108,-1,95
1,<environment.Job instance at 0x7f62b37a5320>,50,17,[ 1 13],51,-1,112,-1,95
1,<environment.Job instance at 0x7f62b37a53c0>,51,25,[12  5],52,-1,120,-1,95
1,<environment.Job instance at 0x7f62b37a5690>,54,25,[5 5],55,-1,132,-1,107
1,<environment.Job instance at 0x7f62b37a5fa0>,55,13,[ 4 14],56,-1,120,-1,107
1,<environment.Job instance at 0x7f62b37a5a00>,56,18,[ 4 13],57,-1,125,-1,107
1,<environment.Job instance at 0x7f62b37a5280>,57,20,[ 2 11],58,-1,127,-1,107
1,<environment.Job instance at 0x7f62b3e3db90>,59,16,[ 1 13],60,-1,127,-1,111
1,<environment.Job instance at 0x7f62b3e3d4b0>,61,12,[ 3 11],62,-1,142,-1,130
1,<environment.Job instance at 0x7f62b3e3d410>,62,26,[ 2 14],63,-1,156,-1,130
1,<environment.Job instance at 0x7f62b3696050>,1,24,[ 4 11],2,-1,26,-1,2
1,<environment.Job instance at 0x7f62b3696dc0>,3,28,[8 4],4,-1,32,-1,4
1,<environment.Job instance at 0x7f62b3696190>,4,17,[14  4],5,-1,22,-1,5
1,<environment.Job instance at 0x7f62b3e3da00>,8,24,[13  3],9,-1,33,-1,9
1,<environment.Job instance at 0x7f62b3696280>,9,16,[ 5 12],10,-1,26,-1,10
1,<environment.Job instance at 0x7f62b36969b0>,10,26,[5 9],11,-1,37,-1,11
1,<environment.Job instance at 0x7f62b369b4b0>,11,22,[ 3 12],12,-1,34,-1,12
1,<environment.Job instance at 0x7f62b369ba00>,12,13,[14  4],13,-1,26,-1,13
1,<environment.Job instance at 0x7f62b369b320>,13,24,[ 2 14],14,-1,38,-1,14
1,<environment.Job instance at 0x7f62b369ba50>,22,24,[12  1],23,-1,59,-1,35
1,<environment.Job instance at 0x7f62b369b960>,24,23,[14  2],25,-1,71,-1,48
1,<environment.Job instance at 0x7f62b369b3c0>,25,21,[ 3 14],26,-1,69,-1,48
1,<environment.Job instance at 0x7f62b369b190>,26,13,[14  4],27,-1,61,-1,48
1,<environment.Job instance at 0x7f62b369b0a0>,27,25,[2 8],28,-1,88,-1,63
1,<environment.Job instance at 0x7f62b369b820>,31,20,[ 4 14],32,-1,101,-1,81
1,<environment.Job instance at 0x7f62b369bbe0>,32,22,[12  2],33,-1,103,-1,81
1,<environment.Job instance at 0x7f62b4575370>,33,22,[ 5 12],34,-1,103,-1,81
1,<environment.Job instance at 0x7f62b4575cd0>,34,21,[11  2],35,-1,102,-1,81
1,<environment.Job instance at 0x7f62b4575320>,36,28,[5 7],37,-1,109,-1,81
1,<environment.Job instance at 0x7f62b4575c30>,37,22,[13  2],38,-1,103,-1,81
1,<environment.Job instance at 0x7f62b4575a00>,38,27,[10  4],39,-1,108,-1,81
1,<environment.Job instance at 0x7f62b4575730>,39,13,[ 5 11],40,-1,94,-1,81
1,<environment.Job instance at 0x7f62b45758c0>,41,28,[11  5],42,-1,126,-1,98
1,<environment.Job instance at 0x7f62b4575690>,42,18,[ 1 13],43,-1,116,-1,98
1,<environment.Job instance at 0x7f62b4575230>,44,22,[7 4],45,-1,166,-1,144
1,<environment.Job instance at 0x7f62b45750f0>,47,16,[11  1],48,-1,160,-1,144
1,<environment.Job instance at 0x7f62b4575870>,48,17,[14  2],49,-1,161,-1,144
1,<environment.Job instance at 0x7f62b4575820>,49,28,[11  5],50,-1,172,-1,144
1,<environment.Job instance at 0x7f62b4575f00>,50,20,[ 3 12],51,-1,164,-1,144
1,<environment.Job instance at 0x7f62b45752d0>,51,25,[13  4],52,-1,169,-1,144
1,<environment.Job instance at 0x7f62b4575050>,52,14,[11  5],53,-1,158,-1,144
1,<environment.Job instance at 0x7f62b3690eb0>,53,21,[9 3],54,-1,165,-1,144
1,<environment.Job instance at 0x7f62b3690c80>,54,16,[11  5],55,-1,160,-1,144
1,<environment.Job instance at 0x7f62b3690cd0>,55,24,[ 2 12],56,-1,168,-1,144
1,<environment.Job instance at 0x7f62b3690a00>,56,16,[ 4 14],57,-1,160,-1,144
1,<environment.Job instance at 0x7f62b3690460>,57,13,[ 5 14],58,-1,157,-1,144
1,<environment.Job instance at 0x7f62b3690410>,58,19,[3 9],59,-1,164,-1,145
1,<environment.Job instance at 0x7f62b3690af0>,59,18,[14  2],60,-1,163,-1,145
1,<environment.Job instance at 0x7f62b36909b0>,60,12,[12  2],61,-1,157,-1,145
1,<environment.Job instance at 0x7f62b3690280>,61,13,[ 1 14],62,-1,158,-1,145
1,<environment.Job instance at 0x7f62b3690d20>,62,27,[5 4],63,-1,172,-1,145
1,<environment.Job instance at 0x7f62b36904b0>,63,22,[1 7],64,-1,167,-1,145
1,<environment.Job instance at 0x7f62b3690dc0>,64,12,[ 5 12],65,-1,157,-1,145
1,<environment.Job instance at 0x7f62b3690640>,65,25,[ 3 13],66,-1,170,-1,145
1,<environment.Job instance at 0x7f62b3690730>,66,12,[3 8],67,-1,157,-1,145
1,<environment.Job instance at 0x7f62b36903c0>,67,24,[12  1],68,-1,169,-1,145
1,<environment.Job instance at 0x7f62b3690b90>,68,21,[13  1],69,-1,166,-1,145
1,<environment.Job instance at 0x7f62b36905f0>,69,17,[ 5 11],70,-1,162,-1,145
1,<environment.Job instance at 0x7f62b3690fa0>,71,13,[5 2],72,-1,158,-1,145
1,<environment.Job instance at 0x7f62b3690370>,72,17,[ 2 13],73,-1,162,-1,145
1,<environment.Job instance at 0x7f62b3690d70>,73,16,[9 1],74,-1,161,-1,145
1,<environment.Job instance at 0x7f62b42e2870>,74,13,[ 3 14],75,-1,158,-1,145
1,<environment.Job instance at 0x7f62b42e2a00>,75,13,[11  1],76,-1,158,-1,145
1,<environment.Job instance at 0x7f62b42e2780>,76,28,[5 6],77,-1,173,-1,145
1,<environment.Job instance at 0x7f62b42e2910>,77,14,[13  1],78,-1,159,-1,145
1,<environment.Job instance at 0x7f62b42e2910>,2,12,[ 2 12],3,-1,15,-1,3
1,<environment.Job instance at 0x7f62b478bbe0>,3,15,[ 3 13],4,-1,19,-1,4
1,<environment.Job instance at 0x7f62b478b730>,4,15,[13  3],5,-1,20,-1,5
1,<environment.Job instance at 0x7f62b478b050>,6,23,[ 5 10],7,-1,31,-1,8
1,<environment.Job instance at 0x7f62b478be60>,8,15,[11  5],9,-1,24,-1,9
1,<environment.Job instance at 0x7f62b478b320>,9,23,[13  4],10,-1,33,-1,10
1,<environment.Job instance at 0x7f62b478b4b0>,10,19,[ 5 12],11,-1,30,-1,11
1,<environment.Job instance at 0x7f62b478b5f0>,14,26,[ 3 13],15,-1,41,-1,15
1,<environment.Job instance at 0x7f62b36620a0>,18,21,[ 1 14],19,-1,93,-1,72
1,<environment.Job instance at 0x7f62b478bf50>,11,18,[ 4 10],12,-1,102,-1,84
1,<environment.Job instance at 0x7f62b4977e10>,20,25,[8 3],21,-1,109,-1,84
1,<environment.Job instance at 0x7f62b4977500>,24,26,[14  5],25,-1,123,-1,97
1,<environment.Job instance at 0x7f62b49771e0>,26,25,[13  2],27,-1,132,-1,107
1,<environment.Job instance at 0x7f62b4977780>,27,13,[ 1 13],28,-1,120,-1,107
1,<environment.Job instance at 0x7f62b49779b0>,28,22,[ 2 11],29,-1,129,-1,107
1,<environment.Job instance at 0x7f62b4977370>,29,14,[12  4],30,-1,121,-1,107
1,<environment.Job instance at 0x7f62b4977aa0>,30,23,[6 5],31,-1,130,-1,107
1,<environment.Job instance at 0x7f62b3429370>,31,24,[6 4],32,-1,131,-1,107
1,<environment.Job instance at 0x7f62b3429230>,32,21,[ 3 11],33,-1,128,-1,107
1,<environment.Job instance at 0x7f62b3429820>,33,20,[13  1],34,-1,127,-1,107
1,<environment.Job instance at 0x7f62b3429280>,34,18,[ 4 13],35,-1,125,-1,107
1,<environment.Job instance at 0x7f62b34290f0>,35,13,[13  4],36,-1,120,-1,107
1,<environment.Job instance at 0x7f62b3429a00>,36,15,[ 4 12],37,-1,122,-1,107
1,<environment.Job instance at 0x7f62b3429dc0>,37,23,[1 5],38,-1,130,-1,107
1,<environment.Job instance at 0x7f62b3429190>,38,20,[12  2],39,-1,127,-1,107
1,<environment.Job instance at 0x7f62b3429e60>,39,16,[ 1 13],40,-1,123,-1,107
1,<environment.Job instance at 0x7f62b34295f0>,40,25,[4 9],41,-1,132,-1,107
1,<environment.Job instance at 0x7f62b3429f00>,41,24,[5 1],42,-1,131,-1,107
1,<environment.Job instance at 0x7f62b3429af0>,43,22,[11  4],44,-1,137,-1,115
1,<environment.Job instance at 0x7f62b3429550>,44,28,[14  4],45,-1,143,-1,115
1,<environment.Job instance at 0x7f62b4562b40>,45,22,[13  4],46,-1,137,-1,115
1,<environment.Job instance at 0x7f62b4562320>,46,28,[11  4],47,-1,143,-1,115
1,<environment.Job instance at 0x7f62b4562500>,48,18,[ 5 13],49,-1,143,-1,125
1,<environment.Job instance at 0x7f62b4562640>,49,26,[1 5],50,-1,151,-1,125
1,<environment.Job instance at 0x7f62b4562230>,50,28,[8 1],51,-1,153,-1,125
1,<environment.Job instance at 0x7f62b45620a0>,51,21,[1 5],52,-1,146,-1,125
1,<environment.Job instance at 0x7f62b4562960>,52,25,[9 4],53,-1,150,-1,125
1,<environment.Job instance at 0x7f62b4562fa0>,53,22,[ 4 10],54,-1,147,-1,125
1,<environment.Job instance at 0x7f62b4562be0>,54,19,[1 9],55,-1,157,-1,138
1,<environment.Job instance at 0x7f62b4562460>,55,13,[11  4],56,-1,151,-1,138
1,<environment.Job instance at 0x7f62b45627d0>,56,17,[ 4 11],57,-1,155,-1,138
1,<environment.Job instance at 0x7f62b368de60>,57,24,[13  5],58,-1,162,-1,138
1,<environment.Job instance at 0x7f62b368de10>,58,27,[ 2 14],59,-1,165,-1,138
1,<environment.Job instance at 0x7f62b42ddc30>,59,26,[ 4 12],60,-1,164,-1,138
1,<environment.Job instance at 0x7f62b42ddb90>,60,15,[ 4 14],61,-1,153,-1,138
1,<environment.Job instance at 0x7f62b42dd8c0>,61,26,[ 1 13],62,-1,164,-1,138
1,<environment.Job instance at 0x7f62b41f7b90>,2,13,[ 2 14],3,-1,16,-1,3
1,<environment.Job instance at 0x7f62b4cd1dc0>,3,13,[13  3],4,-1,17,-1,4
1,<environment.Job instance at 0x7f62b4cd10f0>,4,22,[11  5],5,-1,27,-1,5
1,<environment.Job instance at 0x7f62b4cd13c0>,5,26,[11  5],6,-1,32,-1,6
1,<environment.Job instance at 0x7f62b4cd1910>,6,28,[5 8],7,-1,35,-1,7
1,<environment.Job instance at 0x7f62b4cd15f0>,7,27,[1 7],8,-1,35,-1,8
1,<environment.Job instance at 0x7f62b4cd1460>,8,25,[10  5],9,-1,34,-1,9
1,<environment.Job instance at 0x7f62b4cd11e0>,9,14,[ 1 13],10,-1,24,-1,10
1,<environment.Job instance at 0x7f62b4cd1280>,10,23,[ 2 11],11,-1,34,-1,11
1,<environment.Job instance at 0x7f62b44b0f50>,12,13,[ 1 12],13,-1,26,-1,13
1,<environment.Job instance at 0x7f62b44b0910>,14,23,[ 2 14],15,-1,38,-1,15
1,<environment.Job instance at 0x7f62b44b0be0>,16,13,[11  2],17,-1,30,-1,17
1,<environment.Job instance at 0x7f62b4d5d320>,20,19,[ 1 11],21,-1,48,-1,29
1,<environment.Job instance at 0x7f62b4d5d8c0>,21,24,[ 1 13],22,-1,53,-1,29
1,<environment.Job instance at 0x7f62b471a730>,28,12,[ 3 14],29,-1,71,-1,59
1,<environment.Job instance at 0x7f62b471aeb0>,31,23,[ 5 12],32,-1,101,-1,78
1,<environment.Job instance at 0x7f62b471aaf0>,32,15,[14  1],33,-1,93,-1,78
1,<environment.Job instance at 0x7f62b471a820>,34,25,[5 5],35,-1,111,-1,86
1,<environment.Job instance at 0x7f62b471a0a0>,35,14,[ 5 14],36,-1,100,-1,86
1,<environment.Job instance at 0x7f62b471af00>,37,21,[14  5],38,-1,124,-1,103
1,<environment.Job instance at 0x7f62b471aaa0>,38,13,[11  2],39,-1,116,-1,103
1,<environment.Job instance at 0x7f62b471a190>,39,15,[ 3 14],40,-1,118,-1,103
1,<environment.Job instance at 0x7f62b471a370>,40,12,[ 5 11],41,-1,115,-1,103
1,<environment.Job instance at 0x7f62b471ae10>,41,14,[ 5 14],42,-1,117,-1,103
1,<environment.Job instance at 0x7f62b418df00>,42,27,[ 5 11],43,-1,130,-1,103
1,<environment.Job instance at 0x7f62b471a140>,43,23,[14  5],44,-1,126,-1,103
1,<environment.Job instance at 0x7f62b4d8b910>,45,13,[11  1],46,-1,131,-1,118
1,<environment.Job instance at 0x7f62b4d8b780>,46,22,[12  5],47,-1,140,-1,118
1,<environment.Job instance at 0x7f62b4d8bcd0>,47,27,[8 4],48,-1,145,-1,118
1,<environment.Job instance at 0x7f62b4d8bdc0>,48,22,[ 2 12],49,-1,140,-1,118
1,<environment.Job instance at 0x7f62b4d8bb40>,49,15,[11  5],50,-1,140,-1,125
1,<environment.Job instance at 0x7f62b4ccda00>,51,24,[12  2],52,-1,150,-1,126
1,<environment.Job instance at 0x7f62b4ccdeb0>,53,18,[ 2 14],54,-1,152,-1,134
1,<environment.Job instance at 0x7f62b4ccdfa0>,54,12,[ 5 13],55,-1,146,-1,134
1,<environment.Job instance at 0x7f62b4ccdf00>,56,19,[ 3 14],57,-1,161,-1,142
1,<environment.Job instance at 0x7f62b4ccde10>,57,18,[ 4 14],58,-1,160,-1,142
1,<environment.Job instance at 0x7f62b4ccdb40>,58,23,[12  2],59,-1,165,-1,142
1,<environment.Job instance at 0x7f62b48e4d70>,1,14,[14  5],2,-1,16,-1,2
1,<environment.Job instance at 0x7f62b48e4370>,2,13,[ 4 12],3,-1,16,-1,3
1,<environment.Job instance at 0x7f62b48e47d0>,4,17,[ 1 11],5,-1,22,-1,5
1,<environment.Job instance at 0x7f62b48e40f0>,6,26,[3 8],7,-1,33,-1,7
1,<environment.Job instance at 0x7f62b3dc7f50>,7,24,[12  4],8,-1,32,-1,8
1,<environment.Job instance at 0x7f62b3dc7690>,8,19,[ 5 14],9,-1,28,-1,9
1,<environment.Job instance at 0x7f62b3dc7d70>,9,27,[ 2 11],10,-1,37,-1,10
1,<environment.Job instance at 0x7f62b3dc77d0>,11,23,[ 3 14],12,-1,35,-1,12
1,<environment.Job instance at 0x7f62b3dc76e0>,21,13,[5 1],22,-1,113,-1,100
1,<environment.Job instance at 0x7f62b3dc7320>,22,15,[ 3 11],23,-1,115,-1,100
1,<environment.Job instance at 0x7f62b3dc7be0>,23,21,[ 4 12],24,-1,121,-1,100
1,<environment.Job instance at 0x7f62b3dc7050>,24,21,[ 4 12],25,-1,121,-1,100
1,<environment.Job instance at 0x7f62b3d07aa0>,1,16,[12  5],2,-1,18,-1,2
1,<environment.Job instance at 0x7f62b3dc7dc0>,2,18,[ 2 13],3,-1,21,-1,3
1,<environment.Job instance at 0x7f62b4c167d0>,3,24,[9 3],4,-1,28,-1,4
1,<environment.Job instance at 0x7f62b4c16af0>,6,24,[14  2],7,-1,31,-1,7
1,<environment.Job instance at 0x7f62b3dc70f0>,8,23,[ 4 14],9,-1,32,-1,9
1,<environment.Job instance at 0x7f62b4c16be0>,7,17,[13  4],8,-1,26,-1,9
1,<environment.Job instance at 0x7f62b4c169b0>,9,23,[ 4 13],10,-1,33,-1,10
1,<environment.Job instance at 0x7f62b4c16d70>,11,15,[ 3 11],12,-1,27,-1,12
1,<environment.Job instance at 0x7f62b4c16eb0>,12,24,[10  5],13,-1,37,-1,13
1,<environment.Job instance at 0x7f62b4c16f00>,13,22,[5 8],14,-1,36,-1,14
1,<environment.Job instance at 0x7f62b4c16e60>,16,16,[ 5 14],17,-1,33,-1,17
1,<environment.Job instance at 0x7f62b3d971e0>,17,25,[6 2],18,-1,46,-1,21
1,<environment.Job instance at 0x7f62b3d97550>,21,13,[ 4 11],22,-1,47,-1,34
1,<environment.Job instance at 0x7f62b3d97410>,22,17,[13  3],23,-1,51,-1,34
1,<environment.Job instance at 0x7f62b3d97370>,23,25,[5 5],24,-1,59,-1,34
1,<environment.Job instance at 0x7f62b3d976e0>,25,20,[13  4],26,-1,54,-1,34
1,<environment.Job instance at 0x7f62b3d97780>,26,23,[8 1],27,-1,57,-1,34
1,<environment.Job instance at 0x7f62b3d97820>,27,26,[4 9],28,-1,60,-1,34
1,<environment.Job instance at 0x7f62b3d978c0>,28,17,[11  5],29,-1,62,-1,45
1,<environment.Job instance at 0x7f62b3d97960>,29,21,[14  3],30,-1,66,-1,45
1,<environment.Job instance at 0x7f62b3d97a00>,30,25,[12  3],31,-1,70,-1,45
1,<environment.Job instance at 0x7f62b3d97f00>,34,28,[3 7],35,-1,86,-1,58
1,<environment.Job instance at 0x7f62b3d97cd0>,35,17,[13  5],36,-1,75,-1,58
1,<environment.Job instance at 0x7f62b3d97eb0>,36,28,[14  3],37,-1,86,-1,58
1,<environment.Job instance at 0x7f62b3d8e1e0>,40,13,[13  3],41,-1,102,-1,89
1,<environment.Job instance at 0x7f62b3d8e3c0>,43,25,[ 5 14],44,-1,136,-1,111
1,<environment.Job instance at 0x7f62b3d8e460>,44,18,[ 5 14],45,-1,129,-1,111
1,<environment.Job instance at 0x7f62b3d8e500>,45,16,[11  1],46,-1,127,-1,111
1,<environment.Job instance at 0x7f62b3d8e5a0>,46,12,[ 3 13],47,-1,123,-1,111
1,<environment.Job instance at 0x7f62b3d8e7d0>,47,23,[6 5],48,-1,135,-1,112
1,<environment.Job instance at 0x7f62b3d8e0f0>,48,23,[6 4],49,-1,137,-1,114
1,<environment.Job instance at 0x7f62b3d8e870>,49,23,[6 1],50,-1,137,-1,114
1,<environment.Job instance at 0x7f62b3d8e910>,50,18,[13  2],51,-1,132,-1,114
1,<environment.Job instance at 0x7f62b3d8ea50>,52,28,[3 9],53,-1,142,-1,114
1,<environment.Job instance at 0x7f62b3d8eaf0>,53,19,[14  5],54,-1,133,-1,114
1,<environment.Job instance at 0x7f62b3d8eb90>,54,14,[ 4 12],55,-1,128,-1,114
1,<environment.Job instance at 0x7f62b3d8ec30>,55,14,[12  3],56,-1,128,-1,114
1,<environment.Job instance at 0x7f62b3d8ee10>,59,15,[13  1],60,-1,159,-1,144
1,<environment.Job instance at 0x7f62b3d8efa0>,60,13,[ 5 11],61,-1,157,-1,144
1,<environment.Job instance at 0x7f62b3d8ef50>,61,25,[ 2 14],62,-1,169,-1,144
1,<environment.Job instance at 0x7f62b3d8e820>,62,27,[ 1 12],63,-1,171,-1,144
1,<environment.Job instance at 0x7f62b3d861e0>,63,24,[2 8],64,-1,168,-1,144
1,<environment.Job instance at 0x7f62b3d862d0>,64,26,[ 5 13],65,-1,170,-1,144
1,<environment.Job instance at 0x7f62b3d86370>,65,28,[ 4 13],66,-1,172,-1,144
1,<environment.Job instance at 0x7f62b3d86410>,66,13,[11  2],67,-1,157,-1,144
1,<environment.Job instance at 0x7f62b3d863c0>,67,19,[ 2 11],68,-1,163,-1,144
1,<environment.Job instance at 0x7f62b3d864b0>,68,28,[ 4 11],69,-1,172,-1,144
1,<environment.Job instance at 0x7f62b3d865f0>,70,16,[14  4],71,-1,161,-1,145
1,<environment.Job instance at 0x7f62b3d86780>,71,23,[ 3 10],72,-1,168,-1,145
1,<environment.Job instance at 0x7f62b3d97dc0>,38,24,[12  2],39,-1,169,-1,145
1,<environment.Job instance at 0x7f1294031320>,2,22,[4 8],3,-1,25,-1,3
1,<environment.Job instance at 0x7f128a8b94b0>,3,26,[11  4],4,-1,30,-1,4
1,<environment.Job instance at 0x7f128a8b98c0>,7,25,[6 2],8,-1,33,-1,8
1,<environment.Job instance at 0x7f128a8b99b0>,8,22,[14  3],9,-1,31,-1,9
1,<environment.Job instance at 0x7f128a8b9a00>,9,18,[ 2 13],10,-1,28,-1,10
1,<environment.Job instance at 0x7f128a8b9aa0>,10,18,[ 3 11],11,-1,29,-1,11
1,<environment.Job instance at 0x7f128a8b9b40>,11,26,[4 8],12,-1,38,-1,12
1,<environment.Job instance at 0x7f128a8b9be0>,12,26,[ 1 12],13,-1,39,-1,13
1,<environment.Job instance at 0x7f128a8b9c80>,13,18,[ 4 14],14,-1,32,-1,14
1,<environment.Job instance at 0x7f128a8b9dc0>,15,18,[ 2 14],16,-1,34,-1,16
1,<environment.Job instance at 0x7f128a8b9f00>,16,16,[ 3 11],17,-1,33,-1,17
1,<environment.Job instance at 0x7f128a8b9fa0>,17,28,[ 5 10],18,-1,46,-1,18
1,<environment.Job instance at 0x7f128a8bd050>,18,25,[ 4 13],19,-1,44,-1,19
1,<environment.Job instance at 0x7f128a8bd0f0>,19,14,[ 3 11],20,-1,34,-1,20
1,<environment.Job instance at 0x7f128a8bd190>,20,27,[13  5],21,-1,48,-1,21
1,<environment.Job instance at 0x7f128a8bd230>,21,26,[ 5 12],22,-1,48,-1,22
1,<environment.Job instance at 0x7f128a8bd410>,24,13,[ 3 14],25,-1,38,-1,25
1,<environment.Job instance at 0x7f128a8bd550>,25,23,[ 3 13],26,-1,49,-1,26
1,<environment.Job instance at 0x7f128a8bd910>,30,27,[4 8],31,-1,63,-1,36
1,<environment.Job instance at 0x7f128a8bd9b0>,31,20,[11  5],32,-1,56,-1,36
1,<environment.Job instance at 0x7f128a8bda50>,32,27,[11  3],33,-1,63,-1,36
1,<environment.Job instance at 0x7f128a8bdb90>,34,24,[1 8],35,-1,65,-1,41
1,<environment.Job instance at 0x7f128a8bd730>,36,13,[ 3 14],37,-1,64,-1,51
1,<environment.Job instance at 0x7f128a8bd780>,37,28,[ 2 12],38,-1,79,-1,51
1,<environment.Job instance at 0x7f128a8bddc0>,38,20,[ 1 10],39,-1,71,-1,51
1,<environment.Job instance at 0x7f128a8bdd20>,39,24,[5 6],40,-1,75,-1,51
1,<environment.Job instance at 0x7f128a8bdf50>,41,27,[14  1],42,-1,93,-1,66
1,<environment.Job instance at 0x7f128a8bf280>,43,13,[13  1],44,-1,101,-1,88
1,<environment.Job instance at 0x7f128a8bf320>,44,24,[ 1 13],45,-1,112,-1,88
1,<environment.Job instance at 0x7f128a8bf460>,46,17,[12  2],47,-1,105,-1,88
1,<environment.Job instance at 0x7f128a8bf5a0>,48,15,[14  1],49,-1,114,-1,99
1,<environment.Job instance at 0x7f128a8bf640>,49,16,[ 2 11],50,-1,115,-1,99
1,<environment.Job instance at 0x7f128a8bf6e0>,50,16,[12  2],51,-1,115,-1,99
1,<environment.Job instance at 0x7f128a8bf8c0>,52,27,[8 5],53,-1,133,-1,106
1,<environment.Job instance at 0x7f128a8bfa00>,54,13,[13  1],55,-1,129,-1,116
1,<environment.Job instance at 0x7f128a8bfaa0>,55,20,[ 3 13],56,-1,136,-1,116
1,<environment.Job instance at 0x7f128a8bfbe0>,57,27,[ 2 14],58,-1,143,-1,116
1,<environment.Job instance at 0x7f128a8bfdc0>,60,23,[ 1 11],61,-1,156,-1,133
1,<environment.Job instance at 0x7f128a8bfe60>,61,21,[ 5 13],62,-1,154,-1,133
1,<environment.Job instance at 0x7f128a8bffa0>,63,17,[ 4 12],64,-1,155,-1,138
1,<environment.Job instance at 0x7f128ac67af0>,4,19,[ 3 12],5,-1,24,-1,5
1,<environment.Job instance at 0x7f128ac67500>,8,20,[ 3 12],9,-1,29,-1,9
1,<environment.Job instance at 0x7f128ac67fa0>,9,16,[12  4],10,-1,26,-1,10
1,<environment.Job instance at 0x7f128ac679b0>,10,16,[12  5],11,-1,27,-1,11
1,<environment.Job instance at 0x7f128ac67140>,11,20,[ 1 12],12,-1,32,-1,12
1,<environment.Job instance at 0x7f128ad20c80>,12,13,[12  1],13,-1,26,-1,13
1,<environment.Job instance at 0x7f128ad205f0>,13,12,[11  5],14,-1,26,-1,14
1,<environment.Job instance at 0x7f128ad20780>,14,17,[ 3 12],15,-1,32,-1,15
1,<environment.Job instance at 0x7f128ad201e0>,15,16,[13  4],16,-1,32,-1,16
1,<environment.Job instance at 0x7f128ad203c0>,16,18,[ 1 12],17,-1,35,-1,17
1,<environment.Job instance at 0x7f128ad20be0>,21,14,[2 9],22,-1,42,-1,28
1,<environment.Job instance at 0x7f128ad20aa0>,22,20,[13  3],23,-1,48,-1,28
1,<environment.Job instance at 0x7f128ad209b0>,23,21,[ 4 12],24,-1,49,-1,28
1,<environment.Job instance at 0x7f128ad20b90>,24,20,[5 2],25,-1,48,-1,28
1,<environment.Job instance at 0x7f128ad20f50>,25,27,[5 9],26,-1,55,-1,28
1,<environment.Job instance at 0x7f128ad20820>,26,27,[2 9],27,-1,55,-1,28
1,<environment.Job instance at 0x7f128ad204b0>,27,21,[11  4],28,-1,49,-1,28
1,<environment.Job instance at 0x7f128a008370>,28,12,[14  5],29,-1,41,-1,29
1,<environment.Job instance at 0x7f128a0082d0>,29,16,[12  3],30,-1,46,-1,30
1,<environment.Job instance at 0x7f1289fff910>,30,17,[12  2],31,-1,48,-1,31
1,<environment.Job instance at 0x7f128a347780>,31,28,[2 8],32,-1,60,-1,32
1,<environment.Job instance at 0x7f128a347820>,32,12,[1 7],33,-1,45,-1,33
1,<environment.Job instance at 0x7f128a3230a0>,33,21,[12  2],34,-1,55,-1,34
1,<environment.Job instance at 0x7f128a319780>,34,21,[ 5 11],35,-1,56,-1,35
1,<environment.Job instance at 0x7f128a371f00>,35,26,[ 5 10],36,-1,62,-1,36
1,<environment.Job instance at 0x7f128a371d20>,36,27,[12  4],37,-1,64,-1,37
1,<environment.Job instance at 0x7f1289f89cd0>,37,27,[14  3],38,-1,65,-1,38
1,<environment.Job instance at 0x7f128a390b90>,39,14,[ 1 12],40,-1,54,-1,40
1,<environment.Job instance at 0x7f1289f82d20>,41,14,[13  5],42,-1,56,-1,42
1,<environment.Job instance at 0x7f128a38a370>,42,25,[11  2],43,-1,68,-1,43
1,<environment.Job instance at 0x7f128a38a0f0>,43,14,[12  2],44,-1,58,-1,44
1,<environment.Job instance at 0x7f128a2cf320>,44,28,[8 4],45,-1,73,-1,45
1,<environment.Job instance at 0x7f128a411c30>,46,20,[12  1],47,-1,67,-1,47
1,<environment.Job instance at 0x7f128a357f50>,47,13,[ 4 12],48,-1,61,-1,48
1,<environment.Job instance at 0x7f128a3571e0>,48,18,[12  2],49,-1,67,-1,49
1,<environment.Job instance at 0x7f128a357550>,49,15,[12  3],50,-1,65,-1,50
1,<environment.Job instance at 0x7f128a3572d0>,50,25,[7 2],51,-1,76,-1,51
1,<environment.Job instance at 0x7f128a3cf410>,51,26,[ 5 11],52,-1,78,-1,52
1,<environment.Job instance at 0x7f128a3cf5a0>,53,16,[11  1],54,-1,70,-1,54
1,<environment.Job instance at 0x7f128a3cfeb0>,55,19,[12  5],56,-1,82,-1,63
1,<environment.Job instance at 0x7f1289f82b40>,56,17,[11  3],57,-1,80,-1,63
1,<environment.Job instance at 0x7f128a3b1af0>,57,14,[ 1 10],58,-1,77,-1,63
1,<environment.Job instance at 0x7f128a3b17d0>,58,25,[6 2],59,-1,88,-1,63
1,<environment.Job instance at 0x7f128a3b1a00>,59,18,[12  4],60,-1,81,-1,63
1,<environment.Job instance at 0x7f128a3b1460>,60,14,[6 1],61,-1,77,-1,63
1,<environment.Job instance at 0x7f128a3b14b0>,61,26,[11  5],62,-1,89,-1,63
1,<environment.Job instance at 0x7f128a3d3f50>,63,14,[10  1],64,-1,93,-1,79
1,<environment.Job instance at 0x7f128a3d3960>,64,16,[11  2],65,-1,95,-1,79
1,<environment.Job instance at 0x7f128a3d37d0>,65,15,[13  5],66,-1,94,-1,79
1,<environment.Job instance at 0x7f128a3623c0>,68,27,[14  3],69,-1,106,-1,79
1,<environment.Job instance at 0x7f128a3629b0>,69,20,[1 7],70,-1,99,-1,79
1,<environment.Job instance at 0x7f128a362410>,70,26,[ 4 10],71,-1,105,-1,79
1,<environment.Job instance at 0x7f128a362870>,71,26,[8 3],72,-1,105,-1,79
1,<environment.Job instance at 0x7f128a3b3550>,72,23,[12  1],73,-1,102,-1,79
1,<environment.Job instance at 0x7f128a362b40>,73,19,[ 2 13],74,-1,98,-1,79
1,<environment.Job instance at 0x7f128a3b33c0>,74,22,[11  1],75,-1,101,-1,79
1,<environment.Job instance at 0x7f128a3b0550>,75,22,[ 1 13],76,-1,101,-1,79
1,<environment.Job instance at 0x7f128a3b02d0>,76,24,[ 2 14],77,-1,103,-1,79
1,<environment.Job instance at 0x7f128a3b0dc0>,78,23,[13  3],79,-1,118,-1,95
1,<environment.Job instance at 0x7f128a3b0140>,79,25,[10  5],80,-1,120,-1,95
1,<environment.Job instance at 0x7f128a3b0e60>,80,20,[13  5],81,-1,115,-1,95
1,<environment.Job instance at 0x7f128a3c0500>,81,24,[14  3],82,-1,119,-1,95
1,<environment.Job instance at 0x7f128a3c0320>,82,23,[13  5],83,-1,118,-1,95
1,<environment.Job instance at 0x7f128a3c0dc0>,83,21,[12  3],84,-1,116,-1,95
1,<environment.Job instance at 0x7f128a3c0c30>,85,28,[ 4 11],86,-1,123,-1,95
1,<environment.Job instance at 0x7f128a3c0b90>,86,18,[ 4 12],87,-1,113,-1,95
1,<environment.Job instance at 0x7f128a3c01e0>,87,22,[14  1],88,-1,117,-1,95
1,<environment.Job instance at 0x7f128a3c0230>,88,25,[7 3],89,-1,120,-1,95
1,<environment.Job instance at 0x7f128a3662d0>,89,27,[ 4 13],90,-1,122,-1,95
1,<environment.Job instance at 0x7f128a3663c0>,90,26,[8 4],91,-1,121,-1,95
1,<environment.Job instance at 0x7f128a3665a0>,91,12,[11  1],92,-1,107,-1,95
1,<environment.Job instance at 0x7f128a46a370>,93,16,[14  1],94,-1,125,-1,109
1,<environment.Job instance at 0x7f128a446d70>,94,27,[ 1 10],95,-1,136,-1,109
1,<environment.Job instance at 0x7f128a446aa0>,96,19,[13  1],97,-1,133,-1,114
1,<environment.Job instance at 0x7f128a415190>,97,15,[12  2],98,-1,129,-1,114
1,<environment.Job instance at 0x7f128a46a230>,98,20,[11  2],99,-1,134,-1,114
1,<environment.Job instance at 0x7f128a397320>,99,25,[ 2 13],100,-1,139,-1,114
1,<environment.Job instance at 0x7f128a00b8c0>,100,14,[2 7],101,-1,128,-1,114
1,<environment.Job instance at 0x7f128a00baa0>,102,24,[ 3 13],103,-1,148,-1,124
1,<environment.Job instance at 0x7f128a398a50>,103,15,[ 2 13],104,-1,139,-1,124
1,<environment.Job instance at 0x7f128a398230>,104,13,[ 5 14],105,-1,137,-1,124
1,<environment.Job instance at 0x7f128a3972d0>,105,20,[11  2],106,-1,144,-1,124
1,<environment.Job instance at 0x7f128aefe820>,106,15,[3 6],107,-1,140,-1,125
1,<environment.Job instance at 0x7f128aefe230>,107,21,[ 4 14],108,-1,146,-1,125
1,<environment.Job instance at 0x7f128aefe8c0>,109,15,[14  4],110,-1,145,-1,130
1,<environment.Job instance at 0x7f128abf0d70>,111,23,[13  1],112,-1,166,-1,143
1,<environment.Job instance at 0x7f128abf0050>,113,26,[ 1 11],114,-1,176,-1,150
1,<environment.Job instance at 0x7f128abf0cd0>,114,14,[ 3 13],115,-1,164,-1,150
1,<environment.Job instance at 0x7f128aa3b230>,115,13,[4 8],116,-1,163,-1,150
1,<environment.Job instance at 0x7f128afeeb40>,117,27,[10  3],118,-1,183,-1,156
1,<environment.Job instance at 0x7f128aa3b5a0>,118,16,[12  5],119,-1,172,-1,156
1,<environment.Job instance at 0x7f128a3bca00>,119,14,[14  5],120,-1,170,-1,156
1,<environment.Job instance at 0x7f128a3bc050>,120,13,[ 5 13],121,-1,169,-1,156
1,<environment.Job instance at 0x7f128a3bcf00>,121,15,[6 1],122,-1,171,-1,156
1,<environment.Job instance at 0x7f128a3bcf50>,122,26,[13  2],123,-1,182,-1,156
1,<environment.Job instance at 0x7f128a3bcc80>,123,22,[9 5],124,-1,178,-1,156
1,<environment.Job instance at 0x7f128a3bc280>,124,15,[ 1 12],125,-1,171,-1,156
1,<environment.Job instance at 0x7f128a3bcb40>,125,14,[ 1 12],126,-1,170,-1,156
1,<environment.Job instance at 0x7f128a3943c0>,126,13,[2 5],127,-1,169,-1,156
1,<environment.Job instance at 0x7f128a49fc80>,127,23,[6 4],128,-1,179,-1,156
1,<environment.Job instance at 0x7f128a394cd0>,128,26,[ 3 11],129,-1,182,-1,156
1,<environment.Job instance at 0x7f128a394b40>,129,17,[6 2],130,-1,173,-1,156
1,<environment.Job instance at 0x7f128acdcaf0>,130,17,[5 1],131,-1,173,-1,156
1,<environment.Job instance at 0x7f128acdca00>,131,25,[3 9],132,-1,181,-1,156
1,<environment.Job instance at 0x7f128acdc690>,132,13,[14  3],133,-1,169,-1,156
1,<environment.Job instance at 0x7f1289f69aa0>,2,18,[12  1],3,-1,21,-1,3
1,<environment.Job instance at 0x7f1289f69230>,5,25,[8 5],6,-1,31,-1,6
1,<environment.Job instance at 0x7f1289f69a50>,6,17,[ 1 12],7,-1,24,-1,7
1,<environment.Job instance at 0x7f1289f690a0>,7,21,[5 9],8,-1,29,-1,8
1,<environment.Job instance at 0x7f1289f69f00>,8,18,[ 2 14],9,-1,27,-1,9
1,<environment.Job instance at 0x7f1289f69d70>,9,24,[11  1],10,-1,34,-1,10
1,<environment.Job instance at 0x7f1289f69c30>,10,25,[7 1],11,-1,36,-1,11
1,<environment.Job instance at 0x7f1289fe46e0>,11,24,[12  5],12,-1,36,-1,12
1,<environment.Job instance at 0x7f1289f69730>,13,15,[ 1 11],14,-1,29,-1,14
1,<environment.Job instance at 0x7f1289fe4190>,14,16,[ 5 12],15,-1,31,-1,15
1,<environment.Job instance at 0x7f1289fe4c80>,15,27,[ 4 14],16,-1,43,-1,16
1,<environment.Job instance at 0x7f1289fe4be0>,16,23,[ 2 11],17,-1,40,-1,17
1,<environment.Job instance at 0x7f1289fe4820>,17,13,[ 4 12],18,-1,31,-1,18
1,<environment.Job instance at 0x7f1289fe4960>,18,15,[13  1],19,-1,34,-1,19
1,<environment.Job instance at 0x7f1289fe4b40>,24,16,[ 2 12],25,-1,55,-1,39
1,<environment.Job instance at 0x7f1289fe45f0>,25,12,[ 4 14],26,-1,51,-1,39
1,<environment.Job instance at 0x7f1289fe4f50>,29,23,[ 2 13],30,-1,76,-1,53
1,<environment.Job instance at 0x7f1289fe7410>,30,12,[14  1],31,-1,65,-1,53
1,<environment.Job instance at 0x7f1289fe79b0>,31,28,[ 1 13],32,-1,81,-1,53
1,<environment.Job instance at 0x7f1289fe7320>,33,22,[12  5],34,-1,86,-1,64
1,<environment.Job instance at 0x7f1289fe70f0>,35,12,[11  5],36,-1,80,-1,68
1,<environment.Job instance at 0x7f1289fe7230>,37,22,[11  2],38,-1,102,-1,80
1,<environment.Job instance at 0x7f1289fe7280>,39,17,[13  5],40,-1,109,-1,92
1,<environment.Job instance at 0x7f1289fe7730>,40,12,[ 3 14],41,-1,104,-1,92
1,<environment.Job instance at 0x7f1289fe77d0>,42,15,[ 4 12],43,-1,128,-1,113
1,<environment.Job instance at 0x7f1289fe7d70>,43,21,[ 3 14],44,-1,134,-1,113
1,<environment.Job instance at 0x7f1289fe4eb0>,46,28,[6 1],47,-1,144,-1,116
1,<environment.Job instance at 0x7f128af66c30>,49,27,[ 4 12],50,-1,156,-1,129
1,<environment.Job instance at 0x7f128adf3c30>,50,25,[12  4],51,-1,154,-1,129
1,<environment.Job instance at 0x7f128adf3370>,51,20,[ 3 14],52,-1,149,-1,129
1,<environment.Job instance at 0x7f128ad7fb90>,52,13,[ 3 14],53,-1,142,-1,129
1,<environment.Job instance at 0x7f128adf3e60>,53,13,[11  5],54,-1,142,-1,129
1,<environment.Job instance at 0x7f128adf3fa0>,54,24,[8 4],55,-1,153,-1,129
1,<environment.Job instance at 0x7f128ae6a5a0>,56,20,[12  3],57,-1,162,-1,142
1,<environment.Job instance at 0x7f128ae6a460>,57,25,[13  2],58,-1,167,-1,142
1,<environment.Job instance at 0x7f128ad4a690>,59,25,[1 6],60,-1,168,-1,143
1,<environment.Job instance at 0x7f128a7351e0>,60,17,[12  4],61,-1,160,-1,143
1,<environment.Job instance at 0x7f128a67fc80>,61,26,[1 9],62,-1,169,-1,143
1,<environment.Job instance at 0x7f128ae0a140>,62,27,[14  4],63,-1,170,-1,143
1,<environment.Job instance at 0x7f128ae0a9b0>,63,18,[14  2],64,-1,161,-1,143
1,<environment.Job instance at 0x7f128ad56cd0>,64,25,[13  3],65,-1,168,-1,143
1,<environment.Job instance at 0x7f128ad565f0>,66,23,[12  4],67,-1,180,-1,157
1,<environment.Job instance at 0x7f128ad56690>,67,25,[9 2],68,-1,182,-1,157
1,<environment.Job instance at 0x7f128a2d45f0>,68,20,[11  2],69,-1,177,-1,157
1,<environment.Job instance at 0x7f128ad56280>,69,16,[14  4],70,-1,173,-1,157
1,<environment.Job instance at 0x7f128ad560f0>,70,23,[7 4],71,-1,181,-1,158
1,<environment.Job instance at 0x7f128a27a3c0>,1,27,[1 8],2,-1,29,-1,2
1,<environment.Job instance at 0x7f128a357460>,3,24,[11  3],4,-1,28,-1,4
1,<environment.Job instance at 0x7f128a3574b0>,4,18,[13  3],5,-1,23,-1,5
1,<environment.Job instance at 0x7f1289fe4190>,7,23,[13  3],8,-1,31,-1,8
1,<environment.Job instance at 0x7f128a3e5a00>,14,25,[12  2],15,-1,46,-1,21
1,<environment.Job instance at 0x7f128a5135f0>,15,25,[14  1],16,-1,46,-1,21
1,<environment.Job instance at 0x7f128a397500>,16,27,[5 5],17,-1,48,-1,21
1,<environment.Job instance at 0x7f128a397c80>,18,23,[14  2],19,-1,59,-1,36
1,<environment.Job instance at 0x7f128a540e10>,22,12,[12  4],23,-1,66,-1,54
1,<environment.Job instance at 0x7f128a2fa8c0>,23,21,[ 2 11],24,-1,75,-1,54
1,<environment.Job instance at 0x7f128a4110f0>,24,23,[14  3],25,-1,77,-1,54
1,<environment.Job instance at 0x7f128a540a00>,25,25,[9 2],26,-1,79,-1,54
1,<environment.Job instance at 0x7f128a585c30>,27,19,[11  1],28,-1,87,-1,68
1,<environment.Job instance at 0x7f1289f86550>,30,23,[ 2 11],31,-1,91,-1,68
1,<environment.Job instance at 0x7f1289f86c80>,31,27,[1 8],32,-1,95,-1,68
1,<environment.Job instance at 0x7f128ad4fd70>,32,19,[ 5 14],33,-1,87,-1,68
1,<environment.Job instance at 0x7f128a31daa0>,34,27,[11  3],35,-1,116,-1,89
1,<environment.Job instance at 0x7f128a31d820>,35,26,[2 6],36,-1,115,-1,89
1,<environment.Job instance at 0x7f128a534280>,38,25,[14  2],39,-1,132,-1,107
1,<environment.Job instance at 0x7f128acbe050>,2,27,[5 1],3,-1,30,-1,3
1,<environment.Job instance at 0x7f128af96a50>,4,17,[14  5],5,-1,22,-1,5
1,<environment.Job instance at 0x7f128af96b40>,5,25,[6 1],6,-1,31,-1,6
1,<environment.Job instance at 0x7f128accb140>,7,25,[8 3],8,-1,33,-1,8
1,<environment.Job instance at 0x7f128accbb90>,9,16,[ 5 10],10,-1,29,-1,13
1,<environment.Job instance at 0x7f128accb820>,12,19,[12  1],13,-1,32,-1,13
1,<environment.Job instance at 0x7f128accb8c0>,13,26,[4 7],14,-1,40,-1,14
1,<environment.Job instance at 0x7f128accbf00>,15,18,[ 2 13],16,-1,37,-1,19
1,<environment.Job instance at 0x7f128acc1050>,22,28,[9 1],23,-1,102,-1,74
1,<environment.Job instance at 0x7f128acdd8c0>,26,28,[ 4 12],27,-1,132,-1,104
1,<environment.Job instance at 0x7f128acdd500>,27,25,[2 6],28,-1,129,-1,104
1,<environment.Job instance at 0x7f128acbf5f0>,33,21,[11  5],34,-1,158,-1,137
1,<environment.Job instance at 0x7f128acbf280>,34,12,[13  2],35,-1,149,-1,137
1,<environment.Job instance at 0x7f128acbfd20>,35,13,[ 5 13],36,-1,150,-1,137
1,<environment.Job instance at 0x7f128acbff00>,37,24,[12  2],38,-1,161,-1,137
1,<environment.Job instance at 0x7f128a6124b0>,38,27,[5 9],39,-1,164,-1,137
1,<environment.Job instance at 0x7f128a612550>,39,23,[8 5],40,-1,160,-1,137
1,<environment.Job instance at 0x7f128a612b40>,40,18,[11  4],41,-1,172,-1,154
1,<environment.Job instance at 0x7f128a2eb500>,1,25,[2 7],2,-1,27,-1,2
1,<environment.Job instance at 0x7f128a2e01e0>,3,21,[ 3 14],4,-1,25,-1,4
1,<environment.Job instance at 0x7f128a2e0780>,10,27,[ 5 12],11,-1,62,-1,35
1,<environment.Job instance at 0x7f128a2e04b0>,12,16,[ 2 13],13,-1,51,-1,35
1,<environment.Job instance at 0x7f128a2e0d20>,17,14,[ 2 13],18,-1,114,-1,100
1,<environment.Job instance at 0x7f128a2e0a50>,18,13,[14  5],19,-1,113,-1,100
1,<environment.Job instance at 0x7f128a2e0320>,19,18,[12  4],20,-1,118,-1,100
1,<environment.Job instance at 0x7f128a6bec30>,20,21,[ 2 14],21,-1,121,-1,100
1,<environment.Job instance at 0x7f128a705d20>,4,25,[ 5 10],5,-1,30,-1,5
1,<environment.Job instance at 0x7f128ad22be0>,7,15,[ 3 14],8,-1,23,-1,8
1,<environment.Job instance at 0x7f128ad22690>,12,15,[ 4 14],13,-1,30,-1,15
1,<environment.Job instance at 0x7f128ad22910>,13,12,[ 1 14],14,-1,27,-1,15
1,<environment.Job instance at 0x7f128ad22050>,14,20,[ 1 12],15,-1,35,-1,15
1,<environment.Job instance at 0x7f128a699500>,17,14,[ 4 12],18,-1,47,-1,33
1,<environment.Job instance at 0x7f128a699dc0>,19,25,[ 1 14],20,-1,58,-1,33
1,<environment.Job instance at 0x7f128a699370>,20,14,[11  5],21,-1,47,-1,33
1,<environment.Job instance at 0x7f128a699be0>,22,23,[ 4 13],23,-1,69,-1,46
1,<environment.Job instance at 0x7f128a699550>,23,19,[11  1],24,-1,65,-1,46
1,<environment.Job instance at 0x7f128a699820>,24,26,[11  4],25,-1,72,-1,46
1,<environment.Job instance at 0x7f128a6991e0>,26,21,[2 8],27,-1,93,-1,72
1,<environment.Job instance at 0x7f128a699140>,28,15,[14  4],29,-1,87,-1,72
1,<environment.Job instance at 0x7f128a6990a0>,29,18,[ 3 14],30,-1,90,-1,72
1,<environment.Job instance at 0x7f128a74d780>,30,28,[5 2],31,-1,100,-1,72
1,<environment.Job instance at 0x7f128a699320>,31,21,[ 4 12],32,-1,93,-1,72
1,<environment.Job instance at 0x7f128b408af0>,33,18,[11  5],34,-1,90,-1,72
1,<environment.Job instance at 0x7f128b408a00>,34,13,[1 6],35,-1,85,-1,72
1,<environment.Job instance at 0x7f128b408a50>,35,21,[ 3 10],36,-1,93,-1,72
1,<environment.Job instance at 0x7f128b408640>,36,22,[2 6],37,-1,94,-1,72
1,<environment.Job instance at 0x7f128b408370>,37,21,[11  3],38,-1,93,-1,72
1,<environment.Job instance at 0x7f128b405f00>,41,14,[11  3],42,-1,121,-1,107
1,<environment.Job instance at 0x7f128b4052d0>,42,28,[2 7],43,-1,135,-1,107
1,<environment.Job instance at 0x7f128b405550>,43,27,[11  2],44,-1,134,-1,107
1,<environment.Job instance at 0x7f128b405af0>,44,21,[9 1],45,-1,131,-1,110
1,<environment.Job instance at 0x7f128b405d20>,46,22,[14  2],47,-1,132,-1,110
1,<environment.Job instance at 0x7f128b405820>,47,12,[4 5],48,-1,126,-1,114
1,<environment.Job instance at 0x7f128af888c0>,48,21,[10  3],49,-1,142,-1,121
1,<environment.Job instance at 0x7f128af887d0>,49,22,[ 2 11],50,-1,143,-1,121
1,<environment.Job instance at 0x7f128af88140>,50,16,[11  5],51,-1,137,-1,121
1,<environment.Job instance at 0x7f128ad225a0>,3,15,[12  2],4,-1,19,-1,4
1,<environment.Job instance at 0x7f128a60f050>,4,20,[12  3],5,-1,25,-1,5
1,<environment.Job instance at 0x7f128a60f2d0>,6,26,[13  3],7,-1,33,-1,7
1,<environment.Job instance at 0x7f128a60fdc0>,7,23,[9 5],8,-1,34,-1,11
1,<environment.Job instance at 0x7f128a60faf0>,10,13,[13  3],11,-1,24,-1,11
1,<environment.Job instance at 0x7f128a60f5f0>,11,12,[12  5],12,-1,24,-1,12
1,<environment.Job instance at 0x7f128b2be730>,12,14,[12  5],13,-1,27,-1,13
1,<environment.Job instance at 0x7f128a5dd3c0>,13,22,[14  5],14,-1,36,-1,14
1,<environment.Job instance at 0x7f128a5dd960>,14,19,[5 2],15,-1,63,-1,44
1,<environment.Job instance at 0x7f128a5dd4b0>,19,23,[ 5 11],20,-1,67,-1,44
1,<environment.Job instance at 0x7f128a5dd500>,20,12,[9 5],21,-1,56,-1,44
1,<environment.Job instance at 0x7f128a5dddc0>,21,14,[ 3 11],22,-1,58,-1,44
1,<environment.Job instance at 0x7f128a5ddaa0>,22,15,[11  2],23,-1,59,-1,44
1,<environment.Job instance at 0x7f128a5ddb40>,23,17,[ 5 11],24,-1,61,-1,44
1,<environment.Job instance at 0x7f128a5e7690>,24,12,[8 3],25,-1,56,-1,44
1,<environment.Job instance at 0x7f128a5e7320>,25,18,[ 2 10],26,-1,63,-1,45
1,<environment.Job instance at 0x7f128a5e7410>,28,14,[8 5],29,-1,72,-1,58
1,<environment.Job instance at 0x7f128a5e7d70>,29,25,[9 4],30,-1,83,-1,58
1,<environment.Job instance at 0x7f128a33bc80>,30,15,[13  3],31,-1,73,-1,58
1,<environment.Job instance at 0x7f128a33b140>,31,17,[ 1 14],32,-1,75,-1,58
1,<environment.Job instance at 0x7f128b474870>,33,28,[ 5 13],34,-1,92,-1,64
1,<environment.Job instance at 0x7f128a7f0f00>,34,15,[12  1],35,-1,79,-1,64
1,<environment.Job instance at 0x7f128b474780>,35,25,[ 5 14],36,-1,89,-1,64
1,<environment.Job instance at 0x7f128a355190>,37,26,[4 9],38,-1,100,-1,74
1,<environment.Job instance at 0x7f128a7edb90>,38,27,[10  5],39,-1,101,-1,74
1,<environment.Job instance at 0x7f128a7f7730>,39,18,[11  4],40,-1,92,-1,74
1,<environment.Job instance at 0x7f128a801460>,40,14,[14  4],41,-1,88,-1,74
1,<environment.Job instance at 0x7f128a7f7c30>,41,26,[ 5 12],42,-1,100,-1,74
1,<environment.Job instance at 0x7f128a355b40>,42,18,[1 6],43,-1,94,-1,76
1,<environment.Job instance at 0x7f128b4736e0>,43,16,[13  4],44,-1,92,-1,76
1,<environment.Job instance at 0x7f128b484e10>,5,23,[ 1 11],6,-1,29,-1,6
1,<environment.Job instance at 0x7f128afcb820>,7,24,[12  4],8,-1,32,-1,8
1,<environment.Job instance at 0x7f128afcbdc0>,9,16,[11  5],10,-1,27,-1,11
1,<environment.Job instance at 0x7f128afcbb40>,11,22,[ 4 11],12,-1,34,-1,12
1,<environment.Job instance at 0x7f128afcb050>,12,18,[ 3 13],13,-1,31,-1,13
1,<environment.Job instance at 0x7f128a9d3e60>,13,17,[12  4],14,-1,31,-1,14
1,<environment.Job instance at 0x7f128a9d3f00>,14,12,[14  4],15,-1,27,-1,15
1,<environment.Job instance at 0x7f128a9d3c30>,17,12,[ 3 11],18,-1,30,-1,18
1,<environment.Job instance at 0x7f128a9d3230>,19,14,[ 1 12],20,-1,45,-1,31
1,<environment.Job instance at 0x7f128a9d35f0>,20,16,[13  3],21,-1,47,-1,31
1,<environment.Job instance at 0x7f128a9d3a00>,22,23,[11  1],23,-1,54,-1,31
1,<environment.Job instance at 0x7f128a9d3c80>,24,18,[ 1 13],25,-1,62,-1,44
1,<environment.Job instance at 0x7f128a9d3730>,26,13,[11  3],27,-1,59,-1,46
1,<environment.Job instance at 0x7f128a9d3b40>,27,28,[7 5],28,-1,74,-1,46
1,<environment.Job instance at 0x7f128a9d31e0>,29,27,[9 3],30,-1,73,-1,46
1,<environment.Job instance at 0x7f128a9d39b0>,30,18,[13  1],31,-1,64,-1,46
1,<environment.Job instance at 0x7f128a9d3e10>,32,25,[10  1],33,-1,88,-1,63
1,<environment.Job instance at 0x7f128a9d3460>,34,23,[11  1],35,-1,101,-1,78
1,<environment.Job instance at 0x7f128af0b050>,35,20,[13  4],36,-1,98,-1,78
1,<environment.Job instance at 0x7f128af0b6e0>,36,22,[ 1 11],37,-1,100,-1,78
1,<environment.Job instance at 0x7f128af0be10>,37,26,[ 5 12],38,-1,104,-1,78
1,<environment.Job instance at 0x7f128af0beb0>,38,26,[2 8],39,-1,104,-1,78
1,<environment.Job instance at 0x7f128af0b550>,40,21,[ 1 12],41,-1,105,-1,84
1,<environment.Job instance at 0x7f128af0b8c0>,41,16,[ 2 13],42,-1,100,-1,84
1,<environment.Job instance at 0x7f128af0b2d0>,42,23,[7 1],43,-1,107,-1,84
1,<environment.Job instance at 0x7f128af0b730>,43,13,[13  4],44,-1,97,-1,84
1,<environment.Job instance at 0x7f128af0bcd0>,44,18,[14  3],45,-1,102,-1,84
1,<environment.Job instance at 0x7f128af0b410>,46,24,[14  5],47,-1,117,-1,93
1,<environment.Job instance at 0x7f128af0b960>,47,25,[ 4 12],48,-1,118,-1,93
1,<environment.Job instance at 0x7f128af0bc80>,48,15,[ 2 10],49,-1,111,-1,96
1,<environment.Job instance at 0x7f128af0bb40>,49,18,[12  3],50,-1,114,-1,96
1,<environment.Job instance at 0x7f128af0bf00>,51,18,[ 2 11],52,-1,128,-1,110
1,<environment.Job instance at 0x7f128af0baf0>,52,13,[11  3],53,-1,123,-1,110
1,<environment.Job instance at 0x7f128af0b7d0>,53,18,[13  2],54,-1,128,-1,110
1,<environment.Job instance at 0x7f128af0b9b0>,54,28,[7 1],55,-1,138,-1,110
1,<environment.Job instance at 0x7f128af0b690>,55,23,[ 5 13],56,-1,133,-1,110
1,<environment.Job instance at 0x7f128b2ef4b0>,56,23,[2 7],57,-1,133,-1,110
1,<environment.Job instance at 0x7f128b2ef460>,57,28,[ 1 10],58,-1,138,-1,110
1,<environment.Job instance at 0x7f128b2ef550>,58,25,[ 2 12],59,-1,135,-1,110
1,<environment.Job instance at 0x7f128b2ef050>,59,12,[ 4 14],60,-1,122,-1,110
1,<environment.Job instance at 0x7f128b2ef5f0>,60,28,[10  3],61,-1,138,-1,110
1,<environment.Job instance at 0x7f128b2ef370>,61,23,[11  2],62,-1,133,-1,110
1,<environment.Job instance at 0x7f128b2ef9b0>,64,27,[1 7],65,-1,148,-1,121
1,<environment.Job instance at 0x7f128b2ef8c0>,65,16,[12  5],66,-1,137,-1,121
1,<environment.Job instance at 0x7f128b2ef910>,66,22,[ 3 12],67,-1,143,-1,121
1,<environment.Job instance at 0x7f128b2efa50>,67,14,[12  4],68,-1,135,-1,121
1,<environment.Job instance at 0x7f128b2ef780>,68,28,[11  3],69,-1,149,-1,121
1,<environment.Job instance at 0x7f128b2ef690>,69,24,[ 5 12],70,-1,145,-1,121
1,<environment.Job instance at 0x7f128b2ef730>,70,27,[2 5],71,-1,148,-1,121
1,<environment.Job instance at 0x7f128b2effa0>,71,13,[ 3 13],72,-1,134,-1,121
1,<environment.Job instance at 0x7f128a9bd6e0>,72,23,[14  4],73,-1,144,-1,121
1,<environment.Job instance at 0x7f128a9bd640>,73,17,[13  5],74,-1,138,-1,121
1,<environment.Job instance at 0x7f128a9bd1e0>,74,22,[13  1],75,-1,143,-1,121
1,<environment.Job instance at 0x7f128a9bdf00>,75,24,[12  4],76,-1,145,-1,121
1,<environment.Job instance at 0x7f128a9bddc0>,76,25,[6 3],77,-1,146,-1,121
1,<environment.Job instance at 0x7f128a9bd7d0>,77,27,[9 5],78,-1,148,-1,121
1,<environment.Job instance at 0x7f128a9bdbe0>,78,18,[ 3 11],79,-1,139,-1,121
1,<environment.Job instance at 0x7f128a9bd5f0>,79,14,[ 2 13],80,-1,135,-1,121
1,<environment.Job instance at 0x7f128a9bd2d0>,81,23,[3 9],82,-1,145,-1,122
1,<environment.Job instance at 0x7f128a9bda00>,84,17,[ 4 14],85,-1,159,-1,142
1,<environment.Job instance at 0x7f128a9bd370>,85,15,[ 2 14],86,-1,157,-1,142
1,<environment.Job instance at 0x7f128a9bd460>,2,27,[7 2],3,-1,30,-1,3
1,<environment.Job instance at 0x7f1293a5c820>,3,12,[13  2],4,-1,16,-1,4
1,<environment.Job instance at 0x7f128ab620f0>,5,12,[ 2 14],6,-1,18,-1,6
1,<environment.Job instance at 0x7f128ab62500>,6,17,[ 1 12],7,-1,24,-1,7
1,<environment.Job instance at 0x7f128ab62370>,7,22,[13  4],8,-1,30,-1,8
1,<environment.Job instance at 0x7f128ab626e0>,8,18,[ 5 12],9,-1,27,-1,9
1,<environment.Job instance at 0x7f128ab62960>,9,25,[12  1],10,-1,35,-1,10
1,<environment.Job instance at 0x7f128ab62730>,10,26,[12  2],11,-1,37,-1,11
1,<environment.Job instance at 0x7f128ab62640>,11,25,[4 8],12,-1,37,-1,12
1,<environment.Job instance at 0x7f128ab5d230>,12,16,[ 5 10],13,-1,29,-1,13
1,<environment.Job instance at 0x7f128ab5d280>,13,12,[13  2],14,-1,26,-1,14
1,<environment.Job instance at 0x7f1293a5c6e0>,15,26,[2 8],16,-1,43,-1,17
1,<environment.Job instance at 0x7f128ab6d280>,18,14,[ 2 13],19,-1,33,-1,19
1,<environment.Job instance at 0x7f128a3180a0>,21,23,[8 4],22,-1,45,-1,22
1,<environment.Job instance at 0x7f1289f9a410>,22,27,[ 1 13],23,-1,50,-1,23
1,<environment.Job instance at 0x7f1289f9aeb0>,23,18,[11  3],24,-1,42,-1,24
1,<environment.Job instance at 0x7f128a7d90f0>,25,13,[12  1],26,-1,39,-1,26
1,<environment.Job instance at 0x7f128a33c550>,26,12,[12  5],27,-1,39,-1,27
1,<environment.Job instance at 0x7f1289e58cd0>,27,12,[ 3 12],28,-1,40,-1,28
1,<environment.Job instance at 0x7f128a7dbb90>,31,27,[2 7],32,-1,63,-1,36
1,<environment.Job instance at 0x7f128ab53280>,34,14,[ 2 11],35,-1,71,-1,57
1,<environment.Job instance at 0x7f128ab53550>,35,23,[ 3 14],36,-1,80,-1,57
1,<environment.Job instance at 0x7f128ab53370>,37,15,[ 2 13],38,-1,73,-1,58
1,<environment.Job instance at 0x7f128ab536e0>,38,27,[11  5],39,-1,85,-1,58
1,<environment.Job instance at 0x7f128ab53be0>,39,21,[ 5 13],40,-1,79,-1,58
1,<environment.Job instance at 0x7f128ab53b40>,40,14,[12  4],41,-1,72,-1,58
1,<environment.Job instance at 0x7f1289e56aa0>,42,28,[14  3],43,-1,93,-1,65
1,<environment.Job instance at 0x7f128ab53fa0>,44,22,[ 5 12],45,-1,92,-1,70
1,<environment.Job instance at 0x7f128a7e70f0>,45,24,[ 1 14],46,-1,94,-1,70
1,<environment.Job instance at 0x7f128ab68690>,46,25,[ 1 14],47,-1,95,-1,70
1,<environment.Job instance at 0x7f1289e6f640>,49,21,[14  3],50,-1,112,-1,91
1,<environment.Job instance at 0x7f128a34f5f0>,50,17,[11  1],51,-1,108,-1,91
1,<environment.Job instance at 0x7f1289e6f050>,51,28,[6 4],52,-1,119,-1,91
1,<environment.Job instance at 0x7f128a31eb90>,54,17,[ 2 12],55,-1,126,-1,109
1,<environment.Job instance at 0x7f128a3341e0>,55,28,[5 9],56,-1,137,-1,109
1,<environment.Job instance at 0x7f128a334500>,56,26,[11  4],57,-1,135,-1,109
1,<environment.Job instance at 0x7f128a334190>,57,14,[ 2 13],58,-1,123,-1,109
1,<environment.Job instance at 0x7f128a334f50>,58,25,[11  1],59,-1,134,-1,109
1,<environment.Job instance at 0x7f128a334550>,60,25,[ 2 12],61,-1,134,-1,109
1,<environment.Job instance at 0x7f128a334be0>,61,14,[12  5],62,-1,123,-1,109
1,<environment.Job instance at 0x7f128a334c80>,63,13,[13  1],64,-1,139,-1,126
1,<environment.Job instance at 0x7f128a334fa0>,64,14,[13  3],65,-1,140,-1,126
1,<environment.Job instance at 0x7f128a3348c0>,66,25,[ 4 10],67,-1,151,-1,126
1,<environment.Job instance at 0x7f128a334e60>,67,19,[ 5 11],68,-1,145,-1,126
1,<environment.Job instance at 0x7f128a3390f0>,68,15,[12  1],69,-1,141,-1,126
1,<environment.Job instance at 0x7f128a339190>,69,22,[10  1],70,-1,167,-1,145
1,<environment.Job instance at 0x7f128a3391e0>,72,20,[ 1 14],73,-1,165,-1,145
1,<environment.Job instance at 0x7f128a34ccd0>,73,19,[ 3 14],74,-1,164,-1,145
1,<environment.Job instance at 0x7f128a34ce60>,4,22,[14  1],5,-1,27,-1,5
1,<environment.Job instance at 0x7f1289fa1d70>,5,22,[13  1],6,-1,28,-1,6
1,<environment.Job instance at 0x7f1289fa1cd0>,6,24,[5 7],7,-1,33,-1,9
1,<environment.Job instance at 0x7f128ab6bc80>,9,26,[7 1],10,-1,36,-1,10
1,<environment.Job instance at 0x7f128ab6b370>,16,26,[ 1 12],17,-1,77,-1,51
1,<environment.Job instance at 0x7f128ab6b7d0>,17,25,[ 2 11],18,-1,76,-1,51
1,<environment.Job instance at 0x7f128ab6bc30>,19,19,[14  1],20,-1,76,-1,57
1,<environment.Job instance at 0x7f1289ebeb40>,22,16,[14  5],23,-1,96,-1,80
1,<environment.Job instance at 0x7f1289ebebe0>,23,23,[10  3],24,-1,103,-1,80
1,<environment.Job instance at 0x7f1289ebe0f0>,24,24,[ 5 11],25,-1,104,-1,80
1,<environment.Job instance at 0x7f1289ebe4b0>,25,22,[4 9],26,-1,127,-1,105
1,<environment.Job instance at 0x7f1289ebe140>,29,15,[13  2],30,-1,120,-1,105
1,<environment.Job instance at 0x7f1289ebef00>,30,25,[ 1 14],31,-1,130,-1,105
1,<environment.Job instance at 0x7f1289ebee60>,31,25,[7 1],32,-1,130,-1,105
1,<environment.Job instance at 0x7f1289ebeb90>,32,12,[10  5],33,-1,117,-1,105
1,<environment.Job instance at 0x7f1289c7e0a0>,2,20,[11  2],3,-1,23,-1,3
1,<environment.Job instance at 0x7f1289ebe370>,3,12,[ 4 12],4,-1,16,-1,4
1,<environment.Job instance at 0x7f1289c7e370>,4,15,[14  2],5,-1,20,-1,5
1,<environment.Job instance at 0x7f1289c7e3c0>,5,27,[6 2],6,-1,33,-1,6
1,<environment.Job instance at 0x7f1289c7e820>,6,20,[ 5 11],7,-1,27,-1,7
1,<environment.Job instance at 0x7f1289c7ed70>,7,12,[12  2],8,-1,20,-1,8
1,<environment.Job instance at 0x7f1289c7efa0>,9,26,[4 6],10,-1,36,-1,10
1,<environment.Job instance at 0x7f1289c7e8c0>,10,24,[5 3],11,-1,35,-1,11
1,<environment.Job instance at 0x7f1289c7e140>,11,13,[13  3],12,-1,25,-1,12
1,<environment.Job instance at 0x7f1289c7e6e0>,12,13,[11  1],13,-1,26,-1,13
1,<environment.Job instance at 0x7f1289c7ed20>,13,23,[12  2],14,-1,37,-1,14
1,<environment.Job instance at 0x7f1289c7e500>,14,12,[12  1],15,-1,27,-1,15
1,<environment.Job instance at 0x7f1289c7ec80>,15,17,[12  5],16,-1,33,-1,16
1,<environment.Job instance at 0x7f1289d69be0>,18,25,[6 4],19,-1,44,-1,19
1,<environment.Job instance at 0x7f1289d69c30>,19,25,[14  3],20,-1,45,-1,20
1,<environment.Job instance at 0x7f1289d691e0>,20,27,[8 1],21,-1,48,-1,21
1,<environment.Job instance at 0x7f1289d69cd0>,21,27,[7 5],22,-1,49,-1,22
1,<environment.Job instance at 0x7f1289d69870>,22,20,[ 3 12],23,-1,43,-1,23
1,<environment.Job instance at 0x7f1289d69050>,23,28,[1 8],24,-1,52,-1,24
1,<environment.Job instance at 0x7f1289d69dc0>,24,23,[13  1],25,-1,48,-1,25
1,<environment.Job instance at 0x7f1289d69f50>,25,21,[ 2 10],26,-1,48,-1,27
1,<environment.Job instance at 0x7f1289d695a0>,27,17,[ 4 12],28,-1,45,-1,28
1,<environment.Job instance at 0x7f1289d69d20>,28,14,[12  3],29,-1,43,-1,29
1,<environment.Job instance at 0x7f1289d69230>,29,28,[ 5 12],30,-1,58,-1,30
1,<environment.Job instance at 0x7f1289d69e60>,30,22,[4 6],31,-1,54,-1,32
1,<environment.Job instance at 0x7f1289d698c0>,32,13,[ 1 12],33,-1,46,-1,33
1,<environment.Job instance at 0x7f1289d69b90>,33,26,[4 9],34,-1,60,-1,34
1,<environment.Job instance at 0x7f1289d69640>,34,17,[12  3],35,-1,52,-1,35
1,<environment.Job instance at 0x7f1289d69550>,35,12,[11  2],36,-1,48,-1,36
1,<environment.Job instance at 0x7f1289ce1050>,40,27,[ 4 10],41,-1,68,-1,41
1,<environment.Job instance at 0x7f1289ce1aa0>,41,27,[9 3],42,-1,69,-1,42
1,<environment.Job instance at 0x7f1289ce1910>,42,19,[ 1 11],43,-1,62,-1,43
1,<environment.Job instance at 0x7f1289ce1370>,43,26,[5 3],44,-1,70,-1,44
1,<environment.Job instance at 0x7f1289ce1190>,44,27,[12  1],45,-1,72,-1,45
1,<environment.Job instance at 0x7f1289ce1dc0>,45,19,[14  2],46,-1,65,-1,46
1,<environment.Job instance at 0x7f1289ce1f00>,46,13,[11  3],47,-1,60,-1,47
1,<environment.Job instance at 0x7f1289ce1550>,47,20,[14  5],48,-1,68,-1,48
1,<environment.Job instance at 0x7f1289ce1730>,48,24,[1 7],49,-1,73,-1,49
1,<environment.Job instance at 0x7f1289ce1a50>,50,26,[12  5],51,-1,78,-1,52
1,<environment.Job instance at 0x7f1289ce15a0>,51,12,[ 5 13],52,-1,64,-1,52
1,<environment.Job instance at 0x7f1289ce17d0>,52,28,[13  2],53,-1,81,-1,53
1,<environment.Job instance at 0x7f1289ce1c80>,53,14,[ 2 13],54,-1,68,-1,54
1,<environment.Job instance at 0x7f1289ce13c0>,54,28,[ 5 14],55,-1,83,-1,55
1,<environment.Job instance at 0x7f1289ce1fa0>,56,22,[10  2],57,-1,79,-1,57
1,<environment.Job instance at 0x7f1289ce1d20>,59,26,[ 5 12],60,-1,97,-1,71
1,<environment.Job instance at 0x7f1289cf7b90>,60,26,[10  2],61,-1,97,-1,71
1,<environment.Job instance at 0x7f1289cf72d0>,61,15,[11  1],62,-1,86,-1,71
1,<environment.Job instance at 0x7f1289cf7d70>,62,21,[13  4],63,-1,92,-1,71
1,<environment.Job instance at 0x7f1289cf7af0>,63,20,[ 2 11],64,-1,91,-1,71
1,<environment.Job instance at 0x7f1289cf7f50>,65,22,[8 4],66,-1,93,-1,71
1,<environment.Job instance at 0x7f1289cf7690>,66,15,[11  1],67,-1,86,-1,71
1,<environment.Job instance at 0x7f1289cf75a0>,67,27,[ 1 11],68,-1,98,-1,71
1,<environment.Job instance at 0x7f1289cf7500>,68,27,[ 1 10],69,-1,98,-1,71
1,<environment.Job instance at 0x7f1289cf7b40>,69,22,[3 5],70,-1,93,-1,71
1,<environment.Job instance at 0x7f1289cf7820>,70,14,[ 4 11],71,-1,85,-1,71
1,<environment.Job instance at 0x7f1289cf7e60>,71,13,[14  1],72,-1,85,-1,72
1,<environment.Job instance at 0x7f1289cf7640>,73,16,[ 1 10],74,-1,90,-1,74
1,<environment.Job instance at 0x7f1289cf73c0>,74,12,[ 2 10],75,-1,87,-1,75
1,<environment.Job instance at 0x7f1289cf7aa0>,76,21,[3 7],77,-1,104,-1,83
1,<environment.Job instance at 0x7f1289cf76e0>,77,26,[2 5],78,-1,109,-1,83
1,<environment.Job instance at 0x7f1289cf7410>,78,28,[4 8],79,-1,111,-1,83
1,<environment.Job instance at 0x7f1289cf7eb0>,79,28,[1 5],80,-1,111,-1,83
1,<environment.Job instance at 0x7f1289cf74b0>,80,27,[9 5],81,-1,110,-1,83
1,<environment.Job instance at 0x7f1289d03b40>,81,21,[9 1],82,-1,104,-1,83
1,<environment.Job instance at 0x7f1289d03280>,82,22,[ 2 12],83,-1,105,-1,83
1,<environment.Job instance at 0x7f1289d3ee60>,83,15,[8 1],84,-1,103,-1,88
1,<environment.Job instance at 0x7f128af483c0>,84,20,[ 4 13],85,-1,108,-1,88
1,<environment.Job instance at 0x7f128a4736e0>,85,19,[11  2],86,-1,107,-1,88
1,<environment.Job instance at 0x7f128acb6a50>,86,26,[ 3 10],87,-1,114,-1,88
1,<environment.Job instance at 0x7f128acb63c0>,87,13,[12  3],88,-1,101,-1,88
1,<environment.Job instance at 0x7f128acb6c80>,88,19,[ 2 11],89,-1,108,-1,89
1,<environment.Job instance at 0x7f128acb6050>,89,17,[ 5 14],90,-1,107,-1,90
1,<environment.Job instance at 0x7f128acb6dc0>,90,25,[9 1],91,-1,116,-1,91
1,<environment.Job instance at 0x7f128acb6140>,92,15,[14  1],93,-1,108,-1,93
1,<environment.Job instance at 0x7f128acb6e10>,93,25,[5 6],94,-1,119,-1,94
1,<environment.Job instance at 0x7f128acb61e0>,94,28,[1 5],95,-1,123,-1,95
1,<environment.Job instance at 0x7f128b3223c0>,95,24,[ 3 13],96,-1,120,-1,96
1,<environment.Job instance at 0x7f128a00d500>,97,24,[14  5],98,-1,122,-1,98
1,<environment.Job instance at 0x7f128addf4b0>,98,25,[7 4],99,-1,124,-1,99
1,<environment.Job instance at 0x7f1293aae0f0>,99,27,[ 1 11],100,-1,127,-1,100
1,<environment.Job instance at 0x7f128a94a870>,101,23,[9 5],102,-1,132,-1,109
1,<environment.Job instance at 0x7f128a5dd190>,102,23,[ 5 14],103,-1,132,-1,109
1,<environment.Job instance at 0x7f128a841320>,103,16,[ 2 13],104,-1,125,-1,109
1,<environment.Job instance at 0x7f128ad51140>,104,19,[5 1],105,-1,128,-1,109
1,<environment.Job instance at 0x7f128a4ebcd0>,105,12,[13  4],106,-1,121,-1,109
1,<environment.Job instance at 0x7f128af9c4b0>,106,12,[ 3 14],107,-1,121,-1,109
1,<environment.Job instance at 0x7f128a7ea050>,107,16,[ 3 10],108,-1,126,-1,110
1,<environment.Job instance at 0x7f128a455730>,109,20,[11  2],110,-1,131,-1,111
1,<environment.Job instance at 0x7f128a97a050>,110,13,[ 1 13],111,-1,124,-1,111
1,<environment.Job instance at 0x7f128b2bc640>,113,13,[12  1],114,-1,137,-1,124
1,<environment.Job instance at 0x7f128b342960>,115,26,[ 5 10],116,-1,170,-1,144
1,<environment.Job instance at 0x7f128b0b5f00>,116,27,[ 2 13],117,-1,171,-1,144
1,<environment.Job instance at 0x7f128b2bc0f0>,117,20,[2 6],118,-1,164,-1,144
1,<environment.Job instance at 0x7f128b2bcd70>,118,26,[14  2],119,-1,170,-1,144
1,<environment.Job instance at 0x7f128b274960>,119,27,[ 1 10],120,-1,171,-1,144
1,<environment.Job instance at 0x7f128b274050>,120,13,[12  2],121,-1,157,-1,144
1,<environment.Job instance at 0x7f128b3568c0>,122,26,[11  4],123,-1,170,-1,144
1,<environment.Job instance at 0x7f128b3560a0>,123,15,[ 5 10],124,-1,159,-1,144
1,<environment.Job instance at 0x7f128b356230>,124,26,[14  4],125,-1,170,-1,144
1,<environment.Job instance at 0x7f128b356640>,125,17,[ 3 10],126,-1,161,-1,144
1,<environment.Job instance at 0x7f128aabe820>,126,21,[9 1],127,-1,170,-1,149
1,<environment.Job instance at 0x7f128aabed20>,127,13,[ 2 12],128,-1,162,-1,149
1,<environment.Job instance at 0x7f128a239140>,1,13,[ 5 14],2,-1,15,-1,2
1,<environment.Job instance at 0x7f128a239050>,2,26,[11  1],3,-1,29,-1,3
1,<environment.Job instance at 0x7f128a239910>,3,24,[12  2],4,-1,28,-1,4
1,<environment.Job instance at 0x7f128a2392d0>,7,22,[ 2 11],8,-1,30,-1,8
1,<environment.Job instance at 0x7f128a239e60>,6,24,[8 1],7,-1,33,-1,9
1,<environment.Job instance at 0x7f128b4072d0>,12,14,[11  1],13,-1,27,-1,13
1,<environment.Job instance at 0x7f128b407870>,13,24,[8 5],14,-1,38,-1,14
1,<environment.Job instance at 0x7f128b4070a0>,15,12,[ 4 12],16,-1,28,-1,16
1,<environment.Job instance at 0x7f128b4070f0>,16,26,[13  2],17,-1,43,-1,17
1,<environment.Job instance at 0x7f128b407050>,18,20,[14  5],19,-1,53,-1,33
1,<environment.Job instance at 0x7f128b4078c0>,20,17,[13  3],21,-1,50,-1,33
1,<environment.Job instance at 0x7f128b407af0>,21,20,[ 4 11],22,-1,53,-1,33
1,<environment.Job instance at 0x7f128b4073c0>,23,20,[14  2],24,-1,53,-1,33
1,<environment.Job instance at 0x7f128b407550>,24,25,[8 5],25,-1,58,-1,33
1,<environment.Job instance at 0x7f128b407500>,25,25,[11  3],26,-1,58,-1,33
1,<environment.Job instance at 0x7f128b4077d0>,26,27,[13  5],27,-1,60,-1,33
1,<environment.Job instance at 0x7f128b407460>,29,18,[ 3 14],30,-1,81,-1,63
1,<environment.Job instance at 0x7f128b407dc0>,30,26,[14  5],31,-1,89,-1,63
1,<environment.Job instance at 0x7f128b234aa0>,32,15,[11  5],33,-1,78,-1,63
1,<environment.Job instance at 0x7f128b234730>,33,23,[ 3 11],34,-1,86,-1,63
1,<environment.Job instance at 0x7f128b234960>,34,28,[4 9],35,-1,91,-1,63
1,<environment.Job instance at 0x7f128b234690>,35,25,[11  1],36,-1,88,-1,63
1,<environment.Job instance at 0x7f128b234dc0>,36,20,[ 1 13],37,-1,83,-1,63
1,<environment.Job instance at 0x7f128b2346e0>,37,18,[ 3 13],38,-1,81,-1,63
1,<environment.Job instance at 0x7f128b2349b0>,40,27,[ 1 12],41,-1,102,-1,75
1,<environment.Job instance at 0x7f128b2342d0>,43,14,[ 3 13],44,-1,105,-1,91
1,<environment.Job instance at 0x7f128b2344b0>,45,27,[ 4 11],46,-1,131,-1,104
1,<environment.Job instance at 0x7f128b234640>,48,18,[13  2],49,-1,138,-1,120
1,<environment.Job instance at 0x7f128b234d70>,49,24,[11  3],50,-1,144,-1,120
1,<environment.Job instance at 0x7f128b234c80>,51,12,[ 5 12],52,-1,132,-1,120
1,<environment.Job instance at 0x7f128b234190>,52,28,[4 5],53,-1,148,-1,120
1,<environment.Job instance at 0x7f128b197aa0>,54,28,[9 1],55,-1,160,-1,132
1,<environment.Job instance at 0x7f128b197870>,55,28,[5 5],56,-1,160,-1,132
1,<environment.Job instance at 0x7f128b1978c0>,58,24,[5 3],59,-1,170,-1,146
1,<environment.Job instance at 0x7f128b1979b0>,61,19,[12  3],62,-1,177,-1,158
1,<environment.Job instance at 0x7f128b1979b0>,2,27,[5 6],3,-1,30,-1,3
1,<environment.Job instance at 0x7f128aa912d0>,3,25,[13  1],4,-1,29,-1,4
1,<environment.Job instance at 0x7f128aa91b90>,4,23,[ 1 10],5,-1,28,-1,5
1,<environment.Job instance at 0x7f128aa910f0>,5,19,[12  1],6,-1,25,-1,6
1,<environment.Job instance at 0x7f128aa91f00>,6,22,[ 2 12],7,-1,29,-1,7
1,<environment.Job instance at 0x7f128aa915a0>,8,20,[12  3],9,-1,29,-1,9
1,<environment.Job instance at 0x7f128aa91460>,9,17,[14  4],10,-1,27,-1,10
1,<environment.Job instance at 0x7f128aa91690>,10,17,[12  2],11,-1,28,-1,11
1,<environment.Job instance at 0x7f1289b89780>,11,17,[ 2 13],12,-1,29,-1,12
1,<environment.Job instance at 0x7f128ae17550>,13,26,[ 3 14],14,-1,40,-1,14
1,<environment.Job instance at 0x7f1289b89500>,14,17,[ 3 11],15,-1,32,-1,15
1,<environment.Job instance at 0x7f1289b89e10>,15,26,[ 1 11],16,-1,42,-1,16
1,<environment.Job instance at 0x7f1289b89c30>,17,18,[11  2],18,-1,44,-1,26
1,<environment.Job instance at 0x7f1289b89af0>,22,15,[ 4 13],23,-1,41,-1,26
1,<environment.Job instance at 0x7f1289b89960>,23,28,[11  2],24,-1,54,-1,26
1,<environment.Job instance at 0x7f1289b89f00>,24,12,[ 3 12],25,-1,38,-1,26
1,<environment.Job instance at 0x7f1289b89050>,25,24,[7 1],26,-1,51,-1,27
1,<environment.Job instance at 0x7f1289b89f50>,27,24,[6 2],28,-1,52,-1,28
1,<environment.Job instance at 0x7f128a153b40>,28,23,[7 4],29,-1,57,-1,34
1,<environment.Job instance at 0x7f128a153960>,30,15,[ 4 12],31,-1,49,-1,34
1,<environment.Job instance at 0x7f128a153a50>,31,25,[11  3],32,-1,59,-1,34
1,<environment.Job instance at 0x7f128a153b90>,32,28,[5 3],33,-1,62,-1,34
1,<environment.Job instance at 0x7f128a153d20>,36,27,[ 4 12],37,-1,78,-1,51
1,<environment.Job instance at 0x7f128a153280>,38,21,[ 2 11],39,-1,83,-1,62
1,<environment.Job instance at 0x7f128a153910>,39,23,[9 2],40,-1,97,-1,74
1,<environment.Job instance at 0x7f128a153d70>,41,17,[ 1 14],42,-1,91,-1,74
1,<environment.Job instance at 0x7f128a153dc0>,42,13,[13  1],43,-1,87,-1,74
1,<environment.Job instance at 0x7f128a1533c0>,44,13,[11  2],45,-1,103,-1,90
1,<environment.Job instance at 0x7f128a1539b0>,45,16,[13  4],46,-1,106,-1,90
1,<environment.Job instance at 0x7f128a153be0>,46,25,[ 1 12],47,-1,115,-1,90
1,<environment.Job instance at 0x7f128a153fa0>,47,19,[14  2],48,-1,109,-1,90
1,<environment.Job instance at 0x7f128a153e60>,48,18,[11  2],49,-1,109,-1,91
1,<environment.Job instance at 0x7f128a153690>,49,27,[ 2 11],50,-1,118,-1,91
1,<environment.Job instance at 0x7f128a153aa0>,50,21,[ 5 12],51,-1,112,-1,91
1,<environment.Job instance at 0x7f128a28e5f0>,51,27,[5 9],52,-1,118,-1,91
1,<environment.Job instance at 0x7f128a28e870>,52,24,[ 2 12],53,-1,115,-1,91
1,<environment.Job instance at 0x7f128a28e8c0>,53,27,[ 2 11],54,-1,118,-1,91
1,<environment.Job instance at 0x7f128a28e640>,54,20,[12  2],55,-1,111,-1,91
1,<environment.Job instance at 0x7f128a28e730>,55,26,[6 1],56,-1,117,-1,91
1,<environment.Job instance at 0x7f128a28ee60>,58,26,[1 6],59,-1,123,-1,97
1,<environment.Job instance at 0x7f128a28ed70>,59,27,[12  5],60,-1,124,-1,97
1,<environment.Job instance at 0x7f1289f98f50>,66,16,[ 1 14],67,-1,157,-1,141
1,<environment.Job instance at 0x7f128a008f00>,2,18,[ 5 12],3,-1,21,-1,3
1,<environment.Job instance at 0x7f128a008c80>,5,15,[ 2 13],6,-1,21,-1,6
1,<environment.Job instance at 0x7f128a008fa0>,6,27,[7 5],7,-1,34,-1,7
1,<environment.Job instance at 0x7f128a008870>,7,24,[ 3 11],8,-1,32,-1,8
1,<environment.Job instance at 0x7f128a008e60>,8,25,[13  4],9,-1,34,-1,9
1,<environment.Job instance at 0x7f128a008460>,9,24,[5 8],10,-1,35,-1,11
1,<environment.Job instance at 0x7f128a008cd0>,11,24,[ 4 11],12,-1,36,-1,12
1,<environment.Job instance at 0x7f128ac533c0>,14,17,[14  4],15,-1,33,-1,16
1,<environment.Job instance at 0x7f128ac539b0>,15,16,[ 5 10],16,-1,41,-1,25
1,<environment.Job instance at 0x7f128ac53690>,18,24,[13  3],19,-1,61,-1,37
1,<environment.Job instance at 0x7f128ac53d70>,19,16,[ 5 12],20,-1,53,-1,37
1,<environment.Job instance at 0x7f128ac53820>,20,26,[5 9],21,-1,63,-1,37
1,<environment.Job instance at 0x7f128ac53e60>,21,22,[ 3 12],22,-1,59,-1,37
1,<environment.Job instance at 0x7f128ac53a00>,22,13,[14  4],23,-1,50,-1,37
1,<environment.Job instance at 0x7f128ac53780>,23,24,[ 2 14],24,-1,61,-1,37
1,<environment.Job instance at 0x7f128ac534b0>,24,12,[6 1],25,-1,49,-1,37
1,<environment.Job instance at 0x7f1293f373c0>,32,24,[12  1],33,-1,109,-1,85
1,<environment.Job instance at 0x7f1289b370a0>,36,13,[14  4],37,-1,152,-1,139
1,<environment.Job instance at 0x7f1289b37550>,37,25,[2 8],38,-1,164,-1,139
1,<environment.Job instance at 0x7f128abae190>,2,12,[ 2 12],3,-1,15,-1,3
1,<environment.Job instance at 0x7f128abce870>,3,15,[ 3 13],4,-1,19,-1,4
1,<environment.Job instance at 0x7f128abce780>,4,15,[13  3],5,-1,20,-1,5
1,<environment.Job instance at 0x7f128abce9b0>,5,24,[1 9],6,-1,30,-1,6
1,<environment.Job instance at 0x7f128abce460>,6,23,[ 5 10],7,-1,30,-1,7
1,<environment.Job instance at 0x7f128abce500>,7,27,[ 4 13],8,-1,35,-1,8
1,<environment.Job instance at 0x7f128abceb40>,9,23,[13  4],10,-1,33,-1,10
1,<environment.Job instance at 0x7f128abcebe0>,10,19,[ 5 12],11,-1,30,-1,11
1,<environment.Job instance at 0x7f128adf6f00>,13,27,[10  2],14,-1,43,-1,16
1,<environment.Job instance at 0x7f128abcef00>,16,24,[8 5],17,-1,43,-1,19
1,<environment.Job instance at 0x7f128abceeb0>,18,21,[ 1 14],19,-1,41,-1,20
1,<environment.Job instance at 0x7f128abce050>,17,15,[12  5],18,-1,35,-1,20
1,<environment.Job instance at 0x7f128a8c1f50>,20,25,[8 3],21,-1,46,-1,21
1,<environment.Job instance at 0x7f128a8c15f0>,24,26,[14  5],25,-1,66,-1,40
1,<environment.Job instance at 0x7f128a8c1d20>,26,25,[13  2],27,-1,82,-1,57
1,<environment.Job instance at 0x7f128a8c1fa0>,27,13,[ 1 13],28,-1,70,-1,57
1,<environment.Job instance at 0x7f128a8c1c30>,28,22,[ 2 11],29,-1,79,-1,57
1,<environment.Job instance at 0x7f128a8c10f0>,29,14,[12  4],30,-1,71,-1,57
1,<environment.Job instance at 0x7f128a8c1280>,30,23,[6 5],31,-1,81,-1,58
1,<environment.Job instance at 0x7f128a8c1500>,31,24,[6 4],32,-1,82,-1,58
1,<environment.Job instance at 0x7f128a8c1370>,32,21,[ 3 11],33,-1,79,-1,58
1,<environment.Job instance at 0x7f128a8c1c80>,33,20,[13  1],34,-1,78,-1,58
1,<environment.Job instance at 0x7f128a8c1eb0>,34,18,[ 4 13],35,-1,76,-1,58
1,<environment.Job instance at 0x7f128a8c1640>,35,13,[13  4],36,-1,71,-1,58
1,<environment.Job instance at 0x7f128a8c1aa0>,36,15,[ 4 12],37,-1,73,-1,58
1,<environment.Job instance at 0x7f128a8c1730>,37,23,[1 5],38,-1,81,-1,58
1,<environment.Job instance at 0x7f128a8c17d0>,38,20,[12  2],39,-1,78,-1,58
1,<environment.Job instance at 0x7f128a8c1b90>,39,16,[ 1 13],40,-1,74,-1,58
1,<environment.Job instance at 0x7f128a8c1550>,40,25,[4 9],41,-1,83,-1,58
1,<environment.Job instance at 0x7f128b346f50>,41,24,[5 1],42,-1,82,-1,58
1,<environment.Job instance at 0x7f128b346190>,43,22,[11  4],44,-1,81,-1,59
1,<environment.Job instance at 0x7f128b346c80>,44,28,[14  4],45,-1,87,-1,59
1,<environment.Job instance at 0x7f128b346eb0>,45,22,[13  4],46,-1,81,-1,59
1,<environment.Job instance at 0x7f128b346410>,46,28,[11  4],47,-1,87,-1,59
1,<environment.Job instance at 0x7f128b3460f0>,48,18,[ 5 13],49,-1,94,-1,76
1,<environment.Job instance at 0x7f128b3466e0>,49,26,[1 5],50,-1,103,-1,77
1,<environment.Job instance at 0x7f128b346af0>,50,28,[8 1],51,-1,105,-1,77
1,<environment.Job instance at 0x7f128b3461e0>,52,25,[9 4],53,-1,105,-1,80
1,<environment.Job instance at 0x7f128b3469b0>,53,22,[ 4 10],54,-1,107,-1,85
1,<environment.Job instance at 0x7f128b3468c0>,55,13,[11  4],56,-1,108,-1,95
1,<environment.Job instance at 0x7f128b346f00>,56,17,[ 4 11],57,-1,112,-1,95
1,<environment.Job instance at 0x7f128b346550>,57,24,[13  5],58,-1,119,-1,95
1,<environment.Job instance at 0x7f128b346820>,58,27,[ 2 14],59,-1,122,-1,95
1,<environment.Job instance at 0x7f128b3460a0>,59,26,[ 4 12],60,-1,121,-1,95
1,<environment.Job instance at 0x7f128b346230>,60,15,[ 4 14],61,-1,110,-1,95
1,<environment.Job instance at 0x7f128ac9f5f0>,61,26,[ 1 13],62,-1,121,-1,95
1,<environment.Job instance at 0x7f128ac9fb40>,63,27,[10  2],64,-1,144,-1,117
1,<environment.Job instance at 0x7f128ac9f780>,65,27,[8 1],66,-1,144,-1,117
1,<environment.Job instance at 0x7f128ac9ff00>,66,27,[7 2],67,-1,144,-1,117
1,<environment.Job instance at 0x7f128ac9faf0>,67,15,[12  5],68,-1,132,-1,117
1,<environment.Job instance at 0x7f128ac9fbe0>,68,23,[13  3],69,-1,140,-1,117
1,<environment.Job instance at 0x7f128ac9f640>,70,24,[3 9],71,-1,157,-1,133
1,<environment.Job instance at 0x7f128ac9faa0>,73,27,[4 6],74,-1,185,-1,158
1,<environment.Job instance at 0x7f128ac9f960>,74,26,[ 4 10],75,-1,184,-1,158
1,<environment.Job instance at 0x7f128ac9f6e0>,75,15,[14  4],76,-1,173,-1,158
1,<environment.Job instance at 0x7f128ac9f460>,76,26,[13  5],77,-1,184,-1,158
1,<environment.Job instance at 0x7f128ac9fa00>,77,14,[ 1 12],78,-1,172,-1,158
1,<environment.Job instance at 0x7f128ac9f910>,78,27,[ 3 12],79,-1,185,-1,158
1,<environment.Job instance at 0x7f128a85caa0>,80,16,[ 1 10],81,-1,175,-1,159
1,<environment.Job instance at 0x7f128af61500>,2,13,[ 1 12],3,-1,16,-1,3
1,<environment.Job instance at 0x7f128a2166e0>,4,23,[ 2 14],5,-1,28,-1,5
1,<environment.Job instance at 0x7f1289eeeeb0>,6,13,[11  2],7,-1,20,-1,7
1,<environment.Job instance at 0x7f128a216410>,10,19,[ 1 11],11,-1,32,-1,13
1,<environment.Job instance at 0x7f128a216be0>,11,24,[ 1 13],12,-1,37,-1,13
1,<environment.Job instance at 0x7f128a216f00>,14,14,[14  5],15,-1,29,-1,15
1,<environment.Job instance at 0x7f128a216a00>,18,12,[ 3 14],19,-1,55,-1,43
1,<environment.Job instance at 0x7f128a236c30>,21,23,[ 5 12],22,-1,78,-1,55
1,<environment.Job instance at 0x7f128a236960>,22,15,[14  1],23,-1,70,-1,55
1,<environment.Job instance at 0x7f128a236e60>,24,25,[5 5],25,-1,95,-1,70
1,<environment.Job instance at 0x7f128a236e10>,25,14,[ 5 14],26,-1,84,-1,70
1,<environment.Job instance at 0x7f128a236d20>,27,21,[14  5],28,-1,108,-1,87
1,<environment.Job instance at 0x7f128a236550>,28,13,[11  2],29,-1,100,-1,87
1,<environment.Job instance at 0x7f128a236460>,29,15,[ 3 14],30,-1,102,-1,87
1,<environment.Job instance at 0x7f128a236780>,30,12,[ 5 11],31,-1,99,-1,87
1,<environment.Job instance at 0x7f128a2360a0>,31,14,[ 5 14],32,-1,101,-1,87
1,<environment.Job instance at 0x7f128a2363c0>,32,27,[ 5 11],33,-1,114,-1,87
1,<environment.Job instance at 0x7f128a2365f0>,33,23,[14  5],34,-1,110,-1,87
1,<environment.Job instance at 0x7f128b2be8c0>,35,13,[11  1],36,-1,114,-1,101
1,<environment.Job instance at 0x7f128b2be2d0>,36,22,[12  5],37,-1,123,-1,101
1,<environment.Job instance at 0x7f128b2be640>,37,27,[8 4],38,-1,128,-1,101
1,<environment.Job instance at 0x7f128b2be370>,38,22,[ 2 12],39,-1,123,-1,101
1,<environment.Job instance at 0x7f128b2be3c0>,39,15,[11  5],40,-1,116,-1,101
1,<environment.Job instance at 0x7f128b2be870>,41,24,[12  2],42,-1,125,-1,101
1,<environment.Job instance at 0x7f128b2bed70>,43,18,[ 2 14],44,-1,136,-1,118
1,<environment.Job instance at 0x7f128b2bee10>,44,12,[ 5 13],45,-1,130,-1,118
1,<environment.Job instance at 0x7f128b2beb40>,47,18,[ 4 14],48,-1,148,-1,130
1,<environment.Job instance at 0x7f128b2bec80>,48,23,[12  2],49,-1,153,-1,130
1,<environment.Job instance at 0x7f128b2bedc0>,51,26,[6 4],52,-1,172,-1,146
1,<environment.Job instance at 0x7f1289c63a00>,3,21,[ 4 12],4,-1,25,-1,4
1,<environment.Job instance at 0x7f1289c63500>,4,21,[ 4 12],5,-1,26,-1,5
1,<environment.Job instance at 0x7f128acd75f0>,11,14,[ 1 11],12,-1,40,-1,26
1,<environment.Job instance at 0x7f128a83fc80>,12,16,[14  1],13,-1,42,-1,26
1,<environment.Job instance at 0x7f128a83fa50>,14,26,[8 1],15,-1,56,-1,30
1,<environment.Job instance at 0x7f128a83f050>,16,15,[ 3 12],17,-1,45,-1,30
1,<environment.Job instance at 0x7f128a83f4b0>,17,25,[6 1],18,-1,55,-1,30
1,<environment.Job instance at 0x7f128a83f500>,18,18,[12  4],19,-1,48,-1,30
1,<environment.Job instance at 0x7f128a83f690>,21,21,[11  5],22,-1,65,-1,44
1,<environment.Job instance at 0x7f128a83f370>,22,27,[6 3],23,-1,71,-1,44
1,<environment.Job instance at 0x7f128a83f410>,24,19,[ 2 14],25,-1,75,-1,56
1,<environment.Job instance at 0x7f1289c710a0>,27,12,[11  3],28,-1,90,-1,78
1,<environment.Job instance at 0x7f1289c714b0>,28,18,[ 2 11],29,-1,96,-1,78
1,<environment.Job instance at 0x7f1289c71230>,30,24,[9 1],31,-1,102,-1,78
1,<environment.Job instance at 0x7f128a82c4b0>,32,15,[ 2 13],33,-1,102,-1,87
1,<environment.Job instance at 0x7f128a82c280>,33,20,[12  2],34,-1,107,-1,87
1,<environment.Job instance at 0x7f128a82c870>,34,25,[9 2],35,-1,112,-1,87
1,<environment.Job instance at 0x7f128a82cbe0>,35,23,[ 2 13],36,-1,110,-1,87
1,<environment.Job instance at 0x7f128a82c960>,36,20,[11  4],37,-1,107,-1,87
1,<environment.Job instance at 0x7f128a82cc30>,37,23,[ 5 14],38,-1,110,-1,87
1,<environment.Job instance at 0x7f128a830460>,39,19,[ 3 14],40,-1,110,-1,91
1,<environment.Job instance at 0x7f128a830050>,40,16,[ 2 13],41,-1,107,-1,91
1,<environment.Job instance at 0x7f128a830d70>,41,22,[ 5 10],42,-1,169,-1,147
1,<environment.Job instance at 0x7f128ac547d0>,46,21,[ 4 11],47,-1,168,-1,147
1,<environment.Job instance at 0x7f128ac54fa0>,47,16,[ 1 12],48,-1,163,-1,147
1,<environment.Job instance at 0x7f128ac543c0>,48,17,[ 2 11],49,-1,164,-1,147
1,<environment.Job instance at 0x7f128ac54d70>,49,14,[14  4],50,-1,161,-1,147
1,<environment.Job instance at 0x7f128ad7f960>,50,26,[5 7],51,-1,173,-1,147
1,<environment.Job instance at 0x7f128a8feeb0>,51,26,[11  1],52,-1,173,-1,147
1,<environment.Job instance at 0x7f1289ee73c0>,52,24,[12  1],53,-1,171,-1,147
1,<environment.Job instance at 0x7f128a8feb90>,53,28,[12  4],54,-1,175,-1,147
1,<environment.Job instance at 0x7f1289ed8fa0>,54,18,[ 1 11],55,-1,165,-1,147
1,<environment.Job instance at 0x7f128b267be0>,3,23,[ 4 14],4,-1,27,-1,4
1,<environment.Job instance at 0x7f128b2679b0>,4,28,[3 7],5,-1,33,-1,5
1,<environment.Job instance at 0x7f128b267eb0>,5,17,[13  5],6,-1,23,-1,6
1,<environment.Job instance at 0x7f128b267280>,6,28,[14  3],7,-1,35,-1,7
1,<environment.Job instance at 0x7f128b267fa0>,8,24,[12  2],9,-1,33,-1,9
1,<environment.Job instance at 0x7f128b2678c0>,11,15,[10  5],12,-1,28,-1,13
1,<environment.Job instance at 0x7f128b267e10>,13,25,[ 5 14],14,-1,39,-1,14
1,<environment.Job instance at 0x7f128b267320>,14,18,[ 5 14],15,-1,33,-1,15
1,<environment.Job instance at 0x7f128b267640>,15,16,[11  1],16,-1,32,-1,16
1,<environment.Job instance at 0x7f128b2674b0>,16,12,[ 3 13],17,-1,29,-1,17
1,<environment.Job instance at 0x7f128b267230>,17,23,[6 5],18,-1,41,-1,18
1,<environment.Job instance at 0x7f128b267550>,18,23,[6 4],19,-1,42,-1,19
1,<environment.Job instance at 0x7f128a7a7460>,19,23,[6 1],20,-1,43,-1,20
1,<environment.Job instance at 0x7f128a7a75f0>,20,18,[13  2],21,-1,39,-1,21
1,<environment.Job instance at 0x7f128a7a7af0>,23,19,[14  5],24,-1,43,-1,24
1,<environment.Job instance at 0x7f128a7a72d0>,24,14,[ 4 12],25,-1,39,-1,25
1,<environment.Job instance at 0x7f128a7a76e0>,25,14,[12  3],26,-1,40,-1,26
1,<environment.Job instance at 0x7f128a7a7aa0>,27,20,[10  4],28,-1,79,-1,59
1,<environment.Job instance at 0x7f128a7a71e0>,29,15,[13  1],30,-1,74,-1,59
1,<environment.Job instance at 0x7f128a7a7960>,30,13,[ 5 11],31,-1,72,-1,59
1,<environment.Job instance at 0x7f128a7a7370>,31,25,[ 2 14],32,-1,84,-1,59
1,<environment.Job instance at 0x7f128a7a7f50>,32,27,[ 1 12],33,-1,86,-1,59
1,<environment.Job instance at 0x7f128a3c3aa0>,33,24,[2 8],34,-1,83,-1,59
1,<environment.Job instance at 0x7f128a3c3c80>,34,26,[ 5 13],35,-1,85,-1,59
1,<environment.Job instance at 0x7f128a3c3140>,35,28,[ 4 13],36,-1,87,-1,59
1,<environment.Job instance at 0x7f128a3c3960>,36,13,[11  2],37,-1,72,-1,59
1,<environment.Job instance at 0x7f128a3c30a0>,37,19,[ 2 11],38,-1,78,-1,59
1,<environment.Job instance at 0x7f128a3c3230>,38,28,[ 4 11],39,-1,87,-1,59
1,<environment.Job instance at 0x7f128a3c38c0>,40,16,[14  4],41,-1,75,-1,59
1,<environment.Job instance at 0x7f128a3c3500>,41,23,[ 3 10],42,-1,82,-1,59
1,<environment.Job instance at 0x7f128a3c3550>,43,12,[12  5],44,-1,72,-1,60
1,<environment.Job instance at 0x7f128a3c3820>,44,22,[13  1],45,-1,82,-1,60
1,<environment.Job instance at 0x7f128a3c33c0>,46,18,[5 7],47,-1,101,-1,83
1,<environment.Job instance at 0x7f128a3c3280>,49,27,[7 2],50,-1,110,-1,83
1,<environment.Job instance at 0x7f128a3c3870>,50,12,[ 2 12],51,-1,95,-1,83
1,<environment.Job instance at 0x7f128a3c3730>,51,20,[7 5],52,-1,103,-1,83
1,<environment.Job instance at 0x7f128a3c3780>,52,20,[5 5],53,-1,103,-1,83
1,<environment.Job instance at 0x7f128b2fb6e0>,53,26,[7 4],54,-1,109,-1,83
1,<environment.Job instance at 0x7f128b2fb230>,54,26,[ 2 13],55,-1,109,-1,83
1,<environment.Job instance at 0x7f128b2fb140>,55,23,[7 1],56,-1,106,-1,83
1,<environment.Job instance at 0x7f128b2fb870>,56,17,[1 7],57,-1,100,-1,83
1,<environment.Job instance at 0x7f128b2fb820>,57,13,[5 1],58,-1,96,-1,83
1,<environment.Job instance at 0x7f128b2fbfa0>,58,14,[7 3],59,-1,97,-1,83
1,<environment.Job instance at 0x7f128b2fbf50>,59,24,[13  4],60,-1,107,-1,83
1,<environment.Job instance at 0x7f128b2fb640>,60,21,[11  2],61,-1,104,-1,83
1,<environment.Job instance at 0x7f128b2fb550>,61,27,[7 2],62,-1,110,-1,83
1,<environment.Job instance at 0x7f128b2fb050>,62,22,[ 5 14],63,-1,105,-1,83
1,<environment.Job instance at 0x7f128b2fbaf0>,63,13,[7 5],64,-1,98,-1,85
1,<environment.Job instance at 0x7f128b2fbbe0>,64,14,[2 5],65,-1,99,-1,85
1,<environment.Job instance at 0x7f128b2fb5f0>,65,26,[11  1],66,-1,111,-1,85
1,<environment.Job instance at 0x7f128b2fbeb0>,66,13,[ 1 12],67,-1,98,-1,85
1,<environment.Job instance at 0x7f128b2fb910>,67,22,[ 2 12],68,-1,107,-1,85
1,<environment.Job instance at 0x7f128b2fb730>,68,15,[14  4],69,-1,100,-1,85
1,<environment.Job instance at 0x7f128b2fb780>,69,24,[ 3 13],70,-1,109,-1,85
1,<environment.Job instance at 0x7f128a3d5be0>,70,24,[12  5],71,-1,109,-1,85
1,<environment.Job instance at 0x7f128a3d50f0>,71,27,[ 5 14],72,-1,112,-1,85
1,<environment.Job instance at 0x7f128a3d56e0>,72,18,[ 3 11],73,-1,103,-1,85
1,<environment.Job instance at 0x7f128a3d5320>,73,27,[1 8],74,-1,112,-1,85
1,<environment.Job instance at 0x7f128a3d5d70>,74,25,[ 5 12],75,-1,110,-1,85
1,<environment.Job instance at 0x7f128a3d5500>,75,26,[4 9],76,-1,111,-1,85
1,<environment.Job instance at 0x7f128a3d5dc0>,76,27,[ 4 13],77,-1,112,-1,85
1,<environment.Job instance at 0x7f128a3d54b0>,77,12,[12  5],78,-1,97,-1,85
1,<environment.Job instance at 0x7f128a3d5c30>,78,17,[ 5 11],79,-1,102,-1,85
1,<environment.Job instance at 0x7f128a3d5fa0>,79,20,[ 2 13],80,-1,105,-1,85
1,<environment.Job instance at 0x7f128a3d5140>,80,13,[5 5],81,-1,98,-1,85
1,<environment.Job instance at 0x7f128a3d5c80>,81,13,[4 6],82,-1,99,-1,86
1,<environment.Job instance at 0x7f128a3d55a0>,82,27,[5 8],83,-1,113,-1,86
1,<environment.Job instance at 0x7f128a3d5960>,84,13,[ 4 11],85,-1,113,-1,100
1,<environment.Job instance at 0x7f128a3d5230>,85,21,[14  5],86,-1,121,-1,100
1,<environment.Job instance at 0x7f128a3d5f00>,86,16,[ 5 14],87,-1,116,-1,100
1,<environment.Job instance at 0x7f128a3d5460>,88,17,[8 1],89,-1,117,-1,100
1,<environment.Job instance at 0x7f128afbf2d0>,89,12,[14  1],90,-1,112,-1,100
1,<environment.Job instance at 0x7f128afbfd20>,90,28,[13  3],91,-1,128,-1,100
1,<environment.Job instance at 0x7f128afbf1e0>,91,21,[ 4 10],92,-1,121,-1,100
1,<environment.Job instance at 0x7f128afbf870>,93,13,[9 5],94,-1,113,-1,100
1,<environment.Job instance at 0x7f128afbf7d0>,94,24,[8 3],95,-1,124,-1,100
1,<environment.Job instance at 0x7f128afbf0a0>,95,14,[ 2 12],96,-1,114,-1,100
1,<environment.Job instance at 0x7f128afbf0f0>,96,21,[2 7],97,-1,121,-1,100
1,<environment.Job instance at 0x7f128afbf4b0>,98,17,[11  4],99,-1,120,-1,103
1,<environment.Job instance at 0x7f128afbf820>,99,26,[3 8],100,-1,129,-1,103
1,<environment.Job instance at 0x7f128a7d00a0>,100,24,[13  1],101,-1,127,-1,103
1,<environment.Job instance at 0x7f128a7d0230>,101,13,[1 7],102,-1,116,-1,103
1,<environment.Job instance at 0x7f128a7d0be0>,102,13,[ 5 12],103,-1,116,-1,103
1,<environment.Job instance at 0x7f128a7d0280>,103,14,[14  4],104,-1,118,-1,104
1,<environment.Job instance at 0x7f128a7d07d0>,105,19,[13  1],106,-1,134,-1,115
1,<environment.Job instance at 0x7f128a7d0370>,106,26,[14  3],107,-1,141,-1,115
1,<environment.Job instance at 0x7f128a7d02d0>,107,17,[1 5],108,-1,132,-1,115
1,<environment.Job instance at 0x7f128a7d0550>,108,20,[ 3 13],109,-1,135,-1,115
1,<environment.Job instance at 0x7f128a7d0140>,109,12,[ 2 12],110,-1,127,-1,115
1,<environment.Job instance at 0x7f128a7d0c30>,111,12,[ 2 11],112,-1,133,-1,121
1,<environment.Job instance at 0x7f128a7d0690>,112,14,[5 4],113,-1,141,-1,127
1,<environment.Job instance at 0x7f128a7d0eb0>,113,24,[13  2],114,-1,151,-1,127
1,<environment.Job instance at 0x7f128acf35f0>,114,12,[7 4],115,-1,139,-1,127
1,<environment.Job instance at 0x7f128acf3e10>,115,23,[10  3],116,-1,150,-1,127
1,<environment.Job instance at 0x7f128acf3500>,116,25,[7 1],117,-1,152,-1,127
1,<environment.Job instance at 0x7f128acf3410>,117,14,[10  3],118,-1,141,-1,127
1,<environment.Job instance at 0x7f128acf3b90>,120,13,[14  4],121,-1,151,-1,138
1,<environment.Job instance at 0x7f128acf3be0>,121,16,[8 2],122,-1,156,-1,140
1,<environment.Job instance at 0x7f128acf30f0>,122,20,[11  5],123,-1,160,-1,140
1,<environment.Job instance at 0x7f128acf39b0>,124,12,[ 5 13],125,-1,157,-1,145
1,<environment.Job instance at 0x7f128acf38c0>,125,21,[5 1],126,-1,166,-1,145
1,<environment.Job instance at 0x7f128acf3320>,126,14,[ 2 10],127,-1,159,-1,145
1,<environment.Job instance at 0x7f128a7d1050>,127,19,[2 6],128,-1,167,-1,148
1,<environment.Job instance at 0x7f128a7d1be0>,128,13,[10  1],129,-1,161,-1,148
1,<environment.Job instance at 0x7f128a7d10a0>,129,20,[12  1],130,-1,168,-1,148
1,<environment.Job instance at 0x7f128a7d1140>,130,21,[ 5 11],131,-1,169,-1,148
1,<environment.Job instance at 0x7f128a7d1c80>,132,17,[ 1 13],133,-1,170,-1,153
1,<environment.Job instance at 0x7f128a7d1af0>,133,14,[11  2],134,-1,167,-1,153
1,<environment.Job instance at 0x7f128a7d1f50>,134,14,[12  3],135,-1,167,-1,153
1,<environment.Job instance at 0x7f128a7d1b40>,135,14,[2 5],136,-1,167,-1,153
1,<environment.Job instance at 0x7f128a7d1f00>,136,14,[5 7],137,-1,169,-1,155
1,<environment.Job instance at 0x7f128a7d1910>,137,26,[3 6],138,-1,181,-1,155
1,<environment.Job instance at 0x7f1289d65be0>,138,21,[ 4 13],139,-1,176,-1,155
1,<environment.Job instance at 0x7f1289d65550>,139,23,[2 5],140,-1,178,-1,155
1,<environment.Job instance at 0x7f128a142370>,140,14,[ 4 10],141,-1,169,-1,155
1,<environment.Job instance at 0x7f128a142fa0>,141,20,[8 2],142,-1,175,-1,155
1,<environment.Job instance at 0x7f128a142f50>,142,20,[4 7],143,-1,175,-1,155
1,<environment.Job instance at 0x7f128a142820>,143,20,[ 4 11],144,-1,175,-1,155
1,<environment.Job instance at 0x7f128a142c30>,144,21,[ 5 10],145,-1,176,-1,155
1,<environment.Job instance at 0x7f128a142550>,145,12,[6 1],146,-1,167,-1,155
1,<environment.Job instance at 0x7f128a142d20>,146,12,[11  2],147,-1,167,-1,155
1,<environment.Job instance at 0x7f128a142c80>,147,25,[ 2 12],148,-1,180,-1,155
1,<environment.Job instance at 0x7f128a98d460>,1,14,[ 3 12],2,-1,16,-1,2
1,<environment.Job instance at 0x7f128b0530a0>,3,24,[7 5],4,-1,28,-1,4
1,<environment.Job instance at 0x7f128a142c80>,7,25,[8 1],8,-1,33,-1,8
1,<environment.Job instance at 0x7f128b0533c0>,6,21,[11  3],7,-1,29,-1,8
1,<environment.Job instance at 0x7f128b053500>,8,18,[ 5 13],9,-1,27,-1,9
1,<environment.Job instance at 0x7f128b053320>,10,24,[9 5],11,-1,35,-1,11
1,<environment.Job instance at 0x7f128b0536e0>,11,21,[12  1],12,-1,33,-1,12
1,<environment.Job instance at 0x7f128b053780>,12,28,[1 8],13,-1,50,-1,22
1,<environment.Job instance at 0x7f128b053b40>,17,21,[13  3],18,-1,56,-1,35
1,<environment.Job instance at 0x7f128b053be0>,18,25,[13  5],19,-1,60,-1,35
1,<environment.Job instance at 0x7f128b053c80>,19,25,[6 4],20,-1,60,-1,35
1,<environment.Job instance at 0x7f128b053d20>,20,25,[8 1],21,-1,60,-1,35
1,<environment.Job instance at 0x7f128b053dc0>,21,14,[14  1],22,-1,49,-1,35
1,<environment.Job instance at 0x7f128b053f00>,23,25,[ 4 12],24,-1,61,-1,36
1,<environment.Job instance at 0x7f128b053eb0>,26,27,[10  1],27,-1,91,-1,64
1,<environment.Job instance at 0x7f128b05d230>,27,23,[10  1],28,-1,88,-1,65
1,<environment.Job instance at 0x7f128b05d2d0>,28,14,[ 5 14],29,-1,79,-1,65
1,<environment.Job instance at 0x7f128b05d370>,29,26,[10  2],30,-1,91,-1,65
1,<environment.Job instance at 0x7f128b05d4b0>,31,20,[ 1 12],32,-1,85,-1,65
1,<environment.Job instance at 0x7f128b05d550>,32,24,[14  1],33,-1,89,-1,65
1,<environment.Job instance at 0x7f128b05d5f0>,33,28,[9 3],34,-1,93,-1,65
1,<environment.Job instance at 0x7f128b05d690>,34,25,[10  1],35,-1,90,-1,65
1,<environment.Job instance at 0x7f128b05d7d0>,35,26,[ 2 12],36,-1,91,-1,65
1,<environment.Job instance at 0x7f128b05d910>,36,22,[ 1 11],37,-1,87,-1,65
1,<environment.Job instance at 0x7f128b05d640>,37,17,[11  4],38,-1,108,-1,91
1,<environment.Job instance at 0x7f128b05daf0>,40,16,[11  3],41,-1,120,-1,104
1,<environment.Job instance at 0x7f128b05db90>,41,27,[9 2],42,-1,131,-1,104
1,<environment.Job instance at 0x7f128b05dc30>,42,23,[2 6],43,-1,135,-1,112
1,<environment.Job instance at 0x7f128b05d9b0>,43,27,[ 3 14],44,-1,139,-1,112
1,<environment.Job instance at 0x7f128b05dd70>,44,13,[12  1],45,-1,125,-1,112
1,<environment.Job instance at 0x7f128b05de10>,45,28,[13  1],46,-1,140,-1,112
1,<environment.Job instance at 0x7f128b05df50>,47,17,[14  2],48,-1,129,-1,112
1,<environment.Job instance at 0x7f128b05dfa0>,48,16,[ 4 14],49,-1,128,-1,112
1,<environment.Job instance at 0x7f128b07c230>,51,25,[13  5],52,-1,158,-1,133
1,<environment.Job instance at 0x7f128b07c410>,54,14,[14  5],55,-1,156,-1,142
1,<environment.Job instance at 0x7f128b07c4b0>,55,27,[13  5],56,-1,169,-1,142
1,<environment.Job instance at 0x7efbd8262460>,3,26,[11  4],4,-1,30,-1,4
1,<environment.Job instance at 0x7efbd82625a0>,5,24,[1 5],6,-1,31,-1,7
1,<environment.Job instance at 0x7efbd8262960>,8,22,[14  3],9,-1,31,-1,9
1,<environment.Job instance at 0x7efbd82628c0>,9,18,[ 2 13],10,-1,28,-1,10
1,<environment.Job instance at 0x7efbd8262a50>,10,18,[ 3 11],11,-1,29,-1,11
1,<environment.Job instance at 0x7efbd8262af0>,11,26,[4 8],12,-1,38,-1,12
1,<environment.Job instance at 0x7efbd8262b90>,12,26,[ 1 12],13,-1,39,-1,13
1,<environment.Job instance at 0x7efbd8262c30>,13,18,[ 4 14],14,-1,32,-1,14
1,<environment.Job instance at 0x7efbd8262dc0>,16,16,[ 3 11],17,-1,33,-1,17
1,<environment.Job instance at 0x7efbd8262f00>,17,28,[ 5 10],18,-1,46,-1,18
1,<environment.Job instance at 0x7efbd8262fa0>,18,25,[ 4 13],19,-1,44,-1,19
1,<environment.Job instance at 0x7efbd8266050>,19,14,[ 3 11],20,-1,34,-1,20
1,<environment.Job instance at 0x7efbd82660f0>,20,27,[13  5],21,-1,48,-1,21
1,<environment.Job instance at 0x7efbd8266190>,21,26,[ 5 12],22,-1,48,-1,22
1,<environment.Job instance at 0x7efbd8266230>,22,13,[13  1],23,-1,36,-1,23
1,<environment.Job instance at 0x7efbd8266370>,24,13,[ 3 14],25,-1,38,-1,25
1,<environment.Job instance at 0x7efbd8266500>,25,23,[ 3 13],26,-1,49,-1,26
1,<environment.Job instance at 0x7efbd82663c0>,26,26,[1 8],27,-1,53,-1,27
1,<environment.Job instance at 0x7efbd82665a0>,27,25,[5 7],28,-1,53,-1,28
1,<environment.Job instance at 0x7efbd8266640>,28,25,[ 4 11],29,-1,54,-1,29
1,<environment.Job instance at 0x7efbd82666e0>,29,22,[ 5 13],30,-1,52,-1,30
1,<environment.Job instance at 0x7efbd8266780>,30,27,[4 8],31,-1,58,-1,31
1,<environment.Job instance at 0x7efbd8266820>,31,20,[11  5],32,-1,52,-1,32
1,<environment.Job instance at 0x7efbd82668c0>,32,27,[11  3],33,-1,60,-1,33
1,<environment.Job instance at 0x7efbd8266a00>,34,24,[1 8],35,-1,59,-1,35
1,<environment.Job instance at 0x7efbd8262e60>,36,13,[ 3 14],37,-1,52,-1,39
1,<environment.Job instance at 0x7efbd8266d20>,37,28,[ 2 12],38,-1,67,-1,39
1,<environment.Job instance at 0x7efbd8266dc0>,38,20,[ 1 10],39,-1,59,-1,39
1,<environment.Job instance at 0x7efbd8266c80>,39,24,[5 6],40,-1,64,-1,40
1,<environment.Job instance at 0x7efbd8266fa0>,41,27,[14  1],42,-1,81,-1,54
1,<environment.Job instance at 0x7efbd82684b0>,48,15,[14  1],49,-1,144,-1,129
1,<environment.Job instance at 0x7efbd8268550>,49,16,[ 2 11],50,-1,145,-1,129
1,<environment.Job instance at 0x7efbd82685f0>,50,16,[12  2],51,-1,145,-1,129
1,<environment.Job instance at 0x7efbd8268730>,52,27,[8 5],53,-1,161,-1,134
1,<environment.Job instance at 0x7efbd8268820>,54,13,[13  1],55,-1,159,-1,146
1,<environment.Job instance at 0x7efbd8268780>,55,20,[ 3 13],56,-1,166,-1,146
1,<environment.Job instance at 0x7efbd8268a50>,57,27,[ 2 14],58,-1,173,-1,146
1,<environment.Job instance at 0x7efbd8268cd0>,61,21,[ 5 13],62,-1,184,-1,163
1,<environment.Job instance at 0x7efbd82dba00>,1,20,[ 1 12],2,-1,22,-1,2
1,<environment.Job instance at 0x7efbd8268d20>,2,13,[12  1],3,-1,16,-1,3
1,<environment.Job instance at 0x7efbd82dbaa0>,3,12,[11  5],4,-1,16,-1,4
1,<environment.Job instance at 0x7efbd82db460>,4,17,[ 3 12],5,-1,22,-1,5
1,<environment.Job instance at 0x7efbd82db6e0>,5,16,[13  4],6,-1,22,-1,6
1,<environment.Job instance at 0x7efbd82db820>,6,18,[ 1 12],7,-1,25,-1,7
1,<environment.Job instance at 0x7efbd82db320>,8,15,[ 2 14],9,-1,24,-1,9
1,<environment.Job instance at 0x7efbd8268cd0>,13,21,[ 4 12],14,-1,35,-1,14
1,<environment.Job instance at 0x7efbd82e6280>,14,20,[5 2],15,-1,44,-1,24
1,<environment.Job instance at 0x7efbd82e6dc0>,17,21,[11  4],18,-1,45,-1,24
1,<environment.Job instance at 0x7efbd82e6e60>,18,12,[14  5],19,-1,36,-1,24
1,<environment.Job instance at 0x7efbd82e69b0>,19,16,[12  3],20,-1,40,-1,24
1,<environment.Job instance at 0x7efbd82e6780>,20,17,[12  2],21,-1,41,-1,24
1,<environment.Job instance at 0x7efbd82e6aa0>,21,28,[2 8],22,-1,52,-1,24
1,<environment.Job instance at 0x7efbd82e6cd0>,23,21,[12  2],24,-1,45,-1,24
1,<environment.Job instance at 0x7efbd798cb40>,24,21,[ 5 11],25,-1,46,-1,25
1,<environment.Job instance at 0x7efbd89b92d0>,25,26,[ 5 10],26,-1,52,-1,26
1,<environment.Job instance at 0x7efbd7bb37d0>,26,27,[12  4],27,-1,54,-1,27
1,<environment.Job instance at 0x7efbd7c788c0>,27,27,[14  3],28,-1,55,-1,28
1,<environment.Job instance at 0x7efbd79b4aa0>,29,14,[ 1 12],30,-1,44,-1,30
1,<environment.Job instance at 0x7efbd7bbc5a0>,31,14,[13  5],32,-1,49,-1,35
1,<environment.Job instance at 0x7efbd79b2be0>,32,25,[11  2],33,-1,60,-1,35
1,<environment.Job instance at 0x7efbd7bb7640>,33,14,[12  2],34,-1,49,-1,35
1,<environment.Job instance at 0x7efbd78c67d0>,34,28,[8 4],35,-1,63,-1,35
1,<environment.Job instance at 0x7efbd79b22d0>,36,20,[12  1],37,-1,59,-1,39
1,<environment.Job instance at 0x7efbd7cca640>,37,13,[ 4 12],38,-1,52,-1,39
1,<environment.Job instance at 0x7efbd7cca820>,38,18,[12  2],39,-1,57,-1,39
1,<environment.Job instance at 0x7efbd7cca230>,39,15,[12  3],40,-1,55,-1,40
1,<environment.Job instance at 0x7efbd7ccaa50>,40,25,[7 2],41,-1,66,-1,41
1,<environment.Job instance at 0x7efbd7c795a0>,41,26,[ 5 11],42,-1,68,-1,42
1,<environment.Job instance at 0x7efbd7cca3c0>,43,16,[11  1],44,-1,64,-1,48
1,<environment.Job instance at 0x7efbd7c796e0>,45,19,[12  5],46,-1,76,-1,57
1,<environment.Job instance at 0x7efbd7c79730>,46,17,[11  3],47,-1,74,-1,57
1,<environment.Job instance at 0x7efbd7c79cd0>,47,14,[ 1 10],48,-1,71,-1,57
1,<environment.Job instance at 0x7efbd7d07910>,48,25,[6 2],49,-1,82,-1,57
1,<environment.Job instance at 0x7efbd7d07f50>,49,18,[12  4],50,-1,75,-1,57
1,<environment.Job instance at 0x7efbd7cc25f0>,50,14,[6 1],51,-1,71,-1,57
1,<environment.Job instance at 0x7efbd7cc2e60>,51,26,[11  5],52,-1,83,-1,57
1,<environment.Job instance at 0x7efbd7d5bbe0>,53,14,[10  1],54,-1,86,-1,72
1,<environment.Job instance at 0x7efbd7d5b2d0>,54,16,[11  2],55,-1,88,-1,72
1,<environment.Job instance at 0x7efbd7d5b4b0>,55,15,[13  5],56,-1,87,-1,72
1,<environment.Job instance at 0x7efbd7d5baa0>,56,13,[6 3],57,-1,85,-1,72
1,<environment.Job instance at 0x7efbd7d5b500>,57,13,[7 4],58,-1,85,-1,72
1,<environment.Job instance at 0x7efbd7db9280>,58,27,[14  3],59,-1,99,-1,72
1,<environment.Job instance at 0x7efbd7db90f0>,59,20,[1 7],60,-1,92,-1,72
1,<environment.Job instance at 0x7efbd7d7e8c0>,60,26,[ 4 10],61,-1,98,-1,72
1,<environment.Job instance at 0x7efbd7d7e460>,61,26,[8 3],62,-1,98,-1,72
1,<environment.Job instance at 0x7efbd7d7eb90>,62,23,[12  1],63,-1,95,-1,72
1,<environment.Job instance at 0x7efbd7e184b0>,63,19,[ 2 13],64,-1,91,-1,72
1,<environment.Job instance at 0x7efbd7d1ab90>,64,22,[11  1],65,-1,94,-1,72
1,<environment.Job instance at 0x7efbd7d7e050>,65,22,[ 1 13],66,-1,94,-1,72
1,<environment.Job instance at 0x7efbd7d1ad20>,66,24,[ 2 14],67,-1,96,-1,72
1,<environment.Job instance at 0x7efbd7d7ce10>,68,23,[13  3],69,-1,111,-1,88
1,<environment.Job instance at 0x7efbd7d7cf50>,69,25,[10  5],70,-1,113,-1,88
1,<environment.Job instance at 0x7efbd7d64370>,70,20,[13  5],71,-1,108,-1,88
1,<environment.Job instance at 0x7efbd7d64aa0>,71,24,[14  3],72,-1,112,-1,88
1,<environment.Job instance at 0x7efbd7d64fa0>,72,23,[13  5],73,-1,111,-1,88
1,<environment.Job instance at 0x7efbd7d64f00>,73,21,[12  3],74,-1,109,-1,88
1,<environment.Job instance at 0x7efbd7d6d230>,75,28,[ 4 11],76,-1,116,-1,88
1,<environment.Job instance at 0x7efbd7d6d1e0>,76,18,[ 4 12],77,-1,106,-1,88
1,<environment.Job instance at 0x7efbd7d6ddc0>,77,22,[14  1],78,-1,110,-1,88
1,<environment.Job instance at 0x7efbd7d6d8c0>,78,25,[7 3],79,-1,113,-1,88
1,<environment.Job instance at 0x7efbd7d6da50>,79,27,[ 4 13],80,-1,115,-1,88
1,<environment.Job instance at 0x7efbd7d6d2d0>,80,26,[8 4],81,-1,114,-1,88
1,<environment.Job instance at 0x7efbd7d6d910>,81,12,[11  1],82,-1,100,-1,88
1,<environment.Job instance at 0x7efbd7d0f820>,83,16,[14  1],84,-1,105,-1,89
1,<environment.Job instance at 0x7efbd7d0f640>,84,27,[ 1 10],85,-1,116,-1,89
1,<environment.Job instance at 0x7efbd7d0fd20>,86,19,[13  1],87,-1,126,-1,107
1,<environment.Job instance at 0x7efbd7d0f1e0>,87,15,[12  2],88,-1,122,-1,107
1,<environment.Job instance at 0x7efbd7d0ff50>,88,20,[11  2],89,-1,127,-1,107
1,<environment.Job instance at 0x7efbd7d729b0>,89,25,[ 2 13],90,-1,132,-1,107
1,<environment.Job instance at 0x7efbd7d0f870>,90,14,[2 7],91,-1,121,-1,107
1,<environment.Job instance at 0x7efbd7d722d0>,92,24,[ 3 13],93,-1,131,-1,107
1,<environment.Job instance at 0x7efbd7d720f0>,93,15,[ 2 13],94,-1,122,-1,107
1,<environment.Job instance at 0x7efbd7d78a50>,94,13,[ 5 14],95,-1,120,-1,107
1,<environment.Job instance at 0x7efbd7d78b90>,95,20,[11  2],96,-1,127,-1,107
1,<environment.Job instance at 0x7efbd7d78500>,96,15,[3 6],97,-1,122,-1,107
1,<environment.Job instance at 0x7efbd7d78460>,97,21,[ 4 14],98,-1,128,-1,107
1,<environment.Job instance at 0x7efbd7d78780>,98,16,[2 6],99,-1,123,-1,107
1,<environment.Job instance at 0x7efbd7d78be0>,99,15,[14  4],100,-1,122,-1,107
1,<environment.Job instance at 0x7efbd7d68be0>,101,23,[13  1],102,-1,146,-1,123
1,<environment.Job instance at 0x7efbd7d68370>,103,26,[ 1 11],104,-1,153,-1,127
1,<environment.Job instance at 0x7efbd7e5e820>,104,14,[ 3 13],105,-1,141,-1,127
1,<environment.Job instance at 0x7efbd7d14780>,105,13,[4 8],106,-1,140,-1,127
1,<environment.Job instance at 0x7efbd7d40730>,106,13,[5 8],107,-1,140,-1,127
1,<environment.Job instance at 0x7efbd7ec8640>,107,27,[10  3],108,-1,154,-1,127
1,<environment.Job instance at 0x7efbd7ec1aa0>,108,16,[12  5],109,-1,143,-1,127
1,<environment.Job instance at 0x7efbd7d54d70>,109,14,[14  5],110,-1,141,-1,127
1,<environment.Job instance at 0x7efbd7d54320>,110,13,[ 5 13],111,-1,140,-1,127
1,<environment.Job instance at 0x7efbd7d54cd0>,111,15,[6 1],112,-1,142,-1,127
1,<environment.Job instance at 0x7efbd7d54050>,112,26,[13  2],113,-1,153,-1,127
1,<environment.Job instance at 0x7efbd878e820>,113,22,[9 5],114,-1,151,-1,129
1,<environment.Job instance at 0x7efbd7e6eaa0>,114,15,[ 1 12],115,-1,144,-1,129
1,<environment.Job instance at 0x7efbd7cc6af0>,115,14,[ 1 12],116,-1,143,-1,129
1,<environment.Job instance at 0x7efbd7cc64b0>,116,13,[2 5],117,-1,142,-1,129
1,<environment.Job instance at 0x7efbd7cc6550>,117,23,[6 4],118,-1,152,-1,129
1,<environment.Job instance at 0x7efbd7f310f0>,118,26,[ 3 11],119,-1,155,-1,129
1,<environment.Job instance at 0x7efbd86148c0>,120,17,[5 1],121,-1,157,-1,140
1,<environment.Job instance at 0x7efbd7ee1aa0>,121,25,[3 9],122,-1,165,-1,140
1,<environment.Job instance at 0x7efbd8997be0>,122,13,[14  3],123,-1,153,-1,140
1,<environment.Job instance at 0x7efbd7d1ea50>,124,23,[13  3],125,-1,167,-1,144
1,<environment.Job instance at 0x7efbd89976e0>,125,14,[ 1 10],126,-1,158,-1,144
1,<environment.Job instance at 0x7efbd85fce10>,126,23,[ 2 13],127,-1,167,-1,144
1,<environment.Job instance at 0x7efbd85fc050>,127,16,[11  4],128,-1,160,-1,144
1,<environment.Job instance at 0x7efbd85fc5f0>,128,15,[8 2],129,-1,163,-1,148
1,<environment.Job instance at 0x7efbd7ee8320>,129,25,[4 5],130,-1,173,-1,148
1,<environment.Job instance at 0x7efbd7e5c6e0>,130,25,[6 3],131,-1,173,-1,148
1,<environment.Job instance at 0x7efbd7d2c640>,131,20,[11  1],132,-1,168,-1,148
1,<environment.Job instance at 0x7efbd7928eb0>,133,13,[12  4],134,-1,170,-1,157
1,<environment.Job instance at 0x7efbd7eef9b0>,134,24,[5 5],135,-1,181,-1,157
1,<environment.Job instance at 0x7efbd8a29f50>,135,13,[ 1 13],136,-1,170,-1,157
1,<environment.Job instance at 0x7efbd7ee85a0>,136,26,[ 1 13],137,-1,183,-1,157
1,<environment.Job instance at 0x7efbd854c8c0>,137,22,[3 9],138,-1,179,-1,157
1,<environment.Job instance at 0x7efbd854caf0>,138,16,[11  1],139,-1,173,-1,157
1,<environment.Job instance at 0x7efbd854ce10>,139,14,[14  2],140,-1,171,-1,157
1,<environment.Job instance at 0x7efbd8610e10>,140,22,[5 9],141,-1,179,-1,157
1,<environment.Job instance at 0x7efbd854c780>,141,15,[ 2 11],142,-1,172,-1,157
1,<environment.Job instance at 0x7efbd8610b90>,142,16,[11  1],143,-1,173,-1,157
1,<environment.Job instance at 0x7efbd86101e0>,143,25,[2 8],144,-1,182,-1,157
1,<environment.Job instance at 0x7efbd86105f0>,144,18,[12  5],145,-1,175,-1,157
1,<environment.Job instance at 0x7efbd86100f0>,145,20,[ 5 13],146,-1,177,-1,157
1,<environment.Job instance at 0x7efbd8610640>,146,24,[2 7],147,-1,181,-1,157
1,<environment.Job instance at 0x7efbd79b73c0>,3,19,[13  4],4,-1,23,-1,4
1,<environment.Job instance at 0x7efbd79b7e10>,4,16,[ 2 12],5,-1,21,-1,5
1,<environment.Job instance at 0x7efbd79b77d0>,5,12,[ 4 14],6,-1,18,-1,6
1,<environment.Job instance at 0x7efbd79b7730>,9,23,[ 2 13],10,-1,33,-1,10
1,<environment.Job instance at 0x7efbd79b7dc0>,10,12,[14  1],11,-1,23,-1,11
1,<environment.Job instance at 0x7efbd79b7aa0>,11,28,[ 1 13],12,-1,40,-1,12
1,<environment.Job instance at 0x7efbd791d2d0>,15,12,[11  5],16,-1,28,-1,16
1,<environment.Job instance at 0x7efbd791daf0>,17,22,[11  2],18,-1,47,-1,25
1,<environment.Job instance at 0x7efbd791d870>,18,12,[ 5 10],19,-1,37,-1,25
1,<environment.Job instance at 0x7efbd791dcd0>,19,17,[13  5],20,-1,42,-1,25
1,<environment.Job instance at 0x7efbd791daa0>,20,12,[ 3 14],21,-1,37,-1,25
1,<environment.Job instance at 0x7efbd791d320>,23,21,[ 3 14],24,-1,67,-1,46
1,<environment.Job instance at 0x7efbd791d140>,26,28,[6 1],27,-1,91,-1,63
1,<environment.Job instance at 0x7efbd78d73c0>,28,13,[1 7],29,-1,76,-1,63
1,<environment.Job instance at 0x7efbd78d7370>,29,27,[ 4 12],30,-1,90,-1,63
1,<environment.Job instance at 0x7efbd78d7910>,30,25,[12  4],31,-1,88,-1,63
1,<environment.Job instance at 0x7efbd78d72d0>,31,20,[ 3 14],32,-1,83,-1,63
1,<environment.Job instance at 0x7efbd78d7870>,32,13,[ 3 14],33,-1,76,-1,63
1,<environment.Job instance at 0x7efbd78d7cd0>,33,13,[11  5],34,-1,76,-1,63
1,<environment.Job instance at 0x7efbd78d74b0>,34,24,[8 4],35,-1,87,-1,63
1,<environment.Job instance at 0x7efbd78d7690>,36,20,[12  3],37,-1,95,-1,75
1,<environment.Job instance at 0x7efbd78d7fa0>,37,25,[13  2],38,-1,100,-1,75
1,<environment.Job instance at 0x7efbd78d7c80>,39,25,[1 6],40,-1,102,-1,77
1,<environment.Job instance at 0x7efbd78d7eb0>,40,17,[12  4],41,-1,94,-1,77
1,<environment.Job instance at 0x7efbd78d75f0>,41,26,[1 9],42,-1,103,-1,77
1,<environment.Job instance at 0x7efbd78d7a50>,42,27,[14  4],43,-1,104,-1,77
1,<environment.Job instance at 0x7efbd78d7140>,43,18,[14  2],44,-1,95,-1,77
1,<environment.Job instance at 0x7efbd78d7c30>,44,25,[13  3],45,-1,102,-1,77
1,<environment.Job instance at 0x7efbd7913f50>,46,23,[12  4],47,-1,113,-1,90
1,<environment.Job instance at 0x7efbd880b870>,47,25,[9 2],48,-1,115,-1,90
1,<environment.Job instance at 0x7efbd877f780>,48,20,[11  2],49,-1,110,-1,90
1,<environment.Job instance at 0x7efbd877f1e0>,49,16,[14  4],50,-1,106,-1,90
1,<environment.Job instance at 0x7efbd877f6e0>,50,23,[7 4],51,-1,113,-1,90
1,<environment.Job instance at 0x7efbd8762c30>,51,22,[5 9],52,-1,112,-1,90
1,<environment.Job instance at 0x7efbd877f4b0>,53,22,[ 1 12],54,-1,112,-1,90
1,<environment.Job instance at 0x7efbd80b5550>,55,26,[ 3 12],56,-1,135,-1,109
1,<environment.Job instance at 0x7efbd80b5410>,56,27,[ 2 14],57,-1,136,-1,109
1,<environment.Job instance at 0x7efbd80b54b0>,57,24,[13  5],58,-1,133,-1,109
1,<environment.Job instance at 0x7efbd80b5280>,59,21,[13  4],60,-1,147,-1,126
1,<environment.Job instance at 0x7efbd80b5b40>,60,22,[ 5 12],61,-1,148,-1,126
1,<environment.Job instance at 0x7efbd871f3c0>,62,15,[14  2],63,-1,154,-1,139
1,<environment.Job instance at 0x7efbd871f190>,63,15,[ 1 13],64,-1,154,-1,139
1,<environment.Job instance at 0x7efbd871f0f0>,64,20,[12  2],65,-1,159,-1,139
1,<environment.Job instance at 0x7efbd871ff50>,65,14,[ 2 10],66,-1,153,-1,139
1,<environment.Job instance at 0x7efbd871faa0>,66,17,[14  5],67,-1,156,-1,139
1,<environment.Job instance at 0x7efbd871fd70>,67,24,[13  3],68,-1,163,-1,139
1,<environment.Job instance at 0x7efbd871f7d0>,68,22,[12  3],69,-1,161,-1,139
1,<environment.Job instance at 0x7efbd8998910>,71,23,[10  4],72,-1,192,-1,169
1,<environment.Job instance at 0x7efbd8821320>,72,13,[ 1 10],73,-1,182,-1,169
1,<environment.Job instance at 0x7efbd7ec8a00>,73,21,[8 1],74,-1,190,-1,169
1,<environment.Job instance at 0x7efbd79b3e10>,74,20,[14  2],75,-1,189,-1,169
1,<environment.Job instance at 0x7efbd7c09730>,2,19,[ 5 14],3,-1,22,-1,3
1,<environment.Job instance at 0x7efbd7e055a0>,4,27,[11  3],5,-1,32,-1,5
1,<environment.Job instance at 0x7efbd7cb12d0>,5,26,[2 6],6,-1,32,-1,6
1,<environment.Job instance at 0x7efbd79c9820>,15,27,[10  2],16,-1,112,-1,85
1,<environment.Job instance at 0x7efbd79c9c80>,17,27,[7 2],18,-1,120,-1,93
1,<environment.Job instance at 0x7efbd7e63370>,18,15,[13  2],19,-1,108,-1,93
1,<environment.Job instance at 0x7efbd7e63550>,19,17,[11  1],20,-1,110,-1,93
1,<environment.Job instance at 0x7efbd7e639b0>,20,24,[13  2],21,-1,117,-1,93
1,<environment.Job instance at 0x7efbd7c7ac30>,22,25,[11  4],23,-1,120,-1,95
1,<environment.Job instance at 0x7efbd79b3640>,23,15,[ 3 10],24,-1,111,-1,96
1,<environment.Job instance at 0x7efbd79b3550>,24,23,[1 6],25,-1,119,-1,96
1,<environment.Job instance at 0x7efbd7d6d0f0>,25,17,[12  4],26,-1,113,-1,96
1,<environment.Job instance at 0x7efbd7d6d230>,26,12,[13  4],27,-1,108,-1,96
1,<environment.Job instance at 0x7efbd7d6de10>,27,12,[14  3],28,-1,108,-1,96
1,<environment.Job instance at 0x7efbd7d72820>,28,15,[ 1 12],29,-1,111,-1,96
1,<environment.Job instance at 0x7efbd8acb820>,29,21,[ 5 14],30,-1,117,-1,96
1,<environment.Job instance at 0x7efbd7edf190>,30,16,[11  2],31,-1,112,-1,96
1,<environment.Job instance at 0x7efbd7d20640>,32,22,[ 5 13],33,-1,130,-1,108
1,<environment.Job instance at 0x7efbd79ff6e0>,34,28,[2 9],35,-1,141,-1,113
1,<environment.Job instance at 0x7efbd7956aa0>,35,25,[7 1],36,-1,138,-1,113
1,<environment.Job instance at 0x7efbd7d1aa50>,37,27,[ 5 10],38,-1,157,-1,130
1,<environment.Job instance at 0x7efbd8201460>,38,20,[ 3 13],39,-1,150,-1,130
1,<environment.Job instance at 0x7efbd8201d70>,41,26,[ 4 10],42,-1,175,-1,149
1,<environment.Job instance at 0x7efbd8201e60>,42,20,[ 4 11],43,-1,169,-1,149
1,<environment.Job instance at 0x7efbd7e5c6e0>,43,14,[ 5 12],44,-1,163,-1,149
1,<environment.Job instance at 0x7efbd89b9d20>,44,24,[ 5 11],45,-1,173,-1,149
1,<environment.Job instance at 0x7efbd7e5cbe0>,45,25,[7 3],46,-1,174,-1,149
1,<environment.Job instance at 0x7efbd7e5c870>,46,18,[11  5],47,-1,167,-1,149
1,<environment.Job instance at 0x7efbd83ea780>,47,12,[ 3 14],48,-1,161,-1,149
1,<environment.Job instance at 0x7efbd83ea280>,48,27,[1 5],49,-1,176,-1,149
1,<environment.Job instance at 0x7efbd83eaa00>,49,17,[ 1 11],50,-1,166,-1,149
1,<environment.Job instance at 0x7efbd8954af0>,3,25,[4 6],4,-1,29,-1,4
1,<environment.Job instance at 0x7efbd7cb4a00>,5,24,[7 5],6,-1,30,-1,6
1,<environment.Job instance at 0x7efbd865a0a0>,7,21,[14  1],8,-1,29,-1,8
1,<environment.Job instance at 0x7efbd868ebe0>,8,17,[ 1 13],9,-1,26,-1,9
1,<environment.Job instance at 0x7efbd865a1e0>,10,24,[ 4 11],11,-1,35,-1,11
1,<environment.Job instance at 0x7efbd8672820>,15,12,[ 1 14],16,-1,28,-1,16
1,<environment.Job instance at 0x7efbd8672a00>,16,14,[13  4],17,-1,31,-1,17
1,<environment.Job instance at 0x7efbd8672f00>,18,13,[13  3],19,-1,39,-1,26
1,<environment.Job instance at 0x7efbd8672be0>,19,18,[ 3 12],20,-1,44,-1,26
1,<environment.Job instance at 0x7efbd8672370>,20,27,[ 3 14],21,-1,53,-1,26
1,<environment.Job instance at 0x7efbd86720a0>,22,27,[ 5 13],23,-1,55,-1,28
1,<environment.Job instance at 0x7efbd8672410>,23,25,[13  4],24,-1,53,-1,28
1,<environment.Job instance at 0x7efbd8672d20>,24,27,[ 2 14],25,-1,55,-1,28
1,<environment.Job instance at 0x7efbd868a500>,26,18,[ 4 13],27,-1,60,-1,42
1,<environment.Job instance at 0x7efbd866d8c0>,27,12,[ 5 12],28,-1,54,-1,42
1,<environment.Job instance at 0x7efbd868a4b0>,31,23,[12  3],32,-1,97,-1,74
1,<environment.Job instance at 0x7efbd8957e10>,34,12,[13  4],35,-1,101,-1,89
1,<environment.Job instance at 0x7efbd8957a00>,35,23,[4 5],36,-1,112,-1,89
1,<environment.Job instance at 0x7efbd8957550>,38,17,[13  5],39,-1,131,-1,114
1,<environment.Job instance at 0x7efbd8957690>,39,26,[4 6],40,-1,140,-1,114
1,<environment.Job instance at 0x7efbd89572d0>,41,23,[ 4 11],42,-1,137,-1,114
1,<environment.Job instance at 0x7efbd7877d20>,42,26,[ 3 14],43,-1,140,-1,114
1,<environment.Job instance at 0x7efbd8075a50>,43,12,[ 2 13],44,-1,126,-1,114
1,<environment.Job instance at 0x7efbd80751e0>,44,19,[ 4 11],45,-1,133,-1,114
1,<environment.Job instance at 0x7efbd7877eb0>,46,12,[11  1],47,-1,134,-1,122
1,<environment.Job instance at 0x7efbd86b6550>,48,25,[14  5],49,-1,152,-1,127
1,<environment.Job instance at 0x7efbd868afa0>,49,27,[6 1],50,-1,154,-1,127
1,<environment.Job instance at 0x7efbd7819280>,51,13,[12  5],52,-1,142,-1,129
1,<environment.Job instance at 0x7efbd8e19dc0>,53,16,[11  4],54,-1,157,-1,141
1,<environment.Job instance at 0x7efbd7857690>,2,23,[14  5],3,-1,26,-1,3
1,<environment.Job instance at 0x7efbd78575a0>,3,14,[14  2],4,-1,18,-1,4
1,<environment.Job instance at 0x7efbd7857640>,6,28,[5 4],7,-1,35,-1,7
1,<environment.Job instance at 0x7efbd78a98c0>,9,16,[ 4 10],10,-1,27,-1,11
1,<environment.Job instance at 0x7efbd78a9230>,11,17,[ 3 13],12,-1,29,-1,12
1,<environment.Job instance at 0x7efbd78a90a0>,12,23,[13  3],13,-1,36,-1,13
1,<environment.Job instance at 0x7efbd78a9b40>,13,18,[ 2 12],14,-1,32,-1,14
1,<environment.Job instance at 0x7efbd78a97d0>,14,28,[11  1],15,-1,43,-1,15
1,<environment.Job instance at 0x7efbd784c8c0>,18,27,[ 2 14],19,-1,67,-1,40
1,<environment.Job instance at 0x7efbd784ceb0>,26,26,[10  2],27,-1,155,-1,129
1,<environment.Job instance at 0x7efbd784c190>,29,26,[2 9],30,-1,168,-1,142
1,<environment.Job instance at 0x7efbd78470f0>,30,23,[ 3 13],31,-1,165,-1,142
1,<environment.Job instance at 0x7efbd78478c0>,31,13,[12  5],32,-1,155,-1,142
1,<environment.Job instance at 0x7efbd7819870>,1,22,[12  4],2,-1,24,-1,2
1,<environment.Job instance at 0x7efbd7819af0>,3,24,[8 5],4,-1,28,-1,4
1,<environment.Job instance at 0x7efbd7847eb0>,5,23,[11  5],6,-1,29,-1,6
1,<environment.Job instance at 0x7efbd7819460>,6,23,[ 2 12],7,-1,30,-1,7
1,<environment.Job instance at 0x7efbd7819be0>,8,25,[7 3],9,-1,34,-1,9
1,<environment.Job instance at 0x7efbd7819c30>,9,23,[12  5],10,-1,33,-1,10
1,<environment.Job instance at 0x7efbd7819f50>,4,19,[13  1],5,-1,29,-1,10
1,<environment.Job instance at 0x7efbd7819d20>,11,27,[5 2],12,-1,39,-1,12
1,<environment.Job instance at 0x7efbd7819c80>,13,17,[ 4 13],14,-1,31,-1,14
1,<environment.Job instance at 0x7efbd8882af0>,14,21,[ 3 10],15,-1,38,-1,17
1,<environment.Job instance at 0x7efbd8882dc0>,17,12,[5 1],18,-1,30,-1,18
1,<environment.Job instance at 0x7efbd80f3be0>,18,21,[7 1],19,-1,59,-1,38
1,<environment.Job instance at 0x7efbd8954820>,22,21,[1 6],23,-1,61,-1,40
1,<environment.Job instance at 0x7efbd8954870>,23,15,[8 1],24,-1,55,-1,40
1,<environment.Job instance at 0x7efbd8454730>,27,15,[ 4 13],28,-1,99,-1,84
1,<environment.Job instance at 0x7efbd8454c30>,29,26,[7 4],30,-1,124,-1,98
1,<environment.Job instance at 0x7efbd8454a00>,30,17,[14  2],31,-1,115,-1,98
1,<environment.Job instance at 0x7efbd8454dc0>,31,14,[ 3 14],32,-1,112,-1,98
1,<environment.Job instance at 0x7efbd8d53f00>,32,20,[ 4 11],33,-1,118,-1,98
1,<environment.Job instance at 0x7efbd8d530a0>,33,19,[10  1],34,-1,118,-1,99
1,<environment.Job instance at 0x7efbd8d53140>,38,18,[ 4 10],39,-1,170,-1,152
1,<environment.Job instance at 0x7efbd784ed70>,42,22,[ 5 12],43,-1,174,-1,152
1,<environment.Job instance at 0x7efbd784ea50>,44,25,[9 5],45,-1,192,-1,167
1,<environment.Job instance at 0x7efbd8027eb0>,4,27,[ 3 14],5,-1,32,-1,5
1,<environment.Job instance at 0x7efbd8027cd0>,6,27,[3 6],7,-1,35,-1,8
1,<environment.Job instance at 0x7efbd8010870>,11,12,[ 3 13],12,-1,35,-1,23
1,<environment.Job instance at 0x7efbd80100f0>,12,17,[14  5],13,-1,40,-1,23
1,<environment.Job instance at 0x7efbd8010730>,13,15,[14  2],14,-1,38,-1,23
1,<environment.Job instance at 0x7efbd80107d0>,14,15,[ 1 12],15,-1,38,-1,23
1,<environment.Job instance at 0x7efbd8010b90>,16,12,[10  1],17,-1,35,-1,23
1,<environment.Job instance at 0x7efbd8033fa0>,18,12,[ 1 12],19,-1,52,-1,40
1,<environment.Job instance at 0x7efbd80150f0>,20,16,[ 1 10],21,-1,58,-1,42
1,<environment.Job instance at 0x7efbd8c8cd20>,21,22,[14  3],22,-1,64,-1,42
1,<environment.Job instance at 0x7efbd8c8c370>,22,22,[11  5],23,-1,64,-1,42
1,<environment.Job instance at 0x7efbd88d1230>,23,13,[9 2],24,-1,55,-1,42
1,<environment.Job instance at 0x7efbd88a4a50>,25,21,[11  3],26,-1,84,-1,63
1,<environment.Job instance at 0x7efbd8c8cf50>,26,24,[1 8],27,-1,87,-1,63
1,<environment.Job instance at 0x7efbd800dbe0>,27,17,[ 1 10],28,-1,80,-1,63
1,<environment.Job instance at 0x7efbd800da00>,29,12,[11  2],30,-1,75,-1,63
1,<environment.Job instance at 0x7efbd800df50>,30,18,[ 3 11],31,-1,81,-1,63
1,<environment.Job instance at 0x7efbd800d6e0>,31,15,[ 3 12],32,-1,78,-1,63
1,<environment.Job instance at 0x7efbd87c50a0>,33,24,[2 8],34,-1,95,-1,71
1,<environment.Job instance at 0x7efbd87d05a0>,34,24,[5 7],35,-1,95,-1,71
1,<environment.Job instance at 0x7efbd87d09b0>,35,13,[14  2],36,-1,84,-1,71
1,<environment.Job instance at 0x7efbd7f11fa0>,36,12,[ 5 14],37,-1,83,-1,71
1,<environment.Job instance at 0x7efbd7f11910>,37,28,[11  4],38,-1,99,-1,71
1,<environment.Job instance at 0x7efbd87c1af0>,38,23,[1 6],39,-1,94,-1,71
1,<environment.Job instance at 0x7efbd87d7410>,39,26,[1 8],40,-1,97,-1,71
1,<environment.Job instance at 0x7efbd7979500>,43,25,[7 5],44,-1,109,-1,84
1,<environment.Job instance at 0x7efbd879e870>,44,24,[5 3],45,-1,108,-1,84
1,<environment.Job instance at 0x7efbd80004b0>,45,15,[ 1 14],46,-1,99,-1,84
1,<environment.Job instance at 0x7efbd8000280>,46,24,[5 2],47,-1,108,-1,84
1,<environment.Job instance at 0x7efbd7f0f230>,47,25,[8 1],48,-1,109,-1,84
1,<environment.Job instance at 0x7efbd7f015a0>,49,20,[ 4 13],50,-1,111,-1,91
1,<environment.Job instance at 0x7efbd7f2b9b0>,53,26,[9 3],54,-1,143,-1,117
1,<environment.Job instance at 0x7efbd7f149b0>,54,22,[6 3],55,-1,146,-1,124
1,<environment.Job instance at 0x7efbd7f14fa0>,55,20,[14  4],56,-1,144,-1,124
1,<environment.Job instance at 0x7efbd7f14a00>,57,14,[ 3 11],58,-1,142,-1,128
1,<environment.Job instance at 0x7efbd7f14280>,58,14,[14  2],59,-1,142,-1,128
1,<environment.Job instance at 0x7efbd7f14eb0>,59,20,[14  4],60,-1,148,-1,128
1,<environment.Job instance at 0x7efbd7f14e10>,60,15,[ 4 12],61,-1,143,-1,128
1,<environment.Job instance at 0x7efbd7f06320>,62,26,[13  4],63,-1,159,-1,133
1,<environment.Job instance at 0x7efbd7f06230>,64,24,[ 3 14],65,-1,173,-1,149
1,<environment.Job instance at 0x7efbd7f06820>,65,16,[11  5],66,-1,165,-1,149
1,<environment.Job instance at 0x7efbd7f06aa0>,67,13,[13  2],68,-1,166,-1,153
1,<environment.Job instance at 0x7efbd7f06b90>,68,23,[11  5],69,-1,176,-1,153
1,<environment.Job instance at 0x7efbd7f06be0>,69,23,[8 2],70,-1,176,-1,153
1,<environment.Job instance at 0x7efbd87d55f0>,4,17,[ 4 14],5,-1,22,-1,5
1,<environment.Job instance at 0x7efbd87d5b40>,5,15,[ 2 14],6,-1,21,-1,6
1,<environment.Job instance at 0x7efbd87c16e0>,12,22,[11  4],13,-1,50,-1,28
1,<environment.Job instance at 0x7efbd87c1410>,13,28,[11  2],14,-1,56,-1,28
1,<environment.Job instance at 0x7efbd87c14b0>,14,28,[ 4 10],15,-1,56,-1,28
1,<environment.Job instance at 0x7efbd87c1960>,15,24,[6 2],16,-1,57,-1,33
1,<environment.Job instance at 0x7efbd87c12d0>,17,26,[12  4],18,-1,60,-1,34
1,<environment.Job instance at 0x7efbd87c1050>,18,13,[12  3],19,-1,47,-1,34
1,<environment.Job instance at 0x7efbd87c1a00>,19,16,[ 5 11],20,-1,50,-1,34
1,<environment.Job instance at 0x7efbd87c1730>,24,19,[ 4 11],25,-1,94,-1,75
1,<environment.Job instance at 0x7efbd87c1c30>,26,19,[13  2],27,-1,95,-1,76
1,<environment.Job instance at 0x7efbd87c1eb0>,27,27,[5 9],28,-1,103,-1,76
1,<environment.Job instance at 0x7efbd87d7d70>,28,24,[ 3 14],29,-1,100,-1,76
1,<environment.Job instance at 0x7efbd87d70a0>,29,24,[3 7],30,-1,111,-1,87
1,<environment.Job instance at 0x7efbd87d76e0>,32,14,[ 5 11],33,-1,104,-1,90
1,<environment.Job instance at 0x7efbd87d72d0>,35,17,[ 2 13],36,-1,123,-1,106
1,<environment.Job instance at 0x7efbd87d75a0>,36,16,[14  4],37,-1,122,-1,106
1,<environment.Job instance at 0x7efbd87d7eb0>,37,18,[ 1 14],38,-1,124,-1,106
1,<environment.Job instance at 0x7efbd87d7910>,38,16,[ 3 14],39,-1,122,-1,106
1,<environment.Job instance at 0x7efbd87d7a00>,41,16,[11  2],42,-1,138,-1,122
1,<environment.Job instance at 0x7efbd87d7fa0>,43,23,[14  2],44,-1,147,-1,124
1,<environment.Job instance at 0x7efbd87d74b0>,44,24,[5 9],45,-1,149,-1,125
1,<environment.Job instance at 0x7efbd87d7f50>,45,12,[12  5],46,-1,137,-1,125
1,<environment.Job instance at 0x7efbd87d7690>,46,28,[ 2 11],47,-1,153,-1,125
1,<environment.Job instance at 0x7efbd87d7500>,47,26,[9 1],48,-1,151,-1,125
1,<environment.Job instance at 0x7efbd879efa0>,49,23,[14  3],50,-1,161,-1,138
1,<environment.Job instance at 0x7efbd879ef50>,50,18,[ 3 13],51,-1,156,-1,138
1,<environment.Job instance at 0x7efbd879ec80>,51,12,[13  1],52,-1,150,-1,138
1,<environment.Job instance at 0x7efbd879ea50>,52,16,[ 4 12],53,-1,154,-1,138
1,<environment.Job instance at 0x7efbd879e4b0>,53,25,[1 8],54,-1,172,-1,147
1,<environment.Job instance at 0x7efbd879e0a0>,57,26,[13  1],58,-1,177,-1,151
1,<environment.Job instance at 0x7efbd879e910>,59,16,[14  1],60,-1,185,-1,169
1,<environment.Job instance at 0x7efbd879ecd0>,2,25,[ 2 12],3,-1,28,-1,3
1,<environment.Job instance at 0x7efbd846d500>,3,24,[ 2 10],4,-1,28,-1,4
1,<environment.Job instance at 0x7efbd7959a50>,6,26,[ 1 13],7,-1,33,-1,7
1,<environment.Job instance at 0x7efbd7d34910>,7,24,[12  4],8,-1,32,-1,8
1,<environment.Job instance at 0x7efbd7d36c80>,14,27,[6 4],15,-1,51,-1,24
1,<environment.Job instance at 0x7efbd7d36e60>,15,13,[11  2],16,-1,37,-1,24
1,<environment.Job instance at 0x7efbd7d36730>,16,17,[ 2 14],17,-1,41,-1,24
1,<environment.Job instance at 0x7efbd7d39e10>,20,25,[1 6],21,-1,82,-1,57
1,<environment.Job instance at 0x7efbd7d39820>,21,20,[11  1],22,-1,77,-1,57
1,<environment.Job instance at 0x7efbd7d3b7d0>,25,12,[ 1 13],26,-1,89,-1,77
1,<environment.Job instance at 0x7efbd7d3b230>,26,23,[1 5],27,-1,101,-1,78
1,<environment.Job instance at 0x7efbd7d3bcd0>,27,14,[ 3 11],28,-1,92,-1,78
1,<environment.Job instance at 0x7efbd7d3be10>,28,22,[9 1],29,-1,101,-1,79
1,<environment.Job instance at 0x7efbd8539640>,29,15,[14  1],30,-1,94,-1,79
1,<environment.Job instance at 0x7efbd7d049b0>,31,15,[14  4],32,-1,94,-1,79
1,<environment.Job instance at 0x7efbd8513f00>,32,25,[ 5 10],33,-1,104,-1,79
1,<environment.Job instance at 0x7efbd8e2d050>,33,20,[12  3],34,-1,99,-1,79
1,<environment.Job instance at 0x7efbd827d780>,34,20,[ 4 11],35,-1,99,-1,79
1,<environment.Job instance at 0x7efbd827dd70>,35,19,[ 2 13],36,-1,98,-1,79
1,<environment.Job instance at 0x7efbd8276190>,36,15,[14  2],37,-1,94,-1,79
1,<environment.Job instance at 0x7efbd82762d0>,37,12,[13  3],38,-1,91,-1,79
1,<environment.Job instance at 0x7efbd84fb3c0>,39,21,[11  1],40,-1,107,-1,86
1,<environment.Job instance at 0x7efbd87ac3c0>,41,25,[10  4],42,-1,117,-1,92
1,<environment.Job instance at 0x7efbd82576e0>,42,23,[8 3],43,-1,115,-1,92
1,<environment.Job instance at 0x7efbd84f46e0>,44,18,[14  3],45,-1,122,-1,104
1,<environment.Job instance at 0x7efbd84f4500>,45,13,[11  5],46,-1,117,-1,104
1,<environment.Job instance at 0x7efbd7fb1e10>,47,20,[12  2],48,-1,124,-1,104
1,<environment.Job instance at 0x7efbd87b2af0>,49,28,[8 4],50,-1,134,-1,106
1,<environment.Job instance at 0x7efbd84f61e0>,50,17,[ 3 13],51,-1,123,-1,106
1,<environment.Job instance at 0x7efbd84f68c0>,52,18,[11  5],53,-1,137,-1,119
1,<environment.Job instance at 0x7efbd87cb280>,54,19,[12  3],55,-1,144,-1,125
1,<environment.Job instance at 0x7efbd87cbf50>,55,27,[ 1 13],56,-1,152,-1,125
1,<environment.Job instance at 0x7efbd87b1960>,56,18,[11  3],57,-1,143,-1,125
1,<environment.Job instance at 0x7efbd87b1cd0>,58,21,[ 5 12],59,-1,155,-1,134
1,<environment.Job instance at 0x7efbd87b1fa0>,61,19,[ 2 13],62,-1,169,-1,150
1,<environment.Job instance at 0x7efbd87b1a50>,62,24,[ 4 12],63,-1,174,-1,150
1,<environment.Job instance at 0x7efbd87bc6e0>,64,23,[ 4 11],65,-1,179,-1,156
1,<environment.Job instance at 0x7efbd87bc0a0>,65,15,[14  2],66,-1,171,-1,156
1,<environment.Job instance at 0x7efbd8138190>,3,22,[ 2 12],4,-1,26,-1,4
1,<environment.Job instance at 0x7efbd81382d0>,4,28,[ 3 11],5,-1,33,-1,5
1,<environment.Job instance at 0x7efbd8138550>,5,22,[ 3 13],6,-1,28,-1,6
1,<environment.Job instance at 0x7efbd8138e10>,7,21,[3 8],8,-1,49,-1,28
1,<environment.Job instance at 0x7efbd8138140>,13,22,[12  2],14,-1,50,-1,28
1,<environment.Job instance at 0x7efbd8e665a0>,17,13,[5 9],18,-1,66,-1,53
1,<environment.Job instance at 0x7efbd8e66320>,18,28,[ 4 10],19,-1,81,-1,53
1,<environment.Job instance at 0x7efbd8e66960>,19,16,[11  3],20,-1,69,-1,53
1,<environment.Job instance at 0x7efbd8e66c80>,20,13,[5 1],21,-1,67,-1,54
1,<environment.Job instance at 0x7efbd8e66280>,21,27,[14  2],22,-1,81,-1,54
1,<environment.Job instance at 0x7efbd8e66460>,22,16,[13  2],23,-1,70,-1,54
1,<environment.Job instance at 0x7efbd8e66c30>,23,14,[12  1],24,-1,68,-1,54
1,<environment.Job instance at 0x7efbd8e66aa0>,27,20,[13  1],28,-1,102,-1,82
1,<environment.Job instance at 0x7efbd8e66fa0>,28,27,[10  4],29,-1,109,-1,82
1,<environment.Job instance at 0x7efbd8e66f00>,31,24,[ 4 10],32,-1,127,-1,103
1,<environment.Job instance at 0x7efbd8e66410>,32,26,[ 4 13],33,-1,129,-1,103
1,<environment.Job instance at 0x7efbd8e661e0>,34,23,[7 4],35,-1,126,-1,103
1,<environment.Job instance at 0x7efbe1c24fa0>,35,23,[5 6],36,-1,126,-1,103
1,<environment.Job instance at 0x7efbd8e66780>,37,25,[ 5 14],38,-1,128,-1,103
1,<environment.Job instance at 0x7efbd8a49d70>,40,27,[ 5 11],41,-1,142,-1,115
1,<environment.Job instance at 0x7efbd8a49640>,43,27,[5 6],44,-1,165,-1,138
1,<environment.Job instance at 0x7efbd8a49b40>,46,26,[ 2 12],47,-1,175,-1,149
1,<environment.Job instance at 0x7efbe13e2f00>,3,13,[12  1],4,-1,18,-1,5
1,<environment.Job instance at 0x7efbe13e20f0>,5,26,[ 5 10],6,-1,32,-1,6
1,<environment.Job instance at 0x7efbe13e2e10>,6,27,[ 2 13],7,-1,34,-1,7
1,<environment.Job instance at 0x7efbd8a49320>,8,26,[14  2],9,-1,35,-1,9
1,<environment.Job instance at 0x7efbe13e2370>,9,27,[ 1 10],10,-1,38,-1,11
1,<environment.Job instance at 0x7efbe13e25f0>,14,26,[14  4],15,-1,42,-1,16
1,<environment.Job instance at 0x7efbd7767190>,20,12,[12  2],21,-1,73,-1,61
1,<environment.Job instance at 0x7efbd76e64b0>,23,13,[ 4 14],24,-1,91,-1,78
1,<environment.Job instance at 0x7efbd76e6820>,24,15,[ 1 11],25,-1,93,-1,78
1,<environment.Job instance at 0x7efbd76e60f0>,26,25,[13  5],27,-1,110,-1,85
1,<environment.Job instance at 0x7efbd76e61e0>,27,27,[5 7],28,-1,112,-1,85
1,<environment.Job instance at 0x7efbd76e6640>,29,28,[ 1 12],30,-1,127,-1,99
1,<environment.Job instance at 0x7efbd76e6a50>,31,24,[7 3],32,-1,137,-1,113
1,<environment.Job instance at 0x7efbd76e6230>,32,20,[ 3 14],33,-1,133,-1,113
1,<environment.Job instance at 0x7efbd76e6cd0>,36,12,[14  1],37,-1,128,-1,116
1,<environment.Job instance at 0x7efbd76e6050>,38,28,[13  5],39,-1,160,-1,132
1,<environment.Job instance at 0x7efbd76e6320>,39,24,[11  2],40,-1,156,-1,132
1,<environment.Job instance at 0x7efbd76e6870>,41,19,[ 4 12],42,-1,151,-1,132
1,<environment.Job instance at 0x7efbd76e62d0>,44,25,[14  2],45,-1,176,-1,151
1,<environment.Job instance at 0x7efbd76e63c0>,45,17,[ 3 12],46,-1,168,-1,151
1,<environment.Job instance at 0x7efbd763d280>,46,16,[ 4 14],47,-1,167,-1,151
1,<environment.Job instance at 0x7efbd7cc94b0>,3,16,[14  2],4,-1,20,-1,4
1,<environment.Job instance at 0x7efbd7cc9dc0>,5,12,[ 1 14],6,-1,18,-1,6
1,<environment.Job instance at 0x7efbd7cc9820>,2,22,[14  4],3,-1,29,-1,7
1,<environment.Job instance at 0x7efbe1414370>,13,14,[ 2 12],14,-1,31,-1,17
1,<environment.Job instance at 0x7efbe1414a00>,14,14,[13  4],15,-1,31,-1,17
1,<environment.Job instance at 0x7efbe1414c30>,15,14,[12  4],16,-1,31,-1,17
1,<environment.Job instance at 0x7efbe1414b40>,16,25,[1 6],17,-1,42,-1,17
1,<environment.Job instance at 0x7efbe1414960>,17,25,[ 4 10],18,-1,43,-1,18
1,<environment.Job instance at 0x7efbe1414b90>,18,22,[14  5],19,-1,41,-1,19
1,<environment.Job instance at 0x7efbe14145a0>,19,26,[3 7],20,-1,46,-1,20
1,<environment.Job instance at 0x7efbe1414690>,20,14,[11  3],21,-1,35,-1,21
1,<environment.Job instance at 0x7efbe1414eb0>,21,28,[13  2],22,-1,50,-1,22
1,<environment.Job instance at 0x7efbe1414cd0>,23,18,[12  3],24,-1,47,-1,29
1,<environment.Job instance at 0x7efbe1414730>,24,19,[ 2 12],25,-1,48,-1,29
1,<environment.Job instance at 0x7efbe1414d20>,25,13,[11  2],26,-1,42,-1,29
1,<environment.Job instance at 0x7efbe1414aa0>,27,17,[ 5 14],28,-1,51,-1,34
1,<environment.Job instance at 0x7efbe1414780>,28,25,[ 1 11],29,-1,59,-1,34
1,<environment.Job instance at 0x7efbe1414f00>,29,23,[3 7],30,-1,57,-1,34
1,<environment.Job instance at 0x7efbe14140a0>,30,15,[ 5 13],31,-1,49,-1,34
1,<environment.Job instance at 0x7efbd7ad7e60>,32,23,[8 4],33,-1,68,-1,45
1,<environment.Job instance at 0x7efbd7ad7b40>,33,12,[12  1],34,-1,57,-1,45
1,<environment.Job instance at 0x7efbd7ad7fa0>,34,22,[8 3],35,-1,79,-1,57
1,<environment.Job instance at 0x7efbd7ad73c0>,36,14,[13  4],37,-1,71,-1,57
1,<environment.Job instance at 0x7efbd7ad7780>,38,21,[12  5],39,-1,84,-1,63
1,<environment.Job instance at 0x7efbd7ad7960>,39,17,[ 2 14],40,-1,80,-1,63
1,<environment.Job instance at 0x7efbd7ad7140>,40,27,[ 4 12],41,-1,90,-1,63
1,<environment.Job instance at 0x7efbd7ad7640>,41,16,[11  1],42,-1,79,-1,63
1,<environment.Job instance at 0x7efbd7ad78c0>,42,27,[5 6],43,-1,90,-1,63
1,<environment.Job instance at 0x7efbd7ad7190>,43,25,[13  1],44,-1,88,-1,63
1,<environment.Job instance at 0x7efbd7ad77d0>,44,23,[ 1 10],45,-1,86,-1,63
1,<environment.Job instance at 0x7efbd7ad7410>,45,19,[12  1],46,-1,82,-1,63
1,<environment.Job instance at 0x7efbd7ad7050>,46,22,[ 2 12],47,-1,85,-1,63
1,<environment.Job instance at 0x7efbd8de3460>,48,20,[12  3],49,-1,83,-1,63
1,<environment.Job instance at 0x7efbd8de3c30>,49,17,[14  4],50,-1,80,-1,63
1,<environment.Job instance at 0x7efbd8de3280>,50,17,[12  2],51,-1,80,-1,63
1,<environment.Job instance at 0x7efbd8de3960>,51,17,[ 2 13],52,-1,80,-1,63
1,<environment.Job instance at 0x7efbd8de30a0>,53,26,[ 3 14],54,-1,101,-1,75
1,<environment.Job instance at 0x7efbd8de3780>,54,17,[ 3 11],55,-1,92,-1,75
1,<environment.Job instance at 0x7efbd8de3f50>,55,26,[ 1 11],56,-1,101,-1,75
1,<environment.Job instance at 0x7efbd8de38c0>,57,18,[11  2],58,-1,106,-1,88
1,<environment.Job instance at 0x7efbd8de3eb0>,58,21,[ 5 12],59,-1,109,-1,88
1,<environment.Job instance at 0x7efbd8de3140>,61,28,[13  4],62,-1,116,-1,88
1,<environment.Job instance at 0x7efbd8de3e60>,62,15,[ 4 13],63,-1,103,-1,88
1,<environment.Job instance at 0x7efbd8de3b90>,63,28,[11  2],64,-1,116,-1,88
1,<environment.Job instance at 0x7efbd82f2690>,64,12,[ 3 12],65,-1,100,-1,88
1,<environment.Job instance at 0x7efbd82f2d70>,65,24,[7 1],66,-1,112,-1,88
1,<environment.Job instance at 0x7efbd82f2280>,66,20,[5 1],67,-1,117,-1,97
1,<environment.Job instance at 0x7efbd82f28c0>,67,24,[6 2],68,-1,121,-1,97
1,<environment.Job instance at 0x7efbd82f2870>,68,23,[7 4],69,-1,120,-1,97
1,<environment.Job instance at 0x7efbd82f2230>,69,23,[2 8],70,-1,120,-1,97
1,<environment.Job instance at 0x7efbd82f2820>,70,15,[ 4 12],71,-1,112,-1,97
1,<environment.Job instance at 0x7efbd82f2c80>,71,25,[11  3],72,-1,122,-1,97
1,<environment.Job instance at 0x7efbd82f20f0>,72,28,[5 3],73,-1,125,-1,97
1,<environment.Job instance at 0x7efbd82f2cd0>,74,24,[10  4],75,-1,123,-1,99
1,<environment.Job instance at 0x7efbd82f2370>,75,12,[ 3 13],76,-1,111,-1,99
1,<environment.Job instance at 0x7efbd82f29b0>,76,27,[ 4 12],77,-1,126,-1,99
1,<environment.Job instance at 0x7efbd82f2b90>,78,21,[ 2 11],79,-1,121,-1,100
1,<environment.Job instance at 0x7efbd82f2780>,79,23,[9 2],80,-1,123,-1,100
1,<environment.Job instance at 0x7efbd82f2320>,80,17,[ 4 13],81,-1,117,-1,100
1,<environment.Job instance at 0x7efbd82f23c0>,81,17,[ 1 14],82,-1,117,-1,100
1,<environment.Job instance at 0x7efbd82f26e0>,82,13,[13  1],83,-1,113,-1,100
1,<environment.Job instance at 0x7efbd8d20cd0>,85,16,[13  4],86,-1,133,-1,117
1,<environment.Job instance at 0x7efbd8d20eb0>,86,25,[ 1 12],87,-1,142,-1,117
1,<environment.Job instance at 0x7efbd8d20870>,87,19,[14  2],88,-1,136,-1,117
1,<environment.Job instance at 0x7efbd8d20dc0>,88,18,[11  2],89,-1,135,-1,117
1,<environment.Job instance at 0x7efbd8d20f50>,89,27,[ 2 11],90,-1,144,-1,117
1,<environment.Job instance at 0x7efbd8d20a50>,90,21,[ 5 12],91,-1,138,-1,117
1,<environment.Job instance at 0x7efbd8d20960>,91,27,[5 9],92,-1,144,-1,117
1,<environment.Job instance at 0x7efbd8d20690>,92,24,[ 2 12],93,-1,141,-1,117
1,<environment.Job instance at 0x7efbd8d20fa0>,93,27,[ 2 11],94,-1,144,-1,117
1,<environment.Job instance at 0x7efbd8d20c80>,94,20,[12  2],95,-1,137,-1,117
1,<environment.Job instance at 0x7efbd8d20e60>,95,26,[6 1],96,-1,143,-1,117
1,<environment.Job instance at 0x7efbd8d208c0>,97,21,[3 6],98,-1,150,-1,129
1,<environment.Job instance at 0x7efbd8d20910>,99,27,[12  5],100,-1,156,-1,129
1,<environment.Job instance at 0x7efbd8d20b90>,100,12,[10  3],101,-1,141,-1,129
1,<environment.Job instance at 0x7efbd7c67550>,103,18,[10  1],104,-1,157,-1,139
1,<environment.Job instance at 0x7efbd7c67d70>,104,18,[ 1 11],105,-1,157,-1,139
1,<environment.Job instance at 0x7efbd7c67b90>,105,27,[11  1],106,-1,166,-1,139
1,<environment.Job instance at 0x7efbd7c67370>,106,16,[ 1 14],107,-1,155,-1,139
1,<environment.Job instance at 0x7efbd7c67af0>,108,17,[12  2],109,-1,167,-1,150
1,<environment.Job instance at 0x7efbd7c675a0>,109,13,[ 2 12],110,-1,163,-1,150
1,<environment.Job instance at 0x7efbd7c67820>,110,17,[ 1 13],111,-1,167,-1,150
1,<environment.Job instance at 0x7efbd7c673c0>,111,25,[12  5],112,-1,175,-1,150
1,<environment.Job instance at 0x7efbd7c67320>,114,25,[5 5],115,-1,188,-1,163
1,<environment.Job instance at 0x7efbd7c67910>,115,13,[ 4 14],116,-1,176,-1,163
1,<environment.Job instance at 0x7efbd7c675f0>,116,18,[ 4 13],117,-1,181,-1,163
1,<environment.Job instance at 0x7efbd7c67a00>,117,20,[ 2 11],118,-1,183,-1,163
1,<environment.Job instance at 0x7efbd7c67a50>,118,16,[10  1],119,-1,179,-1,163
1,<environment.Job instance at 0x7efbd7c67140>,119,16,[ 1 13],120,-1,179,-1,163
1,<environment.Job instance at 0x7efbd8a14870>,4,13,[ 4 12],5,-1,18,-1,5
1,<environment.Job instance at 0x7efbd8bef6e0>,5,23,[ 3 12],6,-1,29,-1,6
1,<environment.Job instance at 0x7efbd7eb83c0>,10,15,[ 3 11],11,-1,26,-1,11
1,<environment.Job instance at 0x7efbd7ef4870>,12,23,[ 5 13],13,-1,36,-1,13
1,<environment.Job instance at 0x7efbd7ef45a0>,13,26,[2 5],14,-1,40,-1,14
1,<environment.Job instance at 0x7efbd7ef4a00>,15,27,[ 3 13],16,-1,45,-1,18
1,<environment.Job instance at 0x7efbd7ef46e0>,16,26,[ 4 14],17,-1,44,-1,18
1,<environment.Job instance at 0x7efbd7ef4960>,17,20,[14  2],18,-1,38,-1,18
1,<environment.Job instance at 0x7efbd7ef49b0>,18,24,[6 4],19,-1,43,-1,19
1,<environment.Job instance at 0x7efbd7ef4140>,19,26,[ 4 11],20,-1,46,-1,20
1,<environment.Job instance at 0x7efbd7ef42d0>,20,25,[ 3 13],21,-1,46,-1,21
1,<environment.Job instance at 0x7efbd7ef4d70>,21,24,[3 9],22,-1,46,-1,22
1,<environment.Job instance at 0x7efbd7ef4f50>,31,25,[5 3],32,-1,122,-1,97
1,<environment.Job instance at 0x7efbd8136640>,32,18,[ 5 12],33,-1,115,-1,97
1,<environment.Job instance at 0x7efbd8136870>,33,20,[14  1],34,-1,117,-1,97
1,<environment.Job instance at 0x7efbd8136690>,34,20,[3 9],35,-1,117,-1,97
1,<environment.Job instance at 0x7efbd8136140>,35,15,[ 2 13],36,-1,112,-1,97
1,<environment.Job instance at 0x7efbd8136af0>,36,27,[7 5],37,-1,124,-1,97
1,<environment.Job instance at 0x7efbd81368c0>,37,24,[ 3 11],38,-1,121,-1,97
1,<environment.Job instance at 0x7efbd8136d20>,38,25,[13  4],39,-1,122,-1,97
1,<environment.Job instance at 0x7efbd8136370>,39,24,[5 8],40,-1,121,-1,97
1,<environment.Job instance at 0x7efbd8136280>,40,20,[11  5],41,-1,117,-1,97
1,<environment.Job instance at 0x7efbd8136500>,41,24,[ 4 11],42,-1,121,-1,97
1,<environment.Job instance at 0x7efbd8136be0>,42,16,[ 2 10],43,-1,113,-1,97
1,<environment.Job instance at 0x7efbd7e8a320>,43,28,[8 4],44,-1,125,-1,97
1,<environment.Job instance at 0x7efbd7e8a460>,44,17,[14  4],45,-1,114,-1,97
1,<environment.Job instance at 0x7efbd7e8a550>,45,16,[ 5 10],46,-1,113,-1,97
1,<environment.Job instance at 0x7efbd7e8a5a0>,46,13,[10  3],47,-1,110,-1,97
1,<environment.Job instance at 0x7efbd7e8aaf0>,48,24,[13  3],49,-1,131,-1,107
1,<environment.Job instance at 0x7efbd7e8a910>,49,16,[ 5 12],50,-1,123,-1,107
1,<environment.Job instance at 0x7efbd7e8aaa0>,50,26,[5 9],51,-1,133,-1,107
1,<environment.Job instance at 0x7efbd7e8a820>,51,22,[ 3 12],52,-1,129,-1,107
1,<environment.Job instance at 0x7efbd7e8a1e0>,52,13,[14  4],53,-1,120,-1,107
1,<environment.Job instance at 0x7efbd7e8ae10>,53,24,[ 2 14],54,-1,131,-1,107
1,<environment.Job instance at 0x7efbd7e8aa50>,54,12,[6 1],55,-1,119,-1,107
1,<environment.Job instance at 0x7efbd86e5a50>,58,20,[13  3],59,-1,143,-1,123
1,<environment.Job instance at 0x7efbd86e5370>,60,17,[13  1],61,-1,151,-1,134
1,<environment.Job instance at 0x7efbd86e50f0>,62,24,[12  1],63,-1,159,-1,135
1,<environment.Job instance at 0x7efbd86e5dc0>,64,23,[14  2],65,-1,173,-1,150
1,<environment.Job instance at 0x7efbd86e57d0>,65,21,[ 3 14],66,-1,171,-1,150
1,<environment.Job instance at 0x7efbd86e59b0>,66,13,[14  4],67,-1,163,-1,150
1,<environment.Job instance at 0x7efbd86e5820>,67,25,[2 8],68,-1,175,-1,150
1,<environment.Job instance at 0x7efbd86e51e0>,69,25,[9 3],70,-1,176,-1,151
1,<environment.Job instance at 0x7efbd86e5550>,70,19,[ 4 10],71,-1,180,-1,161
1,<environment.Job instance at 0x7efbd86e5050>,71,20,[ 4 14],72,-1,181,-1,161
1,<environment.Job instance at 0x7efbd86e5c30>,72,22,[12  2],73,-1,183,-1,161
1,<environment.Job instance at 0x7efbd86e5910>,73,22,[ 5 12],74,-1,183,-1,161
1,<environment.Job instance at 0x7efbd86e50a0>,74,21,[11  2],75,-1,182,-1,161
1,<environment.Job instance at 0x7efbd86eee60>,76,28,[5 7],77,-1,194,-1,166
1,<environment.Job instance at 0x7efbd86e5d20>,77,22,[13  2],78,-1,188,-1,166
1,<environment.Job instance at 0x7efbd86ee370>,78,27,[10  4],79,-1,193,-1,166
1,<environment.Job instance at 0x7efbd86ee320>,79,13,[ 5 11],80,-1,179,-1,166
1,<environment.Job instance at 0x7efbd86ee7d0>,81,28,[11  5],82,-1,196,-1,168
1,<environment.Job instance at 0x7efbd86eea50>,82,18,[ 1 13],83,-1,186,-1,168
1,<environment.Job instance at 0x7efbd7c19780>,2,24,[ 4 14],3,-1,27,-1,3
1,<environment.Job instance at 0x7efbd789b7d0>,3,12,[ 4 14],4,-1,16,-1,4
1,<environment.Job instance at 0x7efbd7c19eb0>,5,18,[ 3 12],6,-1,24,-1,6
1,<environment.Job instance at 0x7efbd789b5f0>,4,23,[11  2],5,-1,29,-1,6
1,<environment.Job instance at 0x7efbd789b410>,7,27,[ 5 10],8,-1,35,-1,8
1,<environment.Job instance at 0x7efbd789bfa0>,8,28,[13  4],9,-1,37,-1,9
1,<environment.Job instance at 0x7efbd789b370>,10,18,[ 4 12],11,-1,29,-1,11
1,<environment.Job instance at 0x7efbd789bc80>,11,25,[11  1],12,-1,37,-1,12
1,<environment.Job instance at 0x7efbd789b6e0>,12,20,[11  4],13,-1,33,-1,13
1,<environment.Job instance at 0x7efbd789b690>,13,28,[6 5],14,-1,42,-1,14
1,<environment.Job instance at 0x7efbd789bbe0>,14,26,[2 6],15,-1,42,-1,16
1,<environment.Job instance at 0x7efbd789bd70>,16,22,[10  2],17,-1,40,-1,18
1,<environment.Job instance at 0x7efbd8e19c30>,18,25,[5 8],19,-1,44,-1,19
1,<environment.Job instance at 0x7efbd8e194b0>,19,19,[13  4],20,-1,39,-1,20
1,<environment.Job instance at 0x7efbd8e19870>,20,18,[ 3 12],21,-1,39,-1,21
1,<environment.Job instance at 0x7efbd8e19460>,21,18,[11  4],22,-1,40,-1,22
1,<environment.Job instance at 0x7efbd8e19410>,22,12,[ 2 12],23,-1,35,-1,23
1,<environment.Job instance at 0x7efbd8e19780>,23,15,[ 3 13],24,-1,39,-1,24
1,<environment.Job instance at 0x7efbd8e19cd0>,24,15,[13  3],25,-1,40,-1,25
1,<environment.Job instance at 0x7efbd8e19280>,25,24,[1 9],26,-1,50,-1,26
1,<environment.Job instance at 0x7efbd8e19c80>,26,23,[ 5 10],27,-1,50,-1,27
1,<environment.Job instance at 0x7efbd8e19550>,27,27,[ 4 13],28,-1,55,-1,28
1,<environment.Job instance at 0x7efbd8e198c0>,28,15,[11  5],29,-1,44,-1,29
1,<environment.Job instance at 0x7efbd8e19f50>,29,23,[13  4],30,-1,53,-1,30
1,<environment.Job instance at 0x7efbd8e19be0>,30,19,[ 5 12],31,-1,50,-1,31
1,<environment.Job instance at 0x7efbd8e19640>,33,27,[10  2],34,-1,61,-1,34
1,<environment.Job instance at 0x7efbd8e19e10>,34,26,[ 3 13],35,-1,61,-1,35
1,<environment.Job instance at 0x7efbe1427fa0>,35,28,[11  5],36,-1,64,-1,36
1,<environment.Job instance at 0x7efbe1427500>,36,24,[8 5],37,-1,61,-1,37
1,<environment.Job instance at 0x7efbe1427320>,37,15,[12  5],38,-1,53,-1,38
1,<environment.Job instance at 0x7efbe1427870>,38,21,[ 1 14],39,-1,60,-1,39
1,<environment.Job instance at 0x7efbe1427d70>,39,14,[12  4],40,-1,54,-1,40
1,<environment.Job instance at 0x7efbe14271e0>,40,25,[8 3],41,-1,66,-1,41
1,<environment.Job instance at 0x7efbe1427e10>,43,18,[ 3 10],44,-1,67,-1,49
1,<environment.Job instance at 0x7efbe1427780>,44,26,[14  5],45,-1,75,-1,49
1,<environment.Job instance at 0x7efbe1427b40>,45,17,[14  3],46,-1,66,-1,49
1,<environment.Job instance at 0x7efbe1427050>,46,25,[13  2],47,-1,74,-1,49
1,<environment.Job instance at 0x7efbe142b2d0>,47,13,[ 1 13],48,-1,62,-1,49
1,<environment.Job instance at 0x7efbe142b5a0>,48,22,[ 2 11],49,-1,71,-1,49
1,<environment.Job instance at 0x7efbe142bc30>,49,14,[12  4],50,-1,64,-1,50
1,<environment.Job instance at 0x7efbe142b140>,50,23,[6 5],51,-1,74,-1,51
1,<environment.Job instance at 0x7efbe142b320>,51,24,[6 4],52,-1,76,-1,52
1,<environment.Job instance at 0x7efbe142bf00>,52,21,[ 3 11],53,-1,74,-1,53
1,<environment.Job instance at 0x7efbe142bf50>,53,20,[13  1],54,-1,74,-1,54
1,<environment.Job instance at 0x7efbe142b9b0>,54,18,[ 4 13],55,-1,73,-1,55
1,<environment.Job instance at 0x7efbe142b3c0>,55,13,[13  4],56,-1,69,-1,56
1,<environment.Job instance at 0x7efbe142b820>,56,15,[ 4 12],57,-1,72,-1,57
1,<environment.Job instance at 0x7efbe142baa0>,58,20,[12  2],59,-1,79,-1,59
1,<environment.Job instance at 0x7efbe142b050>,59,16,[ 1 13],60,-1,76,-1,60
1,<environment.Job instance at 0x7efbe142b460>,60,25,[4 9],61,-1,86,-1,61
1,<environment.Job instance at 0x7efbe142bd70>,61,24,[5 1],62,-1,86,-1,62
1,<environment.Job instance at 0x7efbe142b7d0>,63,22,[11  4],64,-1,86,-1,64
1,<environment.Job instance at 0x7efbe142beb0>,64,28,[14  4],65,-1,93,-1,65
1,<environment.Job instance at 0x7efbe142b960>,65,22,[13  4],66,-1,88,-1,66
1,<environment.Job instance at 0x7efbe142bc80>,66,28,[11  4],67,-1,95,-1,67
1,<environment.Job instance at 0x7efbe142ba00>,68,18,[ 5 13],69,-1,89,-1,71
1,<environment.Job instance at 0x7efbd7a1f7d0>,69,26,[1 5],70,-1,97,-1,71
1,<environment.Job instance at 0x7efbd7a1f780>,70,28,[8 1],71,-1,99,-1,71
1,<environment.Job instance at 0x7efbd7a1feb0>,72,25,[9 4],73,-1,103,-1,78
1,<environment.Job instance at 0x7efbd7a1f5f0>,73,22,[ 4 10],74,-1,100,-1,78
1,<environment.Job instance at 0x7efbd7a1f500>,75,13,[11  4],76,-1,103,-1,90
1,<environment.Job instance at 0x7efbd7a1f2d0>,76,17,[ 4 11],77,-1,107,-1,90
1,<environment.Job instance at 0x7efbd7a1f4b0>,77,24,[13  5],78,-1,114,-1,90
1,<environment.Job instance at 0x7efbd7a1f690>,78,27,[ 2 14],79,-1,117,-1,90
1,<environment.Job instance at 0x7efbd7a1fd20>,79,26,[ 4 12],80,-1,116,-1,90
1,<environment.Job instance at 0x7efbd7a1f640>,80,15,[ 4 14],81,-1,105,-1,90
1,<environment.Job instance at 0x7efbd7a1fb40>,81,26,[ 1 13],82,-1,116,-1,90
1,<environment.Job instance at 0x7efbd7a1fc80>,83,27,[10  2],84,-1,138,-1,111
1,<environment.Job instance at 0x7efbd8861c30>,85,27,[8 1],86,-1,138,-1,111
1,<environment.Job instance at 0x7efbd8861550>,86,27,[7 2],87,-1,138,-1,111
1,<environment.Job instance at 0x7efbd88611e0>,87,15,[12  5],88,-1,126,-1,111
1,<environment.Job instance at 0x7efbd88615a0>,88,23,[13  3],89,-1,134,-1,111
1,<environment.Job instance at 0x7efbd7b6d140>,90,24,[3 9],91,-1,143,-1,119
1,<environment.Job instance at 0x7efbd8e63a00>,93,27,[4 6],94,-1,180,-1,153
1,<environment.Job instance at 0x7efbd8e635f0>,94,26,[ 4 10],95,-1,179,-1,153
1,<environment.Job instance at 0x7efbd8e63af0>,95,15,[14  4],96,-1,168,-1,153
1,<environment.Job instance at 0x7efbd8e639b0>,96,26,[13  5],97,-1,179,-1,153
1,<environment.Job instance at 0x7efbd80aa910>,97,14,[ 1 12],98,-1,167,-1,153
1,<environment.Job instance at 0x7efbd80aa780>,98,27,[ 3 12],99,-1,180,-1,153
1,<environment.Job instance at 0x7efbd8e52aa0>,102,28,[ 1 13],103,-1,195,-1,167
1,<environment.Job instance at 0x7efbd88e3a00>,103,14,[13  1],104,-1,181,-1,167
1,<environment.Job instance at 0x7efbd8e52b40>,104,25,[12  2],105,-1,192,-1,167
1,<environment.Job instance at 0x7efbd892daf0>,2,13,[ 2 14],3,-1,16,-1,3
1,<environment.Job instance at 0x7efbd7aac2d0>,3,13,[13  3],4,-1,17,-1,4
1,<environment.Job instance at 0x7efbd7aaca00>,4,22,[11  5],5,-1,27,-1,5
1,<environment.Job instance at 0x7efbd7aac190>,5,26,[11  5],6,-1,32,-1,6
1,<environment.Job instance at 0x7efbd7aaca50>,6,28,[5 8],7,-1,35,-1,7
1,<environment.Job instance at 0x7efbd7aac3c0>,7,27,[1 7],8,-1,35,-1,8
1,<environment.Job instance at 0x7efbd7aac640>,8,25,[10  5],9,-1,34,-1,9
1,<environment.Job instance at 0x7efbd7aacbe0>,9,14,[ 1 13],10,-1,24,-1,10
1,<environment.Job instance at 0x7efbd7aac5f0>,10,23,[ 2 11],11,-1,34,-1,11
1,<environment.Job instance at 0x7efbd7aac230>,12,13,[ 1 12],13,-1,26,-1,13
1,<environment.Job instance at 0x7efbd7aac500>,14,23,[ 2 14],15,-1,38,-1,15
1,<environment.Job instance at 0x7efbd8e52b40>,16,13,[11  2],17,-1,31,-1,18
1,<environment.Job instance at 0x7efbd7aac8c0>,21,24,[ 1 13],22,-1,58,-1,34
1,<environment.Job instance at 0x7efbd88baf50>,2,15,[ 3 11],3,-1,18,-1,3
1,<environment.Job instance at 0x7efbd88ba910>,3,21,[ 4 12],4,-1,25,-1,4
1,<environment.Job instance at 0x7efbd86bb2d0>,4,21,[ 4 12],5,-1,26,-1,5
1,<environment.Job instance at 0x7efbd88ba690>,7,24,[13  2],8,-1,32,-1,8
1,<environment.Job instance at 0x7efbd86bb8c0>,9,17,[14  3],10,-1,27,-1,10
1,<environment.Job instance at 0x7efbd7547a00>,16,15,[ 3 12],17,-1,54,-1,39
1,<environment.Job instance at 0x7efbd7547370>,17,25,[6 1],18,-1,64,-1,39
1,<environment.Job instance at 0x7efbd7547190>,18,18,[12  4],19,-1,57,-1,39
1,<environment.Job instance at 0x7efbd75473c0>,21,21,[11  5],22,-1,72,-1,51
1,<environment.Job instance at 0x7efbd75470f0>,22,27,[6 3],23,-1,78,-1,51
1,<environment.Job instance at 0x7efbd7547640>,24,19,[ 2 14],25,-1,78,-1,59
1,<environment.Job instance at 0x7efbd7547f00>,27,12,[11  3],28,-1,97,-1,85
1,<environment.Job instance at 0x7efbd7547690>,28,18,[ 2 11],29,-1,103,-1,85
1,<environment.Job instance at 0x7efbd75470a0>,30,24,[9 1],31,-1,109,-1,85
1,<environment.Job instance at 0x7efbd7547910>,32,15,[ 2 13],33,-1,104,-1,89
1,<environment.Job instance at 0x7efbd7547c30>,33,20,[12  2],34,-1,109,-1,89
1,<environment.Job instance at 0x7efbd7547460>,34,25,[9 2],35,-1,114,-1,89
1,<environment.Job instance at 0x7efbd7547d70>,35,23,[ 2 13],36,-1,112,-1,89
1,<environment.Job instance at 0x7efbd7547050>,36,20,[11  4],37,-1,109,-1,89
1,<environment.Job instance at 0x7efbd7b94d70>,37,23,[ 5 14],38,-1,112,-1,89
1,<environment.Job instance at 0x7efbd8bdd870>,39,19,[ 3 14],40,-1,117,-1,98
1,<environment.Job instance at 0x7efbd7b946e0>,40,16,[ 2 13],41,-1,114,-1,98
1,<environment.Job instance at 0x7efbd8bdd4b0>,41,22,[ 5 10],42,-1,147,-1,125
1,<environment.Job instance at 0x7efbe1627d20>,45,22,[ 3 12],46,-1,150,-1,128
1,<environment.Job instance at 0x7efbe1627730>,46,21,[ 4 11],47,-1,149,-1,128
1,<environment.Job instance at 0x7efbe1627aa0>,47,16,[ 1 12],48,-1,144,-1,128
1,<environment.Job instance at 0x7efbe16272d0>,48,17,[ 2 11],49,-1,145,-1,128
1,<environment.Job instance at 0x7efbe1627af0>,49,14,[14  4],50,-1,142,-1,128
1,<environment.Job instance at 0x7efbe1627280>,50,26,[5 7],51,-1,154,-1,128
1,<environment.Job instance at 0x7efbe1627eb0>,51,26,[11  1],52,-1,154,-1,128
1,<environment.Job instance at 0x7efbe1627b90>,52,24,[12  1],53,-1,152,-1,128
1,<environment.Job instance at 0x7efbe1627dc0>,53,28,[12  4],54,-1,156,-1,128
1,<environment.Job instance at 0x7efbe1627050>,54,18,[ 1 11],55,-1,146,-1,128
1,<environment.Job instance at 0x7efbd8a13b40>,4,18,[ 5 14],5,-1,23,-1,5
1,<environment.Job instance at 0x7efbd89f2b90>,6,12,[ 3 13],7,-1,19,-1,7
1,<environment.Job instance at 0x7efbd89f2c30>,7,23,[6 5],8,-1,32,-1,9
1,<environment.Job instance at 0x7efbd8bfc140>,9,23,[6 1],10,-1,33,-1,10
1,<environment.Job instance at 0x7efbd8bfc6e0>,10,18,[13  2],11,-1,29,-1,11
1,<environment.Job instance at 0x7efbd8bfcb90>,13,19,[14  5],14,-1,35,-1,16
1,<environment.Job instance at 0x7efbd8bfc280>,14,14,[ 4 12],15,-1,30,-1,16
1,<environment.Job instance at 0x7efbd8bfcd20>,15,14,[12  3],16,-1,30,-1,16
1,<environment.Job instance at 0x7efbd8de6050>,24,26,[ 5 13],25,-1,172,-1,146
1,<environment.Job instance at 0x7efbd8de6410>,25,28,[ 4 13],26,-1,174,-1,146
1,<environment.Job instance at 0x7efbd8999820>,26,13,[11  2],27,-1,159,-1,146
1,<environment.Job instance at 0x7efbd8999690>,27,19,[ 2 11],28,-1,165,-1,146
1,<environment.Job instance at 0x7efbd8999910>,28,28,[ 4 11],29,-1,174,-1,146
1,<environment.Job instance at 0x7efbd8999280>,31,23,[ 3 10],32,-1,180,-1,157
1,<environment.Job instance at 0x7efbd8091870>,1,14,[14  1],2,-1,16,-1,2
1,<environment.Job instance at 0x7efbd80910f0>,3,25,[ 4 12],4,-1,29,-1,4
1,<environment.Job instance at 0x7efbd80ae640>,6,27,[10  1],7,-1,34,-1,7
1,<environment.Job instance at 0x7efbd8091b90>,8,14,[ 5 14],9,-1,23,-1,9
1,<environment.Job instance at 0x7efbd80ae870>,9,26,[10  2],10,-1,37,-1,11
1,<environment.Job instance at 0x7efbd80aea00>,11,20,[ 1 12],12,-1,32,-1,12
1,<environment.Job instance at 0x7efbd80aea50>,12,24,[14  1],13,-1,37,-1,13
1,<environment.Job instance at 0x7efbd80aeaa0>,13,28,[9 3],14,-1,42,-1,14
1,<environment.Job instance at 0x7efbd80ae910>,14,25,[10  1],15,-1,40,-1,15
1,<environment.Job instance at 0x7efbd80ae5f0>,15,26,[ 2 12],16,-1,42,-1,16
1,<environment.Job instance at 0x7efbd80ae960>,16,22,[ 1 11],17,-1,39,-1,17
1,<environment.Job instance at 0x7efbd80a8f50>,17,17,[11  4],18,-1,35,-1,18
1,<environment.Job instance at 0x7efbd80a8690>,18,17,[ 5 13],19,-1,36,-1,19
1,<environment.Job instance at 0x7efbd80a86e0>,21,27,[9 2],22,-1,49,-1,22
1,<environment.Job instance at 0x7efbd80a8eb0>,23,27,[ 3 14],24,-1,55,-1,28
1,<environment.Job instance at 0x7efbd80a8dc0>,24,13,[12  1],25,-1,41,-1,28
1,<environment.Job instance at 0x7efbd80a8190>,25,28,[13  1],26,-1,56,-1,28
1,<environment.Job instance at 0x7efbd80a8b40>,26,19,[8 2],27,-1,169,-1,150
1,<environment.Job instance at 0x7efbd8095eb0>,38,21,[3 5],39,-1,171,-1,150
1,<environment.Job instance at 0x7efbd8095cd0>,39,18,[14  1],40,-1,168,-1,150
1,<environment.Job instance at 0x7efbd80956e0>,40,13,[ 2 11],41,-1,163,-1,150
1,<environment.Job instance at 0x7efbd8095640>,41,28,[1 7],42,-1,178,-1,150
1,<environment.Job instance at 0x7efbd8095190>,42,15,[ 3 12],43,-1,165,-1,150
1,<environment.Job instance at 0x7efbd8095dc0>,44,13,[1 5],45,-1,163,-1,150
1,<environment.Job instance at 0x7efbd80959b0>,45,22,[3 9],46,-1,172,-1,150
1,<environment.Job instance at 0x7efbd8095be0>,46,13,[3 9],47,-1,163,-1,150
1,<environment.Job instance at 0x7efbd886b4b0>,47,28,[ 1 14],48,-1,178,-1,150
1,<environment.Job instance at 0x7efbd886bd70>,48,23,[ 5 12],49,-1,173,-1,150
1,<environment.Job instance at 0x7efbd886b370>,49,18,[5 4],50,-1,168,-1,150
1,<environment.Job instance at 0x7efbd886b500>,50,16,[10  1],51,-1,166,-1,150
1,<environment.Job instance at 0x7efbd886bb40>,51,14,[12  2],52,-1,164,-1,150
1,<environment.Job instance at 0x7efbd886bbe0>,4,16,[ 2 12],5,-1,21,-1,5
1,<environment.Job instance at 0x7efbd8138370>,8,22,[12  3],9,-1,42,-1,20
1,<environment.Job instance at 0x7efbd81380a0>,9,14,[13  4],10,-1,34,-1,20
1,<environment.Job instance at 0x7efbd8138a50>,11,24,[13  3],12,-1,48,-1,24
1,<environment.Job instance at 0x7efbd8ac5190>,12,14,[12  1],13,-1,38,-1,24
1,<environment.Job instance at 0x7efbd8ac52d0>,14,14,[11  1],15,-1,53,-1,39
1,<environment.Job instance at 0x7efbd8ac5410>,16,24,[3 9],17,-1,63,-1,39
1,<environment.Job instance at 0x7efbd8ac54b0>,17,28,[5 3],18,-1,67,-1,39
1,<environment.Job instance at 0x7efbd8ac5550>,18,24,[11  4],19,-1,63,-1,39
1,<environment.Job instance at 0x7efbd8ac55f0>,19,27,[ 1 14],20,-1,66,-1,39
1,<environment.Job instance at 0x7efbd8ac50a0>,20,28,[13  2],21,-1,67,-1,39
1,<environment.Job instance at 0x7efbd8ac56e0>,22,24,[3 6],23,-1,71,-1,47
1,<environment.Job instance at 0x7efbd8ac58c0>,23,25,[14  1],24,-1,72,-1,47
1,<environment.Job instance at 0x7efbd8ac5aa0>,24,24,[7 4],25,-1,71,-1,47
1,<environment.Job instance at 0x7efbd8ac5b90>,26,25,[8 4],27,-1,80,-1,55
1,<environment.Job instance at 0x7efbd8ac5c30>,27,16,[11  2],28,-1,71,-1,55
1,<environment.Job instance at 0x7efbd8ac5cd0>,28,24,[ 5 11],29,-1,79,-1,55
1,<environment.Job instance at 0x7efbd8ac5d70>,29,14,[13  2],30,-1,69,-1,55
1,<environment.Job instance at 0x7efbd8ac5eb0>,31,13,[13  3],32,-1,71,-1,58
1,<environment.Job instance at 0x7efbd8ac5f50>,32,25,[ 3 11],33,-1,83,-1,58
1,<environment.Job instance at 0x7efbd8ac5e60>,33,26,[8 4],34,-1,84,-1,58
1,<environment.Job instance at 0x7efbd8ac5f00>,34,17,[ 3 12],35,-1,75,-1,58
1,<environment.Job instance at 0x7efbd8d5f230>,36,14,[12  3],37,-1,85,-1,71
1,<environment.Job instance at 0x7efbd8d5f2d0>,37,23,[ 4 10],38,-1,94,-1,71
1,<environment.Job instance at 0x7efbd8d5f640>,42,23,[ 4 10],43,-1,130,-1,107
1,<environment.Job instance at 0x7efbd8d5f320>,43,20,[ 1 10],44,-1,136,-1,116
1,<environment.Job instance at 0x7efbd8d5f780>,44,22,[ 5 11],45,-1,138,-1,116
1,<environment.Job instance at 0x7efbd8d5f820>,45,17,[13  3],46,-1,133,-1,116
1,<environment.Job instance at 0x7efbd8d5f280>,46,22,[13  4],47,-1,138,-1,116
1,<environment.Job instance at 0x7efbd8d5f730>,47,23,[3 9],48,-1,139,-1,116
1,<environment.Job instance at 0x7efbd8d5faa0>,50,27,[ 1 14],51,-1,152,-1,125
1,<environment.Job instance at 0x7efbd8d5fb40>,51,27,[ 2 12],52,-1,152,-1,125
1,<environment.Job instance at 0x7efbd8d5fbe0>,52,15,[13  1],53,-1,140,-1,125
1,<environment.Job instance at 0x7efbd8d5fc80>,53,18,[13  5],54,-1,143,-1,125
1,<environment.Job instance at 0x7efbd8d5fd20>,54,28,[7 1],55,-1,153,-1,125
1,<environment.Job instance at 0x7efbd8d5fe60>,55,24,[1 8],56,-1,156,-1,132
1,<environment.Job instance at 0x7efbd8d5ff00>,57,25,[5 4],58,-1,164,-1,139
1,<environment.Job instance at 0x7efbd8d5ffa0>,59,16,[ 3 13],60,-1,160,-1,144
1,<environment.Job instance at 0x7efbd8d3c190>,60,24,[12  2],61,-1,168,-1,144
1,<environment.Job instance at 0x7efbd8d3c320>,61,27,[12  3],62,-1,171,-1,144
1,<environment.Job instance at 0x7f23ad80e460>,3,26,[11  4],4,-1,30,-1,4
1,<environment.Job instance at 0x7f23ad80e960>,9,18,[ 2 13],10,-1,28,-1,10
1,<environment.Job instance at 0x7f23ad80e5a0>,5,24,[1 5],6,-1,36,-1,12
1,<environment.Job instance at 0x7f23ad80eb90>,11,26,[4 8],12,-1,38,-1,12
1,<environment.Job instance at 0x7f23ad80ec30>,12,26,[ 1 12],13,-1,39,-1,13
1,<environment.Job instance at 0x7f23ad80ecd0>,13,18,[ 4 14],14,-1,32,-1,14
1,<environment.Job instance at 0x7f23ad80ee10>,15,18,[ 2 14],16,-1,40,-1,22
1,<environment.Job instance at 0x7f23ad80eeb0>,16,16,[ 3 11],17,-1,38,-1,22
1,<environment.Job instance at 0x7f23ad80ef50>,17,28,[ 5 10],18,-1,50,-1,22
1,<environment.Job instance at 0x7f23ad80e9b0>,18,25,[ 4 13],19,-1,47,-1,22
1,<environment.Job instance at 0x7f23ad80ea50>,19,14,[ 3 11],20,-1,36,-1,22
1,<environment.Job instance at 0x7f23ad810190>,20,27,[13  5],21,-1,49,-1,22
1,<environment.Job instance at 0x7f23ad810230>,21,26,[ 5 12],22,-1,48,-1,22
1,<environment.Job instance at 0x7f23ad810370>,22,13,[13  1],23,-1,36,-1,23
1,<environment.Job instance at 0x7f23ad810550>,25,23,[ 3 13],26,-1,60,-1,37
1,<environment.Job instance at 0x7f23ad8106e0>,28,25,[ 4 11],29,-1,88,-1,63
1,<environment.Job instance at 0x7f23ad810780>,29,22,[ 5 13],30,-1,85,-1,63
1,<environment.Job instance at 0x7f23ad810960>,32,27,[11  3],33,-1,117,-1,90
1,<environment.Job instance at 0x7f23ad810be0>,36,13,[ 3 14],37,-1,133,-1,120
1,<environment.Job instance at 0x7f23ad810d70>,37,28,[ 2 12],38,-1,148,-1,120
1,<environment.Job instance at 0x7f23ad810e60>,39,24,[5 6],40,-1,163,-1,139
1,<environment.Job instance at 0x7f23ad810050>,41,27,[14  1],42,-1,166,-1,139
1,<environment.Job instance at 0x7f23ad810500>,43,13,[13  1],44,-1,168,-1,155
1,<environment.Job instance at 0x7f23ad8141e0>,44,24,[ 1 13],45,-1,179,-1,155
1,<environment.Job instance at 0x7f23ad814320>,46,17,[12  2],47,-1,172,-1,155
1,<environment.Job instance at 0x7f23ad814460>,48,15,[14  1],49,-1,183,-1,168
1,<environment.Job instance at 0x7f23ad814500>,49,16,[ 2 11],50,-1,184,-1,168
1,<environment.Job instance at 0x7f23ad8145a0>,50,16,[12  2],51,-1,184,-1,168
1,<environment.Job instance at 0x7f23ad8146e0>,52,27,[8 5],53,-1,202,-1,175
1,<environment.Job instance at 0x7f23ad8146e0>,3,21,[ 4 12],4,-1,25,-1,4
1,<environment.Job instance at 0x7f23ad31d820>,5,27,[5 9],6,-1,33,-1,6
1,<environment.Job instance at 0x7f23ad2cb780>,6,27,[2 9],7,-1,34,-1,7
1,<environment.Job instance at 0x7f23ad887e10>,8,12,[14  5],9,-1,21,-1,9
1,<environment.Job instance at 0x7f23ad8ff960>,9,16,[12  3],10,-1,26,-1,10
1,<environment.Job instance at 0x7f23ad8ff7d0>,10,17,[12  2],11,-1,28,-1,11
1,<environment.Job instance at 0x7f23ad8fff50>,11,28,[2 8],12,-1,40,-1,12
1,<environment.Job instance at 0x7f23ad8ff910>,14,21,[ 5 11],15,-1,36,-1,15
1,<environment.Job instance at 0x7f23ad8ff370>,15,26,[ 5 10],16,-1,42,-1,16
1,<environment.Job instance at 0x7f23ad8ff8c0>,16,27,[12  4],17,-1,44,-1,17
1,<environment.Job instance at 0x7f23ad8ff550>,17,27,[14  3],18,-1,45,-1,18
1,<environment.Job instance at 0x7f23ad8ff280>,19,14,[ 1 12],20,-1,34,-1,20
1,<environment.Job instance at 0x7f23ad8ffcd0>,21,14,[13  5],22,-1,36,-1,22
1,<environment.Job instance at 0x7f23ad8ff0a0>,22,25,[11  2],23,-1,48,-1,23
1,<environment.Job instance at 0x7f23ad8eab90>,23,14,[12  2],24,-1,38,-1,24
1,<environment.Job instance at 0x7f23ad8ea1e0>,24,28,[8 4],25,-1,53,-1,25
1,<environment.Job instance at 0x7f23ad8ea460>,27,13,[ 4 12],28,-1,41,-1,28
1,<environment.Job instance at 0x7f23ad8ea320>,28,18,[12  2],29,-1,47,-1,29
1,<environment.Job instance at 0x7f23ad8ea410>,29,15,[12  3],30,-1,45,-1,30
1,<environment.Job instance at 0x7f23ad8ea7d0>,30,25,[7 2],31,-1,56,-1,31
1,<environment.Job instance at 0x7f23ad8ea0a0>,31,26,[ 5 11],32,-1,58,-1,32
1,<environment.Job instance at 0x7f23ad8ea140>,33,16,[11  1],34,-1,50,-1,34
1,<environment.Job instance at 0x7f23ad8ea280>,35,19,[12  5],36,-1,63,-1,44
1,<environment.Job instance at 0x7f23ad1acd20>,36,17,[11  3],37,-1,61,-1,44
1,<environment.Job instance at 0x7f23acee24b0>,37,14,[ 1 10],38,-1,58,-1,44
1,<environment.Job instance at 0x7f23acf64410>,38,25,[6 2],39,-1,69,-1,44
1,<environment.Job instance at 0x7f23ad214370>,39,18,[12  4],40,-1,62,-1,44
1,<environment.Job instance at 0x7f23ace76460>,41,26,[11  5],42,-1,72,-1,46
1,<environment.Job instance at 0x7f23ad36dd70>,44,16,[11  2],45,-1,76,-1,60
1,<environment.Job instance at 0x7f23ad271cd0>,45,15,[13  5],46,-1,75,-1,60
1,<environment.Job instance at 0x7f23ad2d8a50>,48,27,[14  3],49,-1,100,-1,73
1,<environment.Job instance at 0x7f23ad33b910>,50,26,[ 4 10],51,-1,106,-1,80
1,<environment.Job instance at 0x7f23ad33b820>,51,26,[8 3],52,-1,106,-1,80
1,<environment.Job instance at 0x7f23ad36ac80>,52,23,[12  1],53,-1,103,-1,80
1,<environment.Job instance at 0x7f23ad36ae60>,53,19,[ 2 13],54,-1,99,-1,80
1,<environment.Job instance at 0x7f23ad36a460>,54,22,[11  1],55,-1,102,-1,80
1,<environment.Job instance at 0x7f23ad30c140>,55,22,[ 1 13],56,-1,102,-1,80
1,<environment.Job instance at 0x7f23ad30c410>,56,24,[ 2 14],57,-1,104,-1,80
1,<environment.Job instance at 0x7f23ad30c050>,58,23,[13  3],59,-1,112,-1,89
1,<environment.Job instance at 0x7f23ad2b06e0>,59,25,[10  5],60,-1,114,-1,89
1,<environment.Job instance at 0x7f23ad2b0140>,60,20,[13  5],61,-1,109,-1,89
1,<environment.Job instance at 0x7f23ad2b05a0>,61,24,[14  3],62,-1,113,-1,89
1,<environment.Job instance at 0x7f23ad2b0370>,62,23,[13  5],63,-1,112,-1,89
1,<environment.Job instance at 0x7f23ad2bbcd0>,63,21,[12  3],64,-1,110,-1,89
1,<environment.Job instance at 0x7f23ad2bb4b0>,65,28,[ 4 11],66,-1,124,-1,96
1,<environment.Job instance at 0x7f23ad2bbaf0>,66,18,[ 4 12],67,-1,114,-1,96
1,<environment.Job instance at 0x7f23ad2bb5f0>,67,22,[14  1],68,-1,118,-1,96
1,<environment.Job instance at 0x7f23ad2ace10>,68,25,[7 3],69,-1,121,-1,96
1,<environment.Job instance at 0x7f23ad2accd0>,69,27,[ 4 13],70,-1,123,-1,96
1,<environment.Job instance at 0x7f23ad2ac9b0>,70,26,[8 4],71,-1,122,-1,96
1,<environment.Job instance at 0x7f23ad2ac5a0>,71,12,[11  1],72,-1,108,-1,96
1,<environment.Job instance at 0x7f23ad318190>,73,16,[14  1],74,-1,119,-1,103
1,<environment.Job instance at 0x7f23ad318780>,74,27,[ 1 10],75,-1,130,-1,103
1,<environment.Job instance at 0x7f23ad318dc0>,76,19,[13  1],77,-1,134,-1,115
1,<environment.Job instance at 0x7f23ad318820>,77,15,[12  2],78,-1,130,-1,115
1,<environment.Job instance at 0x7f23ad29f960>,78,20,[11  2],79,-1,135,-1,115
1,<environment.Job instance at 0x7f23ad364eb0>,79,25,[ 2 13],80,-1,140,-1,115
1,<environment.Job instance at 0x7f23ad30aeb0>,82,24,[ 3 13],83,-1,154,-1,130
1,<environment.Job instance at 0x7f23ad30a2d0>,83,15,[ 2 13],84,-1,145,-1,130
1,<environment.Job instance at 0x7f23ad30a7d0>,84,13,[ 5 14],85,-1,143,-1,130
1,<environment.Job instance at 0x7f23ad2e5b90>,85,20,[11  2],86,-1,150,-1,130
1,<environment.Job instance at 0x7f23ad328460>,87,21,[ 4 14],88,-1,153,-1,132
1,<environment.Job instance at 0x7f23ad328640>,89,15,[14  4],90,-1,161,-1,146
1,<environment.Job instance at 0x7f23ad2bfe10>,91,23,[13  1],92,-1,174,-1,151
1,<environment.Job instance at 0x7f23ad2bffa0>,93,26,[ 1 11],94,-1,192,-1,166
1,<environment.Job instance at 0x7f23ad2bf550>,94,14,[ 3 13],95,-1,180,-1,166
1,<environment.Job instance at 0x7f23ad309550>,97,27,[10  3],98,-1,204,-1,177
1,<environment.Job instance at 0x7f23ad2c1690>,98,16,[12  5],99,-1,193,-1,177
1,<environment.Job instance at 0x7f23ad309a50>,99,14,[14  5],100,-1,191,-1,177
1,<environment.Job instance at 0x7f23ad2e2d70>,100,13,[ 5 13],101,-1,190,-1,177
1,<environment.Job instance at 0x7f23ad81fd20>,2,15,[ 4 12],3,-1,18,-1,3
1,<environment.Job instance at 0x7f23acea1d70>,3,21,[ 3 14],4,-1,25,-1,4
1,<environment.Job instance at 0x7f23acea1870>,6,28,[6 1],7,-1,35,-1,7
1,<environment.Job instance at 0x7f23acea1e10>,11,20,[ 3 14],12,-1,41,-1,21
1,<environment.Job instance at 0x7f23acea1b90>,12,13,[ 3 14],13,-1,34,-1,21
1,<environment.Job instance at 0x7f23acf03780>,17,25,[13  2],18,-1,80,-1,55
1,<environment.Job instance at 0x7f23acf03820>,19,25,[1 6],20,-1,80,-1,55
1,<environment.Job instance at 0x7f23acf03460>,20,17,[12  4],21,-1,72,-1,55
1,<environment.Job instance at 0x7f23acf03e60>,21,26,[1 9],22,-1,81,-1,55
1,<environment.Job instance at 0x7f23acf03190>,22,27,[14  4],23,-1,82,-1,55
1,<environment.Job instance at 0x7f23acf03be0>,23,18,[14  2],24,-1,73,-1,55
1,<environment.Job instance at 0x7f23acf03640>,24,25,[13  3],25,-1,80,-1,55
1,<environment.Job instance at 0x7f23acf033c0>,26,23,[12  4],27,-1,85,-1,62
1,<environment.Job instance at 0x7f23acf03870>,27,25,[9 2],28,-1,87,-1,62
1,<environment.Job instance at 0x7f23acf03b40>,28,20,[11  2],29,-1,83,-1,63
1,<environment.Job instance at 0x7f23acf03280>,29,16,[14  4],30,-1,79,-1,63
1,<environment.Job instance at 0x7f23acf03d20>,30,23,[7 4],31,-1,88,-1,65
1,<environment.Job instance at 0x7f23acf036e0>,35,26,[ 3 12],36,-1,134,-1,108
1,<environment.Job instance at 0x7f23acf03910>,36,27,[ 2 14],37,-1,135,-1,108
1,<environment.Job instance at 0x7f23acf038c0>,31,22,[5 9],32,-1,131,-1,109
1,<environment.Job instance at 0x7f23acf58f50>,40,22,[ 5 12],41,-1,171,-1,149
1,<environment.Job instance at 0x7f23acf587d0>,41,13,[4 9],42,-1,162,-1,149
1,<environment.Job instance at 0x7f23acf588c0>,42,15,[14  2],43,-1,164,-1,149
1,<environment.Job instance at 0x7f23acf58a50>,43,15,[ 1 13],44,-1,164,-1,149
1,<environment.Job instance at 0x7f23acf589b0>,44,20,[12  2],45,-1,169,-1,149
1,<environment.Job instance at 0x7f23acf58c30>,45,14,[ 2 10],46,-1,163,-1,149
1,<environment.Job instance at 0x7f23acf58aa0>,46,17,[14  5],47,-1,166,-1,149
1,<environment.Job instance at 0x7f23ad666730>,47,24,[13  3],48,-1,173,-1,149
1,<environment.Job instance at 0x7f23ace8e640>,48,22,[12  3],49,-1,171,-1,149
1,<environment.Job instance at 0x7f23ad665c80>,49,14,[ 5 10],50,-1,163,-1,149
1,<environment.Job instance at 0x7f23ad6969b0>,51,23,[10  4],52,-1,188,-1,165
1,<environment.Job instance at 0x7f23ad696a50>,52,13,[ 1 10],53,-1,178,-1,165
1,<environment.Job instance at 0x7f23ad3551e0>,2,22,[ 5 13],3,-1,25,-1,3
1,<environment.Job instance at 0x7f23ad328fa0>,4,28,[2 9],5,-1,33,-1,5
1,<environment.Job instance at 0x7f23ad328140>,5,25,[7 1],6,-1,31,-1,6
1,<environment.Job instance at 0x7f23ad7be1e0>,7,27,[ 5 10],8,-1,35,-1,8
1,<environment.Job instance at 0x7f23ad328730>,8,20,[ 3 13],9,-1,29,-1,9
1,<environment.Job instance at 0x7f23ad48ef00>,12,20,[ 4 11],13,-1,33,-1,13
1,<environment.Job instance at 0x7f23ad48e690>,13,14,[ 5 12],14,-1,28,-1,14
1,<environment.Job instance at 0x7f23ad7ef460>,14,24,[ 5 11],15,-1,39,-1,15
1,<environment.Job instance at 0x7f23ad7c9550>,15,25,[7 3],16,-1,41,-1,16
1,<environment.Job instance at 0x7f23ad7c90a0>,16,18,[11  5],17,-1,39,-1,21
1,<environment.Job instance at 0x7f23ad48e6e0>,17,12,[ 3 14],18,-1,33,-1,21
1,<environment.Job instance at 0x7f23ad3096e0>,18,27,[1 5],19,-1,48,-1,21
1,<environment.Job instance at 0x7f23ad309d20>,19,17,[ 1 11],20,-1,38,-1,21
1,<environment.Job instance at 0x7f23acf2e190>,22,27,[12  4],23,-1,59,-1,32
1,<environment.Job instance at 0x7f23ad3f1d70>,24,12,[ 1 12],25,-1,48,-1,36
1,<environment.Job instance at 0x7f23ad309500>,26,12,[ 5 12],27,-1,55,-1,43
1,<environment.Job instance at 0x7f23ad8eab40>,27,14,[14  1],28,-1,57,-1,43
1,<environment.Job instance at 0x7f23ad364820>,29,14,[12  4],30,-1,65,-1,51
1,<environment.Job instance at 0x7f23ad348a00>,30,18,[11  5],31,-1,77,-1,59
1,<environment.Job instance at 0x7f23ad2bbc80>,32,12,[14  4],33,-1,75,-1,63
1,<environment.Job instance at 0x7f23ad4debe0>,34,25,[13  4],35,-1,103,-1,78
1,<environment.Job instance at 0x7f23ad30c190>,36,13,[12  2],37,-1,96,-1,83
1,<environment.Job instance at 0x7f23ad49b5f0>,37,22,[13  4],38,-1,105,-1,83
1,<environment.Job instance at 0x7f23acefa2d0>,38,14,[11  2],39,-1,97,-1,83
1,<environment.Job instance at 0x7f23ad4dec30>,39,24,[ 2 14],40,-1,107,-1,83
1,<environment.Job instance at 0x7f23ad2e2b90>,40,28,[2 7],41,-1,111,-1,83
1,<environment.Job instance at 0x7f23acfab640>,41,13,[ 1 14],42,-1,96,-1,83
1,<environment.Job instance at 0x7f23ad323d20>,43,23,[12  2],44,-1,106,-1,83
1,<environment.Job instance at 0x7f23ad3232d0>,44,18,[ 4 12],45,-1,101,-1,83
1,<environment.Job instance at 0x7f23ad323e10>,45,25,[6 5],46,-1,108,-1,83
1,<environment.Job instance at 0x7f23ad49f960>,47,27,[5 9],48,-1,119,-1,92
1,<environment.Job instance at 0x7f23ad49fb40>,48,27,[2 6],49,-1,119,-1,92
1,<environment.Job instance at 0x7f23ad49f5a0>,49,17,[ 4 14],50,-1,109,-1,92
1,<environment.Job instance at 0x7f23ad49f910>,50,15,[ 2 14],51,-1,107,-1,92
1,<environment.Job instance at 0x7f23ad49f7d0>,51,17,[ 5 13],52,-1,109,-1,92
1,<environment.Job instance at 0x7f23ad49f320>,52,23,[12  3],53,-1,115,-1,92
1,<environment.Job instance at 0x7f23ad49f4b0>,53,20,[14  1],54,-1,112,-1,92
1,<environment.Job instance at 0x7f23ad31d6e0>,58,25,[ 1 10],59,-1,159,-1,134
1,<environment.Job instance at 0x7f23ad31d730>,60,18,[14  3],61,-1,158,-1,140
1,<environment.Job instance at 0x7f23ad605be0>,3,12,[ 2 13],4,-1,16,-1,4
1,<environment.Job instance at 0x7f23ad6051e0>,8,25,[14  5],9,-1,34,-1,9
1,<environment.Job instance at 0x7f23ad6053c0>,9,27,[6 1],10,-1,37,-1,10
1,<environment.Job instance at 0x7f23adc3df50>,11,13,[12  5],12,-1,25,-1,12
1,<environment.Job instance at 0x7f23adc3d5f0>,12,14,[7 1],13,-1,27,-1,13
1,<environment.Job instance at 0x7f23adc3d870>,13,16,[11  4],14,-1,30,-1,14
1,<environment.Job instance at 0x7f23adc140a0>,18,22,[ 3 14],19,-1,65,-1,43
1,<environment.Job instance at 0x7f23adc14f50>,19,26,[2 7],20,-1,69,-1,43
1,<environment.Job instance at 0x7f23adc143c0>,20,23,[10  3],21,-1,66,-1,43
1,<environment.Job instance at 0x7f23adc14f00>,21,16,[14  1],22,-1,59,-1,43
1,<environment.Job instance at 0x7f23adc145a0>,22,23,[13  2],23,-1,66,-1,43
1,<environment.Job instance at 0x7f23ad61c230>,23,25,[4 5],24,-1,68,-1,43
1,<environment.Job instance at 0x7f23ad61c410>,24,21,[14  1],25,-1,64,-1,43
1,<environment.Job instance at 0x7f23ad61c550>,25,18,[11  1],26,-1,61,-1,43
1,<environment.Job instance at 0x7f23ad61c0a0>,26,19,[ 3 12],27,-1,62,-1,43
1,<environment.Job instance at 0x7f23ad616f50>,28,18,[12  5],29,-1,65,-1,47
1,<environment.Job instance at 0x7f23ad6165f0>,29,27,[13  3],30,-1,74,-1,47
1,<environment.Job instance at 0x7f23ad616af0>,31,27,[4 6],32,-1,88,-1,61
1,<environment.Job instance at 0x7f23ad616cd0>,32,14,[14  1],33,-1,75,-1,61
1,<environment.Job instance at 0x7f23ad616050>,33,16,[ 4 12],34,-1,77,-1,61
1,<environment.Job instance at 0x7f23ad616230>,34,17,[14  4],35,-1,78,-1,61
1,<environment.Job instance at 0x7f23ad616410>,36,17,[ 5 14],37,-1,78,-1,61
1,<environment.Job instance at 0x7f23ad616a50>,37,25,[11  4],38,-1,86,-1,61
1,<environment.Job instance at 0x7f23ad616690>,38,21,[2 6],39,-1,82,-1,61
1,<environment.Job instance at 0x7f23ad6167d0>,39,22,[5 7],40,-1,83,-1,61
1,<environment.Job instance at 0x7f23ad6169b0>,40,19,[1 7],41,-1,80,-1,61
1,<environment.Job instance at 0x7f23ad699a50>,41,27,[ 1 11],42,-1,88,-1,61
1,<environment.Job instance at 0x7f23adc058c0>,42,12,[8 4],43,-1,74,-1,62
1,<environment.Job instance at 0x7f23ad5f59b0>,43,26,[11  2],44,-1,88,-1,62
1,<environment.Job instance at 0x7f23adc216e0>,46,24,[9 2],47,-1,98,-1,74
1,<environment.Job instance at 0x7f23adc3de10>,47,27,[ 5 14],48,-1,101,-1,74
1,<environment.Job instance at 0x7f23ace35fa0>,49,20,[ 2 13],50,-1,108,-1,88
1,<environment.Job instance at 0x7f23ace32d70>,50,26,[ 4 14],51,-1,114,-1,88
1,<environment.Job instance at 0x7f23acdefd70>,52,16,[ 1 11],53,-1,106,-1,90
1,<environment.Job instance at 0x7f23ad69d190>,53,15,[14  5],54,-1,105,-1,90
1,<environment.Job instance at 0x7f23ace4c190>,54,17,[13  1],55,-1,107,-1,90
1,<environment.Job instance at 0x7f23ace32370>,55,23,[ 4 11],56,-1,113,-1,90
1,<environment.Job instance at 0x7f23adc3a820>,56,21,[ 5 14],57,-1,111,-1,90
1,<environment.Job instance at 0x7f23acdffa00>,57,17,[13  3],58,-1,107,-1,90
1,<environment.Job instance at 0x7f23acdff6e0>,59,16,[ 3 10],60,-1,117,-1,101
1,<environment.Job instance at 0x7f23ace11460>,60,14,[13  2],61,-1,115,-1,101
1,<environment.Job instance at 0x7f23ace03730>,63,27,[5 5],64,-1,132,-1,105
1,<environment.Job instance at 0x7f23ace03410>,65,28,[ 5 11],66,-1,137,-1,109
1,<environment.Job instance at 0x7f23aded4fa0>,66,19,[11  5],67,-1,128,-1,109
1,<environment.Job instance at 0x7f23adc14550>,67,27,[ 2 14],68,-1,136,-1,109
1,<environment.Job instance at 0x7f23ad616460>,68,23,[3 7],69,-1,132,-1,109
1,<environment.Job instance at 0x7f23ace1e0a0>,71,25,[5 8],72,-1,156,-1,131
1,<environment.Job instance at 0x7f23ace1e140>,72,23,[ 3 12],73,-1,154,-1,131
1,<environment.Job instance at 0x7f23ace1d320>,73,20,[11  5],74,-1,151,-1,131
1,<environment.Job instance at 0x7f23ace1daa0>,75,24,[6 1],76,-1,155,-1,131
1,<environment.Job instance at 0x7f23ace1d6e0>,76,26,[ 1 12],77,-1,157,-1,131
1,<environment.Job instance at 0x7f23ace1ddc0>,77,13,[12  3],78,-1,144,-1,131
1,<environment.Job instance at 0x7f23ace1d140>,78,25,[1 5],79,-1,156,-1,131
1,<environment.Job instance at 0x7f23ace1d5a0>,81,25,[2 7],82,-1,197,-1,172
1,<environment.Job instance at 0x7f23ace1d460>,82,23,[10  4],83,-1,195,-1,172
1,<environment.Job instance at 0x7f23ace1d8c0>,83,21,[ 3 14],84,-1,193,-1,172
1,<environment.Job instance at 0x7f23acdef280>,1,16,[ 1 13],2,-1,18,-1,2
1,<environment.Job instance at 0x7f23ad6057d0>,2,25,[4 9],3,-1,28,-1,3
1,<environment.Job instance at 0x7f23ace1d960>,5,14,[13  2],6,-1,20,-1,6
1,<environment.Job instance at 0x7f23acdebf50>,4,14,[13  3],5,-1,20,-1,6
1,<environment.Job instance at 0x7f23acdeb460>,7,28,[9 2],8,-1,36,-1,8
1,<environment.Job instance at 0x7f23acdeb6e0>,8,28,[12  3],9,-1,37,-1,9
1,<environment.Job instance at 0x7f23ace69690>,17,16,[12  1],18,-1,66,-1,50
1,<environment.Job instance at 0x7f23ace69e10>,18,21,[1 7],19,-1,71,-1,50
1,<environment.Job instance at 0x7f23ace69af0>,20,28,[ 1 11],21,-1,78,-1,50
1,<environment.Job instance at 0x7f23ace69190>,21,22,[8 3],22,-1,72,-1,50
1,<environment.Job instance at 0x7f23ace69b90>,22,28,[14  4],23,-1,78,-1,50
1,<environment.Job instance at 0x7f23ace69be0>,23,27,[13  4],24,-1,77,-1,50
1,<environment.Job instance at 0x7f23ace69c30>,24,12,[ 5 11],25,-1,62,-1,50
1,<environment.Job instance at 0x7f23ace69a00>,25,12,[6 4],26,-1,62,-1,50
1,<environment.Job instance at 0x7f23ace690a0>,26,17,[14  2],27,-1,67,-1,50
1,<environment.Job instance at 0x7f23ace69550>,27,17,[ 1 12],28,-1,67,-1,50
1,<environment.Job instance at 0x7f23ace69910>,29,22,[ 3 14],30,-1,78,-1,56
1,<environment.Job instance at 0x7f23ace56370>,30,15,[ 2 11],31,-1,71,-1,56
1,<environment.Job instance at 0x7f23ace561e0>,31,22,[ 2 13],32,-1,78,-1,56
1,<environment.Job instance at 0x7f23ace56be0>,32,21,[2 5],33,-1,78,-1,57
1,<environment.Job instance at 0x7f23ace56e10>,33,26,[ 4 14],34,-1,83,-1,57
1,<environment.Job instance at 0x7f23ace56eb0>,36,23,[10  3],37,-1,92,-1,69
1,<environment.Job instance at 0x7f23ace564b0>,37,23,[8 2],38,-1,92,-1,69
1,<environment.Job instance at 0x7f23ace565f0>,38,26,[ 2 11],39,-1,95,-1,69
1,<environment.Job instance at 0x7f23ace562d0>,39,27,[6 4],40,-1,96,-1,69
1,<environment.Job instance at 0x7f23ace57eb0>,40,25,[ 4 14],41,-1,94,-1,69
1,<environment.Job instance at 0x7f23ace57230>,42,18,[ 2 12],43,-1,104,-1,86
1,<environment.Job instance at 0x7f23ace57320>,44,24,[13  5],45,-1,110,-1,86
1,<environment.Job instance at 0x7f23ace57be0>,45,12,[ 4 13],46,-1,98,-1,86
1,<environment.Job instance at 0x7f23ace576e0>,46,27,[14  3],47,-1,113,-1,86
1,<environment.Job instance at 0x7f23ace57e60>,47,22,[7 2],48,-1,119,-1,97
1,<environment.Job instance at 0x7f23ace57c30>,49,27,[12  5],50,-1,131,-1,104
1,<environment.Job instance at 0x7f23ace57fa0>,51,13,[11  1],52,-1,117,-1,104
1,<environment.Job instance at 0x7f23ace572d0>,52,26,[ 1 13],53,-1,130,-1,104
1,<environment.Job instance at 0x7f23ace57aa0>,53,13,[ 1 13],54,-1,117,-1,104
1,<environment.Job instance at 0x7f23ace57cd0>,54,18,[12  5],55,-1,122,-1,104
1,<environment.Job instance at 0x7f23ace32690>,55,24,[ 5 12],56,-1,128,-1,104
1,<environment.Job instance at 0x7f23ace321e0>,56,22,[ 3 14],57,-1,126,-1,104
1,<environment.Job instance at 0x7f23ace32500>,59,20,[3 9],60,-1,147,-1,127
1,<environment.Job instance at 0x7f23ace32910>,61,24,[4 5],62,-1,151,-1,127
1,<environment.Job instance at 0x7f23ace32dc0>,63,12,[13  3],64,-1,141,-1,129
1,<environment.Job instance at 0x7f23ace32e10>,64,25,[ 5 10],65,-1,154,-1,129
1,<environment.Job instance at 0x7f23ace32320>,65,16,[6 1],66,-1,145,-1,129
1,<environment.Job instance at 0x7f23ace32820>,66,14,[11  2],67,-1,143,-1,129
1,<environment.Job instance at 0x7f23ace32a00>,67,15,[ 3 14],68,-1,144,-1,129
1,<environment.Job instance at 0x7f23ace32cd0>,69,27,[13  4],70,-1,163,-1,136
1,<environment.Job instance at 0x7f23ace32140>,72,15,[ 4 14],73,-1,166,-1,151
1,<environment.Job instance at 0x7f23ace328c0>,73,12,[ 1 14],74,-1,163,-1,151
1,<environment.Job instance at 0x7f23ace506e0>,74,20,[ 1 12],75,-1,171,-1,151
1,<environment.Job instance at 0x7f23ace50af0>,75,13,[9 5],76,-1,170,-1,157
1,<environment.Job instance at 0x7f23ace50a50>,77,14,[ 4 12],78,-1,183,-1,169
1,<environment.Job instance at 0x7f23ace502d0>,79,25,[ 1 14],80,-1,194,-1,169
1,<environment.Job instance at 0x7f23ace50d70>,80,14,[11  5],81,-1,183,-1,169
1,<environment.Job instance at 0x7f23ace505a0>,82,23,[ 4 13],83,-1,202,-1,179
1,<environment.Job instance at 0x7f23ace50e10>,83,19,[11  1],84,-1,198,-1,179
1,<environment.Job instance at 0x7f23ace50fa0>,84,26,[11  4],85,-1,205,-1,179
1,<environment.Job instance at 0x7f23ace02550>,4,27,[11  4],5,-1,32,-1,5
1,<environment.Job instance at 0x7f23ace02f00>,10,22,[12  5],11,-1,40,-1,18
1,<environment.Job instance at 0x7f23ace039b0>,14,14,[ 1 11],15,-1,59,-1,45
1,<environment.Job instance at 0x7f23ace031e0>,15,27,[10  2],16,-1,72,-1,45
1,<environment.Job instance at 0x7f23ace03b40>,16,27,[13  1],17,-1,72,-1,45
1,<environment.Job instance at 0x7f23ace03c30>,18,26,[12  3],19,-1,71,-1,45
1,<environment.Job instance at 0x7f23ace038c0>,20,23,[13  4],21,-1,83,-1,60
1,<environment.Job instance at 0x7f23ace03aa0>,21,25,[ 4 12],22,-1,85,-1,60
1,<environment.Job instance at 0x7f23ace03460>,22,26,[5 5],23,-1,86,-1,60
1,<environment.Job instance at 0x7f23ace037d0>,25,25,[ 2 10],26,-1,103,-1,78
1,<environment.Job instance at 0x7f23ace03190>,26,14,[11  3],27,-1,92,-1,78
1,<environment.Job instance at 0x7f23ad4988c0>,30,21,[9 1],31,-1,127,-1,106
1,<environment.Job instance at 0x7f23ad498a50>,31,19,[ 3 11],32,-1,125,-1,106
1,<environment.Job instance at 0x7f23ad4982d0>,34,27,[5 6],35,-1,148,-1,121
1,<environment.Job instance at 0x7f23ad498230>,36,25,[9 4],37,-1,146,-1,121
1,<environment.Job instance at 0x7f23ad498640>,37,25,[12  3],38,-1,146,-1,121
1,<environment.Job instance at 0x7f23ad69d500>,38,26,[ 3 10],39,-1,147,-1,121
1,<environment.Job instance at 0x7f23ad69d410>,41,27,[ 5 14],42,-1,161,-1,134
1,<environment.Job instance at 0x7f23ad69d320>,42,17,[14  2],43,-1,151,-1,134
1,<environment.Job instance at 0x7f23ad69d6e0>,43,15,[12  2],44,-1,149,-1,134
1,<environment.Job instance at 0x7f23ad69dcd0>,44,20,[12  3],45,-1,154,-1,134
1,<environment.Job instance at 0x7f23ad69deb0>,46,26,[13  3],47,-1,171,-1,145
1,<environment.Job instance at 0x7f23ad69d9b0>,47,23,[9 5],48,-1,168,-1,145
1,<environment.Job instance at 0x7f23ad69d820>,48,27,[7 3],49,-1,172,-1,145
1,<environment.Job instance at 0x7f23ad69d780>,49,22,[3 9],50,-1,167,-1,145
1,<environment.Job instance at 0x7f23adc29550>,50,13,[13  3],51,-1,158,-1,145
1,<environment.Job instance at 0x7f23adc29190>,51,12,[12  5],52,-1,157,-1,145
1,<environment.Job instance at 0x7f23adc29aa0>,52,14,[12  5],53,-1,159,-1,145
1,<environment.Job instance at 0x7f23adc29d70>,53,22,[14  5],54,-1,167,-1,145
1,<environment.Job instance at 0x7f23adc29eb0>,55,22,[10  3],56,-1,183,-1,161
1,<environment.Job instance at 0x7f23adc29c30>,57,14,[12  5],58,-1,175,-1,161
1,<environment.Job instance at 0x7f23ad260730>,58,14,[12  2],59,-1,175,-1,161
1,<environment.Job instance at 0x7f23ad260050>,59,23,[ 5 11],60,-1,184,-1,161
1,<environment.Job instance at 0x7f23ad260370>,61,14,[ 3 11],62,-1,175,-1,161
1,<environment.Job instance at 0x7f23ad260190>,62,15,[11  2],63,-1,176,-1,161
1,<environment.Job instance at 0x7f23ad260870>,63,17,[ 5 11],64,-1,178,-1,161
1,<environment.Job instance at 0x7f23ad1c9a50>,3,19,[12  4],4,-1,23,-1,4
1,<environment.Job instance at 0x7f23ae3b2aa0>,20,12,[ 3 11],21,-1,155,-1,143
1,<environment.Job instance at 0x7f23ae3acdc0>,24,16,[14  2],25,-1,172,-1,156
1,<environment.Job instance at 0x7f23ae3ac8c0>,25,23,[ 1 11],26,-1,179,-1,156
1,<environment.Job instance at 0x7f23ae3acb40>,27,24,[12  4],28,-1,193,-1,169
1,<environment.Job instance at 0x7f23ae3ac500>,28,16,[11  3],29,-1,192,-1,176
1,<environment.Job instance at 0x7f23ae3ac500>,2,27,[7 2],3,-1,30,-1,3
1,<environment.Job instance at 0x7f23adfc33c0>,3,12,[13  2],4,-1,16,-1,4
1,<environment.Job instance at 0x7f23adfc3500>,5,12,[ 2 14],6,-1,18,-1,6
1,<environment.Job instance at 0x7f23adfc30a0>,6,17,[ 1 12],7,-1,24,-1,7
1,<environment.Job instance at 0x7f23adfc38c0>,7,22,[13  4],8,-1,30,-1,8
1,<environment.Job instance at 0x7f23adfc3730>,8,18,[ 5 12],9,-1,27,-1,9
1,<environment.Job instance at 0x7f23adfc3e10>,9,25,[12  1],10,-1,35,-1,10
1,<environment.Job instance at 0x7f23adfc31e0>,10,26,[12  2],11,-1,37,-1,11
1,<environment.Job instance at 0x7f23adfc3af0>,11,25,[4 8],12,-1,37,-1,12
1,<environment.Job instance at 0x7f23adfc3410>,13,12,[13  2],14,-1,26,-1,14
1,<environment.Job instance at 0x7f23adfc34b0>,15,26,[2 8],16,-1,43,-1,17
1,<environment.Job instance at 0x7f23adfc3e60>,18,14,[ 2 13],19,-1,33,-1,19
1,<environment.Job instance at 0x7f23adfc35f0>,21,23,[8 4],22,-1,47,-1,24
1,<environment.Job instance at 0x7f23adfc3d70>,23,18,[11  3],24,-1,42,-1,24
1,<environment.Job instance at 0x7f23ad7c40f0>,25,13,[12  1],26,-1,41,-1,28
1,<environment.Job instance at 0x7f23ad7c41e0>,26,12,[12  5],27,-1,40,-1,28
1,<environment.Job instance at 0x7f23ad7c4f50>,27,12,[ 3 12],28,-1,40,-1,28
1,<environment.Job instance at 0x7f23ad7c4780>,29,23,[4 9],30,-1,58,-1,35
1,<environment.Job instance at 0x7f23ad7c4eb0>,31,27,[2 7],32,-1,69,-1,42
1,<environment.Job instance at 0x7f23ad7c4e60>,34,14,[ 2 11],35,-1,80,-1,66
1,<environment.Job instance at 0x7f23ad7c49b0>,35,23,[ 3 14],36,-1,89,-1,66
1,<environment.Job instance at 0x7f23ad7c4d70>,37,15,[ 2 13],38,-1,81,-1,66
1,<environment.Job instance at 0x7f23ad7c4f00>,38,27,[11  5],39,-1,93,-1,66
1,<environment.Job instance at 0x7f23ad7c45a0>,39,21,[ 5 13],40,-1,87,-1,66
1,<environment.Job instance at 0x7f23ad7c47d0>,40,14,[12  4],41,-1,80,-1,66
1,<environment.Job instance at 0x7f23ad7c4690>,42,28,[14  3],43,-1,99,-1,71
1,<environment.Job instance at 0x7f23ad7c4910>,44,22,[ 5 12],45,-1,101,-1,79
1,<environment.Job instance at 0x7f23ad7c45f0>,45,24,[ 1 14],46,-1,103,-1,79
1,<environment.Job instance at 0x7f23ad79a5f0>,46,25,[ 1 14],47,-1,104,-1,79
1,<environment.Job instance at 0x7f23ad79aa00>,47,12,[ 4 10],48,-1,91,-1,79
1,<environment.Job instance at 0x7f23ad79abe0>,49,21,[14  3],50,-1,106,-1,85
1,<environment.Job instance at 0x7f23ad79a730>,50,17,[11  1],51,-1,102,-1,85
1,<environment.Job instance at 0x7f23ad79adc0>,51,28,[6 4],52,-1,113,-1,85
1,<environment.Job instance at 0x7f23ad79a640>,54,17,[ 2 12],55,-1,120,-1,103
1,<environment.Job instance at 0x7f23ad79aaa0>,55,28,[5 9],56,-1,131,-1,103
1,<environment.Job instance at 0x7f23ad79a8c0>,56,26,[11  4],57,-1,129,-1,103
1,<environment.Job instance at 0x7f23ad79a500>,57,14,[ 2 13],58,-1,117,-1,103
1,<environment.Job instance at 0x7f23ad79ab90>,58,25,[11  1],59,-1,128,-1,103
1,<environment.Job instance at 0x7f23ad794730>,60,25,[ 2 12],61,-1,141,-1,116
1,<environment.Job instance at 0x7f23ad794550>,61,14,[12  5],62,-1,130,-1,116
1,<environment.Job instance at 0x7f23ad794af0>,63,13,[13  1],64,-1,135,-1,122
1,<environment.Job instance at 0x7f23ad794410>,64,14,[13  3],65,-1,136,-1,122
1,<environment.Job instance at 0x7f23ad794460>,66,25,[ 4 10],67,-1,155,-1,130
1,<environment.Job instance at 0x7f23ad794aa0>,67,19,[ 5 11],68,-1,149,-1,130
1,<environment.Job instance at 0x7f23ad794d70>,68,15,[12  1],69,-1,145,-1,130
1,<environment.Job instance at 0x7f23ad794690>,69,22,[10  1],70,-1,171,-1,149
1,<environment.Job instance at 0x7f23ad794820>,71,24,[ 2 11],72,-1,173,-1,149
1,<environment.Job instance at 0x7f23ad794cd0>,72,20,[ 1 14],73,-1,169,-1,149
1,<environment.Job instance at 0x7f23ad794b90>,73,19,[ 3 14],74,-1,168,-1,149
1,<environment.Job instance at 0x7f23ad7940a0>,78,21,[ 1 11],79,-1,187,-1,166
1,<environment.Job instance at 0x7f23ad7a1eb0>,79,20,[ 5 13],80,-1,186,-1,166
1,<environment.Job instance at 0x7f23ad7a1550>,80,27,[ 5 13],81,-1,193,-1,166
1,<environment.Job instance at 0x7f23ad7a1500>,81,15,[ 3 13],82,-1,181,-1,166
1,<environment.Job instance at 0x7f23ad7a1820>,83,18,[ 2 12],84,-1,185,-1,167
1,<environment.Job instance at 0x7f23ad7a16e0>,2,16,[14  5],3,-1,19,-1,3
1,<environment.Job instance at 0x7f23ad952a00>,4,24,[ 5 11],5,-1,29,-1,5
1,<environment.Job instance at 0x7f23ad8da3c0>,6,25,[5 8],7,-1,32,-1,7
1,<environment.Job instance at 0x7f23ad93d500>,10,25,[ 1 14],11,-1,38,-1,13
1,<environment.Job instance at 0x7f23ad93daf0>,11,25,[7 1],12,-1,38,-1,13
1,<environment.Job instance at 0x7f23ad93dc30>,15,28,[ 3 11],16,-1,70,-1,42
1,<environment.Job instance at 0x7f23ad93d370>,17,16,[14  5],18,-1,73,-1,57
1,<environment.Job instance at 0x7f23ad93d190>,18,28,[6 3],19,-1,85,-1,57
1,<environment.Job instance at 0x7f23ad1a73c0>,19,13,[14  3],20,-1,70,-1,57
1,<environment.Job instance at 0x7f23ad8e8500>,21,14,[ 2 12],22,-1,72,-1,58
1,<environment.Job instance at 0x7f23ad8e7c80>,22,19,[13  3],23,-1,77,-1,58
1,<environment.Job instance at 0x7f23adbd4e10>,23,21,[ 3 14],24,-1,79,-1,58
1,<environment.Job instance at 0x7f23ad8e7d70>,24,16,[ 2 12],25,-1,74,-1,58
1,<environment.Job instance at 0x7f23ad942460>,25,23,[3 9],26,-1,97,-1,74
1,<environment.Job instance at 0x7f23ad942e60>,27,25,[ 1 14],28,-1,101,-1,76
1,<environment.Job instance at 0x7f23ad942960>,28,14,[ 1 11],29,-1,90,-1,76
1,<environment.Job instance at 0x7f23ad942230>,30,25,[2 8],31,-1,101,-1,76
1,<environment.Job instance at 0x7f23ad6ac690>,33,16,[13  2],34,-1,105,-1,89
1,<environment.Job instance at 0x7f23adf33d20>,35,12,[ 3 11],36,-1,112,-1,100
1,<environment.Job instance at 0x7f23ad6e91e0>,36,13,[11  3],37,-1,113,-1,100
1,<environment.Job instance at 0x7f23ad3984b0>,40,25,[ 1 13],41,-1,152,-1,127
1,<environment.Job instance at 0x7f23ad973500>,41,22,[14  2],42,-1,149,-1,127
1,<environment.Job instance at 0x7f23ad6e64b0>,42,24,[7 4],43,-1,152,-1,128
1,<environment.Job instance at 0x7f23adf20b90>,43,17,[ 5 11],44,-1,145,-1,128
1,<environment.Job instance at 0x7f23ad3a3d20>,44,20,[ 5 11],45,-1,148,-1,128
1,<environment.Job instance at 0x7f23ad973b90>,45,21,[13  4],46,-1,149,-1,128
1,<environment.Job instance at 0x7f23ad376d20>,46,25,[12  4],47,-1,153,-1,128
1,<environment.Job instance at 0x7f23ad95edc0>,48,12,[13  4],49,-1,153,-1,141
1,<environment.Job instance at 0x7f23ad95e8c0>,49,21,[ 4 12],50,-1,162,-1,141
1,<environment.Job instance at 0x7f23adafe730>,50,13,[ 2 12],51,-1,154,-1,141
1,<environment.Job instance at 0x7f23adafe5a0>,51,25,[3 8],52,-1,166,-1,141
1,<environment.Job instance at 0x7f23ad95ecd0>,52,21,[12  5],53,-1,162,-1,141
1,<environment.Job instance at 0x7f23adac49b0>,53,21,[ 5 11],54,-1,162,-1,141
1,<environment.Job instance at 0x7f23adac4b90>,55,21,[12  4],56,-1,183,-1,162
1,<environment.Job instance at 0x7f23adac9f50>,56,18,[12  3],57,-1,180,-1,162
1,<environment.Job instance at 0x7f23adac9f00>,2,19,[ 1 11],3,-1,22,-1,3
1,<environment.Job instance at 0x7f23ad7ce2d0>,4,27,[12  1],5,-1,32,-1,5
1,<environment.Job instance at 0x7f23adb9ef50>,6,13,[11  3],7,-1,20,-1,7
1,<environment.Job instance at 0x7f23ad7cea00>,5,19,[14  2],6,-1,26,-1,7
1,<environment.Job instance at 0x7f23ad7ce870>,7,20,[14  5],8,-1,28,-1,8
1,<environment.Job instance at 0x7f23ad7cef50>,9,13,[6 2],10,-1,26,-1,13
1,<environment.Job instance at 0x7f23ad7ceaa0>,13,14,[ 2 13],14,-1,28,-1,14
1,<environment.Job instance at 0x7f23ad7ceb90>,14,28,[ 5 14],15,-1,43,-1,15
1,<environment.Job instance at 0x7f23ad7ce640>,16,22,[10  2],17,-1,98,-1,76
1,<environment.Job instance at 0x7f23ad7ced70>,20,26,[10  2],21,-1,102,-1,76
1,<environment.Job instance at 0x7f23ae3a0be0>,21,15,[11  1],22,-1,91,-1,76
1,<environment.Job instance at 0x7f23ae3a0690>,22,21,[13  4],23,-1,97,-1,76
1,<environment.Job instance at 0x7f23ae3a0fa0>,23,20,[ 2 11],24,-1,96,-1,76
1,<environment.Job instance at 0x7f23ae3a0820>,25,22,[8 4],26,-1,99,-1,77
1,<environment.Job instance at 0x7f23ae3a0190>,26,15,[11  1],27,-1,92,-1,77
1,<environment.Job instance at 0x7f23ae3a01e0>,27,27,[ 1 11],28,-1,104,-1,77
1,<environment.Job instance at 0x7f23ae3a0aa0>,28,27,[ 1 10],29,-1,104,-1,77
1,<environment.Job instance at 0x7f23ae3a0280>,29,22,[3 5],30,-1,99,-1,77
1,<environment.Job instance at 0x7f23ae3a07d0>,30,14,[ 4 11],31,-1,91,-1,77
1,<environment.Job instance at 0x7f23ae3a0640>,31,13,[14  1],32,-1,90,-1,77
1,<environment.Job instance at 0x7f23ae3a0500>,33,16,[ 1 10],34,-1,94,-1,78
1,<environment.Job instance at 0x7f23ae3a0a00>,34,12,[ 2 10],35,-1,90,-1,78
1,<environment.Job instance at 0x7f23ae3a0960>,35,12,[9 5],36,-1,90,-1,78
1,<environment.Job instance at 0x7f23ae3a00a0>,36,21,[3 7],37,-1,107,-1,86
1,<environment.Job instance at 0x7f23ae3a0870>,37,26,[2 5],38,-1,112,-1,86
1,<environment.Job instance at 0x7f23ae3a0730>,38,28,[4 8],39,-1,114,-1,86
1,<environment.Job instance at 0x7f23ae3a0b40>,39,28,[1 5],40,-1,114,-1,86
1,<environment.Job instance at 0x7f23ae3a09b0>,40,27,[9 5],41,-1,113,-1,86
1,<environment.Job instance at 0x7f23ae3a0e60>,41,21,[9 1],42,-1,143,-1,122
1,<environment.Job instance at 0x7f23ad755e60>,44,20,[ 4 13],45,-1,142,-1,122
1,<environment.Job instance at 0x7f23ad755a00>,45,19,[11  2],46,-1,141,-1,122
1,<environment.Job instance at 0x7f23ad755cd0>,46,26,[ 3 10],47,-1,148,-1,122
1,<environment.Job instance at 0x7f23ad755aa0>,47,13,[12  3],48,-1,135,-1,122
1,<environment.Job instance at 0x7f23ad755c80>,48,19,[ 2 11],49,-1,141,-1,122
1,<environment.Job instance at 0x7f23ad7550f0>,49,17,[ 5 14],50,-1,139,-1,122
1,<environment.Job instance at 0x7f23ad755690>,50,25,[9 1],51,-1,147,-1,122
1,<environment.Job instance at 0x7f23ad755c30>,54,28,[1 5],55,-1,182,-1,154
1,<environment.Job instance at 0x7f23ad755320>,55,24,[ 3 13],56,-1,178,-1,154
1,<environment.Job instance at 0x7f23ad755870>,57,24,[14  5],58,-1,178,-1,154
1,<environment.Job instance at 0x7f23ad755140>,58,25,[7 4],59,-1,179,-1,154
1,<environment.Job instance at 0x7f23ad755370>,59,27,[ 1 11],60,-1,181,-1,154
1,<environment.Job instance at 0x7f23ad755a50>,62,23,[ 5 14],63,-1,200,-1,177
1,<environment.Job instance at 0x7f23ad7559b0>,63,16,[ 2 13],64,-1,193,-1,177
1,<environment.Job instance at 0x7f23acd110a0>,4,25,[10  3],5,-1,30,-1,5
1,<environment.Job instance at 0x7f23acd11d20>,5,28,[4 6],6,-1,34,-1,6
1,<environment.Job instance at 0x7f23acbf1500>,7,18,[11  5],8,-1,26,-1,8
1,<environment.Job instance at 0x7f23acd11730>,8,23,[ 1 10],9,-1,33,-1,10
1,<environment.Job instance at 0x7f23acc2ea00>,12,13,[ 3 10],13,-1,27,-1,14
1,<environment.Job instance at 0x7f23acc2e4b0>,13,24,[11  4],14,-1,38,-1,14
1,<environment.Job instance at 0x7f23acc2ed20>,14,21,[13  3],15,-1,36,-1,15
1,<environment.Job instance at 0x7f23acc2e640>,15,14,[12  3],16,-1,30,-1,16
1,<environment.Job instance at 0x7f23acc2e230>,19,22,[3 7],20,-1,175,-1,153
1,<environment.Job instance at 0x7f23acc2e7d0>,27,17,[ 3 14],28,-1,170,-1,153
1,<environment.Job instance at 0x7f23acc2e5a0>,28,16,[12  1],29,-1,169,-1,153
1,<environment.Job instance at 0x7f23acc2ef00>,29,23,[7 3],30,-1,176,-1,153
1,<environment.Job instance at 0x7f23acc2e370>,30,17,[13  3],31,-1,170,-1,153
1,<environment.Job instance at 0x7f23acc2e0a0>,32,12,[ 5 11],33,-1,165,-1,153
1,<environment.Job instance at 0x7f23acc2ee60>,33,12,[ 4 14],34,-1,165,-1,153
1,<environment.Job instance at 0x7f23acc2e140>,34,27,[13  3],35,-1,180,-1,153
1,<environment.Job instance at 0x7f23acc95320>,2,26,[ 2 14],3,-1,29,-1,3
1,<environment.Job instance at 0x7f23acc95f00>,5,21,[11  3],6,-1,28,-1,7
1,<environment.Job instance at 0x7f23ae0f5640>,7,13,[14  1],8,-1,21,-1,8
1,<environment.Job instance at 0x7f23b6f24640>,8,18,[ 2 14],9,-1,27,-1,9
1,<environment.Job instance at 0x7f23ad661140>,11,22,[8 4],12,-1,39,-1,17
1,<environment.Job instance at 0x7f23acf04870>,14,15,[ 2 12],15,-1,44,-1,29
1,<environment.Job instance at 0x7f23acf04cd0>,15,25,[ 3 10],16,-1,54,-1,29
1,<environment.Job instance at 0x7f23acf046e0>,18,19,[12  2],19,-1,65,-1,46
1,<environment.Job instance at 0x7f23acf048c0>,20,25,[12  1],21,-1,84,-1,59
1,<environment.Job instance at 0x7f23acf04050>,21,19,[ 1 11],22,-1,78,-1,59
1,<environment.Job instance at 0x7f23acf045f0>,23,12,[ 4 11],24,-1,71,-1,59
1,<environment.Job instance at 0x7f23ae45c140>,24,15,[14  4],25,-1,74,-1,59
1,<environment.Job instance at 0x7f23ae45c7d0>,25,26,[ 1 11],26,-1,85,-1,59
1,<environment.Job instance at 0x7f23ae45caf0>,27,24,[11  5],28,-1,103,-1,79
1,<environment.Job instance at 0x7f23ae45c320>,28,21,[1 6],29,-1,100,-1,79
1,<environment.Job instance at 0x7f23ae45cf50>,29,27,[9 2],30,-1,106,-1,79
1,<environment.Job instance at 0x7f23ae45c6e0>,30,14,[ 3 11],31,-1,93,-1,79
1,<environment.Job instance at 0x7f23ae45c690>,31,17,[13  5],32,-1,96,-1,79
1,<environment.Job instance at 0x7f23ae45c050>,32,19,[14  2],33,-1,98,-1,79
1,<environment.Job instance at 0x7f23ae45c5a0>,33,14,[11  1],34,-1,93,-1,79
1,<environment.Job instance at 0x7f23ae45c960>,34,24,[5 6],35,-1,103,-1,79
1,<environment.Job instance at 0x7f23ae45c460>,35,23,[3 6],36,-1,102,-1,79
1,<environment.Job instance at 0x7f23ae45c0a0>,36,14,[12  3],37,-1,93,-1,79
1,<environment.Job instance at 0x7f23ae45c500>,37,13,[ 3 13],38,-1,92,-1,79
1,<environment.Job instance at 0x7f23ae45c730>,38,12,[14  1],39,-1,91,-1,79
1,<environment.Job instance at 0x7f23ae45cb40>,39,23,[5 8],40,-1,102,-1,79
1,<environment.Job instance at 0x7f23ae45c870>,40,12,[14  5],41,-1,91,-1,79
1,<environment.Job instance at 0x7f23ae45c550>,41,17,[ 5 12],42,-1,96,-1,79
1,<environment.Job instance at 0x7f23ae45cb90>,42,26,[9 4],43,-1,105,-1,79
1,<environment.Job instance at 0x7f23ae45c410>,43,18,[ 3 11],44,-1,97,-1,79
1,<environment.Job instance at 0x7f23ae45c910>,46,12,[ 2 14],47,-1,91,-1,79
1,<environment.Job instance at 0x7f23ada6f9b0>,48,13,[10  2],49,-1,106,-1,93
1,<environment.Job instance at 0x7f23ada6f820>,49,12,[13  4],50,-1,105,-1,93
1,<environment.Job instance at 0x7f23ada6feb0>,52,26,[12  4],53,-1,134,-1,108
1,<environment.Job instance at 0x7f23ada6f230>,53,19,[1 7],54,-1,127,-1,108
1,<environment.Job instance at 0x7f23ada6f280>,54,13,[ 4 12],55,-1,121,-1,108
1,<environment.Job instance at 0x7f23ada6fa50>,55,23,[ 3 12],56,-1,131,-1,108
1,<environment.Job instance at 0x7f23ada6fd70>,58,18,[12  1],59,-1,140,-1,122
1,<environment.Job instance at 0x7f23ada6f640>,59,12,[7 3],60,-1,134,-1,122
1,<environment.Job instance at 0x7f23ada6f500>,60,15,[ 3 11],61,-1,137,-1,122
1,<environment.Job instance at 0x7f23ad1c9af0>,61,25,[9 4],62,-1,147,-1,122
1,<environment.Job instance at 0x7f23ad1c9730>,62,23,[ 5 13],63,-1,145,-1,122
1,<environment.Job instance at 0x7f23ad1c9a50>,63,26,[2 5],64,-1,148,-1,122
1,<environment.Job instance at 0x7f23ad1c9b90>,64,12,[1 6],65,-1,134,-1,122
1,<environment.Job instance at 0x7f23ad1c92d0>,65,27,[ 3 13],66,-1,149,-1,122
1,<environment.Job instance at 0x7f23ad1c9c30>,66,26,[ 4 14],67,-1,148,-1,122
1,<environment.Job instance at 0x7f23ad1c95a0>,67,20,[14  2],68,-1,142,-1,122
1,<environment.Job instance at 0x7f23ad1c9460>,68,24,[6 4],69,-1,146,-1,122
1,<environment.Job instance at 0x7f23ad1c9eb0>,69,26,[ 4 11],70,-1,148,-1,122
1,<environment.Job instance at 0x7f23ad1c9d70>,70,25,[ 3 13],71,-1,147,-1,122
1,<environment.Job instance at 0x7f23ad1c97d0>,71,24,[3 9],72,-1,146,-1,122
1,<environment.Job instance at 0x7f23ad1c9dc0>,72,20,[10  3],73,-1,150,-1,130
1,<environment.Job instance at 0x7f23ad1c9280>,74,25,[2 6],75,-1,155,-1,130
1,<environment.Job instance at 0x7f23ad1c9410>,76,22,[4 9],77,-1,161,-1,139
1,<environment.Job instance at 0x7f23ad1c9500>,77,23,[ 1 12],78,-1,162,-1,139
1,<environment.Job instance at 0x7f23ad661190>,3,17,[ 4 11],4,-1,21,-1,4
1,<environment.Job instance at 0x7f23acfabb40>,10,20,[ 4 14],11,-1,50,-1,30
1,<environment.Job instance at 0x7f23ad9af500>,15,16,[13  2],16,-1,99,-1,83
1,<environment.Job instance at 0x7f23ad9afb40>,17,21,[ 5 13],18,-1,115,-1,94
1,<environment.Job instance at 0x7f23ad9afb90>,18,12,[ 1 12],19,-1,106,-1,94
1,<environment.Job instance at 0x7f23ad9afeb0>,19,22,[12  4],20,-1,116,-1,94
1,<environment.Job instance at 0x7f23ad9af4b0>,20,27,[ 1 13],21,-1,121,-1,94
1,<environment.Job instance at 0x7f23ad9af640>,21,18,[ 2 12],22,-1,112,-1,94
1,<environment.Job instance at 0x7f23ad9afbe0>,22,26,[5 5],23,-1,120,-1,94
1,<environment.Job instance at 0x7f23ad9afaa0>,23,13,[ 5 14],24,-1,107,-1,94
1,<environment.Job instance at 0x7f23adc53960>,24,17,[14  3],25,-1,111,-1,94
1,<environment.Job instance at 0x7f23adc53aa0>,25,27,[7 1],26,-1,121,-1,94
1,<environment.Job instance at 0x7f23adc53d70>,26,28,[11  4],27,-1,122,-1,94
1,<environment.Job instance at 0x7f23adfacc80>,1,22,[12  2],2,-1,24,-1,2
1,<environment.Job instance at 0x7f23adfac5f0>,3,15,[13  2],4,-1,19,-1,4
1,<environment.Job instance at 0x7f23adfac140>,4,26,[9 4],5,-1,31,-1,5
1,<environment.Job instance at 0x7f23adfac820>,5,13,[ 1 14],6,-1,19,-1,6
1,<environment.Job instance at 0x7f23adfac870>,6,27,[5 5],7,-1,34,-1,7
1,<environment.Job instance at 0x7f23adfacbe0>,7,26,[ 4 12],8,-1,34,-1,8
1,<environment.Job instance at 0x7f23adfaca50>,8,28,[ 2 10],9,-1,37,-1,9
1,<environment.Job instance at 0x7f23adfac640>,9,18,[ 4 11],10,-1,28,-1,10
1,<environment.Job instance at 0x7f23b6b4c370>,12,27,[3 7],13,-1,40,-1,13
1,<environment.Job instance at 0x7f23adc538c0>,13,22,[ 1 11],14,-1,36,-1,14
1,<environment.Job instance at 0x7f23b6b4c3c0>,16,12,[ 2 13],17,-1,29,-1,17
1,<environment.Job instance at 0x7f23acc15780>,23,18,[ 1 12],24,-1,55,-1,37
1,<environment.Job instance at 0x7f23acc15460>,24,28,[13  5],25,-1,65,-1,37
1,<environment.Job instance at 0x7f23acc15410>,25,13,[ 2 11],26,-1,50,-1,37
1,<environment.Job instance at 0x7f23acc157d0>,26,14,[7 2],27,-1,51,-1,37
1,<environment.Job instance at 0x7f23acc15cd0>,27,24,[11  2],28,-1,61,-1,37
1,<environment.Job instance at 0x7f23acc15140>,28,24,[6 4],29,-1,61,-1,37
1,<environment.Job instance at 0x7f23acc15d70>,29,12,[3 5],30,-1,49,-1,37
1,<environment.Job instance at 0x7f23acc155a0>,30,25,[8 5],31,-1,62,-1,37
1,<environment.Job instance at 0x7f23acc15b90>,31,18,[11  5],32,-1,55,-1,37
1,<environment.Job instance at 0x7f23ad450460>,32,13,[ 2 14],33,-1,50,-1,37
1,<environment.Job instance at 0x7f23ad450140>,33,13,[13  3],34,-1,50,-1,37
1,<environment.Job instance at 0x7f23ad450500>,34,22,[11  5],35,-1,59,-1,37
1,<environment.Job instance at 0x7f23ad450730>,35,26,[11  5],36,-1,63,-1,37
1,<environment.Job instance at 0x7f23ad450a00>,36,28,[5 8],37,-1,65,-1,37
1,<environment.Job instance at 0x7f23acc15050>,22,24,[5 9],23,-1,61,-1,37
1,<environment.Job instance at 0x7f23ad450d70>,38,25,[10  5],39,-1,64,-1,39
1,<environment.Job instance at 0x7f23ad4503c0>,39,14,[ 1 13],40,-1,54,-1,40
1,<environment.Job instance at 0x7f23ad9690a0>,40,23,[ 2 11],41,-1,64,-1,41
1,<environment.Job instance at 0x7f23ad969f00>,42,13,[ 1 12],43,-1,56,-1,43
1,<environment.Job instance at 0x7f23ad969eb0>,43,23,[8 2],44,-1,67,-1,44
1,<environment.Job instance at 0x7f23ad969190>,44,23,[ 2 14],45,-1,68,-1,45
1,<environment.Job instance at 0x7f23acc15730>,21,19,[10  2],22,-1,64,-1,45
1,<environment.Job instance at 0x7f23ad450af0>,37,27,[1 7],38,-1,72,-1,45
1,<environment.Job instance at 0x7f23ad450780>,46,13,[11  2],47,-1,60,-1,47
1,<environment.Job instance at 0x7f23ad969a00>,49,18,[14  5],50,-1,70,-1,52
1,<environment.Job instance at 0x7f23adeb02d0>,50,19,[ 1 11],51,-1,71,-1,52
1,<environment.Job instance at 0x7f23adeb0dc0>,51,24,[ 1 13],52,-1,76,-1,52
1,<environment.Job instance at 0x7f23adeb0730>,54,14,[14  5],55,-1,79,-1,65
1,<environment.Job instance at 0x7f23adeb0410>,58,12,[ 3 14],59,-1,94,-1,82
1,<environment.Job instance at 0x7f23adeb05a0>,61,23,[ 5 12],62,-1,117,-1,94
1,<environment.Job instance at 0x7f23adeb0c30>,62,15,[14  1],63,-1,109,-1,94
1,<environment.Job instance at 0x7f23adeb0aa0>,64,25,[5 5],65,-1,134,-1,109
1,<environment.Job instance at 0x7f23ad8f6dc0>,65,14,[ 5 14],66,-1,123,-1,109
1,<environment.Job instance at 0x7f23ad8f6550>,68,13,[11  2],69,-1,139,-1,126
1,<environment.Job instance at 0x7f23ad8f6410>,69,15,[ 3 14],70,-1,141,-1,126
1,<environment.Job instance at 0x7f23ad8f6370>,70,12,[ 5 11],71,-1,138,-1,126
1,<environment.Job instance at 0x7f23ad8f68c0>,71,14,[ 5 14],72,-1,140,-1,126
1,<environment.Job instance at 0x7f23ad8f62d0>,72,27,[ 5 11],73,-1,153,-1,126
1,<environment.Job instance at 0x7f23ad8f6e10>,73,23,[14  5],74,-1,149,-1,126
1,<environment.Job instance at 0x7f23ad8f6500>,75,13,[11  1],76,-1,153,-1,140
1,<environment.Job instance at 0x7f23ad8f6f00>,76,22,[12  5],77,-1,162,-1,140
1,<environment.Job instance at 0x7f23ad8f6320>,77,27,[8 4],78,-1,167,-1,140
1,<environment.Job instance at 0x7f23ad8f6cd0>,78,22,[ 2 12],79,-1,162,-1,140
1,<environment.Job instance at 0x7f23ad8f6190>,79,15,[11  5],80,-1,156,-1,141
1,<environment.Job instance at 0x7f23acb0ca50>,81,24,[12  2],82,-1,165,-1,141
1,<environment.Job instance at 0x7f23acb0c780>,83,18,[ 2 14],84,-1,175,-1,157
1,<environment.Job instance at 0x7f23acb0cf00>,84,12,[ 5 13],85,-1,169,-1,157
1,<environment.Job instance at 0x7f23acb0c190>,86,19,[ 3 14],87,-1,187,-1,168
1,<environment.Job instance at 0x7f23acb0cb90>,87,18,[ 4 14],88,-1,186,-1,168
1,<environment.Job instance at 0x7f23acb0c140>,88,23,[12  2],89,-1,191,-1,168
1,<environment.Job instance at 0x7f23acb0c1e0>,90,27,[1 9],91,-1,202,-1,175
1,<environment.Job instance at 0x7f23acb0c410>,91,26,[6 4],92,-1,201,-1,175
1,<environment.Job instance at 0x7f23ae2c25f0>,1,14,[14  5],2,-1,16,-1,2
1,<environment.Job instance at 0x7f23ae2cd910>,2,13,[ 4 12],3,-1,16,-1,3
1,<environment.Job instance at 0x7f23ae2cd5a0>,4,17,[ 1 11],5,-1,22,-1,5
1,<environment.Job instance at 0x7f23ae2cd690>,6,26,[3 8],7,-1,33,-1,7
1,<environment.Job instance at 0x7f23ae29aeb0>,5,18,[14  5],6,-1,25,-1,7
1,<environment.Job instance at 0x7f23ae29a460>,7,24,[12  4],8,-1,32,-1,8
1,<environment.Job instance at 0x7f23ae29a500>,8,19,[ 5 14],9,-1,28,-1,9
1,<environment.Job instance at 0x7f23ae29a190>,9,27,[ 2 11],10,-1,37,-1,10
1,<environment.Job instance at 0x7f23ae29a280>,11,23,[ 3 14],12,-1,35,-1,12
1,<environment.Job instance at 0x7f23ae29a960>,13,25,[14  3],14,-1,39,-1,14
1,<environment.Job instance at 0x7f23ae29a870>,14,24,[ 1 13],15,-1,39,-1,15
1,<environment.Job instance at 0x7f23ae29af00>,16,14,[12  2],17,-1,31,-1,17
1,<environment.Job instance at 0x7f23ae29a1e0>,17,16,[ 2 12],18,-1,34,-1,18
1,<environment.Job instance at 0x7f23ae29a410>,18,27,[9 3],19,-1,46,-1,19
1,<environment.Job instance at 0x7f23ae2a40a0>,20,23,[ 1 11],21,-1,44,-1,21
1,<environment.Job instance at 0x7f23ae2a4140>,24,21,[ 4 12],25,-1,46,-1,25
1,<environment.Job instance at 0x7f23ae2a4820>,27,24,[13  2],28,-1,63,-1,39
1,<environment.Job instance at 0x7f23ae2a4f00>,29,17,[14  3],30,-1,59,-1,42
1,<environment.Job instance at 0x7f23ae2a45a0>,31,14,[ 1 11],32,-1,71,-1,57
1,<environment.Job instance at 0x7f23ae2a43c0>,32,16,[14  1],33,-1,73,-1,57
1,<environment.Job instance at 0x7f23ae2b0230>,33,14,[ 3 10],34,-1,71,-1,57
1,<environment.Job instance at 0x7f23ae2b0870>,34,26,[8 1],35,-1,83,-1,57
1,<environment.Job instance at 0x7f23ae2b0f00>,36,15,[ 3 12],37,-1,72,-1,57
1,<environment.Job instance at 0x7f23ae2b0410>,37,25,[6 1],38,-1,82,-1,57
1,<environment.Job instance at 0x7f23ae2b0780>,38,18,[12  4],39,-1,75,-1,57
1,<environment.Job instance at 0x7f23ae2b0f50>,41,21,[11  5],42,-1,94,-1,73
1,<environment.Job instance at 0x7f23ae2b0c80>,42,27,[6 3],43,-1,100,-1,73
1,<environment.Job instance at 0x7f23ae2b0e10>,44,19,[ 2 14],45,-1,103,-1,84
1,<environment.Job instance at 0x7f23ae2b06e0>,47,12,[11  3],48,-1,118,-1,106
1,<environment.Job instance at 0x7f23ae2b0cd0>,48,18,[ 2 11],49,-1,124,-1,106
1,<environment.Job instance at 0x7f23ae2ade60>,50,24,[9 1],51,-1,130,-1,106
1,<environment.Job instance at 0x7f23ae2ad640>,52,15,[ 2 13],53,-1,133,-1,118
1,<environment.Job instance at 0x7f23ae2ad050>,53,20,[12  2],54,-1,138,-1,118
1,<environment.Job instance at 0x7f23ae2ad550>,54,25,[9 2],55,-1,143,-1,118
1,<environment.Job instance at 0x7f23ae2ad5a0>,55,23,[ 2 13],56,-1,141,-1,118
1,<environment.Job instance at 0x7f23ae2ad460>,56,20,[11  4],57,-1,138,-1,118
1,<environment.Job instance at 0x7f23ae2ad140>,57,23,[ 5 14],58,-1,141,-1,118
1,<environment.Job instance at 0x7f23ae2ad0a0>,59,19,[ 3 14],60,-1,138,-1,119
1,<environment.Job instance at 0x7f23ae2adb40>,60,16,[ 2 13],61,-1,135,-1,119
1,<environment.Job instance at 0x7f23ae2ad190>,61,22,[ 5 10],62,-1,141,-1,119
1,<environment.Job instance at 0x7f23ae2adf00>,62,28,[ 3 13],63,-1,147,-1,119
1,<environment.Job instance at 0x7f23ae2adaa0>,63,26,[13  2],64,-1,145,-1,119
1,<environment.Job instance at 0x7f23ad056780>,65,22,[ 3 12],66,-1,154,-1,132
1,<environment.Job instance at 0x7f23ad056e60>,66,21,[ 4 11],67,-1,153,-1,132
1,<environment.Job instance at 0x7f23ad056a50>,67,16,[ 1 12],68,-1,148,-1,132
1,<environment.Job instance at 0x7f23ad056640>,68,17,[ 2 11],69,-1,149,-1,132
1,<environment.Job instance at 0x7f23ad056eb0>,69,14,[14  4],70,-1,146,-1,132
1,<environment.Job instance at 0x7f23ad0562d0>,70,26,[5 7],71,-1,158,-1,132
1,<environment.Job instance at 0x7f23ad056b90>,71,26,[11  1],72,-1,158,-1,132
1,<environment.Job instance at 0x7f23ad056410>,72,24,[12  1],73,-1,156,-1,132
1,<environment.Job instance at 0x7f23ad056320>,73,28,[12  4],74,-1,160,-1,132
1,<environment.Job instance at 0x7f23ad056730>,74,18,[ 1 11],75,-1,150,-1,132
1,<environment.Job instance at 0x7f23ad056690>,77,28,[ 1 12],78,-1,178,-1,150
1,<environment.Job instance at 0x7f23ad056c80>,82,21,[4 7],83,-1,191,-1,170
1,<environment.Job instance at 0x7f23ad056190>,83,16,[14  2],84,-1,186,-1,170
1,<environment.Job instance at 0x7f23ad056460>,84,18,[ 5 12],85,-1,188,-1,170
1,<environment.Job instance at 0x7f23ad056c30>,85,24,[13  2],86,-1,194,-1,170
1,<environment.Job instance at 0x7f23ad002d20>,86,16,[14  5],87,-1,186,-1,170
1,<environment.Job instance at 0x7f23ad002050>,87,23,[ 1 13],88,-1,193,-1,170
1,<environment.Job instance at 0x7f23ad0024b0>,89,15,[ 2 14],90,-1,185,-1,170
1,<environment.Job instance at 0x7f23ad002c30>,90,26,[6 5],91,-1,196,-1,170
1,<environment.Job instance at 0x7f23ad0020f0>,91,13,[14  2],92,-1,183,-1,170
1,<environment.Job instance at 0x7f23acae33c0>,3,23,[ 4 14],4,-1,27,-1,4
1,<environment.Job instance at 0x7f23adf0e730>,4,28,[3 7],5,-1,33,-1,5
1,<environment.Job instance at 0x7f23ada79e10>,5,17,[13  5],6,-1,23,-1,6
1,<environment.Job instance at 0x7f23ad626cd0>,6,28,[14  3],7,-1,35,-1,7
1,<environment.Job instance at 0x7f23ae41d820>,8,24,[12  2],9,-1,33,-1,9
1,<environment.Job instance at 0x7f23ad4372d0>,11,15,[10  5],12,-1,32,-1,17
1,<environment.Job instance at 0x7f23ae41d280>,14,18,[ 5 14],15,-1,35,-1,17
1,<environment.Job instance at 0x7f23ae41d690>,15,16,[11  1],16,-1,33,-1,17
1,<environment.Job instance at 0x7f23acdd1f00>,16,12,[ 3 13],17,-1,29,-1,17
1,<environment.Job instance at 0x7f23acdd1910>,17,23,[6 5],18,-1,41,-1,18
1,<environment.Job instance at 0x7f23acdd1e10>,18,23,[6 4],19,-1,42,-1,19
1,<environment.Job instance at 0x7f23acdd1b90>,19,23,[6 1],20,-1,43,-1,20
1,<environment.Job instance at 0x7f23acdd1f50>,20,18,[13  2],21,-1,39,-1,21
1,<environment.Job instance at 0x7f23acdd1370>,21,14,[4 8],22,-1,36,-1,22
1,<environment.Job instance at 0x7f23acdd1190>,22,28,[3 9],23,-1,51,-1,23
1,<environment.Job instance at 0x7f23acdd1410>,23,19,[14  5],24,-1,43,-1,24
1,<environment.Job instance at 0x7f23acdd1050>,24,14,[ 4 12],25,-1,39,-1,25
1,<environment.Job instance at 0x7f23acdd12d0>,25,14,[12  3],26,-1,40,-1,26
1,<environment.Job instance at 0x7f23acdd1230>,28,16,[1 7],29,-1,69,-1,53
1,<environment.Job instance at 0x7f23acdd1a00>,31,25,[ 2 14],32,-1,78,-1,53
1,<environment.Job instance at 0x7f23acdd18c0>,32,27,[ 1 12],33,-1,80,-1,53
1,<environment.Job instance at 0x7f23acdd1870>,33,24,[2 8],34,-1,77,-1,53
1,<environment.Job instance at 0x7f23acdd1be0>,34,26,[ 5 13],35,-1,79,-1,53
1,<environment.Job instance at 0x7f23acdd1820>,35,28,[ 4 13],36,-1,81,-1,53
1,<environment.Job instance at 0x7f23acdd1fa0>,36,13,[11  2],37,-1,66,-1,53
1,<environment.Job instance at 0x7f23acdd15a0>,37,19,[ 2 11],38,-1,72,-1,53
1,<environment.Job instance at 0x7f23ade03b40>,38,28,[ 4 11],39,-1,81,-1,53
1,<environment.Job instance at 0x7f23ade03280>,39,13,[9 5],40,-1,70,-1,57
1,<environment.Job instance at 0x7f23ade032d0>,40,16,[14  4],41,-1,73,-1,57
1,<environment.Job instance at 0x7f23ade03730>,41,23,[ 3 10],42,-1,80,-1,57
1,<environment.Job instance at 0x7f23ade03a00>,42,17,[9 2],43,-1,78,-1,61
1,<environment.Job instance at 0x7f23ade03c30>,43,12,[12  5],44,-1,73,-1,61
1,<environment.Job instance at 0x7f23ade03500>,44,22,[13  1],45,-1,83,-1,61
1,<environment.Job instance at 0x7f23ade03690>,45,20,[1 5],46,-1,82,-1,62
1,<environment.Job instance at 0x7f23ad5e8eb0>,1,14,[14  1],2,-1,16,-1,2
1,<environment.Job instance at 0x7f23ad5e8370>,3,25,[ 4 12],4,-1,29,-1,4
1,<environment.Job instance at 0x7f23ad5e8cd0>,6,27,[10  1],7,-1,34,-1,7
1,<environment.Job instance at 0x7f23ade03460>,8,14,[ 5 14],9,-1,23,-1,9
1,<environment.Job instance at 0x7f23ad5e8b90>,9,26,[10  2],10,-1,36,-1,10
1,<environment.Job instance at 0x7f23ad5e98c0>,13,28,[9 3],14,-1,46,-1,18
1,<environment.Job instance at 0x7f23b6e886e0>,14,25,[10  1],15,-1,43,-1,18
1,<environment.Job instance at 0x7f23ad5e90f0>,15,26,[ 2 12],16,-1,44,-1,18
1,<environment.Job instance at 0x7f23ad5e9af0>,16,22,[ 1 11],17,-1,40,-1,18
1,<environment.Job instance at 0x7f23ad5e9aa0>,17,17,[11  4],18,-1,35,-1,18
1,<environment.Job instance at 0x7f23ad5aeb90>,18,17,[ 5 13],19,-1,36,-1,19
1,<environment.Job instance at 0x7f23ad5ae190>,20,16,[11  3],21,-1,37,-1,21
1,<environment.Job instance at 0x7f23ad5ae910>,21,27,[9 2],22,-1,52,-1,25
1,<environment.Job instance at 0x7f23ad5ae320>,23,27,[ 3 14],24,-1,55,-1,28
1,<environment.Job instance at 0x7f23ad5ae0f0>,24,13,[12  1],25,-1,41,-1,28
1,<environment.Job instance at 0x7f23ad5ae870>,25,28,[13  1],26,-1,56,-1,28
1,<environment.Job instance at 0x7f23ae054aa0>,27,17,[14  2],28,-1,54,-1,37
1,<environment.Job instance at 0x7f23ae1c8f00>,28,16,[ 4 14],29,-1,53,-1,37
1,<environment.Job instance at 0x7f23ad210b90>,31,25,[13  5],32,-1,85,-1,60
1,<environment.Job instance at 0x7f23ae1dbb90>,34,14,[14  5],35,-1,78,-1,64
1,<environment.Job instance at 0x7f23ae2fb820>,35,27,[13  5],36,-1,91,-1,64
1,<environment.Job instance at 0x7f23b6a1caa0>,39,18,[14  1],40,-1,104,-1,86
1,<environment.Job instance at 0x7f23b6a1c780>,40,13,[ 2 11],41,-1,99,-1,86
1,<environment.Job instance at 0x7f23b6a1c820>,41,28,[1 7],42,-1,115,-1,87
1,<environment.Job instance at 0x7f23b6a1c0f0>,42,15,[ 3 12],43,-1,102,-1,87
1,<environment.Job instance at 0x7f23ae2f9f50>,47,28,[ 1 14],48,-1,159,-1,131
1,<environment.Job instance at 0x7f23ae2f96e0>,48,23,[ 5 12],49,-1,154,-1,131
1,<environment.Job instance at 0x7f23ae2f9550>,51,14,[12  2],52,-1,150,-1,136
1,<environment.Job instance at 0x7f23ae2f94b0>,54,24,[8 4],55,-1,176,-1,152
1,<environment.Job instance at 0x7f23ae2f9640>,55,26,[10  2],56,-1,178,-1,152
1,<environment.Job instance at 0x7f23b6a1a910>,57,14,[ 5 13],58,-1,180,-1,166
1,<environment.Job instance at 0x7f23ad9af780>,58,28,[ 1 12],59,-1,194,-1,166
1,<environment.Job instance at 0x7f23ad9affa0>,59,16,[12  1],60,-1,182,-1,166
1,<environment.Job instance at 0x7f23accc5dc0>,1,24,[13  3],2,-1,26,-1,2
1,<environment.Job instance at 0x7f23adb23dc0>,2,14,[12  1],3,-1,18,-1,4
1,<environment.Job instance at 0x7f23ad383cd0>,8,24,[11  4],9,-1,33,-1,9
1,<environment.Job instance at 0x7f23ad383780>,9,27,[ 1 14],10,-1,37,-1,10
1,<environment.Job instance at 0x7f23ad383190>,10,28,[13  2],11,-1,39,-1,11
1,<environment.Job instance at 0x7f23ad383a50>,18,24,[ 5 11],19,-1,90,-1,66
1,<environment.Job instance at 0x7f23ad383460>,19,14,[13  2],20,-1,80,-1,66
1,<environment.Job instance at 0x7f23acc9f780>,21,13,[13  3],22,-1,88,-1,75
1,<environment.Job instance at 0x7f23acc9f0f0>,22,25,[ 3 11],23,-1,100,-1,75
1,<environment.Job instance at 0x7f23acc9f820>,23,26,[8 4],24,-1,101,-1,75
1,<environment.Job instance at 0x7f23acc9f190>,24,17,[ 3 12],25,-1,92,-1,75
1,<environment.Job instance at 0x7f23acc9faf0>,25,13,[8 1],26,-1,102,-1,89
1,<environment.Job instance at 0x7f23acc9f690>,29,20,[ 1 10],30,-1,128,-1,108
1,<environment.Job instance at 0x7f23acc9f7d0>,33,20,[ 1 10],34,-1,161,-1,141
1,<environment.Job instance at 0x7f23acc9f370>,34,22,[ 5 11],35,-1,163,-1,141
1,<environment.Job instance at 0x7f23acc9fb40>,35,17,[13  3],36,-1,158,-1,141
1,<environment.Job instance at 0x7f23acc9f4b0>,36,22,[13  4],37,-1,163,-1,141
1,<environment.Job instance at 0x7f23acc9f960>,37,23,[3 9],38,-1,164,-1,141
1,<environment.Job instance at 0x7f23accae280>,40,27,[ 1 14],41,-1,190,-1,163
1,<environment.Job instance at 0x7f23accae550>,41,27,[ 2 12],42,-1,190,-1,163
1,<environment.Job instance at 0x7f23accae500>,42,15,[13  1],43,-1,178,-1,163
1,<environment.Job instance at 0x7f23accae4b0>,43,18,[13  5],44,-1,181,-1,163
1,<environment.Job instance at 0x7f23accaea50>,44,28,[7 1],45,-1,191,-1,163
1,<environment.Job instance at 0x7f23accaebe0>,45,24,[1 8],46,-1,187,-1,163
1,<environment.Job instance at 0x7f23accae780>,46,23,[6 5],47,-1,186,-1,163
1,<environment.Job instance at 0x7f23accae140>,47,25,[5 4],48,-1,188,-1,163
1,<environment.Job instance at 0x7f23accae960>,49,16,[ 3 13],50,-1,179,-1,163
1,<environment.Job instance at 0x7f23accae7d0>,50,24,[12  2],51,-1,187,-1,163
1,<environment.Job instance at 0x7f23accae820>,51,27,[12  3],52,-1,190,-1,163
1,<environment.Job instance at 0x7f23accb50a0>,53,23,[6 2],54,-1,202,-1,179
1,<environment.Job instance at 0x7f23accae870>,55,25,[3 5],56,-1,204,-1,179
1,<environment.Job instance at 0x7f23accb5730>,56,18,[ 2 14],57,-1,197,-1,179
1,<environment.Job instance at 0x7f23ad74f6e0>,1,17,[13  3],2,-1,19,-1,2
1,<environment.Job instance at 0x7f23b69bcfa0>,2,26,[2 7],3,-1,29,-1,3
1,<environment.Job instance at 0x7f23accc5aa0>,7,23,[ 1 10],8,-1,32,-1,9
1,<environment.Job instance at 0x7f23ae1a0140>,9,27,[12  2],10,-1,37,-1,10
1,<environment.Job instance at 0x7f23adb3e410>,10,13,[ 1 12],11,-1,24,-1,11
1,<environment.Job instance at 0x7f23ae229690>,14,16,[ 1 11],15,-1,34,-1,18
1,<environment.Job instance at 0x7f23ae229780>,16,13,[ 3 13],17,-1,36,-1,23
1,<environment.Job instance at 0x7f23ae2295f0>,15,14,[10  1],16,-1,37,-1,23
1,<environment.Job instance at 0x7f23ae229910>,19,24,[8 5],20,-1,57,-1,33
1,<environment.Job instance at 0x7f23ae229b40>,21,27,[ 5 14],22,-1,74,-1,47
1,<environment.Job instance at 0x7f23ae229be0>,22,26,[ 3 13],23,-1,73,-1,47
1,<environment.Job instance at 0x7f23ae229d20>,23,15,[ 5 12],24,-1,74,-1,59
1,<environment.Job instance at 0x7f23ae229eb0>,26,15,[ 1 13],27,-1,103,-1,88
1,<environment.Job instance at 0x7f23ae229f50>,27,23,[ 2 14],28,-1,111,-1,88
1,<environment.Job instance at 0x7f23ae229a50>,29,13,[13  1],30,-1,101,-1,88
1,<environment.Job instance at 0x7f23ae248190>,30,14,[11  1],31,-1,102,-1,88
1,<environment.Job instance at 0x7f23ae248280>,31,25,[ 3 14],32,-1,113,-1,88
1,<environment.Job instance at 0x7f23ae248320>,32,14,[11  2],33,-1,102,-1,88
1,<environment.Job instance at 0x7f23ae248410>,33,27,[2 9],34,-1,115,-1,88
1,<environment.Job instance at 0x7f23ae248370>,34,26,[ 2 13],35,-1,114,-1,88
1,<environment.Job instance at 0x7f23ae248500>,35,28,[ 2 14],36,-1,116,-1,88
1,<environment.Job instance at 0x7f23ae2486e0>,38,14,[14  2],39,-1,121,-1,107
1,<environment.Job instance at 0x7f23ae2488c0>,41,19,[13  2],42,-1,146,-1,127
1,<environment.Job instance at 0x7f23ae248960>,42,23,[ 2 14],43,-1,150,-1,127
1,<environment.Job instance at 0x7f23ae248a00>,43,17,[11  5],44,-1,144,-1,127
1,<environment.Job instance at 0x7f23ae248b40>,45,27,[ 5 11],46,-1,160,-1,133
1,<environment.Job instance at 0x7f23ae248be0>,46,17,[13  3],47,-1,150,-1,133
1,<environment.Job instance at 0x7f23ae248e60>,49,18,[14  4],50,-1,164,-1,146
1,<environment.Job instance at 0x7f23ae248f00>,50,22,[10  4],51,-1,194,-1,172
1,<environment.Job instance at 0x7f23ae248eb0>,52,26,[6 4],53,-1,198,-1,172
1,<environment.Job instance at 0x7f23ae248f50>,53,23,[12  5],54,-1,195,-1,172
1,<environment.Job instance at 0x7f6ff51834b0>,3,26,[11  4],4,-1,30,-1,4
1,<environment.Job instance at 0x7f6ff51835f0>,5,24,[1 5],6,-1,32,-1,8
1,<environment.Job instance at 0x7f6ff5183910>,9,18,[ 2 13],10,-1,28,-1,10
1,<environment.Job instance at 0x7f6ff5183960>,10,18,[ 3 11],11,-1,29,-1,11
1,<environment.Job instance at 0x7f6ff5183af0>,11,26,[4 8],12,-1,38,-1,12
1,<environment.Job instance at 0x7f6ff5183b90>,12,26,[ 1 12],13,-1,39,-1,13
1,<environment.Job instance at 0x7f6ff5183c30>,13,18,[ 4 14],14,-1,32,-1,14
1,<environment.Job instance at 0x7f6ff5183d70>,15,18,[ 2 14],16,-1,34,-1,16
1,<environment.Job instance at 0x7f6ff5183eb0>,16,16,[ 3 11],17,-1,33,-1,17
1,<environment.Job instance at 0x7f6ff5183f50>,17,28,[ 5 10],18,-1,46,-1,18
1,<environment.Job instance at 0x7f6ff5183fa0>,18,25,[ 4 13],19,-1,44,-1,19
1,<environment.Job instance at 0x7f6ff51870a0>,19,14,[ 3 11],20,-1,34,-1,20
1,<environment.Job instance at 0x7f6ff5187140>,20,27,[13  5],21,-1,48,-1,21
1,<environment.Job instance at 0x7f6ff51871e0>,21,26,[ 5 12],22,-1,48,-1,22
1,<environment.Job instance at 0x7f6ff5187280>,22,13,[13  1],23,-1,36,-1,23
1,<environment.Job instance at 0x7f6ff51873c0>,24,13,[ 3 14],25,-1,38,-1,25
1,<environment.Job instance at 0x7f6ff5187550>,25,23,[ 3 13],26,-1,49,-1,26
1,<environment.Job instance at 0x7f6ff5187410>,26,26,[1 8],27,-1,53,-1,27
1,<environment.Job instance at 0x7f6ff51875f0>,27,25,[5 7],28,-1,53,-1,28
1,<environment.Job instance at 0x7f6ff5187690>,28,25,[ 4 11],29,-1,54,-1,29
1,<environment.Job instance at 0x7f6ff5187730>,29,22,[ 5 13],30,-1,52,-1,30
1,<environment.Job instance at 0x7f6ff51877d0>,30,27,[4 8],31,-1,58,-1,31
1,<environment.Job instance at 0x7f6ff5187870>,31,20,[11  5],32,-1,52,-1,32
1,<environment.Job instance at 0x7f6ff5187910>,32,27,[11  3],33,-1,60,-1,33
1,<environment.Job instance at 0x7f6ff5187a50>,34,24,[1 8],35,-1,59,-1,35
1,<environment.Job instance at 0x7f6ff5183dc0>,36,13,[ 3 14],37,-1,52,-1,39
1,<environment.Job instance at 0x7f6ff5187d70>,37,28,[ 2 12],38,-1,67,-1,39
1,<environment.Job instance at 0x7f6ff5187e10>,38,20,[ 1 10],39,-1,59,-1,39
1,<environment.Job instance at 0x7f6ff5187cd0>,39,24,[5 6],40,-1,64,-1,40
1,<environment.Job instance at 0x7f6ff5187dc0>,41,27,[14  1],42,-1,81,-1,54
1,<environment.Job instance at 0x7f6ff51891e0>,43,13,[13  1],44,-1,87,-1,74
1,<environment.Job instance at 0x7f6ff5189280>,44,24,[ 1 13],45,-1,98,-1,74
1,<environment.Job instance at 0x7f6ff51893c0>,46,17,[12  2],47,-1,91,-1,74
1,<environment.Job instance at 0x7f6ff5189500>,48,15,[14  1],49,-1,102,-1,87
1,<environment.Job instance at 0x7f6ff51895a0>,49,16,[ 2 11],50,-1,103,-1,87
1,<environment.Job instance at 0x7f6ff5189640>,50,16,[12  2],51,-1,103,-1,87
1,<environment.Job instance at 0x7f6ff51896e0>,51,20,[5 3],52,-1,114,-1,94
1,<environment.Job instance at 0x7f6ff51899b0>,54,13,[13  1],55,-1,117,-1,104
1,<environment.Job instance at 0x7f6ff51897d0>,55,20,[ 3 13],56,-1,124,-1,104
1,<environment.Job instance at 0x7f6ff5189a00>,56,12,[3 6],57,-1,116,-1,104
1,<environment.Job instance at 0x7f6ff5189870>,57,27,[ 2 14],58,-1,131,-1,104
1,<environment.Job instance at 0x7f6ff5189af0>,58,14,[2 7],59,-1,119,-1,105
1,<environment.Job instance at 0x7f6ff5189b90>,59,17,[1 6],60,-1,122,-1,105
1,<environment.Job instance at 0x7f6ff5189c30>,60,23,[ 1 11],61,-1,128,-1,105
1,<environment.Job instance at 0x7f6ff5189730>,61,21,[ 5 13],62,-1,126,-1,105
1,<environment.Job instance at 0x7f6ff5189d20>,62,18,[5 3],63,-1,123,-1,105
1,<environment.Job instance at 0x7f6ff5189e10>,63,17,[ 4 12],64,-1,122,-1,105
1,<environment.Job instance at 0x7f6ff5189eb0>,64,19,[3 8],65,-1,130,-1,111
1,<environment.Job instance at 0x7f6ff5189d70>,65,20,[2 6],66,-1,131,-1,111
1,<environment.Job instance at 0x7f6ff5189fa0>,67,27,[ 1 10],68,-1,144,-1,117
1,<environment.Job instance at 0x7f6ff518b190>,68,20,[ 3 12],69,-1,137,-1,117
1,<environment.Job instance at 0x7f6ff518b230>,69,13,[ 3 12],70,-1,130,-1,117
1,<environment.Job instance at 0x7f6ff518b2d0>,70,21,[12  2],71,-1,138,-1,117
1,<environment.Job instance at 0x7f6ff518b370>,71,28,[5 1],72,-1,145,-1,117
1,<environment.Job instance at 0x7f6ff518b410>,72,24,[9 2],73,-1,141,-1,117
1,<environment.Job instance at 0x7f6ff518b4b0>,73,25,[3 8],74,-1,142,-1,117
1,<environment.Job instance at 0x7f6ff518b550>,74,27,[1 6],75,-1,144,-1,117
1,<environment.Job instance at 0x7f6ff518b6e0>,75,14,[ 4 11],76,-1,131,-1,117
1,<environment.Job instance at 0x7f6ff518b780>,76,19,[4 8],77,-1,143,-1,124
1,<environment.Job instance at 0x7f6ff518b5a0>,77,13,[8 5],78,-1,137,-1,124
1,<environment.Job instance at 0x7f6ff518b870>,78,12,[10  2],79,-1,136,-1,124
1,<environment.Job instance at 0x7f6ff518b8c0>,79,13,[9 4],80,-1,138,-1,125
1,<environment.Job instance at 0x7f6ff518ba00>,81,15,[5 9],82,-1,141,-1,126
1,<environment.Job instance at 0x7f6ff518baf0>,82,16,[ 4 10],83,-1,142,-1,126
1,<environment.Job instance at 0x7f6ff518bb40>,83,20,[13  1],84,-1,146,-1,126
1,<environment.Job instance at 0x7f6ff518baa0>,84,18,[ 3 14],85,-1,144,-1,126
1,<environment.Job instance at 0x7f6ff518bc80>,85,25,[ 5 14],86,-1,151,-1,126
1,<environment.Job instance at 0x7f6ff518bd20>,86,26,[12  1],87,-1,152,-1,126
1,<environment.Job instance at 0x7f6ff518bf50>,87,28,[ 3 10],88,-1,154,-1,126
1,<environment.Job instance at 0x7f6ff518beb0>,88,21,[ 1 11],89,-1,147,-1,126
1,<environment.Job instance at 0x7f6ff518be10>,89,16,[7 1],90,-1,142,-1,126
1,<environment.Job instance at 0x7f6ff518f050>,90,14,[ 2 13],91,-1,140,-1,126
1,<environment.Job instance at 0x7f6ff518f0a0>,91,20,[8 2],92,-1,149,-1,129
1,<environment.Job instance at 0x7f6ff518f1e0>,92,21,[10  1],93,-1,151,-1,130
1,<environment.Job instance at 0x7f6ff518f280>,93,16,[ 2 11],94,-1,146,-1,130
1,<environment.Job instance at 0x7f6ff518f4b0>,94,25,[4 5],95,-1,155,-1,130
1,<environment.Job instance at 0x7f6ff518f5a0>,96,28,[ 1 13],97,-1,158,-1,130
1,<environment.Job instance at 0x7f6ff518f640>,97,26,[ 1 11],98,-1,156,-1,130
1,<environment.Job instance at 0x7f6ff518f7d0>,99,26,[6 5],100,-1,161,-1,135
1,<environment.Job instance at 0x7f6ff518f3c0>,100,18,[2 7],101,-1,153,-1,135
1,<environment.Job instance at 0x7f6ff518f8c0>,101,18,[ 1 10],102,-1,153,-1,135
1,<environment.Job instance at 0x7f6ff518f9b0>,102,16,[ 3 13],103,-1,151,-1,135
1,<environment.Job instance at 0x7f6ff518f410>,103,23,[ 5 13],104,-1,158,-1,135
1,<environment.Job instance at 0x7f6ff518fc30>,104,12,[4 6],105,-1,147,-1,135
1,<environment.Job instance at 0x7f6ff518fc80>,105,12,[14  5],106,-1,147,-1,135
1,<environment.Job instance at 0x7f6ff518fd20>,106,26,[11  4],107,-1,161,-1,135
1,<environment.Job instance at 0x7f6ff518fdc0>,107,19,[ 3 12],108,-1,154,-1,135
1,<environment.Job instance at 0x7f6ff518fe60>,108,21,[ 1 10],109,-1,156,-1,135
1,<environment.Job instance at 0x7f6ff518ff00>,109,14,[10  4],110,-1,149,-1,135
1,<environment.Job instance at 0x7f6ff518ffa0>,110,21,[6 5],111,-1,162,-1,141
1,<environment.Job instance at 0x7f6ff518feb0>,111,26,[ 5 12],112,-1,167,-1,141
1,<environment.Job instance at 0x7f6ff518ff50>,112,27,[12  2],113,-1,168,-1,141
1,<environment.Job instance at 0x7f6ff5192190>,113,15,[12  1],114,-1,156,-1,141
1,<environment.Job instance at 0x7f6ff5192050>,114,14,[ 2 11],115,-1,155,-1,141
1,<environment.Job instance at 0x7f6ff5192370>,116,21,[ 1 12],117,-1,167,-1,146
1,<environment.Job instance at 0x7f6ff51920a0>,117,19,[11  2],118,-1,165,-1,146
1,<environment.Job instance at 0x7f6ff51925a0>,118,14,[ 3 14],119,-1,160,-1,146
1,<environment.Job instance at 0x7f6ff5192640>,119,17,[ 3 10],120,-1,163,-1,146
1,<environment.Job instance at 0x7f6ff5192690>,120,19,[13  1],121,-1,165,-1,146
1,<environment.Job instance at 0x7f6ff51927d0>,122,22,[14  4],123,-1,170,-1,148
1,<environment.Job instance at 0x7f6ff51928c0>,123,14,[11  5],124,-1,162,-1,148
1,<environment.Job instance at 0x7f6ff5192910>,124,19,[ 3 12],125,-1,167,-1,148
1,<environment.Job instance at 0x7f6ff5192aa0>,125,18,[13  4],126,-1,166,-1,148
1,<environment.Job instance at 0x7f6ff51929b0>,126,26,[13  4],127,-1,174,-1,148
1,<environment.Job instance at 0x7f6ff5192b90>,127,16,[8 1],128,-1,165,-1,149
1,<environment.Job instance at 0x7f6ff5192c30>,128,15,[8 3],129,-1,174,-1,159
1,<environment.Job instance at 0x7f6ff5192cd0>,129,17,[8 1],130,-1,177,-1,160
1,<environment.Job instance at 0x7f6ffe9470f0>,130,18,[6 1],131,-1,179,-1,161
1,<environment.Job instance at 0x7f6ffe93bdc0>,131,25,[6 1],132,-1,186,-1,161
1,<environment.Job instance at 0x7f6ff517be10>,132,28,[6 2],133,-1,189,-1,161
1,<environment.Job instance at 0x7f6ff517b2d0>,133,24,[6 4],134,-1,185,-1,161
1,<environment.Job instance at 0x7f6ff517b320>,135,25,[ 3 12],136,-1,187,-1,162
1,<environment.Job instance at 0x7f6ff517b370>,136,26,[13  5],137,-1,188,-1,162
1,<environment.Job instance at 0x7f6ff517b4b0>,137,28,[1 9],138,-1,190,-1,162
1,<environment.Job instance at 0x7f6ff517b410>,138,13,[14  1],139,-1,175,-1,162
1,<environment.Job instance at 0x7f6ff517b960>,139,28,[ 2 10],140,-1,190,-1,162
1,<environment.Job instance at 0x7f6ff532b3c0>,141,25,[ 3 14],142,-1,187,-1,162
1,<environment.Job instance at 0x7f6ff5187460>,1,28,[2 8],2,-1,30,-1,2
1,<environment.Job instance at 0x7f6ff4c3e1e0>,3,21,[12  2],4,-1,25,-1,4
1,<environment.Job instance at 0x7f6ff4e0eaf0>,4,21,[ 5 11],5,-1,26,-1,5
1,<environment.Job instance at 0x7f6ff55aa550>,5,26,[ 5 10],6,-1,32,-1,6
1,<environment.Job instance at 0x7f6ff55aafa0>,6,27,[12  4],7,-1,34,-1,7
1,<environment.Job instance at 0x7f6ff55b1960>,7,27,[14  3],8,-1,35,-1,8
1,<environment.Job instance at 0x7f6ff55b1410>,9,14,[ 1 12],10,-1,24,-1,10
1,<environment.Job instance at 0x7f6ff55b1dc0>,11,14,[13  5],12,-1,26,-1,12
1,<environment.Job instance at 0x7f6ff55b1a50>,12,25,[11  2],13,-1,38,-1,13
1,<environment.Job instance at 0x7f6ff55b1690>,13,14,[12  2],14,-1,28,-1,14
1,<environment.Job instance at 0x7f6ff55b1a00>,14,28,[8 4],15,-1,43,-1,15
1,<environment.Job instance at 0x7f6ff55b1aa0>,16,20,[12  1],17,-1,37,-1,17
1,<environment.Job instance at 0x7f6ff55b1280>,17,13,[ 4 12],18,-1,31,-1,18
1,<environment.Job instance at 0x7f6ff55b1780>,18,18,[12  2],19,-1,37,-1,19
1,<environment.Job instance at 0x7f6ff56290f0>,19,15,[12  3],20,-1,35,-1,20
1,<environment.Job instance at 0x7f6ff5629eb0>,20,25,[7 2],21,-1,46,-1,21
1,<environment.Job instance at 0x7f6ff56292d0>,21,26,[ 5 11],22,-1,48,-1,22
1,<environment.Job instance at 0x7f6ff5629d70>,28,25,[6 2],29,-1,64,-1,39
1,<environment.Job instance at 0x7f6ff5629960>,29,18,[12  4],30,-1,57,-1,39
1,<environment.Job instance at 0x7f6ff48afb90>,31,26,[11  5],32,-1,65,-1,39
1,<environment.Job instance at 0x7f6ff48cbfa0>,34,16,[11  2],35,-1,71,-1,55
1,<environment.Job instance at 0x7f6ff4ccd320>,35,15,[13  5],36,-1,70,-1,55
1,<environment.Job instance at 0x7f6ff48d7b90>,38,27,[14  3],39,-1,94,-1,67
1,<environment.Job instance at 0x7f6ff48d7690>,40,26,[ 4 10],41,-1,101,-1,75
1,<environment.Job instance at 0x7f6ff4d3ad70>,41,26,[8 3],42,-1,101,-1,75
1,<environment.Job instance at 0x7f6ff48d4190>,42,23,[12  1],43,-1,98,-1,75
1,<environment.Job instance at 0x7f6ff4c12320>,43,19,[ 2 13],44,-1,94,-1,75
1,<environment.Job instance at 0x7f6ff47fe5a0>,44,22,[11  1],45,-1,97,-1,75
1,<environment.Job instance at 0x7f6ff4cdd370>,45,22,[ 1 13],46,-1,97,-1,75
1,<environment.Job instance at 0x7f6ff47e5aa0>,46,24,[ 2 14],47,-1,99,-1,75
1,<environment.Job instance at 0x7f6ff4c4b140>,48,23,[13  3],49,-1,106,-1,83
1,<environment.Job instance at 0x7f6ff4c4beb0>,49,25,[10  5],50,-1,108,-1,83
1,<environment.Job instance at 0x7f6ff4c55a50>,50,20,[13  5],51,-1,103,-1,83
1,<environment.Job instance at 0x7f6ff4c4be10>,51,24,[14  3],52,-1,107,-1,83
1,<environment.Job instance at 0x7f6ff4c55050>,52,23,[13  5],53,-1,106,-1,83
1,<environment.Job instance at 0x7f6ff484dd70>,53,21,[12  3],54,-1,104,-1,83
1,<environment.Job instance at 0x7f6ff4be0820>,55,28,[ 4 11],56,-1,119,-1,91
1,<environment.Job instance at 0x7f6ff4be0780>,56,18,[ 4 12],57,-1,109,-1,91
1,<environment.Job instance at 0x7f6ff4c7f780>,57,22,[14  1],58,-1,113,-1,91
1,<environment.Job instance at 0x7f6ff4c7f5a0>,58,25,[7 3],59,-1,116,-1,91
1,<environment.Job instance at 0x7f6ff4c7f640>,59,27,[ 4 13],60,-1,118,-1,91
1,<environment.Job instance at 0x7f6ff4851780>,60,26,[8 4],61,-1,117,-1,91
1,<environment.Job instance at 0x7f6ff4851a00>,61,12,[11  1],62,-1,103,-1,91
1,<environment.Job instance at 0x7f6ff4c8be60>,63,16,[14  1],64,-1,113,-1,97
1,<environment.Job instance at 0x7f6ff4c8bfa0>,64,27,[ 1 10],65,-1,124,-1,97
1,<environment.Job instance at 0x7f6ff4c8b7d0>,66,19,[13  1],67,-1,129,-1,110
1,<environment.Job instance at 0x7f6ff4c8bcd0>,67,15,[12  2],68,-1,125,-1,110
1,<environment.Job instance at 0x7f6ff4c8bdc0>,68,20,[11  2],69,-1,130,-1,110
1,<environment.Job instance at 0x7f6ff4c8bc30>,69,25,[ 2 13],70,-1,135,-1,110
1,<environment.Job instance at 0x7f6ff4c7caf0>,72,24,[ 3 13],73,-1,149,-1,125
1,<environment.Job instance at 0x7f6ff4c7cf00>,73,15,[ 2 13],74,-1,140,-1,125
1,<environment.Job instance at 0x7f6ff4c7c320>,74,13,[ 5 14],75,-1,138,-1,125
1,<environment.Job instance at 0x7f6ff4c7c780>,75,20,[11  2],76,-1,145,-1,125
1,<environment.Job instance at 0x7f6ff4c96280>,77,21,[ 4 14],78,-1,147,-1,126
1,<environment.Job instance at 0x7f6ff4c96b90>,79,15,[14  4],80,-1,156,-1,141
1,<environment.Job instance at 0x7f6ff4c267d0>,81,23,[13  1],82,-1,168,-1,145
1,<environment.Job instance at 0x7f6ff4c26fa0>,83,26,[ 1 11],84,-1,187,-1,161
1,<environment.Job instance at 0x7f6ff4c26e60>,84,14,[ 3 13],85,-1,175,-1,161
1,<environment.Job instance at 0x7f6ff4be9190>,87,27,[10  3],88,-1,198,-1,171
1,<environment.Job instance at 0x7f6ff4be9730>,88,16,[12  5],89,-1,187,-1,171
1,<environment.Job instance at 0x7f6ff4be9b90>,89,14,[14  5],90,-1,185,-1,171
1,<environment.Job instance at 0x7f6ff4be9d20>,90,13,[ 5 13],91,-1,184,-1,171
1,<environment.Job instance at 0x7f6ff4be9a00>,92,26,[13  2],93,-1,202,-1,176
1,<environment.Job instance at 0x7f6ffe980460>,1,26,[1 9],2,-1,28,-1,2
1,<environment.Job instance at 0x7f6ff48251e0>,2,27,[14  4],3,-1,30,-1,3
1,<environment.Job instance at 0x7f6ff48256e0>,3,18,[14  2],4,-1,22,-1,4
1,<environment.Job instance at 0x7f6ff4825cd0>,4,25,[13  3],5,-1,30,-1,5
1,<environment.Job instance at 0x7f6ff4825a50>,6,23,[12  4],7,-1,30,-1,7
1,<environment.Job instance at 0x7f6ff4825af0>,7,25,[9 2],8,-1,33,-1,8
1,<environment.Job instance at 0x7f6ff5120550>,9,16,[14  4],10,-1,26,-1,10
1,<environment.Job instance at 0x7f6ff4825c30>,8,20,[11  2],9,-1,30,-1,10
1,<environment.Job instance at 0x7f6ff4825370>,13,22,[ 1 12],14,-1,36,-1,14
1,<environment.Job instance at 0x7f6ff4825be0>,11,22,[5 9],12,-1,36,-1,14
1,<environment.Job instance at 0x7f6ff4825870>,15,26,[ 3 12],16,-1,42,-1,16
1,<environment.Job instance at 0x7f6ff48250a0>,16,27,[ 2 14],17,-1,44,-1,17
1,<environment.Job instance at 0x7f6ff4825b90>,17,24,[13  5],18,-1,42,-1,18
1,<environment.Job instance at 0x7f6ff4825fa0>,22,15,[14  2],23,-1,49,-1,34
1,<environment.Job instance at 0x7f6ff4851af0>,23,15,[ 1 13],24,-1,49,-1,34
1,<environment.Job instance at 0x7f6ff4851e10>,24,20,[12  2],25,-1,54,-1,34
1,<environment.Job instance at 0x7f6ff4851870>,25,14,[ 2 10],26,-1,48,-1,34
1,<environment.Job instance at 0x7f6ff4851140>,26,17,[14  5],27,-1,51,-1,34
1,<environment.Job instance at 0x7f6ff4851e60>,27,24,[13  3],28,-1,58,-1,34
1,<environment.Job instance at 0x7f6ff4851230>,28,22,[12  3],29,-1,56,-1,34
1,<environment.Job instance at 0x7f6ff4851b40>,29,14,[ 5 10],30,-1,48,-1,34
1,<environment.Job instance at 0x7f6ff48971e0>,31,23,[10  4],32,-1,73,-1,50
1,<environment.Job instance at 0x7f6ff4897280>,32,13,[ 1 10],33,-1,63,-1,50
1,<environment.Job instance at 0x7f6ff4897190>,33,21,[8 1],34,-1,71,-1,50
1,<environment.Job instance at 0x7f6ff48976e0>,34,20,[14  2],35,-1,70,-1,50
1,<environment.Job instance at 0x7f6ff4897320>,36,17,[ 3 10],37,-1,67,-1,50
1,<environment.Job instance at 0x7f6ff48978c0>,38,19,[1 7],39,-1,71,-1,52
1,<environment.Job instance at 0x7f6ff4897af0>,39,18,[14  4],40,-1,70,-1,52
1,<environment.Job instance at 0x7f6ff4897820>,40,22,[ 4 14],41,-1,74,-1,52
1,<environment.Job instance at 0x7f6ff4897780>,41,20,[11  4],42,-1,72,-1,52
1,<environment.Job instance at 0x7f6ff4897410>,42,23,[14  4],43,-1,75,-1,52
1,<environment.Job instance at 0x7f6ff4897500>,43,19,[ 3 14],44,-1,71,-1,52
1,<environment.Job instance at 0x7f6ff48970a0>,44,21,[14  2],45,-1,73,-1,52
1,<environment.Job instance at 0x7f6ff4897be0>,45,24,[14  2],46,-1,76,-1,52
1,<environment.Job instance at 0x7f6ff48979b0>,46,21,[ 5 11],47,-1,73,-1,52
1,<environment.Job instance at 0x7f6ff4897050>,47,20,[ 2 12],48,-1,72,-1,52
1,<environment.Job instance at 0x7f6ff4897730>,48,23,[ 4 11],49,-1,75,-1,52
1,<environment.Job instance at 0x7f6ff4897a50>,49,16,[ 3 14],50,-1,68,-1,52
1,<environment.Job instance at 0x7f6ffe3bcbe0>,50,23,[ 3 13],51,-1,75,-1,52
1,<environment.Job instance at 0x7f6ff4fc7140>,51,21,[14  4],52,-1,73,-1,52
1,<environment.Job instance at 0x7f6ff4fdbd20>,53,24,[ 3 10],54,-1,89,-1,65
1,<environment.Job instance at 0x7f6ff4fdba50>,58,14,[ 1 14],59,-1,111,-1,97
1,<environment.Job instance at 0x7f6ff4fdbaa0>,59,25,[5 8],60,-1,122,-1,97
1,<environment.Job instance at 0x7f6ff4fdb5a0>,60,27,[7 4],61,-1,124,-1,97
1,<environment.Job instance at 0x7f6ff4fdb550>,61,21,[ 3 11],62,-1,118,-1,97
1,<environment.Job instance at 0x7f6ff4fdba00>,62,14,[12  4],63,-1,111,-1,97
1,<environment.Job instance at 0x7f6ff4fd63c0>,63,12,[10  3],64,-1,109,-1,97
1,<environment.Job instance at 0x7f6ff4fd68c0>,64,26,[ 3 12],65,-1,123,-1,97
1,<environment.Job instance at 0x7f6ff4fd6370>,65,12,[11  4],66,-1,109,-1,97
1,<environment.Job instance at 0x7f6ff4fd6f00>,68,12,[11  3],69,-1,125,-1,113
1,<environment.Job instance at 0x7f6ff56c65a0>,69,16,[ 3 12],70,-1,129,-1,113
1,<environment.Job instance at 0x7f6ff56c6dc0>,71,15,[14  5],72,-1,132,-1,117
1,<environment.Job instance at 0x7f6ff56c6b40>,72,13,[14  1],73,-1,130,-1,117
1,<environment.Job instance at 0x7f6ff56c67d0>,73,24,[8 2],74,-1,141,-1,117
1,<environment.Job instance at 0x7f6ff56c6910>,74,21,[ 2 12],75,-1,138,-1,117
1,<environment.Job instance at 0x7f6ff4b1dfa0>,75,23,[ 2 12],76,-1,140,-1,117
1,<environment.Job instance at 0x7f6ff4fd9320>,76,14,[ 4 10],77,-1,131,-1,117
1,<environment.Job instance at 0x7f6ff4fd9af0>,77,26,[ 5 11],78,-1,143,-1,117
1,<environment.Job instance at 0x7f6ff4fd9370>,79,21,[9 2],80,-1,161,-1,140
1,<environment.Job instance at 0x7f6ff4b23960>,80,18,[14  2],81,-1,158,-1,140
1,<environment.Job instance at 0x7f6ff5614cd0>,81,16,[ 5 11],82,-1,156,-1,140
1,<environment.Job instance at 0x7f6ff4e15780>,82,22,[ 1 14],83,-1,162,-1,140
1,<environment.Job instance at 0x7f6ff4d6d460>,84,25,[ 3 14],85,-1,165,-1,140
1,<environment.Job instance at 0x7f6ff4d6d6e0>,85,28,[2 8],86,-1,168,-1,140
1,<environment.Job instance at 0x7f6ff4d6db40>,86,21,[ 5 14],87,-1,161,-1,140
1,<environment.Job instance at 0x7f6ffe588b90>,87,27,[9 3],88,-1,167,-1,140
1,<environment.Job instance at 0x7f6ff4f3fb90>,88,15,[13  3],89,-1,155,-1,140
1,<environment.Job instance at 0x7f6ff4d7e870>,90,12,[ 3 12],91,-1,160,-1,148
1,<environment.Job instance at 0x7f6ff4d5d050>,91,26,[7 3],92,-1,174,-1,148
1,<environment.Job instance at 0x7f6ff4d5da00>,92,25,[ 1 13],93,-1,173,-1,148
1,<environment.Job instance at 0x7f6ff48a5eb0>,94,26,[11  4],95,-1,174,-1,148
1,<environment.Job instance at 0x7f6ff483f410>,95,22,[8 2],96,-1,174,-1,152
1,<environment.Job instance at 0x7f6ff4de5fa0>,96,17,[11  1],97,-1,169,-1,152
1,<environment.Job instance at 0x7f6ff48d93c0>,97,20,[ 1 11],98,-1,172,-1,152
1,<environment.Job instance at 0x7f6ff4d5d8c0>,98,19,[13  2],99,-1,171,-1,152
1,<environment.Job instance at 0x7f6ff4db7190>,99,12,[ 1 11],100,-1,164,-1,152
1,<environment.Job instance at 0x7f6ff48d83c0>,100,20,[13  5],101,-1,172,-1,152
1,<environment.Job instance at 0x7f6ff48d8f50>,101,27,[1 8],102,-1,179,-1,152
1,<environment.Job instance at 0x7f6ff480bd70>,103,24,[11  3],104,-1,188,-1,164
1,<environment.Job instance at 0x7f6ff480b5a0>,104,18,[13  3],105,-1,182,-1,164
1,<environment.Job instance at 0x7f6ff480b5f0>,107,23,[13  3],108,-1,201,-1,178
1,<environment.Job instance at 0x7f6ff4e0c5f0>,2,12,[14  4],3,-1,15,-1,3
1,<environment.Job instance at 0x7f6ff4e0c550>,4,25,[13  4],5,-1,30,-1,5
1,<environment.Job instance at 0x7f6ff4aae820>,9,24,[ 2 14],10,-1,45,-1,21
1,<environment.Job instance at 0x7f6ff4aaeaa0>,10,28,[2 7],11,-1,49,-1,21
1,<environment.Job instance at 0x7f6ff4aae500>,11,13,[ 1 14],12,-1,34,-1,21
1,<environment.Job instance at 0x7f6ff4b29140>,13,23,[12  2],14,-1,44,-1,21
1,<environment.Job instance at 0x7f6ff4b29960>,14,18,[ 4 12],15,-1,39,-1,21
1,<environment.Job instance at 0x7f6ff4b29e10>,15,25,[6 5],16,-1,46,-1,21
1,<environment.Job instance at 0x7f6ff4c8b6e0>,17,27,[5 9],18,-1,49,-1,22
1,<environment.Job instance at 0x7f6ff4c8b5a0>,18,27,[2 6],19,-1,50,-1,23
1,<environment.Job instance at 0x7f6ff4c8bd20>,19,17,[ 4 14],20,-1,40,-1,23
1,<environment.Job instance at 0x7f6ff4c8bdc0>,20,15,[ 2 14],21,-1,38,-1,23
1,<environment.Job instance at 0x7f6ff4c8beb0>,21,17,[ 5 13],22,-1,40,-1,23
1,<environment.Job instance at 0x7f6ff4ab2d20>,22,23,[12  3],23,-1,46,-1,23
1,<environment.Job instance at 0x7f6ff4b920f0>,23,20,[14  1],24,-1,44,-1,24
1,<environment.Job instance at 0x7f6ff4decaa0>,30,18,[14  3],31,-1,87,-1,69
1,<environment.Job instance at 0x7f6ff4c635a0>,33,18,[14  3],34,-1,108,-1,90
1,<environment.Job instance at 0x7f6ff48764b0>,34,23,[ 2 11],35,-1,113,-1,90
1,<environment.Job instance at 0x7f6ff4853460>,35,18,[ 5 11],36,-1,108,-1,90
1,<environment.Job instance at 0x7f6ff55a6960>,36,27,[11  5],37,-1,117,-1,90
1,<environment.Job instance at 0x7f6ff4806b90>,37,17,[12  5],38,-1,107,-1,90
1,<environment.Job instance at 0x7f6ff4814140>,39,21,[11  1],40,-1,112,-1,91
1,<environment.Job instance at 0x7f6ff48148c0>,40,14,[12  4],41,-1,105,-1,91
1,<environment.Job instance at 0x7f6ff4814b90>,41,26,[5 4],42,-1,117,-1,91
1,<environment.Job instance at 0x7f6ff4814a00>,43,26,[1 6],44,-1,139,-1,113
1,<environment.Job instance at 0x7f6ff4814be0>,45,19,[11  4],46,-1,145,-1,126
1,<environment.Job instance at 0x7f6ff4814c30>,46,23,[11  3],47,-1,149,-1,126
1,<environment.Job instance at 0x7f6ff4814320>,50,14,[ 3 13],51,-1,161,-1,147
1,<environment.Job instance at 0x7f6ff48147d0>,52,28,[5 5],53,-1,181,-1,153
1,<environment.Job instance at 0x7f6ff4881be0>,54,20,[13  1],55,-1,174,-1,154
1,<environment.Job instance at 0x7f6ffe80c410>,55,21,[ 3 12],56,-1,175,-1,154
1,<environment.Job instance at 0x7f6ff4881a50>,56,25,[12  3],57,-1,179,-1,154
1,<environment.Job instance at 0x7f6ff55aff00>,1,27,[ 1 11],2,-1,29,-1,2
1,<environment.Job instance at 0x7f6ff55af190>,3,26,[11  2],4,-1,30,-1,4
1,<environment.Job instance at 0x7f6ff5593460>,7,27,[ 5 14],8,-1,35,-1,8
1,<environment.Job instance at 0x7f6ff5593d20>,9,20,[ 2 13],10,-1,30,-1,10
1,<environment.Job instance at 0x7f6ff5593eb0>,10,26,[ 4 14],11,-1,37,-1,11
1,<environment.Job instance at 0x7f6ff55931e0>,14,17,[13  1],15,-1,33,-1,16
1,<environment.Job instance at 0x7f6ff5583d20>,15,23,[ 4 11],16,-1,39,-1,16
1,<environment.Job instance at 0x7f6ff5583820>,16,21,[ 5 14],17,-1,38,-1,17
1,<environment.Job instance at 0x7f6ff5583780>,17,17,[13  3],18,-1,35,-1,18
1,<environment.Job instance at 0x7f6ff55835f0>,20,14,[13  2],21,-1,46,-1,32
1,<environment.Job instance at 0x7f6ff557d230>,22,23,[ 1 14],23,-1,55,-1,32
1,<environment.Job instance at 0x7f6ff557d5f0>,23,27,[5 5],24,-1,67,-1,40
1,<environment.Job instance at 0x7f6ff557d8c0>,25,28,[ 5 11],26,-1,78,-1,50
1,<environment.Job instance at 0x7f6ff50147d0>,27,27,[ 2 14],28,-1,77,-1,50
1,<environment.Job instance at 0x7f6ff55b2460>,31,25,[5 8],32,-1,105,-1,80
1,<environment.Job instance at 0x7f6ff55b2aa0>,32,23,[ 3 12],33,-1,103,-1,80
1,<environment.Job instance at 0x7f6ff55b2e60>,33,20,[11  5],34,-1,108,-1,88
1,<environment.Job instance at 0x7f6ff55b26e0>,35,24,[6 1],36,-1,113,-1,89
1,<environment.Job instance at 0x7f6ff586dc80>,36,26,[ 1 12],37,-1,115,-1,89
1,<environment.Job instance at 0x7f6ff586dd20>,37,13,[12  3],38,-1,102,-1,89
1,<environment.Job instance at 0x7f6ff55e20f0>,40,24,[11  5],41,-1,132,-1,108
1,<environment.Job instance at 0x7f6ff4e03870>,41,25,[2 7],42,-1,135,-1,110
1,<environment.Job instance at 0x7f6ff4bd9fa0>,42,23,[10  4],43,-1,145,-1,122
1,<environment.Job instance at 0x7f6ff4ebdaa0>,46,18,[14  2],47,-1,157,-1,139
1,<environment.Job instance at 0x7f6ff4ebdaf0>,47,27,[ 5 13],48,-1,166,-1,139
1,<environment.Job instance at 0x7f6ff5380550>,49,21,[12  3],50,-1,162,-1,141
1,<environment.Job instance at 0x7f6ff4ebdbe0>,50,27,[ 5 12],51,-1,168,-1,141
1,<environment.Job instance at 0x7f6ff47a8dc0>,52,16,[ 2 13],53,-1,157,-1,141
1,<environment.Job instance at 0x7f6ff4779af0>,55,13,[14  1],56,-1,167,-1,154
1,<environment.Job instance at 0x7f6ff4779730>,56,26,[11  5],57,-1,180,-1,154
1,<environment.Job instance at 0x7f6ff476a8c0>,57,14,[ 2 13],58,-1,168,-1,154
1,<environment.Job instance at 0x7f6ff47730a0>,58,13,[14  5],59,-1,167,-1,154
1,<environment.Job instance at 0x7f6ff4773f50>,59,18,[12  4],60,-1,172,-1,154
1,<environment.Job instance at 0x7f6ff5ca2fa0>,60,21,[ 2 14],61,-1,175,-1,154
1,<environment.Job instance at 0x7f6ff47ab370>,62,23,[13  4],63,-1,194,-1,171
1,<environment.Job instance at 0x7f6ff4778af0>,64,18,[ 1 12],65,-1,189,-1,171
1,<environment.Job instance at 0x7f6ff4778d20>,65,23,[9 4],66,-1,196,-1,173
1,<environment.Job instance at 0x7f6ff47789b0>,66,26,[ 1 10],67,-1,199,-1,173
1,<environment.Job instance at 0x7f6ff4778d70>,67,18,[13  5],68,-1,191,-1,173
1,<environment.Job instance at 0x7f6ff47887d0>,68,21,[12  5],69,-1,194,-1,173
1,<environment.Job instance at 0x7f6ff47885a0>,70,20,[11  5],71,-1,204,-1,184
1,<environment.Job instance at 0x7f6ff47889b0>,71,27,[8 5],72,-1,211,-1,184
1,<environment.Job instance at 0x7f6ff5593a50>,73,28,[5 7],74,-1,217,-1,189
1,<environment.Job instance at 0x7f6ff5593c30>,74,12,[ 4 11],75,-1,201,-1,189
1,<environment.Job instance at 0x7f6ff5593550>,75,25,[13  4],76,-1,214,-1,189
1,<environment.Job instance at 0x7f6ff47936e0>,76,21,[ 1 12],77,-1,210,-1,189
1,<environment.Job instance at 0x7f6ff4793460>,77,22,[ 4 12],78,-1,211,-1,189
1,<environment.Job instance at 0x7f6ff4793140>,78,22,[13  5],79,-1,211,-1,189
1,<environment.Job instance at 0x7f6ff4793230>,79,28,[13  2],80,-1,217,-1,189
1,<environment.Job instance at 0x7f6ff4793230>,3,13,[ 1 13],4,-1,17,-1,4
1,<environment.Job instance at 0x7f6ff586d410>,5,24,[ 5 12],6,-1,30,-1,6
1,<environment.Job instance at 0x7f6ff586de60>,6,22,[ 3 14],7,-1,29,-1,7
1,<environment.Job instance at 0x7f6ff586deb0>,11,24,[4 5],12,-1,42,-1,18
1,<environment.Job instance at 0x7f6ff586df00>,13,12,[13  3],14,-1,30,-1,18
1,<environment.Job instance at 0x7f6ff586d140>,14,25,[ 5 10],15,-1,43,-1,18
1,<environment.Job instance at 0x7f6ff55b2f00>,16,14,[11  2],17,-1,43,-1,29
1,<environment.Job instance at 0x7f6ff55b2af0>,17,15,[ 3 14],18,-1,44,-1,29
1,<environment.Job instance at 0x7f6ff55b2fa0>,19,27,[13  4],20,-1,56,-1,29
1,<environment.Job instance at 0x7f6ff55b24b0>,22,15,[ 4 14],23,-1,61,-1,46
1,<environment.Job instance at 0x7f6ff55b2190>,23,12,[ 1 14],24,-1,58,-1,46
1,<environment.Job instance at 0x7f6ff55b2640>,24,20,[ 1 12],25,-1,66,-1,46
1,<environment.Job instance at 0x7f6ff4894870>,27,14,[ 4 12],28,-1,78,-1,64
1,<environment.Job instance at 0x7f6ff4894fa0>,29,25,[ 1 14],30,-1,97,-1,72
1,<environment.Job instance at 0x7f6ff4894f00>,30,14,[11  5],31,-1,86,-1,72
1,<environment.Job instance at 0x7f6ff4894960>,32,23,[ 4 13],33,-1,102,-1,79
1,<environment.Job instance at 0x7f6ff4894b40>,33,19,[11  1],34,-1,98,-1,79
1,<environment.Job instance at 0x7f6ff4894a50>,34,26,[11  4],35,-1,105,-1,79
1,<environment.Job instance at 0x7f6ff48945f0>,37,13,[ 3 13],38,-1,113,-1,100
1,<environment.Job instance at 0x7f6ff48943c0>,38,15,[14  4],39,-1,115,-1,100
1,<environment.Job instance at 0x7f6ff48947d0>,39,18,[ 3 14],40,-1,118,-1,100
1,<environment.Job instance at 0x7f6ff4894730>,40,28,[5 2],41,-1,128,-1,100
1,<environment.Job instance at 0x7f6ff4894910>,41,21,[ 4 12],42,-1,121,-1,100
1,<environment.Job instance at 0x7f6ff48940f0>,43,18,[11  5],44,-1,123,-1,105
1,<environment.Job instance at 0x7f6ff4894140>,47,21,[11  3],48,-1,177,-1,156
1,<environment.Job instance at 0x7f6ff4b176e0>,51,14,[11  3],52,-1,177,-1,163
1,<environment.Job instance at 0x7f6ff4b17820>,52,28,[2 7],53,-1,191,-1,163
1,<environment.Job instance at 0x7f6ff4b172d0>,53,27,[11  2],54,-1,190,-1,163
1,<environment.Job instance at 0x7f6ff4861c80>,56,22,[14  2],57,-1,201,-1,179
1,<environment.Job instance at 0x7f6ff4a1f230>,3,17,[ 5 11],4,-1,21,-1,4
1,<environment.Job instance at 0x7f6ff5332190>,9,25,[9 4],10,-1,40,-1,15
1,<environment.Job instance at 0x7f6ff53321e0>,10,15,[13  3],11,-1,30,-1,15
1,<environment.Job instance at 0x7f6ff5332af0>,11,17,[ 1 14],12,-1,32,-1,15
1,<environment.Job instance at 0x7f6ff53320a0>,13,28,[ 5 13],14,-1,43,-1,15
1,<environment.Job instance at 0x7f6ff5332c30>,14,15,[12  1],15,-1,30,-1,15
1,<environment.Job instance at 0x7f6ff5332550>,15,25,[ 5 14],16,-1,41,-1,16
1,<environment.Job instance at 0x7f6ff5332eb0>,17,26,[4 9],18,-1,52,-1,26
1,<environment.Job instance at 0x7f6ff5332820>,18,27,[10  5],19,-1,53,-1,26
1,<environment.Job instance at 0x7f6ff53323c0>,19,18,[11  4],20,-1,66,-1,48
1,<environment.Job instance at 0x7f6ff5332960>,23,16,[13  4],24,-1,71,-1,55
1,<environment.Job instance at 0x7f6ff5332140>,25,16,[ 5 12],26,-1,77,-1,61
1,<environment.Job instance at 0x7f6ff54c9e10>,32,14,[12  4],33,-1,136,-1,122
1,<environment.Job instance at 0x7f6ff54c9b90>,34,12,[12  1],35,-1,140,-1,128
1,<environment.Job instance at 0x7f6ff54c9190>,35,21,[12  3],36,-1,149,-1,128
1,<environment.Job instance at 0x7f6ff54c93c0>,36,12,[ 5 13],37,-1,140,-1,128
1,<environment.Job instance at 0x7f6ff54c9be0>,37,12,[11  4],38,-1,140,-1,128
1,<environment.Job instance at 0x7f6ff54c9140>,38,15,[ 1 12],39,-1,143,-1,128
1,<environment.Job instance at 0x7f6ff54c9af0>,40,28,[7 1],41,-1,163,-1,135
1,<environment.Job instance at 0x7f6ff54c9960>,41,12,[13  3],42,-1,147,-1,135
1,<environment.Job instance at 0x7f6ff54c96e0>,42,16,[ 3 12],43,-1,151,-1,135
1,<environment.Job instance at 0x7f6ff5123320>,43,22,[ 5 14],44,-1,157,-1,135
1,<environment.Job instance at 0x7f6ff5123780>,44,28,[2 9],45,-1,163,-1,135
1,<environment.Job instance at 0x7f6ff51237d0>,45,19,[ 4 14],46,-1,154,-1,135
1,<environment.Job instance at 0x7f6ff5123500>,46,23,[9 5],47,-1,161,-1,138
1,<environment.Job instance at 0x7f6ff5123be0>,48,27,[13  3],49,-1,174,-1,147
1,<environment.Job instance at 0x7f6ff5123c30>,49,17,[ 4 12],50,-1,164,-1,147
1,<environment.Job instance at 0x7f6ff5123c80>,54,27,[ 3 14],55,-1,201,-1,174
1,<environment.Job instance at 0x7f6ff51239b0>,56,27,[3 6],57,-1,204,-1,177
1,<environment.Job instance at 0x7f6ff4e2b7d0>,1,18,[ 2 11],2,-1,20,-1,2
1,<environment.Job instance at 0x7f6ff50a7d70>,3,18,[13  2],4,-1,22,-1,4
1,<environment.Job instance at 0x7f6ff50d5eb0>,4,28,[7 1],5,-1,33,-1,5
1,<environment.Job instance at 0x7f6ff50d5af0>,5,23,[ 5 13],6,-1,29,-1,6
1,<environment.Job instance at 0x7f6ff50d5f00>,7,28,[ 1 10],8,-1,36,-1,8
1,<environment.Job instance at 0x7f6ff50d5730>,8,25,[ 2 12],9,-1,34,-1,9
1,<environment.Job instance at 0x7f6ff50d55f0>,9,12,[ 4 14],10,-1,22,-1,10
1,<environment.Job instance at 0x7f6ff50c3e10>,10,28,[10  3],11,-1,39,-1,11
1,<environment.Job instance at 0x7f6ff50c3c80>,11,23,[11  2],12,-1,35,-1,12
1,<environment.Job instance at 0x7f6ff51c5dc0>,14,27,[1 7],15,-1,43,-1,16
1,<environment.Job instance at 0x7f6ff50db8c0>,16,22,[ 3 12],17,-1,39,-1,17
1,<environment.Job instance at 0x7f6ff50db870>,17,14,[12  4],18,-1,32,-1,18
1,<environment.Job instance at 0x7f6ff50dbf50>,18,28,[11  3],19,-1,47,-1,19
1,<environment.Job instance at 0x7f6ff50a0190>,19,24,[ 5 12],20,-1,44,-1,20
1,<environment.Job instance at 0x7f6ff50a09b0>,20,27,[2 5],21,-1,52,-1,25
1,<environment.Job instance at 0x7f6ff50aa280>,22,23,[14  4],23,-1,48,-1,25
1,<environment.Job instance at 0x7f6ff50aa1e0>,23,17,[13  5],24,-1,42,-1,25
1,<environment.Job instance at 0x7f6ff50aa5a0>,24,22,[13  1],25,-1,47,-1,25
1,<environment.Job instance at 0x7f6ff50aa410>,25,24,[12  4],26,-1,50,-1,26
1,<environment.Job instance at 0x7f6ff50aaf00>,26,25,[6 3],27,-1,52,-1,27
1,<environment.Job instance at 0x7f6ff50aa5f0>,27,27,[9 5],28,-1,55,-1,28
1,<environment.Job instance at 0x7f6ff50aac80>,28,18,[ 3 11],29,-1,47,-1,29
1,<environment.Job instance at 0x7f6ff50aa960>,29,14,[ 2 13],30,-1,44,-1,30
1,<environment.Job instance at 0x7f6ff4f4ddc0>,34,17,[ 4 14],35,-1,64,-1,47
1,<environment.Job instance at 0x7f6ff5033f50>,35,15,[ 2 14],36,-1,62,-1,47
1,<environment.Job instance at 0x7f6ff4f204b0>,40,23,[5 9],41,-1,102,-1,79
1,<environment.Job instance at 0x7f6ff50a6eb0>,41,17,[ 2 14],42,-1,96,-1,79
1,<environment.Job instance at 0x7f6ff4f2e730>,42,22,[11  4],43,-1,101,-1,79
1,<environment.Job instance at 0x7f6ff502a730>,43,28,[11  2],44,-1,107,-1,79
1,<environment.Job instance at 0x7f6ff4f5a3c0>,44,28,[ 4 10],45,-1,107,-1,79
1,<environment.Job instance at 0x7f6ff5036870>,45,24,[6 2],46,-1,103,-1,79
1,<environment.Job instance at 0x7f6ff4f43f50>,47,26,[12  4],48,-1,105,-1,79
1,<environment.Job instance at 0x7f6ff50417d0>,48,13,[12  3],49,-1,92,-1,79
1,<environment.Job instance at 0x7f6ff4f43190>,49,16,[ 5 11],50,-1,95,-1,79
1,<environment.Job instance at 0x7f6ff5d33cd0>,51,20,[ 1 11],52,-1,100,-1,80
1,<environment.Job instance at 0x7f6ff5031780>,52,13,[9 1],53,-1,94,-1,81
1,<environment.Job instance at 0x7f6ff50206e0>,56,19,[13  2],57,-1,125,-1,106
1,<environment.Job instance at 0x7f6ff50209b0>,57,27,[5 9],58,-1,133,-1,106
1,<environment.Job instance at 0x7f6ff5020960>,58,24,[ 3 14],59,-1,130,-1,106
1,<environment.Job instance at 0x7f6ff5020eb0>,59,24,[3 7],60,-1,130,-1,106
1,<environment.Job instance at 0x7f6ff5020b90>,62,14,[ 5 11],63,-1,134,-1,120
1,<environment.Job instance at 0x7f6ff505c5f0>,65,17,[ 2 13],66,-1,153,-1,136
1,<environment.Job instance at 0x7f6ff505c050>,66,16,[14  4],67,-1,152,-1,136
1,<environment.Job instance at 0x7f6ff505c500>,67,18,[ 1 14],68,-1,154,-1,136
1,<environment.Job instance at 0x7f6ff505c230>,68,16,[ 3 14],69,-1,152,-1,136
1,<environment.Job instance at 0x7f6ff505c550>,71,16,[11  2],72,-1,167,-1,151
1,<environment.Job instance at 0x7f6ff5d26320>,73,23,[14  2],74,-1,176,-1,153
1,<environment.Job instance at 0x7f6ff5d26370>,74,24,[5 9],75,-1,177,-1,153
1,<environment.Job instance at 0x7f6ff5d264b0>,75,12,[12  5],76,-1,165,-1,153
1,<environment.Job instance at 0x7f6ff5d26550>,76,28,[ 2 11],77,-1,181,-1,153
1,<environment.Job instance at 0x7f6ff5d265f0>,77,26,[9 1],78,-1,179,-1,153
1,<environment.Job instance at 0x7f6ff5d26870>,79,23,[14  3],80,-1,191,-1,168
1,<environment.Job instance at 0x7f6ff5d26aa0>,80,18,[ 3 13],81,-1,186,-1,168
1,<environment.Job instance at 0x7f6ff5d26a50>,81,12,[13  1],82,-1,180,-1,168
1,<environment.Job instance at 0x7f6ff5d268c0>,82,16,[ 4 12],83,-1,184,-1,168
1,<environment.Job instance at 0x7f6ff5d26b40>,83,25,[1 8],84,-1,193,-1,168
1,<environment.Job instance at 0x7f6ff5d26820>,87,26,[13  1],88,-1,207,-1,181
1,<environment.Job instance at 0x7f6ff4f5aaa0>,1,15,[ 3 13],2,-1,17,-1,2
1,<environment.Job instance at 0x7f6ff58514b0>,3,18,[ 2 12],4,-1,22,-1,4
1,<environment.Job instance at 0x7f6ff5d26820>,7,24,[14  3],8,-1,32,-1,8
1,<environment.Job instance at 0x7f6ff5851f50>,8,24,[2 6],9,-1,34,-1,10
1,<environment.Job instance at 0x7f6ff58519b0>,11,27,[2 5],12,-1,39,-1,12
1,<environment.Job instance at 0x7f6ff5851050>,12,25,[ 2 12],13,-1,38,-1,13
1,<environment.Job instance at 0x7f6ff58510f0>,13,24,[ 2 10],14,-1,38,-1,14
1,<environment.Job instance at 0x7f6ff5851c80>,14,23,[7 1],15,-1,38,-1,15
1,<environment.Job instance at 0x7f6ff5851870>,15,23,[11  3],16,-1,39,-1,16
1,<environment.Job instance at 0x7f6ff5851230>,16,26,[ 1 13],17,-1,43,-1,17
1,<environment.Job instance at 0x7f6ff5851e60>,17,24,[12  4],18,-1,42,-1,18
1,<environment.Job instance at 0x7f6ff58516e0>,19,27,[ 1 14],20,-1,47,-1,20
1,<environment.Job instance at 0x7f6ff4bf7960>,22,28,[ 5 13],23,-1,52,-1,24
1,<environment.Job instance at 0x7f6ff4bf72d0>,24,27,[6 4],25,-1,54,-1,27
1,<environment.Job instance at 0x7f6ff4bf7500>,25,13,[11  2],26,-1,40,-1,27
1,<environment.Job instance at 0x7f6ff4bf7410>,26,17,[ 2 14],27,-1,44,-1,27
1,<environment.Job instance at 0x7f6ff4bf7aa0>,30,25,[1 6],31,-1,83,-1,58
1,<environment.Job instance at 0x7f6ff4bf7730>,31,20,[11  1],32,-1,78,-1,58
1,<environment.Job instance at 0x7f6ff4bf7050>,35,12,[ 1 13],36,-1,92,-1,80
1,<environment.Job instance at 0x7f6ff4bf7d20>,37,14,[ 3 11],38,-1,95,-1,81
1,<environment.Job instance at 0x7f6ff4bf73c0>,39,15,[14  1],40,-1,97,-1,82
1,<environment.Job instance at 0x7f6ff4bf7320>,41,15,[14  4],42,-1,113,-1,98
1,<environment.Job instance at 0x7f6ff4bf7820>,42,25,[ 5 10],43,-1,123,-1,98
1,<environment.Job instance at 0x7f6ff4bfd370>,43,20,[12  3],44,-1,118,-1,98
1,<environment.Job instance at 0x7f6ff4bfd3c0>,44,20,[ 4 11],45,-1,118,-1,98
1,<environment.Job instance at 0x7f6ff4bfdcd0>,45,19,[ 2 13],46,-1,117,-1,98
1,<environment.Job instance at 0x7f6ff4bfd2d0>,46,15,[14  2],47,-1,113,-1,98
1,<environment.Job instance at 0x7f6ff4bfd6e0>,47,12,[13  3],48,-1,110,-1,98
1,<environment.Job instance at 0x7f6ff51b4140>,49,21,[11  1],50,-1,119,-1,98
1,<environment.Job instance at 0x7f6ff51b41e0>,51,25,[10  4],52,-1,138,-1,113
1,<environment.Job instance at 0x7f6ff51b4820>,52,23,[8 3],53,-1,136,-1,113
1,<environment.Job instance at 0x7f6ff51b4690>,54,18,[14  3],55,-1,131,-1,113
1,<environment.Job instance at 0x7f6ff51b43c0>,55,13,[11  5],56,-1,126,-1,113
1,<environment.Job instance at 0x7f6ff51b4460>,57,20,[12  2],58,-1,142,-1,122
1,<environment.Job instance at 0x7f6ff51b4eb0>,59,28,[8 4],60,-1,155,-1,127
1,<environment.Job instance at 0x7f6ff51b47d0>,60,17,[ 3 13],61,-1,144,-1,127
1,<environment.Job instance at 0x7f6ff51b44b0>,62,18,[11  5],63,-1,145,-1,127
1,<environment.Job instance at 0x7f6ff58198c0>,64,19,[12  3],65,-1,162,-1,143
1,<environment.Job instance at 0x7f6ff5819a50>,65,27,[ 1 13],66,-1,170,-1,143
1,<environment.Job instance at 0x7f6ff5819f50>,68,21,[ 5 12],69,-1,182,-1,161
1,<environment.Job instance at 0x7f6ff5819c30>,71,19,[ 2 13],72,-1,192,-1,173
1,<environment.Job instance at 0x7f6ff58193c0>,72,24,[ 4 12],73,-1,197,-1,173
1,<environment.Job instance at 0x7f6ff5819280>,74,23,[ 4 11],75,-1,203,-1,180
1,<environment.Job instance at 0x7f6ff5819aa0>,75,15,[14  2],76,-1,195,-1,180
1,<environment.Job instance at 0x7f6ff5332280>,5,15,[11  3],6,-1,21,-1,6
1,<environment.Job instance at 0x7f6ff5124a50>,6,28,[4 7],7,-1,36,-1,8
1,<environment.Job instance at 0x7f6ff471e6e0>,8,28,[ 4 10],9,-1,37,-1,9
1,<environment.Job instance at 0x7f6ff51be0f0>,9,16,[11  3],10,-1,26,-1,10
1,<environment.Job instance at 0x7f6ff4a10690>,16,25,[ 4 13],17,-1,73,-1,48
1,<environment.Job instance at 0x7f6ff4a10e10>,17,20,[13  1],18,-1,68,-1,48
1,<environment.Job instance at 0x7f6ff4a10af0>,18,27,[10  4],19,-1,75,-1,48
1,<environment.Job instance at 0x7f6ff4a104b0>,21,24,[ 4 10],22,-1,72,-1,48
1,<environment.Job instance at 0x7f6ff4a10050>,22,26,[ 4 13],23,-1,74,-1,48
1,<environment.Job instance at 0x7f6ff49fa0f0>,24,23,[7 4],25,-1,81,-1,58
1,<environment.Job instance at 0x7f6ff49fae60>,25,23,[5 6],26,-1,81,-1,58
1,<environment.Job instance at 0x7f6ff49fa5f0>,27,25,[ 5 14],28,-1,89,-1,64
1,<environment.Job instance at 0x7f6ff49fac80>,30,27,[ 5 11],31,-1,103,-1,76
1,<environment.Job instance at 0x7f6ff4941e60>,33,27,[5 6],34,-1,120,-1,93
1,<environment.Job instance at 0x7f6ff58c29b0>,36,26,[ 2 12],37,-1,139,-1,113
1,<environment.Job instance at 0x7f6ff47476e0>,38,22,[9 2],39,-1,152,-1,130
1,<environment.Job instance at 0x7f6ff58b9280>,40,16,[14  5],41,-1,146,-1,130
1,<environment.Job instance at 0x7f6ff58b9b40>,41,24,[5 1],42,-1,154,-1,130
1,<environment.Job instance at 0x7f6ff58b9f50>,42,17,[ 5 12],43,-1,147,-1,130
1,<environment.Job instance at 0x7f6ff58b9d70>,44,12,[5 1],45,-1,158,-1,146
1,<environment.Job instance at 0x7f6ff58b9320>,45,24,[5 8],46,-1,170,-1,146
1,<environment.Job instance at 0x7f6ff54c48c0>,48,23,[8 4],49,-1,182,-1,159
1,<environment.Job instance at 0x7f6ff54c4870>,49,12,[6 1],50,-1,171,-1,159
1,<environment.Job instance at 0x7f6ff4a11af0>,50,24,[1 9],51,-1,183,-1,159
1,<environment.Job instance at 0x7f6ff5d6fbe0>,51,19,[13  2],52,-1,178,-1,159
1,<environment.Job instance at 0x7f6ff4a0f410>,52,20,[11  2],53,-1,179,-1,159
1,<environment.Job instance at 0x7f6ff4945050>,53,12,[ 4 12],54,-1,171,-1,159
1,<environment.Job instance at 0x7f6ff5b8d730>,54,15,[14  2],55,-1,174,-1,159
1,<environment.Job instance at 0x7f6ff4a11140>,55,27,[6 2],56,-1,186,-1,159
1,<environment.Job instance at 0x7f6ff5c5c230>,56,20,[ 5 11],57,-1,179,-1,159
1,<environment.Job instance at 0x7f6ff494c050>,57,12,[12  2],58,-1,171,-1,159
1,<environment.Job instance at 0x7f6ff49ef3c0>,59,26,[4 6],60,-1,198,-1,172
1,<environment.Job instance at 0x7f6ff5c5cfa0>,60,24,[5 3],61,-1,196,-1,172
1,<environment.Job instance at 0x7f6ff492ea50>,61,13,[13  3],62,-1,185,-1,172
1,<environment.Job instance at 0x7f6ff58a8fa0>,62,13,[11  1],63,-1,185,-1,172
1,<environment.Job instance at 0x7f6ff58a8aa0>,63,23,[12  2],64,-1,195,-1,172
1,<environment.Job instance at 0x7f6ff49f7960>,64,12,[12  1],65,-1,184,-1,172
1,<environment.Job instance at 0x7f6ff49f7b40>,65,17,[12  5],66,-1,189,-1,172
1,<environment.Job instance at 0x7f6ff49f2f00>,67,14,[7 1],68,-1,187,-1,173
1,<environment.Job instance at 0x7f6ff49f2d20>,68,25,[6 4],69,-1,198,-1,173
1,<environment.Job instance at 0x7f6ff49f2fa0>,69,25,[14  3],70,-1,198,-1,173
1,<environment.Job instance at 0x7f6ff49f2dc0>,70,27,[8 1],71,-1,200,-1,173
1,<environment.Job instance at 0x7f6ff4925190>,71,27,[7 5],72,-1,200,-1,173
1,<environment.Job instance at 0x7f6ff4925140>,72,20,[ 3 12],73,-1,193,-1,173
1,<environment.Job instance at 0x7f6ff4925230>,73,28,[1 8],74,-1,201,-1,173
1,<environment.Job instance at 0x7f6ff4925550>,74,23,[13  1],75,-1,196,-1,173
1,<environment.Job instance at 0x7f6ff49251e0>,75,21,[ 2 10],76,-1,194,-1,173
1,<environment.Job instance at 0x7f6ff4925820>,76,20,[ 5 14],77,-1,193,-1,173
1,<environment.Job instance at 0x7f6ff4925b40>,77,17,[ 4 12],78,-1,190,-1,173
1,<environment.Job instance at 0x7f6ff4925730>,78,14,[12  3],79,-1,187,-1,173
1,<environment.Job instance at 0x7f6ff4925be0>,79,28,[ 5 12],80,-1,201,-1,173
1,<environment.Job instance at 0x7f6ff4925d70>,80,22,[4 6],81,-1,200,-1,178
1,<environment.Job instance at 0x7f6ff4925cd0>,81,16,[ 4 12],82,-1,194,-1,178
1,<environment.Job instance at 0x7f6ff4925910>,82,13,[ 1 12],83,-1,191,-1,178
1,<environment.Job instance at 0x7f6ff4925960>,83,26,[4 9],84,-1,204,-1,178
1,<environment.Job instance at 0x7f6ff4925690>,84,17,[12  3],85,-1,195,-1,178
1,<environment.Job instance at 0x7f6ff4953140>,85,12,[11  2],86,-1,190,-1,178
1,<environment.Job instance at 0x7f6ff4fdc5f0>,1,24,[7 3],2,-1,26,-1,2
1,<environment.Job instance at 0x7f6ff503a410>,2,20,[ 3 14],3,-1,23,-1,3
1,<environment.Job instance at 0x7f6ff4e825f0>,6,12,[14  1],7,-1,19,-1,7
1,<environment.Job instance at 0x7f6ff49538c0>,7,21,[2 8],8,-1,29,-1,8
1,<environment.Job instance at 0x7f6ff4c1a820>,8,28,[13  5],9,-1,37,-1,9
1,<environment.Job instance at 0x7f6ff4c1a9b0>,9,24,[11  2],10,-1,34,-1,10
1,<environment.Job instance at 0x7f6ff4c1a8c0>,11,19,[ 4 12],12,-1,31,-1,12
1,<environment.Job instance at 0x7f6ff4e82e60>,14,25,[14  2],15,-1,40,-1,15
1,<environment.Job instance at 0x7f6ff4c1a6e0>,15,17,[ 3 12],16,-1,33,-1,16
1,<environment.Job instance at 0x7f6ff4c1a5f0>,16,16,[ 4 14],17,-1,33,-1,17
1,<environment.Job instance at 0x7f6ff4c1a3c0>,22,26,[11  1],23,-1,67,-1,41
1,<environment.Job instance at 0x7f6ff4c1ae60>,23,24,[12  2],24,-1,65,-1,41
1,<environment.Job instance at 0x7f6ff5164af0>,36,26,[13  2],37,-1,177,-1,151
1,<environment.Job instance at 0x7f6ff5123140>,1,17,[ 2 13],2,-1,19,-1,2
1,<environment.Job instance at 0x7f6ff55a3050>,3,26,[ 3 14],4,-1,30,-1,4
1,<environment.Job instance at 0x7f6ff55a3a00>,4,17,[ 3 11],5,-1,22,-1,5
1,<environment.Job instance at 0x7f6ff55a3230>,5,26,[ 1 11],6,-1,32,-1,6
1,<environment.Job instance at 0x7f6ff45ec460>,8,21,[ 5 12],9,-1,30,-1,9
1,<environment.Job instance at 0x7f6ff5164730>,11,28,[13  4],12,-1,40,-1,12
1,<environment.Job instance at 0x7f6ff45ec780>,12,15,[ 4 13],13,-1,28,-1,13
1,<environment.Job instance at 0x7f6ff45ec550>,13,28,[11  2],14,-1,42,-1,14
1,<environment.Job instance at 0x7f6ff45ecc80>,14,12,[ 3 12],15,-1,27,-1,15
1,<environment.Job instance at 0x7f6ff45ec8c0>,15,24,[7 1],16,-1,40,-1,16
1,<environment.Job instance at 0x7f6ff45ecd70>,17,24,[6 2],18,-1,42,-1,18
1,<environment.Job instance at 0x7f6ff45ecb90>,19,23,[2 8],20,-1,48,-1,25
1,<environment.Job instance at 0x7f6ff45ec320>,22,28,[5 3],23,-1,53,-1,25
1,<environment.Job instance at 0x7f6ff45ec870>,24,24,[10  4],25,-1,49,-1,25
1,<environment.Job instance at 0x7f6ff45ec140>,25,12,[ 3 13],26,-1,38,-1,26
1,<environment.Job instance at 0x7f6ff45ec410>,26,27,[ 4 12],27,-1,54,-1,27
1,<environment.Job instance at 0x7f6ff45ecaf0>,28,21,[ 2 11],29,-1,50,-1,29
1,<environment.Job instance at 0x7f6ff45e1870>,29,23,[9 2],30,-1,54,-1,31
1,<environment.Job instance at 0x7f6ff45ec0a0>,30,17,[ 4 13],31,-1,48,-1,31
1,<environment.Job instance at 0x7f6ff45e15f0>,31,17,[ 1 14],32,-1,49,-1,32
1,<environment.Job instance at 0x7f6ff45e17d0>,32,13,[13  1],33,-1,46,-1,33
1,<environment.Job instance at 0x7f6ff45e1820>,34,13,[11  2],35,-1,53,-1,40
1,<environment.Job instance at 0x7f6ff45e1780>,35,16,[13  4],36,-1,56,-1,40
1,<environment.Job instance at 0x7f6ff44d57d0>,36,25,[ 1 12],37,-1,65,-1,40
1,<environment.Job instance at 0x7f6ff44d53c0>,37,19,[14  2],38,-1,59,-1,40
1,<environment.Job instance at 0x7f6ff44d59b0>,38,18,[11  2],39,-1,58,-1,40
1,<environment.Job instance at 0x7f6ff44d5af0>,39,27,[ 2 11],40,-1,67,-1,40
1,<environment.Job instance at 0x7f6ff44d5140>,40,21,[ 5 12],41,-1,62,-1,41
1,<environment.Job instance at 0x7f6ff44d5b40>,41,27,[5 9],42,-1,69,-1,42
1,<environment.Job instance at 0x7f6ff44d5960>,42,24,[ 2 12],43,-1,67,-1,43
1,<environment.Job instance at 0x7f6ff44d5370>,43,27,[ 2 11],44,-1,71,-1,44
1,<environment.Job instance at 0x7f6ff44d5eb0>,44,20,[12  2],45,-1,65,-1,45
1,<environment.Job instance at 0x7f6ff44d5a00>,45,26,[6 1],46,-1,72,-1,46
1,<environment.Job instance at 0x7f6ff44d5910>,48,26,[1 6],49,-1,77,-1,51
1,<environment.Job instance at 0x7f6ff44d50a0>,49,27,[12  5],50,-1,78,-1,51
1,<environment.Job instance at 0x7f6ff44d5550>,50,12,[10  3],51,-1,68,-1,56
1,<environment.Job instance at 0x7f6ff44d5320>,54,18,[ 1 11],55,-1,94,-1,76
1,<environment.Job instance at 0x7f6ff4544500>,55,27,[11  1],56,-1,103,-1,76
1,<environment.Job instance at 0x7f6ff4544460>,56,16,[ 1 14],57,-1,92,-1,76
1,<environment.Job instance at 0x7f6ff45442d0>,58,17,[12  2],59,-1,114,-1,97
1,<environment.Job instance at 0x7f6ff4544050>,59,13,[ 2 12],60,-1,110,-1,97
1,<environment.Job instance at 0x7f6ff4544e10>,60,17,[ 1 13],61,-1,114,-1,97
1,<environment.Job instance at 0x7f6ff4544d20>,61,25,[12  5],62,-1,122,-1,97
1,<environment.Job instance at 0x7f6ff4544fa0>,65,13,[ 4 14],66,-1,133,-1,120
1,<environment.Job instance at 0x7f6ff45440a0>,66,18,[ 4 13],67,-1,138,-1,120
1,<environment.Job instance at 0x7f6ff4544320>,67,20,[ 2 11],68,-1,140,-1,120
1,<environment.Job instance at 0x7f6ff4544690>,68,16,[10  1],69,-1,136,-1,120
1,<environment.Job instance at 0x7f6ff45444b0>,69,16,[ 1 13],70,-1,136,-1,120
1,<environment.Job instance at 0x7f6ff4544730>,71,12,[ 3 11],72,-1,142,-1,130
1,<environment.Job instance at 0x7f6ff45449b0>,72,26,[ 2 14],73,-1,156,-1,130
1,<environment.Job instance at 0x7f6ff4540820>,76,13,[14  1],77,-1,176,-1,163
1,<environment.Job instance at 0x7f6ff4540e10>,77,13,[14  1],78,-1,176,-1,163
1,<environment.Job instance at 0x7f6ff4540e60>,78,18,[ 2 14],79,-1,181,-1,163
1,<environment.Job instance at 0x7f6ff4540c80>,80,17,[ 2 14],81,-1,194,-1,177
1,<environment.Job instance at 0x7f6ff56bb690>,3,22,[ 5 12],4,-1,26,-1,4
1,<environment.Job instance at 0x7f6ff59783c0>,4,21,[11  2],5,-1,26,-1,5
1,<environment.Job instance at 0x7f6ff48d9320>,7,22,[13  2],8,-1,30,-1,8
1,<environment.Job instance at 0x7f6ff48d92d0>,8,27,[10  4],9,-1,36,-1,9
1,<environment.Job instance at 0x7f6ff48d90f0>,9,13,[ 5 11],10,-1,23,-1,10
1,<environment.Job instance at 0x7f6ff4dd3dc0>,11,28,[11  5],12,-1,40,-1,12
1,<environment.Job instance at 0x7f6ff4dd3a50>,12,18,[ 1 13],13,-1,31,-1,13
1,<environment.Job instance at 0x7f6ff4dd3e60>,15,25,[13  1],16,-1,42,-1,17
1,<environment.Job instance at 0x7f6ff4dd38c0>,16,17,[ 5 14],17,-1,34,-1,17
1,<environment.Job instance at 0x7f6ff4dd3cd0>,17,16,[11  1],18,-1,34,-1,18
1,<environment.Job instance at 0x7f6ff4dd3190>,18,17,[14  2],19,-1,36,-1,19
1,<environment.Job instance at 0x7f6ff4dd35a0>,19,28,[11  5],20,-1,48,-1,20
1,<environment.Job instance at 0x7f6ff4dd3320>,20,20,[ 3 12],21,-1,41,-1,21
1,<environment.Job instance at 0x7f6ff4dd35f0>,21,25,[13  4],22,-1,47,-1,22
1,<environment.Job instance at 0x7f6ff4dd3d20>,22,14,[11  5],23,-1,37,-1,23
1,<environment.Job instance at 0x7f6ff4dd32d0>,25,24,[ 2 12],26,-1,137,-1,113
1,<environment.Job instance at 0x7f6ff4ceb410>,3,27,[4 6],4,-1,31,-1,4
1,<environment.Job instance at 0x7f6ff4d167d0>,4,26,[ 4 10],5,-1,31,-1,5
1,<environment.Job instance at 0x7f6ff54351e0>,6,26,[13  5],7,-1,33,-1,7
1,<environment.Job instance at 0x7f6ff56cf960>,7,14,[ 1 12],8,-1,22,-1,8
1,<environment.Job instance at 0x7f6ff4a68d20>,5,15,[14  4],6,-1,23,-1,8
1,<environment.Job instance at 0x7f6ff4a853c0>,8,27,[ 3 12],9,-1,36,-1,9
1,<environment.Job instance at 0x7f6ff489adc0>,19,21,[5 1],20,-1,126,-1,105
1,<environment.Job instance at 0x7f6ff489ae60>,22,23,[3 6],23,-1,128,-1,105
1,<environment.Job instance at 0x7f6ff489a6e0>,23,23,[5 2],24,-1,129,-1,106
1,<environment.Job instance at 0x7f6ff489a140>,24,13,[11  2],25,-1,119,-1,106
1,<environment.Job instance at 0x7f6ff489a2d0>,26,22,[6 5],27,-1,136,-1,114
1,<environment.Job instance at 0x7f6ff489a410>,27,28,[5 3],28,-1,142,-1,114
1,<environment.Job instance at 0x7f6ff489a320>,28,23,[8 5],29,-1,137,-1,114
1,<environment.Job instance at 0x7f6ff489aeb0>,29,23,[5 2],30,-1,138,-1,115
1,<environment.Job instance at 0x7f6ff489ab90>,30,17,[ 5 14],31,-1,132,-1,115
1,<environment.Job instance at 0x7f6ff489a690>,31,28,[10  4],32,-1,143,-1,115
1,<environment.Job instance at 0x7f6ff489a780>,32,28,[ 5 13],33,-1,143,-1,115
1,<environment.Job instance at 0x7f6ff472a960>,33,22,[10  5],34,-1,171,-1,149
1,<environment.Job instance at 0x7f6ff472a370>,37,13,[ 2 11],38,-1,162,-1,149
1,<environment.Job instance at 0x7f6ff472a190>,38,20,[ 3 12],39,-1,169,-1,149
1,<environment.Job instance at 0x7f6ff472a8c0>,39,23,[10  1],40,-1,172,-1,149
1,<environment.Job instance at 0x7f6ff472ad70>,42,27,[ 5 10],43,-1,196,-1,169
1,<environment.Job instance at 0x7f6ff472aa00>,44,18,[12  3],45,-1,197,-1,179
1,<environment.Job instance at 0x7f6ff472a870>,46,12,[ 1 13],47,-1,200,-1,188
1,<environment.Job instance at 0x7f6ff559f370>,47,27,[14  1],48,-1,215,-1,188
1,<environment.Job instance at 0x7f6ff4641640>,1,27,[11  3],2,-1,29,-1,2
1,<environment.Job instance at 0x7f6ff4641410>,3,15,[ 5 13],4,-1,19,-1,4
1,<environment.Job instance at 0x7f6ff559f370>,6,12,[12  3],7,-1,19,-1,7
1,<environment.Job instance at 0x7f6ff46415a0>,7,12,[13  5],8,-1,20,-1,8
1,<environment.Job instance at 0x7f6ff4641c80>,8,26,[11  5],9,-1,35,-1,9
1,<environment.Job instance at 0x7f6ff46418c0>,10,15,[12  1],11,-1,26,-1,11
1,<environment.Job instance at 0x7f6ff5367320>,11,13,[12  3],12,-1,25,-1,12
1,<environment.Job instance at 0x7f6ff5367370>,13,12,[14  1],14,-1,26,-1,14
1,<environment.Job instance at 0x7f6ff5367410>,18,27,[10  4],19,-1,69,-1,42
1,<environment.Job instance at 0x7f6ff5367e60>,19,17,[13  5],20,-1,59,-1,42
1,<environment.Job instance at 0x7f6ff5367910>,20,16,[ 3 11],21,-1,58,-1,42
1,<environment.Job instance at 0x7f6ff53677d0>,21,18,[ 5 13],22,-1,60,-1,42
1,<environment.Job instance at 0x7f6ff5367cd0>,22,18,[ 3 12],23,-1,60,-1,42
1,<environment.Job instance at 0x7f6ff5367b90>,25,16,[14  3],26,-1,69,-1,53
1,<environment.Job instance at 0x7f6ff5367b40>,29,12,[11  2],30,-1,102,-1,90
1,<environment.Job instance at 0x7f6ff5367870>,30,18,[ 2 12],31,-1,108,-1,90
1,<environment.Job instance at 0x7f6ff54aafa0>,31,14,[ 4 11],32,-1,104,-1,90
1,<environment.Job instance at 0x7f6ff54aadc0>,32,25,[ 3 12],33,-1,115,-1,90
1,<environment.Job instance at 0x7f6ff54aa0a0>,33,18,[ 3 14],34,-1,108,-1,90
1,<environment.Job instance at 0x7f6ff54aa7d0>,35,28,[ 3 11],36,-1,127,-1,99
1,<environment.Job instance at 0x7f6ff54aa6e0>,36,25,[ 4 14],37,-1,124,-1,99
1,<environment.Job instance at 0x7f6ff54aacd0>,37,23,[14  4],38,-1,122,-1,99
1,<environment.Job instance at 0x7f6ff54aa4b0>,40,27,[14  2],41,-1,146,-1,119
1,<environment.Job instance at 0x7f6ff54aac30>,41,14,[14  5],42,-1,133,-1,119
1,<environment.Job instance at 0x7f6ffe7ee0a0>,42,13,[ 4 12],43,-1,132,-1,119
1,<environment.Job instance at 0x7f6ffe7ee500>,43,13,[11  5],44,-1,132,-1,119
1,<environment.Job instance at 0x7f6ffe7eee10>,44,17,[ 1 11],45,-1,136,-1,119
1,<environment.Job instance at 0x7f6ffe7ee5a0>,45,18,[14  5],46,-1,137,-1,119
1,<environment.Job instance at 0x7f6ffe7ee460>,46,26,[3 8],47,-1,145,-1,119
1,<environment.Job instance at 0x7f6ff44a5be0>,47,24,[12  4],48,-1,143,-1,119
1,<environment.Job instance at 0x7f6ff44a5410>,48,19,[ 5 14],49,-1,138,-1,119
1,<environment.Job instance at 0x7f6ff44a5730>,49,27,[ 2 11],50,-1,146,-1,119
1,<environment.Job instance at 0x7f6ff44a54b0>,51,23,[ 3 14],52,-1,160,-1,137
1,<environment.Job instance at 0x7f6ff44a5cd0>,53,25,[14  3],54,-1,162,-1,137
1,<environment.Job instance at 0x7f6ff44a5fa0>,54,24,[ 1 13],55,-1,161,-1,137
1,<environment.Job instance at 0x7f6ff586a280>,56,14,[12  2],57,-1,169,-1,155
1,<environment.Job instance at 0x7f6ff586a910>,57,16,[ 2 12],58,-1,171,-1,155
1,<environment.Job instance at 0x7f6ff586a7d0>,58,27,[9 3],59,-1,182,-1,155
1,<environment.Job instance at 0x7f6ff586ae60>,60,23,[ 1 11],61,-1,178,-1,155
1,<environment.Job instance at 0x7f6ff586abe0>,62,15,[ 3 11],63,-1,175,-1,160
1,<environment.Job instance at 0x7f6ff586ad20>,63,21,[ 4 12],64,-1,181,-1,160
1,<environment.Job instance at 0x7f6ff586ae10>,64,21,[ 4 12],65,-1,181,-1,160
1,<environment.Job instance at 0x7f6ff586ad70>,67,24,[13  2],68,-1,205,-1,181
1,<environment.Job instance at 0x7f6ff4a0c230>,69,17,[14  3],70,-1,201,-1,184
1,<environment.Job instance at 0x7f6ff5b4f870>,1,16,[12  5],2,-1,18,-1,2
1,<environment.Job instance at 0x7f6ff4a0cf50>,2,18,[ 2 13],3,-1,21,-1,3
1,<environment.Job instance at 0x7f6ff5b4fa50>,3,24,[9 3],4,-1,28,-1,4
1,<environment.Job instance at 0x7f6ff5b4f690>,6,24,[14  2],7,-1,31,-1,7
1,<environment.Job instance at 0x7f6ff4a0c230>,7,17,[13  4],8,-1,25,-1,8
1,<environment.Job instance at 0x7f6ff5ad1050>,8,23,[ 4 14],9,-1,32,-1,9
1,<environment.Job instance at 0x7f6ff5ad1870>,9,23,[ 4 13],10,-1,33,-1,10
1,<environment.Job instance at 0x7f6ff5ad12d0>,11,15,[ 3 11],12,-1,27,-1,12
1,<environment.Job instance at 0x7f6ff5ad18c0>,12,24,[10  5],13,-1,37,-1,13
1,<environment.Job instance at 0x7f6ff5b4f550>,14,17,[12  2],15,-1,32,-1,15
1,<environment.Job instance at 0x7f6ff5ad1fa0>,15,20,[11  3],16,-1,36,-1,16
1,<environment.Job instance at 0x7f6ff5ad1780>,13,22,[5 8],14,-1,38,-1,16
1,<environment.Job instance at 0x7f6ff5ad1960>,16,16,[ 5 14],17,-1,33,-1,17
1,<environment.Job instance at 0x7f6ff5ad16e0>,17,25,[6 2],18,-1,43,-1,18
1,<environment.Job instance at 0x7f6ff5ad1d20>,18,22,[ 4 10],19,-1,41,-1,19
1,<environment.Job instance at 0x7f6ff5ad1af0>,19,18,[12  2],20,-1,38,-1,20
1,<environment.Job instance at 0x7f6ff5ad1dc0>,21,13,[ 4 11],22,-1,35,-1,22
1,<environment.Job instance at 0x7f6ff5ad1640>,23,25,[5 5],24,-1,49,-1,24
1,<environment.Job instance at 0x7f6ff5ad10f0>,22,17,[13  3],23,-1,42,-1,25
1,<environment.Job instance at 0x7f6ff5ad1f00>,25,20,[13  4],26,-1,46,-1,26
1,<environment.Job instance at 0x7f6ff5ad14b0>,26,23,[8 1],27,-1,50,-1,27
1,<environment.Job instance at 0x7f6ff5ad1500>,27,26,[4 9],28,-1,54,-1,28
1,<environment.Job instance at 0x7f6ff5ad1be0>,29,21,[14  3],30,-1,51,-1,30
1,<environment.Job instance at 0x7f6ff4d2eeb0>,30,25,[12  3],31,-1,56,-1,31
1,<environment.Job instance at 0x7f6ff4d2e9b0>,36,28,[14  3],37,-1,72,-1,44
1,<environment.Job instance at 0x7f6ff4d2e5f0>,44,18,[ 5 14],45,-1,173,-1,155
1,<environment.Job instance at 0x7f6ff4d2ed70>,45,16,[11  1],46,-1,171,-1,155
1,<environment.Job instance at 0x7f6ff4d2e500>,46,12,[ 3 13],47,-1,167,-1,155
1,<environment.Job instance at 0x7f6ff4d2e140>,47,23,[6 5],48,-1,178,-1,155
1,<environment.Job instance at 0x7f6ff5c0c550>,1,14,[ 3 12],2,-1,16,-1,2
1,<environment.Job instance at 0x7f6ff47af3c0>,3,24,[7 5],4,-1,28,-1,4
1,<environment.Job instance at 0x7f6ff56e6370>,7,25,[8 1],8,-1,33,-1,8
1,<environment.Job instance at 0x7f6ff5d957d0>,8,18,[ 5 13],9,-1,27,-1,9
1,<environment.Job instance at 0x7f6ff5d95640>,6,21,[11  3],7,-1,30,-1,9
1,<environment.Job instance at 0x7f6ff5967140>,10,24,[9 5],11,-1,35,-1,11
1,<environment.Job instance at 0x7f6ff5967f00>,11,21,[12  1],12,-1,33,-1,12
1,<environment.Job instance at 0x7f6ff5967500>,12,28,[1 8],13,-1,53,-1,25
1,<environment.Job instance at 0x7f6ff4f72730>,17,21,[13  3],18,-1,57,-1,36
1,<environment.Job instance at 0x7f6ff4f72aa0>,18,25,[13  5],19,-1,61,-1,36
1,<environment.Job instance at 0x7f6ff4f72dc0>,19,25,[6 4],20,-1,61,-1,36
1,<environment.Job instance at 0x7f6ff4f721e0>,20,25,[8 1],21,-1,61,-1,36
1,<environment.Job instance at 0x7f6ff4f72fa0>,21,14,[14  1],22,-1,50,-1,36
1,<environment.Job instance at 0x7f6ff4f725f0>,26,27,[10  1],27,-1,118,-1,91
1,<environment.Job instance at 0x7f6ff4f724b0>,27,23,[10  1],28,-1,114,-1,91
1,<environment.Job instance at 0x7f6ff4f72460>,28,14,[ 5 14],29,-1,105,-1,91
1,<environment.Job instance at 0x7f6ff4f720a0>,29,26,[10  2],30,-1,117,-1,91
1,<environment.Job instance at 0x7f6ff4f72cd0>,31,20,[ 1 12],32,-1,122,-1,102
1,<environment.Job instance at 0x7f6ff4f72b90>,32,24,[14  1],33,-1,126,-1,102
1,<environment.Job instance at 0x7f6ff4f72960>,33,28,[9 3],34,-1,130,-1,102
1,<environment.Job instance at 0x7f6ff4f72780>,34,25,[10  1],35,-1,127,-1,102
1,<environment.Job instance at 0x7f6ff54b8730>,35,26,[ 2 12],36,-1,128,-1,102
1,<environment.Job instance at 0x7f6ff54b8280>,36,22,[ 1 11],37,-1,124,-1,102
1,<environment.Job instance at 0x7f6ff54b8410>,37,17,[11  4],38,-1,134,-1,117
1,<environment.Job instance at 0x7f6ff54b8690>,40,16,[11  3],41,-1,145,-1,129
1,<environment.Job instance at 0x7f6ff54b8af0>,41,27,[9 2],42,-1,156,-1,129
1,<environment.Job instance at 0x7f6ff54b8aa0>,42,23,[2 6],43,-1,152,-1,129
1,<environment.Job instance at 0x7f6ff54b84b0>,43,27,[ 3 14],44,-1,156,-1,129
1,<environment.Job instance at 0x7f6ff54b8640>,44,13,[12  1],45,-1,142,-1,129
1,<environment.Job instance at 0x7f6ff54b86e0>,45,28,[13  1],46,-1,157,-1,129
1,<environment.Job instance at 0x7f6ff54b87d0>,47,17,[14  2],48,-1,146,-1,129
1,<environment.Job instance at 0x7f6ff54b8550>,48,16,[ 4 14],49,-1,145,-1,129
1,<environment.Job instance at 0x7f6ff54b8050>,51,25,[13  5],52,-1,171,-1,146
1,<environment.Job instance at 0x7f6ff54b83c0>,54,14,[14  5],55,-1,173,-1,159
1,<environment.Job instance at 0x7f6ff5b2ce60>,55,27,[13  5],56,-1,186,-1,159
1,<environment.Job instance at 0x7f6ff4b91eb0>,59,18,[14  1],60,-1,198,-1,180
1,<environment.Job instance at 0x7f6ff4b91c30>,60,13,[ 2 11],61,-1,193,-1,180
1,<environment.Job instance at 0x7f6ff4b910a0>,61,28,[1 7],62,-1,208,-1,180
1,<environment.Job instance at 0x7f6ff4b91af0>,62,15,[ 3 12],63,-1,195,-1,180
1,<environment.Job instance at 0x7f6ff5368690>,4,16,[ 2 12],5,-1,21,-1,5
1,<environment.Job instance at 0x7f6ff57b8d70>,8,22,[12  3],9,-1,42,-1,20
1,<environment.Job instance at 0x7f6ff57b8780>,9,14,[13  4],10,-1,34,-1,20
1,<environment.Job instance at 0x7f6ff49cfe10>,11,24,[13  3],12,-1,48,-1,24
1,<environment.Job instance at 0x7f6ff49cfb40>,12,14,[12  1],13,-1,38,-1,24
1,<environment.Job instance at 0x7f6ff5796460>,14,14,[11  1],15,-1,53,-1,39
1,<environment.Job instance at 0x7f6ff5796140>,16,24,[3 9],17,-1,63,-1,39
1,<environment.Job instance at 0x7f6ff57963c0>,17,28,[5 3],18,-1,67,-1,39
1,<environment.Job instance at 0x7f6ff5796640>,18,24,[11  4],19,-1,63,-1,39
1,<environment.Job instance at 0x7f6ff5796320>,19,27,[ 1 14],20,-1,66,-1,39
1,<environment.Job instance at 0x7f6ff5a7e370>,20,28,[13  2],21,-1,67,-1,39
1,<environment.Job instance at 0x7f6ff57960a0>,22,24,[3 6],23,-1,71,-1,47
1,<environment.Job instance at 0x7f6ff5796cd0>,23,25,[14  1],24,-1,72,-1,47
1,<environment.Job instance at 0x7f6ff58b4e10>,24,24,[7 4],25,-1,71,-1,47
1,<environment.Job instance at 0x7f6ff58b44b0>,26,25,[8 4],27,-1,80,-1,55
1,<environment.Job instance at 0x7f6ff58b48c0>,27,16,[11  2],28,-1,71,-1,55
1,<environment.Job instance at 0x7f6ff58b4730>,28,24,[ 5 11],29,-1,79,-1,55
1,<environment.Job instance at 0x7f6ff58b4190>,29,14,[13  2],30,-1,69,-1,55
1,<environment.Job instance at 0x7f6ff56a4460>,31,13,[13  3],32,-1,71,-1,58
1,<environment.Job instance at 0x7f6ff56a4410>,32,25,[ 3 11],33,-1,83,-1,58
1,<environment.Job instance at 0x7f6ff452e280>,33,26,[8 4],34,-1,84,-1,58
1,<environment.Job instance at 0x7f6ff452e550>,34,17,[ 3 12],35,-1,75,-1,58
1,<environment.Job instance at 0x7f6ff452e140>,36,14,[12  3],37,-1,85,-1,71
1,<environment.Job instance at 0x7f6ff452e0f0>,37,23,[ 4 10],38,-1,94,-1,71
1,<environment.Job instance at 0x7f6ff454eaf0>,43,20,[ 1 10],44,-1,177,-1,157
1,<environment.Job instance at 0x7f6ff454e640>,47,23,[3 9],48,-1,180,-1,157
1,<environment.Job instance at 0x7f6ff454ec80>,50,27,[ 1 14],51,-1,208,-1,181
1,<environment.Job instance at 0x7f6ff454e910>,51,27,[ 2 12],52,-1,208,-1,181
1,<environment.Job instance at 0x7f6ff454e6e0>,52,15,[13  1],53,-1,196,-1,181
1,<environment.Job instance at 0x7f6ff454e370>,53,18,[13  5],54,-1,199,-1,181
1,<environment.Job instance at 0x7f6ff454e780>,54,28,[7 1],55,-1,209,-1,181
1,<environment.Job instance at 0x7f6ff454e690>,55,24,[1 8],56,-1,205,-1,181
1,<environment.Job instance at 0x7f6ff454ef50>,56,23,[6 5],57,-1,204,-1,181
1,<environment.Job instance at 0x7f6ff454e5f0>,57,25,[5 4],58,-1,206,-1,181
1,<environment.Job instance at 0x7f6ff52c7a00>,1,17,[13  3],2,-1,19,-1,2
1,<environment.Job instance at 0x7f6ff4af9550>,2,26,[2 7],3,-1,29,-1,3
1,<environment.Job instance at 0x7f6ff4ae7cd0>,4,14,[13  1],5,-1,20,-1,6
1,<environment.Job instance at 0x7f6ff4759500>,7,23,[ 1 10],8,-1,31,-1,8
1,<environment.Job instance at 0x7f6ff57cf280>,8,20,[ 2 13],9,-1,29,-1,9
1,<environment.Job instance at 0x7f6ff57cf4b0>,9,27,[12  2],10,-1,37,-1,10
1,<environment.Job instance at 0x7f6ff57cf1e0>,10,13,[ 1 12],11,-1,24,-1,11
1,<environment.Job instance at 0x7f6ff57cf9b0>,12,27,[8 4],13,-1,40,-1,13
1,<environment.Job instance at 0x7f6ff57cfdc0>,14,16,[ 1 11],15,-1,31,-1,15
1,<environment.Job instance at 0x7f6ff52b7500>,15,14,[10  1],16,-1,54,-1,40
1,<environment.Job instance at 0x7f6ff52b7960>,22,26,[ 3 13],23,-1,84,-1,58
1,<environment.Job instance at 0x7f6ff52b70a0>,27,23,[ 2 14],28,-1,139,-1,116
1,<environment.Job instance at 0x7f6ff52b77d0>,20,20,[3 9],21,-1,165,-1,145
1,<environment.Job instance at 0x7f6ff4d9a190>,30,14,[11  1],31,-1,159,-1,145
1,<environment.Job instance at 0x7f6ff52b7f50>,31,25,[ 3 14],32,-1,170,-1,145
1,<environment.Job instance at 0x7f6ff4d9a3c0>,32,14,[11  2],33,-1,159,-1,145
1,<environment.Job instance at 0x7f6ff4d9ab40>,33,27,[2 9],34,-1,172,-1,145
1,<environment.Job instance at 0x7f6ff4d9a550>,34,26,[ 2 13],35,-1,171,-1,145
1,<environment.Job instance at 0x7f6ff4d9aa00>,35,28,[ 2 14],36,-1,173,-1,145
1,<environment.Job instance at 0x7f6ff4d9a960>,36,12,[5 6],37,-1,160,-1,148
1,<environment.Job instance at 0x7f6ff4d9a9b0>,2,12,[11  5],3,-1,15,-1,3
1,<environment.Job instance at 0x7f6ff4e190f0>,3,27,[13  4],4,-1,31,-1,4
1,<environment.Job instance at 0x7f6ff57cffa0>,5,20,[14  2],6,-1,26,-1,6
1,<environment.Job instance at 0x7f6ff4ae7b40>,6,21,[ 1 12],7,-1,28,-1,7
1,<environment.Job instance at 0x7f6ff4c9d910>,8,24,[1 9],9,-1,33,-1,9
1,<environment.Job instance at 0x7f6ff45d6e60>,15,24,[13  2],16,-1,67,-1,43
1,<environment.Job instance at 0x7f6ff45bf140>,19,14,[14  3],20,-1,81,-1,67
1,<environment.Job instance at 0x7f6ff45bf1e0>,20,24,[ 4 13],21,-1,91,-1,67
1,<environment.Job instance at 0x7f6ff45bf280>,21,28,[ 4 14],22,-1,95,-1,67
1,<environment.Job instance at 0x7f6ff45bf320>,22,19,[ 3 12],23,-1,86,-1,67
1,<environment.Job instance at 0x7f6ff45bf460>,24,13,[ 4 12],25,-1,80,-1,67
1,<environment.Job instance at 0x7f6ff45bf500>,25,24,[5 6],26,-1,92,-1,68
1,<environment.Job instance at 0x7f6ff45bf5a0>,26,14,[13  2],27,-1,82,-1,68
1,<environment.Job instance at 0x7f6ff45bf640>,27,22,[ 2 14],28,-1,90,-1,68
1,<environment.Job instance at 0x7f6ff45bf6e0>,28,15,[ 2 13],29,-1,83,-1,68
1,<environment.Job instance at 0x7f6ff45bf780>,29,25,[ 4 10],30,-1,93,-1,68
1,<environment.Job instance at 0x7f6ff45bf0f0>,32,12,[ 3 14],33,-1,105,-1,93
1,<environment.Job instance at 0x7f6ff45bfb40>,35,27,[14  3],36,-1,150,-1,123
1,<environment.Job instance at 0x7f6ff45bfd20>,38,24,[13  2],39,-1,167,-1,143
1,<environment.Job instance at 0x7f6ff45bff50>,41,21,[ 5 11],42,-1,175,-1,154
1,<environment.Job instance at 0x7fa394b81b40>,2,22,[ 4 14],3,-1,25,-1,3
1,<environment.Job instance at 0x7fa394b81cd0>,3,25,[ 5 14],4,-1,29,-1,4
1,<environment.Job instance at 0x7fa394b81be0>,4,21,[ 1 12],5,-1,26,-1,5
1,<environment.Job instance at 0x7fa394b81eb0>,7,25,[6 2],8,-1,34,-1,9
1,<environment.Job instance at 0x7fa394aff0a0>,9,19,[13  1],10,-1,29,-1,10
1,<environment.Job instance at 0x7fa394aff140>,10,23,[ 4 14],11,-1,34,-1,11
1,<environment.Job instance at 0x7fa394aff1e0>,11,25,[ 4 12],12,-1,37,-1,12
1,<environment.Job instance at 0x7fa394aff280>,12,19,[ 5 13],13,-1,32,-1,13
1,<environment.Job instance at 0x7fa394aff320>,13,22,[ 2 11],14,-1,36,-1,14
1,<environment.Job instance at 0x7fa394aff3c0>,14,25,[13  4],15,-1,40,-1,15
1,<environment.Job instance at 0x7fa394aff460>,15,25,[13  3],16,-1,41,-1,16
1,<environment.Job instance at 0x7fa394aff500>,16,26,[14  4],17,-1,43,-1,17
1,<environment.Job instance at 0x7fa394aff5a0>,17,14,[ 2 14],18,-1,32,-1,18
1,<environment.Job instance at 0x7fa394aff640>,18,14,[ 2 13],19,-1,33,-1,19
1,<environment.Job instance at 0x7fa394aff6e0>,19,17,[13  5],20,-1,37,-1,20
1,<environment.Job instance at 0x7fa394aff780>,20,21,[12  2],21,-1,42,-1,21
1,<environment.Job instance at 0x7fa394aff820>,21,28,[11  1],22,-1,50,-1,22
1,<environment.Job instance at 0x7fa394aff8c0>,22,26,[ 1 14],23,-1,49,-1,23
1,<environment.Job instance at 0x7fa394affc80>,26,26,[1 8],27,-1,58,-1,32
1,<environment.Job instance at 0x7fa394affcd0>,27,25,[5 7],28,-1,57,-1,32
1,<environment.Job instance at 0x7fa394affd70>,28,25,[ 4 11],29,-1,57,-1,32
1,<environment.Job instance at 0x7fa394affe10>,29,22,[ 5 13],30,-1,54,-1,32
1,<environment.Job instance at 0x7fa394affeb0>,30,27,[4 8],31,-1,59,-1,32
1,<environment.Job instance at 0x7fa394afff50>,31,20,[11  5],32,-1,54,-1,34
1,<environment.Job instance at 0x7fa394affb90>,32,27,[11  3],33,-1,61,-1,34
1,<environment.Job instance at 0x7fa394affbe0>,33,16,[ 2 14],34,-1,50,-1,34
1,<environment.Job instance at 0x7fa394b021e0>,34,24,[ 1 14],35,-1,59,-1,35
1,<environment.Job instance at 0x7fa394b02280>,35,22,[11  5],36,-1,58,-1,36
1,<environment.Job instance at 0x7fa394b02320>,36,20,[ 3 14],37,-1,57,-1,37
1,<environment.Job instance at 0x7fa394b020a0>,37,28,[ 2 12],38,-1,66,-1,38
1,<environment.Job instance at 0x7fa394b02460>,38,20,[ 1 12],39,-1,59,-1,39
1,<environment.Job instance at 0x7fa394b02500>,39,24,[5 6],40,-1,64,-1,40
1,<environment.Job instance at 0x7fa394b025a0>,40,26,[ 1 12],41,-1,67,-1,41
1,<environment.Job instance at 0x7fa394b02640>,41,18,[ 5 14],42,-1,60,-1,42
1,<environment.Job instance at 0x7fa394b026e0>,42,20,[ 2 11],43,-1,63,-1,43
1,<environment.Job instance at 0x7fa394b02410>,43,16,[13  5],44,-1,60,-1,44
1,<environment.Job instance at 0x7fa394b02820>,44,16,[14  3],45,-1,61,-1,45
1,<environment.Job instance at 0x7fa394b027d0>,45,27,[12  2],46,-1,73,-1,46
1,<environment.Job instance at 0x7fa394b02960>,46,28,[ 4 11],47,-1,75,-1,47
1,<environment.Job instance at 0x7fa394b02a00>,47,17,[12  2],48,-1,65,-1,48
1,<environment.Job instance at 0x7fa394b02aa0>,48,17,[11  1],49,-1,66,-1,49
1,<environment.Job instance at 0x7fa394b02e60>,1,25,[12  2],2,-1,27,-1,2
1,<environment.Job instance at 0x7fa394bceaf0>,4,24,[5 7],5,-1,29,-1,5
1,<environment.Job instance at 0x7fa394b02aa0>,6,20,[ 3 13],7,-1,27,-1,7
1,<environment.Job instance at 0x7fa394c3b9b0>,12,21,[ 5 13],13,-1,49,-1,28
1,<environment.Job instance at 0x7fa394c3bfa0>,13,28,[ 3 14],14,-1,56,-1,28
1,<environment.Job instance at 0x7fa394c3b690>,14,28,[ 1 14],15,-1,56,-1,28
1,<environment.Job instance at 0x7fa39425b190>,2,23,[ 3 13],3,-1,26,-1,3
1,<environment.Job instance at 0x7fa39425b4b0>,3,23,[ 5 13],4,-1,27,-1,4
1,<environment.Job instance at 0x7fa39425b3c0>,4,12,[ 4 12],5,-1,17,-1,5
1,<environment.Job instance at 0x7fa394270230>,6,23,[14  4],7,-1,30,-1,7
1,<environment.Job instance at 0x7fa394270a50>,8,21,[ 1 13],9,-1,30,-1,9
1,<environment.Job instance at 0x7fa394270dc0>,9,25,[11  4],10,-1,35,-1,10
1,<environment.Job instance at 0x7fa39425b820>,11,20,[ 5 11],12,-1,32,-1,12
1,<environment.Job instance at 0x7fa394270f50>,12,27,[12  2],13,-1,40,-1,13
1,<environment.Job instance at 0x7fa394270910>,13,15,[12  1],14,-1,29,-1,14
1,<environment.Job instance at 0x7fa394270640>,14,14,[ 2 11],15,-1,29,-1,15
1,<environment.Job instance at 0x7fa394270820>,15,23,[13  5],16,-1,39,-1,16
1,<environment.Job instance at 0x7fa3942707d0>,16,21,[ 1 12],17,-1,38,-1,17
1,<environment.Job instance at 0x7fa394270190>,17,19,[11  2],18,-1,37,-1,18
1,<environment.Job instance at 0x7fa3942704b0>,18,21,[ 3 14],19,-1,40,-1,19
1,<environment.Job instance at 0x7fa394270410>,19,17,[ 3 10],20,-1,39,-1,22
1,<environment.Job instance at 0x7fa394270460>,22,24,[ 4 11],23,-1,47,-1,23
1,<environment.Job instance at 0x7fa3942708c0>,23,22,[13  4],24,-1,46,-1,24
1,<environment.Job instance at 0x7fa394278a50>,24,22,[ 1 13],25,-1,47,-1,25
1,<environment.Job instance at 0x7fa394278eb0>,25,15,[12  3],26,-1,41,-1,26
1,<environment.Job instance at 0x7fa394278640>,26,28,[ 4 12],27,-1,55,-1,27
1,<environment.Job instance at 0x7fa3942787d0>,27,17,[ 4 11],28,-1,45,-1,28
1,<environment.Job instance at 0x7fa394278280>,28,23,[ 2 14],29,-1,52,-1,29
1,<environment.Job instance at 0x7fa394278dc0>,29,22,[ 2 14],30,-1,52,-1,30
1,<environment.Job instance at 0x7fa3942785a0>,30,14,[12  3],31,-1,45,-1,31
1,<environment.Job instance at 0x7fa394278780>,33,25,[14  3],34,-1,60,-1,35
1,<environment.Job instance at 0x7fa394278d70>,34,28,[2 9],35,-1,63,-1,35
1,<environment.Job instance at 0x7fa394278a00>,35,14,[ 2 12],36,-1,50,-1,36
1,<environment.Job instance at 0x7fa394278e10>,36,19,[11  3],37,-1,56,-1,37
1,<environment.Job instance at 0x7fa394278c80>,37,20,[14  5],38,-1,58,-1,38
1,<environment.Job instance at 0x7fa394251a00>,38,19,[13  5],39,-1,58,-1,39
1,<environment.Job instance at 0x7fa394251cd0>,39,26,[14  1],40,-1,66,-1,40
1,<environment.Job instance at 0x7fa394251be0>,40,28,[ 2 10],41,-1,69,-1,41
1,<environment.Job instance at 0x7fa394251140>,41,28,[7 4],42,-1,70,-1,42
1,<environment.Job instance at 0x7fa394251aa0>,42,25,[ 3 14],43,-1,68,-1,43
1,<environment.Job instance at 0x7fa3942513c0>,43,28,[12  5],44,-1,72,-1,44
1,<environment.Job instance at 0x7fa394251d20>,44,20,[ 4 14],45,-1,65,-1,45
1,<environment.Job instance at 0x7fa39df23aa0>,45,24,[2 5],46,-1,70,-1,46
1,<environment.Job instance at 0x7fa39543d7d0>,46,22,[ 1 14],47,-1,69,-1,47
1,<environment.Job instance at 0x7fa3949abfa0>,47,27,[ 4 12],48,-1,75,-1,48
1,<environment.Job instance at 0x7fa3949ab3c0>,48,27,[4 9],49,-1,76,-1,49
1,<environment.Job instance at 0x7fa394fb04b0>,2,25,[ 1 11],3,-1,28,-1,3
1,<environment.Job instance at 0x7fa39454d8c0>,3,14,[14  4],4,-1,18,-1,4
1,<environment.Job instance at 0x7fa394687f50>,4,27,[9 1],5,-1,32,-1,5
1,<environment.Job instance at 0x7fa394687a50>,5,23,[13  2],6,-1,29,-1,6
1,<environment.Job instance at 0x7fa39447fdc0>,6,20,[12  4],7,-1,27,-1,7
1,<environment.Job instance at 0x7fa39447faf0>,7,26,[8 5],8,-1,34,-1,8
1,<environment.Job instance at 0x7fa39447f870>,8,28,[10  4],9,-1,37,-1,9
1,<environment.Job instance at 0x7fa394837f00>,10,15,[ 1 13],11,-1,26,-1,11
1,<environment.Job instance at 0x7fa394799410>,11,26,[ 5 11],12,-1,38,-1,12
1,<environment.Job instance at 0x7fa3947998c0>,12,24,[4 7],13,-1,37,-1,13
1,<environment.Job instance at 0x7fa3947992d0>,13,28,[3 8],14,-1,42,-1,14
1,<environment.Job instance at 0x7fa394799370>,14,28,[ 3 11],15,-1,43,-1,15
1,<environment.Job instance at 0x7fa394799280>,15,19,[ 3 12],16,-1,35,-1,16
1,<environment.Job instance at 0x7fa394799f50>,16,21,[ 1 11],17,-1,38,-1,17
1,<environment.Job instance at 0x7fa394799e10>,17,26,[ 1 11],18,-1,44,-1,18
1,<environment.Job instance at 0x7fa3947994b0>,18,17,[13  5],19,-1,36,-1,19
1,<environment.Job instance at 0x7fa3947993c0>,19,21,[ 2 12],20,-1,41,-1,20
1,<environment.Job instance at 0x7fa394d978c0>,20,25,[ 2 12],21,-1,46,-1,21
1,<environment.Job instance at 0x7fa394d97320>,21,20,[ 5 13],22,-1,42,-1,22
1,<environment.Job instance at 0x7fa39474aeb0>,22,26,[1 6],23,-1,49,-1,23
1,<environment.Job instance at 0x7fa394b21780>,23,28,[ 1 13],24,-1,52,-1,24
1,<environment.Job instance at 0x7fa394b21eb0>,24,26,[12  2],25,-1,51,-1,25
1,<environment.Job instance at 0x7fa394b21410>,25,21,[ 3 11],26,-1,47,-1,26
1,<environment.Job instance at 0x7fa394b21af0>,26,21,[ 5 14],27,-1,48,-1,27
1,<environment.Job instance at 0x7fa3945bc5a0>,27,19,[ 5 12],28,-1,47,-1,28
1,<environment.Job instance at 0x7fa3945bcc30>,28,28,[3 8],29,-1,57,-1,29
1,<environment.Job instance at 0x7fa394c45af0>,29,22,[14  5],30,-1,52,-1,30
1,<environment.Job instance at 0x7fa3947f4140>,31,26,[ 5 13],32,-1,58,-1,32
1,<environment.Job instance at 0x7fa39428ed70>,33,25,[5 7],34,-1,59,-1,34
1,<environment.Job instance at 0x7fa394541870>,34,21,[ 4 12],35,-1,56,-1,35
1,<environment.Job instance at 0x7fa39e2d1cd0>,32,20,[14  2],33,-1,55,-1,35
1,<environment.Job instance at 0x7fa39e2d1e10>,35,20,[11  2],36,-1,56,-1,36
1,<environment.Job instance at 0x7fa39454bd20>,36,27,[ 5 14],37,-1,64,-1,37
1,<environment.Job instance at 0x7fa39454b910>,37,28,[12  2],38,-1,66,-1,38
1,<environment.Job instance at 0x7fa39454bf00>,38,28,[ 1 12],39,-1,67,-1,39
1,<environment.Job instance at 0x7fa39454b0f0>,39,25,[12  1],40,-1,65,-1,40
1,<environment.Job instance at 0x7fa394e60e10>,40,24,[7 2],41,-1,65,-1,41
1,<environment.Job instance at 0x7fa3942866e0>,41,28,[ 1 14],42,-1,70,-1,42
1,<environment.Job instance at 0x7fa394286fa0>,42,26,[13  4],43,-1,69,-1,43
1,<environment.Job instance at 0x7fa394286960>,43,13,[ 2 14],44,-1,57,-1,44
1,<environment.Job instance at 0x7fa3945b9500>,45,21,[12  2],46,-1,67,-1,46
1,<environment.Job instance at 0x7fa394c32460>,46,21,[ 5 11],47,-1,68,-1,47
1,<environment.Job instance at 0x7fa394540780>,47,26,[ 5 10],48,-1,74,-1,48
1,<environment.Job instance at 0x7fa394540b40>,48,27,[12  4],49,-1,76,-1,49
1,<environment.Job instance at 0x7fa39454da00>,1,26,[13  1],2,-1,28,-1,2
1,<environment.Job instance at 0x7fa394540050>,2,25,[12  2],3,-1,28,-1,3
1,<environment.Job instance at 0x7fa3940d95a0>,3,21,[13  5],4,-1,25,-1,4
1,<environment.Job instance at 0x7fa3940d9640>,4,25,[11  2],5,-1,30,-1,5
1,<environment.Job instance at 0x7fa3940d96e0>,5,24,[11  4],6,-1,30,-1,6
1,<environment.Job instance at 0x7fa3940d9780>,6,16,[ 4 14],7,-1,23,-1,7
1,<environment.Job instance at 0x7fa3940d9820>,7,28,[8 4],8,-1,36,-1,8
1,<environment.Job instance at 0x7fa3940d98c0>,8,20,[12  1],9,-1,29,-1,9
1,<environment.Job instance at 0x7fa3940d9960>,9,28,[ 4 12],10,-1,38,-1,10
1,<environment.Job instance at 0x7fa3940d9a00>,10,18,[12  2],11,-1,29,-1,11
1,<environment.Job instance at 0x7fa3940d9b40>,12,25,[13  2],13,-1,38,-1,13
1,<environment.Job instance at 0x7fa3940d9d20>,13,26,[ 5 11],14,-1,40,-1,14
1,<environment.Job instance at 0x7fa394540b40>,15,27,[1 6],16,-1,43,-1,16
1,<environment.Job instance at 0x7fa3940d9dc0>,16,26,[ 4 12],17,-1,43,-1,17
1,<environment.Job instance at 0x7fa3940d9f00>,17,19,[12  5],18,-1,37,-1,18
1,<environment.Job instance at 0x7fa3940d9fa0>,19,20,[ 1 13],20,-1,40,-1,20
1,<environment.Job instance at 0x7fa3940db230>,20,19,[13  2],21,-1,40,-1,21
1,<environment.Job instance at 0x7fa3940db2d0>,21,28,[11  2],22,-1,50,-1,22
1,<environment.Job instance at 0x7fa3940db370>,22,28,[13  5],23,-1,51,-1,23
1,<environment.Job instance at 0x7fa3940db410>,23,20,[ 5 11],24,-1,44,-1,24
1,<environment.Job instance at 0x7fa3940db4b0>,24,15,[12  1],25,-1,40,-1,25
1,<environment.Job instance at 0x7fa3940db550>,25,21,[ 1 12],26,-1,47,-1,26
1,<environment.Job instance at 0x7fa3940db5f0>,26,19,[14  5],27,-1,46,-1,27
1,<environment.Job instance at 0x7fa3940db690>,27,25,[ 3 12],28,-1,53,-1,28
1,<environment.Job instance at 0x7fa3940db730>,28,28,[12  5],29,-1,57,-1,29
1,<environment.Job instance at 0x7fa3940db7d0>,29,13,[12  3],30,-1,43,-1,30
1,<environment.Job instance at 0x7fa3940db870>,30,20,[13  4],31,-1,51,-1,31
1,<environment.Job instance at 0x7fa3940db910>,31,27,[14  3],32,-1,59,-1,32
1,<environment.Job instance at 0x7fa39417acd0>,1,25,[7 3],2,-1,27,-1,2
1,<environment.Job instance at 0x7fa39417a3c0>,2,27,[ 4 13],3,-1,30,-1,3
1,<environment.Job instance at 0x7fa39417a730>,3,26,[14  4],4,-1,30,-1,4
1,<environment.Job instance at 0x7fa39417a7d0>,4,26,[9 1],5,-1,31,-1,5
1,<environment.Job instance at 0x7fa39417ab40>,7,27,[ 1 14],8,-1,35,-1,8
1,<environment.Job instance at 0x7fa394122be0>,12,25,[ 2 13],13,-1,53,-1,28
1,<environment.Job instance at 0x7fa394122690>,13,21,[ 2 13],14,-1,49,-1,28
1,<environment.Job instance at 0x7fa394122fa0>,14,22,[4 8],15,-1,50,-1,28
1,<environment.Job instance at 0x7fa394122cd0>,15,24,[ 3 13],16,-1,52,-1,28
1,<environment.Job instance at 0x7fa3941227d0>,16,15,[ 2 13],17,-1,43,-1,28
1,<environment.Job instance at 0x7fa394122780>,17,28,[ 5 14],18,-1,56,-1,28
1,<environment.Job instance at 0x7fa394122d70>,18,20,[11  2],19,-1,48,-1,28
1,<environment.Job instance at 0x7fa394122460>,20,21,[ 4 14],21,-1,49,-1,28
1,<environment.Job instance at 0x7fa394122eb0>,21,23,[2 6],22,-1,51,-1,28
1,<environment.Job instance at 0x7fa394122d20>,22,22,[14  4],23,-1,50,-1,28
1,<environment.Job instance at 0x7fa394122140>,23,19,[ 5 14],24,-1,47,-1,28
1,<environment.Job instance at 0x7fa394122c30>,24,23,[13  1],25,-1,51,-1,28
1,<environment.Job instance at 0x7fa394122c80>,25,20,[14  5],26,-1,48,-1,28
1,<environment.Job instance at 0x7fa394122370>,26,26,[ 1 11],27,-1,54,-1,28
1,<environment.Job instance at 0x7fa3941220a0>,27,14,[ 3 13],28,-1,42,-1,28
1,<environment.Job instance at 0x7fa394122aa0>,28,13,[ 4 14],29,-1,42,-1,29
1,<environment.Job instance at 0x7fa394122230>,29,13,[ 5 14],30,-1,43,-1,30
1,<environment.Job instance at 0x7fa39413b820>,30,27,[14  3],31,-1,58,-1,31
1,<environment.Job instance at 0x7fa39413b3c0>,31,16,[12  5],32,-1,48,-1,32
1,<environment.Job instance at 0x7fa39413b500>,32,19,[13  5],33,-1,52,-1,33
1,<environment.Job instance at 0x7fa39413bd70>,33,13,[ 5 13],34,-1,47,-1,34
1,<environment.Job instance at 0x7fa39413be10>,34,15,[12  1],35,-1,50,-1,35
1,<environment.Job instance at 0x7fa39413b230>,35,26,[13  2],36,-1,62,-1,36
1,<environment.Job instance at 0x7fa39413be60>,36,22,[13  5],37,-1,59,-1,37
1,<environment.Job instance at 0x7fa39413b9b0>,37,23,[ 4 11],38,-1,61,-1,38
1,<environment.Job instance at 0x7fa39413b190>,38,17,[ 2 13],39,-1,56,-1,39
1,<environment.Job instance at 0x7fa39413bb40>,39,27,[ 2 13],40,-1,67,-1,40
1,<environment.Job instance at 0x7fa39413b910>,40,20,[14  4],41,-1,61,-1,41
1,<environment.Job instance at 0x7fa39413bf50>,41,26,[ 4 11],42,-1,68,-1,42
1,<environment.Job instance at 0x7fa39413b0f0>,42,25,[13  2],43,-1,68,-1,43
1,<environment.Job instance at 0x7fa39413bcd0>,43,13,[14  2],44,-1,57,-1,44
1,<environment.Job instance at 0x7fa39413beb0>,44,24,[5 1],45,-1,69,-1,45
1,<environment.Job instance at 0x7fa39413baf0>,45,25,[ 3 11],46,-1,71,-1,46
1,<environment.Job instance at 0x7fa39413bdc0>,46,28,[14  3],47,-1,75,-1,47
1,<environment.Job instance at 0x7fa39413b870>,47,26,[ 4 14],48,-1,74,-1,48
1,<environment.Job instance at 0x7fa39413bd20>,48,13,[13  3],49,-1,62,-1,49
1,<environment.Job instance at 0x7fa39413bd20>,2,20,[ 4 12],3,-1,23,-1,3
1,<environment.Job instance at 0x7fa394ca2050>,3,25,[ 4 14],4,-1,29,-1,4
1,<environment.Job instance at 0x7fa394ca2690>,4,24,[7 2],5,-1,29,-1,5
1,<environment.Job instance at 0x7fa394fa3fa0>,6,24,[ 5 13],7,-1,31,-1,7
1,<environment.Job instance at 0x7fa394fa30f0>,7,25,[ 2 13],8,-1,33,-1,8
1,<environment.Job instance at 0x7fa394ca2500>,9,19,[ 1 14],10,-1,29,-1,10
1,<environment.Job instance at 0x7fa394fa3230>,8,15,[12  4],9,-1,25,-1,10
1,<environment.Job instance at 0x7fa394fa3870>,10,26,[13  4],11,-1,37,-1,11
1,<environment.Job instance at 0x7fa394fa35f0>,12,24,[12  4],13,-1,37,-1,13
1,<environment.Job instance at 0x7fa394fa3a50>,11,22,[13  4],12,-1,35,-1,13
1,<environment.Job instance at 0x7fa394fa3f00>,13,27,[13  3],14,-1,41,-1,14
1,<environment.Job instance at 0x7fa394fa35a0>,15,23,[ 2 11],16,-1,39,-1,16
1,<environment.Job instance at 0x7fa394fa3d70>,16,20,[ 3 14],17,-1,37,-1,17
1,<environment.Job instance at 0x7fa394fa34b0>,17,19,[13  1],18,-1,37,-1,18
1,<environment.Job instance at 0x7fa394fa31e0>,19,25,[12  5],20,-1,45,-1,20
1,<environment.Job instance at 0x7fa394fa3370>,20,20,[ 5 13],21,-1,41,-1,21
1,<environment.Job instance at 0x7fa394fa3b90>,21,24,[ 2 13],22,-1,46,-1,22
1,<environment.Job instance at 0x7fa394fa3be0>,22,23,[11  2],23,-1,46,-1,23
1,<environment.Job instance at 0x7fa394fa3910>,23,22,[ 2 12],24,-1,46,-1,24
1,<environment.Job instance at 0x7fa394fa38c0>,24,20,[12  3],25,-1,45,-1,25
1,<environment.Job instance at 0x7fa3947e86e0>,25,19,[12  5],26,-1,45,-1,26
1,<environment.Job instance at 0x7fa3947e8730>,26,15,[ 5 14],27,-1,42,-1,27
1,<environment.Job instance at 0x7fa3947e8b40>,27,15,[11  1],28,-1,43,-1,28
1,<environment.Job instance at 0x7fa3947e8b90>,28,20,[ 4 14],29,-1,49,-1,29
1,<environment.Job instance at 0x7fa3947e80a0>,29,20,[14  2],30,-1,50,-1,30
1,<environment.Job instance at 0x7fa3947e81e0>,30,25,[8 5],31,-1,56,-1,31
1,<environment.Job instance at 0x7fa394b181e0>,31,24,[ 1 12],32,-1,56,-1,32
1,<environment.Job instance at 0x7fa394b185f0>,32,21,[ 5 11],33,-1,54,-1,33
1,<environment.Job instance at 0x7fa394b18370>,33,24,[ 2 14],34,-1,58,-1,34
1,<environment.Job instance at 0x7fa394b187d0>,34,24,[11  1],35,-1,59,-1,35
1,<environment.Job instance at 0x7fa394b18f00>,35,25,[7 1],36,-1,61,-1,36
1,<environment.Job instance at 0x7fa394b18fa0>,36,24,[12  5],37,-1,61,-1,37
1,<environment.Job instance at 0x7fa3949b4910>,37,23,[10  2],38,-1,61,-1,38
1,<environment.Job instance at 0x7fa3949b4dc0>,38,22,[ 1 11],39,-1,61,-1,39
1,<environment.Job instance at 0x7fa3949b4f00>,39,23,[ 5 12],40,-1,63,-1,40
1,<environment.Job instance at 0x7fa3949b4280>,40,27,[ 4 14],41,-1,68,-1,41
1,<environment.Job instance at 0x7fa3949b4e60>,41,23,[ 2 11],42,-1,65,-1,42
1,<environment.Job instance at 0x7fa3949b4d20>,42,28,[ 4 12],43,-1,71,-1,43
1,<environment.Job instance at 0x7fa3949b40a0>,43,22,[13  1],44,-1,66,-1,44
1,<environment.Job instance at 0x7fa3949b4e10>,44,25,[3 6],45,-1,70,-1,45
1,<environment.Job instance at 0x7fa3949b4f50>,46,22,[ 3 13],47,-1,69,-1,47
1,<environment.Job instance at 0x7fa3949b41e0>,47,20,[13  4],48,-1,68,-1,48
1,<environment.Job instance at 0x7fa3949b4d70>,48,19,[13  4],49,-1,68,-1,49
1,<environment.Job instance at 0x7fa3941cd780>,3,26,[12  4],4,-1,30,-1,4
1,<environment.Job instance at 0x7fa3941cd870>,4,26,[ 5 12],5,-1,31,-1,5
1,<environment.Job instance at 0x7fa3941cd690>,5,22,[ 1 11],6,-1,28,-1,6
1,<environment.Job instance at 0x7fa3941cd910>,6,23,[14  5],7,-1,30,-1,7
1,<environment.Job instance at 0x7fa3941cd9b0>,7,22,[ 2 11],8,-1,30,-1,8
1,<environment.Job instance at 0x7fa3940c6280>,9,19,[11  1],10,-1,29,-1,10
1,<environment.Job instance at 0x7fa3941cdb90>,10,27,[11  5],11,-1,38,-1,11
1,<environment.Job instance at 0x7fa3941cdc30>,11,16,[ 3 14],12,-1,28,-1,12
1,<environment.Job instance at 0x7fa3941cdcd0>,12,16,[14  1],13,-1,29,-1,13
1,<environment.Job instance at 0x7fa3941cdd70>,13,19,[ 5 12],14,-1,33,-1,14
1,<environment.Job instance at 0x7fa3941cde10>,14,25,[ 5 13],15,-1,40,-1,15
1,<environment.Job instance at 0x7fa3941cdeb0>,15,26,[13  4],16,-1,42,-1,16
1,<environment.Job instance at 0x7fa3941cdf50>,16,21,[ 4 14],17,-1,38,-1,17
1,<environment.Job instance at 0x7fa3941de050>,17,25,[ 3 12],18,-1,43,-1,18
1,<environment.Job instance at 0x7fa3941de0f0>,18,27,[14  3],19,-1,46,-1,19
1,<environment.Job instance at 0x7fa3941cda50>,8,22,[13  5],9,-1,42,-1,20
1,<environment.Job instance at 0x7fa3941de230>,21,28,[13  2],22,-1,50,-1,22
1,<environment.Job instance at 0x7fa3941de2d0>,22,28,[ 5 14],23,-1,51,-1,23
1,<environment.Job instance at 0x7fa3941de500>,24,14,[12  4],25,-1,39,-1,25
1,<environment.Job instance at 0x7fa3941de640>,25,25,[12  4],26,-1,51,-1,26
1,<environment.Job instance at 0x7fa3941de690>,26,20,[ 3 14],27,-1,47,-1,27
1,<environment.Job instance at 0x7fa3941cdaf0>,20,14,[14  4],21,-1,41,-1,27
1,<environment.Job instance at 0x7fa3941de5f0>,27,28,[ 3 14],28,-1,56,-1,28
1,<environment.Job instance at 0x7fa3941de7d0>,28,28,[11  5],29,-1,57,-1,29
1,<environment.Job instance at 0x7fa3941dea00>,31,20,[12  3],32,-1,52,-1,32
1,<environment.Job instance at 0x7fa3941deb90>,32,25,[13  2],33,-1,58,-1,33
1,<environment.Job instance at 0x7fa3941de870>,29,24,[8 4],30,-1,57,-1,33
1,<environment.Job instance at 0x7fa3941dea50>,34,16,[13  2],35,-1,51,-1,35
1,<environment.Job instance at 0x7fa3941dec80>,35,26,[13  5],36,-1,62,-1,36
1,<environment.Job instance at 0x7fa3941ded20>,36,24,[ 3 12],37,-1,61,-1,37
1,<environment.Job instance at 0x7fa3941dedc0>,37,23,[ 3 11],38,-1,61,-1,38
1,<environment.Job instance at 0x7fa3941dee60>,38,22,[11  4],39,-1,61,-1,39
1,<environment.Job instance at 0x7fa3941def00>,39,21,[12  3],40,-1,61,-1,40
1,<environment.Job instance at 0x7fa3941defa0>,40,12,[ 5 14],41,-1,53,-1,41
1,<environment.Job instance at 0x7fa3941d50a0>,41,23,[12  5],42,-1,65,-1,42
1,<environment.Job instance at 0x7fa3941d51e0>,43,23,[ 5 11],44,-1,67,-1,44
1,<environment.Job instance at 0x7fa3941d53c0>,44,25,[13  5],45,-1,70,-1,45
1,<environment.Job instance at 0x7fa3941d52d0>,45,19,[ 5 13],46,-1,65,-1,46
1,<environment.Job instance at 0x7fa3941d5410>,46,15,[ 4 12],47,-1,62,-1,47
1,<environment.Job instance at 0x7fa3941d54b0>,47,28,[ 5 10],48,-1,76,-1,48
1,<environment.Job instance at 0x7fa3941d5550>,2,28,[2 8],3,-1,31,-1,3
1,<environment.Job instance at 0x7fa394dc7910>,3,24,[13  5],4,-1,28,-1,4
1,<environment.Job instance at 0x7fa394436cd0>,4,17,[ 4 13],5,-1,22,-1,5
1,<environment.Job instance at 0x7fa394dc76e0>,6,22,[ 5 12],7,-1,29,-1,7
1,<environment.Job instance at 0x7fa394436190>,5,21,[13  4],6,-1,28,-1,7
1,<environment.Job instance at 0x7fa3944365f0>,7,13,[ 4 11],8,-1,21,-1,8
1,<environment.Job instance at 0x7fa394436230>,8,15,[14  2],9,-1,24,-1,9
1,<environment.Job instance at 0x7fa3944365a0>,9,26,[ 1 13],10,-1,36,-1,10
1,<environment.Job instance at 0x7fa394436460>,11,27,[ 2 12],12,-1,39,-1,12
1,<environment.Job instance at 0x7fa394436e10>,12,17,[14  5],13,-1,30,-1,13
1,<environment.Job instance at 0x7fa394436140>,13,24,[13  3],14,-1,38,-1,14
1,<environment.Job instance at 0x7fa394436b40>,14,22,[12  3],15,-1,37,-1,15
1,<environment.Job instance at 0x7fa39448dc30>,15,14,[ 5 12],16,-1,30,-1,16
1,<environment.Job instance at 0x7fa39448d190>,16,16,[ 5 11],17,-1,33,-1,17
1,<environment.Job instance at 0x7fa39448dcd0>,18,20,[ 1 12],19,-1,39,-1,19
1,<environment.Job instance at 0x7fa39448d780>,19,21,[14  1],20,-1,41,-1,20
1,<environment.Job instance at 0x7fa394436eb0>,21,22,[14  4],22,-1,44,-1,22
1,<environment.Job instance at 0x7fa39448daa0>,22,17,[ 3 10],23,-1,41,-1,24
1,<environment.Job instance at 0x7fa39448d230>,26,22,[ 4 14],27,-1,53,-1,31
1,<environment.Job instance at 0x7fa39448dd70>,27,20,[11  4],28,-1,51,-1,31
1,<environment.Job instance at 0x7fa39448d280>,28,23,[14  4],29,-1,54,-1,31
1,<environment.Job instance at 0x7fa39448daf0>,29,19,[ 3 14],30,-1,50,-1,31
1,<environment.Job instance at 0x7fa39448de60>,30,21,[14  2],31,-1,52,-1,31
1,<environment.Job instance at 0x7fa39448da00>,31,24,[14  2],32,-1,56,-1,32
1,<environment.Job instance at 0x7fa39448dc80>,32,21,[ 5 11],33,-1,54,-1,33
1,<environment.Job instance at 0x7fa39448d910>,33,20,[ 2 12],34,-1,54,-1,34
1,<environment.Job instance at 0x7fa3943dcd20>,34,23,[ 4 11],35,-1,58,-1,35
1,<environment.Job instance at 0x7fa3943dca50>,35,24,[3 8],36,-1,60,-1,36
1,<environment.Job instance at 0x7fa3943dcd70>,36,23,[ 3 13],37,-1,60,-1,37
1,<environment.Job instance at 0x7fa3943dc870>,37,21,[14  4],38,-1,59,-1,38
1,<environment.Job instance at 0x7fa394c81eb0>,39,24,[ 3 12],40,-1,64,-1,40
1,<environment.Job instance at 0x7fa394138460>,2,23,[ 2 11],3,-1,26,-1,3
1,<environment.Job instance at 0x7fa394dde690>,3,14,[ 5 12],4,-1,18,-1,4
1,<environment.Job instance at 0x7fa394dde780>,5,28,[ 2 11],6,-1,34,-1,6
1,<environment.Job instance at 0x7fa394dde190>,6,24,[ 1 13],7,-1,31,-1,7
1,<environment.Job instance at 0x7fa394dde6e0>,7,25,[ 5 13],8,-1,33,-1,8
1,<environment.Job instance at 0x7fa39430d3c0>,8,19,[11  3],9,-1,28,-1,9
1,<environment.Job instance at 0x7fa39430d640>,9,24,[8 2],10,-1,34,-1,10
1,<environment.Job instance at 0x7fa3950eb820>,10,21,[ 2 12],11,-1,32,-1,11
1,<environment.Job instance at 0x7fa3950eb960>,11,23,[ 2 12],12,-1,35,-1,12
1,<environment.Job instance at 0x7fa395290aa0>,15,21,[13  5],16,-1,37,-1,16
1,<environment.Job instance at 0x7fa3952906e0>,16,24,[ 5 12],17,-1,41,-1,17
1,<environment.Job instance at 0x7fa394256cd0>,17,19,[12  2],18,-1,37,-1,18
1,<environment.Job instance at 0x7fa394256f00>,18,22,[ 5 11],19,-1,41,-1,19
1,<environment.Job instance at 0x7fa39e1c9d70>,19,26,[ 4 13],20,-1,46,-1,20
1,<environment.Job instance at 0x7fa39525fdc0>,20,27,[ 2 12],21,-1,48,-1,21
1,<environment.Job instance at 0x7fa3946ac7d0>,21,19,[13  2],22,-1,41,-1,22
1,<environment.Job instance at 0x7fa39570ed70>,22,12,[11  2],23,-1,35,-1,23
1,<environment.Job instance at 0x7fa39430a500>,23,21,[5 4],24,-1,53,-1,32
1,<environment.Job instance at 0x7fa394bdbcd0>,27,25,[ 1 13],28,-1,57,-1,32
1,<environment.Job instance at 0x7fa395290460>,28,22,[ 1 12],29,-1,54,-1,32
1,<environment.Job instance at 0x7fa3953241e0>,29,26,[11  4],30,-1,58,-1,32
1,<environment.Job instance at 0x7fa3945ccaf0>,30,22,[8 2],31,-1,54,-1,32
1,<environment.Job instance at 0x7fa394aba6e0>,31,17,[11  1],32,-1,49,-1,32
1,<environment.Job instance at 0x7fa3945ccdc0>,32,20,[ 1 11],33,-1,53,-1,33
1,<environment.Job instance at 0x7fa3945eb410>,33,19,[13  2],34,-1,53,-1,34
1,<environment.Job instance at 0x7fa39dcc3320>,34,19,[ 1 11],35,-1,54,-1,35
1,<environment.Job instance at 0x7fa394b8fbe0>,35,20,[13  5],36,-1,56,-1,36
1,<environment.Job instance at 0x7fa394699be0>,36,27,[ 1 14],37,-1,64,-1,37
1,<environment.Job instance at 0x7fa395453b40>,37,26,[12  3],38,-1,64,-1,38
1,<environment.Job instance at 0x7fa395453af0>,38,24,[11  3],39,-1,63,-1,39
1,<environment.Job instance at 0x7fa394a202d0>,39,25,[13  2],40,-1,65,-1,40
1,<environment.Job instance at 0x7fa394a20b90>,40,20,[ 5 14],41,-1,61,-1,41
1,<environment.Job instance at 0x7fa394a20910>,41,22,[ 5 14],42,-1,64,-1,42
1,<environment.Job instance at 0x7fa39458c910>,42,25,[ 3 12],43,-1,68,-1,43
1,<environment.Job instance at 0x7fa39458c190>,43,28,[ 1 12],44,-1,72,-1,44
1,<environment.Job instance at 0x7fa39458ca50>,44,20,[ 1 14],45,-1,65,-1,45
1,<environment.Job instance at 0x7fa39458ccd0>,45,26,[ 3 12],46,-1,72,-1,46
1,<environment.Job instance at 0x7fa39458c370>,46,16,[ 3 12],47,-1,63,-1,47
1,<environment.Job instance at 0x7fa39458c690>,47,14,[13  3],48,-1,62,-1,48
1,<environment.Job instance at 0x7fa395088cd0>,2,16,[ 5 13],3,-1,19,-1,3
1,<environment.Job instance at 0x7fa39500f960>,4,21,[ 4 14],5,-1,26,-1,5
1,<environment.Job instance at 0x7fa39500fdc0>,7,26,[14  4],8,-1,34,-1,8
1,<environment.Job instance at 0x7fa39500fd70>,8,23,[ 3 12],9,-1,32,-1,9
1,<environment.Job instance at 0x7fa39500ff00>,12,26,[8 1],13,-1,48,-1,22
1,<environment.Job instance at 0x7fa39500ffa0>,13,19,[11  5],14,-1,41,-1,22
1,<environment.Job instance at 0x7fa394fd8230>,14,28,[11  3],15,-1,50,-1,22
1,<environment.Job instance at 0x7fa394fd82d0>,15,28,[5 1],16,-1,50,-1,22
1,<environment.Job instance at 0x7fa394fd8370>,16,19,[ 1 14],17,-1,41,-1,22
1,<environment.Job instance at 0x7fa394fd8410>,17,22,[ 4 11],18,-1,44,-1,22
1,<environment.Job instance at 0x7fa394fd84b0>,18,28,[6 1],19,-1,50,-1,22
1,<environment.Job instance at 0x7fa394fd8550>,19,21,[13  2],20,-1,43,-1,22
1,<environment.Job instance at 0x7fa394fd85f0>,20,20,[14  3],21,-1,42,-1,22
1,<environment.Job instance at 0x7fa394fd8690>,21,22,[12  2],22,-1,44,-1,22
1,<environment.Job instance at 0x7fa394fd8640>,22,14,[ 3 14],23,-1,37,-1,23
1,<environment.Job instance at 0x7fa394fd8780>,23,12,[ 3 12],24,-1,36,-1,24
1,<environment.Job instance at 0x7fa394fd8820>,24,25,[12  2],25,-1,50,-1,25
1,<environment.Job instance at 0x7fa394fd8870>,25,24,[14  4],26,-1,50,-1,26
1,<environment.Job instance at 0x7fa394fd8910>,26,21,[ 2 12],27,-1,48,-1,27
1,<environment.Job instance at 0x7fa394fd89b0>,27,26,[13  5],28,-1,54,-1,28
1,<environment.Job instance at 0x7fa394fd8a50>,28,24,[ 2 10],29,-1,53,-1,29
1,<environment.Job instance at 0x7fa394fd8190>,30,27,[12  2],31,-1,68,-1,41
1,<environment.Job instance at 0x7fa394fd8b90>,31,25,[12  4],32,-1,66,-1,41
1,<environment.Job instance at 0x7fa394fd8dc0>,32,27,[7 2],33,-1,68,-1,41
1,<environment.Job instance at 0x7fa394fd8e60>,33,24,[ 2 13],34,-1,65,-1,41
1,<environment.Job instance at 0x7fa394fd8f00>,34,19,[11  1],35,-1,60,-1,41
1,<environment.Job instance at 0x7fa394fd8fa0>,35,23,[ 3 14],36,-1,64,-1,41
1,<environment.Job instance at 0x7fa394fd8eb0>,36,14,[ 4 13],37,-1,55,-1,41
1,<environment.Job instance at 0x7fa394fd8f50>,37,27,[ 4 12],38,-1,68,-1,41
1,<environment.Job instance at 0x7fa394edebe0>,1,25,[5 3],2,-1,27,-1,2
1,<environment.Job instance at 0x7fa394fdb0a0>,2,28,[11  5],3,-1,31,-1,3
1,<environment.Job instance at 0x7fa394ede230>,3,15,[ 2 12],4,-1,19,-1,4
1,<environment.Job instance at 0x7fa394ede500>,4,16,[ 4 11],5,-1,21,-1,5
1,<environment.Job instance at 0x7fa394ede2d0>,6,24,[ 5 13],7,-1,31,-1,7
1,<environment.Job instance at 0x7fa394ede550>,7,22,[ 5 13],8,-1,30,-1,8
1,<environment.Job instance at 0x7fa394ede460>,8,19,[ 3 12],9,-1,28,-1,9
1,<environment.Job instance at 0x7fa394fd8f50>,10,26,[13  3],11,-1,37,-1,11
1,<environment.Job instance at 0x7fa394ede0f0>,9,17,[14  4],10,-1,28,-1,11
1,<environment.Job instance at 0x7fa3949a8b40>,12,20,[ 4 14],13,-1,33,-1,13
1,<environment.Job instance at 0x7fa3949a83c0>,14,21,[ 1 12],15,-1,36,-1,15
1,<environment.Job instance at 0x7fa3949a86e0>,16,20,[ 2 11],17,-1,37,-1,17
1,<environment.Job instance at 0x7fa3949a80a0>,17,26,[ 1 12],18,-1,44,-1,18
1,<environment.Job instance at 0x7fa3947d00f0>,18,28,[12  2],19,-1,47,-1,19
1,<environment.Job instance at 0x7fa3947d0cd0>,19,23,[14  1],20,-1,43,-1,20
1,<environment.Job instance at 0x7fa3947d0320>,20,28,[11  1],21,-1,49,-1,21
1,<environment.Job instance at 0x7fa3947d0be0>,21,18,[ 1 13],22,-1,40,-1,22
1,<environment.Job instance at 0x7fa39dd7b6e0>,22,27,[ 5 12],23,-1,50,-1,23
1,<environment.Job instance at 0x7fa39dd7b230>,23,21,[ 1 14],24,-1,45,-1,24
1,<environment.Job instance at 0x7fa3949a8730>,24,22,[14  2],25,-1,47,-1,25
1,<environment.Job instance at 0x7fa39dd7be60>,26,18,[11  5],27,-1,45,-1,27
1,<environment.Job instance at 0x7fa39dd7b050>,27,20,[12  5],28,-1,48,-1,28
1,<environment.Job instance at 0x7fa39dd7b9b0>,28,27,[14  4],29,-1,56,-1,29
1,<environment.Job instance at 0x7fa39dd7baf0>,29,27,[14  4],30,-1,57,-1,30
1,<environment.Job instance at 0x7fa39dd7b280>,30,19,[14  1],31,-1,50,-1,31
1,<environment.Job instance at 0x7fa39dd7b0a0>,31,14,[12  2],32,-1,46,-1,32
1,<environment.Job instance at 0x7fa39dd7ba50>,32,21,[ 5 14],33,-1,54,-1,33
1,<environment.Job instance at 0x7fa39dd7b2d0>,33,24,[7 2],34,-1,58,-1,34
1,<environment.Job instance at 0x7fa39dd7b3c0>,25,14,[12  4],26,-1,48,-1,34
1,<environment.Job instance at 0x7fa39dd7b4b0>,34,27,[14  1],35,-1,62,-1,35
1,<environment.Job instance at 0x7fa39dd7b320>,35,28,[ 2 14],36,-1,64,-1,36
1,<environment.Job instance at 0x7fa39dd7b500>,36,21,[ 2 12],37,-1,58,-1,37
1,<environment.Job instance at 0x7fa395049960>,37,27,[ 2 11],38,-1,65,-1,38
1,<environment.Job instance at 0x7fa395049f00>,38,27,[ 1 11],39,-1,66,-1,39
1,<environment.Job instance at 0x7fa395049910>,39,26,[ 2 14],40,-1,66,-1,40
1,<environment.Job instance at 0x7fa395049be0>,40,25,[12  5],41,-1,66,-1,41
1,<environment.Job instance at 0x7fa395049f50>,41,19,[ 4 14],42,-1,61,-1,42
1,<environment.Job instance at 0x7fa3950490a0>,42,19,[ 5 13],43,-1,62,-1,43
1,<environment.Job instance at 0x7fa3950491e0>,43,24,[ 4 11],44,-1,68,-1,44
1,<environment.Job instance at 0x7fa3950497d0>,44,26,[11  4],45,-1,71,-1,45
1,<environment.Job instance at 0x7fa395049b90>,45,28,[2 7],46,-1,74,-1,46
1,<environment.Job instance at 0x7fa3950493c0>,47,26,[12  5],48,-1,74,-1,48
1,<environment.Job instance at 0x7fa395049640>,48,25,[ 4 14],49,-1,74,-1,49
1,<environment.Job instance at 0x7fa394c05eb0>,3,27,[ 5 14],4,-1,31,-1,4
1,<environment.Job instance at 0x7fa394c05be0>,2,21,[ 4 11],3,-1,25,-1,4
1,<environment.Job instance at 0x7fa39dd37fa0>,4,25,[14  3],5,-1,30,-1,5
1,<environment.Job instance at 0x7fa39dd379b0>,6,19,[ 1 13],7,-1,26,-1,7
1,<environment.Job instance at 0x7fa39dd37550>,7,26,[10  3],8,-1,34,-1,8
1,<environment.Job instance at 0x7fa39dd370f0>,8,23,[ 2 11],9,-1,32,-1,9
1,<environment.Job instance at 0x7fa39dd37af0>,9,25,[ 5 11],10,-1,35,-1,10
1,<environment.Job instance at 0x7fa39dd37780>,10,27,[11  5],11,-1,38,-1,11
1,<environment.Job instance at 0x7fa39dd37be0>,11,17,[12  5],12,-1,29,-1,12
1,<environment.Job instance at 0x7fa39dd37730>,12,24,[7 1],13,-1,37,-1,13
1,<environment.Job instance at 0x7fa39dd375f0>,13,21,[11  1],14,-1,35,-1,14
1,<environment.Job instance at 0x7fa3956d13c0>,14,21,[12  4],15,-1,36,-1,15
1,<environment.Job instance at 0x7fa3956d1b40>,15,26,[11  4],16,-1,42,-1,16
1,<environment.Job instance at 0x7fa394868820>,16,21,[12  4],17,-1,38,-1,17
1,<environment.Job instance at 0x7fa39dd37aa0>,17,26,[ 1 13],18,-1,44,-1,18
1,<environment.Job instance at 0x7fa3948682d0>,18,26,[ 1 12],19,-1,45,-1,19
1,<environment.Job instance at 0x7fa394868cd0>,20,23,[11  3],21,-1,44,-1,21
1,<environment.Job instance at 0x7fa3943bebe0>,22,12,[11  4],23,-1,35,-1,23
1,<environment.Job instance at 0x7fa3954d6e60>,23,24,[11  5],24,-1,48,-1,24
1,<environment.Job instance at 0x7fa3956cffa0>,24,21,[ 3 13],25,-1,46,-1,25
1,<environment.Job instance at 0x7fa394868d20>,25,15,[11  4],26,-1,43,-1,28
1,<environment.Job instance at 0x7fa3943ae730>,28,20,[13  1],29,-1,49,-1,29
1,<environment.Job instance at 0x7fa3955e5960>,29,21,[ 3 12],30,-1,51,-1,30
1,<environment.Job instance at 0x7fa3943a4b90>,30,25,[12  3],31,-1,56,-1,31
1,<environment.Job instance at 0x7fa395554b90>,31,20,[7 1],32,-1,64,-1,44
1,<environment.Job instance at 0x7fa3951c0dc0>,34,20,[ 5 11],35,-1,64,-1,44
1,<environment.Job instance at 0x7fa394286960>,35,26,[11  1],36,-1,70,-1,44
1,<environment.Job instance at 0x7fa39531b280>,36,27,[ 1 13],37,-1,71,-1,44
1,<environment.Job instance at 0x7fa394c43b90>,37,20,[ 1 14],38,-1,64,-1,44
1,<environment.Job instance at 0x7fa395687f50>,38,28,[ 3 14],39,-1,72,-1,44
1,<environment.Job instance at 0x7fa394c43690>,39,25,[12  2],40,-1,69,-1,44
1,<environment.Job instance at 0x7fa394bb5640>,40,25,[ 5 14],41,-1,69,-1,44
1,<environment.Job instance at 0x7fa394bb5d20>,41,21,[ 1 12],42,-1,65,-1,44
1,<environment.Job instance at 0x7fa394bb5730>,42,28,[5 5],43,-1,72,-1,44
1,<environment.Job instance at 0x7fa394bb59b0>,43,21,[ 5 14],44,-1,65,-1,44
1,<environment.Job instance at 0x7fa394bb5eb0>,44,24,[11  4],45,-1,69,-1,45
1,<environment.Job instance at 0x7fa39420ee60>,45,15,[ 4 11],46,-1,61,-1,46
1,<environment.Job instance at 0x7fa39420e690>,46,27,[5 1],47,-1,74,-1,47
1,<environment.Job instance at 0x7fa39420e8c0>,47,21,[ 1 12],48,-1,69,-1,48
1,<environment.Job instance at 0x7fa39420ecd0>,48,26,[4 9],49,-1,75,-1,49
1,<environment.Job instance at 0x7fa394123aa0>,2,28,[13  1],3,-1,31,-1,3
1,<environment.Job instance at 0x7fa39420e280>,3,22,[14  1],4,-1,26,-1,4
1,<environment.Job instance at 0x7fa3957b1780>,4,25,[13  3],5,-1,30,-1,5
1,<environment.Job instance at 0x7fa3946fe550>,5,23,[11  2],6,-1,29,-1,6
1,<environment.Job instance at 0x7fa3951ec2d0>,7,26,[ 4 13],8,-1,34,-1,8
1,<environment.Job instance at 0x7fa3946fe230>,6,19,[12  1],7,-1,27,-1,8
1,<environment.Job instance at 0x7fa3946fea50>,9,25,[12  4],10,-1,35,-1,10
1,<environment.Job instance at 0x7fa3946feeb0>,10,20,[ 2 12],11,-1,31,-1,11
1,<environment.Job instance at 0x7fa3946fec80>,11,25,[ 5 14],12,-1,37,-1,12
1,<environment.Job instance at 0x7fa39471e870>,12,19,[ 5 12],13,-1,32,-1,13
1,<environment.Job instance at 0x7fa39471ebe0>,13,26,[ 1 12],14,-1,40,-1,14
1,<environment.Job instance at 0x7fa39471ec80>,14,28,[ 3 12],15,-1,43,-1,15
1,<environment.Job instance at 0x7fa39471ef00>,15,20,[ 1 12],16,-1,36,-1,16
1,<environment.Job instance at 0x7fa39471e230>,20,28,[ 4 12],21,-1,53,-1,25
1,<environment.Job instance at 0x7fa39471e730>,21,25,[ 2 12],22,-1,50,-1,25
1,<environment.Job instance at 0x7fa39471e1e0>,22,24,[11  2],23,-1,49,-1,25
1,<environment.Job instance at 0x7fa39471e780>,23,18,[ 1 11],24,-1,43,-1,25
1,<environment.Job instance at 0x7fa39470b1e0>,24,22,[12  3],25,-1,47,-1,25
1,<environment.Job instance at 0x7fa39470b820>,25,26,[ 3 11],26,-1,52,-1,26
1,<environment.Job instance at 0x7fa39dcd44b0>,2,26,[14  3],3,-1,29,-1,3
1,<environment.Job instance at 0x7fa39dcd47d0>,3,27,[ 3 14],4,-1,31,-1,4
1,<environment.Job instance at 0x7fa39dcd4820>,5,27,[ 5 13],6,-1,33,-1,6
1,<environment.Job instance at 0x7fa394ebd550>,6,25,[13  4],7,-1,32,-1,7
1,<environment.Job instance at 0x7fa394ebdbe0>,7,27,[ 2 14],8,-1,35,-1,8
1,<environment.Job instance at 0x7fa394ebdb90>,8,21,[ 2 14],9,-1,30,-1,9
1,<environment.Job instance at 0x7fa394ebd7d0>,9,22,[ 3 11],10,-1,32,-1,10
1,<environment.Job instance at 0x7fa394ebdc30>,10,28,[ 4 14],11,-1,39,-1,11
1,<environment.Job instance at 0x7fa394ebda50>,11,12,[ 1 12],12,-1,24,-1,12
1,<environment.Job instance at 0x7fa394ebddc0>,12,28,[8 2],13,-1,41,-1,13
1,<environment.Job instance at 0x7fa394ebd6e0>,14,23,[12  3],15,-1,38,-1,15
1,<environment.Job instance at 0x7fa394436140>,15,15,[11  3],16,-1,31,-1,16
1,<environment.Job instance at 0x7fa3944361e0>,16,23,[12  3],17,-1,40,-1,17
1,<environment.Job instance at 0x7fa394436910>,17,27,[13  4],18,-1,45,-1,18
1,<environment.Job instance at 0x7fa3944364b0>,19,18,[12  2],20,-1,38,-1,20
1,<environment.Job instance at 0x7fa394ebd3c0>,13,19,[14  4],14,-1,39,-1,20
1,<environment.Job instance at 0x7fa394697e10>,21,24,[13  5],22,-1,46,-1,22
1,<environment.Job instance at 0x7fa394436f00>,20,20,[13  5],21,-1,42,-1,22
1,<environment.Job instance at 0x7fa394697870>,22,26,[ 4 12],23,-1,49,-1,23
1,<environment.Job instance at 0x7fa394697780>,24,23,[ 4 11],25,-1,48,-1,25
1,<environment.Job instance at 0x7fa394550e60>,25,26,[ 3 14],26,-1,52,-1,26
1,<environment.Job instance at 0x7fa394550a50>,26,12,[ 2 13],27,-1,39,-1,27
1,<environment.Job instance at 0x7fa394550cd0>,27,19,[ 4 11],28,-1,47,-1,28
1,<environment.Job instance at 0x7fa394f3e6e0>,28,27,[ 3 12],29,-1,56,-1,29
1,<environment.Job instance at 0x7fa394f3e500>,29,27,[11  1],30,-1,57,-1,30
1,<environment.Job instance at 0x7fa394697230>,31,25,[14  5],32,-1,57,-1,32
1,<environment.Job instance at 0x7fa39443b0a0>,32,27,[6 1],33,-1,60,-1,33
1,<environment.Job instance at 0x7fa39443b050>,33,15,[13  1],34,-1,49,-1,34
1,<environment.Job instance at 0x7fa39443b460>,34,27,[ 3 14],35,-1,62,-1,35
1,<environment.Job instance at 0x7fa394f3e370>,30,13,[13  4],31,-1,48,-1,35
1,<environment.Job instance at 0x7fa394f3e780>,36,24,[13  3],37,-1,61,-1,37
1,<environment.Job instance at 0x7fa394c43280>,37,22,[ 3 13],38,-1,60,-1,38
1,<environment.Job instance at 0x7fa394c43690>,39,26,[ 4 13],40,-1,66,-1,40
1,<environment.Job instance at 0x7fa394a46550>,40,23,[13  3],41,-1,64,-1,41
1,<environment.Job instance at 0x7fa394a46dc0>,41,20,[12  4],42,-1,62,-1,42
1,<environment.Job instance at 0x7fa394a46820>,42,26,[2 7],43,-1,70,-1,44
1,<environment.Job instance at 0x7fa394a461e0>,44,23,[14  1],45,-1,68,-1,45
1,<environment.Job instance at 0x7fa394a46690>,45,23,[13  2],46,-1,69,-1,46
1,<environment.Job instance at 0x7fa394a46500>,46,25,[4 5],47,-1,72,-1,47
1,<environment.Job instance at 0x7fa394a46460>,47,21,[14  1],48,-1,69,-1,48
1,<environment.Job instance at 0x7fa394a46370>,48,27,[ 1 13],49,-1,76,-1,49
1,<environment.Job instance at 0x7fa3942d8f00>,1,24,[ 2 13],2,-1,26,-1,2
1,<environment.Job instance at 0x7fa3942d8cd0>,2,25,[13  1],3,-1,28,-1,3
1,<environment.Job instance at 0x7fa3942d8af0>,3,22,[ 1 12],4,-1,26,-1,4
1,<environment.Job instance at 0x7fa3942d8b40>,4,22,[12  4],5,-1,27,-1,5
1,<environment.Job instance at 0x7fa3942d88c0>,5,25,[ 4 11],6,-1,31,-1,6
1,<environment.Job instance at 0x7fa3942d8050>,6,25,[ 5 14],7,-1,32,-1,7
1,<environment.Job instance at 0x7fa3942d8be0>,7,26,[ 3 12],8,-1,34,-1,8
1,<environment.Job instance at 0x7fa3942d81e0>,8,20,[ 4 13],9,-1,29,-1,9
1,<environment.Job instance at 0x7fa39470f460>,9,24,[14  5],10,-1,34,-1,10
1,<environment.Job instance at 0x7fa39470f280>,10,27,[ 5 13],11,-1,38,-1,11
1,<environment.Job instance at 0x7fa394f38820>,11,20,[ 4 14],12,-1,32,-1,12
1,<environment.Job instance at 0x7fa394f38af0>,12,14,[ 1 14],13,-1,27,-1,13
1,<environment.Job instance at 0x7fa394f38aa0>,13,24,[5 8],14,-1,38,-1,14
1,<environment.Job instance at 0x7fa394f380a0>,14,23,[11  4],15,-1,38,-1,15
1,<environment.Job instance at 0x7fa394f385f0>,15,24,[14  4],16,-1,40,-1,16
1,<environment.Job instance at 0x7fa394f385a0>,16,23,[ 2 13],17,-1,40,-1,17
1,<environment.Job instance at 0x7fa394f38b40>,17,21,[14  4],18,-1,39,-1,18
1,<environment.Job instance at 0x7fa394f38c80>,18,25,[ 1 12],19,-1,44,-1,19
1,<environment.Job instance at 0x7fa394f38910>,19,28,[ 1 11],20,-1,48,-1,20
1,<environment.Job instance at 0x7fa394a90be0>,21,28,[14  2],22,-1,50,-1,22
1,<environment.Job instance at 0x7fa394a90eb0>,22,28,[13  4],23,-1,51,-1,23
1,<environment.Job instance at 0x7fa394a902d0>,23,22,[ 5 14],24,-1,46,-1,24
1,<environment.Job instance at 0x7fa394a90a00>,24,28,[ 1 11],25,-1,53,-1,25
1,<environment.Job instance at 0x7fa394a90460>,25,22,[14  5],26,-1,48,-1,26
1,<environment.Job instance at 0x7fa394a90140>,26,22,[ 1 14],27,-1,49,-1,27
1,<environment.Job instance at 0x7fa39480f230>,28,16,[ 3 13],29,-1,45,-1,29
1,<environment.Job instance at 0x7fa3942d8870>,29,21,[13  2],30,-1,51,-1,30
1,<environment.Job instance at 0x7fa39404b910>,31,25,[ 5 11],32,-1,57,-1,32
1,<environment.Job instance at 0x7fa39404b8c0>,32,28,[13  5],33,-1,61,-1,33
1,<environment.Job instance at 0x7fa39404b320>,34,23,[ 4 14],35,-1,58,-1,35
1,<environment.Job instance at 0x7fa39480f960>,36,28,[12  3],37,-1,65,-1,37
1,<environment.Job instance at 0x7fa3947ec500>,37,27,[11  4],38,-1,65,-1,38
1,<environment.Job instance at 0x7fa3947ec9b0>,38,27,[9 4],39,-1,66,-1,39
1,<environment.Job instance at 0x7fa39404b550>,35,21,[12  1],36,-1,60,-1,39
1,<environment.Job instance at 0x7fa39404bd20>,39,28,[5 9],40,-1,68,-1,40
1,<environment.Job instance at 0x7fa3947ecb40>,41,16,[ 3 12],42,-1,58,-1,42
1,<environment.Job instance at 0x7fa3947ecd20>,42,23,[ 2 14],43,-1,66,-1,43
1,<environment.Job instance at 0x7fa3947ec7d0>,43,21,[ 2 13],44,-1,65,-1,44
1,<environment.Job instance at 0x7fa3947ec820>,44,28,[14  2],45,-1,73,-1,45
1,<environment.Job instance at 0x7fa3947ec2d0>,45,24,[11  1],46,-1,70,-1,46
1,<environment.Job instance at 0x7fa3947ecbe0>,46,21,[ 3 13],47,-1,68,-1,47
1,<environment.Job instance at 0x7fa3947eca50>,48,26,[ 1 12],49,-1,75,-1,49
1,<environment.Job instance at 0x7fa39442d370>,1,20,[ 3 14],2,-1,22,-1,2
1,<environment.Job instance at 0x7fa3947ec280>,2,17,[ 1 12],3,-1,20,-1,3
1,<environment.Job instance at 0x7fa395585640>,5,21,[ 3 14],6,-1,27,-1,6
1,<environment.Job instance at 0x7fa3955855a0>,6,23,[14  5],7,-1,30,-1,7
1,<environment.Job instance at 0x7fa3952eb050>,8,18,[14  2],9,-1,27,-1,9
1,<environment.Job instance at 0x7fa395578d70>,9,27,[ 5 13],10,-1,37,-1,10
1,<environment.Job instance at 0x7fa394bc93c0>,13,28,[9 3],14,-1,43,-1,15
1,<environment.Job instance at 0x7fa395322d70>,14,16,[ 2 13],15,-1,31,-1,15
1,<environment.Job instance at 0x7fa395307b40>,15,28,[14  4],16,-1,44,-1,16
1,<environment.Job instance at 0x7fa395307460>,16,13,[12  5],17,-1,30,-1,17
1,<environment.Job instance at 0x7fa395307370>,17,13,[14  1],18,-1,31,-1,18
1,<environment.Job instance at 0x7fa395307550>,18,26,[11  5],19,-1,45,-1,19
1,<environment.Job instance at 0x7fa395307690>,19,14,[ 2 13],20,-1,34,-1,20
1,<environment.Job instance at 0x7fa395307d20>,20,28,[14  5],21,-1,49,-1,21
1,<environment.Job instance at 0x7fa395307f00>,21,18,[12  4],22,-1,40,-1,22
1,<environment.Job instance at 0x7fa395307eb0>,22,21,[ 2 14],23,-1,44,-1,23
1,<environment.Job instance at 0x7fa3953070f0>,23,17,[9 2],24,-1,47,-1,30
1,<environment.Job instance at 0x7fa39531b320>,25,16,[ 3 13],26,-1,46,-1,30
1,<environment.Job instance at 0x7fa395307cd0>,26,26,[11  1],27,-1,56,-1,30
1,<environment.Job instance at 0x7fa395567870>,27,23,[12  5],28,-1,53,-1,30
1,<environment.Job instance at 0x7fa395567b40>,28,21,[9 4],29,-1,56,-1,35
1,<environment.Job instance at 0x7fa395567b90>,29,20,[ 5 13],30,-1,55,-1,35
1,<environment.Job instance at 0x7fa395567910>,30,17,[13  3],31,-1,52,-1,35
1,<environment.Job instance at 0x7fa395567280>,31,23,[12  3],32,-1,58,-1,35
1,<environment.Job instance at 0x7fa3941a10f0>,32,19,[ 3 11],33,-1,54,-1,35
1,<environment.Job instance at 0x7fa394fbc640>,34,25,[9 3],35,-1,60,-1,35
1,<environment.Job instance at 0x7fa395694eb0>,35,28,[ 5 13],36,-1,64,-1,36
1,<environment.Job instance at 0x7fa39568f0a0>,36,19,[ 4 11],37,-1,56,-1,37
1,<environment.Job instance at 0x7fa39568f0f0>,37,25,[13  4],38,-1,63,-1,38
1,<environment.Job instance at 0x7fa39568f550>,38,21,[ 1 12],39,-1,60,-1,39
1,<environment.Job instance at 0x7fa394fca9b0>,39,22,[ 4 12],40,-1,62,-1,40
1,<environment.Job instance at 0x7fa394fb8050>,40,22,[13  5],41,-1,63,-1,41
1,<environment.Job instance at 0x7fa394fb8960>,41,28,[13  2],42,-1,70,-1,42
1,<environment.Job instance at 0x7fa394c4a910>,42,20,[14  3],43,-1,63,-1,43
1,<environment.Job instance at 0x7fa393f2caf0>,43,24,[14  3],44,-1,68,-1,44
1,<environment.Job instance at 0x7fa393f2cd70>,44,25,[12  1],45,-1,70,-1,45
1,<environment.Job instance at 0x7fa394fce9b0>,45,24,[5 8],46,-1,70,-1,46
1,<environment.Job instance at 0x7fa394fce640>,46,13,[ 1 13],47,-1,60,-1,47
1,<environment.Job instance at 0x7fa394c1a910>,47,23,[ 1 14],48,-1,71,-1,48
1,<environment.Job instance at 0x7fa394c1ab40>,48,25,[12  5],49,-1,74,-1,49
1,<environment.Job instance at 0x7fa394277550>,1,25,[ 4 11],2,-1,27,-1,2
1,<environment.Job instance at 0x7fa394fc0820>,2,21,[ 3 11],3,-1,24,-1,3
1,<environment.Job instance at 0x7fa394c1ab40>,4,23,[14  5],5,-1,28,-1,5
1,<environment.Job instance at 0x7fa394277050>,5,25,[ 2 11],6,-1,31,-1,6
1,<environment.Job instance at 0x7fa394277960>,6,26,[14  4],7,-1,33,-1,7
1,<environment.Job instance at 0x7fa394277780>,7,14,[ 1 13],8,-1,22,-1,8
1,<environment.Job instance at 0x7fa3942773c0>,8,17,[ 1 11],9,-1,26,-1,9
1,<environment.Job instance at 0x7fa394277c30>,11,26,[ 1 11],12,-1,38,-1,12
1,<environment.Job instance at 0x7fa394277730>,12,16,[13  2],13,-1,29,-1,13
1,<environment.Job instance at 0x7fa3942770f0>,13,21,[ 5 11],14,-1,35,-1,14
1,<environment.Job instance at 0x7fa394277460>,14,17,[13  4],15,-1,32,-1,15
1,<environment.Job instance at 0x7fa394277cd0>,15,28,[ 3 12],16,-1,44,-1,16
1,<environment.Job instance at 0x7fa394277b90>,16,26,[ 1 12],17,-1,43,-1,17
1,<environment.Job instance at 0x7fa394277c80>,18,19,[13  5],19,-1,38,-1,19
1,<environment.Job instance at 0x7fa394277e10>,19,20,[ 5 14],20,-1,40,-1,20
1,<environment.Job instance at 0x7fa394277820>,20,27,[ 2 14],21,-1,48,-1,21
1,<environment.Job instance at 0x7fa394277af0>,21,13,[ 2 12],22,-1,35,-1,22
1,<environment.Job instance at 0x7fa394279a50>,22,24,[10  4],23,-1,47,-1,23
1,<environment.Job instance at 0x7fa3942796e0>,23,18,[ 3 11],24,-1,42,-1,24
1,<environment.Job instance at 0x7fa394279c80>,24,13,[14  4],25,-1,38,-1,25
1,<environment.Job instance at 0x7fa394279fa0>,25,23,[14  2],26,-1,49,-1,26
1,<environment.Job instance at 0x7fa394279050>,26,25,[14  4],27,-1,52,-1,27
1,<environment.Job instance at 0x7fa394279f50>,27,19,[13  5],28,-1,47,-1,28
1,<environment.Job instance at 0x7fa394279690>,28,26,[10  2],29,-1,55,-1,29
1,<environment.Job instance at 0x7fa394279960>,30,15,[ 1 11],31,-1,46,-1,31
1,<environment.Job instance at 0x7fa3942798c0>,31,26,[ 2 11],32,-1,58,-1,32
1,<environment.Job instance at 0x7fa394279dc0>,32,23,[ 3 13],33,-1,56,-1,33
1,<environment.Job instance at 0x7fa394279460>,33,13,[12  5],34,-1,47,-1,34
1,<environment.Job instance at 0x7fa394279780>,34,26,[ 3 13],35,-1,61,-1,35
1,<environment.Job instance at 0x7fa394279550>,35,19,[ 4 14],36,-1,55,-1,36
1,<environment.Job instance at 0x7fa394279a00>,36,17,[ 4 13],37,-1,54,-1,37
1,<environment.Job instance at 0x7fa3942770a0>,3,21,[13  2],4,-1,58,-1,37
1,<environment.Job instance at 0x7fa394277140>,37,27,[ 2 11],38,-1,65,-1,38
1,<environment.Job instance at 0x7fa394279910>,39,24,[ 4 12],40,-1,64,-1,40
1,<environment.Job instance at 0x7fa394279b40>,40,27,[11  4],41,-1,68,-1,41
1,<environment.Job instance at 0x7fa394279aa0>,42,26,[7 3],43,-1,69,-1,43
1,<environment.Job instance at 0x7fa3950f2550>,43,24,[ 5 12],44,-1,68,-1,44
1,<environment.Job instance at 0x7fa3950f2e10>,44,27,[10  1],45,-1,72,-1,45
1,<environment.Job instance at 0x7fa3950f2f00>,45,15,[13  5],46,-1,61,-1,46
1,<environment.Job instance at 0x7fa3950f2d20>,47,25,[ 2 14],48,-1,73,-1,48
1,<environment.Job instance at 0x7fa3950f2410>,48,26,[ 1 14],49,-1,75,-1,49
1,<environment.Job instance at 0x7fa39404b190>,1,23,[ 1 13],2,-1,25,-1,2
1,<environment.Job instance at 0x7fa3950f2690>,2,22,[ 3 13],3,-1,25,-1,3
1,<environment.Job instance at 0x7fa39404b050>,3,13,[13  1],4,-1,17,-1,4
1,<environment.Job instance at 0x7fa39404bc80>,4,25,[ 4 11],5,-1,30,-1,5
1,<environment.Job instance at 0x7fa3950f2410>,6,24,[14  2],7,-1,31,-1,7
1,<environment.Job instance at 0x7fa39404b5f0>,5,14,[13  3],6,-1,21,-1,7
1,<environment.Job instance at 0x7fa39566a730>,7,22,[13  2],8,-1,30,-1,8
1,<environment.Job instance at 0x7fa39566a9b0>,8,28,[ 5 14],9,-1,37,-1,9
1,<environment.Job instance at 0x7fa39566aaf0>,9,26,[14  1],10,-1,36,-1,10
1,<environment.Job instance at 0x7fa39566a050>,10,28,[13  2],11,-1,39,-1,11
1,<environment.Job instance at 0x7fa39566a370>,11,28,[11  4],12,-1,40,-1,12
1,<environment.Job instance at 0x7fa39566a460>,12,27,[ 1 13],13,-1,40,-1,13
1,<environment.Job instance at 0x7fa39566a6e0>,13,25,[ 5 12],14,-1,39,-1,14
1,<environment.Job instance at 0x7fa393e8bb40>,14,13,[13  4],15,-1,28,-1,15
1,<environment.Job instance at 0x7fa39566af50>,17,16,[ 4 13],18,-1,34,-1,18
1,<environment.Job instance at 0x7fa394e77f00>,18,28,[1 7],19,-1,47,-1,19
1,<environment.Job instance at 0x7fa39488e2d0>,19,25,[13  2],20,-1,45,-1,20
1,<environment.Job instance at 0x7fa3956e3320>,20,12,[13  4],21,-1,33,-1,21
1,<environment.Job instance at 0x7fa39e27e6e0>,22,28,[ 1 11],23,-1,51,-1,23
1,<environment.Job instance at 0x7fa3945c5aa0>,23,22,[14  3],24,-1,46,-1,24
1,<environment.Job instance at 0x7fa394b180f0>,24,28,[14  4],25,-1,53,-1,25
1,<environment.Job instance at 0x7fa3956e3820>,25,27,[13  4],26,-1,53,-1,26
1,<environment.Job instance at 0x7fa394b18960>,26,27,[ 5 11],27,-1,54,-1,27
1,<environment.Job instance at 0x7fa394b18050>,27,27,[6 4],28,-1,55,-1,28
1,<environment.Job instance at 0x7fa394b18a00>,29,24,[ 1 12],30,-1,54,-1,30
1,<environment.Job instance at 0x7fa393f197d0>,30,24,[14  5],31,-1,55,-1,31
1,<environment.Job instance at 0x7fa394b18910>,28,17,[14  2],29,-1,48,-1,31
1,<environment.Job instance at 0x7fa393f19f00>,31,18,[ 1 14],32,-1,50,-1,32
1,<environment.Job instance at 0x7fa393f19c30>,32,15,[ 1 13],33,-1,48,-1,33
1,<environment.Job instance at 0x7fa393f19820>,34,21,[12  2],35,-1,56,-1,35
1,<environment.Job instance at 0x7fa393f19780>,35,27,[ 4 12],36,-1,63,-1,36
1,<environment.Job instance at 0x7fa393f199b0>,36,20,[ 5 11],37,-1,57,-1,37
1,<environment.Job instance at 0x7fa393f19500>,37,23,[ 3 13],38,-1,61,-1,38
1,<environment.Job instance at 0x7fa393f19e10>,38,28,[12  3],39,-1,67,-1,39
1,<environment.Job instance at 0x7fa393f195f0>,39,23,[14  2],40,-1,63,-1,40
1,<environment.Job instance at 0x7fa393f19d20>,40,26,[ 2 11],41,-1,67,-1,41
1,<environment.Job instance at 0x7fa393f19be0>,41,27,[6 4],42,-1,69,-1,42
1,<environment.Job instance at 0x7fa393f19460>,42,25,[ 4 14],43,-1,68,-1,43
1,<environment.Job instance at 0x7fa39427fbe0>,43,17,[ 2 13],44,-1,61,-1,44
1,<environment.Job instance at 0x7fa39427fb40>,44,26,[13  2],45,-1,71,-1,45
1,<environment.Job instance at 0x7fa39427fd20>,45,24,[14  3],46,-1,70,-1,46
1,<environment.Job instance at 0x7fa39427f3c0>,46,24,[13  5],47,-1,71,-1,47
1,<environment.Job instance at 0x7fa3943cd410>,47,12,[ 4 13],48,-1,60,-1,48
1,<environment.Job instance at 0x7fa3943cd050>,48,27,[14  3],49,-1,76,-1,49
1,<environment.Job instance at 0x7fa393f98dc0>,1,27,[12  5],2,-1,29,-1,2
1,<environment.Job instance at 0x7fa3943cd050>,4,26,[ 1 13],5,-1,31,-1,5
1,<environment.Job instance at 0x7fa39501fd70>,5,13,[ 1 13],6,-1,19,-1,6
1,<environment.Job instance at 0x7fa395646190>,6,18,[12  5],7,-1,25,-1,7
1,<environment.Job instance at 0x7fa395646460>,7,24,[ 5 12],8,-1,32,-1,8
1,<environment.Job instance at 0x7fa395646fa0>,8,22,[ 3 14],9,-1,31,-1,9
1,<environment.Job instance at 0x7fa395646aa0>,9,21,[ 2 11],10,-1,31,-1,10
1,<environment.Job instance at 0x7fa3942c9e10>,11,20,[ 3 14],12,-1,32,-1,12
1,<environment.Job instance at 0x7fa394af7f50>,10,19,[13  2],11,-1,31,-1,12
1,<environment.Job instance at 0x7fa394af71e0>,12,15,[ 1 12],13,-1,28,-1,13
1,<environment.Job instance at 0x7fa394af7640>,13,25,[14  2],14,-1,39,-1,14
1,<environment.Job instance at 0x7fa3954c0eb0>,14,22,[11  3],15,-1,37,-1,15
1,<environment.Job instance at 0x7fa3954c0050>,15,16,[14  2],16,-1,32,-1,16
1,<environment.Job instance at 0x7fa394b6abe0>,16,26,[9 2],17,-1,43,-1,17
1,<environment.Job instance at 0x7fa394092e60>,17,26,[ 2 10],18,-1,44,-1,18
1,<environment.Job instance at 0x7fa394b4bd20>,19,25,[5 5],20,-1,45,-1,20
1,<environment.Job instance at 0x7fa3956799b0>,20,20,[ 3 12],21,-1,41,-1,21
1,<environment.Job instance at 0x7fa39515adc0>,22,26,[ 2 11],23,-1,49,-1,23
1,<environment.Job instance at 0x7fa394870af0>,23,27,[7 4],24,-1,51,-1,24
1,<environment.Job instance at 0x7fa394870640>,24,19,[ 2 13],25,-1,44,-1,25
1,<environment.Job instance at 0x7fa394870eb0>,25,20,[12  3],26,-1,46,-1,26
1,<environment.Job instance at 0x7fa3948701e0>,26,24,[7 2],27,-1,51,-1,27
1,<environment.Job instance at 0x7fa394d61870>,27,22,[14  3],28,-1,50,-1,28
1,<environment.Job instance at 0x7fa395030870>,28,26,[12  1],29,-1,55,-1,29
1,<environment.Job instance at 0x7fa3956dbeb0>,29,28,[ 3 12],30,-1,58,-1,30
1,<environment.Job instance at 0x7fa394b805a0>,31,25,[14  4],32,-1,57,-1,32
1,<environment.Job instance at 0x7fa394b80550>,32,26,[11  3],33,-1,59,-1,33
1,<environment.Job instance at 0x7fa39e1c9be0>,33,26,[3 7],34,-1,60,-1,34
1,<environment.Job instance at 0x7f7367326eb0>,2,22,[ 4 14],3,-1,25,-1,3
1,<environment.Job instance at 0x7f7370a7b4b0>,3,25,[ 5 14],4,-1,29,-1,4
1,<environment.Job instance at 0x7f73672a40a0>,4,21,[ 1 12],5,-1,26,-1,5
1,<environment.Job instance at 0x7f7367326fa0>,7,25,[6 2],8,-1,34,-1,9
1,<environment.Job instance at 0x7f73672a4410>,9,19,[13  1],10,-1,29,-1,10
1,<environment.Job instance at 0x7f73672a44b0>,10,23,[ 4 14],11,-1,34,-1,11
1,<environment.Job instance at 0x7f73672a4550>,11,25,[ 4 12],12,-1,37,-1,12
1,<environment.Job instance at 0x7f73672a45f0>,12,19,[ 5 13],13,-1,32,-1,13
1,<environment.Job instance at 0x7f73672a4690>,13,22,[ 2 11],14,-1,36,-1,14
1,<environment.Job instance at 0x7f73672a4730>,14,25,[13  4],15,-1,40,-1,15
1,<environment.Job instance at 0x7f73672a47d0>,15,25,[13  3],16,-1,41,-1,16
1,<environment.Job instance at 0x7f73672a4870>,16,26,[14  4],17,-1,43,-1,17
1,<environment.Job instance at 0x7f73672a4910>,17,14,[ 2 14],18,-1,32,-1,18
1,<environment.Job instance at 0x7f73672a49b0>,18,14,[ 2 13],19,-1,33,-1,19
1,<environment.Job instance at 0x7f73672a4a50>,19,17,[13  5],20,-1,37,-1,20
1,<environment.Job instance at 0x7f73672a4af0>,20,21,[12  2],21,-1,42,-1,21
1,<environment.Job instance at 0x7f73672a4b90>,21,28,[11  1],22,-1,50,-1,22
1,<environment.Job instance at 0x7f73672a4c30>,22,26,[ 1 14],23,-1,49,-1,23
1,<environment.Job instance at 0x7f73672a4d70>,24,13,[ 3 14],25,-1,38,-1,25
1,<environment.Job instance at 0x7f73672a4eb0>,25,23,[ 3 13],26,-1,49,-1,26
1,<environment.Job instance at 0x7f73672a4320>,26,26,[1 8],27,-1,53,-1,27
1,<environment.Job instance at 0x7f73672a4fa0>,27,25,[5 7],28,-1,53,-1,28
1,<environment.Job instance at 0x7f73672a70a0>,28,25,[ 4 11],29,-1,54,-1,29
1,<environment.Job instance at 0x7f73672a7140>,29,22,[ 5 13],30,-1,52,-1,30
1,<environment.Job instance at 0x7f73672a71e0>,30,27,[4 8],31,-1,58,-1,31
1,<environment.Job instance at 0x7f73672a7280>,31,20,[11  5],32,-1,52,-1,32
1,<environment.Job instance at 0x7f73672a7320>,32,27,[11  3],33,-1,60,-1,33
1,<environment.Job instance at 0x7f73672a73c0>,33,16,[ 2 14],34,-1,50,-1,34
1,<environment.Job instance at 0x7f73672a7460>,34,24,[ 1 14],35,-1,59,-1,35
1,<environment.Job instance at 0x7f73672a7500>,35,22,[11  5],36,-1,58,-1,36
1,<environment.Job instance at 0x7f73672a75a0>,36,20,[ 3 14],37,-1,57,-1,37
1,<environment.Job instance at 0x7f73672a7640>,37,28,[ 2 12],38,-1,66,-1,38
1,<environment.Job instance at 0x7f73672a76e0>,38,20,[ 1 12],39,-1,59,-1,39
1,<environment.Job instance at 0x7f73672a7780>,39,24,[5 6],40,-1,64,-1,40
1,<environment.Job instance at 0x7f73672a7820>,40,26,[ 1 12],41,-1,67,-1,41
1,<environment.Job instance at 0x7f73672a78c0>,41,18,[ 5 14],42,-1,60,-1,42
1,<environment.Job instance at 0x7f73672a7960>,42,20,[ 2 11],43,-1,63,-1,43
1,<environment.Job instance at 0x7f73672a7a00>,43,16,[13  5],44,-1,60,-1,44
1,<environment.Job instance at 0x7f73672a7aa0>,44,16,[14  3],45,-1,61,-1,45
1,<environment.Job instance at 0x7f73672a7b40>,45,27,[12  2],46,-1,73,-1,46
1,<environment.Job instance at 0x7f73672a7be0>,46,28,[ 4 11],47,-1,75,-1,47
1,<environment.Job instance at 0x7f73672a7c80>,47,17,[12  2],48,-1,65,-1,48
1,<environment.Job instance at 0x7f73672a7d20>,48,17,[11  1],49,-1,66,-1,49
1,<environment.Job instance at 0x7f73672a7dc0>,49,27,[ 1 11],50,-1,77,-1,50
1,<environment.Job instance at 0x7f73672a7fa0>,52,20,[11  3],53,-1,73,-1,53
1,<environment.Job instance at 0x7f73672aa1e0>,53,27,[14  5],54,-1,81,-1,54
1,<environment.Job instance at 0x7f73672aa0a0>,54,24,[5 7],55,-1,79,-1,55
1,<environment.Job instance at 0x7f73672aa230>,55,20,[13  1],56,-1,76,-1,56
1,<environment.Job instance at 0x7f73672aa2d0>,56,20,[ 3 13],57,-1,77,-1,57
1,<environment.Job instance at 0x7f73672aa410>,58,27,[ 2 14],59,-1,86,-1,59
1,<environment.Job instance at 0x7f73672aa8c0>,1,23,[ 1 11],2,-1,25,-1,2
1,<environment.Job instance at 0x7f73672aa5a0>,2,21,[ 5 13],3,-1,24,-1,3
1,<environment.Job instance at 0x7f7367770f00>,3,28,[ 3 14],4,-1,32,-1,4
1,<environment.Job instance at 0x7f736789af00>,4,28,[ 1 14],5,-1,33,-1,5
1,<environment.Job instance at 0x7f736789ad70>,7,27,[ 1 10],8,-1,35,-1,8
1,<environment.Job instance at 0x7f73674606e0>,8,20,[ 3 12],9,-1,29,-1,9
1,<environment.Job instance at 0x7f7367460280>,9,20,[ 3 12],10,-1,30,-1,10
1,<environment.Job instance at 0x7f736789a230>,6,21,[13  3],7,-1,31,-1,10
1,<environment.Job instance at 0x7f73672aa410>,10,21,[12  2],11,-1,32,-1,11
1,<environment.Job instance at 0x7f7367460d70>,11,28,[5 1],12,-1,40,-1,12
1,<environment.Job instance at 0x7f7367460f50>,13,25,[3 8],14,-1,39,-1,14
1,<environment.Job instance at 0x7f7367460aa0>,15,14,[ 4 11],16,-1,30,-1,16
1,<environment.Job instance at 0x7f73674603c0>,16,19,[ 4 14],17,-1,36,-1,17
1,<environment.Job instance at 0x7f7367460d20>,18,27,[10  2],19,-1,46,-1,19
1,<environment.Job instance at 0x7f7367460b40>,19,28,[9 4],20,-1,48,-1,20
1,<environment.Job instance at 0x7f7367460dc0>,17,13,[14  5],18,-1,33,-1,20
1,<environment.Job instance at 0x7f7367460c30>,21,15,[ 5 11],22,-1,37,-1,22
1,<environment.Job instance at 0x7f7367460cd0>,22,26,[5 4],23,-1,49,-1,23
1,<environment.Job instance at 0x7f736701aaf0>,25,25,[13  5],26,-1,51,-1,26
1,<environment.Job instance at 0x7f7366a38cd0>,26,24,[ 1 11],27,-1,51,-1,27
1,<environment.Job instance at 0x7f7366ae36e0>,27,28,[ 3 10],28,-1,56,-1,28
1,<environment.Job instance at 0x7f7366a38d70>,28,21,[ 1 11],29,-1,50,-1,29
1,<environment.Job instance at 0x7f7366c32730>,29,23,[13  1],30,-1,53,-1,30
1,<environment.Job instance at 0x7f7366c32be0>,30,22,[4 9],31,-1,56,-1,34
1,<environment.Job instance at 0x7f7366b01280>,33,20,[12  1],34,-1,54,-1,34
1,<environment.Job instance at 0x7f7370986c30>,34,25,[4 5],35,-1,60,-1,35
1,<environment.Job instance at 0x7f7366f75140>,36,28,[ 1 13],37,-1,65,-1,37
1,<environment.Job instance at 0x7f7366a2d140>,37,26,[ 1 11],38,-1,64,-1,38
1,<environment.Job instance at 0x7f7366ca2b90>,39,26,[6 5],40,-1,66,-1,40
1,<environment.Job instance at 0x7f7366c281e0>,40,18,[ 2 13],41,-1,59,-1,41
1,<environment.Job instance at 0x7f7366c3b9b0>,41,18,[ 1 10],42,-1,60,-1,42
1,<environment.Job instance at 0x7f7366cea410>,42,23,[ 3 13],43,-1,66,-1,43
1,<environment.Job instance at 0x7f73669b4e60>,43,23,[ 5 13],44,-1,67,-1,44
1,<environment.Job instance at 0x7f7366a35f00>,44,12,[ 4 12],45,-1,57,-1,45
1,<environment.Job instance at 0x7f7366a35320>,45,26,[9 3],46,-1,72,-1,46
1,<environment.Job instance at 0x7f7366a356e0>,46,23,[14  4],47,-1,70,-1,47
1,<environment.Job instance at 0x7f7366a1d2d0>,47,12,[ 3 12],48,-1,60,-1,48
1,<environment.Job instance at 0x7f7366c7df00>,48,21,[ 1 13],49,-1,70,-1,49
1,<environment.Job instance at 0x7f7366c7dc30>,49,25,[11  4],50,-1,75,-1,50
1,<environment.Job instance at 0x7f7366b2daf0>,50,12,[13  1],51,-1,63,-1,51
1,<environment.Job instance at 0x7f7366ce4140>,51,20,[ 5 11],52,-1,72,-1,52
1,<environment.Job instance at 0x7f7366d92af0>,52,27,[12  2],53,-1,80,-1,53
1,<environment.Job instance at 0x7f7366d921e0>,53,15,[12  1],54,-1,69,-1,54
1,<environment.Job instance at 0x7f7366f8cd20>,54,14,[ 2 11],55,-1,69,-1,55
1,<environment.Job instance at 0x7f7366f8cfa0>,55,23,[13  5],56,-1,79,-1,56
1,<environment.Job instance at 0x7f7366f8cf00>,56,21,[ 1 12],57,-1,78,-1,57
1,<environment.Job instance at 0x7f7366f9f280>,57,19,[11  2],58,-1,77,-1,58
1,<environment.Job instance at 0x7f7366f49550>,58,21,[ 3 14],59,-1,80,-1,59
1,<environment.Job instance at 0x7f73672b0be0>,1,20,[13  3],2,-1,22,-1,2
1,<environment.Job instance at 0x7f7366eeeb40>,2,24,[ 4 11],3,-1,27,-1,3
1,<environment.Job instance at 0x7f7366f49550>,4,22,[ 1 13],5,-1,27,-1,5
1,<environment.Job instance at 0x7f7366a57e60>,3,22,[13  4],4,-1,27,-1,5
1,<environment.Job instance at 0x7f7366a57960>,5,15,[12  3],6,-1,21,-1,6
1,<environment.Job instance at 0x7f7366a57870>,6,28,[ 4 12],7,-1,35,-1,7
1,<environment.Job instance at 0x7f7366a57b40>,7,17,[ 4 11],8,-1,25,-1,8
1,<environment.Job instance at 0x7f7366a57fa0>,8,23,[ 2 14],9,-1,32,-1,9
1,<environment.Job instance at 0x7f7366a57730>,9,22,[ 2 14],10,-1,32,-1,10
1,<environment.Job instance at 0x7f7366a57230>,12,20,[ 2 11],13,-1,33,-1,13
1,<environment.Job instance at 0x7f7366a57280>,13,25,[14  3],14,-1,39,-1,14
1,<environment.Job instance at 0x7f7366a57640>,10,14,[12  3],11,-1,28,-1,14
1,<environment.Job instance at 0x7f7366a579b0>,14,28,[2 9],15,-1,43,-1,15
1,<environment.Job instance at 0x7f7366a57c30>,15,14,[ 2 12],16,-1,30,-1,16
1,<environment.Job instance at 0x7f73669b5780>,16,19,[11  3],17,-1,36,-1,17
1,<environment.Job instance at 0x7f73669b5500>,17,20,[14  5],18,-1,38,-1,18
1,<environment.Job instance at 0x7f73669b5a00>,18,19,[13  5],19,-1,38,-1,19
1,<environment.Job instance at 0x7f73669b5460>,19,26,[14  1],20,-1,46,-1,20
1,<environment.Job instance at 0x7f73669b55a0>,20,28,[ 2 10],21,-1,49,-1,21
1,<environment.Job instance at 0x7f73669b53c0>,21,28,[7 4],22,-1,50,-1,22
1,<environment.Job instance at 0x7f73669b5e10>,22,25,[ 3 14],23,-1,48,-1,23
1,<environment.Job instance at 0x7f73669b5320>,23,28,[12  5],24,-1,52,-1,24
1,<environment.Job instance at 0x7f73669b5f50>,24,20,[ 4 14],25,-1,45,-1,25
1,<environment.Job instance at 0x7f73669b5370>,26,22,[ 1 14],27,-1,49,-1,27
1,<environment.Job instance at 0x7f73669b5f00>,27,27,[ 4 12],28,-1,55,-1,28
1,<environment.Job instance at 0x7f73669b5190>,28,27,[4 9],29,-1,56,-1,29
1,<environment.Job instance at 0x7f73669fc230>,29,20,[ 3 14],30,-1,50,-1,30
1,<environment.Job instance at 0x7f73669fc5f0>,32,25,[ 1 11],33,-1,58,-1,33
1,<environment.Job instance at 0x7f7366a57460>,34,27,[9 1],35,-1,62,-1,35
1,<environment.Job instance at 0x7f73669fcd20>,35,23,[13  2],36,-1,59,-1,36
1,<environment.Job instance at 0x7f73669fcd70>,37,26,[8 5],38,-1,64,-1,38
1,<environment.Job instance at 0x7f73669fcf00>,36,20,[12  4],37,-1,58,-1,38
1,<environment.Job instance at 0x7f73669fc2d0>,38,28,[10  4],39,-1,67,-1,39
1,<environment.Job instance at 0x7f73669fc910>,40,15,[ 1 13],41,-1,56,-1,41
1,<environment.Job instance at 0x7f73669fc0f0>,41,26,[ 5 11],42,-1,68,-1,42
1,<environment.Job instance at 0x7f73669fc500>,42,24,[4 7],43,-1,68,-1,44
1,<environment.Job instance at 0x7f73669fcfa0>,44,28,[ 3 11],45,-1,73,-1,45
1,<environment.Job instance at 0x7f73671040f0>,45,19,[ 3 12],46,-1,65,-1,46
1,<environment.Job instance at 0x7f736749ac80>,46,21,[ 1 11],47,-1,68,-1,47
1,<environment.Job instance at 0x7f73670e0280>,47,26,[ 1 11],48,-1,74,-1,48
1,<environment.Job instance at 0x7f73670e0c80>,48,17,[13  5],49,-1,66,-1,49
1,<environment.Job instance at 0x7f73670e03c0>,49,21,[ 2 12],50,-1,71,-1,50
1,<environment.Job instance at 0x7f73670e0f50>,50,25,[ 2 12],51,-1,76,-1,51
1,<environment.Job instance at 0x7f73670e0be0>,51,20,[ 5 13],52,-1,72,-1,52
1,<environment.Job instance at 0x7f73670e0dc0>,52,26,[1 6],53,-1,79,-1,53
1,<environment.Job instance at 0x7f73670e0460>,53,28,[ 1 13],54,-1,82,-1,54
1,<environment.Job instance at 0x7f73670e0e10>,54,26,[12  2],55,-1,81,-1,55
1,<environment.Job instance at 0x7f73670e08c0>,55,21,[ 3 11],56,-1,77,-1,56
1,<environment.Job instance at 0x7f736719baf0>,56,21,[ 5 14],57,-1,78,-1,57
1,<environment.Job instance at 0x7f736719b8c0>,57,19,[ 5 12],58,-1,77,-1,58
1,<environment.Job instance at 0x7f7366f9c140>,58,28,[3 8],59,-1,87,-1,59
1,<environment.Job instance at 0x7f7366f717d0>,3,25,[5 7],4,-1,29,-1,4
1,<environment.Job instance at 0x7f7366f71aa0>,4,21,[ 4 12],5,-1,26,-1,5
1,<environment.Job instance at 0x7f7366f9ec30>,5,20,[11  2],6,-1,26,-1,6
1,<environment.Job instance at 0x7f7366f16190>,6,27,[ 5 14],7,-1,34,-1,7
1,<environment.Job instance at 0x7f7366f16cd0>,7,28,[12  2],8,-1,36,-1,8
1,<environment.Job instance at 0x7f7366f16aa0>,8,28,[ 1 12],9,-1,37,-1,9
1,<environment.Job instance at 0x7f7366f16690>,9,25,[12  1],10,-1,35,-1,10
1,<environment.Job instance at 0x7f7366f16550>,10,24,[7 2],11,-1,35,-1,11
1,<environment.Job instance at 0x7f7366f16500>,11,28,[ 1 14],12,-1,40,-1,12
1,<environment.Job instance at 0x7f7366f16a50>,12,26,[13  4],13,-1,39,-1,13
1,<environment.Job instance at 0x7f7366f163c0>,13,13,[ 2 14],14,-1,27,-1,14
1,<environment.Job instance at 0x7f7366f168c0>,15,21,[12  2],16,-1,37,-1,16
1,<environment.Job instance at 0x7f736701b1e0>,16,21,[ 5 11],17,-1,38,-1,17
1,<environment.Job instance at 0x7f736701b690>,17,26,[ 5 10],18,-1,44,-1,18
1,<environment.Job instance at 0x7f7367264af0>,18,27,[12  4],19,-1,46,-1,19
1,<environment.Job instance at 0x7f73672640f0>,19,27,[14  3],20,-1,47,-1,20
1,<environment.Job instance at 0x7f7367264500>,20,27,[14  5],21,-1,48,-1,21
1,<environment.Job instance at 0x7f7366e8d0a0>,21,26,[13  1],22,-1,48,-1,22
1,<environment.Job instance at 0x7f7366b1c050>,22,25,[12  2],23,-1,48,-1,23
1,<environment.Job instance at 0x7f7366f6b500>,23,21,[13  5],24,-1,45,-1,24
1,<environment.Job instance at 0x7f7366f6b910>,24,25,[11  2],25,-1,50,-1,25
1,<environment.Job instance at 0x7f7366f6b7d0>,25,24,[11  4],26,-1,50,-1,26
1,<environment.Job instance at 0x7f7366f6b960>,26,16,[ 4 14],27,-1,43,-1,27
1,<environment.Job instance at 0x7f7366f6b460>,27,28,[8 4],28,-1,56,-1,28
1,<environment.Job instance at 0x7f7366f6bdc0>,28,20,[12  1],29,-1,49,-1,29
1,<environment.Job instance at 0x7f7366f6bd70>,29,28,[ 4 12],30,-1,58,-1,30
1,<environment.Job instance at 0x7f7366f6b6e0>,30,18,[12  2],31,-1,49,-1,31
1,<environment.Job instance at 0x7f7366f6beb0>,31,15,[12  3],32,-1,47,-1,32
1,<environment.Job instance at 0x7f7366f938c0>,32,25,[13  2],33,-1,58,-1,33
1,<environment.Job instance at 0x7f7366f93be0>,33,26,[ 5 11],34,-1,60,-1,34
1,<environment.Job instance at 0x7f7366ce8910>,34,20,[11  4],35,-1,55,-1,35
1,<environment.Job instance at 0x7f7366ce8aa0>,35,27,[1 6],36,-1,63,-1,36
1,<environment.Job instance at 0x7f7366ce8640>,36,26,[ 4 12],37,-1,63,-1,37
1,<environment.Job instance at 0x7f7366ce8f50>,37,19,[12  5],38,-1,57,-1,38
1,<environment.Job instance at 0x7f7367c690a0>,39,20,[ 1 13],40,-1,60,-1,40
1,<environment.Job instance at 0x7f7367c69e60>,40,19,[13  2],41,-1,60,-1,41
1,<environment.Job instance at 0x7f7367311b90>,41,28,[11  2],42,-1,70,-1,42
1,<environment.Job instance at 0x7f7366f9f140>,42,28,[13  5],43,-1,71,-1,43
1,<environment.Job instance at 0x7f7366f9f9b0>,43,20,[ 5 11],44,-1,64,-1,44
1,<environment.Job instance at 0x7f7366f9fd20>,44,15,[12  1],45,-1,60,-1,45
1,<environment.Job instance at 0x7f73673cf780>,45,21,[ 1 12],46,-1,67,-1,46
1,<environment.Job instance at 0x7f73673cf0f0>,46,19,[14  5],47,-1,66,-1,47
1,<environment.Job instance at 0x7f73673cf7d0>,47,25,[ 3 12],48,-1,73,-1,48
1,<environment.Job instance at 0x7f7366d603c0>,48,28,[12  5],49,-1,77,-1,49
1,<environment.Job instance at 0x7f7366d60c30>,49,13,[12  3],50,-1,63,-1,50
1,<environment.Job instance at 0x7f7366d60870>,50,20,[13  4],51,-1,71,-1,51
1,<environment.Job instance at 0x7f7366d60eb0>,51,27,[14  3],52,-1,79,-1,52
1,<environment.Job instance at 0x7f7366d60dc0>,53,26,[ 4 12],54,-1,80,-1,54
1,<environment.Job instance at 0x7f7366c74230>,57,22,[11  1],58,-1,80,-1,58
1,<environment.Job instance at 0x7f7366c74910>,58,22,[ 1 13],59,-1,81,-1,59
1,<environment.Job instance at 0x7f7366accb90>,2,25,[10  5],3,-1,28,-1,3
1,<environment.Job instance at 0x7f7366c74b40>,3,20,[13  5],4,-1,24,-1,4
1,<environment.Job instance at 0x7f736687cbe0>,4,24,[14  3],5,-1,29,-1,5
1,<environment.Job instance at 0x7f7367def4b0>,1,23,[13  3],2,-1,28,-1,5
1,<environment.Job instance at 0x7f736687cd20>,6,21,[12  3],7,-1,28,-1,7
1,<environment.Job instance at 0x7f736687ce60>,7,19,[13  4],8,-1,27,-1,8
1,<environment.Job instance at 0x7f736687cf00>,8,28,[ 4 11],9,-1,37,-1,9
1,<environment.Job instance at 0x7f7366c74910>,5,23,[13  5],6,-1,32,-1,9
1,<environment.Job instance at 0x7f736687cdc0>,9,25,[ 4 12],10,-1,35,-1,10
1,<environment.Job instance at 0x7f736687cfa0>,11,25,[7 3],12,-1,37,-1,12
1,<environment.Job instance at 0x7f73668811e0>,12,27,[ 4 13],13,-1,40,-1,13
1,<environment.Job instance at 0x7f7366881280>,13,26,[14  4],14,-1,40,-1,14
1,<environment.Job instance at 0x7f7366881320>,14,26,[9 1],15,-1,41,-1,15
1,<environment.Job instance at 0x7f73668813c0>,15,14,[11  5],16,-1,30,-1,16
1,<environment.Job instance at 0x7f7366881460>,16,16,[14  1],17,-1,33,-1,17
1,<environment.Job instance at 0x7f7366881500>,17,27,[ 1 14],18,-1,45,-1,18
1,<environment.Job instance at 0x7f7366881640>,19,19,[13  1],20,-1,39,-1,20
1,<environment.Job instance at 0x7f7366881780>,20,15,[12  2],21,-1,36,-1,21
1,<environment.Job instance at 0x7f7366881140>,21,20,[11  2],22,-1,42,-1,22
1,<environment.Job instance at 0x7f7366881870>,22,25,[ 2 13],23,-1,48,-1,23
1,<environment.Job instance at 0x7f7366881910>,23,21,[ 2 13],24,-1,45,-1,24
1,<environment.Job instance at 0x7f7366881c30>,27,28,[ 5 14],28,-1,61,-1,33
1,<environment.Job instance at 0x7f7366881cd0>,28,20,[11  2],29,-1,53,-1,33
1,<environment.Job instance at 0x7f7366881e10>,30,21,[ 4 14],31,-1,54,-1,33
1,<environment.Job instance at 0x7f7366881eb0>,31,23,[2 6],32,-1,56,-1,33
1,<environment.Job instance at 0x7f7366881f50>,32,22,[14  4],33,-1,55,-1,33
1,<environment.Job instance at 0x7f7366881730>,33,19,[ 5 14],34,-1,53,-1,34
1,<environment.Job instance at 0x7f73668831e0>,34,23,[13  1],35,-1,58,-1,35
1,<environment.Job instance at 0x7f7366883140>,35,20,[14  5],36,-1,56,-1,36
1,<environment.Job instance at 0x7f7366883230>,36,26,[ 1 11],37,-1,63,-1,37
1,<environment.Job instance at 0x7f73668832d0>,37,14,[ 3 13],38,-1,52,-1,38
1,<environment.Job instance at 0x7f7366883370>,38,13,[ 4 14],39,-1,52,-1,39
1,<environment.Job instance at 0x7f7366883410>,39,13,[ 5 14],40,-1,53,-1,40
1,<environment.Job instance at 0x7f73668834b0>,40,27,[14  3],41,-1,68,-1,41
1,<environment.Job instance at 0x7f7366883550>,41,16,[12  5],42,-1,58,-1,42
1,<environment.Job instance at 0x7f73668835f0>,42,19,[13  5],43,-1,62,-1,43
1,<environment.Job instance at 0x7f7366883690>,43,13,[ 5 13],44,-1,57,-1,44
1,<environment.Job instance at 0x7f7366883730>,44,15,[12  1],45,-1,60,-1,45
1,<environment.Job instance at 0x7f73668837d0>,45,26,[13  2],46,-1,72,-1,46
1,<environment.Job instance at 0x7f7366883870>,46,22,[13  5],47,-1,69,-1,47
1,<environment.Job instance at 0x7f7366883910>,47,23,[ 4 11],48,-1,71,-1,48
1,<environment.Job instance at 0x7f73668839b0>,48,17,[ 2 13],49,-1,66,-1,49
1,<environment.Job instance at 0x7f7366883a50>,49,27,[ 2 13],50,-1,77,-1,50
1,<environment.Job instance at 0x7f7366883af0>,50,20,[14  4],51,-1,71,-1,51
1,<environment.Job instance at 0x7f7366883b90>,51,26,[ 4 11],52,-1,78,-1,52
1,<environment.Job instance at 0x7f7366883c30>,52,25,[13  2],53,-1,78,-1,53
1,<environment.Job instance at 0x7f7366883cd0>,53,13,[14  2],54,-1,67,-1,54
1,<environment.Job instance at 0x7f7366883d70>,54,24,[5 1],55,-1,79,-1,55
1,<environment.Job instance at 0x7f7366883e10>,55,25,[ 3 11],56,-1,81,-1,56
1,<environment.Job instance at 0x7f7366883eb0>,56,28,[14  3],57,-1,85,-1,57
1,<environment.Job instance at 0x7f7366883f50>,57,26,[ 4 14],58,-1,84,-1,58
1,<environment.Job instance at 0x7f7366887050>,58,13,[13  3],59,-1,72,-1,59
1,<environment.Job instance at 0x7f736691c280>,2,20,[ 4 12],3,-1,23,-1,3
1,<environment.Job instance at 0x7f7366876e60>,3,25,[ 4 14],4,-1,29,-1,4
1,<environment.Job instance at 0x7f7366876960>,4,24,[7 2],5,-1,29,-1,5
1,<environment.Job instance at 0x7f7366876af0>,6,24,[ 5 13],7,-1,31,-1,7
1,<environment.Job instance at 0x7f7366876f00>,7,25,[ 2 13],8,-1,33,-1,8
1,<environment.Job instance at 0x7f7366876a00>,8,15,[12  4],9,-1,24,-1,9
1,<environment.Job instance at 0x7f7366876190>,9,19,[ 1 14],10,-1,29,-1,10
1,<environment.Job instance at 0x7f73668765a0>,10,26,[13  4],11,-1,37,-1,11
1,<environment.Job instance at 0x7f7366876870>,11,22,[13  4],12,-1,34,-1,12
1,<environment.Job instance at 0x7f7366876500>,12,24,[12  4],13,-1,37,-1,13
1,<environment.Job instance at 0x7f7366876050>,13,27,[13  3],14,-1,41,-1,14
1,<environment.Job instance at 0x7f73668764b0>,15,23,[ 2 11],16,-1,39,-1,16
1,<environment.Job instance at 0x7f7366876f50>,16,20,[ 3 14],17,-1,37,-1,17
1,<environment.Job instance at 0x7f7366876a50>,17,19,[13  1],18,-1,37,-1,18
1,<environment.Job instance at 0x7f7366910230>,19,25,[12  5],20,-1,45,-1,20
1,<environment.Job instance at 0x7f7366910320>,20,20,[ 5 13],21,-1,41,-1,21
1,<environment.Job instance at 0x7f7366910190>,21,24,[ 2 13],22,-1,46,-1,22
1,<environment.Job instance at 0x7f73668d7190>,22,23,[11  2],23,-1,46,-1,23
1,<environment.Job instance at 0x7f73668d7140>,23,22,[ 2 12],24,-1,46,-1,24
1,<environment.Job instance at 0x7f73668d74b0>,24,20,[12  3],25,-1,45,-1,25
1,<environment.Job instance at 0x7f73668d7280>,25,19,[12  5],26,-1,45,-1,26
1,<environment.Job instance at 0x7f73668d7dc0>,26,15,[ 5 14],27,-1,42,-1,27
1,<environment.Job instance at 0x7f73668d7a50>,27,15,[11  1],28,-1,43,-1,28
1,<environment.Job instance at 0x7f73668d7b40>,28,20,[ 4 14],29,-1,49,-1,29
1,<environment.Job instance at 0x7f73668d7cd0>,29,20,[14  2],30,-1,50,-1,30
1,<environment.Job instance at 0x7f73668d7f50>,30,25,[8 5],31,-1,56,-1,31
1,<environment.Job instance at 0x7f73668d75f0>,31,24,[ 1 12],32,-1,56,-1,32
1,<environment.Job instance at 0x7f73668d70a0>,32,21,[ 5 11],33,-1,54,-1,33
1,<environment.Job instance at 0x7f73668d7410>,33,24,[ 2 14],34,-1,58,-1,34
1,<environment.Job instance at 0x7f73668d71e0>,34,24,[11  1],35,-1,59,-1,35
1,<environment.Job instance at 0x7f73668d7500>,35,25,[7 1],36,-1,61,-1,36
1,<environment.Job instance at 0x7f73668d7b90>,36,24,[12  5],37,-1,61,-1,37
1,<environment.Job instance at 0x7f73668d7960>,37,23,[10  2],38,-1,61,-1,38
1,<environment.Job instance at 0x7f73668d7c80>,38,22,[ 1 11],39,-1,61,-1,39
1,<environment.Job instance at 0x7f73668d76e0>,39,23,[ 5 12],40,-1,63,-1,40
1,<environment.Job instance at 0x7f73668d7fa0>,40,27,[ 4 14],41,-1,68,-1,41
1,<environment.Job instance at 0x7f73668d77d0>,41,23,[ 2 11],42,-1,65,-1,42
1,<environment.Job instance at 0x7f73668d7d20>,42,28,[ 4 12],43,-1,71,-1,43
1,<environment.Job instance at 0x7f73668d7780>,43,22,[13  1],44,-1,66,-1,44
1,<environment.Job instance at 0x7f73668c6190>,44,25,[3 6],45,-1,70,-1,45
1,<environment.Job instance at 0x7f73668c62d0>,46,22,[ 3 13],47,-1,69,-1,47
1,<environment.Job instance at 0x7f73668c6550>,47,20,[13  4],48,-1,68,-1,48
1,<environment.Job instance at 0x7f73668c6460>,48,19,[13  4],49,-1,68,-1,49
1,<environment.Job instance at 0x7f73668c6730>,49,16,[ 2 12],50,-1,66,-1,50
1,<environment.Job instance at 0x7f73668c6b90>,50,12,[ 4 14],51,-1,63,-1,51
1,<environment.Job instance at 0x7f73668c6f00>,51,20,[ 5 13],52,-1,72,-1,52
1,<environment.Job instance at 0x7f73668c69b0>,53,26,[12  4],54,-1,80,-1,54
1,<environment.Job instance at 0x7f73668c6050>,54,26,[ 5 12],55,-1,81,-1,55
1,<environment.Job instance at 0x7f73668c6d70>,55,22,[ 1 11],56,-1,78,-1,56
1,<environment.Job instance at 0x7f73668c6dc0>,56,23,[14  5],57,-1,80,-1,57
1,<environment.Job instance at 0x7f73668c6410>,57,22,[ 2 11],58,-1,80,-1,58
1,<environment.Job instance at 0x7f73668c6fa0>,58,22,[13  5],59,-1,81,-1,59
1,<environment.Job instance at 0x7f7366f97cd0>,1,16,[ 3 14],2,-1,18,-1,2
1,<environment.Job instance at 0x7f73668c6f50>,2,16,[14  1],3,-1,19,-1,3
1,<environment.Job instance at 0x7f7367381910>,3,19,[ 5 12],4,-1,23,-1,4
1,<environment.Job instance at 0x7f7367381d20>,4,25,[ 5 13],5,-1,30,-1,5
1,<environment.Job instance at 0x7f73674484b0>,5,26,[13  4],6,-1,32,-1,6
1,<environment.Job instance at 0x7f7367448500>,6,21,[ 4 14],7,-1,28,-1,7
1,<environment.Job instance at 0x7f7367448af0>,7,25,[ 3 12],8,-1,33,-1,8
1,<environment.Job instance at 0x7f73674480f0>,8,27,[14  3],9,-1,36,-1,9
1,<environment.Job instance at 0x7f73668c6fa0>,11,28,[13  2],12,-1,40,-1,12
1,<environment.Job instance at 0x7f73674485f0>,12,28,[ 5 14],13,-1,41,-1,13
1,<environment.Job instance at 0x7f7367448a00>,17,28,[ 3 14],18,-1,55,-1,27
1,<environment.Job instance at 0x7f7367448140>,18,28,[11  5],19,-1,55,-1,27
1,<environment.Job instance at 0x7f7367a3b960>,19,24,[8 4],20,-1,51,-1,27
1,<environment.Job instance at 0x7f7367a3b780>,20,20,[5 5],21,-1,59,-1,39
1,<environment.Job instance at 0x7f7367a3b3c0>,22,25,[13  2],23,-1,64,-1,39
1,<environment.Job instance at 0x7f7367a3bd70>,23,14,[14  3],24,-1,53,-1,39
1,<environment.Job instance at 0x7f7367a3bf50>,24,16,[13  2],25,-1,55,-1,39
1,<environment.Job instance at 0x7f7367a3b5a0>,25,26,[13  5],26,-1,65,-1,39
1,<environment.Job instance at 0x7f7367a3b2d0>,26,24,[ 3 12],27,-1,63,-1,39
1,<environment.Job instance at 0x7f7367a3baa0>,27,23,[ 3 11],28,-1,62,-1,39
1,<environment.Job instance at 0x7f7367a3b5f0>,28,22,[11  4],29,-1,61,-1,39
1,<environment.Job instance at 0x7f7367a3bcd0>,29,21,[12  3],30,-1,60,-1,39
1,<environment.Job instance at 0x7f7367a3b500>,30,12,[ 5 14],31,-1,51,-1,39
1,<environment.Job instance at 0x7f7367a3bbe0>,31,23,[12  5],32,-1,62,-1,39
1,<environment.Job instance at 0x7f7367a3b410>,32,21,[5 5],33,-1,60,-1,39
1,<environment.Job instance at 0x7f7367a3b0a0>,33,23,[ 5 11],34,-1,62,-1,39
1,<environment.Job instance at 0x7f7367a3bdc0>,34,25,[13  5],35,-1,64,-1,39
1,<environment.Job instance at 0x7f7367a3b690>,35,19,[ 5 13],36,-1,58,-1,39
1,<environment.Job instance at 0x7f7367a3b820>,36,15,[ 4 12],37,-1,54,-1,39
1,<environment.Job instance at 0x7f7367a3b1e0>,37,28,[ 5 10],38,-1,67,-1,39
1,<environment.Job instance at 0x7f7366e17e60>,6,22,[ 4 14],7,-1,35,-1,13
1,<environment.Job instance at 0x7f7366e17eb0>,7,20,[11  4],8,-1,33,-1,13
1,<environment.Job instance at 0x7f7366e0a140>,8,23,[14  4],9,-1,36,-1,13
1,<environment.Job instance at 0x7f7366e0a1e0>,9,19,[ 3 14],10,-1,32,-1,13
1,<environment.Job instance at 0x7f7366e0a280>,10,21,[14  2],11,-1,34,-1,13
1,<environment.Job instance at 0x7f7366e0a320>,11,24,[14  2],12,-1,37,-1,13
1,<environment.Job instance at 0x7f7366e0a3c0>,12,21,[ 5 11],13,-1,34,-1,13
1,<environment.Job instance at 0x7f7366e0a0f0>,13,20,[ 2 12],14,-1,34,-1,14
1,<environment.Job instance at 0x7f7366e0a550>,14,23,[ 4 11],15,-1,38,-1,15
1,<environment.Job instance at 0x7f7366e0a5a0>,15,24,[3 8],16,-1,51,-1,27
1,<environment.Job instance at 0x7f7366e0a730>,16,23,[ 3 13],17,-1,50,-1,27
1,<environment.Job instance at 0x7f7366e0a7d0>,17,21,[14  4],18,-1,48,-1,27
1,<environment.Job instance at 0x7f7366e0a910>,19,24,[ 3 12],20,-1,52,-1,28
1,<environment.Job instance at 0x7f7366e0aaf0>,22,22,[ 5 13],23,-1,57,-1,35
1,<environment.Job instance at 0x7f7366e0ab90>,23,20,[14  4],24,-1,55,-1,35
1,<environment.Job instance at 0x7f7366e0ac30>,24,23,[11  1],25,-1,58,-1,35
1,<environment.Job instance at 0x7f7366e0acd0>,25,25,[5 8],26,-1,60,-1,35
1,<environment.Job instance at 0x7f7366e0ad70>,26,27,[13  4],27,-1,62,-1,35
1,<environment.Job instance at 0x7f7366e0ae10>,27,21,[ 3 11],28,-1,56,-1,35
1,<environment.Job instance at 0x7f7366e0adc0>,28,14,[12  4],29,-1,49,-1,35
1,<environment.Job instance at 0x7f7366e0af50>,29,12,[12  3],30,-1,47,-1,35
1,<environment.Job instance at 0x7f7366e0a690>,30,26,[ 3 12],31,-1,61,-1,35
1,<environment.Job instance at 0x7f7366e0af00>,31,12,[11  4],32,-1,47,-1,35
1,<environment.Job instance at 0x7f7366e0f050>,32,23,[ 2 11],33,-1,58,-1,35
1,<environment.Job instance at 0x7f7366e0f0f0>,33,14,[ 5 12],34,-1,49,-1,35
1,<environment.Job instance at 0x7f7366e0f230>,34,19,[11  3],35,-1,54,-1,35
1,<environment.Job instance at 0x7f7366e0f3c0>,35,28,[ 2 11],36,-1,64,-1,36
1,<environment.Job instance at 0x7f7366e0f4b0>,36,24,[ 1 13],37,-1,61,-1,37
1,<environment.Job instance at 0x7f7366e0f320>,37,25,[ 5 13],38,-1,63,-1,38
1,<environment.Job instance at 0x7f7366e0f640>,38,19,[11  3],39,-1,62,-1,43
1,<environment.Job instance at 0x7f7366e0f6e0>,39,24,[8 2],40,-1,68,-1,44
1,<environment.Job instance at 0x7f7366e0f780>,40,21,[ 2 12],41,-1,65,-1,44
1,<environment.Job instance at 0x7f7366e0f5a0>,41,23,[ 2 12],42,-1,67,-1,44
1,<environment.Job instance at 0x7f7366e0f870>,43,26,[ 5 11],44,-1,70,-1,44
1,<environment.Job instance at 0x7f7366e0fa00>,44,19,[14  5],45,-1,64,-1,45
1,<environment.Job instance at 0x7f7366e0f910>,45,21,[13  5],46,-1,67,-1,46
1,<environment.Job instance at 0x7f7366e0faa0>,46,24,[ 5 12],47,-1,71,-1,47
1,<environment.Job instance at 0x7f7366e0fc30>,47,19,[12  2],48,-1,67,-1,48
1,<environment.Job instance at 0x7f7366e0fcd0>,48,22,[ 5 11],49,-1,71,-1,49
1,<environment.Job instance at 0x7f7366e0fd70>,49,26,[ 4 13],50,-1,76,-1,50
1,<environment.Job instance at 0x7f7366e0fd20>,50,27,[ 2 12],51,-1,78,-1,51
1,<environment.Job instance at 0x7f7366e0fe10>,51,19,[13  2],52,-1,71,-1,52
1,<environment.Job instance at 0x7f7366e0fdc0>,52,12,[11  2],53,-1,65,-1,53
1,<environment.Job instance at 0x7f7366df8050>,2,20,[ 1 11],3,-1,23,-1,3
1,<environment.Job instance at 0x7f736724e1e0>,3,19,[13  2],4,-1,23,-1,4
1,<environment.Job instance at 0x7f737047e280>,4,19,[ 1 11],5,-1,24,-1,5
1,<environment.Job instance at 0x7f737047e690>,5,20,[13  5],6,-1,26,-1,6
1,<environment.Job instance at 0x7f737047edc0>,6,27,[ 1 14],7,-1,34,-1,7
1,<environment.Job instance at 0x7f737047e140>,7,26,[12  3],8,-1,34,-1,8
1,<environment.Job instance at 0x7f737047e230>,8,24,[11  3],9,-1,33,-1,9
1,<environment.Job instance at 0x7f737047e5f0>,9,25,[13  2],10,-1,35,-1,10
1,<environment.Job instance at 0x7f737047ebe0>,10,20,[ 5 14],11,-1,31,-1,11
1,<environment.Job instance at 0x7f737047e370>,11,22,[ 5 14],12,-1,34,-1,12
1,<environment.Job instance at 0x7f737047e550>,12,25,[ 3 12],13,-1,38,-1,13
1,<environment.Job instance at 0x7f737047e640>,13,28,[ 1 12],14,-1,42,-1,14
1,<environment.Job instance at 0x7f737047e410>,14,20,[ 1 14],15,-1,35,-1,15
1,<environment.Job instance at 0x7f737047ef50>,15,26,[ 3 12],16,-1,42,-1,16
1,<environment.Job instance at 0x7f737047e6e0>,16,16,[ 3 12],17,-1,33,-1,17
1,<environment.Job instance at 0x7f737047ecd0>,17,14,[13  3],18,-1,32,-1,18
1,<environment.Job instance at 0x7f737047e820>,19,28,[ 2 13],20,-1,48,-1,20
1,<environment.Job instance at 0x7f73672559b0>,21,23,[ 4 11],22,-1,45,-1,22
1,<environment.Job instance at 0x7f737047e1e0>,22,16,[ 5 13],23,-1,39,-1,23
1,<environment.Job instance at 0x7f73674f1550>,24,21,[ 4 14],25,-1,46,-1,25
1,<environment.Job instance at 0x7f73674f1820>,25,12,[12  5],26,-1,38,-1,26
1,<environment.Job instance at 0x7f7367255e10>,27,26,[14  4],28,-1,54,-1,28
1,<environment.Job instance at 0x7f73674f1af0>,28,23,[ 3 12],29,-1,52,-1,29
1,<environment.Job instance at 0x7f73674f1320>,30,24,[ 4 13],31,-1,55,-1,31
1,<environment.Job instance at 0x7f73674f1730>,31,23,[9 1],32,-1,60,-1,37
1,<environment.Job instance at 0x7f73674f1050>,35,28,[5 1],36,-1,67,-1,39
1,<environment.Job instance at 0x7f7366d46af0>,36,19,[ 1 14],37,-1,58,-1,39
1,<environment.Job instance at 0x7f7366d46eb0>,37,22,[ 4 11],38,-1,61,-1,39
1,<environment.Job instance at 0x7f7366d46640>,38,28,[6 1],39,-1,67,-1,39
1,<environment.Job instance at 0x7f7366d460f0>,39,21,[13  2],40,-1,61,-1,40
1,<environment.Job instance at 0x7f7366d466e0>,40,20,[14  3],41,-1,61,-1,41
1,<environment.Job instance at 0x7f7366d46820>,41,22,[12  2],42,-1,64,-1,42
1,<environment.Job instance at 0x7f7366d46780>,42,14,[ 3 14],43,-1,57,-1,43
1,<environment.Job instance at 0x7f736690bb90>,43,12,[ 3 12],44,-1,56,-1,44
1,<environment.Job instance at 0x7f736690b410>,44,25,[12  2],45,-1,70,-1,45
1,<environment.Job instance at 0x7f736690b640>,45,24,[14  4],46,-1,70,-1,46
1,<environment.Job instance at 0x7f736690b5a0>,46,21,[ 2 12],47,-1,68,-1,47
1,<environment.Job instance at 0x7f736690bd20>,47,26,[13  5],48,-1,74,-1,48
1,<environment.Job instance at 0x7f736690b820>,48,24,[ 2 10],49,-1,76,-1,52
1,<environment.Job instance at 0x7f736690bf00>,50,27,[12  2],51,-1,83,-1,56
1,<environment.Job instance at 0x7f736690b9b0>,51,25,[12  4],52,-1,81,-1,56
1,<environment.Job instance at 0x7f736690b870>,52,27,[7 2],53,-1,83,-1,56
1,<environment.Job instance at 0x7f736690b0a0>,53,24,[ 2 13],54,-1,80,-1,56
1,<environment.Job instance at 0x7f736690bf50>,54,19,[11  1],55,-1,75,-1,56
1,<environment.Job instance at 0x7f736690b910>,55,23,[ 3 14],56,-1,79,-1,56
1,<environment.Job instance at 0x7f736690b050>,56,14,[ 4 13],57,-1,71,-1,57
1,<environment.Job instance at 0x7f736755cdc0>,57,27,[ 4 12],58,-1,85,-1,58
1,<environment.Job instance at 0x7f7366ca2c30>,2,19,[14  3],3,-1,22,-1,3
1,<environment.Job instance at 0x7f7366ca2230>,3,15,[ 1 12],4,-1,19,-1,4
1,<environment.Job instance at 0x7f7366ca2500>,4,21,[ 5 14],5,-1,26,-1,5
1,<environment.Job instance at 0x7f73670e98c0>,6,25,[12  3],7,-1,32,-1,7
1,<environment.Job instance at 0x7f73670e9370>,7,22,[ 5 13],8,-1,30,-1,8
1,<environment.Job instance at 0x7f7366ca2f50>,9,28,[2 9],10,-1,39,-1,11
1,<environment.Job instance at 0x7f73670e9820>,11,25,[5 3],12,-1,38,-1,13
1,<environment.Job instance at 0x7f73670e9eb0>,13,15,[ 2 12],14,-1,29,-1,14
1,<environment.Job instance at 0x7f7367248500>,14,16,[ 4 11],15,-1,31,-1,15
1,<environment.Job instance at 0x7f7367248b90>,15,18,[11  1],16,-1,34,-1,16
1,<environment.Job instance at 0x7f7367248c30>,16,24,[ 5 13],17,-1,41,-1,17
1,<environment.Job instance at 0x7f7367248140>,17,22,[ 5 13],18,-1,40,-1,18
1,<environment.Job instance at 0x7f73670e9460>,18,19,[ 3 12],19,-1,38,-1,19
1,<environment.Job instance at 0x7f7367248d70>,19,17,[14  4],20,-1,37,-1,20
1,<environment.Job instance at 0x7f7367548410>,20,26,[13  3],21,-1,47,-1,21
1,<environment.Job instance at 0x7f7367b02500>,21,14,[11  3],22,-1,37,-1,23
1,<environment.Job instance at 0x7f73670f6cd0>,24,21,[ 1 12],25,-1,62,-1,41
1,<environment.Job instance at 0x7f7367413550>,2,21,[ 4 11],3,-1,24,-1,3
1,<environment.Job instance at 0x7f7367248dc0>,3,27,[ 5 14],4,-1,31,-1,4
1,<environment.Job instance at 0x7f7367419190>,4,25,[14  3],5,-1,30,-1,5
1,<environment.Job instance at 0x7f73674138c0>,6,19,[ 1 13],7,-1,26,-1,7
1,<environment.Job instance at 0x7f7367419280>,7,26,[10  3],8,-1,34,-1,8
1,<environment.Job instance at 0x7f7367419320>,8,23,[ 2 11],9,-1,32,-1,9
1,<environment.Job instance at 0x7f73674193c0>,9,25,[ 5 11],10,-1,35,-1,10
1,<environment.Job instance at 0x7f7367419460>,10,27,[11  5],11,-1,38,-1,11
1,<environment.Job instance at 0x7f7367419500>,11,17,[12  5],12,-1,29,-1,12
1,<environment.Job instance at 0x7f73674195a0>,12,24,[7 1],13,-1,37,-1,13
1,<environment.Job instance at 0x7f7367419640>,13,21,[11  1],14,-1,35,-1,14
1,<environment.Job instance at 0x7f73674196e0>,14,21,[12  4],15,-1,36,-1,15
1,<environment.Job instance at 0x7f7367419780>,15,26,[11  4],16,-1,42,-1,16
1,<environment.Job instance at 0x7f7367419820>,16,21,[12  4],17,-1,38,-1,17
1,<environment.Job instance at 0x7f73674198c0>,17,26,[ 1 13],18,-1,44,-1,18
1,<environment.Job instance at 0x7f7367419960>,18,26,[ 1 12],19,-1,45,-1,19
1,<environment.Job instance at 0x7f7367419a00>,19,19,[11  4],20,-1,39,-1,20
1,<environment.Job instance at 0x7f7367419aa0>,20,23,[11  3],21,-1,44,-1,21
1,<environment.Job instance at 0x7f7367419b40>,21,23,[ 4 10],22,-1,45,-1,22
1,<environment.Job instance at 0x7f7367419be0>,22,12,[11  4],23,-1,35,-1,23
1,<environment.Job instance at 0x7f7367419c80>,23,24,[11  5],24,-1,48,-1,24
1,<environment.Job instance at 0x7f7367419d20>,24,21,[ 3 13],25,-1,46,-1,25
1,<environment.Job instance at 0x7f7367419dc0>,25,15,[11  4],26,-1,41,-1,26
1,<environment.Job instance at 0x7f7367419e60>,26,28,[ 5 11],27,-1,55,-1,27
1,<environment.Job instance at 0x7f7367419f00>,27,28,[1 5],28,-1,56,-1,28
1,<environment.Job instance at 0x7f7367419fa0>,28,20,[13  1],29,-1,49,-1,29
1,<environment.Job instance at 0x7f736740f0a0>,29,21,[ 3 12],30,-1,51,-1,30
1,<environment.Job instance at 0x7f736740f140>,30,25,[12  3],31,-1,56,-1,31
1,<environment.Job instance at 0x7f736740f3c0>,36,27,[ 1 13],37,-1,68,-1,41
1,<environment.Job instance at 0x7f736740f690>,37,20,[ 1 14],38,-1,61,-1,41
1,<environment.Job instance at 0x7f736740f550>,38,28,[ 3 14],39,-1,69,-1,41
1,<environment.Job instance at 0x7f736740f730>,39,25,[12  2],40,-1,66,-1,41
1,<environment.Job instance at 0x7f736740f7d0>,40,25,[ 5 14],41,-1,66,-1,41
1,<environment.Job instance at 0x7f736740f960>,41,21,[ 1 12],42,-1,63,-1,42
1,<environment.Job instance at 0x7f736740fa50>,42,28,[5 5],43,-1,71,-1,43
1,<environment.Job instance at 0x7f736740faf0>,43,21,[ 5 14],44,-1,65,-1,44
1,<environment.Job instance at 0x7f736740fb90>,44,24,[11  4],45,-1,69,-1,45
1,<environment.Job instance at 0x7f736740fc30>,45,15,[ 4 11],46,-1,61,-1,46
1,<environment.Job instance at 0x7f736740fcd0>,46,27,[5 1],47,-1,74,-1,47
1,<environment.Job instance at 0x7f736740fd70>,47,21,[ 1 12],48,-1,69,-1,48
1,<environment.Job instance at 0x7f736740fe10>,48,26,[4 9],49,-1,75,-1,49
1,<environment.Job instance at 0x7f736740feb0>,49,25,[6 1],50,-1,75,-1,50
1,<environment.Job instance at 0x7f736740ff50>,50,16,[ 4 11],51,-1,67,-1,51
1,<environment.Job instance at 0x7f736740faa0>,51,25,[14  3],52,-1,77,-1,52
1,<environment.Job instance at 0x7f73674040f0>,52,28,[13  1],53,-1,81,-1,53
1,<environment.Job instance at 0x7f7367404190>,53,22,[14  1],54,-1,76,-1,54
1,<environment.Job instance at 0x7f7367404230>,54,25,[13  3],55,-1,80,-1,55
1,<environment.Job instance at 0x7f73674042d0>,55,23,[11  2],56,-1,79,-1,56
1,<environment.Job instance at 0x7f7367404370>,56,19,[12  1],57,-1,76,-1,57
1,<environment.Job instance at 0x7f7367404410>,57,26,[ 4 13],58,-1,84,-1,58
1,<environment.Job instance at 0x7f7367922280>,1,25,[ 5 14],2,-1,27,-1,2
1,<environment.Job instance at 0x7f7367404500>,2,19,[ 5 12],3,-1,22,-1,3
1,<environment.Job instance at 0x7f7367922b90>,3,26,[ 1 12],4,-1,30,-1,4
1,<environment.Job instance at 0x7f7367922690>,5,20,[ 1 12],6,-1,26,-1,6
1,<environment.Job instance at 0x7f73668b4320>,11,25,[ 2 12],12,-1,50,-1,25
1,<environment.Job instance at 0x7f73668b46e0>,12,24,[11  2],13,-1,49,-1,25
1,<environment.Job instance at 0x7f73668b4af0>,13,18,[ 1 11],14,-1,43,-1,25
1,<environment.Job instance at 0x7f73668b4820>,14,22,[12  3],15,-1,47,-1,25
1,<environment.Job instance at 0x7f73668b4050>,15,26,[ 3 11],16,-1,51,-1,25
1,<environment.Job instance at 0x7f73668b49b0>,18,26,[12  2],19,-1,69,-1,43
1,<environment.Job instance at 0x7f73668b4fa0>,19,20,[ 5 13],20,-1,63,-1,43
1,<environment.Job instance at 0x7f73668b4640>,20,23,[11  3],21,-1,66,-1,43
1,<environment.Job instance at 0x7f73668b4d70>,21,24,[13  5],22,-1,67,-1,43
1,<environment.Job instance at 0x7f73668b4b40>,22,27,[11  5],23,-1,70,-1,43
1,<environment.Job instance at 0x7f73668b4370>,24,28,[ 3 12],25,-1,85,-1,57
1,<environment.Job instance at 0x7f73668b4aa0>,25,26,[12  3],26,-1,83,-1,57
1,<environment.Job instance at 0x7f73668b4410>,26,14,[ 4 12],27,-1,71,-1,57
1,<environment.Job instance at 0x7f73668b4eb0>,27,17,[ 2 11],28,-1,74,-1,57
1,<environment.Job instance at 0x7f73668b43c0>,28,28,[12  3],29,-1,85,-1,57
1,<environment.Job instance at 0x7f736735e320>,1,24,[13  5],2,-1,26,-1,2
1,<environment.Job instance at 0x7f73668b4550>,2,26,[ 4 12],3,-1,29,-1,3
1,<environment.Job instance at 0x7f736735e190>,4,23,[ 4 11],5,-1,28,-1,5
1,<environment.Job instance at 0x7f736735edc0>,5,26,[ 3 14],6,-1,32,-1,6
1,<environment.Job instance at 0x7f7366b085f0>,6,12,[ 2 13],7,-1,19,-1,7
1,<environment.Job instance at 0x7f7366b08dc0>,7,19,[ 4 11],8,-1,27,-1,8
1,<environment.Job instance at 0x7f7366b08b40>,8,27,[ 3 12],9,-1,36,-1,9
1,<environment.Job instance at 0x7f7366ffa190>,9,27,[11  1],10,-1,37,-1,10
1,<environment.Job instance at 0x7f7366ffa780>,10,13,[13  4],11,-1,24,-1,11
1,<environment.Job instance at 0x7f7366ffa910>,11,25,[14  5],12,-1,37,-1,12
1,<environment.Job instance at 0x7f7366ffaeb0>,12,27,[6 1],13,-1,40,-1,13
1,<environment.Job instance at 0x7f7366ffa320>,13,15,[13  1],14,-1,29,-1,14
1,<environment.Job instance at 0x7f7366ffa4b0>,14,27,[ 3 14],15,-1,42,-1,15
1,<environment.Job instance at 0x7f7366ffac30>,15,19,[13  3],16,-1,35,-1,16
1,<environment.Job instance at 0x7f7366ffacd0>,16,24,[13  3],17,-1,41,-1,17
1,<environment.Job instance at 0x7f7366ffa1e0>,17,22,[ 3 13],18,-1,40,-1,18
1,<environment.Job instance at 0x7f73672283c0>,19,26,[ 4 13],20,-1,46,-1,20
1,<environment.Job instance at 0x7f736688ff50>,20,23,[13  3],21,-1,44,-1,21
1,<environment.Job instance at 0x7f736688f690>,21,20,[12  4],22,-1,42,-1,22
1,<environment.Job instance at 0x7f7366adc4b0>,22,26,[2 7],23,-1,49,-1,23
1,<environment.Job instance at 0x7f7366adcd20>,23,23,[13  3],24,-1,47,-1,24
1,<environment.Job instance at 0x7f7366adc230>,24,23,[14  1],25,-1,48,-1,25
1,<environment.Job instance at 0x7f7367cc5aa0>,25,23,[13  2],26,-1,49,-1,26
1,<environment.Job instance at 0x7f7367cc51e0>,26,25,[4 5],27,-1,52,-1,27
1,<environment.Job instance at 0x7f7367cc5730>,27,21,[14  1],28,-1,49,-1,28
1,<environment.Job instance at 0x7f7367a7fe10>,28,27,[ 1 13],29,-1,56,-1,29
1,<environment.Job instance at 0x7f7366a54550>,29,19,[14  1],30,-1,49,-1,30
1,<environment.Job instance at 0x7f7366a54dc0>,30,26,[14  5],31,-1,57,-1,31
1,<environment.Job instance at 0x7f7366a54fa0>,31,24,[ 2 13],32,-1,56,-1,32
1,<environment.Job instance at 0x7f73669e1050>,32,25,[13  1],33,-1,58,-1,33
1,<environment.Job instance at 0x7f7367f4c140>,33,22,[ 1 12],34,-1,56,-1,34
1,<environment.Job instance at 0x7f73677535f0>,34,22,[12  4],35,-1,57,-1,35
1,<environment.Job instance at 0x7f7367c4f5a0>,35,25,[ 4 11],36,-1,61,-1,36
1,<environment.Job instance at 0x7f7366e8e1e0>,36,25,[ 5 14],37,-1,62,-1,37
1,<environment.Job instance at 0x7f73678dd4b0>,37,26,[ 3 12],38,-1,64,-1,38
1,<environment.Job instance at 0x7f7367e10fa0>,38,20,[ 4 13],39,-1,59,-1,39
1,<environment.Job instance at 0x7f7367e108c0>,39,24,[14  5],40,-1,64,-1,40
1,<environment.Job instance at 0x7f73675538c0>,40,27,[ 5 13],41,-1,68,-1,41
1,<environment.Job instance at 0x7f73675539b0>,41,20,[ 4 14],42,-1,62,-1,42
1,<environment.Job instance at 0x7f7366bd6c80>,42,14,[ 1 14],43,-1,57,-1,43
1,<environment.Job instance at 0x7f7366bd6230>,43,24,[5 8],44,-1,68,-1,44
1,<environment.Job instance at 0x7f7367374a00>,44,23,[11  4],45,-1,68,-1,45
1,<environment.Job instance at 0x7f7367374e10>,45,24,[14  4],46,-1,70,-1,46
1,<environment.Job instance at 0x7f7367374cd0>,46,23,[ 2 13],47,-1,70,-1,47
1,<environment.Job instance at 0x7f7367374780>,47,21,[14  4],48,-1,69,-1,48
1,<environment.Job instance at 0x7f7367374500>,48,25,[ 1 12],49,-1,74,-1,49
1,<environment.Job instance at 0x7f7367374690>,49,28,[ 1 11],50,-1,78,-1,50
1,<environment.Job instance at 0x7f736768df00>,51,28,[14  2],52,-1,80,-1,52
1,<environment.Job instance at 0x7f736768ddc0>,52,28,[13  4],53,-1,81,-1,53
1,<environment.Job instance at 0x7f736768de10>,53,22,[ 5 14],54,-1,76,-1,54
1,<environment.Job instance at 0x7f7367a38be0>,54,28,[ 1 11],55,-1,83,-1,55
1,<environment.Job instance at 0x7f7367a387d0>,55,22,[14  5],56,-1,78,-1,56
1,<environment.Job instance at 0x7f7367a38e60>,56,22,[ 1 14],57,-1,79,-1,57
1,<environment.Job instance at 0x7f7367a383c0>,58,16,[ 3 13],59,-1,75,-1,59
1,<environment.Job instance at 0x7f7367a383c0>,2,28,[13  5],3,-1,31,-1,3
1,<environment.Job instance at 0x7f736781d410>,4,23,[ 4 14],5,-1,28,-1,5
1,<environment.Job instance at 0x7f7366ec17d0>,6,28,[12  3],7,-1,35,-1,7
1,<environment.Job instance at 0x7f73672a87d0>,7,27,[11  4],8,-1,35,-1,8
1,<environment.Job instance at 0x7f73672a81e0>,8,27,[9 4],9,-1,36,-1,9
1,<environment.Job instance at 0x7f73672a85f0>,9,28,[5 9],10,-1,38,-1,10
1,<environment.Job instance at 0x7f73672a8280>,11,16,[ 3 12],12,-1,28,-1,12
1,<environment.Job instance at 0x7f73672a8eb0>,12,23,[ 2 14],13,-1,36,-1,13
1,<environment.Job instance at 0x7f73672a8d20>,13,21,[ 2 13],14,-1,35,-1,14
1,<environment.Job instance at 0x7f7367f14370>,14,28,[14  2],15,-1,43,-1,15
1,<environment.Job instance at 0x7f7367f14d70>,15,24,[11  1],16,-1,40,-1,16
1,<environment.Job instance at 0x7f73672d6230>,16,21,[ 3 13],17,-1,38,-1,17
1,<environment.Job instance at 0x7f73672d64b0>,17,20,[11  1],18,-1,38,-1,18
1,<environment.Job instance at 0x7f73672d6410>,18,26,[ 1 12],19,-1,45,-1,19
1,<environment.Job instance at 0x7f73672d6370>,19,13,[12  3],20,-1,33,-1,20
1,<environment.Job instance at 0x7f73672c9050>,20,25,[ 1 11],21,-1,46,-1,21
1,<environment.Job instance at 0x7f73672c9550>,21,20,[ 3 14],22,-1,42,-1,22
1,<environment.Job instance at 0x7f73672c9690>,22,17,[ 1 12],23,-1,40,-1,23
1,<environment.Job instance at 0x7f73672c9b90>,23,25,[2 7],24,-1,49,-1,24
1,<environment.Job instance at 0x7f73672c94b0>,24,23,[10  4],25,-1,48,-1,25
1,<environment.Job instance at 0x7f73672c9870>,25,21,[ 3 14],26,-1,47,-1,26
1,<environment.Job instance at 0x7f73672c90f0>,26,23,[14  5],27,-1,50,-1,27
1,<environment.Job instance at 0x7f73672c9f50>,27,24,[3 6],28,-1,52,-1,28
1,<environment.Job instance at 0x7f73672c9910>,28,18,[14  2],29,-1,47,-1,29
1,<environment.Job instance at 0x7f73672c9730>,29,27,[ 5 13],30,-1,57,-1,30
1,<environment.Job instance at 0x7f73672c99b0>,31,21,[12  3],32,-1,53,-1,32
1,<environment.Job instance at 0x7f73672d2cd0>,32,27,[ 5 12],33,-1,60,-1,33
1,<environment.Job instance at 0x7f73672d2d70>,33,28,[9 3],34,-1,62,-1,34
1,<environment.Job instance at 0x7f73672d2f50>,34,16,[ 2 13],35,-1,51,-1,35
1,<environment.Job instance at 0x7f73672d2c80>,35,28,[14  4],36,-1,64,-1,36
1,<environment.Job instance at 0x7f73672d2370>,36,13,[12  5],37,-1,50,-1,37
1,<environment.Job instance at 0x7f73672d24b0>,37,13,[14  1],38,-1,51,-1,38
1,<environment.Job instance at 0x7f73672d2aa0>,38,26,[11  5],39,-1,65,-1,39
1,<environment.Job instance at 0x7f73672d2230>,39,14,[ 2 13],40,-1,54,-1,40
1,<environment.Job instance at 0x7f73672d25a0>,40,28,[14  5],41,-1,69,-1,41
1,<environment.Job instance at 0x7f73672d25f0>,41,18,[12  4],42,-1,60,-1,42
1,<environment.Job instance at 0x7f73672d2b40>,42,21,[ 2 14],43,-1,64,-1,43
1,<environment.Job instance at 0x7f73672b63c0>,44,23,[13  4],45,-1,68,-1,45
1,<environment.Job instance at 0x7f73672b6af0>,45,16,[ 3 13],46,-1,62,-1,46
1,<environment.Job instance at 0x7f73672b6550>,46,26,[11  1],47,-1,73,-1,47
1,<environment.Job instance at 0x7f73672b6690>,47,23,[12  5],48,-1,71,-1,48
1,<environment.Job instance at 0x7f73672b6730>,51,23,[12  3],52,-1,76,-1,53
1,<environment.Job instance at 0x7f73672b6370>,52,19,[ 3 11],53,-1,72,-1,53
1,<environment.Job instance at 0x7f73672b6870>,54,25,[9 3],55,-1,80,-1,55
1,<environment.Job instance at 0x7f73672b7be0>,55,28,[ 5 13],56,-1,84,-1,56
1,<environment.Job instance at 0x7f73672b7690>,56,19,[ 4 11],57,-1,76,-1,57
1,<environment.Job instance at 0x7f73672b7640>,57,25,[13  4],58,-1,83,-1,58
1,<environment.Job instance at 0x7f73672b7050>,58,21,[ 1 12],59,-1,80,-1,59
1,<environment.Job instance at 0x7f7366d079b0>,1,28,[13  2],2,-1,30,-1,2
1,<environment.Job instance at 0x7f7366d07af0>,2,20,[14  3],3,-1,23,-1,3
1,<environment.Job instance at 0x7f7366d077d0>,3,24,[14  3],4,-1,28,-1,4
1,<environment.Job instance at 0x7f73669e1780>,4,25,[12  1],5,-1,30,-1,5
1,<environment.Job instance at 0x7f73669e15a0>,5,24,[5 8],6,-1,30,-1,6
1,<environment.Job instance at 0x7f73669e1dc0>,6,13,[ 1 13],7,-1,20,-1,7
1,<environment.Job instance at 0x7f7367d625a0>,7,23,[ 1 14],8,-1,31,-1,8
1,<environment.Job instance at 0x7f7367d62eb0>,8,25,[12  5],9,-1,34,-1,9
1,<environment.Job instance at 0x7f7367d62500>,9,27,[ 2 14],10,-1,37,-1,10
1,<environment.Job instance at 0x7f7367d62d20>,10,20,[ 2 14],11,-1,31,-1,11
1,<environment.Job instance at 0x7f7367d62e10>,11,25,[ 4 11],12,-1,37,-1,12
1,<environment.Job instance at 0x7f7367d62460>,12,21,[ 3 11],13,-1,34,-1,13
1,<environment.Job instance at 0x7f7367cc4be0>,13,21,[13  2],14,-1,35,-1,14
1,<environment.Job instance at 0x7f7367cc4780>,14,23,[14  5],15,-1,38,-1,15
1,<environment.Job instance at 0x7f7367cc4af0>,15,25,[ 2 11],16,-1,41,-1,16
1,<environment.Job instance at 0x7f7367cc4b40>,16,26,[14  4],17,-1,43,-1,17
1,<environment.Job instance at 0x7f7366e831e0>,17,14,[ 1 13],18,-1,32,-1,18
1,<environment.Job instance at 0x7f7366e833c0>,18,17,[ 1 11],19,-1,36,-1,19
1,<environment.Job instance at 0x7f7366e83cd0>,19,24,[5 4],20,-1,44,-1,20
1,<environment.Job instance at 0x7f7366e83140>,21,26,[ 1 11],22,-1,48,-1,22
1,<environment.Job instance at 0x7f7366e83f00>,23,21,[ 5 11],24,-1,45,-1,24
1,<environment.Job instance at 0x7f7367ae6c30>,24,17,[13  4],25,-1,42,-1,25
1,<environment.Job instance at 0x7f7366e83d20>,22,16,[13  2],23,-1,41,-1,25
1,<environment.Job instance at 0x7f7367ae6820>,25,28,[ 3 12],26,-1,54,-1,26
1,<environment.Job instance at 0x7f7367ae6050>,26,26,[ 1 12],27,-1,53,-1,27
1,<environment.Job instance at 0x7f7367ae6dc0>,28,19,[13  5],29,-1,48,-1,29
1,<environment.Job instance at 0x7f7367ae6d70>,29,20,[ 5 14],30,-1,50,-1,30
1,<environment.Job instance at 0x7f7367ae6c80>,30,27,[ 2 14],31,-1,58,-1,31
1,<environment.Job instance at 0x7f7367156aa0>,31,13,[ 2 12],32,-1,45,-1,32
1,<environment.Job instance at 0x7f7367156b40>,32,24,[10  4],33,-1,57,-1,33
1,<environment.Job instance at 0x7f7367156f00>,33,18,[ 3 11],34,-1,52,-1,34
1,<environment.Job instance at 0x7f7367156dc0>,34,13,[14  4],35,-1,48,-1,35
1,<environment.Job instance at 0x7f73671567d0>,35,23,[14  2],36,-1,59,-1,36
1,<environment.Job instance at 0x7f7367156e10>,36,25,[14  4],37,-1,62,-1,37
1,<environment.Job instance at 0x7f7367ae6190>,38,26,[10  2],39,-1,65,-1,39
1,<environment.Job instance at 0x7f7367156d20>,37,19,[13  5],38,-1,58,-1,39
1,<environment.Job instance at 0x7f7367e1f910>,40,15,[ 1 11],41,-1,56,-1,41
1,<environment.Job instance at 0x7f7367e1f280>,41,26,[ 2 11],42,-1,68,-1,42
1,<environment.Job instance at 0x7f7367e1f320>,42,23,[ 3 13],43,-1,66,-1,43
1,<environment.Job instance at 0x7f7367e1fa50>,43,13,[12  5],44,-1,57,-1,44
1,<environment.Job instance at 0x7f7367e1fb90>,44,26,[ 3 13],45,-1,71,-1,45
1,<environment.Job instance at 0x7f7367e1f780>,45,19,[ 4 14],46,-1,65,-1,46
1,<environment.Job instance at 0x7f7367e1f370>,46,17,[ 4 13],47,-1,64,-1,47
1,<environment.Job instance at 0x7f7367e1f3c0>,47,27,[ 2 11],48,-1,75,-1,48
1,<environment.Job instance at 0x7f7367e1fd70>,49,24,[ 4 12],50,-1,74,-1,50
1,<environment.Job instance at 0x7f73704e67d0>,50,27,[11  4],51,-1,78,-1,51
1,<environment.Job instance at 0x7f73704e6f50>,52,26,[7 3],53,-1,79,-1,53
1,<environment.Job instance at 0x7f73704e6280>,53,24,[ 5 12],54,-1,78,-1,54
1,<environment.Job instance at 0x7f73704e6820>,54,27,[10  1],55,-1,82,-1,55
1,<environment.Job instance at 0x7f7366d07f00>,1,23,[ 1 13],2,-1,25,-1,2
1,<environment.Job instance at 0x7f7366ee9b40>,2,22,[ 3 13],3,-1,25,-1,3
1,<environment.Job instance at 0x7f7366ee9280>,3,13,[13  1],4,-1,17,-1,4
1,<environment.Job instance at 0x7f7366ee9aa0>,4,25,[ 4 11],5,-1,30,-1,5
1,<environment.Job instance at 0x7f7366ee95a0>,6,24,[14  2],7,-1,31,-1,7
1,<environment.Job instance at 0x7f7366ee90a0>,7,22,[13  2],8,-1,30,-1,8
1,<environment.Job instance at 0x7f7366ee9cd0>,8,28,[ 5 14],9,-1,37,-1,9
1,<environment.Job instance at 0x7f7366ee9e10>,5,14,[13  3],6,-1,23,-1,9
1,<environment.Job instance at 0x7f7366ee9410>,9,26,[14  1],10,-1,36,-1,10
1,<environment.Job instance at 0x7f7366ee9e60>,10,28,[13  2],11,-1,39,-1,11
1,<environment.Job instance at 0x7f7366ee9500>,11,28,[11  4],12,-1,40,-1,12
1,<environment.Job instance at 0x7f7366ee9eb0>,12,27,[ 1 13],13,-1,40,-1,13
1,<environment.Job instance at 0x7f7366ee93c0>,13,25,[ 5 12],14,-1,39,-1,14
1,<environment.Job instance at 0x7f7366ee9a50>,14,13,[13  4],15,-1,28,-1,15
1,<environment.Job instance at 0x7f7367dae690>,17,16,[ 4 13],18,-1,34,-1,18
1,<environment.Job instance at 0x7f7367daea50>,18,28,[1 7],19,-1,47,-1,19
1,<environment.Job instance at 0x7f7367dae820>,19,25,[13  2],20,-1,45,-1,20
1,<environment.Job instance at 0x7f7367daedc0>,20,12,[13  4],21,-1,33,-1,21
1,<environment.Job instance at 0x7f7366ee97d0>,22,28,[ 1 11],23,-1,51,-1,23
1,<environment.Job instance at 0x7f7367dae960>,23,22,[14  3],24,-1,46,-1,24
1,<environment.Job instance at 0x7f7367daeaa0>,24,28,[14  4],25,-1,53,-1,25
1,<environment.Job instance at 0x7f7367daea00>,25,27,[13  4],26,-1,53,-1,26
1,<environment.Job instance at 0x7f7367dae7d0>,26,27,[ 5 11],27,-1,54,-1,27
1,<environment.Job instance at 0x7f73674f93c0>,27,27,[6 4],28,-1,55,-1,28
1,<environment.Job instance at 0x7f73674f97d0>,28,17,[14  2],29,-1,46,-1,29
1,<environment.Job instance at 0x7f73674f95a0>,29,24,[ 1 12],30,-1,54,-1,30
1,<environment.Job instance at 0x7f73674f9870>,30,24,[14  5],31,-1,55,-1,31
1,<environment.Job instance at 0x7f73674f9e60>,31,18,[ 1 14],32,-1,50,-1,32
1,<environment.Job instance at 0x7f73674f90a0>,32,15,[ 1 13],33,-1,48,-1,33
1,<environment.Job instance at 0x7f73674f9140>,34,21,[12  2],35,-1,56,-1,35
1,<environment.Job instance at 0x7f7367a04640>,35,27,[ 4 12],36,-1,63,-1,36
1,<environment.Job instance at 0x7f7367a046e0>,36,20,[ 5 11],37,-1,57,-1,37
1,<environment.Job instance at 0x7f7367a04370>,37,23,[ 3 13],38,-1,61,-1,38
1,<environment.Job instance at 0x7f7367a04780>,38,28,[12  3],39,-1,67,-1,39
1,<environment.Job instance at 0x7f7367a040a0>,39,23,[14  2],40,-1,63,-1,40
1,<environment.Job instance at 0x7f7367a04910>,40,26,[ 2 11],41,-1,67,-1,41
1,<environment.Job instance at 0x7f7367a04b40>,41,27,[6 4],42,-1,69,-1,42
1,<environment.Job instance at 0x7f7367a04230>,42,25,[ 4 14],43,-1,68,-1,43
1,<environment.Job instance at 0x7f7367a045f0>,43,17,[ 2 13],44,-1,61,-1,44
1,<environment.Job instance at 0x7f7367a04fa0>,44,26,[13  2],45,-1,71,-1,45
1,<environment.Job instance at 0x7f7367a04d20>,45,24,[14  3],46,-1,70,-1,46
1,<environment.Job instance at 0x7f7367a04190>,46,24,[13  5],47,-1,71,-1,47
1,<environment.Job instance at 0x7f7367a04c80>,47,12,[ 4 13],48,-1,60,-1,48
1,<environment.Job instance at 0x7f7367a04d70>,48,27,[14  3],49,-1,76,-1,49
1,<environment.Job instance at 0x7f7367a045a0>,50,26,[ 5 11],51,-1,77,-1,51
1,<environment.Job instance at 0x7f7367db3e60>,51,27,[12  5],52,-1,79,-1,52
1,<environment.Job instance at 0x7f7367dae870>,54,26,[ 1 13],55,-1,81,-1,55
1,<environment.Job instance at 0x7f7367db3a50>,53,20,[11  1],54,-1,75,-1,55
1,<environment.Job instance at 0x7f7367db3af0>,55,13,[ 1 13],56,-1,69,-1,56
1,<environment.Job instance at 0x7f7367db39b0>,56,18,[12  5],57,-1,75,-1,57
1,<environment.Job instance at 0x7f7367db3f50>,57,24,[ 5 12],58,-1,82,-1,58
1,<environment.Job instance at 0x7f7367db38c0>,58,22,[ 3 14],59,-1,81,-1,59
1,<environment.Job instance at 0x7f73675218c0>,1,20,[ 3 14],2,-1,22,-1,2
1,<environment.Job instance at 0x7f736718b460>,2,15,[ 1 12],3,-1,18,-1,3
1,<environment.Job instance at 0x7f73672b0fa0>,3,25,[14  2],4,-1,29,-1,4
1,<environment.Job instance at 0x7f7367d2fc80>,5,16,[14  2],6,-1,22,-1,6
1,<environment.Job instance at 0x7f7367d2f230>,6,26,[9 2],7,-1,33,-1,7
1,<environment.Job instance at 0x7f7367d2f9b0>,7,26,[ 2 10],8,-1,34,-1,8
1,<environment.Job instance at 0x7f7367ca16e0>,9,25,[5 5],10,-1,35,-1,10
1,<environment.Job instance at 0x7f7367d250a0>,10,20,[ 3 12],11,-1,31,-1,11
1,<environment.Job instance at 0x7f7367d25370>,11,18,[11  5],12,-1,30,-1,12
1,<environment.Job instance at 0x7f7367d25be0>,12,26,[ 2 11],13,-1,39,-1,13
1,<environment.Job instance at 0x7f7367d25960>,13,27,[7 4],14,-1,41,-1,14
1,<environment.Job instance at 0x7f7367d258c0>,14,19,[ 2 13],15,-1,34,-1,15
1,<environment.Job instance at 0x7f7367d25b40>,15,20,[12  3],16,-1,36,-1,16
1,<environment.Job instance at 0x7f7367d25fa0>,16,24,[7 2],17,-1,41,-1,17
1,<environment.Job instance at 0x7f7367d25a00>,17,22,[14  3],18,-1,40,-1,18
1,<environment.Job instance at 0x7f7367d25870>,18,26,[12  1],19,-1,45,-1,19
1,<environment.Job instance at 0x7f7367d25410>,19,28,[ 3 12],20,-1,48,-1,20
1,<environment.Job instance at 0x7f7367d26280>,21,25,[14  4],22,-1,47,-1,22
1,<environment.Job instance at 0x7f7367d26e60>,22,26,[11  3],23,-1,49,-1,23
1,<environment.Job instance at 0x7f7367d26190>,23,26,[3 7],24,-1,50,-1,24
1,<environment.Job instance at 0x7f7367d26d70>,25,23,[ 4 13],26,-1,49,-1,26
1,<environment.Job instance at 0x7f7366e7d050>,27,26,[11  4],28,-1,54,-1,28
1,<environment.Job instance at 0x7f736716cc80>,31,13,[ 4 11],32,-1,54,-1,41
1,<environment.Job instance at 0x7f736716cbe0>,32,22,[12  4],33,-1,63,-1,41
1,<environment.Job instance at 0x7f7366bee820>,33,16,[14  5],34,-1,57,-1,41
1,<environment.Job instance at 0x7f7366bf6be0>,34,20,[ 3 12],35,-1,61,-1,41
1,<environment.Job instance at 0x7f7367369af0>,35,28,[13  5],36,-1,69,-1,41
1,<environment.Job instance at 0x7f73678eef00>,36,23,[14  3],37,-1,64,-1,41
1,<environment.Job instance at 0x7f736735aa00>,37,25,[ 2 14],38,-1,66,-1,41
1,<environment.Job instance at 0x7f7367e7f230>,1,22,[ 5 13],2,-1,24,-1,2
1,<environment.Job instance at 0x7f736735acd0>,2,24,[ 1 14],3,-1,27,-1,3
1,<environment.Job instance at 0x7f736733c320>,3,28,[13  5],4,-1,32,-1,4
1,<environment.Job instance at 0x7f736733caa0>,4,22,[12  4],5,-1,27,-1,5
1,<environment.Job instance at 0x7f736733c4b0>,6,24,[14  5],7,-1,31,-1,7
1,<environment.Job instance at 0x7f736735aa00>,8,23,[11  5],9,-1,32,-1,9
1,<environment.Job instance at 0x7f736733c9b0>,9,23,[ 2 12],10,-1,33,-1,10
1,<environment.Job instance at 0x7f736733c640>,10,14,[11  5],11,-1,25,-1,11
1,<environment.Job instance at 0x7f736733cb90>,11,25,[7 3],12,-1,37,-1,12
1,<environment.Job instance at 0x7f736733cdc0>,12,23,[12  5],13,-1,36,-1,13
1,<environment.Job instance at 0x7f736733cd20>,13,28,[11  2],14,-1,42,-1,14
1,<environment.Job instance at 0x7f7366ed6af0>,14,27,[11  2],15,-1,42,-1,15
1,<environment.Job instance at 0x7f7366ed6dc0>,15,24,[6 4],16,-1,40,-1,16
1,<environment.Job instance at 0x7f736733c960>,7,19,[13  1],8,-1,35,-1,16
1,<environment.Job instance at 0x7f736733cb40>,16,17,[ 4 13],17,-1,34,-1,17
1,<environment.Job instance at 0x7f7366ed67d0>,18,13,[12  5],19,-1,32,-1,19
1,<environment.Job instance at 0x7f7366ed6910>,19,14,[ 2 12],20,-1,34,-1,20
1,<environment.Job instance at 0x7f7366ed6820>,21,21,[13  1],22,-1,43,-1,22
1,<environment.Job instance at 0x7f7366ed6e10>,22,24,[13  4],23,-1,47,-1,23
1,<environment.Job instance at 0x7f7366ed6d20>,23,19,[ 5 14],24,-1,43,-1,24
1,<environment.Job instance at 0x7f7366ed69b0>,24,28,[ 1 12],25,-1,53,-1,25
1,<environment.Job instance at 0x7f7366ed65a0>,25,28,[12  3],26,-1,54,-1,26
1,<environment.Job instance at 0x7f7366ed6b40>,26,27,[2 7],27,-1,54,-1,27
1,<environment.Job instance at 0x7f7366ed6eb0>,27,23,[11  3],28,-1,51,-1,28
1,<environment.Job instance at 0x7f7366ed6cd0>,28,14,[ 1 14],29,-1,43,-1,29
1,<environment.Job instance at 0x7f7366ed6410>,29,26,[ 5 12],30,-1,56,-1,30
1,<environment.Job instance at 0x7f7366ed6500>,30,22,[ 3 11],31,-1,53,-1,31
1,<environment.Job instance at 0x7f7366ed6730>,31,26,[ 3 14],32,-1,58,-1,32
1,<environment.Job instance at 0x7f7366ed6190>,32,19,[ 4 12],33,-1,52,-1,33
1,<environment.Job instance at 0x7f7366ed6550>,33,14,[ 3 14],34,-1,48,-1,34
1,<environment.Job instance at 0x7f73674fe140>,34,20,[ 4 11],35,-1,55,-1,35
1,<environment.Job instance at 0x7f73674fe640>,35,19,[12  1],36,-1,55,-1,36
1,<environment.Job instance at 0x7f7366ed6460>,37,20,[ 1 14],38,-1,58,-1,38
1,<environment.Job instance at 0x7f73674fec30>,38,24,[4 6],39,-1,63,-1,39
1,<environment.Job instance at 0x7f73674fe050>,39,28,[9 2],40,-1,68,-1,40
1,<environment.Job instance at 0x7f73674fe370>,40,27,[ 1 11],41,-1,68,-1,41
1,<environment.Job instance at 0x7f73674fef50>,41,25,[ 1 12],42,-1,67,-1,42
1,<environment.Job instance at 0x7f73674fe500>,42,18,[ 4 14],43,-1,61,-1,43
1,<environment.Job instance at 0x7f73674fe690>,43,18,[ 1 11],44,-1,62,-1,44
1,<environment.Job instance at 0x7f73674fe730>,45,14,[ 1 14],46,-1,60,-1,46
1,<environment.Job instance at 0x7f73674fec80>,44,21,[ 5 10],45,-1,67,-1,46
1,<environment.Job instance at 0x7f73674feb90>,46,23,[4 8],47,-1,70,-1,47
1,<environment.Job instance at 0x7f73674fed20>,47,21,[ 5 12],48,-1,69,-1,48
1,<environment.Job instance at 0x7f73674fe6e0>,48,21,[ 1 13],49,-1,70,-1,49
1,<environment.Job instance at 0x7f73674fe230>,50,25,[3 8],51,-1,79,-1,54
1,<environment.Job instance at 0x7f73666df0f0>,54,22,[ 1 10],55,-1,77,-1,55
1,<environment.Job instance at 0x7f73666df190>,55,28,[11  5],56,-1,84,-1,56
1,<environment.Job instance at 0x7f73666df140>,56,22,[ 1 13],57,-1,79,-1,57
1,<environment.Job instance at 0x7f73666df050>,57,14,[12  1],58,-1,72,-1,58
1,<environment.Job instance at 0x7f73666df640>,58,27,[11  2],59,-1,86,-1,59
1,<environment.Job instance at 0x7f7366e0abe0>,1,19,[ 4 13],2,-1,21,-1,2
1,<environment.Job instance at 0x7f73666df870>,2,21,[ 5 12],3,-1,24,-1,3
1,<environment.Job instance at 0x7f73666e1280>,3,20,[14  2],4,-1,24,-1,4
1,<environment.Job instance at 0x7f73666df640>,5,19,[ 5 14],6,-1,25,-1,6
1,<environment.Job instance at 0x7f7367400e10>,6,16,[12  5],7,-1,23,-1,7
1,<environment.Job instance at 0x7f7367400410>,7,12,[ 1 12],8,-1,20,-1,8
1,<environment.Job instance at 0x7f73674006e0>,9,15,[ 1 14],10,-1,25,-1,10
1,<environment.Job instance at 0x7f7367400140>,13,25,[ 5 11],14,-1,47,-1,22
1,<environment.Job instance at 0x7f7367400c30>,14,19,[ 2 12],15,-1,41,-1,22
1,<environment.Job instance at 0x7f7367400eb0>,15,26,[11  1],16,-1,48,-1,22
1,<environment.Job instance at 0x7f7367400910>,16,27,[10  2],17,-1,49,-1,22
1,<environment.Job instance at 0x7f7367400280>,17,27,[13  1],18,-1,49,-1,22
1,<environment.Job instance at 0x7f7367400460>,18,22,[ 2 13],19,-1,44,-1,22
1,<environment.Job instance at 0x7f7367f025f0>,19,12,[ 5 14],20,-1,34,-1,22
1,<environment.Job instance at 0x7f7367f02a00>,20,28,[11  4],21,-1,50,-1,22
1,<environment.Job instance at 0x7f7367f02820>,21,23,[13  4],22,-1,45,-1,22
1,<environment.Job instance at 0x7f7367f02cd0>,22,25,[ 4 12],23,-1,48,-1,23
1,<environment.Job instance at 0x7f7367f02690>,23,26,[ 5 11],24,-1,50,-1,24
1,<environment.Job instance at 0x7f7367f020a0>,24,21,[ 4 14],25,-1,46,-1,25
1,<environment.Job instance at 0x7f7367f02730>,25,17,[ 3 13],26,-1,43,-1,26
1,<environment.Job instance at 0x7f7367f023c0>,26,25,[ 2 10],27,-1,52,-1,27
1,<environment.Job instance at 0x7f7367f02230>,27,23,[7 1],28,-1,58,-1,35
1,<environment.Job instance at 0x7f7367f02eb0>,28,13,[11  5],29,-1,48,-1,35
1,<environment.Job instance at 0x7f7367f02c30>,31,21,[11  1],32,-1,62,-1,41
1,<environment.Job instance at 0x7f7367f020f0>,32,19,[ 3 11],33,-1,60,-1,41
1,<environment.Job instance at 0x7f7367f029b0>,33,21,[ 1 11],34,-1,62,-1,41
1,<environment.Job instance at 0x7f7367f02aa0>,34,25,[11  4],35,-1,66,-1,41
1,<environment.Job instance at 0x7f7367f02050>,35,20,[ 3 11],36,-1,61,-1,41
1,<environment.Job instance at 0x7f7367f02190>,37,21,[ 2 14],38,-1,67,-1,46
1,<environment.Job instance at 0x7f7367f02fa0>,38,17,[ 3 12],39,-1,63,-1,46
1,<environment.Job instance at 0x7f7367f02dc0>,39,16,[ 4 14],40,-1,62,-1,46
1,<environment.Job instance at 0x7f7366ec1a00>,40,21,[ 1 11],41,-1,67,-1,46
1,<environment.Job instance at 0x7f7366bbde60>,2,24,[ 3 11],3,-1,27,-1,3
1,<environment.Job instance at 0x7f73670fccd0>,4,23,[ 2 12],5,-1,28,-1,5
1,<environment.Job instance at 0x7f73670fc780>,5,27,[8 3],6,-1,33,-1,6
1,<environment.Job instance at 0x7f73670fc820>,6,22,[ 2 12],7,-1,29,-1,7
1,<environment.Job instance at 0x7f73670fc050>,7,26,[6 4],8,-1,34,-1,8
1,<environment.Job instance at 0x7f736703caa0>,9,15,[ 1 14],10,-1,25,-1,10
1,<environment.Job instance at 0x7f7367d620a0>,10,22,[14  4],11,-1,33,-1,11
1,<environment.Job instance at 0x7f7367cc4a50>,12,17,[ 1 14],13,-1,30,-1,13
1,<environment.Job instance at 0x7f7367a6b780>,13,21,[6 3],14,-1,45,-1,24
1,<environment.Job instance at 0x7f7367a6b8c0>,17,23,[ 2 11],18,-1,47,-1,24
1,<environment.Job instance at 0x7f7367a6ba00>,18,26,[ 4 11],19,-1,50,-1,24
1,<environment.Job instance at 0x7f7367b61460>,19,27,[13  5],20,-1,51,-1,24
1,<environment.Job instance at 0x7f7367b61fa0>,20,25,[11  4],21,-1,49,-1,24
1,<environment.Job instance at 0x7f7366ba7c30>,21,14,[14  4],22,-1,38,-1,24
1,<environment.Job instance at 0x7f7367337640>,22,26,[ 5 12],23,-1,50,-1,24
1,<environment.Job instance at 0x7f7366bc8aa0>,23,18,[ 1 12],24,-1,42,-1,24
1,<environment.Job instance at 0x7f7366c7fc30>,24,27,[4 5],25,-1,52,-1,25
1,<environment.Job instance at 0x7f73668255a0>,25,24,[ 3 11],26,-1,50,-1,26
1,<environment.Job instance at 0x7f7366825f00>,26,24,[14  2],27,-1,51,-1,27
1,<environment.Job instance at 0x7f7366825c30>,27,12,[5 1],28,-1,40,-1,28
1,<environment.Job instance at 0x7f7366825460>,28,19,[ 3 11],29,-1,48,-1,29
1,<environment.Job instance at 0x7f7367695500>,29,15,[13  2],30,-1,45,-1,30
1,<environment.Job instance at 0x7f73676bcc30>,30,13,[11  2],31,-1,44,-1,31
1,<environment.Job instance at 0x7f7367d294b0>,31,24,[4 6],32,-1,56,-1,32
1,<environment.Job instance at 0x7f7367d29c80>,32,28,[ 3 14],33,-1,61,-1,33
1,<environment.Job instance at 0x7f7367d29190>,33,25,[3 7],34,-1,59,-1,34
1,<environment.Job instance at 0x7f158407c410>,2,22,[ 4 14],3,-1,25,-1,3
1,<environment.Job instance at 0x7f158407c5a0>,3,25,[ 5 14],4,-1,29,-1,4
1,<environment.Job instance at 0x7f158407c4b0>,4,21,[ 1 12],5,-1,26,-1,5
1,<environment.Job instance at 0x7f158407c640>,5,24,[1 5],6,-1,30,-1,6
1,<environment.Job instance at 0x7f158d7f41e0>,7,25,[6 2],8,-1,33,-1,8
1,<environment.Job instance at 0x7f158407c7d0>,8,22,[14  3],9,-1,31,-1,9
1,<environment.Job instance at 0x7f158407c910>,9,19,[13  1],10,-1,29,-1,10
1,<environment.Job instance at 0x7f158407c9b0>,10,23,[ 4 14],11,-1,34,-1,11
1,<environment.Job instance at 0x7f158407ca50>,11,25,[ 4 12],12,-1,37,-1,12
1,<environment.Job instance at 0x7f158407caf0>,12,19,[ 5 13],13,-1,32,-1,13
1,<environment.Job instance at 0x7f158407cb90>,13,22,[ 2 11],14,-1,36,-1,14
1,<environment.Job instance at 0x7f158407cc30>,14,25,[13  4],15,-1,40,-1,15
1,<environment.Job instance at 0x7f158407c780>,15,25,[13  3],16,-1,41,-1,16
1,<environment.Job instance at 0x7f158407cdc0>,16,26,[14  4],17,-1,43,-1,17
1,<environment.Job instance at 0x7f158407ce10>,17,14,[ 2 14],18,-1,32,-1,18
1,<environment.Job instance at 0x7f158407ceb0>,18,14,[ 2 13],19,-1,33,-1,19
1,<environment.Job instance at 0x7f158407cf50>,19,17,[13  5],20,-1,37,-1,20
1,<environment.Job instance at 0x7f1584080050>,20,21,[12  2],21,-1,42,-1,21
1,<environment.Job instance at 0x7f15840800f0>,21,28,[11  1],22,-1,50,-1,22
1,<environment.Job instance at 0x7f1584080190>,22,26,[ 1 14],23,-1,49,-1,23
1,<environment.Job instance at 0x7f15840802d0>,24,13,[ 3 14],25,-1,38,-1,25
1,<environment.Job instance at 0x7f1584080460>,25,23,[ 3 13],26,-1,49,-1,26
1,<environment.Job instance at 0x7f1584080370>,26,26,[1 8],27,-1,53,-1,27
1,<environment.Job instance at 0x7f1584080500>,27,25,[5 7],28,-1,53,-1,28
1,<environment.Job instance at 0x7f15840805a0>,28,25,[ 4 11],29,-1,54,-1,29
1,<environment.Job instance at 0x7f1584080640>,29,22,[ 5 13],30,-1,52,-1,30
1,<environment.Job instance at 0x7f15840806e0>,30,27,[4 8],31,-1,58,-1,31
1,<environment.Job instance at 0x7f158407cd70>,32,27,[11  3],33,-1,60,-1,33
1,<environment.Job instance at 0x7f1584080870>,33,16,[ 2 14],34,-1,50,-1,34
1,<environment.Job instance at 0x7f1584080960>,34,24,[ 1 14],35,-1,59,-1,35
1,<environment.Job instance at 0x7f1584080820>,35,22,[11  5],36,-1,58,-1,36
1,<environment.Job instance at 0x7f1584080b40>,36,20,[ 3 14],37,-1,57,-1,37
1,<environment.Job instance at 0x7f1584080b90>,37,28,[ 2 12],38,-1,66,-1,38
1,<environment.Job instance at 0x7f1584080c30>,38,20,[ 1 12],39,-1,59,-1,39
1,<environment.Job instance at 0x7f1584080cd0>,39,24,[5 6],40,-1,64,-1,40
1,<environment.Job instance at 0x7f1584080d70>,40,26,[ 1 12],41,-1,67,-1,41
1,<environment.Job instance at 0x7f1584080e10>,41,18,[ 5 14],42,-1,60,-1,42
1,<environment.Job instance at 0x7f1584080eb0>,42,20,[ 2 11],43,-1,63,-1,43
1,<environment.Job instance at 0x7f1584080aa0>,44,16,[14  3],45,-1,61,-1,45
1,<environment.Job instance at 0x7f15840820f0>,45,27,[12  2],46,-1,73,-1,46
1,<environment.Job instance at 0x7f1584080f50>,43,16,[13  5],44,-1,62,-1,46
1,<environment.Job instance at 0x7f1584082050>,46,28,[ 4 11],47,-1,75,-1,47
1,<environment.Job instance at 0x7f1584082230>,47,17,[12  2],48,-1,65,-1,48
1,<environment.Job instance at 0x7f1584082190>,49,27,[ 1 11],50,-1,77,-1,50
1,<environment.Job instance at 0x7f1584082640>,51,25,[12  2],52,-1,77,-1,52
1,<environment.Job instance at 0x7f15840824b0>,53,27,[14  5],54,-1,81,-1,54
1,<environment.Job instance at 0x7f1584082690>,54,24,[5 7],55,-1,80,-1,56
1,<environment.Job instance at 0x7f15840828c0>,56,20,[ 3 13],57,-1,77,-1,57
1,<environment.Job instance at 0x7f15840854b0>,1,28,[5 1],2,-1,30,-1,2
1,<environment.Job instance at 0x7f1584082960>,2,24,[9 2],3,-1,27,-1,3
1,<environment.Job instance at 0x7f15845d2c80>,3,25,[3 8],4,-1,29,-1,4
1,<environment.Job instance at 0x7f15845d2780>,4,27,[1 6],5,-1,32,-1,5
1,<environment.Job instance at 0x7f15845352d0>,5,14,[ 4 11],6,-1,20,-1,6
1,<environment.Job instance at 0x7f1584535320>,6,19,[ 4 14],7,-1,26,-1,7
1,<environment.Job instance at 0x7f1584082910>,8,27,[10  2],9,-1,36,-1,9
1,<environment.Job instance at 0x7f1584535780>,7,13,[14  5],8,-1,22,-1,9
1,<environment.Job instance at 0x7f1584535910>,9,28,[9 4],10,-1,38,-1,10
1,<environment.Job instance at 0x7f15845359b0>,11,15,[ 5 11],12,-1,27,-1,12
1,<environment.Job instance at 0x7f15845b61e0>,12,26,[5 4],13,-1,39,-1,13
1,<environment.Job instance at 0x7f15845b6550>,13,12,[12  3],14,-1,26,-1,14
1,<environment.Job instance at 0x7f15845b6af0>,15,25,[13  5],16,-1,41,-1,16
1,<environment.Job instance at 0x7f15845b6730>,16,24,[ 1 11],17,-1,41,-1,17
1,<environment.Job instance at 0x7f15845b6c80>,17,28,[ 3 10],18,-1,46,-1,18
1,<environment.Job instance at 0x7f15845b66e0>,18,21,[ 1 11],19,-1,40,-1,19
1,<environment.Job instance at 0x7f15845b6640>,19,23,[13  1],20,-1,43,-1,20
1,<environment.Job instance at 0x7f15845b6dc0>,20,22,[4 9],21,-1,43,-1,21
1,<environment.Job instance at 0x7f15845b67d0>,21,20,[14  2],22,-1,42,-1,22
1,<environment.Job instance at 0x7f15845b6910>,23,20,[12  1],24,-1,44,-1,24
1,<environment.Job instance at 0x7f1584535c30>,24,25,[4 5],25,-1,50,-1,25
1,<environment.Job instance at 0x7f158458ad20>,26,28,[ 1 13],27,-1,55,-1,27
1,<environment.Job instance at 0x7f158458a370>,27,26,[ 1 11],28,-1,54,-1,28
1,<environment.Job instance at 0x7f15845b6870>,29,26,[6 5],30,-1,57,-1,31
1,<environment.Job instance at 0x7f158458a0f0>,33,23,[ 5 13],34,-1,63,-1,40
1,<environment.Job instance at 0x7f15847a7550>,34,12,[ 4 12],35,-1,52,-1,40
1,<environment.Job instance at 0x7f15847a7910>,35,26,[9 3],36,-1,66,-1,40
1,<environment.Job instance at 0x7f15847a7eb0>,36,23,[14  4],37,-1,63,-1,40
1,<environment.Job instance at 0x7f15847a7e10>,37,12,[ 3 12],38,-1,52,-1,40
1,<environment.Job instance at 0x7f15847a7640>,38,21,[ 1 13],39,-1,61,-1,40
1,<environment.Job instance at 0x7f15847a7820>,39,25,[11  4],40,-1,65,-1,40
1,<environment.Job instance at 0x7f15847a7af0>,40,12,[13  1],41,-1,53,-1,41
1,<environment.Job instance at 0x7f15847a7a00>,41,20,[ 5 11],42,-1,62,-1,42
1,<environment.Job instance at 0x7f15847a7140>,42,27,[12  2],43,-1,70,-1,43
1,<environment.Job instance at 0x7f15847a7a50>,43,15,[12  1],44,-1,59,-1,44
1,<environment.Job instance at 0x7f15847a7dc0>,44,14,[ 2 11],45,-1,59,-1,45
1,<environment.Job instance at 0x7f15847a7d70>,45,23,[13  5],46,-1,69,-1,46
1,<environment.Job instance at 0x7f15847a7b90>,46,21,[ 1 12],47,-1,68,-1,47
1,<environment.Job instance at 0x7f15847a7370>,47,19,[11  2],48,-1,82,-1,63
1,<environment.Job instance at 0x7f1584089eb0>,1,28,[7 4],2,-1,30,-1,2
1,<environment.Job instance at 0x7f15847a7410>,2,25,[ 3 14],3,-1,28,-1,3
1,<environment.Job instance at 0x7f158371ec30>,3,28,[12  5],4,-1,32,-1,4
1,<environment.Job instance at 0x7f1583773aa0>,6,22,[ 1 14],7,-1,29,-1,7
1,<environment.Job instance at 0x7f1583773690>,7,27,[ 4 12],8,-1,35,-1,8
1,<environment.Job instance at 0x7f1583773230>,8,27,[4 9],9,-1,36,-1,9
1,<environment.Job instance at 0x7f1583773140>,9,20,[ 3 14],10,-1,30,-1,10
1,<environment.Job instance at 0x7f15837738c0>,14,27,[9 1],15,-1,46,-1,19
1,<environment.Job instance at 0x7f1583773a00>,16,20,[12  4],17,-1,39,-1,19
1,<environment.Job instance at 0x7f1583773280>,17,26,[8 5],18,-1,45,-1,19
1,<environment.Job instance at 0x7f15837733c0>,18,28,[10  4],19,-1,47,-1,19
1,<environment.Job instance at 0x7f1583773cd0>,19,14,[11  3],20,-1,37,-1,23
1,<environment.Job instance at 0x7f1583773f50>,20,15,[ 1 13],21,-1,38,-1,23
1,<environment.Job instance at 0x7f1583773820>,21,26,[ 5 11],22,-1,49,-1,23
1,<environment.Job instance at 0x7f15837735f0>,22,24,[4 7],23,-1,48,-1,24
1,<environment.Job instance at 0x7f15837734b0>,23,28,[3 8],24,-1,52,-1,24
1,<environment.Job instance at 0x7f15837730a0>,24,28,[ 3 11],25,-1,53,-1,25
1,<environment.Job instance at 0x7f15837736e0>,25,19,[ 3 12],26,-1,45,-1,26
1,<environment.Job instance at 0x7f1583773be0>,26,21,[ 1 11],27,-1,48,-1,27
1,<environment.Job instance at 0x7f1583773af0>,27,26,[ 1 11],28,-1,54,-1,28
1,<environment.Job instance at 0x7f1583c2e460>,28,17,[13  5],29,-1,46,-1,29
1,<environment.Job instance at 0x7f1583c2e820>,29,21,[ 2 12],30,-1,51,-1,30
1,<environment.Job instance at 0x7f1583c2eeb0>,30,25,[ 2 12],31,-1,56,-1,31
1,<environment.Job instance at 0x7f1583c2ef50>,31,20,[ 5 13],32,-1,52,-1,32
1,<environment.Job instance at 0x7f1583773fa0>,33,28,[ 1 13],34,-1,70,-1,42
1,<environment.Job instance at 0x7f1583c2ea00>,34,26,[12  2],35,-1,68,-1,42
1,<environment.Job instance at 0x7f1583c2ea50>,35,21,[ 3 11],36,-1,63,-1,42
1,<environment.Job instance at 0x7f1583c2eaf0>,36,21,[ 5 14],37,-1,63,-1,42
1,<environment.Job instance at 0x7f1583c2e870>,37,19,[ 5 12],38,-1,61,-1,42
1,<environment.Job instance at 0x7f1583c2e550>,38,28,[3 8],39,-1,70,-1,42
1,<environment.Job instance at 0x7f1583c2e5f0>,39,22,[14  5],40,-1,64,-1,42
1,<environment.Job instance at 0x7f1583c2e960>,41,26,[ 5 13],42,-1,68,-1,42
1,<environment.Job instance at 0x7f1583c2ee10>,42,20,[14  2],43,-1,63,-1,43
1,<environment.Job instance at 0x7f1583c2eb40>,43,25,[5 7],44,-1,70,-1,45
1,<environment.Job instance at 0x7f1583c2e2d0>,44,21,[ 4 12],45,-1,66,-1,45
1,<environment.Job instance at 0x7f1583c2e280>,45,20,[11  2],46,-1,70,-1,50
1,<environment.Job instance at 0x7f1583c2e4b0>,46,27,[ 5 14],47,-1,77,-1,50
1,<environment.Job instance at 0x7f1583c2e370>,47,28,[12  2],48,-1,78,-1,50
1,<environment.Job instance at 0x7f1583c2e050>,48,28,[ 1 12],49,-1,78,-1,50
1,<environment.Job instance at 0x7f1583c2e140>,49,25,[12  1],50,-1,75,-1,50
1,<environment.Job instance at 0x7f158371c320>,51,28,[ 1 14],52,-1,80,-1,52
1,<environment.Job instance at 0x7f158371c550>,52,26,[13  4],53,-1,79,-1,53
1,<environment.Job instance at 0x7f158371c3c0>,53,13,[ 2 14],54,-1,67,-1,54
1,<environment.Job instance at 0x7f158371c410>,55,21,[12  2],56,-1,77,-1,56
1,<environment.Job instance at 0x7f158371cdc0>,56,21,[ 5 11],57,-1,78,-1,57
1,<environment.Job instance at 0x7f158371ca00>,57,26,[ 5 10],58,-1,84,-1,58
1,<environment.Job instance at 0x7f158371c1e0>,58,27,[12  4],59,-1,86,-1,59
1,<environment.Job instance at 0x7f158371cc80>,59,27,[14  3],60,-1,87,-1,60
1,<environment.Job instance at 0x7f158371ca50>,60,27,[14  5],61,-1,88,-1,61
1,<environment.Job instance at 0x7f158371c460>,61,26,[13  1],62,-1,88,-1,62
1,<environment.Job instance at 0x7f158371c730>,62,25,[12  2],63,-1,88,-1,63
1,<environment.Job instance at 0x7f158371cb90>,63,21,[13  5],64,-1,85,-1,64
1,<environment.Job instance at 0x7f158371c370>,64,25,[11  2],65,-1,90,-1,65
1,<environment.Job instance at 0x7f158371cc30>,65,24,[11  4],66,-1,90,-1,66
1,<environment.Job instance at 0x7f158371c5f0>,66,16,[ 4 14],67,-1,83,-1,67
1,<environment.Job instance at 0x7f158371c690>,67,28,[8 4],68,-1,96,-1,68
1,<environment.Job instance at 0x7f158371ce60>,68,20,[12  1],69,-1,89,-1,69
1,<environment.Job instance at 0x7f158371c050>,2,25,[13  2],3,-1,28,-1,3
1,<environment.Job instance at 0x7f15840eb730>,3,26,[ 5 11],4,-1,30,-1,4
1,<environment.Job instance at 0x7f15840ebc80>,6,26,[ 4 12],7,-1,33,-1,7
1,<environment.Job instance at 0x7f15840eb500>,7,19,[12  5],8,-1,27,-1,8
1,<environment.Job instance at 0x7f15840eb140>,8,23,[7 4],9,-1,32,-1,9
1,<environment.Job instance at 0x7f15840eb370>,9,20,[ 1 13],10,-1,30,-1,10
1,<environment.Job instance at 0x7f15840eb8c0>,10,19,[13  2],11,-1,30,-1,11
1,<environment.Job instance at 0x7f15840ebaf0>,11,28,[11  2],12,-1,40,-1,12
1,<environment.Job instance at 0x7f15840eb960>,12,28,[13  5],13,-1,41,-1,13
1,<environment.Job instance at 0x7f158444caf0>,13,20,[ 5 11],14,-1,34,-1,14
1,<environment.Job instance at 0x7f15840eb0f0>,15,21,[ 1 12],16,-1,37,-1,16
1,<environment.Job instance at 0x7f158444caa0>,16,19,[14  5],17,-1,36,-1,17
1,<environment.Job instance at 0x7f158444c2d0>,14,15,[12  1],15,-1,32,-1,17
1,<environment.Job instance at 0x7f158444c140>,17,25,[ 3 12],18,-1,43,-1,18
1,<environment.Job instance at 0x7f158444cd20>,18,28,[12  5],19,-1,47,-1,19
1,<environment.Job instance at 0x7f158444c8c0>,19,13,[12  3],20,-1,33,-1,20
1,<environment.Job instance at 0x7f158444c370>,20,20,[13  4],21,-1,41,-1,21
1,<environment.Job instance at 0x7f158444c1e0>,21,27,[14  3],22,-1,49,-1,22
1,<environment.Job instance at 0x7f158444ccd0>,23,26,[ 4 12],24,-1,50,-1,24
1,<environment.Job instance at 0x7f158444c690>,24,26,[8 3],25,-1,51,-1,25
1,<environment.Job instance at 0x7f158444c0a0>,25,23,[12  1],26,-1,49,-1,26
1,<environment.Job instance at 0x7f158444c910>,26,19,[ 2 13],27,-1,46,-1,27
1,<environment.Job instance at 0x7f158444cfa0>,28,22,[ 1 13],29,-1,51,-1,29
1,<environment.Job instance at 0x7f158444cf50>,29,24,[ 2 14],30,-1,54,-1,30
1,<environment.Job instance at 0x7f158444c4b0>,30,23,[ 2 14],31,-1,54,-1,31
1,<environment.Job instance at 0x7f158444c550>,31,23,[13  3],32,-1,55,-1,32
1,<environment.Job instance at 0x7f158444cc30>,32,25,[10  5],33,-1,58,-1,33
1,<environment.Job instance at 0x7f158444c190>,34,24,[14  3],35,-1,59,-1,35
1,<environment.Job instance at 0x7f158444c780>,33,20,[13  5],34,-1,55,-1,35
1,<environment.Job instance at 0x7f158444c0f0>,35,23,[13  5],36,-1,59,-1,36
1,<environment.Job instance at 0x7f15845b1690>,37,19,[13  4],38,-1,57,-1,38
1,<environment.Job instance at 0x7f15845b1f00>,36,21,[12  3],37,-1,59,-1,38
1,<environment.Job instance at 0x7f15845b14b0>,38,28,[ 4 11],39,-1,67,-1,39
1,<environment.Job instance at 0x7f15845b1280>,39,25,[ 4 12],40,-1,65,-1,40
1,<environment.Job instance at 0x7f15845b1820>,40,22,[14  1],41,-1,63,-1,41
1,<environment.Job instance at 0x7f15845b10a0>,41,25,[7 3],42,-1,67,-1,42
1,<environment.Job instance at 0x7f15845b1b90>,42,27,[ 4 13],43,-1,70,-1,43
1,<environment.Job instance at 0x7f15845b1c30>,43,26,[14  4],44,-1,70,-1,44
1,<environment.Job instance at 0x7f15845b17d0>,44,26,[9 1],45,-1,71,-1,45
1,<environment.Job instance at 0x7f15845b1640>,46,16,[14  1],47,-1,63,-1,47
1,<environment.Job instance at 0x7f15845b1910>,47,27,[ 1 14],48,-1,75,-1,48
1,<environment.Job instance at 0x7f15845b1460>,49,19,[13  1],50,-1,69,-1,50
1,<environment.Job instance at 0x7f15845b13c0>,51,20,[11  2],52,-1,72,-1,52
1,<environment.Job instance at 0x7f15845b1370>,52,25,[ 2 13],53,-1,78,-1,53
1,<environment.Job instance at 0x7f15845b1f50>,53,21,[ 2 13],54,-1,75,-1,54
1,<environment.Job instance at 0x7f15845b1be0>,50,15,[12  2],51,-1,69,-1,54
1,<environment.Job instance at 0x7f15845b1cd0>,55,24,[ 3 13],56,-1,80,-1,56
1,<environment.Job instance at 0x7f15845b1dc0>,54,22,[4 8],55,-1,78,-1,56
1,<environment.Job instance at 0x7f15845b1190>,56,15,[ 2 13],57,-1,72,-1,57
1,<environment.Job instance at 0x7f15845cde10>,57,28,[ 5 14],58,-1,86,-1,58
1,<environment.Job instance at 0x7f15845cd0a0>,63,19,[ 5 14],64,-1,87,-1,68
1,<environment.Job instance at 0x7f15845cd5f0>,64,23,[13  1],65,-1,91,-1,68
1,<environment.Job instance at 0x7f15845cd5a0>,65,20,[14  5],66,-1,88,-1,68
1,<environment.Job instance at 0x7f15845cdcd0>,66,26,[ 1 11],67,-1,94,-1,68
1,<environment.Job instance at 0x7f15845cd460>,67,14,[ 3 13],68,-1,82,-1,68
1,<environment.Job instance at 0x7f15845cd280>,68,13,[ 4 14],69,-1,82,-1,69
1,<environment.Job instance at 0x7f15845cda50>,2,19,[13  5],3,-1,22,-1,3
1,<environment.Job instance at 0x7f1584bc3550>,3,13,[ 5 13],4,-1,17,-1,4
1,<environment.Job instance at 0x7f1584bc3500>,4,15,[12  1],5,-1,20,-1,5
1,<environment.Job instance at 0x7f1584bc3f50>,5,26,[13  2],6,-1,32,-1,6
1,<environment.Job instance at 0x7f1584bc31e0>,6,22,[13  5],7,-1,29,-1,7
1,<environment.Job instance at 0x7f1584bc3050>,7,23,[ 4 11],8,-1,31,-1,8
1,<environment.Job instance at 0x7f1584bc3a00>,8,17,[ 2 13],9,-1,26,-1,9
1,<environment.Job instance at 0x7f1584bb8be0>,9,27,[ 2 13],10,-1,37,-1,10
1,<environment.Job instance at 0x7f1584bb8280>,10,20,[14  4],11,-1,31,-1,11
1,<environment.Job instance at 0x7f1584bb87d0>,11,26,[ 4 11],12,-1,38,-1,12
1,<environment.Job instance at 0x7f1584bb8d70>,12,25,[13  2],13,-1,38,-1,13
1,<environment.Job instance at 0x7f1584bb8730>,13,13,[14  2],14,-1,27,-1,14
1,<environment.Job instance at 0x7f1584bb84b0>,14,24,[5 1],15,-1,39,-1,15
1,<environment.Job instance at 0x7f1584bb8c30>,15,25,[ 3 11],16,-1,41,-1,16
1,<environment.Job instance at 0x7f1584bb8dc0>,16,28,[14  3],17,-1,45,-1,17
1,<environment.Job instance at 0x7f1584bb8eb0>,17,26,[ 4 14],18,-1,44,-1,18
1,<environment.Job instance at 0x7f1584bb8aa0>,18,13,[13  3],19,-1,32,-1,19
1,<environment.Job instance at 0x7f1584bb8960>,19,15,[13  1],20,-1,35,-1,20
1,<environment.Job instance at 0x7f1584bb8b40>,20,12,[14  2],21,-1,33,-1,21
1,<environment.Job instance at 0x7f1584bb8190>,22,20,[ 4 12],23,-1,43,-1,23
1,<environment.Job instance at 0x7f1584bb8780>,23,25,[ 4 14],24,-1,49,-1,24
1,<environment.Job instance at 0x7f1584bb85a0>,24,24,[7 2],25,-1,49,-1,25
1,<environment.Job instance at 0x7f1584bb8af0>,26,24,[ 5 13],27,-1,51,-1,27
1,<environment.Job instance at 0x7f1584817370>,27,25,[ 2 13],28,-1,53,-1,28
1,<environment.Job instance at 0x7f1584817410>,29,19,[ 1 14],30,-1,49,-1,30
1,<environment.Job instance at 0x7f15848175f0>,30,26,[13  4],31,-1,57,-1,31
1,<environment.Job instance at 0x7f15845cd280>,32,24,[12  4],33,-1,57,-1,33
1,<environment.Job instance at 0x7f1584817320>,31,22,[13  4],32,-1,55,-1,33
1,<environment.Job instance at 0x7f15848175a0>,33,27,[13  3],34,-1,61,-1,34
1,<environment.Job instance at 0x7f1584817960>,35,23,[ 2 11],36,-1,59,-1,36
1,<environment.Job instance at 0x7f1584817780>,36,20,[ 3 14],37,-1,57,-1,37
1,<environment.Job instance at 0x7f1584817640>,38,15,[12  4],39,-1,54,-1,39
1,<environment.Job instance at 0x7f1584817af0>,39,25,[12  5],40,-1,65,-1,40
1,<environment.Job instance at 0x7f1584838cd0>,40,20,[ 5 13],41,-1,61,-1,41
1,<environment.Job instance at 0x7f1584a37230>,41,24,[ 2 13],42,-1,66,-1,42
1,<environment.Job instance at 0x7f1584a37c80>,42,23,[11  2],43,-1,66,-1,43
1,<environment.Job instance at 0x7f1584314230>,43,22,[ 2 12],44,-1,66,-1,44
1,<environment.Job instance at 0x7f1584314690>,44,20,[12  3],45,-1,65,-1,45
1,<environment.Job instance at 0x7f1584b04f50>,45,19,[12  5],46,-1,65,-1,46
1,<environment.Job instance at 0x7f15848178c0>,37,19,[13  1],38,-1,65,-1,46
1,<environment.Job instance at 0x7f1584817820>,46,15,[ 5 14],47,-1,62,-1,47
1,<environment.Job instance at 0x7f1584a49b90>,48,20,[ 4 14],49,-1,69,-1,49
1,<environment.Job instance at 0x7f1584a49d70>,49,20,[14  2],50,-1,70,-1,50
1,<environment.Job instance at 0x7f158d2275a0>,50,25,[8 5],51,-1,76,-1,51
1,<environment.Job instance at 0x7f158d227c80>,51,24,[ 1 12],52,-1,76,-1,52
1,<environment.Job instance at 0x7f158d227230>,52,21,[ 5 11],53,-1,74,-1,53
1,<environment.Job instance at 0x7f158d227780>,53,24,[ 2 14],54,-1,78,-1,54
1,<environment.Job instance at 0x7f1584a36140>,54,24,[11  1],55,-1,79,-1,55
1,<environment.Job instance at 0x7f1584ac3e10>,55,25,[7 1],56,-1,81,-1,56
1,<environment.Job instance at 0x7f1584ac3f00>,56,24,[12  5],57,-1,81,-1,57
1,<environment.Job instance at 0x7f1584a49cd0>,58,22,[ 1 11],59,-1,81,-1,59
1,<environment.Job instance at 0x7f1584c236e0>,59,23,[ 5 12],60,-1,83,-1,60
1,<environment.Job instance at 0x7f1584c230f0>,60,27,[ 4 14],61,-1,88,-1,61
1,<environment.Job instance at 0x7f1584c23690>,61,23,[ 2 11],62,-1,85,-1,62
1,<environment.Job instance at 0x7f1584c23c30>,62,28,[ 4 12],63,-1,91,-1,63
1,<environment.Job instance at 0x7f1584c23e10>,63,22,[13  1],64,-1,86,-1,64
1,<environment.Job instance at 0x7f158d246b90>,64,25,[3 6],65,-1,90,-1,65
1,<environment.Job instance at 0x7f1584c237d0>,66,22,[ 3 13],67,-1,89,-1,67
1,<environment.Job instance at 0x7f15841d6820>,67,20,[13  4],68,-1,88,-1,68
1,<environment.Job instance at 0x7f15846e8140>,68,19,[13  4],69,-1,88,-1,69
1,<environment.Job instance at 0x7f15837a5aa0>,3,26,[12  4],4,-1,30,-1,4
1,<environment.Job instance at 0x7f15837a5eb0>,4,26,[ 5 12],5,-1,31,-1,5
1,<environment.Job instance at 0x7f15837a5fa0>,5,22,[ 1 11],6,-1,28,-1,6
1,<environment.Job instance at 0x7f15837a5640>,6,23,[14  5],7,-1,30,-1,7
1,<environment.Job instance at 0x7f15837a5be0>,7,22,[ 2 11],8,-1,30,-1,8
1,<environment.Job instance at 0x7f15837a5cd0>,9,19,[11  1],10,-1,29,-1,10
1,<environment.Job instance at 0x7f15839e5d70>,10,27,[11  5],11,-1,38,-1,11
1,<environment.Job instance at 0x7f15839e5c80>,11,16,[ 3 14],12,-1,28,-1,12
1,<environment.Job instance at 0x7f15839e5a50>,12,16,[14  1],13,-1,29,-1,13
1,<environment.Job instance at 0x7f15839e5b40>,13,19,[ 5 12],14,-1,33,-1,14
1,<environment.Job instance at 0x7f15839e5f50>,14,25,[ 5 13],15,-1,40,-1,15
1,<environment.Job instance at 0x7f15839e5eb0>,15,26,[13  4],16,-1,42,-1,16
1,<environment.Job instance at 0x7f15839e56e0>,16,21,[ 4 14],17,-1,38,-1,17
1,<environment.Job instance at 0x7f15839e5640>,17,25,[ 3 12],18,-1,43,-1,18
1,<environment.Job instance at 0x7f15839e5960>,18,27,[14  3],19,-1,46,-1,19
1,<environment.Job instance at 0x7f15839e5870>,20,14,[14  4],21,-1,35,-1,21
1,<environment.Job instance at 0x7f15839e5e60>,21,28,[13  2],22,-1,50,-1,22
1,<environment.Job instance at 0x7f15839e5820>,22,28,[ 5 14],23,-1,51,-1,23
1,<environment.Job instance at 0x7f15839e5e10>,24,14,[12  4],25,-1,39,-1,25
1,<environment.Job instance at 0x7f15839e5cd0>,25,25,[12  4],26,-1,51,-1,26
1,<environment.Job instance at 0x7f15839e5190>,8,22,[13  5],9,-1,48,-1,26
1,<environment.Job instance at 0x7f15839e5f00>,26,20,[ 3 14],27,-1,47,-1,27
1,<environment.Job instance at 0x7f15839e5730>,27,28,[ 3 14],28,-1,56,-1,28
1,<environment.Job instance at 0x7f15839e5230>,28,28,[11  5],29,-1,57,-1,29
1,<environment.Job instance at 0x7f158400ba50>,31,20,[12  3],32,-1,52,-1,32
1,<environment.Job instance at 0x7f158400b960>,32,25,[13  2],33,-1,58,-1,33
1,<environment.Job instance at 0x7f158400b730>,33,14,[14  3],34,-1,48,-1,34
1,<environment.Job instance at 0x7f158400b9b0>,34,16,[13  2],35,-1,51,-1,35
1,<environment.Job instance at 0x7f158400b280>,35,26,[13  5],36,-1,62,-1,36
1,<environment.Job instance at 0x7f158400b7d0>,36,24,[ 3 12],37,-1,61,-1,37
1,<environment.Job instance at 0x7f15839e5320>,37,23,[ 3 11],38,-1,61,-1,38
1,<environment.Job instance at 0x7f158400b690>,39,21,[12  3],40,-1,61,-1,40
1,<environment.Job instance at 0x7f158400bcd0>,40,12,[ 5 14],41,-1,53,-1,41
1,<environment.Job instance at 0x7f158400b910>,41,23,[12  5],42,-1,65,-1,42
1,<environment.Job instance at 0x7f158400b820>,43,23,[ 5 11],44,-1,67,-1,44
1,<environment.Job instance at 0x7f158400ba00>,44,25,[13  5],45,-1,70,-1,45
1,<environment.Job instance at 0x7f158400bf50>,45,19,[ 5 13],46,-1,65,-1,46
1,<environment.Job instance at 0x7f158400b550>,46,15,[ 4 12],47,-1,62,-1,47
1,<environment.Job instance at 0x7f158400bfa0>,47,28,[ 5 10],48,-1,76,-1,48
1,<environment.Job instance at 0x7f158400b190>,51,20,[12  5],52,-1,77,-1,57
1,<environment.Job instance at 0x7f158400beb0>,52,28,[2 8],53,-1,85,-1,57
1,<environment.Job instance at 0x7f158400b780>,53,24,[13  5],54,-1,81,-1,57
1,<environment.Job instance at 0x7f158400b4b0>,54,17,[ 4 13],55,-1,74,-1,57
1,<environment.Job instance at 0x7f1583f21410>,55,21,[13  4],56,-1,78,-1,57
1,<environment.Job instance at 0x7f1583f21910>,56,22,[ 5 12],57,-1,79,-1,57
1,<environment.Job instance at 0x7f1583f21370>,57,13,[ 4 11],58,-1,71,-1,58
1,<environment.Job instance at 0x7f1583f215a0>,58,15,[14  2],59,-1,74,-1,59
1,<environment.Job instance at 0x7f1583f21a00>,59,26,[ 1 13],60,-1,86,-1,60
1,<environment.Job instance at 0x7f1583f21e60>,61,27,[ 2 12],62,-1,89,-1,62
1,<environment.Job instance at 0x7f1583f21230>,62,17,[14  5],63,-1,80,-1,63
1,<environment.Job instance at 0x7f1583f21690>,63,24,[13  3],64,-1,88,-1,64
1,<environment.Job instance at 0x7f1583f21870>,64,22,[12  3],65,-1,87,-1,65
1,<environment.Job instance at 0x7f1583f21af0>,65,14,[ 5 12],66,-1,80,-1,66
1,<environment.Job instance at 0x7f1583f21820>,66,16,[ 5 11],67,-1,83,-1,67
1,<environment.Job instance at 0x7f1583f21dc0>,67,23,[10  4],68,-1,91,-1,68
1,<environment.Job instance at 0x7f1583d9b280>,68,20,[ 1 12],69,-1,89,-1,69
1,<environment.Job instance at 0x7f1583b10c80>,1,22,[14  4],2,-1,24,-1,2
1,<environment.Job instance at 0x7f15835dffa0>,5,25,[14  4],6,-1,31,-1,6
1,<environment.Job instance at 0x7f15835e2230>,6,22,[ 4 14],7,-1,29,-1,7
1,<environment.Job instance at 0x7f15835e22d0>,7,20,[11  4],8,-1,30,-1,10
1,<environment.Job instance at 0x7f15835e23c0>,10,21,[14  2],11,-1,32,-1,11
1,<environment.Job instance at 0x7f15835e2460>,11,24,[14  2],12,-1,36,-1,12
1,<environment.Job instance at 0x7f15835e2500>,12,21,[ 5 11],13,-1,34,-1,13
1,<environment.Job instance at 0x7f15835e25a0>,13,20,[ 2 12],14,-1,34,-1,14
1,<environment.Job instance at 0x7f15835e2640>,14,23,[ 4 11],15,-1,38,-1,15
1,<environment.Job instance at 0x7f15835e26e0>,15,24,[3 8],16,-1,40,-1,16
1,<environment.Job instance at 0x7f15835e2780>,16,23,[ 3 13],17,-1,40,-1,17
1,<environment.Job instance at 0x7f15835e2820>,17,21,[14  4],18,-1,39,-1,18
1,<environment.Job instance at 0x7f15835e2960>,19,24,[ 3 12],20,-1,44,-1,20
1,<environment.Job instance at 0x7f15835e2c80>,2,25,[ 3 12],3,-1,28,-1,3
1,<environment.Job instance at 0x7f1583c54460>,3,28,[ 1 12],4,-1,32,-1,4
1,<environment.Job instance at 0x7f1583c540f0>,4,20,[ 1 14],5,-1,25,-1,5
1,<environment.Job instance at 0x7f1583c545a0>,5,26,[ 3 12],6,-1,32,-1,6
1,<environment.Job instance at 0x7f1583c54e10>,6,16,[ 3 12],7,-1,23,-1,7
1,<environment.Job instance at 0x7f1583c54d70>,9,28,[ 2 13],10,-1,38,-1,10
1,<environment.Job instance at 0x7f1583c04c30>,14,21,[ 4 14],15,-1,46,-1,25
1,<environment.Job instance at 0x7f1583c040a0>,15,12,[12  5],16,-1,37,-1,25
1,<environment.Job instance at 0x7f1583c04af0>,17,26,[14  4],18,-1,51,-1,25
1,<environment.Job instance at 0x7f1583c04f00>,18,23,[ 3 12],19,-1,48,-1,25
1,<environment.Job instance at 0x7f1583c04410>,20,24,[ 4 13],21,-1,56,-1,32
1,<environment.Job instance at 0x7f1583c04b40>,22,26,[8 1],23,-1,71,-1,45
1,<environment.Job instance at 0x7f158388cc80>,23,19,[11  5],24,-1,64,-1,45
1,<environment.Job instance at 0x7f158388cb90>,24,28,[11  3],25,-1,73,-1,45
1,<environment.Job instance at 0x7f158388cbe0>,25,28,[5 1],26,-1,73,-1,45
1,<environment.Job instance at 0x7f158388c230>,26,19,[ 1 14],27,-1,64,-1,45
1,<environment.Job instance at 0x7f158388cfa0>,27,22,[ 4 11],28,-1,67,-1,45
1,<environment.Job instance at 0x7f158388c4b0>,28,28,[6 1],29,-1,73,-1,45
1,<environment.Job instance at 0x7f158388cf00>,29,21,[13  2],30,-1,66,-1,45
1,<environment.Job instance at 0x7f158388cd70>,30,20,[14  3],31,-1,65,-1,45
1,<environment.Job instance at 0x7f158388c280>,31,22,[12  2],32,-1,67,-1,45
1,<environment.Job instance at 0x7f158388c690>,32,14,[ 3 14],33,-1,59,-1,45
1,<environment.Job instance at 0x7f158388c7d0>,33,12,[ 3 12],34,-1,57,-1,45
1,<environment.Job instance at 0x7f158388c640>,34,25,[12  2],35,-1,70,-1,45
1,<environment.Job instance at 0x7f158388ca00>,35,24,[14  4],36,-1,69,-1,45
1,<environment.Job instance at 0x7f158388c2d0>,36,21,[ 2 12],37,-1,66,-1,45
1,<environment.Job instance at 0x7f158388c5f0>,37,26,[13  5],38,-1,71,-1,45
1,<environment.Job instance at 0x7f15837ea320>,38,24,[ 2 10],39,-1,69,-1,45
1,<environment.Job instance at 0x7f15837eaa00>,40,27,[12  2],41,-1,91,-1,64
1,<environment.Job instance at 0x7f15837ea280>,41,25,[12  4],42,-1,89,-1,64
1,<environment.Job instance at 0x7f15837eaf50>,42,27,[7 2],43,-1,91,-1,64
1,<environment.Job instance at 0x7f15837ea780>,43,24,[ 2 13],44,-1,88,-1,64
1,<environment.Job instance at 0x7f15837ead70>,44,19,[11  1],45,-1,83,-1,64
1,<environment.Job instance at 0x7f15837eabe0>,45,23,[ 3 14],46,-1,87,-1,64
1,<environment.Job instance at 0x7f15837ea2d0>,46,14,[ 4 13],47,-1,78,-1,64
1,<environment.Job instance at 0x7f15837ea050>,47,27,[ 4 12],48,-1,91,-1,64
1,<environment.Job instance at 0x7f1584a5d960>,2,20,[ 4 14],3,-1,23,-1,3
1,<environment.Job instance at 0x7f1584526e60>,4,21,[ 1 12],5,-1,26,-1,5
1,<environment.Job instance at 0x7f15834635a0>,6,20,[ 2 11],7,-1,27,-1,7
1,<environment.Job instance at 0x7f15834658c0>,7,26,[ 1 12],8,-1,34,-1,8
1,<environment.Job instance at 0x7f1583465e10>,8,28,[12  2],9,-1,37,-1,9
1,<environment.Job instance at 0x7f158d705780>,9,23,[14  1],10,-1,33,-1,10
1,<environment.Job instance at 0x7f15844115f0>,10,28,[11  1],11,-1,39,-1,11
1,<environment.Job instance at 0x7f1584411b40>,11,18,[ 1 13],12,-1,30,-1,12
1,<environment.Job instance at 0x7f1584411f50>,12,27,[ 5 12],13,-1,40,-1,13
1,<environment.Job instance at 0x7f1584411500>,13,21,[ 1 14],14,-1,35,-1,14
1,<environment.Job instance at 0x7f158361b050>,15,14,[12  4],16,-1,30,-1,16
1,<environment.Job instance at 0x7f15848e8960>,16,18,[11  5],17,-1,35,-1,17
1,<environment.Job instance at 0x7f1584411f00>,14,22,[14  2],15,-1,39,-1,17
1,<environment.Job instance at 0x7f1584411af0>,17,20,[12  5],18,-1,38,-1,18
1,<environment.Job instance at 0x7f1583bd16e0>,18,27,[14  4],19,-1,46,-1,19
1,<environment.Job instance at 0x7f1583c13960>,19,27,[14  4],20,-1,47,-1,20
1,<environment.Job instance at 0x7f1583c13aa0>,20,19,[14  1],21,-1,40,-1,21
1,<environment.Job instance at 0x7f158d4411e0>,22,21,[ 5 14],23,-1,44,-1,23
1,<environment.Job instance at 0x7f1583ff3140>,23,24,[7 2],24,-1,48,-1,24
1,<environment.Job instance at 0x7f15848e82d0>,24,27,[14  1],25,-1,52,-1,25
1,<environment.Job instance at 0x7f1584a6eaf0>,25,28,[ 2 14],26,-1,54,-1,26
1,<environment.Job instance at 0x7f1584a6e3c0>,26,21,[ 2 12],27,-1,48,-1,27
1,<environment.Job instance at 0x7f1584a6e370>,27,27,[ 2 11],28,-1,55,-1,28
1,<environment.Job instance at 0x7f158333e820>,28,27,[ 1 11],29,-1,56,-1,29
1,<environment.Job instance at 0x7f158333eb90>,29,26,[ 2 14],30,-1,56,-1,30
1,<environment.Job instance at 0x7f158333ebe0>,30,25,[12  5],31,-1,56,-1,31
1,<environment.Job instance at 0x7f158333e460>,31,19,[ 4 14],32,-1,51,-1,32
1,<environment.Job instance at 0x7f158333ed70>,32,19,[ 5 13],33,-1,52,-1,33
1,<environment.Job instance at 0x7f158333e5a0>,33,24,[ 4 11],34,-1,58,-1,34
1,<environment.Job instance at 0x7f158333ed20>,34,26,[11  4],35,-1,61,-1,35
1,<environment.Job instance at 0x7f158333e0a0>,35,28,[2 7],36,-1,64,-1,36
1,<environment.Job instance at 0x7f158475c140>,37,26,[12  5],38,-1,64,-1,38
1,<environment.Job instance at 0x7f158333e9b0>,38,25,[ 4 14],39,-1,64,-1,39
1,<environment.Job instance at 0x7f15832ab5a0>,39,25,[ 1 10],40,-1,65,-1,40
1,<environment.Job instance at 0x7f15832ab6e0>,40,25,[ 3 10],41,-1,66,-1,41
1,<environment.Job instance at 0x7f15832ab870>,41,23,[ 3 10],42,-1,65,-1,42
1,<environment.Job instance at 0x7f15832ab320>,42,21,[ 4 11],43,-1,64,-1,43
1,<environment.Job instance at 0x7f15832ab500>,43,27,[ 5 14],44,-1,71,-1,44
1,<environment.Job instance at 0x7f15832ab140>,44,25,[14  3],45,-1,70,-1,45
1,<environment.Job instance at 0x7f15832abfa0>,45,18,[12  1],46,-1,64,-1,46
1,<environment.Job instance at 0x7f15832ab4b0>,46,19,[ 1 13],47,-1,66,-1,47
1,<environment.Job instance at 0x7f15832ab410>,47,26,[10  3],48,-1,74,-1,48
1,<environment.Job instance at 0x7f15832ab050>,48,23,[ 2 11],49,-1,72,-1,49
1,<environment.Job instance at 0x7f1584a60d20>,49,25,[ 5 11],50,-1,75,-1,50
1,<environment.Job instance at 0x7f1584a60b40>,50,27,[11  5],51,-1,78,-1,51
1,<environment.Job instance at 0x7f1584a41a50>,51,17,[12  5],52,-1,69,-1,52
1,<environment.Job instance at 0x7f1584a41050>,52,24,[7 1],53,-1,77,-1,53
1,<environment.Job instance at 0x7f158329a820>,53,21,[11  1],54,-1,75,-1,54
1,<environment.Job instance at 0x7f158329aa50>,54,21,[12  4],55,-1,76,-1,55
1,<environment.Job instance at 0x7f158329af50>,55,26,[11  4],56,-1,82,-1,56
1,<environment.Job instance at 0x7f158329a870>,56,21,[12  4],57,-1,78,-1,57
1,<environment.Job instance at 0x7f158329a0a0>,57,26,[ 1 13],58,-1,84,-1,58
1,<environment.Job instance at 0x7f158329a690>,58,26,[ 1 12],59,-1,85,-1,59
1,<environment.Job instance at 0x7f15832aba50>,60,23,[11  3],61,-1,84,-1,61
1,<environment.Job instance at 0x7f1583be3140>,61,23,[ 4 10],62,-1,85,-1,62
1,<environment.Job instance at 0x7f1583be3f00>,63,24,[11  5],64,-1,88,-1,64
1,<environment.Job instance at 0x7f1583b2c5a0>,64,21,[ 3 13],65,-1,86,-1,65
1,<environment.Job instance at 0x7f15838dcf50>,65,15,[11  4],66,-1,81,-1,66
1,<environment.Job instance at 0x7f1583f7cdc0>,66,28,[ 5 11],67,-1,95,-1,67
1,<environment.Job instance at 0x7f1583b3b320>,67,28,[1 5],68,-1,97,-1,69
1,<environment.Job instance at 0x7f1583f7c5f0>,2,20,[12  2],3,-1,23,-1,3
1,<environment.Job instance at 0x7f15841c04b0>,3,25,[ 3 12],4,-1,29,-1,4
1,<environment.Job instance at 0x7f15841c01e0>,4,20,[ 5 11],5,-1,25,-1,5
1,<environment.Job instance at 0x7f15841c0eb0>,5,26,[11  1],6,-1,32,-1,6
1,<environment.Job instance at 0x7f158331d410>,6,27,[ 1 13],7,-1,34,-1,7
1,<environment.Job instance at 0x7f158331d730>,7,20,[ 1 14],8,-1,28,-1,8
1,<environment.Job instance at 0x7f158331d0f0>,8,28,[ 3 14],9,-1,37,-1,9
1,<environment.Job instance at 0x7f158331d140>,9,25,[12  2],10,-1,35,-1,10
1,<environment.Job instance at 0x7f15841b7640>,10,25,[ 5 14],11,-1,36,-1,11
1,<environment.Job instance at 0x7f15841b7730>,11,21,[ 1 12],12,-1,33,-1,12
1,<environment.Job instance at 0x7f15841b7cd0>,12,28,[5 5],13,-1,41,-1,13
1,<environment.Job instance at 0x7f15841b7c30>,13,21,[ 5 14],14,-1,35,-1,14
1,<environment.Job instance at 0x7f15841b7c80>,14,24,[11  4],15,-1,39,-1,15
1,<environment.Job instance at 0x7f158d1a1320>,15,15,[ 4 11],16,-1,31,-1,16
1,<environment.Job instance at 0x7f158d1a11e0>,16,27,[5 1],17,-1,44,-1,17
1,<environment.Job instance at 0x7f158d1a1500>,17,21,[ 1 12],18,-1,39,-1,18
1,<environment.Job instance at 0x7f158481d410>,18,26,[4 9],19,-1,45,-1,19
1,<environment.Job instance at 0x7f158d19ec30>,19,25,[6 1],20,-1,45,-1,20
1,<environment.Job instance at 0x7f1584a8b820>,20,16,[ 4 11],21,-1,37,-1,21
1,<environment.Job instance at 0x7f1584a8b910>,21,25,[14  3],22,-1,47,-1,22
1,<environment.Job instance at 0x7f15846e8c80>,22,28,[13  1],23,-1,51,-1,23
1,<environment.Job instance at 0x7f158472fa00>,23,22,[14  1],24,-1,46,-1,24
1,<environment.Job instance at 0x7f158472ff00>,24,25,[13  3],25,-1,50,-1,25
1,<environment.Job instance at 0x7f158472fb40>,25,23,[11  2],26,-1,49,-1,26
1,<environment.Job instance at 0x7f1584bc3b40>,26,19,[12  1],27,-1,46,-1,27
1,<environment.Job instance at 0x7f1584bc3be0>,27,26,[ 4 13],28,-1,54,-1,28
1,<environment.Job instance at 0x7f1584bc3320>,29,25,[12  4],30,-1,55,-1,30
1,<environment.Job instance at 0x7f1584ae65a0>,30,20,[ 2 12],31,-1,51,-1,31
1,<environment.Job instance at 0x7f1584ae6320>,31,25,[ 5 14],32,-1,57,-1,32
1,<environment.Job instance at 0x7f1584ae6140>,32,19,[ 5 12],33,-1,52,-1,33
1,<environment.Job instance at 0x7f1584ae68c0>,33,26,[ 1 12],34,-1,60,-1,34
1,<environment.Job instance at 0x7f1583c26be0>,34,28,[ 3 12],35,-1,63,-1,35
1,<environment.Job instance at 0x7f15841c8050>,35,20,[ 1 12],36,-1,56,-1,36
1,<environment.Job instance at 0x7f15841c8a00>,36,19,[11  1],37,-1,56,-1,37
1,<environment.Job instance at 0x7f158378e140>,39,24,[12  3],40,-1,64,-1,40
1,<environment.Job instance at 0x7f1583c305a0>,38,22,[13  2],39,-1,62,-1,40
1,<environment.Job instance at 0x7f158378ebe0>,40,28,[ 4 12],41,-1,69,-1,41
1,<environment.Job instance at 0x7f1583bdbb40>,41,25,[ 2 12],42,-1,67,-1,42
1,<environment.Job instance at 0x7f158375c1e0>,42,24,[11  2],43,-1,67,-1,43
1,<environment.Job instance at 0x7f158375c910>,43,18,[ 1 11],44,-1,62,-1,44
1,<environment.Job instance at 0x7f158375c280>,44,22,[12  3],45,-1,67,-1,45
1,<environment.Job instance at 0x7f158375c0f0>,45,26,[ 3 11],46,-1,72,-1,46
1,<environment.Job instance at 0x7f1583be9cd0>,48,26,[12  2],49,-1,75,-1,49
1,<environment.Job instance at 0x7f158375df50>,49,20,[ 5 13],50,-1,70,-1,50
1,<environment.Job instance at 0x7f1583c42870>,50,23,[11  3],51,-1,74,-1,51
1,<environment.Job instance at 0x7f158375dd20>,47,21,[11  5],48,-1,72,-1,51
1,<environment.Job instance at 0x7f158375de60>,51,24,[13  5],52,-1,76,-1,52
1,<environment.Job instance at 0x7f158d1fc320>,52,27,[11  5],53,-1,80,-1,53
1,<environment.Job instance at 0x7f158d1fc870>,54,28,[ 3 12],55,-1,83,-1,55
1,<environment.Job instance at 0x7f1583c42410>,55,26,[12  3],56,-1,82,-1,56
1,<environment.Job instance at 0x7f158d1fc5a0>,56,14,[ 4 12],57,-1,71,-1,57
1,<environment.Job instance at 0x7f158376fe10>,57,17,[ 2 11],58,-1,75,-1,58
1,<environment.Job instance at 0x7f158376f7d0>,58,28,[12  3],59,-1,87,-1,59
1,<environment.Job instance at 0x7f158376fbe0>,60,23,[13  1],61,-1,84,-1,61
1,<environment.Job instance at 0x7f158376fc80>,61,19,[ 4 14],62,-1,81,-1,62
1,<environment.Job instance at 0x7f158376feb0>,62,21,[ 3 12],63,-1,84,-1,63
1,<environment.Job instance at 0x7f15837951e0>,63,24,[ 4 11],64,-1,88,-1,64
1,<environment.Job instance at 0x7f1583795780>,64,26,[13  2],65,-1,91,-1,65
1,<environment.Job instance at 0x7f15837953c0>,65,22,[12  3],66,-1,88,-1,66
1,<environment.Job instance at 0x7f1583795370>,66,19,[ 5 11],67,-1,86,-1,67
1,<environment.Job instance at 0x7f1583795730>,67,20,[ 5 13],68,-1,88,-1,68
1,<environment.Job instance at 0x7f1583795a50>,68,20,[ 1 14],69,-1,89,-1,69
1,<environment.Job instance at 0x7f1583795a50>,2,26,[14  3],3,-1,29,-1,3
1,<environment.Job instance at 0x7f1583670b90>,3,27,[ 3 14],4,-1,31,-1,4
1,<environment.Job instance at 0x7f15841ee5f0>,5,27,[ 5 13],6,-1,33,-1,6
1,<environment.Job instance at 0x7f158388e5a0>,6,25,[13  4],7,-1,32,-1,7
1,<environment.Job instance at 0x7f1583ac1550>,7,27,[ 2 14],8,-1,35,-1,8
1,<environment.Job instance at 0x7f15837120f0>,8,21,[ 2 14],9,-1,30,-1,9
1,<environment.Job instance at 0x7f15838e7b90>,9,22,[ 3 11],10,-1,32,-1,10
1,<environment.Job instance at 0x7f15838e7870>,10,28,[ 4 14],11,-1,39,-1,11
1,<environment.Job instance at 0x7f15838e7460>,11,12,[ 1 12],12,-1,24,-1,12
1,<environment.Job instance at 0x7f15840286e0>,12,28,[8 2],13,-1,41,-1,13
1,<environment.Job instance at 0x7f158388ea00>,14,23,[12  3],15,-1,38,-1,15
1,<environment.Job instance at 0x7f1584028780>,15,15,[11  3],16,-1,31,-1,16
1,<environment.Job instance at 0x7f15836e98c0>,16,23,[12  3],17,-1,40,-1,17
1,<environment.Job instance at 0x7f15836e9a50>,17,27,[13  4],18,-1,45,-1,18
1,<environment.Job instance at 0x7f1583b33960>,19,18,[12  2],20,-1,38,-1,20
1,<environment.Job instance at 0x7f1583b33050>,20,20,[13  5],21,-1,41,-1,21
1,<environment.Job instance at 0x7f1583b33780>,21,24,[13  5],22,-1,46,-1,22
1,<environment.Job instance at 0x7f1583b331e0>,22,26,[ 4 12],23,-1,49,-1,23
1,<environment.Job instance at 0x7f1583f665a0>,24,23,[ 4 11],25,-1,48,-1,25
1,<environment.Job instance at 0x7f1583b33190>,25,26,[ 3 14],26,-1,52,-1,26
1,<environment.Job instance at 0x7f1583acc190>,26,12,[ 2 13],27,-1,39,-1,27
1,<environment.Job instance at 0x7f1583acc280>,27,19,[ 4 11],28,-1,47,-1,28
1,<environment.Job instance at 0x7f1583acce10>,28,27,[ 3 12],29,-1,56,-1,29
1,<environment.Job instance at 0x7f1583acc5f0>,29,27,[11  1],30,-1,57,-1,30
1,<environment.Job instance at 0x7f1583acc870>,30,13,[13  4],31,-1,44,-1,31
1,<environment.Job instance at 0x7f1583accb40>,31,25,[14  5],32,-1,57,-1,32
1,<environment.Job instance at 0x7f1583accf00>,32,27,[6 1],33,-1,60,-1,33
1,<environment.Job instance at 0x7f1584028820>,13,19,[14  4],14,-1,52,-1,33
1,<environment.Job instance at 0x7f1583acc730>,34,27,[ 3 14],35,-1,62,-1,35
1,<environment.Job instance at 0x7f1584bded20>,35,19,[13  3],36,-1,55,-1,36
1,<environment.Job instance at 0x7f1584bdea50>,36,24,[13  3],37,-1,61,-1,37
1,<environment.Job instance at 0x7f1584bde410>,37,22,[ 3 13],38,-1,60,-1,38
1,<environment.Job instance at 0x7f1583acc960>,39,26,[ 4 13],40,-1,66,-1,40
1,<environment.Job instance at 0x7f15840490a0>,40,23,[13  3],41,-1,64,-1,41
1,<environment.Job instance at 0x7f1584049550>,41,20,[12  4],42,-1,62,-1,42
1,<environment.Job instance at 0x7f1583b20b90>,42,26,[2 7],43,-1,69,-1,43
1,<environment.Job instance at 0x7f1584049730>,43,23,[13  3],44,-1,67,-1,44
1,<environment.Job instance at 0x7f158402c550>,44,23,[14  1],45,-1,68,-1,45
1,<environment.Job instance at 0x7f158402cbe0>,45,23,[13  2],46,-1,69,-1,46
1,<environment.Job instance at 0x7f1584049a50>,46,25,[4 5],47,-1,72,-1,47
1,<environment.Job instance at 0x7f158401d640>,47,21,[14  1],48,-1,69,-1,48
1,<environment.Job instance at 0x7f158401daa0>,48,27,[ 1 13],49,-1,76,-1,49
1,<environment.Job instance at 0x7f158402c460>,50,26,[14  5],51,-1,77,-1,51
1,<environment.Job instance at 0x7f158401dc80>,49,19,[14  1],50,-1,70,-1,51
1,<environment.Job instance at 0x7f1584c10c80>,51,24,[ 2 13],52,-1,76,-1,52
1,<environment.Job instance at 0x7f1584c10a00>,52,25,[13  1],53,-1,78,-1,53
1,<environment.Job instance at 0x7f1584c10cd0>,53,22,[ 1 12],54,-1,76,-1,54
1,<environment.Job instance at 0x7f1584c10c30>,54,22,[12  4],55,-1,77,-1,55
1,<environment.Job instance at 0x7f1584c10870>,55,25,[ 4 11],56,-1,81,-1,56
1,<environment.Job instance at 0x7f1584c109b0>,56,25,[ 5 14],57,-1,82,-1,57
1,<environment.Job instance at 0x7f1584c10b90>,57,26,[ 3 12],58,-1,84,-1,58
1,<environment.Job instance at 0x7f15835dae60>,58,20,[ 4 13],59,-1,79,-1,59
1,<environment.Job instance at 0x7f15835daa50>,59,24,[14  5],60,-1,84,-1,60
1,<environment.Job instance at 0x7f15835dac30>,60,27,[ 5 13],61,-1,88,-1,61
1,<environment.Job instance at 0x7f15835da410>,61,20,[ 4 14],62,-1,82,-1,62
1,<environment.Job instance at 0x7f15835da4b0>,62,14,[ 1 14],63,-1,77,-1,63
1,<environment.Job instance at 0x7f15835da960>,63,24,[5 8],64,-1,88,-1,64
1,<environment.Job instance at 0x7f15835da2d0>,64,23,[11  4],65,-1,88,-1,65
1,<environment.Job instance at 0x7f15835dad20>,65,24,[14  4],66,-1,90,-1,66
1,<environment.Job instance at 0x7f15835da5a0>,66,23,[ 2 13],67,-1,90,-1,67
1,<environment.Job instance at 0x7f15835dac80>,67,21,[14  4],68,-1,89,-1,68
1,<environment.Job instance at 0x7f1583fc2c80>,68,25,[ 1 12],69,-1,94,-1,69
1,<environment.Job instance at 0x7f15845488c0>,2,28,[13  4],3,-1,31,-1,3
1,<environment.Job instance at 0x7f1584548140>,3,22,[ 5 14],4,-1,26,-1,4
1,<environment.Job instance at 0x7f15845485f0>,4,28,[ 1 11],5,-1,33,-1,5
1,<environment.Job instance at 0x7f1584548c80>,5,22,[14  5],6,-1,28,-1,6
1,<environment.Job instance at 0x7f1584548910>,6,22,[ 1 14],7,-1,29,-1,7
1,<environment.Job instance at 0x7f1584548d70>,8,16,[ 3 13],9,-1,25,-1,9
1,<environment.Job instance at 0x7f1584548b40>,10,12,[11  5],11,-1,23,-1,11
1,<environment.Job instance at 0x7f1584548960>,9,21,[13  2],10,-1,32,-1,11
1,<environment.Job instance at 0x7f1584548690>,11,25,[ 5 11],12,-1,37,-1,12
1,<environment.Job instance at 0x7f1584548500>,12,28,[13  5],13,-1,41,-1,13
1,<environment.Job instance at 0x7f1584548460>,14,23,[ 4 14],15,-1,38,-1,15
1,<environment.Job instance at 0x7f15845481e0>,15,21,[12  1],16,-1,37,-1,16
1,<environment.Job instance at 0x7f1584548a50>,16,28,[12  3],17,-1,45,-1,17
1,<environment.Job instance at 0x7f15845485a0>,17,27,[11  4],18,-1,45,-1,18
1,<environment.Job instance at 0x7f15845486e0>,18,27,[9 4],19,-1,46,-1,19
1,<environment.Job instance at 0x7f1584548aa0>,19,28,[5 9],20,-1,48,-1,20
1,<environment.Job instance at 0x7f15838db2d0>,21,16,[ 3 12],22,-1,38,-1,22
1,<environment.Job instance at 0x7f15838db0a0>,22,23,[ 2 14],23,-1,46,-1,23
1,<environment.Job instance at 0x7f15838db370>,23,21,[ 2 13],24,-1,45,-1,24
1,<environment.Job instance at 0x7f15838dbeb0>,24,28,[14  2],25,-1,53,-1,25
1,<environment.Job instance at 0x7f15838dbf50>,25,24,[11  1],26,-1,50,-1,26
1,<environment.Job instance at 0x7f15838db910>,26,21,[ 3 13],27,-1,48,-1,27
1,<environment.Job instance at 0x7f15838db5f0>,27,20,[11  1],28,-1,48,-1,28
1,<environment.Job instance at 0x7f15838dbb40>,28,26,[ 1 12],29,-1,55,-1,29
1,<environment.Job instance at 0x7f15838db8c0>,30,25,[ 1 11],31,-1,56,-1,31
1,<environment.Job instance at 0x7f15838db140>,31,20,[ 3 14],32,-1,52,-1,32
1,<environment.Job instance at 0x7f15838db780>,32,17,[ 1 12],33,-1,50,-1,33
1,<environment.Job instance at 0x7f15838db4b0>,33,25,[2 7],34,-1,59,-1,34
1,<environment.Job instance at 0x7f15838db320>,34,23,[10  4],35,-1,58,-1,35
1,<environment.Job instance at 0x7f15838dba00>,35,21,[ 3 14],36,-1,57,-1,36
1,<environment.Job instance at 0x7f1583359780>,36,23,[14  5],37,-1,60,-1,37
1,<environment.Job instance at 0x7f15845483c0>,39,27,[ 5 13],40,-1,67,-1,40
1,<environment.Job instance at 0x7f1583359960>,42,27,[ 5 12],43,-1,70,-1,43
1,<environment.Job instance at 0x7f1583359500>,43,28,[9 3],44,-1,72,-1,44
1,<environment.Job instance at 0x7f15833599b0>,44,16,[ 2 13],45,-1,61,-1,45
1,<environment.Job instance at 0x7f15833595f0>,45,28,[14  4],46,-1,74,-1,46
1,<environment.Job instance at 0x7f1583359460>,46,13,[12  5],47,-1,60,-1,47
1,<environment.Job instance at 0x7f1583359230>,47,13,[14  1],48,-1,61,-1,48
1,<environment.Job instance at 0x7f1583359190>,48,26,[11  5],49,-1,75,-1,49
1,<environment.Job instance at 0x7f1583359d70>,49,14,[ 2 13],50,-1,64,-1,50
1,<environment.Job instance at 0x7f1583359550>,50,28,[14  5],51,-1,79,-1,51
1,<environment.Job instance at 0x7f1583359a50>,51,18,[12  4],52,-1,70,-1,52
1,<environment.Job instance at 0x7f1583359f50>,52,21,[ 2 14],53,-1,74,-1,53
1,<environment.Job instance at 0x7f15833592d0>,54,23,[13  4],55,-1,78,-1,55
1,<environment.Job instance at 0x7f1583359a00>,55,16,[ 3 13],56,-1,72,-1,56
1,<environment.Job instance at 0x7f1583359c80>,56,26,[11  1],57,-1,83,-1,57
1,<environment.Job instance at 0x7f1583359af0>,57,23,[12  5],58,-1,81,-1,58
1,<environment.Job instance at 0x7f1583e918c0>,1,28,[13  2],2,-1,30,-1,2
1,<environment.Job instance at 0x7f1583359cd0>,3,24,[14  3],4,-1,28,-1,4
1,<environment.Job instance at 0x7f15834c4e60>,2,20,[14  3],3,-1,24,-1,4
1,<environment.Job instance at 0x7f158358adc0>,4,25,[12  1],5,-1,30,-1,5
1,<environment.Job instance at 0x7f158358a280>,5,24,[5 8],6,-1,30,-1,6
1,<environment.Job instance at 0x7f1583ef1460>,6,13,[ 1 13],7,-1,20,-1,7
1,<environment.Job instance at 0x7f1583ef1690>,7,23,[ 1 14],8,-1,31,-1,8
1,<environment.Job instance at 0x7f1583ef16e0>,8,25,[12  5],9,-1,34,-1,9
1,<environment.Job instance at 0x7f1583ef1370>,9,27,[ 2 14],10,-1,37,-1,10
1,<environment.Job instance at 0x7f1583ef10a0>,10,20,[ 2 14],11,-1,31,-1,11
1,<environment.Job instance at 0x7f1583ef1aa0>,11,25,[ 4 11],12,-1,37,-1,12
1,<environment.Job instance at 0x7f1583ef1af0>,12,21,[ 3 11],13,-1,34,-1,13
1,<environment.Job instance at 0x7f1583ef1e60>,13,21,[13  2],14,-1,35,-1,14
1,<environment.Job instance at 0x7f1583ef1190>,14,23,[14  5],15,-1,38,-1,15
1,<environment.Job instance at 0x7f1583ef1d70>,15,25,[ 2 11],16,-1,41,-1,16
1,<environment.Job instance at 0x7f1583ef1c30>,16,26,[14  4],17,-1,43,-1,17
1,<environment.Job instance at 0x7f1583ef1dc0>,17,14,[ 1 13],18,-1,32,-1,18
1,<environment.Job instance at 0x7f1583ef1640>,18,17,[ 1 11],19,-1,36,-1,19
1,<environment.Job instance at 0x7f1583ef1140>,19,24,[5 4],20,-1,44,-1,20
1,<environment.Job instance at 0x7f1583ef1a00>,21,26,[ 1 11],22,-1,48,-1,22
1,<environment.Job instance at 0x7f158358a230>,23,21,[ 5 11],24,-1,45,-1,24
1,<environment.Job instance at 0x7f1583ef1500>,22,16,[13  2],23,-1,40,-1,24
1,<environment.Job instance at 0x7f1583ef1730>,24,17,[13  4],25,-1,42,-1,25
1,<environment.Job instance at 0x7f1583a761e0>,25,28,[ 3 12],26,-1,54,-1,26
1,<environment.Job instance at 0x7f1583a76690>,26,26,[ 1 12],27,-1,53,-1,27
1,<environment.Job instance at 0x7f1583ef13c0>,29,20,[ 5 14],30,-1,50,-1,30
1,<environment.Job instance at 0x7f1583a762d0>,30,27,[ 2 14],31,-1,58,-1,31
1,<environment.Job instance at 0x7f1583a76dc0>,28,19,[13  5],29,-1,50,-1,31
1,<environment.Job instance at 0x7f1583a766e0>,31,13,[ 2 12],32,-1,45,-1,32
1,<environment.Job instance at 0x7f1583a76aa0>,32,24,[10  4],33,-1,57,-1,33
1,<environment.Job instance at 0x7f1583a76960>,33,18,[ 3 11],34,-1,52,-1,34
1,<environment.Job instance at 0x7f1583a76640>,35,23,[14  2],36,-1,59,-1,36
1,<environment.Job instance at 0x7f1583a76eb0>,34,13,[14  4],35,-1,49,-1,36
1,<environment.Job instance at 0x7f1583a76be0>,36,25,[14  4],37,-1,62,-1,37
1,<environment.Job instance at 0x7f1583a76190>,38,26,[10  2],39,-1,65,-1,39
1,<environment.Job instance at 0x7f1583a76280>,37,19,[13  5],38,-1,58,-1,39
1,<environment.Job instance at 0x7f1584987eb0>,40,15,[ 1 11],41,-1,56,-1,41
1,<environment.Job instance at 0x7f1584987aa0>,41,26,[ 2 11],42,-1,68,-1,42
1,<environment.Job instance at 0x7f15849878c0>,42,23,[ 3 13],43,-1,66,-1,43
1,<environment.Job instance at 0x7f1584987140>,44,26,[ 3 13],45,-1,71,-1,45
1,<environment.Job instance at 0x7f15849877d0>,43,13,[12  5],44,-1,58,-1,45
1,<environment.Job instance at 0x7f1584987190>,45,19,[ 4 14],46,-1,65,-1,46
1,<environment.Job instance at 0x7f1584987410>,46,17,[ 4 13],47,-1,64,-1,47
1,<environment.Job instance at 0x7f15849875a0>,47,27,[ 2 11],48,-1,75,-1,48
1,<environment.Job instance at 0x7f1584987dc0>,49,24,[ 4 12],50,-1,74,-1,50
1,<environment.Job instance at 0x7f1584987230>,50,27,[11  4],51,-1,78,-1,51
1,<environment.Job instance at 0x7f1584987af0>,52,26,[7 3],53,-1,79,-1,53
1,<environment.Job instance at 0x7f1583f45780>,53,24,[ 5 12],54,-1,78,-1,54
1,<environment.Job instance at 0x7f1583f454b0>,54,27,[10  1],55,-1,82,-1,55
1,<environment.Job instance at 0x7f15838fa780>,1,28,[11  4],2,-1,30,-1,2
1,<environment.Job instance at 0x7f1583f45cd0>,2,27,[ 1 13],3,-1,30,-1,3
1,<environment.Job instance at 0x7f1583c31f50>,3,25,[ 5 12],4,-1,29,-1,4
1,<environment.Job instance at 0x7f1583c31e60>,4,13,[13  4],5,-1,18,-1,5
1,<environment.Job instance at 0x7f1583c3f0f0>,7,16,[ 4 13],8,-1,24,-1,8
1,<environment.Job instance at 0x7f1583c3fc80>,8,28,[1 7],9,-1,37,-1,9
1,<environment.Job instance at 0x7f1583c3f1e0>,9,25,[13  2],10,-1,35,-1,10
1,<environment.Job instance at 0x7f158434f2d0>,12,28,[ 1 11],13,-1,41,-1,13
1,<environment.Job instance at 0x7f158434fdc0>,16,27,[ 5 11],17,-1,45,-1,18
1,<environment.Job instance at 0x7f158434fbe0>,17,27,[6 4],18,-1,45,-1,18
1,<environment.Job instance at 0x7f1583855140>,18,17,[14  2],19,-1,36,-1,19
1,<environment.Job instance at 0x7f15838553c0>,19,24,[ 1 12],20,-1,44,-1,20
1,<environment.Job instance at 0x7f1583855550>,20,24,[14  5],21,-1,45,-1,21
1,<environment.Job instance at 0x7f15838555a0>,21,18,[ 1 14],22,-1,40,-1,22
1,<environment.Job instance at 0x7f1583855640>,22,15,[ 1 13],23,-1,38,-1,23
1,<environment.Job instance at 0x7f1583855320>,24,21,[12  2],25,-1,48,-1,27
1,<environment.Job instance at 0x7f1583855910>,25,27,[ 4 12],26,-1,54,-1,27
1,<environment.Job instance at 0x7f1583855870>,26,20,[ 5 11],27,-1,47,-1,27
1,<environment.Job instance at 0x7f1583855960>,27,23,[ 3 13],28,-1,51,-1,28
1,<environment.Job instance at 0x7f1583855aa0>,28,28,[12  3],29,-1,57,-1,29
1,<environment.Job instance at 0x7f1583855b40>,29,23,[14  2],30,-1,53,-1,30
1,<environment.Job instance at 0x7f1583855b90>,30,26,[ 2 11],31,-1,57,-1,31
1,<environment.Job instance at 0x7f1583855c30>,31,27,[6 4],32,-1,59,-1,32
1,<environment.Job instance at 0x7f1583855cd0>,32,25,[ 4 14],33,-1,58,-1,33
1,<environment.Job instance at 0x7f1583855d70>,33,17,[ 2 13],34,-1,51,-1,34
1,<environment.Job instance at 0x7f1583855e10>,34,26,[13  2],35,-1,61,-1,35
1,<environment.Job instance at 0x7f1583855eb0>,35,24,[14  3],36,-1,60,-1,36
1,<environment.Job instance at 0x7f1583855f50>,36,24,[13  5],37,-1,61,-1,37
1,<environment.Job instance at 0x7f15846e0050>,37,12,[ 4 13],38,-1,50,-1,38
1,<environment.Job instance at 0x7f15846e00f0>,38,27,[14  3],39,-1,66,-1,39
1,<environment.Job instance at 0x7f15846e0190>,39,22,[7 2],40,-1,64,-1,42
1,<environment.Job instance at 0x7f15838559b0>,40,26,[ 5 11],41,-1,68,-1,42
1,<environment.Job instance at 0x7f15846e0230>,41,27,[12  5],42,-1,69,-1,42
1,<environment.Job instance at 0x7f15846e0280>,43,20,[11  1],44,-1,64,-1,44
1,<environment.Job instance at 0x7f15846e0410>,44,26,[ 1 13],45,-1,71,-1,45
1,<environment.Job instance at 0x7f15846e05f0>,45,13,[ 1 13],46,-1,59,-1,46
1,<environment.Job instance at 0x7f15846e0640>,46,18,[12  5],47,-1,65,-1,47
1,<environment.Job instance at 0x7f15846e06e0>,47,24,[ 5 12],48,-1,72,-1,48
1,<environment.Job instance at 0x7f15846e0780>,48,22,[ 3 14],49,-1,71,-1,49
1,<environment.Job instance at 0x7f15846e0820>,49,21,[ 2 11],50,-1,71,-1,50
1,<environment.Job instance at 0x7f15846e08c0>,50,19,[13  2],51,-1,70,-1,51
1,<environment.Job instance at 0x7f15846e0960>,51,20,[ 3 14],52,-1,72,-1,52
1,<environment.Job instance at 0x7f15846e0a00>,52,15,[ 1 12],53,-1,68,-1,53
1,<environment.Job instance at 0x7f15846e0aa0>,53,25,[14  2],54,-1,79,-1,54
1,<environment.Job instance at 0x7f15846e0b40>,54,22,[11  3],55,-1,77,-1,55
1,<environment.Job instance at 0x7f15846e0be0>,55,16,[14  2],56,-1,72,-1,56
1,<environment.Job instance at 0x7f15846e0c80>,56,26,[9 2],57,-1,83,-1,57
1,<environment.Job instance at 0x7f15846e0d20>,57,26,[ 2 10],58,-1,84,-1,58
1,<environment.Job instance at 0x7f15846e0dc0>,58,18,[ 1 10],59,-1,87,-1,69
1,<environment.Job instance at 0x7f15846e0e60>,60,20,[ 3 12],61,-1,89,-1,69
1,<environment.Job instance at 0x7f15846e0f50>,61,18,[11  5],62,-1,87,-1,69
1,<environment.Job instance at 0x7f158434e140>,62,26,[ 2 11],63,-1,95,-1,69
1,<environment.Job instance at 0x7f158434e1e0>,63,27,[7 4],64,-1,96,-1,69
1,<environment.Job instance at 0x7f158434e280>,64,19,[ 2 13],65,-1,88,-1,69
1,<environment.Job instance at 0x7f158434e320>,65,20,[12  3],66,-1,89,-1,69
1,<environment.Job instance at 0x7f158434e3c0>,66,24,[7 2],67,-1,93,-1,69
1,<environment.Job instance at 0x7f158434e460>,67,22,[14  3],68,-1,91,-1,69
1,<environment.Job instance at 0x7f158434e500>,68,26,[12  1],69,-1,95,-1,69
1,<environment.Job instance at 0x7f15835a25a0>,1,25,[14  4],2,-1,27,-1,2
1,<environment.Job instance at 0x7f158434e550>,2,26,[11  3],3,-1,29,-1,3
1,<environment.Job instance at 0x7f158481d4b0>,3,26,[3 7],4,-1,30,-1,4
1,<environment.Job instance at 0x7f158481d780>,5,23,[ 4 13],6,-1,29,-1,6
1,<environment.Job instance at 0x7f158434e500>,7,26,[11  4],8,-1,34,-1,8
1,<environment.Job instance at 0x7f158481dcd0>,9,21,[ 2 13],10,-1,31,-1,10
1,<environment.Job instance at 0x7f158481dd20>,10,19,[11  1],11,-1,30,-1,11
1,<environment.Job instance at 0x7f158481d460>,11,13,[ 4 11],12,-1,25,-1,12
1,<environment.Job instance at 0x7f158481dc30>,12,22,[12  4],13,-1,35,-1,13
1,<environment.Job instance at 0x7f15835c44b0>,13,16,[14  5],14,-1,30,-1,14
1,<environment.Job instance at 0x7f15835c48c0>,14,20,[ 3 12],15,-1,35,-1,15
1,<environment.Job instance at 0x7f15835c40f0>,15,28,[13  5],16,-1,44,-1,16
1,<environment.Job instance at 0x7f15835c4280>,16,23,[14  3],17,-1,40,-1,17
1,<environment.Job instance at 0x7f15835c4a00>,17,25,[ 2 14],18,-1,43,-1,18
1,<environment.Job instance at 0x7f15835c4f00>,19,22,[ 2 12],20,-1,42,-1,20
1,<environment.Job instance at 0x7f15835c4140>,18,21,[ 3 10],19,-1,43,-1,22
1,<environment.Job instance at 0x7f15835c4690>,22,23,[5 5],23,-1,46,-1,23
1,<environment.Job instance at 0x7f1583907f00>,25,13,[3 9],26,-1,49,-1,36
1,<environment.Job instance at 0x7f1583907d20>,26,19,[ 2 11],27,-1,55,-1,36
1,<environment.Job instance at 0x7f1583907eb0>,27,18,[ 5 13],28,-1,54,-1,36
1,<environment.Job instance at 0x7f1583907410>,28,28,[ 5 11],29,-1,64,-1,36
1,<environment.Job instance at 0x7f15849e4f50>,29,27,[12  1],30,-1,63,-1,36
1,<environment.Job instance at 0x7f1584807a00>,30,22,[13  3],31,-1,58,-1,36
1,<environment.Job instance at 0x7f1583a35820>,31,17,[13  4],32,-1,53,-1,36
1,<environment.Job instance at 0x7f1583a35dc0>,32,28,[ 5 11],33,-1,64,-1,36
1,<environment.Job instance at 0x7f1584bf8280>,34,22,[ 1 14],35,-1,78,-1,56
1,<environment.Job instance at 0x7f1584bf86e0>,35,24,[13  4],36,-1,80,-1,56
1,<environment.Job instance at 0x7f1584b94690>,36,24,[ 4 13],37,-1,80,-1,56
1,<environment.Job instance at 0x7f1584bf84b0>,37,19,[ 5 14],38,-1,75,-1,56
1,<environment.Job instance at 0x7f1584b948c0>,38,19,[14  3],39,-1,75,-1,56
1,<environment.Job instance at 0x7f1584b94c80>,39,26,[8 4],40,-1,82,-1,56
1,<environment.Job instance at 0x7f1584b94cd0>,40,14,[13  2],41,-1,70,-1,56
1,<environment.Job instance at 0x7f1584b941e0>,41,22,[ 5 13],42,-1,78,-1,56
1,<environment.Job instance at 0x7f15841c8500>,42,24,[ 1 14],43,-1,80,-1,56
1,<environment.Job instance at 0x7f158d473870>,43,28,[13  5],44,-1,84,-1,56
1,<environment.Job instance at 0x7f15847300f0>,44,22,[12  4],45,-1,78,-1,56
1,<environment.Job instance at 0x7f1584b94eb0>,46,24,[14  5],47,-1,91,-1,67
1,<environment.Job instance at 0x7f1584b94640>,47,19,[13  1],48,-1,86,-1,67
1,<environment.Job instance at 0x7f1583a3d780>,48,23,[11  5],49,-1,90,-1,67
1,<environment.Job instance at 0x7f1583a3d050>,49,23,[ 2 12],50,-1,90,-1,67
1,<environment.Job instance at 0x7f158d2a9e60>,50,14,[11  5],51,-1,81,-1,67
1,<environment.Job instance at 0x7f1583a3d550>,51,25,[7 3],52,-1,92,-1,67
1,<environment.Job instance at 0x7f1583a3dc80>,52,23,[12  5],53,-1,90,-1,67
1,<environment.Job instance at 0x7f158d1fcdc0>,53,28,[11  2],54,-1,95,-1,67
1,<environment.Job instance at 0x7f158d1fcaa0>,54,27,[11  2],55,-1,94,-1,67
1,<environment.Job instance at 0x7f158d1fc690>,55,24,[6 4],56,-1,91,-1,67
1,<environment.Job instance at 0x7f158d89a2d0>,56,17,[ 4 13],57,-1,84,-1,67
1,<environment.Job instance at 0x7f158d42aa50>,57,21,[ 3 10],58,-1,88,-1,67
1,<environment.Job instance at 0x7f1584ae6320>,58,13,[12  5],59,-1,80,-1,67
1,<environment.Job instance at 0x7f1584ae6870>,59,14,[ 2 12],60,-1,81,-1,67
1,<environment.Job instance at 0x7f158422a9b0>,60,19,[11  1],61,-1,86,-1,67
1,<environment.Job instance at 0x7f158422a460>,61,21,[13  1],62,-1,88,-1,67
1,<environment.Job instance at 0x7f15849635f0>,62,24,[13  4],63,-1,91,-1,67
1,<environment.Job instance at 0x7f1584963f50>,63,19,[ 5 14],64,-1,86,-1,67
1,<environment.Job instance at 0x7f158d72ff00>,64,28,[ 1 12],65,-1,95,-1,67
1,<environment.Job instance at 0x7f1584963b40>,65,28,[12  3],66,-1,95,-1,67
1,<environment.Job instance at 0x7f15849634b0>,66,27,[2 7],67,-1,94,-1,67
1,<environment.Job instance at 0x7f15843aabe0>,67,23,[11  3],68,-1,91,-1,68
1,<environment.Job instance at 0x7f1583c09af0>,68,14,[ 1 14],69,-1,83,-1,69
1,<environment.Job instance at 0x7f1583784aa0>,2,19,[ 4 12],3,-1,22,-1,3
1,<environment.Job instance at 0x7f1583c09230>,3,14,[ 3 14],4,-1,18,-1,4
1,<environment.Job instance at 0x7f1583c09500>,4,20,[ 4 11],5,-1,25,-1,5
1,<environment.Job instance at 0x7f1583c090f0>,6,22,[11  1],7,-1,29,-1,7
1,<environment.Job instance at 0x7f1584b6aa50>,7,20,[ 1 14],8,-1,28,-1,8
1,<environment.Job instance at 0x7f1584b6a410>,8,24,[4 6],9,-1,33,-1,9
1,<environment.Job instance at 0x7f1584b6aa00>,9,28,[9 2],10,-1,38,-1,10
1,<environment.Job instance at 0x7f1584b6af00>,10,27,[ 1 11],11,-1,38,-1,11
1,<environment.Job instance at 0x7f1584b6a0a0>,11,25,[ 1 12],12,-1,37,-1,12
1,<environment.Job instance at 0x7f1584b6aeb0>,12,18,[ 4 14],13,-1,31,-1,13
1,<environment.Job instance at 0x7f1584b6a5a0>,13,18,[ 1 11],14,-1,32,-1,14
1,<environment.Job instance at 0x7f1584b6a690>,15,14,[ 1 14],16,-1,30,-1,16
1,<environment.Job instance at 0x7f1584b6a730>,14,21,[ 5 10],15,-1,42,-1,21
1,<environment.Job instance at 0x7f1583a1bd20>,20,25,[3 8],21,-1,49,-1,24
1,<environment.Job instance at 0x7f1583a1bb90>,21,24,[ 3 13],22,-1,48,-1,24
1,<environment.Job instance at 0x7f1583a1b370>,22,26,[4 6],23,-1,50,-1,24
1,<environment.Job instance at 0x7f1583a1bc30>,23,20,[11  3],24,-1,44,-1,24
1,<environment.Job instance at 0x7f158d276550>,24,22,[ 1 10],25,-1,47,-1,25
1,<environment.Job instance at 0x7f1584a376e0>,25,28,[11  5],26,-1,54,-1,26
1,<environment.Job instance at 0x7f1583a1bdc0>,26,22,[ 1 13],27,-1,49,-1,27
1,<environment.Job instance at 0x7f15835c3dc0>,27,14,[12  1],28,-1,42,-1,28
1,<environment.Job instance at 0x7f158432dcd0>,28,27,[11  2],29,-1,56,-1,29
1,<environment.Job instance at 0x7f158432d960>,29,13,[12  5],30,-1,43,-1,30
1,<environment.Job instance at 0x7f15841f9280>,30,15,[13  2],31,-1,46,-1,31
1,<environment.Job instance at 0x7f158d27f0f0>,31,19,[ 4 13],32,-1,51,-1,32
1,<environment.Job instance at 0x7f1584b37a50>,32,21,[ 5 12],33,-1,54,-1,33
1,<environment.Job instance at 0x7f1584b37410>,33,20,[14  2],34,-1,54,-1,34
1,<environment.Job instance at 0x7f1583937640>,34,22,[10  5],35,-1,60,-1,38
1,<environment.Job instance at 0x7f15835c4960>,35,19,[ 5 14],36,-1,57,-1,38
1,<environment.Job instance at 0x7f158d1edd20>,36,16,[12  5],37,-1,54,-1,38
1,<environment.Job instance at 0x7f1583a30550>,37,12,[ 1 12],38,-1,50,-1,38
1,<environment.Job instance at 0x7f1583a305f0>,38,18,[11  4],39,-1,57,-1,39
1,<environment.Job instance at 0x7f158497db90>,39,15,[ 1 14],40,-1,55,-1,40
1,<environment.Job instance at 0x7f1584cb2eb0>,41,23,[2 5],42,-1,67,-1,44
1,<environment.Job instance at 0x7f1583404140>,42,28,[14  3],43,-1,72,-1,44
1,<environment.Job instance at 0x7f1583404b40>,43,25,[ 5 11],44,-1,69,-1,44
1,<environment.Job instance at 0x7f15842ddcd0>,44,19,[ 2 12],45,-1,64,-1,45
1,<environment.Job instance at 0x7f15842ddf00>,45,26,[11  1],46,-1,72,-1,46
1,<environment.Job instance at 0x7f15842dd460>,46,27,[10  2],47,-1,74,-1,47
1,<environment.Job instance at 0x7f15842dd640>,47,27,[13  1],48,-1,75,-1,48
1,<environment.Job instance at 0x7f15842dda00>,48,22,[ 2 13],49,-1,71,-1,49
1,<environment.Job instance at 0x7f15842ddeb0>,49,12,[ 5 14],50,-1,62,-1,50
1,<environment.Job instance at 0x7f15842dda50>,50,28,[11  4],51,-1,79,-1,51
1,<environment.Job instance at 0x7f15842dd550>,51,23,[13  4],52,-1,75,-1,52
1,<environment.Job instance at 0x7f15842dd9b0>,52,25,[ 4 12],53,-1,78,-1,53
1,<environment.Job instance at 0x7f158d20ef50>,53,26,[ 5 11],54,-1,80,-1,54
1,<environment.Job instance at 0x7f158d20e320>,54,21,[ 4 14],55,-1,76,-1,55
1,<environment.Job instance at 0x7f158d20e5a0>,55,17,[ 3 13],56,-1,73,-1,56
1,<environment.Job instance at 0x7f158d20e050>,56,25,[ 2 10],57,-1,82,-1,57
1,<environment.Job instance at 0x7f158d20e5f0>,57,23,[7 1],58,-1,81,-1,58
1,<environment.Job instance at 0x7f158d20eb40>,58,13,[11  5],59,-1,72,-1,59
1,<environment.Job instance at 0x7f1584a6a730>,61,21,[11  1],62,-1,83,-1,62
1,<environment.Job instance at 0x7f1583345f00>,62,19,[ 3 11],63,-1,82,-1,63
1,<environment.Job instance at 0x7f1583345aa0>,63,21,[ 1 11],64,-1,85,-1,64
1,<environment.Job instance at 0x7f15833455f0>,64,25,[11  4],65,-1,90,-1,65
1,<environment.Job instance at 0x7f1583345050>,65,20,[ 3 11],66,-1,86,-1,66
1,<environment.Job instance at 0x7f15833450a0>,2,20,[ 2 14],3,-1,23,-1,3
1,<environment.Job instance at 0x7f15848422d0>,3,27,[ 5 12],4,-1,31,-1,4
1,<environment.Job instance at 0x7f158482b640>,4,27,[7 3],5,-1,32,-1,5
1,<environment.Job instance at 0x7f1583345050>,6,12,[ 3 13],7,-1,19,-1,7
1,<environment.Job instance at 0x7f158482bc30>,7,25,[12  3],8,-1,33,-1,8
1,<environment.Job instance at 0x7f158482bcd0>,8,23,[11  5],9,-1,32,-1,9
1,<environment.Job instance at 0x7f158482bd70>,9,27,[7 3],10,-1,37,-1,10
1,<environment.Job instance at 0x7f158482b870>,11,13,[13  3],12,-1,25,-1,12
1,<environment.Job instance at 0x7f158482ba00>,12,12,[12  5],13,-1,25,-1,13
1,<environment.Job instance at 0x7f1584838280>,13,21,[12  5],14,-1,35,-1,14
1,<environment.Job instance at 0x7f1584838410>,15,19,[11  2],16,-1,35,-1,16
1,<environment.Job instance at 0x7f15839c0910>,1,17,[ 4 12],2,-1,19,-1,2
1,<environment.Job instance at 0x7f158481f910>,2,26,[ 3 13],3,-1,29,-1,3
1,<environment.Job instance at 0x7f158353e5a0>,3,24,[ 1 12],4,-1,28,-1,4
1,<environment.Job instance at 0x7f158353eb90>,4,13,[ 1 13],5,-1,18,-1,5
1,<environment.Job instance at 0x7f158481fa50>,6,27,[ 3 14],7,-1,34,-1,7
1,<environment.Job instance at 0x7f158353e460>,7,27,[1 9],8,-1,35,-1,8
1,<environment.Job instance at 0x7f158353ec30>,8,27,[ 3 13],9,-1,36,-1,9
1,<environment.Job instance at 0x7f158353ea50>,10,15,[14  1],11,-1,26,-1,11
1,<environment.Job instance at 0x7f158353ed20>,11,26,[12  3],12,-1,38,-1,12
1,<environment.Job instance at 0x7f158353e9b0>,12,27,[11  2],13,-1,40,-1,13
1,<environment.Job instance at 0x7f158353e230>,13,12,[ 3 13],14,-1,26,-1,14
1,<environment.Job instance at 0x7f15848dbcd0>,14,28,[13  1],15,-1,43,-1,15
1,<environment.Job instance at 0x7f15848db8c0>,15,22,[14  1],16,-1,38,-1,16
1,<environment.Job instance at 0x7f15848db870>,16,28,[ 3 13],17,-1,45,-1,17
1,<environment.Job instance at 0x7f15848dbd20>,17,20,[ 3 11],18,-1,38,-1,18
1,<environment.Job instance at 0x7f15848db230>,19,24,[12  2],20,-1,44,-1,20
1,<environment.Job instance at 0x7f15848db460>,20,27,[ 1 13],21,-1,48,-1,21
1,<environment.Job instance at 0x7f15848db4b0>,21,24,[12  5],22,-1,46,-1,22
1,<environment.Job instance at 0x7f15848dbb40>,22,19,[ 4 13],23,-1,42,-1,23
1,<environment.Job instance at 0x7f15848db820>,23,24,[ 4 11],24,-1,48,-1,24
1,<environment.Job instance at 0x7f15848dbbe0>,24,21,[ 2 11],25,-1,46,-1,25
1,<environment.Job instance at 0x7f158353ea00>,26,27,[ 3 11],27,-1,54,-1,27
1,<environment.Job instance at 0x7f15835b0f00>,27,13,[12  5],28,-1,41,-1,28
1,<environment.Job instance at 0x7f1583df4c80>,28,27,[8 2],29,-1,56,-1,29
1,<environment.Job instance at 0x7f15835b0320>,29,22,[11  3],30,-1,52,-1,30
1,<environment.Job instance at 0x7f15848dbaf0>,30,27,[8 4],31,-1,58,-1,31
1,<environment.Job instance at 0x7f158334efa0>,31,15,[ 4 14],32,-1,47,-1,32
1,<environment.Job instance at 0x7f158334e7d0>,32,23,[14  5],33,-1,56,-1,33
1,<environment.Job instance at 0x7f158334ed70>,33,22,[13  2],34,-1,56,-1,34
1,<environment.Job instance at 0x7f1583f23c30>,34,24,[ 2 14],35,-1,59,-1,35
1,<environment.Job instance at 0x7f158d2b5230>,35,24,[5 7],36,-1,60,-1,36
1,<environment.Job instance at 0x7f158334e3c0>,37,27,[ 5 14],38,-1,65,-1,38
1,<environment.Job instance at 0x7f15841c3910>,36,13,[14  2],37,-1,51,-1,38
1,<environment.Job instance at 0x7f15841c3d20>,38,28,[11  4],39,-1,67,-1,39
1,<environment.Job instance at 0x7f15841c38c0>,39,23,[ 1 13],40,-1,63,-1,40
1,<environment.Job instance at 0x7f15841c35a0>,40,24,[ 2 11],41,-1,65,-1,41
1,<environment.Job instance at 0x7f15841c3550>,41,26,[11  1],42,-1,68,-1,42
1,<environment.Job instance at 0x7f15841c3a00>,42,25,[ 1 12],43,-1,68,-1,43
1,<environment.Job instance at 0x7f15841ab8c0>,43,26,[14  3],44,-1,70,-1,44
1,<environment.Job instance at 0x7f15841abbe0>,44,25,[13  5],45,-1,70,-1,45
1,<environment.Job instance at 0x7f15841e0fa0>,45,24,[5 3],46,-1,70,-1,46
1,<environment.Job instance at 0x7f15841e08c0>,46,15,[ 1 14],47,-1,62,-1,47
1,<environment.Job instance at 0x7f15841e00a0>,48,25,[13  4],49,-1,74,-1,49
1,<environment.Job instance at 0x7f15841e07d0>,50,20,[ 4 13],51,-1,71,-1,51
1,<environment.Job instance at 0x7f15841e0eb0>,52,20,[ 1 11],53,-1,73,-1,53
1,<environment.Job instance at 0x7f15841e00f0>,51,17,[13  2],52,-1,70,-1,53
1,<environment.Job instance at 0x7f158402d690>,54,26,[11  3],55,-1,81,-1,55
1,<environment.Job instance at 0x7f158402d190>,56,20,[14  4],57,-1,77,-1,57
1,<environment.Job instance at 0x7f15848e1690>,60,22,[11  4],61,-1,85,-1,63
1,<environment.Job instance at 0x7f15848e1c80>,2,21,[ 3 14],3,-1,24,-1,3
1,<environment.Job instance at 0x7f15840f1820>,3,19,[12  4],4,-1,23,-1,4
1,<environment.Job instance at 0x7f15848e1690>,5,21,[ 1 12],6,-1,27,-1,6
1,<environment.Job instance at 0x7f158d71d280>,6,22,[14  4],7,-1,29,-1,7
1,<environment.Job instance at 0x7f158d71daf0>,7,14,[ 1 11],8,-1,22,-1,8
1,<environment.Job instance at 0x7f158d71d0f0>,8,26,[1 8],9,-1,36,-1,10
1,<environment.Job instance at 0x7f158d71d730>,10,26,[ 2 10],11,-1,37,-1,11
1,<environment.Job instance at 0x7f158d71d550>,11,19,[14  4],12,-1,31,-1,12
1,<environment.Job instance at 0x7f158d71d690>,12,27,[ 1 12],13,-1,40,-1,13
1,<environment.Job instance at 0x7f158d71d780>,14,23,[ 3 12],15,-1,38,-1,15
1,<environment.Job instance at 0x7f158d71da50>,13,24,[5 5],14,-1,39,-1,15
1,<environment.Job instance at 0x7f158d71d9b0>,15,26,[ 5 13],16,-1,42,-1,16
1,<environment.Job instance at 0x7f1583e9bf00>,17,15,[11  1],18,-1,33,-1,18
1,<environment.Job instance at 0x7f1583e9b460>,18,19,[13  4],19,-1,38,-1,19
1,<environment.Job instance at 0x7f1583e9b0a0>,19,14,[11  3],20,-1,34,-1,20
1,<environment.Job instance at 0x7f1583e9b690>,20,12,[ 3 11],21,-1,33,-1,21
1,<environment.Job instance at 0x7f1583e9b370>,23,23,[ 5 12],24,-1,47,-1,24
1,<environment.Job instance at 0x7f1583e9be10>,24,27,[6 1],25,-1,52,-1,25
1,<environment.Job instance at 0x7f1583e9b500>,25,20,[ 1 11],26,-1,46,-1,26
1,<environment.Job instance at 0x7f1583c28230>,26,15,[12  2],27,-1,42,-1,27
1,<environment.Job instance at 0x7f1583c28fa0>,27,24,[12  4],28,-1,52,-1,28
1,<environment.Job instance at 0x7f1583c28f00>,28,23,[11  3],29,-1,52,-1,29
1,<environment.Job instance at 0x7f1583c28c80>,29,25,[11  5],30,-1,55,-1,30
1,<environment.Job instance at 0x7f1583c28a50>,30,26,[ 5 13],31,-1,57,-1,31
1,<environment.Job instance at 0x7f1583c280a0>,31,19,[ 3 12],32,-1,51,-1,32
1,<environment.Job instance at 0x7f1583c280f0>,32,25,[12  3],33,-1,58,-1,33
1,<environment.Job instance at 0x7f1583c28d20>,33,14,[ 5 12],34,-1,48,-1,34
1,<environment.Job instance at 0x7f1583c28a00>,34,20,[ 3 14],35,-1,55,-1,35
1,<environment.Job instance at 0x7f1583c28820>,35,24,[13  2],36,-1,60,-1,36
1,<environment.Job instance at 0x7f1583e9b2d0>,39,20,[12  1],40,-1,60,-1,40
1,<environment.Job instance at 0x7f158d246690>,42,20,[11  1],43,-1,80,-1,60
1,<environment.Job instance at 0x7f158d246c30>,43,22,[12  2],44,-1,82,-1,60
1,<environment.Job instance at 0x7f158d2469b0>,45,21,[12  3],46,-1,81,-1,60
1,<environment.Job instance at 0x7f158d2460a0>,46,28,[6 2],47,-1,88,-1,60
1,<environment.Job instance at 0x7f158d2466e0>,47,21,[ 2 11],48,-1,81,-1,60
1,<environment.Job instance at 0x7f158d2463c0>,48,25,[8 3],49,-1,85,-1,60
1,<environment.Job instance at 0x7f158d246eb0>,49,25,[ 1 13],50,-1,85,-1,60
1,<environment.Job instance at 0x7f158d246d70>,50,27,[3 8],51,-1,87,-1,60
1,<environment.Job instance at 0x7f158d246f50>,51,27,[11  5],52,-1,87,-1,60
1,<environment.Job instance at 0x7f158d246410>,52,24,[14  3],53,-1,84,-1,60
1,<environment.Job instance at 0x7f1584056870>,53,26,[ 1 12],54,-1,86,-1,60
1,<environment.Job instance at 0x7f15840567d0>,54,24,[13  1],55,-1,84,-1,60
1,<environment.Job instance at 0x7f1583fa93c0>,1,25,[ 2 11],2,-1,27,-1,2
1,<environment.Job instance at 0x7f1584056960>,2,28,[11  3],3,-1,31,-1,3
1,<environment.Job instance at 0x7f1584862640>,3,18,[13  2],4,-1,22,-1,4
1,<environment.Job instance at 0x7f15848627d0>,4,28,[13  1],5,-1,33,-1,5
1,<environment.Job instance at 0x7f1584862fa0>,5,23,[ 5 13],6,-1,29,-1,6
1,<environment.Job instance at 0x7f15848625f0>,6,23,[ 2 13],7,-1,30,-1,7
1,<environment.Job instance at 0x7f15849e10a0>,7,28,[ 1 12],8,-1,36,-1,8
1,<environment.Job instance at 0x7f15849e1550>,8,25,[ 2 12],9,-1,34,-1,9
1,<environment.Job instance at 0x7f15849e1f00>,9,12,[ 4 14],10,-1,22,-1,10
1,<environment.Job instance at 0x7f15849e15f0>,10,28,[12  3],11,-1,39,-1,11
1,<environment.Job instance at 0x7f15849e1f50>,11,23,[11  2],12,-1,35,-1,12
1,<environment.Job instance at 0x7f1583756140>,13,22,[ 3 13],14,-1,36,-1,14
1,<environment.Job instance at 0x7f1584c37230>,14,27,[ 1 13],15,-1,42,-1,15
1,<environment.Job instance at 0x7f1584c37aa0>,15,23,[12  5],16,-1,39,-1,16
1,<environment.Job instance at 0x7f1584c37550>,16,22,[ 3 12],17,-1,39,-1,17
1,<environment.Job instance at 0x7f1584c372d0>,17,25,[ 4 12],18,-1,43,-1,18
1,<environment.Job instance at 0x7f15849f7c80>,19,24,[ 5 12],20,-1,44,-1,20
1,<environment.Job instance at 0x7f15849f7410>,20,27,[2 5],21,-1,48,-1,21
1,<environment.Job instance at 0x7f15849f7dc0>,21,13,[ 3 13],22,-1,35,-1,22
1,<environment.Job instance at 0x7f15849f78c0>,22,23,[14  4],23,-1,46,-1,23
1,<environment.Job instance at 0x7f15849f70a0>,23,17,[13  5],24,-1,41,-1,24
1,<environment.Job instance at 0x7f15849f7c30>,24,22,[13  1],25,-1,47,-1,25
1,<environment.Job instance at 0x7f15849f7cd0>,25,24,[12  4],26,-1,50,-1,26
1,<environment.Job instance at 0x7f15849f7820>,26,25,[12  3],27,-1,52,-1,27
1,<environment.Job instance at 0x7f15849c71e0>,27,27,[11  5],28,-1,55,-1,28
1,<environment.Job instance at 0x7f15849c7550>,28,25,[ 3 11],29,-1,54,-1,29
1,<environment.Job instance at 0x7f158d2883c0>,29,21,[ 2 13],30,-1,51,-1,30
1,<environment.Job instance at 0x7f158389bb90>,31,23,[ 3 11],32,-1,55,-1,32
1,<environment.Job instance at 0x7f15848d5d70>,33,21,[ 1 13],34,-1,55,-1,34
1,<environment.Job instance at 0x7f15848bca50>,34,28,[14  1],35,-1,63,-1,35
1,<environment.Job instance at 0x7f15838b7690>,35,28,[4 5],36,-1,64,-1,36
1,<environment.Job instance at 0x7f1583ef5640>,36,17,[ 3 14],37,-1,54,-1,37
1,<environment.Job instance at 0x7f1583ef5690>,37,25,[12  5],38,-1,63,-1,38
1,<environment.Job instance at 0x7f1583ef5d70>,38,16,[ 1 12],39,-1,55,-1,39
1,<environment.Job instance at 0x7f1584c57d70>,39,17,[13  2],40,-1,57,-1,40
1,<environment.Job instance at 0x7f1584104d20>,40,23,[5 9],41,-1,64,-1,41
1,<environment.Job instance at 0x7f15838bda00>,41,24,[ 2 14],42,-1,66,-1,42
1,<environment.Job instance at 0x7f15846590f0>,43,28,[11  2],44,-1,72,-1,44
1,<environment.Job instance at 0x7f158411cdc0>,44,28,[ 4 10],45,-1,73,-1,45
1,<environment.Job instance at 0x7f15838bdb90>,42,22,[11  4],43,-1,68,-1,46
1,<environment.Job instance at 0x7f1584115e10>,46,19,[ 2 13],47,-1,66,-1,47
1,<environment.Job instance at 0x7f15840f70a0>,47,21,[ 5 12],48,-1,69,-1,48
1,<environment.Job instance at 0x7f1583b43b90>,48,24,[ 4 12],49,-1,73,-1,49
1,<environment.Job instance at 0x7f15849f10f0>,50,26,[12  2],51,-1,77,-1,51
1,<environment.Job instance at 0x7f158374a230>,51,28,[ 2 14],52,-1,80,-1,52
1,<environment.Job instance at 0x7f158374a690>,52,24,[ 1 11],53,-1,77,-1,53
1,<environment.Job instance at 0x7f15848c2af0>,53,17,[ 3 11],54,-1,71,-1,54
1,<environment.Job instance at 0x7f1583755460>,58,25,[ 2 14],59,-1,85,-1,60
1,<environment.Job instance at 0x7f1583755370>,59,17,[ 2 14],60,-1,77,-1,60
1,<environment.Job instance at 0x7f1583755410>,60,24,[10  2],61,-1,85,-1,61
1,<environment.Job instance at 0x7f0447c9e320>,1,22,[11  3],2,-1,24,-1,2
1,<environment.Job instance at 0x7f043e526410>,2,22,[ 4 14],3,-1,25,-1,3
1,<environment.Job instance at 0x7f043e5264b0>,3,25,[ 5 14],4,-1,29,-1,4
1,<environment.Job instance at 0x7f043e526550>,4,21,[ 1 12],5,-1,26,-1,5
1,<environment.Job instance at 0x7f043e526910>,8,22,[14  3],9,-1,31,-1,9
1,<environment.Job instance at 0x7f043e526a50>,9,19,[13  1],10,-1,29,-1,10
1,<environment.Job instance at 0x7f043e526780>,10,23,[ 4 14],11,-1,34,-1,11
1,<environment.Job instance at 0x7f043e526aa0>,11,25,[ 4 12],12,-1,37,-1,12
1,<environment.Job instance at 0x7f043e526b40>,12,19,[ 5 13],13,-1,32,-1,13
1,<environment.Job instance at 0x7f043e526be0>,13,22,[ 2 11],14,-1,36,-1,14
1,<environment.Job instance at 0x7f043e526c80>,14,25,[13  4],15,-1,40,-1,15
1,<environment.Job instance at 0x7f043e526d20>,15,25,[13  3],16,-1,41,-1,16
1,<environment.Job instance at 0x7f043e526dc0>,16,26,[14  4],17,-1,43,-1,17
1,<environment.Job instance at 0x7f043e526e60>,17,14,[ 2 14],18,-1,32,-1,18
1,<environment.Job instance at 0x7f043e526f00>,18,14,[ 2 13],19,-1,33,-1,19
1,<environment.Job instance at 0x7f043e526fa0>,19,17,[13  5],20,-1,37,-1,20
1,<environment.Job instance at 0x7f043e52a0a0>,20,21,[12  2],21,-1,42,-1,21
1,<environment.Job instance at 0x7f043e52a140>,21,28,[11  1],22,-1,50,-1,22
1,<environment.Job instance at 0x7f043e52a1e0>,22,26,[ 1 14],23,-1,49,-1,23
1,<environment.Job instance at 0x7f043e52a320>,24,13,[ 3 14],25,-1,38,-1,25
1,<environment.Job instance at 0x7f043e52a4b0>,25,23,[ 3 13],26,-1,49,-1,26
1,<environment.Job instance at 0x7f043e52a3c0>,26,26,[1 8],27,-1,53,-1,27
1,<environment.Job instance at 0x7f043e52a550>,27,25,[5 7],28,-1,53,-1,28
1,<environment.Job instance at 0x7f043e52a5f0>,28,25,[ 4 11],29,-1,54,-1,29
1,<environment.Job instance at 0x7f043e52a690>,29,22,[ 5 13],30,-1,52,-1,30
1,<environment.Job instance at 0x7f043e52a730>,30,27,[4 8],31,-1,58,-1,31
1,<environment.Job instance at 0x7f043e52a7d0>,31,20,[11  5],32,-1,52,-1,32
1,<environment.Job instance at 0x7f043e52a870>,32,27,[11  3],33,-1,60,-1,33
1,<environment.Job instance at 0x7f043e52a910>,33,16,[ 2 14],34,-1,50,-1,34
1,<environment.Job instance at 0x7f043e52a9b0>,34,24,[ 1 14],35,-1,59,-1,35
1,<environment.Job instance at 0x7f043e52aa50>,35,22,[11  5],36,-1,58,-1,36
1,<environment.Job instance at 0x7f043e52aaf0>,36,20,[ 3 14],37,-1,57,-1,37
1,<environment.Job instance at 0x7f043e52ab90>,37,28,[ 2 12],38,-1,66,-1,38
1,<environment.Job instance at 0x7f043e52ac30>,38,20,[ 1 12],39,-1,59,-1,39
1,<environment.Job instance at 0x7f043e52acd0>,39,24,[5 6],40,-1,64,-1,40
1,<environment.Job instance at 0x7f043e52ad70>,40,26,[ 1 12],41,-1,67,-1,41
1,<environment.Job instance at 0x7f043e52ae10>,41,18,[ 5 14],42,-1,60,-1,42
1,<environment.Job instance at 0x7f043e52aeb0>,42,20,[ 2 11],43,-1,63,-1,43
1,<environment.Job instance at 0x7f043e52af50>,43,16,[13  5],44,-1,60,-1,44
1,<environment.Job instance at 0x7f043e52c050>,44,16,[14  3],45,-1,61,-1,45
1,<environment.Job instance at 0x7f043e52c0f0>,45,27,[12  2],46,-1,73,-1,46
1,<environment.Job instance at 0x7f043e52c190>,46,28,[ 4 11],47,-1,75,-1,47
1,<environment.Job instance at 0x7f043e52c2d0>,48,17,[11  1],49,-1,66,-1,49
1,<environment.Job instance at 0x7f043e52c4b0>,49,27,[ 1 11],50,-1,77,-1,50
1,<environment.Job instance at 0x7f043e52c500>,51,25,[12  2],52,-1,77,-1,52
1,<environment.Job instance at 0x7f043e52c690>,52,20,[11  3],53,-1,73,-1,53
1,<environment.Job instance at 0x7f043e52c5a0>,53,27,[14  5],54,-1,81,-1,54
1,<environment.Job instance at 0x7f043e52c730>,54,24,[5 7],55,-1,79,-1,55
1,<environment.Job instance at 0x7f043e52c7d0>,55,20,[13  1],56,-1,76,-1,56
1,<environment.Job instance at 0x7f043e52c870>,56,20,[ 3 13],57,-1,77,-1,57
1,<environment.Job instance at 0x7f043e52c9b0>,58,27,[ 2 14],59,-1,86,-1,59
1,<environment.Job instance at 0x7f0447c9e1e0>,60,28,[13  2],61,-1,89,-1,61
1,<environment.Job instance at 0x7f043e52cc30>,61,23,[ 1 11],62,-1,85,-1,62
1,<environment.Job instance at 0x7f043e52ccd0>,62,21,[ 5 13],63,-1,84,-1,63
1,<environment.Job instance at 0x7f043e52cd70>,63,28,[ 3 14],64,-1,92,-1,64
1,<environment.Job instance at 0x7f043e52ce10>,64,28,[ 1 14],65,-1,93,-1,65
1,<environment.Job instance at 0x7f043e52cf00>,66,21,[13  3],67,-1,88,-1,67
1,<environment.Job instance at 0x7f043e52f050>,67,27,[ 1 10],68,-1,96,-1,69
1,<environment.Job instance at 0x7f043e52f0f0>,69,20,[ 3 12],70,-1,90,-1,70
1,<environment.Job instance at 0x7f043e52f280>,70,21,[12  2],71,-1,92,-1,71
1,<environment.Job instance at 0x7f043e52f320>,71,28,[5 1],72,-1,101,-1,73
1,<environment.Job instance at 0x7f043e52f410>,73,25,[3 8],74,-1,100,-1,75
1,<environment.Job instance at 0x7f043e52f3c0>,74,27,[1 6],75,-1,102,-1,75
1,<environment.Job instance at 0x7f043e52f6e0>,76,19,[ 4 14],77,-1,96,-1,77
1,<environment.Job instance at 0x7f043e52f780>,77,13,[14  5],78,-1,91,-1,78
1,<environment.Job instance at 0x7f043e52f820>,78,27,[10  2],79,-1,106,-1,79
1,<environment.Job instance at 0x7f043e52fb40>,1,15,[ 5 11],2,-1,17,-1,2
1,<environment.Job instance at 0x7f043e52f870>,2,26,[5 4],3,-1,29,-1,3
1,<environment.Job instance at 0x7f043ec26b40>,6,24,[ 1 11],7,-1,31,-1,7
1,<environment.Job instance at 0x7f043ec266e0>,7,28,[ 3 10],8,-1,36,-1,8
1,<environment.Job instance at 0x7f043e52f820>,4,21,[3 8],5,-1,32,-1,11
1,<environment.Job instance at 0x7f043ec26c30>,11,20,[14  2],12,-1,32,-1,12
1,<environment.Job instance at 0x7f043ec26a50>,8,21,[ 1 11],9,-1,34,-1,13
1,<environment.Job instance at 0x7f043ec26550>,12,21,[10  1],13,-1,37,-1,16
1,<environment.Job instance at 0x7f043ec52d20>,16,28,[ 1 13],17,-1,53,-1,25
1,<environment.Job instance at 0x7f043ec26af0>,17,26,[ 1 11],18,-1,51,-1,25
1,<environment.Job instance at 0x7f043ec52f50>,19,26,[6 5],20,-1,51,-1,25
1,<environment.Job instance at 0x7f043ec52f00>,20,18,[ 2 13],21,-1,43,-1,25
1,<environment.Job instance at 0x7f043ec52a00>,21,18,[ 1 10],22,-1,43,-1,25
1,<environment.Job instance at 0x7f043ec52dc0>,22,23,[ 3 13],23,-1,48,-1,25
1,<environment.Job instance at 0x7f043ec52870>,23,23,[ 5 13],24,-1,48,-1,25
1,<environment.Job instance at 0x7f043ec52fa0>,24,12,[ 4 12],25,-1,37,-1,25
1,<environment.Job instance at 0x7f043ec527d0>,25,26,[9 3],26,-1,52,-1,26
1,<environment.Job instance at 0x7f043ec52500>,26,23,[14  4],27,-1,50,-1,27
1,<environment.Job instance at 0x7f043ec52d70>,27,12,[ 3 12],28,-1,40,-1,28
1,<environment.Job instance at 0x7f043ec52550>,28,21,[ 1 13],29,-1,50,-1,29
1,<environment.Job instance at 0x7f043ec524b0>,29,25,[11  4],30,-1,55,-1,30
1,<environment.Job instance at 0x7f043ec521e0>,30,12,[13  1],31,-1,43,-1,31
1,<environment.Job instance at 0x7f043ec52780>,31,20,[ 5 11],32,-1,52,-1,32
1,<environment.Job instance at 0x7f043ec520a0>,32,27,[12  2],33,-1,60,-1,33
1,<environment.Job instance at 0x7f043ec52320>,33,15,[12  1],34,-1,49,-1,34
1,<environment.Job instance at 0x7f043ec52140>,34,14,[ 2 11],35,-1,49,-1,35
1,<environment.Job instance at 0x7f043ec52410>,35,23,[13  5],36,-1,59,-1,36
1,<environment.Job instance at 0x7f043ebb7910>,36,21,[ 1 12],37,-1,58,-1,37
1,<environment.Job instance at 0x7f043ebb7550>,37,19,[11  2],38,-1,57,-1,38
1,<environment.Job instance at 0x7f043ebb7730>,38,21,[ 3 14],39,-1,60,-1,39
1,<environment.Job instance at 0x7f043ebb7aa0>,39,17,[ 3 10],40,-1,57,-1,40
1,<environment.Job instance at 0x7f043ebb77d0>,40,19,[13  1],41,-1,60,-1,41
1,<environment.Job instance at 0x7f043ebb7af0>,41,20,[13  3],42,-1,62,-1,42
1,<environment.Job instance at 0x7f043ebb73c0>,42,24,[ 4 11],43,-1,67,-1,43
1,<environment.Job instance at 0x7f043ebb7410>,43,22,[13  4],44,-1,66,-1,44
1,<environment.Job instance at 0x7f043ebb76e0>,44,22,[ 1 13],45,-1,67,-1,45
1,<environment.Job instance at 0x7f043ebb7190>,45,15,[12  3],46,-1,61,-1,46
1,<environment.Job instance at 0x7f043ebb7a00>,46,28,[ 4 12],47,-1,75,-1,47
1,<environment.Job instance at 0x7f043ebb70f0>,47,17,[ 4 11],48,-1,65,-1,48
1,<environment.Job instance at 0x7f043ebb75f0>,48,23,[ 2 14],49,-1,72,-1,49
1,<environment.Job instance at 0x7f043ebb78c0>,49,22,[ 2 14],50,-1,72,-1,50
1,<environment.Job instance at 0x7f043ebb7f50>,50,14,[12  3],51,-1,65,-1,51
1,<environment.Job instance at 0x7f043ebb7820>,52,20,[ 2 11],53,-1,73,-1,53
1,<environment.Job instance at 0x7f043ebb7d70>,53,25,[14  3],54,-1,79,-1,54
1,<environment.Job instance at 0x7f043ebb7370>,54,28,[2 9],55,-1,83,-1,55
1,<environment.Job instance at 0x7f043ebb7f00>,55,14,[ 2 12],56,-1,70,-1,56
1,<environment.Job instance at 0x7f043ebb7c80>,56,19,[11  3],57,-1,76,-1,57
1,<environment.Job instance at 0x7f043ebb7e60>,57,20,[14  5],58,-1,78,-1,58
1,<environment.Job instance at 0x7f043ebb70a0>,58,19,[13  5],59,-1,78,-1,59
1,<environment.Job instance at 0x7f043ebb7be0>,59,26,[14  1],60,-1,86,-1,60
1,<environment.Job instance at 0x7f0447cc8b90>,60,28,[ 2 10],61,-1,89,-1,61
1,<environment.Job instance at 0x7f043df31c80>,61,28,[7 4],62,-1,90,-1,62
1,<environment.Job instance at 0x7f043e0262d0>,62,25,[ 3 14],63,-1,88,-1,63
1,<environment.Job instance at 0x7f043df33960>,63,28,[12  5],64,-1,92,-1,64
1,<environment.Job instance at 0x7f043df33dc0>,64,20,[ 4 14],65,-1,85,-1,65
1,<environment.Job instance at 0x7f043df33c30>,65,24,[2 5],66,-1,90,-1,66
1,<environment.Job instance at 0x7f043dbf9e10>,66,22,[ 1 14],67,-1,89,-1,67
1,<environment.Job instance at 0x7f043dbf96e0>,67,27,[ 4 12],68,-1,95,-1,68
1,<environment.Job instance at 0x7f043dbf9b40>,68,27,[4 9],69,-1,96,-1,69
1,<environment.Job instance at 0x7f043dfe9c80>,69,20,[ 3 14],70,-1,90,-1,70
1,<environment.Job instance at 0x7f043dfe9a50>,70,15,[12  4],71,-1,86,-1,71
1,<environment.Job instance at 0x7f043dfe9cd0>,72,25,[ 1 11],73,-1,98,-1,73
1,<environment.Job instance at 0x7f043dfe9e60>,73,14,[14  4],74,-1,88,-1,74
1,<environment.Job instance at 0x7f043dfe9f00>,74,27,[9 1],75,-1,102,-1,75
1,<environment.Job instance at 0x7f043dfe9be0>,75,23,[13  2],76,-1,99,-1,76
1,<environment.Job instance at 0x7f043e09b820>,76,20,[12  4],77,-1,97,-1,77
1,<environment.Job instance at 0x7f043dfca960>,77,26,[8 5],78,-1,104,-1,78
1,<environment.Job instance at 0x7f043dfcaa50>,78,28,[10  4],79,-1,107,-1,79
1,<environment.Job instance at 0x7f043dbcb0f0>,1,26,[ 5 11],2,-1,28,-1,2
1,<environment.Job instance at 0x7f043dc420a0>,2,24,[4 7],3,-1,27,-1,3
1,<environment.Job instance at 0x7f043dc42280>,3,28,[3 8],4,-1,32,-1,4
1,<environment.Job instance at 0x7f043dc42960>,4,28,[ 3 11],5,-1,33,-1,5
1,<environment.Job instance at 0x7f043dc425f0>,5,19,[ 3 12],6,-1,25,-1,6
1,<environment.Job instance at 0x7f043dc428c0>,6,21,[ 1 11],7,-1,28,-1,7
1,<environment.Job instance at 0x7f043dc42af0>,7,26,[ 1 11],8,-1,34,-1,8
1,<environment.Job instance at 0x7f043dbcbd20>,9,21,[ 2 12],10,-1,31,-1,10
1,<environment.Job instance at 0x7f043dc42b40>,10,25,[ 2 12],11,-1,36,-1,11
1,<environment.Job instance at 0x7f043dc42190>,11,20,[ 5 13],12,-1,32,-1,12
1,<environment.Job instance at 0x7f043dc42690>,13,28,[ 1 13],14,-1,42,-1,14
1,<environment.Job instance at 0x7f043dc422d0>,14,26,[12  2],15,-1,41,-1,15
1,<environment.Job instance at 0x7f043dc42780>,15,21,[ 3 11],16,-1,37,-1,16
1,<environment.Job instance at 0x7f043dc42370>,16,21,[ 5 14],17,-1,38,-1,17
1,<environment.Job instance at 0x7f043dc42cd0>,17,19,[ 5 12],18,-1,37,-1,18
1,<environment.Job instance at 0x7f043dc42640>,8,17,[13  5],9,-1,35,-1,18
1,<environment.Job instance at 0x7f043dc42320>,18,28,[3 8],19,-1,47,-1,19
1,<environment.Job instance at 0x7f043dc427d0>,19,22,[14  5],20,-1,42,-1,20
1,<environment.Job instance at 0x7f043dc42050>,21,26,[ 5 13],22,-1,48,-1,22
1,<environment.Job instance at 0x7f043dc42230>,22,20,[14  2],23,-1,43,-1,23
1,<environment.Job instance at 0x7f043dc42fa0>,23,25,[5 7],24,-1,49,-1,24
1,<environment.Job instance at 0x7f043dc66be0>,24,21,[ 4 12],25,-1,46,-1,25
1,<environment.Job instance at 0x7f043dc66aa0>,26,27,[ 5 14],27,-1,54,-1,27
1,<environment.Job instance at 0x7f043dc66dc0>,27,28,[12  2],28,-1,56,-1,28
1,<environment.Job instance at 0x7f043dc66730>,28,28,[ 1 12],29,-1,57,-1,29
1,<environment.Job instance at 0x7f043dc66e10>,29,25,[12  1],30,-1,55,-1,30
1,<environment.Job instance at 0x7f043dc66370>,31,28,[ 1 14],32,-1,60,-1,32
1,<environment.Job instance at 0x7f043dc662d0>,32,26,[13  4],33,-1,59,-1,33
1,<environment.Job instance at 0x7f043dc668c0>,33,13,[ 2 14],34,-1,47,-1,34
1,<environment.Job instance at 0x7f043dc66960>,35,21,[12  2],36,-1,57,-1,36
1,<environment.Job instance at 0x7f043dc66230>,36,21,[ 5 11],37,-1,58,-1,37
1,<environment.Job instance at 0x7f043dc66d70>,37,26,[ 5 10],38,-1,64,-1,38
1,<environment.Job instance at 0x7f043dc66500>,38,27,[12  4],39,-1,66,-1,39
1,<environment.Job instance at 0x7f043dc66f50>,39,27,[14  3],40,-1,67,-1,40
1,<environment.Job instance at 0x7f043dc66a00>,40,27,[14  5],41,-1,68,-1,41
1,<environment.Job instance at 0x7f043dc66b40>,41,26,[13  1],42,-1,68,-1,42
1,<environment.Job instance at 0x7f043dc66d20>,42,25,[12  2],43,-1,68,-1,43
1,<environment.Job instance at 0x7f043dc66050>,43,21,[13  5],44,-1,65,-1,44
1,<environment.Job instance at 0x7f043dc66a50>,44,25,[11  2],45,-1,70,-1,45
1,<environment.Job instance at 0x7f043dc66550>,45,24,[11  4],46,-1,70,-1,46
1,<environment.Job instance at 0x7f043dc66640>,46,16,[ 4 14],47,-1,63,-1,47
1,<environment.Job instance at 0x7f043dc05af0>,47,28,[8 4],48,-1,76,-1,48
1,<environment.Job instance at 0x7f043dc05640>,49,28,[ 4 12],50,-1,78,-1,50
1,<environment.Job instance at 0x7f043dc055f0>,50,18,[12  2],51,-1,69,-1,51
1,<environment.Job instance at 0x7f043dc05a50>,51,15,[12  3],52,-1,67,-1,52
1,<environment.Job instance at 0x7f043dc05550>,52,25,[13  2],53,-1,78,-1,53
1,<environment.Job instance at 0x7f043dc05320>,48,20,[12  1],49,-1,73,-1,53
1,<environment.Job instance at 0x7f043dc05690>,53,26,[ 5 11],54,-1,80,-1,54
1,<environment.Job instance at 0x7f043dc05dc0>,56,26,[ 4 12],57,-1,83,-1,57
1,<environment.Job instance at 0x7f043dc05140>,57,19,[12  5],58,-1,77,-1,58
1,<environment.Job instance at 0x7f043dc054b0>,61,28,[11  2],62,-1,97,-1,69
1,<environment.Job instance at 0x7f043dc05370>,62,28,[13  5],63,-1,97,-1,69
1,<environment.Job instance at 0x7f043dc052d0>,63,20,[ 5 11],64,-1,89,-1,69
1,<environment.Job instance at 0x7f043dc053c0>,64,15,[12  1],65,-1,84,-1,69
1,<environment.Job instance at 0x7f043dc05460>,65,21,[ 1 12],66,-1,90,-1,69
1,<environment.Job instance at 0x7f043dc05280>,66,19,[14  5],67,-1,88,-1,69
1,<environment.Job instance at 0x7f043dc05d70>,67,25,[ 3 12],68,-1,94,-1,69
1,<environment.Job instance at 0x7f043dc67500>,68,28,[12  5],69,-1,97,-1,69
1,<environment.Job instance at 0x7f043dc67d20>,69,13,[12  3],70,-1,84,-1,71
1,<environment.Job instance at 0x7f043dc67a50>,70,20,[13  4],71,-1,91,-1,71
1,<environment.Job instance at 0x7f043dc674b0>,71,27,[14  3],72,-1,99,-1,72
1,<environment.Job instance at 0x7f043dc67f50>,73,26,[ 4 12],74,-1,100,-1,74
1,<environment.Job instance at 0x7f043dc672d0>,74,26,[8 3],75,-1,105,-1,79
1,<environment.Job instance at 0x7f043dc67af0>,75,23,[12  1],76,-1,102,-1,79
1,<environment.Job instance at 0x7f043dc67460>,76,19,[ 2 13],77,-1,98,-1,79
1,<environment.Job instance at 0x7f043dc26410>,1,23,[13  3],2,-1,25,-1,2
1,<environment.Job instance at 0x7f043dc67dc0>,2,25,[10  5],3,-1,28,-1,3
1,<environment.Job instance at 0x7f043dc67460>,4,24,[14  3],5,-1,29,-1,5
1,<environment.Job instance at 0x7f043e0c8410>,5,23,[13  5],6,-1,29,-1,6
1,<environment.Job instance at 0x7f043e0c80a0>,6,21,[12  3],7,-1,28,-1,7
1,<environment.Job instance at 0x7f043e0c8370>,7,19,[13  4],8,-1,27,-1,8
1,<environment.Job instance at 0x7f043e0c8aa0>,8,28,[ 4 11],9,-1,37,-1,9
1,<environment.Job instance at 0x7f043e0c8fa0>,9,25,[ 4 12],10,-1,35,-1,10
1,<environment.Job instance at 0x7f043e0c8230>,10,22,[14  1],11,-1,33,-1,11
1,<environment.Job instance at 0x7f043e0c8f00>,11,25,[7 3],12,-1,37,-1,12
1,<environment.Job instance at 0x7f043e0c8e10>,12,27,[ 4 13],13,-1,40,-1,13
1,<environment.Job instance at 0x7f043e0c8e60>,13,26,[14  4],14,-1,40,-1,14
1,<environment.Job instance at 0x7f043e0c8d70>,14,26,[9 1],15,-1,41,-1,15
1,<environment.Job instance at 0x7f043e0c8460>,16,16,[14  1],17,-1,33,-1,17
1,<environment.Job instance at 0x7f043e0c89b0>,17,27,[ 1 14],18,-1,45,-1,18
1,<environment.Job instance at 0x7f043e0c8820>,19,19,[13  1],20,-1,39,-1,20
1,<environment.Job instance at 0x7f043e0c8960>,20,15,[12  2],21,-1,36,-1,21
1,<environment.Job instance at 0x7f043e22af50>,21,20,[11  2],22,-1,42,-1,22
1,<environment.Job instance at 0x7f043e22ad20>,22,25,[ 2 13],23,-1,48,-1,23
1,<environment.Job instance at 0x7f043e22a2d0>,23,21,[ 2 13],24,-1,45,-1,24
1,<environment.Job instance at 0x7f043e2d7b90>,27,28,[ 5 14],28,-1,61,-1,33
1,<environment.Job instance at 0x7f043e2d7f50>,28,20,[11  2],29,-1,53,-1,33
1,<environment.Job instance at 0x7f043e2d7280>,30,21,[ 4 14],31,-1,54,-1,33
1,<environment.Job instance at 0x7f043e2d7af0>,31,23,[2 6],32,-1,57,-1,34
1,<environment.Job instance at 0x7f043e2d7dc0>,32,22,[14  4],33,-1,56,-1,34
1,<environment.Job instance at 0x7f043e2d70f0>,33,19,[ 5 14],34,-1,53,-1,34
1,<environment.Job instance at 0x7f043e2d79b0>,34,23,[13  1],35,-1,58,-1,35
1,<environment.Job instance at 0x7f043e2d7730>,35,20,[14  5],36,-1,56,-1,36
1,<environment.Job instance at 0x7f043e2d78c0>,36,26,[ 1 11],37,-1,63,-1,37
1,<environment.Job instance at 0x7f043e2d7690>,37,14,[ 3 13],38,-1,52,-1,38
1,<environment.Job instance at 0x7f043e2d7190>,38,13,[ 4 14],39,-1,52,-1,39
1,<environment.Job instance at 0x7f043e2d7cd0>,39,13,[ 5 14],40,-1,53,-1,40
1,<environment.Job instance at 0x7f043e2d7910>,40,27,[14  3],41,-1,68,-1,41
1,<environment.Job instance at 0x7f043e2d7eb0>,41,16,[12  5],42,-1,58,-1,42
1,<environment.Job instance at 0x7f043e2d7b40>,42,19,[13  5],43,-1,62,-1,43
1,<environment.Job instance at 0x7f043e2d7780>,43,13,[ 5 13],44,-1,57,-1,44
1,<environment.Job instance at 0x7f043e2d75f0>,44,15,[12  1],45,-1,60,-1,45
1,<environment.Job instance at 0x7f043e2d7820>,45,26,[13  2],46,-1,72,-1,46
1,<environment.Job instance at 0x7f043e2d75a0>,46,22,[13  5],47,-1,69,-1,47
1,<environment.Job instance at 0x7f043eae5370>,47,23,[ 4 11],48,-1,71,-1,48
1,<environment.Job instance at 0x7f043eae50f0>,48,17,[ 2 13],49,-1,66,-1,49
1,<environment.Job instance at 0x7f043eae5690>,49,27,[ 2 13],50,-1,77,-1,50
1,<environment.Job instance at 0x7f043eae5910>,50,20,[14  4],51,-1,71,-1,51
1,<environment.Job instance at 0x7f043eae5870>,51,26,[ 4 11],52,-1,78,-1,52
1,<environment.Job instance at 0x7f043eae5960>,52,25,[13  2],53,-1,78,-1,53
1,<environment.Job instance at 0x7f043eae5f00>,53,13,[14  2],54,-1,67,-1,54
1,<environment.Job instance at 0x7f043eae5b40>,54,24,[5 1],55,-1,79,-1,55
1,<environment.Job instance at 0x7f043eae5a00>,55,25,[ 3 11],56,-1,81,-1,56
1,<environment.Job instance at 0x7f043eae5d20>,57,26,[ 4 14],58,-1,84,-1,58
1,<environment.Job instance at 0x7f043eae5550>,58,13,[13  3],59,-1,72,-1,59
1,<environment.Job instance at 0x7f043eae5230>,59,15,[13  1],60,-1,75,-1,60
1,<environment.Job instance at 0x7f043eae59b0>,60,12,[14  2],61,-1,73,-1,61
1,<environment.Job instance at 0x7f043f0247d0>,3,22,[ 2 12],4,-1,26,-1,4
1,<environment.Job instance at 0x7f043f024cd0>,4,20,[12  3],5,-1,25,-1,5
1,<environment.Job instance at 0x7f043f024780>,5,19,[12  5],6,-1,25,-1,6
1,<environment.Job instance at 0x7f043f024d70>,6,15,[ 5 14],7,-1,22,-1,7
1,<environment.Job instance at 0x7f043ef6db90>,2,23,[11  2],3,-1,30,-1,7
1,<environment.Job instance at 0x7f043f024dc0>,8,20,[ 4 14],9,-1,29,-1,9
1,<environment.Job instance at 0x7f043f024f00>,10,25,[8 5],11,-1,36,-1,11
1,<environment.Job instance at 0x7f043f024960>,11,24,[ 1 12],12,-1,36,-1,12
1,<environment.Job instance at 0x7f043ef90370>,12,21,[ 5 11],13,-1,34,-1,13
1,<environment.Job instance at 0x7f043ef90910>,13,24,[ 2 14],14,-1,38,-1,14
1,<environment.Job instance at 0x7f043ef90e10>,14,24,[11  1],15,-1,39,-1,15
1,<environment.Job instance at 0x7f043ef907d0>,15,25,[7 1],16,-1,41,-1,16
1,<environment.Job instance at 0x7f043ef90500>,16,24,[12  5],17,-1,41,-1,17
1,<environment.Job instance at 0x7f043ef905f0>,17,23,[10  2],18,-1,41,-1,18
1,<environment.Job instance at 0x7f043ef14e10>,18,22,[ 1 11],19,-1,41,-1,19
1,<environment.Job instance at 0x7f043ef149b0>,19,23,[ 5 12],20,-1,43,-1,20
1,<environment.Job instance at 0x7f043ef14870>,20,27,[ 4 14],21,-1,48,-1,21
1,<environment.Job instance at 0x7f043ef14c80>,21,23,[ 2 11],22,-1,45,-1,22
1,<environment.Job instance at 0x7f043ef14e60>,22,28,[ 4 12],23,-1,51,-1,23
1,<environment.Job instance at 0x7f043ef144b0>,23,22,[13  1],24,-1,46,-1,24
1,<environment.Job instance at 0x7f043ef14d70>,24,25,[3 6],25,-1,50,-1,25
1,<environment.Job instance at 0x7f043ef146e0>,25,17,[11  2],26,-1,43,-1,26
1,<environment.Job instance at 0x7f043ef14c30>,26,22,[ 3 13],27,-1,49,-1,27
1,<environment.Job instance at 0x7f043ef746e0>,27,20,[13  4],28,-1,48,-1,28
1,<environment.Job instance at 0x7f043ef74aa0>,28,19,[13  4],29,-1,48,-1,29
1,<environment.Job instance at 0x7f043ef74410>,29,16,[ 2 12],30,-1,46,-1,30
1,<environment.Job instance at 0x7f043ef74960>,30,12,[ 4 14],31,-1,43,-1,31
1,<environment.Job instance at 0x7f043ef74690>,31,20,[ 5 13],32,-1,52,-1,32
1,<environment.Job instance at 0x7f043ef745f0>,33,26,[12  4],34,-1,60,-1,34
1,<environment.Job instance at 0x7f043f001280>,34,26,[ 5 12],35,-1,61,-1,35
1,<environment.Job instance at 0x7f044764aa00>,35,22,[ 1 11],36,-1,58,-1,36
1,<environment.Job instance at 0x7f044764a3c0>,36,23,[14  5],37,-1,60,-1,37
1,<environment.Job instance at 0x7f044764a730>,37,22,[ 2 11],38,-1,60,-1,38
1,<environment.Job instance at 0x7f044764a550>,38,22,[13  5],39,-1,61,-1,39
1,<environment.Job instance at 0x7f044764a9b0>,39,19,[11  1],40,-1,59,-1,40
1,<environment.Job instance at 0x7f043efadd70>,40,27,[11  5],41,-1,68,-1,41
1,<environment.Job instance at 0x7f043efad1e0>,41,16,[ 3 14],42,-1,58,-1,42
1,<environment.Job instance at 0x7f043efad2d0>,42,16,[14  1],43,-1,59,-1,43
1,<environment.Job instance at 0x7f043efad4b0>,43,19,[ 5 12],44,-1,63,-1,44
1,<environment.Job instance at 0x7f043efad500>,44,25,[ 5 13],45,-1,70,-1,45
1,<environment.Job instance at 0x7f043efaddc0>,45,26,[13  4],46,-1,72,-1,46
1,<environment.Job instance at 0x7f043efad7d0>,46,21,[ 4 14],47,-1,68,-1,47
1,<environment.Job instance at 0x7f043efad050>,47,25,[ 3 12],48,-1,73,-1,48
1,<environment.Job instance at 0x7f043ee21230>,48,27,[14  3],49,-1,76,-1,49
1,<environment.Job instance at 0x7f04478d6eb0>,50,14,[14  4],51,-1,65,-1,51
1,<environment.Job instance at 0x7f04478d6a00>,51,28,[13  2],52,-1,80,-1,52
1,<environment.Job instance at 0x7f043eeed1e0>,52,28,[ 5 14],53,-1,81,-1,53
1,<environment.Job instance at 0x7f043eeed410>,54,14,[12  4],55,-1,69,-1,55
1,<environment.Job instance at 0x7f043eeed2d0>,55,25,[12  4],56,-1,81,-1,56
1,<environment.Job instance at 0x7f043eeeda50>,56,20,[ 3 14],57,-1,77,-1,57
1,<environment.Job instance at 0x7f043eeed500>,57,28,[ 3 14],58,-1,86,-1,58
1,<environment.Job instance at 0x7f043eeed7d0>,58,28,[11  5],59,-1,87,-1,59
1,<environment.Job instance at 0x7f043eeed190>,59,24,[8 4],60,-1,84,-1,60
1,<environment.Job instance at 0x7f043eeed370>,61,20,[12  3],62,-1,82,-1,62
1,<environment.Job instance at 0x7f043eeed0f0>,62,25,[13  2],63,-1,88,-1,63
1,<environment.Job instance at 0x7f043eeedf00>,63,14,[14  3],64,-1,78,-1,64
1,<environment.Job instance at 0x7f043eeed780>,64,16,[13  2],65,-1,81,-1,65
1,<environment.Job instance at 0x7f043eeed550>,65,26,[13  5],66,-1,92,-1,66
1,<environment.Job instance at 0x7f043eeeddc0>,66,24,[ 3 12],67,-1,91,-1,67
1,<environment.Job instance at 0x7f043eeed820>,67,23,[ 3 11],68,-1,91,-1,68
1,<environment.Job instance at 0x7f043ea92690>,68,22,[11  4],69,-1,91,-1,69
1,<environment.Job instance at 0x7f043eeb87d0>,69,21,[12  3],70,-1,91,-1,70
1,<environment.Job instance at 0x7f044764ba00>,70,12,[ 5 14],71,-1,83,-1,71
1,<environment.Job instance at 0x7f044764b320>,71,23,[12  5],72,-1,95,-1,72
1,<environment.Job instance at 0x7f043e93d550>,73,23,[ 5 11],74,-1,97,-1,74
1,<environment.Job instance at 0x7f043df98fa0>,74,25,[13  5],75,-1,100,-1,75
1,<environment.Job instance at 0x7f043e480910>,75,19,[ 5 13],76,-1,95,-1,76
1,<environment.Job instance at 0x7f043f09c320>,76,15,[ 4 12],77,-1,92,-1,77
1,<environment.Job instance at 0x7f043e9a1500>,77,28,[ 5 10],78,-1,106,-1,78
1,<environment.Job instance at 0x7f043e341f00>,2,28,[2 8],3,-1,31,-1,3
1,<environment.Job instance at 0x7f043e3921e0>,3,24,[13  5],4,-1,28,-1,4
1,<environment.Job instance at 0x7f043e31f2d0>,4,17,[ 4 13],5,-1,22,-1,5
1,<environment.Job instance at 0x7f043e31f5a0>,5,21,[13  4],6,-1,27,-1,6
1,<environment.Job instance at 0x7f043e31f410>,6,22,[ 5 12],7,-1,29,-1,7
1,<environment.Job instance at 0x7f043e31f370>,7,13,[ 4 11],8,-1,21,-1,8
1,<environment.Job instance at 0x7f043e31f230>,8,15,[14  2],9,-1,24,-1,9
1,<environment.Job instance at 0x7f043e31f320>,9,26,[ 1 13],10,-1,36,-1,10
1,<environment.Job instance at 0x7f043e31fd70>,11,27,[ 2 12],12,-1,39,-1,12
1,<environment.Job instance at 0x7f043e31f820>,12,17,[14  5],13,-1,30,-1,13
1,<environment.Job instance at 0x7f043e31f8c0>,13,24,[13  3],14,-1,38,-1,14
1,<environment.Job instance at 0x7f043e31f960>,14,22,[12  3],15,-1,37,-1,15
1,<environment.Job instance at 0x7f043e31fcd0>,15,14,[ 5 12],16,-1,30,-1,16
1,<environment.Job instance at 0x7f043e31fa50>,16,16,[ 5 11],17,-1,33,-1,17
1,<environment.Job instance at 0x7f043e31f640>,17,23,[10  4],18,-1,41,-1,18
1,<environment.Job instance at 0x7f043e31f7d0>,18,20,[ 1 12],19,-1,39,-1,19
1,<environment.Job instance at 0x7f043deb2460>,19,21,[14  1],20,-1,41,-1,20
1,<environment.Job instance at 0x7f043deb20f0>,20,20,[14  2],21,-1,41,-1,21
1,<environment.Job instance at 0x7f043deb2640>,21,22,[14  4],22,-1,44,-1,22
1,<environment.Job instance at 0x7f043deb2f00>,24,19,[1 7],25,-1,46,-1,27
1,<environment.Job instance at 0x7f043deb2eb0>,27,20,[11  4],28,-1,48,-1,28
1,<environment.Job instance at 0x7f043deb2f50>,28,23,[14  4],29,-1,52,-1,29
1,<environment.Job instance at 0x7f043deb2be0>,29,19,[ 3 14],30,-1,49,-1,30
1,<environment.Job instance at 0x7f043deb2870>,30,21,[14  2],31,-1,52,-1,31
1,<environment.Job instance at 0x7f043deb2e10>,31,24,[14  2],32,-1,56,-1,32
1,<environment.Job instance at 0x7f043deb2690>,32,21,[ 5 11],33,-1,54,-1,33
1,<environment.Job instance at 0x7f043de942d0>,33,20,[ 2 12],34,-1,54,-1,34
1,<environment.Job instance at 0x7f043de947d0>,34,23,[ 4 11],35,-1,58,-1,35
1,<environment.Job instance at 0x7f043de94c30>,35,24,[3 8],36,-1,60,-1,36
1,<environment.Job instance at 0x7f043de94190>,36,23,[ 3 13],37,-1,60,-1,37
1,<environment.Job instance at 0x7f043de94b40>,37,21,[14  4],38,-1,59,-1,38
1,<environment.Job instance at 0x7f043de94870>,39,24,[ 3 12],40,-1,64,-1,40
1,<environment.Job instance at 0x7f043deb2280>,41,16,[6 3],42,-1,71,-1,55
1,<environment.Job instance at 0x7f043de94be0>,42,22,[ 5 13],43,-1,77,-1,55
1,<environment.Job instance at 0x7f043de94e60>,43,20,[14  4],44,-1,75,-1,55
1,<environment.Job instance at 0x7f043de94eb0>,44,23,[11  1],45,-1,78,-1,55
1,<environment.Job instance at 0x7f043de94a50>,45,25,[5 8],46,-1,80,-1,55
1,<environment.Job instance at 0x7f043de94f00>,46,27,[13  4],47,-1,82,-1,55
1,<environment.Job instance at 0x7f043de94aa0>,47,21,[ 3 11],48,-1,76,-1,55
1,<environment.Job instance at 0x7f043de941e0>,48,14,[12  4],49,-1,69,-1,55
1,<environment.Job instance at 0x7f043de94460>,49,12,[12  3],50,-1,67,-1,55
1,<environment.Job instance at 0x7f043de94550>,50,26,[ 3 12],51,-1,81,-1,55
1,<environment.Job instance at 0x7f043de94140>,51,12,[11  4],52,-1,67,-1,55
1,<environment.Job instance at 0x7f043de94230>,52,23,[ 2 11],53,-1,78,-1,55
1,<environment.Job instance at 0x7f043e983730>,53,14,[ 5 12],54,-1,69,-1,55
1,<environment.Job instance at 0x7f043e983af0>,54,19,[11  3],55,-1,74,-1,55
1,<environment.Job instance at 0x7f043e983cd0>,55,28,[ 2 11],56,-1,84,-1,56
1,<environment.Job instance at 0x7f043e983eb0>,56,24,[ 1 13],57,-1,81,-1,57
1,<environment.Job instance at 0x7f043e983780>,57,25,[ 5 13],58,-1,83,-1,58
1,<environment.Job instance at 0x7f043e9831e0>,58,19,[11  3],59,-1,78,-1,59
1,<environment.Job instance at 0x7f043e983320>,59,24,[8 2],60,-1,84,-1,60
1,<environment.Job instance at 0x7f043e9839b0>,60,21,[ 2 12],61,-1,82,-1,61
1,<environment.Job instance at 0x7f043e9833c0>,61,23,[ 2 12],62,-1,85,-1,62
1,<environment.Job instance at 0x7f043e983140>,62,14,[ 4 10],63,-1,77,-1,63
1,<environment.Job instance at 0x7f043e983a50>,63,26,[ 5 11],64,-1,90,-1,64
1,<environment.Job instance at 0x7f043e983e10>,64,19,[14  5],65,-1,84,-1,65
1,<environment.Job instance at 0x7f043e983dc0>,65,21,[13  5],66,-1,87,-1,66
1,<environment.Job instance at 0x7f043e983be0>,66,24,[ 5 12],67,-1,91,-1,67
1,<environment.Job instance at 0x7f043e983460>,67,19,[12  2],68,-1,87,-1,68
1,<environment.Job instance at 0x7f043e983c80>,68,22,[ 5 11],69,-1,91,-1,69
1,<environment.Job instance at 0x7f043dc7b9b0>,69,26,[ 4 13],70,-1,96,-1,70
1,<environment.Job instance at 0x7f043dc7b0f0>,70,27,[ 2 12],71,-1,98,-1,71
1,<environment.Job instance at 0x7f043dc7b3c0>,71,19,[13  2],72,-1,91,-1,72
1,<environment.Job instance at 0x7f043dc7bb90>,72,12,[11  2],73,-1,85,-1,73
1,<environment.Job instance at 0x7f043dc7bbe0>,74,14,[5 1],75,-1,89,-1,75
1,<environment.Job instance at 0x7f043dc7b910>,76,26,[7 3],77,-1,103,-1,77
1,<environment.Job instance at 0x7f043dc7b960>,77,25,[ 1 13],78,-1,103,-1,78
1,<environment.Job instance at 0x7f043dc7bc80>,78,22,[ 1 12],79,-1,101,-1,79
1,<environment.Job instance at 0x7f043dc7b190>,2,20,[ 1 11],3,-1,23,-1,3
1,<environment.Job instance at 0x7f043db942d0>,3,19,[13  2],4,-1,23,-1,4
1,<environment.Job instance at 0x7f043db944b0>,4,19,[ 1 11],5,-1,24,-1,5
1,<environment.Job instance at 0x7f043db943c0>,5,20,[13  5],6,-1,26,-1,6
1,<environment.Job instance at 0x7f043db94500>,6,27,[ 1 14],7,-1,34,-1,7
1,<environment.Job instance at 0x7f043db945a0>,7,26,[12  3],8,-1,34,-1,8
1,<environment.Job instance at 0x7f043db94640>,8,24,[11  3],9,-1,33,-1,9
1,<environment.Job instance at 0x7f043db946e0>,9,25,[13  2],10,-1,35,-1,10
1,<environment.Job instance at 0x7f043db94780>,10,20,[ 5 14],11,-1,31,-1,11
1,<environment.Job instance at 0x7f043db94820>,11,22,[ 5 14],12,-1,34,-1,12
1,<environment.Job instance at 0x7f043db948c0>,12,25,[ 3 12],13,-1,38,-1,13
1,<environment.Job instance at 0x7f043db94960>,13,28,[ 1 12],14,-1,42,-1,14
1,<environment.Job instance at 0x7f043db94a00>,14,20,[ 1 14],15,-1,35,-1,15
1,<environment.Job instance at 0x7f043db94aa0>,15,26,[ 3 12],16,-1,42,-1,16
1,<environment.Job instance at 0x7f043db94b40>,16,16,[ 3 12],17,-1,33,-1,17
1,<environment.Job instance at 0x7f043db94be0>,17,14,[13  3],18,-1,32,-1,18
1,<environment.Job instance at 0x7f043db94d20>,19,28,[ 2 13],20,-1,48,-1,20
1,<environment.Job instance at 0x7f043db94e10>,21,23,[ 4 11],22,-1,45,-1,22
1,<environment.Job instance at 0x7f043dc7bc80>,22,16,[ 5 13],23,-1,39,-1,23
1,<environment.Job instance at 0x7f043db84140>,24,21,[ 4 14],25,-1,46,-1,25
1,<environment.Job instance at 0x7f043db842d0>,25,12,[12  5],26,-1,38,-1,26
1,<environment.Job instance at 0x7f043db94fa0>,27,26,[14  4],28,-1,54,-1,28
1,<environment.Job instance at 0x7f043db84370>,28,23,[ 3 12],29,-1,52,-1,29
1,<environment.Job instance at 0x7f043db844b0>,30,24,[ 4 13],31,-1,55,-1,31
1,<environment.Job instance at 0x7f043db84690>,31,23,[9 1],32,-1,74,-1,51
1,<environment.Job instance at 0x7f043db84960>,35,28,[5 1],36,-1,79,-1,51
1,<environment.Job instance at 0x7f043db84a00>,36,19,[ 1 14],37,-1,70,-1,51
1,<environment.Job instance at 0x7f043db84820>,37,22,[ 4 11],38,-1,73,-1,51
1,<environment.Job instance at 0x7f043db84780>,38,28,[6 1],39,-1,79,-1,51
1,<environment.Job instance at 0x7f043db84be0>,39,21,[13  2],40,-1,72,-1,51
1,<environment.Job instance at 0x7f043db84af0>,40,20,[14  3],41,-1,71,-1,51
1,<environment.Job instance at 0x7f043db84c80>,41,22,[12  2],42,-1,73,-1,51
1,<environment.Job instance at 0x7f043db84d20>,42,14,[ 3 14],43,-1,65,-1,51
1,<environment.Job instance at 0x7f043db84dc0>,43,12,[ 3 12],44,-1,63,-1,51
1,<environment.Job instance at 0x7f043db84e60>,44,25,[12  2],45,-1,76,-1,51
1,<environment.Job instance at 0x7f043db84f50>,45,24,[14  4],46,-1,75,-1,51
1,<environment.Job instance at 0x7f043db84fa0>,46,21,[ 2 12],47,-1,72,-1,51
1,<environment.Job instance at 0x7f043db86050>,47,26,[13  5],48,-1,77,-1,51
1,<environment.Job instance at 0x7f043db860a0>,48,24,[ 2 10],49,-1,75,-1,51
1,<environment.Job instance at 0x7f043db86280>,50,27,[12  2],51,-1,83,-1,56
1,<environment.Job instance at 0x7f043db863c0>,51,25,[12  4],52,-1,81,-1,56
1,<environment.Job instance at 0x7f043db86500>,52,27,[7 2],53,-1,83,-1,56
1,<environment.Job instance at 0x7f043db865a0>,53,24,[ 2 13],54,-1,80,-1,56
1,<environment.Job instance at 0x7f043db86640>,54,19,[11  1],55,-1,79,-1,60
1,<environment.Job instance at 0x7f043db866e0>,55,23,[ 3 14],56,-1,83,-1,60
1,<environment.Job instance at 0x7f043db86690>,56,14,[ 4 13],57,-1,74,-1,60
1,<environment.Job instance at 0x7f043db86410>,57,27,[ 4 12],58,-1,87,-1,60
1,<environment.Job instance at 0x7f043db865f0>,59,22,[ 2 13],60,-1,98,-1,76
1,<environment.Job instance at 0x7f043db86910>,60,19,[ 4 13],61,-1,95,-1,76
1,<environment.Job instance at 0x7f043db869b0>,61,19,[13  4],62,-1,95,-1,76
1,<environment.Job instance at 0x7f043db86a50>,62,19,[14  3],63,-1,95,-1,76
1,<environment.Job instance at 0x7f043db86af0>,63,15,[ 1 12],64,-1,91,-1,76
1,<environment.Job instance at 0x7f043db86b90>,64,21,[ 5 14],65,-1,97,-1,76
1,<environment.Job instance at 0x7f043db86c30>,65,16,[11  2],66,-1,95,-1,79
1,<environment.Job instance at 0x7f043db86cd0>,66,25,[12  3],67,-1,104,-1,79
1,<environment.Job instance at 0x7f043db86d70>,67,22,[ 5 13],68,-1,101,-1,79
1,<environment.Job instance at 0x7f043db86dc0>,2,20,[ 4 14],3,-1,23,-1,3
1,<environment.Job instance at 0x7f043f160cd0>,4,21,[ 1 12],5,-1,26,-1,5
1,<environment.Job instance at 0x7f043f1605f0>,6,20,[ 2 11],7,-1,27,-1,7
1,<environment.Job instance at 0x7f043f1604b0>,7,26,[ 1 12],8,-1,34,-1,8
1,<environment.Job instance at 0x7f043f160780>,8,28,[12  2],9,-1,37,-1,9
1,<environment.Job instance at 0x7f043f160820>,9,23,[14  1],10,-1,33,-1,10
1,<environment.Job instance at 0x7f043f1605a0>,10,28,[11  1],11,-1,39,-1,11
1,<environment.Job instance at 0x7f043ecb0a50>,11,18,[ 1 13],12,-1,30,-1,12
1,<environment.Job instance at 0x7f043ecb0820>,12,27,[ 5 12],13,-1,40,-1,13
1,<environment.Job instance at 0x7f043ecb0d20>,13,21,[ 1 14],14,-1,35,-1,14
1,<environment.Job instance at 0x7f043db86d70>,15,14,[12  4],16,-1,30,-1,16
1,<environment.Job instance at 0x7f043ecb01e0>,14,22,[14  2],15,-1,38,-1,16
1,<environment.Job instance at 0x7f043ecb05a0>,17,20,[12  5],18,-1,38,-1,18
1,<environment.Job instance at 0x7f043ecb0e60>,18,27,[14  4],19,-1,46,-1,19
1,<environment.Job instance at 0x7f043ecb07d0>,19,27,[14  4],20,-1,47,-1,20
1,<environment.Job instance at 0x7f043ecb0af0>,20,19,[14  1],21,-1,40,-1,21
1,<environment.Job instance at 0x7f043ecb0aa0>,22,21,[ 5 14],23,-1,44,-1,23
1,<environment.Job instance at 0x7f043ecb0f50>,23,24,[7 2],24,-1,48,-1,24
1,<environment.Job instance at 0x7f043e44b640>,24,27,[14  1],25,-1,52,-1,25
1,<environment.Job instance at 0x7f043ecb0a00>,21,14,[12  2],22,-1,39,-1,25
1,<environment.Job instance at 0x7f043ecb0640>,25,28,[ 2 14],26,-1,54,-1,26
1,<environment.Job instance at 0x7f043e44b730>,26,21,[ 2 12],27,-1,48,-1,27
1,<environment.Job instance at 0x7f043e44bdc0>,27,27,[ 2 11],28,-1,55,-1,28
1,<environment.Job instance at 0x7f043e44b820>,28,27,[ 1 11],29,-1,56,-1,29
1,<environment.Job instance at 0x7f043e44be10>,29,26,[ 2 14],30,-1,56,-1,30
1,<environment.Job instance at 0x7f043e44ba50>,30,25,[12  5],31,-1,56,-1,31
1,<environment.Job instance at 0x7f043e44b0a0>,31,19,[ 4 14],32,-1,51,-1,32
1,<environment.Job instance at 0x7f043e44bd70>,32,19,[ 5 13],33,-1,52,-1,33
1,<environment.Job instance at 0x7f043e44b6e0>,33,24,[ 4 11],34,-1,58,-1,34
1,<environment.Job instance at 0x7f043e44bc80>,34,26,[11  4],35,-1,61,-1,35
1,<environment.Job instance at 0x7f043e44b870>,35,28,[2 7],36,-1,64,-1,36
1,<environment.Job instance at 0x7f043e44b910>,37,26,[12  5],38,-1,64,-1,38
1,<environment.Job instance at 0x7f043e44b320>,38,25,[ 4 14],39,-1,64,-1,39
1,<environment.Job instance at 0x7f043e44b1e0>,39,25,[ 1 10],40,-1,65,-1,40
1,<environment.Job instance at 0x7f043e44bb40>,40,25,[ 3 10],41,-1,66,-1,41
1,<environment.Job instance at 0x7f043e44baf0>,41,23,[ 3 10],42,-1,65,-1,42
1,<environment.Job instance at 0x7f043e44bc30>,42,21,[ 4 11],43,-1,64,-1,43
1,<environment.Job instance at 0x7f043e44b230>,43,27,[ 5 14],44,-1,71,-1,44
1,<environment.Job instance at 0x7f043e44b460>,44,25,[14  3],45,-1,70,-1,45
1,<environment.Job instance at 0x7f043e44b3c0>,46,19,[ 1 13],47,-1,66,-1,47
1,<environment.Job instance at 0x7f043e44b280>,45,18,[12  1],46,-1,65,-1,47
1,<environment.Job instance at 0x7f043e44b370>,47,26,[10  3],48,-1,74,-1,48
1,<environment.Job instance at 0x7f043dc64460>,48,23,[ 2 11],49,-1,72,-1,49
1,<environment.Job instance at 0x7f043dc64140>,49,25,[ 5 11],50,-1,75,-1,50
1,<environment.Job instance at 0x7f043dc642d0>,50,27,[11  5],51,-1,78,-1,51
1,<environment.Job instance at 0x7f043e44b780>,52,24,[7 1],53,-1,77,-1,53
1,<environment.Job instance at 0x7f043dc64320>,53,21,[11  1],54,-1,76,-1,55
1,<environment.Job instance at 0x7f043dc64410>,55,26,[11  4],56,-1,82,-1,56
1,<environment.Job instance at 0x7f043dc64640>,56,21,[12  4],57,-1,78,-1,57
1,<environment.Job instance at 0x7f043dc64af0>,57,26,[ 1 13],58,-1,84,-1,58
1,<environment.Job instance at 0x7f043dc64820>,58,26,[ 1 12],59,-1,85,-1,59
1,<environment.Job instance at 0x7f043dc64730>,59,19,[11  4],60,-1,79,-1,60
1,<environment.Job instance at 0x7f043dc64b40>,60,23,[11  3],61,-1,84,-1,61
1,<environment.Job instance at 0x7f043dbcbf00>,61,23,[ 4 10],62,-1,85,-1,62
1,<environment.Job instance at 0x7f043dbcb3c0>,62,12,[11  4],63,-1,75,-1,63
1,<environment.Job instance at 0x7f043dbcbd70>,63,24,[11  5],64,-1,88,-1,64
1,<environment.Job instance at 0x7f043dbcbdc0>,64,21,[ 3 13],65,-1,86,-1,65
1,<environment.Job instance at 0x7f043dbcbb90>,65,15,[11  4],66,-1,81,-1,66
1,<environment.Job instance at 0x7f043dbcb140>,66,28,[ 5 11],67,-1,95,-1,67
1,<environment.Job instance at 0x7f043dbcbcd0>,67,28,[1 5],68,-1,96,-1,68
1,<environment.Job instance at 0x7f043dbcba50>,68,20,[13  1],69,-1,89,-1,69
1,<environment.Job instance at 0x7f043dbcbeb0>,69,21,[ 3 12],70,-1,91,-1,70
1,<environment.Job instance at 0x7f043dbcb230>,70,25,[12  3],71,-1,96,-1,71
1,<environment.Job instance at 0x7f043e8d4e60>,1,21,[ 1 12],2,-1,23,-1,2
1,<environment.Job instance at 0x7f043f015690>,2,28,[5 5],3,-1,31,-1,3
1,<environment.Job instance at 0x7f043f015cd0>,3,21,[ 5 14],4,-1,25,-1,4
1,<environment.Job instance at 0x7f043d7a7280>,4,24,[11  4],5,-1,29,-1,5
1,<environment.Job instance at 0x7f043d7a7460>,5,15,[ 4 11],6,-1,21,-1,6
1,<environment.Job instance at 0x7f043e5b70a0>,6,27,[5 1],7,-1,34,-1,7
1,<environment.Job instance at 0x7f043e5b7cd0>,7,21,[ 1 12],8,-1,29,-1,8
1,<environment.Job instance at 0x7f043e767190>,8,26,[4 9],9,-1,35,-1,9
1,<environment.Job instance at 0x7f043f0153c0>,10,16,[ 4 11],11,-1,27,-1,11
1,<environment.Job instance at 0x7f043db98c30>,11,25,[14  3],12,-1,37,-1,12
1,<environment.Job instance at 0x7f043db98230>,12,28,[13  1],13,-1,41,-1,13
1,<environment.Job instance at 0x7f043db98c80>,13,22,[14  1],14,-1,36,-1,14
1,<environment.Job instance at 0x7f043e0f4e60>,9,25,[6 1],10,-1,39,-1,14
1,<environment.Job instance at 0x7f043e0f4be0>,14,25,[13  3],15,-1,40,-1,15
1,<environment.Job instance at 0x7f043e9bed20>,16,19,[12  1],17,-1,36,-1,17
1,<environment.Job instance at 0x7f043d784960>,17,26,[ 4 13],18,-1,44,-1,18
1,<environment.Job instance at 0x7f043de6d0a0>,19,25,[12  4],20,-1,45,-1,20
1,<environment.Job instance at 0x7f043e607230>,20,20,[ 2 12],21,-1,41,-1,21
1,<environment.Job instance at 0x7f043e607b40>,21,25,[ 5 14],22,-1,47,-1,22
1,<environment.Job instance at 0x7f043e607e10>,22,19,[ 5 12],23,-1,42,-1,23
1,<environment.Job instance at 0x7f043e6079b0>,23,26,[ 1 12],24,-1,50,-1,24
1,<environment.Job instance at 0x7f043e607550>,24,28,[ 3 12],25,-1,53,-1,25
1,<environment.Job instance at 0x7f043e607140>,25,20,[ 1 12],26,-1,46,-1,26
1,<environment.Job instance at 0x7f043e23b410>,26,19,[11  1],27,-1,46,-1,27
1,<environment.Job instance at 0x7f043e23bdc0>,30,28,[ 4 12],31,-1,59,-1,31
1,<environment.Job instance at 0x7f0447ba0230>,31,25,[ 2 12],32,-1,57,-1,32
1,<environment.Job instance at 0x7f0447ba0820>,32,24,[11  2],33,-1,57,-1,33
1,<environment.Job instance at 0x7f043e23b230>,33,18,[ 1 11],34,-1,52,-1,34
1,<environment.Job instance at 0x7f043d755d20>,34,22,[12  3],35,-1,57,-1,35
1,<environment.Job instance at 0x7f043d7553c0>,35,26,[ 3 11],36,-1,62,-1,36
1,<environment.Job instance at 0x7f043d755820>,37,21,[11  5],38,-1,59,-1,38
1,<environment.Job instance at 0x7f043d755190>,38,26,[12  2],39,-1,65,-1,39
1,<environment.Job instance at 0x7f043deb8aa0>,39,20,[ 5 13],40,-1,60,-1,40
1,<environment.Job instance at 0x7f043deb8eb0>,40,23,[11  3],41,-1,64,-1,41
1,<environment.Job instance at 0x7f043deb8230>,41,24,[13  5],42,-1,66,-1,42
1,<environment.Job instance at 0x7f043deb8b90>,42,27,[11  5],43,-1,70,-1,43
1,<environment.Job instance at 0x7f0447ba08c0>,44,28,[ 3 12],45,-1,74,-1,46
1,<environment.Job instance at 0x7f043deb8780>,45,26,[12  3],46,-1,72,-1,46
1,<environment.Job instance at 0x7f043deb80f0>,46,14,[ 4 12],47,-1,61,-1,47
1,<environment.Job instance at 0x7f0447697b40>,47,17,[ 2 11],48,-1,65,-1,48
1,<environment.Job instance at 0x7f0447697370>,48,28,[12  3],49,-1,77,-1,49
1,<environment.Job instance at 0x7f043deb8d70>,50,23,[13  1],51,-1,88,-1,65
1,<environment.Job instance at 0x7f043d7b8af0>,51,19,[ 4 14],52,-1,84,-1,65
1,<environment.Job instance at 0x7f043d7b8280>,52,21,[ 3 12],53,-1,86,-1,65
1,<environment.Job instance at 0x7f043d7b8a50>,53,24,[ 4 11],54,-1,89,-1,65
1,<environment.Job instance at 0x7f043d7b8b90>,54,26,[13  2],55,-1,91,-1,65
1,<environment.Job instance at 0x7f043d7b8d70>,55,22,[12  3],56,-1,87,-1,65
1,<environment.Job instance at 0x7f043d7b8190>,56,19,[ 5 11],57,-1,84,-1,65
1,<environment.Job instance at 0x7f043d7b8690>,57,20,[ 5 13],58,-1,85,-1,65
1,<environment.Job instance at 0x7f043d7b8500>,58,20,[ 1 14],59,-1,85,-1,65
1,<environment.Job instance at 0x7f043dc07dc0>,59,23,[14  2],60,-1,88,-1,65
1,<environment.Job instance at 0x7f043e3ef8c0>,60,16,[ 3 12],61,-1,81,-1,65
1,<environment.Job instance at 0x7f043ee0d730>,61,12,[14  3],62,-1,77,-1,65
1,<environment.Job instance at 0x7f043e787d20>,62,26,[14  3],63,-1,91,-1,65
1,<environment.Job instance at 0x7f043dfe9b40>,63,27,[ 3 14],64,-1,92,-1,65
1,<environment.Job instance at 0x7f043db85410>,65,27,[ 5 13],66,-1,99,-1,72
1,<environment.Job instance at 0x7f043e040640>,66,25,[13  4],67,-1,97,-1,72
1,<environment.Job instance at 0x7f043db851e0>,67,27,[ 2 14],68,-1,99,-1,72
1,<environment.Job instance at 0x7f043db85aa0>,68,21,[ 2 14],69,-1,93,-1,72
1,<environment.Job instance at 0x7f043db850a0>,69,22,[ 3 11],70,-1,94,-1,72
1,<environment.Job instance at 0x7f043dd64870>,70,28,[ 4 14],71,-1,100,-1,72
1,<environment.Job instance at 0x7f04476bf640>,71,12,[ 1 12],72,-1,84,-1,72
1,<environment.Job instance at 0x7f043eb9b0f0>,72,28,[8 2],73,-1,101,-1,73
1,<environment.Job instance at 0x7f043de689b0>,73,19,[14  4],74,-1,93,-1,74
1,<environment.Job instance at 0x7f043e2161e0>,74,23,[12  3],75,-1,98,-1,75
1,<environment.Job instance at 0x7f043de728c0>,75,15,[11  3],76,-1,91,-1,76
1,<environment.Job instance at 0x7f04476a0460>,76,23,[12  3],77,-1,100,-1,77
1,<environment.Job instance at 0x7f04476a08c0>,77,27,[13  4],78,-1,105,-1,78
1,<environment.Job instance at 0x7f043e1ef0a0>,78,23,[4 5],79,-1,102,-1,79
1,<environment.Job instance at 0x7f043e34a1e0>,1,24,[13  5],2,-1,26,-1,2
1,<environment.Job instance at 0x7f043e1efa50>,2,26,[ 4 12],3,-1,29,-1,3
1,<environment.Job instance at 0x7f043e89cb40>,4,23,[ 4 11],5,-1,28,-1,5
1,<environment.Job instance at 0x7f043e89c8c0>,5,26,[ 3 14],6,-1,32,-1,6
1,<environment.Job instance at 0x7f043e03ef00>,6,12,[ 2 13],7,-1,19,-1,7
1,<environment.Job instance at 0x7f043e03edc0>,7,19,[ 4 11],8,-1,27,-1,8
1,<environment.Job instance at 0x7f043e03ef50>,8,27,[ 3 12],9,-1,36,-1,9
1,<environment.Job instance at 0x7f043e03ea50>,9,27,[11  1],10,-1,37,-1,10
1,<environment.Job instance at 0x7f043e368910>,11,25,[14  5],12,-1,37,-1,12
1,<environment.Job instance at 0x7f043e03eeb0>,10,13,[13  4],11,-1,25,-1,12
1,<environment.Job instance at 0x7f043e03e050>,12,27,[6 1],13,-1,40,-1,13
1,<environment.Job instance at 0x7f043e03e690>,13,15,[13  1],14,-1,29,-1,14
1,<environment.Job instance at 0x7f043e27bd70>,14,27,[ 3 14],15,-1,42,-1,15
1,<environment.Job instance at 0x7f043e27bd20>,15,19,[13  3],16,-1,35,-1,16
1,<environment.Job instance at 0x7f043e01cfa0>,16,24,[13  3],17,-1,41,-1,17
1,<environment.Job instance at 0x7f043e01c500>,17,22,[ 3 13],18,-1,40,-1,18
1,<environment.Job instance at 0x7f043ef90550>,19,26,[ 4 13],20,-1,46,-1,20
1,<environment.Job instance at 0x7f043e01c870>,20,23,[13  3],21,-1,44,-1,21
1,<environment.Job instance at 0x7f043e01cbe0>,21,20,[12  4],22,-1,42,-1,22
1,<environment.Job instance at 0x7f043e10b730>,22,26,[2 7],23,-1,49,-1,23
1,<environment.Job instance at 0x7f043e10b8c0>,23,23,[13  3],24,-1,47,-1,24
1,<environment.Job instance at 0x7f043e10bfa0>,24,23,[14  1],25,-1,48,-1,25
1,<environment.Job instance at 0x7f043eeb8c80>,25,23,[13  2],26,-1,49,-1,26
1,<environment.Job instance at 0x7f043eeb8d70>,26,25,[4 5],27,-1,52,-1,27
1,<environment.Job instance at 0x7f043eeb8280>,27,21,[14  1],28,-1,49,-1,28
1,<environment.Job instance at 0x7f043eee05f0>,28,27,[ 1 13],29,-1,56,-1,29
1,<environment.Job instance at 0x7f043e526780>,29,19,[14  1],30,-1,49,-1,30
1,<environment.Job instance at 0x7f043e682a00>,30,26,[14  5],31,-1,57,-1,31
1,<environment.Job instance at 0x7f0447703dc0>,31,24,[ 2 13],32,-1,56,-1,32
1,<environment.Job instance at 0x7f043efb33c0>,32,25,[13  1],33,-1,58,-1,33
1,<environment.Job instance at 0x7f043efb30f0>,33,22,[ 1 12],34,-1,56,-1,34
1,<environment.Job instance at 0x7f043efbfbe0>,34,22,[12  4],35,-1,57,-1,35
1,<environment.Job instance at 0x7f043efbfa50>,35,25,[ 4 11],36,-1,61,-1,36
1,<environment.Job instance at 0x7f043e1b7370>,36,25,[ 5 14],37,-1,62,-1,37
1,<environment.Job instance at 0x7f043e1b7b40>,37,26,[ 3 12],38,-1,64,-1,38
1,<environment.Job instance at 0x7f043e1b7c30>,38,20,[ 4 13],39,-1,59,-1,39
1,<environment.Job instance at 0x7f043e1b7d20>,39,24,[14  5],40,-1,64,-1,40
1,<environment.Job instance at 0x7f0447c9d0f0>,40,27,[ 5 13],41,-1,68,-1,41
1,<environment.Job instance at 0x7f043e686f00>,41,20,[ 4 14],42,-1,62,-1,42
1,<environment.Job instance at 0x7f043e114320>,42,14,[ 1 14],43,-1,57,-1,43
1,<environment.Job instance at 0x7f043e114fa0>,43,24,[5 8],44,-1,68,-1,44
1,<environment.Job instance at 0x7f043efba230>,44,23,[11  4],45,-1,68,-1,45
1,<environment.Job instance at 0x7f043efba9b0>,45,24,[14  4],46,-1,70,-1,46
1,<environment.Job instance at 0x7f043efc5fa0>,46,23,[ 2 13],47,-1,70,-1,47
1,<environment.Job instance at 0x7f043efc5dc0>,47,21,[14  4],48,-1,69,-1,48
1,<environment.Job instance at 0x7f043efc5640>,48,25,[ 1 12],49,-1,74,-1,49
1,<environment.Job instance at 0x7f043e1194b0>,49,28,[ 1 11],50,-1,78,-1,50
1,<environment.Job instance at 0x7f043e119d20>,50,15,[ 5 10],51,-1,66,-1,51
1,<environment.Job instance at 0x7f043e119e60>,51,28,[14  2],52,-1,80,-1,52
1,<environment.Job instance at 0x7f043e1192d0>,52,28,[13  4],53,-1,81,-1,53
1,<environment.Job instance at 0x7f043e119820>,53,22,[ 5 14],54,-1,76,-1,54
1,<environment.Job instance at 0x7f043e116eb0>,54,28,[ 1 11],55,-1,83,-1,55
1,<environment.Job instance at 0x7f043e1161e0>,55,22,[14  5],56,-1,78,-1,56
1,<environment.Job instance at 0x7f043e674b90>,56,22,[ 1 14],57,-1,79,-1,57
1,<environment.Job instance at 0x7f043e1294b0>,58,16,[ 3 13],59,-1,75,-1,59
1,<environment.Job instance at 0x7f043e1290a0>,59,21,[13  2],60,-1,81,-1,60
1,<environment.Job instance at 0x7f043e129910>,61,25,[ 5 11],62,-1,87,-1,62
1,<environment.Job instance at 0x7f043e129820>,62,28,[13  5],63,-1,91,-1,63
1,<environment.Job instance at 0x7f043e129280>,64,23,[ 4 14],65,-1,88,-1,65
1,<environment.Job instance at 0x7f043e129aa0>,65,21,[12  1],66,-1,87,-1,66
1,<environment.Job instance at 0x7f043e129dc0>,66,28,[12  3],67,-1,95,-1,67
1,<environment.Job instance at 0x7f043e129b40>,67,27,[11  4],68,-1,95,-1,68
1,<environment.Job instance at 0x7f043e129c80>,68,27,[9 4],69,-1,96,-1,69
1,<environment.Job instance at 0x7f043e129320>,69,28,[5 9],70,-1,98,-1,70
1,<environment.Job instance at 0x7f043e129f50>,71,16,[ 3 12],72,-1,88,-1,72
1,<environment.Job instance at 0x7f043e12b0f0>,72,23,[ 2 14],73,-1,96,-1,73
1,<environment.Job instance at 0x7f043e12b0a0>,73,21,[ 2 13],74,-1,95,-1,74
1,<environment.Job instance at 0x7f043e132aa0>,74,28,[14  2],75,-1,103,-1,75
1,<environment.Job instance at 0x7f043e132b40>,75,24,[11  1],76,-1,100,-1,76
1,<environment.Job instance at 0x7f043e132be0>,76,21,[ 3 13],77,-1,98,-1,77
1,<environment.Job instance at 0x7f043e132c80>,77,20,[11  1],78,-1,98,-1,78
1,<environment.Job instance at 0x7f043e132d20>,78,26,[ 1 12],79,-1,105,-1,79
1,<environment.Job instance at 0x7f043e3ac050>,1,20,[ 3 14],2,-1,22,-1,2
1,<environment.Job instance at 0x7f043e132d70>,2,17,[ 1 12],3,-1,20,-1,3
1,<environment.Job instance at 0x7f043decf870>,5,21,[ 3 14],6,-1,27,-1,6
1,<environment.Job instance at 0x7f043ec4f320>,6,23,[14  5],7,-1,30,-1,7
1,<environment.Job instance at 0x7f043eef4c80>,8,18,[14  2],9,-1,27,-1,9
1,<environment.Job instance at 0x7f043eb0efa0>,9,27,[ 5 13],10,-1,37,-1,10
1,<environment.Job instance at 0x7f043ef22320>,13,28,[9 3],14,-1,43,-1,15
1,<environment.Job instance at 0x7f043e1c3140>,14,16,[ 2 13],15,-1,31,-1,15
1,<environment.Job instance at 0x7f043e3f27d0>,15,28,[14  4],16,-1,44,-1,16
1,<environment.Job instance at 0x7f043e3f2370>,16,13,[12  5],17,-1,30,-1,17
1,<environment.Job instance at 0x7f043e3f2230>,17,13,[14  1],18,-1,31,-1,18
1,<environment.Job instance at 0x7f043e3f2960>,18,26,[11  5],19,-1,45,-1,19
1,<environment.Job instance at 0x7f043e3f20a0>,19,14,[ 2 13],20,-1,34,-1,20
1,<environment.Job instance at 0x7f043e3bbb90>,20,28,[14  5],21,-1,49,-1,21
1,<environment.Job instance at 0x7f043e103320>,21,18,[12  4],22,-1,40,-1,22
1,<environment.Job instance at 0x7f043e103d70>,22,21,[ 2 14],23,-1,44,-1,23
1,<environment.Job instance at 0x7f043ed0b820>,24,23,[13  4],25,-1,48,-1,25
1,<environment.Job instance at 0x7f043ed0b870>,25,16,[ 3 13],26,-1,42,-1,26
1,<environment.Job instance at 0x7f043ed0b550>,26,26,[11  1],27,-1,53,-1,27
1,<environment.Job instance at 0x7f043ed0bd20>,27,23,[12  5],28,-1,51,-1,28
1,<environment.Job instance at 0x7f043e3f2e60>,29,20,[ 5 13],30,-1,57,-1,37
1,<environment.Job instance at 0x7f043ec5c7d0>,30,17,[13  3],31,-1,54,-1,37
1,<environment.Job instance at 0x7f043ec5cfa0>,31,23,[12  3],32,-1,60,-1,37
1,<environment.Job instance at 0x7f043ec5cd20>,32,19,[ 3 11],33,-1,56,-1,37
1,<environment.Job instance at 0x7f043ec5c960>,34,25,[9 3],35,-1,66,-1,41
1,<environment.Job instance at 0x7f043ec5cb40>,35,28,[ 5 13],36,-1,69,-1,41
1,<environment.Job instance at 0x7f043ec5cdc0>,36,19,[ 4 11],37,-1,60,-1,41
1,<environment.Job instance at 0x7f04478640f0>,37,25,[13  4],38,-1,66,-1,41
1,<environment.Job instance at 0x7f04478642d0>,38,21,[ 1 12],39,-1,62,-1,41
1,<environment.Job instance at 0x7f043ec5cc30>,39,22,[ 4 12],40,-1,63,-1,41
1,<environment.Job instance at 0x7f043ec5c4b0>,40,22,[13  5],41,-1,63,-1,41
1,<environment.Job instance at 0x7f043eb92cd0>,41,28,[13  2],42,-1,70,-1,42
1,<environment.Job instance at 0x7f043eb92550>,42,20,[14  3],43,-1,63,-1,43
1,<environment.Job instance at 0x7f043eb92b40>,43,24,[14  3],44,-1,68,-1,44
1,<environment.Job instance at 0x7f043eb929b0>,44,25,[12  1],45,-1,70,-1,45
1,<environment.Job instance at 0x7f043eb92640>,45,24,[5 8],46,-1,70,-1,46
1,<environment.Job instance at 0x7f043ed6c910>,46,13,[ 1 13],47,-1,60,-1,47
1,<environment.Job instance at 0x7f043ed6cdc0>,47,23,[ 1 14],48,-1,71,-1,48
1,<environment.Job instance at 0x7f043ed6ca00>,48,25,[12  5],49,-1,74,-1,49
1,<environment.Job instance at 0x7f043ed6cfa0>,49,27,[ 2 14],50,-1,77,-1,50
1,<environment.Job instance at 0x7f043ed6cf00>,50,20,[ 2 14],51,-1,71,-1,51
1,<environment.Job instance at 0x7f043ed6c460>,51,25,[ 4 11],52,-1,77,-1,52
1,<environment.Job instance at 0x7f043ed6ca50>,52,21,[ 3 11],53,-1,74,-1,53
1,<environment.Job instance at 0x7f043ed6c780>,53,21,[13  2],54,-1,75,-1,54
1,<environment.Job instance at 0x7f043e848780>,54,23,[14  5],55,-1,78,-1,55
1,<environment.Job instance at 0x7f043e848b90>,55,25,[ 2 11],56,-1,81,-1,56
1,<environment.Job instance at 0x7f043e848320>,56,26,[14  4],57,-1,83,-1,57
1,<environment.Job instance at 0x7f043e848730>,57,14,[ 1 13],58,-1,72,-1,58
1,<environment.Job instance at 0x7f043e848910>,58,17,[ 1 11],59,-1,76,-1,59
1,<environment.Job instance at 0x7f043e848140>,59,24,[5 4],60,-1,84,-1,60
1,<environment.Job instance at 0x7f043e848280>,61,26,[ 1 11],62,-1,88,-1,62
1,<environment.Job instance at 0x7f043ec5b550>,62,16,[13  2],63,-1,79,-1,63
1,<environment.Job instance at 0x7f043ec5b780>,63,21,[ 5 11],64,-1,85,-1,64
1,<environment.Job instance at 0x7f043ec5be10>,64,17,[13  4],65,-1,82,-1,65
1,<environment.Job instance at 0x7f043ec5ba50>,65,28,[ 3 12],66,-1,94,-1,66
1,<environment.Job instance at 0x7f043eaa8410>,66,26,[ 1 12],67,-1,93,-1,67
1,<environment.Job instance at 0x7f043e5e2f50>,68,19,[13  5],69,-1,88,-1,69
1,<environment.Job instance at 0x7f043df2e410>,69,20,[ 5 14],70,-1,90,-1,70
1,<environment.Job instance at 0x7f043eceea50>,70,27,[ 2 14],71,-1,98,-1,71
1,<environment.Job instance at 0x7f043ecee9b0>,71,13,[ 2 12],72,-1,85,-1,72
1,<environment.Job instance at 0x7f043eb5a190>,72,24,[10  4],73,-1,97,-1,73
1,<environment.Job instance at 0x7f04476977d0>,73,18,[ 3 11],74,-1,92,-1,74
1,<environment.Job instance at 0x7f043e8ccd20>,74,13,[14  4],75,-1,88,-1,75
1,<environment.Job instance at 0x7f043e8ccb40>,75,23,[14  2],76,-1,99,-1,76
1,<environment.Job instance at 0x7f043e676d20>,76,25,[14  4],77,-1,102,-1,77
1,<environment.Job instance at 0x7f043effe2d0>,77,19,[13  5],78,-1,97,-1,78
1,<environment.Job instance at 0x7f043e40ca00>,78,26,[10  2],79,-1,105,-1,79
1,<environment.Job instance at 0x7f043da57910>,1,26,[ 2 11],2,-1,28,-1,2
1,<environment.Job instance at 0x7f043da57140>,2,23,[ 3 13],3,-1,26,-1,3
1,<environment.Job instance at 0x7f043da574b0>,4,26,[ 3 13],5,-1,31,-1,5
1,<environment.Job instance at 0x7f043da57dc0>,5,19,[ 4 14],6,-1,25,-1,6
1,<environment.Job instance at 0x7f043da575f0>,6,17,[ 4 13],7,-1,24,-1,7
1,<environment.Job instance at 0x7f043da57b40>,3,13,[12  5],4,-1,20,-1,7
1,<environment.Job instance at 0x7f043da57b90>,7,27,[ 2 11],8,-1,35,-1,8
1,<environment.Job instance at 0x7f043d878f50>,9,24,[ 4 12],10,-1,34,-1,10
1,<environment.Job instance at 0x7f043d878d70>,10,27,[11  4],11,-1,38,-1,11
1,<environment.Job instance at 0x7f043d878320>,12,26,[7 3],13,-1,39,-1,13
1,<environment.Job instance at 0x7f043d878b40>,13,24,[ 5 12],14,-1,38,-1,14
1,<environment.Job instance at 0x7f043d878fa0>,15,15,[13  5],16,-1,31,-1,16
1,<environment.Job instance at 0x7f043da74e60>,19,26,[2 7],20,-1,49,-1,23
1,<environment.Job instance at 0x7f043da74dc0>,21,23,[ 1 13],22,-1,66,-1,43
1,<environment.Job instance at 0x7f043da74640>,22,22,[ 3 13],23,-1,65,-1,43
1,<environment.Job instance at 0x7f043da74460>,23,13,[13  1],24,-1,56,-1,43
1,<environment.Job instance at 0x7f043da74f50>,24,25,[ 4 11],25,-1,68,-1,43
1,<environment.Job instance at 0x7f043da74c30>,25,14,[13  3],26,-1,57,-1,43
1,<environment.Job instance at 0x7f043da742d0>,26,24,[14  2],27,-1,67,-1,43
1,<environment.Job instance at 0x7f043da74fa0>,27,22,[13  2],28,-1,65,-1,43
1,<environment.Job instance at 0x7f043da74a50>,28,28,[ 5 14],29,-1,71,-1,43
1,<environment.Job instance at 0x7f043da741e0>,29,26,[14  1],30,-1,69,-1,43
1,<environment.Job instance at 0x7f043da74f00>,30,28,[13  2],31,-1,71,-1,43
1,<environment.Job instance at 0x7f043da74cd0>,31,28,[11  4],32,-1,71,-1,43
1,<environment.Job instance at 0x7f043da74d20>,32,27,[ 1 13],33,-1,70,-1,43
1,<environment.Job instance at 0x7f043da743c0>,33,25,[ 5 12],34,-1,68,-1,43
1,<environment.Job instance at 0x7f043da748c0>,34,13,[13  4],35,-1,56,-1,43
1,<environment.Job instance at 0x7f043da747d0>,37,16,[ 4 13],38,-1,77,-1,61
1,<environment.Job instance at 0x7f043da746e0>,38,28,[1 7],39,-1,89,-1,61
1,<environment.Job instance at 0x7f043da74af0>,39,25,[13  2],40,-1,86,-1,61
1,<environment.Job instance at 0x7f043da74280>,40,12,[13  4],41,-1,73,-1,61
1,<environment.Job instance at 0x7f043da744b0>,42,28,[ 1 11],43,-1,97,-1,69
1,<environment.Job instance at 0x7f043da82eb0>,43,22,[14  3],44,-1,91,-1,69
1,<environment.Job instance at 0x7f043da824b0>,44,28,[14  4],45,-1,97,-1,69
1,<environment.Job instance at 0x7f043da82550>,45,27,[13  4],46,-1,96,-1,69
1,<environment.Job instance at 0x7f043da82e60>,46,27,[ 5 11],47,-1,96,-1,69
1,<environment.Job instance at 0x7f043da82320>,47,27,[6 4],48,-1,96,-1,69
1,<environment.Job instance at 0x7f043da82780>,48,17,[14  2],49,-1,86,-1,69
1,<environment.Job instance at 0x7f043da820a0>,49,24,[ 1 12],50,-1,93,-1,69
1,<environment.Job instance at 0x7f043da82230>,50,24,[14  5],51,-1,93,-1,69
1,<environment.Job instance at 0x7f043da82140>,51,18,[ 1 14],52,-1,87,-1,69
1,<environment.Job instance at 0x7f043da82d70>,52,15,[ 1 13],53,-1,84,-1,69
1,<environment.Job instance at 0x7f043e329aa0>,1,20,[ 3 14],2,-1,22,-1,2
1,<environment.Job instance at 0x7f043e329a50>,2,15,[ 1 12],3,-1,18,-1,3
1,<environment.Job instance at 0x7f043e6cd7d0>,3,25,[14  2],4,-1,29,-1,4
1,<environment.Job instance at 0x7f043e6cda50>,5,16,[14  2],6,-1,22,-1,6
1,<environment.Job instance at 0x7f043e6cdeb0>,6,26,[9 2],7,-1,33,-1,7
1,<environment.Job instance at 0x7f043e6cd370>,7,26,[ 2 10],8,-1,34,-1,8
1,<environment.Job instance at 0x7f043e6cd050>,9,25,[5 5],10,-1,35,-1,10
1,<environment.Job instance at 0x7f043e6cdf50>,10,20,[ 3 12],11,-1,31,-1,11
1,<environment.Job instance at 0x7f043e329c80>,12,26,[ 2 11],13,-1,39,-1,13
1,<environment.Job instance at 0x7f043e6cde10>,13,27,[7 4],14,-1,41,-1,14
1,<environment.Job instance at 0x7f043e6cdc80>,14,19,[ 2 13],15,-1,34,-1,15
1,<environment.Job instance at 0x7f043e6cdc30>,15,20,[12  3],16,-1,36,-1,16
1,<environment.Job instance at 0x7f043e6cdd20>,16,24,[7 2],17,-1,41,-1,17
1,<environment.Job instance at 0x7f043e980140>,17,22,[14  3],18,-1,40,-1,18
1,<environment.Job instance at 0x7f043e9809b0>,18,26,[12  1],19,-1,45,-1,19
1,<environment.Job instance at 0x7f043e980280>,19,28,[ 3 12],20,-1,48,-1,20
1,<environment.Job instance at 0x7f043e9808c0>,21,25,[14  4],22,-1,47,-1,22
1,<environment.Job instance at 0x7f043e9805a0>,22,26,[11  3],23,-1,49,-1,23
1,<environment.Job instance at 0x7f043e9802d0>,23,26,[3 7],24,-1,50,-1,24
1,<environment.Job instance at 0x7f043e6cdfa0>,25,23,[ 4 13],26,-1,49,-1,26
1,<environment.Job instance at 0x7f043e980780>,26,19,[11  1],27,-1,46,-1,27
1,<environment.Job instance at 0x7f043e980370>,27,26,[11  4],28,-1,54,-1,28
1,<environment.Job instance at 0x7f043dbde3c0>,33,16,[14  5],34,-1,70,-1,54
1,<environment.Job instance at 0x7f043dbdedc0>,34,20,[ 3 12],35,-1,74,-1,54
1,<environment.Job instance at 0x7f043dbded70>,35,28,[13  5],36,-1,82,-1,54
1,<environment.Job instance at 0x7f043dbde410>,36,23,[14  3],37,-1,77,-1,54
1,<environment.Job instance at 0x7f043dbdea50>,37,25,[ 2 14],38,-1,79,-1,54
1,<environment.Job instance at 0x7f043dbde9b0>,39,22,[ 2 12],40,-1,97,-1,75
1,<environment.Job instance at 0x7f043dbde5f0>,40,21,[11  3],41,-1,96,-1,75
1,<environment.Job instance at 0x7f043dbde550>,41,24,[13  3],42,-1,99,-1,75
1,<environment.Job instance at 0x7f043f092640>,1,21,[13  1],2,-1,23,-1,2
1,<environment.Job instance at 0x7f043dbde190>,2,24,[13  4],3,-1,27,-1,3
1,<environment.Job instance at 0x7f043e9706e0>,3,19,[ 5 14],4,-1,23,-1,4
1,<environment.Job instance at 0x7f043e970960>,4,28,[ 1 12],5,-1,33,-1,5
1,<environment.Job instance at 0x7f043e970550>,5,28,[12  3],6,-1,34,-1,6
1,<environment.Job instance at 0x7f043e970c80>,6,27,[2 7],7,-1,34,-1,7
1,<environment.Job instance at 0x7f043e970870>,7,23,[11  3],8,-1,31,-1,8
1,<environment.Job instance at 0x7f043e9705f0>,8,14,[ 1 14],9,-1,23,-1,9
1,<environment.Job instance at 0x7f043e970d20>,9,26,[ 5 12],10,-1,36,-1,10
1,<environment.Job instance at 0x7f043e9701e0>,10,22,[ 3 11],11,-1,33,-1,11
1,<environment.Job instance at 0x7f043e970dc0>,11,26,[ 3 14],12,-1,38,-1,12
1,<environment.Job instance at 0x7f043e9703c0>,12,19,[ 4 12],13,-1,32,-1,13
1,<environment.Job instance at 0x7f043e970370>,13,14,[ 3 14],14,-1,28,-1,14
1,<environment.Job instance at 0x7f043eb2a640>,14,20,[ 4 11],15,-1,35,-1,15
1,<environment.Job instance at 0x7f043eb2a8c0>,15,19,[12  1],16,-1,35,-1,16
1,<environment.Job instance at 0x7f043eb2aa50>,16,22,[11  1],17,-1,39,-1,17
1,<environment.Job instance at 0x7f043eb2a550>,17,20,[ 1 14],18,-1,38,-1,18
1,<environment.Job instance at 0x7f043eb2a5a0>,18,24,[4 6],19,-1,43,-1,19
1,<environment.Job instance at 0x7f043eb2a190>,19,28,[9 2],20,-1,48,-1,20
1,<environment.Job instance at 0x7f043eb2a0f0>,20,27,[ 1 11],21,-1,48,-1,21
1,<environment.Job instance at 0x7f043eb2a910>,21,25,[ 1 12],22,-1,47,-1,22
1,<environment.Job instance at 0x7f043eb2ab40>,22,18,[ 4 14],23,-1,41,-1,23
1,<environment.Job instance at 0x7f043eb2abe0>,23,18,[ 1 11],24,-1,42,-1,24
1,<environment.Job instance at 0x7f043eb2ac80>,24,21,[ 5 10],25,-1,46,-1,25
1,<environment.Job instance at 0x7f043eb2ad20>,25,14,[ 1 14],26,-1,40,-1,26
1,<environment.Job instance at 0x7f043eb2adc0>,26,23,[4 8],27,-1,50,-1,27
1,<environment.Job instance at 0x7f043eb2ae60>,27,21,[ 5 12],28,-1,49,-1,28
1,<environment.Job instance at 0x7f043eb2af00>,28,21,[ 1 13],29,-1,50,-1,29
1,<environment.Job instance at 0x7f043e2080a0>,30,25,[3 8],31,-1,56,-1,31
1,<environment.Job instance at 0x7f043e208280>,31,24,[ 3 13],32,-1,56,-1,32
1,<environment.Job instance at 0x7f043e208190>,32,26,[4 6],33,-1,59,-1,33
1,<environment.Job instance at 0x7f043dbde1e0>,34,22,[ 1 10],35,-1,58,-1,36
1,<environment.Job instance at 0x7f043e208500>,36,22,[ 1 13],37,-1,59,-1,37
1,<environment.Job instance at 0x7f043e208550>,37,14,[12  1],38,-1,52,-1,38
1,<environment.Job instance at 0x7f043e2085f0>,38,27,[11  2],39,-1,66,-1,39
1,<environment.Job instance at 0x7f043e208690>,39,13,[12  5],40,-1,53,-1,40
1,<environment.Job instance at 0x7f043e208730>,40,15,[13  2],41,-1,56,-1,41
1,<environment.Job instance at 0x7f043e2087d0>,41,19,[ 4 13],42,-1,61,-1,42
1,<environment.Job instance at 0x7f043e208870>,42,21,[ 5 12],43,-1,64,-1,43
1,<environment.Job instance at 0x7f043e208910>,43,20,[14  2],44,-1,64,-1,44
1,<environment.Job instance at 0x7f043e208af0>,46,16,[12  5],47,-1,63,-1,47
1,<environment.Job instance at 0x7f043e208c30>,47,12,[ 1 12],48,-1,60,-1,48
1,<environment.Job instance at 0x7f043e208cd0>,48,18,[11  4],49,-1,67,-1,49
1,<environment.Job instance at 0x7f043e208d20>,49,15,[ 1 14],50,-1,65,-1,50
1,<environment.Job instance at 0x7f043e208f00>,51,23,[2 5],52,-1,87,-1,64
1,<environment.Job instance at 0x7f043e208e60>,52,28,[14  3],53,-1,92,-1,64
1,<environment.Job instance at 0x7f043e208eb0>,53,25,[ 5 11],54,-1,89,-1,64
1,<environment.Job instance at 0x7f043e208fa0>,54,19,[ 2 12],55,-1,83,-1,64
1,<environment.Job instance at 0x7f043e3511e0>,55,26,[11  1],56,-1,90,-1,64
1,<environment.Job instance at 0x7f043e351280>,56,27,[10  2],57,-1,91,-1,64
1,<environment.Job instance at 0x7f043e351320>,57,27,[13  1],58,-1,91,-1,64
1,<environment.Job instance at 0x7f043e3513c0>,58,22,[ 2 13],59,-1,86,-1,64
1,<environment.Job instance at 0x7f043e351460>,59,12,[ 5 14],60,-1,76,-1,64
1,<environment.Job instance at 0x7f043e351500>,60,28,[11  4],61,-1,92,-1,64
1,<environment.Job instance at 0x7f043e3515a0>,61,23,[13  4],62,-1,87,-1,64
1,<environment.Job instance at 0x7f043e351640>,62,25,[ 4 12],63,-1,89,-1,64
1,<environment.Job instance at 0x7f043e3516e0>,63,26,[ 5 11],64,-1,90,-1,64
1,<environment.Job instance at 0x7f043e351050>,64,21,[ 4 14],65,-1,86,-1,65
1,<environment.Job instance at 0x7f043e351820>,65,17,[ 3 13],66,-1,83,-1,66
1,<environment.Job instance at 0x7f043e3518c0>,66,25,[ 2 10],67,-1,92,-1,67
1,<environment.Job instance at 0x7f043e351910>,67,23,[7 1],68,-1,91,-1,68
1,<environment.Job instance at 0x7f043e3519b0>,68,13,[11  5],69,-1,82,-1,69
1,<environment.Job instance at 0x7f043e351af0>,70,19,[9 1],71,-1,94,-1,75
1,<environment.Job instance at 0x7f043e351b90>,71,21,[11  1],72,-1,96,-1,75
1,<environment.Job instance at 0x7f043e351d70>,72,19,[ 3 11],73,-1,94,-1,75
1,<environment.Job instance at 0x7f043e351e10>,73,21,[ 1 11],74,-1,96,-1,75
1,<environment.Job instance at 0x7f043e351eb0>,74,25,[11  4],75,-1,100,-1,75
1,<environment.Job instance at 0x7f043e351e60>,75,20,[ 3 11],76,-1,96,-1,76
1,<environment.Job instance at 0x7f043e351fa0>,77,21,[ 2 14],78,-1,99,-1,78
1,<environment.Job instance at 0x7f043e3771e0>,78,17,[ 3 12],79,-1,96,-1,79
1,<environment.Job instance at 0x7f043e377140>,2,20,[ 2 14],3,-1,23,-1,3
1,<environment.Job instance at 0x7f043edf90f0>,3,27,[ 5 12],4,-1,31,-1,4
1,<environment.Job instance at 0x7f043edf9460>,4,27,[7 3],5,-1,32,-1,5
1,<environment.Job instance at 0x7f043da37640>,6,12,[ 3 13],7,-1,19,-1,7
1,<environment.Job instance at 0x7f043e3771e0>,7,25,[12  3],8,-1,33,-1,8
1,<environment.Job instance at 0x7f043ed96c30>,8,23,[11  5],9,-1,32,-1,9
1,<environment.Job instance at 0x7f043ed96640>,9,27,[7 3],10,-1,37,-1,10
1,<environment.Job instance at 0x7f043ed96c80>,10,22,[3 9],11,-1,35,-1,13
1,<environment.Job instance at 0x7f043ed96870>,13,21,[12  5],14,-1,35,-1,14
1,<environment.Job instance at 0x7f043ed96230>,14,22,[14  5],15,-1,37,-1,15
1,<environment.Job instance at 0x7f043df35af0>,15,19,[11  2],16,-1,35,-1,16
1,<environment.Job instance at 0x7f043eaeb690>,16,22,[10  3],17,-1,39,-1,17
1,<environment.Job instance at 0x7f043eaeb280>,17,12,[3 6],18,-1,30,-1,18
1,<environment.Job instance at 0x7f043eaeb500>,18,21,[12  5],19,-1,40,-1,19
1,<environment.Job instance at 0x7f043eaebf50>,19,27,[ 2 13],20,-1,47,-1,20
1,<environment.Job instance at 0x7f043eaebd70>,20,21,[ 1 12],21,-1,42,-1,21
1,<environment.Job instance at 0x7f043eaebaa0>,21,21,[5 9],22,-1,43,-1,22
1,<environment.Job instance at 0x7f043eaebbe0>,22,24,[ 3 11],23,-1,47,-1,23
1,<environment.Job instance at 0x7f043eaeb1e0>,23,21,[2 6],24,-1,45,-1,24
1,<environment.Job instance at 0x7f043eaeb910>,24,23,[ 2 12],25,-1,48,-1,25
1,<environment.Job instance at 0x7f043eaeb9b0>,25,27,[8 3],26,-1,53,-1,26
1,<environment.Job instance at 0x7f043eaeb7d0>,26,22,[ 2 12],27,-1,49,-1,27
1,<environment.Job instance at 0x7f043eaeba00>,27,26,[6 4],28,-1,54,-1,28
1,<environment.Job instance at 0x7f043e4b10a0>,28,16,[12  2],29,-1,45,-1,29
1,<environment.Job instance at 0x7f043e4b1b40>,29,15,[ 1 14],30,-1,45,-1,30
1,<environment.Job instance at 0x7f043e2d8f00>,30,22,[14  4],31,-1,53,-1,31
1,<environment.Job instance at 0x7f043dbdfdc0>,31,15,[13  3],32,-1,47,-1,32
1,<environment.Job instance at 0x7f043eb214b0>,32,17,[ 1 14],33,-1,50,-1,33
1,<environment.Job instance at 0x7f043eb21320>,33,21,[6 3],34,-1,63,-1,42
1,<environment.Job instance at 0x7f043db6e780>,37,23,[ 2 11],38,-1,65,-1,42
1,<environment.Job instance at 0x7f043db6ecd0>,38,26,[ 4 11],39,-1,68,-1,42
1,<environment.Job instance at 0x7f043db6eb90>,39,27,[13  5],40,-1,69,-1,42
1,<environment.Job instance at 0x7f043d9bce10>,40,25,[11  4],41,-1,67,-1,42
1,<environment.Job instance at 0x7f043d9bc780>,41,14,[14  4],42,-1,56,-1,42
1,<environment.Job instance at 0x7f043e120d20>,42,26,[ 5 12],43,-1,69,-1,43
1,<environment.Job instance at 0x7f043e1208c0>,43,18,[ 1 12],44,-1,62,-1,44
1,<environment.Job instance at 0x7f043e120280>,44,27,[4 5],45,-1,72,-1,45
1,<environment.Job instance at 0x7f043e120f00>,45,24,[ 3 11],46,-1,70,-1,46
1,<environment.Job instance at 0x7f043e3435f0>,46,24,[14  2],47,-1,71,-1,47
1,<environment.Job instance at 0x7f043e343910>,47,12,[5 1],48,-1,60,-1,48
1,<environment.Job instance at 0x7f043f013780>,48,19,[ 3 11],49,-1,68,-1,49
1,<environment.Job instance at 0x7f043d963f00>,49,15,[13  2],50,-1,65,-1,50
1,<environment.Job instance at 0x7f043d963af0>,50,13,[11  2],51,-1,64,-1,51
1,<environment.Job instance at 0x7f043d9639b0>,51,24,[4 6],52,-1,76,-1,52
1,<environment.Job instance at 0x7f043d9638c0>,52,28,[ 3 14],53,-1,81,-1,53
1,<environment.Job instance at 0x7f043d9630a0>,53,25,[3 7],54,-1,79,-1,54
1,<environment.Job instance at 0x7f043e7985f0>,1,26,[12  3],2,-1,28,-1,2
1,<environment.Job instance at 0x7f043e798640>,2,27,[11  2],3,-1,30,-1,3
1,<environment.Job instance at 0x7f043e7982d0>,3,12,[ 3 13],4,-1,16,-1,4
1,<environment.Job instance at 0x7f043e798190>,4,28,[13  1],5,-1,33,-1,5
1,<environment.Job instance at 0x7f043e805f00>,5,22,[14  1],6,-1,28,-1,6
1,<environment.Job instance at 0x7f043e805be0>,6,28,[ 3 13],7,-1,35,-1,7
1,<environment.Job instance at 0x7f043e805960>,7,20,[ 3 11],8,-1,28,-1,8
1,<environment.Job instance at 0x7f043e8055a0>,9,24,[12  2],10,-1,34,-1,10
1,<environment.Job instance at 0x7f043e805690>,10,27,[ 1 13],11,-1,38,-1,11
1,<environment.Job instance at 0x7f043e8058c0>,11,24,[12  5],12,-1,36,-1,12
1,<environment.Job instance at 0x7f043e805780>,12,19,[ 4 13],13,-1,32,-1,13
1,<environment.Job instance at 0x7f043e805eb0>,13,24,[ 4 11],14,-1,38,-1,14
1,<environment.Job instance at 0x7f043e805140>,14,21,[ 2 11],15,-1,36,-1,15
1,<environment.Job instance at 0x7f043e798cd0>,16,27,[ 3 11],17,-1,44,-1,17
1,<environment.Job instance at 0x7f043e8051e0>,17,13,[12  5],18,-1,31,-1,18
1,<environment.Job instance at 0x7f043e805550>,18,27,[8 2],19,-1,46,-1,19
1,<environment.Job instance at 0x7f043e805230>,20,27,[8 4],21,-1,48,-1,21
1,<environment.Job instance at 0x7f043e805f50>,19,22,[11  3],20,-1,43,-1,21
1,<environment.Job instance at 0x7f043e805050>,21,15,[ 4 14],22,-1,37,-1,22
1,<environment.Job instance at 0x7f043e805c30>,22,23,[14  5],23,-1,46,-1,23
1,<environment.Job instance at 0x7f043e805af0>,23,22,[13  2],24,-1,46,-1,24
1,<environment.Job instance at 0x7f043de43f00>,24,24,[ 2 14],25,-1,49,-1,25
1,<environment.Job instance at 0x7f043de43730>,25,24,[5 7],26,-1,50,-1,26
1,<environment.Job instance at 0x7f043de43140>,26,13,[14  2],27,-1,40,-1,27
1,<environment.Job instance at 0x7f043de43cd0>,27,27,[ 5 14],28,-1,55,-1,28
1,<environment.Job instance at 0x7f043de43550>,28,28,[11  4],29,-1,57,-1,29
1,<environment.Job instance at 0x7f043de43e10>,29,23,[ 1 13],30,-1,53,-1,30
1,<environment.Job instance at 0x7f043de43d70>,30,24,[ 2 11],31,-1,55,-1,31
1,<environment.Job instance at 0x7f043de43aa0>,31,26,[11  1],32,-1,58,-1,32
1,<environment.Job instance at 0x7f043de43f50>,32,25,[ 1 12],33,-1,58,-1,33
1,<environment.Job instance at 0x7f043de43c80>,33,26,[14  3],34,-1,60,-1,34
1,<environment.Job instance at 0x7f043de43d20>,34,25,[13  5],35,-1,60,-1,35
1,<environment.Job instance at 0x7f043de436e0>,35,24,[5 3],36,-1,60,-1,36
1,<environment.Job instance at 0x7f043de433c0>,36,15,[ 1 14],37,-1,52,-1,37
1,<environment.Job instance at 0x7f043de43c30>,38,25,[13  4],39,-1,64,-1,39
1,<environment.Job instance at 0x7f043de437d0>,40,20,[ 4 13],41,-1,61,-1,41
1,<environment.Job instance at 0x7f043e908aa0>,41,17,[13  2],42,-1,59,-1,42
1,<environment.Job instance at 0x7f043e908370>,42,20,[ 1 11],43,-1,63,-1,43
1,<environment.Job instance at 0x7f043e908a00>,44,26,[11  3],45,-1,71,-1,45
1,<environment.Job instance at 0x7f043e805fa0>,46,20,[14  4],47,-1,67,-1,47
1,<environment.Job instance at 0x7f043e908280>,50,22,[11  4],51,-1,75,-1,53
1,<environment.Job instance at 0x7f043e908870>,51,22,[3 9],52,-1,97,-1,75
1,<environment.Job instance at 0x7f043e908870>,4,27,[6 1],5,-1,32,-1,5
1,<environment.Job instance at 0x7f043dd4c4b0>,5,20,[ 1 11],6,-1,26,-1,6
1,<environment.Job instance at 0x7f043dd4c640>,7,24,[12  4],8,-1,32,-1,8
1,<environment.Job instance at 0x7f043dd4c820>,8,23,[11  3],9,-1,32,-1,9
1,<environment.Job instance at 0x7f043dd4c8c0>,9,25,[11  5],10,-1,35,-1,10
1,<environment.Job instance at 0x7f043dd4c960>,10,26,[ 5 13],11,-1,37,-1,11
1,<environment.Job instance at 0x7f043dd4ca00>,11,19,[ 3 12],12,-1,31,-1,12
1,<environment.Job instance at 0x7f043dd4caa0>,12,25,[12  3],13,-1,38,-1,13
1,<environment.Job instance at 0x7f043dd4cb40>,13,14,[ 5 12],14,-1,28,-1,14
1,<environment.Job instance at 0x7f043dd4cbe0>,14,20,[ 3 14],15,-1,35,-1,15
1,<environment.Job instance at 0x7f043dd4cc80>,15,24,[13  2],16,-1,40,-1,16
1,<environment.Job instance at 0x7f043dd4c780>,21,22,[13  1],22,-1,47,-1,25
1,<environment.Job instance at 0x7f043dd50280>,22,20,[11  1],23,-1,45,-1,25
1,<environment.Job instance at 0x7f043dd50320>,23,22,[12  2],24,-1,47,-1,25
1,<environment.Job instance at 0x7f043dd50230>,26,28,[6 2],27,-1,65,-1,37
1,<environment.Job instance at 0x7f043dd50640>,27,21,[ 2 11],28,-1,58,-1,37
1,<environment.Job instance at 0x7f043dd506e0>,28,25,[8 3],29,-1,62,-1,37
1,<environment.Job instance at 0x7f043dd50780>,29,25,[ 1 13],30,-1,62,-1,37
1,<environment.Job instance at 0x7f043dd500f0>,30,27,[3 8],31,-1,64,-1,37
1,<environment.Job instance at 0x7f043dd50870>,31,27,[11  5],32,-1,64,-1,37
1,<environment.Job instance at 0x7f043dd50960>,32,24,[14  3],33,-1,61,-1,37
1,<environment.Job instance at 0x7f043dd50a00>,33,26,[ 1 12],34,-1,63,-1,37
1,<environment.Job instance at 0x7f043dd50aa0>,34,24,[13  1],35,-1,61,-1,37
1,<environment.Job instance at 0x7f043dd50be0>,36,15,[ 4 12],37,-1,59,-1,44
1,<environment.Job instance at 0x7f043dd50d70>,37,23,[ 5 13],38,-1,67,-1,44
1,<environment.Job instance at 0x7f043dd50cd0>,38,23,[ 3 13],39,-1,67,-1,44
1,<environment.Job instance at 0x7f043dd50e60>,39,26,[12  2],40,-1,70,-1,44
1,<environment.Job instance at 0x7f043dd50f00>,40,21,[ 1 12],41,-1,65,-1,44
1,<environment.Job instance at 0x7f043dd50fa0>,41,16,[ 2 13],42,-1,60,-1,44
1,<environment.Job instance at 0x7f043dd50eb0>,42,23,[13  1],43,-1,67,-1,44
1,<environment.Job instance at 0x7f043dd50f50>,43,28,[13  4],44,-1,72,-1,44
1,<environment.Job instance at 0x7f043dd580f0>,44,25,[14  3],45,-1,70,-1,45
1,<environment.Job instance at 0x7f043dd58140>,45,15,[12  5],46,-1,61,-1,46
1,<environment.Job instance at 0x7f043dd58050>,46,24,[14  5],47,-1,71,-1,47
1,<environment.Job instance at 0x7f043dd58370>,47,25,[ 4 12],48,-1,73,-1,48
1,<environment.Job instance at 0x7f043dd58410>,48,22,[ 2 14],49,-1,71,-1,49
1,<environment.Job instance at 0x7f043dd584b0>,49,25,[ 3 13],50,-1,75,-1,50
1,<environment.Job instance at 0x7f043dd58550>,50,25,[13  3],51,-1,76,-1,51
1,<environment.Job instance at 0x7f043dd58230>,51,25,[ 2 11],52,-1,77,-1,52
1,<environment.Job instance at 0x7f043dd58640>,52,28,[11  3],53,-1,81,-1,53
1,<environment.Job instance at 0x7f043dd586e0>,53,18,[13  2],54,-1,72,-1,54
1,<environment.Job instance at 0x7f043dd58780>,54,28,[13  1],55,-1,83,-1,55
1,<environment.Job instance at 0x7f043dd58870>,55,23,[ 5 13],56,-1,79,-1,56
1,<environment.Job instance at 0x7f043dd58910>,56,23,[ 2 13],57,-1,80,-1,57
1,<environment.Job instance at 0x7f043dd58820>,57,28,[ 1 12],58,-1,86,-1,58
1,<environment.Job instance at 0x7f043dd58a50>,58,25,[ 2 12],59,-1,84,-1,59
1,<environment.Job instance at 0x7f043dd58af0>,59,12,[ 4 14],60,-1,72,-1,60
1,<environment.Job instance at 0x7f043dd58b90>,60,28,[12  3],61,-1,89,-1,61
1,<environment.Job instance at 0x7f043dd58c30>,61,23,[11  2],62,-1,85,-1,62
1,<environment.Job instance at 0x7f043dd58e60>,63,22,[ 3 13],64,-1,86,-1,64
1,<environment.Job instance at 0x7f043dd58d70>,64,27,[ 1 13],65,-1,92,-1,65
1,<environment.Job instance at 0x7f043dd58fa0>,65,23,[12  5],66,-1,89,-1,66
1,<environment.Job instance at 0x7f043dd58f50>,66,22,[ 3 12],67,-1,89,-1,67
1,<environment.Job instance at 0x7f043e0960a0>,67,25,[ 4 12],68,-1,93,-1,68
1,<environment.Job instance at 0x7f043e096140>,68,13,[11  3],69,-1,82,-1,69
1,<environment.Job instance at 0x7f043e0961e0>,69,24,[ 5 12],70,-1,94,-1,70
1,<environment.Job instance at 0x7f043e0962d0>,70,27,[2 5],71,-1,98,-1,71
1,<environment.Job instance at 0x7f043e096280>,71,13,[ 3 13],72,-1,85,-1,72
1,<environment.Job instance at 0x7f043e0963c0>,72,23,[14  4],73,-1,96,-1,73
1,<environment.Job instance at 0x7f043e096460>,73,17,[13  5],74,-1,91,-1,74
1,<environment.Job instance at 0x7f043dd58f00>,74,22,[13  1],75,-1,97,-1,75
1,<environment.Job instance at 0x7f043e096730>,75,24,[12  4],76,-1,100,-1,76
1,<environment.Job instance at 0x7f043e0967d0>,76,25,[12  3],77,-1,102,-1,77
1,<environment.Job instance at 0x7f043e096870>,77,27,[11  5],78,-1,105,-1,78
1,<environment.Job instance at 0x7f043e096910>,78,25,[ 3 11],79,-1,104,-1,79
1,<environment.Job instance at 0x7f043ed295f0>,1,23,[ 3 11],2,-1,25,-1,2
1,<environment.Job instance at 0x7f043e29bd70>,3,21,[ 1 13],4,-1,25,-1,4
1,<environment.Job instance at 0x7f043e096910>,4,28,[14  1],5,-1,33,-1,5
1,<environment.Job instance at 0x7f043df57460>,5,28,[4 5],6,-1,34,-1,6
1,<environment.Job instance at 0x7f043df575a0>,6,17,[ 3 14],7,-1,24,-1,7
1,<environment.Job instance at 0x7f043df57050>,7,25,[12  5],8,-1,33,-1,8
1,<environment.Job instance at 0x7f043df57fa0>,8,16,[ 1 12],9,-1,25,-1,9
1,<environment.Job instance at 0x7f043dff98c0>,9,17,[13  2],10,-1,27,-1,10
1,<environment.Job instance at 0x7f043dff9b90>,10,23,[5 9],11,-1,34,-1,11
1,<environment.Job instance at 0x7f043dff9640>,11,24,[ 2 14],12,-1,36,-1,12
1,<environment.Job instance at 0x7f043dff9cd0>,12,22,[11  4],13,-1,35,-1,13
1,<environment.Job instance at 0x7f043dff9fa0>,13,28,[11  2],14,-1,42,-1,14
1,<environment.Job instance at 0x7f043dff9be0>,14,28,[ 4 10],15,-1,43,-1,15
1,<environment.Job instance at 0x7f043dff9230>,15,24,[6 2],16,-1,40,-1,16
1,<environment.Job instance at 0x7f043dff9820>,16,19,[ 2 13],17,-1,36,-1,17
1,<environment.Job instance at 0x7f043dff9a00>,17,21,[ 5 12],18,-1,39,-1,18
1,<environment.Job instance at 0x7f043dff9730>,18,24,[ 4 12],19,-1,43,-1,19
1,<environment.Job instance at 0x7f043dff9f50>,20,26,[12  2],21,-1,47,-1,21
1,<environment.Job instance at 0x7f043dfc9f00>,21,28,[ 2 14],22,-1,50,-1,22
1,<environment.Job instance at 0x7f043dfc99b0>,22,24,[ 1 11],23,-1,47,-1,23
1,<environment.Job instance at 0x7f043dfc9fa0>,23,17,[ 3 11],24,-1,41,-1,24
1,<environment.Job instance at 0x7f043dfc9dc0>,26,25,[14  1],27,-1,52,-1,27
1,<environment.Job instance at 0x7f043dfc90a0>,27,20,[11  1],28,-1,48,-1,28
1,<environment.Job instance at 0x7f0447c9dc30>,28,25,[ 2 14],29,-1,54,-1,29
1,<environment.Job instance at 0x7f043dfc9190>,29,17,[ 2 14],30,-1,47,-1,30
1,<environment.Job instance at 0x7f043dfc9820>,30,24,[10  2],31,-1,55,-1,31
1,<environment.Job instance at 0x7f043df5b5a0>,32,14,[ 5 11],33,-1,48,-1,34
1,<environment.Job instance at 0x7f043dbd8410>,35,17,[ 2 13],36,-1,53,-1,36
1,<environment.Job instance at 0x7f043e941960>,36,16,[14  4],37,-1,53,-1,37
1,<environment.Job instance at 0x7f043e941320>,37,22,[ 4 14],38,-1,60,-1,38
1,<environment.Job instance at 0x7f043f0dc370>,38,23,[ 3 14],39,-1,62,-1,39
1,<environment.Job instance at 0x7f0447703aa0>,39,15,[13  2],40,-1,55,-1,40
1,<environment.Job instance at 0x7f043f0dca00>,40,16,[12  4],41,-1,57,-1,41
1,<environment.Job instance at 0x7f043e7d8d70>,41,16,[11  2],42,-1,58,-1,42
1,<environment.Job instance at 0x7f043d9fbcd0>,42,17,[ 3 11],43,-1,60,-1,43
1,<environment.Job instance at 0x7f043f0e73c0>,43,23,[14  2],44,-1,67,-1,44
1,<environment.Job instance at 0x7f043d9ff910>,44,24,[5 9],45,-1,69,-1,45
1,<environment.Job instance at 0x7f043d9ff8c0>,46,28,[ 2 11],47,-1,75,-1,47
1,<environment.Job instance at 0x7f043db740f0>,47,26,[9 1],48,-1,74,-1,48
1,<environment.Job instance at 0x7f043db74690>,48,24,[14  5],49,-1,73,-1,49
1,<environment.Job instance at 0x7f043db74190>,49,23,[14  3],50,-1,73,-1,50
1,<environment.Job instance at 0x7f043db743c0>,50,25,[ 1 12],51,-1,76,-1,51
1,<environment.Job instance at 0x7f043db74d20>,51,25,[12  4],52,-1,77,-1,52
1,<environment.Job instance at 0x7f043ef0acd0>,52,24,[ 3 11],53,-1,77,-1,53
1,<environment.Job instance at 0x7f043ef0a3c0>,53,25,[ 2 12],54,-1,79,-1,54
1,<environment.Job instance at 0x7f043ef0a820>,54,22,[ 4 14],55,-1,77,-1,55
1,<environment.Job instance at 0x7f043db747d0>,55,22,[13  5],56,-1,78,-1,56
1,<environment.Job instance at 0x7f043ef0aeb0>,56,26,[11  3],57,-1,83,-1,57
1,<environment.Job instance at 0x7f043ef0a8c0>,57,19,[14  1],58,-1,77,-1,58
1,<environment.Job instance at 0x7f043ef0a780>,59,23,[14  1],60,-1,83,-1,60
1,<environment.Job instance at 0x7f043f0bff00>,60,21,[11  2],61,-1,82,-1,61
1,<environment.Job instance at 0x7f043f0bfbe0>,61,22,[ 3 13],62,-1,84,-1,62
1,<environment.Job instance at 0x7f043f0bff50>,62,22,[14  5],63,-1,85,-1,63
1,<environment.Job instance at 0x7f043e9ec820>,63,26,[ 4 14],64,-1,90,-1,64
1,<environment.Job instance at 0x7f043e9eceb0>,64,18,[ 3 14],65,-1,83,-1,65
1,<environment.Job instance at 0x7f043e9ecf50>,65,22,[ 2 11],66,-1,88,-1,66
1,<environment.Job instance at 0x7f043d912e60>,68,22,[ 2 11],69,-1,92,-1,70
1,<environment.Job instance at 0x7f043d912eb0>,69,23,[ 5 11],70,-1,93,-1,70
1,<environment.Job instance at 0x7f043d936d70>,70,24,[11  1],71,-1,95,-1,71
1,<environment.Job instance at 0x7f043d936870>,71,23,[5 1],72,-1,97,-1,74
1,<environment.Job instance at 0x7f043d936a00>,73,13,[11  2],74,-1,87,-1,74
1,<environment.Job instance at 0x7f043eb07c30>,74,21,[ 2 13],75,-1,96,-1,75
1,<environment.Job instance at 0x7f043d936c80>,75,26,[11  3],76,-1,102,-1,76
1,<environment.Job instance at 0x7f043d907410>,76,25,[11  3],77,-1,102,-1,77
1,<environment.Job instance at 0x7f043e1b1be0>,4,19,[11  5],5,-1,28,-1,9
1,<environment.Job instance at 0x7f043e1b18c0>,7,19,[11  4],8,-1,32,-1,13
1,<environment.Job instance at 0x7f043e1b1a00>,8,19,[14  5],9,-1,32,-1,13
1,<environment.Job instance at 0x7f043e1b1a50>,10,19,[ 2 11],11,-1,34,-1,15
1,<environment.Job instance at 0x7f043e103fa0>,11,24,[4 5],12,-1,42,-1,18
1,<environment.Job instance at 0x7f043e1035a0>,12,27,[ 1 13],13,-1,45,-1,18
1,<environment.Job instance at 0x7f043e103dc0>,13,12,[13  2],14,-1,30,-1,18
1,<environment.Job instance at 0x7f043e103640>,16,23,[4 7],17,-1,68,-1,45
1,<environment.Job instance at 0x7f043e103e10>,18,21,[ 3 11],19,-1,66,-1,45
1,<environment.Job instance at 0x7f043e1031e0>,19,22,[ 2 13],20,-1,67,-1,45
1,<environment.Job instance at 0x7f043e103050>,20,28,[ 4 12],21,-1,73,-1,45
1,<environment.Job instance at 0x7f043e103140>,21,20,[ 3 12],22,-1,65,-1,45
1,<environment.Job instance at 0x7f043e103820>,22,19,[1 7],23,-1,72,-1,53
1,<environment.Job instance at 0x7f043e103690>,25,26,[ 3 12],26,-1,90,-1,64
1,<environment.Job instance at 0x7f043e1036e0>,26,16,[ 3 14],27,-1,80,-1,64
1,<environment.Job instance at 0x7f043e103cd0>,27,14,[ 3 13],28,-1,78,-1,64
1,<environment.Job instance at 0x7f043ef144b0>,28,21,[ 4 14],29,-1,85,-1,64
1,<environment.Job instance at 0x7f043ef149b0>,29,24,[12  5],30,-1,88,-1,64
1,<environment.Job instance at 0x7f043ef14aa0>,30,23,[13  3],31,-1,87,-1,64
1,<environment.Job instance at 0x7f043ef140a0>,31,13,[13  1],32,-1,77,-1,64
1,<environment.Job instance at 0x7f043ef143c0>,32,17,[12  2],33,-1,81,-1,64
1,<environment.Job instance at 0x7f043ef14410>,33,24,[ 2 14],34,-1,88,-1,64
1,<environment.Job instance at 0x7f043ef145a0>,34,25,[ 1 10],35,-1,89,-1,64
1,<environment.Job instance at 0x7f043ef146e0>,35,26,[ 5 11],36,-1,90,-1,64
1,<environment.Job instance at 0x7f043e2d7320>,37,28,[ 2 12],38,-1,100,-1,72
1,<environment.Job instance at 0x7f043e2d7820>,38,28,[13  1],39,-1,100,-1,72
1,<environment.Job instance at 0x7f043e2d7aa0>,39,21,[ 5 13],40,-1,93,-1,72
1,<environment.Job instance at 0x7f043e2d7d70>,40,24,[13  5],41,-1,96,-1,72
1,<environment.Job instance at 0x7f043e2d79b0>,41,22,[ 1 14],42,-1,94,-1,72
1,<environment.Job instance at 0x7f043e2d7c80>,42,26,[ 5 13],43,-1,98,-1,72
1,<environment.Job instance at 0x7f043e2d7dc0>,43,22,[ 2 13],44,-1,94,-1,72
1,<environment.Job instance at 0x7f043e2d77d0>,44,22,[ 4 14],45,-1,94,-1,72
1,<environment.Job instance at 0x7f043efba870>,45,28,[12  3],46,-1,100,-1,72
1,<environment.Job instance at 0x7f043ef93af0>,46,23,[6 1],47,-1,95,-1,72
1,<environment.Job instance at 0x7f043dcf1820>,47,19,[ 5 14],48,-1,91,-1,72
1,<environment.Job instance at 0x7f043e9417d0>,48,26,[ 4 12],49,-1,98,-1,72
1,<environment.Job instance at 0x7f043dcf15a0>,49,21,[14  3],50,-1,93,-1,72
1,<environment.Job instance at 0x7f043d83cb40>,50,17,[11  1],51,-1,89,-1,72
1,<environment.Job instance at 0x7f043efba190>,51,28,[12  4],52,-1,100,-1,72
1,<environment.Job instance at 0x7f043d83c140>,52,19,[11  4],53,-1,91,-1,72
1,<environment.Job instance at 0x7f043d83ce60>,53,22,[14  4],54,-1,94,-1,72
1,<environment.Job instance at 0x7f043d83c5a0>,54,26,[12  2],55,-1,98,-1,72
1,<environment.Job instance at 0x7f043d83c780>,55,26,[ 4 14],56,-1,98,-1,72
1,<environment.Job instance at 0x7f043d83c820>,56,25,[13  5],57,-1,97,-1,72
1,<environment.Job instance at 0x7f043d83cc80>,57,22,[11  2],58,-1,94,-1,72
1,<environment.Job instance at 0x7f043d83cd70>,58,25,[7 1],59,-1,97,-1,72
1,<environment.Job instance at 0x7f043d83c370>,59,12,[11  3],60,-1,84,-1,72
1,<environment.Job instance at 0x7f043d83cfa0>,60,16,[13  2],61,-1,88,-1,72
1,<environment.Job instance at 0x7f043dcd1960>,61,16,[11  2],62,-1,88,-1,72
1,<environment.Job instance at 0x7f043e500eb0>,62,26,[ 4 13],63,-1,98,-1,72
1,<environment.Job instance at 0x7f043e500870>,63,24,[14  3],64,-1,96,-1,72
1,<environment.Job instance at 0x7f043e5006e0>,64,22,[11  4],65,-1,94,-1,72
1,<environment.Job instance at 0x7f043e5006e0>,2,18,[ 2 12],3,-1,21,-1,3
1,<environment.Job instance at 0x7f043e96a500>,3,22,[ 2 11],4,-1,26,-1,4
1,<environment.Job instance at 0x7f043e96a5a0>,6,24,[14  3],7,-1,31,-1,7
1,<environment.Job instance at 0x7f043e2a6b40>,7,24,[ 2 12],8,-1,32,-1,8
1,<environment.Job instance at 0x7f043ef0daf0>,10,27,[2 5],11,-1,38,-1,11
1,<environment.Job instance at 0x7f043deaaaf0>,11,25,[ 2 12],12,-1,37,-1,12
1,<environment.Job instance at 0x7f043deaa6e0>,12,24,[ 2 12],13,-1,37,-1,13
1,<environment.Job instance at 0x7f043deaa910>,13,23,[7 1],14,-1,37,-1,14
1,<environment.Job instance at 0x7f043db81f00>,14,23,[11  3],15,-1,38,-1,15
1,<environment.Job instance at 0x7f043db81550>,15,26,[ 1 13],16,-1,42,-1,16
1,<environment.Job instance at 0x7f043dcfa280>,16,24,[12  4],17,-1,41,-1,17
1,<environment.Job instance at 0x7f043dcfa870>,17,19,[ 2 12],18,-1,37,-1,18
1,<environment.Job instance at 0x7f043dcfabe0>,18,27,[ 1 14],19,-1,46,-1,19
1,<environment.Job instance at 0x7f043dcfac80>,19,20,[ 3 12],20,-1,40,-1,20
1,<environment.Job instance at 0x7f043dcfa550>,20,19,[ 4 12],21,-1,40,-1,21
1,<environment.Job instance at 0x7f043dcfa460>,21,28,[ 5 13],22,-1,50,-1,22
1,<environment.Job instance at 0x7f043dcfa6e0>,22,17,[ 2 14],23,-1,40,-1,23
1,<environment.Job instance at 0x7f043dcfa780>,23,27,[12  4],24,-1,51,-1,24
1,<environment.Job instance at 0x7f043e9ec8c0>,24,28,[11  2],25,-1,53,-1,25
1,<environment.Job instance at 0x7f043dbb7370>,25,17,[ 2 14],26,-1,43,-1,26
1,<environment.Job instance at 0x7f043ea4a910>,26,26,[12  5],27,-1,53,-1,27
1,<environment.Job instance at 0x7f043dab5e60>,27,25,[ 3 13],28,-1,53,-1,28
1,<environment.Job instance at 0x7f043dab5a00>,28,22,[ 4 11],29,-1,51,-1,29
1,<environment.Job instance at 0x7f043dab59b0>,29,25,[ 1 12],30,-1,55,-1,30
1,<environment.Job instance at 0x7f043e2e0af0>,30,20,[11  1],31,-1,52,-1,32
1,<environment.Job instance at 0x7f043d9fbcd0>,34,19,[ 1 13],35,-1,54,-1,35
1,<environment.Job instance at 0x7f043d9fb820>,35,23,[1 5],36,-1,62,-1,39
1,<environment.Job instance at 0x7f043f0e7b40>,37,22,[9 1],38,-1,65,-1,43
1,<environment.Job instance at 0x7f043ed92500>,39,25,[8 2],40,-1,68,-1,43
1,<environment.Job instance at 0x7f043f0e7a50>,40,15,[14  4],41,-1,58,-1,43
1,<environment.Job instance at 0x7f043ed920a0>,41,25,[ 5 10],42,-1,68,-1,43
1,<environment.Job instance at 0x7f043ed925a0>,42,20,[12  3],43,-1,63,-1,43
1,<environment.Job instance at 0x7f043e3c2c30>,43,20,[ 4 11],44,-1,64,-1,44
1,<environment.Job instance at 0x7f043e3c2910>,44,19,[ 2 13],45,-1,64,-1,45
1,<environment.Job instance at 0x7f043e3c2d20>,45,15,[14  2],46,-1,61,-1,46
1,<environment.Job instance at 0x7f043e53e190>,46,27,[13  3],47,-1,74,-1,47
1,<environment.Job instance at 0x7f043e53ebe0>,47,17,[12  1],48,-1,65,-1,48
1,<environment.Job instance at 0x7f043e53e8c0>,48,21,[11  1],49,-1,70,-1,49
1,<environment.Job instance at 0x7f043e53e410>,49,19,[ 2 11],50,-1,69,-1,50
1,<environment.Job instance at 0x7f043e53ed20>,51,23,[14  3],52,-1,75,-1,52
1,<environment.Job instance at 0x7f043e53e4b0>,52,26,[8 2],53,-1,79,-1,53
1,<environment.Job instance at 0x7f043e53e5a0>,53,19,[13  4],54,-1,73,-1,54
1,<environment.Job instance at 0x7f043e53ef00>,54,24,[ 5 11],55,-1,79,-1,55
1,<environment.Job instance at 0x7f043e5f0c30>,56,20,[12  2],57,-1,77,-1,57
1,<environment.Job instance at 0x7f043e5f00f0>,57,21,[6 1],58,-1,79,-1,58
1,<environment.Job instance at 0x7f043e53e870>,58,28,[14  4],59,-1,87,-1,59
1,<environment.Job instance at 0x7f043dd5a500>,59,24,[ 3 13],60,-1,84,-1,60
1,<environment.Job instance at 0x7f043dd5ad20>,60,21,[6 5],61,-1,83,-1,62
1,<environment.Job instance at 0x7f043e3c2500>,61,25,[11  5],62,-1,87,-1,62
1,<environment.Job instance at 0x7f043d9375a0>,62,21,[3 7],63,-1,85,-1,64
1,<environment.Job instance at 0x7f043d937320>,63,19,[12  3],64,-1,83,-1,64
1,<environment.Job instance at 0x7f043efba5f0>,64,27,[ 1 13],65,-1,92,-1,65
1,<environment.Job instance at 0x7f043e37d140>,65,27,[13  1],66,-1,93,-1,66
1,<environment.Job instance at 0x7f043e856f50>,66,24,[ 2 14],67,-1,91,-1,67
1,<environment.Job instance at 0x7f043e856d20>,67,14,[ 5 12],68,-1,82,-1,68
1,<environment.Job instance at 0x7f043e856910>,68,19,[13  3],69,-1,88,-1,69
1,<environment.Job instance at 0x7f043ef0af50>,69,21,[ 2 13],70,-1,91,-1,70
1,<environment.Job instance at 0x7f043ef0ac80>,70,19,[ 2 13],71,-1,90,-1,71
1,<environment.Job instance at 0x7f043eb28050>,71,24,[ 4 12],72,-1,96,-1,72
1,<environment.Job instance at 0x7f043f0e18c0>,72,19,[8 1],73,-1,95,-1,76
1,<environment.Job instance at 0x7f043e37d370>,73,23,[ 4 11],74,-1,99,-1,76
1,<environment.Job instance at 0x7f043f0e1320>,74,26,[ 3 14],75,-1,102,-1,76
1,<environment.Job instance at 0x7f043e08fd20>,75,21,[ 2 12],76,-1,97,-1,76
1,<environment.Job instance at 0x7f043f0e19b0>,76,20,[12  5],77,-1,97,-1,77
1,<environment.Job instance at 0x7f043da591e0>,77,24,[4 6],78,-1,102,-1,78
1,<environment.Job instance at 0x7f043da597d0>,78,23,[13  5],79,-1,102,-1,79
1,<environment.Job instance at 0x7f83154e7410>,2,22,[ 4 14],3,-1,25,-1,3
1,<environment.Job instance at 0x7f83154e75a0>,3,25,[ 5 14],4,-1,29,-1,4
1,<environment.Job instance at 0x7f83154e74b0>,4,21,[ 1 12],5,-1,26,-1,5
1,<environment.Job instance at 0x7f831ec5f1e0>,7,25,[6 2],8,-1,34,-1,9
1,<environment.Job instance at 0x7f83154e7910>,9,19,[13  1],10,-1,29,-1,10
1,<environment.Job instance at 0x7f83154e79b0>,10,23,[ 4 14],11,-1,34,-1,11
1,<environment.Job instance at 0x7f83154e7a50>,11,25,[ 4 12],12,-1,37,-1,12
1,<environment.Job instance at 0x7f83154e7af0>,12,19,[ 5 13],13,-1,32,-1,13
1,<environment.Job instance at 0x7f83154e7b90>,13,22,[ 2 11],14,-1,36,-1,14
1,<environment.Job instance at 0x7f83154e7c30>,14,25,[13  4],15,-1,40,-1,15
1,<environment.Job instance at 0x7f83154e7cd0>,15,25,[13  3],16,-1,41,-1,16
1,<environment.Job instance at 0x7f83154e7d70>,16,26,[14  4],17,-1,43,-1,17
1,<environment.Job instance at 0x7f83154e7e10>,17,14,[ 2 14],18,-1,32,-1,18
1,<environment.Job instance at 0x7f83154e7eb0>,18,14,[ 2 13],19,-1,33,-1,19
1,<environment.Job instance at 0x7f83154e7f50>,19,17,[13  5],20,-1,37,-1,20
1,<environment.Job instance at 0x7f83154eb050>,20,21,[12  2],21,-1,42,-1,21
1,<environment.Job instance at 0x7f83154eb0f0>,21,28,[11  1],22,-1,50,-1,22
1,<environment.Job instance at 0x7f83154eb190>,22,26,[ 1 14],23,-1,49,-1,23
1,<environment.Job instance at 0x7f83154eb550>,26,26,[1 8],27,-1,58,-1,32
1,<environment.Job instance at 0x7f83154eb5a0>,27,25,[5 7],28,-1,57,-1,32
1,<environment.Job instance at 0x7f83154eb640>,28,25,[ 4 11],29,-1,57,-1,32
1,<environment.Job instance at 0x7f83154eb6e0>,29,22,[ 5 13],30,-1,54,-1,32
1,<environment.Job instance at 0x7f83154eb780>,30,27,[4 8],31,-1,59,-1,32
1,<environment.Job instance at 0x7f83154eb820>,31,20,[11  5],32,-1,54,-1,34
1,<environment.Job instance at 0x7f83154eb9b0>,32,27,[11  3],33,-1,61,-1,34
1,<environment.Job instance at 0x7f83154eb910>,33,16,[ 2 14],34,-1,50,-1,34
1,<environment.Job instance at 0x7f83154eb410>,34,24,[ 1 14],35,-1,59,-1,35
1,<environment.Job instance at 0x7f83154ebaf0>,35,22,[11  5],36,-1,58,-1,36
1,<environment.Job instance at 0x7f83154ebaa0>,36,20,[ 3 14],37,-1,57,-1,37
1,<environment.Job instance at 0x7f83154ebc30>,37,28,[ 2 12],38,-1,66,-1,38
1,<environment.Job instance at 0x7f83154ebbe0>,38,20,[ 1 12],39,-1,59,-1,39
1,<environment.Job instance at 0x7f83154ebd70>,39,24,[5 6],40,-1,64,-1,40
1,<environment.Job instance at 0x7f83154ebe10>,40,26,[ 1 12],41,-1,67,-1,41
1,<environment.Job instance at 0x7f83154ebeb0>,41,18,[ 5 14],42,-1,60,-1,42
1,<environment.Job instance at 0x7f83154ebf50>,42,20,[ 2 11],43,-1,63,-1,43
1,<environment.Job instance at 0x7f83154ebcd0>,43,16,[13  5],44,-1,60,-1,44
1,<environment.Job instance at 0x7f83154ec050>,44,16,[14  3],45,-1,61,-1,45
1,<environment.Job instance at 0x7f83154ec190>,45,27,[12  2],46,-1,73,-1,46
1,<environment.Job instance at 0x7f83154ec140>,46,28,[ 4 11],47,-1,75,-1,47
1,<environment.Job instance at 0x7f83154ec2d0>,47,17,[12  2],48,-1,65,-1,48
1,<environment.Job instance at 0x7f83154ec370>,48,17,[11  1],49,-1,66,-1,49
1,<environment.Job instance at 0x7f83154ec410>,49,27,[ 1 11],50,-1,77,-1,50
1,<environment.Job instance at 0x7f83154ec640>,51,25,[12  2],52,-1,77,-1,52
1,<environment.Job instance at 0x7f83154ec550>,52,20,[11  3],53,-1,73,-1,53
1,<environment.Job instance at 0x7f83154ec6e0>,53,27,[14  5],54,-1,81,-1,54
1,<environment.Job instance at 0x7f83154ec780>,54,24,[5 7],55,-1,79,-1,55
1,<environment.Job instance at 0x7f83154ec4b0>,55,20,[13  1],56,-1,76,-1,56
1,<environment.Job instance at 0x7f83154ec8c0>,56,20,[ 3 13],57,-1,77,-1,57
1,<environment.Job instance at 0x7f83154ecb40>,58,27,[ 2 14],59,-1,86,-1,59
1,<environment.Job instance at 0x7f83154eb960>,60,28,[13  2],61,-1,93,-1,65
1,<environment.Job instance at 0x7f83154ecc30>,61,23,[ 1 11],62,-1,88,-1,65
1,<environment.Job instance at 0x7f83154ec820>,62,21,[ 5 13],63,-1,86,-1,65
1,<environment.Job instance at 0x7f83154ecd20>,63,28,[ 3 14],64,-1,93,-1,65
1,<environment.Job instance at 0x7f83154ecdc0>,64,28,[ 1 14],65,-1,93,-1,65
1,<environment.Job instance at 0x7f83154ecfa0>,66,21,[13  3],67,-1,92,-1,71
1,<environment.Job instance at 0x7f83154ecf00>,67,27,[ 1 10],68,-1,98,-1,71
1,<environment.Job instance at 0x7f83154ecb90>,68,20,[ 3 12],69,-1,91,-1,71
1,<environment.Job instance at 0x7f83154f0050>,69,20,[ 3 12],70,-1,91,-1,71
1,<environment.Job instance at 0x7f83154f00f0>,70,21,[12  2],71,-1,92,-1,71
1,<environment.Job instance at 0x7f83154f03c0>,71,28,[5 1],72,-1,100,-1,72
1,<environment.Job instance at 0x7f83154f0410>,72,24,[9 2],73,-1,97,-1,73
1,<environment.Job instance at 0x7f83154f04b0>,73,25,[3 8],74,-1,99,-1,74
1,<environment.Job instance at 0x7f83154f0320>,74,27,[1 6],75,-1,103,-1,76
1,<environment.Job instance at 0x7f83154f05f0>,75,14,[ 4 11],76,-1,90,-1,76
1,<environment.Job instance at 0x7f83154f0550>,76,19,[ 4 14],77,-1,96,-1,77
1,<environment.Job instance at 0x7f83154f0690>,77,13,[14  5],78,-1,91,-1,78
1,<environment.Job instance at 0x7f83154f0730>,78,27,[10  2],79,-1,106,-1,79
1,<environment.Job instance at 0x7f83154f0870>,79,28,[9 4],80,-1,108,-1,80
1,<environment.Job instance at 0x7f83154f0820>,81,15,[ 5 11],82,-1,101,-1,86
1,<environment.Job instance at 0x7f83154f0a00>,82,26,[5 4],83,-1,112,-1,86
1,<environment.Job instance at 0x7f83154f0aa0>,83,12,[12  3],84,-1,98,-1,86
1,<environment.Job instance at 0x7f831598f640>,2,21,[10  1],3,-1,24,-1,3
1,<environment.Job instance at 0x7f83154f0af0>,3,20,[12  1],4,-1,24,-1,4
1,<environment.Job instance at 0x7f831598f1e0>,4,25,[4 5],5,-1,30,-1,5
1,<environment.Job instance at 0x7f831598f550>,6,28,[ 1 13],7,-1,35,-1,7
1,<environment.Job instance at 0x7f831598f820>,7,26,[ 1 11],8,-1,34,-1,8
1,<environment.Job instance at 0x7f831598f730>,11,18,[ 1 10],12,-1,30,-1,12
1,<environment.Job instance at 0x7f831598fa00>,12,23,[ 3 13],13,-1,36,-1,13
1,<environment.Job instance at 0x7f8315a58a00>,13,23,[ 5 13],14,-1,37,-1,14
1,<environment.Job instance at 0x7f8315a588c0>,14,12,[ 4 12],15,-1,27,-1,15
1,<environment.Job instance at 0x7f8315a58f00>,15,26,[9 3],16,-1,42,-1,16
1,<environment.Job instance at 0x7f8315a581e0>,16,23,[14  4],17,-1,40,-1,17
1,<environment.Job instance at 0x7f8315a58e60>,17,12,[ 3 12],18,-1,30,-1,18
1,<environment.Job instance at 0x7f8315a58dc0>,18,21,[ 1 13],19,-1,40,-1,19
1,<environment.Job instance at 0x7f8315a58b90>,19,25,[11  4],20,-1,45,-1,20
1,<environment.Job instance at 0x7f8315a58960>,20,12,[13  1],21,-1,33,-1,21
1,<environment.Job instance at 0x7f8315a583c0>,21,20,[ 5 11],22,-1,42,-1,22
1,<environment.Job instance at 0x7f8315a58410>,22,27,[12  2],23,-1,50,-1,23
1,<environment.Job instance at 0x7f8315a58b40>,23,15,[12  1],24,-1,39,-1,24
1,<environment.Job instance at 0x7f8315a58780>,24,14,[ 2 11],25,-1,39,-1,25
1,<environment.Job instance at 0x7f83159aefa0>,25,23,[13  5],26,-1,49,-1,26
1,<environment.Job instance at 0x7f83159aef00>,26,21,[ 1 12],27,-1,48,-1,27
1,<environment.Job instance at 0x7f83159ae8c0>,27,19,[11  2],28,-1,47,-1,28
1,<environment.Job instance at 0x7f8314c078c0>,28,21,[ 3 14],29,-1,50,-1,29
1,<environment.Job instance at 0x7f8314c09f00>,29,17,[ 3 10],30,-1,47,-1,30
1,<environment.Job instance at 0x7f8314f69dc0>,31,20,[13  3],32,-1,52,-1,32
1,<environment.Job instance at 0x7f8314f69640>,32,24,[ 4 11],33,-1,57,-1,33
1,<environment.Job instance at 0x7f8314c311e0>,33,22,[13  4],34,-1,56,-1,34
1,<environment.Job instance at 0x7f8314c31640>,34,22,[ 1 13],35,-1,57,-1,35
1,<environment.Job instance at 0x7f8314c26910>,35,15,[12  3],36,-1,51,-1,36
1,<environment.Job instance at 0x7f8314f9ebe0>,36,28,[ 4 12],37,-1,65,-1,37
1,<environment.Job instance at 0x7f8314c0fdc0>,37,17,[ 4 11],38,-1,55,-1,38
1,<environment.Job instance at 0x7f8314c0faf0>,38,23,[ 2 14],39,-1,62,-1,39
1,<environment.Job instance at 0x7f8314c30a00>,39,22,[ 2 14],40,-1,62,-1,40
1,<environment.Job instance at 0x7f8314e2dbe0>,40,14,[12  3],41,-1,55,-1,41
1,<environment.Job instance at 0x7f8314e40320>,41,20,[5 3],42,-1,62,-1,42
1,<environment.Job instance at 0x7f8314fbb230>,42,20,[ 2 11],43,-1,63,-1,43
1,<environment.Job instance at 0x7f8314fbbd20>,43,25,[14  3],44,-1,69,-1,44
1,<environment.Job instance at 0x7f8314fbb190>,44,28,[2 9],45,-1,73,-1,45
1,<environment.Job instance at 0x7f8314fbbdc0>,45,14,[ 2 12],46,-1,60,-1,46
1,<environment.Job instance at 0x7f8314fbbcd0>,46,19,[11  3],47,-1,66,-1,47
1,<environment.Job instance at 0x7f8314b94a00>,47,20,[14  5],48,-1,68,-1,48
1,<environment.Job instance at 0x7f8314b94f50>,48,19,[13  5],49,-1,68,-1,49
1,<environment.Job instance at 0x7f8314ef30f0>,49,26,[14  1],50,-1,76,-1,50
1,<environment.Job instance at 0x7f8314bbad70>,50,28,[ 2 10],51,-1,79,-1,51
1,<environment.Job instance at 0x7f8314baef00>,51,28,[7 4],52,-1,80,-1,52
1,<environment.Job instance at 0x7f8314fe27d0>,52,25,[ 3 14],53,-1,78,-1,53
1,<environment.Job instance at 0x7f8314fe2640>,53,28,[12  5],54,-1,82,-1,54
1,<environment.Job instance at 0x7f8314fe2050>,54,20,[ 4 14],55,-1,75,-1,55
1,<environment.Job instance at 0x7f8314fe2820>,55,24,[2 5],56,-1,80,-1,56
1,<environment.Job instance at 0x7f8314fe2190>,56,22,[ 1 14],57,-1,79,-1,57
1,<environment.Job instance at 0x7f8314fe21e0>,57,27,[ 4 12],58,-1,85,-1,58
1,<environment.Job instance at 0x7f8314fe28c0>,58,27,[4 9],59,-1,86,-1,59
1,<environment.Job instance at 0x7f8314fddbe0>,59,20,[ 3 14],60,-1,80,-1,60
1,<environment.Job instance at 0x7f8314fdd5a0>,60,15,[12  4],61,-1,76,-1,61
1,<environment.Job instance at 0x7f8314fdd1e0>,61,14,[1 8],62,-1,76,-1,62
1,<environment.Job instance at 0x7f8314fdd460>,62,25,[ 1 11],63,-1,88,-1,63
1,<environment.Job instance at 0x7f8314fddfa0>,63,14,[14  4],64,-1,78,-1,64
1,<environment.Job instance at 0x7f8314fdd050>,64,27,[9 1],65,-1,92,-1,65
1,<environment.Job instance at 0x7f8314fdd410>,65,23,[13  2],66,-1,89,-1,66
1,<environment.Job instance at 0x7f8315034550>,66,20,[12  4],67,-1,87,-1,67
1,<environment.Job instance at 0x7f8315034460>,67,26,[8 5],68,-1,94,-1,68
1,<environment.Job instance at 0x7f83150342d0>,68,28,[10  4],69,-1,97,-1,69
1,<environment.Job instance at 0x7f8314ba31e0>,69,14,[11  3],70,-1,84,-1,70
1,<environment.Job instance at 0x7f8314ffa7d0>,70,15,[ 1 13],71,-1,86,-1,71
1,<environment.Job instance at 0x7f8314ffa0a0>,71,26,[ 5 11],72,-1,98,-1,72
1,<environment.Job instance at 0x7f8314ffaf00>,72,24,[4 7],73,-1,97,-1,73
1,<environment.Job instance at 0x7f8314ffa280>,73,28,[3 8],74,-1,102,-1,74
1,<environment.Job instance at 0x7f8314ffa640>,74,28,[ 3 11],75,-1,103,-1,75
1,<environment.Job instance at 0x7f8314f89140>,75,19,[ 3 12],76,-1,95,-1,76
1,<environment.Job instance at 0x7f8314f89d20>,76,21,[ 1 11],77,-1,98,-1,77
1,<environment.Job instance at 0x7f8314f89f50>,77,26,[ 1 11],78,-1,104,-1,78
1,<environment.Job instance at 0x7f8314f897d0>,78,17,[13  5],79,-1,96,-1,79
1,<environment.Job instance at 0x7f8314f89960>,79,21,[ 2 12],80,-1,101,-1,80
1,<environment.Job instance at 0x7f8314f895f0>,80,25,[ 2 12],81,-1,106,-1,81
1,<environment.Job instance at 0x7f8314f891e0>,81,20,[ 5 13],82,-1,102,-1,82
1,<environment.Job instance at 0x7f8314f896e0>,82,26,[1 6],83,-1,109,-1,83
1,<environment.Job instance at 0x7f8314f89730>,83,28,[ 1 13],84,-1,112,-1,84
1,<environment.Job instance at 0x7f8314ffdaa0>,84,26,[12  2],85,-1,111,-1,85
1,<environment.Job instance at 0x7f8314ffd870>,85,21,[ 3 11],86,-1,107,-1,86
1,<environment.Job instance at 0x7f8314ffdfa0>,86,21,[ 5 14],87,-1,108,-1,87
1,<environment.Job instance at 0x7f8314ffde10>,87,19,[ 5 12],88,-1,107,-1,88
1,<environment.Job instance at 0x7f8314fabb40>,88,28,[3 8],89,-1,117,-1,89
1,<environment.Job instance at 0x7f8314bd1be0>,1,26,[ 5 13],2,-1,28,-1,2
1,<environment.Job instance at 0x7f8314bd1e60>,3,25,[5 7],4,-1,29,-1,4
1,<environment.Job instance at 0x7f8314bd15a0>,2,20,[14  2],3,-1,24,-1,4
1,<environment.Job instance at 0x7f8314bd1730>,6,27,[ 5 14],7,-1,34,-1,7
1,<environment.Job instance at 0x7f8314bd1af0>,7,28,[12  2],8,-1,36,-1,8
1,<environment.Job instance at 0x7f8314bd15f0>,8,28,[ 1 12],9,-1,37,-1,9
1,<environment.Job instance at 0x7f8314bcf4b0>,9,25,[12  1],10,-1,35,-1,10
1,<environment.Job instance at 0x7f8314bcfd70>,10,24,[7 2],11,-1,35,-1,11
1,<environment.Job instance at 0x7f8314bcff00>,11,28,[ 1 14],12,-1,40,-1,12
1,<environment.Job instance at 0x7f8314bcfe60>,12,26,[13  4],13,-1,39,-1,13
1,<environment.Job instance at 0x7f8314bcfb40>,13,13,[ 2 14],14,-1,27,-1,14
1,<environment.Job instance at 0x7f8314bcf820>,15,21,[12  2],16,-1,37,-1,16
1,<environment.Job instance at 0x7f8314bcf460>,16,21,[ 5 11],17,-1,38,-1,17
1,<environment.Job instance at 0x7f8314bcf730>,17,26,[ 5 10],18,-1,44,-1,18
1,<environment.Job instance at 0x7f8314bcf870>,18,27,[12  4],19,-1,46,-1,19
1,<environment.Job instance at 0x7f8314bcf640>,19,27,[14  3],20,-1,47,-1,20
1,<environment.Job instance at 0x7f8314bcfc80>,20,27,[14  5],21,-1,48,-1,21
1,<environment.Job instance at 0x7f8314bcfaa0>,21,26,[13  1],22,-1,48,-1,22
1,<environment.Job instance at 0x7f8314bcffa0>,22,25,[12  2],23,-1,48,-1,23
1,<environment.Job instance at 0x7f8314bcf050>,23,21,[13  5],24,-1,45,-1,24
1,<environment.Job instance at 0x7f8314bcf410>,24,25,[11  2],25,-1,50,-1,25
1,<environment.Job instance at 0x7f8314bcf780>,25,24,[11  4],26,-1,50,-1,26
1,<environment.Job instance at 0x7f8314bcfc30>,26,16,[ 4 14],27,-1,43,-1,27
1,<environment.Job instance at 0x7f8314bcf960>,27,28,[8 4],28,-1,56,-1,28
1,<environment.Job instance at 0x7f8314bcfe10>,28,20,[12  1],29,-1,49,-1,29
1,<environment.Job instance at 0x7f8314bcf190>,29,28,[ 4 12],30,-1,58,-1,30
1,<environment.Job instance at 0x7f8314bcfaf0>,30,18,[12  2],31,-1,49,-1,31
1,<environment.Job instance at 0x7f8314bcf0a0>,31,15,[12  3],32,-1,47,-1,32
1,<environment.Job instance at 0x7f8314b84820>,32,25,[13  2],33,-1,58,-1,33
1,<environment.Job instance at 0x7f8314b84a00>,33,26,[ 5 11],34,-1,60,-1,34
1,<environment.Job instance at 0x7f8314b84140>,35,27,[1 6],36,-1,63,-1,36
1,<environment.Job instance at 0x7f8314b84dc0>,36,26,[ 4 12],37,-1,63,-1,37
1,<environment.Job instance at 0x7f8314b84b40>,37,19,[12  5],38,-1,57,-1,38
1,<environment.Job instance at 0x7f8314bd1d70>,39,20,[ 1 13],40,-1,60,-1,40
1,<environment.Job instance at 0x7f8314b84460>,38,23,[7 4],39,-1,63,-1,40
1,<environment.Job instance at 0x7f8314b84d20>,41,28,[11  2],42,-1,70,-1,42
1,<environment.Job instance at 0x7f8314b84f00>,42,28,[13  5],43,-1,71,-1,43
1,<environment.Job instance at 0x7f8314b84b90>,40,19,[13  2],41,-1,62,-1,43
1,<environment.Job instance at 0x7f8314b84c80>,43,20,[ 5 11],44,-1,64,-1,44
1,<environment.Job instance at 0x7f8314b84af0>,44,15,[12  1],45,-1,60,-1,45
1,<environment.Job instance at 0x7f8315990a50>,45,21,[ 1 12],46,-1,67,-1,46
1,<environment.Job instance at 0x7f8314c257d0>,47,25,[ 3 12],48,-1,73,-1,48
1,<environment.Job instance at 0x7f8315a0d9b0>,48,28,[12  5],49,-1,77,-1,49
1,<environment.Job instance at 0x7f8314b8eaf0>,46,19,[14  5],47,-1,68,-1,49
1,<environment.Job instance at 0x7f8315a0d910>,49,13,[12  3],50,-1,63,-1,50
1,<environment.Job instance at 0x7f8315c1d9b0>,50,20,[13  4],51,-1,71,-1,51
1,<environment.Job instance at 0x7f8315c1dc80>,51,27,[14  3],52,-1,79,-1,52
1,<environment.Job instance at 0x7f8315a58460>,53,26,[ 4 12],54,-1,80,-1,54
1,<environment.Job instance at 0x7f83160eb1e0>,54,26,[8 3],55,-1,81,-1,55
1,<environment.Job instance at 0x7f83160eb0f0>,55,23,[12  1],56,-1,79,-1,56
1,<environment.Job instance at 0x7f83160eb820>,56,19,[ 2 13],57,-1,76,-1,57
1,<environment.Job instance at 0x7f83160eb550>,57,22,[11  1],58,-1,80,-1,58
1,<environment.Job instance at 0x7f83160ebdc0>,58,22,[ 1 13],59,-1,81,-1,59
1,<environment.Job instance at 0x7f8315a12190>,59,24,[ 2 14],60,-1,84,-1,60
1,<environment.Job instance at 0x7f8315a12af0>,60,23,[ 2 14],61,-1,84,-1,61
1,<environment.Job instance at 0x7f8315a12280>,61,23,[13  3],62,-1,85,-1,62
1,<environment.Job instance at 0x7f8315a125a0>,62,25,[10  5],63,-1,88,-1,63
1,<environment.Job instance at 0x7f8315a123c0>,63,20,[13  5],64,-1,84,-1,64
1,<environment.Job instance at 0x7f83153152d0>,64,24,[14  3],65,-1,89,-1,65
1,<environment.Job instance at 0x7f8315315550>,65,23,[13  5],66,-1,89,-1,66
1,<environment.Job instance at 0x7f8315664410>,66,21,[12  3],67,-1,88,-1,67
1,<environment.Job instance at 0x7f8315664460>,67,19,[13  4],68,-1,87,-1,68
1,<environment.Job instance at 0x7f8315664e10>,68,28,[ 4 11],69,-1,97,-1,69
1,<environment.Job instance at 0x7f8315664fa0>,69,25,[ 4 12],70,-1,95,-1,70
1,<environment.Job instance at 0x7f8315664eb0>,70,22,[14  1],71,-1,93,-1,71
1,<environment.Job instance at 0x7f8315664e60>,71,25,[7 3],72,-1,97,-1,72
1,<environment.Job instance at 0x7f8315c10910>,72,27,[ 4 13],73,-1,100,-1,73
1,<environment.Job instance at 0x7f8315c10230>,73,26,[14  4],74,-1,100,-1,74
1,<environment.Job instance at 0x7f8315a5b320>,74,26,[9 1],75,-1,101,-1,75
1,<environment.Job instance at 0x7f83160e1550>,76,16,[14  1],77,-1,93,-1,77
1,<environment.Job instance at 0x7f8315a2e6e0>,77,27,[ 1 14],78,-1,105,-1,78
1,<environment.Job instance at 0x7f83152fe870>,79,19,[13  1],80,-1,99,-1,80
1,<environment.Job instance at 0x7f83159febe0>,80,15,[12  2],81,-1,96,-1,81
1,<environment.Job instance at 0x7f8315044550>,82,25,[ 2 13],83,-1,108,-1,83
1,<environment.Job instance at 0x7f8314cf25f0>,83,21,[ 2 13],84,-1,105,-1,84
1,<environment.Job instance at 0x7f83156870a0>,85,24,[ 3 13],86,-1,110,-1,86
1,<environment.Job instance at 0x7f8314b5f4b0>,86,15,[ 2 13],87,-1,102,-1,87
1,<environment.Job instance at 0x7f8314b5f5a0>,87,28,[ 5 14],88,-1,116,-1,88
1,<environment.Job instance at 0x7f8314b5fdc0>,88,20,[11  2],89,-1,109,-1,89
1,<environment.Job instance at 0x7f8315159a50>,3,19,[ 5 14],4,-1,23,-1,4
1,<environment.Job instance at 0x7f8314ef9500>,2,22,[14  4],3,-1,26,-1,4
1,<environment.Job instance at 0x7f8315159140>,5,20,[14  5],6,-1,26,-1,6
1,<environment.Job instance at 0x7f8315159eb0>,6,26,[ 1 11],7,-1,33,-1,7
1,<environment.Job instance at 0x7f8315159af0>,4,23,[13  1],5,-1,30,-1,7
1,<environment.Job instance at 0x7f83151597d0>,7,14,[ 3 13],8,-1,22,-1,8
1,<environment.Job instance at 0x7f8315159c80>,8,13,[ 4 14],9,-1,22,-1,9
1,<environment.Job instance at 0x7f8314ef63c0>,9,13,[ 5 14],10,-1,23,-1,10
1,<environment.Job instance at 0x7f8314ef65f0>,10,27,[14  3],11,-1,38,-1,11
1,<environment.Job instance at 0x7f8315159e10>,13,13,[ 5 13],14,-1,27,-1,14
1,<environment.Job instance at 0x7f8314ef6780>,14,15,[12  1],15,-1,30,-1,15
1,<environment.Job instance at 0x7f8314ef6a00>,15,26,[13  2],16,-1,42,-1,16
1,<environment.Job instance at 0x7f8314ef6f50>,16,22,[13  5],17,-1,39,-1,17
1,<environment.Job instance at 0x7f8314ef6230>,17,23,[ 4 11],18,-1,41,-1,18
1,<environment.Job instance at 0x7f8314f01910>,18,17,[ 2 13],19,-1,36,-1,19
1,<environment.Job instance at 0x7f8314c6fa00>,19,27,[ 2 13],20,-1,47,-1,20
1,<environment.Job instance at 0x7f8314c6f730>,20,20,[14  4],21,-1,41,-1,21
1,<environment.Job instance at 0x7f8314c6fdc0>,21,26,[ 4 11],22,-1,48,-1,22
1,<environment.Job instance at 0x7f8314c6feb0>,22,25,[13  2],23,-1,48,-1,23
1,<environment.Job instance at 0x7f8314c94af0>,23,13,[14  2],24,-1,37,-1,24
1,<environment.Job instance at 0x7f8314ff5cd0>,24,24,[5 1],25,-1,49,-1,25
1,<environment.Job instance at 0x7f8314ff5280>,25,25,[ 3 11],26,-1,51,-1,26
1,<environment.Job instance at 0x7f8314b97730>,26,28,[14  3],27,-1,55,-1,27
1,<environment.Job instance at 0x7f8314b97640>,27,26,[ 4 14],28,-1,54,-1,28
1,<environment.Job instance at 0x7f8314b970a0>,28,13,[13  3],29,-1,42,-1,29
1,<environment.Job instance at 0x7f8314cb7a50>,29,15,[13  1],30,-1,45,-1,30
1,<environment.Job instance at 0x7f8314e5ec30>,30,12,[14  2],31,-1,43,-1,31
1,<environment.Job instance at 0x7f8314e5e690>,32,20,[ 4 12],33,-1,53,-1,33
1,<environment.Job instance at 0x7f8314efc870>,33,25,[ 4 14],34,-1,59,-1,34
1,<environment.Job instance at 0x7f83151c39b0>,34,24,[7 2],35,-1,59,-1,35
1,<environment.Job instance at 0x7f83151c37d0>,36,24,[ 5 13],37,-1,61,-1,37
1,<environment.Job instance at 0x7f8314b98640>,37,25,[ 2 13],38,-1,63,-1,38
1,<environment.Job instance at 0x7f8314b98d70>,38,15,[12  4],39,-1,54,-1,39
1,<environment.Job instance at 0x7f8314b5fb40>,39,19,[ 1 14],40,-1,59,-1,40
1,<environment.Job instance at 0x7f831503be60>,40,26,[13  4],41,-1,67,-1,41
1,<environment.Job instance at 0x7f8314b5b8c0>,41,22,[13  4],42,-1,64,-1,42
1,<environment.Job instance at 0x7f8314b5be10>,42,24,[12  4],43,-1,67,-1,43
1,<environment.Job instance at 0x7f8315166280>,43,27,[13  3],44,-1,71,-1,44
1,<environment.Job instance at 0x7f831592a0f0>,45,23,[ 2 11],46,-1,69,-1,46
1,<environment.Job instance at 0x7f8314fcf4b0>,46,20,[ 3 14],47,-1,67,-1,47
1,<environment.Job instance at 0x7f8314b79370>,49,25,[12  5],50,-1,75,-1,50
1,<environment.Job instance at 0x7f8314b96dc0>,50,20,[ 5 13],51,-1,71,-1,51
1,<environment.Job instance at 0x7f8314b8e2d0>,51,24,[ 2 13],52,-1,76,-1,52
1,<environment.Job instance at 0x7f8314b8e3c0>,52,23,[11  2],53,-1,76,-1,53
1,<environment.Job instance at 0x7f8314b8e5f0>,53,22,[ 2 12],54,-1,76,-1,54
1,<environment.Job instance at 0x7f8314b8e640>,54,20,[12  3],55,-1,75,-1,55
1,<environment.Job instance at 0x7f8314b8e780>,55,19,[12  5],56,-1,75,-1,56
1,<environment.Job instance at 0x7f8314b8eb40>,56,15,[ 5 14],57,-1,72,-1,57
1,<environment.Job instance at 0x7f8314b994b0>,57,15,[11  1],58,-1,73,-1,58
1,<environment.Job instance at 0x7f8314b99b90>,58,20,[ 4 14],59,-1,79,-1,59
1,<environment.Job instance at 0x7f831eb70550>,59,20,[14  2],60,-1,80,-1,60
1,<environment.Job instance at 0x7f831eb70aa0>,60,25,[8 5],61,-1,86,-1,61
1,<environment.Job instance at 0x7f831eb70500>,61,24,[ 1 12],62,-1,86,-1,62
1,<environment.Job instance at 0x7f831eb70b90>,62,21,[ 5 11],63,-1,84,-1,63
1,<environment.Job instance at 0x7f831eb70140>,63,24,[ 2 14],64,-1,88,-1,64
1,<environment.Job instance at 0x7f831eb70e10>,64,24,[11  1],65,-1,89,-1,65
1,<environment.Job instance at 0x7f831eb701e0>,65,25,[7 1],66,-1,91,-1,66
1,<environment.Job instance at 0x7f831eb70dc0>,66,24,[12  5],67,-1,91,-1,67
1,<environment.Job instance at 0x7f831eb70a00>,67,23,[10  2],68,-1,91,-1,68
1,<environment.Job instance at 0x7f831eb70f00>,68,22,[ 1 11],69,-1,91,-1,69
1,<environment.Job instance at 0x7f831eb70050>,69,23,[ 5 12],70,-1,93,-1,70
1,<environment.Job instance at 0x7f831eb70d70>,70,27,[ 4 14],71,-1,98,-1,71
1,<environment.Job instance at 0x7f8314bfef00>,71,23,[ 2 11],72,-1,95,-1,72
1,<environment.Job instance at 0x7f8314bfe460>,72,28,[ 4 12],73,-1,101,-1,73
1,<environment.Job instance at 0x7f8314bfe7d0>,73,22,[13  1],74,-1,96,-1,74
1,<environment.Job instance at 0x7f8314ba34b0>,74,25,[3 6],75,-1,100,-1,75
1,<environment.Job instance at 0x7f8314ba3320>,75,17,[11  2],76,-1,93,-1,76
1,<environment.Job instance at 0x7f8314bae320>,76,22,[ 3 13],77,-1,99,-1,77
1,<environment.Job instance at 0x7f8314baee10>,77,20,[13  4],78,-1,98,-1,78
1,<environment.Job instance at 0x7f8314baea00>,78,19,[13  4],79,-1,98,-1,79
1,<environment.Job instance at 0x7f8314bf28c0>,79,16,[ 2 12],80,-1,96,-1,80
1,<environment.Job instance at 0x7f8314bf2280>,80,12,[ 4 14],81,-1,93,-1,81
1,<environment.Job instance at 0x7f8314bf2500>,81,20,[ 5 13],82,-1,102,-1,82
1,<environment.Job instance at 0x7f8314bf2190>,83,26,[12  4],84,-1,110,-1,84
1,<environment.Job instance at 0x7f8314bf2dc0>,84,26,[ 5 12],85,-1,111,-1,85
1,<environment.Job instance at 0x7f8314bf2a50>,85,22,[ 1 11],86,-1,108,-1,86
1,<environment.Job instance at 0x7f8314bf2e60>,86,23,[14  5],87,-1,110,-1,87
1,<environment.Job instance at 0x7f8314bf22d0>,87,22,[ 2 11],88,-1,110,-1,88
1,<environment.Job instance at 0x7f8314bf2a00>,88,22,[13  5],89,-1,111,-1,89
1,<environment.Job instance at 0x7f8314f1da00>,1,16,[ 3 14],2,-1,18,-1,2
1,<environment.Job instance at 0x7f8314bf2af0>,2,16,[14  1],3,-1,19,-1,3
1,<environment.Job instance at 0x7f8314a60f00>,3,19,[ 5 12],4,-1,23,-1,4
1,<environment.Job instance at 0x7f8314a60fa0>,4,25,[ 5 13],5,-1,30,-1,5
1,<environment.Job instance at 0x7f8314a650a0>,5,26,[13  4],6,-1,32,-1,6
1,<environment.Job instance at 0x7f8314a65140>,6,21,[ 4 14],7,-1,28,-1,7
1,<environment.Job instance at 0x7f8314a651e0>,7,25,[ 3 12],8,-1,33,-1,8
1,<environment.Job instance at 0x7f8314a65280>,8,27,[14  3],9,-1,36,-1,9
1,<environment.Job instance at 0x7f8314bf2a00>,11,28,[13  2],12,-1,40,-1,12
1,<environment.Job instance at 0x7f8314a65500>,12,28,[ 5 14],13,-1,41,-1,13
1,<environment.Job instance at 0x7f8314a659b0>,17,28,[ 3 14],18,-1,56,-1,28
1,<environment.Job instance at 0x7f8314a65a00>,18,28,[11  5],19,-1,56,-1,28
1,<environment.Job instance at 0x7f8314a65aa0>,19,24,[8 4],20,-1,52,-1,28
1,<environment.Job instance at 0x7f8314a65c80>,22,25,[13  2],23,-1,78,-1,53
1,<environment.Job instance at 0x7f8314a65820>,23,14,[14  3],24,-1,67,-1,53
1,<environment.Job instance at 0x7f8314a65dc0>,24,16,[13  2],25,-1,69,-1,53
1,<environment.Job instance at 0x7f8314a65e60>,25,26,[13  5],26,-1,79,-1,53
1,<environment.Job instance at 0x7f8314a65d20>,26,24,[ 3 12],27,-1,77,-1,53
1,<environment.Job instance at 0x7f8314a65f00>,27,23,[ 3 11],28,-1,76,-1,53
1,<environment.Job instance at 0x7f8314a65f50>,28,22,[11  4],29,-1,75,-1,53
1,<environment.Job instance at 0x7f8314a656e0>,29,21,[12  3],30,-1,74,-1,53
1,<environment.Job instance at 0x7f8314a671e0>,30,12,[ 5 14],31,-1,65,-1,53
1,<environment.Job instance at 0x7f8314a67140>,31,23,[12  5],32,-1,76,-1,53
1,<environment.Job instance at 0x7f8314a67320>,33,23,[ 5 11],34,-1,77,-1,54
1,<environment.Job instance at 0x7f8314a673c0>,34,25,[13  5],35,-1,79,-1,54
1,<environment.Job instance at 0x7f8314a67460>,35,19,[ 5 13],36,-1,73,-1,54
1,<environment.Job instance at 0x7f8314a675a0>,36,15,[ 4 12],37,-1,69,-1,54
1,<environment.Job instance at 0x7f8314a67640>,37,28,[ 5 10],38,-1,82,-1,54
1,<environment.Job instance at 0x7f8314a675f0>,39,22,[12  5],40,-1,95,-1,73
1,<environment.Job instance at 0x7f8314a677d0>,40,21,[ 4 14],41,-1,94,-1,73
1,<environment.Job instance at 0x7f8314a67870>,41,20,[12  5],42,-1,93,-1,73
1,<environment.Job instance at 0x7f8314a67910>,42,28,[2 8],43,-1,101,-1,73
1,<environment.Job instance at 0x7f8314a679b0>,43,24,[13  5],44,-1,97,-1,73
1,<environment.Job instance at 0x7f8314a67a50>,44,17,[ 4 13],45,-1,90,-1,73
1,<environment.Job instance at 0x7f8314a67af0>,45,21,[13  4],46,-1,94,-1,73
1,<environment.Job instance at 0x7f8314a67b90>,46,22,[ 5 12],47,-1,95,-1,73
1,<environment.Job instance at 0x7f8314a67c30>,47,13,[ 4 11],48,-1,86,-1,73
1,<environment.Job instance at 0x7f8314a67cd0>,48,15,[14  2],49,-1,88,-1,73
1,<environment.Job instance at 0x7f8314a67d70>,49,26,[ 1 13],50,-1,99,-1,73
1,<environment.Job instance at 0x7f8314a67f00>,51,27,[ 2 12],52,-1,100,-1,73
1,<environment.Job instance at 0x7f8314a67f50>,52,17,[14  5],53,-1,90,-1,73
1,<environment.Job instance at 0x7f8314a6a280>,53,24,[13  3],54,-1,97,-1,73
1,<environment.Job instance at 0x7f8314a67eb0>,54,22,[12  3],55,-1,95,-1,73
1,<environment.Job instance at 0x7f8314a6a050>,55,14,[ 5 12],56,-1,87,-1,73
1,<environment.Job instance at 0x7f8314a6a320>,56,16,[ 5 11],57,-1,89,-1,73
1,<environment.Job instance at 0x7f8314a6a0f0>,57,23,[10  4],58,-1,96,-1,73
1,<environment.Job instance at 0x7f8314a6a410>,58,20,[ 1 12],59,-1,93,-1,73
1,<environment.Job instance at 0x7f8314a6a4b0>,59,21,[14  1],60,-1,94,-1,73
1,<environment.Job instance at 0x7f8314a6a550>,60,20,[14  2],61,-1,93,-1,73
1,<environment.Job instance at 0x7f8314a6a5f0>,61,22,[14  4],62,-1,95,-1,73
1,<environment.Job instance at 0x7f8314a6a690>,62,17,[ 3 10],63,-1,105,-1,88
1,<environment.Job instance at 0x7f83153b1550>,2,23,[ 2 11],3,-1,26,-1,3
1,<environment.Job instance at 0x7f83153b1c80>,3,14,[ 5 12],4,-1,18,-1,4
1,<environment.Job instance at 0x7f83153b1500>,5,28,[ 2 11],6,-1,34,-1,6
1,<environment.Job instance at 0x7f83153b10f0>,6,24,[ 1 13],7,-1,31,-1,7
1,<environment.Job instance at 0x7f83153b1820>,7,25,[ 5 13],8,-1,33,-1,8
1,<environment.Job instance at 0x7f83153b1780>,9,24,[8 2],10,-1,35,-1,11
1,<environment.Job instance at 0x7f83153b1e10>,11,23,[ 2 12],12,-1,35,-1,12
1,<environment.Job instance at 0x7f83153b1690>,13,26,[ 5 11],14,-1,40,-1,14
1,<environment.Job instance at 0x7f83153b1910>,14,19,[14  5],15,-1,34,-1,15
1,<environment.Job instance at 0x7f83153b1c30>,15,21,[13  5],16,-1,37,-1,16
1,<environment.Job instance at 0x7f83153b1a50>,16,24,[ 5 12],17,-1,41,-1,17
1,<environment.Job instance at 0x7f83153b1d20>,17,19,[12  2],18,-1,37,-1,18
1,<environment.Job instance at 0x7f83153b13c0>,18,22,[ 5 11],19,-1,41,-1,19
1,<environment.Job instance at 0x7f83153b19b0>,19,26,[ 4 13],20,-1,46,-1,20
1,<environment.Job instance at 0x7f83153b1dc0>,20,27,[ 2 12],21,-1,48,-1,21
1,<environment.Job instance at 0x7f831e6f3370>,21,19,[13  2],22,-1,41,-1,22
1,<environment.Job instance at 0x7f831e6f3be0>,22,12,[11  2],23,-1,35,-1,23
1,<environment.Job instance at 0x7f8314a5b3c0>,26,26,[7 3],27,-1,58,-1,32
1,<environment.Job instance at 0x7f8314a5bcd0>,27,25,[ 1 13],28,-1,57,-1,32
1,<environment.Job instance at 0x7f8314a5b140>,28,22,[ 1 12],29,-1,54,-1,32
1,<environment.Job instance at 0x7f8314a5b5f0>,29,26,[11  4],30,-1,58,-1,32
1,<environment.Job instance at 0x7f8314a5b460>,32,20,[ 1 11],33,-1,67,-1,47
1,<environment.Job instance at 0x7f8314a5b500>,33,19,[13  2],34,-1,66,-1,47
1,<environment.Job instance at 0x7f8314a5b820>,34,19,[ 1 11],35,-1,66,-1,47
1,<environment.Job instance at 0x7f8314a5b7d0>,35,20,[13  5],36,-1,67,-1,47
1,<environment.Job instance at 0x7f8314a5bd70>,36,27,[ 1 14],37,-1,74,-1,47
1,<environment.Job instance at 0x7f8314a5bc30>,37,26,[12  3],38,-1,73,-1,47
1,<environment.Job instance at 0x7f8314a5bc80>,38,24,[11  3],39,-1,71,-1,47
1,<environment.Job instance at 0x7f8314a5b370>,39,25,[13  2],40,-1,72,-1,47
1,<environment.Job instance at 0x7f8314b25d20>,40,20,[ 5 14],41,-1,67,-1,47
1,<environment.Job instance at 0x7f8314b25be0>,41,22,[ 5 14],42,-1,69,-1,47
1,<environment.Job instance at 0x7f8314b25960>,42,25,[ 3 12],43,-1,72,-1,47
1,<environment.Job instance at 0x7f831534d190>,43,28,[ 1 12],44,-1,75,-1,47
1,<environment.Job instance at 0x7f831534da50>,44,20,[ 1 14],45,-1,67,-1,47
1,<environment.Job instance at 0x7f831534dbe0>,45,26,[ 3 12],46,-1,73,-1,47
1,<environment.Job instance at 0x7f831534d2d0>,46,16,[ 3 12],47,-1,63,-1,47
1,<environment.Job instance at 0x7f831534dd70>,47,14,[13  3],48,-1,62,-1,48
1,<environment.Job instance at 0x7f831534d4b0>,49,28,[ 2 13],50,-1,79,-1,51
1,<environment.Job instance at 0x7f831534d8c0>,51,23,[ 4 11],52,-1,89,-1,66
1,<environment.Job instance at 0x7f831534deb0>,52,16,[ 5 13],53,-1,82,-1,66
1,<environment.Job instance at 0x7f831534d640>,54,21,[ 4 14],55,-1,87,-1,66
1,<environment.Job instance at 0x7f831534ddc0>,55,12,[12  5],56,-1,78,-1,66
1,<environment.Job instance at 0x7f831534d690>,57,26,[14  4],58,-1,96,-1,70
1,<environment.Job instance at 0x7f831534d820>,58,23,[ 3 12],59,-1,93,-1,70
1,<environment.Job instance at 0x7f8315851c80>,3,15,[ 1 12],4,-1,20,-1,5
1,<environment.Job instance at 0x7f8314b4a5f0>,5,16,[11  2],6,-1,22,-1,6
1,<environment.Job instance at 0x7f8314b4aa50>,6,25,[12  3],7,-1,32,-1,7
1,<environment.Job instance at 0x7f8314b4a910>,7,22,[ 5 13],8,-1,30,-1,8
1,<environment.Job instance at 0x7f8315460960>,11,25,[5 3],12,-1,44,-1,19
1,<environment.Job instance at 0x7f8315460370>,12,28,[11  5],13,-1,47,-1,19
1,<environment.Job instance at 0x7f8315460280>,13,15,[ 2 12],14,-1,34,-1,19
1,<environment.Job instance at 0x7f83154604b0>,14,16,[ 4 11],15,-1,35,-1,19
1,<environment.Job instance at 0x7f8315460f50>,15,18,[11  1],16,-1,37,-1,19
1,<environment.Job instance at 0x7f8315460050>,16,24,[ 5 13],17,-1,43,-1,19
1,<environment.Job instance at 0x7f8315460410>,17,22,[ 5 13],18,-1,41,-1,19
1,<environment.Job instance at 0x7f8315460820>,18,19,[ 3 12],19,-1,38,-1,19
1,<environment.Job instance at 0x7f83154609b0>,19,17,[14  4],20,-1,37,-1,20
1,<environment.Job instance at 0x7f8314a56be0>,20,26,[13  3],21,-1,47,-1,21
1,<environment.Job instance at 0x7f8314a566e0>,21,14,[11  3],22,-1,36,-1,22
1,<environment.Job instance at 0x7f8314a56eb0>,22,20,[ 4 14],23,-1,43,-1,23
1,<environment.Job instance at 0x7f83154606e0>,24,21,[ 1 12],25,-1,59,-1,38
1,<environment.Job instance at 0x7f8314a56500>,25,15,[11  5],26,-1,53,-1,38
1,<environment.Job instance at 0x7f8314a564b0>,26,20,[ 2 11],27,-1,58,-1,38
1,<environment.Job instance at 0x7f8314a561e0>,27,26,[ 1 12],28,-1,64,-1,38
1,<environment.Job instance at 0x7f8314a560a0>,28,28,[12  2],29,-1,66,-1,38
1,<environment.Job instance at 0x7f8314a56050>,29,23,[14  1],30,-1,61,-1,38
1,<environment.Job instance at 0x7f8314a560f0>,30,28,[11  1],31,-1,66,-1,38
1,<environment.Job instance at 0x7f831576d870>,31,18,[ 1 13],32,-1,56,-1,38
1,<environment.Job instance at 0x7f831576d690>,32,27,[ 5 12],33,-1,65,-1,38
1,<environment.Job instance at 0x7f831576d0f0>,33,21,[ 1 14],34,-1,59,-1,38
1,<environment.Job instance at 0x7f831576d410>,34,22,[14  2],35,-1,60,-1,38
1,<environment.Job instance at 0x7f831576dbe0>,35,14,[12  4],36,-1,52,-1,38
1,<environment.Job instance at 0x7f831576dd70>,36,18,[11  5],37,-1,62,-1,44
1,<environment.Job instance at 0x7f831576d0a0>,37,20,[12  5],38,-1,64,-1,44
1,<environment.Job instance at 0x7f831576d5a0>,38,27,[14  4],39,-1,71,-1,44
1,<environment.Job instance at 0x7f831576deb0>,39,27,[14  4],40,-1,71,-1,44
1,<environment.Job instance at 0x7f831576de60>,40,19,[14  1],41,-1,63,-1,44
1,<environment.Job instance at 0x7f831576dc30>,41,14,[12  2],42,-1,58,-1,44
1,<environment.Job instance at 0x7f831576d7d0>,42,21,[ 5 14],43,-1,65,-1,44
1,<environment.Job instance at 0x7f8314ff2f00>,43,24,[7 2],44,-1,68,-1,44
1,<environment.Job instance at 0x7f8314ff2280>,44,27,[14  1],45,-1,72,-1,45
1,<environment.Job instance at 0x7f8314ff2c30>,45,28,[ 2 14],46,-1,74,-1,46
1,<environment.Job instance at 0x7f8314ff2af0>,46,21,[ 2 12],47,-1,68,-1,47
1,<environment.Job instance at 0x7f8314ff2960>,47,27,[ 2 11],48,-1,75,-1,48
1,<environment.Job instance at 0x7f8314ff26e0>,48,27,[ 1 11],49,-1,76,-1,49
1,<environment.Job instance at 0x7f8314ff22d0>,49,26,[ 2 14],50,-1,76,-1,50
1,<environment.Job instance at 0x7f8314ff2640>,50,25,[12  5],51,-1,76,-1,51
1,<environment.Job instance at 0x7f8314a670a0>,51,19,[ 4 14],52,-1,71,-1,52
1,<environment.Job instance at 0x7f8314a675f0>,52,19,[ 5 13],53,-1,72,-1,53
1,<environment.Job instance at 0x7f8314a67cd0>,53,24,[ 4 11],54,-1,78,-1,54
1,<environment.Job instance at 0x7f8314a67fa0>,54,26,[11  4],55,-1,81,-1,55
1,<environment.Job instance at 0x7f8314a67460>,55,28,[2 7],56,-1,84,-1,56
1,<environment.Job instance at 0x7f8314a67a50>,56,22,[11  4],57,-1,79,-1,57
1,<environment.Job instance at 0x7f8314ff2d70>,57,26,[12  5],58,-1,84,-1,58
1,<environment.Job instance at 0x7f8314edd910>,58,25,[ 4 14],59,-1,84,-1,59
1,<environment.Job instance at 0x7f8314eddfa0>,60,25,[ 3 10],61,-1,86,-1,61
1,<environment.Job instance at 0x7f8314eddbe0>,61,23,[ 3 10],62,-1,86,-1,63
1,<environment.Job instance at 0x7f8314edd320>,62,21,[ 4 11],63,-1,84,-1,63
1,<environment.Job instance at 0x7f8315797f00>,63,27,[ 5 14],64,-1,91,-1,64
1,<environment.Job instance at 0x7f8315460be0>,10,25,[14  3],11,-1,90,-1,65
1,<environment.Job instance at 0x7f8315797b90>,64,25,[14  3],65,-1,90,-1,65
1,<environment.Job instance at 0x7f8315797c80>,66,19,[ 1 13],67,-1,86,-1,67
1,<environment.Job instance at 0x7f8315797730>,67,26,[10  3],68,-1,94,-1,68
1,<environment.Job instance at 0x7f8315797190>,68,23,[ 2 11],69,-1,92,-1,69
1,<environment.Job instance at 0x7f8315797fa0>,69,25,[ 5 11],70,-1,95,-1,70
1,<environment.Job instance at 0x7f8315797410>,70,27,[11  5],71,-1,98,-1,71
1,<environment.Job instance at 0x7f8315797f50>,71,17,[12  5],72,-1,89,-1,72
1,<environment.Job instance at 0x7f8315797780>,72,24,[7 1],73,-1,97,-1,73
1,<environment.Job instance at 0x7f8315797910>,73,21,[11  1],74,-1,95,-1,74
1,<environment.Job instance at 0x7f8315797e10>,74,21,[12  4],75,-1,96,-1,75
1,<environment.Job instance at 0x7f83157977d0>,75,26,[11  4],76,-1,102,-1,76
1,<environment.Job instance at 0x7f8315797d20>,76,21,[12  4],77,-1,98,-1,77
1,<environment.Job instance at 0x7f83157970f0>,77,26,[ 1 13],78,-1,104,-1,78
1,<environment.Job instance at 0x7f8315797370>,78,26,[ 1 12],79,-1,105,-1,79
1,<environment.Job instance at 0x7f8314c2d6e0>,80,23,[11  3],81,-1,104,-1,81
1,<environment.Job instance at 0x7f8314c2d190>,81,23,[ 4 10],82,-1,105,-1,82
1,<environment.Job instance at 0x7f8314c2df00>,82,12,[11  4],83,-1,95,-1,83
1,<environment.Job instance at 0x7f8314c2d140>,83,24,[11  5],84,-1,108,-1,84
1,<environment.Job instance at 0x7f8314c2d870>,84,21,[ 3 13],85,-1,106,-1,85
1,<environment.Job instance at 0x7f8314c2d500>,85,15,[11  4],86,-1,101,-1,86
1,<environment.Job instance at 0x7f8314c2d460>,86,28,[ 5 11],87,-1,115,-1,87
1,<environment.Job instance at 0x7f8314c2da00>,87,28,[1 5],88,-1,116,-1,88
1,<environment.Job instance at 0x7f8314c2deb0>,88,20,[13  1],89,-1,109,-1,89
1,<environment.Job instance at 0x7f8314c2dc80>,2,20,[12  2],3,-1,23,-1,3
1,<environment.Job instance at 0x7f8314be7960>,3,25,[ 3 12],4,-1,29,-1,4
1,<environment.Job instance at 0x7f8314be7690>,4,20,[ 5 11],5,-1,25,-1,5
1,<environment.Job instance at 0x7f8314be7a00>,5,26,[11  1],6,-1,32,-1,6
1,<environment.Job instance at 0x7f8314be76e0>,6,27,[ 1 13],7,-1,34,-1,7
1,<environment.Job instance at 0x7f8314be7fa0>,7,20,[ 1 14],8,-1,28,-1,8
1,<environment.Job instance at 0x7f8314e79a00>,8,28,[ 3 14],9,-1,37,-1,9
1,<environment.Job instance at 0x7f8314e79910>,9,25,[12  2],10,-1,35,-1,10
1,<environment.Job instance at 0x7f8314e79a50>,10,25,[ 5 14],11,-1,36,-1,11
1,<environment.Job instance at 0x7f831537dc80>,11,21,[ 1 12],12,-1,33,-1,12
1,<environment.Job instance at 0x7f83153577d0>,12,28,[5 5],13,-1,41,-1,13
1,<environment.Job instance at 0x7f8315357050>,13,21,[ 5 14],14,-1,35,-1,14
1,<environment.Job instance at 0x7f8315357230>,14,24,[11  4],15,-1,39,-1,15
1,<environment.Job instance at 0x7f83153579b0>,15,15,[ 4 11],16,-1,31,-1,16
1,<environment.Job instance at 0x7f8315357460>,16,27,[5 1],17,-1,44,-1,17
1,<environment.Job instance at 0x7f8315357190>,17,21,[ 1 12],18,-1,39,-1,18
1,<environment.Job instance at 0x7f83153572d0>,18,26,[4 9],19,-1,45,-1,19
1,<environment.Job instance at 0x7f8315357690>,19,25,[6 1],20,-1,45,-1,20
1,<environment.Job instance at 0x7f8315357a50>,20,16,[ 4 11],21,-1,37,-1,21
1,<environment.Job instance at 0x7f831537ea00>,21,25,[14  3],22,-1,47,-1,22
1,<environment.Job instance at 0x7f8314a45280>,22,28,[13  1],23,-1,51,-1,23
1,<environment.Job instance at 0x7f8314e7b280>,23,22,[14  1],24,-1,46,-1,24
1,<environment.Job instance at 0x7f8314e7b370>,24,25,[13  3],25,-1,50,-1,25
1,<environment.Job instance at 0x7f8314e7b320>,25,23,[11  2],26,-1,49,-1,26
1,<environment.Job instance at 0x7f8314e7b2d0>,26,19,[12  1],27,-1,46,-1,27
1,<environment.Job instance at 0x7f831536d6e0>,27,26,[ 4 13],28,-1,54,-1,28
1,<environment.Job instance at 0x7f831536d0a0>,29,25,[12  4],30,-1,55,-1,30
1,<environment.Job instance at 0x7f831536d5a0>,30,20,[ 2 12],31,-1,51,-1,31
1,<environment.Job instance at 0x7f831536d1e0>,31,25,[ 5 14],32,-1,57,-1,32
1,<environment.Job instance at 0x7f831536df00>,32,19,[ 5 12],33,-1,52,-1,33
1,<environment.Job instance at 0x7f831536d5f0>,33,26,[ 1 12],34,-1,60,-1,34
1,<environment.Job instance at 0x7f831536dc80>,34,28,[ 3 12],35,-1,63,-1,35
1,<environment.Job instance at 0x7f831536d960>,35,20,[ 1 12],36,-1,56,-1,36
1,<environment.Job instance at 0x7f8314a7dfa0>,40,28,[ 4 12],41,-1,69,-1,41
1,<environment.Job instance at 0x7f8314a46f50>,41,25,[ 2 12],42,-1,67,-1,42
1,<environment.Job instance at 0x7f8314a466e0>,42,24,[11  2],43,-1,67,-1,43
1,<environment.Job instance at 0x7f831513a9b0>,43,18,[ 1 11],44,-1,62,-1,44
1,<environment.Job instance at 0x7f83151133c0>,44,22,[12  3],45,-1,67,-1,45
1,<environment.Job instance at 0x7f8314a6daf0>,45,26,[ 3 11],46,-1,72,-1,46
1,<environment.Job instance at 0x7f8314ab22d0>,48,26,[12  2],49,-1,97,-1,71
1,<environment.Job instance at 0x7f8314ac3cd0>,49,20,[ 5 13],50,-1,91,-1,71
1,<environment.Job instance at 0x7f8314a9c460>,50,23,[11  3],51,-1,94,-1,71
1,<environment.Job instance at 0x7f8314a70280>,51,24,[13  5],52,-1,95,-1,71
1,<environment.Job instance at 0x7f8314caecd0>,52,27,[11  5],53,-1,98,-1,71
1,<environment.Job instance at 0x7f831534feb0>,54,28,[ 3 12],55,-1,113,-1,85
1,<environment.Job instance at 0x7f831534f9b0>,55,26,[12  3],56,-1,111,-1,85
1,<environment.Job instance at 0x7f8314a78c80>,56,14,[ 4 12],57,-1,99,-1,85
1,<environment.Job instance at 0x7f8314a789b0>,57,17,[ 2 11],58,-1,102,-1,85
1,<environment.Job instance at 0x7f8314a78dc0>,58,28,[12  3],59,-1,113,-1,85
1,<environment.Job instance at 0x7f8314e81410>,1,24,[13  5],2,-1,26,-1,2
1,<environment.Job instance at 0x7f8314a78b90>,2,26,[ 4 12],3,-1,29,-1,3
1,<environment.Job instance at 0x7f8314e81e10>,4,23,[ 4 11],5,-1,28,-1,5
1,<environment.Job instance at 0x7f8314e81c30>,5,26,[ 3 14],6,-1,32,-1,6
1,<environment.Job instance at 0x7f8314e81460>,6,12,[ 2 13],7,-1,19,-1,7
1,<environment.Job instance at 0x7f8314e816e0>,7,19,[ 4 11],8,-1,27,-1,8
1,<environment.Job instance at 0x7f8314e819b0>,8,27,[ 3 12],9,-1,36,-1,9
1,<environment.Job instance at 0x7f8314cadb40>,9,27,[11  1],10,-1,37,-1,10
1,<environment.Job instance at 0x7f8314a78dc0>,11,25,[14  5],12,-1,37,-1,12
1,<environment.Job instance at 0x7f8314cad4b0>,10,13,[13  4],11,-1,25,-1,12
1,<environment.Job instance at 0x7f8314cad410>,12,27,[6 1],13,-1,40,-1,13
1,<environment.Job instance at 0x7f8314cad9b0>,14,27,[ 3 14],15,-1,42,-1,15
1,<environment.Job instance at 0x7f8314cad280>,13,15,[13  1],14,-1,30,-1,15
1,<environment.Job instance at 0x7f8314cad6e0>,15,19,[13  3],16,-1,35,-1,16
1,<environment.Job instance at 0x7f8314cad140>,16,24,[13  3],17,-1,41,-1,17
1,<environment.Job instance at 0x7f8314cad320>,17,22,[ 3 13],18,-1,40,-1,18
1,<environment.Job instance at 0x7f8314cadaf0>,19,26,[ 4 13],20,-1,46,-1,20
1,<environment.Job instance at 0x7f8314cada00>,20,23,[13  3],21,-1,44,-1,21
1,<environment.Job instance at 0x7f8314cadc80>,21,20,[12  4],22,-1,42,-1,22
1,<environment.Job instance at 0x7f8314cad690>,22,26,[2 7],23,-1,49,-1,23
1,<environment.Job instance at 0x7f8314cadd70>,23,23,[13  3],24,-1,47,-1,24
1,<environment.Job instance at 0x7f8314cadbe0>,24,23,[14  1],25,-1,48,-1,25
1,<environment.Job instance at 0x7f8314cadeb0>,25,23,[13  2],26,-1,49,-1,26
1,<environment.Job instance at 0x7f8314cad500>,26,25,[4 5],27,-1,52,-1,27
1,<environment.Job instance at 0x7f8314cadf00>,27,21,[14  1],28,-1,49,-1,28
1,<environment.Job instance at 0x7f8314cadf50>,28,27,[ 1 13],29,-1,56,-1,29
1,<environment.Job instance at 0x7f8314cada50>,29,19,[14  1],30,-1,49,-1,30
1,<environment.Job instance at 0x7f8314b51dc0>,30,26,[14  5],31,-1,57,-1,31
1,<environment.Job instance at 0x7f8314b51a50>,31,24,[ 2 13],32,-1,56,-1,32
1,<environment.Job instance at 0x7f8314b51b40>,32,25,[13  1],33,-1,58,-1,33
1,<environment.Job instance at 0x7f8314b51c80>,33,22,[ 1 12],34,-1,56,-1,34
1,<environment.Job instance at 0x7f8314b51af0>,34,22,[12  4],35,-1,57,-1,35
1,<environment.Job instance at 0x7f8314b51eb0>,35,25,[ 4 11],36,-1,61,-1,36
1,<environment.Job instance at 0x7f8314b510f0>,36,25,[ 5 14],37,-1,62,-1,37
1,<environment.Job instance at 0x7f8314b51e10>,37,26,[ 3 12],38,-1,64,-1,38
1,<environment.Job instance at 0x7f8314b51050>,38,20,[ 4 13],39,-1,59,-1,39
1,<environment.Job instance at 0x7f8314b51be0>,39,24,[14  5],40,-1,64,-1,40
1,<environment.Job instance at 0x7f8314b51f50>,40,27,[ 5 13],41,-1,68,-1,41
1,<environment.Job instance at 0x7f8314b51e60>,41,20,[ 4 14],42,-1,62,-1,42
1,<environment.Job instance at 0x7f8314b518c0>,42,14,[ 1 14],43,-1,57,-1,43
1,<environment.Job instance at 0x7f8314ac34b0>,43,24,[5 8],44,-1,68,-1,44
1,<environment.Job instance at 0x7f8314ac3fa0>,44,23,[11  4],45,-1,68,-1,45
1,<environment.Job instance at 0x7f8314ac3b90>,45,24,[14  4],46,-1,70,-1,46
1,<environment.Job instance at 0x7f8314ac3eb0>,46,23,[ 2 13],47,-1,70,-1,47
1,<environment.Job instance at 0x7f8314ac35a0>,47,21,[14  4],48,-1,69,-1,48
1,<environment.Job instance at 0x7f8314ac32d0>,48,25,[ 1 12],49,-1,74,-1,49
1,<environment.Job instance at 0x7f8314ac3690>,49,28,[ 1 11],50,-1,78,-1,50
1,<environment.Job instance at 0x7f8314ac3500>,51,28,[14  2],52,-1,80,-1,52
1,<environment.Job instance at 0x7f8314ac3370>,52,28,[13  4],53,-1,81,-1,53
1,<environment.Job instance at 0x7f8314ac3780>,53,22,[ 5 14],54,-1,76,-1,54
1,<environment.Job instance at 0x7f8314ac30f0>,54,28,[ 1 11],55,-1,83,-1,55
1,<environment.Job instance at 0x7f8314ac3230>,55,22,[14  5],56,-1,78,-1,56
1,<environment.Job instance at 0x7f8314ac3dc0>,56,22,[ 1 14],57,-1,79,-1,57
1,<environment.Job instance at 0x7f8314ac3d20>,58,16,[ 3 13],59,-1,75,-1,59
1,<environment.Job instance at 0x7f8314ac31e0>,59,21,[13  2],60,-1,81,-1,60
1,<environment.Job instance at 0x7f8314aa7dc0>,61,25,[ 5 11],62,-1,87,-1,62
1,<environment.Job instance at 0x7f8314aa79b0>,62,28,[13  5],63,-1,91,-1,63
1,<environment.Job instance at 0x7f8314aa7b40>,64,23,[ 4 14],65,-1,88,-1,65
1,<environment.Job instance at 0x7f8314aa7370>,65,21,[12  1],66,-1,87,-1,66
1,<environment.Job instance at 0x7f8314aa7640>,66,28,[12  3],67,-1,95,-1,67
1,<environment.Job instance at 0x7f8314aa7960>,67,27,[11  4],68,-1,95,-1,68
1,<environment.Job instance at 0x7f8314aa7c30>,68,27,[9 4],69,-1,96,-1,69
1,<environment.Job instance at 0x7f8314aa7eb0>,69,28,[5 9],70,-1,98,-1,70
1,<environment.Job instance at 0x7f8314aa7cd0>,71,16,[ 3 12],72,-1,88,-1,72
1,<environment.Job instance at 0x7f8314aa7910>,72,23,[ 2 14],73,-1,96,-1,73
1,<environment.Job instance at 0x7f8314aa7e60>,73,21,[ 2 13],74,-1,95,-1,74
1,<environment.Job instance at 0x7f8314aa7280>,74,28,[14  2],75,-1,103,-1,75
1,<environment.Job instance at 0x7f8314aa70f0>,75,24,[11  1],76,-1,100,-1,76
1,<environment.Job instance at 0x7f8314aa7870>,76,21,[ 3 13],77,-1,98,-1,77
1,<environment.Job instance at 0x7f8314aa7500>,78,26,[ 1 12],79,-1,105,-1,79
1,<environment.Job instance at 0x7f8314aa7780>,77,20,[11  1],78,-1,99,-1,79
1,<environment.Job instance at 0x7f8314aa78c0>,79,13,[12  3],80,-1,93,-1,80
1,<environment.Job instance at 0x7f831557ab90>,80,25,[ 1 11],81,-1,106,-1,81
1,<environment.Job instance at 0x7f831557ac80>,81,20,[ 3 14],82,-1,102,-1,82
1,<environment.Job instance at 0x7f831557a690>,82,17,[ 1 12],83,-1,100,-1,83
1,<environment.Job instance at 0x7f831557aa00>,83,25,[2 7],84,-1,109,-1,84
1,<environment.Job instance at 0x7f831557acd0>,85,21,[ 3 14],86,-1,107,-1,86
1,<environment.Job instance at 0x7f831557af50>,86,23,[14  5],87,-1,110,-1,87
1,<environment.Job instance at 0x7f831557aaa0>,87,24,[3 6],88,-1,112,-1,88
1,<environment.Job instance at 0x7f8314b006e0>,1,21,[12  3],2,-1,23,-1,2
1,<environment.Job instance at 0x7f831557aaf0>,2,27,[ 5 12],3,-1,30,-1,3
1,<environment.Job instance at 0x7f8315176550>,3,28,[9 3],4,-1,32,-1,4
1,<environment.Job instance at 0x7f83151765f0>,4,16,[ 2 13],5,-1,21,-1,5
1,<environment.Job instance at 0x7f8315176690>,5,28,[14  4],6,-1,34,-1,6
1,<environment.Job instance at 0x7f831557aaa0>,7,13,[14  1],8,-1,21,-1,8
1,<environment.Job instance at 0x7f83151767d0>,8,26,[11  5],9,-1,35,-1,9
1,<environment.Job instance at 0x7f83151769b0>,9,14,[ 2 13],10,-1,24,-1,10
1,<environment.Job instance at 0x7f8315176be0>,12,21,[ 2 14],13,-1,34,-1,13
1,<environment.Job instance at 0x7f8315176aa0>,14,23,[13  4],15,-1,38,-1,15
1,<environment.Job instance at 0x7f8315176e10>,15,16,[ 3 13],16,-1,32,-1,16
1,<environment.Job instance at 0x7f8315176eb0>,16,26,[11  1],17,-1,43,-1,17
1,<environment.Job instance at 0x7f8315176f50>,17,23,[12  5],18,-1,41,-1,18
1,<environment.Job instance at 0x7f8314ac7460>,1,23,[ 1 13],2,-1,25,-1,2
1,<environment.Job instance at 0x7f8315182460>,2,22,[ 3 13],3,-1,25,-1,3
1,<environment.Job instance at 0x7f8315182410>,4,25,[ 4 11],5,-1,30,-1,5
1,<environment.Job instance at 0x7f8314ac7c80>,3,13,[13  1],4,-1,18,-1,5
1,<environment.Job instance at 0x7f8314ac7820>,5,14,[13  3],6,-1,20,-1,6
1,<environment.Job instance at 0x7f8314ac70a0>,6,24,[14  2],7,-1,31,-1,7
1,<environment.Job instance at 0x7f8314f717d0>,7,22,[13  2],8,-1,30,-1,8
1,<environment.Job instance at 0x7f8314f71eb0>,8,28,[ 5 14],9,-1,37,-1,9
1,<environment.Job instance at 0x7f8314f71280>,9,26,[14  1],10,-1,36,-1,10
1,<environment.Job instance at 0x7f8314f71af0>,10,28,[13  2],11,-1,39,-1,11
1,<environment.Job instance at 0x7f8314f71500>,11,28,[11  4],12,-1,40,-1,12
1,<environment.Job instance at 0x7f8314f718c0>,12,27,[ 1 13],13,-1,40,-1,13
1,<environment.Job instance at 0x7f8314f71230>,13,25,[ 5 12],14,-1,39,-1,14
1,<environment.Job instance at 0x7f8314f715f0>,14,13,[13  4],15,-1,28,-1,15
1,<environment.Job instance at 0x7f8314f712d0>,17,16,[ 4 13],18,-1,34,-1,18
1,<environment.Job instance at 0x7f8314f71f50>,18,28,[1 7],19,-1,47,-1,19
1,<environment.Job instance at 0x7f8314f71910>,19,25,[13  2],20,-1,45,-1,20
1,<environment.Job instance at 0x7f8314f715a0>,20,12,[13  4],21,-1,33,-1,21
1,<environment.Job instance at 0x7f8314ac7190>,22,28,[ 1 11],23,-1,51,-1,23
1,<environment.Job instance at 0x7f8314acaeb0>,23,22,[14  3],24,-1,46,-1,24
1,<environment.Job instance at 0x7f8314acab40>,24,28,[14  4],25,-1,53,-1,25
1,<environment.Job instance at 0x7f8314acae60>,25,27,[13  4],26,-1,53,-1,26
1,<environment.Job instance at 0x7f8314aca4b0>,26,27,[ 5 11],27,-1,54,-1,27
1,<environment.Job instance at 0x7f8314acaa00>,27,27,[6 4],28,-1,55,-1,28
1,<environment.Job instance at 0x7f8314aca960>,28,17,[14  2],29,-1,46,-1,29
1,<environment.Job instance at 0x7f8314aca140>,29,24,[ 1 12],30,-1,54,-1,30
1,<environment.Job instance at 0x7f8314acadc0>,30,24,[14  5],31,-1,55,-1,31
1,<environment.Job instance at 0x7f8314aca5f0>,31,18,[ 1 14],32,-1,50,-1,32
1,<environment.Job instance at 0x7f8314aca190>,32,15,[ 1 13],33,-1,48,-1,33
1,<environment.Job instance at 0x7f8314acac30>,34,21,[12  2],35,-1,56,-1,35
1,<environment.Job instance at 0x7f8314aca780>,35,27,[ 4 12],36,-1,63,-1,36
1,<environment.Job instance at 0x7f8314aca8c0>,36,20,[ 5 11],37,-1,57,-1,37
1,<environment.Job instance at 0x7f8314aca370>,37,23,[ 3 13],38,-1,61,-1,38
1,<environment.Job instance at 0x7f8314f50910>,38,28,[12  3],39,-1,67,-1,39
1,<environment.Job instance at 0x7f8314f50d70>,39,23,[14  2],40,-1,63,-1,40
1,<environment.Job instance at 0x7f8314f50050>,40,26,[ 2 11],41,-1,67,-1,41
1,<environment.Job instance at 0x7f8314f50fa0>,41,27,[6 4],42,-1,69,-1,42
1,<environment.Job instance at 0x7f8314f505f0>,42,25,[ 4 14],43,-1,68,-1,43
1,<environment.Job instance at 0x7f8314f507d0>,43,17,[ 2 13],44,-1,61,-1,44
1,<environment.Job instance at 0x7f8314f50320>,44,26,[13  2],45,-1,71,-1,45
1,<environment.Job instance at 0x7f8314f50690>,45,24,[14  3],46,-1,70,-1,46
1,<environment.Job instance at 0x7f8314f504b0>,46,24,[13  5],47,-1,71,-1,47
1,<environment.Job instance at 0x7f8314f501e0>,47,12,[ 4 13],48,-1,60,-1,48
1,<environment.Job instance at 0x7f8314f50cd0>,48,27,[14  3],49,-1,76,-1,49
1,<environment.Job instance at 0x7f8315955370>,50,26,[ 5 11],51,-1,77,-1,51
1,<environment.Job instance at 0x7f83159556e0>,51,27,[12  5],52,-1,79,-1,52
1,<environment.Job instance at 0x7f8315955910>,53,20,[11  1],54,-1,74,-1,54
1,<environment.Job instance at 0x7f8315955c80>,54,26,[ 1 13],55,-1,81,-1,55
1,<environment.Job instance at 0x7f8315955870>,55,13,[ 1 13],56,-1,69,-1,56
1,<environment.Job instance at 0x7f8315955140>,56,18,[12  5],57,-1,75,-1,57
1,<environment.Job instance at 0x7f8315955f50>,57,24,[ 5 12],58,-1,82,-1,58
1,<environment.Job instance at 0x7f83159555f0>,58,22,[ 3 14],59,-1,81,-1,59
1,<environment.Job instance at 0x7f8315955d20>,59,21,[ 2 11],60,-1,81,-1,60
1,<environment.Job instance at 0x7f8315955a00>,60,19,[13  2],61,-1,80,-1,61
1,<environment.Job instance at 0x7f8315955af0>,61,20,[ 3 14],62,-1,82,-1,62
1,<environment.Job instance at 0x7f8315955f00>,62,15,[ 1 12],63,-1,78,-1,63
1,<environment.Job instance at 0x7f83159553c0>,63,25,[14  2],64,-1,89,-1,64
1,<environment.Job instance at 0x7f8315955fa0>,64,22,[11  3],65,-1,87,-1,65
1,<environment.Job instance at 0x7f83159550a0>,65,16,[14  2],66,-1,82,-1,66
1,<environment.Job instance at 0x7f8315955410>,66,26,[9 2],67,-1,93,-1,67
1,<environment.Job instance at 0x7f8315955a50>,67,26,[ 2 10],68,-1,94,-1,68
1,<environment.Job instance at 0x7f831591fb90>,69,25,[5 5],70,-1,95,-1,70
1,<environment.Job instance at 0x7f831591f910>,70,20,[ 3 12],71,-1,91,-1,71
1,<environment.Job instance at 0x7f8315f2adc0>,72,26,[ 2 11],73,-1,99,-1,73
1,<environment.Job instance at 0x7f8315f2a320>,73,27,[7 4],74,-1,101,-1,74
1,<environment.Job instance at 0x7f8315f2a910>,74,19,[ 2 13],75,-1,94,-1,75
1,<environment.Job instance at 0x7f8315f2ab90>,75,20,[12  3],76,-1,96,-1,76
1,<environment.Job instance at 0x7f8315f2a870>,76,24,[7 2],77,-1,101,-1,77
1,<environment.Job instance at 0x7f8315f2a780>,77,22,[14  3],78,-1,100,-1,78
1,<environment.Job instance at 0x7f8315f2a500>,78,26,[12  1],79,-1,105,-1,79
1,<environment.Job instance at 0x7f8315f2ad70>,79,28,[ 3 12],80,-1,108,-1,80
1,<environment.Job instance at 0x7f8315f2a690>,81,25,[14  4],82,-1,107,-1,82
1,<environment.Job instance at 0x7f8315f2aeb0>,82,26,[11  3],83,-1,109,-1,83
1,<environment.Job instance at 0x7f8315f2a0f0>,83,26,[3 7],84,-1,110,-1,84
1,<environment.Job instance at 0x7f8314aca050>,85,23,[ 4 13],86,-1,109,-1,86
1,<environment.Job instance at 0x7f8315f2af00>,86,19,[11  1],87,-1,106,-1,87
1,<environment.Job instance at 0x7f8315f2ab40>,87,26,[11  4],88,-1,114,-1,88
1,<environment.Job instance at 0x7f8315039b40>,1,13,[ 4 11],2,-1,15,-1,2
1,<environment.Job instance at 0x7f8315039730>,2,22,[12  4],3,-1,25,-1,3
1,<environment.Job instance at 0x7f8315039b90>,3,16,[14  5],4,-1,20,-1,4
1,<environment.Job instance at 0x7f83150398c0>,4,20,[ 3 12],5,-1,25,-1,5
1,<environment.Job instance at 0x7f8315039230>,5,28,[13  5],6,-1,34,-1,6
1,<environment.Job instance at 0x7f8315039050>,6,23,[14  3],7,-1,30,-1,7
1,<environment.Job instance at 0x7f83150395a0>,7,25,[ 2 14],8,-1,33,-1,8
1,<environment.Job instance at 0x7f83150390f0>,8,21,[ 3 10],9,-1,30,-1,9
1,<environment.Job instance at 0x7f8315039aa0>,9,22,[ 2 12],10,-1,32,-1,10
1,<environment.Job instance at 0x7f83150395f0>,10,21,[11  3],11,-1,32,-1,11
1,<environment.Job instance at 0x7f831561ff50>,11,24,[13  3],12,-1,36,-1,12
1,<environment.Job instance at 0x7f831561fcd0>,12,23,[5 5],13,-1,36,-1,13
1,<environment.Job instance at 0x7f831561f7d0>,14,22,[ 3 11],15,-1,37,-1,15
1,<environment.Job instance at 0x7f831561f5a0>,16,19,[ 2 11],17,-1,36,-1,17
1,<environment.Job instance at 0x7f831561fe10>,17,18,[ 5 13],18,-1,36,-1,18
1,<environment.Job instance at 0x7f831561fa50>,18,28,[ 5 11],19,-1,47,-1,19
1,<environment.Job instance at 0x7f831561faa0>,19,27,[12  1],20,-1,47,-1,20
1,<environment.Job instance at 0x7f831561f2d0>,20,22,[13  3],21,-1,43,-1,21
1,<environment.Job instance at 0x7f8315039d20>,22,28,[ 5 11],23,-1,51,-1,23
1,<environment.Job instance at 0x7f831561f960>,21,17,[13  4],22,-1,40,-1,23
1,<environment.Job instance at 0x7f831561f410>,24,22,[ 1 14],25,-1,47,-1,25
1,<environment.Job instance at 0x7f831561f0a0>,25,24,[13  4],26,-1,50,-1,26
1,<environment.Job instance at 0x7f8314bc1870>,26,24,[ 4 13],27,-1,51,-1,27
1,<environment.Job instance at 0x7f8314bc1b40>,27,19,[ 5 14],28,-1,47,-1,28
1,<environment.Job instance at 0x7f8314bc15f0>,28,19,[14  3],29,-1,48,-1,29
1,<environment.Job instance at 0x7f8314bc1aa0>,29,26,[8 4],30,-1,56,-1,30
1,<environment.Job instance at 0x7f831561ff00>,31,22,[ 5 13],32,-1,54,-1,32
1,<environment.Job instance at 0x7f8314bc1370>,30,14,[13  2],31,-1,46,-1,32
1,<environment.Job instance at 0x7f8314bc1a00>,32,24,[ 1 14],33,-1,57,-1,33
1,<environment.Job instance at 0x7f8314bc1410>,33,28,[13  5],34,-1,62,-1,34
1,<environment.Job instance at 0x7f8314bc1f00>,34,22,[12  4],35,-1,57,-1,35
1,<environment.Job instance at 0x7f8314bc1af0>,36,24,[14  5],37,-1,61,-1,37
1,<environment.Job instance at 0x7f8314bc1c80>,37,19,[13  1],38,-1,57,-1,38
1,<environment.Job instance at 0x7f8314bc19b0>,38,23,[11  5],39,-1,62,-1,39
1,<environment.Job instance at 0x7f8314bc15a0>,39,23,[ 2 12],40,-1,63,-1,40
1,<environment.Job instance at 0x7f8314bc1640>,41,25,[7 3],42,-1,67,-1,42
1,<environment.Job instance at 0x7f8314bc1e60>,42,23,[12  5],43,-1,66,-1,43
1,<environment.Job instance at 0x7f8314bc1eb0>,43,28,[11  2],44,-1,72,-1,44
1,<environment.Job instance at 0x7f8314bc1780>,44,27,[11  2],45,-1,72,-1,45
1,<environment.Job instance at 0x7f8315059870>,45,24,[6 4],46,-1,70,-1,46
1,<environment.Job instance at 0x7f8315059e10>,46,17,[ 4 13],47,-1,64,-1,47
1,<environment.Job instance at 0x7f8314bc1140>,49,14,[ 2 12],50,-1,64,-1,50
1,<environment.Job instance at 0x7f8315059fa0>,48,13,[12  5],49,-1,63,-1,50
1,<environment.Job instance at 0x7f8315059190>,50,19,[11  1],51,-1,70,-1,51
1,<environment.Job instance at 0x7f8315059a50>,51,21,[13  1],52,-1,73,-1,52
1,<environment.Job instance at 0x7f83152ac410>,52,24,[13  4],53,-1,77,-1,53
1,<environment.Job instance at 0x7f83152acb40>,53,19,[ 5 14],54,-1,73,-1,54
1,<environment.Job instance at 0x7f83152ac370>,54,28,[ 1 12],55,-1,83,-1,55
1,<environment.Job instance at 0x7f83152ac3c0>,55,28,[12  3],56,-1,84,-1,56
1,<environment.Job instance at 0x7f83152ac1e0>,56,27,[2 7],57,-1,84,-1,57
1,<environment.Job instance at 0x7f83152acaf0>,57,23,[11  3],58,-1,81,-1,58
1,<environment.Job instance at 0x7f83152ac870>,58,14,[ 1 14],59,-1,73,-1,59
1,<environment.Job instance at 0x7f8315746cd0>,59,26,[ 5 12],60,-1,86,-1,60
1,<environment.Job instance at 0x7f8315746910>,60,22,[ 3 11],61,-1,83,-1,61
1,<environment.Job instance at 0x7f83157469b0>,61,26,[ 3 14],62,-1,88,-1,62
1,<environment.Job instance at 0x7f8315746f50>,62,19,[ 4 12],63,-1,82,-1,63
1,<environment.Job instance at 0x7f8315746b40>,63,14,[ 3 14],64,-1,78,-1,64
1,<environment.Job instance at 0x7f8315746e10>,64,20,[ 4 11],65,-1,85,-1,65
1,<environment.Job instance at 0x7f8315746fa0>,65,19,[12  1],66,-1,85,-1,66
1,<environment.Job instance at 0x7f8315746690>,66,22,[11  1],67,-1,89,-1,67
1,<environment.Job instance at 0x7f8315746370>,67,20,[ 1 14],68,-1,88,-1,68
1,<environment.Job instance at 0x7f8315746f00>,68,24,[4 6],69,-1,93,-1,69
1,<environment.Job instance at 0x7f83157460a0>,69,28,[9 2],70,-1,98,-1,70
1,<environment.Job instance at 0x7f8315746230>,70,27,[ 1 11],71,-1,98,-1,71
1,<environment.Job instance at 0x7f8315746960>,71,25,[ 1 12],72,-1,97,-1,72
1,<environment.Job instance at 0x7f8314f6b0f0>,72,18,[ 4 14],73,-1,91,-1,73
1,<environment.Job instance at 0x7f8314f6bbe0>,73,18,[ 1 11],74,-1,92,-1,74
1,<environment.Job instance at 0x7f8314f6bf00>,74,21,[ 5 10],75,-1,96,-1,75
1,<environment.Job instance at 0x7f8314f6b410>,75,14,[ 1 14],76,-1,90,-1,76
1,<environment.Job instance at 0x7f8314f6bb90>,76,23,[4 8],77,-1,100,-1,77
1,<environment.Job instance at 0x7f8314ed6140>,77,21,[ 5 12],78,-1,99,-1,78
1,<environment.Job instance at 0x7f8314ed6410>,78,21,[ 1 13],79,-1,100,-1,79
1,<environment.Job instance at 0x7f831504c140>,80,25,[3 8],81,-1,106,-1,81
1,<environment.Job instance at 0x7f831594ba00>,81,24,[ 3 13],82,-1,106,-1,82
1,<environment.Job instance at 0x7f831594b5f0>,82,26,[4 6],83,-1,109,-1,83
1,<environment.Job instance at 0x7f83158da050>,84,22,[ 1 10],85,-1,108,-1,86
1,<environment.Job instance at 0x7f8315949a00>,86,22,[ 1 13],87,-1,109,-1,87
1,<environment.Job instance at 0x7f8315949910>,87,14,[12  1],88,-1,102,-1,88
1,<environment.Job instance at 0x7f8315949960>,88,27,[11  2],89,-1,116,-1,89
1,<environment.Job instance at 0x7f83153be690>,1,19,[ 4 13],2,-1,21,-1,2
1,<environment.Job instance at 0x7f8314efe550>,2,21,[ 5 12],3,-1,24,-1,3
1,<environment.Job instance at 0x7f8314efe960>,3,20,[14  2],4,-1,24,-1,4
1,<environment.Job instance at 0x7f8315b3f280>,5,19,[ 5 14],6,-1,25,-1,6
1,<environment.Job instance at 0x7f8314efeb90>,7,12,[ 1 12],8,-1,20,-1,8
1,<environment.Job instance at 0x7f8315b3ffa0>,6,16,[12  5],7,-1,24,-1,8
1,<environment.Job instance at 0x7f8315b3f550>,9,15,[ 1 14],10,-1,25,-1,10
1,<environment.Job instance at 0x7f8315b3f4b0>,13,25,[ 5 11],14,-1,45,-1,20
1,<environment.Job instance at 0x7f8315b3f820>,14,19,[ 2 12],15,-1,39,-1,20
1,<environment.Job instance at 0x7f8315b3f0f0>,15,26,[11  1],16,-1,46,-1,20
1,<environment.Job instance at 0x7f8315b3f910>,16,27,[10  2],17,-1,47,-1,20
1,<environment.Job instance at 0x7f8315b3f730>,17,27,[13  1],18,-1,47,-1,20
1,<environment.Job instance at 0x7f8315b3f230>,18,22,[ 2 13],19,-1,42,-1,20
1,<environment.Job instance at 0x7f8315b3f140>,19,12,[ 5 14],20,-1,32,-1,20
1,<environment.Job instance at 0x7f8314fd5230>,20,28,[11  4],21,-1,49,-1,21
1,<environment.Job instance at 0x7f8314fd5500>,21,23,[13  4],22,-1,45,-1,22
1,<environment.Job instance at 0x7f8314fd5fa0>,22,25,[ 4 12],23,-1,48,-1,23
1,<environment.Job instance at 0x7f8314fd5a00>,23,26,[ 5 11],24,-1,50,-1,24
1,<environment.Job instance at 0x7f8315b9a820>,24,21,[ 4 14],25,-1,46,-1,25
1,<environment.Job instance at 0x7f8315b9aeb0>,25,17,[ 3 13],26,-1,43,-1,26
1,<environment.Job instance at 0x7f8315b9a780>,26,25,[ 2 10],27,-1,52,-1,27
1,<environment.Job instance at 0x7f8315b9a4b0>,27,23,[7 1],28,-1,76,-1,53
1,<environment.Job instance at 0x7f8315b9aaa0>,32,19,[ 3 11],33,-1,86,-1,67
1,<environment.Job instance at 0x7f8315b9aaf0>,33,21,[ 1 11],34,-1,88,-1,67
1,<environment.Job instance at 0x7f8315b9a280>,34,25,[11  4],35,-1,92,-1,67
1,<environment.Job instance at 0x7f8315b9ab40>,35,20,[ 3 11],36,-1,87,-1,67
1,<environment.Job instance at 0x7f8315b9a500>,37,21,[ 2 14],38,-1,96,-1,75
1,<environment.Job instance at 0x7f8315b9aa00>,38,17,[ 3 12],39,-1,92,-1,75
1,<environment.Job instance at 0x7f8315b9a910>,39,16,[ 4 14],40,-1,91,-1,75
1,<environment.Job instance at 0x7f8315b9abe0>,40,21,[ 1 11],41,-1,96,-1,75
1,<environment.Job instance at 0x7f8315b9acd0>,41,15,[11  5],42,-1,98,-1,83
1,<environment.Job instance at 0x7f83160f09b0>,42,20,[ 2 14],43,-1,103,-1,83
1,<environment.Job instance at 0x7f83160f0410>,43,27,[ 5 12],44,-1,110,-1,83
1,<environment.Job instance at 0x7f83160f00f0>,44,27,[7 3],45,-1,110,-1,83
1,<environment.Job instance at 0x7f83160f0b90>,45,20,[12  3],46,-1,103,-1,83
1,<environment.Job instance at 0x7f83160f0960>,46,12,[ 3 13],47,-1,95,-1,83
1,<environment.Job instance at 0x7f83160f05a0>,47,25,[12  3],48,-1,108,-1,83
1,<environment.Job instance at 0x7f83160f05f0>,48,23,[11  5],49,-1,106,-1,83
1,<environment.Job instance at 0x7f83160f0820>,49,27,[7 3],50,-1,110,-1,83
1,<environment.Job instance at 0x7f8314eef0a0>,8,13,[11  2],9,-1,22,-1,9
1,<environment.Job instance at 0x7f8314eefa50>,11,25,[11  5],12,-1,41,-1,16
1,<environment.Job instance at 0x7f8314eef960>,12,28,[7 1],13,-1,44,-1,16
1,<environment.Job instance at 0x7f8314eef410>,13,19,[13  3],14,-1,35,-1,16
1,<environment.Job instance at 0x7f8314cf9d20>,14,16,[ 3 12],15,-1,32,-1,16
1,<environment.Job instance at 0x7f8314cf9460>,15,22,[ 5 14],16,-1,38,-1,16
1,<environment.Job instance at 0x7f8314cf93c0>,16,28,[2 9],17,-1,45,-1,17
1,<environment.Job instance at 0x7f8314cf9870>,17,19,[ 4 14],18,-1,37,-1,18
1,<environment.Job instance at 0x7f8314cf97d0>,18,23,[11  5],19,-1,42,-1,19
1,<environment.Job instance at 0x7f8314cf99b0>,19,20,[12  4],20,-1,40,-1,20
1,<environment.Job instance at 0x7f8314d94780>,20,27,[13  3],21,-1,48,-1,21
1,<environment.Job instance at 0x7f8314e2cc80>,21,17,[ 4 12],22,-1,39,-1,22
1,<environment.Job instance at 0x7f8314e2c280>,22,26,[ 3 13],23,-1,49,-1,23
1,<environment.Job instance at 0x7f8314e2c190>,23,24,[ 1 12],24,-1,48,-1,24
1,<environment.Job instance at 0x7f8314f696e0>,24,13,[ 1 13],25,-1,38,-1,25
1,<environment.Job instance at 0x7f831599aa00>,25,15,[12  1],26,-1,41,-1,26
1,<environment.Job instance at 0x7f8314efd460>,26,27,[ 3 14],27,-1,54,-1,27
1,<environment.Job instance at 0x7f8315fd3500>,27,27,[1 9],28,-1,55,-1,28
1,<environment.Job instance at 0x7f8315fd3050>,28,27,[ 3 13],29,-1,56,-1,29
1,<environment.Job instance at 0x7f8314cf9af0>,30,15,[14  1],31,-1,48,-1,33
1,<environment.Job instance at 0x7f83157433c0>,31,26,[12  3],32,-1,59,-1,33
1,<environment.Job instance at 0x7f8315b9cdc0>,32,27,[11  2],33,-1,60,-1,33
1,<environment.Job instance at 0x7f831561f550>,33,12,[ 3 13],34,-1,46,-1,34
1,<environment.Job instance at 0x7f8314a76be0>,34,28,[13  1],35,-1,63,-1,35
1,<environment.Job instance at 0x7f8315f3bf50>,35,22,[14  1],36,-1,58,-1,36
1,<environment.Job instance at 0x7f8315315230>,36,28,[ 3 13],37,-1,65,-1,37
1,<environment.Job instance at 0x7f8314b819b0>,37,20,[ 3 11],38,-1,58,-1,38
1,<environment.Job instance at 0x7f8314b81e60>,38,19,[10  1],39,-1,64,-1,45
1,<environment.Job instance at 0x7f8315fd3960>,39,24,[12  2],40,-1,69,-1,45
1,<environment.Job instance at 0x7f8314b810a0>,40,27,[ 1 13],41,-1,72,-1,45
1,<environment.Job instance at 0x7f8315bb0af0>,41,24,[12  5],42,-1,69,-1,45
1,<environment.Job instance at 0x7f8314ed0e60>,42,19,[ 4 13],43,-1,64,-1,45
1,<environment.Job instance at 0x7f8315386a00>,43,24,[ 4 11],44,-1,69,-1,45
1,<environment.Job instance at 0x7f8315386a50>,44,21,[ 2 11],45,-1,66,-1,45
1,<environment.Job instance at 0x7f8314caeb40>,46,27,[ 3 11],47,-1,74,-1,47
1,<environment.Job instance at 0x7f8314caee60>,47,13,[12  5],48,-1,61,-1,48
1,<environment.Job instance at 0x7f8314cae320>,48,27,[8 2],49,-1,76,-1,49
1,<environment.Job instance at 0x7f8314cae050>,49,22,[11  3],50,-1,72,-1,50
1,<environment.Job instance at 0x7f8314caebe0>,50,27,[8 4],51,-1,78,-1,51
1,<environment.Job instance at 0x7f8314cae4b0>,51,15,[ 4 14],52,-1,67,-1,52
1,<environment.Job instance at 0x7f83155a9820>,52,23,[14  5],53,-1,76,-1,53
1,<environment.Job instance at 0x7f8315d2a5a0>,53,22,[13  2],54,-1,76,-1,54
1,<environment.Job instance at 0x7f8315d2a730>,54,24,[ 2 14],55,-1,79,-1,55
1,<environment.Job instance at 0x7f8315d2adc0>,55,24,[5 7],56,-1,80,-1,56
1,<environment.Job instance at 0x7f8315d2a460>,56,13,[14  2],57,-1,70,-1,57
1,<environment.Job instance at 0x7f8315d2a690>,57,27,[ 5 14],58,-1,85,-1,58
1,<environment.Job instance at 0x7f8315d2ae10>,58,28,[11  4],59,-1,87,-1,59
1,<environment.Job instance at 0x7f8315d2a960>,59,23,[ 1 13],60,-1,83,-1,60
1,<environment.Job instance at 0x7f8315d2abe0>,60,24,[ 2 11],61,-1,85,-1,61
1,<environment.Job instance at 0x7f8315d2a910>,61,26,[11  1],62,-1,88,-1,62
1,<environment.Job instance at 0x7f8315d2a7d0>,62,25,[ 1 12],63,-1,88,-1,63
1,<environment.Job instance at 0x7f8316024780>,63,26,[14  3],64,-1,90,-1,64
1,<environment.Job instance at 0x7f8314b55cd0>,64,25,[13  5],65,-1,90,-1,65
1,<environment.Job instance at 0x7f8314b55460>,65,24,[5 3],66,-1,90,-1,66
1,<environment.Job instance at 0x7f83147b9460>,66,15,[ 1 14],67,-1,82,-1,67
1,<environment.Job instance at 0x7f83147b9af0>,67,24,[5 2],68,-1,92,-1,68
1,<environment.Job instance at 0x7f83147b9960>,68,25,[13  4],69,-1,94,-1,69
1,<environment.Job instance at 0x7f8315d27960>,70,20,[ 4 13],71,-1,91,-1,71
1,<environment.Job instance at 0x7f8314e54be0>,71,17,[13  2],72,-1,89,-1,72
1,<environment.Job instance at 0x7f8314e54fa0>,72,20,[ 1 11],73,-1,93,-1,73
1,<environment.Job instance at 0x7f831581a280>,74,26,[11  3],75,-1,101,-1,75
1,<environment.Job instance at 0x7f83151bf8c0>,76,20,[14  4],77,-1,97,-1,77
1,<environment.Job instance at 0x7f8315386e10>,78,22,[ 1 11],79,-1,103,-1,81
1,<environment.Job instance at 0x7f8315bd99b0>,79,20,[ 3 11],80,-1,101,-1,81
1,<environment.Job instance at 0x7f8315bd9730>,80,22,[11  4],81,-1,103,-1,81
1,<environment.Job instance at 0x7f8315bd9aa0>,81,22,[3 9],82,-1,104,-1,82
1,<environment.Job instance at 0x7f8315bd94b0>,82,20,[12  1],83,-1,103,-1,83
1,<environment.Job instance at 0x7f8315bd9640>,83,22,[5 3],84,-1,106,-1,84
1,<environment.Job instance at 0x7f831530c320>,2,21,[ 3 14],3,-1,24,-1,3
1,<environment.Job instance at 0x7f831530c2d0>,3,19,[12  4],4,-1,23,-1,4
1,<environment.Job instance at 0x7f831530c500>,5,21,[ 1 12],6,-1,27,-1,6
1,<environment.Job instance at 0x7f83154ae280>,6,22,[14  4],7,-1,29,-1,7
1,<environment.Job instance at 0x7f83154ae0f0>,7,14,[ 1 11],8,-1,22,-1,8
1,<environment.Job instance at 0x7f83154ae050>,8,26,[1 8],9,-1,36,-1,10
1,<environment.Job instance at 0x7f83154ae3c0>,10,26,[ 2 10],11,-1,37,-1,11
1,<environment.Job instance at 0x7f83154ae320>,12,27,[ 1 12],13,-1,40,-1,13
1,<environment.Job instance at 0x7f83154aec30>,13,24,[5 5],14,-1,38,-1,14
1,<environment.Job instance at 0x7f831e8a1aa0>,14,23,[ 3 12],15,-1,38,-1,15
1,<environment.Job instance at 0x7f831ecff8c0>,15,26,[ 5 13],16,-1,42,-1,16
1,<environment.Job instance at 0x7f8314f03370>,16,19,[12  2],17,-1,36,-1,17
1,<environment.Job instance at 0x7f8314b58550>,17,15,[11  1],18,-1,33,-1,18
1,<environment.Job instance at 0x7f8315acaf00>,18,19,[13  4],19,-1,38,-1,19
1,<environment.Job instance at 0x7f83158d10a0>,19,14,[11  3],20,-1,34,-1,20
1,<environment.Job instance at 0x7f8315358730>,20,12,[ 3 11],21,-1,33,-1,21
1,<environment.Job instance at 0x7f83156f78c0>,23,23,[ 5 12],24,-1,47,-1,24
1,<environment.Job instance at 0x7f831534d690>,24,27,[6 1],25,-1,52,-1,25
1,<environment.Job instance at 0x7f831534dbe0>,25,20,[ 1 11],26,-1,46,-1,26
1,<environment.Job instance at 0x7f8315361910>,26,15,[12  2],27,-1,42,-1,27
1,<environment.Job instance at 0x7f8315361550>,27,24,[12  4],28,-1,52,-1,28
1,<environment.Job instance at 0x7f83152135a0>,28,23,[11  3],29,-1,52,-1,29
1,<environment.Job instance at 0x7f8314b7eb40>,29,25,[11  5],30,-1,55,-1,30
1,<environment.Job instance at 0x7f8315ad0eb0>,30,26,[ 5 13],31,-1,57,-1,31
1,<environment.Job instance at 0x7f8315ad0e60>,31,19,[ 3 12],32,-1,51,-1,32
1,<environment.Job instance at 0x7f8315ad0870>,32,25,[12  3],33,-1,58,-1,33
1,<environment.Job instance at 0x7f8315ad0d20>,33,14,[ 5 12],34,-1,48,-1,34
1,<environment.Job instance at 0x7f831537ad70>,34,20,[ 3 14],35,-1,55,-1,35
1,<environment.Job instance at 0x7f8315a599b0>,35,24,[13  2],36,-1,60,-1,36
1,<environment.Job instance at 0x7f831575a230>,39,20,[12  1],40,-1,65,-1,45
1,<environment.Job instance at 0x7f831e6c7500>,42,20,[11  1],43,-1,80,-1,60
1,<environment.Job instance at 0x7f8315fcfc80>,43,22,[12  2],44,-1,82,-1,60
1,<environment.Job instance at 0x7f8314743050>,45,21,[12  3],46,-1,84,-1,63
1,<environment.Job instance at 0x7f8314743960>,46,28,[6 2],47,-1,91,-1,63
1,<environment.Job instance at 0x7f8314743370>,47,21,[ 2 11],48,-1,84,-1,63
1,<environment.Job instance at 0x7f8315813d20>,48,25,[8 3],49,-1,88,-1,63
1,<environment.Job instance at 0x7f8314743fa0>,49,25,[ 1 13],50,-1,88,-1,63
1,<environment.Job instance at 0x7f8315813e60>,50,27,[3 8],51,-1,90,-1,63
1,<environment.Job instance at 0x7f83147436e0>,51,27,[11  5],52,-1,90,-1,63
1,<environment.Job instance at 0x7f83156de550>,52,24,[14  3],53,-1,87,-1,63
1,<environment.Job instance at 0x7f8316009140>,53,26,[ 1 12],54,-1,89,-1,63
1,<environment.Job instance at 0x7f83160090a0>,54,24,[13  1],55,-1,87,-1,63
1,<environment.Job instance at 0x7f83151f4dc0>,56,15,[ 4 12],57,-1,94,-1,79
1,<environment.Job instance at 0x7f83151f4500>,57,23,[ 5 13],58,-1,102,-1,79
1,<environment.Job instance at 0x7f8316009500>,58,23,[ 3 13],59,-1,102,-1,79
1,<environment.Job instance at 0x7f8314948eb0>,59,26,[12  2],60,-1,105,-1,79
1,<environment.Job instance at 0x7f8314948e10>,60,21,[ 1 12],61,-1,100,-1,79
1,<environment.Job instance at 0x7f8314948aa0>,61,16,[ 2 13],62,-1,95,-1,79
1,<environment.Job instance at 0x7f8314948140>,62,23,[13  1],63,-1,102,-1,79
1,<environment.Job instance at 0x7f831495aeb0>,63,28,[13  4],64,-1,107,-1,79
1,<environment.Job instance at 0x7f831495a190>,64,25,[14  3],65,-1,104,-1,79
1,<environment.Job instance at 0x7f831495ad20>,65,15,[12  5],66,-1,94,-1,79
1,<environment.Job instance at 0x7f831495a0f0>,66,24,[14  5],67,-1,103,-1,79
1,<environment.Job instance at 0x7f831495a1e0>,67,25,[ 4 12],68,-1,104,-1,79
1,<environment.Job instance at 0x7f831495a780>,68,22,[ 2 14],69,-1,101,-1,79
1,<environment.Job instance at 0x7f831495a0a0>,69,25,[ 3 13],70,-1,104,-1,79
1,<environment.Job instance at 0x7f831495a320>,70,25,[13  3],71,-1,104,-1,79
1,<environment.Job instance at 0x7f831495ae60>,71,25,[ 2 11],72,-1,104,-1,79
1,<environment.Job instance at 0x7f831495aa50>,72,28,[11  3],73,-1,107,-1,79
1,<environment.Job instance at 0x7f8315376780>,73,18,[13  2],74,-1,97,-1,79
1,<environment.Job instance at 0x7f83153761e0>,74,28,[13  1],75,-1,107,-1,79
1,<environment.Job instance at 0x7f8315aabb90>,75,23,[ 5 13],76,-1,102,-1,79
1,<environment.Job instance at 0x7f8315aabe60>,76,23,[ 2 13],77,-1,102,-1,79
1,<environment.Job instance at 0x7f8315158fa0>,77,28,[ 1 12],78,-1,107,-1,79
1,<environment.Job instance at 0x7f8314b6aaa0>,78,25,[ 2 12],79,-1,104,-1,79
1,<environment.Job instance at 0x7f8314b6aa00>,79,12,[ 4 14],80,-1,92,-1,80
1,<environment.Job instance at 0x7f8315ddcdc0>,80,28,[12  3],81,-1,109,-1,81
1,<environment.Job instance at 0x7f8315ddcb90>,81,23,[11  2],82,-1,105,-1,82
1,<environment.Job instance at 0x7f8315aa8690>,83,22,[ 3 13],84,-1,106,-1,84
1,<environment.Job instance at 0x7f8316121e10>,84,27,[ 1 13],85,-1,112,-1,85
1,<environment.Job instance at 0x7f8316121370>,85,23,[12  5],86,-1,109,-1,86
1,<environment.Job instance at 0x7f831575acd0>,41,22,[13  1],42,-1,108,-1,86
1,<environment.Job instance at 0x7f8314b6a2d0>,86,22,[ 3 12],87,-1,109,-1,87
1,<environment.Job instance at 0x7f83158e7be0>,87,25,[ 4 12],88,-1,113,-1,88
1,<environment.Job instance at 0x7f831ecab0f0>,88,13,[11  3],89,-1,102,-1,89
1,<environment.Job instance at 0x7f83158d5050>,1,13,[ 3 13],2,-1,15,-1,2
1,<environment.Job instance at 0x7f83158d5c80>,2,23,[14  4],3,-1,26,-1,3
1,<environment.Job instance at 0x7f831ecab0f0>,4,22,[13  1],5,-1,27,-1,5
1,<environment.Job instance at 0x7f83158d5eb0>,5,24,[12  4],6,-1,30,-1,6
1,<environment.Job instance at 0x7f83158d50f0>,6,25,[12  3],7,-1,32,-1,7
1,<environment.Job instance at 0x7f831532b9b0>,7,27,[11  5],8,-1,35,-1,8
1,<environment.Job instance at 0x7f831532b0f0>,8,25,[ 3 11],9,-1,34,-1,9
1,<environment.Job instance at 0x7f831532b1e0>,9,21,[ 2 13],10,-1,31,-1,10
1,<environment.Job instance at 0x7f831532b870>,11,23,[ 3 11],12,-1,35,-1,12
1,<environment.Job instance at 0x7f831532b3c0>,13,21,[ 1 13],14,-1,35,-1,14
1,<environment.Job instance at 0x7f831532b500>,14,28,[14  1],15,-1,43,-1,15
1,<environment.Job instance at 0x7f831532bf50>,15,28,[4 5],16,-1,44,-1,16
1,<environment.Job instance at 0x7f831532baa0>,16,17,[ 3 14],17,-1,34,-1,17
1,<environment.Job instance at 0x7f831532bb90>,17,25,[12  5],18,-1,43,-1,18
1,<environment.Job instance at 0x7f831532b4b0>,18,16,[ 1 12],19,-1,35,-1,19
1,<environment.Job instance at 0x7f831532b140>,19,17,[13  2],20,-1,37,-1,20
1,<environment.Job instance at 0x7f831532b910>,20,23,[5 9],21,-1,44,-1,21
1,<environment.Job instance at 0x7f831532b550>,21,24,[ 2 14],22,-1,46,-1,22
1,<environment.Job instance at 0x7f831532bbe0>,22,22,[11  4],23,-1,45,-1,23
1,<environment.Job instance at 0x7f831532bc30>,23,28,[11  2],24,-1,52,-1,24
1,<environment.Job instance at 0x7f831532bdc0>,24,28,[ 4 10],25,-1,53,-1,25
1,<environment.Job instance at 0x7f831532ba50>,25,24,[6 2],26,-1,50,-1,26
1,<environment.Job instance at 0x7f831532bb40>,26,19,[ 2 13],27,-1,46,-1,27
1,<environment.Job instance at 0x7f831532b5f0>,27,21,[ 5 12],28,-1,49,-1,28
1,<environment.Job instance at 0x7f8314a5c460>,28,24,[ 4 12],29,-1,53,-1,29
1,<environment.Job instance at 0x7f8314a5cbe0>,30,26,[12  2],31,-1,57,-1,31
1,<environment.Job instance at 0x7f8314a5c6e0>,31,28,[ 2 14],32,-1,60,-1,32
1,<environment.Job instance at 0x7f8314a5c5a0>,32,24,[ 1 11],33,-1,57,-1,33
1,<environment.Job instance at 0x7f8314a5c1e0>,33,17,[ 3 11],34,-1,51,-1,34
1,<environment.Job instance at 0x7f8314a5cc80>,36,25,[14  1],37,-1,62,-1,37
1,<environment.Job instance at 0x7f8314a5ce10>,37,20,[11  1],38,-1,58,-1,38
1,<environment.Job instance at 0x7f8314a5c7d0>,38,25,[ 2 14],39,-1,64,-1,39
1,<environment.Job instance at 0x7f8314a535f0>,39,17,[ 2 14],40,-1,57,-1,40
1,<environment.Job instance at 0x7f8314a53460>,40,24,[10  2],41,-1,65,-1,41
1,<environment.Job instance at 0x7f8314a5caf0>,34,22,[8 1],35,-1,64,-1,42
1,<environment.Job instance at 0x7f8314a5c8c0>,42,14,[ 5 11],43,-1,57,-1,43
1,<environment.Job instance at 0x7f8314a53dc0>,43,15,[ 2 13],44,-1,59,-1,44
1,<environment.Job instance at 0x7f8314ab3e10>,45,17,[ 2 13],46,-1,63,-1,46
1,<environment.Job instance at 0x7f8314c20910>,47,22,[ 4 14],48,-1,70,-1,48
1,<environment.Job instance at 0x7f8314ab36e0>,48,23,[ 3 14],49,-1,72,-1,49
1,<environment.Job instance at 0x7f8314ab3690>,46,16,[14  4],47,-1,65,-1,49
1,<environment.Job instance at 0x7f8314ab3f50>,50,16,[12  4],51,-1,67,-1,51
1,<environment.Job instance at 0x7f8314ab35f0>,49,15,[13  2],50,-1,66,-1,51
1,<environment.Job instance at 0x7f8314ab30f0>,52,17,[ 3 11],53,-1,71,-1,54
1,<environment.Job instance at 0x7f831e6f0a00>,54,24,[5 9],55,-1,79,-1,55
1,<environment.Job instance at 0x7f83149bb500>,55,12,[12  5],56,-1,68,-1,56
1,<environment.Job instance at 0x7f83149bbcd0>,56,28,[ 2 11],57,-1,85,-1,57
1,<environment.Job instance at 0x7f83149bb050>,57,26,[9 1],58,-1,84,-1,58
1,<environment.Job instance at 0x7f83149bb0a0>,58,24,[14  5],59,-1,83,-1,59
1,<environment.Job instance at 0x7f83149bb960>,59,23,[14  3],60,-1,83,-1,60
1,<environment.Job instance at 0x7f8314b87f00>,60,25,[ 1 12],61,-1,86,-1,61
1,<environment.Job instance at 0x7f8314b87460>,61,25,[12  4],62,-1,87,-1,62
1,<environment.Job instance at 0x7f8314b87b40>,62,24,[ 3 11],63,-1,87,-1,63
1,<environment.Job instance at 0x7f8314b87e60>,63,25,[ 2 12],64,-1,89,-1,64
1,<environment.Job instance at 0x7f831e6f07d0>,64,22,[ 4 14],65,-1,87,-1,65
1,<environment.Job instance at 0x7f8314b87af0>,66,26,[11  3],67,-1,93,-1,67
1,<environment.Job instance at 0x7f8314b87f50>,67,19,[14  1],68,-1,87,-1,68
1,<environment.Job instance at 0x7f83156c9280>,68,19,[11  5],69,-1,88,-1,69
1,<environment.Job instance at 0x7f83156c9690>,69,23,[14  1],70,-1,93,-1,70
1,<environment.Job instance at 0x7f83156c9460>,70,21,[11  2],71,-1,92,-1,71
1,<environment.Job instance at 0x7f831eb59640>,71,22,[ 3 13],72,-1,94,-1,72
1,<environment.Job instance at 0x7f831eb592d0>,72,22,[14  5],73,-1,95,-1,73
1,<environment.Job instance at 0x7f8315361910>,73,26,[ 4 14],74,-1,100,-1,74
1,<environment.Job instance at 0x7f83153762d0>,74,18,[ 3 14],75,-1,93,-1,75
1,<environment.Job instance at 0x7f83151545a0>,75,22,[ 2 11],76,-1,98,-1,76
1,<environment.Job instance at 0x7f831534d730>,77,15,[ 1 12],78,-1,93,-1,78
1,<environment.Job instance at 0x7f8314fcf5a0>,78,22,[ 2 11],79,-1,101,-1,79
1,<environment.Job instance at 0x7f8315272460>,79,23,[ 5 11],80,-1,103,-1,80
1,<environment.Job instance at 0x7f8315237dc0>,80,24,[11  1],81,-1,105,-1,81
1,<environment.Job instance at 0x7f83159b41e0>,81,23,[5 1],82,-1,105,-1,82
1,<environment.Job instance at 0x7f83147c7190>,83,13,[11  2],84,-1,97,-1,84
1,<environment.Job instance at 0x7f8314cf2230>,84,21,[ 2 13],85,-1,106,-1,85
1,<environment.Job instance at 0x7f831535bb40>,85,26,[11  3],86,-1,112,-1,86
1,<environment.Job instance at 0x7f8314b711e0>,86,25,[11  3],87,-1,112,-1,87
1,<environment.Job instance at 0x7f83159c5e10>,87,17,[7 1],88,-1,106,-1,89
1,<environment.Job instance at 0x7f8314743b90>,2,27,[13  3],3,-1,30,-1,3
1,<environment.Job instance at 0x7f8315376780>,8,19,[14  5],9,-1,56,-1,37
1,<environment.Job instance at 0x7f8315a46640>,10,19,[ 2 11],11,-1,77,-1,58
1,<environment.Job instance at 0x7f8315362e10>,12,27,[ 1 13],13,-1,85,-1,58
1,<environment.Job instance at 0x7f83153622d0>,13,12,[13  2],14,-1,70,-1,58
1,<environment.Job instance at 0x7f8315362550>,15,26,[2 8],16,-1,101,-1,75
1,<environment.Job instance at 0x7f8315362b90>,17,12,[12  2],18,-1,93,-1,81
1,<environment.Job instance at 0x7f8315361410>,18,21,[ 3 11],19,-1,102,-1,81
1,<environment.Job instance at 0x7f83153612d0>,19,22,[ 2 13],20,-1,103,-1,81
1,<environment.Job instance at 0x7f8315aab460>,20,28,[ 4 12],21,-1,109,-1,81
1,<environment.Job instance at 0x7f831542aeb0>,21,20,[ 3 12],22,-1,101,-1,81
1,<environment.Job instance at 0x7f8314713410>,1,25,[ 2 12],2,-1,27,-1,2
1,<environment.Job instance at 0x7f831534de60>,2,24,[ 2 12],3,-1,27,-1,3
1,<environment.Job instance at 0x7f831542aeb0>,5,26,[ 1 13],6,-1,32,-1,6
1,<environment.Job instance at 0x7f8314e24820>,4,23,[11  3],5,-1,29,-1,6
1,<environment.Job instance at 0x7f8314e24a00>,7,19,[ 2 12],8,-1,27,-1,8
1,<environment.Job instance at 0x7f8314e24aa0>,8,27,[ 1 14],9,-1,36,-1,9
1,<environment.Job instance at 0x7f8314e24be0>,9,20,[ 3 12],10,-1,30,-1,10
1,<environment.Job instance at 0x7f8314e24c80>,10,19,[ 4 12],11,-1,30,-1,11
1,<environment.Job instance at 0x7f8314e24d20>,11,28,[ 5 13],12,-1,40,-1,12
1,<environment.Job instance at 0x7f8314e24dc0>,12,17,[ 2 14],13,-1,30,-1,13
1,<environment.Job instance at 0x7f8314e24e60>,13,27,[12  4],14,-1,41,-1,14
1,<environment.Job instance at 0x7f8314e24f00>,14,28,[11  2],15,-1,43,-1,15
1,<environment.Job instance at 0x7f8314e24fa0>,15,17,[ 2 14],16,-1,33,-1,16
1,<environment.Job instance at 0x7f8314e150a0>,16,26,[12  5],17,-1,43,-1,17
1,<environment.Job instance at 0x7f8314e15140>,17,25,[ 3 13],18,-1,43,-1,18
1,<environment.Job instance at 0x7f8314e151e0>,18,22,[ 4 11],19,-1,41,-1,19
1,<environment.Job instance at 0x7f8314e15280>,19,25,[ 1 12],20,-1,45,-1,20
1,<environment.Job instance at 0x7f8314e24af0>,23,28,[13  5],24,-1,52,-1,24
1,<environment.Job instance at 0x7f8314e15460>,24,19,[ 1 13],25,-1,44,-1,25
1,<environment.Job instance at 0x7f8314e15730>,25,23,[1 5],26,-1,53,-1,30
1,<environment.Job instance at 0x7f8314e15910>,28,22,[14  1],29,-1,52,-1,30
1,<environment.Job instance at 0x7f8314e159b0>,29,25,[8 2],30,-1,55,-1,30
1,<environment.Job instance at 0x7f8314e15a50>,30,15,[14  4],31,-1,46,-1,31
1,<environment.Job instance at 0x7f8314e15690>,31,25,[ 5 10],32,-1,57,-1,32
1,<environment.Job instance at 0x7f8314e15b90>,33,20,[ 4 11],34,-1,54,-1,34
1,<environment.Job instance at 0x7f8314e15cd0>,34,19,[ 2 13],35,-1,54,-1,35
1,<environment.Job instance at 0x7f8314e15d70>,35,15,[14  2],36,-1,51,-1,36
1,<environment.Job instance at 0x7f8314e15e10>,36,27,[13  3],37,-1,64,-1,37
1,<environment.Job instance at 0x7f8314e15eb0>,37,17,[12  1],38,-1,55,-1,38
1,<environment.Job instance at 0x7f8314e15f50>,38,21,[11  1],39,-1,60,-1,39
1,<environment.Job instance at 0x7f8314e1a050>,39,19,[ 2 11],40,-1,59,-1,40
1,<environment.Job instance at 0x7f8314e15c80>,41,23,[14  3],42,-1,68,-1,45
1,<environment.Job instance at 0x7f8314e1a2d0>,42,26,[8 2],43,-1,71,-1,45
1,<environment.Job instance at 0x7f8314e1a370>,43,19,[13  4],44,-1,64,-1,45
1,<environment.Job instance at 0x7f8314e1a410>,44,24,[ 5 11],45,-1,69,-1,45
1,<environment.Job instance at 0x7f8314e1a550>,46,20,[12  2],47,-1,67,-1,47
1,<environment.Job instance at 0x7f8314e1a640>,47,21,[6 1],48,-1,86,-1,65
1,<environment.Job instance at 0x7f8314e1a500>,49,24,[ 3 13],50,-1,89,-1,65
1,<environment.Job instance at 0x7f8314e1a780>,50,21,[6 5],51,-1,86,-1,65
1,<environment.Job instance at 0x7f8314e1a910>,51,25,[11  5],52,-1,90,-1,65
1,<environment.Job instance at 0x7f8314e1a8c0>,52,21,[3 7],53,-1,86,-1,65
1,<environment.Job instance at 0x7f8314e1a870>,53,19,[12  3],54,-1,84,-1,65
1,<environment.Job instance at 0x7f8314e1aa00>,54,27,[ 1 13],55,-1,92,-1,65
1,<environment.Job instance at 0x7f8314e1aaa0>,55,27,[13  1],56,-1,92,-1,65
1,<environment.Job instance at 0x7f8314e1ac30>,56,24,[ 2 14],57,-1,89,-1,65
1,<environment.Job instance at 0x7f8314e1acd0>,57,14,[ 5 12],58,-1,79,-1,65
1,<environment.Job instance at 0x7f8314e1ad70>,58,19,[13  3],59,-1,84,-1,65
1,<environment.Job instance at 0x7f8314e1ab90>,59,21,[ 2 13],60,-1,86,-1,65
1,<environment.Job instance at 0x7f8314e1aeb0>,60,19,[ 2 13],61,-1,84,-1,65
1,<environment.Job instance at 0x7f8314e1af50>,61,24,[ 4 12],62,-1,89,-1,65
1,<environment.Job instance at 0x7f8314e1a280>,48,28,[14  4],49,-1,93,-1,65
1,<environment.Job instance at 0x7f8314e1abe0>,63,23,[ 4 11],64,-1,88,-1,65
1,<environment.Job instance at 0x7f8314e13190>,64,26,[ 3 14],65,-1,91,-1,65
1,<environment.Job instance at 0x7f8315afd960>,65,21,[ 2 12],66,-1,87,-1,66
1,<environment.Job instance at 0x7f83149daaf0>,67,24,[4 6],68,-1,108,-1,84
1,<environment.Job instance at 0x7f8314f3f5a0>,68,23,[13  5],69,-1,107,-1,84
1,<environment.Job instance at 0x7f8314f3fa50>,69,28,[14  2],70,-1,112,-1,84
1,<environment.Job instance at 0x7f8314f3f500>,70,22,[11  4],71,-1,106,-1,84
1,<environment.Job instance at 0x7f8314f3f3c0>,72,24,[ 4 10],73,-1,108,-1,84
1,<environment.Job instance at 0x7f8314f3f690>,73,22,[14  1],74,-1,106,-1,84
1,<environment.Job instance at 0x7f8314f3fa00>,74,22,[13  1],75,-1,106,-1,84
1,<environment.Job instance at 0x7f8314f3f410>,75,24,[ 5 13],76,-1,108,-1,84
1,<environment.Job instance at 0x7f8314f3f140>,76,22,[ 2 12],77,-1,106,-1,84
1,<environment.Job instance at 0x7f8314f3f0a0>,77,22,[ 4 14],78,-1,106,-1,84
1,<environment.Job instance at 0x7f8314f3faf0>,78,18,[ 1 12],79,-1,102,-1,84
1,<environment.Job instance at 0x7f8315afd5f0>,1,26,[13  4],2,-1,28,-1,2
1,<environment.Job instance at 0x7f8315afdfa0>,2,22,[13  3],3,-1,25,-1,3
1,<environment.Job instance at 0x7f8315afd1e0>,3,24,[ 5 11],4,-1,28,-1,4
1,<environment.Job instance at 0x7f8315afdc80>,4,22,[ 4 11],5,-1,27,-1,5
1,<environment.Job instance at 0x7f8315afdf00>,5,25,[ 5 14],6,-1,31,-1,6
1,<environment.Job instance at 0x7f8315afdaa0>,6,24,[ 5 11],7,-1,31,-1,7
1,<environment.Job instance at 0x7f8315afdc30>,7,20,[13  1],8,-1,28,-1,8
1,<environment.Job instance at 0x7f8315afdb90>,8,23,[ 2 14],9,-1,32,-1,9
1,<environment.Job instance at 0x7f8315afd0a0>,9,27,[9 4],10,-1,37,-1,10
1,<environment.Job instance at 0x7f8315afdcd0>,10,23,[ 3 11],11,-1,34,-1,11
1,<environment.Job instance at 0x7f8315afd870>,11,12,[12  5],12,-1,24,-1,12
1,<environment.Job instance at 0x7f8315afde10>,12,23,[14  4],13,-1,36,-1,13
1,<environment.Job instance at 0x7f8315afd320>,14,21,[13  5],15,-1,36,-1,15
1,<environment.Job instance at 0x7f8315afd050>,15,27,[11  5],16,-1,43,-1,16
1,<environment.Job instance at 0x7f8315afd640>,16,20,[ 1 11],17,-1,37,-1,17
1,<environment.Job instance at 0x7f8315afd690>,18,22,[11  5],19,-1,41,-1,19
1,<environment.Job instance at 0x7f8315b12cd0>,19,19,[ 3 12],20,-1,39,-1,20
1,<environment.Job instance at 0x7f8315b12a00>,20,19,[13  3],21,-1,40,-1,21
1,<environment.Job instance at 0x7f8315b12be0>,21,21,[ 3 14],22,-1,43,-1,22
1,<environment.Job instance at 0x7f8315b12c80>,22,16,[ 2 12],23,-1,39,-1,23
1,<environment.Job instance at 0x7f8315b12eb0>,17,20,[13  1],18,-1,43,-1,23
1,<environment.Job instance at 0x7f8315b12d20>,23,23,[ 3 13],24,-1,47,-1,24
1,<environment.Job instance at 0x7f8315b12a50>,25,25,[ 1 14],26,-1,51,-1,26
1,<environment.Job instance at 0x7f8315b12d70>,26,21,[ 1 11],27,-1,48,-1,27
1,<environment.Job instance at 0x7f8315b129b0>,27,17,[ 2 14],28,-1,45,-1,28
1,<environment.Job instance at 0x7f8315aebcd0>,28,25,[2 8],29,-1,54,-1,29
1,<environment.Job instance at 0x7f8315aeb4b0>,29,19,[12  3],30,-1,49,-1,30
1,<environment.Job instance at 0x7f8315b12e60>,31,23,[13  2],32,-1,55,-1,32
1,<environment.Job instance at 0x7f8315aeb690>,30,13,[11  1],31,-1,45,-1,32
1,<environment.Job instance at 0x7f8315aeb5f0>,33,19,[ 3 11],34,-1,53,-1,34
1,<environment.Job instance at 0x7f8315aebdc0>,34,28,[11  3],35,-1,63,-1,35
1,<environment.Job instance at 0x7f8315aeb460>,36,27,[14  3],37,-1,64,-1,37
1,<environment.Job instance at 0x7f8314f3f730>,40,24,[13  4],41,-1,82,-1,58
1,<environment.Job instance at 0x7f8314f3feb0>,41,24,[ 5 11],42,-1,82,-1,58
1,<environment.Job instance at 0x7f8314f3fd20>,44,25,[12  4],45,-1,94,-1,69
1,<environment.Job instance at 0x7f83155861e0>,1,22,[12  2],2,-1,24,-1,2
1,<environment.Job instance at 0x7f83155860f0>,2,24,[ 5 12],3,-1,27,-1,3
1,<environment.Job instance at 0x7f8315586050>,3,28,[ 5 10],4,-1,32,-1,4
1,<environment.Job instance at 0x7f8315586280>,4,21,[ 4 13],5,-1,26,-1,5
1,<environment.Job instance at 0x7f83155860a0>,6,28,[ 4 14],7,-1,35,-1,7
1,<environment.Job instance at 0x7f83155863c0>,8,20,[11  1],9,-1,29,-1,9
1,<environment.Job instance at 0x7f8315586dc0>,9,27,[14  2],10,-1,37,-1,10
1,<environment.Job instance at 0x7f8315586c80>,10,28,[12  4],11,-1,39,-1,11
1,<environment.Job instance at 0x7f8315586fa0>,11,13,[ 4 14],12,-1,25,-1,12
1,<environment.Job instance at 0x7f83155865f0>,12,16,[ 5 13],13,-1,29,-1,13
1,<environment.Job instance at 0x7f83155866e0>,13,24,[14  4],14,-1,38,-1,14
1,<environment.Job instance at 0x7f8315586820>,14,25,[ 4 13],15,-1,40,-1,15
1,<environment.Job instance at 0x7f8315586780>,16,27,[10  4],17,-1,44,-1,17
1,<environment.Job instance at 0x7f8315586a50>,15,20,[13  1],16,-1,38,-1,18
1,<environment.Job instance at 0x7f8315586af0>,19,24,[ 4 10],20,-1,44,-1,20
1,<environment.Job instance at 0x7f831609f960>,20,26,[ 4 13],21,-1,47,-1,21
1,<environment.Job instance at 0x7f831609ffa0>,21,25,[12  3],22,-1,47,-1,22
1,<environment.Job instance at 0x7f831609ff50>,22,23,[7 4],23,-1,68,-1,45
1,<environment.Job instance at 0x7f831609f370>,27,20,[ 3 12],28,-1,65,-1,45
1,<environment.Job instance at 0x7f831609f280>,28,25,[11  1],29,-1,70,-1,45
1,<environment.Job instance at 0x7f831609f640>,29,26,[ 3 14],30,-1,71,-1,45
1,<environment.Job instance at 0x7f831609f0a0>,30,26,[14  1],31,-1,71,-1,45
1,<environment.Job instance at 0x7f831609fd20>,31,19,[14  5],32,-1,64,-1,45
1,<environment.Job instance at 0x7f831609fa50>,32,26,[5 9],33,-1,71,-1,45
1,<environment.Job instance at 0x7f831609f050>,33,20,[ 4 12],34,-1,65,-1,45
1,<environment.Job instance at 0x7f831609f320>,34,26,[ 2 12],35,-1,71,-1,45
1,<environment.Job instance at 0x7f831512faa0>,35,14,[ 3 14],36,-1,59,-1,45
1,<environment.Job instance at 0x7f831512fd20>,36,22,[11  2],37,-1,67,-1,45
1,<environment.Job instance at 0x7f831512ffa0>,37,28,[6 5],38,-1,73,-1,45
1,<environment.Job instance at 0x7f831512f1e0>,38,16,[14  5],39,-1,61,-1,45
1,<environment.Job instance at 0x7f831512ff50>,39,24,[14  1],40,-1,69,-1,45
1,<environment.Job instance at 0x7f831512f550>,40,23,[ 5 12],41,-1,68,-1,45
1,<environment.Job instance at 0x7f831512f280>,42,27,[11  1],43,-1,83,-1,56
1,<environment.Job instance at 0x7f831512f4b0>,43,24,[ 5 14],44,-1,80,-1,56
1,<environment.Job instance at 0x7f023388b460>,2,22,[ 4 14],3,-1,25,-1,3
1,<environment.Job instance at 0x7f023388b5f0>,3,25,[ 5 14],4,-1,29,-1,4
1,<environment.Job instance at 0x7f023388b500>,4,21,[ 1 12],5,-1,26,-1,5
1,<environment.Job instance at 0x7f023d0031e0>,7,25,[6 2],8,-1,35,-1,10
1,<environment.Job instance at 0x7f023388baa0>,10,23,[ 4 14],11,-1,34,-1,11
1,<environment.Job instance at 0x7f023388ba50>,11,25,[ 4 12],12,-1,37,-1,12
1,<environment.Job instance at 0x7f023388bbe0>,12,19,[ 5 13],13,-1,32,-1,13
1,<environment.Job instance at 0x7f023388bc80>,13,22,[ 2 11],14,-1,36,-1,14
1,<environment.Job instance at 0x7f023388bd20>,14,25,[13  4],15,-1,40,-1,15
1,<environment.Job instance at 0x7f023388bdc0>,15,25,[13  3],16,-1,41,-1,16
1,<environment.Job instance at 0x7f023388be60>,16,26,[14  4],17,-1,43,-1,17
1,<environment.Job instance at 0x7f023388b9b0>,17,14,[ 2 14],18,-1,32,-1,18
1,<environment.Job instance at 0x7f023388bb40>,18,14,[ 2 13],19,-1,33,-1,19
1,<environment.Job instance at 0x7f023388f050>,19,17,[13  5],20,-1,40,-1,23
1,<environment.Job instance at 0x7f023388f280>,21,28,[11  1],22,-1,51,-1,23
1,<environment.Job instance at 0x7f023388f320>,22,26,[ 1 14],23,-1,49,-1,23
1,<environment.Job instance at 0x7f023388f460>,24,13,[ 3 14],25,-1,48,-1,35
1,<environment.Job instance at 0x7f023388f370>,25,23,[ 3 13],26,-1,58,-1,35
1,<environment.Job instance at 0x7f023388f5a0>,26,26,[1 8],27,-1,61,-1,35
1,<environment.Job instance at 0x7f023388f640>,27,25,[5 7],28,-1,60,-1,35
1,<environment.Job instance at 0x7f023388f690>,28,25,[ 4 11],29,-1,60,-1,35
1,<environment.Job instance at 0x7f023388f730>,29,22,[ 5 13],30,-1,57,-1,35
1,<environment.Job instance at 0x7f023388f7d0>,30,27,[4 8],31,-1,62,-1,35
1,<environment.Job instance at 0x7f023388f8c0>,31,20,[11  5],32,-1,55,-1,35
1,<environment.Job instance at 0x7f023388f910>,32,27,[11  3],33,-1,62,-1,35
1,<environment.Job instance at 0x7f023388f9b0>,33,16,[ 2 14],34,-1,51,-1,35
1,<environment.Job instance at 0x7f023388fa50>,34,24,[ 1 14],35,-1,59,-1,35
1,<environment.Job instance at 0x7f023388fc30>,35,22,[11  5],36,-1,58,-1,36
1,<environment.Job instance at 0x7f023388f5f0>,36,20,[ 3 14],37,-1,57,-1,37
1,<environment.Job instance at 0x7f023388f500>,37,28,[ 2 12],38,-1,66,-1,38
1,<environment.Job instance at 0x7f023388f870>,38,20,[ 1 12],39,-1,59,-1,39
1,<environment.Job instance at 0x7f023388fb40>,40,26,[ 1 12],41,-1,67,-1,41
1,<environment.Job instance at 0x7f023388fe10>,41,18,[ 5 14],42,-1,60,-1,42
1,<environment.Job instance at 0x7f023388ffa0>,43,16,[13  5],44,-1,60,-1,44
1,<environment.Job instance at 0x7f02338910f0>,44,16,[14  3],45,-1,61,-1,45
1,<environment.Job instance at 0x7f0233891230>,45,27,[12  2],46,-1,73,-1,46
1,<environment.Job instance at 0x7f02338912d0>,46,28,[ 4 11],47,-1,75,-1,47
1,<environment.Job instance at 0x7f0233891320>,47,17,[12  2],48,-1,65,-1,48
1,<environment.Job instance at 0x7f023388ff00>,42,20,[ 2 11],43,-1,68,-1,48
1,<environment.Job instance at 0x7f02338914b0>,49,27,[ 1 11],50,-1,77,-1,50
1,<environment.Job instance at 0x7f0233891640>,51,25,[12  2],52,-1,82,-1,57
1,<environment.Job instance at 0x7f02338916e0>,52,20,[11  3],53,-1,77,-1,57
1,<environment.Job instance at 0x7f0233891780>,53,27,[14  5],54,-1,84,-1,57
1,<environment.Job instance at 0x7f0233891820>,54,24,[5 7],55,-1,81,-1,57
1,<environment.Job instance at 0x7f02338918c0>,55,20,[13  1],56,-1,77,-1,57
1,<environment.Job instance at 0x7f0233891960>,56,20,[ 3 13],57,-1,77,-1,57
1,<environment.Job instance at 0x7f0233891a50>,58,27,[ 2 14],59,-1,88,-1,61
1,<environment.Job instance at 0x7f02338915f0>,60,28,[13  2],61,-1,106,-1,78
1,<environment.Job instance at 0x7f0233891dc0>,61,23,[ 1 11],62,-1,101,-1,78
1,<environment.Job instance at 0x7f0233891d20>,62,21,[ 5 13],63,-1,99,-1,78
1,<environment.Job instance at 0x7f0233891eb0>,63,28,[ 3 14],64,-1,106,-1,78
1,<environment.Job instance at 0x7f0233891c80>,64,28,[ 1 14],65,-1,106,-1,78
1,<environment.Job instance at 0x7f0233891b40>,66,21,[13  3],67,-1,101,-1,80
1,<environment.Job instance at 0x7f0233891f50>,67,27,[ 1 10],68,-1,107,-1,80
1,<environment.Job instance at 0x7f0233893190>,68,20,[ 3 12],69,-1,100,-1,80
1,<environment.Job instance at 0x7f0233893230>,69,20,[ 3 12],70,-1,100,-1,80
1,<environment.Job instance at 0x7f02338932d0>,70,21,[12  2],71,-1,101,-1,80
1,<environment.Job instance at 0x7f0233893370>,71,28,[5 1],72,-1,108,-1,80
1,<environment.Job instance at 0x7f0233893410>,72,24,[9 2],73,-1,104,-1,80
1,<environment.Job instance at 0x7f02338934b0>,73,25,[3 8],74,-1,105,-1,80
1,<environment.Job instance at 0x7f0233893550>,74,27,[1 6],75,-1,107,-1,80
1,<environment.Job instance at 0x7f0233893690>,75,14,[ 4 11],76,-1,94,-1,80
1,<environment.Job instance at 0x7f02338935f0>,76,19,[ 4 14],77,-1,99,-1,80
1,<environment.Job instance at 0x7f0233893730>,77,13,[14  5],78,-1,93,-1,80
1,<environment.Job instance at 0x7f0233893870>,78,27,[10  2],79,-1,107,-1,80
1,<environment.Job instance at 0x7f0233893640>,79,28,[9 4],80,-1,108,-1,80
1,<environment.Job instance at 0x7f023388f0f0>,2,23,[ 3 13],3,-1,26,-1,3
1,<environment.Job instance at 0x7f0233905550>,3,23,[ 5 13],4,-1,27,-1,4
1,<environment.Job instance at 0x7f0233905870>,4,12,[ 4 12],5,-1,17,-1,5
1,<environment.Job instance at 0x7f0233905730>,6,23,[14  4],7,-1,30,-1,7
1,<environment.Job instance at 0x7f02339054b0>,7,12,[ 3 12],8,-1,20,-1,8
1,<environment.Job instance at 0x7f0233905a50>,8,21,[ 1 13],9,-1,30,-1,9
1,<environment.Job instance at 0x7f0233905eb0>,9,25,[11  4],10,-1,35,-1,10
1,<environment.Job instance at 0x7f0233905af0>,10,12,[13  1],11,-1,23,-1,11
1,<environment.Job instance at 0x7f0233905e60>,11,20,[ 5 11],12,-1,32,-1,12
1,<environment.Job instance at 0x7f0233905dc0>,12,27,[12  2],13,-1,40,-1,13
1,<environment.Job instance at 0x7f0233905190>,13,15,[12  1],14,-1,29,-1,14
1,<environment.Job instance at 0x7f0233905960>,5,26,[9 3],6,-1,40,-1,14
1,<environment.Job instance at 0x7f0233f40e60>,15,23,[13  5],16,-1,39,-1,16
1,<environment.Job instance at 0x7f0233f40230>,16,21,[ 1 12],17,-1,38,-1,17
1,<environment.Job instance at 0x7f0233f40780>,18,21,[ 3 14],19,-1,40,-1,19
1,<environment.Job instance at 0x7f02339052d0>,20,19,[13  1],21,-1,40,-1,21
1,<environment.Job instance at 0x7f0233f408c0>,22,24,[ 4 11],23,-1,47,-1,23
1,<environment.Job instance at 0x7f0233f40730>,23,22,[13  4],24,-1,46,-1,24
1,<environment.Job instance at 0x7f0232f633c0>,24,22,[ 1 13],25,-1,47,-1,25
1,<environment.Job instance at 0x7f0233f40c80>,25,15,[12  3],26,-1,41,-1,26
1,<environment.Job instance at 0x7f0232fd34b0>,26,28,[ 4 12],27,-1,55,-1,27
1,<environment.Job instance at 0x7f023330fc80>,27,17,[ 4 11],28,-1,45,-1,28
1,<environment.Job instance at 0x7f0232f3d690>,28,23,[ 2 14],29,-1,52,-1,29
1,<environment.Job instance at 0x7f02334d8960>,29,22,[ 2 14],30,-1,52,-1,30
1,<environment.Job instance at 0x7f0233361d20>,30,14,[12  3],31,-1,45,-1,31
1,<environment.Job instance at 0x7f0233365140>,32,20,[ 2 11],33,-1,53,-1,33
1,<environment.Job instance at 0x7f02333659b0>,33,25,[14  3],34,-1,59,-1,34
1,<environment.Job instance at 0x7f0233365370>,34,28,[2 9],35,-1,63,-1,35
1,<environment.Job instance at 0x7f0233365910>,35,14,[ 2 12],36,-1,50,-1,36
1,<environment.Job instance at 0x7f02333ae2d0>,36,19,[11  3],37,-1,56,-1,37
1,<environment.Job instance at 0x7f02331dc640>,37,20,[14  5],38,-1,58,-1,38
1,<environment.Job instance at 0x7f0233313140>,38,19,[13  5],39,-1,58,-1,39
1,<environment.Job instance at 0x7f02333f75f0>,39,26,[14  1],40,-1,66,-1,40
1,<environment.Job instance at 0x7f023329f1e0>,40,28,[ 2 10],41,-1,69,-1,41
1,<environment.Job instance at 0x7f02333a6d20>,41,28,[7 4],42,-1,70,-1,42
1,<environment.Job instance at 0x7f02333a65a0>,42,25,[ 3 14],43,-1,68,-1,43
1,<environment.Job instance at 0x7f02333a6d70>,43,28,[12  5],44,-1,72,-1,44
1,<environment.Job instance at 0x7f0232f985a0>,44,20,[ 4 14],45,-1,65,-1,45
1,<environment.Job instance at 0x7f023334bd70>,46,22,[ 1 14],47,-1,69,-1,47
1,<environment.Job instance at 0x7f023335c550>,47,27,[ 4 12],48,-1,75,-1,48
1,<environment.Job instance at 0x7f023335c730>,48,27,[4 9],49,-1,76,-1,49
1,<environment.Job instance at 0x7f023335ccd0>,49,20,[ 3 14],50,-1,70,-1,50
1,<environment.Job instance at 0x7f02333d97d0>,50,15,[12  4],51,-1,66,-1,51
1,<environment.Job instance at 0x7f02333d9910>,52,25,[ 1 11],53,-1,79,-1,54
1,<environment.Job instance at 0x7f023332efa0>,56,20,[12  4],57,-1,79,-1,59
1,<environment.Job instance at 0x7f023332ed20>,57,26,[8 5],58,-1,85,-1,59
1,<environment.Job instance at 0x7f023332ebe0>,58,28,[10  4],59,-1,87,-1,59
1,<environment.Job instance at 0x7f023332e500>,60,15,[ 1 13],61,-1,77,-1,62
1,<environment.Job instance at 0x7f02333871e0>,61,26,[ 5 11],62,-1,88,-1,62
1,<environment.Job instance at 0x7f0233387460>,62,24,[4 7],63,-1,88,-1,64
1,<environment.Job instance at 0x7f0233387d70>,63,28,[3 8],64,-1,92,-1,64
1,<environment.Job instance at 0x7f0233387a00>,64,28,[ 3 11],65,-1,93,-1,65
1,<environment.Job instance at 0x7f0233387d20>,65,19,[ 3 12],66,-1,85,-1,66
1,<environment.Job instance at 0x7f0233387f50>,66,21,[ 1 11],67,-1,88,-1,67
1,<environment.Job instance at 0x7f02332ea3c0>,67,26,[ 1 11],68,-1,94,-1,68
1,<environment.Job instance at 0x7f02332ea140>,68,17,[13  5],69,-1,86,-1,69
1,<environment.Job instance at 0x7f02332eaf50>,69,21,[ 2 12],70,-1,91,-1,70
1,<environment.Job instance at 0x7f02332ea820>,70,25,[ 2 12],71,-1,96,-1,71
1,<environment.Job instance at 0x7f02332ea2d0>,71,20,[ 5 13],72,-1,92,-1,72
1,<environment.Job instance at 0x7f023333d460>,72,26,[1 6],73,-1,99,-1,73
1,<environment.Job instance at 0x7f023333d280>,73,28,[ 1 13],74,-1,102,-1,74
1,<environment.Job instance at 0x7f023333d0f0>,74,26,[12  2],75,-1,101,-1,75
1,<environment.Job instance at 0x7f023333d190>,75,21,[ 3 11],76,-1,97,-1,76
1,<environment.Job instance at 0x7f023333d910>,76,21,[ 5 14],77,-1,98,-1,77
1,<environment.Job instance at 0x7f023333de10>,77,19,[ 5 12],78,-1,97,-1,78
1,<environment.Job instance at 0x7f023329a1e0>,78,28,[3 8],79,-1,107,-1,79
1,<environment.Job instance at 0x7f023329a2d0>,79,22,[14  5],80,-1,102,-1,80
1,<environment.Job instance at 0x7f023389bd70>,1,26,[13  1],2,-1,28,-1,2
1,<environment.Job instance at 0x7f02330df780>,2,25,[12  2],3,-1,28,-1,3
1,<environment.Job instance at 0x7f02330dfa00>,3,21,[13  5],4,-1,25,-1,4
1,<environment.Job instance at 0x7f02330df370>,4,25,[11  2],5,-1,30,-1,5
1,<environment.Job instance at 0x7f02330dfa50>,5,24,[11  4],6,-1,30,-1,6
1,<environment.Job instance at 0x7f02330df050>,6,16,[ 4 14],7,-1,23,-1,7
1,<environment.Job instance at 0x7f02330dfb90>,7,28,[8 4],8,-1,36,-1,8
1,<environment.Job instance at 0x7f02330dfdc0>,8,20,[12  1],9,-1,29,-1,9
1,<environment.Job instance at 0x7f02330dfcd0>,9,28,[ 4 12],10,-1,38,-1,10
1,<environment.Job instance at 0x7f02330df6e0>,10,18,[12  2],11,-1,29,-1,11
1,<environment.Job instance at 0x7f02330df3c0>,12,25,[13  2],13,-1,38,-1,13
1,<environment.Job instance at 0x7f02330dfe10>,13,26,[ 5 11],14,-1,40,-1,14
1,<environment.Job instance at 0x7f02330df0a0>,16,26,[ 4 12],17,-1,43,-1,17
1,<environment.Job instance at 0x7f0232fabf50>,17,19,[12  5],18,-1,37,-1,18
1,<environment.Job instance at 0x7f0232fabd20>,19,20,[ 1 13],20,-1,40,-1,20
1,<environment.Job instance at 0x7f0232fab7d0>,20,19,[13  2],21,-1,40,-1,21
1,<environment.Job instance at 0x7f0232fab730>,21,28,[11  2],22,-1,50,-1,22
1,<environment.Job instance at 0x7f0232fab6e0>,22,28,[13  5],23,-1,51,-1,23
1,<environment.Job instance at 0x7f0232fab870>,23,20,[ 5 11],24,-1,44,-1,24
1,<environment.Job instance at 0x7f0232faba50>,24,15,[12  1],25,-1,40,-1,25
1,<environment.Job instance at 0x7f0232faba00>,25,21,[ 1 12],26,-1,47,-1,26
1,<environment.Job instance at 0x7f0232fabb40>,26,19,[14  5],27,-1,46,-1,27
1,<environment.Job instance at 0x7f02330dfd70>,18,23,[7 4],19,-1,50,-1,27
1,<environment.Job instance at 0x7f0232fab550>,27,25,[ 3 12],28,-1,53,-1,28
1,<environment.Job instance at 0x7f0232fab9b0>,28,28,[12  5],29,-1,57,-1,29
1,<environment.Job instance at 0x7f0232fabaf0>,30,20,[13  4],31,-1,51,-1,31
1,<environment.Job instance at 0x7f0232fabaa0>,31,27,[14  3],32,-1,59,-1,32
1,<environment.Job instance at 0x7f0232fab0f0>,33,26,[ 4 12],34,-1,60,-1,34
1,<environment.Job instance at 0x7f0232fad190>,34,26,[8 3],35,-1,61,-1,35
1,<environment.Job instance at 0x7f0232fad370>,35,23,[12  1],36,-1,59,-1,36
1,<environment.Job instance at 0x7f0232fad640>,36,19,[ 2 13],37,-1,56,-1,37
1,<environment.Job instance at 0x7f0232fade10>,38,22,[ 1 13],39,-1,61,-1,39
1,<environment.Job instance at 0x7f0232fad870>,39,24,[ 2 14],40,-1,64,-1,40
1,<environment.Job instance at 0x7f0232fad9b0>,40,23,[ 2 14],41,-1,64,-1,41
1,<environment.Job instance at 0x7f0232fad7d0>,41,23,[13  3],42,-1,65,-1,42
1,<environment.Job instance at 0x7f0232fad820>,42,25,[10  5],43,-1,68,-1,43
1,<environment.Job instance at 0x7f0232fadaa0>,43,20,[13  5],44,-1,64,-1,44
1,<environment.Job instance at 0x7f0232fad5a0>,37,22,[11  1],38,-1,66,-1,44
1,<environment.Job instance at 0x7f0232fad3c0>,44,24,[14  3],45,-1,69,-1,45
1,<environment.Job instance at 0x7f02344d6230>,45,23,[13  5],46,-1,69,-1,46
1,<environment.Job instance at 0x7f023448fc30>,46,21,[12  3],47,-1,68,-1,47
1,<environment.Job instance at 0x7f0233a11a50>,48,28,[ 4 11],49,-1,77,-1,49
1,<environment.Job instance at 0x7f023448f230>,47,19,[13  4],48,-1,68,-1,49
1,<environment.Job instance at 0x7f023448f780>,49,25,[ 4 12],50,-1,75,-1,50
1,<environment.Job instance at 0x7f0233ad3640>,50,22,[14  1],51,-1,73,-1,51
1,<environment.Job instance at 0x7f0233ad3280>,51,25,[7 3],52,-1,77,-1,52
1,<environment.Job instance at 0x7f0233567550>,52,27,[ 4 13],53,-1,80,-1,53
1,<environment.Job instance at 0x7f0233ace500>,53,26,[14  4],54,-1,80,-1,54
1,<environment.Job instance at 0x7f0233acec30>,54,26,[9 1],55,-1,81,-1,55
1,<environment.Job instance at 0x7f0233de6af0>,57,27,[ 1 14],58,-1,85,-1,58
1,<environment.Job instance at 0x7f02336b1500>,58,21,[2 9],59,-1,81,-1,60
1,<environment.Job instance at 0x7f02336b1d70>,60,15,[12  2],61,-1,76,-1,61
1,<environment.Job instance at 0x7f02336b1c80>,61,20,[11  2],62,-1,82,-1,62
1,<environment.Job instance at 0x7f02336b10f0>,62,25,[ 2 13],63,-1,88,-1,63
1,<environment.Job instance at 0x7f02336b18c0>,63,21,[ 2 13],64,-1,85,-1,64
1,<environment.Job instance at 0x7f02336b1910>,64,22,[4 8],65,-1,110,-1,88
1,<environment.Job instance at 0x7f0232fd3050>,2,20,[ 4 12],3,-1,23,-1,3
1,<environment.Job instance at 0x7f0232fd3460>,3,25,[ 4 14],4,-1,29,-1,4
1,<environment.Job instance at 0x7f0232fd38c0>,4,24,[7 2],5,-1,29,-1,5
1,<environment.Job instance at 0x7f02338d2c80>,7,25,[ 2 13],8,-1,33,-1,8
1,<environment.Job instance at 0x7f0233419730>,8,15,[12  4],9,-1,24,-1,9
1,<environment.Job instance at 0x7f0233203d70>,9,19,[ 1 14],10,-1,29,-1,10
1,<environment.Job instance at 0x7f02332038c0>,10,26,[13  4],11,-1,37,-1,11
1,<environment.Job instance at 0x7f0233203870>,11,22,[13  4],12,-1,34,-1,12
1,<environment.Job instance at 0x7f0233203c30>,12,24,[12  4],13,-1,37,-1,13
1,<environment.Job instance at 0x7f0233203aa0>,13,27,[13  3],14,-1,41,-1,14
1,<environment.Job instance at 0x7f0232f79640>,15,23,[ 2 11],16,-1,39,-1,16
1,<environment.Job instance at 0x7f0233203230>,16,20,[ 3 14],17,-1,37,-1,17
1,<environment.Job instance at 0x7f0233203780>,17,19,[13  1],18,-1,37,-1,18
1,<environment.Job instance at 0x7f02334e5870>,18,15,[12  4],19,-1,34,-1,19
1,<environment.Job instance at 0x7f02334e5050>,19,25,[12  5],20,-1,45,-1,20
1,<environment.Job instance at 0x7f02334e53c0>,20,20,[ 5 13],21,-1,41,-1,21
1,<environment.Job instance at 0x7f02334e06e0>,21,24,[ 2 13],22,-1,46,-1,22
1,<environment.Job instance at 0x7f02331b1b40>,23,22,[ 2 12],24,-1,46,-1,24
1,<environment.Job instance at 0x7f0233299e10>,24,20,[12  3],25,-1,45,-1,25
1,<environment.Job instance at 0x7f02333a65a0>,25,19,[12  5],26,-1,45,-1,26
1,<environment.Job instance at 0x7f02332a4af0>,26,15,[ 5 14],27,-1,42,-1,27
1,<environment.Job instance at 0x7f02332a45a0>,27,15,[11  1],28,-1,43,-1,28
1,<environment.Job instance at 0x7f02332a4550>,28,20,[ 4 14],29,-1,49,-1,29
1,<environment.Job instance at 0x7f02332a41e0>,29,20,[14  2],30,-1,50,-1,30
1,<environment.Job instance at 0x7f02334e5370>,30,25,[8 5],31,-1,56,-1,31
1,<environment.Job instance at 0x7f02333b8730>,31,24,[ 1 12],32,-1,56,-1,32
1,<environment.Job instance at 0x7f0232fd8d20>,32,21,[ 5 11],33,-1,54,-1,33
1,<environment.Job instance at 0x7f0232fd8050>,33,24,[ 2 14],34,-1,58,-1,34
1,<environment.Job instance at 0x7f0233289690>,35,25,[7 1],36,-1,61,-1,36
1,<environment.Job instance at 0x7f0232f3c780>,36,24,[12  5],37,-1,61,-1,37
1,<environment.Job instance at 0x7f0232f3c140>,34,24,[11  1],35,-1,61,-1,37
1,<environment.Job instance at 0x7f0233066050>,38,22,[ 1 11],39,-1,61,-1,39
1,<environment.Job instance at 0x7f0232fcbdc0>,39,23,[ 5 12],40,-1,63,-1,40
1,<environment.Job instance at 0x7f0233f40e60>,40,27,[ 4 14],41,-1,68,-1,41
1,<environment.Job instance at 0x7f0233f40aa0>,41,23,[ 2 11],42,-1,65,-1,42
1,<environment.Job instance at 0x7f0233f40640>,42,28,[ 4 12],43,-1,71,-1,43
1,<environment.Job instance at 0x7f0233f40780>,43,22,[13  1],44,-1,66,-1,44
1,<environment.Job instance at 0x7f0233f40370>,44,25,[3 6],45,-1,70,-1,45
1,<environment.Job instance at 0x7f0233f40a50>,45,17,[11  2],46,-1,63,-1,46
1,<environment.Job instance at 0x7f0233f402d0>,46,22,[ 3 13],47,-1,69,-1,47
1,<environment.Job instance at 0x7f0233f40280>,47,20,[13  4],48,-1,68,-1,48
1,<environment.Job instance at 0x7f0233f40d70>,48,19,[13  4],49,-1,68,-1,49
1,<environment.Job instance at 0x7f0233f407d0>,49,16,[ 2 12],50,-1,66,-1,50
1,<environment.Job instance at 0x7f0233501f50>,50,12,[ 4 14],51,-1,63,-1,51
1,<environment.Job instance at 0x7f02335018c0>,51,20,[ 5 13],52,-1,72,-1,52
1,<environment.Job instance at 0x7f02335012d0>,53,26,[12  4],54,-1,80,-1,54
1,<environment.Job instance at 0x7f0233501690>,54,26,[ 5 12],55,-1,81,-1,55
1,<environment.Job instance at 0x7f0233501280>,55,22,[ 1 11],56,-1,78,-1,56
1,<environment.Job instance at 0x7f0233501c30>,56,23,[14  5],57,-1,80,-1,57
1,<environment.Job instance at 0x7f0233501dc0>,57,22,[ 2 11],58,-1,80,-1,58
1,<environment.Job instance at 0x7f0233501be0>,58,22,[13  5],59,-1,81,-1,59
1,<environment.Job instance at 0x7f023337bcd0>,59,19,[11  1],60,-1,79,-1,60
1,<environment.Job instance at 0x7f023337bc80>,60,27,[11  5],61,-1,88,-1,61
1,<environment.Job instance at 0x7f023337ba50>,61,16,[ 3 14],62,-1,78,-1,62
1,<environment.Job instance at 0x7f0232f38c80>,62,16,[14  1],63,-1,79,-1,63
1,<environment.Job instance at 0x7f0232f38d20>,63,19,[ 5 12],64,-1,83,-1,64
1,<environment.Job instance at 0x7f023337c730>,64,25,[ 5 13],65,-1,90,-1,65
1,<environment.Job instance at 0x7f0233291d20>,65,26,[13  4],66,-1,92,-1,66
1,<environment.Job instance at 0x7f02332910f0>,66,21,[ 4 14],67,-1,88,-1,67
1,<environment.Job instance at 0x7f023334b500>,67,25,[ 3 12],68,-1,93,-1,68
1,<environment.Job instance at 0x7f023334b5a0>,68,27,[14  3],69,-1,96,-1,69
1,<environment.Job instance at 0x7f0232f720a0>,70,14,[14  4],71,-1,85,-1,71
1,<environment.Job instance at 0x7f023388ff00>,71,28,[13  2],72,-1,100,-1,72
1,<environment.Job instance at 0x7f0233229af0>,72,28,[ 5 14],73,-1,101,-1,73
1,<environment.Job instance at 0x7f02332a2d20>,74,14,[12  4],75,-1,89,-1,75
1,<environment.Job instance at 0x7f02332a2550>,75,25,[12  4],76,-1,101,-1,76
1,<environment.Job instance at 0x7f0233840640>,76,20,[ 3 14],77,-1,97,-1,77
1,<environment.Job instance at 0x7f02338401e0>,77,28,[ 3 14],78,-1,106,-1,78
1,<environment.Job instance at 0x7f0232fcdc80>,78,28,[11  5],79,-1,107,-1,79
1,<environment.Job instance at 0x7f023328ab90>,79,24,[8 4],80,-1,104,-1,80
1,<environment.Job instance at 0x7f023332e5f0>,81,20,[12  3],82,-1,102,-1,82
1,<environment.Job instance at 0x7f023332e230>,82,25,[13  2],83,-1,108,-1,83
1,<environment.Job instance at 0x7f023332ef50>,83,14,[14  3],84,-1,98,-1,84
1,<environment.Job instance at 0x7f02334123c0>,84,16,[13  2],85,-1,101,-1,85
1,<environment.Job instance at 0x7f02334127d0>,85,26,[13  5],86,-1,112,-1,86
1,<environment.Job instance at 0x7f0233412b90>,86,24,[ 3 12],87,-1,111,-1,87
1,<environment.Job instance at 0x7f0233412a50>,87,23,[ 3 11],88,-1,111,-1,88
1,<environment.Job instance at 0x7f0233412af0>,88,22,[11  4],89,-1,111,-1,89
1,<environment.Job instance at 0x7f0233412370>,89,21,[12  3],90,-1,111,-1,90
1,<environment.Job instance at 0x7f0233297c80>,90,12,[ 5 14],91,-1,103,-1,91
1,<environment.Job instance at 0x7f0233297b40>,91,23,[12  5],92,-1,115,-1,92
1,<environment.Job instance at 0x7f0233297820>,93,23,[ 5 11],94,-1,117,-1,94
1,<environment.Job instance at 0x7f0233297f00>,94,25,[13  5],95,-1,120,-1,95
1,<environment.Job instance at 0x7f0233297e60>,95,19,[ 5 13],96,-1,115,-1,96
1,<environment.Job instance at 0x7f0233297320>,96,15,[ 4 12],97,-1,112,-1,97
1,<environment.Job instance at 0x7f02332979b0>,97,28,[ 5 10],98,-1,126,-1,98
1,<environment.Job instance at 0x7f0233297190>,2,28,[2 8],3,-1,31,-1,3
1,<environment.Job instance at 0x7f0232e0a6e0>,3,24,[13  5],4,-1,28,-1,4
1,<environment.Job instance at 0x7f0232e0a5f0>,4,17,[ 4 13],5,-1,22,-1,5
1,<environment.Job instance at 0x7f0232e0a730>,5,21,[13  4],6,-1,27,-1,6
1,<environment.Job instance at 0x7f0232e0a7d0>,6,22,[ 5 12],7,-1,29,-1,7
1,<environment.Job instance at 0x7f0232e0a870>,7,13,[ 4 11],8,-1,21,-1,8
1,<environment.Job instance at 0x7f0232e0a910>,8,15,[14  2],9,-1,24,-1,9
1,<environment.Job instance at 0x7f0232e0a9b0>,9,26,[ 1 13],10,-1,36,-1,10
1,<environment.Job instance at 0x7f02334d1a50>,11,27,[ 2 12],12,-1,39,-1,12
1,<environment.Job instance at 0x7f0232e0aaf0>,12,17,[14  5],13,-1,30,-1,13
1,<environment.Job instance at 0x7f0232e0acd0>,13,24,[13  3],14,-1,38,-1,14
1,<environment.Job instance at 0x7f0232e0ad70>,14,22,[12  3],15,-1,37,-1,15
1,<environment.Job instance at 0x7f0232e0adc0>,15,14,[ 5 12],16,-1,30,-1,16
1,<environment.Job instance at 0x7f0232e0ae60>,16,16,[ 5 11],17,-1,33,-1,17
1,<environment.Job instance at 0x7f0232e0afa0>,18,20,[ 1 12],19,-1,39,-1,19
1,<environment.Job instance at 0x7f0232e0ac30>,20,20,[14  2],21,-1,41,-1,21
1,<environment.Job instance at 0x7f0232e0c1e0>,19,21,[14  1],20,-1,42,-1,21
1,<environment.Job instance at 0x7f0232e0c230>,22,17,[ 3 10],23,-1,41,-1,24
1,<environment.Job instance at 0x7f0232e0c640>,26,22,[ 4 14],27,-1,53,-1,31
1,<environment.Job instance at 0x7f0232e0c6e0>,27,20,[11  4],28,-1,51,-1,31
1,<environment.Job instance at 0x7f0232e0c780>,28,23,[14  4],29,-1,54,-1,31
1,<environment.Job instance at 0x7f0232e0c820>,29,19,[ 3 14],30,-1,50,-1,31
1,<environment.Job instance at 0x7f0232e0c8c0>,30,21,[14  2],31,-1,52,-1,31
1,<environment.Job instance at 0x7f0232e0c500>,31,24,[14  2],32,-1,56,-1,32
1,<environment.Job instance at 0x7f0232e0c9b0>,32,21,[ 5 11],33,-1,54,-1,33
1,<environment.Job instance at 0x7f0232e0ca50>,33,20,[ 2 12],34,-1,54,-1,34
1,<environment.Job instance at 0x7f0232e0caa0>,34,23,[ 4 11],35,-1,58,-1,35
1,<environment.Job instance at 0x7f0232e0cb40>,35,24,[3 8],36,-1,60,-1,36
1,<environment.Job instance at 0x7f0232e0cbe0>,36,23,[ 3 13],37,-1,60,-1,37
1,<environment.Job instance at 0x7f0232e0cc80>,37,21,[14  4],38,-1,59,-1,38
1,<environment.Job instance at 0x7f0232e0cdc0>,39,24,[ 3 12],40,-1,64,-1,40
1,<environment.Job instance at 0x7f0232e0ce10>,42,22,[ 5 13],43,-1,89,-1,67
1,<environment.Job instance at 0x7f0232e0f050>,43,20,[14  4],44,-1,87,-1,67
1,<environment.Job instance at 0x7f0232e0f190>,44,23,[11  1],45,-1,90,-1,67
1,<environment.Job instance at 0x7f0232e0f1e0>,45,25,[5 8],46,-1,92,-1,67
1,<environment.Job instance at 0x7f0232e0f0a0>,46,27,[13  4],47,-1,94,-1,67
1,<environment.Job instance at 0x7f0232e0f320>,47,21,[ 3 11],48,-1,88,-1,67
1,<environment.Job instance at 0x7f0232e0f3c0>,48,14,[12  4],49,-1,81,-1,67
1,<environment.Job instance at 0x7f0232e0f460>,49,12,[12  3],50,-1,79,-1,67
1,<environment.Job instance at 0x7f0232e0f550>,50,26,[ 3 12],51,-1,93,-1,67
1,<environment.Job instance at 0x7f0232e0f500>,51,12,[11  4],52,-1,79,-1,67
1,<environment.Job instance at 0x7f0232e0f6e0>,52,23,[ 2 11],53,-1,90,-1,67
1,<environment.Job instance at 0x7f0232e0f7d0>,53,14,[ 5 12],54,-1,81,-1,67
1,<environment.Job instance at 0x7f0232e0f640>,54,19,[11  3],55,-1,86,-1,67
1,<environment.Job instance at 0x7f0232e0f8c0>,55,28,[ 2 11],56,-1,95,-1,67
1,<environment.Job instance at 0x7f0232e0f910>,56,24,[ 1 13],57,-1,91,-1,67
1,<environment.Job instance at 0x7f0232e0fa00>,57,25,[ 5 13],58,-1,92,-1,67
1,<environment.Job instance at 0x7f0232e0fa50>,58,19,[11  3],59,-1,86,-1,67
1,<environment.Job instance at 0x7f0232e0f870>,59,24,[8 2],60,-1,91,-1,67
1,<environment.Job instance at 0x7f0232e0fb90>,60,21,[ 2 12],61,-1,88,-1,67
1,<environment.Job instance at 0x7f0232e0fc30>,61,23,[ 2 12],62,-1,90,-1,67
1,<environment.Job instance at 0x7f0232e0fcd0>,62,14,[ 4 10],63,-1,81,-1,67
1,<environment.Job instance at 0x7f0232e0fd70>,63,26,[ 5 11],64,-1,93,-1,67
1,<environment.Job instance at 0x7f0232e0fe10>,64,19,[14  5],65,-1,86,-1,67
1,<environment.Job instance at 0x7f0232e0feb0>,65,21,[13  5],66,-1,88,-1,67
1,<environment.Job instance at 0x7f0232e0ff50>,66,24,[ 5 12],67,-1,91,-1,67
1,<environment.Job instance at 0x7f0232e540a0>,67,19,[12  2],68,-1,87,-1,68
1,<environment.Job instance at 0x7f0232dffc80>,68,22,[ 5 11],69,-1,91,-1,69
1,<environment.Job instance at 0x7f0232dffbe0>,69,26,[ 4 13],70,-1,96,-1,70
1,<environment.Job instance at 0x7f0232dff280>,70,27,[ 2 12],71,-1,98,-1,71
1,<environment.Job instance at 0x7f0232dff820>,71,19,[13  2],72,-1,91,-1,72
1,<environment.Job instance at 0x7f0232dff870>,72,12,[11  2],73,-1,85,-1,73
1,<environment.Job instance at 0x7f0232dff550>,74,14,[5 1],75,-1,93,-1,79
1,<environment.Job instance at 0x7f0232dff410>,76,26,[7 3],77,-1,111,-1,85
1,<environment.Job instance at 0x7f0232dff640>,77,25,[ 1 13],78,-1,110,-1,85
1,<environment.Job instance at 0x7f0232dfec30>,78,22,[ 1 12],79,-1,107,-1,85
1,<environment.Job instance at 0x7f0232dfeeb0>,79,26,[11  4],80,-1,111,-1,85
1,<environment.Job instance at 0x7f0232dfe690>,80,22,[8 2],81,-1,107,-1,85
1,<environment.Job instance at 0x7f0232dfed70>,81,17,[11  1],82,-1,102,-1,85
1,<environment.Job instance at 0x7f0232dfeaf0>,82,20,[ 1 11],83,-1,105,-1,85
1,<environment.Job instance at 0x7f0232dfe320>,83,19,[13  2],84,-1,104,-1,85
1,<environment.Job instance at 0x7f0232dfea50>,84,19,[ 1 11],85,-1,104,-1,85
1,<environment.Job instance at 0x7f0232dfeb40>,85,20,[13  5],86,-1,106,-1,86
1,<environment.Job instance at 0x7f0232dfea00>,86,27,[ 1 14],87,-1,114,-1,87
1,<environment.Job instance at 0x7f0232dfe500>,87,26,[12  3],88,-1,114,-1,88
1,<environment.Job instance at 0x7f0232dfe0a0>,88,24,[11  3],89,-1,113,-1,89
1,<environment.Job instance at 0x7f0232dfe460>,89,25,[13  2],90,-1,115,-1,90
1,<environment.Job instance at 0x7f0232dfe730>,90,20,[ 5 14],91,-1,111,-1,91
1,<environment.Job instance at 0x7f0232dfe960>,91,22,[ 5 14],92,-1,114,-1,92
1,<environment.Job instance at 0x7f0232dfe870>,92,25,[ 3 12],93,-1,118,-1,93
1,<environment.Job instance at 0x7f0232dfe410>,93,28,[ 1 12],94,-1,122,-1,94
1,<environment.Job instance at 0x7f0232dfe190>,94,20,[ 1 14],95,-1,115,-1,95
1,<environment.Job instance at 0x7f0232e5ef00>,95,26,[ 3 12],96,-1,122,-1,96
1,<environment.Job instance at 0x7f0232e420f0>,96,16,[ 3 12],97,-1,113,-1,97
1,<environment.Job instance at 0x7f0232e427d0>,97,14,[13  3],98,-1,112,-1,98
1,<environment.Job instance at 0x7f0232e0c410>,2,16,[ 5 13],3,-1,19,-1,3
1,<environment.Job instance at 0x7f0232e3a050>,4,21,[ 4 14],5,-1,26,-1,5
1,<environment.Job instance at 0x7f0232e426e0>,11,23,[9 1],12,-1,53,-1,30
1,<environment.Job instance at 0x7f0232e42910>,12,26,[8 1],13,-1,56,-1,30
1,<environment.Job instance at 0x7f0232e42280>,13,19,[11  5],14,-1,49,-1,30
1,<environment.Job instance at 0x7f0232e42cd0>,14,28,[11  3],15,-1,58,-1,30
1,<environment.Job instance at 0x7f0232e42be0>,15,28,[5 1],16,-1,58,-1,30
1,<environment.Job instance at 0x7f0232e42960>,16,19,[ 1 14],17,-1,49,-1,30
1,<environment.Job instance at 0x7f0232e42410>,17,22,[ 4 11],18,-1,52,-1,30
1,<environment.Job instance at 0x7f0232e42190>,18,28,[6 1],19,-1,58,-1,30
1,<environment.Job instance at 0x7f0232e420a0>,19,21,[13  2],20,-1,51,-1,30
1,<environment.Job instance at 0x7f0232e42e10>,20,20,[14  3],21,-1,50,-1,30
1,<environment.Job instance at 0x7f0232e42f00>,21,22,[12  2],22,-1,52,-1,30
1,<environment.Job instance at 0x7f0232e42690>,22,14,[ 3 14],23,-1,44,-1,30
1,<environment.Job instance at 0x7f0232e42370>,23,12,[ 3 12],24,-1,42,-1,30
1,<environment.Job instance at 0x7f0232e42af0>,24,25,[12  2],25,-1,55,-1,30
1,<environment.Job instance at 0x7f0232e42500>,25,24,[14  4],26,-1,54,-1,30
1,<environment.Job instance at 0x7f0232e42aa0>,26,21,[ 2 12],27,-1,51,-1,30
1,<environment.Job instance at 0x7f0232e42460>,27,26,[13  5],28,-1,56,-1,30
1,<environment.Job instance at 0x7f0232e55af0>,28,24,[ 2 10],29,-1,54,-1,30
1,<environment.Job instance at 0x7f0232e559b0>,30,27,[12  2],31,-1,77,-1,50
1,<environment.Job instance at 0x7f0232e55190>,31,25,[12  4],32,-1,75,-1,50
1,<environment.Job instance at 0x7f0232e55870>,32,27,[7 2],33,-1,77,-1,50
1,<environment.Job instance at 0x7f0232e55410>,33,24,[ 2 13],34,-1,74,-1,50
1,<environment.Job instance at 0x7f0232e55b40>,34,19,[11  1],35,-1,69,-1,50
1,<environment.Job instance at 0x7f0232e557d0>,35,23,[ 3 14],36,-1,73,-1,50
1,<environment.Job instance at 0x7f0232e552d0>,36,14,[ 4 13],37,-1,64,-1,50
1,<environment.Job instance at 0x7f0232e55aa0>,37,27,[ 4 12],38,-1,77,-1,50
1,<environment.Job instance at 0x7f0232e55910>,38,20,[10  3],39,-1,70,-1,50
1,<environment.Job instance at 0x7f0232e55550>,39,22,[ 2 13],40,-1,72,-1,50
1,<environment.Job instance at 0x7f0232e55a50>,40,19,[ 4 13],41,-1,69,-1,50
1,<environment.Job instance at 0x7f0232e55a00>,41,19,[13  4],42,-1,69,-1,50
1,<environment.Job instance at 0x7f0232e558c0>,42,19,[14  3],43,-1,69,-1,50
1,<environment.Job instance at 0x7f0232e55d70>,43,15,[ 1 12],44,-1,65,-1,50
1,<environment.Job instance at 0x7f0232e55be0>,44,21,[ 5 14],45,-1,71,-1,50
1,<environment.Job instance at 0x7f0232e55960>,45,16,[11  2],46,-1,66,-1,50
1,<environment.Job instance at 0x7f0232e55690>,46,25,[12  3],47,-1,75,-1,50
1,<environment.Job instance at 0x7f0232e5e5f0>,47,22,[ 5 13],48,-1,72,-1,50
1,<environment.Job instance at 0x7f0232e5e140>,48,18,[7 5],49,-1,78,-1,60
1,<environment.Job instance at 0x7f0232e5e730>,49,28,[2 9],50,-1,88,-1,60
1,<environment.Job instance at 0x7f0232e5ecd0>,50,25,[14  3],51,-1,85,-1,60
1,<environment.Job instance at 0x7f0232e5e780>,51,25,[5 3],52,-1,85,-1,60
1,<environment.Job instance at 0x7f0232e5e320>,52,28,[11  5],53,-1,88,-1,60
1,<environment.Job instance at 0x7f0232e5e550>,53,15,[ 2 12],54,-1,75,-1,60
1,<environment.Job instance at 0x7f0232e5e9b0>,54,16,[ 4 11],55,-1,76,-1,60
1,<environment.Job instance at 0x7f0232e5ef50>,55,18,[11  1],56,-1,78,-1,60
1,<environment.Job instance at 0x7f0232e5e870>,56,24,[ 5 13],57,-1,84,-1,60
1,<environment.Job instance at 0x7f0232e5eb40>,57,22,[ 5 13],58,-1,82,-1,60
1,<environment.Job instance at 0x7f0232e5ed20>,58,19,[ 3 12],59,-1,79,-1,60
1,<environment.Job instance at 0x7f0232e5e0a0>,59,17,[14  4],60,-1,77,-1,60
1,<environment.Job instance at 0x7f0232e5ebe0>,60,26,[13  3],61,-1,87,-1,61
1,<environment.Job instance at 0x7f0232e5e370>,61,14,[11  3],62,-1,76,-1,62
1,<environment.Job instance at 0x7f0232e5ec30>,62,20,[ 4 14],63,-1,83,-1,63
1,<environment.Job instance at 0x7f0232e5e7d0>,63,19,[3 9],64,-1,84,-1,65
1,<environment.Job instance at 0x7f0232e5eb90>,64,21,[ 1 12],65,-1,86,-1,65
1,<environment.Job instance at 0x7f0232e5eaa0>,65,15,[11  5],66,-1,81,-1,66
1,<environment.Job instance at 0x7f0232e5e2d0>,66,20,[ 2 11],67,-1,87,-1,67
1,<environment.Job instance at 0x7f0232e5e6e0>,67,26,[ 1 12],68,-1,94,-1,68
1,<environment.Job instance at 0x7f0232e5ed70>,68,28,[12  2],69,-1,97,-1,69
1,<environment.Job instance at 0x7f0232e645f0>,69,23,[14  1],70,-1,93,-1,70
1,<environment.Job instance at 0x7f0232e64870>,70,28,[11  1],71,-1,99,-1,71
1,<environment.Job instance at 0x7f0232e64f00>,71,18,[ 1 13],72,-1,90,-1,72
1,<environment.Job instance at 0x7f0232e640f0>,72,27,[ 5 12],73,-1,100,-1,73
1,<environment.Job instance at 0x7f0232e64c80>,73,21,[ 1 14],74,-1,95,-1,74
1,<environment.Job instance at 0x7f0232e648c0>,74,22,[14  2],75,-1,97,-1,75
1,<environment.Job instance at 0x7f0232e64780>,75,14,[12  4],76,-1,90,-1,76
1,<environment.Job instance at 0x7f0232e64280>,76,18,[11  5],77,-1,95,-1,77
1,<environment.Job instance at 0x7f0232e64410>,77,20,[12  5],78,-1,98,-1,78
1,<environment.Job instance at 0x7f0232e64d20>,78,27,[14  4],79,-1,106,-1,79
1,<environment.Job instance at 0x7f0232e64500>,79,27,[14  4],80,-1,107,-1,80
1,<environment.Job instance at 0x7f0232e64050>,80,19,[14  1],81,-1,100,-1,81
1,<environment.Job instance at 0x7f0232e64320>,81,14,[12  2],82,-1,96,-1,82
1,<environment.Job instance at 0x7f0232e64640>,82,21,[ 5 14],83,-1,104,-1,83
1,<environment.Job instance at 0x7f0232e640a0>,83,24,[7 2],84,-1,108,-1,84
1,<environment.Job instance at 0x7f0232e64960>,84,27,[14  1],85,-1,112,-1,85
1,<environment.Job instance at 0x7f0232e64230>,85,28,[ 2 14],86,-1,114,-1,86
1,<environment.Job instance at 0x7f0232e64eb0>,86,21,[ 2 12],87,-1,108,-1,87
1,<environment.Job instance at 0x7f0232e64a00>,87,27,[ 2 11],88,-1,115,-1,88
1,<environment.Job instance at 0x7f0232e64730>,88,27,[ 1 11],89,-1,116,-1,89
1,<environment.Job instance at 0x7f0232e649b0>,89,26,[ 2 14],90,-1,116,-1,90
1,<environment.Job instance at 0x7f0232e64550>,90,25,[12  5],91,-1,116,-1,91
1,<environment.Job instance at 0x7f0232e64e10>,91,19,[ 4 14],92,-1,111,-1,92
1,<environment.Job instance at 0x7f0232e64fa0>,92,19,[ 5 13],93,-1,112,-1,93
1,<environment.Job instance at 0x7f0232e54050>,93,24,[ 4 11],94,-1,118,-1,94
1,<environment.Job instance at 0x7f0232e54c80>,94,26,[11  4],95,-1,121,-1,95
1,<environment.Job instance at 0x7f0232e54550>,95,28,[2 7],96,-1,124,-1,96
1,<environment.Job instance at 0x7f0232e54780>,96,22,[11  4],97,-1,119,-1,97
1,<environment.Job instance at 0x7f0232e544b0>,97,26,[12  5],98,-1,124,-1,98
1,<environment.Job instance at 0x7f0232e54960>,98,25,[ 4 14],99,-1,124,-1,99
1,<environment.Job instance at 0x7f0232e54f00>,2,21,[ 4 11],3,-1,24,-1,3
1,<environment.Job instance at 0x7f0233b7b780>,3,27,[ 5 14],4,-1,31,-1,4
1,<environment.Job instance at 0x7f0233dee780>,4,25,[14  3],5,-1,30,-1,5
1,<environment.Job instance at 0x7f0232e54960>,6,19,[ 1 13],7,-1,26,-1,7
1,<environment.Job instance at 0x7f0233deebe0>,7,26,[10  3],8,-1,34,-1,8
1,<environment.Job instance at 0x7f0233dee910>,8,23,[ 2 11],9,-1,32,-1,9
1,<environment.Job instance at 0x7f0233deecd0>,9,25,[ 5 11],10,-1,35,-1,10
1,<environment.Job instance at 0x7f0233dee6e0>,10,27,[11  5],11,-1,38,-1,11
1,<environment.Job instance at 0x7f0233deef00>,11,17,[12  5],12,-1,29,-1,12
1,<environment.Job instance at 0x7f0233deeeb0>,12,24,[7 1],13,-1,37,-1,13
1,<environment.Job instance at 0x7f0233deee10>,13,21,[11  1],14,-1,35,-1,14
1,<environment.Job instance at 0x7f0233dee410>,14,21,[12  4],15,-1,36,-1,15
1,<environment.Job instance at 0x7f0233dee1e0>,15,26,[11  4],16,-1,42,-1,16
1,<environment.Job instance at 0x7f0233dee9b0>,16,21,[12  4],17,-1,38,-1,17
1,<environment.Job instance at 0x7f0233dee230>,17,26,[ 1 13],18,-1,44,-1,18
1,<environment.Job instance at 0x7f0233dee7d0>,18,26,[ 1 12],19,-1,45,-1,19
1,<environment.Job instance at 0x7f0233dee0f0>,19,19,[11  4],20,-1,39,-1,20
1,<environment.Job instance at 0x7f02344bc190>,20,23,[11  3],21,-1,44,-1,21
1,<environment.Job instance at 0x7f02344bc1e0>,21,23,[ 4 10],22,-1,45,-1,22
1,<environment.Job instance at 0x7f02344bcf50>,22,12,[11  4],23,-1,35,-1,23
1,<environment.Job instance at 0x7f02344bca00>,23,24,[11  5],24,-1,48,-1,24
1,<environment.Job instance at 0x7f02344bcfa0>,24,21,[ 3 13],25,-1,46,-1,25
1,<environment.Job instance at 0x7f02344bc780>,25,15,[11  4],26,-1,41,-1,26
1,<environment.Job instance at 0x7f02344bc050>,26,28,[ 5 11],27,-1,55,-1,27
1,<environment.Job instance at 0x7f02344bc370>,27,28,[1 5],28,-1,57,-1,29
1,<environment.Job instance at 0x7f02344bceb0>,29,21,[ 3 12],30,-1,51,-1,30
1,<environment.Job instance at 0x7f02344bcc80>,30,25,[12  3],31,-1,56,-1,31
1,<environment.Job instance at 0x7f02344bc550>,31,20,[7 1],32,-1,52,-1,32
1,<environment.Job instance at 0x7f02344bc690>,32,20,[12  2],33,-1,53,-1,33
1,<environment.Job instance at 0x7f02344bc3c0>,33,25,[ 3 12],34,-1,59,-1,34
1,<environment.Job instance at 0x7f0232fd48c0>,34,20,[ 5 11],35,-1,55,-1,35
1,<environment.Job instance at 0x7f0232fd4af0>,35,26,[11  1],36,-1,62,-1,36
1,<environment.Job instance at 0x7f0232fd4730>,36,27,[ 1 13],37,-1,64,-1,37
1,<environment.Job instance at 0x7f0232fd4d70>,37,20,[ 1 14],38,-1,58,-1,38
1,<environment.Job instance at 0x7f0232fd4230>,38,28,[ 3 14],39,-1,67,-1,39
1,<environment.Job instance at 0x7f0232fd4370>,39,25,[12  2],40,-1,65,-1,40
1,<environment.Job instance at 0x7f0232fd4eb0>,40,25,[ 5 14],41,-1,66,-1,41
1,<environment.Job instance at 0x7f0232fd4960>,41,21,[ 1 12],42,-1,63,-1,42
1,<environment.Job instance at 0x7f0232fd44b0>,42,28,[5 5],43,-1,71,-1,43
1,<environment.Job instance at 0x7f0232fd4cd0>,43,21,[ 5 14],44,-1,65,-1,44
1,<environment.Job instance at 0x7f0232fd4b40>,44,24,[11  4],45,-1,69,-1,45
1,<environment.Job instance at 0x7f0232fd4c30>,45,15,[ 4 11],46,-1,61,-1,46
1,<environment.Job instance at 0x7f02339979b0>,46,27,[5 1],47,-1,74,-1,47
1,<environment.Job instance at 0x7f0233997730>,47,21,[ 1 12],48,-1,69,-1,48
1,<environment.Job instance at 0x7f0233997b90>,48,26,[4 9],49,-1,75,-1,49
1,<environment.Job instance at 0x7f0233997fa0>,49,25,[6 1],50,-1,75,-1,50
1,<environment.Job instance at 0x7f02339978c0>,50,16,[ 4 11],51,-1,67,-1,51
1,<environment.Job instance at 0x7f0233997aa0>,51,25,[14  3],52,-1,77,-1,52
1,<environment.Job instance at 0x7f0233997370>,52,28,[13  1],53,-1,81,-1,53
1,<environment.Job instance at 0x7f0233997d20>,53,22,[14  1],54,-1,76,-1,54
1,<environment.Job instance at 0x7f02339975a0>,54,25,[13  3],55,-1,80,-1,55
1,<environment.Job instance at 0x7f0233997b40>,55,23,[11  2],56,-1,79,-1,56
1,<environment.Job instance at 0x7f0233997280>,56,19,[12  1],57,-1,76,-1,57
1,<environment.Job instance at 0x7f0233997eb0>,57,26,[ 4 13],58,-1,84,-1,58
1,<environment.Job instance at 0x7f0233997e10>,59,25,[12  4],60,-1,85,-1,60
1,<environment.Job instance at 0x7f0233997640>,60,20,[ 2 12],61,-1,81,-1,61
1,<environment.Job instance at 0x7f0233997f00>,61,25,[ 5 14],62,-1,87,-1,62
1,<environment.Job instance at 0x7f02339976e0>,62,19,[ 5 12],63,-1,82,-1,63
1,<environment.Job instance at 0x7f0233997780>,63,26,[ 1 12],64,-1,90,-1,64
1,<environment.Job instance at 0x7f0233997690>,64,28,[ 3 12],65,-1,93,-1,65
1,<environment.Job instance at 0x7f0233997c80>,65,20,[ 1 12],66,-1,86,-1,66
1,<environment.Job instance at 0x7f0233b2b5f0>,66,19,[11  1],67,-1,86,-1,67
1,<environment.Job instance at 0x7f0233b2b4b0>,69,24,[12  3],70,-1,94,-1,70
1,<environment.Job instance at 0x7f0233b2b690>,70,28,[ 4 12],71,-1,99,-1,71
1,<environment.Job instance at 0x7f0233b2bd70>,71,25,[ 2 12],72,-1,97,-1,72
1,<environment.Job instance at 0x7f0233b2b320>,72,24,[11  2],73,-1,97,-1,73
1,<environment.Job instance at 0x7f0233b2b3c0>,73,18,[ 1 11],74,-1,92,-1,74
1,<environment.Job instance at 0x7f0233b2b410>,74,22,[12  3],75,-1,97,-1,75
1,<environment.Job instance at 0x7f0233b2b370>,75,26,[ 3 11],76,-1,102,-1,76
1,<environment.Job instance at 0x7f0233dee820>,2,26,[14  3],3,-1,29,-1,3
1,<environment.Job instance at 0x7f02336aac80>,3,27,[ 3 14],4,-1,31,-1,4
1,<environment.Job instance at 0x7f0232e30d20>,5,27,[ 5 13],6,-1,33,-1,6
1,<environment.Job instance at 0x7f02336aaaf0>,6,25,[13  4],7,-1,32,-1,7
1,<environment.Job instance at 0x7f02336aaaa0>,7,27,[ 2 14],8,-1,35,-1,8
1,<environment.Job instance at 0x7f02336aabe0>,8,21,[ 2 14],9,-1,30,-1,9
1,<environment.Job instance at 0x7f02336b0c30>,9,22,[ 3 11],10,-1,32,-1,10
1,<environment.Job instance at 0x7f02336b05a0>,10,28,[ 4 14],11,-1,39,-1,11
1,<environment.Job instance at 0x7f02336b09b0>,11,12,[ 1 12],12,-1,24,-1,12
1,<environment.Job instance at 0x7f02336b0d70>,12,28,[8 2],13,-1,41,-1,13
1,<environment.Job instance at 0x7f02336aa0f0>,14,23,[12  3],15,-1,38,-1,15
1,<environment.Job instance at 0x7f02336b0910>,15,15,[11  3],16,-1,31,-1,16
1,<environment.Job instance at 0x7f02336b0e10>,16,23,[12  3],17,-1,40,-1,17
1,<environment.Job instance at 0x7f02336b0780>,17,27,[13  4],18,-1,45,-1,18
1,<environment.Job instance at 0x7f0233830c80>,19,18,[12  2],20,-1,38,-1,20
1,<environment.Job instance at 0x7f0233830280>,20,20,[13  5],21,-1,41,-1,21
1,<environment.Job instance at 0x7f02343b6a00>,21,24,[13  5],22,-1,46,-1,22
1,<environment.Job instance at 0x7f02336b0a50>,13,19,[14  4],14,-1,41,-1,22
1,<environment.Job instance at 0x7f0233830960>,22,26,[ 4 12],23,-1,49,-1,23
1,<environment.Job instance at 0x7f02343b6230>,24,23,[ 4 11],25,-1,48,-1,25
1,<environment.Job instance at 0x7f02336bc230>,25,26,[ 3 14],26,-1,52,-1,26
1,<environment.Job instance at 0x7f023383c640>,26,12,[ 2 13],27,-1,39,-1,27
1,<environment.Job instance at 0x7f023383cbe0>,27,19,[ 4 11],28,-1,47,-1,28
1,<environment.Job instance at 0x7f023383ca00>,28,27,[ 3 12],29,-1,56,-1,29
1,<environment.Job instance at 0x7f02343bd0a0>,29,27,[11  1],30,-1,57,-1,30
1,<environment.Job instance at 0x7f02336bc9b0>,31,25,[14  5],32,-1,57,-1,32
1,<environment.Job instance at 0x7f02343bdd70>,32,27,[6 1],33,-1,60,-1,33
1,<environment.Job instance at 0x7f02343bde60>,30,13,[13  4],31,-1,46,-1,33
1,<environment.Job instance at 0x7f02343bd410>,34,27,[ 3 14],35,-1,62,-1,35
1,<environment.Job instance at 0x7f02338583c0>,35,19,[13  3],36,-1,55,-1,36
1,<environment.Job instance at 0x7f0233858f50>,36,24,[13  3],37,-1,61,-1,37
1,<environment.Job instance at 0x7f0233858a00>,37,22,[ 3 13],38,-1,60,-1,38
1,<environment.Job instance at 0x7f0233858500>,39,26,[ 4 13],40,-1,66,-1,40
1,<environment.Job instance at 0x7f023359a960>,40,23,[13  3],41,-1,64,-1,41
1,<environment.Job instance at 0x7f02332fde10>,41,20,[12  4],42,-1,62,-1,42
1,<environment.Job instance at 0x7f0233323dc0>,42,26,[2 7],43,-1,70,-1,44
1,<environment.Job instance at 0x7f023428e820>,44,23,[14  1],45,-1,68,-1,45
1,<environment.Job instance at 0x7f02332ede60>,45,23,[13  2],46,-1,69,-1,46
1,<environment.Job instance at 0x7f023428fd20>,46,25,[4 5],47,-1,72,-1,47
1,<environment.Job instance at 0x7f023358ac80>,47,21,[14  1],48,-1,69,-1,48
1,<environment.Job instance at 0x7f023358a410>,48,27,[ 1 13],49,-1,76,-1,49
1,<environment.Job instance at 0x7f02336e4550>,49,19,[14  1],50,-1,69,-1,50
1,<environment.Job instance at 0x7f02336e4d20>,50,26,[14  5],51,-1,77,-1,51
1,<environment.Job instance at 0x7f02333205a0>,51,24,[ 2 13],52,-1,76,-1,52
1,<environment.Job instance at 0x7f02342a4730>,52,25,[13  1],53,-1,78,-1,53
1,<environment.Job instance at 0x7f023357acd0>,53,22,[ 1 12],54,-1,76,-1,54
1,<environment.Job instance at 0x7f023357ad70>,54,22,[12  4],55,-1,77,-1,55
1,<environment.Job instance at 0x7f023357adc0>,55,25,[ 4 11],56,-1,81,-1,56
1,<environment.Job instance at 0x7f023357af50>,56,25,[ 5 14],57,-1,82,-1,57
1,<environment.Job instance at 0x7f02335780a0>,57,26,[ 3 12],58,-1,84,-1,58
1,<environment.Job instance at 0x7f02335782d0>,58,20,[ 4 13],59,-1,79,-1,59
1,<environment.Job instance at 0x7f0233578140>,59,24,[14  5],60,-1,84,-1,60
1,<environment.Job instance at 0x7f0233578460>,60,27,[ 5 13],61,-1,88,-1,61
1,<environment.Job instance at 0x7f02335787d0>,61,20,[ 4 14],62,-1,82,-1,62
1,<environment.Job instance at 0x7f0233578190>,62,14,[ 1 14],63,-1,77,-1,63
1,<environment.Job instance at 0x7f0233578690>,63,24,[5 8],64,-1,88,-1,64
1,<environment.Job instance at 0x7f0233578be0>,64,23,[11  4],65,-1,88,-1,65
1,<environment.Job instance at 0x7f0233578c80>,65,24,[14  4],66,-1,90,-1,66
1,<environment.Job instance at 0x7f0233578780>,66,23,[ 2 13],67,-1,90,-1,67
1,<environment.Job instance at 0x7f02335786e0>,67,21,[14  4],68,-1,89,-1,68
1,<environment.Job instance at 0x7f0233578b40>,68,25,[ 1 12],69,-1,94,-1,69
1,<environment.Job instance at 0x7f0233578f50>,69,28,[ 1 11],70,-1,98,-1,70
1,<environment.Job instance at 0x7f0233c74cd0>,1,20,[ 3 14],2,-1,22,-1,2
1,<environment.Job instance at 0x7f02335a48c0>,2,17,[ 1 12],3,-1,20,-1,3
1,<environment.Job instance at 0x7f023358de10>,5,21,[ 3 14],6,-1,27,-1,6
1,<environment.Job instance at 0x7f02337bd4b0>,6,23,[14  5],7,-1,30,-1,7
1,<environment.Job instance at 0x7f02342bec30>,8,18,[14  2],9,-1,27,-1,9
1,<environment.Job instance at 0x7f02337bdc30>,9,27,[ 5 13],10,-1,37,-1,10
1,<environment.Job instance at 0x7f02337bda50>,13,28,[9 3],14,-1,43,-1,15
1,<environment.Job instance at 0x7f02337bd820>,14,16,[ 2 13],15,-1,31,-1,15
1,<environment.Job instance at 0x7f02337bdb40>,15,28,[14  4],16,-1,44,-1,16
1,<environment.Job instance at 0x7f02337bd9b0>,16,13,[12  5],17,-1,30,-1,17
1,<environment.Job instance at 0x7f02337bd1e0>,17,13,[14  1],18,-1,31,-1,18
1,<environment.Job instance at 0x7f02337bd410>,18,26,[11  5],19,-1,45,-1,19
1,<environment.Job instance at 0x7f02337bdbe0>,19,14,[ 2 13],20,-1,34,-1,20
1,<environment.Job instance at 0x7f02337bdb90>,20,28,[14  5],21,-1,49,-1,21
1,<environment.Job instance at 0x7f02337bdd20>,21,18,[12  4],22,-1,41,-1,23
1,<environment.Job instance at 0x7f02337bdfa0>,24,23,[13  4],25,-1,60,-1,37
1,<environment.Job instance at 0x7f02337bd5f0>,25,16,[ 3 13],26,-1,53,-1,37
1,<environment.Job instance at 0x7f02337bd960>,26,26,[11  1],27,-1,63,-1,37
1,<environment.Job instance at 0x7f023428fcd0>,27,23,[12  5],28,-1,60,-1,37
1,<environment.Job instance at 0x7f023428f690>,28,21,[9 4],29,-1,79,-1,58
1,<environment.Job instance at 0x7f023428f640>,30,17,[13  3],31,-1,75,-1,58
1,<environment.Job instance at 0x7f023428f050>,31,23,[12  3],32,-1,81,-1,58
1,<environment.Job instance at 0x7f023428f1e0>,32,19,[ 3 11],33,-1,77,-1,58
1,<environment.Job instance at 0x7f02337bd690>,12,27,[ 5 12],13,-1,85,-1,58
1,<environment.Job instance at 0x7f023428f5a0>,29,20,[ 5 13],30,-1,78,-1,58
1,<environment.Job instance at 0x7f023428faf0>,35,28,[ 5 13],36,-1,86,-1,58
1,<environment.Job instance at 0x7f023428fd70>,33,19,[2 8],34,-1,77,-1,58
1,<environment.Job instance at 0x7f023428f820>,38,21,[ 1 12],39,-1,79,-1,58
1,<environment.Job instance at 0x7f023428f2d0>,39,22,[ 4 12],40,-1,80,-1,58
1,<environment.Job instance at 0x7f023428f870>,40,22,[13  5],41,-1,80,-1,58
1,<environment.Job instance at 0x7f023428f960>,41,28,[13  2],42,-1,86,-1,58
1,<environment.Job instance at 0x7f023428f910>,42,20,[14  3],43,-1,78,-1,58
1,<environment.Job instance at 0x7f023428f280>,43,24,[14  3],44,-1,82,-1,58
1,<environment.Job instance at 0x7f023428fdc0>,44,25,[12  1],45,-1,83,-1,58
1,<environment.Job instance at 0x7f023428fb40>,45,24,[5 8],46,-1,82,-1,58
1,<environment.Job instance at 0x7f023428f730>,46,13,[ 1 13],47,-1,71,-1,58
1,<environment.Job instance at 0x7f023428f320>,47,23,[ 1 14],48,-1,81,-1,58
1,<environment.Job instance at 0x7f023401f050>,48,25,[12  5],49,-1,83,-1,58
1,<environment.Job instance at 0x7f023401f550>,49,27,[ 2 14],50,-1,85,-1,58
1,<environment.Job instance at 0x7f023401f3c0>,50,20,[ 2 14],51,-1,78,-1,58
1,<environment.Job instance at 0x7f023401f820>,51,25,[ 4 11],52,-1,83,-1,58
1,<environment.Job instance at 0x7f023401f5f0>,52,21,[ 3 11],53,-1,79,-1,58
1,<environment.Job instance at 0x7f023401fe60>,53,21,[13  2],54,-1,79,-1,58
1,<environment.Job instance at 0x7f023401faa0>,54,23,[14  5],55,-1,81,-1,58
1,<environment.Job instance at 0x7f023401ff50>,55,25,[ 2 11],56,-1,83,-1,58
1,<environment.Job instance at 0x7f023401fdc0>,56,26,[14  4],57,-1,84,-1,58
1,<environment.Job instance at 0x7f023401fc30>,57,14,[ 1 13],58,-1,72,-1,58
1,<environment.Job instance at 0x7f023428fe10>,34,25,[9 3],35,-1,83,-1,58
1,<environment.Job instance at 0x7f023428fb90>,37,25,[13  4],38,-1,83,-1,58
1,<environment.Job instance at 0x7f023401f1e0>,58,17,[ 1 11],59,-1,76,-1,59
1,<environment.Job instance at 0x7f023401f730>,62,16,[13  2],63,-1,79,-1,63
1,<environment.Job instance at 0x7f023401f320>,63,21,[ 5 11],64,-1,85,-1,64
1,<environment.Job instance at 0x7f023401ff00>,64,17,[13  4],65,-1,82,-1,65
1,<environment.Job instance at 0x7f023401f8c0>,65,28,[ 3 12],66,-1,94,-1,66
1,<environment.Job instance at 0x7f023401fb40>,66,26,[ 1 12],67,-1,93,-1,67
1,<environment.Job instance at 0x7f023401f230>,68,19,[13  5],69,-1,99,-1,80
1,<environment.Job instance at 0x7f0232e3f6e0>,69,20,[ 5 14],70,-1,100,-1,80
1,<environment.Job instance at 0x7f0232e3f3c0>,70,27,[ 2 14],71,-1,107,-1,80
1,<environment.Job instance at 0x7f0232e3f7d0>,71,13,[ 2 12],72,-1,93,-1,80
1,<environment.Job instance at 0x7f0232e3fc30>,72,24,[10  4],73,-1,104,-1,80
1,<environment.Job instance at 0x7f0232e3f0a0>,73,18,[ 3 11],74,-1,98,-1,80
1,<environment.Job instance at 0x7f0232e3fd70>,74,13,[14  4],75,-1,93,-1,80
1,<environment.Job instance at 0x7f0232e3f4b0>,75,23,[14  2],76,-1,103,-1,80
1,<environment.Job instance at 0x7f0232e3fe60>,76,25,[14  4],77,-1,105,-1,80
1,<environment.Job instance at 0x7f0232e3f820>,77,19,[13  5],78,-1,99,-1,80
1,<environment.Job instance at 0x7f0232e3f050>,78,26,[10  2],79,-1,106,-1,80
1,<environment.Job instance at 0x7f0232e3f8c0>,80,15,[ 1 11],81,-1,96,-1,81
1,<environment.Job instance at 0x7f0232e3fc80>,81,26,[ 2 11],82,-1,108,-1,82
1,<environment.Job instance at 0x7f0232e3f870>,82,23,[ 3 13],83,-1,106,-1,83
1,<environment.Job instance at 0x7f0232e3f140>,83,13,[12  5],84,-1,97,-1,84
1,<environment.Job instance at 0x7f0232e3f5a0>,84,26,[ 3 13],85,-1,111,-1,85
1,<environment.Job instance at 0x7f0232e3f780>,85,19,[ 4 14],86,-1,105,-1,86
1,<environment.Job instance at 0x7f0232e3f5f0>,86,17,[ 4 13],87,-1,104,-1,87
1,<environment.Job instance at 0x7f0232e3f550>,87,27,[ 2 11],88,-1,115,-1,88
1,<environment.Job instance at 0x7f0232e3f730>,89,24,[ 4 12],90,-1,117,-1,93
1,<environment.Job instance at 0x7f0232e3ff50>,90,27,[11  4],91,-1,120,-1,93
1,<environment.Job instance at 0x7f023cf405f0>,1,23,[ 1 13],2,-1,25,-1,2
1,<environment.Job instance at 0x7f0233854730>,2,22,[ 3 13],3,-1,25,-1,3
1,<environment.Job instance at 0x7f0233eaab40>,3,13,[13  1],4,-1,17,-1,4
1,<environment.Job instance at 0x7f0233eaabe0>,4,25,[ 4 11],5,-1,30,-1,5
1,<environment.Job instance at 0x7f0233eaac80>,5,14,[13  3],6,-1,20,-1,6
1,<environment.Job instance at 0x7f0233eaad20>,6,24,[14  2],7,-1,31,-1,7
1,<environment.Job instance at 0x7f0233eaadc0>,7,22,[13  2],8,-1,30,-1,8
1,<environment.Job instance at 0x7f0233eaae60>,8,28,[ 5 14],9,-1,37,-1,9
1,<environment.Job instance at 0x7f0233eaaf00>,9,26,[14  1],10,-1,36,-1,10
1,<environment.Job instance at 0x7f0233eaafa0>,10,28,[13  2],11,-1,39,-1,11
1,<environment.Job instance at 0x7f0233eac0a0>,11,28,[11  4],12,-1,40,-1,12
1,<environment.Job instance at 0x7f0233eac140>,12,27,[ 1 13],13,-1,40,-1,13
1,<environment.Job instance at 0x7f0233eac1e0>,13,25,[ 5 12],14,-1,39,-1,14
1,<environment.Job instance at 0x7f0233eac280>,14,13,[13  4],15,-1,28,-1,15
1,<environment.Job instance at 0x7f0233eac5a0>,17,16,[ 4 13],18,-1,34,-1,18
1,<environment.Job instance at 0x7f0233eac690>,18,28,[1 7],19,-1,47,-1,19
1,<environment.Job instance at 0x7f0233eac460>,19,25,[13  2],20,-1,45,-1,20
1,<environment.Job instance at 0x7f0233eac6e0>,20,12,[13  4],21,-1,33,-1,21
1,<environment.Job instance at 0x7f0232e3ff50>,22,28,[ 1 11],23,-1,51,-1,23
1,<environment.Job instance at 0x7f0233eac870>,23,22,[14  3],24,-1,46,-1,24
1,<environment.Job instance at 0x7f0233eac9b0>,24,28,[14  4],25,-1,53,-1,25
1,<environment.Job instance at 0x7f0233eac820>,25,27,[13  4],26,-1,53,-1,26
1,<environment.Job instance at 0x7f0233eacb40>,26,27,[ 5 11],27,-1,54,-1,27
1,<environment.Job instance at 0x7f0233eacbe0>,27,27,[6 4],28,-1,55,-1,28
1,<environment.Job instance at 0x7f0233eacc30>,28,17,[14  2],29,-1,46,-1,29
1,<environment.Job instance at 0x7f0233eaccd0>,29,24,[ 1 12],30,-1,54,-1,30
1,<environment.Job instance at 0x7f0233eacd70>,30,24,[14  5],31,-1,55,-1,31
1,<environment.Job instance at 0x7f0233eace10>,31,18,[ 1 14],32,-1,50,-1,32
1,<environment.Job instance at 0x7f0233eaceb0>,32,15,[ 1 13],33,-1,48,-1,33
1,<environment.Job instance at 0x7f0233eb6050>,34,21,[12  2],35,-1,56,-1,35
1,<environment.Job instance at 0x7f0233eb6230>,35,27,[ 4 12],36,-1,63,-1,36
1,<environment.Job instance at 0x7f0233eb6140>,36,20,[ 5 11],37,-1,57,-1,37
1,<environment.Job instance at 0x7f0233eb6280>,37,23,[ 3 13],38,-1,61,-1,38
1,<environment.Job instance at 0x7f0233eb6320>,38,28,[12  3],39,-1,67,-1,39
1,<environment.Job instance at 0x7f0233eb63c0>,39,23,[14  2],40,-1,63,-1,40
1,<environment.Job instance at 0x7f0233eb6460>,40,26,[ 2 11],41,-1,67,-1,41
1,<environment.Job instance at 0x7f0233eb6500>,41,27,[6 4],42,-1,69,-1,42
1,<environment.Job instance at 0x7f0233eb65a0>,42,25,[ 4 14],43,-1,68,-1,43
1,<environment.Job instance at 0x7f0233eb6640>,43,17,[ 2 13],44,-1,61,-1,44
1,<environment.Job instance at 0x7f0233eb66e0>,44,26,[13  2],45,-1,71,-1,45
1,<environment.Job instance at 0x7f0233eb6780>,45,24,[14  3],46,-1,70,-1,46
1,<environment.Job instance at 0x7f0233eb6820>,46,24,[13  5],47,-1,71,-1,47
1,<environment.Job instance at 0x7f0233eb68c0>,47,12,[ 4 13],48,-1,60,-1,48
1,<environment.Job instance at 0x7f0233eb6960>,48,27,[14  3],49,-1,76,-1,49
1,<environment.Job instance at 0x7f0233eb6aa0>,50,26,[ 5 11],51,-1,77,-1,51
1,<environment.Job instance at 0x7f0233eb6c30>,51,27,[12  5],52,-1,79,-1,52
1,<environment.Job instance at 0x7f0233eacaa0>,54,26,[ 1 13],55,-1,81,-1,55
1,<environment.Job instance at 0x7f0233eb6d20>,55,13,[ 1 13],56,-1,69,-1,56
1,<environment.Job instance at 0x7f0233eb6f00>,56,18,[12  5],57,-1,75,-1,57
1,<environment.Job instance at 0x7f0233eb6f50>,57,24,[ 5 12],58,-1,82,-1,58
1,<environment.Job instance at 0x7f0233eb6cd0>,53,20,[11  1],54,-1,78,-1,58
1,<environment.Job instance at 0x7f0233eb6e60>,58,22,[ 3 14],59,-1,81,-1,59
1,<environment.Job instance at 0x7f0233ea7140>,59,21,[ 2 11],60,-1,81,-1,60
1,<environment.Job instance at 0x7f0233ea70a0>,61,20,[ 3 14],62,-1,82,-1,62
1,<environment.Job instance at 0x7f0233ea71e0>,60,19,[13  2],61,-1,81,-1,62
1,<environment.Job instance at 0x7f0233ea7280>,62,15,[ 1 12],63,-1,78,-1,63
1,<environment.Job instance at 0x7f0233ea73c0>,63,25,[14  2],64,-1,89,-1,64
1,<environment.Job instance at 0x7f0233ea7460>,64,22,[11  3],65,-1,87,-1,65
1,<environment.Job instance at 0x7f0233ea7500>,65,16,[14  2],66,-1,82,-1,66
1,<environment.Job instance at 0x7f0233ea75a0>,66,26,[9 2],67,-1,93,-1,67
1,<environment.Job instance at 0x7f0233ea7640>,67,26,[ 2 10],68,-1,94,-1,68
1,<environment.Job instance at 0x7f0233ea7780>,69,25,[5 5],70,-1,95,-1,70
1,<environment.Job instance at 0x7f0233ea78c0>,70,20,[ 3 12],71,-1,91,-1,71
1,<environment.Job instance at 0x7f0233ea79b0>,72,26,[ 2 11],73,-1,99,-1,73
1,<environment.Job instance at 0x7f0233ea7af0>,73,27,[7 4],74,-1,101,-1,74
1,<environment.Job instance at 0x7f0233ea7320>,74,19,[ 2 13],75,-1,94,-1,75
1,<environment.Job instance at 0x7f0233ea7be0>,75,20,[12  3],76,-1,96,-1,76
1,<environment.Job instance at 0x7f0233ea7c80>,76,24,[7 2],77,-1,101,-1,77
1,<environment.Job instance at 0x7f0233ea7d20>,77,22,[14  3],78,-1,100,-1,78
1,<environment.Job instance at 0x7f0233ea7dc0>,78,26,[12  1],79,-1,105,-1,79
1,<environment.Job instance at 0x7f0233854280>,79,28,[ 3 12],80,-1,108,-1,80
1,<environment.Job instance at 0x7f0233ec5eb0>,81,25,[14  4],82,-1,107,-1,82
1,<environment.Job instance at 0x7f0233ec5e60>,82,26,[11  3],83,-1,109,-1,83
1,<environment.Job instance at 0x7f0233ec5af0>,83,26,[3 7],84,-1,110,-1,84
1,<environment.Job instance at 0x7f02336aa780>,85,23,[ 4 13],86,-1,109,-1,86
1,<environment.Job instance at 0x7f0233ec5b40>,86,19,[11  1],87,-1,106,-1,87
1,<environment.Job instance at 0x7f0233ec5230>,87,26,[11  4],88,-1,114,-1,88
1,<environment.Job instance at 0x7f0233ec51e0>,89,21,[ 2 13],90,-1,111,-1,90
1,<environment.Job instance at 0x7f0233ec5410>,90,19,[11  1],91,-1,110,-1,91
1,<environment.Job instance at 0x7f0233ec54b0>,91,13,[ 4 11],92,-1,105,-1,92
1,<environment.Job instance at 0x7f0233ec53c0>,92,22,[12  4],93,-1,115,-1,93
1,<environment.Job instance at 0x7f0233ec5730>,93,16,[14  5],94,-1,110,-1,94
1,<environment.Job instance at 0x7f0233ec5050>,94,20,[ 3 12],95,-1,115,-1,95
1,<environment.Job instance at 0x7f02332f80a0>,95,28,[13  5],96,-1,124,-1,96
1,<environment.Job instance at 0x7f0233ec5140>,96,23,[14  3],97,-1,120,-1,97
1,<environment.Job instance at 0x7f02339a2c30>,97,25,[ 2 14],98,-1,123,-1,98
1,<environment.Job instance at 0x7f0233ec56e0>,1,24,[13  3],2,-1,26,-1,2
1,<environment.Job instance at 0x7f0233313690>,2,23,[5 5],3,-1,26,-1,3
1,<environment.Job instance at 0x7f023386c640>,4,22,[ 3 11],5,-1,27,-1,5
1,<environment.Job instance at 0x7f023386c8c0>,6,19,[ 2 11],7,-1,26,-1,7
1,<environment.Job instance at 0x7f023386cb90>,7,18,[ 5 13],8,-1,26,-1,8
1,<environment.Job instance at 0x7f023386c0a0>,8,28,[ 5 11],9,-1,37,-1,9
1,<environment.Job instance at 0x7f023386ca50>,9,27,[12  1],10,-1,37,-1,10
1,<environment.Job instance at 0x7f0233232050>,10,22,[13  3],11,-1,33,-1,11
1,<environment.Job instance at 0x7f02339a2c30>,12,28,[ 5 11],13,-1,41,-1,13
1,<environment.Job instance at 0x7f0233232d20>,11,17,[13  4],12,-1,30,-1,13
1,<environment.Job instance at 0x7f0233232cd0>,14,22,[ 1 14],15,-1,37,-1,15
1,<environment.Job instance at 0x7f0233232190>,15,24,[13  4],16,-1,40,-1,16
1,<environment.Job instance at 0x7f0233232550>,16,24,[ 4 13],17,-1,41,-1,17
1,<environment.Job instance at 0x7f0233724320>,17,19,[ 5 14],18,-1,37,-1,18
1,<environment.Job instance at 0x7f0233724050>,18,19,[14  3],19,-1,38,-1,19
1,<environment.Job instance at 0x7f02337245a0>,19,26,[8 4],20,-1,46,-1,20
1,<environment.Job instance at 0x7f0233232370>,21,22,[ 5 13],22,-1,44,-1,22
1,<environment.Job instance at 0x7f0233724a00>,22,24,[ 1 14],23,-1,47,-1,23
1,<environment.Job instance at 0x7f02337241e0>,23,28,[13  5],24,-1,52,-1,24
1,<environment.Job instance at 0x7f0233724d70>,24,22,[12  4],25,-1,47,-1,25
1,<environment.Job instance at 0x7f0233724b90>,28,23,[11  5],29,-1,52,-1,29
1,<environment.Job instance at 0x7f0233724b40>,29,23,[ 2 12],30,-1,53,-1,30
1,<environment.Job instance at 0x7f0233724370>,30,14,[11  5],31,-1,45,-1,31
1,<environment.Job instance at 0x7f02337242d0>,31,25,[7 3],32,-1,57,-1,32
1,<environment.Job instance at 0x7f0233110960>,32,23,[12  5],33,-1,56,-1,33
1,<environment.Job instance at 0x7f0233110230>,33,28,[11  2],34,-1,62,-1,34
1,<environment.Job instance at 0x7f0233110f00>,34,27,[11  2],35,-1,62,-1,35
1,<environment.Job instance at 0x7f02331109b0>,35,24,[6 4],36,-1,60,-1,36
1,<environment.Job instance at 0x7f0233110d20>,36,17,[ 4 13],37,-1,54,-1,37
1,<environment.Job instance at 0x7f0233110dc0>,37,21,[ 3 10],38,-1,61,-1,40
1,<environment.Job instance at 0x7f0233724730>,38,13,[12  5],39,-1,53,-1,40
1,<environment.Job instance at 0x7f0233110c30>,39,14,[ 2 12],40,-1,54,-1,40
1,<environment.Job instance at 0x7f0233110370>,40,19,[11  1],41,-1,60,-1,41
1,<environment.Job instance at 0x7f02331108c0>,41,21,[13  1],42,-1,63,-1,42
1,<environment.Job instance at 0x7f0233110910>,42,24,[13  4],43,-1,67,-1,43
1,<environment.Job instance at 0x7f0233110b40>,43,19,[ 5 14],44,-1,63,-1,44
1,<environment.Job instance at 0x7f0233110640>,44,28,[ 1 12],45,-1,73,-1,45
1,<environment.Job instance at 0x7f02331102d0>,45,28,[12  3],46,-1,74,-1,46
1,<environment.Job instance at 0x7f02331105a0>,46,27,[2 7],47,-1,74,-1,47
1,<environment.Job instance at 0x7f0233110cd0>,47,23,[11  3],48,-1,71,-1,48
1,<environment.Job instance at 0x7f0233110320>,48,14,[ 1 14],49,-1,63,-1,49
1,<environment.Job instance at 0x7f023367ca50>,49,26,[ 5 12],50,-1,76,-1,50
1,<environment.Job instance at 0x7f023367ca00>,50,22,[ 3 11],51,-1,73,-1,51
1,<environment.Job instance at 0x7f023367ceb0>,51,26,[ 3 14],52,-1,78,-1,52
1,<environment.Job instance at 0x7f023367c2d0>,52,19,[ 4 12],53,-1,72,-1,53
1,<environment.Job instance at 0x7f023367cb90>,53,14,[ 3 14],54,-1,68,-1,54
1,<environment.Job instance at 0x7f023367c140>,54,20,[ 4 11],55,-1,75,-1,55
1,<environment.Job instance at 0x7f023367c5f0>,55,19,[12  1],56,-1,75,-1,56
1,<environment.Job instance at 0x7f023367cbe0>,56,22,[11  1],57,-1,79,-1,57
1,<environment.Job instance at 0x7f023367c9b0>,57,20,[ 1 14],58,-1,78,-1,58
1,<environment.Job instance at 0x7f023367c0a0>,58,24,[4 6],59,-1,83,-1,59
1,<environment.Job instance at 0x7f023367caf0>,59,28,[9 2],60,-1,88,-1,60
1,<environment.Job instance at 0x7f023367c370>,60,27,[ 1 11],61,-1,88,-1,61
1,<environment.Job instance at 0x7f023367c0f0>,61,25,[ 1 12],62,-1,87,-1,62
1,<environment.Job instance at 0x7f023367cf00>,62,18,[ 4 14],63,-1,81,-1,63
1,<environment.Job instance at 0x7f023367c4b0>,63,18,[ 1 11],64,-1,82,-1,64
1,<environment.Job instance at 0x7f023367c1e0>,64,21,[ 5 10],65,-1,92,-1,71
1,<environment.Job instance at 0x7f0233110280>,66,23,[4 8],67,-1,94,-1,71
1,<environment.Job instance at 0x7f0232ed0fa0>,67,21,[ 5 12],68,-1,92,-1,71
1,<environment.Job instance at 0x7f0232ed0500>,68,21,[ 1 13],69,-1,92,-1,71
1,<environment.Job instance at 0x7f0232ed0690>,71,24,[ 3 13],72,-1,117,-1,93
1,<environment.Job instance at 0x7f0232ed0870>,72,26,[4 6],73,-1,119,-1,93
1,<environment.Job instance at 0x7f0232ed0460>,73,20,[11  3],74,-1,113,-1,93
1,<environment.Job instance at 0x7f0232ed02d0>,75,28,[11  5],76,-1,127,-1,99
1,<environment.Job instance at 0x7f0232ed0b40>,76,22,[ 1 13],77,-1,121,-1,99
1,<environment.Job instance at 0x7f0232ed0e10>,74,22,[ 1 10],75,-1,121,-1,99
1,<environment.Job instance at 0x7f0232ed0d20>,78,27,[11  2],79,-1,126,-1,99
1,<environment.Job instance at 0x7f0232ed0780>,79,13,[12  5],80,-1,112,-1,99
1,<environment.Job instance at 0x7f0232ed0b90>,80,15,[13  2],81,-1,114,-1,99
1,<environment.Job instance at 0x7f0233a33f50>,81,19,[ 4 13],82,-1,118,-1,99
1,<environment.Job instance at 0x7f0233a336e0>,82,21,[ 5 12],83,-1,120,-1,99
1,<environment.Job instance at 0x7f0233a33cd0>,83,20,[14  2],84,-1,119,-1,99
1,<environment.Job instance at 0x7f0233eaca50>,1,23,[13  4],2,-1,25,-1,2
1,<environment.Job instance at 0x7f0233c586e0>,2,25,[ 4 12],3,-1,28,-1,3
1,<environment.Job instance at 0x7f0233c58fa0>,3,26,[ 5 11],4,-1,30,-1,4
1,<environment.Job instance at 0x7f0233c58dc0>,4,21,[ 4 14],5,-1,26,-1,5
1,<environment.Job instance at 0x7f0233c58820>,5,17,[ 3 13],6,-1,23,-1,6
1,<environment.Job instance at 0x7f0233c58c30>,6,25,[ 2 10],7,-1,32,-1,7
1,<environment.Job instance at 0x7f0234419be0>,13,21,[ 1 11],14,-1,44,-1,23
1,<environment.Job instance at 0x7f0234419e10>,14,25,[11  4],15,-1,48,-1,23
1,<environment.Job instance at 0x7f0234419410>,15,20,[ 3 11],16,-1,43,-1,23
1,<environment.Job instance at 0x7f0234419eb0>,17,21,[ 2 14],18,-1,57,-1,36
1,<environment.Job instance at 0x7f0234419910>,18,17,[ 3 12],19,-1,53,-1,36
1,<environment.Job instance at 0x7f0234419f00>,19,16,[ 4 14],20,-1,52,-1,36
1,<environment.Job instance at 0x7f02344195f0>,20,21,[ 1 11],21,-1,57,-1,36
1,<environment.Job instance at 0x7f0234419640>,21,15,[11  5],22,-1,51,-1,36
1,<environment.Job instance at 0x7f0234419370>,22,20,[ 2 14],23,-1,56,-1,36
1,<environment.Job instance at 0x7f02344192d0>,23,27,[ 5 12],24,-1,63,-1,36
1,<environment.Job instance at 0x7f0234419d20>,24,27,[7 3],25,-1,63,-1,36
1,<environment.Job instance at 0x7f023387b5a0>,25,20,[12  3],26,-1,56,-1,36
1,<environment.Job instance at 0x7f023387be60>,26,12,[ 3 13],27,-1,48,-1,36
1,<environment.Job instance at 0x7f023387b500>,27,25,[12  3],28,-1,61,-1,36
1,<environment.Job instance at 0x7f023387b320>,28,23,[11  5],29,-1,59,-1,36
1,<environment.Job instance at 0x7f023387b410>,29,27,[7 3],30,-1,63,-1,36
1,<environment.Job instance at 0x7f023387bbe0>,30,22,[3 9],31,-1,58,-1,36
1,<environment.Job instance at 0x7f023387b280>,32,12,[12  5],33,-1,48,-1,36
1,<environment.Job instance at 0x7f023387bb90>,33,21,[12  5],34,-1,57,-1,36
1,<environment.Job instance at 0x7f023387b4b0>,34,22,[14  5],35,-1,58,-1,36
1,<environment.Job instance at 0x7f023387b550>,35,19,[11  2],36,-1,55,-1,36
1,<environment.Job instance at 0x7f0233fb44b0>,36,22,[10  3],37,-1,63,-1,41
1,<environment.Job instance at 0x7f0233fb4050>,37,12,[3 6],38,-1,58,-1,46
1,<environment.Job instance at 0x7f0233fb42d0>,38,21,[12  5],39,-1,67,-1,46
1,<environment.Job instance at 0x7f0233fb4dc0>,39,27,[ 2 13],40,-1,73,-1,46
1,<environment.Job instance at 0x7f0233fb4640>,40,21,[ 1 12],41,-1,67,-1,46
1,<environment.Job instance at 0x7f0233fb4cd0>,42,24,[ 3 11],43,-1,85,-1,61
1,<environment.Job instance at 0x7f0233fb45a0>,41,21,[5 9],42,-1,105,-1,84
1,<environment.Job instance at 0x7f0233fb4870>,47,26,[6 4],48,-1,110,-1,84
1,<environment.Job instance at 0x7f0233fb4190>,48,16,[12  2],49,-1,100,-1,84
1,<environment.Job instance at 0x7f0233fb4550>,49,15,[ 1 14],50,-1,99,-1,84
1,<environment.Job instance at 0x7f0233fb41e0>,50,22,[14  4],51,-1,106,-1,84
1,<environment.Job instance at 0x7f0233fb4370>,51,15,[13  3],52,-1,99,-1,84
1,<environment.Job instance at 0x7f0233fb45f0>,52,17,[ 1 14],53,-1,101,-1,84
1,<environment.Job instance at 0x7f0233fb4910>,53,21,[6 3],54,-1,106,-1,85
1,<environment.Job instance at 0x7f0233fb4af0>,54,28,[ 5 13],55,-1,113,-1,85
1,<environment.Job instance at 0x7f0233a07280>,55,22,[12  1],56,-1,107,-1,85
1,<environment.Job instance at 0x7f0233a07820>,56,25,[ 5 14],57,-1,110,-1,85
1,<environment.Job instance at 0x7f0233a07780>,57,23,[ 2 11],58,-1,108,-1,85
1,<environment.Job instance at 0x7f0233a07910>,58,26,[ 4 11],59,-1,111,-1,85
1,<environment.Job instance at 0x7f0233a071e0>,59,27,[13  5],60,-1,112,-1,85
1,<environment.Job instance at 0x7f0233a07500>,60,25,[11  4],61,-1,110,-1,85
1,<environment.Job instance at 0x7f0233a07370>,61,14,[14  4],62,-1,99,-1,85
1,<environment.Job instance at 0x7f0233a07b90>,62,26,[ 5 12],63,-1,111,-1,85
1,<environment.Job instance at 0x7f0233a079b0>,63,18,[ 1 12],64,-1,103,-1,85
1,<environment.Job instance at 0x7f0233a07640>,64,27,[4 5],65,-1,112,-1,85
1,<environment.Job instance at 0x7f0233a076e0>,65,24,[ 3 11],66,-1,109,-1,85
1,<environment.Job instance at 0x7f0233a07230>,66,24,[14  2],67,-1,109,-1,85
1,<environment.Job instance at 0x7f0233a07320>,67,12,[5 1],68,-1,97,-1,85
1,<environment.Job instance at 0x7f0233a077d0>,68,19,[ 3 11],69,-1,104,-1,85
1,<environment.Job instance at 0x7f0233a07870>,69,15,[13  2],70,-1,100,-1,85
1,<environment.Job instance at 0x7f02332b7be0>,70,13,[11  2],71,-1,98,-1,85
1,<environment.Job instance at 0x7f02332b7910>,71,24,[4 6],72,-1,109,-1,85
1,<environment.Job instance at 0x7f02332b71e0>,72,28,[ 3 14],73,-1,113,-1,85
1,<environment.Job instance at 0x7f02332b73c0>,73,25,[3 7],74,-1,110,-1,85
1,<environment.Job instance at 0x7f02332b76e0>,74,22,[6 4],75,-1,107,-1,85
1,<environment.Job instance at 0x7f02332b7f50>,75,18,[6 2],76,-1,103,-1,85
1,<environment.Job instance at 0x7f02332b74b0>,76,12,[1 5],77,-1,97,-1,85
1,<environment.Job instance at 0x7f02332b7e10>,77,22,[3 7],78,-1,107,-1,85
1,<environment.Job instance at 0x7f02332b79b0>,78,13,[11  2],79,-1,98,-1,85
1,<environment.Job instance at 0x7f02332b7410>,79,19,[3 6],80,-1,105,-1,86
1,<environment.Job instance at 0x7f02332b7870>,80,24,[13  5],81,-1,110,-1,86
1,<environment.Job instance at 0x7f02332b7730>,81,25,[11  5],82,-1,111,-1,86
1,<environment.Job instance at 0x7f02332b7a50>,82,28,[7 1],83,-1,114,-1,86
1,<environment.Job instance at 0x7f02332b7b40>,83,19,[13  3],84,-1,105,-1,86
1,<environment.Job instance at 0x7f02339402d0>,84,16,[ 3 12],85,-1,102,-1,86
1,<environment.Job instance at 0x7f02341d2550>,85,22,[ 5 14],86,-1,108,-1,86
1,<environment.Job instance at 0x7f02341d2dc0>,86,28,[2 9],87,-1,115,-1,87
1,<environment.Job instance at 0x7f0234419730>,11,21,[11  1],12,-1,108,-1,87
1,<environment.Job instance at 0x7f0233fb40f0>,46,22,[ 2 12],47,-1,109,-1,87
1,<environment.Job instance at 0x7f02341d23c0>,87,19,[ 4 14],88,-1,107,-1,88
1,<environment.Job instance at 0x7f02341d2fa0>,89,20,[12  4],90,-1,110,-1,90
1,<environment.Job instance at 0x7f023332e640>,90,27,[13  3],91,-1,118,-1,91
1,<environment.Job instance at 0x7f023332ef50>,91,17,[ 4 12],92,-1,109,-1,92
1,<environment.Job instance at 0x7f023332eeb0>,92,26,[ 3 13],93,-1,119,-1,93
1,<environment.Job instance at 0x7f023332e190>,93,24,[ 1 12],94,-1,118,-1,94
1,<environment.Job instance at 0x7f023332ed70>,94,13,[ 1 13],95,-1,108,-1,95
1,<environment.Job instance at 0x7f023332e410>,95,15,[12  1],96,-1,111,-1,96
1,<environment.Job instance at 0x7f023332ed20>,96,27,[ 3 14],97,-1,124,-1,97
1,<environment.Job instance at 0x7f023332e1e0>,97,27,[1 9],98,-1,125,-1,98
1,<environment.Job instance at 0x7f023332ebe0>,98,27,[ 3 13],99,-1,126,-1,99
1,<environment.Job instance at 0x7f0233339230>,1,26,[12  3],2,-1,28,-1,2
1,<environment.Job instance at 0x7f0233776d20>,2,27,[11  2],3,-1,30,-1,3
1,<environment.Job instance at 0x7f0233776460>,3,12,[ 3 13],4,-1,16,-1,4
1,<environment.Job instance at 0x7f0233776a00>,4,28,[13  1],5,-1,33,-1,5
1,<environment.Job instance at 0x7f0233776cd0>,5,22,[14  1],6,-1,28,-1,6
1,<environment.Job instance at 0x7f0233776dc0>,6,28,[ 3 13],7,-1,35,-1,7
1,<environment.Job instance at 0x7f0233776780>,7,20,[ 3 11],8,-1,28,-1,8
1,<environment.Job instance at 0x7f0233776870>,9,24,[12  2],10,-1,34,-1,10
1,<environment.Job instance at 0x7f02332994b0>,10,27,[ 1 13],11,-1,38,-1,11
1,<environment.Job instance at 0x7f0233299730>,11,24,[12  5],12,-1,36,-1,12
1,<environment.Job instance at 0x7f0233299500>,12,19,[ 4 13],13,-1,32,-1,13
1,<environment.Job instance at 0x7f0233299410>,13,24,[ 4 11],14,-1,38,-1,14
1,<environment.Job instance at 0x7f02332991e0>,14,21,[ 2 11],15,-1,36,-1,15
1,<environment.Job instance at 0x7f0233776910>,16,27,[ 3 11],17,-1,44,-1,17
1,<environment.Job instance at 0x7f02332992d0>,17,13,[12  5],18,-1,31,-1,18
1,<environment.Job instance at 0x7f0233299dc0>,18,27,[8 2],19,-1,46,-1,19
1,<environment.Job instance at 0x7f0233299a50>,19,22,[11  3],20,-1,42,-1,20
1,<environment.Job instance at 0x7f02339b6dc0>,20,27,[8 4],21,-1,48,-1,21
1,<environment.Job instance at 0x7f02339b62d0>,21,15,[ 4 14],22,-1,37,-1,22
1,<environment.Job instance at 0x7f02339b6640>,22,23,[14  5],23,-1,46,-1,23
1,<environment.Job instance at 0x7f02339b6b90>,23,22,[13  2],24,-1,46,-1,24
1,<environment.Job instance at 0x7f02339b6e10>,24,24,[ 2 14],25,-1,49,-1,25
1,<environment.Job instance at 0x7f02339b65f0>,25,24,[5 7],26,-1,50,-1,26
1,<environment.Job instance at 0x7f0233299370>,27,27,[ 5 14],28,-1,55,-1,28
1,<environment.Job instance at 0x7f02339b69b0>,26,13,[14  2],27,-1,41,-1,28
1,<environment.Job instance at 0x7f02339b6fa0>,28,28,[11  4],29,-1,57,-1,29
1,<environment.Job instance at 0x7f02339b6780>,29,23,[ 1 13],30,-1,53,-1,30
1,<environment.Job instance at 0x7f02339b6370>,30,24,[ 2 11],31,-1,55,-1,31
1,<environment.Job instance at 0x7f02339b6820>,31,26,[11  1],32,-1,58,-1,32
1,<environment.Job instance at 0x7f02339b6d70>,32,25,[ 1 12],33,-1,58,-1,33
1,<environment.Job instance at 0x7f02339b6870>,33,26,[14  3],34,-1,60,-1,34
1,<environment.Job instance at 0x7f02339b6eb0>,34,25,[13  5],35,-1,60,-1,35
1,<environment.Job instance at 0x7f02339b6af0>,35,24,[5 3],36,-1,60,-1,36
1,<environment.Job instance at 0x7f02339b6e60>,36,15,[ 1 14],37,-1,52,-1,37
1,<environment.Job instance at 0x7f0233374780>,37,24,[5 2],38,-1,62,-1,38
1,<environment.Job instance at 0x7f02333749b0>,38,25,[13  4],39,-1,64,-1,39
1,<environment.Job instance at 0x7f0233374550>,40,20,[ 4 13],41,-1,61,-1,41
1,<environment.Job instance at 0x7f0233374c80>,41,17,[13  2],42,-1,59,-1,42
1,<environment.Job instance at 0x7f0233374e60>,42,20,[ 1 11],43,-1,63,-1,43
1,<environment.Job instance at 0x7f0233414c30>,44,26,[11  3],45,-1,71,-1,45
1,<environment.Job instance at 0x7f0233374910>,46,20,[14  4],47,-1,67,-1,47
1,<environment.Job instance at 0x7f0233374960>,48,22,[ 1 11],49,-1,71,-1,49
1,<environment.Job instance at 0x7f02335840a0>,49,20,[ 3 11],50,-1,70,-1,50
1,<environment.Job instance at 0x7f0233584320>,50,22,[11  4],51,-1,74,-1,52
1,<environment.Job instance at 0x7f02339a3e60>,52,20,[12  1],53,-1,73,-1,53
1,<environment.Job instance at 0x7f02339a3370>,55,26,[9 5],56,-1,82,-1,56
1,<environment.Job instance at 0x7f0232e6b370>,56,27,[ 2 14],57,-1,84,-1,57
1,<environment.Job instance at 0x7f0232e6b280>,58,20,[ 4 11],59,-1,79,-1,59
1,<environment.Job instance at 0x7f0232e6bc80>,59,16,[ 1 11],60,-1,76,-1,60
1,<environment.Job instance at 0x7f0232e6b820>,60,28,[12  4],61,-1,89,-1,61
1,<environment.Job instance at 0x7f02339a3dc0>,62,21,[ 3 14],63,-1,86,-1,65
1,<environment.Job instance at 0x7f0232e6b3c0>,63,19,[12  4],64,-1,84,-1,65
1,<environment.Job instance at 0x7f023362c230>,64,19,[11  1],65,-1,84,-1,65
1,<environment.Job instance at 0x7f023362c4b0>,65,21,[ 1 12],66,-1,87,-1,66
1,<environment.Job instance at 0x7f023362cdc0>,66,22,[14  4],67,-1,89,-1,67
1,<environment.Job instance at 0x7f023362c960>,67,14,[ 1 11],68,-1,82,-1,68
1,<environment.Job instance at 0x7f023362cbe0>,68,26,[1 8],69,-1,95,-1,69
1,<environment.Job instance at 0x7f023362cc30>,69,19,[ 1 13],70,-1,89,-1,70
1,<environment.Job instance at 0x7f023362ce60>,70,26,[ 2 10],71,-1,97,-1,71
1,<environment.Job instance at 0x7f023362c460>,71,19,[14  4],72,-1,91,-1,72
1,<environment.Job instance at 0x7f023362c190>,72,27,[ 1 12],73,-1,100,-1,73
1,<environment.Job instance at 0x7f023362c3c0>,73,24,[5 5],74,-1,98,-1,74
1,<environment.Job instance at 0x7f023362c8c0>,74,23,[ 3 12],75,-1,98,-1,75
1,<environment.Job instance at 0x7f023362c690>,75,26,[ 5 13],76,-1,102,-1,76
1,<environment.Job instance at 0x7f023362c0f0>,76,19,[12  2],77,-1,96,-1,77
1,<environment.Job instance at 0x7f023362caf0>,77,15,[11  1],78,-1,93,-1,78
1,<environment.Job instance at 0x7f02336ea870>,78,19,[13  4],79,-1,98,-1,79
1,<environment.Job instance at 0x7f02336ead20>,79,14,[11  3],80,-1,94,-1,80
1,<environment.Job instance at 0x7f02336eaf50>,80,12,[ 3 11],81,-1,93,-1,81
1,<environment.Job instance at 0x7f02336ea410>,83,23,[ 5 12],84,-1,107,-1,84
1,<environment.Job instance at 0x7f02344071e0>,84,27,[6 1],85,-1,112,-1,85
1,<environment.Job instance at 0x7f023cc4ddc0>,85,20,[ 1 11],86,-1,106,-1,86
1,<environment.Job instance at 0x7f023cc4d460>,86,15,[12  2],87,-1,102,-1,87
1,<environment.Job instance at 0x7f023308a730>,87,24,[12  4],88,-1,112,-1,88
1,<environment.Job instance at 0x7f023308ab40>,88,23,[11  3],89,-1,112,-1,89
1,<environment.Job instance at 0x7f02338c7a50>,89,25,[11  5],90,-1,115,-1,90
1,<environment.Job instance at 0x7f02338c73c0>,90,26,[ 5 13],91,-1,117,-1,91
1,<environment.Job instance at 0x7f02338c7640>,91,19,[ 3 12],92,-1,111,-1,92
1,<environment.Job instance at 0x7f02338c7050>,92,25,[12  3],93,-1,118,-1,93
1,<environment.Job instance at 0x7f02338c7320>,93,14,[ 5 12],94,-1,108,-1,94
1,<environment.Job instance at 0x7f02338c76e0>,94,20,[ 3 14],95,-1,115,-1,95
1,<environment.Job instance at 0x7f02338c7d70>,95,24,[13  2],96,-1,120,-1,96
1,<environment.Job instance at 0x7f023cbc4d20>,1,22,[13  1],2,-1,24,-1,2
1,<environment.Job instance at 0x7f0233721a50>,3,22,[12  2],4,-1,26,-1,4
1,<environment.Job instance at 0x7f023346a280>,5,21,[12  3],6,-1,27,-1,6
1,<environment.Job instance at 0x7f02343ad4b0>,6,28,[6 2],7,-1,35,-1,7
1,<environment.Job instance at 0x7f02343ad9b0>,7,21,[ 2 11],8,-1,29,-1,8
1,<environment.Job instance at 0x7f02343addc0>,8,25,[8 3],9,-1,34,-1,9
1,<environment.Job instance at 0x7f023429f280>,9,25,[ 1 13],10,-1,35,-1,10
1,<environment.Job instance at 0x7f023429f5f0>,10,27,[3 8],11,-1,38,-1,11
1,<environment.Job instance at 0x7f023cf14dc0>,11,27,[11  5],12,-1,39,-1,12
1,<environment.Job instance at 0x7f0233674320>,12,24,[14  3],13,-1,37,-1,13
1,<environment.Job instance at 0x7f0233674820>,13,26,[ 1 12],14,-1,40,-1,14
1,<environment.Job instance at 0x7f02340fb1e0>,14,24,[13  1],15,-1,39,-1,15
1,<environment.Job instance at 0x7f02343a0410>,16,15,[ 4 12],17,-1,32,-1,17
1,<environment.Job instance at 0x7f02343a0af0>,17,23,[ 5 13],18,-1,41,-1,18
1,<environment.Job instance at 0x7f02343a0370>,18,23,[ 3 13],19,-1,42,-1,19
1,<environment.Job instance at 0x7f02343a0230>,19,26,[12  2],20,-1,46,-1,20
1,<environment.Job instance at 0x7f02338c9be0>,20,21,[ 1 12],21,-1,42,-1,21
1,<environment.Job instance at 0x7f02338c9460>,21,16,[ 2 13],22,-1,38,-1,22
1,<environment.Job instance at 0x7f0233a73140>,22,23,[13  1],23,-1,46,-1,23
1,<environment.Job instance at 0x7f0234438c80>,23,28,[13  4],24,-1,52,-1,24
1,<environment.Job instance at 0x7f023332ee60>,24,25,[14  3],25,-1,50,-1,25
1,<environment.Job instance at 0x7f02337210a0>,26,24,[14  5],27,-1,51,-1,27
1,<environment.Job instance at 0x7f023332e1e0>,25,15,[12  5],26,-1,42,-1,27
1,<environment.Job instance at 0x7f023332e2d0>,27,25,[ 4 12],28,-1,53,-1,28
1,<environment.Job instance at 0x7f0233cb3c80>,28,22,[ 2 14],29,-1,51,-1,29
1,<environment.Job instance at 0x7f0233cb3cd0>,29,25,[ 3 13],30,-1,55,-1,30
1,<environment.Job instance at 0x7f0234245640>,30,25,[13  3],31,-1,56,-1,31
1,<environment.Job instance at 0x7f0232d1b5a0>,31,25,[ 2 11],32,-1,57,-1,32
1,<environment.Job instance at 0x7f0232d1be60>,32,28,[11  3],33,-1,61,-1,33
1,<environment.Job instance at 0x7f0232d1b6e0>,33,18,[13  2],34,-1,52,-1,34
1,<environment.Job instance at 0x7f023415e550>,34,28,[13  1],35,-1,63,-1,35
1,<environment.Job instance at 0x7f023415e2d0>,35,23,[ 5 13],36,-1,59,-1,36
1,<environment.Job instance at 0x7f02330bc4b0>,36,23,[ 2 13],37,-1,60,-1,37
1,<environment.Job instance at 0x7f02330bcc30>,37,28,[ 1 12],38,-1,66,-1,38
1,<environment.Job instance at 0x7f02330bc690>,38,25,[ 2 12],39,-1,64,-1,39
1,<environment.Job instance at 0x7f0233326b90>,39,12,[ 4 14],40,-1,52,-1,40
1,<environment.Job instance at 0x7f0233c548c0>,40,28,[12  3],41,-1,69,-1,41
1,<environment.Job instance at 0x7f02332b76e0>,41,23,[11  2],42,-1,65,-1,42
1,<environment.Job instance at 0x7f0232e04e10>,43,22,[ 3 13],44,-1,66,-1,44
1,<environment.Job instance at 0x7f0232e04320>,44,27,[ 1 13],45,-1,72,-1,45
1,<environment.Job instance at 0x7f0232e04b90>,45,23,[12  5],46,-1,69,-1,46
1,<environment.Job instance at 0x7f0232e04820>,46,22,[ 3 12],47,-1,69,-1,47
1,<environment.Job instance at 0x7f0232e04d20>,47,25,[ 4 12],48,-1,73,-1,48
1,<environment.Job instance at 0x7f0233940d70>,49,24,[ 5 12],50,-1,74,-1,50
1,<environment.Job instance at 0x7f0233940d20>,50,27,[2 5],51,-1,78,-1,51
1,<environment.Job instance at 0x7f0233940e10>,51,13,[ 3 13],52,-1,65,-1,52
1,<environment.Job instance at 0x7f02339407d0>,52,23,[14  4],53,-1,76,-1,53
1,<environment.Job instance at 0x7f0233940870>,53,17,[13  5],54,-1,71,-1,54
1,<environment.Job instance at 0x7f02339402d0>,54,22,[13  1],55,-1,77,-1,55
1,<environment.Job instance at 0x7f0233940b40>,55,24,[12  4],56,-1,80,-1,56
1,<environment.Job instance at 0x7f0233940f00>,56,25,[12  3],57,-1,82,-1,57
1,<environment.Job instance at 0x7f0233940cd0>,57,27,[11  5],58,-1,85,-1,58
1,<environment.Job instance at 0x7f0233940eb0>,58,25,[ 3 11],59,-1,84,-1,59
1,<environment.Job instance at 0x7f0233940fa0>,59,21,[ 2 13],60,-1,81,-1,60
1,<environment.Job instance at 0x7f023444deb0>,61,23,[ 3 11],62,-1,85,-1,62
1,<environment.Job instance at 0x7f023444d910>,63,21,[ 1 13],64,-1,85,-1,64
1,<environment.Job instance at 0x7f02336f5c80>,64,28,[14  1],65,-1,93,-1,65
1,<environment.Job instance at 0x7f02336f50a0>,65,28,[4 5],66,-1,94,-1,66
1,<environment.Job instance at 0x7f02336f5aa0>,66,17,[ 3 14],67,-1,84,-1,67
1,<environment.Job instance at 0x7f02336f5f50>,67,25,[12  5],68,-1,93,-1,68
1,<environment.Job instance at 0x7f02332fd7d0>,68,16,[ 1 12],69,-1,85,-1,69
1,<environment.Job instance at 0x7f02332fd140>,69,17,[13  2],70,-1,87,-1,70
1,<environment.Job instance at 0x7f02332fdaa0>,70,23,[5 9],71,-1,94,-1,71
1,<environment.Job instance at 0x7f02332fd050>,71,24,[ 2 14],72,-1,96,-1,72
1,<environment.Job instance at 0x7f02336f5a50>,73,28,[11  2],74,-1,102,-1,74
1,<environment.Job instance at 0x7f0233a7ec30>,74,28,[ 4 10],75,-1,103,-1,75
1,<environment.Job instance at 0x7f0233a7e550>,76,19,[ 2 13],77,-1,96,-1,77
1,<environment.Job instance at 0x7f0233a7e190>,77,21,[ 5 12],78,-1,99,-1,78
1,<environment.Job instance at 0x7f0233a97370>,78,24,[ 4 12],79,-1,103,-1,79
1,<environment.Job instance at 0x7f023358b730>,80,26,[12  2],81,-1,107,-1,81
1,<environment.Job instance at 0x7f023358b0f0>,81,28,[ 2 14],82,-1,110,-1,82
1,<environment.Job instance at 0x7f02333972d0>,82,24,[ 1 11],83,-1,107,-1,83
1,<environment.Job instance at 0x7f02335136e0>,83,17,[ 3 11],84,-1,102,-1,85
1,<environment.Job instance at 0x7f02335135f0>,87,20,[11  1],88,-1,110,-1,90
1,<environment.Job instance at 0x7f0233513280>,88,25,[ 2 14],89,-1,115,-1,90
1,<environment.Job instance at 0x7f0233513a50>,89,17,[ 2 14],90,-1,107,-1,90
1,<environment.Job instance at 0x7f02335137d0>,90,24,[10  2],91,-1,115,-1,91
1,<environment.Job instance at 0x7f0233513230>,2,17,[ 3 11],3,-1,20,-1,3
1,<environment.Job instance at 0x7f02344940f0>,3,23,[14  2],4,-1,27,-1,4
1,<environment.Job instance at 0x7f0234494b90>,4,24,[5 9],5,-1,29,-1,5
1,<environment.Job instance at 0x7f02344949b0>,5,12,[12  5],6,-1,18,-1,6
1,<environment.Job instance at 0x7f0234494190>,6,28,[ 2 11],7,-1,35,-1,7
1,<environment.Job instance at 0x7f0234494f50>,7,26,[9 1],8,-1,34,-1,8
1,<environment.Job instance at 0x7f02344948c0>,8,24,[14  5],9,-1,33,-1,9
1,<environment.Job instance at 0x7f02344943c0>,9,23,[14  3],10,-1,33,-1,10
1,<environment.Job instance at 0x7f0234494730>,10,25,[ 1 12],11,-1,36,-1,11
1,<environment.Job instance at 0x7f02333c9b40>,11,25,[12  4],12,-1,37,-1,12
1,<environment.Job instance at 0x7f02333c9640>,12,24,[ 3 11],13,-1,37,-1,13
1,<environment.Job instance at 0x7f02333c9050>,13,25,[ 2 12],14,-1,39,-1,14
1,<environment.Job instance at 0x7f02333c9280>,14,22,[ 4 14],15,-1,37,-1,15
1,<environment.Job instance at 0x7f02333c99b0>,15,22,[13  5],16,-1,38,-1,16
1,<environment.Job instance at 0x7f02333c9410>,16,26,[11  3],17,-1,43,-1,17
1,<environment.Job instance at 0x7f02333c97d0>,17,19,[14  1],18,-1,37,-1,18
1,<environment.Job instance at 0x7f02333c9960>,18,19,[11  5],19,-1,38,-1,19
1,<environment.Job instance at 0x7f02333c9780>,19,23,[14  1],20,-1,43,-1,20
1,<environment.Job instance at 0x7f02333c95a0>,20,21,[11  2],21,-1,42,-1,21
1,<environment.Job instance at 0x7f02333c9690>,21,22,[ 3 13],22,-1,44,-1,22
1,<environment.Job instance at 0x7f02333c9870>,22,22,[14  5],23,-1,45,-1,23
1,<environment.Job instance at 0x7f02333c90f0>,23,26,[ 4 14],24,-1,50,-1,24
1,<environment.Job instance at 0x7f02333c93c0>,24,18,[ 3 14],25,-1,43,-1,25
1,<environment.Job instance at 0x7f0232e62c80>,25,22,[ 2 11],26,-1,48,-1,26
1,<environment.Job instance at 0x7f02335aa140>,27,15,[ 1 12],28,-1,43,-1,28
1,<environment.Job instance at 0x7f02339dc370>,28,22,[ 2 11],29,-1,51,-1,29
1,<environment.Job instance at 0x7f02335137d0>,29,23,[ 5 11],30,-1,53,-1,30
1,<environment.Job instance at 0x7f02333537d0>,30,24,[11  1],31,-1,55,-1,31
1,<environment.Job instance at 0x7f0233b5c4b0>,34,21,[ 2 13],35,-1,56,-1,35
1,<environment.Job instance at 0x7f0233351370>,35,26,[11  3],36,-1,62,-1,36
1,<environment.Job instance at 0x7f02338f7140>,36,25,[11  3],37,-1,62,-1,37
1,<environment.Job instance at 0x7f023335a690>,40,27,[5 8],41,-1,72,-1,45
1,<environment.Job instance at 0x7f02333515a0>,2,26,[ 4 13],3,-1,29,-1,3
1,<environment.Job instance at 0x7f0233552b90>,3,24,[14  3],4,-1,28,-1,4
1,<environment.Job instance at 0x7f0233552d70>,4,22,[11  4],5,-1,27,-1,5
1,<environment.Job instance at 0x7f0233552050>,6,20,[11  4],7,-1,27,-1,7
1,<environment.Job instance at 0x7f0233552230>,7,14,[ 4 14],8,-1,22,-1,8
1,<environment.Job instance at 0x7f0233552a00>,9,24,[11  5],10,-1,34,-1,10
1,<environment.Job instance at 0x7f0233552aa0>,10,26,[14  2],11,-1,37,-1,11
1,<environment.Job instance at 0x7f0233552c30>,11,12,[13  4],12,-1,24,-1,12
1,<environment.Job instance at 0x7f023355a280>,12,21,[ 1 14],13,-1,34,-1,13
1,<environment.Job instance at 0x7f023355a690>,13,26,[ 1 14],14,-1,40,-1,14
1,<environment.Job instance at 0x7f023355ac80>,14,28,[ 4 13],15,-1,43,-1,15
1,<environment.Job instance at 0x7f023355a5a0>,15,27,[ 5 10],16,-1,43,-1,16
1,<environment.Job instance at 0x7f023355a370>,16,22,[ 1 11],17,-1,39,-1,17
1,<environment.Job instance at 0x7f023355a5f0>,17,21,[ 1 11],18,-1,39,-1,18
1,<environment.Job instance at 0x7f023355a820>,18,20,[ 5 13],19,-1,39,-1,19
1,<environment.Job instance at 0x7f023355a640>,19,27,[ 5 13],20,-1,47,-1,20
1,<environment.Job instance at 0x7f023355af50>,20,15,[ 3 13],21,-1,36,-1,21
1,<environment.Job instance at 0x7f023355a0a0>,21,18,[ 2 11],22,-1,40,-1,22
1,<environment.Job instance at 0x7f023355a550>,22,18,[ 2 12],23,-1,41,-1,23
1,<environment.Job instance at 0x7f023355a1e0>,23,22,[ 2 11],24,-1,46,-1,24
1,<environment.Job instance at 0x7f0232a95690>,26,24,[14  3],27,-1,51,-1,27
1,<environment.Job instance at 0x7f023355adc0>,27,24,[ 2 12],28,-1,52,-1,28
1,<environment.Job instance at 0x7f02335432d0>,30,27,[2 5],31,-1,58,-1,31
1,<environment.Job instance at 0x7f0233543690>,31,25,[ 2 12],32,-1,57,-1,32
1,<environment.Job instance at 0x7f02335437d0>,32,24,[ 2 12],33,-1,57,-1,33
1,<environment.Job instance at 0x7f02335439b0>,33,23,[7 1],34,-1,57,-1,34
1,<environment.Job instance at 0x7f02335435f0>,34,23,[11  3],35,-1,58,-1,35
1,<environment.Job instance at 0x7f0233543960>,35,26,[ 1 13],36,-1,62,-1,36
1,<environment.Job instance at 0x7f0233543be0>,36,24,[12  4],37,-1,61,-1,37
1,<environment.Job instance at 0x7f02335430a0>,37,19,[ 2 12],38,-1,57,-1,38
1,<environment.Job instance at 0x7f0233543050>,38,27,[ 1 14],39,-1,66,-1,39
1,<environment.Job instance at 0x7f02335438c0>,39,20,[ 3 12],40,-1,60,-1,40
1,<environment.Job instance at 0x7f02335435a0>,40,19,[ 4 12],41,-1,60,-1,41
1,<environment.Job instance at 0x7f0233543140>,41,28,[ 5 13],42,-1,70,-1,42
1,<environment.Job instance at 0x7f02335436e0>,42,17,[ 2 14],43,-1,60,-1,43
1,<environment.Job instance at 0x7f02335430f0>,43,27,[12  4],44,-1,71,-1,44
1,<environment.Job instance at 0x7f0232b2d730>,44,28,[11  2],45,-1,73,-1,45
1,<environment.Job instance at 0x7f02333bb140>,45,17,[ 2 14],46,-1,63,-1,46
1,<environment.Job instance at 0x7f023323ad20>,46,26,[12  5],47,-1,73,-1,47
1,<environment.Job instance at 0x7f023323a5f0>,47,25,[ 3 13],48,-1,73,-1,48
1,<environment.Job instance at 0x7f023437baf0>,48,22,[ 4 11],49,-1,71,-1,49
1,<environment.Job instance at 0x7f0233957fa0>,49,25,[ 1 12],50,-1,75,-1,50
1,<environment.Job instance at 0x7f0233b5b780>,50,20,[11  1],51,-1,71,-1,51
1,<environment.Job instance at 0x7f0234075a00>,53,28,[13  5],54,-1,82,-1,54
1,<environment.Job instance at 0x7f02340755f0>,54,19,[ 1 13],55,-1,74,-1,55
1,<environment.Job instance at 0x7f0233d4e190>,56,26,[ 5 12],57,-1,83,-1,57
1,<environment.Job instance at 0x7f0232e5e4b0>,2,24,[ 4 10],3,-1,27,-1,3
1,<environment.Job instance at 0x7f0232e5ed70>,3,22,[14  1],4,-1,26,-1,4
1,<environment.Job instance at 0x7f0232a6c960>,5,24,[ 5 13],6,-1,30,-1,6
1,<environment.Job instance at 0x7f0232e5e410>,4,22,[13  1],5,-1,28,-1,6
1,<environment.Job instance at 0x7f0232e5e500>,6,22,[ 2 12],7,-1,29,-1,7
1,<environment.Job instance at 0x7f0232e5e690>,7,22,[ 4 14],8,-1,30,-1,8
1,<environment.Job instance at 0x7f0232e5eaf0>,8,18,[ 1 12],9,-1,27,-1,9
1,<environment.Job instance at 0x7f0232f3faa0>,10,25,[10  5],11,-1,36,-1,11
1,<environment.Job instance at 0x7f0232fd4c30>,11,20,[ 1 14],12,-1,32,-1,12
1,<environment.Job instance at 0x7f0232fd45a0>,12,21,[12  2],13,-1,34,-1,13
1,<environment.Job instance at 0x7f0232fd4d20>,13,27,[ 1 14],14,-1,41,-1,14
1,<environment.Job instance at 0x7f0232fd4780>,14,21,[ 3 11],15,-1,36,-1,15
1,<environment.Job instance at 0x7f0232fd4b40>,15,22,[14  1],16,-1,38,-1,16
1,<environment.Job instance at 0x7f023329faa0>,16,20,[ 4 13],17,-1,37,-1,17
1,<environment.Job instance at 0x7f02335beb90>,17,28,[9 2],18,-1,46,-1,18
1,<environment.Job instance at 0x7f0233c22d70>,19,15,[ 5 12],20,-1,35,-1,20
1,<environment.Job instance at 0x7f0232e5e730>,21,26,[13  4],22,-1,48,-1,22
1,<environment.Job instance at 0x7f0233c22960>,20,22,[11  4],21,-1,44,-1,22
1,<environment.Job instance at 0x7f0233c22410>,22,22,[13  3],23,-1,45,-1,23
1,<environment.Job instance at 0x7f0233c22550>,23,24,[ 5 11],24,-1,48,-1,24
1,<environment.Job instance at 0x7f0233c220a0>,24,22,[ 4 11],25,-1,47,-1,25
1,<environment.Job instance at 0x7f0233c226e0>,25,25,[ 5 14],26,-1,51,-1,26
1,<environment.Job instance at 0x7f0233c76c30>,26,24,[ 5 11],27,-1,51,-1,27
1,<environment.Job instance at 0x7f0233c22b90>,28,23,[ 2 14],29,-1,52,-1,29
1,<environment.Job instance at 0x7f0233c2f7d0>,27,20,[13  1],28,-1,49,-1,29
1,<environment.Job instance at 0x7f0233c2f8c0>,29,27,[9 4],30,-1,57,-1,30
1,<environment.Job instance at 0x7f0233c0f320>,30,23,[ 3 11],31,-1,54,-1,31
1,<environment.Job instance at 0x7f0233c0f1e0>,31,12,[12  5],32,-1,44,-1,32
1,<environment.Job instance at 0x7f0233c0f960>,32,23,[14  4],33,-1,56,-1,33
1,<environment.Job instance at 0x7f0232fb5fa0>,34,21,[13  5],35,-1,56,-1,35
1,<environment.Job instance at 0x7f023399d410>,35,27,[11  5],36,-1,63,-1,36
1,<environment.Job instance at 0x7f023399dc80>,36,20,[ 1 11],37,-1,57,-1,37
1,<environment.Job instance at 0x7f0233c0f0f0>,38,22,[11  5],39,-1,61,-1,39
1,<environment.Job instance at 0x7f023397b2d0>,37,20,[13  1],38,-1,59,-1,39
1,<environment.Job instance at 0x7f023397b640>,39,19,[ 3 12],40,-1,59,-1,40
1,<environment.Job instance at 0x7f02339e0820>,41,21,[ 3 14],42,-1,63,-1,42
1,<environment.Job instance at 0x7f0232ca33c0>,40,19,[13  3],41,-1,61,-1,42
1,<environment.Job instance at 0x7f0234466b90>,42,16,[ 2 12],43,-1,59,-1,43
1,<environment.Job instance at 0x7f0234466a50>,43,23,[ 3 13],44,-1,67,-1,44
1,<environment.Job instance at 0x7f0232ff79b0>,45,25,[ 1 14],46,-1,71,-1,46
1,<environment.Job instance at 0x7f0232ff7a50>,46,21,[ 1 11],47,-1,68,-1,47
1,<environment.Job instance at 0x7f0232ff7e60>,47,17,[ 2 14],48,-1,65,-1,48
1,<environment.Job instance at 0x7f0232ff71e0>,48,25,[2 8],49,-1,74,-1,49
1,<environment.Job instance at 0x7f023366d280>,49,19,[12  3],50,-1,69,-1,50
1,<environment.Job instance at 0x7f023366d500>,50,13,[11  1],51,-1,64,-1,51
1,<environment.Job instance at 0x7f023366d0a0>,51,23,[13  2],52,-1,75,-1,52
1,<environment.Job instance at 0x7f023366dd20>,53,19,[ 3 11],54,-1,73,-1,54
1,<environment.Job instance at 0x7f0232b2e460>,54,28,[11  3],55,-1,83,-1,55
1,<environment.Job instance at 0x7f023366d410>,56,27,[14  3],57,-1,84,-1,57
1,<environment.Job instance at 0x7f0232b2e0f0>,58,25,[ 1 13],59,-1,84,-1,59
1,<environment.Job instance at 0x7f0232d52960>,61,24,[ 5 11],62,-1,86,-1,62
1,<environment.Job instance at 0x7f02337c6cd0>,62,20,[ 5 11],63,-1,83,-1,63
1,<environment.Job instance at 0x7f02337c6910>,63,21,[13  4],64,-1,85,-1,64
1,<environment.Job instance at 0x7f02335aa190>,64,25,[12  4],65,-1,90,-1,65
1,<environment.Job instance at 0x7f02335aad70>,67,21,[ 4 12],68,-1,90,-1,69
1,<environment.Job instance at 0x7f02335aacd0>,68,13,[ 2 12],69,-1,82,-1,69
1,<environment.Job instance at 0x7f0233d67f00>,69,25,[3 8],70,-1,95,-1,70
1,<environment.Job instance at 0x7f0232a39230>,70,21,[12  5],71,-1,92,-1,71
1,<environment.Job instance at 0x7f0232a39dc0>,71,21,[ 5 11],72,-1,93,-1,72
1,<environment.Job instance at 0x7f0232a393c0>,72,21,[ 1 11],73,-1,94,-1,73
1,<environment.Job instance at 0x7f0233529eb0>,73,21,[12  4],74,-1,95,-1,74
1,<environment.Job instance at 0x7f02335298c0>,74,21,[13  3],75,-1,96,-1,75
1,<environment.Job instance at 0x7f0233b1ed70>,75,27,[3 5],76,-1,103,-1,76
1,<environment.Job instance at 0x7f02335cd820>,76,25,[5 9],77,-1,102,-1,77
1,<environment.Job instance at 0x7f023421a820>,77,27,[ 1 14],78,-1,105,-1,78
1,<environment.Job instance at 0x7f023421a320>,78,24,[9 3],79,-1,103,-1,79
1,<environment.Job instance at 0x7f023421a050>,79,23,[ 2 14],80,-1,103,-1,80
1,<environment.Job instance at 0x7f023421aeb0>,80,19,[ 5 13],81,-1,100,-1,81
1,<environment.Job instance at 0x7f0233737b90>,82,18,[ 5 14],83,-1,101,-1,83
1,<environment.Job instance at 0x7f02337379b0>,83,15,[12  2],84,-1,99,-1,84
1,<environment.Job instance at 0x7f0233737910>,84,27,[13  3],85,-1,112,-1,85
1,<environment.Job instance at 0x7f02335aa7d0>,86,25,[ 5 12],87,-1,116,-1,91
1,<environment.Job instance at 0x7f0233737050>,87,27,[ 5 14],88,-1,118,-1,91
1,<environment.Job instance at 0x7f02337374b0>,88,19,[13  4],89,-1,110,-1,91
1,<environment.Job instance at 0x7f02337377d0>,89,27,[14  3],90,-1,118,-1,91
1,<environment.Job instance at 0x7f02337378c0>,90,26,[ 1 12],91,-1,117,-1,91
1,<environment.Job instance at 0x7f0233737eb0>,91,28,[ 3 14],92,-1,120,-1,92
1,<environment.Job instance at 0x7f0233737f00>,92,26,[13  5],93,-1,119,-1,93
1,<environment.Job instance at 0x7f0233737960>,93,13,[ 4 11],94,-1,107,-1,94
1,<environment.Job instance at 0x7f02337371e0>,94,18,[14  3],95,-1,113,-1,95
1,<environment.Job instance at 0x7f0233737f50>,95,28,[14  5],96,-1,124,-1,96
1,<environment.Job instance at 0x7f0233737aa0>,96,27,[ 5 11],97,-1,124,-1,97
1,<environment.Job instance at 0x7f0233737870>,97,23,[ 4 12],98,-1,121,-1,98
1,<environment.Job instance at 0x7f0233737820>,98,27,[ 2 12],99,-1,126,-1,99
1,<environment.Job instance at 0x7f0233737c80>,3,24,[ 1 14],4,-1,28,-1,4
1,<environment.Job instance at 0x7f02333faf00>,5,21,[ 3 13],6,-1,27,-1,6
1,<environment.Job instance at 0x7f02333f0190>,6,28,[9 5],7,-1,35,-1,7
1,<environment.Job instance at 0x7f02333f0050>,7,20,[13  1],8,-1,28,-1,8
1,<environment.Job instance at 0x7f02333f0230>,8,19,[ 2 13],9,-1,28,-1,9
1,<environment.Job instance at 0x7f02333f0280>,9,28,[11  3],10,-1,38,-1,10
1,<environment.Job instance at 0x7f02333f0370>,10,23,[11  2],11,-1,34,-1,11
1,<environment.Job instance at 0x7f02333f03c0>,11,22,[12  2],12,-1,34,-1,12
1,<environment.Job instance at 0x7f02333f0460>,12,24,[ 5 12],13,-1,37,-1,13
1,<environment.Job instance at 0x7f02333f0500>,13,28,[ 5 10],14,-1,42,-1,14
1,<environment.Job instance at 0x7f02333f05a0>,14,21,[ 4 13],15,-1,36,-1,15
1,<environment.Job instance at 0x7f02333f06e0>,16,28,[ 4 14],17,-1,45,-1,17
1,<environment.Job instance at 0x7f02333f0aa0>,21,13,[ 4 14],22,-1,69,-1,56
1,<environment.Job instance at 0x7f02333f0910>,22,16,[ 5 13],23,-1,72,-1,56
1,<environment.Job instance at 0x7f02333f07d0>,23,24,[14  4],24,-1,80,-1,56
1,<environment.Job instance at 0x7f02333f0c30>,24,25,[ 4 13],25,-1,81,-1,56
1,<environment.Job instance at 0x7f02333f0c80>,25,20,[13  1],26,-1,76,-1,56
1,<environment.Job instance at 0x7f02333f0d70>,26,27,[10  4],27,-1,83,-1,56
1,<environment.Job instance at 0x7f02333f0be0>,28,21,[2 5],29,-1,77,-1,56
1,<environment.Job instance at 0x7f02333f0f50>,29,24,[ 4 10],30,-1,80,-1,56
1,<environment.Job instance at 0x7f02333f0fa0>,30,26,[ 4 13],31,-1,82,-1,56
1,<environment.Job instance at 0x7f0233408140>,31,25,[12  3],32,-1,81,-1,56
1,<environment.Job instance at 0x7f02334081e0>,32,23,[7 4],33,-1,79,-1,56
1,<environment.Job instance at 0x7f0233408280>,33,23,[ 5 13],34,-1,79,-1,56
1,<environment.Job instance at 0x7f0233408320>,34,12,[12  2],35,-1,68,-1,56
1,<environment.Job instance at 0x7f02334080a0>,35,16,[11  5],36,-1,72,-1,56
1,<environment.Job instance at 0x7f02334084b0>,36,19,[ 3 12],37,-1,75,-1,56
1,<environment.Job instance at 0x7f0233408410>,37,20,[ 3 12],38,-1,76,-1,56
1,<environment.Job instance at 0x7f0233408460>,38,25,[11  1],39,-1,81,-1,56
1,<environment.Job instance at 0x7f0233408550>,39,26,[ 3 14],40,-1,82,-1,56
1,<environment.Job instance at 0x7f0233408690>,40,26,[14  1],41,-1,82,-1,56
1,<environment.Job instance at 0x7f0233408730>,41,19,[14  5],42,-1,75,-1,56
1,<environment.Job instance at 0x7f02334087d0>,42,26,[5 9],43,-1,82,-1,56
1,<environment.Job instance at 0x7f0233408870>,43,20,[ 4 12],44,-1,76,-1,56
1,<environment.Job instance at 0x7f0233408910>,44,26,[ 2 12],45,-1,82,-1,56
1,<environment.Job instance at 0x7f0233408a00>,45,14,[ 3 14],46,-1,70,-1,56
1,<environment.Job instance at 0x7f0233408a50>,46,22,[11  2],47,-1,78,-1,56
1,<environment.Job instance at 0x7f02334089b0>,47,28,[6 5],48,-1,84,-1,56
1,<environment.Job instance at 0x7f0233408be0>,48,16,[14  5],49,-1,72,-1,56
1,<environment.Job instance at 0x7f0233408cd0>,49,24,[14  1],50,-1,80,-1,56
1,<environment.Job instance at 0x7f0233408d70>,50,23,[ 5 12],51,-1,79,-1,56
1,<environment.Job instance at 0x7f0233408b90>,52,27,[11  1],53,-1,99,-1,72
1,<environment.Job instance at 0x7f0233408fa0>,53,24,[ 5 14],54,-1,96,-1,72
1,<environment.Job instance at 0x7f0233408f00>,55,15,[12  1],56,-1,88,-1,73
1,<environment.Job instance at 0x7f02330d2230>,56,23,[13  4],57,-1,96,-1,73
1,<environment.Job instance at 0x7f02330d2320>,57,14,[11  2],58,-1,87,-1,73
1,<environment.Job instance at 0x7f02330d22d0>,58,23,[ 5 12],59,-1,96,-1,73
1,<environment.Job instance at 0x7f02330d2410>,59,27,[13  3],60,-1,100,-1,73
1,<environment.Job instance at 0x7f02330d24b0>,60,25,[5 4],61,-1,98,-1,73
1,<environment.Job instance at 0x7f02330d2550>,61,20,[2 5],62,-1,93,-1,73
1,<environment.Job instance at 0x7f02330d25f0>,62,24,[ 4 13],63,-1,97,-1,73
1,<environment.Job instance at 0x7f02330d2690>,63,22,[ 1 13],64,-1,95,-1,73
1,<environment.Job instance at 0x7f02330d27d0>,65,16,[ 1 13],66,-1,102,-1,86
1,<environment.Job instance at 0x7f02330d2870>,66,27,[13  5],67,-1,113,-1,86
1,<environment.Job instance at 0x7f02330d2910>,67,26,[1 8],68,-1,112,-1,86
1,<environment.Job instance at 0x7f02330d29b0>,68,24,[5 3],69,-1,110,-1,86
1,<environment.Job instance at 0x7f02330d2a50>,69,20,[13  3],70,-1,106,-1,86
1,<environment.Job instance at 0x7f02330d2af0>,70,13,[11  1],71,-1,99,-1,86
1,<environment.Job instance at 0x7f02330d2b90>,71,23,[12  2],72,-1,109,-1,86
1,<environment.Job instance at 0x7f0232eda960>,72,27,[12  1],73,-1,113,-1,86
1,<environment.Job instance at 0x7f0233ce88c0>,73,27,[ 3 13],74,-1,113,-1,86
1,<environment.Job instance at 0x7f02333f2460>,74,21,[12  1],75,-1,107,-1,86
1,<environment.Job instance at 0x7f02333f2140>,75,26,[14  3],76,-1,112,-1,86
1,<environment.Job instance at 0x7f02333f21e0>,76,18,[12  4],77,-1,104,-1,86
1,<environment.Job instance at 0x7f02334196e0>,77,25,[14  3],78,-1,111,-1,86
1,<environment.Job instance at 0x7f0233419a50>,78,27,[8 1],79,-1,113,-1,86
1,<environment.Job instance at 0x7f0233419280>,79,27,[13  5],80,-1,113,-1,86
1,<environment.Job instance at 0x7f0233419dc0>,80,20,[ 3 12],81,-1,106,-1,86
1,<environment.Job instance at 0x7f02334197d0>,81,28,[ 1 14],82,-1,114,-1,86
1,<environment.Job instance at 0x7f0233419e60>,82,23,[13  1],83,-1,109,-1,86
1,<environment.Job instance at 0x7f0233419f00>,83,21,[ 2 10],84,-1,107,-1,86
1,<environment.Job instance at 0x7f0233419640>,84,20,[ 5 14],85,-1,106,-1,86
1,<environment.Job instance at 0x7f0233419eb0>,85,17,[ 4 12],86,-1,103,-1,86
1,<environment.Job instance at 0x7f02334190a0>,86,27,[13  3],87,-1,114,-1,87
1,<environment.Job instance at 0x7f0233419190>,87,28,[ 5 12],88,-1,116,-1,88
1,<environment.Job instance at 0x7f0233419c80>,88,22,[4 6],89,-1,116,-1,94
1,<environment.Job instance at 0x7f0233419550>,89,23,[ 4 12],90,-1,117,-1,94
1,<environment.Job instance at 0x7f0233419050>,90,20,[ 1 12],91,-1,114,-1,94
1,<environment.Job instance at 0x7f0233419780>,91,26,[ 4 11],92,-1,120,-1,94
1,<environment.Job instance at 0x7f02334195a0>,92,24,[12  3],93,-1,118,-1,94
1,<environment.Job instance at 0x7f0233419aa0>,93,27,[11  2],94,-1,121,-1,94
1,<environment.Job instance at 0x7f0233cf3d70>,94,17,[13  5],95,-1,112,-1,95
1,<environment.Job instance at 0x7f023316eeb0>,96,26,[5 8],97,-1,123,-1,97
1,<environment.Job instance at 0x7f02331870a0>,97,27,[ 5 11],98,-1,125,-1,98
1,<environment.Job instance at 0x7f02336d5c80>,98,27,[ 4 12],99,-1,126,-1,99
1,<environment.Job instance at 0x7f0233cfea50>,1,26,[11  3],2,-1,28,-1,2
1,<environment.Job instance at 0x7f02336d5690>,2,27,[12  1],3,-1,30,-1,3
1,<environment.Job instance at 0x7f02336d5c80>,4,13,[11  3],5,-1,18,-1,5
1,<environment.Job instance at 0x7f0233cfeeb0>,5,20,[14  5],6,-1,26,-1,6
1,<environment.Job instance at 0x7f0233cfe6e0>,6,24,[ 1 13],7,-1,31,-1,7
1,<environment.Job instance at 0x7f02334267d0>,7,20,[12  2],8,-1,28,-1,8
1,<environment.Job instance at 0x7f02334262d0>,8,26,[12  5],9,-1,35,-1,9
1,<environment.Job instance at 0x7f02334269b0>,9,27,[ 5 13],10,-1,37,-1,10
1,<environment.Job instance at 0x7f0233426550>,10,28,[13  2],11,-1,39,-1,11
1,<environment.Job instance at 0x7f0233426730>,11,14,[ 2 13],12,-1,26,-1,12
1,<environment.Job instance at 0x7f0233cfe280>,12,28,[ 5 14],13,-1,41,-1,13
1,<environment.Job instance at 0x7f02334260a0>,14,13,[ 2 14],15,-1,28,-1,15
1,<environment.Job instance at 0x7f0233426d70>,15,24,[ 3 14],16,-1,40,-1,16
1,<environment.Job instance at 0x7f0233426690>,16,20,[13  3],17,-1,37,-1,17
1,<environment.Job instance at 0x7f0233426f50>,17,21,[13  3],18,-1,39,-1,18
1,<environment.Job instance at 0x7f0233426500>,18,28,[ 2 14],19,-1,47,-1,19
1,<environment.Job instance at 0x7f0233426fa0>,19,19,[13  2],20,-1,39,-1,20
1,<environment.Job instance at 0x7f0233426b40>,21,15,[ 2 11],22,-1,37,-1,22
1,<environment.Job instance at 0x7f0233426af0>,23,22,[8 4],24,-1,50,-1,28
1,<environment.Job instance at 0x7f0233426a00>,26,14,[ 3 13],27,-1,42,-1,28
1,<environment.Job instance at 0x7f02334263c0>,27,22,[ 3 11],28,-1,50,-1,28
1,<environment.Job instance at 0x7f0233cce0a0>,29,28,[14  1],30,-1,58,-1,30
1,<environment.Job instance at 0x7f0233cce780>,30,19,[14  5],31,-1,50,-1,31
1,<environment.Job instance at 0x7f0233cce690>,31,27,[ 1 12],32,-1,59,-1,32
1,<environment.Job instance at 0x7f0233cce9b0>,32,23,[ 5 11],33,-1,56,-1,33
1,<environment.Job instance at 0x7f0233ccebe0>,33,16,[12  1],34,-1,50,-1,34
1,<environment.Job instance at 0x7f0233cce370>,34,26,[14  2],35,-1,61,-1,35
1,<environment.Job instance at 0x7f0233cceaf0>,35,14,[13  2],36,-1,50,-1,36
1,<environment.Job instance at 0x7f0233cce3c0>,37,27,[12  1],38,-1,66,-1,39
1,<environment.Job instance at 0x7f0233ccedc0>,38,24,[12  1],39,-1,63,-1,39
1,<environment.Job instance at 0x7f0233cce500>,39,23,[ 5 12],40,-1,63,-1,40
1,<environment.Job instance at 0x7f0233ccef00>,41,22,[14  4],42,-1,64,-1,42
1,<environment.Job instance at 0x7f0233cce7d0>,43,19,[14  2],44,-1,66,-1,47
1,<environment.Job instance at 0x7f0233cce140>,44,26,[ 3 10],45,-1,73,-1,47
1,<environment.Job instance at 0x7f02336b1b40>,45,28,[12  3],46,-1,75,-1,47
1,<environment.Job instance at 0x7f02336b1a50>,46,19,[ 2 11],47,-1,66,-1,47
1,<environment.Job instance at 0x7f02336b1f00>,47,26,[14  5],48,-1,74,-1,48
1,<environment.Job instance at 0x7f02336b1c80>,48,23,[10  4],49,-1,72,-1,49
1,<environment.Job instance at 0x7f02336b1cd0>,49,24,[7 5],50,-1,74,-1,50
1,<environment.Job instance at 0x7f02336b1280>,51,26,[13  5],52,-1,79,-1,53
1,<environment.Job instance at 0x7f02336b1c30>,52,28,[ 1 11],53,-1,81,-1,53
1,<environment.Job instance at 0x7f02336b1be0>,53,24,[ 3 13],54,-1,78,-1,54
1,<environment.Job instance at 0x7f02336b1b90>,54,15,[13  3],55,-1,70,-1,55
1,<environment.Job instance at 0x7f02336b1640>,55,24,[14  5],56,-1,80,-1,56
1,<environment.Job instance at 0x7f02336b1500>,56,25,[14  3],57,-1,82,-1,57
1,<environment.Job instance at 0x7f02336b1690>,57,15,[ 5 13],58,-1,73,-1,58
1,<environment.Job instance at 0x7f02336b1fa0>,58,27,[5 5],59,-1,86,-1,59
1,<environment.Job instance at 0x7f02336b11e0>,59,20,[ 5 13],60,-1,80,-1,60
1,<environment.Job instance at 0x7f02336b17d0>,60,23,[14  5],61,-1,84,-1,61
1,<environment.Job instance at 0x7f02336b1050>,61,25,[12  3],62,-1,87,-1,62
1,<environment.Job instance at 0x7f02336b18c0>,62,28,[11  2],63,-1,91,-1,63
1,<environment.Job instance at 0x7f02336b1910>,63,23,[12  3],64,-1,87,-1,64
1,<environment.Job instance at 0x7f02336b1d70>,64,25,[ 3 13],65,-1,90,-1,65
1,<environment.Job instance at 0x7f02336b12d0>,65,24,[ 3 14],66,-1,90,-1,66
1,<environment.Job instance at 0x7f02336b1140>,66,20,[11  4],67,-1,87,-1,67
1,<environment.Job instance at 0x7f02336e20f0>,67,20,[11  2],68,-1,88,-1,68
1,<environment.Job instance at 0x7f02336e2b90>,68,20,[ 1 13],69,-1,89,-1,69
1,<environment.Job instance at 0x7f02336e2870>,69,25,[10  3],70,-1,95,-1,70
1,<environment.Job instance at 0x7f02336e2cd0>,71,13,[12  1],72,-1,85,-1,72
1,<environment.Job instance at 0x7f02336e21e0>,72,20,[12  4],73,-1,93,-1,73
1,<environment.Job instance at 0x7f02336e25a0>,73,26,[ 5 10],74,-1,100,-1,74
1,<environment.Job instance at 0x7f02336e2e60>,74,27,[ 2 13],75,-1,102,-1,75
1,<environment.Job instance at 0x7f02336e23c0>,75,20,[ 2 14],76,-1,96,-1,76
1,<environment.Job instance at 0x7f02336e24b0>,76,20,[ 3 11],77,-1,97,-1,77
1,<environment.Job instance at 0x7f02336e2f00>,77,20,[ 4 11],78,-1,98,-1,78
1,<environment.Job instance at 0x7f02336e2a00>,78,26,[ 2 11],79,-1,105,-1,79
1,<environment.Job instance at 0x7f02336e2e10>,79,20,[14  4],80,-1,100,-1,80
1,<environment.Job instance at 0x7f02336e2820>,80,16,[ 4 12],81,-1,97,-1,81
1,<environment.Job instance at 0x7f02336e2410>,82,26,[ 1 12],83,-1,109,-1,83
1,<environment.Job instance at 0x7f02336e2fa0>,83,24,[13  3],84,-1,108,-1,84
1,<environment.Job instance at 0x7f02336e22d0>,84,12,[12  2],85,-1,97,-1,85
1,<environment.Job instance at 0x7f02336e2140>,85,28,[ 5 11],86,-1,114,-1,86
1,<environment.Job instance at 0x7f02334190f0>,86,16,[14  4],87,-1,103,-1,87
1,<environment.Job instance at 0x7f02334194b0>,87,21,[11  5],88,-1,109,-1,88
1,<environment.Job instance at 0x7f0233419e10>,88,20,[ 2 14],89,-1,109,-1,89
1,<environment.Job instance at 0x7f0233419c30>,89,22,[13  5],90,-1,112,-1,90
1,<environment.Job instance at 0x7f0233419140>,90,22,[ 2 12],91,-1,113,-1,91
1,<environment.Job instance at 0x7f02333f2410>,92,27,[ 4 14],93,-1,120,-1,93
1,<environment.Job instance at 0x7f02333f2f00>,93,22,[ 2 14],94,-1,116,-1,94
1,<environment.Job instance at 0x7f02333f2d20>,95,25,[5 1],96,-1,121,-1,96
1,<environment.Job instance at 0x7f02333f2fa0>,96,27,[14  2],97,-1,124,-1,97
1,<environment.Job instance at 0x7f02333f2c80>,97,28,[14  4],98,-1,126,-1,98
1,<environment.Job instance at 0x7f02333f2780>,98,23,[11  4],99,-1,122,-1,99
1,<environment.Job instance at 0x7f0233596a00>,3,26,[11  2],4,-1,30,-1,4
1,<environment.Job instance at 0x7f0233596a50>,4,27,[14  1],5,-1,32,-1,5
1,<environment.Job instance at 0x7f02335967d0>,6,28,[13  5],7,-1,35,-1,7
1,<environment.Job instance at 0x7f02335965f0>,7,24,[11  2],8,-1,32,-1,8
1,<environment.Job instance at 0x7f02335961e0>,8,19,[12  1],9,-1,28,-1,9
1,<environment.Job instance at 0x7f0233596190>,9,19,[ 4 12],10,-1,29,-1,10
1,<environment.Job instance at 0x7f0233596910>,10,25,[ 1 11],11,-1,36,-1,11
1,<environment.Job instance at 0x7f0233596f00>,11,21,[11  2],12,-1,33,-1,12
1,<environment.Job instance at 0x7f02335963c0>,12,25,[14  2],13,-1,38,-1,13
1,<environment.Job instance at 0x7f0233596370>,13,24,[ 3 12],14,-1,38,-1,14
1,<environment.Job instance at 0x7f0233596550>,14,23,[ 4 14],15,-1,38,-1,15
1,<environment.Job instance at 0x7f02335969b0>,15,27,[14  1],16,-1,43,-1,16
1,<environment.Job instance at 0x7f0233900fa0>,16,26,[ 5 14],17,-1,43,-1,17
1,<environment.Job instance at 0x7f0233900460>,17,20,[13  3],18,-1,38,-1,18
1,<environment.Job instance at 0x7f02339009b0>,18,20,[ 3 13],19,-1,39,-1,19
1,<environment.Job instance at 0x7f0233900370>,19,22,[ 5 14],20,-1,42,-1,20
1,<environment.Job instance at 0x7f02339008c0>,20,26,[11  1],21,-1,47,-1,21
1,<environment.Job instance at 0x7f0233900c80>,21,24,[12  2],22,-1,46,-1,22
1,<environment.Job instance at 0x7f0233900af0>,22,24,[ 4 13],23,-1,47,-1,23
1,<environment.Job instance at 0x7f0233900e10>,23,23,[ 2 12],24,-1,47,-1,24
1,<environment.Job instance at 0x7f0233900d70>,24,12,[ 1 13],25,-1,37,-1,25
1,<environment.Job instance at 0x7f0233900a00>,25,26,[12  5],26,-1,52,-1,26
1,<environment.Job instance at 0x7f0233900780>,26,25,[14  3],27,-1,52,-1,27
1,<environment.Job instance at 0x7f02339002d0>,29,18,[ 1 14],30,-1,48,-1,30
1,<environment.Job instance at 0x7f0233900280>,30,19,[11  5],31,-1,52,-1,33
1,<environment.Job instance at 0x7f0233900b90>,33,28,[12  5],34,-1,62,-1,34
1,<environment.Job instance at 0x7f0233b1e550>,34,20,[11  1],35,-1,55,-1,35
1,<environment.Job instance at 0x7f0233b1e230>,35,14,[13  1],36,-1,50,-1,36
1,<environment.Job instance at 0x7f0233b1eb90>,36,17,[ 2 13],37,-1,54,-1,37
1,<environment.Job instance at 0x7f0233b1e460>,37,24,[13  1],38,-1,62,-1,38
1,<environment.Job instance at 0x7f0233b1e8c0>,38,19,[13  2],39,-1,58,-1,39
1,<environment.Job instance at 0x7f0233b1e5f0>,39,21,[11  2],40,-1,61,-1,40
1,<environment.Job instance at 0x7f0233b1ecd0>,40,25,[ 4 11],41,-1,66,-1,41
1,<environment.Job instance at 0x7f0233b1ef50>,41,25,[ 1 12],42,-1,67,-1,42
1,<environment.Job instance at 0x7f0233b1ea50>,42,24,[ 2 14],43,-1,67,-1,43
1,<environment.Job instance at 0x7f0233b1ee60>,43,21,[ 2 13],44,-1,65,-1,44
1,<environment.Job instance at 0x7f0233b1e7d0>,44,25,[14  5],45,-1,70,-1,45
1,<environment.Job instance at 0x7f0233b1e730>,46,22,[3 8],47,-1,80,-1,58
1,<environment.Job instance at 0x7f0233900050>,47,26,[ 3 13],48,-1,84,-1,58
1,<environment.Job instance at 0x7f0233b1e870>,48,25,[ 4 10],49,-1,83,-1,58
1,<environment.Job instance at 0x7f0233b1e410>,49,15,[13  1],50,-1,73,-1,58
1,<environment.Job instance at 0x7f0233b1e780>,50,27,[6 2],51,-1,85,-1,58
1,<environment.Job instance at 0x7f0233b1ec80>,51,25,[11  2],52,-1,83,-1,58
1,<environment.Job instance at 0x7f0233b1e320>,52,22,[14  5],53,-1,80,-1,58
1,<environment.Job instance at 0x7f0233b1e500>,53,24,[ 4 13],54,-1,82,-1,58
1,<environment.Job instance at 0x7f02331866e0>,54,24,[6 4],55,-1,82,-1,58
1,<environment.Job instance at 0x7f0233186280>,55,15,[11  3],56,-1,73,-1,58
1,<environment.Job instance at 0x7f0233186c80>,56,19,[12  1],57,-1,77,-1,58
1,<environment.Job instance at 0x7f0233186dc0>,57,16,[14  3],58,-1,74,-1,58
1,<environment.Job instance at 0x7f0233186f50>,58,27,[ 5 12],59,-1,86,-1,59
1,<environment.Job instance at 0x7f0233186320>,59,27,[ 3 14],60,-1,87,-1,60
1,<environment.Job instance at 0x7f02331861e0>,60,28,[ 3 13],61,-1,89,-1,61
1,<environment.Job instance at 0x7f0233186a50>,61,28,[11  1],62,-1,90,-1,62
1,<environment.Job instance at 0x7f0233186b90>,62,25,[ 4 11],63,-1,88,-1,63
1,<environment.Job instance at 0x7f02331868c0>,63,22,[11  4],64,-1,86,-1,64
1,<environment.Job instance at 0x7f02331864b0>,65,25,[12  3],66,-1,91,-1,66
1,<environment.Job instance at 0x7f0233186960>,66,22,[ 4 11],67,-1,89,-1,67
1,<environment.Job instance at 0x7f0233186e10>,67,13,[ 1 14],68,-1,81,-1,68
1,<environment.Job instance at 0x7f0233186cd0>,68,25,[1 8],69,-1,94,-1,69
1,<environment.Job instance at 0x7f023343c280>,69,17,[ 3 13],70,-1,87,-1,70
1,<environment.Job instance at 0x7f023343caf0>,71,20,[ 4 11],72,-1,92,-1,72
1,<environment.Job instance at 0x7f023343cdc0>,72,19,[ 1 13],73,-1,92,-1,73
1,<environment.Job instance at 0x7f023343ccd0>,73,27,[4 8],74,-1,101,-1,74
1,<environment.Job instance at 0x7f023343cc30>,74,19,[ 3 11],75,-1,94,-1,75
1,<environment.Job instance at 0x7f023343c5a0>,75,27,[14  3],76,-1,103,-1,76
1,<environment.Job instance at 0x7f023343c2d0>,76,24,[11  3],77,-1,101,-1,77
1,<environment.Job instance at 0x7f0233186fa0>,78,26,[ 3 11],79,-1,106,-1,80
1,<environment.Job instance at 0x7f023343c6e0>,79,19,[13  1],80,-1,99,-1,80
1,<environment.Job instance at 0x7f023343c140>,80,27,[12  4],81,-1,108,-1,81
1,<environment.Job instance at 0x7f02333590f0>,82,24,[14  2],83,-1,107,-1,83
1,<environment.Job instance at 0x7f0233359aa0>,83,22,[ 2 14],84,-1,106,-1,84
1,<environment.Job instance at 0x7f0233359c30>,84,14,[ 4 12],85,-1,99,-1,85
1,<environment.Job instance at 0x7f02333595f0>,85,26,[1 6],86,-1,112,-1,86
1,<environment.Job instance at 0x7f023343c4b0>,87,22,[ 3 14],88,-1,115,-1,93
1,<environment.Job instance at 0x7f02333593c0>,88,26,[ 5 11],89,-1,119,-1,93
1,<environment.Job instance at 0x7f0233359b90>,89,26,[ 4 13],90,-1,119,-1,93
1,<environment.Job instance at 0x7f0233359af0>,90,20,[ 3 10],91,-1,115,-1,95
1,<environment.Job instance at 0x7f02333598c0>,91,24,[11  4],92,-1,119,-1,95
1,<environment.Job instance at 0x7f0233359410>,92,21,[13  3],93,-1,116,-1,95
1,<environment.Job instance at 0x7f0233359370>,93,19,[ 3 11],94,-1,114,-1,95
1,<environment.Job instance at 0x7f02333592d0>,94,14,[ 2 12],95,-1,109,-1,95
1,<environment.Job instance at 0x7f02333591e0>,95,26,[ 3 10],96,-1,122,-1,96
1,<environment.Job instance at 0x7f0233359b40>,96,27,[ 5 12],97,-1,124,-1,97
1,<environment.Job instance at 0x7f0233359fa0>,97,14,[11  5],98,-1,112,-1,98
1,<environment.Job instance at 0x7f02333599b0>,98,20,[13  3],99,-1,119,-1,99
1,<environment.Job instance at 0x7fad67931460>,2,22,[ 4 14],3,-1,25,-1,3
1,<environment.Job instance at 0x7fad679315f0>,3,25,[ 5 14],4,-1,29,-1,4
1,<environment.Job instance at 0x7fad67931500>,4,21,[ 1 12],5,-1,26,-1,5
1,<environment.Job instance at 0x7fad710a91e0>,7,25,[6 2],8,-1,34,-1,9
1,<environment.Job instance at 0x7fad67931960>,9,19,[13  1],10,-1,29,-1,10
1,<environment.Job instance at 0x7fad67931a00>,10,23,[ 4 14],11,-1,34,-1,11
1,<environment.Job instance at 0x7fad67931aa0>,11,25,[ 4 12],12,-1,37,-1,12
1,<environment.Job instance at 0x7fad67931b40>,12,19,[ 5 13],13,-1,32,-1,13
1,<environment.Job instance at 0x7fad67931be0>,13,22,[ 2 11],14,-1,36,-1,14
1,<environment.Job instance at 0x7fad67931c80>,14,25,[13  4],15,-1,40,-1,15
1,<environment.Job instance at 0x7fad67931d20>,15,25,[13  3],16,-1,41,-1,16
1,<environment.Job instance at 0x7fad67931dc0>,16,26,[14  4],17,-1,43,-1,17
1,<environment.Job instance at 0x7fad67931e60>,17,14,[ 2 14],18,-1,32,-1,18
1,<environment.Job instance at 0x7fad67931f00>,18,14,[ 2 13],19,-1,33,-1,19
1,<environment.Job instance at 0x7fad67931fa0>,19,17,[13  5],20,-1,37,-1,20
1,<environment.Job instance at 0x7fad679350a0>,20,21,[12  2],21,-1,42,-1,21
1,<environment.Job instance at 0x7fad67935140>,21,28,[11  1],22,-1,50,-1,22
1,<environment.Job instance at 0x7fad679351e0>,22,26,[ 1 14],23,-1,49,-1,23
1,<environment.Job instance at 0x7fad679353c0>,25,23,[ 3 13],26,-1,49,-1,26
1,<environment.Job instance at 0x7fad67935500>,26,26,[1 8],27,-1,53,-1,27
1,<environment.Job instance at 0x7fad67935320>,27,25,[5 7],28,-1,53,-1,28
1,<environment.Job instance at 0x7fad679355f0>,28,25,[ 4 11],29,-1,54,-1,29
1,<environment.Job instance at 0x7fad67935690>,29,22,[ 5 13],30,-1,52,-1,30
1,<environment.Job instance at 0x7fad67935730>,30,27,[4 8],31,-1,58,-1,31
1,<environment.Job instance at 0x7fad679357d0>,31,20,[11  5],32,-1,52,-1,32
1,<environment.Job instance at 0x7fad67935870>,32,27,[11  3],33,-1,60,-1,33
1,<environment.Job instance at 0x7fad67935910>,33,16,[ 2 14],34,-1,50,-1,34
1,<environment.Job instance at 0x7fad679359b0>,34,24,[ 1 14],35,-1,59,-1,35
1,<environment.Job instance at 0x7fad67935a50>,35,22,[11  5],36,-1,58,-1,36
1,<environment.Job instance at 0x7fad67935af0>,36,20,[ 3 14],37,-1,57,-1,37
1,<environment.Job instance at 0x7fad67935b90>,37,28,[ 2 12],38,-1,66,-1,38
1,<environment.Job instance at 0x7fad67935c30>,38,20,[ 1 12],39,-1,59,-1,39
1,<environment.Job instance at 0x7fad67935cd0>,39,24,[5 6],40,-1,64,-1,40
1,<environment.Job instance at 0x7fad67935d70>,40,26,[ 1 12],41,-1,67,-1,41
1,<environment.Job instance at 0x7fad67935e10>,41,18,[ 5 14],42,-1,60,-1,42
1,<environment.Job instance at 0x7fad67935eb0>,42,20,[ 2 11],43,-1,63,-1,43
1,<environment.Job instance at 0x7fad67935f50>,43,16,[13  5],44,-1,60,-1,44
1,<environment.Job instance at 0x7fad67937050>,44,16,[14  3],45,-1,61,-1,45
1,<environment.Job instance at 0x7fad679370f0>,45,27,[12  2],46,-1,73,-1,46
1,<environment.Job instance at 0x7fad67937190>,46,28,[ 4 11],47,-1,75,-1,47
1,<environment.Job instance at 0x7fad67937230>,47,17,[12  2],48,-1,65,-1,48
1,<environment.Job instance at 0x7fad679372d0>,48,17,[11  1],49,-1,66,-1,49
1,<environment.Job instance at 0x7fad67937370>,49,27,[ 1 11],50,-1,77,-1,50
1,<environment.Job instance at 0x7fad679374b0>,51,25,[12  2],52,-1,77,-1,52
1,<environment.Job instance at 0x7fad67937640>,52,20,[11  3],53,-1,73,-1,53
1,<environment.Job instance at 0x7fad67937550>,53,27,[14  5],54,-1,81,-1,54
1,<environment.Job instance at 0x7fad679376e0>,54,24,[5 7],55,-1,79,-1,55
1,<environment.Job instance at 0x7fad67937780>,55,20,[13  1],56,-1,76,-1,56
1,<environment.Job instance at 0x7fad67937820>,56,20,[ 3 13],57,-1,77,-1,57
1,<environment.Job instance at 0x7fad67937960>,58,27,[ 2 14],59,-1,86,-1,59
1,<environment.Job instance at 0x7fad67937be0>,61,23,[ 1 11],62,-1,105,-1,82
1,<environment.Job instance at 0x7fad67937a50>,62,21,[ 5 13],63,-1,103,-1,82
1,<environment.Job instance at 0x7fad67937b90>,63,28,[ 3 14],64,-1,110,-1,82
1,<environment.Job instance at 0x7fad67937e10>,64,28,[ 1 14],65,-1,110,-1,82
1,<environment.Job instance at 0x7fad67937c80>,66,21,[13  3],67,-1,103,-1,82
1,<environment.Job instance at 0x7fad67937eb0>,67,27,[ 1 10],68,-1,109,-1,82
1,<environment.Job instance at 0x7fad67937fa0>,68,20,[ 3 12],69,-1,102,-1,82
1,<environment.Job instance at 0x7fad6793a050>,69,20,[ 3 12],70,-1,102,-1,82
1,<environment.Job instance at 0x7fad6793a140>,70,21,[12  2],71,-1,103,-1,82
1,<environment.Job instance at 0x7fad6793a280>,71,28,[5 1],72,-1,110,-1,82
1,<environment.Job instance at 0x7fad6793a3c0>,72,24,[9 2],73,-1,106,-1,82
1,<environment.Job instance at 0x7fad6793a230>,73,25,[3 8],74,-1,107,-1,82
1,<environment.Job instance at 0x7fad6793a370>,74,27,[1 6],75,-1,109,-1,82
1,<environment.Job instance at 0x7fad6793a4b0>,75,14,[ 4 11],76,-1,96,-1,82
1,<environment.Job instance at 0x7fad6793a550>,76,19,[ 4 14],77,-1,101,-1,82
1,<environment.Job instance at 0x7fad6793a640>,77,13,[14  5],78,-1,95,-1,82
1,<environment.Job instance at 0x7fad6793a780>,78,27,[10  2],79,-1,109,-1,82
1,<environment.Job instance at 0x7fad6793a820>,79,28,[9 4],80,-1,110,-1,82
1,<environment.Job instance at 0x7fad6793a690>,81,15,[ 5 11],82,-1,119,-1,104
1,<environment.Job instance at 0x7fad6793aaf0>,82,26,[5 4],83,-1,130,-1,104
1,<environment.Job instance at 0x7fad6793a9b0>,83,12,[12  3],84,-1,116,-1,104
1,<environment.Job instance at 0x7fad6793a9b0>,2,27,[12  2],3,-1,30,-1,3
1,<environment.Job instance at 0x7fad67a792d0>,4,14,[ 2 11],5,-1,19,-1,5
1,<environment.Job instance at 0x7fad67a79d20>,5,23,[13  5],6,-1,29,-1,6
1,<environment.Job instance at 0x7fad67a790a0>,6,21,[ 1 12],7,-1,28,-1,7
1,<environment.Job instance at 0x7fad67a79aa0>,7,19,[11  2],8,-1,27,-1,8
1,<environment.Job instance at 0x7fad67a79a00>,8,21,[ 3 14],9,-1,30,-1,9
1,<environment.Job instance at 0x7fad67a90c80>,12,24,[ 4 11],13,-1,37,-1,13
1,<environment.Job instance at 0x7fad67a907d0>,13,22,[13  4],14,-1,36,-1,14
1,<environment.Job instance at 0x7fad67a905a0>,14,22,[ 1 13],15,-1,37,-1,15
1,<environment.Job instance at 0x7fad67a902d0>,15,15,[12  3],16,-1,31,-1,16
1,<environment.Job instance at 0x7fad67a900a0>,16,28,[ 4 12],17,-1,45,-1,17
1,<environment.Job instance at 0x7fad67a90050>,17,17,[ 4 11],18,-1,35,-1,18
1,<environment.Job instance at 0x7fad67a90190>,18,23,[ 2 14],19,-1,42,-1,19
1,<environment.Job instance at 0x7fad67a909b0>,19,22,[ 2 14],20,-1,42,-1,20
1,<environment.Job instance at 0x7fad67a903c0>,20,14,[12  3],21,-1,35,-1,21
1,<environment.Job instance at 0x7fad67400d70>,22,20,[ 2 11],23,-1,43,-1,23
1,<environment.Job instance at 0x7fad67a90820>,23,25,[14  3],24,-1,49,-1,24
1,<environment.Job instance at 0x7fad67a90910>,24,28,[2 9],25,-1,53,-1,25
1,<environment.Job instance at 0x7fad67409fa0>,25,14,[ 2 12],26,-1,40,-1,26
1,<environment.Job instance at 0x7fad673430f0>,26,19,[11  3],27,-1,46,-1,27
1,<environment.Job instance at 0x7fad673efc80>,27,20,[14  5],28,-1,48,-1,28
1,<environment.Job instance at 0x7fad673efcd0>,28,19,[13  5],29,-1,48,-1,29
1,<environment.Job instance at 0x7fad673d70a0>,29,26,[14  1],30,-1,56,-1,30
1,<environment.Job instance at 0x7fad673d7690>,30,28,[ 2 10],31,-1,59,-1,31
1,<environment.Job instance at 0x7fad673d7a00>,31,28,[7 4],32,-1,60,-1,32
1,<environment.Job instance at 0x7fad673d7320>,32,25,[ 3 14],33,-1,58,-1,33
1,<environment.Job instance at 0x7fad670a2b90>,33,28,[12  5],34,-1,62,-1,34
1,<environment.Job instance at 0x7fad674484b0>,34,20,[ 4 14],35,-1,55,-1,35
1,<environment.Job instance at 0x7fad67448c30>,35,24,[2 5],36,-1,60,-1,36
1,<environment.Job instance at 0x7fad67448050>,36,22,[ 1 14],37,-1,59,-1,37
1,<environment.Job instance at 0x7fad673415f0>,37,27,[ 4 12],38,-1,65,-1,38
1,<environment.Job instance at 0x7fad66ffac30>,38,27,[4 9],39,-1,66,-1,39
1,<environment.Job instance at 0x7fad66ffac80>,39,20,[ 3 14],40,-1,60,-1,40
1,<environment.Job instance at 0x7fad67405c80>,40,15,[12  4],41,-1,56,-1,41
1,<environment.Job instance at 0x7fad673e2280>,42,25,[ 1 11],43,-1,68,-1,43
1,<environment.Job instance at 0x7fad6744bb90>,43,14,[14  4],44,-1,58,-1,44
1,<environment.Job instance at 0x7fad67431140>,44,27,[9 1],45,-1,72,-1,45
1,<environment.Job instance at 0x7fad67431aa0>,45,23,[13  2],46,-1,69,-1,46
1,<environment.Job instance at 0x7fad674313c0>,46,20,[12  4],47,-1,67,-1,47
1,<environment.Job instance at 0x7fad674315a0>,47,26,[8 5],48,-1,74,-1,48
1,<environment.Job instance at 0x7fad67431c30>,48,28,[10  4],49,-1,77,-1,49
1,<environment.Job instance at 0x7fad67431e60>,49,14,[11  3],50,-1,64,-1,50
1,<environment.Job instance at 0x7fad674311e0>,50,15,[ 1 13],51,-1,66,-1,51
1,<environment.Job instance at 0x7fad6742c050>,51,26,[ 5 11],52,-1,78,-1,52
1,<environment.Job instance at 0x7fad6742caa0>,52,24,[4 7],53,-1,77,-1,53
1,<environment.Job instance at 0x7fad6742c370>,53,28,[3 8],54,-1,82,-1,54
1,<environment.Job instance at 0x7fad6742c1e0>,54,28,[ 3 11],55,-1,83,-1,55
1,<environment.Job instance at 0x7fad6742c3c0>,55,19,[ 3 12],56,-1,75,-1,56
1,<environment.Job instance at 0x7fad67481230>,56,21,[ 1 11],57,-1,78,-1,57
1,<environment.Job instance at 0x7fad67481b90>,57,26,[ 1 11],58,-1,84,-1,58
1,<environment.Job instance at 0x7fad66ff79b0>,58,17,[13  5],59,-1,76,-1,59
1,<environment.Job instance at 0x7fad6740daf0>,59,21,[ 2 12],60,-1,81,-1,60
1,<environment.Job instance at 0x7fad6740d0a0>,60,25,[ 2 12],61,-1,86,-1,61
1,<environment.Job instance at 0x7fad6740d3c0>,61,20,[ 5 13],62,-1,82,-1,62
1,<environment.Job instance at 0x7fad6740dcd0>,62,26,[1 6],63,-1,89,-1,63
1,<environment.Job instance at 0x7fad6740d640>,63,28,[ 1 13],64,-1,92,-1,64
1,<environment.Job instance at 0x7fad6740d280>,64,26,[12  2],65,-1,91,-1,65
1,<environment.Job instance at 0x7fad6740d690>,65,21,[ 3 11],66,-1,87,-1,66
1,<environment.Job instance at 0x7fad6740deb0>,66,21,[ 5 14],67,-1,88,-1,67
1,<environment.Job instance at 0x7fad6740ddc0>,67,19,[ 5 12],68,-1,87,-1,68
1,<environment.Job instance at 0x7fad6740d4b0>,68,28,[3 8],69,-1,97,-1,69
1,<environment.Job instance at 0x7fad6740d320>,69,22,[14  5],70,-1,92,-1,70
1,<environment.Job instance at 0x7fad6740d820>,70,22,[6 2],71,-1,94,-1,72
1,<environment.Job instance at 0x7fad673d2410>,72,20,[14  2],73,-1,93,-1,73
1,<environment.Job instance at 0x7fad673d2820>,73,25,[5 7],74,-1,99,-1,74
1,<environment.Job instance at 0x7fad673d2280>,74,21,[ 4 12],75,-1,96,-1,75
1,<environment.Job instance at 0x7fad673d28c0>,75,20,[11  2],76,-1,96,-1,76
1,<environment.Job instance at 0x7fad673d2f00>,76,27,[ 5 14],77,-1,104,-1,77
1,<environment.Job instance at 0x7fad673d27d0>,77,28,[12  2],78,-1,106,-1,78
1,<environment.Job instance at 0x7fad673e7dc0>,78,28,[ 1 12],79,-1,107,-1,79
1,<environment.Job instance at 0x7fad673e7690>,79,25,[12  1],80,-1,105,-1,80
1,<environment.Job instance at 0x7fad67077190>,80,24,[7 2],81,-1,105,-1,81
1,<environment.Job instance at 0x7fad67077f00>,81,28,[ 1 14],82,-1,110,-1,82
1,<environment.Job instance at 0x7fad674436e0>,82,26,[13  4],83,-1,109,-1,83
1,<environment.Job instance at 0x7fad67443820>,83,13,[ 2 14],84,-1,97,-1,84
1,<environment.Job instance at 0x7fad67443b90>,84,12,[1 7],85,-1,97,-1,85
1,<environment.Job instance at 0x7fad6743bd70>,85,21,[12  2],86,-1,107,-1,86
1,<environment.Job instance at 0x7fad6743b320>,86,21,[ 5 11],87,-1,108,-1,87
1,<environment.Job instance at 0x7fad6743bdc0>,87,26,[ 5 10],88,-1,114,-1,88
1,<environment.Job instance at 0x7fad6743b9b0>,88,27,[12  4],89,-1,116,-1,89
1,<environment.Job instance at 0x7fad67421eb0>,89,27,[14  3],90,-1,117,-1,90
1,<environment.Job instance at 0x7fad67421be0>,90,27,[14  5],91,-1,118,-1,91
1,<environment.Job instance at 0x7fad67421690>,91,26,[13  1],92,-1,118,-1,92
1,<environment.Job instance at 0x7fad674214b0>,92,25,[12  2],93,-1,118,-1,93
1,<environment.Job instance at 0x7fad674218c0>,93,21,[13  5],94,-1,115,-1,94
1,<environment.Job instance at 0x7fad67421190>,94,25,[11  2],95,-1,120,-1,95
1,<environment.Job instance at 0x7fad67420dc0>,95,24,[11  4],96,-1,120,-1,96
1,<environment.Job instance at 0x7fad674201e0>,96,16,[ 4 14],97,-1,113,-1,97
1,<environment.Job instance at 0x7fad67420910>,97,28,[8 4],98,-1,126,-1,98
1,<environment.Job instance at 0x7fad674208c0>,98,20,[12  1],99,-1,119,-1,99
1,<environment.Job instance at 0x7fad67420e10>,99,28,[ 4 12],100,-1,128,-1,100
1,<environment.Job instance at 0x7fad67420230>,100,18,[12  2],101,-1,119,-1,101
1,<environment.Job instance at 0x7fad674200a0>,101,15,[12  3],102,-1,117,-1,102
1,<environment.Job instance at 0x7fad674366e0>,102,25,[13  2],103,-1,128,-1,103
1,<environment.Job instance at 0x7fad6741d370>,103,26,[ 5 11],104,-1,130,-1,104
1,<environment.Job instance at 0x7fad6741dfa0>,104,20,[11  4],105,-1,125,-1,105
1,<environment.Job instance at 0x7fad67590aa0>,105,27,[1 6],106,-1,133,-1,106
1,<environment.Job instance at 0x7fad675ae960>,106,26,[ 4 12],107,-1,133,-1,107
1,<environment.Job instance at 0x7fad675ae550>,107,19,[12  5],108,-1,127,-1,108
1,<environment.Job instance at 0x7fad67559410>,108,23,[7 4],109,-1,132,-1,109
1,<environment.Job instance at 0x7fad67941e10>,1,28,[11  2],2,-1,30,-1,2
1,<environment.Job instance at 0x7fad6701d370>,2,28,[13  5],3,-1,31,-1,3
1,<environment.Job instance at 0x7fad6701d050>,3,20,[ 5 11],4,-1,24,-1,4
1,<environment.Job instance at 0x7fad6701de10>,4,15,[12  1],5,-1,20,-1,5
1,<environment.Job instance at 0x7fad6701d5a0>,5,21,[ 1 12],6,-1,27,-1,6
1,<environment.Job instance at 0x7fad67559410>,7,25,[ 3 12],8,-1,33,-1,8
1,<environment.Job instance at 0x7fad6701daa0>,6,19,[14  5],7,-1,27,-1,8
1,<environment.Job instance at 0x7fad6701d4b0>,8,28,[12  5],9,-1,37,-1,9
1,<environment.Job instance at 0x7fad6701d140>,9,13,[12  3],10,-1,23,-1,10
1,<environment.Job instance at 0x7fad6701d7d0>,10,20,[13  4],11,-1,31,-1,11
1,<environment.Job instance at 0x7fad6701d0a0>,11,27,[14  3],12,-1,39,-1,12
1,<environment.Job instance at 0x7fad6701d3c0>,13,26,[ 4 12],14,-1,40,-1,14
1,<environment.Job instance at 0x7fad6701dc30>,14,26,[8 3],15,-1,41,-1,15
1,<environment.Job instance at 0x7fad6701dd70>,15,23,[12  1],16,-1,39,-1,16
1,<environment.Job instance at 0x7fad6701d820>,16,19,[ 2 13],17,-1,36,-1,17
1,<environment.Job instance at 0x7fad6701d230>,17,22,[11  1],18,-1,40,-1,18
1,<environment.Job instance at 0x7fad6701d730>,18,22,[ 1 13],19,-1,41,-1,19
1,<environment.Job instance at 0x7fad6701d6e0>,19,24,[ 2 14],20,-1,44,-1,20
1,<environment.Job instance at 0x7fad6701de60>,20,23,[ 2 14],21,-1,44,-1,21
1,<environment.Job instance at 0x7fad6701d500>,21,23,[13  3],22,-1,45,-1,22
1,<environment.Job instance at 0x7fad66f9c2d0>,22,25,[10  5],23,-1,48,-1,23
1,<environment.Job instance at 0x7fad66f9c370>,23,20,[13  5],24,-1,44,-1,24
1,<environment.Job instance at 0x7fad66f9ce60>,24,24,[14  3],25,-1,49,-1,25
1,<environment.Job instance at 0x7fad66f9cc80>,25,23,[13  5],26,-1,49,-1,26
1,<environment.Job instance at 0x7fad66f9c910>,26,21,[12  3],27,-1,48,-1,27
1,<environment.Job instance at 0x7fad66f9cc30>,27,19,[13  4],28,-1,47,-1,28
1,<environment.Job instance at 0x7fad66f9cbe0>,28,28,[ 4 11],29,-1,57,-1,29
1,<environment.Job instance at 0x7fad66f9c230>,29,25,[ 4 12],30,-1,55,-1,30
1,<environment.Job instance at 0x7fad66f9cb90>,30,22,[14  1],31,-1,53,-1,31
1,<environment.Job instance at 0x7fad66f9c7d0>,31,25,[7 3],32,-1,57,-1,32
1,<environment.Job instance at 0x7fad66f9ce10>,32,27,[ 4 13],33,-1,60,-1,33
1,<environment.Job instance at 0x7fad66f9c500>,33,26,[14  4],34,-1,60,-1,34
1,<environment.Job instance at 0x7fad66f9c0a0>,34,26,[9 1],35,-1,61,-1,35
1,<environment.Job instance at 0x7fad66f9ca00>,36,16,[14  1],37,-1,53,-1,37
1,<environment.Job instance at 0x7fad66f9c3c0>,37,27,[ 1 14],38,-1,65,-1,38
1,<environment.Job instance at 0x7fad66f9c8c0>,39,19,[13  1],40,-1,59,-1,40
1,<environment.Job instance at 0x7fad6701dd20>,42,25,[ 2 13],43,-1,68,-1,43
1,<environment.Job instance at 0x7fad67056c80>,43,21,[ 2 13],44,-1,65,-1,44
1,<environment.Job instance at 0x7fad67056a50>,44,22,[4 8],45,-1,92,-1,70
1,<environment.Job instance at 0x7fad67056a00>,51,23,[2 6],52,-1,109,-1,86
1,<environment.Job instance at 0x7fad67056460>,52,22,[14  4],53,-1,108,-1,86
1,<environment.Job instance at 0x7fad67e4e6e0>,53,19,[ 5 14],54,-1,105,-1,86
1,<environment.Job instance at 0x7fad67dca780>,54,23,[13  1],55,-1,109,-1,86
1,<environment.Job instance at 0x7fad675a7640>,55,20,[14  5],56,-1,106,-1,86
1,<environment.Job instance at 0x7fad67dca5f0>,56,26,[ 1 11],57,-1,112,-1,86
1,<environment.Job instance at 0x7fad676ea460>,57,14,[ 3 13],58,-1,100,-1,86
1,<environment.Job instance at 0x7fad68528eb0>,58,13,[ 4 14],59,-1,99,-1,86
1,<environment.Job instance at 0x7fad68528e60>,59,13,[ 5 14],60,-1,99,-1,86
1,<environment.Job instance at 0x7fad6775b050>,60,27,[14  3],61,-1,113,-1,86
1,<environment.Job instance at 0x7fad677af0f0>,61,16,[12  5],62,-1,102,-1,86
1,<environment.Job instance at 0x7fad677769b0>,62,19,[13  5],63,-1,105,-1,86
1,<environment.Job instance at 0x7fad68528190>,63,13,[ 5 13],64,-1,99,-1,86
1,<environment.Job instance at 0x7fad68528730>,64,15,[12  1],65,-1,101,-1,86
1,<environment.Job instance at 0x7fad67e8c230>,65,26,[13  2],66,-1,112,-1,86
1,<environment.Job instance at 0x7fad67e8c960>,66,22,[13  5],67,-1,108,-1,86
1,<environment.Job instance at 0x7fad67e8c7d0>,67,23,[ 4 11],68,-1,109,-1,86
1,<environment.Job instance at 0x7fad67e57140>,68,17,[ 2 13],69,-1,103,-1,86
1,<environment.Job instance at 0x7fad67e57910>,69,27,[ 2 13],70,-1,113,-1,86
1,<environment.Job instance at 0x7fad67e570a0>,70,20,[14  4],71,-1,106,-1,86
1,<environment.Job instance at 0x7fad67e57d20>,71,26,[ 4 11],72,-1,112,-1,86
1,<environment.Job instance at 0x7fad67e57780>,72,25,[13  2],73,-1,111,-1,86
1,<environment.Job instance at 0x7fad67e57690>,73,13,[14  2],74,-1,99,-1,86
1,<environment.Job instance at 0x7fad67e57820>,74,24,[5 1],75,-1,110,-1,86
1,<environment.Job instance at 0x7fad66fb68c0>,75,25,[ 3 11],76,-1,111,-1,86
1,<environment.Job instance at 0x7fad68171460>,76,28,[14  3],77,-1,114,-1,86
1,<environment.Job instance at 0x7fad67e57c80>,77,26,[ 4 14],78,-1,112,-1,86
1,<environment.Job instance at 0x7fad67acf4b0>,78,13,[13  3],79,-1,99,-1,86
1,<environment.Job instance at 0x7fad67e49730>,79,15,[13  1],80,-1,101,-1,86
1,<environment.Job instance at 0x7fad67512960>,80,12,[14  2],81,-1,98,-1,86
1,<environment.Job instance at 0x7fad66fabb90>,82,20,[ 4 12],83,-1,109,-1,89
1,<environment.Job instance at 0x7fad68178780>,83,25,[ 4 14],84,-1,114,-1,89
1,<environment.Job instance at 0x7fad67ee27d0>,84,24,[7 2],85,-1,113,-1,89
1,<environment.Job instance at 0x7fad67ee25f0>,86,24,[ 5 13],87,-1,128,-1,104
1,<environment.Job instance at 0x7fad66ff8190>,87,25,[ 2 13],88,-1,129,-1,104
1,<environment.Job instance at 0x7fad66ff8b40>,88,15,[12  4],89,-1,119,-1,104
1,<environment.Job instance at 0x7fad6736ad20>,89,19,[ 1 14],90,-1,123,-1,104
1,<environment.Job instance at 0x7fad66f8f370>,90,26,[13  4],91,-1,130,-1,104
1,<environment.Job instance at 0x7fad67511be0>,91,22,[13  4],92,-1,126,-1,104
1,<environment.Job instance at 0x7fad67b92550>,92,24,[12  4],93,-1,128,-1,104
1,<environment.Job instance at 0x7fad67076b40>,93,27,[13  3],94,-1,131,-1,104
1,<environment.Job instance at 0x7fad67071aa0>,95,23,[ 2 11],96,-1,127,-1,104
1,<environment.Job instance at 0x7fad67071cd0>,96,20,[ 3 14],97,-1,124,-1,104
1,<environment.Job instance at 0x7fad670713c0>,97,19,[13  1],98,-1,123,-1,104
1,<environment.Job instance at 0x7fad676e42d0>,98,15,[12  4],99,-1,119,-1,104
1,<environment.Job instance at 0x7fad66fdb960>,99,25,[12  5],100,-1,129,-1,104
1,<environment.Job instance at 0x7fad66fdbe60>,100,20,[ 5 13],101,-1,124,-1,104
1,<environment.Job instance at 0x7fad66fdb5f0>,101,24,[ 2 13],102,-1,128,-1,104
1,<environment.Job instance at 0x7fad6701f410>,102,23,[11  2],103,-1,127,-1,104
1,<environment.Job instance at 0x7fad6701feb0>,103,22,[ 2 12],104,-1,126,-1,104
1,<environment.Job instance at 0x7fad6701fa50>,104,20,[12  3],105,-1,125,-1,105
1,<environment.Job instance at 0x7fad6701ffa0>,105,19,[12  5],106,-1,125,-1,106
1,<environment.Job instance at 0x7fad6701f050>,106,15,[ 5 14],107,-1,122,-1,107
1,<environment.Job instance at 0x7fad6701fcd0>,107,15,[11  1],108,-1,123,-1,108
1,<environment.Job instance at 0x7fad6701f5f0>,108,20,[ 4 14],109,-1,129,-1,109
1,<environment.Job instance at 0x7fad67941280>,1,24,[ 1 12],2,-1,26,-1,2
1,<environment.Job instance at 0x7fad6701f2d0>,2,21,[ 5 11],3,-1,24,-1,3
1,<environment.Job instance at 0x7fad67b955a0>,3,24,[ 2 14],4,-1,28,-1,4
1,<environment.Job instance at 0x7fad673416e0>,4,24,[11  1],5,-1,29,-1,5
1,<environment.Job instance at 0x7fad673410a0>,5,25,[7 1],6,-1,31,-1,6
1,<environment.Job instance at 0x7fad67341cd0>,6,24,[12  5],7,-1,31,-1,7
1,<environment.Job instance at 0x7fad674090f0>,8,22,[ 1 11],9,-1,31,-1,9
1,<environment.Job instance at 0x7fad67409a00>,9,23,[ 5 12],10,-1,33,-1,10
1,<environment.Job instance at 0x7fad674091e0>,10,27,[ 4 14],11,-1,38,-1,11
1,<environment.Job instance at 0x7fad67487640>,11,23,[ 2 11],12,-1,35,-1,12
1,<environment.Job instance at 0x7fad679e27d0>,12,28,[ 4 12],13,-1,41,-1,13
1,<environment.Job instance at 0x7fad679e2870>,13,22,[13  1],14,-1,36,-1,14
1,<environment.Job instance at 0x7fad678ef960>,14,25,[3 6],15,-1,40,-1,15
1,<environment.Job instance at 0x7fad674c9910>,16,22,[ 3 13],17,-1,39,-1,17
1,<environment.Job instance at 0x7fad6701f5f0>,17,20,[13  4],18,-1,38,-1,18
1,<environment.Job instance at 0x7fad672c6550>,18,19,[13  4],19,-1,38,-1,19
1,<environment.Job instance at 0x7fad675a7960>,19,16,[ 2 12],20,-1,36,-1,20
1,<environment.Job instance at 0x7fad672c6c30>,20,12,[ 4 14],21,-1,33,-1,21
1,<environment.Job instance at 0x7fad672c6500>,21,20,[ 5 13],22,-1,42,-1,22
1,<environment.Job instance at 0x7fad6707ad70>,23,26,[12  4],24,-1,50,-1,24
1,<environment.Job instance at 0x7fad675a53c0>,24,26,[ 5 12],25,-1,51,-1,25
1,<environment.Job instance at 0x7fad675f1460>,25,22,[ 1 11],26,-1,48,-1,26
1,<environment.Job instance at 0x7fad674dd140>,26,23,[14  5],27,-1,50,-1,27
1,<environment.Job instance at 0x7fad678dc6e0>,27,22,[ 2 11],28,-1,50,-1,28
1,<environment.Job instance at 0x7fad670b2f00>,28,22,[13  5],29,-1,51,-1,29
1,<environment.Job instance at 0x7fad67337dc0>,29,19,[11  1],30,-1,49,-1,30
1,<environment.Job instance at 0x7fad67337cd0>,30,27,[11  5],31,-1,58,-1,31
1,<environment.Job instance at 0x7fad67337730>,31,16,[ 3 14],32,-1,48,-1,32
1,<environment.Job instance at 0x7fad674520a0>,32,16,[14  1],33,-1,49,-1,33
1,<environment.Job instance at 0x7fad67452cd0>,33,19,[ 5 12],34,-1,53,-1,34
1,<environment.Job instance at 0x7fad67452410>,34,25,[ 5 13],35,-1,60,-1,35
1,<environment.Job instance at 0x7fad6755a8c0>,35,26,[13  4],36,-1,62,-1,36
1,<environment.Job instance at 0x7fad67452fa0>,36,21,[ 4 14],37,-1,58,-1,37
1,<environment.Job instance at 0x7fad67452c30>,37,25,[ 3 12],38,-1,63,-1,38
1,<environment.Job instance at 0x7fad678d4dc0>,38,27,[14  3],39,-1,66,-1,39
1,<environment.Job instance at 0x7fad678d3a50>,40,14,[14  4],41,-1,55,-1,41
1,<environment.Job instance at 0x7fad67345780>,41,28,[13  2],42,-1,70,-1,42
1,<environment.Job instance at 0x7fad6760a730>,42,28,[ 5 14],43,-1,71,-1,43
1,<environment.Job instance at 0x7fad67440fa0>,45,25,[12  4],46,-1,71,-1,46
1,<environment.Job instance at 0x7fad6742c1e0>,46,20,[ 3 14],47,-1,67,-1,47
1,<environment.Job instance at 0x7fad6742cb40>,47,28,[ 3 14],48,-1,76,-1,48
1,<environment.Job instance at 0x7fad6742c3c0>,48,28,[11  5],49,-1,77,-1,49
1,<environment.Job instance at 0x7fad6742ce60>,49,24,[8 4],50,-1,75,-1,51
1,<environment.Job instance at 0x7fad6742c5f0>,51,20,[12  3],52,-1,72,-1,52
1,<environment.Job instance at 0x7fad6742cc30>,52,25,[13  2],53,-1,78,-1,53
1,<environment.Job instance at 0x7fad6742cd70>,53,14,[14  3],54,-1,68,-1,54
1,<environment.Job instance at 0x7fad6742c050>,54,16,[13  2],55,-1,71,-1,55
1,<environment.Job instance at 0x7fad6742c280>,55,26,[13  5],56,-1,82,-1,56
1,<environment.Job instance at 0x7fad6742c140>,56,24,[ 3 12],57,-1,81,-1,57
1,<environment.Job instance at 0x7fad674314b0>,57,23,[ 3 11],58,-1,81,-1,58
1,<environment.Job instance at 0x7fad67431d20>,58,22,[11  4],59,-1,81,-1,59
1,<environment.Job instance at 0x7fad67431320>,59,21,[12  3],60,-1,81,-1,60
1,<environment.Job instance at 0x7fad67431cd0>,60,12,[ 5 14],61,-1,73,-1,61
1,<environment.Job instance at 0x7fad67431c80>,64,25,[13  5],65,-1,101,-1,76
1,<environment.Job instance at 0x7fad67431c30>,65,19,[ 5 13],66,-1,95,-1,76
1,<environment.Job instance at 0x7fad67072b90>,66,15,[ 4 12],67,-1,91,-1,76
1,<environment.Job instance at 0x7fad6740df00>,67,28,[ 5 10],68,-1,104,-1,76
1,<environment.Job instance at 0x7fad67a98b40>,69,22,[12  5],70,-1,98,-1,76
1,<environment.Job instance at 0x7fad67a98a00>,70,21,[ 4 14],71,-1,97,-1,76
1,<environment.Job instance at 0x7fad67a98410>,71,20,[12  5],72,-1,96,-1,76
1,<environment.Job instance at 0x7fad67a98f00>,72,28,[2 8],73,-1,104,-1,76
1,<environment.Job instance at 0x7fad6733c320>,73,24,[13  5],74,-1,100,-1,76
1,<environment.Job instance at 0x7fad6733cf00>,74,17,[ 4 13],75,-1,93,-1,76
1,<environment.Job instance at 0x7fad6733caf0>,75,21,[13  4],76,-1,97,-1,76
1,<environment.Job instance at 0x7fad67336690>,76,22,[ 5 12],77,-1,99,-1,77
1,<environment.Job instance at 0x7fad67336f50>,77,13,[ 4 11],78,-1,91,-1,78
1,<environment.Job instance at 0x7fad678df550>,78,15,[14  2],79,-1,94,-1,79
1,<environment.Job instance at 0x7fad678dfd70>,79,26,[ 1 13],80,-1,106,-1,80
1,<environment.Job instance at 0x7fad67336aa0>,81,27,[ 2 12],82,-1,121,-1,94
1,<environment.Job instance at 0x7fad673ecd20>,82,17,[14  5],83,-1,111,-1,94
1,<environment.Job instance at 0x7fad673ec500>,83,24,[13  3],84,-1,118,-1,94
1,<environment.Job instance at 0x7fad673ec460>,84,22,[12  3],85,-1,116,-1,94
1,<environment.Job instance at 0x7fad67459d70>,85,14,[ 5 12],86,-1,108,-1,94
1,<environment.Job instance at 0x7fad67077820>,86,16,[ 5 11],87,-1,110,-1,94
1,<environment.Job instance at 0x7fad67077f50>,87,23,[10  4],88,-1,117,-1,94
1,<environment.Job instance at 0x7fad670775a0>,88,20,[ 1 12],89,-1,114,-1,94
1,<environment.Job instance at 0x7fad67423460>,89,21,[14  1],90,-1,115,-1,94
1,<environment.Job instance at 0x7fad67423050>,90,20,[14  2],91,-1,114,-1,94
1,<environment.Job instance at 0x7fad674233c0>,91,22,[14  4],92,-1,116,-1,94
1,<environment.Job instance at 0x7fad67d56c30>,2,22,[ 5 13],3,-1,25,-1,3
1,<environment.Job instance at 0x7fad67d56e60>,4,23,[11  1],5,-1,28,-1,5
1,<environment.Job instance at 0x7fad67d56640>,3,20,[14  4],4,-1,25,-1,5
1,<environment.Job instance at 0x7fad67d561e0>,5,25,[5 8],6,-1,31,-1,6
1,<environment.Job instance at 0x7fad67d556e0>,6,27,[13  4],7,-1,34,-1,7
1,<environment.Job instance at 0x7fad67d554b0>,7,21,[ 3 11],8,-1,29,-1,8
1,<environment.Job instance at 0x7fad67d55e10>,8,14,[12  4],9,-1,23,-1,9
1,<environment.Job instance at 0x7fad67d55460>,9,12,[12  3],10,-1,22,-1,10
1,<environment.Job instance at 0x7fad67d55280>,10,26,[ 3 12],11,-1,37,-1,11
1,<environment.Job instance at 0x7fad67d29f00>,12,23,[ 2 11],13,-1,36,-1,13
1,<environment.Job instance at 0x7fad67d463c0>,13,14,[ 5 12],14,-1,28,-1,14
1,<environment.Job instance at 0x7fad67d56fa0>,15,28,[ 2 11],16,-1,44,-1,16
1,<environment.Job instance at 0x7fad67d46820>,16,24,[ 1 13],17,-1,41,-1,17
1,<environment.Job instance at 0x7fad67d46320>,14,19,[11  3],15,-1,36,-1,17
1,<environment.Job instance at 0x7fad67d460a0>,17,25,[ 5 13],18,-1,43,-1,18
1,<environment.Job instance at 0x7fad67d465a0>,19,24,[8 2],20,-1,44,-1,20
1,<environment.Job instance at 0x7fad67d466e0>,20,21,[ 2 12],21,-1,42,-1,21
1,<environment.Job instance at 0x7fad67d4c0f0>,21,23,[ 2 12],22,-1,45,-1,22
1,<environment.Job instance at 0x7fad67d4c230>,23,26,[ 5 11],24,-1,50,-1,24
1,<environment.Job instance at 0x7fad67d4c7d0>,24,19,[14  5],25,-1,44,-1,25
1,<environment.Job instance at 0x7fad67d4c910>,25,21,[13  5],26,-1,47,-1,26
1,<environment.Job instance at 0x7fad67d62500>,26,24,[ 5 12],27,-1,51,-1,27
1,<environment.Job instance at 0x7fad67d62960>,27,19,[12  2],28,-1,47,-1,28
1,<environment.Job instance at 0x7fad67d628c0>,28,22,[ 5 11],29,-1,51,-1,29
1,<environment.Job instance at 0x7fad67d62820>,29,26,[ 4 13],30,-1,56,-1,30
1,<environment.Job instance at 0x7fad67d62eb0>,30,27,[ 2 12],31,-1,58,-1,31
1,<environment.Job instance at 0x7fad67d62910>,31,19,[13  2],32,-1,51,-1,32
1,<environment.Job instance at 0x7fad67d62690>,34,14,[5 1],35,-1,58,-1,44
1,<environment.Job instance at 0x7fad67d62e10>,37,25,[ 1 13],38,-1,69,-1,44
1,<environment.Job instance at 0x7fad67d620f0>,38,22,[ 1 12],39,-1,66,-1,44
1,<environment.Job instance at 0x7fad67d62d70>,39,26,[11  4],40,-1,70,-1,44
1,<environment.Job instance at 0x7fad67d62190>,40,22,[8 2],41,-1,69,-1,47
1,<environment.Job instance at 0x7fad67d5e460>,41,17,[11  1],42,-1,64,-1,47
1,<environment.Job instance at 0x7fad67d5e820>,42,20,[ 1 11],43,-1,67,-1,47
1,<environment.Job instance at 0x7fad67d5ea00>,43,19,[13  2],44,-1,66,-1,47
1,<environment.Job instance at 0x7fad66f72870>,44,19,[ 1 11],45,-1,66,-1,47
1,<environment.Job instance at 0x7fad7114da50>,45,20,[13  5],46,-1,67,-1,47
1,<environment.Job instance at 0x7fad67d36280>,46,27,[ 1 14],47,-1,74,-1,47
1,<environment.Job instance at 0x7fad66f670f0>,47,26,[12  3],48,-1,74,-1,48
1,<environment.Job instance at 0x7fad67d55730>,48,24,[11  3],49,-1,73,-1,49
1,<environment.Job instance at 0x7fad66f18aa0>,49,25,[13  2],50,-1,75,-1,50
1,<environment.Job instance at 0x7fad66f18a00>,50,20,[ 5 14],51,-1,71,-1,51
1,<environment.Job instance at 0x7fad66f18a50>,51,22,[ 5 14],52,-1,74,-1,52
1,<environment.Job instance at 0x7fad66f1e280>,52,25,[ 3 12],53,-1,78,-1,53
1,<environment.Job instance at 0x7fad66f1e320>,53,28,[ 1 12],54,-1,82,-1,54
1,<environment.Job instance at 0x7fad66f1e5a0>,54,20,[ 1 14],55,-1,75,-1,55
1,<environment.Job instance at 0x7fad66f1e3c0>,55,26,[ 3 12],56,-1,82,-1,56
1,<environment.Job instance at 0x7fad66f1e4b0>,56,16,[ 3 12],57,-1,73,-1,57
1,<environment.Job instance at 0x7fad66f1e730>,57,14,[13  3],58,-1,72,-1,58
1,<environment.Job instance at 0x7fad66f1e7d0>,59,28,[ 2 13],60,-1,88,-1,60
1,<environment.Job instance at 0x7fad66f1cf50>,61,23,[ 4 11],62,-1,85,-1,62
1,<environment.Job instance at 0x7fad67d36550>,62,16,[ 5 13],63,-1,79,-1,63
1,<environment.Job instance at 0x7fad66f1c280>,64,21,[ 4 14],65,-1,86,-1,65
1,<environment.Job instance at 0x7fad67d46370>,68,23,[ 3 12],69,-1,108,-1,85
1,<environment.Job instance at 0x7fad67d29460>,70,24,[ 4 13],71,-1,129,-1,105
1,<environment.Job instance at 0x7fad67d29b90>,71,23,[9 1],72,-1,128,-1,105
1,<environment.Job instance at 0x7fad66f0ecd0>,72,26,[8 1],73,-1,131,-1,105
1,<environment.Job instance at 0x7fad66f2b410>,73,19,[11  5],74,-1,124,-1,105
1,<environment.Job instance at 0x7fad66f503c0>,74,28,[11  3],75,-1,133,-1,105
1,<environment.Job instance at 0x7fad67689dc0>,75,28,[5 1],76,-1,133,-1,105
1,<environment.Job instance at 0x7fad66f38e60>,76,19,[ 1 14],77,-1,124,-1,105
1,<environment.Job instance at 0x7fad66f38be0>,77,22,[ 4 11],78,-1,127,-1,105
1,<environment.Job instance at 0x7fad66f38500>,78,28,[6 1],79,-1,133,-1,105
1,<environment.Job instance at 0x7fad66f38780>,79,21,[13  2],80,-1,126,-1,105
1,<environment.Job instance at 0x7fad66f38c80>,80,20,[14  3],81,-1,125,-1,105
1,<environment.Job instance at 0x7fad66f38280>,81,22,[12  2],82,-1,127,-1,105
1,<environment.Job instance at 0x7fad66f383c0>,82,14,[ 3 14],83,-1,119,-1,105
1,<environment.Job instance at 0x7fad66f388c0>,83,12,[ 3 12],84,-1,117,-1,105
1,<environment.Job instance at 0x7fad66f38320>,84,25,[12  2],85,-1,130,-1,105
1,<environment.Job instance at 0x7fad66f38d20>,85,24,[14  4],86,-1,129,-1,105
1,<environment.Job instance at 0x7fad66f38aa0>,86,21,[ 2 12],87,-1,126,-1,105
1,<environment.Job instance at 0x7fad66f38eb0>,87,26,[13  5],88,-1,131,-1,105
1,<environment.Job instance at 0x7fad67d56690>,88,24,[ 2 10],89,-1,129,-1,105
1,<environment.Job instance at 0x7fad677f6410>,1,25,[5 3],2,-1,27,-1,2
1,<environment.Job instance at 0x7fad68011a50>,2,28,[11  5],3,-1,31,-1,3
1,<environment.Job instance at 0x7fad68011fa0>,3,15,[ 2 12],4,-1,19,-1,4
1,<environment.Job instance at 0x7fad68011460>,4,16,[ 4 11],5,-1,21,-1,5
1,<environment.Job instance at 0x7fad680117d0>,6,24,[ 5 13],7,-1,31,-1,7
1,<environment.Job instance at 0x7fad68011320>,7,22,[ 5 13],8,-1,30,-1,8
1,<environment.Job instance at 0x7fad68011550>,8,19,[ 3 12],9,-1,28,-1,9
1,<environment.Job instance at 0x7fad680111e0>,9,17,[14  4],10,-1,27,-1,10
1,<environment.Job instance at 0x7fad68011780>,10,26,[13  3],11,-1,37,-1,11
1,<environment.Job instance at 0x7fad68011b40>,12,20,[ 4 14],13,-1,33,-1,13
1,<environment.Job instance at 0x7fad68011640>,14,21,[ 1 12],15,-1,36,-1,15
1,<environment.Job instance at 0x7fad68011960>,16,20,[ 2 11],17,-1,37,-1,17
1,<environment.Job instance at 0x7fad68011730>,17,26,[ 1 12],18,-1,44,-1,18
1,<environment.Job instance at 0x7fad68011d20>,18,28,[12  2],19,-1,47,-1,19
1,<environment.Job instance at 0x7fad68011190>,19,23,[14  1],20,-1,43,-1,20
1,<environment.Job instance at 0x7fad68011820>,20,28,[11  1],21,-1,49,-1,21
1,<environment.Job instance at 0x7fad66f70fa0>,21,18,[ 1 13],22,-1,40,-1,22
1,<environment.Job instance at 0x7fad66f705a0>,22,27,[ 5 12],23,-1,50,-1,23
1,<environment.Job instance at 0x7fad66f70320>,23,21,[ 1 14],24,-1,45,-1,24
1,<environment.Job instance at 0x7fad68011f00>,24,22,[14  2],25,-1,47,-1,25
1,<environment.Job instance at 0x7fad66f70d20>,25,14,[12  4],26,-1,40,-1,26
1,<environment.Job instance at 0x7fad66f70b40>,27,20,[12  5],28,-1,48,-1,28
1,<environment.Job instance at 0x7fad66f70780>,28,27,[14  4],29,-1,56,-1,29
1,<environment.Job instance at 0x7fad66f70a50>,29,27,[14  4],30,-1,57,-1,30
1,<environment.Job instance at 0x7fad66f70aa0>,30,19,[14  1],31,-1,50,-1,31
1,<environment.Job instance at 0x7fad66f70e10>,31,14,[12  2],32,-1,46,-1,32
1,<environment.Job instance at 0x7fad66f70c30>,32,21,[ 5 14],33,-1,54,-1,33
1,<environment.Job instance at 0x7fad66f70f50>,33,24,[7 2],34,-1,60,-1,36
1,<environment.Job instance at 0x7fad67d8ff00>,36,21,[ 2 12],37,-1,58,-1,37
1,<environment.Job instance at 0x7fad67d8f460>,37,27,[ 2 11],38,-1,65,-1,38
1,<environment.Job instance at 0x7fad67d8fb90>,38,27,[ 1 11],39,-1,66,-1,39
1,<environment.Job instance at 0x7fad67d8f730>,39,26,[ 2 14],40,-1,66,-1,40
1,<environment.Job instance at 0x7fad67d8f780>,40,25,[12  5],41,-1,66,-1,41
1,<environment.Job instance at 0x7fad67d8f3c0>,41,19,[ 4 14],42,-1,61,-1,42
1,<environment.Job instance at 0x7fad67d8ffa0>,42,19,[ 5 13],43,-1,62,-1,43
1,<environment.Job instance at 0x7fad67d8f640>,43,24,[ 4 11],44,-1,68,-1,44
1,<environment.Job instance at 0x7fad67d8f910>,44,26,[11  4],45,-1,71,-1,45
1,<environment.Job instance at 0x7fad67d8fe60>,45,28,[2 7],46,-1,74,-1,46
1,<environment.Job instance at 0x7fad67fff050>,46,22,[11  4],47,-1,69,-1,47
1,<environment.Job instance at 0x7fad67fffd20>,47,26,[12  5],48,-1,74,-1,48
1,<environment.Job instance at 0x7fad67fffaa0>,48,25,[ 4 14],49,-1,74,-1,49
1,<environment.Job instance at 0x7fad67ffffa0>,49,25,[ 1 10],50,-1,75,-1,50
1,<environment.Job instance at 0x7fad67fff550>,50,25,[ 3 10],51,-1,76,-1,51
1,<environment.Job instance at 0x7fad67fff780>,51,23,[ 3 10],52,-1,75,-1,52
1,<environment.Job instance at 0x7fad67fff910>,52,21,[ 4 11],53,-1,74,-1,53
1,<environment.Job instance at 0x7fad67fffe60>,53,27,[ 5 14],54,-1,81,-1,54
1,<environment.Job instance at 0x7fad67ffff00>,54,25,[14  3],55,-1,80,-1,55
1,<environment.Job instance at 0x7fad67fffe10>,55,18,[12  1],56,-1,74,-1,56
1,<environment.Job instance at 0x7fad67fffb40>,56,19,[ 1 13],57,-1,76,-1,57
1,<environment.Job instance at 0x7fad67fff410>,57,26,[10  3],58,-1,84,-1,58
1,<environment.Job instance at 0x7fad67fff140>,58,23,[ 2 11],59,-1,82,-1,59
1,<environment.Job instance at 0x7fad67fffa00>,59,25,[ 5 11],60,-1,85,-1,60
1,<environment.Job instance at 0x7fad67fff6e0>,60,27,[11  5],61,-1,88,-1,61
1,<environment.Job instance at 0x7fad67fff9b0>,61,17,[12  5],62,-1,79,-1,62
1,<environment.Job instance at 0x7fad67fff820>,62,24,[7 1],63,-1,87,-1,63
1,<environment.Job instance at 0x7fad67fffb90>,63,21,[11  1],64,-1,85,-1,64
1,<environment.Job instance at 0x7fad67fff640>,64,21,[12  4],65,-1,86,-1,65
1,<environment.Job instance at 0x7fad67fffc30>,65,26,[11  4],66,-1,92,-1,66
1,<environment.Job instance at 0x7fad67fff7d0>,66,21,[12  4],67,-1,88,-1,67
1,<environment.Job instance at 0x7fad67fffd70>,67,26,[ 1 13],68,-1,94,-1,68
1,<environment.Job instance at 0x7fad67fff730>,68,26,[ 1 12],69,-1,95,-1,69
1,<environment.Job instance at 0x7fad67fffdc0>,69,19,[11  4],70,-1,90,-1,71
1,<environment.Job instance at 0x7fad68023550>,71,23,[ 4 10],72,-1,95,-1,72
1,<environment.Job instance at 0x7fad68023690>,72,12,[11  4],73,-1,85,-1,73
1,<environment.Job instance at 0x7fad68023d70>,73,24,[11  5],74,-1,98,-1,74
1,<environment.Job instance at 0x7fad68023be0>,74,21,[ 3 13],75,-1,96,-1,75
1,<environment.Job instance at 0x7fad680233c0>,75,15,[11  4],76,-1,91,-1,76
1,<environment.Job instance at 0x7fad68023820>,76,28,[ 5 11],77,-1,105,-1,77
1,<environment.Job instance at 0x7fad680235f0>,77,28,[1 5],78,-1,106,-1,78
1,<environment.Job instance at 0x7fad68023410>,78,20,[13  1],79,-1,99,-1,79
1,<environment.Job instance at 0x7fad68023af0>,79,21,[ 3 12],80,-1,101,-1,80
1,<environment.Job instance at 0x7fad680232d0>,80,25,[12  3],81,-1,106,-1,81
1,<environment.Job instance at 0x7fad68011be0>,1,25,[ 5 14],2,-1,27,-1,2
1,<environment.Job instance at 0x7fad680236e0>,2,19,[ 5 12],3,-1,22,-1,3
1,<environment.Job instance at 0x7fad66f18230>,4,28,[ 3 12],5,-1,33,-1,5
1,<environment.Job instance at 0x7fad67d36d20>,5,20,[ 1 12],6,-1,26,-1,6
1,<environment.Job instance at 0x7fad67d36640>,8,22,[13  2],9,-1,31,-1,9
1,<environment.Job instance at 0x7fad67d36280>,9,24,[12  3],10,-1,34,-1,10
1,<environment.Job instance at 0x7fad672f1320>,10,28,[ 4 12],11,-1,39,-1,11
1,<environment.Job instance at 0x7fad672f18c0>,11,25,[ 2 12],12,-1,37,-1,12
1,<environment.Job instance at 0x7fad67d36d70>,13,18,[ 1 11],14,-1,32,-1,14
1,<environment.Job instance at 0x7fad672f11e0>,14,22,[12  3],15,-1,37,-1,15
1,<environment.Job instance at 0x7fad672f1aa0>,15,26,[ 3 11],16,-1,42,-1,16
1,<environment.Job instance at 0x7fad66f1ed20>,19,20,[ 5 13],20,-1,40,-1,20
1,<environment.Job instance at 0x7fad66f1ec80>,20,23,[11  3],21,-1,44,-1,21
1,<environment.Job instance at 0x7fad66f1e230>,21,24,[13  5],22,-1,46,-1,22
1,<environment.Job instance at 0x7fad66f1ef50>,22,27,[11  5],23,-1,50,-1,23
1,<environment.Job instance at 0x7fad66f1e8c0>,24,28,[ 3 12],25,-1,60,-1,32
1,<environment.Job instance at 0x7fad66f1e780>,25,26,[12  3],26,-1,58,-1,32
1,<environment.Job instance at 0x7fad66f1e9b0>,26,14,[ 4 12],27,-1,46,-1,32
1,<environment.Job instance at 0x7fad66f1e4b0>,27,17,[ 2 11],28,-1,49,-1,32
1,<environment.Job instance at 0x7fad66f1e690>,28,28,[12  3],29,-1,60,-1,32
1,<environment.Job instance at 0x7fad66f1e730>,30,23,[13  1],31,-1,74,-1,51
1,<environment.Job instance at 0x7fad66f1e5a0>,31,19,[ 4 14],32,-1,70,-1,51
1,<environment.Job instance at 0x7fad66f1e500>,32,21,[ 3 12],33,-1,72,-1,51
1,<environment.Job instance at 0x7fad66f1ee10>,33,24,[ 4 11],34,-1,75,-1,51
1,<environment.Job instance at 0x7fad66f1e280>,34,26,[13  2],35,-1,77,-1,51
1,<environment.Job instance at 0x7fad672d4050>,35,22,[12  3],36,-1,73,-1,51
1,<environment.Job instance at 0x7fad672d4320>,36,19,[ 5 11],37,-1,70,-1,51
1,<environment.Job instance at 0x7fad672d4dc0>,37,20,[ 5 13],38,-1,71,-1,51
1,<environment.Job instance at 0x7fad672d4c30>,38,20,[ 1 14],39,-1,71,-1,51
1,<environment.Job instance at 0x7fad672d45a0>,39,23,[14  2],40,-1,74,-1,51
1,<environment.Job instance at 0x7fad672d46e0>,40,16,[ 3 12],41,-1,67,-1,51
1,<environment.Job instance at 0x7fad672d4780>,41,12,[14  3],42,-1,63,-1,51
1,<environment.Job instance at 0x7fad672d42d0>,42,26,[14  3],43,-1,77,-1,51
1,<environment.Job instance at 0x7fad67d58640>,43,27,[ 3 14],44,-1,78,-1,51
1,<environment.Job instance at 0x7fad67d585a0>,45,27,[ 5 13],46,-1,78,-1,51
1,<environment.Job instance at 0x7fad67d58e10>,46,25,[13  4],47,-1,76,-1,51
1,<environment.Job instance at 0x7fad67d58a50>,47,27,[ 2 14],48,-1,78,-1,51
1,<environment.Job instance at 0x7fad67d58fa0>,48,21,[ 2 14],49,-1,72,-1,51
1,<environment.Job instance at 0x7fad67d58410>,49,22,[ 3 11],50,-1,73,-1,51
1,<environment.Job instance at 0x7fad67d58370>,50,28,[ 4 14],51,-1,79,-1,51
1,<environment.Job instance at 0x7fad67d58b90>,51,12,[ 1 12],52,-1,64,-1,52
1,<environment.Job instance at 0x7fad67d58960>,52,28,[8 2],53,-1,81,-1,53
1,<environment.Job instance at 0x7fad67d585f0>,53,19,[14  4],54,-1,73,-1,54
1,<environment.Job instance at 0x7fad67d582d0>,54,23,[12  3],55,-1,78,-1,55
1,<environment.Job instance at 0x7fad67d580f0>,55,15,[11  3],56,-1,71,-1,56
1,<environment.Job instance at 0x7fad67d58050>,56,23,[12  3],57,-1,80,-1,57
1,<environment.Job instance at 0x7fad67d58320>,57,27,[13  4],58,-1,85,-1,58
1,<environment.Job instance at 0x7fad67d58af0>,58,23,[4 5],59,-1,82,-1,59
1,<environment.Job instance at 0x7fad67d58be0>,59,18,[12  2],60,-1,78,-1,60
1,<environment.Job instance at 0x7fad67d58cd0>,60,20,[13  5],61,-1,81,-1,61
1,<environment.Job instance at 0x7fad67d58d70>,61,24,[13  5],62,-1,86,-1,62
1,<environment.Job instance at 0x7fad67d58eb0>,62,26,[ 4 12],63,-1,89,-1,63
1,<environment.Job instance at 0x7fad66ed3050>,64,23,[ 4 11],65,-1,88,-1,65
1,<environment.Job instance at 0x7fad66ed3b40>,65,26,[ 3 14],66,-1,92,-1,66
1,<environment.Job instance at 0x7fad66ed3820>,66,12,[ 2 13],67,-1,79,-1,67
1,<environment.Job instance at 0x7fad66ed36e0>,67,19,[ 4 11],68,-1,87,-1,68
1,<environment.Job instance at 0x7fad66ed3140>,68,27,[ 3 12],69,-1,96,-1,69
1,<environment.Job instance at 0x7fad66ed3500>,69,27,[11  1],70,-1,97,-1,70
1,<environment.Job instance at 0x7fad66ed3f50>,70,13,[13  4],71,-1,84,-1,71
1,<environment.Job instance at 0x7fad66ed3be0>,71,25,[14  5],72,-1,97,-1,72
1,<environment.Job instance at 0x7fad66ed31e0>,72,27,[6 1],73,-1,100,-1,73
1,<environment.Job instance at 0x7fad66ed3910>,73,15,[13  1],74,-1,89,-1,74
1,<environment.Job instance at 0x7fad672ff820>,74,27,[ 3 14],75,-1,102,-1,75
1,<environment.Job instance at 0x7fad672ff910>,75,19,[13  3],76,-1,95,-1,76
1,<environment.Job instance at 0x7fad672ffeb0>,76,24,[13  3],77,-1,101,-1,77
1,<environment.Job instance at 0x7fad672ff730>,77,22,[ 3 13],78,-1,100,-1,78
1,<environment.Job instance at 0x7fad672ffc80>,79,26,[ 4 13],80,-1,106,-1,80
1,<environment.Job instance at 0x7fad672ff370>,80,23,[13  3],81,-1,104,-1,81
1,<environment.Job instance at 0x7fad672ffc30>,81,20,[12  4],82,-1,102,-1,82
1,<environment.Job instance at 0x7fad672ff7d0>,82,26,[2 7],83,-1,109,-1,83
1,<environment.Job instance at 0x7fad66f34e10>,83,23,[13  3],84,-1,107,-1,84
1,<environment.Job instance at 0x7fad66f349b0>,84,23,[14  1],85,-1,108,-1,85
1,<environment.Job instance at 0x7fad66f347d0>,85,23,[13  2],86,-1,109,-1,86
1,<environment.Job instance at 0x7fad66f34eb0>,86,25,[4 5],87,-1,112,-1,87
1,<environment.Job instance at 0x7fad66f34cd0>,87,21,[14  1],88,-1,109,-1,88
1,<environment.Job instance at 0x7fad66f34320>,88,27,[ 1 13],89,-1,116,-1,89
1,<environment.Job instance at 0x7fad66f34af0>,89,19,[14  1],90,-1,109,-1,90
1,<environment.Job instance at 0x7fad66f340f0>,90,26,[14  5],91,-1,117,-1,91
1,<environment.Job instance at 0x7fad66f34d70>,91,24,[ 2 13],92,-1,116,-1,92
1,<environment.Job instance at 0x7fad66f348c0>,92,25,[13  1],93,-1,118,-1,93
1,<environment.Job instance at 0x7fad66f34a50>,93,22,[ 1 12],94,-1,116,-1,94
1,<environment.Job instance at 0x7fad66f34fa0>,94,22,[12  4],95,-1,117,-1,95
1,<environment.Job instance at 0x7fad66f341e0>,95,25,[ 4 11],96,-1,121,-1,96
1,<environment.Job instance at 0x7fad66f34730>,96,25,[ 5 14],97,-1,122,-1,97
1,<environment.Job instance at 0x7fad66f344b0>,97,26,[ 3 12],98,-1,124,-1,98
1,<environment.Job instance at 0x7fad66f34d20>,98,20,[ 4 13],99,-1,119,-1,99
1,<environment.Job instance at 0x7fad66f345f0>,99,24,[14  5],100,-1,124,-1,100
1,<environment.Job instance at 0x7fad66f34140>,100,27,[ 5 13],101,-1,128,-1,101
1,<environment.Job instance at 0x7fad66f34dc0>,101,20,[ 4 14],102,-1,122,-1,102
1,<environment.Job instance at 0x7fad66f340a0>,102,14,[ 1 14],103,-1,117,-1,103
1,<environment.Job instance at 0x7fad66f34190>,103,24,[5 8],104,-1,128,-1,104
1,<environment.Job instance at 0x7fad66f342d0>,104,23,[11  4],105,-1,128,-1,105
1,<environment.Job instance at 0x7fad66f34c80>,105,24,[14  4],106,-1,130,-1,106
1,<environment.Job instance at 0x7fad66f1c550>,106,23,[ 2 13],107,-1,130,-1,107
1,<environment.Job instance at 0x7fad66f1c8c0>,107,21,[14  4],108,-1,129,-1,108
1,<environment.Job instance at 0x7fad66f1c370>,108,25,[ 1 12],109,-1,134,-1,109
1,<environment.Job instance at 0x7fad66f1c370>,2,28,[13  4],3,-1,31,-1,3
1,<environment.Job instance at 0x7fad675cc280>,3,22,[ 5 14],4,-1,26,-1,4
1,<environment.Job instance at 0x7fad675cc230>,4,28,[ 1 11],5,-1,33,-1,5
1,<environment.Job instance at 0x7fad675cce10>,5,22,[14  5],6,-1,28,-1,6
1,<environment.Job instance at 0x7fad675cceb0>,6,22,[ 1 14],7,-1,29,-1,7
1,<environment.Job instance at 0x7fad675ccaf0>,8,16,[ 3 13],9,-1,25,-1,9
1,<environment.Job instance at 0x7fad67d46230>,9,21,[13  2],10,-1,31,-1,10
1,<environment.Job instance at 0x7fad675b4b40>,11,25,[ 5 11],12,-1,37,-1,12
1,<environment.Job instance at 0x7fad675b4be0>,12,28,[13  5],13,-1,41,-1,13
1,<environment.Job instance at 0x7fad675b4c30>,14,23,[ 4 14],15,-1,38,-1,15
1,<environment.Job instance at 0x7fad675b4500>,15,21,[12  1],16,-1,37,-1,16
1,<environment.Job instance at 0x7fad675b45a0>,16,28,[12  3],17,-1,45,-1,17
1,<environment.Job instance at 0x7fad675b4e10>,17,27,[11  4],18,-1,45,-1,18
1,<environment.Job instance at 0x7fad675b4280>,18,27,[9 4],19,-1,46,-1,19
1,<environment.Job instance at 0x7fad675974b0>,19,28,[5 9],20,-1,48,-1,20
1,<environment.Job instance at 0x7fad67597050>,21,16,[ 3 12],22,-1,38,-1,22
1,<environment.Job instance at 0x7fad67597370>,22,23,[ 2 14],23,-1,46,-1,23
1,<environment.Job instance at 0x7fad67597140>,23,21,[ 2 13],24,-1,45,-1,24
1,<environment.Job instance at 0x7fad67597b40>,24,28,[14  2],25,-1,53,-1,25
1,<environment.Job instance at 0x7fad675bb5a0>,25,24,[11  1],26,-1,50,-1,26
1,<environment.Job instance at 0x7fad675bb820>,26,21,[ 3 13],27,-1,48,-1,27
1,<environment.Job instance at 0x7fad675ccb40>,28,26,[ 1 12],29,-1,55,-1,29
1,<environment.Job instance at 0x7fad6731dfa0>,29,13,[12  3],30,-1,43,-1,30
1,<environment.Job instance at 0x7fad673195a0>,30,25,[ 1 11],31,-1,56,-1,31
1,<environment.Job instance at 0x7fad67344460>,31,20,[ 3 14],32,-1,52,-1,32
1,<environment.Job instance at 0x7fad67344a00>,32,17,[ 1 12],33,-1,50,-1,33
1,<environment.Job instance at 0x7fad67344e60>,33,25,[2 7],34,-1,60,-1,35
1,<environment.Job instance at 0x7fad67344b40>,35,21,[ 3 14],36,-1,57,-1,36
1,<environment.Job instance at 0x7fad6798c550>,36,23,[14  5],37,-1,60,-1,37
1,<environment.Job instance at 0x7fad6836a460>,37,24,[3 6],38,-1,62,-1,38
1,<environment.Job instance at 0x7fad67968550>,38,18,[14  2],39,-1,57,-1,39
1,<environment.Job instance at 0x7fad68359820>,39,27,[ 5 13],40,-1,67,-1,40
1,<environment.Job instance at 0x7fad679987d0>,41,21,[12  3],42,-1,63,-1,42
1,<environment.Job instance at 0x7fad67963c30>,42,27,[ 5 12],43,-1,70,-1,43
1,<environment.Job instance at 0x7fad67963b90>,43,28,[9 3],44,-1,72,-1,44
1,<environment.Job instance at 0x7fad67963820>,44,16,[ 2 13],45,-1,61,-1,45
1,<environment.Job instance at 0x7fad67592b90>,45,28,[14  4],46,-1,74,-1,46
1,<environment.Job instance at 0x7fad67592a50>,46,13,[12  5],47,-1,60,-1,47
1,<environment.Job instance at 0x7fad67592410>,47,13,[14  1],48,-1,61,-1,48
1,<environment.Job instance at 0x7fad6795e820>,48,26,[11  5],49,-1,75,-1,49
1,<environment.Job instance at 0x7fad6795e9b0>,49,14,[ 2 13],50,-1,64,-1,50
1,<environment.Job instance at 0x7fad6795ee10>,50,28,[14  5],51,-1,79,-1,51
1,<environment.Job instance at 0x7fad6795e460>,51,18,[12  4],52,-1,70,-1,52
1,<environment.Job instance at 0x7fad679690a0>,52,21,[ 2 14],53,-1,74,-1,53
1,<environment.Job instance at 0x7fad67997730>,55,16,[ 3 13],56,-1,72,-1,56
1,<environment.Job instance at 0x7fad67997960>,56,26,[11  1],57,-1,83,-1,57
1,<environment.Job instance at 0x7fad67997370>,57,23,[12  5],58,-1,81,-1,58
1,<environment.Job instance at 0x7fad6834d140>,59,20,[ 5 13],60,-1,85,-1,65
1,<environment.Job instance at 0x7fad67997c80>,60,17,[13  3],61,-1,82,-1,65
1,<environment.Job instance at 0x7fad67997f00>,61,23,[12  3],62,-1,88,-1,65
1,<environment.Job instance at 0x7fad67997f50>,62,19,[ 3 11],63,-1,84,-1,65
1,<environment.Job instance at 0x7fad679973c0>,64,25,[9 3],65,-1,90,-1,65
1,<environment.Job instance at 0x7fad67997a00>,65,28,[ 5 13],66,-1,94,-1,66
1,<environment.Job instance at 0x7fad67992320>,66,19,[ 4 11],67,-1,86,-1,67
1,<environment.Job instance at 0x7fad67992410>,67,25,[13  4],68,-1,93,-1,68
1,<environment.Job instance at 0x7fad67992190>,68,21,[ 1 12],69,-1,90,-1,69
1,<environment.Job instance at 0x7fad679925f0>,69,22,[ 4 12],70,-1,92,-1,70
1,<environment.Job instance at 0x7fad67992140>,70,22,[13  5],71,-1,93,-1,71
1,<environment.Job instance at 0x7fad67992460>,71,28,[13  2],72,-1,100,-1,72
1,<environment.Job instance at 0x7fad67992820>,72,20,[14  3],73,-1,93,-1,73
1,<environment.Job instance at 0x7fad67837050>,73,24,[14  3],74,-1,98,-1,74
1,<environment.Job instance at 0x7fad678371e0>,74,25,[12  1],75,-1,100,-1,75
1,<environment.Job instance at 0x7fad67837190>,75,24,[5 8],76,-1,100,-1,76
1,<environment.Job instance at 0x7fad67837230>,76,13,[ 1 13],77,-1,90,-1,77
1,<environment.Job instance at 0x7fad678373c0>,77,23,[ 1 14],78,-1,101,-1,78
1,<environment.Job instance at 0x7fad67837460>,78,25,[12  5],79,-1,104,-1,79
1,<environment.Job instance at 0x7fad67837500>,79,27,[ 2 14],80,-1,107,-1,80
1,<environment.Job instance at 0x7fad678375a0>,80,20,[ 2 14],81,-1,101,-1,81
1,<environment.Job instance at 0x7fad67837640>,81,25,[ 4 11],82,-1,107,-1,82
1,<environment.Job instance at 0x7fad678375f0>,82,21,[ 3 11],83,-1,104,-1,83
1,<environment.Job instance at 0x7fad67837780>,83,21,[13  2],84,-1,105,-1,84
1,<environment.Job instance at 0x7fad67837730>,84,23,[14  5],85,-1,108,-1,85
1,<environment.Job instance at 0x7fad678378c0>,85,25,[ 2 11],86,-1,111,-1,86
1,<environment.Job instance at 0x7fad67837960>,86,26,[14  4],87,-1,113,-1,87
1,<environment.Job instance at 0x7fad67997fa0>,87,14,[ 1 13],88,-1,102,-1,88
1,<environment.Job instance at 0x7fad678379b0>,88,17,[ 1 11],89,-1,106,-1,89
1,<environment.Job instance at 0x7fad67837910>,89,24,[5 4],90,-1,115,-1,91
1,<environment.Job instance at 0x7fad67837c80>,91,26,[ 1 11],92,-1,118,-1,92
1,<environment.Job instance at 0x7fad67837d20>,92,16,[13  2],93,-1,109,-1,93
1,<environment.Job instance at 0x7fad67837dc0>,93,21,[ 5 11],94,-1,115,-1,94
1,<environment.Job instance at 0x7fad67837e60>,94,17,[13  4],95,-1,112,-1,95
1,<environment.Job instance at 0x7fad67837f00>,95,28,[ 3 12],96,-1,124,-1,96
1,<environment.Job instance at 0x7fad67837c30>,96,26,[ 1 12],97,-1,123,-1,97
1,<environment.Job instance at 0x7fad6781a190>,99,20,[ 5 14],100,-1,128,-1,108
1,<environment.Job instance at 0x7fad6781a230>,100,27,[ 2 14],101,-1,135,-1,108
1,<environment.Job instance at 0x7fad6781a050>,101,13,[ 2 12],102,-1,121,-1,108
1,<environment.Job instance at 0x7fad6781a460>,102,24,[10  4],103,-1,132,-1,108
1,<environment.Job instance at 0x7fad6781a370>,103,18,[ 3 11],104,-1,126,-1,108
1,<environment.Job instance at 0x7fad6781a500>,104,13,[14  4],105,-1,121,-1,108
1,<environment.Job instance at 0x7fad6781a5a0>,105,23,[14  2],106,-1,131,-1,108
1,<environment.Job instance at 0x7fad6781a640>,106,25,[14  4],107,-1,133,-1,108
1,<environment.Job instance at 0x7fad6781a6e0>,107,19,[13  5],108,-1,127,-1,108
1,<environment.Job instance at 0x7fad6781a820>,108,26,[10  2],109,-1,135,-1,109
1,<environment.Job instance at 0x7fad678a72d0>,1,26,[ 2 11],2,-1,28,-1,2
1,<environment.Job instance at 0x7fad678a7b90>,4,26,[ 3 13],5,-1,31,-1,5
1,<environment.Job instance at 0x7fad678a7dc0>,5,19,[ 4 14],6,-1,25,-1,6
1,<environment.Job instance at 0x7fad678a70a0>,6,17,[ 4 13],7,-1,24,-1,7
1,<environment.Job instance at 0x7fad678a74b0>,7,27,[ 2 11],8,-1,35,-1,8
1,<environment.Job instance at 0x7fad678a7be0>,9,24,[ 4 12],10,-1,34,-1,10
1,<environment.Job instance at 0x7fad678a7050>,10,27,[11  4],11,-1,38,-1,11
1,<environment.Job instance at 0x7fad678a7eb0>,15,15,[13  5],16,-1,39,-1,24
1,<environment.Job instance at 0x7fad68358320>,17,25,[ 2 14],18,-1,70,-1,45
1,<environment.Job instance at 0x7fad68358f00>,18,26,[ 1 14],19,-1,71,-1,45
1,<environment.Job instance at 0x7fad683586e0>,19,26,[2 7],20,-1,71,-1,45
1,<environment.Job instance at 0x7fad675b4960>,1,13,[ 4 11],2,-1,15,-1,2
1,<environment.Job instance at 0x7fad68358140>,2,22,[12  4],3,-1,25,-1,3
1,<environment.Job instance at 0x7fad6721e230>,3,16,[14  5],4,-1,20,-1,4
1,<environment.Job instance at 0x7fad6721e2d0>,4,20,[ 3 12],5,-1,25,-1,5
1,<environment.Job instance at 0x7fad6721e370>,5,28,[13  5],6,-1,34,-1,6
1,<environment.Job instance at 0x7fad6721e410>,6,23,[14  3],7,-1,30,-1,7
1,<environment.Job instance at 0x7fad6721e4b0>,7,25,[ 2 14],8,-1,33,-1,8
1,<environment.Job instance at 0x7fad6721e550>,8,21,[ 3 10],9,-1,30,-1,9
1,<environment.Job instance at 0x7fad6721e5f0>,9,22,[ 2 12],10,-1,32,-1,10
1,<environment.Job instance at 0x7fad6721e690>,10,21,[11  3],11,-1,32,-1,11
1,<environment.Job instance at 0x7fad6721e730>,11,24,[13  3],12,-1,36,-1,12
1,<environment.Job instance at 0x7fad6721e7d0>,12,23,[5 5],13,-1,36,-1,13
1,<environment.Job instance at 0x7fad6721e910>,14,22,[ 3 11],15,-1,37,-1,15
1,<environment.Job instance at 0x7fad6721ea00>,16,19,[ 2 11],17,-1,36,-1,17
1,<environment.Job instance at 0x7fad6721ec80>,17,18,[ 5 13],18,-1,36,-1,18
1,<environment.Job instance at 0x7fad6721eb90>,18,28,[ 5 11],19,-1,47,-1,19
1,<environment.Job instance at 0x7fad6721ecd0>,19,27,[12  1],20,-1,47,-1,20
1,<environment.Job instance at 0x7fad6721ed70>,20,22,[13  3],21,-1,43,-1,21
1,<environment.Job instance at 0x7fad6721ee10>,21,17,[13  4],22,-1,39,-1,22
1,<environment.Job instance at 0x7fad6721eeb0>,22,28,[ 5 11],23,-1,51,-1,23
1,<environment.Job instance at 0x7fad6723e050>,24,22,[ 1 14],25,-1,47,-1,25
1,<environment.Job instance at 0x7fad6723e1e0>,25,24,[13  4],26,-1,50,-1,26
1,<environment.Job instance at 0x7fad6723e0a0>,26,24,[ 4 13],27,-1,51,-1,27
1,<environment.Job instance at 0x7fad6723e280>,27,19,[ 5 14],28,-1,47,-1,28
1,<environment.Job instance at 0x7fad6723e320>,28,19,[14  3],29,-1,48,-1,29
1,<environment.Job instance at 0x7fad6723e3c0>,29,26,[8 4],30,-1,56,-1,30
1,<environment.Job instance at 0x7fad68358dc0>,31,22,[ 5 13],32,-1,54,-1,32
1,<environment.Job instance at 0x7fad6723e5a0>,32,24,[ 1 14],33,-1,57,-1,33
1,<environment.Job instance at 0x7fad6723e640>,33,28,[13  5],34,-1,62,-1,34
1,<environment.Job instance at 0x7fad6723e460>,30,14,[13  2],31,-1,48,-1,34
1,<environment.Job instance at 0x7fad6723e500>,34,22,[12  4],35,-1,57,-1,35
1,<environment.Job instance at 0x7fad6723e820>,36,24,[14  5],37,-1,61,-1,37
1,<environment.Job instance at 0x7fad6723e910>,38,23,[11  5],39,-1,62,-1,39
1,<environment.Job instance at 0x7fad6723ea50>,39,23,[ 2 12],40,-1,63,-1,40
1,<environment.Job instance at 0x7fad6723eaf0>,40,14,[11  5],41,-1,55,-1,41
1,<environment.Job instance at 0x7fad6723eb90>,41,25,[7 3],42,-1,67,-1,42
1,<environment.Job instance at 0x7fad6723e960>,37,19,[13  1],38,-1,61,-1,42
1,<environment.Job instance at 0x7fad6723e9b0>,42,23,[12  5],43,-1,66,-1,43
1,<environment.Job instance at 0x7fad6723ecd0>,43,28,[11  2],44,-1,72,-1,44
1,<environment.Job instance at 0x7fad6723ed70>,44,27,[11  2],45,-1,72,-1,45
1,<environment.Job instance at 0x7fad6723ee10>,45,24,[6 4],46,-1,70,-1,46
1,<environment.Job instance at 0x7fad6723eeb0>,46,17,[ 4 13],47,-1,64,-1,47
1,<environment.Job instance at 0x7fad6723ef50>,47,21,[ 3 10],48,-1,69,-1,48
1,<environment.Job instance at 0x7fad67228050>,48,13,[12  5],49,-1,62,-1,49
1,<environment.Job instance at 0x7fad672280f0>,49,14,[ 2 12],50,-1,64,-1,50
1,<environment.Job instance at 0x7fad67228190>,50,19,[11  1],51,-1,70,-1,51
1,<environment.Job instance at 0x7fad67228230>,51,21,[13  1],52,-1,73,-1,52
1,<environment.Job instance at 0x7fad672282d0>,52,24,[13  4],53,-1,77,-1,53
1,<environment.Job instance at 0x7fad67228370>,53,19,[ 5 14],54,-1,73,-1,54
1,<environment.Job instance at 0x7fad67228410>,54,28,[ 1 12],55,-1,83,-1,55
1,<environment.Job instance at 0x7fad672284b0>,55,28,[12  3],56,-1,84,-1,56
1,<environment.Job instance at 0x7fad67228550>,56,27,[2 7],57,-1,84,-1,57
1,<environment.Job instance at 0x7fad672285f0>,57,23,[11  3],58,-1,81,-1,58
1,<environment.Job instance at 0x7fad67228690>,58,14,[ 1 14],59,-1,73,-1,59
1,<environment.Job instance at 0x7fad67228730>,59,26,[ 5 12],60,-1,86,-1,60
1,<environment.Job instance at 0x7fad672287d0>,60,22,[ 3 11],61,-1,83,-1,61
1,<environment.Job instance at 0x7fad67228870>,61,26,[ 3 14],62,-1,88,-1,62
1,<environment.Job instance at 0x7fad67228910>,62,19,[ 4 12],63,-1,82,-1,63
1,<environment.Job instance at 0x7fad672289b0>,63,14,[ 3 14],64,-1,78,-1,64
1,<environment.Job instance at 0x7fad67228a50>,64,20,[ 4 11],65,-1,85,-1,65
1,<environment.Job instance at 0x7fad67228af0>,65,19,[12  1],66,-1,85,-1,66
1,<environment.Job instance at 0x7fad67228b90>,66,22,[11  1],67,-1,89,-1,67
1,<environment.Job instance at 0x7fad67228c30>,67,20,[ 1 14],68,-1,88,-1,68
1,<environment.Job instance at 0x7fad67228cd0>,68,24,[4 6],69,-1,93,-1,69
1,<environment.Job instance at 0x7fad67228d70>,69,28,[9 2],70,-1,98,-1,70
1,<environment.Job instance at 0x7fad67228e10>,70,27,[ 1 11],71,-1,98,-1,71
1,<environment.Job instance at 0x7fad67228eb0>,71,25,[ 1 12],72,-1,97,-1,72
1,<environment.Job instance at 0x7fad67228f50>,72,18,[ 4 14],73,-1,91,-1,73
1,<environment.Job instance at 0x7fad67245050>,73,18,[ 1 11],74,-1,92,-1,74
1,<environment.Job instance at 0x7fad672450f0>,74,21,[ 5 10],75,-1,96,-1,75
1,<environment.Job instance at 0x7fad67245190>,75,14,[ 1 14],76,-1,90,-1,76
1,<environment.Job instance at 0x7fad67245230>,76,23,[4 8],77,-1,100,-1,77
1,<environment.Job instance at 0x7fad672452d0>,77,21,[ 5 12],78,-1,99,-1,78
1,<environment.Job instance at 0x7fad67245370>,78,21,[ 1 13],79,-1,100,-1,79
1,<environment.Job instance at 0x7fad672454b0>,80,25,[3 8],81,-1,106,-1,81
1,<environment.Job instance at 0x7fad67322690>,81,24,[ 3 13],82,-1,106,-1,82
1,<environment.Job instance at 0x7fad67219be0>,82,26,[4 6],83,-1,109,-1,83
1,<environment.Job instance at 0x7fad672196e0>,83,20,[11  3],84,-1,104,-1,84
1,<environment.Job instance at 0x7fad67219140>,84,22,[ 1 10],85,-1,107,-1,85
1,<environment.Job instance at 0x7fad67219500>,85,28,[11  5],86,-1,114,-1,86
1,<environment.Job instance at 0x7fad672193c0>,86,22,[ 1 13],87,-1,109,-1,87
1,<environment.Job instance at 0x7fad672190f0>,87,14,[12  1],88,-1,102,-1,88
1,<environment.Job instance at 0x7fad67219230>,88,27,[11  2],89,-1,116,-1,89
1,<environment.Job instance at 0x7fad679922d0>,90,15,[13  2],91,-1,106,-1,91
1,<environment.Job instance at 0x7fad672192d0>,89,13,[12  5],90,-1,104,-1,91
1,<environment.Job instance at 0x7fad6715a050>,91,19,[ 4 13],92,-1,111,-1,92
1,<environment.Job instance at 0x7fad672d9960>,92,21,[ 5 12],93,-1,114,-1,93
1,<environment.Job instance at 0x7fad675f0aa0>,93,20,[14  2],94,-1,114,-1,94
1,<environment.Job instance at 0x7fad67683eb0>,95,19,[ 5 14],96,-1,115,-1,96
1,<environment.Job instance at 0x7fad68342140>,97,12,[ 1 12],98,-1,110,-1,98
1,<environment.Job instance at 0x7fad679b4960>,96,16,[12  5],97,-1,114,-1,98
1,<environment.Job instance at 0x7fad6816a5a0>,99,15,[ 1 14],100,-1,115,-1,100
1,<environment.Job instance at 0x7fad68337d20>,1,23,[13  4],2,-1,25,-1,2
1,<environment.Job instance at 0x7fad66f72d70>,2,25,[ 4 12],3,-1,28,-1,3
1,<environment.Job instance at 0x7fad66f720f0>,3,26,[ 5 11],4,-1,30,-1,4
1,<environment.Job instance at 0x7fad66f72be0>,4,21,[ 4 14],5,-1,26,-1,5
1,<environment.Job instance at 0x7fad66f72550>,5,17,[ 3 13],6,-1,23,-1,6
1,<environment.Job instance at 0x7fad66f72140>,6,25,[ 2 10],7,-1,32,-1,7
1,<environment.Job instance at 0x7fad671be1e0>,9,19,[3 6],10,-1,40,-1,21
1,<environment.Job instance at 0x7fad66f722d0>,13,21,[ 1 11],14,-1,42,-1,21
1,<environment.Job instance at 0x7fad66f72c30>,14,25,[11  4],15,-1,46,-1,21
1,<environment.Job instance at 0x7fad66f72d20>,15,20,[ 3 11],16,-1,41,-1,21
1,<environment.Job instance at 0x7fad66f723c0>,17,21,[ 2 14],18,-1,57,-1,36
1,<environment.Job instance at 0x7fad66f72370>,18,17,[ 3 12],19,-1,53,-1,36
1,<environment.Job instance at 0x7fad67776730>,19,16,[ 4 14],20,-1,52,-1,36
1,<environment.Job instance at 0x7fad67776410>,20,21,[ 1 11],21,-1,57,-1,36
1,<environment.Job instance at 0x7fad677767d0>,21,15,[11  5],22,-1,51,-1,36
1,<environment.Job instance at 0x7fad677769b0>,22,20,[ 2 14],23,-1,56,-1,36
1,<environment.Job instance at 0x7fad67776500>,23,27,[ 5 12],24,-1,63,-1,36
1,<environment.Job instance at 0x7fad67776dc0>,24,27,[7 3],25,-1,63,-1,36
1,<environment.Job instance at 0x7fad677764b0>,25,20,[12  3],26,-1,56,-1,36
1,<environment.Job instance at 0x7fad677acc80>,26,12,[ 3 13],27,-1,48,-1,36
1,<environment.Job instance at 0x7fad677acfa0>,27,25,[12  3],28,-1,61,-1,36
1,<environment.Job instance at 0x7fad677aca50>,28,23,[11  5],29,-1,59,-1,36
1,<environment.Job instance at 0x7fad677ac550>,29,27,[7 3],30,-1,63,-1,36
1,<environment.Job instance at 0x7fad677ac640>,30,22,[3 9],31,-1,58,-1,36
1,<environment.Job instance at 0x7fad677ac190>,31,13,[13  3],32,-1,49,-1,36
1,<environment.Job instance at 0x7fad677acd70>,32,12,[12  5],33,-1,48,-1,36
1,<environment.Job instance at 0x7fad677acb90>,33,21,[12  5],34,-1,57,-1,36
1,<environment.Job instance at 0x7fad677ac6e0>,34,22,[14  5],35,-1,58,-1,36
1,<environment.Job instance at 0x7fad677ac820>,35,19,[11  2],36,-1,55,-1,36
1,<environment.Job instance at 0x7fad677ac4b0>,38,21,[12  5],39,-1,67,-1,46
1,<environment.Job instance at 0x7fad677accd0>,39,27,[ 2 13],40,-1,73,-1,46
1,<environment.Job instance at 0x7fad677ac690>,40,21,[ 1 12],41,-1,67,-1,46
1,<environment.Job instance at 0x7fad677ace10>,44,23,[ 2 12],45,-1,114,-1,91
1,<environment.Job instance at 0x7fad67a29230>,45,27,[8 3],46,-1,118,-1,91
1,<environment.Job instance at 0x7fad67a29640>,46,22,[ 2 12],47,-1,113,-1,91
1,<environment.Job instance at 0x7fad67a29af0>,47,26,[6 4],48,-1,117,-1,91
1,<environment.Job instance at 0x7fad67a29f00>,48,16,[12  2],49,-1,107,-1,91
1,<environment.Job instance at 0x7fad67a29460>,49,15,[ 1 14],50,-1,106,-1,91
1,<environment.Job instance at 0x7fad67a292d0>,50,22,[14  4],51,-1,113,-1,91
1,<environment.Job instance at 0x7fad67a29fa0>,51,15,[13  3],52,-1,106,-1,91
1,<environment.Job instance at 0x7fad67a29cd0>,52,17,[ 1 14],53,-1,108,-1,91
1,<environment.Job instance at 0x7fad67a29500>,54,28,[ 5 13],55,-1,119,-1,91
1,<environment.Job instance at 0x7fad67a29c30>,55,22,[12  1],56,-1,113,-1,91
1,<environment.Job instance at 0x7fad67a29910>,56,25,[ 5 14],57,-1,116,-1,91
1,<environment.Job instance at 0x7fad67a29140>,57,23,[ 2 11],58,-1,114,-1,91
1,<environment.Job instance at 0x7fad67a29730>,58,26,[ 4 11],59,-1,117,-1,91
1,<environment.Job instance at 0x7fad67a29050>,59,27,[13  5],60,-1,118,-1,91
1,<environment.Job instance at 0x7fad67a299b0>,60,25,[11  4],61,-1,116,-1,91
1,<environment.Job instance at 0x7fad67879aa0>,61,14,[14  4],62,-1,105,-1,91
1,<environment.Job instance at 0x7fad67879730>,62,26,[ 5 12],63,-1,117,-1,91
1,<environment.Job instance at 0x7fad678799b0>,63,18,[ 1 12],64,-1,109,-1,91
1,<environment.Job instance at 0x7fad67879910>,64,27,[4 5],65,-1,118,-1,91
1,<environment.Job instance at 0x7fad67879e60>,65,24,[ 3 11],66,-1,115,-1,91
1,<environment.Job instance at 0x7fad67879500>,66,24,[14  2],67,-1,115,-1,91
1,<environment.Job instance at 0x7fad678792d0>,67,12,[5 1],68,-1,103,-1,91
1,<environment.Job instance at 0x7fad67879550>,68,19,[ 3 11],69,-1,110,-1,91
1,<environment.Job instance at 0x7fad67879f50>,69,15,[13  2],70,-1,106,-1,91
1,<environment.Job instance at 0x7fad67879820>,70,13,[11  2],71,-1,104,-1,91
1,<environment.Job instance at 0x7fad67879b40>,71,24,[4 6],72,-1,115,-1,91
1,<environment.Job instance at 0x7fad678793c0>,72,28,[ 3 14],73,-1,119,-1,91
1,<environment.Job instance at 0x7fad67879d70>,73,25,[3 7],74,-1,116,-1,91
1,<environment.Job instance at 0x7fad67fc3960>,1,24,[12  5],2,-1,26,-1,2
1,<environment.Job instance at 0x7fad678798c0>,2,19,[ 4 13],3,-1,22,-1,3
1,<environment.Job instance at 0x7fad67fc32d0>,3,24,[ 4 11],4,-1,28,-1,4
1,<environment.Job instance at 0x7fad6772f050>,4,21,[ 2 11],5,-1,26,-1,5
1,<environment.Job instance at 0x7fad6772faf0>,6,27,[ 3 11],7,-1,34,-1,7
1,<environment.Job instance at 0x7fad6772f460>,8,27,[8 2],9,-1,36,-1,9
1,<environment.Job instance at 0x7fad678791e0>,10,27,[8 4],11,-1,38,-1,11
1,<environment.Job instance at 0x7fad6772f230>,11,15,[ 4 14],12,-1,27,-1,12
1,<environment.Job instance at 0x7fad6772fa00>,12,23,[14  5],13,-1,36,-1,13
1,<environment.Job instance at 0x7fad6772f640>,13,22,[13  2],14,-1,36,-1,14
1,<environment.Job instance at 0x7fad6772f4b0>,14,24,[ 2 14],15,-1,39,-1,15
1,<environment.Job instance at 0x7fad6772f1e0>,15,24,[5 7],16,-1,40,-1,16
1,<environment.Job instance at 0x7fad6772f780>,16,13,[14  2],17,-1,30,-1,17
1,<environment.Job instance at 0x7fad6772f5f0>,17,27,[ 5 14],18,-1,45,-1,18
1,<environment.Job instance at 0x7fad685349b0>,18,28,[11  4],19,-1,47,-1,19
1,<environment.Job instance at 0x7fad68534be0>,19,23,[ 1 13],20,-1,43,-1,20
1,<environment.Job instance at 0x7fad68534230>,20,24,[ 2 11],21,-1,45,-1,21
1,<environment.Job instance at 0x7fad68534f50>,21,26,[11  1],22,-1,48,-1,22
1,<environment.Job instance at 0x7fad68534b90>,22,25,[ 1 12],23,-1,48,-1,23
1,<environment.Job instance at 0x7fad68534370>,23,26,[14  3],24,-1,50,-1,24
1,<environment.Job instance at 0x7fad68534410>,24,25,[13  5],25,-1,50,-1,25
1,<environment.Job instance at 0x7fad68534050>,25,24,[5 3],26,-1,51,-1,27
1,<environment.Job instance at 0x7fad685340f0>,27,24,[5 2],28,-1,56,-1,32
1,<environment.Job instance at 0x7fad68534690>,30,20,[ 4 13],31,-1,52,-1,32
1,<environment.Job instance at 0x7fad677e97d0>,31,17,[13  2],32,-1,49,-1,32
1,<environment.Job instance at 0x7fad677e9780>,32,20,[ 1 11],33,-1,53,-1,33
1,<environment.Job instance at 0x7fad68534b40>,34,26,[11  3],35,-1,65,-1,39
1,<environment.Job instance at 0x7fad677e93c0>,36,20,[14  4],37,-1,65,-1,45
1,<environment.Job instance at 0x7fad677e9dc0>,39,20,[ 3 11],40,-1,92,-1,72
1,<environment.Job instance at 0x7fad677e94b0>,40,22,[11  4],41,-1,94,-1,72
1,<environment.Job instance at 0x7fad677e9690>,42,20,[12  1],43,-1,114,-1,94
1,<environment.Job instance at 0x7fad677e9af0>,45,26,[9 5],46,-1,133,-1,107
1,<environment.Job instance at 0x7fad677e9910>,46,27,[ 2 14],47,-1,134,-1,107
1,<environment.Job instance at 0x7fad677e9f50>,48,20,[ 4 11],49,-1,127,-1,107
1,<environment.Job instance at 0x7fad677e9050>,49,16,[ 1 11],50,-1,123,-1,107
1,<environment.Job instance at 0x7fad677e9fa0>,50,28,[12  4],51,-1,135,-1,107
1,<environment.Job instance at 0x7fad68356550>,1,16,[ 2 13],2,-1,18,-1,2
1,<environment.Job instance at 0x7fad677e9fa0>,3,28,[13  4],4,-1,32,-1,4
1,<environment.Job instance at 0x7fad675d3c80>,4,25,[14  3],5,-1,30,-1,5
1,<environment.Job instance at 0x7fad675d38c0>,5,15,[12  5],6,-1,21,-1,6
1,<environment.Job instance at 0x7fad675d39b0>,6,24,[14  5],7,-1,31,-1,7
1,<environment.Job instance at 0x7fad675d3eb0>,7,25,[ 4 12],8,-1,33,-1,8
1,<environment.Job instance at 0x7fad675d3280>,8,22,[ 2 14],9,-1,31,-1,9
1,<environment.Job instance at 0x7fad675d3cd0>,9,25,[ 3 13],10,-1,35,-1,10
1,<environment.Job instance at 0x7fad675d3820>,10,25,[13  3],11,-1,36,-1,11
1,<environment.Job instance at 0x7fad675d3fa0>,11,25,[ 2 11],12,-1,37,-1,12
1,<environment.Job instance at 0x7fad675d3a50>,12,28,[11  3],13,-1,41,-1,13
1,<environment.Job instance at 0x7fad675d3050>,13,18,[13  2],14,-1,32,-1,14
1,<environment.Job instance at 0x7fad675d36e0>,14,28,[13  1],15,-1,43,-1,15
1,<environment.Job instance at 0x7fad675d3780>,15,23,[ 5 13],16,-1,39,-1,16
1,<environment.Job instance at 0x7fad70cf6a50>,2,23,[13  1],3,-1,39,-1,16
1,<environment.Job instance at 0x7fad675d3910>,16,23,[ 2 13],17,-1,40,-1,17
1,<environment.Job instance at 0x7fad6703db90>,17,28,[ 1 12],18,-1,46,-1,18
1,<environment.Job instance at 0x7fad6703d4b0>,18,25,[ 2 12],19,-1,44,-1,19
1,<environment.Job instance at 0x7fad6703d370>,19,12,[ 4 14],20,-1,32,-1,20
1,<environment.Job instance at 0x7fad6703de60>,20,28,[12  3],21,-1,49,-1,21
1,<environment.Job instance at 0x7fad6703dd20>,23,22,[ 3 13],24,-1,46,-1,24
1,<environment.Job instance at 0x7fad6703d0f0>,24,27,[ 1 13],25,-1,52,-1,25
1,<environment.Job instance at 0x7fad6703d780>,26,22,[ 3 12],27,-1,49,-1,27
1,<environment.Job instance at 0x7fad6703d050>,25,23,[12  5],26,-1,50,-1,27
1,<environment.Job instance at 0x7fad6703d140>,27,25,[ 4 12],28,-1,53,-1,28
1,<environment.Job instance at 0x7fad6703ddc0>,29,24,[ 5 12],30,-1,54,-1,30
1,<environment.Job instance at 0x7fad6703daa0>,31,13,[ 3 13],32,-1,45,-1,32
1,<environment.Job instance at 0x7fad6703d960>,32,23,[14  4],33,-1,56,-1,33
1,<environment.Job instance at 0x7fad6703dc30>,33,17,[13  5],34,-1,51,-1,34
1,<environment.Job instance at 0x7fad6703d230>,34,22,[13  1],35,-1,57,-1,35
1,<environment.Job instance at 0x7fad678ef190>,35,24,[12  4],36,-1,60,-1,36
1,<environment.Job instance at 0x7fad6703d820>,36,25,[12  3],37,-1,62,-1,37
1,<environment.Job instance at 0x7fad678eff00>,37,27,[11  5],38,-1,65,-1,38
1,<environment.Job instance at 0x7fad678eff50>,38,25,[ 3 11],39,-1,64,-1,39
1,<environment.Job instance at 0x7fad678ef5f0>,39,21,[ 2 13],40,-1,61,-1,40
1,<environment.Job instance at 0x7fad678ef640>,41,23,[ 3 11],42,-1,65,-1,42
1,<environment.Job instance at 0x7fad678ef460>,43,21,[ 1 13],44,-1,65,-1,44
1,<environment.Job instance at 0x7fad67dc01e0>,44,28,[14  1],45,-1,73,-1,45
1,<environment.Job instance at 0x7fad67dc0c80>,45,28,[4 5],46,-1,74,-1,46
1,<environment.Job instance at 0x7fad67dc0f00>,46,17,[ 3 14],47,-1,64,-1,47
1,<environment.Job instance at 0x7fad67dc0e60>,47,25,[12  5],48,-1,73,-1,48
1,<environment.Job instance at 0x7fad67dc0fa0>,48,16,[ 1 12],49,-1,65,-1,49
1,<environment.Job instance at 0x7fad67dc0190>,49,17,[13  2],50,-1,67,-1,50
1,<environment.Job instance at 0x7fad67dc0b40>,50,23,[5 9],51,-1,89,-1,66
1,<environment.Job instance at 0x7fad67dc0230>,54,28,[ 4 10],55,-1,94,-1,66
1,<environment.Job instance at 0x7fad67c365a0>,55,24,[6 2],56,-1,90,-1,66
1,<environment.Job instance at 0x7fad67c36550>,56,19,[ 2 13],57,-1,85,-1,66
1,<environment.Job instance at 0x7fad67c36690>,57,21,[ 5 12],58,-1,87,-1,66
1,<environment.Job instance at 0x7fad67c36fa0>,58,24,[ 4 12],59,-1,90,-1,66
1,<environment.Job instance at 0x7fad67c365f0>,60,26,[12  2],61,-1,106,-1,80
1,<environment.Job instance at 0x7fad67c36dc0>,61,28,[ 2 14],62,-1,108,-1,80
1,<environment.Job instance at 0x7fad67c36050>,62,24,[ 1 11],63,-1,104,-1,80
1,<environment.Job instance at 0x7fad67c363c0>,63,17,[ 3 11],64,-1,97,-1,80
1,<environment.Job instance at 0x7fad67c36f50>,64,22,[8 1],65,-1,114,-1,92
1,<environment.Job instance at 0x7fad67c361e0>,66,25,[14  1],67,-1,117,-1,92
1,<environment.Job instance at 0x7fad67092640>,67,20,[11  1],68,-1,112,-1,92
1,<environment.Job instance at 0x7fad670920f0>,68,25,[ 2 14],69,-1,117,-1,92
1,<environment.Job instance at 0x7fad67092550>,69,17,[ 2 14],70,-1,109,-1,92
1,<environment.Job instance at 0x7fad67092fa0>,70,24,[10  2],71,-1,116,-1,92
1,<environment.Job instance at 0x7fad670926e0>,72,14,[ 5 11],73,-1,115,-1,101
1,<environment.Job instance at 0x7fad67092d70>,73,15,[ 2 13],74,-1,116,-1,101
1,<environment.Job instance at 0x7fad67092c30>,75,17,[ 2 13],76,-1,119,-1,102
1,<environment.Job instance at 0x7fad67092b90>,76,16,[14  4],77,-1,118,-1,102
1,<environment.Job instance at 0x7fad67092cd0>,77,22,[ 4 14],78,-1,124,-1,102
1,<environment.Job instance at 0x7fad67092eb0>,78,23,[ 3 14],79,-1,125,-1,102
1,<environment.Job instance at 0x7fad67092e10>,79,15,[13  2],80,-1,117,-1,102
1,<environment.Job instance at 0x7fad67092910>,80,16,[12  4],81,-1,118,-1,102
1,<environment.Job instance at 0x7fad670923c0>,81,16,[11  2],82,-1,120,-1,104
1,<environment.Job instance at 0x7fad671b4910>,82,17,[ 3 11],83,-1,121,-1,104
1,<environment.Job instance at 0x7fad671b4c30>,83,23,[14  2],84,-1,127,-1,104
1,<environment.Job instance at 0x7fad671b42d0>,84,24,[5 9],85,-1,128,-1,104
1,<environment.Job instance at 0x7fad671b41e0>,85,12,[12  5],86,-1,116,-1,104
1,<environment.Job instance at 0x7fad671b4140>,86,28,[ 2 11],87,-1,132,-1,104
1,<environment.Job instance at 0x7fad671b40f0>,87,26,[9 1],88,-1,130,-1,104
1,<environment.Job instance at 0x7fad671b4370>,88,24,[14  5],89,-1,128,-1,104
1,<environment.Job instance at 0x7fad671b4d70>,89,23,[14  3],90,-1,127,-1,104
1,<environment.Job instance at 0x7fad671b4a00>,90,25,[ 1 12],91,-1,129,-1,104
1,<environment.Job instance at 0x7fad671b4e60>,91,25,[12  4],92,-1,129,-1,104
1,<environment.Job instance at 0x7fad675f9dc0>,92,24,[ 3 11],93,-1,128,-1,104
1,<environment.Job instance at 0x7fad67254460>,93,25,[ 2 12],94,-1,129,-1,104
1,<environment.Job instance at 0x7fad67773e60>,94,22,[ 4 14],95,-1,126,-1,104
1,<environment.Job instance at 0x7fad67aa9e60>,95,22,[13  5],96,-1,126,-1,104
1,<environment.Job instance at 0x7fad67aa9050>,96,26,[11  3],97,-1,130,-1,104
1,<environment.Job instance at 0x7fad67aa9dc0>,97,19,[14  1],98,-1,123,-1,104
1,<environment.Job instance at 0x7fad67aa9780>,98,19,[11  5],99,-1,123,-1,104
1,<environment.Job instance at 0x7fad67aa9280>,99,23,[14  1],100,-1,127,-1,104
1,<environment.Job instance at 0x7fad67aa99b0>,100,21,[11  2],101,-1,125,-1,104
1,<environment.Job instance at 0x7fad677ae410>,101,22,[ 3 13],102,-1,126,-1,104
1,<environment.Job instance at 0x7fad680d3460>,102,22,[14  5],103,-1,126,-1,104
1,<environment.Job instance at 0x7fad680d3410>,103,26,[ 4 14],104,-1,130,-1,104
1,<environment.Job instance at 0x7fad67468960>,104,18,[ 3 14],105,-1,123,-1,105
1,<environment.Job instance at 0x7fad67468af0>,105,22,[ 2 11],106,-1,128,-1,106
1,<environment.Job instance at 0x7fad66dab500>,1,23,[5 1],2,-1,25,-1,2
1,<environment.Job instance at 0x7fad68128190>,3,13,[11  2],4,-1,17,-1,4
1,<environment.Job instance at 0x7fad681287d0>,4,21,[ 2 13],5,-1,26,-1,5
1,<environment.Job instance at 0x7fad68128460>,5,26,[11  3],6,-1,32,-1,6
1,<environment.Job instance at 0x7fad68128320>,6,25,[11  3],7,-1,32,-1,7
1,<environment.Job instance at 0x7fad68501050>,8,21,[ 3 11],9,-1,30,-1,9
1,<environment.Job instance at 0x7fad67468af0>,9,19,[ 3 12],10,-1,29,-1,10
1,<environment.Job instance at 0x7fad68492cd0>,10,27,[5 8],11,-1,38,-1,11
1,<environment.Job instance at 0x7fad68501410>,12,27,[13  3],13,-1,40,-1,13
1,<environment.Job instance at 0x7fad670cd5f0>,13,20,[11  3],14,-1,34,-1,14
1,<environment.Job instance at 0x7fad670cda00>,18,19,[14  5],19,-1,46,-1,27
1,<environment.Job instance at 0x7fad67039a50>,20,19,[ 2 11],21,-1,70,-1,51
1,<environment.Job instance at 0x7fad67039a00>,22,27,[ 1 13],23,-1,78,-1,51
1,<environment.Job instance at 0x7fad67039f00>,23,12,[13  2],24,-1,63,-1,51
1,<environment.Job instance at 0x7fad67039eb0>,25,26,[2 8],26,-1,96,-1,70
1,<environment.Job instance at 0x7fad678fc370>,2,17,[ 2 14],3,-1,20,-1,3
1,<environment.Job instance at 0x7fad670f4190>,3,27,[12  4],4,-1,31,-1,4
1,<environment.Job instance at 0x7fad670f4e10>,5,17,[ 2 14],6,-1,23,-1,6
1,<environment.Job instance at 0x7fad670f42d0>,4,28,[11  2],5,-1,34,-1,6
1,<environment.Job instance at 0x7fad670f4b90>,6,26,[12  5],7,-1,33,-1,7
1,<environment.Job instance at 0x7fad66eec8c0>,7,25,[ 3 13],8,-1,33,-1,8
1,<environment.Job instance at 0x7fad66eeceb0>,8,22,[ 4 11],9,-1,31,-1,9
1,<environment.Job instance at 0x7fad66eecdc0>,9,25,[ 1 12],10,-1,35,-1,10
1,<environment.Job instance at 0x7fad66eec0f0>,13,28,[13  5],14,-1,42,-1,14
1,<environment.Job instance at 0x7fad66eecd20>,14,19,[ 1 13],15,-1,34,-1,15
1,<environment.Job instance at 0x7fad66eec550>,16,26,[ 5 12],17,-1,43,-1,17
1,<environment.Job instance at 0x7fad66eece60>,17,22,[9 1],18,-1,44,-1,22
1,<environment.Job instance at 0x7fad66eec960>,20,15,[14  4],21,-1,37,-1,22
1,<environment.Job instance at 0x7fad67925b40>,21,25,[ 5 10],22,-1,47,-1,22
1,<environment.Job instance at 0x7fad66eec5f0>,22,20,[12  3],23,-1,43,-1,23
1,<environment.Job instance at 0x7fad6732f460>,23,20,[ 4 11],24,-1,44,-1,24
1,<environment.Job instance at 0x7fad680c7fa0>,24,19,[ 2 13],25,-1,44,-1,25
1,<environment.Job instance at 0x7fad66f00460>,25,15,[14  2],26,-1,41,-1,26
1,<environment.Job instance at 0x7fad67c977d0>,26,27,[13  3],27,-1,54,-1,27
1,<environment.Job instance at 0x7fad68575870>,27,17,[12  1],28,-1,45,-1,28
1,<environment.Job instance at 0x7fad67601780>,28,21,[11  1],29,-1,50,-1,29
1,<environment.Job instance at 0x7fad67601fa0>,29,19,[ 2 11],30,-1,49,-1,30
1,<environment.Job instance at 0x7fad676016e0>,31,23,[14  3],32,-1,55,-1,32
1,<environment.Job instance at 0x7fad670e6d70>,32,26,[8 2],33,-1,59,-1,33
1,<environment.Job instance at 0x7fad670e6dc0>,33,19,[13  4],34,-1,53,-1,34
1,<environment.Job instance at 0x7fad670e6eb0>,34,24,[ 5 11],35,-1,59,-1,35
1,<environment.Job instance at 0x7fad670ea5a0>,36,20,[12  2],37,-1,57,-1,37
1,<environment.Job instance at 0x7fad670ea500>,37,21,[6 1],38,-1,73,-1,52
1,<environment.Job instance at 0x7fad670ea6e0>,39,24,[ 3 13],40,-1,76,-1,52
1,<environment.Job instance at 0x7fad67a80c80>,41,25,[11  5],42,-1,94,-1,69
1,<environment.Job instance at 0x7fad678dc410>,43,19,[12  3],44,-1,89,-1,70
1,<environment.Job instance at 0x7fad67492460>,44,27,[ 1 13],45,-1,97,-1,70
1,<environment.Job instance at 0x7fad67492960>,45,27,[13  1],46,-1,97,-1,70
1,<environment.Job instance at 0x7fad67492050>,46,24,[ 2 14],47,-1,94,-1,70
1,<environment.Job instance at 0x7fad66efc960>,47,14,[ 5 12],48,-1,84,-1,70
1,<environment.Job instance at 0x7fad67492820>,48,19,[13  3],49,-1,89,-1,70
1,<environment.Job instance at 0x7fad674949b0>,49,21,[ 2 13],50,-1,91,-1,70
1,<environment.Job instance at 0x7fad66efcb90>,50,19,[ 2 13],51,-1,89,-1,70
1,<environment.Job instance at 0x7fad67107c30>,51,24,[ 4 12],52,-1,94,-1,70
1,<environment.Job instance at 0x7fad67107050>,52,19,[8 1],53,-1,89,-1,70
1,<environment.Job instance at 0x7fad67107b40>,53,23,[ 4 11],54,-1,93,-1,70
1,<environment.Job instance at 0x7fad67107690>,54,26,[ 3 14],55,-1,96,-1,70
1,<environment.Job instance at 0x7fad671073c0>,55,21,[ 2 12],56,-1,91,-1,70
1,<environment.Job instance at 0x7fad67107410>,56,20,[12  5],57,-1,90,-1,70
1,<environment.Job instance at 0x7fad670f6190>,57,24,[4 6],58,-1,94,-1,70
1,<environment.Job instance at 0x7fad670f69b0>,58,23,[13  5],59,-1,93,-1,70
1,<environment.Job instance at 0x7fad670f68c0>,59,28,[14  2],60,-1,98,-1,70
1,<environment.Job instance at 0x7fad670ff7d0>,60,22,[11  4],61,-1,92,-1,70
1,<environment.Job instance at 0x7fad670ff370>,62,24,[ 4 10],63,-1,112,-1,88
1,<environment.Job instance at 0x7fad670ff500>,63,22,[14  1],64,-1,110,-1,88
1,<environment.Job instance at 0x7fad670ff190>,64,22,[13  1],65,-1,110,-1,88
1,<environment.Job instance at 0x7fad670ff780>,65,24,[ 5 13],66,-1,112,-1,88
1,<environment.Job instance at 0x7fad670ff870>,66,22,[ 2 12],67,-1,110,-1,88
1,<environment.Job instance at 0x7fad670ffbe0>,67,22,[ 4 14],68,-1,110,-1,88
1,<environment.Job instance at 0x7fad67609a00>,68,18,[ 1 12],69,-1,106,-1,88
1,<environment.Job instance at 0x7fad67609dc0>,70,25,[10  5],71,-1,113,-1,88
1,<environment.Job instance at 0x7fad676099b0>,71,20,[ 1 14],72,-1,108,-1,88
1,<environment.Job instance at 0x7fad67609d70>,72,21,[12  2],73,-1,109,-1,88
1,<environment.Job instance at 0x7fad670e0c80>,73,27,[ 1 14],74,-1,115,-1,88
1,<environment.Job instance at 0x7fad670e0eb0>,74,21,[ 3 11],75,-1,109,-1,88
1,<environment.Job instance at 0x7fad670e0dc0>,75,22,[14  1],76,-1,110,-1,88
1,<environment.Job instance at 0x7fad670e07d0>,76,20,[ 4 13],77,-1,108,-1,88
1,<environment.Job instance at 0x7fad670e0cd0>,77,28,[9 2],78,-1,116,-1,88
1,<environment.Job instance at 0x7fad675cf140>,79,15,[ 5 12],80,-1,103,-1,88
1,<environment.Job instance at 0x7fad675cf690>,80,22,[11  4],81,-1,110,-1,88
1,<environment.Job instance at 0x7fad675cf460>,81,26,[13  4],82,-1,114,-1,88
1,<environment.Job instance at 0x7fad675cf820>,82,22,[13  3],83,-1,110,-1,88
1,<environment.Job instance at 0x7fad675cfaa0>,83,24,[ 5 11],84,-1,112,-1,88
1,<environment.Job instance at 0x7fad675cf4b0>,84,22,[ 4 11],85,-1,110,-1,88
1,<environment.Job instance at 0x7fad674a63c0>,85,25,[ 5 14],86,-1,113,-1,88
1,<environment.Job instance at 0x7fad674a6410>,86,24,[ 5 11],87,-1,112,-1,88
1,<environment.Job instance at 0x7fad674c40f0>,87,20,[13  1],88,-1,108,-1,88
1,<environment.Job instance at 0x7fad674aa780>,88,23,[ 2 14],89,-1,112,-1,89
1,<environment.Job instance at 0x7fad674aa140>,89,27,[9 4],90,-1,117,-1,90
1,<environment.Job instance at 0x7fad674aa550>,90,23,[ 3 11],91,-1,114,-1,91
1,<environment.Job instance at 0x7fad674aa640>,91,12,[12  5],92,-1,104,-1,92
1,<environment.Job instance at 0x7fad674aac30>,92,23,[14  4],93,-1,116,-1,93
1,<environment.Job instance at 0x7fad674aa4b0>,93,22,[6 2],94,-1,116,-1,94
1,<environment.Job instance at 0x7fad675d8910>,94,21,[13  5],95,-1,116,-1,95
1,<environment.Job instance at 0x7fad675d80f0>,95,27,[11  5],96,-1,123,-1,96
1,<environment.Job instance at 0x7fad675d8be0>,96,20,[ 1 11],97,-1,117,-1,97
1,<environment.Job instance at 0x7fad70fab7d0>,97,20,[13  1],98,-1,118,-1,98
1,<environment.Job instance at 0x7fad710a8820>,98,22,[11  5],99,-1,121,-1,99
1,<environment.Job instance at 0x7fad67b0d730>,99,19,[ 3 12],100,-1,119,-1,100
1,<environment.Job instance at 0x7fad6856b500>,100,19,[13  3],101,-1,120,-1,101
1,<environment.Job instance at 0x7fad677f6730>,101,21,[ 3 14],102,-1,123,-1,102
1,<environment.Job instance at 0x7fad677f6d70>,102,16,[ 2 12],103,-1,119,-1,103
1,<environment.Job instance at 0x7fad70fdcbe0>,103,23,[ 3 13],104,-1,127,-1,104
1,<environment.Job instance at 0x7fad683918c0>,3,19,[ 3 11],4,-1,23,-1,4
1,<environment.Job instance at 0x7fad683914b0>,4,28,[11  3],5,-1,33,-1,5
1,<environment.Job instance at 0x7fad68391f50>,6,27,[14  3],7,-1,34,-1,7
1,<environment.Job instance at 0x7fad68391c80>,7,20,[3 9],8,-1,68,-1,48
1,<environment.Job instance at 0x7fad68391fa0>,14,25,[12  4],15,-1,73,-1,48
1,<environment.Job instance at 0x7fad68391190>,16,12,[13  4],17,-1,69,-1,57
1,<environment.Job instance at 0x7fad66f8b960>,17,21,[ 4 12],18,-1,78,-1,57
1,<environment.Job instance at 0x7fad66f8ba50>,18,13,[ 2 12],19,-1,70,-1,57
1,<environment.Job instance at 0x7fad66f8bd70>,19,25,[3 8],20,-1,82,-1,57
1,<environment.Job instance at 0x7fad66f8b1e0>,20,21,[12  5],21,-1,78,-1,57
1,<environment.Job instance at 0x7fad66f8bd20>,21,21,[ 5 11],22,-1,78,-1,57
1,<environment.Job instance at 0x7fad66f8b2d0>,22,21,[ 1 11],23,-1,78,-1,57
1,<environment.Job instance at 0x7fad66f8bc30>,23,21,[12  4],24,-1,78,-1,57
1,<environment.Job instance at 0x7fad66f8bfa0>,24,21,[13  3],25,-1,78,-1,57
1,<environment.Job instance at 0x7fad66f8b5a0>,25,27,[3 5],26,-1,84,-1,57
1,<environment.Job instance at 0x7fad66f8b820>,26,25,[5 9],27,-1,82,-1,57
1,<environment.Job instance at 0x7fad66f8bb40>,27,27,[ 1 14],28,-1,84,-1,57
1,<environment.Job instance at 0x7fad66f8baa0>,28,24,[9 3],29,-1,81,-1,57
1,<environment.Job instance at 0x7fad66f8beb0>,29,23,[ 2 14],30,-1,80,-1,57
1,<environment.Job instance at 0x7fad66f8b3c0>,30,19,[ 5 13],31,-1,76,-1,57
1,<environment.Job instance at 0x7fad66f8b500>,32,18,[ 5 14],33,-1,76,-1,58
1,<environment.Job instance at 0x7fad66f8b460>,33,15,[12  2],34,-1,73,-1,58
1,<environment.Job instance at 0x7fad66f8b320>,34,27,[13  3],35,-1,85,-1,58
1,<environment.Job instance at 0x7fad66f8b0a0>,35,22,[1 7],36,-1,80,-1,58
1,<environment.Job instance at 0x7fad66f8bf50>,36,25,[ 5 12],37,-1,83,-1,58
1,<environment.Job instance at 0x7fad66f8be60>,37,27,[ 5 14],38,-1,85,-1,58
1,<environment.Job instance at 0x7fad67338370>,38,19,[13  4],39,-1,77,-1,58
1,<environment.Job instance at 0x7fad67338550>,39,27,[14  3],40,-1,85,-1,58
1,<environment.Job instance at 0x7fad67338960>,40,26,[ 1 12],41,-1,84,-1,58
1,<environment.Job instance at 0x7fad673387d0>,41,28,[ 3 14],42,-1,86,-1,58
1,<environment.Job instance at 0x7fad67338b90>,42,26,[13  5],43,-1,84,-1,58
1,<environment.Job instance at 0x7fad67338500>,43,13,[ 4 11],44,-1,71,-1,58
1,<environment.Job instance at 0x7fad67338320>,44,18,[14  3],45,-1,76,-1,58
1,<environment.Job instance at 0x7fad673380f0>,45,28,[14  5],46,-1,86,-1,58
1,<environment.Job instance at 0x7fad673389b0>,46,27,[ 5 11],47,-1,85,-1,58
1,<environment.Job instance at 0x7fad6751f5f0>,47,23,[ 4 12],48,-1,81,-1,58
1,<environment.Job instance at 0x7fad66f99730>,48,27,[ 2 12],49,-1,85,-1,58
1,<environment.Job instance at 0x7fad67cfa3c0>,49,26,[ 3 14],50,-1,84,-1,58
1,<environment.Job instance at 0x7fad66efba00>,50,28,[ 1 13],51,-1,86,-1,58
1,<environment.Job instance at 0x7fad66efb0f0>,51,19,[14  3],52,-1,77,-1,58
1,<environment.Job instance at 0x7fad66efb550>,52,27,[1 7],53,-1,85,-1,58
1,<environment.Job instance at 0x7fad66efb8c0>,53,24,[ 1 14],54,-1,82,-1,58
1,<environment.Job instance at 0x7fad677cc6e0>,55,21,[ 3 13],56,-1,97,-1,76
1,<environment.Job instance at 0x7fad66efb190>,56,28,[9 5],57,-1,104,-1,76
1,<environment.Job instance at 0x7fad673ad5a0>,57,20,[13  1],58,-1,96,-1,76
1,<environment.Job instance at 0x7fad66ef2dc0>,58,19,[ 2 13],59,-1,95,-1,76
1,<environment.Job instance at 0x7fad6754ac80>,59,28,[11  3],60,-1,104,-1,76
1,<environment.Job instance at 0x7fad66ef2320>,60,23,[11  2],61,-1,99,-1,76
1,<environment.Job instance at 0x7fad66ef25a0>,61,22,[12  2],62,-1,98,-1,76
1,<environment.Job instance at 0x7fad67334fa0>,62,24,[ 5 12],63,-1,100,-1,76
1,<environment.Job instance at 0x7fad67334f00>,63,28,[ 5 10],64,-1,104,-1,76
1,<environment.Job instance at 0x7fad67334960>,64,21,[ 4 13],65,-1,97,-1,76
1,<environment.Job instance at 0x7fad67334780>,66,28,[ 4 14],67,-1,110,-1,82
1,<environment.Job instance at 0x7fad67334eb0>,68,20,[11  1],69,-1,111,-1,91
1,<environment.Job instance at 0x7fad67334870>,69,27,[14  2],70,-1,118,-1,91
1,<environment.Job instance at 0x7fad66f00190>,70,28,[12  4],71,-1,119,-1,91
1,<environment.Job instance at 0x7fad66f008c0>,71,13,[ 4 14],72,-1,104,-1,91
1,<environment.Job instance at 0x7fad66f00aa0>,72,16,[ 5 13],73,-1,107,-1,91
1,<environment.Job instance at 0x7fad675f0e60>,73,24,[14  4],74,-1,115,-1,91
1,<environment.Job instance at 0x7fad67cfff50>,74,25,[ 4 13],75,-1,116,-1,91
1,<environment.Job instance at 0x7fad682ac8c0>,75,20,[13  1],76,-1,111,-1,91
1,<environment.Job instance at 0x7fad68236f50>,76,27,[10  4],77,-1,118,-1,91
1,<environment.Job instance at 0x7fad68008050>,3,22,[ 1 13],4,-1,26,-1,4
1,<environment.Job instance at 0x7fad68008b40>,5,16,[ 1 13],6,-1,22,-1,6
1,<environment.Job instance at 0x7fad680085f0>,6,27,[13  5],7,-1,34,-1,7
1,<environment.Job instance at 0x7fad68008410>,7,26,[1 8],8,-1,35,-1,9
1,<environment.Job instance at 0x7fad68008140>,9,20,[13  3],10,-1,30,-1,10
1,<environment.Job instance at 0x7fad680083c0>,10,13,[11  1],11,-1,24,-1,11
1,<environment.Job instance at 0x7fad68008320>,11,23,[12  2],12,-1,35,-1,12
1,<environment.Job instance at 0x7fad684412d0>,12,27,[12  1],13,-1,40,-1,13
1,<environment.Job instance at 0x7fad68008c80>,13,27,[ 3 13],14,-1,41,-1,14
1,<environment.Job instance at 0x7fad67856d20>,15,26,[14  3],16,-1,42,-1,16
1,<environment.Job instance at 0x7fad68279410>,16,18,[12  4],17,-1,35,-1,17
1,<environment.Job instance at 0x7fad68279190>,17,25,[14  3],18,-1,43,-1,18
1,<environment.Job instance at 0x7fad68279f00>,18,27,[8 1],19,-1,46,-1,19
1,<environment.Job instance at 0x7fad67b19c80>,19,27,[13  5],20,-1,47,-1,20
1,<environment.Job instance at 0x7fad67b19500>,20,20,[ 3 12],21,-1,41,-1,21
1,<environment.Job instance at 0x7fad66c9f5f0>,21,28,[ 1 14],22,-1,50,-1,22
1,<environment.Job instance at 0x7fad66c9f5a0>,22,23,[13  1],23,-1,46,-1,23
1,<environment.Job instance at 0x7fad66c9fd70>,23,21,[ 2 10],24,-1,45,-1,24
1,<environment.Job instance at 0x7fad66c9ffa0>,24,20,[ 5 14],25,-1,45,-1,25
1,<environment.Job instance at 0x7fad66c9f640>,25,17,[ 4 12],26,-1,43,-1,26
1,<environment.Job instance at 0x7fad66c9ff00>,26,27,[13  3],27,-1,54,-1,27
1,<environment.Job instance at 0x7fad671c7280>,27,28,[ 5 12],28,-1,56,-1,28
1,<environment.Job instance at 0x7fad67747140>,28,22,[4 6],29,-1,51,-1,29
1,<environment.Job instance at 0x7fad70b11230>,29,23,[ 4 12],30,-1,53,-1,30
1,<environment.Job instance at 0x7fad66fe5410>,30,20,[ 1 12],31,-1,51,-1,31
1,<environment.Job instance at 0x7fad67f12eb0>,31,26,[ 4 11],32,-1,58,-1,32
1,<environment.Job instance at 0x7fad67e35910>,32,24,[12  3],33,-1,57,-1,33
1,<environment.Job instance at 0x7fad67e358c0>,33,27,[11  2],34,-1,61,-1,34
1,<environment.Job instance at 0x7fad68575d20>,34,17,[13  5],35,-1,52,-1,35
1,<environment.Job instance at 0x7fad68548d20>,36,26,[5 8],37,-1,63,-1,37
1,<environment.Job instance at 0x7fad66ee6640>,37,27,[ 5 11],38,-1,65,-1,38
1,<environment.Job instance at 0x7fad67d33820>,38,27,[ 4 12],39,-1,66,-1,39
1,<environment.Job instance at 0x7fad67d33460>,39,27,[9 3],40,-1,67,-1,40
1,<environment.Job instance at 0x7fad67e4e730>,40,19,[ 1 11],41,-1,60,-1,41
1,<environment.Job instance at 0x7fad67e4e500>,41,26,[11  3],42,-1,68,-1,42
1,<environment.Job instance at 0x7fad67a5e280>,42,27,[12  1],43,-1,70,-1,43
1,<environment.Job instance at 0x7fad680d8960>,43,19,[14  2],44,-1,63,-1,44
1,<environment.Job instance at 0x7fad680d8910>,44,13,[11  3],45,-1,58,-1,45
1,<environment.Job instance at 0x7fad680d8320>,45,20,[14  5],46,-1,66,-1,46
1,<environment.Job instance at 0x7fad67b33640>,46,24,[ 1 13],47,-1,71,-1,47
1,<environment.Job instance at 0x7fad680f05a0>,47,20,[12  2],48,-1,68,-1,48
1,<environment.Job instance at 0x7fad680f0410>,48,26,[12  5],49,-1,75,-1,49
1,<environment.Job instance at 0x7fad680f0be0>,49,27,[ 5 13],50,-1,77,-1,50
1,<environment.Job instance at 0x7fad680f09b0>,50,28,[13  2],51,-1,79,-1,51
1,<environment.Job instance at 0x7fad680f0a50>,51,14,[ 2 13],52,-1,66,-1,52
1,<environment.Job instance at 0x7fad680f0460>,52,28,[ 5 14],53,-1,81,-1,53
1,<environment.Job instance at 0x7fad680f0690>,53,22,[14  3],54,-1,76,-1,54
1,<environment.Job instance at 0x7fad680f0e60>,54,13,[ 2 14],55,-1,68,-1,55
1,<environment.Job instance at 0x7fad680f04b0>,55,24,[ 3 14],56,-1,80,-1,56
1,<environment.Job instance at 0x7fad680f0e10>,56,20,[13  3],57,-1,77,-1,57
1,<environment.Job instance at 0x7fad680f0640>,57,21,[13  3],58,-1,79,-1,58
1,<environment.Job instance at 0x7fad680f0870>,58,28,[ 2 14],59,-1,87,-1,59
1,<environment.Job instance at 0x7fad66dffe10>,59,19,[13  2],60,-1,79,-1,60
1,<environment.Job instance at 0x7fad66dffd70>,61,15,[ 2 11],62,-1,77,-1,62
1,<environment.Job instance at 0x7fad66dff500>,65,24,[11  1],66,-1,92,-1,68
1,<environment.Job instance at 0x7fad66ee6730>,66,14,[ 3 13],67,-1,82,-1,68
1,<environment.Job instance at 0x7fad67e5edc0>,67,22,[ 3 11],68,-1,90,-1,68
1,<environment.Job instance at 0x7fad67e5ecd0>,68,22,[4 5],69,-1,98,-1,76
1,<environment.Job instance at 0x7fad67e5eb40>,69,28,[14  1],70,-1,104,-1,76
1,<environment.Job instance at 0x7fad67e5ee10>,70,19,[14  5],71,-1,95,-1,76
1,<environment.Job instance at 0x7fad67e5e050>,71,27,[ 1 12],72,-1,103,-1,76
1,<environment.Job instance at 0x7fad67e5e280>,72,23,[ 5 11],73,-1,99,-1,76
1,<environment.Job instance at 0x7fad683b6f50>,73,16,[12  1],74,-1,92,-1,76
1,<environment.Job instance at 0x7fad683b64b0>,74,26,[14  2],75,-1,102,-1,76
1,<environment.Job instance at 0x7fad683b65a0>,75,14,[13  2],76,-1,90,-1,76
1,<environment.Job instance at 0x7fad67227190>,77,27,[12  1],78,-1,105,-1,78
1,<environment.Job instance at 0x7fad683ced70>,78,24,[12  1],79,-1,103,-1,79
1,<environment.Job instance at 0x7fad67227e10>,79,23,[ 5 12],80,-1,103,-1,80
1,<environment.Job instance at 0x7fad683ceb90>,81,22,[14  4],82,-1,109,-1,87
1,<environment.Job instance at 0x7fad683e00a0>,83,19,[14  2],84,-1,108,-1,89
1,<environment.Job instance at 0x7fad683e0320>,84,26,[ 3 10],85,-1,115,-1,89
1,<environment.Job instance at 0x7fad683e0e60>,85,28,[12  3],86,-1,117,-1,89
1,<environment.Job instance at 0x7fad683e0960>,86,19,[ 2 11],87,-1,108,-1,89
1,<environment.Job instance at 0x7fad674c4500>,87,26,[14  5],88,-1,115,-1,89
1,<environment.Job instance at 0x7fad680db910>,88,23,[10  4],89,-1,112,-1,89
1,<environment.Job instance at 0x7fad66bfc8c0>,89,24,[7 5],90,-1,114,-1,90
1,<environment.Job instance at 0x7fad680dbbe0>,91,26,[13  5],92,-1,131,-1,105
1,<environment.Job instance at 0x7fad66bfc140>,92,28,[ 1 11],93,-1,133,-1,105
1,<environment.Job instance at 0x7fad66bfc910>,93,24,[ 3 13],94,-1,129,-1,105
1,<environment.Job instance at 0x7fad66bfc1e0>,94,15,[13  3],95,-1,120,-1,105
1,<environment.Job instance at 0x7fad66bfc550>,95,24,[14  5],96,-1,129,-1,105
1,<environment.Job instance at 0x7fad66bfc3c0>,96,25,[14  3],97,-1,130,-1,105
1,<environment.Job instance at 0x7fad66bfc190>,97,15,[ 5 13],98,-1,120,-1,105
1,<environment.Job instance at 0x7fad66bfc640>,98,27,[5 5],99,-1,132,-1,105
1,<environment.Job instance at 0x7fad66bfc870>,99,20,[ 5 13],100,-1,125,-1,105
1,<environment.Job instance at 0x7fad66bfcaa0>,100,23,[14  5],101,-1,128,-1,105
1,<environment.Job instance at 0x7fad66bfcc80>,101,25,[12  3],102,-1,130,-1,105
1,<environment.Job instance at 0x7fad66bfcfa0>,102,28,[11  2],103,-1,133,-1,105
1,<environment.Job instance at 0x7fad66bfcb90>,103,23,[12  3],104,-1,128,-1,105
1,<environment.Job instance at 0x7fad66bfc9b0>,104,25,[ 3 13],105,-1,130,-1,105
1,<environment.Job instance at 0x7fad66bfca00>,105,24,[ 3 14],106,-1,130,-1,106
1,<environment.Job instance at 0x7fad66bfce10>,106,20,[11  4],107,-1,127,-1,107
1,<environment.Job instance at 0x7fad66bfc5a0>,107,20,[11  2],108,-1,128,-1,108
1,<environment.Job instance at 0x7fad66bfc7d0>,108,20,[ 1 13],109,-1,129,-1,109
1,<environment.Job instance at 0x7fad6748c500>,2,20,[12  4],3,-1,23,-1,3
1,<environment.Job instance at 0x7fad6748cb40>,3,26,[ 5 10],4,-1,30,-1,4
1,<environment.Job instance at 0x7fad6748c3c0>,4,27,[ 2 13],5,-1,32,-1,5
1,<environment.Job instance at 0x7fad6748ceb0>,7,20,[ 4 11],8,-1,28,-1,8
1,<environment.Job instance at 0x7fad67458fa0>,8,26,[ 2 11],9,-1,35,-1,9
1,<environment.Job instance at 0x7fad67458b90>,9,20,[14  4],10,-1,30,-1,10
1,<environment.Job instance at 0x7fad67458be0>,10,16,[ 4 12],11,-1,28,-1,12
1,<environment.Job instance at 0x7fad67458dc0>,12,26,[ 1 12],13,-1,39,-1,13
1,<environment.Job instance at 0x7fad67458f00>,13,24,[13  3],14,-1,38,-1,14
1,<environment.Job instance at 0x7fad674580a0>,14,12,[12  2],15,-1,27,-1,15
1,<environment.Job instance at 0x7fad674586e0>,15,28,[ 5 11],16,-1,44,-1,16
1,<environment.Job instance at 0x7fad67458280>,16,16,[14  4],17,-1,33,-1,17
1,<environment.Job instance at 0x7fad67458550>,17,21,[11  5],18,-1,39,-1,18
1,<environment.Job instance at 0x7fad674583c0>,18,20,[ 2 14],19,-1,39,-1,19
1,<environment.Job instance at 0x7fad67d8fa00>,19,22,[13  5],20,-1,42,-1,20
1,<environment.Job instance at 0x7fad67d8f050>,20,22,[ 2 12],21,-1,43,-1,21
1,<environment.Job instance at 0x7fad67d8f230>,21,20,[10  1],22,-1,42,-1,22
1,<environment.Job instance at 0x7fad67d8f640>,22,27,[ 4 14],23,-1,50,-1,23
1,<environment.Job instance at 0x7fad67d8fe10>,23,22,[ 2 14],24,-1,46,-1,24
1,<environment.Job instance at 0x7fad67d8f1e0>,25,25,[5 1],26,-1,51,-1,26
1,<environment.Job instance at 0x7fad6746ffa0>,26,27,[14  2],27,-1,54,-1,27
1,<environment.Job instance at 0x7fad6746f500>,27,28,[14  4],28,-1,56,-1,28
1,<environment.Job instance at 0x7fad6746f7d0>,28,23,[11  4],29,-1,52,-1,29
1,<environment.Job instance at 0x7fad6746fcd0>,30,20,[ 3 14],31,-1,51,-1,31
1,<environment.Job instance at 0x7fad6746f410>,33,26,[11  2],34,-1,60,-1,34
1,<environment.Job instance at 0x7fad6746f550>,34,27,[14  1],35,-1,62,-1,35
1,<environment.Job instance at 0x7fad6746f690>,36,28,[13  5],37,-1,73,-1,45
1,<environment.Job instance at 0x7fad6746ff50>,37,24,[11  2],38,-1,69,-1,45
1,<environment.Job instance at 0x7fad6746f5f0>,38,19,[12  1],39,-1,64,-1,45
1,<environment.Job instance at 0x7fad67469320>,39,19,[ 4 12],40,-1,64,-1,45
1,<environment.Job instance at 0x7fad674694b0>,40,25,[ 1 11],41,-1,70,-1,45
1,<environment.Job instance at 0x7fad67469550>,41,21,[11  2],42,-1,66,-1,45
1,<environment.Job instance at 0x7fad674696e0>,42,25,[14  2],43,-1,70,-1,45
1,<environment.Job instance at 0x7fad67469820>,43,24,[ 3 12],44,-1,69,-1,45
1,<environment.Job instance at 0x7fad67469a00>,44,23,[ 4 14],45,-1,68,-1,45
1,<environment.Job instance at 0x7fad66d2e3c0>,45,27,[14  1],46,-1,73,-1,46
1,<environment.Job instance at 0x7fad67ccfbe0>,46,26,[ 5 14],47,-1,73,-1,47
1,<environment.Job instance at 0x7fad6709c690>,47,20,[13  3],48,-1,68,-1,48
1,<environment.Job instance at 0x7fad66c96320>,48,20,[ 3 13],49,-1,69,-1,49
1,<environment.Job instance at 0x7fad66c96280>,49,22,[ 5 14],50,-1,72,-1,50
1,<environment.Job instance at 0x7fad66c96370>,50,26,[11  1],51,-1,77,-1,51
1,<environment.Job instance at 0x7fad66c969b0>,51,24,[12  2],52,-1,76,-1,52
1,<environment.Job instance at 0x7fad6746f2d0>,32,19,[10  3],33,-1,71,-1,52
1,<environment.Job instance at 0x7fad682c7cd0>,52,24,[ 4 13],53,-1,77,-1,53
1,<environment.Job instance at 0x7fad682d6dc0>,53,23,[ 2 12],54,-1,77,-1,54
1,<environment.Job instance at 0x7fad682d68c0>,54,12,[ 1 13],55,-1,67,-1,55
1,<environment.Job instance at 0x7fad682d62d0>,55,26,[12  5],56,-1,82,-1,56
1,<environment.Job instance at 0x7fad670987d0>,56,25,[14  3],57,-1,82,-1,57
1,<environment.Job instance at 0x7fad682bfe10>,58,24,[7 2],59,-1,83,-1,59
1,<environment.Job instance at 0x7fad66cbcf00>,59,18,[ 1 14],60,-1,78,-1,60
1,<environment.Job instance at 0x7fad66cbc2d0>,60,19,[11  5],61,-1,80,-1,61
1,<environment.Job instance at 0x7fad66cbca50>,61,24,[13  4],62,-1,86,-1,62
1,<environment.Job instance at 0x7fad66c92dc0>,62,26,[ 1 13],63,-1,89,-1,63
1,<environment.Job instance at 0x7fad66c922d0>,63,28,[12  5],64,-1,92,-1,64
1,<environment.Job instance at 0x7fad66c925f0>,64,20,[11  1],65,-1,85,-1,65
1,<environment.Job instance at 0x7fad66c927d0>,65,14,[13  1],66,-1,80,-1,66
1,<environment.Job instance at 0x7fad66c92280>,66,17,[ 2 13],67,-1,84,-1,67
1,<environment.Job instance at 0x7fad66c92c80>,67,24,[13  1],68,-1,92,-1,68
1,<environment.Job instance at 0x7fad66c926e0>,68,19,[13  2],69,-1,88,-1,69
1,<environment.Job instance at 0x7fad66c92b90>,69,21,[11  2],70,-1,91,-1,70
1,<environment.Job instance at 0x7fad66c92910>,70,25,[ 4 11],71,-1,96,-1,71
1,<environment.Job instance at 0x7fad66c920a0>,71,25,[ 1 12],72,-1,97,-1,72
1,<environment.Job instance at 0x7fad66c92690>,72,24,[ 2 14],73,-1,97,-1,73
1,<environment.Job instance at 0x7fad66c92140>,73,21,[ 2 13],74,-1,95,-1,74
1,<environment.Job instance at 0x7fad673d5c30>,74,25,[14  5],75,-1,100,-1,75
1,<environment.Job instance at 0x7fad673d59b0>,77,26,[ 3 13],78,-1,104,-1,78
1,<environment.Job instance at 0x7fad67d8f410>,78,25,[ 4 10],79,-1,104,-1,79
1,<environment.Job instance at 0x7fad67d8f460>,79,15,[13  1],80,-1,95,-1,80
1,<environment.Job instance at 0x7fad682c6c30>,80,27,[6 2],81,-1,108,-1,81
1,<environment.Job instance at 0x7fad671c2690>,81,25,[11  2],82,-1,107,-1,82
1,<environment.Job instance at 0x7fad673ec870>,82,22,[14  5],83,-1,105,-1,83
1,<environment.Job instance at 0x7fad673ec280>,83,24,[ 4 13],84,-1,108,-1,84
1,<environment.Job instance at 0x7fad673ec230>,84,24,[6 4],85,-1,109,-1,85
1,<environment.Job instance at 0x7fad673ecaa0>,85,15,[11  3],86,-1,101,-1,86
1,<environment.Job instance at 0x7fad673ec0a0>,86,19,[12  1],87,-1,106,-1,87
1,<environment.Job instance at 0x7fad673ec910>,87,16,[14  3],88,-1,104,-1,88
1,<environment.Job instance at 0x7fad673ecbe0>,88,27,[ 5 12],89,-1,116,-1,89
1,<environment.Job instance at 0x7fad673ec9b0>,89,27,[ 3 14],90,-1,117,-1,90
1,<environment.Job instance at 0x7fad673ec410>,90,28,[ 3 13],91,-1,119,-1,91
1,<environment.Job instance at 0x7fad673eceb0>,91,28,[11  1],92,-1,120,-1,92
1,<environment.Job instance at 0x7fad67408aa0>,92,25,[ 4 11],93,-1,118,-1,93
1,<environment.Job instance at 0x7fad674081e0>,93,22,[11  4],94,-1,116,-1,94
1,<environment.Job instance at 0x7fad67408820>,95,25,[12  3],96,-1,121,-1,96
1,<environment.Job instance at 0x7fad67408a00>,96,22,[ 4 11],97,-1,119,-1,97
1,<environment.Job instance at 0x7fad67408640>,97,13,[ 1 14],98,-1,111,-1,98
1,<environment.Job instance at 0x7fad67408140>,98,25,[1 8],99,-1,124,-1,99
1,<environment.Job instance at 0x7fad674080a0>,99,17,[ 3 13],100,-1,117,-1,100
1,<environment.Job instance at 0x7fad67408c80>,101,20,[ 4 11],102,-1,122,-1,102
1,<environment.Job instance at 0x7fad67458e10>,102,19,[ 1 13],103,-1,122,-1,103
1,<environment.Job instance at 0x7fad67458cd0>,103,27,[4 8],104,-1,131,-1,104
1,<environment.Job instance at 0x7fad674589b0>,104,19,[ 3 11],105,-1,124,-1,105
1,<environment.Job instance at 0x7fad67400690>,105,27,[14  3],106,-1,133,-1,106
1,<environment.Job instance at 0x7fad67400f50>,106,24,[11  3],107,-1,131,-1,107
1,<environment.Job instance at 0x7fad67400500>,108,26,[ 3 11],109,-1,135,-1,109
1,<environment.Job instance at 0x7fad67400550>,2,24,[14  2],3,-1,27,-1,3
1,<environment.Job instance at 0x7fad682db8c0>,3,22,[ 2 14],4,-1,26,-1,4
1,<environment.Job instance at 0x7fad682dbfa0>,4,14,[ 4 12],5,-1,19,-1,5
1,<environment.Job instance at 0x7fad682bc140>,7,22,[ 3 14],8,-1,30,-1,8
1,<environment.Job instance at 0x7fad682bccd0>,8,26,[ 5 11],9,-1,35,-1,9
1,<environment.Job instance at 0x7fad682bce60>,9,26,[ 4 13],10,-1,36,-1,10
1,<environment.Job instance at 0x7fad67400500>,11,24,[11  4],12,-1,36,-1,12
1,<environment.Job instance at 0x7fad682bc960>,12,21,[13  3],13,-1,34,-1,13
1,<environment.Job instance at 0x7fad682bc0f0>,13,19,[ 3 11],14,-1,33,-1,14
1,<environment.Job instance at 0x7fad682bc7d0>,14,14,[ 2 12],15,-1,29,-1,15
1,<environment.Job instance at 0x7fad670988c0>,15,26,[ 3 10],16,-1,42,-1,16
1,<environment.Job instance at 0x7fad670981e0>,16,27,[ 5 12],17,-1,44,-1,17
1,<environment.Job instance at 0x7fad670985a0>,17,14,[11  5],18,-1,32,-1,18
1,<environment.Job instance at 0x7fad682bcd70>,10,20,[ 3 10],11,-1,38,-1,18
1,<environment.Job instance at 0x7fad67098e60>,19,26,[13  4],20,-1,46,-1,20
1,<environment.Job instance at 0x7fad67098d70>,20,25,[ 3 10],21,-1,46,-1,21
1,<environment.Job instance at 0x7fad67098550>,21,27,[ 4 11],22,-1,49,-1,22
1,<environment.Job instance at 0x7fad67098eb0>,22,14,[ 2 11],23,-1,37,-1,23
1,<environment.Job instance at 0x7fad682bcaa0>,18,20,[13  3],19,-1,43,-1,23
1,<environment.Job instance at 0x7fad67098640>,25,27,[ 3 12],26,-1,53,-1,26
1,<environment.Job instance at 0x7fad67458d20>,26,23,[14  3],27,-1,50,-1,27
1,<environment.Job instance at 0x7fad682c6730>,29,19,[ 5 11],30,-1,49,-1,30
1,<environment.Job instance at 0x7fad682c6640>,30,19,[ 4 14],31,-1,50,-1,31
1,<environment.Job instance at 0x7fad682c64b0>,31,27,[13  3],32,-1,59,-1,32
1,<environment.Job instance at 0x7fad682c66e0>,32,19,[12  3],33,-1,52,-1,33
1,<environment.Job instance at 0x7fad682c6190>,33,16,[11  1],34,-1,50,-1,34
1,<environment.Job instance at 0x7fad682c6320>,34,26,[12  2],35,-1,61,-1,35
1,<environment.Job instance at 0x7fad682c6910>,35,20,[ 3 14],36,-1,56,-1,36
1,<environment.Job instance at 0x7fad682c6be0>,36,13,[12  4],37,-1,50,-1,37
1,<environment.Job instance at 0x7fad682c6dc0>,37,28,[12  3],38,-1,66,-1,38
1,<environment.Job instance at 0x7fad682c6e10>,38,24,[ 1 14],39,-1,63,-1,39
1,<environment.Job instance at 0x7fad682c65a0>,39,23,[13  1],40,-1,63,-1,40
1,<environment.Job instance at 0x7fad682c6370>,40,22,[ 3 13],41,-1,63,-1,41
1,<environment.Job instance at 0x7fad682c6690>,41,20,[ 3 13],42,-1,62,-1,42
1,<environment.Job instance at 0x7fad682c6780>,42,19,[11  4],43,-1,62,-1,43
1,<environment.Job instance at 0x7fad682c6460>,43,20,[13  3],44,-1,64,-1,44
1,<environment.Job instance at 0x7fad682c6e60>,45,20,[14  3],46,-1,66,-1,46
1,<environment.Job instance at 0x7fad682c6a00>,46,19,[14  4],47,-1,66,-1,47
1,<environment.Job instance at 0x7fad682c6cd0>,47,16,[14  4],48,-1,64,-1,48
1,<environment.Job instance at 0x7fad67458050>,48,26,[ 2 12],49,-1,75,-1,49
1,<environment.Job instance at 0x7fad682c6af0>,50,25,[ 5 12],51,-1,76,-1,51
1,<environment.Job instance at 0x7fad682c6140>,49,19,[12  2],50,-1,70,-1,51
1,<environment.Job instance at 0x7fad682c7a50>,51,25,[14  5],52,-1,77,-1,52
1,<environment.Job instance at 0x7fad682c7fa0>,52,24,[14  2],53,-1,77,-1,53
1,<environment.Job instance at 0x7fad682c7a00>,55,26,[2 7],56,-1,82,-1,56
1,<environment.Job instance at 0x7fad670aef00>,59,22,[14  4],60,-1,83,-1,61
1,<environment.Job instance at 0x7fad670aeeb0>,60,16,[14  2],61,-1,77,-1,61
1,<environment.Job instance at 0x7fad670aefa0>,61,15,[11  1],62,-1,77,-1,62
1,<environment.Job instance at 0x7fad670ae0a0>,62,19,[ 1 14],63,-1,82,-1,63
1,<environment.Job instance at 0x7fad670aedc0>,65,21,[14  3],66,-1,100,-1,79
1,<environment.Job instance at 0x7fad670ae4b0>,66,21,[ 3 13],67,-1,100,-1,79
1,<environment.Job instance at 0x7fad670aeb40>,67,23,[14  5],68,-1,102,-1,79
1,<environment.Job instance at 0x7fad6745c5a0>,2,26,[ 3 14],3,-1,29,-1,3
1,<environment.Job instance at 0x7fad6745c910>,3,24,[ 3 11],4,-1,28,-1,4
1,<environment.Job instance at 0x7fad6745c280>,4,26,[ 1 11],5,-1,31,-1,5
1,<environment.Job instance at 0x7fad6745c550>,7,21,[ 5 12],8,-1,29,-1,8
1,<environment.Job instance at 0x7fad6745c0a0>,6,19,[12  1],7,-1,27,-1,8
1,<environment.Job instance at 0x7fad66cbb8c0>,10,28,[13  4],11,-1,39,-1,11
1,<environment.Job instance at 0x7fad66cbb9b0>,11,20,[ 5 14],12,-1,32,-1,12
1,<environment.Job instance at 0x7fad6745c460>,13,28,[ 4 12],14,-1,42,-1,14
1,<environment.Job instance at 0x7fad66cbb230>,14,18,[12  5],15,-1,33,-1,15
1,<environment.Job instance at 0x7fad66cbbaa0>,12,28,[14  1],13,-1,44,-1,16
1,<environment.Job instance at 0x7fad66cbb460>,15,12,[ 1 14],16,-1,28,-1,16
1,<environment.Job instance at 0x7fad66cbb870>,16,28,[ 2 13],17,-1,45,-1,17
1,<environment.Job instance at 0x7fad66cbbd20>,18,13,[ 3 11],19,-1,32,-1,19
1,<environment.Job instance at 0x7fad66cbb1e0>,19,22,[ 4 13],20,-1,42,-1,20
1,<environment.Job instance at 0x7fad66cbb2d0>,20,23,[13  2],21,-1,44,-1,21
1,<environment.Job instance at 0x7fad66cbbaf0>,21,18,[12  4],22,-1,40,-1,22
1,<environment.Job instance at 0x7fad66cbb190>,24,14,[12  5],25,-1,39,-1,25
1,<environment.Job instance at 0x7fad66cbb640>,25,24,[1 8],26,-1,50,-1,26
1,<environment.Job instance at 0x7fad66cbb5a0>,26,28,[14  3],27,-1,55,-1,27
1,<environment.Job instance at 0x7fad67cb7be0>,30,27,[3 6],31,-1,62,-1,35
1,<environment.Job instance at 0x7fad67024190>,31,19,[14  5],32,-1,54,-1,35
1,<environment.Job instance at 0x7fad67034a50>,33,24,[ 5 12],34,-1,79,-1,55
1,<environment.Job instance at 0x7fad670344b0>,34,25,[11  4],35,-1,80,-1,55
1,<environment.Job instance at 0x7fad710d3910>,35,20,[13  2],36,-1,75,-1,55
1,<environment.Job instance at 0x7fad710d3fa0>,36,16,[ 1 11],37,-1,71,-1,55
1,<environment.Job instance at 0x7fad67f30730>,37,27,[12  3],38,-1,82,-1,55
1,<environment.Job instance at 0x7fad67f30aa0>,38,16,[11  3],39,-1,71,-1,55
1,<environment.Job instance at 0x7fad67f30dc0>,39,15,[14  5],40,-1,70,-1,55
1,<environment.Job instance at 0x7fad67f30b40>,40,18,[ 2 14],41,-1,73,-1,55
1,<environment.Job instance at 0x7fad67f30910>,41,20,[12  2],42,-1,75,-1,55
1,<environment.Job instance at 0x7fad67f30be0>,42,13,[12  1],43,-1,68,-1,55
1,<environment.Job instance at 0x7fad66ee4280>,43,24,[14  2],44,-1,79,-1,55
1,<environment.Job instance at 0x7fad66ee4e10>,45,19,[13  5],46,-1,74,-1,55
1,<environment.Job instance at 0x7fad66ee4aa0>,46,28,[ 2 13],47,-1,83,-1,55
1,<environment.Job instance at 0x7fad66ee4fa0>,47,14,[ 5 13],48,-1,69,-1,55
1,<environment.Job instance at 0x7fad66ee40f0>,48,13,[ 2 11],49,-1,68,-1,55
1,<environment.Job instance at 0x7fad66ee46e0>,49,25,[14  5],50,-1,80,-1,55
1,<environment.Job instance at 0x7fad66ee4730>,50,19,[13  3],51,-1,74,-1,55
1,<environment.Job instance at 0x7fad66ee4cd0>,51,16,[ 1 12],52,-1,71,-1,55
1,<environment.Job instance at 0x7fad66ee4f50>,52,18,[11  1],53,-1,73,-1,55
1,<environment.Job instance at 0x7fad68276cd0>,53,26,[13  1],54,-1,81,-1,55
1,<environment.Job instance at 0x7fad68276460>,54,25,[ 1 11],55,-1,80,-1,55
1,<environment.Job instance at 0x7fad68276230>,55,27,[11  1],56,-1,83,-1,56
1,<environment.Job instance at 0x7fad68276320>,56,26,[4 5],57,-1,83,-1,57
1,<environment.Job instance at 0x7fad68276fa0>,57,21,[12  2],58,-1,79,-1,58
1,<environment.Job instance at 0x7fad6745b500>,58,27,[ 2 13],59,-1,86,-1,59
1,<environment.Job instance at 0x7fad6745b230>,59,20,[ 2 11],60,-1,80,-1,60
1,<environment.Job instance at 0x7fad66d221e0>,60,20,[14  1],61,-1,81,-1,61
1,<environment.Job instance at 0x7fad66d22f00>,61,27,[12  5],62,-1,89,-1,62
1,<environment.Job instance at 0x7fad68276af0>,63,21,[ 5 13],64,-1,95,-1,74
1,<environment.Job instance at 0x7fad66d22be0>,64,18,[11  5],65,-1,92,-1,74
1,<environment.Job instance at 0x7fad66d22550>,65,20,[ 4 14],66,-1,94,-1,74
1,<environment.Job instance at 0x7fad66d220f0>,66,18,[ 4 13],67,-1,92,-1,74
1,<environment.Job instance at 0x7fad66d229b0>,67,20,[ 2 11],68,-1,94,-1,74
1,<environment.Job instance at 0x7fad66d22aa0>,68,16,[12  1],69,-1,90,-1,74
1,<environment.Job instance at 0x7fad66d22cd0>,69,23,[ 1 13],70,-1,97,-1,74
1,<environment.Job instance at 0x7fad66d22820>,70,19,[12  4],71,-1,93,-1,74
1,<environment.Job instance at 0x7fad66d22410>,71,19,[ 3 11],72,-1,93,-1,74
1,<environment.Job instance at 0x7fad66d22050>,72,26,[ 2 14],73,-1,100,-1,74
1,<environment.Job instance at 0x7fad66c306e0>,74,19,[12  1],75,-1,107,-1,88
1,<environment.Job instance at 0x7fad66c30dc0>,75,21,[11  3],76,-1,109,-1,88
1,<environment.Job instance at 0x7fad66c307d0>,76,26,[ 1 13],77,-1,114,-1,88
1,<environment.Job instance at 0x7fad66c30e60>,77,28,[14  1],78,-1,116,-1,88
1,<environment.Job instance at 0x7fad66c308c0>,78,25,[ 2 14],79,-1,113,-1,88
1,<environment.Job instance at 0x7fad66c30370>,80,28,[ 4 12],81,-1,116,-1,88
1,<environment.Job instance at 0x7fad66c301e0>,81,18,[ 4 13],82,-1,106,-1,88
1,<environment.Job instance at 0x7fad6793dbe0>,82,23,[14  5],83,-1,111,-1,88
1,<environment.Job instance at 0x7fad6793dcd0>,83,22,[13  3],84,-1,110,-1,88
1,<environment.Job instance at 0x7fad6793d280>,84,13,[ 4 14],85,-1,101,-1,88
1,<environment.Job instance at 0x7fad6793da00>,85,14,[ 1 12],86,-1,102,-1,88
1,<environment.Job instance at 0x7fad6793dc30>,86,13,[ 5 12],87,-1,101,-1,88
1,<environment.Job instance at 0x7fad6793d410>,88,26,[ 4 12],89,-1,132,-1,106
1,<environment.Job instance at 0x7fad6793d7d0>,89,26,[ 2 14],90,-1,132,-1,106
1,<environment.Job instance at 0x7fad6793db90>,90,22,[ 4 11],91,-1,128,-1,106
1,<environment.Job instance at 0x7fad6793d730>,91,25,[12  2],92,-1,131,-1,106
1,<environment.Job instance at 0x7fad6793d230>,92,13,[12  1],93,-1,119,-1,106
1,<environment.Job instance at 0x7fad6793d370>,93,15,[14  4],94,-1,121,-1,106
1,<environment.Job instance at 0x7fad6793d0f0>,94,22,[14  4],95,-1,128,-1,106
1,<environment.Job instance at 0x7fad6793de60>,95,24,[13  4],96,-1,130,-1,106
1,<environment.Job instance at 0x7fad6793d690>,96,19,[13  4],97,-1,125,-1,106
1,<environment.Job instance at 0x7fad6793d870>,99,28,[11  2],100,-1,134,-1,106
1,<environment.Job instance at 0x7fad70cf6140>,100,16,[ 5 12],101,-1,122,-1,106
1,<environment.Job instance at 0x7fad70cf6780>,101,19,[14  2],102,-1,125,-1,106
1,<environment.Job instance at 0x7fad70cf6e60>,102,25,[ 1 14],103,-1,131,-1,106
1,<environment.Job instance at 0x7fad70cf6b40>,103,22,[12  5],104,-1,128,-1,106
1,<environment.Job instance at 0x7fad70cf63c0>,104,23,[ 3 12],105,-1,129,-1,106
1,<environment.Job instance at 0x7fad70cf6b90>,105,14,[12  3],106,-1,120,-1,106
1,<environment.Job instance at 0x7fad70cf6370>,106,28,[ 3 13],107,-1,135,-1,107
1,<environment.Job instance at 0x7fad70cf6f00>,107,19,[14  1],108,-1,127,-1,108
1,<environment.Job instance at 0x7fad70cf65f0>,108,23,[ 5 14],109,-1,132,-1,109
1,<environment.Job instance at 0x7f633a4da410>,2,22,[ 4 14],3,-1,25,-1,3
1,<environment.Job instance at 0x7f633a4da5a0>,3,25,[ 5 14],4,-1,29,-1,4
1,<environment.Job instance at 0x7f633a4da4b0>,4,21,[ 1 12],5,-1,26,-1,5
1,<environment.Job instance at 0x7f633a4da640>,5,24,[1 5],6,-1,30,-1,6
1,<environment.Job instance at 0x7f6343c521e0>,7,25,[6 2],8,-1,34,-1,9
1,<environment.Job instance at 0x7f633a4da910>,9,19,[13  1],10,-1,29,-1,10
1,<environment.Job instance at 0x7f633a4da960>,10,23,[ 4 14],11,-1,34,-1,11
1,<environment.Job instance at 0x7f633a4daa00>,11,25,[ 4 12],12,-1,37,-1,12
1,<environment.Job instance at 0x7f633a4daaa0>,12,19,[ 5 13],13,-1,32,-1,13
1,<environment.Job instance at 0x7f633a4dab40>,13,22,[ 2 11],14,-1,36,-1,14
1,<environment.Job instance at 0x7f633a4dabe0>,14,25,[13  4],15,-1,40,-1,15
1,<environment.Job instance at 0x7f633a4dac80>,15,25,[13  3],16,-1,41,-1,16
1,<environment.Job instance at 0x7f633a4dad20>,16,26,[14  4],17,-1,43,-1,17
1,<environment.Job instance at 0x7f633a4dadc0>,17,14,[ 2 14],18,-1,32,-1,18
1,<environment.Job instance at 0x7f633a4dae60>,18,14,[ 2 13],19,-1,33,-1,19
1,<environment.Job instance at 0x7f633a4daf00>,19,17,[13  5],20,-1,37,-1,20
1,<environment.Job instance at 0x7f633a4dafa0>,20,21,[12  2],21,-1,42,-1,21
1,<environment.Job instance at 0x7f633a4de0a0>,21,28,[11  1],22,-1,50,-1,22
1,<environment.Job instance at 0x7f633a4de140>,22,26,[ 1 14],23,-1,49,-1,23
1,<environment.Job instance at 0x7f633a4de280>,24,13,[ 3 14],25,-1,38,-1,25
1,<environment.Job instance at 0x7f633a4de410>,25,23,[ 3 13],26,-1,49,-1,26
1,<environment.Job instance at 0x7f633a4de320>,26,26,[1 8],27,-1,53,-1,27
1,<environment.Job instance at 0x7f633a4de4b0>,27,25,[5 7],28,-1,53,-1,28
1,<environment.Job instance at 0x7f633a4de550>,28,25,[ 4 11],29,-1,54,-1,29
1,<environment.Job instance at 0x7f633a4de5f0>,29,22,[ 5 13],30,-1,52,-1,30
1,<environment.Job instance at 0x7f633a4de690>,30,27,[4 8],31,-1,58,-1,31
1,<environment.Job instance at 0x7f633a4de730>,31,20,[11  5],32,-1,53,-1,33
1,<environment.Job instance at 0x7f633a4de910>,33,16,[ 2 14],34,-1,50,-1,34
1,<environment.Job instance at 0x7f633a4de9b0>,34,24,[ 1 14],35,-1,59,-1,35
1,<environment.Job instance at 0x7f633a4de7d0>,35,22,[11  5],36,-1,59,-1,37
1,<environment.Job instance at 0x7f633a4deaa0>,37,28,[ 2 12],38,-1,66,-1,38
1,<environment.Job instance at 0x7f633a4dec30>,38,20,[ 1 12],39,-1,59,-1,39
1,<environment.Job instance at 0x7f633a4dec80>,39,24,[5 6],40,-1,64,-1,40
1,<environment.Job instance at 0x7f633a4ded70>,40,26,[ 1 12],41,-1,67,-1,41
1,<environment.Job instance at 0x7f633a4dee10>,41,18,[ 5 14],42,-1,60,-1,42
1,<environment.Job instance at 0x7f633a4deeb0>,42,20,[ 2 11],43,-1,63,-1,43
1,<environment.Job instance at 0x7f633a4def00>,43,16,[13  5],44,-1,60,-1,44
1,<environment.Job instance at 0x7f633a4def50>,44,16,[14  3],45,-1,61,-1,45
1,<environment.Job instance at 0x7f633a4e0050>,45,27,[12  2],46,-1,73,-1,46
1,<environment.Job instance at 0x7f633a4e0190>,46,28,[ 4 11],47,-1,75,-1,47
1,<environment.Job instance at 0x7f633a4e0230>,47,17,[12  2],48,-1,65,-1,48
1,<environment.Job instance at 0x7f633a4e02d0>,48,17,[11  1],49,-1,66,-1,49
1,<environment.Job instance at 0x7f633a4e0370>,49,27,[ 1 11],50,-1,77,-1,50
1,<environment.Job instance at 0x7f633a4de870>,51,25,[12  2],52,-1,82,-1,57
1,<environment.Job instance at 0x7f633a4e05a0>,52,20,[11  3],53,-1,77,-1,57
1,<environment.Job instance at 0x7f633a4e0640>,53,27,[14  5],54,-1,84,-1,57
1,<environment.Job instance at 0x7f633a4e06e0>,54,24,[5 7],55,-1,81,-1,57
1,<environment.Job instance at 0x7f633a4e0780>,55,20,[13  1],56,-1,77,-1,57
1,<environment.Job instance at 0x7f633a4e0820>,56,20,[ 3 13],57,-1,77,-1,57
1,<environment.Job instance at 0x7f633a4e0a00>,58,27,[ 2 14],59,-1,86,-1,59
1,<environment.Job instance at 0x7f633a4e04b0>,60,28,[13  2],61,-1,89,-1,61
1,<environment.Job instance at 0x7f633a4e0be0>,61,23,[ 1 11],62,-1,85,-1,62
1,<environment.Job instance at 0x7f633a4e0c80>,62,21,[ 5 13],63,-1,84,-1,63
1,<environment.Job instance at 0x7f633a4e0d20>,63,28,[ 3 14],64,-1,92,-1,64
1,<environment.Job instance at 0x7f633a4e0dc0>,64,28,[ 1 14],65,-1,93,-1,65
1,<environment.Job instance at 0x7f633a4e0f00>,66,21,[13  3],67,-1,95,-1,74
1,<environment.Job instance at 0x7f633a4e0fa0>,67,27,[ 1 10],68,-1,101,-1,74
1,<environment.Job instance at 0x7f633a4e0b40>,68,20,[ 3 12],69,-1,94,-1,74
1,<environment.Job instance at 0x7f633a4e3140>,69,20,[ 3 12],70,-1,94,-1,74
1,<environment.Job instance at 0x7f633a4e30a0>,70,21,[12  2],71,-1,95,-1,74
1,<environment.Job instance at 0x7f633a4e3230>,71,28,[5 1],72,-1,102,-1,74
1,<environment.Job instance at 0x7f633a4e3280>,72,24,[9 2],73,-1,98,-1,74
1,<environment.Job instance at 0x7f633a4e3050>,73,25,[3 8],74,-1,99,-1,74
1,<environment.Job instance at 0x7f633a4e34b0>,74,27,[1 6],75,-1,102,-1,75
1,<environment.Job instance at 0x7f633a4e35f0>,75,14,[ 4 11],76,-1,90,-1,76
1,<environment.Job instance at 0x7f633a4e3410>,76,19,[ 4 14],77,-1,96,-1,77
1,<environment.Job instance at 0x7f633a4e3690>,77,13,[14  5],78,-1,91,-1,78
1,<environment.Job instance at 0x7f633a4e3780>,79,28,[9 4],80,-1,108,-1,80
1,<environment.Job instance at 0x7f6339f60f50>,1,20,[13  3],2,-1,22,-1,2
1,<environment.Job instance at 0x7f633a4e3a50>,2,24,[ 4 11],3,-1,27,-1,3
1,<environment.Job instance at 0x7f633a8f22d0>,3,22,[13  4],4,-1,26,-1,4
1,<environment.Job instance at 0x7f633a8f2050>,4,22,[ 1 13],5,-1,27,-1,5
1,<environment.Job instance at 0x7f633a8f2500>,5,15,[12  3],6,-1,21,-1,6
1,<environment.Job instance at 0x7f633a9a0730>,6,28,[ 4 12],7,-1,35,-1,7
1,<environment.Job instance at 0x7f633a9a0230>,7,17,[ 4 11],8,-1,25,-1,8
1,<environment.Job instance at 0x7f633a9a0280>,8,23,[ 2 14],9,-1,32,-1,9
1,<environment.Job instance at 0x7f633a9a0780>,9,22,[ 2 14],10,-1,32,-1,10
1,<environment.Job instance at 0x7f633a6396e0>,10,14,[12  3],11,-1,25,-1,11
1,<environment.Job instance at 0x7f633a639230>,12,20,[ 2 11],13,-1,33,-1,13
1,<environment.Job instance at 0x7f633a6397d0>,13,25,[14  3],14,-1,39,-1,14
1,<environment.Job instance at 0x7f633a6395a0>,14,28,[2 9],15,-1,43,-1,15
1,<environment.Job instance at 0x7f633a639780>,15,14,[ 2 12],16,-1,30,-1,16
1,<environment.Job instance at 0x7f633a4e3960>,17,20,[14  5],18,-1,38,-1,18
1,<environment.Job instance at 0x7f633a639a50>,18,19,[13  5],19,-1,38,-1,19
1,<environment.Job instance at 0x7f633a639d20>,19,26,[14  1],20,-1,46,-1,20
1,<environment.Job instance at 0x7f633a6399b0>,20,28,[ 2 10],21,-1,49,-1,21
1,<environment.Job instance at 0x7f633a639640>,21,28,[7 4],22,-1,50,-1,22
1,<environment.Job instance at 0x7f633a6392d0>,22,25,[ 3 14],23,-1,48,-1,23
1,<environment.Job instance at 0x7f633a6393c0>,23,28,[12  5],24,-1,52,-1,24
1,<environment.Job instance at 0x7f633a639500>,24,20,[ 4 14],25,-1,45,-1,25
1,<environment.Job instance at 0x7f6339b37a00>,26,22,[ 1 14],27,-1,49,-1,27
1,<environment.Job instance at 0x7f633a639af0>,27,27,[ 4 12],28,-1,55,-1,28
1,<environment.Job instance at 0x7f6339c232d0>,28,27,[4 9],29,-1,56,-1,29
1,<environment.Job instance at 0x7f6339c23910>,29,20,[ 3 14],30,-1,50,-1,30
1,<environment.Job instance at 0x7f6339bffeb0>,34,27,[9 1],35,-1,63,-1,36
1,<environment.Job instance at 0x7f6339fb2780>,35,23,[13  2],36,-1,59,-1,36
1,<environment.Job instance at 0x7f6339fb2690>,36,20,[12  4],37,-1,57,-1,37
1,<environment.Job instance at 0x7f633a088fa0>,37,26,[8 5],38,-1,64,-1,38
1,<environment.Job instance at 0x7f6339fb2410>,38,28,[10  4],39,-1,71,-1,43
1,<environment.Job instance at 0x7f6339e235a0>,40,15,[ 1 13],41,-1,58,-1,43
1,<environment.Job instance at 0x7f6339fb2500>,41,26,[ 5 11],42,-1,69,-1,43
1,<environment.Job instance at 0x7f633a0887d0>,39,14,[11  3],40,-1,58,-1,44
1,<environment.Job instance at 0x7f6339bc2370>,43,28,[3 8],44,-1,73,-1,45
1,<environment.Job instance at 0x7f6339bc2460>,44,28,[ 3 11],45,-1,73,-1,45
1,<environment.Job instance at 0x7f6339e00b40>,45,19,[ 3 12],46,-1,65,-1,46
1,<environment.Job instance at 0x7f633a0294b0>,46,21,[ 1 11],47,-1,68,-1,47
1,<environment.Job instance at 0x7f633a0290f0>,47,26,[ 1 11],48,-1,74,-1,48
1,<environment.Job instance at 0x7f633a029780>,48,17,[13  5],49,-1,66,-1,49
1,<environment.Job instance at 0x7f6339fd99b0>,49,21,[ 2 12],50,-1,71,-1,50
1,<environment.Job instance at 0x7f6339fd9780>,50,25,[ 2 12],51,-1,76,-1,51
1,<environment.Job instance at 0x7f6339fd9b90>,51,20,[ 5 13],52,-1,72,-1,52
1,<environment.Job instance at 0x7f6339fd93c0>,53,28,[ 1 13],54,-1,89,-1,61
1,<environment.Job instance at 0x7f6339f78eb0>,55,21,[ 3 11],56,-1,82,-1,61
1,<environment.Job instance at 0x7f6339f78f00>,56,21,[ 5 14],57,-1,82,-1,61
1,<environment.Job instance at 0x7f6339fd95f0>,54,26,[12  2],55,-1,87,-1,61
1,<environment.Job instance at 0x7f6339f78960>,57,19,[ 5 12],58,-1,80,-1,61
1,<environment.Job instance at 0x7f6339f78a50>,59,22,[14  5],60,-1,83,-1,61
1,<environment.Job instance at 0x7f6339fcb280>,61,26,[ 5 13],62,-1,89,-1,63
1,<environment.Job instance at 0x7f6339fcb2d0>,62,20,[14  2],63,-1,83,-1,63
1,<environment.Job instance at 0x7f6339f78e60>,58,28,[3 8],59,-1,91,-1,63
1,<environment.Job instance at 0x7f6339fb6b40>,64,21,[ 4 12],65,-1,86,-1,65
1,<environment.Job instance at 0x7f6339fb6140>,63,25,[5 7],64,-1,90,-1,65
1,<environment.Job instance at 0x7f6339fb6af0>,66,27,[ 5 14],67,-1,94,-1,67
1,<environment.Job instance at 0x7f6339fb6d70>,67,28,[12  2],68,-1,96,-1,68
1,<environment.Job instance at 0x7f6339fb6e10>,68,28,[ 1 12],69,-1,97,-1,69
1,<environment.Job instance at 0x7f6339fb6190>,69,25,[12  1],70,-1,95,-1,70
1,<environment.Job instance at 0x7f6339fb6f00>,70,24,[7 2],71,-1,104,-1,80
1,<environment.Job instance at 0x7f6339fb6780>,72,26,[13  4],73,-1,106,-1,80
1,<environment.Job instance at 0x7f6339fb6820>,73,13,[ 2 14],74,-1,93,-1,80
1,<environment.Job instance at 0x7f6339f7f050>,75,21,[12  2],76,-1,101,-1,80
1,<environment.Job instance at 0x7f6339f7fa50>,76,21,[ 5 11],77,-1,101,-1,80
1,<environment.Job instance at 0x7f6339f7fc30>,77,26,[ 5 10],78,-1,106,-1,80
1,<environment.Job instance at 0x7f6339eeb5f0>,78,27,[12  4],79,-1,107,-1,80
1,<environment.Job instance at 0x7f6339f7f8c0>,79,27,[14  3],80,-1,107,-1,80
1,<environment.Job instance at 0x7f6339fe9aa0>,80,27,[14  5],81,-1,108,-1,81
1,<environment.Job instance at 0x7f6339fe9b90>,81,26,[13  1],82,-1,108,-1,82
1,<environment.Job instance at 0x7f6339fe9a50>,82,25,[12  2],83,-1,108,-1,83
1,<environment.Job instance at 0x7f6339fe9640>,83,21,[13  5],84,-1,105,-1,84
1,<environment.Job instance at 0x7f6339f9c320>,84,25,[11  2],85,-1,110,-1,85
1,<environment.Job instance at 0x7f6339f9c5a0>,85,24,[11  4],86,-1,110,-1,86
1,<environment.Job instance at 0x7f6339f9c0f0>,86,16,[ 4 14],87,-1,103,-1,87
1,<environment.Job instance at 0x7f6339f9c230>,87,28,[8 4],88,-1,116,-1,88
1,<environment.Job instance at 0x7f6339fef8c0>,88,20,[12  1],89,-1,109,-1,89
1,<environment.Job instance at 0x7f6339fef050>,89,28,[ 4 12],90,-1,118,-1,90
1,<environment.Job instance at 0x7f6339fef460>,90,18,[12  2],91,-1,109,-1,91
1,<environment.Job instance at 0x7f6339fefaa0>,91,15,[12  3],92,-1,107,-1,92
1,<environment.Job instance at 0x7f6339f8e5f0>,92,25,[13  2],93,-1,118,-1,93
1,<environment.Job instance at 0x7f6339f8e370>,93,26,[ 5 11],94,-1,120,-1,94
1,<environment.Job instance at 0x7f6339f8e190>,95,27,[1 6],96,-1,125,-1,98
1,<environment.Job instance at 0x7f6339f8e3c0>,97,19,[12  5],98,-1,117,-1,98
1,<environment.Job instance at 0x7f6339f84730>,98,23,[7 4],99,-1,125,-1,102
1,<environment.Job instance at 0x7f6339f84230>,99,20,[ 1 13],100,-1,122,-1,102
1,<environment.Job instance at 0x7f633a02d4b0>,100,19,[13  2],101,-1,121,-1,102
1,<environment.Job instance at 0x7f6339fc8d20>,101,28,[11  2],102,-1,130,-1,102
1,<environment.Job instance at 0x7f6339fcca00>,102,28,[13  5],103,-1,131,-1,103
1,<environment.Job instance at 0x7f633a0ba550>,103,20,[ 5 11],104,-1,124,-1,104
1,<environment.Job instance at 0x7f6339f90690>,104,15,[12  1],105,-1,120,-1,105
1,<environment.Job instance at 0x7f633a0e1550>,105,21,[ 1 12],106,-1,127,-1,106
1,<environment.Job instance at 0x7f633a151e60>,106,19,[14  5],107,-1,126,-1,107
1,<environment.Job instance at 0x7f633a151b40>,107,25,[ 3 12],108,-1,133,-1,108
1,<environment.Job instance at 0x7f633a0cd2d0>,108,28,[12  5],109,-1,137,-1,109
1,<environment.Job instance at 0x7f633ac0fe60>,109,13,[12  3],110,-1,123,-1,110
1,<environment.Job instance at 0x7f633ac0f460>,110,20,[13  4],111,-1,131,-1,111
1,<environment.Job instance at 0x7f633a0cb870>,111,27,[14  3],112,-1,139,-1,112
1,<environment.Job instance at 0x7f6339fccb90>,113,26,[ 4 12],114,-1,145,-1,119
1,<environment.Job instance at 0x7f633a1603c0>,114,26,[8 3],115,-1,145,-1,119
1,<environment.Job instance at 0x7f633a160230>,115,23,[12  1],116,-1,142,-1,119
1,<environment.Job instance at 0x7f6339fc5d20>,116,19,[ 2 13],117,-1,138,-1,119
1,<environment.Job instance at 0x7f6339fc5eb0>,117,22,[11  1],118,-1,141,-1,119
1,<environment.Job instance at 0x7f6339fc5f50>,118,22,[ 1 13],119,-1,141,-1,119
1,<environment.Job instance at 0x7f6339bc7fa0>,2,25,[10  5],3,-1,28,-1,3
1,<environment.Job instance at 0x7f6339bc7f50>,3,20,[13  5],4,-1,24,-1,4
1,<environment.Job instance at 0x7f6339bc7550>,4,24,[14  3],5,-1,29,-1,5
1,<environment.Job instance at 0x7f6339bc76e0>,1,23,[13  3],2,-1,28,-1,5
1,<environment.Job instance at 0x7f6339bc7960>,5,23,[13  5],6,-1,29,-1,6
1,<environment.Job instance at 0x7f6339bc7cd0>,7,19,[13  4],8,-1,27,-1,8
1,<environment.Job instance at 0x7f6339bc78c0>,8,28,[ 4 11],9,-1,37,-1,9
1,<environment.Job instance at 0x7f6339bc72d0>,9,25,[ 4 12],10,-1,35,-1,10
1,<environment.Job instance at 0x7f6339bc7b40>,10,22,[14  1],11,-1,33,-1,11
1,<environment.Job instance at 0x7f6339b8f870>,11,25,[7 3],12,-1,37,-1,12
1,<environment.Job instance at 0x7f6339b8f820>,12,27,[ 4 13],13,-1,40,-1,13
1,<environment.Job instance at 0x7f6339b8f0f0>,13,26,[14  4],14,-1,40,-1,14
1,<environment.Job instance at 0x7f6339b8fdc0>,14,26,[9 1],15,-1,41,-1,15
1,<environment.Job instance at 0x7f6339b8f690>,16,16,[14  1],17,-1,33,-1,17
1,<environment.Job instance at 0x7f6339b8f2d0>,17,27,[ 1 14],18,-1,45,-1,18
1,<environment.Job instance at 0x7f6339b8fb90>,19,19,[13  1],20,-1,39,-1,20
1,<environment.Job instance at 0x7f6339b8f960>,20,15,[12  2],21,-1,36,-1,21
1,<environment.Job instance at 0x7f6339b8f9b0>,21,20,[11  2],22,-1,42,-1,22
1,<environment.Job instance at 0x7f6339b8f3c0>,22,25,[ 2 13],23,-1,48,-1,23
1,<environment.Job instance at 0x7f6339b8ff50>,23,21,[ 2 13],24,-1,45,-1,24
1,<environment.Job instance at 0x7f6339b8fe60>,27,28,[ 5 14],28,-1,61,-1,33
1,<environment.Job instance at 0x7f6339b8fbe0>,28,20,[11  2],29,-1,53,-1,33
1,<environment.Job instance at 0x7f6339b8faf0>,30,21,[ 4 14],31,-1,54,-1,33
1,<environment.Job instance at 0x7f6339b505a0>,32,22,[14  4],33,-1,64,-1,42
1,<environment.Job instance at 0x7f6339b509b0>,33,19,[ 5 14],34,-1,61,-1,42
1,<environment.Job instance at 0x7f6339b508c0>,34,23,[13  1],35,-1,65,-1,42
1,<environment.Job instance at 0x7f6339b50e60>,35,20,[14  5],36,-1,62,-1,42
1,<environment.Job instance at 0x7f6339b50c80>,36,26,[ 1 11],37,-1,68,-1,42
1,<environment.Job instance at 0x7f6339b50870>,37,14,[ 3 13],38,-1,56,-1,42
1,<environment.Job instance at 0x7f6339b50190>,38,13,[ 4 14],39,-1,55,-1,42
1,<environment.Job instance at 0x7f6339b502d0>,39,13,[ 5 14],40,-1,55,-1,42
1,<environment.Job instance at 0x7f6339b50eb0>,40,27,[14  3],41,-1,69,-1,42
1,<environment.Job instance at 0x7f6339b500a0>,41,16,[12  5],42,-1,58,-1,42
1,<environment.Job instance at 0x7f6339b50960>,42,19,[13  5],43,-1,62,-1,43
1,<environment.Job instance at 0x7f6339b505f0>,43,13,[ 5 13],44,-1,57,-1,44
1,<environment.Job instance at 0x7f6339b50690>,44,15,[12  1],45,-1,60,-1,45
1,<environment.Job instance at 0x7f6339eeac30>,45,26,[13  2],46,-1,72,-1,46
1,<environment.Job instance at 0x7f633aa09f00>,46,22,[13  5],47,-1,69,-1,47
1,<environment.Job instance at 0x7f633a31f780>,47,23,[ 4 11],48,-1,71,-1,48
1,<environment.Job instance at 0x7f633a31f370>,48,17,[ 2 13],49,-1,66,-1,49
1,<environment.Job instance at 0x7f633aa942d0>,49,27,[ 2 13],50,-1,77,-1,50
1,<environment.Job instance at 0x7f633aa0f320>,50,20,[14  4],51,-1,71,-1,51
1,<environment.Job instance at 0x7f633abeebe0>,51,26,[ 4 11],52,-1,78,-1,52
1,<environment.Job instance at 0x7f633a353e10>,52,25,[13  2],53,-1,78,-1,53
1,<environment.Job instance at 0x7f633a353c80>,53,13,[14  2],54,-1,67,-1,54
1,<environment.Job instance at 0x7f633a353b40>,54,24,[5 1],55,-1,79,-1,55
1,<environment.Job instance at 0x7f633a353280>,55,25,[ 3 11],56,-1,81,-1,56
1,<environment.Job instance at 0x7f633a353230>,56,28,[14  3],57,-1,85,-1,57
1,<environment.Job instance at 0x7f633a353be0>,57,26,[ 4 14],58,-1,84,-1,58
1,<environment.Job instance at 0x7f633a353f00>,58,13,[13  3],59,-1,72,-1,59
1,<environment.Job instance at 0x7f633a353a00>,59,15,[13  1],60,-1,75,-1,60
1,<environment.Job instance at 0x7f633a3537d0>,60,12,[14  2],61,-1,73,-1,61
1,<environment.Job instance at 0x7f633a353320>,62,20,[ 4 12],63,-1,83,-1,63
1,<environment.Job instance at 0x7f633a353500>,63,25,[ 4 14],64,-1,89,-1,64
1,<environment.Job instance at 0x7f633a3532d0>,64,24,[7 2],65,-1,89,-1,65
1,<environment.Job instance at 0x7f634364bc80>,66,24,[ 5 13],67,-1,91,-1,67
1,<environment.Job instance at 0x7f633ac99910>,67,25,[ 2 13],68,-1,93,-1,68
1,<environment.Job instance at 0x7f633a984820>,68,15,[12  4],69,-1,84,-1,69
1,<environment.Job instance at 0x7f633a9846e0>,69,19,[ 1 14],70,-1,89,-1,70
1,<environment.Job instance at 0x7f633a984f50>,70,26,[13  4],71,-1,97,-1,71
1,<environment.Job instance at 0x7f633a984d20>,71,22,[13  4],72,-1,94,-1,72
1,<environment.Job instance at 0x7f633a984550>,72,24,[12  4],73,-1,97,-1,73
1,<environment.Job instance at 0x7f633a984f00>,73,27,[13  3],74,-1,101,-1,74
1,<environment.Job instance at 0x7f633a0bcdc0>,75,23,[ 2 11],76,-1,99,-1,76
1,<environment.Job instance at 0x7f633a34f780>,76,20,[ 3 14],77,-1,97,-1,77
1,<environment.Job instance at 0x7f633a34fa00>,77,19,[13  1],78,-1,97,-1,78
1,<environment.Job instance at 0x7f633a138280>,78,15,[12  4],79,-1,94,-1,79
1,<environment.Job instance at 0x7f633a352460>,79,25,[12  5],80,-1,105,-1,80
1,<environment.Job instance at 0x7f6339bb44b0>,80,20,[ 5 13],81,-1,101,-1,81
1,<environment.Job instance at 0x7f6339c1ca50>,81,24,[ 2 13],82,-1,106,-1,82
1,<environment.Job instance at 0x7f6339c1cb90>,82,23,[11  2],83,-1,106,-1,83
1,<environment.Job instance at 0x7f633a27fd70>,83,22,[ 2 12],84,-1,106,-1,84
1,<environment.Job instance at 0x7f633a03b870>,84,20,[12  3],85,-1,105,-1,85
1,<environment.Job instance at 0x7f633ad46960>,85,19,[12  5],86,-1,105,-1,86
1,<environment.Job instance at 0x7f633ad466e0>,86,15,[ 5 14],87,-1,102,-1,87
1,<environment.Job instance at 0x7f6339b57960>,87,15,[11  1],88,-1,103,-1,88
1,<environment.Job instance at 0x7f6339b574b0>,88,20,[ 4 14],89,-1,109,-1,89
1,<environment.Job instance at 0x7f633a0bd500>,89,20,[14  2],90,-1,110,-1,90
1,<environment.Job instance at 0x7f633a0bda50>,90,25,[8 5],91,-1,116,-1,91
1,<environment.Job instance at 0x7f633a0bd050>,91,24,[ 1 12],92,-1,116,-1,92
1,<environment.Job instance at 0x7f633a0bd9b0>,92,21,[ 5 11],93,-1,114,-1,93
1,<environment.Job instance at 0x7f6339ba2eb0>,93,24,[ 2 14],94,-1,118,-1,94
1,<environment.Job instance at 0x7f633b0c9b90>,94,24,[11  1],95,-1,119,-1,95
1,<environment.Job instance at 0x7f6339bcb780>,95,25,[7 1],96,-1,121,-1,96
1,<environment.Job instance at 0x7f6339bcbe60>,96,24,[12  5],97,-1,121,-1,97
1,<environment.Job instance at 0x7f6339bcbd70>,97,23,[10  2],98,-1,121,-1,98
1,<environment.Job instance at 0x7f6339bcbe10>,98,22,[ 1 11],99,-1,121,-1,99
1,<environment.Job instance at 0x7f6339b45410>,99,23,[ 5 12],100,-1,123,-1,100
1,<environment.Job instance at 0x7f6339b45280>,100,27,[ 4 14],101,-1,128,-1,101
1,<environment.Job instance at 0x7f6339b45a00>,101,23,[ 2 11],102,-1,125,-1,102
1,<environment.Job instance at 0x7f6339b45a50>,102,28,[ 4 12],103,-1,131,-1,103
1,<environment.Job instance at 0x7f6339b45780>,103,22,[13  1],104,-1,126,-1,104
1,<environment.Job instance at 0x7f6339b45960>,104,25,[3 6],105,-1,130,-1,105
1,<environment.Job instance at 0x7f6339b89c30>,105,17,[11  2],106,-1,123,-1,106
1,<environment.Job instance at 0x7f6339b89960>,106,22,[ 3 13],107,-1,129,-1,107
1,<environment.Job instance at 0x7f6339b89f00>,107,20,[13  4],108,-1,128,-1,108
1,<environment.Job instance at 0x7f6339b89730>,108,19,[13  4],109,-1,128,-1,109
1,<environment.Job instance at 0x7f6339b90a00>,109,16,[ 2 12],110,-1,126,-1,110
1,<environment.Job instance at 0x7f6339b905f0>,110,12,[ 4 14],111,-1,123,-1,111
1,<environment.Job instance at 0x7f6339b90cd0>,111,20,[ 5 13],112,-1,132,-1,112
1,<environment.Job instance at 0x7f6339b90b90>,113,26,[12  4],114,-1,140,-1,114
1,<environment.Job instance at 0x7f6339b90140>,114,26,[ 5 12],115,-1,141,-1,115
1,<environment.Job instance at 0x7f6339b902d0>,115,22,[ 1 11],116,-1,138,-1,116
1,<environment.Job instance at 0x7f6339b90e60>,116,23,[14  5],117,-1,140,-1,117
1,<environment.Job instance at 0x7f6339b90d70>,117,22,[ 2 11],118,-1,140,-1,118
1,<environment.Job instance at 0x7f6339ba09b0>,118,22,[13  5],119,-1,141,-1,119
1,<environment.Job instance at 0x7f6339e02af0>,1,16,[ 3 14],2,-1,18,-1,2
1,<environment.Job instance at 0x7f633a019050>,2,16,[14  1],3,-1,19,-1,3
1,<environment.Job instance at 0x7f633a019460>,3,19,[ 5 12],4,-1,23,-1,4
1,<environment.Job instance at 0x7f633a0190a0>,4,25,[ 5 13],5,-1,30,-1,5
1,<environment.Job instance at 0x7f633a901550>,5,26,[13  4],6,-1,32,-1,6
1,<environment.Job instance at 0x7f633a901b40>,6,21,[ 4 14],7,-1,28,-1,7
1,<environment.Job instance at 0x7f633a9015a0>,7,25,[ 3 12],8,-1,33,-1,8
1,<environment.Job instance at 0x7f633a901500>,8,27,[14  3],9,-1,36,-1,9
1,<environment.Job instance at 0x7f6339eeb5f0>,11,28,[13  2],12,-1,40,-1,12
1,<environment.Job instance at 0x7f6339e98410>,12,28,[ 5 14],13,-1,41,-1,13
1,<environment.Job instance at 0x7f6339be5cd0>,10,14,[14  4],11,-1,27,-1,13
1,<environment.Job instance at 0x7f6339f60c80>,15,25,[12  4],16,-1,41,-1,16
1,<environment.Job instance at 0x7f6339ee9b90>,14,14,[12  4],15,-1,30,-1,16
1,<environment.Job instance at 0x7f6339ee95a0>,16,20,[ 3 14],17,-1,37,-1,17
1,<environment.Job instance at 0x7f6339ee9be0>,17,28,[ 3 14],18,-1,46,-1,18
1,<environment.Job instance at 0x7f6339ee9960>,18,28,[11  5],19,-1,47,-1,19
1,<environment.Job instance at 0x7f6339ee9eb0>,19,24,[8 4],20,-1,44,-1,20
1,<environment.Job instance at 0x7f6339cefeb0>,21,20,[12  3],22,-1,42,-1,22
1,<environment.Job instance at 0x7f633a066aa0>,22,25,[13  2],23,-1,48,-1,23
1,<environment.Job instance at 0x7f633a066c30>,23,14,[14  3],24,-1,38,-1,24
1,<environment.Job instance at 0x7f6339ee9c80>,25,26,[13  5],26,-1,52,-1,26
1,<environment.Job instance at 0x7f6339ef0550>,24,16,[13  2],25,-1,42,-1,26
1,<environment.Job instance at 0x7f6339ef0370>,26,24,[ 3 12],27,-1,51,-1,27
1,<environment.Job instance at 0x7f6339ed9500>,27,23,[ 3 11],28,-1,51,-1,28
1,<environment.Job instance at 0x7f6339ef0780>,29,21,[12  3],30,-1,51,-1,30
1,<environment.Job instance at 0x7f633a0b9c80>,30,12,[ 5 14],31,-1,43,-1,31
1,<environment.Job instance at 0x7f633a0b9d70>,31,23,[12  5],32,-1,55,-1,32
1,<environment.Job instance at 0x7f6339b9d690>,33,23,[ 5 11],34,-1,57,-1,34
1,<environment.Job instance at 0x7f633a0b9f00>,34,25,[13  5],35,-1,60,-1,35
1,<environment.Job instance at 0x7f633a1b2e10>,35,19,[ 5 13],36,-1,55,-1,36
1,<environment.Job instance at 0x7f6339f3a780>,36,15,[ 4 12],37,-1,52,-1,37
1,<environment.Job instance at 0x7f633a1e8e10>,37,28,[ 5 10],38,-1,66,-1,38
1,<environment.Job instance at 0x7f6339ca1410>,39,22,[12  5],40,-1,62,-1,40
1,<environment.Job instance at 0x7f6339e772d0>,40,21,[ 4 14],41,-1,62,-1,41
1,<environment.Job instance at 0x7f6339fcb140>,41,20,[12  5],42,-1,62,-1,42
1,<environment.Job instance at 0x7f6339fcb4b0>,42,28,[2 8],43,-1,71,-1,43
1,<environment.Job instance at 0x7f6339fe2c80>,43,24,[13  5],44,-1,68,-1,44
1,<environment.Job instance at 0x7f6339fe2820>,44,17,[ 4 13],45,-1,62,-1,45
1,<environment.Job instance at 0x7f6339fe2af0>,45,21,[13  4],46,-1,67,-1,46
1,<environment.Job instance at 0x7f6339fe27d0>,46,22,[ 5 12],47,-1,69,-1,47
1,<environment.Job instance at 0x7f6339fe2dc0>,47,13,[ 4 11],48,-1,61,-1,48
1,<environment.Job instance at 0x7f6339fe2730>,48,15,[14  2],49,-1,64,-1,49
1,<environment.Job instance at 0x7f6339fe2910>,49,26,[ 1 13],50,-1,76,-1,50
1,<environment.Job instance at 0x7f6339fe25a0>,51,27,[ 2 12],52,-1,79,-1,52
1,<environment.Job instance at 0x7f6339fe2320>,52,17,[14  5],53,-1,70,-1,53
1,<environment.Job instance at 0x7f6339fe2780>,53,24,[13  3],54,-1,78,-1,54
1,<environment.Job instance at 0x7f633a161c80>,54,22,[12  3],55,-1,77,-1,55
1,<environment.Job instance at 0x7f633b08ce10>,55,14,[ 5 12],56,-1,70,-1,56
1,<environment.Job instance at 0x7f633a1610f0>,56,16,[ 5 11],57,-1,73,-1,57
1,<environment.Job instance at 0x7f633a1615f0>,58,20,[ 1 12],59,-1,79,-1,59
1,<environment.Job instance at 0x7f633a161e60>,59,21,[14  1],60,-1,81,-1,60
1,<environment.Job instance at 0x7f633a161cd0>,60,20,[14  2],61,-1,81,-1,61
1,<environment.Job instance at 0x7f633a161230>,61,22,[14  4],62,-1,84,-1,62
1,<environment.Job instance at 0x7f633a13a320>,62,17,[ 3 10],63,-1,83,-1,66
1,<environment.Job instance at 0x7f633a13ac80>,65,25,[14  4],66,-1,91,-1,66
1,<environment.Job instance at 0x7f633a13a3c0>,66,22,[ 4 14],67,-1,89,-1,67
1,<environment.Job instance at 0x7f633a1620f0>,67,20,[11  4],68,-1,88,-1,68
1,<environment.Job instance at 0x7f633a162eb0>,68,23,[14  4],69,-1,92,-1,69
1,<environment.Job instance at 0x7f6339fd9500>,69,19,[ 3 14],70,-1,89,-1,70
1,<environment.Job instance at 0x7f6339fd95a0>,70,21,[14  2],71,-1,92,-1,71
1,<environment.Job instance at 0x7f633a4e98c0>,71,24,[14  2],72,-1,96,-1,72
1,<environment.Job instance at 0x7f633a4e9e10>,72,21,[ 5 11],73,-1,94,-1,73
1,<environment.Job instance at 0x7f633a4e9960>,73,20,[ 2 12],74,-1,94,-1,74
1,<environment.Job instance at 0x7f6339b62d70>,74,23,[ 4 11],75,-1,98,-1,75
1,<environment.Job instance at 0x7f633a13a230>,75,24,[3 8],76,-1,101,-1,77
1,<environment.Job instance at 0x7f6339c275a0>,77,21,[14  4],78,-1,99,-1,78
1,<environment.Job instance at 0x7f6339f04a50>,2,20,[ 1 11],3,-1,23,-1,3
1,<environment.Job instance at 0x7f633a233280>,3,19,[13  2],4,-1,23,-1,4
1,<environment.Job instance at 0x7f633a43dc80>,4,19,[ 1 11],5,-1,24,-1,5
1,<environment.Job instance at 0x7f6339e91140>,5,20,[13  5],6,-1,26,-1,6
1,<environment.Job instance at 0x7f6339e91c80>,6,27,[ 1 14],7,-1,34,-1,7
1,<environment.Job instance at 0x7f6339e91be0>,7,26,[12  3],8,-1,34,-1,8
1,<environment.Job instance at 0x7f6339e8f8c0>,8,24,[11  3],9,-1,33,-1,9
1,<environment.Job instance at 0x7f6339eae910>,9,25,[13  2],10,-1,35,-1,10
1,<environment.Job instance at 0x7f6339eae780>,10,20,[ 5 14],11,-1,31,-1,11
1,<environment.Job instance at 0x7f6339eaea00>,11,22,[ 5 14],12,-1,34,-1,12
1,<environment.Job instance at 0x7f6339eae640>,12,25,[ 3 12],13,-1,38,-1,13
1,<environment.Job instance at 0x7f6339eaeb40>,13,28,[ 1 12],14,-1,42,-1,14
1,<environment.Job instance at 0x7f6339eaee60>,14,20,[ 1 14],15,-1,35,-1,15
1,<environment.Job instance at 0x7f6339eaef00>,15,26,[ 3 12],16,-1,42,-1,16
1,<environment.Job instance at 0x7f6339eaed20>,16,16,[ 3 12],17,-1,33,-1,17
1,<environment.Job instance at 0x7f6339eae4b0>,17,14,[13  3],18,-1,32,-1,18
1,<environment.Job instance at 0x7f6339eae0a0>,19,28,[ 2 13],20,-1,48,-1,20
1,<environment.Job instance at 0x7f6339ea6d20>,21,23,[ 4 11],22,-1,45,-1,22
1,<environment.Job instance at 0x7f6339ea6b90>,22,16,[ 5 13],23,-1,39,-1,23
1,<environment.Job instance at 0x7f6339ea6050>,24,21,[ 4 14],25,-1,46,-1,25
1,<environment.Job instance at 0x7f6339e869b0>,25,12,[12  5],26,-1,38,-1,26
1,<environment.Job instance at 0x7f6339ea6550>,27,26,[14  4],28,-1,54,-1,28
1,<environment.Job instance at 0x7f6339e860a0>,28,23,[ 3 12],29,-1,52,-1,29
1,<environment.Job instance at 0x7f6339e86370>,30,24,[ 4 13],31,-1,55,-1,31
1,<environment.Job instance at 0x7f6339e86af0>,31,23,[9 1],32,-1,58,-1,35
1,<environment.Job instance at 0x7f6339e86910>,34,28,[11  3],35,-1,63,-1,35
1,<environment.Job instance at 0x7f6339e86eb0>,35,28,[5 1],36,-1,75,-1,47
1,<environment.Job instance at 0x7f6339e9b2d0>,38,28,[6 1],39,-1,75,-1,47
1,<environment.Job instance at 0x7f6339e9b500>,39,21,[13  2],40,-1,68,-1,47
1,<environment.Job instance at 0x7f6339e9b5a0>,40,20,[14  3],41,-1,67,-1,47
1,<environment.Job instance at 0x7f6339e9b3c0>,41,22,[12  2],42,-1,69,-1,47
1,<environment.Job instance at 0x7f6339e9b6e0>,42,14,[ 3 14],43,-1,61,-1,47
1,<environment.Job instance at 0x7f6339e9b780>,43,12,[ 3 12],44,-1,59,-1,47
1,<environment.Job instance at 0x7f6339e9b910>,44,25,[12  2],45,-1,72,-1,47
1,<environment.Job instance at 0x7f6339e9b820>,45,24,[14  4],46,-1,71,-1,47
1,<environment.Job instance at 0x7f6339e9bbe0>,46,21,[ 2 12],47,-1,68,-1,47
1,<environment.Job instance at 0x7f633a936640>,47,26,[13  5],48,-1,74,-1,48
1,<environment.Job instance at 0x7f634389ee10>,48,24,[ 2 10],49,-1,74,-1,50
1,<environment.Job instance at 0x7f6339b13780>,50,27,[12  2],51,-1,93,-1,66
1,<environment.Job instance at 0x7f633a92b5f0>,51,25,[12  4],52,-1,91,-1,66
1,<environment.Job instance at 0x7f6339e91820>,52,27,[7 2],53,-1,93,-1,66
1,<environment.Job instance at 0x7f6339ac9dc0>,53,24,[ 2 13],54,-1,90,-1,66
1,<environment.Job instance at 0x7f6339ac94b0>,54,19,[11  1],55,-1,85,-1,66
1,<environment.Job instance at 0x7f633a33daa0>,55,23,[ 3 14],56,-1,89,-1,66
1,<environment.Job instance at 0x7f633a921a00>,56,14,[ 4 13],57,-1,80,-1,66
1,<environment.Job instance at 0x7f6339acaa50>,57,27,[ 4 12],58,-1,93,-1,66
1,<environment.Job instance at 0x7f6339e8c820>,60,19,[ 4 13],61,-1,105,-1,86
1,<environment.Job instance at 0x7f6339ad8b90>,61,19,[13  4],62,-1,105,-1,86
1,<environment.Job instance at 0x7f6339ad8af0>,62,19,[14  3],63,-1,105,-1,86
1,<environment.Job instance at 0x7f6339ad8780>,63,15,[ 1 12],64,-1,101,-1,86
1,<environment.Job instance at 0x7f6339ad87d0>,64,21,[ 5 14],65,-1,107,-1,86
1,<environment.Job instance at 0x7f633a470c80>,65,16,[11  2],66,-1,110,-1,94
1,<environment.Job instance at 0x7f6339ea6c80>,66,25,[12  3],67,-1,119,-1,94
1,<environment.Job instance at 0x7f6339ea6230>,67,22,[ 5 13],68,-1,116,-1,94
1,<environment.Job instance at 0x7f6339af1910>,3,27,[ 5 14],4,-1,31,-1,4
1,<environment.Job instance at 0x7f6339f285a0>,4,25,[14  3],5,-1,30,-1,5
1,<environment.Job instance at 0x7f6339f28730>,5,18,[12  1],6,-1,24,-1,6
1,<environment.Job instance at 0x7f6339af1f50>,2,21,[ 4 11],3,-1,27,-1,6
1,<environment.Job instance at 0x7f6339f285f0>,6,19,[ 1 13],7,-1,26,-1,7
1,<environment.Job instance at 0x7f6339f28c30>,8,23,[ 2 11],9,-1,32,-1,9
1,<environment.Job instance at 0x7f6339f282d0>,9,25,[ 5 11],10,-1,35,-1,10
1,<environment.Job instance at 0x7f6339f28550>,10,27,[11  5],11,-1,38,-1,11
1,<environment.Job instance at 0x7f6339f28b40>,11,17,[12  5],12,-1,29,-1,12
1,<environment.Job instance at 0x7f6339f28af0>,12,24,[7 1],13,-1,37,-1,13
1,<environment.Job instance at 0x7f6339f28e10>,14,21,[12  4],15,-1,36,-1,15
1,<environment.Job instance at 0x7f6339f28eb0>,15,26,[11  4],16,-1,42,-1,16
1,<environment.Job instance at 0x7f6339f28e60>,16,21,[12  4],17,-1,38,-1,17
1,<environment.Job instance at 0x7f6339f2da50>,17,26,[ 1 13],18,-1,44,-1,18
1,<environment.Job instance at 0x7f6339f2d640>,18,26,[ 1 12],19,-1,45,-1,19
1,<environment.Job instance at 0x7f6339f2d500>,19,19,[11  4],20,-1,39,-1,20
1,<environment.Job instance at 0x7f6339f2db40>,20,23,[11  3],21,-1,44,-1,21
1,<environment.Job instance at 0x7f6339f2d140>,21,23,[ 4 10],22,-1,45,-1,22
1,<environment.Job instance at 0x7f6339f2db90>,22,12,[11  4],23,-1,35,-1,23
1,<environment.Job instance at 0x7f6339f2d460>,23,24,[11  5],24,-1,48,-1,24
1,<environment.Job instance at 0x7f6339f2d7d0>,24,21,[ 3 13],25,-1,46,-1,25
1,<environment.Job instance at 0x7f6339f28c80>,13,21,[11  1],14,-1,47,-1,26
1,<environment.Job instance at 0x7f633a92b820>,26,28,[ 5 11],27,-1,55,-1,27
1,<environment.Job instance at 0x7f6339f2da00>,28,20,[13  1],29,-1,49,-1,29
1,<environment.Job instance at 0x7f633a92beb0>,29,21,[ 3 12],30,-1,51,-1,30
1,<environment.Job instance at 0x7f633a92b230>,27,28,[1 5],28,-1,58,-1,30
1,<environment.Job instance at 0x7f633a92bfa0>,30,25,[12  3],31,-1,56,-1,31
1,<environment.Job instance at 0x7f633a92b410>,32,20,[12  2],33,-1,53,-1,33
1,<environment.Job instance at 0x7f633a92b280>,33,25,[ 3 12],34,-1,59,-1,34
1,<environment.Job instance at 0x7f633a92baf0>,34,20,[ 5 11],35,-1,55,-1,35
1,<environment.Job instance at 0x7f633a92b7d0>,35,26,[11  1],36,-1,62,-1,36
1,<environment.Job instance at 0x7f633a92bdc0>,36,27,[ 1 13],37,-1,64,-1,37
1,<environment.Job instance at 0x7f633a92b140>,37,20,[ 1 14],38,-1,58,-1,38
1,<environment.Job instance at 0x7f633a92bb40>,38,28,[ 3 14],39,-1,67,-1,39
1,<environment.Job instance at 0x7f633a92b910>,39,25,[12  2],40,-1,65,-1,40
1,<environment.Job instance at 0x7f633a92bbe0>,40,25,[ 5 14],41,-1,66,-1,41
1,<environment.Job instance at 0x7f633a92b550>,41,21,[ 1 12],42,-1,63,-1,42
1,<environment.Job instance at 0x7f633a92bf50>,42,28,[5 5],43,-1,71,-1,43
1,<environment.Job instance at 0x7f633a92b4b0>,43,21,[ 5 14],44,-1,65,-1,44
1,<environment.Job instance at 0x7f633a92ba00>,44,24,[11  4],45,-1,69,-1,45
1,<environment.Job instance at 0x7f633a92b3c0>,45,15,[ 4 11],46,-1,61,-1,46
1,<environment.Job instance at 0x7f633a92b8c0>,46,27,[5 1],47,-1,74,-1,47
1,<environment.Job instance at 0x7f6339a8caa0>,47,21,[ 1 12],48,-1,69,-1,48
1,<environment.Job instance at 0x7f6339a8c7d0>,48,26,[4 9],49,-1,75,-1,49
1,<environment.Job instance at 0x7f6339a8c3c0>,49,25,[6 1],50,-1,75,-1,50
1,<environment.Job instance at 0x7f6339a8ca00>,50,16,[ 4 11],51,-1,67,-1,51
1,<environment.Job instance at 0x7f6339a8cbe0>,51,25,[14  3],52,-1,77,-1,52
1,<environment.Job instance at 0x7f6339a8c780>,52,28,[13  1],53,-1,81,-1,53
1,<environment.Job instance at 0x7f6339a8ca50>,53,22,[14  1],54,-1,76,-1,54
1,<environment.Job instance at 0x7f6339a8ce60>,54,25,[13  3],55,-1,80,-1,55
1,<environment.Job instance at 0x7f6339a8cdc0>,55,23,[11  2],56,-1,79,-1,56
1,<environment.Job instance at 0x7f6339a8cb40>,56,19,[12  1],57,-1,76,-1,57
1,<environment.Job instance at 0x7f6339a8c730>,57,26,[ 4 13],58,-1,84,-1,58
1,<environment.Job instance at 0x7f6339a8cc80>,59,25,[12  4],60,-1,85,-1,60
1,<environment.Job instance at 0x7f6339a8c190>,60,20,[ 2 12],61,-1,81,-1,61
1,<environment.Job instance at 0x7f6339a8c870>,61,25,[ 5 14],62,-1,87,-1,62
1,<environment.Job instance at 0x7f6339a8c500>,62,19,[ 5 12],63,-1,82,-1,63
1,<environment.Job instance at 0x7f6339a8c6e0>,63,26,[ 1 12],64,-1,90,-1,64
1,<environment.Job instance at 0x7f6339a8c910>,64,28,[ 3 12],65,-1,93,-1,65
1,<environment.Job instance at 0x7f6339a8c0a0>,65,20,[ 1 12],66,-1,86,-1,66
1,<environment.Job instance at 0x7f6339af6190>,68,22,[13  2],69,-1,91,-1,69
1,<environment.Job instance at 0x7f6339af6f00>,66,19,[11  1],67,-1,88,-1,69
1,<environment.Job instance at 0x7f6339af6640>,69,24,[12  3],70,-1,94,-1,70
1,<environment.Job instance at 0x7f6339af6500>,70,28,[ 4 12],71,-1,99,-1,71
1,<environment.Job instance at 0x7f6339af64b0>,71,25,[ 2 12],72,-1,97,-1,72
1,<environment.Job instance at 0x7f6339af6280>,72,24,[11  2],73,-1,97,-1,73
1,<environment.Job instance at 0x7f6339af65a0>,73,18,[ 1 11],74,-1,92,-1,74
1,<environment.Job instance at 0x7f6339af68c0>,74,22,[12  3],75,-1,97,-1,75
1,<environment.Job instance at 0x7f6339af6eb0>,75,26,[ 3 11],76,-1,102,-1,76
1,<environment.Job instance at 0x7f6339af6a00>,77,21,[11  5],78,-1,99,-1,78
1,<environment.Job instance at 0x7f6339af6fa0>,78,26,[12  2],79,-1,105,-1,79
1,<environment.Job instance at 0x7f6339af6050>,79,20,[ 5 13],80,-1,100,-1,80
1,<environment.Job instance at 0x7f6339af6e10>,80,23,[11  3],81,-1,104,-1,81
1,<environment.Job instance at 0x7f6339af60f0>,81,24,[13  5],82,-1,106,-1,82
1,<environment.Job instance at 0x7f6339af6960>,82,27,[11  5],83,-1,110,-1,83
1,<environment.Job instance at 0x7f6339af6320>,84,28,[ 3 12],85,-1,113,-1,85
1,<environment.Job instance at 0x7f6339ae4b40>,85,26,[12  3],86,-1,112,-1,86
1,<environment.Job instance at 0x7f6339af6460>,86,14,[ 4 12],87,-1,101,-1,87
1,<environment.Job instance at 0x7f6339ae4230>,87,17,[ 2 11],88,-1,105,-1,88
1,<environment.Job instance at 0x7f6339ae4690>,88,28,[12  3],89,-1,117,-1,89
1,<environment.Job instance at 0x7f6339ae45a0>,90,23,[13  1],91,-1,114,-1,91
1,<environment.Job instance at 0x7f6339ae4410>,91,19,[ 4 14],92,-1,111,-1,92
1,<environment.Job instance at 0x7f6339ae4910>,92,21,[ 3 12],93,-1,114,-1,93
1,<environment.Job instance at 0x7f6339ae49b0>,93,24,[ 4 11],94,-1,118,-1,94
1,<environment.Job instance at 0x7f6339ae4050>,94,26,[13  2],95,-1,121,-1,95
1,<environment.Job instance at 0x7f6339ae4be0>,95,22,[12  3],96,-1,118,-1,96
1,<environment.Job instance at 0x7f6339ae4d70>,96,19,[ 5 11],97,-1,116,-1,97
1,<environment.Job instance at 0x7f6339ae4c80>,97,20,[ 5 13],98,-1,118,-1,98
1,<environment.Job instance at 0x7f6339ae4eb0>,98,20,[ 1 14],99,-1,119,-1,99
1,<environment.Job instance at 0x7f6339ae4e60>,99,23,[14  2],100,-1,123,-1,100
1,<environment.Job instance at 0x7f6339ae4c30>,100,16,[ 3 12],101,-1,117,-1,101
1,<environment.Job instance at 0x7f6339ae4e10>,101,12,[14  3],102,-1,114,-1,102
1,<environment.Job instance at 0x7f6339ac2370>,103,27,[ 3 14],104,-1,131,-1,104
1,<environment.Job instance at 0x7f633a4c71e0>,1,24,[13  5],2,-1,26,-1,2
1,<environment.Job instance at 0x7f633a4c7730>,2,26,[ 4 12],3,-1,29,-1,3
1,<environment.Job instance at 0x7f633affd190>,4,23,[ 4 11],5,-1,28,-1,5
1,<environment.Job instance at 0x7f633affdd20>,5,26,[ 3 14],6,-1,32,-1,6
1,<environment.Job instance at 0x7f633affd410>,6,12,[ 2 13],7,-1,19,-1,7
1,<environment.Job instance at 0x7f633affdcd0>,7,19,[ 4 11],8,-1,27,-1,8
1,<environment.Job instance at 0x7f633affd5f0>,8,27,[ 3 12],9,-1,36,-1,9
1,<environment.Job instance at 0x7f633affd6e0>,9,27,[11  1],10,-1,37,-1,10
1,<environment.Job instance at 0x7f633affdaf0>,10,13,[13  4],11,-1,24,-1,11
1,<environment.Job instance at 0x7f633affd9b0>,11,25,[14  5],12,-1,37,-1,12
1,<environment.Job instance at 0x7f633affdb90>,12,27,[6 1],13,-1,40,-1,13
1,<environment.Job instance at 0x7f633affd320>,13,15,[13  1],14,-1,29,-1,14
1,<environment.Job instance at 0x7f6339e01d20>,14,27,[ 3 14],15,-1,42,-1,15
1,<environment.Job instance at 0x7f6339e015f0>,15,19,[13  3],16,-1,35,-1,16
1,<environment.Job instance at 0x7f6339e01e10>,16,24,[13  3],17,-1,41,-1,17
1,<environment.Job instance at 0x7f6339e01730>,17,22,[ 3 13],18,-1,40,-1,18
1,<environment.Job instance at 0x7f6339e01dc0>,19,26,[ 4 13],20,-1,46,-1,20
1,<environment.Job instance at 0x7f6339e01b40>,20,23,[13  3],21,-1,44,-1,21
1,<environment.Job instance at 0x7f6339e01410>,21,20,[12  4],22,-1,42,-1,22
1,<environment.Job instance at 0x7f6339e01f00>,22,26,[2 7],23,-1,49,-1,23
1,<environment.Job instance at 0x7f6339e01050>,23,23,[13  3],24,-1,47,-1,24
1,<environment.Job instance at 0x7f6339e014b0>,24,23,[14  1],25,-1,48,-1,25
1,<environment.Job instance at 0x7f6339e01460>,25,23,[13  2],26,-1,49,-1,26
1,<environment.Job instance at 0x7f6339e01f50>,26,25,[4 5],27,-1,52,-1,27
1,<environment.Job instance at 0x7f6339e010f0>,27,21,[14  1],28,-1,49,-1,28
1,<environment.Job instance at 0x7f6339e010a0>,28,27,[ 1 13],29,-1,56,-1,29
1,<environment.Job instance at 0x7f6339e017d0>,29,19,[14  1],30,-1,49,-1,30
1,<environment.Job instance at 0x7f6339e01960>,30,26,[14  5],31,-1,57,-1,31
1,<environment.Job instance at 0x7f6339e01280>,31,24,[ 2 13],32,-1,56,-1,32
1,<environment.Job instance at 0x7f6339e01eb0>,32,25,[13  1],33,-1,58,-1,33
1,<environment.Job instance at 0x7f6339e01be0>,33,22,[ 1 12],34,-1,56,-1,34
1,<environment.Job instance at 0x7f6339e01690>,34,22,[12  4],35,-1,57,-1,35
1,<environment.Job instance at 0x7f633a941be0>,35,25,[ 4 11],36,-1,61,-1,36
1,<environment.Job instance at 0x7f633a941a00>,36,25,[ 5 14],37,-1,62,-1,37
1,<environment.Job instance at 0x7f633a941280>,37,26,[ 3 12],38,-1,64,-1,38
1,<environment.Job instance at 0x7f633a9419b0>,38,20,[ 4 13],39,-1,59,-1,39
1,<environment.Job instance at 0x7f633a941640>,39,24,[14  5],40,-1,64,-1,40
1,<environment.Job instance at 0x7f633a941c80>,40,27,[ 5 13],41,-1,68,-1,41
1,<environment.Job instance at 0x7f633a9417d0>,41,20,[ 4 14],42,-1,62,-1,42
1,<environment.Job instance at 0x7f633a941960>,42,14,[ 1 14],43,-1,57,-1,43
1,<environment.Job instance at 0x7f633a941aa0>,43,24,[5 8],44,-1,68,-1,44
1,<environment.Job instance at 0x7f633a9415f0>,44,23,[11  4],45,-1,68,-1,45
1,<environment.Job instance at 0x7f633a941910>,45,24,[14  4],46,-1,70,-1,46
1,<environment.Job instance at 0x7f633a941820>,46,23,[ 2 13],47,-1,70,-1,47
1,<environment.Job instance at 0x7f633a941370>,47,21,[14  4],48,-1,69,-1,48
1,<environment.Job instance at 0x7f633a941780>,48,25,[ 1 12],49,-1,74,-1,49
1,<environment.Job instance at 0x7f633a941c30>,49,28,[ 1 11],50,-1,78,-1,50
1,<environment.Job instance at 0x7f633a941fa0>,51,28,[14  2],52,-1,80,-1,52
1,<environment.Job instance at 0x7f633a941d70>,52,28,[13  4],53,-1,81,-1,53
1,<environment.Job instance at 0x7f633a941410>,53,22,[ 5 14],54,-1,76,-1,54
1,<environment.Job instance at 0x7f633a9416e0>,54,28,[ 1 11],55,-1,83,-1,55
1,<environment.Job instance at 0x7f633a941870>,55,22,[14  5],56,-1,78,-1,56
1,<environment.Job instance at 0x7f633a941a50>,56,22,[ 1 14],57,-1,79,-1,57
1,<environment.Job instance at 0x7f633a941eb0>,58,16,[ 3 13],59,-1,75,-1,59
1,<environment.Job instance at 0x7f633afc8870>,59,21,[13  2],60,-1,81,-1,60
1,<environment.Job instance at 0x7f633afc87d0>,61,25,[ 5 11],62,-1,87,-1,62
1,<environment.Job instance at 0x7f633afc8f00>,62,28,[13  5],63,-1,91,-1,63
1,<environment.Job instance at 0x7f633afc8320>,64,23,[ 4 14],65,-1,88,-1,65
1,<environment.Job instance at 0x7f633a4c74b0>,66,28,[12  3],67,-1,95,-1,67
1,<environment.Job instance at 0x7f633afc85f0>,67,27,[11  4],68,-1,95,-1,68
1,<environment.Job instance at 0x7f633afc8af0>,65,21,[12  1],66,-1,89,-1,68
1,<environment.Job instance at 0x7f633afc84b0>,68,27,[9 4],69,-1,96,-1,69
1,<environment.Job instance at 0x7f633afc89b0>,69,28,[5 9],70,-1,98,-1,70
1,<environment.Job instance at 0x7f633a5e6af0>,71,16,[ 3 12],72,-1,88,-1,72
1,<environment.Job instance at 0x7f633a5e6be0>,72,23,[ 2 14],73,-1,96,-1,73
1,<environment.Job instance at 0x7f633a5e6c30>,73,21,[ 2 13],74,-1,95,-1,74
1,<environment.Job instance at 0x7f633a5e6a50>,74,28,[14  2],75,-1,103,-1,75
1,<environment.Job instance at 0x7f633a5e6140>,75,24,[11  1],76,-1,100,-1,76
1,<environment.Job instance at 0x7f633a3082d0>,76,21,[ 3 13],77,-1,98,-1,77
1,<environment.Job instance at 0x7f633a308500>,77,20,[11  1],78,-1,98,-1,78
1,<environment.Job instance at 0x7f633a308050>,78,26,[ 1 12],79,-1,105,-1,79
1,<environment.Job instance at 0x7f633a308280>,79,13,[12  3],80,-1,93,-1,80
1,<environment.Job instance at 0x7f633a308b40>,80,25,[ 1 11],81,-1,106,-1,81
1,<environment.Job instance at 0x7f633a308780>,81,20,[ 3 14],82,-1,102,-1,82
1,<environment.Job instance at 0x7f633a308fa0>,82,17,[ 1 12],83,-1,100,-1,83
1,<environment.Job instance at 0x7f633a3085a0>,83,25,[2 7],84,-1,109,-1,84
1,<environment.Job instance at 0x7f633afc8550>,85,21,[ 3 14],86,-1,107,-1,86
1,<environment.Job instance at 0x7f633a3083c0>,86,23,[14  5],87,-1,110,-1,87
1,<environment.Job instance at 0x7f633a308d70>,87,24,[3 6],88,-1,112,-1,88
1,<environment.Job instance at 0x7f633a308550>,88,18,[14  2],89,-1,107,-1,89
1,<environment.Job instance at 0x7f633a308aa0>,89,27,[ 5 13],90,-1,117,-1,90
1,<environment.Job instance at 0x7f633a308e60>,91,21,[12  3],92,-1,113,-1,92
1,<environment.Job instance at 0x7f633a308dc0>,92,27,[ 5 12],93,-1,120,-1,93
1,<environment.Job instance at 0x7f633a308b90>,93,28,[9 3],94,-1,122,-1,94
1,<environment.Job instance at 0x7f633aea1320>,94,16,[ 2 13],95,-1,111,-1,95
1,<environment.Job instance at 0x7f633aea12d0>,95,28,[14  4],96,-1,124,-1,96
1,<environment.Job instance at 0x7f633aea1d20>,96,13,[12  5],97,-1,110,-1,97
1,<environment.Job instance at 0x7f633aea1af0>,97,13,[14  1],98,-1,111,-1,98
1,<environment.Job instance at 0x7f633aea1140>,98,26,[11  5],99,-1,125,-1,99
1,<environment.Job instance at 0x7f633aea1280>,99,14,[ 2 13],100,-1,114,-1,100
1,<environment.Job instance at 0x7f633aea15f0>,100,28,[14  5],101,-1,129,-1,101
1,<environment.Job instance at 0x7f633aea1e10>,101,18,[12  4],102,-1,120,-1,102
1,<environment.Job instance at 0x7f633aea1370>,102,21,[ 2 14],103,-1,124,-1,103
1,<environment.Job instance at 0x7f633aea1fa0>,104,23,[13  4],105,-1,128,-1,105
1,<environment.Job instance at 0x7f633aea1500>,105,16,[ 3 13],106,-1,122,-1,106
1,<environment.Job instance at 0x7f633aea1aa0>,106,26,[11  1],107,-1,133,-1,107
1,<environment.Job instance at 0x7f633aea1910>,107,23,[12  5],108,-1,131,-1,108
1,<environment.Job instance at 0x7f633aea19b0>,109,20,[ 5 13],110,-1,130,-1,110
1,<environment.Job instance at 0x7f633ab5c640>,110,17,[13  3],111,-1,128,-1,111
1,<environment.Job instance at 0x7f633ab5c280>,111,23,[12  3],112,-1,135,-1,112
1,<environment.Job instance at 0x7f633ab5caa0>,112,19,[ 3 11],113,-1,132,-1,113
1,<environment.Job instance at 0x7f6339abb5f0>,1,28,[13  2],2,-1,30,-1,2
1,<environment.Job instance at 0x7f633ab5caf0>,2,20,[14  3],3,-1,23,-1,3
1,<environment.Job instance at 0x7f633a1abc30>,3,24,[14  3],4,-1,28,-1,4
1,<environment.Job instance at 0x7f633a1ab9b0>,4,25,[12  1],5,-1,30,-1,5
1,<environment.Job instance at 0x7f633a1abaf0>,5,24,[5 8],6,-1,30,-1,6
1,<environment.Job instance at 0x7f633a1aba50>,6,13,[ 1 13],7,-1,20,-1,7
1,<environment.Job instance at 0x7f633a1abeb0>,7,23,[ 1 14],8,-1,31,-1,8
1,<environment.Job instance at 0x7f633a1abe60>,8,25,[12  5],9,-1,34,-1,9
1,<environment.Job instance at 0x7f633a1b0be0>,9,27,[ 2 14],10,-1,37,-1,10
1,<environment.Job instance at 0x7f633a1b0f00>,10,20,[ 2 14],11,-1,31,-1,11
1,<environment.Job instance at 0x7f633a1b0050>,11,25,[ 4 11],12,-1,37,-1,12
1,<environment.Job instance at 0x7f633a1b0370>,12,21,[ 3 11],13,-1,34,-1,13
1,<environment.Job instance at 0x7f633a1b0690>,13,21,[13  2],14,-1,35,-1,14
1,<environment.Job instance at 0x7f633a1b04b0>,14,23,[14  5],15,-1,38,-1,15
1,<environment.Job instance at 0x7f633a1b0410>,15,25,[ 2 11],16,-1,41,-1,16
1,<environment.Job instance at 0x7f633a1b0910>,16,26,[14  4],17,-1,43,-1,17
1,<environment.Job instance at 0x7f633a1b05f0>,17,14,[ 1 13],18,-1,32,-1,18
1,<environment.Job instance at 0x7f633a1b02d0>,18,17,[ 1 11],19,-1,36,-1,19
1,<environment.Job instance at 0x7f633a1b09b0>,19,24,[5 4],20,-1,44,-1,20
1,<environment.Job instance at 0x7f633a1773c0>,21,26,[ 1 11],22,-1,48,-1,22
1,<environment.Job instance at 0x7f633b064fa0>,22,16,[13  2],23,-1,39,-1,23
1,<environment.Job instance at 0x7f633b064c30>,23,21,[ 5 11],24,-1,45,-1,24
1,<environment.Job instance at 0x7f633b064a50>,24,17,[13  4],25,-1,42,-1,25
1,<environment.Job instance at 0x7f633b054d70>,25,28,[ 3 12],26,-1,54,-1,26
1,<environment.Job instance at 0x7f633b054410>,26,26,[ 1 12],27,-1,53,-1,27
1,<environment.Job instance at 0x7f633ab5caa0>,29,20,[ 5 14],30,-1,50,-1,30
1,<environment.Job instance at 0x7f633a1ade60>,28,19,[13  5],29,-1,49,-1,30
1,<environment.Job instance at 0x7f633a1adb40>,30,27,[ 2 14],31,-1,58,-1,31
1,<environment.Job instance at 0x7f633a1adcd0>,31,13,[ 2 12],32,-1,45,-1,32
1,<environment.Job instance at 0x7f633a1adb90>,32,24,[10  4],33,-1,57,-1,33
1,<environment.Job instance at 0x7f633a1add20>,33,18,[ 3 11],34,-1,52,-1,34
1,<environment.Job instance at 0x7f633a1ad0a0>,34,13,[14  4],35,-1,48,-1,35
1,<environment.Job instance at 0x7f633a1ad780>,35,23,[14  2],36,-1,59,-1,36
1,<environment.Job instance at 0x7f633a7a1910>,36,25,[14  4],37,-1,62,-1,37
1,<environment.Job instance at 0x7f633aec0b40>,37,19,[13  5],38,-1,57,-1,38
1,<environment.Job instance at 0x7f633a1aa4b0>,38,26,[10  2],39,-1,65,-1,39
1,<environment.Job instance at 0x7f633b05a4b0>,40,15,[ 1 11],41,-1,56,-1,41
1,<environment.Job instance at 0x7f633a795370>,41,26,[ 2 11],42,-1,68,-1,42
1,<environment.Job instance at 0x7f633a795b90>,42,23,[ 3 13],43,-1,66,-1,43
1,<environment.Job instance at 0x7f633aeb6b40>,43,13,[12  5],44,-1,57,-1,44
1,<environment.Job instance at 0x7f633a178fa0>,44,26,[ 3 13],45,-1,71,-1,45
1,<environment.Job instance at 0x7f633a7c8320>,45,19,[ 4 14],46,-1,65,-1,46
1,<environment.Job instance at 0x7f633a7c8230>,46,17,[ 4 13],47,-1,64,-1,47
1,<environment.Job instance at 0x7f633a7cbd70>,47,27,[ 2 11],48,-1,75,-1,48
1,<environment.Job instance at 0x7f633aecc230>,49,24,[ 4 12],50,-1,74,-1,50
1,<environment.Job instance at 0x7f633aeccf00>,50,27,[11  4],51,-1,78,-1,51
1,<environment.Job instance at 0x7f633ae9f1e0>,52,26,[7 3],53,-1,79,-1,53
1,<environment.Job instance at 0x7f633a7cc9b0>,53,24,[ 5 12],54,-1,78,-1,54
1,<environment.Job instance at 0x7f633a7cccd0>,54,27,[10  1],55,-1,82,-1,55
1,<environment.Job instance at 0x7f633a7c2370>,61,23,[ 1 13],62,-1,125,-1,102
1,<environment.Job instance at 0x7f633a7c28c0>,62,22,[ 3 13],63,-1,124,-1,102
1,<environment.Job instance at 0x7f633a7c2640>,64,25,[ 4 11],65,-1,129,-1,104
1,<environment.Job instance at 0x7f633aeb65a0>,1,20,[ 3 14],2,-1,22,-1,2
1,<environment.Job instance at 0x7f633a7c2820>,2,15,[ 1 12],3,-1,18,-1,3
1,<environment.Job instance at 0x7f633aeb6820>,3,25,[14  2],4,-1,29,-1,4
1,<environment.Job instance at 0x7f633aeb6780>,5,16,[14  2],6,-1,22,-1,6
1,<environment.Job instance at 0x7f633aeb6f00>,6,26,[9 2],7,-1,33,-1,7
1,<environment.Job instance at 0x7f633aeb6fa0>,7,26,[ 2 10],8,-1,34,-1,8
1,<environment.Job instance at 0x7f633aeb6870>,9,25,[5 5],10,-1,35,-1,10
1,<environment.Job instance at 0x7f633aebf5a0>,10,20,[ 3 12],11,-1,31,-1,11
1,<environment.Job instance at 0x7f633aebf280>,11,18,[11  5],12,-1,30,-1,12
1,<environment.Job instance at 0x7f633aebf8c0>,12,26,[ 2 11],13,-1,39,-1,13
1,<environment.Job instance at 0x7f633aebfd70>,13,27,[7 4],14,-1,41,-1,14
1,<environment.Job instance at 0x7f633aebfb90>,14,19,[ 2 13],15,-1,34,-1,15
1,<environment.Job instance at 0x7f633aebff50>,15,20,[12  3],16,-1,36,-1,16
1,<environment.Job instance at 0x7f633aebfa50>,16,24,[7 2],17,-1,41,-1,17
1,<environment.Job instance at 0x7f633aebf050>,17,22,[14  3],18,-1,40,-1,18
1,<environment.Job instance at 0x7f633aebf140>,18,26,[12  1],19,-1,45,-1,19
1,<environment.Job instance at 0x7f633aebfc80>,19,28,[ 3 12],20,-1,48,-1,20
1,<environment.Job instance at 0x7f633aebf730>,21,25,[14  4],22,-1,47,-1,22
1,<environment.Job instance at 0x7f633aebfd20>,22,26,[11  3],23,-1,49,-1,23
1,<environment.Job instance at 0x7f633aebf0f0>,23,26,[3 7],24,-1,50,-1,24
1,<environment.Job instance at 0x7f633aebf4b0>,25,23,[ 4 13],26,-1,49,-1,26
1,<environment.Job instance at 0x7f633a7c2a00>,27,26,[11  4],28,-1,54,-1,28
1,<environment.Job instance at 0x7f633ac5c140>,31,13,[ 4 11],32,-1,54,-1,41
1,<environment.Job instance at 0x7f633ac5c460>,32,22,[12  4],33,-1,63,-1,41
1,<environment.Job instance at 0x7f633ac5c4b0>,33,16,[14  5],34,-1,57,-1,41
1,<environment.Job instance at 0x7f633ac5c960>,34,20,[ 3 12],35,-1,61,-1,41
1,<environment.Job instance at 0x7f633ac5c8c0>,35,28,[13  5],36,-1,69,-1,41
1,<environment.Job instance at 0x7f633ac5c9b0>,36,23,[14  3],37,-1,64,-1,41
1,<environment.Job instance at 0x7f633ac5cc30>,37,25,[ 2 14],38,-1,66,-1,41
1,<environment.Job instance at 0x7f633ac5c6e0>,39,22,[ 2 12],40,-1,84,-1,62
1,<environment.Job instance at 0x7f633ac5ce10>,40,21,[11  3],41,-1,83,-1,62
1,<environment.Job instance at 0x7f633ac5c370>,41,24,[13  3],42,-1,86,-1,62
1,<environment.Job instance at 0x7f633ac5c410>,44,22,[ 3 11],45,-1,97,-1,75
1,<environment.Job instance at 0x7f633ac5ce60>,46,19,[ 2 11],47,-1,94,-1,75
1,<environment.Job instance at 0x7f633ac5c640>,47,18,[ 5 13],48,-1,93,-1,75
1,<environment.Job instance at 0x7f633ac5c910>,48,28,[ 5 11],49,-1,103,-1,75
1,<environment.Job instance at 0x7f633ac5cfa0>,49,27,[12  1],50,-1,102,-1,75
1,<environment.Job instance at 0x7f633ac5c780>,50,22,[13  3],51,-1,97,-1,75
1,<environment.Job instance at 0x7f633ac5cf00>,51,17,[13  4],52,-1,92,-1,75
1,<environment.Job instance at 0x7f633aec0050>,52,28,[ 5 11],53,-1,103,-1,75
1,<environment.Job instance at 0x7f633aec0b90>,54,22,[ 1 14],55,-1,117,-1,95
1,<environment.Job instance at 0x7f633aec0e10>,55,24,[13  4],56,-1,119,-1,95
1,<environment.Job instance at 0x7f633aec05a0>,56,24,[ 4 13],57,-1,119,-1,95
1,<environment.Job instance at 0x7f633aec0c30>,57,19,[ 5 14],58,-1,114,-1,95
1,<environment.Job instance at 0x7f633aec0370>,58,19,[14  3],59,-1,114,-1,95
1,<environment.Job instance at 0x7f633aec0690>,59,26,[8 4],60,-1,121,-1,95
1,<environment.Job instance at 0x7f633aec0d20>,60,14,[13  2],61,-1,109,-1,95
1,<environment.Job instance at 0x7f633aec0960>,61,22,[ 5 13],62,-1,117,-1,95
1,<environment.Job instance at 0x7f633aec0c80>,62,24,[ 1 14],63,-1,119,-1,95
1,<environment.Job instance at 0x7f633aec0550>,63,28,[13  5],64,-1,123,-1,95
1,<environment.Job instance at 0x7f633aec0870>,64,22,[12  4],65,-1,117,-1,95
1,<environment.Job instance at 0x7f633aec0820>,66,24,[14  5],67,-1,119,-1,95
1,<environment.Job instance at 0x7f633aec06e0>,67,19,[13  1],68,-1,114,-1,95
1,<environment.Job instance at 0x7f633aec0a50>,68,23,[11  5],69,-1,118,-1,95
1,<environment.Job instance at 0x7f633aec0730>,69,23,[ 2 12],70,-1,118,-1,95
1,<environment.Job instance at 0x7f633aec0230>,70,14,[11  5],71,-1,109,-1,95
1,<environment.Job instance at 0x7f633aec0500>,71,25,[7 3],72,-1,120,-1,95
1,<environment.Job instance at 0x7f633a228500>,72,23,[12  5],73,-1,118,-1,95
1,<environment.Job instance at 0x7f633a2286e0>,73,28,[11  2],74,-1,123,-1,95
1,<environment.Job instance at 0x7f633a228230>,74,27,[11  2],75,-1,122,-1,95
1,<environment.Job instance at 0x7f633a228640>,75,24,[6 4],76,-1,119,-1,95
1,<environment.Job instance at 0x7f633a228460>,76,17,[ 4 13],77,-1,112,-1,95
1,<environment.Job instance at 0x7f633a228780>,78,13,[12  5],79,-1,129,-1,116
1,<environment.Job instance at 0x7f633a228960>,79,14,[ 2 12],80,-1,130,-1,116
1,<environment.Job instance at 0x7f633a228fa0>,80,19,[11  1],81,-1,135,-1,116
1,<environment.Job instance at 0x7f633a228be0>,81,21,[13  1],82,-1,137,-1,116
1,<environment.Job instance at 0x7f633a228d20>,82,24,[13  4],83,-1,140,-1,116
1,<environment.Job instance at 0x7f633a228820>,83,19,[ 5 14],84,-1,135,-1,116
1,<environment.Job instance at 0x7f633a228a00>,84,28,[ 1 12],85,-1,144,-1,116
1,<environment.Job instance at 0x7f633a228870>,85,28,[12  3],86,-1,144,-1,116
1,<environment.Job instance at 0x7f633a228910>,86,27,[2 7],87,-1,143,-1,116
1,<environment.Job instance at 0x7f633a228cd0>,87,23,[11  3],88,-1,139,-1,116
1,<environment.Job instance at 0x7f633a228320>,88,14,[ 1 14],89,-1,130,-1,116
1,<environment.Job instance at 0x7f633a228280>,89,26,[ 5 12],90,-1,142,-1,116
1,<environment.Job instance at 0x7f633a1fd1e0>,90,22,[ 3 11],91,-1,138,-1,116
1,<environment.Job instance at 0x7f633a1fd050>,91,26,[ 3 14],92,-1,142,-1,116
1,<environment.Job instance at 0x7f633a1fd500>,92,19,[ 4 12],93,-1,135,-1,116
1,<environment.Job instance at 0x7f633a1fdd70>,93,14,[ 3 14],94,-1,130,-1,116
1,<environment.Job instance at 0x7f633a1fd5f0>,94,20,[ 4 11],95,-1,136,-1,116
1,<environment.Job instance at 0x7f633a1fd730>,95,19,[12  1],96,-1,135,-1,116
1,<environment.Job instance at 0x7f633a1fda50>,96,22,[11  1],97,-1,138,-1,116
1,<environment.Job instance at 0x7f633a1f80f0>,97,20,[ 1 14],98,-1,136,-1,116
1,<environment.Job instance at 0x7f633a1f88c0>,98,24,[4 6],99,-1,140,-1,116
1,<environment.Job instance at 0x7f633a1f8960>,99,28,[9 2],100,-1,144,-1,116
1,<environment.Job instance at 0x7f633a1f8460>,100,27,[ 1 11],101,-1,143,-1,116
1,<environment.Job instance at 0x7f633a1f8aa0>,101,25,[ 1 12],102,-1,141,-1,116
1,<environment.Job instance at 0x7f6339e473c0>,102,18,[ 4 14],103,-1,134,-1,116
1,<environment.Job instance at 0x7f6339e47690>,103,18,[ 1 11],104,-1,134,-1,116
1,<environment.Job instance at 0x7f6339a98320>,1,19,[ 4 13],2,-1,21,-1,2
1,<environment.Job instance at 0x7f6339e475a0>,2,21,[ 5 12],3,-1,24,-1,3
1,<environment.Job instance at 0x7f633a4304b0>,3,20,[14  2],4,-1,24,-1,4
1,<environment.Job instance at 0x7f633ac54e60>,5,19,[ 5 14],6,-1,25,-1,6
1,<environment.Job instance at 0x7f633ac54410>,6,16,[12  5],7,-1,23,-1,7
1,<environment.Job instance at 0x7f633ac540a0>,7,12,[ 1 12],8,-1,20,-1,8
1,<environment.Job instance at 0x7f6339e47690>,9,15,[ 1 14],10,-1,25,-1,10
1,<environment.Job instance at 0x7f633ac21730>,13,25,[ 5 11],14,-1,45,-1,20
1,<environment.Job instance at 0x7f633ac21dc0>,14,19,[ 2 12],15,-1,39,-1,20
1,<environment.Job instance at 0x7f633ac360f0>,15,26,[11  1],16,-1,46,-1,20
1,<environment.Job instance at 0x7f633ac364b0>,16,27,[10  2],17,-1,47,-1,20
1,<environment.Job instance at 0x7f633ac36230>,17,27,[13  1],18,-1,47,-1,20
1,<environment.Job instance at 0x7f633ac36640>,18,22,[ 2 13],19,-1,42,-1,20
1,<environment.Job instance at 0x7f633ac36c80>,19,12,[ 5 14],20,-1,32,-1,20
1,<environment.Job instance at 0x7f633ac36050>,20,28,[11  4],21,-1,49,-1,21
1,<environment.Job instance at 0x7f633ac36b90>,21,23,[13  4],22,-1,45,-1,22
1,<environment.Job instance at 0x7f633ac36730>,22,25,[ 4 12],23,-1,48,-1,23
1,<environment.Job instance at 0x7f633ac5d870>,23,26,[ 5 11],24,-1,50,-1,24
1,<environment.Job instance at 0x7f633ac5d9b0>,24,21,[ 4 14],25,-1,46,-1,25
1,<environment.Job instance at 0x7f633ac5d910>,25,17,[ 3 13],26,-1,43,-1,26
1,<environment.Job instance at 0x7f633ac5dd70>,26,25,[ 2 10],27,-1,52,-1,27
1,<environment.Job instance at 0x7f633ac5dd20>,27,23,[7 1],28,-1,53,-1,30
1,<environment.Job instance at 0x7f633ac36780>,28,13,[11  5],29,-1,45,-1,32
1,<environment.Job instance at 0x7f633aeab500>,33,21,[ 1 11],34,-1,77,-1,56
1,<environment.Job instance at 0x7f633a819050>,34,25,[11  4],35,-1,81,-1,56
1,<environment.Job instance at 0x7f633a819370>,35,20,[ 3 11],36,-1,76,-1,56
1,<environment.Job instance at 0x7f6339a99730>,37,21,[ 2 14],38,-1,79,-1,58
1,<environment.Job instance at 0x7f6339ab55a0>,38,17,[ 3 12],39,-1,75,-1,58
1,<environment.Job instance at 0x7f633aed6230>,39,16,[ 4 14],40,-1,74,-1,58
1,<environment.Job instance at 0x7f6339ff5140>,40,21,[ 1 11],41,-1,79,-1,58
1,<environment.Job instance at 0x7f633aebd9b0>,41,15,[11  5],42,-1,84,-1,69
1,<environment.Job instance at 0x7f633aebdc30>,42,20,[ 2 14],43,-1,89,-1,69
1,<environment.Job instance at 0x7f633ac323c0>,43,27,[ 5 12],44,-1,96,-1,69
1,<environment.Job instance at 0x7f633aeeefa0>,44,27,[7 3],45,-1,96,-1,69
1,<environment.Job instance at 0x7f633ac32960>,45,20,[12  3],46,-1,89,-1,69
1,<environment.Job instance at 0x7f633aa2c460>,46,12,[ 3 13],47,-1,81,-1,69
1,<environment.Job instance at 0x7f633aa2c730>,47,25,[12  3],48,-1,94,-1,69
1,<environment.Job instance at 0x7f633aa24af0>,48,23,[11  5],49,-1,92,-1,69
1,<environment.Job instance at 0x7f633aa24dc0>,49,27,[7 3],50,-1,96,-1,69
1,<environment.Job instance at 0x7f633ae9dc30>,50,22,[3 9],51,-1,133,-1,111
1,<environment.Job instance at 0x7f633a338230>,54,22,[14  5],55,-1,133,-1,111
1,<environment.Job instance at 0x7f633aa35690>,55,19,[11  2],56,-1,130,-1,111
1,<environment.Job instance at 0x7f633af00410>,56,22,[10  3],57,-1,134,-1,112
1,<environment.Job instance at 0x7f633aefd7d0>,58,21,[12  5],59,-1,133,-1,112
1,<environment.Job instance at 0x7f633aefd730>,59,27,[ 2 13],60,-1,139,-1,112
1,<environment.Job instance at 0x7f633aefde10>,60,21,[ 1 12],61,-1,133,-1,112
1,<environment.Job instance at 0x7f633a984690>,1,26,[12  3],2,-1,28,-1,2
1,<environment.Job instance at 0x7f633aefd8c0>,2,27,[11  2],3,-1,30,-1,3
1,<environment.Job instance at 0x7f633ac47780>,3,12,[ 3 13],4,-1,16,-1,4
1,<environment.Job instance at 0x7f633ac47280>,4,28,[13  1],5,-1,33,-1,5
1,<environment.Job instance at 0x7f633ac47f00>,5,22,[14  1],6,-1,28,-1,6
1,<environment.Job instance at 0x7f633ac47e60>,6,28,[ 3 13],7,-1,35,-1,7
1,<environment.Job instance at 0x7f633ac47690>,7,20,[ 3 11],8,-1,28,-1,8
1,<environment.Job instance at 0x7f633ac47cd0>,9,24,[12  2],10,-1,34,-1,10
1,<environment.Job instance at 0x7f633ac47fa0>,10,27,[ 1 13],11,-1,38,-1,11
1,<environment.Job instance at 0x7f633ac47230>,11,24,[12  5],12,-1,36,-1,12
1,<environment.Job instance at 0x7f633ac47960>,12,19,[ 4 13],13,-1,32,-1,13
1,<environment.Job instance at 0x7f633ac47640>,13,24,[ 4 11],14,-1,38,-1,14
1,<environment.Job instance at 0x7f633ac471e0>,14,21,[ 2 11],15,-1,36,-1,15
1,<environment.Job instance at 0x7f633aefde10>,16,27,[ 3 11],17,-1,44,-1,17
1,<environment.Job instance at 0x7f633ac475a0>,17,13,[12  5],18,-1,31,-1,18
1,<environment.Job instance at 0x7f633ac47aa0>,18,27,[8 2],19,-1,46,-1,19
1,<environment.Job instance at 0x7f633ac47a00>,19,22,[11  3],20,-1,42,-1,20
1,<environment.Job instance at 0x7f633ac477d0>,20,27,[8 4],21,-1,48,-1,21
1,<environment.Job instance at 0x7f633ac47190>,21,15,[ 4 14],22,-1,37,-1,22
1,<environment.Job instance at 0x7f633ac47b40>,22,23,[14  5],23,-1,46,-1,23
1,<environment.Job instance at 0x7f633ac47c30>,23,22,[13  2],24,-1,46,-1,24
1,<environment.Job instance at 0x7f633ac474b0>,24,24,[ 2 14],25,-1,49,-1,25
1,<environment.Job instance at 0x7f633ac47c80>,25,24,[5 7],26,-1,50,-1,26
1,<environment.Job instance at 0x7f633ac47af0>,27,27,[ 5 14],28,-1,55,-1,28
1,<environment.Job instance at 0x7f6339c6b320>,26,13,[14  2],27,-1,41,-1,28
1,<environment.Job instance at 0x7f6339c6b280>,28,28,[11  4],29,-1,57,-1,29
1,<environment.Job instance at 0x7f6339c6bd70>,29,23,[ 1 13],30,-1,53,-1,30
1,<environment.Job instance at 0x7f6339c6bcd0>,30,24,[ 2 11],31,-1,55,-1,31
1,<environment.Job instance at 0x7f6339c6baf0>,31,26,[11  1],32,-1,58,-1,32
1,<environment.Job instance at 0x7f6339c6b460>,32,25,[ 1 12],33,-1,58,-1,33
1,<environment.Job instance at 0x7f6339c6bdc0>,33,26,[14  3],34,-1,60,-1,34
1,<environment.Job instance at 0x7f6339c6b7d0>,34,25,[13  5],35,-1,60,-1,35
1,<environment.Job instance at 0x7f6339c6b8c0>,35,24,[5 3],36,-1,60,-1,36
1,<environment.Job instance at 0x7f6339c6be60>,36,15,[ 1 14],37,-1,52,-1,37
1,<environment.Job instance at 0x7f6339c6bb90>,37,24,[5 2],38,-1,62,-1,38
1,<environment.Job instance at 0x7f6339c6b820>,38,25,[13  4],39,-1,64,-1,39
1,<environment.Job instance at 0x7f6339c6b1e0>,40,20,[ 4 13],41,-1,61,-1,41
1,<environment.Job instance at 0x7f6339c6be10>,41,17,[13  2],42,-1,59,-1,42
1,<environment.Job instance at 0x7f6339c6bc80>,42,20,[ 1 11],43,-1,63,-1,43
1,<environment.Job instance at 0x7f6339c6b690>,44,26,[11  3],45,-1,71,-1,45
1,<environment.Job instance at 0x7f6339f49550>,46,20,[14  4],47,-1,67,-1,47
1,<environment.Job instance at 0x7f6343a59fa0>,48,22,[ 1 11],49,-1,71,-1,49
1,<environment.Job instance at 0x7f6339f49f00>,49,20,[ 3 11],50,-1,70,-1,50
1,<environment.Job instance at 0x7f6339f49280>,50,22,[11  4],51,-1,74,-1,52
1,<environment.Job instance at 0x7f6339f497d0>,52,20,[12  1],53,-1,73,-1,53
1,<environment.Job instance at 0x7f6339f495a0>,55,26,[9 5],56,-1,82,-1,56
1,<environment.Job instance at 0x7f6339f49190>,56,27,[ 2 14],57,-1,84,-1,57
1,<environment.Job instance at 0x7f6339f490a0>,58,20,[ 4 11],59,-1,79,-1,59
1,<environment.Job instance at 0x7f6339f49460>,59,16,[ 1 11],60,-1,76,-1,60
1,<environment.Job instance at 0x7f6339f49f50>,60,28,[12  4],61,-1,89,-1,61
1,<environment.Job instance at 0x7f6339f499b0>,62,21,[ 3 14],63,-1,86,-1,65
1,<environment.Job instance at 0x7f6339f490f0>,63,19,[12  4],64,-1,85,-1,66
1,<environment.Job instance at 0x7f6339f49b90>,64,19,[11  1],65,-1,87,-1,68
1,<environment.Job instance at 0x7f6339f49730>,65,21,[ 1 12],66,-1,89,-1,68
1,<environment.Job instance at 0x7f6339f49910>,66,22,[14  4],67,-1,90,-1,68
1,<environment.Job instance at 0x7f6339f49d70>,67,14,[ 1 11],68,-1,82,-1,68
1,<environment.Job instance at 0x7f633a50f640>,68,26,[1 8],69,-1,95,-1,69
1,<environment.Job instance at 0x7f633a50f190>,69,19,[ 1 13],70,-1,89,-1,70
1,<environment.Job instance at 0x7f633a50f8c0>,70,26,[ 2 10],71,-1,97,-1,71
1,<environment.Job instance at 0x7f633a50fa00>,71,19,[14  4],72,-1,91,-1,72
1,<environment.Job instance at 0x7f633a50f6e0>,72,27,[ 1 12],73,-1,100,-1,73
1,<environment.Job instance at 0x7f633a50fb40>,73,24,[5 5],74,-1,98,-1,74
1,<environment.Job instance at 0x7f633a50fdc0>,74,23,[ 3 12],75,-1,98,-1,75
1,<environment.Job instance at 0x7f633a50f2d0>,75,26,[ 5 13],76,-1,102,-1,76
1,<environment.Job instance at 0x7f633a50feb0>,76,19,[12  2],77,-1,96,-1,77
1,<environment.Job instance at 0x7f633a50fbe0>,77,15,[11  1],78,-1,93,-1,78
1,<environment.Job instance at 0x7f633a50f500>,78,19,[13  4],79,-1,98,-1,79
1,<environment.Job instance at 0x7f633a50ff00>,79,14,[11  3],80,-1,94,-1,80
1,<environment.Job instance at 0x7f633a50f5f0>,80,12,[ 3 11],81,-1,93,-1,81
1,<environment.Job instance at 0x7f633a50f230>,83,23,[ 5 12],84,-1,107,-1,84
1,<environment.Job instance at 0x7f633a50f7d0>,84,27,[6 1],85,-1,112,-1,85
1,<environment.Job instance at 0x7f633a50f960>,85,20,[ 1 11],86,-1,106,-1,86
1,<environment.Job instance at 0x7f633a50f0a0>,86,15,[12  2],87,-1,102,-1,87
1,<environment.Job instance at 0x7f633a50f1e0>,87,24,[12  4],88,-1,112,-1,88
1,<environment.Job instance at 0x7f633a50faf0>,88,23,[11  3],89,-1,112,-1,89
1,<environment.Job instance at 0x7f633a50f690>,89,25,[11  5],90,-1,115,-1,90
1,<environment.Job instance at 0x7f634364b5a0>,90,26,[ 5 13],91,-1,117,-1,91
1,<environment.Job instance at 0x7f634364b550>,91,19,[ 3 12],92,-1,111,-1,92
1,<environment.Job instance at 0x7f634364b640>,92,25,[12  3],93,-1,118,-1,93
1,<environment.Job instance at 0x7f634364b280>,93,14,[ 5 12],94,-1,108,-1,94
1,<environment.Job instance at 0x7f634364b320>,94,20,[ 3 14],95,-1,115,-1,95
1,<environment.Job instance at 0x7f634364bd20>,95,24,[13  2],96,-1,120,-1,96
1,<environment.Job instance at 0x7f634364b050>,99,20,[12  1],100,-1,120,-1,100
1,<environment.Job instance at 0x7f6343cd9e60>,102,20,[11  1],103,-1,138,-1,118
1,<environment.Job instance at 0x7f634364b910>,103,22,[12  2],104,-1,140,-1,118
1,<environment.Job instance at 0x7f6339958730>,1,16,[ 2 13],2,-1,18,-1,2
1,<environment.Job instance at 0x7f634364b460>,2,23,[13  1],3,-1,26,-1,3
1,<environment.Job instance at 0x7f6339913960>,3,28,[13  4],4,-1,32,-1,4
1,<environment.Job instance at 0x7f63399137d0>,4,25,[14  3],5,-1,30,-1,5
1,<environment.Job instance at 0x7f6339913050>,6,24,[14  5],7,-1,31,-1,7
1,<environment.Job instance at 0x7f6339913870>,7,25,[ 4 12],8,-1,33,-1,8
1,<environment.Job instance at 0x7f6339913af0>,8,22,[ 2 14],9,-1,31,-1,9
1,<environment.Job instance at 0x7f63399132d0>,9,25,[ 3 13],10,-1,35,-1,10
1,<environment.Job instance at 0x7f6339913d70>,10,25,[13  3],11,-1,36,-1,11
1,<environment.Job instance at 0x7f6339913230>,11,25,[ 2 11],12,-1,37,-1,12
1,<environment.Job instance at 0x7f6339913f50>,12,28,[11  3],13,-1,41,-1,13
1,<environment.Job instance at 0x7f634364b910>,14,28,[13  1],15,-1,43,-1,15
1,<environment.Job instance at 0x7f6339913550>,15,23,[ 5 13],16,-1,39,-1,16
1,<environment.Job instance at 0x7f6339913a00>,16,23,[ 2 13],17,-1,40,-1,17
1,<environment.Job instance at 0x7f6339913820>,17,28,[ 1 12],18,-1,46,-1,18
1,<environment.Job instance at 0x7f6339913a50>,18,25,[ 2 12],19,-1,44,-1,19
1,<environment.Job instance at 0x7f6339913500>,19,12,[ 4 14],20,-1,32,-1,20
1,<environment.Job instance at 0x7f63399130f0>,20,28,[12  3],21,-1,49,-1,21
1,<environment.Job instance at 0x7f6339913f00>,21,23,[11  2],22,-1,45,-1,22
1,<environment.Job instance at 0x7f6339954be0>,23,22,[ 3 13],24,-1,46,-1,24
1,<environment.Job instance at 0x7f63399542d0>,24,27,[ 1 13],25,-1,52,-1,25
1,<environment.Job instance at 0x7f6339954870>,25,23,[12  5],26,-1,49,-1,26
1,<environment.Job instance at 0x7f6339954140>,26,22,[ 3 12],27,-1,49,-1,27
1,<environment.Job instance at 0x7f6339954af0>,27,25,[ 4 12],28,-1,53,-1,28
1,<environment.Job instance at 0x7f6339954f50>,28,13,[11  3],29,-1,42,-1,29
1,<environment.Job instance at 0x7f6339954460>,29,24,[ 5 12],30,-1,54,-1,30
1,<environment.Job instance at 0x7f6339954550>,30,27,[2 5],31,-1,58,-1,31
1,<environment.Job instance at 0x7f63399541e0>,31,13,[ 3 13],32,-1,45,-1,32
1,<environment.Job instance at 0x7f6339954a50>,32,23,[14  4],33,-1,56,-1,33
1,<environment.Job instance at 0x7f6339954780>,33,17,[13  5],34,-1,51,-1,34
1,<environment.Job instance at 0x7f6339954b40>,34,22,[13  1],35,-1,57,-1,35
1,<environment.Job instance at 0x7f6339954050>,35,24,[12  4],36,-1,60,-1,36
1,<environment.Job instance at 0x7f6339954690>,36,25,[12  3],37,-1,62,-1,37
1,<environment.Job instance at 0x7f6339954eb0>,37,27,[11  5],38,-1,65,-1,38
1,<environment.Job instance at 0x7f6339954c80>,38,25,[ 3 11],39,-1,64,-1,39
1,<environment.Job instance at 0x7f6339954b90>,39,21,[ 2 13],40,-1,61,-1,40
1,<environment.Job instance at 0x7f6339954d70>,41,23,[ 3 11],42,-1,65,-1,42
1,<environment.Job instance at 0x7f6339954230>,43,21,[ 1 13],44,-1,65,-1,44
1,<environment.Job instance at 0x7f6339913780>,44,28,[14  1],45,-1,73,-1,45
1,<environment.Job instance at 0x7f6339933640>,45,28,[4 5],46,-1,74,-1,46
1,<environment.Job instance at 0x7f6339933c80>,46,17,[ 3 14],47,-1,64,-1,47
1,<environment.Job instance at 0x7f6339933190>,47,25,[12  5],48,-1,73,-1,48
1,<environment.Job instance at 0x7f6339933af0>,48,16,[ 1 12],49,-1,65,-1,49
1,<environment.Job instance at 0x7f6339933780>,49,17,[13  2],50,-1,67,-1,50
1,<environment.Job instance at 0x7f6339933910>,50,23,[5 9],51,-1,75,-1,52
1,<environment.Job instance at 0x7f6339933b90>,52,22,[11  4],53,-1,75,-1,53
1,<environment.Job instance at 0x7f6339933870>,53,28,[11  2],54,-1,82,-1,54
1,<environment.Job instance at 0x7f6339933370>,54,28,[ 4 10],55,-1,83,-1,55
1,<environment.Job instance at 0x7f6339933140>,55,24,[6 2],56,-1,80,-1,56
1,<environment.Job instance at 0x7f63399336e0>,56,19,[ 2 13],57,-1,76,-1,57
1,<environment.Job instance at 0x7f6339933a50>,57,21,[ 5 12],58,-1,79,-1,58
1,<environment.Job instance at 0x7f6339933410>,58,24,[ 4 12],59,-1,83,-1,59
1,<environment.Job instance at 0x7f6339933aa0>,60,26,[12  2],61,-1,87,-1,61
1,<environment.Job instance at 0x7f6339933280>,61,28,[ 2 14],62,-1,90,-1,62
1,<environment.Job instance at 0x7f6339933050>,62,24,[ 1 11],63,-1,87,-1,63
1,<environment.Job instance at 0x7f63399337d0>,63,17,[ 3 11],64,-1,81,-1,64
1,<environment.Job instance at 0x7f6339933460>,64,22,[8 1],65,-1,89,-1,67
1,<environment.Job instance at 0x7f6339933e10>,66,25,[14  1],67,-1,92,-1,67
1,<environment.Job instance at 0x7f63399330f0>,67,20,[11  1],68,-1,88,-1,68
1,<environment.Job instance at 0x7f633af96e10>,68,25,[ 2 14],69,-1,94,-1,69
1,<environment.Job instance at 0x7f633af96280>,69,17,[ 2 14],70,-1,87,-1,70
1,<environment.Job instance at 0x7f633af96320>,70,24,[10  2],71,-1,95,-1,71
1,<environment.Job instance at 0x7f633af96960>,72,14,[ 5 11],73,-1,87,-1,73
1,<environment.Job instance at 0x7f633af96b40>,73,15,[ 2 13],74,-1,89,-1,74
1,<environment.Job instance at 0x7f633af96c30>,75,17,[ 2 13],76,-1,93,-1,76
1,<environment.Job instance at 0x7f633af96140>,76,16,[14  4],77,-1,93,-1,77
1,<environment.Job instance at 0x7f633af96b90>,77,22,[ 4 14],78,-1,100,-1,78
1,<environment.Job instance at 0x7f633af96550>,78,23,[ 3 14],79,-1,102,-1,79
1,<environment.Job instance at 0x7f633af964b0>,79,15,[13  2],80,-1,95,-1,80
1,<environment.Job instance at 0x7f633af960f0>,80,16,[12  4],81,-1,97,-1,81
1,<environment.Job instance at 0x7f6339c47c80>,81,16,[11  2],82,-1,98,-1,82
1,<environment.Job instance at 0x7f633a431d20>,82,17,[ 3 11],83,-1,100,-1,83
1,<environment.Job instance at 0x7f633a76fa50>,83,23,[14  2],84,-1,107,-1,84
1,<environment.Job instance at 0x7f633a76fa00>,84,24,[5 9],85,-1,109,-1,85
1,<environment.Job instance at 0x7f633a76f0f0>,85,12,[12  5],86,-1,98,-1,86
1,<environment.Job instance at 0x7f633a76fe10>,86,28,[ 2 11],87,-1,115,-1,87
1,<environment.Job instance at 0x7f633a76faf0>,87,26,[9 1],88,-1,114,-1,88
1,<environment.Job instance at 0x7f633a76f730>,88,24,[14  5],89,-1,113,-1,89
1,<environment.Job instance at 0x7f633a76f870>,89,23,[14  3],90,-1,113,-1,90
1,<environment.Job instance at 0x7f633a76f690>,90,25,[ 1 12],91,-1,116,-1,91
1,<environment.Job instance at 0x7f633a76f3c0>,91,25,[12  4],92,-1,117,-1,92
1,<environment.Job instance at 0x7f633a76fdc0>,92,24,[ 3 11],93,-1,117,-1,93
1,<environment.Job instance at 0x7f633a76fd20>,93,25,[ 2 12],94,-1,119,-1,94
1,<environment.Job instance at 0x7f633a76f820>,94,22,[ 4 14],95,-1,117,-1,95
1,<environment.Job instance at 0x7f633a76f230>,95,22,[13  5],96,-1,118,-1,96
1,<environment.Job instance at 0x7f633a76f500>,96,26,[11  3],97,-1,123,-1,97
1,<environment.Job instance at 0x7f633a969c80>,97,19,[14  1],98,-1,117,-1,98
1,<environment.Job instance at 0x7f63398fad70>,98,19,[11  5],99,-1,118,-1,99
1,<environment.Job instance at 0x7f63398fa960>,99,23,[14  1],100,-1,123,-1,100
1,<environment.Job instance at 0x7f63398faaf0>,100,21,[11  2],101,-1,122,-1,101
1,<environment.Job instance at 0x7f63399275a0>,101,22,[ 3 13],102,-1,124,-1,102
1,<environment.Job instance at 0x7f63399270f0>,102,22,[14  5],103,-1,125,-1,103
1,<environment.Job instance at 0x7f6339927820>,103,26,[ 4 14],104,-1,130,-1,104
1,<environment.Job instance at 0x7f6343636960>,104,18,[ 3 14],105,-1,123,-1,105
1,<environment.Job instance at 0x7f633a956960>,105,22,[ 2 11],106,-1,128,-1,106
1,<environment.Job instance at 0x7f633aad9af0>,107,15,[ 1 12],108,-1,123,-1,108
1,<environment.Job instance at 0x7f633ab25c30>,108,22,[ 2 11],109,-1,131,-1,109
1,<environment.Job instance at 0x7f633a4316e0>,109,23,[ 5 11],110,-1,133,-1,110
1,<environment.Job instance at 0x7f6339cbdf00>,110,24,[11  1],111,-1,135,-1,111
1,<environment.Job instance at 0x7f6339bc1aa0>,111,23,[5 1],112,-1,135,-1,112
1,<environment.Job instance at 0x7f633ae94910>,113,13,[11  2],114,-1,127,-1,114
1,<environment.Job instance at 0x7f633a322280>,114,21,[ 2 13],115,-1,136,-1,115
1,<environment.Job instance at 0x7f6339ad3960>,115,26,[11  3],116,-1,142,-1,116
1,<environment.Job instance at 0x7f633a681690>,116,25,[11  3],117,-1,142,-1,117
1,<environment.Job instance at 0x7f6343bf0690>,118,21,[ 3 11],119,-1,140,-1,119
1,<environment.Job instance at 0x7f633a59bd20>,3,20,[11  3],4,-1,25,-1,5
1,<environment.Job instance at 0x7f633a59b960>,5,24,[ 1 12],6,-1,30,-1,6
1,<environment.Job instance at 0x7f633a59b2d0>,6,19,[ 1 13],7,-1,26,-1,7
1,<environment.Job instance at 0x7f633a59b3c0>,10,19,[ 2 11],11,-1,59,-1,40
1,<environment.Job instance at 0x7f633a59bfa0>,11,24,[4 5],12,-1,64,-1,40
1,<environment.Job instance at 0x7f6343cf6be0>,12,27,[ 1 13],13,-1,67,-1,40
1,<environment.Job instance at 0x7f6343cf6460>,13,12,[13  2],14,-1,52,-1,40
1,<environment.Job instance at 0x7f633a53d280>,16,23,[4 7],17,-1,69,-1,46
1,<environment.Job instance at 0x7f633a53d730>,17,12,[12  2],18,-1,58,-1,46
1,<environment.Job instance at 0x7f633a53dfa0>,18,21,[ 3 11],19,-1,67,-1,46
1,<environment.Job instance at 0x7f633a53da00>,19,22,[ 2 13],20,-1,68,-1,46
1,<environment.Job instance at 0x7f633a53df00>,20,28,[ 4 12],21,-1,74,-1,46
1,<environment.Job instance at 0x7f633ae234b0>,21,20,[ 3 12],22,-1,66,-1,46
1,<environment.Job instance at 0x7f633ae23aa0>,25,26,[ 3 12],26,-1,98,-1,72
1,<environment.Job instance at 0x7f633ae23280>,26,16,[ 3 14],27,-1,88,-1,72
1,<environment.Job instance at 0x7f633ae23140>,27,14,[ 3 13],28,-1,86,-1,72
1,<environment.Job instance at 0x7f633ae23910>,28,21,[ 4 14],29,-1,93,-1,72
1,<environment.Job instance at 0x7f633ae239b0>,29,24,[12  5],30,-1,96,-1,72
1,<environment.Job instance at 0x7f633ae23370>,30,23,[13  3],31,-1,95,-1,72
1,<environment.Job instance at 0x7f633ae23dc0>,31,13,[13  1],32,-1,85,-1,72
1,<environment.Job instance at 0x7f633ae230f0>,32,17,[12  2],33,-1,89,-1,72
1,<environment.Job instance at 0x7f633ae231e0>,33,24,[ 2 14],34,-1,96,-1,72
1,<environment.Job instance at 0x7f633ae23500>,34,25,[ 1 10],35,-1,97,-1,72
1,<environment.Job instance at 0x7f633ae23e10>,35,26,[ 5 11],36,-1,98,-1,72
1,<environment.Job instance at 0x7f633ae23eb0>,37,28,[ 2 12],38,-1,107,-1,79
1,<environment.Job instance at 0x7f633ae23c80>,38,28,[13  1],39,-1,107,-1,79
1,<environment.Job instance at 0x7f633ae23190>,39,21,[ 5 13],40,-1,100,-1,79
1,<environment.Job instance at 0x7f633ae23af0>,40,24,[13  5],41,-1,103,-1,79
1,<environment.Job instance at 0x7f633ae23870>,41,22,[ 1 14],42,-1,101,-1,79
1,<environment.Job instance at 0x7f6339abb1e0>,42,26,[ 5 13],43,-1,105,-1,79
1,<environment.Job instance at 0x7f6339abb460>,43,22,[ 2 13],44,-1,101,-1,79
1,<environment.Job instance at 0x7f6339abb960>,44,22,[ 4 14],45,-1,101,-1,79
1,<environment.Job instance at 0x7f6339abb5f0>,45,28,[12  3],46,-1,107,-1,79
1,<environment.Job instance at 0x7f6339abb500>,46,23,[6 1],47,-1,102,-1,79
1,<environment.Job instance at 0x7f6339abb3c0>,47,19,[ 5 14],48,-1,98,-1,79
1,<environment.Job instance at 0x7f6339abb140>,48,26,[ 4 12],49,-1,105,-1,79
1,<environment.Job instance at 0x7f6339abb370>,49,21,[14  3],50,-1,100,-1,79
1,<environment.Job instance at 0x7f6339abbeb0>,50,17,[11  1],51,-1,96,-1,79
1,<environment.Job instance at 0x7f6339abb9b0>,51,28,[12  4],52,-1,107,-1,79
1,<environment.Job instance at 0x7f6339abb690>,52,19,[11  4],53,-1,98,-1,79
1,<environment.Job instance at 0x7f6339abbfa0>,53,22,[14  4],54,-1,101,-1,79
1,<environment.Job instance at 0x7f6339abb2d0>,54,26,[12  2],55,-1,105,-1,79
1,<environment.Job instance at 0x7f6339abbc30>,55,26,[ 4 14],56,-1,105,-1,79
1,<environment.Job instance at 0x7f6339abbe60>,56,25,[13  5],57,-1,104,-1,79
1,<environment.Job instance at 0x7f6339abb640>,57,22,[11  2],58,-1,101,-1,79
1,<environment.Job instance at 0x7f6339abbb90>,58,25,[7 1],59,-1,104,-1,79
1,<environment.Job instance at 0x7f6339abbaa0>,59,12,[11  3],60,-1,91,-1,79
1,<environment.Job instance at 0x7f6339abb5a0>,60,16,[13  2],61,-1,95,-1,79
1,<environment.Job instance at 0x7f6339abb410>,61,16,[11  2],62,-1,95,-1,79
1,<environment.Job instance at 0x7f6339abb8c0>,62,26,[ 4 13],63,-1,105,-1,79
1,<environment.Job instance at 0x7f6339abbd70>,63,24,[14  3],64,-1,103,-1,79
1,<environment.Job instance at 0x7f633a917f50>,64,22,[11  4],65,-1,101,-1,79
1,<environment.Job instance at 0x7f633a917410>,66,20,[11  4],67,-1,116,-1,96
1,<environment.Job instance at 0x7f633a917b40>,69,24,[11  5],70,-1,133,-1,109
1,<environment.Job instance at 0x7f633a917be0>,70,26,[14  2],71,-1,135,-1,109
1,<environment.Job instance at 0x7f633a9175f0>,71,12,[13  4],72,-1,121,-1,109
1,<environment.Job instance at 0x7f633a917460>,72,21,[ 1 14],73,-1,130,-1,109
1,<environment.Job instance at 0x7f633a917050>,73,26,[ 1 14],74,-1,135,-1,109
1,<environment.Job instance at 0x7f633a9179b0>,74,28,[ 4 13],75,-1,137,-1,109
1,<environment.Job instance at 0x7f633a917d20>,75,27,[ 5 10],76,-1,136,-1,109
1,<environment.Job instance at 0x7f633a9171e0>,76,22,[ 1 11],77,-1,131,-1,109
1,<environment.Job instance at 0x7f633a9178c0>,77,21,[ 1 11],78,-1,130,-1,109
1,<environment.Job instance at 0x7f633a917dc0>,78,20,[ 5 13],79,-1,129,-1,109
1,<environment.Job instance at 0x7f633a917280>,79,27,[ 5 13],80,-1,136,-1,109
1,<environment.Job instance at 0x7f633a917500>,80,15,[ 3 13],81,-1,124,-1,109
1,<environment.Job instance at 0x7f633a9170f0>,81,18,[ 2 11],82,-1,127,-1,109
1,<environment.Job instance at 0x7f633a9177d0>,82,18,[ 2 12],83,-1,127,-1,109
1,<environment.Job instance at 0x7f633a917550>,83,22,[ 2 11],84,-1,131,-1,109
1,<environment.Job instance at 0x7f6339a75d70>,1,25,[ 5 10],2,-1,27,-1,2
1,<environment.Job instance at 0x7f633a917fa0>,2,20,[12  3],3,-1,23,-1,3
1,<environment.Job instance at 0x7f6339c6b7d0>,3,20,[ 4 11],4,-1,24,-1,4
1,<environment.Job instance at 0x7f6339c6b1e0>,4,19,[ 2 13],5,-1,24,-1,5
1,<environment.Job instance at 0x7f6339c6baf0>,5,15,[14  2],6,-1,21,-1,6
1,<environment.Job instance at 0x7f6343b40190>,6,27,[13  3],7,-1,34,-1,7
1,<environment.Job instance at 0x7f6343b40fa0>,7,17,[12  1],8,-1,25,-1,8
1,<environment.Job instance at 0x7f6343b40cd0>,8,21,[11  1],9,-1,30,-1,9
1,<environment.Job instance at 0x7f6343b40c30>,9,19,[ 2 11],10,-1,29,-1,10
1,<environment.Job instance at 0x7f6343b40320>,11,23,[14  3],12,-1,35,-1,12
1,<environment.Job instance at 0x7f6343b40140>,12,26,[8 2],13,-1,39,-1,13
1,<environment.Job instance at 0x7f6343b40640>,13,19,[13  4],14,-1,33,-1,14
1,<environment.Job instance at 0x7f6343b405f0>,14,24,[ 5 11],15,-1,39,-1,15
1,<environment.Job instance at 0x7f6343b406e0>,16,20,[12  2],17,-1,37,-1,17
1,<environment.Job instance at 0x7f633b034140>,18,28,[14  4],19,-1,47,-1,19
1,<environment.Job instance at 0x7f633b034780>,19,24,[ 3 13],20,-1,44,-1,20
1,<environment.Job instance at 0x7f633b034f00>,21,25,[11  5],22,-1,47,-1,22
1,<environment.Job instance at 0x7f633b034550>,23,19,[12  3],24,-1,43,-1,24
1,<environment.Job instance at 0x7f633b0342d0>,24,27,[ 1 13],25,-1,52,-1,25
1,<environment.Job instance at 0x7f633b0345f0>,25,27,[13  1],26,-1,53,-1,26
1,<environment.Job instance at 0x7f633b034e10>,26,24,[ 2 14],27,-1,51,-1,27
1,<environment.Job instance at 0x7f633b034910>,27,14,[ 5 12],28,-1,42,-1,28
1,<environment.Job instance at 0x7f633b0348c0>,28,19,[13  3],29,-1,48,-1,29
1,<environment.Job instance at 0x7f633b0344b0>,29,21,[ 2 13],30,-1,51,-1,30
1,<environment.Job instance at 0x7f633b034640>,30,19,[ 2 13],31,-1,50,-1,31
1,<environment.Job instance at 0x7f633b034b90>,31,24,[ 4 12],32,-1,56,-1,32
1,<environment.Job instance at 0x7f633a917780>,33,23,[ 4 11],34,-1,57,-1,34
1,<environment.Job instance at 0x7f633b034730>,34,26,[ 3 14],35,-1,61,-1,35
1,<environment.Job instance at 0x7f633b034a00>,35,21,[ 2 12],36,-1,57,-1,36
1,<environment.Job instance at 0x7f633b0346e0>,36,20,[12  5],37,-1,57,-1,37
1,<environment.Job instance at 0x7f633a7a65a0>,37,24,[4 6],38,-1,62,-1,38
1,<environment.Job instance at 0x7f633a7a6320>,38,23,[13  5],39,-1,62,-1,39
1,<environment.Job instance at 0x7f633a7a6e60>,39,28,[14  2],40,-1,68,-1,40
1,<environment.Job instance at 0x7f633a7a6730>,40,22,[11  4],41,-1,63,-1,41
1,<environment.Job instance at 0x7f633a7a6d20>,42,24,[ 4 10],43,-1,67,-1,43
1,<environment.Job instance at 0x7f633a7a6d70>,43,22,[14  1],44,-1,66,-1,44
1,<environment.Job instance at 0x7f633a7a63c0>,44,22,[13  1],45,-1,67,-1,45
1,<environment.Job instance at 0x7f633a7a6280>,45,24,[ 5 13],46,-1,70,-1,46
1,<environment.Job instance at 0x7f633a7a6190>,46,22,[ 2 12],47,-1,69,-1,47
1,<environment.Job instance at 0x7f633a7a6cd0>,47,22,[ 4 14],48,-1,70,-1,48
1,<environment.Job instance at 0x7f633a7a6500>,48,18,[ 1 12],49,-1,67,-1,49
1,<environment.Job instance at 0x7f633b034190>,50,25,[10  5],51,-1,76,-1,51
1,<environment.Job instance at 0x7f633a7a6a50>,51,20,[ 1 14],52,-1,72,-1,52
1,<environment.Job instance at 0x7f633a96eeb0>,52,21,[12  2],53,-1,74,-1,53
1,<environment.Job instance at 0x7f633a96e960>,53,27,[ 1 14],54,-1,81,-1,54
1,<environment.Job instance at 0x7f633a96edc0>,54,21,[ 3 11],55,-1,76,-1,55
1,<environment.Job instance at 0x7f633a96ec80>,55,22,[14  1],56,-1,78,-1,56
1,<environment.Job instance at 0x7f633a96e500>,56,20,[ 4 13],57,-1,77,-1,57
1,<environment.Job instance at 0x7f633a96ed20>,57,28,[9 2],58,-1,86,-1,58
1,<environment.Job instance at 0x7f633a96e370>,59,15,[ 5 12],60,-1,75,-1,60
1,<environment.Job instance at 0x7f633a7a65f0>,61,26,[13  4],62,-1,88,-1,62
1,<environment.Job instance at 0x7f633a96e5a0>,62,22,[13  3],63,-1,85,-1,63
1,<environment.Job instance at 0x7f633a96e550>,60,22,[11  4],61,-1,85,-1,63
1,<environment.Job instance at 0x7f633a96eaf0>,63,24,[ 5 11],64,-1,88,-1,64
1,<environment.Job instance at 0x7f633a96e0f0>,64,22,[ 4 11],65,-1,87,-1,65
1,<environment.Job instance at 0x7f633a96e820>,65,25,[ 5 14],66,-1,91,-1,66
1,<environment.Job instance at 0x7f633a96ecd0>,66,24,[ 5 11],67,-1,91,-1,67
1,<environment.Job instance at 0x7f633a96ee10>,67,20,[13  1],68,-1,88,-1,68
1,<environment.Job instance at 0x7f633a96e320>,68,23,[ 2 14],69,-1,92,-1,69
1,<environment.Job instance at 0x7f633a73b9b0>,69,27,[9 4],70,-1,97,-1,70
1,<environment.Job instance at 0x7f633a73bf00>,70,23,[ 3 11],71,-1,94,-1,71
1,<environment.Job instance at 0x7f633a73b5a0>,71,12,[12  5],72,-1,84,-1,72
1,<environment.Job instance at 0x7f633a73bc30>,72,23,[14  4],73,-1,96,-1,73
1,<environment.Job instance at 0x7f633a73b550>,74,21,[13  5],75,-1,96,-1,75
1,<environment.Job instance at 0x7f633a73be10>,75,27,[11  5],76,-1,103,-1,76
1,<environment.Job instance at 0x7f633a73bd70>,76,20,[ 1 11],77,-1,97,-1,77
1,<environment.Job instance at 0x7f633a73b370>,77,20,[13  1],78,-1,98,-1,78
1,<environment.Job instance at 0x7f633a73b820>,78,22,[11  5],79,-1,101,-1,79
1,<environment.Job instance at 0x7f633a73b280>,79,19,[ 3 12],80,-1,99,-1,80
1,<environment.Job instance at 0x7f633a73bb40>,80,19,[13  3],81,-1,100,-1,81
1,<environment.Job instance at 0x7f633a73baf0>,81,21,[ 3 14],82,-1,103,-1,82
1,<environment.Job instance at 0x7f633a73b500>,82,16,[ 2 12],83,-1,99,-1,83
1,<environment.Job instance at 0x7f633a73b960>,83,23,[ 3 13],84,-1,107,-1,84
1,<environment.Job instance at 0x7f633a576f50>,85,25,[ 1 14],86,-1,111,-1,86
1,<environment.Job instance at 0x7f633a576500>,86,21,[ 1 11],87,-1,108,-1,87
1,<environment.Job instance at 0x7f633a5765a0>,87,17,[ 2 14],88,-1,105,-1,88
1,<environment.Job instance at 0x7f633a576230>,88,25,[2 8],89,-1,114,-1,89
1,<environment.Job instance at 0x7f633a576960>,89,19,[12  3],90,-1,109,-1,90
1,<environment.Job instance at 0x7f633a576be0>,90,13,[11  1],91,-1,104,-1,91
1,<environment.Job instance at 0x7f633a576a50>,91,23,[13  2],92,-1,115,-1,92
1,<environment.Job instance at 0x7f633a576d70>,92,13,[11  5],93,-1,106,-1,93
1,<environment.Job instance at 0x7f633a576fa0>,93,19,[ 3 11],94,-1,113,-1,94
1,<environment.Job instance at 0x7f633a576410>,94,28,[11  3],95,-1,123,-1,95
1,<environment.Job instance at 0x7f633a5768c0>,96,27,[14  3],97,-1,124,-1,97
1,<environment.Job instance at 0x7f633a576550>,98,25,[ 1 13],99,-1,124,-1,99
1,<environment.Job instance at 0x7f633a5766e0>,99,22,[14  2],100,-1,122,-1,100
1,<environment.Job instance at 0x7f633a576370>,100,24,[13  4],101,-1,125,-1,101
1,<environment.Job instance at 0x7f633a576c80>,101,24,[ 5 11],102,-1,126,-1,102
1,<environment.Job instance at 0x7f633a576d20>,102,20,[ 5 11],103,-1,123,-1,103
1,<environment.Job instance at 0x7f633a576a00>,104,25,[12  4],105,-1,130,-1,105
1,<environment.Job instance at 0x7f633a576910>,103,21,[13  4],104,-1,126,-1,105
1,<environment.Job instance at 0x7f633a576eb0>,106,12,[13  4],107,-1,119,-1,107
1,<environment.Job instance at 0x7f633affa050>,107,21,[ 4 12],108,-1,129,-1,108
1,<environment.Job instance at 0x7f633affa0a0>,108,13,[ 2 12],109,-1,122,-1,109
1,<environment.Job instance at 0x7f633affa410>,109,25,[3 8],110,-1,135,-1,110
1,<environment.Job instance at 0x7f633affaf00>,110,21,[12  5],111,-1,132,-1,111
1,<environment.Job instance at 0x7f633affac80>,111,21,[ 5 11],112,-1,133,-1,112
1,<environment.Job instance at 0x7f633affadc0>,112,21,[ 1 11],113,-1,134,-1,113
1,<environment.Job instance at 0x7f633affa730>,113,21,[12  4],114,-1,135,-1,114
1,<environment.Job instance at 0x7f633affa2d0>,114,21,[13  3],115,-1,136,-1,115
1,<environment.Job instance at 0x7f633affae60>,115,27,[3 5],116,-1,143,-1,116
1,<environment.Job instance at 0x7f633affa8c0>,116,25,[5 9],117,-1,142,-1,117
1,<environment.Job instance at 0x7f633affa960>,117,27,[ 1 14],118,-1,145,-1,118
1,<environment.Job instance at 0x7f633affaf50>,118,24,[9 3],119,-1,143,-1,119
1,<environment.Job instance at 0x7f6339b7e140>,2,18,[ 5 14],3,-1,21,-1,3
1,<environment.Job instance at 0x7f6339b7e280>,4,27,[13  3],5,-1,32,-1,5
1,<environment.Job instance at 0x7f6339b7ee10>,6,25,[ 5 12],7,-1,32,-1,7
1,<environment.Job instance at 0x7f6339b7e320>,7,27,[ 5 14],8,-1,35,-1,8
1,<environment.Job instance at 0x7f6339b7e370>,5,22,[1 7],6,-1,32,-1,10
1,<environment.Job instance at 0x7f6339fec730>,10,26,[ 1 12],11,-1,37,-1,11
1,<environment.Job instance at 0x7f6339fecd20>,11,28,[ 3 14],12,-1,40,-1,12
1,<environment.Job instance at 0x7f6339fec1e0>,12,26,[13  5],13,-1,39,-1,13
1,<environment.Job instance at 0x7f6339fec500>,13,13,[ 4 11],14,-1,27,-1,14
1,<environment.Job instance at 0x7f6339fecf50>,14,18,[14  3],15,-1,33,-1,15
1,<environment.Job instance at 0x7f6339fec230>,15,28,[14  5],16,-1,44,-1,16
1,<environment.Job instance at 0x7f6339fecb90>,16,27,[ 5 11],17,-1,44,-1,17
1,<environment.Job instance at 0x7f6339fece60>,17,23,[ 4 12],18,-1,41,-1,18
1,<environment.Job instance at 0x7f6339fec4b0>,18,27,[ 2 12],19,-1,46,-1,19
1,<environment.Job instance at 0x7f6339fecfa0>,19,26,[ 3 14],20,-1,46,-1,20
1,<environment.Job instance at 0x7f6339fecbe0>,20,28,[ 1 13],21,-1,49,-1,21
1,<environment.Job instance at 0x7f6339fecc80>,21,19,[14  3],22,-1,41,-1,22
1,<environment.Job instance at 0x7f6339fec550>,22,27,[1 7],23,-1,50,-1,23
1,<environment.Job instance at 0x7f6339fec2d0>,23,24,[ 1 14],24,-1,48,-1,24
1,<environment.Job instance at 0x7f6339fec690>,25,21,[ 3 13],26,-1,47,-1,26
1,<environment.Job instance at 0x7f6339fecb40>,26,28,[9 5],27,-1,55,-1,27
1,<environment.Job instance at 0x7f6339fec5a0>,27,20,[13  1],28,-1,48,-1,28
1,<environment.Job instance at 0x7f6339fec460>,28,19,[ 2 13],29,-1,48,-1,29
1,<environment.Job instance at 0x7f6339fecaf0>,29,28,[11  3],30,-1,58,-1,30
1,<environment.Job instance at 0x7f6339feca50>,30,23,[11  2],31,-1,54,-1,31
1,<environment.Job instance at 0x7f6339fec8c0>,31,22,[12  2],32,-1,54,-1,32
1,<environment.Job instance at 0x7f6339fec0f0>,32,24,[ 5 12],33,-1,57,-1,33
1,<environment.Job instance at 0x7f6339feca00>,33,28,[ 5 10],34,-1,62,-1,34
1,<environment.Job instance at 0x7f633ac28960>,34,21,[ 4 13],35,-1,56,-1,35
1,<environment.Job instance at 0x7f633ac28cd0>,36,28,[ 4 14],37,-1,65,-1,37
1,<environment.Job instance at 0x7f633ac28d70>,39,27,[14  2],40,-1,76,-1,49
1,<environment.Job instance at 0x7f633ac28eb0>,40,28,[12  4],41,-1,77,-1,49
1,<environment.Job instance at 0x7f633ac28500>,41,13,[ 4 14],42,-1,62,-1,49
1,<environment.Job instance at 0x7f633ac282d0>,42,16,[ 5 13],43,-1,65,-1,49
1,<environment.Job instance at 0x7f633ac28f50>,43,24,[14  4],44,-1,73,-1,49
1,<environment.Job instance at 0x7f633ac28820>,44,25,[ 4 13],45,-1,74,-1,49
1,<environment.Job instance at 0x7f633ac28e60>,45,20,[13  1],46,-1,69,-1,49
1,<environment.Job instance at 0x7f633ac283c0>,46,27,[10  4],47,-1,76,-1,49
1,<environment.Job instance at 0x7f633ac28370>,47,13,[6 2],48,-1,65,-1,52
1,<environment.Job instance at 0x7f633ac28910>,48,21,[2 5],49,-1,73,-1,52
1,<environment.Job instance at 0x7f633ac28af0>,49,24,[ 4 10],50,-1,76,-1,52
1,<environment.Job instance at 0x7f633ac28e10>,50,26,[ 4 13],51,-1,78,-1,52
1,<environment.Job instance at 0x7f633a09e230>,51,25,[12  3],52,-1,77,-1,52
1,<environment.Job instance at 0x7f633a09e3c0>,52,23,[7 4],53,-1,76,-1,53
1,<environment.Job instance at 0x7f633a09e9b0>,53,23,[ 5 13],54,-1,77,-1,54
1,<environment.Job instance at 0x7f633a09ee60>,54,12,[12  2],55,-1,67,-1,55
1,<environment.Job instance at 0x7f633a09ec80>,55,16,[11  5],56,-1,72,-1,56
1,<environment.Job instance at 0x7f633a09efa0>,56,19,[ 3 12],57,-1,76,-1,57
1,<environment.Job instance at 0x7f633a09eb90>,57,20,[ 3 12],58,-1,78,-1,58
1,<environment.Job instance at 0x7f633a09e820>,58,25,[11  1],59,-1,84,-1,59
1,<environment.Job instance at 0x7f633a09ea50>,59,26,[ 3 14],60,-1,86,-1,60
1,<environment.Job instance at 0x7f633a09e2d0>,60,26,[14  1],61,-1,87,-1,61
1,<environment.Job instance at 0x7f633a09e690>,61,19,[14  5],62,-1,81,-1,62
1,<environment.Job instance at 0x7f633a09eeb0>,62,26,[5 9],63,-1,89,-1,63
1,<environment.Job instance at 0x7f633974d320>,64,26,[ 2 12],65,-1,91,-1,65
1,<environment.Job instance at 0x7f633974d280>,65,14,[ 3 14],66,-1,80,-1,66
1,<environment.Job instance at 0x7f633974d9b0>,66,22,[11  2],67,-1,89,-1,67
1,<environment.Job instance at 0x7f633974d410>,67,28,[6 5],68,-1,96,-1,68
1,<environment.Job instance at 0x7f633974deb0>,68,16,[14  5],69,-1,85,-1,69
1,<environment.Job instance at 0x7f633974d690>,69,24,[14  1],70,-1,94,-1,70
1,<environment.Job instance at 0x7f633974da50>,70,23,[ 5 12],71,-1,94,-1,71
1,<environment.Job instance at 0x7f633aea7500>,72,27,[11  1],73,-1,100,-1,73
1,<environment.Job instance at 0x7f633aea7550>,73,24,[ 5 14],74,-1,98,-1,74
1,<environment.Job instance at 0x7f633974dfa0>,75,15,[12  1],76,-1,97,-1,82
1,<environment.Job instance at 0x7f633aea7fa0>,76,23,[13  4],77,-1,105,-1,82
1,<environment.Job instance at 0x7f633aea7cd0>,77,14,[11  2],78,-1,96,-1,82
1,<environment.Job instance at 0x7f633aea7d70>,78,23,[ 5 12],79,-1,105,-1,82
1,<environment.Job instance at 0x7f633aea72d0>,79,27,[13  3],80,-1,109,-1,82
1,<environment.Job instance at 0x7f63398d1aa0>,80,25,[5 4],81,-1,107,-1,82
1,<environment.Job instance at 0x7f63398d10f0>,81,20,[2 5],82,-1,102,-1,82
1,<environment.Job instance at 0x7f63398d1550>,82,24,[ 4 13],83,-1,107,-1,83
1,<environment.Job instance at 0x7f63398d1c80>,83,22,[ 1 13],84,-1,106,-1,84
1,<environment.Job instance at 0x7f63398d1460>,84,20,[2 8],85,-1,113,-1,93
1,<environment.Job instance at 0x7f63398d1b90>,85,16,[ 1 13],86,-1,109,-1,93
1,<environment.Job instance at 0x7f63398d1eb0>,86,27,[13  5],87,-1,120,-1,93
1,<environment.Job instance at 0x7f63398d1e10>,87,26,[1 8],88,-1,119,-1,93
1,<environment.Job instance at 0x7f63398d1690>,88,24,[5 3],89,-1,117,-1,93
1,<environment.Job instance at 0x7f63398d1780>,89,20,[13  3],90,-1,113,-1,93
1,<environment.Job instance at 0x7f63398d1320>,90,13,[11  1],91,-1,106,-1,93
1,<environment.Job instance at 0x7f63398d10a0>,91,23,[12  2],92,-1,116,-1,93
1,<environment.Job instance at 0x7f63398d1af0>,92,27,[12  1],93,-1,120,-1,93
1,<environment.Job instance at 0x7f6339fe0dc0>,93,27,[ 3 13],94,-1,121,-1,94
1,<environment.Job instance at 0x7f633a23d730>,94,21,[12  1],95,-1,116,-1,95
1,<environment.Job instance at 0x7f633a23dc30>,95,26,[14  3],96,-1,122,-1,96
1,<environment.Job instance at 0x7f633a23d2d0>,96,18,[12  4],97,-1,115,-1,97
1,<environment.Job instance at 0x7f6339fdc320>,97,25,[14  3],98,-1,123,-1,98
1,<environment.Job instance at 0x7f6339fdcb90>,98,27,[8 1],99,-1,126,-1,99
1,<environment.Job instance at 0x7f633ae67280>,99,27,[13  5],100,-1,127,-1,100
1,<environment.Job instance at 0x7f633a545730>,100,20,[ 3 12],101,-1,121,-1,101
1,<environment.Job instance at 0x7f633a545230>,101,28,[ 1 14],102,-1,130,-1,102
1,<environment.Job instance at 0x7f633a545140>,102,23,[13  1],103,-1,126,-1,103
1,<environment.Job instance at 0x7f633a545960>,103,21,[ 2 10],104,-1,126,-1,105
1,<environment.Job instance at 0x7f635f35f8c0>,104,20,[ 5 14],105,-1,125,-1,105
1,<environment.Job instance at 0x7f633a5451e0>,105,17,[ 4 12],106,-1,123,-1,106
1,<environment.Job instance at 0x7f633a3c4280>,106,27,[13  3],107,-1,134,-1,107
1,<environment.Job instance at 0x7f633acc18c0>,107,28,[ 5 12],108,-1,136,-1,108
1,<environment.Job instance at 0x7f6339b02320>,109,23,[ 4 12],110,-1,133,-1,110
1,<environment.Job instance at 0x7f633a9daf00>,110,20,[ 1 12],111,-1,131,-1,111
1,<environment.Job instance at 0x7f633a237dc0>,111,26,[ 4 11],112,-1,138,-1,112
1,<environment.Job instance at 0x7f633ab674b0>,112,24,[12  3],113,-1,137,-1,113
1,<environment.Job instance at 0x7f633a111d20>,113,27,[11  2],114,-1,141,-1,114
1,<environment.Job instance at 0x7f633ae77910>,114,17,[13  5],115,-1,132,-1,115
1,<environment.Job instance at 0x7f633ae77870>,116,26,[5 8],117,-1,143,-1,117
1,<environment.Job instance at 0x7f633abadeb0>,117,27,[ 5 11],118,-1,145,-1,118
1,<environment.Job instance at 0x7f633a17c7d0>,118,27,[ 4 12],119,-1,146,-1,119
1,<environment.Job instance at 0x7f63436d4b90>,1,26,[11  3],2,-1,28,-1,2
1,<environment.Job instance at 0x7f633a17c960>,2,27,[12  1],3,-1,30,-1,3
1,<environment.Job instance at 0x7f633a17c7d0>,4,13,[11  3],5,-1,18,-1,5
1,<environment.Job instance at 0x7f63436d4550>,5,20,[14  5],6,-1,26,-1,6
1,<environment.Job instance at 0x7f63436d4640>,6,24,[ 1 13],7,-1,31,-1,7
1,<environment.Job instance at 0x7f63436d4320>,7,20,[12  2],8,-1,28,-1,8
1,<environment.Job instance at 0x7f63436d46e0>,8,26,[12  5],9,-1,35,-1,9
1,<environment.Job instance at 0x7f63436d45a0>,9,27,[ 5 13],10,-1,37,-1,10
1,<environment.Job instance at 0x7f63436d4b40>,10,28,[13  2],11,-1,39,-1,11
1,<environment.Job instance at 0x7f633a81aa50>,11,14,[ 2 13],12,-1,26,-1,12
1,<environment.Job instance at 0x7f633a81a640>,12,28,[ 5 14],13,-1,41,-1,13
1,<environment.Job instance at 0x7f63436d4050>,14,13,[ 2 14],15,-1,28,-1,15
1,<environment.Job instance at 0x7f633a81a460>,15,24,[ 3 14],16,-1,40,-1,16
1,<environment.Job instance at 0x7f633a81ae10>,13,22,[14  3],14,-1,38,-1,16
1,<environment.Job instance at 0x7f633a81abe0>,16,20,[13  3],17,-1,37,-1,17
1,<environment.Job instance at 0x7f633a81a730>,18,28,[ 2 14],19,-1,47,-1,19
1,<environment.Job instance at 0x7f633a81a0a0>,19,19,[13  2],20,-1,39,-1,20
1,<environment.Job instance at 0x7f633a81a2d0>,21,15,[ 2 11],22,-1,37,-1,22
1,<environment.Job instance at 0x7f633a81ad70>,24,23,[13  2],25,-1,48,-1,25
1,<environment.Job instance at 0x7f633a81a7d0>,25,24,[11  1],26,-1,50,-1,26
1,<environment.Job instance at 0x7f633a81aaa0>,26,14,[ 3 13],27,-1,41,-1,27
1,<environment.Job instance at 0x7f633a81a140>,27,22,[ 3 11],28,-1,50,-1,28
1,<environment.Job instance at 0x7f633ae85cd0>,29,28,[14  1],30,-1,58,-1,30
1,<environment.Job instance at 0x7f633ae85b40>,30,19,[14  5],31,-1,50,-1,31
1,<environment.Job instance at 0x7f633ae854b0>,31,27,[ 1 12],32,-1,59,-1,32
1,<environment.Job instance at 0x7f633ae85960>,32,23,[ 5 11],33,-1,56,-1,33
1,<environment.Job instance at 0x7f633ae85af0>,33,16,[12  1],34,-1,50,-1,34
1,<environment.Job instance at 0x7f633ae85be0>,34,26,[14  2],35,-1,61,-1,35
1,<environment.Job instance at 0x7f633ae856e0>,35,14,[13  2],36,-1,50,-1,36
1,<environment.Job instance at 0x7f633ae85820>,37,27,[12  1],38,-1,65,-1,38
1,<environment.Job instance at 0x7f633ae852d0>,38,24,[12  1],39,-1,63,-1,39
1,<environment.Job instance at 0x7f633ae851e0>,39,23,[ 5 12],40,-1,63,-1,40
1,<environment.Job instance at 0x7f633ae855a0>,41,22,[14  4],42,-1,64,-1,42
1,<environment.Job instance at 0x7f633ae85f50>,43,19,[14  2],44,-1,63,-1,44
1,<environment.Job instance at 0x7f633ae80730>,44,26,[ 3 10],45,-1,71,-1,45
1,<environment.Job instance at 0x7f633ae80640>,45,28,[12  3],46,-1,74,-1,46
1,<environment.Job instance at 0x7f633ae80e60>,46,19,[ 2 11],47,-1,66,-1,47
1,<environment.Job instance at 0x7f633ae80f00>,47,26,[14  5],48,-1,74,-1,48
1,<environment.Job instance at 0x7f633ae80fa0>,48,23,[10  4],49,-1,72,-1,49
1,<environment.Job instance at 0x7f633ae805f0>,49,24,[7 5],50,-1,74,-1,50
1,<environment.Job instance at 0x7f633ae804b0>,52,28,[ 1 11],53,-1,84,-1,56
1,<environment.Job instance at 0x7f633ae80320>,53,24,[ 3 13],54,-1,80,-1,56
1,<environment.Job instance at 0x7f633ae80370>,54,15,[13  3],55,-1,71,-1,56
1,<environment.Job instance at 0x7f633ae80140>,55,24,[14  5],56,-1,80,-1,56
1,<environment.Job instance at 0x7f633ae80550>,56,25,[14  3],57,-1,82,-1,57
1,<environment.Job instance at 0x7f633ae80d20>,57,15,[ 5 13],58,-1,73,-1,58
1,<environment.Job instance at 0x7f633ae5b8c0>,58,27,[5 5],59,-1,86,-1,59
1,<environment.Job instance at 0x7f633ae5b320>,59,20,[ 5 13],60,-1,80,-1,60
1,<environment.Job instance at 0x7f633ae5beb0>,60,23,[14  5],61,-1,84,-1,61
1,<environment.Job instance at 0x7f633ae5b280>,61,25,[12  3],62,-1,87,-1,62
1,<environment.Job instance at 0x7f633ae5b910>,62,28,[11  2],63,-1,91,-1,63
1,<environment.Job instance at 0x7f633ae5bf50>,63,23,[12  3],64,-1,87,-1,64
1,<environment.Job instance at 0x7f633ae5b5a0>,64,25,[ 3 13],65,-1,90,-1,65
1,<environment.Job instance at 0x7f633ae5b500>,65,24,[ 3 14],66,-1,90,-1,66
1,<environment.Job instance at 0x7f633ae5b870>,66,20,[11  4],67,-1,87,-1,67
1,<environment.Job instance at 0x7f633ae5b7d0>,67,20,[11  2],68,-1,88,-1,68
1,<environment.Job instance at 0x7f633ae5b550>,68,20,[ 1 13],69,-1,89,-1,69
1,<environment.Job instance at 0x7f633ae5bf00>,69,25,[10  3],70,-1,95,-1,70
1,<environment.Job instance at 0x7f633ae5b640>,71,13,[12  1],72,-1,85,-1,72
1,<environment.Job instance at 0x7f633ae5b4b0>,72,20,[12  4],73,-1,93,-1,73
1,<environment.Job instance at 0x7f633ae5bdc0>,73,26,[ 5 10],74,-1,100,-1,74
1,<environment.Job instance at 0x7f633ae747d0>,74,27,[ 2 13],75,-1,102,-1,75
1,<environment.Job instance at 0x7f633ae746e0>,75,20,[ 2 14],76,-1,96,-1,76
1,<environment.Job instance at 0x7f633ae745f0>,76,20,[ 3 11],77,-1,97,-1,77
1,<environment.Job instance at 0x7f633ae745a0>,77,20,[ 4 11],78,-1,98,-1,78
1,<environment.Job instance at 0x7f633ae74690>,78,26,[ 2 11],79,-1,105,-1,79
1,<environment.Job instance at 0x7f633ae74d20>,79,20,[14  4],80,-1,100,-1,80
1,<environment.Job instance at 0x7f633ae74500>,80,16,[ 4 12],81,-1,97,-1,81
1,<environment.Job instance at 0x7f633ae74cd0>,82,26,[ 1 12],83,-1,109,-1,83
1,<environment.Job instance at 0x7f633ae74c80>,83,24,[13  3],84,-1,108,-1,84
1,<environment.Job instance at 0x7f633ae74c30>,84,12,[12  2],85,-1,97,-1,85
1,<environment.Job instance at 0x7f633ae74aa0>,85,28,[ 5 11],86,-1,114,-1,86
1,<environment.Job instance at 0x7f633ae749b0>,86,16,[14  4],87,-1,103,-1,87
1,<environment.Job instance at 0x7f633ae74e10>,87,21,[11  5],88,-1,109,-1,88
1,<environment.Job instance at 0x7f633ae74960>,88,20,[ 2 14],89,-1,109,-1,89
1,<environment.Job instance at 0x7f633ae67140>,89,22,[13  5],90,-1,112,-1,90
1,<environment.Job instance at 0x7f633ae67b40>,90,22,[ 2 12],91,-1,113,-1,91
1,<environment.Job instance at 0x7f633ae678c0>,91,20,[10  1],92,-1,113,-1,93
1,<environment.Job instance at 0x7f633ae67eb0>,93,22,[ 2 14],94,-1,116,-1,94
1,<environment.Job instance at 0x7f633ae67b90>,94,19,[4 7],95,-1,122,-1,103
1,<environment.Job instance at 0x7f633ae67320>,96,27,[14  2],97,-1,130,-1,103
1,<environment.Job instance at 0x7f633ae67050>,97,28,[14  4],98,-1,131,-1,103
1,<environment.Job instance at 0x7f633ae67d70>,98,23,[11  4],99,-1,126,-1,103
1,<environment.Job instance at 0x7f633ae67c80>,100,20,[ 3 14],101,-1,124,-1,104
1,<environment.Job instance at 0x7f633ae67dc0>,101,13,[1 6],102,-1,117,-1,104
1,<environment.Job instance at 0x7f63398fd640>,1,24,[12  2],2,-1,26,-1,2
1,<environment.Job instance at 0x7f633ae67e10>,2,24,[ 4 13],3,-1,27,-1,3
1,<environment.Job instance at 0x7f6339abba00>,3,23,[ 2 12],4,-1,27,-1,4
1,<environment.Job instance at 0x7f6339abbd20>,4,12,[ 1 13],5,-1,17,-1,5
1,<environment.Job instance at 0x7f6339abb370>,5,26,[12  5],6,-1,32,-1,6
1,<environment.Job instance at 0x7f6339abbf50>,6,25,[14  3],7,-1,32,-1,7
1,<environment.Job instance at 0x7f6339abb9b0>,8,24,[7 2],9,-1,33,-1,9
1,<environment.Job instance at 0x7f6339abb780>,9,18,[ 1 14],10,-1,28,-1,10
1,<environment.Job instance at 0x7f633ae67370>,11,24,[13  4],12,-1,36,-1,12
1,<environment.Job instance at 0x7f6339abb320>,12,26,[ 1 13],13,-1,39,-1,13
1,<environment.Job instance at 0x7f6339abbb90>,13,28,[12  5],14,-1,42,-1,14
1,<environment.Job instance at 0x7f6339abb7d0>,14,20,[11  1],15,-1,35,-1,15
1,<environment.Job instance at 0x7f633a99b640>,16,17,[ 2 13],17,-1,34,-1,17
1,<environment.Job instance at 0x7f633a99bf00>,17,24,[13  1],18,-1,42,-1,18
1,<environment.Job instance at 0x7f6339abbfa0>,15,14,[13  1],16,-1,32,-1,18
1,<environment.Job instance at 0x7f633a99b410>,19,21,[11  2],20,-1,41,-1,20
1,<environment.Job instance at 0x7f633a99b3c0>,20,25,[ 4 11],21,-1,46,-1,21
1,<environment.Job instance at 0x7f633a99b2d0>,21,25,[ 1 12],22,-1,47,-1,22
1,<environment.Job instance at 0x7f633a99ba00>,22,24,[ 2 14],23,-1,47,-1,23
1,<environment.Job instance at 0x7f633a99b6e0>,18,19,[13  2],19,-1,42,-1,23
1,<environment.Job instance at 0x7f633a99b140>,23,21,[ 2 13],24,-1,45,-1,24
1,<environment.Job instance at 0x7f633a99be10>,24,25,[14  5],25,-1,50,-1,25
1,<environment.Job instance at 0x7f633a99b0f0>,26,22,[3 8],27,-1,92,-1,70
1,<environment.Job instance at 0x7f633a99b190>,33,24,[ 4 13],34,-1,94,-1,70
1,<environment.Job instance at 0x7f633a99bc30>,34,24,[6 4],35,-1,94,-1,70
1,<environment.Job instance at 0x7f633a99baf0>,35,15,[11  3],36,-1,85,-1,70
1,<environment.Job instance at 0x7f633af0d7d0>,36,19,[12  1],37,-1,89,-1,70
1,<environment.Job instance at 0x7f633af0d410>,37,16,[14  3],38,-1,86,-1,70
1,<environment.Job instance at 0x7f633af0d5a0>,38,27,[ 5 12],39,-1,97,-1,70
1,<environment.Job instance at 0x7f633af0d370>,39,27,[ 3 14],40,-1,97,-1,70
1,<environment.Job instance at 0x7f633af0da00>,40,28,[ 3 13],41,-1,98,-1,70
1,<environment.Job instance at 0x7f633af0db40>,41,28,[11  1],42,-1,98,-1,70
1,<environment.Job instance at 0x7f633af0d780>,42,25,[ 4 11],43,-1,95,-1,70
1,<environment.Job instance at 0x7f633af0d0a0>,43,22,[11  4],44,-1,92,-1,70
1,<environment.Job instance at 0x7f633af0db90>,45,25,[12  3],46,-1,121,-1,96
1,<environment.Job instance at 0x7f633af0d870>,46,22,[ 4 11],47,-1,118,-1,96
1,<environment.Job instance at 0x7f633af0d550>,47,13,[ 1 14],48,-1,109,-1,96
1,<environment.Job instance at 0x7f633af0dc80>,48,25,[1 8],49,-1,121,-1,96
1,<environment.Job instance at 0x7f633af0d9b0>,49,17,[ 3 13],50,-1,113,-1,96
1,<environment.Job instance at 0x7f633af0da50>,50,15,[8 2],51,-1,111,-1,96
1,<environment.Job instance at 0x7f633af0de60>,51,20,[ 4 11],52,-1,116,-1,96
1,<environment.Job instance at 0x7f633af0df00>,52,19,[ 1 13],53,-1,115,-1,96
1,<environment.Job instance at 0x7f633af0d280>,53,27,[4 8],54,-1,123,-1,96
1,<environment.Job instance at 0x7f633af0daa0>,54,19,[ 3 11],55,-1,115,-1,96
1,<environment.Job instance at 0x7f633af0d8c0>,55,27,[14  3],56,-1,123,-1,96
1,<environment.Job instance at 0x7f633af0d730>,56,24,[11  3],57,-1,120,-1,96
1,<environment.Job instance at 0x7f633af0d690>,58,26,[ 3 11],59,-1,123,-1,97
1,<environment.Job instance at 0x7f633af0d140>,59,19,[13  1],60,-1,116,-1,97
1,<environment.Job instance at 0x7f633a74ccd0>,60,27,[12  4],61,-1,124,-1,97
1,<environment.Job instance at 0x7f633a74cdc0>,61,15,[5 2],62,-1,112,-1,97
1,<environment.Job instance at 0x7f633a74c190>,62,24,[14  2],63,-1,121,-1,97
1,<environment.Job instance at 0x7f633a74cf00>,63,22,[ 2 14],64,-1,119,-1,97
1,<environment.Job instance at 0x7f633a74c460>,64,14,[ 4 12],65,-1,111,-1,97
1,<environment.Job instance at 0x7f633a74c870>,65,26,[1 6],66,-1,123,-1,97
1,<environment.Job instance at 0x7f633a74c230>,67,22,[ 3 14],68,-1,124,-1,102
1,<environment.Job instance at 0x7f633a74ca00>,68,26,[ 5 11],69,-1,128,-1,102
1,<environment.Job instance at 0x7f633a74cbe0>,69,26,[ 4 13],70,-1,128,-1,102
1,<environment.Job instance at 0x7f633a74c780>,70,20,[ 3 10],71,-1,122,-1,102
1,<environment.Job instance at 0x7f633a74c5a0>,71,24,[11  4],72,-1,126,-1,102
1,<environment.Job instance at 0x7f633a74cfa0>,72,21,[13  3],73,-1,123,-1,102
1,<environment.Job instance at 0x7f633a74c730>,73,19,[ 3 11],74,-1,121,-1,102
1,<environment.Job instance at 0x7f633a74c2d0>,74,14,[ 2 12],75,-1,116,-1,102
1,<environment.Job instance at 0x7f633a74ca50>,75,26,[ 3 10],76,-1,128,-1,102
1,<environment.Job instance at 0x7f633a74c9b0>,76,27,[ 5 12],77,-1,129,-1,102
1,<environment.Job instance at 0x7f633a74c6e0>,77,14,[11  5],78,-1,116,-1,102
1,<environment.Job instance at 0x7f633a74cb90>,78,20,[13  3],79,-1,122,-1,102
1,<environment.Job instance at 0x7f633a74cf50>,79,26,[13  4],80,-1,128,-1,102
1,<environment.Job instance at 0x7f633ab095f0>,80,25,[ 3 10],81,-1,127,-1,102
1,<environment.Job instance at 0x7f633ab09730>,81,27,[ 4 11],82,-1,129,-1,102
1,<environment.Job instance at 0x7f633ab09460>,82,14,[ 2 11],83,-1,116,-1,102
1,<environment.Job instance at 0x7f633a99b460>,2,19,[ 1 14],3,-1,22,-1,3
1,<environment.Job instance at 0x7f633ac4ebe0>,4,13,[ 1 14],5,-1,18,-1,5
1,<environment.Job instance at 0x7f633ac4ef50>,5,21,[14  3],6,-1,27,-1,6
1,<environment.Job instance at 0x7f633ac4e3c0>,6,21,[ 3 13],7,-1,28,-1,7
1,<environment.Job instance at 0x7f633ac4ea00>,7,23,[14  5],8,-1,31,-1,8
1,<environment.Job instance at 0x7f633ac4e320>,9,12,[12  4],10,-1,22,-1,10
1,<environment.Job instance at 0x7f633b06caa0>,10,28,[10  5],11,-1,39,-1,11
1,<environment.Job instance at 0x7f633b06c0a0>,11,14,[13  4],12,-1,26,-1,12
1,<environment.Job instance at 0x7f633a99b910>,13,25,[ 1 14],14,-1,39,-1,14
1,<environment.Job instance at 0x7f633b06c4b0>,14,22,[ 4 11],15,-1,37,-1,15
1,<environment.Job instance at 0x7f633b06c2d0>,15,19,[ 4 11],16,-1,35,-1,16
1,<environment.Job instance at 0x7f633b06caf0>,16,25,[14  2],17,-1,42,-1,17
1,<environment.Job instance at 0x7f633b06ca50>,12,14,[12  4],13,-1,31,-1,17
1,<environment.Job instance at 0x7f633b06cf50>,17,18,[ 5 13],18,-1,36,-1,18
1,<environment.Job instance at 0x7f63438a1d20>,18,23,[ 5 13],19,-1,42,-1,19
1,<environment.Job instance at 0x7f63398b1780>,19,28,[ 1 11],20,-1,48,-1,20
1,<environment.Job instance at 0x7f63398b1c30>,20,28,[ 5 11],21,-1,49,-1,21
1,<environment.Job instance at 0x7f633b06cdc0>,22,24,[4 9],23,-1,47,-1,23
1,<environment.Job instance at 0x7f63398b1550>,21,21,[13  4],22,-1,44,-1,23
1,<environment.Job instance at 0x7f63398b1fa0>,23,19,[ 3 13],24,-1,43,-1,24
1,<environment.Job instance at 0x7f63398b15a0>,25,28,[ 2 13],26,-1,54,-1,26
1,<environment.Job instance at 0x7f63398aa140>,26,23,[ 2 12],27,-1,50,-1,27
1,<environment.Job instance at 0x7f63398aabe0>,27,23,[12  3],28,-1,51,-1,28
1,<environment.Job instance at 0x7f63398aaaa0>,28,24,[13  1],29,-1,53,-1,29
1,<environment.Job instance at 0x7f633ae2c550>,29,28,[ 2 14],30,-1,58,-1,30
1,<environment.Job instance at 0x7f633ae2c960>,30,22,[ 1 13],31,-1,53,-1,31
1,<environment.Job instance at 0x7f633ae2c230>,31,22,[12  5],32,-1,54,-1,32
1,<environment.Job instance at 0x7f633ae2c8c0>,32,19,[ 3 12],33,-1,52,-1,33
1,<environment.Job instance at 0x7f633ae2cdc0>,33,26,[11  5],34,-1,60,-1,34
1,<environment.Job instance at 0x7f6339d5e6e0>,34,28,[ 4 12],35,-1,63,-1,35
1,<environment.Job instance at 0x7f6339d5e370>,35,24,[12  5],36,-1,60,-1,36
1,<environment.Job instance at 0x7f6339766690>,36,21,[ 5 11],37,-1,58,-1,37
1,<environment.Job instance at 0x7f633ae3fbe0>,37,24,[12  2],38,-1,62,-1,38
1,<environment.Job instance at 0x7f633ae3fa50>,38,14,[ 2 14],39,-1,53,-1,39
1,<environment.Job instance at 0x7f633988dd70>,39,24,[12  5],40,-1,64,-1,40
1,<environment.Job instance at 0x7f633988d730>,40,27,[ 4 12],41,-1,68,-1,41
1,<environment.Job instance at 0x7f633988d5a0>,41,26,[6 5],42,-1,68,-1,42
1,<environment.Job instance at 0x7f633988ddc0>,42,25,[ 1 13],43,-1,68,-1,43
1,<environment.Job instance at 0x7f633988d780>,43,26,[ 1 12],44,-1,70,-1,44
1,<environment.Job instance at 0x7f633988d3c0>,44,19,[12  1],45,-1,64,-1,45
1,<environment.Job instance at 0x7f633988df00>,45,22,[ 2 12],46,-1,68,-1,46
1,<environment.Job instance at 0x7f633988d6e0>,46,15,[12  2],47,-1,62,-1,47
1,<environment.Job instance at 0x7f633988d690>,47,20,[12  3],48,-1,68,-1,48
1,<environment.Job instance at 0x7f633988db90>,48,17,[14  4],49,-1,66,-1,49
1,<environment.Job instance at 0x7f633988d960>,49,26,[ 5 12],50,-1,76,-1,50
1,<environment.Job instance at 0x7f633988d0f0>,52,26,[ 3 14],53,-1,79,-1,53
1,<environment.Job instance at 0x7f633988d460>,53,24,[ 3 11],54,-1,78,-1,54
1,<environment.Job instance at 0x7f633988d820>,54,26,[ 1 11],55,-1,81,-1,55
1,<environment.Job instance at 0x7f633988dc30>,56,19,[12  1],57,-1,76,-1,57
1,<environment.Job instance at 0x7f633988d9b0>,57,21,[ 5 12],58,-1,79,-1,58
1,<environment.Job instance at 0x7f63398b1640>,60,28,[13  4],61,-1,89,-1,61
1,<environment.Job instance at 0x7f6339886d20>,61,20,[ 5 14],62,-1,82,-1,62
1,<environment.Job instance at 0x7f634364baf0>,62,28,[14  1],63,-1,91,-1,63
1,<environment.Job instance at 0x7f6339886cd0>,63,28,[ 4 12],64,-1,92,-1,64
1,<environment.Job instance at 0x7f6339886640>,64,18,[12  5],65,-1,83,-1,65
1,<environment.Job instance at 0x7f6339886fa0>,65,12,[ 1 14],66,-1,78,-1,66
1,<environment.Job instance at 0x7f6339a85780>,66,28,[ 2 13],67,-1,95,-1,67
1,<environment.Job instance at 0x7f633a232280>,68,13,[ 3 11],69,-1,83,-1,70
1,<environment.Job instance at 0x7f633afbcc30>,70,23,[13  2],71,-1,94,-1,71
1,<environment.Job instance at 0x7f633b04da50>,71,18,[12  4],72,-1,90,-1,72
1,<environment.Job instance at 0x7f633b04d5a0>,72,19,[10  3],73,-1,92,-1,73
1,<environment.Job instance at 0x7f633b04dc30>,74,14,[12  5],75,-1,89,-1,75
1,<environment.Job instance at 0x7f633b04d820>,75,24,[1 8],76,-1,100,-1,76
1,<environment.Job instance at 0x7f633b04d640>,76,28,[14  3],77,-1,105,-1,77
1,<environment.Job instance at 0x7f633aaca5a0>,80,27,[3 6],81,-1,109,-1,82
1,<environment.Job instance at 0x7f633b04d690>,81,19,[14  5],82,-1,101,-1,82
1,<environment.Job instance at 0x7f6339b68e60>,84,25,[11  4],85,-1,124,-1,99
1,<environment.Job instance at 0x7f633aaba1e0>,85,20,[13  2],86,-1,119,-1,99
1,<environment.Job instance at 0x7f6339b640f0>,86,16,[ 1 11],87,-1,115,-1,99
1,<environment.Job instance at 0x7f63399cf690>,87,27,[12  3],88,-1,126,-1,99
1,<environment.Job instance at 0x7f6339b67910>,88,16,[11  3],89,-1,115,-1,99
1,<environment.Job instance at 0x7f6339a51f50>,89,15,[14  5],90,-1,114,-1,99
1,<environment.Job instance at 0x7f6339a54050>,90,18,[ 2 14],91,-1,117,-1,99
1,<environment.Job instance at 0x7f6339a51280>,91,20,[12  2],92,-1,119,-1,99
1,<environment.Job instance at 0x7f633a7b8640>,92,13,[12  1],93,-1,112,-1,99
1,<environment.Job instance at 0x7f6339a5d140>,93,24,[14  2],94,-1,123,-1,99
1,<environment.Job instance at 0x7f633a40d730>,95,19,[13  5],96,-1,130,-1,111
1,<environment.Job instance at 0x7f633a40d910>,96,28,[ 2 13],97,-1,139,-1,111
1,<environment.Job instance at 0x7f6339a680f0>,97,14,[ 5 13],98,-1,125,-1,111
1,<environment.Job instance at 0x7f6339a68f50>,98,13,[ 2 11],99,-1,124,-1,111
1,<environment.Job instance at 0x7f6339a68410>,99,25,[14  5],100,-1,136,-1,111
1,<environment.Job instance at 0x7f6339a689b0>,100,19,[13  3],101,-1,130,-1,111
1,<environment.Job instance at 0x7f6339a68c30>,101,16,[ 1 12],102,-1,127,-1,111
1,<environment.Job instance at 0x7f6339a68050>,102,18,[11  1],103,-1,129,-1,111
1,<environment.Job instance at 0x7f6339a68e10>,103,26,[13  1],104,-1,137,-1,111
1,<environment.Job instance at 0x7f6339a682d0>,104,25,[ 1 11],105,-1,136,-1,111
1,<environment.Job instance at 0x7f6339a68b90>,105,27,[11  1],106,-1,138,-1,111
1,<environment.Job instance at 0x7f6339a687d0>,106,26,[4 5],107,-1,137,-1,111
1,<environment.Job instance at 0x7f6339a68370>,107,21,[12  2],108,-1,132,-1,111
1,<environment.Job instance at 0x7f6339a68870>,108,27,[ 2 13],109,-1,138,-1,111
1,<environment.Job instance at 0x7f633a3fe5f0>,109,20,[ 2 11],110,-1,131,-1,111
1,<environment.Job instance at 0x7f633a3fe910>,110,20,[14  1],111,-1,131,-1,111
1,<environment.Job instance at 0x7f633a3fed20>,111,27,[12  5],112,-1,139,-1,112
1,<environment.Job instance at 0x7f633a3fe2d0>,113,21,[ 5 13],114,-1,138,-1,117
1,<environment.Job instance at 0x7f6339a56e10>,114,18,[11  5],115,-1,135,-1,117
1,<environment.Job instance at 0x7f6339a56aa0>,115,20,[ 4 14],116,-1,137,-1,117
1,<environment.Job instance at 0x7f6339a56eb0>,116,18,[ 4 13],117,-1,135,-1,117
1,<environment.Job instance at 0x7f6339a6aaa0>,117,20,[ 2 11],118,-1,138,-1,118
1,<environment.Job instance at 0x7f6339a6a4b0>,118,16,[12  1],119,-1,135,-1,119
1,<environment.Job instance at 0x7f633a468b90>,1,19,[ 3 11],2,-1,21,-1,2
1,<environment.Job instance at 0x7f6339a6adc0>,2,26,[ 2 14],3,-1,29,-1,3
1,<environment.Job instance at 0x7f633a7b8960>,4,19,[12  1],5,-1,24,-1,5
1,<environment.Job instance at 0x7f6339a6a4b0>,6,26,[ 1 13],7,-1,33,-1,7
1,<environment.Job instance at 0x7f633a7b80a0>,7,28,[14  1],8,-1,36,-1,8
1,<environment.Job instance at 0x7f633a7b8050>,8,25,[ 2 14],9,-1,34,-1,9
1,<environment.Job instance at 0x7f633a7b8550>,10,28,[ 4 12],11,-1,39,-1,11
1,<environment.Job instance at 0x7f633a7b84b0>,11,18,[ 4 13],12,-1,30,-1,12
1,<environment.Job instance at 0x7f633a7b80f0>,12,23,[14  5],13,-1,36,-1,13
1,<environment.Job instance at 0x7f633a7b8320>,5,21,[11  3],6,-1,34,-1,13
1,<environment.Job instance at 0x7f633a7b8e10>,13,22,[13  3],14,-1,36,-1,14
1,<environment.Job instance at 0x7f633a7b83c0>,14,13,[ 4 14],15,-1,28,-1,15
1,<environment.Job instance at 0x7f633a7b87d0>,15,14,[ 1 12],16,-1,30,-1,16
1,<environment.Job instance at 0x7f633a7b8500>,16,13,[ 5 12],17,-1,30,-1,17
1,<environment.Job instance at 0x7f633a255e60>,18,26,[ 4 12],19,-1,45,-1,19
1,<environment.Job instance at 0x7f633a2550a0>,19,26,[ 2 14],20,-1,46,-1,20
1,<environment.Job instance at 0x7f633a255140>,20,22,[ 4 11],21,-1,43,-1,21
1,<environment.Job instance at 0x7f633a255410>,21,25,[12  2],22,-1,47,-1,22
1,<environment.Job instance at 0x7f633a7b8140>,23,15,[14  4],24,-1,39,-1,24
1,<environment.Job instance at 0x7f633a255370>,22,13,[12  1],23,-1,37,-1,24
1,<environment.Job instance at 0x7f633a255f50>,24,22,[14  4],25,-1,47,-1,25
1,<environment.Job instance at 0x7f633a255280>,25,24,[13  4],26,-1,50,-1,26
1,<environment.Job instance at 0x7f633a255500>,26,19,[13  4],27,-1,46,-1,27
1,<environment.Job instance at 0x7f633a255190>,28,25,[14  1],29,-1,54,-1,29
1,<environment.Job instance at 0x7f633a2551e0>,29,28,[11  2],30,-1,58,-1,30
1,<environment.Job instance at 0x7f633a2557d0>,30,16,[ 5 12],31,-1,47,-1,31
1,<environment.Job instance at 0x7f633a2554b0>,31,19,[14  2],32,-1,51,-1,32
1,<environment.Job instance at 0x7f633a2553c0>,32,25,[ 1 14],33,-1,58,-1,33
1,<environment.Job instance at 0x7f633a255050>,33,22,[12  5],34,-1,56,-1,34
1,<environment.Job instance at 0x7f633a255730>,34,23,[ 3 12],35,-1,58,-1,35
1,<environment.Job instance at 0x7f633a255eb0>,36,28,[ 3 13],37,-1,65,-1,37
1,<environment.Job instance at 0x7f633a2552d0>,37,19,[14  1],38,-1,57,-1,38
1,<environment.Job instance at 0x7f633a255870>,38,23,[ 5 14],39,-1,62,-1,39
1,<environment.Job instance at 0x7f633a2559b0>,39,19,[14  5],40,-1,59,-1,40
1,<environment.Job instance at 0x7f6339f455f0>,40,24,[ 5 12],41,-1,65,-1,41
1,<environment.Job instance at 0x7f6339f455a0>,41,26,[11  4],42,-1,68,-1,42
1,<environment.Job instance at 0x7f6339f45dc0>,42,26,[11  3],43,-1,69,-1,43
1,<environment.Job instance at 0x7f6339f45a50>,43,27,[12  3],44,-1,71,-1,44
1,<environment.Job instance at 0x7f6339f456e0>,45,27,[ 2 14],46,-1,73,-1,46
1,<environment.Job instance at 0x7f6339f45f50>,46,15,[14  2],47,-1,62,-1,47
1,<environment.Job instance at 0x7f6339f45460>,48,26,[14  4],49,-1,75,-1,49
1,<environment.Job instance at 0x7f633a255a00>,50,24,[12  3],51,-1,75,-1,51
1,<environment.Job instance at 0x7f6339f45410>,51,21,[14  2],52,-1,73,-1,52
1,<environment.Job instance at 0x7f6339f45d20>,52,12,[13  2],53,-1,65,-1,53
1,<environment.Job instance at 0x7f6339f45050>,54,28,[ 5 12],55,-1,83,-1,55
1,<environment.Job instance at 0x7f6339f45370>,55,24,[ 1 12],56,-1,80,-1,56
1,<environment.Job instance at 0x7f6339f45500>,56,23,[ 4 13],57,-1,80,-1,57
1,<environment.Job instance at 0x7f6339f45e10>,58,21,[11  4],59,-1,80,-1,59
1,<environment.Job instance at 0x7f633ab66280>,59,21,[13  4],60,-1,81,-1,60
1,<environment.Job instance at 0x7f633ab661e0>,61,25,[12  1],62,-1,87,-1,62
1,<environment.Job instance at 0x7f633ab66aa0>,62,20,[14  1],63,-1,83,-1,63
1,<environment.Job instance at 0x7f633ab668c0>,63,18,[ 2 11],64,-1,82,-1,64
1,<environment.Job instance at 0x7f633ab66910>,64,25,[ 5 13],65,-1,90,-1,65
1,<environment.Job instance at 0x7f633ab66140>,65,12,[ 1 12],66,-1,78,-1,66
1,<environment.Job instance at 0x7f633ab66a50>,66,28,[11  5],67,-1,95,-1,67
1,<environment.Job instance at 0x7f633ab66690>,67,23,[ 1 12],68,-1,91,-1,68
1,<environment.Job instance at 0x7f633ab66d70>,68,19,[11  1],69,-1,88,-1,69
1,<environment.Job instance at 0x7f633ab66eb0>,69,27,[12  5],70,-1,97,-1,70
1,<environment.Job instance at 0x7f633ab66fa0>,70,26,[ 4 14],71,-1,97,-1,71
1,<environment.Job instance at 0x7f633ab664b0>,71,21,[11  3],72,-1,93,-1,72
1,<environment.Job instance at 0x7f633ab660a0>,72,28,[13  2],73,-1,101,-1,73
1,<environment.Job instance at 0x7f633ab663c0>,73,12,[ 2 14],74,-1,86,-1,74
1,<environment.Job instance at 0x7f633ab66af0>,74,25,[5 8],75,-1,100,-1,75
1,<environment.Job instance at 0x7f633ab662d0>,79,25,[14  1],80,-1,105,-1,80
1,<environment.Job instance at 0x7f633af7abe0>,80,21,[13  5],81,-1,102,-1,81
1,<environment.Job instance at 0x7f633af7ac80>,81,13,[ 4 12],82,-1,95,-1,82
1,<environment.Job instance at 0x7f633af7a3c0>,82,22,[12  2],83,-1,105,-1,83
1,<environment.Job instance at 0x7f633af7a500>,83,14,[14  2],84,-1,98,-1,84
1,<environment.Job instance at 0x7f633af7a140>,84,21,[14  1],85,-1,106,-1,85
1,<environment.Job instance at 0x7f633af7a780>,85,23,[ 2 12],86,-1,109,-1,86
1,<environment.Job instance at 0x7f633af7a820>,86,19,[ 5 14],87,-1,106,-1,87
1,<environment.Job instance at 0x7f633af7afa0>,87,21,[ 2 12],88,-1,109,-1,88
1,<environment.Job instance at 0x7f633af7ae60>,88,19,[12  3],89,-1,108,-1,89
1,<environment.Job instance at 0x7f633af7a5a0>,89,27,[14  5],90,-1,117,-1,90
1,<environment.Job instance at 0x7f633af7a410>,90,23,[ 5 11],91,-1,114,-1,91
1,<environment.Job instance at 0x7f633af7a460>,91,13,[ 3 13],92,-1,105,-1,92
1,<environment.Job instance at 0x7f633af7af00>,93,19,[13  4],94,-1,117,-1,98
1,<environment.Job instance at 0x7f633af7aaf0>,94,23,[ 5 10],95,-1,121,-1,98
1,<environment.Job instance at 0x7f633af7a320>,95,28,[12  3],96,-1,126,-1,98
1,<environment.Job instance at 0x7f633af7ab40>,96,25,[12  5],97,-1,123,-1,98
1,<environment.Job instance at 0x7f633af7a2d0>,97,24,[13  3],98,-1,122,-1,98
1,<environment.Job instance at 0x7f6339d10320>,98,23,[ 5 12],99,-1,122,-1,99
1,<environment.Job instance at 0x7f6339d10d70>,99,26,[5 9],100,-1,126,-1,100
1,<environment.Job instance at 0x7f6339d107d0>,100,22,[ 3 12],101,-1,123,-1,101
1,<environment.Job instance at 0x7f6339d10a00>,101,28,[14  4],102,-1,130,-1,102
1,<environment.Job instance at 0x7f6339d10c80>,102,24,[ 2 14],103,-1,127,-1,103
1,<environment.Job instance at 0x7f6339d10a50>,103,12,[12  1],104,-1,116,-1,104
1,<environment.Job instance at 0x7f6339d102d0>,104,19,[ 1 14],105,-1,124,-1,105
1,<environment.Job instance at 0x7f6339d10870>,106,26,[ 5 12],107,-1,133,-1,107
1,<environment.Job instance at 0x7f6339d108c0>,107,15,[ 5 14],108,-1,123,-1,108
1,<environment.Job instance at 0x7f6339d10500>,108,25,[ 4 12],109,-1,134,-1,109
1,<environment.Job instance at 0x7f633a05cbe0>,109,25,[ 1 12],110,-1,135,-1,110
1,<environment.Job instance at 0x7f633a05ce60>,110,23,[11  2],111,-1,134,-1,111
1,<environment.Job instance at 0x7f633a05c5f0>,111,24,[12  1],112,-1,136,-1,112
1,<environment.Job instance at 0x7f633a05cdc0>,112,16,[11  3],113,-1,130,-1,114
1,<environment.Job instance at 0x7f6339d10190>,113,23,[14  2],114,-1,137,-1,114
1,<environment.Job instance at 0x7f633a05cc30>,114,21,[ 3 14],115,-1,136,-1,115
1,<environment.Job instance at 0x7f633a05caf0>,115,28,[14  4],116,-1,144,-1,116
1,<environment.Job instance at 0x7f633a05c9b0>,116,25,[ 2 14],117,-1,142,-1,117
1,<environment.Job instance at 0x7f633a05c460>,117,25,[9 4],118,-1,143,-1,118
1,<environment.Job instance at 0x7f633a05c960>,118,16,[13  4],119,-1,135,-1,119
1,<environment.Job instance at 0x7f633abf30f0>,3,23,[ 4 12],4,-1,27,-1,4
1,<environment.Job instance at 0x7f633a8a6730>,4,28,[ 5 13],5,-1,33,-1,5
1,<environment.Job instance at 0x7f633a8a68c0>,5,22,[13  2],6,-1,28,-1,6
1,<environment.Job instance at 0x7f633a8a6960>,6,27,[12  4],7,-1,34,-1,7
1,<environment.Job instance at 0x7f633a8a67d0>,7,28,[ 5 11],8,-1,36,-1,8
1,<environment.Job instance at 0x7f633a8a66e0>,9,28,[11  5],10,-1,38,-1,10
1,<environment.Job instance at 0x7f633a8a6be0>,10,18,[ 1 13],11,-1,29,-1,11
1,<environment.Job instance at 0x7f633a8a6c80>,11,26,[13  3],12,-1,38,-1,12
1,<environment.Job instance at 0x7f633a8a6af0>,8,17,[13  2],9,-1,29,-1,12
1,<environment.Job instance at 0x7f633a8a6aa0>,12,27,[11  2],13,-1,40,-1,13
1,<environment.Job instance at 0x7f633a8a6e10>,14,25,[12  5],15,-1,40,-1,15
1,<environment.Job instance at 0x7f633a8a6f50>,15,26,[13  1],16,-1,42,-1,16
1,<environment.Job instance at 0x7f633a89c050>,16,12,[ 3 11],17,-1,29,-1,17
1,<environment.Job instance at 0x7f633a89c0f0>,17,27,[ 2 13],18,-1,45,-1,18
1,<environment.Job instance at 0x7f633a8a6f00>,19,24,[14  3],20,-1,44,-1,20
1,<environment.Job instance at 0x7f633a89c5a0>,23,25,[ 3 13],24,-1,56,-1,31
1,<environment.Job instance at 0x7f633a89c640>,24,13,[ 5 14],25,-1,48,-1,35
1,<environment.Job instance at 0x7f633a89c280>,20,18,[ 3 10],21,-1,56,-1,38
1,<environment.Job instance at 0x7f633a89c780>,26,26,[ 5 11],27,-1,64,-1,38
1,<environment.Job instance at 0x7f633a89c820>,27,23,[12  3],28,-1,61,-1,38
1,<environment.Job instance at 0x7f633a89c8c0>,28,13,[14  1],29,-1,51,-1,38
1,<environment.Job instance at 0x7f633a89c910>,29,13,[11  2],30,-1,51,-1,38
1,<environment.Job instance at 0x7f633a89c9b0>,30,25,[13  1],31,-1,63,-1,38
1,<environment.Job instance at 0x7f633a89cb40>,31,19,[ 3 13],32,-1,57,-1,38
1,<environment.Job instance at 0x7f633a89c870>,32,26,[11  1],33,-1,64,-1,38
1,<environment.Job instance at 0x7f633a89caa0>,33,26,[13  1],34,-1,64,-1,38
1,<environment.Job instance at 0x7f633a89cc30>,34,24,[ 3 10],35,-1,62,-1,38
1,<environment.Job instance at 0x7f633a89c7d0>,35,23,[12  4],36,-1,61,-1,38
1,<environment.Job instance at 0x7f633a89c500>,36,28,[14  3],37,-1,66,-1,38
1,<environment.Job instance at 0x7f633a89cd70>,37,27,[ 4 14],38,-1,65,-1,38
1,<environment.Job instance at 0x7f633a89cf50>,39,27,[12  4],40,-1,80,-1,53
1,<environment.Job instance at 0x7f633a89ce10>,41,26,[ 3 13],42,-1,79,-1,53
1,<environment.Job instance at 0x7f79755fe410>,2,22,[ 4 14],3,-1,25,-1,3
1,<environment.Job instance at 0x7f79755fe5a0>,3,25,[ 5 14],4,-1,29,-1,4
1,<environment.Job instance at 0x7f79755fe4b0>,4,21,[ 1 12],5,-1,26,-1,5
1,<environment.Job instance at 0x7f797ed761e0>,7,25,[6 2],8,-1,34,-1,9
1,<environment.Job instance at 0x7f79755fe910>,9,19,[13  1],10,-1,29,-1,10
1,<environment.Job instance at 0x7f79755fe9b0>,10,23,[ 4 14],11,-1,34,-1,11
1,<environment.Job instance at 0x7f79755fea50>,11,25,[ 4 12],12,-1,37,-1,12
1,<environment.Job instance at 0x7f79755feaf0>,12,19,[ 5 13],13,-1,32,-1,13
1,<environment.Job instance at 0x7f79755feb90>,13,22,[ 2 11],14,-1,36,-1,14
1,<environment.Job instance at 0x7f79755fec30>,14,25,[13  4],15,-1,40,-1,15
1,<environment.Job instance at 0x7f79755fecd0>,15,25,[13  3],16,-1,41,-1,16
1,<environment.Job instance at 0x7f79755fed70>,16,26,[14  4],17,-1,43,-1,17
1,<environment.Job instance at 0x7f79755fee10>,17,14,[ 2 14],18,-1,32,-1,18
1,<environment.Job instance at 0x7f79755feeb0>,18,14,[ 2 13],19,-1,33,-1,19
1,<environment.Job instance at 0x7f79755fef50>,19,17,[13  5],20,-1,37,-1,20
1,<environment.Job instance at 0x7f7975602050>,20,21,[12  2],21,-1,42,-1,21
1,<environment.Job instance at 0x7f79756020f0>,21,28,[11  1],22,-1,50,-1,22
1,<environment.Job instance at 0x7f7975602190>,22,26,[ 1 14],23,-1,49,-1,23
1,<environment.Job instance at 0x7f7975602370>,25,23,[ 3 13],26,-1,49,-1,26
1,<environment.Job instance at 0x7f79756024b0>,26,26,[1 8],27,-1,53,-1,27
1,<environment.Job instance at 0x7f79756022d0>,27,25,[5 7],28,-1,53,-1,28
1,<environment.Job instance at 0x7f79756025a0>,28,25,[ 4 11],29,-1,54,-1,29
1,<environment.Job instance at 0x7f7975602640>,29,22,[ 5 13],30,-1,52,-1,30
1,<environment.Job instance at 0x7f79756026e0>,30,27,[4 8],31,-1,58,-1,31
1,<environment.Job instance at 0x7f7975602780>,31,20,[11  5],32,-1,52,-1,32
1,<environment.Job instance at 0x7f7975602820>,32,27,[11  3],33,-1,60,-1,33
1,<environment.Job instance at 0x7f79756028c0>,33,16,[ 2 14],34,-1,50,-1,34
1,<environment.Job instance at 0x7f7975602960>,34,24,[ 1 14],35,-1,59,-1,35
1,<environment.Job instance at 0x7f7975602a00>,35,22,[11  5],36,-1,58,-1,36
1,<environment.Job instance at 0x7f7975602aa0>,36,20,[ 3 14],37,-1,57,-1,37
1,<environment.Job instance at 0x7f7975602b40>,37,28,[ 2 12],38,-1,66,-1,38
1,<environment.Job instance at 0x7f7975602be0>,38,20,[ 1 12],39,-1,59,-1,39
1,<environment.Job instance at 0x7f7975602c80>,39,24,[5 6],40,-1,64,-1,40
1,<environment.Job instance at 0x7f7975602d20>,40,26,[ 1 12],41,-1,67,-1,41
1,<environment.Job instance at 0x7f7975602dc0>,41,18,[ 5 14],42,-1,60,-1,42
1,<environment.Job instance at 0x7f7975602e60>,42,20,[ 2 11],43,-1,63,-1,43
1,<environment.Job instance at 0x7f7975602f00>,43,16,[13  5],44,-1,60,-1,44
1,<environment.Job instance at 0x7f7975602fa0>,44,16,[14  3],45,-1,61,-1,45
1,<environment.Job instance at 0x7f79756040a0>,45,27,[12  2],46,-1,73,-1,46
1,<environment.Job instance at 0x7f7975604140>,46,28,[ 4 11],47,-1,75,-1,47
1,<environment.Job instance at 0x7f79756041e0>,47,17,[12  2],48,-1,65,-1,48
1,<environment.Job instance at 0x7f7975604280>,48,17,[11  1],49,-1,66,-1,49
1,<environment.Job instance at 0x7f7975604320>,49,27,[ 1 11],50,-1,77,-1,50
1,<environment.Job instance at 0x7f7975604460>,51,25,[12  2],52,-1,77,-1,52
1,<environment.Job instance at 0x7f79756045f0>,52,20,[11  3],53,-1,73,-1,53
1,<environment.Job instance at 0x7f7975604500>,53,27,[14  5],54,-1,81,-1,54
1,<environment.Job instance at 0x7f7975604690>,54,24,[5 7],55,-1,79,-1,55
1,<environment.Job instance at 0x7f7975604730>,55,20,[13  1],56,-1,76,-1,56
1,<environment.Job instance at 0x7f79756047d0>,56,20,[ 3 13],57,-1,77,-1,57
1,<environment.Job instance at 0x7f7975604b90>,60,28,[13  2],61,-1,113,-1,85
1,<environment.Job instance at 0x7f7975604c30>,61,23,[ 1 11],62,-1,108,-1,85
1,<environment.Job instance at 0x7f7975604cd0>,62,21,[ 5 13],63,-1,106,-1,85
1,<environment.Job instance at 0x7f7975604d70>,63,28,[ 3 14],64,-1,113,-1,85
1,<environment.Job instance at 0x7f7975604e10>,64,28,[ 1 14],65,-1,113,-1,85
1,<environment.Job instance at 0x7f7975604f50>,66,21,[13  3],67,-1,117,-1,96
1,<environment.Job instance at 0x7f7975604e60>,67,27,[ 1 10],68,-1,123,-1,96
1,<environment.Job instance at 0x7f7975604f00>,68,20,[ 3 12],69,-1,116,-1,96
1,<environment.Job instance at 0x7f7975604fa0>,69,20,[ 3 12],70,-1,116,-1,96
1,<environment.Job instance at 0x7f7975607230>,70,21,[12  2],71,-1,117,-1,96
1,<environment.Job instance at 0x7f79756072d0>,71,28,[5 1],72,-1,124,-1,96
1,<environment.Job instance at 0x7f7975607370>,72,24,[9 2],73,-1,120,-1,96
1,<environment.Job instance at 0x7f7975607410>,73,25,[3 8],74,-1,121,-1,96
1,<environment.Job instance at 0x7f79756074b0>,74,27,[1 6],75,-1,123,-1,96
1,<environment.Job instance at 0x7f7975607550>,75,14,[ 4 11],76,-1,110,-1,96
1,<environment.Job instance at 0x7f7975607640>,76,19,[ 4 14],77,-1,115,-1,96
1,<environment.Job instance at 0x7f79756076e0>,77,13,[14  5],78,-1,109,-1,96
1,<environment.Job instance at 0x7f7975607730>,78,27,[10  2],79,-1,123,-1,96
1,<environment.Job instance at 0x7f79756077d0>,79,28,[9 4],80,-1,124,-1,96
1,<environment.Job instance at 0x7f7975607910>,81,15,[ 5 11],82,-1,115,-1,100
1,<environment.Job instance at 0x7f79756079b0>,82,26,[5 4],83,-1,126,-1,100
1,<environment.Job instance at 0x7f7975607a50>,83,12,[12  3],84,-1,112,-1,100
1,<environment.Job instance at 0x7f7975a1b190>,2,20,[ 2 11],3,-1,23,-1,3
1,<environment.Job instance at 0x7f7975a1b960>,3,25,[14  3],4,-1,29,-1,4
1,<environment.Job instance at 0x7f7975a1b9b0>,4,28,[2 9],5,-1,33,-1,5
1,<environment.Job instance at 0x7f7975a1b500>,5,14,[ 2 12],6,-1,20,-1,6
1,<environment.Job instance at 0x7f7975a1b690>,7,20,[14  5],8,-1,28,-1,8
1,<environment.Job instance at 0x7f7975a1b6e0>,8,19,[13  5],9,-1,28,-1,9
1,<environment.Job instance at 0x7f7975a1b410>,9,26,[14  1],10,-1,36,-1,10
1,<environment.Job instance at 0x7f7975a1ba00>,10,28,[ 2 10],11,-1,39,-1,11
1,<environment.Job instance at 0x7f7975765050>,11,28,[7 4],12,-1,40,-1,12
1,<environment.Job instance at 0x7f7975765460>,12,25,[ 3 14],13,-1,38,-1,13
1,<environment.Job instance at 0x7f7975765640>,13,28,[12  5],14,-1,42,-1,14
1,<environment.Job instance at 0x7f79757659b0>,14,20,[ 4 14],15,-1,35,-1,15
1,<environment.Job instance at 0x7f7975765320>,16,22,[ 1 14],17,-1,39,-1,17
1,<environment.Job instance at 0x7f7975765190>,17,27,[ 4 12],18,-1,45,-1,18
1,<environment.Job instance at 0x7f7975765e10>,18,27,[4 9],19,-1,46,-1,19
1,<environment.Job instance at 0x7f79757650f0>,19,20,[ 3 14],20,-1,40,-1,20
1,<environment.Job instance at 0x7f7974cc7f50>,22,25,[ 1 11],23,-1,48,-1,23
1,<environment.Job instance at 0x7f7974d23780>,23,14,[14  4],24,-1,38,-1,24
1,<environment.Job instance at 0x7f7974d48e10>,24,27,[9 1],25,-1,53,-1,26
1,<environment.Job instance at 0x7f7974cd7910>,25,23,[13  2],26,-1,49,-1,26
1,<environment.Job instance at 0x7f7975765af0>,26,20,[12  4],27,-1,47,-1,27
1,<environment.Job instance at 0x7f7974d48eb0>,27,26,[8 5],28,-1,54,-1,28
1,<environment.Job instance at 0x7f797500cb90>,28,28,[10  4],29,-1,57,-1,29
1,<environment.Job instance at 0x7f79750d0870>,30,15,[ 1 13],31,-1,46,-1,31
1,<environment.Job instance at 0x7f79751ab2d0>,31,26,[ 5 11],32,-1,58,-1,32
1,<environment.Job instance at 0x7f79750dadc0>,32,24,[4 7],33,-1,58,-1,34
1,<environment.Job instance at 0x7f79750cddc0>,34,28,[ 3 11],35,-1,63,-1,35
1,<environment.Job instance at 0x7f79750cd690>,35,19,[ 3 12],36,-1,55,-1,36
1,<environment.Job instance at 0x7f797510caa0>,36,21,[ 1 11],37,-1,58,-1,37
1,<environment.Job instance at 0x7f79750b4af0>,37,26,[ 1 11],38,-1,64,-1,38
1,<environment.Job instance at 0x7f79750b47d0>,38,17,[13  5],39,-1,56,-1,39
1,<environment.Job instance at 0x7f797509b9b0>,39,21,[ 2 12],40,-1,61,-1,40
1,<environment.Job instance at 0x7f797509b460>,40,25,[ 2 12],41,-1,66,-1,41
1,<environment.Job instance at 0x7f797509b820>,41,20,[ 5 13],42,-1,62,-1,42
1,<environment.Job instance at 0x7f797509b910>,42,26,[1 6],43,-1,69,-1,43
1,<environment.Job instance at 0x7f7975064280>,43,28,[ 1 13],44,-1,72,-1,44
1,<environment.Job instance at 0x7f7974d4c460>,44,26,[12  2],45,-1,71,-1,45
1,<environment.Job instance at 0x7f79750d6870>,45,21,[ 3 11],46,-1,67,-1,46
1,<environment.Job instance at 0x7f79750d6aa0>,46,21,[ 5 14],47,-1,68,-1,47
1,<environment.Job instance at 0x7f79750d6190>,47,19,[ 5 12],48,-1,67,-1,48
1,<environment.Job instance at 0x7f79750f40f0>,48,28,[3 8],49,-1,77,-1,49
1,<environment.Job instance at 0x7f79750114b0>,50,22,[6 2],51,-1,76,-1,54
1,<environment.Job instance at 0x7f79750ca2d0>,53,25,[5 7],54,-1,79,-1,54
1,<environment.Job instance at 0x7f7974cec960>,54,21,[ 4 12],55,-1,76,-1,55
1,<environment.Job instance at 0x7f797514c690>,55,20,[11  2],56,-1,76,-1,56
1,<environment.Job instance at 0x7f797514c6e0>,56,27,[ 5 14],57,-1,84,-1,57
1,<environment.Job instance at 0x7f79750b2230>,57,28,[12  2],58,-1,86,-1,58
1,<environment.Job instance at 0x7f79750b2140>,58,28,[ 1 12],59,-1,87,-1,59
1,<environment.Job instance at 0x7f79750b2280>,59,25,[12  1],60,-1,85,-1,60
1,<environment.Job instance at 0x7f79750b2aa0>,60,24,[7 2],61,-1,85,-1,61
1,<environment.Job instance at 0x7f79750b2410>,61,28,[ 1 14],62,-1,90,-1,62
1,<environment.Job instance at 0x7f79750b2730>,62,26,[13  4],63,-1,89,-1,63
1,<environment.Job instance at 0x7f79750b25a0>,63,13,[ 2 14],64,-1,77,-1,64
1,<environment.Job instance at 0x7f79750b2960>,64,12,[1 7],65,-1,77,-1,65
1,<environment.Job instance at 0x7f79750f1460>,65,21,[12  2],66,-1,87,-1,66
1,<environment.Job instance at 0x7f79750f1230>,66,21,[ 5 11],67,-1,88,-1,67
1,<environment.Job instance at 0x7f79750f1690>,67,26,[ 5 10],68,-1,94,-1,68
1,<environment.Job instance at 0x7f79750f1e10>,68,27,[12  4],69,-1,96,-1,69
1,<environment.Job instance at 0x7f79750f1910>,69,27,[14  3],70,-1,97,-1,70
1,<environment.Job instance at 0x7f79750875a0>,70,27,[14  5],71,-1,98,-1,71
1,<environment.Job instance at 0x7f7975087780>,71,26,[13  1],72,-1,98,-1,72
1,<environment.Job instance at 0x7f79750fc960>,72,25,[12  2],73,-1,98,-1,73
1,<environment.Job instance at 0x7f79750fcaf0>,73,21,[13  5],74,-1,95,-1,74
1,<environment.Job instance at 0x7f79750fc780>,74,25,[11  2],75,-1,100,-1,75
1,<environment.Job instance at 0x7f79750fc050>,75,24,[11  4],76,-1,100,-1,76
1,<environment.Job instance at 0x7f79750fc190>,76,16,[ 4 14],77,-1,93,-1,77
1,<environment.Job instance at 0x7f79750ade10>,77,28,[8 4],78,-1,106,-1,78
1,<environment.Job instance at 0x7f79750ad870>,78,20,[12  1],79,-1,99,-1,79
1,<environment.Job instance at 0x7f79750add70>,79,28,[ 4 12],80,-1,108,-1,80
1,<environment.Job instance at 0x7f7975102820>,80,18,[12  2],81,-1,99,-1,81
1,<environment.Job instance at 0x7f7975102910>,81,15,[12  3],82,-1,97,-1,82
1,<environment.Job instance at 0x7f7975102230>,82,25,[13  2],83,-1,108,-1,83
1,<environment.Job instance at 0x7f7975102050>,83,26,[ 5 11],84,-1,110,-1,84
1,<environment.Job instance at 0x7f7975102a50>,84,20,[11  4],85,-1,105,-1,85
1,<environment.Job instance at 0x7f797505e960>,85,27,[1 6],86,-1,113,-1,86
1,<environment.Job instance at 0x7f797505e410>,86,26,[ 4 12],87,-1,113,-1,87
1,<environment.Job instance at 0x7f797505ee60>,87,19,[12  5],88,-1,107,-1,88
1,<environment.Job instance at 0x7f797505ed20>,88,23,[7 4],89,-1,112,-1,89
1,<environment.Job instance at 0x7f797505eb90>,89,20,[ 1 13],90,-1,110,-1,90
1,<environment.Job instance at 0x7f797505e550>,91,28,[11  2],92,-1,120,-1,92
1,<environment.Job instance at 0x7f797505ec80>,92,28,[13  5],93,-1,121,-1,93
1,<environment.Job instance at 0x7f797505e640>,93,20,[ 5 11],94,-1,114,-1,94
1,<environment.Job instance at 0x7f797505e730>,94,15,[12  1],95,-1,110,-1,95
1,<environment.Job instance at 0x7f797505e190>,95,21,[ 1 12],96,-1,117,-1,96
1,<environment.Job instance at 0x7f79750f8e60>,96,19,[14  5],97,-1,116,-1,97
1,<environment.Job instance at 0x7f79750f8f50>,97,25,[ 3 12],98,-1,123,-1,98
1,<environment.Job instance at 0x7f79750f8cd0>,98,28,[12  5],99,-1,127,-1,99
1,<environment.Job instance at 0x7f79750f0140>,99,13,[12  3],100,-1,113,-1,100
1,<environment.Job instance at 0x7f79750f0b40>,100,20,[13  4],101,-1,121,-1,101
1,<environment.Job instance at 0x7f79750f0500>,101,27,[14  3],102,-1,129,-1,102
1,<environment.Job instance at 0x7f7975106140>,103,26,[ 4 12],104,-1,130,-1,104
1,<environment.Job instance at 0x7f79750ec0f0>,104,26,[8 3],105,-1,131,-1,105
1,<environment.Job instance at 0x7f79750ecfa0>,105,23,[12  1],106,-1,129,-1,106
1,<environment.Job instance at 0x7f79750ecd20>,106,19,[ 2 13],107,-1,126,-1,107
1,<environment.Job instance at 0x7f7975187c80>,107,22,[11  1],108,-1,130,-1,108
1,<environment.Job instance at 0x7f797e9f5b40>,108,22,[ 1 13],109,-1,131,-1,109
1,<environment.Job instance at 0x7f7975157dc0>,109,24,[ 2 14],110,-1,134,-1,110
1,<environment.Job instance at 0x7f7975157910>,110,23,[ 2 14],111,-1,134,-1,111
1,<environment.Job instance at 0x7f7975157eb0>,111,23,[13  3],112,-1,135,-1,112
1,<environment.Job instance at 0x7f7975b2a640>,112,25,[10  5],113,-1,138,-1,113
1,<environment.Job instance at 0x7f7975277140>,113,20,[13  5],114,-1,134,-1,114
1,<environment.Job instance at 0x7f79759b0280>,114,24,[14  3],115,-1,139,-1,115
1,<environment.Job instance at 0x7f79759b0730>,115,23,[13  5],116,-1,139,-1,116
1,<environment.Job instance at 0x7f79759b0fa0>,116,21,[12  3],117,-1,138,-1,117
1,<environment.Job instance at 0x7f79751fe230>,117,19,[13  4],118,-1,137,-1,118
1,<environment.Job instance at 0x7f79751e0e60>,118,28,[ 4 11],119,-1,147,-1,119
1,<environment.Job instance at 0x7f7975af66e0>,119,25,[ 4 12],120,-1,145,-1,120
1,<environment.Job instance at 0x7f7975af6af0>,120,22,[14  1],121,-1,143,-1,121
1,<environment.Job instance at 0x7f7975af6e10>,121,25,[7 3],122,-1,147,-1,122
1,<environment.Job instance at 0x7f7975280aa0>,122,27,[ 4 13],123,-1,150,-1,123
1,<environment.Job instance at 0x7f7975280820>,123,26,[14  4],124,-1,150,-1,124
1,<environment.Job instance at 0x7f79759ac910>,124,26,[9 1],125,-1,151,-1,125
1,<environment.Job instance at 0x7f79759ac690>,125,14,[11  5],126,-1,140,-1,126
1,<environment.Job instance at 0x7f79759acb90>,126,16,[14  1],127,-1,143,-1,127
1,<environment.Job instance at 0x7f79759acbe0>,127,27,[ 1 14],128,-1,155,-1,128
1,<environment.Job instance at 0x7f7974ca60a0>,1,20,[11  2],2,-1,22,-1,2
1,<environment.Job instance at 0x7f7974ca6140>,2,25,[ 2 13],3,-1,28,-1,3
1,<environment.Job instance at 0x7f7974ca6910>,3,21,[ 2 13],4,-1,25,-1,4
1,<environment.Job instance at 0x7f7974ca6f00>,5,24,[ 3 13],6,-1,30,-1,6
1,<environment.Job instance at 0x7f7974ca6d70>,6,15,[ 2 13],7,-1,22,-1,7
1,<environment.Job instance at 0x7f7974ca6eb0>,7,28,[ 5 14],8,-1,36,-1,8
1,<environment.Job instance at 0x7f7974ca6550>,8,20,[11  2],9,-1,29,-1,9
1,<environment.Job instance at 0x7f7974ca63c0>,10,21,[ 4 14],11,-1,32,-1,11
1,<environment.Job instance at 0x7f7974ca6be0>,12,22,[14  4],13,-1,35,-1,13
1,<environment.Job instance at 0x7f7974ca6a50>,13,19,[ 5 14],14,-1,33,-1,14
1,<environment.Job instance at 0x7f7974ca6690>,14,23,[13  1],15,-1,38,-1,15
1,<environment.Job instance at 0x7f7974ca6370>,15,20,[14  5],16,-1,36,-1,16
1,<environment.Job instance at 0x7f7974ca61e0>,16,26,[ 1 11],17,-1,43,-1,17
1,<environment.Job instance at 0x7f7974ca6280>,17,14,[ 3 13],18,-1,32,-1,18
1,<environment.Job instance at 0x7f7974d0df50>,18,13,[ 4 14],19,-1,32,-1,19
1,<environment.Job instance at 0x7f7974ca6320>,19,13,[ 5 14],20,-1,33,-1,20
1,<environment.Job instance at 0x7f7974d0d820>,20,27,[14  3],21,-1,48,-1,21
1,<environment.Job instance at 0x7f7974d0d280>,21,16,[12  5],22,-1,38,-1,22
1,<environment.Job instance at 0x7f7974d0d730>,22,19,[13  5],23,-1,42,-1,23
1,<environment.Job instance at 0x7f7974d0d5a0>,23,13,[ 5 13],24,-1,37,-1,24
1,<environment.Job instance at 0x7f7974d0daf0>,25,26,[13  2],26,-1,52,-1,26
1,<environment.Job instance at 0x7f7974d0d870>,24,15,[12  1],25,-1,41,-1,26
1,<environment.Job instance at 0x7f7974d0df00>,27,23,[ 4 11],28,-1,51,-1,28
1,<environment.Job instance at 0x7f7974d0d690>,26,22,[13  5],27,-1,50,-1,28
1,<environment.Job instance at 0x7f7974d0dbe0>,28,17,[ 2 13],29,-1,46,-1,29
1,<environment.Job instance at 0x7f7974d0de10>,29,27,[ 2 13],30,-1,57,-1,30
1,<environment.Job instance at 0x7f7974d0d9b0>,30,20,[14  4],31,-1,51,-1,31
1,<environment.Job instance at 0x7f7974d0d500>,31,26,[ 4 11],32,-1,58,-1,32
1,<environment.Job instance at 0x7f7974d0d370>,32,25,[13  2],33,-1,58,-1,33
1,<environment.Job instance at 0x7f7974d0d960>,34,24,[5 1],35,-1,59,-1,35
1,<environment.Job instance at 0x7f7974cecbe0>,35,25,[ 3 11],36,-1,61,-1,36
1,<environment.Job instance at 0x7f7974cec140>,36,28,[14  3],37,-1,65,-1,37
1,<environment.Job instance at 0x7f7974d0db90>,33,13,[14  2],34,-1,50,-1,37
1,<environment.Job instance at 0x7f7974d0d0f0>,37,26,[ 4 14],38,-1,64,-1,38
1,<environment.Job instance at 0x7f7974cec3c0>,39,15,[13  1],40,-1,55,-1,40
1,<environment.Job instance at 0x7f7974cec550>,40,12,[14  2],41,-1,53,-1,41
1,<environment.Job instance at 0x7f7974cec5f0>,38,13,[13  3],39,-1,54,-1,41
1,<environment.Job instance at 0x7f7974cec910>,42,20,[ 4 12],43,-1,63,-1,43
1,<environment.Job instance at 0x7f7974cec780>,43,25,[ 4 14],44,-1,69,-1,44
1,<environment.Job instance at 0x7f7974cec640>,44,24,[7 2],45,-1,69,-1,45
1,<environment.Job instance at 0x7f7975446140>,46,24,[ 5 13],47,-1,71,-1,47
1,<environment.Job instance at 0x7f797547cc80>,47,25,[ 2 13],48,-1,73,-1,48
1,<environment.Job instance at 0x7f797547c3c0>,48,15,[12  4],49,-1,64,-1,49
1,<environment.Job instance at 0x7f797547c870>,49,19,[ 1 14],50,-1,69,-1,50
1,<environment.Job instance at 0x7f797547c4b0>,50,26,[13  4],51,-1,77,-1,51
1,<environment.Job instance at 0x7f797547c050>,51,22,[13  4],52,-1,74,-1,52
1,<environment.Job instance at 0x7f797547c140>,52,24,[12  4],53,-1,77,-1,53
1,<environment.Job instance at 0x7f797547c780>,53,27,[13  3],54,-1,81,-1,54
1,<environment.Job instance at 0x7f797547ca50>,55,23,[ 2 11],56,-1,79,-1,56
1,<environment.Job instance at 0x7f797547ca00>,56,20,[ 3 14],57,-1,77,-1,57
1,<environment.Job instance at 0x7f797547ce10>,58,15,[12  4],59,-1,74,-1,59
1,<environment.Job instance at 0x7f7975b2acd0>,59,25,[12  5],60,-1,85,-1,60
1,<environment.Job instance at 0x7f7975b1f0a0>,57,19,[13  1],58,-1,79,-1,60
1,<environment.Job instance at 0x7f7975b2aaa0>,60,20,[ 5 13],61,-1,81,-1,61
1,<environment.Job instance at 0x7f7975b2a780>,61,24,[ 2 13],62,-1,86,-1,62
1,<environment.Job instance at 0x7f7975b2aa00>,62,23,[11  2],63,-1,86,-1,63
1,<environment.Job instance at 0x7f7975b2aa50>,63,22,[ 2 12],64,-1,86,-1,64
1,<environment.Job instance at 0x7f7975b2a370>,64,20,[12  3],65,-1,85,-1,65
1,<environment.Job instance at 0x7f7975b2a1e0>,66,15,[ 5 14],67,-1,82,-1,67
1,<environment.Job instance at 0x7f7975b2a280>,65,19,[12  5],66,-1,86,-1,67
1,<environment.Job instance at 0x7f7975b618c0>,68,20,[ 4 14],69,-1,89,-1,69
1,<environment.Job instance at 0x7f797525c4b0>,70,25,[8 5],71,-1,96,-1,71
1,<environment.Job instance at 0x7f79751f8190>,69,20,[14  2],70,-1,91,-1,71
1,<environment.Job instance at 0x7f797542bcd0>,71,24,[ 1 12],72,-1,96,-1,72
1,<environment.Job instance at 0x7f797525da00>,72,21,[ 5 11],73,-1,94,-1,73
1,<environment.Job instance at 0x7f797525de60>,73,24,[ 2 14],74,-1,98,-1,74
1,<environment.Job instance at 0x7f79762345f0>,74,24,[11  1],75,-1,99,-1,75
1,<environment.Job instance at 0x7f79752d9870>,75,25,[7 1],76,-1,101,-1,76
1,<environment.Job instance at 0x7f79752d9f00>,76,24,[12  5],77,-1,101,-1,77
1,<environment.Job instance at 0x7f7974cb2190>,77,23,[10  2],78,-1,101,-1,78
1,<environment.Job instance at 0x7f7974cb2cd0>,78,22,[ 1 11],79,-1,101,-1,79
1,<environment.Job instance at 0x7f79751df230>,79,23,[ 5 12],80,-1,103,-1,80
1,<environment.Job instance at 0x7f79751dfcd0>,80,27,[ 4 14],81,-1,108,-1,81
1,<environment.Job instance at 0x7f79751dff00>,81,23,[ 2 11],82,-1,105,-1,82
1,<environment.Job instance at 0x7f7974cc8b40>,82,28,[ 4 12],83,-1,111,-1,83
1,<environment.Job instance at 0x7f7974d4d870>,83,22,[13  1],84,-1,106,-1,84
1,<environment.Job instance at 0x7f7974c6d690>,84,25,[3 6],85,-1,110,-1,85
1,<environment.Job instance at 0x7f7974c88c30>,86,22,[ 3 13],87,-1,109,-1,87
1,<environment.Job instance at 0x7f79758af640>,88,19,[13  4],89,-1,108,-1,89
1,<environment.Job instance at 0x7f79756043c0>,89,16,[ 2 12],90,-1,106,-1,90
1,<environment.Job instance at 0x7f7974d4f6e0>,90,12,[ 4 14],91,-1,103,-1,91
1,<environment.Job instance at 0x7f7974d42b90>,91,20,[ 5 13],92,-1,112,-1,92
1,<environment.Job instance at 0x7f7974d427d0>,93,26,[12  4],94,-1,120,-1,94
1,<environment.Job instance at 0x7f797e9c2b40>,94,26,[ 5 12],95,-1,121,-1,95
1,<environment.Job instance at 0x7f797e9c2d20>,95,22,[ 1 11],96,-1,118,-1,96
1,<environment.Job instance at 0x7f797e9c2230>,96,23,[14  5],97,-1,120,-1,97
1,<environment.Job instance at 0x7f7974d4e280>,97,22,[ 2 11],98,-1,120,-1,98
1,<environment.Job instance at 0x7f7974d4ed70>,98,22,[13  5],99,-1,121,-1,99
1,<environment.Job instance at 0x7f7975604be0>,87,20,[13  4],88,-1,119,-1,99
1,<environment.Job instance at 0x7f7974d4e6e0>,100,27,[11  5],101,-1,128,-1,101
1,<environment.Job instance at 0x7f7974d4ebe0>,101,16,[ 3 14],102,-1,118,-1,102
1,<environment.Job instance at 0x7f7974ccb0a0>,99,19,[11  1],100,-1,121,-1,102
1,<environment.Job instance at 0x7f7974d4ee60>,102,16,[14  1],103,-1,119,-1,103
1,<environment.Job instance at 0x7f7974d4ea50>,103,19,[ 5 12],104,-1,123,-1,104
1,<environment.Job instance at 0x7f7974d4e5f0>,104,25,[ 5 13],105,-1,130,-1,105
1,<environment.Job instance at 0x7f7974d4ec80>,105,26,[13  4],106,-1,132,-1,106
1,<environment.Job instance at 0x7f7974d4ef00>,106,21,[ 4 14],107,-1,128,-1,107
1,<environment.Job instance at 0x7f7974d4eb90>,107,25,[ 3 12],108,-1,133,-1,108
1,<environment.Job instance at 0x7f7974c86eb0>,110,14,[14  4],111,-1,125,-1,111
1,<environment.Job instance at 0x7f7974c86230>,111,28,[13  2],112,-1,140,-1,112
1,<environment.Job instance at 0x7f7974c86370>,112,28,[ 5 14],113,-1,141,-1,113
1,<environment.Job instance at 0x7f7974c86410>,114,14,[12  4],115,-1,129,-1,115
1,<environment.Job instance at 0x7f7974c86b90>,115,25,[12  4],116,-1,141,-1,116
1,<environment.Job instance at 0x7f7974c862d0>,116,20,[ 3 14],117,-1,137,-1,117
1,<environment.Job instance at 0x7f7974c86500>,117,28,[ 3 14],118,-1,146,-1,118
1,<environment.Job instance at 0x7f7974cf0e10>,118,28,[11  5],119,-1,147,-1,119
1,<environment.Job instance at 0x7f7974cf0960>,119,24,[8 4],120,-1,144,-1,120
1,<environment.Job instance at 0x7f7974cf0140>,123,14,[14  3],124,-1,139,-1,125
1,<environment.Job instance at 0x7f7974cf0370>,124,16,[13  2],125,-1,141,-1,125
1,<environment.Job instance at 0x7f7974cf0550>,125,26,[13  5],126,-1,152,-1,126
1,<environment.Job instance at 0x7f7974cf0e60>,126,24,[ 3 12],127,-1,151,-1,127
1,<environment.Job instance at 0x7f7974cb1d70>,127,23,[ 3 11],128,-1,151,-1,128
1,<environment.Job instance at 0x7f7974cb1e10>,128,22,[11  4],129,-1,151,-1,129
1,<environment.Job instance at 0x7f7974f78be0>,3,23,[ 5 11],4,-1,27,-1,4
1,<environment.Job instance at 0x7f79750d6910>,4,25,[13  5],5,-1,30,-1,5
1,<environment.Job instance at 0x7f79750d6050>,5,19,[ 5 13],6,-1,25,-1,6
1,<environment.Job instance at 0x7f79750d6a00>,6,15,[ 4 12],7,-1,22,-1,7
1,<environment.Job instance at 0x7f79750d6a50>,7,28,[ 5 10],8,-1,36,-1,8
1,<environment.Job instance at 0x7f7975017d20>,9,22,[12  5],10,-1,32,-1,10
1,<environment.Job instance at 0x7f7974ffa8c0>,10,21,[ 4 14],11,-1,32,-1,11
1,<environment.Job instance at 0x7f7974ffaf00>,11,20,[12  5],12,-1,32,-1,12
1,<environment.Job instance at 0x7f7974ffa3c0>,12,28,[2 8],13,-1,41,-1,13
1,<environment.Job instance at 0x7f7974ffa730>,13,24,[13  5],14,-1,38,-1,14
1,<environment.Job instance at 0x7f7974cc7a00>,14,17,[ 4 13],15,-1,32,-1,15
1,<environment.Job instance at 0x7f7975260c30>,15,21,[13  4],16,-1,37,-1,16
1,<environment.Job instance at 0x7f7975125f50>,16,22,[ 5 12],17,-1,39,-1,17
1,<environment.Job instance at 0x7f7975125e10>,17,13,[ 4 11],18,-1,31,-1,18
1,<environment.Job instance at 0x7f7975017460>,19,26,[ 1 13],20,-1,46,-1,20
1,<environment.Job instance at 0x7f7974d4c8c0>,23,24,[13  3],24,-1,48,-1,24
1,<environment.Job instance at 0x7f79751415f0>,24,22,[12  3],25,-1,47,-1,25
1,<environment.Job instance at 0x7f7975141af0>,25,14,[ 5 12],26,-1,40,-1,26
1,<environment.Job instance at 0x7f7975141780>,26,16,[ 5 11],27,-1,43,-1,27
1,<environment.Job instance at 0x7f797512cf50>,27,23,[10  4],28,-1,56,-1,33
1,<environment.Job instance at 0x7f7974d4c5f0>,28,20,[ 1 12],29,-1,53,-1,33
1,<environment.Job instance at 0x7f797512cc80>,29,21,[14  1],30,-1,54,-1,33
1,<environment.Job instance at 0x7f797512cc30>,30,20,[14  2],31,-1,53,-1,33
1,<environment.Job instance at 0x7f79750f1780>,31,22,[14  4],32,-1,55,-1,33
1,<environment.Job instance at 0x7f7974cb16e0>,36,22,[ 4 14],37,-1,101,-1,79
1,<environment.Job instance at 0x7f79759c4320>,37,20,[11  4],38,-1,99,-1,79
1,<environment.Job instance at 0x7f79751f1b90>,38,23,[14  4],39,-1,102,-1,79
1,<environment.Job instance at 0x7f7974cee820>,39,19,[ 3 14],40,-1,98,-1,79
1,<environment.Job instance at 0x7f7974ceeb40>,40,21,[14  2],41,-1,100,-1,79
1,<environment.Job instance at 0x7f7974cee8c0>,41,24,[14  2],42,-1,103,-1,79
1,<environment.Job instance at 0x7f7974cee9b0>,42,21,[ 5 11],43,-1,100,-1,79
1,<environment.Job instance at 0x7f7974c88d70>,43,20,[ 2 12],44,-1,99,-1,79
1,<environment.Job instance at 0x7f7974c88960>,44,23,[ 4 11],45,-1,102,-1,79
1,<environment.Job instance at 0x7f7974c88dc0>,45,24,[3 8],46,-1,103,-1,79
1,<environment.Job instance at 0x7f7975a40aa0>,46,23,[ 3 13],47,-1,102,-1,79
1,<environment.Job instance at 0x7f7975a40be0>,47,21,[14  4],48,-1,100,-1,79
1,<environment.Job instance at 0x7f7975a405a0>,49,24,[ 3 12],50,-1,103,-1,79
1,<environment.Job instance at 0x7f79750f0b90>,52,22,[ 5 13],53,-1,127,-1,105
1,<environment.Job instance at 0x7f79750f0640>,53,20,[14  4],54,-1,125,-1,105
1,<environment.Job instance at 0x7f79750f0f00>,54,23,[11  1],55,-1,128,-1,105
1,<environment.Job instance at 0x7f79750f03c0>,55,25,[5 8],56,-1,130,-1,105
1,<environment.Job instance at 0x7f79750f0960>,56,27,[13  4],57,-1,132,-1,105
1,<environment.Job instance at 0x7f79750ecc80>,57,21,[ 3 11],58,-1,126,-1,105
1,<environment.Job instance at 0x7f79750ec2d0>,58,14,[12  4],59,-1,119,-1,105
1,<environment.Job instance at 0x7f79750ece60>,59,12,[12  3],60,-1,117,-1,105
1,<environment.Job instance at 0x7f79750ec190>,60,26,[ 3 12],61,-1,131,-1,105
1,<environment.Job instance at 0x7f79750ec410>,61,12,[11  4],62,-1,117,-1,105
1,<environment.Job instance at 0x7f79750eca50>,62,23,[ 2 11],63,-1,128,-1,105
1,<environment.Job instance at 0x7f79750ec140>,63,14,[ 5 12],64,-1,119,-1,105
1,<environment.Job instance at 0x7f79750ec0a0>,64,19,[11  3],65,-1,124,-1,105
1,<environment.Job instance at 0x7f7974c7be60>,65,28,[ 2 11],66,-1,133,-1,105
1,<environment.Job instance at 0x7f7974c7b1e0>,66,24,[ 1 13],67,-1,129,-1,105
1,<environment.Job instance at 0x7f7975187410>,67,25,[ 5 13],68,-1,130,-1,105
1,<environment.Job instance at 0x7f79751dee60>,68,19,[11  3],69,-1,124,-1,105
1,<environment.Job instance at 0x7f79751deb90>,69,24,[8 2],70,-1,129,-1,105
1,<environment.Job instance at 0x7f79751dee10>,70,21,[ 2 12],71,-1,126,-1,105
1,<environment.Job instance at 0x7f7974d520f0>,71,23,[ 2 12],72,-1,128,-1,105
1,<environment.Job instance at 0x7f7974d4a8c0>,73,26,[ 5 11],74,-1,131,-1,105
1,<environment.Job instance at 0x7f7974d4ac80>,74,19,[14  5],75,-1,124,-1,105
1,<environment.Job instance at 0x7f79750a8b40>,75,21,[13  5],76,-1,126,-1,105
1,<environment.Job instance at 0x7f79750a8550>,76,24,[ 5 12],77,-1,129,-1,105
1,<environment.Job instance at 0x7f79750a8f50>,77,19,[12  2],78,-1,124,-1,105
1,<environment.Job instance at 0x7f797ed75370>,78,22,[ 5 11],79,-1,127,-1,105
1,<environment.Job instance at 0x7f797510c7d0>,79,26,[ 4 13],80,-1,131,-1,105
1,<environment.Job instance at 0x7f797ed75280>,80,27,[ 2 12],81,-1,132,-1,105
1,<environment.Job instance at 0x7f7974c815f0>,81,19,[13  2],82,-1,124,-1,105
1,<environment.Job instance at 0x7f79752294b0>,82,12,[11  2],83,-1,117,-1,105
1,<environment.Job instance at 0x7f7974cec230>,35,25,[14  4],36,-1,136,-1,111
1,<environment.Job instance at 0x7f7974c86a00>,86,26,[7 3],87,-1,146,-1,120
1,<environment.Job instance at 0x7f7974c86500>,87,25,[ 1 13],88,-1,145,-1,120
1,<environment.Job instance at 0x7f7974d0d0f0>,88,22,[ 1 12],89,-1,142,-1,120
1,<environment.Job instance at 0x7f7974d0d320>,89,26,[11  4],90,-1,146,-1,120
1,<environment.Job instance at 0x7f7975037cd0>,1,22,[12  2],2,-1,24,-1,2
1,<environment.Job instance at 0x7f7975040190>,2,14,[ 3 14],3,-1,17,-1,3
1,<environment.Job instance at 0x7f7975040410>,3,12,[ 3 12],4,-1,16,-1,4
1,<environment.Job instance at 0x7f7975040730>,4,25,[12  2],5,-1,30,-1,5
1,<environment.Job instance at 0x7f79750407d0>,5,24,[14  4],6,-1,30,-1,6
1,<environment.Job instance at 0x7f797502c780>,6,21,[ 2 12],7,-1,28,-1,7
1,<environment.Job instance at 0x7f797502c730>,7,26,[13  5],8,-1,34,-1,8
1,<environment.Job instance at 0x7f797502cd70>,8,24,[ 2 10],9,-1,33,-1,9
1,<environment.Job instance at 0x7f797502c820>,10,27,[12  2],11,-1,38,-1,11
1,<environment.Job instance at 0x7f7975024a50>,11,25,[12  4],12,-1,37,-1,12
1,<environment.Job instance at 0x7f7975024870>,12,27,[7 2],13,-1,40,-1,13
1,<environment.Job instance at 0x7f79750241e0>,13,24,[ 2 13],14,-1,38,-1,14
1,<environment.Job instance at 0x7f7975024a00>,14,19,[11  1],15,-1,34,-1,15
1,<environment.Job instance at 0x7f7975059a50>,15,23,[ 3 14],16,-1,39,-1,16
1,<environment.Job instance at 0x7f7975059910>,16,14,[ 4 13],17,-1,31,-1,17
1,<environment.Job instance at 0x7f7975059aa0>,17,27,[ 4 12],18,-1,45,-1,18
1,<environment.Job instance at 0x7f797502c320>,19,22,[ 2 13],20,-1,42,-1,20
1,<environment.Job instance at 0x7f79750593c0>,20,19,[ 4 13],21,-1,40,-1,21
1,<environment.Job instance at 0x7f7975059b40>,21,19,[13  4],22,-1,41,-1,22
1,<environment.Job instance at 0x7f7975059be0>,23,15,[ 1 12],24,-1,39,-1,24
1,<environment.Job instance at 0x7f7975059050>,22,19,[14  3],23,-1,43,-1,24
1,<environment.Job instance at 0x7f7975059780>,24,21,[ 5 14],25,-1,46,-1,25
1,<environment.Job instance at 0x7f7975059dc0>,26,25,[12  3],27,-1,52,-1,27
1,<environment.Job instance at 0x7f7975049d70>,27,22,[ 5 13],28,-1,50,-1,28
1,<environment.Job instance at 0x7f79750496e0>,31,25,[5 3],32,-1,63,-1,38
1,<environment.Job instance at 0x7f7975049640>,32,28,[11  5],33,-1,66,-1,38
1,<environment.Job instance at 0x7f7975049280>,33,15,[ 2 12],34,-1,53,-1,38
1,<environment.Job instance at 0x7f79750490a0>,34,16,[ 4 11],35,-1,54,-1,38
1,<environment.Job instance at 0x7f7975049140>,35,18,[11  1],36,-1,56,-1,38
1,<environment.Job instance at 0x7f79750493c0>,36,24,[ 5 13],37,-1,62,-1,38
1,<environment.Job instance at 0x7f7975049500>,37,22,[ 5 13],38,-1,60,-1,38
1,<environment.Job instance at 0x7f797503c2d0>,38,19,[ 3 12],39,-1,58,-1,39
1,<environment.Job instance at 0x7f797503c5f0>,39,17,[14  4],40,-1,57,-1,40
1,<environment.Job instance at 0x7f797503c190>,40,26,[13  3],41,-1,67,-1,41
1,<environment.Job instance at 0x7f79750581e0>,41,14,[11  3],42,-1,56,-1,42
1,<environment.Job instance at 0x7f79750583c0>,42,20,[ 4 14],43,-1,63,-1,43
1,<environment.Job instance at 0x7f7975a743c0>,47,26,[ 1 12],48,-1,115,-1,89
1,<environment.Job instance at 0x7f7975049eb0>,50,28,[11  1],51,-1,144,-1,116
1,<environment.Job instance at 0x7f7975024320>,51,18,[ 1 13],52,-1,134,-1,116
1,<environment.Job instance at 0x7f79753f8e10>,52,27,[ 5 12],53,-1,143,-1,116
1,<environment.Job instance at 0x7f7974bea780>,53,21,[ 1 14],54,-1,137,-1,116
1,<environment.Job instance at 0x7f7974bea6e0>,54,22,[14  2],55,-1,138,-1,116
1,<environment.Job instance at 0x7f7975340870>,55,14,[12  4],56,-1,130,-1,116
1,<environment.Job instance at 0x7f7974bea910>,56,18,[11  5],57,-1,134,-1,116
1,<environment.Job instance at 0x7f7975032f00>,57,20,[12  5],58,-1,136,-1,116
1,<environment.Job instance at 0x7f7974c1ec30>,58,27,[14  4],59,-1,143,-1,116
1,<environment.Job instance at 0x7f7974c24370>,59,27,[14  4],60,-1,143,-1,116
1,<environment.Job instance at 0x7f7974bee370>,60,19,[14  1],61,-1,135,-1,116
1,<environment.Job instance at 0x7f7974beefa0>,61,14,[12  2],62,-1,130,-1,116
1,<environment.Job instance at 0x7f7974c205f0>,62,21,[ 5 14],63,-1,137,-1,116
1,<environment.Job instance at 0x7f7974bee4b0>,63,24,[7 2],64,-1,140,-1,116
1,<environment.Job instance at 0x7f7974c38dc0>,64,27,[14  1],65,-1,143,-1,116
1,<environment.Job instance at 0x7f7974bfcdc0>,65,28,[ 2 14],66,-1,144,-1,116
1,<environment.Job instance at 0x7f7974bfc0f0>,66,21,[ 2 12],67,-1,137,-1,116
1,<environment.Job instance at 0x7f7974bfce10>,67,27,[ 2 11],68,-1,143,-1,116
1,<environment.Job instance at 0x7f7974bfcf00>,68,27,[ 1 11],69,-1,143,-1,116
1,<environment.Job instance at 0x7f7975037f00>,69,26,[ 2 14],70,-1,142,-1,116
1,<environment.Job instance at 0x7f7975059410>,70,25,[12  5],71,-1,141,-1,116
1,<environment.Job instance at 0x7f7975059af0>,71,19,[ 4 14],72,-1,135,-1,116
1,<environment.Job instance at 0x7f7975725cd0>,72,19,[ 5 13],73,-1,135,-1,116
1,<environment.Job instance at 0x7f7974c09320>,73,24,[ 4 11],74,-1,140,-1,116
1,<environment.Job instance at 0x7f7974c09dc0>,74,26,[11  4],75,-1,142,-1,116
1,<environment.Job instance at 0x7f7974c091e0>,75,28,[2 7],76,-1,144,-1,116
1,<environment.Job instance at 0x7f7974c09fa0>,76,22,[11  4],77,-1,138,-1,116
1,<environment.Job instance at 0x7f7974c09a00>,77,26,[12  5],78,-1,142,-1,116
1,<environment.Job instance at 0x7f7974c090a0>,78,25,[ 4 14],79,-1,141,-1,116
1,<environment.Job instance at 0x7f7974c096e0>,79,25,[ 1 10],80,-1,141,-1,116
1,<environment.Job instance at 0x7f7974c09c80>,80,25,[ 3 10],81,-1,141,-1,116
1,<environment.Job instance at 0x7f7974c09aa0>,81,23,[ 3 10],82,-1,139,-1,116
1,<environment.Job instance at 0x7f7974c09d20>,82,21,[ 4 11],83,-1,137,-1,116
1,<environment.Job instance at 0x7f7974c09b90>,83,27,[ 5 14],84,-1,143,-1,116
1,<environment.Job instance at 0x7f7974c09b40>,84,25,[14  3],85,-1,141,-1,116
1,<environment.Job instance at 0x7f7974c00190>,85,18,[12  1],86,-1,134,-1,116
1,<environment.Job instance at 0x7f7974c000a0>,86,19,[ 1 13],87,-1,135,-1,116
1,<environment.Job instance at 0x7f7974c00e60>,87,26,[10  3],88,-1,142,-1,116
1,<environment.Job instance at 0x7f7974c00be0>,88,23,[ 2 11],89,-1,139,-1,116
1,<environment.Job instance at 0x7f7974c00f00>,89,25,[ 5 11],90,-1,141,-1,116
1,<environment.Job instance at 0x7f7974c00c80>,90,27,[11  5],91,-1,143,-1,116
1,<environment.Job instance at 0x7f7974c00550>,91,17,[12  5],92,-1,133,-1,116
1,<environment.Job instance at 0x7f7974c00a00>,92,24,[7 1],93,-1,140,-1,116
1,<environment.Job instance at 0x7f7974c045f0>,93,21,[11  1],94,-1,137,-1,116
1,<environment.Job instance at 0x7f7974c044b0>,94,21,[12  4],95,-1,137,-1,116
1,<environment.Job instance at 0x7f7974c04a00>,95,26,[11  4],96,-1,142,-1,116
1,<environment.Job instance at 0x7f7974c04dc0>,96,21,[12  4],97,-1,137,-1,116
1,<environment.Job instance at 0x7f7974c04f00>,97,26,[ 1 13],98,-1,142,-1,116
1,<environment.Job instance at 0x7f7974c04d20>,98,26,[ 1 12],99,-1,142,-1,116
1,<environment.Job instance at 0x7f7974c04370>,99,19,[11  4],100,-1,135,-1,116
1,<environment.Job instance at 0x7f7974c04280>,100,23,[11  3],101,-1,139,-1,116
1,<environment.Job instance at 0x7f7974c040f0>,101,23,[ 4 10],102,-1,139,-1,116
1,<environment.Job instance at 0x7f7974c045a0>,102,12,[11  4],103,-1,128,-1,116
1,<environment.Job instance at 0x7f7974c04410>,103,24,[11  5],104,-1,140,-1,116
1,<environment.Job instance at 0x7f7974bedc30>,104,21,[ 3 13],105,-1,137,-1,116
1,<environment.Job instance at 0x7f7974bed780>,105,15,[11  4],106,-1,131,-1,116
1,<environment.Job instance at 0x7f7974bed550>,106,28,[ 5 11],107,-1,144,-1,116
1,<environment.Job instance at 0x7f7974bedb40>,107,28,[1 5],108,-1,147,-1,119
1,<environment.Job instance at 0x7f7974bed8c0>,108,20,[13  1],109,-1,139,-1,119
1,<environment.Job instance at 0x7f7974bed3c0>,109,21,[ 3 12],110,-1,140,-1,119
1,<environment.Job instance at 0x7f7974bed320>,110,25,[12  3],111,-1,144,-1,119
1,<environment.Job instance at 0x7f7974beda50>,112,20,[12  2],113,-1,139,-1,119
1,<environment.Job instance at 0x7f7974beda00>,113,25,[ 3 12],114,-1,144,-1,119
1,<environment.Job instance at 0x7f7974c075f0>,114,20,[ 5 11],115,-1,139,-1,119
1,<environment.Job instance at 0x7f7974c077d0>,115,26,[11  1],116,-1,145,-1,119
1,<environment.Job instance at 0x7f7974c07690>,116,27,[ 1 13],117,-1,146,-1,119
1,<environment.Job instance at 0x7f7974c07460>,117,20,[ 1 14],118,-1,139,-1,119
1,<environment.Job instance at 0x7f7974c07f00>,118,28,[ 3 14],119,-1,147,-1,119
1,<environment.Job instance at 0x7f7974c42550>,49,23,[14  1],50,-1,142,-1,119
1,<environment.Job instance at 0x7f7974c07cd0>,119,25,[12  2],120,-1,145,-1,120
1,<environment.Job instance at 0x7f7974c07960>,120,25,[ 5 14],121,-1,146,-1,121
1,<environment.Job instance at 0x7f7974c07910>,121,21,[ 1 12],122,-1,143,-1,122
1,<environment.Job instance at 0x7f7974c07050>,122,28,[5 5],123,-1,151,-1,123
1,<environment.Job instance at 0x7f7974c070f0>,123,21,[ 5 14],124,-1,145,-1,124
1,<environment.Job instance at 0x7f7974c07d20>,125,15,[ 4 11],126,-1,141,-1,126
1,<environment.Job instance at 0x7f7974c05230>,126,27,[5 1],127,-1,155,-1,128
1,<environment.Job instance at 0x7f7974c0d5f0>,127,21,[ 1 12],128,-1,149,-1,128
1,<environment.Job instance at 0x7f7974c05d70>,128,26,[4 9],129,-1,155,-1,129
1,<environment.Job instance at 0x7f7974c05d70>,2,28,[13  1],3,-1,31,-1,3
1,<environment.Job instance at 0x7f7976114370>,4,25,[13  3],5,-1,30,-1,5
1,<environment.Job instance at 0x7f79761140a0>,3,22,[14  1],4,-1,27,-1,5
1,<environment.Job instance at 0x7f79761147d0>,5,23,[11  2],6,-1,29,-1,6
1,<environment.Job instance at 0x7f7975337140>,6,19,[12  1],7,-1,26,-1,7
1,<environment.Job instance at 0x7f7975337410>,7,26,[ 4 13],8,-1,34,-1,8
1,<environment.Job instance at 0x7f7975337500>,9,25,[12  4],10,-1,35,-1,10
1,<environment.Job instance at 0x7f7975337230>,10,20,[ 2 12],11,-1,31,-1,11
1,<environment.Job instance at 0x7f79753375a0>,11,25,[ 5 14],12,-1,37,-1,12
1,<environment.Job instance at 0x7f7975337280>,12,19,[ 5 12],13,-1,32,-1,13
1,<environment.Job instance at 0x7f7975337b90>,13,26,[ 1 12],14,-1,40,-1,14
1,<environment.Job instance at 0x7f7975337c30>,14,28,[ 3 12],15,-1,43,-1,15
1,<environment.Job instance at 0x7f7975337640>,15,20,[ 1 12],16,-1,36,-1,16
1,<environment.Job instance at 0x7f7975337820>,20,28,[ 4 12],21,-1,50,-1,22
1,<environment.Job instance at 0x7f7975337f50>,21,25,[ 2 12],22,-1,47,-1,22
1,<environment.Job instance at 0x7f7975337870>,22,24,[11  2],23,-1,47,-1,23
1,<environment.Job instance at 0x7f7975337320>,23,18,[ 1 11],24,-1,42,-1,24
1,<environment.Job instance at 0x7f7975337b40>,24,22,[12  3],25,-1,47,-1,25
1,<environment.Job instance at 0x7f7974c38b90>,25,26,[ 3 11],26,-1,52,-1,26
1,<environment.Job instance at 0x7f7974c380a0>,29,20,[ 5 13],30,-1,97,-1,77
1,<environment.Job instance at 0x7f7974c38e60>,30,23,[11  3],31,-1,100,-1,77
1,<environment.Job instance at 0x7f7974c38550>,31,24,[13  5],32,-1,101,-1,77
1,<environment.Job instance at 0x7f7974c38280>,32,27,[11  5],33,-1,104,-1,77
1,<environment.Job instance at 0x7f7974c38fa0>,34,28,[ 3 12],35,-1,118,-1,90
1,<environment.Job instance at 0x7f7974c38be0>,35,26,[12  3],36,-1,116,-1,90
1,<environment.Job instance at 0x7f7974c41fa0>,36,14,[ 4 12],37,-1,104,-1,90
1,<environment.Job instance at 0x7f7974c41550>,37,17,[ 2 11],38,-1,107,-1,90
1,<environment.Job instance at 0x7f7974c41af0>,38,28,[12  3],39,-1,118,-1,90
1,<environment.Job instance at 0x7f7974c41aa0>,40,23,[13  1],41,-1,132,-1,109
1,<environment.Job instance at 0x7f7974c41730>,41,19,[ 4 14],42,-1,128,-1,109
1,<environment.Job instance at 0x7f7974c418c0>,42,21,[ 3 12],43,-1,130,-1,109
1,<environment.Job instance at 0x7f7974c417d0>,43,24,[ 4 11],44,-1,133,-1,109
1,<environment.Job instance at 0x7f7974c419b0>,44,26,[13  2],45,-1,135,-1,109
1,<environment.Job instance at 0x7f7974c41460>,45,22,[12  3],46,-1,131,-1,109
1,<environment.Job instance at 0x7f7974c41dc0>,46,19,[ 5 11],47,-1,128,-1,109
1,<environment.Job instance at 0x7f7974c41410>,47,20,[ 5 13],48,-1,129,-1,109
1,<environment.Job instance at 0x7f7974c41640>,48,20,[ 1 14],49,-1,129,-1,109
1,<environment.Job instance at 0x7f7974c3baf0>,49,23,[14  2],50,-1,132,-1,109
1,<environment.Job instance at 0x7f7974c3baa0>,50,16,[ 3 12],51,-1,125,-1,109
1,<environment.Job instance at 0x7f7974c3bd20>,51,12,[14  3],52,-1,121,-1,109
1,<environment.Job instance at 0x7f7974c3b690>,52,26,[14  3],53,-1,135,-1,109
1,<environment.Job instance at 0x7f7974c3b2d0>,53,27,[ 3 14],54,-1,136,-1,109
1,<environment.Job instance at 0x7f7974c3b0a0>,55,27,[ 5 13],56,-1,148,-1,121
1,<environment.Job instance at 0x7f7974c3ba00>,56,25,[13  4],57,-1,146,-1,121
1,<environment.Job instance at 0x7f7974c3be60>,57,27,[ 2 14],58,-1,148,-1,121
1,<environment.Job instance at 0x7f7974c3be10>,58,21,[ 2 14],59,-1,142,-1,121
1,<environment.Job instance at 0x7f7974c3b7d0>,59,22,[ 3 11],60,-1,143,-1,121
1,<environment.Job instance at 0x7f7974c3b050>,60,28,[ 4 14],61,-1,149,-1,121
1,<environment.Job instance at 0x7f7974c3b550>,61,12,[ 1 12],62,-1,133,-1,121
1,<environment.Job instance at 0x7f7974c3b8c0>,62,28,[8 2],63,-1,149,-1,121
1,<environment.Job instance at 0x7f7974c3ba50>,63,19,[14  4],64,-1,140,-1,121
1,<environment.Job instance at 0x7f7974c3b1e0>,64,23,[12  3],65,-1,144,-1,121
1,<environment.Job instance at 0x7f7974c3bbe0>,65,15,[11  3],66,-1,136,-1,121
1,<environment.Job instance at 0x7f7974c3b230>,66,23,[12  3],67,-1,144,-1,121
1,<environment.Job instance at 0x7f797613f050>,67,27,[13  4],68,-1,148,-1,121
1,<environment.Job instance at 0x7f797613faf0>,68,23,[4 5],69,-1,145,-1,122
1,<environment.Job instance at 0x7f797613f190>,69,18,[12  2],70,-1,140,-1,122
1,<environment.Job instance at 0x7f797613f8c0>,70,20,[13  5],71,-1,142,-1,122
1,<environment.Job instance at 0x7f797613f5a0>,71,24,[13  5],72,-1,146,-1,122
1,<environment.Job instance at 0x7f797613f140>,72,26,[ 4 12],73,-1,148,-1,122
1,<environment.Job instance at 0x7f797e7d55f0>,2,28,[13  5],3,-1,31,-1,3
1,<environment.Job instance at 0x7f797e7a47d0>,4,23,[ 4 14],5,-1,28,-1,5
1,<environment.Job instance at 0x7f797e7a4410>,6,28,[12  3],7,-1,35,-1,7
1,<environment.Job instance at 0x7f797e7a4eb0>,7,27,[11  4],8,-1,35,-1,8
1,<environment.Job instance at 0x7f797e7a4550>,8,27,[9 4],9,-1,36,-1,9
1,<environment.Job instance at 0x7f797e7a45f0>,9,28,[5 9],10,-1,38,-1,10
1,<environment.Job instance at 0x7f7975a88460>,10,14,[5 4],11,-1,25,-1,11
1,<environment.Job instance at 0x7f7975a88c30>,11,16,[ 3 12],12,-1,28,-1,12
1,<environment.Job instance at 0x7f7975a88b90>,12,23,[ 2 14],13,-1,36,-1,13
1,<environment.Job instance at 0x7f7975a88370>,13,21,[ 2 13],14,-1,35,-1,14
1,<environment.Job instance at 0x7f7975a88690>,14,28,[14  2],15,-1,43,-1,15
1,<environment.Job instance at 0x7f7975a887d0>,15,24,[11  1],16,-1,40,-1,16
1,<environment.Job instance at 0x7f7975a88230>,16,21,[ 3 13],17,-1,38,-1,17
1,<environment.Job instance at 0x7f7975a88d70>,17,20,[11  1],18,-1,38,-1,18
1,<environment.Job instance at 0x7f7975a7fc80>,18,26,[ 1 12],19,-1,45,-1,19
1,<environment.Job instance at 0x7f7975a7f550>,19,13,[12  3],20,-1,33,-1,20
1,<environment.Job instance at 0x7f7975a7f190>,20,25,[ 1 11],21,-1,46,-1,21
1,<environment.Job instance at 0x7f7975a7f6e0>,21,20,[ 3 14],22,-1,42,-1,22
1,<environment.Job instance at 0x7f7974bc2c30>,22,17,[ 1 12],23,-1,40,-1,23
1,<environment.Job instance at 0x7f7974bc2370>,23,25,[2 7],24,-1,49,-1,24
1,<environment.Job instance at 0x7f7974bc2550>,24,23,[10  4],25,-1,48,-1,25
1,<environment.Job instance at 0x7f7974bc2960>,25,21,[ 3 14],26,-1,47,-1,26
1,<environment.Job instance at 0x7f7974bc2dc0>,26,23,[14  5],27,-1,50,-1,27
1,<environment.Job instance at 0x7f7974bc2e60>,27,24,[3 6],28,-1,53,-1,29
1,<environment.Job instance at 0x7f7974bc2910>,29,27,[ 5 13],30,-1,57,-1,30
1,<environment.Job instance at 0x7f797503cd70>,32,27,[ 5 12],33,-1,60,-1,33
1,<environment.Job instance at 0x7f797503caa0>,33,28,[9 3],34,-1,62,-1,34
1,<environment.Job instance at 0x7f797503c640>,34,16,[ 2 13],35,-1,51,-1,35
1,<environment.Job instance at 0x7f797503c7d0>,35,28,[14  4],36,-1,64,-1,36
1,<environment.Job instance at 0x7f797503ceb0>,36,13,[12  5],37,-1,50,-1,37
1,<environment.Job instance at 0x7f797503ca00>,37,13,[14  1],38,-1,51,-1,38
1,<environment.Job instance at 0x7f797503c6e0>,38,26,[11  5],39,-1,65,-1,39
1,<environment.Job instance at 0x7f797503ccd0>,39,14,[ 2 13],40,-1,54,-1,40
1,<environment.Job instance at 0x7f797503cb40>,40,28,[14  5],41,-1,69,-1,41
1,<environment.Job instance at 0x7f797503c140>,41,18,[12  4],42,-1,60,-1,42
1,<environment.Job instance at 0x7f797503cf50>,42,21,[ 2 14],43,-1,64,-1,43
1,<environment.Job instance at 0x7f797503c9b0>,45,16,[ 3 13],46,-1,62,-1,46
1,<environment.Job instance at 0x7f797503c5f0>,46,26,[11  1],47,-1,73,-1,47
1,<environment.Job instance at 0x7f797503c2d0>,47,23,[12  5],48,-1,71,-1,48
1,<environment.Job instance at 0x7f797503c500>,49,20,[ 5 13],50,-1,78,-1,58
1,<environment.Job instance at 0x7f797503c0f0>,50,17,[13  3],51,-1,75,-1,58
1,<environment.Job instance at 0x7f797503c230>,51,23,[12  3],52,-1,81,-1,58
1,<environment.Job instance at 0x7f7975048af0>,52,19,[ 3 11],53,-1,77,-1,58
1,<environment.Job instance at 0x7f7975048c30>,53,19,[2 8],54,-1,111,-1,92
1,<environment.Job instance at 0x7f7975048190>,55,28,[ 5 13],56,-1,120,-1,92
1,<environment.Job instance at 0x7f7975048910>,56,19,[ 4 11],57,-1,111,-1,92
1,<environment.Job instance at 0x7f7975048050>,57,25,[13  4],58,-1,117,-1,92
1,<environment.Job instance at 0x7f7975048140>,58,21,[ 1 12],59,-1,113,-1,92
1,<environment.Job instance at 0x7f7975048410>,59,22,[ 4 12],60,-1,114,-1,92
1,<environment.Job instance at 0x7f7975048aa0>,60,22,[13  5],61,-1,114,-1,92
1,<environment.Job instance at 0x7f7975048730>,61,28,[13  2],62,-1,120,-1,92
1,<environment.Job instance at 0x7f7975048be0>,62,20,[14  3],63,-1,112,-1,92
1,<environment.Job instance at 0x7f7975048f00>,63,24,[14  3],64,-1,116,-1,92
1,<environment.Job instance at 0x7f7975048dc0>,64,25,[12  1],65,-1,117,-1,92
1,<environment.Job instance at 0x7f7975048fa0>,65,24,[5 8],66,-1,116,-1,92
1,<environment.Job instance at 0x7f7975048c80>,66,13,[ 1 13],67,-1,105,-1,92
1,<environment.Job instance at 0x7f7975048b90>,67,23,[ 1 14],68,-1,115,-1,92
1,<environment.Job instance at 0x7f7975048460>,68,25,[12  5],69,-1,117,-1,92
1,<environment.Job instance at 0x7f7975048eb0>,69,27,[ 2 14],70,-1,119,-1,92
1,<environment.Job instance at 0x7f7975845fa0>,70,20,[ 2 14],71,-1,112,-1,92
1,<environment.Job instance at 0x7f7975845b40>,71,25,[ 4 11],72,-1,117,-1,92
1,<environment.Job instance at 0x7f79758459b0>,72,21,[ 3 11],73,-1,113,-1,92
1,<environment.Job instance at 0x7f79758457d0>,73,21,[13  2],74,-1,113,-1,92
1,<environment.Job instance at 0x7f79758453c0>,74,23,[14  5],75,-1,115,-1,92
1,<environment.Job instance at 0x7f7975845190>,75,25,[ 2 11],76,-1,117,-1,92
1,<environment.Job instance at 0x7f7975845230>,76,26,[14  4],77,-1,118,-1,92
1,<environment.Job instance at 0x7f7975845370>,77,14,[ 1 13],78,-1,106,-1,92
1,<environment.Job instance at 0x7f79758450a0>,78,17,[ 1 11],79,-1,109,-1,92
1,<environment.Job instance at 0x7f7975845870>,79,24,[5 4],80,-1,116,-1,92
1,<environment.Job instance at 0x7f7975845af0>,80,14,[8 1],81,-1,106,-1,92
1,<environment.Job instance at 0x7f7975845f50>,81,26,[ 1 11],82,-1,118,-1,92
1,<environment.Job instance at 0x7f7975845280>,82,16,[13  2],83,-1,108,-1,92
1,<environment.Job instance at 0x7f797e7ac320>,83,21,[ 5 11],84,-1,113,-1,92
1,<environment.Job instance at 0x7f797e7ac730>,84,17,[13  4],85,-1,109,-1,92
1,<environment.Job instance at 0x7f797e7acb40>,85,28,[ 3 12],86,-1,120,-1,92
1,<environment.Job instance at 0x7f797e7ac780>,86,26,[ 1 12],87,-1,118,-1,92
1,<environment.Job instance at 0x7f797e7ac690>,88,19,[13  5],89,-1,119,-1,100
1,<environment.Job instance at 0x7f797e7acdc0>,89,20,[ 5 14],90,-1,120,-1,100
1,<environment.Job instance at 0x7f797e7ac230>,90,27,[ 2 14],91,-1,127,-1,100
1,<environment.Job instance at 0x7f797e7acf50>,91,13,[ 2 12],92,-1,113,-1,100
1,<environment.Job instance at 0x7f797e7ac9b0>,92,24,[10  4],93,-1,124,-1,100
1,<environment.Job instance at 0x7f797e7ac500>,93,18,[ 3 11],94,-1,118,-1,100
1,<environment.Job instance at 0x7f797e7accd0>,94,13,[14  4],95,-1,113,-1,100
1,<environment.Job instance at 0x7f797e7ac7d0>,95,23,[14  2],96,-1,123,-1,100
1,<environment.Job instance at 0x7f7975a85c80>,96,25,[14  4],97,-1,125,-1,100
1,<environment.Job instance at 0x7f7975a856e0>,97,19,[13  5],98,-1,119,-1,100
1,<environment.Job instance at 0x7f7975a85d20>,98,26,[10  2],99,-1,126,-1,100
1,<environment.Job instance at 0x7f7975a85aa0>,102,23,[ 3 13],103,-1,151,-1,128
1,<environment.Job instance at 0x7f7975024be0>,1,28,[11  4],2,-1,30,-1,2
1,<environment.Job instance at 0x7f7975a854b0>,2,27,[ 1 13],3,-1,30,-1,3
1,<environment.Job instance at 0x7f7976162190>,3,25,[ 5 12],4,-1,29,-1,4
1,<environment.Job instance at 0x7f7976162320>,4,13,[13  4],5,-1,18,-1,5
1,<environment.Job instance at 0x7f7976162c80>,7,16,[ 4 13],8,-1,24,-1,8
1,<environment.Job instance at 0x7f7974f89b40>,8,28,[1 7],9,-1,37,-1,9
1,<environment.Job instance at 0x7f7974f89f00>,9,25,[13  2],10,-1,35,-1,10
1,<environment.Job instance at 0x7f79761590a0>,12,28,[ 1 11],13,-1,41,-1,13
1,<environment.Job instance at 0x7f7976160e60>,16,27,[ 5 11],17,-1,44,-1,17
1,<environment.Job instance at 0x7f7976160fa0>,17,27,[6 4],18,-1,45,-1,18
1,<environment.Job instance at 0x7f7976160500>,18,17,[14  2],19,-1,36,-1,19
1,<environment.Job instance at 0x7f7976160460>,19,24,[ 1 12],20,-1,44,-1,20
1,<environment.Job instance at 0x7f7976160320>,20,24,[14  5],21,-1,45,-1,21
1,<environment.Job instance at 0x7f7976160550>,21,18,[ 1 14],22,-1,40,-1,22
1,<environment.Job instance at 0x7f7976160a50>,22,15,[ 1 13],23,-1,38,-1,23
1,<environment.Job instance at 0x7f7976160d20>,24,21,[12  2],25,-1,48,-1,27
1,<environment.Job instance at 0x7f79761606e0>,25,27,[ 4 12],26,-1,54,-1,27
1,<environment.Job instance at 0x7f797603b280>,26,20,[ 5 11],27,-1,47,-1,27
1,<environment.Job instance at 0x7f7974cc1b40>,27,23,[ 3 13],28,-1,51,-1,28
1,<environment.Job instance at 0x7f79761890f0>,28,28,[12  3],29,-1,57,-1,29
1,<environment.Job instance at 0x7f7976189e60>,29,23,[14  2],30,-1,53,-1,30
1,<environment.Job instance at 0x7f797550d1e0>,30,26,[ 2 11],31,-1,57,-1,31
1,<environment.Job instance at 0x7f7976008e60>,31,27,[6 4],32,-1,59,-1,32
1,<environment.Job instance at 0x7f7976008be0>,32,25,[ 4 14],33,-1,58,-1,33
1,<environment.Job instance at 0x7f7976008d70>,33,17,[ 2 13],34,-1,51,-1,34
1,<environment.Job instance at 0x7f7976008a50>,34,26,[13  2],35,-1,61,-1,35
1,<environment.Job instance at 0x7f7976008c80>,35,24,[14  3],36,-1,60,-1,36
1,<environment.Job instance at 0x7f79754ea7d0>,36,24,[13  5],37,-1,61,-1,37
1,<environment.Job instance at 0x7f797554e960>,37,12,[ 4 13],38,-1,50,-1,38
1,<environment.Job instance at 0x7f7975505fa0>,38,27,[14  3],39,-1,66,-1,39
1,<environment.Job instance at 0x7f797553c870>,40,26,[ 5 11],41,-1,67,-1,41
1,<environment.Job instance at 0x7f7975513190>,41,27,[12  5],42,-1,69,-1,42
1,<environment.Job instance at 0x7f797552a8c0>,43,20,[11  1],44,-1,64,-1,44
1,<environment.Job instance at 0x7f7976176730>,44,26,[ 1 13],45,-1,71,-1,45
1,<environment.Job instance at 0x7f7976176320>,45,13,[ 1 13],46,-1,59,-1,46
1,<environment.Job instance at 0x7f7975541960>,46,18,[12  5],47,-1,65,-1,47
1,<environment.Job instance at 0x7f79755415f0>,47,24,[ 5 12],48,-1,72,-1,48
1,<environment.Job instance at 0x7f7975527320>,48,22,[ 3 14],49,-1,71,-1,49
1,<environment.Job instance at 0x7f797554f050>,49,21,[ 2 11],50,-1,71,-1,50
1,<environment.Job instance at 0x7f797554fe60>,50,19,[13  2],51,-1,70,-1,51
1,<environment.Job instance at 0x7f797554f0f0>,51,20,[ 3 14],52,-1,72,-1,52
1,<environment.Job instance at 0x7f797554f500>,52,15,[ 1 12],53,-1,68,-1,53
1,<environment.Job instance at 0x7f79755477d0>,53,25,[14  2],54,-1,79,-1,54
1,<environment.Job instance at 0x7f7975547370>,54,22,[11  3],55,-1,77,-1,55
1,<environment.Job instance at 0x7f7975547320>,55,16,[14  2],56,-1,72,-1,56
1,<environment.Job instance at 0x7f7975547230>,56,26,[9 2],57,-1,83,-1,57
1,<environment.Job instance at 0x7f7975547780>,57,26,[ 2 10],58,-1,84,-1,58
1,<environment.Job instance at 0x7f7975547140>,58,18,[ 1 10],59,-1,81,-1,63
1,<environment.Job instance at 0x7f7975486be0>,59,25,[5 5],60,-1,88,-1,63
1,<environment.Job instance at 0x7f7975547a00>,60,20,[ 3 12],61,-1,83,-1,63
1,<environment.Job instance at 0x7f7975547a50>,61,18,[11  5],62,-1,81,-1,63
1,<environment.Job instance at 0x7f7975547730>,62,26,[ 2 11],63,-1,89,-1,63
1,<environment.Job instance at 0x7f7975547f50>,63,27,[7 4],64,-1,91,-1,64
1,<environment.Job instance at 0x7f7975547e60>,64,19,[ 2 13],65,-1,84,-1,65
1,<environment.Job instance at 0x7f79755474b0>,65,20,[12  3],66,-1,86,-1,66
1,<environment.Job instance at 0x7f79755478c0>,66,24,[7 2],67,-1,91,-1,67
1,<environment.Job instance at 0x7f7975547c80>,67,22,[14  3],68,-1,90,-1,68
1,<environment.Job instance at 0x7f79755497d0>,68,26,[12  1],69,-1,95,-1,69
1,<environment.Job instance at 0x7f79755490a0>,69,28,[ 3 12],70,-1,98,-1,70
1,<environment.Job instance at 0x7f79755491e0>,70,22,[2 9],71,-1,100,-1,78
1,<environment.Job instance at 0x7f7975549190>,72,26,[11  3],73,-1,104,-1,78
1,<environment.Job instance at 0x7f7975547cd0>,73,26,[3 7],74,-1,104,-1,78
1,<environment.Job instance at 0x7f7975539d70>,74,22,[7 3],75,-1,100,-1,78
1,<environment.Job instance at 0x7f7975539e10>,75,23,[ 4 13],76,-1,101,-1,78
1,<environment.Job instance at 0x7f7975539eb0>,76,19,[11  1],77,-1,97,-1,78
1,<environment.Job instance at 0x7f7975539d20>,77,26,[11  4],78,-1,104,-1,78
1,<environment.Job instance at 0x7f7975539fa0>,78,21,[4 7],79,-1,104,-1,83
1,<environment.Job instance at 0x7f7975539c80>,79,21,[ 2 13],80,-1,104,-1,83
1,<environment.Job instance at 0x7f7975315aa0>,80,19,[11  1],81,-1,102,-1,83
1,<environment.Job instance at 0x7f7975315d20>,81,13,[ 4 11],82,-1,96,-1,83
1,<environment.Job instance at 0x7f7975315960>,82,22,[12  4],83,-1,105,-1,83
1,<environment.Job instance at 0x7f7975315f00>,83,16,[14  5],84,-1,100,-1,84
1,<environment.Job instance at 0x7f7975315b40>,84,20,[ 3 12],85,-1,105,-1,85
1,<environment.Job instance at 0x7f7975315f50>,85,28,[13  5],86,-1,114,-1,86
1,<environment.Job instance at 0x7f7975315af0>,86,23,[14  3],87,-1,110,-1,87
1,<environment.Job instance at 0x7f7975315140>,87,25,[ 2 14],88,-1,113,-1,88
1,<environment.Job instance at 0x7f7975315280>,88,21,[ 3 10],89,-1,110,-1,89
1,<environment.Job instance at 0x7f7975315a50>,89,22,[ 2 12],90,-1,112,-1,90
1,<environment.Job instance at 0x7f7975315be0>,90,21,[11  3],91,-1,112,-1,91
1,<environment.Job instance at 0x7f7975315e60>,91,24,[13  3],92,-1,116,-1,92
1,<environment.Job instance at 0x7f7975315c80>,92,23,[5 5],93,-1,116,-1,93
1,<environment.Job instance at 0x7f7975315410>,94,22,[ 3 11],95,-1,117,-1,95
1,<environment.Job instance at 0x7f79753150a0>,96,19,[ 2 11],97,-1,116,-1,97
1,<environment.Job instance at 0x7f79753156e0>,97,18,[ 5 13],98,-1,116,-1,98
1,<environment.Job instance at 0x7f7975315460>,98,28,[ 5 11],99,-1,127,-1,99
1,<environment.Job instance at 0x7f79753152d0>,99,27,[12  1],100,-1,127,-1,100
1,<environment.Job instance at 0x7f7975315d70>,100,22,[13  3],101,-1,123,-1,101
1,<environment.Job instance at 0x7f79753150f0>,101,17,[13  4],102,-1,119,-1,102
1,<environment.Job instance at 0x7f7975315910>,102,28,[ 5 11],103,-1,131,-1,103
1,<environment.Job instance at 0x7f7975315e10>,104,22,[ 1 14],105,-1,131,-1,109
1,<environment.Job instance at 0x7f7975313140>,105,24,[13  4],106,-1,133,-1,109
1,<environment.Job instance at 0x7f7975313190>,106,24,[ 4 13],107,-1,133,-1,109
1,<environment.Job instance at 0x7f7975313410>,107,19,[ 5 14],108,-1,128,-1,109
1,<environment.Job instance at 0x7f7975313370>,108,19,[14  3],109,-1,128,-1,109
1,<environment.Job instance at 0x7f7975313500>,109,26,[8 4],110,-1,136,-1,110
1,<environment.Job instance at 0x7f79753135a0>,110,14,[13  2],111,-1,125,-1,111
1,<environment.Job instance at 0x7f79753135f0>,111,22,[ 5 13],112,-1,134,-1,112
1,<environment.Job instance at 0x7f7975313690>,112,24,[ 1 14],113,-1,137,-1,113
1,<environment.Job instance at 0x7f7975313780>,113,28,[13  5],114,-1,142,-1,114
1,<environment.Job instance at 0x7f79753137d0>,114,22,[12  4],115,-1,137,-1,115
1,<environment.Job instance at 0x7f7975313960>,116,24,[14  5],117,-1,143,-1,119
1,<environment.Job instance at 0x7f7975313a00>,117,19,[13  1],118,-1,138,-1,119
1,<environment.Job instance at 0x7f7975313aa0>,118,23,[11  5],119,-1,142,-1,119
1,<environment.Job instance at 0x7f7975313910>,119,23,[ 2 12],120,-1,143,-1,120
1,<environment.Job instance at 0x7f7975313c30>,120,14,[11  5],121,-1,135,-1,121
1,<environment.Job instance at 0x7f7975313c80>,121,25,[7 3],122,-1,147,-1,122
1,<environment.Job instance at 0x7f7975313d20>,122,23,[12  5],123,-1,146,-1,123
1,<environment.Job instance at 0x7f7975313dc0>,123,28,[11  2],124,-1,152,-1,124
1,<environment.Job instance at 0x7f7975313e60>,124,27,[11  2],125,-1,152,-1,125
1,<environment.Job instance at 0x7f7975313f00>,125,24,[6 4],126,-1,150,-1,126
1,<environment.Job instance at 0x7f7975313fa0>,126,17,[ 4 13],127,-1,144,-1,127
1,<environment.Job instance at 0x7f79752fa0a0>,127,21,[ 3 10],128,-1,150,-1,129
1,<environment.Job instance at 0x7f79753134b0>,128,13,[12  5],129,-1,142,-1,129
1,<environment.Job instance at 0x7f7975c697d0>,1,21,[13  1],2,-1,23,-1,2
1,<environment.Job instance at 0x7f7975c69f00>,2,24,[13  4],3,-1,27,-1,3
1,<environment.Job instance at 0x7f7975c69f50>,3,19,[ 5 14],4,-1,23,-1,4
1,<environment.Job instance at 0x7f7975c69fa0>,4,28,[ 1 12],5,-1,33,-1,5
1,<environment.Job instance at 0x7f7975c691e0>,5,28,[12  3],6,-1,34,-1,6
1,<environment.Job instance at 0x7f7975c690a0>,6,27,[2 7],7,-1,34,-1,7
1,<environment.Job instance at 0x7f7975c69640>,7,23,[11  3],8,-1,31,-1,8
1,<environment.Job instance at 0x7f7975c69780>,8,14,[ 1 14],9,-1,23,-1,9
1,<environment.Job instance at 0x7f7975c69cd0>,9,26,[ 5 12],10,-1,36,-1,10
1,<environment.Job instance at 0x7f7975c69050>,10,22,[ 3 11],11,-1,33,-1,11
1,<environment.Job instance at 0x7f7975c3faf0>,11,26,[ 3 14],12,-1,38,-1,12
1,<environment.Job instance at 0x7f7975c3fbe0>,12,19,[ 4 12],13,-1,32,-1,13
1,<environment.Job instance at 0x7f7975c3fa50>,13,14,[ 3 14],14,-1,28,-1,14
1,<environment.Job instance at 0x7f7975c3ffa0>,14,20,[ 4 11],15,-1,35,-1,15
1,<environment.Job instance at 0x7f7975c3f1e0>,15,19,[12  1],16,-1,35,-1,16
1,<environment.Job instance at 0x7f7975c3f230>,16,22,[11  1],17,-1,39,-1,17
1,<environment.Job instance at 0x7f7975c3f0a0>,17,20,[ 1 14],18,-1,38,-1,18
1,<environment.Job instance at 0x7f7975c3f910>,18,24,[4 6],19,-1,43,-1,19
1,<environment.Job instance at 0x7f7975c3f5f0>,19,28,[9 2],20,-1,48,-1,20
1,<environment.Job instance at 0x7f7975c3f7d0>,20,27,[ 1 11],21,-1,48,-1,21
1,<environment.Job instance at 0x7f7975c3f0f0>,21,25,[ 1 12],22,-1,47,-1,22
1,<environment.Job instance at 0x7f7975c3fc30>,22,18,[ 4 14],23,-1,41,-1,23
1,<environment.Job instance at 0x7f7975c3f140>,23,18,[ 1 11],24,-1,42,-1,24
1,<environment.Job instance at 0x7f7975d7ae60>,24,21,[ 5 10],25,-1,46,-1,25
1,<environment.Job instance at 0x7f7975d7a780>,25,14,[ 1 14],26,-1,40,-1,26
1,<environment.Job instance at 0x7f7975d7a6e0>,26,23,[4 8],27,-1,50,-1,27
1,<environment.Job instance at 0x7f7975d7ae10>,27,21,[ 5 12],28,-1,49,-1,28
1,<environment.Job instance at 0x7f7975d7a370>,28,21,[ 1 13],29,-1,50,-1,29
1,<environment.Job instance at 0x7f7975d7a690>,30,25,[3 8],31,-1,56,-1,31
1,<environment.Job instance at 0x7f7975d7a7d0>,31,24,[ 3 13],32,-1,56,-1,32
1,<environment.Job instance at 0x7f7975d7a500>,32,26,[4 6],33,-1,59,-1,33
1,<environment.Job instance at 0x7f7975d7a320>,35,28,[11  5],36,-1,64,-1,36
1,<environment.Job instance at 0x7f7975d7a730>,36,22,[ 1 13],37,-1,59,-1,37
1,<environment.Job instance at 0x7f7975d724b0>,37,14,[12  1],38,-1,52,-1,38
1,<environment.Job instance at 0x7f7975d7afa0>,33,20,[11  3],34,-1,58,-1,38
1,<environment.Job instance at 0x7f7975d7a460>,38,27,[11  2],39,-1,66,-1,39
1,<environment.Job instance at 0x7f7975d72280>,39,13,[12  5],40,-1,53,-1,40
1,<environment.Job instance at 0x7f7975d72f00>,40,15,[13  2],41,-1,56,-1,41
1,<environment.Job instance at 0x7f7975d72be0>,41,19,[ 4 13],42,-1,61,-1,42
1,<environment.Job instance at 0x7f7975d72140>,42,21,[ 5 12],43,-1,64,-1,43
1,<environment.Job instance at 0x7f7975d72550>,43,20,[14  2],44,-1,64,-1,44
1,<environment.Job instance at 0x7f7975d72870>,45,19,[ 5 14],46,-1,65,-1,46
1,<environment.Job instance at 0x7f7975d728c0>,47,12,[ 1 12],48,-1,60,-1,48
1,<environment.Job instance at 0x7f7975d725a0>,48,18,[11  4],49,-1,67,-1,49
1,<environment.Job instance at 0x7f7975d72a50>,46,16,[12  5],47,-1,65,-1,49
1,<environment.Job instance at 0x7f7975d726e0>,49,15,[ 1 14],50,-1,65,-1,50
1,<environment.Job instance at 0x7f7975d7d6e0>,52,28,[14  3],53,-1,81,-1,53
1,<environment.Job instance at 0x7f7975d7dd20>,53,25,[ 5 11],54,-1,79,-1,54
1,<environment.Job instance at 0x7f7975d7da50>,54,19,[ 2 12],55,-1,74,-1,55
1,<environment.Job instance at 0x7f7975d7d870>,55,26,[11  1],56,-1,82,-1,56
1,<environment.Job instance at 0x7f7975d7da00>,56,27,[10  2],57,-1,84,-1,57
1,<environment.Job instance at 0x7f7975d7daf0>,57,27,[13  1],58,-1,85,-1,58
1,<environment.Job instance at 0x7f7975d7d960>,58,22,[ 2 13],59,-1,81,-1,59
1,<environment.Job instance at 0x7f7975d7d190>,59,12,[ 5 14],60,-1,72,-1,60
1,<environment.Job instance at 0x7f7975d7d5a0>,60,28,[11  4],61,-1,89,-1,61
1,<environment.Job instance at 0x7f7975d7d3c0>,61,23,[13  4],62,-1,85,-1,62
1,<environment.Job instance at 0x7f7975d7d410>,62,25,[ 4 12],63,-1,88,-1,63
1,<environment.Job instance at 0x7f7975d7d9b0>,63,26,[ 5 11],64,-1,90,-1,64
1,<environment.Job instance at 0x7f7975d72050>,64,21,[ 4 14],65,-1,86,-1,65
1,<environment.Job instance at 0x7f7975d7d4b0>,65,17,[ 3 13],66,-1,83,-1,66
1,<environment.Job instance at 0x7f7975d7d0f0>,66,25,[ 2 10],67,-1,92,-1,67
1,<environment.Job instance at 0x7f7975d5e9b0>,72,19,[ 3 11],73,-1,103,-1,84
1,<environment.Job instance at 0x7f7975d5ed20>,73,21,[ 1 11],74,-1,105,-1,84
1,<environment.Job instance at 0x7f7975d5ebe0>,74,25,[11  4],75,-1,109,-1,84
1,<environment.Job instance at 0x7f7975d5e8c0>,75,20,[ 3 11],76,-1,104,-1,84
1,<environment.Job instance at 0x7f7975d5e140>,78,17,[ 3 12],79,-1,121,-1,104
1,<environment.Job instance at 0x7f797506dfa0>,79,16,[ 4 14],80,-1,120,-1,104
1,<environment.Job instance at 0x7f797506de10>,80,21,[ 1 11],81,-1,125,-1,104
1,<environment.Job instance at 0x7f797506deb0>,81,15,[11  5],82,-1,119,-1,104
1,<environment.Job instance at 0x7f797506df50>,82,20,[ 2 14],83,-1,124,-1,104
1,<environment.Job instance at 0x7f797506dc80>,83,27,[ 5 12],84,-1,131,-1,104
1,<environment.Job instance at 0x7f797506d9b0>,84,27,[7 3],85,-1,131,-1,104
1,<environment.Job instance at 0x7f797506d780>,85,20,[12  3],86,-1,124,-1,104
1,<environment.Job instance at 0x7f797506d410>,86,12,[ 3 13],87,-1,116,-1,104
1,<environment.Job instance at 0x7f797506d230>,87,25,[12  3],88,-1,129,-1,104
1,<environment.Job instance at 0x7f797506d690>,88,23,[11  5],89,-1,127,-1,104
1,<environment.Job instance at 0x7f797506d190>,89,27,[7 3],90,-1,131,-1,104
1,<environment.Job instance at 0x7f797506d550>,91,13,[13  3],92,-1,120,-1,107
1,<environment.Job instance at 0x7f797506da50>,92,12,[12  5],93,-1,119,-1,107
1,<environment.Job instance at 0x7f797506d280>,93,21,[12  5],94,-1,128,-1,107
1,<environment.Job instance at 0x7f797506d4b0>,94,22,[14  5],95,-1,129,-1,107
1,<environment.Job instance at 0x7f797506daa0>,95,19,[11  2],96,-1,126,-1,107
1,<environment.Job instance at 0x7f7974c1f960>,8,13,[11  2],9,-1,22,-1,9
1,<environment.Job instance at 0x7f7974c1fb40>,10,24,[13  5],11,-1,40,-1,16
1,<environment.Job instance at 0x7f7974c1faf0>,11,25,[11  5],12,-1,41,-1,16
1,<environment.Job instance at 0x7f7974c26b40>,12,28,[7 1],13,-1,44,-1,16
1,<environment.Job instance at 0x7f7974c26aa0>,13,19,[13  3],14,-1,35,-1,16
1,<environment.Job instance at 0x7f7974c26fa0>,14,16,[ 3 12],15,-1,32,-1,16
1,<environment.Job instance at 0x7f7974c268c0>,15,22,[ 5 14],16,-1,38,-1,16
1,<environment.Job instance at 0x7f7974c26c80>,16,28,[2 9],17,-1,45,-1,17
1,<environment.Job instance at 0x7f7974c26be0>,17,19,[ 4 14],18,-1,37,-1,18
1,<environment.Job instance at 0x7f7974c267d0>,18,23,[11  5],19,-1,42,-1,19
1,<environment.Job instance at 0x7f7974c26780>,19,20,[12  4],20,-1,40,-1,20
1,<environment.Job instance at 0x7f7974c263c0>,20,27,[13  3],21,-1,48,-1,21
1,<environment.Job instance at 0x7f7975776e60>,21,17,[ 4 12],22,-1,39,-1,22
1,<environment.Job instance at 0x7f7975776f00>,22,26,[ 3 13],23,-1,49,-1,23
1,<environment.Job instance at 0x7f7975776dc0>,23,24,[ 1 12],24,-1,48,-1,24
1,<environment.Job instance at 0x7f79757766e0>,24,13,[ 1 13],25,-1,38,-1,25
1,<environment.Job instance at 0x7f7975787780>,25,15,[12  1],26,-1,41,-1,26
1,<environment.Job instance at 0x7f79757870a0>,26,27,[ 3 14],27,-1,54,-1,27
1,<environment.Job instance at 0x7f7975d5ed20>,27,27,[1 9],28,-1,55,-1,28
1,<environment.Job instance at 0x7f7974c28be0>,28,27,[ 3 13],29,-1,56,-1,29
1,<environment.Job instance at 0x7f79756ab230>,30,15,[14  1],31,-1,46,-1,31
1,<environment.Job instance at 0x7f79761af6e0>,31,26,[12  3],32,-1,58,-1,32
1,<environment.Job instance at 0x7f79761af410>,32,27,[11  2],33,-1,60,-1,33
1,<environment.Job instance at 0x7f79761af640>,33,12,[ 3 13],34,-1,46,-1,34
1,<environment.Job instance at 0x7f79761b80f0>,34,28,[13  1],35,-1,63,-1,35
1,<environment.Job instance at 0x7f79761b8dc0>,35,22,[14  1],36,-1,58,-1,36
1,<environment.Job instance at 0x7f797608c500>,36,28,[ 3 13],37,-1,65,-1,37
1,<environment.Job instance at 0x7f79761c04b0>,37,20,[ 3 11],38,-1,58,-1,38
1,<environment.Job instance at 0x7f7974c525a0>,40,27,[ 1 13],41,-1,74,-1,47
1,<environment.Job instance at 0x7f79756e3320>,41,24,[12  5],42,-1,71,-1,47
1,<environment.Job instance at 0x7f79756e3870>,42,19,[ 4 13],43,-1,66,-1,47
1,<environment.Job instance at 0x7f7974c4a230>,43,24,[ 4 11],44,-1,71,-1,47
1,<environment.Job instance at 0x7f7974c4a640>,44,21,[ 2 11],45,-1,68,-1,47
1,<environment.Job instance at 0x7f7974d9ae60>,46,27,[ 3 11],47,-1,82,-1,55
1,<environment.Job instance at 0x7f79756df2d0>,47,13,[12  5],48,-1,68,-1,55
1,<environment.Job instance at 0x7f7974d98b40>,48,27,[8 2],49,-1,82,-1,55
1,<environment.Job instance at 0x7f79756cc460>,49,22,[11  3],50,-1,77,-1,55
1,<environment.Job instance at 0x7f79756ccb40>,50,27,[8 4],51,-1,82,-1,55
1,<environment.Job instance at 0x7f7974c4ff00>,51,15,[ 4 14],52,-1,70,-1,55
1,<environment.Job instance at 0x7f7974c4fc30>,52,23,[14  5],53,-1,78,-1,55
1,<environment.Job instance at 0x7f7974c4f820>,53,22,[13  2],54,-1,77,-1,55
1,<environment.Job instance at 0x7f7974c4f1e0>,54,24,[ 2 14],55,-1,79,-1,55
1,<environment.Job instance at 0x7f79756c8f50>,55,24,[5 7],56,-1,80,-1,56
1,<environment.Job instance at 0x7f79756dd370>,56,13,[14  2],57,-1,70,-1,57
1,<environment.Job instance at 0x7f79756dd0a0>,57,27,[ 5 14],58,-1,85,-1,58
1,<environment.Job instance at 0x7f79756dd140>,58,28,[11  4],59,-1,87,-1,59
1,<environment.Job instance at 0x7f79756dd0f0>,59,23,[ 1 13],60,-1,83,-1,60
1,<environment.Job instance at 0x7f79756dd5a0>,60,24,[ 2 11],61,-1,85,-1,61
1,<environment.Job instance at 0x7f79756dd4b0>,61,26,[11  1],62,-1,88,-1,62
1,<environment.Job instance at 0x7f79756ddc30>,62,25,[ 1 12],63,-1,88,-1,63
1,<environment.Job instance at 0x7f79756ddcd0>,63,26,[14  3],64,-1,90,-1,64
1,<environment.Job instance at 0x7f79756ddaf0>,64,25,[13  5],65,-1,90,-1,65
1,<environment.Job instance at 0x7f79756ddb90>,65,24,[5 3],66,-1,90,-1,66
1,<environment.Job instance at 0x7f79756dda50>,66,15,[ 1 14],67,-1,82,-1,67
1,<environment.Job instance at 0x7f79756ddc80>,67,24,[5 2],68,-1,92,-1,68
1,<environment.Job instance at 0x7f79756dd960>,68,25,[13  4],69,-1,94,-1,69
1,<environment.Job instance at 0x7f79756ddfa0>,70,20,[ 4 13],71,-1,91,-1,71
1,<environment.Job instance at 0x7f79756ddb40>,71,17,[13  2],72,-1,89,-1,72
1,<environment.Job instance at 0x7f79756dde60>,72,20,[ 1 11],73,-1,93,-1,73
1,<environment.Job instance at 0x7f79756dca00>,74,26,[11  3],75,-1,101,-1,75
1,<environment.Job instance at 0x7f79756c8e60>,76,20,[14  4],77,-1,103,-1,83
1,<environment.Job instance at 0x7f79756dcd20>,78,22,[ 1 11],79,-1,113,-1,91
1,<environment.Job instance at 0x7f79756dcdc0>,79,20,[ 3 11],80,-1,111,-1,91
1,<environment.Job instance at 0x7f79756dce60>,80,22,[11  4],81,-1,113,-1,91
1,<environment.Job instance at 0x7f79756dcaa0>,81,22,[3 9],82,-1,119,-1,97
1,<environment.Job instance at 0x7f79756da140>,85,26,[9 5],86,-1,137,-1,111
1,<environment.Job instance at 0x7f79756da2d0>,86,27,[ 2 14],87,-1,138,-1,111
1,<environment.Job instance at 0x7f79756da410>,88,20,[ 4 11],89,-1,131,-1,111
1,<environment.Job instance at 0x7f79756da4b0>,89,16,[ 1 11],90,-1,127,-1,111
1,<environment.Job instance at 0x7f79756da050>,90,28,[12  4],91,-1,139,-1,111
1,<environment.Job instance at 0x7f79756da780>,92,21,[ 3 14],93,-1,145,-1,124
1,<environment.Job instance at 0x7f79756da5f0>,93,19,[12  4],94,-1,143,-1,124
1,<environment.Job instance at 0x7f79756da690>,94,19,[11  1],95,-1,143,-1,124
1,<environment.Job instance at 0x7f79756da8c0>,95,21,[ 1 12],96,-1,145,-1,124
1,<environment.Job instance at 0x7f79756da820>,96,22,[14  4],97,-1,146,-1,124
1,<environment.Job instance at 0x7f79756daaa0>,97,14,[ 1 11],98,-1,138,-1,124
1,<environment.Job instance at 0x7f79756dab40>,98,26,[1 8],99,-1,150,-1,124
1,<environment.Job instance at 0x7f79756dabe0>,99,19,[ 1 13],100,-1,143,-1,124
1,<environment.Job instance at 0x7f79756dac80>,100,26,[ 2 10],101,-1,150,-1,124
1,<environment.Job instance at 0x7f79756dad20>,101,19,[14  4],102,-1,143,-1,124
1,<environment.Job instance at 0x7f79756dadc0>,102,27,[ 1 12],103,-1,151,-1,124
1,<environment.Job instance at 0x7f79756dae60>,103,24,[5 5],104,-1,148,-1,124
1,<environment.Job instance at 0x7f79756daa00>,104,23,[ 3 12],105,-1,147,-1,124
1,<environment.Job instance at 0x7f79756da9b0>,105,26,[ 5 13],106,-1,150,-1,124
1,<environment.Job instance at 0x7f79756daf50>,106,19,[12  2],107,-1,143,-1,124
1,<environment.Job instance at 0x7f79756bd050>,107,15,[11  1],108,-1,139,-1,124
1,<environment.Job instance at 0x7f79756bd0a0>,108,19,[13  4],109,-1,143,-1,124
1,<environment.Job instance at 0x7f79756bd1e0>,109,14,[11  3],110,-1,138,-1,124
1,<environment.Job instance at 0x7f79756bd280>,110,12,[ 3 11],111,-1,136,-1,124
1,<environment.Job instance at 0x7f79754b25f0>,1,22,[13  1],2,-1,24,-1,2
1,<environment.Job instance at 0x7f79756bd2d0>,2,20,[11  1],3,-1,23,-1,3
1,<environment.Job instance at 0x7f79754b2050>,3,22,[12  2],4,-1,26,-1,4
1,<environment.Job instance at 0x7f79754b2730>,5,21,[12  3],6,-1,27,-1,6
1,<environment.Job instance at 0x7f79754b2550>,6,28,[6 2],7,-1,35,-1,7
1,<environment.Job instance at 0x7f79754b29b0>,7,21,[ 2 11],8,-1,29,-1,8
1,<environment.Job instance at 0x7f79754b2230>,8,25,[8 3],9,-1,34,-1,9
1,<environment.Job instance at 0x7f79754b2320>,9,25,[ 1 13],10,-1,35,-1,10
1,<environment.Job instance at 0x7f79754b2910>,10,27,[3 8],11,-1,38,-1,11
1,<environment.Job instance at 0x7f79754b2f50>,11,27,[11  5],12,-1,39,-1,12
1,<environment.Job instance at 0x7f79754b23c0>,12,24,[14  3],13,-1,37,-1,13
1,<environment.Job instance at 0x7f79754b2960>,13,26,[ 1 12],14,-1,40,-1,14
1,<environment.Job instance at 0x7f79754b2780>,14,24,[13  1],15,-1,39,-1,15
1,<environment.Job instance at 0x7f79754b2aa0>,16,15,[ 4 12],17,-1,32,-1,17
1,<environment.Job instance at 0x7f79756bd280>,17,23,[ 5 13],18,-1,41,-1,18
1,<environment.Job instance at 0x7f797ec9f730>,18,23,[ 3 13],19,-1,42,-1,19
1,<environment.Job instance at 0x7f797ec9f8c0>,19,26,[12  2],20,-1,46,-1,20
1,<environment.Job instance at 0x7f797ec9f960>,20,21,[ 1 12],21,-1,42,-1,21
1,<environment.Job instance at 0x7f797ec9faf0>,21,16,[ 2 13],22,-1,38,-1,22
1,<environment.Job instance at 0x7f797ec9f320>,22,23,[13  1],23,-1,46,-1,23
1,<environment.Job instance at 0x7f797ec9f3c0>,23,28,[13  4],24,-1,52,-1,24
1,<environment.Job instance at 0x7f797ec9f0f0>,24,25,[14  3],25,-1,50,-1,25
1,<environment.Job instance at 0x7f797ec9f410>,25,15,[12  5],26,-1,41,-1,26
1,<environment.Job instance at 0x7f797ec9f500>,26,24,[14  5],27,-1,51,-1,27
1,<environment.Job instance at 0x7f797ec9f780>,27,25,[ 4 12],28,-1,53,-1,28
1,<environment.Job instance at 0x7f797ec9f6e0>,28,22,[ 2 14],29,-1,51,-1,29
1,<environment.Job instance at 0x7f797ec9f280>,29,25,[ 3 13],30,-1,55,-1,30
1,<environment.Job instance at 0x7f797ec9fa50>,30,25,[13  3],31,-1,56,-1,31
1,<environment.Job instance at 0x7f797ea03a50>,31,25,[ 2 11],32,-1,57,-1,32
1,<environment.Job instance at 0x7f7974c0e6e0>,32,28,[11  3],33,-1,61,-1,33
1,<environment.Job instance at 0x7f7974c0e8c0>,33,18,[13  2],34,-1,52,-1,34
1,<environment.Job instance at 0x7f7974c0ef00>,34,28,[13  1],35,-1,63,-1,35
1,<environment.Job instance at 0x7f7974c0eb40>,35,23,[ 5 13],36,-1,59,-1,36
1,<environment.Job instance at 0x7f7974c0eaf0>,36,23,[ 2 13],37,-1,60,-1,37
1,<environment.Job instance at 0x7f7974c0e4b0>,37,28,[ 1 12],38,-1,66,-1,38
1,<environment.Job instance at 0x7f7974c0e640>,38,25,[ 2 12],39,-1,64,-1,39
1,<environment.Job instance at 0x7f7974c0e050>,39,12,[ 4 14],40,-1,52,-1,40
1,<environment.Job instance at 0x7f7974c0e0a0>,40,28,[12  3],41,-1,69,-1,41
1,<environment.Job instance at 0x7f7974c0e9b0>,41,23,[11  2],42,-1,65,-1,42
1,<environment.Job instance at 0x7f7974c0e320>,43,22,[ 3 13],44,-1,66,-1,44
1,<environment.Job instance at 0x7f7974c0ea00>,44,27,[ 1 13],45,-1,72,-1,45
1,<environment.Job instance at 0x7f7974c0ebe0>,45,23,[12  5],46,-1,69,-1,46
1,<environment.Job instance at 0x7f7974c0e140>,46,22,[ 3 12],47,-1,69,-1,47
1,<environment.Job instance at 0x7f7974c0e550>,47,25,[ 4 12],48,-1,73,-1,48
1,<environment.Job instance at 0x7f7974c0edc0>,49,24,[ 5 12],50,-1,74,-1,50
1,<environment.Job instance at 0x7f7974c0e370>,50,27,[2 5],51,-1,78,-1,51
1,<environment.Job instance at 0x7f7974c0ef50>,51,13,[ 3 13],52,-1,65,-1,52
1,<environment.Job instance at 0x7f7974c0eb90>,52,23,[14  4],53,-1,76,-1,53
1,<environment.Job instance at 0x7f7974c0e2d0>,53,17,[13  5],54,-1,71,-1,54
1,<environment.Job instance at 0x7f7974c0ea50>,54,22,[13  1],55,-1,77,-1,55
1,<environment.Job instance at 0x7f797e75aa50>,55,24,[12  4],56,-1,80,-1,56
1,<environment.Job instance at 0x7f797e75af00>,56,25,[12  3],57,-1,82,-1,57
1,<environment.Job instance at 0x7f797e75a8c0>,57,27,[11  5],58,-1,85,-1,58
1,<environment.Job instance at 0x7f797e75ad20>,58,25,[ 3 11],59,-1,84,-1,59
1,<environment.Job instance at 0x7f797e75adc0>,59,21,[ 2 13],60,-1,81,-1,60
1,<environment.Job instance at 0x7f797e75aaa0>,61,23,[ 3 11],62,-1,85,-1,62
1,<environment.Job instance at 0x7f79754b2eb0>,63,21,[ 1 13],64,-1,85,-1,64
1,<environment.Job instance at 0x7f797e75a7d0>,64,28,[14  1],65,-1,93,-1,65
1,<environment.Job instance at 0x7f797e75ab40>,65,28,[4 5],66,-1,94,-1,66
1,<environment.Job instance at 0x7f797e75a910>,66,17,[ 3 14],67,-1,84,-1,67
1,<environment.Job instance at 0x7f797e75a9b0>,67,25,[12  5],68,-1,93,-1,68
1,<environment.Job instance at 0x7f797e75aeb0>,68,16,[ 1 12],69,-1,85,-1,69
1,<environment.Job instance at 0x7f7975fe1eb0>,69,17,[13  2],70,-1,87,-1,70
1,<environment.Job instance at 0x7f7975fe1960>,70,23,[5 9],71,-1,94,-1,71
1,<environment.Job instance at 0x7f7975fe12d0>,71,24,[ 2 14],72,-1,96,-1,72
1,<environment.Job instance at 0x7f797e75ac80>,73,28,[11  2],74,-1,102,-1,74
1,<environment.Job instance at 0x7f7975fe1820>,74,28,[ 4 10],75,-1,103,-1,75
1,<environment.Job instance at 0x7f7975fe1a50>,72,22,[11  4],73,-1,98,-1,76
1,<environment.Job instance at 0x7f7975fe1fa0>,76,19,[ 2 13],77,-1,96,-1,77
1,<environment.Job instance at 0x7f7975fe16e0>,77,21,[ 5 12],78,-1,99,-1,78
1,<environment.Job instance at 0x7f7975fe1870>,78,24,[ 4 12],79,-1,103,-1,79
1,<environment.Job instance at 0x7f7975fe1780>,80,26,[12  2],81,-1,107,-1,81
1,<environment.Job instance at 0x7f7975fe19b0>,81,28,[ 2 14],82,-1,110,-1,82
1,<environment.Job instance at 0x7f7975fe1640>,82,24,[ 1 11],83,-1,107,-1,83
1,<environment.Job instance at 0x7f7975fe1f00>,88,25,[ 2 14],89,-1,125,-1,100
1,<environment.Job instance at 0x7f7975fe1230>,89,17,[ 2 14],90,-1,117,-1,100
1,<environment.Job instance at 0x7f7975f9ec30>,1,23,[5 1],2,-1,25,-1,2
1,<environment.Job instance at 0x7f7974a7d6e0>,4,21,[ 2 13],5,-1,26,-1,5
1,<environment.Job instance at 0x7f7974a7d910>,5,26,[11  3],6,-1,32,-1,6
1,<environment.Job instance at 0x7f7974a7d140>,6,25,[11  3],7,-1,32,-1,7
1,<environment.Job instance at 0x7f7974a7da00>,8,21,[ 3 11],9,-1,30,-1,9
1,<environment.Job instance at 0x7f7974a7df00>,9,19,[ 3 12],10,-1,29,-1,10
1,<environment.Job instance at 0x7f7974a7d280>,10,27,[5 8],11,-1,38,-1,11
1,<environment.Job instance at 0x7f7974a59d20>,17,19,[11  4],18,-1,102,-1,83
1,<environment.Job instance at 0x7f7974a59500>,18,19,[14  5],19,-1,102,-1,83
1,<environment.Job instance at 0x7f7974a599b0>,19,21,[7 2],20,-1,105,-1,84
1,<environment.Job instance at 0x7f7974a59870>,20,19,[ 2 11],21,-1,103,-1,84
1,<environment.Job instance at 0x7f7974a59460>,21,24,[4 5],22,-1,108,-1,84
1,<environment.Job instance at 0x7f7974a59fa0>,22,27,[ 1 13],23,-1,111,-1,84
1,<environment.Job instance at 0x7f7974a59c30>,23,12,[13  2],24,-1,96,-1,84
1,<environment.Job instance at 0x7f7974a59be0>,24,22,[6 2],25,-1,107,-1,85
1,<environment.Job instance at 0x7f7974a59b40>,25,26,[2 8],26,-1,111,-1,85
1,<environment.Job instance at 0x7f7974a59690>,26,23,[4 7],27,-1,108,-1,85
1,<environment.Job instance at 0x7f7974a59370>,27,12,[12  2],28,-1,97,-1,85
1,<environment.Job instance at 0x7f7974a59820>,28,21,[ 3 11],29,-1,106,-1,85
1,<environment.Job instance at 0x7f7974a59050>,29,22,[ 2 13],30,-1,107,-1,85
1,<environment.Job instance at 0x7f7974a59a50>,30,28,[ 4 12],31,-1,113,-1,85
1,<environment.Job instance at 0x7f7974a590f0>,31,20,[ 3 12],32,-1,105,-1,85
1,<environment.Job instance at 0x7f7974a59e60>,33,18,[11  3],34,-1,103,-1,85
1,<environment.Job instance at 0x7f7974a59a00>,35,26,[ 3 12],36,-1,113,-1,87
1,<environment.Job instance at 0x7f7974a593c0>,36,16,[ 3 14],37,-1,103,-1,87
1,<environment.Job instance at 0x7f7974a592d0>,37,14,[ 3 13],38,-1,101,-1,87
1,<environment.Job instance at 0x7f79749dcfa0>,38,21,[ 4 14],39,-1,108,-1,87
1,<environment.Job instance at 0x7f79749dc780>,39,24,[12  5],40,-1,111,-1,87
1,<environment.Job instance at 0x7f79749dc190>,40,23,[13  3],41,-1,110,-1,87
1,<environment.Job instance at 0x7f79749dc410>,41,13,[13  1],42,-1,100,-1,87
1,<environment.Job instance at 0x7f79749dc500>,42,17,[12  2],43,-1,104,-1,87
1,<environment.Job instance at 0x7f79749dcf00>,43,24,[ 2 14],44,-1,111,-1,87
1,<environment.Job instance at 0x7f79749dca50>,44,25,[ 1 10],45,-1,112,-1,87
1,<environment.Job instance at 0x7f79749dcb40>,45,26,[ 5 11],46,-1,113,-1,87
1,<environment.Job instance at 0x7f79749dc230>,46,20,[2 8],47,-1,112,-1,92
1,<environment.Job instance at 0x7f79749dc6e0>,47,28,[ 2 12],48,-1,120,-1,92
1,<environment.Job instance at 0x7f79749dc140>,48,28,[13  1],49,-1,120,-1,92
1,<environment.Job instance at 0x7f79749dc870>,49,21,[ 5 13],50,-1,113,-1,92
1,<environment.Job instance at 0x7f79749dcd20>,50,24,[13  5],51,-1,116,-1,92
1,<environment.Job instance at 0x7f79749dce60>,51,22,[ 1 14],52,-1,114,-1,92
1,<environment.Job instance at 0x7f79749dc5f0>,52,26,[ 5 13],53,-1,118,-1,92
1,<environment.Job instance at 0x7f79749dcaa0>,53,22,[ 2 13],54,-1,114,-1,92
1,<environment.Job instance at 0x7f79749dce10>,54,22,[ 4 14],55,-1,114,-1,92
1,<environment.Job instance at 0x7f79749dcdc0>,55,28,[12  3],56,-1,120,-1,92
1,<environment.Job instance at 0x7f79749dc0f0>,56,23,[6 1],57,-1,115,-1,92
1,<environment.Job instance at 0x7f79749dc4b0>,57,19,[ 5 14],58,-1,111,-1,92
1,<environment.Job instance at 0x7f79749dca00>,58,26,[ 4 12],59,-1,118,-1,92
1,<environment.Job instance at 0x7f79749dcb90>,59,21,[14  3],60,-1,113,-1,92
1,<environment.Job instance at 0x7f79749dceb0>,60,17,[11  1],61,-1,109,-1,92
1,<environment.Job instance at 0x7f79749dc910>,61,28,[12  4],62,-1,120,-1,92
1,<environment.Job instance at 0x7f7974a5a690>,62,19,[11  4],63,-1,111,-1,92
1,<environment.Job instance at 0x7f7974a5a640>,63,22,[14  4],64,-1,114,-1,92
1,<environment.Job instance at 0x7f7974a5ad20>,64,26,[12  2],65,-1,118,-1,92
1,<environment.Job instance at 0x7f7974a5a0f0>,65,26,[ 4 14],66,-1,118,-1,92
1,<environment.Job instance at 0x7f7974a5aa00>,66,25,[13  5],67,-1,117,-1,92
1,<environment.Job instance at 0x7f7974a5a550>,67,22,[11  2],68,-1,114,-1,92
1,<environment.Job instance at 0x7f7974a5ab40>,68,25,[7 1],69,-1,117,-1,92
1,<environment.Job instance at 0x7f7974a5aa50>,69,12,[11  3],70,-1,104,-1,92
1,<environment.Job instance at 0x7f7974a5a870>,70,16,[13  2],71,-1,108,-1,92
1,<environment.Job instance at 0x7f7974a5a370>,71,16,[11  2],72,-1,108,-1,92
1,<environment.Job instance at 0x7f7974a5a3c0>,72,26,[ 4 13],73,-1,118,-1,92
1,<environment.Job instance at 0x7f7974a5a4b0>,73,24,[14  3],74,-1,116,-1,92
1,<environment.Job instance at 0x7f7974a5a280>,74,22,[11  4],75,-1,114,-1,92
1,<environment.Job instance at 0x7f7974a5adc0>,76,20,[11  4],77,-1,121,-1,101
1,<environment.Job instance at 0x7f7974a5aaf0>,77,14,[ 4 14],78,-1,115,-1,101
1,<environment.Job instance at 0x7f7974a5a0a0>,79,24,[11  5],80,-1,129,-1,105
1,<environment.Job instance at 0x7f7974a5ab90>,80,26,[14  2],81,-1,131,-1,105
1,<environment.Job instance at 0x7f7974a5acd0>,81,12,[13  4],82,-1,117,-1,105
1,<environment.Job instance at 0x7f7974a5a960>,82,21,[ 1 14],83,-1,126,-1,105
1,<environment.Job instance at 0x7f7974afc2d0>,83,26,[ 1 14],84,-1,131,-1,105
1,<environment.Job instance at 0x7f7975702b90>,84,28,[ 4 13],85,-1,133,-1,105
1,<environment.Job instance at 0x7f7974c1e5f0>,85,27,[ 5 10],86,-1,132,-1,105
1,<environment.Job instance at 0x7f7975702280>,86,22,[ 1 11],87,-1,127,-1,105
1,<environment.Job instance at 0x7f7975089eb0>,87,21,[ 1 11],88,-1,126,-1,105
1,<environment.Job instance at 0x7f7975702780>,88,20,[ 5 13],89,-1,125,-1,105
1,<environment.Job instance at 0x7f7975702690>,89,27,[ 5 13],90,-1,132,-1,105
1,<environment.Job instance at 0x7f79755a4e10>,90,15,[ 3 13],91,-1,120,-1,105
1,<environment.Job instance at 0x7f79753f8280>,91,18,[ 2 11],92,-1,123,-1,105
1,<environment.Job instance at 0x7f79759f50a0>,92,18,[ 2 12],93,-1,123,-1,105
1,<environment.Job instance at 0x7f7975515aa0>,93,22,[ 2 11],94,-1,127,-1,105
1,<environment.Job instance at 0x7f7975095af0>,1,25,[ 5 10],2,-1,27,-1,2
1,<environment.Job instance at 0x7f7974a59cd0>,2,20,[12  3],3,-1,23,-1,3
1,<environment.Job instance at 0x7f79761d9730>,3,20,[ 4 11],4,-1,24,-1,4
1,<environment.Job instance at 0x7f79761d9190>,4,19,[ 2 13],5,-1,24,-1,5
1,<environment.Job instance at 0x7f79761d9550>,5,15,[14  2],6,-1,21,-1,6
1,<environment.Job instance at 0x7f79761d9b40>,6,27,[13  3],7,-1,34,-1,7
1,<environment.Job instance at 0x7f79761d9370>,7,17,[12  1],8,-1,25,-1,8
1,<environment.Job instance at 0x7f79761d9af0>,8,21,[11  1],9,-1,30,-1,9
1,<environment.Job instance at 0x7f79761d9c80>,9,19,[ 2 11],10,-1,29,-1,10
1,<environment.Job instance at 0x7f79761d9fa0>,11,23,[14  3],12,-1,35,-1,12
1,<environment.Job instance at 0x7f79761d9a50>,12,26,[8 2],13,-1,39,-1,13
1,<environment.Job instance at 0x7f7975e592d0>,13,19,[13  4],14,-1,33,-1,14
1,<environment.Job instance at 0x7f7975e597d0>,14,24,[ 5 11],15,-1,39,-1,15
1,<environment.Job instance at 0x7f7975e59af0>,16,20,[12  2],17,-1,37,-1,17
1,<environment.Job instance at 0x7f7975e59460>,18,28,[14  4],19,-1,47,-1,19
1,<environment.Job instance at 0x7f7975e591e0>,19,24,[ 3 13],20,-1,44,-1,20
1,<environment.Job instance at 0x7f7975e59640>,21,25,[11  5],22,-1,47,-1,22
1,<environment.Job instance at 0x7f7975e59b90>,23,19,[12  3],24,-1,43,-1,24
1,<environment.Job instance at 0x7f7975e59370>,24,27,[ 1 13],25,-1,52,-1,25
1,<environment.Job instance at 0x7f7975e59a00>,25,27,[13  1],26,-1,53,-1,26
1,<environment.Job instance at 0x7f7975e59f50>,26,24,[ 2 14],27,-1,51,-1,27
1,<environment.Job instance at 0x7f7975e595a0>,27,14,[ 5 12],28,-1,42,-1,28
1,<environment.Job instance at 0x7f7975e59410>,28,19,[13  3],29,-1,48,-1,29
1,<environment.Job instance at 0x7f7975e590f0>,29,21,[ 2 13],30,-1,51,-1,30
1,<environment.Job instance at 0x7f7975e599b0>,30,19,[ 2 13],31,-1,50,-1,31
1,<environment.Job instance at 0x7f7975e59b40>,31,24,[ 4 12],32,-1,56,-1,32
1,<environment.Job instance at 0x7f79761d9410>,33,23,[ 4 11],34,-1,57,-1,34
1,<environment.Job instance at 0x7f7975e59190>,34,26,[ 3 14],35,-1,61,-1,35
1,<environment.Job instance at 0x7f797e7a45f0>,35,21,[ 2 12],36,-1,57,-1,36
1,<environment.Job instance at 0x7f7975e59dc0>,36,20,[12  5],37,-1,57,-1,37
1,<environment.Job instance at 0x7f797e7a4c80>,37,24,[4 6],38,-1,62,-1,38
1,<environment.Job instance at 0x7f797e7a4e60>,38,23,[13  5],39,-1,62,-1,39
1,<environment.Job instance at 0x7f797e7a4870>,39,28,[14  2],40,-1,68,-1,40
1,<environment.Job instance at 0x7f797e7a4a50>,44,22,[13  1],45,-1,70,-1,48
1,<environment.Job instance at 0x7f797e7a4b90>,45,24,[ 5 13],46,-1,72,-1,48
1,<environment.Job instance at 0x7f7975d97050>,46,22,[ 2 12],47,-1,70,-1,48
1,<environment.Job instance at 0x7f7975d97230>,47,22,[ 4 14],48,-1,70,-1,48
1,<environment.Job instance at 0x7f7975d97960>,48,18,[ 1 12],49,-1,67,-1,49
1,<environment.Job instance at 0x7f7975d97190>,50,25,[10  5],51,-1,76,-1,51
1,<environment.Job instance at 0x7f7975d97370>,51,20,[ 1 14],52,-1,72,-1,52
1,<environment.Job instance at 0x7f7975d97500>,52,21,[12  2],53,-1,74,-1,53
1,<environment.Job instance at 0x7f7975d970f0>,53,27,[ 1 14],54,-1,81,-1,54
1,<environment.Job instance at 0x7f7975d97550>,54,21,[ 3 11],55,-1,76,-1,55
1,<environment.Job instance at 0x7f7975d97dc0>,55,22,[14  1],56,-1,78,-1,56
1,<environment.Job instance at 0x7f7975d97c80>,56,20,[ 4 13],57,-1,77,-1,57
1,<environment.Job instance at 0x7f7975d975a0>,57,28,[9 2],58,-1,87,-1,59
1,<environment.Job instance at 0x7f7975d97780>,59,15,[ 5 12],60,-1,75,-1,60
1,<environment.Job instance at 0x7f7975d97d20>,60,22,[11  4],61,-1,83,-1,61
1,<environment.Job instance at 0x7f7975d97e60>,61,26,[13  4],62,-1,88,-1,62
1,<environment.Job instance at 0x7f7975d97be0>,62,22,[13  3],63,-1,85,-1,63
1,<environment.Job instance at 0x7f7975d97aa0>,63,24,[ 5 11],64,-1,88,-1,64
1,<environment.Job instance at 0x7f7975d97eb0>,64,22,[ 4 11],65,-1,87,-1,65
1,<environment.Job instance at 0x7f7975d97640>,65,25,[ 5 14],66,-1,91,-1,66
1,<environment.Job instance at 0x7f7975d97af0>,66,24,[ 5 11],67,-1,91,-1,67
1,<environment.Job instance at 0x7f797e832500>,67,20,[13  1],68,-1,88,-1,68
1,<environment.Job instance at 0x7f797e832870>,69,27,[9 4],70,-1,97,-1,70
1,<environment.Job instance at 0x7f797e832910>,70,23,[ 3 11],71,-1,94,-1,71
1,<environment.Job instance at 0x7f797e832370>,71,12,[12  5],72,-1,84,-1,72
1,<environment.Job instance at 0x7f79757094b0>,72,23,[14  4],73,-1,96,-1,73
1,<environment.Job instance at 0x7f797e832280>,74,21,[13  5],75,-1,110,-1,89
1,<environment.Job instance at 0x7f79757092d0>,75,27,[11  5],76,-1,116,-1,89
1,<environment.Job instance at 0x7f79757098c0>,76,20,[ 1 11],77,-1,109,-1,89
1,<environment.Job instance at 0x7f7975709e10>,77,20,[13  1],78,-1,109,-1,89
1,<environment.Job instance at 0x7f7975709960>,78,22,[11  5],79,-1,111,-1,89
1,<environment.Job instance at 0x7f7975709a00>,79,19,[ 3 12],80,-1,108,-1,89
1,<environment.Job instance at 0x7f7975709370>,80,19,[13  3],81,-1,108,-1,89
1,<environment.Job instance at 0x7f7975709e60>,81,21,[ 3 14],82,-1,110,-1,89
1,<environment.Job instance at 0x7f79757093c0>,82,16,[ 2 12],83,-1,105,-1,89
1,<environment.Job instance at 0x7f7975709f00>,83,23,[ 3 13],84,-1,112,-1,89
1,<environment.Job instance at 0x7f7975709a50>,85,25,[ 1 14],86,-1,114,-1,89
1,<environment.Job instance at 0x7f7975709870>,86,21,[ 1 11],87,-1,110,-1,89
1,<environment.Job instance at 0x7f7975709410>,87,17,[ 2 14],88,-1,106,-1,89
1,<environment.Job instance at 0x7f7975709b90>,88,25,[2 8],89,-1,114,-1,89
1,<environment.Job instance at 0x7f7975709230>,89,19,[12  3],90,-1,109,-1,90
1,<environment.Job instance at 0x7f79757097d0>,90,13,[11  1],91,-1,104,-1,91
1,<environment.Job instance at 0x7f7974d25a50>,91,23,[13  2],92,-1,115,-1,92
1,<environment.Job instance at 0x7f7974d25280>,92,13,[11  5],93,-1,106,-1,93
1,<environment.Job instance at 0x7f7974d25c80>,93,19,[ 3 11],94,-1,113,-1,94
1,<environment.Job instance at 0x7f7974d251e0>,94,28,[11  3],95,-1,123,-1,95
1,<environment.Job instance at 0x7f7975c1ebe0>,96,27,[14  3],97,-1,124,-1,97
1,<environment.Job instance at 0x7f7975c1e500>,98,25,[ 1 13],99,-1,131,-1,106
1,<environment.Job instance at 0x7f7975c1ec30>,99,22,[14  2],100,-1,128,-1,106
1,<environment.Job instance at 0x7f7975c1e0f0>,100,24,[13  4],101,-1,130,-1,106
1,<environment.Job instance at 0x7f7975c1e3c0>,101,24,[ 5 11],102,-1,130,-1,106
1,<environment.Job instance at 0x7f7975c1e5f0>,102,20,[ 5 11],103,-1,126,-1,106
1,<environment.Job instance at 0x7f7975c1e5a0>,103,21,[13  4],104,-1,127,-1,106
1,<environment.Job instance at 0x7f7975c1ee10>,104,25,[12  4],105,-1,131,-1,106
1,<environment.Job instance at 0x7f7975c1e230>,106,12,[13  4],107,-1,132,-1,120
1,<environment.Job instance at 0x7f7975c1e780>,107,21,[ 4 12],108,-1,141,-1,120
1,<environment.Job instance at 0x7f797e9ae690>,108,13,[ 2 12],109,-1,133,-1,120
1,<environment.Job instance at 0x7f797e9ae8c0>,109,25,[3 8],110,-1,145,-1,120
1,<environment.Job instance at 0x7f797e9aed70>,110,21,[12  5],111,-1,141,-1,120
1,<environment.Job instance at 0x7f797e9aeeb0>,111,21,[ 5 11],112,-1,141,-1,120
1,<environment.Job instance at 0x7f797e9ae7d0>,112,21,[ 1 11],113,-1,141,-1,120
1,<environment.Job instance at 0x7f797e9ae640>,113,21,[12  4],114,-1,141,-1,120
1,<environment.Job instance at 0x7f797e9aea00>,114,21,[13  3],115,-1,141,-1,120
1,<environment.Job instance at 0x7f797e9ae910>,115,27,[3 5],116,-1,147,-1,120
1,<environment.Job instance at 0x7f797e9aec80>,116,25,[5 9],117,-1,145,-1,120
1,<environment.Job instance at 0x7f797e9ae6e0>,117,27,[ 1 14],118,-1,147,-1,120
1,<environment.Job instance at 0x7f797618c500>,118,24,[9 3],119,-1,144,-1,120
1,<environment.Job instance at 0x7f797618c690>,119,23,[ 2 14],120,-1,143,-1,120
1,<environment.Job instance at 0x7f797618c1e0>,120,19,[ 5 13],121,-1,140,-1,121
1,<environment.Job instance at 0x7f797618caa0>,122,18,[ 5 14],123,-1,141,-1,123
1,<environment.Job instance at 0x7f797618cb40>,123,15,[12  2],124,-1,139,-1,124
1,<environment.Job instance at 0x7f797618c4b0>,124,27,[13  3],125,-1,152,-1,125
1,<environment.Job instance at 0x7f7975094cd0>,1,28,[ 3 14],2,-1,30,-1,2
1,<environment.Job instance at 0x7f797618cf00>,2,26,[13  5],3,-1,29,-1,3
1,<environment.Job instance at 0x7f797618c4b0>,5,28,[14  5],6,-1,34,-1,6
1,<environment.Job instance at 0x7f7975d7d780>,6,27,[ 5 11],7,-1,34,-1,7
1,<environment.Job instance at 0x7f7975d7d370>,7,23,[ 4 12],8,-1,31,-1,8
1,<environment.Job instance at 0x7f7975d7daf0>,8,27,[ 2 12],9,-1,36,-1,9
1,<environment.Job instance at 0x7f7975d7d050>,9,26,[ 3 14],10,-1,36,-1,10
1,<environment.Job instance at 0x7f7975d7d280>,10,28,[ 1 13],11,-1,39,-1,11
1,<environment.Job instance at 0x7f7975d7d140>,12,27,[1 7],13,-1,41,-1,14
1,<environment.Job instance at 0x7f7975d7db90>,16,28,[9 5],17,-1,53,-1,25
1,<environment.Job instance at 0x7f7975d7db40>,17,20,[13  1],18,-1,45,-1,25
1,<environment.Job instance at 0x7f7975d7d1e0>,18,19,[ 2 13],19,-1,44,-1,25
1,<environment.Job instance at 0x7f7975d7dbe0>,19,28,[11  3],20,-1,53,-1,25
1,<environment.Job instance at 0x7f7975d7dc80>,20,23,[11  2],21,-1,48,-1,25
1,<environment.Job instance at 0x7f797503dd20>,21,22,[12  2],22,-1,47,-1,25
1,<environment.Job instance at 0x7f797503db90>,22,24,[ 5 12],23,-1,49,-1,25
1,<environment.Job instance at 0x7f797503da50>,23,28,[ 5 10],24,-1,53,-1,25
1,<environment.Job instance at 0x7f7975e6a910>,24,21,[ 4 13],25,-1,46,-1,25
1,<environment.Job instance at 0x7f7975e6a5f0>,26,28,[ 4 14],27,-1,66,-1,38
1,<environment.Job instance at 0x7f7975e6a500>,28,20,[11  1],29,-1,79,-1,59
1,<environment.Job instance at 0x7f7975e6a870>,29,27,[14  2],30,-1,86,-1,59
1,<environment.Job instance at 0x7f7975288780>,30,28,[12  4],31,-1,87,-1,59
1,<environment.Job instance at 0x7f7975288410>,31,13,[ 4 14],32,-1,72,-1,59
1,<environment.Job instance at 0x7f7975288370>,32,16,[ 5 13],33,-1,75,-1,59
1,<environment.Job instance at 0x7f7975288b40>,33,24,[14  4],34,-1,83,-1,59
1,<environment.Job instance at 0x7f79752885f0>,34,25,[ 4 13],35,-1,84,-1,59
1,<environment.Job instance at 0x7f7975288460>,35,20,[13  1],36,-1,79,-1,59
1,<environment.Job instance at 0x7f7975288cd0>,36,27,[10  4],37,-1,86,-1,59
1,<environment.Job instance at 0x7f79752880a0>,39,24,[ 4 10],40,-1,88,-1,64
1,<environment.Job instance at 0x7f7975288690>,40,26,[ 4 13],41,-1,90,-1,64
1,<environment.Job instance at 0x7f7975288e60>,41,25,[12  3],42,-1,89,-1,64
1,<environment.Job instance at 0x7f79752883c0>,42,23,[7 4],43,-1,87,-1,64
1,<environment.Job instance at 0x7f79755f0460>,43,23,[ 5 13],44,-1,87,-1,64
1,<environment.Job instance at 0x7f79755f0320>,44,12,[12  2],45,-1,76,-1,64
1,<environment.Job instance at 0x7f79755f0280>,45,16,[11  5],46,-1,81,-1,65
1,<environment.Job instance at 0x7f79755f0780>,46,19,[ 3 12],47,-1,84,-1,65
1,<environment.Job instance at 0x7f79755f05f0>,47,20,[ 3 12],48,-1,85,-1,65
1,<environment.Job instance at 0x7f79755f0690>,48,25,[11  1],49,-1,90,-1,65
1,<environment.Job instance at 0x7f79755f0d70>,49,26,[ 3 14],50,-1,91,-1,65
1,<environment.Job instance at 0x7f79755f0be0>,50,26,[14  1],51,-1,91,-1,65
1,<environment.Job instance at 0x7f79755f00a0>,51,19,[14  5],52,-1,84,-1,65
1,<environment.Job instance at 0x7f79755f0dc0>,52,26,[5 9],53,-1,91,-1,65
1,<environment.Job instance at 0x7f79755f09b0>,53,20,[ 4 12],54,-1,85,-1,65
1,<environment.Job instance at 0x7f79755f0140>,54,26,[ 2 12],55,-1,91,-1,65
1,<environment.Job instance at 0x7f79755f0500>,55,14,[ 3 14],56,-1,79,-1,65
1,<environment.Job instance at 0x7f79755f0370>,56,22,[11  2],57,-1,87,-1,65
1,<environment.Job instance at 0x7f79755f0230>,57,28,[6 5],58,-1,93,-1,65
1,<environment.Job instance at 0x7f79755f0cd0>,58,16,[14  5],59,-1,81,-1,65
1,<environment.Job instance at 0x7f79755f0870>,59,24,[14  1],60,-1,89,-1,65
1,<environment.Job instance at 0x7f79755f0190>,60,23,[ 5 12],61,-1,88,-1,65
1,<environment.Job instance at 0x7f7975a1c960>,62,27,[11  1],63,-1,103,-1,76
1,<environment.Job instance at 0x7f7975a1ca00>,63,24,[ 5 14],64,-1,100,-1,76
1,<environment.Job instance at 0x7f7975a1c410>,65,15,[12  1],66,-1,98,-1,83
1,<environment.Job instance at 0x7f7975a1c5f0>,66,23,[13  4],67,-1,106,-1,83
1,<environment.Job instance at 0x7f79754ca910>,67,14,[11  2],68,-1,97,-1,83
1,<environment.Job instance at 0x7f79754cadc0>,68,23,[ 5 12],69,-1,106,-1,83
1,<environment.Job instance at 0x7f79754ca140>,69,27,[13  3],70,-1,110,-1,83
1,<environment.Job instance at 0x7f79754cacd0>,70,25,[5 4],71,-1,108,-1,83
1,<environment.Job instance at 0x7f7974c28140>,72,24,[ 4 13],73,-1,120,-1,96
1,<environment.Job instance at 0x7f7974c28e10>,73,22,[ 1 13],74,-1,118,-1,96
1,<environment.Job instance at 0x7f7974c280f0>,75,16,[ 1 13],76,-1,119,-1,103
1,<environment.Job instance at 0x7f7974c28370>,76,27,[13  5],77,-1,130,-1,103
1,<environment.Job instance at 0x7f7974c285a0>,77,26,[1 8],78,-1,129,-1,103
1,<environment.Job instance at 0x7f7974c28870>,78,24,[5 3],79,-1,127,-1,103
1,<environment.Job instance at 0x7f7974c28aa0>,79,20,[13  3],80,-1,123,-1,103
1,<environment.Job instance at 0x7f7974c28190>,80,13,[11  1],81,-1,116,-1,103
1,<environment.Job instance at 0x7f7974c28230>,81,23,[12  2],82,-1,126,-1,103
1,<environment.Job instance at 0x7f7974c28f00>,82,27,[12  1],83,-1,130,-1,103
1,<environment.Job instance at 0x7f7974c281e0>,83,27,[ 3 13],84,-1,130,-1,103
1,<environment.Job instance at 0x7f7974c28640>,84,21,[12  1],85,-1,124,-1,103
1,<environment.Job instance at 0x7f7974c28e60>,85,26,[14  3],86,-1,129,-1,103
1,<environment.Job instance at 0x7f7974c28f50>,86,18,[12  4],87,-1,121,-1,103
1,<environment.Job instance at 0x7f7974c28a00>,87,25,[14  3],88,-1,128,-1,103
1,<environment.Job instance at 0x7f7974c28cd0>,88,27,[8 1],89,-1,130,-1,103
1,<environment.Job instance at 0x7f7974c280a0>,89,27,[13  5],90,-1,130,-1,103
1,<environment.Job instance at 0x7f7974c28050>,90,20,[ 3 12],91,-1,123,-1,103
1,<environment.Job instance at 0x7f79756a9af0>,91,28,[ 1 14],92,-1,131,-1,103
1,<environment.Job instance at 0x7f79756a94b0>,92,23,[13  1],93,-1,126,-1,103
1,<environment.Job instance at 0x7f79756a99b0>,93,21,[ 2 10],94,-1,138,-1,117
1,<environment.Job instance at 0x7f79756a9190>,94,20,[ 5 14],95,-1,137,-1,117
1,<environment.Job instance at 0x7f79756a92d0>,95,17,[ 4 12],96,-1,134,-1,117
1,<environment.Job instance at 0x7f79756a9b90>,96,27,[13  3],97,-1,144,-1,117
1,<environment.Job instance at 0x7f79756a9cd0>,97,28,[ 5 12],98,-1,145,-1,117
1,<environment.Job instance at 0x7f79756a9d70>,99,23,[ 4 12],100,-1,141,-1,118
1,<environment.Job instance at 0x7f79756a9f00>,100,20,[ 1 12],101,-1,138,-1,118
1,<environment.Job instance at 0x7f79756a98c0>,101,26,[ 4 11],102,-1,144,-1,118
1,<environment.Job instance at 0x7f79756a9e10>,102,24,[12  3],103,-1,142,-1,118
1,<environment.Job instance at 0x7f79756a9f50>,103,27,[11  2],104,-1,145,-1,118
1,<environment.Job instance at 0x7f79756a9280>,104,17,[13  5],105,-1,135,-1,118
1,<environment.Job instance at 0x7f79756a9780>,106,26,[5 8],107,-1,144,-1,118
1,<environment.Job instance at 0x7f79756a9be0>,107,27,[ 5 11],108,-1,145,-1,118
1,<environment.Job instance at 0x7f79756a9d20>,108,27,[ 4 12],109,-1,145,-1,118
1,<environment.Job instance at 0x7f79756a9370>,109,27,[9 3],110,-1,145,-1,118
1,<environment.Job instance at 0x7f79756dff50>,110,19,[ 1 11],111,-1,137,-1,118
1,<environment.Job instance at 0x7f79756df550>,111,26,[11  3],112,-1,144,-1,118
1,<environment.Job instance at 0x7f79756df7d0>,112,27,[12  1],113,-1,145,-1,118
1,<environment.Job instance at 0x7f79756df1e0>,113,19,[14  2],114,-1,137,-1,118
1,<environment.Job instance at 0x7f79756df910>,114,13,[11  3],115,-1,131,-1,118
1,<environment.Job instance at 0x7f79756dffa0>,115,20,[14  5],116,-1,138,-1,118
1,<environment.Job instance at 0x7f79756df9b0>,116,24,[ 1 13],117,-1,142,-1,118
1,<environment.Job instance at 0x7f79756df3c0>,117,20,[12  2],118,-1,138,-1,118
1,<environment.Job instance at 0x7f79756df640>,118,26,[12  5],119,-1,145,-1,119
1,<environment.Job instance at 0x7f79756df500>,119,27,[ 5 13],120,-1,147,-1,120
1,<environment.Job instance at 0x7f79756dfb40>,120,28,[13  2],121,-1,149,-1,121
1,<environment.Job instance at 0x7f79756dfaa0>,121,14,[ 2 13],122,-1,136,-1,122
1,<environment.Job instance at 0x7f79756dfd70>,122,28,[ 5 14],123,-1,151,-1,123
1,<environment.Job instance at 0x7f79756df780>,123,22,[14  3],124,-1,146,-1,124
1,<environment.Job instance at 0x7f79756dfc80>,124,13,[ 2 14],125,-1,138,-1,125
1,<environment.Job instance at 0x7f79756df820>,125,24,[ 3 14],126,-1,150,-1,126
1,<environment.Job instance at 0x7f79756dff00>,126,20,[13  3],127,-1,147,-1,127
1,<environment.Job instance at 0x7f79756df410>,127,21,[13  3],128,-1,149,-1,128
1,<environment.Job instance at 0x7f79756df690>,128,28,[ 2 14],129,-1,157,-1,129
1,<environment.Job instance at 0x7f797592bc30>,4,23,[13  2],5,-1,28,-1,5
1,<environment.Job instance at 0x7f797592bcd0>,5,24,[11  1],6,-1,30,-1,6
1,<environment.Job instance at 0x7f797592ba00>,6,14,[ 3 13],7,-1,21,-1,7
1,<environment.Job instance at 0x7f797592b280>,7,22,[ 3 11],8,-1,30,-1,8
1,<environment.Job instance at 0x7f797592b730>,10,19,[14  5],11,-1,30,-1,11
1,<environment.Job instance at 0x7f7974e709b0>,11,27,[ 1 12],12,-1,39,-1,12
1,<environment.Job instance at 0x7f7974e708c0>,12,23,[ 5 11],13,-1,36,-1,13
1,<environment.Job instance at 0x7f7974e70eb0>,13,16,[12  1],14,-1,30,-1,14
1,<environment.Job instance at 0x7f7974e706e0>,14,26,[14  2],15,-1,41,-1,15
1,<environment.Job instance at 0x7f7974e704b0>,15,14,[13  2],16,-1,30,-1,16
1,<environment.Job instance at 0x7f7974e70320>,16,22,[7 2],17,-1,64,-1,42
1,<environment.Job instance at 0x7f7974e70050>,21,22,[14  4],22,-1,68,-1,46
1,<environment.Job instance at 0x7f7974e70140>,24,26,[ 3 10],25,-1,106,-1,80
1,<environment.Job instance at 0x7f7974e70d70>,25,28,[12  3],26,-1,108,-1,80
1,<environment.Job instance at 0x7f7974e70780>,26,19,[ 2 11],27,-1,99,-1,80
1,<environment.Job instance at 0x7f7974e70a00>,27,26,[14  5],28,-1,106,-1,80
1,<environment.Job instance at 0x7f7975784cd0>,28,23,[10  4],29,-1,103,-1,80
1,<environment.Job instance at 0x7f7975784370>,29,24,[7 5],30,-1,104,-1,80
1,<environment.Job instance at 0x7f7975784140>,31,26,[13  5],32,-1,114,-1,88
1,<environment.Job instance at 0x7f7975784c80>,32,28,[ 1 11],33,-1,116,-1,88
1,<environment.Job instance at 0x7f7975784aa0>,33,24,[ 3 13],34,-1,112,-1,88
1,<environment.Job instance at 0x7f79757841e0>,34,15,[13  3],35,-1,103,-1,88
1,<environment.Job instance at 0x7f7975784910>,35,24,[14  5],36,-1,112,-1,88
1,<environment.Job instance at 0x7f7975784280>,36,25,[14  3],37,-1,113,-1,88
1,<environment.Job instance at 0x7f7975784410>,37,15,[ 5 13],38,-1,103,-1,88
1,<environment.Job instance at 0x7f7975784820>,38,27,[5 5],39,-1,115,-1,88
1,<environment.Job instance at 0x7f7975784c30>,39,20,[ 5 13],40,-1,108,-1,88
1,<environment.Job instance at 0x7f7975784f00>,40,23,[14  5],41,-1,111,-1,88
1,<environment.Job instance at 0x7f7975fa73c0>,41,25,[12  3],42,-1,113,-1,88
1,<environment.Job instance at 0x7f7975fa7690>,42,28,[11  2],43,-1,116,-1,88
1,<environment.Job instance at 0x7f7975fa7230>,43,23,[12  3],44,-1,111,-1,88
1,<environment.Job instance at 0x7f7975fa7e10>,44,25,[ 3 13],45,-1,113,-1,88
1,<environment.Job instance at 0x7f7975fa7aa0>,45,24,[ 3 14],46,-1,112,-1,88
1,<environment.Job instance at 0x7f7975fa7500>,46,20,[11  4],47,-1,108,-1,88
1,<environment.Job instance at 0x7f7975fa7410>,47,20,[11  2],48,-1,108,-1,88
1,<environment.Job instance at 0x7f7975fa7fa0>,48,20,[ 1 13],49,-1,108,-1,88
1,<environment.Job instance at 0x7f7975fa7dc0>,49,25,[10  3],50,-1,113,-1,88
1,<environment.Job instance at 0x7f797485cc30>,51,13,[12  1],52,-1,110,-1,97
1,<environment.Job instance at 0x7f797485c690>,52,20,[12  4],53,-1,117,-1,97
1,<environment.Job instance at 0x7f797485ce60>,53,26,[ 5 10],54,-1,123,-1,97
1,<environment.Job instance at 0x7f797485cc80>,54,27,[ 2 13],55,-1,124,-1,97
1,<environment.Job instance at 0x7f797485c9b0>,55,20,[ 2 14],56,-1,117,-1,97
1,<environment.Job instance at 0x7f797485caf0>,56,20,[ 3 11],57,-1,117,-1,97
1,<environment.Job instance at 0x7f797485c2d0>,57,20,[ 4 11],58,-1,117,-1,97
1,<environment.Job instance at 0x7f797485ca00>,58,26,[ 2 11],59,-1,123,-1,97
1,<environment.Job instance at 0x7f797485c190>,59,20,[14  4],60,-1,117,-1,97
1,<environment.Job instance at 0x7f797485c7d0>,60,16,[ 4 12],61,-1,113,-1,97
1,<environment.Job instance at 0x7f797485c4b0>,62,26,[ 1 12],63,-1,123,-1,97
1,<environment.Job instance at 0x7f797485c230>,63,24,[13  3],64,-1,121,-1,97
1,<environment.Job instance at 0x7f797485ccd0>,64,12,[12  2],65,-1,109,-1,97
1,<environment.Job instance at 0x7f797485c0a0>,65,28,[ 5 11],66,-1,125,-1,97
1,<environment.Job instance at 0x7f797485cf50>,66,16,[14  4],67,-1,113,-1,97
1,<environment.Job instance at 0x7f797485c730>,67,21,[11  5],68,-1,118,-1,97
1,<environment.Job instance at 0x7f797485c8c0>,68,20,[ 2 14],69,-1,117,-1,97
1,<environment.Job instance at 0x7f797485c780>,69,22,[13  5],70,-1,119,-1,97
1,<environment.Job instance at 0x7f7975f639b0>,70,22,[ 2 12],71,-1,119,-1,97
1,<environment.Job instance at 0x7f7975f63230>,71,20,[10  1],72,-1,125,-1,105
1,<environment.Job instance at 0x7f7975f63f00>,72,27,[ 4 14],73,-1,132,-1,105
1,<environment.Job instance at 0x7f7975f635a0>,73,22,[ 2 14],74,-1,127,-1,105
1,<environment.Job instance at 0x7f7974f99690>,1,25,[11  2],2,-1,27,-1,2
1,<environment.Job instance at 0x7f79751da6e0>,2,22,[14  5],3,-1,25,-1,3
1,<environment.Job instance at 0x7f79751dae10>,3,24,[ 4 13],4,-1,28,-1,4
1,<environment.Job instance at 0x7f79751dab90>,6,19,[12  1],7,-1,26,-1,7
1,<environment.Job instance at 0x7f79751daaf0>,8,27,[ 5 12],9,-1,36,-1,9
1,<environment.Job instance at 0x7f79751da550>,7,16,[14  3],8,-1,25,-1,9
1,<environment.Job instance at 0x7f79751da5f0>,9,27,[ 3 14],10,-1,37,-1,10
1,<environment.Job instance at 0x7f79751da500>,10,28,[ 3 13],11,-1,39,-1,11
1,<environment.Job instance at 0x7f79751da410>,11,28,[11  1],12,-1,40,-1,12
1,<environment.Job instance at 0x7f797519deb0>,12,25,[ 4 11],13,-1,38,-1,13
1,<environment.Job instance at 0x7f797519d3c0>,13,22,[11  4],14,-1,36,-1,14
1,<environment.Job instance at 0x7f79751da640>,15,25,[12  3],16,-1,41,-1,16
1,<environment.Job instance at 0x7f797519dc80>,16,22,[ 4 11],17,-1,39,-1,17
1,<environment.Job instance at 0x7f797519d0f0>,17,13,[ 1 14],18,-1,31,-1,18
1,<environment.Job instance at 0x7f797519d0a0>,18,25,[1 8],19,-1,44,-1,19
1,<environment.Job instance at 0x7f797519daf0>,19,17,[ 3 13],20,-1,37,-1,20
1,<environment.Job instance at 0x7f797519d730>,21,20,[ 4 11],22,-1,42,-1,22
1,<environment.Job instance at 0x7f797519d7d0>,22,19,[ 1 13],23,-1,42,-1,23
1,<environment.Job instance at 0x7f797519d870>,23,27,[4 8],24,-1,51,-1,24
1,<environment.Job instance at 0x7f797519d5a0>,24,19,[ 3 11],25,-1,44,-1,25
1,<environment.Job instance at 0x7f797519d500>,25,27,[14  3],26,-1,53,-1,26
1,<environment.Job instance at 0x7f797519d4b0>,26,24,[11  3],27,-1,51,-1,27
1,<environment.Job instance at 0x7f797519dc30>,28,26,[ 3 11],29,-1,55,-1,29
1,<environment.Job instance at 0x7f79751ccfa0>,29,19,[13  1],30,-1,49,-1,30
1,<environment.Job instance at 0x7f79751cc1e0>,30,27,[12  4],31,-1,58,-1,31
1,<environment.Job instance at 0x7f79751cc820>,32,24,[14  2],33,-1,57,-1,33
1,<environment.Job instance at 0x7f79751cceb0>,33,22,[ 2 14],34,-1,56,-1,34
1,<environment.Job instance at 0x7f79751cc870>,34,14,[ 4 12],35,-1,49,-1,35
1,<environment.Job instance at 0x7f79751ccaa0>,35,26,[1 6],36,-1,63,-1,37
1,<environment.Job instance at 0x7f79751ccbe0>,37,22,[ 3 14],38,-1,60,-1,38
1,<environment.Job instance at 0x7f79751cc6e0>,38,26,[ 5 11],39,-1,65,-1,39
1,<environment.Job instance at 0x7f79751cc280>,39,26,[ 4 13],40,-1,66,-1,40
1,<environment.Job instance at 0x7f79751cc5a0>,41,24,[11  4],42,-1,66,-1,42
1,<environment.Job instance at 0x7f79751cce10>,42,21,[13  3],43,-1,64,-1,43
1,<environment.Job instance at 0x7f79751c0640>,43,19,[ 3 11],44,-1,63,-1,44
1,<environment.Job instance at 0x7f79751c0d20>,44,14,[ 2 12],45,-1,59,-1,45
1,<environment.Job instance at 0x7f79751c05a0>,45,26,[ 3 10],46,-1,72,-1,46
1,<environment.Job instance at 0x7f79751c0140>,46,27,[ 5 12],47,-1,74,-1,47
1,<environment.Job instance at 0x7f79751c0460>,47,14,[11  5],48,-1,62,-1,48
1,<environment.Job instance at 0x7f79751c0b40>,48,20,[13  3],49,-1,69,-1,49
1,<environment.Job instance at 0x7f79751c0b90>,49,26,[13  4],50,-1,76,-1,50
1,<environment.Job instance at 0x7f79751c0a00>,50,25,[ 3 10],51,-1,76,-1,51
1,<environment.Job instance at 0x7f79751c0af0>,51,27,[ 4 11],52,-1,79,-1,52
1,<environment.Job instance at 0x7f79751c0c30>,52,14,[ 2 11],53,-1,67,-1,53
1,<environment.Job instance at 0x7f79751c0960>,56,23,[14  3],57,-1,96,-1,73
1,<environment.Job instance at 0x7f79751d5280>,57,22,[3 7],58,-1,97,-1,75
1,<environment.Job instance at 0x7f79751d5d70>,58,13,[7 1],59,-1,88,-1,75
1,<environment.Job instance at 0x7f79751d5cd0>,59,19,[ 5 11],60,-1,94,-1,75
1,<environment.Job instance at 0x7f79751d55a0>,60,19,[ 4 14],61,-1,94,-1,75
1,<environment.Job instance at 0x7f79751d5a50>,61,27,[13  3],62,-1,102,-1,75
1,<environment.Job instance at 0x7f79751d50f0>,62,19,[12  3],63,-1,94,-1,75
1,<environment.Job instance at 0x7f79751d5820>,63,16,[11  1],64,-1,91,-1,75
1,<environment.Job instance at 0x7f79751d5410>,64,26,[12  2],65,-1,101,-1,75
1,<environment.Job instance at 0x7f79751d5050>,65,20,[ 3 14],66,-1,95,-1,75
1,<environment.Job instance at 0x7f79751d5140>,66,13,[12  4],67,-1,88,-1,75
1,<environment.Job instance at 0x7f79751d5eb0>,67,28,[12  3],68,-1,103,-1,75
1,<environment.Job instance at 0x7f79751d5a00>,68,24,[ 1 14],69,-1,99,-1,75
1,<environment.Job instance at 0x7f79751d5f00>,69,23,[13  1],70,-1,98,-1,75
1,<environment.Job instance at 0x7f79751d5230>,70,22,[ 3 13],71,-1,97,-1,75
1,<environment.Job instance at 0x7f79751d5460>,71,20,[ 3 13],72,-1,95,-1,75
1,<environment.Job instance at 0x7f79751d5aa0>,72,19,[11  4],73,-1,94,-1,75
1,<environment.Job instance at 0x7f79751d54b0>,73,20,[13  3],74,-1,95,-1,75
1,<environment.Job instance at 0x7f79751c2b40>,75,20,[14  3],76,-1,96,-1,76
1,<environment.Job instance at 0x7f79751c2e60>,76,19,[14  4],77,-1,96,-1,77
1,<environment.Job instance at 0x7f79751c2cd0>,77,16,[14  4],78,-1,94,-1,78
1,<environment.Job instance at 0x7f79751c2f50>,78,26,[ 2 12],79,-1,105,-1,79
1,<environment.Job instance at 0x7f79751c2c30>,79,19,[12  2],80,-1,99,-1,80
1,<environment.Job instance at 0x7f79751c27d0>,80,25,[ 5 12],81,-1,106,-1,81
1,<environment.Job instance at 0x7f79751c29b0>,81,25,[14  5],82,-1,107,-1,82
1,<environment.Job instance at 0x7f79751c2fa0>,82,24,[14  2],83,-1,107,-1,83
1,<environment.Job instance at 0x7f79751c2d20>,84,14,[12  5],85,-1,99,-1,85
1,<environment.Job instance at 0x7f79751c2460>,85,26,[2 7],86,-1,112,-1,86
1,<environment.Job instance at 0x7f7974affeb0>,88,28,[ 2 11],89,-1,125,-1,97
1,<environment.Job instance at 0x7f7974aff7d0>,89,22,[14  4],90,-1,119,-1,97
1,<environment.Job instance at 0x7f7974aff0f0>,90,16,[14  2],91,-1,113,-1,97
1,<environment.Job instance at 0x7f7974affd70>,91,15,[11  1],92,-1,112,-1,97
1,<environment.Job instance at 0x7f7974aff550>,92,19,[ 1 14],93,-1,116,-1,97
1,<environment.Job instance at 0x7f7974afffa0>,94,13,[ 1 14],95,-1,113,-1,100
1,<environment.Job instance at 0x7f7974aff320>,95,21,[14  3],96,-1,121,-1,100
1,<environment.Job instance at 0x7f7974affe60>,96,21,[ 3 13],97,-1,121,-1,100
1,<environment.Job instance at 0x7f7974aff640>,97,23,[14  5],98,-1,123,-1,100
1,<environment.Job instance at 0x7f7974aff2d0>,99,12,[12  4],100,-1,125,-1,113
1,<environment.Job instance at 0x7f7974afff50>,100,28,[10  5],101,-1,141,-1,113
1,<environment.Job instance at 0x7f7974aff6e0>,101,14,[13  4],102,-1,127,-1,113
1,<environment.Job instance at 0x7f7974aff460>,102,14,[12  4],103,-1,127,-1,113
1,<environment.Job instance at 0x7f7975371690>,103,25,[ 1 14],104,-1,138,-1,113
1,<environment.Job instance at 0x7f7975371640>,104,22,[ 4 11],105,-1,135,-1,113
1,<environment.Job instance at 0x7f79753719b0>,105,19,[ 4 11],106,-1,132,-1,113
1,<environment.Job instance at 0x7f7975371b40>,106,25,[14  2],107,-1,138,-1,113
1,<environment.Job instance at 0x7f7975371af0>,107,18,[ 5 13],108,-1,131,-1,113
1,<environment.Job instance at 0x7f79753716e0>,108,23,[ 5 13],109,-1,136,-1,113
1,<environment.Job instance at 0x7f7975371e60>,109,28,[ 1 11],110,-1,141,-1,113
1,<environment.Job instance at 0x7f7975371780>,110,28,[ 5 11],111,-1,141,-1,113
1,<environment.Job instance at 0x7f7975371820>,111,21,[13  4],112,-1,134,-1,113
1,<environment.Job instance at 0x7f79753718c0>,112,24,[4 9],113,-1,137,-1,113
1,<environment.Job instance at 0x7f7975371cd0>,113,19,[ 3 13],114,-1,133,-1,114
1,<environment.Job instance at 0x7f79753715f0>,115,28,[ 2 13],116,-1,144,-1,116
1,<environment.Job instance at 0x7f7975371280>,116,23,[ 2 12],117,-1,140,-1,117
1,<environment.Job instance at 0x7f7975371d70>,117,23,[12  3],118,-1,141,-1,118
1,<environment.Job instance at 0x7f7975371910>,118,24,[13  1],119,-1,143,-1,119
1,<environment.Job instance at 0x7f79753710f0>,119,28,[ 2 14],120,-1,148,-1,120
1,<environment.Job instance at 0x7f7975371320>,120,22,[ 1 13],121,-1,143,-1,121
1,<environment.Job instance at 0x7f7975718a50>,121,22,[12  5],122,-1,144,-1,122
1,<environment.Job instance at 0x7f7975718370>,122,19,[ 3 12],123,-1,142,-1,123
1,<environment.Job instance at 0x7f7975718550>,123,26,[11  5],124,-1,150,-1,124
1,<environment.Job instance at 0x7f7975718870>,124,28,[ 4 12],125,-1,153,-1,125
1,<environment.Job instance at 0x7f7975718f00>,125,24,[12  5],126,-1,150,-1,126
1,<environment.Job instance at 0x7f7975718b90>,126,21,[ 5 11],127,-1,148,-1,127
1,<environment.Job instance at 0x7f79757181e0>,127,24,[12  2],128,-1,152,-1,128
1,<environment.Job instance at 0x7f7975718d20>,128,14,[ 2 14],129,-1,143,-1,129
1,<environment.Job instance at 0x7f79751c3410>,2,25,[ 1 13],3,-1,28,-1,3
1,<environment.Job instance at 0x7f797592d5a0>,3,26,[ 1 12],4,-1,30,-1,4
1,<environment.Job instance at 0x7f797592d370>,5,22,[ 2 12],6,-1,28,-1,6
1,<environment.Job instance at 0x7f797592d960>,4,19,[12  1],5,-1,25,-1,6
1,<environment.Job instance at 0x7f797592d820>,7,20,[12  3],8,-1,28,-1,8
1,<environment.Job instance at 0x7f797592dfa0>,8,17,[14  4],9,-1,26,-1,9
1,<environment.Job instance at 0x7f797592daf0>,9,26,[ 5 12],10,-1,36,-1,10
1,<environment.Job instance at 0x7f7976053f50>,14,26,[ 1 11],15,-1,46,-1,20
1,<environment.Job instance at 0x7f7976053140>,16,19,[12  1],17,-1,46,-1,27
1,<environment.Job instance at 0x7f79760538c0>,17,21,[ 5 12],18,-1,48,-1,27
1,<environment.Job instance at 0x7f7976053500>,19,19,[11  2],20,-1,53,-1,34
1,<environment.Job instance at 0x7f7976053be0>,20,28,[13  4],21,-1,62,-1,34
1,<environment.Job instance at 0x7f7975149550>,21,20,[ 5 14],22,-1,54,-1,34
1,<environment.Job instance at 0x7f7975149190>,22,28,[14  1],23,-1,62,-1,34
1,<environment.Job instance at 0x7f7975149b90>,23,28,[ 4 12],24,-1,62,-1,34
1,<environment.Job instance at 0x7f79751494b0>,24,18,[12  5],25,-1,52,-1,34
1,<environment.Job instance at 0x7f79751492d0>,25,12,[ 1 14],26,-1,46,-1,34
1,<environment.Job instance at 0x7f79751498c0>,26,28,[ 2 13],27,-1,62,-1,34
1,<environment.Job instance at 0x7f7975149e10>,27,21,[14  1],28,-1,55,-1,34
1,<environment.Job instance at 0x7f7975149c80>,28,13,[ 3 11],29,-1,47,-1,34
1,<environment.Job instance at 0x7f7975149280>,29,22,[ 4 13],30,-1,56,-1,34
1,<environment.Job instance at 0x7f7975149fa0>,30,23,[13  2],31,-1,57,-1,34
1,<environment.Job instance at 0x7f7975149aa0>,31,18,[12  4],32,-1,52,-1,34
1,<environment.Job instance at 0x7f79756070f0>,1,21,[14  2],2,-1,23,-1,2
1,<environment.Job instance at 0x7f7975607550>,2,12,[13  2],3,-1,15,-1,3
1,<environment.Job instance at 0x7f7975607d20>,4,28,[ 5 12],5,-1,33,-1,5
1,<environment.Job instance at 0x7f79756076e0>,5,24,[ 1 12],6,-1,30,-1,6
1,<environment.Job instance at 0x7f7975607870>,6,23,[ 4 13],7,-1,30,-1,7
1,<environment.Job instance at 0x7f7975607320>,9,21,[13  4],10,-1,31,-1,10
1,<environment.Job instance at 0x7f7975607be0>,12,20,[14  1],13,-1,33,-1,13
1,<environment.Job instance at 0x7f7975607b40>,13,18,[ 2 11],14,-1,32,-1,14
1,<environment.Job instance at 0x7f7975607e10>,14,25,[ 5 13],15,-1,40,-1,15
1,<environment.Job instance at 0x7f7975607cd0>,15,12,[ 1 12],16,-1,28,-1,16
1,<environment.Job instance at 0x7f79754c2320>,16,28,[11  5],17,-1,45,-1,17
1,<environment.Job instance at 0x7f79754c2c80>,17,23,[ 1 12],18,-1,41,-1,18
1,<environment.Job instance at 0x7f79754c2e10>,18,19,[11  1],19,-1,38,-1,19
1,<environment.Job instance at 0x7f79754c2c30>,19,27,[12  5],20,-1,47,-1,20
1,<environment.Job instance at 0x7f79754c24b0>,20,26,[ 4 14],21,-1,47,-1,21
1,<environment.Job instance at 0x7f79754c20f0>,21,21,[11  3],22,-1,43,-1,22
1,<environment.Job instance at 0x7f79754c25a0>,22,28,[13  2],23,-1,51,-1,23
1,<environment.Job instance at 0x7f79754c23c0>,23,12,[ 2 14],24,-1,36,-1,24
1,<environment.Job instance at 0x7f79754c22d0>,24,25,[5 8],25,-1,50,-1,25
1,<environment.Job instance at 0x7f79754c2a50>,25,18,[13  3],26,-1,44,-1,26
1,<environment.Job instance at 0x7f79754c2050>,28,28,[ 4 12],29,-1,57,-1,29
1,<environment.Job instance at 0x7f79754c26e0>,29,25,[14  1],30,-1,55,-1,30
1,<environment.Job instance at 0x7f79754c2a00>,30,21,[13  5],31,-1,52,-1,31
1,<environment.Job instance at 0x7f79754c2b90>,31,13,[ 4 12],32,-1,45,-1,32
1,<environment.Job instance at 0x7f79755eb820>,32,22,[12  2],33,-1,55,-1,33
1,<environment.Job instance at 0x7f79755eb190>,33,14,[14  2],34,-1,48,-1,34
1,<environment.Job instance at 0x7f79755ebbe0>,34,21,[14  1],35,-1,56,-1,35
1,<environment.Job instance at 0x7f79755ebaf0>,35,23,[ 2 12],36,-1,59,-1,36
1,<environment.Job instance at 0x7f79755eb3c0>,36,19,[ 5 14],37,-1,56,-1,37
1,<environment.Job instance at 0x7f79755eb500>,37,21,[ 2 12],38,-1,59,-1,38
1,<environment.Job instance at 0x7f79755ebaa0>,38,19,[12  3],39,-1,58,-1,39
1,<environment.Job instance at 0x7f79755eb460>,39,27,[14  5],40,-1,67,-1,40
1,<environment.Job instance at 0x7f797e7f3cd0>,40,23,[ 5 11],41,-1,64,-1,41
1,<environment.Job instance at 0x7f797e7f3870>,41,13,[ 3 13],42,-1,55,-1,42
1,<environment.Job instance at 0x7f7975803d70>,43,19,[13  4],44,-1,63,-1,44
1,<environment.Job instance at 0x7f79758039b0>,44,23,[ 5 10],45,-1,68,-1,45
1,<environment.Job instance at 0x7f7975803a50>,45,28,[12  3],46,-1,74,-1,46
1,<environment.Job instance at 0x7f7975803460>,46,25,[12  5],47,-1,72,-1,47
1,<environment.Job instance at 0x7f7975803640>,47,24,[13  3],48,-1,72,-1,48
1,<environment.Job instance at 0x7f7975803be0>,48,23,[ 5 12],49,-1,72,-1,49
1,<environment.Job instance at 0x7f7975803f50>,49,26,[5 9],50,-1,76,-1,50
1,<environment.Job instance at 0x7f79758037d0>,50,22,[ 3 12],51,-1,73,-1,51
1,<environment.Job instance at 0x7f79758034b0>,51,28,[14  4],52,-1,80,-1,52
1,<environment.Job instance at 0x7f7975869370>,52,24,[ 2 14],53,-1,77,-1,53
1,<environment.Job instance at 0x7f7975869640>,53,12,[12  1],54,-1,66,-1,54
1,<environment.Job instance at 0x7f79758690a0>,54,19,[ 1 14],55,-1,74,-1,55
1,<environment.Job instance at 0x7f79758104b0>,56,26,[ 5 12],57,-1,83,-1,57
1,<environment.Job instance at 0x7f7975810aa0>,57,15,[ 5 14],58,-1,73,-1,58
1,<environment.Job instance at 0x7f79758100f0>,58,25,[ 4 12],59,-1,84,-1,59
1,<environment.Job instance at 0x7f7975810dc0>,59,25,[ 1 12],60,-1,85,-1,60
1,<environment.Job instance at 0x7f7975810b40>,60,23,[11  2],61,-1,84,-1,61
1,<environment.Job instance at 0x7f7975810be0>,61,24,[12  1],62,-1,86,-1,62
1,<environment.Job instance at 0x7f7975810af0>,62,16,[11  3],63,-1,79,-1,63
1,<environment.Job instance at 0x7f79757f4be0>,63,23,[14  2],64,-1,87,-1,64
1,<environment.Job instance at 0x7f79757f4b90>,64,21,[ 3 14],65,-1,86,-1,65
1,<environment.Job instance at 0x7f79757f4b40>,65,28,[14  4],66,-1,94,-1,66
1,<environment.Job instance at 0x7f79757e3cd0>,66,25,[ 2 14],67,-1,92,-1,67
1,<environment.Job instance at 0x7f79757e3e10>,67,25,[9 4],68,-1,93,-1,68
1,<environment.Job instance at 0x7f7974bd9d70>,68,16,[13  4],69,-1,85,-1,69
1,<environment.Job instance at 0x7f7974df5e10>,69,24,[ 4 11],70,-1,94,-1,70
1,<environment.Job instance at 0x7f7974bd0c80>,70,14,[ 4 14],71,-1,85,-1,71
1,<environment.Job instance at 0x7f7974bd02d0>,71,23,[6 2],72,-1,95,-1,72
1,<environment.Job instance at 0x7f7974bd0af0>,73,23,[ 4 12],74,-1,97,-1,74
1,<environment.Job instance at 0x7f7974bd0dc0>,74,28,[ 5 13],75,-1,103,-1,75
1,<environment.Job instance at 0x7f7974bd0fa0>,75,22,[13  2],76,-1,98,-1,76
1,<environment.Job instance at 0x7f79754b6c30>,76,27,[12  4],77,-1,104,-1,77
1,<environment.Job instance at 0x7f7974dedeb0>,77,28,[ 5 11],78,-1,106,-1,78
1,<environment.Job instance at 0x7f79760a96e0>,78,17,[13  2],79,-1,96,-1,79
1,<environment.Job instance at 0x7f79760a9550>,79,28,[11  5],80,-1,108,-1,80
1,<environment.Job instance at 0x7f7975002460>,80,18,[ 1 13],81,-1,99,-1,81
1,<environment.Job instance at 0x7f7974ca1320>,81,26,[13  3],82,-1,108,-1,82
1,<environment.Job instance at 0x7f7975b25fa0>,82,27,[11  2],83,-1,110,-1,83
1,<environment.Job instance at 0x7f7976010370>,83,25,[12  3],84,-1,109,-1,84
1,<environment.Job instance at 0x7f79752dba00>,84,25,[12  5],85,-1,110,-1,85
1,<environment.Job instance at 0x7f7975b01af0>,85,26,[13  1],86,-1,112,-1,86
1,<environment.Job instance at 0x7f797557afa0>,86,12,[ 3 11],87,-1,99,-1,87
1,<environment.Job instance at 0x7f7974e4fd70>,87,27,[ 2 13],88,-1,115,-1,88
1,<environment.Job instance at 0x7f7974e4feb0>,88,16,[11  2],89,-1,105,-1,89
1,<environment.Job instance at 0x7f7974e4fb40>,89,24,[14  3],90,-1,114,-1,90
1,<environment.Job instance at 0x7f7974e20c80>,92,26,[14  5],93,-1,126,-1,100
1,<environment.Job instance at 0x7f79755681e0>,93,25,[ 3 13],94,-1,125,-1,100
1,<environment.Job instance at 0x7f7974b7c0a0>,94,13,[ 5 14],95,-1,113,-1,100
1,<environment.Job instance at 0x7f797486d5a0>,95,20,[12  2],96,-1,120,-1,100
1,<environment.Job instance at 0x7f7974ebadc0>,96,26,[ 5 11],97,-1,126,-1,100
1,<environment.Job instance at 0x7f7974ebafa0>,97,23,[12  3],98,-1,123,-1,100
1,<environment.Job instance at 0x7f7974eba870>,98,13,[14  1],99,-1,113,-1,100
1,<environment.Job instance at 0x7f7974eba280>,99,13,[11  2],100,-1,113,-1,100
1,<environment.Job instance at 0x7f7974eba5a0>,100,25,[13  1],101,-1,126,-1,101
1,<environment.Job instance at 0x7f7974eba640>,101,19,[ 3 13],102,-1,121,-1,102
1,<environment.Job instance at 0x7f7974eba6e0>,102,26,[11  1],103,-1,129,-1,103
1,<environment.Job instance at 0x7f7974eba0a0>,103,26,[13  1],104,-1,130,-1,104
1,<environment.Job instance at 0x7f7974eba9b0>,104,24,[ 3 10],105,-1,129,-1,105
1,<environment.Job instance at 0x7f7974eba500>,105,23,[12  4],106,-1,129,-1,106
1,<environment.Job instance at 0x7f7974eba320>,106,28,[14  3],107,-1,135,-1,107
1,<environment.Job instance at 0x7f7975af7cd0>,107,27,[ 4 14],108,-1,135,-1,108
1,<environment.Job instance at 0x7f7975307aa0>,110,21,[ 2 11],111,-1,144,-1,123
1,<environment.Job instance at 0x7f7975307d20>,111,26,[ 3 13],112,-1,149,-1,123
1,<environment.Job instance at 0x7f7975307f50>,112,21,[14  5],113,-1,144,-1,123
1,<environment.Job instance at 0x7f7974eae7d0>,113,20,[ 2 12],114,-1,143,-1,123
1,<environment.Job instance at 0x7f7974eae5f0>,114,27,[1 9],115,-1,150,-1,123
1,<environment.Job instance at 0x7f7974eae9b0>,115,28,[ 5 12],116,-1,151,-1,123
1,<environment.Job instance at 0x7f7974eae0f0>,116,14,[13  1],117,-1,137,-1,123
1,<environment.Job instance at 0x7f7974eaecd0>,117,28,[ 3 11],118,-1,151,-1,123
1,<environment.Job instance at 0x7f7974eae190>,118,13,[14  1],119,-1,136,-1,123
1,<environment.Job instance at 0x7f7974eae2d0>,119,20,[ 1 12],120,-1,143,-1,123
1,<environment.Job instance at 0x7f7974eaeeb0>,120,19,[14  3],121,-1,142,-1,123
1,<environment.Job instance at 0x7f7974eae4b0>,121,20,[ 4 13],122,-1,143,-1,123
1,<environment.Job instance at 0x7f7974eae0a0>,122,27,[13  4],123,-1,150,-1,123
1,<environment.Job instance at 0x7f7975563cd0>,123,21,[ 2 11],124,-1,145,-1,124
1,<environment.Job instance at 0x7f7974eaee10>,124,18,[12  4],125,-1,143,-1,125
1,<environment.Job instance at 0x7f7974ebff00>,125,22,[13  2],126,-1,148,-1,126
1,<environment.Job instance at 0x7f7974ebf370>,126,15,[ 5 13],127,-1,142,-1,127
1,<environment.Job instance at 0x7f7974ebf1e0>,127,24,[ 2 11],128,-1,152,-1,128
1,<environment.Job instance at 0x7f7974ebf140>,128,19,[13  5],129,-1,148,-1,129
1,<environment.Job instance at 0x7f7974d5b230>,1,25,[12  3],2,-1,27,-1,2
1,<environment.Job instance at 0x7f7974ebfdc0>,2,22,[12  3],3,-1,25,-1,3
1,<environment.Job instance at 0x7f7974d5b550>,3,24,[ 4 13],4,-1,28,-1,4
1,<environment.Job instance at 0x7f7974d5b4b0>,4,27,[ 5 14],5,-1,32,-1,5
1,<environment.Job instance at 0x7f7974d5be60>,5,27,[ 4 14],6,-1,33,-1,6
1,<environment.Job instance at 0x7f7974d5b780>,7,18,[ 2 13],8,-1,26,-1,8
1,<environment.Job instance at 0x7f7974d5ba00>,8,23,[ 1 12],9,-1,32,-1,9
1,<environment.Job instance at 0x7f7974d5b140>,9,13,[ 4 14],10,-1,23,-1,10
1,<environment.Job instance at 0x7f7974d5b960>,10,26,[9 2],11,-1,37,-1,11
1,<environment.Job instance at 0x7f7974d5b7d0>,11,24,[11  2],12,-1,36,-1,12
1,<environment.Job instance at 0x7f7974ebf140>,13,25,[12  2],14,-1,39,-1,14
1,<environment.Job instance at 0x7f7974d9a910>,17,21,[ 5 13],18,-1,40,-1,19
1,<environment.Job instance at 0x7f7974d9af00>,18,12,[ 1 12],19,-1,31,-1,19
1,<environment.Job instance at 0x7f7974d9a280>,19,22,[12  4],20,-1,42,-1,20
1,<environment.Job instance at 0x7f7974d9a370>,20,27,[ 1 13],21,-1,48,-1,21
1,<environment.Job instance at 0x7f7974d9a7d0>,21,24,[10  4],22,-1,46,-1,22
1,<environment.Job instance at 0x7f7974d9a6e0>,22,26,[14  1],23,-1,49,-1,23
1,<environment.Job instance at 0x7f7974d9a3c0>,23,25,[ 4 14],24,-1,49,-1,24
1,<environment.Job instance at 0x7f7974d9a050>,24,19,[ 3 14],25,-1,44,-1,25
1,<environment.Job instance at 0x7f7974d9a320>,25,25,[ 1 13],26,-1,51,-1,26
1,<environment.Job instance at 0x7f7974d9a410>,26,28,[ 2 13],27,-1,55,-1,27
1,<environment.Job instance at 0x7f7974d5df00>,27,18,[ 3 14],28,-1,46,-1,28
1,<environment.Job instance at 0x7f7974d5ddc0>,28,26,[14  5],29,-1,55,-1,29
1,<environment.Job instance at 0x7f7974d5d370>,29,26,[ 4 11],30,-1,56,-1,30
1,<environment.Job instance at 0x7f7974d5d0a0>,31,26,[ 5 12],32,-1,58,-1,32
1,<environment.Job instance at 0x7f7974d5d2d0>,32,20,[12  1],33,-1,53,-1,33
1,<environment.Job instance at 0x7f7974d5d640>,33,23,[ 2 12],34,-1,57,-1,34
1,<environment.Job instance at 0x7f7974d5d730>,34,26,[ 1 11],35,-1,61,-1,35
1,<environment.Job instance at 0x7f7974d5daa0>,35,17,[ 3 12],36,-1,53,-1,36
1,<environment.Job instance at 0x7f7974d5d690>,36,20,[11  5],37,-1,58,-1,38
1,<environment.Job instance at 0x7f7974d5d460>,39,21,[11  1],40,-1,61,-1,40
1,<environment.Job instance at 0x7f7974d5d1e0>,40,18,[11  1],41,-1,59,-1,41
1,<environment.Job instance at 0x7f7974d5d550>,41,26,[ 1 14],42,-1,68,-1,42
1,<environment.Job instance at 0x7f7974d5ca00>,42,23,[ 5 12],43,-1,66,-1,43
1,<environment.Job instance at 0x7f7974d5c410>,43,24,[ 4 14],44,-1,68,-1,44
1,<environment.Job instance at 0x7f7974d5c780>,44,27,[ 4 14],45,-1,72,-1,45
1,<environment.Job instance at 0x7f7974d5ca50>,45,23,[11  2],46,-1,69,-1,46
1,<environment.Job instance at 0x7f7974d5ce60>,46,18,[ 3 12],47,-1,65,-1,47
1,<environment.Job instance at 0x7f7974d5ccd0>,47,21,[12  1],48,-1,69,-1,48
1,<environment.Job instance at 0x7f7974d5cdc0>,48,27,[ 5 10],49,-1,76,-1,49
1,<environment.Job instance at 0x7f7974d5c1e0>,49,28,[13  4],50,-1,78,-1,50
1,<environment.Job instance at 0x7f7974d5ce10>,51,18,[ 4 12],52,-1,70,-1,52
1,<environment.Job instance at 0x7f7974d5c2d0>,52,25,[11  1],53,-1,78,-1,53
1,<environment.Job instance at 0x7f7974d5cf00>,53,20,[11  4],54,-1,74,-1,54
1,<environment.Job instance at 0x7f7974d5c640>,54,28,[14  2],55,-1,83,-1,55
1,<environment.Job instance at 0x7f7974d5caf0>,55,24,[11  4],56,-1,80,-1,56
1,<environment.Job instance at 0x7f7974d5cc80>,56,26,[ 3 12],57,-1,83,-1,57
1,<environment.Job instance at 0x7f7974d5c5f0>,57,12,[14  1],58,-1,70,-1,58
1,<environment.Job instance at 0x7f7974d5c050>,58,26,[ 3 13],59,-1,85,-1,59
1,<environment.Job instance at 0x7f7974d62b40>,59,25,[5 8],60,-1,85,-1,60
1,<environment.Job instance at 0x7f7974d62e60>,60,19,[13  4],61,-1,80,-1,61
1,<environment.Job instance at 0x7f7974d62910>,61,24,[12  4],62,-1,86,-1,62
1,<environment.Job instance at 0x7f7974d62050>,62,28,[ 4 12],63,-1,91,-1,63
1,<environment.Job instance at 0x7f7974d624b0>,63,28,[ 3 14],64,-1,92,-1,64
1,<environment.Job instance at 0x7f7974d62640>,64,18,[ 3 13],65,-1,83,-1,65
1,<environment.Job instance at 0x7f7974d628c0>,65,15,[13  3],66,-1,81,-1,66
1,<environment.Job instance at 0x7f7974d62e10>,66,24,[ 1 11],67,-1,91,-1,67
1,<environment.Job instance at 0x7f7974d62af0>,67,23,[ 5 10],68,-1,91,-1,68
1,<environment.Job instance at 0x7f7974d625a0>,68,27,[ 4 13],69,-1,96,-1,69
1,<environment.Job instance at 0x7f7974b75d70>,69,15,[11  5],70,-1,86,-1,71
1,<environment.Job instance at 0x7f7974b756e0>,71,19,[ 5 12],72,-1,91,-1,72
1,<environment.Job instance at 0x7f7974b751e0>,72,25,[ 4 12],73,-1,98,-1,73
1,<environment.Job instance at 0x7f7974b758c0>,73,22,[3 5],74,-1,109,-1,87
1,<environment.Job instance at 0x7f7974b75eb0>,75,26,[ 3 13],76,-1,113,-1,87
1,<environment.Job instance at 0x7f7974b750a0>,76,28,[11  5],77,-1,115,-1,87
1,<environment.Job instance at 0x7f7974b75d20>,77,24,[14  5],78,-1,111,-1,87
1,<environment.Job instance at 0x7f7974b75e60>,78,23,[ 5 14],79,-1,110,-1,87
1,<environment.Job instance at 0x7f7974b75500>,79,21,[ 1 14],80,-1,108,-1,87
1,<environment.Job instance at 0x7f7974b75b90>,80,21,[12  4],81,-1,108,-1,87
1,<environment.Job instance at 0x7f7974b75280>,81,25,[14  4],82,-1,112,-1,87
1,<environment.Job instance at 0x7f7974b757d0>,82,21,[ 4 14],83,-1,108,-1,87
1,<environment.Job instance at 0x7f7974b75820>,83,23,[ 5 12],84,-1,110,-1,87
1,<environment.Job instance at 0x7f7974b75f50>,85,21,[ 1 14],86,-1,108,-1,87
1,<environment.Job instance at 0x7f7974b75690>,86,23,[11  3],87,-1,110,-1,87
1,<environment.Job instance at 0x7f7974b750f0>,87,21,[13  5],88,-1,109,-1,88
1,<environment.Job instance at 0x7f7974b75960>,88,19,[12  5],89,-1,108,-1,89
1,<environment.Job instance at 0x7f7974b75a50>,89,17,[14  5],90,-1,107,-1,90
1,<environment.Job instance at 0x7f7974b94870>,90,19,[13  4],91,-1,110,-1,91
1,<environment.Job instance at 0x7f7974b940a0>,91,23,[6 5],92,-1,115,-1,92
1,<environment.Job instance at 0x7f7974b94550>,92,24,[12  4],93,-1,117,-1,93
1,<environment.Job instance at 0x7f7974b94320>,93,21,[ 3 11],94,-1,115,-1,94
1,<environment.Job instance at 0x7f7974b94c80>,94,20,[13  1],95,-1,115,-1,95
1,<environment.Job instance at 0x7f7974b94960>,95,18,[ 4 13],96,-1,114,-1,96
1,<environment.Job instance at 0x7f7974b940f0>,96,26,[ 3 14],97,-1,123,-1,97
1,<environment.Job instance at 0x7f7974b94dc0>,97,15,[ 4 12],98,-1,113,-1,98
1,<environment.Job instance at 0x7f7974b94aa0>,100,26,[12  1],101,-1,127,-1,101
1,<environment.Job instance at 0x7f7974b94af0>,101,25,[14  4],102,-1,127,-1,102
1,<environment.Job instance at 0x7f7974b94b40>,102,24,[13  1],103,-1,127,-1,103
1,<environment.Job instance at 0x7f7974b944b0>,103,23,[11  2],104,-1,127,-1,104
1,<environment.Job instance at 0x7f7974b94b90>,104,19,[ 3 14],105,-1,124,-1,105
1,<environment.Job instance at 0x7f7974b946e0>,105,24,[ 1 11],106,-1,130,-1,106
1,<environment.Job instance at 0x7f7974b94460>,106,25,[12  4],107,-1,132,-1,107
1,<environment.Job instance at 0x7f7974b94d70>,107,25,[3 6],108,-1,133,-1,108
1,<environment.Job instance at 0x7f7974b945a0>,108,22,[12  1],109,-1,131,-1,109
1,<environment.Job instance at 0x7f7975508a50>,109,16,[14  2],110,-1,126,-1,110
1,<environment.Job instance at 0x7f7975508870>,110,22,[14  4],111,-1,133,-1,111
1,<environment.Job instance at 0x7f7974b94730>,112,15,[13  2],113,-1,131,-1,116
1,<environment.Job instance at 0x7f79755084b0>,113,26,[13  4],114,-1,142,-1,116
1,<environment.Job instance at 0x7f7975508500>,114,19,[12  5],115,-1,135,-1,116
1,<environment.Job instance at 0x7f7975508aa0>,115,20,[13  4],116,-1,136,-1,116
1,<environment.Job instance at 0x7f7975508960>,2,24,[3 9],3,-1,27,-1,3
1,<environment.Job instance at 0x7f79755083c0>,4,20,[14  3],5,-1,25,-1,5
1,<environment.Job instance at 0x7f79759e47d0>,5,23,[ 2 14],6,-1,29,-1,6
1,<environment.Job instance at 0x7f79759e41e0>,7,26,[ 1 12],8,-1,34,-1,8
1,<environment.Job instance at 0x7f79753b35f0>,8,19,[13  5],9,-1,28,-1,9
1,<environment.Job instance at 0x7f79753b3050>,6,13,[11  2],7,-1,22,-1,9
1,<environment.Job instance at 0x7f79753b3320>,9,25,[ 3 10],10,-1,35,-1,10
1,<environment.Job instance at 0x7f79753b3b40>,10,28,[ 1 11],11,-1,39,-1,11
1,<environment.Job instance at 0x7f79753b3410>,11,20,[ 1 10],12,-1,32,-1,12
1,<environment.Job instance at 0x7f79753b3870>,12,14,[ 5 12],13,-1,27,-1,13
1,<environment.Job instance at 0x7f79753b3370>,13,19,[ 1 14],14,-1,33,-1,14
1,<environment.Job instance at 0x7f79753b37d0>,14,18,[ 4 11],15,-1,33,-1,15
1,<environment.Job instance at 0x7f79753b3820>,15,27,[14  3],16,-1,43,-1,16
1,<environment.Job instance at 0x7f79753b3690>,16,12,[ 3 13],17,-1,29,-1,17
1,<environment.Job instance at 0x7f79753b3500>,17,20,[ 2 12],18,-1,38,-1,18
1,<environment.Job instance at 0x7f79753b3fa0>,18,20,[12  5],19,-1,39,-1,19
1,<environment.Job instance at 0x7f79753b32d0>,19,20,[ 4 12],20,-1,40,-1,20
1,<environment.Job instance at 0x7f79753b30f0>,20,22,[ 3 14],21,-1,43,-1,21
1,<environment.Job instance at 0x7f79753b3c30>,22,12,[ 3 12],23,-1,35,-1,23
1,<environment.Job instance at 0x7f79753b34b0>,25,23,[5 2],26,-1,60,-1,37
1,<environment.Job instance at 0x7f797578e3c0>,29,28,[5 3],30,-1,65,-1,37
1,<environment.Job instance at 0x7f797578e460>,30,23,[14  5],31,-1,60,-1,37
1,<environment.Job instance at 0x7f797578e500>,31,23,[11  2],32,-1,60,-1,37
1,<environment.Job instance at 0x7f797578e5a0>,32,22,[14  4],33,-1,59,-1,37
1,<environment.Job instance at 0x7f797578e640>,33,15,[ 4 12],34,-1,52,-1,37
1,<environment.Job instance at 0x7f797578e730>,34,22,[ 3 14],35,-1,59,-1,37
1,<environment.Job instance at 0x7f797578e6e0>,35,26,[9 1],36,-1,63,-1,37
1,<environment.Job instance at 0x7f797578e780>,36,26,[ 5 14],37,-1,63,-1,37
1,<environment.Job instance at 0x7f797578e280>,37,25,[ 1 12],38,-1,63,-1,38
1,<environment.Job instance at 0x7f797578e960>,38,24,[13  4],39,-1,63,-1,39
1,<environment.Job instance at 0x7f797578ea00>,39,20,[ 2 11],40,-1,60,-1,40
1,<environment.Job instance at 0x7f797578eaa0>,40,20,[ 3 12],41,-1,61,-1,41
1,<environment.Job instance at 0x7f797578eb40>,41,23,[10  1],42,-1,65,-1,42
1,<environment.Job instance at 0x7f797578ebe0>,42,20,[14  3],43,-1,63,-1,43
1,<environment.Job instance at 0x7f797578ec80>,43,14,[14  1],44,-1,58,-1,44
1,<environment.Job instance at 0x7f797578ed20>,44,25,[ 5 11],45,-1,70,-1,45
1,<environment.Job instance at 0x7f797578edc0>,45,24,[13  2],46,-1,70,-1,46
1,<environment.Job instance at 0x7f797578ee10>,46,24,[ 1 14],47,-1,71,-1,47
1,<environment.Job instance at 0x7f797578ef00>,47,25,[ 1 11],48,-1,73,-1,48
1,<environment.Job instance at 0x7f797578ef50>,48,26,[13  1],49,-1,75,-1,49
1,<environment.Job instance at 0x7f797579b050>,49,27,[14  1],50,-1,77,-1,50
1,<environment.Job instance at 0x7f797579b140>,50,26,[14  5],51,-1,77,-1,51
1,<environment.Job instance at 0x7f797579b280>,52,24,[12  5],53,-1,77,-1,53
1,<environment.Job instance at 0x7f797579b370>,53,22,[12  2],54,-1,76,-1,54
1,<environment.Job instance at 0x7f797579b230>,54,28,[ 2 14],55,-1,83,-1,55
1,<environment.Job instance at 0x7f797579b4b0>,55,19,[14  2],56,-1,75,-1,56
1,<environment.Job instance at 0x7f797579b500>,56,26,[11  4],57,-1,83,-1,57
1,<environment.Job instance at 0x7f797579b5f0>,57,13,[ 1 14],58,-1,71,-1,58
1,<environment.Job instance at 0x7f797579b690>,58,27,[ 5 11],59,-1,86,-1,59
1,<environment.Job instance at 0x7f797579b6e0>,59,26,[ 4 12],60,-1,86,-1,60
1,<environment.Job instance at 0x7f797579b7d0>,60,28,[ 2 13],61,-1,89,-1,61
1,<environment.Job instance at 0x7f797579b870>,61,26,[14  4],62,-1,88,-1,62
1,<environment.Job instance at 0x7f797579b8c0>,62,20,[11  5],63,-1,83,-1,63
1,<environment.Job instance at 0x7f797579b9b0>,63,19,[11  2],64,-1,83,-1,64
1,<environment.Job instance at 0x7f797579ba50>,64,27,[ 3 13],65,-1,92,-1,65
1,<environment.Job instance at 0x7f797579baf0>,65,22,[ 1 11],66,-1,88,-1,66
1,<environment.Job instance at 0x7f797579bb90>,66,27,[ 2 13],67,-1,94,-1,67
1,<environment.Job instance at 0x7f797578e8c0>,67,19,[ 5 13],68,-1,87,-1,68
1,<environment.Job instance at 0x7f797579bf00>,70,24,[ 4 13],71,-1,111,-1,87
1,<environment.Job instance at 0x7f797579beb0>,72,21,[14  2],73,-1,128,-1,107
1,<environment.Job instance at 0x7f797579be60>,73,26,[ 2 12],74,-1,133,-1,107
1,<environment.Job instance at 0x7f79757a61e0>,74,19,[12  2],75,-1,126,-1,107
1,<environment.Job instance at 0x7f79757a6280>,75,24,[ 5 11],76,-1,131,-1,107
1,<environment.Job instance at 0x7f79757a62d0>,76,26,[ 3 14],77,-1,133,-1,107
1,<environment.Job instance at 0x7f79757a63c0>,77,16,[11  5],78,-1,123,-1,107
1,<environment.Job instance at 0x7f79757a6460>,78,26,[ 3 12],79,-1,133,-1,107
1,<environment.Job instance at 0x7f79757a64b0>,79,24,[11  3],80,-1,131,-1,107
1,<environment.Job instance at 0x7f79757a65f0>,81,28,[ 3 13],82,-1,156,-1,128
1,<environment.Job instance at 0x7f79757a66e0>,82,25,[14  1],83,-1,153,-1,128
1,<environment.Job instance at 0x7f79757a6730>,83,23,[1 9],84,-1,151,-1,128
1,<environment.Job instance at 0x7f79757a6820>,84,23,[ 2 12],85,-1,151,-1,128
1,<environment.Job instance at 0x7f79757a68c0>,85,24,[2 9],86,-1,152,-1,128
1,<environment.Job instance at 0x7f79757a6910>,86,24,[ 3 11],87,-1,152,-1,128
1,<environment.Job instance at 0x7f79757a6a00>,87,26,[11  5],88,-1,154,-1,128
1,<environment.Job instance at 0x7f79757a6aa0>,88,28,[5 8],89,-1,156,-1,128
1,<environment.Job instance at 0x7f79757a67d0>,89,27,[1 7],90,-1,155,-1,128
1,<environment.Job instance at 0x7f79757a6b90>,90,25,[10  5],91,-1,153,-1,128
1,<environment.Job instance at 0x7f79757a6c30>,91,26,[7 1],92,-1,154,-1,128
1,<environment.Job instance at 0x7f79757a6cd0>,92,26,[ 5 13],93,-1,154,-1,128
1,<environment.Job instance at 0x7f79757a6dc0>,93,24,[12  2],94,-1,152,-1,128
1,<environment.Job instance at 0x7f79757a6a50>,94,28,[ 1 12],95,-1,156,-1,128
1,<environment.Job instance at 0x7f79757a6eb0>,95,23,[8 2],96,-1,151,-1,128
1,<environment.Job instance at 0x7f79757a6fa0>,96,23,[ 2 14],97,-1,151,-1,128
1,<environment.Job instance at 0x7f79757a6d70>,97,26,[13  4],98,-1,154,-1,128
1,<environment.Job instance at 0x7f79757a6f50>,98,20,[11  2],99,-1,148,-1,128
1,<environment.Job instance at 0x7f6479d96410>,2,22,[ 4 14],3,-1,25,-1,3
1,<environment.Job instance at 0x7f6479d965a0>,3,25,[ 5 14],4,-1,29,-1,4
1,<environment.Job instance at 0x7f6479d964b0>,4,21,[ 1 12],5,-1,26,-1,5
1,<environment.Job instance at 0x7f648350e1e0>,7,25,[6 2],8,-1,34,-1,9
1,<environment.Job instance at 0x7f6479d96910>,9,19,[13  1],10,-1,29,-1,10
1,<environment.Job instance at 0x7f6479d969b0>,10,23,[ 4 14],11,-1,34,-1,11
1,<environment.Job instance at 0x7f6479d96a50>,11,25,[ 4 12],12,-1,37,-1,12
1,<environment.Job instance at 0x7f6479d96af0>,12,19,[ 5 13],13,-1,32,-1,13
1,<environment.Job instance at 0x7f6479d96b90>,13,22,[ 2 11],14,-1,36,-1,14
1,<environment.Job instance at 0x7f6479d96c30>,14,25,[13  4],15,-1,40,-1,15
1,<environment.Job instance at 0x7f6479d96cd0>,15,25,[13  3],16,-1,41,-1,16
1,<environment.Job instance at 0x7f6479d96d70>,16,26,[14  4],17,-1,43,-1,17
1,<environment.Job instance at 0x7f6479d96e10>,17,14,[ 2 14],18,-1,32,-1,18
1,<environment.Job instance at 0x7f6479d96eb0>,18,14,[ 2 13],19,-1,33,-1,19
1,<environment.Job instance at 0x7f6479d96f50>,19,17,[13  5],20,-1,37,-1,20
1,<environment.Job instance at 0x7f6479d9a050>,20,21,[12  2],21,-1,42,-1,21
1,<environment.Job instance at 0x7f6479d9a0f0>,21,28,[11  1],22,-1,50,-1,22
1,<environment.Job instance at 0x7f6479d9a190>,22,26,[ 1 14],23,-1,49,-1,23
1,<environment.Job instance at 0x7f6479d9a370>,25,23,[ 3 13],26,-1,49,-1,26
1,<environment.Job instance at 0x7f6479d9a4b0>,26,26,[1 8],27,-1,53,-1,27
1,<environment.Job instance at 0x7f6479d9a2d0>,27,25,[5 7],28,-1,53,-1,28
1,<environment.Job instance at 0x7f6479d9a5a0>,28,25,[ 4 11],29,-1,54,-1,29
1,<environment.Job instance at 0x7f6479d9a640>,29,22,[ 5 13],30,-1,52,-1,30
1,<environment.Job instance at 0x7f6479d9a6e0>,30,27,[4 8],31,-1,58,-1,31
1,<environment.Job instance at 0x7f6479d9a780>,31,20,[11  5],32,-1,52,-1,32
1,<environment.Job instance at 0x7f6479d9a870>,32,27,[11  3],33,-1,60,-1,33
1,<environment.Job instance at 0x7f6479d9a960>,33,16,[ 2 14],34,-1,50,-1,34
1,<environment.Job instance at 0x7f6479d9aa00>,34,24,[ 1 14],35,-1,59,-1,35
1,<environment.Job instance at 0x7f6479d9aa50>,35,22,[11  5],36,-1,58,-1,36
1,<environment.Job instance at 0x7f6479d9aaf0>,36,20,[ 3 14],37,-1,57,-1,37
1,<environment.Job instance at 0x7f6479d9ab90>,37,28,[ 2 12],38,-1,66,-1,38
1,<environment.Job instance at 0x7f6479d9ac30>,38,20,[ 1 12],39,-1,59,-1,39
1,<environment.Job instance at 0x7f6479d9acd0>,39,24,[5 6],40,-1,64,-1,40
1,<environment.Job instance at 0x7f6479d9ad70>,40,26,[ 1 12],41,-1,67,-1,41
1,<environment.Job instance at 0x7f6479d9ae10>,41,18,[ 5 14],42,-1,60,-1,42
1,<environment.Job instance at 0x7f6479d9aeb0>,42,20,[ 2 11],43,-1,63,-1,43
1,<environment.Job instance at 0x7f6479d9af50>,43,16,[13  5],44,-1,60,-1,44
1,<environment.Job instance at 0x7f6479d9c050>,44,16,[14  3],45,-1,61,-1,45
1,<environment.Job instance at 0x7f6479d9c0f0>,45,27,[12  2],46,-1,73,-1,46
1,<environment.Job instance at 0x7f6479d9c190>,46,28,[ 4 11],47,-1,75,-1,47
1,<environment.Job instance at 0x7f6479d9c230>,47,17,[12  2],48,-1,65,-1,48
1,<environment.Job instance at 0x7f6479d9c2d0>,48,17,[11  1],49,-1,66,-1,49
1,<environment.Job instance at 0x7f6479d9c370>,49,27,[ 1 11],50,-1,77,-1,50
1,<environment.Job instance at 0x7f6479d9c550>,52,20,[11  3],53,-1,73,-1,53
1,<environment.Job instance at 0x7f6479d9c690>,53,27,[14  5],54,-1,81,-1,54
1,<environment.Job instance at 0x7f6479d9c730>,54,24,[5 7],55,-1,79,-1,55
1,<environment.Job instance at 0x7f6479d9c780>,55,20,[13  1],56,-1,76,-1,56
1,<environment.Job instance at 0x7f6479d9c8c0>,56,20,[ 3 13],57,-1,77,-1,57
1,<environment.Job instance at 0x7f6479d9c960>,58,27,[ 2 14],59,-1,86,-1,59
1,<environment.Job instance at 0x7f6479d9cc80>,62,21,[ 5 13],63,-1,129,-1,108
1,<environment.Job instance at 0x7f6479d9cd70>,63,28,[ 3 14],64,-1,136,-1,108
1,<environment.Job instance at 0x7f6479d9cb40>,64,28,[ 1 14],65,-1,136,-1,108
1,<environment.Job instance at 0x7f6479d9cf50>,66,21,[13  3],67,-1,140,-1,119
1,<environment.Job instance at 0x7f6479d9c640>,67,27,[ 1 10],68,-1,146,-1,119
1,<environment.Job instance at 0x7f6479d9cf00>,68,20,[ 3 12],69,-1,139,-1,119
1,<environment.Job instance at 0x7f6479d9f190>,69,20,[ 3 12],70,-1,139,-1,119
1,<environment.Job instance at 0x7f6479d9f230>,70,21,[12  2],71,-1,140,-1,119
1,<environment.Job instance at 0x7f6479d9f050>,71,28,[5 1],72,-1,156,-1,128
1,<environment.Job instance at 0x7f6479d9f0f0>,73,25,[3 8],74,-1,157,-1,132
1,<environment.Job instance at 0x7f6479e0f280>,1,28,[7 4],2,-1,30,-1,2
1,<environment.Job instance at 0x7f6479d9f410>,2,25,[ 3 14],3,-1,28,-1,3
1,<environment.Job instance at 0x7f6479e0f8c0>,3,28,[12  5],4,-1,32,-1,4
1,<environment.Job instance at 0x7f6479e0f460>,4,20,[ 4 14],5,-1,25,-1,5
1,<environment.Job instance at 0x7f6479e0fe60>,6,22,[ 1 14],7,-1,29,-1,7
1,<environment.Job instance at 0x7f6479e0f730>,7,27,[ 4 12],8,-1,35,-1,8
1,<environment.Job instance at 0x7f6479e0f640>,8,27,[4 9],9,-1,36,-1,9
1,<environment.Job instance at 0x7f6479e0f320>,9,20,[ 3 14],10,-1,30,-1,10
1,<environment.Job instance at 0x7f6479e0fbe0>,12,25,[ 1 11],13,-1,38,-1,13
1,<environment.Job instance at 0x7f6479f00be0>,13,14,[14  4],14,-1,28,-1,14
1,<environment.Job instance at 0x7f6479f005a0>,14,27,[9 1],15,-1,43,-1,16
1,<environment.Job instance at 0x7f6479f00280>,16,20,[12  4],17,-1,37,-1,17
1,<environment.Job instance at 0x7f6479f000f0>,17,26,[8 5],18,-1,44,-1,18
1,<environment.Job instance at 0x7f6479f00460>,18,28,[10  4],19,-1,47,-1,19
1,<environment.Job instance at 0x7f6479f00820>,19,14,[11  3],20,-1,35,-1,21
1,<environment.Job instance at 0x7f6479f00e60>,21,26,[ 5 11],22,-1,48,-1,22
1,<environment.Job instance at 0x7f6479f00870>,22,24,[4 7],23,-1,47,-1,23
1,<environment.Job instance at 0x7f6479f00140>,23,28,[3 8],24,-1,52,-1,24
1,<environment.Job instance at 0x7f6479f00c80>,24,28,[ 3 11],25,-1,53,-1,25
1,<environment.Job instance at 0x7f6479f00cd0>,25,19,[ 3 12],26,-1,45,-1,26
1,<environment.Job instance at 0x7f64794beb90>,26,21,[ 1 11],27,-1,48,-1,27
1,<environment.Job instance at 0x7f6479462dc0>,27,26,[ 1 11],28,-1,54,-1,28
1,<environment.Job instance at 0x7f647986fe60>,28,17,[13  5],29,-1,46,-1,29
1,<environment.Job instance at 0x7f647947ce10>,29,21,[ 2 12],30,-1,51,-1,30
1,<environment.Job instance at 0x7f64794dcd20>,30,25,[ 2 12],31,-1,56,-1,31
1,<environment.Job instance at 0x7f64796e95f0>,31,20,[ 5 13],32,-1,52,-1,32
1,<environment.Job instance at 0x7f647979bcd0>,32,26,[1 6],33,-1,59,-1,33
1,<environment.Job instance at 0x7f64797aa1e0>,33,28,[ 1 13],34,-1,62,-1,34
1,<environment.Job instance at 0x7f64794e4050>,34,26,[12  2],35,-1,61,-1,35
1,<environment.Job instance at 0x7f64794e49b0>,35,21,[ 3 11],36,-1,57,-1,36
1,<environment.Job instance at 0x7f64794e45f0>,36,21,[ 5 14],37,-1,58,-1,37
1,<environment.Job instance at 0x7f64797f3c80>,37,19,[ 5 12],38,-1,57,-1,38
1,<environment.Job instance at 0x7f64797f30a0>,38,28,[3 8],39,-1,67,-1,39
1,<environment.Job instance at 0x7f64797f3b40>,39,22,[14  5],40,-1,62,-1,40
1,<environment.Job instance at 0x7f64797f3cd0>,40,22,[6 2],41,-1,109,-1,87
1,<environment.Job instance at 0x7f647945edc0>,44,21,[ 4 12],45,-1,108,-1,87
1,<environment.Job instance at 0x7f6479841a50>,45,20,[11  2],46,-1,107,-1,87
1,<environment.Job instance at 0x7f6479841190>,46,27,[ 5 14],47,-1,114,-1,87
1,<environment.Job instance at 0x7f6479841230>,47,28,[12  2],48,-1,115,-1,87
1,<environment.Job instance at 0x7f6479841640>,48,28,[ 1 12],49,-1,115,-1,87
1,<environment.Job instance at 0x7f6479841500>,49,25,[12  1],50,-1,112,-1,87
1,<environment.Job instance at 0x7f64798415a0>,50,24,[7 2],51,-1,111,-1,87
1,<environment.Job instance at 0x7f64797ae320>,51,28,[ 1 14],52,-1,115,-1,87
1,<environment.Job instance at 0x7f6479841fa0>,52,26,[13  4],53,-1,113,-1,87
1,<environment.Job instance at 0x7f647988c410>,53,13,[ 2 14],54,-1,100,-1,87
1,<environment.Job instance at 0x7f64798eb460>,56,21,[ 5 11],57,-1,135,-1,114
1,<environment.Job instance at 0x7f647983c550>,57,26,[ 5 10],58,-1,140,-1,114
1,<environment.Job instance at 0x7f647983ce60>,58,27,[12  4],59,-1,141,-1,114
1,<environment.Job instance at 0x7f647983cb90>,59,27,[14  3],60,-1,141,-1,114
1,<environment.Job instance at 0x7f647983c780>,60,27,[14  5],61,-1,141,-1,114
1,<environment.Job instance at 0x7f647983caf0>,61,26,[13  1],62,-1,140,-1,114
1,<environment.Job instance at 0x7f647989a230>,62,25,[12  2],63,-1,139,-1,114
1,<environment.Job instance at 0x7f647989a4b0>,63,21,[13  5],64,-1,135,-1,114
1,<environment.Job instance at 0x7f647989a6e0>,64,25,[11  2],65,-1,139,-1,114
1,<environment.Job instance at 0x7f647989a0a0>,65,24,[11  4],66,-1,138,-1,114
1,<environment.Job instance at 0x7f647989a2d0>,66,16,[ 4 14],67,-1,130,-1,114
1,<environment.Job instance at 0x7f647989ad20>,67,28,[8 4],68,-1,142,-1,114
1,<environment.Job instance at 0x7f647989af50>,68,20,[12  1],69,-1,134,-1,114
1,<environment.Job instance at 0x7f64798a9550>,69,28,[ 4 12],70,-1,142,-1,114
1,<environment.Job instance at 0x7f64798a9280>,70,18,[12  2],71,-1,132,-1,114
1,<environment.Job instance at 0x7f64798a9eb0>,71,15,[12  3],72,-1,129,-1,114
1,<environment.Job instance at 0x7f64798a9230>,72,25,[13  2],73,-1,139,-1,114
1,<environment.Job instance at 0x7f64797a9b40>,73,26,[ 5 11],74,-1,140,-1,114
1,<environment.Job instance at 0x7f64798a9870>,74,20,[11  4],75,-1,135,-1,115
1,<environment.Job instance at 0x7f64797a9050>,75,27,[1 6],76,-1,142,-1,115
1,<environment.Job instance at 0x7f64797a9690>,76,26,[ 4 12],77,-1,141,-1,115
1,<environment.Job instance at 0x7f64797a9870>,77,19,[12  5],78,-1,134,-1,115
1,<environment.Job instance at 0x7f64797a9640>,78,23,[7 4],79,-1,138,-1,115
1,<environment.Job instance at 0x7f64797a9a50>,79,20,[ 1 13],80,-1,135,-1,115
1,<environment.Job instance at 0x7f64797a9140>,80,19,[13  2],81,-1,134,-1,115
1,<environment.Job instance at 0x7f647984ca00>,81,28,[11  2],82,-1,143,-1,115
1,<environment.Job instance at 0x7f647984c320>,82,28,[13  5],83,-1,143,-1,115
1,<environment.Job instance at 0x7f647984c870>,83,20,[ 5 11],84,-1,135,-1,115
1,<environment.Job instance at 0x7f647984caf0>,84,15,[12  1],85,-1,130,-1,115
1,<environment.Job instance at 0x7f647984cdc0>,85,21,[ 1 12],86,-1,136,-1,115
1,<environment.Job instance at 0x7f647984c500>,86,19,[14  5],87,-1,134,-1,115
1,<environment.Job instance at 0x7f647984c280>,87,25,[ 3 12],88,-1,140,-1,115
1,<environment.Job instance at 0x7f647984ca50>,88,28,[12  5],89,-1,143,-1,115
1,<environment.Job instance at 0x7f6479863f00>,89,13,[12  3],90,-1,128,-1,115
1,<environment.Job instance at 0x7f64798635f0>,90,20,[13  4],91,-1,135,-1,115
1,<environment.Job instance at 0x7f64798631e0>,91,27,[14  3],92,-1,142,-1,115
1,<environment.Job instance at 0x7f64798590a0>,96,19,[ 2 13],97,-1,151,-1,132
1,<environment.Job instance at 0x7f6479859b40>,97,22,[11  1],98,-1,154,-1,132
1,<environment.Job instance at 0x7f64798359b0>,98,22,[ 1 13],99,-1,154,-1,132
1,<environment.Job instance at 0x7f64797fc870>,99,24,[ 2 14],100,-1,156,-1,132
1,<environment.Job instance at 0x7f647989f640>,100,23,[ 2 14],101,-1,155,-1,132
1,<environment.Job instance at 0x7f6479845aa0>,101,23,[13  3],102,-1,155,-1,132
1,<environment.Job instance at 0x7f6479835f50>,102,25,[10  5],103,-1,157,-1,132
1,<environment.Job instance at 0x7f64797f7730>,103,20,[13  5],104,-1,152,-1,132
1,<environment.Job instance at 0x7f64797f7500>,104,24,[14  3],105,-1,156,-1,132
1,<environment.Job instance at 0x7f64799732d0>,105,23,[13  5],106,-1,155,-1,132
1,<environment.Job instance at 0x7f6479994050>,106,21,[12  3],107,-1,153,-1,132
1,<environment.Job instance at 0x7f648314d050>,107,19,[13  4],108,-1,151,-1,132
1,<environment.Job instance at 0x7f64798d2eb0>,108,28,[ 4 11],109,-1,160,-1,132
1,<environment.Job instance at 0x7f6479886aa0>,109,25,[ 4 12],110,-1,157,-1,132
1,<environment.Job instance at 0x7f64798864b0>,110,22,[14  1],111,-1,154,-1,132
1,<environment.Job instance at 0x7f647997d780>,111,25,[7 3],112,-1,157,-1,132
1,<environment.Job instance at 0x7f64799bdbe0>,112,27,[ 4 13],113,-1,159,-1,132
1,<environment.Job instance at 0x7f6479886780>,113,26,[14  4],114,-1,158,-1,132
1,<environment.Job instance at 0x7f647998dfa0>,114,26,[9 1],115,-1,158,-1,132
1,<environment.Job instance at 0x7f64799c3a50>,115,14,[11  5],116,-1,146,-1,132
1,<environment.Job instance at 0x7f6479886190>,116,16,[14  1],117,-1,148,-1,132
1,<environment.Job instance at 0x7f6479a1e1e0>,117,27,[ 1 14],118,-1,159,-1,132
1,<environment.Job instance at 0x7f6479488190>,1,16,[12  5],2,-1,18,-1,2
1,<environment.Job instance at 0x7f647998b550>,2,19,[13  5],3,-1,22,-1,3
1,<environment.Job instance at 0x7f64794880a0>,3,13,[ 5 13],4,-1,17,-1,4
1,<environment.Job instance at 0x7f6479488640>,4,15,[12  1],5,-1,20,-1,5
1,<environment.Job instance at 0x7f6479488910>,5,26,[13  2],6,-1,32,-1,6
1,<environment.Job instance at 0x7f6479488fa0>,6,22,[13  5],7,-1,29,-1,7
1,<environment.Job instance at 0x7f6479488d20>,7,23,[ 4 11],8,-1,31,-1,8
1,<environment.Job instance at 0x7f6479488e60>,8,17,[ 2 13],9,-1,26,-1,9
1,<environment.Job instance at 0x7f6479488af0>,9,27,[ 2 13],10,-1,37,-1,10
1,<environment.Job instance at 0x7f6479488f50>,10,20,[14  4],11,-1,31,-1,11
1,<environment.Job instance at 0x7f6479488aa0>,11,26,[ 4 11],12,-1,38,-1,12
1,<environment.Job instance at 0x7f6479488b40>,12,25,[13  2],13,-1,38,-1,13
1,<environment.Job instance at 0x7f64794453c0>,13,13,[14  2],14,-1,27,-1,14
1,<environment.Job instance at 0x7f6479445d20>,14,24,[5 1],15,-1,39,-1,15
1,<environment.Job instance at 0x7f6479445280>,15,25,[ 3 11],16,-1,41,-1,16
1,<environment.Job instance at 0x7f6479445460>,16,28,[14  3],17,-1,45,-1,17
1,<environment.Job instance at 0x7f6479445aa0>,17,26,[ 4 14],18,-1,44,-1,18
1,<environment.Job instance at 0x7f6479a1e1e0>,19,15,[13  1],20,-1,35,-1,20
1,<environment.Job instance at 0x7f6479445910>,18,13,[13  3],19,-1,33,-1,20
1,<environment.Job instance at 0x7f6479445190>,20,12,[14  2],21,-1,33,-1,21
1,<environment.Job instance at 0x7f6479445fa0>,22,20,[ 4 12],23,-1,43,-1,23
1,<environment.Job instance at 0x7f64794455f0>,23,25,[ 4 14],24,-1,49,-1,24
1,<environment.Job instance at 0x7f6479445dc0>,24,24,[7 2],25,-1,49,-1,25
1,<environment.Job instance at 0x7f6479445370>,26,24,[ 5 13],27,-1,51,-1,27
1,<environment.Job instance at 0x7f6479445a50>,27,25,[ 2 13],28,-1,53,-1,28
1,<environment.Job instance at 0x7f6479445550>,29,19,[ 1 14],30,-1,49,-1,30
1,<environment.Job instance at 0x7f6479445230>,30,26,[13  4],31,-1,57,-1,31
1,<environment.Job instance at 0x7f64794458c0>,31,22,[13  4],32,-1,54,-1,32
1,<environment.Job instance at 0x7f6479445730>,32,24,[12  4],33,-1,57,-1,33
1,<environment.Job instance at 0x7f6479445e60>,33,27,[13  3],34,-1,61,-1,34
1,<environment.Job instance at 0x7f6479445c80>,35,23,[ 2 11],36,-1,59,-1,36
1,<environment.Job instance at 0x7f64794895f0>,36,20,[ 3 14],37,-1,57,-1,37
1,<environment.Job instance at 0x7f6479445050>,38,15,[12  4],39,-1,54,-1,39
1,<environment.Job instance at 0x7f64794896e0>,39,25,[12  5],40,-1,65,-1,40
1,<environment.Job instance at 0x7f6479489d70>,40,20,[ 5 13],41,-1,61,-1,41
1,<environment.Job instance at 0x7f6479489d20>,41,24,[ 2 13],42,-1,66,-1,42
1,<environment.Job instance at 0x7f6479489e60>,42,23,[11  2],43,-1,66,-1,43
1,<environment.Job instance at 0x7f6479489dc0>,43,22,[ 2 12],44,-1,66,-1,44
1,<environment.Job instance at 0x7f64794894b0>,37,19,[13  1],38,-1,63,-1,44
1,<environment.Job instance at 0x7f6479489370>,45,19,[12  5],46,-1,65,-1,46
1,<environment.Job instance at 0x7f64794893c0>,44,20,[12  3],45,-1,66,-1,46
1,<environment.Job instance at 0x7f6479973820>,46,15,[ 5 14],47,-1,62,-1,47
1,<environment.Job instance at 0x7f647a2bc640>,48,20,[ 4 14],49,-1,69,-1,49
1,<environment.Job instance at 0x7f647a4d2e10>,49,20,[14  2],50,-1,70,-1,50
1,<environment.Job instance at 0x7f647a4d2050>,50,25,[8 5],51,-1,76,-1,51
1,<environment.Job instance at 0x7f647a2def00>,51,24,[ 1 12],52,-1,76,-1,52
1,<environment.Job instance at 0x7f64795ebb40>,52,21,[ 5 11],53,-1,74,-1,53
1,<environment.Job instance at 0x7f647a599690>,53,24,[ 2 14],54,-1,78,-1,54
1,<environment.Job instance at 0x7f647a2c2d20>,54,24,[11  1],55,-1,79,-1,55
1,<environment.Job instance at 0x7f647a2c2eb0>,55,25,[7 1],56,-1,81,-1,56
1,<environment.Job instance at 0x7f647a2c2e10>,56,24,[12  5],57,-1,81,-1,57
1,<environment.Job instance at 0x7f647a2bc0f0>,58,22,[ 1 11],59,-1,81,-1,59
1,<environment.Job instance at 0x7f647a2c2f00>,59,23,[ 5 12],60,-1,83,-1,60
1,<environment.Job instance at 0x7f647a2c2c80>,60,27,[ 4 14],61,-1,88,-1,61
1,<environment.Job instance at 0x7f647a2c2410>,61,23,[ 2 11],62,-1,85,-1,62
1,<environment.Job instance at 0x7f6479c16910>,62,28,[ 4 12],63,-1,91,-1,63
1,<environment.Job instance at 0x7f647a2c2960>,63,22,[13  1],64,-1,86,-1,64
1,<environment.Job instance at 0x7f6479c16c80>,64,25,[3 6],65,-1,90,-1,65
1,<environment.Job instance at 0x7f6479c165a0>,66,22,[ 3 13],67,-1,89,-1,67
1,<environment.Job instance at 0x7f6479c16050>,67,20,[13  4],68,-1,88,-1,68
1,<environment.Job instance at 0x7f6479c16a50>,68,19,[13  4],69,-1,88,-1,69
1,<environment.Job instance at 0x7f6479c166e0>,69,16,[ 2 12],70,-1,86,-1,70
1,<environment.Job instance at 0x7f6479c167d0>,70,12,[ 4 14],71,-1,83,-1,71
1,<environment.Job instance at 0x7f64799a8780>,71,20,[ 5 13],72,-1,92,-1,72
1,<environment.Job instance at 0x7f64798fa0a0>,73,26,[12  4],74,-1,100,-1,74
1,<environment.Job instance at 0x7f6479c16e10>,74,26,[ 5 12],75,-1,101,-1,75
1,<environment.Job instance at 0x7f6479a23e60>,75,22,[ 1 11],76,-1,98,-1,76
1,<environment.Job instance at 0x7f647a9e1410>,76,23,[14  5],77,-1,100,-1,77
1,<environment.Job instance at 0x7f6482f28500>,77,22,[ 2 11],78,-1,100,-1,78
1,<environment.Job instance at 0x7f64797a1af0>,78,22,[13  5],79,-1,101,-1,79
1,<environment.Job instance at 0x7f6479ec1370>,79,19,[11  1],80,-1,99,-1,80
1,<environment.Job instance at 0x7f647a42baf0>,80,27,[11  5],81,-1,108,-1,81
1,<environment.Job instance at 0x7f64794e15a0>,81,16,[ 3 14],82,-1,98,-1,82
1,<environment.Job instance at 0x7f64794a7910>,83,19,[ 5 12],84,-1,103,-1,84
1,<environment.Job instance at 0x7f647996b280>,84,25,[ 5 13],85,-1,110,-1,85
1,<environment.Job instance at 0x7f647996bbe0>,85,26,[13  4],86,-1,112,-1,86
1,<environment.Job instance at 0x7f6479460eb0>,86,21,[ 4 14],87,-1,108,-1,87
1,<environment.Job instance at 0x7f64799dd500>,87,25,[ 3 12],88,-1,113,-1,88
1,<environment.Job instance at 0x7f64794b5050>,88,27,[14  3],89,-1,116,-1,89
1,<environment.Job instance at 0x7f64794e0c80>,89,22,[8 3],90,-1,113,-1,91
1,<environment.Job instance at 0x7f64794e0190>,91,28,[13  2],92,-1,120,-1,92
1,<environment.Job instance at 0x7f647a950f50>,92,28,[ 5 14],93,-1,121,-1,93
1,<environment.Job instance at 0x7f6482fca9b0>,93,20,[2 5],94,-1,114,-1,94
1,<environment.Job instance at 0x7f64794dc230>,94,14,[12  4],95,-1,109,-1,95
1,<environment.Job instance at 0x7f64794dc460>,95,25,[12  4],96,-1,121,-1,96
1,<environment.Job instance at 0x7f647944d5a0>,96,20,[ 3 14],97,-1,117,-1,97
1,<environment.Job instance at 0x7f647944de10>,97,28,[ 3 14],98,-1,126,-1,98
1,<environment.Job instance at 0x7f647944da00>,98,28,[11  5],99,-1,127,-1,99
1,<environment.Job instance at 0x7f647944d730>,99,24,[8 4],100,-1,124,-1,100
1,<environment.Job instance at 0x7f64794e9af0>,102,25,[13  2],103,-1,128,-1,103
1,<environment.Job instance at 0x7f64794e9be0>,103,14,[14  3],104,-1,118,-1,104
1,<environment.Job instance at 0x7f64794e9140>,104,16,[13  2],105,-1,121,-1,105
1,<environment.Job instance at 0x7f64794e9230>,105,26,[13  5],106,-1,132,-1,106
1,<environment.Job instance at 0x7f64794e93c0>,106,24,[ 3 12],107,-1,131,-1,107
1,<environment.Job instance at 0x7f64794e9780>,107,23,[ 3 11],108,-1,131,-1,108
1,<environment.Job instance at 0x7f64794e9f00>,108,22,[11  4],109,-1,131,-1,109
1,<environment.Job instance at 0x7f64794e90a0>,109,21,[12  3],110,-1,131,-1,110
1,<environment.Job instance at 0x7f64794e9730>,110,12,[ 5 14],111,-1,123,-1,111
1,<environment.Job instance at 0x7f64794e92d0>,111,23,[12  5],112,-1,135,-1,112
1,<environment.Job instance at 0x7f6479405a00>,113,23,[ 5 11],114,-1,137,-1,114
1,<environment.Job instance at 0x7f64794b96e0>,114,25,[13  5],115,-1,140,-1,115
1,<environment.Job instance at 0x7f64794b9aa0>,115,19,[ 5 13],116,-1,135,-1,116
1,<environment.Job instance at 0x7f64794b95f0>,116,15,[ 4 12],117,-1,132,-1,117
1,<environment.Job instance at 0x7f64794b9690>,117,28,[ 5 10],118,-1,146,-1,118
1,<environment.Job instance at 0x7f64794b95a0>,119,22,[12  5],120,-1,142,-1,120
1,<environment.Job instance at 0x7f647944dfa0>,120,21,[ 4 14],121,-1,142,-1,121
1,<environment.Job instance at 0x7f64794db8c0>,121,20,[12  5],122,-1,142,-1,122
1,<environment.Job instance at 0x7f64794db0a0>,122,28,[2 8],123,-1,151,-1,123
1,<environment.Job instance at 0x7f64794db050>,123,24,[13  5],124,-1,148,-1,124
1,<environment.Job instance at 0x7f64794dbf50>,124,17,[ 4 13],125,-1,142,-1,125
1,<environment.Job instance at 0x7f64794db2d0>,125,21,[13  4],126,-1,147,-1,126
1,<environment.Job instance at 0x7f64794dbc80>,126,22,[ 5 12],127,-1,149,-1,127
1,<environment.Job instance at 0x7f64794db780>,127,13,[ 4 11],128,-1,141,-1,128
1,<environment.Job instance at 0x7f64794dbaa0>,128,15,[14  2],129,-1,144,-1,129
1,<environment.Job instance at 0x7f64794dbf00>,129,26,[ 1 13],130,-1,156,-1,130
1,<environment.Job instance at 0x7f64794eb1e0>,131,27,[ 2 12],132,-1,159,-1,132
1,<environment.Job instance at 0x7f64794eb050>,132,17,[14  5],133,-1,150,-1,133
1,<environment.Job instance at 0x7f64794eb640>,133,24,[13  3],134,-1,158,-1,134
1,<environment.Job instance at 0x7f64794eb8c0>,134,22,[12  3],135,-1,157,-1,135
1,<environment.Job instance at 0x7f64794ebe10>,135,14,[ 5 12],136,-1,150,-1,136
1,<environment.Job instance at 0x7f64794eb0f0>,136,16,[ 5 11],137,-1,153,-1,137
1,<environment.Job instance at 0x7f64794ebd20>,137,23,[10  4],138,-1,161,-1,138
1,<environment.Job instance at 0x7f64794ebf50>,138,20,[ 1 12],139,-1,159,-1,139
1,<environment.Job instance at 0x7f64797b2a00>,1,22,[14  4],2,-1,24,-1,2
1,<environment.Job instance at 0x7f64794ebf50>,5,25,[14  4],6,-1,31,-1,6
1,<environment.Job instance at 0x7f6479756e10>,6,22,[ 4 14],7,-1,29,-1,7
1,<environment.Job instance at 0x7f6479756690>,7,20,[11  4],8,-1,28,-1,8
1,<environment.Job instance at 0x7f64794607d0>,8,23,[14  4],9,-1,32,-1,9
1,<environment.Job instance at 0x7f6479d3dc80>,9,19,[ 3 14],10,-1,29,-1,10
1,<environment.Job instance at 0x7f64799e0730>,10,21,[14  2],11,-1,32,-1,11
1,<environment.Job instance at 0x7f6479d3d8c0>,11,24,[14  2],12,-1,36,-1,12
1,<environment.Job instance at 0x7f6479d3df00>,12,21,[ 5 11],13,-1,34,-1,13
1,<environment.Job instance at 0x7f6479895c80>,13,20,[ 2 12],14,-1,34,-1,14
1,<environment.Job instance at 0x7f6479895dc0>,14,23,[ 4 11],15,-1,38,-1,15
1,<environment.Job instance at 0x7f6479895d20>,15,24,[3 8],16,-1,40,-1,16
1,<environment.Job instance at 0x7f64798956e0>,16,23,[ 3 13],17,-1,40,-1,17
1,<environment.Job instance at 0x7f6479895fa0>,17,21,[14  4],18,-1,39,-1,18
1,<environment.Job instance at 0x7f6479a23a00>,19,24,[ 3 12],20,-1,44,-1,20
1,<environment.Job instance at 0x7f6479a235f0>,24,23,[11  1],25,-1,49,-1,26
1,<environment.Job instance at 0x7f6479a23d70>,25,25,[5 8],26,-1,53,-1,28
1,<environment.Job instance at 0x7f64797f32d0>,26,27,[13  4],27,-1,55,-1,28
1,<environment.Job instance at 0x7f64798411e0>,27,21,[ 3 11],28,-1,49,-1,28
1,<environment.Job instance at 0x7f6479a235a0>,28,14,[12  4],29,-1,44,-1,30
1,<environment.Job instance at 0x7f6479a231e0>,29,12,[12  3],30,-1,42,-1,30
1,<environment.Job instance at 0x7f64795af140>,30,26,[ 3 12],31,-1,57,-1,31
1,<environment.Job instance at 0x7f64795afaf0>,31,12,[11  4],32,-1,45,-1,33
1,<environment.Job instance at 0x7f6479d40050>,32,23,[ 2 11],33,-1,56,-1,33
1,<environment.Job instance at 0x7f6479416190>,33,14,[ 5 12],34,-1,48,-1,34
1,<environment.Job instance at 0x7f647988bcd0>,34,19,[11  3],35,-1,57,-1,38
1,<environment.Job instance at 0x7f6479863aa0>,35,28,[ 2 11],36,-1,66,-1,38
1,<environment.Job instance at 0x7f6479416730>,36,24,[ 1 13],37,-1,62,-1,38
1,<environment.Job instance at 0x7f6479e72e10>,37,25,[ 5 13],38,-1,63,-1,38
1,<environment.Job instance at 0x7f647a33f780>,38,19,[11  3],39,-1,76,-1,57
1,<environment.Job instance at 0x7f64794113c0>,40,21,[ 2 12],41,-1,78,-1,57
1,<environment.Job instance at 0x7f6479411e10>,41,23,[ 2 12],42,-1,80,-1,57
1,<environment.Job instance at 0x7f6479411690>,43,26,[ 5 11],44,-1,86,-1,60
1,<environment.Job instance at 0x7f6479411320>,44,19,[14  5],45,-1,79,-1,60
1,<environment.Job instance at 0x7f6479411230>,45,21,[13  5],46,-1,81,-1,60
1,<environment.Job instance at 0x7f6479411050>,46,24,[ 5 12],47,-1,84,-1,60
1,<environment.Job instance at 0x7f6479411410>,47,19,[12  2],48,-1,79,-1,60
1,<environment.Job instance at 0x7f64794112d0>,48,22,[ 5 11],49,-1,82,-1,60
1,<environment.Job instance at 0x7f6479411a50>,49,26,[ 4 13],50,-1,86,-1,60
1,<environment.Job instance at 0x7f64799f3a00>,50,27,[ 2 12],51,-1,87,-1,60
1,<environment.Job instance at 0x7f64799f3d70>,51,19,[13  2],52,-1,79,-1,60
1,<environment.Job instance at 0x7f64794c5af0>,52,12,[11  2],53,-1,72,-1,60
1,<environment.Job instance at 0x7f647a475550>,2,20,[ 4 14],3,-1,23,-1,3
1,<environment.Job instance at 0x7f647a462e60>,4,21,[ 1 12],5,-1,26,-1,5
1,<environment.Job instance at 0x7f647a8ea960>,6,20,[ 2 11],7,-1,27,-1,7
1,<environment.Job instance at 0x7f647a8dd780>,7,26,[ 1 12],8,-1,34,-1,8
1,<environment.Job instance at 0x7f647a8dda00>,8,28,[12  2],9,-1,37,-1,9
1,<environment.Job instance at 0x7f647a8ddf50>,9,23,[14  1],10,-1,33,-1,10
1,<environment.Job instance at 0x7f647a8b5500>,10,28,[11  1],11,-1,39,-1,11
1,<environment.Job instance at 0x7f647a8b5690>,11,18,[ 1 13],12,-1,30,-1,12
1,<environment.Job instance at 0x7f647a8b5780>,12,27,[ 5 12],13,-1,40,-1,13
1,<environment.Job instance at 0x7f647a8b5cd0>,13,21,[ 1 14],14,-1,35,-1,14
1,<environment.Job instance at 0x7f647a8b5eb0>,14,22,[14  2],15,-1,37,-1,15
1,<environment.Job instance at 0x7f647a8b5230>,17,20,[12  5],18,-1,38,-1,18
1,<environment.Job instance at 0x7f647a8b5140>,18,27,[14  4],19,-1,46,-1,19
1,<environment.Job instance at 0x7f647a8b5820>,19,27,[14  4],20,-1,47,-1,20
1,<environment.Job instance at 0x7f647a8d92d0>,20,19,[14  1],21,-1,40,-1,21
1,<environment.Job instance at 0x7f647a8d9aa0>,21,14,[12  2],22,-1,36,-1,22
1,<environment.Job instance at 0x7f647a8d9820>,22,21,[ 5 14],23,-1,44,-1,23
1,<environment.Job instance at 0x7f647a8d9320>,23,24,[7 2],24,-1,49,-1,25
1,<environment.Job instance at 0x7f647a8d9640>,25,28,[ 2 14],26,-1,54,-1,26
1,<environment.Job instance at 0x7f647a8d9730>,26,21,[ 2 12],27,-1,48,-1,27
1,<environment.Job instance at 0x7f647a8d9c30>,27,27,[ 2 11],28,-1,55,-1,28
1,<environment.Job instance at 0x7f647a8b3c80>,28,27,[ 1 11],29,-1,56,-1,29
1,<environment.Job instance at 0x7f647a8b3dc0>,29,26,[ 2 14],30,-1,56,-1,30
1,<environment.Job instance at 0x7f647a8b3f50>,30,25,[12  5],31,-1,56,-1,31
1,<environment.Job instance at 0x7f647a8b3a00>,31,19,[ 4 14],32,-1,51,-1,32
1,<environment.Job instance at 0x7f647a8b36e0>,32,19,[ 5 13],33,-1,52,-1,33
1,<environment.Job instance at 0x7f647a8b3230>,33,24,[ 4 11],34,-1,58,-1,34
1,<environment.Job instance at 0x7f647a8b3500>,34,26,[11  4],35,-1,61,-1,35
1,<environment.Job instance at 0x7f647a8b3690>,35,28,[2 7],36,-1,64,-1,36
1,<environment.Job instance at 0x7f647a8b3190>,36,22,[11  4],37,-1,59,-1,37
1,<environment.Job instance at 0x7f647a4655a0>,37,26,[12  5],38,-1,64,-1,38
1,<environment.Job instance at 0x7f647a465320>,38,25,[ 4 14],39,-1,64,-1,39
1,<environment.Job instance at 0x7f647a465690>,39,25,[ 1 10],40,-1,65,-1,40
1,<environment.Job instance at 0x7f647a465e10>,40,25,[ 3 10],41,-1,66,-1,41
1,<environment.Job instance at 0x7f647a465230>,41,23,[ 3 10],42,-1,65,-1,42
1,<environment.Job instance at 0x7f6479ab4e60>,42,21,[ 4 11],43,-1,64,-1,43
1,<environment.Job instance at 0x7f64793539b0>,43,27,[ 5 14],44,-1,71,-1,44
1,<environment.Job instance at 0x7f6479353910>,44,25,[14  3],45,-1,70,-1,45
1,<environment.Job instance at 0x7f6479353b90>,45,18,[12  1],46,-1,64,-1,46
1,<environment.Job instance at 0x7f6479353a00>,46,19,[ 1 13],47,-1,66,-1,47
1,<environment.Job instance at 0x7f6479353e60>,47,26,[10  3],48,-1,74,-1,48
1,<environment.Job instance at 0x7f64793cf4b0>,48,23,[ 2 11],49,-1,72,-1,49
1,<environment.Job instance at 0x7f647a8eaaf0>,49,25,[ 5 11],50,-1,75,-1,50
1,<environment.Job instance at 0x7f64793dbb90>,50,27,[11  5],51,-1,78,-1,51
1,<environment.Job instance at 0x7f6479ba7b40>,51,17,[12  5],52,-1,69,-1,52
1,<environment.Job instance at 0x7f6479ba7d20>,52,24,[7 1],53,-1,77,-1,53
1,<environment.Job instance at 0x7f647a8b3b40>,53,21,[11  1],54,-1,75,-1,54
1,<environment.Job instance at 0x7f647a47db90>,54,21,[12  4],55,-1,76,-1,55
1,<environment.Job instance at 0x7f6479389730>,55,26,[11  4],56,-1,82,-1,56
1,<environment.Job instance at 0x7f6479b94910>,56,21,[12  4],57,-1,78,-1,57
1,<environment.Job instance at 0x7f6479380eb0>,57,26,[ 1 13],58,-1,84,-1,58
1,<environment.Job instance at 0x7f64793800a0>,58,26,[ 1 12],59,-1,85,-1,59
1,<environment.Job instance at 0x7f64793800f0>,59,19,[11  4],60,-1,81,-1,62
1,<environment.Job instance at 0x7f64793b8730>,62,12,[11  4],63,-1,75,-1,63
1,<environment.Job instance at 0x7f64793d2d20>,63,24,[11  5],64,-1,88,-1,64
1,<environment.Job instance at 0x7f647937a8c0>,64,21,[ 3 13],65,-1,86,-1,65
1,<environment.Job instance at 0x7f6479397e10>,65,15,[11  4],66,-1,81,-1,66
1,<environment.Job instance at 0x7f6479397460>,66,28,[ 5 11],67,-1,95,-1,67
1,<environment.Job instance at 0x7f6479397780>,67,28,[1 5],68,-1,96,-1,68
1,<environment.Job instance at 0x7f6479397b90>,68,20,[13  1],69,-1,89,-1,69
1,<environment.Job instance at 0x7f64793a3870>,69,21,[ 3 12],70,-1,91,-1,70
1,<environment.Job instance at 0x7f64793a3230>,70,25,[12  3],71,-1,96,-1,71
1,<environment.Job instance at 0x7f64793a3140>,71,20,[7 1],72,-1,125,-1,105
1,<environment.Job instance at 0x7f64793a3780>,75,26,[11  1],76,-1,131,-1,105
1,<environment.Job instance at 0x7f64793a3320>,76,27,[ 1 13],77,-1,132,-1,105
1,<environment.Job instance at 0x7f64793a2500>,77,20,[ 1 14],78,-1,125,-1,105
1,<environment.Job instance at 0x7f64793a2960>,78,28,[ 3 14],79,-1,133,-1,105
1,<environment.Job instance at 0x7f64793a28c0>,79,25,[12  2],80,-1,130,-1,105
1,<environment.Job instance at 0x7f64793a2fa0>,80,25,[ 5 14],81,-1,130,-1,105
1,<environment.Job instance at 0x7f64793a2320>,81,21,[ 1 12],82,-1,126,-1,105
1,<environment.Job instance at 0x7f64793a2f00>,82,28,[5 5],83,-1,133,-1,105
1,<environment.Job instance at 0x7f64793a21e0>,83,21,[ 5 14],84,-1,126,-1,105
1,<environment.Job instance at 0x7f64793a2b40>,84,24,[11  4],85,-1,129,-1,105
1,<environment.Job instance at 0x7f64793a20a0>,85,15,[ 4 11],86,-1,120,-1,105
1,<environment.Job instance at 0x7f64793a2be0>,86,27,[5 1],87,-1,132,-1,105
1,<environment.Job instance at 0x7f64793a2aa0>,87,21,[ 1 12],88,-1,126,-1,105
1,<environment.Job instance at 0x7f64793a2a00>,88,26,[4 9],89,-1,131,-1,105
1,<environment.Job instance at 0x7f647a8b55a0>,89,25,[6 1],90,-1,130,-1,105
1,<environment.Job instance at 0x7f647a8b5910>,90,16,[ 4 11],91,-1,121,-1,105
1,<environment.Job instance at 0x7f647a8b54b0>,91,25,[14  3],92,-1,130,-1,105
1,<environment.Job instance at 0x7f647a8b5730>,92,28,[13  1],93,-1,133,-1,105
1,<environment.Job instance at 0x7f647a8b5050>,93,22,[14  1],94,-1,127,-1,105
1,<environment.Job instance at 0x7f647a8b5fa0>,94,25,[13  3],95,-1,130,-1,105
1,<environment.Job instance at 0x7f6479387820>,95,23,[11  2],96,-1,128,-1,105
1,<environment.Job instance at 0x7f6479387410>,96,19,[12  1],97,-1,124,-1,105
1,<environment.Job instance at 0x7f64793879b0>,97,26,[ 4 13],98,-1,131,-1,105
1,<environment.Job instance at 0x7f64793a35a0>,2,26,[14  3],3,-1,29,-1,3
1,<environment.Job instance at 0x7f6479f00eb0>,3,27,[ 3 14],4,-1,31,-1,4
1,<environment.Job instance at 0x7f647a1d2fa0>,5,27,[ 5 13],6,-1,33,-1,6
1,<environment.Job instance at 0x7f647a476780>,6,25,[13  4],7,-1,32,-1,7
1,<environment.Job instance at 0x7f647a476dc0>,7,27,[ 2 14],8,-1,35,-1,8
1,<environment.Job instance at 0x7f647a476460>,8,21,[ 2 14],9,-1,30,-1,9
1,<environment.Job instance at 0x7f647a476fa0>,9,22,[ 3 11],10,-1,32,-1,10
1,<environment.Job instance at 0x7f647a476f00>,10,28,[ 4 14],11,-1,39,-1,11
1,<environment.Job instance at 0x7f647a476280>,11,12,[ 1 12],12,-1,24,-1,12
1,<environment.Job instance at 0x7f647a4767d0>,12,28,[8 2],13,-1,41,-1,13
1,<environment.Job instance at 0x7f647a476960>,14,23,[12  3],15,-1,38,-1,15
1,<environment.Job instance at 0x7f647a4769b0>,15,15,[11  3],16,-1,32,-1,17
1,<environment.Job instance at 0x7f647a476e10>,17,27,[13  4],18,-1,45,-1,18
1,<environment.Job instance at 0x7f647a476910>,18,23,[4 5],19,-1,42,-1,19
1,<environment.Job instance at 0x7f647a476690>,19,18,[12  2],20,-1,38,-1,20
1,<environment.Job instance at 0x7f647a476f50>,20,20,[13  5],21,-1,41,-1,21
1,<environment.Job instance at 0x7f647a4760f0>,21,24,[13  5],22,-1,46,-1,22
1,<environment.Job instance at 0x7f647a476c80>,22,26,[ 4 12],23,-1,49,-1,23
1,<environment.Job instance at 0x7f647a476050>,25,26,[ 3 14],26,-1,52,-1,26
1,<environment.Job instance at 0x7f647a8dddc0>,26,12,[ 2 13],27,-1,39,-1,27
1,<environment.Job instance at 0x7f647a8dd140>,27,19,[ 4 11],28,-1,47,-1,28
1,<environment.Job instance at 0x7f647a8dd3c0>,28,27,[ 3 12],29,-1,56,-1,29
1,<environment.Job instance at 0x7f647a8dd370>,29,27,[11  1],30,-1,57,-1,30
1,<environment.Job instance at 0x7f647a8ddeb0>,30,13,[13  4],31,-1,44,-1,31
1,<environment.Job instance at 0x7f647a8ddb40>,31,25,[14  5],32,-1,57,-1,32
1,<environment.Job instance at 0x7f647a8dd730>,32,27,[6 1],33,-1,60,-1,33
1,<environment.Job instance at 0x7f647a8dd280>,33,15,[13  1],34,-1,49,-1,34
1,<environment.Job instance at 0x7f647a8dde10>,34,27,[ 3 14],35,-1,62,-1,35
1,<environment.Job instance at 0x7f647a8dda50>,35,19,[13  3],36,-1,55,-1,36
1,<environment.Job instance at 0x7f647a8dd690>,36,24,[13  3],37,-1,61,-1,37
1,<environment.Job instance at 0x7f647a8ddaf0>,37,22,[ 3 13],38,-1,60,-1,38
1,<environment.Job instance at 0x7f647a8ddd20>,38,18,[9 1],39,-1,58,-1,40
1,<environment.Job instance at 0x7f647a476870>,39,26,[ 4 13],40,-1,66,-1,40
1,<environment.Job instance at 0x7f647a8dd5f0>,40,23,[13  3],41,-1,64,-1,41
1,<environment.Job instance at 0x7f647a8ddf00>,41,20,[12  4],42,-1,62,-1,42
1,<environment.Job instance at 0x7f647a8dd7d0>,42,26,[2 7],43,-1,69,-1,43
1,<environment.Job instance at 0x7f647a8dd4b0>,43,23,[13  3],44,-1,67,-1,44
1,<environment.Job instance at 0x7f647a8dd8c0>,44,23,[14  1],45,-1,68,-1,45
1,<environment.Job instance at 0x7f647a8dd960>,45,23,[13  2],46,-1,69,-1,46
1,<environment.Job instance at 0x7f647a8dd320>,46,25,[4 5],47,-1,72,-1,47
1,<environment.Job instance at 0x7f647a8dd1e0>,47,21,[14  1],48,-1,69,-1,48
1,<environment.Job instance at 0x7f647a8dd5a0>,48,27,[ 1 13],49,-1,76,-1,49
1,<environment.Job instance at 0x7f647a474e10>,49,19,[14  1],50,-1,69,-1,50
1,<environment.Job instance at 0x7f647a474d20>,50,26,[14  5],51,-1,77,-1,51
1,<environment.Job instance at 0x7f647a474f00>,51,24,[ 2 13],52,-1,76,-1,52
1,<environment.Job instance at 0x7f647a4744b0>,52,25,[13  1],53,-1,78,-1,53
1,<environment.Job instance at 0x7f647a474be0>,53,22,[ 1 12],54,-1,76,-1,54
1,<environment.Job instance at 0x7f647a474230>,54,22,[12  4],55,-1,77,-1,55
1,<environment.Job instance at 0x7f647a474190>,55,25,[ 4 11],56,-1,81,-1,56
1,<environment.Job instance at 0x7f647a4742d0>,56,25,[ 5 14],57,-1,82,-1,57
1,<environment.Job instance at 0x7f647a474370>,57,26,[ 3 12],58,-1,84,-1,58
1,<environment.Job instance at 0x7f647a8d9050>,58,20,[ 4 13],59,-1,79,-1,59
1,<environment.Job instance at 0x7f647a8d9730>,59,24,[14  5],60,-1,84,-1,60
1,<environment.Job instance at 0x7f647a8d9af0>,60,27,[ 5 13],61,-1,88,-1,61
1,<environment.Job instance at 0x7f647a8d97d0>,61,20,[ 4 14],62,-1,82,-1,62
1,<environment.Job instance at 0x7f647a8d9eb0>,62,14,[ 1 14],63,-1,77,-1,63
1,<environment.Job instance at 0x7f647a8d9a00>,63,24,[5 8],64,-1,88,-1,64
1,<environment.Job instance at 0x7f647a8d9960>,64,23,[11  4],65,-1,88,-1,65
1,<environment.Job instance at 0x7f647a8d9b40>,65,24,[14  4],66,-1,90,-1,66
1,<environment.Job instance at 0x7f647a8d94b0>,66,23,[ 2 13],67,-1,90,-1,67
1,<environment.Job instance at 0x7f647a8d9d70>,67,21,[14  4],68,-1,89,-1,68
1,<environment.Job instance at 0x7f647a8d9e10>,68,25,[ 1 12],69,-1,94,-1,69
1,<environment.Job instance at 0x7f647a8d9f50>,69,28,[ 1 11],70,-1,98,-1,70
1,<environment.Job instance at 0x7f647a8d9550>,70,15,[ 5 10],71,-1,86,-1,71
1,<environment.Job instance at 0x7f647a8d9410>,71,28,[14  2],72,-1,100,-1,72
1,<environment.Job instance at 0x7f647a8d9140>,72,28,[13  4],73,-1,101,-1,73
1,<environment.Job instance at 0x7f647a8d9690>,73,22,[ 5 14],74,-1,96,-1,74
1,<environment.Job instance at 0x7f6479c07960>,74,28,[ 1 11],75,-1,103,-1,75
1,<environment.Job instance at 0x7f6479c07dc0>,75,22,[14  5],76,-1,98,-1,76
1,<environment.Job instance at 0x7f6479c07af0>,76,22,[ 1 14],77,-1,99,-1,77
1,<environment.Job instance at 0x7f6479c07a50>,78,16,[ 3 13],79,-1,95,-1,79
1,<environment.Job instance at 0x7f6479c07f50>,79,21,[13  2],80,-1,101,-1,80
1,<environment.Job instance at 0x7f6479c07690>,80,12,[11  5],81,-1,93,-1,81
1,<environment.Job instance at 0x7f6479c079b0>,81,25,[ 5 11],82,-1,107,-1,82
1,<environment.Job instance at 0x7f6479c071e0>,82,28,[13  5],83,-1,111,-1,83
1,<environment.Job instance at 0x7f6479c07230>,84,23,[ 4 14],85,-1,108,-1,85
1,<environment.Job instance at 0x7f6479c07a00>,85,21,[12  1],86,-1,107,-1,86
1,<environment.Job instance at 0x7f6479c07be0>,86,28,[12  3],87,-1,115,-1,87
1,<environment.Job instance at 0x7f6479c07aa0>,87,27,[11  4],88,-1,115,-1,88
1,<environment.Job instance at 0x7f6479c076e0>,88,27,[9 4],89,-1,116,-1,89
1,<environment.Job instance at 0x7f6479edd140>,89,28,[5 9],90,-1,118,-1,90
1,<environment.Job instance at 0x7f6479edd370>,91,16,[ 3 12],92,-1,108,-1,92
1,<environment.Job instance at 0x7f6479eddf50>,92,23,[ 2 14],93,-1,116,-1,93
1,<environment.Job instance at 0x7f6479edd410>,93,21,[ 2 13],94,-1,115,-1,94
1,<environment.Job instance at 0x7f6479edd2d0>,94,28,[14  2],95,-1,123,-1,95
1,<environment.Job instance at 0x7f6479edd500>,95,24,[11  1],96,-1,120,-1,96
1,<environment.Job instance at 0x7f6479edd3c0>,96,21,[ 3 13],97,-1,118,-1,97
1,<environment.Job instance at 0x7f6479edde60>,97,20,[11  1],98,-1,118,-1,98
1,<environment.Job instance at 0x7f6479edd5a0>,98,26,[ 1 12],99,-1,125,-1,99
1,<environment.Job instance at 0x7f6479edd280>,99,13,[12  3],100,-1,113,-1,100
1,<environment.Job instance at 0x7f6479edd730>,100,25,[ 1 11],101,-1,126,-1,101
1,<environment.Job instance at 0x7f6479edd640>,101,20,[ 3 14],102,-1,122,-1,102
1,<environment.Job instance at 0x7f6479edd690>,102,17,[ 1 12],103,-1,120,-1,103
1,<environment.Job instance at 0x7f6479edd7d0>,103,25,[2 7],104,-1,129,-1,104
1,<environment.Job instance at 0x7f6479edddc0>,104,23,[10  4],105,-1,128,-1,105
1,<environment.Job instance at 0x7f6479eddc30>,105,21,[ 3 14],106,-1,127,-1,106
1,<environment.Job instance at 0x7f6479edd4b0>,106,23,[14  5],107,-1,130,-1,107
1,<environment.Job instance at 0x7f6479edd910>,107,24,[3 6],108,-1,132,-1,108
1,<environment.Job instance at 0x7f6479edd780>,108,18,[14  2],109,-1,127,-1,109
1,<environment.Job instance at 0x7f6479ecbf00>,109,27,[ 5 13],110,-1,137,-1,110
1,<environment.Job instance at 0x7f6479ecbaa0>,111,21,[12  3],112,-1,133,-1,112
1,<environment.Job instance at 0x7f6479ecb690>,112,27,[ 5 12],113,-1,140,-1,113
1,<environment.Job instance at 0x7f6479ecbf50>,113,28,[9 3],114,-1,142,-1,114
1,<environment.Job instance at 0x7f6479ecbe10>,114,16,[ 2 13],115,-1,131,-1,115
1,<environment.Job instance at 0x7f6479ecbe60>,115,28,[14  4],116,-1,144,-1,116
1,<environment.Job instance at 0x7f6479ecb8c0>,116,13,[12  5],117,-1,130,-1,117
1,<environment.Job instance at 0x7f6479ec5d70>,117,13,[14  1],118,-1,131,-1,118
1,<environment.Job instance at 0x7f6479ec5be0>,118,26,[11  5],119,-1,145,-1,119
1,<environment.Job instance at 0x7f6479ec5d20>,119,14,[ 2 13],120,-1,134,-1,120
1,<environment.Job instance at 0x7f6479ec5a50>,120,28,[14  5],121,-1,149,-1,121
1,<environment.Job instance at 0x7f6479ec5af0>,121,18,[12  4],122,-1,140,-1,122
1,<environment.Job instance at 0x7f6479ec5780>,122,21,[ 2 14],123,-1,144,-1,123
1,<environment.Job instance at 0x7f6479ec57d0>,124,23,[13  4],125,-1,148,-1,125
1,<environment.Job instance at 0x7f6479ec5140>,125,16,[ 3 13],126,-1,142,-1,126
1,<environment.Job instance at 0x7f6479ec5730>,126,26,[11  1],127,-1,153,-1,127
1,<environment.Job instance at 0x7f6479ec50f0>,127,23,[12  5],128,-1,151,-1,128
1,<environment.Job instance at 0x7f6479ae06e0>,1,28,[13  2],2,-1,30,-1,2
1,<environment.Job instance at 0x7f6479ae09b0>,2,20,[14  3],3,-1,23,-1,3
1,<environment.Job instance at 0x7f6479ae0190>,3,24,[14  3],4,-1,28,-1,4
1,<environment.Job instance at 0x7f6479ae00f0>,4,25,[12  1],5,-1,30,-1,5
1,<environment.Job instance at 0x7f64797ca050>,5,24,[5 8],6,-1,30,-1,6
1,<environment.Job instance at 0x7f64797ca0a0>,6,13,[ 1 13],7,-1,20,-1,7
1,<environment.Job instance at 0x7f64797ca2d0>,7,23,[ 1 14],8,-1,31,-1,8
1,<environment.Job instance at 0x7f64797ca0f0>,8,25,[12  5],9,-1,34,-1,9
1,<environment.Job instance at 0x7f64797ca5f0>,9,27,[ 2 14],10,-1,37,-1,10
1,<environment.Job instance at 0x7f64797caf50>,10,20,[ 2 14],11,-1,31,-1,11
1,<environment.Job instance at 0x7f64797ca460>,11,25,[ 4 11],12,-1,37,-1,12
1,<environment.Job instance at 0x7f64797ca410>,12,21,[ 3 11],13,-1,34,-1,13
1,<environment.Job instance at 0x7f64797ca320>,13,21,[13  2],14,-1,35,-1,14
1,<environment.Job instance at 0x7f64797cac80>,14,23,[14  5],15,-1,38,-1,15
1,<environment.Job instance at 0x7f64797cad20>,15,25,[ 2 11],16,-1,41,-1,16
1,<environment.Job instance at 0x7f64797cabe0>,16,26,[14  4],17,-1,43,-1,17
1,<environment.Job instance at 0x7f64797ca8c0>,17,14,[ 1 13],18,-1,32,-1,18
1,<environment.Job instance at 0x7f64797cafa0>,18,17,[ 1 11],19,-1,36,-1,19
1,<environment.Job instance at 0x7f64797ca910>,19,24,[5 4],20,-1,44,-1,20
1,<environment.Job instance at 0x7f64797cac30>,21,26,[ 1 11],22,-1,48,-1,22
1,<environment.Job instance at 0x7f64797cacd0>,22,16,[13  2],23,-1,39,-1,23
1,<environment.Job instance at 0x7f64797ca3c0>,23,21,[ 5 11],24,-1,45,-1,24
1,<environment.Job instance at 0x7f64797ca140>,24,17,[13  4],25,-1,42,-1,25
1,<environment.Job instance at 0x7f64797ca960>,25,28,[ 3 12],26,-1,54,-1,26
1,<environment.Job instance at 0x7f64797cab40>,26,26,[ 1 12],27,-1,53,-1,27
1,<environment.Job instance at 0x7f64797ca230>,28,19,[13  5],29,-1,48,-1,29
1,<environment.Job instance at 0x7f6479357fa0>,29,20,[ 5 14],30,-1,50,-1,30
1,<environment.Job instance at 0x7f64793571e0>,30,27,[ 2 14],31,-1,58,-1,31
1,<environment.Job instance at 0x7f6479357aa0>,31,13,[ 2 12],32,-1,45,-1,32
1,<environment.Job instance at 0x7f6479357960>,32,24,[10  4],33,-1,57,-1,33
1,<environment.Job instance at 0x7f6479357050>,33,18,[ 3 11],34,-1,52,-1,34
1,<environment.Job instance at 0x7f6479ae0640>,35,23,[14  2],36,-1,59,-1,36
1,<environment.Job instance at 0x7f6479357c30>,36,25,[14  4],37,-1,62,-1,37
1,<environment.Job instance at 0x7f6479357dc0>,37,19,[13  5],38,-1,57,-1,38
1,<environment.Job instance at 0x7f6479357cd0>,38,26,[10  2],39,-1,65,-1,39
1,<environment.Job instance at 0x7f6479357780>,41,26,[ 2 11],42,-1,68,-1,42
1,<environment.Job instance at 0x7f64793573c0>,42,23,[ 3 13],43,-1,66,-1,43
1,<environment.Job instance at 0x7f6479357a00>,39,19,[2 8],40,-1,73,-1,54
1,<environment.Job instance at 0x7f6479357eb0>,47,27,[ 2 11],48,-1,81,-1,54
1,<environment.Job instance at 0x7f64793576e0>,48,16,[2 5],49,-1,70,-1,54
1,<environment.Job instance at 0x7f64793570f0>,49,24,[ 4 12],50,-1,78,-1,54
1,<environment.Job instance at 0x7f6479357640>,50,27,[11  4],51,-1,81,-1,54
1,<environment.Job instance at 0x7f647a8bb550>,53,24,[ 5 12],54,-1,113,-1,89
1,<environment.Job instance at 0x7f6479357a50>,1,25,[14  4],2,-1,27,-1,2
1,<environment.Job instance at 0x7f64794e2500>,2,26,[11  3],3,-1,29,-1,3
1,<environment.Job instance at 0x7f6479f00d70>,3,26,[3 7],4,-1,30,-1,4
1,<environment.Job instance at 0x7f64794dc690>,5,23,[ 4 13],6,-1,29,-1,6
1,<environment.Job instance at 0x7f64794dc910>,7,26,[11  4],8,-1,34,-1,8
1,<environment.Job instance at 0x7f64794ce870>,9,21,[ 2 13],10,-1,31,-1,10
1,<environment.Job instance at 0x7f64794ce910>,10,19,[11  1],11,-1,30,-1,11
1,<environment.Job instance at 0x7f64794ce730>,11,13,[ 4 11],12,-1,25,-1,12
1,<environment.Job instance at 0x7f64794ced70>,12,22,[12  4],13,-1,35,-1,13
1,<environment.Job instance at 0x7f64794ced20>,13,16,[14  5],14,-1,30,-1,14
1,<environment.Job instance at 0x7f64794dd9b0>,14,20,[ 3 12],15,-1,35,-1,15
1,<environment.Job instance at 0x7f64794dd8c0>,15,28,[13  5],16,-1,44,-1,16
1,<environment.Job instance at 0x7f64794dd870>,16,23,[14  3],17,-1,40,-1,17
1,<environment.Job instance at 0x7f64794dd690>,17,25,[ 2 14],18,-1,43,-1,18
1,<environment.Job instance at 0x7f6479aad7d0>,19,22,[ 2 12],20,-1,42,-1,20
1,<environment.Job instance at 0x7f64794ddd70>,18,21,[ 3 10],19,-1,43,-1,22
1,<environment.Job instance at 0x7f64794b46e0>,22,23,[5 5],23,-1,46,-1,23
1,<environment.Job instance at 0x7f64794b4a00>,23,19,[6 2],24,-1,50,-1,31
1,<environment.Job instance at 0x7f64794b4370>,25,13,[3 9],26,-1,44,-1,31
1,<environment.Job instance at 0x7f64794b4f00>,26,19,[ 2 11],27,-1,50,-1,31
1,<environment.Job instance at 0x7f64794b45f0>,27,18,[ 5 13],28,-1,49,-1,31
1,<environment.Job instance at 0x7f64794b4e10>,28,28,[ 5 11],29,-1,59,-1,31
1,<environment.Job instance at 0x7f64794b4960>,29,27,[12  1],30,-1,58,-1,31
1,<environment.Job instance at 0x7f64794b4910>,30,22,[13  3],31,-1,53,-1,31
1,<environment.Job instance at 0x7f64794b4820>,31,17,[13  4],32,-1,49,-1,32
1,<environment.Job instance at 0x7f647a4a9910>,32,28,[ 5 11],33,-1,61,-1,33
1,<environment.Job instance at 0x7f64794b4af0>,34,22,[ 1 14],35,-1,59,-1,37
1,<environment.Job instance at 0x7f647a7ce780>,35,24,[13  4],36,-1,61,-1,37
1,<environment.Job instance at 0x7f6479dca050>,36,24,[ 4 13],37,-1,61,-1,37
1,<environment.Job instance at 0x7f6479ddf230>,37,19,[ 5 14],38,-1,57,-1,38
1,<environment.Job instance at 0x7f647a4a40a0>,38,19,[14  3],39,-1,58,-1,39
1,<environment.Job instance at 0x7f6479a87eb0>,39,26,[8 4],40,-1,66,-1,40
1,<environment.Job instance at 0x7f6479a7daf0>,40,14,[13  2],41,-1,55,-1,41
1,<environment.Job instance at 0x7f6479a7deb0>,41,22,[ 5 13],42,-1,64,-1,42
1,<environment.Job instance at 0x7f64794c7eb0>,42,24,[ 1 14],43,-1,67,-1,43
1,<environment.Job instance at 0x7f64794c75a0>,43,28,[13  5],44,-1,72,-1,44
1,<environment.Job instance at 0x7f6479a850f0>,44,22,[12  4],45,-1,67,-1,45
1,<environment.Job instance at 0x7f647a4cbb40>,46,24,[14  5],47,-1,75,-1,51
1,<environment.Job instance at 0x7f6479c94cd0>,47,19,[13  1],48,-1,70,-1,51
1,<environment.Job instance at 0x7f647a7c2dc0>,48,23,[11  5],49,-1,74,-1,51
1,<environment.Job instance at 0x7f6479c94870>,49,23,[ 2 12],50,-1,74,-1,51
1,<environment.Job instance at 0x7f647a7a5f00>,50,14,[11  5],51,-1,65,-1,51
1,<environment.Job instance at 0x7f647a7a5190>,51,25,[7 3],52,-1,77,-1,52
1,<environment.Job instance at 0x7f647a7c83c0>,52,23,[12  5],53,-1,76,-1,53
1,<environment.Job instance at 0x7f6479a86280>,53,28,[11  2],54,-1,82,-1,54
1,<environment.Job instance at 0x7f647a7b97d0>,54,27,[11  2],55,-1,82,-1,55
1,<environment.Job instance at 0x7f647a7b9690>,55,24,[6 4],56,-1,80,-1,56
1,<environment.Job instance at 0x7f647a7b9c80>,56,17,[ 4 13],57,-1,74,-1,57
1,<environment.Job instance at 0x7f647a7b9cd0>,57,21,[ 3 10],58,-1,81,-1,60
1,<environment.Job instance at 0x7f647a7c87d0>,58,13,[12  5],59,-1,73,-1,60
1,<environment.Job instance at 0x7f647a7b96e0>,59,14,[ 2 12],60,-1,74,-1,60
1,<environment.Job instance at 0x7f647a7b9aa0>,60,19,[11  1],61,-1,80,-1,61
1,<environment.Job instance at 0x7f647a7b9f00>,61,21,[13  1],62,-1,83,-1,62
1,<environment.Job instance at 0x7f647a7b9fa0>,62,24,[13  4],63,-1,87,-1,63
1,<environment.Job instance at 0x7f647a7b9780>,63,19,[ 5 14],64,-1,83,-1,64
1,<environment.Job instance at 0x7f647a7b9960>,64,28,[ 1 12],65,-1,93,-1,65
1,<environment.Job instance at 0x7f647a7ad190>,65,28,[12  3],66,-1,94,-1,66
1,<environment.Job instance at 0x7f647a7ad5a0>,66,27,[2 7],67,-1,94,-1,67
1,<environment.Job instance at 0x7f647a7ad500>,67,23,[11  3],68,-1,91,-1,68
1,<environment.Job instance at 0x7f647a7ad320>,68,14,[ 1 14],69,-1,83,-1,69
1,<environment.Job instance at 0x7f647a7ad6e0>,69,26,[ 5 12],70,-1,96,-1,70
1,<environment.Job instance at 0x7f647a7ad230>,70,22,[ 3 11],71,-1,93,-1,71
1,<environment.Job instance at 0x7f647a7ad460>,71,26,[ 3 14],72,-1,98,-1,72
1,<environment.Job instance at 0x7f647a7ad870>,72,19,[ 4 12],73,-1,92,-1,73
1,<environment.Job instance at 0x7f647a7ad8c0>,73,14,[ 3 14],74,-1,88,-1,74
1,<environment.Job instance at 0x7f647a7ad370>,74,20,[ 4 11],75,-1,95,-1,75
1,<environment.Job instance at 0x7f6479c91370>,75,19,[12  1],76,-1,95,-1,76
1,<environment.Job instance at 0x7f6479c91410>,76,22,[11  1],77,-1,99,-1,77
1,<environment.Job instance at 0x7f6479c914b0>,77,20,[ 1 14],78,-1,98,-1,78
1,<environment.Job instance at 0x7f6479c91550>,78,24,[4 6],79,-1,103,-1,79
1,<environment.Job instance at 0x7f6479c915f0>,79,28,[9 2],80,-1,108,-1,80
1,<environment.Job instance at 0x7f6479c91690>,80,27,[ 1 11],81,-1,108,-1,81
1,<environment.Job instance at 0x7f6479c91730>,81,25,[ 1 12],82,-1,107,-1,82
1,<environment.Job instance at 0x7f6479c917d0>,82,18,[ 4 14],83,-1,101,-1,83
1,<environment.Job instance at 0x7f6479c91870>,83,18,[ 1 11],84,-1,102,-1,84
1,<environment.Job instance at 0x7f6479c91910>,84,21,[ 5 10],85,-1,115,-1,94
1,<environment.Job instance at 0x7f6479c91be0>,87,21,[ 5 12],88,-1,115,-1,94
1,<environment.Job instance at 0x7f6479c91c80>,88,21,[ 1 13],89,-1,115,-1,94
1,<environment.Job instance at 0x7f6479c91dc0>,90,25,[3 8],91,-1,138,-1,113
1,<environment.Job instance at 0x7f6479c91e60>,91,24,[ 3 13],92,-1,137,-1,113
1,<environment.Job instance at 0x7f6479c91f00>,92,26,[4 6],93,-1,139,-1,113
1,<environment.Job instance at 0x7f6479c91aa0>,93,20,[11  3],94,-1,133,-1,113
1,<environment.Job instance at 0x7f6479c91af0>,94,22,[ 1 10],95,-1,135,-1,113
1,<environment.Job instance at 0x7f6479c91b40>,95,28,[11  5],96,-1,141,-1,113
1,<environment.Job instance at 0x7f6479c78280>,96,22,[ 1 13],97,-1,135,-1,113
1,<environment.Job instance at 0x7f6479c78320>,97,14,[12  1],98,-1,127,-1,113
1,<environment.Job instance at 0x7f6479c783c0>,98,27,[11  2],99,-1,140,-1,113
1,<environment.Job instance at 0x7f6479c78460>,99,13,[12  5],100,-1,126,-1,113
1,<environment.Job instance at 0x7f6479c78500>,100,15,[13  2],101,-1,128,-1,113
1,<environment.Job instance at 0x7f6479c785a0>,101,19,[ 4 13],102,-1,132,-1,113
1,<environment.Job instance at 0x7f6479c78640>,102,21,[ 5 12],103,-1,134,-1,113
1,<environment.Job instance at 0x7f6479c786e0>,103,20,[14  2],104,-1,133,-1,113
1,<environment.Job instance at 0x7f6479c788c0>,106,16,[12  5],107,-1,151,-1,135
1,<environment.Job instance at 0x7f6479c78960>,107,12,[ 1 12],108,-1,147,-1,135
1,<environment.Job instance at 0x7f6479c78a00>,108,18,[11  4],109,-1,155,-1,137
1,<environment.Job instance at 0x7f6479c78aa0>,109,15,[ 1 14],110,-1,152,-1,137
1,<environment.Job instance at 0x7f6479c78910>,2,20,[ 2 14],3,-1,23,-1,3
1,<environment.Job instance at 0x7f6479d76f50>,3,27,[ 5 12],4,-1,31,-1,4
1,<environment.Job instance at 0x7f6479d76370>,4,27,[7 3],5,-1,32,-1,5
1,<environment.Job instance at 0x7f6479c78aa0>,6,12,[ 3 13],7,-1,19,-1,7
1,<environment.Job instance at 0x7f6479d76e10>,7,25,[12  3],8,-1,33,-1,8
1,<environment.Job instance at 0x7f6479d76820>,8,23,[11  5],9,-1,32,-1,9
1,<environment.Job instance at 0x7f6479d76550>,9,27,[7 3],10,-1,37,-1,10
1,<environment.Job instance at 0x7f647a4fa870>,11,13,[13  3],12,-1,25,-1,12
1,<environment.Job instance at 0x7f647a4fadc0>,12,12,[12  5],13,-1,25,-1,13
1,<environment.Job instance at 0x7f647a4fa0f0>,13,21,[12  5],14,-1,35,-1,14
1,<environment.Job instance at 0x7f6479d765f0>,5,20,[12  3],6,-1,34,-1,14
1,<environment.Job instance at 0x7f647a4fae60>,15,19,[11  2],16,-1,35,-1,16
1,<environment.Job instance at 0x7f647a4fa2d0>,18,21,[12  5],19,-1,40,-1,19
1,<environment.Job instance at 0x7f6479d761e0>,14,22,[14  5],15,-1,41,-1,19
1,<environment.Job instance at 0x7f647a4fa1e0>,19,27,[ 2 13],20,-1,47,-1,20
1,<environment.Job instance at 0x7f647a4fa460>,20,21,[ 1 12],21,-1,42,-1,21
1,<environment.Job instance at 0x7f647a4fa820>,22,24,[ 3 11],23,-1,47,-1,23
1,<environment.Job instance at 0x7f6479daa320>,25,27,[8 3],26,-1,53,-1,26
1,<environment.Job instance at 0x7f6479daaaf0>,26,22,[ 2 12],27,-1,49,-1,27
1,<environment.Job instance at 0x7f6479daa640>,27,26,[6 4],28,-1,54,-1,28
1,<environment.Job instance at 0x7f6479daa910>,28,16,[12  2],29,-1,45,-1,29
1,<environment.Job instance at 0x7f6479daabe0>,29,15,[ 1 14],30,-1,45,-1,30
1,<environment.Job instance at 0x7f6479daab90>,30,22,[14  4],31,-1,53,-1,31
1,<environment.Job instance at 0x7f6479daa2d0>,31,15,[13  3],32,-1,47,-1,32
1,<environment.Job instance at 0x7f6479daa8c0>,32,17,[ 1 14],33,-1,50,-1,33
1,<environment.Job instance at 0x7f6479daae60>,34,28,[ 5 13],35,-1,63,-1,35
1,<environment.Job instance at 0x7f6479daa730>,35,22,[12  1],36,-1,58,-1,36
1,<environment.Job instance at 0x7f6479daa0f0>,36,25,[ 5 14],37,-1,62,-1,37
1,<environment.Job instance at 0x7f6479daa0a0>,37,23,[ 2 11],38,-1,61,-1,38
1,<environment.Job instance at 0x7f6479daa280>,38,26,[ 4 11],39,-1,65,-1,39
1,<environment.Job instance at 0x7f6479daac30>,39,27,[13  5],40,-1,67,-1,40
1,<environment.Job instance at 0x7f6479daa690>,40,25,[11  4],41,-1,66,-1,41
1,<environment.Job instance at 0x7f6479daa870>,41,14,[14  4],42,-1,56,-1,42
1,<environment.Job instance at 0x7f6479daa960>,42,26,[ 5 12],43,-1,69,-1,43
1,<environment.Job instance at 0x7f647a872b40>,43,18,[ 1 12],44,-1,62,-1,44
1,<environment.Job instance at 0x7f647a872d70>,44,27,[4 5],45,-1,72,-1,45
1,<environment.Job instance at 0x7f647a872820>,45,24,[ 3 11],46,-1,70,-1,46
1,<environment.Job instance at 0x7f647a872550>,46,24,[14  2],47,-1,71,-1,47
1,<environment.Job instance at 0x7f647a8720f0>,49,15,[13  2],50,-1,65,-1,50
1,<environment.Job instance at 0x7f647a872050>,50,13,[11  2],51,-1,64,-1,51
1,<environment.Job instance at 0x7f647a872af0>,48,19,[ 3 11],49,-1,70,-1,51
1,<environment.Job instance at 0x7f647a872dc0>,52,28,[ 3 14],53,-1,81,-1,53
1,<environment.Job instance at 0x7f647a872370>,53,25,[3 7],54,-1,79,-1,54
1,<environment.Job instance at 0x7f6479edac80>,58,13,[11  2],59,-1,81,-1,68
1,<environment.Job instance at 0x7f6479edae60>,60,24,[13  5],61,-1,101,-1,77
1,<environment.Job instance at 0x7f6479eda1e0>,61,25,[11  5],62,-1,102,-1,77
1,<environment.Job instance at 0x7f6479eda0a0>,62,28,[7 1],63,-1,105,-1,77
1,<environment.Job instance at 0x7f6479edad20>,63,19,[13  3],64,-1,96,-1,77
1,<environment.Job instance at 0x7f6479eda3c0>,64,16,[ 3 12],65,-1,93,-1,77
1,<environment.Job instance at 0x7f6479edab40>,65,22,[ 5 14],66,-1,99,-1,77
1,<environment.Job instance at 0x7f6479eda640>,66,28,[2 9],67,-1,105,-1,77
1,<environment.Job instance at 0x7f6479eda140>,67,19,[ 4 14],68,-1,96,-1,77
1,<environment.Job instance at 0x7f6479ee4cd0>,68,23,[11  5],69,-1,100,-1,77
1,<environment.Job instance at 0x7f6479edaaf0>,69,20,[12  4],70,-1,97,-1,77
1,<environment.Job instance at 0x7f6479ee4af0>,70,27,[13  3],71,-1,104,-1,77
1,<environment.Job instance at 0x7f6479ee44b0>,71,17,[ 4 12],72,-1,94,-1,77
1,<environment.Job instance at 0x7f6479ee4aa0>,72,26,[ 3 13],73,-1,103,-1,77
1,<environment.Job instance at 0x7f6479ee4b90>,73,24,[ 1 12],74,-1,101,-1,77
1,<environment.Job instance at 0x7f6479ee46e0>,74,13,[ 1 13],75,-1,90,-1,77
1,<environment.Job instance at 0x7f6479ee47d0>,75,15,[12  1],76,-1,92,-1,77
1,<environment.Job instance at 0x7f6479ee4820>,76,27,[ 3 14],77,-1,104,-1,77
1,<environment.Job instance at 0x7f6479ee45f0>,77,27,[1 9],78,-1,105,-1,78
1,<environment.Job instance at 0x7f6479ee4460>,78,27,[ 3 13],79,-1,106,-1,79
1,<environment.Job instance at 0x7f6479ee4140>,80,15,[14  1],81,-1,101,-1,86
1,<environment.Job instance at 0x7f6479eceb40>,81,26,[12  3],82,-1,112,-1,86
1,<environment.Job instance at 0x7f6479eced70>,82,27,[11  2],83,-1,113,-1,86
1,<environment.Job instance at 0x7f6479eceeb0>,83,12,[ 3 13],84,-1,98,-1,86
1,<environment.Job instance at 0x7f6479ecef00>,84,28,[13  1],85,-1,114,-1,86
1,<environment.Job instance at 0x7f6479ece2d0>,85,22,[14  1],86,-1,108,-1,86
1,<environment.Job instance at 0x7f6479ece280>,86,28,[ 3 13],87,-1,115,-1,87
1,<environment.Job instance at 0x7f6479eceb90>,87,20,[ 3 11],88,-1,108,-1,88
1,<environment.Job instance at 0x7f6479eceaf0>,89,24,[12  2],90,-1,124,-1,100
1,<environment.Job instance at 0x7f6479ece410>,90,27,[ 1 13],91,-1,127,-1,100
1,<environment.Job instance at 0x7f6479eced20>,91,24,[12  5],92,-1,124,-1,100
1,<environment.Job instance at 0x7f6479ece050>,92,19,[ 4 13],93,-1,119,-1,100
1,<environment.Job instance at 0x7f6479ece870>,93,24,[ 4 11],94,-1,124,-1,100
1,<environment.Job instance at 0x7f6479ece1e0>,94,21,[ 2 11],95,-1,121,-1,100
1,<environment.Job instance at 0x7f6479eec5f0>,96,27,[ 3 11],97,-1,141,-1,114
1,<environment.Job instance at 0x7f6479eec550>,97,13,[12  5],98,-1,127,-1,114
1,<environment.Job instance at 0x7f6479eecbe0>,98,27,[8 2],99,-1,141,-1,114
1,<environment.Job instance at 0x7f6479eec870>,99,22,[11  3],100,-1,136,-1,114
1,<environment.Job instance at 0x7f6479eece60>,100,27,[8 4],101,-1,141,-1,114
1,<environment.Job instance at 0x7f6479eec640>,101,15,[ 4 14],102,-1,129,-1,114
1,<environment.Job instance at 0x7f6479eec780>,102,23,[14  5],103,-1,137,-1,114
1,<environment.Job instance at 0x7f6479eec410>,103,22,[13  2],104,-1,136,-1,114
1,<environment.Job instance at 0x7f6479eec320>,104,24,[ 2 14],105,-1,138,-1,114
1,<environment.Job instance at 0x7f6479eec2d0>,105,24,[5 7],106,-1,138,-1,114
1,<environment.Job instance at 0x7f6479ed5aa0>,106,13,[14  2],107,-1,127,-1,114
1,<environment.Job instance at 0x7f6479ed5550>,107,27,[ 5 14],108,-1,141,-1,114
1,<environment.Job instance at 0x7f6479ed52d0>,108,28,[11  4],109,-1,142,-1,114
1,<environment.Job instance at 0x7f6479ed5640>,109,23,[ 1 13],110,-1,137,-1,114
1,<environment.Job instance at 0x7f6479ed55f0>,110,24,[ 2 11],111,-1,138,-1,114
1,<environment.Job instance at 0x7f6479ed5f00>,111,26,[11  1],112,-1,140,-1,114
1,<environment.Job instance at 0x7f6479ed5b90>,112,25,[ 1 12],113,-1,139,-1,114
1,<environment.Job instance at 0x7f6479ed50f0>,113,26,[14  3],114,-1,140,-1,114
1,<environment.Job instance at 0x7f6479ef8320>,115,24,[5 3],116,-1,140,-1,116
1,<environment.Job instance at 0x7f6479ef8410>,116,15,[ 1 14],117,-1,132,-1,117
1,<environment.Job instance at 0x7f6479ef80a0>,117,24,[5 2],118,-1,143,-1,119
1,<environment.Job instance at 0x7f6479ef8b90>,118,25,[13  4],119,-1,144,-1,119
1,<environment.Job instance at 0x7f6479ef8cd0>,120,20,[ 4 13],121,-1,141,-1,121
1,<environment.Job instance at 0x7f6479ef8be0>,121,17,[13  2],122,-1,139,-1,122
1,<environment.Job instance at 0x7f6479ef8f00>,122,20,[ 1 11],123,-1,143,-1,123
1,<environment.Job instance at 0x7f6479ef8230>,124,26,[11  3],125,-1,156,-1,130
1,<environment.Job instance at 0x7f6479ef8500>,2,21,[ 3 14],3,-1,24,-1,3
1,<environment.Job instance at 0x7f64795bde60>,3,19,[12  4],4,-1,23,-1,4
1,<environment.Job instance at 0x7f6479ef8230>,5,21,[ 1 12],6,-1,27,-1,6
1,<environment.Job instance at 0x7f647a077190>,6,22,[14  4],7,-1,29,-1,7
1,<environment.Job instance at 0x7f647a0770a0>,7,14,[ 1 11],8,-1,22,-1,8
1,<environment.Job instance at 0x7f647a0772d0>,8,26,[1 8],9,-1,36,-1,10
1,<environment.Job instance at 0x7f647a077f00>,10,26,[ 2 10],11,-1,37,-1,11
1,<environment.Job instance at 0x7f647a077910>,12,27,[ 1 12],13,-1,40,-1,13
1,<environment.Job instance at 0x7f647a0775f0>,13,24,[5 5],14,-1,38,-1,14
1,<environment.Job instance at 0x7f647a077640>,14,23,[ 3 12],15,-1,38,-1,15
1,<environment.Job instance at 0x7f647a05a640>,15,26,[ 5 13],16,-1,42,-1,16
1,<environment.Job instance at 0x7f647a05a3c0>,16,19,[12  2],17,-1,36,-1,17
1,<environment.Job instance at 0x7f647a05a410>,17,15,[11  1],18,-1,33,-1,18
1,<environment.Job instance at 0x7f647a05ab40>,18,19,[13  4],19,-1,38,-1,19
1,<environment.Job instance at 0x7f647a05af50>,19,14,[11  3],20,-1,34,-1,20
1,<environment.Job instance at 0x7f647a05ab90>,20,12,[ 3 11],21,-1,33,-1,21
1,<environment.Job instance at 0x7f647a07c5a0>,23,23,[ 5 12],24,-1,47,-1,24
1,<environment.Job instance at 0x7f647a07ccd0>,24,27,[6 1],25,-1,52,-1,25
1,<environment.Job instance at 0x7f647a07c140>,25,20,[ 1 11],26,-1,46,-1,26
1,<environment.Job instance at 0x7f647a07c0a0>,26,15,[12  2],27,-1,42,-1,27
1,<environment.Job instance at 0x7f647a07cfa0>,27,24,[12  4],28,-1,52,-1,28
1,<environment.Job instance at 0x7f647a07ca00>,28,23,[11  3],29,-1,52,-1,29
1,<environment.Job instance at 0x7f647a07cb40>,29,25,[11  5],30,-1,55,-1,30
1,<environment.Job instance at 0x7f6479978460>,30,26,[ 5 13],31,-1,57,-1,31
1,<environment.Job instance at 0x7f6479b90460>,31,19,[ 3 12],32,-1,51,-1,32
1,<environment.Job instance at 0x7f6479a7bd70>,32,25,[12  3],33,-1,58,-1,33
1,<environment.Job instance at 0x7f647a4c2d20>,33,14,[ 5 12],34,-1,48,-1,34
1,<environment.Job instance at 0x7f6479ba0be0>,34,20,[ 3 14],35,-1,55,-1,35
1,<environment.Job instance at 0x7f647a498cd0>,35,24,[13  2],36,-1,60,-1,36
1,<environment.Job instance at 0x7f64799a1b40>,39,20,[12  1],40,-1,60,-1,40
1,<environment.Job instance at 0x7f6479aa55f0>,42,20,[11  1],43,-1,80,-1,60
1,<environment.Job instance at 0x7f64799a1dc0>,43,22,[12  2],44,-1,82,-1,60
1,<environment.Job instance at 0x7f6479ba6c80>,45,21,[12  3],46,-1,81,-1,60
1,<environment.Job instance at 0x7f6479ba6e60>,46,28,[6 2],47,-1,88,-1,60
1,<environment.Job instance at 0x7f647a0599b0>,47,21,[ 2 11],48,-1,81,-1,60
1,<environment.Job instance at 0x7f647a059910>,48,25,[8 3],49,-1,85,-1,60
1,<environment.Job instance at 0x7f647a059190>,49,25,[ 1 13],50,-1,85,-1,60
1,<environment.Job instance at 0x7f647a4d6a50>,50,27,[3 8],51,-1,87,-1,60
1,<environment.Job instance at 0x7f647a04dfa0>,51,27,[11  5],52,-1,87,-1,60
1,<environment.Job instance at 0x7f647a4d6f00>,52,24,[14  3],53,-1,84,-1,60
1,<environment.Job instance at 0x7f647a4b5eb0>,53,26,[ 1 12],54,-1,86,-1,60
1,<environment.Job instance at 0x7f6479b782d0>,54,24,[13  1],55,-1,84,-1,60
1,<environment.Job instance at 0x7f647a4b5af0>,56,15,[ 4 12],57,-1,92,-1,77
1,<environment.Job instance at 0x7f647a499f50>,57,23,[ 5 13],58,-1,100,-1,77
1,<environment.Job instance at 0x7f647a499370>,58,23,[ 3 13],59,-1,100,-1,77
1,<environment.Job instance at 0x7f647a4990a0>,59,26,[12  2],60,-1,103,-1,77
1,<environment.Job instance at 0x7f647a4995f0>,60,21,[ 1 12],61,-1,98,-1,77
1,<environment.Job instance at 0x7f647a4995a0>,61,16,[ 2 13],62,-1,93,-1,77
1,<environment.Job instance at 0x7f647a499640>,62,23,[13  1],63,-1,100,-1,77
1,<environment.Job instance at 0x7f647a4c5690>,63,28,[13  4],64,-1,105,-1,77
1,<environment.Job instance at 0x7f647a4c5e60>,64,25,[14  3],65,-1,102,-1,77
1,<environment.Job instance at 0x7f647a4c5dc0>,65,15,[12  5],66,-1,92,-1,77
1,<environment.Job instance at 0x7f647a4c5960>,66,24,[14  5],67,-1,101,-1,77
1,<environment.Job instance at 0x7f647a4c55f0>,67,25,[ 4 12],68,-1,102,-1,77
1,<environment.Job instance at 0x7f647a4c5aa0>,68,22,[ 2 14],69,-1,99,-1,77
1,<environment.Job instance at 0x7f647a4c5f00>,69,25,[ 3 13],70,-1,102,-1,77
1,<environment.Job instance at 0x7f647a4c5c30>,70,25,[13  3],71,-1,102,-1,77
1,<environment.Job instance at 0x7f647a4c5e10>,71,25,[ 2 11],72,-1,102,-1,77
1,<environment.Job instance at 0x7f647a4c5820>,72,28,[11  3],73,-1,105,-1,77
1,<environment.Job instance at 0x7f647a4c5f50>,73,18,[13  2],74,-1,95,-1,77
1,<environment.Job instance at 0x7f647a4c5eb0>,74,28,[13  1],75,-1,105,-1,77
1,<environment.Job instance at 0x7f647a49cfa0>,75,23,[ 5 13],76,-1,100,-1,77
1,<environment.Job instance at 0x7f647a3ad280>,76,23,[ 2 13],77,-1,100,-1,77
1,<environment.Job instance at 0x7f647a3ad2d0>,77,28,[ 1 12],78,-1,106,-1,78
1,<environment.Job instance at 0x7f647a3ad370>,78,25,[ 2 12],79,-1,104,-1,79
1,<environment.Job instance at 0x7f647a3ad410>,79,12,[ 4 14],80,-1,92,-1,80
1,<environment.Job instance at 0x7f647a3ad550>,80,28,[12  3],81,-1,109,-1,81
1,<environment.Job instance at 0x7f647a3ad500>,81,23,[11  2],82,-1,105,-1,82
1,<environment.Job instance at 0x7f647a3ad7d0>,83,22,[ 3 13],84,-1,106,-1,84
1,<environment.Job instance at 0x7f647a3ad780>,84,27,[ 1 13],85,-1,112,-1,85
1,<environment.Job instance at 0x7f647a3ad8c0>,85,23,[12  5],86,-1,109,-1,86
1,<environment.Job instance at 0x7f647a3ad960>,86,22,[ 3 12],87,-1,109,-1,87
1,<environment.Job instance at 0x7f647a3ad910>,87,25,[ 4 12],88,-1,113,-1,88
1,<environment.Job instance at 0x7f647a3adaa0>,88,13,[11  3],89,-1,102,-1,89
1,<environment.Job instance at 0x7f647a3ada50>,89,24,[ 5 12],90,-1,114,-1,90
1,<environment.Job instance at 0x7f647a3adaf0>,90,27,[2 5],91,-1,125,-1,98
1,<environment.Job instance at 0x7f647a3adc80>,91,13,[ 3 13],92,-1,111,-1,98
1,<environment.Job instance at 0x7f647a3add20>,92,23,[14  4],93,-1,121,-1,98
1,<environment.Job instance at 0x7f647a3addc0>,93,17,[13  5],94,-1,115,-1,98
1,<environment.Job instance at 0x7f647a3ade60>,94,22,[13  1],95,-1,120,-1,98
1,<environment.Job instance at 0x7f647a3adf00>,95,24,[12  4],96,-1,122,-1,98
1,<environment.Job instance at 0x7f647a3adfa0>,96,25,[12  3],97,-1,123,-1,98
1,<environment.Job instance at 0x7f647a3adeb0>,97,27,[11  5],98,-1,125,-1,98
1,<environment.Job instance at 0x7f647a3c9050>,98,25,[ 3 11],99,-1,124,-1,99
1,<environment.Job instance at 0x7f647a3c9190>,99,21,[ 2 13],100,-1,121,-1,100
1,<environment.Job instance at 0x7f647a3adf50>,101,23,[ 3 11],102,-1,125,-1,102
1,<environment.Job instance at 0x7f647a3c9280>,103,21,[ 1 13],104,-1,129,-1,108
1,<environment.Job instance at 0x7f647a3c93c0>,104,28,[14  1],105,-1,136,-1,108
1,<environment.Job instance at 0x7f647a3c94b0>,105,28,[4 5],106,-1,136,-1,108
1,<environment.Job instance at 0x7f647a3c9550>,106,17,[ 3 14],107,-1,125,-1,108
1,<environment.Job instance at 0x7f647a3c95f0>,107,25,[12  5],108,-1,133,-1,108
1,<environment.Job instance at 0x7f647a3c97d0>,108,16,[ 1 12],109,-1,125,-1,109
1,<environment.Job instance at 0x7f647a3c9820>,109,17,[13  2],110,-1,127,-1,110
1,<environment.Job instance at 0x7f647a3c9960>,110,23,[5 9],111,-1,152,-1,129
1,<environment.Job instance at 0x7f647a3c9aa0>,112,22,[11  4],113,-1,152,-1,130
1,<environment.Job instance at 0x7f647a3c9be0>,114,28,[ 4 10],115,-1,158,-1,130
1,<environment.Job instance at 0x7f647a3c9a50>,2,17,[ 3 11],3,-1,20,-1,3
1,<environment.Job instance at 0x7f647a45d2d0>,3,23,[14  2],4,-1,27,-1,4
1,<environment.Job instance at 0x7f647a45d280>,4,24,[5 9],5,-1,29,-1,5
1,<environment.Job instance at 0x7f647a45d370>,5,12,[12  5],6,-1,18,-1,6
1,<environment.Job instance at 0x7f647a45d0f0>,6,28,[ 2 11],7,-1,35,-1,7
1,<environment.Job instance at 0x7f647a45d0a0>,7,26,[9 1],8,-1,34,-1,8
1,<environment.Job instance at 0x7f647a45d050>,8,24,[14  5],9,-1,33,-1,9
1,<environment.Job instance at 0x7f647a45dfa0>,9,23,[14  3],10,-1,33,-1,10
1,<environment.Job instance at 0x7f647a45d550>,10,25,[ 1 12],11,-1,36,-1,11
1,<environment.Job instance at 0x7f647a45dd70>,11,25,[12  4],12,-1,37,-1,12
1,<environment.Job instance at 0x7f647a45d320>,12,24,[ 3 11],13,-1,37,-1,13
1,<environment.Job instance at 0x7f647a45d780>,13,25,[ 2 12],14,-1,39,-1,14
1,<environment.Job instance at 0x7f647a45de60>,14,22,[ 4 14],15,-1,37,-1,15
1,<environment.Job instance at 0x7f647a45d640>,15,22,[13  5],16,-1,38,-1,16
1,<environment.Job instance at 0x7f647a45d5a0>,16,26,[11  3],17,-1,43,-1,17
1,<environment.Job instance at 0x7f647a45d4b0>,17,19,[14  1],18,-1,37,-1,18
1,<environment.Job instance at 0x7f647a45df00>,18,19,[11  5],19,-1,38,-1,19
1,<environment.Job instance at 0x7f647a45de10>,19,23,[14  1],20,-1,43,-1,20
1,<environment.Job instance at 0x7f6479958b40>,20,21,[11  2],21,-1,42,-1,21
1,<environment.Job instance at 0x7f6479958e10>,21,22,[ 3 13],22,-1,44,-1,22
1,<environment.Job instance at 0x7f6479958780>,22,22,[14  5],23,-1,45,-1,23
1,<environment.Job instance at 0x7f6479958870>,23,26,[ 4 14],24,-1,50,-1,24
1,<environment.Job instance at 0x7f64799581e0>,24,18,[ 3 14],25,-1,43,-1,25
1,<environment.Job instance at 0x7f64799589b0>,25,22,[ 2 11],26,-1,48,-1,26
1,<environment.Job instance at 0x7f64799583c0>,27,15,[ 1 12],28,-1,43,-1,28
1,<environment.Job instance at 0x7f6479958a50>,28,22,[ 2 11],29,-1,51,-1,29
1,<environment.Job instance at 0x7f64799580f0>,29,23,[ 5 11],30,-1,53,-1,30
1,<environment.Job instance at 0x7f6479958b90>,30,24,[11  1],31,-1,55,-1,31
1,<environment.Job instance at 0x7f647a3c9be0>,34,21,[ 2 13],35,-1,56,-1,35
1,<environment.Job instance at 0x7f6479958f00>,35,26,[11  3],36,-1,62,-1,36
1,<environment.Job instance at 0x7f64799580a0>,36,25,[11  3],37,-1,62,-1,37
1,<environment.Job instance at 0x7f6479958320>,40,27,[5 8],41,-1,72,-1,45
1,<environment.Job instance at 0x7f647a20c820>,45,24,[ 1 12],46,-1,129,-1,105
1,<environment.Job instance at 0x7f647a20ce60>,46,19,[ 1 13],47,-1,124,-1,105
1,<environment.Job instance at 0x7f647a20c730>,47,19,[11  4],48,-1,129,-1,110
1,<environment.Job instance at 0x7f647a20c2d0>,48,19,[14  5],49,-1,129,-1,110
1,<environment.Job instance at 0x7f647a20c0f0>,50,19,[ 2 11],51,-1,145,-1,126
1,<environment.Job instance at 0x7f647a20c5f0>,52,27,[ 1 13],53,-1,153,-1,126
1,<environment.Job instance at 0x7f647a20cb40>,53,12,[13  2],54,-1,138,-1,126
1,<environment.Job instance at 0x7f64791d4c30>,1,28,[ 5 13],2,-1,30,-1,2
1,<environment.Job instance at 0x7f647a20ca00>,3,27,[12  4],4,-1,31,-1,4
1,<environment.Job instance at 0x7f64791d4370>,4,28,[11  2],5,-1,33,-1,5
1,<environment.Job instance at 0x7f64791d4b90>,5,17,[ 2 14],6,-1,23,-1,6
1,<environment.Job instance at 0x7f64791d4d20>,6,26,[12  5],7,-1,33,-1,7
1,<environment.Job instance at 0x7f64791d48c0>,7,25,[ 3 13],8,-1,33,-1,8
1,<environment.Job instance at 0x7f64791d45f0>,8,22,[ 4 11],9,-1,31,-1,9
1,<environment.Job instance at 0x7f64791d4640>,9,25,[ 1 12],10,-1,35,-1,10
1,<environment.Job instance at 0x7f64791d4960>,13,28,[13  5],14,-1,42,-1,14
1,<environment.Job instance at 0x7f64791d4aa0>,14,19,[ 1 13],15,-1,34,-1,15
1,<environment.Job instance at 0x7f64791d4a00>,16,26,[ 5 12],17,-1,43,-1,17
1,<environment.Job instance at 0x7f647a996f50>,21,25,[ 5 10],22,-1,84,-1,59
1,<environment.Job instance at 0x7f647a996730>,25,15,[14  2],26,-1,102,-1,87
1,<environment.Job instance at 0x7f647a996690>,26,27,[13  3],27,-1,114,-1,87
1,<environment.Job instance at 0x7f647a996b90>,27,17,[12  1],28,-1,104,-1,87
1,<environment.Job instance at 0x7f647a996190>,28,21,[11  1],29,-1,108,-1,87
1,<environment.Job instance at 0x7f647a996320>,29,19,[ 2 11],30,-1,106,-1,87
1,<environment.Job instance at 0x7f647a996d20>,31,23,[14  3],32,-1,117,-1,94
1,<environment.Job instance at 0x7f647a996fa0>,32,26,[8 2],33,-1,120,-1,94
1,<environment.Job instance at 0x7f647a996e10>,33,19,[13  4],34,-1,113,-1,94
1,<environment.Job instance at 0x7f647a996dc0>,34,24,[ 5 11],35,-1,118,-1,94
1,<environment.Job instance at 0x7f647a996910>,36,20,[12  2],37,-1,119,-1,99
1,<environment.Job instance at 0x7f647a3ebe60>,38,28,[14  4],39,-1,143,-1,115
1,<environment.Job instance at 0x7f647a3ebf00>,39,24,[ 3 13],40,-1,139,-1,115
1,<environment.Job instance at 0x7f647a3eb190>,41,25,[11  5],42,-1,140,-1,115
1,<environment.Job instance at 0x7f647a3eb780>,43,19,[12  3],44,-1,141,-1,122
1,<environment.Job instance at 0x7f647a3eb910>,44,27,[ 1 13],45,-1,149,-1,122
1,<environment.Job instance at 0x7f647a3ebbe0>,45,27,[13  1],46,-1,149,-1,122
1,<environment.Job instance at 0x7f647a3eb370>,46,24,[ 2 14],47,-1,146,-1,122
1,<environment.Job instance at 0x7f647a3eb050>,47,14,[ 5 12],48,-1,136,-1,122
1,<environment.Job instance at 0x7f647a3eb730>,48,19,[13  3],49,-1,141,-1,122
1,<environment.Job instance at 0x7f647a3eb550>,49,21,[ 2 13],50,-1,143,-1,122
1,<environment.Job instance at 0x7f647a3eb0f0>,50,19,[ 2 13],51,-1,141,-1,122
1,<environment.Job instance at 0x7f647a3eb4b0>,51,24,[ 4 12],52,-1,146,-1,122
1,<environment.Job instance at 0x7f647a9741e0>,53,23,[ 4 11],54,-1,157,-1,134
1,<environment.Job instance at 0x7f647a974690>,54,26,[ 3 14],55,-1,160,-1,134
1,<environment.Job instance at 0x7f647a974cd0>,55,21,[ 2 12],56,-1,155,-1,134
1,<environment.Job instance at 0x7f647a974730>,56,20,[12  5],57,-1,154,-1,134
1,<environment.Job instance at 0x7f647a974870>,57,24,[4 6],58,-1,158,-1,134
1,<environment.Job instance at 0x7f647a9747d0>,58,23,[13  5],59,-1,157,-1,134
1,<environment.Job instance at 0x7f647a974500>,59,28,[14  2],60,-1,162,-1,134
1,<environment.Job instance at 0x7f647a9740a0>,60,22,[11  4],61,-1,156,-1,134
1,<environment.Job instance at 0x7f647a974e10>,62,24,[ 4 10],63,-1,163,-1,139
1,<environment.Job instance at 0x7f647a974370>,63,22,[14  1],64,-1,161,-1,139
1,<environment.Job instance at 0x7f647a974410>,64,22,[13  1],65,-1,161,-1,139
1,<environment.Job instance at 0x7f647a974b40>,65,24,[ 5 13],66,-1,163,-1,139
1,<environment.Job instance at 0x7f647a974be0>,66,22,[ 2 12],67,-1,161,-1,139
1,<environment.Job instance at 0x7f647a974050>,67,22,[ 4 14],68,-1,161,-1,139
1,<environment.Job instance at 0x7f647a974910>,68,18,[ 1 12],69,-1,157,-1,139
1,<environment.Job instance at 0x7f647a974910>,2,18,[ 5 14],3,-1,21,-1,3
1,<environment.Job instance at 0x7f64796850a0>,4,27,[13  3],5,-1,32,-1,5
1,<environment.Job instance at 0x7f6479685730>,6,25,[ 5 12],7,-1,32,-1,7
1,<environment.Job instance at 0x7f64796858c0>,7,27,[ 5 14],8,-1,35,-1,8
1,<environment.Job instance at 0x7f6479685370>,5,22,[1 7],6,-1,32,-1,10
1,<environment.Job instance at 0x7f6479685fa0>,10,26,[ 1 12],11,-1,37,-1,11
1,<environment.Job instance at 0x7f6479685f00>,11,28,[ 3 14],12,-1,40,-1,12
1,<environment.Job instance at 0x7f6479685320>,12,26,[13  5],13,-1,39,-1,13
1,<environment.Job instance at 0x7f64796859b0>,13,13,[ 4 11],14,-1,27,-1,14
1,<environment.Job instance at 0x7f6479685640>,14,18,[14  3],15,-1,33,-1,15
1,<environment.Job instance at 0x7f6479685280>,15,28,[14  5],16,-1,44,-1,16
1,<environment.Job instance at 0x7f6479685b90>,16,27,[ 5 11],17,-1,44,-1,17
1,<environment.Job instance at 0x7f6479685460>,17,23,[ 4 12],18,-1,41,-1,18
1,<environment.Job instance at 0x7f6479685410>,18,27,[ 2 12],19,-1,46,-1,19
1,<environment.Job instance at 0x7f64796850f0>,19,26,[ 3 14],20,-1,46,-1,20
1,<environment.Job instance at 0x7f6479685500>,20,28,[ 1 13],21,-1,49,-1,21
1,<environment.Job instance at 0x7f6479685d70>,21,19,[14  3],22,-1,41,-1,22
1,<environment.Job instance at 0x7f6479cf69b0>,22,27,[1 7],23,-1,50,-1,23
1,<environment.Job instance at 0x7f6479cf68c0>,23,24,[ 1 14],24,-1,48,-1,24
1,<environment.Job instance at 0x7f6479cf6640>,25,21,[ 3 13],26,-1,47,-1,26
1,<environment.Job instance at 0x7f6479cf62d0>,26,28,[9 5],27,-1,55,-1,27
1,<environment.Job instance at 0x7f6479cf64b0>,27,20,[13  1],28,-1,48,-1,28
1,<environment.Job instance at 0x7f6479cf63c0>,28,19,[ 2 13],29,-1,48,-1,29
1,<environment.Job instance at 0x7f6479cf66e0>,29,28,[11  3],30,-1,58,-1,30
1,<environment.Job instance at 0x7f6479cf60f0>,30,23,[11  2],31,-1,54,-1,31
1,<environment.Job instance at 0x7f6479cf6c30>,31,22,[12  2],32,-1,54,-1,32
1,<environment.Job instance at 0x7f6479cf6cd0>,32,24,[ 5 12],33,-1,57,-1,33
1,<environment.Job instance at 0x7f6479cf6280>,33,28,[ 5 10],34,-1,62,-1,34
1,<environment.Job instance at 0x7f6479cf6f50>,34,21,[ 4 13],35,-1,56,-1,35
1,<environment.Job instance at 0x7f6479cf6eb0>,36,28,[ 4 14],37,-1,65,-1,37
1,<environment.Job instance at 0x7f6479cf6690>,37,21,[5 9],38,-1,59,-1,38
1,<environment.Job instance at 0x7f6479cf6b90>,38,20,[11  1],39,-1,59,-1,39
1,<environment.Job instance at 0x7f6479cf6f00>,39,27,[14  2],40,-1,67,-1,40
1,<environment.Job instance at 0x7f6479cf6d70>,40,28,[12  4],41,-1,69,-1,41
1,<environment.Job instance at 0x7f6479eb26e0>,41,13,[ 4 14],42,-1,55,-1,42
1,<environment.Job instance at 0x7f6479eb2b40>,42,16,[ 5 13],43,-1,59,-1,43
1,<environment.Job instance at 0x7f6479eb23c0>,43,24,[14  4],44,-1,68,-1,44
1,<environment.Job instance at 0x7f6479eb2190>,44,25,[ 4 13],45,-1,70,-1,45
1,<environment.Job instance at 0x7f6479eb2370>,45,20,[13  1],46,-1,66,-1,46
1,<environment.Job instance at 0x7f6479eb2cd0>,46,27,[10  4],47,-1,74,-1,47
1,<environment.Job instance at 0x7f6479eb2d70>,49,24,[ 4 10],50,-1,74,-1,50
1,<environment.Job instance at 0x7f6479eb2fa0>,50,26,[ 4 13],51,-1,77,-1,51
1,<environment.Job instance at 0x7f6479eb22d0>,51,25,[12  3],52,-1,77,-1,52
1,<environment.Job instance at 0x7f6479eb24b0>,52,23,[7 4],53,-1,76,-1,53
1,<environment.Job instance at 0x7f6479eb28c0>,53,23,[ 5 13],54,-1,77,-1,54
1,<environment.Job instance at 0x7f6479eb2d20>,54,12,[12  2],55,-1,67,-1,55
1,<environment.Job instance at 0x7f6479eb2050>,55,16,[11  5],56,-1,72,-1,56
1,<environment.Job instance at 0x7f6479eb2410>,56,19,[ 3 12],57,-1,76,-1,57
1,<environment.Job instance at 0x7f6479eb25f0>,57,20,[ 3 12],58,-1,78,-1,58
1,<environment.Job instance at 0x7f6479eb2b90>,58,25,[11  1],59,-1,84,-1,59
1,<environment.Job instance at 0x7f6479eb2af0>,59,26,[ 3 14],60,-1,86,-1,60
1,<environment.Job instance at 0x7f6479eb29b0>,60,26,[14  1],61,-1,87,-1,61
1,<environment.Job instance at 0x7f6479eb2c80>,61,19,[14  5],62,-1,81,-1,62
1,<environment.Job instance at 0x7f6479470190>,62,26,[5 9],63,-1,89,-1,63
1,<environment.Job instance at 0x7f6479470f00>,63,20,[ 4 12],64,-1,84,-1,64
1,<environment.Job instance at 0x7f64794706e0>,64,26,[ 2 12],65,-1,91,-1,65
1,<environment.Job instance at 0x7f6479470f50>,65,14,[ 3 14],66,-1,80,-1,66
1,<environment.Job instance at 0x7f6479470730>,66,22,[11  2],67,-1,89,-1,67
1,<environment.Job instance at 0x7f6479470050>,67,28,[6 5],68,-1,96,-1,68
1,<environment.Job instance at 0x7f6479470910>,68,16,[14  5],69,-1,85,-1,69
1,<environment.Job instance at 0x7f6479470320>,69,24,[14  1],70,-1,94,-1,70
1,<environment.Job instance at 0x7f64794707d0>,70,23,[ 5 12],71,-1,94,-1,71
1,<environment.Job instance at 0x7f6479470be0>,72,27,[11  1],73,-1,100,-1,73
1,<environment.Job instance at 0x7f64794705a0>,73,24,[ 5 14],74,-1,98,-1,74
1,<environment.Job instance at 0x7f6479470b40>,76,23,[13  4],77,-1,100,-1,77
1,<environment.Job instance at 0x7f64794709b0>,77,14,[11  2],78,-1,92,-1,78
1,<environment.Job instance at 0x7f6479470460>,78,23,[ 5 12],79,-1,102,-1,79
1,<environment.Job instance at 0x7f64794704b0>,79,27,[13  3],80,-1,107,-1,80
1,<environment.Job instance at 0x7f64794700a0>,80,25,[5 4],81,-1,106,-1,81
1,<environment.Job instance at 0x7f6479470960>,82,24,[ 4 13],83,-1,107,-1,83
1,<environment.Job instance at 0x7f6479821be0>,85,16,[ 1 13],86,-1,110,-1,94
1,<environment.Job instance at 0x7f64798214b0>,86,27,[13  5],87,-1,121,-1,94
1,<environment.Job instance at 0x7f6479821c30>,87,26,[1 8],88,-1,120,-1,94
1,<environment.Job instance at 0x7f6479821370>,88,24,[5 3],89,-1,118,-1,94
1,<environment.Job instance at 0x7f6479821730>,89,20,[13  3],90,-1,114,-1,94
1,<environment.Job instance at 0x7f6479821fa0>,90,13,[11  1],91,-1,107,-1,94
1,<environment.Job instance at 0x7f6479821d20>,91,23,[12  2],92,-1,117,-1,94
1,<environment.Job instance at 0x7f64798212d0>,92,27,[12  1],93,-1,121,-1,94
1,<environment.Job instance at 0x7f6479821b90>,93,27,[ 3 13],94,-1,121,-1,94
1,<environment.Job instance at 0x7f64798211e0>,94,21,[12  1],95,-1,116,-1,95
1,<environment.Job instance at 0x7f6479821320>,95,26,[14  3],96,-1,122,-1,96
1,<environment.Job instance at 0x7f6479821410>,96,18,[12  4],97,-1,115,-1,97
1,<environment.Job instance at 0x7f6479821b40>,97,25,[14  3],98,-1,123,-1,98
1,<environment.Job instance at 0x7f64798219b0>,98,27,[8 1],99,-1,126,-1,99
1,<environment.Job instance at 0x7f6479812be0>,99,27,[13  5],100,-1,127,-1,100
1,<environment.Job instance at 0x7f6479812320>,100,20,[ 3 12],101,-1,121,-1,101
1,<environment.Job instance at 0x7f6479812960>,101,28,[ 1 14],102,-1,130,-1,102
1,<environment.Job instance at 0x7f6479812e60>,102,23,[13  1],103,-1,126,-1,103
1,<environment.Job instance at 0x7f64798127d0>,103,21,[ 2 10],104,-1,127,-1,106
1,<environment.Job instance at 0x7f6479821050>,104,20,[ 5 14],105,-1,126,-1,106
1,<environment.Job instance at 0x7f64798124b0>,105,17,[ 4 12],106,-1,123,-1,106
1,<environment.Job instance at 0x7f6479812eb0>,106,27,[13  3],107,-1,134,-1,107
1,<environment.Job instance at 0x7f6479812fa0>,107,28,[ 5 12],108,-1,136,-1,108
1,<environment.Job instance at 0x7f64798123c0>,109,23,[ 4 12],110,-1,133,-1,110
1,<environment.Job instance at 0x7f6479812af0>,110,20,[ 1 12],111,-1,131,-1,111
1,<environment.Job instance at 0x7f6479812280>,111,26,[ 4 11],112,-1,138,-1,112
1,<environment.Job instance at 0x7f6479812b90>,112,24,[12  3],113,-1,137,-1,113
1,<environment.Job instance at 0x7f6479812a50>,113,27,[11  2],114,-1,141,-1,114
1,<environment.Job instance at 0x7f6479812d70>,114,17,[13  5],115,-1,132,-1,115
1,<environment.Job instance at 0x7f64798120f0>,116,26,[5 8],117,-1,143,-1,117
1,<environment.Job instance at 0x7f64798e70f0>,117,27,[ 5 11],118,-1,145,-1,118
1,<environment.Job instance at 0x7f64798e7050>,118,27,[ 4 12],119,-1,146,-1,119
1,<environment.Job instance at 0x7f64798e7dc0>,119,27,[9 3],120,-1,147,-1,120
1,<environment.Job instance at 0x7f64798e75f0>,120,19,[ 1 11],121,-1,140,-1,121
1,<environment.Job instance at 0x7f64798e7af0>,121,26,[11  3],122,-1,148,-1,122
1,<environment.Job instance at 0x7f64798e7c30>,122,27,[12  1],123,-1,150,-1,123
1,<environment.Job instance at 0x7f64798e7410>,123,19,[14  2],124,-1,143,-1,124
1,<environment.Job instance at 0x7f64798e7280>,124,13,[11  3],125,-1,138,-1,125
1,<environment.Job instance at 0x7f64798e7820>,125,20,[14  5],126,-1,146,-1,126
1,<environment.Job instance at 0x7f64798e7a00>,126,24,[ 1 13],127,-1,151,-1,127
1,<environment.Job instance at 0x7f64798e7780>,127,20,[12  2],128,-1,148,-1,128
1,<environment.Job instance at 0x7f64798e72d0>,128,26,[12  5],129,-1,155,-1,129
1,<environment.Job instance at 0x7f64798e7690>,129,27,[ 5 13],130,-1,157,-1,130
1,<environment.Job instance at 0x7f64798e7500>,130,28,[13  2],131,-1,159,-1,131
1,<environment.Job instance at 0x7f64798e7cd0>,131,14,[ 2 13],132,-1,146,-1,132
1,<environment.Job instance at 0x7f64798e7b40>,132,28,[ 5 14],133,-1,161,-1,133
1,<environment.Job instance at 0x7f64798e78c0>,133,22,[14  3],134,-1,156,-1,134
1,<environment.Job instance at 0x7f64798e74b0>,134,13,[ 2 14],135,-1,148,-1,135
1,<environment.Job instance at 0x7f64798e7eb0>,135,24,[ 3 14],136,-1,160,-1,136
1,<environment.Job instance at 0x7f64798e7370>,136,20,[13  3],137,-1,157,-1,137
1,<environment.Job instance at 0x7f64798e7aa0>,137,21,[13  3],138,-1,159,-1,138
1,<environment.Job instance at 0x7f64798e76e0>,138,28,[ 2 14],139,-1,167,-1,139
1,<environment.Job instance at 0x7f6479fd7870>,4,23,[13  2],5,-1,28,-1,5
1,<environment.Job instance at 0x7f6479fd73c0>,5,24,[11  1],6,-1,30,-1,6
1,<environment.Job instance at 0x7f6479fd7050>,6,14,[ 3 13],7,-1,21,-1,7
1,<environment.Job instance at 0x7f6479fd70a0>,7,22,[ 3 11],8,-1,30,-1,8
1,<environment.Job instance at 0x7f6479fd76e0>,9,28,[14  1],10,-1,38,-1,10
1,<environment.Job instance at 0x7f6479fd7b90>,11,27,[ 1 12],12,-1,39,-1,12
1,<environment.Job instance at 0x7f6479fd7f00>,12,23,[ 5 11],13,-1,36,-1,13
1,<environment.Job instance at 0x7f6479fd74b0>,13,16,[12  1],14,-1,30,-1,14
1,<environment.Job instance at 0x7f6479fd7af0>,14,26,[14  2],15,-1,41,-1,15
1,<environment.Job instance at 0x7f6479fd7cd0>,15,14,[13  2],16,-1,30,-1,16
1,<environment.Job instance at 0x7f6479fd7190>,16,22,[7 2],17,-1,41,-1,19
1,<environment.Job instance at 0x7f6479fd7230>,19,23,[ 5 12],20,-1,43,-1,20
1,<environment.Job instance at 0x7f647a50a730>,21,22,[14  4],22,-1,44,-1,22
1,<environment.Job instance at 0x7f6479fd7be0>,23,19,[14  2],24,-1,48,-1,29
1,<environment.Job instance at 0x7f647a50a820>,24,26,[ 3 10],25,-1,55,-1,29
1,<environment.Job instance at 0x7f647a50a190>,25,28,[12  3],26,-1,57,-1,29
1,<environment.Job instance at 0x7f647a50a960>,26,19,[ 2 11],27,-1,48,-1,29
1,<environment.Job instance at 0x7f647a50a1e0>,27,26,[14  5],28,-1,55,-1,29
1,<environment.Job instance at 0x7f647a50a5a0>,28,23,[10  4],29,-1,52,-1,29
1,<environment.Job instance at 0x7f647a50a550>,29,24,[7 5],30,-1,54,-1,30
1,<environment.Job instance at 0x7f647a50aaa0>,30,18,[1 8],31,-1,49,-1,31
1,<environment.Job instance at 0x7f647a50a780>,31,26,[13  5],32,-1,58,-1,32
1,<environment.Job instance at 0x7f647a50a140>,32,28,[ 1 11],33,-1,61,-1,33
1,<environment.Job instance at 0x7f647a50af50>,33,24,[ 3 13],34,-1,58,-1,34
1,<environment.Job instance at 0x7f647a50aeb0>,34,15,[13  3],35,-1,50,-1,35
1,<environment.Job instance at 0x7f647a50ae60>,35,24,[14  5],36,-1,60,-1,36
1,<environment.Job instance at 0x7f647a50ad70>,37,15,[ 5 13],38,-1,53,-1,38
1,<environment.Job instance at 0x7f647a50a7d0>,38,27,[5 5],39,-1,66,-1,39
1,<environment.Job instance at 0x7f647a50a500>,39,20,[ 5 13],40,-1,60,-1,40
1,<environment.Job instance at 0x7f647a50a640>,40,23,[14  5],41,-1,64,-1,41
1,<environment.Job instance at 0x7f647a50a0f0>,41,25,[12  3],42,-1,67,-1,42
1,<environment.Job instance at 0x7f6479e5dcd0>,42,28,[11  2],43,-1,71,-1,43
1,<environment.Job instance at 0x7f6479e5d550>,43,23,[12  3],44,-1,67,-1,44
1,<environment.Job instance at 0x7f6479e5d0a0>,44,25,[ 3 13],45,-1,70,-1,45
1,<environment.Job instance at 0x7f6479e5d050>,45,24,[ 3 14],46,-1,70,-1,46
1,<environment.Job instance at 0x7f6479e5d320>,46,20,[11  4],47,-1,67,-1,47
1,<environment.Job instance at 0x7f6479e5d500>,47,20,[11  2],48,-1,68,-1,48
1,<environment.Job instance at 0x7f6479e5d960>,48,20,[ 1 13],49,-1,69,-1,49
1,<environment.Job instance at 0x7f6479e5db90>,49,25,[10  3],50,-1,75,-1,50
1,<environment.Job instance at 0x7f6479e5db40>,53,26,[ 5 10],54,-1,112,-1,86
1,<environment.Job instance at 0x7f6479e5d190>,54,27,[ 2 13],55,-1,113,-1,86
1,<environment.Job instance at 0x7f6479e5dfa0>,55,20,[ 2 14],56,-1,106,-1,86
1,<environment.Job instance at 0x7f6479e5da50>,56,20,[ 3 11],57,-1,106,-1,86
1,<environment.Job instance at 0x7f6479e5d640>,57,20,[ 4 11],58,-1,106,-1,86
1,<environment.Job instance at 0x7f6479e5ddc0>,58,26,[ 2 11],59,-1,112,-1,86
1,<environment.Job instance at 0x7f6479e5d410>,59,20,[14  4],60,-1,106,-1,86
1,<environment.Job instance at 0x7f647a881e60>,60,16,[ 4 12],61,-1,102,-1,86
1,<environment.Job instance at 0x7f647a881140>,62,26,[ 1 12],63,-1,124,-1,98
1,<environment.Job instance at 0x7f647a881a50>,63,24,[13  3],64,-1,122,-1,98
1,<environment.Job instance at 0x7f647a8812d0>,64,12,[12  2],65,-1,110,-1,98
1,<environment.Job instance at 0x7f647a881e10>,65,28,[ 5 11],66,-1,126,-1,98
1,<environment.Job instance at 0x7f647a8817d0>,66,16,[14  4],67,-1,114,-1,98
1,<environment.Job instance at 0x7f647a881b90>,67,21,[11  5],68,-1,119,-1,98
1,<environment.Job instance at 0x7f647a881320>,68,20,[ 2 14],69,-1,118,-1,98
1,<environment.Job instance at 0x7f647a881050>,69,22,[13  5],70,-1,120,-1,98
1,<environment.Job instance at 0x7f647a8818c0>,70,22,[ 2 12],71,-1,120,-1,98
1,<environment.Job instance at 0x7f647a8813c0>,71,20,[10  1],72,-1,118,-1,98
1,<environment.Job instance at 0x7f647a881960>,72,27,[ 4 14],73,-1,125,-1,98
1,<environment.Job instance at 0x7f647a8816e0>,73,22,[ 2 14],74,-1,120,-1,98
1,<environment.Job instance at 0x7f647a881eb0>,76,27,[14  2],77,-1,159,-1,132
1,<environment.Job instance at 0x7f647a8815f0>,77,28,[14  4],78,-1,160,-1,132
1,<environment.Job instance at 0x7f647a881640>,78,23,[11  4],79,-1,155,-1,132
1,<environment.Job instance at 0x7f647a881af0>,80,20,[ 3 14],81,-1,152,-1,132
1,<environment.Job instance at 0x7f647a881af0>,2,25,[ 4 11],3,-1,28,-1,3
1,<environment.Job instance at 0x7f647a4d1c30>,7,13,[ 1 14],8,-1,30,-1,17
1,<environment.Job instance at 0x7f647a4d1280>,8,25,[1 8],9,-1,42,-1,17
1,<environment.Job instance at 0x7f647a4d1fa0>,9,17,[ 3 13],10,-1,34,-1,17
1,<environment.Job instance at 0x7f647a4d1a00>,11,20,[ 4 11],12,-1,37,-1,17
1,<environment.Job instance at 0x7f647a4d1870>,12,19,[ 1 13],13,-1,36,-1,17
1,<environment.Job instance at 0x7f647a4d1370>,13,27,[4 8],14,-1,44,-1,17
1,<environment.Job instance at 0x7f647a4d1e60>,14,19,[ 3 11],15,-1,36,-1,17
1,<environment.Job instance at 0x7f647a4d1820>,15,27,[14  3],16,-1,44,-1,17
1,<environment.Job instance at 0x7f647a4d1960>,16,24,[11  3],17,-1,41,-1,17
1,<environment.Job instance at 0x7f647a4d1640>,18,26,[ 3 11],19,-1,48,-1,22
1,<environment.Job instance at 0x7f647a4d12d0>,19,19,[13  1],20,-1,41,-1,22
1,<environment.Job instance at 0x7f647a4d1b90>,20,27,[12  4],21,-1,49,-1,22
1,<environment.Job instance at 0x7f6479f7f500>,22,24,[14  2],23,-1,56,-1,32
1,<environment.Job instance at 0x7f6479f7f140>,23,22,[ 2 14],24,-1,54,-1,32
1,<environment.Job instance at 0x7f6479f7f640>,24,14,[ 4 12],25,-1,46,-1,32
1,<environment.Job instance at 0x7f6479f7f1e0>,25,26,[1 6],26,-1,58,-1,32
1,<environment.Job instance at 0x7f6479f7fe60>,27,22,[ 3 14],28,-1,59,-1,37
1,<environment.Job instance at 0x7f6479f7f690>,28,26,[ 5 11],29,-1,63,-1,37
1,<environment.Job instance at 0x7f6479f7ff50>,29,26,[ 4 13],30,-1,63,-1,37
1,<environment.Job instance at 0x7f6479f7f0f0>,30,20,[ 3 10],31,-1,57,-1,37
1,<environment.Job instance at 0x7f6479f7f9b0>,31,24,[11  4],32,-1,61,-1,37
1,<environment.Job instance at 0x7f6479f7f5f0>,32,21,[13  3],33,-1,58,-1,37
1,<environment.Job instance at 0x7f6479f7f910>,33,19,[ 3 11],34,-1,56,-1,37
1,<environment.Job instance at 0x7f6479f7f2d0>,34,14,[ 2 12],35,-1,51,-1,37
1,<environment.Job instance at 0x7f6479f7fa00>,35,26,[ 3 10],36,-1,63,-1,37
1,<environment.Job instance at 0x7f6479736d70>,36,27,[ 5 12],37,-1,64,-1,37
1,<environment.Job instance at 0x7f6479736cd0>,37,14,[11  5],38,-1,52,-1,38
1,<environment.Job instance at 0x7f6479736500>,38,20,[13  3],39,-1,59,-1,39
1,<environment.Job instance at 0x7f6479736dc0>,39,26,[13  4],40,-1,66,-1,40
1,<environment.Job instance at 0x7f64797368c0>,40,25,[ 3 10],41,-1,66,-1,41
1,<environment.Job instance at 0x7f6479736eb0>,41,27,[ 4 11],42,-1,69,-1,42
1,<environment.Job instance at 0x7f6479736af0>,42,14,[ 2 11],43,-1,57,-1,43
1,<environment.Job instance at 0x7f64797364b0>,44,21,[10  2],45,-1,77,-1,56
1,<environment.Job instance at 0x7f64797365a0>,45,27,[ 3 12],46,-1,83,-1,56
1,<environment.Job instance at 0x7f64797360f0>,46,23,[14  3],47,-1,79,-1,56
1,<environment.Job instance at 0x7f6479736c80>,47,22,[3 7],48,-1,80,-1,58
1,<environment.Job instance at 0x7f64797367d0>,48,13,[7 1],49,-1,71,-1,58
1,<environment.Job instance at 0x7f6479736460>,49,19,[ 5 11],50,-1,77,-1,58
1,<environment.Job instance at 0x7f6479736190>,50,19,[ 4 14],51,-1,77,-1,58
1,<environment.Job instance at 0x7f6479736f50>,51,27,[13  3],52,-1,85,-1,58
1,<environment.Job instance at 0x7f6479736960>,52,19,[12  3],53,-1,77,-1,58
1,<environment.Job instance at 0x7f6479736280>,53,16,[11  1],54,-1,74,-1,58
1,<environment.Job instance at 0x7f6479736a00>,54,26,[12  2],55,-1,84,-1,58
1,<environment.Job instance at 0x7f6479736b40>,55,20,[ 3 14],56,-1,78,-1,58
1,<environment.Job instance at 0x7f64797363c0>,56,13,[12  4],57,-1,71,-1,58
1,<environment.Job instance at 0x7f64798440a0>,57,28,[12  3],58,-1,86,-1,58
1,<environment.Job instance at 0x7f6479844cd0>,58,24,[ 1 14],59,-1,83,-1,59
1,<environment.Job instance at 0x7f6479844780>,59,23,[13  1],60,-1,83,-1,60
1,<environment.Job instance at 0x7f6479844050>,60,22,[ 3 13],61,-1,83,-1,61
1,<environment.Job instance at 0x7f6479844b90>,61,20,[ 3 13],62,-1,82,-1,62
1,<environment.Job instance at 0x7f64798442d0>,62,19,[11  4],63,-1,83,-1,64
1,<environment.Job instance at 0x7f64798448c0>,63,20,[13  3],64,-1,84,-1,64
1,<environment.Job instance at 0x7f6479844410>,65,20,[14  3],66,-1,87,-1,67
1,<environment.Job instance at 0x7f6479844820>,66,19,[14  4],67,-1,86,-1,67
1,<environment.Job instance at 0x7f64798443c0>,67,16,[14  4],68,-1,84,-1,68
1,<environment.Job instance at 0x7f6479844640>,68,26,[ 2 12],69,-1,95,-1,69
1,<environment.Job instance at 0x7f6479844910>,69,19,[12  2],70,-1,89,-1,70
1,<environment.Job instance at 0x7f6479246410>,70,25,[ 5 12],71,-1,96,-1,71
1,<environment.Job instance at 0x7f6479246b40>,71,25,[14  5],72,-1,97,-1,72
1,<environment.Job instance at 0x7f6479246910>,72,24,[14  2],73,-1,97,-1,73
1,<environment.Job instance at 0x7f64798440f0>,74,14,[12  5],75,-1,89,-1,75
1,<environment.Job instance at 0x7f6479246cd0>,75,26,[2 7],76,-1,102,-1,76
1,<environment.Job instance at 0x7f6479246c30>,78,28,[ 2 11],79,-1,114,-1,86
1,<environment.Job instance at 0x7f6479246dc0>,79,22,[14  4],80,-1,108,-1,86
1,<environment.Job instance at 0x7f64792468c0>,80,16,[14  2],81,-1,102,-1,86
1,<environment.Job instance at 0x7f6479246730>,81,15,[11  1],82,-1,101,-1,86
1,<environment.Job instance at 0x7f6479246b90>,82,19,[ 1 14],83,-1,105,-1,86
1,<environment.Job instance at 0x7f6479246f50>,83,20,[2 5],84,-1,107,-1,87
1,<environment.Job instance at 0x7f6479246eb0>,84,13,[ 1 14],85,-1,100,-1,87
1,<environment.Job instance at 0x7f64792460a0>,85,21,[14  3],86,-1,108,-1,87
1,<environment.Job instance at 0x7f647a37ce60>,86,21,[ 3 13],87,-1,108,-1,87
1,<environment.Job instance at 0x7f647a4c7d20>,87,23,[14  5],88,-1,111,-1,88
1,<environment.Job instance at 0x7f647a4efb40>,89,12,[12  4],90,-1,102,-1,90
1,<environment.Job instance at 0x7f6479642410>,90,28,[10  5],91,-1,119,-1,91
1,<environment.Job instance at 0x7f64792a2410>,91,14,[13  4],92,-1,106,-1,92
1,<environment.Job instance at 0x7f64792a2190>,92,14,[12  4],93,-1,107,-1,93
1,<environment.Job instance at 0x7f64792a2140>,93,25,[ 1 14],94,-1,119,-1,94
1,<environment.Job instance at 0x7f64792a2550>,94,22,[ 4 11],95,-1,117,-1,95
1,<environment.Job instance at 0x7f647a902a50>,95,19,[ 4 11],96,-1,115,-1,96
1,<environment.Job instance at 0x7f647a902500>,96,25,[14  2],97,-1,122,-1,97
1,<environment.Job instance at 0x7f647a902f00>,97,18,[ 5 13],98,-1,116,-1,98
1,<environment.Job instance at 0x7f647a902370>,98,23,[ 5 13],99,-1,122,-1,99
1,<environment.Job instance at 0x7f647a84d0a0>,99,28,[ 1 11],100,-1,128,-1,100
1,<environment.Job instance at 0x7f647a237870>,100,28,[ 5 11],101,-1,129,-1,101
1,<environment.Job instance at 0x7f647939ef00>,101,21,[13  4],102,-1,123,-1,102
1,<environment.Job instance at 0x7f647a4abc30>,102,24,[4 9],103,-1,127,-1,103
1,<environment.Job instance at 0x7f647a4ab2d0>,103,19,[ 3 13],104,-1,123,-1,104
1,<environment.Job instance at 0x7f64794e9500>,105,28,[ 2 13],106,-1,134,-1,106
1,<environment.Job instance at 0x7f647a7eac80>,106,23,[ 2 12],107,-1,130,-1,107
1,<environment.Job instance at 0x7f64798ae410>,107,23,[12  3],108,-1,131,-1,108
1,<environment.Job instance at 0x7f64798aeb40>,108,24,[13  1],109,-1,133,-1,109
1,<environment.Job instance at 0x7f6479672d20>,109,28,[ 2 14],110,-1,138,-1,110
1,<environment.Job instance at 0x7f6479bd6eb0>,110,22,[ 1 13],111,-1,133,-1,111
1,<environment.Job instance at 0x7f6479bb8460>,111,22,[12  5],112,-1,134,-1,112
1,<environment.Job instance at 0x7f64797d5690>,112,19,[ 3 12],113,-1,132,-1,113
1,<environment.Job instance at 0x7f647a5349b0>,113,26,[11  5],114,-1,140,-1,114
1,<environment.Job instance at 0x7f64798b30f0>,114,28,[ 4 12],115,-1,143,-1,115
1,<environment.Job instance at 0x7f647a9a5aa0>,115,24,[12  5],116,-1,140,-1,116
1,<environment.Job instance at 0x7f647a9a59b0>,116,21,[ 5 11],117,-1,138,-1,117
1,<environment.Job instance at 0x7f64797b8eb0>,117,24,[12  2],118,-1,142,-1,118
1,<environment.Job instance at 0x7f6479db0c30>,118,14,[ 2 14],119,-1,133,-1,119
1,<environment.Job instance at 0x7f647a3caaf0>,119,24,[12  5],120,-1,144,-1,120
1,<environment.Job instance at 0x7f6479bc5fa0>,120,27,[ 4 12],121,-1,148,-1,121
1,<environment.Job instance at 0x7f6479bc5aa0>,121,26,[6 5],122,-1,148,-1,122
1,<environment.Job instance at 0x7f6479638320>,122,25,[ 1 13],123,-1,148,-1,123
1,<environment.Job instance at 0x7f6479ca86e0>,123,26,[ 1 12],124,-1,150,-1,124
1,<environment.Job instance at 0x7f6479ca87d0>,124,19,[12  1],125,-1,144,-1,125
1,<environment.Job instance at 0x7f647a0b8d70>,125,22,[ 2 12],126,-1,148,-1,126
1,<environment.Job instance at 0x7f647a0b86e0>,126,15,[12  2],127,-1,142,-1,127
1,<environment.Job instance at 0x7f6479bde0a0>,127,20,[12  3],128,-1,148,-1,128
1,<environment.Job instance at 0x7f6479ed68c0>,128,17,[14  4],129,-1,146,-1,129
1,<environment.Job instance at 0x7f647a909370>,129,26,[ 5 12],130,-1,156,-1,130
1,<environment.Job instance at 0x7f64794e9370>,132,26,[ 3 14],133,-1,159,-1,133
1,<environment.Job instance at 0x7f6479f18a00>,133,24,[ 3 11],134,-1,158,-1,134
1,<environment.Job instance at 0x7f6479f18730>,134,26,[ 1 11],135,-1,161,-1,135
1,<environment.Job instance at 0x7f647a3c2640>,136,19,[12  1],137,-1,156,-1,137
1,<environment.Job instance at 0x7f647a3c2320>,137,21,[ 5 12],138,-1,159,-1,138
1,<environment.Job instance at 0x7f647980f0f0>,1,20,[ 5 14],2,-1,22,-1,2
1,<environment.Job instance at 0x7f647a3c2b40>,2,28,[14  1],3,-1,31,-1,3
1,<environment.Job instance at 0x7f647a2a5b40>,3,28,[ 4 12],4,-1,32,-1,4
1,<environment.Job instance at 0x7f647a2a51e0>,4,18,[12  5],5,-1,23,-1,5
1,<environment.Job instance at 0x7f647a2a5d70>,5,12,[ 1 14],6,-1,18,-1,6
1,<environment.Job instance at 0x7f647a2a56e0>,6,28,[ 2 13],7,-1,35,-1,7
1,<environment.Job instance at 0x7f647a3c2d70>,8,13,[ 3 11],9,-1,22,-1,9
1,<environment.Job instance at 0x7f647a2a5320>,7,21,[14  1],8,-1,30,-1,9
1,<environment.Job instance at 0x7f647a2a5dc0>,9,22,[ 4 13],10,-1,32,-1,10
1,<environment.Job instance at 0x7f647a2a5e10>,10,23,[13  2],11,-1,34,-1,11
1,<environment.Job instance at 0x7f647a2a5230>,14,14,[12  5],15,-1,29,-1,15
1,<environment.Job instance at 0x7f647a2a50f0>,15,24,[1 8],16,-1,41,-1,17
1,<environment.Job instance at 0x7f647a2a5780>,19,12,[ 3 12],20,-1,32,-1,20
1,<environment.Job instance at 0x7f647a2a5410>,20,27,[3 6],21,-1,48,-1,21
1,<environment.Job instance at 0x7f647a2a5f50>,21,19,[14  5],22,-1,41,-1,22
1,<environment.Job instance at 0x7f647a2a5d20>,22,20,[10  2],23,-1,62,-1,42
1,<environment.Job instance at 0x7f647a2a5b90>,25,20,[13  2],26,-1,62,-1,42
1,<environment.Job instance at 0x7f6479d67eb0>,26,16,[ 1 11],27,-1,58,-1,42
1,<environment.Job instance at 0x7f6479d676e0>,27,27,[12  3],28,-1,69,-1,42
1,<environment.Job instance at 0x7f6479d67f50>,28,16,[11  3],29,-1,58,-1,42
1,<environment.Job instance at 0x7f6479d67730>,29,15,[14  5],30,-1,57,-1,42
1,<environment.Job instance at 0x7f6479d67e10>,30,18,[ 2 14],31,-1,60,-1,42
1,<environment.Job instance at 0x7f6479d67960>,31,20,[12  2],32,-1,62,-1,42
1,<environment.Job instance at 0x7f6479d678c0>,32,13,[12  1],33,-1,55,-1,42
1,<environment.Job instance at 0x7f6479d67780>,33,24,[14  2],34,-1,66,-1,42
1,<environment.Job instance at 0x7f6479d67af0>,36,28,[ 2 13],37,-1,109,-1,81
1,<environment.Job instance at 0x7f6479d67050>,37,14,[ 5 13],38,-1,95,-1,81
1,<environment.Job instance at 0x7f6479d67410>,38,13,[ 2 11],39,-1,94,-1,81
1,<environment.Job instance at 0x7f6479d675f0>,39,25,[14  5],40,-1,106,-1,81
1,<environment.Job instance at 0x7f6479d67690>,40,19,[13  3],41,-1,100,-1,81
1,<environment.Job instance at 0x7f6479d670f0>,41,16,[ 1 12],42,-1,97,-1,81
1,<environment.Job instance at 0x7f6479d67aa0>,42,18,[11  1],43,-1,99,-1,81
1,<environment.Job instance at 0x7f6479d67b40>,43,26,[13  1],44,-1,107,-1,81
1,<environment.Job instance at 0x7f6479d67d70>,44,25,[ 1 11],45,-1,106,-1,81
1,<environment.Job instance at 0x7f6479d67640>,45,27,[11  1],46,-1,108,-1,81
1,<environment.Job instance at 0x7f6479d67b90>,46,26,[4 5],47,-1,107,-1,81
1,<environment.Job instance at 0x7f6479d67320>,47,21,[12  2],48,-1,102,-1,81
1,<environment.Job instance at 0x7f647a923230>,48,27,[ 2 13],49,-1,108,-1,81
1,<environment.Job instance at 0x7f647a923780>,49,20,[ 2 11],50,-1,101,-1,81
1,<environment.Job instance at 0x7f647a9237d0>,50,20,[14  1],51,-1,101,-1,81
1,<environment.Job instance at 0x7f647a9239b0>,51,27,[12  5],52,-1,108,-1,81
1,<environment.Job instance at 0x7f647a923960>,54,18,[11  5],55,-1,128,-1,110
1,<environment.Job instance at 0x7f647a923f00>,56,18,[ 4 13],57,-1,128,-1,110
1,<environment.Job instance at 0x7f647a9232d0>,57,20,[ 2 11],58,-1,130,-1,110
1,<environment.Job instance at 0x7f647a923eb0>,58,16,[12  1],59,-1,126,-1,110
1,<environment.Job instance at 0x7f647a923af0>,59,23,[ 1 13],60,-1,133,-1,110
1,<environment.Job instance at 0x7f647a9238c0>,60,19,[12  4],61,-1,129,-1,110
1,<environment.Job instance at 0x7f647a923e10>,61,19,[ 3 11],62,-1,129,-1,110
1,<environment.Job instance at 0x7f647a923280>,62,26,[ 2 14],63,-1,136,-1,110
1,<environment.Job instance at 0x7f6479828960>,63,14,[10  5],64,-1,124,-1,110
1,<environment.Job instance at 0x7f6479828870>,64,19,[12  1],65,-1,129,-1,110
1,<environment.Job instance at 0x7f6479828140>,65,21,[11  3],66,-1,131,-1,110
1,<environment.Job instance at 0x7f6479828e10>,66,26,[ 1 13],67,-1,136,-1,110
1,<environment.Job instance at 0x7f6479828d70>,67,28,[14  1],68,-1,138,-1,110
1,<environment.Job instance at 0x7f6479828050>,68,25,[ 2 14],69,-1,135,-1,110
1,<environment.Job instance at 0x7f6479828370>,70,28,[ 4 12],71,-1,151,-1,123
1,<environment.Job instance at 0x7f6479828c80>,71,18,[ 4 13],72,-1,141,-1,123
1,<environment.Job instance at 0x7f64798287d0>,72,23,[14  5],73,-1,146,-1,123
1,<environment.Job instance at 0x7f6479828780>,73,22,[13  3],74,-1,145,-1,123
1,<environment.Job instance at 0x7f64798280a0>,74,13,[ 4 14],75,-1,136,-1,123
1,<environment.Job instance at 0x7f6479828be0>,75,14,[ 1 12],76,-1,137,-1,123
1,<environment.Job instance at 0x7f6479828b90>,76,13,[ 5 12],77,-1,136,-1,123
1,<environment.Job instance at 0x7f6479828dc0>,78,26,[ 4 12],79,-1,165,-1,139
1,<environment.Job instance at 0x7f6479828a00>,79,26,[ 2 14],80,-1,165,-1,139
1,<environment.Job instance at 0x7f6479828410>,80,22,[ 4 11],81,-1,161,-1,139
1,<environment.Job instance at 0x7f64798281e0>,81,25,[12  2],82,-1,164,-1,139
1,<environment.Job instance at 0x7f6479828f00>,82,13,[12  1],83,-1,152,-1,139
1,<environment.Job instance at 0x7f64798283c0>,83,15,[14  4],84,-1,154,-1,139
1,<environment.Job instance at 0x7f647a94dbe0>,84,22,[14  4],85,-1,161,-1,139
1,<environment.Job instance at 0x7f647a94deb0>,85,24,[13  4],86,-1,163,-1,139
1,<environment.Job instance at 0x7f647a94d0f0>,86,19,[13  4],87,-1,158,-1,139
1,<environment.Job instance at 0x7f647a94d8c0>,88,25,[14  1],89,-1,164,-1,139
1,<environment.Job instance at 0x7f647a94d2d0>,89,28,[11  2],90,-1,167,-1,139
1,<environment.Job instance at 0x7f647a94d960>,90,16,[ 5 12],91,-1,155,-1,139
1,<environment.Job instance at 0x7f647a94d870>,91,19,[14  2],92,-1,158,-1,139
1,<environment.Job instance at 0x7f647a94d730>,92,25,[ 1 14],93,-1,164,-1,139
1,<environment.Job instance at 0x7f647a94d050>,93,22,[12  5],94,-1,161,-1,139
1,<environment.Job instance at 0x7f647a94d140>,94,23,[ 3 12],95,-1,162,-1,139
1,<environment.Job instance at 0x7f647a94ddc0>,95,14,[12  3],96,-1,153,-1,139
1,<environment.Job instance at 0x7f647a94d1e0>,96,28,[ 3 13],97,-1,167,-1,139
1,<environment.Job instance at 0x7f647a94d5f0>,97,19,[14  1],98,-1,158,-1,139
1,<environment.Job instance at 0x7f647a94d690>,98,23,[ 5 14],99,-1,162,-1,139
1,<environment.Job instance at 0x7f647a94d190>,99,19,[14  5],100,-1,158,-1,139
1,<environment.Job instance at 0x7f647a94d370>,100,24,[ 5 12],101,-1,163,-1,139
1,<environment.Job instance at 0x7f647a94dfa0>,101,26,[11  4],102,-1,165,-1,139
1,<environment.Job instance at 0x7f647a94d460>,102,26,[11  3],103,-1,165,-1,139
1,<environment.Job instance at 0x7f647a8ef0f0>,103,27,[12  3],104,-1,166,-1,139
1,<environment.Job instance at 0x7f647a923410>,1,13,[ 4 12],2,-1,15,-1,2
1,<environment.Job instance at 0x7f647a8ef280>,2,22,[12  2],3,-1,25,-1,3
1,<environment.Job instance at 0x7f6479810c80>,3,14,[14  2],4,-1,18,-1,4
1,<environment.Job instance at 0x7f6479810aa0>,4,21,[14  1],5,-1,26,-1,5
1,<environment.Job instance at 0x7f64798100f0>,5,23,[ 2 12],6,-1,29,-1,6
1,<environment.Job instance at 0x7f6479810a50>,6,19,[ 5 14],7,-1,26,-1,7
1,<environment.Job instance at 0x7f6479810690>,7,21,[ 2 12],8,-1,29,-1,8
1,<environment.Job instance at 0x7f6479810550>,8,19,[12  3],9,-1,28,-1,9
1,<environment.Job instance at 0x7f6479810dc0>,9,27,[14  5],10,-1,37,-1,10
1,<environment.Job instance at 0x7f6479810320>,10,23,[ 5 11],11,-1,34,-1,11
1,<environment.Job instance at 0x7f64798109b0>,11,13,[ 3 13],12,-1,25,-1,12
1,<environment.Job instance at 0x7f647a8ef0f0>,14,23,[ 5 10],15,-1,38,-1,15
1,<environment.Job instance at 0x7f647a21cf50>,15,28,[12  3],16,-1,44,-1,16
1,<environment.Job instance at 0x7f647a21cdc0>,16,25,[12  5],17,-1,42,-1,17
1,<environment.Job instance at 0x7f647a00d9b0>,13,19,[13  4],14,-1,36,-1,17
1,<environment.Job instance at 0x7f647a21c050>,17,24,[13  3],18,-1,42,-1,18
1,<environment.Job instance at 0x7f647a21cbe0>,18,23,[ 5 12],19,-1,42,-1,19
1,<environment.Job instance at 0x7f64792964b0>,19,26,[5 9],20,-1,46,-1,20
1,<environment.Job instance at 0x7f6479296c80>,20,22,[ 3 12],21,-1,43,-1,21
1,<environment.Job instance at 0x7f6479296a50>,21,28,[14  4],22,-1,50,-1,22
1,<environment.Job instance at 0x7f6479296b40>,22,24,[ 2 14],23,-1,47,-1,23
1,<environment.Job instance at 0x7f6479296550>,23,12,[12  1],24,-1,36,-1,24
1,<environment.Job instance at 0x7f6479296b90>,24,19,[ 1 14],25,-1,44,-1,25
1,<environment.Job instance at 0x7f6479296640>,26,26,[ 5 12],27,-1,53,-1,27
1,<environment.Job instance at 0x7f6479296cd0>,27,15,[ 5 14],28,-1,43,-1,28
1,<environment.Job instance at 0x7f6479296aa0>,28,25,[ 4 12],29,-1,54,-1,29
1,<environment.Job instance at 0x7f6479296050>,29,25,[ 1 12],30,-1,55,-1,30
1,<environment.Job instance at 0x7f6479296eb0>,30,23,[11  2],31,-1,54,-1,31
1,<environment.Job instance at 0x7f64797f7a00>,31,24,[12  1],32,-1,56,-1,32
1,<environment.Job instance at 0x7f64797f7050>,33,23,[14  2],34,-1,57,-1,34
1,<environment.Job instance at 0x7f64797f7460>,34,21,[ 3 14],35,-1,56,-1,35
1,<environment.Job instance at 0x7f64797f70f0>,35,28,[14  4],36,-1,64,-1,36
1,<environment.Job instance at 0x7f64797f7910>,36,25,[ 2 14],37,-1,62,-1,37
1,<environment.Job instance at 0x7f64797f70a0>,37,25,[9 4],38,-1,63,-1,38
1,<environment.Job instance at 0x7f647a21c2d0>,39,24,[ 4 11],40,-1,64,-1,40
1,<environment.Job instance at 0x7f64797f7f50>,40,14,[ 4 14],41,-1,55,-1,41
1,<environment.Job instance at 0x7f64797f7140>,38,16,[13  4],39,-1,57,-1,41
1,<environment.Job instance at 0x7f64797f7190>,41,23,[6 2],42,-1,65,-1,42
1,<environment.Job instance at 0x7f6479c268c0>,43,23,[ 4 12],44,-1,67,-1,44
1,<environment.Job instance at 0x7f6479c267d0>,44,28,[ 5 13],45,-1,73,-1,45
1,<environment.Job instance at 0x7f6479c26410>,45,22,[13  2],46,-1,68,-1,46
1,<environment.Job instance at 0x7f6479c269b0>,46,27,[12  4],47,-1,74,-1,47
1,<environment.Job instance at 0x7f6479c26b40>,47,28,[ 5 11],48,-1,76,-1,48
1,<environment.Job instance at 0x7f6479c26d70>,49,28,[11  5],50,-1,78,-1,50
1,<environment.Job instance at 0x7f6479c264b0>,48,17,[13  2],49,-1,67,-1,50
1,<environment.Job instance at 0x7f6479c26dc0>,50,18,[ 1 13],51,-1,69,-1,51
1,<environment.Job instance at 0x7f6479c26640>,51,26,[13  3],52,-1,78,-1,52
1,<environment.Job instance at 0x7f6479c262d0>,52,27,[11  2],53,-1,80,-1,53
1,<environment.Job instance at 0x7f64799b8960>,53,25,[12  3],54,-1,79,-1,54
1,<environment.Job instance at 0x7f64799b8f50>,54,25,[12  5],55,-1,80,-1,55
1,<environment.Job instance at 0x7f64799b89b0>,55,26,[13  1],56,-1,82,-1,56
1,<environment.Job instance at 0x7f64799b8cd0>,56,12,[ 3 11],57,-1,69,-1,57
1,<environment.Job instance at 0x7f64799b88c0>,57,27,[ 2 13],58,-1,85,-1,58
1,<environment.Job instance at 0x7f6479c263c0>,59,24,[14  3],60,-1,84,-1,60
1,<environment.Job instance at 0x7f64799b8730>,63,25,[ 3 13],64,-1,89,-1,64
1,<environment.Job instance at 0x7f64799b8d20>,64,13,[ 5 14],65,-1,82,-1,69
1,<environment.Job instance at 0x7f64799b8e60>,66,26,[ 5 11],67,-1,108,-1,82
1,<environment.Job instance at 0x7f64799b8b40>,67,23,[12  3],68,-1,105,-1,82
1,<environment.Job instance at 0x7f64799b8320>,68,13,[14  1],69,-1,95,-1,82
1,<environment.Job instance at 0x7f64799b8be0>,69,13,[11  2],70,-1,95,-1,82
1,<environment.Job instance at 0x7f64799b82d0>,70,25,[13  1],71,-1,107,-1,82
1,<environment.Job instance at 0x7f64799b85a0>,71,19,[ 3 13],72,-1,101,-1,82
1,<environment.Job instance at 0x7f64799b8190>,72,26,[11  1],73,-1,108,-1,82
1,<environment.Job instance at 0x7f64799b8280>,73,26,[13  1],74,-1,108,-1,82
1,<environment.Job instance at 0x7f64799b8050>,74,24,[ 3 10],75,-1,106,-1,82
1,<environment.Job instance at 0x7f64799b8dc0>,75,23,[12  4],76,-1,105,-1,82
1,<environment.Job instance at 0x7f6479fe8550>,76,28,[14  3],77,-1,110,-1,82
1,<environment.Job instance at 0x7f6479fe8af0>,77,27,[ 4 14],78,-1,109,-1,82
1,<environment.Job instance at 0x7f6479fe8820>,79,27,[12  4],80,-1,111,-1,84
1,<environment.Job instance at 0x7f6479fe8780>,81,26,[ 3 13],82,-1,118,-1,92
1,<environment.Job instance at 0x7f6479fe8640>,83,20,[ 2 12],84,-1,151,-1,131
1,<environment.Job instance at 0x7f6479fe8aa0>,85,28,[ 5 12],86,-1,159,-1,131
1,<environment.Job instance at 0x7f6479fe8b90>,87,28,[ 3 11],88,-1,160,-1,132
1,<environment.Job instance at 0x7f647a8ddc30>,1,26,[ 1 14],2,-1,28,-1,2
1,<environment.Job instance at 0x7f6479fe8370>,2,23,[ 5 12],3,-1,26,-1,3
1,<environment.Job instance at 0x7f647a8dde10>,3,24,[ 4 14],4,-1,28,-1,4
1,<environment.Job instance at 0x7f647a8ddbe0>,4,27,[ 4 14],5,-1,32,-1,5
1,<environment.Job instance at 0x7f647a8dd0a0>,5,23,[11  2],6,-1,29,-1,6
1,<environment.Job instance at 0x7f647a8dd3c0>,6,18,[ 3 12],7,-1,25,-1,7
1,<environment.Job instance at 0x7f6479234500>,7,21,[12  1],8,-1,29,-1,8
1,<environment.Job instance at 0x7f6479234e10>,8,27,[ 5 10],9,-1,36,-1,9
1,<environment.Job instance at 0x7f6479234370>,9,28,[13  4],10,-1,38,-1,10
1,<environment.Job instance at 0x7f6479234aa0>,10,24,[11  2],11,-1,35,-1,11
1,<environment.Job instance at 0x7f6479234780>,11,18,[ 4 12],12,-1,30,-1,12
1,<environment.Job instance at 0x7f6479234f00>,12,25,[11  1],13,-1,38,-1,13
1,<environment.Job instance at 0x7f6479234d20>,13,20,[11  4],14,-1,34,-1,14
1,<environment.Job instance at 0x7f6479234690>,14,28,[14  2],15,-1,43,-1,15
1,<environment.Job instance at 0x7f6479234f50>,15,24,[11  4],16,-1,40,-1,16
1,<environment.Job instance at 0x7f647a8b75a0>,16,26,[ 3 12],17,-1,43,-1,17
1,<environment.Job instance at 0x7f647a8b7280>,17,12,[14  1],18,-1,30,-1,18
1,<environment.Job instance at 0x7f647a8b7230>,18,26,[ 3 13],19,-1,45,-1,19
1,<environment.Job instance at 0x7f647a8b72d0>,19,25,[5 8],20,-1,45,-1,20
1,<environment.Job instance at 0x7f647a8b7460>,20,19,[13  4],21,-1,40,-1,21
1,<environment.Job instance at 0x7f647a8b73c0>,21,24,[12  4],22,-1,46,-1,22
1,<environment.Job instance at 0x7f647a8b78c0>,22,28,[ 4 12],23,-1,51,-1,23
1,<environment.Job instance at 0x7f647a8b7870>,23,28,[ 3 14],24,-1,52,-1,24
1,<environment.Job instance at 0x7f647a8b7910>,24,18,[ 3 13],25,-1,43,-1,25
1,<environment.Job instance at 0x7f647a8b7aa0>,25,15,[13  3],26,-1,41,-1,26
1,<environment.Job instance at 0x7f647a8b7a00>,26,24,[ 1 11],27,-1,51,-1,27
1,<environment.Job instance at 0x7f647a8b76e0>,27,23,[ 5 10],28,-1,51,-1,28
1,<environment.Job instance at 0x7f647a8b7140>,28,27,[ 4 13],29,-1,56,-1,29
1,<environment.Job instance at 0x7f647a8c6230>,30,23,[13  4],31,-1,54,-1,31
1,<environment.Job instance at 0x7f647a8c64b0>,31,19,[ 5 12],32,-1,51,-1,32
1,<environment.Job instance at 0x7f647a8c6280>,32,25,[ 4 12],33,-1,58,-1,33
1,<environment.Job instance at 0x7f647a8c6fa0>,34,27,[10  2],35,-1,62,-1,35
1,<environment.Job instance at 0x7f647a8c61e0>,35,26,[ 3 13],36,-1,62,-1,36
1,<environment.Job instance at 0x7f647a8c6640>,36,28,[11  5],37,-1,65,-1,37
1,<environment.Job instance at 0x7f647a8c67d0>,37,24,[14  5],38,-1,62,-1,38
1,<environment.Job instance at 0x7f647a8c6e10>,38,23,[ 5 14],39,-1,62,-1,39
1,<environment.Job instance at 0x7f647a8c6d70>,39,21,[ 1 14],40,-1,61,-1,40
1,<environment.Job instance at 0x7f647a8c6820>,40,21,[12  4],41,-1,62,-1,41
1,<environment.Job instance at 0x7f647a8c6370>,41,25,[14  4],42,-1,67,-1,42
1,<environment.Job instance at 0x7f6479233280>,42,21,[ 4 14],43,-1,64,-1,43
1,<environment.Job instance at 0x7f6479233550>,43,23,[ 5 12],44,-1,67,-1,44
1,<environment.Job instance at 0x7f6479f7c960>,45,21,[ 1 14],46,-1,67,-1,46
1,<environment.Job instance at 0x7f6479233aa0>,46,23,[11  3],47,-1,70,-1,47
1,<environment.Job instance at 0x7f6479fe8b90>,47,21,[13  5],48,-1,69,-1,48
1,<environment.Job instance at 0x7f647a7ffeb0>,48,19,[12  5],49,-1,68,-1,49
1,<environment.Job instance at 0x7f647a46ef00>,49,17,[14  5],50,-1,67,-1,50
1,<environment.Job instance at 0x7f647a46e320>,50,19,[13  4],51,-1,70,-1,51
1,<environment.Job instance at 0x7f647a46ed70>,51,23,[6 5],52,-1,75,-1,52
1,<environment.Job instance at 0x7f6479972370>,52,24,[12  4],53,-1,77,-1,53
1,<environment.Job instance at 0x7f64799724b0>,53,21,[ 3 11],54,-1,75,-1,54
1,<environment.Job instance at 0x7f6479972aa0>,54,20,[13  1],55,-1,75,-1,55
1,<environment.Job instance at 0x7f647994c1e0>,55,18,[ 4 13],56,-1,74,-1,56
1,<environment.Job instance at 0x7f647994cb40>,56,26,[ 3 14],57,-1,83,-1,57
1,<environment.Job instance at 0x7f647994ce60>,57,15,[ 4 12],58,-1,73,-1,58
1,<environment.Job instance at 0x7f647994ccd0>,59,20,[12  2],60,-1,80,-1,60
1,<environment.Job instance at 0x7f647994c910>,60,26,[12  1],61,-1,87,-1,61
1,<environment.Job instance at 0x7f647994ca50>,61,25,[14  4],62,-1,87,-1,62
1,<environment.Job instance at 0x7f647994ce10>,62,24,[13  1],63,-1,87,-1,63
1,<environment.Job instance at 0x7f647994c3c0>,63,23,[11  2],64,-1,87,-1,64
1,<environment.Job instance at 0x7f647994c410>,64,19,[ 3 14],65,-1,84,-1,65
1,<environment.Job instance at 0x7f647994c500>,65,24,[ 1 11],66,-1,90,-1,66
1,<environment.Job instance at 0x7f647994c140>,66,25,[12  4],67,-1,92,-1,67
1,<environment.Job instance at 0x7f647a883820>,67,25,[3 6],68,-1,93,-1,68
1,<environment.Job instance at 0x7f647a883500>,68,22,[12  1],69,-1,91,-1,69
1,<environment.Job instance at 0x7f6483158960>,69,16,[14  2],70,-1,86,-1,70
1,<environment.Job instance at 0x7f647909ae10>,70,22,[14  4],71,-1,93,-1,71
1,<environment.Job instance at 0x7f647909a280>,72,15,[13  2],73,-1,88,-1,73
1,<environment.Job instance at 0x7f647909a500>,73,26,[13  4],74,-1,100,-1,74
1,<environment.Job instance at 0x7f647909abe0>,74,19,[12  5],75,-1,94,-1,75
1,<environment.Job instance at 0x7f647909a960>,75,20,[13  4],76,-1,96,-1,76
1,<environment.Job instance at 0x7f647909ad20>,78,25,[ 4 11],79,-1,104,-1,79
1,<environment.Job instance at 0x7f647a0308c0>,79,24,[13  5],80,-1,104,-1,80
1,<environment.Job instance at 0x7f6479bced20>,80,27,[ 2 14],81,-1,108,-1,81
1,<environment.Job instance at 0x7f6479e9d1e0>,81,26,[ 4 12],82,-1,108,-1,82
1,<environment.Job instance at 0x7f64792a1c80>,82,15,[ 4 14],83,-1,98,-1,83
1,<environment.Job instance at 0x7f647976dcd0>,83,26,[ 1 13],84,-1,110,-1,84
1,<environment.Job instance at 0x7f647a030c30>,85,27,[10  2],86,-1,113,-1,86
1,<environment.Job instance at 0x7f64797506e0>,84,21,[5 7],85,-1,107,-1,86
1,<environment.Job instance at 0x7f6479c2fdc0>,86,24,[14  5],87,-1,111,-1,87
1,<environment.Job instance at 0x7f647952b780>,87,27,[8 1],88,-1,115,-1,88
1,<environment.Job instance at 0x7f64794fd190>,88,27,[7 2],89,-1,116,-1,89
1,<environment.Job instance at 0x7f6479d2db40>,89,22,[12  5],90,-1,112,-1,90
1,<environment.Job instance at 0x7f6479cf4280>,90,23,[13  3],91,-1,114,-1,91
1,<environment.Job instance at 0x7f6479cf4320>,92,24,[3 9],93,-1,118,-1,94
1,<environment.Job instance at 0x7f6479d262d0>,94,20,[14  3],95,-1,115,-1,95
1,<environment.Job instance at 0x7f6479d26be0>,95,23,[ 2 14],96,-1,119,-1,96
1,<environment.Job instance at 0x7f6479d26140>,96,13,[11  2],97,-1,110,-1,97
1,<environment.Job instance at 0x7f6479d26eb0>,97,26,[ 1 12],98,-1,124,-1,98
1,<environment.Job instance at 0x7f6479cfeb40>,98,19,[13  5],99,-1,118,-1,99
1,<environment.Job instance at 0x7f647976b640>,99,25,[ 3 10],100,-1,125,-1,100
1,<environment.Job instance at 0x7f647976b280>,100,28,[ 1 11],101,-1,129,-1,101
1,<environment.Job instance at 0x7f647976bb40>,103,19,[ 1 14],104,-1,123,-1,104
1,<environment.Job instance at 0x7f6479cf3a00>,104,18,[ 4 11],105,-1,123,-1,105
1,<environment.Job instance at 0x7f6479cf3aa0>,105,27,[14  3],106,-1,133,-1,106
1,<environment.Job instance at 0x7f64791c26e0>,106,12,[ 3 13],107,-1,119,-1,107
1,<environment.Job instance at 0x7f64791c2fa0>,107,20,[ 2 12],108,-1,128,-1,108
1,<environment.Job instance at 0x7f64791c2550>,108,20,[12  5],109,-1,129,-1,109
1,<environment.Job instance at 0x7f64791c21e0>,109,20,[ 4 12],110,-1,130,-1,110
1,<environment.Job instance at 0x7f64791c2410>,110,22,[ 3 14],111,-1,133,-1,111
1,<environment.Job instance at 0x7f64791c2640>,111,22,[3 9],112,-1,140,-1,118
1,<environment.Job instance at 0x7f64791c2b90>,113,22,[11  4],114,-1,140,-1,118
1,<environment.Job instance at 0x7f64791c2d20>,117,14,[12  2],118,-1,147,-1,133
1,<environment.Job instance at 0x7f64791c2230>,118,22,[12  5],119,-1,155,-1,133
1,<environment.Job instance at 0x7f64791c6e10>,119,28,[5 3],120,-1,161,-1,133
1,<environment.Job instance at 0x7f64791c6050>,120,23,[14  5],121,-1,156,-1,133
1,<environment.Job instance at 0x7f64791c6780>,121,23,[11  2],122,-1,156,-1,133
1,<environment.Job instance at 0x7f64791c6410>,122,22,[14  4],123,-1,155,-1,133
1,<environment.Job instance at 0x7f64791c6910>,123,15,[ 4 12],124,-1,148,-1,133
1,<environment.Job instance at 0x7f64791c6c30>,124,22,[ 3 14],125,-1,155,-1,133
1,<environment.Job instance at 0x7f64791c6b90>,125,26,[9 1],126,-1,159,-1,133
1,<environment.Job instance at 0x7f64791c6eb0>,126,26,[ 5 14],127,-1,159,-1,133
1,<environment.Job instance at 0x7f64791c6e60>,127,25,[ 1 12],128,-1,158,-1,133
1,<environment.Job instance at 0x7f64791c6c80>,128,24,[13  4],129,-1,157,-1,133
1,<environment.Job instance at 0x7f64791c6cd0>,129,20,[ 2 11],130,-1,153,-1,133
1,<environment.Job instance at 0x7f64791bd5a0>,130,20,[ 3 12],131,-1,153,-1,133
1,<environment.Job instance at 0x7f64791bd460>,131,23,[10  1],132,-1,156,-1,133
1,<environment.Job instance at 0x7f64791bd2d0>,132,20,[14  3],133,-1,153,-1,133
1,<environment.Job instance at 0x7f64791bdf50>,133,14,[14  1],134,-1,148,-1,134
1,<environment.Job instance at 0x7f64791bdc30>,134,25,[ 5 11],135,-1,160,-1,135
1,<environment.Job instance at 0x7f64791bdbe0>,135,24,[13  2],136,-1,160,-1,136
1,<environment.Job instance at 0x7f64791bdcd0>,136,24,[ 1 14],137,-1,161,-1,137
1,<environment.Job instance at 0x7f64791bdb40>,137,25,[ 1 11],138,-1,163,-1,138
1,<environment.Job instance at 0x7f64791bda50>,138,26,[13  1],139,-1,165,-1,139
1,<environment.Job instance at 0x7f64791bd820>,2,24,[12  5],3,-1,27,-1,3
1,<environment.Job instance at 0x7f647a800aa0>,3,22,[12  2],4,-1,26,-1,4
1,<environment.Job instance at 0x7f647a8004b0>,4,28,[ 2 14],5,-1,33,-1,5
1,<environment.Job instance at 0x7f64791bda50>,6,26,[11  4],7,-1,33,-1,7
1,<environment.Job instance at 0x7f647a800be0>,5,19,[14  2],6,-1,26,-1,7
1,<environment.Job instance at 0x7f647a800690>,7,13,[ 1 14],8,-1,21,-1,8
1,<environment.Job instance at 0x7f647a800910>,8,27,[ 5 11],9,-1,36,-1,9
1,<environment.Job instance at 0x7f647a800c80>,9,26,[ 4 12],10,-1,36,-1,10
1,<environment.Job instance at 0x7f647a800410>,10,28,[ 2 13],11,-1,39,-1,11
1,<environment.Job instance at 0x7f647a8007d0>,11,26,[14  4],12,-1,38,-1,12
1,<environment.Job instance at 0x7f6479538dc0>,12,20,[11  5],13,-1,33,-1,13
1,<environment.Job instance at 0x7f6479538640>,14,27,[ 3 13],15,-1,42,-1,15
1,<environment.Job instance at 0x7f64795382d0>,15,22,[ 1 11],16,-1,38,-1,16
1,<environment.Job instance at 0x7f6479538c30>,16,27,[ 2 13],17,-1,44,-1,17
1,<environment.Job instance at 0x7f6479538280>,17,19,[ 5 13],18,-1,37,-1,18
1,<environment.Job instance at 0x7f647a800730>,19,28,[5 9],20,-1,48,-1,20
1,<environment.Job instance at 0x7f6479538230>,20,24,[ 4 13],21,-1,45,-1,21
1,<environment.Job instance at 0x7f6479538b40>,21,25,[11  5],22,-1,47,-1,22
1,<environment.Job instance at 0x7f6479538190>,22,21,[14  2],23,-1,44,-1,23
1,<environment.Job instance at 0x7f6479538730>,23,26,[ 2 12],24,-1,50,-1,24
1,<environment.Job instance at 0x7f64795384b0>,24,19,[12  2],25,-1,44,-1,25
1,<environment.Job instance at 0x7f6479538d20>,25,24,[ 5 11],26,-1,50,-1,26
1,<environment.Job instance at 0x7f6479538b90>,26,26,[ 3 14],27,-1,53,-1,27
1,<environment.Job instance at 0x7f64795380f0>,28,26,[ 3 12],29,-1,55,-1,29
1,<environment.Job instance at 0x7f647a7e0230>,29,24,[11  3],30,-1,54,-1,30
1,<environment.Job instance at 0x7f647a2f3230>,1,21,[ 2 11],2,-1,23,-1,2
1,<environment.Job instance at 0x7f647a7e0e10>,2,24,[11  5],3,-1,27,-1,3
1,<environment.Job instance at 0x7f647a1365f0>,5,15,[ 5 13],6,-1,21,-1,6
1,<environment.Job instance at 0x7f647a1366e0>,6,20,[ 3 11],7,-1,27,-1,7
1,<environment.Job instance at 0x7f647a7e02d0>,8,12,[12  3],9,-1,21,-1,9
1,<environment.Job instance at 0x7f647a136910>,9,19,[13  5],10,-1,29,-1,10
1,<environment.Job instance at 0x7f647a1369b0>,10,26,[11  5],11,-1,37,-1,11
1,<environment.Job instance at 0x7f647a136aa0>,14,26,[ 3 11],15,-1,42,-1,16
1,<environment.Job instance at 0x7f647a136b90>,15,22,[13  5],16,-1,38,-1,16
1,<environment.Job instance at 0x7f647a136cd0>,16,22,[ 4 12],17,-1,39,-1,17
1,<environment.Job instance at 0x7f647a136dc0>,17,14,[ 3 12],18,-1,32,-1,18
1,<environment.Job instance at 0x7f647a136e10>,18,22,[12  1],19,-1,41,-1,19
1,<environment.Job instance at 0x7f647a136eb0>,19,26,[12  1],20,-1,46,-1,20
1,<environment.Job instance at 0x7f647a136f50>,20,14,[ 4 14],21,-1,35,-1,21
1,<environment.Job instance at 0x7f647a141050>,21,25,[13  5],22,-1,47,-1,22
1,<environment.Job instance at 0x7f647a1410f0>,22,23,[ 3 11],23,-1,46,-1,23
1,<environment.Job instance at 0x7f647a141230>,24,20,[ 3 12],25,-1,45,-1,25
1,<environment.Job instance at 0x7f647a141320>,25,13,[11  1],26,-1,39,-1,26
1,<environment.Job instance at 0x7f647a1412d0>,26,22,[ 1 11],27,-1,49,-1,27
1,<environment.Job instance at 0x7f647a141460>,27,21,[11  3],28,-1,49,-1,28
1,<environment.Job instance at 0x7f647a141500>,28,22,[ 2 11],29,-1,51,-1,29
1,<environment.Job instance at 0x7f647a1415a0>,29,19,[14  4],30,-1,49,-1,30
1,<environment.Job instance at 0x7f647a141640>,30,24,[ 2 11],31,-1,55,-1,31
1,<environment.Job instance at 0x7f647a1416e0>,31,20,[ 2 13],32,-1,52,-1,32
1,<environment.Job instance at 0x7f647a141780>,32,17,[ 5 14],33,-1,50,-1,33
1,<environment.Job instance at 0x7f647a141820>,33,24,[12  2],34,-1,58,-1,34
1,<environment.Job instance at 0x7f647a1418c0>,34,21,[ 2 14],35,-1,56,-1,35
1,<environment.Job instance at 0x7f647a136d20>,36,24,[11  5],37,-1,61,-1,37
1,<environment.Job instance at 0x7f647a141b90>,37,22,[ 4 13],38,-1,60,-1,38
1,<environment.Job instance at 0x7f647a141a00>,39,21,[ 2 13],40,-1,61,-1,40
1,<environment.Job instance at 0x7f647a141d20>,40,17,[13  2],41,-1,58,-1,41
1,<environment.Job instance at 0x7f647a141eb0>,41,21,[13  2],42,-1,63,-1,42
1,<environment.Job instance at 0x7f647a141e60>,42,20,[ 2 14],43,-1,63,-1,43
1,<environment.Job instance at 0x7f647a141f00>,43,27,[13  2],44,-1,71,-1,44
1,<environment.Job instance at 0x7f647a141fa0>,44,22,[ 4 10],45,-1,80,-1,58
1,<environment.Job instance at 0x7f647a1142d0>,47,24,[12  4],48,-1,82,-1,58
1,<environment.Job instance at 0x7f647a114370>,48,19,[ 5 14],49,-1,77,-1,58
1,<environment.Job instance at 0x7f647a114410>,49,27,[ 2 11],50,-1,85,-1,58
1,<environment.Job instance at 0x7f647a1144b0>,50,18,[ 3 14],51,-1,76,-1,58
1,<environment.Job instance at 0x7f647a114550>,51,23,[ 3 14],52,-1,81,-1,58
1,<environment.Job instance at 0x7f647a1145f0>,52,19,[13  2],53,-1,77,-1,58
1,<environment.Job instance at 0x7f647a114640>,53,25,[14  3],54,-1,83,-1,58
1,<environment.Job instance at 0x7f647a1146e0>,54,24,[ 1 13],55,-1,82,-1,58
1,<environment.Job instance at 0x7f647a114820>,56,14,[12  2],57,-1,90,-1,76
1,<environment.Job instance at 0x7f647a114910>,57,19,[ 3 11],58,-1,95,-1,76
1,<environment.Job instance at 0x7f647a114aa0>,58,23,[11  1],59,-1,99,-1,76
1,<environment.Job instance at 0x7f647a114960>,59,26,[1 9],60,-1,102,-1,76
1,<environment.Job instance at 0x7f647a114b40>,60,12,[11  2],61,-1,88,-1,76
1,<environment.Job instance at 0x7f647a114be0>,61,19,[ 5 12],62,-1,95,-1,76
1,<environment.Job instance at 0x7f647a114c80>,62,25,[ 1 13],63,-1,101,-1,76
1,<environment.Job instance at 0x7f647a114d20>,63,12,[ 4 14],64,-1,88,-1,76
1,<environment.Job instance at 0x7f647a114e10>,64,16,[14  1],65,-1,92,-1,76
1,<environment.Job instance at 0x7f647a114e60>,65,22,[ 3 13],66,-1,98,-1,76
1,<environment.Job instance at 0x7f647a114f00>,66,28,[ 4 13],67,-1,104,-1,76
1,<environment.Job instance at 0x7f647a114fa0>,67,28,[13  4],68,-1,104,-1,76
1,<environment.Job instance at 0x7f647a114500>,68,28,[ 3 10],69,-1,104,-1,76
1,<environment.Job instance at 0x7f647a114dc0>,69,28,[5 5],70,-1,104,-1,76
1,<environment.Job instance at 0x7f647a1201e0>,70,21,[12  5],71,-1,97,-1,76
1,<environment.Job instance at 0x7f647a120320>,72,25,[14  3],73,-1,104,-1,79
1,<environment.Job instance at 0x7f647a120410>,73,26,[ 5 14],74,-1,105,-1,79
1,<environment.Job instance at 0x7f647a120460>,74,21,[11  1],75,-1,100,-1,79
1,<environment.Job instance at 0x7f647a120550>,75,20,[ 1 13],76,-1,99,-1,79
1,<environment.Job instance at 0x7f647a1206e0>,76,21,[ 5 12],77,-1,100,-1,79
1,<environment.Job instance at 0x7f647a120690>,77,23,[13  4],78,-1,102,-1,79
1,<environment.Job instance at 0x7f647a1205f0>,78,16,[ 5 11],79,-1,95,-1,79
1,<environment.Job instance at 0x7f6482f37be0>,80,21,[11  5],81,-1,117,-1,96
1,<environment.Job instance at 0x7f647a140190>,81,27,[13  2],82,-1,123,-1,96
1,<environment.Job instance at 0x7f647a140690>,83,24,[10  2],84,-1,120,-1,96
1,<environment.Job instance at 0x7f647a140640>,84,23,[ 5 12],85,-1,119,-1,96
1,<environment.Job instance at 0x7f647a1403c0>,85,20,[ 3 11],86,-1,116,-1,96
1,<environment.Job instance at 0x7f647a1401e0>,86,21,[ 1 14],87,-1,117,-1,96
1,<environment.Job instance at 0x7f647a140460>,87,16,[ 2 12],88,-1,112,-1,96
1,<environment.Job instance at 0x7f647a140500>,88,20,[ 3 12],89,-1,116,-1,96
1,<environment.Job instance at 0x7f647969efa0>,89,18,[ 4 11],90,-1,114,-1,96
1,<environment.Job instance at 0x7f647a597b40>,90,21,[ 5 12],91,-1,117,-1,96
1,<environment.Job instance at 0x7f64798d05f0>,91,13,[ 5 11],92,-1,109,-1,96
1,<environment.Job instance at 0x7f6479f38d20>,92,15,[11  2],93,-1,111,-1,96
1,<environment.Job instance at 0x7f64796884b0>,93,25,[11  2],94,-1,121,-1,96
1,<environment.Job instance at 0x7f647967e460>,94,23,[ 2 13],95,-1,119,-1,96
1,<environment.Job instance at 0x7f64791dc9b0>,95,20,[11  4],96,-1,118,-1,98
1,<environment.Job instance at 0x7f64791db190>,96,23,[ 5 14],97,-1,121,-1,98
1,<environment.Job instance at 0x7f64791db280>,97,28,[14  3],98,-1,126,-1,98
1,<environment.Job instance at 0x7f64791dc870>,98,18,[14  3],99,-1,117,-1,99
1,<environment.Job instance at 0x7f6479e6c7d0>,99,22,[13  2],100,-1,122,-1,100
1,<environment.Job instance at 0x7f6479f31690>,100,22,[ 5 10],101,-1,123,-1,101
1,<environment.Job instance at 0x7f6479a6db90>,101,28,[ 3 13],102,-1,130,-1,102
1,<environment.Job instance at 0x7f6479a6d460>,102,26,[13  2],103,-1,129,-1,103
1,<environment.Job instance at 0x7f6479a6d5a0>,103,14,[13  1],104,-1,118,-1,104
1,<environment.Job instance at 0x7f6479a6d780>,104,22,[ 3 12],105,-1,127,-1,105
1,<environment.Job instance at 0x7f647a4ae690>,105,21,[ 4 11],106,-1,127,-1,106
1,<environment.Job instance at 0x7f64796770a0>,106,16,[ 1 12],107,-1,123,-1,107
1,<environment.Job instance at 0x7f64798cb690>,107,17,[ 2 11],108,-1,125,-1,108
1,<environment.Job instance at 0x7f64798cb550>,108,23,[ 4 12],109,-1,132,-1,109
1,<environment.Job instance at 0x7f64798e18c0>,109,20,[ 1 14],110,-1,130,-1,110
1,<environment.Job instance at 0x7f64798e1140>,110,21,[11  2],111,-1,132,-1,111
1,<environment.Job instance at 0x7f64791e5aa0>,111,27,[11  3],112,-1,139,-1,112
1,<environment.Job instance at 0x7f64791e58c0>,112,28,[12  4],113,-1,141,-1,113
1,<environment.Job instance at 0x7f64791e5af0>,113,25,[ 1 11],114,-1,139,-1,114
1,<environment.Job instance at 0x7f64798d2dc0>,114,27,[11  3],115,-1,142,-1,115
1,<environment.Job instance at 0x7f647a148dc0>,116,26,[ 1 12],117,-1,143,-1,117
1,<environment.Job instance at 0x7f647a148410>,117,12,[ 5 14],118,-1,130,-1,118
1,<environment.Job instance at 0x7f647a148190>,118,20,[ 4 13],119,-1,139,-1,119
1,<environment.Job instance at 0x7f64791eb7d0>,119,23,[3 5],120,-1,143,-1,120
1,<environment.Job instance at 0x7f64791eb320>,120,28,[14  5],121,-1,149,-1,121
1,<environment.Job instance at 0x7f64791eb1e0>,121,21,[11  4],122,-1,143,-1,122
1,<environment.Job instance at 0x7f64791eb6e0>,122,28,[12  4],123,-1,151,-1,123
1,<environment.Job instance at 0x7f64791ed0f0>,123,16,[13  5],124,-1,140,-1,124
1,<environment.Job instance at 0x7f64791ed1e0>,124,24,[13  2],125,-1,149,-1,125
1,<environment.Job instance at 0x7f64791ed460>,125,16,[14  5],126,-1,142,-1,126
1,<environment.Job instance at 0x7f64791ed640>,126,23,[ 1 13],127,-1,150,-1,127
1,<environment.Job instance at 0x7f64791ed280>,127,12,[ 1 12],128,-1,140,-1,128
1,<environment.Job instance at 0x7f64791ed050>,128,22,[ 2 14],129,-1,151,-1,129
1,<environment.Job instance at 0x7f64791ed0a0>,129,26,[12  5],130,-1,156,-1,130
1,<environment.Job instance at 0x7f64791ed4b0>,130,13,[14  2],131,-1,144,-1,131
1,<environment.Job instance at 0x7f64791ed190>,132,12,[14  2],133,-1,145,-1,133
1,<environment.Job instance at 0x7f64798c7f50>,133,27,[ 3 12],134,-1,161,-1,134
1,<environment.Job instance at 0x7f64798c7910>,134,20,[12  4],135,-1,155,-1,135
1,<environment.Job instance at 0x7f64798c7dc0>,135,21,[12  2],136,-1,157,-1,136
1,<environment.Job instance at 0x7f64798c7be0>,136,24,[9 1],137,-1,161,-1,137
1,<environment.Job instance at 0x7f64798c75a0>,137,19,[12  2],138,-1,157,-1,138
1,<environment.Job instance at 0x7f64791f0a50>,138,23,[13  4],139,-1,162,-1,139
1,<environment.Job instance at 0x7f22e21f2320>,1,22,[11  3],2,-1,24,-1,2
1,<environment.Job instance at 0x7f22d8a7a410>,2,22,[ 4 14],3,-1,25,-1,3
1,<environment.Job instance at 0x7f22d8a7a4b0>,3,25,[ 5 14],4,-1,29,-1,4
1,<environment.Job instance at 0x7f22d8a7a550>,4,21,[ 1 12],5,-1,26,-1,5
1,<environment.Job instance at 0x7f22e21f21e0>,9,19,[13  1],10,-1,29,-1,10
1,<environment.Job instance at 0x7f22d8a7a910>,8,22,[14  3],9,-1,32,-1,10
1,<environment.Job instance at 0x7f22d8a7aa50>,10,23,[ 4 14],11,-1,34,-1,11
1,<environment.Job instance at 0x7f22d8a7aaa0>,11,25,[ 4 12],12,-1,37,-1,12
1,<environment.Job instance at 0x7f22d8a7ab40>,12,19,[ 5 13],13,-1,32,-1,13
1,<environment.Job instance at 0x7f22d8a7abe0>,13,22,[ 2 11],14,-1,36,-1,14
1,<environment.Job instance at 0x7f22d8a7ac80>,14,25,[13  4],15,-1,40,-1,15
1,<environment.Job instance at 0x7f22d8a7ad20>,15,25,[13  3],16,-1,41,-1,16
1,<environment.Job instance at 0x7f22d8a7adc0>,16,26,[14  4],17,-1,43,-1,17
1,<environment.Job instance at 0x7f22d8a7ae60>,17,14,[ 2 14],18,-1,32,-1,18
1,<environment.Job instance at 0x7f22d8a7af00>,18,14,[ 2 13],19,-1,33,-1,19
1,<environment.Job instance at 0x7f22d8a7a780>,20,21,[12  2],21,-1,42,-1,21
1,<environment.Job instance at 0x7f22d8a7afa0>,19,17,[13  5],20,-1,38,-1,21
1,<environment.Job instance at 0x7f22d8a7e0a0>,21,28,[11  1],22,-1,50,-1,22
1,<environment.Job instance at 0x7f22d8a7e1e0>,22,26,[ 1 14],23,-1,49,-1,23
1,<environment.Job instance at 0x7f22d8a7e320>,24,13,[ 3 14],25,-1,38,-1,25
1,<environment.Job instance at 0x7f22d8a7e460>,25,23,[ 3 13],26,-1,49,-1,26
1,<environment.Job instance at 0x7f22d8a7e410>,26,26,[1 8],27,-1,53,-1,27
1,<environment.Job instance at 0x7f22d8a7e550>,27,25,[5 7],28,-1,53,-1,28
1,<environment.Job instance at 0x7f22d8a7e5f0>,28,25,[ 4 11],29,-1,54,-1,29
1,<environment.Job instance at 0x7f22d8a7e690>,29,22,[ 5 13],30,-1,52,-1,30
1,<environment.Job instance at 0x7f22d8a7e730>,30,27,[4 8],31,-1,58,-1,31
1,<environment.Job instance at 0x7f22d8a7e870>,32,27,[11  3],33,-1,60,-1,33
1,<environment.Job instance at 0x7f22d8a7e9b0>,33,16,[ 2 14],34,-1,50,-1,34
1,<environment.Job instance at 0x7f22d8a7ea00>,34,24,[ 1 14],35,-1,59,-1,35
1,<environment.Job instance at 0x7f22d8a7e910>,36,20,[ 3 14],37,-1,57,-1,37
1,<environment.Job instance at 0x7f22d8a7eaa0>,35,22,[11  5],36,-1,59,-1,37
1,<environment.Job instance at 0x7f22d8a7eb40>,37,28,[ 2 12],38,-1,66,-1,38
1,<environment.Job instance at 0x7f22d8a7ec80>,38,20,[ 1 12],39,-1,59,-1,39
1,<environment.Job instance at 0x7f22d8a7ed20>,39,24,[5 6],40,-1,64,-1,40
1,<environment.Job instance at 0x7f22d8a7edc0>,40,26,[ 1 12],41,-1,67,-1,41
1,<environment.Job instance at 0x7f22d8a7ee60>,41,18,[ 5 14],42,-1,60,-1,42
1,<environment.Job instance at 0x7f22d8a7ef00>,42,20,[ 2 11],43,-1,63,-1,43
1,<environment.Job instance at 0x7f22d8a7efa0>,43,16,[13  5],44,-1,60,-1,44
1,<environment.Job instance at 0x7f22d8a800a0>,44,16,[14  3],45,-1,61,-1,45
1,<environment.Job instance at 0x7f22d8a80140>,45,27,[12  2],46,-1,73,-1,46
1,<environment.Job instance at 0x7f22d8a801e0>,46,28,[ 4 11],47,-1,75,-1,47
1,<environment.Job instance at 0x7f22d8a80280>,47,17,[12  2],48,-1,65,-1,48
1,<environment.Job instance at 0x7f22d8a803c0>,49,27,[ 1 11],50,-1,77,-1,50
1,<environment.Job instance at 0x7f22d8a804b0>,51,25,[12  2],52,-1,77,-1,52
1,<environment.Job instance at 0x7f22d8a7ebe0>,53,27,[14  5],54,-1,81,-1,54
1,<environment.Job instance at 0x7f22d8a80640>,54,24,[5 7],55,-1,79,-1,55
1,<environment.Job instance at 0x7f22d8a80870>,55,20,[13  1],56,-1,76,-1,56
1,<environment.Job instance at 0x7f22d8a808c0>,56,20,[ 3 13],57,-1,77,-1,57
1,<environment.Job instance at 0x7f22d8a80b40>,60,28,[13  2],61,-1,89,-1,61
1,<environment.Job instance at 0x7f22d8a80be0>,61,23,[ 1 11],62,-1,85,-1,62
1,<environment.Job instance at 0x7f22d8a80aa0>,62,21,[ 5 13],63,-1,84,-1,63
1,<environment.Job instance at 0x7f22d8a80dc0>,63,28,[ 3 14],64,-1,92,-1,64
1,<environment.Job instance at 0x7f22d8a80e60>,64,28,[ 1 14],65,-1,93,-1,65
1,<environment.Job instance at 0x7f22d8a80a50>,66,21,[13  3],67,-1,88,-1,67
1,<environment.Job instance at 0x7f22d8a80fa0>,67,27,[ 1 10],68,-1,95,-1,68
1,<environment.Job instance at 0x7f22d8a821e0>,68,20,[ 3 12],69,-1,89,-1,69
1,<environment.Job instance at 0x7f22d8a82140>,69,20,[ 3 12],70,-1,90,-1,70
1,<environment.Job instance at 0x7f22d8a82370>,70,21,[12  2],71,-1,92,-1,71
1,<environment.Job instance at 0x7f22d8a82410>,71,28,[5 1],72,-1,100,-1,72
1,<environment.Job instance at 0x7f22d8a823c0>,72,24,[9 2],73,-1,98,-1,74
1,<environment.Job instance at 0x7f22d8a82640>,74,27,[1 6],75,-1,102,-1,75
1,<environment.Job instance at 0x7f22d8a826e0>,75,14,[ 4 11],76,-1,90,-1,76
1,<environment.Job instance at 0x7f22d8a82730>,76,19,[ 4 14],77,-1,96,-1,77
1,<environment.Job instance at 0x7f22d8a827d0>,77,13,[14  5],78,-1,91,-1,78
1,<environment.Job instance at 0x7f22d8a82870>,78,27,[10  2],79,-1,106,-1,79
1,<environment.Job instance at 0x7f22d8a82910>,79,28,[9 4],80,-1,108,-1,80
1,<environment.Job instance at 0x7f22d8a82af0>,81,15,[ 5 11],82,-1,99,-1,84
1,<environment.Job instance at 0x7f22d8a82690>,82,26,[5 4],83,-1,110,-1,84
1,<environment.Job instance at 0x7f22d8a82c30>,83,12,[12  3],84,-1,96,-1,84
1,<environment.Job instance at 0x7f22d8a82e10>,85,25,[13  5],86,-1,122,-1,97
1,<environment.Job instance at 0x7f22d8a82eb0>,86,24,[ 1 11],87,-1,121,-1,97
1,<environment.Job instance at 0x7f22d8a82f50>,87,28,[ 3 10],88,-1,125,-1,97
1,<environment.Job instance at 0x7f22d8a82fa0>,88,21,[ 1 11],89,-1,118,-1,97
1,<environment.Job instance at 0x7f22d8a82f00>,89,23,[13  1],90,-1,120,-1,97
1,<environment.Job instance at 0x7f22d8a82cd0>,90,22,[4 9],91,-1,143,-1,121
1,<environment.Job instance at 0x7f22d8a862d0>,92,21,[10  1],93,-1,142,-1,121
1,<environment.Job instance at 0x7f22d8a86370>,93,20,[12  1],94,-1,141,-1,121
1,<environment.Job instance at 0x7f22d8a86410>,94,25,[4 5],95,-1,146,-1,121
1,<environment.Job instance at 0x7f22d8a86550>,96,28,[ 1 13],97,-1,164,-1,136
1,<environment.Job instance at 0x7f22d8a865f0>,97,26,[ 1 11],98,-1,162,-1,136
1,<environment.Job instance at 0x7f22d8a867d0>,99,26,[6 5],100,-1,164,-1,138
1,<environment.Job instance at 0x7f22d8a86870>,100,18,[ 2 13],101,-1,156,-1,138
1,<environment.Job instance at 0x7f22d8a86910>,101,18,[ 1 10],102,-1,156,-1,138
1,<environment.Job instance at 0x7f22d8a869b0>,102,23,[ 3 13],103,-1,161,-1,138
1,<environment.Job instance at 0x7f22d8a86a50>,103,23,[ 5 13],104,-1,161,-1,138
1,<environment.Job instance at 0x7f22d8a86af0>,104,12,[ 4 12],105,-1,150,-1,138
1,<environment.Job instance at 0x7f22d8a86b90>,105,26,[9 3],106,-1,164,-1,138
1,<environment.Job instance at 0x7f22d8a86c30>,106,23,[14  4],107,-1,161,-1,138
1,<environment.Job instance at 0x7f22d8a86cd0>,107,12,[ 3 12],108,-1,150,-1,138
1,<environment.Job instance at 0x7f22d8a86d70>,108,21,[ 1 13],109,-1,159,-1,138
1,<environment.Job instance at 0x7f22d8a86e10>,109,25,[11  4],110,-1,163,-1,138
1,<environment.Job instance at 0x7f22d8a86eb0>,110,12,[13  1],111,-1,150,-1,138
1,<environment.Job instance at 0x7f22d8a86f50>,111,20,[ 5 11],112,-1,158,-1,138
1,<environment.Job instance at 0x7f22d8a86fa0>,112,27,[12  2],113,-1,165,-1,138
1,<environment.Job instance at 0x7f22d8a86f00>,113,15,[12  1],114,-1,153,-1,138
1,<environment.Job instance at 0x7f22d8a86640>,114,14,[ 2 11],115,-1,152,-1,138
1,<environment.Job instance at 0x7f22d8a89230>,115,23,[13  5],116,-1,161,-1,138
1,<environment.Job instance at 0x7f22d8a892d0>,116,21,[ 1 12],117,-1,159,-1,138
1,<environment.Job instance at 0x7f22d8a89370>,117,19,[11  2],118,-1,157,-1,138
1,<environment.Job instance at 0x7f22d8a89410>,118,21,[ 3 14],119,-1,159,-1,138
1,<environment.Job instance at 0x7f22d8a894b0>,119,17,[ 3 10],120,-1,155,-1,138
1,<environment.Job instance at 0x7f22d8a89550>,120,19,[13  1],121,-1,157,-1,138
1,<environment.Job instance at 0x7f22d8a89190>,121,20,[13  3],122,-1,158,-1,138
1,<environment.Job instance at 0x7f22d8a89730>,122,24,[ 4 11],123,-1,162,-1,138
1,<environment.Job instance at 0x7f22d8a89690>,123,22,[13  4],124,-1,160,-1,138
1,<environment.Job instance at 0x7f22d8a89870>,124,22,[ 1 13],125,-1,160,-1,138
1,<environment.Job instance at 0x7f22d8a89910>,125,15,[12  3],126,-1,153,-1,138
1,<environment.Job instance at 0x7f22d8a89820>,126,28,[ 4 12],127,-1,166,-1,138
1,<environment.Job instance at 0x7f22d8a89a50>,127,17,[ 4 11],128,-1,155,-1,138
1,<environment.Job instance at 0x7f22d8a89af0>,128,23,[ 2 14],129,-1,161,-1,138
1,<environment.Job instance at 0x7f22d8a89b90>,129,22,[ 2 14],130,-1,160,-1,138
1,<environment.Job instance at 0x7f22d8a89c30>,130,14,[12  3],131,-1,152,-1,138
1,<environment.Job instance at 0x7f22d8a89cd0>,131,20,[5 3],132,-1,159,-1,139
1,<environment.Job instance at 0x7f22d8a89d70>,132,20,[ 2 11],133,-1,159,-1,139
1,<environment.Job instance at 0x7f22d8a89e10>,133,25,[14  3],134,-1,164,-1,139
1,<environment.Job instance at 0x7f22d8a89eb0>,134,28,[2 9],135,-1,167,-1,139
1,<environment.Job instance at 0x7f22d8a89f50>,135,14,[ 2 12],136,-1,153,-1,139
1,<environment.Job instance at 0x7f22e221cb90>,136,19,[11  3],137,-1,158,-1,139
1,<environment.Job instance at 0x7f22d8a72820>,137,20,[14  5],138,-1,159,-1,139
1,<environment.Job instance at 0x7f22d8a72230>,138,19,[13  5],139,-1,158,-1,139
1,<environment.Job instance at 0x7f22d8a72730>,139,26,[14  1],140,-1,166,-1,140
1,<environment.Job instance at 0x7f22d8a72280>,140,28,[ 2 10],141,-1,169,-1,141
1,<environment.Job instance at 0x7f22d8a725a0>,141,28,[7 4],142,-1,170,-1,142
1,<environment.Job instance at 0x7f22d8a72190>,142,25,[ 3 14],143,-1,168,-1,143
1,<environment.Job instance at 0x7f22d8a72410>,143,28,[12  5],144,-1,172,-1,144
1,<environment.Job instance at 0x7f22d8a72050>,144,20,[ 4 14],145,-1,165,-1,145
1,<environment.Job instance at 0x7f22d8add4b0>,145,24,[2 5],146,-1,170,-1,146
1,<environment.Job instance at 0x7f22d8add8c0>,146,22,[ 1 14],147,-1,169,-1,147
1,<environment.Job instance at 0x7f22d8d1ae60>,147,27,[ 4 12],148,-1,175,-1,148
1,<environment.Job instance at 0x7f22d8bc0be0>,148,27,[4 9],149,-1,176,-1,149
1,<environment.Job instance at 0x7f22d8bc7cd0>,2,25,[ 1 11],3,-1,28,-1,3
1,<environment.Job instance at 0x7f22d8afe690>,3,14,[14  4],4,-1,18,-1,4
1,<environment.Job instance at 0x7f22d8afe6e0>,4,27,[9 1],5,-1,32,-1,5
1,<environment.Job instance at 0x7f22d8afe4b0>,5,23,[13  2],6,-1,29,-1,6
1,<environment.Job instance at 0x7f22d8afe910>,6,20,[12  4],7,-1,27,-1,7
1,<environment.Job instance at 0x7f22d8afedc0>,7,26,[8 5],8,-1,34,-1,8
1,<environment.Job instance at 0x7f22d8afed20>,8,28,[10  4],9,-1,37,-1,9
1,<environment.Job instance at 0x7f22d8afebe0>,10,15,[ 1 13],11,-1,26,-1,11
1,<environment.Job instance at 0x7f22d8afe230>,11,26,[ 5 11],12,-1,38,-1,12
1,<environment.Job instance at 0x7f22d8afec30>,12,24,[4 7],13,-1,37,-1,13
1,<environment.Job instance at 0x7f22d8afe190>,13,28,[3 8],14,-1,42,-1,14
1,<environment.Job instance at 0x7f22d8afee10>,14,28,[ 3 11],15,-1,43,-1,15
1,<environment.Job instance at 0x7f22d8afe050>,15,19,[ 3 12],16,-1,35,-1,16
1,<environment.Job instance at 0x7f22d8afe410>,16,21,[ 1 11],17,-1,38,-1,17
1,<environment.Job instance at 0x7f22d9241140>,17,26,[ 1 11],18,-1,44,-1,18
1,<environment.Job instance at 0x7f22d8bc7500>,19,21,[ 2 12],20,-1,41,-1,20
1,<environment.Job instance at 0x7f22d9241a00>,18,17,[13  5],19,-1,37,-1,20
1,<environment.Job instance at 0x7f22d9241aa0>,20,25,[ 2 12],21,-1,46,-1,21
1,<environment.Job instance at 0x7f22d9241410>,21,20,[ 5 13],22,-1,42,-1,22
1,<environment.Job instance at 0x7f22d9241280>,22,26,[1 6],23,-1,49,-1,23
1,<environment.Job instance at 0x7f22d9241910>,23,28,[ 1 13],24,-1,52,-1,24
1,<environment.Job instance at 0x7f22d860d280>,24,26,[12  2],25,-1,51,-1,25
1,<environment.Job instance at 0x7f22d81a4780>,25,21,[ 3 11],26,-1,47,-1,26
1,<environment.Job instance at 0x7f22d848da00>,26,21,[ 5 14],27,-1,48,-1,27
1,<environment.Job instance at 0x7f22d84d9370>,27,19,[ 5 12],28,-1,47,-1,28
1,<environment.Job instance at 0x7f22d84d9910>,28,28,[3 8],29,-1,57,-1,29
1,<environment.Job instance at 0x7f22d84d9be0>,29,22,[14  5],30,-1,52,-1,30
1,<environment.Job instance at 0x7f22d8555aa0>,31,26,[ 5 13],32,-1,58,-1,32
1,<environment.Job instance at 0x7f22d8577dc0>,32,20,[14  2],33,-1,53,-1,33
1,<environment.Job instance at 0x7f22d8577e10>,33,25,[5 7],34,-1,59,-1,34
1,<environment.Job instance at 0x7f22d8519c30>,34,21,[ 4 12],35,-1,56,-1,35
1,<environment.Job instance at 0x7f22d8507190>,35,20,[11  2],36,-1,56,-1,36
1,<environment.Job instance at 0x7f22d8132e60>,36,27,[ 5 14],37,-1,64,-1,37
1,<environment.Job instance at 0x7f22d858bdc0>,37,28,[12  2],38,-1,66,-1,38
1,<environment.Job instance at 0x7f22d858bfa0>,38,28,[ 1 12],39,-1,67,-1,39
1,<environment.Job instance at 0x7f22d858be10>,39,25,[12  1],40,-1,65,-1,40
1,<environment.Job instance at 0x7f22d858b820>,40,24,[7 2],41,-1,65,-1,41
1,<environment.Job instance at 0x7f22d85ccaa0>,41,28,[ 1 14],42,-1,70,-1,42
1,<environment.Job instance at 0x7f22d85ccd20>,42,26,[13  4],43,-1,69,-1,43
1,<environment.Job instance at 0x7f22d8644c30>,43,13,[ 2 14],44,-1,57,-1,44
1,<environment.Job instance at 0x7f22d84b53c0>,45,21,[12  2],46,-1,67,-1,46
1,<environment.Job instance at 0x7f22d856e0a0>,46,21,[ 5 11],47,-1,68,-1,47
1,<environment.Job instance at 0x7f22d856eaf0>,47,26,[ 5 10],48,-1,74,-1,48
1,<environment.Job instance at 0x7f22d856e870>,48,27,[12  4],49,-1,76,-1,49
1,<environment.Job instance at 0x7f22d856e140>,49,27,[14  3],50,-1,77,-1,50
1,<environment.Job instance at 0x7f22d856e550>,50,27,[14  5],51,-1,78,-1,51
1,<environment.Job instance at 0x7f22d856e9b0>,51,26,[13  1],52,-1,78,-1,52
1,<environment.Job instance at 0x7f22d83cdd20>,52,25,[12  2],53,-1,78,-1,53
1,<environment.Job instance at 0x7f22d85816e0>,53,21,[13  5],54,-1,75,-1,54
1,<environment.Job instance at 0x7f22d856faa0>,54,25,[11  2],55,-1,80,-1,55
1,<environment.Job instance at 0x7f22d856fc30>,55,24,[11  4],56,-1,80,-1,56
1,<environment.Job instance at 0x7f22d856f320>,56,16,[ 4 14],57,-1,73,-1,57
1,<environment.Job instance at 0x7f22d856f5a0>,57,28,[8 4],58,-1,86,-1,58
1,<environment.Job instance at 0x7f22d856f910>,58,20,[12  1],59,-1,79,-1,59
1,<environment.Job instance at 0x7f22d856fe60>,59,28,[ 4 12],60,-1,88,-1,60
1,<environment.Job instance at 0x7f22d856fa50>,60,18,[12  2],61,-1,79,-1,61
1,<environment.Job instance at 0x7f22d852d730>,61,15,[12  3],62,-1,77,-1,62
1,<environment.Job instance at 0x7f22d852d640>,62,25,[13  2],63,-1,88,-1,63
1,<environment.Job instance at 0x7f22d852dfa0>,63,26,[ 5 11],64,-1,90,-1,64
1,<environment.Job instance at 0x7f22d852de10>,67,19,[12  5],68,-1,87,-1,68
1,<environment.Job instance at 0x7f22d8585730>,71,28,[11  2],72,-1,102,-1,74
1,<environment.Job instance at 0x7f22d8585d20>,72,28,[13  5],73,-1,102,-1,74
1,<environment.Job instance at 0x7f22d8585be0>,73,20,[ 5 11],74,-1,94,-1,74
1,<environment.Job instance at 0x7f22d8521870>,74,15,[12  1],75,-1,90,-1,75
1,<environment.Job instance at 0x7f22d8521500>,75,21,[ 1 12],76,-1,97,-1,76
1,<environment.Job instance at 0x7f22d8521d20>,76,19,[14  5],77,-1,96,-1,77
1,<environment.Job instance at 0x7f22d8521c80>,77,25,[ 3 12],78,-1,103,-1,78
1,<environment.Job instance at 0x7f22d8521b90>,78,28,[12  5],79,-1,107,-1,79
1,<environment.Job instance at 0x7f22d85334b0>,79,13,[12  3],80,-1,93,-1,80
1,<environment.Job instance at 0x7f22d8533050>,80,20,[13  4],81,-1,101,-1,81
1,<environment.Job instance at 0x7f22d8526a50>,81,27,[14  3],82,-1,109,-1,82
1,<environment.Job instance at 0x7f22d8521410>,83,26,[ 4 12],84,-1,110,-1,84
1,<environment.Job instance at 0x7f22d8526780>,84,26,[8 3],85,-1,111,-1,85
1,<environment.Job instance at 0x7f22d8526500>,85,23,[12  1],86,-1,109,-1,86
1,<environment.Job instance at 0x7f22d85260a0>,86,19,[ 2 13],87,-1,106,-1,87
1,<environment.Job instance at 0x7f22d8526140>,87,22,[11  1],88,-1,110,-1,88
1,<environment.Job instance at 0x7f22d8550e60>,88,22,[ 1 13],89,-1,111,-1,89
1,<environment.Job instance at 0x7f22d8550d70>,89,24,[ 2 14],90,-1,114,-1,90
1,<environment.Job instance at 0x7f22d85913c0>,90,23,[ 2 14],91,-1,114,-1,91
1,<environment.Job instance at 0x7f22d8550cd0>,91,23,[13  3],92,-1,115,-1,92
1,<environment.Job instance at 0x7f22d8568910>,92,25,[10  5],93,-1,118,-1,93
1,<environment.Job instance at 0x7f22d85d4d20>,93,20,[13  5],94,-1,114,-1,94
1,<environment.Job instance at 0x7f22d8568d70>,94,24,[14  3],95,-1,119,-1,95
1,<environment.Job instance at 0x7f22d86f18c0>,95,23,[13  5],96,-1,119,-1,96
1,<environment.Job instance at 0x7f22d86f49b0>,96,21,[12  3],97,-1,118,-1,97
1,<environment.Job instance at 0x7f22d8704dc0>,97,19,[13  4],98,-1,117,-1,98
1,<environment.Job instance at 0x7f22d85b4050>,98,28,[ 4 11],99,-1,127,-1,99
1,<environment.Job instance at 0x7f22d84dda00>,99,25,[ 4 12],100,-1,125,-1,100
1,<environment.Job instance at 0x7f22d84ddcd0>,100,22,[14  1],101,-1,123,-1,101
1,<environment.Job instance at 0x7f22d8705780>,102,27,[ 4 13],103,-1,130,-1,103
1,<environment.Job instance at 0x7f22d8e14b90>,103,26,[14  4],104,-1,130,-1,104
1,<environment.Job instance at 0x7f22d8e14050>,104,26,[9 1],105,-1,136,-1,110
1,<environment.Job instance at 0x7f22d8e14370>,106,16,[14  1],107,-1,128,-1,112
1,<environment.Job instance at 0x7f22d8e14be0>,107,27,[ 1 14],108,-1,139,-1,112
1,<environment.Job instance at 0x7f22d865e6e0>,109,19,[13  1],110,-1,131,-1,112
1,<environment.Job instance at 0x7f22d8660780>,110,15,[12  2],111,-1,127,-1,112
1,<environment.Job instance at 0x7f22d8e14320>,111,20,[11  2],112,-1,132,-1,112
1,<environment.Job instance at 0x7f22d8fdd780>,112,25,[ 2 13],113,-1,138,-1,113
1,<environment.Job instance at 0x7f22d90345f0>,113,21,[ 2 13],114,-1,135,-1,114
1,<environment.Job instance at 0x7f22d8fddd20>,115,24,[ 3 13],116,-1,151,-1,127
1,<environment.Job instance at 0x7f22d9034870>,116,15,[ 2 13],117,-1,142,-1,127
1,<environment.Job instance at 0x7f22d90343c0>,117,28,[ 5 14],118,-1,155,-1,127
1,<environment.Job instance at 0x7f22d8b56aa0>,118,20,[11  2],119,-1,151,-1,131
1,<environment.Job instance at 0x7f22d86fc640>,120,21,[ 4 14],121,-1,152,-1,131
1,<environment.Job instance at 0x7f22d8b56500>,2,20,[ 4 12],3,-1,23,-1,3
1,<environment.Job instance at 0x7f22d818ccd0>,3,25,[ 4 14],4,-1,29,-1,4
1,<environment.Job instance at 0x7f22d81a43c0>,4,24,[7 2],5,-1,29,-1,5
1,<environment.Job instance at 0x7f22d81a49b0>,6,24,[ 5 13],7,-1,31,-1,7
1,<environment.Job instance at 0x7f22d81a4fa0>,7,25,[ 2 13],8,-1,33,-1,8
1,<environment.Job instance at 0x7f22d81a41e0>,9,19,[ 1 14],10,-1,29,-1,10
1,<environment.Job instance at 0x7f22d81a40a0>,10,26,[13  4],11,-1,37,-1,11
1,<environment.Job instance at 0x7f22d81a48c0>,11,22,[13  4],12,-1,34,-1,12
1,<environment.Job instance at 0x7f22d81a4af0>,12,24,[12  4],13,-1,37,-1,13
1,<environment.Job instance at 0x7f22d81a4e60>,16,20,[ 3 14],17,-1,37,-1,17
1,<environment.Job instance at 0x7f22d81a4a50>,17,19,[13  1],18,-1,37,-1,18
1,<environment.Job instance at 0x7f22d81a4190>,18,15,[12  4],19,-1,34,-1,19
1,<environment.Job instance at 0x7f22d81a4320>,19,25,[12  5],20,-1,45,-1,20
1,<environment.Job instance at 0x7f22d81a4d70>,20,20,[ 5 13],21,-1,41,-1,21
1,<environment.Job instance at 0x7f22d81a8960>,21,24,[ 2 13],22,-1,46,-1,22
1,<environment.Job instance at 0x7f22d81a4a00>,23,22,[ 2 12],24,-1,46,-1,24
1,<environment.Job instance at 0x7f22d81a85a0>,24,20,[12  3],25,-1,45,-1,25
1,<environment.Job instance at 0x7f22d81a8e10>,25,19,[12  5],26,-1,45,-1,26
1,<environment.Job instance at 0x7f22d81a87d0>,26,15,[ 5 14],27,-1,42,-1,27
1,<environment.Job instance at 0x7f22d81a80f0>,22,23,[11  2],23,-1,50,-1,27
1,<environment.Job instance at 0x7f22d81a8460>,28,20,[ 4 14],29,-1,49,-1,29
1,<environment.Job instance at 0x7f22d81a89b0>,29,20,[14  2],30,-1,50,-1,30
1,<environment.Job instance at 0x7f22d81a8c80>,30,25,[8 5],31,-1,56,-1,31
1,<environment.Job instance at 0x7f22d81a8cd0>,31,24,[ 1 12],32,-1,56,-1,32
1,<environment.Job instance at 0x7f22d81a8dc0>,32,21,[ 5 11],33,-1,54,-1,33
1,<environment.Job instance at 0x7f22d81a8af0>,33,24,[ 2 14],34,-1,58,-1,34
1,<environment.Job instance at 0x7f22d81a81e0>,34,24,[11  1],35,-1,59,-1,35
1,<environment.Job instance at 0x7f22d81a8b40>,35,25,[7 1],36,-1,61,-1,36
1,<environment.Job instance at 0x7f22d81a8730>,36,24,[12  5],37,-1,61,-1,37
1,<environment.Job instance at 0x7f22d81a8050>,38,22,[ 1 11],39,-1,61,-1,39
1,<environment.Job instance at 0x7f22d81a8d20>,39,23,[ 5 12],40,-1,63,-1,40
1,<environment.Job instance at 0x7f22d81a80a0>,40,27,[ 4 14],41,-1,68,-1,41
1,<environment.Job instance at 0x7f22d81a8f00>,41,23,[ 2 11],42,-1,65,-1,42
1,<environment.Job instance at 0x7f22d81a8280>,42,28,[ 4 12],43,-1,71,-1,43
1,<environment.Job instance at 0x7f22d81a8410>,43,22,[13  1],44,-1,66,-1,44
1,<environment.Job instance at 0x7f22d8fbdbe0>,44,25,[3 6],45,-1,70,-1,45
1,<environment.Job instance at 0x7f22d91a4f00>,45,17,[11  2],46,-1,63,-1,46
1,<environment.Job instance at 0x7f22d91b0aa0>,46,22,[ 3 13],47,-1,69,-1,47
1,<environment.Job instance at 0x7f22d91b00f0>,47,20,[13  4],48,-1,68,-1,48
1,<environment.Job instance at 0x7f22d91b04b0>,48,19,[13  4],49,-1,68,-1,49
1,<environment.Job instance at 0x7f22d91b0f50>,49,16,[ 2 12],50,-1,66,-1,50
1,<environment.Job instance at 0x7f22d91b0370>,50,12,[ 4 14],51,-1,63,-1,51
1,<environment.Job instance at 0x7f22d88ca2d0>,51,20,[ 5 13],52,-1,72,-1,52
1,<environment.Job instance at 0x7f22d88227d0>,54,26,[ 5 12],55,-1,81,-1,55
1,<environment.Job instance at 0x7f22e1cb3b90>,55,22,[ 1 11],56,-1,78,-1,56
1,<environment.Job instance at 0x7f22d88fd550>,57,22,[ 2 11],58,-1,80,-1,58
1,<environment.Job instance at 0x7f22d812c870>,53,26,[12  4],54,-1,84,-1,58
1,<environment.Job instance at 0x7f22d8f92460>,56,23,[14  5],57,-1,81,-1,58
1,<environment.Job instance at 0x7f22d88fde60>,58,22,[13  5],59,-1,81,-1,59
1,<environment.Job instance at 0x7f22d88fd690>,60,27,[11  5],61,-1,88,-1,61
1,<environment.Job instance at 0x7f22d88fdbe0>,61,16,[ 3 14],62,-1,78,-1,62
1,<environment.Job instance at 0x7f22d88fd960>,62,16,[14  1],63,-1,79,-1,63
1,<environment.Job instance at 0x7f22d88fd460>,63,19,[ 5 12],64,-1,83,-1,64
1,<environment.Job instance at 0x7f22d88fd910>,64,25,[ 5 13],65,-1,90,-1,65
1,<environment.Job instance at 0x7f22d88fd730>,65,26,[13  4],66,-1,92,-1,66
1,<environment.Job instance at 0x7f22d88fde10>,66,21,[ 4 14],67,-1,88,-1,67
1,<environment.Job instance at 0x7f22d88fd5a0>,67,25,[ 3 12],68,-1,93,-1,68
1,<environment.Job instance at 0x7f22d88fd870>,68,27,[14  3],69,-1,96,-1,69
1,<environment.Job instance at 0x7f22d81cd460>,72,28,[ 5 14],73,-1,125,-1,97
1,<environment.Job instance at 0x7f22d848dfa0>,69,22,[8 3],70,-1,139,-1,117
1,<environment.Job instance at 0x7f22d8903f50>,76,20,[ 3 14],77,-1,137,-1,117
1,<environment.Job instance at 0x7f22d8b56af0>,77,28,[ 3 14],78,-1,145,-1,117
1,<environment.Job instance at 0x7f22d8496eb0>,78,28,[11  5],79,-1,145,-1,117
1,<environment.Job instance at 0x7f22d8496640>,79,24,[8 4],80,-1,141,-1,117
1,<environment.Job instance at 0x7f22d8be1d20>,81,20,[12  3],82,-1,143,-1,123
1,<environment.Job instance at 0x7f22d8e870a0>,82,25,[13  2],83,-1,148,-1,123
1,<environment.Job instance at 0x7f22d9638960>,83,14,[14  3],84,-1,137,-1,123
1,<environment.Job instance at 0x7f22d88b6960>,84,16,[13  2],85,-1,139,-1,123
1,<environment.Job instance at 0x7f22d88b6b40>,85,26,[13  5],86,-1,149,-1,123
1,<environment.Job instance at 0x7f22d88b6870>,86,24,[ 3 12],87,-1,147,-1,123
1,<environment.Job instance at 0x7f22d81c9910>,87,23,[ 3 11],88,-1,146,-1,123
1,<environment.Job instance at 0x7f22d81407d0>,88,22,[11  4],89,-1,145,-1,123
1,<environment.Job instance at 0x7f22d8140190>,89,21,[12  3],90,-1,144,-1,123
1,<environment.Job instance at 0x7f22d81401e0>,90,12,[ 5 14],91,-1,135,-1,123
1,<environment.Job instance at 0x7f22d8fc57d0>,91,23,[12  5],92,-1,146,-1,123
1,<environment.Job instance at 0x7f22d88b8d20>,93,23,[ 5 11],94,-1,147,-1,124
1,<environment.Job instance at 0x7f22d8826aa0>,94,25,[13  5],95,-1,149,-1,124
1,<environment.Job instance at 0x7f22d80f3aa0>,95,19,[ 5 13],96,-1,143,-1,124
1,<environment.Job instance at 0x7f22d80f3e10>,96,15,[ 4 12],97,-1,139,-1,124
1,<environment.Job instance at 0x7f22d80f3140>,97,28,[ 5 10],98,-1,152,-1,124
1,<environment.Job instance at 0x7f22d8496c80>,75,25,[12  4],76,-1,161,-1,136
1,<environment.Job instance at 0x7f22d80f3b40>,100,21,[ 4 14],101,-1,164,-1,143
1,<environment.Job instance at 0x7f22d80f3370>,101,20,[12  5],102,-1,163,-1,143
1,<environment.Job instance at 0x7f22d811b780>,102,28,[2 8],103,-1,171,-1,143
1,<environment.Job instance at 0x7f22d811bb90>,103,24,[13  5],104,-1,167,-1,143
1,<environment.Job instance at 0x7f22d811baf0>,104,17,[ 4 13],105,-1,160,-1,143
1,<environment.Job instance at 0x7f22d82b1a00>,105,21,[13  4],106,-1,164,-1,143
1,<environment.Job instance at 0x7f22d82b1550>,106,22,[ 5 12],107,-1,165,-1,143
1,<environment.Job instance at 0x7f22d82b1eb0>,107,13,[ 4 11],108,-1,156,-1,143
1,<environment.Job instance at 0x7f22d82b1c30>,108,15,[14  2],109,-1,158,-1,143
1,<environment.Job instance at 0x7f22d82b1a50>,109,26,[ 1 13],110,-1,169,-1,143
1,<environment.Job instance at 0x7f22d818bf00>,111,27,[ 2 12],112,-1,170,-1,143
1,<environment.Job instance at 0x7f22d818baa0>,112,17,[14  5],113,-1,160,-1,143
1,<environment.Job instance at 0x7f22d818b960>,113,24,[13  3],114,-1,167,-1,143
1,<environment.Job instance at 0x7f22d818b050>,114,22,[12  3],115,-1,165,-1,143
1,<environment.Job instance at 0x7f22d818bc80>,115,14,[ 5 12],116,-1,157,-1,143
1,<environment.Job instance at 0x7f22d818b500>,116,16,[ 5 11],117,-1,159,-1,143
1,<environment.Job instance at 0x7f22d818b370>,117,23,[10  4],118,-1,167,-1,144
1,<environment.Job instance at 0x7f22d818b280>,118,20,[ 1 12],119,-1,164,-1,144
1,<environment.Job instance at 0x7f22d818b690>,119,21,[14  1],120,-1,165,-1,144
1,<environment.Job instance at 0x7f22d833ef00>,120,20,[14  2],121,-1,164,-1,144
1,<environment.Job instance at 0x7f22d833ec30>,121,22,[14  4],122,-1,166,-1,144
1,<environment.Job instance at 0x7f22d85d5370>,2,23,[ 2 11],3,-1,26,-1,3
1,<environment.Job instance at 0x7f22d85d5e10>,3,14,[ 5 12],4,-1,18,-1,4
1,<environment.Job instance at 0x7f22d85d5d20>,5,28,[ 2 11],6,-1,34,-1,6
1,<environment.Job instance at 0x7f22d8a26a00>,6,24,[ 1 13],7,-1,31,-1,7
1,<environment.Job instance at 0x7f22d8a26c30>,7,25,[ 5 13],8,-1,33,-1,8
1,<environment.Job instance at 0x7f22d85a29b0>,8,19,[11  3],9,-1,30,-1,11
1,<environment.Job instance at 0x7f22d8a2ed70>,11,23,[ 2 12],12,-1,35,-1,12
1,<environment.Job instance at 0x7f22d8555be0>,13,26,[ 5 11],14,-1,40,-1,14
1,<environment.Job instance at 0x7f22d85972d0>,15,21,[13  5],16,-1,37,-1,16
1,<environment.Job instance at 0x7f22d85b8690>,16,24,[ 5 12],17,-1,41,-1,17
1,<environment.Job instance at 0x7f22d85b8960>,17,19,[12  2],18,-1,37,-1,18
1,<environment.Job instance at 0x7f22d85b8c80>,18,22,[ 5 11],19,-1,41,-1,19
1,<environment.Job instance at 0x7f22d85b8500>,19,26,[ 4 13],20,-1,46,-1,20
1,<environment.Job instance at 0x7f22d85b8aa0>,20,27,[ 2 12],21,-1,48,-1,21
1,<environment.Job instance at 0x7f22e21f2190>,21,19,[13  2],22,-1,41,-1,22
1,<environment.Job instance at 0x7f22d85265f0>,22,12,[11  2],23,-1,35,-1,23
1,<environment.Job instance at 0x7f22d85554b0>,26,26,[7 3],27,-1,70,-1,44
1,<environment.Job instance at 0x7f22d8131cd0>,27,25,[ 1 13],28,-1,69,-1,44
1,<environment.Job instance at 0x7f22d8131e10>,28,22,[ 1 12],29,-1,66,-1,44
1,<environment.Job instance at 0x7f22d8131190>,29,26,[11  4],30,-1,70,-1,44
1,<environment.Job instance at 0x7f22d82935f0>,30,22,[8 2],31,-1,72,-1,50
1,<environment.Job instance at 0x7f22d8489aa0>,31,17,[11  1],32,-1,67,-1,50
1,<environment.Job instance at 0x7f22d81318c0>,32,20,[ 1 11],33,-1,70,-1,50
1,<environment.Job instance at 0x7f22d8131eb0>,33,19,[13  2],34,-1,69,-1,50
1,<environment.Job instance at 0x7f22d847e6e0>,34,19,[ 1 11],35,-1,69,-1,50
1,<environment.Job instance at 0x7f22d847e500>,35,20,[13  5],36,-1,70,-1,50
1,<environment.Job instance at 0x7f22d857b280>,36,27,[ 1 14],37,-1,77,-1,50
1,<environment.Job instance at 0x7f22d84b5eb0>,37,26,[12  3],38,-1,76,-1,50
1,<environment.Job instance at 0x7f22d84b5780>,38,24,[11  3],39,-1,74,-1,50
1,<environment.Job instance at 0x7f22d8e480a0>,39,25,[13  2],40,-1,75,-1,50
1,<environment.Job instance at 0x7f22d8e48b90>,40,20,[ 5 14],41,-1,70,-1,50
1,<environment.Job instance at 0x7f22d84dd140>,41,22,[ 5 14],42,-1,72,-1,50
1,<environment.Job instance at 0x7f22d84dda00>,42,25,[ 3 12],43,-1,75,-1,50
1,<environment.Job instance at 0x7f22d84ddcd0>,43,28,[ 1 12],44,-1,78,-1,50
1,<environment.Job instance at 0x7f22d92cbe10>,44,20,[ 1 14],45,-1,70,-1,50
1,<environment.Job instance at 0x7f22d92cb7d0>,45,26,[ 3 12],46,-1,76,-1,50
1,<environment.Job instance at 0x7f22d92cb640>,46,16,[ 3 12],47,-1,66,-1,50
1,<environment.Job instance at 0x7f22d92cb4b0>,47,14,[13  3],48,-1,64,-1,50
1,<environment.Job instance at 0x7f22d92cb820>,49,28,[ 2 13],50,-1,79,-1,51
1,<environment.Job instance at 0x7f22d85490a0>,51,23,[ 4 11],52,-1,85,-1,62
1,<environment.Job instance at 0x7f22d8549140>,52,16,[ 5 13],53,-1,78,-1,62
1,<environment.Job instance at 0x7f22d92cb3c0>,54,21,[ 4 14],55,-1,83,-1,62
1,<environment.Job instance at 0x7f22d86a7910>,55,12,[12  5],56,-1,74,-1,62
1,<environment.Job instance at 0x7f22d86a7e60>,57,26,[14  4],58,-1,92,-1,66
1,<environment.Job instance at 0x7f22d86a7be0>,58,23,[ 3 12],59,-1,89,-1,66
1,<environment.Job instance at 0x7f22d8585d20>,64,28,[11  3],65,-1,164,-1,136
1,<environment.Job instance at 0x7f22d8585f00>,65,28,[5 1],66,-1,164,-1,136
1,<environment.Job instance at 0x7f22d81bed20>,66,19,[ 1 14],67,-1,155,-1,136
1,<environment.Job instance at 0x7f22d8dd4af0>,67,22,[ 4 11],68,-1,158,-1,136
1,<environment.Job instance at 0x7f22d82912d0>,68,28,[6 1],69,-1,164,-1,136
1,<environment.Job instance at 0x7f22d8291140>,69,21,[13  2],70,-1,157,-1,136
1,<environment.Job instance at 0x7f22d8485500>,70,20,[14  3],71,-1,156,-1,136
1,<environment.Job instance at 0x7f22d8485320>,71,22,[12  2],72,-1,158,-1,136
1,<environment.Job instance at 0x7f22d8165c80>,72,14,[ 3 14],73,-1,150,-1,136
1,<environment.Job instance at 0x7f22d87007d0>,73,12,[ 3 12],74,-1,148,-1,136
1,<environment.Job instance at 0x7f22d8702550>,74,25,[12  2],75,-1,161,-1,136
1,<environment.Job instance at 0x7f22d87024b0>,75,24,[14  4],76,-1,160,-1,136
1,<environment.Job instance at 0x7f22d8702c30>,76,21,[ 2 12],77,-1,157,-1,136
1,<environment.Job instance at 0x7f22d86f24b0>,77,26,[13  5],78,-1,162,-1,136
1,<environment.Job instance at 0x7f22d86f2f50>,78,24,[ 2 10],79,-1,160,-1,136
1,<environment.Job instance at 0x7f22d8ea0a00>,2,21,[ 4 11],3,-1,24,-1,3
1,<environment.Job instance at 0x7f22d8ea0460>,3,27,[ 5 14],4,-1,31,-1,4
1,<environment.Job instance at 0x7f22d8ea0280>,4,25,[14  3],5,-1,30,-1,5
1,<environment.Job instance at 0x7f22d8ea0500>,6,19,[ 1 13],7,-1,26,-1,7
1,<environment.Job instance at 0x7f22d8ea0820>,7,26,[10  3],8,-1,34,-1,8
1,<environment.Job instance at 0x7f22d8e95dc0>,8,23,[ 2 11],9,-1,32,-1,9
1,<environment.Job instance at 0x7f22d8e950a0>,9,25,[ 5 11],10,-1,35,-1,10
1,<environment.Job instance at 0x7f22d8e951e0>,10,27,[11  5],11,-1,38,-1,11
1,<environment.Job instance at 0x7f22d8e958c0>,11,17,[12  5],12,-1,29,-1,12
1,<environment.Job instance at 0x7f22d8e95a00>,12,24,[7 1],13,-1,37,-1,13
1,<environment.Job instance at 0x7f22d8e95370>,13,21,[11  1],14,-1,35,-1,14
1,<environment.Job instance at 0x7f22d8e95460>,14,21,[12  4],15,-1,36,-1,15
1,<environment.Job instance at 0x7f22d8e95690>,15,26,[11  4],16,-1,42,-1,16
1,<environment.Job instance at 0x7f22d8e95780>,16,21,[12  4],17,-1,38,-1,17
1,<environment.Job instance at 0x7f22d8e95aa0>,17,26,[ 1 13],18,-1,44,-1,18
1,<environment.Job instance at 0x7f22d8e95b90>,18,26,[ 1 12],19,-1,45,-1,19
1,<environment.Job instance at 0x7f22d8e95d20>,19,19,[11  4],20,-1,41,-1,22
1,<environment.Job instance at 0x7f22d8e8bd70>,22,12,[11  4],23,-1,35,-1,23
1,<environment.Job instance at 0x7f22d8e8bc80>,23,24,[11  5],24,-1,48,-1,24
1,<environment.Job instance at 0x7f22d8e8b870>,24,21,[ 3 13],25,-1,46,-1,25
1,<environment.Job instance at 0x7f22d8e8b8c0>,25,15,[11  4],26,-1,41,-1,26
1,<environment.Job instance at 0x7f22d8e8bdc0>,26,28,[ 5 11],27,-1,55,-1,27
1,<environment.Job instance at 0x7f22d8ea95a0>,27,28,[1 5],28,-1,56,-1,28
1,<environment.Job instance at 0x7f22d8ea9910>,28,20,[13  1],29,-1,49,-1,29
1,<environment.Job instance at 0x7f22d8ea99b0>,29,21,[ 3 12],30,-1,51,-1,30
1,<environment.Job instance at 0x7f22d8ea9050>,30,25,[12  3],31,-1,56,-1,31
1,<environment.Job instance at 0x7f22d8ea92d0>,33,25,[ 3 12],34,-1,59,-1,34
1,<environment.Job instance at 0x7f22d8ea9af0>,34,20,[ 5 11],35,-1,61,-1,41
1,<environment.Job instance at 0x7f22d8ea9690>,36,27,[ 1 13],37,-1,68,-1,41
1,<environment.Job instance at 0x7f22d8ea9d20>,37,20,[ 1 14],38,-1,61,-1,41
1,<environment.Job instance at 0x7f22d8ea9f50>,38,28,[ 3 14],39,-1,69,-1,41
1,<environment.Job instance at 0x7f22d8e9eeb0>,40,25,[ 5 14],41,-1,77,-1,52
1,<environment.Job instance at 0x7f22d8e9e9b0>,41,21,[ 1 12],42,-1,73,-1,52
1,<environment.Job instance at 0x7f22d8e9ed20>,42,28,[5 5],43,-1,80,-1,52
1,<environment.Job instance at 0x7f22d8e9ec80>,43,21,[ 5 14],44,-1,73,-1,52
1,<environment.Job instance at 0x7f22d8e9e870>,44,24,[11  4],45,-1,76,-1,52
1,<environment.Job instance at 0x7f22d9143550>,45,15,[ 4 11],46,-1,67,-1,52
1,<environment.Job instance at 0x7f22d8ad3050>,46,27,[5 1],47,-1,79,-1,52
1,<environment.Job instance at 0x7f22d8e9e0a0>,47,21,[ 1 12],48,-1,73,-1,52
1,<environment.Job instance at 0x7f22d8e9e5a0>,48,26,[4 9],49,-1,78,-1,52
1,<environment.Job instance at 0x7f22d9490dc0>,49,25,[6 1],50,-1,77,-1,52
1,<environment.Job instance at 0x7f22d91d05a0>,50,16,[ 4 11],51,-1,68,-1,52
1,<environment.Job instance at 0x7f22d912e5f0>,51,25,[14  3],52,-1,77,-1,52
1,<environment.Job instance at 0x7f22d8e9ef50>,39,25,[12  2],40,-1,77,-1,52
1,<environment.Job instance at 0x7f22d8083aa0>,52,28,[13  1],53,-1,81,-1,53
1,<environment.Job instance at 0x7f22d8058d70>,54,25,[13  3],55,-1,80,-1,55
1,<environment.Job instance at 0x7f22d8039f00>,55,23,[11  2],56,-1,79,-1,56
1,<environment.Job instance at 0x7f22d8039e10>,56,19,[12  1],57,-1,76,-1,57
1,<environment.Job instance at 0x7f22d8039c80>,57,26,[ 4 13],58,-1,84,-1,58
1,<environment.Job instance at 0x7f22d8bd4550>,59,25,[12  4],60,-1,85,-1,60
1,<environment.Job instance at 0x7f22d8d28500>,60,20,[ 2 12],61,-1,81,-1,61
1,<environment.Job instance at 0x7f22d8e8bc30>,61,25,[ 5 14],62,-1,87,-1,62
1,<environment.Job instance at 0x7f22d80ce280>,62,19,[ 5 12],63,-1,82,-1,63
1,<environment.Job instance at 0x7f22d806b320>,63,26,[ 1 12],64,-1,90,-1,64
1,<environment.Job instance at 0x7f22d806bc30>,64,28,[ 3 12],65,-1,93,-1,65
1,<environment.Job instance at 0x7f22d806bf00>,65,20,[ 1 12],66,-1,86,-1,66
1,<environment.Job instance at 0x7f22d806b9b0>,66,19,[11  1],67,-1,86,-1,67
1,<environment.Job instance at 0x7f22d806b820>,68,22,[13  2],69,-1,91,-1,69
1,<environment.Job instance at 0x7f22d806be10>,69,24,[12  3],70,-1,94,-1,70
1,<environment.Job instance at 0x7f22d806b410>,70,28,[ 4 12],71,-1,99,-1,71
1,<environment.Job instance at 0x7f22d806b5f0>,71,25,[ 2 12],72,-1,97,-1,72
1,<environment.Job instance at 0x7f22d806b7d0>,72,24,[11  2],73,-1,97,-1,73
1,<environment.Job instance at 0x7f22d8bce320>,73,18,[ 1 11],74,-1,92,-1,74
1,<environment.Job instance at 0x7f22d8e950f0>,74,22,[12  3],75,-1,97,-1,75
1,<environment.Job instance at 0x7f22d8e95e60>,75,26,[ 3 11],76,-1,102,-1,76
1,<environment.Job instance at 0x7f22d809e410>,77,21,[11  5],78,-1,99,-1,78
1,<environment.Job instance at 0x7f22d8039c30>,78,26,[12  2],79,-1,105,-1,79
1,<environment.Job instance at 0x7f22d806c0f0>,79,20,[ 5 13],80,-1,100,-1,80
1,<environment.Job instance at 0x7f22d806c410>,80,23,[11  3],81,-1,104,-1,81
1,<environment.Job instance at 0x7f22d806c050>,81,24,[13  5],82,-1,106,-1,82
1,<environment.Job instance at 0x7f22d806cd70>,82,27,[11  5],83,-1,110,-1,83
1,<environment.Job instance at 0x7f22d80bf320>,84,28,[ 3 12],85,-1,116,-1,88
1,<environment.Job instance at 0x7f22d805df00>,85,26,[12  3],86,-1,114,-1,88
1,<environment.Job instance at 0x7f22d807aaf0>,86,14,[ 4 12],87,-1,102,-1,88
1,<environment.Job instance at 0x7f22d807aeb0>,87,17,[ 2 11],88,-1,105,-1,88
1,<environment.Job instance at 0x7f22d80683c0>,88,28,[12  3],89,-1,117,-1,89
1,<environment.Job instance at 0x7f22d8068be0>,90,23,[13  1],91,-1,130,-1,107
1,<environment.Job instance at 0x7f22d8068cd0>,91,19,[ 4 14],92,-1,126,-1,107
1,<environment.Job instance at 0x7f22d8068b40>,92,21,[ 3 12],93,-1,128,-1,107
1,<environment.Job instance at 0x7f22d8ea9280>,93,24,[ 4 11],94,-1,131,-1,107
1,<environment.Job instance at 0x7f22d8ea93c0>,94,26,[13  2],95,-1,133,-1,107
1,<environment.Job instance at 0x7f22d8ea9780>,95,22,[12  3],96,-1,129,-1,107
1,<environment.Job instance at 0x7f22d8086460>,96,19,[ 5 11],97,-1,126,-1,107
1,<environment.Job instance at 0x7f22d8086320>,97,20,[ 5 13],98,-1,127,-1,107
1,<environment.Job instance at 0x7f22d8086640>,98,20,[ 1 14],99,-1,127,-1,107
1,<environment.Job instance at 0x7f22d8086a00>,99,23,[14  2],100,-1,130,-1,107
1,<environment.Job instance at 0x7f22d80865a0>,100,16,[ 3 12],101,-1,123,-1,107
1,<environment.Job instance at 0x7f22d8086870>,101,12,[14  3],102,-1,119,-1,107
1,<environment.Job instance at 0x7f22d8086be0>,102,26,[14  3],103,-1,133,-1,107
1,<environment.Job instance at 0x7f22d8086140>,103,27,[ 3 14],104,-1,134,-1,107
1,<environment.Job instance at 0x7f22d80860a0>,105,27,[ 5 13],106,-1,134,-1,107
1,<environment.Job instance at 0x7f22d8086280>,106,25,[13  4],107,-1,132,-1,107
1,<environment.Job instance at 0x7f22d8086820>,107,27,[ 2 14],108,-1,135,-1,108
1,<environment.Job instance at 0x7f22d8ea0be0>,108,21,[ 2 14],109,-1,130,-1,109
1,<environment.Job instance at 0x7f22d8ea0e10>,109,22,[ 3 11],110,-1,132,-1,110
1,<environment.Job instance at 0x7f22d8ea05f0>,110,28,[ 4 14],111,-1,139,-1,111
1,<environment.Job instance at 0x7f22d8084410>,111,12,[ 1 12],112,-1,124,-1,112
1,<environment.Job instance at 0x7f22d80844b0>,112,28,[8 2],113,-1,141,-1,113
1,<environment.Job instance at 0x7f22d80841e0>,113,19,[14  4],114,-1,133,-1,114
1,<environment.Job instance at 0x7f22d8084370>,114,23,[12  3],115,-1,138,-1,115
1,<environment.Job instance at 0x7f22d80842d0>,115,15,[11  3],116,-1,131,-1,116
1,<environment.Job instance at 0x7f22d8084870>,116,23,[12  3],117,-1,140,-1,117
1,<environment.Job instance at 0x7f22d80845f0>,117,27,[13  4],118,-1,145,-1,118
1,<environment.Job instance at 0x7f22d8ea09b0>,119,18,[12  2],120,-1,139,-1,121
1,<environment.Job instance at 0x7f22d8084cd0>,120,20,[13  5],121,-1,141,-1,121
1,<environment.Job instance at 0x7f22d8084eb0>,121,24,[13  5],122,-1,146,-1,122
1,<environment.Job instance at 0x7f22d8085dc0>,122,26,[ 4 12],123,-1,149,-1,123
1,<environment.Job instance at 0x7f22d8084a50>,124,23,[ 4 11],125,-1,151,-1,128
1,<environment.Job instance at 0x7f22d8085d20>,125,26,[ 3 14],126,-1,154,-1,128
1,<environment.Job instance at 0x7f22d80856e0>,126,12,[ 2 13],127,-1,140,-1,128
1,<environment.Job instance at 0x7f22d8085960>,127,19,[ 4 11],128,-1,147,-1,128
1,<environment.Job instance at 0x7f22d8085b40>,128,27,[ 3 12],129,-1,156,-1,129
1,<environment.Job instance at 0x7f22d8085be0>,129,27,[11  1],130,-1,157,-1,130
1,<environment.Job instance at 0x7f22d8085aa0>,130,13,[13  4],131,-1,144,-1,131
1,<environment.Job instance at 0x7f22d80850f0>,131,25,[14  5],132,-1,157,-1,132
1,<environment.Job instance at 0x7f22d8085050>,132,27,[6 1],133,-1,160,-1,133
1,<environment.Job instance at 0x7f22d8085410>,133,15,[13  1],134,-1,149,-1,134
1,<environment.Job instance at 0x7f22d8085190>,134,27,[ 3 14],135,-1,162,-1,135
1,<environment.Job instance at 0x7f22d80b1f00>,135,19,[13  3],136,-1,155,-1,136
1,<environment.Job instance at 0x7f22d80b1a00>,136,24,[13  3],137,-1,161,-1,137
1,<environment.Job instance at 0x7f22d80821e0>,137,22,[ 3 13],138,-1,160,-1,138
1,<environment.Job instance at 0x7f22d8082cd0>,139,26,[ 4 13],140,-1,166,-1,140
1,<environment.Job instance at 0x7f22d8082140>,140,23,[13  3],141,-1,164,-1,141
1,<environment.Job instance at 0x7f22d80827d0>,141,20,[12  4],142,-1,162,-1,142
1,<environment.Job instance at 0x7f22d8082eb0>,142,26,[2 7],143,-1,169,-1,143
1,<environment.Job instance at 0x7f22d80822d0>,143,23,[13  3],144,-1,167,-1,144
1,<environment.Job instance at 0x7f22d8082960>,144,23,[14  1],145,-1,168,-1,145
1,<environment.Job instance at 0x7f22d8082550>,145,23,[13  2],146,-1,169,-1,146
1,<environment.Job instance at 0x7f22d808cd70>,146,25,[4 5],147,-1,172,-1,147
1,<environment.Job instance at 0x7f22d808c320>,147,21,[14  1],148,-1,169,-1,148
1,<environment.Job instance at 0x7f22d80a1820>,148,27,[ 1 13],149,-1,176,-1,149
1,<environment.Job instance at 0x7f22d805d460>,1,24,[ 2 13],2,-1,26,-1,2
1,<environment.Job instance at 0x7f22d805dd20>,2,25,[13  1],3,-1,28,-1,3
1,<environment.Job instance at 0x7f22d805d910>,3,22,[ 1 12],4,-1,26,-1,4
1,<environment.Job instance at 0x7f22d805da50>,4,22,[12  4],5,-1,27,-1,5
1,<environment.Job instance at 0x7f22d805d730>,5,25,[ 4 11],6,-1,31,-1,6
1,<environment.Job instance at 0x7f22d805d230>,6,25,[ 5 14],7,-1,32,-1,7
1,<environment.Job instance at 0x7f22d8058f00>,7,26,[ 3 12],8,-1,34,-1,8
1,<environment.Job instance at 0x7f22d80588c0>,8,20,[ 4 13],9,-1,29,-1,9
1,<environment.Job instance at 0x7f22d80589b0>,9,24,[14  5],10,-1,34,-1,10
1,<environment.Job instance at 0x7f22d80582d0>,10,27,[ 5 13],11,-1,38,-1,11
1,<environment.Job instance at 0x7f22d8058320>,11,20,[ 4 14],12,-1,32,-1,12
1,<environment.Job instance at 0x7f22d8058a50>,12,14,[ 1 14],13,-1,27,-1,13
1,<environment.Job instance at 0x7f22d8058af0>,13,24,[5 8],14,-1,38,-1,14
1,<environment.Job instance at 0x7f22d8058b90>,14,23,[11  4],15,-1,38,-1,15
1,<environment.Job instance at 0x7f22d8058460>,15,24,[14  4],16,-1,40,-1,16
1,<environment.Job instance at 0x7f22d8058190>,16,23,[ 2 13],17,-1,40,-1,17
1,<environment.Job instance at 0x7f22d8058050>,17,21,[14  4],18,-1,39,-1,18
1,<environment.Job instance at 0x7f22d8058140>,18,25,[ 1 12],19,-1,44,-1,19
1,<environment.Job instance at 0x7f22d8058e10>,19,28,[ 1 11],20,-1,48,-1,20
1,<environment.Job instance at 0x7f22d80585a0>,21,28,[14  2],22,-1,50,-1,22
1,<environment.Job instance at 0x7f22d8058d20>,22,28,[13  4],23,-1,51,-1,23
1,<environment.Job instance at 0x7f22d80d5050>,23,22,[ 5 14],24,-1,46,-1,24
1,<environment.Job instance at 0x7f22d80d50f0>,24,28,[ 1 11],25,-1,53,-1,25
1,<environment.Job instance at 0x7f22d80d5b40>,25,22,[14  5],26,-1,48,-1,26
1,<environment.Job instance at 0x7f22d80d55f0>,26,22,[ 1 14],27,-1,49,-1,27
1,<environment.Job instance at 0x7f22d80d5d70>,28,16,[ 3 13],29,-1,45,-1,29
1,<environment.Job instance at 0x7f22d80d54b0>,29,21,[13  2],30,-1,51,-1,30
1,<environment.Job instance at 0x7f22d80d53c0>,31,25,[ 5 11],32,-1,57,-1,32
1,<environment.Job instance at 0x7f22d80d5f00>,32,28,[13  5],33,-1,61,-1,33
1,<environment.Job instance at 0x7f22d80d5e10>,34,23,[ 4 14],35,-1,58,-1,35
1,<environment.Job instance at 0x7f22d80580f0>,36,28,[12  3],37,-1,65,-1,37
1,<environment.Job instance at 0x7f22d80d5370>,37,27,[11  4],38,-1,65,-1,38
1,<environment.Job instance at 0x7f22d80d5fa0>,35,21,[12  1],36,-1,59,-1,38
1,<environment.Job instance at 0x7f22d80d5190>,38,27,[9 4],39,-1,66,-1,39
1,<environment.Job instance at 0x7f22d80d2e10>,39,28,[5 9],40,-1,68,-1,40
1,<environment.Job instance at 0x7f22d80d2eb0>,41,16,[ 3 12],42,-1,58,-1,42
1,<environment.Job instance at 0x7f22d80d2be0>,42,23,[ 2 14],43,-1,66,-1,43
1,<environment.Job instance at 0x7f22d80d27d0>,43,21,[ 2 13],44,-1,65,-1,44
1,<environment.Job instance at 0x7f22d80d2820>,44,28,[14  2],45,-1,73,-1,45
1,<environment.Job instance at 0x7f22d80d2870>,45,24,[11  1],46,-1,70,-1,46
1,<environment.Job instance at 0x7f22d80d2690>,46,21,[ 3 13],47,-1,68,-1,47
1,<environment.Job instance at 0x7f22d80d2a50>,48,26,[ 1 12],49,-1,75,-1,49
1,<environment.Job instance at 0x7f22d80d2550>,49,13,[12  3],50,-1,63,-1,50
1,<environment.Job instance at 0x7f22d80d2c30>,50,25,[ 1 11],51,-1,76,-1,51
1,<environment.Job instance at 0x7f22d80d25f0>,51,20,[ 3 14],52,-1,72,-1,52
1,<environment.Job instance at 0x7f22d80d2960>,47,20,[11  1],48,-1,72,-1,52
1,<environment.Job instance at 0x7f22d80d2f00>,52,17,[ 1 12],53,-1,70,-1,53
1,<environment.Job instance at 0x7f22d80ce0f0>,53,25,[2 7],54,-1,79,-1,54
1,<environment.Job instance at 0x7f22d80ce190>,55,21,[ 3 14],56,-1,77,-1,56
1,<environment.Job instance at 0x7f22d80ce870>,56,23,[14  5],57,-1,80,-1,57
1,<environment.Job instance at 0x7f22d80cea50>,57,24,[3 6],58,-1,82,-1,58
1,<environment.Job instance at 0x7f22d80ce4b0>,58,18,[14  2],59,-1,77,-1,59
1,<environment.Job instance at 0x7f22d80cea00>,59,27,[ 5 13],60,-1,87,-1,60
1,<environment.Job instance at 0x7f22d80ce6e0>,61,21,[12  3],62,-1,83,-1,62
1,<environment.Job instance at 0x7f22d80ce500>,62,27,[ 5 12],63,-1,90,-1,63
1,<environment.Job instance at 0x7f22d80ce780>,63,28,[9 3],64,-1,92,-1,64
1,<environment.Job instance at 0x7f22d80ce3c0>,64,16,[ 2 13],65,-1,81,-1,65
1,<environment.Job instance at 0x7f22d80ce8c0>,65,28,[14  4],66,-1,94,-1,66
1,<environment.Job instance at 0x7f22d80bf5a0>,66,13,[12  5],67,-1,80,-1,67
1,<environment.Job instance at 0x7f22d80ce2d0>,68,26,[11  5],69,-1,95,-1,69
1,<environment.Job instance at 0x7f22d80bf910>,69,14,[ 2 13],70,-1,84,-1,70
1,<environment.Job instance at 0x7f22d80bf7d0>,70,28,[14  5],71,-1,99,-1,71
1,<environment.Job instance at 0x7f22d80bffa0>,71,18,[12  4],72,-1,90,-1,72
1,<environment.Job instance at 0x7f22d80bf1e0>,72,21,[ 2 14],73,-1,94,-1,73
1,<environment.Job instance at 0x7f22d80bf5f0>,67,13,[14  1],68,-1,86,-1,73
1,<environment.Job instance at 0x7f22d80bf3c0>,74,23,[13  4],75,-1,98,-1,75
1,<environment.Job instance at 0x7f22d80bfe10>,75,16,[ 3 13],76,-1,92,-1,76
1,<environment.Job instance at 0x7f22d80bfb40>,76,26,[11  1],77,-1,103,-1,77
1,<environment.Job instance at 0x7f22d80bff00>,77,23,[12  5],78,-1,101,-1,78
1,<environment.Job instance at 0x7f22d80bf370>,79,20,[ 5 13],80,-1,100,-1,80
1,<environment.Job instance at 0x7f22d84d4550>,80,17,[13  3],81,-1,98,-1,81
1,<environment.Job instance at 0x7f22d84d4140>,81,23,[12  3],82,-1,105,-1,82
1,<environment.Job instance at 0x7f22d84d4910>,82,19,[ 3 11],83,-1,102,-1,83
1,<environment.Job instance at 0x7f22d84d43c0>,89,22,[ 4 12],90,-1,149,-1,127
1,<environment.Job instance at 0x7f22d84d40a0>,90,22,[13  5],91,-1,149,-1,127
1,<environment.Job instance at 0x7f22d84d45a0>,91,28,[13  2],92,-1,155,-1,127
1,<environment.Job instance at 0x7f22d84d4dc0>,92,20,[14  3],93,-1,147,-1,127
1,<environment.Job instance at 0x7f22d84d4a00>,93,24,[14  3],94,-1,151,-1,127
1,<environment.Job instance at 0x7f22d95ac550>,94,25,[12  1],95,-1,152,-1,127
1,<environment.Job instance at 0x7f22d95ac370>,95,24,[5 8],96,-1,151,-1,127
1,<environment.Job instance at 0x7f22d95ac3c0>,96,13,[ 1 13],97,-1,140,-1,127
1,<environment.Job instance at 0x7f22d95acaa0>,97,23,[ 1 14],98,-1,150,-1,127
1,<environment.Job instance at 0x7f22d95acd20>,98,25,[12  5],99,-1,152,-1,127
1,<environment.Job instance at 0x7f22d95acbe0>,99,27,[ 2 14],100,-1,154,-1,127
1,<environment.Job instance at 0x7f22d95acdc0>,100,20,[ 2 14],101,-1,147,-1,127
1,<environment.Job instance at 0x7f22d95aca00>,101,25,[ 4 11],102,-1,152,-1,127
1,<environment.Job instance at 0x7f22d95ac9b0>,102,21,[ 3 11],103,-1,148,-1,127
1,<environment.Job instance at 0x7f22d95accd0>,103,21,[13  2],104,-1,148,-1,127
1,<environment.Job instance at 0x7f22d95acaf0>,104,23,[14  5],105,-1,150,-1,127
1,<environment.Job instance at 0x7f22d95ace10>,105,25,[ 2 11],106,-1,152,-1,127
1,<environment.Job instance at 0x7f22d95acc30>,106,26,[14  4],107,-1,153,-1,127
1,<environment.Job instance at 0x7f22d95aca50>,107,14,[ 1 13],108,-1,141,-1,127
1,<environment.Job instance at 0x7f22d95ac820>,108,17,[ 1 11],109,-1,144,-1,127
1,<environment.Job instance at 0x7f22d95acb40>,109,24,[5 4],110,-1,152,-1,128
1,<environment.Job instance at 0x7f22d95ac910>,111,26,[ 1 11],112,-1,156,-1,130
1,<environment.Job instance at 0x7f22d95ac5a0>,112,16,[13  2],113,-1,146,-1,130
1,<environment.Job instance at 0x7f22d95ac460>,113,21,[ 5 11],114,-1,151,-1,130
1,<environment.Job instance at 0x7f22d95ac0a0>,114,17,[13  4],115,-1,147,-1,130
1,<environment.Job instance at 0x7f22d95ac5f0>,115,28,[ 3 12],116,-1,158,-1,130
1,<environment.Job instance at 0x7f22d95cc410>,116,26,[ 1 12],117,-1,156,-1,130
1,<environment.Job instance at 0x7f22d95ccf00>,118,19,[13  5],119,-1,157,-1,138
1,<environment.Job instance at 0x7f22d95cc8c0>,119,20,[ 5 14],120,-1,158,-1,138
1,<environment.Job instance at 0x7f22d95cce60>,120,27,[ 2 14],121,-1,165,-1,138
1,<environment.Job instance at 0x7f22d95ccf50>,121,13,[ 2 12],122,-1,151,-1,138
1,<environment.Job instance at 0x7f22d95cc7d0>,122,24,[10  4],123,-1,162,-1,138
1,<environment.Job instance at 0x7f22d95cc910>,123,18,[ 3 11],124,-1,156,-1,138
1,<environment.Job instance at 0x7f22d95cca50>,124,13,[14  4],125,-1,151,-1,138
1,<environment.Job instance at 0x7f22d95cc1e0>,125,23,[14  2],126,-1,161,-1,138
1,<environment.Job instance at 0x7f22d95cc550>,126,25,[14  4],127,-1,163,-1,138
1,<environment.Job instance at 0x7f22d95cc820>,127,19,[13  5],128,-1,157,-1,138
1,<environment.Job instance at 0x7f22d95ccc30>,128,26,[10  2],129,-1,164,-1,138
1,<environment.Job instance at 0x7f22d95cc0a0>,130,15,[ 1 11],131,-1,164,-1,149
1,<environment.Job instance at 0x7f22d95cc0f0>,131,26,[ 2 11],132,-1,175,-1,149
1,<environment.Job instance at 0x7f22d95ccaa0>,132,23,[ 3 13],133,-1,172,-1,149
1,<environment.Job instance at 0x7f22d95cc460>,133,13,[12  5],134,-1,162,-1,149
1,<environment.Job instance at 0x7f22d95cc3c0>,134,26,[ 3 13],135,-1,175,-1,149
1,<environment.Job instance at 0x7f22d95ccaf0>,135,19,[ 4 14],136,-1,168,-1,149
1,<environment.Job instance at 0x7f22d84cc190>,136,17,[ 4 13],137,-1,166,-1,149
1,<environment.Job instance at 0x7f22d84cc0f0>,137,27,[ 2 11],138,-1,176,-1,149
1,<environment.Job instance at 0x7f22d95b6910>,1,23,[ 1 13],2,-1,25,-1,2
1,<environment.Job instance at 0x7f22d8ea9b90>,2,22,[ 3 13],3,-1,25,-1,3
1,<environment.Job instance at 0x7f22d8ea90f0>,3,13,[13  1],4,-1,17,-1,4
1,<environment.Job instance at 0x7f22d8ea9fa0>,4,25,[ 4 11],5,-1,30,-1,5
1,<environment.Job instance at 0x7f22d8ea99b0>,5,14,[13  3],6,-1,20,-1,6
1,<environment.Job instance at 0x7f22d8ea9be0>,6,24,[14  2],7,-1,31,-1,7
1,<environment.Job instance at 0x7f22d8ea9690>,7,22,[13  2],8,-1,30,-1,8
1,<environment.Job instance at 0x7f22d8ea9640>,8,28,[ 5 14],9,-1,37,-1,9
1,<environment.Job instance at 0x7f22d8ea9910>,9,26,[14  1],10,-1,36,-1,10
1,<environment.Job instance at 0x7f22d8ea9d70>,10,28,[13  2],11,-1,39,-1,11
1,<environment.Job instance at 0x7f22d90e6730>,11,28,[11  4],12,-1,40,-1,12
1,<environment.Job instance at 0x7f22d90e6f50>,12,27,[ 1 13],13,-1,40,-1,13
1,<environment.Job instance at 0x7f22d90e6640>,13,25,[ 5 12],14,-1,39,-1,14
1,<environment.Job instance at 0x7f22d90e62d0>,14,13,[13  4],15,-1,28,-1,15
1,<environment.Job instance at 0x7f22d843e960>,17,16,[ 4 13],18,-1,34,-1,18
1,<environment.Job instance at 0x7f22d843ef50>,18,28,[1 7],19,-1,47,-1,19
1,<environment.Job instance at 0x7f22d843e370>,19,25,[13  2],20,-1,45,-1,20
1,<environment.Job instance at 0x7f22d843e230>,20,12,[13  4],21,-1,33,-1,21
1,<environment.Job instance at 0x7f22d8ea95a0>,22,28,[ 1 11],23,-1,51,-1,23
1,<environment.Job instance at 0x7f22d843e8c0>,23,22,[14  3],24,-1,46,-1,24
1,<environment.Job instance at 0x7f22d843e690>,24,28,[14  4],25,-1,53,-1,25
1,<environment.Job instance at 0x7f22d843ecd0>,25,27,[13  4],26,-1,53,-1,26
1,<environment.Job instance at 0x7f22d843eaa0>,26,27,[ 5 11],27,-1,54,-1,27
1,<environment.Job instance at 0x7f22d843e190>,27,27,[6 4],28,-1,55,-1,28
1,<environment.Job instance at 0x7f22d843e820>,28,17,[14  2],29,-1,46,-1,29
1,<environment.Job instance at 0x7f22d95b5050>,29,24,[ 1 12],30,-1,54,-1,30
1,<environment.Job instance at 0x7f22d95b5870>,30,24,[14  5],31,-1,55,-1,31
1,<environment.Job instance at 0x7f22d95b5d20>,31,18,[ 1 14],32,-1,50,-1,32
1,<environment.Job instance at 0x7f22d95b5460>,32,15,[ 1 13],33,-1,48,-1,33
1,<environment.Job instance at 0x7f22d80b99b0>,34,21,[12  2],35,-1,56,-1,35
1,<environment.Job instance at 0x7f22d80b9870>,35,27,[ 4 12],36,-1,63,-1,36
1,<environment.Job instance at 0x7f22d80b9960>,36,20,[ 5 11],37,-1,57,-1,37
1,<environment.Job instance at 0x7f22d803bb90>,37,23,[ 3 13],38,-1,61,-1,38
1,<environment.Job instance at 0x7f22d803b190>,38,28,[12  3],39,-1,67,-1,39
1,<environment.Job instance at 0x7f22d803be60>,39,23,[14  2],40,-1,63,-1,40
1,<environment.Job instance at 0x7f22d803bb40>,40,26,[ 2 11],41,-1,67,-1,41
1,<environment.Job instance at 0x7f22d803b5f0>,41,27,[6 4],42,-1,69,-1,42
1,<environment.Job instance at 0x7f22d803b8c0>,42,25,[ 4 14],43,-1,68,-1,43
1,<environment.Job instance at 0x7f22d803b550>,43,17,[ 2 13],44,-1,61,-1,44
1,<environment.Job instance at 0x7f22d803bd70>,44,26,[13  2],45,-1,71,-1,45
1,<environment.Job instance at 0x7f22d803b780>,45,24,[14  3],46,-1,70,-1,46
1,<environment.Job instance at 0x7f22d803b500>,46,24,[13  5],47,-1,71,-1,47
1,<environment.Job instance at 0x7f22d803b640>,47,12,[ 4 13],48,-1,60,-1,48
1,<environment.Job instance at 0x7f22d803bcd0>,48,27,[14  3],49,-1,76,-1,49
1,<environment.Job instance at 0x7f22d803bc80>,50,26,[ 5 11],51,-1,77,-1,51
1,<environment.Job instance at 0x7f22d803b410>,51,27,[12  5],52,-1,79,-1,52
1,<environment.Job instance at 0x7f22d803bdc0>,53,20,[11  1],54,-1,74,-1,54
1,<environment.Job instance at 0x7f22d844dd20>,54,26,[ 1 13],55,-1,81,-1,55
1,<environment.Job instance at 0x7f22d844dcd0>,55,13,[ 1 13],56,-1,69,-1,56
1,<environment.Job instance at 0x7f22d844dfa0>,56,18,[12  5],57,-1,75,-1,57
1,<environment.Job instance at 0x7f22d80931e0>,57,24,[ 5 12],58,-1,82,-1,58
1,<environment.Job instance at 0x7f22d8093eb0>,58,22,[ 3 14],59,-1,81,-1,59
1,<environment.Job instance at 0x7f22d8093730>,59,21,[ 2 11],60,-1,81,-1,60
1,<environment.Job instance at 0x7f22d843e640>,61,20,[ 3 14],62,-1,82,-1,62
1,<environment.Job instance at 0x7f22d8093b40>,60,19,[13  2],61,-1,81,-1,62
1,<environment.Job instance at 0x7f22d8093370>,62,15,[ 1 12],63,-1,78,-1,63
1,<environment.Job instance at 0x7f22d8093c30>,63,25,[14  2],64,-1,89,-1,64
1,<environment.Job instance at 0x7f22d8093b90>,64,22,[11  3],65,-1,87,-1,65
1,<environment.Job instance at 0x7f22d80930a0>,65,16,[14  2],66,-1,82,-1,66
1,<environment.Job instance at 0x7f22d8093780>,66,26,[9 2],67,-1,93,-1,67
1,<environment.Job instance at 0x7f22d8093a00>,67,26,[ 2 10],68,-1,94,-1,68
1,<environment.Job instance at 0x7f22d8093460>,69,25,[5 5],70,-1,95,-1,70
1,<environment.Job instance at 0x7f22d8093e10>,70,20,[ 3 12],71,-1,91,-1,71
1,<environment.Job instance at 0x7f22d8093500>,72,26,[ 2 11],73,-1,99,-1,73
1,<environment.Job instance at 0x7f22d8093960>,73,27,[7 4],74,-1,101,-1,74
1,<environment.Job instance at 0x7f22d8093140>,74,19,[ 2 13],75,-1,94,-1,75
1,<environment.Job instance at 0x7f22d8093fa0>,76,24,[7 2],77,-1,101,-1,77
1,<environment.Job instance at 0x7f22d8084460>,75,20,[12  3],76,-1,97,-1,77
1,<environment.Job instance at 0x7f22d8084aa0>,77,22,[14  3],78,-1,100,-1,78
1,<environment.Job instance at 0x7f22d80840f0>,78,26,[12  1],79,-1,105,-1,79
1,<environment.Job instance at 0x7f22d80848c0>,79,28,[ 3 12],80,-1,108,-1,80
1,<environment.Job instance at 0x7f22d8084c80>,81,25,[14  4],82,-1,107,-1,82
1,<environment.Job instance at 0x7f22d80845f0>,82,26,[11  3],83,-1,109,-1,83
1,<environment.Job instance at 0x7f22d8084690>,83,26,[3 7],84,-1,110,-1,84
1,<environment.Job instance at 0x7f22d8084eb0>,85,23,[ 4 13],86,-1,109,-1,86
1,<environment.Job instance at 0x7f22d8084cd0>,86,19,[11  1],87,-1,106,-1,87
1,<environment.Job instance at 0x7f22d80840a0>,87,26,[11  4],88,-1,114,-1,88
1,<environment.Job instance at 0x7f22d8084870>,89,21,[ 2 13],90,-1,111,-1,90
1,<environment.Job instance at 0x7f22d926f690>,90,19,[11  1],91,-1,110,-1,91
1,<environment.Job instance at 0x7f22d926fa00>,91,13,[ 4 11],92,-1,105,-1,92
1,<environment.Job instance at 0x7f22d8046460>,92,22,[12  4],93,-1,115,-1,93
1,<environment.Job instance at 0x7f22d8046910>,93,16,[14  5],94,-1,110,-1,94
1,<environment.Job instance at 0x7f22d8046a00>,94,20,[ 3 12],95,-1,115,-1,95
1,<environment.Job instance at 0x7f22d8046640>,95,28,[13  5],96,-1,124,-1,96
1,<environment.Job instance at 0x7f22d8046e10>,96,23,[14  3],97,-1,120,-1,97
1,<environment.Job instance at 0x7f22d8046dc0>,97,25,[ 2 14],98,-1,123,-1,98
1,<environment.Job instance at 0x7f22d8046e60>,101,24,[13  3],102,-1,126,-1,102
1,<environment.Job instance at 0x7f22d8046820>,104,22,[ 3 11],105,-1,142,-1,120
1,<environment.Job instance at 0x7f22d80461e0>,106,19,[ 2 11],107,-1,142,-1,123
1,<environment.Job instance at 0x7f22d9375780>,107,18,[ 5 13],108,-1,141,-1,123
1,<environment.Job instance at 0x7f22d93759b0>,108,28,[ 5 11],109,-1,151,-1,123
1,<environment.Job instance at 0x7f22d93755a0>,109,27,[12  1],110,-1,150,-1,123
1,<environment.Job instance at 0x7f22d9375eb0>,110,22,[13  3],111,-1,145,-1,123
1,<environment.Job instance at 0x7f22d9375230>,111,17,[13  4],112,-1,140,-1,123
1,<environment.Job instance at 0x7f22d8ba7280>,112,28,[ 5 11],113,-1,151,-1,123
1,<environment.Job instance at 0x7f22d8ba7320>,114,22,[ 1 14],115,-1,162,-1,140
1,<environment.Job instance at 0x7f22d8ba7af0>,115,24,[13  4],116,-1,164,-1,140
1,<environment.Job instance at 0x7f22d8ba78c0>,116,24,[ 4 13],117,-1,164,-1,140
1,<environment.Job instance at 0x7f22d8ba7820>,117,19,[ 5 14],118,-1,159,-1,140
1,<environment.Job instance at 0x7f22d8ba7960>,118,19,[14  3],119,-1,159,-1,140
1,<environment.Job instance at 0x7f22d8ba7a00>,119,26,[8 4],120,-1,166,-1,140
1,<environment.Job instance at 0x7f22d804b780>,120,14,[13  2],121,-1,154,-1,140
1,<environment.Job instance at 0x7f22d8ba7dc0>,121,22,[ 5 13],122,-1,162,-1,140
1,<environment.Job instance at 0x7f22d804b190>,122,24,[ 1 14],123,-1,164,-1,140
1,<environment.Job instance at 0x7f22d804b7d0>,123,28,[13  5],124,-1,168,-1,140
1,<environment.Job instance at 0x7f22d804b9b0>,124,22,[12  4],125,-1,162,-1,140
1,<environment.Job instance at 0x7f22d804b2d0>,126,24,[14  5],127,-1,167,-1,143
1,<environment.Job instance at 0x7f22d804b140>,127,19,[13  1],128,-1,162,-1,143
1,<environment.Job instance at 0x7f22d804bbe0>,128,23,[11  5],129,-1,166,-1,143
1,<environment.Job instance at 0x7f22d804ba00>,129,23,[ 2 12],130,-1,166,-1,143
1,<environment.Job instance at 0x7f22d921b2d0>,1,26,[ 3 14],2,-1,28,-1,2
1,<environment.Job instance at 0x7f22d804b8c0>,3,14,[ 3 14],4,-1,18,-1,4
1,<environment.Job instance at 0x7f22d95e9370>,4,20,[ 4 11],5,-1,25,-1,5
1,<environment.Job instance at 0x7f22d95e9eb0>,6,22,[11  1],7,-1,29,-1,7
1,<environment.Job instance at 0x7f22d95e9a00>,7,20,[ 1 14],8,-1,28,-1,8
1,<environment.Job instance at 0x7f22d95e9820>,8,24,[4 6],9,-1,34,-1,10
1,<environment.Job instance at 0x7f22d95e90f0>,10,27,[ 1 11],11,-1,38,-1,11
1,<environment.Job instance at 0x7f22d95e9b90>,11,25,[ 1 12],12,-1,37,-1,12
1,<environment.Job instance at 0x7f22d95df230>,12,18,[ 4 14],13,-1,31,-1,13
1,<environment.Job instance at 0x7f22d95df5f0>,13,18,[ 1 11],14,-1,32,-1,14
1,<environment.Job instance at 0x7f22d95d30a0>,14,21,[ 5 10],15,-1,36,-1,15
1,<environment.Job instance at 0x7f22d95d39b0>,15,14,[ 1 14],16,-1,30,-1,16
1,<environment.Job instance at 0x7f22d95d3c30>,16,23,[4 8],17,-1,40,-1,17
1,<environment.Job instance at 0x7f22d95d3cd0>,17,21,[ 5 12],18,-1,39,-1,18
1,<environment.Job instance at 0x7f22d95d3a50>,18,21,[ 1 13],19,-1,40,-1,19
1,<environment.Job instance at 0x7f22d95c12d0>,22,26,[4 6],23,-1,65,-1,39
1,<environment.Job instance at 0x7f22d95d3af0>,23,20,[11  3],24,-1,59,-1,39
1,<environment.Job instance at 0x7f22d95d3190>,24,22,[ 1 10],25,-1,62,-1,40
1,<environment.Job instance at 0x7f22d95d0410>,25,28,[11  5],26,-1,68,-1,40
1,<environment.Job instance at 0x7f22d95d0d70>,26,22,[ 1 13],27,-1,62,-1,40
1,<environment.Job instance at 0x7f22d95d0730>,27,14,[12  1],28,-1,54,-1,40
1,<environment.Job instance at 0x7f22d95d0a50>,28,27,[11  2],29,-1,67,-1,40
1,<environment.Job instance at 0x7f22d95d0be0>,29,13,[12  5],30,-1,53,-1,40
1,<environment.Job instance at 0x7f22d95d0960>,30,15,[13  2],31,-1,55,-1,40
1,<environment.Job instance at 0x7f22d959f320>,31,19,[ 4 13],32,-1,59,-1,40
1,<environment.Job instance at 0x7f22d959f730>,32,21,[ 5 12],33,-1,61,-1,40
1,<environment.Job instance at 0x7f22d959ffa0>,33,20,[14  2],34,-1,60,-1,40
1,<environment.Job instance at 0x7f22d96025a0>,36,16,[12  5],37,-1,77,-1,61
1,<environment.Job instance at 0x7f22d95c30f0>,37,12,[ 1 12],38,-1,73,-1,61
1,<environment.Job instance at 0x7f22d95c3780>,38,18,[11  4],39,-1,79,-1,61
1,<environment.Job instance at 0x7f22d9251690>,39,15,[ 1 14],40,-1,76,-1,61
1,<environment.Job instance at 0x7f22d87aef00>,41,23,[2 5],42,-1,106,-1,83
1,<environment.Job instance at 0x7f22d95f0320>,42,28,[14  3],43,-1,111,-1,83
1,<environment.Job instance at 0x7f22d95f0d20>,43,25,[ 5 11],44,-1,108,-1,83
1,<environment.Job instance at 0x7f22d8815eb0>,44,19,[ 2 12],45,-1,102,-1,83
1,<environment.Job instance at 0x7f22d88158c0>,45,26,[11  1],46,-1,109,-1,83
1,<environment.Job instance at 0x7f22d8815550>,46,27,[10  2],47,-1,110,-1,83
1,<environment.Job instance at 0x7f22d88018c0>,47,27,[13  1],48,-1,110,-1,83
1,<environment.Job instance at 0x7f22d927ca00>,48,22,[ 2 13],49,-1,105,-1,83
1,<environment.Job instance at 0x7f22d9261a50>,49,12,[ 5 14],50,-1,95,-1,83
1,<environment.Job instance at 0x7f22d8808d70>,50,28,[11  4],51,-1,111,-1,83
1,<environment.Job instance at 0x7f22d8808370>,51,23,[13  4],52,-1,106,-1,83
1,<environment.Job instance at 0x7f22d87d7b40>,52,25,[ 4 12],53,-1,108,-1,83
1,<environment.Job instance at 0x7f22d87d70f0>,53,26,[ 5 11],54,-1,109,-1,83
1,<environment.Job instance at 0x7f22d87d7960>,54,21,[ 4 14],55,-1,104,-1,83
1,<environment.Job instance at 0x7f22d87f8eb0>,55,17,[ 3 13],56,-1,100,-1,83
1,<environment.Job instance at 0x7f22d87f8d70>,56,25,[ 2 10],57,-1,108,-1,83
1,<environment.Job instance at 0x7f22d87f8f00>,57,23,[7 1],58,-1,106,-1,83
1,<environment.Job instance at 0x7f22d87f85a0>,58,13,[11  5],59,-1,96,-1,83
1,<environment.Job instance at 0x7f22d87fec80>,64,25,[11  4],65,-1,150,-1,125
1,<environment.Job instance at 0x7f22d87fe780>,65,20,[ 3 11],66,-1,145,-1,125
1,<environment.Job instance at 0x7f22d87feb40>,67,21,[ 2 14],68,-1,163,-1,142
1,<environment.Job instance at 0x7f22d87fef50>,68,17,[ 3 12],69,-1,159,-1,142
1,<environment.Job instance at 0x7f22d87fedc0>,69,16,[ 4 14],70,-1,158,-1,142
1,<environment.Job instance at 0x7f22d87feeb0>,70,21,[ 1 11],71,-1,163,-1,142
1,<environment.Job instance at 0x7f22d87fe1e0>,71,15,[11  5],72,-1,157,-1,142
1,<environment.Job instance at 0x7f22d87feb90>,72,20,[ 2 14],73,-1,162,-1,142
1,<environment.Job instance at 0x7f22d87fe0a0>,73,27,[ 5 12],74,-1,169,-1,142
1,<environment.Job instance at 0x7f22d87fe050>,74,27,[7 3],75,-1,169,-1,142
1,<environment.Job instance at 0x7f22d87fe9b0>,75,20,[12  3],76,-1,162,-1,142
1,<environment.Job instance at 0x7f22d8161af0>,76,12,[ 3 13],77,-1,154,-1,142
1,<environment.Job instance at 0x7f22d8161b90>,77,25,[12  3],78,-1,167,-1,142
1,<environment.Job instance at 0x7f22d8161c30>,78,23,[11  5],79,-1,165,-1,142
1,<environment.Job instance at 0x7f22d8161cd0>,79,27,[7 3],80,-1,169,-1,142
1,<environment.Job instance at 0x7f22d8161d70>,80,22,[3 9],81,-1,164,-1,142
1,<environment.Job instance at 0x7f22d8161e10>,81,13,[13  3],82,-1,155,-1,142
1,<environment.Job instance at 0x7f22d8161eb0>,82,12,[12  5],83,-1,154,-1,142
1,<environment.Job instance at 0x7f22d8161aa0>,83,21,[12  5],84,-1,163,-1,142
1,<environment.Job instance at 0x7f22d8161a00>,84,22,[14  5],85,-1,164,-1,142
1,<environment.Job instance at 0x7f22d817f1e0>,85,19,[11  2],86,-1,161,-1,142
1,<environment.Job instance at 0x7f22d8161fa0>,86,22,[10  3],87,-1,167,-1,145
1,<environment.Job instance at 0x7f22d817f3c0>,88,21,[12  5],89,-1,166,-1,145
1,<environment.Job instance at 0x7f22d817f460>,89,27,[ 2 13],90,-1,172,-1,145
1,<environment.Job instance at 0x7f22d817f500>,90,21,[ 1 12],91,-1,166,-1,145
1,<environment.Job instance at 0x7f22d8899f00>,1,26,[12  3],2,-1,28,-1,2
1,<environment.Job instance at 0x7f22d817f370>,2,27,[11  2],3,-1,30,-1,3
1,<environment.Job instance at 0x7f22d8899550>,3,12,[ 3 13],4,-1,16,-1,4
1,<environment.Job instance at 0x7f22d88991e0>,4,28,[13  1],5,-1,33,-1,5
1,<environment.Job instance at 0x7f22d88993c0>,5,22,[14  1],6,-1,28,-1,6
1,<environment.Job instance at 0x7f22d8899370>,6,28,[ 3 13],7,-1,35,-1,7
1,<environment.Job instance at 0x7f22d88990a0>,7,20,[ 3 11],8,-1,28,-1,8
1,<environment.Job instance at 0x7f22d889d230>,9,24,[12  2],10,-1,34,-1,10
1,<environment.Job instance at 0x7f22d889d140>,10,27,[ 1 13],11,-1,38,-1,11
1,<environment.Job instance at 0x7f22d889d870>,11,24,[12  5],12,-1,36,-1,12
1,<environment.Job instance at 0x7f22d889d280>,12,19,[ 4 13],13,-1,32,-1,13
1,<environment.Job instance at 0x7f22d889d9b0>,13,24,[ 4 11],14,-1,38,-1,14
1,<environment.Job instance at 0x7f22d889df50>,14,21,[ 2 11],15,-1,36,-1,15
1,<environment.Job instance at 0x7f22d817f500>,16,27,[ 3 11],17,-1,44,-1,17
1,<environment.Job instance at 0x7f22d889deb0>,17,13,[12  5],18,-1,31,-1,18
1,<environment.Job instance at 0x7f22d889d050>,18,27,[8 2],19,-1,46,-1,19
1,<environment.Job instance at 0x7f22d889d500>,20,27,[8 4],21,-1,48,-1,21
1,<environment.Job instance at 0x7f22d889d1e0>,19,22,[11  3],20,-1,43,-1,21
1,<environment.Job instance at 0x7f22d889d8c0>,21,15,[ 4 14],22,-1,37,-1,22
1,<environment.Job instance at 0x7f22d889dd70>,22,23,[14  5],23,-1,46,-1,23
1,<environment.Job instance at 0x7f22d889d6e0>,23,22,[13  2],24,-1,46,-1,24
1,<environment.Job instance at 0x7f22d889d910>,24,24,[ 2 14],25,-1,49,-1,25
1,<environment.Job instance at 0x7f22d889d460>,25,24,[5 7],26,-1,50,-1,26
1,<environment.Job instance at 0x7f22d889dd20>,27,27,[ 5 14],28,-1,55,-1,28
1,<environment.Job instance at 0x7f22d889d2d0>,26,13,[14  2],27,-1,41,-1,28
1,<environment.Job instance at 0x7f22d889d7d0>,28,28,[11  4],29,-1,57,-1,29
1,<environment.Job instance at 0x7f22d8898550>,29,23,[ 1 13],30,-1,53,-1,30
1,<environment.Job instance at 0x7f22d88982d0>,30,24,[ 2 11],31,-1,55,-1,31
1,<environment.Job instance at 0x7f22d8898780>,31,26,[11  1],32,-1,58,-1,32
1,<environment.Job instance at 0x7f22d88987d0>,32,25,[ 1 12],33,-1,58,-1,33
1,<environment.Job instance at 0x7f22d8898c80>,33,26,[14  3],34,-1,60,-1,34
1,<environment.Job instance at 0x7f22d8898be0>,34,25,[13  5],35,-1,60,-1,35
1,<environment.Job instance at 0x7f22d8898cd0>,35,24,[5 3],36,-1,60,-1,36
1,<environment.Job instance at 0x7f22d8898fa0>,36,15,[ 1 14],37,-1,52,-1,37
1,<environment.Job instance at 0x7f22d8898410>,37,24,[5 2],38,-1,62,-1,38
1,<environment.Job instance at 0x7f22d88985a0>,38,25,[13  4],39,-1,64,-1,39
1,<environment.Job instance at 0x7f22d8898190>,40,20,[ 4 13],41,-1,61,-1,41
1,<environment.Job instance at 0x7f22d8898f00>,41,17,[13  2],42,-1,59,-1,42
1,<environment.Job instance at 0x7f22d8898960>,42,20,[ 1 11],43,-1,63,-1,43
1,<environment.Job instance at 0x7f22d8898320>,44,26,[11  3],45,-1,71,-1,45
1,<environment.Job instance at 0x7f22d8898a50>,46,20,[14  4],47,-1,67,-1,47
1,<environment.Job instance at 0x7f22d889d640>,48,22,[ 1 11],49,-1,71,-1,49
1,<environment.Job instance at 0x7f22d88986e0>,49,20,[ 3 11],50,-1,70,-1,50
1,<environment.Job instance at 0x7f22d8898230>,50,22,[11  4],51,-1,74,-1,52
1,<environment.Job instance at 0x7f22d9657eb0>,52,20,[12  1],53,-1,73,-1,53
1,<environment.Job instance at 0x7f22d9657320>,55,26,[9 5],56,-1,82,-1,56
1,<environment.Job instance at 0x7f22d9657d70>,56,27,[ 2 14],57,-1,84,-1,57
1,<environment.Job instance at 0x7f22d96575f0>,58,20,[ 4 11],59,-1,79,-1,59
1,<environment.Job instance at 0x7f22d9657aa0>,59,16,[ 1 11],60,-1,76,-1,60
1,<environment.Job instance at 0x7f22d96574b0>,60,28,[12  4],61,-1,89,-1,61
1,<environment.Job instance at 0x7f22d9657500>,63,19,[12  4],64,-1,93,-1,74
1,<environment.Job instance at 0x7f22d96575a0>,64,19,[11  1],65,-1,93,-1,74
1,<environment.Job instance at 0x7f22d96579b0>,65,21,[ 1 12],66,-1,95,-1,74
1,<environment.Job instance at 0x7f22d9657280>,66,22,[14  4],67,-1,96,-1,74
1,<environment.Job instance at 0x7f22d9657690>,67,14,[ 1 11],68,-1,88,-1,74
1,<environment.Job instance at 0x7f22d9657a50>,68,26,[1 8],69,-1,100,-1,74
1,<environment.Job instance at 0x7f22d9657cd0>,69,19,[ 1 13],70,-1,93,-1,74
1,<environment.Job instance at 0x7f22d9657f00>,70,26,[ 2 10],71,-1,100,-1,74
1,<environment.Job instance at 0x7f22d9657460>,71,19,[14  4],72,-1,93,-1,74
1,<environment.Job instance at 0x7f22d9657640>,72,27,[ 1 12],73,-1,101,-1,74
1,<environment.Job instance at 0x7f22d9657dc0>,73,24,[5 5],74,-1,98,-1,74
1,<environment.Job instance at 0x7f22d9653eb0>,74,23,[ 3 12],75,-1,98,-1,75
1,<environment.Job instance at 0x7f22d96537d0>,75,26,[ 5 13],76,-1,102,-1,76
1,<environment.Job instance at 0x7f22d96535f0>,76,19,[12  2],77,-1,96,-1,77
1,<environment.Job instance at 0x7f22d896f730>,77,15,[11  1],78,-1,93,-1,78
1,<environment.Job instance at 0x7f22d896f410>,78,19,[13  4],79,-1,98,-1,79
1,<environment.Job instance at 0x7f22d896f190>,79,14,[11  3],80,-1,94,-1,80
1,<environment.Job instance at 0x7f22d896f3c0>,80,12,[ 3 11],81,-1,93,-1,81
1,<environment.Job instance at 0x7f22d896f320>,83,23,[ 5 12],84,-1,110,-1,87
1,<environment.Job instance at 0x7f22d896f690>,84,27,[6 1],85,-1,114,-1,87
1,<environment.Job instance at 0x7f22d896f7d0>,85,20,[ 1 11],86,-1,107,-1,87
1,<environment.Job instance at 0x7f22d896ff00>,86,15,[12  2],87,-1,102,-1,87
1,<environment.Job instance at 0x7f22d896fbe0>,87,24,[12  4],88,-1,112,-1,88
1,<environment.Job instance at 0x7f22d8965370>,88,23,[11  3],89,-1,112,-1,89
1,<environment.Job instance at 0x7f22d8965730>,89,25,[11  5],90,-1,115,-1,90
1,<environment.Job instance at 0x7f22d8965d20>,90,26,[ 5 13],91,-1,117,-1,91
1,<environment.Job instance at 0x7f22d8965dc0>,91,19,[ 3 12],92,-1,111,-1,92
1,<environment.Job instance at 0x7f22d8965e60>,92,25,[12  3],93,-1,118,-1,93
1,<environment.Job instance at 0x7f22d8965c30>,93,14,[ 5 12],94,-1,108,-1,94
1,<environment.Job instance at 0x7f22d8965780>,94,20,[ 3 14],95,-1,115,-1,95
1,<environment.Job instance at 0x7f22d89653c0>,95,24,[13  2],96,-1,120,-1,96
1,<environment.Job instance at 0x7f22d8965460>,99,20,[12  1],100,-1,123,-1,103
1,<environment.Job instance at 0x7f22d89654b0>,101,22,[13  1],102,-1,145,-1,123
1,<environment.Job instance at 0x7f22d8965230>,102,20,[11  1],103,-1,143,-1,123
1,<environment.Job instance at 0x7f22d8965a00>,103,22,[12  2],104,-1,145,-1,123
1,<environment.Job instance at 0x7f22d8965140>,105,21,[12  3],106,-1,144,-1,123
1,<environment.Job instance at 0x7f22d91d1960>,106,28,[6 2],107,-1,151,-1,123
1,<environment.Job instance at 0x7f22d91d15f0>,107,21,[ 2 11],108,-1,144,-1,123
1,<environment.Job instance at 0x7f22d91d1be0>,108,25,[8 3],109,-1,148,-1,123
1,<environment.Job instance at 0x7f22d91d1780>,109,25,[ 1 13],110,-1,148,-1,123
1,<environment.Job instance at 0x7f22d91d1a50>,110,27,[3 8],111,-1,150,-1,123
1,<environment.Job instance at 0x7f22d91d1910>,111,27,[11  5],112,-1,150,-1,123
1,<environment.Job instance at 0x7f22d91d1f00>,112,24,[14  3],113,-1,147,-1,123
1,<environment.Job instance at 0x7f22d91d13c0>,113,26,[ 1 12],114,-1,149,-1,123
1,<environment.Job instance at 0x7f22d91d1640>,114,24,[13  1],115,-1,147,-1,123
1,<environment.Job instance at 0x7f22d91d1280>,116,15,[ 4 12],117,-1,152,-1,137
1,<environment.Job instance at 0x7f22d91d1f50>,117,23,[ 5 13],118,-1,160,-1,137
1,<environment.Job instance at 0x7f22d91d1500>,118,23,[ 3 13],119,-1,160,-1,137
1,<environment.Job instance at 0x7f22d925fdc0>,119,26,[12  2],120,-1,163,-1,137
1,<environment.Job instance at 0x7f22d925ffa0>,120,21,[ 1 12],121,-1,158,-1,137
1,<environment.Job instance at 0x7f22d925f870>,121,16,[ 2 13],122,-1,153,-1,137
1,<environment.Job instance at 0x7f22d925f690>,122,23,[13  1],123,-1,160,-1,137
1,<environment.Job instance at 0x7f22d925f3c0>,123,28,[13  4],124,-1,165,-1,137
1,<environment.Job instance at 0x7f22d925f7d0>,124,25,[14  3],125,-1,162,-1,137
1,<environment.Job instance at 0x7f22d925f500>,125,15,[12  5],126,-1,152,-1,137
1,<environment.Job instance at 0x7f22d925f820>,126,24,[14  5],127,-1,161,-1,137
1,<environment.Job instance at 0x7f22d925fa00>,127,25,[ 4 12],128,-1,162,-1,137
1,<environment.Job instance at 0x7f22d925f410>,128,22,[ 2 14],129,-1,159,-1,137
1,<environment.Job instance at 0x7f22d925ff50>,129,25,[ 3 13],130,-1,162,-1,137
1,<environment.Job instance at 0x7f22d925fc80>,130,25,[13  3],131,-1,162,-1,137
1,<environment.Job instance at 0x7f22d925f190>,131,25,[ 2 11],132,-1,162,-1,137
1,<environment.Job instance at 0x7f22d925f960>,132,28,[11  3],133,-1,165,-1,137
1,<environment.Job instance at 0x7f22d925faa0>,133,18,[13  2],134,-1,155,-1,137
1,<environment.Job instance at 0x7f22d925f8c0>,134,28,[13  1],135,-1,165,-1,137
1,<environment.Job instance at 0x7f22d925f050>,135,23,[ 5 13],136,-1,160,-1,137
1,<environment.Job instance at 0x7f22d925f780>,136,23,[ 2 13],137,-1,160,-1,137
1,<environment.Job instance at 0x7f22d898d9b0>,137,28,[ 1 12],138,-1,166,-1,138
1,<environment.Job instance at 0x7f22d9276780>,138,25,[ 2 12],139,-1,164,-1,139
1,<environment.Job instance at 0x7f22d92766e0>,139,12,[ 4 14],140,-1,152,-1,140
1,<environment.Job instance at 0x7f22d9276280>,140,28,[12  3],141,-1,169,-1,141
1,<environment.Job instance at 0x7f22d9276690>,141,23,[11  2],142,-1,165,-1,142
1,<environment.Job instance at 0x7f22d9276aa0>,143,22,[ 3 13],144,-1,166,-1,144
1,<environment.Job instance at 0x7f22d9276d70>,144,27,[ 1 13],145,-1,172,-1,145
1,<environment.Job instance at 0x7f22d9276190>,145,23,[12  5],146,-1,169,-1,146
1,<environment.Job instance at 0x7f22d92767d0>,146,22,[ 3 12],147,-1,169,-1,147
1,<environment.Job instance at 0x7f22d9276dc0>,147,25,[ 4 12],148,-1,173,-1,148
1,<environment.Job instance at 0x7f22d927beb0>,148,13,[11  3],149,-1,162,-1,149
1,<environment.Job instance at 0x7f22d9119fa0>,1,13,[ 3 13],2,-1,15,-1,2
1,<environment.Job instance at 0x7f22d927bf50>,2,23,[14  4],3,-1,26,-1,3
1,<environment.Job instance at 0x7f22d82dc1e0>,3,17,[13  5],4,-1,21,-1,4
1,<environment.Job instance at 0x7f22d927beb0>,5,24,[12  4],6,-1,30,-1,6
1,<environment.Job instance at 0x7f22d82dc0a0>,4,22,[13  1],5,-1,28,-1,6
1,<environment.Job instance at 0x7f22d8030af0>,6,25,[12  3],7,-1,32,-1,7
1,<environment.Job instance at 0x7f22d8030a50>,7,27,[11  5],8,-1,35,-1,8
1,<environment.Job instance at 0x7f22d8030eb0>,8,25,[ 3 11],9,-1,34,-1,9
1,<environment.Job instance at 0x7f22d8030e60>,9,21,[ 2 13],10,-1,31,-1,10
1,<environment.Job instance at 0x7f22d8020fa0>,11,23,[ 3 11],12,-1,35,-1,12
1,<environment.Job instance at 0x7f22d8020550>,14,28,[14  1],15,-1,43,-1,15
1,<environment.Job instance at 0x7f22d8020410>,15,28,[4 5],16,-1,44,-1,16
1,<environment.Job instance at 0x7f22d8020190>,16,17,[ 3 14],17,-1,34,-1,17
1,<environment.Job instance at 0x7f22d8020370>,17,25,[12  5],18,-1,43,-1,18
1,<environment.Job instance at 0x7f22d8020960>,18,16,[ 1 12],19,-1,35,-1,19
1,<environment.Job instance at 0x7f22d8020050>,20,23,[5 9],21,-1,44,-1,21
1,<environment.Job instance at 0x7f22d82dd280>,21,24,[ 2 14],22,-1,46,-1,22
1,<environment.Job instance at 0x7f22d8047f00>,22,22,[11  4],23,-1,45,-1,23
1,<environment.Job instance at 0x7f22d8047140>,23,28,[11  2],24,-1,52,-1,24
1,<environment.Job instance at 0x7f22d8047a00>,24,28,[ 4 10],25,-1,53,-1,25
1,<environment.Job instance at 0x7f22d8047c80>,25,24,[6 2],26,-1,51,-1,27
1,<environment.Job instance at 0x7f22d8047460>,27,21,[ 5 12],28,-1,49,-1,28
1,<environment.Job instance at 0x7f22d8047910>,28,24,[ 4 12],29,-1,53,-1,29
1,<environment.Job instance at 0x7f22d80386e0>,30,26,[12  2],31,-1,57,-1,31
1,<environment.Job instance at 0x7f22d80e2c80>,31,28,[ 2 14],32,-1,60,-1,32
1,<environment.Job instance at 0x7f22d8047b40>,32,24,[ 1 11],33,-1,57,-1,33
1,<environment.Job instance at 0x7f22d80e5640>,33,17,[ 3 11],34,-1,51,-1,34
1,<environment.Job instance at 0x7f22d80e5b90>,34,22,[8 1],35,-1,57,-1,35
1,<environment.Job instance at 0x7f22d80e5550>,36,25,[14  1],37,-1,62,-1,37
1,<environment.Job instance at 0x7f22d90a0820>,37,20,[11  1],38,-1,58,-1,38
1,<environment.Job instance at 0x7f22d90b0320>,38,25,[ 2 14],39,-1,64,-1,39
1,<environment.Job instance at 0x7f22d8e4f5a0>,39,17,[ 2 14],40,-1,57,-1,40
1,<environment.Job instance at 0x7f22d8e41910>,40,24,[10  2],41,-1,65,-1,41
1,<environment.Job instance at 0x7f22d9093e10>,43,15,[ 2 13],44,-1,62,-1,47
1,<environment.Job instance at 0x7f22d8e38b40>,45,17,[ 2 13],46,-1,64,-1,47
1,<environment.Job instance at 0x7f22d8e5b140>,46,16,[14  4],47,-1,63,-1,47
1,<environment.Job instance at 0x7f22d88b5050>,47,22,[ 4 14],48,-1,70,-1,48
1,<environment.Job instance at 0x7f22d88b5a50>,48,23,[ 3 14],49,-1,72,-1,49
1,<environment.Job instance at 0x7f22d88b5640>,49,15,[13  2],50,-1,65,-1,50
1,<environment.Job instance at 0x7f22d8828960>,50,16,[12  4],51,-1,67,-1,51
1,<environment.Job instance at 0x7f22d8e550f0>,51,16,[11  2],52,-1,68,-1,52
1,<environment.Job instance at 0x7f22d8e55690>,52,17,[ 3 11],53,-1,70,-1,53
1,<environment.Job instance at 0x7f22d8e55460>,53,23,[14  2],54,-1,77,-1,54
1,<environment.Job instance at 0x7f22d8e55aa0>,54,24,[5 9],55,-1,79,-1,55
1,<environment.Job instance at 0x7f22d8e52d20>,55,12,[12  5],56,-1,68,-1,56
1,<environment.Job instance at 0x7f22d8e52d70>,56,28,[ 2 11],57,-1,85,-1,57
1,<environment.Job instance at 0x7f22d8e52e10>,57,26,[9 1],58,-1,84,-1,58
1,<environment.Job instance at 0x7f22d8e52eb0>,58,24,[14  5],59,-1,83,-1,59
1,<environment.Job instance at 0x7f22d8e52fa0>,59,23,[14  3],60,-1,83,-1,60
1,<environment.Job instance at 0x7f22d8e69050>,60,25,[ 1 12],61,-1,86,-1,61
1,<environment.Job instance at 0x7f22d8e69500>,61,25,[12  4],62,-1,87,-1,62
1,<environment.Job instance at 0x7f22d8e69140>,62,24,[ 3 11],63,-1,87,-1,63
1,<environment.Job instance at 0x7f22d8e69460>,63,25,[ 2 12],64,-1,89,-1,64
1,<environment.Job instance at 0x7f22d8e690f0>,64,22,[ 4 14],65,-1,87,-1,65
1,<environment.Job instance at 0x7f22d8e69aa0>,65,22,[13  5],66,-1,88,-1,66
1,<environment.Job instance at 0x7f22d8e695a0>,66,26,[11  3],67,-1,93,-1,67
1,<environment.Job instance at 0x7f22d8e69a50>,67,19,[14  1],68,-1,87,-1,68
1,<environment.Job instance at 0x7f22d8e69640>,69,23,[14  1],70,-1,93,-1,70
1,<environment.Job instance at 0x7f22d8e69be0>,70,21,[11  2],71,-1,92,-1,71
1,<environment.Job instance at 0x7f22d8e692d0>,71,22,[ 3 13],72,-1,94,-1,72
1,<environment.Job instance at 0x7f22d8e69c30>,72,22,[14  5],73,-1,95,-1,73
1,<environment.Job instance at 0x7f22d8e69a00>,73,26,[ 4 14],74,-1,100,-1,74
1,<environment.Job instance at 0x7f22d88d50f0>,74,18,[ 3 14],75,-1,93,-1,75
1,<environment.Job instance at 0x7f22d88d56e0>,75,22,[ 2 11],76,-1,98,-1,76
1,<environment.Job instance at 0x7f22d88d5820>,77,15,[ 1 12],78,-1,93,-1,78
1,<environment.Job instance at 0x7f22d88d5a00>,78,22,[ 2 11],79,-1,101,-1,79
1,<environment.Job instance at 0x7f22d88d5910>,79,23,[ 5 11],80,-1,103,-1,80
1,<environment.Job instance at 0x7f22d88d5a50>,80,24,[11  1],81,-1,105,-1,81
1,<environment.Job instance at 0x7f22d88d5af0>,81,23,[5 1],82,-1,107,-1,84
1,<environment.Job instance at 0x7f22d88d5d20>,83,13,[11  2],84,-1,97,-1,84
1,<environment.Job instance at 0x7f22d88d5cd0>,84,21,[ 2 13],85,-1,106,-1,85
1,<environment.Job instance at 0x7f22d88d5e10>,85,26,[11  3],86,-1,112,-1,86
1,<environment.Job instance at 0x7f22d88d5c80>,86,25,[11  3],87,-1,112,-1,87
1,<environment.Job instance at 0x7f22d88d5c30>,88,21,[ 3 11],89,-1,119,-1,98
1,<environment.Job instance at 0x7f22d88d5fa0>,89,19,[ 3 12],90,-1,117,-1,98
1,<environment.Job instance at 0x7f22d88a2190>,90,27,[5 8],91,-1,125,-1,98
1,<environment.Job instance at 0x7f22d88a22d0>,92,27,[13  3],93,-1,145,-1,118
1,<environment.Job instance at 0x7f22d88a2370>,93,20,[11  3],94,-1,138,-1,118
1,<environment.Job instance at 0x7f22d88a2410>,94,19,[11  5],95,-1,137,-1,118
1,<environment.Job instance at 0x7f22d88a24b0>,95,24,[ 1 12],96,-1,142,-1,118
1,<environment.Job instance at 0x7f22d88a2550>,96,19,[ 1 13],97,-1,137,-1,118
1,<environment.Job instance at 0x7f22d88a25f0>,97,19,[11  4],98,-1,137,-1,118
1,<environment.Job instance at 0x7f22d88a2730>,98,19,[14  5],99,-1,137,-1,118
1,<environment.Job instance at 0x7f22d88a2820>,100,19,[ 2 11],101,-1,158,-1,139
1,<environment.Job instance at 0x7f22d88a26e0>,101,24,[4 5],102,-1,163,-1,139
1,<environment.Job instance at 0x7f22d88a28c0>,102,27,[ 1 13],103,-1,166,-1,139
1,<environment.Job instance at 0x7f22d88a2960>,103,12,[13  2],104,-1,151,-1,139
1,<environment.Job instance at 0x7f22d88a2aa0>,105,26,[2 8],106,-1,166,-1,140
1,<environment.Job instance at 0x7f22d88a2b40>,106,23,[4 7],107,-1,163,-1,140
1,<environment.Job instance at 0x7f22d88a2be0>,107,12,[12  2],108,-1,152,-1,140
1,<environment.Job instance at 0x7f22d88a2c80>,108,21,[ 3 11],109,-1,161,-1,140
1,<environment.Job instance at 0x7f22d88a2d20>,109,22,[ 2 13],110,-1,162,-1,140
1,<environment.Job instance at 0x7f22d88a2dc0>,110,28,[ 4 12],111,-1,168,-1,140
1,<environment.Job instance at 0x7f22d88a2e60>,111,20,[ 3 12],112,-1,160,-1,140
1,<environment.Job instance at 0x7f22d88a2fa0>,113,18,[11  3],114,-1,158,-1,140
1,<environment.Job instance at 0x7f22d88bd0f0>,2,26,[ 4 13],3,-1,29,-1,3
1,<environment.Job instance at 0x7f22d9664b90>,3,24,[14  3],4,-1,28,-1,4
1,<environment.Job instance at 0x7f22d96641e0>,6,20,[11  4],7,-1,28,-1,8
1,<environment.Job instance at 0x7f22d9664370>,9,24,[11  5],10,-1,34,-1,10
1,<environment.Job instance at 0x7f22d9664730>,10,26,[14  2],11,-1,37,-1,11
1,<environment.Job instance at 0x7f22d96648c0>,11,12,[13  4],12,-1,24,-1,12
1,<environment.Job instance at 0x7f22d96646e0>,12,21,[ 1 14],13,-1,34,-1,13
1,<environment.Job instance at 0x7f22d9664780>,13,26,[ 1 14],14,-1,40,-1,14
1,<environment.Job instance at 0x7f22d9664690>,14,28,[ 4 13],15,-1,43,-1,15
1,<environment.Job instance at 0x7f22d96644b0>,15,27,[ 5 10],16,-1,43,-1,16
1,<environment.Job instance at 0x7f22d8fdbaa0>,16,22,[ 1 11],17,-1,39,-1,17
1,<environment.Job instance at 0x7f22d8fdb500>,17,21,[ 1 11],18,-1,39,-1,18
1,<environment.Job instance at 0x7f22d8fdbf50>,18,20,[ 5 13],19,-1,39,-1,19
1,<environment.Job instance at 0x7f22d8fdbe60>,19,27,[ 5 13],20,-1,47,-1,20
1,<environment.Job instance at 0x7f22d8fdb2d0>,20,15,[ 3 13],21,-1,36,-1,21
1,<environment.Job instance at 0x7f22d8fdb370>,21,18,[ 2 11],22,-1,40,-1,22
1,<environment.Job instance at 0x7f22d8fdb5f0>,22,18,[ 2 12],23,-1,41,-1,23
1,<environment.Job instance at 0x7f22d8fdb410>,23,22,[ 2 11],24,-1,46,-1,24
1,<environment.Job instance at 0x7f22d8fdb0f0>,27,24,[ 2 12],28,-1,55,-1,31
1,<environment.Job instance at 0x7f22d8fdb8c0>,32,24,[ 2 12],33,-1,103,-1,79
1,<environment.Job instance at 0x7f22d8fdb9b0>,33,23,[7 1],34,-1,102,-1,79
1,<environment.Job instance at 0x7f22d8fdb3c0>,34,23,[11  3],35,-1,102,-1,79
1,<environment.Job instance at 0x7f22d8fdb4b0>,35,26,[ 1 13],36,-1,105,-1,79
1,<environment.Job instance at 0x7f22d8fdb7d0>,36,24,[12  4],37,-1,103,-1,79
1,<environment.Job instance at 0x7f22d8fdbd70>,37,19,[ 2 12],38,-1,98,-1,79
1,<environment.Job instance at 0x7f22d94811e0>,38,27,[ 1 14],39,-1,106,-1,79
1,<environment.Job instance at 0x7f22d9481280>,39,20,[ 3 12],40,-1,99,-1,79
1,<environment.Job instance at 0x7f22d9481640>,40,19,[ 4 12],41,-1,98,-1,79
1,<environment.Job instance at 0x7f22d9481cd0>,41,28,[ 5 13],42,-1,107,-1,79
1,<environment.Job instance at 0x7f22d94810a0>,42,17,[ 2 14],43,-1,96,-1,79
1,<environment.Job instance at 0x7f22d94819b0>,43,27,[12  4],44,-1,106,-1,79
1,<environment.Job instance at 0x7f22d9481af0>,44,28,[11  2],45,-1,107,-1,79
1,<environment.Job instance at 0x7f22d9481b90>,45,17,[ 2 14],46,-1,96,-1,79
1,<environment.Job instance at 0x7f22d9481c80>,46,26,[12  5],47,-1,105,-1,79
1,<environment.Job instance at 0x7f22d94814b0>,47,25,[ 3 13],48,-1,104,-1,79
1,<environment.Job instance at 0x7f22d9481050>,48,22,[ 4 11],49,-1,101,-1,79
1,<environment.Job instance at 0x7f22d9481a00>,49,25,[ 1 12],50,-1,104,-1,79
1,<environment.Job instance at 0x7f22d9481410>,50,20,[11  1],51,-1,99,-1,79
1,<environment.Job instance at 0x7f22d9481370>,53,28,[13  5],54,-1,128,-1,100
1,<environment.Job instance at 0x7f22d9481230>,54,19,[ 1 13],55,-1,119,-1,100
1,<environment.Job instance at 0x7f22d9481e60>,56,26,[ 5 12],57,-1,126,-1,100
1,<environment.Job instance at 0x7f22d7eba5a0>,3,19,[ 3 11],4,-1,23,-1,4
1,<environment.Job instance at 0x7f22d7eba6e0>,4,28,[11  3],5,-1,33,-1,5
1,<environment.Job instance at 0x7f22d7ebaf50>,6,27,[14  3],7,-1,34,-1,7
1,<environment.Job instance at 0x7f22d7eba9b0>,11,24,[ 5 11],12,-1,65,-1,41
1,<environment.Job instance at 0x7f22d7eba410>,17,21,[ 4 12],18,-1,149,-1,128
1,<environment.Job instance at 0x7f22d81308c0>,1,26,[11  3],2,-1,28,-1,2
1,<environment.Job instance at 0x7f22d7ebaaf0>,2,27,[12  1],3,-1,30,-1,3
1,<environment.Job instance at 0x7f22d7ebab90>,4,13,[11  3],5,-1,18,-1,5
1,<environment.Job instance at 0x7f22d83c6aa0>,3,19,[14  2],4,-1,24,-1,5
1,<environment.Job instance at 0x7f22d8e45a00>,6,24,[ 1 13],7,-1,31,-1,7
1,<environment.Job instance at 0x7f22d8e45b40>,5,20,[14  5],6,-1,27,-1,7
1,<environment.Job instance at 0x7f22d8e45410>,8,26,[12  5],9,-1,35,-1,9
1,<environment.Job instance at 0x7f22d8e45f50>,9,27,[ 5 13],10,-1,37,-1,10
1,<environment.Job instance at 0x7f22d8e456e0>,10,28,[13  2],11,-1,39,-1,11
1,<environment.Job instance at 0x7f22d8e45690>,11,14,[ 2 13],12,-1,26,-1,12
1,<environment.Job instance at 0x7f22d8e45eb0>,12,28,[ 5 14],13,-1,41,-1,13
1,<environment.Job instance at 0x7f22d8e45c80>,14,13,[ 2 14],15,-1,28,-1,15
1,<environment.Job instance at 0x7f22d8e45aa0>,15,24,[ 3 14],16,-1,40,-1,16
1,<environment.Job instance at 0x7f22d8e45910>,16,20,[13  3],17,-1,37,-1,17
1,<environment.Job instance at 0x7f22d8e457d0>,17,21,[13  3],18,-1,39,-1,18
1,<environment.Job instance at 0x7f22d8e459b0>,18,28,[ 2 14],19,-1,47,-1,19
1,<environment.Job instance at 0x7f22d8e453c0>,19,19,[13  2],20,-1,39,-1,20
1,<environment.Job instance at 0x7f22d8e45fa0>,21,15,[ 2 11],22,-1,37,-1,22
1,<environment.Job instance at 0x7f22d80d9320>,24,23,[13  2],25,-1,48,-1,25
1,<environment.Job instance at 0x7f22d80d9cd0>,25,24,[11  1],26,-1,50,-1,26
1,<environment.Job instance at 0x7f22d80d9a00>,26,14,[ 3 13],27,-1,41,-1,27
1,<environment.Job instance at 0x7f22d80d9730>,27,22,[ 3 11],28,-1,50,-1,28
1,<environment.Job instance at 0x7f22d80d9780>,29,28,[14  1],30,-1,58,-1,30
1,<environment.Job instance at 0x7f22d80d9500>,30,19,[14  5],31,-1,50,-1,31
1,<environment.Job instance at 0x7f22d80d9c30>,31,27,[ 1 12],32,-1,59,-1,32
1,<environment.Job instance at 0x7f22d80d9f50>,32,23,[ 5 11],33,-1,56,-1,33
1,<environment.Job instance at 0x7f22d80d9370>,33,16,[12  1],34,-1,50,-1,34
1,<environment.Job instance at 0x7f22d80d92d0>,34,26,[14  2],35,-1,61,-1,35
1,<environment.Job instance at 0x7f22d80d9dc0>,35,14,[13  2],36,-1,50,-1,36
1,<environment.Job instance at 0x7f22d80d96e0>,37,27,[12  1],38,-1,65,-1,38
1,<environment.Job instance at 0x7f22d80d9230>,38,24,[12  1],39,-1,63,-1,39
1,<environment.Job instance at 0x7f22d80d9460>,39,23,[ 5 12],40,-1,63,-1,40
1,<environment.Job instance at 0x7f22d80d9d20>,41,22,[14  4],42,-1,64,-1,42
1,<environment.Job instance at 0x7f22d80d9550>,43,19,[14  2],44,-1,63,-1,44
1,<environment.Job instance at 0x7f22d80d9870>,44,26,[ 3 10],45,-1,71,-1,45
1,<environment.Job instance at 0x7f22d88e8a50>,45,28,[12  3],46,-1,74,-1,46
1,<environment.Job instance at 0x7f22d88e8050>,46,19,[ 2 11],47,-1,66,-1,47
1,<environment.Job instance at 0x7f22d88e8140>,47,26,[14  5],48,-1,74,-1,48
1,<environment.Job instance at 0x7f22d88e89b0>,48,23,[10  4],49,-1,72,-1,49
1,<environment.Job instance at 0x7f22d88e87d0>,49,24,[7 5],50,-1,74,-1,50
1,<environment.Job instance at 0x7f22d88e8d70>,52,28,[ 1 11],53,-1,81,-1,53
1,<environment.Job instance at 0x7f22d88e8eb0>,53,24,[ 3 13],54,-1,78,-1,54
1,<environment.Job instance at 0x7f22d88e8b90>,54,15,[13  3],55,-1,70,-1,55
1,<environment.Job instance at 0x7f22d88e8c30>,55,24,[14  5],56,-1,80,-1,56
1,<environment.Job instance at 0x7f22d88e88c0>,56,25,[14  3],57,-1,82,-1,57
1,<environment.Job instance at 0x7f22d88e8f00>,57,15,[ 5 13],58,-1,73,-1,58
1,<environment.Job instance at 0x7f22d88e8820>,58,27,[5 5],59,-1,86,-1,59
1,<environment.Job instance at 0x7f22d88e8230>,59,20,[ 5 13],60,-1,80,-1,60
1,<environment.Job instance at 0x7f22d88e80f0>,60,23,[14  5],61,-1,84,-1,61
1,<environment.Job instance at 0x7f22d88e82d0>,61,25,[12  3],62,-1,87,-1,62
1,<environment.Job instance at 0x7f22d8e93320>,62,28,[11  2],63,-1,91,-1,63
1,<environment.Job instance at 0x7f22d8e93eb0>,63,23,[12  3],64,-1,87,-1,64
1,<environment.Job instance at 0x7f22d8e93c30>,64,25,[ 3 13],65,-1,90,-1,65
1,<environment.Job instance at 0x7f22d8e93f50>,65,24,[ 3 14],66,-1,90,-1,66
1,<environment.Job instance at 0x7f22d8e93b90>,66,20,[11  4],67,-1,87,-1,67
1,<environment.Job instance at 0x7f22d8e93910>,67,20,[11  2],68,-1,88,-1,68
1,<environment.Job instance at 0x7f22d8e93d70>,68,20,[ 1 13],69,-1,89,-1,69
1,<environment.Job instance at 0x7f22d8e93960>,69,25,[10  3],70,-1,95,-1,70
1,<environment.Job instance at 0x7f22d8e935a0>,71,13,[12  1],72,-1,85,-1,72
1,<environment.Job instance at 0x7f22d8e93460>,72,20,[12  4],73,-1,93,-1,73
1,<environment.Job instance at 0x7f22d8e931e0>,73,26,[ 5 10],74,-1,100,-1,74
1,<environment.Job instance at 0x7f22d8e930a0>,74,27,[ 2 13],75,-1,102,-1,75
1,<environment.Job instance at 0x7f22d8e93c80>,75,20,[ 2 14],76,-1,96,-1,76
1,<environment.Job instance at 0x7f22d8e93d20>,76,20,[ 3 11],77,-1,97,-1,77
1,<environment.Job instance at 0x7f22d8e93b40>,77,20,[ 4 11],78,-1,98,-1,78
1,<environment.Job instance at 0x7f22d8e93550>,78,26,[ 2 11],79,-1,105,-1,79
1,<environment.Job instance at 0x7f22d8e93690>,79,20,[14  4],80,-1,100,-1,80
1,<environment.Job instance at 0x7f22d8e93870>,80,16,[ 4 12],81,-1,97,-1,81
1,<environment.Job instance at 0x7f22d8e935f0>,82,26,[ 1 12],83,-1,109,-1,83
1,<environment.Job instance at 0x7f22d88e86e0>,83,24,[13  3],84,-1,108,-1,84
1,<environment.Job instance at 0x7f22d91c8870>,84,12,[12  2],85,-1,97,-1,85
1,<environment.Job instance at 0x7f22d91c87d0>,85,28,[ 5 11],86,-1,114,-1,86
1,<environment.Job instance at 0x7f22d91c8a00>,86,16,[14  4],87,-1,103,-1,87
1,<environment.Job instance at 0x7f22d91c8af0>,87,21,[11  5],88,-1,109,-1,88
1,<environment.Job instance at 0x7f22d91c8e60>,88,20,[ 2 14],89,-1,109,-1,89
1,<environment.Job instance at 0x7f22d91c80a0>,89,22,[13  5],90,-1,112,-1,90
1,<environment.Job instance at 0x7f22d91c8d70>,90,22,[ 2 12],91,-1,113,-1,91
1,<environment.Job instance at 0x7f22d91c8050>,91,20,[10  1],92,-1,113,-1,93
1,<environment.Job instance at 0x7f22d91c8dc0>,93,22,[ 2 14],94,-1,116,-1,94
1,<environment.Job instance at 0x7f22d8a18f50>,1,25,[11  2],2,-1,27,-1,2
1,<environment.Job instance at 0x7f22d91c8780>,3,24,[ 4 13],4,-1,28,-1,4
1,<environment.Job instance at 0x7f22d91c83c0>,2,22,[14  5],3,-1,26,-1,4
1,<environment.Job instance at 0x7f22d8826910>,6,19,[12  1],7,-1,26,-1,7
1,<environment.Job instance at 0x7f22d8826730>,7,16,[14  3],8,-1,24,-1,8
1,<environment.Job instance at 0x7f22d8826be0>,8,27,[ 5 12],9,-1,36,-1,9
1,<environment.Job instance at 0x7f22d88265f0>,9,27,[ 3 14],10,-1,37,-1,10
1,<environment.Job instance at 0x7f22d8826e60>,10,28,[ 3 13],11,-1,39,-1,11
1,<environment.Job instance at 0x7f22d8826640>,11,28,[11  1],12,-1,40,-1,12
1,<environment.Job instance at 0x7f22d8826410>,12,25,[ 4 11],13,-1,38,-1,13
1,<environment.Job instance at 0x7f22d8826e10>,13,22,[11  4],14,-1,36,-1,14
1,<environment.Job instance at 0x7f22d8826370>,17,13,[ 1 14],18,-1,31,-1,18
1,<environment.Job instance at 0x7f22d8826230>,18,25,[1 8],19,-1,44,-1,19
1,<environment.Job instance at 0x7f22d8826aa0>,19,17,[ 3 13],20,-1,37,-1,20
1,<environment.Job instance at 0x7f22d8432f00>,21,20,[ 4 11],22,-1,42,-1,22
1,<environment.Job instance at 0x7f22d8432550>,22,19,[ 1 13],23,-1,42,-1,23
1,<environment.Job instance at 0x7f22d8432050>,23,27,[4 8],24,-1,51,-1,24
1,<environment.Job instance at 0x7f22d8432f50>,24,19,[ 3 11],25,-1,44,-1,25
1,<environment.Job instance at 0x7f22d8432dc0>,25,27,[14  3],26,-1,53,-1,26
1,<environment.Job instance at 0x7f22d8432230>,26,24,[11  3],27,-1,51,-1,27
1,<environment.Job instance at 0x7f22d8432960>,28,26,[ 3 11],29,-1,55,-1,29
1,<environment.Job instance at 0x7f22d8432320>,29,19,[13  1],30,-1,49,-1,30
1,<environment.Job instance at 0x7f22d8432190>,30,27,[12  4],31,-1,58,-1,31
1,<environment.Job instance at 0x7f22d84322d0>,32,24,[14  2],33,-1,57,-1,33
1,<environment.Job instance at 0x7f22d8432280>,33,22,[ 2 14],34,-1,56,-1,34
1,<environment.Job instance at 0x7f22d8432be0>,34,14,[ 4 12],35,-1,49,-1,35
1,<environment.Job instance at 0x7f22d84329b0>,35,26,[1 6],36,-1,62,-1,36
1,<environment.Job instance at 0x7f22d8826d70>,37,22,[ 3 14],38,-1,61,-1,39
1,<environment.Job instance at 0x7f22d8432c80>,38,26,[ 5 11],39,-1,65,-1,39
1,<environment.Job instance at 0x7f22d8432eb0>,39,26,[ 4 13],40,-1,66,-1,40
1,<environment.Job instance at 0x7f22d84320a0>,40,20,[ 3 10],41,-1,65,-1,45
1,<environment.Job instance at 0x7f22d8432780>,41,24,[11  4],42,-1,69,-1,45
1,<environment.Job instance at 0x7f22d8432fa0>,42,21,[13  3],43,-1,66,-1,45
1,<environment.Job instance at 0x7f22d8432e60>,43,19,[ 3 11],44,-1,64,-1,45
1,<environment.Job instance at 0x7f22d8293eb0>,44,14,[ 2 12],45,-1,59,-1,45
1,<environment.Job instance at 0x7f22d82935a0>,45,26,[ 3 10],46,-1,72,-1,46
1,<environment.Job instance at 0x7f22d8293f00>,46,27,[ 5 12],47,-1,74,-1,47
1,<environment.Job instance at 0x7f22d8293730>,47,14,[11  5],48,-1,62,-1,48
1,<environment.Job instance at 0x7f22d8293b40>,48,20,[13  3],49,-1,69,-1,49
1,<environment.Job instance at 0x7f22d8293960>,49,26,[13  4],50,-1,76,-1,50
1,<environment.Job instance at 0x7f22d82935f0>,50,25,[ 3 10],51,-1,76,-1,51
1,<environment.Job instance at 0x7f22d82937d0>,51,27,[ 4 11],52,-1,79,-1,52
1,<environment.Job instance at 0x7f22d8293050>,52,14,[ 2 11],53,-1,67,-1,53
1,<environment.Job instance at 0x7f22d8293550>,60,19,[ 4 14],61,-1,154,-1,135
1,<environment.Job instance at 0x7f22d8293e10>,61,27,[13  3],62,-1,162,-1,135
1,<environment.Job instance at 0x7f22d82931e0>,62,19,[12  3],63,-1,154,-1,135
1,<environment.Job instance at 0x7f22d8293aa0>,63,16,[11  1],64,-1,151,-1,135
1,<environment.Job instance at 0x7f22d8c6b050>,64,26,[12  2],65,-1,161,-1,135
1,<environment.Job instance at 0x7f22d8c6b820>,65,20,[ 3 14],66,-1,155,-1,135
1,<environment.Job instance at 0x7f22d8c6bf50>,66,13,[12  4],67,-1,148,-1,135
1,<environment.Job instance at 0x7f22d8c6b3c0>,67,28,[12  3],68,-1,163,-1,135
1,<environment.Job instance at 0x7f22d8c6b690>,68,24,[ 1 14],69,-1,159,-1,135
1,<environment.Job instance at 0x7f22d8c6b370>,69,23,[13  1],70,-1,158,-1,135
1,<environment.Job instance at 0x7f22d8c6baa0>,70,22,[ 3 13],71,-1,157,-1,135
1,<environment.Job instance at 0x7f22d8c6bcd0>,71,20,[ 3 13],72,-1,155,-1,135
1,<environment.Job instance at 0x7f22d8c6b4b0>,72,19,[11  4],73,-1,154,-1,135
1,<environment.Job instance at 0x7f22d8c6bd70>,73,20,[13  3],74,-1,155,-1,135
1,<environment.Job instance at 0x7f22d8c6b870>,74,21,[3 5],75,-1,156,-1,135
1,<environment.Job instance at 0x7f22d8c6b9b0>,75,20,[14  3],76,-1,155,-1,135
1,<environment.Job instance at 0x7f22d8c6b320>,76,19,[14  4],77,-1,154,-1,135
1,<environment.Job instance at 0x7f22d8c6bb40>,77,16,[14  4],78,-1,151,-1,135
1,<environment.Job instance at 0x7f22d8c6b780>,78,26,[ 2 12],79,-1,161,-1,135
1,<environment.Job instance at 0x7f22d8c6b460>,79,19,[12  2],80,-1,154,-1,135
1,<environment.Job instance at 0x7f22d8c6b960>,80,25,[ 5 12],81,-1,160,-1,135
1,<environment.Job instance at 0x7f22d8c6bd20>,81,25,[14  5],82,-1,160,-1,135
1,<environment.Job instance at 0x7f22d8c6bc30>,82,24,[14  2],83,-1,159,-1,135
1,<environment.Job instance at 0x7f22d8c6bc80>,84,14,[12  5],85,-1,152,-1,138
1,<environment.Job instance at 0x7f22d8c6b910>,85,26,[2 7],86,-1,164,-1,138
1,<environment.Job instance at 0x7f22d7f55af0>,1,20,[ 5 14],2,-1,22,-1,2
1,<environment.Job instance at 0x7f22d7f557d0>,2,28,[14  1],3,-1,31,-1,3
1,<environment.Job instance at 0x7f22d7f55050>,3,28,[ 4 12],4,-1,32,-1,4
1,<environment.Job instance at 0x7f22d7f55e60>,4,18,[12  5],5,-1,23,-1,5
1,<environment.Job instance at 0x7f22d7f550a0>,5,12,[ 1 14],6,-1,18,-1,6
1,<environment.Job instance at 0x7f22d7f556e0>,6,28,[ 2 13],7,-1,35,-1,7
1,<environment.Job instance at 0x7f22d856e690>,7,21,[14  1],8,-1,29,-1,8
1,<environment.Job instance at 0x7f22d856ee60>,8,13,[ 3 11],9,-1,22,-1,9
1,<environment.Job instance at 0x7f22d856eeb0>,9,22,[ 4 13],10,-1,32,-1,10
1,<environment.Job instance at 0x7f22d856e500>,10,23,[13  2],11,-1,34,-1,11
1,<environment.Job instance at 0x7f22d856e4b0>,14,14,[12  5],15,-1,29,-1,15
1,<environment.Job instance at 0x7f22d856e780>,15,24,[1 8],16,-1,41,-1,17
1,<environment.Job instance at 0x7f22d856e640>,17,16,[7 5],18,-1,60,-1,44
1,<environment.Job instance at 0x7f22d856e140>,21,19,[14  5],22,-1,63,-1,44
1,<environment.Job instance at 0x7f22d856eaa0>,22,20,[10  2],23,-1,64,-1,44
1,<environment.Job instance at 0x7f22d856ed70>,23,24,[ 5 12],24,-1,68,-1,44
1,<environment.Job instance at 0x7f22d8521b90>,24,25,[11  4],25,-1,69,-1,44
1,<environment.Job instance at 0x7f22d8521e10>,25,20,[13  2],26,-1,64,-1,44
1,<environment.Job instance at 0x7f22d8521dc0>,26,16,[ 1 11],27,-1,60,-1,44
1,<environment.Job instance at 0x7f22d8521640>,27,27,[12  3],28,-1,71,-1,44
1,<environment.Job instance at 0x7f22d85217d0>,28,16,[11  3],29,-1,60,-1,44
1,<environment.Job instance at 0x7f22d85213c0>,29,15,[14  5],30,-1,59,-1,44
1,<environment.Job instance at 0x7f22d8521190>,30,18,[ 2 14],31,-1,62,-1,44
1,<environment.Job instance at 0x7f22d8521c80>,31,20,[12  2],32,-1,64,-1,44
1,<environment.Job instance at 0x7f22d8521410>,32,13,[12  1],33,-1,57,-1,44
1,<environment.Job instance at 0x7f22d8521b40>,33,24,[14  2],34,-1,68,-1,44
1,<environment.Job instance at 0x7f22d8521f00>,34,17,[1 7],35,-1,63,-1,46
1,<environment.Job instance at 0x7f22d7dc5320>,35,19,[13  5],36,-1,65,-1,46
1,<environment.Job instance at 0x7f22d7dc57d0>,36,28,[ 2 13],37,-1,74,-1,46
1,<environment.Job instance at 0x7f22d7dc59b0>,37,14,[ 5 13],38,-1,60,-1,46
1,<environment.Job instance at 0x7f22d7dc52d0>,38,13,[ 2 11],39,-1,59,-1,46
1,<environment.Job instance at 0x7f22d7dc5b90>,39,25,[14  5],40,-1,71,-1,46
1,<environment.Job instance at 0x7f22d7dc5af0>,40,19,[13  3],41,-1,65,-1,46
1,<environment.Job instance at 0x7f22d7dc51e0>,41,16,[ 1 12],42,-1,62,-1,46
1,<environment.Job instance at 0x7f22d7dc5370>,42,18,[11  1],43,-1,64,-1,46
1,<environment.Job instance at 0x7f22d7dc5820>,43,26,[13  1],44,-1,72,-1,46
1,<environment.Job instance at 0x7f22d7dc5690>,44,25,[ 1 11],45,-1,71,-1,46
1,<environment.Job instance at 0x7f22d7dc5be0>,45,27,[11  1],46,-1,73,-1,46
1,<environment.Job instance at 0x7f22d7dc5a50>,46,26,[4 5],47,-1,73,-1,47
1,<environment.Job instance at 0x7f22d9127c30>,47,21,[12  2],48,-1,69,-1,48
1,<environment.Job instance at 0x7f22d9127af0>,48,27,[ 2 13],49,-1,76,-1,49
1,<environment.Job instance at 0x7f22d91270f0>,49,20,[ 2 11],50,-1,70,-1,50
1,<environment.Job instance at 0x7f22d9127370>,50,20,[14  1],51,-1,71,-1,51
1,<environment.Job instance at 0x7f22d9127e10>,51,27,[12  5],52,-1,79,-1,52
1,<environment.Job instance at 0x7f22d9127eb0>,54,18,[11  5],55,-1,80,-1,62
1,<environment.Job instance at 0x7f22d9127960>,55,20,[ 4 14],56,-1,82,-1,62
1,<environment.Job instance at 0x7f22d9127780>,56,18,[ 4 13],57,-1,80,-1,62
1,<environment.Job instance at 0x7f22d91276e0>,57,20,[ 2 11],58,-1,82,-1,62
1,<environment.Job instance at 0x7f22d9127230>,58,16,[12  1],59,-1,78,-1,62
1,<environment.Job instance at 0x7f22d9127e60>,59,23,[ 1 13],60,-1,85,-1,62
1,<environment.Job instance at 0x7f22d9127820>,60,19,[12  4],61,-1,81,-1,62
1,<environment.Job instance at 0x7f22d9127c80>,61,19,[ 3 11],62,-1,81,-1,62
1,<environment.Job instance at 0x7f22d9127f50>,62,26,[ 2 14],63,-1,89,-1,63
1,<environment.Job instance at 0x7f22d9127460>,63,14,[10  5],64,-1,78,-1,64
1,<environment.Job instance at 0x7f22d91277d0>,64,19,[12  1],65,-1,84,-1,65
1,<environment.Job instance at 0x7f22d9127050>,65,21,[11  3],66,-1,87,-1,66
1,<environment.Job instance at 0x7f22d86fef00>,66,26,[ 1 13],67,-1,93,-1,67
1,<environment.Job instance at 0x7f22d86fef50>,67,28,[14  1],68,-1,96,-1,68
1,<environment.Job instance at 0x7f22d86fedc0>,68,25,[ 2 14],69,-1,94,-1,69
1,<environment.Job instance at 0x7f22d9127b90>,70,28,[ 4 12],71,-1,99,-1,71
1,<environment.Job instance at 0x7f22d86fe3c0>,71,18,[ 4 13],72,-1,90,-1,72
1,<environment.Job instance at 0x7f22d86fe410>,72,23,[14  5],73,-1,96,-1,73
1,<environment.Job instance at 0x7f22d86fe050>,73,22,[13  3],74,-1,96,-1,74
1,<environment.Job instance at 0x7f22d86fe690>,74,13,[ 4 14],75,-1,88,-1,75
1,<environment.Job instance at 0x7f22d86fe9b0>,75,14,[ 1 12],76,-1,90,-1,76
1,<environment.Job instance at 0x7f22d86fe320>,76,13,[ 5 12],77,-1,90,-1,77
1,<environment.Job instance at 0x7f22d86feb40>,78,26,[ 4 12],79,-1,110,-1,84
1,<environment.Job instance at 0x7f22d86feaa0>,79,26,[ 2 14],80,-1,110,-1,84
1,<environment.Job instance at 0x7f22d86fe190>,80,22,[ 4 11],81,-1,106,-1,84
1,<environment.Job instance at 0x7f22d86fe500>,81,25,[12  2],82,-1,109,-1,84
1,<environment.Job instance at 0x7f22d86fe1e0>,82,13,[12  1],83,-1,97,-1,84
1,<environment.Job instance at 0x7f22d86fec30>,83,15,[14  4],84,-1,99,-1,84
1,<environment.Job instance at 0x7f22d86fe280>,84,22,[14  4],85,-1,107,-1,85
1,<environment.Job instance at 0x7f22d86fe5f0>,85,24,[13  4],86,-1,110,-1,86
1,<environment.Job instance at 0x7f22d96170f0>,86,19,[13  4],87,-1,106,-1,87
1,<environment.Job instance at 0x7f22d82f45f0>,88,25,[14  1],89,-1,114,-1,89
1,<environment.Job instance at 0x7f22d9092370>,89,28,[11  2],90,-1,118,-1,90
1,<environment.Job instance at 0x7f22d9092c30>,90,16,[ 5 12],91,-1,107,-1,91
1,<environment.Job instance at 0x7f22d9092a50>,91,19,[14  2],92,-1,111,-1,92
1,<environment.Job instance at 0x7f22d9477e10>,92,25,[ 1 14],93,-1,118,-1,93
1,<environment.Job instance at 0x7f22d9477cd0>,93,22,[12  5],94,-1,116,-1,94
1,<environment.Job instance at 0x7f22d9477c80>,94,23,[ 3 12],95,-1,118,-1,95
1,<environment.Job instance at 0x7f22d94775a0>,95,14,[12  3],96,-1,110,-1,96
1,<environment.Job instance at 0x7f22d8f28280>,96,28,[ 3 13],97,-1,125,-1,97
1,<environment.Job instance at 0x7f22d89953c0>,97,19,[14  1],98,-1,117,-1,98
1,<environment.Job instance at 0x7f22d85bd910>,98,23,[ 5 14],99,-1,122,-1,99
1,<environment.Job instance at 0x7f22d815a460>,99,19,[14  5],100,-1,119,-1,100
1,<environment.Job instance at 0x7f22d815a780>,100,24,[ 5 12],101,-1,125,-1,101
1,<environment.Job instance at 0x7f22d815a370>,101,26,[11  4],102,-1,128,-1,102
1,<environment.Job instance at 0x7f22d815abe0>,102,26,[11  3],103,-1,129,-1,103
1,<environment.Job instance at 0x7f22d960c640>,103,27,[12  3],104,-1,131,-1,104
1,<environment.Job instance at 0x7f22d9449910>,106,15,[14  2],107,-1,141,-1,126
1,<environment.Job instance at 0x7f22d872cb90>,108,26,[14  4],109,-1,157,-1,131
1,<environment.Job instance at 0x7f22d944e1e0>,110,24,[12  3],111,-1,167,-1,143
1,<environment.Job instance at 0x7f22d824fc30>,111,21,[14  2],112,-1,164,-1,143
1,<environment.Job instance at 0x7f22d94598c0>,112,12,[13  2],113,-1,155,-1,143
1,<environment.Job instance at 0x7f22d946f1e0>,114,28,[ 5 12],115,-1,173,-1,145
1,<environment.Job instance at 0x7f22d8f20730>,115,24,[ 1 12],116,-1,169,-1,145
1,<environment.Job instance at 0x7f22d7f77190>,116,23,[ 4 13],117,-1,168,-1,145
1,<environment.Job instance at 0x7f22d8b2e960>,3,19,[13  4],4,-1,23,-1,4
1,<environment.Job instance at 0x7f22d8b2ed20>,4,23,[ 5 10],5,-1,28,-1,5
1,<environment.Job instance at 0x7f22d8b2e2d0>,5,28,[12  3],6,-1,34,-1,6
1,<environment.Job instance at 0x7f22d8b2ef00>,6,25,[12  5],7,-1,32,-1,7
1,<environment.Job instance at 0x7f22d8b2e640>,7,24,[13  3],8,-1,32,-1,8
1,<environment.Job instance at 0x7f22d8b2e050>,8,23,[ 5 12],9,-1,32,-1,9
1,<environment.Job instance at 0x7f22d8b2e190>,9,26,[5 9],10,-1,36,-1,10
1,<environment.Job instance at 0x7f22d8b2ec30>,10,22,[ 3 12],11,-1,33,-1,11
1,<environment.Job instance at 0x7f22d9616c80>,11,28,[14  4],12,-1,40,-1,12
1,<environment.Job instance at 0x7f22d9616aa0>,14,19,[ 1 14],15,-1,34,-1,15
1,<environment.Job instance at 0x7f22d9616be0>,15,14,[6 4],16,-1,32,-1,18
1,<environment.Job instance at 0x7f22d9616cd0>,18,25,[ 4 12],19,-1,44,-1,19
1,<environment.Job instance at 0x7f22d9616d70>,19,25,[ 1 12],20,-1,45,-1,20
1,<environment.Job instance at 0x7f22d96168c0>,20,23,[11  2],21,-1,44,-1,21
1,<environment.Job instance at 0x7f22d9616230>,21,24,[12  1],22,-1,46,-1,22
1,<environment.Job instance at 0x7f22d9616640>,22,16,[11  3],23,-1,39,-1,23
1,<environment.Job instance at 0x7f22d9616050>,23,23,[14  2],24,-1,47,-1,24
1,<environment.Job instance at 0x7f22d9616410>,24,21,[ 3 14],25,-1,46,-1,25
1,<environment.Job instance at 0x7f22d9616500>,25,28,[14  4],26,-1,54,-1,26
1,<environment.Job instance at 0x7f22d96165a0>,26,25,[ 2 14],27,-1,52,-1,27
1,<environment.Job instance at 0x7f22d96163c0>,27,25,[9 4],28,-1,53,-1,28
1,<environment.Job instance at 0x7f22d9616fa0>,28,16,[13  4],29,-1,45,-1,29
1,<environment.Job instance at 0x7f22d9616eb0>,29,24,[ 4 11],30,-1,54,-1,30
1,<environment.Job instance at 0x7f22d96160a0>,30,14,[ 4 14],31,-1,45,-1,31
1,<environment.Job instance at 0x7f22d9616e10>,31,23,[6 2],32,-1,55,-1,32
1,<environment.Job instance at 0x7f22d8b2bc80>,32,21,[7 5],33,-1,54,-1,33
1,<environment.Job instance at 0x7f22d8b2b780>,33,23,[ 4 12],34,-1,57,-1,34
1,<environment.Job instance at 0x7f22d8b2b7d0>,34,28,[ 5 13],35,-1,63,-1,35
1,<environment.Job instance at 0x7f22d8b2b820>,35,22,[13  2],36,-1,58,-1,36
1,<environment.Job instance at 0x7f22d8b2b5a0>,36,27,[12  4],37,-1,64,-1,37
1,<environment.Job instance at 0x7f22d8b2baf0>,37,28,[ 5 11],38,-1,66,-1,38
1,<environment.Job instance at 0x7f22d8b2b910>,38,17,[13  2],39,-1,56,-1,39
1,<environment.Job instance at 0x7f22d8b2bcd0>,39,28,[11  5],40,-1,68,-1,40
1,<environment.Job instance at 0x7f22d8b2b2d0>,40,18,[ 1 13],41,-1,59,-1,41
1,<environment.Job instance at 0x7f22d8b2b550>,41,26,[13  3],42,-1,68,-1,42
1,<environment.Job instance at 0x7f22d8b2b410>,42,27,[11  2],43,-1,70,-1,43
1,<environment.Job instance at 0x7f22d8b2b460>,43,25,[12  3],44,-1,69,-1,44
1,<environment.Job instance at 0x7f22d8b2b5f0>,44,25,[12  5],45,-1,70,-1,45
1,<environment.Job instance at 0x7f22d8b2be10>,45,26,[13  1],46,-1,72,-1,46
1,<environment.Job instance at 0x7f22d8b2bd70>,46,12,[ 3 11],47,-1,59,-1,47
1,<environment.Job instance at 0x7f22d8b2bc30>,47,27,[ 2 13],48,-1,75,-1,48
1,<environment.Job instance at 0x7f22d8b2bdc0>,48,16,[11  2],49,-1,65,-1,49
1,<environment.Job instance at 0x7f22d8b2b4b0>,49,24,[14  3],50,-1,74,-1,50
1,<environment.Job instance at 0x7f22d8b2baa0>,50,18,[ 3 10],51,-1,69,-1,51
1,<environment.Job instance at 0x7f22d8b2b960>,51,23,[ 4 14],52,-1,75,-1,52
1,<environment.Job instance at 0x7f22d8b2b280>,52,26,[14  5],53,-1,79,-1,53
1,<environment.Job instance at 0x7f22d8ec9f00>,53,25,[ 3 13],54,-1,79,-1,54
1,<environment.Job instance at 0x7f22d8ec9cd0>,54,13,[ 5 14],55,-1,68,-1,55
1,<environment.Job instance at 0x7f22d8ec9230>,55,20,[12  2],56,-1,76,-1,56
1,<environment.Job instance at 0x7f22d8ec9c80>,56,26,[ 5 11],57,-1,83,-1,57
1,<environment.Job instance at 0x7f22d8ec9370>,57,23,[12  3],58,-1,81,-1,58
1,<environment.Job instance at 0x7f22d8ec9a50>,58,13,[14  1],59,-1,72,-1,59
1,<environment.Job instance at 0x7f22d8ec9960>,59,13,[11  2],60,-1,73,-1,60
1,<environment.Job instance at 0x7f22d8ec9640>,60,25,[13  1],61,-1,86,-1,61
1,<environment.Job instance at 0x7f22d8ec91e0>,61,19,[ 3 13],62,-1,81,-1,62
1,<environment.Job instance at 0x7f22d8ec9320>,62,26,[11  1],63,-1,89,-1,63
1,<environment.Job instance at 0x7f22d8ec9190>,63,26,[13  1],64,-1,90,-1,64
1,<environment.Job instance at 0x7f22d8ec9a00>,64,24,[ 3 10],65,-1,89,-1,65
1,<environment.Job instance at 0x7f22d8ec9c30>,65,23,[12  4],66,-1,89,-1,66
1,<environment.Job instance at 0x7f22d8ec9d70>,66,28,[14  3],67,-1,95,-1,67
1,<environment.Job instance at 0x7f22d8ec9d20>,67,27,[ 4 14],68,-1,95,-1,68
1,<environment.Job instance at 0x7f22d8ec90f0>,68,21,[10  2],69,-1,91,-1,70
1,<environment.Job instance at 0x7f22d8ec93c0>,70,21,[ 2 11],71,-1,92,-1,71
1,<environment.Job instance at 0x7f22d9616dc0>,17,15,[ 5 14],18,-1,86,-1,71
1,<environment.Job instance at 0x7f22d9616c30>,71,26,[ 3 13],72,-1,98,-1,72
1,<environment.Job instance at 0x7f22d8ec9730>,72,21,[14  5],73,-1,94,-1,73
1,<environment.Job instance at 0x7f22d8ec9b90>,73,20,[ 2 12],74,-1,94,-1,74
1,<environment.Job instance at 0x7f22d8ec96e0>,69,27,[12  4],70,-1,101,-1,74
1,<environment.Job instance at 0x7f22d8ec9fa0>,75,28,[ 5 12],76,-1,104,-1,76
1,<environment.Job instance at 0x7f22d8ec9e60>,76,14,[13  1],77,-1,91,-1,77
1,<environment.Job instance at 0x7f22d8ec95a0>,77,28,[ 3 11],78,-1,106,-1,78
1,<environment.Job instance at 0x7f22d9418d20>,79,20,[ 1 12],80,-1,100,-1,80
1,<environment.Job instance at 0x7f22d94186e0>,80,19,[14  3],81,-1,100,-1,81
1,<environment.Job instance at 0x7f22d9418050>,81,20,[ 4 13],82,-1,102,-1,82
1,<environment.Job instance at 0x7f22d9418730>,82,27,[13  4],83,-1,110,-1,83
1,<environment.Job instance at 0x7f22d9418370>,83,21,[ 2 11],84,-1,105,-1,84
1,<environment.Job instance at 0x7f22d9418e60>,84,18,[12  4],85,-1,103,-1,85
1,<environment.Job instance at 0x7f22d94185a0>,85,22,[13  2],86,-1,108,-1,86
1,<environment.Job instance at 0x7f22d9418550>,86,15,[ 5 13],87,-1,102,-1,87
1,<environment.Job instance at 0x7f22d9418870>,87,24,[ 2 11],88,-1,112,-1,88
1,<environment.Job instance at 0x7f22d94183c0>,88,19,[13  5],89,-1,108,-1,89
1,<environment.Job instance at 0x7f22d9418e10>,89,19,[12  1],90,-1,109,-1,90
1,<environment.Job instance at 0x7f22d94181e0>,90,21,[12  2],91,-1,112,-1,91
1,<environment.Job instance at 0x7f22d9418640>,91,25,[12  3],92,-1,117,-1,92
1,<environment.Job instance at 0x7f22d9418910>,92,22,[12  3],93,-1,115,-1,93
1,<environment.Job instance at 0x7f22d9418b90>,93,24,[ 4 13],94,-1,118,-1,94
1,<environment.Job instance at 0x7f22d9418b40>,94,27,[ 5 14],95,-1,122,-1,95
1,<environment.Job instance at 0x7f22d9418280>,95,27,[ 4 14],96,-1,123,-1,96
1,<environment.Job instance at 0x7f22d9418a00>,96,19,[11  3],97,-1,116,-1,97
1,<environment.Job instance at 0x7f22d94184b0>,97,18,[ 2 13],98,-1,116,-1,98
1,<environment.Job instance at 0x7f22d94180a0>,98,23,[ 1 12],99,-1,122,-1,99
1,<environment.Job instance at 0x7f22d9418780>,99,13,[ 4 14],100,-1,113,-1,100
1,<environment.Job instance at 0x7f22d9438500>,100,26,[9 2],101,-1,127,-1,101
1,<environment.Job instance at 0x7f22d9438640>,101,24,[11  2],102,-1,126,-1,102
1,<environment.Job instance at 0x7f22d9438410>,102,19,[11  2],103,-1,122,-1,103
1,<environment.Job instance at 0x7f22d9438230>,103,25,[12  2],104,-1,129,-1,104
1,<environment.Job instance at 0x7f22d9438cd0>,104,22,[9 5],105,-1,132,-1,110
1,<environment.Job instance at 0x7f22d9438f50>,108,12,[ 1 12],109,-1,122,-1,110
1,<environment.Job instance at 0x7f22d9438780>,109,22,[12  4],110,-1,132,-1,110
1,<environment.Job instance at 0x7f22d9438910>,107,21,[ 5 13],108,-1,131,-1,110
1,<environment.Job instance at 0x7f22d9438370>,110,27,[ 1 13],111,-1,138,-1,111
1,<environment.Job instance at 0x7f22d9438af0>,112,26,[14  1],113,-1,139,-1,113
1,<environment.Job instance at 0x7f22d9438960>,113,25,[ 4 14],114,-1,139,-1,114
1,<environment.Job instance at 0x7f22d94385a0>,114,19,[ 3 14],115,-1,134,-1,115
1,<environment.Job instance at 0x7f22d9438e60>,115,25,[ 1 13],116,-1,141,-1,116
1,<environment.Job instance at 0x7f22d9438730>,116,28,[ 2 13],117,-1,145,-1,117
1,<environment.Job instance at 0x7f22d9438f00>,117,18,[ 3 14],118,-1,136,-1,118
1,<environment.Job instance at 0x7f22d9438050>,118,26,[14  5],119,-1,145,-1,119
1,<environment.Job instance at 0x7f22d94384b0>,119,26,[ 4 11],120,-1,146,-1,120
1,<environment.Job instance at 0x7f22d9438690>,121,26,[ 5 12],122,-1,148,-1,122
1,<environment.Job instance at 0x7f22d9438be0>,122,20,[12  1],123,-1,143,-1,123
1,<environment.Job instance at 0x7f22d9649d20>,123,23,[ 2 12],124,-1,147,-1,124
1,<environment.Job instance at 0x7f22d96490a0>,124,26,[ 1 11],125,-1,151,-1,125
1,<environment.Job instance at 0x7f22d9649e10>,125,17,[ 3 12],126,-1,143,-1,126
1,<environment.Job instance at 0x7f22d9649c30>,126,20,[11  5],127,-1,147,-1,127
1,<environment.Job instance at 0x7f22d96495f0>,127,26,[1 8],128,-1,154,-1,128
1,<environment.Job instance at 0x7f22d9649050>,131,26,[ 1 14],132,-1,160,-1,134
1,<environment.Job instance at 0x7f22d9649cd0>,132,23,[ 5 12],133,-1,157,-1,134
1,<environment.Job instance at 0x7f22d96495a0>,133,24,[ 4 14],134,-1,158,-1,134
1,<environment.Job instance at 0x7f22d9649910>,134,27,[ 4 14],135,-1,162,-1,135
1,<environment.Job instance at 0x7f22d9649eb0>,135,23,[11  2],136,-1,159,-1,136
1,<environment.Job instance at 0x7f22d96494b0>,136,18,[ 3 12],137,-1,155,-1,137
1,<environment.Job instance at 0x7f22d9649140>,137,21,[12  1],138,-1,159,-1,138
1,<environment.Job instance at 0x7f22d96492d0>,138,27,[ 5 10],139,-1,166,-1,139
1,<environment.Job instance at 0x7f22d9649f00>,139,28,[13  4],140,-1,168,-1,140
1,<environment.Job instance at 0x7f22d9649550>,140,24,[11  2],141,-1,165,-1,141
1,<environment.Job instance at 0x7f22d9649730>,141,18,[ 4 12],142,-1,160,-1,142
1,<environment.Job instance at 0x7f22d9649320>,142,25,[11  1],143,-1,168,-1,143
1,<environment.Job instance at 0x7f22d8052050>,143,20,[11  4],144,-1,167,-1,147
1,<environment.Job instance at 0x7f22d8b0f5f0>,144,28,[14  2],145,-1,175,-1,147
1,<environment.Job instance at 0x7f22d87f3f00>,145,24,[11  4],146,-1,171,-1,147
1,<environment.Job instance at 0x7f22d87f3af0>,146,26,[ 3 12],147,-1,173,-1,147
1,<environment.Job instance at 0x7f22d8803d20>,147,12,[14  1],148,-1,160,-1,148
1,<environment.Job instance at 0x7f22d8803730>,148,26,[ 3 13],149,-1,175,-1,149
1,<environment.Job instance at 0x7f22d963bbe0>,1,24,[12  4],2,-1,26,-1,2
1,<environment.Job instance at 0x7f22d8803dc0>,2,28,[ 4 12],3,-1,31,-1,3
1,<environment.Job instance at 0x7f22d908c190>,3,28,[ 3 14],4,-1,32,-1,4
1,<environment.Job instance at 0x7f22d908d8c0>,4,18,[ 3 13],5,-1,23,-1,5
1,<environment.Job instance at 0x7f22d908d6e0>,5,15,[13  3],6,-1,21,-1,6
1,<environment.Job instance at 0x7f22d908d4b0>,6,24,[ 1 11],7,-1,31,-1,7
1,<environment.Job instance at 0x7f22d908dcd0>,7,23,[ 5 10],8,-1,31,-1,8
1,<environment.Job instance at 0x7f22d908d690>,8,27,[ 4 13],9,-1,36,-1,9
1,<environment.Job instance at 0x7f22d908d640>,10,23,[13  4],11,-1,34,-1,11
1,<environment.Job instance at 0x7f22d908d230>,11,19,[ 5 12],12,-1,31,-1,12
1,<environment.Job instance at 0x7f22d908d140>,12,25,[ 4 12],13,-1,38,-1,13
1,<environment.Job instance at 0x7f22d908dbe0>,14,27,[10  2],15,-1,42,-1,15
1,<environment.Job instance at 0x7f22d908d550>,15,26,[ 3 13],16,-1,42,-1,16
1,<environment.Job instance at 0x7f22d908d780>,16,28,[11  5],17,-1,45,-1,17
1,<environment.Job instance at 0x7f22d908de60>,17,24,[14  5],18,-1,42,-1,18
1,<environment.Job instance at 0x7f22d908d960>,18,23,[ 5 14],19,-1,42,-1,19
1,<environment.Job instance at 0x7f22d908da50>,19,21,[ 1 14],20,-1,41,-1,20
1,<environment.Job instance at 0x7f22d908d1e0>,20,21,[12  4],21,-1,42,-1,21
1,<environment.Job instance at 0x7f22d908d280>,21,25,[14  4],22,-1,47,-1,22
1,<environment.Job instance at 0x7f22d908df50>,22,21,[ 4 14],23,-1,44,-1,23
1,<environment.Job instance at 0x7f22d908d0f0>,23,23,[ 5 12],24,-1,47,-1,24
1,<environment.Job instance at 0x7f22d7e71500>,25,21,[ 1 14],26,-1,47,-1,26
1,<environment.Job instance at 0x7f22d7e71f00>,26,23,[11  3],27,-1,50,-1,27
1,<environment.Job instance at 0x7f22d7e71460>,27,21,[13  5],28,-1,49,-1,28
1,<environment.Job instance at 0x7f22d7e710a0>,28,19,[12  5],29,-1,48,-1,29
1,<environment.Job instance at 0x7f22d7e71960>,29,17,[14  5],30,-1,47,-1,30
1,<environment.Job instance at 0x7f22d7e71320>,30,19,[13  4],31,-1,50,-1,31
1,<environment.Job instance at 0x7f22d7e719b0>,31,23,[6 5],32,-1,55,-1,32
1,<environment.Job instance at 0x7f22d7e71eb0>,32,24,[12  4],33,-1,57,-1,33
1,<environment.Job instance at 0x7f22d7e713c0>,33,21,[ 3 11],34,-1,55,-1,34
1,<environment.Job instance at 0x7f22d8803730>,35,18,[ 4 13],36,-1,54,-1,36
1,<environment.Job instance at 0x7f22d7e71230>,34,20,[13  1],35,-1,56,-1,36
1,<environment.Job instance at 0x7f22d7e717d0>,36,26,[ 3 14],37,-1,63,-1,37
1,<environment.Job instance at 0x7f22d7e71b90>,37,15,[ 4 12],38,-1,53,-1,38
1,<environment.Job instance at 0x7f22d7e712d0>,40,26,[12  1],41,-1,67,-1,41
1,<environment.Job instance at 0x7f22d7e71f50>,39,20,[12  2],40,-1,61,-1,41
1,<environment.Job instance at 0x7f22d8f75280>,41,25,[14  4],42,-1,67,-1,42
1,<environment.Job instance at 0x7f22d8f75d20>,42,24,[13  1],43,-1,67,-1,43
1,<environment.Job instance at 0x7f22d8f75be0>,43,23,[11  2],44,-1,67,-1,44
1,<environment.Job instance at 0x7f22d8f75730>,44,19,[ 3 14],45,-1,64,-1,45
1,<environment.Job instance at 0x7f22d8f75690>,45,24,[ 1 11],46,-1,70,-1,46
1,<environment.Job instance at 0x7f22d8f756e0>,46,25,[12  4],47,-1,72,-1,47
1,<environment.Job instance at 0x7f22d8f75d70>,47,25,[3 6],48,-1,73,-1,48
1,<environment.Job instance at 0x7f22d8f75460>,48,22,[12  1],49,-1,71,-1,49
1,<environment.Job instance at 0x7f22d8f75960>,49,16,[14  2],50,-1,66,-1,50
1,<environment.Job instance at 0x7f22d8f75e10>,50,22,[14  4],51,-1,73,-1,51
1,<environment.Job instance at 0x7f22d8f757d0>,53,26,[13  4],54,-1,80,-1,54
1,<environment.Job instance at 0x7f22d8f75b90>,52,15,[13  2],53,-1,69,-1,54
1,<environment.Job instance at 0x7f22d9212640>,54,19,[12  5],55,-1,74,-1,55
1,<environment.Job instance at 0x7f22d9212500>,55,20,[13  4],56,-1,76,-1,56
1,<environment.Job instance at 0x7f22d92120a0>,58,25,[ 4 11],59,-1,84,-1,59
1,<environment.Job instance at 0x7f22d9212a00>,59,24,[13  5],60,-1,84,-1,60
1,<environment.Job instance at 0x7f22d9212320>,60,27,[ 2 14],61,-1,88,-1,61
1,<environment.Job instance at 0x7f22d92120f0>,61,26,[ 4 12],62,-1,88,-1,62
1,<environment.Job instance at 0x7f22d9212cd0>,62,15,[ 4 14],63,-1,78,-1,63
1,<environment.Job instance at 0x7f22d9212e60>,63,26,[ 1 13],64,-1,90,-1,64
1,<environment.Job instance at 0x7f22d9212c30>,64,21,[5 7],65,-1,86,-1,65
1,<environment.Job instance at 0x7f22d92122d0>,65,27,[10  2],66,-1,93,-1,66
1,<environment.Job instance at 0x7f22d8c1f370>,66,24,[14  5],67,-1,91,-1,67
1,<environment.Job instance at 0x7f22d8c1fd70>,67,27,[8 1],68,-1,95,-1,68
1,<environment.Job instance at 0x7f22d8c1f4b0>,68,27,[7 2],69,-1,96,-1,69
1,<environment.Job instance at 0x7f22d8c1f690>,69,22,[12  5],70,-1,92,-1,70
1,<environment.Job instance at 0x7f22d8c1f3c0>,70,23,[13  3],71,-1,94,-1,71
1,<environment.Job instance at 0x7f22d92123c0>,72,24,[3 9],73,-1,98,-1,74
1,<environment.Job instance at 0x7f22d8c1fdc0>,74,20,[14  3],75,-1,95,-1,75
1,<environment.Job instance at 0x7f22d8c1fe10>,75,23,[ 2 14],76,-1,99,-1,76
1,<environment.Job instance at 0x7f22d8c1ffa0>,76,13,[11  2],77,-1,90,-1,77
1,<environment.Job instance at 0x7f22d8c1f140>,77,26,[ 1 12],78,-1,104,-1,78
1,<environment.Job instance at 0x7f22d8c1f280>,79,25,[ 3 10],80,-1,105,-1,80
1,<environment.Job instance at 0x7f22d8176f00>,80,28,[ 1 11],81,-1,109,-1,81
1,<environment.Job instance at 0x7f22d8176550>,81,20,[ 1 10],82,-1,102,-1,82
1,<environment.Job instance at 0x7f22d8176a00>,82,14,[ 5 12],83,-1,97,-1,83
1,<environment.Job instance at 0x7f22d8176c80>,83,19,[ 1 14],84,-1,103,-1,84
1,<environment.Job instance at 0x7f22d8176e60>,84,18,[ 4 11],85,-1,103,-1,85
1,<environment.Job instance at 0x7f22d81765a0>,85,27,[14  3],86,-1,113,-1,86
1,<environment.Job instance at 0x7f22d8176370>,86,12,[ 3 13],87,-1,99,-1,87
1,<environment.Job instance at 0x7f22d8176cd0>,87,20,[ 2 12],88,-1,108,-1,88
1,<environment.Job instance at 0x7f22d8176b40>,88,20,[12  5],89,-1,109,-1,89
1,<environment.Job instance at 0x7f22d8176d70>,89,20,[ 4 12],90,-1,110,-1,90
1,<environment.Job instance at 0x7f22d8176fa0>,90,22,[ 3 14],91,-1,113,-1,91
1,<environment.Job instance at 0x7f22d8176050>,91,22,[3 9],92,-1,114,-1,92
1,<environment.Job instance at 0x7f22d8176780>,92,12,[ 3 12],93,-1,105,-1,93
1,<environment.Job instance at 0x7f22d8176910>,93,22,[11  4],94,-1,116,-1,94
1,<environment.Job instance at 0x7f22d8176a50>,97,14,[12  2],98,-1,112,-1,98
1,<environment.Job instance at 0x7f22d81760f0>,98,22,[12  5],99,-1,121,-1,99
1,<environment.Job instance at 0x7f22d81767d0>,99,28,[5 3],100,-1,128,-1,100
1,<environment.Job instance at 0x7f22d81763c0>,100,23,[14  5],101,-1,124,-1,101
1,<environment.Job instance at 0x7f22d8329960>,101,23,[11  2],102,-1,125,-1,102
1,<environment.Job instance at 0x7f22d8329f50>,102,22,[14  4],103,-1,125,-1,103
1,<environment.Job instance at 0x7f22d8329be0>,103,15,[ 4 12],104,-1,119,-1,104
1,<environment.Job instance at 0x7f22d8329cd0>,104,22,[ 3 14],105,-1,127,-1,105
1,<environment.Job instance at 0x7f22d8329f00>,105,26,[9 1],106,-1,132,-1,106
1,<environment.Job instance at 0x7f22d8329b90>,106,26,[ 5 14],107,-1,133,-1,107
1,<environment.Job instance at 0x7f22d83294b0>,107,25,[ 1 12],108,-1,133,-1,108
1,<environment.Job instance at 0x7f22d8329fa0>,108,24,[13  4],109,-1,133,-1,109
1,<environment.Job instance at 0x7f22d8329c30>,109,20,[ 2 11],110,-1,130,-1,110
1,<environment.Job instance at 0x7f22d8329280>,110,20,[ 3 12],111,-1,131,-1,111
1,<environment.Job instance at 0x7f22d8329820>,111,23,[10  1],112,-1,135,-1,112
1,<environment.Job instance at 0x7f22d83290f0>,112,20,[14  3],113,-1,133,-1,113
1,<environment.Job instance at 0x7f22d8329b40>,113,14,[14  1],114,-1,128,-1,114
1,<environment.Job instance at 0x7f22d8329320>,114,25,[ 5 11],115,-1,140,-1,115
1,<environment.Job instance at 0x7f22d8329af0>,115,24,[13  2],116,-1,140,-1,116
1,<environment.Job instance at 0x7f22d8329aa0>,116,24,[ 1 14],117,-1,141,-1,117
1,<environment.Job instance at 0x7f22d8329e10>,117,25,[ 1 11],118,-1,143,-1,118
1,<environment.Job instance at 0x7f22d8329050>,118,26,[13  1],119,-1,145,-1,119
1,<environment.Job instance at 0x7f22d8329370>,119,27,[14  1],120,-1,147,-1,120
1,<environment.Job instance at 0x7f22d8329c80>,120,26,[14  5],121,-1,147,-1,121
1,<environment.Job instance at 0x7f22d83295f0>,122,24,[12  5],123,-1,147,-1,123
1,<environment.Job instance at 0x7f22d927ca50>,123,22,[12  2],124,-1,146,-1,124
1,<environment.Job instance at 0x7f22d927c690>,124,28,[ 2 14],125,-1,153,-1,125
1,<environment.Job instance at 0x7f22d927cfa0>,125,19,[14  2],126,-1,145,-1,126
1,<environment.Job instance at 0x7f22d927cd20>,126,26,[11  4],127,-1,153,-1,127
1,<environment.Job instance at 0x7f22d927c280>,127,13,[ 1 14],128,-1,141,-1,128
1,<environment.Job instance at 0x7f22d927c460>,128,27,[ 5 11],129,-1,156,-1,129
1,<environment.Job instance at 0x7f22d927ca00>,129,26,[ 4 12],130,-1,156,-1,130
1,<environment.Job instance at 0x7f22d927ccd0>,130,28,[ 2 13],131,-1,159,-1,131
1,<environment.Job instance at 0x7f22d927cbe0>,131,26,[14  4],132,-1,158,-1,132
1,<environment.Job instance at 0x7f22d927c4b0>,132,20,[11  5],133,-1,153,-1,133
1,<environment.Job instance at 0x7f22d927c6e0>,133,19,[11  2],134,-1,153,-1,134
1,<environment.Job instance at 0x7f22d8e0fcd0>,134,27,[ 3 13],135,-1,162,-1,135
1,<environment.Job instance at 0x7f22d91ee190>,135,22,[ 1 11],136,-1,158,-1,136
1,<environment.Job instance at 0x7f22d91ee140>,136,27,[ 2 13],137,-1,164,-1,137
1,<environment.Job instance at 0x7f22d91ee370>,137,19,[ 5 13],138,-1,157,-1,138
1,<environment.Job instance at 0x7f22d91eefa0>,139,28,[5 9],140,-1,168,-1,140
1,<environment.Job instance at 0x7f22d91eee10>,140,24,[ 4 13],141,-1,165,-1,141
1,<environment.Job instance at 0x7f22d91ee6e0>,141,25,[11  5],142,-1,167,-1,142
1,<environment.Job instance at 0x7f22d91eeb40>,142,21,[14  2],143,-1,164,-1,143
1,<environment.Job instance at 0x7f22d95c3140>,143,26,[ 2 12],144,-1,170,-1,144
1,<environment.Job instance at 0x7f22d8b22a50>,144,19,[12  2],145,-1,164,-1,145
1,<environment.Job instance at 0x7f22d88ae140>,145,24,[ 5 11],146,-1,170,-1,146
1,<environment.Job instance at 0x7f22d8cc9eb0>,146,26,[ 3 14],147,-1,173,-1,147
1,<environment.Job instance at 0x7f22d89c3be0>,147,16,[11  5],148,-1,164,-1,148
1,<environment.Job instance at 0x7f22d955b870>,148,26,[ 3 12],149,-1,175,-1,149
1,<environment.Job instance at 0x7f22d7de61e0>,1,28,[ 3 13],2,-1,30,-1,2
1,<environment.Job instance at 0x7f22d7de63c0>,2,25,[14  1],3,-1,28,-1,3
1,<environment.Job instance at 0x7f22d7de6eb0>,4,23,[ 2 12],5,-1,28,-1,5
1,<environment.Job instance at 0x7f22d8b52b40>,6,24,[ 3 11],7,-1,31,-1,7
1,<environment.Job instance at 0x7f22d8b52f50>,7,26,[11  5],8,-1,34,-1,8
1,<environment.Job instance at 0x7f22d8b52820>,8,28,[5 8],9,-1,37,-1,9
1,<environment.Job instance at 0x7f22d8b52140>,9,27,[1 7],10,-1,37,-1,10
1,<environment.Job instance at 0x7f22e20e9a50>,10,25,[10  5],11,-1,36,-1,11
1,<environment.Job instance at 0x7f22d8b52050>,12,26,[ 5 13],13,-1,39,-1,13
1,<environment.Job instance at 0x7f22d8b33910>,13,24,[12  2],14,-1,38,-1,14
1,<environment.Job instance at 0x7f22d8b335f0>,14,28,[ 1 12],15,-1,43,-1,15
1,<environment.Job instance at 0x7f22d8b33460>,15,23,[8 2],16,-1,39,-1,16
1,<environment.Job instance at 0x7f22d8b331e0>,16,23,[ 2 14],17,-1,40,-1,17
1,<environment.Job instance at 0x7f22d8b33280>,17,26,[13  4],18,-1,44,-1,18
1,<environment.Job instance at 0x7f22d91eb2d0>,18,20,[11  2],19,-1,39,-1,19
1,<environment.Job instance at 0x7f22d91ebe10>,19,15,[10  3],20,-1,36,-1,21
1,<environment.Job instance at 0x7f22d924b9b0>,21,18,[14  5],22,-1,40,-1,22
1,<environment.Job instance at 0x7f22d924baf0>,22,19,[ 1 11],23,-1,42,-1,23
1,<environment.Job instance at 0x7f22d924b7d0>,23,24,[ 1 13],24,-1,48,-1,24
1,<environment.Job instance at 0x7f22d924b370>,24,20,[ 2 13],25,-1,45,-1,25
1,<environment.Job instance at 0x7f22d92b0050>,27,26,[1 7],28,-1,54,-1,28
1,<environment.Job instance at 0x7f22d92e3aa0>,28,26,[ 2 13],29,-1,55,-1,29
1,<environment.Job instance at 0x7f22d92e3280>,29,25,[11  1],30,-1,55,-1,30
1,<environment.Job instance at 0x7f22d92e3050>,30,25,[11  4],31,-1,56,-1,31
1,<environment.Job instance at 0x7f22d92e3690>,31,27,[ 1 11],32,-1,59,-1,32
1,<environment.Job instance at 0x7f22d905b280>,32,26,[ 2 14],33,-1,59,-1,33
1,<environment.Job instance at 0x7f22d8b48910>,33,21,[11  5],34,-1,55,-1,34
1,<environment.Job instance at 0x7f22d8b48af0>,34,22,[14  1],35,-1,57,-1,35
1,<environment.Job instance at 0x7f22d8b48d70>,36,25,[ 5 11],37,-1,62,-1,37
1,<environment.Job instance at 0x7f22d8b48c80>,37,21,[ 5 14],38,-1,59,-1,38
1,<environment.Job instance at 0x7f22d8b484b0>,39,21,[14  5],40,-1,61,-1,40
1,<environment.Job instance at 0x7f22d8b485f0>,40,13,[11  2],41,-1,54,-1,41
1,<environment.Job instance at 0x7f22d8b48370>,41,22,[ 3 14],42,-1,64,-1,42
1,<environment.Job instance at 0x7f22d8b48a00>,42,27,[ 5 11],43,-1,70,-1,43
1,<environment.Job instance at 0x7f22d8b487d0>,43,21,[ 2 11],44,-1,65,-1,44
1,<environment.Job instance at 0x7f22d8b482d0>,44,27,[ 5 11],45,-1,72,-1,45
1,<environment.Job instance at 0x7f22d8b48870>,45,23,[14  5],46,-1,69,-1,46
1,<environment.Job instance at 0x7f22d8b48690>,46,14,[11  2],47,-1,61,-1,47
1,<environment.Job instance at 0x7f22d8b48780>,47,20,[11  1],48,-1,68,-1,48
1,<environment.Job instance at 0x7f22d8b489b0>,48,22,[12  5],49,-1,71,-1,49
1,<environment.Job instance at 0x7f22d8b48190>,49,27,[14  4],50,-1,77,-1,50
1,<environment.Job instance at 0x7f22d8b48230>,50,22,[ 2 12],51,-1,73,-1,51
1,<environment.Job instance at 0x7f22d92725a0>,51,15,[11  5],52,-1,67,-1,52
1,<environment.Job instance at 0x7f22d8b59910>,55,26,[12  4],56,-1,98,-1,72
1,<environment.Job instance at 0x7f22d8b59a00>,56,27,[ 5 13],57,-1,99,-1,72
1,<environment.Job instance at 0x7f22d953caa0>,57,20,[ 3 11],58,-1,92,-1,72
1,<environment.Job instance at 0x7f22d953c3c0>,58,19,[ 3 14],59,-1,91,-1,72
1,<environment.Job instance at 0x7f22d8b59870>,59,18,[ 4 14],60,-1,90,-1,72
1,<environment.Job instance at 0x7f22d93ef410>,60,23,[12  2],61,-1,95,-1,72
1,<environment.Job instance at 0x7f22d8b346e0>,62,27,[1 9],63,-1,99,-1,72
1,<environment.Job instance at 0x7f22d8b340a0>,63,26,[6 4],64,-1,98,-1,72
1,<environment.Job instance at 0x7f22d8b344b0>,64,28,[14  4],65,-1,100,-1,72
1,<environment.Job instance at 0x7f22d8b34320>,65,12,[14  5],66,-1,84,-1,72
1,<environment.Job instance at 0x7f22d8b34280>,66,19,[ 5 11],67,-1,91,-1,72
1,<environment.Job instance at 0x7f22d8b34e60>,68,25,[12  5],69,-1,112,-1,87
1,<environment.Job instance at 0x7f22d8b34dc0>,69,23,[ 5 13],70,-1,110,-1,87
1,<environment.Job instance at 0x7f22d8b34b90>,70,27,[ 5 12],71,-1,114,-1,87
1,<environment.Job instance at 0x7f22d7df7f50>,72,20,[13  1],73,-1,116,-1,96
1,<environment.Job instance at 0x7f22d942bc30>,73,12,[ 1 11],74,-1,108,-1,96
1,<environment.Job instance at 0x7f22d96b90a0>,74,23,[12  1],75,-1,119,-1,96
1,<environment.Job instance at 0x7f22d96b9140>,75,26,[13  4],76,-1,122,-1,96
1,<environment.Job instance at 0x7f22d96b92d0>,76,26,[14  4],77,-1,122,-1,96
1,<environment.Job instance at 0x7f22d96b9fa0>,77,15,[ 5 13],78,-1,111,-1,96
1,<environment.Job instance at 0x7f22d958ad70>,78,24,[13  2],79,-1,120,-1,96
1,<environment.Job instance at 0x7f22d96b9690>,79,22,[12  4],80,-1,118,-1,96
1,<environment.Job instance at 0x7f22d9373e60>,80,21,[ 1 13],81,-1,117,-1,96
1,<environment.Job instance at 0x7f22d96b9dc0>,81,25,[14  2],82,-1,121,-1,96
1,<environment.Job instance at 0x7f22d9373820>,82,21,[12  2],83,-1,117,-1,96
1,<environment.Job instance at 0x7f22d96a7410>,83,26,[ 3 11],84,-1,122,-1,96
1,<environment.Job instance at 0x7f22d96a70f0>,84,21,[ 3 11],85,-1,117,-1,96
1,<environment.Job instance at 0x7f22d96a7690>,85,13,[ 3 14],86,-1,109,-1,96
1,<environment.Job instance at 0x7f22d8a7cb90>,86,27,[ 3 12],87,-1,123,-1,96
1,<environment.Job instance at 0x7f22d8af61e0>,87,14,[ 5 11],88,-1,110,-1,96
1,<environment.Job instance at 0x7f22d96a7640>,88,26,[12  1],89,-1,122,-1,96
1,<environment.Job instance at 0x7f22d905d5a0>,89,28,[10  1],90,-1,124,-1,96
1,<environment.Job instance at 0x7f22d905d500>,90,18,[13  5],91,-1,121,-1,103
1,<environment.Job instance at 0x7f22d92bb960>,91,28,[4 7],92,-1,131,-1,103
1,<environment.Job instance at 0x7f22d83c3f50>,92,27,[ 1 14],93,-1,130,-1,103
1,<environment.Job instance at 0x7f22d86850a0>,93,25,[11  3],94,-1,128,-1,103
1,<environment.Job instance at 0x7f22d87bc0a0>,94,17,[13  3],95,-1,120,-1,103
1,<environment.Job instance at 0x7f22d89e9b90>,95,23,[13  1],96,-1,126,-1,103
1,<environment.Job instance at 0x7f22d8683e60>,96,25,[ 1 11],97,-1,128,-1,103
1,<environment.Job instance at 0x7f22d8eb8870>,97,25,[7 4],98,-1,129,-1,104
1,<environment.Job instance at 0x7f22d87b7370>,98,25,[ 5 14],99,-1,129,-1,104
1,<environment.Job instance at 0x7f22d8686910>,99,18,[12  1],100,-1,122,-1,104
1,<environment.Job instance at 0x7f22d8686960>,100,26,[13  5],101,-1,130,-1,104
1,<environment.Job instance at 0x7f22d83c9190>,101,21,[14  4],102,-1,125,-1,104
1,<environment.Job instance at 0x7f22d839fa00>,102,26,[13  4],103,-1,130,-1,104
1,<environment.Job instance at 0x7f22d83b3b90>,103,24,[ 4 13],104,-1,128,-1,104
1,<environment.Job instance at 0x7f22d839f960>,104,27,[ 2 11],105,-1,132,-1,105
1,<environment.Job instance at 0x7f22d9204460>,105,21,[ 1 13],106,-1,127,-1,106
1,<environment.Job instance at 0x7f22d9204640>,106,26,[14  5],107,-1,133,-1,107
1,<environment.Job instance at 0x7f22d89ed0f0>,108,26,[ 3 12],109,-1,135,-1,109
1,<environment.Job instance at 0x7f22d9204320>,109,28,[11  1],110,-1,138,-1,110
1,<environment.Job instance at 0x7f22d92047d0>,110,26,[11  3],111,-1,137,-1,111
1,<environment.Job instance at 0x7f22d9204e10>,111,21,[ 2 11],112,-1,133,-1,112
1,<environment.Job instance at 0x7f22d9204050>,112,24,[11  5],113,-1,137,-1,113
1,<environment.Job instance at 0x7f22d9204f50>,115,15,[ 5 13],116,-1,151,-1,136
1,<environment.Job instance at 0x7f22d8a07910>,1,21,[13  2],2,-1,23,-1,2
1,<environment.Job instance at 0x7f22d879bb90>,2,20,[ 2 14],3,-1,23,-1,3
1,<environment.Job instance at 0x7f22d8a07870>,3,27,[13  2],4,-1,31,-1,4
1,<environment.Job instance at 0x7f22d8a074b0>,4,22,[ 4 10],5,-1,27,-1,5
1,<environment.Job instance at 0x7f22d8a07af0>,7,24,[12  4],8,-1,32,-1,8
1,<environment.Job instance at 0x7f22d8a07c30>,5,21,[11  4],6,-1,29,-1,8
1,<environment.Job instance at 0x7f22d8a07e60>,8,19,[ 5 14],9,-1,28,-1,9
1,<environment.Job instance at 0x7f22d8a07d70>,9,27,[ 2 11],10,-1,37,-1,10
1,<environment.Job instance at 0x7f22d8a07be0>,10,18,[ 3 14],11,-1,29,-1,11
1,<environment.Job instance at 0x7f22d8a07f50>,11,23,[ 3 14],12,-1,35,-1,12
1,<environment.Job instance at 0x7f22d8a07cd0>,12,19,[13  2],13,-1,32,-1,13
1,<environment.Job instance at 0x7f22d8a07190>,13,25,[14  3],14,-1,39,-1,14
1,<environment.Job instance at 0x7f22d8031cd0>,14,24,[ 1 13],15,-1,39,-1,15
1,<environment.Job instance at 0x7f22d8031780>,16,14,[12  2],17,-1,31,-1,17
1,<environment.Job instance at 0x7f22d8031e10>,17,19,[ 3 11],18,-1,37,-1,18
1,<environment.Job instance at 0x7f22d8a07eb0>,19,26,[1 9],20,-1,46,-1,20
1,<environment.Job instance at 0x7f22d8031c30>,18,23,[11  1],19,-1,43,-1,20
1,<environment.Job instance at 0x7f22d8031dc0>,21,19,[ 5 12],22,-1,41,-1,22
1,<environment.Job instance at 0x7f22d80313c0>,22,25,[ 1 13],23,-1,48,-1,23
1,<environment.Job instance at 0x7f22d8031af0>,23,12,[ 4 14],24,-1,36,-1,24
1,<environment.Job instance at 0x7f22d8031910>,24,16,[14  1],25,-1,41,-1,25
1,<environment.Job instance at 0x7f22d8031eb0>,25,22,[ 3 13],26,-1,48,-1,26
1,<environment.Job instance at 0x7f22d8031500>,26,28,[ 4 13],27,-1,55,-1,27
1,<environment.Job instance at 0x7f22d80312d0>,27,28,[13  4],28,-1,56,-1,28
1,<environment.Job instance at 0x7f22d8031140>,28,28,[ 3 10],29,-1,57,-1,29
1,<environment.Job instance at 0x7f22d8031230>,29,28,[5 5],30,-1,58,-1,30
1,<environment.Job instance at 0x7f22d80317d0>,30,21,[12  5],31,-1,52,-1,31
1,<environment.Job instance at 0x7f22d8031460>,32,25,[14  3],33,-1,58,-1,33
1,<environment.Job instance at 0x7f22d80319b0>,33,26,[ 5 14],34,-1,60,-1,34
1,<environment.Job instance at 0x7f22d80176e0>,34,21,[11  1],35,-1,56,-1,35
1,<environment.Job instance at 0x7f22d80172d0>,35,20,[ 1 13],36,-1,56,-1,36
1,<environment.Job instance at 0x7f22d8017af0>,36,21,[ 5 12],37,-1,58,-1,37
1,<environment.Job instance at 0x7f22d8017910>,37,23,[13  4],38,-1,61,-1,38
1,<environment.Job instance at 0x7f22d8017050>,38,16,[ 5 11],39,-1,55,-1,39
1,<environment.Job instance at 0x7f22d8017e60>,40,21,[11  5],41,-1,62,-1,41
1,<environment.Job instance at 0x7f22d8017190>,41,27,[13  2],42,-1,69,-1,42
1,<environment.Job instance at 0x7f22d8017230>,43,24,[10  2],44,-1,68,-1,44
1,<environment.Job instance at 0x7f22d8017e10>,44,23,[ 5 12],45,-1,68,-1,45
1,<environment.Job instance at 0x7f22d80170f0>,45,20,[ 3 11],46,-1,66,-1,46
1,<environment.Job instance at 0x7f22d8017f50>,46,21,[ 1 14],47,-1,68,-1,47
1,<environment.Job instance at 0x7f22d80179b0>,47,16,[ 2 12],48,-1,64,-1,48
1,<environment.Job instance at 0x7f22d8017d70>,48,20,[ 3 12],49,-1,69,-1,49
1,<environment.Job instance at 0x7f22d8017500>,49,18,[ 4 11],50,-1,68,-1,50
1,<environment.Job instance at 0x7f22d8017fa0>,50,21,[ 5 12],51,-1,72,-1,51
1,<environment.Job instance at 0x7f22d8017b90>,51,13,[ 5 11],52,-1,65,-1,52
1,<environment.Job instance at 0x7f22d8017410>,53,25,[11  2],54,-1,79,-1,54
1,<environment.Job instance at 0x7f22d85c83c0>,54,23,[ 2 13],55,-1,78,-1,55
1,<environment.Job instance at 0x7f22d85c8960>,55,20,[11  4],56,-1,76,-1,56
1,<environment.Job instance at 0x7f22d85c80a0>,56,23,[ 5 14],57,-1,80,-1,57
1,<environment.Job instance at 0x7f22d85c88c0>,57,28,[14  3],58,-1,86,-1,58
1,<environment.Job instance at 0x7f22d85c8cd0>,58,18,[14  3],59,-1,77,-1,59
1,<environment.Job instance at 0x7f22d85c8190>,59,22,[13  2],60,-1,82,-1,60
1,<environment.Job instance at 0x7f22d85c8c80>,60,22,[ 5 10],61,-1,83,-1,61
1,<environment.Job instance at 0x7f22d85c8280>,61,28,[ 3 13],62,-1,90,-1,62
1,<environment.Job instance at 0x7f22d85c8640>,62,26,[13  2],63,-1,89,-1,63
1,<environment.Job instance at 0x7f22d85c8e60>,63,14,[13  1],64,-1,78,-1,64
1,<environment.Job instance at 0x7f22d85c8690>,64,22,[ 3 12],65,-1,87,-1,65
1,<environment.Job instance at 0x7f22d85c81e0>,65,21,[ 4 11],66,-1,87,-1,66
1,<environment.Job instance at 0x7f22d85c8dc0>,66,16,[ 1 12],67,-1,83,-1,67
1,<environment.Job instance at 0x7f22d85c89b0>,67,17,[ 2 11],68,-1,85,-1,68
1,<environment.Job instance at 0x7f22d85c8aa0>,68,23,[ 4 12],69,-1,92,-1,69
1,<environment.Job instance at 0x7f22d85c85a0>,69,20,[ 1 14],70,-1,90,-1,70
1,<environment.Job instance at 0x7f22d85c8410>,71,27,[11  3],72,-1,99,-1,72
1,<environment.Job instance at 0x7f22d85c8460>,72,28,[12  4],73,-1,101,-1,73
1,<environment.Job instance at 0x7f22d85a2fa0>,73,25,[ 1 11],74,-1,99,-1,74
1,<environment.Job instance at 0x7f22d85a2460>,74,27,[11  3],75,-1,102,-1,75
1,<environment.Job instance at 0x7f22d80315f0>,76,26,[ 1 12],77,-1,103,-1,77
1,<environment.Job instance at 0x7f22d85a2c30>,77,12,[ 5 14],78,-1,90,-1,78
1,<environment.Job instance at 0x7f22d85a2a50>,78,20,[ 4 13],79,-1,99,-1,79
1,<environment.Job instance at 0x7f22d85a2500>,80,28,[14  5],81,-1,109,-1,81
1,<environment.Job instance at 0x7f22d85a21e0>,81,21,[11  4],82,-1,104,-1,83
1,<environment.Job instance at 0x7f22d85a2780>,83,16,[13  5],84,-1,100,-1,84
1,<environment.Job instance at 0x7f22d85a29b0>,84,24,[13  2],85,-1,109,-1,85
1,<environment.Job instance at 0x7f22d85a2b40>,85,16,[14  5],86,-1,102,-1,86
1,<environment.Job instance at 0x7f22d85a2280>,86,23,[ 1 13],87,-1,110,-1,87
1,<environment.Job instance at 0x7f22d85a26e0>,87,12,[ 1 12],88,-1,100,-1,88
1,<environment.Job instance at 0x7f22d85a25a0>,88,22,[ 2 14],89,-1,111,-1,89
1,<environment.Job instance at 0x7f22d85a2050>,89,26,[12  5],90,-1,116,-1,90
1,<environment.Job instance at 0x7f22d7f2c230>,90,13,[14  2],91,-1,104,-1,91
1,<environment.Job instance at 0x7f22d7f2c870>,96,24,[9 1],97,-1,163,-1,139
1,<environment.Job instance at 0x7f22d7f2c050>,97,19,[12  2],98,-1,158,-1,139
1,<environment.Job instance at 0x7f22d7f2c320>,98,23,[13  4],99,-1,162,-1,139
1,<environment.Job instance at 0x7f22d7f2c5f0>,99,19,[12  4],100,-1,158,-1,139
1,<environment.Job instance at 0x7f22d7f2c280>,100,25,[ 3 13],101,-1,164,-1,139
1,<environment.Job instance at 0x7f22d7f2cf00>,101,20,[ 2 13],102,-1,159,-1,139
1,<environment.Job instance at 0x7f22d7f2c8c0>,102,19,[ 3 11],103,-1,158,-1,139
1,<environment.Job instance at 0x7f22d7f2cf50>,103,20,[12  4],104,-1,159,-1,139
1,<environment.Job instance at 0x7f22d7f2caf0>,104,26,[ 4 11],105,-1,165,-1,139
1,<environment.Job instance at 0x7f22d7f2c370>,105,12,[13  3],106,-1,151,-1,139
1,<environment.Job instance at 0x7f22d7f2cd70>,106,27,[ 1 13],107,-1,166,-1,139
1,<environment.Job instance at 0x7f22d7f2c910>,107,20,[11  3],108,-1,159,-1,139
1,<environment.Job instance at 0x7f22d88eaaa0>,108,23,[ 4 12],109,-1,162,-1,139
1,<environment.Job instance at 0x7f22d88ea820>,109,27,[ 3 14],110,-1,166,-1,139
1,<environment.Job instance at 0x7f22d88eaaf0>,110,26,[10  5],111,-1,165,-1,139
1,<environment.Job instance at 0x7f22d88ea5f0>,112,17,[13  1],113,-1,165,-1,148
1,<environment.Job instance at 0x7f22d88ea3c0>,113,23,[ 1 11],114,-1,171,-1,148
1,<environment.Job instance at 0x7f22d88eae10>,114,19,[14  4],115,-1,167,-1,148
1,<environment.Job instance at 0x7f22d88ea780>,115,24,[13  5],116,-1,172,-1,148
1,<environment.Job instance at 0x7f22d88ea0a0>,116,25,[ 4 12],117,-1,173,-1,148
1,<environment.Job instance at 0x7f22d88ea0f0>,117,25,[14  2],118,-1,173,-1,148
1,<environment.Job instance at 0x7f22d88ea960>,118,23,[9 1],119,-1,171,-1,148
1,<environment.Job instance at 0x7f22d88eaa50>,119,22,[ 3 14],120,-1,170,-1,148
1,<environment.Job instance at 0x7f22d7f52050>,121,23,[11  1],122,-1,171,-1,148
1,<environment.Job instance at 0x7f22d7f52410>,122,14,[ 3 12],123,-1,162,-1,148
1,<environment.Job instance at 0x7f22d7f525a0>,123,17,[14  3],124,-1,165,-1,148
1,<environment.Job instance at 0x7f22d7f522d0>,124,24,[ 3 14],125,-1,172,-1,148
1,<environment.Job instance at 0x7f22d7f520a0>,125,20,[ 4 14],126,-1,168,-1,148
1,<environment.Job instance at 0x7f22d7f526e0>,126,24,[ 4 11],127,-1,172,-1,148
1,<environment.Job instance at 0x7f22d7f529b0>,127,24,[ 1 10],128,-1,172,-1,148
1,<environment.Job instance at 0x7f22d7f52c80>,128,28,[9 5],129,-1,176,-1,148
1,<environment.Job instance at 0x7f22d7f52280>,129,23,[5 5],130,-1,171,-1,148
1,<environment.Job instance at 0x7f22d7f52d20>,130,19,[ 4 13],131,-1,167,-1,148
1,<environment.Job instance at 0x7f22d921f410>,1,20,[ 2 13],2,-1,22,-1,2
1,<environment.Job instance at 0x7f22d80de960>,5,24,[14  2],6,-1,30,-1,6
1,<environment.Job instance at 0x7f22d80dea00>,4,24,[10  4],5,-1,30,-1,6
1,<environment.Job instance at 0x7f22d80deaa0>,6,26,[5 5],7,-1,33,-1,7
1,<environment.Job instance at 0x7f22d80deb40>,7,23,[ 4 14],8,-1,31,-1,8
1,<environment.Job instance at 0x7f22d80debe0>,8,23,[ 4 13],9,-1,32,-1,9
1,<environment.Job instance at 0x7f22d80dec80>,9,26,[13  3],10,-1,36,-1,10
1,<environment.Job instance at 0x7f22d80de7d0>,10,28,[ 5 14],11,-1,39,-1,11
1,<environment.Job instance at 0x7f22d80def00>,12,24,[14  4],13,-1,37,-1,13
1,<environment.Job instance at 0x7f22d80defa0>,13,26,[ 1 11],14,-1,40,-1,14
1,<environment.Job instance at 0x7f22d80dee60>,14,22,[ 2 14],15,-1,37,-1,15
1,<environment.Job instance at 0x7f22d80e5050>,15,27,[8 3],16,-1,43,-1,16
1,<environment.Job instance at 0x7f22d80e50f0>,16,15,[13  2],17,-1,32,-1,17
1,<environment.Job instance at 0x7f22d80e51e0>,17,25,[12  2],18,-1,43,-1,18
1,<environment.Job instance at 0x7f22d80e5320>,18,22,[ 4 12],19,-1,41,-1,19
1,<environment.Job instance at 0x7f22d80e5280>,20,20,[8 2],21,-1,67,-1,47
1,<environment.Job instance at 0x7f22d80e58c0>,25,20,[13  4],26,-1,67,-1,47
1,<environment.Job instance at 0x7f22d80e5870>,26,23,[8 1],27,-1,70,-1,47
1,<environment.Job instance at 0x7f22d80e5780>,27,26,[4 9],28,-1,73,-1,47
1,<environment.Job instance at 0x7f22d80e59b0>,28,17,[11  5],29,-1,64,-1,47
1,<environment.Job instance at 0x7f22d80e55f0>,29,21,[14  3],30,-1,68,-1,47
1,<environment.Job instance at 0x7f22d80e5aa0>,30,25,[12  3],31,-1,72,-1,47
1,<environment.Job instance at 0x7f22d80e5c80>,34,28,[3 7],35,-1,93,-1,65
1,<environment.Job instance at 0x7f22d80e5d20>,35,24,[13  5],36,-1,89,-1,65
1,<environment.Job instance at 0x7f22d80e5dc0>,36,28,[14  3],37,-1,93,-1,65
1,<environment.Job instance at 0x7f22d80e5eb0>,37,19,[ 4 14],38,-1,84,-1,65
1,<environment.Job instance at 0x7f22d80e5fa0>,38,24,[12  2],39,-1,89,-1,65
1,<environment.Job instance at 0x7f22d810d230>,39,22,[7 3],40,-1,123,-1,101
1,<environment.Job instance at 0x7f22d810d320>,42,23,[4 8],43,-1,124,-1,101
1,<environment.Job instance at 0x7f22d810d3c0>,43,25,[ 5 14],44,-1,126,-1,101
1,<environment.Job instance at 0x7f22d810d460>,44,22,[ 5 14],45,-1,123,-1,101
1,<environment.Job instance at 0x7f22d810d500>,45,21,[ 1 13],46,-1,122,-1,101
1,<environment.Job instance at 0x7f22d810d5a0>,46,28,[ 3 13],47,-1,129,-1,101
1,<environment.Job instance at 0x7f22d810d0a0>,47,23,[12  5],48,-1,124,-1,101
1,<environment.Job instance at 0x7f22d810d690>,48,23,[12  4],49,-1,124,-1,101
1,<environment.Job instance at 0x7f22d810d730>,49,23,[14  2],50,-1,124,-1,101
1,<environment.Job instance at 0x7f22d810d7d0>,50,24,[8 3],51,-1,125,-1,101
1,<environment.Job instance at 0x7f22d810da00>,51,26,[1 7],52,-1,127,-1,101
1,<environment.Job instance at 0x7f22d810da50>,52,14,[ 4 13],53,-1,115,-1,101
1,<environment.Job instance at 0x7f22d810daa0>,53,24,[1 7],54,-1,125,-1,101
1,<environment.Job instance at 0x7f22d810db40>,54,23,[ 3 14],55,-1,124,-1,101
1,<environment.Job instance at 0x7f22d810dbe0>,55,18,[13  3],56,-1,119,-1,101
1,<environment.Job instance at 0x7f22d810dc80>,56,14,[11  3],57,-1,115,-1,101
1,<environment.Job instance at 0x7f22d810dd20>,57,20,[12  4],58,-1,121,-1,101
1,<environment.Job instance at 0x7f22d810ddc0>,58,16,[ 1 13],59,-1,117,-1,101
1,<environment.Job instance at 0x7f22d810de60>,59,26,[ 4 13],60,-1,127,-1,101
1,<environment.Job instance at 0x7f22d810df00>,60,26,[ 4 14],61,-1,127,-1,101
1,<environment.Job instance at 0x7f22d810d910>,61,21,[12  3],62,-1,122,-1,101
1,<environment.Job instance at 0x7f22d810d8c0>,62,22,[11  4],63,-1,123,-1,101
1,<environment.Job instance at 0x7f22d810dfa0>,63,27,[ 2 10],64,-1,128,-1,101
1,<environment.Job instance at 0x7f22d810c1e0>,64,16,[14  1],65,-1,117,-1,101
1,<environment.Job instance at 0x7f22d810c320>,65,16,[11  1],66,-1,117,-1,101
1,<environment.Job instance at 0x7f22d810c3c0>,66,28,[12  1],67,-1,129,-1,101
1,<environment.Job instance at 0x7f22d810c410>,67,19,[4 6],68,-1,130,-1,111
1,<environment.Job instance at 0x7f22d810c550>,69,19,[ 4 11],70,-1,130,-1,111
1,<environment.Job instance at 0x7f22d810c7d0>,73,20,[ 1 13],74,-1,156,-1,136
1,<environment.Job instance at 0x7f22d810c870>,74,23,[11  5],75,-1,159,-1,136
1,<environment.Job instance at 0x7f22d810c910>,75,25,[10  2],76,-1,161,-1,136
1,<environment.Job instance at 0x7f22d810c9b0>,76,27,[13  4],77,-1,163,-1,136
1,<environment.Job instance at 0x7f22d810ca50>,77,26,[2 9],78,-1,162,-1,136
1,<environment.Job instance at 0x7f22d810caf0>,78,28,[ 1 11],79,-1,164,-1,136
1,<environment.Job instance at 0x7f22d810cb90>,79,21,[ 5 14],80,-1,157,-1,136
1,<environment.Job instance at 0x7f22d810cc30>,80,27,[13  2],81,-1,163,-1,136
1,<environment.Job instance at 0x7f22d810ccd0>,81,19,[ 2 12],82,-1,155,-1,136
1,<environment.Job instance at 0x7f22d810cd70>,82,20,[13  5],83,-1,156,-1,136
1,<environment.Job instance at 0x7f22d810ce10>,83,20,[13  1],84,-1,156,-1,136
1,<environment.Job instance at 0x7f22d810ceb0>,84,22,[ 3 11],85,-1,158,-1,136
1,<environment.Job instance at 0x7f22d810cf50>,85,26,[6 1],86,-1,162,-1,136
1,<environment.Job instance at 0x7f22d810c0a0>,86,13,[14  4],87,-1,149,-1,136
1,<environment.Job instance at 0x7f22d810c190>,87,27,[12  3],88,-1,163,-1,136
1,<environment.Job instance at 0x7f22d80fd190>,88,15,[ 3 14],89,-1,151,-1,136
1,<environment.Job instance at 0x7f22d80fd230>,89,21,[ 1 10],90,-1,157,-1,136
1,<environment.Job instance at 0x7f22d7e971e0>,90,21,[13  3],91,-1,157,-1,136
1,<environment.Job instance at 0x7f22d88ed050>,91,24,[13  4],92,-1,160,-1,136
1,<environment.Job instance at 0x7f22d7ed5b90>,92,21,[11  2],93,-1,157,-1,136
1,<environment.Job instance at 0x7f22d7ed59b0>,93,27,[13  2],94,-1,163,-1,136
1,<environment.Job instance at 0x7f22d7ed5730>,94,22,[ 5 14],95,-1,158,-1,136
1,<environment.Job instance at 0x7f22d7ed5960>,95,28,[7 5],96,-1,164,-1,136
1,<environment.Job instance at 0x7f22d7ed5230>,96,14,[2 5],97,-1,150,-1,136
1,<environment.Job instance at 0x7f22d7ed5910>,97,26,[11  1],98,-1,162,-1,136
1,<environment.Job instance at 0x7f22d7ed55f0>,98,28,[ 1 12],99,-1,164,-1,136
1,<environment.Job instance at 0x7f22d7ed5870>,99,22,[ 2 12],100,-1,158,-1,136
1,<environment.Job instance at 0x7f22d7ed50a0>,100,21,[12  4],101,-1,157,-1,136
1,<environment.Job instance at 0x7f22d7ed52d0>,101,24,[ 3 13],102,-1,160,-1,136
1,<environment.Job instance at 0x7f22d7ed53c0>,102,24,[12  5],103,-1,160,-1,136
1,<environment.Job instance at 0x7f22d7ed5140>,103,27,[ 5 14],104,-1,163,-1,136
1,<environment.Job instance at 0x7f22d90d0f50>,104,18,[ 3 11],105,-1,154,-1,136
1,<environment.Job instance at 0x7f22d90fee10>,105,27,[ 1 14],106,-1,163,-1,136
1,<environment.Job instance at 0x7f22d7eb5050>,106,26,[11  5],107,-1,162,-1,136
1,<environment.Job instance at 0x7f22d9364c30>,107,26,[ 3 11],108,-1,162,-1,136
1,<environment.Job instance at 0x7f22d9463230>,108,27,[11  4],109,-1,163,-1,136
1,<environment.Job instance at 0x7f22d94634b0>,109,18,[14  5],110,-1,154,-1,136
1,<environment.Job instance at 0x7f22d8ee67d0>,110,17,[ 5 11],111,-1,153,-1,136
1,<environment.Job instance at 0x7f22d8233dc0>,111,20,[ 2 13],112,-1,156,-1,136
1,<environment.Job instance at 0x7f22d9222190>,112,20,[11  5],113,-1,156,-1,136
1,<environment.Job instance at 0x7f22d7f4cb90>,114,27,[5 8],115,-1,167,-1,140
1,<environment.Job instance at 0x7f0aa582c410>,2,22,[ 4 14],3,-1,25,-1,3
1,<environment.Job instance at 0x7f0aa582c5a0>,3,25,[ 5 14],4,-1,29,-1,4
1,<environment.Job instance at 0x7f0aa582c4b0>,4,21,[ 1 12],5,-1,26,-1,5
1,<environment.Job instance at 0x7f0aa582c640>,5,24,[1 5],6,-1,30,-1,6
1,<environment.Job instance at 0x7f0aaefa41e0>,7,25,[6 2],8,-1,33,-1,8
1,<environment.Job instance at 0x7f0aa582c7d0>,8,22,[14  3],9,-1,31,-1,9
1,<environment.Job instance at 0x7f0aa582c910>,9,19,[13  1],10,-1,29,-1,10
1,<environment.Job instance at 0x7f0aa582c9b0>,10,23,[ 4 14],11,-1,34,-1,11
1,<environment.Job instance at 0x7f0aa582ca50>,11,25,[ 4 12],12,-1,37,-1,12
1,<environment.Job instance at 0x7f0aa582caf0>,12,19,[ 5 13],13,-1,32,-1,13
1,<environment.Job instance at 0x7f0aa582cb90>,13,22,[ 2 11],14,-1,36,-1,14
1,<environment.Job instance at 0x7f0aa582cc30>,14,25,[13  4],15,-1,40,-1,15
1,<environment.Job instance at 0x7f0aa582c780>,15,25,[13  3],16,-1,41,-1,16
1,<environment.Job instance at 0x7f0aa582cdc0>,16,26,[14  4],17,-1,43,-1,17
1,<environment.Job instance at 0x7f0aa582ce10>,17,14,[ 2 14],18,-1,32,-1,18
1,<environment.Job instance at 0x7f0aa582ceb0>,18,14,[ 2 13],19,-1,33,-1,19
1,<environment.Job instance at 0x7f0aa582cf50>,19,17,[13  5],20,-1,37,-1,20
1,<environment.Job instance at 0x7f0aa5830050>,20,21,[12  2],21,-1,42,-1,21
1,<environment.Job instance at 0x7f0aa58300f0>,21,28,[11  1],22,-1,50,-1,22
1,<environment.Job instance at 0x7f0aa5830190>,22,26,[ 1 14],23,-1,49,-1,23
1,<environment.Job instance at 0x7f0aa58302d0>,24,13,[ 3 14],25,-1,38,-1,25
1,<environment.Job instance at 0x7f0aa5830460>,25,23,[ 3 13],26,-1,49,-1,26
1,<environment.Job instance at 0x7f0aa5830370>,26,26,[1 8],27,-1,53,-1,27
1,<environment.Job instance at 0x7f0aa5830500>,27,25,[5 7],28,-1,53,-1,28
1,<environment.Job instance at 0x7f0aa58305a0>,28,25,[ 4 11],29,-1,54,-1,29
1,<environment.Job instance at 0x7f0aa5830640>,29,22,[ 5 13],30,-1,52,-1,30
1,<environment.Job instance at 0x7f0aa58306e0>,30,27,[4 8],31,-1,58,-1,31
1,<environment.Job instance at 0x7f0aa582cd70>,32,27,[11  3],33,-1,60,-1,33
1,<environment.Job instance at 0x7f0aa5830870>,33,16,[ 2 14],34,-1,50,-1,34
1,<environment.Job instance at 0x7f0aa58309b0>,34,24,[ 1 14],35,-1,59,-1,35
1,<environment.Job instance at 0x7f0aa5830b90>,36,20,[ 3 14],37,-1,57,-1,37
1,<environment.Job instance at 0x7f0aa5830820>,35,22,[11  5],36,-1,59,-1,37
1,<environment.Job instance at 0x7f0aa5830b40>,37,28,[ 2 12],38,-1,66,-1,38
1,<environment.Job instance at 0x7f0aa5830c30>,38,20,[ 1 12],39,-1,59,-1,39
1,<environment.Job instance at 0x7f0aa5830cd0>,39,24,[5 6],40,-1,64,-1,40
1,<environment.Job instance at 0x7f0aa5830d70>,40,26,[ 1 12],41,-1,67,-1,41
1,<environment.Job instance at 0x7f0aa5830e10>,41,18,[ 5 14],42,-1,60,-1,42
1,<environment.Job instance at 0x7f0aa5830eb0>,42,20,[ 2 11],43,-1,63,-1,43
1,<environment.Job instance at 0x7f0aa5830f50>,43,16,[13  5],44,-1,60,-1,44
1,<environment.Job instance at 0x7f0aa5832050>,44,16,[14  3],45,-1,61,-1,45
1,<environment.Job instance at 0x7f0aa58320f0>,45,27,[12  2],46,-1,73,-1,46
1,<environment.Job instance at 0x7f0aa5832190>,46,28,[ 4 11],47,-1,75,-1,47
1,<environment.Job instance at 0x7f0aa5832230>,47,17,[12  2],48,-1,65,-1,48
1,<environment.Job instance at 0x7f0aa5830be0>,49,27,[ 1 11],50,-1,77,-1,50
1,<environment.Job instance at 0x7f0aa5832640>,51,25,[12  2],52,-1,77,-1,52
1,<environment.Job instance at 0x7f0aa5832410>,53,27,[14  5],54,-1,81,-1,54
1,<environment.Job instance at 0x7f0aa5832690>,54,24,[5 7],55,-1,80,-1,56
1,<environment.Job instance at 0x7f0aa5832870>,56,20,[ 3 13],57,-1,77,-1,57
1,<environment.Job instance at 0x7f0aa5832a50>,60,28,[13  2],61,-1,101,-1,73
1,<environment.Job instance at 0x7f0aa5832c80>,61,23,[ 1 11],62,-1,96,-1,73
1,<environment.Job instance at 0x7f0aa5832d20>,62,21,[ 5 13],63,-1,94,-1,73
1,<environment.Job instance at 0x7f0aa5832c30>,63,28,[ 3 14],64,-1,101,-1,73
1,<environment.Job instance at 0x7f0aa5832cd0>,64,28,[ 1 14],65,-1,101,-1,73
1,<environment.Job instance at 0x7f0aa5832f50>,67,27,[ 1 10],68,-1,120,-1,93
1,<environment.Job instance at 0x7f0aa5835050>,68,20,[ 3 12],69,-1,113,-1,93
1,<environment.Job instance at 0x7f0aa5832fa0>,69,20,[ 3 12],70,-1,113,-1,93
1,<environment.Job instance at 0x7f0aa5835190>,70,21,[12  2],71,-1,114,-1,93
1,<environment.Job instance at 0x7f0aa5835230>,71,28,[5 1],72,-1,121,-1,93
1,<environment.Job instance at 0x7f0aa58352d0>,72,24,[9 2],73,-1,117,-1,93
1,<environment.Job instance at 0x7f0aa58354b0>,73,25,[3 8],74,-1,118,-1,93
1,<environment.Job instance at 0x7f0aa5835410>,74,27,[1 6],75,-1,121,-1,94
1,<environment.Job instance at 0x7f0aa5835550>,75,14,[ 4 11],76,-1,108,-1,94
1,<environment.Job instance at 0x7f0aa5835460>,76,19,[ 4 14],77,-1,113,-1,94
1,<environment.Job instance at 0x7f0aa5835640>,77,13,[14  5],78,-1,107,-1,94
1,<environment.Job instance at 0x7f0aa58356e0>,78,27,[10  2],79,-1,121,-1,94
1,<environment.Job instance at 0x7f0aa5835780>,79,28,[9 4],80,-1,122,-1,94
1,<environment.Job instance at 0x7f0aa58358c0>,81,15,[ 5 11],82,-1,119,-1,104
1,<environment.Job instance at 0x7f0aa5835960>,82,26,[5 4],83,-1,130,-1,104
1,<environment.Job instance at 0x7f0aa5835aa0>,83,12,[12  3],84,-1,116,-1,104
1,<environment.Job instance at 0x7f0aa5835a50>,86,24,[ 1 11],87,-1,159,-1,135
1,<environment.Job instance at 0x7f0aa5835d20>,87,28,[ 3 10],88,-1,163,-1,135
1,<environment.Job instance at 0x7f0aa5835d70>,88,21,[ 1 11],89,-1,156,-1,135
1,<environment.Job instance at 0x7f0aa5835cd0>,89,23,[13  1],90,-1,158,-1,135
1,<environment.Job instance at 0x7f0aa5835fa0>,90,22,[4 9],91,-1,157,-1,135
1,<environment.Job instance at 0x7f0aa5835f50>,91,20,[14  2],92,-1,155,-1,135
1,<environment.Job instance at 0x7f0aa5835f00>,92,21,[10  1],93,-1,156,-1,135
1,<environment.Job instance at 0x7f0aa5837280>,93,20,[12  1],94,-1,155,-1,135
1,<environment.Job instance at 0x7f0aa58372d0>,94,25,[4 5],95,-1,160,-1,135
1,<environment.Job instance at 0x7f0aa5837410>,96,28,[ 1 13],97,-1,163,-1,135
1,<environment.Job instance at 0x7f0aa58374b0>,97,26,[ 1 11],98,-1,161,-1,135
1,<environment.Job instance at 0x7f0aa58375f0>,99,26,[6 5],100,-1,172,-1,146
1,<environment.Job instance at 0x7f0aa5837690>,100,18,[ 2 13],101,-1,164,-1,146
1,<environment.Job instance at 0x7f0aa5837730>,101,18,[ 1 10],102,-1,164,-1,146
1,<environment.Job instance at 0x7f0aa58377d0>,102,23,[ 3 13],103,-1,169,-1,146
1,<environment.Job instance at 0x7f0aa5837870>,103,23,[ 5 13],104,-1,169,-1,146
1,<environment.Job instance at 0x7f0aa5837a00>,104,12,[ 4 12],105,-1,158,-1,146
1,<environment.Job instance at 0x7f0aa5837140>,105,26,[9 3],106,-1,172,-1,146
1,<environment.Job instance at 0x7f0aa5837af0>,106,23,[14  4],107,-1,169,-1,146
1,<environment.Job instance at 0x7f0aa5837b90>,107,12,[ 3 12],108,-1,158,-1,146
1,<environment.Job instance at 0x7f0aa5837c30>,108,21,[ 1 13],109,-1,167,-1,146
1,<environment.Job instance at 0x7f0aa5837cd0>,109,25,[11  4],110,-1,171,-1,146
1,<environment.Job instance at 0x7f0aa5837d70>,110,12,[13  1],111,-1,158,-1,146
1,<environment.Job instance at 0x7f0aa5837e10>,111,20,[ 5 11],112,-1,166,-1,146
1,<environment.Job instance at 0x7f0aa5837eb0>,112,27,[12  2],113,-1,173,-1,146
1,<environment.Job instance at 0x7f0aa5837fa0>,113,15,[12  1],114,-1,161,-1,146
1,<environment.Job instance at 0x7f0aa5837f50>,114,14,[ 2 11],115,-1,160,-1,146
1,<environment.Job instance at 0x7f0aa583b0f0>,115,23,[13  5],116,-1,169,-1,146
1,<environment.Job instance at 0x7f0aa583b230>,116,21,[ 1 12],117,-1,167,-1,146
1,<environment.Job instance at 0x7f0aa583b2d0>,117,19,[11  2],118,-1,165,-1,146
1,<environment.Job instance at 0x7f0aa583b370>,118,21,[ 3 14],119,-1,167,-1,146
1,<environment.Job instance at 0x7f0aa583b410>,119,17,[ 3 10],120,-1,163,-1,146
1,<environment.Job instance at 0x7f0aa583b4b0>,120,19,[13  1],121,-1,165,-1,146
1,<environment.Job instance at 0x7f0aa583b550>,121,20,[13  3],122,-1,166,-1,146
1,<environment.Job instance at 0x7f0aa583b5f0>,122,24,[ 4 11],123,-1,170,-1,146
1,<environment.Job instance at 0x7f0aa583b690>,123,22,[13  4],124,-1,168,-1,146
1,<environment.Job instance at 0x7f0aa583b730>,124,22,[ 1 13],125,-1,168,-1,146
1,<environment.Job instance at 0x7f0aa583b7d0>,125,15,[12  3],126,-1,161,-1,146
1,<environment.Job instance at 0x7f0aa583b870>,126,28,[ 4 12],127,-1,174,-1,146
1,<environment.Job instance at 0x7f0aa583b910>,127,17,[ 4 11],128,-1,163,-1,146
1,<environment.Job instance at 0x7f0aa583b9b0>,128,23,[ 2 14],129,-1,169,-1,146
1,<environment.Job instance at 0x7f0aa583ba50>,129,22,[ 2 14],130,-1,168,-1,146
1,<environment.Job instance at 0x7f0aa583baf0>,130,14,[12  3],131,-1,160,-1,146
1,<environment.Job instance at 0x7f0aa583bc30>,132,20,[ 2 11],133,-1,175,-1,155
1,<environment.Job instance at 0x7f0aa583bcd0>,133,25,[14  3],134,-1,180,-1,155
1,<environment.Job instance at 0x7f0aa583bd70>,134,28,[2 9],135,-1,183,-1,155
1,<environment.Job instance at 0x7f0aaeff00f0>,135,14,[ 2 12],136,-1,169,-1,155
1,<environment.Job instance at 0x7f0aa5888cd0>,136,19,[11  3],137,-1,174,-1,155
1,<environment.Job instance at 0x7f0aa5824dc0>,137,20,[14  5],138,-1,175,-1,155
1,<environment.Job instance at 0x7f0aa5824730>,138,19,[13  5],139,-1,174,-1,155
1,<environment.Job instance at 0x7f0aa5824280>,139,26,[14  1],140,-1,181,-1,155
1,<environment.Job instance at 0x7f0aa58245a0>,140,28,[ 2 10],141,-1,183,-1,155
1,<environment.Job instance at 0x7f0aa5824190>,141,28,[7 4],142,-1,183,-1,155
1,<environment.Job instance at 0x7f0aa5824410>,142,25,[ 3 14],143,-1,180,-1,155
1,<environment.Job instance at 0x7f0aa5824050>,143,28,[12  5],144,-1,183,-1,155
1,<environment.Job instance at 0x7f0aa5882af0>,144,20,[ 4 14],145,-1,175,-1,155
1,<environment.Job instance at 0x7f0aa5824140>,145,24,[2 5],146,-1,179,-1,155
1,<environment.Job instance at 0x7f0aa59cc0a0>,146,22,[ 1 14],147,-1,177,-1,155
1,<environment.Job instance at 0x7f0aa5824aa0>,147,27,[ 4 12],148,-1,182,-1,155
1,<environment.Job instance at 0x7f0aa58f40a0>,148,27,[4 9],149,-1,182,-1,155
1,<environment.Job instance at 0x7f0aa5830320>,1,26,[ 5 11],2,-1,28,-1,2
1,<environment.Job instance at 0x7f0aa5c44e60>,2,24,[4 7],3,-1,27,-1,3
1,<environment.Job instance at 0x7f0aa5c442d0>,3,28,[3 8],4,-1,32,-1,4
1,<environment.Job instance at 0x7f0aa5c440a0>,4,28,[ 3 11],5,-1,33,-1,5
1,<environment.Job instance at 0x7f0aa5c449b0>,5,19,[ 3 12],6,-1,25,-1,6
1,<environment.Job instance at 0x7f0aa5c44c30>,6,21,[ 1 11],7,-1,28,-1,7
1,<environment.Job instance at 0x7f0aa5c44370>,7,26,[ 1 11],8,-1,34,-1,8
1,<environment.Job instance at 0x7f0aa5c6f500>,9,21,[ 2 12],10,-1,31,-1,10
1,<environment.Job instance at 0x7f0aa5c99050>,10,25,[ 2 12],11,-1,36,-1,11
1,<environment.Job instance at 0x7f0aa5c99320>,11,20,[ 5 13],12,-1,32,-1,12
1,<environment.Job instance at 0x7f0aa5c440f0>,8,17,[13  5],9,-1,30,-1,13
1,<environment.Job instance at 0x7f0aa5c44a00>,13,28,[ 1 13],14,-1,42,-1,14
1,<environment.Job instance at 0x7f0aa5c99b90>,14,26,[12  2],15,-1,41,-1,15
1,<environment.Job instance at 0x7f0aa5c99b40>,15,21,[ 3 11],16,-1,37,-1,16
1,<environment.Job instance at 0x7f0aa5c99d20>,16,21,[ 5 14],17,-1,38,-1,17
1,<environment.Job instance at 0x7f0aa5c994b0>,17,19,[ 5 12],18,-1,37,-1,18
1,<environment.Job instance at 0x7f0aa5c99820>,18,28,[3 8],19,-1,47,-1,19
1,<environment.Job instance at 0x7f0aa5c99230>,19,22,[14  5],20,-1,42,-1,20
1,<environment.Job instance at 0x7f0aa5c999b0>,21,26,[ 5 13],22,-1,48,-1,22
1,<environment.Job instance at 0x7f0aa5c99780>,22,20,[14  2],23,-1,43,-1,23
1,<environment.Job instance at 0x7f0aa5c99a00>,23,25,[5 7],24,-1,49,-1,24
1,<environment.Job instance at 0x7f0aa5c99410>,24,21,[ 4 12],25,-1,46,-1,25
1,<environment.Job instance at 0x7f0aa528a050>,25,20,[11  2],26,-1,46,-1,26
1,<environment.Job instance at 0x7f0aa52f0690>,26,27,[ 5 14],27,-1,54,-1,27
1,<environment.Job instance at 0x7f0aa52f0aa0>,27,28,[12  2],28,-1,56,-1,28
1,<environment.Job instance at 0x7f0aa52f0f50>,28,28,[ 1 12],29,-1,57,-1,29
1,<environment.Job instance at 0x7f0aa5c99dc0>,29,25,[12  1],30,-1,55,-1,30
1,<environment.Job instance at 0x7f0aa517df00>,31,28,[ 1 14],32,-1,60,-1,32
1,<environment.Job instance at 0x7f0aa52d7eb0>,32,26,[13  4],33,-1,59,-1,33
1,<environment.Job instance at 0x7f0aa52d7870>,33,13,[ 2 14],34,-1,47,-1,34
1,<environment.Job instance at 0x7f0aa52b75f0>,35,21,[12  2],36,-1,57,-1,36
1,<environment.Job instance at 0x7f0aa515a050>,36,21,[ 5 11],37,-1,58,-1,37
1,<environment.Job instance at 0x7f0aa52d7fa0>,37,26,[ 5 10],38,-1,64,-1,38
1,<environment.Job instance at 0x7f0aa4f53190>,38,27,[12  4],39,-1,66,-1,39
1,<environment.Job instance at 0x7f0aa523fbe0>,39,27,[14  3],40,-1,67,-1,40
1,<environment.Job instance at 0x7f0aa4ecaf50>,40,27,[14  5],41,-1,68,-1,41
1,<environment.Job instance at 0x7f0aa533fa50>,41,26,[13  1],42,-1,68,-1,42
1,<environment.Job instance at 0x7f0aa53240a0>,42,25,[12  2],43,-1,68,-1,43
1,<environment.Job instance at 0x7f0aa5324410>,43,21,[13  5],44,-1,65,-1,44
1,<environment.Job instance at 0x7f0aa52e2280>,44,25,[11  2],45,-1,70,-1,45
1,<environment.Job instance at 0x7f0aa52e2050>,45,24,[11  4],46,-1,70,-1,46
1,<environment.Job instance at 0x7f0aa52e2d20>,46,16,[ 4 14],47,-1,63,-1,47
1,<environment.Job instance at 0x7f0aa52e2dc0>,47,28,[8 4],48,-1,76,-1,48
1,<environment.Job instance at 0x7f0aa52e25a0>,48,20,[12  1],49,-1,69,-1,49
1,<environment.Job instance at 0x7f0aa52e2690>,49,28,[ 4 12],50,-1,78,-1,50
1,<environment.Job instance at 0x7f0aa52e27d0>,50,18,[12  2],51,-1,69,-1,51
1,<environment.Job instance at 0x7f0aa539cb40>,52,25,[13  2],53,-1,78,-1,53
1,<environment.Job instance at 0x7f0aa52dcf50>,53,26,[ 5 11],54,-1,80,-1,54
1,<environment.Job instance at 0x7f0aa5329eb0>,56,26,[ 4 12],57,-1,83,-1,57
1,<environment.Job instance at 0x7f0aa52fa730>,57,19,[12  5],58,-1,78,-1,59
1,<environment.Job instance at 0x7f0aa52d65f0>,59,20,[ 1 13],60,-1,80,-1,60
1,<environment.Job instance at 0x7f0aa52d6af0>,60,19,[13  2],61,-1,80,-1,61
1,<environment.Job instance at 0x7f0aa52d2a50>,61,28,[11  2],62,-1,90,-1,62
1,<environment.Job instance at 0x7f0aa52d2d20>,62,28,[13  5],63,-1,91,-1,63
1,<environment.Job instance at 0x7f0aa52d2e60>,63,20,[ 5 11],64,-1,84,-1,64
1,<environment.Job instance at 0x7f0aa52d2b40>,64,15,[12  1],65,-1,80,-1,65
1,<environment.Job instance at 0x7f0aa52d28c0>,65,21,[ 1 12],66,-1,87,-1,66
1,<environment.Job instance at 0x7f0aa52d22d0>,66,19,[14  5],67,-1,86,-1,67
1,<environment.Job instance at 0x7f0aa52d20a0>,67,25,[ 3 12],68,-1,93,-1,68
1,<environment.Job instance at 0x7f0aa52e73c0>,68,28,[12  5],69,-1,97,-1,69
1,<environment.Job instance at 0x7f0aa53e10a0>,69,13,[12  3],70,-1,83,-1,70
1,<environment.Job instance at 0x7f0aa53e1280>,70,20,[13  4],71,-1,91,-1,71
1,<environment.Job instance at 0x7f0aa532c7d0>,71,27,[14  3],72,-1,99,-1,72
1,<environment.Job instance at 0x7f0aa532c050>,73,26,[ 4 12],74,-1,100,-1,74
1,<environment.Job instance at 0x7f0aa532c230>,74,26,[8 3],75,-1,101,-1,75
1,<environment.Job instance at 0x7f0aa532cfa0>,75,23,[12  1],76,-1,99,-1,76
1,<environment.Job instance at 0x7f0aa532c8c0>,76,19,[ 2 13],77,-1,96,-1,77
1,<environment.Job instance at 0x7f0aa532c780>,77,22,[11  1],78,-1,100,-1,78
1,<environment.Job instance at 0x7f0aa533bc30>,78,22,[ 1 13],79,-1,101,-1,79
1,<environment.Job instance at 0x7f0aa533bb90>,79,24,[ 2 14],80,-1,104,-1,80
1,<environment.Job instance at 0x7f0aa533be60>,80,23,[ 2 14],81,-1,104,-1,81
1,<environment.Job instance at 0x7f0aa533b2d0>,81,23,[13  3],82,-1,105,-1,82
1,<environment.Job instance at 0x7f0aa533b730>,82,25,[10  5],83,-1,108,-1,83
1,<environment.Job instance at 0x7f0aa5331a00>,83,20,[13  5],84,-1,104,-1,84
1,<environment.Job instance at 0x7f0aa5331910>,84,24,[14  3],85,-1,109,-1,85
1,<environment.Job instance at 0x7f0aa53313c0>,85,23,[13  5],86,-1,109,-1,86
1,<environment.Job instance at 0x7f0aa5331c80>,86,21,[12  3],87,-1,108,-1,87
1,<environment.Job instance at 0x7f0aa5331a50>,87,19,[13  4],88,-1,107,-1,88
1,<environment.Job instance at 0x7f0aa5331be0>,88,28,[ 4 11],89,-1,117,-1,89
1,<environment.Job instance at 0x7f0aa5331c30>,89,25,[ 4 12],90,-1,115,-1,90
1,<environment.Job instance at 0x7f0aa53813c0>,90,22,[14  1],91,-1,113,-1,91
1,<environment.Job instance at 0x7f0aa5320f00>,91,25,[7 3],92,-1,117,-1,92
1,<environment.Job instance at 0x7f0aa5320910>,92,27,[ 4 13],93,-1,120,-1,93
1,<environment.Job instance at 0x7f0aa5320aa0>,93,26,[14  4],94,-1,120,-1,94
1,<environment.Job instance at 0x7f0aa5320690>,94,26,[9 1],95,-1,121,-1,95
1,<environment.Job instance at 0x7f0aa537cd20>,95,14,[11  5],96,-1,110,-1,96
1,<environment.Job instance at 0x7f0aa537ce10>,96,16,[14  1],97,-1,113,-1,97
1,<environment.Job instance at 0x7f0aa5336c80>,97,27,[ 1 14],98,-1,125,-1,98
1,<environment.Job instance at 0x7f0aa538ac80>,99,19,[13  1],100,-1,119,-1,100
1,<environment.Job instance at 0x7f0aa536d6e0>,100,15,[12  2],101,-1,116,-1,101
1,<environment.Job instance at 0x7f0aa53b7a00>,101,20,[11  2],102,-1,122,-1,102
1,<environment.Job instance at 0x7f0aa53b7d20>,102,25,[ 2 13],103,-1,128,-1,103
1,<environment.Job instance at 0x7f0aa54b2500>,103,21,[ 2 13],104,-1,125,-1,104
1,<environment.Job instance at 0x7f0aa54f8230>,107,28,[ 5 14],108,-1,141,-1,113
1,<environment.Job instance at 0x7f0aa54f8e10>,108,20,[11  2],109,-1,134,-1,114
1,<environment.Job instance at 0x7f0aa54a6230>,110,21,[ 4 14],111,-1,137,-1,116
1,<environment.Job instance at 0x7f0aa5bc67d0>,112,22,[14  4],113,-1,158,-1,136
1,<environment.Job instance at 0x7f0aa5bc6730>,113,19,[ 5 14],114,-1,155,-1,136
1,<environment.Job instance at 0x7f0aa5908500>,114,23,[13  1],115,-1,159,-1,136
1,<environment.Job instance at 0x7f0aa5908460>,115,20,[14  5],116,-1,156,-1,136
1,<environment.Job instance at 0x7f0aa5908140>,116,26,[ 1 11],117,-1,162,-1,136
1,<environment.Job instance at 0x7f0aa5dd58c0>,117,14,[ 3 13],118,-1,150,-1,136
1,<environment.Job instance at 0x7f0aa5431820>,118,13,[ 4 14],119,-1,149,-1,136
1,<environment.Job instance at 0x7f0aa5dd5dc0>,119,13,[ 5 14],120,-1,149,-1,136
1,<environment.Job instance at 0x7f0aa543c230>,120,27,[14  3],121,-1,163,-1,136
1,<environment.Job instance at 0x7f0aa5348140>,121,16,[12  5],122,-1,152,-1,136
1,<environment.Job instance at 0x7f0aa5dd5550>,122,19,[13  5],123,-1,155,-1,136
1,<environment.Job instance at 0x7f0aa4ef7f50>,123,13,[ 5 13],124,-1,149,-1,136
1,<environment.Job instance at 0x7f0aa4ef7280>,124,15,[12  1],125,-1,151,-1,136
1,<environment.Job instance at 0x7f0aa543c050>,125,26,[13  2],126,-1,162,-1,136
1,<environment.Job instance at 0x7f0aa5305af0>,126,22,[13  5],127,-1,158,-1,136
1,<environment.Job instance at 0x7f0aa5305b90>,127,23,[ 4 11],128,-1,159,-1,136
1,<environment.Job instance at 0x7f0aa5305f00>,128,17,[ 2 13],129,-1,153,-1,136
1,<environment.Job instance at 0x7f0aa53052d0>,129,27,[ 2 13],130,-1,163,-1,136
1,<environment.Job instance at 0x7f0aa5f61a00>,130,20,[14  4],131,-1,156,-1,136
1,<environment.Job instance at 0x7f0aa5c71fa0>,131,26,[ 4 11],132,-1,162,-1,136
1,<environment.Job instance at 0x7f0aa5c71a00>,132,25,[13  2],133,-1,161,-1,136
1,<environment.Job instance at 0x7f0aa5c71910>,133,13,[14  2],134,-1,149,-1,136
1,<environment.Job instance at 0x7f0aa5c71640>,135,25,[ 3 11],136,-1,161,-1,136
1,<environment.Job instance at 0x7f0aa5c71730>,136,28,[14  3],137,-1,165,-1,137
1,<environment.Job instance at 0x7f0aa5c71aa0>,137,26,[ 4 14],138,-1,164,-1,138
1,<environment.Job instance at 0x7f0aa54b3960>,138,13,[13  3],139,-1,152,-1,139
1,<environment.Job instance at 0x7f0aa54b37d0>,139,15,[13  1],140,-1,155,-1,140
1,<environment.Job instance at 0x7f0aa5cf27d0>,140,12,[14  2],141,-1,153,-1,141
1,<environment.Job instance at 0x7f0aa5c71230>,142,20,[ 4 12],143,-1,168,-1,148
1,<environment.Job instance at 0x7f0aa5cf2190>,143,25,[ 4 14],144,-1,173,-1,148
1,<environment.Job instance at 0x7f0aa5cf28c0>,144,24,[7 2],145,-1,177,-1,153
1,<environment.Job instance at 0x7f0aa5d24370>,146,24,[ 5 13],147,-1,179,-1,155
1,<environment.Job instance at 0x7f0aa5d24d20>,147,25,[ 2 13],148,-1,180,-1,155
1,<environment.Job instance at 0x7f0aa5d240f0>,148,15,[12  4],149,-1,170,-1,155
1,<environment.Job instance at 0x7f0aa4edacd0>,3,22,[ 2 12],4,-1,26,-1,4
1,<environment.Job instance at 0x7f0aa4eda730>,4,20,[12  3],5,-1,25,-1,5
1,<environment.Job instance at 0x7f0aa4edaa00>,5,19,[12  5],6,-1,25,-1,6
1,<environment.Job instance at 0x7f0aa4edafa0>,6,15,[ 5 14],7,-1,22,-1,7
1,<environment.Job instance at 0x7f0aa4edae60>,7,15,[11  1],8,-1,23,-1,8
1,<environment.Job instance at 0x7f0aa4edaa50>,8,20,[ 4 14],9,-1,29,-1,9
1,<environment.Job instance at 0x7f0aa4edaaa0>,9,20,[14  2],10,-1,30,-1,10
1,<environment.Job instance at 0x7f0aa4eda9b0>,10,25,[8 5],11,-1,36,-1,11
1,<environment.Job instance at 0x7f0aa4eda960>,11,24,[ 1 12],12,-1,36,-1,12
1,<environment.Job instance at 0x7f0aa4eda370>,12,21,[ 5 11],13,-1,34,-1,13
1,<environment.Job instance at 0x7f0aa4eda500>,13,24,[ 2 14],14,-1,38,-1,14
1,<environment.Job instance at 0x7f0aa4eda5f0>,14,24,[11  1],15,-1,39,-1,15
1,<environment.Job instance at 0x7f0aa4eda140>,15,25,[7 1],16,-1,41,-1,16
1,<environment.Job instance at 0x7f0aa4eda870>,16,24,[12  5],17,-1,41,-1,17
1,<environment.Job instance at 0x7f0aa4edac80>,18,22,[ 1 11],19,-1,41,-1,19
1,<environment.Job instance at 0x7f0aa4edaf50>,20,27,[ 4 14],21,-1,48,-1,21
1,<environment.Job instance at 0x7f0aa4edadc0>,21,23,[ 2 11],22,-1,45,-1,22
1,<environment.Job instance at 0x7f0aa4f1c1e0>,22,28,[ 4 12],23,-1,51,-1,23
1,<environment.Job instance at 0x7f0aa4f1c230>,23,22,[13  1],24,-1,46,-1,24
1,<environment.Job instance at 0x7f0aa4f1c6e0>,24,25,[3 6],25,-1,50,-1,25
1,<environment.Job instance at 0x7f0aa4f1c780>,25,17,[11  2],26,-1,43,-1,26
1,<environment.Job instance at 0x7f0aa4f1c140>,26,22,[ 3 13],27,-1,49,-1,27
1,<environment.Job instance at 0x7f0aa4f1c320>,27,20,[13  4],28,-1,48,-1,28
1,<environment.Job instance at 0x7f0aa4f1ccd0>,28,19,[13  4],29,-1,48,-1,29
1,<environment.Job instance at 0x7f0aa4f1c8c0>,29,16,[ 2 12],30,-1,46,-1,30
1,<environment.Job instance at 0x7f0aa4f1c960>,30,12,[ 4 14],31,-1,43,-1,31
1,<environment.Job instance at 0x7f0aa4f1c550>,31,20,[ 5 13],32,-1,52,-1,32
1,<environment.Job instance at 0x7f0aa4f1cfa0>,33,26,[12  4],34,-1,60,-1,34
1,<environment.Job instance at 0x7f0aa4f1cb90>,34,26,[ 5 12],35,-1,61,-1,35
1,<environment.Job instance at 0x7f0aa4f1ceb0>,35,22,[ 1 11],36,-1,58,-1,36
1,<environment.Job instance at 0x7f0aa4f1c050>,36,23,[14  5],37,-1,60,-1,37
1,<environment.Job instance at 0x7f0aa4f1caf0>,37,22,[ 2 11],38,-1,60,-1,38
1,<environment.Job instance at 0x7f0aa4f1c410>,38,22,[13  5],39,-1,61,-1,39
1,<environment.Job instance at 0x7f0aa4f1c5f0>,39,19,[11  1],40,-1,59,-1,40
1,<environment.Job instance at 0x7f0aa4f1c690>,40,27,[11  5],41,-1,68,-1,41
1,<environment.Job instance at 0x7f0aa4f1c730>,41,16,[ 3 14],42,-1,58,-1,42
1,<environment.Job instance at 0x7f0aa4f1c910>,42,16,[14  1],43,-1,59,-1,43
1,<environment.Job instance at 0x7f0aa4f1ce60>,43,19,[ 5 12],44,-1,63,-1,44
1,<environment.Job instance at 0x7f0aa4f705f0>,44,25,[ 5 13],45,-1,70,-1,45
1,<environment.Job instance at 0x7f0aa5b63eb0>,45,26,[13  4],46,-1,72,-1,46
1,<environment.Job instance at 0x7f0aa567a190>,46,21,[ 4 14],47,-1,68,-1,47
1,<environment.Job instance at 0x7f0aa5677f00>,47,25,[ 3 12],48,-1,73,-1,48
1,<environment.Job instance at 0x7f0aa56779b0>,48,27,[14  3],49,-1,76,-1,49
1,<environment.Job instance at 0x7f0aa5d44820>,50,14,[14  4],51,-1,65,-1,51
1,<environment.Job instance at 0x7f0aa5677960>,51,28,[13  2],52,-1,80,-1,52
1,<environment.Job instance at 0x7f0aa5678a50>,52,28,[ 5 14],53,-1,81,-1,53
1,<environment.Job instance at 0x7f0aa5678dc0>,54,14,[12  4],55,-1,69,-1,55
1,<environment.Job instance at 0x7f0aa5678c80>,55,25,[12  4],56,-1,81,-1,56
1,<environment.Job instance at 0x7f0aa56787d0>,56,20,[ 3 14],57,-1,77,-1,57
1,<environment.Job instance at 0x7f0aa5678870>,57,28,[ 3 14],58,-1,86,-1,58
1,<environment.Job instance at 0x7f0aa5678780>,58,28,[11  5],59,-1,87,-1,59
1,<environment.Job instance at 0x7f0aa5678140>,59,24,[8 4],60,-1,84,-1,60
1,<environment.Job instance at 0x7f0aa631cf00>,61,20,[12  3],62,-1,82,-1,62
1,<environment.Job instance at 0x7f0aa5bfeb40>,62,25,[13  2],63,-1,88,-1,63
1,<environment.Job instance at 0x7f0aa5bfe5a0>,63,14,[14  3],64,-1,78,-1,64
1,<environment.Job instance at 0x7f0aa5d49f50>,64,16,[13  2],65,-1,81,-1,65
1,<environment.Job instance at 0x7f0aa5d496e0>,65,26,[13  5],66,-1,92,-1,66
1,<environment.Job instance at 0x7f0aa5d49910>,66,24,[ 3 12],67,-1,91,-1,67
1,<environment.Job instance at 0x7f0aa5d491e0>,67,23,[ 3 11],68,-1,91,-1,68
1,<environment.Job instance at 0x7f0aa5d49280>,68,22,[11  4],69,-1,91,-1,69
1,<environment.Job instance at 0x7f0aa5993f50>,69,21,[12  3],70,-1,91,-1,70
1,<environment.Job instance at 0x7f0aa567e910>,70,12,[ 5 14],71,-1,83,-1,71
1,<environment.Job instance at 0x7f0aa567e050>,71,23,[12  5],72,-1,95,-1,72
1,<environment.Job instance at 0x7f0aa538a730>,73,23,[ 5 11],74,-1,97,-1,74
1,<environment.Job instance at 0x7f0aa567eb40>,74,25,[13  5],75,-1,100,-1,75
1,<environment.Job instance at 0x7f0aa55ce190>,75,19,[ 5 13],76,-1,95,-1,76
1,<environment.Job instance at 0x7f0aa4ee2960>,76,15,[ 4 12],77,-1,92,-1,77
1,<environment.Job instance at 0x7f0aa53ec960>,77,28,[ 5 10],78,-1,106,-1,78
1,<environment.Job instance at 0x7f0aa5de2dc0>,79,22,[12  5],80,-1,102,-1,80
1,<environment.Job instance at 0x7f0aa5478230>,80,21,[ 4 14],81,-1,102,-1,81
1,<environment.Job instance at 0x7f0aa5247f50>,81,20,[12  5],82,-1,102,-1,82
1,<environment.Job instance at 0x7f0aa5477a00>,82,28,[2 8],83,-1,112,-1,84
1,<environment.Job instance at 0x7f0aa4f7d5f0>,84,17,[ 4 13],85,-1,102,-1,85
1,<environment.Job instance at 0x7f0aa4f7d780>,85,21,[13  4],86,-1,107,-1,86
1,<environment.Job instance at 0x7f0aa55f0d70>,86,22,[ 5 12],87,-1,109,-1,87
1,<environment.Job instance at 0x7f0aa4ed5640>,87,13,[ 4 11],88,-1,101,-1,88
1,<environment.Job instance at 0x7f0aa4ed5af0>,88,15,[14  2],89,-1,104,-1,89
1,<environment.Job instance at 0x7f0aa4f4af00>,89,26,[ 1 13],90,-1,116,-1,90
1,<environment.Job instance at 0x7f0aa54908c0>,91,27,[ 2 12],92,-1,119,-1,92
1,<environment.Job instance at 0x7f0aa5490b40>,92,17,[14  5],93,-1,110,-1,93
1,<environment.Job instance at 0x7f0aa5490640>,93,24,[13  3],94,-1,118,-1,94
1,<environment.Job instance at 0x7f0aa4f71280>,94,22,[12  3],95,-1,117,-1,95
1,<environment.Job instance at 0x7f0aa4f716e0>,95,14,[ 5 12],96,-1,110,-1,96
1,<environment.Job instance at 0x7f0aa5d669b0>,96,16,[ 5 11],97,-1,113,-1,97
1,<environment.Job instance at 0x7f0aa4efae60>,97,23,[10  4],98,-1,121,-1,98
1,<environment.Job instance at 0x7f0aa4efa910>,98,20,[ 1 12],99,-1,119,-1,99
1,<environment.Job instance at 0x7f0aa4efa0f0>,99,21,[14  1],100,-1,121,-1,100
1,<environment.Job instance at 0x7f0aa4efa500>,100,20,[14  2],101,-1,121,-1,101
1,<environment.Job instance at 0x7f0aa4f7eb40>,101,22,[14  4],102,-1,124,-1,102
1,<environment.Job instance at 0x7f0aa4f7ea50>,102,17,[ 3 10],103,-1,136,-1,119
1,<environment.Job instance at 0x7f0aa4f1f4b0>,106,22,[ 4 14],107,-1,141,-1,119
1,<environment.Job instance at 0x7f0aa4f1f8c0>,107,20,[11  4],108,-1,139,-1,119
1,<environment.Job instance at 0x7f0aa4f1e410>,108,23,[14  4],109,-1,142,-1,119
1,<environment.Job instance at 0x7f0aa4f1f910>,109,19,[ 3 14],110,-1,138,-1,119
1,<environment.Job instance at 0x7f0aa4f1e8c0>,110,21,[14  2],111,-1,140,-1,119
1,<environment.Job instance at 0x7f0aa4f1e910>,111,24,[14  2],112,-1,143,-1,119
1,<environment.Job instance at 0x7f0aa4f1e780>,112,21,[ 5 11],113,-1,140,-1,119
1,<environment.Job instance at 0x7f0aa4f1e640>,113,20,[ 2 12],114,-1,139,-1,119
1,<environment.Job instance at 0x7f0aa4f1e7d0>,114,23,[ 4 11],115,-1,142,-1,119
1,<environment.Job instance at 0x7f0aa4f1ea00>,115,24,[3 8],116,-1,143,-1,119
1,<environment.Job instance at 0x7f0aa4f1e960>,116,23,[ 3 13],117,-1,142,-1,119
1,<environment.Job instance at 0x7f0aa4f1e4b0>,117,21,[14  4],118,-1,140,-1,119
1,<environment.Job instance at 0x7f0aa4e8e2d0>,119,24,[ 3 12],120,-1,147,-1,123
1,<environment.Job instance at 0x7f0aa4f05870>,122,22,[ 5 13],123,-1,166,-1,144
1,<environment.Job instance at 0x7f0aa4f055f0>,123,20,[14  4],124,-1,164,-1,144
1,<environment.Job instance at 0x7f0aa4f050f0>,124,23,[11  1],125,-1,167,-1,144
1,<environment.Job instance at 0x7f0aa54082d0>,125,25,[5 8],126,-1,169,-1,144
1,<environment.Job instance at 0x7f0aa4f05960>,126,27,[13  4],127,-1,171,-1,144
1,<environment.Job instance at 0x7f0aa4f05410>,127,21,[ 3 11],128,-1,165,-1,144
1,<environment.Job instance at 0x7f0aa4f2c320>,128,14,[12  4],129,-1,158,-1,144
1,<environment.Job instance at 0x7f0aa4f2c280>,129,12,[12  3],130,-1,156,-1,144
1,<environment.Job instance at 0x7f0aa4f2ceb0>,130,26,[ 3 12],131,-1,170,-1,144
1,<environment.Job instance at 0x7f0aa4f2c0a0>,131,12,[11  4],132,-1,156,-1,144
1,<environment.Job instance at 0x7f0aa4f2c140>,132,23,[ 2 11],133,-1,167,-1,144
1,<environment.Job instance at 0x7f0aa4f2c230>,133,14,[ 5 12],134,-1,158,-1,144
1,<environment.Job instance at 0x7f0aa4f2c3c0>,134,19,[11  3],135,-1,163,-1,144
1,<environment.Job instance at 0x7f0aa4f2cd70>,135,28,[ 2 11],136,-1,172,-1,144
1,<environment.Job instance at 0x7f0aa4f2c2d0>,136,24,[ 1 13],137,-1,168,-1,144
1,<environment.Job instance at 0x7f0aa4eba3c0>,137,25,[ 5 13],138,-1,169,-1,144
1,<environment.Job instance at 0x7f0aa4eba960>,138,19,[11  3],139,-1,163,-1,144
1,<environment.Job instance at 0x7f0aa4eba500>,139,24,[8 2],140,-1,168,-1,144
1,<environment.Job instance at 0x7f0aa4eba910>,140,21,[ 2 12],141,-1,165,-1,144
1,<environment.Job instance at 0x7f0aa4ebaaa0>,141,23,[ 2 12],142,-1,167,-1,144
1,<environment.Job instance at 0x7f0aa4ebafa0>,142,14,[ 4 10],143,-1,162,-1,148
1,<environment.Job instance at 0x7f0aa4ebae10>,143,26,[ 5 11],144,-1,174,-1,148
1,<environment.Job instance at 0x7f0aa4eca4b0>,144,19,[14  5],145,-1,167,-1,148
1,<environment.Job instance at 0x7f0aa4eba5a0>,145,21,[13  5],146,-1,169,-1,148
1,<environment.Job instance at 0x7f0aa4ee5320>,146,24,[ 5 12],147,-1,172,-1,148
1,<environment.Job instance at 0x7f0aa4eb3c30>,147,19,[12  2],148,-1,167,-1,148
1,<environment.Job instance at 0x7f0aa5412c80>,148,22,[ 5 11],149,-1,171,-1,149
1,<environment.Job instance at 0x7f0aaebf0d20>,149,26,[ 4 13],150,-1,176,-1,150
1,<environment.Job instance at 0x7f0aa5d77960>,150,27,[ 2 12],151,-1,178,-1,151
1,<environment.Job instance at 0x7f0aa5cede60>,151,19,[13  2],152,-1,171,-1,152
1,<environment.Job instance at 0x7f0aa4f7a370>,2,20,[ 1 11],3,-1,23,-1,3
1,<environment.Job instance at 0x7f0aa5519af0>,3,19,[13  2],4,-1,23,-1,4
1,<environment.Job instance at 0x7f0aa53692d0>,4,19,[ 1 11],5,-1,24,-1,5
1,<environment.Job instance at 0x7f0aa5369e60>,5,20,[13  5],6,-1,26,-1,6
1,<environment.Job instance at 0x7f0aa5369410>,6,27,[ 1 14],7,-1,34,-1,7
1,<environment.Job instance at 0x7f0aa53691e0>,7,26,[12  3],8,-1,34,-1,8
1,<environment.Job instance at 0x7f0aa53694b0>,8,24,[11  3],9,-1,33,-1,9
1,<environment.Job instance at 0x7f0aa5369500>,9,25,[13  2],10,-1,35,-1,10
1,<environment.Job instance at 0x7f0aa5369d70>,10,20,[ 5 14],11,-1,31,-1,11
1,<environment.Job instance at 0x7f0aa53690a0>,11,22,[ 5 14],12,-1,34,-1,12
1,<environment.Job instance at 0x7f0aa53695a0>,12,25,[ 3 12],13,-1,38,-1,13
1,<environment.Job instance at 0x7f0aa54a5a00>,13,28,[ 1 12],14,-1,42,-1,14
1,<environment.Job instance at 0x7f0aa54a52d0>,14,20,[ 1 14],15,-1,35,-1,15
1,<environment.Job instance at 0x7f0aa545b730>,15,26,[ 3 12],16,-1,42,-1,16
1,<environment.Job instance at 0x7f0aa545b7d0>,16,16,[ 3 12],17,-1,33,-1,17
1,<environment.Job instance at 0x7f0aa545b3c0>,17,14,[13  3],18,-1,32,-1,18
1,<environment.Job instance at 0x7f0aa577e6e0>,19,28,[ 2 13],20,-1,48,-1,20
1,<environment.Job instance at 0x7f0aa4f14eb0>,21,23,[ 4 11],22,-1,45,-1,22
1,<environment.Job instance at 0x7f0aa4f14f00>,22,16,[ 5 13],23,-1,39,-1,23
1,<environment.Job instance at 0x7f0aa4f14e60>,24,21,[ 4 14],25,-1,46,-1,25
1,<environment.Job instance at 0x7f0aa4f144b0>,25,12,[12  5],26,-1,38,-1,26
1,<environment.Job instance at 0x7f0aa5044cd0>,27,26,[14  4],28,-1,54,-1,28
1,<environment.Job instance at 0x7f0aa54d38c0>,28,23,[ 3 12],29,-1,52,-1,29
1,<environment.Job instance at 0x7f0aa4f9b780>,30,24,[ 4 13],31,-1,55,-1,31
1,<environment.Job instance at 0x7f0aa514c230>,31,23,[9 1],32,-1,66,-1,43
1,<environment.Job instance at 0x7f0aa4ecae60>,35,28,[5 1],36,-1,71,-1,43
1,<environment.Job instance at 0x7f0aa4eca280>,36,19,[ 1 14],37,-1,62,-1,43
1,<environment.Job instance at 0x7f0aa5321640>,37,22,[ 4 11],38,-1,65,-1,43
1,<environment.Job instance at 0x7f0aa4ebac30>,38,28,[6 1],39,-1,71,-1,43
1,<environment.Job instance at 0x7f0aa514c050>,39,21,[13  2],40,-1,64,-1,43
1,<environment.Job instance at 0x7f0aa4ebaf00>,40,20,[14  3],41,-1,63,-1,43
1,<environment.Job instance at 0x7f0aa4f53320>,41,22,[12  2],42,-1,65,-1,43
1,<environment.Job instance at 0x7f0aa533f7d0>,42,14,[ 3 14],43,-1,57,-1,43
1,<environment.Job instance at 0x7f0aa4eb6c30>,43,12,[ 3 12],44,-1,56,-1,44
1,<environment.Job instance at 0x7f0aa4eb6370>,44,25,[12  2],45,-1,70,-1,45
1,<environment.Job instance at 0x7f0aa4f2c2d0>,45,24,[14  4],46,-1,70,-1,46
1,<environment.Job instance at 0x7f0aa4f2caf0>,46,21,[ 2 12],47,-1,68,-1,47
1,<environment.Job instance at 0x7f0aa5bc6b90>,47,26,[13  5],48,-1,74,-1,48
1,<environment.Job instance at 0x7f0aa5bc6500>,48,24,[ 2 10],49,-1,74,-1,50
1,<environment.Job instance at 0x7f0aa51d4690>,1,21,[ 1 12],2,-1,23,-1,2
1,<environment.Job instance at 0x7f0aa51d4820>,2,28,[5 5],3,-1,31,-1,3
1,<environment.Job instance at 0x7f0aa51d40f0>,3,21,[ 5 14],4,-1,25,-1,4
1,<environment.Job instance at 0x7f0aa51d4410>,5,15,[ 4 11],6,-1,21,-1,6
1,<environment.Job instance at 0x7f0aa51d4230>,4,24,[11  4],5,-1,30,-1,6
1,<environment.Job instance at 0x7f0aa51d49b0>,7,21,[ 1 12],8,-1,29,-1,8
1,<environment.Job instance at 0x7f0aa51d4b90>,8,26,[4 9],9,-1,35,-1,9
1,<environment.Job instance at 0x7f0aa51d42d0>,6,27,[5 1],7,-1,36,-1,9
1,<environment.Job instance at 0x7f0aa51d4a50>,9,25,[6 1],10,-1,35,-1,10
1,<environment.Job instance at 0x7f0aa51d4cd0>,10,16,[ 4 11],11,-1,27,-1,11
1,<environment.Job instance at 0x7f0aa51d4f50>,11,25,[14  3],12,-1,37,-1,12
1,<environment.Job instance at 0x7f0aa51d4dc0>,13,22,[14  1],14,-1,36,-1,14
1,<environment.Job instance at 0x7f0aa51ddcd0>,14,25,[13  3],15,-1,40,-1,15
1,<environment.Job instance at 0x7f0aa51ddfa0>,12,28,[13  1],13,-1,43,-1,15
1,<environment.Job instance at 0x7f0aa51ddb90>,16,19,[12  1],17,-1,36,-1,17
1,<environment.Job instance at 0x7f0aa51ddf50>,17,26,[ 4 13],18,-1,44,-1,18
1,<environment.Job instance at 0x7f0aa51dd280>,19,25,[12  4],20,-1,45,-1,20
1,<environment.Job instance at 0x7f0aa51dd500>,20,20,[ 2 12],21,-1,41,-1,21
1,<environment.Job instance at 0x7f0aa51dd140>,21,25,[ 5 14],22,-1,47,-1,22
1,<environment.Job instance at 0x7f0aa51dd820>,22,19,[ 5 12],23,-1,42,-1,23
1,<environment.Job instance at 0x7f0aa51dd5a0>,23,26,[ 1 12],24,-1,50,-1,24
1,<environment.Job instance at 0x7f0aa51e7c80>,24,28,[ 3 12],25,-1,53,-1,25
1,<environment.Job instance at 0x7f0aa51e7190>,25,20,[ 1 12],26,-1,46,-1,26
1,<environment.Job instance at 0x7f0aa51e7a00>,26,19,[11  1],27,-1,46,-1,27
1,<environment.Job instance at 0x7f0aa51e7320>,28,22,[13  2],29,-1,51,-1,29
1,<environment.Job instance at 0x7f0aa51f2910>,29,24,[12  3],30,-1,54,-1,30
1,<environment.Job instance at 0x7f0aa51f2410>,30,28,[ 4 12],31,-1,59,-1,31
1,<environment.Job instance at 0x7f0aa51f2730>,31,25,[ 2 12],32,-1,57,-1,32
1,<environment.Job instance at 0x7f0aa51f2aa0>,32,24,[11  2],33,-1,57,-1,33
1,<environment.Job instance at 0x7f0aa51f2be0>,33,18,[ 1 11],34,-1,52,-1,34
1,<environment.Job instance at 0x7f0aa51f2e60>,34,22,[12  3],35,-1,57,-1,35
1,<environment.Job instance at 0x7f0aa51f2fa0>,35,26,[ 3 11],36,-1,62,-1,36
1,<environment.Job instance at 0x7f0aa51f2500>,36,21,[9 5],37,-1,64,-1,43
1,<environment.Job instance at 0x7f0aa51f2140>,40,23,[11  3],41,-1,66,-1,43
1,<environment.Job instance at 0x7f0aa51f26e0>,41,24,[13  5],42,-1,67,-1,43
1,<environment.Job instance at 0x7f0aa51f21e0>,42,27,[11  5],43,-1,70,-1,43
1,<environment.Job instance at 0x7f0aa51f2280>,43,14,[9 4],44,-1,61,-1,47
1,<environment.Job instance at 0x7f0aa51d1280>,44,28,[ 3 12],45,-1,75,-1,47
1,<environment.Job instance at 0x7f0aa51d13c0>,45,26,[12  3],46,-1,73,-1,47
1,<environment.Job instance at 0x7f0aa51d1140>,46,14,[ 4 12],47,-1,61,-1,47
1,<environment.Job instance at 0x7f0aa5550cd0>,47,17,[ 2 11],48,-1,65,-1,48
1,<environment.Job instance at 0x7f0aa51c7eb0>,48,28,[12  3],49,-1,77,-1,49
1,<environment.Job instance at 0x7f0aa5550be0>,50,23,[13  1],51,-1,76,-1,53
1,<environment.Job instance at 0x7f0aa51dde10>,51,19,[ 4 14],52,-1,72,-1,53
1,<environment.Job instance at 0x7f0aa525a0a0>,52,21,[ 3 12],53,-1,74,-1,53
1,<environment.Job instance at 0x7f0aa56c1730>,53,24,[ 4 11],54,-1,78,-1,54
1,<environment.Job instance at 0x7f0aa5c59cd0>,54,26,[13  2],55,-1,81,-1,55
1,<environment.Job instance at 0x7f0aa4e504b0>,55,22,[12  3],56,-1,78,-1,56
1,<environment.Job instance at 0x7f0aa4e0e8c0>,56,19,[ 5 11],57,-1,76,-1,57
1,<environment.Job instance at 0x7f0aa4e62c80>,57,20,[ 5 13],58,-1,78,-1,58
1,<environment.Job instance at 0x7f0aa4e1d320>,58,20,[ 1 14],59,-1,79,-1,59
1,<environment.Job instance at 0x7f0aa4e1d640>,59,23,[14  2],60,-1,83,-1,60
1,<environment.Job instance at 0x7f0aa4e1deb0>,60,16,[ 3 12],61,-1,77,-1,61
1,<environment.Job instance at 0x7f0aa4e1d3c0>,61,12,[14  3],62,-1,74,-1,62
1,<environment.Job instance at 0x7f0aa4e2bc80>,62,26,[14  3],63,-1,89,-1,63
1,<environment.Job instance at 0x7f0aa4e2bf50>,63,27,[ 3 14],64,-1,91,-1,64
1,<environment.Job instance at 0x7f0aa4e2b1e0>,65,27,[ 5 13],66,-1,93,-1,66
1,<environment.Job instance at 0x7f0aa5c58730>,66,25,[13  4],67,-1,92,-1,67
1,<environment.Job instance at 0x7f0aa51d46e0>,67,27,[ 2 14],68,-1,95,-1,68
1,<environment.Job instance at 0x7f0aa51d4730>,68,21,[ 2 14],69,-1,90,-1,69
1,<environment.Job instance at 0x7f0aa51d4d20>,69,22,[ 3 11],70,-1,92,-1,70
1,<environment.Job instance at 0x7f0aa4e38140>,70,28,[ 4 14],71,-1,99,-1,71
1,<environment.Job instance at 0x7f0aa4e37870>,71,12,[ 1 12],72,-1,84,-1,72
1,<environment.Job instance at 0x7f0aa4e37410>,72,28,[8 2],73,-1,101,-1,73
1,<environment.Job instance at 0x7f0aa4e37190>,73,19,[14  4],74,-1,93,-1,74
1,<environment.Job instance at 0x7f0aa4e37690>,74,23,[12  3],75,-1,98,-1,75
1,<environment.Job instance at 0x7f0aa4e37aa0>,75,15,[11  3],76,-1,91,-1,76
1,<environment.Job instance at 0x7f0aa4e37730>,76,23,[12  3],77,-1,100,-1,77
1,<environment.Job instance at 0x7f0aa4e37c30>,77,27,[13  4],78,-1,105,-1,78
1,<environment.Job instance at 0x7f0aa4e37230>,78,23,[4 5],79,-1,102,-1,79
1,<environment.Job instance at 0x7f0aa4e37d70>,79,18,[12  2],80,-1,98,-1,80
1,<environment.Job instance at 0x7f0aa4e372d0>,80,20,[13  5],81,-1,101,-1,81
1,<environment.Job instance at 0x7f0aa4e37e10>,81,24,[13  5],82,-1,106,-1,82
1,<environment.Job instance at 0x7f0aa4e374b0>,82,26,[ 4 12],83,-1,109,-1,83
1,<environment.Job instance at 0x7f0aa51f2eb0>,84,23,[ 4 11],85,-1,108,-1,85
1,<environment.Job instance at 0x7f0aa51f22d0>,85,26,[ 3 14],86,-1,112,-1,86
1,<environment.Job instance at 0x7f0aa51f25f0>,86,12,[ 2 13],87,-1,99,-1,87
1,<environment.Job instance at 0x7f0aa4e2f0a0>,87,19,[ 4 11],88,-1,107,-1,88
1,<environment.Job instance at 0x7f0aa4e2fb90>,88,27,[ 3 12],89,-1,116,-1,89
1,<environment.Job instance at 0x7f0aa4e2fc30>,89,27,[11  1],90,-1,117,-1,90
1,<environment.Job instance at 0x7f0aa4e2faf0>,90,13,[13  4],91,-1,104,-1,91
1,<environment.Job instance at 0x7f0aa4e2f780>,91,25,[14  5],92,-1,117,-1,92
1,<environment.Job instance at 0x7f0aa4e2f960>,92,27,[6 1],93,-1,120,-1,93
1,<environment.Job instance at 0x7f0aa4e2f460>,93,15,[13  1],94,-1,109,-1,94
1,<environment.Job instance at 0x7f0aa4e323c0>,94,27,[ 3 14],95,-1,122,-1,95
1,<environment.Job instance at 0x7f0aa4e320f0>,95,19,[13  3],96,-1,115,-1,96
1,<environment.Job instance at 0x7f0aa4e32870>,96,24,[13  3],97,-1,121,-1,97
1,<environment.Job instance at 0x7f0aa4e32cd0>,97,22,[ 3 13],98,-1,120,-1,98
1,<environment.Job instance at 0x7f0aa4e32e10>,99,26,[ 4 13],100,-1,126,-1,100
1,<environment.Job instance at 0x7f0aa4e32b90>,100,23,[13  3],101,-1,124,-1,101
1,<environment.Job instance at 0x7f0aa4e32d70>,101,20,[12  4],102,-1,122,-1,102
1,<environment.Job instance at 0x7f0aa4e32780>,102,26,[2 7],103,-1,129,-1,103
1,<environment.Job instance at 0x7f0aa4e324b0>,103,23,[13  3],104,-1,127,-1,104
1,<environment.Job instance at 0x7f0aa4e1c690>,104,23,[14  1],105,-1,128,-1,105
1,<environment.Job instance at 0x7f0aa4e1ce60>,105,23,[13  2],106,-1,129,-1,106
1,<environment.Job instance at 0x7f0aa4e1cf50>,106,25,[4 5],107,-1,132,-1,107
1,<environment.Job instance at 0x7f0aa4e1c960>,107,21,[14  1],108,-1,129,-1,108
1,<environment.Job instance at 0x7f0aa4e1c8c0>,108,27,[ 1 13],109,-1,136,-1,109
1,<environment.Job instance at 0x7f0aa4e1ca00>,109,19,[14  1],110,-1,129,-1,110
1,<environment.Job instance at 0x7f0aa4e195f0>,110,26,[14  5],111,-1,137,-1,111
1,<environment.Job instance at 0x7f0aa4e19780>,111,24,[ 2 13],112,-1,136,-1,112
1,<environment.Job instance at 0x7f0aa4e19820>,112,25,[13  1],113,-1,138,-1,113
1,<environment.Job instance at 0x7f0aa4e19640>,113,22,[ 1 12],114,-1,136,-1,114
1,<environment.Job instance at 0x7f0aa4e19b90>,114,22,[12  4],115,-1,137,-1,115
1,<environment.Job instance at 0x7f0aa4e35780>,115,25,[ 4 11],116,-1,141,-1,116
1,<environment.Job instance at 0x7f0aa4e355a0>,116,25,[ 5 14],117,-1,142,-1,117
1,<environment.Job instance at 0x7f0aa4e35370>,117,26,[ 3 12],118,-1,144,-1,118
1,<environment.Job instance at 0x7f0aa4e35280>,118,20,[ 4 13],119,-1,139,-1,119
1,<environment.Job instance at 0x7f0aa4e35410>,119,24,[14  5],120,-1,144,-1,120
1,<environment.Job instance at 0x7f0aa4e35f50>,120,27,[ 5 13],121,-1,148,-1,121
1,<environment.Job instance at 0x7f0aa4e35eb0>,121,20,[ 4 14],122,-1,142,-1,122
1,<environment.Job instance at 0x7f0aa4e35c80>,122,14,[ 1 14],123,-1,137,-1,123
1,<environment.Job instance at 0x7f0aa4e35af0>,123,24,[5 8],124,-1,148,-1,124
1,<environment.Job instance at 0x7f0aa4e35a50>,124,23,[11  4],125,-1,148,-1,125
1,<environment.Job instance at 0x7f0aa4e35820>,125,24,[14  4],126,-1,150,-1,126
1,<environment.Job instance at 0x7f0aa4e35050>,126,23,[ 2 13],127,-1,150,-1,127
1,<environment.Job instance at 0x7f0aa4e3c550>,127,21,[14  4],128,-1,149,-1,128
1,<environment.Job instance at 0x7f0aa4e33230>,128,25,[ 1 12],129,-1,154,-1,129
1,<environment.Job instance at 0x7f0aa4e33730>,129,28,[ 1 11],130,-1,158,-1,130
1,<environment.Job instance at 0x7f0aa4e33dc0>,130,15,[ 5 10],131,-1,147,-1,132
1,<environment.Job instance at 0x7f0aa4e33d20>,132,28,[13  4],133,-1,161,-1,133
1,<environment.Job instance at 0x7f0aa4e33820>,133,22,[ 5 14],134,-1,156,-1,134
1,<environment.Job instance at 0x7f0aa4e33be0>,134,28,[ 1 11],135,-1,163,-1,135
1,<environment.Job instance at 0x7f0aa4e335a0>,135,22,[14  5],136,-1,158,-1,136
1,<environment.Job instance at 0x7f0aa4e33b40>,136,22,[ 1 14],137,-1,159,-1,137
1,<environment.Job instance at 0x7f0aa4e33fa0>,137,13,[9 3],138,-1,151,-1,138
1,<environment.Job instance at 0x7f0aa4e33460>,138,16,[ 3 13],139,-1,155,-1,139
1,<environment.Job instance at 0x7f0aa4e33140>,139,21,[13  2],140,-1,161,-1,140
1,<environment.Job instance at 0x7f0aa4e33190>,140,12,[11  5],141,-1,153,-1,141
1,<environment.Job instance at 0x7f0aa4e330a0>,141,25,[ 5 11],142,-1,167,-1,142
1,<environment.Job instance at 0x7f0aa4dcc050>,142,28,[13  5],143,-1,171,-1,143
1,<environment.Job instance at 0x7f0aa57a2f50>,1,20,[ 3 14],2,-1,22,-1,2
1,<environment.Job instance at 0x7f0aa4e33a00>,2,17,[ 1 12],3,-1,20,-1,3
1,<environment.Job instance at 0x7f0aa4e33550>,5,21,[ 3 14],6,-1,27,-1,6
1,<environment.Job instance at 0x7f0aa4e09d20>,6,23,[14  5],7,-1,30,-1,7
1,<environment.Job instance at 0x7f0aa4e09a50>,8,18,[14  2],9,-1,27,-1,9
1,<environment.Job instance at 0x7f0aa4e09c30>,9,27,[ 5 13],10,-1,37,-1,10
1,<environment.Job instance at 0x7f0aa4e09b90>,13,28,[9 3],14,-1,44,-1,16
1,<environment.Job instance at 0x7f0aa4e093c0>,14,16,[ 2 13],15,-1,32,-1,16
1,<environment.Job instance at 0x7f0aa4e09280>,15,28,[14  4],16,-1,44,-1,16
1,<environment.Job instance at 0x7f0aa4e095f0>,16,13,[12  5],17,-1,30,-1,17
1,<environment.Job instance at 0x7f0aa4e092d0>,17,13,[14  1],18,-1,31,-1,18
1,<environment.Job instance at 0x7f0aa4e09190>,18,26,[11  5],19,-1,45,-1,19
1,<environment.Job instance at 0x7f0aa4e09140>,19,14,[ 2 13],20,-1,34,-1,20
1,<environment.Job instance at 0x7f0aa4e09f50>,20,28,[14  5],21,-1,49,-1,21
1,<environment.Job instance at 0x7f0aa4e09230>,21,18,[12  4],22,-1,40,-1,22
1,<environment.Job instance at 0x7f0aa4e85280>,22,21,[ 2 14],23,-1,44,-1,23
1,<environment.Job instance at 0x7f0aa4e85140>,24,23,[13  4],25,-1,48,-1,25
1,<environment.Job instance at 0x7f0aa4e85640>,25,16,[ 3 13],26,-1,42,-1,26
1,<environment.Job instance at 0x7f0aa4e85a50>,26,26,[11  1],27,-1,53,-1,27
1,<environment.Job instance at 0x7f0aa4e85370>,27,23,[12  5],28,-1,51,-1,28
1,<environment.Job instance at 0x7f0aa4e095a0>,29,20,[ 5 13],30,-1,59,-1,39
1,<environment.Job instance at 0x7f0aa4e857d0>,30,17,[13  3],31,-1,56,-1,39
1,<environment.Job instance at 0x7f0aa4e85550>,31,23,[12  3],32,-1,62,-1,39
1,<environment.Job instance at 0x7f0aa4e853c0>,32,19,[ 3 11],33,-1,58,-1,39
1,<environment.Job instance at 0x7f0aa4e855a0>,34,25,[9 3],35,-1,76,-1,51
1,<environment.Job instance at 0x7f0aa4e85460>,35,28,[ 5 13],36,-1,79,-1,51
1,<environment.Job instance at 0x7f0aa4e85410>,36,19,[ 4 11],37,-1,70,-1,51
1,<environment.Job instance at 0x7f0aa4e81370>,37,25,[13  4],38,-1,76,-1,51
1,<environment.Job instance at 0x7f0aa4e81e60>,38,21,[ 1 12],39,-1,72,-1,51
1,<environment.Job instance at 0x7f0aa4e810a0>,39,22,[ 4 12],40,-1,73,-1,51
1,<environment.Job instance at 0x7f0aa4e81b40>,40,22,[13  5],41,-1,73,-1,51
1,<environment.Job instance at 0x7f0aa4e81a00>,41,28,[13  2],42,-1,79,-1,51
1,<environment.Job instance at 0x7f0aa4e819b0>,42,20,[14  3],43,-1,71,-1,51
1,<environment.Job instance at 0x7f0aa4e81af0>,43,24,[14  3],44,-1,75,-1,51
1,<environment.Job instance at 0x7f0aa4e81be0>,44,25,[12  1],45,-1,76,-1,51
1,<environment.Job instance at 0x7f0aa4e81910>,45,24,[5 8],46,-1,75,-1,51
1,<environment.Job instance at 0x7f0aa4e81780>,46,13,[ 1 13],47,-1,64,-1,51
1,<environment.Job instance at 0x7f0aa4e81c80>,47,23,[ 1 14],48,-1,74,-1,51
1,<environment.Job instance at 0x7f0aa4e81820>,48,25,[12  5],49,-1,76,-1,51
1,<environment.Job instance at 0x7f0aa4e81410>,49,27,[ 2 14],50,-1,78,-1,51
1,<environment.Job instance at 0x7f0aa4e71410>,50,20,[ 2 14],51,-1,71,-1,51
1,<environment.Job instance at 0x7f0aa4e71320>,51,25,[ 4 11],52,-1,77,-1,52
1,<environment.Job instance at 0x7f0aa4e71190>,52,21,[ 3 11],53,-1,74,-1,53
1,<environment.Job instance at 0x7f0aa4e711e0>,53,21,[13  2],54,-1,75,-1,54
1,<environment.Job instance at 0x7f0aa4e714b0>,54,23,[14  5],55,-1,78,-1,55
1,<environment.Job instance at 0x7f0aa4e71aa0>,55,25,[ 2 11],56,-1,81,-1,56
1,<environment.Job instance at 0x7f0aa4e71c80>,56,26,[14  4],57,-1,83,-1,57
1,<environment.Job instance at 0x7f0aa4e716e0>,57,14,[ 1 13],58,-1,72,-1,58
1,<environment.Job instance at 0x7f0aa4e71c30>,58,17,[ 1 11],59,-1,76,-1,59
1,<environment.Job instance at 0x7f0aa4e71d20>,59,24,[5 4],60,-1,84,-1,60
1,<environment.Job instance at 0x7f0aa4e71a50>,61,26,[ 1 11],62,-1,88,-1,62
1,<environment.Job instance at 0x7f0aa4e71eb0>,62,16,[13  2],63,-1,79,-1,63
1,<environment.Job instance at 0x7f0aa4e71be0>,63,21,[ 5 11],64,-1,85,-1,64
1,<environment.Job instance at 0x7f0aa5585a00>,64,17,[13  4],65,-1,82,-1,65
1,<environment.Job instance at 0x7f0aa5585230>,65,28,[ 3 12],66,-1,94,-1,66
1,<environment.Job instance at 0x7f0aa5585d70>,66,26,[ 1 12],67,-1,93,-1,67
1,<environment.Job instance at 0x7f0aa5585af0>,68,19,[13  5],69,-1,88,-1,69
1,<environment.Job instance at 0x7f0aa5585c30>,69,20,[ 5 14],70,-1,90,-1,70
1,<environment.Job instance at 0x7f0aa5585050>,70,27,[ 2 14],71,-1,98,-1,71
1,<environment.Job instance at 0x7f0aa5585b90>,71,13,[ 2 12],72,-1,85,-1,72
1,<environment.Job instance at 0x7f0aa5585410>,72,24,[10  4],73,-1,97,-1,73
1,<environment.Job instance at 0x7f0aa55859b0>,73,18,[ 3 11],74,-1,92,-1,74
1,<environment.Job instance at 0x7f0aa5585be0>,74,13,[14  4],75,-1,88,-1,75
1,<environment.Job instance at 0x7f0aa5585dc0>,75,23,[14  2],76,-1,99,-1,76
1,<environment.Job instance at 0x7f0aa5585140>,76,25,[14  4],77,-1,102,-1,77
1,<environment.Job instance at 0x7f0aa55855a0>,77,19,[13  5],78,-1,97,-1,78
1,<environment.Job instance at 0x7f0aa55854b0>,78,26,[10  2],79,-1,105,-1,79
1,<environment.Job instance at 0x7f0aa5585f00>,80,15,[ 1 11],81,-1,96,-1,81
1,<environment.Job instance at 0x7f0aa4e510f0>,81,26,[ 2 11],82,-1,108,-1,82
1,<environment.Job instance at 0x7f0aa4e517d0>,82,23,[ 3 13],83,-1,106,-1,83
1,<environment.Job instance at 0x7f0aa4e51460>,83,13,[12  5],84,-1,97,-1,84
1,<environment.Job instance at 0x7f0aa4e51b40>,84,26,[ 3 13],85,-1,111,-1,85
1,<environment.Job instance at 0x7f0aa4e51910>,85,19,[ 4 14],86,-1,105,-1,86
1,<environment.Job instance at 0x7f0aa4e51f00>,86,17,[ 4 13],87,-1,104,-1,87
1,<environment.Job instance at 0x7f0aa5585910>,87,27,[ 2 11],88,-1,115,-1,88
1,<environment.Job instance at 0x7f0aa4e4ea00>,89,24,[ 4 12],90,-1,114,-1,90
1,<environment.Job instance at 0x7f0aa4e4ec80>,90,27,[11  4],91,-1,118,-1,91
1,<environment.Job instance at 0x7f0aa4e4e5a0>,93,24,[ 5 12],94,-1,127,-1,103
1,<environment.Job instance at 0x7f0aa4e4ea50>,94,27,[10  1],95,-1,130,-1,103
1,<environment.Job instance at 0x7f0aa4e4ee10>,95,15,[13  5],96,-1,118,-1,103
1,<environment.Job instance at 0x7f0aa4e09d70>,12,27,[ 5 12],13,-1,143,-1,116
1,<environment.Job instance at 0x7f0aa4e4e820>,98,26,[ 1 14],99,-1,142,-1,116
1,<environment.Job instance at 0x7f0aa4e4ed70>,97,25,[ 2 14],98,-1,141,-1,116
1,<environment.Job instance at 0x7f0aa4e4ef00>,102,22,[ 3 13],103,-1,156,-1,134
1,<environment.Job instance at 0x7f0aa5572fa0>,103,13,[13  1],104,-1,147,-1,134
1,<environment.Job instance at 0x7f0aa5572730>,104,25,[ 4 11],105,-1,159,-1,134
1,<environment.Job instance at 0x7f0aa5572230>,105,14,[13  3],106,-1,148,-1,134
1,<environment.Job instance at 0x7f0aa5572870>,106,24,[14  2],107,-1,158,-1,134
1,<environment.Job instance at 0x7f0aa5572910>,107,22,[13  2],108,-1,156,-1,134
1,<environment.Job instance at 0x7f0aa55727d0>,108,28,[ 5 14],109,-1,162,-1,134
1,<environment.Job instance at 0x7f0aa5572f00>,109,26,[14  1],110,-1,160,-1,134
1,<environment.Job instance at 0x7f0aa5572b90>,110,28,[13  2],111,-1,162,-1,134
1,<environment.Job instance at 0x7f0aa5572af0>,111,28,[11  4],112,-1,162,-1,134
1,<environment.Job instance at 0x7f0aa5572460>,112,27,[ 1 13],113,-1,161,-1,134
1,<environment.Job instance at 0x7f0aa5572f50>,113,25,[ 5 12],114,-1,159,-1,134
1,<environment.Job instance at 0x7f0aa5572d20>,114,13,[13  4],115,-1,147,-1,134
1,<environment.Job instance at 0x7f0aa6261aa0>,1,20,[ 3 14],2,-1,22,-1,2
1,<environment.Job instance at 0x7f0aa5264eb0>,2,15,[ 1 12],3,-1,18,-1,3
1,<environment.Job instance at 0x7f0aa4de5dc0>,3,25,[14  2],4,-1,29,-1,4
1,<environment.Job instance at 0x7f0aa4de5a00>,4,22,[11  3],5,-1,27,-1,5
1,<environment.Job instance at 0x7f0aa4de5280>,5,16,[14  2],6,-1,22,-1,6
1,<environment.Job instance at 0x7f0aa4de5320>,6,26,[9 2],7,-1,33,-1,7
1,<environment.Job instance at 0x7f0aa61bdd70>,7,26,[ 2 10],8,-1,34,-1,8
1,<environment.Job instance at 0x7f0aa61bd370>,9,25,[5 5],10,-1,35,-1,10
1,<environment.Job instance at 0x7f0aa586ec30>,10,20,[ 3 12],11,-1,31,-1,11
1,<environment.Job instance at 0x7f0aa4e384b0>,12,26,[ 2 11],13,-1,39,-1,13
1,<environment.Job instance at 0x7f0aa4e38dc0>,13,27,[7 4],14,-1,41,-1,14
1,<environment.Job instance at 0x7f0aa4e38370>,14,19,[ 2 13],15,-1,34,-1,15
1,<environment.Job instance at 0x7f0aa4e387d0>,15,20,[12  3],16,-1,36,-1,16
1,<environment.Job instance at 0x7f0aa4e38910>,16,24,[7 2],17,-1,41,-1,17
1,<environment.Job instance at 0x7f0aa4e38cd0>,17,22,[14  3],18,-1,40,-1,18
1,<environment.Job instance at 0x7f0aa4e389b0>,18,26,[12  1],19,-1,45,-1,19
1,<environment.Job instance at 0x7f0aa4e38140>,19,28,[ 3 12],20,-1,48,-1,20
1,<environment.Job instance at 0x7f0aa4dfb460>,21,25,[14  4],22,-1,47,-1,22
1,<environment.Job instance at 0x7f0aa4dfbc80>,22,26,[11  3],23,-1,49,-1,23
1,<environment.Job instance at 0x7f0aa4dfb230>,23,26,[3 7],24,-1,50,-1,24
1,<environment.Job instance at 0x7f0aa4dfb5f0>,25,23,[ 4 13],26,-1,49,-1,26
1,<environment.Job instance at 0x7f0aa4dfb0f0>,26,19,[11  1],27,-1,46,-1,27
1,<environment.Job instance at 0x7f0aa4dfbaa0>,27,26,[11  4],28,-1,54,-1,28
1,<environment.Job instance at 0x7f0aa61bd0f0>,29,21,[ 2 13],30,-1,51,-1,30
1,<environment.Job instance at 0x7f0aa4dfb550>,30,19,[11  1],31,-1,50,-1,31
1,<environment.Job instance at 0x7f0aa4dfbcd0>,31,13,[ 4 11],32,-1,45,-1,32
1,<environment.Job instance at 0x7f0aa4dea5f0>,32,22,[12  4],33,-1,55,-1,33
1,<environment.Job instance at 0x7f0aa4deaf00>,33,16,[14  5],34,-1,50,-1,34
1,<environment.Job instance at 0x7f0aa4dea230>,34,20,[ 3 12],35,-1,55,-1,35
1,<environment.Job instance at 0x7f0aa4dea550>,35,28,[13  5],36,-1,64,-1,36
1,<environment.Job instance at 0x7f0aa4dfb820>,28,21,[4 7],29,-1,57,-1,36
1,<environment.Job instance at 0x7f0aa4dfb190>,36,23,[14  3],37,-1,60,-1,37
1,<environment.Job instance at 0x7f0aa4dea1e0>,37,25,[ 2 14],38,-1,63,-1,38
1,<environment.Job instance at 0x7f0aa4dea3c0>,38,21,[ 3 10],39,-1,60,-1,39
1,<environment.Job instance at 0x7f0aa4dea780>,39,22,[ 2 12],40,-1,62,-1,40
1,<environment.Job instance at 0x7f0aa4dea960>,41,24,[13  3],42,-1,66,-1,42
1,<environment.Job instance at 0x7f0aa4deabe0>,40,21,[11  3],41,-1,65,-1,44
1,<environment.Job instance at 0x7f0aa4deae10>,44,22,[ 3 11],45,-1,67,-1,45
1,<environment.Job instance at 0x7f0aa4dea500>,46,19,[ 2 11],47,-1,67,-1,48
1,<environment.Job instance at 0x7f0aa4dea0f0>,48,28,[ 5 11],49,-1,77,-1,49
1,<environment.Job instance at 0x7f0aa4deaf50>,49,27,[12  1],50,-1,77,-1,50
1,<environment.Job instance at 0x7f0aa4dea140>,50,22,[13  3],51,-1,73,-1,51
1,<environment.Job instance at 0x7f0aa5c58730>,51,17,[13  4],52,-1,69,-1,52
1,<environment.Job instance at 0x7f0aa5c58460>,52,28,[ 5 11],53,-1,81,-1,53
1,<environment.Job instance at 0x7f0aa4e192d0>,2,20,[ 2 14],3,-1,23,-1,3
1,<environment.Job instance at 0x7f0aa5fa80f0>,3,27,[ 5 12],4,-1,31,-1,4
1,<environment.Job instance at 0x7f0aa5fa8050>,4,27,[7 3],5,-1,32,-1,5
1,<environment.Job instance at 0x7f0aa5c58f50>,6,12,[ 3 13],7,-1,19,-1,7
1,<environment.Job instance at 0x7f0aa5fa8c30>,7,25,[12  3],8,-1,33,-1,8
1,<environment.Job instance at 0x7f0aa5fa8be0>,8,23,[11  5],9,-1,32,-1,9
1,<environment.Job instance at 0x7f0aa5f74140>,9,27,[7 3],10,-1,37,-1,10
1,<environment.Job instance at 0x7f0aa5f74b40>,12,12,[12  5],13,-1,25,-1,13
1,<environment.Job instance at 0x7f0aa5f74050>,13,21,[12  5],14,-1,35,-1,14
1,<environment.Job instance at 0x7f0aa5f74d20>,14,22,[14  5],15,-1,37,-1,15
1,<environment.Job instance at 0x7f0aa5f74dc0>,15,19,[11  2],16,-1,35,-1,16
1,<environment.Job instance at 0x7f0aa5f74c80>,16,22,[10  3],17,-1,40,-1,18
1,<environment.Job instance at 0x7f0aa5785370>,18,21,[12  5],19,-1,40,-1,19
1,<environment.Job instance at 0x7f0aa5c7caa0>,19,27,[ 2 13],20,-1,47,-1,20
1,<environment.Job instance at 0x7f0aa5c7c1e0>,20,21,[ 1 12],21,-1,42,-1,21
1,<environment.Job instance at 0x7f0aa5f881e0>,24,23,[ 2 12],25,-1,52,-1,29
1,<environment.Job instance at 0x7f0aa5f88730>,25,27,[8 3],26,-1,56,-1,29
1,<environment.Job instance at 0x7f0aa5fa00a0>,26,22,[ 2 12],27,-1,51,-1,29
1,<environment.Job instance at 0x7f0aa5fa0640>,27,26,[6 4],28,-1,55,-1,29
1,<environment.Job instance at 0x7f0aa5fa0af0>,28,16,[12  2],29,-1,45,-1,29
1,<environment.Job instance at 0x7f0aa5800c80>,29,15,[ 1 14],30,-1,45,-1,30
1,<environment.Job instance at 0x7f0aa5fe8a00>,30,22,[14  4],31,-1,53,-1,31
1,<environment.Job instance at 0x7f0aa5fa04b0>,31,15,[13  3],32,-1,47,-1,32
1,<environment.Job instance at 0x7f0aa5cdd960>,32,17,[ 1 14],33,-1,50,-1,33
1,<environment.Job instance at 0x7f0aa5cb6be0>,34,28,[ 5 13],35,-1,65,-1,37
1,<environment.Job instance at 0x7f0aa5ca9780>,35,22,[12  1],36,-1,59,-1,37
1,<environment.Job instance at 0x7f0aa57cb640>,36,25,[ 5 14],37,-1,62,-1,37
1,<environment.Job instance at 0x7f0aa57ee410>,37,23,[ 2 11],38,-1,61,-1,38
1,<environment.Job instance at 0x7f0aa5ee8910>,38,26,[ 4 11],39,-1,65,-1,39
1,<environment.Job instance at 0x7f0aa5ca96e0>,39,27,[13  5],40,-1,67,-1,40
1,<environment.Job instance at 0x7f0aa58053c0>,40,25,[11  4],41,-1,66,-1,41
1,<environment.Job instance at 0x7f0aa5805cd0>,41,14,[14  4],42,-1,56,-1,42
1,<environment.Job instance at 0x7f0aa5fec690>,42,26,[ 5 12],43,-1,69,-1,43
1,<environment.Job instance at 0x7f0aa5ecaf00>,43,18,[ 1 12],44,-1,62,-1,44
1,<environment.Job instance at 0x7f0aa5ee6d70>,44,27,[4 5],45,-1,72,-1,45
1,<environment.Job instance at 0x7f0aa5cadfa0>,45,24,[ 3 11],46,-1,70,-1,46
1,<environment.Job instance at 0x7f0aa57e0f00>,46,24,[14  2],47,-1,71,-1,47
1,<environment.Job instance at 0x7f0aa57e0050>,47,12,[5 1],48,-1,60,-1,48
1,<environment.Job instance at 0x7f0aa5f7c550>,48,19,[ 3 11],49,-1,68,-1,49
1,<environment.Job instance at 0x7f0aa5f7c050>,49,15,[13  2],50,-1,65,-1,50
1,<environment.Job instance at 0x7f0aa5fccf50>,50,13,[11  2],51,-1,64,-1,51
1,<environment.Job instance at 0x7f0aa57fa140>,51,24,[4 6],52,-1,76,-1,52
1,<environment.Job instance at 0x7f0aa57fa5a0>,52,28,[ 3 14],53,-1,81,-1,53
1,<environment.Job instance at 0x7f0aa57fa370>,53,25,[3 7],54,-1,79,-1,54
1,<environment.Job instance at 0x7f0aa57f24b0>,57,22,[3 7],58,-1,81,-1,59
1,<environment.Job instance at 0x7f0aa57dafa0>,58,13,[11  2],59,-1,72,-1,59
1,<environment.Job instance at 0x7f0aa57f27d0>,60,24,[13  5],61,-1,85,-1,61
1,<environment.Job instance at 0x7f0aa57f2690>,61,25,[11  5],62,-1,87,-1,62
1,<environment.Job instance at 0x7f0aa57f2d70>,62,28,[7 1],63,-1,91,-1,63
1,<environment.Job instance at 0x7f0aa57f29b0>,63,19,[13  3],64,-1,83,-1,64
1,<environment.Job instance at 0x7f0aa57f2c30>,64,16,[ 3 12],65,-1,81,-1,65
1,<environment.Job instance at 0x7f0aa57f21e0>,65,22,[ 5 14],66,-1,88,-1,66
1,<environment.Job instance at 0x7f0aa57f2b90>,66,28,[2 9],67,-1,95,-1,67
1,<environment.Job instance at 0x7f0aa57f2050>,67,19,[ 4 14],68,-1,87,-1,68
1,<environment.Job instance at 0x7f0aa57f2aa0>,68,23,[11  5],69,-1,92,-1,69
1,<environment.Job instance at 0x7f0aa57ff5f0>,69,20,[12  4],70,-1,90,-1,70
1,<environment.Job instance at 0x7f0aa57ff1e0>,70,27,[13  3],71,-1,98,-1,71
1,<environment.Job instance at 0x7f0aa57ff190>,71,17,[ 4 12],72,-1,89,-1,72
1,<environment.Job instance at 0x7f0aa5721640>,72,26,[ 3 13],73,-1,99,-1,73
1,<environment.Job instance at 0x7f0aa57214b0>,73,24,[ 1 12],74,-1,98,-1,74
1,<environment.Job instance at 0x7f0aa5721c30>,74,13,[ 1 13],75,-1,88,-1,75
1,<environment.Job instance at 0x7f0aa5721d70>,75,15,[12  1],76,-1,91,-1,76
1,<environment.Job instance at 0x7f0aa5721690>,76,27,[ 3 14],77,-1,104,-1,77
1,<environment.Job instance at 0x7f0aa57216e0>,77,27,[1 9],78,-1,105,-1,78
1,<environment.Job instance at 0x7f0aa5721aa0>,78,27,[ 3 13],79,-1,106,-1,79
1,<environment.Job instance at 0x7f0aa571d0a0>,80,15,[14  1],81,-1,96,-1,81
1,<environment.Job instance at 0x7f0aa571d230>,81,26,[12  3],82,-1,108,-1,82
1,<environment.Job instance at 0x7f0aa571d140>,82,27,[11  2],83,-1,110,-1,83
1,<environment.Job instance at 0x7f0aa571d2d0>,83,12,[ 3 13],84,-1,96,-1,84
1,<environment.Job instance at 0x7f0aa571d370>,84,28,[13  1],85,-1,113,-1,85
1,<environment.Job instance at 0x7f0aa571d410>,85,22,[14  1],86,-1,108,-1,86
1,<environment.Job instance at 0x7f0aa571d4b0>,86,28,[ 3 13],87,-1,115,-1,87
1,<environment.Job instance at 0x7f0aa571d550>,87,20,[ 3 11],88,-1,108,-1,88
1,<environment.Job instance at 0x7f0aa571d690>,89,24,[12  2],90,-1,114,-1,90
1,<environment.Job instance at 0x7f0aa571d870>,90,27,[ 1 13],91,-1,118,-1,91
1,<environment.Job instance at 0x7f0aa571d780>,91,24,[12  5],92,-1,116,-1,92
1,<environment.Job instance at 0x7f0aa571d8c0>,92,19,[ 4 13],93,-1,112,-1,93
1,<environment.Job instance at 0x7f0aa571d960>,93,24,[ 4 11],94,-1,118,-1,94
1,<environment.Job instance at 0x7f0aa571da00>,94,21,[ 2 11],95,-1,116,-1,95
1,<environment.Job instance at 0x7f0aa57f2460>,96,27,[ 3 11],97,-1,124,-1,97
1,<environment.Job instance at 0x7f0aa571dcd0>,98,27,[8 2],99,-1,126,-1,99
1,<environment.Job instance at 0x7f0aa571ddc0>,99,22,[11  3],100,-1,122,-1,100
1,<environment.Job instance at 0x7f0aa571deb0>,100,27,[8 4],101,-1,128,-1,101
1,<environment.Job instance at 0x7f0aa571dd70>,101,15,[ 4 14],102,-1,117,-1,102
1,<environment.Job instance at 0x7f0aa571dfa0>,102,23,[14  5],103,-1,126,-1,103
1,<environment.Job instance at 0x7f0aa571f0f0>,103,22,[13  2],104,-1,126,-1,104
1,<environment.Job instance at 0x7f0aa571f190>,104,24,[ 2 14],105,-1,129,-1,105
1,<environment.Job instance at 0x7f0aa571f230>,105,24,[5 7],106,-1,130,-1,106
1,<environment.Job instance at 0x7f0aa571f2d0>,106,13,[14  2],107,-1,120,-1,107
1,<environment.Job instance at 0x7f0aa571f370>,107,27,[ 5 14],108,-1,135,-1,108
1,<environment.Job instance at 0x7f0aa571f0a0>,108,28,[11  4],109,-1,137,-1,109
1,<environment.Job instance at 0x7f0aa571f4b0>,109,23,[ 1 13],110,-1,133,-1,110
1,<environment.Job instance at 0x7f0aa571f5f0>,111,26,[11  1],112,-1,138,-1,112
1,<environment.Job instance at 0x7f0aa571f6e0>,112,25,[ 1 12],113,-1,138,-1,113
1,<environment.Job instance at 0x7f0aa571f730>,113,26,[14  3],114,-1,140,-1,114
1,<environment.Job instance at 0x7f0aa571f7d0>,114,25,[13  5],115,-1,140,-1,115
1,<environment.Job instance at 0x7f0aa571f870>,115,24,[5 3],116,-1,140,-1,116
1,<environment.Job instance at 0x7f0aa571f910>,116,15,[ 1 14],117,-1,132,-1,117
1,<environment.Job instance at 0x7f0aa571f9b0>,117,24,[5 2],118,-1,142,-1,118
1,<environment.Job instance at 0x7f0aa571fa50>,118,25,[13  4],119,-1,144,-1,119
1,<environment.Job instance at 0x7f0aa571fb90>,120,20,[ 4 13],121,-1,141,-1,121
1,<environment.Job instance at 0x7f0aa571fcd0>,121,17,[13  2],122,-1,139,-1,122
1,<environment.Job instance at 0x7f0aa571fd70>,122,20,[ 1 11],123,-1,143,-1,123
1,<environment.Job instance at 0x7f0aa571fbe0>,124,26,[11  3],125,-1,152,-1,126
1,<environment.Job instance at 0x7f0aa571fe60>,125,22,[6 3],126,-1,150,-1,128
1,<environment.Job instance at 0x7f0aa571ff50>,126,20,[14  4],127,-1,148,-1,128
1,<environment.Job instance at 0x7f0aa5714280>,129,20,[ 3 11],130,-1,166,-1,146
1,<environment.Job instance at 0x7f0aa5714190>,130,22,[11  4],131,-1,168,-1,146
1,<environment.Job instance at 0x7f0aa575dc80>,5,20,[ 1 11],6,-1,26,-1,6
1,<environment.Job instance at 0x7f0aa575d190>,6,15,[12  2],7,-1,22,-1,7
1,<environment.Job instance at 0x7f0aa5714190>,4,27,[6 1],5,-1,34,-1,7
1,<environment.Job instance at 0x7f0aa575d0a0>,7,24,[12  4],8,-1,32,-1,8
1,<environment.Job instance at 0x7f0aa575d7d0>,9,25,[11  5],10,-1,35,-1,10
1,<environment.Job instance at 0x7f0aa575de60>,10,26,[ 5 13],11,-1,37,-1,11
1,<environment.Job instance at 0x7f0aa5760d70>,11,19,[ 3 12],12,-1,31,-1,12
1,<environment.Job instance at 0x7f0aa5760f50>,12,25,[12  3],13,-1,38,-1,13
1,<environment.Job instance at 0x7f0aa5760910>,13,14,[ 5 12],14,-1,28,-1,14
1,<environment.Job instance at 0x7f0aa5760410>,14,20,[ 3 14],15,-1,35,-1,15
1,<environment.Job instance at 0x7f0aa5760500>,15,24,[13  2],16,-1,40,-1,16
1,<environment.Job instance at 0x7f0aa57604b0>,19,20,[12  1],20,-1,40,-1,20
1,<environment.Job instance at 0x7f0aa575d8c0>,8,23,[11  3],9,-1,43,-1,20
1,<environment.Job instance at 0x7f0aa5760b90>,21,22,[13  1],22,-1,44,-1,22
1,<environment.Job instance at 0x7f0aa5760780>,22,20,[11  1],23,-1,43,-1,23
1,<environment.Job instance at 0x7f0aa5760550>,23,22,[12  2],24,-1,46,-1,24
1,<environment.Job instance at 0x7f0aa5760e10>,27,21,[ 2 11],28,-1,50,-1,29
1,<environment.Job instance at 0x7f0aa5760140>,28,25,[8 3],29,-1,54,-1,29
1,<environment.Job instance at 0x7f0aa5ca3410>,29,25,[ 1 13],30,-1,55,-1,30
1,<environment.Job instance at 0x7f0aa5ca34b0>,30,27,[3 8],31,-1,58,-1,31
1,<environment.Job instance at 0x7f0aa5ca30f0>,31,27,[11  5],32,-1,59,-1,32
1,<environment.Job instance at 0x7f0aa5ca3e10>,32,24,[14  3],33,-1,57,-1,33
1,<environment.Job instance at 0x7f0aa5ca3640>,33,26,[ 1 12],34,-1,60,-1,34
1,<environment.Job instance at 0x7f0aa5ca3f00>,34,24,[13  1],35,-1,59,-1,35
1,<environment.Job instance at 0x7f0aa5ca3230>,37,23,[ 5 13],38,-1,73,-1,50
1,<environment.Job instance at 0x7f0aa5ca3dc0>,38,23,[ 3 13],39,-1,73,-1,50
1,<environment.Job instance at 0x7f0aa5ca3af0>,39,26,[12  2],40,-1,76,-1,50
1,<environment.Job instance at 0x7f0aa5ca3c30>,40,21,[ 1 12],41,-1,71,-1,50
1,<environment.Job instance at 0x7f0aa5ca3460>,41,16,[ 2 13],42,-1,66,-1,50
1,<environment.Job instance at 0x7f0aa5ca36e0>,42,23,[13  1],43,-1,73,-1,50
1,<environment.Job instance at 0x7f0aa5ca3fa0>,43,28,[13  4],44,-1,78,-1,50
1,<environment.Job instance at 0x7f0aa5ca3280>,44,25,[14  3],45,-1,75,-1,50
1,<environment.Job instance at 0x7f0aa5c6afa0>,45,15,[12  5],46,-1,65,-1,50
1,<environment.Job instance at 0x7f0aa5c6aeb0>,46,24,[14  5],47,-1,74,-1,50
1,<environment.Job instance at 0x7f0aa5c6ae60>,47,25,[ 4 12],48,-1,75,-1,50
1,<environment.Job instance at 0x7f0aa5c6abe0>,48,22,[ 2 14],49,-1,72,-1,50
1,<environment.Job instance at 0x7f0aa5c6a780>,49,25,[ 3 13],50,-1,75,-1,50
1,<environment.Job instance at 0x7f0aa5c6a140>,50,25,[13  3],51,-1,76,-1,51
1,<environment.Job instance at 0x7f0aa5c6a3c0>,51,25,[ 2 11],52,-1,77,-1,52
1,<environment.Job instance at 0x7f0aa5c6aaf0>,52,28,[11  3],53,-1,81,-1,53
1,<environment.Job instance at 0x7f0aa5c6aaa0>,53,18,[13  2],54,-1,72,-1,54
1,<environment.Job instance at 0x7f0aa5c6adc0>,54,28,[13  1],55,-1,83,-1,55
1,<environment.Job instance at 0x7f0aa5c6a410>,55,23,[ 5 13],56,-1,79,-1,56
1,<environment.Job instance at 0x7f0aa5c6a280>,56,23,[ 2 13],57,-1,80,-1,57
1,<environment.Job instance at 0x7f0aa5c6a8c0>,57,28,[ 1 12],58,-1,86,-1,58
1,<environment.Job instance at 0x7f0aa5c6aa00>,58,25,[ 2 12],59,-1,84,-1,59
1,<environment.Job instance at 0x7f0aa5c6a460>,59,12,[ 4 14],60,-1,72,-1,60
1,<environment.Job instance at 0x7f0aa5c6a640>,60,28,[12  3],61,-1,89,-1,61
1,<environment.Job instance at 0x7f0aa5c6a910>,61,23,[11  2],62,-1,85,-1,62
1,<environment.Job instance at 0x7f0aa5c6a5f0>,63,22,[ 3 13],64,-1,86,-1,64
1,<environment.Job instance at 0x7f0aa5c6a190>,64,27,[ 1 13],65,-1,92,-1,65
1,<environment.Job instance at 0x7f0aa5fecbe0>,65,23,[12  5],66,-1,89,-1,66
1,<environment.Job instance at 0x7f0aa5fecd20>,66,22,[ 3 12],67,-1,89,-1,67
1,<environment.Job instance at 0x7f0aa5fec820>,67,25,[ 4 12],68,-1,93,-1,68
1,<environment.Job instance at 0x7f0aa5fec320>,68,13,[11  3],69,-1,82,-1,69
1,<environment.Job instance at 0x7f0aa5fec1e0>,69,24,[ 5 12],70,-1,94,-1,70
1,<environment.Job instance at 0x7f0aa5fec140>,70,27,[2 5],71,-1,98,-1,71
1,<environment.Job instance at 0x7f0aa5fecf50>,72,23,[14  4],73,-1,96,-1,73
1,<environment.Job instance at 0x7f0aa5fec960>,71,13,[ 3 13],72,-1,86,-1,73
1,<environment.Job instance at 0x7f0aa5fec500>,74,22,[13  1],75,-1,97,-1,75
1,<environment.Job instance at 0x7f0aa5feca00>,75,24,[12  4],76,-1,100,-1,76
1,<environment.Job instance at 0x7f0aa5feca50>,76,25,[12  3],77,-1,102,-1,77
1,<environment.Job instance at 0x7f0aa5fece60>,77,27,[11  5],78,-1,105,-1,78
1,<environment.Job instance at 0x7f0aa5fecf00>,78,25,[ 3 11],79,-1,104,-1,79
1,<environment.Job instance at 0x7f0aa5fecb40>,79,21,[ 2 13],80,-1,101,-1,80
1,<environment.Job instance at 0x7f0aa54f49b0>,82,12,[9 4],83,-1,101,-1,89
1,<environment.Job instance at 0x7f0aa54f4280>,83,21,[ 1 13],84,-1,110,-1,89
1,<environment.Job instance at 0x7f0aa54f45a0>,84,28,[14  1],85,-1,117,-1,89
1,<environment.Job instance at 0x7f0aa54f4a00>,85,28,[4 5],86,-1,117,-1,89
1,<environment.Job instance at 0x7f0aa54f4b90>,86,17,[ 3 14],87,-1,106,-1,89
1,<environment.Job instance at 0x7f0aa54f48c0>,87,25,[12  5],88,-1,114,-1,89
1,<environment.Job instance at 0x7f0aa54f4500>,88,16,[ 1 12],89,-1,105,-1,89
1,<environment.Job instance at 0x7f0aa54f47d0>,89,17,[13  2],90,-1,107,-1,90
1,<environment.Job instance at 0x7f0aa54f45f0>,90,23,[5 9],91,-1,115,-1,92
1,<environment.Job instance at 0x7f0aa54f4910>,91,24,[ 2 14],92,-1,116,-1,92
1,<environment.Job instance at 0x7f0aa54f4050>,92,22,[11  4],93,-1,115,-1,93
1,<environment.Job instance at 0x7f0aa54f4640>,93,28,[11  2],94,-1,122,-1,94
1,<environment.Job instance at 0x7f0aa54f4f50>,94,28,[ 4 10],95,-1,123,-1,95
1,<environment.Job instance at 0x7f0aa54f4320>,95,24,[6 2],96,-1,120,-1,96
1,<environment.Job instance at 0x7f0aa54f4780>,96,19,[ 2 13],97,-1,116,-1,97
1,<environment.Job instance at 0x7f0aa54f41e0>,97,21,[ 5 12],98,-1,119,-1,98
1,<environment.Job instance at 0x7f0aa54f4870>,98,24,[ 4 12],99,-1,123,-1,99
1,<environment.Job instance at 0x7f0aa54f4e10>,100,26,[12  2],101,-1,130,-1,104
1,<environment.Job instance at 0x7f0aa54f44b0>,101,28,[ 2 14],102,-1,132,-1,104
1,<environment.Job instance at 0x7f0aa54f4370>,102,24,[ 1 11],103,-1,128,-1,104
1,<environment.Job instance at 0x7f0aa54f4460>,103,17,[ 3 11],104,-1,121,-1,104
1,<environment.Job instance at 0x7f0aa5f15b40>,104,22,[8 1],105,-1,127,-1,105
1,<environment.Job instance at 0x7f0aa5f15be0>,106,25,[14  1],107,-1,132,-1,107
1,<environment.Job instance at 0x7f0aa5f157d0>,107,20,[11  1],108,-1,128,-1,108
1,<environment.Job instance at 0x7f0aa5f15140>,108,25,[ 2 14],109,-1,134,-1,109
1,<environment.Job instance at 0x7f0aa5f15a00>,109,17,[ 2 14],110,-1,127,-1,110
1,<environment.Job instance at 0x7f0aa5f15230>,110,24,[10  2],111,-1,135,-1,111
1,<environment.Job instance at 0x7f0aa54f4b40>,112,14,[ 5 11],113,-1,136,-1,122
1,<environment.Job instance at 0x7f0aa5f15190>,113,15,[ 2 13],114,-1,137,-1,122
1,<environment.Job instance at 0x7f0aa5f15dc0>,115,17,[ 2 13],116,-1,139,-1,122
1,<environment.Job instance at 0x7f0aa5786820>,116,16,[14  4],117,-1,138,-1,122
1,<environment.Job instance at 0x7f0aa5786be0>,117,22,[ 4 14],118,-1,144,-1,122
1,<environment.Job instance at 0x7f0aa5786410>,118,23,[ 3 14],119,-1,145,-1,122
1,<environment.Job instance at 0x7f0aa5786b40>,119,15,[13  2],120,-1,137,-1,122
1,<environment.Job instance at 0x7f0aa57860a0>,120,16,[12  4],121,-1,138,-1,122
1,<environment.Job instance at 0x7f0aa5786910>,121,16,[11  2],122,-1,138,-1,122
1,<environment.Job instance at 0x7f0aa57868c0>,122,17,[ 3 11],123,-1,140,-1,123
1,<environment.Job instance at 0x7f0aa5786f50>,123,23,[14  2],124,-1,147,-1,124
1,<environment.Job instance at 0x7f0aa5786050>,124,24,[5 9],125,-1,149,-1,125
1,<environment.Job instance at 0x7f0aa57860f0>,125,12,[12  5],126,-1,138,-1,126
1,<environment.Job instance at 0x7f0aa57866e0>,126,28,[ 2 11],127,-1,155,-1,127
1,<environment.Job instance at 0x7f0aa5786140>,127,26,[9 1],128,-1,154,-1,128
1,<environment.Job instance at 0x7f0aa5786370>,128,24,[14  5],129,-1,153,-1,129
1,<environment.Job instance at 0x7f0aa5786960>,129,23,[14  3],130,-1,153,-1,130
1,<environment.Job instance at 0x7f0aa57867d0>,130,25,[ 1 12],131,-1,156,-1,131
1,<environment.Job instance at 0x7f0aa57861e0>,131,25,[12  4],132,-1,157,-1,132
1,<environment.Job instance at 0x7f0aa5786aa0>,132,24,[ 3 11],133,-1,157,-1,133
1,<environment.Job instance at 0x7f0aa5786f00>,133,25,[ 2 12],134,-1,159,-1,134
1,<environment.Job instance at 0x7f0aa5786eb0>,134,22,[ 4 14],135,-1,157,-1,135
1,<environment.Job instance at 0x7f0aa55020a0>,135,22,[13  5],136,-1,158,-1,136
1,<environment.Job instance at 0x7f0aa55027d0>,136,26,[11  3],137,-1,163,-1,137
1,<environment.Job instance at 0x7f0aa5502870>,137,19,[14  1],138,-1,157,-1,138
1,<environment.Job instance at 0x7f0aa4d509b0>,138,19,[11  5],139,-1,158,-1,139
1,<environment.Job instance at 0x7f0aa5f01500>,139,23,[14  1],140,-1,163,-1,140
1,<environment.Job instance at 0x7f0aa5f01e60>,140,21,[11  2],141,-1,162,-1,141
1,<environment.Job instance at 0x7f0aa5f011e0>,141,22,[ 3 13],142,-1,164,-1,142
1,<environment.Job instance at 0x7f0aa5f01f50>,142,22,[14  5],143,-1,165,-1,143
1,<environment.Job instance at 0x7f0aa5f019b0>,143,26,[ 4 14],144,-1,170,-1,144
1,<environment.Job instance at 0x7f0aa5f01b90>,144,18,[ 3 14],145,-1,163,-1,145
1,<environment.Job instance at 0x7f0aa5f01140>,145,22,[ 2 11],146,-1,168,-1,146
1,<environment.Job instance at 0x7f0aa5e9aeb0>,147,15,[ 1 12],148,-1,163,-1,148
1,<environment.Job instance at 0x7f0aa5e77640>,148,22,[ 2 11],149,-1,171,-1,149
1,<environment.Job instance at 0x7f0aa5e773c0>,149,23,[ 5 11],150,-1,173,-1,150
1,<environment.Job instance at 0x7f0aa5e77c30>,150,24,[11  1],151,-1,175,-1,151
1,<environment.Job instance at 0x7f0aa5e77aa0>,151,23,[5 1],152,-1,175,-1,152
1,<environment.Job instance at 0x7f0aa5e77aa0>,2,27,[13  3],3,-1,30,-1,3
1,<environment.Job instance at 0x7f0aa5fca960>,8,19,[14  5],9,-1,56,-1,37
1,<environment.Job instance at 0x7f0aa4f30af0>,10,19,[ 2 11],11,-1,77,-1,58
1,<environment.Job instance at 0x7f0aa5fedb40>,12,27,[ 1 13],13,-1,85,-1,58
1,<environment.Job instance at 0x7f0aa5fed7d0>,13,12,[13  2],14,-1,70,-1,58
1,<environment.Job instance at 0x7f0aa5fed690>,17,12,[12  2],18,-1,107,-1,95
1,<environment.Job instance at 0x7f0aa5fedbe0>,18,21,[ 3 11],19,-1,116,-1,95
1,<environment.Job instance at 0x7f0aa5511050>,19,22,[ 2 13],20,-1,117,-1,95
1,<environment.Job instance at 0x7f0aa5fed2d0>,20,28,[ 4 12],21,-1,123,-1,95
1,<environment.Job instance at 0x7f0aa5feddc0>,21,20,[ 3 12],22,-1,115,-1,95
1,<environment.Job instance at 0x7f0aa54f2dc0>,25,26,[ 3 12],26,-1,151,-1,125
1,<environment.Job instance at 0x7f0aa54f2d70>,26,16,[ 3 14],27,-1,141,-1,125
1,<environment.Job instance at 0x7f0aa54f2aa0>,27,14,[ 3 13],28,-1,139,-1,125
1,<environment.Job instance at 0x7f0aa54f2730>,28,21,[ 4 14],29,-1,146,-1,125
1,<environment.Job instance at 0x7f0aa54f2460>,29,24,[12  5],30,-1,149,-1,125
1,<environment.Job instance at 0x7f0aa54f28c0>,30,23,[13  3],31,-1,148,-1,125
1,<environment.Job instance at 0x7f0aa54f25a0>,31,13,[13  1],32,-1,138,-1,125
1,<environment.Job instance at 0x7f0aa5fdbbe0>,32,17,[12  2],33,-1,142,-1,125
1,<environment.Job instance at 0x7f0aa5fdbaf0>,33,24,[ 2 14],34,-1,149,-1,125
1,<environment.Job instance at 0x7f0aa5fdb870>,34,25,[ 1 10],35,-1,150,-1,125
1,<environment.Job instance at 0x7f0aa505b5a0>,35,26,[ 5 11],36,-1,151,-1,125
1,<environment.Job instance at 0x7f0aa62d9640>,37,28,[ 2 12],38,-1,153,-1,125
1,<environment.Job instance at 0x7f0aa5532dc0>,38,28,[13  1],39,-1,153,-1,125
1,<environment.Job instance at 0x7f0aa5532780>,39,21,[ 5 13],40,-1,146,-1,125
1,<environment.Job instance at 0x7f0aa5532e60>,40,24,[13  5],41,-1,149,-1,125
1,<environment.Job instance at 0x7f0aa54da230>,41,22,[ 1 14],42,-1,147,-1,125
1,<environment.Job instance at 0x7f0aa55324b0>,42,26,[ 5 13],43,-1,151,-1,125
1,<environment.Job instance at 0x7f0aa55675f0>,43,22,[ 2 13],44,-1,147,-1,125
1,<environment.Job instance at 0x7f0aa507d8c0>,44,22,[ 4 14],45,-1,147,-1,125
1,<environment.Job instance at 0x7f0aa507d820>,45,28,[12  3],46,-1,153,-1,125
1,<environment.Job instance at 0x7f0aa536beb0>,46,23,[6 1],47,-1,148,-1,125
1,<environment.Job instance at 0x7f0aa57823c0>,47,19,[ 5 14],48,-1,144,-1,125
1,<environment.Job instance at 0x7f0aa507d6e0>,48,26,[ 4 12],49,-1,151,-1,125
1,<environment.Job instance at 0x7f0aa53651e0>,49,21,[14  3],50,-1,146,-1,125
1,<environment.Job instance at 0x7f0aa5365780>,50,17,[11  1],51,-1,142,-1,125
1,<environment.Job instance at 0x7f0aa54d8230>,51,28,[12  4],52,-1,153,-1,125
1,<environment.Job instance at 0x7f0aa5359370>,53,22,[14  4],54,-1,166,-1,144
1,<environment.Job instance at 0x7f0aa507b460>,54,26,[12  2],55,-1,170,-1,144
1,<environment.Job instance at 0x7f0aa507b500>,55,26,[ 4 14],56,-1,170,-1,144
1,<environment.Job instance at 0x7f0aa55064b0>,56,25,[13  5],57,-1,169,-1,144
1,<environment.Job instance at 0x7f0aa55066e0>,57,22,[11  2],58,-1,166,-1,144
1,<environment.Job instance at 0x7f0aa54dbb40>,58,25,[7 1],59,-1,169,-1,144
1,<environment.Job instance at 0x7f0aa55069b0>,59,12,[11  3],60,-1,156,-1,144
1,<environment.Job instance at 0x7f0aa50811e0>,60,16,[13  2],61,-1,160,-1,144
1,<environment.Job instance at 0x7f0aa5081320>,61,16,[11  2],62,-1,171,-1,155
1,<environment.Job instance at 0x7f0aa50815a0>,62,26,[ 4 13],63,-1,181,-1,155
1,<environment.Job instance at 0x7f0aa5081500>,63,24,[14  3],64,-1,179,-1,155
1,<environment.Job instance at 0x7f0aa5081eb0>,64,22,[11  4],65,-1,177,-1,155
1,<environment.Job instance at 0x7f0aa507e460>,2,24,[ 4 10],3,-1,27,-1,3
1,<environment.Job instance at 0x7f0aa5081230>,4,22,[13  1],5,-1,27,-1,5
1,<environment.Job instance at 0x7f0aa640ff50>,5,24,[ 5 13],6,-1,30,-1,6
1,<environment.Job instance at 0x7f0aa640f280>,6,22,[ 2 12],7,-1,29,-1,7
1,<environment.Job instance at 0x7f0aa640f460>,7,22,[ 4 14],8,-1,30,-1,8
1,<environment.Job instance at 0x7f0aa640f640>,3,22,[14  1],4,-1,30,-1,8
1,<environment.Job instance at 0x7f0aa640fc80>,8,18,[ 1 12],9,-1,27,-1,9
1,<environment.Job instance at 0x7f0aa57d80f0>,10,25,[10  5],11,-1,36,-1,11
1,<environment.Job instance at 0x7f0aa57d8690>,11,20,[ 1 14],12,-1,32,-1,12
1,<environment.Job instance at 0x7f0aa57d8550>,12,21,[12  2],13,-1,34,-1,13
1,<environment.Job instance at 0x7f0aa57d8f50>,13,27,[ 1 14],14,-1,41,-1,14
1,<environment.Job instance at 0x7f0aa57d8870>,14,21,[ 3 11],15,-1,36,-1,15
1,<environment.Job instance at 0x7f0aa640f960>,16,20,[ 4 13],17,-1,37,-1,17
1,<environment.Job instance at 0x7f0aa57d8d20>,15,22,[14  1],16,-1,39,-1,17
1,<environment.Job instance at 0x7f0aa57d8780>,17,28,[9 2],18,-1,46,-1,18
1,<environment.Job instance at 0x7f0aa57d82d0>,19,15,[ 5 12],20,-1,35,-1,20
1,<environment.Job instance at 0x7f0aa57d8910>,20,22,[11  4],21,-1,43,-1,21
1,<environment.Job instance at 0x7f0aa57d85a0>,21,26,[13  4],22,-1,48,-1,22
1,<environment.Job instance at 0x7f0aa57d88c0>,22,22,[13  3],23,-1,45,-1,23
1,<environment.Job instance at 0x7f0aa57d83c0>,23,24,[ 5 11],24,-1,48,-1,24
1,<environment.Job instance at 0x7f0aa57d8c80>,24,22,[ 4 11],25,-1,47,-1,25
1,<environment.Job instance at 0x7f0aa5191c80>,25,25,[ 5 14],26,-1,51,-1,26
1,<environment.Job instance at 0x7f0aa5191e10>,26,24,[ 5 11],27,-1,51,-1,27
1,<environment.Job instance at 0x7f0aa51914b0>,27,20,[13  1],28,-1,48,-1,28
1,<environment.Job instance at 0x7f0aa5191910>,28,23,[ 2 14],29,-1,52,-1,29
1,<environment.Job instance at 0x7f0aa5191870>,29,27,[9 4],30,-1,57,-1,30
1,<environment.Job instance at 0x7f0aa5191d20>,30,23,[ 3 11],31,-1,54,-1,31
1,<environment.Job instance at 0x7f0aa5191370>,31,12,[12  5],32,-1,44,-1,32
1,<environment.Job instance at 0x7f0aa5191a00>,32,23,[14  4],33,-1,56,-1,33
1,<environment.Job instance at 0x7f0aa5191960>,34,21,[13  5],35,-1,56,-1,35
1,<environment.Job instance at 0x7f0aa5191460>,35,27,[11  5],36,-1,63,-1,36
1,<environment.Job instance at 0x7f0aa5191af0>,36,20,[ 1 11],37,-1,57,-1,37
1,<environment.Job instance at 0x7f0aa57d89b0>,38,22,[11  5],39,-1,61,-1,39
1,<environment.Job instance at 0x7f0aa5191820>,39,19,[ 3 12],40,-1,59,-1,40
1,<environment.Job instance at 0x7f0aa5191230>,40,19,[13  3],41,-1,60,-1,41
1,<environment.Job instance at 0x7f0aa51915f0>,41,21,[ 3 14],42,-1,63,-1,42
1,<environment.Job instance at 0x7f0aa51918c0>,42,16,[ 2 12],43,-1,59,-1,43
1,<environment.Job instance at 0x7f0aa5191a50>,43,23,[ 3 13],44,-1,67,-1,44
1,<environment.Job instance at 0x7f0aa5191140>,37,20,[13  1],38,-1,64,-1,44
1,<environment.Job instance at 0x7f0aa5978730>,45,25,[ 1 14],46,-1,71,-1,46
1,<environment.Job instance at 0x7f0aa5978e10>,46,21,[ 1 11],47,-1,68,-1,47
1,<environment.Job instance at 0x7f0aa59785f0>,47,17,[ 2 14],48,-1,65,-1,48
1,<environment.Job instance at 0x7f0aa5978370>,48,25,[2 8],49,-1,74,-1,49
1,<environment.Job instance at 0x7f0aa5978cd0>,49,19,[12  3],50,-1,69,-1,50
1,<environment.Job instance at 0x7f0aa5978a50>,50,13,[11  1],51,-1,64,-1,51
1,<environment.Job instance at 0x7f0aa5978dc0>,51,23,[13  2],52,-1,75,-1,52
1,<environment.Job instance at 0x7f0aa5978190>,52,13,[11  5],53,-1,66,-1,53
1,<environment.Job instance at 0x7f0aa5978f50>,53,19,[ 3 11],54,-1,73,-1,54
1,<environment.Job instance at 0x7f0aa5978d70>,54,28,[11  3],55,-1,83,-1,55
1,<environment.Job instance at 0x7f0aa59780f0>,56,27,[14  3],57,-1,84,-1,57
1,<environment.Job instance at 0x7f0aa59785a0>,58,25,[ 1 13],59,-1,84,-1,59
1,<environment.Job instance at 0x7f0aa5978910>,59,22,[14  2],60,-1,82,-1,60
1,<environment.Job instance at 0x7f0aa5978af0>,60,24,[13  4],61,-1,85,-1,61
1,<environment.Job instance at 0x7f0aa59783c0>,61,24,[ 5 11],62,-1,86,-1,62
1,<environment.Job instance at 0x7f0aa5978f00>,62,20,[ 5 11],63,-1,83,-1,63
1,<environment.Job instance at 0x7f0aa59788c0>,63,21,[13  4],64,-1,85,-1,64
1,<environment.Job instance at 0x7f0aa5978e60>,64,25,[12  4],65,-1,90,-1,65
1,<environment.Job instance at 0x7f0aa5978460>,66,12,[13  4],67,-1,79,-1,67
1,<environment.Job instance at 0x7f0aaea6f0f0>,67,21,[ 4 12],68,-1,89,-1,68
1,<environment.Job instance at 0x7f0aaea6fbe0>,68,13,[ 2 12],69,-1,82,-1,69
1,<environment.Job instance at 0x7f0aaea6fc30>,69,25,[3 8],70,-1,95,-1,70
1,<environment.Job instance at 0x7f0aaea6f460>,70,21,[12  5],71,-1,92,-1,71
1,<environment.Job instance at 0x7f0aaea6faf0>,71,21,[ 5 11],72,-1,93,-1,72
1,<environment.Job instance at 0x7f0aaea6fcd0>,72,21,[ 1 11],73,-1,94,-1,73
1,<environment.Job instance at 0x7f0aaea6f960>,73,21,[12  4],74,-1,95,-1,74
1,<environment.Job instance at 0x7f0aaea6f3c0>,74,21,[13  3],75,-1,96,-1,75
1,<environment.Job instance at 0x7f0aaea6f0a0>,75,27,[3 5],76,-1,103,-1,76
1,<environment.Job instance at 0x7f0aaea6f320>,76,25,[5 9],77,-1,102,-1,77
1,<environment.Job instance at 0x7f0aaea6f690>,77,27,[ 1 14],78,-1,105,-1,78
1,<environment.Job instance at 0x7f0aaea6f2d0>,78,24,[9 3],79,-1,103,-1,79
1,<environment.Job instance at 0x7f0aaea6f6e0>,79,23,[ 2 14],80,-1,103,-1,80
1,<environment.Job instance at 0x7f0aaea6f370>,80,19,[ 5 13],81,-1,100,-1,81
1,<environment.Job instance at 0x7f0aaea6f1e0>,82,18,[ 5 14],83,-1,101,-1,83
1,<environment.Job instance at 0x7f0aa544cdc0>,83,15,[12  2],84,-1,99,-1,84
1,<environment.Job instance at 0x7f0aa544ca00>,84,27,[13  3],85,-1,112,-1,85
1,<environment.Job instance at 0x7f0aaea6f640>,86,25,[ 5 12],87,-1,112,-1,87
1,<environment.Job instance at 0x7f0aa544c0a0>,87,27,[ 5 14],88,-1,115,-1,88
1,<environment.Job instance at 0x7f0aa544ce60>,88,19,[13  4],89,-1,108,-1,89
1,<environment.Job instance at 0x7f0aa544ceb0>,89,27,[14  3],90,-1,117,-1,90
1,<environment.Job instance at 0x7f0aa544c960>,90,26,[ 1 12],91,-1,117,-1,91
1,<environment.Job instance at 0x7f0aa544cfa0>,91,28,[ 3 14],92,-1,120,-1,92
1,<environment.Job instance at 0x7f0aa544c640>,92,26,[13  5],93,-1,119,-1,93
1,<environment.Job instance at 0x7f0aa544c5a0>,93,13,[ 4 11],94,-1,107,-1,94
1,<environment.Job instance at 0x7f0aa544c280>,94,18,[14  3],95,-1,113,-1,95
1,<environment.Job instance at 0x7f0aa544c3c0>,95,28,[14  5],96,-1,124,-1,96
1,<environment.Job instance at 0x7f0aa544c8c0>,96,27,[ 5 11],97,-1,124,-1,97
1,<environment.Job instance at 0x7f0aa544c820>,97,23,[ 4 12],98,-1,121,-1,98
1,<environment.Job instance at 0x7f0aa544c1e0>,98,27,[ 2 12],99,-1,126,-1,99
1,<environment.Job instance at 0x7f0aa544c410>,99,26,[ 3 14],100,-1,126,-1,100
1,<environment.Job instance at 0x7f0aa544c460>,100,28,[ 1 13],101,-1,129,-1,101
1,<environment.Job instance at 0x7f0aa544cf50>,102,27,[1 7],103,-1,130,-1,103
1,<environment.Job instance at 0x7f0aa519c9b0>,103,24,[ 1 14],104,-1,128,-1,104
1,<environment.Job instance at 0x7f0aa519c280>,105,21,[ 3 13],106,-1,127,-1,106
1,<environment.Job instance at 0x7f0aa519c870>,106,28,[9 5],107,-1,135,-1,107
1,<environment.Job instance at 0x7f0aa519c2d0>,110,23,[11  2],111,-1,137,-1,114
1,<environment.Job instance at 0x7f0aa519cf50>,111,22,[12  2],112,-1,136,-1,114
1,<environment.Job instance at 0x7f0aa519ce10>,112,24,[ 5 12],113,-1,138,-1,114
1,<environment.Job instance at 0x7f0aa519c4b0>,113,28,[ 5 10],114,-1,142,-1,114
1,<environment.Job instance at 0x7f0aa519c500>,114,21,[ 4 13],115,-1,136,-1,115
1,<environment.Job instance at 0x7f0aa519cc80>,116,28,[ 4 14],117,-1,155,-1,127
1,<environment.Job instance at 0x7f0aa519c410>,118,20,[11  1],119,-1,168,-1,148
1,<environment.Job instance at 0x7f0aa519caa0>,119,27,[14  2],120,-1,175,-1,148
1,<environment.Job instance at 0x7f0aa4e62b90>,120,28,[12  4],121,-1,176,-1,148
1,<environment.Job instance at 0x7f0aa4e621e0>,121,13,[ 4 14],122,-1,161,-1,148
1,<environment.Job instance at 0x7f0aa4e62b40>,122,16,[ 5 13],123,-1,164,-1,148
1,<environment.Job instance at 0x7f0aa4e62f50>,123,24,[14  4],124,-1,172,-1,148
1,<environment.Job instance at 0x7f0aa4e62cd0>,124,25,[ 4 13],125,-1,173,-1,148
1,<environment.Job instance at 0x7f0aa4e620a0>,125,20,[13  1],126,-1,168,-1,148
1,<environment.Job instance at 0x7f0aa4e62c30>,126,27,[10  4],127,-1,175,-1,148
1,<environment.Job instance at 0x7f0aa4e628c0>,129,24,[ 4 10],130,-1,177,-1,153
1,<environment.Job instance at 0x7f0aa4e62730>,130,26,[ 4 13],131,-1,179,-1,153
1,<environment.Job instance at 0x7f0aa4e62be0>,131,25,[12  3],132,-1,178,-1,153
1,<environment.Job instance at 0x7f0aa4e62280>,132,23,[7 4],133,-1,176,-1,153
1,<environment.Job instance at 0x7f0aa4e62050>,133,23,[ 5 13],134,-1,176,-1,153
1,<environment.Job instance at 0x7f0aa4e62960>,134,12,[12  2],135,-1,165,-1,153
1,<environment.Job instance at 0x7f0aa4e62f00>,135,16,[11  5],136,-1,169,-1,153
1,<environment.Job instance at 0x7f0aa4e62230>,136,19,[ 3 12],137,-1,172,-1,153
1,<environment.Job instance at 0x7f0aa4e62d20>,137,20,[ 3 12],138,-1,173,-1,153
1,<environment.Job instance at 0x7f0aa4e625f0>,138,25,[11  1],139,-1,178,-1,153
1,<environment.Job instance at 0x7f0aa4e62fa0>,139,26,[ 3 14],140,-1,179,-1,153
1,<environment.Job instance at 0x7f0aa622b550>,140,26,[14  1],141,-1,179,-1,153
1,<environment.Job instance at 0x7f0aa622b0f0>,141,19,[14  5],142,-1,172,-1,153
1,<environment.Job instance at 0x7f0aa622be60>,142,26,[5 9],143,-1,179,-1,153
1,<environment.Job instance at 0x7f0aa622b410>,143,20,[ 4 12],144,-1,173,-1,153
1,<environment.Job instance at 0x7f0aa622b960>,144,26,[ 2 12],145,-1,179,-1,153
1,<environment.Job instance at 0x7f0aa622bc30>,145,14,[ 3 14],146,-1,167,-1,153
1,<environment.Job instance at 0x7f0aa622b7d0>,146,22,[11  2],147,-1,175,-1,153
1,<environment.Job instance at 0x7f0aa622b730>,147,28,[6 5],148,-1,181,-1,153
1,<environment.Job instance at 0x7f0aa5d2cd70>,148,16,[14  5],149,-1,169,-1,153
1,<environment.Job instance at 0x7f0aa57e7d70>,149,24,[14  1],150,-1,177,-1,153
1,<environment.Job instance at 0x7f0aa57e79b0>,150,23,[ 5 12],151,-1,176,-1,153
1,<environment.Job instance at 0x7f0aa4c61dc0>,3,22,[ 1 13],4,-1,26,-1,4
1,<environment.Job instance at 0x7f0aa4c61280>,5,16,[ 1 13],6,-1,22,-1,6
1,<environment.Job instance at 0x7f0aa4c61b90>,6,27,[13  5],7,-1,34,-1,7
1,<environment.Job instance at 0x7f0aa4c61140>,7,26,[1 8],8,-1,35,-1,9
1,<environment.Job instance at 0x7f0aa4c61500>,9,20,[13  3],10,-1,30,-1,10
1,<environment.Job instance at 0x7f0aa4c61190>,10,13,[11  1],11,-1,24,-1,11
1,<environment.Job instance at 0x7f0aa4c614b0>,11,23,[12  2],12,-1,35,-1,12
1,<environment.Job instance at 0x7f0aa4c615a0>,12,27,[12  1],13,-1,40,-1,13
1,<environment.Job instance at 0x7f0aa4c61690>,13,27,[ 3 13],14,-1,41,-1,14
1,<environment.Job instance at 0x7f0aa4c61e60>,14,21,[12  1],15,-1,36,-1,15
1,<environment.Job instance at 0x7f0aa4c61370>,15,26,[14  3],16,-1,42,-1,16
1,<environment.Job instance at 0x7f0aa4c61320>,16,18,[12  4],17,-1,35,-1,17
1,<environment.Job instance at 0x7f0aa4c619b0>,17,25,[14  3],18,-1,43,-1,18
1,<environment.Job instance at 0x7f0aa52d0910>,18,27,[8 1],19,-1,46,-1,19
1,<environment.Job instance at 0x7f0aa52d09b0>,19,27,[13  5],20,-1,47,-1,20
1,<environment.Job instance at 0x7f0aa52d0d70>,20,20,[ 3 12],21,-1,41,-1,21
1,<environment.Job instance at 0x7f0aa52d0b40>,21,28,[ 1 14],22,-1,50,-1,22
1,<environment.Job instance at 0x7f0aa52d0eb0>,22,23,[13  1],23,-1,46,-1,23
1,<environment.Job instance at 0x7f0aa52d0050>,23,21,[ 2 10],24,-1,45,-1,24
1,<environment.Job instance at 0x7f0aa52d04b0>,24,20,[ 5 14],25,-1,45,-1,25
1,<environment.Job instance at 0x7f0aa52d0a00>,25,17,[ 4 12],26,-1,43,-1,26
1,<environment.Job instance at 0x7f0aa52d0870>,26,27,[13  3],27,-1,54,-1,27
1,<environment.Job instance at 0x7f0aa52d05f0>,27,28,[ 5 12],28,-1,56,-1,28
1,<environment.Job instance at 0x7f0aa52d0cd0>,30,20,[ 1 12],31,-1,51,-1,31
1,<environment.Job instance at 0x7f0aa52d07d0>,31,26,[ 4 11],32,-1,58,-1,32
1,<environment.Job instance at 0x7f0aa52d0f50>,32,24,[12  3],33,-1,57,-1,33
1,<environment.Job instance at 0x7f0aa5601140>,33,27,[11  2],34,-1,61,-1,34
1,<environment.Job instance at 0x7f0aa56010a0>,34,17,[13  5],35,-1,52,-1,35
1,<environment.Job instance at 0x7f0aa5601780>,36,26,[5 8],37,-1,63,-1,37
1,<environment.Job instance at 0x7f0aa5601d20>,37,27,[ 5 11],38,-1,65,-1,38
1,<environment.Job instance at 0x7f0aa56016e0>,38,27,[ 4 12],39,-1,66,-1,39
1,<environment.Job instance at 0x7f0aa5601b90>,39,27,[9 3],40,-1,67,-1,40
1,<environment.Job instance at 0x7f0aa5601c80>,40,19,[ 1 11],41,-1,60,-1,41
1,<environment.Job instance at 0x7f0aa5601370>,41,26,[11  3],42,-1,68,-1,42
1,<environment.Job instance at 0x7f0aa5601fa0>,42,27,[12  1],43,-1,70,-1,43
1,<environment.Job instance at 0x7f0aa56011e0>,43,19,[14  2],44,-1,63,-1,44
1,<environment.Job instance at 0x7f0aa56012d0>,44,13,[11  3],45,-1,58,-1,45
1,<environment.Job instance at 0x7f0aa52d0fa0>,45,20,[14  5],46,-1,66,-1,46
1,<environment.Job instance at 0x7f0aa5601050>,46,24,[ 1 13],47,-1,71,-1,47
1,<environment.Job instance at 0x7f0aa5601a00>,47,20,[12  2],48,-1,68,-1,48
1,<environment.Job instance at 0x7f0aa52f1b90>,48,26,[12  5],49,-1,75,-1,49
1,<environment.Job instance at 0x7f0aa52f10f0>,49,27,[ 5 13],50,-1,77,-1,50
1,<environment.Job instance at 0x7f0aa52f17d0>,50,28,[13  2],51,-1,79,-1,51
1,<environment.Job instance at 0x7f0aa52f1370>,51,14,[ 2 13],52,-1,66,-1,52
1,<environment.Job instance at 0x7f0aa52f10a0>,52,28,[ 5 14],53,-1,81,-1,53
1,<environment.Job instance at 0x7f0aa52f1dc0>,53,22,[14  3],54,-1,76,-1,54
1,<environment.Job instance at 0x7f0aa52f1140>,54,13,[ 2 14],55,-1,68,-1,55
1,<environment.Job instance at 0x7f0aa52f1410>,55,24,[ 3 14],56,-1,80,-1,56
1,<environment.Job instance at 0x7f0aa52f1f00>,56,20,[13  3],57,-1,77,-1,57
1,<environment.Job instance at 0x7f0aa52f1a50>,57,21,[13  3],58,-1,79,-1,58
1,<environment.Job instance at 0x7f0aa52f1a00>,58,28,[ 2 14],59,-1,87,-1,59
1,<environment.Job instance at 0x7f0aa52f1c30>,59,19,[13  2],60,-1,79,-1,60
1,<environment.Job instance at 0x7f0aa52f1730>,61,15,[ 2 11],62,-1,77,-1,62
1,<environment.Job instance at 0x7f0aa52f15f0>,65,24,[11  1],66,-1,93,-1,69
1,<environment.Job instance at 0x7f0aa58255f0>,66,14,[ 3 13],67,-1,83,-1,69
1,<environment.Job instance at 0x7f0aa52f19b0>,67,22,[ 3 11],68,-1,91,-1,69
1,<environment.Job instance at 0x7f0aa55f10a0>,69,28,[14  1],70,-1,106,-1,78
1,<environment.Job instance at 0x7f0aa55f1c80>,70,19,[14  5],71,-1,97,-1,78
1,<environment.Job instance at 0x7f0aa55f1280>,71,27,[ 1 12],72,-1,105,-1,78
1,<environment.Job instance at 0x7f0aa55f11e0>,72,23,[ 5 11],73,-1,101,-1,78
1,<environment.Job instance at 0x7f0aa55f1be0>,73,16,[12  1],74,-1,94,-1,78
1,<environment.Job instance at 0x7f0aa55f1e10>,74,26,[14  2],75,-1,104,-1,78
1,<environment.Job instance at 0x7f0aa55f1eb0>,75,14,[13  2],76,-1,92,-1,78
1,<environment.Job instance at 0x7f0aa55f1780>,77,27,[12  1],78,-1,117,-1,90
1,<environment.Job instance at 0x7f0aa55f1b90>,78,24,[12  1],79,-1,114,-1,90
1,<environment.Job instance at 0x7f0aa55f1f50>,79,23,[ 5 12],80,-1,113,-1,90
1,<environment.Job instance at 0x7f0aa55f15f0>,81,22,[14  4],82,-1,112,-1,90
1,<environment.Job instance at 0x7f0aa55f1c30>,83,19,[14  2],84,-1,117,-1,98
1,<environment.Job instance at 0x7f0aa55f1230>,84,26,[ 3 10],85,-1,124,-1,98
1,<environment.Job instance at 0x7f0aa4c8ff50>,85,28,[12  3],86,-1,126,-1,98
1,<environment.Job instance at 0x7f0aa4c8ff00>,86,19,[ 2 11],87,-1,117,-1,98
1,<environment.Job instance at 0x7f0aa4c8fa50>,87,26,[14  5],88,-1,124,-1,98
1,<environment.Job instance at 0x7f0aa4c8f6e0>,88,23,[10  4],89,-1,121,-1,98
1,<environment.Job instance at 0x7f0aa4c8faa0>,89,24,[7 5],90,-1,122,-1,98
1,<environment.Job instance at 0x7f0aaeeb5e60>,91,26,[13  5],92,-1,131,-1,105
1,<environment.Job instance at 0x7f0aa578c5a0>,92,28,[ 1 11],93,-1,133,-1,105
1,<environment.Job instance at 0x7f0aa5c9fb40>,93,24,[ 3 13],94,-1,129,-1,105
1,<environment.Job instance at 0x7f0aa5c9f6e0>,94,15,[13  3],95,-1,120,-1,105
1,<environment.Job instance at 0x7f0aa5c9fb90>,95,24,[14  5],96,-1,129,-1,105
1,<environment.Job instance at 0x7f0aa5c9f910>,96,25,[14  3],97,-1,130,-1,105
1,<environment.Job instance at 0x7f0aa5c9f0f0>,97,15,[ 5 13],98,-1,120,-1,105
1,<environment.Job instance at 0x7f0aa51c8960>,98,27,[5 5],99,-1,132,-1,105
1,<environment.Job instance at 0x7f0aa51c8c30>,99,20,[ 5 13],100,-1,125,-1,105
1,<environment.Job instance at 0x7f0aa51c85f0>,100,23,[14  5],101,-1,128,-1,105
1,<environment.Job instance at 0x7f0aa51c8910>,101,25,[12  3],102,-1,130,-1,105
1,<environment.Job instance at 0x7f0aa51c8dc0>,102,28,[11  2],103,-1,133,-1,105
1,<environment.Job instance at 0x7f0aa51c8870>,103,23,[12  3],104,-1,128,-1,105
1,<environment.Job instance at 0x7f0aa51c85a0>,104,25,[ 3 13],105,-1,130,-1,105
1,<environment.Job instance at 0x7f0aa51c8a00>,105,24,[ 3 14],106,-1,130,-1,106
1,<environment.Job instance at 0x7f0aa4c69c80>,106,20,[11  4],107,-1,127,-1,107
1,<environment.Job instance at 0x7f0aa4c69640>,107,20,[11  2],108,-1,128,-1,108
1,<environment.Job instance at 0x7f0aa4c69320>,108,20,[ 1 13],109,-1,129,-1,109
1,<environment.Job instance at 0x7f0aa6403960>,109,25,[10  3],110,-1,135,-1,110
1,<environment.Job instance at 0x7f0aa51c8370>,111,13,[12  1],112,-1,131,-1,118
1,<environment.Job instance at 0x7f0aa5c15780>,112,20,[12  4],113,-1,138,-1,118
1,<environment.Job instance at 0x7f0aa55f7690>,113,26,[ 5 10],114,-1,144,-1,118
1,<environment.Job instance at 0x7f0aa59cbeb0>,114,27,[ 2 13],115,-1,145,-1,118
1,<environment.Job instance at 0x7f0aa59cba00>,115,20,[ 2 14],116,-1,138,-1,118
1,<environment.Job instance at 0x7f0aa59cb050>,116,20,[ 3 11],117,-1,138,-1,118
1,<environment.Job instance at 0x7f0aa5435be0>,117,20,[ 4 11],118,-1,138,-1,118
1,<environment.Job instance at 0x7f0aa5e4ce60>,118,26,[ 2 11],119,-1,145,-1,119
1,<environment.Job instance at 0x7f0aa4d154b0>,119,20,[14  4],120,-1,140,-1,120
1,<environment.Job instance at 0x7f0aa4d15410>,120,16,[ 4 12],121,-1,137,-1,121
1,<environment.Job instance at 0x7f0aa51e41e0>,122,26,[ 1 12],123,-1,149,-1,123
1,<environment.Job instance at 0x7f0aa52ed550>,123,24,[13  3],124,-1,148,-1,124
1,<environment.Job instance at 0x7f0aa4e6ac30>,124,12,[12  2],125,-1,137,-1,125
1,<environment.Job instance at 0x7f0aa4e6a690>,125,28,[ 5 11],126,-1,154,-1,126
1,<environment.Job instance at 0x7f0aa51775f0>,126,16,[14  4],127,-1,143,-1,127
1,<environment.Job instance at 0x7f0aa5411190>,127,21,[11  5],128,-1,149,-1,128
1,<environment.Job instance at 0x7f0aa5e8ae60>,128,20,[ 2 14],129,-1,149,-1,129
1,<environment.Job instance at 0x7f0aa4e45b40>,129,22,[13  5],130,-1,152,-1,130
1,<environment.Job instance at 0x7f0aa56c17d0>,130,22,[ 2 12],131,-1,153,-1,131
1,<environment.Job instance at 0x7f0aa6222460>,132,27,[ 4 14],133,-1,165,-1,138
1,<environment.Job instance at 0x7f0aae9f2be0>,133,22,[ 2 14],134,-1,160,-1,138
1,<environment.Job instance at 0x7f0aae9f24b0>,135,25,[5 1],136,-1,166,-1,141
1,<environment.Job instance at 0x7f0aae9f2460>,136,27,[14  2],137,-1,168,-1,141
1,<environment.Job instance at 0x7f0aae9f2a50>,137,28,[14  4],138,-1,169,-1,141
1,<environment.Job instance at 0x7f0aae9f2f50>,138,23,[11  4],139,-1,164,-1,141
1,<environment.Job instance at 0x7f0aae9f2aa0>,140,20,[ 3 14],141,-1,174,-1,154
1,<environment.Job instance at 0x7f0aa5e58370>,1,24,[12  2],2,-1,26,-1,2
1,<environment.Job instance at 0x7f0aa54ce870>,2,24,[ 4 13],3,-1,27,-1,3
1,<environment.Job instance at 0x7f0aa5f7cdc0>,3,23,[ 2 12],4,-1,27,-1,4
1,<environment.Job instance at 0x7f0aa5f7c640>,4,12,[ 1 13],5,-1,17,-1,5
1,<environment.Job instance at 0x7f0aa5669aa0>,5,26,[12  5],6,-1,32,-1,6
1,<environment.Job instance at 0x7f0aa5669780>,6,25,[14  3],7,-1,32,-1,7
1,<environment.Job instance at 0x7f0aa5669280>,8,24,[7 2],9,-1,33,-1,9
1,<environment.Job instance at 0x7f0aa56693c0>,9,18,[ 1 14],10,-1,28,-1,10
1,<environment.Job instance at 0x7f0aa5669550>,10,19,[11  5],11,-1,30,-1,11
1,<environment.Job instance at 0x7f0aa5669b40>,11,24,[13  4],12,-1,36,-1,12
1,<environment.Job instance at 0x7f0aa5669b90>,12,26,[ 1 13],13,-1,39,-1,13
1,<environment.Job instance at 0x7f0aa5669f00>,13,28,[12  5],14,-1,42,-1,14
1,<environment.Job instance at 0x7f0aa5669fa0>,14,20,[11  1],15,-1,35,-1,15
1,<environment.Job instance at 0x7f0aae9f2aa0>,16,17,[ 2 13],17,-1,34,-1,17
1,<environment.Job instance at 0x7f0aa5669230>,17,24,[13  1],18,-1,42,-1,18
1,<environment.Job instance at 0x7f0aa5669690>,18,19,[13  2],19,-1,38,-1,19
1,<environment.Job instance at 0x7f0aa5669cd0>,19,21,[11  2],20,-1,41,-1,20
1,<environment.Job instance at 0x7f0aa5669e60>,20,25,[ 4 11],21,-1,46,-1,21
1,<environment.Job instance at 0x7f0aa5669870>,21,25,[ 1 12],22,-1,47,-1,22
1,<environment.Job instance at 0x7f0aa5669140>,22,24,[ 2 14],23,-1,47,-1,23
1,<environment.Job instance at 0x7f0aa5669a50>,15,14,[13  1],16,-1,37,-1,23
1,<environment.Job instance at 0x7f0aa56698c0>,23,21,[ 2 13],24,-1,45,-1,24
1,<environment.Job instance at 0x7f0aa4ef4410>,24,25,[14  5],25,-1,50,-1,25
1,<environment.Job instance at 0x7f0aa4ef4870>,27,26,[ 3 13],28,-1,54,-1,28
1,<environment.Job instance at 0x7f0aa4ef4a50>,28,25,[ 4 10],29,-1,54,-1,29
1,<environment.Job instance at 0x7f0aa4ef4730>,30,27,[6 2],31,-1,58,-1,31
1,<environment.Job instance at 0x7f0aa4ef4190>,31,25,[11  2],32,-1,57,-1,32
1,<environment.Job instance at 0x7f0aa4ef4b40>,32,22,[14  5],33,-1,55,-1,33
1,<environment.Job instance at 0x7f0aa4ef4be0>,33,24,[ 4 13],34,-1,58,-1,34
1,<environment.Job instance at 0x7f0aa4ef4af0>,34,24,[6 4],35,-1,59,-1,35
1,<environment.Job instance at 0x7f0aa4ef4910>,35,15,[11  3],36,-1,51,-1,36
1,<environment.Job instance at 0x7f0aa4ef4f50>,36,19,[12  1],37,-1,56,-1,37
1,<environment.Job instance at 0x7f0aa4ef4e10>,37,16,[14  3],38,-1,54,-1,38
1,<environment.Job instance at 0x7f0aa4ef48c0>,38,27,[ 5 12],39,-1,66,-1,39
1,<environment.Job instance at 0x7f0aa4ef4500>,39,27,[ 3 14],40,-1,67,-1,40
1,<environment.Job instance at 0x7f0aa4ef4a00>,40,28,[ 3 13],41,-1,69,-1,41
1,<environment.Job instance at 0x7f0aa4ef4370>,41,28,[11  1],42,-1,70,-1,42
1,<environment.Job instance at 0x7f0aa4ef4eb0>,42,25,[ 4 11],43,-1,68,-1,43
1,<environment.Job instance at 0x7f0aa4ef4f00>,43,22,[11  4],44,-1,66,-1,44
1,<environment.Job instance at 0x7f0aa4ef4fa0>,45,25,[12  3],46,-1,71,-1,46
1,<environment.Job instance at 0x7f0aa4f119b0>,46,22,[ 4 11],47,-1,69,-1,47
1,<environment.Job instance at 0x7f0aa4f11140>,47,13,[ 1 14],48,-1,62,-1,49
1,<environment.Job instance at 0x7f0aa4f116e0>,49,17,[ 3 13],50,-1,67,-1,50
1,<environment.Job instance at 0x7f0aa4f11500>,51,20,[ 4 11],52,-1,72,-1,52
1,<environment.Job instance at 0x7f0aa4f11aa0>,52,19,[ 1 13],53,-1,72,-1,53
1,<environment.Job instance at 0x7f0aa4f11c30>,53,27,[4 8],54,-1,81,-1,54
1,<environment.Job instance at 0x7f0aa4f11280>,54,19,[ 3 11],55,-1,74,-1,55
1,<environment.Job instance at 0x7f0aa4f11eb0>,55,27,[14  3],56,-1,83,-1,56
1,<environment.Job instance at 0x7f0aa4f11af0>,56,24,[11  3],57,-1,81,-1,57
1,<environment.Job instance at 0x7f0aa4f118c0>,58,26,[ 3 11],59,-1,85,-1,59
1,<environment.Job instance at 0x7f0aa4f11cd0>,59,19,[13  1],60,-1,79,-1,60
1,<environment.Job instance at 0x7f0aa4f11550>,60,27,[12  4],61,-1,88,-1,61
1,<environment.Job instance at 0x7f0aa5755280>,62,24,[14  2],63,-1,87,-1,63
1,<environment.Job instance at 0x7f0aa5755c30>,63,22,[ 2 14],64,-1,86,-1,64
1,<environment.Job instance at 0x7f0aa5755820>,64,14,[ 4 12],65,-1,79,-1,65
1,<environment.Job instance at 0x7f0aa5755e10>,65,26,[1 6],66,-1,92,-1,66
1,<environment.Job instance at 0x7f0aa5755690>,67,22,[ 3 14],68,-1,90,-1,68
1,<environment.Job instance at 0x7f0aa5755eb0>,68,26,[ 5 11],69,-1,95,-1,69
1,<environment.Job instance at 0x7f0aa5755dc0>,69,26,[ 4 13],70,-1,96,-1,70
1,<environment.Job instance at 0x7f0aa57555f0>,70,20,[ 3 10],71,-1,91,-1,71
1,<environment.Job instance at 0x7f0aa5755320>,71,24,[11  4],72,-1,96,-1,72
1,<environment.Job instance at 0x7f0aa5755550>,72,21,[13  3],73,-1,94,-1,73
1,<environment.Job instance at 0x7f0aa57552d0>,73,19,[ 3 11],74,-1,93,-1,74
1,<environment.Job instance at 0x7f0aa5755730>,74,14,[ 2 12],75,-1,89,-1,75
1,<environment.Job instance at 0x7f0aa5755fa0>,75,26,[ 3 10],76,-1,102,-1,76
1,<environment.Job instance at 0x7f0aa5755aa0>,76,27,[ 5 12],77,-1,104,-1,77
1,<environment.Job instance at 0x7f0aa5755640>,77,14,[11  5],78,-1,92,-1,78
1,<environment.Job instance at 0x7f0aa5755a50>,78,20,[13  3],79,-1,99,-1,79
1,<environment.Job instance at 0x7f0aa5755b90>,79,26,[13  4],80,-1,106,-1,80
1,<environment.Job instance at 0x7f0aa5755410>,80,25,[ 3 10],81,-1,106,-1,81
1,<environment.Job instance at 0x7f0aa5755960>,81,27,[ 4 11],82,-1,109,-1,82
1,<environment.Job instance at 0x7f0aa5755230>,82,14,[ 2 11],83,-1,97,-1,83
1,<environment.Job instance at 0x7f0aa5755d20>,85,27,[ 3 12],86,-1,113,-1,86
1,<environment.Job instance at 0x7f0aa5755e60>,86,23,[14  3],87,-1,110,-1,87
1,<environment.Job instance at 0x7f0aa5b1f5f0>,89,19,[ 5 11],90,-1,118,-1,99
1,<environment.Job instance at 0x7f0aa5b1f370>,90,19,[ 4 14],91,-1,118,-1,99
1,<environment.Job instance at 0x7f0aa5b1f870>,91,27,[13  3],92,-1,126,-1,99
1,<environment.Job instance at 0x7f0aa5b1f960>,92,19,[12  3],93,-1,118,-1,99
1,<environment.Job instance at 0x7f0aa5b1f5a0>,93,16,[11  1],94,-1,115,-1,99
1,<environment.Job instance at 0x7f0aa5b1fd20>,94,26,[12  2],95,-1,125,-1,99
1,<environment.Job instance at 0x7f0aa5b1f640>,95,20,[ 3 14],96,-1,119,-1,99
1,<environment.Job instance at 0x7f0aa5b1f8c0>,96,13,[12  4],97,-1,112,-1,99
1,<environment.Job instance at 0x7f0aa5b1f910>,97,28,[12  3],98,-1,127,-1,99
1,<environment.Job instance at 0x7f0aa5b1f460>,98,24,[ 1 14],99,-1,123,-1,99
1,<environment.Job instance at 0x7f0aa5b1f230>,99,23,[13  1],100,-1,123,-1,100
1,<environment.Job instance at 0x7f0aa5b1f2d0>,100,22,[ 3 13],101,-1,123,-1,101
1,<environment.Job instance at 0x7f0aa5b1f780>,101,20,[ 3 13],102,-1,122,-1,102
1,<environment.Job instance at 0x7f0aa5b1f730>,102,19,[11  4],103,-1,122,-1,103
1,<environment.Job instance at 0x7f0aa5b1f410>,103,20,[13  3],104,-1,124,-1,104
1,<environment.Job instance at 0x7f0aa5b1f320>,105,20,[14  3],106,-1,126,-1,106
1,<environment.Job instance at 0x7f0aa5b1f0a0>,106,19,[14  4],107,-1,126,-1,107
1,<environment.Job instance at 0x7f0aa5b1f3c0>,107,16,[14  4],108,-1,124,-1,108
1,<environment.Job instance at 0x7f0aa4fb4c30>,108,26,[ 2 12],109,-1,135,-1,109
1,<environment.Job instance at 0x7f0aa4fb45a0>,109,19,[12  2],110,-1,129,-1,110
1,<environment.Job instance at 0x7f0aa4fb4af0>,110,25,[ 5 12],111,-1,136,-1,111
1,<environment.Job instance at 0x7f0aa4fb4640>,111,25,[14  5],112,-1,137,-1,112
1,<environment.Job instance at 0x7f0aa4fb4eb0>,112,24,[14  2],113,-1,137,-1,113
1,<environment.Job instance at 0x7f0aa4fb47d0>,114,14,[12  5],115,-1,129,-1,115
1,<environment.Job instance at 0x7f0aa4fb48c0>,115,26,[2 7],116,-1,142,-1,116
1,<environment.Job instance at 0x7f0aa4fb4550>,118,28,[ 2 11],119,-1,147,-1,119
1,<environment.Job instance at 0x7f0aa4fb41e0>,119,22,[14  4],120,-1,142,-1,120
1,<environment.Job instance at 0x7f0aa4fb4320>,120,16,[14  2],121,-1,137,-1,121
1,<environment.Job instance at 0x7f0aa4fb40a0>,121,15,[11  1],122,-1,137,-1,122
1,<environment.Job instance at 0x7f0aa4fb44b0>,122,19,[ 1 14],123,-1,142,-1,123
1,<environment.Job instance at 0x7f0aa4fb4500>,124,13,[ 1 14],125,-1,138,-1,125
1,<environment.Job instance at 0x7f0aa4fb40f0>,125,21,[14  3],126,-1,147,-1,126
1,<environment.Job instance at 0x7f0aa4fb4f00>,126,21,[ 3 13],127,-1,148,-1,127
1,<environment.Job instance at 0x7f0aa4fb4a00>,127,23,[14  5],128,-1,151,-1,128
1,<environment.Job instance at 0x7f0aa4fb4c80>,129,12,[12  4],130,-1,144,-1,132
1,<environment.Job instance at 0x7f0aa5f15550>,130,28,[10  5],131,-1,160,-1,132
1,<environment.Job instance at 0x7f0aa5f15050>,131,14,[13  4],132,-1,146,-1,132
1,<environment.Job instance at 0x7f0aa5f157d0>,132,14,[12  4],133,-1,147,-1,133
1,<environment.Job instance at 0x7f0aa5f15320>,133,25,[ 1 14],134,-1,159,-1,134
1,<environment.Job instance at 0x7f0aa5f150a0>,134,22,[ 4 11],135,-1,157,-1,135
1,<environment.Job instance at 0x7f0aa5f154b0>,135,19,[ 4 11],136,-1,155,-1,136
1,<environment.Job instance at 0x7f0aa5f15eb0>,136,25,[14  2],137,-1,162,-1,137
1,<environment.Job instance at 0x7f0aa5f15460>,137,18,[ 5 13],138,-1,156,-1,138
1,<environment.Job instance at 0x7f0aa5f15640>,138,23,[ 5 13],139,-1,162,-1,139
1,<environment.Job instance at 0x7f0aa5f15140>,139,28,[ 1 11],140,-1,168,-1,140
1,<environment.Job instance at 0x7f0aa5f15e10>,140,28,[ 5 11],141,-1,169,-1,141
1,<environment.Job instance at 0x7f0aa5f15dc0>,141,21,[13  4],142,-1,163,-1,142
1,<environment.Job instance at 0x7f0aa4c4da50>,142,24,[4 9],143,-1,167,-1,143
1,<environment.Job instance at 0x7f0aa6245730>,143,19,[ 3 13],144,-1,163,-1,144
1,<environment.Job instance at 0x7f0aa5b722d0>,145,28,[ 2 13],146,-1,174,-1,146
1,<environment.Job instance at 0x7f0aa5b72550>,146,23,[ 2 12],147,-1,170,-1,147
1,<environment.Job instance at 0x7f0aa5b72870>,147,23,[12  3],148,-1,171,-1,148
1,<environment.Job instance at 0x7f0aa5b72960>,148,24,[13  1],149,-1,173,-1,149
1,<environment.Job instance at 0x7f0aa5b72050>,149,28,[ 2 14],150,-1,178,-1,150
1,<environment.Job instance at 0x7f0aa56fdcd0>,150,22,[ 1 13],151,-1,173,-1,151
1,<environment.Job instance at 0x7f0aa63b7c30>,151,22,[12  5],152,-1,174,-1,152
1,<environment.Job instance at 0x7f0aa63b7c30>,2,25,[ 1 13],3,-1,28,-1,3
1,<environment.Job instance at 0x7f0aa4e98190>,3,26,[ 1 12],4,-1,30,-1,4
1,<environment.Job instance at 0x7f0aa5442c30>,4,19,[12  1],5,-1,24,-1,5
1,<environment.Job instance at 0x7f0aa5442f00>,5,22,[ 2 12],6,-1,28,-1,6
1,<environment.Job instance at 0x7f0aa568ee60>,7,20,[12  3],8,-1,28,-1,8
1,<environment.Job instance at 0x7f0aa5757d70>,8,17,[14  4],9,-1,26,-1,9
1,<environment.Job instance at 0x7f0aa5757d20>,9,26,[ 5 12],10,-1,36,-1,10
1,<environment.Job instance at 0x7f0aa5757e60>,14,26,[ 1 11],15,-1,51,-1,25
1,<environment.Job instance at 0x7f0aa5757dc0>,16,19,[12  1],17,-1,46,-1,27
1,<environment.Job instance at 0x7f0aa5757c80>,17,21,[ 5 12],18,-1,48,-1,27
1,<environment.Job instance at 0x7f0aa57576e0>,19,19,[11  2],20,-1,54,-1,35
1,<environment.Job instance at 0x7f0aa57572d0>,20,28,[13  4],21,-1,63,-1,35
1,<environment.Job instance at 0x7f0aa5757820>,21,20,[ 5 14],22,-1,55,-1,35
1,<environment.Job instance at 0x7f0aa5757fa0>,22,28,[14  1],23,-1,63,-1,35
1,<environment.Job instance at 0x7f0aa57574b0>,23,28,[ 4 12],24,-1,63,-1,35
1,<environment.Job instance at 0x7f0aa5757a00>,24,18,[12  5],25,-1,53,-1,35
1,<environment.Job instance at 0x7f0aa5757500>,25,12,[ 1 14],26,-1,47,-1,35
1,<environment.Job instance at 0x7f0aa5757280>,26,28,[ 2 13],27,-1,63,-1,35
1,<environment.Job instance at 0x7f0aa51d39b0>,27,21,[14  1],28,-1,56,-1,35
1,<environment.Job instance at 0x7f0aa5757cd0>,28,13,[ 3 11],29,-1,48,-1,35
1,<environment.Job instance at 0x7f0aa51d3f00>,29,22,[ 4 13],30,-1,57,-1,35
1,<environment.Job instance at 0x7f0aa51d3d20>,30,23,[13  2],31,-1,58,-1,35
1,<environment.Job instance at 0x7f0aa51d3b40>,31,18,[12  4],32,-1,53,-1,35
1,<environment.Job instance at 0x7f0aa5bf24b0>,1,13,[ 4 12],2,-1,15,-1,2
1,<environment.Job instance at 0x7f0aa5d263c0>,2,22,[12  2],3,-1,25,-1,3
1,<environment.Job instance at 0x7f0aa5d26780>,4,21,[14  1],5,-1,26,-1,5
1,<environment.Job instance at 0x7f0aa53691e0>,5,23,[ 2 12],6,-1,29,-1,6
1,<environment.Job instance at 0x7f0aa5bf2550>,3,14,[14  2],4,-1,20,-1,6
1,<environment.Job instance at 0x7f0aa5bf2500>,6,19,[ 5 14],7,-1,26,-1,7
1,<environment.Job instance at 0x7f0aa5369870>,7,21,[ 2 12],8,-1,29,-1,8
1,<environment.Job instance at 0x7f0aa5369be0>,8,19,[12  3],9,-1,28,-1,9
1,<environment.Job instance at 0x7f0aa5369a50>,9,27,[14  5],10,-1,37,-1,10
1,<environment.Job instance at 0x7f0aa5369410>,10,23,[ 5 11],11,-1,34,-1,11
1,<environment.Job instance at 0x7f0aa53690a0>,11,13,[ 3 13],12,-1,25,-1,12
1,<environment.Job instance at 0x7f0aa5369e10>,14,23,[ 5 10],15,-1,38,-1,15
1,<environment.Job instance at 0x7f0aa5369960>,15,28,[12  3],16,-1,44,-1,16
1,<environment.Job instance at 0x7f0aa53696e0>,16,25,[12  5],17,-1,42,-1,17
1,<environment.Job instance at 0x7f0aa5369d70>,17,24,[13  3],18,-1,42,-1,18
1,<environment.Job instance at 0x7f0aa5369e60>,13,19,[13  4],14,-1,37,-1,18
1,<environment.Job instance at 0x7f0aa5369b90>,18,23,[ 5 12],19,-1,42,-1,19
1,<environment.Job instance at 0x7f0aa56e52d0>,19,26,[5 9],20,-1,46,-1,20
1,<environment.Job instance at 0x7f0aa56e5050>,20,22,[ 3 12],21,-1,43,-1,21
1,<environment.Job instance at 0x7f0aa56e5d20>,21,28,[14  4],22,-1,50,-1,22
1,<environment.Job instance at 0x7f0aa56e5c30>,22,24,[ 2 14],23,-1,47,-1,23
1,<environment.Job instance at 0x7f0aa56e5640>,23,12,[12  1],24,-1,36,-1,24
1,<environment.Job instance at 0x7f0aa56e5be0>,24,19,[ 1 14],25,-1,44,-1,25
1,<environment.Job instance at 0x7f0aa56e5370>,26,26,[ 5 12],27,-1,53,-1,27
1,<environment.Job instance at 0x7f0aa56e5960>,27,15,[ 5 14],28,-1,43,-1,28
1,<environment.Job instance at 0x7f0aa56e5410>,28,25,[ 4 12],29,-1,54,-1,29
1,<environment.Job instance at 0x7f0aa56e5c80>,29,25,[ 1 12],30,-1,55,-1,30
1,<environment.Job instance at 0x7f0aa56e5f00>,30,23,[11  2],31,-1,54,-1,31
1,<environment.Job instance at 0x7f0aa56e50f0>,31,24,[12  1],32,-1,56,-1,32
1,<environment.Job instance at 0x7f0aa56e5e10>,33,23,[14  2],34,-1,57,-1,34
1,<environment.Job instance at 0x7f0aa56e5550>,34,21,[ 3 14],35,-1,56,-1,35
1,<environment.Job instance at 0x7f0aa56e5a50>,35,28,[14  4],36,-1,64,-1,36
1,<environment.Job instance at 0x7f0aa56e5500>,36,25,[ 2 14],37,-1,62,-1,37
1,<environment.Job instance at 0x7f0aa56e5140>,37,25,[9 4],38,-1,63,-1,38
1,<environment.Job instance at 0x7f0aa56e56e0>,38,16,[13  4],39,-1,55,-1,39
1,<environment.Job instance at 0x7f0aa56e5230>,39,24,[ 4 11],40,-1,64,-1,40
1,<environment.Job instance at 0x7f0aa56e5aa0>,40,14,[ 4 14],41,-1,55,-1,41
1,<environment.Job instance at 0x7f0aa5ea5500>,46,27,[12  4],47,-1,82,-1,55
1,<environment.Job instance at 0x7f0aa5ea50a0>,47,28,[ 5 11],48,-1,83,-1,55
1,<environment.Job instance at 0x7f0aa5ea5820>,50,18,[ 1 13],51,-1,112,-1,94
1,<environment.Job instance at 0x7f0aa5ea5aa0>,51,26,[13  3],52,-1,120,-1,94
1,<environment.Job instance at 0x7f0aa5ea5230>,52,27,[11  2],53,-1,121,-1,94
1,<environment.Job instance at 0x7f0aa5ea54b0>,53,25,[12  3],54,-1,119,-1,94
1,<environment.Job instance at 0x7f0aa5ea5550>,54,25,[12  5],55,-1,119,-1,94
1,<environment.Job instance at 0x7f0aa5ea5dc0>,55,26,[13  1],56,-1,120,-1,94
1,<environment.Job instance at 0x7f0aa5ea5a00>,56,12,[ 3 11],57,-1,106,-1,94
1,<environment.Job instance at 0x7f0aa5ea5960>,57,27,[ 2 13],58,-1,121,-1,94
1,<environment.Job instance at 0x7f0aa5ea5b90>,58,16,[11  2],59,-1,110,-1,94
1,<environment.Job instance at 0x7f0aa5ea5320>,59,24,[14  3],60,-1,118,-1,94
1,<environment.Job instance at 0x7f0aa5ea56e0>,61,23,[ 4 14],62,-1,144,-1,121
1,<environment.Job instance at 0x7f0aa5ca28c0>,62,26,[14  5],63,-1,147,-1,121
1,<environment.Job instance at 0x7f0aa5ca2690>,63,25,[ 3 13],64,-1,146,-1,121
1,<environment.Job instance at 0x7f0aa5ca2320>,64,13,[ 5 14],65,-1,136,-1,123
1,<environment.Job instance at 0x7f0aa5ca2e60>,66,26,[ 5 11],67,-1,150,-1,124
1,<environment.Job instance at 0x7f0aa5ca20a0>,67,23,[12  3],68,-1,147,-1,124
1,<environment.Job instance at 0x7f0aa5ca25a0>,68,13,[14  1],69,-1,137,-1,124
1,<environment.Job instance at 0x7f0aa5ca2c30>,69,13,[11  2],70,-1,137,-1,124
1,<environment.Job instance at 0x7f0aa5ca29b0>,70,25,[13  1],71,-1,149,-1,124
1,<environment.Job instance at 0x7f0aa5ca2a50>,71,19,[ 3 13],72,-1,143,-1,124
1,<environment.Job instance at 0x7f0aa5ca25f0>,72,26,[11  1],73,-1,150,-1,124
1,<environment.Job instance at 0x7f0aa5ca26e0>,73,26,[13  1],74,-1,150,-1,124
1,<environment.Job instance at 0x7f0aa5ca2aa0>,74,24,[ 3 10],75,-1,148,-1,124
1,<environment.Job instance at 0x7f0aa5ca2500>,75,23,[12  4],76,-1,147,-1,124
1,<environment.Job instance at 0x7f0aa5ca22d0>,76,28,[14  3],77,-1,152,-1,124
1,<environment.Job instance at 0x7f0aa5ca2f50>,77,27,[ 4 14],78,-1,151,-1,124
1,<environment.Job instance at 0x7f0aa52313c0>,1,24,[12  4],2,-1,26,-1,2
1,<environment.Job instance at 0x7f0aa5ea5640>,2,28,[ 4 12],3,-1,31,-1,3
1,<environment.Job instance at 0x7f0aa5231c30>,3,28,[ 3 14],4,-1,32,-1,4
1,<environment.Job instance at 0x7f0aa5231190>,4,18,[ 3 13],5,-1,23,-1,5
1,<environment.Job instance at 0x7f0aa5231730>,5,15,[13  3],6,-1,21,-1,6
1,<environment.Job instance at 0x7f0aa52310f0>,6,24,[ 1 11],7,-1,31,-1,7
1,<environment.Job instance at 0x7f0aa5231dc0>,7,23,[ 5 10],8,-1,31,-1,8
1,<environment.Job instance at 0x7f0aa5231910>,8,27,[ 4 13],9,-1,36,-1,9
1,<environment.Job instance at 0x7f0aa5231460>,10,23,[13  4],11,-1,34,-1,11
1,<environment.Job instance at 0x7f0aa5231410>,11,19,[ 5 12],12,-1,31,-1,12
1,<environment.Job instance at 0x7f0aa5231be0>,12,25,[ 4 12],13,-1,38,-1,13
1,<environment.Job instance at 0x7f0aa59b46e0>,14,27,[10  2],15,-1,42,-1,15
1,<environment.Job instance at 0x7f0aa59b4190>,15,26,[ 3 13],16,-1,42,-1,16
1,<environment.Job instance at 0x7f0aa59b4910>,16,28,[11  5],17,-1,45,-1,17
1,<environment.Job instance at 0x7f0aa59b4cd0>,17,24,[14  5],18,-1,42,-1,18
1,<environment.Job instance at 0x7f0aa59b4d20>,18,23,[ 5 14],19,-1,42,-1,19
1,<environment.Job instance at 0x7f0aa59b47d0>,19,21,[ 1 14],20,-1,41,-1,20
1,<environment.Job instance at 0x7f0aa59b4050>,20,21,[12  4],21,-1,42,-1,21
1,<environment.Job instance at 0x7f0aa59b40a0>,21,25,[14  4],22,-1,47,-1,22
1,<environment.Job instance at 0x7f0aa59b4be0>,22,21,[ 4 14],23,-1,44,-1,23
1,<environment.Job instance at 0x7f0aa59b43c0>,23,23,[ 5 12],24,-1,47,-1,24
1,<environment.Job instance at 0x7f0aa59b4460>,25,21,[ 1 14],26,-1,47,-1,26
1,<environment.Job instance at 0x7f0aa59b4b90>,26,23,[11  3],27,-1,50,-1,27
1,<environment.Job instance at 0x7f0aa59b41e0>,27,21,[13  5],28,-1,49,-1,28
1,<environment.Job instance at 0x7f0aa59b4280>,28,19,[12  5],29,-1,48,-1,29
1,<environment.Job instance at 0x7f0aa59b45a0>,30,19,[13  4],31,-1,50,-1,31
1,<environment.Job instance at 0x7f0aa5ea5af0>,32,24,[12  4],33,-1,57,-1,33
1,<environment.Job instance at 0x7f0aa59b4550>,33,21,[ 3 11],34,-1,55,-1,34
1,<environment.Job instance at 0x7f0aa59b4f00>,34,20,[13  1],35,-1,55,-1,35
1,<environment.Job instance at 0x7f0aa4f85460>,35,18,[ 4 13],36,-1,54,-1,36
1,<environment.Job instance at 0x7f0aa59b4c80>,31,23,[6 5],32,-1,59,-1,36
1,<environment.Job instance at 0x7f0aa59b4d70>,36,26,[ 3 14],37,-1,63,-1,37
1,<environment.Job instance at 0x7f0aa4f85eb0>,37,15,[ 4 12],38,-1,53,-1,38
1,<environment.Job instance at 0x7f0aa4f85e60>,40,26,[12  1],41,-1,67,-1,41
1,<environment.Job instance at 0x7f0aa4f85640>,39,20,[12  2],40,-1,61,-1,41
1,<environment.Job instance at 0x7f0aa4f853c0>,41,25,[14  4],42,-1,67,-1,42
1,<environment.Job instance at 0x7f0aa4f855a0>,42,24,[13  1],43,-1,67,-1,43
1,<environment.Job instance at 0x7f0aa4f858c0>,43,23,[11  2],44,-1,67,-1,44
1,<environment.Job instance at 0x7f0aa4f85f00>,44,19,[ 3 14],45,-1,64,-1,45
1,<environment.Job instance at 0x7f0aa4f85690>,45,24,[ 1 11],46,-1,70,-1,46
1,<environment.Job instance at 0x7f0aa4f85f50>,46,25,[12  4],47,-1,72,-1,47
1,<environment.Job instance at 0x7f0aa4f856e0>,47,25,[3 6],48,-1,73,-1,48
1,<environment.Job instance at 0x7f0aa4f85780>,48,22,[12  1],49,-1,71,-1,49
1,<environment.Job instance at 0x7f0aa4f852d0>,49,16,[14  2],50,-1,66,-1,50
1,<environment.Job instance at 0x7f0aa4f85d20>,50,22,[14  4],51,-1,73,-1,51
1,<environment.Job instance at 0x7f0aa4f85370>,53,26,[13  4],54,-1,80,-1,54
1,<environment.Job instance at 0x7f0aa4f85c80>,52,15,[13  2],53,-1,69,-1,54
1,<environment.Job instance at 0x7f0aa4f850a0>,54,19,[12  5],55,-1,74,-1,55
1,<environment.Job instance at 0x7f0aa4f52eb0>,59,24,[13  5],60,-1,84,-1,60
1,<environment.Job instance at 0x7f0aa4f52960>,60,27,[ 2 14],61,-1,88,-1,61
1,<environment.Job instance at 0x7f0aa4f52320>,61,26,[ 4 12],62,-1,88,-1,62
1,<environment.Job instance at 0x7f0aa4f52f50>,62,15,[ 4 14],63,-1,78,-1,63
1,<environment.Job instance at 0x7f0aa4f52500>,63,26,[ 1 13],64,-1,90,-1,64
1,<environment.Job instance at 0x7f0aa4f525f0>,66,24,[14  5],67,-1,100,-1,76
1,<environment.Job instance at 0x7f0aa4f522d0>,67,27,[8 1],68,-1,103,-1,76
1,<environment.Job instance at 0x7f0aa4f52280>,68,27,[7 2],69,-1,103,-1,76
1,<environment.Job instance at 0x7f0aa4f52690>,69,22,[12  5],70,-1,98,-1,76
1,<environment.Job instance at 0x7f0aa4f52460>,70,23,[13  3],71,-1,99,-1,76
1,<environment.Job instance at 0x7f0aa4f520f0>,72,24,[3 9],73,-1,102,-1,78
1,<environment.Job instance at 0x7f0aa4f526e0>,73,22,[11  4],74,-1,100,-1,78
1,<environment.Job instance at 0x7f0aa4f52aa0>,74,20,[14  3],75,-1,98,-1,78
1,<environment.Job instance at 0x7f0aa4f52c80>,75,23,[ 2 14],76,-1,101,-1,78
1,<environment.Job instance at 0x7f0aa4f525a0>,76,13,[11  2],77,-1,91,-1,78
1,<environment.Job instance at 0x7f0aa4f52050>,77,26,[ 1 12],78,-1,104,-1,78
1,<environment.Job instance at 0x7f0aa4f52b40>,78,19,[13  5],79,-1,98,-1,79
1,<environment.Job instance at 0x7f0aa4f523c0>,79,25,[ 3 10],80,-1,105,-1,80
1,<environment.Job instance at 0x7f0aa4f7cf00>,80,28,[ 1 11],81,-1,109,-1,81
1,<environment.Job instance at 0x7f0aa4f7c320>,81,20,[ 1 10],82,-1,102,-1,82
1,<environment.Job instance at 0x7f0aa4f7c3c0>,82,14,[ 5 12],83,-1,97,-1,83
1,<environment.Job instance at 0x7f0aa4f7c550>,83,19,[ 1 14],84,-1,103,-1,84
1,<environment.Job instance at 0x7f0aa4f7c1e0>,84,18,[ 4 11],85,-1,103,-1,85
1,<environment.Job instance at 0x7f0aa4f7ca50>,85,27,[14  3],86,-1,113,-1,86
1,<environment.Job instance at 0x7f0aa4f7ce60>,86,12,[ 3 13],87,-1,99,-1,87
1,<environment.Job instance at 0x7f0aa4f7c230>,87,20,[ 2 12],88,-1,108,-1,88
1,<environment.Job instance at 0x7f0aa4f7c7d0>,88,20,[12  5],89,-1,109,-1,89
1,<environment.Job instance at 0x7f0aa4f7ce10>,89,20,[ 4 12],90,-1,110,-1,90
1,<environment.Job instance at 0x7f0aa4f7cc80>,90,22,[ 3 14],91,-1,113,-1,91
1,<environment.Job instance at 0x7f0aa4f7c780>,91,22,[3 9],92,-1,120,-1,98
1,<environment.Job instance at 0x7f0aa4f52b90>,92,12,[ 3 12],93,-1,110,-1,98
1,<environment.Job instance at 0x7f0aa4f7c9b0>,93,22,[11  4],94,-1,120,-1,98
1,<environment.Job instance at 0x7f0aa4f7c0f0>,95,23,[5 2],96,-1,121,-1,98
1,<environment.Job instance at 0x7f0aa4f7c0a0>,96,20,[11  2],97,-1,118,-1,98
1,<environment.Job instance at 0x7f0aa4f7cbe0>,97,14,[12  2],98,-1,112,-1,98
1,<environment.Job instance at 0x7f0aa4f7cb40>,98,22,[12  5],99,-1,121,-1,99
1,<environment.Job instance at 0x7f0aa4f7ca00>,99,28,[5 3],100,-1,128,-1,100
1,<environment.Job instance at 0x7f0aa617ec30>,100,23,[14  5],101,-1,124,-1,101
1,<environment.Job instance at 0x7f0aa617e2d0>,101,23,[11  2],102,-1,125,-1,102
1,<environment.Job instance at 0x7f0aa617e320>,102,22,[14  4],103,-1,125,-1,103
1,<environment.Job instance at 0x7f0aa617e280>,103,15,[ 4 12],104,-1,119,-1,104
1,<environment.Job instance at 0x7f0aa617e7d0>,104,22,[ 3 14],105,-1,127,-1,105
1,<environment.Job instance at 0x7f0aa617e4b0>,105,26,[9 1],106,-1,132,-1,106
1,<environment.Job instance at 0x7f0aa617e9b0>,106,26,[ 5 14],107,-1,133,-1,107
1,<environment.Job instance at 0x7f0aa617eaf0>,107,25,[ 1 12],108,-1,133,-1,108
1,<environment.Job instance at 0x7f0aa617ec80>,108,24,[13  4],109,-1,133,-1,109
1,<environment.Job instance at 0x7f0aa617ebe0>,109,20,[ 2 11],110,-1,130,-1,110
1,<environment.Job instance at 0x7f0aa617e500>,110,20,[ 3 12],111,-1,131,-1,111
1,<environment.Job instance at 0x7f0aa617ea50>,111,23,[10  1],112,-1,135,-1,112
1,<environment.Job instance at 0x7f0aa617e960>,112,20,[14  3],113,-1,133,-1,113
1,<environment.Job instance at 0x7f0aa617eb40>,113,14,[14  1],114,-1,128,-1,114
1,<environment.Job instance at 0x7f0aa617eaa0>,114,25,[ 5 11],115,-1,140,-1,115
1,<environment.Job instance at 0x7f0aa617e5a0>,115,24,[13  2],116,-1,140,-1,116
1,<environment.Job instance at 0x7f0aa617e050>,116,24,[ 1 14],117,-1,141,-1,117
1,<environment.Job instance at 0x7f0aa617edc0>,117,25,[ 1 11],118,-1,143,-1,118
1,<environment.Job instance at 0x7f0aa617eb90>,118,26,[13  1],119,-1,145,-1,119
1,<environment.Job instance at 0x7f0aa617e780>,119,27,[14  1],120,-1,147,-1,120
1,<environment.Job instance at 0x7f0aa617e6e0>,120,26,[14  5],121,-1,147,-1,121
1,<environment.Job instance at 0x7f0aa4efe190>,122,24,[12  5],123,-1,147,-1,123
1,<environment.Job instance at 0x7f0aa4efe410>,123,22,[12  2],124,-1,146,-1,124
1,<environment.Job instance at 0x7f0aa4efeb40>,124,28,[ 2 14],125,-1,153,-1,125
1,<environment.Job instance at 0x7f0aa4efe370>,125,19,[14  2],126,-1,145,-1,126
1,<environment.Job instance at 0x7f0aa4efe820>,126,26,[11  4],127,-1,153,-1,127
1,<environment.Job instance at 0x7f0aa4efee60>,127,13,[ 1 14],128,-1,141,-1,128
1,<environment.Job instance at 0x7f0aa4efeb90>,128,27,[ 5 11],129,-1,156,-1,129
1,<environment.Job instance at 0x7f0aa4efe5a0>,129,26,[ 4 12],130,-1,156,-1,130
1,<environment.Job instance at 0x7f0aa4efe8c0>,130,28,[ 2 13],131,-1,159,-1,131
1,<environment.Job instance at 0x7f0aa4efe460>,131,26,[14  4],132,-1,158,-1,132
1,<environment.Job instance at 0x7f0aa4efecd0>,132,20,[11  5],133,-1,153,-1,133
1,<environment.Job instance at 0x7f0aa4efedc0>,133,19,[11  2],134,-1,153,-1,134
1,<environment.Job instance at 0x7f0aa4efea00>,134,27,[ 3 13],135,-1,162,-1,135
1,<environment.Job instance at 0x7f0aa4efeeb0>,135,22,[ 1 11],136,-1,158,-1,136
1,<environment.Job instance at 0x7f0aa4efec30>,136,27,[ 2 13],137,-1,164,-1,137
1,<environment.Job instance at 0x7f0aa4efe0f0>,137,19,[ 5 13],138,-1,157,-1,138
1,<environment.Job instance at 0x7f0aa4efe0a0>,139,28,[5 9],140,-1,168,-1,140
1,<environment.Job instance at 0x7f0aa4f7c690>,140,24,[ 4 13],141,-1,165,-1,141
1,<environment.Job instance at 0x7f0aa4f6ff00>,141,25,[11  5],142,-1,167,-1,142
1,<environment.Job instance at 0x7f0aa4f6f640>,142,21,[14  2],143,-1,164,-1,143
1,<environment.Job instance at 0x7f0aa6065af0>,143,26,[ 2 12],144,-1,170,-1,144
1,<environment.Job instance at 0x7f0aa5642230>,144,19,[12  2],145,-1,164,-1,145
1,<environment.Job instance at 0x7f0aa5642be0>,145,24,[ 5 11],146,-1,170,-1,146
1,<environment.Job instance at 0x7f0aa5642af0>,146,26,[ 3 14],147,-1,173,-1,147
1,<environment.Job instance at 0x7f0aa56427d0>,147,16,[11  5],148,-1,164,-1,148
1,<environment.Job instance at 0x7f0aa5642280>,148,26,[ 3 12],149,-1,175,-1,149
1,<environment.Job instance at 0x7f0aa4deb780>,149,24,[11  3],150,-1,174,-1,150
1,<environment.Job instance at 0x7f0aa5a9beb0>,151,28,[ 3 13],152,-1,180,-1,152
1,<environment.Job instance at 0x7f0aa4f85a00>,1,26,[7 1],2,-1,28,-1,2
1,<environment.Job instance at 0x7f0aa52110f0>,2,26,[ 5 13],3,-1,29,-1,3
1,<environment.Job instance at 0x7f0aa5c9f140>,3,24,[12  2],4,-1,28,-1,4
1,<environment.Job instance at 0x7f0aa5c9fa50>,4,28,[ 1 12],5,-1,33,-1,5
1,<environment.Job instance at 0x7f0aa5c9fd70>,5,23,[8 2],6,-1,29,-1,6
1,<environment.Job instance at 0x7f0aa5b86c80>,6,23,[ 2 14],7,-1,30,-1,7
1,<environment.Job instance at 0x7f0aa5b86690>,7,26,[13  4],8,-1,34,-1,8
1,<environment.Job instance at 0x7f0aa5b86b40>,8,20,[11  2],9,-1,29,-1,9
1,<environment.Job instance at 0x7f0aa5b86370>,10,20,[ 5 12],11,-1,31,-1,11
1,<environment.Job instance at 0x7f0aa5a9beb0>,12,19,[ 1 11],13,-1,32,-1,13
1,<environment.Job instance at 0x7f0aa5b86af0>,11,18,[14  5],12,-1,31,-1,13
1,<environment.Job instance at 0x7f0aa5b86eb0>,13,24,[ 1 13],14,-1,38,-1,14
1,<environment.Job instance at 0x7f0aa5b86dc0>,14,20,[ 2 13],15,-1,35,-1,15
1,<environment.Job instance at 0x7f0aa5b86230>,16,21,[ 5 11],17,-1,38,-1,17
1,<environment.Job instance at 0x7f0aa5b86fa0>,17,26,[1 7],18,-1,44,-1,18
1,<environment.Job instance at 0x7f0aa505f0f0>,18,26,[ 2 13],19,-1,45,-1,19
1,<environment.Job instance at 0x7f0aa505fa50>,19,25,[11  1],20,-1,45,-1,20
1,<environment.Job instance at 0x7f0aa505faa0>,20,25,[11  4],21,-1,46,-1,21
1,<environment.Job instance at 0x7f0aa505f230>,21,27,[ 1 11],22,-1,49,-1,22
1,<environment.Job instance at 0x7f0aa505f730>,22,26,[ 2 14],23,-1,49,-1,23
1,<environment.Job instance at 0x7f0aa505f460>,23,21,[11  5],24,-1,45,-1,24
1,<environment.Job instance at 0x7f0aa505fe60>,24,22,[14  1],25,-1,47,-1,25
1,<environment.Job instance at 0x7f0aa505f7d0>,25,15,[11  1],26,-1,41,-1,26
1,<environment.Job instance at 0x7f0aa505f280>,26,25,[ 5 11],27,-1,52,-1,27
1,<environment.Job instance at 0x7f0aa505f5f0>,27,21,[ 5 14],28,-1,49,-1,28
1,<environment.Job instance at 0x7f0aa5b86820>,29,21,[14  5],30,-1,51,-1,30
1,<environment.Job instance at 0x7f0aaea3ee60>,30,13,[11  2],31,-1,44,-1,31
1,<environment.Job instance at 0x7f0aa505f640>,31,22,[ 3 14],32,-1,54,-1,32
1,<environment.Job instance at 0x7f0aaea3e960>,32,27,[ 5 11],33,-1,60,-1,33
1,<environment.Job instance at 0x7f0aaea3ef00>,33,21,[ 2 11],34,-1,55,-1,34
1,<environment.Job instance at 0x7f0aaea3ec30>,34,27,[ 5 11],35,-1,62,-1,35
1,<environment.Job instance at 0x7f0aaea3ebe0>,35,23,[14  5],36,-1,59,-1,36
1,<environment.Job instance at 0x7f0aaea3e050>,37,20,[11  1],38,-1,58,-1,38
1,<environment.Job instance at 0x7f0aaea3e690>,38,22,[12  5],39,-1,61,-1,39
1,<environment.Job instance at 0x7f0aaea3e4b0>,39,27,[14  4],40,-1,67,-1,40
1,<environment.Job instance at 0x7f0aaea3ecd0>,40,22,[ 2 12],41,-1,63,-1,41
1,<environment.Job instance at 0x7f0aaea3e190>,41,15,[11  5],42,-1,57,-1,42
1,<environment.Job instance at 0x7f0aaea3e780>,45,26,[12  4],46,-1,77,-1,51
1,<environment.Job instance at 0x7f0aaea3e730>,46,27,[ 5 13],47,-1,78,-1,51
1,<environment.Job instance at 0x7f0aaea3ea00>,47,20,[ 3 11],48,-1,71,-1,51
1,<environment.Job instance at 0x7f0aaea3eb40>,48,19,[ 3 14],49,-1,70,-1,51
1,<environment.Job instance at 0x7f0aaea3e7d0>,49,18,[ 4 14],50,-1,69,-1,51
1,<environment.Job instance at 0x7f0aa4c59050>,50,23,[12  2],51,-1,74,-1,51
1,<environment.Job instance at 0x7f0aa4c59d70>,53,26,[6 4],54,-1,97,-1,71
1,<environment.Job instance at 0x7f0aa4c590a0>,54,28,[14  4],55,-1,99,-1,71
1,<environment.Job instance at 0x7f0aa4c59d20>,55,12,[14  5],56,-1,83,-1,71
1,<environment.Job instance at 0x7f0aa4c59be0>,56,19,[ 5 11],57,-1,90,-1,71
1,<environment.Job instance at 0x7f0aa4c59640>,58,25,[12  5],59,-1,102,-1,77
1,<environment.Job instance at 0x7f0aa4c592d0>,59,23,[ 5 13],60,-1,100,-1,77
1,<environment.Job instance at 0x7f0aa4c59910>,60,27,[ 5 12],61,-1,104,-1,77
1,<environment.Job instance at 0x7f0aa4c591e0>,62,20,[13  1],63,-1,114,-1,94
1,<environment.Job instance at 0x7f0aa4c59190>,63,12,[ 1 11],64,-1,106,-1,94
1,<environment.Job instance at 0x7f0aa4c59500>,64,23,[12  1],65,-1,117,-1,94
1,<environment.Job instance at 0x7f0aa4c59dc0>,65,26,[13  4],66,-1,120,-1,94
1,<environment.Job instance at 0x7f0aa4c596e0>,66,26,[14  4],67,-1,120,-1,94
1,<environment.Job instance at 0x7f0aa4c599b0>,67,15,[ 5 13],68,-1,109,-1,94
1,<environment.Job instance at 0x7f0aa4c59370>,68,24,[13  2],69,-1,118,-1,94
1,<environment.Job instance at 0x7f0aa4c59aa0>,69,22,[12  4],70,-1,116,-1,94
1,<environment.Job instance at 0x7f0aa4c597d0>,70,21,[ 1 13],71,-1,115,-1,94
1,<environment.Job instance at 0x7f0aa62b0aa0>,71,25,[14  2],72,-1,119,-1,94
1,<environment.Job instance at 0x7f0aa4c59550>,72,21,[12  2],73,-1,115,-1,94
1,<environment.Job instance at 0x7f0aa62b0c30>,73,26,[ 3 11],74,-1,120,-1,94
1,<environment.Job instance at 0x7f0aa62b0a00>,74,21,[ 3 11],75,-1,115,-1,94
1,<environment.Job instance at 0x7f0aa62b0870>,75,13,[ 3 14],76,-1,107,-1,94
1,<environment.Job instance at 0x7f0aa62b0500>,76,27,[ 3 12],77,-1,121,-1,94
1,<environment.Job instance at 0x7f0aa62b0780>,77,14,[ 5 11],78,-1,108,-1,94
1,<environment.Job instance at 0x7f0aa62b0690>,78,26,[12  1],79,-1,120,-1,94
1,<environment.Job instance at 0x7f0aa62b07d0>,79,28,[10  1],80,-1,122,-1,94
1,<environment.Job instance at 0x7f0aa62b0e60>,80,18,[13  5],81,-1,112,-1,94
1,<environment.Job instance at 0x7f0aa62b0730>,81,28,[4 7],82,-1,122,-1,94
1,<environment.Job instance at 0x7f0aa62b0eb0>,82,27,[ 1 14],83,-1,121,-1,94
1,<environment.Job instance at 0x7f0aa62b03c0>,83,25,[11  3],84,-1,119,-1,94
1,<environment.Job instance at 0x7f0aa62b0b90>,84,17,[13  3],85,-1,111,-1,94
1,<environment.Job instance at 0x7f0aa62b01e0>,85,23,[13  1],86,-1,117,-1,94
1,<environment.Job instance at 0x7f0aa62b02d0>,86,25,[ 1 11],87,-1,119,-1,94
1,<environment.Job instance at 0x7f0aa62b0460>,87,25,[7 4],88,-1,119,-1,94
1,<environment.Job instance at 0x7f0aa62b0fa0>,88,25,[ 5 14],89,-1,119,-1,94
1,<environment.Job instance at 0x7f0aa62b00a0>,89,18,[12  1],90,-1,112,-1,94
1,<environment.Job instance at 0x7f0aa5fa3c80>,90,26,[13  5],91,-1,120,-1,94
1,<environment.Job instance at 0x7f0aa5fa3410>,91,21,[14  4],92,-1,115,-1,94
1,<environment.Job instance at 0x7f0aa5fa3d20>,92,26,[13  4],93,-1,120,-1,94
1,<environment.Job instance at 0x7f0aa5fa3dc0>,93,24,[ 4 13],94,-1,118,-1,94
1,<environment.Job instance at 0x7f0aa5fa3d70>,94,27,[ 2 11],95,-1,122,-1,95
1,<environment.Job instance at 0x7f0aa5fa3a50>,95,21,[ 1 13],96,-1,117,-1,96
1,<environment.Job instance at 0x7f0aa5fa3690>,96,26,[14  5],97,-1,123,-1,97
1,<environment.Job instance at 0x7f0aa4fda140>,97,12,[ 3 11],98,-1,110,-1,98
1,<environment.Job instance at 0x7f0aa4fda820>,98,26,[ 3 12],99,-1,125,-1,99
1,<environment.Job instance at 0x7f0aa4fdafa0>,99,28,[11  1],100,-1,128,-1,100
1,<environment.Job instance at 0x7f0aa509b690>,100,26,[11  3],101,-1,127,-1,101
1,<environment.Job instance at 0x7f0aa509bdc0>,101,21,[ 2 11],102,-1,123,-1,102
1,<environment.Job instance at 0x7f0aa509b2d0>,105,15,[ 5 13],106,-1,136,-1,121
1,<environment.Job instance at 0x7f0aa509b230>,106,20,[ 3 11],107,-1,141,-1,121
1,<environment.Job instance at 0x7f0aa509b820>,110,26,[11  5],111,-1,185,-1,159
1,<environment.Job instance at 0x7f0aa509b780>,112,19,[ 1 12],113,-1,178,-1,159
1,<environment.Job instance at 0x7f0aa509be10>,113,23,[ 4 11],114,-1,182,-1,159
1,<environment.Job instance at 0x7f0aa509beb0>,114,26,[ 3 11],115,-1,185,-1,159
1,<environment.Job instance at 0x7f0aa509bd70>,115,22,[13  5],116,-1,181,-1,159
1,<environment.Job instance at 0x7f0aa509bc30>,116,22,[ 4 12],117,-1,181,-1,159
1,<environment.Job instance at 0x7f0aa509b280>,117,14,[ 3 12],118,-1,173,-1,159
1,<environment.Job instance at 0x7f0aa509ba00>,118,22,[12  1],119,-1,181,-1,159
1,<environment.Job instance at 0x7f0aa4e5c280>,119,26,[12  1],120,-1,185,-1,159
1,<environment.Job instance at 0x7f0aa4e5c140>,120,14,[ 4 14],121,-1,173,-1,159
1,<environment.Job instance at 0x7f0aa57c97d0>,121,25,[13  5],122,-1,184,-1,159
1,<environment.Job instance at 0x7f0aa4e5c0a0>,122,23,[ 3 11],123,-1,182,-1,159
1,<environment.Job instance at 0x7f0aa4b7b960>,2,25,[ 1 13],3,-1,28,-1,3
1,<environment.Job instance at 0x7f0aa58fb550>,5,22,[ 3 13],6,-1,28,-1,6
1,<environment.Job instance at 0x7f0aa58fb7d0>,6,28,[ 4 13],7,-1,35,-1,7
1,<environment.Job instance at 0x7f0aa58fb870>,7,28,[13  4],8,-1,36,-1,8
1,<environment.Job instance at 0x7f0aa58fb6e0>,8,28,[ 3 10],9,-1,37,-1,9
1,<environment.Job instance at 0x7f0aa58fb9b0>,9,28,[5 5],10,-1,38,-1,10
1,<environment.Job instance at 0x7f0aa58fbb90>,10,21,[12  5],11,-1,32,-1,11
1,<environment.Job instance at 0x7f0aa58fbfa0>,11,21,[5 5],12,-1,42,-1,21
1,<environment.Job instance at 0x7f0aa58fb910>,14,21,[11  1],15,-1,42,-1,21
1,<environment.Job instance at 0x7f0aa58fb0f0>,15,20,[ 1 13],16,-1,41,-1,21
1,<environment.Job instance at 0x7f0aa58fb690>,16,21,[ 5 12],17,-1,42,-1,21
1,<environment.Job instance at 0x7f0aa58fb410>,17,23,[13  4],18,-1,44,-1,21
1,<environment.Job instance at 0x7f0aa58fbd20>,18,16,[ 5 11],19,-1,37,-1,21
1,<environment.Job instance at 0x7f0aa58fb280>,20,21,[11  5],21,-1,43,-1,22
1,<environment.Job instance at 0x7f0aa6410e60>,21,27,[13  2],22,-1,49,-1,22
1,<environment.Job instance at 0x7f0aa6410eb0>,22,14,[3 5],23,-1,37,-1,23
1,<environment.Job instance at 0x7f0aa6410b90>,23,24,[10  2],24,-1,48,-1,24
1,<environment.Job instance at 0x7f0aa6410d70>,24,23,[ 5 12],25,-1,48,-1,25
1,<environment.Job instance at 0x7f0aa6410dc0>,25,20,[ 3 11],26,-1,46,-1,26
1,<environment.Job instance at 0x7f0aa6410cd0>,26,21,[ 1 14],27,-1,48,-1,27
1,<environment.Job instance at 0x7f0aa6410f00>,27,16,[ 2 12],28,-1,44,-1,28
1,<environment.Job instance at 0x7f0aa5907870>,28,20,[ 3 12],29,-1,49,-1,29
1,<environment.Job instance at 0x7f0aa59070f0>,29,18,[ 4 11],30,-1,48,-1,30
1,<environment.Job instance at 0x7f0aa59077d0>,30,21,[ 5 12],31,-1,52,-1,31
1,<environment.Job instance at 0x7f0aa5907690>,31,13,[ 5 11],32,-1,45,-1,32
1,<environment.Job instance at 0x7f0aa5907c30>,32,15,[11  2],33,-1,48,-1,33
1,<environment.Job instance at 0x7f0aa5907aa0>,33,25,[11  2],34,-1,59,-1,34
1,<environment.Job instance at 0x7f0aa5907320>,34,23,[ 2 13],35,-1,58,-1,35
1,<environment.Job instance at 0x7f0aa59071e0>,35,20,[11  4],36,-1,56,-1,36
1,<environment.Job instance at 0x7f0aa4b54690>,36,23,[ 5 14],37,-1,60,-1,37
1,<environment.Job instance at 0x7f0aa4b548c0>,37,28,[14  3],38,-1,66,-1,38
1,<environment.Job instance at 0x7f0aa4b54be0>,38,18,[14  3],39,-1,57,-1,39
1,<environment.Job instance at 0x7f0aa4b54a50>,39,22,[13  2],40,-1,62,-1,40
1,<environment.Job instance at 0x7f0aa4b54820>,40,22,[ 5 10],41,-1,63,-1,41
1,<environment.Job instance at 0x7f0aa4b54460>,41,28,[ 3 13],42,-1,70,-1,42
1,<environment.Job instance at 0x7f0aa4b543c0>,42,26,[13  2],43,-1,69,-1,43
1,<environment.Job instance at 0x7f0aa4b54230>,43,14,[13  1],44,-1,58,-1,44
1,<environment.Job instance at 0x7f0aa4b54e60>,44,22,[ 3 12],45,-1,67,-1,45
1,<environment.Job instance at 0x7f0aa4b540f0>,45,21,[ 4 11],46,-1,67,-1,46
1,<environment.Job instance at 0x7f0aa4b54140>,46,16,[ 1 12],47,-1,63,-1,47
1,<environment.Job instance at 0x7f0aa4b545f0>,47,17,[ 2 11],48,-1,65,-1,48
1,<environment.Job instance at 0x7f0aa4b54640>,48,23,[ 4 12],49,-1,72,-1,49
1,<environment.Job instance at 0x7f0aa610ef00>,49,20,[ 1 14],50,-1,70,-1,50
1,<environment.Job instance at 0x7f0aa63ab690>,50,21,[11  2],51,-1,72,-1,51
1,<environment.Job instance at 0x7f0aa63ab140>,51,27,[11  3],52,-1,79,-1,52
1,<environment.Job instance at 0x7f0aa6127730>,52,28,[12  4],53,-1,81,-1,53
1,<environment.Job instance at 0x7f0aa61270f0>,53,25,[ 1 11],54,-1,79,-1,54
1,<environment.Job instance at 0x7f0aa61ee5f0>,54,27,[11  3],55,-1,82,-1,55
1,<environment.Job instance at 0x7f0aa61ee370>,56,26,[ 1 12],57,-1,83,-1,57
1,<environment.Job instance at 0x7f0aa61eef00>,57,12,[ 5 14],58,-1,70,-1,58
1,<environment.Job instance at 0x7f0aa61eedc0>,58,20,[ 4 13],59,-1,79,-1,59
1,<environment.Job instance at 0x7f0aa61eee60>,59,23,[3 5],60,-1,83,-1,60
1,<environment.Job instance at 0x7f0aa622af00>,60,28,[14  5],61,-1,89,-1,61
1,<environment.Job instance at 0x7f0aa622aeb0>,61,21,[11  4],62,-1,83,-1,62
1,<environment.Job instance at 0x7f0aa622af50>,62,28,[12  4],63,-1,91,-1,63
1,<environment.Job instance at 0x7f0aa622a8c0>,63,16,[13  5],64,-1,80,-1,64
1,<environment.Job instance at 0x7f0aa622a640>,64,24,[13  2],65,-1,89,-1,65
1,<environment.Job instance at 0x7f0aa622a550>,65,16,[14  5],66,-1,82,-1,66
1,<environment.Job instance at 0x7f0aa622ac80>,66,23,[ 1 13],67,-1,90,-1,67
1,<environment.Job instance at 0x7f0aa622a870>,67,12,[ 1 12],68,-1,80,-1,68
1,<environment.Job instance at 0x7f0aa622adc0>,68,22,[ 2 14],69,-1,91,-1,69
1,<environment.Job instance at 0x7f0aa58e70f0>,69,26,[12  5],70,-1,96,-1,70
1,<environment.Job instance at 0x7f0aa58e70a0>,70,13,[14  2],71,-1,84,-1,71
1,<environment.Job instance at 0x7f0aa627d0a0>,3,23,[ 4 14],4,-1,27,-1,4
1,<environment.Job instance at 0x7f0aa627d730>,4,28,[3 7],5,-1,33,-1,5
1,<environment.Job instance at 0x7f0aa627df00>,5,24,[13  5],6,-1,30,-1,6
1,<environment.Job instance at 0x7f0aa627d230>,6,28,[14  3],7,-1,35,-1,7
1,<environment.Job instance at 0x7f0aa52cc5f0>,7,19,[ 4 14],8,-1,27,-1,8
1,<environment.Job instance at 0x7f0aa52cc690>,8,24,[12  2],9,-1,33,-1,9
1,<environment.Job instance at 0x7f0aa52cc0a0>,10,20,[13  3],11,-1,31,-1,11
1,<environment.Job instance at 0x7f0aa4b52d20>,12,23,[4 8],13,-1,38,-1,15
1,<environment.Job instance at 0x7f0aa52ccf00>,15,21,[ 1 13],16,-1,37,-1,16
1,<environment.Job instance at 0x7f0aa52ccb40>,16,28,[ 3 13],17,-1,45,-1,17
1,<environment.Job instance at 0x7f0aa52cca00>,17,23,[12  5],18,-1,41,-1,18
1,<environment.Job instance at 0x7f0aa52cc4b0>,18,23,[12  4],19,-1,42,-1,19
1,<environment.Job instance at 0x7f0aa52cc730>,19,23,[14  2],20,-1,43,-1,20
1,<environment.Job instance at 0x7f0aa52cc5a0>,20,24,[8 3],21,-1,45,-1,21
1,<environment.Job instance at 0x7f0aa52cc7d0>,21,26,[1 7],22,-1,48,-1,22
1,<environment.Job instance at 0x7f0aa52ccb90>,22,14,[ 4 13],23,-1,37,-1,23
1,<environment.Job instance at 0x7f0aa52cc190>,23,24,[1 7],24,-1,50,-1,26
1,<environment.Job instance at 0x7f0aa52cc3c0>,24,23,[ 3 14],25,-1,49,-1,26
1,<environment.Job instance at 0x7f0aa52cc500>,25,18,[13  3],26,-1,44,-1,26
1,<environment.Job instance at 0x7f0aae9f1460>,26,14,[11  3],27,-1,41,-1,27
1,<environment.Job instance at 0x7f0aae9f18c0>,27,20,[12  4],28,-1,48,-1,28
1,<environment.Job instance at 0x7f0aae9f1c80>,28,16,[ 1 13],29,-1,45,-1,29
1,<environment.Job instance at 0x7f0aa595a1e0>,29,26,[ 4 13],30,-1,56,-1,30
1,<environment.Job instance at 0x7f0aa595a3c0>,30,26,[ 4 14],31,-1,57,-1,31
1,<environment.Job instance at 0x7f0aa595a780>,31,21,[12  3],32,-1,53,-1,32
1,<environment.Job instance at 0x7f0aa595acd0>,32,22,[11  4],33,-1,55,-1,33
1,<environment.Job instance at 0x7f0aa595adc0>,33,27,[ 2 10],34,-1,61,-1,34
1,<environment.Job instance at 0x7f0aa595a370>,34,16,[14  1],35,-1,51,-1,35
1,<environment.Job instance at 0x7f0aa595ab90>,35,16,[11  1],36,-1,52,-1,36
1,<environment.Job instance at 0x7f0aa595aaa0>,36,28,[12  1],37,-1,65,-1,37
1,<environment.Job instance at 0x7f0aa4b52690>,1,15,[ 3 12],2,-1,17,-1,2
1,<environment.Job instance at 0x7f0aa4b26a00>,2,19,[12  3],3,-1,22,-1,3
1,<environment.Job instance at 0x7f0aa4fec2d0>,3,21,[11  1],4,-1,25,-1,4
1,<environment.Job instance at 0x7f0aa4c4aa00>,4,24,[13  5],5,-1,29,-1,5
1,<environment.Job instance at 0x7f0aa4c57550>,5,21,[14  5],6,-1,27,-1,6
1,<environment.Job instance at 0x7f0aa5b07e10>,6,28,[5 6],7,-1,35,-1,7
1,<environment.Job instance at 0x7f0aa53360f0>,7,21,[11  3],8,-1,29,-1,8
1,<environment.Job instance at 0x7f0aa5336190>,8,25,[14  1],9,-1,34,-1,9
1,<environment.Job instance at 0x7f0aa5336230>,9,18,[ 5 13],10,-1,28,-1,10
1,<environment.Job instance at 0x7f0aa53362d0>,10,20,[14  3],11,-1,31,-1,11
1,<environment.Job instance at 0x7f0aa5336370>,11,24,[11  5],12,-1,36,-1,12
1,<environment.Job instance at 0x7f0aa5336410>,12,21,[12  1],13,-1,34,-1,13
1,<environment.Job instance at 0x7f0aa53364b0>,13,28,[ 1 14],14,-1,42,-1,14
1,<environment.Job instance at 0x7f0aa5336550>,14,27,[ 3 13],15,-1,42,-1,15
1,<environment.Job instance at 0x7f0aa53365f0>,15,27,[ 3 14],16,-1,43,-1,16
1,<environment.Job instance at 0x7f0aa5336690>,16,25,[14  1],17,-1,42,-1,17
1,<environment.Job instance at 0x7f0aa5336730>,17,18,[13  1],18,-1,36,-1,18
1,<environment.Job instance at 0x7f0aa53367d0>,18,23,[13  2],19,-1,42,-1,19
1,<environment.Job instance at 0x7f0aa5336870>,19,25,[10  2],20,-1,45,-1,20
1,<environment.Job instance at 0x7f0aa53369b0>,21,23,[14  1],22,-1,45,-1,22
1,<environment.Job instance at 0x7f0aa5336b40>,22,24,[12  3],23,-1,47,-1,23
1,<environment.Job instance at 0x7f0aa5336a50>,23,25,[ 4 12],24,-1,49,-1,24
1,<environment.Job instance at 0x7f0aa5336be0>,24,28,[ 5 11],25,-1,53,-1,25
1,<environment.Job instance at 0x7f0aa5336c80>,25,22,[5 9],26,-1,48,-1,26
1,<environment.Job instance at 0x7f0aa595a9b0>,27,21,[ 2 14],28,-1,49,-1,28
1,<environment.Job instance at 0x7f0aa5336d20>,26,19,[11  2],27,-1,47,-1,28
1,<environment.Job instance at 0x7f0aa5336dc0>,28,15,[ 2 11],29,-1,44,-1,29
1,<environment.Job instance at 0x7f0aa5336f00>,29,12,[ 5 13],30,-1,42,-1,30
1,<environment.Job instance at 0x7f0aa5336fa0>,30,27,[12  2],31,-1,58,-1,31
1,<environment.Job instance at 0x7f0aa53090a0>,31,26,[6 2],32,-1,58,-1,32
1,<environment.Job instance at 0x7f0aa5309140>,32,20,[ 2 11],33,-1,53,-1,33
1,<environment.Job instance at 0x7f0aa53091e0>,33,14,[13  3],34,-1,48,-1,34
1,<environment.Job instance at 0x7f0aa53094b0>,36,23,[12  1],37,-1,60,-1,37
1,<environment.Job instance at 0x7f0aa53095a0>,37,24,[ 4 14],38,-1,62,-1,38
1,<environment.Job instance at 0x7f0aa53093c0>,38,17,[ 5 13],39,-1,56,-1,39
1,<environment.Job instance at 0x7f0aa5336e60>,40,16,[11  3],41,-1,57,-1,41
1,<environment.Job instance at 0x7f0aa5309730>,41,27,[11  2],42,-1,69,-1,42
1,<environment.Job instance at 0x7f0aa5309870>,42,23,[ 2 12],43,-1,66,-1,43
1,<environment.Job instance at 0x7f0aa5309910>,43,27,[ 3 14],44,-1,71,-1,44
1,<environment.Job instance at 0x7f0aa53099b0>,44,13,[12  1],45,-1,58,-1,45
1,<environment.Job instance at 0x7f0aa5309640>,39,20,[5 6],40,-1,65,-1,45
1,<environment.Job instance at 0x7f0aa53096e0>,45,28,[13  1],46,-1,74,-1,46
1,<environment.Job instance at 0x7f0aa5309c30>,47,17,[14  2],48,-1,65,-1,48
1,<environment.Job instance at 0x7f0aa5309cd0>,48,16,[ 4 14],49,-1,65,-1,49
1,<environment.Job instance at 0x7f0aa53141e0>,55,19,[ 1 11],56,-1,111,-1,92
1,<environment.Job instance at 0x7f0aa5314280>,56,26,[14  4],57,-1,118,-1,92
1,<environment.Job instance at 0x7f0aa5314320>,57,23,[ 5 12],58,-1,115,-1,92
1,<environment.Job instance at 0x7f0aa53143c0>,58,21,[ 3 13],59,-1,113,-1,92
1,<environment.Job instance at 0x7f0aa5314460>,59,25,[14  1],60,-1,117,-1,92
1,<environment.Job instance at 0x7f0aa5314500>,60,13,[ 2 11],61,-1,105,-1,92
1,<environment.Job instance at 0x7f0aa53145a0>,61,28,[ 1 13],62,-1,120,-1,92
1,<environment.Job instance at 0x7f0aa5314640>,62,22,[ 3 12],63,-1,114,-1,92
1,<environment.Job instance at 0x7f0aa5314780>,64,13,[ 1 11],65,-1,120,-1,107
1,<environment.Job instance at 0x7f0aa5314820>,65,22,[ 3 11],66,-1,129,-1,107
1,<environment.Job instance at 0x7f0aa53148c0>,66,28,[3 9],67,-1,135,-1,107
1,<environment.Job instance at 0x7f0aa5314960>,67,28,[ 1 14],68,-1,135,-1,107
1,<environment.Job instance at 0x7f0aa5314a00>,68,23,[ 5 12],69,-1,130,-1,107
1,<environment.Job instance at 0x7f0aa5314b40>,70,23,[10  1],71,-1,130,-1,107
1,<environment.Job instance at 0x7f0aa5314be0>,71,21,[12  2],72,-1,128,-1,107
1,<environment.Job instance at 0x7f0aa5314c80>,72,26,[6 2],73,-1,133,-1,107
1,<environment.Job instance at 0x7f0aa5314cd0>,73,17,[ 4 12],74,-1,124,-1,107
1,<environment.Job instance at 0x7f0aa5314140>,74,22,[ 5 13],75,-1,129,-1,107
1,<environment.Job instance at 0x7f0aa5314eb0>,75,16,[ 2 14],76,-1,123,-1,107
1,<environment.Job instance at 0x7f0aa5314c30>,76,18,[14  5],77,-1,125,-1,107
1,<environment.Job instance at 0x7f0aa5314e60>,77,26,[12  5],78,-1,133,-1,107
1,<environment.Job instance at 0x7f0aa5314fa0>,78,23,[ 1 12],79,-1,130,-1,107
1,<environment.Job instance at 0x7f0aa5318050>,79,25,[ 1 14],80,-1,132,-1,107
1,<environment.Job instance at 0x7f0aa53180a0>,80,19,[11  5],81,-1,126,-1,107
1,<environment.Job instance at 0x7f0aa53181e0>,81,12,[13  4],82,-1,119,-1,107
1,<environment.Job instance at 0x7f0aa5318410>,83,21,[ 5 11],84,-1,143,-1,122
1,<environment.Job instance at 0x7f0aa53182d0>,84,22,[ 2 14],85,-1,144,-1,122
1,<environment.Job instance at 0x7f0aa5318280>,85,27,[ 4 13],86,-1,149,-1,122
1,<environment.Job instance at 0x7f0aa5318500>,86,23,[ 4 11],87,-1,145,-1,122
1,<environment.Job instance at 0x7f0aa53185a0>,87,23,[ 3 14],88,-1,145,-1,122
1,<environment.Job instance at 0x7f0aa5318640>,88,25,[11  5],89,-1,147,-1,122
1,<environment.Job instance at 0x7f0aa53187d0>,89,21,[14  1],90,-1,143,-1,122
1,<environment.Job instance at 0x7f0aa5318780>,90,27,[ 2 11],91,-1,149,-1,122
1,<environment.Job instance at 0x7f0aa5318730>,91,25,[6 4],92,-1,147,-1,122
1,<environment.Job instance at 0x7f0aa5621050>,92,27,[ 2 13],93,-1,149,-1,122
1,<environment.Job instance at 0x7f0aa5bab370>,93,23,[14  4],94,-1,145,-1,122
1,<environment.Job instance at 0x7f0aa5bab230>,94,14,[12  4],95,-1,136,-1,122
1,<environment.Job instance at 0x7f905dbaa320>,1,22,[11  3],2,-1,24,-1,2
1,<environment.Job instance at 0x7f9054432410>,2,22,[ 4 14],3,-1,25,-1,3
1,<environment.Job instance at 0x7f90544324b0>,3,25,[ 5 14],4,-1,29,-1,4
1,<environment.Job instance at 0x7f9054432550>,4,21,[ 1 12],5,-1,26,-1,5
1,<environment.Job instance at 0x7f9054432820>,7,25,[6 2],8,-1,33,-1,8
1,<environment.Job instance at 0x7f905dbaa1e0>,9,19,[13  1],10,-1,29,-1,10
1,<environment.Job instance at 0x7f90544329b0>,10,23,[ 4 14],11,-1,34,-1,11
1,<environment.Job instance at 0x7f9054432910>,8,22,[14  3],9,-1,33,-1,11
1,<environment.Job instance at 0x7f9054432730>,11,25,[ 4 12],12,-1,37,-1,12
1,<environment.Job instance at 0x7f9054432af0>,12,19,[ 5 13],13,-1,32,-1,13
1,<environment.Job instance at 0x7f9054432b90>,13,22,[ 2 11],14,-1,36,-1,14
1,<environment.Job instance at 0x7f9054432c30>,14,25,[13  4],15,-1,40,-1,15
1,<environment.Job instance at 0x7f9054432cd0>,15,25,[13  3],16,-1,41,-1,16
1,<environment.Job instance at 0x7f9054432d70>,16,26,[14  4],17,-1,43,-1,17
1,<environment.Job instance at 0x7f9054432e10>,17,14,[ 2 14],18,-1,32,-1,18
1,<environment.Job instance at 0x7f9054432eb0>,18,14,[ 2 13],19,-1,33,-1,19
1,<environment.Job instance at 0x7f9054432a50>,20,21,[12  2],21,-1,42,-1,21
1,<environment.Job instance at 0x7f9054432f50>,19,17,[13  5],20,-1,38,-1,21
1,<environment.Job instance at 0x7f9054436050>,21,28,[11  1],22,-1,50,-1,22
1,<environment.Job instance at 0x7f9054436190>,22,26,[ 1 14],23,-1,49,-1,23
1,<environment.Job instance at 0x7f90544362d0>,24,13,[ 3 14],25,-1,38,-1,25
1,<environment.Job instance at 0x7f9054436410>,25,23,[ 3 13],26,-1,49,-1,26
1,<environment.Job instance at 0x7f90544360f0>,26,26,[1 8],27,-1,53,-1,27
1,<environment.Job instance at 0x7f9054436500>,27,25,[5 7],28,-1,53,-1,28
1,<environment.Job instance at 0x7f90544365a0>,28,25,[ 4 11],29,-1,54,-1,29
1,<environment.Job instance at 0x7f9054436640>,29,22,[ 5 13],30,-1,52,-1,30
1,<environment.Job instance at 0x7f90544366e0>,30,27,[4 8],31,-1,58,-1,31
1,<environment.Job instance at 0x7f9054436780>,31,20,[11  5],32,-1,52,-1,32
1,<environment.Job instance at 0x7f9054436820>,32,27,[11  3],33,-1,60,-1,33
1,<environment.Job instance at 0x7f90544368c0>,33,16,[ 2 14],34,-1,50,-1,34
1,<environment.Job instance at 0x7f9054436960>,34,24,[ 1 14],35,-1,59,-1,35
1,<environment.Job instance at 0x7f9054436a00>,35,22,[11  5],36,-1,58,-1,36
1,<environment.Job instance at 0x7f9054436aa0>,36,20,[ 3 14],37,-1,57,-1,37
1,<environment.Job instance at 0x7f9054436b40>,37,28,[ 2 12],38,-1,66,-1,38
1,<environment.Job instance at 0x7f9054436be0>,38,20,[ 1 12],39,-1,59,-1,39
1,<environment.Job instance at 0x7f9054436c80>,39,24,[5 6],40,-1,64,-1,40
1,<environment.Job instance at 0x7f9054436d20>,40,26,[ 1 12],41,-1,67,-1,41
1,<environment.Job instance at 0x7f9054436dc0>,41,18,[ 5 14],42,-1,60,-1,42
1,<environment.Job instance at 0x7f9054436e60>,42,20,[ 2 11],43,-1,63,-1,43
1,<environment.Job instance at 0x7f9054436f00>,43,16,[13  5],44,-1,60,-1,44
1,<environment.Job instance at 0x7f9054436fa0>,44,16,[14  3],45,-1,61,-1,45
1,<environment.Job instance at 0x7f90544380a0>,45,27,[12  2],46,-1,73,-1,46
1,<environment.Job instance at 0x7f9054438140>,46,28,[ 4 11],47,-1,75,-1,47
1,<environment.Job instance at 0x7f90544381e0>,47,17,[12  2],48,-1,65,-1,48
1,<environment.Job instance at 0x7f9054438320>,49,27,[ 1 11],50,-1,77,-1,50
1,<environment.Job instance at 0x7f9054438410>,51,25,[12  2],52,-1,77,-1,52
1,<environment.Job instance at 0x7f90544363c0>,53,27,[14  5],54,-1,81,-1,54
1,<environment.Job instance at 0x7f90544385a0>,54,24,[5 7],55,-1,79,-1,55
1,<environment.Job instance at 0x7f90544387d0>,55,20,[13  1],56,-1,76,-1,56
1,<environment.Job instance at 0x7f9054438870>,56,20,[ 3 13],57,-1,77,-1,57
1,<environment.Job instance at 0x7f90544388c0>,58,27,[ 2 14],59,-1,86,-1,59
1,<environment.Job instance at 0x7f9054438b90>,62,21,[ 5 13],63,-1,86,-1,65
1,<environment.Job instance at 0x7f9054438c30>,63,28,[ 3 14],64,-1,93,-1,65
1,<environment.Job instance at 0x7f9054438d20>,64,28,[ 1 14],65,-1,93,-1,65
1,<environment.Job instance at 0x7f9054438f00>,66,21,[13  3],67,-1,98,-1,77
1,<environment.Job instance at 0x7f9054438fa0>,67,27,[ 1 10],68,-1,104,-1,77
1,<environment.Job instance at 0x7f9054438e60>,68,20,[ 3 12],69,-1,97,-1,77
1,<environment.Job instance at 0x7f905443b050>,69,20,[ 3 12],70,-1,97,-1,77
1,<environment.Job instance at 0x7f905443b0f0>,70,21,[12  2],71,-1,98,-1,77
1,<environment.Job instance at 0x7f905443b230>,71,28,[5 1],72,-1,105,-1,77
1,<environment.Job instance at 0x7f905443b2d0>,72,24,[9 2],73,-1,101,-1,77
1,<environment.Job instance at 0x7f905443b370>,73,25,[3 8],74,-1,102,-1,77
1,<environment.Job instance at 0x7f905443b410>,74,27,[1 6],75,-1,104,-1,77
1,<environment.Job instance at 0x7f905443b4b0>,75,14,[ 4 11],76,-1,91,-1,77
1,<environment.Job instance at 0x7f905443b550>,76,19,[ 4 14],77,-1,96,-1,77
1,<environment.Job instance at 0x7f905443b6e0>,77,13,[14  5],78,-1,91,-1,78
1,<environment.Job instance at 0x7f905443b820>,78,27,[10  2],79,-1,106,-1,79
1,<environment.Job instance at 0x7f905443b640>,79,28,[9 4],80,-1,108,-1,80
1,<environment.Job instance at 0x7f905443b960>,81,15,[ 5 11],82,-1,97,-1,82
1,<environment.Job instance at 0x7f905443baa0>,82,26,[5 4],83,-1,109,-1,83
1,<environment.Job instance at 0x7f905443b910>,83,12,[12  3],84,-1,96,-1,84
1,<environment.Job instance at 0x7f905443bcd0>,87,28,[ 3 10],88,-1,155,-1,127
1,<environment.Job instance at 0x7f905443bd70>,88,21,[ 1 11],89,-1,148,-1,127
1,<environment.Job instance at 0x7f905443be10>,89,23,[13  1],90,-1,150,-1,127
1,<environment.Job instance at 0x7f905443beb0>,90,22,[4 9],91,-1,167,-1,145
1,<environment.Job instance at 0x7f905443bf50>,91,20,[14  2],92,-1,165,-1,145
1,<environment.Job instance at 0x7f9053b80e10>,1,20,[ 5 13],2,-1,22,-1,2
1,<environment.Job instance at 0x7f9053f838c0>,3,28,[ 1 13],4,-1,32,-1,4
1,<environment.Job instance at 0x7f9053ed2640>,4,26,[12  2],5,-1,31,-1,5
1,<environment.Job instance at 0x7f9054a77960>,6,21,[ 5 14],7,-1,28,-1,7
1,<environment.Job instance at 0x7f9054ae7d70>,7,19,[ 5 12],8,-1,27,-1,8
1,<environment.Job instance at 0x7f9054ae75a0>,8,28,[3 8],9,-1,37,-1,9
1,<environment.Job instance at 0x7f9054a778c0>,5,21,[ 3 11],6,-1,30,-1,9
1,<environment.Job instance at 0x7f9054ae7190>,11,26,[ 5 13],12,-1,38,-1,12
1,<environment.Job instance at 0x7f9054ae7910>,12,20,[14  2],13,-1,33,-1,13
1,<environment.Job instance at 0x7f9054ae7500>,13,25,[5 7],14,-1,39,-1,14
1,<environment.Job instance at 0x7f9054ae7b40>,14,21,[ 4 12],15,-1,36,-1,15
1,<environment.Job instance at 0x7f9054ae70a0>,15,20,[11  2],16,-1,36,-1,16
1,<environment.Job instance at 0x7f9054ae7460>,16,27,[ 5 14],17,-1,44,-1,17
1,<environment.Job instance at 0x7f9054ae7f50>,17,28,[12  2],18,-1,46,-1,18
1,<environment.Job instance at 0x7f9054ae7af0>,18,28,[ 1 12],19,-1,47,-1,19
1,<environment.Job instance at 0x7f9054ae7140>,19,25,[12  1],20,-1,45,-1,20
1,<environment.Job instance at 0x7f9054ae79b0>,20,24,[7 2],21,-1,45,-1,21
1,<environment.Job instance at 0x7f9054ae7e60>,21,28,[ 1 14],22,-1,50,-1,22
1,<environment.Job instance at 0x7f9053d18730>,22,26,[13  4],23,-1,49,-1,23
1,<environment.Job instance at 0x7f9053ef7e60>,23,13,[ 2 14],24,-1,37,-1,24
1,<environment.Job instance at 0x7f9053edeb90>,25,21,[12  2],26,-1,47,-1,26
1,<environment.Job instance at 0x7f9053e46dc0>,26,21,[ 5 11],27,-1,48,-1,27
1,<environment.Job instance at 0x7f9053ecf140>,27,26,[ 5 10],28,-1,54,-1,28
1,<environment.Job instance at 0x7f9053e9b280>,28,27,[12  4],29,-1,56,-1,29
1,<environment.Job instance at 0x7f9053e9b3c0>,29,27,[14  3],30,-1,57,-1,30
1,<environment.Job instance at 0x7f9053af5550>,30,27,[14  5],31,-1,58,-1,31
1,<environment.Job instance at 0x7f9053b836e0>,31,26,[13  1],32,-1,58,-1,32
1,<environment.Job instance at 0x7f9053f2b370>,32,25,[12  2],33,-1,58,-1,33
1,<environment.Job instance at 0x7f9053f2b1e0>,33,21,[13  5],34,-1,55,-1,34
1,<environment.Job instance at 0x7f9053f2b230>,34,25,[11  2],35,-1,60,-1,35
1,<environment.Job instance at 0x7f9053b7f1e0>,35,24,[11  4],36,-1,60,-1,36
1,<environment.Job instance at 0x7f9053b77320>,36,16,[ 4 14],37,-1,53,-1,37
1,<environment.Job instance at 0x7f9053f0cb90>,37,28,[8 4],38,-1,66,-1,38
1,<environment.Job instance at 0x7f9053f460f0>,38,20,[12  1],39,-1,59,-1,39
1,<environment.Job instance at 0x7f9053f46a50>,39,28,[ 4 12],40,-1,68,-1,40
1,<environment.Job instance at 0x7f9053b1b4b0>,40,18,[12  2],41,-1,59,-1,41
1,<environment.Job instance at 0x7f9053f420f0>,41,15,[12  3],42,-1,57,-1,42
1,<environment.Job instance at 0x7f9053f42d20>,42,25,[13  2],43,-1,68,-1,43
1,<environment.Job instance at 0x7f9053f42e10>,43,26,[ 5 11],44,-1,70,-1,44
1,<environment.Job instance at 0x7f9053f42820>,44,20,[11  4],45,-1,65,-1,45
1,<environment.Job instance at 0x7f9053ee9050>,46,26,[ 4 12],47,-1,73,-1,47
1,<environment.Job instance at 0x7f9053ee9550>,47,19,[12  5],48,-1,67,-1,48
1,<environment.Job instance at 0x7f9053ee9fa0>,49,20,[ 1 13],50,-1,70,-1,50
1,<environment.Job instance at 0x7f9053ee94b0>,50,19,[13  2],51,-1,70,-1,51
1,<environment.Job instance at 0x7f9053ee9cd0>,51,28,[11  2],52,-1,80,-1,52
1,<environment.Job instance at 0x7f9053ee9230>,52,28,[13  5],53,-1,81,-1,53
1,<environment.Job instance at 0x7f9053eeed20>,53,20,[ 5 11],54,-1,74,-1,54
1,<environment.Job instance at 0x7f9053f047d0>,54,15,[12  1],55,-1,70,-1,55
1,<environment.Job instance at 0x7f9053f04820>,55,21,[ 1 12],56,-1,77,-1,56
1,<environment.Job instance at 0x7f9053ed9b40>,56,19,[14  5],57,-1,76,-1,57
1,<environment.Job instance at 0x7f9053ed9280>,57,25,[ 3 12],58,-1,83,-1,58
1,<environment.Job instance at 0x7f9053ed9190>,58,28,[12  5],59,-1,87,-1,59
1,<environment.Job instance at 0x7f9053ed90f0>,59,13,[12  3],60,-1,73,-1,60
1,<environment.Job instance at 0x7f9053ed9230>,60,20,[13  4],61,-1,81,-1,61
1,<environment.Job instance at 0x7f9053ed9a50>,61,27,[14  3],62,-1,89,-1,62
1,<environment.Job instance at 0x7f9053f28aa0>,63,26,[ 4 12],64,-1,90,-1,64
1,<environment.Job instance at 0x7f9053f28b40>,64,26,[8 3],65,-1,91,-1,65
1,<environment.Job instance at 0x7f9053f28b90>,65,23,[12  1],66,-1,89,-1,66
1,<environment.Job instance at 0x7f9053f28fa0>,66,19,[ 2 13],67,-1,86,-1,67
1,<environment.Job instance at 0x7f9053f287d0>,67,22,[11  1],68,-1,90,-1,68
1,<environment.Job instance at 0x7f9053f01230>,68,22,[ 1 13],69,-1,91,-1,69
1,<environment.Job instance at 0x7f9053f01730>,69,24,[ 2 14],70,-1,94,-1,70
1,<environment.Job instance at 0x7f9053f017d0>,70,23,[ 2 14],71,-1,94,-1,71
1,<environment.Job instance at 0x7f9053f01550>,71,23,[13  3],72,-1,95,-1,72
1,<environment.Job instance at 0x7f9053f30f50>,72,25,[10  5],73,-1,98,-1,73
1,<environment.Job instance at 0x7f9053e917d0>,73,20,[13  5],74,-1,94,-1,74
1,<environment.Job instance at 0x7f9053e91280>,74,24,[14  3],75,-1,99,-1,75
1,<environment.Job instance at 0x7f9053f270a0>,75,23,[13  5],76,-1,99,-1,76
1,<environment.Job instance at 0x7f9053f27c30>,76,21,[12  3],77,-1,98,-1,77
1,<environment.Job instance at 0x7f9053f27410>,77,19,[13  4],78,-1,97,-1,78
1,<environment.Job instance at 0x7f9053f27e60>,78,28,[ 4 11],79,-1,107,-1,79
1,<environment.Job instance at 0x7f9053f27730>,79,25,[ 4 12],80,-1,105,-1,80
1,<environment.Job instance at 0x7f9053f27aa0>,80,22,[14  1],81,-1,103,-1,81
1,<environment.Job instance at 0x7f9053edd5f0>,81,25,[7 3],82,-1,107,-1,82
1,<environment.Job instance at 0x7f9053edd320>,82,27,[ 4 13],83,-1,110,-1,83
1,<environment.Job instance at 0x7f9053edda00>,83,26,[14  4],84,-1,110,-1,84
1,<environment.Job instance at 0x7f9053f38910>,84,26,[9 1],85,-1,111,-1,85
1,<environment.Job instance at 0x7f9053f38eb0>,85,14,[11  5],86,-1,100,-1,86
1,<environment.Job instance at 0x7f9053f38460>,86,16,[14  1],87,-1,103,-1,87
1,<environment.Job instance at 0x7f9053f38aa0>,87,27,[ 1 14],88,-1,115,-1,88
1,<environment.Job instance at 0x7f9053e95e60>,89,19,[13  1],90,-1,109,-1,90
1,<environment.Job instance at 0x7f9053e95280>,90,15,[12  2],91,-1,106,-1,91
1,<environment.Job instance at 0x7f9053e95af0>,91,20,[11  2],92,-1,112,-1,92
1,<environment.Job instance at 0x7f9053e95820>,92,25,[ 2 13],93,-1,118,-1,93
1,<environment.Job instance at 0x7f9053e950f0>,93,21,[ 2 13],94,-1,115,-1,94
1,<environment.Job instance at 0x7f9054a774b0>,9,22,[14  5],10,-1,116,-1,94
1,<environment.Job instance at 0x7f9053e95cd0>,95,24,[ 3 13],96,-1,120,-1,96
1,<environment.Job instance at 0x7f9053ee3f00>,96,15,[ 2 13],97,-1,112,-1,97
1,<environment.Job instance at 0x7f9053e959b0>,97,28,[ 5 14],98,-1,126,-1,98
1,<environment.Job instance at 0x7f9054016eb0>,98,20,[11  2],99,-1,119,-1,99
1,<environment.Job instance at 0x7f9053e95140>,100,21,[ 4 14],101,-1,122,-1,101
1,<environment.Job instance at 0x7f9053f0feb0>,101,23,[2 6],102,-1,126,-1,103
1,<environment.Job instance at 0x7f90540ade10>,103,19,[ 5 14],104,-1,123,-1,104
1,<environment.Job instance at 0x7f9054029eb0>,104,23,[13  1],105,-1,128,-1,105
1,<environment.Job instance at 0x7f905dabb460>,105,20,[14  5],106,-1,126,-1,106
1,<environment.Job instance at 0x7f905dabbaa0>,106,26,[ 1 11],107,-1,133,-1,107
1,<environment.Job instance at 0x7f90547e0230>,107,14,[ 3 13],108,-1,122,-1,108
1,<environment.Job instance at 0x7f905401a1e0>,108,13,[ 4 14],109,-1,122,-1,109
1,<environment.Job instance at 0x7f90548ab1e0>,109,13,[ 5 14],110,-1,123,-1,110
1,<environment.Job instance at 0x7f90548ab910>,110,27,[14  3],111,-1,138,-1,111
1,<environment.Job instance at 0x7f90548ab3c0>,111,16,[12  5],112,-1,128,-1,112
1,<environment.Job instance at 0x7f90548ab820>,112,19,[13  5],113,-1,132,-1,113
1,<environment.Job instance at 0x7f9054b67a00>,113,13,[ 5 13],114,-1,127,-1,114
1,<environment.Job instance at 0x7f9054fe4fa0>,114,15,[12  1],115,-1,130,-1,115
1,<environment.Job instance at 0x7f905492a2d0>,115,26,[13  2],116,-1,142,-1,116
1,<environment.Job instance at 0x7f905492aa00>,116,22,[13  5],117,-1,139,-1,117
1,<environment.Job instance at 0x7f905492a050>,117,23,[ 4 11],118,-1,141,-1,118
1,<environment.Job instance at 0x7f90540baf00>,118,17,[ 2 13],119,-1,136,-1,119
1,<environment.Job instance at 0x7f905495e910>,119,27,[ 2 13],120,-1,147,-1,120
1,<environment.Job instance at 0x7f905495e820>,120,20,[14  4],121,-1,141,-1,121
1,<environment.Job instance at 0x7f9053d88320>,121,26,[ 4 11],122,-1,148,-1,122
1,<environment.Job instance at 0x7f9053a9c500>,122,25,[13  2],123,-1,148,-1,123
1,<environment.Job instance at 0x7f9053b01f50>,123,13,[14  2],124,-1,137,-1,124
1,<environment.Job instance at 0x7f9054a7f5a0>,124,24,[5 1],125,-1,149,-1,125
1,<environment.Job instance at 0x7f9054a7fc80>,125,25,[ 3 11],126,-1,151,-1,126
1,<environment.Job instance at 0x7f9054a7f190>,126,28,[14  3],127,-1,155,-1,127
1,<environment.Job instance at 0x7f9054a7f910>,127,26,[ 4 14],128,-1,154,-1,128
1,<environment.Job instance at 0x7f9054a7f640>,128,13,[13  3],129,-1,142,-1,129
1,<environment.Job instance at 0x7f9054a7fe60>,129,15,[13  1],130,-1,145,-1,130
1,<environment.Job instance at 0x7f9054a7f140>,130,12,[14  2],131,-1,143,-1,131
1,<environment.Job instance at 0x7f9054a7fc30>,133,25,[ 4 14],134,-1,159,-1,134
1,<environment.Job instance at 0x7f9054a7f1e0>,134,24,[7 2],135,-1,159,-1,135
1,<environment.Job instance at 0x7f9054a7f500>,136,24,[ 5 13],137,-1,161,-1,137
1,<environment.Job instance at 0x7f90540abd70>,137,25,[ 2 13],138,-1,163,-1,138
1,<environment.Job instance at 0x7f90540abd20>,138,15,[12  4],139,-1,154,-1,139
1,<environment.Job instance at 0x7f90540ab320>,139,19,[ 1 14],140,-1,159,-1,140
1,<environment.Job instance at 0x7f905480a730>,140,26,[13  4],141,-1,167,-1,141
1,<environment.Job instance at 0x7f905480ac80>,141,22,[13  4],142,-1,164,-1,142
1,<environment.Job instance at 0x7f905480afa0>,142,24,[12  4],143,-1,167,-1,143
1,<environment.Job instance at 0x7f905480a780>,143,27,[13  3],144,-1,171,-1,144
1,<environment.Job instance at 0x7f905480aeb0>,145,23,[ 2 11],146,-1,169,-1,146
1,<environment.Job instance at 0x7f90549951e0>,146,20,[ 3 14],147,-1,167,-1,147
1,<environment.Job instance at 0x7f9054995af0>,147,19,[13  1],148,-1,167,-1,148
1,<environment.Job instance at 0x7f9054995b40>,148,15,[12  4],149,-1,164,-1,149
1,<environment.Job instance at 0x7f9054995960>,149,25,[12  5],150,-1,175,-1,150
1,<environment.Job instance at 0x7f9054995410>,150,20,[ 5 13],151,-1,171,-1,151
1,<environment.Job instance at 0x7f9054995460>,151,24,[ 2 13],152,-1,176,-1,152
1,<environment.Job instance at 0x7f9054995460>,2,28,[ 4 12],3,-1,31,-1,3
1,<environment.Job instance at 0x7f9053ae8cd0>,4,25,[3 6],5,-1,30,-1,5
1,<environment.Job instance at 0x7f9053ae8b90>,5,17,[11  2],6,-1,23,-1,6
1,<environment.Job instance at 0x7f9053ae8d20>,6,22,[ 3 13],7,-1,29,-1,7
1,<environment.Job instance at 0x7f9053ae8870>,7,20,[13  4],8,-1,28,-1,8
1,<environment.Job instance at 0x7f9053ae80a0>,8,19,[13  4],9,-1,28,-1,9
1,<environment.Job instance at 0x7f9053b26780>,9,16,[ 2 12],10,-1,26,-1,10
1,<environment.Job instance at 0x7f9053b262d0>,10,12,[ 4 14],11,-1,23,-1,11
1,<environment.Job instance at 0x7f9053b26230>,11,20,[ 5 13],12,-1,32,-1,12
1,<environment.Job instance at 0x7f9053b26e10>,15,22,[ 1 11],16,-1,38,-1,16
1,<environment.Job instance at 0x7f9053b26fa0>,16,23,[14  5],17,-1,40,-1,17
1,<environment.Job instance at 0x7f9053b269b0>,17,22,[ 2 11],18,-1,40,-1,18
1,<environment.Job instance at 0x7f9053b26a00>,18,22,[13  5],19,-1,41,-1,19
1,<environment.Job instance at 0x7f9053b26aa0>,19,19,[11  1],20,-1,39,-1,20
1,<environment.Job instance at 0x7f9053b265a0>,20,27,[11  5],21,-1,48,-1,21
1,<environment.Job instance at 0x7f9053b26af0>,21,16,[ 3 14],22,-1,38,-1,22
1,<environment.Job instance at 0x7f9053b26cd0>,22,16,[14  1],23,-1,39,-1,23
1,<environment.Job instance at 0x7f9053b26dc0>,23,19,[ 5 12],24,-1,43,-1,24
1,<environment.Job instance at 0x7f9053b26730>,24,25,[ 5 13],25,-1,50,-1,25
1,<environment.Job instance at 0x7f9053b26550>,25,26,[13  4],26,-1,52,-1,26
1,<environment.Job instance at 0x7f9053b26a50>,26,21,[ 4 14],27,-1,48,-1,27
1,<environment.Job instance at 0x7f9053b261e0>,27,25,[ 3 12],28,-1,53,-1,28
1,<environment.Job instance at 0x7f9053b26b40>,28,27,[14  3],29,-1,56,-1,29
1,<environment.Job instance at 0x7f9053b26870>,29,22,[8 3],30,-1,52,-1,30
1,<environment.Job instance at 0x7f9053b26f00>,30,14,[14  4],31,-1,45,-1,31
1,<environment.Job instance at 0x7f9053aec8c0>,31,28,[13  2],32,-1,60,-1,32
1,<environment.Job instance at 0x7f9053aec690>,32,28,[ 5 14],33,-1,61,-1,33
1,<environment.Job instance at 0x7f9053aec230>,33,20,[2 5],34,-1,54,-1,34
1,<environment.Job instance at 0x7f9053aec410>,34,14,[12  4],35,-1,49,-1,35
1,<environment.Job instance at 0x7f9053aec640>,35,25,[12  4],36,-1,61,-1,36
1,<environment.Job instance at 0x7f9053aec5f0>,36,20,[ 3 14],37,-1,57,-1,37
1,<environment.Job instance at 0x7f9053aecd70>,37,28,[ 3 14],38,-1,66,-1,38
1,<environment.Job instance at 0x7f9053aece60>,38,28,[11  5],39,-1,67,-1,39
1,<environment.Job instance at 0x7f9053aec6e0>,39,24,[8 4],40,-1,64,-1,40
1,<environment.Job instance at 0x7f9053aeccd0>,41,20,[12  3],42,-1,62,-1,42
1,<environment.Job instance at 0x7f9053aecf00>,42,25,[13  2],43,-1,68,-1,43
1,<environment.Job instance at 0x7f9053aec0a0>,43,14,[14  3],44,-1,58,-1,44
1,<environment.Job instance at 0x7f9053aec2d0>,44,16,[13  2],45,-1,61,-1,45
1,<environment.Job instance at 0x7f90541fc690>,45,26,[13  5],46,-1,72,-1,46
1,<environment.Job instance at 0x7f90541fc9b0>,46,24,[ 3 12],47,-1,71,-1,47
1,<environment.Job instance at 0x7f9054280b40>,47,23,[ 3 11],48,-1,71,-1,48
1,<environment.Job instance at 0x7f9054280730>,48,22,[11  4],49,-1,71,-1,49
1,<environment.Job instance at 0x7f905494f3c0>,49,21,[12  3],50,-1,71,-1,50
1,<environment.Job instance at 0x7f905494f1e0>,50,12,[ 5 14],51,-1,63,-1,51
1,<environment.Job instance at 0x7f905494f0f0>,51,23,[12  5],52,-1,75,-1,52
1,<environment.Job instance at 0x7f905494f050>,53,23,[ 5 11],54,-1,77,-1,54
1,<environment.Job instance at 0x7f9054945f00>,54,25,[13  5],55,-1,80,-1,55
1,<environment.Job instance at 0x7f9054945870>,55,19,[ 5 13],56,-1,75,-1,56
1,<environment.Job instance at 0x7f90549453c0>,56,15,[ 4 12],57,-1,72,-1,57
1,<environment.Job instance at 0x7f9054945d70>,57,28,[ 5 10],58,-1,86,-1,58
1,<environment.Job instance at 0x7f905d871500>,59,22,[12  5],60,-1,82,-1,60
1,<environment.Job instance at 0x7f9054945fa0>,60,21,[ 4 14],61,-1,82,-1,61
1,<environment.Job instance at 0x7f9054286be0>,61,20,[12  5],62,-1,82,-1,62
1,<environment.Job instance at 0x7f90549db640>,62,28,[2 8],63,-1,91,-1,63
1,<environment.Job instance at 0x7f90549db9b0>,63,24,[13  5],64,-1,88,-1,64
1,<environment.Job instance at 0x7f90548cb5a0>,64,17,[ 4 13],65,-1,82,-1,65
1,<environment.Job instance at 0x7f90548cbe60>,65,21,[13  4],66,-1,87,-1,66
1,<environment.Job instance at 0x7f90548cb6e0>,66,22,[ 5 12],67,-1,89,-1,67
1,<environment.Job instance at 0x7f90548cbfa0>,67,13,[ 4 11],68,-1,81,-1,68
1,<environment.Job instance at 0x7f90548cbf50>,68,15,[14  2],69,-1,84,-1,69
1,<environment.Job instance at 0x7f90548cb410>,69,26,[ 1 13],70,-1,96,-1,70
1,<environment.Job instance at 0x7f90548cbc30>,70,19,[3 5],71,-1,90,-1,71
1,<environment.Job instance at 0x7f90548cb1e0>,71,27,[ 2 12],72,-1,99,-1,72
1,<environment.Job instance at 0x7f90548cb500>,72,17,[14  5],73,-1,90,-1,73
1,<environment.Job instance at 0x7f90548cbd20>,73,24,[13  3],74,-1,98,-1,74
1,<environment.Job instance at 0x7f90548cbd70>,74,22,[12  3],75,-1,97,-1,75
1,<environment.Job instance at 0x7f9054fe4c30>,75,14,[ 5 12],76,-1,90,-1,76
1,<environment.Job instance at 0x7f90546478c0>,76,16,[ 5 11],77,-1,93,-1,77
1,<environment.Job instance at 0x7f90540964b0>,77,23,[10  4],78,-1,101,-1,78
1,<environment.Job instance at 0x7f9053b78230>,78,20,[ 1 12],79,-1,99,-1,79
1,<environment.Job instance at 0x7f905d599500>,79,21,[14  1],80,-1,101,-1,80
1,<environment.Job instance at 0x7f9053b013c0>,80,20,[14  2],81,-1,101,-1,81
1,<environment.Job instance at 0x7f9054c9b370>,81,22,[14  4],82,-1,104,-1,82
1,<environment.Job instance at 0x7f9053aba410>,82,17,[ 3 10],83,-1,100,-1,83
1,<environment.Job instance at 0x7f905453e190>,84,19,[1 7],85,-1,104,-1,85
1,<environment.Job instance at 0x7f905d871a00>,85,25,[14  4],86,-1,111,-1,86
1,<environment.Job instance at 0x7f9053b45370>,86,22,[ 4 14],87,-1,109,-1,87
1,<environment.Job instance at 0x7f9053b454b0>,87,20,[11  4],88,-1,108,-1,88
1,<environment.Job instance at 0x7f9053b45410>,88,23,[14  4],89,-1,112,-1,89
1,<environment.Job instance at 0x7f9053abd550>,89,19,[ 3 14],90,-1,109,-1,90
1,<environment.Job instance at 0x7f9053abdf50>,90,21,[14  2],91,-1,112,-1,91
1,<environment.Job instance at 0x7f9053abd280>,91,24,[14  2],92,-1,116,-1,92
1,<environment.Job instance at 0x7f9053c17b40>,92,21,[ 5 11],93,-1,114,-1,93
1,<environment.Job instance at 0x7f9053ab1730>,93,20,[ 2 12],94,-1,114,-1,94
1,<environment.Job instance at 0x7f9053ab1410>,94,23,[ 4 11],95,-1,118,-1,95
1,<environment.Job instance at 0x7f905401ab40>,95,24,[3 8],96,-1,120,-1,96
1,<environment.Job instance at 0x7f9054282640>,96,23,[ 3 13],97,-1,120,-1,97
1,<environment.Job instance at 0x7f90542820f0>,97,21,[14  4],98,-1,119,-1,98
1,<environment.Job instance at 0x7f905418d960>,99,24,[ 3 12],100,-1,124,-1,100
1,<environment.Job instance at 0x7f9053a95690>,101,16,[6 3],102,-1,126,-1,110
1,<environment.Job instance at 0x7f9053b3bb90>,102,22,[ 5 13],103,-1,132,-1,110
1,<environment.Job instance at 0x7f9053a95f50>,103,20,[14  4],104,-1,130,-1,110
1,<environment.Job instance at 0x7f9053b7cf50>,104,23,[11  1],105,-1,133,-1,110
1,<environment.Job instance at 0x7f9053a95820>,105,25,[5 8],106,-1,135,-1,110
1,<environment.Job instance at 0x7f9053a950a0>,106,27,[13  4],107,-1,137,-1,110
1,<environment.Job instance at 0x7f9053b779b0>,107,21,[ 3 11],108,-1,131,-1,110
1,<environment.Job instance at 0x7f9053b77b90>,108,14,[12  4],109,-1,124,-1,110
1,<environment.Job instance at 0x7f9053b77a00>,109,12,[12  3],110,-1,122,-1,110
1,<environment.Job instance at 0x7f9053af52d0>,110,26,[ 3 12],111,-1,137,-1,111
1,<environment.Job instance at 0x7f9053af5e10>,111,12,[11  4],112,-1,124,-1,112
1,<environment.Job instance at 0x7f9053af5f50>,112,23,[ 2 11],113,-1,136,-1,113
1,<environment.Job instance at 0x7f9053af5960>,113,14,[ 5 12],114,-1,128,-1,114
1,<environment.Job instance at 0x7f9053af5be0>,114,19,[11  3],115,-1,134,-1,115
1,<environment.Job instance at 0x7f9053af53c0>,115,28,[ 2 11],116,-1,144,-1,116
1,<environment.Job instance at 0x7f9053af50f0>,116,24,[ 1 13],117,-1,141,-1,117
1,<environment.Job instance at 0x7f9053af55f0>,117,25,[ 5 13],118,-1,143,-1,118
1,<environment.Job instance at 0x7f905502c8c0>,118,19,[11  3],119,-1,138,-1,119
1,<environment.Job instance at 0x7f9053ae9be0>,119,24,[8 2],120,-1,144,-1,120
1,<environment.Job instance at 0x7f9053ae9b90>,120,21,[ 2 12],121,-1,142,-1,121
1,<environment.Job instance at 0x7f9053ae9eb0>,121,23,[ 2 12],122,-1,145,-1,122
1,<environment.Job instance at 0x7f9053ae9960>,122,14,[ 4 10],123,-1,137,-1,123
1,<environment.Job instance at 0x7f9053ae9c80>,123,26,[ 5 11],124,-1,150,-1,124
1,<environment.Job instance at 0x7f9053ae9d20>,124,19,[14  5],125,-1,144,-1,125
1,<environment.Job instance at 0x7f9053ae9460>,125,21,[13  5],126,-1,147,-1,126
1,<environment.Job instance at 0x7f9053b88140>,126,24,[ 5 12],127,-1,151,-1,127
1,<environment.Job instance at 0x7f9053b88e10>,127,19,[12  2],128,-1,147,-1,128
1,<environment.Job instance at 0x7f9053b881e0>,128,22,[ 5 11],129,-1,151,-1,129
1,<environment.Job instance at 0x7f9053b887d0>,129,26,[ 4 13],130,-1,156,-1,130
1,<environment.Job instance at 0x7f9053b88eb0>,130,27,[ 2 12],131,-1,158,-1,131
1,<environment.Job instance at 0x7f9053b88320>,131,19,[13  2],132,-1,151,-1,132
1,<environment.Job instance at 0x7f9053b88370>,132,12,[11  2],133,-1,145,-1,133
1,<environment.Job instance at 0x7f9053b88190>,134,14,[5 1],135,-1,149,-1,135
1,<environment.Job instance at 0x7f9053b88910>,136,26,[7 3],137,-1,163,-1,137
1,<environment.Job instance at 0x7f9053adcd70>,137,25,[ 1 13],138,-1,163,-1,138
1,<environment.Job instance at 0x7f9053adcaf0>,138,22,[ 1 12],139,-1,161,-1,139
1,<environment.Job instance at 0x7f9053adc910>,139,26,[11  4],140,-1,166,-1,140
1,<environment.Job instance at 0x7f9053adcb40>,140,22,[8 2],141,-1,163,-1,141
1,<environment.Job instance at 0x7f9053adc5a0>,141,17,[11  1],142,-1,159,-1,142
1,<environment.Job instance at 0x7f9053adc960>,142,20,[ 1 11],143,-1,163,-1,143
1,<environment.Job instance at 0x7f9053adc9b0>,143,19,[13  2],144,-1,163,-1,144
1,<environment.Job instance at 0x7f9053adc460>,144,19,[ 1 11],145,-1,164,-1,145
1,<environment.Job instance at 0x7f9053adc500>,145,20,[13  5],146,-1,166,-1,146
1,<environment.Job instance at 0x7f9053adcd20>,146,27,[ 1 14],147,-1,174,-1,147
1,<environment.Job instance at 0x7f9053adc690>,147,26,[12  3],148,-1,174,-1,148
1,<environment.Job instance at 0x7f9053b47370>,148,24,[11  3],149,-1,173,-1,149
1,<environment.Job instance at 0x7f9053b47280>,149,25,[13  2],150,-1,175,-1,150
1,<environment.Job instance at 0x7f9053b47e60>,150,20,[ 5 14],151,-1,171,-1,151
1,<environment.Job instance at 0x7f9053b47f50>,151,22,[ 5 14],152,-1,174,-1,152
1,<environment.Job instance at 0x7f9053b47f50>,2,26,[8 1],3,-1,29,-1,3
1,<environment.Job instance at 0x7f9054381a00>,4,28,[11  3],5,-1,33,-1,5
1,<environment.Job instance at 0x7f9054fe4cd0>,5,28,[5 1],6,-1,34,-1,6
1,<environment.Job instance at 0x7f9054fe44b0>,6,19,[ 1 14],7,-1,26,-1,7
1,<environment.Job instance at 0x7f9054fe4a50>,7,22,[ 4 11],8,-1,30,-1,8
1,<environment.Job instance at 0x7f9054fe4460>,3,19,[11  5],4,-1,28,-1,9
1,<environment.Job instance at 0x7f9054fe4410>,9,21,[13  2],10,-1,31,-1,10
1,<environment.Job instance at 0x7f9054fe4be0>,10,20,[14  3],11,-1,31,-1,11
1,<environment.Job instance at 0x7f9053fe46e0>,11,22,[12  2],12,-1,34,-1,12
1,<environment.Job instance at 0x7f9053fe4d20>,12,14,[ 3 14],13,-1,27,-1,13
1,<environment.Job instance at 0x7f9053fe44b0>,13,12,[ 3 12],14,-1,26,-1,14
1,<environment.Job instance at 0x7f9053b51d70>,14,25,[12  2],15,-1,40,-1,15
1,<environment.Job instance at 0x7f9053b51690>,15,24,[14  4],16,-1,40,-1,16
1,<environment.Job instance at 0x7f9053b51e60>,16,21,[ 2 12],17,-1,38,-1,17
1,<environment.Job instance at 0x7f9053f3dc30>,17,26,[13  5],18,-1,44,-1,18
1,<environment.Job instance at 0x7f9053f79820>,18,24,[ 2 10],19,-1,43,-1,19
1,<environment.Job instance at 0x7f9054877640>,20,27,[12  2],21,-1,48,-1,21
1,<environment.Job instance at 0x7f90548776e0>,21,25,[12  4],22,-1,47,-1,22
1,<environment.Job instance at 0x7f9053f8c050>,22,27,[7 2],23,-1,50,-1,23
1,<environment.Job instance at 0x7f9053f8c8c0>,23,24,[ 2 13],24,-1,48,-1,24
1,<environment.Job instance at 0x7f9054fe4140>,25,23,[ 3 14],26,-1,49,-1,26
1,<environment.Job instance at 0x7f90540ff7d0>,26,14,[ 4 13],27,-1,41,-1,27
1,<environment.Job instance at 0x7f90540ffaf0>,27,27,[ 4 12],28,-1,55,-1,28
1,<environment.Job instance at 0x7f9053d5e050>,31,19,[13  4],32,-1,54,-1,35
1,<environment.Job instance at 0x7f9053d5ec30>,32,19,[14  3],33,-1,54,-1,35
1,<environment.Job instance at 0x7f90540bad20>,33,15,[ 1 12],34,-1,50,-1,35
1,<environment.Job instance at 0x7f9054c78280>,34,21,[ 5 14],35,-1,56,-1,35
1,<environment.Job instance at 0x7f90540ba910>,35,16,[11  2],36,-1,52,-1,36
1,<environment.Job instance at 0x7f9053f42690>,36,25,[12  3],37,-1,62,-1,37
1,<environment.Job instance at 0x7f9053f42c80>,37,22,[ 5 13],38,-1,60,-1,38
1,<environment.Job instance at 0x7f9053b858c0>,39,28,[2 9],40,-1,81,-1,53
1,<environment.Job instance at 0x7f9053b85c80>,40,25,[14  3],41,-1,78,-1,53
1,<environment.Job instance at 0x7f9053b853c0>,41,25,[5 3],42,-1,78,-1,53
1,<environment.Job instance at 0x7f9053f4aaa0>,42,28,[11  5],43,-1,81,-1,53
1,<environment.Job instance at 0x7f9053f4ae10>,43,15,[ 2 12],44,-1,68,-1,53
1,<environment.Job instance at 0x7f9053f27320>,44,16,[ 4 11],45,-1,69,-1,53
1,<environment.Job instance at 0x7f90544ab910>,45,18,[11  1],46,-1,71,-1,53
1,<environment.Job instance at 0x7f90544ab460>,46,24,[ 5 13],47,-1,77,-1,53
1,<environment.Job instance at 0x7f90544ab140>,47,22,[ 5 13],48,-1,75,-1,53
1,<environment.Job instance at 0x7f90544abf00>,48,19,[ 3 12],49,-1,72,-1,53
1,<environment.Job instance at 0x7f9053af5730>,49,17,[14  4],50,-1,70,-1,53
1,<environment.Job instance at 0x7f9053af5780>,50,26,[13  3],51,-1,79,-1,53
1,<environment.Job instance at 0x7f9053af5320>,51,14,[11  3],52,-1,68,-1,54
1,<environment.Job instance at 0x7f9053b24960>,52,20,[ 4 14],53,-1,74,-1,54
1,<environment.Job instance at 0x7f9053b245f0>,54,21,[ 1 12],55,-1,76,-1,55
1,<environment.Job instance at 0x7f9053b24140>,55,15,[11  5],56,-1,81,-1,66
1,<environment.Job instance at 0x7f9053b24870>,56,20,[ 2 11],57,-1,86,-1,66
1,<environment.Job instance at 0x7f9053b24460>,57,26,[ 1 12],58,-1,92,-1,66
1,<environment.Job instance at 0x7f9053b240a0>,58,28,[12  2],59,-1,94,-1,66
1,<environment.Job instance at 0x7f905d7f4870>,59,23,[14  1],60,-1,89,-1,66
1,<environment.Job instance at 0x7f905d7f4b90>,60,28,[11  1],61,-1,94,-1,66
1,<environment.Job instance at 0x7f905d7f48c0>,61,18,[ 1 13],62,-1,84,-1,66
1,<environment.Job instance at 0x7f905d7f4eb0>,62,27,[ 5 12],63,-1,93,-1,66
1,<environment.Job instance at 0x7f905d7f4640>,63,21,[ 1 14],64,-1,87,-1,66
1,<environment.Job instance at 0x7f905d7f4f50>,64,22,[14  2],65,-1,88,-1,66
1,<environment.Job instance at 0x7f905d7f49b0>,65,14,[12  4],66,-1,80,-1,66
1,<environment.Job instance at 0x7f905d7f4dc0>,67,20,[12  5],68,-1,91,-1,71
1,<environment.Job instance at 0x7f9054019690>,68,27,[14  4],69,-1,98,-1,71
1,<environment.Job instance at 0x7f9054062d70>,69,27,[14  4],70,-1,98,-1,71
1,<environment.Job instance at 0x7f90540625f0>,70,19,[14  1],71,-1,90,-1,71
1,<environment.Job instance at 0x7f9054062550>,71,14,[12  2],72,-1,86,-1,72
1,<environment.Job instance at 0x7f90540b9640>,72,21,[ 5 14],73,-1,94,-1,73
1,<environment.Job instance at 0x7f90540b9d20>,73,24,[7 2],74,-1,98,-1,74
1,<environment.Job instance at 0x7f9053afef00>,74,27,[14  1],75,-1,102,-1,75
1,<environment.Job instance at 0x7f9053afe960>,75,28,[ 2 14],76,-1,104,-1,76
1,<environment.Job instance at 0x7f9053afeeb0>,76,21,[ 2 12],77,-1,98,-1,77
1,<environment.Job instance at 0x7f9053afe320>,77,27,[ 2 11],78,-1,105,-1,78
1,<environment.Job instance at 0x7f9053afea50>,78,27,[ 1 11],79,-1,106,-1,79
1,<environment.Job instance at 0x7f9053afe640>,79,26,[ 2 14],80,-1,106,-1,80
1,<environment.Job instance at 0x7f9053afeaf0>,80,25,[12  5],81,-1,106,-1,81
1,<environment.Job instance at 0x7f9053ed97d0>,81,19,[ 4 14],82,-1,101,-1,82
1,<environment.Job instance at 0x7f9053dd6500>,82,19,[ 5 13],83,-1,102,-1,83
1,<environment.Job instance at 0x7f9053dd6460>,83,24,[ 4 11],84,-1,108,-1,84
1,<environment.Job instance at 0x7f905478cf50>,84,26,[11  4],85,-1,111,-1,85
1,<environment.Job instance at 0x7f905478cf00>,85,28,[2 7],86,-1,114,-1,86
1,<environment.Job instance at 0x7f9054015140>,86,22,[11  4],87,-1,109,-1,87
1,<environment.Job instance at 0x7f9053f30eb0>,87,26,[12  5],88,-1,114,-1,88
1,<environment.Job instance at 0x7f9053f30fa0>,88,25,[ 4 14],89,-1,114,-1,89
1,<environment.Job instance at 0x7f9053afd5a0>,89,25,[ 1 10],90,-1,115,-1,90
1,<environment.Job instance at 0x7f9053afdaf0>,90,25,[ 3 10],91,-1,116,-1,91
1,<environment.Job instance at 0x7f9053afddc0>,91,23,[ 3 10],92,-1,115,-1,92
1,<environment.Job instance at 0x7f9053afd690>,92,21,[ 4 11],93,-1,114,-1,93
1,<environment.Job instance at 0x7f9053afd140>,93,27,[ 5 14],94,-1,121,-1,94
1,<environment.Job instance at 0x7f9053afd820>,94,25,[14  3],95,-1,120,-1,95
1,<environment.Job instance at 0x7f9053afda50>,96,19,[ 1 13],97,-1,116,-1,97
1,<environment.Job instance at 0x7f9053afd0a0>,97,26,[10  3],98,-1,124,-1,98
1,<environment.Job instance at 0x7f9053afd500>,98,23,[ 2 11],99,-1,122,-1,99
1,<environment.Job instance at 0x7f9053afd550>,99,25,[ 5 11],100,-1,125,-1,100
1,<environment.Job instance at 0x7f9053afd910>,100,27,[11  5],101,-1,128,-1,101
1,<environment.Job instance at 0x7f9053afde10>,101,17,[12  5],102,-1,119,-1,102
1,<environment.Job instance at 0x7f9053afd6e0>,102,24,[7 1],103,-1,127,-1,103
1,<environment.Job instance at 0x7f9053afd3c0>,103,21,[11  1],104,-1,125,-1,104
1,<environment.Job instance at 0x7f9053afd8c0>,104,21,[12  4],105,-1,126,-1,105
1,<environment.Job instance at 0x7f9053afd0f0>,105,26,[11  4],106,-1,132,-1,106
1,<environment.Job instance at 0x7f9053afd640>,106,21,[12  4],107,-1,128,-1,107
1,<environment.Job instance at 0x7f9053afdf00>,107,26,[ 1 13],108,-1,134,-1,108
1,<environment.Job instance at 0x7f9053afd190>,108,26,[ 1 12],109,-1,135,-1,109
1,<environment.Job instance at 0x7f9053afd5f0>,110,23,[11  3],111,-1,136,-1,113
1,<environment.Job instance at 0x7f9053afd410>,111,23,[ 4 10],112,-1,136,-1,113
1,<environment.Job instance at 0x7f9053aa3870>,112,12,[11  4],113,-1,125,-1,113
1,<environment.Job instance at 0x7f9053aa3f50>,113,24,[11  5],114,-1,138,-1,114
1,<environment.Job instance at 0x7f9053aa3460>,114,21,[ 3 13],115,-1,136,-1,115
1,<environment.Job instance at 0x7f9053aa3320>,116,28,[ 5 11],117,-1,156,-1,128
1,<environment.Job instance at 0x7f9053aa39b0>,117,28,[1 5],118,-1,156,-1,128
1,<environment.Job instance at 0x7f9053aa30f0>,118,20,[13  1],119,-1,148,-1,128
1,<environment.Job instance at 0x7f9053aa3500>,119,21,[ 3 12],120,-1,149,-1,128
1,<environment.Job instance at 0x7f9053aa31e0>,120,25,[12  3],121,-1,153,-1,128
1,<environment.Job instance at 0x7f9053aa33c0>,122,20,[12  2],123,-1,168,-1,148
1,<environment.Job instance at 0x7f9053aa3aa0>,123,25,[ 3 12],124,-1,173,-1,148
1,<environment.Job instance at 0x7f9053aa35f0>,124,20,[ 5 11],125,-1,168,-1,148
1,<environment.Job instance at 0x7f9053aa3e10>,125,26,[11  1],126,-1,174,-1,148
1,<environment.Job instance at 0x7f9053aa3af0>,126,27,[ 1 13],127,-1,175,-1,148
1,<environment.Job instance at 0x7f9053aa30a0>,127,20,[ 1 14],128,-1,168,-1,148
1,<environment.Job instance at 0x7f9053aa3690>,128,28,[ 3 14],129,-1,176,-1,148
1,<environment.Job instance at 0x7f9053aa38c0>,129,25,[12  2],130,-1,173,-1,148
1,<environment.Job instance at 0x7f9053aa34b0>,130,25,[ 5 14],131,-1,173,-1,148
1,<environment.Job instance at 0x7f9053aa32d0>,131,21,[ 1 12],132,-1,169,-1,148
1,<environment.Job instance at 0x7f9053aaf280>,132,28,[5 5],133,-1,176,-1,148
1,<environment.Job instance at 0x7f9053aafb90>,133,21,[ 5 14],134,-1,169,-1,148
1,<environment.Job instance at 0x7f9053aafd70>,134,24,[11  4],135,-1,172,-1,148
1,<environment.Job instance at 0x7f9053aafe60>,135,15,[ 4 11],136,-1,163,-1,148
1,<environment.Job instance at 0x7f9053aaf0f0>,136,27,[5 1],137,-1,175,-1,148
1,<environment.Job instance at 0x7f9053aafa00>,137,21,[ 1 12],138,-1,169,-1,148
1,<environment.Job instance at 0x7f9053aaf140>,138,26,[4 9],139,-1,174,-1,148
1,<environment.Job instance at 0x7f9053aafd20>,139,25,[6 1],140,-1,173,-1,148
1,<environment.Job instance at 0x7f9053aaf690>,140,16,[ 4 11],141,-1,164,-1,148
1,<environment.Job instance at 0x7f9053aaf0a0>,141,25,[14  3],142,-1,173,-1,148
1,<environment.Job instance at 0x7f9053aaf9b0>,142,28,[13  1],143,-1,176,-1,148
1,<environment.Job instance at 0x7f9053aafc30>,143,22,[14  1],144,-1,170,-1,148
1,<environment.Job instance at 0x7f9053aaf460>,144,25,[13  3],145,-1,173,-1,148
1,<environment.Job instance at 0x7f9053aaf780>,145,23,[11  2],146,-1,171,-1,148
1,<environment.Job instance at 0x7f9053aaff00>,146,19,[12  1],147,-1,167,-1,148
1,<environment.Job instance at 0x7f9053aafdc0>,147,26,[ 4 13],148,-1,174,-1,148
1,<environment.Job instance at 0x7f905d7f68c0>,149,25,[12  4],150,-1,175,-1,150
1,<environment.Job instance at 0x7f905d7f6780>,150,20,[ 2 12],151,-1,171,-1,151
1,<environment.Job instance at 0x7f905d7f61e0>,151,25,[ 5 14],152,-1,177,-1,152
1,<environment.Job instance at 0x7f9054b20aa0>,1,24,[13  5],2,-1,26,-1,2
1,<environment.Job instance at 0x7f9054b204b0>,2,27,[11  5],3,-1,30,-1,3
1,<environment.Job instance at 0x7f9054b203c0>,4,28,[ 3 12],5,-1,33,-1,5
1,<environment.Job instance at 0x7f9054b20cd0>,5,26,[12  3],6,-1,32,-1,6
1,<environment.Job instance at 0x7f9054b201e0>,6,14,[ 4 12],7,-1,21,-1,7
1,<environment.Job instance at 0x7f9054b20e60>,7,17,[ 2 11],8,-1,25,-1,8
1,<environment.Job instance at 0x7f9054b11d70>,8,28,[12  3],9,-1,37,-1,9
1,<environment.Job instance at 0x7f9054b11b40>,10,23,[13  1],11,-1,34,-1,11
1,<environment.Job instance at 0x7f9054b11fa0>,11,19,[ 4 14],12,-1,31,-1,12
1,<environment.Job instance at 0x7f9054b11f00>,12,21,[ 3 12],13,-1,34,-1,13
1,<environment.Job instance at 0x7f9054b114b0>,13,24,[ 4 11],14,-1,38,-1,14
1,<environment.Job instance at 0x7f9054b11230>,14,26,[13  2],15,-1,41,-1,15
1,<environment.Job instance at 0x7f9054b110f0>,15,22,[12  3],16,-1,38,-1,16
1,<environment.Job instance at 0x7f9054b11370>,16,19,[ 5 11],17,-1,36,-1,17
1,<environment.Job instance at 0x7f9054b15870>,17,20,[ 5 13],18,-1,38,-1,18
1,<environment.Job instance at 0x7f9054b153c0>,18,20,[ 1 14],19,-1,39,-1,19
1,<environment.Job instance at 0x7f9054b15e60>,19,23,[14  2],20,-1,43,-1,20
1,<environment.Job instance at 0x7f9054b15050>,20,16,[ 3 12],21,-1,37,-1,21
1,<environment.Job instance at 0x7f9054b15d20>,21,12,[14  3],22,-1,34,-1,22
1,<environment.Job instance at 0x7f9054b152d0>,22,26,[14  3],23,-1,49,-1,23
1,<environment.Job instance at 0x7f9054b15d70>,23,27,[ 3 14],24,-1,51,-1,24
1,<environment.Job instance at 0x7f9054b15a50>,25,27,[ 5 13],26,-1,53,-1,26
1,<environment.Job instance at 0x7f9054b0f0f0>,26,25,[13  4],27,-1,52,-1,27
1,<environment.Job instance at 0x7f9054b0f410>,27,27,[ 2 14],28,-1,55,-1,28
1,<environment.Job instance at 0x7f9054b14140>,28,21,[ 2 14],29,-1,50,-1,29
1,<environment.Job instance at 0x7f9054b14aa0>,29,22,[ 3 11],30,-1,52,-1,30
1,<environment.Job instance at 0x7f9054b14b40>,30,28,[ 4 14],31,-1,59,-1,31
1,<environment.Job instance at 0x7f9054b14550>,31,12,[ 1 12],32,-1,44,-1,32
1,<environment.Job instance at 0x7f9054b145f0>,32,28,[8 2],33,-1,61,-1,33
1,<environment.Job instance at 0x7f9054b14410>,33,19,[14  4],34,-1,53,-1,34
1,<environment.Job instance at 0x7f9054b14730>,34,23,[12  3],35,-1,58,-1,35
1,<environment.Job instance at 0x7f9054b149b0>,36,23,[12  3],37,-1,60,-1,37
1,<environment.Job instance at 0x7f9054b14190>,37,27,[13  4],38,-1,65,-1,38
1,<environment.Job instance at 0x7f9054b14f50>,38,23,[4 5],39,-1,62,-1,39
1,<environment.Job instance at 0x7f9054b14e60>,39,18,[12  2],40,-1,58,-1,40
1,<environment.Job instance at 0x7f9054b14cd0>,40,20,[13  5],41,-1,61,-1,41
1,<environment.Job instance at 0x7f9054b14910>,41,24,[13  5],42,-1,66,-1,42
1,<environment.Job instance at 0x7f9053dfd690>,42,26,[ 4 12],43,-1,69,-1,43
1,<environment.Job instance at 0x7f90539f2140>,44,23,[ 4 11],45,-1,68,-1,45
1,<environment.Job instance at 0x7f905484d460>,45,26,[ 3 14],46,-1,72,-1,46
1,<environment.Job instance at 0x7f90539f3c30>,46,12,[ 2 13],47,-1,59,-1,47
1,<environment.Job instance at 0x7f905416ea00>,47,19,[ 4 11],48,-1,67,-1,48
1,<environment.Job instance at 0x7f905416e410>,48,27,[ 3 12],49,-1,76,-1,49
1,<environment.Job instance at 0x7f905416eeb0>,49,27,[11  1],50,-1,77,-1,50
1,<environment.Job instance at 0x7f905416e5a0>,50,13,[13  4],51,-1,64,-1,51
1,<environment.Job instance at 0x7f9053e500a0>,51,25,[14  5],52,-1,77,-1,52
1,<environment.Job instance at 0x7f90539dc6e0>,52,27,[6 1],53,-1,80,-1,53
1,<environment.Job instance at 0x7f9054829780>,54,27,[ 3 14],55,-1,82,-1,55
1,<environment.Job instance at 0x7f9054b03140>,53,15,[13  1],54,-1,70,-1,55
1,<environment.Job instance at 0x7f9053a241e0>,55,19,[13  3],56,-1,75,-1,56
1,<environment.Job instance at 0x7f9053a246e0>,56,24,[13  3],57,-1,81,-1,57
1,<environment.Job instance at 0x7f9053a24b40>,57,22,[ 3 13],58,-1,80,-1,58
1,<environment.Job instance at 0x7f9053a57b90>,59,26,[ 4 13],60,-1,86,-1,60
1,<environment.Job instance at 0x7f9053a1cc30>,60,23,[13  3],61,-1,84,-1,61
1,<environment.Job instance at 0x7f9053e0d0f0>,61,20,[12  4],62,-1,82,-1,62
1,<environment.Job instance at 0x7f9053a25230>,62,26,[2 7],63,-1,89,-1,63
1,<environment.Job instance at 0x7f9053a25550>,63,23,[13  3],64,-1,87,-1,64
1,<environment.Job instance at 0x7f9053a25190>,64,23,[14  1],65,-1,88,-1,65
1,<environment.Job instance at 0x7f9053a25fa0>,65,23,[13  2],66,-1,89,-1,66
1,<environment.Job instance at 0x7f9053a330f0>,66,25,[4 5],67,-1,92,-1,67
1,<environment.Job instance at 0x7f9053a33e60>,67,21,[14  1],68,-1,89,-1,68
1,<environment.Job instance at 0x7f9053a33d20>,68,27,[ 1 13],69,-1,96,-1,69
1,<environment.Job instance at 0x7f9053a33be0>,69,19,[14  1],70,-1,89,-1,70
1,<environment.Job instance at 0x7f9053a59370>,70,26,[14  5],71,-1,97,-1,71
1,<environment.Job instance at 0x7f9054b20370>,71,24,[ 2 13],72,-1,96,-1,72
1,<environment.Job instance at 0x7f9054b20780>,72,25,[13  1],73,-1,98,-1,73
1,<environment.Job instance at 0x7f9054b20190>,73,22,[ 1 12],74,-1,96,-1,74
1,<environment.Job instance at 0x7f9054b21f50>,74,22,[12  4],75,-1,97,-1,75
1,<environment.Job instance at 0x7f9053a3fbe0>,75,25,[ 4 11],76,-1,101,-1,76
1,<environment.Job instance at 0x7f9053a3f960>,76,25,[ 5 14],77,-1,102,-1,77
1,<environment.Job instance at 0x7f9053a3f0a0>,77,26,[ 3 12],78,-1,104,-1,78
1,<environment.Job instance at 0x7f9053a3f780>,78,20,[ 4 13],79,-1,99,-1,79
1,<environment.Job instance at 0x7f9053a3f3c0>,79,24,[14  5],80,-1,104,-1,80
1,<environment.Job instance at 0x7f9053a3f640>,80,27,[ 5 13],81,-1,108,-1,81
1,<environment.Job instance at 0x7f9053a3fb40>,81,20,[ 4 14],82,-1,102,-1,82
1,<environment.Job instance at 0x7f9053a3f6e0>,82,14,[ 1 14],83,-1,97,-1,83
1,<environment.Job instance at 0x7f9053a3fdc0>,83,24,[5 8],84,-1,108,-1,84
1,<environment.Job instance at 0x7f9053a3f820>,84,23,[11  4],85,-1,108,-1,85
1,<environment.Job instance at 0x7f9053a3f500>,85,24,[14  4],86,-1,110,-1,86
1,<environment.Job instance at 0x7f9053a3f460>,86,23,[ 2 13],87,-1,110,-1,87
1,<environment.Job instance at 0x7f9053a375f0>,87,21,[14  4],88,-1,109,-1,88
1,<environment.Job instance at 0x7f9053a37e60>,88,25,[ 1 12],89,-1,114,-1,89
1,<environment.Job instance at 0x7f9053a37d20>,89,28,[ 1 11],90,-1,118,-1,90
1,<environment.Job instance at 0x7f9053a37f00>,91,28,[14  2],92,-1,120,-1,92
1,<environment.Job instance at 0x7f9053a377d0>,92,28,[13  4],93,-1,121,-1,93
1,<environment.Job instance at 0x7f9053a37820>,93,22,[ 5 14],94,-1,116,-1,94
1,<environment.Job instance at 0x7f9053a37960>,94,28,[ 1 11],95,-1,123,-1,95
1,<environment.Job instance at 0x7f9053a3a550>,95,22,[14  5],96,-1,118,-1,96
1,<environment.Job instance at 0x7f9053a3a2d0>,96,22,[ 1 14],97,-1,119,-1,97
1,<environment.Job instance at 0x7f9053a3af00>,98,16,[ 3 13],99,-1,115,-1,99
1,<environment.Job instance at 0x7f9053a3ae60>,99,21,[13  2],100,-1,121,-1,100
1,<environment.Job instance at 0x7f9053a3ac80>,101,25,[ 5 11],102,-1,127,-1,102
1,<environment.Job instance at 0x7f9053a3a780>,102,28,[13  5],103,-1,131,-1,103
1,<environment.Job instance at 0x7f9053a3a640>,104,23,[ 4 14],105,-1,128,-1,105
1,<environment.Job instance at 0x7f9053a3d410>,105,21,[12  1],106,-1,127,-1,106
1,<environment.Job instance at 0x7f9053a3d4b0>,106,28,[12  3],107,-1,135,-1,107
1,<environment.Job instance at 0x7f9053a3d690>,107,27,[11  4],108,-1,135,-1,108
1,<environment.Job instance at 0x7f9053a3d320>,108,27,[9 4],109,-1,136,-1,109
1,<environment.Job instance at 0x7f9053a3dd20>,109,28,[5 9],110,-1,138,-1,110
1,<environment.Job instance at 0x7f9053a3dbe0>,111,16,[ 3 12],112,-1,128,-1,112
1,<environment.Job instance at 0x7f9053a3d8c0>,112,23,[ 2 14],113,-1,136,-1,113
1,<environment.Job instance at 0x7f9053a3ddc0>,113,21,[ 2 13],114,-1,135,-1,114
1,<environment.Job instance at 0x7f9053a3d730>,114,28,[14  2],115,-1,143,-1,115
1,<environment.Job instance at 0x7f9053a3daf0>,115,24,[11  1],116,-1,140,-1,116
1,<environment.Job instance at 0x7f9053a44730>,116,21,[ 3 13],117,-1,138,-1,117
1,<environment.Job instance at 0x7f9053a44960>,117,20,[11  1],118,-1,138,-1,118
1,<environment.Job instance at 0x7f9053a44410>,118,26,[ 1 12],119,-1,145,-1,119
1,<environment.Job instance at 0x7f9053a3ce10>,119,13,[12  3],120,-1,133,-1,120
1,<environment.Job instance at 0x7f9053a3c1e0>,120,25,[ 1 11],121,-1,146,-1,121
1,<environment.Job instance at 0x7f9053a3c320>,121,20,[ 3 14],122,-1,142,-1,122
1,<environment.Job instance at 0x7f9053a3c7d0>,122,17,[ 1 12],123,-1,140,-1,123
1,<environment.Job instance at 0x7f9053a3c960>,123,25,[2 7],124,-1,149,-1,124
1,<environment.Job instance at 0x7f9053a3c5a0>,125,21,[ 3 14],126,-1,147,-1,126
1,<environment.Job instance at 0x7f9053a3caf0>,126,23,[14  5],127,-1,150,-1,127
1,<environment.Job instance at 0x7f9053a3c3c0>,127,24,[3 6],128,-1,152,-1,128
1,<environment.Job instance at 0x7f9053a3a230>,129,27,[ 5 13],130,-1,157,-1,130
1,<environment.Job instance at 0x7f9053a3cb90>,128,18,[14  2],129,-1,148,-1,130
1,<environment.Job instance at 0x7f9053a727d0>,132,27,[ 5 12],133,-1,160,-1,133
1,<environment.Job instance at 0x7f9053a72f00>,131,21,[12  3],132,-1,154,-1,133
1,<environment.Job instance at 0x7f9053a3ce60>,133,28,[9 3],134,-1,162,-1,134
1,<environment.Job instance at 0x7f90539d4140>,134,16,[ 2 13],135,-1,151,-1,135
1,<environment.Job instance at 0x7f90539d4050>,135,28,[14  4],136,-1,164,-1,136
1,<environment.Job instance at 0x7f905415b050>,136,13,[12  5],137,-1,150,-1,137
1,<environment.Job instance at 0x7f90539d3870>,137,13,[14  1],138,-1,151,-1,138
1,<environment.Job instance at 0x7f90539d3f00>,138,26,[11  5],139,-1,165,-1,139
1,<environment.Job instance at 0x7f90539d3e60>,139,14,[ 2 13],140,-1,154,-1,140
1,<environment.Job instance at 0x7f90539d3460>,140,28,[14  5],141,-1,169,-1,141
1,<environment.Job instance at 0x7f9053e68be0>,141,18,[12  4],142,-1,160,-1,142
1,<environment.Job instance at 0x7f9053e68aa0>,142,21,[ 2 14],143,-1,164,-1,143
1,<environment.Job instance at 0x7f9053a4cb90>,144,23,[13  4],145,-1,168,-1,145
1,<environment.Job instance at 0x7f9053a4c960>,145,16,[ 3 13],146,-1,162,-1,146
1,<environment.Job instance at 0x7f9053a6ad70>,146,26,[11  1],147,-1,173,-1,147
1,<environment.Job instance at 0x7f90539f1370>,147,23,[12  5],148,-1,171,-1,148
1,<environment.Job instance at 0x7f9053a4caf0>,149,20,[ 5 13],150,-1,170,-1,150
1,<environment.Job instance at 0x7f90539f1d70>,150,17,[13  3],151,-1,168,-1,151
1,<environment.Job instance at 0x7f9053a3c8c0>,1,25,[ 4 11],2,-1,27,-1,2
1,<environment.Job instance at 0x7f90539f1cd0>,2,21,[ 3 11],3,-1,24,-1,3
1,<environment.Job instance at 0x7f90539f1d70>,4,23,[14  5],5,-1,28,-1,5
1,<environment.Job instance at 0x7f9053a1cd70>,5,25,[ 2 11],6,-1,31,-1,6
1,<environment.Job instance at 0x7f9053a1c820>,6,26,[14  4],7,-1,33,-1,7
1,<environment.Job instance at 0x7f9053a1c870>,7,14,[ 1 13],8,-1,22,-1,8
1,<environment.Job instance at 0x7f9053a1c0a0>,8,17,[ 1 11],9,-1,26,-1,9
1,<environment.Job instance at 0x7f9053a1cb90>,3,21,[13  2],4,-1,30,-1,9
1,<environment.Job instance at 0x7f9053a1c1e0>,11,26,[ 1 11],12,-1,38,-1,12
1,<environment.Job instance at 0x7f9053a1c370>,13,21,[ 5 11],14,-1,35,-1,14
1,<environment.Job instance at 0x7f9053a186e0>,14,17,[13  4],15,-1,32,-1,15
1,<environment.Job instance at 0x7f9053a18cd0>,15,28,[ 3 12],16,-1,44,-1,16
1,<environment.Job instance at 0x7f9053a181e0>,16,26,[ 1 12],17,-1,43,-1,17
1,<environment.Job instance at 0x7f9053a18280>,18,19,[13  5],19,-1,38,-1,19
1,<environment.Job instance at 0x7f9053a18690>,19,20,[ 5 14],20,-1,40,-1,20
1,<environment.Job instance at 0x7f9053a18190>,20,27,[ 2 14],21,-1,48,-1,21
1,<environment.Job instance at 0x7f9053a184b0>,21,13,[ 2 12],22,-1,35,-1,22
1,<environment.Job instance at 0x7f9053a185f0>,22,24,[10  4],23,-1,47,-1,23
1,<environment.Job instance at 0x7f9053a54cd0>,23,18,[ 3 11],24,-1,42,-1,24
1,<environment.Job instance at 0x7f9053a54aa0>,24,13,[14  4],25,-1,38,-1,25
1,<environment.Job instance at 0x7f9053a541e0>,25,23,[14  2],26,-1,49,-1,26
1,<environment.Job instance at 0x7f9053a54690>,26,25,[14  4],27,-1,52,-1,27
1,<environment.Job instance at 0x7f9053a54780>,27,19,[13  5],28,-1,47,-1,28
1,<environment.Job instance at 0x7f9053a54230>,28,26,[10  2],29,-1,55,-1,29
1,<environment.Job instance at 0x7f9053a54280>,30,15,[ 1 11],31,-1,46,-1,31
1,<environment.Job instance at 0x7f9053a54be0>,31,26,[ 2 11],32,-1,58,-1,32
1,<environment.Job instance at 0x7f9053a54730>,32,23,[ 3 13],33,-1,56,-1,33
1,<environment.Job instance at 0x7f9053a54c30>,33,13,[12  5],34,-1,47,-1,34
1,<environment.Job instance at 0x7f9053a18f00>,34,26,[ 3 13],35,-1,61,-1,35
1,<environment.Job instance at 0x7f9053a54e60>,35,19,[ 4 14],36,-1,55,-1,36
1,<environment.Job instance at 0x7f9053a54f00>,36,17,[ 4 13],37,-1,54,-1,37
1,<environment.Job instance at 0x7f9053a546e0>,37,27,[ 2 11],38,-1,65,-1,38
1,<environment.Job instance at 0x7f9053a54f50>,39,24,[ 4 12],40,-1,64,-1,40
1,<environment.Job instance at 0x7f9053a545a0>,40,27,[11  4],41,-1,68,-1,41
1,<environment.Job instance at 0x7f9053a54a00>,42,26,[7 3],43,-1,70,-1,44
1,<environment.Job instance at 0x7f9053a163c0>,44,27,[10  1],45,-1,75,-1,48
1,<environment.Job instance at 0x7f9053a16780>,47,25,[ 2 14],48,-1,73,-1,48
1,<environment.Job instance at 0x7f9053a16690>,48,26,[ 1 14],49,-1,75,-1,49
1,<environment.Job instance at 0x7f9053a16820>,49,26,[2 7],50,-1,77,-1,51
1,<environment.Job instance at 0x7f9053a16a50>,51,23,[ 1 13],52,-1,91,-1,68
1,<environment.Job instance at 0x7f9053a16f50>,52,22,[ 3 13],53,-1,90,-1,68
1,<environment.Job instance at 0x7f9053a16b90>,53,13,[13  1],54,-1,81,-1,68
1,<environment.Job instance at 0x7f9053a16fa0>,54,25,[ 4 11],55,-1,93,-1,68
1,<environment.Job instance at 0x7f9053a16370>,55,14,[13  3],56,-1,82,-1,68
1,<environment.Job instance at 0x7f9053a11eb0>,56,24,[14  2],57,-1,92,-1,68
1,<environment.Job instance at 0x7f9053a11960>,57,22,[13  2],58,-1,90,-1,68
1,<environment.Job instance at 0x7f9053a11410>,58,28,[ 5 14],59,-1,96,-1,68
1,<environment.Job instance at 0x7f9053a11fa0>,59,26,[14  1],60,-1,94,-1,68
1,<environment.Job instance at 0x7f9053a11af0>,60,28,[13  2],61,-1,96,-1,68
1,<environment.Job instance at 0x7f9053a11be0>,61,28,[11  4],62,-1,96,-1,68
1,<environment.Job instance at 0x7f9053a11cd0>,62,27,[ 1 13],63,-1,95,-1,68
1,<environment.Job instance at 0x7f9053a115a0>,63,25,[ 5 12],64,-1,93,-1,68
1,<environment.Job instance at 0x7f9053a11140>,64,13,[13  4],65,-1,81,-1,68
1,<environment.Job instance at 0x7f9053a11370>,67,16,[ 4 13],68,-1,103,-1,87
1,<environment.Job instance at 0x7f9053a11e60>,68,28,[1 7],69,-1,115,-1,87
1,<environment.Job instance at 0x7f9053a114b0>,69,25,[13  2],70,-1,112,-1,87
1,<environment.Job instance at 0x7f9053a11050>,70,12,[13  4],71,-1,99,-1,87
1,<environment.Job instance at 0x7f9053a11230>,72,28,[ 1 11],73,-1,123,-1,95
1,<environment.Job instance at 0x7f9053a8e730>,73,22,[14  3],74,-1,117,-1,95
1,<environment.Job instance at 0x7f9053a8ef00>,74,28,[14  4],75,-1,123,-1,95
1,<environment.Job instance at 0x7f9053a8e410>,75,27,[13  4],76,-1,122,-1,95
1,<environment.Job instance at 0x7f9053a8e280>,76,27,[ 5 11],77,-1,122,-1,95
1,<environment.Job instance at 0x7f9053a8e690>,77,27,[6 4],78,-1,122,-1,95
1,<environment.Job instance at 0x7f9053a8e500>,78,17,[14  2],79,-1,112,-1,95
1,<environment.Job instance at 0x7f9053a8eb90>,79,24,[ 1 12],80,-1,119,-1,95
1,<environment.Job instance at 0x7f9053a8efa0>,80,24,[14  5],81,-1,119,-1,95
1,<environment.Job instance at 0x7f9053a8ef50>,81,18,[ 1 14],82,-1,113,-1,95
1,<environment.Job instance at 0x7f9053a8e7d0>,82,15,[ 1 13],83,-1,110,-1,95
1,<environment.Job instance at 0x7f9053a8e370>,84,21,[12  2],85,-1,127,-1,106
1,<environment.Job instance at 0x7f9053a8e4b0>,85,27,[ 4 12],86,-1,133,-1,106
1,<environment.Job instance at 0x7f9053a8e320>,86,20,[ 5 11],87,-1,126,-1,106
1,<environment.Job instance at 0x7f9053a8e780>,87,23,[ 3 13],88,-1,129,-1,106
1,<environment.Job instance at 0x7f9053a8e3c0>,88,28,[12  3],89,-1,134,-1,106
1,<environment.Job instance at 0x7f9053a8a4b0>,89,23,[14  2],90,-1,129,-1,106
1,<environment.Job instance at 0x7f9053a8a5a0>,90,26,[ 2 11],91,-1,132,-1,106
1,<environment.Job instance at 0x7f9053a8ab90>,91,27,[6 4],92,-1,133,-1,106
1,<environment.Job instance at 0x7f9053a8a910>,92,25,[ 4 14],93,-1,131,-1,106
1,<environment.Job instance at 0x7f9053a8a960>,93,17,[ 2 13],94,-1,123,-1,106
1,<environment.Job instance at 0x7f9053a8a9b0>,94,26,[13  2],95,-1,132,-1,106
1,<environment.Job instance at 0x7f9053a8a820>,95,24,[14  3],96,-1,130,-1,106
1,<environment.Job instance at 0x7f9053a8aa00>,96,24,[13  5],97,-1,130,-1,106
1,<environment.Job instance at 0x7f9053a8a870>,97,12,[ 4 13],98,-1,118,-1,106
1,<environment.Job instance at 0x7f9053a8aaf0>,98,27,[14  3],99,-1,133,-1,106
1,<environment.Job instance at 0x7f9053a8a730>,100,26,[ 5 11],101,-1,143,-1,117
1,<environment.Job instance at 0x7f9053a86190>,101,27,[12  5],102,-1,144,-1,117
1,<environment.Job instance at 0x7f9053a86140>,103,20,[11  1],104,-1,140,-1,120
1,<environment.Job instance at 0x7f9053a86d70>,104,26,[ 1 13],105,-1,146,-1,120
1,<environment.Job instance at 0x7f9053a86f50>,105,13,[ 1 13],106,-1,133,-1,120
1,<environment.Job instance at 0x7f9053a86c80>,106,18,[12  5],107,-1,138,-1,120
1,<environment.Job instance at 0x7f9053a86be0>,107,24,[ 5 12],108,-1,144,-1,120
1,<environment.Job instance at 0x7f9053a86b40>,108,22,[ 3 14],109,-1,142,-1,120
1,<environment.Job instance at 0x7f9053a86c30>,109,21,[ 2 11],110,-1,141,-1,120
1,<environment.Job instance at 0x7f9053a86820>,110,19,[13  2],111,-1,139,-1,120
1,<environment.Job instance at 0x7f9053a86aa0>,111,20,[ 3 14],112,-1,140,-1,120
1,<environment.Job instance at 0x7f9053a86320>,112,15,[ 1 12],113,-1,135,-1,120
1,<environment.Job instance at 0x7f9053a868c0>,113,25,[14  2],114,-1,145,-1,120
1,<environment.Job instance at 0x7f9053a86af0>,114,22,[11  3],115,-1,142,-1,120
1,<environment.Job instance at 0x7f9053a86640>,115,16,[14  2],116,-1,136,-1,120
1,<environment.Job instance at 0x7f9053a86e60>,116,26,[9 2],117,-1,146,-1,120
1,<environment.Job instance at 0x7f9054b15e10>,117,26,[ 2 10],118,-1,146,-1,120
1,<environment.Job instance at 0x7f9054b15910>,119,25,[5 5],120,-1,160,-1,135
1,<environment.Job instance at 0x7f9054b15550>,120,20,[ 3 12],121,-1,155,-1,135
1,<environment.Job instance at 0x7f9054b158c0>,122,26,[ 2 11],123,-1,164,-1,138
1,<environment.Job instance at 0x7f9054b15cd0>,123,27,[7 4],124,-1,165,-1,138
1,<environment.Job instance at 0x7f9054b156e0>,124,19,[ 2 13],125,-1,157,-1,138
1,<environment.Job instance at 0x7f9054b15dc0>,125,20,[12  3],126,-1,158,-1,138
1,<environment.Job instance at 0x7f9054b151e0>,126,24,[7 2],127,-1,162,-1,138
1,<environment.Job instance at 0x7f9054b15690>,127,22,[14  3],128,-1,160,-1,138
1,<environment.Job instance at 0x7f9054b155f0>,128,26,[12  1],129,-1,164,-1,138
1,<environment.Job instance at 0x7f9054b15fa0>,129,28,[ 3 12],130,-1,166,-1,138
1,<environment.Job instance at 0x7f905488a8c0>,131,25,[14  4],132,-1,182,-1,157
1,<environment.Job instance at 0x7f905488ac30>,132,26,[11  3],133,-1,183,-1,157
1,<environment.Job instance at 0x7f905488a280>,133,26,[3 7],134,-1,183,-1,157
1,<environment.Job instance at 0x7f905488a960>,135,23,[ 4 13],136,-1,183,-1,160
1,<environment.Job instance at 0x7f905488a870>,136,19,[11  1],137,-1,179,-1,160
1,<environment.Job instance at 0x7f905488a140>,137,26,[11  4],138,-1,186,-1,160
1,<environment.Job instance at 0x7f9053a25eb0>,1,22,[ 5 13],2,-1,24,-1,2
1,<environment.Job instance at 0x7f905488ae10>,2,24,[ 1 14],3,-1,27,-1,3
1,<environment.Job instance at 0x7f9053a255a0>,4,22,[12  4],5,-1,27,-1,5
1,<environment.Job instance at 0x7f9053a255f0>,6,24,[14  5],7,-1,31,-1,7
1,<environment.Job instance at 0x7f905488eeb0>,5,20,[5 8],6,-1,27,-1,7
1,<environment.Job instance at 0x7f905488e8c0>,8,23,[11  5],9,-1,32,-1,9
1,<environment.Job instance at 0x7f905488e460>,9,23,[ 2 12],10,-1,33,-1,10
1,<environment.Job instance at 0x7f905488e0f0>,7,19,[13  1],8,-1,29,-1,10
1,<environment.Job instance at 0x7f9053a4c550>,11,25,[7 3],12,-1,37,-1,12
1,<environment.Job instance at 0x7f9053a4c320>,12,23,[12  5],13,-1,36,-1,13
1,<environment.Job instance at 0x7f9053a4c9b0>,13,28,[11  2],14,-1,42,-1,14
1,<environment.Job instance at 0x7f9053a4c0f0>,14,27,[11  2],15,-1,42,-1,15
1,<environment.Job instance at 0x7f9053a4c370>,15,24,[6 4],16,-1,40,-1,16
1,<environment.Job instance at 0x7f9053a4c5a0>,16,17,[ 4 13],17,-1,34,-1,17
1,<environment.Job instance at 0x7f9053a4ce10>,18,13,[12  5],19,-1,32,-1,19
1,<environment.Job instance at 0x7f9053a4c5f0>,19,14,[ 2 12],20,-1,34,-1,20
1,<environment.Job instance at 0x7f905488e050>,22,24,[13  4],23,-1,47,-1,23
1,<environment.Job instance at 0x7f9053a4caf0>,23,19,[ 5 14],24,-1,43,-1,24
1,<environment.Job instance at 0x7f9053a4cf50>,21,21,[13  1],22,-1,45,-1,24
1,<environment.Job instance at 0x7f9053a4ca50>,24,28,[ 1 12],25,-1,53,-1,25
1,<environment.Job instance at 0x7f9053a4c960>,25,28,[12  3],26,-1,54,-1,26
1,<environment.Job instance at 0x7f9053a4caa0>,26,27,[2 7],27,-1,54,-1,27
1,<environment.Job instance at 0x7f9053a4c500>,28,14,[ 1 14],29,-1,43,-1,29
1,<environment.Job instance at 0x7f9054b11e60>,29,26,[ 5 12],30,-1,56,-1,30
1,<environment.Job instance at 0x7f9054b115f0>,27,23,[11  3],28,-1,53,-1,30
1,<environment.Job instance at 0x7f9054b11230>,30,22,[ 3 11],31,-1,53,-1,31
1,<environment.Job instance at 0x7f9054b11c80>,31,26,[ 3 14],32,-1,58,-1,32
1,<environment.Job instance at 0x7f9054b11370>,32,19,[ 4 12],33,-1,52,-1,33
1,<environment.Job instance at 0x7f9054b11960>,33,14,[ 3 14],34,-1,48,-1,34
1,<environment.Job instance at 0x7f9054b11d70>,34,20,[ 4 11],35,-1,55,-1,35
1,<environment.Job instance at 0x7f9054b11050>,36,22,[11  1],37,-1,59,-1,37
1,<environment.Job instance at 0x7f9054b114b0>,35,19,[12  1],36,-1,56,-1,37
1,<environment.Job instance at 0x7f9054b113c0>,37,20,[ 1 14],38,-1,58,-1,38
1,<environment.Job instance at 0x7f9054f770f0>,38,24,[4 6],39,-1,63,-1,39
1,<environment.Job instance at 0x7f9054f77eb0>,39,28,[9 2],40,-1,68,-1,40
1,<environment.Job instance at 0x7f9054f77410>,40,27,[ 1 11],41,-1,68,-1,41
1,<environment.Job instance at 0x7f9053a86910>,41,25,[ 1 12],42,-1,67,-1,42
1,<environment.Job instance at 0x7f9053a86780>,42,18,[ 4 14],43,-1,61,-1,43
1,<environment.Job instance at 0x7f9053a86730>,43,18,[ 1 11],44,-1,62,-1,44
1,<environment.Job instance at 0x7f9053a867d0>,44,21,[ 5 10],45,-1,66,-1,45
1,<environment.Job instance at 0x7f9053a86eb0>,45,14,[ 1 14],46,-1,60,-1,46
1,<environment.Job instance at 0x7f9053a860a0>,46,23,[4 8],47,-1,70,-1,47
1,<environment.Job instance at 0x7f9053a86550>,47,21,[ 5 12],48,-1,69,-1,48
1,<environment.Job instance at 0x7f9053a86d20>,48,21,[ 1 13],49,-1,70,-1,49
1,<environment.Job instance at 0x7f9053a86370>,50,25,[3 8],51,-1,76,-1,51
1,<environment.Job instance at 0x7f90542d9410>,51,24,[ 3 13],52,-1,76,-1,52
1,<environment.Job instance at 0x7f90542d9be0>,52,26,[4 6],53,-1,79,-1,53
1,<environment.Job instance at 0x7f9054b11280>,54,22,[ 1 10],55,-1,78,-1,56
1,<environment.Job instance at 0x7f90542d9190>,56,22,[ 1 13],57,-1,79,-1,57
1,<environment.Job instance at 0x7f90542d93c0>,57,14,[12  1],58,-1,72,-1,58
1,<environment.Job instance at 0x7f90542d9dc0>,58,27,[11  2],59,-1,86,-1,59
1,<environment.Job instance at 0x7f90542d9050>,59,13,[12  5],60,-1,73,-1,60
1,<environment.Job instance at 0x7f90542d99b0>,60,15,[13  2],61,-1,76,-1,61
1,<environment.Job instance at 0x7f90542d9c30>,61,19,[ 4 13],62,-1,81,-1,62
1,<environment.Job instance at 0x7f90542d9b40>,62,21,[ 5 12],63,-1,84,-1,63
1,<environment.Job instance at 0x7f90542d9aa0>,63,20,[14  2],64,-1,84,-1,64
1,<environment.Job instance at 0x7f90542d9910>,64,22,[10  5],65,-1,109,-1,87
1,<environment.Job instance at 0x7f905430bdc0>,69,15,[ 1 14],70,-1,102,-1,87
1,<environment.Job instance at 0x7f905430b3c0>,71,23,[2 5],72,-1,132,-1,109
1,<environment.Job instance at 0x7f905430bc30>,72,28,[14  3],73,-1,137,-1,109
1,<environment.Job instance at 0x7f905430b690>,73,25,[ 5 11],74,-1,134,-1,109
1,<environment.Job instance at 0x7f905430b9b0>,74,19,[ 2 12],75,-1,128,-1,109
1,<environment.Job instance at 0x7f9054ab1730>,75,26,[11  1],76,-1,135,-1,109
1,<environment.Job instance at 0x7f9054ab1af0>,76,27,[10  2],77,-1,136,-1,109
1,<environment.Job instance at 0x7f9054ab1910>,77,27,[13  1],78,-1,136,-1,109
1,<environment.Job instance at 0x7f9054ab1460>,78,22,[ 2 13],79,-1,131,-1,109
1,<environment.Job instance at 0x7f9054ab17d0>,79,12,[ 5 14],80,-1,121,-1,109
1,<environment.Job instance at 0x7f9054b15eb0>,80,28,[11  4],81,-1,137,-1,109
1,<environment.Job instance at 0x7f9054b155a0>,81,23,[13  4],82,-1,132,-1,109
1,<environment.Job instance at 0x7f9054b159b0>,82,25,[ 4 12],83,-1,134,-1,109
1,<environment.Job instance at 0x7f9054b15370>,83,26,[ 5 11],84,-1,135,-1,109
1,<environment.Job instance at 0x7f9054b15230>,84,21,[ 4 14],85,-1,130,-1,109
1,<environment.Job instance at 0x7f9054b150a0>,85,17,[ 3 13],86,-1,126,-1,109
1,<environment.Job instance at 0x7f9054b15410>,86,25,[ 2 10],87,-1,134,-1,109
1,<environment.Job instance at 0x7f9054b15140>,87,23,[7 1],88,-1,132,-1,109
1,<environment.Job instance at 0x7f9054b15d70>,88,13,[11  5],89,-1,122,-1,109
1,<environment.Job instance at 0x7f90539f2870>,91,21,[11  1],92,-1,146,-1,125
1,<environment.Job instance at 0x7f90539f2b90>,92,19,[ 3 11],93,-1,144,-1,125
1,<environment.Job instance at 0x7f90539f2aa0>,93,21,[ 1 11],94,-1,146,-1,125
1,<environment.Job instance at 0x7f90539f24b0>,94,25,[11  4],95,-1,150,-1,125
1,<environment.Job instance at 0x7f90539f2820>,95,20,[ 3 11],96,-1,145,-1,125
1,<environment.Job instance at 0x7f90539f2f00>,97,21,[ 2 14],98,-1,152,-1,131
1,<environment.Job instance at 0x7f90539f2cd0>,98,17,[ 3 12],99,-1,148,-1,131
1,<environment.Job instance at 0x7f90539f25f0>,99,16,[ 4 14],100,-1,147,-1,131
1,<environment.Job instance at 0x7f90539f2410>,100,21,[ 1 11],101,-1,152,-1,131
1,<environment.Job instance at 0x7f90539f2640>,101,15,[11  5],102,-1,146,-1,131
1,<environment.Job instance at 0x7f90539f2690>,102,20,[ 2 14],103,-1,151,-1,131
1,<environment.Job instance at 0x7f90539f2550>,103,27,[ 5 12],104,-1,158,-1,131
1,<environment.Job instance at 0x7f90539f21e0>,104,27,[7 3],105,-1,158,-1,131
1,<environment.Job instance at 0x7f90539f2050>,105,20,[12  3],106,-1,151,-1,131
1,<environment.Job instance at 0x7f90539f2730>,106,12,[ 3 13],107,-1,143,-1,131
1,<environment.Job instance at 0x7f90539f2140>,107,25,[12  3],108,-1,156,-1,131
1,<environment.Job instance at 0x7f90539f2c30>,108,23,[11  5],109,-1,154,-1,131
1,<environment.Job instance at 0x7f90539f2b40>,109,27,[7 3],110,-1,158,-1,131
1,<environment.Job instance at 0x7f90539f27d0>,110,22,[3 9],111,-1,182,-1,160
1,<environment.Job instance at 0x7f9053a165a0>,112,12,[12  5],113,-1,172,-1,160
1,<environment.Job instance at 0x7f9053a16af0>,113,21,[12  5],114,-1,181,-1,160
1,<environment.Job instance at 0x7f9053a162d0>,114,22,[14  5],115,-1,182,-1,160
1,<environment.Job instance at 0x7f9053a16230>,115,19,[11  2],116,-1,179,-1,160
1,<environment.Job instance at 0x7f905dc3b910>,1,17,[ 4 12],2,-1,19,-1,2
1,<environment.Job instance at 0x7f9054865550>,2,26,[ 3 13],3,-1,29,-1,3
1,<environment.Job instance at 0x7f9054e8dc30>,3,24,[ 1 12],4,-1,28,-1,4
1,<environment.Job instance at 0x7f9054850eb0>,4,13,[ 1 13],5,-1,18,-1,5
1,<environment.Job instance at 0x7f90548501e0>,6,27,[ 3 14],7,-1,34,-1,7
1,<environment.Job instance at 0x7f9054850c80>,7,27,[1 9],8,-1,35,-1,8
1,<environment.Job instance at 0x7f9054850dc0>,8,27,[ 3 13],9,-1,36,-1,9
1,<environment.Job instance at 0x7f9054850be0>,10,15,[14  1],11,-1,26,-1,11
1,<environment.Job instance at 0x7f90543e5550>,11,26,[12  3],12,-1,38,-1,12
1,<environment.Job instance at 0x7f9053a16230>,12,27,[11  2],13,-1,40,-1,13
1,<environment.Job instance at 0x7f905482c190>,13,12,[ 3 13],14,-1,26,-1,14
1,<environment.Job instance at 0x7f905482c690>,14,28,[13  1],15,-1,43,-1,15
1,<environment.Job instance at 0x7f905482c7d0>,15,22,[14  1],16,-1,38,-1,16
1,<environment.Job instance at 0x7f905482ca00>,16,28,[ 3 13],17,-1,45,-1,17
1,<environment.Job instance at 0x7f905482cc80>,17,20,[ 3 11],18,-1,38,-1,18
1,<environment.Job instance at 0x7f905482ce60>,19,24,[12  2],20,-1,44,-1,20
1,<environment.Job instance at 0x7f905482c960>,20,27,[ 1 13],21,-1,48,-1,21
1,<environment.Job instance at 0x7f905482c0a0>,21,24,[12  5],22,-1,46,-1,22
1,<environment.Job instance at 0x7f9054837280>,22,19,[ 4 13],23,-1,42,-1,23
1,<environment.Job instance at 0x7f90548371e0>,23,24,[ 4 11],24,-1,48,-1,24
1,<environment.Job instance at 0x7f9054837730>,24,21,[ 2 11],25,-1,46,-1,25
1,<environment.Job instance at 0x7f9054850b40>,26,27,[ 3 11],27,-1,54,-1,27
1,<environment.Job instance at 0x7f90548314b0>,27,13,[12  5],28,-1,41,-1,28
1,<environment.Job instance at 0x7f9054831640>,28,27,[8 2],29,-1,57,-1,30
1,<environment.Job instance at 0x7f9054831aa0>,30,27,[8 4],31,-1,58,-1,31
1,<environment.Job instance at 0x7f90548318c0>,31,15,[ 4 14],32,-1,47,-1,32
1,<environment.Job instance at 0x7f90548ae0f0>,32,23,[14  5],33,-1,56,-1,33
1,<environment.Job instance at 0x7f90548dff50>,33,22,[13  2],34,-1,56,-1,34
1,<environment.Job instance at 0x7f90548a9910>,34,24,[ 2 14],35,-1,59,-1,35
1,<environment.Job instance at 0x7f905438c5a0>,35,24,[5 7],36,-1,60,-1,36
1,<environment.Job instance at 0x7f905438cbe0>,36,13,[14  2],37,-1,50,-1,37
1,<environment.Job instance at 0x7f905438c8c0>,37,27,[ 5 14],38,-1,65,-1,38
1,<environment.Job instance at 0x7f905438c280>,38,28,[11  4],39,-1,67,-1,39
1,<environment.Job instance at 0x7f905438cb90>,39,23,[ 1 13],40,-1,63,-1,40
1,<environment.Job instance at 0x7f9053af4690>,40,24,[ 2 11],41,-1,65,-1,41
1,<environment.Job instance at 0x7f9053af4e60>,41,26,[11  1],42,-1,68,-1,42
1,<environment.Job instance at 0x7f90548bf910>,42,25,[ 1 12],43,-1,68,-1,43
1,<environment.Job instance at 0x7f90548ada50>,43,26,[14  3],44,-1,70,-1,44
1,<environment.Job instance at 0x7f9054854550>,44,25,[13  5],45,-1,70,-1,45
1,<environment.Job instance at 0x7f90548541e0>,45,24,[5 3],46,-1,71,-1,47
1,<environment.Job instance at 0x7f90548e3730>,47,24,[5 2],48,-1,72,-1,48
1,<environment.Job instance at 0x7f90548e3690>,48,25,[13  4],49,-1,74,-1,49
1,<environment.Job instance at 0x7f9053afb1e0>,50,20,[ 4 13],51,-1,71,-1,51
1,<environment.Job instance at 0x7f9053b04320>,51,17,[13  2],52,-1,69,-1,52
1,<environment.Job instance at 0x7f9053b04fa0>,52,20,[ 1 11],53,-1,73,-1,53
1,<environment.Job instance at 0x7f90548b5500>,54,26,[11  3],55,-1,81,-1,55
1,<environment.Job instance at 0x7f9053ad5230>,60,22,[11  4],61,-1,142,-1,120
1,<environment.Job instance at 0x7f9053ad5280>,61,22,[3 9],62,-1,143,-1,121
1,<environment.Job instance at 0x7f9053ad5190>,62,20,[12  1],63,-1,141,-1,121
1,<environment.Job instance at 0x7f9053ad51e0>,63,22,[5 3],64,-1,152,-1,130
1,<environment.Job instance at 0x7f9053ad50a0>,65,26,[9 5],66,-1,164,-1,138
1,<environment.Job instance at 0x7f9053ad5870>,66,27,[ 2 14],67,-1,165,-1,138
1,<environment.Job instance at 0x7f9053ad58c0>,68,20,[ 4 11],69,-1,158,-1,138
1,<environment.Job instance at 0x7f9053ad59b0>,69,16,[ 1 11],70,-1,154,-1,138
1,<environment.Job instance at 0x7f9053ad5f50>,70,28,[12  4],71,-1,166,-1,138
1,<environment.Job instance at 0x7f90548c2eb0>,1,23,[ 3 11],2,-1,25,-1,2
1,<environment.Job instance at 0x7f90548c2b90>,3,21,[ 1 13],4,-1,25,-1,4
1,<environment.Job instance at 0x7f90548c25a0>,4,28,[14  1],5,-1,33,-1,5
1,<environment.Job instance at 0x7f90548c2410>,5,28,[4 5],6,-1,34,-1,6
1,<environment.Job instance at 0x7f90548c2c80>,6,17,[ 3 14],7,-1,24,-1,7
1,<environment.Job instance at 0x7f90548c2730>,7,25,[12  5],8,-1,33,-1,8
1,<environment.Job instance at 0x7f90548a9d70>,8,16,[ 1 12],9,-1,25,-1,9
1,<environment.Job instance at 0x7f90548a9230>,9,17,[13  2],10,-1,27,-1,10
1,<environment.Job instance at 0x7f90548a9af0>,10,23,[5 9],11,-1,34,-1,11
1,<environment.Job instance at 0x7f90548a90a0>,11,24,[ 2 14],12,-1,36,-1,12
1,<environment.Job instance at 0x7f90548a9280>,13,28,[11  2],14,-1,42,-1,14
1,<environment.Job instance at 0x7f90548a9460>,14,28,[ 4 10],15,-1,43,-1,15
1,<environment.Job instance at 0x7f9053ad71e0>,16,19,[ 2 13],17,-1,36,-1,17
1,<environment.Job instance at 0x7f90548a9f50>,15,24,[6 2],16,-1,41,-1,17
1,<environment.Job instance at 0x7f90548a9be0>,17,21,[ 5 12],18,-1,39,-1,18
1,<environment.Job instance at 0x7f90548a9820>,18,24,[ 4 12],19,-1,43,-1,19
1,<environment.Job instance at 0x7f90548a9550>,20,26,[12  2],21,-1,47,-1,21
1,<environment.Job instance at 0x7f90548a9a00>,21,28,[ 2 14],22,-1,50,-1,22
1,<environment.Job instance at 0x7f90548a9f00>,22,24,[ 1 11],23,-1,47,-1,23
1,<environment.Job instance at 0x7f90548a9cd0>,23,17,[ 3 11],24,-1,41,-1,24
1,<environment.Job instance at 0x7f90548a9690>,26,25,[14  1],27,-1,52,-1,27
1,<environment.Job instance at 0x7f90548a9140>,27,20,[11  1],28,-1,48,-1,28
1,<environment.Job instance at 0x7f90548aeb40>,28,25,[ 2 14],29,-1,54,-1,29
1,<environment.Job instance at 0x7f90548ae320>,29,17,[ 2 14],30,-1,47,-1,30
1,<environment.Job instance at 0x7f90548aecd0>,30,24,[10  2],31,-1,55,-1,31
1,<environment.Job instance at 0x7f90548aef50>,35,17,[ 2 13],36,-1,56,-1,39
1,<environment.Job instance at 0x7f90548ae7d0>,36,16,[14  4],37,-1,55,-1,39
1,<environment.Job instance at 0x7f90548aeaa0>,37,22,[ 4 14],38,-1,61,-1,39
1,<environment.Job instance at 0x7f90548ae280>,38,23,[ 3 14],39,-1,62,-1,39
1,<environment.Job instance at 0x7f90548ae2d0>,39,15,[13  2],40,-1,55,-1,40
1,<environment.Job instance at 0x7f90548ae640>,40,16,[12  4],41,-1,57,-1,41
1,<environment.Job instance at 0x7f90548aef00>,41,16,[11  2],42,-1,58,-1,42
1,<environment.Job instance at 0x7f90548ae460>,42,17,[ 3 11],43,-1,60,-1,43
1,<environment.Job instance at 0x7f90548ae3c0>,43,23,[14  2],44,-1,67,-1,44
1,<environment.Job instance at 0x7f90548aea50>,44,24,[5 9],45,-1,69,-1,45
1,<environment.Job instance at 0x7f90548aec80>,45,12,[12  5],46,-1,58,-1,46
1,<environment.Job instance at 0x7f90548aea00>,46,28,[ 2 11],47,-1,75,-1,47
1,<environment.Job instance at 0x7f90548ad280>,47,26,[9 1],48,-1,74,-1,48
1,<environment.Job instance at 0x7f90548add70>,48,24,[14  5],49,-1,73,-1,49
1,<environment.Job instance at 0x7f90548adcd0>,49,23,[14  3],50,-1,73,-1,50
1,<environment.Job instance at 0x7f90548adb90>,50,25,[ 1 12],51,-1,76,-1,51
1,<environment.Job instance at 0x7f90548ad960>,51,25,[12  4],52,-1,77,-1,52
1,<environment.Job instance at 0x7f90548adeb0>,52,24,[ 3 11],53,-1,77,-1,53
1,<environment.Job instance at 0x7f90548addc0>,53,25,[ 2 12],54,-1,79,-1,54
1,<environment.Job instance at 0x7f90548ad550>,54,22,[ 4 14],55,-1,77,-1,55
1,<environment.Job instance at 0x7f90548ad5a0>,55,22,[13  5],56,-1,78,-1,56
1,<environment.Job instance at 0x7f90548adc30>,56,26,[11  3],57,-1,83,-1,57
1,<environment.Job instance at 0x7f90548adb40>,57,19,[14  1],58,-1,77,-1,58
1,<environment.Job instance at 0x7f90548ada00>,58,19,[11  5],59,-1,78,-1,59
1,<environment.Job instance at 0x7f90548adaa0>,59,23,[14  1],60,-1,83,-1,60
1,<environment.Job instance at 0x7f90548ad2d0>,60,21,[11  2],61,-1,82,-1,61
1,<environment.Job instance at 0x7f90548ad500>,61,22,[ 3 13],62,-1,84,-1,62
1,<environment.Job instance at 0x7f9054c22a00>,62,22,[14  5],63,-1,85,-1,63
1,<environment.Job instance at 0x7f9054c22dc0>,63,26,[ 4 14],64,-1,90,-1,64
1,<environment.Job instance at 0x7f9054c221e0>,64,18,[ 3 14],65,-1,83,-1,65
1,<environment.Job instance at 0x7f9054c22230>,65,22,[ 2 11],66,-1,88,-1,66
1,<environment.Job instance at 0x7f9054c220f0>,67,15,[ 1 12],68,-1,83,-1,68
1,<environment.Job instance at 0x7f9054c228c0>,68,22,[ 2 11],69,-1,91,-1,69
1,<environment.Job instance at 0x7f9054c22d70>,69,23,[ 5 11],70,-1,93,-1,70
1,<environment.Job instance at 0x7f9054c22f50>,70,24,[11  1],71,-1,95,-1,71
1,<environment.Job instance at 0x7f9054c22690>,71,23,[5 1],72,-1,95,-1,72
1,<environment.Job instance at 0x7f9054c22910>,73,13,[11  2],74,-1,87,-1,74
1,<environment.Job instance at 0x7f9054c229b0>,74,21,[ 2 13],75,-1,96,-1,75
1,<environment.Job instance at 0x7f9054c22870>,75,26,[11  3],76,-1,102,-1,76
1,<environment.Job instance at 0x7f9054c22eb0>,76,25,[11  3],77,-1,102,-1,77
1,<environment.Job instance at 0x7f9054c22b90>,78,21,[ 3 11],79,-1,100,-1,79
1,<environment.Job instance at 0x7f9054c224b0>,79,19,[ 3 12],80,-1,99,-1,80
1,<environment.Job instance at 0x7f9054c22aa0>,80,27,[5 8],81,-1,108,-1,81
1,<environment.Job instance at 0x7f9054e6f7d0>,85,24,[ 1 12],86,-1,140,-1,116
1,<environment.Job instance at 0x7f9054e6fa50>,86,19,[ 1 13],87,-1,135,-1,116
1,<environment.Job instance at 0x7f9054e6fb40>,88,19,[14  5],89,-1,155,-1,136
1,<environment.Job instance at 0x7f9054e6f3c0>,90,19,[ 2 11],91,-1,175,-1,156
1,<environment.Job instance at 0x7f9054e6ff00>,91,24,[4 5],92,-1,180,-1,156
1,<environment.Job instance at 0x7f9054e6f550>,92,27,[ 1 13],93,-1,183,-1,156
1,<environment.Job instance at 0x7f9054e6faf0>,93,12,[13  2],94,-1,168,-1,156
1,<environment.Job instance at 0x7f9054e6fc80>,95,26,[2 8],96,-1,183,-1,157
1,<environment.Job instance at 0x7f9054e6f5f0>,96,23,[4 7],97,-1,180,-1,157
1,<environment.Job instance at 0x7f9054e6f820>,97,12,[12  2],98,-1,169,-1,157
1,<environment.Job instance at 0x7f9054e6f690>,98,21,[ 3 11],99,-1,178,-1,157
1,<environment.Job instance at 0x7f9054e6f9b0>,99,22,[ 2 13],100,-1,179,-1,157
1,<environment.Job instance at 0x7f9054e6f0a0>,100,28,[ 4 12],101,-1,185,-1,157
1,<environment.Job instance at 0x7f9054e4bd20>,101,20,[ 3 12],102,-1,177,-1,157
1,<environment.Job instance at 0x7f9054ad4fa0>,1,25,[ 2 12],2,-1,27,-1,2
1,<environment.Job instance at 0x7f905483e9b0>,2,24,[ 2 12],3,-1,27,-1,3
1,<environment.Job instance at 0x7f9054ad6370>,5,26,[ 1 13],6,-1,32,-1,6
1,<environment.Job instance at 0x7f9054e35a50>,4,23,[11  3],5,-1,29,-1,6
1,<environment.Job instance at 0x7f9054ad6aa0>,7,19,[ 2 12],8,-1,27,-1,8
1,<environment.Job instance at 0x7f9053be9be0>,8,27,[ 1 14],9,-1,36,-1,9
1,<environment.Job instance at 0x7f9053be9910>,9,20,[ 3 12],10,-1,30,-1,10
1,<environment.Job instance at 0x7f9053be9870>,10,19,[ 4 12],11,-1,30,-1,11
1,<environment.Job instance at 0x7f9053be9b40>,11,28,[ 5 13],12,-1,40,-1,12
1,<environment.Job instance at 0x7f9053be9a00>,12,17,[ 2 14],13,-1,30,-1,13
1,<environment.Job instance at 0x7f9053be9370>,13,27,[12  4],14,-1,41,-1,14
1,<environment.Job instance at 0x7f9053be9c80>,14,28,[11  2],15,-1,43,-1,15
1,<environment.Job instance at 0x7f9053be95f0>,15,17,[ 2 14],16,-1,33,-1,16
1,<environment.Job instance at 0x7f9053be9550>,16,26,[12  5],17,-1,43,-1,17
1,<environment.Job instance at 0x7f9053be9dc0>,17,25,[ 3 13],18,-1,43,-1,18
1,<environment.Job instance at 0x7f9055023320>,18,22,[ 4 11],19,-1,41,-1,19
1,<environment.Job instance at 0x7f9055023640>,19,25,[ 1 12],20,-1,45,-1,20
1,<environment.Job instance at 0x7f90550230f0>,20,20,[11  1],21,-1,41,-1,21
1,<environment.Job instance at 0x7f9055023d20>,23,28,[13  5],24,-1,52,-1,24
1,<environment.Job instance at 0x7f9055023730>,24,19,[ 1 13],25,-1,44,-1,25
1,<environment.Job instance at 0x7f9055023b40>,26,26,[ 5 12],27,-1,53,-1,27
1,<environment.Job instance at 0x7f9055023fa0>,25,23,[1 5],26,-1,50,-1,27
1,<environment.Job instance at 0x7f9053bf71e0>,28,22,[14  1],29,-1,51,-1,29
1,<environment.Job instance at 0x7f9053c06320>,29,25,[8 2],30,-1,55,-1,30
1,<environment.Job instance at 0x7f9053c06730>,30,15,[14  4],31,-1,46,-1,31
1,<environment.Job instance at 0x7f9053c06aa0>,31,25,[ 5 10],32,-1,57,-1,32
1,<environment.Job instance at 0x7f9053c47a50>,32,20,[12  3],33,-1,53,-1,33
1,<environment.Job instance at 0x7f9053c25460>,33,20,[ 4 11],34,-1,54,-1,34
1,<environment.Job instance at 0x7f9053c063c0>,34,19,[ 2 13],35,-1,54,-1,35
1,<environment.Job instance at 0x7f9054380690>,35,15,[14  2],36,-1,51,-1,36
1,<environment.Job instance at 0x7f90543807d0>,36,27,[13  3],37,-1,64,-1,37
1,<environment.Job instance at 0x7f9054380b40>,37,17,[12  1],38,-1,55,-1,38
1,<environment.Job instance at 0x7f9054b6cdc0>,39,19,[ 2 11],40,-1,59,-1,40
1,<environment.Job instance at 0x7f9054380d20>,38,21,[11  1],39,-1,61,-1,40
1,<environment.Job instance at 0x7f90543808c0>,41,23,[14  3],42,-1,65,-1,42
1,<environment.Job instance at 0x7f90539d4640>,42,26,[8 2],43,-1,69,-1,43
1,<environment.Job instance at 0x7f9053a84f50>,43,19,[13  4],44,-1,63,-1,44
1,<environment.Job instance at 0x7f9053a0a460>,44,24,[ 5 11],45,-1,69,-1,45
1,<environment.Job instance at 0x7f9053a8a0a0>,46,20,[12  2],47,-1,67,-1,47
1,<environment.Job instance at 0x7f9053a69050>,48,28,[14  4],49,-1,77,-1,49
1,<environment.Job instance at 0x7f9054b3e280>,49,24,[ 3 13],50,-1,74,-1,50
1,<environment.Job instance at 0x7f9053a0d0a0>,55,27,[13  1],56,-1,114,-1,87
1,<environment.Job instance at 0x7f9053a0dd70>,56,24,[ 2 14],57,-1,111,-1,87
1,<environment.Job instance at 0x7f9053a0d2d0>,57,14,[ 5 12],58,-1,101,-1,87
1,<environment.Job instance at 0x7f9053a0d960>,58,19,[13  3],59,-1,106,-1,87
1,<environment.Job instance at 0x7f9053a00910>,59,21,[ 2 13],60,-1,108,-1,87
1,<environment.Job instance at 0x7f9053a00730>,60,19,[ 2 13],61,-1,106,-1,87
1,<environment.Job instance at 0x7f9053a007d0>,61,24,[ 4 12],62,-1,111,-1,87
1,<environment.Job instance at 0x7f9053a00b40>,63,23,[ 4 11],64,-1,116,-1,93
1,<environment.Job instance at 0x7f9053a00a50>,64,26,[ 3 14],65,-1,119,-1,93
1,<environment.Job instance at 0x7f9053a00a00>,65,21,[ 2 12],66,-1,114,-1,93
1,<environment.Job instance at 0x7f9053a00e60>,66,20,[12  5],67,-1,113,-1,93
1,<environment.Job instance at 0x7f9053a00f00>,67,24,[4 6],68,-1,117,-1,93
1,<environment.Job instance at 0x7f9053a00460>,68,23,[13  5],69,-1,116,-1,93
1,<environment.Job instance at 0x7f9053a00780>,69,28,[14  2],70,-1,121,-1,93
1,<environment.Job instance at 0x7f9053a4f370>,70,22,[11  4],71,-1,115,-1,93
1,<environment.Job instance at 0x7f9053a4feb0>,72,24,[ 4 10],73,-1,128,-1,104
1,<environment.Job instance at 0x7f9053a4f5a0>,73,22,[14  1],74,-1,126,-1,104
1,<environment.Job instance at 0x7f9053a4f4b0>,74,22,[13  1],75,-1,126,-1,104
1,<environment.Job instance at 0x7f9053a4f320>,75,24,[ 5 13],76,-1,128,-1,104
1,<environment.Job instance at 0x7f9053a4f460>,76,22,[ 2 12],77,-1,126,-1,104
1,<environment.Job instance at 0x7f9053a4f550>,77,22,[ 4 14],78,-1,126,-1,104
1,<environment.Job instance at 0x7f9053a550f0>,78,18,[ 1 12],79,-1,122,-1,104
1,<environment.Job instance at 0x7f9053a82140>,80,25,[10  5],81,-1,129,-1,104
1,<environment.Job instance at 0x7f9053a821e0>,81,20,[ 1 14],82,-1,124,-1,104
1,<environment.Job instance at 0x7f9053a82280>,82,21,[12  2],83,-1,125,-1,104
1,<environment.Job instance at 0x7f9053a82320>,83,27,[ 1 14],84,-1,131,-1,104
1,<environment.Job instance at 0x7f9053a823c0>,84,21,[ 3 11],85,-1,125,-1,104
1,<environment.Job instance at 0x7f9053a82500>,85,22,[14  1],86,-1,126,-1,104
1,<environment.Job instance at 0x7f9053a825a0>,86,20,[ 4 13],87,-1,124,-1,104
1,<environment.Job instance at 0x7f9053a826e0>,87,28,[9 2],88,-1,132,-1,104
1,<environment.Job instance at 0x7f9053a827d0>,89,15,[ 5 12],90,-1,130,-1,115
1,<environment.Job instance at 0x7f9053a82870>,90,22,[11  4],91,-1,137,-1,115
1,<environment.Job instance at 0x7f9053a82910>,91,26,[13  4],92,-1,141,-1,115
1,<environment.Job instance at 0x7f9053a829b0>,92,22,[13  3],93,-1,137,-1,115
1,<environment.Job instance at 0x7f9053a82a00>,93,24,[ 5 11],94,-1,139,-1,115
1,<environment.Job instance at 0x7f9053a828c0>,94,22,[ 4 11],95,-1,137,-1,115
1,<environment.Job instance at 0x7f9053a82be0>,95,25,[ 5 14],96,-1,140,-1,115
1,<environment.Job instance at 0x7f9053a82c80>,96,24,[ 5 11],97,-1,139,-1,115
1,<environment.Job instance at 0x7f9053a82d20>,97,20,[13  1],98,-1,135,-1,115
1,<environment.Job instance at 0x7f9053a82dc0>,98,23,[ 2 14],99,-1,138,-1,115
1,<environment.Job instance at 0x7f9053a82e60>,99,27,[9 4],100,-1,142,-1,115
1,<environment.Job instance at 0x7f9053a82f00>,100,23,[ 3 11],101,-1,138,-1,115
1,<environment.Job instance at 0x7f9053a82fa0>,101,12,[12  5],102,-1,127,-1,115
1,<environment.Job instance at 0x7f9053a82eb0>,102,23,[14  4],103,-1,138,-1,115
1,<environment.Job instance at 0x7f9053a74050>,104,21,[13  5],105,-1,149,-1,128
1,<environment.Job instance at 0x7f9053a74320>,105,27,[11  5],106,-1,155,-1,128
1,<environment.Job instance at 0x7f9053a74230>,106,20,[ 1 11],107,-1,148,-1,128
1,<environment.Job instance at 0x7f9053a74460>,107,20,[13  1],108,-1,148,-1,128
1,<environment.Job instance at 0x7f9053a743c0>,108,22,[11  5],109,-1,150,-1,128
1,<environment.Job instance at 0x7f9053a745a0>,109,19,[ 3 12],110,-1,147,-1,128
1,<environment.Job instance at 0x7f9053a74500>,110,19,[13  3],111,-1,147,-1,128
1,<environment.Job instance at 0x7f9053a746e0>,111,21,[ 3 14],112,-1,149,-1,128
1,<environment.Job instance at 0x7f9053a74640>,112,16,[ 2 12],113,-1,144,-1,128
1,<environment.Job instance at 0x7f9053a74780>,113,23,[ 3 13],114,-1,151,-1,128
1,<environment.Job instance at 0x7f9053a74690>,115,25,[ 1 14],116,-1,159,-1,134
1,<environment.Job instance at 0x7f9053a74a50>,116,21,[ 1 11],117,-1,155,-1,134
1,<environment.Job instance at 0x7f9053a74af0>,117,17,[ 2 14],118,-1,151,-1,134
1,<environment.Job instance at 0x7f9053a74b40>,118,25,[2 8],119,-1,159,-1,134
1,<environment.Job instance at 0x7f9053a74be0>,119,19,[12  3],120,-1,153,-1,134
1,<environment.Job instance at 0x7f9053a74c80>,120,13,[11  1],121,-1,147,-1,134
1,<environment.Job instance at 0x7f9053a74d20>,121,23,[13  2],122,-1,157,-1,134
1,<environment.Job instance at 0x7f9053a74e10>,122,13,[11  5],123,-1,147,-1,134
1,<environment.Job instance at 0x7f9053a74eb0>,123,19,[ 3 11],124,-1,153,-1,134
1,<environment.Job instance at 0x7f9053a74f50>,124,28,[11  3],125,-1,162,-1,134
1,<environment.Job instance at 0x7f9053a74f00>,126,27,[14  3],127,-1,161,-1,134
1,<environment.Job instance at 0x7f9053a74a00>,127,20,[3 9],128,-1,167,-1,147
1,<environment.Job instance at 0x7f905494f5f0>,128,25,[ 1 13],129,-1,172,-1,147
1,<environment.Job instance at 0x7f905494f780>,129,22,[14  2],130,-1,169,-1,147
1,<environment.Job instance at 0x7f905494fdc0>,130,24,[13  4],131,-1,171,-1,147
1,<environment.Job instance at 0x7f905494fa50>,131,24,[ 5 11],132,-1,171,-1,147
1,<environment.Job instance at 0x7f905494f820>,132,20,[ 5 11],133,-1,167,-1,147
1,<environment.Job instance at 0x7f905494f230>,133,21,[13  4],134,-1,168,-1,147
1,<environment.Job instance at 0x7f905494f730>,134,25,[12  4],135,-1,172,-1,147
1,<environment.Job instance at 0x7f905494f5a0>,136,12,[13  4],137,-1,159,-1,147
1,<environment.Job instance at 0x7f905494ff00>,137,21,[ 4 12],138,-1,168,-1,147
1,<environment.Job instance at 0x7f905494f4b0>,138,13,[ 2 12],139,-1,160,-1,147
1,<environment.Job instance at 0x7f905494fa00>,139,25,[3 8],140,-1,172,-1,147
1,<environment.Job instance at 0x7f905494fbe0>,140,21,[12  5],141,-1,168,-1,147
1,<environment.Job instance at 0x7f905494f460>,141,21,[ 5 11],142,-1,168,-1,147
1,<environment.Job instance at 0x7f905494f690>,142,21,[ 1 11],143,-1,168,-1,147
1,<environment.Job instance at 0x7f905494fb40>,143,21,[12  4],144,-1,168,-1,147
1,<environment.Job instance at 0x7f905494fe60>,144,21,[13  3],145,-1,168,-1,147
1,<environment.Job instance at 0x7f905494fd70>,145,27,[3 5],146,-1,174,-1,147
1,<environment.Job instance at 0x7f905494f0f0>,146,25,[5 9],147,-1,172,-1,147
1,<environment.Job instance at 0x7f905494f140>,147,27,[ 1 14],148,-1,175,-1,148
1,<environment.Job instance at 0x7f905494f3c0>,148,24,[9 3],149,-1,173,-1,149
1,<environment.Job instance at 0x7f905494fcd0>,149,23,[ 2 14],150,-1,173,-1,150
1,<environment.Job instance at 0x7f905493f0a0>,150,19,[ 5 13],151,-1,170,-1,151
1,<environment.Job instance at 0x7f9054ab7f00>,2,27,[1 7],3,-1,30,-1,3
1,<environment.Job instance at 0x7f905493f190>,3,24,[ 1 14],4,-1,28,-1,4
1,<environment.Job instance at 0x7f9054ab7140>,5,21,[ 3 13],6,-1,27,-1,6
1,<environment.Job instance at 0x7f9054ab7cd0>,6,28,[9 5],7,-1,35,-1,7
1,<environment.Job instance at 0x7f9054ab7870>,7,20,[13  1],8,-1,28,-1,8
1,<environment.Job instance at 0x7f9054ab7820>,8,19,[ 2 13],9,-1,28,-1,9
1,<environment.Job instance at 0x7f9054ab77d0>,9,28,[11  3],10,-1,38,-1,10
1,<environment.Job instance at 0x7f9054ab7910>,10,23,[11  2],11,-1,34,-1,11
1,<environment.Job instance at 0x7f9054ab7320>,11,22,[12  2],12,-1,34,-1,12
1,<environment.Job instance at 0x7f9054ab7050>,12,24,[ 5 12],13,-1,37,-1,13
1,<environment.Job instance at 0x7f9054ab7500>,13,28,[ 5 10],14,-1,42,-1,14
1,<environment.Job instance at 0x7f9054ab7190>,14,21,[ 4 13],15,-1,36,-1,15
1,<environment.Job instance at 0x7f9054ab7e10>,16,28,[ 4 14],17,-1,45,-1,17
1,<environment.Job instance at 0x7f9053d614b0>,21,13,[ 4 14],22,-1,65,-1,52
1,<environment.Job instance at 0x7f9053d61b40>,22,16,[ 5 13],23,-1,68,-1,52
1,<environment.Job instance at 0x7f9053d61f50>,23,24,[14  4],24,-1,76,-1,52
1,<environment.Job instance at 0x7f9053d61870>,24,25,[ 4 13],25,-1,77,-1,52
1,<environment.Job instance at 0x7f9053d61320>,25,20,[13  1],26,-1,72,-1,52
1,<environment.Job instance at 0x7f9053d617d0>,26,27,[10  4],27,-1,79,-1,52
1,<environment.Job instance at 0x7f9053d61460>,29,24,[ 4 10],30,-1,86,-1,62
1,<environment.Job instance at 0x7f9053d61e60>,30,26,[ 4 13],31,-1,88,-1,62
1,<environment.Job instance at 0x7f9053d61d70>,31,25,[12  3],32,-1,87,-1,62
1,<environment.Job instance at 0x7f9053d615f0>,32,23,[7 4],33,-1,85,-1,62
1,<environment.Job instance at 0x7f9053d61eb0>,33,23,[ 5 13],34,-1,85,-1,62
1,<environment.Job instance at 0x7f9053d615a0>,34,12,[12  2],35,-1,74,-1,62
1,<environment.Job instance at 0x7f9053d61780>,35,16,[11  5],36,-1,78,-1,62
1,<environment.Job instance at 0x7f9053d61d20>,36,19,[ 3 12],37,-1,81,-1,62
1,<environment.Job instance at 0x7f9053d61050>,37,20,[ 3 12],38,-1,82,-1,62
1,<environment.Job instance at 0x7f9053d61a00>,38,25,[11  1],39,-1,87,-1,62
1,<environment.Job instance at 0x7f9053d618c0>,39,26,[ 3 14],40,-1,88,-1,62
1,<environment.Job instance at 0x7f9053d61aa0>,40,26,[14  1],41,-1,88,-1,62
1,<environment.Job instance at 0x7f90543bdcd0>,41,19,[14  5],42,-1,81,-1,62
1,<environment.Job instance at 0x7f90543bd6e0>,42,26,[5 9],43,-1,88,-1,62
1,<environment.Job instance at 0x7f90543bd690>,43,20,[ 4 12],44,-1,82,-1,62
1,<environment.Job instance at 0x7f90543bd960>,44,26,[ 2 12],45,-1,88,-1,62
1,<environment.Job instance at 0x7f90543bdc30>,45,14,[ 3 14],46,-1,76,-1,62
1,<environment.Job instance at 0x7f90543bd410>,46,22,[11  2],47,-1,84,-1,62
1,<environment.Job instance at 0x7f90543bd140>,47,28,[6 5],48,-1,90,-1,62
1,<environment.Job instance at 0x7f90543bd820>,48,16,[14  5],49,-1,78,-1,62
1,<environment.Job instance at 0x7f90543bd050>,49,24,[14  1],50,-1,86,-1,62
1,<environment.Job instance at 0x7f90543bdbe0>,50,23,[ 5 12],51,-1,85,-1,62
1,<environment.Job instance at 0x7f90543bd320>,52,27,[11  1],53,-1,93,-1,66
1,<environment.Job instance at 0x7f90543bd0f0>,53,24,[ 5 14],54,-1,90,-1,66
1,<environment.Job instance at 0x7f90543bdd70>,55,15,[12  1],56,-1,96,-1,81
1,<environment.Job instance at 0x7f90543bd7d0>,56,23,[13  4],57,-1,104,-1,81
1,<environment.Job instance at 0x7f90543bda00>,57,14,[11  2],58,-1,95,-1,81
1,<environment.Job instance at 0x7f90543bd500>,58,23,[ 5 12],59,-1,104,-1,81
1,<environment.Job instance at 0x7f90543bd3c0>,59,27,[13  3],60,-1,108,-1,81
1,<environment.Job instance at 0x7f90543bd0a0>,60,25,[5 4],61,-1,106,-1,81
1,<environment.Job instance at 0x7f90543bd730>,61,20,[2 5],62,-1,101,-1,81
1,<environment.Job instance at 0x7f9054e04460>,62,24,[ 4 13],63,-1,105,-1,81
1,<environment.Job instance at 0x7f90543bd230>,63,22,[ 1 13],64,-1,103,-1,81
1,<environment.Job instance at 0x7f9054e04af0>,65,16,[ 1 13],66,-1,102,-1,86
1,<environment.Job instance at 0x7f9054e04be0>,66,27,[13  5],67,-1,113,-1,86
1,<environment.Job instance at 0x7f9054e04230>,67,26,[1 8],68,-1,112,-1,86
1,<environment.Job instance at 0x7f9054e04320>,68,24,[5 3],69,-1,110,-1,86
1,<environment.Job instance at 0x7f9054e045a0>,69,20,[13  3],70,-1,106,-1,86
1,<environment.Job instance at 0x7f9054e04140>,70,13,[11  1],71,-1,99,-1,86
1,<environment.Job instance at 0x7f9054e04e60>,71,23,[12  2],72,-1,109,-1,86
1,<environment.Job instance at 0x7f9054e04050>,72,27,[12  1],73,-1,113,-1,86
1,<environment.Job instance at 0x7f9054e04730>,73,27,[ 3 13],74,-1,113,-1,86
1,<environment.Job instance at 0x7f9054e04d20>,74,21,[12  1],75,-1,107,-1,86
1,<environment.Job instance at 0x7f9054e049b0>,75,26,[14  3],76,-1,112,-1,86
1,<environment.Job instance at 0x7f9054e040f0>,76,18,[12  4],77,-1,104,-1,86
1,<environment.Job instance at 0x7f9054e04d70>,77,25,[14  3],78,-1,111,-1,86
1,<environment.Job instance at 0x7f9054e04500>,78,27,[8 1],79,-1,113,-1,86
1,<environment.Job instance at 0x7f9054e04410>,79,27,[13  5],80,-1,113,-1,86
1,<environment.Job instance at 0x7f9054e04f00>,80,20,[ 3 12],81,-1,106,-1,86
1,<environment.Job instance at 0x7f90792b78c0>,81,28,[ 1 14],82,-1,114,-1,86
1,<environment.Job instance at 0x7f9054e04960>,82,23,[13  1],83,-1,109,-1,86
1,<environment.Job instance at 0x7f9054e042d0>,83,21,[ 2 10],84,-1,107,-1,86
1,<environment.Job instance at 0x7f9054e04e10>,84,20,[ 5 14],85,-1,106,-1,86
1,<environment.Job instance at 0x7f90544112d0>,85,17,[ 4 12],86,-1,103,-1,86
1,<environment.Job instance at 0x7f9054411c80>,86,27,[13  3],87,-1,114,-1,87
1,<environment.Job instance at 0x7f90544117d0>,87,28,[ 5 12],88,-1,116,-1,88
1,<environment.Job instance at 0x7f9054411eb0>,88,22,[4 6],89,-1,112,-1,90
1,<environment.Job instance at 0x7f90544118c0>,89,23,[ 4 12],90,-1,113,-1,90
1,<environment.Job instance at 0x7f9054411e10>,90,20,[ 1 12],91,-1,111,-1,91
1,<environment.Job instance at 0x7f9054411910>,91,26,[ 4 11],92,-1,118,-1,92
1,<environment.Job instance at 0x7f9054411730>,92,24,[12  3],93,-1,117,-1,93
1,<environment.Job instance at 0x7f9054411230>,93,27,[11  2],94,-1,121,-1,94
1,<environment.Job instance at 0x7f9054411500>,94,17,[13  5],95,-1,112,-1,95
1,<environment.Job instance at 0x7f9054411e60>,96,26,[5 8],97,-1,123,-1,97
1,<environment.Job instance at 0x7f9054411140>,97,27,[ 5 11],98,-1,125,-1,98
1,<environment.Job instance at 0x7f9054411b90>,98,27,[ 4 12],99,-1,126,-1,99
1,<environment.Job instance at 0x7f9054411f50>,99,27,[9 3],100,-1,127,-1,100
1,<environment.Job instance at 0x7f9054411b40>,100,19,[ 1 11],101,-1,120,-1,101
1,<environment.Job instance at 0x7f9054411870>,101,26,[11  3],102,-1,128,-1,102
1,<environment.Job instance at 0x7f90544110f0>,102,27,[12  1],103,-1,130,-1,103
1,<environment.Job instance at 0x7f9054411be0>,103,19,[14  2],104,-1,123,-1,104
1,<environment.Job instance at 0x7f90544116e0>,104,13,[11  3],105,-1,118,-1,105
1,<environment.Job instance at 0x7f90544119b0>,105,20,[14  5],106,-1,126,-1,106
1,<environment.Job instance at 0x7f9054411780>,106,24,[ 1 13],107,-1,131,-1,107
1,<environment.Job instance at 0x7f9054581b40>,107,20,[12  2],108,-1,128,-1,108
1,<environment.Job instance at 0x7f90545814b0>,108,26,[12  5],109,-1,135,-1,109
1,<environment.Job instance at 0x7f9054581d70>,109,27,[ 5 13],110,-1,137,-1,110
1,<environment.Job instance at 0x7f90545811e0>,110,28,[13  2],111,-1,139,-1,111
1,<environment.Job instance at 0x7f9054581870>,111,14,[ 2 13],112,-1,126,-1,112
1,<environment.Job instance at 0x7f9054581f00>,112,28,[ 5 14],113,-1,141,-1,113
1,<environment.Job instance at 0x7f9054581780>,113,22,[14  3],114,-1,136,-1,114
1,<environment.Job instance at 0x7f9054581d20>,114,13,[ 2 14],115,-1,128,-1,115
1,<environment.Job instance at 0x7f9054581320>,115,24,[ 3 14],116,-1,140,-1,116
1,<environment.Job instance at 0x7f9054581dc0>,116,20,[13  3],117,-1,137,-1,117
1,<environment.Job instance at 0x7f9054581a50>,117,21,[13  3],118,-1,139,-1,118
1,<environment.Job instance at 0x7f9054581370>,118,28,[ 2 14],119,-1,147,-1,119
1,<environment.Job instance at 0x7f90545817d0>,119,19,[13  2],120,-1,139,-1,120
1,<environment.Job instance at 0x7f9054581a00>,121,15,[ 2 11],122,-1,137,-1,122
1,<environment.Job instance at 0x7f9054581500>,123,22,[8 4],124,-1,150,-1,128
1,<environment.Job instance at 0x7f9054411280>,124,23,[13  2],125,-1,151,-1,128
1,<environment.Job instance at 0x7f90545810a0>,125,24,[11  1],126,-1,152,-1,128
1,<environment.Job instance at 0x7f9054581640>,126,14,[ 3 13],127,-1,142,-1,128
1,<environment.Job instance at 0x7f90545815a0>,127,22,[ 3 11],128,-1,150,-1,128
1,<environment.Job instance at 0x7f9054e50190>,129,28,[14  1],130,-1,158,-1,130
1,<environment.Job instance at 0x7f9054e50960>,130,19,[14  5],131,-1,150,-1,131
1,<environment.Job instance at 0x7f9054e50410>,131,27,[ 1 12],132,-1,159,-1,132
1,<environment.Job instance at 0x7f9054e50c80>,132,23,[ 5 11],133,-1,156,-1,133
1,<environment.Job instance at 0x7f9054e50dc0>,133,16,[12  1],134,-1,150,-1,134
1,<environment.Job instance at 0x7f9054e50a00>,134,26,[14  2],135,-1,161,-1,135
1,<environment.Job instance at 0x7f9054e50fa0>,135,14,[13  2],136,-1,150,-1,136
1,<environment.Job instance at 0x7f9054a41190>,137,27,[12  1],138,-1,165,-1,138
1,<environment.Job instance at 0x7f9054a41f00>,138,24,[12  1],139,-1,163,-1,139
1,<environment.Job instance at 0x7f9053d0af50>,139,23,[ 5 12],140,-1,163,-1,140
1,<environment.Job instance at 0x7f9054b10b90>,141,22,[14  4],142,-1,164,-1,142
1,<environment.Job instance at 0x7f9054b10230>,143,19,[14  2],144,-1,163,-1,144
1,<environment.Job instance at 0x7f905505f370>,144,26,[ 3 10],145,-1,171,-1,145
1,<environment.Job instance at 0x7f905427af50>,145,28,[12  3],146,-1,174,-1,146
1,<environment.Job instance at 0x7f905427a050>,146,19,[ 2 11],147,-1,166,-1,147
1,<environment.Job instance at 0x7f905427a870>,147,26,[14  5],148,-1,174,-1,148
1,<environment.Job instance at 0x7f9053df63c0>,148,23,[10  4],149,-1,172,-1,149
1,<environment.Job instance at 0x7f9054698be0>,149,24,[7 5],150,-1,174,-1,150
1,<environment.Job instance at 0x7f9054b101e0>,151,26,[13  5],152,-1,178,-1,152
1,<environment.Job instance at 0x7f9054e04b40>,1,13,[12  1],2,-1,15,-1,2
1,<environment.Job instance at 0x7f90538565a0>,2,20,[12  4],3,-1,23,-1,3
1,<environment.Job instance at 0x7f9053856dc0>,3,26,[ 5 10],4,-1,30,-1,4
1,<environment.Job instance at 0x7f90538563c0>,5,20,[ 2 14],6,-1,26,-1,6
1,<environment.Job instance at 0x7f9053856320>,6,20,[ 3 11],7,-1,27,-1,7
1,<environment.Job instance at 0x7f9053856b90>,8,26,[ 2 11],9,-1,35,-1,9
1,<environment.Job instance at 0x7f90549128c0>,7,20,[ 4 11],8,-1,29,-1,9
1,<environment.Job instance at 0x7f9054912140>,10,16,[ 4 12],11,-1,27,-1,11
1,<environment.Job instance at 0x7f9054912550>,12,26,[ 1 12],13,-1,39,-1,13
1,<environment.Job instance at 0x7f90549129b0>,13,24,[13  3],14,-1,38,-1,14
1,<environment.Job instance at 0x7f9054912af0>,14,12,[12  2],15,-1,27,-1,15
1,<environment.Job instance at 0x7f9054912cd0>,15,28,[ 5 11],16,-1,44,-1,16
1,<environment.Job instance at 0x7f90549125f0>,16,16,[14  4],17,-1,33,-1,17
1,<environment.Job instance at 0x7f9054912690>,17,21,[11  5],18,-1,39,-1,18
1,<environment.Job instance at 0x7f9054912640>,18,20,[ 2 14],19,-1,39,-1,19
1,<environment.Job instance at 0x7f9054912be0>,19,22,[13  5],20,-1,42,-1,20
1,<environment.Job instance at 0x7f9054912fa0>,20,22,[ 2 12],21,-1,43,-1,21
1,<environment.Job instance at 0x7f9054912730>,22,27,[ 4 14],23,-1,50,-1,23
1,<environment.Job instance at 0x7f9054912d20>,23,22,[ 2 14],24,-1,46,-1,24
1,<environment.Job instance at 0x7f9054912960>,25,25,[5 1],26,-1,52,-1,27
1,<environment.Job instance at 0x7f905490f410>,27,28,[14  4],28,-1,56,-1,28
1,<environment.Job instance at 0x7f905490f9b0>,28,23,[11  4],29,-1,52,-1,29
1,<environment.Job instance at 0x7f905490feb0>,31,13,[1 6],32,-1,45,-1,32
1,<environment.Job instance at 0x7f905490f550>,32,19,[10  3],33,-1,56,-1,37
1,<environment.Job instance at 0x7f905490ffa0>,33,26,[11  2],34,-1,63,-1,37
1,<environment.Job instance at 0x7f905490f4b0>,34,27,[14  1],35,-1,64,-1,37
1,<environment.Job instance at 0x7f905490f910>,35,21,[2 8],36,-1,59,-1,38
1,<environment.Job instance at 0x7f905490f320>,36,28,[13  5],37,-1,66,-1,38
1,<environment.Job instance at 0x7f9054902b40>,37,24,[11  2],38,-1,62,-1,38
1,<environment.Job instance at 0x7f90549022d0>,38,19,[12  1],39,-1,58,-1,39
1,<environment.Job instance at 0x7f9054902d70>,39,19,[ 4 12],40,-1,59,-1,40
1,<environment.Job instance at 0x7f9054902190>,40,25,[ 1 11],41,-1,66,-1,41
1,<environment.Job instance at 0x7f90549020f0>,41,21,[11  2],42,-1,63,-1,42
1,<environment.Job instance at 0x7f90549023c0>,42,25,[14  2],43,-1,68,-1,43
1,<environment.Job instance at 0x7f9054902910>,43,24,[ 3 12],44,-1,68,-1,44
1,<environment.Job instance at 0x7f9054902870>,44,23,[ 4 14],45,-1,68,-1,45
1,<environment.Job instance at 0x7f9054902460>,45,27,[14  1],46,-1,73,-1,46
1,<environment.Job instance at 0x7f9054902280>,46,26,[ 5 14],47,-1,73,-1,47
1,<environment.Job instance at 0x7f9054902e10>,47,20,[13  3],48,-1,68,-1,48
1,<environment.Job instance at 0x7f90549026e0>,48,20,[ 3 13],49,-1,69,-1,49
1,<environment.Job instance at 0x7f9054902fa0>,49,22,[ 5 14],50,-1,72,-1,50
1,<environment.Job instance at 0x7f9054902b90>,50,26,[11  1],51,-1,77,-1,51
1,<environment.Job instance at 0x7f9054902f00>,51,24,[12  2],52,-1,76,-1,52
1,<environment.Job instance at 0x7f9054902550>,52,24,[ 4 13],53,-1,77,-1,53
1,<environment.Job instance at 0x7f90549024b0>,53,23,[ 2 12],54,-1,77,-1,54
1,<environment.Job instance at 0x7f90538e62d0>,54,12,[ 1 13],55,-1,67,-1,55
1,<environment.Job instance at 0x7f90538e6690>,55,26,[12  5],56,-1,82,-1,56
1,<environment.Job instance at 0x7f90538e6b40>,56,25,[14  3],57,-1,82,-1,57
1,<environment.Job instance at 0x7f90538e61e0>,58,24,[7 2],59,-1,83,-1,59
1,<environment.Job instance at 0x7f90538e6050>,59,18,[ 1 14],60,-1,78,-1,60
1,<environment.Job instance at 0x7f90538e63c0>,60,19,[11  5],61,-1,80,-1,61
1,<environment.Job instance at 0x7f90538e6960>,61,24,[13  4],62,-1,86,-1,62
1,<environment.Job instance at 0x7f90538e6640>,62,26,[ 1 13],63,-1,89,-1,63
1,<environment.Job instance at 0x7f90538e68c0>,63,28,[12  5],64,-1,92,-1,64
1,<environment.Job instance at 0x7f90538e65a0>,64,20,[11  1],65,-1,85,-1,65
1,<environment.Job instance at 0x7f90538e6190>,65,14,[13  1],66,-1,80,-1,66
1,<environment.Job instance at 0x7f90538e6c80>,66,17,[ 2 13],67,-1,84,-1,67
1,<environment.Job instance at 0x7f90538e6f00>,67,24,[13  1],68,-1,92,-1,68
1,<environment.Job instance at 0x7f90538e6b90>,68,19,[13  2],69,-1,88,-1,69
1,<environment.Job instance at 0x7f90538e6aa0>,69,21,[11  2],70,-1,91,-1,70
1,<environment.Job instance at 0x7f90538e60f0>,70,25,[ 4 11],71,-1,96,-1,71
1,<environment.Job instance at 0x7f90538e6280>,71,25,[ 1 12],72,-1,97,-1,72
1,<environment.Job instance at 0x7f9053899640>,72,24,[ 2 14],73,-1,97,-1,73
1,<environment.Job instance at 0x7f9053899730>,73,21,[ 2 13],74,-1,95,-1,74
1,<environment.Job instance at 0x7f9053899cd0>,74,25,[14  5],75,-1,100,-1,75
1,<environment.Job instance at 0x7f90538996e0>,76,22,[3 8],77,-1,99,-1,77
1,<environment.Job instance at 0x7f90538990a0>,77,26,[ 3 13],78,-1,104,-1,78
1,<environment.Job instance at 0x7f9053899e10>,78,25,[ 4 10],79,-1,104,-1,79
1,<environment.Job instance at 0x7f90538995a0>,79,15,[13  1],80,-1,95,-1,80
1,<environment.Job instance at 0x7f9053899050>,80,27,[6 2],81,-1,108,-1,81
1,<environment.Job instance at 0x7f9053899500>,81,25,[11  2],82,-1,107,-1,82
1,<environment.Job instance at 0x7f90538998c0>,82,22,[14  5],83,-1,105,-1,83
1,<environment.Job instance at 0x7f905d5e4230>,83,24,[ 4 13],84,-1,108,-1,84
1,<environment.Job instance at 0x7f905d5e40a0>,84,24,[6 4],85,-1,109,-1,85
1,<environment.Job instance at 0x7f9054623f50>,85,15,[11  3],86,-1,101,-1,86
1,<environment.Job instance at 0x7f90546235a0>,86,19,[12  1],87,-1,106,-1,87
1,<environment.Job instance at 0x7f9054623c30>,87,16,[14  3],88,-1,104,-1,88
1,<environment.Job instance at 0x7f9054623910>,88,27,[ 5 12],89,-1,116,-1,89
1,<environment.Job instance at 0x7f9054623f00>,89,27,[ 3 14],90,-1,117,-1,90
1,<environment.Job instance at 0x7f9054623820>,90,28,[ 3 13],91,-1,119,-1,91
1,<environment.Job instance at 0x7f9054623230>,91,28,[11  1],92,-1,120,-1,92
1,<environment.Job instance at 0x7f9054d80d20>,92,25,[ 4 11],93,-1,118,-1,93
1,<environment.Job instance at 0x7f9054d80460>,93,22,[11  4],94,-1,116,-1,94
1,<environment.Job instance at 0x7f90539f9870>,95,25,[12  3],96,-1,121,-1,96
1,<environment.Job instance at 0x7f90548d8910>,96,22,[ 4 11],97,-1,119,-1,97
1,<environment.Job instance at 0x7f90548d8a00>,97,13,[ 1 14],98,-1,111,-1,98
1,<environment.Job instance at 0x7f90548d8af0>,98,25,[1 8],99,-1,124,-1,99
1,<environment.Job instance at 0x7f90548d8f50>,99,17,[ 3 13],100,-1,117,-1,100
1,<environment.Job instance at 0x7f90548d8960>,101,20,[ 4 11],102,-1,122,-1,102
1,<environment.Job instance at 0x7f90548d8e60>,102,19,[ 1 13],103,-1,122,-1,103
1,<environment.Job instance at 0x7f90538e9d70>,103,27,[4 8],104,-1,131,-1,104
1,<environment.Job instance at 0x7f90538e9a00>,104,19,[ 3 11],105,-1,124,-1,105
1,<environment.Job instance at 0x7f90538e9690>,105,27,[14  3],106,-1,133,-1,106
1,<environment.Job instance at 0x7f90538e9b90>,106,24,[11  3],107,-1,131,-1,107
1,<environment.Job instance at 0x7f90538719b0>,108,26,[ 3 11],109,-1,135,-1,109
1,<environment.Job instance at 0x7f90548d86e0>,109,19,[13  1],110,-1,129,-1,110
1,<environment.Job instance at 0x7f9054ae7730>,110,27,[12  4],111,-1,138,-1,111
1,<environment.Job instance at 0x7f9053e1afa0>,112,24,[14  2],113,-1,137,-1,113
1,<environment.Job instance at 0x7f90546e6cd0>,113,22,[ 2 14],114,-1,136,-1,114
1,<environment.Job instance at 0x7f9053e71a50>,114,14,[ 4 12],115,-1,129,-1,115
1,<environment.Job instance at 0x7f9053a86050>,115,26,[1 6],116,-1,142,-1,116
1,<environment.Job instance at 0x7f9054dff4b0>,117,22,[ 3 14],118,-1,140,-1,118
1,<environment.Job instance at 0x7f9053f4a6e0>,118,26,[ 5 11],119,-1,145,-1,119
1,<environment.Job instance at 0x7f9054a13460>,119,26,[ 4 13],120,-1,146,-1,120
1,<environment.Job instance at 0x7f9054b0eb90>,120,20,[ 3 10],121,-1,141,-1,121
1,<environment.Job instance at 0x7f9053fb80f0>,121,24,[11  4],122,-1,146,-1,122
1,<environment.Job instance at 0x7f9053bb0550>,122,21,[13  3],123,-1,144,-1,123
1,<environment.Job instance at 0x7f9054d94910>,123,19,[ 3 11],124,-1,143,-1,124
1,<environment.Job instance at 0x7f90537a4d20>,124,14,[ 2 12],125,-1,139,-1,125
1,<environment.Job instance at 0x7f905d599b90>,125,26,[ 3 10],126,-1,152,-1,126
1,<environment.Job instance at 0x7f905d599e10>,126,27,[ 5 12],127,-1,154,-1,127
1,<environment.Job instance at 0x7f90548d3960>,127,14,[11  5],128,-1,142,-1,128
1,<environment.Job instance at 0x7f9053f7d5a0>,128,20,[13  3],129,-1,149,-1,129
1,<environment.Job instance at 0x7f9053f7dfa0>,129,26,[13  4],130,-1,156,-1,130
1,<environment.Job instance at 0x7f9053fc3af0>,130,25,[ 3 10],131,-1,156,-1,131
1,<environment.Job instance at 0x7f9053fc3320>,131,27,[ 4 11],132,-1,159,-1,132
1,<environment.Job instance at 0x7f9054be3a50>,132,14,[ 2 11],133,-1,147,-1,133
1,<environment.Job instance at 0x7f9053ffc4b0>,134,21,[10  2],135,-1,157,-1,136
1,<environment.Job instance at 0x7f90547c4460>,135,27,[ 3 12],136,-1,163,-1,136
1,<environment.Job instance at 0x7f9054271910>,136,23,[14  3],137,-1,160,-1,137
1,<environment.Job instance at 0x7f90542717d0>,137,22,[3 7],138,-1,160,-1,138
1,<environment.Job instance at 0x7f90542710a0>,138,13,[7 1],139,-1,152,-1,139
1,<environment.Job instance at 0x7f9054271a00>,139,19,[ 5 11],140,-1,159,-1,140
1,<environment.Job instance at 0x7f9054271b90>,140,19,[ 4 14],141,-1,160,-1,141
1,<environment.Job instance at 0x7f9054271460>,141,27,[13  3],142,-1,169,-1,142
1,<environment.Job instance at 0x7f9054271640>,142,19,[12  3],143,-1,162,-1,143
1,<environment.Job instance at 0x7f9054271690>,143,16,[11  1],144,-1,160,-1,144
1,<environment.Job instance at 0x7f905455e960>,144,26,[12  2],145,-1,171,-1,145
1,<environment.Job instance at 0x7f905455ed70>,145,20,[ 3 14],146,-1,166,-1,146
1,<environment.Job instance at 0x7f905455e2d0>,146,13,[12  4],147,-1,160,-1,147
1,<environment.Job instance at 0x7f905455e550>,147,28,[12  3],148,-1,176,-1,148
1,<environment.Job instance at 0x7f905455e410>,148,24,[ 1 14],149,-1,173,-1,149
1,<environment.Job instance at 0x7f905455eeb0>,149,23,[13  1],150,-1,173,-1,150
1,<environment.Job instance at 0x7f905455e690>,150,22,[ 3 13],151,-1,173,-1,151
1,<environment.Job instance at 0x7f905455ed20>,151,20,[ 3 13],152,-1,172,-1,152
1,<environment.Job instance at 0x7f9054810550>,2,19,[ 1 14],3,-1,22,-1,3
1,<environment.Job instance at 0x7f9053b43e60>,4,13,[ 1 14],5,-1,18,-1,5
1,<environment.Job instance at 0x7f9053b433c0>,5,21,[14  3],6,-1,27,-1,6
1,<environment.Job instance at 0x7f9053b43870>,6,21,[ 3 13],7,-1,28,-1,7
1,<environment.Job instance at 0x7f9053b43550>,7,23,[14  5],8,-1,31,-1,8
1,<environment.Job instance at 0x7f9053b43aa0>,9,12,[12  4],10,-1,22,-1,10
1,<environment.Job instance at 0x7f9053b43960>,10,28,[10  5],11,-1,39,-1,11
1,<environment.Job instance at 0x7f9053b435f0>,11,14,[13  4],12,-1,26,-1,12
1,<environment.Job instance at 0x7f9053b437d0>,12,14,[12  4],13,-1,27,-1,13
1,<environment.Job instance at 0x7f9053b43be0>,13,25,[ 1 14],14,-1,39,-1,14
1,<environment.Job instance at 0x7f9053b434b0>,14,22,[ 4 11],15,-1,37,-1,15
1,<environment.Job instance at 0x7f9053b43c80>,15,19,[ 4 11],16,-1,35,-1,16
1,<environment.Job instance at 0x7f9053b436e0>,16,25,[14  2],17,-1,42,-1,17
1,<environment.Job instance at 0x7f9053b43370>,17,18,[ 5 13],18,-1,36,-1,18
1,<environment.Job instance at 0x7f9053b432d0>,18,23,[ 5 13],19,-1,42,-1,19
1,<environment.Job instance at 0x7f9053b43d20>,19,28,[ 1 11],20,-1,48,-1,20
1,<environment.Job instance at 0x7f9053b43820>,20,28,[ 5 11],21,-1,49,-1,21
1,<environment.Job instance at 0x7f9053b439b0>,21,21,[13  4],22,-1,43,-1,22
1,<environment.Job instance at 0x7f9054d05dc0>,22,24,[4 9],23,-1,47,-1,23
1,<environment.Job instance at 0x7f9054d054b0>,23,19,[ 3 13],24,-1,43,-1,24
1,<environment.Job instance at 0x7f9054d050a0>,25,28,[ 2 13],26,-1,54,-1,26
1,<environment.Job instance at 0x7f9054d05050>,26,23,[ 2 12],27,-1,50,-1,27
1,<environment.Job instance at 0x7f9054d05550>,27,23,[12  3],28,-1,51,-1,28
1,<environment.Job instance at 0x7f9054d05280>,28,24,[13  1],29,-1,53,-1,29
1,<environment.Job instance at 0x7f9054d05370>,29,28,[ 2 14],30,-1,58,-1,30
1,<environment.Job instance at 0x7f9054d05e10>,30,22,[ 1 13],31,-1,53,-1,31
1,<environment.Job instance at 0x7f9054d05a50>,31,22,[12  5],32,-1,54,-1,32
1,<environment.Job instance at 0x7f9054d05230>,32,19,[ 3 12],33,-1,52,-1,33
1,<environment.Job instance at 0x7f9054d05fa0>,33,26,[11  5],34,-1,60,-1,34
1,<environment.Job instance at 0x7f9054d050f0>,34,28,[ 4 12],35,-1,63,-1,35
1,<environment.Job instance at 0x7f9054d05b90>,35,24,[12  5],36,-1,60,-1,36
1,<environment.Job instance at 0x7f9054d05c30>,36,21,[ 5 11],37,-1,58,-1,37
1,<environment.Job instance at 0x7f9054d05aa0>,37,24,[12  2],38,-1,62,-1,38
1,<environment.Job instance at 0x7f9054d055f0>,38,14,[ 2 14],39,-1,53,-1,39
1,<environment.Job instance at 0x7f9054d051e0>,39,24,[12  5],40,-1,64,-1,40
1,<environment.Job instance at 0x7f9054220c80>,40,27,[ 4 12],41,-1,68,-1,41
1,<environment.Job instance at 0x7f9054220d70>,41,26,[6 5],42,-1,68,-1,42
1,<environment.Job instance at 0x7f9054220500>,42,25,[ 1 13],43,-1,68,-1,43
1,<environment.Job instance at 0x7f9054220b90>,43,26,[ 1 12],44,-1,70,-1,44
1,<environment.Job instance at 0x7f9054220aa0>,44,19,[12  1],45,-1,64,-1,45
1,<environment.Job instance at 0x7f90542203c0>,45,22,[ 2 12],46,-1,68,-1,46
1,<environment.Job instance at 0x7f9054220fa0>,46,15,[12  2],47,-1,62,-1,47
1,<environment.Job instance at 0x7f9054220b40>,47,20,[12  3],48,-1,68,-1,48
1,<environment.Job instance at 0x7f9054220050>,48,17,[14  4],49,-1,66,-1,49
1,<environment.Job instance at 0x7f9054220c30>,49,26,[ 5 12],50,-1,76,-1,50
1,<environment.Job instance at 0x7f90542209b0>,52,26,[ 3 14],53,-1,79,-1,53
1,<environment.Job instance at 0x7f9054220230>,53,24,[ 3 11],54,-1,78,-1,54
1,<environment.Job instance at 0x7f90542202d0>,54,26,[ 1 11],55,-1,81,-1,55
1,<environment.Job instance at 0x7f9054220cd0>,56,19,[12  1],57,-1,76,-1,57
1,<environment.Job instance at 0x7f9054220370>,57,21,[ 5 12],58,-1,79,-1,58
1,<environment.Job instance at 0x7f9054e201e0>,59,19,[11  2],60,-1,79,-1,60
1,<environment.Job instance at 0x7f9054e20af0>,60,28,[13  4],61,-1,89,-1,61
1,<environment.Job instance at 0x7f9054e204b0>,61,20,[ 5 14],62,-1,82,-1,62
1,<environment.Job instance at 0x7f9054e20190>,62,28,[14  1],63,-1,91,-1,63
1,<environment.Job instance at 0x7f9054e203c0>,63,28,[ 4 12],64,-1,92,-1,64
1,<environment.Job instance at 0x7f9054e20410>,64,18,[12  5],65,-1,83,-1,65
1,<environment.Job instance at 0x7f9054e20550>,65,12,[ 1 14],66,-1,78,-1,66
1,<environment.Job instance at 0x7f9054e20b40>,66,28,[ 2 13],67,-1,95,-1,67
1,<environment.Job instance at 0x7f9054e20690>,67,21,[14  1],68,-1,89,-1,68
1,<environment.Job instance at 0x7f9054e207d0>,68,13,[ 3 11],69,-1,82,-1,69
1,<environment.Job instance at 0x7f9054e202d0>,69,22,[ 4 13],70,-1,92,-1,70
1,<environment.Job instance at 0x7f9054e20d70>,70,23,[13  2],71,-1,94,-1,71
1,<environment.Job instance at 0x7f9054e206e0>,71,18,[12  4],72,-1,90,-1,72
1,<environment.Job instance at 0x7f90544b07d0>,75,24,[1 8],76,-1,101,-1,77
1,<environment.Job instance at 0x7f9054e20960>,77,16,[7 5],78,-1,110,-1,94
1,<environment.Job instance at 0x7f9054e205f0>,81,19,[14  5],82,-1,113,-1,94
1,<environment.Job instance at 0x7f905dabb0a0>,1,21,[14  2],2,-1,23,-1,2
1,<environment.Job instance at 0x7f905483bfa0>,4,28,[ 5 12],5,-1,33,-1,5
1,<environment.Job instance at 0x7f9054e8ebe0>,5,24,[ 1 12],6,-1,30,-1,6
1,<environment.Job instance at 0x7f9054513690>,6,23,[ 4 13],7,-1,30,-1,7
1,<environment.Job instance at 0x7f905d6758c0>,8,21,[11  4],9,-1,30,-1,9
1,<environment.Job instance at 0x7f905d64e0f0>,12,20,[14  1],13,-1,33,-1,13
1,<environment.Job instance at 0x7f905d64e280>,13,18,[ 2 11],14,-1,32,-1,14
1,<environment.Job instance at 0x7f905d64eaf0>,14,25,[ 5 13],15,-1,40,-1,15
1,<environment.Job instance at 0x7f905d64eb40>,15,12,[ 1 12],16,-1,28,-1,16
1,<environment.Job instance at 0x7f905d64e9b0>,16,28,[11  5],17,-1,45,-1,17
1,<environment.Job instance at 0x7f905d64e190>,17,23,[ 1 12],18,-1,41,-1,18
1,<environment.Job instance at 0x7f905d64edc0>,18,19,[11  1],19,-1,38,-1,19
1,<environment.Job instance at 0x7f905d64e410>,19,27,[12  5],20,-1,47,-1,20
1,<environment.Job instance at 0x7f905d64e5a0>,20,26,[ 4 14],21,-1,47,-1,21
1,<environment.Job instance at 0x7f905d64ef50>,21,21,[11  3],22,-1,43,-1,22
1,<environment.Job instance at 0x7f905d64e2d0>,22,28,[13  2],23,-1,51,-1,23
1,<environment.Job instance at 0x7f905d64e870>,23,12,[ 2 14],24,-1,36,-1,24
1,<environment.Job instance at 0x7f905d64ebe0>,24,25,[5 8],25,-1,50,-1,25
1,<environment.Job instance at 0x7f905d64e050>,25,18,[13  3],26,-1,44,-1,26
1,<environment.Job instance at 0x7f905daa1c80>,28,28,[ 4 12],29,-1,57,-1,29
1,<environment.Job instance at 0x7f905d64ee10>,29,25,[14  1],30,-1,55,-1,30
1,<environment.Job instance at 0x7f905d64e4b0>,30,21,[13  5],31,-1,52,-1,31
1,<environment.Job instance at 0x7f90544fbb40>,31,13,[ 4 12],32,-1,45,-1,32
1,<environment.Job instance at 0x7f90544fba50>,32,22,[12  2],33,-1,55,-1,33
1,<environment.Job instance at 0x7f90544fb2d0>,33,14,[14  2],34,-1,48,-1,34
1,<environment.Job instance at 0x7f90544fbc80>,34,21,[14  1],35,-1,56,-1,35
1,<environment.Job instance at 0x7f90544fb370>,35,23,[ 2 12],36,-1,59,-1,36
1,<environment.Job instance at 0x7f90544fbcd0>,36,19,[ 5 14],37,-1,56,-1,37
1,<environment.Job instance at 0x7f90544fb8c0>,37,21,[ 2 12],38,-1,59,-1,38
1,<environment.Job instance at 0x7f90544fbf50>,38,19,[12  3],39,-1,58,-1,39
1,<environment.Job instance at 0x7f90544fbb90>,39,27,[14  5],40,-1,67,-1,40
1,<environment.Job instance at 0x7f90544fb870>,40,23,[ 5 11],41,-1,64,-1,41
1,<environment.Job instance at 0x7f90544fb280>,41,13,[ 3 13],42,-1,55,-1,42
1,<environment.Job instance at 0x7f90544fb7d0>,42,19,[8 1],43,-1,62,-1,43
1,<environment.Job instance at 0x7f90544fb190>,43,19,[13  4],44,-1,63,-1,44
1,<environment.Job instance at 0x7f90544fb410>,44,23,[ 5 10],45,-1,68,-1,45
1,<environment.Job instance at 0x7f90544fb5f0>,45,28,[12  3],46,-1,74,-1,46
1,<environment.Job instance at 0x7f90544fb460>,46,25,[12  5],47,-1,72,-1,47
1,<environment.Job instance at 0x7f90544fbeb0>,47,24,[13  3],48,-1,72,-1,48
1,<environment.Job instance at 0x7f90544fbaa0>,48,23,[ 5 12],49,-1,72,-1,49
1,<environment.Job instance at 0x7f90544fbc30>,49,26,[5 9],50,-1,76,-1,50
1,<environment.Job instance at 0x7f90544fb500>,50,22,[ 3 12],51,-1,73,-1,51
1,<environment.Job instance at 0x7f9053dd0640>,51,28,[14  4],52,-1,80,-1,52
1,<environment.Job instance at 0x7f9053dd0410>,52,24,[ 2 14],53,-1,77,-1,53
1,<environment.Job instance at 0x7f9053dd00f0>,53,12,[12  1],54,-1,66,-1,54
1,<environment.Job instance at 0x7f9053dd0460>,54,19,[ 1 14],55,-1,74,-1,55
1,<environment.Job instance at 0x7f9053dd0190>,56,26,[ 5 12],57,-1,83,-1,57
1,<environment.Job instance at 0x7f9053dd0780>,57,15,[ 5 14],58,-1,73,-1,58
1,<environment.Job instance at 0x7f9053dd00a0>,58,25,[ 4 12],59,-1,84,-1,59
1,<environment.Job instance at 0x7f9053dd0230>,59,25,[ 1 12],60,-1,85,-1,60
1,<environment.Job instance at 0x7f9053dd0820>,60,23,[11  2],61,-1,84,-1,61
1,<environment.Job instance at 0x7f9053dd0b90>,61,24,[12  1],62,-1,86,-1,62
1,<environment.Job instance at 0x7f9053dd0320>,62,16,[11  3],63,-1,79,-1,63
1,<environment.Job instance at 0x7f9053dd0e60>,63,23,[14  2],64,-1,87,-1,64
1,<environment.Job instance at 0x7f9053dd0d70>,64,21,[ 3 14],65,-1,86,-1,65
1,<environment.Job instance at 0x7f9053dd0eb0>,65,28,[14  4],66,-1,94,-1,66
1,<environment.Job instance at 0x7f905505bb90>,66,25,[ 2 14],67,-1,92,-1,67
1,<environment.Job instance at 0x7f905505b370>,67,25,[9 4],68,-1,93,-1,68
1,<environment.Job instance at 0x7f905505beb0>,68,16,[13  4],69,-1,85,-1,69
1,<environment.Job instance at 0x7f905505b140>,69,24,[ 4 11],70,-1,94,-1,70
1,<environment.Job instance at 0x7f905505b0a0>,70,14,[ 4 14],71,-1,85,-1,71
1,<environment.Job instance at 0x7f905505b410>,71,23,[6 2],72,-1,95,-1,72
1,<environment.Job instance at 0x7f905505b4b0>,73,23,[ 4 12],74,-1,97,-1,74
1,<environment.Job instance at 0x7f905505b8c0>,74,28,[ 5 13],75,-1,103,-1,75
1,<environment.Job instance at 0x7f905505be10>,75,22,[13  2],76,-1,98,-1,76
1,<environment.Job instance at 0x7f905505b190>,76,27,[12  4],77,-1,104,-1,77
1,<environment.Job instance at 0x7f905497a3c0>,77,28,[ 5 11],78,-1,106,-1,78
1,<environment.Job instance at 0x7f905497a5f0>,78,17,[13  2],79,-1,96,-1,79
1,<environment.Job instance at 0x7f905497a910>,79,28,[11  5],80,-1,108,-1,80
1,<environment.Job instance at 0x7f905497a690>,80,18,[ 1 13],81,-1,99,-1,81
1,<environment.Job instance at 0x7f905497a550>,81,26,[13  3],82,-1,108,-1,82
1,<environment.Job instance at 0x7f905497adc0>,82,27,[11  2],83,-1,110,-1,83
1,<environment.Job instance at 0x7f905497a230>,83,25,[12  3],84,-1,109,-1,84
1,<environment.Job instance at 0x7f905497a1e0>,84,25,[12  5],85,-1,110,-1,85
1,<environment.Job instance at 0x7f905497a500>,85,26,[13  1],86,-1,112,-1,86
1,<environment.Job instance at 0x7f905497af00>,86,12,[ 3 11],87,-1,99,-1,87
1,<environment.Job instance at 0x7f905497ac30>,87,27,[ 2 13],88,-1,115,-1,88
1,<environment.Job instance at 0x7f905497a370>,88,16,[11  2],89,-1,105,-1,89
1,<environment.Job instance at 0x7f905497a730>,89,24,[14  3],90,-1,114,-1,90
1,<environment.Job instance at 0x7f905497ae10>,90,18,[ 3 10],91,-1,109,-1,91
1,<environment.Job instance at 0x7f905497a6e0>,91,23,[ 4 14],92,-1,115,-1,92
1,<environment.Job instance at 0x7f905497a780>,92,26,[14  5],93,-1,119,-1,93
1,<environment.Job instance at 0x7f905497ad70>,93,25,[ 3 13],94,-1,119,-1,94
1,<environment.Job instance at 0x7f905497ac80>,94,13,[ 5 14],95,-1,108,-1,95
1,<environment.Job instance at 0x7f905d556780>,95,20,[12  2],96,-1,116,-1,96
1,<environment.Job instance at 0x7f905d556460>,96,26,[ 5 11],97,-1,123,-1,97
1,<environment.Job instance at 0x7f905d556b90>,97,23,[12  3],98,-1,121,-1,98
1,<environment.Job instance at 0x7f905d556410>,98,13,[14  1],99,-1,112,-1,99
1,<environment.Job instance at 0x7f905d556eb0>,99,13,[11  2],100,-1,113,-1,100
1,<environment.Job instance at 0x7f905d556af0>,100,25,[13  1],101,-1,126,-1,101
1,<environment.Job instance at 0x7f905d556910>,101,19,[ 3 13],102,-1,121,-1,102
1,<environment.Job instance at 0x7f905d556870>,102,26,[11  1],103,-1,129,-1,103
1,<environment.Job instance at 0x7f905d556280>,103,26,[13  1],104,-1,130,-1,104
1,<environment.Job instance at 0x7f905d5560f0>,104,24,[ 3 10],105,-1,129,-1,105
1,<environment.Job instance at 0x7f905d556c80>,105,23,[12  4],106,-1,129,-1,106
1,<environment.Job instance at 0x7f905d556500>,106,28,[14  3],107,-1,135,-1,107
1,<environment.Job instance at 0x7f905d556690>,107,27,[ 4 14],108,-1,135,-1,108
1,<environment.Job instance at 0x7f905d556190>,108,21,[10  2],109,-1,130,-1,109
1,<environment.Job instance at 0x7f905d556fa0>,109,27,[12  4],110,-1,137,-1,110
1,<environment.Job instance at 0x7f9053d61140>,110,21,[ 2 11],111,-1,132,-1,111
1,<environment.Job instance at 0x7f9053d61690>,111,26,[ 3 13],112,-1,138,-1,112
1,<environment.Job instance at 0x7f9053d61320>,112,21,[14  5],113,-1,134,-1,113
1,<environment.Job instance at 0x7f9053d615a0>,113,20,[ 2 12],114,-1,134,-1,114
1,<environment.Job instance at 0x7f9053d61f00>,114,27,[1 9],115,-1,142,-1,115
1,<environment.Job instance at 0x7f9053d61b90>,115,28,[ 5 12],116,-1,144,-1,116
1,<environment.Job instance at 0x7f9053d61a00>,116,14,[13  1],117,-1,131,-1,117
1,<environment.Job instance at 0x7f9053d61fa0>,117,28,[ 3 11],118,-1,146,-1,118
1,<environment.Job instance at 0x7f9053d615f0>,118,13,[14  1],119,-1,132,-1,119
1,<environment.Job instance at 0x7f9053d61550>,119,20,[ 1 12],120,-1,140,-1,120
1,<environment.Job instance at 0x7f905d832fa0>,120,19,[14  3],121,-1,140,-1,121
1,<environment.Job instance at 0x7f9053f7d0f0>,121,20,[ 4 13],122,-1,142,-1,122
1,<environment.Job instance at 0x7f9053f7d9b0>,122,27,[13  4],123,-1,150,-1,123
1,<environment.Job instance at 0x7f9053f7dd20>,123,21,[ 2 11],124,-1,145,-1,124
1,<environment.Job instance at 0x7f9053f7d870>,124,18,[12  4],125,-1,143,-1,125
1,<environment.Job instance at 0x7f9053f7dc80>,125,22,[13  2],126,-1,148,-1,126
1,<environment.Job instance at 0x7f9053f7d370>,126,15,[ 5 13],127,-1,142,-1,127
1,<environment.Job instance at 0x7f9053f7de60>,127,24,[ 2 11],128,-1,152,-1,128
1,<environment.Job instance at 0x7f9053f7df50>,128,19,[13  5],129,-1,148,-1,129
1,<environment.Job instance at 0x7f9053f7d640>,129,19,[12  1],130,-1,149,-1,130
1,<environment.Job instance at 0x7f9053f7d730>,130,21,[12  2],131,-1,152,-1,131
1,<environment.Job instance at 0x7f9053f7daf0>,131,25,[12  3],132,-1,157,-1,132
1,<environment.Job instance at 0x7f9053f7da50>,132,22,[12  3],133,-1,155,-1,133
1,<environment.Job instance at 0x7f9053f7dd70>,133,24,[ 4 13],134,-1,158,-1,134
1,<environment.Job instance at 0x7f9053f7db40>,134,27,[ 5 14],135,-1,162,-1,135
1,<environment.Job instance at 0x7f9053f7db90>,135,27,[ 4 14],136,-1,163,-1,136
1,<environment.Job instance at 0x7f9053f7dfa0>,136,19,[11  3],137,-1,156,-1,137
1,<environment.Job instance at 0x7f9053f7d7d0>,137,18,[ 2 13],138,-1,156,-1,138
1,<environment.Job instance at 0x7f9053f7d960>,138,23,[ 1 12],139,-1,162,-1,139
1,<environment.Job instance at 0x7f9053f7d320>,139,13,[ 4 14],140,-1,153,-1,140
1,<environment.Job instance at 0x7f9054e4d5f0>,140,26,[9 2],141,-1,167,-1,141
1,<environment.Job instance at 0x7f9054e4d370>,141,24,[11  2],142,-1,166,-1,142
1,<environment.Job instance at 0x7f9054e4d870>,142,19,[11  2],143,-1,162,-1,143
1,<environment.Job instance at 0x7f9054e4db40>,143,25,[12  2],144,-1,169,-1,144
1,<environment.Job instance at 0x7f90548d3820>,145,24,[2 5],146,-1,170,-1,146
1,<environment.Job instance at 0x7f9054e4d2d0>,147,21,[ 5 13],148,-1,169,-1,148
1,<environment.Job instance at 0x7f9054dedcd0>,148,12,[ 1 12],149,-1,161,-1,149
1,<environment.Job instance at 0x7f9053c24050>,149,22,[12  4],150,-1,172,-1,150
1,<environment.Job instance at 0x7f9053c240a0>,150,27,[ 1 13],151,-1,178,-1,151
1,<environment.Job instance at 0x7f90537e6aa0>,151,24,[10  4],152,-1,176,-1,152
1,<environment.Job instance at 0x7f905d64eeb0>,1,26,[ 1 14],2,-1,28,-1,2
1,<environment.Job instance at 0x7f905da98cd0>,2,23,[ 5 12],3,-1,26,-1,3
1,<environment.Job instance at 0x7f905da98500>,3,24,[ 4 14],4,-1,28,-1,4
1,<environment.Job instance at 0x7f905da987d0>,4,27,[ 4 14],5,-1,32,-1,5
1,<environment.Job instance at 0x7f905da985a0>,5,23,[11  2],6,-1,29,-1,6
1,<environment.Job instance at 0x7f9054842b90>,6,18,[ 3 12],7,-1,25,-1,7
1,<environment.Job instance at 0x7f9054842960>,7,21,[12  1],8,-1,29,-1,8
1,<environment.Job instance at 0x7f9054842c80>,8,27,[ 5 10],9,-1,36,-1,9
1,<environment.Job instance at 0x7f9054842be0>,9,28,[13  4],10,-1,38,-1,10
1,<environment.Job instance at 0x7f9054842370>,10,24,[11  2],11,-1,35,-1,11
1,<environment.Job instance at 0x7f9054842f50>,11,18,[ 4 12],12,-1,30,-1,12
1,<environment.Job instance at 0x7f90548422d0>,12,25,[11  1],13,-1,38,-1,13
1,<environment.Job instance at 0x7f9054842320>,13,20,[11  4],14,-1,34,-1,14
1,<environment.Job instance at 0x7f9054842eb0>,14,28,[14  2],15,-1,43,-1,15
1,<environment.Job instance at 0x7f9054842d20>,15,24,[11  4],16,-1,40,-1,16
1,<environment.Job instance at 0x7f90548427d0>,16,26,[ 3 12],17,-1,43,-1,17
1,<environment.Job instance at 0x7f90548420f0>,17,12,[14  1],18,-1,30,-1,18
1,<environment.Job instance at 0x7f9054842730>,18,26,[ 3 13],19,-1,45,-1,19
1,<environment.Job instance at 0x7f9054842140>,19,25,[5 8],20,-1,45,-1,20
1,<environment.Job instance at 0x7f90548428c0>,20,19,[13  4],21,-1,40,-1,21
1,<environment.Job instance at 0x7f9054842a50>,21,24,[12  4],22,-1,46,-1,22
1,<environment.Job instance at 0x7f90548425f0>,22,28,[ 4 12],23,-1,51,-1,23
1,<environment.Job instance at 0x7f9054842c30>,23,28,[ 3 14],24,-1,52,-1,24
1,<environment.Job instance at 0x7f9054842410>,24,18,[ 3 13],25,-1,43,-1,25
1,<environment.Job instance at 0x7f90548420a0>,25,15,[13  3],26,-1,41,-1,26
1,<environment.Job instance at 0x7f9054842190>,26,24,[ 1 11],27,-1,51,-1,27
1,<environment.Job instance at 0x7f9054842500>,27,23,[ 5 10],28,-1,51,-1,28
1,<environment.Job instance at 0x7f9054ac3f00>,28,27,[ 4 13],29,-1,56,-1,29
1,<environment.Job instance at 0x7f9054ac3370>,30,23,[13  4],31,-1,54,-1,31
1,<environment.Job instance at 0x7f9054ac3b40>,31,19,[ 5 12],32,-1,51,-1,32
1,<environment.Job instance at 0x7f9054ac3cd0>,32,25,[ 4 12],33,-1,58,-1,33
1,<environment.Job instance at 0x7f9054ac3be0>,34,27,[10  2],35,-1,62,-1,35
1,<environment.Job instance at 0x7f9054ac3410>,35,26,[ 3 13],36,-1,62,-1,36
1,<environment.Job instance at 0x7f9054ac32d0>,36,28,[11  5],37,-1,65,-1,37
1,<environment.Job instance at 0x7f9054ac3d70>,37,24,[14  5],38,-1,62,-1,38
1,<environment.Job instance at 0x7f9054ac33c0>,38,23,[ 5 14],39,-1,62,-1,39
1,<environment.Job instance at 0x7f9054ac3eb0>,39,21,[ 1 14],40,-1,61,-1,40
1,<environment.Job instance at 0x7f9054ac31e0>,40,21,[12  4],41,-1,62,-1,41
1,<environment.Job instance at 0x7f90540be3c0>,41,25,[14  4],42,-1,67,-1,42
1,<environment.Job instance at 0x7f90540be500>,42,21,[ 4 14],43,-1,64,-1,43
1,<environment.Job instance at 0x7f90540bef00>,43,23,[ 5 12],44,-1,67,-1,44
1,<environment.Job instance at 0x7f90540be140>,45,21,[ 1 14],46,-1,67,-1,46
1,<environment.Job instance at 0x7f90540be640>,46,23,[11  3],47,-1,70,-1,47
1,<environment.Job instance at 0x7f90540befa0>,47,21,[13  5],48,-1,69,-1,48
1,<environment.Job instance at 0x7f90540be1e0>,48,19,[12  5],49,-1,68,-1,49
1,<environment.Job instance at 0x7f90540bea50>,49,17,[14  5],50,-1,67,-1,50
1,<environment.Job instance at 0x7f90540beb40>,50,19,[13  4],51,-1,70,-1,51
1,<environment.Job instance at 0x7f90540be9b0>,52,24,[12  4],53,-1,77,-1,53
1,<environment.Job instance at 0x7f9053da4aa0>,53,21,[ 3 11],54,-1,75,-1,54
1,<environment.Job instance at 0x7f9053da41e0>,54,20,[13  1],55,-1,75,-1,55
1,<environment.Job instance at 0x7f9053da4af0>,55,18,[ 4 13],56,-1,74,-1,56
1,<environment.Job instance at 0x7f9053da4690>,56,26,[ 3 14],57,-1,83,-1,57
1,<environment.Job instance at 0x7f9053da43c0>,57,15,[ 4 12],58,-1,73,-1,58
1,<environment.Job instance at 0x7f9053da47d0>,59,20,[12  2],60,-1,80,-1,60
1,<environment.Job instance at 0x7f9053da40a0>,60,26,[12  1],61,-1,87,-1,61
1,<environment.Job instance at 0x7f9053da42d0>,61,25,[14  4],62,-1,87,-1,62
1,<environment.Job instance at 0x7f9053da4e60>,62,24,[13  1],63,-1,87,-1,63
1,<environment.Job instance at 0x7f9053da4050>,63,23,[11  2],64,-1,87,-1,64
1,<environment.Job instance at 0x7f9053da45f0>,64,19,[ 3 14],65,-1,84,-1,65
1,<environment.Job instance at 0x7f9053da4a50>,65,24,[ 1 11],66,-1,90,-1,66
1,<environment.Job instance at 0x7f9053da4910>,66,25,[12  4],67,-1,92,-1,67
1,<environment.Job instance at 0x7f9053da4780>,67,25,[3 6],68,-1,93,-1,68
1,<environment.Job instance at 0x7f9054d78910>,68,22,[12  1],69,-1,91,-1,69
1,<environment.Job instance at 0x7f9054d78370>,69,16,[14  2],70,-1,86,-1,70
1,<environment.Job instance at 0x7f9054d78af0>,70,22,[14  4],71,-1,93,-1,71
1,<environment.Job instance at 0x7f905da988c0>,73,26,[13  4],74,-1,100,-1,74
1,<environment.Job instance at 0x7f9054d78320>,72,15,[13  2],73,-1,89,-1,74
1,<environment.Job instance at 0x7f9054d783c0>,74,19,[12  5],75,-1,94,-1,75
1,<environment.Job instance at 0x7f9054d782d0>,75,20,[13  4],76,-1,96,-1,76
1,<environment.Job instance at 0x7f9054d78dc0>,78,25,[ 4 11],79,-1,104,-1,79
1,<environment.Job instance at 0x7f9054d78d70>,79,24,[13  5],80,-1,104,-1,80
1,<environment.Job instance at 0x7f9054d78870>,80,27,[ 2 14],81,-1,108,-1,81
1,<environment.Job instance at 0x7f9054d785f0>,81,26,[ 4 12],82,-1,108,-1,82
1,<environment.Job instance at 0x7f9054d78780>,82,15,[ 4 14],83,-1,98,-1,83
1,<environment.Job instance at 0x7f9054d78a50>,83,26,[ 1 13],84,-1,110,-1,84
1,<environment.Job instance at 0x7f9054d788c0>,84,21,[5 7],85,-1,106,-1,85
1,<environment.Job instance at 0x7f9054d78be0>,85,27,[10  2],86,-1,113,-1,86
1,<environment.Job instance at 0x7f9053d440f0>,86,24,[14  5],87,-1,111,-1,87
1,<environment.Job instance at 0x7f9054704320>,87,27,[8 1],88,-1,115,-1,88
1,<environment.Job instance at 0x7f90547044b0>,88,27,[7 2],89,-1,116,-1,89
1,<environment.Job instance at 0x7f9054704820>,89,22,[12  5],90,-1,112,-1,90
1,<environment.Job instance at 0x7f9054704280>,90,23,[13  3],91,-1,114,-1,91
1,<environment.Job instance at 0x7f9054704230>,92,24,[3 9],93,-1,118,-1,94
1,<environment.Job instance at 0x7f9054727320>,94,20,[14  3],95,-1,115,-1,95
1,<environment.Job instance at 0x7f9054727820>,95,23,[ 2 14],96,-1,119,-1,96
1,<environment.Job instance at 0x7f9053ff5d20>,96,13,[11  2],97,-1,110,-1,97
1,<environment.Job instance at 0x7f9053ff55f0>,97,26,[ 1 12],98,-1,124,-1,98
1,<environment.Job instance at 0x7f9054b4a5a0>,98,19,[13  5],99,-1,118,-1,99
1,<environment.Job instance at 0x7f9055009050>,99,25,[ 3 10],100,-1,125,-1,100
1,<environment.Job instance at 0x7f90550094b0>,100,28,[ 1 11],101,-1,129,-1,101
1,<environment.Job instance at 0x7f9053701140>,103,19,[ 1 14],104,-1,123,-1,104
1,<environment.Job instance at 0x7f90539d0640>,104,18,[ 4 11],105,-1,123,-1,105
1,<environment.Job instance at 0x7f9054f6c6e0>,105,27,[14  3],106,-1,133,-1,106
1,<environment.Job instance at 0x7f9054f6c820>,106,12,[ 3 13],107,-1,119,-1,107
1,<environment.Job instance at 0x7f90540a5140>,107,20,[ 2 12],108,-1,128,-1,108
1,<environment.Job instance at 0x7f9053ec06e0>,108,20,[12  5],109,-1,129,-1,109
1,<environment.Job instance at 0x7f9053e7cdc0>,109,20,[ 4 12],110,-1,130,-1,110
1,<environment.Job instance at 0x7f9054f62460>,110,22,[ 3 14],111,-1,133,-1,111
1,<environment.Job instance at 0x7f9054fb20a0>,1,28,[ 3 13],2,-1,30,-1,2
1,<environment.Job instance at 0x7f90541c4be0>,2,25,[14  1],3,-1,28,-1,3
1,<environment.Job instance at 0x7f90541c4b40>,6,24,[ 3 11],7,-1,31,-1,7
1,<environment.Job instance at 0x7f90541c41e0>,7,26,[11  5],8,-1,34,-1,8
1,<environment.Job instance at 0x7f90541c4640>,8,28,[5 8],9,-1,37,-1,9
1,<environment.Job instance at 0x7f90541c4320>,9,27,[1 7],10,-1,38,-1,11
1,<environment.Job instance at 0x7f90541c4f00>,11,26,[7 1],12,-1,38,-1,12
1,<environment.Job instance at 0x7f90541c4230>,12,26,[ 5 13],13,-1,39,-1,13
1,<environment.Job instance at 0x7f90541c4dc0>,13,24,[12  2],14,-1,38,-1,14
1,<environment.Job instance at 0x7f90541c4050>,14,28,[ 1 12],15,-1,43,-1,15
1,<environment.Job instance at 0x7f90541c40a0>,15,23,[8 2],16,-1,39,-1,16
1,<environment.Job instance at 0x7f90541c4820>,16,23,[ 2 14],17,-1,40,-1,17
1,<environment.Job instance at 0x7f90541c4190>,17,26,[13  4],18,-1,44,-1,18
1,<environment.Job instance at 0x7f90541a8050>,18,20,[11  2],19,-1,39,-1,19
1,<environment.Job instance at 0x7f90541a8410>,21,18,[14  5],22,-1,40,-1,22
1,<environment.Job instance at 0x7f90541a86e0>,22,19,[ 1 11],23,-1,42,-1,23
1,<environment.Job instance at 0x7f90541a8e60>,23,24,[ 1 13],24,-1,48,-1,24
1,<environment.Job instance at 0x7f90541a8be0>,24,20,[ 2 13],25,-1,45,-1,25
1,<environment.Job instance at 0x7f90541a8280>,26,21,[ 5 11],27,-1,50,-1,29
1,<environment.Job instance at 0x7f90541a85a0>,27,26,[1 7],28,-1,55,-1,29
1,<environment.Job instance at 0x7f90541a8b90>,28,26,[ 2 13],29,-1,55,-1,29
1,<environment.Job instance at 0x7f90541a8cd0>,29,25,[11  1],30,-1,55,-1,30
1,<environment.Job instance at 0x7f90541a8f50>,30,25,[11  4],31,-1,56,-1,31
1,<environment.Job instance at 0x7f90541a8320>,31,27,[ 1 11],32,-1,59,-1,32
1,<environment.Job instance at 0x7f90541a8140>,32,26,[ 2 14],33,-1,59,-1,33
1,<environment.Job instance at 0x7f9054061e10>,33,21,[11  5],34,-1,55,-1,34
1,<environment.Job instance at 0x7f9054061e60>,34,22,[14  1],35,-1,57,-1,35
1,<environment.Job instance at 0x7f9054061f00>,35,15,[11  1],36,-1,51,-1,36
1,<environment.Job instance at 0x7f9054061dc0>,36,25,[ 5 11],37,-1,62,-1,37
1,<environment.Job instance at 0x7f9054061a00>,37,21,[ 5 14],38,-1,59,-1,38
1,<environment.Job instance at 0x7f90541a83c0>,39,21,[14  5],40,-1,67,-1,46
1,<environment.Job instance at 0x7f9054061a50>,40,13,[11  2],41,-1,59,-1,46
1,<environment.Job instance at 0x7f9054061b40>,41,22,[ 3 14],42,-1,68,-1,46
1,<environment.Job instance at 0x7f9054061cd0>,42,27,[ 5 11],43,-1,73,-1,46
1,<environment.Job instance at 0x7f9054061d20>,43,21,[ 2 11],44,-1,67,-1,46
1,<environment.Job instance at 0x7f90540619b0>,44,27,[ 5 11],45,-1,73,-1,46
1,<environment.Job instance at 0x7f9054061c80>,45,23,[14  5],46,-1,69,-1,46
1,<environment.Job instance at 0x7f9054061af0>,46,14,[11  2],47,-1,61,-1,47
1,<environment.Job instance at 0x7f9054445050>,47,20,[11  1],48,-1,68,-1,48
1,<environment.Job instance at 0x7f9054445c30>,48,22,[12  5],49,-1,71,-1,49
1,<environment.Job instance at 0x7f9054445be0>,49,27,[14  4],50,-1,77,-1,50
1,<environment.Job instance at 0x7f9054445cd0>,50,22,[ 2 12],51,-1,73,-1,51
1,<environment.Job instance at 0x7f9054445500>,51,15,[11  5],52,-1,67,-1,52
1,<environment.Job instance at 0x7f9054445280>,53,24,[12  2],54,-1,78,-1,54
1,<environment.Job instance at 0x7f9054445320>,54,17,[11  5],55,-1,72,-1,55
1,<environment.Job instance at 0x7f9054445f50>,55,26,[12  4],56,-1,82,-1,56
1,<environment.Job instance at 0x7f9054445eb0>,56,27,[ 5 13],57,-1,84,-1,57
1,<environment.Job instance at 0x7f90544456e0>,57,20,[ 3 11],58,-1,78,-1,58
1,<environment.Job instance at 0x7f9054445460>,58,19,[ 3 14],59,-1,78,-1,59
1,<environment.Job instance at 0x7f9054445f00>,59,18,[ 4 14],60,-1,78,-1,60
1,<environment.Job instance at 0x7f9054445410>,60,23,[12  2],61,-1,84,-1,61
1,<environment.Job instance at 0x7f9054445c80>,62,27,[1 9],63,-1,90,-1,63
1,<environment.Job instance at 0x7f9054445b40>,63,26,[6 4],64,-1,90,-1,64
1,<environment.Job instance at 0x7f9054445690>,64,28,[14  4],65,-1,93,-1,65
1,<environment.Job instance at 0x7f90544455f0>,65,12,[14  5],66,-1,78,-1,66
1,<environment.Job instance at 0x7f9053de8b40>,66,19,[ 5 11],67,-1,86,-1,67
1,<environment.Job instance at 0x7f9053de8f50>,68,25,[12  5],69,-1,94,-1,69
1,<environment.Job instance at 0x7f9053de8f00>,69,23,[ 5 13],70,-1,93,-1,70
1,<environment.Job instance at 0x7f9053de8eb0>,70,27,[ 5 12],71,-1,98,-1,71
1,<environment.Job instance at 0x7f9054445af0>,72,20,[13  1],73,-1,103,-1,83
1,<environment.Job instance at 0x7f9053de8190>,73,12,[ 1 11],74,-1,95,-1,83
1,<environment.Job instance at 0x7f9053de8780>,74,23,[12  1],75,-1,106,-1,83
1,<environment.Job instance at 0x7f9053de89b0>,75,26,[13  4],76,-1,109,-1,83
1,<environment.Job instance at 0x7f9053de8e10>,76,26,[14  4],77,-1,109,-1,83
1,<environment.Job instance at 0x7f9053de80a0>,77,15,[ 5 13],78,-1,98,-1,83
1,<environment.Job instance at 0x7f9053de8370>,78,24,[13  2],79,-1,107,-1,83
1,<environment.Job instance at 0x7f9053de8640>,79,22,[12  4],80,-1,105,-1,83
1,<environment.Job instance at 0x7f9053de8320>,80,21,[ 1 13],81,-1,104,-1,83
1,<environment.Job instance at 0x7f9053de80f0>,81,25,[14  2],82,-1,108,-1,83
1,<environment.Job instance at 0x7f9053de8140>,82,21,[12  2],83,-1,104,-1,83
1,<environment.Job instance at 0x7f9053de81e0>,83,26,[ 3 11],84,-1,110,-1,84
1,<environment.Job instance at 0x7f9053de8730>,84,21,[ 3 11],85,-1,106,-1,85
1,<environment.Job instance at 0x7f9053de8d20>,85,13,[ 3 14],86,-1,99,-1,86
1,<environment.Job instance at 0x7f9053de84b0>,86,27,[ 3 12],87,-1,114,-1,87
1,<environment.Job instance at 0x7f9053de8410>,87,14,[ 5 11],88,-1,102,-1,88
1,<environment.Job instance at 0x7f9053d8ad70>,88,26,[12  1],89,-1,115,-1,89
1,<environment.Job instance at 0x7f9053d8ad20>,89,28,[10  1],90,-1,118,-1,90
1,<environment.Job instance at 0x7f9053d8aa00>,90,18,[13  5],91,-1,109,-1,91
1,<environment.Job instance at 0x7f9053d8ac30>,91,28,[4 7],92,-1,120,-1,92
1,<environment.Job instance at 0x7f9053d8a280>,92,27,[ 1 14],93,-1,120,-1,93
1,<environment.Job instance at 0x7f9053d8a9b0>,93,25,[11  3],94,-1,119,-1,94
1,<environment.Job instance at 0x7f9053d8a640>,94,17,[13  3],95,-1,112,-1,95
1,<environment.Job instance at 0x7f9053d8a370>,95,23,[13  1],96,-1,119,-1,96
1,<environment.Job instance at 0x7f9053d8acd0>,96,25,[ 1 11],97,-1,122,-1,97
1,<environment.Job instance at 0x7f9053d8ab90>,97,25,[7 4],98,-1,123,-1,98
1,<environment.Job instance at 0x7f9053d8a8c0>,98,25,[ 5 14],99,-1,124,-1,99
1,<environment.Job instance at 0x7f9053d8a730>,99,18,[12  1],100,-1,118,-1,100
1,<environment.Job instance at 0x7f9053d8a0a0>,100,26,[13  5],101,-1,127,-1,101
1,<environment.Job instance at 0x7f9053d8a690>,101,21,[14  4],102,-1,123,-1,102
1,<environment.Job instance at 0x7f9053d8a550>,102,26,[13  4],103,-1,129,-1,103
1,<environment.Job instance at 0x7f9053d8a3c0>,103,24,[ 4 13],104,-1,128,-1,104
1,<environment.Job instance at 0x7f9053d8a140>,104,27,[ 2 11],105,-1,132,-1,105
1,<environment.Job instance at 0x7f9053d8a0f0>,105,21,[ 1 13],106,-1,127,-1,106
1,<environment.Job instance at 0x7f90542ee550>,106,26,[14  5],107,-1,133,-1,107
1,<environment.Job instance at 0x7f90542ee640>,107,12,[ 3 11],108,-1,120,-1,108
1,<environment.Job instance at 0x7f90542ee280>,108,26,[ 3 12],109,-1,135,-1,109
1,<environment.Job instance at 0x7f90542ee190>,109,28,[11  1],110,-1,138,-1,110
1,<environment.Job instance at 0x7f90542eeb40>,110,26,[11  3],111,-1,137,-1,111
1,<environment.Job instance at 0x7f90542ee910>,111,21,[ 2 11],112,-1,133,-1,112
1,<environment.Job instance at 0x7f90542eecd0>,112,24,[11  5],113,-1,137,-1,113
1,<environment.Job instance at 0x7f90542ee370>,115,15,[ 5 13],116,-1,131,-1,116
1,<environment.Job instance at 0x7f90542eef00>,116,20,[ 3 11],117,-1,137,-1,117
1,<environment.Job instance at 0x7f9053de8d70>,118,12,[12  3],119,-1,137,-1,125
1,<environment.Job instance at 0x7f90542eea00>,119,19,[13  5],120,-1,144,-1,125
1,<environment.Job instance at 0x7f90542ee7d0>,120,26,[11  5],121,-1,151,-1,125
1,<environment.Job instance at 0x7f90542ee2d0>,122,19,[ 1 12],123,-1,146,-1,127
1,<environment.Job instance at 0x7f90544e15f0>,123,23,[ 4 11],124,-1,150,-1,127
1,<environment.Job instance at 0x7f90544e10f0>,124,26,[ 3 11],125,-1,153,-1,127
1,<environment.Job instance at 0x7f90544e17d0>,125,22,[13  5],126,-1,149,-1,127
1,<environment.Job instance at 0x7f90544e1820>,126,22,[ 4 12],127,-1,149,-1,127
1,<environment.Job instance at 0x7f90544e1cd0>,127,14,[ 3 12],128,-1,142,-1,128
1,<environment.Job instance at 0x7f90544e1f00>,128,22,[12  1],129,-1,151,-1,129
1,<environment.Job instance at 0x7f90544e1320>,129,26,[12  1],130,-1,156,-1,130
1,<environment.Job instance at 0x7f90544e1e10>,130,14,[ 4 14],131,-1,145,-1,131
1,<environment.Job instance at 0x7f90544e1050>,131,25,[13  5],132,-1,157,-1,132
1,<environment.Job instance at 0x7f90544e18c0>,132,23,[ 3 11],133,-1,156,-1,133
1,<environment.Job instance at 0x7f90544e1690>,134,20,[ 3 12],135,-1,165,-1,145
1,<environment.Job instance at 0x7f90544e1f50>,135,13,[11  1],136,-1,158,-1,145
1,<environment.Job instance at 0x7f90544e1d70>,136,22,[ 1 11],137,-1,167,-1,145
1,<environment.Job instance at 0x7f90544e1960>,137,21,[11  3],138,-1,166,-1,145
1,<environment.Job instance at 0x7f90544e1730>,138,22,[ 2 11],139,-1,167,-1,145
1,<environment.Job instance at 0x7f90544e1280>,139,19,[14  4],140,-1,164,-1,145
1,<environment.Job instance at 0x7f90544e16e0>,140,24,[ 2 11],141,-1,169,-1,145
1,<environment.Job instance at 0x7f90544e1e60>,141,20,[ 2 13],142,-1,165,-1,145
1,<environment.Job instance at 0x7f90544e1dc0>,142,17,[ 5 14],143,-1,162,-1,145
1,<environment.Job instance at 0x7f90544e1550>,143,24,[12  2],144,-1,169,-1,145
1,<environment.Job instance at 0x7f90544e1a50>,144,21,[ 2 14],145,-1,166,-1,145
1,<environment.Job instance at 0x7f9054399e60>,146,24,[11  5],147,-1,172,-1,148
1,<environment.Job instance at 0x7f9053c49500>,147,22,[ 4 13],148,-1,170,-1,148
1,<environment.Job instance at 0x7f9054305d20>,148,22,[1 7],149,-1,174,-1,152
1,<environment.Job instance at 0x7f9054305460>,149,21,[ 2 13],150,-1,173,-1,152
1,<environment.Job instance at 0x7f9053d6b2d0>,150,17,[13  2],151,-1,169,-1,152
1,<environment.Job instance at 0x7f90543050f0>,151,21,[13  2],152,-1,173,-1,152
1,<environment.Job instance at 0x7f90544100a0>,2,25,[ 1 13],3,-1,28,-1,3
1,<environment.Job instance at 0x7f90550007d0>,5,22,[ 3 13],6,-1,28,-1,6
1,<environment.Job instance at 0x7f90550005f0>,6,28,[ 4 13],7,-1,35,-1,7
1,<environment.Job instance at 0x7f90550000f0>,7,28,[13  4],8,-1,36,-1,8
1,<environment.Job instance at 0x7f9055000f00>,8,28,[ 3 10],9,-1,37,-1,9
1,<environment.Job instance at 0x7f9055000190>,9,28,[5 5],10,-1,38,-1,10
1,<environment.Job instance at 0x7f9055000af0>,10,21,[12  5],11,-1,32,-1,11
1,<environment.Job instance at 0x7f90550001e0>,14,21,[11  1],15,-1,45,-1,24
1,<environment.Job instance at 0x7f9055000f50>,15,20,[ 1 13],16,-1,44,-1,24
1,<environment.Job instance at 0x7f9054ff2af0>,16,21,[ 5 12],17,-1,45,-1,24
1,<environment.Job instance at 0x7f9054ff2b40>,17,23,[13  4],18,-1,47,-1,24
1,<environment.Job instance at 0x7f9054ff25a0>,18,16,[ 5 11],19,-1,40,-1,24
1,<environment.Job instance at 0x7f9054ff25f0>,20,21,[11  5],21,-1,45,-1,24
1,<environment.Job instance at 0x7f9054ff2410>,21,27,[13  2],22,-1,51,-1,24
1,<environment.Job instance at 0x7f9054ff2050>,22,14,[3 5],23,-1,38,-1,24
1,<environment.Job instance at 0x7f9054ff22d0>,23,24,[10  2],24,-1,48,-1,24
1,<environment.Job instance at 0x7f9054ff2690>,24,23,[ 5 12],25,-1,48,-1,25
1,<environment.Job instance at 0x7f9054ff28c0>,25,20,[ 3 11],26,-1,46,-1,26
1,<environment.Job instance at 0x7f9054ff2eb0>,26,21,[ 1 14],27,-1,48,-1,27
1,<environment.Job instance at 0x7f9054ff2c80>,27,16,[ 2 12],28,-1,44,-1,28
1,<environment.Job instance at 0x7f9054ff2230>,28,20,[ 3 12],29,-1,49,-1,29
1,<environment.Job instance at 0x7f9054ff2d20>,29,18,[ 4 11],30,-1,48,-1,30
1,<environment.Job instance at 0x7f9054ff2960>,30,21,[ 5 12],31,-1,52,-1,31
1,<environment.Job instance at 0x7f9054ff2e60>,31,13,[ 5 11],32,-1,45,-1,32
1,<environment.Job instance at 0x7f9054ff2aa0>,32,15,[11  2],33,-1,48,-1,33
1,<environment.Job instance at 0x7f9053df1870>,33,25,[11  2],34,-1,59,-1,34
1,<environment.Job instance at 0x7f9053df1730>,34,23,[ 2 13],35,-1,58,-1,35
1,<environment.Job instance at 0x7f9053df1be0>,35,20,[11  4],36,-1,56,-1,36
1,<environment.Job instance at 0x7f9053df1cd0>,36,23,[ 5 14],37,-1,60,-1,37
1,<environment.Job instance at 0x7f9053df1d70>,37,28,[14  3],38,-1,66,-1,38
1,<environment.Job instance at 0x7f9053df11e0>,38,18,[14  3],39,-1,57,-1,39
1,<environment.Job instance at 0x7f9053df1b90>,39,22,[13  2],40,-1,62,-1,40
1,<environment.Job instance at 0x7f9053df1280>,40,22,[ 5 10],41,-1,63,-1,41
1,<environment.Job instance at 0x7f9053df1e10>,41,28,[ 3 13],42,-1,70,-1,42
1,<environment.Job instance at 0x7f9053df16e0>,42,26,[13  2],43,-1,69,-1,43
1,<environment.Job instance at 0x7f9053df10a0>,43,14,[13  1],44,-1,58,-1,44
1,<environment.Job instance at 0x7f9053df13c0>,44,22,[ 3 12],45,-1,67,-1,45
1,<environment.Job instance at 0x7f9053df1140>,45,21,[ 4 11],46,-1,67,-1,46
1,<environment.Job instance at 0x7f9053df1a50>,46,16,[ 1 12],47,-1,63,-1,47
1,<environment.Job instance at 0x7f9053df1640>,47,17,[ 2 11],48,-1,65,-1,48
1,<environment.Job instance at 0x7f9053df1320>,48,23,[ 4 12],49,-1,72,-1,49
1,<environment.Job instance at 0x7f9053df1370>,49,20,[ 1 14],50,-1,70,-1,50
1,<environment.Job instance at 0x7f9053df1dc0>,50,21,[11  2],51,-1,72,-1,51
1,<environment.Job instance at 0x7f9053df1f50>,51,27,[11  3],52,-1,79,-1,52
1,<environment.Job instance at 0x7f9053df19b0>,52,28,[12  4],53,-1,81,-1,53
1,<environment.Job instance at 0x7f9053df1780>,53,25,[ 1 11],54,-1,79,-1,54
1,<environment.Job instance at 0x7f9053df1c80>,54,27,[11  3],55,-1,82,-1,55
1,<environment.Job instance at 0x7f9053df15a0>,56,26,[ 1 12],57,-1,83,-1,57
1,<environment.Job instance at 0x7f9053df3370>,57,12,[ 5 14],58,-1,70,-1,58
1,<environment.Job instance at 0x7f9053df3a50>,58,20,[ 4 13],59,-1,79,-1,59
1,<environment.Job instance at 0x7f9053df3a00>,59,23,[3 5],60,-1,83,-1,60
1,<environment.Job instance at 0x7f9053df3d70>,60,28,[14  5],61,-1,89,-1,61
1,<environment.Job instance at 0x7f9053df3190>,61,21,[11  4],62,-1,83,-1,62
1,<environment.Job instance at 0x7f9053df3820>,62,28,[12  4],63,-1,91,-1,63
1,<environment.Job instance at 0x7f9053df3b40>,63,16,[13  5],64,-1,80,-1,64
1,<environment.Job instance at 0x7f9053df3690>,64,24,[13  2],65,-1,89,-1,65
1,<environment.Job instance at 0x7f9053df3dc0>,65,16,[14  5],66,-1,82,-1,66
1,<environment.Job instance at 0x7f9053df3fa0>,66,23,[ 1 13],67,-1,90,-1,67
1,<environment.Job instance at 0x7f9053df3af0>,67,12,[ 1 12],68,-1,80,-1,68
1,<environment.Job instance at 0x7f9053df3050>,68,22,[ 2 14],69,-1,91,-1,69
1,<environment.Job instance at 0x7f9053df35f0>,69,26,[12  5],70,-1,96,-1,70
1,<environment.Job instance at 0x7f9053df3500>,70,13,[14  2],71,-1,84,-1,71
1,<environment.Job instance at 0x7f9053df3140>,75,21,[12  2],76,-1,140,-1,119
1,<environment.Job instance at 0x7f9053df3410>,76,24,[9 1],77,-1,143,-1,119
1,<environment.Job instance at 0x7f9053d11140>,77,19,[12  2],78,-1,138,-1,119
1,<environment.Job instance at 0x7f9053d115a0>,78,23,[13  4],79,-1,142,-1,119
1,<environment.Job instance at 0x7f9053d11dc0>,79,19,[12  4],80,-1,138,-1,119
1,<environment.Job instance at 0x7f9053d11500>,80,25,[ 3 13],81,-1,144,-1,119
1,<environment.Job instance at 0x7f9053d11b40>,81,20,[ 2 13],82,-1,139,-1,119
1,<environment.Job instance at 0x7f9053d11820>,82,19,[ 3 11],83,-1,138,-1,119
1,<environment.Job instance at 0x7f9053d11e60>,83,20,[12  4],84,-1,139,-1,119
1,<environment.Job instance at 0x7f9053d113c0>,84,26,[ 4 11],85,-1,145,-1,119
1,<environment.Job instance at 0x7f9053d11cd0>,85,12,[13  3],86,-1,131,-1,119
1,<environment.Job instance at 0x7f9053d11550>,86,27,[ 1 13],87,-1,146,-1,119
1,<environment.Job instance at 0x7f9053d119b0>,87,20,[11  3],88,-1,139,-1,119
1,<environment.Job instance at 0x7f9053d11780>,88,23,[ 4 12],89,-1,142,-1,119
1,<environment.Job instance at 0x7f9053d116e0>,89,27,[ 3 14],90,-1,146,-1,119
1,<environment.Job instance at 0x7f9053d11be0>,90,26,[10  5],91,-1,145,-1,119
1,<environment.Job instance at 0x7f9053d11b90>,92,17,[13  1],93,-1,148,-1,131
1,<environment.Job instance at 0x7f9053d11d20>,93,23,[ 1 11],94,-1,154,-1,131
1,<environment.Job instance at 0x7f9053d11f50>,94,19,[14  4],95,-1,150,-1,131
1,<environment.Job instance at 0x7f9053d539b0>,95,24,[13  5],96,-1,155,-1,131
1,<environment.Job instance at 0x7f9053d11e10>,96,25,[ 4 12],97,-1,156,-1,131
1,<environment.Job instance at 0x7f9053d53320>,97,25,[14  2],98,-1,156,-1,131
1,<environment.Job instance at 0x7f9053d532d0>,98,23,[9 1],99,-1,154,-1,131
1,<environment.Job instance at 0x7f9053d53e10>,99,22,[ 3 14],100,-1,153,-1,131
1,<environment.Job instance at 0x7f90537b1910>,101,23,[11  1],102,-1,154,-1,131
1,<environment.Job instance at 0x7f90537b1730>,102,14,[ 3 12],103,-1,145,-1,131
1,<environment.Job instance at 0x7f90537b1690>,103,17,[14  3],104,-1,148,-1,131
1,<environment.Job instance at 0x7f90537b1a00>,104,24,[ 3 14],105,-1,155,-1,131
1,<environment.Job instance at 0x7f90537b1c30>,105,20,[ 4 14],106,-1,151,-1,131
1,<environment.Job instance at 0x7f90537b15a0>,106,24,[ 4 11],107,-1,155,-1,131
1,<environment.Job instance at 0x7f90537b18c0>,107,24,[ 1 10],108,-1,155,-1,131
1,<environment.Job instance at 0x7f90537b15f0>,108,28,[9 5],109,-1,159,-1,131
1,<environment.Job instance at 0x7f90537b1c80>,109,23,[5 5],110,-1,154,-1,131
1,<environment.Job instance at 0x7f90537b1370>,110,19,[ 4 13],111,-1,150,-1,131
1,<environment.Job instance at 0x7f9054220b40>,112,26,[ 4 14],113,-1,169,-1,143
1,<environment.Job instance at 0x7f9054220280>,113,25,[13  1],114,-1,168,-1,143
1,<environment.Job instance at 0x7f9054220230>,114,23,[6 5],115,-1,166,-1,143
1,<environment.Job instance at 0x7f90542205a0>,115,24,[ 3 14],116,-1,167,-1,143
1,<environment.Job instance at 0x7f90542209b0>,116,28,[ 5 12],117,-1,171,-1,143
1,<environment.Job instance at 0x7f9054220140>,117,23,[ 4 14],118,-1,166,-1,143
1,<environment.Job instance at 0x7f9054220690>,118,20,[ 4 12],119,-1,163,-1,143
1,<environment.Job instance at 0x7f90542202d0>,119,26,[10  5],120,-1,169,-1,143
1,<environment.Job instance at 0x7f90542207d0>,120,19,[ 4 13],121,-1,162,-1,143
1,<environment.Job instance at 0x7f9054220640>,121,18,[14  3],122,-1,161,-1,143
1,<environment.Job instance at 0x7f9054220960>,122,26,[5 9],123,-1,169,-1,143
1,<environment.Job instance at 0x7f90542208c0>,123,28,[12  4],124,-1,171,-1,143
1,<environment.Job instance at 0x7f90542200a0>,124,26,[12  4],125,-1,169,-1,143
1,<environment.Job instance at 0x7f905414f230>,125,22,[13  1],126,-1,165,-1,143
1,<environment.Job instance at 0x7f905414f0a0>,126,21,[13  5],127,-1,164,-1,143
1,<environment.Job instance at 0x7f905414faa0>,127,20,[ 5 14],128,-1,163,-1,143
1,<environment.Job instance at 0x7f905414f9b0>,128,22,[2 7],129,-1,179,-1,157
1,<environment.Job instance at 0x7f905414f410>,129,21,[12  1],130,-1,178,-1,157
1,<environment.Job instance at 0x7f905414fa50>,130,26,[ 5 11],131,-1,183,-1,157
1,<environment.Job instance at 0x7f905414f4b0>,131,20,[ 2 13],132,-1,177,-1,157
1,<environment.Job instance at 0x7f905414fd70>,132,24,[9 3],133,-1,181,-1,157
1,<environment.Job instance at 0x7f905414f370>,134,24,[10  4],135,-1,181,-1,157
1,<environment.Job instance at 0x7f905414f050>,135,24,[14  2],136,-1,181,-1,157
1,<environment.Job instance at 0x7f905414fcd0>,136,26,[5 5],137,-1,183,-1,157
1,<environment.Job instance at 0x7f905414f5f0>,137,23,[ 4 14],138,-1,180,-1,157
1,<environment.Job instance at 0x7f905414f320>,138,23,[ 4 13],139,-1,180,-1,157
1,<environment.Job instance at 0x7f905414fc30>,139,26,[13  3],140,-1,183,-1,157
1,<environment.Job instance at 0x7f905414f5a0>,140,28,[ 5 14],141,-1,185,-1,157
1,<environment.Job instance at 0x7f905414f280>,2,23,[4 8],3,-1,26,-1,3
1,<environment.Job instance at 0x7f9053be2690>,3,25,[ 5 14],4,-1,29,-1,4
1,<environment.Job instance at 0x7f9053be26e0>,4,22,[ 5 14],5,-1,27,-1,5
1,<environment.Job instance at 0x7f9053be2a00>,5,21,[ 1 13],6,-1,27,-1,6
1,<environment.Job instance at 0x7f9053be25f0>,6,28,[ 3 13],7,-1,35,-1,7
1,<environment.Job instance at 0x7f9053be2f50>,7,23,[12  5],8,-1,31,-1,8
1,<environment.Job instance at 0x7f9053be29b0>,8,23,[12  4],9,-1,32,-1,9
1,<environment.Job instance at 0x7f905414f5a0>,10,24,[8 3],11,-1,35,-1,11
1,<environment.Job instance at 0x7f9054f3b320>,9,23,[14  2],10,-1,34,-1,11
1,<environment.Job instance at 0x7f9054f3b460>,11,26,[1 7],12,-1,38,-1,12
1,<environment.Job instance at 0x7f9054f3b280>,12,14,[ 4 13],13,-1,27,-1,13
1,<environment.Job instance at 0x7f9054f3bb90>,13,24,[1 7],14,-1,38,-1,14
1,<environment.Job instance at 0x7f9054f3b7d0>,14,23,[ 3 14],15,-1,38,-1,15
1,<environment.Job instance at 0x7f9054f3b140>,16,14,[11  3],17,-1,31,-1,17
1,<environment.Job instance at 0x7f9054f3b6e0>,15,18,[13  3],16,-1,35,-1,17
1,<environment.Job instance at 0x7f9054f3b730>,17,20,[12  4],18,-1,38,-1,18
1,<environment.Job instance at 0x7f9054693550>,18,16,[ 1 13],19,-1,35,-1,19
1,<environment.Job instance at 0x7f9054693870>,19,26,[ 4 13],20,-1,46,-1,20
1,<environment.Job instance at 0x7f905503bdc0>,20,26,[ 4 14],21,-1,47,-1,21
1,<environment.Job instance at 0x7f905503b2d0>,21,21,[12  3],22,-1,43,-1,22
1,<environment.Job instance at 0x7f905503b640>,22,22,[11  4],23,-1,45,-1,23
1,<environment.Job instance at 0x7f9054f28500>,23,27,[ 2 10],24,-1,51,-1,24
1,<environment.Job instance at 0x7f9054f28f00>,24,16,[14  1],25,-1,41,-1,25
1,<environment.Job instance at 0x7f9054f28fa0>,26,28,[12  1],27,-1,55,-1,27
1,<environment.Job instance at 0x7f9054f285a0>,28,25,[14  2],29,-1,54,-1,29
1,<environment.Job instance at 0x7f9054f282d0>,29,19,[ 4 11],30,-1,49,-1,30
1,<environment.Job instance at 0x7f9054f28280>,31,25,[2 9],32,-1,57,-1,32
1,<environment.Job instance at 0x7f9054f3d550>,32,21,[ 2 12],33,-1,54,-1,33
1,<environment.Job instance at 0x7f9054f3d370>,33,20,[ 1 13],34,-1,54,-1,34
1,<environment.Job instance at 0x7f9054f3d4b0>,34,23,[11  5],35,-1,58,-1,35
1,<environment.Job instance at 0x7f9054f3d140>,35,25,[10  2],36,-1,61,-1,36
1,<environment.Job instance at 0x7f9054f3df50>,36,27,[13  4],37,-1,64,-1,37
1,<environment.Job instance at 0x7f9054f3dcd0>,37,26,[2 9],38,-1,64,-1,38
1,<environment.Job instance at 0x7f9054f3da50>,38,28,[ 1 11],39,-1,67,-1,39
1,<environment.Job instance at 0x7f9054f3de10>,39,21,[ 5 14],40,-1,61,-1,40
1,<environment.Job instance at 0x7f9054f3d870>,40,27,[13  2],41,-1,68,-1,41
1,<environment.Job instance at 0x7f9054f3d690>,41,19,[ 2 12],42,-1,61,-1,42
1,<environment.Job instance at 0x7f9054f3dc80>,42,20,[13  5],43,-1,63,-1,43
1,<environment.Job instance at 0x7f9054693780>,44,22,[ 3 11],45,-1,67,-1,45
1,<environment.Job instance at 0x7f9054f3d460>,43,20,[13  1],44,-1,65,-1,45
1,<environment.Job instance at 0x7f9054f3dbe0>,45,26,[6 1],46,-1,72,-1,46
1,<environment.Job instance at 0x7f9054f12780>,46,13,[14  4],47,-1,60,-1,47
1,<environment.Job instance at 0x7f9054f12870>,47,27,[12  3],48,-1,75,-1,48
1,<environment.Job instance at 0x7f9054f12500>,48,15,[ 3 14],49,-1,64,-1,49
1,<environment.Job instance at 0x7f9054f12af0>,49,21,[ 1 10],50,-1,71,-1,50
1,<environment.Job instance at 0x7f9054f121e0>,50,21,[13  3],51,-1,72,-1,51
1,<environment.Job instance at 0x7f9053be7410>,51,24,[13  4],52,-1,76,-1,52
1,<environment.Job instance at 0x7f9054a5e780>,53,27,[13  2],54,-1,81,-1,54
1,<environment.Job instance at 0x7f9054271550>,54,22,[ 5 14],55,-1,77,-1,55
1,<environment.Job instance at 0x7f9053be7c30>,55,28,[7 5],56,-1,84,-1,56
1,<environment.Job instance at 0x7f9054b69820>,57,26,[11  1],58,-1,84,-1,58
1,<environment.Job instance at 0x7f9054f1a370>,58,28,[ 1 12],59,-1,87,-1,59
1,<environment.Job instance at 0x7f9054f1ae10>,59,22,[ 2 12],60,-1,82,-1,60
1,<environment.Job instance at 0x7f9054f1ab40>,60,21,[12  4],61,-1,82,-1,61
1,<environment.Job instance at 0x7f9054f1a820>,61,24,[ 3 13],62,-1,86,-1,62
1,<environment.Job instance at 0x7f9054f1a690>,62,24,[12  5],63,-1,87,-1,63
1,<environment.Job instance at 0x7f9054f1a410>,63,27,[ 5 14],64,-1,91,-1,64
1,<environment.Job instance at 0x7f9054f1a4b0>,64,18,[ 3 11],65,-1,83,-1,65
1,<environment.Job instance at 0x7f9054f1a3c0>,65,27,[ 1 14],66,-1,93,-1,66
1,<environment.Job instance at 0x7f9054f1a0a0>,66,26,[11  5],67,-1,93,-1,67
1,<environment.Job instance at 0x7f9054f1a1e0>,67,26,[ 3 11],68,-1,94,-1,68
1,<environment.Job instance at 0x7f9054f35fa0>,68,27,[11  4],69,-1,96,-1,69
1,<environment.Job instance at 0x7f9054f35140>,69,18,[14  5],70,-1,88,-1,70
1,<environment.Job instance at 0x7f9054f35c30>,70,17,[ 5 11],71,-1,88,-1,71
1,<environment.Job instance at 0x7f9054f35b90>,71,20,[ 2 13],72,-1,92,-1,72
1,<environment.Job instance at 0x7f9054f35aa0>,72,20,[11  5],73,-1,93,-1,73
1,<environment.Job instance at 0x7f905405ecd0>,74,27,[5 8],75,-1,102,-1,75
1,<environment.Job instance at 0x7f9053dc56e0>,76,20,[ 4 11],77,-1,97,-1,77
1,<environment.Job instance at 0x7f9054529b90>,77,21,[14  5],78,-1,99,-1,78
1,<environment.Job instance at 0x7f9054529aa0>,78,16,[ 5 14],79,-1,95,-1,79
1,<environment.Job instance at 0x7f90545895f0>,80,17,[14  1],81,-1,98,-1,81
1,<environment.Job instance at 0x7f90549a4230>,81,12,[14  1],82,-1,94,-1,82
1,<environment.Job instance at 0x7f90549a4e10>,82,28,[13  3],83,-1,111,-1,83
1,<environment.Job instance at 0x7f905443a0f0>,83,21,[ 4 12],84,-1,105,-1,84
1,<environment.Job instance at 0x7f9054269870>,84,24,[7 2],85,-1,109,-1,85
1,<environment.Job instance at 0x7f90549a15a0>,86,24,[13  4],87,-1,111,-1,87
1,<environment.Job instance at 0x7f9054997410>,87,20,[ 3 12],88,-1,108,-1,88
1,<environment.Job instance at 0x7f9054997500>,88,14,[ 3 14],89,-1,103,-1,89
1,<environment.Job instance at 0x7f9053dc5230>,90,20,[12  3],91,-1,111,-1,91
1,<environment.Job instance at 0x7f9054a432d0>,91,22,[ 2 11],92,-1,114,-1,92
1,<environment.Job instance at 0x7f9054a43d20>,92,20,[ 4 12],93,-1,113,-1,93
1,<environment.Job instance at 0x7f9054a43eb0>,93,26,[11  1],94,-1,120,-1,94
1,<environment.Job instance at 0x7f9054a435f0>,94,12,[14  1],95,-1,107,-1,95
1,<environment.Job instance at 0x7f9054a43cd0>,95,22,[ 3 13],96,-1,118,-1,96
1,<environment.Job instance at 0x7f9054a43320>,96,22,[14  5],97,-1,119,-1,97
1,<environment.Job instance at 0x7f9054a43640>,97,25,[ 5 11],98,-1,123,-1,98
1,<environment.Job instance at 0x7f9054a439b0>,98,27,[ 3 13],99,-1,126,-1,99
1,<environment.Job instance at 0x7f9054a43280>,99,26,[13  2],100,-1,126,-1,100
1,<environment.Job instance at 0x7f9054a436e0>,100,19,[12  4],101,-1,120,-1,101
1,<environment.Job instance at 0x7f905453b7d0>,102,16,[ 3 12],103,-1,119,-1,103
1,<environment.Job instance at 0x7f905453beb0>,103,20,[ 3 14],104,-1,124,-1,104
1,<environment.Job instance at 0x7f905453b190>,104,27,[6 1],105,-1,132,-1,105
1,<environment.Job instance at 0x7f9054a6dcd0>,105,22,[11  5],106,-1,128,-1,106
1,<environment.Job instance at 0x7f9054a6d5a0>,106,17,[ 1 11],107,-1,124,-1,107
1,<environment.Job instance at 0x7f9054a6db40>,107,26,[ 1 12],108,-1,134,-1,108
1,<environment.Job instance at 0x7f9054a6d320>,108,25,[13  1],109,-1,134,-1,109
1,<environment.Job instance at 0x7f9054a43d70>,111,27,[8 5],112,-1,139,-1,112
1,<environment.Job instance at 0x7f9054a6de60>,112,26,[1 9],113,-1,140,-1,114
1,<environment.Job instance at 0x7f9054a6d0f0>,114,26,[7 4],115,-1,141,-1,115
1,<environment.Job instance at 0x7f9054a6dd70>,115,26,[12  5],116,-1,142,-1,116
1,<environment.Job instance at 0x7f9054a6d2d0>,116,23,[13  3],117,-1,140,-1,117
1,<environment.Job instance at 0x7f9054a4b690>,117,27,[14  4],118,-1,145,-1,118
1,<environment.Job instance at 0x7f9054a4b280>,118,13,[ 4 14],119,-1,132,-1,119
1,<environment.Job instance at 0x7f9054a4b1e0>,119,23,[12  3],120,-1,143,-1,120
1,<environment.Job instance at 0x7f9054a4b410>,120,27,[ 1 12],121,-1,148,-1,121
1,<environment.Job instance at 0x7f9054a4bd20>,121,28,[13  5],122,-1,150,-1,122
1,<environment.Job instance at 0x7f9054a4b870>,122,26,[ 2 14],123,-1,149,-1,123
1,<environment.Job instance at 0x7f9054a4bfa0>,123,27,[ 1 12],124,-1,151,-1,124
1,<environment.Job instance at 0x7f9054a4bf00>,124,25,[ 4 13],125,-1,150,-1,125
1,<environment.Job instance at 0x7f90549850f0>,128,23,[13  2],129,-1,154,-1,131
1,<environment.Job instance at 0x7f9054985870>,129,20,[14  3],130,-1,151,-1,131
1,<environment.Job instance at 0x7f90549859b0>,130,22,[14  1],131,-1,153,-1,131
1,<environment.Job instance at 0x7f9054985d70>,131,26,[ 4 12],132,-1,158,-1,132
1,<environment.Job instance at 0x7f9054985cd0>,132,28,[ 4 12],133,-1,161,-1,133
1,<environment.Job instance at 0x7f9054985d20>,133,28,[ 4 12],134,-1,162,-1,134
1,<environment.Job instance at 0x7f9054985910>,134,19,[ 2 14],135,-1,154,-1,135
1,<environment.Job instance at 0x7f9054264780>,135,23,[ 4 13],136,-1,159,-1,136
1,<environment.Job instance at 0x7f9054264460>,136,27,[5 6],137,-1,164,-1,137
1,<environment.Job instance at 0x7f90549a3550>,139,15,[14  1],140,-1,155,-1,140
1,<environment.Job instance at 0x7f90549a3640>,140,28,[14  5],141,-1,169,-1,141
1,<environment.Job instance at 0x7f90549a35f0>,141,27,[12  5],142,-1,169,-1,142
1,<environment.Job instance at 0x7f90549a3320>,142,15,[14  1],143,-1,158,-1,143
1,<environment.Job instance at 0x7f9054a5cd70>,143,24,[ 2 14],144,-1,168,-1,144
1,<environment.Job instance at 0x7f9054a5ceb0>,144,28,[10  1],145,-1,173,-1,145
1,<environment.Job instance at 0x7f9054a5c730>,145,24,[ 3 11],146,-1,170,-1,146
1,<environment.Job instance at 0x7f9054a5caa0>,146,19,[13  4],147,-1,166,-1,147
1,<environment.Job instance at 0x7f9054a5c370>,147,27,[1 6],148,-1,179,-1,152
1,<environment.Job instance at 0x7f9054985af0>,148,26,[14  3],149,-1,178,-1,152
1,<environment.Job instance at 0x7f9054a5ca50>,149,20,[13  2],150,-1,172,-1,152
1,<environment.Job instance at 0x7f9054539320>,150,17,[13  5],151,-1,169,-1,152
1,<environment.Job instance at 0x7f9054a68b40>,151,15,[ 3 12],152,-1,167,-1,152
1,<environment.Job instance at 0x7f90541797d0>,1,23,[14  1],2,-1,25,-1,2
1,<environment.Job instance at 0x7f9054179d70>,2,24,[12  3],3,-1,27,-1,3
1,<environment.Job instance at 0x7f9054179820>,3,25,[ 4 12],4,-1,29,-1,4
1,<environment.Job instance at 0x7f9054179280>,4,28,[ 5 11],5,-1,33,-1,5
1,<environment.Job instance at 0x7f9054179140>,5,22,[5 9],6,-1,28,-1,6
1,<environment.Job instance at 0x7f90541793c0>,7,21,[ 2 14],8,-1,29,-1,8
1,<environment.Job instance at 0x7f90541796e0>,8,15,[ 2 11],9,-1,24,-1,9
1,<environment.Job instance at 0x7f90541790a0>,9,12,[ 5 13],10,-1,22,-1,10
1,<environment.Job instance at 0x7f90541790f0>,10,27,[12  2],11,-1,38,-1,11
1,<environment.Job instance at 0x7f9053a61c80>,11,26,[6 2],12,-1,38,-1,12
1,<environment.Job instance at 0x7f9053a61b40>,12,20,[ 2 11],13,-1,33,-1,13
1,<environment.Job instance at 0x7f9053a617d0>,13,14,[13  3],14,-1,28,-1,14
1,<environment.Job instance at 0x7f9053a61410>,16,23,[12  1],17,-1,40,-1,17
1,<environment.Job instance at 0x7f9053a61780>,17,24,[ 4 14],18,-1,42,-1,18
1,<environment.Job instance at 0x7f9053a61500>,18,17,[ 5 13],19,-1,36,-1,19
1,<environment.Job instance at 0x7f9053a61fa0>,20,16,[11  3],21,-1,40,-1,24
1,<environment.Job instance at 0x7f9053a615a0>,23,27,[ 3 14],24,-1,51,-1,24
1,<environment.Job instance at 0x7f9053a61a00>,24,13,[12  1],25,-1,38,-1,25
1,<environment.Job instance at 0x7f9053a61190>,25,28,[13  1],26,-1,54,-1,26
1,<environment.Job instance at 0x7f9053a61230>,28,16,[ 4 14],29,-1,57,-1,41
1,<environment.Job instance at 0x7f9054172d70>,32,23,[6 2],33,-1,126,-1,103
1,<environment.Job instance at 0x7f9054172780>,33,22,[ 1 13],34,-1,125,-1,103
1,<environment.Job instance at 0x7f9054172460>,34,20,[12  4],35,-1,123,-1,103
1,<environment.Job instance at 0x7f9054172870>,35,19,[ 1 11],36,-1,122,-1,103
1,<environment.Job instance at 0x7f9054172e10>,36,26,[14  4],37,-1,129,-1,103
1,<environment.Job instance at 0x7f9054172690>,37,23,[ 5 12],38,-1,126,-1,103
1,<environment.Job instance at 0x7f90541724b0>,38,21,[ 3 13],39,-1,124,-1,103
1,<environment.Job instance at 0x7f9054172820>,39,25,[14  1],40,-1,128,-1,103
1,<environment.Job instance at 0x7f9054172640>,40,13,[ 2 11],41,-1,116,-1,103
1,<environment.Job instance at 0x7f9054172eb0>,41,28,[ 1 13],42,-1,131,-1,103
1,<environment.Job instance at 0x7f90541723c0>,42,22,[ 3 12],43,-1,125,-1,103
1,<environment.Job instance at 0x7f9054172410>,44,13,[ 1 11],45,-1,132,-1,119
1,<environment.Job instance at 0x7f9054172e60>,45,22,[ 3 11],46,-1,141,-1,119
1,<environment.Job instance at 0x7f905415e9b0>,46,28,[3 9],47,-1,147,-1,119
1,<environment.Job instance at 0x7f905415e190>,47,28,[ 1 14],48,-1,147,-1,119
1,<environment.Job instance at 0x7f905415ed20>,48,23,[ 5 12],49,-1,142,-1,119
1,<environment.Job instance at 0x7f905415eeb0>,50,23,[10  1],51,-1,142,-1,119
1,<environment.Job instance at 0x7f905415e910>,51,21,[12  2],52,-1,140,-1,119
1,<environment.Job instance at 0x7f905415ee10>,52,26,[6 2],53,-1,145,-1,119
1,<environment.Job instance at 0x7f905415e7d0>,53,17,[ 4 12],54,-1,136,-1,119
1,<environment.Job instance at 0x7f905415efa0>,54,22,[ 5 13],55,-1,141,-1,119
1,<environment.Job instance at 0x7f905415e960>,55,16,[ 2 14],56,-1,135,-1,119
1,<environment.Job instance at 0x7f905415e140>,56,18,[14  5],57,-1,137,-1,119
1,<environment.Job instance at 0x7f905415e050>,57,26,[12  5],58,-1,145,-1,119
1,<environment.Job instance at 0x7f905415e1e0>,58,23,[ 1 12],59,-1,142,-1,119
1,<environment.Job instance at 0x7f9054174140>,59,25,[ 1 14],60,-1,144,-1,119
1,<environment.Job instance at 0x7f90541747d0>,60,19,[11  5],61,-1,138,-1,119
1,<environment.Job instance at 0x7f90541745f0>,61,12,[13  4],62,-1,131,-1,119
1,<environment.Job instance at 0x7f9054174a00>,62,23,[1 8],63,-1,142,-1,119
1,<environment.Job instance at 0x7f9054174730>,63,21,[ 5 11],64,-1,140,-1,119
1,<environment.Job instance at 0x7f90541740a0>,64,22,[ 2 14],65,-1,141,-1,119
1,<environment.Job instance at 0x7f9054174690>,65,27,[ 4 13],66,-1,146,-1,119
1,<environment.Job instance at 0x7f9054174f50>,66,23,[ 4 11],67,-1,142,-1,119
1,<environment.Job instance at 0x7f90541745a0>,67,23,[ 3 14],68,-1,142,-1,119
1,<environment.Job instance at 0x7f9054174e60>,68,25,[11  5],69,-1,144,-1,119
1,<environment.Job instance at 0x7f9054174b40>,69,21,[14  1],70,-1,140,-1,119
1,<environment.Job instance at 0x7f9054174370>,70,27,[ 2 11],71,-1,146,-1,119
1,<environment.Job instance at 0x7f9054174aa0>,71,25,[6 4],72,-1,144,-1,119
1,<environment.Job instance at 0x7f9054174be0>,72,27,[ 2 13],73,-1,146,-1,119
1,<environment.Job instance at 0x7f9054174a50>,73,23,[14  4],74,-1,142,-1,119
1,<environment.Job instance at 0x7f9054185f50>,74,14,[12  4],75,-1,133,-1,119
1,<environment.Job instance at 0x7f9054185c80>,76,13,[11  3],77,-1,152,-1,139
1,<environment.Job instance at 0x7f9054185410>,77,21,[12  3],78,-1,160,-1,139
1,<environment.Job instance at 0x7f9054185be0>,78,20,[ 1 14],79,-1,159,-1,139
1,<environment.Job instance at 0x7f9054185d20>,79,21,[ 5 13],80,-1,160,-1,139
1,<environment.Job instance at 0x7f9054185140>,80,23,[ 5 10],81,-1,162,-1,139
1,<environment.Job instance at 0x7f9054185190>,81,28,[ 2 11],82,-1,167,-1,139
1,<environment.Job instance at 0x7f90541851e0>,82,25,[14  1],83,-1,164,-1,139
1,<environment.Job instance at 0x7f9054185b40>,84,14,[ 5 13],85,-1,173,-1,159
1,<environment.Job instance at 0x7f9054185e10>,85,25,[11  2],86,-1,184,-1,159
1,<environment.Job instance at 0x7f9054185a00>,86,26,[ 1 10],87,-1,185,-1,159
1,<environment.Job instance at 0x7f9054185b90>,87,26,[ 4 11],88,-1,185,-1,159
1,<environment.Job instance at 0x7f9054185050>,88,23,[12  4],89,-1,182,-1,159
1,<environment.Job instance at 0x7f90541859b0>,89,19,[ 5 12],90,-1,178,-1,159
1,<environment.Job instance at 0x7f9054185280>,90,26,[11  1],91,-1,185,-1,159
1,<environment.Job instance at 0x7f905415b690>,91,28,[ 1 14],92,-1,187,-1,159
1,<environment.Job instance at 0x7f905415ba00>,92,19,[ 2 11],93,-1,178,-1,159
1,<environment.Job instance at 0x7f905415b640>,93,28,[ 3 11],94,-1,187,-1,159
1,<environment.Job instance at 0x7f905415baf0>,95,26,[ 2 11],96,-1,185,-1,159
1,<environment.Job instance at 0x7f905415b910>,96,22,[ 5 12],97,-1,181,-1,159
1,<environment.Job instance at 0x7f905415b410>,97,28,[ 4 13],98,-1,187,-1,159
1,<environment.Job instance at 0x7f905415bdc0>,98,15,[ 4 12],99,-1,174,-1,159
1,<environment.Job instance at 0x7f905415bf50>,100,25,[ 4 11],101,-1,194,-1,169
1,<environment.Job instance at 0x7f905405eeb0>,101,26,[ 5 14],102,-1,195,-1,169
1,<environment.Job instance at 0x7f905405e230>,102,21,[ 4 13],103,-1,190,-1,169
1,<environment.Job instance at 0x7f905405e0f0>,103,27,[ 4 14],104,-1,196,-1,169
1,<environment.Job instance at 0x7f905405e5a0>,105,28,[ 5 11],106,-1,197,-1,169
1,<environment.Job instance at 0x7f905405e7d0>,106,22,[12  3],107,-1,191,-1,169
1,<environment.Job instance at 0x7f9053a87230>,1,23,[14  4],2,-1,25,-1,2
1,<environment.Job instance at 0x7f9054985140>,3,27,[11  4],4,-1,31,-1,4
1,<environment.Job instance at 0x7f905415b2d0>,4,18,[ 2 12],5,-1,23,-1,5
1,<environment.Job instance at 0x7f9054ec9eb0>,5,28,[11  4],6,-1,34,-1,6
1,<environment.Job instance at 0x7f9054ee2190>,8,13,[ 2 12],9,-1,22,-1,9
1,<environment.Job instance at 0x7f9054ee2280>,9,25,[11  3],10,-1,35,-1,10
1,<environment.Job instance at 0x7f905415bfa0>,11,18,[11  2],12,-1,30,-1,12
1,<environment.Job instance at 0x7f9054ee25a0>,15,19,[12  2],16,-1,35,-1,16
1,<environment.Job instance at 0x7f9054ee26e0>,16,26,[7 4],17,-1,43,-1,17
1,<environment.Job instance at 0x7f9054ee2500>,17,28,[ 4 12],18,-1,46,-1,18
1,<environment.Job instance at 0x7f9054ee27d0>,18,25,[ 2 14],19,-1,44,-1,19
1,<environment.Job instance at 0x7f9054ee2960>,20,24,[ 3 12],21,-1,45,-1,21
1,<environment.Job instance at 0x7f9054ee2aa0>,21,25,[14  1],22,-1,47,-1,22
1,<environment.Job instance at 0x7f9054ee2690>,22,24,[13  4],23,-1,47,-1,23
1,<environment.Job instance at 0x7f9054ee2b90>,23,23,[4 5],24,-1,48,-1,25
1,<environment.Job instance at 0x7f9054ee2910>,24,25,[13  4],25,-1,50,-1,25
1,<environment.Job instance at 0x7f9054ee2c30>,25,22,[13  1],26,-1,48,-1,26
1,<environment.Job instance at 0x7f9054ee2d70>,26,22,[ 4 11],27,-1,49,-1,27
1,<environment.Job instance at 0x7f9054ee2e10>,27,20,[14  2],28,-1,48,-1,28
1,<environment.Job instance at 0x7f9054ee2e60>,28,27,[9 2],29,-1,56,-1,29
1,<environment.Job instance at 0x7f9054ee2f50>,29,28,[13  3],30,-1,58,-1,30
1,<environment.Job instance at 0x7f9054ee2fa0>,30,25,[ 3 11],31,-1,56,-1,31
1,<environment.Job instance at 0x7f9054eb80a0>,31,26,[14  4],32,-1,58,-1,32
1,<environment.Job instance at 0x7f9054eb8140>,32,24,[ 3 12],33,-1,57,-1,33
1,<environment.Job instance at 0x7f9054eb81e0>,33,13,[14  1],34,-1,47,-1,34
1,<environment.Job instance at 0x7f9054eb8370>,34,21,[12  3],35,-1,56,-1,35
1,<environment.Job instance at 0x7f9054eb8320>,35,23,[ 4 10],36,-1,59,-1,36
1,<environment.Job instance at 0x7f9054eb83c0>,36,25,[ 5 13],37,-1,62,-1,37
1,<environment.Job instance at 0x7f9054eb8460>,37,20,[ 1 12],38,-1,58,-1,38
1,<environment.Job instance at 0x7f9054ee2cd0>,38,19,[11  3],39,-1,72,-1,53
1,<environment.Job instance at 0x7f9054eb8910>,41,20,[ 1 12],42,-1,73,-1,53
1,<environment.Job instance at 0x7f9054eb85a0>,42,22,[ 5 11],43,-1,75,-1,53
1,<environment.Job instance at 0x7f9054eb89b0>,43,19,[11  2],44,-1,74,-1,55
1,<environment.Job instance at 0x7f9054eb8a50>,44,15,[ 2 14],45,-1,70,-1,55
1,<environment.Job instance at 0x7f9054eb8af0>,45,22,[ 5 14],46,-1,77,-1,55
1,<environment.Job instance at 0x7f9054eb8b90>,46,23,[ 3 12],47,-1,78,-1,55
1,<environment.Job instance at 0x7f9054eb8c30>,47,26,[ 4 13],48,-1,81,-1,55
1,<environment.Job instance at 0x7f9054eb8cd0>,48,22,[ 4 12],49,-1,77,-1,55
1,<environment.Job instance at 0x7f9054eb8d70>,49,24,[10  5],50,-1,79,-1,55
1,<environment.Job instance at 0x7f9054eb8e10>,50,20,[ 5 11],51,-1,75,-1,55
1,<environment.Job instance at 0x7f9054eb8eb0>,51,28,[8 5],52,-1,83,-1,55
1,<environment.Job instance at 0x7f9054eb8f50>,52,28,[13  1],53,-1,83,-1,55
1,<environment.Job instance at 0x7f9054eb8820>,53,24,[ 1 14],54,-1,79,-1,55
1,<environment.Job instance at 0x7f9054ee8190>,55,25,[14  1],56,-1,85,-1,60
1,<environment.Job instance at 0x7f9054eb8f00>,56,28,[ 2 11],57,-1,88,-1,60
1,<environment.Job instance at 0x7f9054ee82d0>,57,23,[ 3 13],58,-1,83,-1,60
1,<environment.Job instance at 0x7f9054ee8370>,58,24,[12  2],59,-1,84,-1,60
1,<environment.Job instance at 0x7f9054ee8410>,59,27,[12  3],60,-1,87,-1,60
1,<environment.Job instance at 0x7f9054ee85a0>,60,25,[ 2 14],61,-1,86,-1,61
1,<environment.Job instance at 0x7f9054ee8690>,61,23,[12  2],62,-1,85,-1,62
1,<environment.Job instance at 0x7f9054ee8230>,62,20,[ 5 12],63,-1,83,-1,63
1,<environment.Job instance at 0x7f9054ee8640>,63,25,[ 3 11],64,-1,89,-1,64
1,<environment.Job instance at 0x7f9054ee86e0>,64,25,[ 2 14],65,-1,90,-1,65
1,<environment.Job instance at 0x7f9054ee8780>,65,28,[ 2 11],66,-1,94,-1,66
1,<environment.Job instance at 0x7f9054ee8820>,66,17,[11  5],67,-1,94,-1,77
1,<environment.Job instance at 0x7f9054ee8af0>,69,14,[11  1],70,-1,91,-1,77
1,<environment.Job instance at 0x7f9054ee8a50>,68,21,[ 5 13],69,-1,98,-1,77
1,<environment.Job instance at 0x7f9054ee8cd0>,72,20,[13  5],73,-1,100,-1,80
1,<environment.Job instance at 0x7f9054ee8d70>,73,28,[2 5],74,-1,108,-1,80
1,<environment.Job instance at 0x7f9054ee8b90>,74,18,[ 5 14],75,-1,98,-1,80
1,<environment.Job instance at 0x7f9054ee8eb0>,75,25,[11  1],76,-1,105,-1,80
1,<environment.Job instance at 0x7f9054ee8f50>,76,28,[14  1],77,-1,108,-1,80
1,<environment.Job instance at 0x7f9054ee8e60>,77,19,[14  4],78,-1,99,-1,80
1,<environment.Job instance at 0x7f9054ee8f00>,78,23,[ 2 13],79,-1,103,-1,80
1,<environment.Job instance at 0x7f9054eb6190>,79,27,[13  5],80,-1,107,-1,80
1,<environment.Job instance at 0x7f9054eb6370>,81,27,[12  1],82,-1,117,-1,90
1,<environment.Job instance at 0x7f9054eb6050>,82,25,[1 7],83,-1,115,-1,90
1,<environment.Job instance at 0x7f9054eb6410>,83,20,[ 5 11],84,-1,110,-1,90
1,<environment.Job instance at 0x7f9054eb64b0>,84,22,[ 5 14],85,-1,112,-1,90
1,<environment.Job instance at 0x7f9054eb6550>,85,19,[ 5 12],86,-1,109,-1,90
1,<environment.Job instance at 0x7f9054eb65f0>,86,23,[ 1 14],87,-1,113,-1,90
1,<environment.Job instance at 0x7f9054eb6690>,87,19,[13  2],88,-1,109,-1,90
1,<environment.Job instance at 0x7f9054eb6730>,88,21,[2 7],89,-1,116,-1,95
1,<environment.Job instance at 0x7f905489c8c0>,90,20,[5 5],91,-1,115,-1,95
1,<environment.Job instance at 0x7f9053dc5f00>,91,26,[ 4 12],92,-1,121,-1,95
1,<environment.Job instance at 0x7f905489c0a0>,92,19,[13  3],93,-1,114,-1,95
1,<environment.Job instance at 0x7f905489c0f0>,93,21,[12  4],94,-1,116,-1,95
1,<environment.Job instance at 0x7f90548a0cd0>,94,24,[12  4],95,-1,119,-1,95
1,<environment.Job instance at 0x7f90548a0fa0>,95,28,[11  3],96,-1,124,-1,96
1,<environment.Job instance at 0x7f90548a0550>,96,20,[ 5 13],97,-1,117,-1,97
1,<environment.Job instance at 0x7f90548a0eb0>,97,27,[9 4],98,-1,125,-1,98
1,<environment.Job instance at 0x7f90548a06e0>,98,21,[3 7],99,-1,120,-1,99
1,<environment.Job instance at 0x7f90548a0b90>,99,25,[ 2 13],100,-1,125,-1,100
1,<environment.Job instance at 0x7f90548a00f0>,100,28,[14  2],101,-1,129,-1,101
1,<environment.Job instance at 0x7f90548a0b40>,101,24,[ 3 12],102,-1,126,-1,102
1,<environment.Job instance at 0x7f90548a0870>,102,27,[12  3],103,-1,130,-1,103
1,<environment.Job instance at 0x7f90548a07d0>,103,20,[ 3 11],104,-1,124,-1,104
1,<environment.Job instance at 0x7f90548a0460>,105,24,[ 4 12],106,-1,140,-1,116
1,<environment.Job instance at 0x7f90548a03c0>,106,22,[7 3],107,-1,138,-1,116
1,<environment.Job instance at 0x7f90548a0410>,107,27,[ 2 10],108,-1,143,-1,116
1,<environment.Job instance at 0x7f90548a0050>,108,20,[ 3 12],109,-1,136,-1,116
1,<environment.Job instance at 0x7f90548a0190>,109,23,[ 5 11],110,-1,139,-1,116
1,<environment.Job instance at 0x7f90548a01e0>,110,23,[13  2],111,-1,139,-1,116
1,<environment.Job instance at 0x7f90548a0140>,111,16,[ 4 13],112,-1,132,-1,116
1,<environment.Job instance at 0x7f90548a0aa0>,112,21,[14  4],113,-1,137,-1,116
1,<environment.Job instance at 0x7f9054872f50>,113,19,[ 4 12],114,-1,135,-1,116
1,<environment.Job instance at 0x7f90547f1870>,114,21,[12  5],115,-1,137,-1,116
1,<environment.Job instance at 0x7f905479f3c0>,115,26,[ 5 14],116,-1,142,-1,116
1,<environment.Job instance at 0x7f9053b17640>,116,20,[ 2 11],117,-1,137,-1,117
1,<environment.Job instance at 0x7f90548ab2d0>,117,14,[14  4],118,-1,132,-1,118
1,<environment.Job instance at 0x7f905480bb90>,118,23,[ 4 12],119,-1,142,-1,119
1,<environment.Job instance at 0x7f9053df46e0>,119,22,[13  2],120,-1,142,-1,120
1,<environment.Job instance at 0x7f9054deff00>,120,22,[11  1],121,-1,143,-1,121
1,<environment.Job instance at 0x7f9054deffa0>,121,24,[12  2],122,-1,146,-1,122
1,<environment.Job instance at 0x7f9054defeb0>,122,20,[14  4],123,-1,143,-1,123
1,<environment.Job instance at 0x7f9054def280>,123,28,[ 2 14],124,-1,152,-1,124
1,<environment.Job instance at 0x7f9054def230>,124,28,[ 4 11],125,-1,153,-1,125
1,<environment.Job instance at 0x7f9054defb40>,125,28,[ 1 13],126,-1,154,-1,126
1,<environment.Job instance at 0x7f9054defd20>,126,28,[ 2 14],127,-1,155,-1,127
1,<environment.Job instance at 0x7f9054defcd0>,127,18,[ 1 11],128,-1,146,-1,128
1,<environment.Job instance at 0x7f9053c1ad70>,128,18,[12  4],129,-1,147,-1,129
1,<environment.Job instance at 0x7f9054f4eaa0>,129,27,[9 4],130,-1,157,-1,130
1,<environment.Job instance at 0x7f9054a5ba00>,130,23,[11  2],131,-1,154,-1,131
1,<environment.Job instance at 0x7f9054a5b690>,131,27,[11  5],132,-1,159,-1,132
1,<environment.Job instance at 0x7f9054a5b550>,132,14,[14  2],133,-1,147,-1,133
1,<environment.Job instance at 0x7f9054a5bb40>,134,24,[ 4 12],135,-1,159,-1,135
1,<environment.Job instance at 0x7f9054a5ba50>,135,28,[ 4 14],136,-1,164,-1,136
1,<environment.Job instance at 0x7f9054878d20>,136,23,[11  4],137,-1,160,-1,137
1,<environment.Job instance at 0x7f9054878140>,137,22,[13  1],138,-1,160,-1,138
1,<environment.Job instance at 0x7f9054a4a230>,138,20,[ 5 12],139,-1,159,-1,139
1,<environment.Job instance at 0x7f9054a5fe60>,139,21,[11  4],140,-1,161,-1,140
1,<environment.Job instance at 0x7f9054a5fd70>,140,26,[14  2],141,-1,167,-1,141
1,<environment.Job instance at 0x7f9054a5f410>,141,28,[ 3 14],142,-1,170,-1,142
1,<environment.Job instance at 0x7f9054a5f960>,142,16,[ 3 13],143,-1,159,-1,143
1,<environment.Job instance at 0x7f9054a5f730>,143,25,[ 3 11],144,-1,169,-1,144
1,<environment.Job instance at 0x7f9054a5f0a0>,144,22,[11  3],145,-1,167,-1,145
1,<environment.Job instance at 0x7f90548a3fa0>,145,21,[14  2],146,-1,167,-1,146
1,<environment.Job instance at 0x7f90548a3be0>,146,24,[14  5],147,-1,171,-1,147
1,<environment.Job instance at 0x7f90548a3a00>,147,19,[13  5],148,-1,167,-1,148
1,<environment.Job instance at 0x7f9054a64f50>,148,12,[ 3 12],149,-1,161,-1,149
1,<environment.Job instance at 0x7f9054db10a0>,149,25,[11  2],150,-1,175,-1,150
1,<environment.Job instance at 0x7f9054db11e0>,150,25,[10  1],151,-1,176,-1,151
1,<environment.Job instance at 0x7f9054db1320>,151,20,[14  3],152,-1,172,-1,152
1,<environment.Job instance at 0x7f21a1585410>,2,22,[ 4 14],3,-1,25,-1,3
1,<environment.Job instance at 0x7f21a15855a0>,3,25,[ 5 14],4,-1,29,-1,4
1,<environment.Job instance at 0x7f21a15854b0>,4,21,[ 1 12],5,-1,26,-1,5
1,<environment.Job instance at 0x7f21aacfd1e0>,7,25,[6 2],8,-1,34,-1,9
1,<environment.Job instance at 0x7f21a1585910>,9,19,[13  1],10,-1,29,-1,10
1,<environment.Job instance at 0x7f21a15859b0>,10,23,[ 4 14],11,-1,34,-1,11
1,<environment.Job instance at 0x7f21a1585a50>,11,25,[ 4 12],12,-1,37,-1,12
1,<environment.Job instance at 0x7f21a1585af0>,12,19,[ 5 13],13,-1,32,-1,13
1,<environment.Job instance at 0x7f21a1585b90>,13,22,[ 2 11],14,-1,36,-1,14
1,<environment.Job instance at 0x7f21a1585c30>,14,25,[13  4],15,-1,40,-1,15
1,<environment.Job instance at 0x7f21a1585cd0>,15,25,[13  3],16,-1,41,-1,16
1,<environment.Job instance at 0x7f21a1585d70>,16,26,[14  4],17,-1,43,-1,17
1,<environment.Job instance at 0x7f21a1585e10>,17,14,[ 2 14],18,-1,32,-1,18
1,<environment.Job instance at 0x7f21a1585eb0>,18,14,[ 2 13],19,-1,33,-1,19
1,<environment.Job instance at 0x7f21a1585f50>,19,17,[13  5],20,-1,37,-1,20
1,<environment.Job instance at 0x7f21a1589050>,20,21,[12  2],21,-1,42,-1,21
1,<environment.Job instance at 0x7f21a15890f0>,21,28,[11  1],22,-1,50,-1,22
1,<environment.Job instance at 0x7f21a1585820>,22,26,[ 1 14],23,-1,49,-1,23
1,<environment.Job instance at 0x7f21a15891e0>,24,13,[ 3 14],25,-1,38,-1,25
1,<environment.Job instance at 0x7f21a15893c0>,25,23,[ 3 13],26,-1,49,-1,26
1,<environment.Job instance at 0x7f21a1589460>,26,26,[1 8],27,-1,53,-1,27
1,<environment.Job instance at 0x7f21a1589500>,27,25,[5 7],28,-1,53,-1,28
1,<environment.Job instance at 0x7f21a15895a0>,28,25,[ 4 11],29,-1,54,-1,29
1,<environment.Job instance at 0x7f21a1589640>,29,22,[ 5 13],30,-1,52,-1,30
1,<environment.Job instance at 0x7f21a15896e0>,30,27,[4 8],31,-1,58,-1,31
1,<environment.Job instance at 0x7f21a1589a00>,34,24,[ 1 14],35,-1,80,-1,56
1,<environment.Job instance at 0x7f21a1589780>,31,20,[11  5],32,-1,76,-1,56
1,<environment.Job instance at 0x7f21a1589b90>,36,20,[ 3 14],37,-1,76,-1,56
1,<environment.Job instance at 0x7f21a1589c30>,37,28,[ 2 12],38,-1,84,-1,56
1,<environment.Job instance at 0x7f21a1589cd0>,38,20,[ 1 12],39,-1,76,-1,56
1,<environment.Job instance at 0x7f21a1589d70>,39,24,[5 6],40,-1,80,-1,56
1,<environment.Job instance at 0x7f21a15898c0>,40,26,[ 1 12],41,-1,82,-1,56
1,<environment.Job instance at 0x7f21a1589eb0>,41,18,[ 5 14],42,-1,74,-1,56
1,<environment.Job instance at 0x7f21a1589fa0>,42,20,[ 2 11],43,-1,76,-1,56
1,<environment.Job instance at 0x7f21a1589e10>,43,16,[13  5],44,-1,72,-1,56
1,<environment.Job instance at 0x7f21a1589f50>,44,16,[14  3],45,-1,72,-1,56
1,<environment.Job instance at 0x7f21a158b190>,45,27,[12  2],46,-1,83,-1,56
1,<environment.Job instance at 0x7f21a158b230>,46,28,[ 4 11],47,-1,84,-1,56
1,<environment.Job instance at 0x7f21a158b2d0>,47,17,[12  2],48,-1,73,-1,56
1,<environment.Job instance at 0x7f21a158b3c0>,48,17,[11  1],49,-1,73,-1,56
1,<environment.Job instance at 0x7f21a158b460>,49,27,[ 1 11],50,-1,83,-1,56
1,<environment.Job instance at 0x7f21a158b5a0>,51,25,[12  2],52,-1,84,-1,59
1,<environment.Job instance at 0x7f21a158b5f0>,52,20,[11  3],53,-1,79,-1,59
1,<environment.Job instance at 0x7f21a158b690>,53,27,[14  5],54,-1,86,-1,59
1,<environment.Job instance at 0x7f21a158b730>,54,24,[5 7],55,-1,83,-1,59
1,<environment.Job instance at 0x7f21a158b820>,55,20,[13  1],56,-1,79,-1,59
1,<environment.Job instance at 0x7f21a158b910>,56,20,[ 3 13],57,-1,79,-1,59
1,<environment.Job instance at 0x7f21a158ba00>,58,27,[ 2 14],59,-1,101,-1,74
1,<environment.Job instance at 0x7f21a158baf0>,60,28,[13  2],61,-1,108,-1,80
1,<environment.Job instance at 0x7f21a158bc30>,61,23,[ 1 11],62,-1,103,-1,80
1,<environment.Job instance at 0x7f21a158bcd0>,62,21,[ 5 13],63,-1,101,-1,80
1,<environment.Job instance at 0x7f21a158bd70>,63,28,[ 3 14],64,-1,108,-1,80
1,<environment.Job instance at 0x7f21a158be60>,64,28,[ 1 14],65,-1,108,-1,80
1,<environment.Job instance at 0x7f21a158bfa0>,66,21,[13  3],67,-1,115,-1,94
1,<environment.Job instance at 0x7f21a158beb0>,67,27,[ 1 10],68,-1,121,-1,94
1,<environment.Job instance at 0x7f21a158bf50>,68,20,[ 3 12],69,-1,114,-1,94
1,<environment.Job instance at 0x7f21a158e1e0>,69,20,[ 3 12],70,-1,114,-1,94
1,<environment.Job instance at 0x7f21a158e280>,70,21,[12  2],71,-1,115,-1,94
1,<environment.Job instance at 0x7f21a158e320>,71,28,[5 1],72,-1,122,-1,94
1,<environment.Job instance at 0x7f21a158e3c0>,72,24,[9 2],73,-1,118,-1,94
1,<environment.Job instance at 0x7f21a158e460>,73,25,[3 8],74,-1,119,-1,94
1,<environment.Job instance at 0x7f21a158e5a0>,74,27,[1 6],75,-1,121,-1,94
1,<environment.Job instance at 0x7f21a158e4b0>,75,14,[ 4 11],76,-1,108,-1,94
1,<environment.Job instance at 0x7f21a158e370>,76,19,[ 4 14],77,-1,113,-1,94
1,<environment.Job instance at 0x7f21a158e6e0>,77,13,[14  5],78,-1,107,-1,94
1,<environment.Job instance at 0x7f21a158e410>,78,27,[10  2],79,-1,121,-1,94
1,<environment.Job instance at 0x7f21a158e7d0>,79,28,[9 4],80,-1,122,-1,94
1,<environment.Job instance at 0x7f21a158e690>,81,15,[ 5 11],82,-1,116,-1,101
1,<environment.Job instance at 0x7f21a158e9b0>,82,26,[5 4],83,-1,127,-1,101
1,<environment.Job instance at 0x7f21a158e8c0>,83,12,[12  3],84,-1,113,-1,101
1,<environment.Job instance at 0x7f21a158eb40>,85,25,[13  5],86,-1,141,-1,116
1,<environment.Job instance at 0x7f21a158ebe0>,86,24,[ 1 11],87,-1,140,-1,116
1,<environment.Job instance at 0x7f21a158ec80>,87,28,[ 3 10],88,-1,144,-1,116
1,<environment.Job instance at 0x7f21a158ed20>,88,21,[ 1 11],89,-1,137,-1,116
1,<environment.Job instance at 0x7f21a158edc0>,89,23,[13  1],90,-1,139,-1,116
1,<environment.Job instance at 0x7f21a158ee60>,90,22,[4 9],91,-1,153,-1,131
1,<environment.Job instance at 0x7f21a158efa0>,92,21,[10  1],93,-1,152,-1,131
1,<environment.Job instance at 0x7f21a158f050>,93,20,[12  1],94,-1,151,-1,131
1,<environment.Job instance at 0x7f21a158f230>,94,25,[4 5],95,-1,156,-1,131
1,<environment.Job instance at 0x7f21a158f190>,96,28,[ 1 13],97,-1,175,-1,147
1,<environment.Job instance at 0x7f21a158f410>,97,26,[ 1 11],98,-1,173,-1,147
1,<environment.Job instance at 0x7f21a158f550>,99,26,[6 5],100,-1,176,-1,150
1,<environment.Job instance at 0x7f21a158f5f0>,100,18,[ 2 13],101,-1,168,-1,150
1,<environment.Job instance at 0x7f21a158f780>,101,18,[ 1 10],102,-1,173,-1,155
1,<environment.Job instance at 0x7f21a158f1e0>,102,23,[ 3 13],103,-1,178,-1,155
1,<environment.Job instance at 0x7f21a158f820>,103,23,[ 5 13],104,-1,178,-1,155
1,<environment.Job instance at 0x7f21a158f870>,104,12,[ 4 12],105,-1,167,-1,155
1,<environment.Job instance at 0x7f21a158f960>,105,26,[9 3],106,-1,181,-1,155
1,<environment.Job instance at 0x7f21a158f9b0>,106,23,[14  4],107,-1,178,-1,155
1,<environment.Job instance at 0x7f21a158faa0>,107,12,[ 3 12],108,-1,167,-1,155
1,<environment.Job instance at 0x7f21a158fb90>,108,21,[ 1 13],109,-1,176,-1,155
1,<environment.Job instance at 0x7f21a158f910>,109,25,[11  4],110,-1,180,-1,155
1,<environment.Job instance at 0x7f21a158fc80>,110,12,[13  1],111,-1,167,-1,155
1,<environment.Job instance at 0x7f21a158fcd0>,111,20,[ 5 11],112,-1,175,-1,155
1,<environment.Job instance at 0x7f21a158faf0>,112,27,[12  2],113,-1,182,-1,155
1,<environment.Job instance at 0x7f21a158fe60>,113,15,[12  1],114,-1,170,-1,155
1,<environment.Job instance at 0x7f21a158ffa0>,114,14,[ 2 11],115,-1,169,-1,155
1,<environment.Job instance at 0x7f21a158fe10>,115,23,[13  5],116,-1,178,-1,155
1,<environment.Job instance at 0x7f21a1594230>,116,21,[ 1 12],117,-1,176,-1,155
1,<environment.Job instance at 0x7f21a1594050>,117,19,[11  2],118,-1,174,-1,155
1,<environment.Job instance at 0x7f21a1594190>,118,21,[ 3 14],119,-1,176,-1,155
1,<environment.Job instance at 0x7f21a15fee10>,1,26,[ 5 13],2,-1,28,-1,2
1,<environment.Job instance at 0x7f21a158ef00>,2,20,[14  2],3,-1,23,-1,3
1,<environment.Job instance at 0x7f21a15fe8c0>,3,25,[5 7],4,-1,29,-1,4
1,<environment.Job instance at 0x7f21a15febe0>,4,21,[ 4 12],5,-1,26,-1,5
1,<environment.Job instance at 0x7f21a15fedc0>,6,27,[ 5 14],7,-1,34,-1,7
1,<environment.Job instance at 0x7f21a15fee60>,7,28,[12  2],8,-1,36,-1,8
1,<environment.Job instance at 0x7f21a1609780>,8,28,[ 1 12],9,-1,37,-1,9
1,<environment.Job instance at 0x7f21a1609fa0>,9,25,[12  1],10,-1,35,-1,10
1,<environment.Job instance at 0x7f21a1609550>,11,28,[ 1 14],12,-1,40,-1,12
1,<environment.Job instance at 0x7f21a16096e0>,12,26,[13  4],13,-1,39,-1,13
1,<environment.Job instance at 0x7f21a16097d0>,13,13,[ 2 14],14,-1,27,-1,14
1,<environment.Job instance at 0x7f21a1609f50>,15,21,[12  2],16,-1,37,-1,16
1,<environment.Job instance at 0x7f21a1609960>,16,21,[ 5 11],17,-1,38,-1,17
1,<environment.Job instance at 0x7f21a1609410>,17,26,[ 5 10],18,-1,44,-1,18
1,<environment.Job instance at 0x7f21a1609d20>,18,27,[12  4],19,-1,46,-1,19
1,<environment.Job instance at 0x7f21a1609190>,19,27,[14  3],20,-1,47,-1,20
1,<environment.Job instance at 0x7f21a1609230>,20,27,[14  5],21,-1,48,-1,21
1,<environment.Job instance at 0x7f21a1609910>,21,26,[13  1],22,-1,48,-1,22
1,<environment.Job instance at 0x7f21a0c3b320>,22,25,[12  2],23,-1,48,-1,23
1,<environment.Job instance at 0x7f21a0cd6d20>,23,21,[13  5],24,-1,45,-1,24
1,<environment.Job instance at 0x7f21a0cd6c80>,24,25,[11  2],25,-1,50,-1,25
1,<environment.Job instance at 0x7f21a0cd3dc0>,25,24,[11  4],26,-1,50,-1,26
1,<environment.Job instance at 0x7f21a0cd3410>,26,16,[ 4 14],27,-1,43,-1,27
1,<environment.Job instance at 0x7f21a0cd3e10>,27,28,[8 4],28,-1,56,-1,28
1,<environment.Job instance at 0x7f21a0eda640>,28,20,[12  1],29,-1,49,-1,29
1,<environment.Job instance at 0x7f21a1031230>,29,28,[ 4 12],30,-1,58,-1,30
1,<environment.Job instance at 0x7f21a1031280>,30,18,[12  2],31,-1,49,-1,31
1,<environment.Job instance at 0x7f21a10310a0>,31,15,[12  3],32,-1,47,-1,32
1,<environment.Job instance at 0x7f21a10315f0>,32,25,[13  2],33,-1,58,-1,33
1,<environment.Job instance at 0x7f21a0cd8e10>,33,26,[ 5 11],34,-1,60,-1,34
1,<environment.Job instance at 0x7f21a10d6e10>,35,27,[1 6],36,-1,63,-1,36
1,<environment.Job instance at 0x7f21a1025140>,36,26,[ 4 12],37,-1,63,-1,37
1,<environment.Job instance at 0x7f21a0f998c0>,41,28,[11  2],42,-1,77,-1,49
1,<environment.Job instance at 0x7f21a0f9ba50>,42,28,[13  5],43,-1,77,-1,49
1,<environment.Job instance at 0x7f21a0f9f3c0>,43,20,[ 5 11],44,-1,69,-1,49
1,<environment.Job instance at 0x7f21a0fe4870>,44,15,[12  1],45,-1,64,-1,49
1,<environment.Job instance at 0x7f21a0fe4960>,45,21,[ 1 12],46,-1,70,-1,49
1,<environment.Job instance at 0x7f21a0c4ea50>,46,19,[14  5],47,-1,68,-1,49
1,<environment.Job instance at 0x7f21a1095140>,47,25,[ 3 12],48,-1,74,-1,49
1,<environment.Job instance at 0x7f21a1095820>,48,28,[12  5],49,-1,77,-1,49
1,<environment.Job instance at 0x7f21a1095280>,49,13,[12  3],50,-1,63,-1,50
1,<environment.Job instance at 0x7f21a10951e0>,50,20,[13  4],51,-1,71,-1,51
1,<environment.Job instance at 0x7f21a1086dc0>,51,27,[14  3],52,-1,79,-1,52
1,<environment.Job instance at 0x7f21a1086a50>,53,26,[ 4 12],54,-1,80,-1,54
1,<environment.Job instance at 0x7f21a10861e0>,54,26,[8 3],55,-1,81,-1,55
1,<environment.Job instance at 0x7f21a10862d0>,55,23,[12  1],56,-1,79,-1,56
1,<environment.Job instance at 0x7f21a0ed4140>,56,19,[ 2 13],57,-1,76,-1,57
1,<environment.Job instance at 0x7f21a1041910>,57,22,[11  1],58,-1,80,-1,58
1,<environment.Job instance at 0x7f21a1030eb0>,58,22,[ 1 13],59,-1,81,-1,59
1,<environment.Job instance at 0x7f21a10300a0>,59,24,[ 2 14],60,-1,84,-1,60
1,<environment.Job instance at 0x7f21a107bb90>,60,23,[ 2 14],61,-1,84,-1,61
1,<environment.Job instance at 0x7f21a107b550>,61,23,[13  3],62,-1,85,-1,62
1,<environment.Job instance at 0x7f21a107beb0>,62,25,[10  5],63,-1,88,-1,63
1,<environment.Job instance at 0x7f21a107b7d0>,63,20,[13  5],64,-1,84,-1,64
1,<environment.Job instance at 0x7f21a107b8c0>,64,24,[14  3],65,-1,89,-1,65
1,<environment.Job instance at 0x7f21a107bb40>,65,23,[13  5],66,-1,89,-1,66
1,<environment.Job instance at 0x7f21a1083f00>,66,21,[12  3],67,-1,88,-1,67
1,<environment.Job instance at 0x7f21a0fe80f0>,67,19,[13  4],68,-1,87,-1,68
1,<environment.Job instance at 0x7f21a1095190>,68,28,[ 4 11],69,-1,97,-1,69
1,<environment.Job instance at 0x7f21a0fe85f0>,69,25,[ 4 12],70,-1,95,-1,70
1,<environment.Job instance at 0x7f21a0fe8370>,71,25,[7 3],72,-1,97,-1,72
1,<environment.Job instance at 0x7f21a0fe8410>,72,27,[ 4 13],73,-1,100,-1,73
1,<environment.Job instance at 0x7f21a108b8c0>,73,26,[14  4],74,-1,100,-1,74
1,<environment.Job instance at 0x7f21a108bc30>,74,26,[9 1],75,-1,101,-1,75
1,<environment.Job instance at 0x7f21a108b960>,75,14,[11  5],76,-1,93,-1,79
1,<environment.Job instance at 0x7f21a108b370>,76,16,[14  1],77,-1,95,-1,79
1,<environment.Job instance at 0x7f21a108b410>,77,27,[ 1 14],78,-1,106,-1,79
1,<environment.Job instance at 0x7f21a10dbaf0>,79,19,[13  1],80,-1,99,-1,80
1,<environment.Job instance at 0x7f21a0fe88c0>,70,22,[14  1],71,-1,102,-1,80
1,<environment.Job instance at 0x7f21a105ff00>,81,20,[11  2],82,-1,102,-1,82
1,<environment.Job instance at 0x7f21a103c5a0>,82,25,[ 2 13],83,-1,108,-1,83
1,<environment.Job instance at 0x7f21a103c050>,83,21,[ 2 13],84,-1,105,-1,84
1,<environment.Job instance at 0x7f21a103ccd0>,85,24,[ 3 13],86,-1,110,-1,86
1,<environment.Job instance at 0x7f21a103c780>,86,15,[ 2 13],87,-1,102,-1,87
1,<environment.Job instance at 0x7f21a103c4b0>,87,28,[ 5 14],88,-1,116,-1,88
1,<environment.Job instance at 0x7f21a107a1e0>,88,20,[11  2],89,-1,111,-1,91
1,<environment.Job instance at 0x7f21a107ad70>,90,21,[ 4 14],91,-1,112,-1,91
1,<environment.Job instance at 0x7f21a107a0f0>,92,22,[14  4],93,-1,128,-1,106
1,<environment.Job instance at 0x7f21a107a0a0>,93,19,[ 5 14],94,-1,125,-1,106
1,<environment.Job instance at 0x7f21a107a4b0>,94,23,[13  1],95,-1,129,-1,106
1,<environment.Job instance at 0x7f21a107a140>,95,20,[14  5],96,-1,126,-1,106
1,<environment.Job instance at 0x7f21a102c730>,96,26,[ 1 11],97,-1,132,-1,106
1,<environment.Job instance at 0x7f21a102c230>,97,14,[ 3 13],98,-1,120,-1,106
1,<environment.Job instance at 0x7f21a102c050>,98,13,[ 4 14],99,-1,119,-1,106
1,<environment.Job instance at 0x7f21a102c140>,99,13,[ 5 14],100,-1,119,-1,106
1,<environment.Job instance at 0x7f21a102cc80>,100,27,[14  3],101,-1,133,-1,106
1,<environment.Job instance at 0x7f21a10220f0>,101,16,[12  5],102,-1,122,-1,106
1,<environment.Job instance at 0x7f21a1090910>,102,19,[13  5],103,-1,125,-1,106
1,<environment.Job instance at 0x7f21a102c190>,103,13,[ 5 13],104,-1,119,-1,106
1,<environment.Job instance at 0x7f21a102cf00>,104,15,[12  1],105,-1,121,-1,106
1,<environment.Job instance at 0x7f21a1062eb0>,105,26,[13  2],106,-1,132,-1,106
1,<environment.Job instance at 0x7f21a11ea7d0>,106,22,[13  5],107,-1,129,-1,107
1,<environment.Job instance at 0x7f21a11ead20>,107,23,[ 4 11],108,-1,131,-1,108
1,<environment.Job instance at 0x7f21a1062aa0>,108,17,[ 2 13],109,-1,126,-1,109
1,<environment.Job instance at 0x7f21a11ff370>,109,27,[ 2 13],110,-1,137,-1,110
1,<environment.Job instance at 0x7f21a1201780>,111,26,[ 4 11],112,-1,138,-1,112
1,<environment.Job instance at 0x7f21a120afa0>,112,25,[13  2],113,-1,138,-1,113
1,<environment.Job instance at 0x7f21a118a6e0>,113,13,[14  2],114,-1,127,-1,114
1,<environment.Job instance at 0x7f21a1197640>,115,25,[ 3 11],116,-1,141,-1,116
1,<environment.Job instance at 0x7f21a11ff140>,110,20,[14  4],111,-1,136,-1,116
1,<environment.Job instance at 0x7f21a1054cd0>,116,28,[14  3],117,-1,145,-1,117
1,<environment.Job instance at 0x7f21a191f370>,117,26,[ 4 14],118,-1,144,-1,118
1,<environment.Job instance at 0x7f21a191fa00>,119,15,[13  1],120,-1,135,-1,120
1,<environment.Job instance at 0x7f21a118ba50>,120,12,[14  2],121,-1,133,-1,121
1,<environment.Job instance at 0x7f21a116dd70>,122,20,[ 4 12],123,-1,145,-1,125
1,<environment.Job instance at 0x7f21a1252b90>,123,25,[ 4 14],124,-1,150,-1,125
1,<environment.Job instance at 0x7f21a1252190>,124,24,[7 2],125,-1,149,-1,125
1,<environment.Job instance at 0x7f21a11820a0>,126,24,[ 5 13],127,-1,153,-1,129
1,<environment.Job instance at 0x7f21a107e1e0>,127,25,[ 2 13],128,-1,154,-1,129
1,<environment.Job instance at 0x7f21a0f93320>,128,15,[12  4],129,-1,144,-1,129
1,<environment.Job instance at 0x7f21a1a897d0>,129,19,[ 1 14],130,-1,149,-1,130
1,<environment.Job instance at 0x7f21a0c50320>,130,26,[13  4],131,-1,157,-1,131
1,<environment.Job instance at 0x7f21a1cf03c0>,131,22,[13  4],132,-1,154,-1,132
1,<environment.Job instance at 0x7f21a1cf0eb0>,132,24,[12  4],133,-1,157,-1,133
1,<environment.Job instance at 0x7f21a1cf0b90>,133,27,[13  3],134,-1,161,-1,134
1,<environment.Job instance at 0x7f21a1a89140>,135,23,[ 2 11],136,-1,170,-1,147
1,<environment.Job instance at 0x7f21a1cf0cd0>,136,20,[ 3 14],137,-1,167,-1,147
1,<environment.Job instance at 0x7f21a18bc820>,138,15,[12  4],139,-1,162,-1,147
1,<environment.Job instance at 0x7f21a1cf0f50>,139,25,[12  5],140,-1,172,-1,147
1,<environment.Job instance at 0x7f21a18bcaf0>,140,20,[ 5 13],141,-1,167,-1,147
1,<environment.Job instance at 0x7f21a18bc910>,141,24,[ 2 13],142,-1,171,-1,147
1,<environment.Job instance at 0x7f21a18bc4b0>,142,23,[11  2],143,-1,170,-1,147
1,<environment.Job instance at 0x7f21a1bf15f0>,143,22,[ 2 12],144,-1,169,-1,147
1,<environment.Job instance at 0x7f21a1bf1820>,144,20,[12  3],145,-1,167,-1,147
1,<environment.Job instance at 0x7f21a1bf1dc0>,145,19,[12  5],146,-1,166,-1,147
1,<environment.Job instance at 0x7f21a1bf1690>,146,15,[ 5 14],147,-1,162,-1,147
1,<environment.Job instance at 0x7f21a1bf1280>,147,15,[11  1],148,-1,163,-1,148
1,<environment.Job instance at 0x7f21a1bf1870>,148,20,[ 4 14],149,-1,169,-1,149
1,<environment.Job instance at 0x7f21a1bf15a0>,149,20,[14  2],150,-1,170,-1,150
1,<environment.Job instance at 0x7f21a1bf1b40>,150,25,[8 5],151,-1,176,-1,151
1,<environment.Job instance at 0x7f21a1bf13c0>,151,24,[ 1 12],152,-1,176,-1,152
1,<environment.Job instance at 0x7f21a0c97780>,1,16,[ 3 14],2,-1,18,-1,2
1,<environment.Job instance at 0x7f21a0c97f00>,2,16,[14  1],3,-1,19,-1,3
1,<environment.Job instance at 0x7f21a0c97a50>,3,19,[ 5 12],4,-1,23,-1,4
1,<environment.Job instance at 0x7f21a0c97cd0>,4,25,[ 5 13],5,-1,30,-1,5
1,<environment.Job instance at 0x7f21a0c97c30>,5,26,[13  4],6,-1,32,-1,6
1,<environment.Job instance at 0x7f21a0c97140>,6,21,[ 4 14],7,-1,28,-1,7
1,<environment.Job instance at 0x7f21a0c97aa0>,7,25,[ 3 12],8,-1,33,-1,8
1,<environment.Job instance at 0x7f21a0c97d70>,8,27,[14  3],9,-1,36,-1,9
1,<environment.Job instance at 0x7f21a0c97690>,11,28,[13  2],12,-1,40,-1,12
1,<environment.Job instance at 0x7f21a0c04c30>,10,14,[14  4],11,-1,26,-1,12
1,<environment.Job instance at 0x7f21a0c04cd0>,12,28,[ 5 14],13,-1,41,-1,13
1,<environment.Job instance at 0x7f21a0c04500>,15,25,[12  4],16,-1,41,-1,16
1,<environment.Job instance at 0x7f21a0c04870>,16,20,[ 3 14],17,-1,37,-1,17
1,<environment.Job instance at 0x7f21a0c04780>,17,28,[ 3 14],18,-1,46,-1,18
1,<environment.Job instance at 0x7f21a0c04eb0>,18,28,[11  5],19,-1,47,-1,19
1,<environment.Job instance at 0x7f21a0c04320>,26,24,[ 3 12],27,-1,116,-1,92
1,<environment.Job instance at 0x7f21a0c04b40>,27,23,[ 3 11],28,-1,115,-1,92
1,<environment.Job instance at 0x7f21a0c04140>,28,22,[11  4],29,-1,114,-1,92
1,<environment.Job instance at 0x7f21a0c04550>,29,21,[12  3],30,-1,113,-1,92
1,<environment.Job instance at 0x7f21a0c045a0>,30,12,[ 5 14],31,-1,104,-1,92
1,<environment.Job instance at 0x7f21a0c77b90>,31,23,[12  5],32,-1,115,-1,92
1,<environment.Job instance at 0x7f21a0c77410>,33,23,[ 5 11],34,-1,117,-1,94
1,<environment.Job instance at 0x7f21a0c77d20>,34,25,[13  5],35,-1,119,-1,94
1,<environment.Job instance at 0x7f21a0c77280>,35,19,[ 5 13],36,-1,113,-1,94
1,<environment.Job instance at 0x7f21a0c772d0>,36,15,[ 4 12],37,-1,109,-1,94
1,<environment.Job instance at 0x7f21a0c77320>,37,28,[ 5 10],38,-1,122,-1,94
1,<environment.Job instance at 0x7f21a0c77cd0>,39,22,[12  5],40,-1,137,-1,115
1,<environment.Job instance at 0x7f21a0c770f0>,40,21,[ 4 14],41,-1,136,-1,115
1,<environment.Job instance at 0x7f21a0c775a0>,41,20,[12  5],42,-1,135,-1,115
1,<environment.Job instance at 0x7f21a0c77c80>,42,28,[2 8],43,-1,143,-1,115
1,<environment.Job instance at 0x7f21a0c77c30>,43,24,[13  5],44,-1,139,-1,115
1,<environment.Job instance at 0x7f21a0c778c0>,44,17,[ 4 13],45,-1,132,-1,115
1,<environment.Job instance at 0x7f21a0c77be0>,45,21,[13  4],46,-1,136,-1,115
1,<environment.Job instance at 0x7f21a0c77500>,46,22,[ 5 12],47,-1,137,-1,115
1,<environment.Job instance at 0x7f21a0c77140>,47,13,[ 4 11],48,-1,128,-1,115
1,<environment.Job instance at 0x7f21a0c776e0>,48,15,[14  2],49,-1,130,-1,115
1,<environment.Job instance at 0x7f21a0c77fa0>,49,26,[ 1 13],50,-1,141,-1,115
1,<environment.Job instance at 0x7f21a0c77af0>,51,27,[ 2 12],52,-1,143,-1,116
1,<environment.Job instance at 0x7f21a0c77f50>,52,17,[14  5],53,-1,133,-1,116
1,<environment.Job instance at 0x7f21a0c77730>,53,24,[13  3],54,-1,140,-1,116
1,<environment.Job instance at 0x7f21a0ccab40>,54,22,[12  3],55,-1,138,-1,116
1,<environment.Job instance at 0x7f21a0cca0a0>,55,14,[ 5 12],56,-1,130,-1,116
1,<environment.Job instance at 0x7f21a13774b0>,56,16,[ 5 11],57,-1,132,-1,116
1,<environment.Job instance at 0x7f21a17f0aa0>,57,23,[10  4],58,-1,139,-1,116
1,<environment.Job instance at 0x7f21a1411280>,58,20,[ 1 12],59,-1,136,-1,116
1,<environment.Job instance at 0x7f21a1411af0>,59,21,[14  1],60,-1,137,-1,116
1,<environment.Job instance at 0x7f21a1c24690>,60,20,[14  2],61,-1,136,-1,116
1,<environment.Job instance at 0x7f21a1411050>,61,22,[14  4],62,-1,138,-1,116
1,<environment.Job instance at 0x7f21a1b3feb0>,62,17,[ 3 10],63,-1,133,-1,116
1,<environment.Job instance at 0x7f21a1a46460>,65,25,[14  4],66,-1,158,-1,133
1,<environment.Job instance at 0x7f21a1411820>,66,22,[ 4 14],67,-1,155,-1,133
1,<environment.Job instance at 0x7f21a140c6e0>,67,20,[11  4],68,-1,153,-1,133
1,<environment.Job instance at 0x7f21a140c320>,68,23,[14  4],69,-1,156,-1,133
1,<environment.Job instance at 0x7f21a140ce10>,69,19,[ 3 14],70,-1,152,-1,133
1,<environment.Job instance at 0x7f21a140c870>,70,21,[14  2],71,-1,154,-1,133
1,<environment.Job instance at 0x7f21a13d9910>,71,24,[14  2],72,-1,157,-1,133
1,<environment.Job instance at 0x7f21a1a93dc0>,72,21,[ 5 11],73,-1,154,-1,133
1,<environment.Job instance at 0x7f21a140cd70>,73,20,[ 2 12],74,-1,153,-1,133
1,<environment.Job instance at 0x7f21a13d9320>,74,23,[ 4 11],75,-1,156,-1,133
1,<environment.Job instance at 0x7f21a1b2ec30>,75,24,[3 8],76,-1,157,-1,133
1,<environment.Job instance at 0x7f21a1b2e9b0>,76,23,[ 3 13],77,-1,156,-1,133
1,<environment.Job instance at 0x7f21a1b2e780>,77,21,[14  4],78,-1,154,-1,133
1,<environment.Job instance at 0x7f21a1b2eaf0>,79,24,[ 3 12],80,-1,164,-1,140
1,<environment.Job instance at 0x7f21a1a895f0>,82,22,[ 5 13],83,-1,193,-1,171
1,<environment.Job instance at 0x7f21a1ac8dc0>,83,20,[14  4],84,-1,191,-1,171
1,<environment.Job instance at 0x7f21a1ac8cd0>,84,23,[11  1],85,-1,194,-1,171
1,<environment.Job instance at 0x7f21a1ac8690>,85,25,[5 8],86,-1,196,-1,171
1,<environment.Job instance at 0x7f21a21455f0>,86,27,[13  4],87,-1,198,-1,171
1,<environment.Job instance at 0x7f21a12d4870>,87,21,[ 3 11],88,-1,192,-1,171
1,<environment.Job instance at 0x7f21a21ca190>,88,14,[12  4],89,-1,185,-1,171
1,<environment.Job instance at 0x7f21a115f320>,89,12,[12  3],90,-1,183,-1,171
1,<environment.Job instance at 0x7f21a0ca4dc0>,90,26,[ 3 12],91,-1,197,-1,171
1,<environment.Job instance at 0x7f21a15b2fa0>,91,12,[11  4],92,-1,183,-1,171
1,<environment.Job instance at 0x7f21a13d4780>,92,23,[ 2 11],93,-1,194,-1,171
1,<environment.Job instance at 0x7f21a115bd20>,93,14,[ 5 12],94,-1,185,-1,171
1,<environment.Job instance at 0x7f21a1594870>,94,19,[11  3],95,-1,190,-1,171
1,<environment.Job instance at 0x7f21a1594eb0>,95,28,[ 2 11],96,-1,199,-1,171
1,<environment.Job instance at 0x7f21a0ccf870>,96,24,[ 1 13],97,-1,195,-1,171
1,<environment.Job instance at 0x7f21a0ccfe60>,97,25,[ 5 13],98,-1,196,-1,171
1,<environment.Job instance at 0x7f21a0ccf820>,98,19,[11  3],99,-1,190,-1,171
1,<environment.Job instance at 0x7f21a0c02c80>,99,24,[8 2],100,-1,195,-1,171
1,<environment.Job instance at 0x7f21aa6f9780>,100,21,[ 2 12],101,-1,192,-1,171
1,<environment.Job instance at 0x7f21a0c02410>,101,23,[ 2 12],102,-1,194,-1,171
1,<environment.Job instance at 0x7f21a1aebf00>,2,19,[14  3],3,-1,22,-1,3
1,<environment.Job instance at 0x7f21a11b11e0>,3,15,[ 1 12],4,-1,19,-1,4
1,<environment.Job instance at 0x7f21a15248c0>,4,21,[ 5 14],5,-1,26,-1,5
1,<environment.Job instance at 0x7f21a14f29b0>,6,25,[12  3],7,-1,32,-1,7
1,<environment.Job instance at 0x7f21a0cd60f0>,7,22,[ 5 13],8,-1,30,-1,8
1,<environment.Job instance at 0x7f21a14b1cd0>,9,28,[2 9],10,-1,38,-1,10
1,<environment.Job instance at 0x7f21a0cd6640>,10,25,[14  3],11,-1,36,-1,11
1,<environment.Job instance at 0x7f21a0cd6320>,11,25,[5 3],12,-1,37,-1,12
1,<environment.Job instance at 0x7f21a0cd6140>,12,28,[11  5],13,-1,41,-1,13
1,<environment.Job instance at 0x7f21a0cd65a0>,13,15,[ 2 12],14,-1,29,-1,14
1,<environment.Job instance at 0x7f21a11feeb0>,14,16,[ 4 11],15,-1,31,-1,15
1,<environment.Job instance at 0x7f21a0c24cd0>,16,24,[ 5 13],17,-1,41,-1,17
1,<environment.Job instance at 0x7f21a188f820>,17,22,[ 5 13],18,-1,40,-1,18
1,<environment.Job instance at 0x7f21a11e4820>,18,19,[ 3 12],19,-1,38,-1,19
1,<environment.Job instance at 0x7f21a11e4cd0>,19,17,[14  4],20,-1,37,-1,20
1,<environment.Job instance at 0x7f21a11e4fa0>,20,26,[13  3],21,-1,47,-1,21
1,<environment.Job instance at 0x7f21a188fcd0>,15,18,[11  1],16,-1,39,-1,21
1,<environment.Job instance at 0x7f21a11e4870>,22,20,[ 4 14],23,-1,43,-1,23
1,<environment.Job instance at 0x7f21a1200780>,26,20,[ 2 11],27,-1,47,-1,27
1,<environment.Job instance at 0x7f21a1533550>,27,26,[ 1 12],28,-1,54,-1,28
1,<environment.Job instance at 0x7f21a1533500>,28,28,[12  2],29,-1,57,-1,29
1,<environment.Job instance at 0x7f21a1062500>,29,23,[14  1],30,-1,53,-1,30
1,<environment.Job instance at 0x7f21a1062370>,30,28,[11  1],31,-1,59,-1,31
1,<environment.Job instance at 0x7f21a1062190>,31,18,[ 1 13],32,-1,50,-1,32
1,<environment.Job instance at 0x7f21a103ca00>,32,27,[ 5 12],33,-1,60,-1,33
1,<environment.Job instance at 0x7f21a103c960>,33,21,[ 1 14],34,-1,55,-1,34
1,<environment.Job instance at 0x7f21a120ae60>,34,22,[14  2],35,-1,57,-1,35
1,<environment.Job instance at 0x7f21a120aa50>,35,14,[12  4],36,-1,50,-1,36
1,<environment.Job instance at 0x7f21a1031b40>,36,18,[11  5],37,-1,55,-1,37
1,<environment.Job instance at 0x7f21a1031500>,37,20,[12  5],38,-1,58,-1,38
1,<environment.Job instance at 0x7f21a0eb25a0>,38,27,[14  4],39,-1,66,-1,39
1,<environment.Job instance at 0x7f21a0d9f640>,39,27,[14  4],40,-1,67,-1,40
1,<environment.Job instance at 0x7f21a1095cd0>,41,14,[12  2],42,-1,56,-1,42
1,<environment.Job instance at 0x7f21a0d9f870>,42,21,[ 5 14],43,-1,64,-1,43
1,<environment.Job instance at 0x7f21a1661050>,43,24,[7 2],44,-1,68,-1,44
1,<environment.Job instance at 0x7f21a16614b0>,44,27,[14  1],45,-1,72,-1,45
1,<environment.Job instance at 0x7f21a107a6e0>,45,28,[ 2 14],46,-1,74,-1,46
1,<environment.Job instance at 0x7f21a107a4b0>,46,21,[ 2 12],47,-1,68,-1,47
1,<environment.Job instance at 0x7f21a0fe8d20>,47,27,[ 2 11],48,-1,75,-1,48
1,<environment.Job instance at 0x7f21a0fe8e10>,48,27,[ 1 11],49,-1,76,-1,49
1,<environment.Job instance at 0x7f21a0fe8af0>,49,26,[ 2 14],50,-1,76,-1,50
1,<environment.Job instance at 0x7f21a1210640>,40,19,[14  1],41,-1,69,-1,50
1,<environment.Job instance at 0x7f21a1095d70>,50,25,[12  5],51,-1,76,-1,51
1,<environment.Job instance at 0x7f21a0fe8be0>,51,19,[ 4 14],52,-1,71,-1,52
1,<environment.Job instance at 0x7f21a0fe8730>,52,19,[ 5 13],53,-1,72,-1,53
1,<environment.Job instance at 0x7f21a0fe82d0>,53,24,[ 4 11],54,-1,78,-1,54
1,<environment.Job instance at 0x7f21a0fe8a00>,54,26,[11  4],55,-1,81,-1,55
1,<environment.Job instance at 0x7f21a1de55a0>,55,28,[2 7],56,-1,84,-1,56
1,<environment.Job instance at 0x7f21a0fe8c30>,57,26,[12  5],58,-1,84,-1,58
1,<environment.Job instance at 0x7f21a1de5410>,58,25,[ 4 14],59,-1,84,-1,59
1,<environment.Job instance at 0x7f21a1933410>,59,25,[ 1 10],60,-1,85,-1,60
1,<environment.Job instance at 0x7f21a19334b0>,60,25,[ 3 10],61,-1,86,-1,61
1,<environment.Job instance at 0x7f21a19330f0>,61,23,[ 3 10],62,-1,85,-1,62
1,<environment.Job instance at 0x7f21a1de5910>,62,21,[ 4 11],63,-1,84,-1,63
1,<environment.Job instance at 0x7f21a1933b40>,63,27,[ 5 14],64,-1,91,-1,64
1,<environment.Job instance at 0x7f21a1933870>,64,25,[14  3],65,-1,90,-1,65
1,<environment.Job instance at 0x7f21a1933dc0>,66,19,[ 1 13],67,-1,86,-1,67
1,<environment.Job instance at 0x7f21a0ea6b40>,67,26,[10  3],68,-1,94,-1,68
1,<environment.Job instance at 0x7f21a0ea6af0>,68,23,[ 2 11],69,-1,92,-1,69
1,<environment.Job instance at 0x7f21a105f4b0>,69,25,[ 5 11],70,-1,95,-1,70
1,<environment.Job instance at 0x7f21a1036f50>,70,27,[11  5],71,-1,98,-1,71
1,<environment.Job instance at 0x7f21a102cb40>,71,17,[12  5],72,-1,89,-1,72
1,<environment.Job instance at 0x7f21a102cc80>,72,24,[7 1],73,-1,97,-1,73
1,<environment.Job instance at 0x7f21a102cd20>,73,21,[11  1],74,-1,95,-1,74
1,<environment.Job instance at 0x7f21a10e1280>,74,21,[12  4],75,-1,96,-1,75
1,<environment.Job instance at 0x7f21a19336e0>,65,18,[12  1],66,-1,93,-1,75
1,<environment.Job instance at 0x7f21a0f90050>,75,26,[11  4],76,-1,102,-1,76
1,<environment.Job instance at 0x7f21a11b5730>,76,21,[12  4],77,-1,98,-1,77
1,<environment.Job instance at 0x7f21a11b54b0>,77,26,[ 1 13],78,-1,104,-1,78
1,<environment.Job instance at 0x7f21a11b5460>,78,26,[ 1 12],79,-1,105,-1,79
1,<environment.Job instance at 0x7f21a10e1c80>,80,23,[11  3],81,-1,104,-1,81
1,<environment.Job instance at 0x7f21a11b5780>,81,23,[ 4 10],82,-1,105,-1,82
1,<environment.Job instance at 0x7f21a11b53c0>,83,24,[11  5],84,-1,108,-1,84
1,<environment.Job instance at 0x7f21a11b5e10>,84,21,[ 3 13],85,-1,106,-1,85
1,<environment.Job instance at 0x7f21a11b5aa0>,85,15,[11  4],86,-1,101,-1,86
1,<environment.Job instance at 0x7f21a11b5500>,86,28,[ 5 11],87,-1,115,-1,87
1,<environment.Job instance at 0x7f21a11b50f0>,87,28,[1 5],88,-1,116,-1,88
1,<environment.Job instance at 0x7f21a11b57d0>,88,20,[13  1],89,-1,109,-1,89
1,<environment.Job instance at 0x7f21a11b5b40>,89,21,[ 3 12],90,-1,111,-1,90
1,<environment.Job instance at 0x7f21a11b5d20>,90,25,[12  3],91,-1,116,-1,91
1,<environment.Job instance at 0x7f21a11b5230>,93,25,[ 3 12],94,-1,119,-1,94
1,<environment.Job instance at 0x7f21a10997d0>,94,20,[ 5 11],95,-1,123,-1,103
1,<environment.Job instance at 0x7f21a1099870>,96,27,[ 1 13],97,-1,140,-1,113
1,<environment.Job instance at 0x7f21a1099af0>,97,20,[ 1 14],98,-1,133,-1,113
1,<environment.Job instance at 0x7f21a1099410>,98,28,[ 3 14],99,-1,141,-1,113
1,<environment.Job instance at 0x7f21a1099a00>,99,25,[12  2],100,-1,138,-1,113
1,<environment.Job instance at 0x7f21a1099d20>,100,25,[ 5 14],101,-1,138,-1,113
1,<environment.Job instance at 0x7f21a10996e0>,101,21,[ 1 12],102,-1,134,-1,113
1,<environment.Job instance at 0x7f21a1099b90>,102,28,[5 5],103,-1,141,-1,113
1,<environment.Job instance at 0x7f21a1099f50>,103,21,[ 5 14],104,-1,134,-1,113
1,<environment.Job instance at 0x7f21a1099f00>,104,24,[11  4],105,-1,137,-1,113
1,<environment.Job instance at 0x7f21a1099e60>,105,15,[ 4 11],106,-1,128,-1,113
1,<environment.Job instance at 0x7f21a1099cd0>,106,27,[5 1],107,-1,140,-1,113
1,<environment.Job instance at 0x7f21a1099dc0>,107,21,[ 1 12],108,-1,134,-1,113
1,<environment.Job instance at 0x7f21a1099690>,108,26,[4 9],109,-1,139,-1,113
1,<environment.Job instance at 0x7f21a1099460>,109,25,[6 1],110,-1,138,-1,113
1,<environment.Job instance at 0x7f21a1099730>,110,16,[ 4 11],111,-1,129,-1,113
1,<environment.Job instance at 0x7f21a1099d70>,111,25,[14  3],112,-1,138,-1,113
1,<environment.Job instance at 0x7f21a1099550>,112,28,[13  1],113,-1,141,-1,113
1,<environment.Job instance at 0x7f21a11b58c0>,95,26,[11  1],96,-1,139,-1,113
1,<environment.Job instance at 0x7f21a1099a50>,114,25,[13  3],115,-1,140,-1,115
1,<environment.Job instance at 0x7f21a1099050>,113,22,[14  1],114,-1,137,-1,115
1,<environment.Job instance at 0x7f21a109d140>,116,19,[12  1],117,-1,136,-1,117
1,<environment.Job instance at 0x7f21a109d4b0>,117,26,[ 4 13],118,-1,144,-1,118
1,<environment.Job instance at 0x7f21a109de10>,119,25,[12  4],120,-1,145,-1,120
1,<environment.Job instance at 0x7f21a109d190>,120,20,[ 2 12],121,-1,141,-1,121
1,<environment.Job instance at 0x7f21a109daf0>,121,25,[ 5 14],122,-1,147,-1,122
1,<environment.Job instance at 0x7f21a109d410>,122,19,[ 5 12],123,-1,142,-1,123
1,<environment.Job instance at 0x7f21a109deb0>,123,26,[ 1 12],124,-1,150,-1,124
1,<environment.Job instance at 0x7f21a109d230>,124,28,[ 3 12],125,-1,153,-1,125
1,<environment.Job instance at 0x7f21a109da50>,125,20,[ 1 12],126,-1,146,-1,126
1,<environment.Job instance at 0x7f21a109d820>,126,19,[11  1],127,-1,146,-1,127
1,<environment.Job instance at 0x7f21a109d780>,128,22,[13  2],129,-1,151,-1,129
1,<environment.Job instance at 0x7f21a109d5a0>,129,24,[12  3],130,-1,154,-1,130
1,<environment.Job instance at 0x7f21a109d730>,130,28,[ 4 12],131,-1,159,-1,131
1,<environment.Job instance at 0x7f21a109dc80>,131,25,[ 2 12],132,-1,157,-1,132
1,<environment.Job instance at 0x7f21a1090f00>,132,24,[11  2],133,-1,157,-1,133
1,<environment.Job instance at 0x7f21a1090b40>,133,18,[ 1 11],134,-1,153,-1,135
1,<environment.Job instance at 0x7f21a109d9b0>,134,22,[12  3],135,-1,157,-1,135
1,<environment.Job instance at 0x7f21a1090820>,135,26,[ 3 11],136,-1,162,-1,136
1,<environment.Job instance at 0x7f21a10904b0>,137,21,[11  5],138,-1,162,-1,141
1,<environment.Job instance at 0x7f21a1090a50>,138,26,[12  2],139,-1,167,-1,141
1,<environment.Job instance at 0x7f21a10905f0>,139,20,[ 5 13],140,-1,161,-1,141
1,<environment.Job instance at 0x7f21a1090910>,140,23,[11  3],141,-1,164,-1,141
1,<environment.Job instance at 0x7f21a10909b0>,141,24,[13  5],142,-1,166,-1,142
1,<environment.Job instance at 0x7f21a1090410>,142,27,[11  5],143,-1,170,-1,143
1,<environment.Job instance at 0x7f21a10906e0>,144,28,[ 3 12],145,-1,177,-1,149
1,<environment.Job instance at 0x7f21a10905a0>,145,26,[12  3],146,-1,175,-1,149
1,<environment.Job instance at 0x7f21a10907d0>,146,14,[ 4 12],147,-1,163,-1,149
1,<environment.Job instance at 0x7f21a1090640>,147,17,[ 2 11],148,-1,166,-1,149
1,<environment.Job instance at 0x7f21a1090af0>,148,28,[12  3],149,-1,177,-1,149
1,<environment.Job instance at 0x7f21a1389820>,1,24,[13  5],2,-1,26,-1,2
1,<environment.Job instance at 0x7f21a1389730>,2,26,[ 4 12],3,-1,29,-1,3
1,<environment.Job instance at 0x7f21a1389b40>,4,23,[ 4 11],5,-1,28,-1,5
1,<environment.Job instance at 0x7f21a1389dc0>,5,26,[ 3 14],6,-1,32,-1,6
1,<environment.Job instance at 0x7f21a13893c0>,6,12,[ 2 13],7,-1,19,-1,7
1,<environment.Job instance at 0x7f21a1389e60>,7,19,[ 4 11],8,-1,27,-1,8
1,<environment.Job instance at 0x7f21a13642d0>,8,27,[ 3 12],9,-1,36,-1,9
1,<environment.Job instance at 0x7f21a1364410>,9,27,[11  1],10,-1,37,-1,10
1,<environment.Job instance at 0x7f21a1389f50>,11,25,[14  5],12,-1,37,-1,12
1,<environment.Job instance at 0x7f21a1396eb0>,12,27,[6 1],13,-1,40,-1,13
1,<environment.Job instance at 0x7f21a13646e0>,10,13,[13  4],11,-1,26,-1,13
1,<environment.Job instance at 0x7f21a1396af0>,14,27,[ 3 14],15,-1,42,-1,15
1,<environment.Job instance at 0x7f21a13645f0>,13,15,[13  1],14,-1,30,-1,15
1,<environment.Job instance at 0x7f21a1396d20>,16,24,[13  3],17,-1,41,-1,17
1,<environment.Job instance at 0x7f21a13960f0>,17,22,[ 3 13],18,-1,40,-1,18
1,<environment.Job instance at 0x7f21a1396e60>,15,19,[13  3],16,-1,37,-1,18
1,<environment.Job instance at 0x7f21a1396550>,19,26,[ 4 13],20,-1,46,-1,20
1,<environment.Job instance at 0x7f21a1396410>,20,23,[13  3],21,-1,44,-1,21
1,<environment.Job instance at 0x7f21a1372d20>,21,20,[12  4],22,-1,42,-1,22
1,<environment.Job instance at 0x7f21a1372eb0>,22,26,[2 7],23,-1,49,-1,23
1,<environment.Job instance at 0x7f21a13720f0>,23,23,[13  3],24,-1,47,-1,24
1,<environment.Job instance at 0x7f21a1372af0>,24,23,[14  1],25,-1,48,-1,25
1,<environment.Job instance at 0x7f21a1372c30>,25,23,[13  2],26,-1,49,-1,26
1,<environment.Job instance at 0x7f21a1372320>,26,25,[4 5],27,-1,52,-1,27
1,<environment.Job instance at 0x7f21a1372cd0>,27,21,[14  1],28,-1,49,-1,28
1,<environment.Job instance at 0x7f21a1372e60>,28,27,[ 1 13],29,-1,56,-1,29
1,<environment.Job instance at 0x7f21a1396370>,30,26,[14  5],31,-1,57,-1,31
1,<environment.Job instance at 0x7f21a20ba820>,29,19,[14  1],30,-1,50,-1,31
1,<environment.Job instance at 0x7f21a20ba9b0>,31,24,[ 2 13],32,-1,56,-1,32
1,<environment.Job instance at 0x7f21a20bab90>,32,25,[13  1],33,-1,58,-1,33
1,<environment.Job instance at 0x7f21a20ba460>,33,22,[ 1 12],34,-1,56,-1,34
1,<environment.Job instance at 0x7f21a20ba780>,34,22,[12  4],35,-1,57,-1,35
1,<environment.Job instance at 0x7f21a20ba1e0>,35,25,[ 4 11],36,-1,61,-1,36
1,<environment.Job instance at 0x7f21a20ba960>,36,25,[ 5 14],37,-1,62,-1,37
1,<environment.Job instance at 0x7f21a20ba3c0>,37,26,[ 3 12],38,-1,64,-1,38
1,<environment.Job instance at 0x7f21a20baa00>,38,20,[ 4 13],39,-1,59,-1,39
1,<environment.Job instance at 0x7f21a20bae10>,39,24,[14  5],40,-1,64,-1,40
1,<environment.Job instance at 0x7f21a20bacd0>,40,27,[ 5 13],41,-1,68,-1,41
1,<environment.Job instance at 0x7f21a20bad70>,41,20,[ 4 14],42,-1,62,-1,42
1,<environment.Job instance at 0x7f21a20ba910>,42,14,[ 1 14],43,-1,57,-1,43
1,<environment.Job instance at 0x7f21a20bad20>,43,24,[5 8],44,-1,68,-1,44
1,<environment.Job instance at 0x7f21a20ba140>,44,23,[11  4],45,-1,68,-1,45
1,<environment.Job instance at 0x7f21a20be410>,45,24,[14  4],46,-1,70,-1,46
1,<environment.Job instance at 0x7f21a13ef7d0>,46,23,[ 2 13],47,-1,70,-1,47
1,<environment.Job instance at 0x7f21a0b45f00>,47,21,[14  4],48,-1,69,-1,48
1,<environment.Job instance at 0x7f21a0b45820>,48,25,[ 1 12],49,-1,74,-1,49
1,<environment.Job instance at 0x7f21a0b45b90>,49,28,[ 1 11],50,-1,78,-1,50
1,<environment.Job instance at 0x7f21a12b8370>,51,28,[14  2],52,-1,80,-1,52
1,<environment.Job instance at 0x7f21a0b45460>,52,28,[13  4],53,-1,81,-1,53
1,<environment.Job instance at 0x7f21a0b45230>,53,22,[ 5 14],54,-1,76,-1,54
1,<environment.Job instance at 0x7f21a0b56280>,54,28,[ 1 11],55,-1,83,-1,55
1,<environment.Job instance at 0x7f21a0bcbe10>,55,22,[14  5],56,-1,78,-1,56
1,<environment.Job instance at 0x7f21a1396f50>,56,22,[ 1 14],57,-1,79,-1,57
1,<environment.Job instance at 0x7f21a0bcc5f0>,58,16,[ 3 13],59,-1,75,-1,59
1,<environment.Job instance at 0x7f21a0bab1e0>,59,21,[13  2],60,-1,81,-1,60
1,<environment.Job instance at 0x7f21a0b780f0>,61,25,[ 5 11],62,-1,87,-1,62
1,<environment.Job instance at 0x7f21a0b78780>,62,28,[13  5],63,-1,91,-1,63
1,<environment.Job instance at 0x7f21a0b78190>,64,23,[ 4 14],65,-1,88,-1,65
1,<environment.Job instance at 0x7f21a1c60320>,65,21,[12  1],66,-1,87,-1,66
1,<environment.Job instance at 0x7f21a0b74640>,66,28,[12  3],67,-1,95,-1,67
1,<environment.Job instance at 0x7f21a0b747d0>,67,27,[11  4],68,-1,95,-1,68
1,<environment.Job instance at 0x7f21a0b86e60>,68,27,[9 4],69,-1,96,-1,69
1,<environment.Job instance at 0x7f21a0b86e10>,69,28,[5 9],70,-1,98,-1,70
1,<environment.Job instance at 0x7f21a1366230>,71,16,[ 3 12],72,-1,88,-1,72
1,<environment.Job instance at 0x7f21a0b69230>,72,23,[ 2 14],73,-1,96,-1,73
1,<environment.Job instance at 0x7f21a0b78410>,73,21,[ 2 13],74,-1,95,-1,74
1,<environment.Job instance at 0x7f21a1372730>,74,28,[14  2],75,-1,103,-1,75
1,<environment.Job instance at 0x7f21a0b92f00>,75,24,[11  1],76,-1,100,-1,76
1,<environment.Job instance at 0x7f21a0b928c0>,76,21,[ 3 13],77,-1,98,-1,77
1,<environment.Job instance at 0x7f21a20b5730>,78,26,[ 1 12],79,-1,105,-1,79
1,<environment.Job instance at 0x7f21a0b92780>,79,13,[12  3],80,-1,93,-1,80
1,<environment.Job instance at 0x7f21a0b92d20>,77,20,[11  1],78,-1,100,-1,80
1,<environment.Job instance at 0x7f21a0b92dc0>,80,25,[ 1 11],81,-1,106,-1,81
1,<environment.Job instance at 0x7f21a0b92820>,81,20,[ 3 14],82,-1,102,-1,82
1,<environment.Job instance at 0x7f21a0b92b40>,82,17,[ 1 12],83,-1,100,-1,83
1,<environment.Job instance at 0x7f21a0b92280>,83,25,[2 7],84,-1,109,-1,84
1,<environment.Job instance at 0x7f21a0b920a0>,85,21,[ 3 14],86,-1,107,-1,86
1,<environment.Job instance at 0x7f21a0b925a0>,86,23,[14  5],87,-1,110,-1,87
1,<environment.Job instance at 0x7f21a0b930a0>,88,18,[14  2],89,-1,107,-1,89
1,<environment.Job instance at 0x7f21a0b93140>,87,24,[3 6],88,-1,113,-1,89
1,<environment.Job instance at 0x7f21a0b931e0>,89,27,[ 5 13],90,-1,117,-1,90
1,<environment.Job instance at 0x7f21a13890a0>,91,21,[12  3],92,-1,113,-1,92
1,<environment.Job instance at 0x7f21a1389960>,92,27,[ 5 12],93,-1,120,-1,93
1,<environment.Job instance at 0x7f21a0b8a140>,93,28,[9 3],94,-1,122,-1,94
1,<environment.Job instance at 0x7f21a0b8a2d0>,94,16,[ 2 13],95,-1,111,-1,95
1,<environment.Job instance at 0x7f21a0b8a230>,95,28,[14  4],96,-1,124,-1,96
1,<environment.Job instance at 0x7f21a1389a00>,98,26,[11  5],99,-1,125,-1,99
1,<environment.Job instance at 0x7f21a0b8adc0>,97,13,[14  1],98,-1,112,-1,99
1,<environment.Job instance at 0x7f21a0b8ae10>,99,14,[ 2 13],100,-1,114,-1,100
1,<environment.Job instance at 0x7f21a0b8af00>,100,28,[14  5],101,-1,129,-1,101
1,<environment.Job instance at 0x7f21a0b8eb90>,101,18,[12  4],102,-1,120,-1,102
1,<environment.Job instance at 0x7f21a0b8e4b0>,102,21,[ 2 14],103,-1,124,-1,103
1,<environment.Job instance at 0x7f21a0b8ac80>,104,23,[13  4],105,-1,128,-1,105
1,<environment.Job instance at 0x7f21a0b8e5a0>,105,16,[ 3 13],106,-1,122,-1,106
1,<environment.Job instance at 0x7f21a0b8ea50>,106,26,[11  1],107,-1,133,-1,107
1,<environment.Job instance at 0x7f21a0b8e3c0>,107,23,[12  5],108,-1,131,-1,108
1,<environment.Job instance at 0x7f21a0b90730>,115,28,[ 5 13],116,-1,179,-1,151
1,<environment.Job instance at 0x7f21a0b90fa0>,117,25,[13  4],118,-1,193,-1,168
1,<environment.Job instance at 0x7f21a0b90e60>,118,21,[ 1 12],119,-1,189,-1,168
1,<environment.Job instance at 0x7f21a0b90dc0>,119,22,[ 4 12],120,-1,190,-1,168
1,<environment.Job instance at 0x7f21a0b90a00>,121,28,[13  2],122,-1,198,-1,170
1,<environment.Job instance at 0x7f21a0b90be0>,122,20,[14  3],123,-1,190,-1,170
1,<environment.Job instance at 0x7f21a0b900f0>,123,24,[14  3],124,-1,194,-1,170
1,<environment.Job instance at 0x7f21a0b90460>,124,25,[12  1],125,-1,195,-1,170
1,<environment.Job instance at 0x7f21a0b900a0>,125,24,[5 8],126,-1,194,-1,170
1,<environment.Job instance at 0x7f21a0b966e0>,126,13,[ 1 13],127,-1,183,-1,170
1,<environment.Job instance at 0x7f21a0b8d960>,127,23,[ 1 14],128,-1,193,-1,170
1,<environment.Job instance at 0x7f21a0b8ddc0>,128,25,[12  5],129,-1,195,-1,170
1,<environment.Job instance at 0x7f21a0b8dbe0>,129,27,[ 2 14],130,-1,197,-1,170
1,<environment.Job instance at 0x7f21a0b8db40>,130,20,[ 2 14],131,-1,190,-1,170
1,<environment.Job instance at 0x7f21a0b8d410>,131,25,[ 4 11],132,-1,195,-1,170
1,<environment.Job instance at 0x7f21a0b8d1e0>,132,21,[ 3 11],133,-1,191,-1,170
1,<environment.Job instance at 0x7f21a0b8d280>,133,21,[13  2],134,-1,191,-1,170
1,<environment.Job instance at 0x7f21a0b8e9b0>,1,23,[ 1 13],2,-1,25,-1,2
1,<environment.Job instance at 0x7f21a0b8d140>,2,22,[ 3 13],3,-1,25,-1,3
1,<environment.Job instance at 0x7f21a20b5c30>,3,13,[13  1],4,-1,17,-1,4
1,<environment.Job instance at 0x7f21a20b5f00>,4,25,[ 4 11],5,-1,30,-1,5
1,<environment.Job instance at 0x7f21a20b5f50>,5,14,[13  3],6,-1,20,-1,6
1,<environment.Job instance at 0x7f21a20b5410>,6,24,[14  2],7,-1,31,-1,7
1,<environment.Job instance at 0x7f21a20b5640>,7,22,[13  2],8,-1,30,-1,8
1,<environment.Job instance at 0x7f21a20b5280>,8,28,[ 5 14],9,-1,37,-1,9
1,<environment.Job instance at 0x7f21a20b5b40>,9,26,[14  1],10,-1,36,-1,10
1,<environment.Job instance at 0x7f21a20b51e0>,10,28,[13  2],11,-1,39,-1,11
1,<environment.Job instance at 0x7f21a20b5140>,11,28,[11  4],12,-1,40,-1,12
1,<environment.Job instance at 0x7f21a20b5780>,12,27,[ 1 13],13,-1,40,-1,13
1,<environment.Job instance at 0x7f21a20b5c80>,13,25,[ 5 12],14,-1,39,-1,14
1,<environment.Job instance at 0x7f21a20b5190>,14,13,[13  4],15,-1,28,-1,15
1,<environment.Job instance at 0x7f21a20b50f0>,17,16,[ 4 13],18,-1,34,-1,18
1,<environment.Job instance at 0x7f21a20b5230>,18,28,[1 7],19,-1,47,-1,19
1,<environment.Job instance at 0x7f21a20b5a50>,19,25,[13  2],20,-1,45,-1,20
1,<environment.Job instance at 0x7f21a20b56e0>,20,12,[13  4],21,-1,33,-1,21
1,<environment.Job instance at 0x7f21a0b8d280>,22,28,[ 1 11],23,-1,51,-1,23
1,<environment.Job instance at 0x7f21a20b8b40>,23,22,[14  3],24,-1,46,-1,24
1,<environment.Job instance at 0x7f21a20b8910>,24,28,[14  4],25,-1,53,-1,25
1,<environment.Job instance at 0x7f21a20b8d70>,25,27,[13  4],26,-1,53,-1,26
1,<environment.Job instance at 0x7f21a20b8c80>,26,27,[ 5 11],27,-1,54,-1,27
1,<environment.Job instance at 0x7f21a20b8fa0>,27,27,[6 4],28,-1,55,-1,28
1,<environment.Job instance at 0x7f21a20b8aa0>,28,17,[14  2],29,-1,46,-1,29
1,<environment.Job instance at 0x7f21a20b8690>,29,24,[ 1 12],30,-1,54,-1,30
1,<environment.Job instance at 0x7f21a20b8a50>,30,24,[14  5],31,-1,55,-1,31
1,<environment.Job instance at 0x7f21a20b82d0>,31,18,[ 1 14],32,-1,50,-1,32
1,<environment.Job instance at 0x7f21a20b89b0>,32,15,[ 1 13],33,-1,48,-1,33
1,<environment.Job instance at 0x7f21a20b87d0>,34,21,[12  2],35,-1,56,-1,35
1,<environment.Job instance at 0x7f21a20b83c0>,35,27,[ 4 12],36,-1,63,-1,36
1,<environment.Job instance at 0x7f21a20b8370>,36,20,[ 5 11],37,-1,57,-1,37
1,<environment.Job instance at 0x7f21a20b8af0>,37,23,[ 3 13],38,-1,61,-1,38
1,<environment.Job instance at 0x7f21a20b8c30>,38,28,[12  3],39,-1,67,-1,39
1,<environment.Job instance at 0x7f21a20b8550>,39,23,[14  2],40,-1,63,-1,40
1,<environment.Job instance at 0x7f21a20b8190>,40,26,[ 2 11],41,-1,67,-1,41
1,<environment.Job instance at 0x7f21a20b8500>,41,27,[6 4],42,-1,69,-1,42
1,<environment.Job instance at 0x7f21a20b80f0>,42,25,[ 4 14],43,-1,68,-1,43
1,<environment.Job instance at 0x7f21a20b8f00>,43,17,[ 2 13],44,-1,61,-1,44
1,<environment.Job instance at 0x7f21a20d5dc0>,44,26,[13  2],45,-1,71,-1,45
1,<environment.Job instance at 0x7f21a20d5a50>,45,24,[14  3],46,-1,70,-1,46
1,<environment.Job instance at 0x7f21a20d51e0>,46,24,[13  5],47,-1,71,-1,47
1,<environment.Job instance at 0x7f21a20d52d0>,47,12,[ 4 13],48,-1,60,-1,48
1,<environment.Job instance at 0x7f21a20d5410>,48,27,[14  3],49,-1,76,-1,49
1,<environment.Job instance at 0x7f21a20d59b0>,50,26,[ 5 11],51,-1,77,-1,51
1,<environment.Job instance at 0x7f21a20d5aa0>,51,27,[12  5],52,-1,79,-1,52
1,<environment.Job instance at 0x7f21a20d5c30>,53,20,[11  1],54,-1,74,-1,54
1,<environment.Job instance at 0x7f21a20d56e0>,54,26,[ 1 13],55,-1,81,-1,55
1,<environment.Job instance at 0x7f21a20d5870>,55,13,[ 1 13],56,-1,69,-1,56
1,<environment.Job instance at 0x7f21a20d57d0>,56,18,[12  5],57,-1,75,-1,57
1,<environment.Job instance at 0x7f21a20d5b40>,57,24,[ 5 12],58,-1,82,-1,58
1,<environment.Job instance at 0x7f21a20d5b90>,58,22,[ 3 14],59,-1,81,-1,59
1,<environment.Job instance at 0x7f21a20d58c0>,59,21,[ 2 11],60,-1,81,-1,60
1,<environment.Job instance at 0x7f21a20d5910>,60,19,[13  2],61,-1,80,-1,61
1,<environment.Job instance at 0x7f21a20d5280>,61,20,[ 3 14],62,-1,82,-1,62
1,<environment.Job instance at 0x7f21a20d5230>,62,15,[ 1 12],63,-1,78,-1,63
1,<environment.Job instance at 0x7f21a20d5be0>,63,25,[14  2],64,-1,89,-1,64
1,<environment.Job instance at 0x7f21a20d5460>,64,22,[11  3],65,-1,87,-1,65
1,<environment.Job instance at 0x7f21a12db140>,65,16,[14  2],66,-1,82,-1,66
1,<environment.Job instance at 0x7f21a12db1e0>,66,26,[9 2],67,-1,93,-1,67
1,<environment.Job instance at 0x7f21a12db550>,67,26,[ 2 10],68,-1,94,-1,68
1,<environment.Job instance at 0x7f21a12dba00>,69,25,[5 5],70,-1,95,-1,70
1,<environment.Job instance at 0x7f21a12db190>,70,20,[ 3 12],71,-1,91,-1,71
1,<environment.Job instance at 0x7f21a12db320>,72,26,[ 2 11],73,-1,99,-1,73
1,<environment.Job instance at 0x7f21a12dbc80>,73,27,[7 4],74,-1,101,-1,74
1,<environment.Job instance at 0x7f21a12dbc30>,74,19,[ 2 13],75,-1,94,-1,75
1,<environment.Job instance at 0x7f21a12db7d0>,75,20,[12  3],76,-1,96,-1,76
1,<environment.Job instance at 0x7f21a20b8320>,77,22,[14  3],78,-1,100,-1,78
1,<environment.Job instance at 0x7f21a12db690>,76,24,[7 2],77,-1,102,-1,78
1,<environment.Job instance at 0x7f21a12db0f0>,78,26,[12  1],79,-1,105,-1,79
1,<environment.Job instance at 0x7f21a12db870>,79,28,[ 3 12],80,-1,108,-1,80
1,<environment.Job instance at 0x7f21a12dbf00>,81,25,[14  4],82,-1,107,-1,82
1,<environment.Job instance at 0x7f21a12dbd70>,82,26,[11  3],83,-1,109,-1,83
1,<environment.Job instance at 0x7f21a12bf550>,83,26,[3 7],84,-1,110,-1,84
1,<environment.Job instance at 0x7f21a12dbdc0>,85,23,[ 4 13],86,-1,109,-1,86
1,<environment.Job instance at 0x7f21a12bf960>,86,19,[11  1],87,-1,106,-1,87
1,<environment.Job instance at 0x7f21a12bf230>,87,26,[11  4],88,-1,114,-1,88
1,<environment.Job instance at 0x7f21a12bfe60>,89,21,[ 2 13],90,-1,111,-1,90
1,<environment.Job instance at 0x7f21a12bf190>,90,19,[11  1],91,-1,110,-1,91
1,<environment.Job instance at 0x7f21a12bfc80>,91,13,[ 4 11],92,-1,105,-1,92
1,<environment.Job instance at 0x7f21a12bf0a0>,92,22,[12  4],93,-1,115,-1,93
1,<environment.Job instance at 0x7f21a12bfbe0>,93,16,[14  5],94,-1,110,-1,94
1,<environment.Job instance at 0x7f21a12bfaf0>,94,20,[ 3 12],95,-1,115,-1,95
1,<environment.Job instance at 0x7f21a12bfd70>,95,28,[13  5],96,-1,124,-1,96
1,<environment.Job instance at 0x7f21a12bf320>,96,23,[14  3],97,-1,120,-1,97
1,<environment.Job instance at 0x7f21a12bfd20>,97,25,[ 2 14],98,-1,123,-1,98
1,<environment.Job instance at 0x7f21a12bf5f0>,101,24,[13  3],102,-1,126,-1,102
1,<environment.Job instance at 0x7f21a0ba75f0>,104,22,[ 3 11],105,-1,142,-1,120
1,<environment.Job instance at 0x7f21a0ba7dc0>,106,19,[ 2 11],107,-1,142,-1,123
1,<environment.Job instance at 0x7f21a0ba74b0>,107,18,[ 5 13],108,-1,141,-1,123
1,<environment.Job instance at 0x7f21a0ba7870>,108,28,[ 5 11],109,-1,151,-1,123
1,<environment.Job instance at 0x7f21a0ba7e60>,109,27,[12  1],110,-1,150,-1,123
1,<environment.Job instance at 0x7f21a0ba76e0>,110,22,[13  3],111,-1,145,-1,123
1,<environment.Job instance at 0x7f21a0ba77d0>,111,17,[13  4],112,-1,140,-1,123
1,<environment.Job instance at 0x7f21a0ba79b0>,112,28,[ 5 11],113,-1,151,-1,123
1,<environment.Job instance at 0x7f21a0ba7cd0>,114,22,[ 1 14],115,-1,162,-1,140
1,<environment.Job instance at 0x7f21a0ba7190>,115,24,[13  4],116,-1,164,-1,140
1,<environment.Job instance at 0x7f21a0ba7af0>,116,24,[ 4 13],117,-1,164,-1,140
1,<environment.Job instance at 0x7f21a0ba7aa0>,117,19,[ 5 14],118,-1,159,-1,140
1,<environment.Job instance at 0x7f21a0ba70f0>,118,19,[14  3],119,-1,159,-1,140
1,<environment.Job instance at 0x7f21a0ba7f00>,119,26,[8 4],120,-1,166,-1,140
1,<environment.Job instance at 0x7f21a0ba7050>,120,14,[13  2],121,-1,154,-1,140
1,<environment.Job instance at 0x7f21a0ba75a0>,121,22,[ 5 13],122,-1,162,-1,140
1,<environment.Job instance at 0x7f21a0ba7f50>,122,24,[ 1 14],123,-1,164,-1,140
1,<environment.Job instance at 0x7f21a0ba7410>,123,28,[13  5],124,-1,168,-1,140
1,<environment.Job instance at 0x7f21a0ba7c30>,124,22,[12  4],125,-1,162,-1,140
1,<environment.Job instance at 0x7f21a0fd80a0>,126,24,[14  5],127,-1,167,-1,143
1,<environment.Job instance at 0x7f21a0fd8230>,127,19,[13  1],128,-1,162,-1,143
1,<environment.Job instance at 0x7f21a0fd8fa0>,128,23,[11  5],129,-1,166,-1,143
1,<environment.Job instance at 0x7f21a0fd88c0>,129,23,[ 2 12],130,-1,166,-1,143
1,<environment.Job instance at 0x7f21a0fd8f00>,131,25,[7 3],132,-1,182,-1,157
1,<environment.Job instance at 0x7f21a0fd8b90>,132,23,[12  5],133,-1,180,-1,157
1,<environment.Job instance at 0x7f21a0fd8eb0>,133,28,[11  2],134,-1,185,-1,157
1,<environment.Job instance at 0x7f21a0fd8a00>,134,27,[11  2],135,-1,184,-1,157
1,<environment.Job instance at 0x7f21a0fd8780>,135,24,[6 4],136,-1,189,-1,165
1,<environment.Job instance at 0x7f21a0fd85f0>,136,17,[ 4 13],137,-1,182,-1,165
1,<environment.Job instance at 0x7f21a0fd8a50>,138,13,[12  5],139,-1,178,-1,165
1,<environment.Job instance at 0x7f21a1b849b0>,1,19,[ 4 13],2,-1,21,-1,2
1,<environment.Job instance at 0x7f21a14053c0>,2,21,[ 5 12],3,-1,24,-1,3
1,<environment.Job instance at 0x7f21a1405730>,3,20,[14  2],4,-1,24,-1,4
1,<environment.Job instance at 0x7f21a1405fa0>,5,19,[ 5 14],6,-1,25,-1,6
1,<environment.Job instance at 0x7f21a1405a50>,6,16,[12  5],7,-1,23,-1,7
1,<environment.Job instance at 0x7f21a1405140>,7,12,[ 1 12],8,-1,20,-1,8
1,<environment.Job instance at 0x7f21a1405e60>,9,15,[ 1 14],10,-1,25,-1,10
1,<environment.Job instance at 0x7f21a1405820>,13,25,[ 5 11],14,-1,45,-1,20
1,<environment.Job instance at 0x7f21a1405050>,14,19,[ 2 12],15,-1,39,-1,20
1,<environment.Job instance at 0x7f21a20d5a00>,15,26,[11  1],16,-1,46,-1,20
1,<environment.Job instance at 0x7f21a20d55a0>,16,27,[10  2],17,-1,47,-1,20
1,<environment.Job instance at 0x7f21a20d5640>,17,27,[13  1],18,-1,47,-1,20
1,<environment.Job instance at 0x7f21a20d5550>,18,22,[ 2 13],19,-1,42,-1,20
1,<environment.Job instance at 0x7f21a20d5140>,19,12,[ 5 14],20,-1,32,-1,20
1,<environment.Job instance at 0x7f21a0ed1dc0>,20,28,[11  4],21,-1,49,-1,21
1,<environment.Job instance at 0x7f21a0ed1460>,21,23,[13  4],22,-1,45,-1,22
1,<environment.Job instance at 0x7f21a0ed1b40>,22,25,[ 4 12],23,-1,48,-1,23
1,<environment.Job instance at 0x7f21a1c27910>,23,26,[ 5 11],24,-1,50,-1,24
1,<environment.Job instance at 0x7f21a1c276e0>,24,21,[ 4 14],25,-1,46,-1,25
1,<environment.Job instance at 0x7f21a1c27870>,25,17,[ 3 13],26,-1,43,-1,26
1,<environment.Job instance at 0x7f21a1c27370>,26,25,[ 2 10],27,-1,52,-1,27
1,<environment.Job instance at 0x7f21a0ed1230>,28,13,[11  5],29,-1,42,-1,29
1,<environment.Job instance at 0x7f21a1c27b90>,31,21,[11  1],32,-1,66,-1,45
1,<environment.Job instance at 0x7f21a1c27a50>,32,19,[ 3 11],33,-1,64,-1,45
1,<environment.Job instance at 0x7f21a1c271e0>,33,21,[ 1 11],34,-1,66,-1,45
1,<environment.Job instance at 0x7f21a1c27640>,34,25,[11  4],35,-1,70,-1,45
1,<environment.Job instance at 0x7f21a1c273c0>,35,20,[ 3 11],36,-1,65,-1,45
1,<environment.Job instance at 0x7f21a1c27820>,37,21,[ 2 14],38,-1,81,-1,60
1,<environment.Job instance at 0x7f21a1c27460>,38,17,[ 3 12],39,-1,77,-1,60
1,<environment.Job instance at 0x7f21aa98a460>,39,16,[ 4 14],40,-1,76,-1,60
1,<environment.Job instance at 0x7f21aa98ab90>,40,21,[ 1 11],41,-1,81,-1,60
1,<environment.Job instance at 0x7f21a1c27af0>,41,15,[11  5],42,-1,79,-1,64
1,<environment.Job instance at 0x7f21a1c27140>,42,20,[ 2 14],43,-1,84,-1,64
1,<environment.Job instance at 0x7f21aa794820>,43,27,[ 5 12],44,-1,91,-1,64
1,<environment.Job instance at 0x7f21aa7949b0>,44,27,[7 3],45,-1,91,-1,64
1,<environment.Job instance at 0x7f21aa794d70>,45,20,[12  3],46,-1,84,-1,64
1,<environment.Job instance at 0x7f21a2074140>,46,12,[ 3 13],47,-1,76,-1,64
1,<environment.Job instance at 0x7f21a2074b90>,47,25,[12  3],48,-1,89,-1,64
1,<environment.Job instance at 0x7f21a20745f0>,48,23,[11  5],49,-1,87,-1,64
1,<environment.Job instance at 0x7f21a2074410>,49,27,[7 3],50,-1,91,-1,64
1,<environment.Job instance at 0x7f21a2074190>,50,22,[3 9],51,-1,107,-1,85
1,<environment.Job instance at 0x7f21a2074f00>,54,22,[14  5],55,-1,107,-1,85
1,<environment.Job instance at 0x7f21a1c437d0>,55,19,[11  2],56,-1,104,-1,85
1,<environment.Job instance at 0x7f21a1c430f0>,56,22,[10  3],57,-1,107,-1,85
1,<environment.Job instance at 0x7f21a1c43b40>,58,21,[12  5],59,-1,106,-1,85
1,<environment.Job instance at 0x7f21a1c43960>,59,27,[ 2 13],60,-1,112,-1,85
1,<environment.Job instance at 0x7f21a1c43370>,60,21,[ 1 12],61,-1,106,-1,85
1,<environment.Job instance at 0x7f21a0b27410>,64,23,[ 2 12],65,-1,150,-1,127
1,<environment.Job instance at 0x7f21a0b27780>,65,27,[8 3],66,-1,154,-1,127
1,<environment.Job instance at 0x7f21a1a22d70>,66,22,[ 2 12],67,-1,149,-1,127
1,<environment.Job instance at 0x7f21a0b27460>,67,26,[6 4],68,-1,153,-1,127
1,<environment.Job instance at 0x7f21a0b27280>,68,16,[12  2],69,-1,143,-1,127
1,<environment.Job instance at 0x7f21a0b273c0>,69,15,[ 1 14],70,-1,142,-1,127
1,<environment.Job instance at 0x7f21a0b27dc0>,70,22,[14  4],71,-1,149,-1,127
1,<environment.Job instance at 0x7f21a0b27500>,71,15,[13  3],72,-1,142,-1,127
1,<environment.Job instance at 0x7f21a0b27820>,72,17,[ 1 14],73,-1,144,-1,127
1,<environment.Job instance at 0x7f21a21bb9b0>,74,28,[ 5 13],75,-1,169,-1,141
1,<environment.Job instance at 0x7f21a21bb370>,75,22,[12  1],76,-1,163,-1,141
1,<environment.Job instance at 0x7f21a21bbc30>,76,25,[ 5 14],77,-1,166,-1,141
1,<environment.Job instance at 0x7f21a17ccf50>,77,23,[ 2 11],78,-1,164,-1,141
1,<environment.Job instance at 0x7f21a17cc9b0>,78,26,[ 4 11],79,-1,167,-1,141
1,<environment.Job instance at 0x7f21a17ccb40>,79,27,[13  5],80,-1,168,-1,141
1,<environment.Job instance at 0x7f21a17cc0f0>,80,25,[11  4],81,-1,166,-1,141
1,<environment.Job instance at 0x7f21a17cc410>,81,14,[14  4],82,-1,155,-1,141
1,<environment.Job instance at 0x7f21a1c39640>,82,26,[ 5 12],83,-1,167,-1,141
1,<environment.Job instance at 0x7f21a1c39b90>,83,18,[ 1 12],84,-1,159,-1,141
1,<environment.Job instance at 0x7f21a1c39370>,84,27,[4 5],85,-1,168,-1,141
1,<environment.Job instance at 0x7f21a1c39e10>,85,24,[ 3 11],86,-1,165,-1,141
1,<environment.Job instance at 0x7f21a1c39460>,86,24,[14  2],87,-1,165,-1,141
1,<environment.Job instance at 0x7f21a1c39690>,88,19,[ 3 11],89,-1,166,-1,147
1,<environment.Job instance at 0x7f21a1c39960>,89,15,[13  2],90,-1,162,-1,147
1,<environment.Job instance at 0x7f21a1c39280>,90,13,[11  2],91,-1,160,-1,147
1,<environment.Job instance at 0x7f21a1c39550>,91,24,[4 6],92,-1,171,-1,147
1,<environment.Job instance at 0x7f21a1c39aa0>,92,28,[ 3 14],93,-1,175,-1,147
1,<environment.Job instance at 0x7f21a1c39730>,93,25,[3 7],94,-1,172,-1,147
1,<environment.Job instance at 0x7f21a1cc0690>,2,21,[ 3 14],3,-1,24,-1,3
1,<environment.Job instance at 0x7f21a20ce3c0>,3,19,[12  4],4,-1,23,-1,4
1,<environment.Job instance at 0x7f21a1e80910>,5,21,[ 1 12],6,-1,27,-1,6
1,<environment.Job instance at 0x7f21a15b1f00>,4,19,[11  1],5,-1,25,-1,6
1,<environment.Job instance at 0x7f21a20cdf50>,6,22,[14  4],7,-1,29,-1,7
1,<environment.Job instance at 0x7f21a12775a0>,7,14,[ 1 11],8,-1,22,-1,8
1,<environment.Job instance at 0x7f21a10ef3c0>,8,26,[1 8],9,-1,35,-1,9
1,<environment.Job instance at 0x7f21a10efa00>,9,19,[ 1 13],10,-1,29,-1,10
1,<environment.Job instance at 0x7f21a10efbe0>,10,26,[ 2 10],11,-1,37,-1,11
1,<environment.Job instance at 0x7f21a1277f00>,12,27,[ 1 12],13,-1,40,-1,13
1,<environment.Job instance at 0x7f21a10efc30>,13,24,[5 5],14,-1,38,-1,14
1,<environment.Job instance at 0x7f21a10ef870>,11,19,[14  4],12,-1,33,-1,14
1,<environment.Job instance at 0x7f21a10ef910>,14,23,[ 3 12],15,-1,38,-1,15
1,<environment.Job instance at 0x7f21a10ef5f0>,15,26,[ 5 13],16,-1,42,-1,16
1,<environment.Job instance at 0x7f21a10ef460>,17,15,[11  1],18,-1,33,-1,18
1,<environment.Job instance at 0x7f21a10ef690>,16,19,[12  2],17,-1,37,-1,18
1,<environment.Job instance at 0x7f21a10ef280>,19,14,[11  3],20,-1,34,-1,20
1,<environment.Job instance at 0x7f21a10e5640>,20,12,[ 3 11],21,-1,33,-1,21
1,<environment.Job instance at 0x7f21a10e5f00>,23,23,[ 5 12],24,-1,47,-1,24
1,<environment.Job instance at 0x7f21a10e5d70>,24,27,[6 1],25,-1,52,-1,25
1,<environment.Job instance at 0x7f21a10e5230>,25,20,[ 1 11],26,-1,46,-1,26
1,<environment.Job instance at 0x7f21a10e58c0>,26,15,[12  2],27,-1,42,-1,27
1,<environment.Job instance at 0x7f21a10efe10>,18,19,[13  4],19,-1,46,-1,27
1,<environment.Job instance at 0x7f21a10e5dc0>,27,24,[12  4],28,-1,52,-1,28
1,<environment.Job instance at 0x7f21a10e52d0>,28,23,[11  3],29,-1,52,-1,29
1,<environment.Job instance at 0x7f21a10f8320>,29,25,[11  5],30,-1,55,-1,30
1,<environment.Job instance at 0x7f21a10f8370>,30,26,[ 5 13],31,-1,57,-1,31
1,<environment.Job instance at 0x7f21a10f82d0>,31,19,[ 3 12],32,-1,51,-1,32
1,<environment.Job instance at 0x7f21a10f8b90>,32,25,[12  3],33,-1,58,-1,33
1,<environment.Job instance at 0x7f21a129b820>,33,14,[ 5 12],34,-1,48,-1,34
1,<environment.Job instance at 0x7f21a126a910>,34,20,[ 3 14],35,-1,55,-1,35
1,<environment.Job instance at 0x7f21a14293c0>,35,24,[13  2],36,-1,60,-1,36
1,<environment.Job instance at 0x7f21a1558690>,43,22,[12  2],44,-1,68,-1,46
1,<environment.Job instance at 0x7f21a153e320>,45,21,[12  3],46,-1,69,-1,48
1,<environment.Job instance at 0x7f21a14550a0>,46,28,[6 2],47,-1,76,-1,48
1,<environment.Job instance at 0x7f21a1528f00>,47,21,[ 2 11],48,-1,69,-1,48
1,<environment.Job instance at 0x7f21a1b72d70>,48,25,[8 3],49,-1,74,-1,49
1,<environment.Job instance at 0x7f21a1b727d0>,49,25,[ 1 13],50,-1,75,-1,50
1,<environment.Job instance at 0x7f21a110eb40>,50,27,[3 8],51,-1,78,-1,51
1,<environment.Job instance at 0x7f21a110e0f0>,51,27,[11  5],52,-1,79,-1,52
1,<environment.Job instance at 0x7f21a110e640>,52,24,[14  3],53,-1,77,-1,53
1,<environment.Job instance at 0x7f21a153cbe0>,53,26,[ 1 12],54,-1,80,-1,54
1,<environment.Job instance at 0x7f21a153c370>,54,24,[13  1],55,-1,79,-1,55
1,<environment.Job instance at 0x7f21a1b72c80>,56,15,[ 4 12],57,-1,80,-1,65
1,<environment.Job instance at 0x7f21a154f5f0>,57,23,[ 5 13],58,-1,88,-1,65
1,<environment.Job instance at 0x7f21a154f410>,58,23,[ 3 13],59,-1,88,-1,65
1,<environment.Job instance at 0x7f21a154f370>,59,26,[12  2],60,-1,91,-1,65
1,<environment.Job instance at 0x7f21a154f870>,60,21,[ 1 12],61,-1,86,-1,65
1,<environment.Job instance at 0x7f21a154fb90>,61,16,[ 2 13],62,-1,81,-1,65
1,<environment.Job instance at 0x7f21a154f3c0>,62,23,[13  1],63,-1,88,-1,65
1,<environment.Job instance at 0x7f21a154fd20>,63,28,[13  4],64,-1,93,-1,65
1,<environment.Job instance at 0x7f21a154fe60>,64,25,[14  3],65,-1,90,-1,65
1,<environment.Job instance at 0x7f21a154f780>,65,15,[12  5],66,-1,81,-1,66
1,<environment.Job instance at 0x7f21a154f730>,66,24,[14  5],67,-1,91,-1,67
1,<environment.Job instance at 0x7f21a154ffa0>,67,25,[ 4 12],68,-1,93,-1,68
1,<environment.Job instance at 0x7f21a154f550>,68,22,[ 2 14],69,-1,91,-1,69
1,<environment.Job instance at 0x7f21a155e230>,69,25,[ 3 13],70,-1,95,-1,70
1,<environment.Job instance at 0x7f21a155e320>,70,25,[13  3],71,-1,96,-1,71
1,<environment.Job instance at 0x7f21a155e0f0>,71,25,[ 2 11],72,-1,97,-1,72
1,<environment.Job instance at 0x7f21a155e1e0>,72,28,[11  3],73,-1,101,-1,73
1,<environment.Job instance at 0x7f21a155e500>,73,18,[13  2],74,-1,92,-1,74
1,<environment.Job instance at 0x7f21a155e550>,74,28,[13  1],75,-1,103,-1,75
1,<environment.Job instance at 0x7f21a1556f50>,75,23,[ 5 13],76,-1,99,-1,76
1,<environment.Job instance at 0x7f21a133f050>,76,23,[ 2 13],77,-1,100,-1,77
1,<environment.Job instance at 0x7f21a133f0f0>,77,28,[ 1 12],78,-1,106,-1,78
1,<environment.Job instance at 0x7f21a133f190>,78,25,[ 2 12],79,-1,104,-1,79
1,<environment.Job instance at 0x7f21a133f230>,79,12,[ 4 14],80,-1,92,-1,80
1,<environment.Job instance at 0x7f21a133f2d0>,80,28,[12  3],81,-1,109,-1,81
1,<environment.Job instance at 0x7f21a133f370>,81,23,[11  2],82,-1,105,-1,82
1,<environment.Job instance at 0x7f21a133f4b0>,83,22,[ 3 13],84,-1,106,-1,84
1,<environment.Job instance at 0x7f21a133f690>,84,27,[ 1 13],85,-1,112,-1,85
1,<environment.Job instance at 0x7f21a133f5a0>,85,23,[12  5],86,-1,109,-1,86
1,<environment.Job instance at 0x7f21a133f6e0>,86,22,[ 3 12],87,-1,109,-1,87
1,<environment.Job instance at 0x7f21a133f780>,87,25,[ 4 12],88,-1,113,-1,88
1,<environment.Job instance at 0x7f21a133f820>,88,13,[11  3],89,-1,102,-1,89
1,<environment.Job instance at 0x7f21a133f8c0>,89,24,[ 5 12],90,-1,114,-1,90
1,<environment.Job instance at 0x7f21a133f960>,90,27,[2 5],91,-1,118,-1,91
1,<environment.Job instance at 0x7f21a133fa00>,91,13,[ 3 13],92,-1,105,-1,92
1,<environment.Job instance at 0x7f21a133faa0>,92,23,[14  4],93,-1,116,-1,93
1,<environment.Job instance at 0x7f21a133fb40>,93,17,[13  5],94,-1,111,-1,94
1,<environment.Job instance at 0x7f21a133fbe0>,94,22,[13  1],95,-1,117,-1,95
1,<environment.Job instance at 0x7f21a133fc80>,95,24,[12  4],96,-1,120,-1,96
1,<environment.Job instance at 0x7f21a133fd20>,96,25,[12  3],97,-1,122,-1,97
1,<environment.Job instance at 0x7f21a133fdc0>,97,27,[11  5],98,-1,125,-1,98
1,<environment.Job instance at 0x7f21a133fe60>,98,25,[ 3 11],99,-1,124,-1,99
1,<environment.Job instance at 0x7f21a133ff00>,99,21,[ 2 13],100,-1,121,-1,100
1,<environment.Job instance at 0x7f21a135b0a0>,101,23,[ 3 11],102,-1,125,-1,102
1,<environment.Job instance at 0x7f21a135b190>,103,21,[ 1 13],104,-1,125,-1,104
1,<environment.Job instance at 0x7f21a135b3c0>,104,28,[14  1],105,-1,133,-1,105
1,<environment.Job instance at 0x7f21a135b140>,105,28,[4 5],106,-1,134,-1,106
1,<environment.Job instance at 0x7f21a135b460>,106,17,[ 3 14],107,-1,124,-1,107
1,<environment.Job instance at 0x7f21a135b500>,107,25,[12  5],108,-1,133,-1,108
1,<environment.Job instance at 0x7f21a135b5a0>,108,16,[ 1 12],109,-1,125,-1,109
1,<environment.Job instance at 0x7f21a135b640>,109,17,[13  2],110,-1,127,-1,110
1,<environment.Job instance at 0x7f21a135b6e0>,110,23,[5 9],111,-1,135,-1,112
1,<environment.Job instance at 0x7f21a154feb0>,111,24,[ 2 14],112,-1,136,-1,112
1,<environment.Job instance at 0x7f21a135b780>,112,22,[11  4],113,-1,135,-1,113
1,<environment.Job instance at 0x7f21a135b8c0>,113,28,[11  2],114,-1,142,-1,114
1,<environment.Job instance at 0x7f21a135b960>,114,28,[ 4 10],115,-1,143,-1,115
1,<environment.Job instance at 0x7f21a135ba00>,115,24,[6 2],116,-1,140,-1,116
1,<environment.Job instance at 0x7f21a135baa0>,116,19,[ 2 13],117,-1,136,-1,117
1,<environment.Job instance at 0x7f21a135bb40>,117,21,[ 5 12],118,-1,139,-1,118
1,<environment.Job instance at 0x7f21a135bbe0>,118,24,[ 4 12],119,-1,143,-1,119
1,<environment.Job instance at 0x7f21a135bd20>,120,26,[12  2],121,-1,147,-1,121
1,<environment.Job instance at 0x7f21a135be60>,121,28,[ 2 14],122,-1,150,-1,122
1,<environment.Job instance at 0x7f21a135b7d0>,122,24,[ 1 11],123,-1,147,-1,123
1,<environment.Job instance at 0x7f21a135bf50>,123,17,[ 3 11],124,-1,141,-1,124
1,<environment.Job instance at 0x7f21a1356050>,124,22,[8 1],125,-1,147,-1,125
1,<environment.Job instance at 0x7f21a1356190>,126,25,[14  1],127,-1,152,-1,127
1,<environment.Job instance at 0x7f21a1356370>,127,20,[11  1],128,-1,148,-1,128
1,<environment.Job instance at 0x7f21a1356280>,128,25,[ 2 14],129,-1,154,-1,129
1,<environment.Job instance at 0x7f21a13563c0>,129,17,[ 2 14],130,-1,147,-1,130
1,<environment.Job instance at 0x7f21a1356460>,130,24,[10  2],131,-1,155,-1,131
1,<environment.Job instance at 0x7f21a135be10>,132,14,[ 5 11],133,-1,151,-1,137
1,<environment.Job instance at 0x7f21a1356690>,133,15,[ 2 13],134,-1,152,-1,137
1,<environment.Job instance at 0x7f21a13567d0>,135,17,[ 2 13],136,-1,154,-1,137
1,<environment.Job instance at 0x7f21a1356870>,136,16,[14  4],137,-1,153,-1,137
1,<environment.Job instance at 0x7f21a13565a0>,137,22,[ 4 14],138,-1,160,-1,138
1,<environment.Job instance at 0x7f21a13569b0>,138,23,[ 3 14],139,-1,162,-1,139
1,<environment.Job instance at 0x7f21a1356af0>,139,15,[13  2],140,-1,155,-1,140
1,<environment.Job instance at 0x7f21a1356b40>,140,16,[12  4],141,-1,157,-1,141
1,<environment.Job instance at 0x7f21a1356be0>,141,16,[11  2],142,-1,158,-1,142
1,<environment.Job instance at 0x7f21a1356c80>,142,17,[ 3 11],143,-1,160,-1,143
1,<environment.Job instance at 0x7f21a1356d20>,143,23,[14  2],144,-1,167,-1,144
1,<environment.Job instance at 0x7f21a1356dc0>,144,24,[5 9],145,-1,169,-1,145
1,<environment.Job instance at 0x7f21a1356e60>,145,12,[12  5],146,-1,158,-1,146
1,<environment.Job instance at 0x7f21a1356f00>,146,28,[ 2 11],147,-1,175,-1,147
1,<environment.Job instance at 0x7f21a1356fa0>,147,26,[9 1],148,-1,174,-1,148
1,<environment.Job instance at 0x7f21a132d0a0>,148,24,[14  5],149,-1,173,-1,149
1,<environment.Job instance at 0x7f21a132d140>,149,23,[14  3],150,-1,173,-1,150
1,<environment.Job instance at 0x7f21a132d1e0>,150,25,[ 1 12],151,-1,176,-1,151
1,<environment.Job instance at 0x7f21a132d280>,151,25,[12  4],152,-1,177,-1,152
1,<environment.Job instance at 0x7f21a20adaa0>,4,19,[11  5],5,-1,24,-1,5
1,<environment.Job instance at 0x7f21a20ad640>,5,24,[ 1 12],6,-1,30,-1,6
1,<environment.Job instance at 0x7f21a20ad8c0>,6,19,[ 1 13],7,-1,26,-1,7
1,<environment.Job instance at 0x7f21a20adeb0>,7,19,[11  4],8,-1,27,-1,8
1,<environment.Job instance at 0x7f21a20ad960>,8,19,[14  5],9,-1,28,-1,9
1,<environment.Job instance at 0x7f21a20ad6e0>,12,27,[ 1 13],13,-1,41,-1,14
1,<environment.Job instance at 0x7f21a20ad4b0>,13,12,[13  2],14,-1,26,-1,14
1,<environment.Job instance at 0x7f21a20add70>,15,26,[2 8],16,-1,48,-1,22
1,<environment.Job instance at 0x7f21a1c30640>,16,23,[4 7],17,-1,45,-1,22
1,<environment.Job instance at 0x7f21a1c309b0>,17,12,[12  2],18,-1,34,-1,22
1,<environment.Job instance at 0x7f21a1c30190>,18,21,[ 3 11],19,-1,43,-1,22
1,<environment.Job instance at 0x7f21a1c30d70>,19,22,[ 2 13],20,-1,44,-1,22
1,<environment.Job instance at 0x7f21a1c303c0>,20,28,[ 4 12],21,-1,50,-1,22
1,<environment.Job instance at 0x7f21a1c30280>,21,20,[ 3 12],22,-1,42,-1,22
1,<environment.Job instance at 0x7f21a1c300a0>,23,18,[11  3],24,-1,42,-1,24
1,<environment.Job instance at 0x7f21a1c30aa0>,25,26,[ 3 12],26,-1,53,-1,27
1,<environment.Job instance at 0x7f21a1c30f50>,26,16,[ 3 14],27,-1,43,-1,27
1,<environment.Job instance at 0x7f21a1c30cd0>,27,14,[ 3 13],28,-1,42,-1,28
1,<environment.Job instance at 0x7f21a1c30730>,28,21,[ 4 14],29,-1,50,-1,29
1,<environment.Job instance at 0x7f21a1c30e60>,29,24,[12  5],30,-1,54,-1,30
1,<environment.Job instance at 0x7f21a1c30910>,30,23,[13  3],31,-1,54,-1,31
1,<environment.Job instance at 0x7f21a1c30500>,31,13,[13  1],32,-1,45,-1,32
1,<environment.Job instance at 0x7f21a1c305f0>,32,17,[12  2],33,-1,50,-1,33
1,<environment.Job instance at 0x7f21a127ee60>,33,24,[ 2 14],34,-1,58,-1,34
1,<environment.Job instance at 0x7f21a127ed70>,34,25,[ 1 10],35,-1,60,-1,35
1,<environment.Job instance at 0x7f21a127e6e0>,35,26,[ 5 11],36,-1,62,-1,36
1,<environment.Job instance at 0x7f21a1c30b90>,37,28,[ 2 12],38,-1,67,-1,39
1,<environment.Job instance at 0x7f21a127e050>,38,28,[13  1],39,-1,67,-1,39
1,<environment.Job instance at 0x7f21a127e690>,39,21,[ 5 13],40,-1,61,-1,40
1,<environment.Job instance at 0x7f21a127e500>,40,24,[13  5],41,-1,65,-1,41
1,<environment.Job instance at 0x7f21a127e370>,41,22,[ 1 14],42,-1,64,-1,42
1,<environment.Job instance at 0x7f21a127e460>,42,26,[ 5 13],43,-1,69,-1,43
1,<environment.Job instance at 0x7f21a127ea00>,43,22,[ 2 13],44,-1,66,-1,44
1,<environment.Job instance at 0x7f21a127e0a0>,44,22,[ 4 14],45,-1,67,-1,45
1,<environment.Job instance at 0x7f21a127eeb0>,45,28,[12  3],46,-1,74,-1,46
1,<environment.Job instance at 0x7f21a1b829b0>,47,19,[ 5 14],48,-1,67,-1,48
1,<environment.Job instance at 0x7f21a1b82730>,48,26,[ 4 12],49,-1,75,-1,49
1,<environment.Job instance at 0x7f21a1b82780>,49,21,[14  3],50,-1,71,-1,50
1,<environment.Job instance at 0x7f21a1b82230>,50,17,[11  1],51,-1,68,-1,51
1,<environment.Job instance at 0x7f21a1b82d20>,51,28,[12  4],52,-1,80,-1,52
1,<environment.Job instance at 0x7f21a1b82960>,52,19,[11  4],53,-1,72,-1,53
1,<environment.Job instance at 0x7f21a1b824b0>,53,22,[14  4],54,-1,76,-1,54
1,<environment.Job instance at 0x7f21a1b826e0>,54,26,[12  2],55,-1,81,-1,55
1,<environment.Job instance at 0x7f21a1b82d70>,55,26,[ 4 14],56,-1,82,-1,56
1,<environment.Job instance at 0x7f21a1b82eb0>,56,25,[13  5],57,-1,82,-1,57
1,<environment.Job instance at 0x7f21a1b825f0>,57,22,[11  2],58,-1,80,-1,58
1,<environment.Job instance at 0x7f21a127e640>,58,25,[7 1],59,-1,85,-1,60
1,<environment.Job instance at 0x7f21a1b82280>,60,16,[13  2],61,-1,77,-1,61
1,<environment.Job instance at 0x7f21a1b823c0>,61,16,[11  2],62,-1,78,-1,62
1,<environment.Job instance at 0x7f21a1b820a0>,62,26,[ 4 13],63,-1,89,-1,63
1,<environment.Job instance at 0x7f21a1b82190>,63,24,[14  3],64,-1,88,-1,64
1,<environment.Job instance at 0x7f21a1b77550>,64,22,[11  4],65,-1,88,-1,66
1,<environment.Job instance at 0x7f21a1b772d0>,66,20,[11  4],67,-1,87,-1,67
1,<environment.Job instance at 0x7f21a1b77780>,67,14,[ 4 14],68,-1,82,-1,68
1,<environment.Job instance at 0x7f21a1b77aa0>,69,24,[11  5],70,-1,99,-1,75
1,<environment.Job instance at 0x7f21a1b77cd0>,70,26,[14  2],71,-1,101,-1,75
1,<environment.Job instance at 0x7f21a1b77e60>,71,12,[13  4],72,-1,87,-1,75
1,<environment.Job instance at 0x7f21a1b77b90>,72,21,[ 1 14],73,-1,96,-1,75
1,<environment.Job instance at 0x7f21a1b77190>,73,26,[ 1 14],74,-1,101,-1,75
1,<environment.Job instance at 0x7f21a1b77f00>,74,28,[ 4 13],75,-1,103,-1,75
1,<environment.Job instance at 0x7f21a1b77f50>,75,27,[ 5 10],76,-1,103,-1,76
1,<environment.Job instance at 0x7f21a1b77050>,76,22,[ 1 11],77,-1,99,-1,77
1,<environment.Job instance at 0x7f21a1b770a0>,77,21,[ 1 11],78,-1,99,-1,78
1,<environment.Job instance at 0x7f21a1b77af0>,78,20,[ 5 13],79,-1,99,-1,79
1,<environment.Job instance at 0x7f21a1b77c80>,79,27,[ 5 13],80,-1,107,-1,80
1,<environment.Job instance at 0x7f21a1b776e0>,80,15,[ 3 13],81,-1,96,-1,81
1,<environment.Job instance at 0x7f21a1b779b0>,81,18,[ 2 11],82,-1,100,-1,82
1,<environment.Job instance at 0x7f21a1b77c30>,82,18,[ 2 12],83,-1,101,-1,83
1,<environment.Job instance at 0x7f21a1b77a50>,83,22,[ 2 11],84,-1,106,-1,84
1,<environment.Job instance at 0x7f21a1b77500>,86,24,[14  3],87,-1,116,-1,92
1,<environment.Job instance at 0x7f21a1b4a050>,87,24,[ 2 12],88,-1,116,-1,92
1,<environment.Job instance at 0x7f21a1b4aa50>,92,24,[ 2 12],93,-1,155,-1,131
1,<environment.Job instance at 0x7f21a1b4a1e0>,93,23,[7 1],94,-1,154,-1,131
1,<environment.Job instance at 0x7f21a1b4ab40>,94,23,[11  3],95,-1,154,-1,131
1,<environment.Job instance at 0x7f21a1b4ad20>,95,26,[ 1 13],96,-1,157,-1,131
1,<environment.Job instance at 0x7f21a1b4a320>,96,24,[12  4],97,-1,155,-1,131
1,<environment.Job instance at 0x7f21a1b4af50>,97,19,[ 2 12],98,-1,150,-1,131
1,<environment.Job instance at 0x7f21a1b4ae60>,98,27,[ 1 14],99,-1,158,-1,131
1,<environment.Job instance at 0x7f21a1b4aaa0>,99,20,[ 3 12],100,-1,151,-1,131
1,<environment.Job instance at 0x7f21a1b4aaf0>,100,19,[ 4 12],101,-1,150,-1,131
1,<environment.Job instance at 0x7f21a1b4ab90>,101,28,[ 5 13],102,-1,159,-1,131
1,<environment.Job instance at 0x7f21a1b4a5a0>,102,17,[ 2 14],103,-1,148,-1,131
1,<environment.Job instance at 0x7f21a1b4a6e0>,103,27,[12  4],104,-1,158,-1,131
1,<environment.Job instance at 0x7f21a1b4a8c0>,104,28,[11  2],105,-1,159,-1,131
1,<environment.Job instance at 0x7f21a1b4adc0>,105,17,[ 2 14],106,-1,148,-1,131
1,<environment.Job instance at 0x7f21a1d41370>,106,26,[12  5],107,-1,157,-1,131
1,<environment.Job instance at 0x7f21a1d41410>,107,25,[ 3 13],108,-1,156,-1,131
1,<environment.Job instance at 0x7f21a1d414b0>,108,22,[ 4 11],109,-1,153,-1,131
1,<environment.Job instance at 0x7f21a1d41550>,109,25,[ 1 12],110,-1,156,-1,131
1,<environment.Job instance at 0x7f21a1d415f0>,110,20,[11  1],111,-1,151,-1,131
1,<environment.Job instance at 0x7f21a1d41500>,114,19,[ 1 13],115,-1,179,-1,160
1,<environment.Job instance at 0x7f21a1d41fa0>,116,26,[ 5 12],117,-1,192,-1,166
1,<environment.Job instance at 0x7f21a1d41190>,118,22,[14  1],119,-1,198,-1,176
1,<environment.Job instance at 0x7f21a1d41d70>,119,25,[8 2],120,-1,201,-1,176
1,<environment.Job instance at 0x7f21a1d41dc0>,120,15,[14  4],121,-1,191,-1,176
1,<environment.Job instance at 0x7f21a1d41870>,121,25,[ 5 10],122,-1,201,-1,176
1,<environment.Job instance at 0x7f21a1d410a0>,122,20,[12  3],123,-1,196,-1,176
1,<environment.Job instance at 0x7f21a1d41e60>,123,20,[ 4 11],124,-1,196,-1,176
1,<environment.Job instance at 0x7f21a20bbbe0>,124,19,[ 2 13],125,-1,195,-1,176
1,<environment.Job instance at 0x7f21a20bb640>,125,15,[14  2],126,-1,191,-1,176
1,<environment.Job instance at 0x7f21a20bb4b0>,126,27,[13  3],127,-1,203,-1,176
1,<environment.Job instance at 0x7f21a20bbfa0>,127,17,[12  1],128,-1,193,-1,176
1,<environment.Job instance at 0x7f21a1c30af0>,1,26,[13  4],2,-1,28,-1,2
1,<environment.Job instance at 0x7f21a0ef9a50>,2,22,[13  3],3,-1,25,-1,3
1,<environment.Job instance at 0x7f21a20bfc30>,3,24,[ 5 11],4,-1,28,-1,4
1,<environment.Job instance at 0x7f21a126d960>,4,22,[ 4 11],5,-1,27,-1,5
1,<environment.Job instance at 0x7f21aada3320>,5,25,[ 5 14],6,-1,31,-1,6
1,<environment.Job instance at 0x7f21a146d820>,6,24,[ 5 11],7,-1,31,-1,7
1,<environment.Job instance at 0x7f21a146daa0>,7,20,[13  1],8,-1,28,-1,8
1,<environment.Job instance at 0x7f21a115d8c0>,8,23,[ 2 14],9,-1,32,-1,9
1,<environment.Job instance at 0x7f21a1475230>,9,27,[9 4],10,-1,37,-1,10
1,<environment.Job instance at 0x7f21a1475640>,10,23,[ 3 11],11,-1,34,-1,11
1,<environment.Job instance at 0x7f21a14751e0>,11,12,[12  5],12,-1,24,-1,12
1,<environment.Job instance at 0x7f21a1475c30>,12,23,[14  4],13,-1,36,-1,13
1,<environment.Job instance at 0x7f21a1489f50>,14,21,[13  5],15,-1,36,-1,15
1,<environment.Job instance at 0x7f21a1489c30>,15,27,[11  5],16,-1,43,-1,16
1,<environment.Job instance at 0x7f21a1489eb0>,16,20,[ 1 11],17,-1,37,-1,17
1,<environment.Job instance at 0x7f21a1489140>,17,20,[13  1],18,-1,38,-1,18
1,<environment.Job instance at 0x7f21a20bbfa0>,19,19,[ 3 12],20,-1,39,-1,20
1,<environment.Job instance at 0x7f21a14894b0>,18,22,[11  5],19,-1,42,-1,20
1,<environment.Job instance at 0x7f21a14892d0>,21,21,[ 3 14],22,-1,43,-1,22
1,<environment.Job instance at 0x7f21a1489410>,20,19,[13  3],21,-1,41,-1,22
1,<environment.Job instance at 0x7f21a14897d0>,22,16,[ 2 12],23,-1,39,-1,23
1,<environment.Job instance at 0x7f21a14898c0>,23,23,[ 3 13],24,-1,47,-1,24
1,<environment.Job instance at 0x7f21a14799b0>,25,25,[ 1 14],26,-1,51,-1,26
1,<environment.Job instance at 0x7f21a1479280>,26,21,[ 1 11],27,-1,48,-1,27
1,<environment.Job instance at 0x7f21a1479e60>,27,17,[ 2 14],28,-1,45,-1,28
1,<environment.Job instance at 0x7f21a1479870>,28,25,[2 8],29,-1,54,-1,29
1,<environment.Job instance at 0x7f21a1479550>,29,19,[12  3],30,-1,49,-1,30
1,<environment.Job instance at 0x7f21a1489af0>,31,23,[13  2],32,-1,55,-1,32
1,<environment.Job instance at 0x7f21a1479e10>,30,13,[11  1],31,-1,45,-1,32
1,<environment.Job instance at 0x7f21a1479050>,33,19,[ 3 11],34,-1,53,-1,34
1,<environment.Job instance at 0x7f21a11bfe10>,34,28,[11  3],35,-1,63,-1,35
1,<environment.Job instance at 0x7f21a11bf9b0>,36,27,[14  3],37,-1,64,-1,37
1,<environment.Job instance at 0x7f21a14790a0>,38,25,[ 1 13],39,-1,64,-1,39
1,<environment.Job instance at 0x7f21a11735f0>,37,20,[3 9],38,-1,68,-1,48
1,<environment.Job instance at 0x7f21a1c1fdc0>,42,20,[ 5 11],43,-1,68,-1,48
1,<environment.Job instance at 0x7f21a1c23460>,43,21,[13  4],44,-1,69,-1,48
1,<environment.Job instance at 0x7f21a1c2c640>,44,25,[12  4],45,-1,73,-1,48
1,<environment.Job instance at 0x7f21a1c23140>,45,14,[1 8],46,-1,62,-1,48
1,<environment.Job instance at 0x7f21a1b50f00>,46,12,[13  4],47,-1,60,-1,48
1,<environment.Job instance at 0x7f21a1c41fa0>,47,21,[ 4 12],48,-1,69,-1,48
1,<environment.Job instance at 0x7f21a14c7190>,48,13,[ 2 12],49,-1,62,-1,49
1,<environment.Job instance at 0x7f21a1c06e10>,49,25,[3 8],50,-1,75,-1,50
1,<environment.Job instance at 0x7f21a20f7820>,50,21,[12  5],51,-1,72,-1,51
1,<environment.Job instance at 0x7f21a14b5a50>,51,21,[ 5 11],52,-1,73,-1,52
1,<environment.Job instance at 0x7f21a14b5280>,52,21,[ 1 11],53,-1,74,-1,53
1,<environment.Job instance at 0x7f21a14b5e60>,53,21,[12  4],54,-1,75,-1,54
1,<environment.Job instance at 0x7f21a14e03c0>,54,21,[13  3],55,-1,76,-1,55
1,<environment.Job instance at 0x7f21a14e0870>,55,27,[3 5],56,-1,83,-1,56
1,<environment.Job instance at 0x7f21a14e0c80>,56,25,[5 9],57,-1,82,-1,57
1,<environment.Job instance at 0x7f21a1b67be0>,57,27,[ 1 14],58,-1,85,-1,58
1,<environment.Job instance at 0x7f21a1b678c0>,58,24,[9 3],59,-1,83,-1,59
1,<environment.Job instance at 0x7f21a14d2aa0>,59,23,[ 2 14],60,-1,83,-1,60
1,<environment.Job instance at 0x7f21a14a3550>,60,19,[ 5 13],61,-1,80,-1,61
1,<environment.Job instance at 0x7f21a14a3820>,61,14,[1 7],62,-1,76,-1,62
1,<environment.Job instance at 0x7f21a14a3640>,62,18,[ 5 14],63,-1,81,-1,63
1,<environment.Job instance at 0x7f21a14a36e0>,63,15,[12  2],64,-1,79,-1,64
1,<environment.Job instance at 0x7f21a14a3320>,64,27,[13  3],65,-1,92,-1,65
1,<environment.Job instance at 0x7f21a14a3a50>,65,22,[1 7],66,-1,88,-1,66
1,<environment.Job instance at 0x7f21a14a3960>,66,25,[ 5 12],67,-1,92,-1,67
1,<environment.Job instance at 0x7f21a14a3910>,67,27,[ 5 14],68,-1,95,-1,68
1,<environment.Job instance at 0x7f21a14a3d70>,68,19,[13  4],69,-1,88,-1,69
1,<environment.Job instance at 0x7f21a14a3f00>,69,27,[14  3],70,-1,97,-1,70
1,<environment.Job instance at 0x7f21a14a3780>,70,26,[ 1 12],71,-1,97,-1,71
1,<environment.Job instance at 0x7f21a14a3af0>,71,28,[ 3 14],72,-1,100,-1,72
1,<environment.Job instance at 0x7f21a14e1dc0>,72,26,[13  5],73,-1,99,-1,73
1,<environment.Job instance at 0x7f21a14e11e0>,73,13,[ 4 11],74,-1,87,-1,74
1,<environment.Job instance at 0x7f21a14e10f0>,74,18,[14  3],75,-1,93,-1,75
1,<environment.Job instance at 0x7f21a14e10a0>,75,28,[14  5],76,-1,104,-1,76
1,<environment.Job instance at 0x7f21a14e1320>,76,27,[ 5 11],77,-1,104,-1,77
1,<environment.Job instance at 0x7f21a14e1050>,77,23,[ 4 12],78,-1,101,-1,78
1,<environment.Job instance at 0x7f21a14e1460>,78,27,[ 2 12],79,-1,106,-1,79
1,<environment.Job instance at 0x7f21a14e1370>,79,26,[ 3 14],80,-1,106,-1,80
1,<environment.Job instance at 0x7f21a1b7ce60>,80,28,[ 1 13],81,-1,109,-1,81
1,<environment.Job instance at 0x7f21a1b7cf00>,81,19,[14  3],82,-1,101,-1,82
1,<environment.Job instance at 0x7f21a1b7cfa0>,82,27,[1 7],83,-1,110,-1,83
1,<environment.Job instance at 0x7f21a1b610a0>,83,24,[ 1 14],84,-1,108,-1,84
1,<environment.Job instance at 0x7f21a1b611e0>,85,21,[ 3 13],86,-1,107,-1,86
1,<environment.Job instance at 0x7f21a1b613c0>,86,28,[9 5],87,-1,115,-1,87
1,<environment.Job instance at 0x7f21a1b612d0>,87,20,[13  1],88,-1,108,-1,88
1,<environment.Job instance at 0x7f21a1b61410>,88,19,[ 2 13],89,-1,108,-1,89
1,<environment.Job instance at 0x7f21a1b614b0>,89,28,[11  3],90,-1,118,-1,90
1,<environment.Job instance at 0x7f21a1b61550>,90,23,[11  2],91,-1,114,-1,91
1,<environment.Job instance at 0x7f21a1b615f0>,91,22,[12  2],92,-1,114,-1,92
1,<environment.Job instance at 0x7f21a1b61690>,92,24,[ 5 12],93,-1,117,-1,93
1,<environment.Job instance at 0x7f21a1b61730>,93,28,[ 5 10],94,-1,122,-1,94
1,<environment.Job instance at 0x7f21a1b617d0>,94,21,[ 4 13],95,-1,116,-1,95
1,<environment.Job instance at 0x7f21a1b61910>,96,28,[ 4 14],97,-1,125,-1,97
1,<environment.Job instance at 0x7f21a1b61af0>,97,21,[5 9],98,-1,130,-1,109
1,<environment.Job instance at 0x7f21a1b50960>,98,20,[11  1],99,-1,129,-1,109
1,<environment.Job instance at 0x7f21a1b61a00>,99,27,[14  2],100,-1,136,-1,109
1,<environment.Job instance at 0x7f21a1b619b0>,100,28,[12  4],101,-1,137,-1,109
1,<environment.Job instance at 0x7f21a1b61c30>,101,13,[ 4 14],102,-1,122,-1,109
1,<environment.Job instance at 0x7f21a1b61d20>,102,16,[ 5 13],103,-1,125,-1,109
1,<environment.Job instance at 0x7f21a1b61d70>,103,24,[14  4],104,-1,133,-1,109
1,<environment.Job instance at 0x7f21a1b61cd0>,104,25,[ 4 13],105,-1,134,-1,109
1,<environment.Job instance at 0x7f21a1b61fa0>,105,20,[13  1],106,-1,129,-1,109
1,<environment.Job instance at 0x7f21a1b61f50>,106,27,[10  4],107,-1,136,-1,109
1,<environment.Job instance at 0x7f21a1b782d0>,109,24,[ 4 10],110,-1,134,-1,110
1,<environment.Job instance at 0x7f21a1b783c0>,110,26,[ 4 13],111,-1,137,-1,111
1,<environment.Job instance at 0x7f21a1b78230>,111,25,[12  3],112,-1,137,-1,112
1,<environment.Job instance at 0x7f21a1b78460>,112,23,[7 4],113,-1,136,-1,113
1,<environment.Job instance at 0x7f21a1b78500>,113,23,[ 5 13],114,-1,137,-1,114
1,<environment.Job instance at 0x7f21a1b785a0>,114,12,[12  2],115,-1,127,-1,115
1,<environment.Job instance at 0x7f21a1b78640>,115,16,[11  5],116,-1,132,-1,116
1,<environment.Job instance at 0x7f21a1b786e0>,116,19,[ 3 12],117,-1,136,-1,117
1,<environment.Job instance at 0x7f21a1b78780>,117,20,[ 3 12],118,-1,138,-1,118
1,<environment.Job instance at 0x7f21a1b78820>,118,25,[11  1],119,-1,144,-1,119
1,<environment.Job instance at 0x7f21a1b788c0>,119,26,[ 3 14],120,-1,146,-1,120
1,<environment.Job instance at 0x7f21a1b78960>,120,26,[14  1],121,-1,147,-1,121
1,<environment.Job instance at 0x7f21a1b78a00>,121,19,[14  5],122,-1,141,-1,122
1,<environment.Job instance at 0x7f21a1b78aa0>,122,26,[5 9],123,-1,149,-1,123
1,<environment.Job instance at 0x7f21a1b78b40>,123,20,[ 4 12],124,-1,144,-1,124
1,<environment.Job instance at 0x7f21a1b78be0>,124,26,[ 2 12],125,-1,151,-1,125
1,<environment.Job instance at 0x7f21a1b78c80>,125,14,[ 3 14],126,-1,140,-1,126
1,<environment.Job instance at 0x7f21a1b78d20>,126,22,[11  2],127,-1,149,-1,127
1,<environment.Job instance at 0x7f21a1b78dc0>,127,28,[6 5],128,-1,156,-1,128
1,<environment.Job instance at 0x7f21a1b78e60>,128,16,[14  5],129,-1,145,-1,129
1,<environment.Job instance at 0x7f21a1b78f00>,129,24,[14  1],130,-1,154,-1,130
1,<environment.Job instance at 0x7f21a1b78fa0>,130,23,[ 5 12],131,-1,154,-1,131
1,<environment.Job instance at 0x7f21a1b73140>,132,27,[11  1],133,-1,160,-1,133
1,<environment.Job instance at 0x7f21a1b73320>,133,24,[ 5 14],134,-1,158,-1,134
1,<environment.Job instance at 0x7f21a1b73370>,135,15,[12  1],136,-1,151,-1,136
1,<environment.Job instance at 0x7f21a1b73550>,136,23,[13  4],137,-1,160,-1,137
1,<environment.Job instance at 0x7f21a1b73460>,137,14,[11  2],138,-1,152,-1,138
1,<environment.Job instance at 0x7f21a1b735a0>,138,23,[ 5 12],139,-1,162,-1,139
1,<environment.Job instance at 0x7f21a1b73640>,139,27,[13  3],140,-1,167,-1,140
1,<environment.Job instance at 0x7f21a1b736e0>,140,25,[5 4],141,-1,166,-1,141
1,<environment.Job instance at 0x7f21a1b73820>,142,24,[ 4 13],143,-1,167,-1,143
1,<environment.Job instance at 0x7f21a1b739b0>,143,22,[ 1 13],144,-1,166,-1,144
1,<environment.Job instance at 0x7f21a1b73870>,144,20,[2 8],145,-1,170,-1,150
1,<environment.Job instance at 0x7f21a1b780f0>,145,16,[ 1 13],146,-1,166,-1,150
1,<environment.Job instance at 0x7f21a1b73a50>,146,27,[13  5],147,-1,177,-1,150
1,<environment.Job instance at 0x7f21a1b73aa0>,147,26,[1 8],148,-1,176,-1,150
1,<environment.Job instance at 0x7f21a1b73be0>,148,24,[5 3],149,-1,174,-1,150
1,<environment.Job instance at 0x7f21a1b73c80>,149,20,[13  3],150,-1,170,-1,150
1,<environment.Job instance at 0x7f21a1b73d20>,150,13,[11  1],151,-1,164,-1,151
1,<environment.Job instance at 0x7f21a1b73e10>,151,23,[12  2],152,-1,175,-1,152
1,<environment.Job instance at 0x7f21a1b61230>,1,26,[11  3],2,-1,28,-1,2
1,<environment.Job instance at 0x7f21a1b73e60>,2,27,[12  1],3,-1,30,-1,3
1,<environment.Job instance at 0x7f21a1b73e10>,4,13,[11  3],5,-1,18,-1,5
1,<environment.Job instance at 0x7f21a15d3190>,5,20,[14  5],6,-1,26,-1,6
1,<environment.Job instance at 0x7f21a15d3c80>,6,24,[ 1 13],7,-1,31,-1,7
1,<environment.Job instance at 0x7f21a15d34b0>,7,20,[12  2],8,-1,28,-1,8
1,<environment.Job instance at 0x7f21a15d3500>,3,19,[14  2],4,-1,27,-1,8
1,<environment.Job instance at 0x7f21a15d3780>,8,26,[12  5],9,-1,35,-1,9
1,<environment.Job instance at 0x7f21a15d3af0>,9,27,[ 5 13],10,-1,37,-1,10
1,<environment.Job instance at 0x7f21a15d3be0>,10,28,[13  2],11,-1,39,-1,11
1,<environment.Job instance at 0x7f21a15d38c0>,11,14,[ 2 13],12,-1,26,-1,12
1,<environment.Job instance at 0x7f21aac83b40>,12,28,[ 5 14],13,-1,41,-1,13
1,<environment.Job instance at 0x7f21a15d3230>,14,13,[ 2 14],15,-1,28,-1,15
1,<environment.Job instance at 0x7f21aac83a00>,15,24,[ 3 14],16,-1,40,-1,16
1,<environment.Job instance at 0x7f21aac83c80>,16,20,[13  3],17,-1,37,-1,17
1,<environment.Job instance at 0x7f21aac83b90>,17,21,[13  3],18,-1,39,-1,18
1,<environment.Job instance at 0x7f21aac839b0>,18,28,[ 2 14],19,-1,47,-1,19
1,<environment.Job instance at 0x7f21aac83690>,19,19,[13  2],20,-1,39,-1,20
1,<environment.Job instance at 0x7f21aac83be0>,13,22,[14  3],14,-1,42,-1,20
1,<environment.Job instance at 0x7f21a0bf6870>,23,22,[8 4],24,-1,73,-1,51
1,<environment.Job instance at 0x7f21a0bf64b0>,30,19,[14  5],31,-1,70,-1,51
1,<environment.Job instance at 0x7f21a0bf6f00>,31,27,[ 1 12],32,-1,78,-1,51
1,<environment.Job instance at 0x7f21a0bf6a50>,32,23,[ 5 11],33,-1,74,-1,51
1,<environment.Job instance at 0x7f21a0bf6640>,33,16,[12  1],34,-1,67,-1,51
1,<environment.Job instance at 0x7f21a0bf6fa0>,34,26,[14  2],35,-1,77,-1,51
1,<environment.Job instance at 0x7f21a0bf66e0>,35,14,[13  2],36,-1,65,-1,51
1,<environment.Job instance at 0x7f21a0bf6050>,36,22,[7 2],37,-1,73,-1,51
1,<environment.Job instance at 0x7f21a0bf6190>,37,27,[12  1],38,-1,78,-1,51
1,<environment.Job instance at 0x7f21a0bf6410>,38,24,[12  1],39,-1,75,-1,51
1,<environment.Job instance at 0x7f21a0bf6dc0>,39,23,[ 5 12],40,-1,74,-1,51
1,<environment.Job instance at 0x7f21a0bf6af0>,40,19,[2 5],41,-1,70,-1,51
1,<environment.Job instance at 0x7f21a0bf6820>,41,22,[14  4],42,-1,73,-1,51
1,<environment.Job instance at 0x7f21a0bf6e60>,42,21,[4 5],43,-1,72,-1,51
1,<environment.Job instance at 0x7f21a175de10>,43,19,[14  2],44,-1,70,-1,51
1,<environment.Job instance at 0x7f21a175d410>,44,26,[ 3 10],45,-1,77,-1,51
1,<environment.Job instance at 0x7f21a175d280>,45,28,[12  3],46,-1,79,-1,51
1,<environment.Job instance at 0x7f21a175dd20>,46,19,[ 2 11],47,-1,70,-1,51
1,<environment.Job instance at 0x7f21a175d2d0>,47,26,[14  5],48,-1,77,-1,51
1,<environment.Job instance at 0x7f21a175db90>,48,23,[10  4],49,-1,74,-1,51
1,<environment.Job instance at 0x7f21a175d500>,49,24,[7 5],50,-1,75,-1,51
1,<environment.Job instance at 0x7f21a0bf6550>,29,28,[14  1],30,-1,79,-1,51
1,<environment.Job instance at 0x7f21a175d6e0>,51,26,[13  5],52,-1,78,-1,52
1,<environment.Job instance at 0x7f21a175d230>,52,28,[ 1 11],53,-1,82,-1,54
1,<environment.Job instance at 0x7f21a175d0a0>,53,24,[ 3 13],54,-1,78,-1,54
1,<environment.Job instance at 0x7f21a175d5a0>,50,18,[1 8],51,-1,94,-1,76
1,<environment.Job instance at 0x7f21a175de60>,56,25,[14  3],57,-1,101,-1,76
1,<environment.Job instance at 0x7f21a175d690>,57,15,[ 5 13],58,-1,91,-1,76
1,<environment.Job instance at 0x7f21a175d320>,58,27,[5 5],59,-1,103,-1,76
1,<environment.Job instance at 0x7f21a175d190>,59,20,[ 5 13],60,-1,96,-1,76
1,<environment.Job instance at 0x7f21a175d870>,60,23,[14  5],61,-1,99,-1,76
1,<environment.Job instance at 0x7f21a175daa0>,61,25,[12  3],62,-1,101,-1,76
1,<environment.Job instance at 0x7f21a175df00>,62,28,[11  2],63,-1,104,-1,76
1,<environment.Job instance at 0x7f21a175d780>,63,23,[12  3],64,-1,99,-1,76
1,<environment.Job instance at 0x7f21aad56cd0>,64,25,[ 3 13],65,-1,101,-1,76
1,<environment.Job instance at 0x7f21a175d550>,65,24,[ 3 14],66,-1,100,-1,76
1,<environment.Job instance at 0x7f21a0ccb870>,66,20,[11  4],67,-1,96,-1,76
1,<environment.Job instance at 0x7f21aae66d20>,67,20,[11  2],68,-1,96,-1,76
1,<environment.Job instance at 0x7f21a0ccb7d0>,68,20,[ 1 13],69,-1,96,-1,76
1,<environment.Job instance at 0x7f21a0ccbe60>,69,25,[10  3],70,-1,101,-1,76
1,<environment.Job instance at 0x7f21a0ccb500>,71,13,[12  1],72,-1,99,-1,86
1,<environment.Job instance at 0x7f21a0ccb780>,72,20,[12  4],73,-1,106,-1,86
1,<environment.Job instance at 0x7f21a0ccbfa0>,73,26,[ 5 10],74,-1,112,-1,86
1,<environment.Job instance at 0x7f21a0ccbdc0>,74,27,[ 2 13],75,-1,113,-1,86
1,<environment.Job instance at 0x7f21a0ccb3c0>,75,20,[ 2 14],76,-1,106,-1,86
1,<environment.Job instance at 0x7f21a0ccb190>,76,20,[ 3 11],77,-1,106,-1,86
1,<environment.Job instance at 0x7f21a0ccbbe0>,77,20,[ 4 11],78,-1,106,-1,86
1,<environment.Job instance at 0x7f21a0ccbc30>,78,26,[ 2 11],79,-1,112,-1,86
1,<environment.Job instance at 0x7f21a0ccbc80>,79,20,[14  4],80,-1,106,-1,86
1,<environment.Job instance at 0x7f21a0ccb410>,80,16,[ 4 12],81,-1,102,-1,86
1,<environment.Job instance at 0x7f21a11dfd70>,82,26,[ 1 12],83,-1,113,-1,87
1,<environment.Job instance at 0x7f21a11dfe10>,83,24,[13  3],84,-1,111,-1,87
1,<environment.Job instance at 0x7f21a11dfe60>,84,12,[12  2],85,-1,99,-1,87
1,<environment.Job instance at 0x7f21a11df4b0>,85,28,[ 5 11],86,-1,115,-1,87
1,<environment.Job instance at 0x7f21a11df820>,86,16,[14  4],87,-1,103,-1,87
1,<environment.Job instance at 0x7f21a0bf60f0>,25,24,[11  1],26,-1,111,-1,87
1,<environment.Job instance at 0x7f21a175dc30>,55,24,[14  5],56,-1,111,-1,87
1,<environment.Job instance at 0x7f21a11df2d0>,88,20,[ 2 14],89,-1,109,-1,89
1,<environment.Job instance at 0x7f21a11df640>,89,22,[13  5],90,-1,112,-1,90
1,<environment.Job instance at 0x7f21a11df550>,90,22,[ 2 12],91,-1,113,-1,91
1,<environment.Job instance at 0x7f21a11df5a0>,95,25,[5 1],96,-1,144,-1,119
1,<environment.Job instance at 0x7f21a11dff00>,96,27,[14  2],97,-1,146,-1,119
1,<environment.Job instance at 0x7f21a11dfb90>,97,28,[14  4],98,-1,147,-1,119
1,<environment.Job instance at 0x7f21a11df8c0>,98,23,[11  4],99,-1,142,-1,119
1,<environment.Job instance at 0x7f21a1c38e10>,100,20,[ 3 14],101,-1,142,-1,122
1,<environment.Job instance at 0x7f21a1c386e0>,101,13,[1 6],102,-1,135,-1,122
1,<environment.Job instance at 0x7f21a1c38eb0>,103,26,[11  2],104,-1,167,-1,141
1,<environment.Job instance at 0x7f21a1c380f0>,104,27,[14  1],105,-1,168,-1,141
1,<environment.Job instance at 0x7f21a1c38140>,106,28,[13  5],107,-1,175,-1,147
1,<environment.Job instance at 0x7f21a1c389b0>,107,24,[11  2],108,-1,171,-1,147
1,<environment.Job instance at 0x7f21a1c387d0>,108,19,[12  1],109,-1,166,-1,147
1,<environment.Job instance at 0x7f21a1c383c0>,109,19,[ 4 12],110,-1,166,-1,147
1,<environment.Job instance at 0x7f21a1c38280>,110,25,[ 1 11],111,-1,172,-1,147
1,<environment.Job instance at 0x7f21a1c38f50>,111,21,[11  2],112,-1,168,-1,147
1,<environment.Job instance at 0x7f21a1c38640>,112,25,[14  2],113,-1,172,-1,147
1,<environment.Job instance at 0x7f21a1c38d20>,113,24,[ 3 12],114,-1,171,-1,147
1,<environment.Job instance at 0x7f21aad3dc30>,114,23,[ 4 14],115,-1,170,-1,147
1,<environment.Job instance at 0x7f21aad3dc80>,115,27,[14  1],116,-1,174,-1,147
1,<environment.Job instance at 0x7f21aad3da50>,116,26,[ 5 14],117,-1,173,-1,147
1,<environment.Job instance at 0x7f21aad3ddc0>,117,20,[13  3],118,-1,167,-1,147
1,<environment.Job instance at 0x7f21a1c09f50>,118,20,[ 3 13],119,-1,167,-1,147
1,<environment.Job instance at 0x7f21a1c09d20>,119,22,[ 5 14],120,-1,169,-1,147
1,<environment.Job instance at 0x7f21a1c09be0>,120,26,[11  1],121,-1,173,-1,147
1,<environment.Job instance at 0x7f21a1c09690>,121,24,[12  2],122,-1,171,-1,147
1,<environment.Job instance at 0x7f21a1c090f0>,122,24,[ 4 13],123,-1,171,-1,147
1,<environment.Job instance at 0x7f21a1c09dc0>,123,23,[ 2 12],124,-1,170,-1,147
1,<environment.Job instance at 0x7f21a1c09cd0>,124,12,[ 1 13],125,-1,159,-1,147
1,<environment.Job instance at 0x7f21a1c094b0>,125,26,[12  5],126,-1,173,-1,147
1,<environment.Job instance at 0x7f21a1c09410>,126,25,[14  3],127,-1,172,-1,147
1,<environment.Job instance at 0x7f21a1c097d0>,128,24,[7 2],129,-1,182,-1,158
1,<environment.Job instance at 0x7f21a1c09a00>,129,18,[ 1 14],130,-1,176,-1,158
1,<environment.Job instance at 0x7f21a1c095f0>,130,19,[11  5],131,-1,179,-1,160
1,<environment.Job instance at 0x7f21a1c093c0>,131,24,[13  4],132,-1,184,-1,160
1,<environment.Job instance at 0x7f21a1c09960>,132,26,[ 1 13],133,-1,186,-1,160
1,<environment.Job instance at 0x7f21a1c09c80>,133,28,[12  5],134,-1,188,-1,160
1,<environment.Job instance at 0x7f21a1c09500>,134,20,[11  1],135,-1,180,-1,160
1,<environment.Job instance at 0x7f21a1c09460>,135,14,[13  1],136,-1,174,-1,160
1,<environment.Job instance at 0x7f21a1c09320>,136,17,[ 2 13],137,-1,177,-1,160
1,<environment.Job instance at 0x7f21a1c09550>,137,24,[13  1],138,-1,184,-1,160
1,<environment.Job instance at 0x7f21a1bb3a50>,138,19,[13  2],139,-1,179,-1,160
1,<environment.Job instance at 0x7f21a1bb3820>,139,21,[11  2],140,-1,181,-1,160
1,<environment.Job instance at 0x7f21a1bb36e0>,140,25,[ 4 11],141,-1,185,-1,160
1,<environment.Job instance at 0x7f21a0eaf820>,141,25,[ 1 12],142,-1,185,-1,160
1,<environment.Job instance at 0x7f21a197df00>,142,24,[ 2 14],143,-1,184,-1,160
1,<environment.Job instance at 0x7f21a1887640>,143,21,[ 2 13],144,-1,181,-1,160
1,<environment.Job instance at 0x7f21a0a0a690>,2,24,[14  2],3,-1,27,-1,3
1,<environment.Job instance at 0x7f21a0a0a0a0>,3,22,[ 2 14],4,-1,26,-1,4
1,<environment.Job instance at 0x7f21a0a0afa0>,4,14,[ 4 12],5,-1,19,-1,5
1,<environment.Job instance at 0x7f21a0a0aa50>,7,22,[ 3 14],8,-1,30,-1,8
1,<environment.Job instance at 0x7f21a0a0acd0>,8,26,[ 5 11],9,-1,35,-1,9
1,<environment.Job instance at 0x7f21a0a0a5a0>,9,26,[ 4 13],10,-1,36,-1,10
1,<environment.Job instance at 0x7f21a0a0aeb0>,11,24,[11  4],12,-1,36,-1,12
1,<environment.Job instance at 0x7f21a0a0ae60>,12,21,[13  3],13,-1,34,-1,13
1,<environment.Job instance at 0x7f21a0a0a0f0>,13,19,[ 3 11],14,-1,33,-1,14
1,<environment.Job instance at 0x7f21a0a0ac30>,14,14,[ 2 12],15,-1,29,-1,15
1,<environment.Job instance at 0x7f21a0a0a3c0>,15,26,[ 3 10],16,-1,42,-1,16
1,<environment.Job instance at 0x7f21a0a0a140>,16,27,[ 5 12],17,-1,44,-1,17
1,<environment.Job instance at 0x7f21a0a0a910>,17,14,[11  5],18,-1,32,-1,18
1,<environment.Job instance at 0x7f21a0a0a4b0>,18,20,[13  3],19,-1,39,-1,19
1,<environment.Job instance at 0x7f21a0a0a820>,19,26,[13  4],20,-1,46,-1,20
1,<environment.Job instance at 0x7f21a0a0a2d0>,20,25,[ 3 10],21,-1,46,-1,21
1,<environment.Job instance at 0x7f21a0a0a1e0>,21,27,[ 4 11],22,-1,49,-1,22
1,<environment.Job instance at 0x7f21a0a0a730>,22,14,[ 2 11],23,-1,37,-1,23
1,<environment.Job instance at 0x7f21a09dc7d0>,25,27,[ 3 12],26,-1,53,-1,26
1,<environment.Job instance at 0x7f21a09dccd0>,26,23,[14  3],27,-1,50,-1,27
1,<environment.Job instance at 0x7f21a09dc460>,27,22,[3 7],28,-1,58,-1,36
1,<environment.Job instance at 0x7f21a09dcc80>,31,27,[13  3],32,-1,63,-1,36
1,<environment.Job instance at 0x7f21a09dc140>,32,19,[12  3],33,-1,55,-1,36
1,<environment.Job instance at 0x7f21a09dc1e0>,33,16,[11  1],34,-1,52,-1,36
1,<environment.Job instance at 0x7f21a09dc8c0>,34,26,[12  2],35,-1,62,-1,36
1,<environment.Job instance at 0x7f21a09dc370>,35,20,[ 3 14],36,-1,56,-1,36
1,<environment.Job instance at 0x7f21a09dce10>,36,13,[12  4],37,-1,50,-1,37
1,<environment.Job instance at 0x7f21a09dcaf0>,37,28,[12  3],38,-1,66,-1,38
1,<environment.Job instance at 0x7f21a09dc550>,38,24,[ 1 14],39,-1,63,-1,39
1,<environment.Job instance at 0x7f21a09dc5f0>,39,23,[13  1],40,-1,63,-1,40
1,<environment.Job instance at 0x7f21a09dc910>,40,22,[ 3 13],41,-1,63,-1,41
1,<environment.Job instance at 0x7f21a09dcb40>,41,20,[ 3 13],42,-1,62,-1,42
1,<environment.Job instance at 0x7f21a09dc410>,42,19,[11  4],43,-1,63,-1,44
1,<environment.Job instance at 0x7f21a09dc500>,44,21,[3 5],45,-1,67,-1,46
1,<environment.Job instance at 0x7f21a09dc730>,45,20,[14  3],46,-1,66,-1,46
1,<environment.Job instance at 0x7f21a1700550>,46,19,[14  4],47,-1,66,-1,47
1,<environment.Job instance at 0x7f21a1700190>,47,16,[14  4],48,-1,64,-1,48
1,<environment.Job instance at 0x7f21a17002d0>,48,26,[ 2 12],49,-1,75,-1,49
1,<environment.Job instance at 0x7f21a1700280>,49,19,[12  2],50,-1,69,-1,50
1,<environment.Job instance at 0x7f21a1700e10>,50,25,[ 5 12],51,-1,76,-1,51
1,<environment.Job instance at 0x7f21a1700050>,51,25,[14  5],52,-1,77,-1,52
1,<environment.Job instance at 0x7f21a1700370>,52,24,[14  2],53,-1,77,-1,53
1,<environment.Job instance at 0x7f21a17003c0>,54,14,[12  5],55,-1,69,-1,55
1,<environment.Job instance at 0x7f21a1700500>,55,26,[2 7],56,-1,82,-1,56
1,<environment.Job instance at 0x7f21a1700c80>,58,28,[ 2 11],59,-1,100,-1,72
1,<environment.Job instance at 0x7f21a1700230>,59,22,[14  4],60,-1,94,-1,72
1,<environment.Job instance at 0x7f21a1700d20>,60,16,[14  2],61,-1,88,-1,72
1,<environment.Job instance at 0x7f21a1700cd0>,61,15,[11  1],62,-1,87,-1,72
1,<environment.Job instance at 0x7f21a1700aa0>,62,19,[ 1 14],63,-1,91,-1,72
1,<environment.Job instance at 0x7f21a1700a00>,64,13,[ 1 14],65,-1,91,-1,78
1,<environment.Job instance at 0x7f21a1700730>,65,21,[14  3],66,-1,99,-1,78
1,<environment.Job instance at 0x7f21a1700640>,66,21,[ 3 13],67,-1,99,-1,78
1,<environment.Job instance at 0x7f21a1700960>,67,23,[14  5],68,-1,101,-1,78
1,<environment.Job instance at 0x7f21a1224780>,69,12,[12  4],70,-1,100,-1,88
1,<environment.Job instance at 0x7f21a1224550>,70,28,[10  5],71,-1,116,-1,88
1,<environment.Job instance at 0x7f21a1224fa0>,71,14,[13  4],72,-1,102,-1,88
1,<environment.Job instance at 0x7f21a1224690>,72,14,[12  4],73,-1,102,-1,88
1,<environment.Job instance at 0x7f21a1224320>,73,25,[ 1 14],74,-1,113,-1,88
1,<environment.Job instance at 0x7f21a1224500>,74,22,[ 4 11],75,-1,110,-1,88
1,<environment.Job instance at 0x7f21a1224f50>,75,19,[ 4 11],76,-1,107,-1,88
1,<environment.Job instance at 0x7f21a1224c30>,76,25,[14  2],77,-1,113,-1,88
1,<environment.Job instance at 0x7f21a1224cd0>,77,18,[ 5 13],78,-1,106,-1,88
1,<environment.Job instance at 0x7f21a1224460>,78,23,[ 5 13],79,-1,111,-1,88
1,<environment.Job instance at 0x7f21a12244b0>,79,28,[ 1 11],80,-1,116,-1,88
1,<environment.Job instance at 0x7f21a1224640>,80,28,[ 5 11],81,-1,116,-1,88
1,<environment.Job instance at 0x7f21a1224a00>,81,21,[13  4],82,-1,109,-1,88
1,<environment.Job instance at 0x7f21a12242d0>,82,24,[4 9],83,-1,112,-1,88
1,<environment.Job instance at 0x7f21a12241e0>,83,19,[ 3 13],84,-1,107,-1,88
1,<environment.Job instance at 0x7f21a12248c0>,85,28,[ 2 13],86,-1,127,-1,99
1,<environment.Job instance at 0x7f21a12247d0>,86,23,[ 2 12],87,-1,122,-1,99
1,<environment.Job instance at 0x7f21a1224f00>,87,23,[12  3],88,-1,122,-1,99
1,<environment.Job instance at 0x7f21a0c6b640>,88,24,[13  1],89,-1,123,-1,99
1,<environment.Job instance at 0x7f21a11e7cd0>,89,28,[ 2 14],90,-1,127,-1,99
1,<environment.Job instance at 0x7f21a0a089b0>,90,22,[ 1 13],91,-1,121,-1,99
1,<environment.Job instance at 0x7f21a1c0ffa0>,91,22,[12  5],92,-1,121,-1,99
1,<environment.Job instance at 0x7f21a0fd0b90>,92,19,[ 3 12],93,-1,118,-1,99
1,<environment.Job instance at 0x7f21a0fd0500>,93,26,[11  5],94,-1,125,-1,99
1,<environment.Job instance at 0x7f21a0fd0af0>,94,28,[ 4 12],95,-1,127,-1,99
1,<environment.Job instance at 0x7f21a0fd0b40>,95,24,[12  5],96,-1,123,-1,99
1,<environment.Job instance at 0x7f21a0fd0960>,96,21,[ 5 11],97,-1,120,-1,99
1,<environment.Job instance at 0x7f21a0fd09b0>,97,24,[12  2],98,-1,123,-1,99
1,<environment.Job instance at 0x7f21a0fd0d20>,98,14,[ 2 14],99,-1,113,-1,99
1,<environment.Job instance at 0x7f21a0fd02d0>,99,24,[12  5],100,-1,124,-1,100
1,<environment.Job instance at 0x7f21a0fd0a00>,100,27,[ 4 12],101,-1,128,-1,101
1,<environment.Job instance at 0x7f21a0fd0820>,101,26,[6 5],102,-1,128,-1,102
1,<environment.Job instance at 0x7f21a0961d70>,102,25,[ 1 13],103,-1,128,-1,103
1,<environment.Job instance at 0x7f21a0c48f00>,103,26,[ 1 12],104,-1,130,-1,104
1,<environment.Job instance at 0x7f21a1447a50>,104,19,[12  1],105,-1,124,-1,105
1,<environment.Job instance at 0x7f21a1f5cf00>,105,22,[ 2 12],106,-1,128,-1,106
1,<environment.Job instance at 0x7f21a0c68410>,106,15,[12  2],107,-1,122,-1,107
1,<environment.Job instance at 0x7f21a0c68a50>,107,20,[12  3],108,-1,128,-1,108
1,<environment.Job instance at 0x7f21a19f6b90>,108,17,[14  4],109,-1,126,-1,109
1,<environment.Job instance at 0x7f21a13a4af0>,109,26,[ 5 12],110,-1,136,-1,110
1,<environment.Job instance at 0x7f21a16913c0>,112,26,[ 3 14],113,-1,139,-1,113
1,<environment.Job instance at 0x7f21a1381500>,113,24,[ 3 11],114,-1,138,-1,114
1,<environment.Job instance at 0x7f21a12284b0>,114,26,[ 1 11],115,-1,141,-1,115
1,<environment.Job instance at 0x7f21a1c1a230>,116,19,[12  1],117,-1,140,-1,121
1,<environment.Job instance at 0x7f21a1ad0d20>,117,21,[ 5 12],118,-1,142,-1,121
1,<environment.Job instance at 0x7f21a1ad0230>,119,19,[11  2],120,-1,141,-1,122
1,<environment.Job instance at 0x7f21a17f0f50>,120,28,[13  4],121,-1,150,-1,122
1,<environment.Job instance at 0x7f21a0c3d3c0>,121,20,[ 5 14],122,-1,142,-1,122
1,<environment.Job instance at 0x7f21a0c3dc30>,122,28,[14  1],123,-1,151,-1,123
1,<environment.Job instance at 0x7f21a1c5ab40>,123,28,[ 4 12],124,-1,152,-1,124
1,<environment.Job instance at 0x7f21a1c5a5f0>,124,18,[12  5],125,-1,143,-1,125
1,<environment.Job instance at 0x7f21a1c5a5a0>,125,12,[ 1 14],126,-1,138,-1,126
1,<environment.Job instance at 0x7f21a1c5a460>,126,28,[ 2 13],127,-1,155,-1,127
1,<environment.Job instance at 0x7f21a1c5a820>,127,21,[14  1],128,-1,149,-1,128
1,<environment.Job instance at 0x7f21a1c5aa00>,128,13,[ 3 11],129,-1,142,-1,129
1,<environment.Job instance at 0x7f21a1c5a550>,129,22,[ 4 13],130,-1,152,-1,130
1,<environment.Job instance at 0x7f21a0ca4cd0>,130,23,[13  2],131,-1,154,-1,131
1,<environment.Job instance at 0x7f21a0ca4af0>,131,18,[12  4],132,-1,150,-1,132
1,<environment.Job instance at 0x7f21a10e5140>,134,14,[12  5],135,-1,154,-1,140
1,<environment.Job instance at 0x7f21a1f95730>,135,24,[1 8],136,-1,166,-1,142
1,<environment.Job instance at 0x7f21a0c9b230>,136,28,[14  3],137,-1,170,-1,142
1,<environment.Job instance at 0x7f21a09dc280>,1,19,[ 3 11],2,-1,21,-1,2
1,<environment.Job instance at 0x7f21a1374fa0>,2,26,[ 2 14],3,-1,29,-1,3
1,<environment.Job instance at 0x7f21a1d4c4b0>,4,19,[12  1],5,-1,24,-1,5
1,<environment.Job instance at 0x7f21a18a83c0>,6,26,[ 1 13],7,-1,33,-1,7
1,<environment.Job instance at 0x7f21a1ee78c0>,7,28,[14  1],8,-1,36,-1,8
1,<environment.Job instance at 0x7f21a1ee7be0>,8,25,[ 2 14],9,-1,34,-1,9
1,<environment.Job instance at 0x7f21a0fa4f50>,10,28,[ 4 12],11,-1,39,-1,11
1,<environment.Job instance at 0x7f21a0fa4960>,11,18,[ 4 13],12,-1,30,-1,12
1,<environment.Job instance at 0x7f21a13a6cd0>,5,21,[11  3],6,-1,33,-1,12
1,<environment.Job instance at 0x7f21a1ee7780>,12,23,[14  5],13,-1,36,-1,13
1,<environment.Job instance at 0x7f21a0fa4820>,14,13,[ 4 14],15,-1,28,-1,15
1,<environment.Job instance at 0x7f21a0fa47d0>,13,22,[13  3],14,-1,37,-1,15
1,<environment.Job instance at 0x7f21a0fa4b40>,15,14,[ 1 12],16,-1,30,-1,16
1,<environment.Job instance at 0x7f21a1fc2640>,16,13,[ 5 12],17,-1,30,-1,17
1,<environment.Job instance at 0x7f21a1fc2af0>,18,26,[ 4 12],19,-1,45,-1,19
1,<environment.Job instance at 0x7f21a1fc2050>,19,26,[ 2 14],20,-1,46,-1,20
1,<environment.Job instance at 0x7f21a1fc27d0>,20,22,[ 4 11],21,-1,43,-1,21
1,<environment.Job instance at 0x7f21a1fc2190>,21,25,[12  2],22,-1,47,-1,22
1,<environment.Job instance at 0x7f21a1fc2a50>,22,13,[12  1],23,-1,36,-1,23
1,<environment.Job instance at 0x7f21a1fc2370>,23,15,[14  4],24,-1,39,-1,24
1,<environment.Job instance at 0x7f21a1fc2be0>,24,22,[14  4],25,-1,47,-1,25
1,<environment.Job instance at 0x7f21a1fc24b0>,25,24,[13  4],26,-1,50,-1,26
1,<environment.Job instance at 0x7f21a1fc2d70>,26,19,[13  4],27,-1,46,-1,27
1,<environment.Job instance at 0x7f21a1fc2aa0>,28,25,[14  1],29,-1,54,-1,29
1,<environment.Job instance at 0x7f21a1fc2e60>,29,28,[11  2],30,-1,58,-1,30
1,<environment.Job instance at 0x7f21a1fc29b0>,30,16,[ 5 12],31,-1,47,-1,31
1,<environment.Job instance at 0x7f21a0fa4eb0>,32,25,[ 1 14],33,-1,58,-1,33
1,<environment.Job instance at 0x7f21a1fc2780>,31,19,[14  2],32,-1,52,-1,33
1,<environment.Job instance at 0x7f21a1fc2280>,33,22,[12  5],34,-1,56,-1,34
1,<environment.Job instance at 0x7f21a1fc2460>,34,23,[ 3 12],35,-1,58,-1,35
1,<environment.Job instance at 0x7f21a1fc2960>,36,28,[ 3 13],37,-1,65,-1,37
1,<environment.Job instance at 0x7f21a1fc25f0>,38,23,[ 5 14],39,-1,62,-1,39
1,<environment.Job instance at 0x7f21a1dd4e10>,37,19,[14  1],38,-1,58,-1,39
1,<environment.Job instance at 0x7f21a1dd4fa0>,39,19,[14  5],40,-1,59,-1,40
1,<environment.Job instance at 0x7f21a1dd4730>,40,24,[ 5 12],41,-1,65,-1,41
1,<environment.Job instance at 0x7f21a1dd4870>,41,26,[11  4],42,-1,68,-1,42
1,<environment.Job instance at 0x7f21a1dd48c0>,42,26,[11  3],43,-1,69,-1,43
1,<environment.Job instance at 0x7f21a1dd4eb0>,43,27,[12  3],44,-1,71,-1,44
1,<environment.Job instance at 0x7f21a1dd43c0>,45,27,[ 2 14],46,-1,73,-1,46
1,<environment.Job instance at 0x7f21a1dd4af0>,46,15,[14  2],47,-1,62,-1,47
1,<environment.Job instance at 0x7f21a1dd40f0>,48,26,[14  4],49,-1,75,-1,49
1,<environment.Job instance at 0x7f21a1dd4050>,50,24,[12  3],51,-1,75,-1,51
1,<environment.Job instance at 0x7f21a1dd4a50>,51,21,[14  2],52,-1,73,-1,52
1,<environment.Job instance at 0x7f21a1dd4140>,52,12,[13  2],53,-1,65,-1,53
1,<environment.Job instance at 0x7f21a1dd4e60>,54,28,[ 5 12],55,-1,83,-1,55
1,<environment.Job instance at 0x7f21a1dd4780>,55,24,[ 1 12],56,-1,80,-1,56
1,<environment.Job instance at 0x7f21a1dd4f50>,56,23,[ 4 13],57,-1,80,-1,57
1,<environment.Job instance at 0x7f21a1dd42d0>,58,21,[11  4],59,-1,80,-1,59
1,<environment.Job instance at 0x7f21a0ddec30>,59,21,[13  4],60,-1,81,-1,60
1,<environment.Job instance at 0x7f21a0dde7d0>,61,25,[12  1],62,-1,87,-1,62
1,<environment.Job instance at 0x7f21a0ddee10>,62,20,[14  1],63,-1,83,-1,63
1,<environment.Job instance at 0x7f21a0dde2d0>,63,18,[ 2 11],64,-1,83,-1,65
1,<environment.Job instance at 0x7f21a0ddeaf0>,65,12,[ 1 12],66,-1,78,-1,66
1,<environment.Job instance at 0x7f21a0dde9b0>,66,28,[11  5],67,-1,95,-1,67
1,<environment.Job instance at 0x7f21a0dde640>,67,23,[ 1 12],68,-1,91,-1,68
1,<environment.Job instance at 0x7f21a0dde500>,68,19,[11  1],69,-1,89,-1,70
1,<environment.Job instance at 0x7f21a0dde550>,70,26,[ 4 14],71,-1,97,-1,71
1,<environment.Job instance at 0x7f21a0dde140>,71,21,[11  3],72,-1,94,-1,73
1,<environment.Job instance at 0x7f21a0ddecd0>,72,28,[13  2],73,-1,101,-1,73
1,<environment.Job instance at 0x7f21a0dde8c0>,73,12,[ 2 14],74,-1,86,-1,74
1,<environment.Job instance at 0x7f21a0dde910>,75,18,[13  3],76,-1,94,-1,76
1,<environment.Job instance at 0x7f21a0dde5f0>,77,21,[ 5 13],78,-1,107,-1,86
1,<environment.Job instance at 0x7f21a0dde280>,78,28,[ 4 12],79,-1,114,-1,86
1,<environment.Job instance at 0x7f21a0ddef50>,80,21,[13  5],81,-1,112,-1,91
1,<environment.Job instance at 0x7f21a0dde870>,81,13,[ 4 12],82,-1,104,-1,91
1,<environment.Job instance at 0x7f21a1c0de60>,82,22,[12  2],83,-1,113,-1,91
1,<environment.Job instance at 0x7f21a1c0d8c0>,83,14,[14  2],84,-1,105,-1,91
1,<environment.Job instance at 0x7f21a1c0d460>,84,21,[14  1],85,-1,112,-1,91
1,<environment.Job instance at 0x7f21a1c0daf0>,85,23,[ 2 12],86,-1,114,-1,91
1,<environment.Job instance at 0x7f21a1c0de10>,86,19,[ 5 14],87,-1,110,-1,91
1,<environment.Job instance at 0x7f21a1c0dc30>,87,21,[ 2 12],88,-1,112,-1,91
1,<environment.Job instance at 0x7f21a1c0d9b0>,88,19,[12  3],89,-1,110,-1,91
1,<environment.Job instance at 0x7f21a1c0d550>,89,27,[14  5],90,-1,118,-1,91
1,<environment.Job instance at 0x7f21a1c0d4b0>,90,23,[ 5 11],91,-1,114,-1,91
1,<environment.Job instance at 0x7f21a0dde410>,79,25,[14  1],80,-1,116,-1,91
1,<environment.Job instance at 0x7f21a1c0ddc0>,91,13,[ 3 13],92,-1,105,-1,92
1,<environment.Job instance at 0x7f21a1c0d280>,93,19,[13  4],94,-1,116,-1,97
1,<environment.Job instance at 0x7f21a1c0dcd0>,94,23,[ 5 10],95,-1,120,-1,97
1,<environment.Job instance at 0x7f21a1c0d370>,95,28,[12  3],96,-1,125,-1,97
1,<environment.Job instance at 0x7f21a1c0deb0>,96,25,[12  5],97,-1,122,-1,97
1,<environment.Job instance at 0x7f21a1c0d3c0>,97,24,[13  3],98,-1,122,-1,98
1,<environment.Job instance at 0x7f21a1c0d1e0>,98,23,[ 5 12],99,-1,122,-1,99
1,<environment.Job instance at 0x7f21a1cbb500>,99,26,[5 9],100,-1,126,-1,100
1,<environment.Job instance at 0x7f21a1cbbfa0>,100,22,[ 3 12],101,-1,123,-1,101
1,<environment.Job instance at 0x7f21a1cbb3c0>,101,28,[14  4],102,-1,130,-1,102
1,<environment.Job instance at 0x7f21a1cbbf00>,102,24,[ 2 14],103,-1,127,-1,103
1,<environment.Job instance at 0x7f21a1cbb640>,103,12,[12  1],104,-1,116,-1,104
1,<environment.Job instance at 0x7f21a1cbb730>,104,19,[ 1 14],105,-1,124,-1,105
1,<environment.Job instance at 0x7f21a1cbb410>,106,26,[ 5 12],107,-1,133,-1,107
1,<environment.Job instance at 0x7f21a1cbbb40>,107,15,[ 5 14],108,-1,123,-1,108
1,<environment.Job instance at 0x7f21a1cbb8c0>,108,25,[ 4 12],109,-1,134,-1,109
1,<environment.Job instance at 0x7f21a1cbb230>,109,25,[ 1 12],110,-1,135,-1,110
1,<environment.Job instance at 0x7f21a1cbb190>,111,24,[12  1],112,-1,136,-1,112
1,<environment.Job instance at 0x7f21a1cbb7d0>,112,16,[11  3],113,-1,136,-1,120
1,<environment.Job instance at 0x7f21a1cbb6e0>,113,23,[14  2],114,-1,143,-1,120
1,<environment.Job instance at 0x7f21a1cbb0a0>,114,21,[ 3 14],115,-1,141,-1,120
1,<environment.Job instance at 0x7f21a1cbb780>,115,28,[14  4],116,-1,148,-1,120
1,<environment.Job instance at 0x7f21a1cbbd20>,116,25,[ 2 14],117,-1,145,-1,120
1,<environment.Job instance at 0x7f21a1cbb960>,117,25,[9 4],118,-1,145,-1,120
1,<environment.Job instance at 0x7f21a1cbb550>,118,16,[13  4],119,-1,136,-1,120
1,<environment.Job instance at 0x7f21a1cbbc30>,119,24,[ 4 11],120,-1,144,-1,120
1,<environment.Job instance at 0x7f21a1cbb050>,120,14,[ 4 14],121,-1,135,-1,121
1,<environment.Job instance at 0x7f21aa72ba50>,121,23,[6 2],122,-1,157,-1,134
1,<environment.Job instance at 0x7f21aa72b9b0>,123,23,[ 4 12],124,-1,157,-1,134
1,<environment.Job instance at 0x7f21aa72b050>,124,28,[ 5 13],125,-1,162,-1,134
1,<environment.Job instance at 0x7f21aa72bc30>,125,22,[13  2],126,-1,156,-1,134
1,<environment.Job instance at 0x7f21aa72bd70>,126,27,[12  4],127,-1,161,-1,134
1,<environment.Job instance at 0x7f21aa72b5a0>,127,28,[ 5 11],128,-1,162,-1,134
1,<environment.Job instance at 0x7f21aa72b190>,128,17,[13  2],129,-1,151,-1,134
1,<environment.Job instance at 0x7f21aa72b500>,129,28,[11  5],130,-1,162,-1,134
1,<environment.Job instance at 0x7f21aa72b0f0>,130,18,[ 1 13],131,-1,152,-1,134
1,<environment.Job instance at 0x7f21aa72b640>,131,26,[13  3],132,-1,160,-1,134
1,<environment.Job instance at 0x7f21aa72be10>,132,27,[11  2],133,-1,161,-1,134
1,<environment.Job instance at 0x7f21aa72b8c0>,133,25,[12  3],134,-1,159,-1,134
1,<environment.Job instance at 0x7f21aa72b780>,134,25,[12  5],135,-1,160,-1,135
1,<environment.Job instance at 0x7f21aa72b280>,135,26,[13  1],136,-1,162,-1,136
1,<environment.Job instance at 0x7f21aa72beb0>,136,12,[ 3 11],137,-1,149,-1,137
1,<environment.Job instance at 0x7f21aa72bbe0>,137,27,[ 2 13],138,-1,165,-1,138
1,<environment.Job instance at 0x7f21aa72b2d0>,138,16,[11  2],139,-1,155,-1,139
1,<environment.Job instance at 0x7f21aa72b410>,139,24,[14  3],140,-1,164,-1,140
1,<environment.Job instance at 0x7f21aa72b0a0>,141,23,[ 4 14],142,-1,171,-1,148
1,<environment.Job instance at 0x7f21aa72b140>,142,26,[14  5],143,-1,174,-1,148
1,<environment.Job instance at 0x7f21aa72b870>,143,25,[ 3 13],144,-1,173,-1,148
1,<environment.Job instance at 0x7f21aa71e8c0>,144,13,[ 5 14],145,-1,161,-1,148
1,<environment.Job instance at 0x7f21aa71e960>,145,20,[12  2],146,-1,168,-1,148
1,<environment.Job instance at 0x7f21aa71e910>,146,26,[ 5 11],147,-1,174,-1,148
1,<environment.Job instance at 0x7f21aa71e820>,147,23,[12  3],148,-1,171,-1,148
1,<environment.Job instance at 0x7f21a16dae60>,148,13,[14  1],149,-1,162,-1,149
1,<environment.Job instance at 0x7f21a20e9d20>,150,25,[13  1],151,-1,176,-1,151
1,<environment.Job instance at 0x7f21a10aedc0>,151,19,[ 3 13],152,-1,171,-1,152
1,<environment.Job instance at 0x7f21a1dd41e0>,1,25,[12  3],2,-1,27,-1,2
1,<environment.Job instance at 0x7f21a13d1a50>,2,22,[12  3],3,-1,25,-1,3
1,<environment.Job instance at 0x7f21a1c68c30>,3,24,[ 4 13],4,-1,28,-1,4
1,<environment.Job instance at 0x7f21a2104320>,4,27,[ 5 14],5,-1,32,-1,5
1,<environment.Job instance at 0x7f21a2189cd0>,5,27,[ 4 14],6,-1,33,-1,6
1,<environment.Job instance at 0x7f21a2189a50>,7,18,[ 2 13],8,-1,26,-1,8
1,<environment.Job instance at 0x7f21a2189b40>,8,23,[ 1 12],9,-1,32,-1,9
1,<environment.Job instance at 0x7f21a2189780>,9,13,[ 4 14],10,-1,23,-1,10
1,<environment.Job instance at 0x7f21a21895f0>,10,26,[9 2],11,-1,37,-1,11
1,<environment.Job instance at 0x7f21a2189c80>,11,24,[11  2],12,-1,36,-1,12
1,<environment.Job instance at 0x7f21a10aedc0>,13,25,[12  2],14,-1,39,-1,14
1,<environment.Job instance at 0x7f21a21894b0>,18,12,[ 1 12],19,-1,52,-1,40
1,<environment.Job instance at 0x7f21a2189e10>,19,22,[12  4],20,-1,62,-1,40
1,<environment.Job instance at 0x7f21a2189eb0>,20,27,[ 1 13],21,-1,67,-1,40
1,<environment.Job instance at 0x7f21a21899b0>,21,24,[10  4],22,-1,64,-1,40
1,<environment.Job instance at 0x7f21a21898c0>,22,26,[14  1],23,-1,66,-1,40
1,<environment.Job instance at 0x7f21a0d03be0>,23,25,[ 4 14],24,-1,65,-1,40
1,<environment.Job instance at 0x7f21a0d03320>,24,19,[ 3 14],25,-1,59,-1,40
1,<environment.Job instance at 0x7f21a0d033c0>,25,25,[ 1 13],26,-1,65,-1,40
1,<environment.Job instance at 0x7f21a0d032d0>,26,28,[ 2 13],27,-1,68,-1,40
1,<environment.Job instance at 0x7f21a0d034b0>,27,18,[ 3 14],28,-1,58,-1,40
1,<environment.Job instance at 0x7f21a0d036e0>,28,26,[14  5],29,-1,66,-1,40
1,<environment.Job instance at 0x7f21a0d03460>,29,26,[ 4 11],30,-1,66,-1,40
1,<environment.Job instance at 0x7f21a0d03d20>,31,26,[ 5 12],32,-1,66,-1,40
1,<environment.Job instance at 0x7f21a0d035a0>,32,20,[12  1],33,-1,60,-1,40
1,<environment.Job instance at 0x7f21a0d03690>,33,23,[ 2 12],34,-1,63,-1,40
1,<environment.Job instance at 0x7f21a0d037d0>,34,26,[ 1 11],35,-1,66,-1,40
1,<environment.Job instance at 0x7f21a0d038c0>,35,17,[ 3 12],36,-1,57,-1,40
1,<environment.Job instance at 0x7f21a0d03820>,36,20,[11  5],37,-1,61,-1,41
1,<environment.Job instance at 0x7f21a0d03500>,37,26,[1 8],38,-1,67,-1,41
1,<environment.Job instance at 0x7f21a0d03640>,39,21,[11  1],40,-1,73,-1,52
1,<environment.Job instance at 0x7f21a0d03fa0>,40,18,[11  1],41,-1,70,-1,52
1,<environment.Job instance at 0x7f21a0d030f0>,41,26,[ 1 14],42,-1,78,-1,52
1,<environment.Job instance at 0x7f21a0d03af0>,42,23,[ 5 12],43,-1,75,-1,52
1,<environment.Job instance at 0x7f21a0d03730>,43,24,[ 4 14],44,-1,76,-1,52
1,<environment.Job instance at 0x7f21a0d03c80>,44,27,[ 4 14],45,-1,79,-1,52
1,<environment.Job instance at 0x7f21a0d03410>,45,23,[11  2],46,-1,75,-1,52
1,<environment.Job instance at 0x7f21a15619b0>,46,18,[ 3 12],47,-1,70,-1,52
1,<environment.Job instance at 0x7f21a1561fa0>,47,21,[12  1],48,-1,73,-1,52
1,<environment.Job instance at 0x7f21a1561820>,48,27,[ 5 10],49,-1,79,-1,52
1,<environment.Job instance at 0x7f21a1561500>,49,28,[13  4],50,-1,80,-1,52
1,<environment.Job instance at 0x7f21a1561960>,50,24,[11  2],51,-1,76,-1,52
1,<environment.Job instance at 0x7f21a1561690>,51,18,[ 4 12],52,-1,70,-1,52
1,<environment.Job instance at 0x7f21a15612d0>,52,25,[11  1],53,-1,78,-1,53
1,<environment.Job instance at 0x7f21a1561320>,53,20,[11  4],54,-1,74,-1,54
1,<environment.Job instance at 0x7f21a1561190>,54,28,[14  2],55,-1,83,-1,55
1,<environment.Job instance at 0x7f21a1561b90>,55,24,[11  4],56,-1,80,-1,56
1,<environment.Job instance at 0x7f21a1561dc0>,56,26,[ 3 12],57,-1,83,-1,57
1,<environment.Job instance at 0x7f21a1561460>,57,12,[14  1],58,-1,70,-1,58
1,<environment.Job instance at 0x7f21a1561aa0>,58,26,[ 3 13],59,-1,85,-1,59
1,<environment.Job instance at 0x7f21a1561370>,59,25,[5 8],60,-1,85,-1,60
1,<environment.Job instance at 0x7f21a10f5d70>,60,19,[13  4],61,-1,80,-1,61
1,<environment.Job instance at 0x7f21a10f5c80>,61,24,[12  4],62,-1,86,-1,62
1,<environment.Job instance at 0x7f21a10f5c30>,62,28,[ 4 12],63,-1,91,-1,63
1,<environment.Job instance at 0x7f21a10f54b0>,63,28,[ 3 14],64,-1,92,-1,64
1,<environment.Job instance at 0x7f21a10f5050>,64,18,[ 3 13],65,-1,83,-1,65
1,<environment.Job instance at 0x7f21a10f5190>,65,15,[13  3],66,-1,81,-1,66
1,<environment.Job instance at 0x7f21a10f5370>,66,24,[ 1 11],67,-1,91,-1,67
1,<environment.Job instance at 0x7f21a10f57d0>,67,23,[ 5 10],68,-1,91,-1,68
1,<environment.Job instance at 0x7f21a10f5410>,68,27,[ 4 13],69,-1,96,-1,69
1,<environment.Job instance at 0x7f21a10f5320>,70,23,[13  4],71,-1,94,-1,71
1,<environment.Job instance at 0x7f21a10f5730>,71,19,[ 5 12],72,-1,91,-1,72
1,<environment.Job instance at 0x7f21a10f5dc0>,72,25,[ 4 12],73,-1,98,-1,73
1,<environment.Job instance at 0x7f21a0bf8140>,74,27,[10  2],75,-1,102,-1,75
1,<environment.Job instance at 0x7f21a0bf85a0>,75,26,[ 3 13],76,-1,102,-1,76
1,<environment.Job instance at 0x7f21a0bf8190>,76,28,[11  5],77,-1,105,-1,77
1,<environment.Job instance at 0x7f21a0bf83c0>,77,24,[14  5],78,-1,102,-1,78
1,<environment.Job instance at 0x7f21a0bf8f50>,78,23,[ 5 14],79,-1,102,-1,79
1,<environment.Job instance at 0x7f21a0bf88c0>,79,21,[ 1 14],80,-1,101,-1,80
1,<environment.Job instance at 0x7f21a0bf8dc0>,80,21,[12  4],81,-1,102,-1,81
1,<environment.Job instance at 0x7f21a0bf8370>,81,25,[14  4],82,-1,107,-1,82
1,<environment.Job instance at 0x7f21a0bf8a50>,82,21,[ 4 14],83,-1,104,-1,83
1,<environment.Job instance at 0x7f21a0bf8910>,83,23,[ 5 12],84,-1,107,-1,84
1,<environment.Job instance at 0x7f21a0bf8e60>,85,21,[ 1 14],86,-1,107,-1,86
1,<environment.Job instance at 0x7f21a0bf8c30>,86,23,[11  3],87,-1,110,-1,87
1,<environment.Job instance at 0x7f21a0bf8320>,87,21,[13  5],88,-1,109,-1,88
1,<environment.Job instance at 0x7f21a0bf8870>,88,19,[12  5],89,-1,108,-1,89
1,<environment.Job instance at 0x7f21a0bf8c80>,89,17,[14  5],90,-1,107,-1,90
1,<environment.Job instance at 0x7f21a0bf8640>,90,19,[13  4],91,-1,110,-1,91
1,<environment.Job instance at 0x7f21a1561eb0>,92,24,[12  4],93,-1,117,-1,93
1,<environment.Job instance at 0x7f21a0bf8230>,93,21,[ 3 11],94,-1,115,-1,94
1,<environment.Job instance at 0x7f21a0c18050>,94,20,[13  1],95,-1,115,-1,95
1,<environment.Job instance at 0x7f21a0c182d0>,95,18,[ 4 13],96,-1,114,-1,96
1,<environment.Job instance at 0x7f21a0c18640>,96,26,[ 3 14],97,-1,123,-1,97
1,<environment.Job instance at 0x7f21a0c18550>,97,15,[ 4 12],98,-1,113,-1,98
1,<environment.Job instance at 0x7f21a0c185f0>,99,20,[12  2],100,-1,120,-1,100
1,<environment.Job instance at 0x7f21a0c18780>,100,26,[12  1],101,-1,127,-1,101
1,<environment.Job instance at 0x7f21a0c180a0>,101,25,[14  4],102,-1,127,-1,102
1,<environment.Job instance at 0x7f21a0c18c30>,102,24,[13  1],103,-1,127,-1,103
1,<environment.Job instance at 0x7f21a0c18be0>,103,23,[11  2],104,-1,127,-1,104
1,<environment.Job instance at 0x7f21a0c18e10>,104,19,[ 3 14],105,-1,124,-1,105
1,<environment.Job instance at 0x7f21a0c189b0>,105,24,[ 1 11],106,-1,130,-1,106
1,<environment.Job instance at 0x7f21a0c18730>,106,25,[12  4],107,-1,132,-1,107
1,<environment.Job instance at 0x7f21a0c18f00>,107,25,[3 6],108,-1,133,-1,108
1,<environment.Job instance at 0x7f21a0c18b90>,108,22,[12  1],109,-1,131,-1,109
1,<environment.Job instance at 0x7f21a0c18320>,109,16,[14  2],110,-1,126,-1,110
1,<environment.Job instance at 0x7f21a0c18d70>,110,22,[14  4],111,-1,133,-1,111
1,<environment.Job instance at 0x7f21a0c18460>,112,15,[13  2],113,-1,128,-1,113
1,<environment.Job instance at 0x7f21a0c18140>,113,26,[13  4],114,-1,140,-1,114
1,<environment.Job instance at 0x7f21a0c18190>,114,19,[12  5],115,-1,134,-1,115
1,<environment.Job instance at 0x7f21a10d6cd0>,115,20,[13  4],116,-1,136,-1,116
1,<environment.Job instance at 0x7f21a10d6b90>,118,25,[ 4 11],119,-1,144,-1,119
1,<environment.Job instance at 0x7f21a10d6320>,119,24,[13  5],120,-1,144,-1,120
1,<environment.Job instance at 0x7f21a10d6410>,120,27,[ 2 14],121,-1,148,-1,121
1,<environment.Job instance at 0x7f21a10d65f0>,121,26,[ 4 12],122,-1,148,-1,122
1,<environment.Job instance at 0x7f21a10d6aa0>,122,15,[ 4 14],123,-1,138,-1,123
1,<environment.Job instance at 0x7f21a10d6b40>,123,26,[ 1 13],124,-1,150,-1,124
1,<environment.Job instance at 0x7f21a0c18370>,125,27,[10  2],126,-1,162,-1,135
1,<environment.Job instance at 0x7f21a10d6f50>,126,24,[14  5],127,-1,159,-1,135
1,<environment.Job instance at 0x7f21a10d6d70>,127,27,[8 1],128,-1,162,-1,135
1,<environment.Job instance at 0x7f21a10d6eb0>,128,27,[7 2],129,-1,162,-1,135
1,<environment.Job instance at 0x7f21a10d60a0>,129,22,[12  5],130,-1,157,-1,135
1,<environment.Job instance at 0x7f21a10d64b0>,130,23,[13  3],131,-1,158,-1,135
1,<environment.Job instance at 0x7f21a10d62d0>,132,24,[3 9],133,-1,159,-1,135
1,<environment.Job instance at 0x7f21a10d6fa0>,133,22,[11  4],134,-1,157,-1,135
1,<environment.Job instance at 0x7f21a10d69b0>,134,20,[14  3],135,-1,155,-1,135
1,<environment.Job instance at 0x7f21a10d6820>,135,23,[ 2 14],136,-1,159,-1,136
1,<environment.Job instance at 0x7f21a1113c30>,136,13,[11  2],137,-1,150,-1,137
1,<environment.Job instance at 0x7f21a1776230>,137,26,[ 1 12],138,-1,164,-1,138
1,<environment.Job instance at 0x7f21a1776fa0>,138,19,[13  5],139,-1,158,-1,139
1,<environment.Job instance at 0x7f21a195fc30>,139,25,[ 3 10],140,-1,165,-1,140
1,<environment.Job instance at 0x7f21a195f550>,140,28,[ 1 11],141,-1,169,-1,141
1,<environment.Job instance at 0x7f21a195f5f0>,141,20,[ 1 10],142,-1,167,-1,147
1,<environment.Job instance at 0x7f21a195f6e0>,142,14,[ 5 12],143,-1,161,-1,147
1,<environment.Job instance at 0x7f21a1d13320>,143,19,[ 1 14],144,-1,166,-1,147
1,<environment.Job instance at 0x7f21a1c30320>,144,18,[ 4 11],145,-1,165,-1,147
1,<environment.Job instance at 0x7f21a1c303c0>,145,27,[14  3],146,-1,174,-1,147
1,<environment.Job instance at 0x7f21a1a8d730>,146,12,[ 3 13],147,-1,159,-1,147
1,<environment.Job instance at 0x7f21a19cf4b0>,147,20,[ 2 12],148,-1,168,-1,148
1,<environment.Job instance at 0x7f21a19cff00>,148,20,[12  5],149,-1,169,-1,149
1,<environment.Job instance at 0x7f21a19cf690>,149,20,[ 4 12],150,-1,170,-1,150
1,<environment.Job instance at 0x7f21a19cf460>,150,22,[ 3 14],151,-1,173,-1,151
1,<environment.Job instance at 0x7f21a1f2ca50>,2,24,[12  5],3,-1,27,-1,3
1,<environment.Job instance at 0x7f21a1f2c730>,3,22,[12  2],4,-1,26,-1,4
1,<environment.Job instance at 0x7f21a1f2c5a0>,4,28,[ 2 14],5,-1,33,-1,5
1,<environment.Job instance at 0x7f21a1f2c640>,5,19,[14  2],6,-1,25,-1,6
1,<environment.Job instance at 0x7f21a16b0d20>,6,26,[11  4],7,-1,33,-1,7
1,<environment.Job instance at 0x7f21a16b02d0>,7,13,[ 1 14],8,-1,21,-1,8
1,<environment.Job instance at 0x7f21a16b0870>,8,27,[ 5 11],9,-1,36,-1,9
1,<environment.Job instance at 0x7f21a16b0640>,9,26,[ 4 12],10,-1,36,-1,10
1,<environment.Job instance at 0x7f21a16b0280>,10,28,[ 2 13],11,-1,39,-1,11
1,<environment.Job instance at 0x7f21a16b0550>,11,26,[14  4],12,-1,38,-1,12
1,<environment.Job instance at 0x7f21a1f2c410>,14,27,[ 3 13],15,-1,42,-1,15
1,<environment.Job instance at 0x7f21a136aaf0>,15,22,[ 1 11],16,-1,38,-1,16
1,<environment.Job instance at 0x7f21a136a5f0>,16,27,[ 2 13],17,-1,44,-1,17
1,<environment.Job instance at 0x7f21a136a460>,17,19,[ 5 13],18,-1,37,-1,18
1,<environment.Job instance at 0x7f21a136a370>,18,21,[10  3],19,-1,79,-1,58
1,<environment.Job instance at 0x7f21a136a0a0>,23,26,[ 2 12],24,-1,84,-1,58
1,<environment.Job instance at 0x7f21a136a410>,24,19,[12  2],25,-1,77,-1,58
1,<environment.Job instance at 0x7f21a136a870>,25,24,[ 5 11],26,-1,82,-1,58
1,<environment.Job instance at 0x7f21a136a640>,26,26,[ 3 14],27,-1,84,-1,58
1,<environment.Job instance at 0x7f21a136a780>,27,16,[11  5],28,-1,74,-1,58
1,<environment.Job instance at 0x7f21a136a140>,28,26,[ 3 12],29,-1,84,-1,58
1,<environment.Job instance at 0x7f21a136a3c0>,29,24,[11  3],30,-1,82,-1,58
1,<environment.Job instance at 0x7f21a136a230>,30,21,[6 2],31,-1,79,-1,58
1,<environment.Job instance at 0x7f21a136a050>,31,28,[ 3 13],32,-1,86,-1,58
1,<environment.Job instance at 0x7f21a136a500>,32,25,[14  1],33,-1,83,-1,58
1,<environment.Job instance at 0x7f21a1b7a960>,33,23,[1 9],34,-1,81,-1,58
1,<environment.Job instance at 0x7f21a1b7a4b0>,34,23,[ 2 12],35,-1,81,-1,58
1,<environment.Job instance at 0x7f21a1b7a6e0>,35,24,[2 9],36,-1,82,-1,58
1,<environment.Job instance at 0x7f21a1b7a870>,36,24,[ 3 11],37,-1,82,-1,58
1,<environment.Job instance at 0x7f21a1b7a910>,37,26,[11  5],38,-1,84,-1,58
1,<environment.Job instance at 0x7f21a1b7aaf0>,38,28,[5 8],39,-1,86,-1,58
1,<environment.Job instance at 0x7f21a1b7a320>,39,27,[1 7],40,-1,85,-1,58
1,<environment.Job instance at 0x7f21a1b7aa00>,40,25,[10  5],41,-1,83,-1,58
1,<environment.Job instance at 0x7f21a1b7a370>,41,26,[7 1],42,-1,84,-1,58
1,<environment.Job instance at 0x7f21a1b7ac30>,42,26,[ 5 13],43,-1,84,-1,58
1,<environment.Job instance at 0x7f21a1b7a7d0>,43,24,[12  2],44,-1,82,-1,58
1,<environment.Job instance at 0x7f21a1b7afa0>,44,28,[ 1 12],45,-1,86,-1,58
1,<environment.Job instance at 0x7f21a1b7a460>,45,23,[8 2],46,-1,81,-1,58
1,<environment.Job instance at 0x7f21a1b7a0a0>,46,23,[ 2 14],47,-1,81,-1,58
1,<environment.Job instance at 0x7f21a1b7ac80>,47,26,[13  4],48,-1,84,-1,58
1,<environment.Job instance at 0x7f21a1b7a410>,48,20,[11  2],49,-1,78,-1,58
1,<environment.Job instance at 0x7f21a1b7a230>,50,20,[ 5 12],51,-1,78,-1,58
1,<environment.Job instance at 0x7f21a1b7ad70>,51,18,[14  5],52,-1,76,-1,58
1,<environment.Job instance at 0x7f21a1b7a780>,52,19,[ 1 11],53,-1,77,-1,58
1,<environment.Job instance at 0x7f21a1b7a640>,53,24,[ 1 13],54,-1,82,-1,58
1,<environment.Job instance at 0x7f21a1b7af50>,54,20,[ 2 13],55,-1,78,-1,58
1,<environment.Job instance at 0x7f21aa985fa0>,56,21,[ 5 11],57,-1,92,-1,71
1,<environment.Job instance at 0x7f21a17f4b40>,57,26,[1 7],58,-1,97,-1,71
1,<environment.Job instance at 0x7f21a17f42d0>,58,26,[ 2 13],59,-1,97,-1,71
1,<environment.Job instance at 0x7f21a17f4e60>,59,25,[11  1],60,-1,96,-1,71
1,<environment.Job instance at 0x7f21a17f4550>,60,25,[11  4],61,-1,96,-1,71
1,<environment.Job instance at 0x7f21a17f4230>,61,27,[ 1 11],62,-1,98,-1,71
1,<environment.Job instance at 0x7f21a17f4f50>,62,26,[ 2 14],63,-1,97,-1,71
1,<environment.Job instance at 0x7f21a17f40f0>,63,21,[11  5],64,-1,92,-1,71
1,<environment.Job instance at 0x7f21a17f4780>,64,22,[14  1],65,-1,93,-1,71
1,<environment.Job instance at 0x7f21a17f4aa0>,65,15,[11  1],66,-1,86,-1,71
1,<environment.Job instance at 0x7f21a17f47d0>,66,25,[ 5 11],67,-1,96,-1,71
1,<environment.Job instance at 0x7f21a17f4af0>,67,21,[ 5 14],68,-1,92,-1,71
1,<environment.Job instance at 0x7f21a17f4eb0>,69,21,[14  5],70,-1,109,-1,88
1,<environment.Job instance at 0x7f21a17f4e10>,70,13,[11  2],71,-1,101,-1,88
1,<environment.Job instance at 0x7f21a17f4cd0>,71,22,[ 3 14],72,-1,110,-1,88
1,<environment.Job instance at 0x7f21a17f4460>,72,27,[ 5 11],73,-1,115,-1,88
1,<environment.Job instance at 0x7f21a0bbaaa0>,73,21,[ 2 11],74,-1,109,-1,88
1,<environment.Job instance at 0x7f21a0bba8c0>,74,27,[ 5 11],75,-1,115,-1,88
1,<environment.Job instance at 0x7f21a0bbae10>,75,23,[14  5],76,-1,111,-1,88
1,<environment.Job instance at 0x7f21a0bba2d0>,76,14,[11  2],77,-1,102,-1,88
1,<environment.Job instance at 0x7f21a0bba280>,77,20,[11  1],78,-1,108,-1,88
1,<environment.Job instance at 0x7f21a0bba820>,78,22,[12  5],79,-1,110,-1,88
1,<environment.Job instance at 0x7f21a0bba5a0>,79,27,[14  4],80,-1,115,-1,88
1,<environment.Job instance at 0x7f21a0bbadc0>,80,22,[ 2 12],81,-1,110,-1,88
1,<environment.Job instance at 0x7f21a0bba140>,81,15,[11  5],82,-1,103,-1,88
1,<environment.Job instance at 0x7f21a0bba870>,82,22,[1 6],83,-1,110,-1,88
1,<environment.Job instance at 0x7f21a0bbafa0>,83,24,[12  2],84,-1,112,-1,88
1,<environment.Job instance at 0x7f21a0bba550>,84,17,[11  5],85,-1,105,-1,88
1,<environment.Job instance at 0x7f21a0bba230>,85,26,[12  4],86,-1,114,-1,88
1,<environment.Job instance at 0x7f21a0bba1e0>,86,27,[ 5 13],87,-1,115,-1,88
1,<environment.Job instance at 0x7f21a0bba460>,87,20,[ 3 11],88,-1,108,-1,88
1,<environment.Job instance at 0x7f21a1f2a820>,88,19,[ 3 14],89,-1,108,-1,89
1,<environment.Job instance at 0x7f21a1961870>,89,18,[ 4 14],90,-1,108,-1,90
1,<environment.Job instance at 0x7f21a0db94b0>,90,23,[12  2],91,-1,114,-1,91
1,<environment.Job instance at 0x7f21a0db9230>,92,27,[1 9],93,-1,120,-1,93
1,<environment.Job instance at 0x7f21a0db9550>,93,26,[6 4],94,-1,120,-1,94
1,<environment.Job instance at 0x7f21a0db92d0>,94,28,[14  4],95,-1,123,-1,95
1,<environment.Job instance at 0x7f21a0dd9a50>,95,12,[14  5],96,-1,108,-1,96
1,<environment.Job instance at 0x7f21a0dd9640>,96,19,[ 5 11],97,-1,116,-1,97
1,<environment.Job instance at 0x7f21a1562320>,98,25,[12  5],99,-1,125,-1,100
1,<environment.Job instance at 0x7f21a0bb49b0>,99,23,[ 5 13],100,-1,123,-1,100
1,<environment.Job instance at 0x7f21a1f101e0>,100,27,[ 5 12],101,-1,128,-1,101
1,<environment.Job instance at 0x7f21a1f07280>,101,21,[3 9],102,-1,137,-1,116
1,<environment.Job instance at 0x7f21a1f10f00>,103,12,[ 1 11],104,-1,128,-1,116
1,<environment.Job instance at 0x7f21a0bb4870>,104,23,[12  1],105,-1,139,-1,116
1,<environment.Job instance at 0x7f21a07ea500>,105,26,[13  4],106,-1,142,-1,116
1,<environment.Job instance at 0x7f21a1730190>,106,26,[14  4],107,-1,142,-1,116
1,<environment.Job instance at 0x7f21aa73b690>,107,15,[ 5 13],108,-1,131,-1,116
1,<environment.Job instance at 0x7f21aa73b5a0>,108,24,[13  2],109,-1,140,-1,116
1,<environment.Job instance at 0x7f21a0e98500>,109,22,[12  4],110,-1,138,-1,116
1,<environment.Job instance at 0x7f21a0a0eaa0>,110,21,[ 1 13],111,-1,137,-1,116
1,<environment.Job instance at 0x7f21a1d0b370>,111,25,[14  2],112,-1,141,-1,116
1,<environment.Job instance at 0x7f21a1fc99b0>,112,21,[12  2],113,-1,137,-1,116
1,<environment.Job instance at 0x7f21a1a428c0>,113,26,[ 3 11],114,-1,142,-1,116
1,<environment.Job instance at 0x7f21aa7175a0>,114,21,[ 3 11],115,-1,137,-1,116
1,<environment.Job instance at 0x7f21a193de10>,115,13,[ 3 14],116,-1,129,-1,116
1,<environment.Job instance at 0x7f21a163b730>,116,27,[ 3 12],117,-1,144,-1,117
1,<environment.Job instance at 0x7f21a0c86690>,117,14,[ 5 11],118,-1,132,-1,118
1,<environment.Job instance at 0x7f21a1429af0>,118,26,[12  1],119,-1,145,-1,119
1,<environment.Job instance at 0x7f21a1bd4500>,119,28,[10  1],120,-1,148,-1,120
1,<environment.Job instance at 0x7f21a1bd4640>,120,18,[13  5],121,-1,139,-1,121
1,<environment.Job instance at 0x7f21a0a3c8c0>,121,28,[4 7],122,-1,150,-1,122
1,<environment.Job instance at 0x7f21a07f8910>,122,27,[ 1 14],123,-1,150,-1,123
1,<environment.Job instance at 0x7f21a1fd4e60>,123,25,[11  3],124,-1,149,-1,124
1,<environment.Job instance at 0x7f21a146df50>,124,17,[13  3],125,-1,142,-1,125
1,<environment.Job instance at 0x7f21a0961a00>,125,23,[13  1],126,-1,149,-1,126
1,<environment.Job instance at 0x7f21a0961640>,126,25,[ 1 11],127,-1,152,-1,127
1,<environment.Job instance at 0x7f21a09616e0>,127,25,[7 4],128,-1,153,-1,128
1,<environment.Job instance at 0x7f21a0961960>,128,25,[ 5 14],129,-1,154,-1,129
1,<environment.Job instance at 0x7f21a0961e10>,129,18,[12  1],130,-1,148,-1,130
1,<environment.Job instance at 0x7f21a0961b90>,130,26,[13  5],131,-1,157,-1,131
1,<environment.Job instance at 0x7f21a0961820>,131,21,[14  4],132,-1,153,-1,132
1,<environment.Job instance at 0x7f21a1fd9910>,132,26,[13  4],133,-1,159,-1,133
1,<environment.Job instance at 0x7f21a1fd9230>,133,24,[ 4 13],134,-1,158,-1,134
1,<environment.Job instance at 0x7f21a1fd9c30>,134,27,[ 2 11],135,-1,162,-1,135
1,<environment.Job instance at 0x7f21a1fd9690>,135,21,[ 1 13],136,-1,157,-1,136
1,<environment.Job instance at 0x7f21a14bf4b0>,136,26,[14  5],137,-1,163,-1,137
1,<environment.Job instance at 0x7f21a1b78820>,137,12,[ 3 11],138,-1,150,-1,138
1,<environment.Job instance at 0x7f21a1b78eb0>,138,26,[ 3 12],139,-1,165,-1,139
1,<environment.Job instance at 0x7f21a1b784b0>,139,28,[11  1],140,-1,168,-1,140
1,<environment.Job instance at 0x7f21a1b78e60>,140,26,[11  3],141,-1,167,-1,141
1,<environment.Job instance at 0x7f21a1b78780>,141,21,[ 2 11],142,-1,163,-1,142
1,<environment.Job instance at 0x7f21a1b78c80>,142,24,[11  5],143,-1,167,-1,143
1,<environment.Job instance at 0x7f21a1b782d0>,143,22,[1 7],144,-1,166,-1,144
1,<environment.Job instance at 0x7f21a1b785f0>,146,20,[ 3 11],147,-1,168,-1,148
1,<environment.Job instance at 0x7f21a1fed820>,148,12,[12  3],149,-1,167,-1,155
1,<environment.Job instance at 0x7f21a1b7a5f0>,1,21,[13  2],2,-1,23,-1,2
1,<environment.Job instance at 0x7f21a1fed280>,2,20,[ 2 14],3,-1,23,-1,3
1,<environment.Job instance at 0x7f21a10cb190>,3,27,[13  2],4,-1,31,-1,4
1,<environment.Job instance at 0x7f21a1d54a50>,4,22,[ 4 10],5,-1,27,-1,5
1,<environment.Job instance at 0x7f21a1d54190>,5,21,[11  4],6,-1,27,-1,6
1,<environment.Job instance at 0x7f21a1d54050>,7,24,[12  4],8,-1,32,-1,8
1,<environment.Job instance at 0x7f21a1d54320>,8,19,[ 5 14],9,-1,28,-1,9
1,<environment.Job instance at 0x7f21a1d540a0>,9,27,[ 2 11],10,-1,37,-1,10
1,<environment.Job instance at 0x7f21a1d542d0>,10,18,[ 3 14],11,-1,29,-1,11
1,<environment.Job instance at 0x7f21a1d54820>,11,23,[ 3 14],12,-1,35,-1,12
1,<environment.Job instance at 0x7f21a1d54eb0>,12,19,[13  2],13,-1,32,-1,13
1,<environment.Job instance at 0x7f21a1d54f00>,13,25,[14  3],14,-1,39,-1,14
1,<environment.Job instance at 0x7f21a1d54f50>,14,24,[ 1 13],15,-1,39,-1,15
1,<environment.Job instance at 0x7f21a1d544b0>,16,14,[12  2],17,-1,31,-1,17
1,<environment.Job instance at 0x7f21a1d54730>,17,19,[ 3 11],18,-1,37,-1,18
1,<environment.Job instance at 0x7f21a1d547d0>,18,23,[11  1],19,-1,42,-1,19
1,<environment.Job instance at 0x7f21a1d54be0>,19,26,[1 9],20,-1,46,-1,20
1,<environment.Job instance at 0x7f21a1d53500>,20,12,[11  2],21,-1,33,-1,21
1,<environment.Job instance at 0x7f21a1d53640>,21,19,[ 5 12],22,-1,41,-1,22
1,<environment.Job instance at 0x7f21a1d536e0>,22,25,[ 1 13],23,-1,48,-1,23
1,<environment.Job instance at 0x7f21a1d53c30>,23,12,[ 4 14],24,-1,36,-1,24
1,<environment.Job instance at 0x7f21a1fed820>,25,22,[ 3 13],26,-1,48,-1,26
1,<environment.Job instance at 0x7f21a1d53be0>,24,16,[14  1],25,-1,42,-1,26
1,<environment.Job instance at 0x7f21a1d53f50>,26,28,[ 4 13],27,-1,55,-1,27
1,<environment.Job instance at 0x7f21a1d538c0>,27,28,[13  4],28,-1,56,-1,28
1,<environment.Job instance at 0x7f21a1d53aa0>,28,28,[ 3 10],29,-1,57,-1,29
1,<environment.Job instance at 0x7f21a1d53870>,29,28,[5 5],30,-1,58,-1,30
1,<environment.Job instance at 0x7f21a1d539b0>,30,21,[12  5],31,-1,52,-1,31
1,<environment.Job instance at 0x7f21a1d53320>,32,25,[14  3],33,-1,58,-1,33
1,<environment.Job instance at 0x7f21a1d53410>,33,26,[ 5 14],34,-1,60,-1,34
1,<environment.Job instance at 0x7f21a1a1c780>,34,21,[11  1],35,-1,56,-1,35
1,<environment.Job instance at 0x7f21a1a1cbe0>,35,20,[ 1 13],36,-1,56,-1,36
1,<environment.Job instance at 0x7f21a1a1cb90>,36,21,[ 5 12],37,-1,58,-1,37
1,<environment.Job instance at 0x7f21a1a1cd20>,37,23,[13  4],38,-1,61,-1,38
1,<environment.Job instance at 0x7f21a1a1cb40>,38,16,[ 5 11],39,-1,55,-1,39
1,<environment.Job instance at 0x7f21a1a1c7d0>,40,21,[11  5],41,-1,62,-1,41
1,<environment.Job instance at 0x7f21a1a1c8c0>,41,27,[13  2],42,-1,69,-1,42
1,<environment.Job instance at 0x7f21a1a1c910>,43,24,[10  2],44,-1,68,-1,44
1,<environment.Job instance at 0x7f21a1a1ceb0>,44,23,[ 5 12],45,-1,68,-1,45
1,<environment.Job instance at 0x7f21a1a1c9b0>,45,20,[ 3 11],46,-1,66,-1,46
1,<environment.Job instance at 0x7f21a1a1cd70>,46,21,[ 1 14],47,-1,68,-1,47
1,<environment.Job instance at 0x7f21a1a1c320>,47,16,[ 2 12],48,-1,64,-1,48
1,<environment.Job instance at 0x7f21a1a1c190>,48,20,[ 3 12],49,-1,69,-1,49
1,<environment.Job instance at 0x7f21a1a1c2d0>,49,18,[ 4 11],50,-1,68,-1,50
1,<environment.Job instance at 0x7f21a1a1c690>,50,21,[ 5 12],51,-1,72,-1,51
1,<environment.Job instance at 0x7f21a1a1c460>,51,13,[ 5 11],52,-1,65,-1,52
1,<environment.Job instance at 0x7f21a1a1c5f0>,53,25,[11  2],54,-1,79,-1,54
1,<environment.Job instance at 0x7f21a15500a0>,54,23,[ 2 13],55,-1,78,-1,55
1,<environment.Job instance at 0x7f21a1550f00>,55,20,[11  4],56,-1,76,-1,56
1,<environment.Job instance at 0x7f21a1550500>,56,23,[ 5 14],57,-1,80,-1,57
1,<environment.Job instance at 0x7f21a1550dc0>,57,28,[14  3],58,-1,86,-1,58
1,<environment.Job instance at 0x7f21a1550a00>,58,18,[14  3],59,-1,77,-1,59
1,<environment.Job instance at 0x7f21a1550410>,59,22,[13  2],60,-1,82,-1,60
1,<environment.Job instance at 0x7f21a15508c0>,60,22,[ 5 10],61,-1,83,-1,61
1,<environment.Job instance at 0x7f21a1550c30>,61,28,[ 3 13],62,-1,90,-1,62
1,<environment.Job instance at 0x7f21a1550be0>,62,26,[13  2],63,-1,89,-1,63
1,<environment.Job instance at 0x7f21a15502d0>,63,14,[13  1],64,-1,78,-1,64
1,<environment.Job instance at 0x7f21a1550f50>,64,22,[ 3 12],65,-1,87,-1,65
1,<environment.Job instance at 0x7f21a1550e10>,65,21,[ 4 11],66,-1,87,-1,66
1,<environment.Job instance at 0x7f21a1550a50>,66,16,[ 1 12],67,-1,83,-1,67
1,<environment.Job instance at 0x7f21a15504b0>,67,17,[ 2 11],68,-1,85,-1,68
1,<environment.Job instance at 0x7f21a1550460>,68,23,[ 4 12],69,-1,92,-1,69
1,<environment.Job instance at 0x7f21a1550280>,69,20,[ 1 14],70,-1,90,-1,70
1,<environment.Job instance at 0x7f21a1550cd0>,70,21,[11  2],71,-1,92,-1,71
1,<environment.Job instance at 0x7f21a15509b0>,71,27,[11  3],72,-1,99,-1,72
1,<environment.Job instance at 0x7f21a1550e60>,72,28,[12  4],73,-1,101,-1,73
1,<environment.Job instance at 0x7f21a1550190>,73,25,[ 1 11],74,-1,99,-1,74
1,<environment.Job instance at 0x7f21a1550c80>,74,27,[11  3],75,-1,102,-1,75
1,<environment.Job instance at 0x7f21a1f3cfa0>,76,26,[ 1 12],77,-1,103,-1,77
1,<environment.Job instance at 0x7f21a1f3ce10>,77,12,[ 5 14],78,-1,90,-1,78
1,<environment.Job instance at 0x7f21a1f3cf00>,78,20,[ 4 13],79,-1,99,-1,79
1,<environment.Job instance at 0x7f21a1f3c780>,80,28,[14  5],81,-1,109,-1,81
1,<environment.Job instance at 0x7f21a1a1c230>,82,28,[12  4],83,-1,111,-1,83
1,<environment.Job instance at 0x7f21a1f3c9b0>,83,16,[13  5],84,-1,100,-1,84
1,<environment.Job instance at 0x7f21a1f3c4b0>,84,24,[13  2],85,-1,109,-1,85
1,<environment.Job instance at 0x7f21a1f3c1e0>,81,21,[11  4],82,-1,106,-1,85
1,<environment.Job instance at 0x7f21a1f3ca50>,85,16,[14  5],86,-1,102,-1,86
1,<environment.Job instance at 0x7f21a1f3cbe0>,86,23,[ 1 13],87,-1,110,-1,87
1,<environment.Job instance at 0x7f21a1f3cb90>,87,12,[ 1 12],88,-1,100,-1,88
1,<environment.Job instance at 0x7f21a1f3c410>,88,22,[ 2 14],89,-1,111,-1,89
1,<environment.Job instance at 0x7f21a1f3c370>,89,26,[12  5],90,-1,116,-1,90
1,<environment.Job instance at 0x7f21a1f3c550>,90,13,[14  2],91,-1,104,-1,91
1,<environment.Job instance at 0x7f21a1f3c190>,93,27,[ 3 12],94,-1,121,-1,94
1,<environment.Job instance at 0x7f21a1f3ccd0>,92,12,[14  2],93,-1,106,-1,94
1,<environment.Job instance at 0x7f21a13e9730>,94,20,[12  4],95,-1,115,-1,95
1,<environment.Job instance at 0x7f21a13e9550>,95,21,[12  2],96,-1,117,-1,96
1,<environment.Job instance at 0x7f21a13e95f0>,96,24,[9 1],97,-1,121,-1,97
1,<environment.Job instance at 0x7f21a13e9e60>,97,19,[12  2],98,-1,117,-1,98
1,<environment.Job instance at 0x7f21a13e9d70>,98,23,[13  4],99,-1,122,-1,99
1,<environment.Job instance at 0x7f21a13e9960>,99,19,[12  4],100,-1,119,-1,100
1,<environment.Job instance at 0x7f21a13e9460>,100,25,[ 3 13],101,-1,126,-1,101
1,<environment.Job instance at 0x7f21a13e9fa0>,101,20,[ 2 13],102,-1,122,-1,102
1,<environment.Job instance at 0x7f21a13e9f50>,102,19,[ 3 11],103,-1,122,-1,103
1,<environment.Job instance at 0x7f21a13e9af0>,103,20,[12  4],104,-1,124,-1,104
1,<environment.Job instance at 0x7f21a13e9c30>,104,26,[ 4 11],105,-1,131,-1,105
1,<environment.Job instance at 0x7f21a13e93c0>,105,12,[13  3],106,-1,118,-1,106
1,<environment.Job instance at 0x7f21a13e9dc0>,106,27,[ 1 13],107,-1,134,-1,107
1,<environment.Job instance at 0x7f21a13e9190>,108,23,[ 4 12],109,-1,132,-1,109
1,<environment.Job instance at 0x7f21a13e9050>,109,27,[ 3 14],110,-1,137,-1,110
1,<environment.Job instance at 0x7f21a13e9cd0>,110,26,[10  5],111,-1,137,-1,111
1,<environment.Job instance at 0x7f21a1525eb0>,112,17,[13  1],113,-1,130,-1,113
1,<environment.Job instance at 0x7f21a1525730>,113,23,[ 1 11],114,-1,137,-1,114
1,<environment.Job instance at 0x7f21a1525230>,114,19,[14  4],115,-1,134,-1,115
1,<environment.Job instance at 0x7f21a1525f00>,115,24,[13  5],116,-1,140,-1,116
1,<environment.Job instance at 0x7f21a1525410>,116,25,[ 4 12],117,-1,142,-1,117
1,<environment.Job instance at 0x7f21a1525c30>,117,25,[14  2],118,-1,143,-1,118
1,<environment.Job instance at 0x7f21a13e9320>,119,22,[ 3 14],120,-1,142,-1,120
1,<environment.Job instance at 0x7f21a1525500>,121,23,[11  1],122,-1,145,-1,122
1,<environment.Job instance at 0x7f21a1525140>,122,14,[ 3 12],123,-1,137,-1,123
1,<environment.Job instance at 0x7f21a15259b0>,123,17,[14  3],124,-1,141,-1,124
1,<environment.Job instance at 0x7f21a1525460>,124,24,[ 3 14],125,-1,149,-1,125
1,<environment.Job instance at 0x7f21a15258c0>,125,20,[ 4 14],126,-1,146,-1,126
1,<environment.Job instance at 0x7f21a1525190>,126,24,[ 4 11],127,-1,151,-1,127
1,<environment.Job instance at 0x7f21a155d460>,127,24,[ 1 10],128,-1,152,-1,128
1,<environment.Job instance at 0x7f21a155dd20>,128,28,[9 5],129,-1,157,-1,129
1,<environment.Job instance at 0x7f21a155d370>,129,23,[5 5],130,-1,153,-1,130
1,<environment.Job instance at 0x7f21a155df00>,130,19,[ 4 13],131,-1,150,-1,131
1,<environment.Job instance at 0x7f21a1525050>,132,26,[ 4 14],133,-1,159,-1,133
1,<environment.Job instance at 0x7f21a155d320>,133,25,[13  1],134,-1,159,-1,134
1,<environment.Job instance at 0x7f21a155d410>,134,23,[6 5],135,-1,167,-1,144
1,<environment.Job instance at 0x7f21a155d960>,137,23,[ 4 14],138,-1,167,-1,144
1,<environment.Job instance at 0x7f21a155daf0>,138,20,[ 4 12],139,-1,164,-1,144
1,<environment.Job instance at 0x7f21a155deb0>,139,26,[10  5],140,-1,170,-1,144
1,<environment.Job instance at 0x7f21a155ddc0>,140,19,[ 4 13],141,-1,163,-1,144
1,<environment.Job instance at 0x7f21a155d6e0>,141,18,[14  3],142,-1,162,-1,144
1,<environment.Job instance at 0x7f21a155d190>,142,26,[5 9],143,-1,170,-1,144
1,<environment.Job instance at 0x7f21a155daa0>,143,28,[12  4],144,-1,172,-1,144
1,<environment.Job instance at 0x7f21a1f048c0>,144,26,[12  4],145,-1,171,-1,145
1,<environment.Job instance at 0x7f21a09fe320>,145,22,[13  1],146,-1,168,-1,146
1,<environment.Job instance at 0x7f21a09fee10>,146,21,[13  5],147,-1,168,-1,147
1,<environment.Job instance at 0x7f21a09fed20>,147,20,[ 5 14],148,-1,168,-1,148
1,<environment.Job instance at 0x7f21a1b62140>,3,23,[ 4 14],4,-1,27,-1,4
1,<environment.Job instance at 0x7f21a1b62320>,4,28,[3 7],5,-1,33,-1,5
1,<environment.Job instance at 0x7f21a1b62af0>,5,24,[13  5],6,-1,30,-1,6
1,<environment.Job instance at 0x7f21a1b62410>,6,28,[14  3],7,-1,35,-1,7
1,<environment.Job instance at 0x7f21a1533500>,7,19,[ 4 14],8,-1,27,-1,8
1,<environment.Job instance at 0x7f21a1533eb0>,8,24,[12  2],9,-1,33,-1,9
1,<environment.Job instance at 0x7f21a1533e10>,10,20,[13  3],11,-1,31,-1,11
1,<environment.Job instance at 0x7f21a12b1e10>,12,23,[4 8],13,-1,38,-1,15
1,<environment.Job instance at 0x7f21a15339b0>,15,21,[ 1 13],16,-1,37,-1,16
1,<environment.Job instance at 0x7f21a15335a0>,16,28,[ 3 13],17,-1,45,-1,17
1,<environment.Job instance at 0x7f21a1533910>,17,23,[12  5],18,-1,41,-1,18
1,<environment.Job instance at 0x7f21a1533c30>,18,23,[12  4],19,-1,42,-1,19
1,<environment.Job instance at 0x7f21a15334b0>,19,23,[14  2],20,-1,43,-1,20
1,<environment.Job instance at 0x7f21a1533cd0>,20,24,[8 3],21,-1,45,-1,21
1,<environment.Job instance at 0x7f21a1533a50>,21,26,[1 7],22,-1,48,-1,22
1,<environment.Job instance at 0x7f21a1533140>,22,14,[ 4 13],23,-1,37,-1,23
1,<environment.Job instance at 0x7f21a15332d0>,23,24,[1 7],24,-1,52,-1,28
1,<environment.Job instance at 0x7f21a1533be0>,24,23,[ 3 14],25,-1,51,-1,28
1,<environment.Job instance at 0x7f21a1533050>,25,18,[13  3],26,-1,46,-1,28
1,<environment.Job instance at 0x7f21a15336e0>,26,14,[11  3],27,-1,44,-1,30
1,<environment.Job instance at 0x7f21a1533aa0>,27,20,[12  4],28,-1,50,-1,30
1,<environment.Job instance at 0x7f21a1533550>,28,16,[ 1 13],29,-1,46,-1,30
1,<environment.Job instance at 0x7f21a1533c80>,29,26,[ 4 13],30,-1,56,-1,30
1,<environment.Job instance at 0x7f21a1533320>,30,26,[ 4 14],31,-1,57,-1,31
1,<environment.Job instance at 0x7f21a0b24fa0>,31,21,[12  3],32,-1,53,-1,32
1,<environment.Job instance at 0x7f21a0b24140>,32,22,[11  4],33,-1,55,-1,33
1,<environment.Job instance at 0x7f21a0b244b0>,33,27,[ 2 10],34,-1,61,-1,34
1,<environment.Job instance at 0x7f21a0b245a0>,34,16,[14  1],35,-1,51,-1,35
1,<environment.Job instance at 0x7f21a0b24640>,35,16,[11  1],36,-1,52,-1,36
1,<environment.Job instance at 0x7f21a0b24370>,36,28,[12  1],37,-1,65,-1,37
1,<environment.Job instance at 0x7f21a0b246e0>,39,19,[ 4 11],40,-1,71,-1,52
1,<environment.Job instance at 0x7f21a0b24460>,41,25,[2 9],42,-1,78,-1,53
1,<environment.Job instance at 0x7f21a0b24320>,42,21,[ 2 12],43,-1,74,-1,53
1,<environment.Job instance at 0x7f21a0b24cd0>,43,20,[ 1 13],44,-1,73,-1,53
1,<environment.Job instance at 0x7f21a0b245f0>,44,23,[11  5],45,-1,76,-1,53
1,<environment.Job instance at 0x7f21a0b24c30>,45,25,[10  2],46,-1,78,-1,53
1,<environment.Job instance at 0x7f21a0b24410>,46,27,[13  4],47,-1,80,-1,53
1,<environment.Job instance at 0x7f21a0b24e60>,47,26,[2 9],48,-1,79,-1,53
1,<environment.Job instance at 0x7f21a0b24280>,48,28,[ 1 11],49,-1,81,-1,53
1,<environment.Job instance at 0x7f21a0b24870>,49,21,[ 5 14],50,-1,74,-1,53
1,<environment.Job instance at 0x7f21a0b24af0>,50,27,[13  2],51,-1,80,-1,53
1,<environment.Job instance at 0x7f21a0b240f0>,51,19,[ 2 12],52,-1,72,-1,53
1,<environment.Job instance at 0x7f21a1541460>,52,20,[13  5],53,-1,73,-1,53
1,<environment.Job instance at 0x7f21a0b243c0>,53,20,[13  1],54,-1,74,-1,54
1,<environment.Job instance at 0x7f21a0857a50>,54,22,[ 3 11],55,-1,77,-1,55
1,<environment.Job instance at 0x7f21a0857be0>,55,26,[6 1],56,-1,82,-1,56
1,<environment.Job instance at 0x7f21a0857460>,56,13,[14  4],57,-1,70,-1,57
1,<environment.Job instance at 0x7f21a08570f0>,57,27,[12  3],58,-1,85,-1,58
1,<environment.Job instance at 0x7f21a0857eb0>,58,15,[ 3 14],59,-1,74,-1,59
1,<environment.Job instance at 0x7f21a08571e0>,59,21,[ 1 10],60,-1,82,-1,61
1,<environment.Job instance at 0x7f21a0b24be0>,60,21,[13  3],61,-1,82,-1,61
1,<environment.Job instance at 0x7f21a08574b0>,61,24,[13  4],62,-1,86,-1,62
1,<environment.Job instance at 0x7f21a0857410>,62,21,[11  2],63,-1,84,-1,63
1,<environment.Job instance at 0x7f21a0857e60>,63,27,[13  2],64,-1,91,-1,64
1,<environment.Job instance at 0x7f21a08570a0>,64,22,[ 5 14],65,-1,87,-1,65
1,<environment.Job instance at 0x7f21a0857fa0>,65,28,[7 5],66,-1,94,-1,66
1,<environment.Job instance at 0x7f21a0857c30>,67,26,[11  1],68,-1,95,-1,69
1,<environment.Job instance at 0x7f21a0857b90>,68,28,[ 1 12],69,-1,97,-1,69
1,<environment.Job instance at 0x7f21a0857140>,69,22,[ 2 12],70,-1,92,-1,70
1,<environment.Job instance at 0x7f21a08575a0>,70,21,[12  4],71,-1,92,-1,71
1,<environment.Job instance at 0x7f21a0857550>,71,24,[ 3 13],72,-1,96,-1,72
1,<environment.Job instance at 0x7f21a08572d0>,72,24,[12  5],73,-1,97,-1,73
1,<environment.Job instance at 0x7f21a0857500>,73,27,[ 5 14],74,-1,101,-1,74
1,<environment.Job instance at 0x7f21a0857780>,74,18,[ 3 11],75,-1,93,-1,75
1,<environment.Job instance at 0x7f21a11dc050>,75,27,[ 1 14],76,-1,103,-1,76
1,<environment.Job instance at 0x7f21a11dc500>,76,26,[11  5],77,-1,103,-1,77
1,<environment.Job instance at 0x7f21a11dc0a0>,77,26,[ 3 11],78,-1,104,-1,78
1,<environment.Job instance at 0x7f21a11dcd70>,78,27,[11  4],79,-1,106,-1,79
1,<environment.Job instance at 0x7f21a11dce10>,79,18,[14  5],80,-1,98,-1,80
1,<environment.Job instance at 0x7f21a11dc140>,80,17,[ 5 11],81,-1,98,-1,81
1,<environment.Job instance at 0x7f21a11dc370>,81,20,[ 2 13],82,-1,102,-1,82
1,<environment.Job instance at 0x7f21a11dc280>,82,20,[11  5],83,-1,103,-1,83
1,<environment.Job instance at 0x7f21a11dc410>,86,20,[ 4 11],87,-1,123,-1,103
1,<environment.Job instance at 0x7f21a11dc910>,87,21,[14  5],88,-1,124,-1,103
1,<environment.Job instance at 0x7f21a11dc8c0>,88,16,[ 5 14],89,-1,119,-1,103
1,<environment.Job instance at 0x7f21a0f21d70>,90,17,[14  1],91,-1,120,-1,103
1,<environment.Job instance at 0x7f21a0f21be0>,91,12,[14  1],92,-1,115,-1,103
1,<environment.Job instance at 0x7f21a0f21f00>,92,28,[13  3],93,-1,131,-1,103
1,<environment.Job instance at 0x7f21a0f21370>,93,21,[ 4 12],94,-1,124,-1,103
1,<environment.Job instance at 0x7f21a0f21410>,94,24,[7 2],95,-1,127,-1,103
1,<environment.Job instance at 0x7f21a0f21460>,95,13,[11  5],96,-1,116,-1,103
1,<environment.Job instance at 0x7f21a0f21b40>,96,24,[13  4],97,-1,127,-1,103
1,<environment.Job instance at 0x7f21a0f21cd0>,97,20,[ 3 12],98,-1,123,-1,103
1,<environment.Job instance at 0x7f21a1f81aa0>,98,14,[ 3 14],99,-1,117,-1,103
1,<environment.Job instance at 0x7f21a1f81370>,100,20,[12  3],101,-1,132,-1,112
1,<environment.Job instance at 0x7f21a1f81690>,101,22,[ 2 11],102,-1,134,-1,112
1,<environment.Job instance at 0x7f21a1f81050>,102,20,[ 4 12],103,-1,132,-1,112
1,<environment.Job instance at 0x7f21a1f81730>,103,26,[11  1],104,-1,138,-1,112
1,<environment.Job instance at 0x7f21a1f813c0>,104,12,[14  1],105,-1,124,-1,112
1,<environment.Job instance at 0x7f21a1f81d70>,105,22,[ 3 13],106,-1,134,-1,112
1,<environment.Job instance at 0x7f21a1f81280>,106,22,[14  5],107,-1,134,-1,112
1,<environment.Job instance at 0x7f21a1f81640>,107,25,[ 5 11],108,-1,137,-1,112
1,<environment.Job instance at 0x7f21a1f81be0>,108,27,[ 3 13],109,-1,139,-1,112
1,<environment.Job instance at 0x7f21a1f81140>,109,26,[13  2],110,-1,138,-1,112
1,<environment.Job instance at 0x7f21a1f811e0>,110,19,[12  4],111,-1,131,-1,112
1,<environment.Job instance at 0x7f21a1f81460>,111,24,[1 9],112,-1,136,-1,112
1,<environment.Job instance at 0x7f21a1f815a0>,112,16,[ 3 12],113,-1,129,-1,113
1,<environment.Job instance at 0x7f21a1f81550>,113,20,[ 3 14],114,-1,134,-1,114
1,<environment.Job instance at 0x7f21a1f816e0>,114,27,[6 1],115,-1,142,-1,115
1,<environment.Job instance at 0x7f21a1f81fa0>,115,22,[11  5],116,-1,138,-1,116
1,<environment.Job instance at 0x7f21a1f81230>,116,17,[ 1 11],117,-1,134,-1,117
1,<environment.Job instance at 0x7f21aa71e820>,117,26,[ 1 12],118,-1,144,-1,118
1,<environment.Job instance at 0x7f21aa71e140>,118,25,[13  1],119,-1,144,-1,119
1,<environment.Job instance at 0x7f21aa71e230>,121,27,[8 5],122,-1,175,-1,148
1,<environment.Job instance at 0x7f21aa71ed20>,122,26,[1 9],123,-1,174,-1,148
1,<environment.Job instance at 0x7f21aa71e0a0>,123,20,[ 2 13],124,-1,168,-1,148
1,<environment.Job instance at 0x7f21aa71e7d0>,124,26,[7 4],125,-1,174,-1,148
1,<environment.Job instance at 0x7f21aa71e0f0>,125,26,[12  5],126,-1,174,-1,148
1,<environment.Job instance at 0x7f21aa71eb40>,126,23,[13  3],127,-1,171,-1,148
1,<environment.Job instance at 0x7f21aa71e410>,127,27,[14  4],128,-1,175,-1,148
1,<environment.Job instance at 0x7f21aa71edc0>,128,13,[ 4 14],129,-1,161,-1,148
1,<environment.Job instance at 0x7f21aa71e5f0>,129,23,[12  3],130,-1,171,-1,148
1,<environment.Job instance at 0x7f21aa71eb90>,130,27,[ 1 12],131,-1,175,-1,148
1,<environment.Job instance at 0x7f21aa71efa0>,131,28,[13  5],132,-1,176,-1,148
1,<environment.Job instance at 0x7f21aa71e500>,132,26,[ 2 14],133,-1,174,-1,148
1,<environment.Job instance at 0x7f21aa71ec80>,133,27,[ 1 12],134,-1,175,-1,148
1,<environment.Job instance at 0x7f21aa71e4b0>,134,25,[ 4 13],135,-1,173,-1,148
1,<environment.Job instance at 0x7f21aa71e8c0>,137,27,[12  3],138,-1,193,-1,166
1,<environment.Job instance at 0x7f21a113c370>,1,23,[14  1],2,-1,25,-1,2
1,<environment.Job instance at 0x7f21aa71ec30>,2,24,[12  3],3,-1,27,-1,3
1,<environment.Job instance at 0x7f21a1bf5690>,3,25,[ 4 12],4,-1,29,-1,4
1,<environment.Job instance at 0x7f21a1bf5f00>,4,28,[ 5 11],5,-1,33,-1,5
1,<environment.Job instance at 0x7f21a1bf5a00>,5,22,[5 9],6,-1,28,-1,6
1,<environment.Job instance at 0x7f21a1bf5910>,7,21,[ 2 14],8,-1,29,-1,8
1,<environment.Job instance at 0x7f21a1bf50f0>,8,15,[ 2 11],9,-1,24,-1,9
1,<environment.Job instance at 0x7f21a1f52dc0>,9,12,[ 5 13],10,-1,22,-1,10
1,<environment.Job instance at 0x7f21a1f521e0>,10,27,[12  2],11,-1,38,-1,11
1,<environment.Job instance at 0x7f21a1f524b0>,11,26,[6 2],12,-1,38,-1,12
1,<environment.Job instance at 0x7f21a1f52550>,12,20,[ 2 11],13,-1,33,-1,13
1,<environment.Job instance at 0x7f21a1f523c0>,13,14,[13  3],14,-1,28,-1,14
1,<environment.Job instance at 0x7f21a1f525a0>,17,24,[ 4 14],18,-1,42,-1,18
1,<environment.Job instance at 0x7f21a1f52410>,18,17,[ 5 13],19,-1,36,-1,19
1,<environment.Job instance at 0x7f21a1f52eb0>,22,23,[ 2 12],23,-1,63,-1,40
1,<environment.Job instance at 0x7f21a1f52820>,23,27,[ 3 14],24,-1,67,-1,40
1,<environment.Job instance at 0x7f21a1f52aa0>,24,13,[12  1],25,-1,53,-1,40
1,<environment.Job instance at 0x7f21a0882410>,25,28,[13  1],26,-1,68,-1,40
1,<environment.Job instance at 0x7f21a0882550>,27,17,[14  2],28,-1,58,-1,41
1,<environment.Job instance at 0x7f21a0882640>,28,16,[ 4 14],29,-1,57,-1,41
1,<environment.Job instance at 0x7f21a0882b90>,30,24,[10  5],31,-1,81,-1,57
1,<environment.Job instance at 0x7f21a0882b40>,31,18,[13  5],32,-1,75,-1,57
1,<environment.Job instance at 0x7f21a0882d70>,33,22,[ 1 13],34,-1,89,-1,67
1,<environment.Job instance at 0x7f21a0882c80>,34,20,[12  4],35,-1,87,-1,67
1,<environment.Job instance at 0x7f21a0882960>,35,19,[ 1 11],36,-1,86,-1,67
1,<environment.Job instance at 0x7f21a1c1a320>,36,26,[14  4],37,-1,93,-1,67
1,<environment.Job instance at 0x7f21a1c1a640>,37,23,[ 5 12],38,-1,90,-1,67
1,<environment.Job instance at 0x7f21a1c1ab40>,38,21,[ 3 13],39,-1,88,-1,67
1,<environment.Job instance at 0x7f21a1c1a820>,39,25,[14  1],40,-1,92,-1,67
1,<environment.Job instance at 0x7f21a1c1acd0>,40,13,[ 2 11],41,-1,80,-1,67
1,<environment.Job instance at 0x7f21a1c1a0a0>,41,28,[ 1 13],42,-1,95,-1,67
1,<environment.Job instance at 0x7f21a1c1ab90>,42,22,[ 3 12],43,-1,89,-1,67
1,<environment.Job instance at 0x7f21a1c1aeb0>,44,13,[ 1 11],45,-1,93,-1,80
1,<environment.Job instance at 0x7f21a1c1ad70>,45,22,[ 3 11],46,-1,102,-1,80
1,<environment.Job instance at 0x7f21a1c1af50>,46,28,[3 9],47,-1,108,-1,80
1,<environment.Job instance at 0x7f21a1dcc9b0>,47,28,[ 1 14],48,-1,108,-1,80
1,<environment.Job instance at 0x7f21a1dcc910>,48,23,[ 5 12],49,-1,103,-1,80
1,<environment.Job instance at 0x7f21a1dccbe0>,50,23,[10  1],51,-1,103,-1,80
1,<environment.Job instance at 0x7f21a1ece730>,51,21,[12  2],52,-1,101,-1,80
1,<environment.Job instance at 0x7f21a1ece5a0>,52,26,[6 2],53,-1,107,-1,81
1,<environment.Job instance at 0x7f21a1ece640>,53,17,[ 4 12],54,-1,98,-1,81
1,<environment.Job instance at 0x7f21a1ecec80>,54,22,[ 5 13],55,-1,103,-1,81
1,<environment.Job instance at 0x7f21a1ece960>,55,16,[ 2 14],56,-1,97,-1,81
1,<environment.Job instance at 0x7f21a1ece5f0>,56,18,[14  5],57,-1,99,-1,81
1,<environment.Job instance at 0x7f21a1f06d70>,57,26,[12  5],58,-1,107,-1,81
1,<environment.Job instance at 0x7f21a1795af0>,58,23,[ 1 12],59,-1,104,-1,81
1,<environment.Job instance at 0x7f21a17955f0>,59,25,[ 1 14],60,-1,106,-1,81
1,<environment.Job instance at 0x7f21a0ef9780>,60,19,[11  5],61,-1,127,-1,108
1,<environment.Job instance at 0x7f21a099b0f0>,64,22,[ 2 14],65,-1,130,-1,108
1,<environment.Job instance at 0x7f21a099b5f0>,65,27,[ 4 13],66,-1,135,-1,108
1,<environment.Job instance at 0x7f21a21bf190>,66,23,[ 4 11],67,-1,131,-1,108
1,<environment.Job instance at 0x7f21a1777230>,67,23,[ 3 14],68,-1,131,-1,108
1,<environment.Job instance at 0x7f21a21bf3c0>,68,25,[11  5],69,-1,133,-1,108
1,<environment.Job instance at 0x7f21a1777e60>,69,21,[14  1],70,-1,129,-1,108
1,<environment.Job instance at 0x7f21a1777a00>,70,27,[ 2 11],71,-1,135,-1,108
1,<environment.Job instance at 0x7f21a17775f0>,71,25,[6 4],72,-1,133,-1,108
1,<environment.Job instance at 0x7f21a1777eb0>,72,27,[ 2 13],73,-1,135,-1,108
1,<environment.Job instance at 0x7f21a1777a50>,73,23,[14  4],74,-1,131,-1,108
1,<environment.Job instance at 0x7f21a17770f0>,74,14,[12  4],75,-1,122,-1,108
1,<environment.Job instance at 0x7f21a1777fa0>,75,20,[10  1],76,-1,140,-1,120
1,<environment.Job instance at 0x7f21a1777b90>,76,13,[11  3],77,-1,133,-1,120
1,<environment.Job instance at 0x7f21a1777cd0>,77,21,[12  3],78,-1,141,-1,120
1,<environment.Job instance at 0x7f21a1777280>,78,20,[ 1 14],79,-1,140,-1,120
1,<environment.Job instance at 0x7f21a1777af0>,79,21,[ 5 13],80,-1,141,-1,120
1,<environment.Job instance at 0x7f21a0bd25a0>,80,23,[ 5 10],81,-1,143,-1,120
1,<environment.Job instance at 0x7f21a122ffa0>,81,28,[ 2 11],82,-1,148,-1,120
1,<environment.Job instance at 0x7f21a1158640>,82,25,[14  1],83,-1,145,-1,120
1,<environment.Job instance at 0x7f21a1158b40>,84,14,[ 5 13],85,-1,142,-1,128
1,<environment.Job instance at 0x7f21a11584b0>,85,25,[11  2],86,-1,153,-1,128
1,<environment.Job instance at 0x7f21a11585a0>,86,26,[ 1 10],87,-1,154,-1,128
1,<environment.Job instance at 0x7f21a1158820>,87,26,[ 4 11],88,-1,154,-1,128
1,<environment.Job instance at 0x7f21a1158a00>,88,23,[12  4],89,-1,151,-1,128
1,<environment.Job instance at 0x7f21a0f54a00>,89,19,[ 5 12],90,-1,147,-1,128
1,<environment.Job instance at 0x7f21a1158aa0>,90,26,[11  1],91,-1,154,-1,128
1,<environment.Job instance at 0x7f21a11588c0>,91,28,[ 1 14],92,-1,156,-1,128
1,<environment.Job instance at 0x7f21a124e0f0>,92,19,[ 2 11],93,-1,147,-1,128
1,<environment.Job instance at 0x7f21a0865dc0>,93,28,[ 3 11],94,-1,156,-1,128
1,<environment.Job instance at 0x7f21a1234500>,94,17,[5 2],95,-1,145,-1,128
1,<environment.Job instance at 0x7f21a1467a50>,95,26,[ 2 11],96,-1,154,-1,128
1,<environment.Job instance at 0x7f21a18e6f00>,96,22,[ 5 12],97,-1,150,-1,128
1,<environment.Job instance at 0x7f21a0f7ffa0>,97,28,[ 4 13],98,-1,156,-1,128
1,<environment.Job instance at 0x7f21a0e86a00>,98,15,[ 4 12],99,-1,143,-1,128
1,<environment.Job instance at 0x7f21a147e960>,99,22,[5 2],100,-1,150,-1,128
1,<environment.Job instance at 0x7f21a2196dc0>,100,25,[ 4 11],101,-1,153,-1,128
1,<environment.Job instance at 0x7f21aa73db90>,101,26,[ 5 14],102,-1,154,-1,128
1,<environment.Job instance at 0x7f21a0f705a0>,102,21,[ 4 13],103,-1,149,-1,128
1,<environment.Job instance at 0x7f21a1842eb0>,103,27,[ 4 14],104,-1,155,-1,128
1,<environment.Job instance at 0x7f21a1ab9b90>,105,28,[ 5 11],106,-1,165,-1,137
1,<environment.Job instance at 0x7f21a1ab9280>,106,22,[12  3],107,-1,159,-1,137
1,<environment.Job instance at 0x7f21a1ab9cd0>,108,22,[ 2 13],109,-1,170,-1,148
1,<environment.Job instance at 0x7f21a1aa3280>,109,25,[ 4 12],110,-1,173,-1,148
1,<environment.Job instance at 0x7f21a1aa34b0>,110,21,[ 4 11],111,-1,169,-1,148
1,<environment.Job instance at 0x7f21a1aa0550>,111,22,[13  2],112,-1,170,-1,148
1,<environment.Job instance at 0x7f21a186d5f0>,112,23,[13  4],113,-1,171,-1,148
1,<environment.Job instance at 0x7f21a1aa31e0>,113,27,[5 4],114,-1,175,-1,148
1,<environment.Job instance at 0x7f21a1062280>,114,20,[ 2 13],115,-1,168,-1,148
1,<environment.Job instance at 0x7f21a1062730>,115,16,[11  4],116,-1,170,-1,154
1,<environment.Job instance at 0x7f21a1062d20>,117,23,[ 1 12],118,-1,177,-1,154
1,<environment.Job instance at 0x7f21a1062e60>,118,28,[ 2 14],119,-1,182,-1,154
1,<environment.Job instance at 0x7f21a1062f00>,119,26,[12  1],120,-1,180,-1,154
1,<environment.Job instance at 0x7f21a1062320>,120,24,[5 5],121,-1,178,-1,154
1,<environment.Job instance at 0x7f21a1062cd0>,121,17,[ 4 12],122,-1,171,-1,154
1,<environment.Job instance at 0x7f21a1062190>,122,21,[11  1],123,-1,175,-1,154
1,<environment.Job instance at 0x7f21a1062fa0>,123,23,[10  1],124,-1,177,-1,154
1,<environment.Job instance at 0x7f21a1062050>,124,20,[ 5 14],125,-1,174,-1,154
1,<environment.Job instance at 0x7f21a1062eb0>,125,20,[13  1],126,-1,174,-1,154
1,<environment.Job instance at 0x7f21a1497b40>,126,12,[12  1],127,-1,166,-1,154
1,<environment.Job instance at 0x7f21a1497c80>,127,24,[ 1 12],128,-1,178,-1,154
1,<environment.Job instance at 0x7f21a1092690>,128,24,[13  2],129,-1,178,-1,154
1,<environment.Job instance at 0x7f21a1497960>,129,19,[13  4],130,-1,173,-1,154
1,<environment.Job instance at 0x7f21a10925f0>,130,22,[12  4],131,-1,176,-1,154
1,<environment.Job instance at 0x7f21a10926e0>,131,23,[13  5],132,-1,177,-1,154
1,<environment.Job instance at 0x7f21a1092550>,132,17,[ 1 12],133,-1,171,-1,154
1,<environment.Job instance at 0x7f21a1092910>,133,27,[11  5],134,-1,181,-1,154
1,<environment.Job instance at 0x7f21a1092370>,134,26,[ 4 14],135,-1,180,-1,154
1,<environment.Job instance at 0x7f21a1092c30>,135,20,[ 3 12],136,-1,174,-1,154
1,<environment.Job instance at 0x7f21a1092af0>,136,28,[14  3],137,-1,182,-1,154
1,<environment.Job instance at 0x7f21a1092eb0>,137,24,[14  2],138,-1,178,-1,154
1,<environment.Job instance at 0x7f21a1092c80>,138,28,[11  5],139,-1,182,-1,154
1,<environment.Job instance at 0x7f21a1092cd0>,139,25,[11  3],140,-1,179,-1,154
1,<environment.Job instance at 0x7f21a1092b90>,140,27,[ 2 14],141,-1,181,-1,154
1,<environment.Job instance at 0x7f21a108ba00>,141,23,[ 5 11],142,-1,177,-1,154
1,<environment.Job instance at 0x7f21a108b0f0>,142,26,[14  1],143,-1,180,-1,154
1,<environment.Job instance at 0x7f21a108b910>,143,22,[ 3 13],144,-1,176,-1,154
1,<environment.Job instance at 0x7f21a1234410>,3,28,[6 4],4,-1,32,-1,4
1,<environment.Job instance at 0x7f21a1234460>,4,20,[ 4 11],5,-1,25,-1,5
1,<environment.Job instance at 0x7f21a1234230>,5,19,[12  2],6,-1,25,-1,6
1,<environment.Job instance at 0x7f21a1234140>,6,26,[7 4],7,-1,33,-1,7
1,<environment.Job instance at 0x7f21a1234a00>,7,28,[ 4 12],8,-1,36,-1,8
1,<environment.Job instance at 0x7f21a1234960>,8,25,[ 2 14],9,-1,34,-1,9
1,<environment.Job instance at 0x7f21a08005f0>,10,24,[ 3 12],11,-1,35,-1,11
1,<environment.Job instance at 0x7f21a0800c30>,11,25,[14  1],12,-1,37,-1,12
1,<environment.Job instance at 0x7f21a08006e0>,12,24,[13  4],13,-1,37,-1,13
1,<environment.Job instance at 0x7f21a0800b90>,13,23,[4 5],14,-1,37,-1,14
1,<environment.Job instance at 0x7f21a0800e10>,14,25,[13  4],15,-1,40,-1,15
1,<environment.Job instance at 0x7f21a0800370>,15,22,[13  1],16,-1,38,-1,16
1,<environment.Job instance at 0x7f21a0800fa0>,16,22,[ 4 11],17,-1,39,-1,17
1,<environment.Job instance at 0x7f21a08001e0>,17,20,[14  2],18,-1,38,-1,18
1,<environment.Job instance at 0x7f21a0800a00>,18,27,[9 2],19,-1,46,-1,19
1,<environment.Job instance at 0x7f21a0800140>,19,28,[13  3],20,-1,48,-1,20
1,<environment.Job instance at 0x7f21a0800be0>,20,25,[ 3 11],21,-1,46,-1,21
1,<environment.Job instance at 0x7f21a0800aa0>,21,26,[14  4],22,-1,48,-1,22
1,<environment.Job instance at 0x7f21a08004b0>,22,24,[ 3 12],23,-1,47,-1,23
1,<environment.Job instance at 0x7f21a0800230>,23,13,[14  1],24,-1,37,-1,24
1,<environment.Job instance at 0x7f21a08000a0>,24,21,[12  3],25,-1,46,-1,25
1,<environment.Job instance at 0x7f21a08007d0>,25,23,[ 4 10],26,-1,49,-1,26
1,<environment.Job instance at 0x7f21a0800e60>,26,25,[ 5 13],27,-1,52,-1,27
1,<environment.Job instance at 0x7f21a0800f00>,27,20,[ 1 12],28,-1,48,-1,28
1,<environment.Job instance at 0x7f21a08003c0>,30,23,[ 4 12],31,-1,54,-1,31
1,<environment.Job instance at 0x7f21a108b910>,31,20,[ 1 12],32,-1,52,-1,32
1,<environment.Job instance at 0x7f21a123b5f0>,32,22,[ 5 11],33,-1,55,-1,33
1,<environment.Job instance at 0x7f21a123beb0>,33,19,[11  2],34,-1,53,-1,34
1,<environment.Job instance at 0x7f21a123bfa0>,34,15,[ 2 14],35,-1,50,-1,35
1,<environment.Job instance at 0x7f21a123bcd0>,35,22,[ 5 14],36,-1,58,-1,36
1,<environment.Job instance at 0x7f21a123bd20>,36,23,[ 3 12],37,-1,60,-1,37
1,<environment.Job instance at 0x7f21a123bdc0>,37,26,[ 4 13],38,-1,64,-1,38
1,<environment.Job instance at 0x7f21a123b7d0>,38,22,[ 4 12],39,-1,61,-1,39
1,<environment.Job instance at 0x7f21a123b140>,39,24,[10  5],40,-1,64,-1,40
1,<environment.Job instance at 0x7f21a123b500>,40,20,[ 5 11],41,-1,61,-1,41
1,<environment.Job instance at 0x7f21a123ba00>,41,28,[8 5],42,-1,70,-1,42
1,<environment.Job instance at 0x7f21a123bc30>,42,28,[13  1],43,-1,71,-1,43
1,<environment.Job instance at 0x7f21a123b820>,43,24,[ 1 14],44,-1,68,-1,44
1,<environment.Job instance at 0x7f21a123b870>,44,23,[6 5],45,-1,68,-1,45
1,<environment.Job instance at 0x7f21a123b050>,45,25,[14  1],46,-1,71,-1,46
1,<environment.Job instance at 0x7f21a123be60>,46,28,[ 2 11],47,-1,75,-1,47
1,<environment.Job instance at 0x7f21a1afa870>,47,23,[ 3 13],48,-1,71,-1,48
1,<environment.Job instance at 0x7f21a1afaaf0>,48,24,[12  2],49,-1,73,-1,49
1,<environment.Job instance at 0x7f21a1afa1e0>,49,27,[12  3],50,-1,77,-1,50
1,<environment.Job instance at 0x7f21a1afa280>,50,25,[ 2 14],51,-1,76,-1,51
1,<environment.Job instance at 0x7f21a1afa9b0>,51,23,[12  2],52,-1,75,-1,52
1,<environment.Job instance at 0x7f21a1afa190>,52,20,[ 5 12],53,-1,73,-1,53
1,<environment.Job instance at 0x7f21a1afa780>,53,25,[ 3 11],54,-1,79,-1,54
1,<environment.Job instance at 0x7f21a1afaa50>,54,25,[ 2 14],55,-1,80,-1,55
1,<environment.Job instance at 0x7f21a1afa0f0>,55,28,[ 2 11],56,-1,84,-1,56
1,<environment.Job instance at 0x7f21a1afa0a0>,57,14,[ 4 13],58,-1,72,-1,58
1,<environment.Job instance at 0x7f21a1afa690>,58,21,[ 5 13],59,-1,80,-1,59
1,<environment.Job instance at 0x7f21a1afab90>,59,14,[11  1],60,-1,74,-1,60
1,<environment.Job instance at 0x7f21a1afa320>,61,20,[12  5],62,-1,82,-1,62
1,<environment.Job instance at 0x7f21a159da50>,62,20,[13  5],63,-1,83,-1,63
1,<environment.Job instance at 0x7f21a159dfa0>,63,28,[2 5],64,-1,92,-1,64
1,<environment.Job instance at 0x7f21a159da00>,64,18,[ 5 14],65,-1,83,-1,65
1,<environment.Job instance at 0x7f21a159d0a0>,65,25,[11  1],66,-1,91,-1,66
1,<environment.Job instance at 0x7f21a159d140>,66,28,[14  1],67,-1,95,-1,67
1,<environment.Job instance at 0x7f21a159d0f0>,67,19,[14  4],68,-1,87,-1,68
1,<environment.Job instance at 0x7f21a159d500>,68,23,[ 2 13],69,-1,92,-1,69
1,<environment.Job instance at 0x7f21a159dbe0>,69,27,[13  5],70,-1,97,-1,70
1,<environment.Job instance at 0x7f21a159d7d0>,71,27,[12  1],72,-1,99,-1,72
1,<environment.Job instance at 0x7f21a159d280>,72,25,[1 7],73,-1,98,-1,73
1,<environment.Job instance at 0x7f21a159d2d0>,73,20,[ 5 11],74,-1,94,-1,74
1,<environment.Job instance at 0x7f21a159d5f0>,74,22,[ 5 14],75,-1,97,-1,75
1,<environment.Job instance at 0x7f21a159d960>,75,19,[ 5 12],76,-1,95,-1,76
1,<environment.Job instance at 0x7f21a159d640>,76,23,[ 1 14],77,-1,100,-1,77
1,<environment.Job instance at 0x7f21a159d690>,77,19,[13  2],78,-1,97,-1,78
1,<environment.Job instance at 0x7f21a159dc80>,79,26,[13  2],80,-1,106,-1,80
1,<environment.Job instance at 0x7f21a159deb0>,81,26,[ 4 12],82,-1,108,-1,82
1,<environment.Job instance at 0x7f21a159dd70>,82,19,[13  3],83,-1,102,-1,83
1,<environment.Job instance at 0x7f21a159dc30>,83,21,[12  4],84,-1,105,-1,84
1,<environment.Job instance at 0x7f21a1adbb90>,84,24,[12  4],85,-1,109,-1,85
1,<environment.Job instance at 0x7f21a1adba50>,85,28,[11  3],86,-1,114,-1,86
1,<environment.Job instance at 0x7f21a1adbb40>,86,20,[ 5 13],87,-1,107,-1,87
1,<environment.Job instance at 0x7f21a1adbfa0>,87,27,[9 4],88,-1,115,-1,88
1,<environment.Job instance at 0x7f21a0800190>,89,25,[ 2 13],90,-1,115,-1,90
1,<environment.Job instance at 0x7f21a1adbc30>,90,28,[14  2],91,-1,119,-1,91
1,<environment.Job instance at 0x7f21a1adbf00>,91,24,[ 3 12],92,-1,116,-1,92
1,<environment.Job instance at 0x7f21a1adb2d0>,92,27,[12  3],93,-1,120,-1,93
1,<environment.Job instance at 0x7f21a1adb960>,93,20,[ 3 11],94,-1,114,-1,94
1,<environment.Job instance at 0x7f21a1adb230>,95,24,[ 4 12],96,-1,120,-1,96
1,<environment.Job instance at 0x7f21a1adb410>,97,27,[ 2 10],98,-1,125,-1,98
1,<environment.Job instance at 0x7f21a158a4b0>,98,20,[ 3 12],99,-1,119,-1,99
1,<environment.Job instance at 0x7f21a158a9b0>,99,23,[ 5 11],100,-1,123,-1,100
1,<environment.Job instance at 0x7f21a158acd0>,100,23,[13  2],101,-1,124,-1,101
1,<environment.Job instance at 0x7f21a158aa50>,101,16,[ 4 13],102,-1,118,-1,102
1,<environment.Job instance at 0x7f21a158abe0>,102,21,[14  4],103,-1,124,-1,103
1,<environment.Job instance at 0x7f21a158af00>,103,19,[ 4 12],104,-1,123,-1,104
1,<environment.Job instance at 0x7f21a158a5f0>,104,21,[12  5],105,-1,126,-1,105
1,<environment.Job instance at 0x7f21a158a780>,105,26,[ 5 14],106,-1,132,-1,106
1,<environment.Job instance at 0x7f21a158a280>,106,20,[ 2 11],107,-1,128,-1,108
1,<environment.Job instance at 0x7f21a158a820>,108,23,[ 4 12],109,-1,132,-1,109
1,<environment.Job instance at 0x7f21a158a140>,109,22,[13  2],110,-1,132,-1,110
1,<environment.Job instance at 0x7f21a158a320>,110,22,[11  1],111,-1,133,-1,111
1,<environment.Job instance at 0x7f21a158a460>,111,24,[12  2],112,-1,136,-1,112
1,<environment.Job instance at 0x7f21a21992d0>,112,20,[14  4],113,-1,133,-1,113
1,<environment.Job instance at 0x7f21a2199550>,113,28,[ 2 14],114,-1,142,-1,114
1,<environment.Job instance at 0x7f21a2199a50>,114,28,[ 4 11],115,-1,143,-1,115
1,<environment.Job instance at 0x7f21a2199a00>,115,28,[ 1 13],116,-1,144,-1,116
1,<environment.Job instance at 0x7f21a2199910>,116,28,[ 2 14],117,-1,145,-1,117
1,<environment.Job instance at 0x7f21a2199870>,117,18,[ 1 11],118,-1,136,-1,118
1,<environment.Job instance at 0x7f21a21995f0>,119,27,[9 4],120,-1,147,-1,120
1,<environment.Job instance at 0x7f21a2199dc0>,120,23,[11  2],121,-1,144,-1,121
1,<environment.Job instance at 0x7f21a2199140>,121,27,[11  5],122,-1,149,-1,122
1,<environment.Job instance at 0x7f21a2199280>,122,14,[14  2],123,-1,137,-1,123
1,<environment.Job instance at 0x7f21a21990f0>,124,24,[ 4 12],125,-1,149,-1,125
1,<environment.Job instance at 0x7f21a21991e0>,125,28,[ 4 14],126,-1,154,-1,126
1,<environment.Job instance at 0x7f21a2199f50>,126,23,[11  4],127,-1,150,-1,127
1,<environment.Job instance at 0x7f21a07f2a50>,127,22,[13  1],128,-1,150,-1,128
1,<environment.Job instance at 0x7f21a07f2e60>,128,20,[ 5 12],129,-1,149,-1,129
1,<environment.Job instance at 0x7f21a07f21e0>,129,21,[11  4],130,-1,151,-1,130
1,<environment.Job instance at 0x7f21a07f2d20>,130,26,[14  2],131,-1,157,-1,131
1,<environment.Job instance at 0x7f21a07f2be0>,131,28,[ 3 14],132,-1,160,-1,132
1,<environment.Job instance at 0x7f21a07f22d0>,132,16,[ 3 13],133,-1,149,-1,133
1,<environment.Job instance at 0x7f21a07f2780>,133,25,[ 3 11],134,-1,159,-1,134
1,<environment.Job instance at 0x7f21a07f20a0>,134,22,[11  3],135,-1,157,-1,135
1,<environment.Job instance at 0x7f21a07f2b90>,135,21,[14  2],136,-1,157,-1,136
1,<environment.Job instance at 0x7f21a07f2f50>,136,24,[14  5],137,-1,161,-1,137
1,<environment.Job instance at 0x7f21a07f2c80>,138,12,[ 3 12],139,-1,151,-1,139
1,<environment.Job instance at 0x7f21a1809a50>,139,25,[11  2],140,-1,165,-1,140
1,<environment.Job instance at 0x7f21a1809f50>,140,25,[10  1],141,-1,166,-1,141
1,<environment.Job instance at 0x7f21a1809910>,141,20,[14  3],142,-1,162,-1,142
1,<environment.Job instance at 0x7f21a1809be0>,142,26,[11  3],143,-1,169,-1,143
1,<environment.Job instance at 0x7f21a1809cd0>,143,22,[12  2],144,-1,166,-1,144
1,<environment.Job instance at 0x7f21a1809870>,144,16,[14  3],145,-1,161,-1,145
1,<environment.Job instance at 0x7f21a1830e60>,145,17,[ 4 14],146,-1,163,-1,146
1,<environment.Job instance at 0x7f21a18300a0>,146,28,[ 5 14],147,-1,175,-1,147
1,<environment.Job instance at 0x7f21a18304b0>,147,21,[12  5],148,-1,169,-1,148
1,<environment.Job instance at 0x7f21a1830960>,149,27,[14  3],150,-1,177,-1,150
1,<environment.Job instance at 0x7f21a1ff66e0>,150,26,[ 3 14],151,-1,177,-1,151
1,<environment.Job instance at 0x7f21a1484fa0>,2,25,[12  5],3,-1,28,-1,3
1,<environment.Job instance at 0x7f21a1ff66e0>,4,26,[ 5 14],5,-1,31,-1,5
1,<environment.Job instance at 0x7f21a0d00c30>,5,24,[13  2],6,-1,30,-1,6
1,<environment.Job instance at 0x7f21a0d00e10>,6,28,[13  3],7,-1,35,-1,7
1,<environment.Job instance at 0x7f21a0d00cd0>,7,24,[ 5 12],8,-1,32,-1,8
1,<environment.Job instance at 0x7f21a0d00fa0>,8,27,[ 4 14],9,-1,36,-1,9
1,<environment.Job instance at 0x7f21a0d00f50>,9,28,[6 4],10,-1,38,-1,10
1,<environment.Job instance at 0x7f21a0cf60f0>,10,15,[ 3 14],11,-1,26,-1,11
1,<environment.Job instance at 0x7f21a0cf60a0>,11,14,[ 2 14],12,-1,26,-1,12
1,<environment.Job instance at 0x7f21a0cf61e0>,14,25,[13  3],15,-1,40,-1,15
1,<environment.Job instance at 0x7f21a0cf6500>,15,23,[11  3],16,-1,39,-1,16
1,<environment.Job instance at 0x7f21a0cf63c0>,16,27,[9 4],17,-1,44,-1,17
1,<environment.Job instance at 0x7f21a0cf65a0>,17,26,[ 3 11],18,-1,44,-1,18
1,<environment.Job instance at 0x7f21a0cf6640>,18,27,[ 5 14],19,-1,46,-1,19
1,<environment.Job instance at 0x7f21a0cf67d0>,19,26,[ 3 13],20,-1,46,-1,20
1,<environment.Job instance at 0x7f21a0cf6780>,20,22,[ 5 12],21,-1,43,-1,21
1,<environment.Job instance at 0x7f21a0cf6820>,21,28,[12  5],22,-1,50,-1,22
1,<environment.Job instance at 0x7f21a0cf68c0>,22,28,[14  4],23,-1,51,-1,23
1,<environment.Job instance at 0x7f21a0cf6dc0>,28,25,[ 3 14],29,-1,75,-1,50
1,<environment.Job instance at 0x7f21a0cf6f50>,33,12,[ 5 12],34,-1,127,-1,115
1,<environment.Job instance at 0x7f21a0cfb280>,35,14,[14  2],36,-1,129,-1,115
1,<environment.Job instance at 0x7f21a0cfb460>,38,19,[13  2],39,-1,160,-1,141
1,<environment.Job instance at 0x7f21a0cfb500>,39,23,[ 2 14],40,-1,164,-1,141
1,<environment.Job instance at 0x7f21a0cfb5a0>,40,21,[11  2],41,-1,162,-1,141
1,<environment.Job instance at 0x7f21a0cfb6e0>,42,27,[ 5 11],43,-1,176,-1,149
1,<environment.Job instance at 0x7f21a0cfb780>,43,19,[ 3 12],44,-1,168,-1,149
1,<environment.Job instance at 0x7f21a0cfb820>,44,22,[12  5],45,-1,171,-1,149
1,<environment.Job instance at 0x7f21a0cfb8c0>,45,14,[ 5 11],46,-1,163,-1,149
1,<environment.Job instance at 0x7f21a0cfb960>,46,25,[12  4],47,-1,174,-1,149
1,<environment.Job instance at 0x7f21a0cfba00>,47,23,[14  3],48,-1,172,-1,149
1,<environment.Job instance at 0x7f21a0cfbaa0>,48,25,[ 1 14],49,-1,174,-1,149
1,<environment.Job instance at 0x7f21a0cfbb40>,49,20,[ 3 13],50,-1,169,-1,149
1,<environment.Job instance at 0x7f21a0cfb2d0>,50,22,[11  5],51,-1,171,-1,149
1,<environment.Job instance at 0x7f21a0cfbd20>,51,28,[6 2],52,-1,177,-1,149
1,<environment.Job instance at 0x7f21a0cfbc30>,52,20,[13  3],53,-1,169,-1,149
1,<environment.Job instance at 0x7f21a0cfbe10>,54,21,[14  2],55,-1,173,-1,152
1,<environment.Job instance at 0x7f21a0cfbf00>,55,25,[ 4 11],56,-1,177,-1,152
1,<environment.Job instance at 0x7f21a0cfbfa0>,56,27,[5 1],57,-1,179,-1,152
1,<environment.Job instance at 0x7f21a0cfbe60>,57,19,[ 4 11],58,-1,171,-1,152
1,<environment.Job instance at 0x7f21a0d20140>,58,26,[14  5],59,-1,178,-1,152
1,<environment.Job instance at 0x7f21a0d20230>,59,26,[12  3],60,-1,178,-1,152
1,<environment.Job instance at 0x7f21a0d200f0>,60,17,[14  2],61,-1,169,-1,152
1,<environment.Job instance at 0x7f21a0d20320>,61,28,[12  1],62,-1,180,-1,152
1,<environment.Job instance at 0x7f21a0d203c0>,62,27,[11  2],63,-1,179,-1,152
1,<environment.Job instance at 0x7f21a0d20550>,63,13,[11  1],64,-1,165,-1,152
1,<environment.Job instance at 0x7f21a0d20460>,64,16,[13  1],65,-1,168,-1,152
1,<environment.Job instance at 0x7f21a0d205f0>,65,13,[ 4 11],66,-1,165,-1,152
1,<environment.Job instance at 0x7f21a0d201e0>,66,19,[ 2 13],67,-1,171,-1,152
1,<environment.Job instance at 0x7f21a0d20050>,67,28,[6 4],68,-1,180,-1,152
1,<environment.Job instance at 0x7f21a0d207d0>,69,27,[ 3 11],70,-1,195,-1,168
1,<environment.Job instance at 0x7f21a0d20a00>,70,25,[ 5 12],71,-1,193,-1,168
1,<environment.Job instance at 0x7f21a0d20a50>,71,16,[12  1],72,-1,184,-1,168
1,<environment.Job instance at 0x7f21a0d20af0>,72,20,[ 5 13],73,-1,188,-1,168
1,<environment.Job instance at 0x7f21a0d20b90>,73,20,[12  3],74,-1,188,-1,168
1,<environment.Job instance at 0x7f21a0d20c30>,74,24,[8 4],75,-1,192,-1,168
1,<environment.Job instance at 0x7f21a0d20cd0>,75,27,[11  3],76,-1,195,-1,168
1,<environment.Job instance at 0x7f21a0d20d70>,76,28,[ 1 12],77,-1,196,-1,168
1,<environment.Job instance at 0x7f21a0d20e10>,77,14,[11  4],78,-1,182,-1,168
1,<environment.Job instance at 0x7f21a0d20eb0>,78,24,[ 3 10],79,-1,192,-1,168
1,<environment.Job instance at 0x7f21a0d20910>,80,28,[ 3 11],81,-1,204,-1,176
1,<environment.Job instance at 0x7f21a0d20960>,81,28,[ 5 12],82,-1,204,-1,176
1,<environment.Job instance at 0x7f21a0d1f190>,82,27,[14  3],83,-1,203,-1,176
1,<environment.Job instance at 0x7f21a0d1f230>,83,16,[ 1 11],84,-1,192,-1,176
1,<environment.Job instance at 0x7f48c1106410>,2,22,[ 4 14],3,-1,25,-1,3
1,<environment.Job instance at 0x7f48c11065a0>,3,25,[ 5 14],4,-1,29,-1,4
1,<environment.Job instance at 0x7f48c11064b0>,4,21,[ 1 12],5,-1,26,-1,5
1,<environment.Job instance at 0x7f48ca87e1e0>,7,25,[6 2],8,-1,33,-1,8
1,<environment.Job instance at 0x7f48c1106820>,8,22,[14  3],9,-1,31,-1,9
1,<environment.Job instance at 0x7f48c1106960>,9,19,[13  1],10,-1,29,-1,10
1,<environment.Job instance at 0x7f48c1106a00>,10,23,[ 4 14],11,-1,34,-1,11
1,<environment.Job instance at 0x7f48c1106aa0>,11,25,[ 4 12],12,-1,37,-1,12
1,<environment.Job instance at 0x7f48c1106b40>,12,19,[ 5 13],13,-1,32,-1,13
1,<environment.Job instance at 0x7f48c1106be0>,13,22,[ 2 11],14,-1,36,-1,14
1,<environment.Job instance at 0x7f48c1106c80>,14,25,[13  4],15,-1,40,-1,15
1,<environment.Job instance at 0x7f48c1106870>,15,25,[13  3],16,-1,41,-1,16
1,<environment.Job instance at 0x7f48c1106e10>,16,26,[14  4],17,-1,43,-1,17
1,<environment.Job instance at 0x7f48c1106e60>,17,14,[ 2 14],18,-1,32,-1,18
1,<environment.Job instance at 0x7f48c1106f00>,18,14,[ 2 13],19,-1,33,-1,19
1,<environment.Job instance at 0x7f48c1106fa0>,19,17,[13  5],20,-1,37,-1,20
1,<environment.Job instance at 0x7f48c110a0a0>,20,21,[12  2],21,-1,42,-1,21
1,<environment.Job instance at 0x7f48c110a140>,21,28,[11  1],22,-1,50,-1,22
1,<environment.Job instance at 0x7f48c110a1e0>,22,26,[ 1 14],23,-1,49,-1,23
1,<environment.Job instance at 0x7f48c110a320>,24,13,[ 3 14],25,-1,38,-1,25
1,<environment.Job instance at 0x7f48c110a4b0>,25,23,[ 3 13],26,-1,49,-1,26
1,<environment.Job instance at 0x7f48c110a3c0>,26,26,[1 8],27,-1,53,-1,27
1,<environment.Job instance at 0x7f48c110a550>,27,25,[5 7],28,-1,53,-1,28
1,<environment.Job instance at 0x7f48c110a5f0>,28,25,[ 4 11],29,-1,54,-1,29
1,<environment.Job instance at 0x7f48c110a690>,29,22,[ 5 13],30,-1,52,-1,30
1,<environment.Job instance at 0x7f48c110a730>,30,27,[4 8],31,-1,58,-1,31
1,<environment.Job instance at 0x7f48c1106d70>,32,27,[11  3],33,-1,60,-1,33
1,<environment.Job instance at 0x7f48c110a8c0>,33,16,[ 2 14],34,-1,50,-1,34
1,<environment.Job instance at 0x7f48c110aa00>,34,24,[ 1 14],35,-1,59,-1,35
1,<environment.Job instance at 0x7f48c110a870>,35,22,[11  5],36,-1,58,-1,36
1,<environment.Job instance at 0x7f48c110ab90>,36,20,[ 3 14],37,-1,57,-1,37
1,<environment.Job instance at 0x7f48c110abe0>,37,28,[ 2 12],38,-1,66,-1,38
1,<environment.Job instance at 0x7f48c110ac80>,38,20,[ 1 12],39,-1,59,-1,39
1,<environment.Job instance at 0x7f48c110ab40>,40,26,[ 1 12],41,-1,67,-1,41
1,<environment.Job instance at 0x7f48c110ad20>,39,24,[5 6],40,-1,65,-1,41
1,<environment.Job instance at 0x7f48c110adc0>,41,18,[ 5 14],42,-1,60,-1,42
1,<environment.Job instance at 0x7f48c110af00>,42,20,[ 2 11],43,-1,63,-1,43
1,<environment.Job instance at 0x7f48c110aeb0>,44,16,[14  3],45,-1,61,-1,45
1,<environment.Job instance at 0x7f48c110afa0>,43,16,[13  5],44,-1,61,-1,45
1,<environment.Job instance at 0x7f48c110c0a0>,45,27,[12  2],46,-1,73,-1,46
1,<environment.Job instance at 0x7f48c110c1e0>,46,28,[ 4 11],47,-1,75,-1,47
1,<environment.Job instance at 0x7f48c110c140>,48,17,[11  1],49,-1,66,-1,49
1,<environment.Job instance at 0x7f48c110c3c0>,49,27,[ 1 11],50,-1,77,-1,50
1,<environment.Job instance at 0x7f48c110c280>,47,17,[12  2],48,-1,67,-1,50
1,<environment.Job instance at 0x7f48c110c500>,51,25,[12  2],52,-1,77,-1,52
1,<environment.Job instance at 0x7f48c110c5f0>,53,27,[14  5],54,-1,81,-1,54
1,<environment.Job instance at 0x7f48c110c780>,54,24,[5 7],55,-1,80,-1,56
1,<environment.Job instance at 0x7f48c110c820>,55,20,[13  1],56,-1,76,-1,56
1,<environment.Job instance at 0x7f48c110c870>,56,20,[ 3 13],57,-1,77,-1,57
1,<environment.Job instance at 0x7f48c110caf0>,58,27,[ 2 14],59,-1,86,-1,59
1,<environment.Job instance at 0x7f48c110cc80>,62,21,[ 5 13],63,-1,84,-1,63
1,<environment.Job instance at 0x7f48c110ce10>,63,28,[ 3 14],64,-1,92,-1,64
1,<environment.Job instance at 0x7f48c110cbe0>,64,28,[ 1 14],65,-1,93,-1,65
1,<environment.Job instance at 0x7f48c110cd20>,66,21,[13  3],67,-1,96,-1,75
1,<environment.Job instance at 0x7f48c110cfa0>,67,27,[ 1 10],68,-1,102,-1,75
1,<environment.Job instance at 0x7f48c110f050>,68,20,[ 3 12],69,-1,95,-1,75
1,<environment.Job instance at 0x7f48c110f280>,69,20,[ 3 12],70,-1,95,-1,75
1,<environment.Job instance at 0x7f48c110f1e0>,70,21,[12  2],71,-1,96,-1,75
1,<environment.Job instance at 0x7f48c110f230>,71,28,[5 1],72,-1,103,-1,75
1,<environment.Job instance at 0x7f48c110f320>,72,24,[9 2],73,-1,99,-1,75
1,<environment.Job instance at 0x7f48c110f3c0>,73,25,[3 8],74,-1,100,-1,75
1,<environment.Job instance at 0x7f48c110f460>,74,27,[1 6],75,-1,102,-1,75
1,<environment.Job instance at 0x7f48c110f5f0>,75,14,[ 4 11],76,-1,90,-1,76
1,<environment.Job instance at 0x7f48c110f730>,76,19,[ 4 14],77,-1,96,-1,77
1,<environment.Job instance at 0x7f48c110f550>,77,13,[14  5],78,-1,91,-1,78
1,<environment.Job instance at 0x7f48c110f780>,78,27,[10  2],79,-1,106,-1,79
1,<environment.Job instance at 0x7f48c110f870>,79,28,[9 4],80,-1,108,-1,80
1,<environment.Job instance at 0x7f48c110f9b0>,81,15,[ 5 11],82,-1,97,-1,82
1,<environment.Job instance at 0x7f48c110faf0>,82,26,[5 4],83,-1,109,-1,83
1,<environment.Job instance at 0x7f48c110fb90>,83,12,[12  3],84,-1,96,-1,84
1,<environment.Job instance at 0x7f48c110fb40>,85,25,[13  5],86,-1,123,-1,98
1,<environment.Job instance at 0x7f48c110fcd0>,86,24,[ 1 11],87,-1,122,-1,98
1,<environment.Job instance at 0x7f48c110fd70>,87,28,[ 3 10],88,-1,126,-1,98
1,<environment.Job instance at 0x7f48c110fe10>,88,21,[ 1 11],89,-1,119,-1,98
1,<environment.Job instance at 0x7f48c110ffa0>,89,23,[13  1],90,-1,121,-1,98
1,<environment.Job instance at 0x7f48c110ff50>,90,22,[4 9],91,-1,125,-1,103
1,<environment.Job instance at 0x7f48c110ff00>,91,20,[14  2],92,-1,123,-1,103
1,<environment.Job instance at 0x7f48c11120a0>,92,21,[10  1],93,-1,140,-1,119
1,<environment.Job instance at 0x7f48c1112370>,96,28,[ 1 13],97,-1,163,-1,135
1,<environment.Job instance at 0x7f48c11123c0>,97,26,[ 1 11],98,-1,161,-1,135
1,<environment.Job instance at 0x7f48c1112550>,99,26,[6 5],100,-1,162,-1,136
1,<environment.Job instance at 0x7f48c11125a0>,100,18,[ 2 13],101,-1,154,-1,136
1,<environment.Job instance at 0x7f48c11129b0>,103,23,[ 5 13],104,-1,203,-1,180
1,<environment.Job instance at 0x7f48c1112a50>,104,12,[ 4 12],105,-1,192,-1,180
1,<environment.Job instance at 0x7f48c1112af0>,105,26,[9 3],106,-1,206,-1,180
1,<environment.Job instance at 0x7f48c1112b90>,106,23,[14  4],107,-1,203,-1,180
1,<environment.Job instance at 0x7f48c1112c30>,107,12,[ 3 12],108,-1,192,-1,180
1,<environment.Job instance at 0x7f48c1112cd0>,108,21,[ 1 13],109,-1,201,-1,180
1,<environment.Job instance at 0x7f48c1112d70>,109,25,[11  4],110,-1,205,-1,180
1,<environment.Job instance at 0x7f48c1112e10>,110,12,[13  1],111,-1,192,-1,180
1,<environment.Job instance at 0x7f48c1112eb0>,111,20,[ 5 11],112,-1,200,-1,180
1,<environment.Job instance at 0x7f48c1112f50>,112,27,[12  2],113,-1,207,-1,180
1,<environment.Job instance at 0x7f48c11128c0>,113,15,[12  1],114,-1,195,-1,180
1,<environment.Job instance at 0x7f48c1112f00>,114,14,[ 2 11],115,-1,194,-1,180
1,<environment.Job instance at 0x7f48c1112e60>,115,23,[13  5],116,-1,203,-1,180
1,<environment.Job instance at 0x7f48c1114230>,116,21,[ 1 12],117,-1,201,-1,180
1,<environment.Job instance at 0x7f48c11142d0>,117,19,[11  2],118,-1,202,-1,183
1,<environment.Job instance at 0x7f48c1114370>,118,21,[ 3 14],119,-1,204,-1,183
1,<environment.Job instance at 0x7f48c110a370>,1,28,[ 1 14],2,-1,30,-1,2
1,<environment.Job instance at 0x7f48c11141e0>,2,26,[13  4],3,-1,29,-1,3
1,<environment.Job instance at 0x7f48c1253820>,3,13,[ 2 14],4,-1,17,-1,4
1,<environment.Job instance at 0x7f48c1253190>,5,21,[12  2],6,-1,27,-1,6
1,<environment.Job instance at 0x7f48c117ffa0>,6,21,[ 5 11],7,-1,28,-1,7
1,<environment.Job instance at 0x7f48c117fb90>,7,26,[ 5 10],8,-1,34,-1,8
1,<environment.Job instance at 0x7f48c117f0a0>,8,27,[12  4],9,-1,36,-1,9
1,<environment.Job instance at 0x7f48c117f140>,9,27,[14  3],10,-1,37,-1,10
1,<environment.Job instance at 0x7f48c117f780>,10,27,[14  5],11,-1,38,-1,11
1,<environment.Job instance at 0x7f48c117f190>,11,26,[13  1],12,-1,38,-1,12
1,<environment.Job instance at 0x7f48c117f500>,12,25,[12  2],13,-1,38,-1,13
1,<environment.Job instance at 0x7f48c117f3c0>,13,21,[13  5],14,-1,35,-1,14
1,<environment.Job instance at 0x7f48c117faf0>,14,25,[11  2],15,-1,40,-1,15
1,<environment.Job instance at 0x7f48c117faa0>,15,24,[11  4],16,-1,40,-1,16
1,<environment.Job instance at 0x7f48c117fd70>,16,16,[ 4 14],17,-1,33,-1,17
1,<environment.Job instance at 0x7f48c117fe10>,17,28,[8 4],18,-1,46,-1,18
1,<environment.Job instance at 0x7f48c117f410>,18,20,[12  1],19,-1,39,-1,19
1,<environment.Job instance at 0x7f48c117f690>,19,28,[ 4 12],20,-1,48,-1,20
1,<environment.Job instance at 0x7f48c117f9b0>,20,18,[12  2],21,-1,39,-1,21
1,<environment.Job instance at 0x7f48c082a410>,22,25,[13  2],23,-1,48,-1,23
1,<environment.Job instance at 0x7f48c18cd5a0>,23,26,[ 5 11],24,-1,50,-1,24
1,<environment.Job instance at 0x7f48c0b199b0>,26,26,[ 4 12],27,-1,53,-1,27
1,<environment.Job instance at 0x7f48c0b64eb0>,27,19,[12  5],28,-1,47,-1,28
1,<environment.Job instance at 0x7f48c0bcaa50>,29,20,[ 1 13],30,-1,50,-1,30
1,<environment.Job instance at 0x7f48c0bcae60>,30,19,[13  2],31,-1,50,-1,31
1,<environment.Job instance at 0x7f48c0768a00>,31,28,[11  2],32,-1,60,-1,32
1,<environment.Job instance at 0x7f48c084f5f0>,32,28,[13  5],33,-1,61,-1,33
1,<environment.Job instance at 0x7f48c0b6e280>,33,20,[ 5 11],34,-1,54,-1,34
1,<environment.Job instance at 0x7f48c0bdac30>,34,15,[12  1],35,-1,50,-1,35
1,<environment.Job instance at 0x7f48c0b91550>,35,21,[ 1 12],36,-1,57,-1,36
1,<environment.Job instance at 0x7f48c0bdfb40>,36,19,[14  5],37,-1,56,-1,37
1,<environment.Job instance at 0x7f48c0bdf190>,37,25,[ 3 12],38,-1,63,-1,38
1,<environment.Job instance at 0x7f48c0bdf460>,38,28,[12  5],39,-1,67,-1,39
1,<environment.Job instance at 0x7f48c0bdf500>,39,13,[12  3],40,-1,53,-1,40
1,<environment.Job instance at 0x7f48c0bb1b90>,40,20,[13  4],41,-1,61,-1,41
1,<environment.Job instance at 0x7f48c0bb1a00>,41,27,[14  3],42,-1,69,-1,42
1,<environment.Job instance at 0x7f48c0bb1eb0>,46,19,[ 2 13],47,-1,93,-1,74
1,<environment.Job instance at 0x7f48c0bfe550>,48,22,[ 1 13],49,-1,118,-1,96
1,<environment.Job instance at 0x7f48c0bfe2d0>,49,24,[ 2 14],50,-1,120,-1,96
1,<environment.Job instance at 0x7f48c0bfe410>,50,23,[ 2 14],51,-1,119,-1,96
1,<environment.Job instance at 0x7f48c0bfaf00>,53,20,[13  5],54,-1,154,-1,134
1,<environment.Job instance at 0x7f48c0bfaf50>,54,24,[14  3],55,-1,158,-1,134
1,<environment.Job instance at 0x7f48c0bfa0f0>,55,23,[13  5],56,-1,157,-1,134
1,<environment.Job instance at 0x7f48c07c7fa0>,56,21,[12  3],57,-1,155,-1,134
1,<environment.Job instance at 0x7f48c0bd4640>,57,19,[13  4],58,-1,153,-1,134
1,<environment.Job instance at 0x7f48c0bd45f0>,58,28,[ 4 11],59,-1,162,-1,134
1,<environment.Job instance at 0x7f48c0bd4500>,59,25,[ 4 12],60,-1,159,-1,134
1,<environment.Job instance at 0x7f48c0bd4820>,60,22,[14  1],61,-1,156,-1,134
1,<environment.Job instance at 0x7f48c0c03fa0>,61,25,[7 3],62,-1,159,-1,134
1,<environment.Job instance at 0x7f48c0c03eb0>,62,27,[ 4 13],63,-1,161,-1,134
1,<environment.Job instance at 0x7f48c0bfbb90>,63,26,[14  4],64,-1,160,-1,134
1,<environment.Job instance at 0x7f48c0bfb410>,64,26,[9 1],65,-1,160,-1,134
1,<environment.Job instance at 0x7f48c0bfb7d0>,65,14,[11  5],66,-1,148,-1,134
1,<environment.Job instance at 0x7f48c0bfbaa0>,66,16,[14  1],67,-1,150,-1,134
1,<environment.Job instance at 0x7f48c0bfb780>,67,27,[ 1 14],68,-1,161,-1,134
1,<environment.Job instance at 0x7f48c0c0b3c0>,70,15,[12  2],71,-1,167,-1,152
1,<environment.Job instance at 0x7f48c0c0b230>,71,20,[11  2],72,-1,172,-1,152
1,<environment.Job instance at 0x7f48c0c0b1e0>,72,25,[ 2 13],73,-1,177,-1,152
1,<environment.Job instance at 0x7f48c0c0bc80>,73,21,[ 2 13],74,-1,173,-1,152
1,<environment.Job instance at 0x7f48c0c5baf0>,74,22,[4 8],75,-1,174,-1,152
1,<environment.Job instance at 0x7f48c0c5b3c0>,75,24,[ 3 13],76,-1,176,-1,152
1,<environment.Job instance at 0x7f48c0c0beb0>,76,15,[ 2 13],77,-1,167,-1,152
1,<environment.Job instance at 0x7f48c0c06dc0>,77,28,[ 5 14],78,-1,180,-1,152
1,<environment.Job instance at 0x7f48c0c06d20>,78,20,[11  2],79,-1,172,-1,152
1,<environment.Job instance at 0x7f48c0c06230>,80,21,[ 4 14],81,-1,180,-1,159
1,<environment.Job instance at 0x7f48c0c06190>,81,23,[2 6],82,-1,182,-1,159
1,<environment.Job instance at 0x7f48c0c06cd0>,82,22,[14  4],83,-1,181,-1,159
1,<environment.Job instance at 0x7f48c0c06780>,83,19,[ 5 14],84,-1,178,-1,159
1,<environment.Job instance at 0x7f48c0c22e10>,84,23,[13  1],85,-1,182,-1,159
1,<environment.Job instance at 0x7f48c0bbc960>,85,20,[14  5],86,-1,179,-1,159
1,<environment.Job instance at 0x7f48c0bbcfa0>,86,26,[ 1 11],87,-1,185,-1,159
1,<environment.Job instance at 0x7f48c0bbcf00>,87,14,[ 3 13],88,-1,173,-1,159
1,<environment.Job instance at 0x7f48c0bbc5a0>,88,13,[ 4 14],89,-1,172,-1,159
1,<environment.Job instance at 0x7f48c0bbc5f0>,89,13,[ 5 14],90,-1,172,-1,159
1,<environment.Job instance at 0x7f48c0bbcb40>,90,27,[14  3],91,-1,186,-1,159
1,<environment.Job instance at 0x7f48c0bacf00>,91,16,[12  5],92,-1,175,-1,159
1,<environment.Job instance at 0x7f48c0bac7d0>,92,19,[13  5],93,-1,178,-1,159
1,<environment.Job instance at 0x7f48c0bac780>,93,13,[ 5 13],94,-1,172,-1,159
1,<environment.Job instance at 0x7f48c0bac0a0>,94,15,[12  1],95,-1,174,-1,159
1,<environment.Job instance at 0x7f48c0bac8c0>,95,26,[13  2],96,-1,185,-1,159
1,<environment.Job instance at 0x7f48c0b68be0>,96,22,[13  5],97,-1,181,-1,159
1,<environment.Job instance at 0x7f48c0bac1e0>,97,23,[ 4 11],98,-1,182,-1,159
1,<environment.Job instance at 0x7f48c0bac960>,98,17,[ 2 13],99,-1,176,-1,159
1,<environment.Job instance at 0x7f48c0b68d20>,99,27,[ 2 13],100,-1,186,-1,159
1,<environment.Job instance at 0x7f48c0bf6910>,100,20,[14  4],101,-1,179,-1,159
1,<environment.Job instance at 0x7f48c0c47c30>,101,26,[ 4 11],102,-1,185,-1,159
1,<environment.Job instance at 0x7f48c0cc6960>,102,25,[13  2],103,-1,184,-1,159
1,<environment.Job instance at 0x7f48c0cd0050>,103,13,[14  2],104,-1,172,-1,159
1,<environment.Job instance at 0x7f48c0caffa0>,104,24,[5 1],105,-1,183,-1,159
1,<environment.Job instance at 0x7f48c0c61a50>,105,25,[ 3 11],106,-1,184,-1,159
1,<environment.Job instance at 0x7f48c0dd20a0>,106,28,[14  3],107,-1,187,-1,159
1,<environment.Job instance at 0x7f48c0c62050>,107,26,[ 4 14],108,-1,185,-1,159
1,<environment.Job instance at 0x7f48c0d8a780>,108,13,[13  3],109,-1,172,-1,159
1,<environment.Job instance at 0x7f48c0c91d20>,109,15,[13  1],110,-1,174,-1,159
1,<environment.Job instance at 0x7f48c0c91af0>,110,12,[14  2],111,-1,171,-1,159
1,<environment.Job instance at 0x7f48c1606550>,112,20,[ 4 12],113,-1,185,-1,165
1,<environment.Job instance at 0x7f48c1606410>,113,25,[ 4 14],114,-1,190,-1,165
1,<environment.Job instance at 0x7f48c14a0b40>,114,24,[7 2],115,-1,189,-1,165
1,<environment.Job instance at 0x7f48c14a0910>,116,24,[ 5 13],117,-1,202,-1,178
1,<environment.Job instance at 0x7f48c0d80500>,117,25,[ 2 13],118,-1,203,-1,178
1,<environment.Job instance at 0x7f48c0d80190>,118,15,[12  4],119,-1,193,-1,178
1,<environment.Job instance at 0x7f48c183b8c0>,119,19,[ 1 14],120,-1,197,-1,178
1,<environment.Job instance at 0x7f48c183b320>,120,26,[13  4],121,-1,204,-1,178
1,<environment.Job instance at 0x7f48c1632550>,121,22,[13  4],122,-1,200,-1,178
1,<environment.Job instance at 0x7f48c1632e60>,122,24,[12  4],123,-1,202,-1,178
1,<environment.Job instance at 0x7f48c1632910>,123,27,[13  3],124,-1,205,-1,178
1,<environment.Job instance at 0x7f48c0d8db90>,125,23,[ 2 11],126,-1,201,-1,178
1,<environment.Job instance at 0x7f48c0d8db90>,2,25,[13  2],3,-1,28,-1,3
1,<environment.Job instance at 0x7f48c081a690>,4,16,[13  2],5,-1,21,-1,5
1,<environment.Job instance at 0x7f48c081a140>,5,26,[13  5],6,-1,32,-1,6
1,<environment.Job instance at 0x7f48c081acd0>,3,14,[14  3],4,-1,20,-1,6
1,<environment.Job instance at 0x7f48c081a820>,6,24,[ 3 12],7,-1,31,-1,7
1,<environment.Job instance at 0x7f48c081a410>,7,23,[ 3 11],8,-1,31,-1,8
1,<environment.Job instance at 0x7f48c081ab40>,8,22,[11  4],9,-1,31,-1,9
1,<environment.Job instance at 0x7f48c081ab90>,9,21,[12  3],10,-1,31,-1,10
1,<environment.Job instance at 0x7f48c081a190>,10,12,[ 5 14],11,-1,23,-1,11
1,<environment.Job instance at 0x7f48c081a870>,11,23,[12  5],12,-1,35,-1,12
1,<environment.Job instance at 0x7f48c07afcd0>,13,23,[ 5 11],14,-1,37,-1,14
1,<environment.Job instance at 0x7f48c07af230>,14,25,[13  5],15,-1,40,-1,15
1,<environment.Job instance at 0x7f48c07af5f0>,15,19,[ 5 13],16,-1,35,-1,16
1,<environment.Job instance at 0x7f48c07af410>,16,15,[ 4 12],17,-1,32,-1,17
1,<environment.Job instance at 0x7f48c07af190>,17,28,[ 5 10],18,-1,46,-1,18
1,<environment.Job instance at 0x7f48c07afa50>,19,22,[12  5],20,-1,42,-1,20
1,<environment.Job instance at 0x7f48c07af7d0>,20,21,[ 4 14],21,-1,42,-1,21
1,<environment.Job instance at 0x7f48c07afaf0>,21,20,[12  5],22,-1,42,-1,22
1,<environment.Job instance at 0x7f48c07afc80>,22,28,[2 8],23,-1,51,-1,23
1,<environment.Job instance at 0x7f48c07af0f0>,23,24,[13  5],24,-1,48,-1,24
1,<environment.Job instance at 0x7f48c07af730>,24,17,[ 4 13],25,-1,42,-1,25
1,<environment.Job instance at 0x7f48c081a3c0>,26,22,[ 5 12],27,-1,49,-1,27
1,<environment.Job instance at 0x7f48c07af140>,25,21,[13  4],26,-1,48,-1,27
1,<environment.Job instance at 0x7f48c07af320>,27,13,[ 4 11],28,-1,41,-1,28
1,<environment.Job instance at 0x7f48c07af3c0>,28,15,[14  2],29,-1,44,-1,29
1,<environment.Job instance at 0x7f48c07afa00>,29,26,[ 1 13],30,-1,56,-1,30
1,<environment.Job instance at 0x7f48c07af640>,31,27,[ 2 12],32,-1,59,-1,32
1,<environment.Job instance at 0x7f48c07af870>,32,17,[14  5],33,-1,50,-1,33
1,<environment.Job instance at 0x7f48c07affa0>,33,24,[13  3],34,-1,58,-1,34
1,<environment.Job instance at 0x7f48c07af1e0>,34,22,[12  3],35,-1,57,-1,35
1,<environment.Job instance at 0x7f48c07ee050>,35,14,[ 5 12],36,-1,50,-1,36
1,<environment.Job instance at 0x7f48c07eef00>,36,16,[ 5 11],37,-1,53,-1,37
1,<environment.Job instance at 0x7f48c07ee780>,38,20,[ 1 12],39,-1,59,-1,39
1,<environment.Job instance at 0x7f48c07eeeb0>,39,21,[14  1],40,-1,61,-1,40
1,<environment.Job instance at 0x7f48c07eefa0>,40,20,[14  2],41,-1,61,-1,41
1,<environment.Job instance at 0x7f48c07af370>,42,17,[ 3 10],43,-1,61,-1,44
1,<environment.Job instance at 0x7f48c0f59c30>,45,25,[14  4],46,-1,71,-1,46
1,<environment.Job instance at 0x7f48c0f8d370>,46,22,[ 4 14],47,-1,69,-1,47
1,<environment.Job instance at 0x7f48c0ef5f00>,47,20,[11  4],48,-1,68,-1,48
1,<environment.Job instance at 0x7f48c0f1b2d0>,48,23,[14  4],49,-1,72,-1,49
1,<environment.Job instance at 0x7f48c0f1b1e0>,49,19,[ 3 14],50,-1,69,-1,50
1,<environment.Job instance at 0x7f48c0f57550>,50,21,[14  2],51,-1,72,-1,51
1,<environment.Job instance at 0x7f48c0f57190>,51,24,[14  2],52,-1,76,-1,52
1,<environment.Job instance at 0x7f48c0f573c0>,52,21,[ 5 11],53,-1,74,-1,53
1,<environment.Job instance at 0x7f48c0f570a0>,53,20,[ 2 12],54,-1,74,-1,54
1,<environment.Job instance at 0x7f48c0f575f0>,54,23,[ 4 11],55,-1,78,-1,55
1,<environment.Job instance at 0x7f48c0f578c0>,55,24,[3 8],56,-1,80,-1,56
1,<environment.Job instance at 0x7f48c0f572d0>,56,23,[ 3 13],57,-1,80,-1,57
1,<environment.Job instance at 0x7f48c0f57820>,57,21,[14  4],58,-1,79,-1,58
1,<environment.Job instance at 0x7f48c0f57be0>,59,24,[ 3 12],60,-1,84,-1,60
1,<environment.Job instance at 0x7f48c164e910>,62,22,[ 5 13],63,-1,85,-1,63
1,<environment.Job instance at 0x7f48c164e9b0>,63,20,[14  4],64,-1,84,-1,64
1,<environment.Job instance at 0x7f48c164e050>,64,23,[11  1],65,-1,88,-1,65
1,<environment.Job instance at 0x7f48c164e5f0>,65,25,[5 8],66,-1,91,-1,66
1,<environment.Job instance at 0x7f48c1627640>,66,27,[13  4],67,-1,94,-1,67
1,<environment.Job instance at 0x7f48c16274b0>,67,21,[ 3 11],68,-1,89,-1,68
1,<environment.Job instance at 0x7f48c1627eb0>,68,14,[12  4],69,-1,83,-1,69
1,<environment.Job instance at 0x7f48c1627d20>,69,12,[12  3],70,-1,82,-1,70
1,<environment.Job instance at 0x7f48c1627f00>,70,26,[ 3 12],71,-1,97,-1,71
1,<environment.Job instance at 0x7f48c16279b0>,71,12,[11  4],72,-1,84,-1,72
1,<environment.Job instance at 0x7f48c0f54dc0>,72,23,[ 2 11],73,-1,96,-1,73
1,<environment.Job instance at 0x7f48c0cdb500>,73,14,[ 5 12],74,-1,88,-1,74
1,<environment.Job instance at 0x7f48c0c6a730>,74,19,[11  3],75,-1,94,-1,75
1,<environment.Job instance at 0x7f48c07632d0>,75,28,[ 2 11],76,-1,104,-1,76
1,<environment.Job instance at 0x7f48c0cfcf00>,76,24,[ 1 13],77,-1,101,-1,77
1,<environment.Job instance at 0x7f48c1cf5410>,77,25,[ 5 13],78,-1,103,-1,78
1,<environment.Job instance at 0x7f48c084a640>,78,19,[11  3],79,-1,98,-1,79
1,<environment.Job instance at 0x7f48c0eb68c0>,79,24,[8 2],80,-1,104,-1,80
1,<environment.Job instance at 0x7f48c110a6e0>,80,21,[ 2 12],81,-1,102,-1,81
1,<environment.Job instance at 0x7f48c0849a50>,81,23,[ 2 12],82,-1,105,-1,82
1,<environment.Job instance at 0x7f48c08493c0>,82,14,[ 4 10],83,-1,97,-1,83
1,<environment.Job instance at 0x7f48c0849960>,83,26,[ 5 11],84,-1,110,-1,84
1,<environment.Job instance at 0x7f48c08ef9b0>,84,19,[14  5],85,-1,104,-1,85
1,<environment.Job instance at 0x7f48c08ef6e0>,85,21,[13  5],86,-1,107,-1,86
1,<environment.Job instance at 0x7f48c0ce2820>,86,24,[ 5 12],87,-1,111,-1,87
1,<environment.Job instance at 0x7f48c07bf280>,87,19,[12  2],88,-1,107,-1,88
1,<environment.Job instance at 0x7f48c0ecd0f0>,88,22,[ 5 11],89,-1,111,-1,89
1,<environment.Job instance at 0x7f48c07d4460>,89,26,[ 4 13],90,-1,116,-1,90
1,<environment.Job instance at 0x7f48c0d64c80>,90,27,[ 2 12],91,-1,118,-1,91
1,<environment.Job instance at 0x7f48c0d64460>,91,19,[13  2],92,-1,111,-1,92
1,<environment.Job instance at 0x7f48c0d645a0>,92,12,[11  2],93,-1,105,-1,93
1,<environment.Job instance at 0x7f48c164eb90>,96,26,[7 3],97,-1,125,-1,99
1,<environment.Job instance at 0x7f48c0858190>,97,25,[ 1 13],98,-1,124,-1,99
1,<environment.Job instance at 0x7f48c0858820>,98,22,[ 1 12],99,-1,121,-1,99
1,<environment.Job instance at 0x7f48c0858be0>,99,26,[11  4],100,-1,126,-1,100
1,<environment.Job instance at 0x7f48c0858fa0>,100,22,[8 2],101,-1,123,-1,101
1,<environment.Job instance at 0x7f48c0858280>,101,17,[11  1],102,-1,119,-1,102
1,<environment.Job instance at 0x7f48c0858460>,102,20,[ 1 11],103,-1,123,-1,103
1,<environment.Job instance at 0x7f48c0854460>,103,19,[13  2],104,-1,123,-1,104
1,<environment.Job instance at 0x7f48c0782f50>,104,19,[ 1 11],105,-1,124,-1,105
1,<environment.Job instance at 0x7f48c07822d0>,105,20,[13  5],106,-1,126,-1,106
1,<environment.Job instance at 0x7f48c0782b40>,106,27,[ 1 14],107,-1,134,-1,107
1,<environment.Job instance at 0x7f48c07820a0>,107,26,[12  3],108,-1,134,-1,108
1,<environment.Job instance at 0x7f48c0782140>,108,24,[11  3],109,-1,133,-1,109
1,<environment.Job instance at 0x7f48c0782b90>,109,25,[13  2],110,-1,135,-1,110
1,<environment.Job instance at 0x7f48c0782280>,110,20,[ 5 14],111,-1,131,-1,111
1,<environment.Job instance at 0x7f48c0782fa0>,111,22,[ 5 14],112,-1,134,-1,112
1,<environment.Job instance at 0x7f48c0782460>,112,25,[ 3 12],113,-1,138,-1,113
1,<environment.Job instance at 0x7f48c0d666e0>,113,28,[ 1 12],114,-1,142,-1,114
1,<environment.Job instance at 0x7f48c0d663c0>,114,20,[ 1 14],115,-1,135,-1,115
1,<environment.Job instance at 0x7f48c084f140>,115,26,[ 3 12],116,-1,142,-1,116
1,<environment.Job instance at 0x7f48c084ffa0>,116,16,[ 3 12],117,-1,133,-1,117
1,<environment.Job instance at 0x7f48c084f820>,117,14,[13  3],118,-1,132,-1,118
1,<environment.Job instance at 0x7f48c084ff50>,119,28,[ 2 13],120,-1,148,-1,120
1,<environment.Job instance at 0x7f48c084f7d0>,121,23,[ 4 11],122,-1,145,-1,122
1,<environment.Job instance at 0x7f48c084fe60>,122,16,[ 5 13],123,-1,139,-1,123
1,<environment.Job instance at 0x7f48c084f2d0>,124,21,[ 4 14],125,-1,146,-1,125
1,<environment.Job instance at 0x7f48c084b5a0>,125,12,[12  5],126,-1,138,-1,126
1,<environment.Job instance at 0x7f48c0858e10>,127,26,[14  4],128,-1,154,-1,128
1,<environment.Job instance at 0x7f48c084beb0>,128,23,[ 3 12],129,-1,152,-1,129
1,<environment.Job instance at 0x7f48c084b6e0>,131,23,[9 1],132,-1,177,-1,154
1,<environment.Job instance at 0x7f48c084b690>,132,26,[8 1],133,-1,180,-1,154
1,<environment.Job instance at 0x7f48c07a4e10>,133,19,[11  5],134,-1,173,-1,154
1,<environment.Job instance at 0x7f48c07a4190>,134,28,[11  3],135,-1,182,-1,154
1,<environment.Job instance at 0x7f48c07a47d0>,135,28,[5 1],136,-1,182,-1,154
1,<environment.Job instance at 0x7f48c07a40f0>,136,19,[ 1 14],137,-1,173,-1,154
1,<environment.Job instance at 0x7f48c07a4370>,137,22,[ 4 11],138,-1,176,-1,154
1,<environment.Job instance at 0x7f48c07a4640>,138,28,[6 1],139,-1,182,-1,154
1,<environment.Job instance at 0x7f48c07a4050>,139,21,[13  2],140,-1,175,-1,154
1,<environment.Job instance at 0x7f48c07a4500>,140,20,[14  3],141,-1,174,-1,154
1,<environment.Job instance at 0x7f48c07aa870>,141,22,[12  2],142,-1,176,-1,154
1,<environment.Job instance at 0x7f48c07aa140>,142,14,[ 3 14],143,-1,168,-1,154
1,<environment.Job instance at 0x7f48c07aa1e0>,143,12,[ 3 12],144,-1,166,-1,154
1,<environment.Job instance at 0x7f48c07aafa0>,144,25,[12  2],145,-1,179,-1,154
1,<environment.Job instance at 0x7f48c07aa550>,145,24,[14  4],146,-1,178,-1,154
1,<environment.Job instance at 0x7f48c07aaaf0>,146,21,[ 2 12],147,-1,175,-1,154
1,<environment.Job instance at 0x7f48c07aaa00>,147,26,[13  5],148,-1,180,-1,154
1,<environment.Job instance at 0x7f48c07aa910>,148,24,[ 2 10],149,-1,178,-1,154
1,<environment.Job instance at 0x7f48c164e320>,1,18,[ 1 13],2,-1,20,-1,2
1,<environment.Job instance at 0x7f48c0cb75a0>,2,27,[ 5 12],3,-1,30,-1,3
1,<environment.Job instance at 0x7f48c0cb7be0>,3,21,[ 1 14],4,-1,25,-1,4
1,<environment.Job instance at 0x7f48c0c5b9b0>,4,22,[14  2],5,-1,27,-1,5
1,<environment.Job instance at 0x7f48c0c3fa00>,5,14,[12  4],6,-1,20,-1,6
1,<environment.Job instance at 0x7f48c0b19870>,7,20,[12  5],8,-1,28,-1,8
1,<environment.Job instance at 0x7f48c0b19230>,8,27,[14  4],9,-1,36,-1,9
1,<environment.Job instance at 0x7f48c0b19730>,9,27,[14  4],10,-1,37,-1,10
1,<environment.Job instance at 0x7f48c0806370>,11,14,[12  2],12,-1,26,-1,12
1,<environment.Job instance at 0x7f48c0b19aa0>,12,21,[ 5 14],13,-1,34,-1,13
1,<environment.Job instance at 0x7f48c0b192d0>,13,24,[7 2],14,-1,38,-1,14
1,<environment.Job instance at 0x7f48c0b19a50>,10,19,[14  1],11,-1,33,-1,14
1,<environment.Job instance at 0x7f48c0b19f50>,14,27,[14  1],15,-1,42,-1,15
1,<environment.Job instance at 0x7f48c0b19690>,15,28,[ 2 14],16,-1,44,-1,16
1,<environment.Job instance at 0x7f48c0b19dc0>,16,21,[ 2 12],17,-1,38,-1,17
1,<environment.Job instance at 0x7f48c0b191e0>,17,27,[ 2 11],18,-1,45,-1,18
1,<environment.Job instance at 0x7f48c0b06370>,18,27,[ 1 11],19,-1,46,-1,19
1,<environment.Job instance at 0x7f48c1059730>,19,26,[ 2 14],20,-1,46,-1,20
1,<environment.Job instance at 0x7f48c0d8c5a0>,20,25,[12  5],21,-1,46,-1,21
1,<environment.Job instance at 0x7f48c0d8cd70>,21,19,[ 4 14],22,-1,41,-1,22
1,<environment.Job instance at 0x7f48c0d8c780>,22,19,[ 5 13],23,-1,42,-1,23
1,<environment.Job instance at 0x7f48c0d8c280>,23,24,[ 4 11],24,-1,48,-1,24
1,<environment.Job instance at 0x7f48c0d8c4b0>,24,26,[11  4],25,-1,51,-1,25
1,<environment.Job instance at 0x7f48c0d8c730>,25,28,[2 7],26,-1,54,-1,26
1,<environment.Job instance at 0x7f48c07f8500>,27,26,[12  5],28,-1,54,-1,28
1,<environment.Job instance at 0x7f48c0b40b40>,28,25,[ 4 14],29,-1,54,-1,29
1,<environment.Job instance at 0x7f48c0b408c0>,29,25,[ 1 10],30,-1,55,-1,30
1,<environment.Job instance at 0x7f48c0b40fa0>,30,25,[ 3 10],31,-1,56,-1,31
1,<environment.Job instance at 0x7f48c0a6b780>,31,23,[ 3 10],32,-1,55,-1,32
1,<environment.Job instance at 0x7f48c0d80280>,32,21,[ 4 11],33,-1,54,-1,33
1,<environment.Job instance at 0x7f48c0d87d20>,33,27,[ 5 14],34,-1,61,-1,34
1,<environment.Job instance at 0x7f48c0d679b0>,34,25,[14  3],35,-1,60,-1,35
1,<environment.Job instance at 0x7f48c0b1f690>,35,18,[12  1],36,-1,54,-1,36
1,<environment.Job instance at 0x7f48c0b1f5f0>,36,19,[ 1 13],37,-1,56,-1,37
1,<environment.Job instance at 0x7f48c0c94780>,37,26,[10  3],38,-1,64,-1,38
1,<environment.Job instance at 0x7f48c08959b0>,38,23,[ 2 11],39,-1,62,-1,39
1,<environment.Job instance at 0x7f48c0bdfa00>,39,25,[ 5 11],40,-1,65,-1,40
1,<environment.Job instance at 0x7f48c0b21280>,40,27,[11  5],41,-1,68,-1,41
1,<environment.Job instance at 0x7f48c07bf230>,41,17,[12  5],42,-1,59,-1,42
1,<environment.Job instance at 0x7f48c0c62c80>,42,24,[7 1],43,-1,67,-1,43
1,<environment.Job instance at 0x7f48c0b19be0>,44,21,[12  4],45,-1,66,-1,45
1,<environment.Job instance at 0x7f48c14a0dc0>,45,26,[11  4],46,-1,72,-1,46
1,<environment.Job instance at 0x7f48c0c62410>,43,21,[11  1],44,-1,67,-1,46
1,<environment.Job instance at 0x7f48c0c62b40>,46,21,[12  4],47,-1,68,-1,47
1,<environment.Job instance at 0x7f48c14a03c0>,47,26,[ 1 13],48,-1,74,-1,48
1,<environment.Job instance at 0x7f48c14a0550>,48,26,[ 1 12],49,-1,75,-1,49
1,<environment.Job instance at 0x7f48c0c06cd0>,50,23,[11  3],51,-1,74,-1,51
1,<environment.Job instance at 0x7f48c14a0050>,51,23,[ 4 10],52,-1,75,-1,52
1,<environment.Job instance at 0x7f48c124f690>,53,24,[11  5],54,-1,78,-1,54
1,<environment.Job instance at 0x7f48c124f960>,54,21,[ 3 13],55,-1,76,-1,55
1,<environment.Job instance at 0x7f48c0c06c80>,56,28,[ 5 11],57,-1,85,-1,57
1,<environment.Job instance at 0x7f48c124fe60>,57,28,[1 5],58,-1,87,-1,59
1,<environment.Job instance at 0x7f48c124f500>,59,21,[ 3 12],60,-1,81,-1,60
1,<environment.Job instance at 0x7f48c124f460>,60,25,[12  3],61,-1,86,-1,61
1,<environment.Job instance at 0x7f48c0b05230>,65,26,[11  1],66,-1,120,-1,94
1,<environment.Job instance at 0x7f48c0b058c0>,66,27,[ 1 13],67,-1,121,-1,94
1,<environment.Job instance at 0x7f48c0bfb1e0>,67,20,[ 1 14],68,-1,114,-1,94
1,<environment.Job instance at 0x7f48c0b057d0>,68,28,[ 3 14],69,-1,122,-1,94
1,<environment.Job instance at 0x7f48c0bfb730>,69,25,[12  2],70,-1,119,-1,94
1,<environment.Job instance at 0x7f48c0bfb370>,70,25,[ 5 14],71,-1,119,-1,94
1,<environment.Job instance at 0x7f48c0bbce60>,71,21,[ 1 12],72,-1,115,-1,94
1,<environment.Job instance at 0x7f48c07d0460>,72,28,[5 5],73,-1,122,-1,94
1,<environment.Job instance at 0x7f48c07d0f50>,73,21,[ 5 14],74,-1,115,-1,94
1,<environment.Job instance at 0x7f48c0bbcb90>,74,24,[11  4],75,-1,118,-1,94
1,<environment.Job instance at 0x7f48c0bbc780>,75,15,[ 4 11],76,-1,109,-1,94
1,<environment.Job instance at 0x7f48c0cec500>,76,27,[5 1],77,-1,121,-1,94
1,<environment.Job instance at 0x7f48c0a260a0>,77,21,[ 1 12],78,-1,115,-1,94
1,<environment.Job instance at 0x7f48c0a264b0>,78,26,[4 9],79,-1,120,-1,94
1,<environment.Job instance at 0x7f48c0cec4b0>,79,25,[6 1],80,-1,119,-1,94
1,<environment.Job instance at 0x7f48c0c10230>,80,16,[ 4 11],81,-1,110,-1,94
1,<environment.Job instance at 0x7f48c0c10a00>,81,25,[14  3],82,-1,119,-1,94
1,<environment.Job instance at 0x7f48c0c10b90>,82,28,[13  1],83,-1,122,-1,94
1,<environment.Job instance at 0x7f48c0c106e0>,83,22,[14  1],84,-1,116,-1,94
1,<environment.Job instance at 0x7f48c0c10190>,84,25,[13  3],85,-1,119,-1,94
1,<environment.Job instance at 0x7f48c0c100f0>,85,23,[11  2],86,-1,117,-1,94
1,<environment.Job instance at 0x7f48c0c10c30>,86,19,[12  1],87,-1,113,-1,94
1,<environment.Job instance at 0x7f48c0c10960>,87,26,[ 4 13],88,-1,120,-1,94
1,<environment.Job instance at 0x7f48c0c10370>,91,25,[ 5 14],92,-1,163,-1,138
1,<environment.Job instance at 0x7f48c0c22780>,92,19,[ 5 12],93,-1,157,-1,138
1,<environment.Job instance at 0x7f48c0c22e10>,93,26,[ 1 12],94,-1,164,-1,138
1,<environment.Job instance at 0x7f48c0c22320>,94,28,[ 3 12],95,-1,166,-1,138
1,<environment.Job instance at 0x7f48c0c22af0>,95,20,[ 1 12],96,-1,158,-1,138
1,<environment.Job instance at 0x7f48c0c220a0>,96,19,[11  1],97,-1,157,-1,138
1,<environment.Job instance at 0x7f48c0bc1d20>,98,22,[13  2],99,-1,166,-1,144
1,<environment.Job instance at 0x7f48c0d7e320>,99,24,[12  3],100,-1,168,-1,144
1,<environment.Job instance at 0x7f48c0c22230>,100,28,[ 4 12],101,-1,172,-1,144
1,<environment.Job instance at 0x7f48c0d7ebe0>,101,25,[ 2 12],102,-1,169,-1,144
1,<environment.Job instance at 0x7f48c0d7ec80>,102,24,[11  2],103,-1,168,-1,144
1,<environment.Job instance at 0x7f48c0d7e550>,103,18,[ 1 11],104,-1,162,-1,144
1,<environment.Job instance at 0x7f48c0d7e640>,104,22,[12  3],105,-1,166,-1,144
1,<environment.Job instance at 0x7f48c0d7e780>,105,26,[ 3 11],106,-1,170,-1,144
1,<environment.Job instance at 0x7f48c17cae10>,2,14,[ 1 14],3,-1,17,-1,3
1,<environment.Job instance at 0x7f48c154a780>,4,23,[11  4],5,-1,28,-1,5
1,<environment.Job instance at 0x7f48c154a2d0>,5,24,[14  4],6,-1,30,-1,6
1,<environment.Job instance at 0x7f48c154a460>,6,23,[ 2 13],7,-1,30,-1,7
1,<environment.Job instance at 0x7f48c154a5f0>,7,21,[14  4],8,-1,29,-1,8
1,<environment.Job instance at 0x7f48c154ac80>,8,25,[ 1 12],9,-1,34,-1,9
1,<environment.Job instance at 0x7f48c154aaf0>,3,24,[5 8],4,-1,33,-1,9
1,<environment.Job instance at 0x7f48c154a500>,9,28,[ 1 11],10,-1,38,-1,10
1,<environment.Job instance at 0x7f48c154adc0>,11,28,[14  2],12,-1,40,-1,12
1,<environment.Job instance at 0x7f48c154ad20>,12,28,[13  4],13,-1,41,-1,13
1,<environment.Job instance at 0x7f48c154af50>,13,22,[ 5 14],14,-1,36,-1,14
1,<environment.Job instance at 0x7f48c154a7d0>,14,28,[ 1 11],15,-1,43,-1,15
1,<environment.Job instance at 0x7f48c154a230>,16,22,[ 1 14],17,-1,39,-1,17
1,<environment.Job instance at 0x7f48c17edc30>,18,16,[ 3 13],19,-1,35,-1,19
1,<environment.Job instance at 0x7f48c17ed320>,19,21,[13  2],20,-1,41,-1,20
1,<environment.Job instance at 0x7f48c17edd70>,20,12,[11  5],21,-1,33,-1,21
1,<environment.Job instance at 0x7f48c17eda50>,21,25,[ 5 11],22,-1,47,-1,22
1,<environment.Job instance at 0x7f48c17ed500>,22,28,[13  5],23,-1,51,-1,23
1,<environment.Job instance at 0x7f48c17e7780>,26,28,[12  3],27,-1,62,-1,34
1,<environment.Job instance at 0x7f48c17e7320>,27,27,[11  4],28,-1,61,-1,34
1,<environment.Job instance at 0x7f48c17e7140>,28,27,[9 4],29,-1,61,-1,34
1,<environment.Job instance at 0x7f48c17e7410>,29,28,[5 9],30,-1,62,-1,34
1,<environment.Job instance at 0x7f48c17e7c80>,31,16,[ 3 12],32,-1,50,-1,34
1,<environment.Job instance at 0x7f48c1804730>,32,23,[ 2 14],33,-1,57,-1,34
1,<environment.Job instance at 0x7f48c153c0a0>,33,21,[ 2 13],34,-1,55,-1,34
1,<environment.Job instance at 0x7f48c15497d0>,34,28,[14  2],35,-1,63,-1,35
1,<environment.Job instance at 0x7f48c1549aa0>,35,24,[11  1],36,-1,60,-1,36
1,<environment.Job instance at 0x7f48c1549960>,36,21,[ 3 13],37,-1,58,-1,37
1,<environment.Job instance at 0x7f48c1549460>,37,20,[11  1],38,-1,58,-1,38
1,<environment.Job instance at 0x7f48c1549a50>,38,26,[ 1 12],39,-1,65,-1,39
1,<environment.Job instance at 0x7f48c1549690>,39,13,[12  3],40,-1,53,-1,40
1,<environment.Job instance at 0x7f48c15496e0>,40,25,[ 1 11],41,-1,66,-1,41
1,<environment.Job instance at 0x7f48c1549730>,41,20,[ 3 14],42,-1,62,-1,42
1,<environment.Job instance at 0x7f48c06c4c80>,42,17,[ 1 12],43,-1,60,-1,43
1,<environment.Job instance at 0x7f48c06c4be0>,43,25,[2 7],44,-1,69,-1,44
1,<environment.Job instance at 0x7f48c06c45f0>,44,23,[10  4],45,-1,68,-1,45
1,<environment.Job instance at 0x7f48c06c47d0>,45,21,[ 3 14],46,-1,67,-1,46
1,<environment.Job instance at 0x7f48c06c40f0>,46,23,[14  5],47,-1,70,-1,47
1,<environment.Job instance at 0x7f48c06c4fa0>,47,24,[3 6],48,-1,72,-1,48
1,<environment.Job instance at 0x7f48c06c4b90>,48,18,[14  2],49,-1,67,-1,49
1,<environment.Job instance at 0x7f48c06c4aa0>,49,27,[ 5 13],50,-1,77,-1,50
1,<environment.Job instance at 0x7f48c150e1e0>,51,21,[12  3],52,-1,73,-1,52
1,<environment.Job instance at 0x7f48c0e3caa0>,52,27,[ 5 12],53,-1,80,-1,53
1,<environment.Job instance at 0x7f48c0e3ca50>,53,28,[9 3],54,-1,82,-1,54
1,<environment.Job instance at 0x7f48c0e3c2d0>,54,16,[ 2 13],55,-1,71,-1,55
1,<environment.Job instance at 0x7f48ca298cd0>,55,28,[14  4],56,-1,84,-1,56
1,<environment.Job instance at 0x7f48c0759460>,56,13,[12  5],57,-1,70,-1,57
1,<environment.Job instance at 0x7f48c17edbe0>,57,13,[14  1],58,-1,71,-1,58
1,<environment.Job instance at 0x7f48c1c3a870>,58,26,[11  5],59,-1,85,-1,59
1,<environment.Job instance at 0x7f48c1804fa0>,59,14,[ 2 13],60,-1,74,-1,60
1,<environment.Job instance at 0x7f48c073dc80>,60,28,[14  5],61,-1,89,-1,61
1,<environment.Job instance at 0x7f48c06f75f0>,61,18,[12  4],62,-1,80,-1,62
1,<environment.Job instance at 0x7f48c06f7f00>,62,21,[ 2 14],63,-1,84,-1,63
1,<environment.Job instance at 0x7f48c06f7a50>,64,23,[13  4],65,-1,88,-1,65
1,<environment.Job instance at 0x7f48c06f7460>,65,16,[ 3 13],66,-1,82,-1,66
1,<environment.Job instance at 0x7f48c06f7820>,66,26,[11  1],67,-1,93,-1,67
1,<environment.Job instance at 0x7f48c06f77d0>,67,23,[12  5],68,-1,91,-1,68
1,<environment.Job instance at 0x7f48c0e5b280>,69,20,[ 5 13],70,-1,93,-1,73
1,<environment.Job instance at 0x7f48c17ca190>,70,17,[13  3],71,-1,90,-1,73
1,<environment.Job instance at 0x7f48c0741460>,71,23,[12  3],72,-1,96,-1,73
1,<environment.Job instance at 0x7f48c0741cd0>,72,19,[ 3 11],73,-1,92,-1,73
1,<environment.Job instance at 0x7f48c06f85f0>,74,25,[9 3],75,-1,102,-1,77
1,<environment.Job instance at 0x7f48c0706e10>,75,28,[ 5 13],76,-1,105,-1,77
1,<environment.Job instance at 0x7f48c0706eb0>,76,19,[ 4 11],77,-1,96,-1,77
1,<environment.Job instance at 0x7f48c06ef910>,77,25,[13  4],78,-1,103,-1,78
1,<environment.Job instance at 0x7f48c17e7c30>,78,21,[ 1 12],79,-1,100,-1,79
1,<environment.Job instance at 0x7f48c17e7e10>,79,22,[ 4 12],80,-1,102,-1,80
1,<environment.Job instance at 0x7f48c17e7870>,80,22,[13  5],81,-1,103,-1,81
1,<environment.Job instance at 0x7f48c06f4780>,81,28,[13  2],82,-1,110,-1,82
1,<environment.Job instance at 0x7f48c06f44b0>,82,20,[14  3],83,-1,103,-1,83
1,<environment.Job instance at 0x7f48c06f4820>,83,24,[14  3],84,-1,108,-1,84
1,<environment.Job instance at 0x7f48c06f4f00>,84,25,[12  1],85,-1,110,-1,85
1,<environment.Job instance at 0x7f48c06f4d70>,85,24,[5 8],86,-1,110,-1,86
1,<environment.Job instance at 0x7f48c154abe0>,86,13,[ 1 13],87,-1,100,-1,87
1,<environment.Job instance at 0x7f48c154a320>,87,23,[ 1 14],88,-1,111,-1,88
1,<environment.Job instance at 0x7f48c154a280>,88,25,[12  5],89,-1,114,-1,89
1,<environment.Job instance at 0x7f48c07135a0>,89,27,[ 2 14],90,-1,117,-1,90
1,<environment.Job instance at 0x7f48c07125f0>,90,20,[ 2 14],91,-1,111,-1,91
1,<environment.Job instance at 0x7f48c0712c30>,91,25,[ 4 11],92,-1,117,-1,92
1,<environment.Job instance at 0x7f48c0712d70>,92,21,[ 3 11],93,-1,114,-1,93
1,<environment.Job instance at 0x7f48c0712050>,93,21,[13  2],94,-1,115,-1,94
1,<environment.Job instance at 0x7f48c0712870>,94,23,[14  5],95,-1,118,-1,95
1,<environment.Job instance at 0x7f48c0712730>,95,25,[ 2 11],96,-1,121,-1,96
1,<environment.Job instance at 0x7f48c0712230>,96,26,[14  4],97,-1,123,-1,97
1,<environment.Job instance at 0x7f48c0712b90>,97,14,[ 1 13],98,-1,112,-1,98
1,<environment.Job instance at 0x7f48c07127d0>,98,17,[ 1 11],99,-1,116,-1,99
1,<environment.Job instance at 0x7f48c0712550>,99,24,[5 4],100,-1,124,-1,100
1,<environment.Job instance at 0x7f48c07274b0>,102,16,[13  2],103,-1,119,-1,103
1,<environment.Job instance at 0x7f48c070e1e0>,103,21,[ 5 11],104,-1,125,-1,104
1,<environment.Job instance at 0x7f48c070e5a0>,104,17,[13  4],105,-1,122,-1,105
1,<environment.Job instance at 0x7f48c070ed20>,105,28,[ 3 12],106,-1,134,-1,106
1,<environment.Job instance at 0x7f48c070e7d0>,106,26,[ 1 12],107,-1,133,-1,107
1,<environment.Job instance at 0x7f48c070edc0>,109,20,[ 5 14],110,-1,155,-1,135
1,<environment.Job instance at 0x7f48c070eb40>,110,27,[ 2 14],111,-1,162,-1,135
1,<environment.Job instance at 0x7f48c070e460>,111,13,[ 2 12],112,-1,148,-1,135
1,<environment.Job instance at 0x7f48c070e370>,112,24,[10  4],113,-1,159,-1,135
1,<environment.Job instance at 0x7f48c070ec80>,113,18,[ 3 11],114,-1,153,-1,135
1,<environment.Job instance at 0x7f48c070ea00>,114,13,[14  4],115,-1,148,-1,135
1,<environment.Job instance at 0x7f48c070eaa0>,115,23,[14  2],116,-1,158,-1,135
1,<environment.Job instance at 0x7f48c070d3c0>,116,25,[14  4],117,-1,160,-1,135
1,<environment.Job instance at 0x7f48c070d870>,117,19,[13  5],118,-1,154,-1,135
1,<environment.Job instance at 0x7f48c070da50>,118,26,[10  2],119,-1,161,-1,135
1,<environment.Job instance at 0x7f48c070de10>,120,15,[ 1 11],121,-1,158,-1,143
1,<environment.Job instance at 0x7f48c070dc30>,121,26,[ 2 11],122,-1,169,-1,143
1,<environment.Job instance at 0x7f48c070dd70>,122,23,[ 3 13],123,-1,166,-1,143
1,<environment.Job instance at 0x7f48c070d730>,123,13,[12  5],124,-1,156,-1,143
1,<environment.Job instance at 0x7f48c070d1e0>,124,26,[ 3 13],125,-1,169,-1,143
1,<environment.Job instance at 0x7f48c070d410>,125,19,[ 4 14],126,-1,162,-1,143
1,<environment.Job instance at 0x7f48c070a0a0>,126,17,[ 4 13],127,-1,160,-1,143
1,<environment.Job instance at 0x7f48c070ac30>,127,27,[ 2 11],128,-1,170,-1,143
1,<environment.Job instance at 0x7f48c070ad70>,129,24,[ 4 12],130,-1,173,-1,149
1,<environment.Job instance at 0x7f48c070a780>,130,27,[11  4],131,-1,176,-1,149
1,<environment.Job instance at 0x7f48c070a460>,132,26,[7 3],133,-1,181,-1,155
1,<environment.Job instance at 0x7f48c070a690>,133,24,[ 5 12],134,-1,179,-1,155
1,<environment.Job instance at 0x7f48c070a280>,134,27,[10  1],135,-1,182,-1,155
1,<environment.Job instance at 0x7f48c0710500>,135,15,[13  5],136,-1,170,-1,155
1,<environment.Job instance at 0x7f48c07105a0>,1,27,[12  5],2,-1,29,-1,2
1,<environment.Job instance at 0x7f48c0727c30>,4,26,[ 1 13],5,-1,31,-1,5
1,<environment.Job instance at 0x7f48c0727cd0>,5,13,[ 1 13],6,-1,19,-1,6
1,<environment.Job instance at 0x7f48c0727370>,6,18,[12  5],7,-1,25,-1,7
1,<environment.Job instance at 0x7f48c0727640>,7,24,[ 5 12],8,-1,32,-1,8
1,<environment.Job instance at 0x7f48c0727690>,8,22,[ 3 14],9,-1,31,-1,9
1,<environment.Job instance at 0x7f48c0727be0>,9,21,[ 2 11],10,-1,31,-1,10
1,<environment.Job instance at 0x7f48c0727b40>,10,19,[13  2],11,-1,30,-1,11
1,<environment.Job instance at 0x7f48c0727c80>,11,20,[ 3 14],12,-1,32,-1,12
1,<environment.Job instance at 0x7f48c0727af0>,12,15,[ 1 12],13,-1,28,-1,13
1,<environment.Job instance at 0x7f48c0727e10>,13,25,[14  2],14,-1,39,-1,14
1,<environment.Job instance at 0x7f48c0727f00>,14,22,[11  3],15,-1,37,-1,15
1,<environment.Job instance at 0x7f48c0727a00>,15,16,[14  2],16,-1,32,-1,16
1,<environment.Job instance at 0x7f48c07277d0>,16,26,[9 2],17,-1,43,-1,17
1,<environment.Job instance at 0x7f48c06e95a0>,17,26,[ 2 10],18,-1,44,-1,18
1,<environment.Job instance at 0x7f48c06e9190>,19,25,[5 5],20,-1,45,-1,20
1,<environment.Job instance at 0x7f48c06e9b90>,22,26,[ 2 11],23,-1,49,-1,23
1,<environment.Job instance at 0x7f48c06e9730>,23,27,[7 4],24,-1,52,-1,25
1,<environment.Job instance at 0x7f48c06e97d0>,25,20,[12  3],26,-1,46,-1,26
1,<environment.Job instance at 0x7f48c06e9820>,26,24,[7 2],27,-1,54,-1,30
1,<environment.Job instance at 0x7f48c06e9f00>,28,26,[12  1],29,-1,56,-1,30
1,<environment.Job instance at 0x7f48c06e9b40>,29,28,[ 3 12],30,-1,58,-1,30
1,<environment.Job instance at 0x7f48c06e9960>,31,25,[14  4],32,-1,65,-1,40
1,<environment.Job instance at 0x7f48c06e4b40>,32,26,[11  3],33,-1,66,-1,40
1,<environment.Job instance at 0x7f48c06e4500>,33,26,[3 7],34,-1,66,-1,40
1,<environment.Job instance at 0x7f48c06e4cd0>,35,23,[ 4 13],36,-1,65,-1,42
1,<environment.Job instance at 0x7f48c06e4d20>,36,19,[11  1],37,-1,61,-1,42
1,<environment.Job instance at 0x7f48c06e4d70>,37,26,[11  4],38,-1,68,-1,42
1,<environment.Job instance at 0x7f48c06e43c0>,39,21,[ 2 13],40,-1,82,-1,61
1,<environment.Job instance at 0x7f48c06e4370>,40,19,[11  1],41,-1,80,-1,61
1,<environment.Job instance at 0x7f48c06e45a0>,41,13,[ 4 11],42,-1,74,-1,61
1,<environment.Job instance at 0x7f48c06e42d0>,42,22,[12  4],43,-1,83,-1,61
1,<environment.Job instance at 0x7f48c06e4460>,43,16,[14  5],44,-1,77,-1,61
1,<environment.Job instance at 0x7f48c06e45f0>,44,20,[ 3 12],45,-1,81,-1,61
1,<environment.Job instance at 0x7f48c06e4140>,45,28,[13  5],46,-1,89,-1,61
1,<environment.Job instance at 0x7f48c06e4aa0>,46,23,[14  3],47,-1,84,-1,61
1,<environment.Job instance at 0x7f48c06e4230>,47,25,[ 2 14],48,-1,86,-1,61
1,<environment.Job instance at 0x7f48c0760e60>,50,21,[11  3],51,-1,124,-1,103
1,<environment.Job instance at 0x7f48c0760d70>,51,24,[13  3],52,-1,127,-1,103
1,<environment.Job instance at 0x7f48c0760370>,54,22,[ 3 11],55,-1,142,-1,120
1,<environment.Job instance at 0x7f48c07605f0>,56,19,[ 2 11],57,-1,139,-1,120
1,<environment.Job instance at 0x7f48c0760c80>,57,18,[ 5 13],58,-1,138,-1,120
1,<environment.Job instance at 0x7f48c0760aa0>,58,28,[ 5 11],59,-1,148,-1,120
1,<environment.Job instance at 0x7f48c07608c0>,59,27,[12  1],60,-1,147,-1,120
1,<environment.Job instance at 0x7f48c0760190>,60,22,[13  3],61,-1,142,-1,120
1,<environment.Job instance at 0x7f48c07605a0>,61,17,[13  4],62,-1,137,-1,120
1,<environment.Job instance at 0x7f48c0760280>,62,28,[ 5 11],63,-1,148,-1,120
1,<environment.Job instance at 0x7f48c075c370>,64,22,[ 1 14],65,-1,162,-1,140
1,<environment.Job instance at 0x7f48c075cc80>,65,24,[13  4],66,-1,164,-1,140
1,<environment.Job instance at 0x7f48c075cd20>,66,24,[ 4 13],67,-1,164,-1,140
1,<environment.Job instance at 0x7f48c075ca50>,67,19,[ 5 14],68,-1,159,-1,140
1,<environment.Job instance at 0x7f48c075ca00>,68,19,[14  3],69,-1,159,-1,140
1,<environment.Job instance at 0x7f48c075c0a0>,69,26,[8 4],70,-1,166,-1,140
1,<environment.Job instance at 0x7f48c075caf0>,70,14,[13  2],71,-1,154,-1,140
1,<environment.Job instance at 0x7f48c075c9b0>,71,22,[ 5 13],72,-1,162,-1,140
1,<environment.Job instance at 0x7f48c075c730>,72,24,[ 1 14],73,-1,164,-1,140
1,<environment.Job instance at 0x7f48c075c0f0>,73,28,[13  5],74,-1,168,-1,140
1,<environment.Job instance at 0x7f48c075c460>,74,22,[12  4],75,-1,162,-1,140
1,<environment.Job instance at 0x7f48c075c910>,76,24,[14  5],77,-1,164,-1,140
1,<environment.Job instance at 0x7f48c075c960>,77,19,[13  1],78,-1,159,-1,140
1,<environment.Job instance at 0x7f48c0759410>,78,23,[11  5],79,-1,163,-1,140
1,<environment.Job instance at 0x7f48c0759280>,79,23,[ 2 12],80,-1,163,-1,140
1,<environment.Job instance at 0x7f48c0759230>,81,25,[7 3],82,-1,183,-1,158
1,<environment.Job instance at 0x7f48c0759050>,82,23,[12  5],83,-1,181,-1,158
1,<environment.Job instance at 0x7f48c0759d70>,83,28,[11  2],84,-1,186,-1,158
1,<environment.Job instance at 0x7f48c07596e0>,84,27,[11  2],85,-1,185,-1,158
1,<environment.Job instance at 0x7f48c0759b40>,86,17,[ 4 13],87,-1,195,-1,178
1,<environment.Job instance at 0x7f48c0759eb0>,88,13,[12  5],89,-1,200,-1,187
1,<environment.Job instance at 0x7f48c0759a50>,89,14,[ 2 12],90,-1,201,-1,187
1,<environment.Job instance at 0x7f48c07595f0>,90,19,[11  1],91,-1,206,-1,187
1,<environment.Job instance at 0x7f48c0759af0>,91,21,[13  1],92,-1,208,-1,187
1,<environment.Job instance at 0x7f48c0759910>,92,24,[13  4],93,-1,211,-1,187
1,<environment.Job instance at 0x7f48c0759320>,93,19,[ 5 14],94,-1,206,-1,187
1,<environment.Job instance at 0x7f48c0e3f730>,94,28,[ 1 12],95,-1,215,-1,187
1,<environment.Job instance at 0x7f48c0e3f460>,95,28,[12  3],96,-1,215,-1,187
1,<environment.Job instance at 0x7f48c1c3e320>,2,24,[ 3 11],3,-1,27,-1,3
1,<environment.Job instance at 0x7f48c1c3e9b0>,4,23,[ 2 12],5,-1,28,-1,5
1,<environment.Job instance at 0x7f48c1c3efa0>,5,27,[8 3],6,-1,33,-1,6
1,<environment.Job instance at 0x7f48c1c3e190>,6,22,[ 2 12],7,-1,29,-1,7
1,<environment.Job instance at 0x7f48c06e4910>,7,26,[6 4],8,-1,34,-1,8
1,<environment.Job instance at 0x7f48c1c3e2d0>,9,15,[ 1 14],10,-1,25,-1,10
1,<environment.Job instance at 0x7f48c06e4960>,10,22,[14  4],11,-1,33,-1,11
1,<environment.Job instance at 0x7f48c06e4780>,12,17,[ 1 14],13,-1,30,-1,13
1,<environment.Job instance at 0x7f48c125ef50>,16,25,[ 5 14],17,-1,50,-1,25
1,<environment.Job instance at 0x7f48c125e3c0>,18,26,[ 4 11],19,-1,55,-1,29
1,<environment.Job instance at 0x7f48c125e320>,19,27,[13  5],20,-1,67,-1,40
1,<environment.Job instance at 0x7f48c125ee10>,13,21,[6 3],14,-1,94,-1,73
1,<environment.Job instance at 0x7f48c125ec80>,24,27,[4 5],25,-1,100,-1,73
1,<environment.Job instance at 0x7f48ca4cdbe0>,25,24,[ 3 11],26,-1,97,-1,73
1,<environment.Job instance at 0x7f48c125e550>,26,24,[14  2],27,-1,97,-1,73
1,<environment.Job instance at 0x7f48c125e370>,27,12,[5 1],28,-1,85,-1,73
1,<environment.Job instance at 0x7f48c06c4640>,28,19,[ 3 11],29,-1,92,-1,73
1,<environment.Job instance at 0x7f48c06c4280>,29,15,[13  2],30,-1,88,-1,73
1,<environment.Job instance at 0x7f48c06c40a0>,30,13,[11  2],31,-1,86,-1,73
1,<environment.Job instance at 0x7f48c06c4780>,31,24,[4 6],32,-1,97,-1,73
1,<environment.Job instance at 0x7f48c06c4dc0>,32,28,[ 3 14],33,-1,101,-1,73
1,<environment.Job instance at 0x7f48c06c48c0>,33,25,[3 7],34,-1,98,-1,73
1,<environment.Job instance at 0x7f48c06c4820>,34,22,[6 4],35,-1,95,-1,73
1,<environment.Job instance at 0x7f48c0c9f550>,1,25,[ 2 11],2,-1,27,-1,2
1,<environment.Job instance at 0x7f48c14d5a00>,2,28,[11  3],3,-1,31,-1,3
1,<environment.Job instance at 0x7f48ca322c80>,3,18,[13  2],4,-1,22,-1,4
1,<environment.Job instance at 0x7f48c1500cd0>,4,28,[13  1],5,-1,33,-1,5
1,<environment.Job instance at 0x7f48c08c13c0>,5,23,[ 5 13],6,-1,29,-1,6
1,<environment.Job instance at 0x7f48c1799050>,6,23,[ 2 13],7,-1,30,-1,7
1,<environment.Job instance at 0x7f48c190c730>,7,28,[ 1 12],8,-1,36,-1,8
1,<environment.Job instance at 0x7f48c0f36f00>,8,25,[ 2 12],9,-1,34,-1,9
1,<environment.Job instance at 0x7f48c0f36b40>,9,12,[ 4 14],10,-1,22,-1,10
1,<environment.Job instance at 0x7f48c0f36640>,10,28,[12  3],11,-1,39,-1,11
1,<environment.Job instance at 0x7f48c0f365a0>,11,23,[11  2],12,-1,35,-1,12
1,<environment.Job instance at 0x7f48c0f5b2d0>,13,22,[ 3 13],14,-1,36,-1,14
1,<environment.Job instance at 0x7f48c0f5ba00>,14,27,[ 1 13],15,-1,42,-1,15
1,<environment.Job instance at 0x7f48c18f2cd0>,15,23,[12  5],16,-1,39,-1,16
1,<environment.Job instance at 0x7f48c18f2370>,16,22,[ 3 12],17,-1,39,-1,17
1,<environment.Job instance at 0x7f48c0f53910>,17,25,[ 4 12],18,-1,43,-1,18
1,<environment.Job instance at 0x7f48c0f53190>,19,24,[ 5 12],20,-1,44,-1,20
1,<environment.Job instance at 0x7f48c0f53460>,20,27,[2 5],21,-1,48,-1,21
1,<environment.Job instance at 0x7f48c0f532d0>,21,13,[ 3 13],22,-1,35,-1,22
1,<environment.Job instance at 0x7f48c0f53730>,22,23,[14  4],23,-1,46,-1,23
1,<environment.Job instance at 0x7f48c0f53f00>,23,17,[13  5],24,-1,41,-1,24
1,<environment.Job instance at 0x7f48c0f5b690>,25,24,[12  4],26,-1,50,-1,26
1,<environment.Job instance at 0x7f48c0f53cd0>,24,22,[13  1],25,-1,48,-1,26
1,<environment.Job instance at 0x7f48c0f53fa0>,26,25,[12  3],27,-1,52,-1,27
1,<environment.Job instance at 0x7f48c0f45a00>,27,27,[11  5],28,-1,55,-1,28
1,<environment.Job instance at 0x7f48c18d0af0>,28,25,[ 3 11],29,-1,54,-1,29
1,<environment.Job instance at 0x7f48c18d0820>,29,21,[ 2 13],30,-1,51,-1,30
1,<environment.Job instance at 0x7f48c0f2ce60>,31,23,[ 3 11],32,-1,55,-1,32
1,<environment.Job instance at 0x7f48c0f452d0>,33,21,[ 1 13],34,-1,55,-1,34
1,<environment.Job instance at 0x7f48c0f2ca50>,34,28,[14  1],35,-1,63,-1,35
1,<environment.Job instance at 0x7f48c0f2c5f0>,35,28,[4 5],36,-1,64,-1,36
1,<environment.Job instance at 0x7f48c0f2cb90>,36,17,[ 3 14],37,-1,54,-1,37
1,<environment.Job instance at 0x7f48c0da5f00>,37,25,[12  5],38,-1,63,-1,38
1,<environment.Job instance at 0x7f48c0de0320>,38,16,[ 1 12],39,-1,55,-1,39
1,<environment.Job instance at 0x7f48c0f2cd20>,40,23,[5 9],41,-1,64,-1,41
1,<environment.Job instance at 0x7f48c0de0910>,39,17,[13  2],40,-1,58,-1,41
1,<environment.Job instance at 0x7f48c154d190>,41,24,[ 2 14],42,-1,66,-1,42
1,<environment.Job instance at 0x7f48c15aebe0>,43,28,[11  2],44,-1,72,-1,44
1,<environment.Job instance at 0x7f48c0f47d70>,44,28,[ 4 10],45,-1,73,-1,45
1,<environment.Job instance at 0x7f48c0f47a00>,45,24,[6 2],46,-1,70,-1,46
1,<environment.Job instance at 0x7f48c0f08190>,46,19,[ 2 13],47,-1,66,-1,47
1,<environment.Job instance at 0x7f48c0f06140>,42,22,[11  4],43,-1,69,-1,47
1,<environment.Job instance at 0x7f48c0f1eb40>,47,21,[ 5 12],48,-1,69,-1,48
1,<environment.Job instance at 0x7f48c0ee6820>,48,24,[ 4 12],49,-1,73,-1,49
1,<environment.Job instance at 0x7f48c0f07f50>,50,26,[12  2],51,-1,77,-1,51
1,<environment.Job instance at 0x7f48c0efdbe0>,51,28,[ 2 14],52,-1,80,-1,52
1,<environment.Job instance at 0x7f48c15a5910>,52,24,[ 1 11],53,-1,77,-1,53
1,<environment.Job instance at 0x7f48c0f01aa0>,53,17,[ 3 11],54,-1,71,-1,54
1,<environment.Job instance at 0x7f48c1589370>,56,25,[14  1],57,-1,82,-1,57
1,<environment.Job instance at 0x7f48c15930f0>,57,20,[11  1],58,-1,78,-1,58
1,<environment.Job instance at 0x7f48c158a780>,58,25,[ 2 14],59,-1,84,-1,59
1,<environment.Job instance at 0x7f48c0f01af0>,54,22,[8 1],55,-1,81,-1,59
1,<environment.Job instance at 0x7f48c0f197d0>,59,17,[ 2 14],60,-1,77,-1,60
1,<environment.Job instance at 0x7f48c158abe0>,60,24,[10  2],61,-1,85,-1,61
1,<environment.Job instance at 0x7f48c158a7d0>,62,14,[ 5 11],63,-1,77,-1,63
1,<environment.Job instance at 0x7f48c158a050>,63,15,[ 2 13],64,-1,79,-1,64
1,<environment.Job instance at 0x7f48c158ac80>,65,17,[ 2 13],66,-1,83,-1,66
1,<environment.Job instance at 0x7f48c158ad20>,66,16,[14  4],67,-1,83,-1,67
1,<environment.Job instance at 0x7f48c158ae60>,67,22,[ 4 14],68,-1,90,-1,68
1,<environment.Job instance at 0x7f48c1592280>,68,23,[ 3 14],69,-1,92,-1,69
1,<environment.Job instance at 0x7f48c1592690>,69,15,[13  2],70,-1,85,-1,70
1,<environment.Job instance at 0x7f48c1592e10>,71,16,[11  2],72,-1,88,-1,72
1,<environment.Job instance at 0x7f48c158ac30>,70,16,[12  4],71,-1,88,-1,72
1,<environment.Job instance at 0x7f48c15927d0>,72,17,[ 3 11],73,-1,90,-1,73
1,<environment.Job instance at 0x7f48c1592910>,73,23,[14  2],74,-1,97,-1,74
1,<environment.Job instance at 0x7f48c1592a00>,74,24,[5 9],75,-1,99,-1,75
1,<environment.Job instance at 0x7f48c1592960>,75,12,[12  5],76,-1,88,-1,76
1,<environment.Job instance at 0x7f48c15929b0>,76,28,[ 2 11],77,-1,105,-1,77
1,<environment.Job instance at 0x7f48c1592820>,77,26,[9 1],78,-1,104,-1,78
1,<environment.Job instance at 0x7f48c0de8b40>,78,24,[14  5],79,-1,103,-1,79
1,<environment.Job instance at 0x7f48c0de8410>,79,23,[14  3],80,-1,103,-1,80
1,<environment.Job instance at 0x7f48c0de8b90>,80,25,[ 1 12],81,-1,106,-1,81
1,<environment.Job instance at 0x7f48c0de8500>,81,25,[12  4],82,-1,107,-1,82
1,<environment.Job instance at 0x7f48c0de8370>,82,24,[ 3 11],83,-1,107,-1,83
1,<environment.Job instance at 0x7f48c0de89b0>,83,25,[ 2 12],84,-1,109,-1,84
1,<environment.Job instance at 0x7f48c0de82d0>,84,22,[ 4 14],85,-1,107,-1,85
1,<environment.Job instance at 0x7f48c0de81e0>,85,22,[13  5],86,-1,108,-1,86
1,<environment.Job instance at 0x7f48c0de83c0>,86,26,[11  3],87,-1,113,-1,87
1,<environment.Job instance at 0x7f48c15920a0>,88,19,[11  5],89,-1,108,-1,89
1,<environment.Job instance at 0x7f48c0de85f0>,87,19,[14  1],88,-1,108,-1,89
1,<environment.Job instance at 0x7f48c0de8320>,89,23,[14  1],90,-1,113,-1,90
1,<environment.Job instance at 0x7f48c0de8140>,91,22,[ 3 13],92,-1,114,-1,92
1,<environment.Job instance at 0x7f48c0de8460>,92,22,[14  5],93,-1,115,-1,93
1,<environment.Job instance at 0x7f48c0de8be0>,93,26,[ 4 14],94,-1,120,-1,94
1,<environment.Job instance at 0x7f48c0de8730>,94,18,[ 3 14],95,-1,113,-1,95
1,<environment.Job instance at 0x7f48c0de8c80>,95,22,[ 2 11],96,-1,118,-1,96
1,<environment.Job instance at 0x7f48c0e0b0f0>,97,15,[ 1 12],98,-1,113,-1,98
1,<environment.Job instance at 0x7f48c0e0b2d0>,98,22,[ 2 11],99,-1,121,-1,99
1,<environment.Job instance at 0x7f48c0e0b1e0>,99,23,[ 5 11],100,-1,123,-1,100
1,<environment.Job instance at 0x7f48c0e0b320>,100,24,[11  1],101,-1,125,-1,101
1,<environment.Job instance at 0x7f48c0e0b3c0>,101,23,[5 1],102,-1,125,-1,102
1,<environment.Job instance at 0x7f48c0de8d70>,103,13,[11  2],104,-1,117,-1,104
1,<environment.Job instance at 0x7f48c0e0b690>,104,21,[ 2 13],105,-1,126,-1,105
1,<environment.Job instance at 0x7f48c0e0b730>,105,26,[11  3],106,-1,132,-1,106
1,<environment.Job instance at 0x7f48c0e0b500>,106,25,[11  3],107,-1,132,-1,107
1,<environment.Job instance at 0x7f48c0e0b6e0>,108,21,[ 3 11],109,-1,130,-1,109
1,<environment.Job instance at 0x7f48c0e0b960>,109,19,[ 3 12],110,-1,129,-1,110
1,<environment.Job instance at 0x7f48c0e0ba00>,110,27,[5 8],111,-1,138,-1,111
1,<environment.Job instance at 0x7f48c0e0bc30>,2,18,[ 2 12],3,-1,21,-1,3
1,<environment.Job instance at 0x7f48c0f06f50>,3,22,[ 2 11],4,-1,26,-1,4
1,<environment.Job instance at 0x7f48c0f06230>,6,24,[14  3],7,-1,31,-1,7
1,<environment.Job instance at 0x7f48c0f06eb0>,7,24,[ 2 12],8,-1,32,-1,8
1,<environment.Job instance at 0x7f48c0f06e60>,10,27,[2 5],11,-1,38,-1,11
1,<environment.Job instance at 0x7f48c0f069b0>,11,25,[ 2 12],12,-1,37,-1,12
1,<environment.Job instance at 0x7f48c0f06640>,12,24,[ 2 12],13,-1,37,-1,13
1,<environment.Job instance at 0x7f48c0f06550>,13,23,[7 1],14,-1,37,-1,14
1,<environment.Job instance at 0x7f48c0f06460>,14,23,[11  3],15,-1,38,-1,15
1,<environment.Job instance at 0x7f48c0f06c30>,15,26,[ 1 13],16,-1,42,-1,16
1,<environment.Job instance at 0x7f48c0f060f0>,16,24,[12  4],17,-1,41,-1,17
1,<environment.Job instance at 0x7f48c0f06960>,17,19,[ 2 12],18,-1,37,-1,18
1,<environment.Job instance at 0x7f48c0f06050>,18,27,[ 1 14],19,-1,46,-1,19
1,<environment.Job instance at 0x7f48c0f06a00>,19,20,[ 3 12],20,-1,40,-1,20
1,<environment.Job instance at 0x7f48c0f06cd0>,20,19,[ 4 12],21,-1,40,-1,21
1,<environment.Job instance at 0x7f48c0f002d0>,21,28,[ 5 13],22,-1,50,-1,22
1,<environment.Job instance at 0x7f48c0f00280>,22,17,[ 2 14],23,-1,40,-1,23
1,<environment.Job instance at 0x7f48c0f004b0>,23,27,[12  4],24,-1,51,-1,24
1,<environment.Job instance at 0x7f48c0f00140>,24,28,[11  2],25,-1,53,-1,25
1,<environment.Job instance at 0x7f48c0f00aa0>,25,17,[ 2 14],26,-1,43,-1,26
1,<environment.Job instance at 0x7f48c0f00410>,26,26,[12  5],27,-1,53,-1,27
1,<environment.Job instance at 0x7f48c0f00730>,27,25,[ 3 13],28,-1,53,-1,28
1,<environment.Job instance at 0x7f48c0f00c30>,28,22,[ 4 11],29,-1,51,-1,29
1,<environment.Job instance at 0x7f48c0f003c0>,29,25,[ 1 12],30,-1,55,-1,30
1,<environment.Job instance at 0x7f48c0f00d70>,30,20,[11  1],31,-1,51,-1,31
1,<environment.Job instance at 0x7f48c0f00f50>,33,28,[13  5],34,-1,62,-1,34
1,<environment.Job instance at 0x7f48c0f00690>,34,19,[ 1 13],35,-1,54,-1,35
1,<environment.Job instance at 0x7f48c0f00870>,36,26,[ 5 12],37,-1,63,-1,37
1,<environment.Job instance at 0x7f48c0f009b0>,37,22,[9 1],38,-1,76,-1,54
1,<environment.Job instance at 0x7f48c0f006e0>,41,25,[ 5 10],42,-1,79,-1,54
1,<environment.Job instance at 0x7f48c0f00d20>,42,20,[12  3],43,-1,74,-1,54
1,<environment.Job instance at 0x7f48c1ccb640>,43,20,[ 4 11],44,-1,74,-1,54
1,<environment.Job instance at 0x7f48c1ccbcd0>,44,19,[ 2 13],45,-1,73,-1,54
1,<environment.Job instance at 0x7f48c1ccb960>,45,15,[14  2],46,-1,69,-1,54
1,<environment.Job instance at 0x7f48c1ccb0f0>,46,27,[13  3],47,-1,81,-1,54
1,<environment.Job instance at 0x7f48c1ccb7d0>,47,17,[12  1],48,-1,71,-1,54
1,<environment.Job instance at 0x7f48c1ccb6e0>,48,21,[11  1],49,-1,75,-1,54
1,<environment.Job instance at 0x7f48c1ccb870>,49,19,[ 2 11],50,-1,73,-1,54
1,<environment.Job instance at 0x7f48c1ccb2d0>,51,23,[14  3],52,-1,85,-1,62
1,<environment.Job instance at 0x7f48c1ccbe10>,52,26,[8 2],53,-1,88,-1,62
1,<environment.Job instance at 0x7f48c1ccbdc0>,53,19,[13  4],54,-1,81,-1,62
1,<environment.Job instance at 0x7f48c1ccba50>,54,24,[ 5 11],55,-1,86,-1,62
1,<environment.Job instance at 0x7f48c1ccb4b0>,56,20,[12  2],57,-1,82,-1,62
1,<environment.Job instance at 0x7f48c1ccbc80>,57,21,[6 1],58,-1,92,-1,71
1,<environment.Job instance at 0x7f48c1ccbd70>,58,28,[14  4],59,-1,99,-1,71
1,<environment.Job instance at 0x7f48c1ccb820>,59,24,[ 3 13],60,-1,95,-1,71
1,<environment.Job instance at 0x7f48c1ccb780>,61,25,[11  5],62,-1,109,-1,84
1,<environment.Job instance at 0x7f48c1ccb050>,63,19,[12  3],64,-1,103,-1,84
1,<environment.Job instance at 0x7f48c1ccb190>,64,27,[ 1 13],65,-1,111,-1,84
1,<environment.Job instance at 0x7f48c0d3b050>,65,27,[13  1],66,-1,111,-1,84
1,<environment.Job instance at 0x7f48c0d3b550>,66,24,[ 2 14],67,-1,108,-1,84
1,<environment.Job instance at 0x7f48c0d3b320>,67,14,[ 5 12],68,-1,98,-1,84
1,<environment.Job instance at 0x7f48c0d3b5a0>,68,19,[13  3],69,-1,103,-1,84
1,<environment.Job instance at 0x7f48c0d3b500>,69,21,[ 2 13],70,-1,105,-1,84
1,<environment.Job instance at 0x7f48c0d3b780>,70,19,[ 2 13],71,-1,103,-1,84
1,<environment.Job instance at 0x7f48c0d3b730>,71,24,[ 4 12],72,-1,108,-1,84
1,<environment.Job instance at 0x7f48c0d3bd70>,72,19,[8 1],73,-1,106,-1,87
1,<environment.Job instance at 0x7f48c0d3bc30>,73,23,[ 4 11],74,-1,110,-1,87
1,<environment.Job instance at 0x7f48c0d3b1e0>,74,26,[ 3 14],75,-1,113,-1,87
1,<environment.Job instance at 0x7f48c0d3b6e0>,75,21,[ 2 12],76,-1,108,-1,87
1,<environment.Job instance at 0x7f48c0d3bb90>,76,20,[12  5],77,-1,107,-1,87
1,<environment.Job instance at 0x7f48c0d3bfa0>,77,24,[4 6],78,-1,111,-1,87
1,<environment.Job instance at 0x7f48c0d3bdc0>,78,23,[13  5],79,-1,110,-1,87
1,<environment.Job instance at 0x7f48c0f82500>,79,28,[14  2],80,-1,115,-1,87
1,<environment.Job instance at 0x7f48c0f82c80>,80,22,[11  4],81,-1,109,-1,87
1,<environment.Job instance at 0x7f48c0f827d0>,82,24,[ 4 10],83,-1,124,-1,100
1,<environment.Job instance at 0x7f48c0f82230>,83,22,[14  1],84,-1,122,-1,100
1,<environment.Job instance at 0x7f48c0f82410>,84,22,[13  1],85,-1,122,-1,100
1,<environment.Job instance at 0x7f48c0f82190>,85,24,[ 5 13],86,-1,124,-1,100
1,<environment.Job instance at 0x7f48c0f820f0>,86,22,[ 2 12],87,-1,122,-1,100
1,<environment.Job instance at 0x7f48c0f82aa0>,87,22,[ 4 14],88,-1,122,-1,100
1,<environment.Job instance at 0x7f48c0f82640>,88,18,[ 1 12],89,-1,118,-1,100
1,<environment.Job instance at 0x7f48c109c690>,90,25,[10  5],91,-1,125,-1,100
1,<environment.Job instance at 0x7f48c109c320>,91,20,[ 1 14],92,-1,120,-1,100
1,<environment.Job instance at 0x7f48c109c500>,92,21,[12  2],93,-1,121,-1,100
1,<environment.Job instance at 0x7f48c109c0a0>,93,27,[ 1 14],94,-1,127,-1,100
1,<environment.Job instance at 0x7f48c109ce10>,94,21,[ 3 11],95,-1,121,-1,100
1,<environment.Job instance at 0x7f48c109c730>,95,22,[14  1],96,-1,122,-1,100
1,<environment.Job instance at 0x7f48c109c4b0>,96,20,[ 4 13],97,-1,120,-1,100
1,<environment.Job instance at 0x7f48c109c870>,97,28,[9 2],98,-1,128,-1,100
1,<environment.Job instance at 0x7f48c0fcdfa0>,99,15,[ 5 12],100,-1,126,-1,111
1,<environment.Job instance at 0x7f48c0fcdb90>,100,22,[11  4],101,-1,133,-1,111
1,<environment.Job instance at 0x7f48c0fcd690>,101,26,[13  4],102,-1,137,-1,111
1,<environment.Job instance at 0x7f48c0fcd320>,102,22,[13  3],103,-1,133,-1,111
1,<environment.Job instance at 0x7f48c0fcdb40>,103,24,[ 5 11],104,-1,135,-1,111
1,<environment.Job instance at 0x7f48c0fcdf50>,104,22,[ 4 11],105,-1,133,-1,111
1,<environment.Job instance at 0x7f48c0fcdaa0>,105,25,[ 5 14],106,-1,136,-1,111
1,<environment.Job instance at 0x7f48c0fcd870>,106,24,[ 5 11],107,-1,135,-1,111
1,<environment.Job instance at 0x7f48c0fcd960>,107,20,[13  1],108,-1,131,-1,111
1,<environment.Job instance at 0x7f48c0fcde10>,108,23,[ 2 14],109,-1,134,-1,111
1,<environment.Job instance at 0x7f48c0fcd0a0>,109,27,[9 4],110,-1,138,-1,111
1,<environment.Job instance at 0x7f48c0fcd9b0>,110,23,[ 3 11],111,-1,134,-1,111
1,<environment.Job instance at 0x7f48c0f00a50>,39,25,[8 2],40,-1,136,-1,111
1,<environment.Job instance at 0x7f48c0fcd6e0>,112,23,[14  4],113,-1,136,-1,113
1,<environment.Job instance at 0x7f48c0fcd190>,114,21,[13  5],115,-1,145,-1,124
1,<environment.Job instance at 0x7f48c0fcdd70>,115,27,[11  5],116,-1,151,-1,124
1,<environment.Job instance at 0x7f48c0fcdaf0>,116,20,[ 1 11],117,-1,144,-1,124
1,<environment.Job instance at 0x7f48c0fc0a00>,117,20,[13  1],118,-1,144,-1,124
1,<environment.Job instance at 0x7f48c0fc0fa0>,118,22,[11  5],119,-1,146,-1,124
1,<environment.Job instance at 0x7f48c0fc0c30>,119,19,[ 3 12],120,-1,143,-1,124
1,<environment.Job instance at 0x7f48c0fc0050>,120,19,[13  3],121,-1,143,-1,124
1,<environment.Job instance at 0x7f48c0fc0460>,121,21,[ 3 14],122,-1,145,-1,124
1,<environment.Job instance at 0x7f48c0fc0b90>,122,16,[ 2 12],123,-1,140,-1,124
1,<environment.Job instance at 0x7f48c0fc0f50>,123,23,[ 3 13],124,-1,147,-1,124
1,<environment.Job instance at 0x7f48c0fc0dc0>,125,25,[ 1 14],126,-1,159,-1,134
1,<environment.Job instance at 0x7f48c0fc01e0>,127,17,[ 2 14],128,-1,172,-1,155
1,<environment.Job instance at 0x7f48c0f00a00>,1,22,[12  2],2,-1,24,-1,2
1,<environment.Job instance at 0x7f48c17ed280>,2,24,[ 5 12],3,-1,27,-1,3
1,<environment.Job instance at 0x7f48c1a07870>,3,28,[ 5 10],4,-1,32,-1,4
1,<environment.Job instance at 0x7f48c18eb730>,4,21,[ 4 13],5,-1,26,-1,5
1,<environment.Job instance at 0x7f48c1581820>,6,28,[ 4 14],7,-1,35,-1,7
1,<environment.Job instance at 0x7f48c0a30f50>,8,20,[11  1],9,-1,29,-1,9
1,<environment.Job instance at 0x7f48c0fc01e0>,9,27,[14  2],10,-1,37,-1,10
1,<environment.Job instance at 0x7f48c0c96690>,10,28,[12  4],11,-1,39,-1,11
1,<environment.Job instance at 0x7f48c1652230>,11,13,[ 4 14],12,-1,25,-1,12
1,<environment.Job instance at 0x7f48c0c962d0>,12,16,[ 5 13],13,-1,29,-1,13
1,<environment.Job instance at 0x7f48c0c96af0>,13,24,[14  4],14,-1,38,-1,14
1,<environment.Job instance at 0x7f48c0c96e60>,14,25,[ 4 13],15,-1,40,-1,15
1,<environment.Job instance at 0x7f48c0c96fa0>,15,20,[13  1],16,-1,36,-1,16
1,<environment.Job instance at 0x7f48c0c96dc0>,16,27,[10  4],17,-1,44,-1,17
1,<environment.Job instance at 0x7f48c0c96640>,19,24,[ 4 10],20,-1,44,-1,20
1,<environment.Job instance at 0x7f48c16637d0>,20,26,[ 4 13],21,-1,47,-1,21
1,<environment.Job instance at 0x7f48c16635f0>,21,25,[12  3],22,-1,47,-1,22
1,<environment.Job instance at 0x7f48c1663e60>,22,23,[7 4],23,-1,52,-1,29
1,<environment.Job instance at 0x7f48c0a8c050>,27,20,[ 3 12],28,-1,49,-1,29
1,<environment.Job instance at 0x7f48c0a77690>,28,25,[11  1],29,-1,54,-1,29
1,<environment.Job instance at 0x7f48c17490f0>,26,19,[ 3 12],27,-1,48,-1,29
1,<environment.Job instance at 0x7f48c0a770f0>,29,26,[ 3 14],30,-1,56,-1,30
1,<environment.Job instance at 0x7f48c16623c0>,31,19,[14  5],32,-1,51,-1,32
1,<environment.Job instance at 0x7f48c1662a50>,32,26,[5 9],33,-1,59,-1,33
1,<environment.Job instance at 0x7f48c1662870>,30,26,[14  1],31,-1,59,-1,33
1,<environment.Job instance at 0x7f48c16627d0>,33,20,[ 4 12],34,-1,54,-1,34
1,<environment.Job instance at 0x7f48c1662be0>,34,26,[ 2 12],35,-1,61,-1,35
1,<environment.Job instance at 0x7f48c1662c30>,35,14,[ 3 14],36,-1,50,-1,36
1,<environment.Job instance at 0x7f48c1662730>,37,28,[6 5],38,-1,66,-1,38
1,<environment.Job instance at 0x7f48c1662fa0>,38,16,[14  5],39,-1,55,-1,39
1,<environment.Job instance at 0x7f48c1662f00>,39,24,[14  1],40,-1,64,-1,40
1,<environment.Job instance at 0x7f48c16620f0>,40,23,[ 5 12],41,-1,64,-1,41
1,<environment.Job instance at 0x7f48c079fe60>,42,27,[11  1],43,-1,70,-1,43
1,<environment.Job instance at 0x7f48c0766730>,43,24,[ 5 14],44,-1,68,-1,44
1,<environment.Job instance at 0x7f48c0eed8c0>,45,15,[12  1],46,-1,63,-1,48
1,<environment.Job instance at 0x7f48c0eed690>,46,23,[13  4],47,-1,71,-1,48
1,<environment.Job instance at 0x7f48c0dd70a0>,47,14,[11  2],48,-1,64,-1,50
1,<environment.Job instance at 0x7f48c0ee5190>,48,23,[ 5 12],49,-1,73,-1,50
1,<environment.Job instance at 0x7f48c0ee5c30>,49,27,[13  3],50,-1,77,-1,50
1,<environment.Job instance at 0x7f48c0c81be0>,50,25,[5 4],51,-1,80,-1,55
1,<environment.Job instance at 0x7f48c0c812d0>,52,24,[ 4 13],53,-1,84,-1,60
1,<environment.Job instance at 0x7f48c1835410>,53,22,[ 1 13],54,-1,82,-1,60
1,<environment.Job instance at 0x7f48c1825280>,55,16,[ 1 13],56,-1,78,-1,62
1,<environment.Job instance at 0x7f48c0ef9820>,56,27,[13  5],57,-1,89,-1,62
1,<environment.Job instance at 0x7f48c1834500>,57,26,[1 8],58,-1,94,-1,68
1,<environment.Job instance at 0x7f48c18253c0>,59,20,[13  3],60,-1,88,-1,68
1,<environment.Job instance at 0x7f48c0770820>,60,13,[11  1],61,-1,81,-1,68
1,<environment.Job instance at 0x7f48c07707d0>,61,23,[12  2],62,-1,91,-1,68
1,<environment.Job instance at 0x7f48c0770cd0>,62,27,[12  1],63,-1,95,-1,68
1,<environment.Job instance at 0x7f48c0770af0>,63,27,[ 3 13],64,-1,95,-1,68
1,<environment.Job instance at 0x7f48c0770460>,64,21,[12  1],65,-1,89,-1,68
1,<environment.Job instance at 0x7f48c0770aa0>,65,26,[14  3],66,-1,94,-1,68
1,<environment.Job instance at 0x7f48c07705f0>,66,18,[12  4],67,-1,87,-1,69
1,<environment.Job instance at 0x7f48c0770f00>,67,25,[14  3],68,-1,94,-1,69
1,<environment.Job instance at 0x7f48c0770c80>,68,27,[8 1],69,-1,96,-1,69
1,<environment.Job instance at 0x7f48c0796370>,69,27,[13  5],70,-1,97,-1,70
1,<environment.Job instance at 0x7f48c0796410>,70,20,[ 3 12],71,-1,91,-1,71
1,<environment.Job instance at 0x7f48c0796280>,71,28,[ 1 14],72,-1,100,-1,72
1,<environment.Job instance at 0x7f48c0796550>,72,23,[13  1],73,-1,96,-1,73
1,<environment.Job instance at 0x7f48c0796f50>,74,20,[ 5 14],75,-1,108,-1,88
1,<environment.Job instance at 0x7f48c0796640>,73,21,[ 2 10],74,-1,109,-1,88
1,<environment.Job instance at 0x7f48c07961e0>,77,28,[ 5 12],78,-1,116,-1,88
1,<environment.Job instance at 0x7f48c07940a0>,79,23,[ 4 12],80,-1,124,-1,101
1,<environment.Job instance at 0x7f48c07940f0>,80,20,[ 1 12],81,-1,121,-1,101
1,<environment.Job instance at 0x7f48c0794230>,81,26,[ 4 11],82,-1,127,-1,101
1,<environment.Job instance at 0x7f48c07942d0>,82,24,[12  3],83,-1,125,-1,101
1,<environment.Job instance at 0x7f48c0794370>,83,27,[11  2],84,-1,128,-1,101
1,<environment.Job instance at 0x7f48c0794410>,84,17,[13  5],85,-1,118,-1,101
1,<environment.Job instance at 0x7f48c0794550>,86,26,[5 8],87,-1,128,-1,102
1,<environment.Job instance at 0x7f48c07945f0>,87,27,[ 5 11],88,-1,129,-1,102
1,<environment.Job instance at 0x7f48c0794780>,88,27,[ 4 12],89,-1,129,-1,102
1,<environment.Job instance at 0x7f48c07946e0>,89,27,[9 3],90,-1,129,-1,102
1,<environment.Job instance at 0x7f48c0794960>,90,19,[ 1 11],91,-1,121,-1,102
1,<environment.Job instance at 0x7f48c0794a00>,91,26,[11  3],92,-1,128,-1,102
1,<environment.Job instance at 0x7f48c0794aa0>,92,27,[12  1],93,-1,129,-1,102
1,<environment.Job instance at 0x7f48c0794b40>,93,19,[14  2],94,-1,121,-1,102
1,<environment.Job instance at 0x7f48c0794be0>,94,13,[11  3],95,-1,115,-1,102
1,<environment.Job instance at 0x7f48c0794c80>,95,20,[14  5],96,-1,122,-1,102
1,<environment.Job instance at 0x7f48c0794d20>,96,24,[ 1 13],97,-1,126,-1,102
1,<environment.Job instance at 0x7f48c0794dc0>,97,20,[12  2],98,-1,122,-1,102
1,<environment.Job instance at 0x7f48c0794e60>,98,26,[12  5],99,-1,128,-1,102
1,<environment.Job instance at 0x7f48c0794f00>,99,27,[ 5 13],100,-1,129,-1,102
1,<environment.Job instance at 0x7f48c0794730>,100,28,[13  2],101,-1,130,-1,102
1,<environment.Job instance at 0x7f48c0794fa0>,101,14,[ 2 13],102,-1,116,-1,102
1,<environment.Job instance at 0x7f48c076a190>,76,27,[13  3],77,-1,129,-1,102
1,<environment.Job instance at 0x7f48c07947d0>,102,28,[ 5 14],103,-1,131,-1,103
1,<environment.Job instance at 0x7f48c07861e0>,104,13,[ 2 14],105,-1,118,-1,105
1,<environment.Job instance at 0x7f48c0786320>,105,24,[ 3 14],106,-1,130,-1,106
1,<environment.Job instance at 0x7f48c07863c0>,106,20,[13  3],107,-1,127,-1,107
1,<environment.Job instance at 0x7f48c0786460>,107,21,[13  3],108,-1,129,-1,108
1,<environment.Job instance at 0x7f48c0786500>,108,28,[ 2 14],109,-1,137,-1,109
1,<environment.Job instance at 0x7f48c07865a0>,109,19,[13  2],110,-1,129,-1,110
1,<environment.Job instance at 0x7f48c0786780>,111,15,[ 2 11],112,-1,131,-1,116
1,<environment.Job instance at 0x7f48c07866e0>,116,14,[ 3 13],117,-1,191,-1,177
1,<environment.Job instance at 0x7f48c0786be0>,117,22,[ 3 11],118,-1,199,-1,177
1,<environment.Job instance at 0x7f48c0786af0>,118,22,[4 5],119,-1,199,-1,177
1,<environment.Job instance at 0x7f48c0786c80>,119,28,[14  1],120,-1,205,-1,177
1,<environment.Job instance at 0x7f48c0786d20>,120,19,[14  5],121,-1,196,-1,177
1,<environment.Job instance at 0x7f48c0786dc0>,121,27,[ 1 12],122,-1,204,-1,177
1,<environment.Job instance at 0x7f48c0786140>,122,23,[ 5 11],123,-1,200,-1,177
1,<environment.Job instance at 0x7f48c0786730>,123,16,[12  1],124,-1,193,-1,177
1,<environment.Job instance at 0x7f48c0786fa0>,124,26,[14  2],125,-1,203,-1,177
1,<environment.Job instance at 0x7f48c0786eb0>,125,14,[13  2],126,-1,191,-1,177
1,<environment.Job instance at 0x7f48c1cc41e0>,126,22,[7 2],127,-1,199,-1,177
1,<environment.Job instance at 0x7f48c1cc41e0>,3,26,[11  2],4,-1,30,-1,4
1,<environment.Job instance at 0x7f48c1bedaf0>,4,27,[14  1],5,-1,32,-1,5
1,<environment.Job instance at 0x7f48c1bed6e0>,6,28,[13  5],7,-1,35,-1,7
1,<environment.Job instance at 0x7f48c1bed9b0>,7,24,[11  2],8,-1,32,-1,8
1,<environment.Job instance at 0x7f48c1bed640>,8,19,[12  1],9,-1,28,-1,9
1,<environment.Job instance at 0x7f48c1bed550>,9,19,[ 4 12],10,-1,29,-1,10
1,<environment.Job instance at 0x7f48c1bedf50>,10,25,[ 1 11],11,-1,36,-1,11
1,<environment.Job instance at 0x7f48c1beda00>,12,25,[14  2],13,-1,38,-1,13
1,<environment.Job instance at 0x7f48c1bed820>,13,24,[ 3 12],14,-1,38,-1,14
1,<environment.Job instance at 0x7f48c1bed870>,14,23,[ 4 14],15,-1,38,-1,15
1,<environment.Job instance at 0x7f48c1bed280>,15,27,[14  1],16,-1,43,-1,16
1,<environment.Job instance at 0x7f48c1beda50>,16,26,[ 5 14],17,-1,43,-1,17
1,<environment.Job instance at 0x7f48c1bed460>,17,20,[13  3],18,-1,38,-1,18
1,<environment.Job instance at 0x7f48c1bedc30>,18,20,[ 3 13],19,-1,39,-1,19
1,<environment.Job instance at 0x7f48c1bed500>,19,22,[ 5 14],20,-1,42,-1,20
1,<environment.Job instance at 0x7f48c1bed410>,20,26,[11  1],21,-1,47,-1,21
1,<environment.Job instance at 0x7f48c1bf2820>,21,24,[12  2],22,-1,46,-1,22
1,<environment.Job instance at 0x7f48c1bf2690>,22,24,[ 4 13],23,-1,47,-1,23
1,<environment.Job instance at 0x7f48c1bf2d20>,23,23,[ 2 12],24,-1,47,-1,24
1,<environment.Job instance at 0x7f48c1bf2190>,24,12,[ 1 13],25,-1,37,-1,25
1,<environment.Job instance at 0x7f48c1bf2e60>,25,26,[12  5],26,-1,52,-1,26
1,<environment.Job instance at 0x7f48c1bf2a50>,26,25,[14  3],27,-1,52,-1,27
1,<environment.Job instance at 0x7f48c1bf2e10>,28,24,[7 2],29,-1,53,-1,29
1,<environment.Job instance at 0x7f48c1bf27d0>,29,18,[ 1 14],30,-1,48,-1,30
1,<environment.Job instance at 0x7f48c1bf2eb0>,30,19,[11  5],31,-1,51,-1,32
1,<environment.Job instance at 0x7f48c1bf2910>,32,26,[ 1 13],33,-1,59,-1,33
1,<environment.Job instance at 0x7f48c1bf2870>,33,28,[12  5],34,-1,62,-1,34
1,<environment.Job instance at 0x7f48c1bf2c80>,34,20,[11  1],35,-1,55,-1,35
1,<environment.Job instance at 0x7f48c1bf2050>,35,14,[13  1],36,-1,50,-1,36
1,<environment.Job instance at 0x7f48c1bf2f00>,36,17,[ 2 13],37,-1,54,-1,37
1,<environment.Job instance at 0x7f48c1bf2af0>,37,24,[13  1],38,-1,62,-1,38
1,<environment.Job instance at 0x7f48c1bf2b90>,38,19,[13  2],39,-1,58,-1,39
1,<environment.Job instance at 0x7f48c1bf29b0>,39,21,[11  2],40,-1,61,-1,40
1,<environment.Job instance at 0x7f48c18972d0>,40,25,[ 4 11],41,-1,66,-1,41
1,<environment.Job instance at 0x7f48c18971e0>,41,25,[ 1 12],42,-1,67,-1,42
1,<environment.Job instance at 0x7f48c1897cd0>,42,24,[ 2 14],43,-1,67,-1,43
1,<environment.Job instance at 0x7f48c1897c80>,43,21,[ 2 13],44,-1,65,-1,44
1,<environment.Job instance at 0x7f48c1897eb0>,44,25,[14  5],45,-1,70,-1,45
1,<environment.Job instance at 0x7f48c1897a50>,47,26,[ 3 13],48,-1,74,-1,48
1,<environment.Job instance at 0x7f48c1897500>,48,25,[ 4 10],49,-1,74,-1,49
1,<environment.Job instance at 0x7f48c18975a0>,49,15,[13  1],50,-1,65,-1,50
1,<environment.Job instance at 0x7f48c1897050>,50,27,[6 2],51,-1,78,-1,51
1,<environment.Job instance at 0x7f48c1897b90>,51,25,[11  2],52,-1,77,-1,52
1,<environment.Job instance at 0x7f48c1897230>,52,22,[14  5],53,-1,75,-1,53
1,<environment.Job instance at 0x7f48c1897550>,53,24,[ 4 13],54,-1,78,-1,54
1,<environment.Job instance at 0x7f48c18976e0>,54,24,[6 4],55,-1,79,-1,55
1,<environment.Job instance at 0x7f48c1897780>,55,15,[11  3],56,-1,71,-1,56
1,<environment.Job instance at 0x7f48c18975f0>,56,19,[12  1],57,-1,76,-1,57
1,<environment.Job instance at 0x7f48c1897be0>,57,16,[14  3],58,-1,74,-1,58
1,<environment.Job instance at 0x7f48c1897410>,58,27,[ 5 12],59,-1,86,-1,59
1,<environment.Job instance at 0x7f48c1897aa0>,59,27,[ 3 14],60,-1,87,-1,60
1,<environment.Job instance at 0x7f48c18977d0>,60,28,[ 3 13],61,-1,89,-1,61
1,<environment.Job instance at 0x7f48c1897870>,61,28,[11  1],62,-1,90,-1,62
1,<environment.Job instance at 0x7f48c18979b0>,62,25,[ 4 11],63,-1,88,-1,63
1,<environment.Job instance at 0x7f48c0fa93c0>,63,22,[11  4],64,-1,86,-1,64
1,<environment.Job instance at 0x7f48c0fa9230>,65,25,[12  3],66,-1,91,-1,66
1,<environment.Job instance at 0x7f48c0fa9500>,66,22,[ 4 11],67,-1,89,-1,67
1,<environment.Job instance at 0x7f48c0fa9eb0>,67,13,[ 1 14],68,-1,81,-1,68
1,<environment.Job instance at 0x7f48c0fa9b90>,68,25,[1 8],69,-1,95,-1,70
1,<environment.Job instance at 0x7f48c1897c30>,69,17,[ 3 13],70,-1,87,-1,70
1,<environment.Job instance at 0x7f48c0fa91e0>,71,20,[ 4 11],72,-1,92,-1,72
1,<environment.Job instance at 0x7f48c0fa9b40>,72,19,[ 1 13],73,-1,92,-1,73
1,<environment.Job instance at 0x7f48c0fa9e60>,73,27,[4 8],74,-1,101,-1,74
1,<environment.Job instance at 0x7f48c0fa9fa0>,74,19,[ 3 11],75,-1,94,-1,75
1,<environment.Job instance at 0x7f48c0fa9410>,75,27,[14  3],76,-1,103,-1,76
1,<environment.Job instance at 0x7f48c0fa95f0>,76,24,[11  3],77,-1,101,-1,77
1,<environment.Job instance at 0x7f48c0fa9f50>,78,26,[ 3 11],79,-1,105,-1,79
1,<environment.Job instance at 0x7f48c0fa95a0>,79,19,[13  1],80,-1,99,-1,80
1,<environment.Job instance at 0x7f48c0fa9690>,80,27,[12  4],81,-1,108,-1,81
1,<environment.Job instance at 0x7f48c0fa9460>,82,24,[14  2],83,-1,107,-1,83
1,<environment.Job instance at 0x7f48c0fa9820>,83,22,[ 2 14],84,-1,106,-1,84
1,<environment.Job instance at 0x7f48c1c377d0>,84,14,[ 4 12],85,-1,99,-1,85
1,<environment.Job instance at 0x7f48c1c37280>,85,26,[1 6],86,-1,112,-1,86
1,<environment.Job instance at 0x7f48c0fa9140>,87,22,[ 3 14],88,-1,113,-1,91
1,<environment.Job instance at 0x7f48c1c37820>,88,26,[ 5 11],89,-1,117,-1,91
1,<environment.Job instance at 0x7f48c1c37730>,89,26,[ 4 13],90,-1,117,-1,91
1,<environment.Job instance at 0x7f48c1c37690>,90,20,[ 3 10],91,-1,119,-1,99
1,<environment.Job instance at 0x7f48c1c378c0>,91,24,[11  4],92,-1,123,-1,99
1,<environment.Job instance at 0x7f48c1c37910>,92,21,[13  3],93,-1,120,-1,99
1,<environment.Job instance at 0x7f48c1c37050>,93,19,[ 3 11],94,-1,118,-1,99
1,<environment.Job instance at 0x7f48c1c37c80>,94,14,[ 2 12],95,-1,113,-1,99
1,<environment.Job instance at 0x7f48c1c37960>,95,26,[ 3 10],96,-1,125,-1,99
1,<environment.Job instance at 0x7f48c1c37f50>,96,27,[ 5 12],97,-1,126,-1,99
1,<environment.Job instance at 0x7f48c1c37f00>,97,14,[11  5],98,-1,113,-1,99
1,<environment.Job instance at 0x7f48c1c376e0>,98,20,[13  3],99,-1,119,-1,99
1,<environment.Job instance at 0x7f48c1c37230>,99,26,[13  4],100,-1,126,-1,100
1,<environment.Job instance at 0x7f48c1c37460>,100,25,[ 3 10],101,-1,126,-1,101
1,<environment.Job instance at 0x7f48c1c37d70>,101,27,[ 4 11],102,-1,129,-1,102
1,<environment.Job instance at 0x7f48c1c37cd0>,102,14,[ 2 11],103,-1,117,-1,103
1,<environment.Job instance at 0x7f48c1c37be0>,104,21,[10  2],105,-1,135,-1,114
1,<environment.Job instance at 0x7f48c1c370a0>,105,27,[ 3 12],106,-1,141,-1,114
1,<environment.Job instance at 0x7f48c1c372d0>,106,23,[14  3],107,-1,137,-1,114
1,<environment.Job instance at 0x7f48c1c37500>,107,22,[3 7],108,-1,137,-1,115
1,<environment.Job instance at 0x7f48c1c37a50>,108,13,[7 1],109,-1,128,-1,115
1,<environment.Job instance at 0x7f48c13b8370>,109,19,[ 5 11],110,-1,134,-1,115
1,<environment.Job instance at 0x7f48c13b8f00>,110,19,[ 4 14],111,-1,134,-1,115
1,<environment.Job instance at 0x7f48c13b8b40>,111,27,[13  3],112,-1,142,-1,115
1,<environment.Job instance at 0x7f48c13b82d0>,112,19,[12  3],113,-1,134,-1,115
1,<environment.Job instance at 0x7f48c13b8690>,113,16,[11  1],114,-1,131,-1,115
1,<environment.Job instance at 0x7f48c13b8e60>,114,26,[12  2],115,-1,141,-1,115
1,<environment.Job instance at 0x7f48c13b88c0>,115,20,[ 3 14],116,-1,136,-1,116
1,<environment.Job instance at 0x7f48c13b83c0>,116,13,[12  4],117,-1,130,-1,117
1,<environment.Job instance at 0x7f48c13b8cd0>,117,28,[12  3],118,-1,146,-1,118
1,<environment.Job instance at 0x7f48c13b81e0>,118,24,[ 1 14],119,-1,143,-1,119
1,<environment.Job instance at 0x7f48c13b8960>,119,23,[13  1],120,-1,143,-1,120
1,<environment.Job instance at 0x7f48c13b8230>,120,22,[ 3 13],121,-1,143,-1,121
1,<environment.Job instance at 0x7f48c13b8190>,121,20,[ 3 13],122,-1,142,-1,122
1,<environment.Job instance at 0x7f48c13b8d20>,122,19,[11  4],123,-1,142,-1,123
1,<environment.Job instance at 0x7f48c13b8550>,123,20,[13  3],124,-1,144,-1,124
1,<environment.Job instance at 0x7f48c13b8e10>,125,20,[14  3],126,-1,146,-1,126
1,<environment.Job instance at 0x7f48c13b8050>,126,19,[14  4],127,-1,146,-1,127
1,<environment.Job instance at 0x7f48c13b8f50>,127,16,[14  4],128,-1,144,-1,128
1,<environment.Job instance at 0x7f48c13b8460>,128,26,[ 2 12],129,-1,155,-1,129
1,<environment.Job instance at 0x7f48c13b84b0>,129,19,[12  2],130,-1,149,-1,130
1,<environment.Job instance at 0x7f48c13b85a0>,130,25,[ 5 12],131,-1,156,-1,131
1,<environment.Job instance at 0x7f48c07632d0>,131,25,[14  5],132,-1,157,-1,132
1,<environment.Job instance at 0x7f48c0763370>,132,24,[14  2],133,-1,157,-1,133
1,<environment.Job instance at 0x7f48c0763960>,134,14,[12  5],135,-1,149,-1,135
1,<environment.Job instance at 0x7f48c0fce640>,135,26,[2 7],136,-1,162,-1,136
1,<environment.Job instance at 0x7f48c0f77cd0>,138,28,[ 2 11],139,-1,168,-1,140
1,<environment.Job instance at 0x7f48c0b8c4b0>,139,22,[14  4],140,-1,162,-1,140
1,<environment.Job instance at 0x7f48c0b8caf0>,140,16,[14  2],141,-1,157,-1,141
1,<environment.Job instance at 0x7f48c0b8cf00>,141,15,[11  1],142,-1,157,-1,142
1,<environment.Job instance at 0x7f48c0b8c730>,142,19,[ 1 14],143,-1,162,-1,143
1,<environment.Job instance at 0x7f48c0b8c500>,144,13,[ 1 14],145,-1,158,-1,145
1,<environment.Job instance at 0x7f48c0b8c460>,145,21,[14  3],146,-1,167,-1,146
1,<environment.Job instance at 0x7f48c0b8ca00>,146,21,[ 3 13],147,-1,168,-1,147
1,<environment.Job instance at 0x7f48ca822f50>,147,23,[14  5],148,-1,171,-1,148
1,<environment.Job instance at 0x7f48c1556b90>,2,26,[ 3 14],3,-1,29,-1,3
1,<environment.Job instance at 0x7f48c056c050>,3,24,[ 3 11],4,-1,28,-1,4
1,<environment.Job instance at 0x7f48c056c550>,4,26,[ 1 11],5,-1,31,-1,5
1,<environment.Job instance at 0x7f48c1556d70>,7,21,[ 5 12],8,-1,29,-1,8
1,<environment.Job instance at 0x7f48c056caf0>,6,19,[12  1],7,-1,28,-1,9
1,<environment.Job instance at 0x7f48c056c410>,10,28,[13  4],11,-1,39,-1,11
1,<environment.Job instance at 0x7f48c056c320>,11,20,[ 5 14],12,-1,32,-1,12
1,<environment.Job instance at 0x7f48c056cb40>,13,28,[ 4 12],14,-1,42,-1,14
1,<environment.Job instance at 0x7f48c056c0a0>,12,28,[14  1],13,-1,42,-1,14
1,<environment.Job instance at 0x7f48c056c190>,15,12,[ 1 14],16,-1,28,-1,16
1,<environment.Job instance at 0x7f48c056c640>,14,18,[12  5],15,-1,34,-1,16
1,<environment.Job instance at 0x7f48c056c730>,16,28,[ 2 13],17,-1,45,-1,17
1,<environment.Job instance at 0x7f48c056c370>,18,13,[ 3 11],19,-1,32,-1,19
1,<environment.Job instance at 0x7f48c056cfa0>,19,22,[ 4 13],20,-1,42,-1,20
1,<environment.Job instance at 0x7f48c056cbe0>,20,23,[13  2],21,-1,44,-1,21
1,<environment.Job instance at 0x7f48c056cf00>,21,18,[12  4],22,-1,40,-1,22
1,<environment.Job instance at 0x7f48c056c6e0>,24,14,[12  5],25,-1,39,-1,25
1,<environment.Job instance at 0x7f48c0ad4b40>,25,24,[1 8],26,-1,50,-1,26
1,<environment.Job instance at 0x7f48c0ad4550>,26,28,[14  3],27,-1,55,-1,27
1,<environment.Job instance at 0x7f48c0ad4b90>,30,27,[3 6],31,-1,62,-1,35
1,<environment.Job instance at 0x7f48c0ad4500>,31,19,[14  5],32,-1,54,-1,35
1,<environment.Job instance at 0x7f48c0ad41e0>,33,24,[ 5 12],34,-1,79,-1,55
1,<environment.Job instance at 0x7f48c0ad4c30>,34,25,[11  4],35,-1,80,-1,55
1,<environment.Job instance at 0x7f48c0ad4fa0>,35,20,[13  2],36,-1,75,-1,55
1,<environment.Job instance at 0x7f48c0ad4be0>,36,16,[ 1 11],37,-1,71,-1,55
1,<environment.Job instance at 0x7f48c0ad49b0>,37,27,[12  3],38,-1,82,-1,55
1,<environment.Job instance at 0x7f48c0ad45a0>,38,16,[11  3],39,-1,71,-1,55
1,<environment.Job instance at 0x7f48c0ad46e0>,39,15,[14  5],40,-1,70,-1,55
1,<environment.Job instance at 0x7f48c0ad4690>,40,18,[ 2 14],41,-1,73,-1,55
1,<environment.Job instance at 0x7f48c0ad4780>,41,20,[12  2],42,-1,75,-1,55
1,<environment.Job instance at 0x7f48c0d67780>,42,13,[12  1],43,-1,68,-1,55
1,<environment.Job instance at 0x7f48c0ad4f00>,43,24,[14  2],44,-1,79,-1,55
1,<environment.Job instance at 0x7f48c051b960>,45,19,[13  5],46,-1,74,-1,55
1,<environment.Job instance at 0x7f48c051b050>,46,28,[ 2 13],47,-1,83,-1,55
1,<environment.Job instance at 0x7f48c051b820>,47,14,[ 5 13],48,-1,69,-1,55
1,<environment.Job instance at 0x7f48c051b640>,48,13,[ 2 11],49,-1,68,-1,55
1,<environment.Job instance at 0x7f48c051b910>,49,25,[14  5],50,-1,80,-1,55
1,<environment.Job instance at 0x7f48c051b6e0>,50,19,[13  3],51,-1,74,-1,55
1,<environment.Job instance at 0x7f48c051bb90>,51,16,[ 1 12],52,-1,71,-1,55
1,<environment.Job instance at 0x7f48c051b2d0>,52,18,[11  1],53,-1,73,-1,55
1,<environment.Job instance at 0x7f48c051b500>,53,26,[13  1],54,-1,81,-1,55
1,<environment.Job instance at 0x7f48c051b370>,54,25,[ 1 11],55,-1,80,-1,55
1,<environment.Job instance at 0x7f48c051be60>,55,27,[11  1],56,-1,83,-1,56
1,<environment.Job instance at 0x7f48c051bfa0>,56,26,[4 5],57,-1,83,-1,57
1,<environment.Job instance at 0x7f48c051b730>,57,21,[12  2],58,-1,79,-1,58
1,<environment.Job instance at 0x7f48c051bdc0>,58,27,[ 2 13],59,-1,86,-1,59
1,<environment.Job instance at 0x7f48c051beb0>,59,20,[ 2 11],60,-1,80,-1,60
1,<environment.Job instance at 0x7f48c051b0a0>,60,20,[14  1],61,-1,81,-1,61
1,<environment.Job instance at 0x7f48c051b410>,61,27,[12  5],62,-1,89,-1,62
1,<environment.Job instance at 0x7f48c051b280>,63,21,[ 5 13],64,-1,95,-1,74
1,<environment.Job instance at 0x7f48c05029b0>,64,18,[11  5],65,-1,92,-1,74
1,<environment.Job instance at 0x7f48c0502dc0>,65,20,[ 4 14],66,-1,94,-1,74
1,<environment.Job instance at 0x7f48c05021e0>,66,18,[ 4 13],67,-1,92,-1,74
1,<environment.Job instance at 0x7f48c0502b40>,67,20,[ 2 11],68,-1,94,-1,74
1,<environment.Job instance at 0x7f48c0502640>,68,16,[12  1],69,-1,90,-1,74
1,<environment.Job instance at 0x7f48c0502e10>,69,23,[ 1 13],70,-1,97,-1,74
1,<environment.Job instance at 0x7f48c0502190>,70,19,[12  4],71,-1,93,-1,74
1,<environment.Job instance at 0x7f48c0502e60>,71,19,[ 3 11],72,-1,93,-1,74
1,<environment.Job instance at 0x7f48c0502820>,72,26,[ 2 14],73,-1,100,-1,74
1,<environment.Job instance at 0x7f48c0502eb0>,74,19,[12  1],75,-1,107,-1,88
1,<environment.Job instance at 0x7f48c0502d20>,75,21,[11  3],76,-1,109,-1,88
1,<environment.Job instance at 0x7f48c0502780>,76,26,[ 1 13],77,-1,114,-1,88
1,<environment.Job instance at 0x7f48c0502690>,77,28,[14  1],78,-1,116,-1,88
1,<environment.Job instance at 0x7f48c0502410>,78,25,[ 2 14],79,-1,113,-1,88
1,<environment.Job instance at 0x7f48c0502910>,80,28,[ 4 12],81,-1,116,-1,88
1,<environment.Job instance at 0x7f48c05020a0>,81,18,[ 4 13],82,-1,106,-1,88
1,<environment.Job instance at 0x7f48c0502d70>,82,23,[14  5],83,-1,111,-1,88
1,<environment.Job instance at 0x7f48c0444af0>,83,22,[13  3],84,-1,110,-1,88
1,<environment.Job instance at 0x7f48c0444410>,84,13,[ 4 14],85,-1,101,-1,88
1,<environment.Job instance at 0x7f48c0444550>,85,14,[ 1 12],86,-1,102,-1,88
1,<environment.Job instance at 0x7f48c0444730>,86,13,[ 5 12],87,-1,101,-1,88
1,<environment.Job instance at 0x7f48c0444050>,87,18,[6 1],88,-1,106,-1,88
1,<environment.Job instance at 0x7f48c1090280>,88,26,[ 4 12],89,-1,115,-1,89
1,<environment.Job instance at 0x7f48c17700f0>,89,26,[ 2 14],90,-1,116,-1,90
1,<environment.Job instance at 0x7f48c1770460>,90,22,[ 4 11],91,-1,113,-1,91
1,<environment.Job instance at 0x7f48c1ce13c0>,91,25,[12  2],92,-1,117,-1,92
1,<environment.Job instance at 0x7f48c1ce18c0>,92,13,[12  1],93,-1,106,-1,93
1,<environment.Job instance at 0x7f48c1ce1640>,93,15,[14  4],94,-1,109,-1,94
1,<environment.Job instance at 0x7f48c1ce1b40>,94,22,[14  4],95,-1,117,-1,95
1,<environment.Job instance at 0x7f48c1ce1460>,95,24,[13  4],96,-1,120,-1,96
1,<environment.Job instance at 0x7f48c1787140>,96,19,[13  4],97,-1,116,-1,97
1,<environment.Job instance at 0x7f48c17872d0>,98,25,[14  1],99,-1,124,-1,99
1,<environment.Job instance at 0x7f48c1787780>,99,28,[11  2],100,-1,128,-1,100
1,<environment.Job instance at 0x7f48c1787be0>,100,16,[ 5 12],101,-1,117,-1,101
1,<environment.Job instance at 0x7f48c1404870>,101,19,[14  2],102,-1,121,-1,102
1,<environment.Job instance at 0x7f48c1ba6cd0>,103,22,[12  5],104,-1,126,-1,104
1,<environment.Job instance at 0x7f48c0884050>,104,23,[ 3 12],105,-1,128,-1,105
1,<environment.Job instance at 0x7f48c08841e0>,105,14,[12  3],106,-1,120,-1,106
1,<environment.Job instance at 0x7f48c08846e0>,106,28,[ 3 13],107,-1,135,-1,107
1,<environment.Job instance at 0x7f48c043e2d0>,107,19,[14  1],108,-1,127,-1,108
1,<environment.Job instance at 0x7f48c084ad70>,108,23,[ 5 14],109,-1,132,-1,109
1,<environment.Job instance at 0x7f48c1549d20>,109,19,[14  5],110,-1,129,-1,110
1,<environment.Job instance at 0x7f48ca9e7d20>,110,24,[ 5 12],111,-1,135,-1,111
1,<environment.Job instance at 0x7f48c1ac65f0>,111,26,[11  4],112,-1,138,-1,112
1,<environment.Job instance at 0x7f48c1ac65a0>,112,26,[11  3],113,-1,139,-1,113
1,<environment.Job instance at 0x7f48c0b6ef50>,113,27,[12  3],114,-1,141,-1,114
1,<environment.Job instance at 0x7f48c14044b0>,115,27,[ 2 14],116,-1,143,-1,116
1,<environment.Job instance at 0x7f48c1d421e0>,116,15,[14  2],117,-1,132,-1,117
1,<environment.Job instance at 0x7f48c0ad96e0>,118,26,[14  4],119,-1,145,-1,119
1,<environment.Job instance at 0x7f48c0b79a00>,120,24,[12  3],121,-1,148,-1,124
1,<environment.Job instance at 0x7f48c0fa6820>,121,21,[14  2],122,-1,145,-1,124
1,<environment.Job instance at 0x7f48c17da6e0>,122,12,[13  2],123,-1,136,-1,124
1,<environment.Job instance at 0x7f48c0ab2a00>,124,28,[ 5 12],125,-1,153,-1,125
1,<environment.Job instance at 0x7f48c1691230>,125,24,[ 1 12],126,-1,150,-1,126
1,<environment.Job instance at 0x7f48c1b908c0>,126,23,[ 4 13],127,-1,150,-1,127
1,<environment.Job instance at 0x7f48c17da320>,128,21,[11  4],129,-1,159,-1,138
1,<environment.Job instance at 0x7f48c1b90640>,129,21,[13  4],130,-1,159,-1,138
1,<environment.Job instance at 0x7f48c1b90820>,131,25,[12  1],132,-1,165,-1,140
1,<environment.Job instance at 0x7f48c1b90f00>,132,20,[14  1],133,-1,160,-1,140
1,<environment.Job instance at 0x7f48c1b909b0>,133,18,[ 2 11],134,-1,158,-1,140
1,<environment.Job instance at 0x7f48c1b90500>,134,25,[ 5 13],135,-1,165,-1,140
1,<environment.Job instance at 0x7f48c1b90cd0>,135,12,[ 1 12],136,-1,152,-1,140
1,<environment.Job instance at 0x7f48ca4cd280>,136,28,[11  5],137,-1,168,-1,140
1,<environment.Job instance at 0x7f48ca4cd910>,137,23,[ 1 12],138,-1,163,-1,140
1,<environment.Job instance at 0x7f48ca33a410>,138,19,[11  1],139,-1,159,-1,140
1,<environment.Job instance at 0x7f48ca33a050>,139,27,[12  5],140,-1,167,-1,140
1,<environment.Job instance at 0x7f48c0606730>,140,26,[ 4 14],141,-1,167,-1,141
1,<environment.Job instance at 0x7f48c0606dc0>,141,21,[11  3],142,-1,163,-1,142
1,<environment.Job instance at 0x7f48c14da410>,142,28,[13  2],143,-1,171,-1,143
1,<environment.Job instance at 0x7f48c14dabe0>,143,12,[ 2 14],144,-1,156,-1,144
1,<environment.Job instance at 0x7f48c14da910>,144,25,[5 8],145,-1,170,-1,145
1,<environment.Job instance at 0x7f48c0ed0eb0>,145,18,[13  3],146,-1,164,-1,146
1,<environment.Job instance at 0x7f48ca4cb5f0>,3,23,[ 4 12],4,-1,27,-1,4
1,<environment.Job instance at 0x7f48c0c47500>,4,28,[ 5 13],5,-1,33,-1,5
1,<environment.Job instance at 0x7f48c1d432d0>,5,22,[13  2],6,-1,28,-1,6
1,<environment.Job instance at 0x7f48c0d67b40>,6,27,[12  4],7,-1,34,-1,7
1,<environment.Job instance at 0x7f48c10b1690>,7,28,[ 5 11],8,-1,36,-1,8
1,<environment.Job instance at 0x7f48c0d673c0>,8,17,[13  2],9,-1,26,-1,9
1,<environment.Job instance at 0x7f48c0d67af0>,9,28,[11  5],10,-1,38,-1,10
1,<environment.Job instance at 0x7f48c0d67690>,10,18,[ 1 13],11,-1,29,-1,11
1,<environment.Job instance at 0x7f48c0d67640>,11,26,[13  3],12,-1,38,-1,12
1,<environment.Job instance at 0x7f48c0d670f0>,12,27,[11  2],13,-1,40,-1,13
1,<environment.Job instance at 0x7f48c0d67eb0>,13,25,[12  3],14,-1,39,-1,14
1,<environment.Job instance at 0x7f48c0d670a0>,14,25,[12  5],15,-1,40,-1,15
1,<environment.Job instance at 0x7f48c0d67c30>,15,26,[13  1],16,-1,42,-1,16
1,<environment.Job instance at 0x7f48c0d679b0>,17,27,[ 2 13],18,-1,45,-1,18
1,<environment.Job instance at 0x7f48c0d67050>,23,25,[ 3 13],24,-1,51,-1,26
1,<environment.Job instance at 0x7f48c0d67d70>,24,13,[ 5 14],25,-1,39,-1,26
1,<environment.Job instance at 0x7f48c0d67aa0>,26,26,[ 5 11],27,-1,67,-1,41
1,<environment.Job instance at 0x7f48c0d67dc0>,27,23,[12  3],28,-1,64,-1,41
1,<environment.Job instance at 0x7f48c0d672d0>,28,13,[14  1],29,-1,54,-1,41
1,<environment.Job instance at 0x7f48c1378870>,29,13,[11  2],30,-1,54,-1,41
1,<environment.Job instance at 0x7f48c1378460>,30,25,[13  1],31,-1,66,-1,41
1,<environment.Job instance at 0x7f48c1378b90>,31,19,[ 3 13],32,-1,60,-1,41
1,<environment.Job instance at 0x7f48c1378a00>,32,26,[11  1],33,-1,67,-1,41
1,<environment.Job instance at 0x7f48c1378d70>,33,26,[13  1],34,-1,67,-1,41
1,<environment.Job instance at 0x7f48c1378d20>,34,24,[ 3 10],35,-1,65,-1,41
1,<environment.Job instance at 0x7f48c13789b0>,35,23,[12  4],36,-1,64,-1,41
1,<environment.Job instance at 0x7f48c1378780>,36,28,[14  3],37,-1,69,-1,41
1,<environment.Job instance at 0x7f48c13783c0>,37,27,[ 4 14],38,-1,68,-1,41
1,<environment.Job instance at 0x7f48c13782d0>,43,20,[ 2 12],44,-1,148,-1,128
1,<environment.Job instance at 0x7f48c0cdb8c0>,2,24,[3 9],3,-1,27,-1,3
1,<environment.Job instance at 0x7f48c0cdb410>,3,22,[11  4],4,-1,26,-1,4
1,<environment.Job instance at 0x7f48ca27ceb0>,5,23,[ 2 14],6,-1,29,-1,6
1,<environment.Job instance at 0x7f48c0cdb5f0>,6,13,[11  2],7,-1,20,-1,7
1,<environment.Job instance at 0x7f48c0cdb780>,7,26,[ 1 12],8,-1,34,-1,8
1,<environment.Job instance at 0x7f48c0cdb2d0>,8,19,[13  5],9,-1,28,-1,9
1,<environment.Job instance at 0x7f48c0cdbd20>,9,25,[ 3 10],10,-1,35,-1,10
1,<environment.Job instance at 0x7f48c0cdb0a0>,10,28,[ 1 11],11,-1,39,-1,11
1,<environment.Job instance at 0x7f48c0cdb140>,11,20,[ 1 10],12,-1,33,-1,13
1,<environment.Job instance at 0x7f48c0cdbc80>,13,19,[ 1 14],14,-1,33,-1,14
1,<environment.Job instance at 0x7f48c0cdb280>,14,18,[ 4 11],15,-1,33,-1,15
1,<environment.Job instance at 0x7f48c0cdb370>,15,27,[14  3],16,-1,43,-1,16
1,<environment.Job instance at 0x7f48c0cdba50>,16,12,[ 3 13],17,-1,29,-1,17
1,<environment.Job instance at 0x7f48c0cdbc30>,17,20,[ 2 12],18,-1,38,-1,18
1,<environment.Job instance at 0x7f48c0cdbaf0>,18,20,[12  5],19,-1,39,-1,19
1,<environment.Job instance at 0x7f48c0cdb050>,19,20,[ 4 12],20,-1,40,-1,20
1,<environment.Job instance at 0x7f48c0cdb9b0>,20,22,[ 3 14],21,-1,43,-1,21
1,<environment.Job instance at 0x7f48c0cdbf00>,21,22,[3 9],22,-1,44,-1,22
1,<environment.Job instance at 0x7f48c0fc9fa0>,22,12,[ 3 12],23,-1,35,-1,23
1,<environment.Job instance at 0x7f48c0fc94b0>,23,22,[11  4],24,-1,46,-1,24
1,<environment.Job instance at 0x7f48c0fc9280>,25,23,[5 2],26,-1,49,-1,26
1,<environment.Job instance at 0x7f48c0fc9b90>,26,20,[11  2],27,-1,47,-1,27
1,<environment.Job instance at 0x7f48c0fc9a00>,27,14,[12  2],28,-1,42,-1,28
1,<environment.Job instance at 0x7f48c0fc9730>,28,22,[12  5],29,-1,51,-1,29
1,<environment.Job instance at 0x7f48c0fc9c80>,29,28,[5 3],30,-1,58,-1,30
1,<environment.Job instance at 0x7f48c0fc98c0>,30,23,[14  5],31,-1,54,-1,31
1,<environment.Job instance at 0x7f48c0fc9910>,31,23,[11  2],32,-1,55,-1,32
1,<environment.Job instance at 0x7f48c0fc9e60>,32,22,[14  4],33,-1,55,-1,33
1,<environment.Job instance at 0x7f48c0fc9aa0>,33,15,[ 4 12],34,-1,49,-1,34
1,<environment.Job instance at 0x7f48c0fc9c30>,34,22,[ 3 14],35,-1,57,-1,35
1,<environment.Job instance at 0x7f48c0fc9140>,35,26,[9 1],36,-1,62,-1,36
1,<environment.Job instance at 0x7f48c0fc9640>,36,26,[ 5 14],37,-1,63,-1,37
1,<environment.Job instance at 0x7f48c0fc9b40>,37,25,[ 1 12],38,-1,63,-1,38
1,<environment.Job instance at 0x7f48c0fc9eb0>,38,24,[13  4],39,-1,63,-1,39
1,<environment.Job instance at 0x7f48c0fc99b0>,39,20,[ 2 11],40,-1,60,-1,40
1,<environment.Job instance at 0x7f48c0fc9190>,40,20,[ 3 12],41,-1,61,-1,41
1,<environment.Job instance at 0x7f48c0fc95a0>,41,23,[10  1],42,-1,65,-1,42
1,<environment.Job instance at 0x7f48c0fc96e0>,42,20,[14  3],43,-1,63,-1,43
1,<environment.Job instance at 0x7f48c0fc9d20>,43,14,[14  1],44,-1,58,-1,44
1,<environment.Job instance at 0x7f48c0fc9550>,44,25,[ 5 11],45,-1,70,-1,45
1,<environment.Job instance at 0x7f48c0e25690>,45,24,[13  2],46,-1,70,-1,46
1,<environment.Job instance at 0x7f48c0e25cd0>,46,24,[ 1 14],47,-1,71,-1,47
1,<environment.Job instance at 0x7f48c0e25af0>,47,25,[ 1 11],48,-1,73,-1,48
1,<environment.Job instance at 0x7f48c0e25be0>,48,26,[13  1],49,-1,75,-1,49
1,<environment.Job instance at 0x7f48c0e25f00>,49,27,[14  1],50,-1,77,-1,50
1,<environment.Job instance at 0x7f48c0e25870>,50,26,[14  5],51,-1,77,-1,51
1,<environment.Job instance at 0x7f48c0e259b0>,52,24,[12  5],53,-1,77,-1,53
1,<environment.Job instance at 0x7f48c0e25eb0>,53,22,[12  2],54,-1,76,-1,54
1,<environment.Job instance at 0x7f48c0e254b0>,54,28,[ 2 14],55,-1,83,-1,55
1,<environment.Job instance at 0x7f48c0e25e60>,55,19,[14  2],56,-1,75,-1,56
1,<environment.Job instance at 0x7f48c0e252d0>,56,26,[11  4],57,-1,83,-1,57
1,<environment.Job instance at 0x7f48c0e257d0>,57,13,[ 1 14],58,-1,71,-1,58
1,<environment.Job instance at 0x7f48c0e25140>,58,27,[ 5 11],59,-1,86,-1,59
1,<environment.Job instance at 0x7f48c0e25730>,59,26,[ 4 12],60,-1,86,-1,60
1,<environment.Job instance at 0x7f48c0e258c0>,60,28,[ 2 13],61,-1,89,-1,61
1,<environment.Job instance at 0x7f48c0e25fa0>,61,26,[14  4],62,-1,88,-1,62
1,<environment.Job instance at 0x7f48c0e25500>,62,20,[11  5],63,-1,83,-1,63
1,<environment.Job instance at 0x7f48c0e251e0>,63,19,[11  2],64,-1,83,-1,64
1,<environment.Job instance at 0x7f48c0e255f0>,64,27,[ 3 13],65,-1,92,-1,65
1,<environment.Job instance at 0x7f48c0e25780>,65,22,[ 1 11],66,-1,88,-1,66
1,<environment.Job instance at 0x7f48c0e25b90>,66,27,[ 2 13],67,-1,94,-1,67
1,<environment.Job instance at 0x7f48c0d1f640>,67,19,[ 5 13],68,-1,87,-1,68
1,<environment.Job instance at 0x7f48c0d1f2d0>,71,25,[11  5],72,-1,97,-1,72
1,<environment.Job instance at 0x7f48c0d1faf0>,72,21,[14  2],73,-1,94,-1,73
1,<environment.Job instance at 0x7f48c0d1f1e0>,73,26,[ 2 12],74,-1,100,-1,74
1,<environment.Job instance at 0x7f48c0d1f190>,74,19,[12  2],75,-1,94,-1,75
1,<environment.Job instance at 0x7f48c0d1f910>,75,24,[ 5 11],76,-1,100,-1,76
1,<environment.Job instance at 0x7f48c0d1fd70>,76,26,[ 3 14],77,-1,103,-1,77
1,<environment.Job instance at 0x7f48c0d1fbe0>,77,16,[11  5],78,-1,94,-1,78
1,<environment.Job instance at 0x7f48c0d1f780>,78,26,[ 3 12],79,-1,105,-1,79
1,<environment.Job instance at 0x7f48c0d1fe60>,79,24,[11  3],80,-1,104,-1,80
1,<environment.Job instance at 0x7f48c0d1fc80>,81,28,[ 3 13],82,-1,112,-1,84
1,<environment.Job instance at 0x7f48c0d1fdc0>,82,25,[14  1],83,-1,109,-1,84
1,<environment.Job instance at 0x7f48c0d1fc30>,83,23,[1 9],84,-1,107,-1,84
1,<environment.Job instance at 0x7f48c0d1f0f0>,84,23,[ 2 12],85,-1,108,-1,85
1,<environment.Job instance at 0x7f48c0d1f730>,85,24,[2 9],86,-1,110,-1,86
1,<environment.Job instance at 0x7f48c110e050>,86,24,[ 3 11],87,-1,111,-1,87
1,<environment.Job instance at 0x7f48c110e6e0>,87,26,[11  5],88,-1,114,-1,88
1,<environment.Job instance at 0x7f48c110e550>,88,28,[5 8],89,-1,118,-1,90
1,<environment.Job instance at 0x7f48c110e500>,90,25,[10  5],91,-1,116,-1,91
1,<environment.Job instance at 0x7f48c110e730>,91,26,[7 1],92,-1,118,-1,92
1,<environment.Job instance at 0x7f48c110efa0>,92,26,[ 5 13],93,-1,119,-1,93
1,<environment.Job instance at 0x7f48c110ed20>,93,24,[12  2],94,-1,118,-1,94
1,<environment.Job instance at 0x7f48c110e640>,94,28,[ 1 12],95,-1,123,-1,95
1,<environment.Job instance at 0x7f48c110eeb0>,95,23,[8 2],96,-1,119,-1,96
1,<environment.Job instance at 0x7f48c110e280>,96,23,[ 2 14],97,-1,120,-1,97
1,<environment.Job instance at 0x7f48c110e780>,97,26,[13  4],98,-1,124,-1,98
1,<environment.Job instance at 0x7f48c110ea50>,98,20,[11  2],99,-1,119,-1,99
1,<environment.Job instance at 0x7f48c0a5abe0>,100,20,[ 5 12],101,-1,121,-1,101
1,<environment.Job instance at 0x7f48c0a5a370>,101,18,[14  5],102,-1,120,-1,102
1,<environment.Job instance at 0x7f48c0a5acd0>,102,19,[ 1 11],103,-1,122,-1,103
1,<environment.Job instance at 0x7f48c0a5a730>,103,24,[ 1 13],104,-1,128,-1,104
1,<environment.Job instance at 0x7f48c0a5afa0>,104,20,[ 2 13],105,-1,125,-1,105
1,<environment.Job instance at 0x7f48c110e460>,106,21,[ 5 11],107,-1,138,-1,117
1,<environment.Job instance at 0x7f48c0a5aeb0>,107,26,[1 7],108,-1,143,-1,117
1,<environment.Job instance at 0x7f48c0a5ac80>,108,26,[ 2 13],109,-1,143,-1,117
1,<environment.Job instance at 0x7f48c0a5ad70>,109,25,[11  1],110,-1,142,-1,117
1,<environment.Job instance at 0x7f48c0a5ab90>,110,25,[11  4],111,-1,142,-1,117
1,<environment.Job instance at 0x7f48c0a5a410>,111,27,[ 1 11],112,-1,144,-1,117
1,<environment.Job instance at 0x7f48c0a5a280>,112,26,[ 2 14],113,-1,143,-1,117
1,<environment.Job instance at 0x7f48c0806d20>,113,21,[11  5],114,-1,138,-1,117
1,<environment.Job instance at 0x7f48c0806eb0>,114,22,[14  1],115,-1,139,-1,117
1,<environment.Job instance at 0x7f48c0806f00>,115,15,[11  1],116,-1,132,-1,117
1,<environment.Job instance at 0x7f48c0806730>,116,25,[ 5 11],117,-1,142,-1,117
1,<environment.Job instance at 0x7f48c0806cd0>,117,21,[ 5 14],118,-1,139,-1,118
1,<environment.Job instance at 0x7f48c0806910>,119,21,[14  5],120,-1,155,-1,134
1,<environment.Job instance at 0x7f48c08067d0>,120,13,[11  2],121,-1,147,-1,134
1,<environment.Job instance at 0x7f48c0806d70>,121,22,[ 3 14],122,-1,156,-1,134
1,<environment.Job instance at 0x7f48c08069b0>,122,27,[ 5 11],123,-1,161,-1,134
1,<environment.Job instance at 0x7f48c0806b40>,123,21,[ 2 11],124,-1,155,-1,134
1,<environment.Job instance at 0x7f48c0806c30>,124,27,[ 5 11],125,-1,161,-1,134
1,<environment.Job instance at 0x7f48c0806280>,125,23,[14  5],126,-1,157,-1,134
1,<environment.Job instance at 0x7f48c08068c0>,126,14,[11  2],127,-1,148,-1,134
1,<environment.Job instance at 0x7f48c0806af0>,127,20,[11  1],128,-1,154,-1,134
1,<environment.Job instance at 0x7f48c08064b0>,128,22,[12  5],129,-1,156,-1,134
1,<environment.Job instance at 0x7f48c0806f50>,129,27,[14  4],130,-1,161,-1,134
1,<environment.Job instance at 0x7f48c08060a0>,130,22,[ 2 12],131,-1,156,-1,134
1,<environment.Job instance at 0x7f48c0806e60>,131,15,[11  5],132,-1,149,-1,134
1,<environment.Job instance at 0x7f48c08bd460>,133,24,[12  2],134,-1,161,-1,137
1,<environment.Job instance at 0x7f48c08bd820>,134,17,[11  5],135,-1,156,-1,139
1,<environment.Job instance at 0x7f48c08bd9b0>,135,26,[12  4],136,-1,165,-1,139
1,<environment.Job instance at 0x7f48c08bdb90>,136,27,[ 5 13],137,-1,166,-1,139
1,<environment.Job instance at 0x7f48c16e30f0>,137,20,[ 3 11],138,-1,159,-1,139
1,<environment.Job instance at 0x7f48ca78f460>,138,19,[ 3 14],139,-1,158,-1,139
1,<environment.Job instance at 0x7f48c0b99460>,139,18,[ 4 14],140,-1,158,-1,140
1,<environment.Job instance at 0x7f48c16e3dc0>,140,23,[12  2],141,-1,164,-1,141
1,<environment.Job instance at 0x7f48c16e3eb0>,142,27,[1 9],143,-1,173,-1,146
1,<environment.Job instance at 0x7f48c17d8190>,143,26,[6 4],144,-1,172,-1,146
1,<environment.Job instance at 0x7f48c17d8140>,144,28,[14  4],145,-1,174,-1,146
1,<environment.Job instance at 0x7f48c17d88c0>,145,12,[14  5],146,-1,158,-1,146
1,<environment.Job instance at 0x7f48c17d84b0>,146,19,[ 5 11],147,-1,166,-1,147
1,<environment.Job instance at 0x7f48c17d8eb0>,148,25,[12  5],149,-1,180,-1,155
1,<environment.Job instance at 0x7f48c0fc90f0>,1,21,[ 2 11],2,-1,23,-1,2
1,<environment.Job instance at 0x7f48c16f6870>,2,24,[11  5],3,-1,27,-1,3
1,<environment.Job instance at 0x7f48c16f68c0>,5,15,[ 5 13],6,-1,21,-1,6
1,<environment.Job instance at 0x7f48c16f6cd0>,6,20,[ 3 11],7,-1,27,-1,7
1,<environment.Job instance at 0x7f48c16f6690>,8,12,[12  3],9,-1,21,-1,9
1,<environment.Job instance at 0x7f48c1a4e230>,9,19,[13  5],10,-1,29,-1,10
1,<environment.Job instance at 0x7f48c1a4e2d0>,10,26,[11  5],11,-1,37,-1,11
1,<environment.Job instance at 0x7f48c1a4e190>,14,26,[ 3 11],15,-1,42,-1,16
1,<environment.Job instance at 0x7f48c1a4e320>,15,22,[13  5],16,-1,38,-1,16
1,<environment.Job instance at 0x7f48c1a4eb40>,16,22,[ 4 12],17,-1,39,-1,17
1,<environment.Job instance at 0x7f48c1a4e280>,17,14,[ 3 12],18,-1,32,-1,18
1,<environment.Job instance at 0x7f48c1a4e370>,18,22,[12  1],19,-1,41,-1,19
1,<environment.Job instance at 0x7f48c1a4ee10>,19,26,[12  1],20,-1,46,-1,20
1,<environment.Job instance at 0x7f48c1a4ea50>,20,14,[ 4 14],21,-1,35,-1,21
1,<environment.Job instance at 0x7f48c1a4efa0>,21,25,[13  5],22,-1,47,-1,22
1,<environment.Job instance at 0x7f48c1a4e3c0>,22,23,[ 3 11],23,-1,46,-1,23
1,<environment.Job instance at 0x7f48c11985a0>,24,20,[ 3 12],25,-1,45,-1,25
1,<environment.Job instance at 0x7f48c1198b40>,25,13,[11  1],26,-1,39,-1,26
1,<environment.Job instance at 0x7f48c1198820>,26,22,[ 1 11],27,-1,49,-1,27
1,<environment.Job instance at 0x7f48c11982d0>,27,21,[11  3],28,-1,49,-1,28
1,<environment.Job instance at 0x7f48c1198410>,28,22,[ 2 11],29,-1,51,-1,29
1,<environment.Job instance at 0x7f48c1198be0>,29,19,[14  4],30,-1,49,-1,30
1,<environment.Job instance at 0x7f48c1198190>,30,24,[ 2 11],31,-1,55,-1,31
1,<environment.Job instance at 0x7f48c1198f50>,31,20,[ 2 13],32,-1,52,-1,32
1,<environment.Job instance at 0x7f48c11980a0>,32,17,[ 5 14],33,-1,50,-1,33
1,<environment.Job instance at 0x7f48c1198b90>,33,24,[12  2],34,-1,58,-1,34
1,<environment.Job instance at 0x7f48c11981e0>,34,21,[ 2 14],35,-1,56,-1,35
1,<environment.Job instance at 0x7f48c1a4ec30>,36,24,[11  5],37,-1,61,-1,37
1,<environment.Job instance at 0x7f48c1198e60>,37,22,[ 4 13],38,-1,60,-1,38
1,<environment.Job instance at 0x7f48c14d8730>,39,21,[ 2 13],40,-1,61,-1,40
1,<environment.Job instance at 0x7f48c14d8780>,40,17,[13  2],41,-1,58,-1,41
1,<environment.Job instance at 0x7f48c14d8b90>,41,21,[13  2],42,-1,63,-1,42
1,<environment.Job instance at 0x7f48c14d8be0>,42,20,[ 2 14],43,-1,63,-1,43
1,<environment.Job instance at 0x7f48c14d8f00>,43,27,[13  2],44,-1,71,-1,44
1,<environment.Job instance at 0x7f48c14d86e0>,44,22,[ 4 10],45,-1,80,-1,58
1,<environment.Job instance at 0x7f48c14d8320>,47,24,[12  4],48,-1,82,-1,58
1,<environment.Job instance at 0x7f48c14d8dc0>,48,19,[ 5 14],49,-1,77,-1,58
1,<environment.Job instance at 0x7f48c14d8280>,49,27,[ 2 11],50,-1,85,-1,58
1,<environment.Job instance at 0x7f48c14d8960>,50,18,[ 3 14],51,-1,76,-1,58
1,<environment.Job instance at 0x7f48c075d820>,51,23,[ 3 14],52,-1,81,-1,58
1,<environment.Job instance at 0x7f48c075d910>,52,19,[13  2],53,-1,77,-1,58
1,<environment.Job instance at 0x7f48c075deb0>,53,25,[14  3],54,-1,83,-1,58
1,<environment.Job instance at 0x7f48c075d780>,54,24,[ 1 13],55,-1,82,-1,58
1,<environment.Job instance at 0x7f48c075d0f0>,55,18,[3 9],56,-1,91,-1,73
1,<environment.Job instance at 0x7f48c075d730>,56,14,[12  2],57,-1,87,-1,73
1,<environment.Job instance at 0x7f48c075d870>,57,19,[ 3 11],58,-1,92,-1,73
1,<environment.Job instance at 0x7f48c075db90>,58,23,[11  1],59,-1,96,-1,73
1,<environment.Job instance at 0x7f48c075d500>,59,26,[1 9],60,-1,99,-1,73
1,<environment.Job instance at 0x7f48c075dd70>,60,12,[11  2],61,-1,85,-1,73
1,<environment.Job instance at 0x7f48c075d370>,61,19,[ 5 12],62,-1,92,-1,73
1,<environment.Job instance at 0x7f48c075d7d0>,62,25,[ 1 13],63,-1,98,-1,73
1,<environment.Job instance at 0x7f48c075d140>,63,12,[ 4 14],64,-1,85,-1,73
1,<environment.Job instance at 0x7f48c075df50>,64,16,[14  1],65,-1,89,-1,73
1,<environment.Job instance at 0x7f48c075dbe0>,65,22,[ 3 13],66,-1,95,-1,73
1,<environment.Job instance at 0x7f48c075da00>,66,28,[ 4 13],67,-1,101,-1,73
1,<environment.Job instance at 0x7f48c075dcd0>,67,28,[13  4],68,-1,101,-1,73
1,<environment.Job instance at 0x7f48c05bb0f0>,68,28,[ 3 10],69,-1,101,-1,73
1,<environment.Job instance at 0x7f48c05bbf00>,69,28,[5 5],70,-1,101,-1,73
1,<environment.Job instance at 0x7f48c05bb780>,70,21,[12  5],71,-1,94,-1,73
1,<environment.Job instance at 0x7f48c05bba00>,72,25,[14  3],73,-1,104,-1,79
1,<environment.Job instance at 0x7f48c05bbaa0>,73,26,[ 5 14],74,-1,105,-1,79
1,<environment.Job instance at 0x7f48c05bb500>,74,21,[11  1],75,-1,100,-1,79
1,<environment.Job instance at 0x7f48c05bb2d0>,75,20,[ 1 13],76,-1,99,-1,79
1,<environment.Job instance at 0x7f48c05bb640>,76,21,[ 5 12],77,-1,100,-1,79
1,<environment.Job instance at 0x7f48c05bb9b0>,77,23,[13  4],78,-1,102,-1,79
1,<environment.Job instance at 0x7f48c05bb550>,78,16,[ 5 11],79,-1,95,-1,79
1,<environment.Job instance at 0x7f48c05bb960>,80,21,[11  5],81,-1,102,-1,81
1,<environment.Job instance at 0x7f48c1749500>,81,27,[13  2],82,-1,109,-1,82
1,<environment.Job instance at 0x7f48c05bb910>,83,24,[10  2],84,-1,108,-1,84
1,<environment.Job instance at 0x7f48c1749a00>,84,23,[ 5 12],85,-1,108,-1,85
1,<environment.Job instance at 0x7f48c149db90>,85,20,[ 3 11],86,-1,106,-1,86
1,<environment.Job instance at 0x7f48c12ac500>,86,21,[ 1 14],87,-1,108,-1,87
1,<environment.Job instance at 0x7f48c13a1870>,87,16,[ 2 12],88,-1,104,-1,88
1,<environment.Job instance at 0x7f48c13a1aa0>,88,20,[ 3 12],89,-1,109,-1,89
1,<environment.Job instance at 0x7f48c0809af0>,89,18,[ 4 11],90,-1,108,-1,90
1,<environment.Job instance at 0x7f48c0809cd0>,90,21,[ 5 12],91,-1,112,-1,91
1,<environment.Job instance at 0x7f48c07072d0>,91,13,[ 5 11],92,-1,105,-1,92
1,<environment.Job instance at 0x7f48c0707280>,92,15,[11  2],93,-1,108,-1,93
1,<environment.Job instance at 0x7f48c1494780>,93,25,[11  2],94,-1,119,-1,94
1,<environment.Job instance at 0x7f48c14944b0>,94,23,[ 2 13],95,-1,118,-1,95
1,<environment.Job instance at 0x7f48c1494050>,95,20,[11  4],96,-1,117,-1,97
1,<environment.Job instance at 0x7f48c1490f00>,96,23,[ 5 14],97,-1,120,-1,97
1,<environment.Job instance at 0x7f48c1494870>,97,28,[14  3],98,-1,126,-1,98
1,<environment.Job instance at 0x7f48c1494550>,98,18,[14  3],99,-1,117,-1,99
1,<environment.Job instance at 0x7f48c14949b0>,99,22,[13  2],100,-1,122,-1,100
1,<environment.Job instance at 0x7f48c168d780>,100,22,[ 5 10],101,-1,123,-1,101
1,<environment.Job instance at 0x7f48c1cf66e0>,101,28,[ 3 13],102,-1,130,-1,102
1,<environment.Job instance at 0x7f48c0f93910>,102,26,[13  2],103,-1,129,-1,103
1,<environment.Job instance at 0x7f48c0f93230>,103,14,[13  1],104,-1,118,-1,104
1,<environment.Job instance at 0x7f48c0f93960>,104,22,[ 3 12],105,-1,127,-1,105
1,<environment.Job instance at 0x7f48c106a140>,105,21,[ 4 11],106,-1,127,-1,106
1,<environment.Job instance at 0x7f48c08c6a00>,106,16,[ 1 12],107,-1,123,-1,107
1,<environment.Job instance at 0x7f48c0ddcd20>,107,17,[ 2 11],108,-1,125,-1,108
1,<environment.Job instance at 0x7f48c036a780>,108,23,[ 4 12],109,-1,132,-1,109
1,<environment.Job instance at 0x7f48c0847820>,109,20,[ 1 14],110,-1,130,-1,110
1,<environment.Job instance at 0x7f48ca7a7820>,110,21,[11  2],111,-1,132,-1,111
1,<environment.Job instance at 0x7f48c085f0a0>,111,27,[11  3],112,-1,139,-1,112
1,<environment.Job instance at 0x7f48c17ea230>,112,28,[12  4],113,-1,141,-1,113
1,<environment.Job instance at 0x7f48c0d3b780>,113,25,[ 1 11],114,-1,139,-1,114
1,<environment.Job instance at 0x7f48c0d3b4b0>,114,27,[11  3],115,-1,142,-1,115
1,<environment.Job instance at 0x7f48c082fc30>,116,26,[ 1 12],117,-1,143,-1,117
1,<environment.Job instance at 0x7f48c082f550>,117,12,[ 5 14],118,-1,130,-1,118
1,<environment.Job instance at 0x7f48c0839b40>,118,20,[ 4 13],119,-1,139,-1,119
1,<environment.Job instance at 0x7f48c1b8ec30>,119,23,[3 5],120,-1,143,-1,120
1,<environment.Job instance at 0x7f48c0b837d0>,120,28,[14  5],121,-1,149,-1,121
1,<environment.Job instance at 0x7f48c1cf4e60>,121,21,[11  4],122,-1,143,-1,122
1,<environment.Job instance at 0x7f48c14bf690>,122,28,[12  4],123,-1,151,-1,123
1,<environment.Job instance at 0x7f48c07bf870>,123,16,[13  5],124,-1,140,-1,124
1,<environment.Job instance at 0x7f48c0f6d280>,124,24,[13  2],125,-1,149,-1,125
1,<environment.Job instance at 0x7f48c0f6dc30>,125,16,[14  5],126,-1,142,-1,126
1,<environment.Job instance at 0x7f48c19e8f50>,126,23,[ 1 13],127,-1,150,-1,127
1,<environment.Job instance at 0x7f48c19e8dc0>,127,12,[ 1 12],128,-1,140,-1,128
1,<environment.Job instance at 0x7f48c0838fa0>,128,22,[ 2 14],129,-1,151,-1,129
1,<environment.Job instance at 0x7f48c08385f0>,129,26,[12  5],130,-1,156,-1,130
1,<environment.Job instance at 0x7f48c08389b0>,130,13,[14  2],131,-1,144,-1,131
1,<environment.Job instance at 0x7f48c0c3bb40>,132,12,[14  2],133,-1,145,-1,133
1,<environment.Job instance at 0x7f48c0c3ba50>,133,27,[ 3 12],134,-1,161,-1,134
1,<environment.Job instance at 0x7f48c0c3b4b0>,134,20,[12  4],135,-1,155,-1,135
1,<environment.Job instance at 0x7f48c0c3b230>,135,21,[12  2],136,-1,157,-1,136
1,<environment.Job instance at 0x7f48c0c3bc80>,136,24,[9 1],137,-1,161,-1,137
1,<environment.Job instance at 0x7f48c0c3b1e0>,137,19,[12  2],138,-1,157,-1,138
1,<environment.Job instance at 0x7f48c0c3baa0>,138,23,[13  4],139,-1,162,-1,139
1,<environment.Job instance at 0x7f48c0c3bcd0>,139,19,[12  4],140,-1,159,-1,140
1,<environment.Job instance at 0x7f48c0c3bfa0>,140,25,[ 3 13],141,-1,166,-1,141
1,<environment.Job instance at 0x7f48c0c3b730>,141,20,[ 2 13],142,-1,162,-1,142
1,<environment.Job instance at 0x7f48c04299b0>,142,19,[ 3 11],143,-1,162,-1,143
1,<environment.Job instance at 0x7f48c0429190>,143,20,[12  4],144,-1,164,-1,144
1,<environment.Job instance at 0x7f48c0429a00>,144,26,[ 4 11],145,-1,171,-1,145
1,<environment.Job instance at 0x7f48c0429b40>,145,12,[13  3],146,-1,158,-1,146
1,<environment.Job instance at 0x7f48c0429050>,146,27,[ 1 13],147,-1,174,-1,147
1,<environment.Job instance at 0x7f48c0429e10>,147,20,[11  3],148,-1,169,-1,149
1,<environment.Job instance at 0x7f48c084ffa0>,149,27,[ 3 14],150,-1,177,-1,150
1,<environment.Job instance at 0x7f48c084f910>,150,26,[10  5],151,-1,177,-1,151
1,<environment.Job instance at 0x7f48c080fd70>,1,20,[ 2 13],2,-1,22,-1,2
1,<environment.Job instance at 0x7f48c080f5a0>,5,24,[14  2],6,-1,30,-1,6
1,<environment.Job instance at 0x7f48c080f9b0>,6,26,[5 5],7,-1,33,-1,7
1,<environment.Job instance at 0x7f48c080f370>,7,23,[ 4 14],8,-1,31,-1,8
1,<environment.Job instance at 0x7f48c080fcd0>,8,23,[ 4 13],9,-1,32,-1,9
1,<environment.Job instance at 0x7f48c080fc80>,9,26,[13  3],10,-1,36,-1,10
1,<environment.Job instance at 0x7f48c080f780>,10,28,[ 5 14],11,-1,39,-1,11
1,<environment.Job instance at 0x7f48c080fb90>,15,27,[8 3],16,-1,72,-1,45
1,<environment.Job instance at 0x7f48c080f280>,16,15,[13  2],17,-1,60,-1,45
1,<environment.Job instance at 0x7f48c080f5f0>,17,25,[12  2],18,-1,70,-1,45
1,<environment.Job instance at 0x7f48c080fbe0>,18,22,[ 4 12],19,-1,67,-1,45
1,<environment.Job instance at 0x7f48c080f820>,19,18,[12  2],20,-1,63,-1,45
1,<environment.Job instance at 0x7f48c0e820a0>,20,20,[8 2],21,-1,65,-1,45
1,<environment.Job instance at 0x7f48c0e82500>,21,13,[ 4 11],22,-1,58,-1,45
1,<environment.Job instance at 0x7f48c0e82f50>,22,17,[13  3],23,-1,62,-1,45
1,<environment.Job instance at 0x7f48c0e82870>,23,25,[5 5],24,-1,70,-1,45
1,<environment.Job instance at 0x7f48c0e82640>,24,26,[ 1 12],25,-1,71,-1,45
1,<environment.Job instance at 0x7f48c0e821e0>,25,20,[13  4],26,-1,65,-1,45
1,<environment.Job instance at 0x7f48c0e82dc0>,26,23,[8 1],27,-1,68,-1,45
1,<environment.Job instance at 0x7f48c0e82370>,27,26,[4 9],28,-1,71,-1,45
1,<environment.Job instance at 0x7f48c0e828c0>,28,17,[11  5],29,-1,62,-1,45
1,<environment.Job instance at 0x7f48c0e82be0>,29,21,[14  3],30,-1,66,-1,45
1,<environment.Job instance at 0x7f48c0e82190>,30,25,[12  3],31,-1,70,-1,45
1,<environment.Job instance at 0x7f48c0e826e0>,31,13,[8 2],32,-1,58,-1,45
1,<environment.Job instance at 0x7f48c0e82a50>,32,13,[4 8],33,-1,58,-1,45
1,<environment.Job instance at 0x7f48c0e82aa0>,33,23,[ 4 14],34,-1,68,-1,45
1,<environment.Job instance at 0x7f48c0e82960>,34,28,[3 7],35,-1,73,-1,45
1,<environment.Job instance at 0x7f48c0e82a00>,35,24,[13  5],36,-1,69,-1,45
1,<environment.Job instance at 0x7f48c0e82fa0>,36,28,[14  3],37,-1,73,-1,45
1,<environment.Job instance at 0x7f48c0e82c30>,37,19,[ 4 14],38,-1,64,-1,45
1,<environment.Job instance at 0x7f48c176baf0>,38,24,[12  2],39,-1,69,-1,45
1,<environment.Job instance at 0x7f48c176bb40>,39,22,[7 3],40,-1,67,-1,45
1,<environment.Job instance at 0x7f48c176be10>,40,20,[13  3],41,-1,65,-1,45
1,<environment.Job instance at 0x7f48c176b780>,41,22,[10  5],42,-1,67,-1,45
1,<environment.Job instance at 0x7f48c176b230>,42,23,[4 8],43,-1,68,-1,45
1,<environment.Job instance at 0x7f48c176b190>,43,25,[ 5 14],44,-1,70,-1,45
1,<environment.Job instance at 0x7f48c176b550>,44,22,[ 5 14],45,-1,67,-1,45
1,<environment.Job instance at 0x7f48c176bb90>,45,21,[ 1 13],46,-1,67,-1,46
1,<environment.Job instance at 0x7f48c176b8c0>,46,28,[ 3 13],47,-1,75,-1,47
1,<environment.Job instance at 0x7f48c176bc30>,47,23,[12  5],48,-1,71,-1,48
1,<environment.Job instance at 0x7f48c176b500>,48,23,[12  4],49,-1,72,-1,49
1,<environment.Job instance at 0x7f48c176ba00>,49,23,[14  2],50,-1,73,-1,50
1,<environment.Job instance at 0x7f48c176b7d0>,50,24,[8 3],51,-1,75,-1,51
1,<environment.Job instance at 0x7f48c176be60>,51,26,[1 7],52,-1,78,-1,52
1,<environment.Job instance at 0x7f48c176b640>,52,14,[ 4 13],53,-1,67,-1,53
1,<environment.Job instance at 0x7f48c176b690>,53,24,[1 7],54,-1,78,-1,54
1,<environment.Job instance at 0x7f48c176b370>,54,23,[ 3 14],55,-1,78,-1,55
1,<environment.Job instance at 0x7f48c176b3c0>,55,18,[13  3],56,-1,74,-1,56
1,<environment.Job instance at 0x7f48c176b320>,56,14,[11  3],57,-1,71,-1,57
1,<environment.Job instance at 0x7f48c176b960>,57,20,[12  4],58,-1,78,-1,58
1,<environment.Job instance at 0x7f48c176bf50>,58,16,[ 1 13],59,-1,75,-1,59
1,<environment.Job instance at 0x7f48c1ab42d0>,59,26,[ 4 13],60,-1,86,-1,60
1,<environment.Job instance at 0x7f48c1ab4730>,60,26,[ 4 14],61,-1,87,-1,61
1,<environment.Job instance at 0x7f48c1ab48c0>,61,21,[12  3],62,-1,83,-1,62
1,<environment.Job instance at 0x7f48c1ab44b0>,62,22,[11  4],63,-1,85,-1,63
1,<environment.Job instance at 0x7f48c1ab43c0>,63,27,[ 2 10],64,-1,91,-1,64
1,<environment.Job instance at 0x7f48c1ab4370>,64,16,[14  1],65,-1,81,-1,65
1,<environment.Job instance at 0x7f48c1ab49b0>,65,16,[11  1],66,-1,82,-1,66
1,<environment.Job instance at 0x7f48c1ab4b40>,66,28,[12  1],67,-1,95,-1,67
1,<environment.Job instance at 0x7f48c1ab4640>,68,25,[14  2],69,-1,94,-1,69
1,<environment.Job instance at 0x7f48c0e88050>,69,19,[ 4 11],70,-1,89,-1,70
1,<environment.Job instance at 0x7f48c0e88cd0>,71,25,[2 9],72,-1,97,-1,72
1,<environment.Job instance at 0x7f48c0e889b0>,72,21,[ 2 12],73,-1,94,-1,73
1,<environment.Job instance at 0x7f48c0e886e0>,73,20,[ 1 13],74,-1,94,-1,74
1,<environment.Job instance at 0x7f48c0e883c0>,74,23,[11  5],75,-1,98,-1,75
1,<environment.Job instance at 0x7f48c0e88dc0>,75,25,[10  2],76,-1,101,-1,76
1,<environment.Job instance at 0x7f48c0e88c30>,76,27,[13  4],77,-1,104,-1,77
1,<environment.Job instance at 0x7f48c0e88870>,77,26,[2 9],78,-1,104,-1,78
1,<environment.Job instance at 0x7f48c0e88fa0>,78,28,[ 1 11],79,-1,107,-1,79
1,<environment.Job instance at 0x7f48c0e88370>,79,21,[ 5 14],80,-1,101,-1,80
1,<environment.Job instance at 0x7f48c0e88230>,80,27,[13  2],81,-1,108,-1,81
1,<environment.Job instance at 0x7f48c0e88aa0>,81,19,[ 2 12],82,-1,101,-1,82
1,<environment.Job instance at 0x7f48c0e88410>,82,20,[13  5],83,-1,103,-1,83
1,<environment.Job instance at 0x7f48c0e888c0>,83,20,[13  1],84,-1,104,-1,84
1,<environment.Job instance at 0x7f48c0e882d0>,84,22,[ 3 11],85,-1,107,-1,85
1,<environment.Job instance at 0x7f48c0e887d0>,85,26,[6 1],86,-1,112,-1,86
1,<environment.Job instance at 0x7f48c0e88820>,86,13,[14  4],87,-1,100,-1,87
1,<environment.Job instance at 0x7f48c1c78280>,87,27,[12  3],88,-1,115,-1,88
1,<environment.Job instance at 0x7f48c1c78d20>,88,15,[ 3 14],89,-1,104,-1,89
1,<environment.Job instance at 0x7f48c1c78af0>,89,21,[ 1 10],90,-1,111,-1,90
1,<environment.Job instance at 0x7f48c1c78500>,90,21,[13  3],91,-1,112,-1,91
1,<environment.Job instance at 0x7f48c1c78730>,91,24,[13  4],92,-1,116,-1,92
1,<environment.Job instance at 0x7f48c1c785a0>,92,21,[11  2],93,-1,114,-1,93
1,<environment.Job instance at 0x7f48c1c786e0>,93,27,[13  2],94,-1,121,-1,94
1,<environment.Job instance at 0x7f48c1c787d0>,94,22,[ 5 14],95,-1,117,-1,95
1,<environment.Job instance at 0x7f48c1c78140>,95,28,[7 5],96,-1,124,-1,96
1,<environment.Job instance at 0x7f48c1c78be0>,97,26,[11  1],98,-1,124,-1,98
1,<environment.Job instance at 0x7f48c1c78230>,98,28,[ 1 12],99,-1,127,-1,99
1,<environment.Job instance at 0x7f48c1c78f00>,99,22,[ 2 12],100,-1,122,-1,100
1,<environment.Job instance at 0x7f48c1c78780>,100,21,[12  4],101,-1,122,-1,101
1,<environment.Job instance at 0x7f48c1c78f50>,101,24,[ 3 13],102,-1,126,-1,102
1,<environment.Job instance at 0x7f48c1c78a50>,102,24,[12  5],103,-1,127,-1,103
1,<environment.Job instance at 0x7f48c1c78c80>,103,27,[ 5 14],104,-1,131,-1,104
1,<environment.Job instance at 0x7f48c1c785f0>,104,18,[ 3 11],105,-1,123,-1,105
1,<environment.Job instance at 0x7f48c1c78370>,105,27,[ 1 14],106,-1,133,-1,106
1,<environment.Job instance at 0x7f48c1c78460>,106,26,[11  5],107,-1,133,-1,107
1,<environment.Job instance at 0x7f48c1c78aa0>,107,26,[ 3 11],108,-1,134,-1,108
1,<environment.Job instance at 0x7f48c1c78cd0>,108,27,[11  4],109,-1,136,-1,109
1,<environment.Job instance at 0x7f48c1c78b40>,109,18,[14  5],110,-1,128,-1,110
1,<environment.Job instance at 0x7f48c1752aa0>,110,17,[ 5 11],111,-1,128,-1,111
1,<environment.Job instance at 0x7f48c1752820>,111,20,[ 2 13],112,-1,132,-1,112
1,<environment.Job instance at 0x7f48c17521e0>,112,20,[11  5],113,-1,133,-1,113
1,<environment.Job instance at 0x7f48c17523c0>,114,27,[5 8],115,-1,142,-1,115
1,<environment.Job instance at 0x7f48c1752690>,116,20,[ 4 11],117,-1,137,-1,117
1,<environment.Job instance at 0x7f48c17524b0>,117,21,[14  5],118,-1,139,-1,118
1,<environment.Job instance at 0x7f48c1752730>,118,16,[ 5 14],119,-1,135,-1,119
1,<environment.Job instance at 0x7f48c1752190>,120,17,[14  1],121,-1,138,-1,121
1,<environment.Job instance at 0x7f48c1752e60>,121,12,[14  1],122,-1,134,-1,122
1,<environment.Job instance at 0x7f48c17528c0>,122,28,[13  3],123,-1,151,-1,123
1,<environment.Job instance at 0x7f48c1752e10>,123,21,[ 4 12],124,-1,145,-1,124
1,<environment.Job instance at 0x7f48c1752be0>,124,24,[7 2],125,-1,149,-1,125
1,<environment.Job instance at 0x7f48c1752140>,125,13,[11  5],126,-1,139,-1,126
1,<environment.Job instance at 0x7f48c1752870>,126,24,[13  4],127,-1,151,-1,127
1,<environment.Job instance at 0x7f48c1752050>,127,20,[ 3 12],128,-1,148,-1,128
1,<environment.Job instance at 0x7f48c1752410>,128,14,[ 3 14],129,-1,143,-1,129
1,<environment.Job instance at 0x7f48c1752280>,130,20,[12  3],131,-1,151,-1,131
1,<environment.Job instance at 0x7f48c177e500>,131,22,[ 2 11],132,-1,154,-1,132
1,<environment.Job instance at 0x7f48c177e1e0>,132,20,[ 4 12],133,-1,153,-1,133
1,<environment.Job instance at 0x7f48c177e7d0>,133,26,[11  1],134,-1,160,-1,134
1,<environment.Job instance at 0x7f48c177e5f0>,134,12,[14  1],135,-1,147,-1,135
1,<environment.Job instance at 0x7f48c177e690>,135,22,[ 3 13],136,-1,158,-1,136
1,<environment.Job instance at 0x7f48c177ebe0>,136,22,[14  5],137,-1,159,-1,137
1,<environment.Job instance at 0x7f48c177eeb0>,137,25,[ 5 11],138,-1,163,-1,138
1,<environment.Job instance at 0x7f48c177e460>,138,27,[ 3 13],139,-1,166,-1,139
1,<environment.Job instance at 0x7f48c177e3c0>,139,26,[13  2],140,-1,166,-1,140
1,<environment.Job instance at 0x7f48c177ee10>,140,19,[12  4],141,-1,160,-1,141
1,<environment.Job instance at 0x7f48c177e410>,141,24,[1 9],142,-1,166,-1,142
1,<environment.Job instance at 0x7f48c177eaf0>,142,16,[ 3 12],143,-1,159,-1,143
1,<environment.Job instance at 0x7f48c177e050>,143,20,[ 3 14],144,-1,164,-1,144
1,<environment.Job instance at 0x7f48c0f41820>,144,27,[6 1],145,-1,172,-1,145
1,<environment.Job instance at 0x7f48c1b220f0>,145,22,[11  5],146,-1,168,-1,146
1,<environment.Job instance at 0x7f48c1b41960>,146,17,[ 1 11],147,-1,164,-1,147
1,<environment.Job instance at 0x7f48c1b416e0>,147,26,[ 1 12],148,-1,174,-1,148
1,<environment.Job instance at 0x7f48c1b418c0>,148,25,[13  1],149,-1,174,-1,149
1,<environment.Job instance at 0x7f48c1c78c30>,1,15,[ 3 12],2,-1,17,-1,2
1,<environment.Job instance at 0x7f48c082fb40>,2,19,[12  3],3,-1,22,-1,3
1,<environment.Job instance at 0x7f48c089faf0>,3,21,[11  1],4,-1,25,-1,4
1,<environment.Job instance at 0x7f48c0a81190>,4,24,[13  5],5,-1,29,-1,5
1,<environment.Job instance at 0x7f48c0a814b0>,5,21,[14  5],6,-1,27,-1,6
1,<environment.Job instance at 0x7f48c0a811e0>,6,28,[5 6],7,-1,35,-1,7
1,<environment.Job instance at 0x7f48c0a81d70>,7,21,[11  3],8,-1,29,-1,8
1,<environment.Job instance at 0x7f48c0a819b0>,8,25,[14  1],9,-1,34,-1,9
1,<environment.Job instance at 0x7f48c0d4d730>,9,18,[ 5 13],10,-1,28,-1,10
1,<environment.Job instance at 0x7f48c0d4d550>,10,20,[14  3],11,-1,31,-1,11
1,<environment.Job instance at 0x7f48c0d4df50>,11,24,[11  5],12,-1,36,-1,12
1,<environment.Job instance at 0x7f48c0d4d460>,12,21,[12  1],13,-1,34,-1,13
1,<environment.Job instance at 0x7f48c0d4d4b0>,13,28,[ 1 14],14,-1,42,-1,14
1,<environment.Job instance at 0x7f48c0d4d960>,14,27,[ 3 13],15,-1,42,-1,15
1,<environment.Job instance at 0x7f48c0d4daf0>,15,27,[ 3 14],16,-1,43,-1,16
1,<environment.Job instance at 0x7f48c0d4d9b0>,16,25,[14  1],17,-1,42,-1,17
1,<environment.Job instance at 0x7f48c0d4d870>,17,18,[13  1],18,-1,36,-1,18
1,<environment.Job instance at 0x7f48c0d4dcd0>,18,23,[13  2],19,-1,42,-1,19
1,<environment.Job instance at 0x7f48c0d4daa0>,19,25,[10  2],20,-1,45,-1,20
1,<environment.Job instance at 0x7f48c0d4d2d0>,21,23,[14  1],22,-1,45,-1,22
1,<environment.Job instance at 0x7f48c0d4dd70>,22,24,[12  3],23,-1,47,-1,23
1,<environment.Job instance at 0x7f48c0d4dbe0>,23,25,[ 4 12],24,-1,49,-1,24
1,<environment.Job instance at 0x7f48c0d4d820>,24,28,[ 5 11],25,-1,53,-1,25
1,<environment.Job instance at 0x7f48c1b41820>,27,21,[ 2 14],28,-1,49,-1,28
1,<environment.Job instance at 0x7f48c0d4d910>,28,15,[ 2 11],29,-1,44,-1,29
1,<environment.Job instance at 0x7f48c0d4de60>,29,12,[ 5 13],30,-1,42,-1,30
1,<environment.Job instance at 0x7f48c0d4da50>,30,27,[12  2],31,-1,58,-1,31
1,<environment.Job instance at 0x7f48c0d4d230>,31,26,[6 2],32,-1,58,-1,32
1,<environment.Job instance at 0x7f48c0c963c0>,32,20,[ 2 11],33,-1,53,-1,33
1,<environment.Job instance at 0x7f48c0c96af0>,33,14,[13  3],34,-1,48,-1,34
1,<environment.Job instance at 0x7f48c0d4de10>,26,19,[11  2],27,-1,53,-1,34
1,<environment.Job instance at 0x7f48c0d4d410>,34,20,[11  4],35,-1,55,-1,35
1,<environment.Job instance at 0x7f48c0c96460>,36,23,[12  1],37,-1,60,-1,37
1,<environment.Job instance at 0x7f48c105f370>,37,24,[ 4 14],38,-1,62,-1,38
1,<environment.Job instance at 0x7f48c105fc80>,38,17,[ 5 13],39,-1,56,-1,39
1,<environment.Job instance at 0x7f48c0c962d0>,41,27,[11  2],42,-1,69,-1,42
1,<environment.Job instance at 0x7f48c105fb40>,42,23,[ 2 12],43,-1,66,-1,43
1,<environment.Job instance at 0x7f48c105f500>,43,27,[ 3 14],44,-1,71,-1,44
1,<environment.Job instance at 0x7f48c05f1b90>,44,13,[12  1],45,-1,58,-1,45
1,<environment.Job instance at 0x7f48c05f11e0>,45,28,[13  1],46,-1,74,-1,46
1,<environment.Job instance at 0x7f48c15b2e60>,52,23,[6 2],53,-1,108,-1,85
1,<environment.Job instance at 0x7f48c15b2f00>,53,22,[ 1 13],54,-1,107,-1,85
1,<environment.Job instance at 0x7f48c15b25f0>,54,20,[12  4],55,-1,105,-1,85
1,<environment.Job instance at 0x7f48c15b2eb0>,55,19,[ 1 11],56,-1,104,-1,85
1,<environment.Job instance at 0x7f48c15b2550>,56,26,[14  4],57,-1,111,-1,85
1,<environment.Job instance at 0x7f48c15b2c80>,57,23,[ 5 12],58,-1,108,-1,85
1,<environment.Job instance at 0x7f48c15b21e0>,58,21,[ 3 13],59,-1,106,-1,85
1,<environment.Job instance at 0x7f48c15b20a0>,59,25,[14  1],60,-1,110,-1,85
1,<environment.Job instance at 0x7f48c15b2dc0>,60,13,[ 2 11],61,-1,98,-1,85
1,<environment.Job instance at 0x7f48c15b2640>,61,28,[ 1 13],62,-1,113,-1,85
1,<environment.Job instance at 0x7f48c15b2960>,62,22,[ 3 12],63,-1,107,-1,85
1,<environment.Job instance at 0x7f48c15b2af0>,64,13,[ 1 11],65,-1,115,-1,102
1,<environment.Job instance at 0x7f48c15b2f50>,65,22,[ 3 11],66,-1,124,-1,102
1,<environment.Job instance at 0x7f48c15b2be0>,66,28,[3 9],67,-1,130,-1,102
1,<environment.Job instance at 0x7f48c15b29b0>,67,28,[ 1 14],68,-1,130,-1,102
1,<environment.Job instance at 0x7f48c15b2910>,68,23,[ 5 12],69,-1,125,-1,102
1,<environment.Job instance at 0x7f48c15b2780>,70,23,[10  1],71,-1,125,-1,102
1,<environment.Job instance at 0x7f48c165ce10>,71,21,[12  2],72,-1,123,-1,102
1,<environment.Job instance at 0x7f48c165c190>,72,26,[6 2],73,-1,128,-1,102
1,<environment.Job instance at 0x7f48c165cfa0>,73,17,[ 4 12],74,-1,119,-1,102
1,<environment.Job instance at 0x7f48c165c5a0>,74,22,[ 5 13],75,-1,124,-1,102
1,<environment.Job instance at 0x7f48c165ce60>,75,16,[ 2 14],76,-1,118,-1,102
1,<environment.Job instance at 0x7f48c165cdc0>,76,18,[14  5],77,-1,120,-1,102
1,<environment.Job instance at 0x7f48c165c780>,77,26,[12  5],78,-1,128,-1,102
1,<environment.Job instance at 0x7f48c165cb40>,78,23,[ 1 12],79,-1,125,-1,102
1,<environment.Job instance at 0x7f48c165c500>,79,25,[ 1 14],80,-1,127,-1,102
1,<environment.Job instance at 0x7f48c165c320>,80,19,[11  5],81,-1,121,-1,102
1,<environment.Job instance at 0x7f48c165c140>,81,12,[13  4],82,-1,114,-1,102
1,<environment.Job instance at 0x7f48c165c2d0>,82,23,[1 8],83,-1,129,-1,106
1,<environment.Job instance at 0x7f48c165cd70>,83,21,[ 5 11],84,-1,127,-1,106
1,<environment.Job instance at 0x7f48c0c8b910>,84,22,[ 2 14],85,-1,128,-1,106
1,<environment.Job instance at 0x7f48c0c8b460>,85,27,[ 4 13],86,-1,133,-1,106
1,<environment.Job instance at 0x7f48c0c8bcd0>,86,23,[ 4 11],87,-1,129,-1,106
1,<environment.Job instance at 0x7f48c0c8bd20>,87,23,[ 3 14],88,-1,129,-1,106
1,<environment.Job instance at 0x7f48c0c8bfa0>,88,25,[11  5],89,-1,131,-1,106
1,<environment.Job instance at 0x7f48c0c8baf0>,89,21,[14  1],90,-1,127,-1,106
1,<environment.Job instance at 0x7f48c0c8beb0>,90,27,[ 2 11],91,-1,133,-1,106
1,<environment.Job instance at 0x7f48c0c8b3c0>,91,25,[6 4],92,-1,131,-1,106
1,<environment.Job instance at 0x7f48c0c8b320>,92,27,[ 2 13],93,-1,133,-1,106
1,<environment.Job instance at 0x7f48c0c8b820>,93,23,[14  4],94,-1,129,-1,106
1,<environment.Job instance at 0x7f48c0c8b9b0>,94,14,[12  4],95,-1,120,-1,106
1,<environment.Job instance at 0x7f48c0c8be10>,95,20,[10  1],96,-1,127,-1,107
1,<environment.Job instance at 0x7f48c0c8bf50>,96,13,[11  3],97,-1,120,-1,107
1,<environment.Job instance at 0x7f48c0c8b2d0>,97,21,[12  3],98,-1,128,-1,107
1,<environment.Job instance at 0x7f48c1c170a0>,98,20,[ 1 14],99,-1,127,-1,107
1,<environment.Job instance at 0x7f48c1c17460>,99,21,[ 5 13],100,-1,128,-1,107
1,<environment.Job instance at 0x7f48c1c170f0>,100,23,[ 5 10],101,-1,130,-1,107
1,<environment.Job instance at 0x7f48c1c17e60>,101,28,[ 2 11],102,-1,135,-1,107
1,<environment.Job instance at 0x7f48c1c17f00>,102,25,[14  1],103,-1,132,-1,107
1,<environment.Job instance at 0x7f48c1c17dc0>,104,14,[ 5 13],105,-1,136,-1,122
1,<environment.Job instance at 0x7f48c1c17230>,105,25,[11  2],106,-1,147,-1,122
1,<environment.Job instance at 0x7f48c1c177d0>,106,26,[ 1 10],107,-1,148,-1,122
1,<environment.Job instance at 0x7f48c1c178c0>,107,26,[ 4 11],108,-1,148,-1,122
1,<environment.Job instance at 0x7f48c1c17410>,108,23,[12  4],109,-1,145,-1,122
1,<environment.Job instance at 0x7f48c1c17aa0>,109,19,[ 5 12],110,-1,141,-1,122
1,<environment.Job instance at 0x7f48c1c17eb0>,110,26,[11  1],111,-1,148,-1,122
1,<environment.Job instance at 0x7f48c1c17140>,111,28,[ 1 14],112,-1,150,-1,122
1,<environment.Job instance at 0x7f48c1c17a50>,112,19,[ 2 11],113,-1,141,-1,122
1,<environment.Job instance at 0x7f48c1c17c30>,113,28,[ 3 11],114,-1,150,-1,122
1,<environment.Job instance at 0x7f48c1c17640>,115,26,[ 2 11],116,-1,148,-1,122
1,<environment.Job instance at 0x7f48c1c17280>,116,22,[ 5 12],117,-1,144,-1,122
1,<environment.Job instance at 0x7f48c1c17a00>,117,28,[ 4 13],118,-1,150,-1,122
1,<environment.Job instance at 0x7f48c1c172d0>,118,15,[ 4 12],119,-1,137,-1,122
1,<environment.Job instance at 0x7f48ca26eaf0>,120,25,[ 4 11],121,-1,157,-1,132
1,<environment.Job instance at 0x7f48ca26e0a0>,121,26,[ 5 14],122,-1,158,-1,132
1,<environment.Job instance at 0x7f48ca26e370>,122,21,[ 4 13],123,-1,153,-1,132
1,<environment.Job instance at 0x7f48ca26e870>,123,27,[ 4 14],124,-1,159,-1,132
1,<environment.Job instance at 0x7f48ca26e7d0>,125,28,[ 5 11],126,-1,160,-1,132
1,<environment.Job instance at 0x7f48ca26ee60>,126,22,[12  3],127,-1,154,-1,132
1,<environment.Job instance at 0x7f48ca26ecd0>,128,22,[ 2 13],129,-1,162,-1,140
1,<environment.Job instance at 0x7f48ca26ec30>,129,25,[ 4 12],130,-1,165,-1,140
1,<environment.Job instance at 0x7f48ca26e8c0>,130,21,[ 4 11],131,-1,161,-1,140
1,<environment.Job instance at 0x7f48ca26e460>,131,22,[13  2],132,-1,162,-1,140
1,<environment.Job instance at 0x7f48ca26e320>,132,23,[13  4],133,-1,163,-1,140
1,<environment.Job instance at 0x7f48ca26e280>,133,27,[5 4],134,-1,167,-1,140
1,<environment.Job instance at 0x7f48ca26ef50>,134,20,[ 2 13],135,-1,160,-1,140
1,<environment.Job instance at 0x7f48ca26e190>,135,16,[11  4],136,-1,156,-1,140
1,<environment.Job instance at 0x7f48c0816e60>,137,23,[ 1 12],138,-1,176,-1,153
1,<environment.Job instance at 0x7f48c08161e0>,138,28,[ 2 14],139,-1,181,-1,153
1,<environment.Job instance at 0x7f48c0816be0>,139,26,[12  1],140,-1,179,-1,153
1,<environment.Job instance at 0x7f48c1b0db40>,140,24,[5 5],141,-1,177,-1,153
1,<environment.Job instance at 0x7f48c1d40eb0>,141,17,[ 4 12],142,-1,170,-1,153
1,<environment.Job instance at 0x7f48c0d5f8c0>,142,21,[11  1],143,-1,174,-1,153
1,<environment.Job instance at 0x7f48c0d5f050>,143,23,[10  1],144,-1,176,-1,153
1,<environment.Job instance at 0x7f48c175faa0>,144,20,[ 5 14],145,-1,173,-1,153
1,<environment.Job instance at 0x7f48c0d5f4b0>,145,20,[13  1],146,-1,173,-1,153
1,<environment.Job instance at 0x7f48c1075a50>,146,12,[12  1],147,-1,165,-1,153
1,<environment.Job instance at 0x7f48c0b7e640>,147,24,[ 1 12],148,-1,177,-1,153
1,<environment.Job instance at 0x7f48c0b7ebe0>,148,24,[13  2],149,-1,177,-1,153
1,<environment.Job instance at 0x7f48c0b7e780>,149,19,[13  4],150,-1,172,-1,153
1,<environment.Job instance at 0x7f48c0b7e4b0>,150,22,[12  4],151,-1,175,-1,153
1,<environment.Job instance at 0x7f48c17845f0>,1,23,[14  4],2,-1,25,-1,2
1,<environment.Job instance at 0x7f48c1784370>,3,27,[11  4],4,-1,31,-1,4
1,<environment.Job instance at 0x7f48c17841e0>,4,18,[ 2 12],5,-1,23,-1,5
1,<environment.Job instance at 0x7f48c0515500>,5,28,[11  4],6,-1,34,-1,6
1,<environment.Job instance at 0x7f48c05156e0>,8,13,[ 2 12],9,-1,22,-1,9
1,<environment.Job instance at 0x7f48c0515050>,9,25,[11  3],10,-1,35,-1,10
1,<environment.Job instance at 0x7f48c1784280>,11,18,[11  2],12,-1,33,-1,15
1,<environment.Job instance at 0x7f48c0515a00>,15,19,[12  2],16,-1,35,-1,16
1,<environment.Job instance at 0x7f48c176f7d0>,16,26,[7 4],17,-1,43,-1,17
1,<environment.Job instance at 0x7f48c176f6e0>,17,28,[ 4 12],18,-1,46,-1,18
1,<environment.Job instance at 0x7f48c176f410>,18,25,[ 2 14],19,-1,44,-1,19
1,<environment.Job instance at 0x7f48c176fd20>,20,24,[ 3 12],21,-1,45,-1,21
1,<environment.Job instance at 0x7f48c176fe60>,21,25,[14  1],22,-1,47,-1,22
1,<environment.Job instance at 0x7f48c176f820>,22,24,[13  4],23,-1,47,-1,23
1,<environment.Job instance at 0x7f48c176fb40>,23,23,[4 5],24,-1,48,-1,25
1,<environment.Job instance at 0x7f48c0515c80>,24,25,[13  4],25,-1,50,-1,25
1,<environment.Job instance at 0x7f48c176f050>,26,22,[ 4 11],27,-1,49,-1,27
1,<environment.Job instance at 0x7f48c176fdc0>,27,20,[14  2],28,-1,48,-1,28
1,<environment.Job instance at 0x7f48c176f730>,28,27,[9 2],29,-1,56,-1,29
1,<environment.Job instance at 0x7f48c176f0f0>,29,28,[13  3],30,-1,58,-1,30
1,<environment.Job instance at 0x7f48c176f280>,30,25,[ 3 11],31,-1,56,-1,31
1,<environment.Job instance at 0x7f48c176f910>,31,26,[14  4],32,-1,58,-1,32
1,<environment.Job instance at 0x7f48c176ff50>,32,24,[ 3 12],33,-1,57,-1,33
1,<environment.Job instance at 0x7f48c177cd20>,33,13,[14  1],34,-1,47,-1,34
1,<environment.Job instance at 0x7f48c177ce60>,34,21,[12  3],35,-1,56,-1,35
1,<environment.Job instance at 0x7f48c177cbe0>,35,23,[ 4 10],36,-1,59,-1,36
1,<environment.Job instance at 0x7f48c177c690>,36,25,[ 5 13],37,-1,62,-1,37
1,<environment.Job instance at 0x7f48c177ce10>,37,20,[ 1 12],38,-1,58,-1,38
1,<environment.Job instance at 0x7f48c177c730>,38,19,[11  3],39,-1,58,-1,39
1,<environment.Job instance at 0x7f48c1b7c780>,39,23,[3 9],40,-1,63,-1,40
1,<environment.Job instance at 0x7f48c1b7c3c0>,40,23,[ 4 12],41,-1,64,-1,41
1,<environment.Job instance at 0x7f48c1b7ceb0>,41,20,[ 1 12],42,-1,62,-1,42
1,<environment.Job instance at 0x7f48c1b7cd20>,42,22,[ 5 11],43,-1,65,-1,43
1,<environment.Job instance at 0x7f48c1b7ce60>,43,19,[11  2],44,-1,63,-1,44
1,<environment.Job instance at 0x7f48c1b7cc80>,44,15,[ 2 14],45,-1,60,-1,45
1,<environment.Job instance at 0x7f48c19ff500>,45,22,[ 5 14],46,-1,68,-1,46
1,<environment.Job instance at 0x7f48c16d8140>,46,23,[ 3 12],47,-1,70,-1,47
1,<environment.Job instance at 0x7f48c16d8eb0>,47,26,[ 4 13],48,-1,74,-1,48
1,<environment.Job instance at 0x7f48c18eaaa0>,48,22,[ 4 12],49,-1,71,-1,49
1,<environment.Job instance at 0x7f48c1b64eb0>,49,24,[10  5],50,-1,74,-1,50
1,<environment.Job instance at 0x7f48c1b648c0>,50,20,[ 5 11],51,-1,71,-1,51
1,<environment.Job instance at 0x7f48c1b64820>,51,28,[8 5],52,-1,80,-1,52
1,<environment.Job instance at 0x7f48c1b64aa0>,52,28,[13  1],53,-1,81,-1,53
1,<environment.Job instance at 0x7f48c1b64370>,53,24,[ 1 14],54,-1,78,-1,54
1,<environment.Job instance at 0x7f48c1b647d0>,54,23,[6 5],55,-1,78,-1,55
1,<environment.Job instance at 0x7f48c1b64280>,55,25,[14  1],56,-1,81,-1,56
1,<environment.Job instance at 0x7f48c1b642d0>,56,28,[ 2 11],57,-1,85,-1,57
1,<environment.Job instance at 0x7f48c1b64780>,57,23,[ 3 13],58,-1,81,-1,58
1,<environment.Job instance at 0x7f48c1b64460>,58,24,[12  2],59,-1,83,-1,59
1,<environment.Job instance at 0x7f48c1b64190>,59,27,[12  3],60,-1,87,-1,60
1,<environment.Job instance at 0x7f48c1b64230>,60,25,[ 2 14],61,-1,86,-1,61
1,<environment.Job instance at 0x7f48c1b643c0>,61,23,[12  2],62,-1,85,-1,62
1,<environment.Job instance at 0x7f48c1b645a0>,62,20,[ 5 12],63,-1,83,-1,63
1,<environment.Job instance at 0x7f48c1bf3e10>,63,25,[ 3 11],64,-1,89,-1,64
1,<environment.Job instance at 0x7f48ca26d820>,64,25,[ 2 14],65,-1,90,-1,65
1,<environment.Job instance at 0x7f48c1b6a050>,65,28,[ 2 11],66,-1,94,-1,66
1,<environment.Job instance at 0x7f48c1b6a8c0>,66,17,[11  5],67,-1,84,-1,67
1,<environment.Job instance at 0x7f48c1b6a0a0>,67,14,[ 4 13],68,-1,82,-1,68
1,<environment.Job instance at 0x7f48c1b6a5f0>,68,21,[ 5 13],69,-1,90,-1,69
1,<environment.Job instance at 0x7f48ca300aa0>,69,14,[11  1],70,-1,84,-1,70
1,<environment.Job instance at 0x7f48c1761230>,71,20,[12  5],72,-1,92,-1,72
1,<environment.Job instance at 0x7f48c1761e60>,72,20,[13  5],73,-1,93,-1,73
1,<environment.Job instance at 0x7f48c1761fa0>,73,28,[2 5],74,-1,102,-1,74
1,<environment.Job instance at 0x7f48c1761190>,74,18,[ 5 14],75,-1,93,-1,75
1,<environment.Job instance at 0x7f48c17615f0>,75,25,[11  1],76,-1,101,-1,76
1,<environment.Job instance at 0x7f48c1761960>,76,28,[14  1],77,-1,105,-1,77
1,<environment.Job instance at 0x7f48c06d0b90>,77,19,[14  4],78,-1,97,-1,78
1,<environment.Job instance at 0x7f48c10f8b90>,78,23,[ 2 13],79,-1,102,-1,79
1,<environment.Job instance at 0x7f48c11a6230>,79,27,[13  5],80,-1,107,-1,80
1,<environment.Job instance at 0x7f48c0518d20>,81,27,[12  1],82,-1,109,-1,82
1,<environment.Job instance at 0x7f48c05e00a0>,82,25,[1 7],83,-1,108,-1,83
1,<environment.Job instance at 0x7f48c074c8c0>,83,20,[ 5 11],84,-1,104,-1,84
1,<environment.Job instance at 0x7f48c0738a50>,84,22,[ 5 14],85,-1,107,-1,85
1,<environment.Job instance at 0x7f48c15e42d0>,85,19,[ 5 12],86,-1,105,-1,86
1,<environment.Job instance at 0x7f48c10ac230>,86,23,[ 1 14],87,-1,110,-1,87
1,<environment.Job instance at 0x7f48c06a6c80>,87,19,[13  2],88,-1,107,-1,88
1,<environment.Job instance at 0x7f48c0ca1730>,89,26,[13  2],90,-1,116,-1,90
1,<environment.Job instance at 0x7f48c1451230>,91,26,[ 4 12],92,-1,118,-1,92
1,<environment.Job instance at 0x7f48c15be280>,92,19,[13  3],93,-1,112,-1,93
1,<environment.Job instance at 0x7f48c1448b90>,93,21,[12  4],94,-1,115,-1,94
1,<environment.Job instance at 0x7f48c10c0870>,94,24,[12  4],95,-1,119,-1,95
1,<environment.Job instance at 0x7f48c10c0050>,95,28,[11  3],96,-1,124,-1,96
1,<environment.Job instance at 0x7f48c10c0370>,96,20,[ 5 13],97,-1,117,-1,97
1,<environment.Job instance at 0x7f48c0515aa0>,13,28,[6 4],14,-1,125,-1,97
1,<environment.Job instance at 0x7f48c15bea50>,97,27,[9 4],98,-1,125,-1,98
1,<environment.Job instance at 0x7f48c176fb90>,25,22,[13  1],26,-1,120,-1,98
1,<environment.Job instance at 0x7f48c144db40>,99,25,[ 2 13],100,-1,125,-1,100
1,<environment.Job instance at 0x7f48c144d460>,100,28,[14  2],101,-1,129,-1,101
1,<environment.Job instance at 0x7f48c144d320>,101,24,[ 3 12],102,-1,126,-1,102
1,<environment.Job instance at 0x7f48c144d8c0>,102,27,[12  3],103,-1,130,-1,103
1,<environment.Job instance at 0x7f48c144d820>,103,20,[ 3 11],104,-1,124,-1,104
1,<environment.Job instance at 0x7f48c144d140>,105,24,[ 4 12],106,-1,130,-1,106
1,<environment.Job instance at 0x7f48c1446460>,108,20,[ 3 12],109,-1,129,-1,109
1,<environment.Job instance at 0x7f48c1446640>,109,23,[ 5 11],110,-1,133,-1,110
1,<environment.Job instance at 0x7f48c1446f00>,110,23,[13  2],111,-1,134,-1,111
1,<environment.Job instance at 0x7f48c14465a0>,111,16,[ 4 13],112,-1,128,-1,112
1,<environment.Job instance at 0x7f48c1446aa0>,112,21,[14  4],113,-1,134,-1,113
1,<environment.Job instance at 0x7f48c1446a00>,113,19,[ 4 12],114,-1,133,-1,114
1,<environment.Job instance at 0x7f48c1446820>,114,21,[12  5],115,-1,136,-1,115
1,<environment.Job instance at 0x7f48c1446e60>,115,26,[ 5 14],116,-1,142,-1,116
1,<environment.Job instance at 0x7f48c1446370>,116,20,[ 2 11],117,-1,137,-1,117
1,<environment.Job instance at 0x7f48c1446320>,117,14,[14  4],118,-1,132,-1,118
1,<environment.Job instance at 0x7f48c15ca870>,118,23,[ 4 12],119,-1,142,-1,119
1,<environment.Job instance at 0x7f48c1447e60>,119,22,[13  2],120,-1,142,-1,120
1,<environment.Job instance at 0x7f48c1447fa0>,120,22,[11  1],121,-1,143,-1,121
1,<environment.Job instance at 0x7f48c1447a00>,121,24,[12  2],122,-1,146,-1,122
1,<environment.Job instance at 0x7f48c1447460>,122,20,[14  4],123,-1,143,-1,123
1,<environment.Job instance at 0x7f48c1447960>,123,28,[ 2 14],124,-1,152,-1,124
1,<environment.Job instance at 0x7f48c14471e0>,124,28,[ 4 11],125,-1,153,-1,125
1,<environment.Job instance at 0x7f48c1447500>,125,28,[ 1 13],126,-1,154,-1,126
1,<environment.Job instance at 0x7f48c1447780>,126,28,[ 2 14],127,-1,155,-1,127
1,<environment.Job instance at 0x7f48c1447280>,127,18,[ 1 11],128,-1,146,-1,128
1,<environment.Job instance at 0x7f48c1447820>,128,18,[12  4],129,-1,147,-1,129
1,<environment.Job instance at 0x7f48c14463c0>,129,27,[9 4],130,-1,158,-1,131
1,<environment.Job instance at 0x7f48c1447be0>,131,27,[11  5],132,-1,159,-1,132
1,<environment.Job instance at 0x7f48c14642d0>,132,14,[14  2],133,-1,147,-1,133
1,<environment.Job instance at 0x7f48c1464b90>,135,28,[ 4 14],136,-1,175,-1,147
1,<environment.Job instance at 0x7f48c1464c30>,136,23,[11  4],137,-1,170,-1,147
1,<environment.Job instance at 0x7f48c1464e60>,137,22,[13  1],138,-1,169,-1,147
1,<environment.Job instance at 0x7f48c1464e10>,138,20,[ 5 12],139,-1,167,-1,147
1,<environment.Job instance at 0x7f48c14468c0>,2,25,[12  5],3,-1,28,-1,3
1,<environment.Job instance at 0x7f48c144d690>,4,26,[ 5 14],5,-1,31,-1,5
1,<environment.Job instance at 0x7f48c1cb0280>,5,24,[13  2],6,-1,30,-1,6
1,<environment.Job instance at 0x7f48c1cb0460>,6,28,[13  3],7,-1,35,-1,7
1,<environment.Job instance at 0x7f48c1cb0dc0>,7,24,[ 5 12],8,-1,32,-1,8
1,<environment.Job instance at 0x7f48c1cb0f50>,8,27,[ 4 14],9,-1,36,-1,9
1,<environment.Job instance at 0x7f48c1cb0fa0>,9,28,[6 4],10,-1,38,-1,10
1,<environment.Job instance at 0x7f48c1cb0f00>,10,15,[ 3 14],11,-1,26,-1,11
1,<environment.Job instance at 0x7f48c1cb0e60>,11,14,[ 2 14],12,-1,26,-1,12
1,<environment.Job instance at 0x7f48c1cb0320>,14,25,[13  3],15,-1,40,-1,15
1,<environment.Job instance at 0x7f48c1cb0960>,15,23,[11  3],16,-1,39,-1,16
1,<environment.Job instance at 0x7f48c1cb05f0>,16,27,[9 4],17,-1,44,-1,17
1,<environment.Job instance at 0x7f48c1cb0780>,17,26,[ 3 11],18,-1,44,-1,18
1,<environment.Job instance at 0x7f48c1cb00f0>,18,27,[ 5 14],19,-1,46,-1,19
1,<environment.Job instance at 0x7f48c1cb04b0>,19,26,[ 3 13],20,-1,46,-1,20
1,<environment.Job instance at 0x7f48c1cb47d0>,20,22,[ 5 12],21,-1,43,-1,21
1,<environment.Job instance at 0x7f48c1cb4a50>,21,28,[12  5],22,-1,50,-1,22
1,<environment.Job instance at 0x7f48c1cb4b40>,22,28,[14  4],23,-1,51,-1,23
1,<environment.Job instance at 0x7f48c1cb4320>,28,25,[ 3 14],29,-1,75,-1,50
1,<environment.Job instance at 0x7f48c1cb40f0>,31,26,[ 2 13],32,-1,97,-1,71
1,<environment.Job instance at 0x7f48c0a8b460>,32,28,[ 2 14],33,-1,99,-1,71
1,<environment.Job instance at 0x7f48c0a8bbe0>,35,14,[14  2],36,-1,112,-1,98
1,<environment.Job instance at 0x7f48c0a8b280>,38,19,[13  2],39,-1,131,-1,112
1,<environment.Job instance at 0x7f48c0a8b2d0>,39,23,[ 2 14],40,-1,135,-1,112
1,<environment.Job instance at 0x7f48c0a8b1e0>,40,21,[11  2],41,-1,133,-1,112
1,<environment.Job instance at 0x7f48c0a8be10>,42,27,[ 5 11],43,-1,152,-1,125
1,<environment.Job instance at 0x7f48c0a8b140>,43,19,[ 3 12],44,-1,144,-1,125
1,<environment.Job instance at 0x7f48c0a8bd70>,44,22,[12  5],45,-1,147,-1,125
1,<environment.Job instance at 0x7f48c0a8b960>,45,14,[ 5 11],46,-1,139,-1,125
1,<environment.Job instance at 0x7f48c0a8ba00>,46,25,[12  4],47,-1,150,-1,125
1,<environment.Job instance at 0x7f48c0a8b370>,47,23,[14  3],48,-1,148,-1,125
1,<environment.Job instance at 0x7f48c1486690>,48,25,[ 1 14],49,-1,150,-1,125
1,<environment.Job instance at 0x7f48c1486cd0>,49,20,[ 3 13],50,-1,145,-1,125
1,<environment.Job instance at 0x7f48c1486f00>,50,22,[11  5],51,-1,147,-1,125
1,<environment.Job instance at 0x7f48c1486320>,51,28,[6 2],52,-1,153,-1,125
1,<environment.Job instance at 0x7f48c14860a0>,52,20,[13  3],53,-1,145,-1,125
1,<environment.Job instance at 0x7f48c14867d0>,54,21,[14  2],55,-1,153,-1,132
1,<environment.Job instance at 0x7f48c1486960>,55,25,[ 4 11],56,-1,157,-1,132
1,<environment.Job instance at 0x7f48c14861e0>,56,27,[5 1],57,-1,159,-1,132
1,<environment.Job instance at 0x7f48c1486190>,57,19,[ 4 11],58,-1,151,-1,132
1,<environment.Job instance at 0x7f48c1486370>,58,26,[14  5],59,-1,158,-1,132
1,<environment.Job instance at 0x7f48c1486af0>,59,26,[12  3],60,-1,158,-1,132
1,<environment.Job instance at 0x7f48c1486c80>,60,17,[14  2],61,-1,149,-1,132
1,<environment.Job instance at 0x7f48c1486aa0>,61,28,[12  1],62,-1,160,-1,132
1,<environment.Job instance at 0x7f48c14863c0>,62,27,[11  2],63,-1,159,-1,132
1,<environment.Job instance at 0x7f48c1486460>,63,13,[11  1],64,-1,145,-1,132
1,<environment.Job instance at 0x7f48c1486d70>,64,16,[13  1],65,-1,148,-1,132
1,<environment.Job instance at 0x7f48c1486410>,65,13,[ 4 11],66,-1,145,-1,132
1,<environment.Job instance at 0x7f48c1486e10>,66,19,[ 2 13],67,-1,151,-1,132
1,<environment.Job instance at 0x7f48c14862d0>,67,28,[6 4],68,-1,160,-1,132
1,<environment.Job instance at 0x7f48c1486870>,69,27,[ 3 11],70,-1,161,-1,134
1,<environment.Job instance at 0x7f48c1486050>,70,25,[ 5 12],71,-1,159,-1,134
1,<environment.Job instance at 0x7f48c0a93be0>,72,20,[ 5 13],73,-1,169,-1,149
1,<environment.Job instance at 0x7f48c0a93d20>,74,24,[8 4],75,-1,191,-1,167
1,<environment.Job instance at 0x7f48c0a93f50>,75,27,[11  3],76,-1,194,-1,167
1,<environment.Job instance at 0x7f48c0a93dc0>,76,28,[ 1 12],77,-1,195,-1,167
1,<environment.Job instance at 0x7f48c0a93910>,77,14,[11  4],78,-1,181,-1,167
1,<environment.Job instance at 0x7f48c0a939b0>,78,24,[ 3 10],79,-1,191,-1,167
1,<environment.Job instance at 0x7f48c0a93140>,80,28,[ 3 11],81,-1,197,-1,169
1,<environment.Job instance at 0x7f48c0a936e0>,81,28,[ 5 12],82,-1,197,-1,169
1,<environment.Job instance at 0x7f48c0a93280>,82,27,[14  3],83,-1,196,-1,169
1,<environment.Job instance at 0x7f48c0a930f0>,83,16,[ 1 11],84,-1,185,-1,169
1,<environment.Job instance at 0x7f48c0a93b40>,85,22,[14  5],86,-1,208,-1,186
1,<environment.Job instance at 0x7f48c0a932d0>,86,28,[13  1],87,-1,214,-1,186
1,<environment.Job instance at 0x7f48c0a93690>,87,22,[ 5 11],88,-1,208,-1,186
1,<environment.Job instance at 0x7f48c0a93410>,88,22,[ 3 13],89,-1,208,-1,186
1,<environment.Job instance at 0x7f48c0a931e0>,89,25,[ 4 11],90,-1,211,-1,186
1,<environment.Job instance at 0x7f48c0a955f0>,90,27,[ 3 11],91,-1,213,-1,186
1,<environment.Job instance at 0x7f48c0a955f0>,2,25,[ 1 14],3,-1,28,-1,3
1,<environment.Job instance at 0x7f48c09c7c80>,3,22,[ 4 11],4,-1,26,-1,4
1,<environment.Job instance at 0x7f48c17d4820>,5,15,[14  3],6,-1,21,-1,6
1,<environment.Job instance at 0x7f48c09c7d20>,6,13,[12  4],7,-1,20,-1,7
1,<environment.Job instance at 0x7f48c09c7e60>,7,21,[ 3 14],8,-1,29,-1,8
1,<environment.Job instance at 0x7f48c09c7f00>,8,21,[ 2 13],9,-1,30,-1,9
1,<environment.Job instance at 0x7f48c09c7f50>,9,25,[14  3],10,-1,35,-1,10
1,<environment.Job instance at 0x7f48c09b6050>,10,24,[13  2],11,-1,35,-1,11
1,<environment.Job instance at 0x7f48c09b61e0>,12,27,[ 4 12],13,-1,40,-1,13
1,<environment.Job instance at 0x7f48c09c7cd0>,13,26,[11  3],14,-1,40,-1,14
1,<environment.Job instance at 0x7f48c09b6280>,15,22,[12  5],16,-1,38,-1,16
1,<environment.Job instance at 0x7f48c09b64b0>,16,25,[ 4 11],17,-1,42,-1,17
1,<environment.Job instance at 0x7f48c09b66e0>,20,24,[ 5 12],21,-1,56,-1,32
1,<environment.Job instance at 0x7f48c09b6780>,21,26,[11  5],22,-1,58,-1,32
1,<environment.Job instance at 0x7f48c09b6820>,22,20,[ 5 13],23,-1,52,-1,32
1,<environment.Job instance at 0x7f48c09b68c0>,23,22,[ 1 14],24,-1,54,-1,32
1,<environment.Job instance at 0x7f48c09b6960>,24,25,[ 2 12],25,-1,57,-1,32
1,<environment.Job instance at 0x7f48c09b6a00>,25,19,[12  4],26,-1,51,-1,32
1,<environment.Job instance at 0x7f48c09b6aa0>,26,15,[11  3],27,-1,47,-1,32
1,<environment.Job instance at 0x7f48c09b6b40>,27,28,[ 3 13],28,-1,60,-1,32
1,<environment.Job instance at 0x7f48c09b6be0>,28,20,[5 2],29,-1,52,-1,32
1,<environment.Job instance at 0x7f48c09b6c80>,29,20,[11  3],30,-1,52,-1,32
1,<environment.Job instance at 0x7f48c09b6d20>,30,27,[5 1],31,-1,59,-1,32
1,<environment.Job instance at 0x7f48c09b6dc0>,31,23,[13  3],32,-1,55,-1,32
1,<environment.Job instance at 0x7f48c09b6f00>,32,27,[ 2 13],33,-1,60,-1,33
1,<environment.Job instance at 0x7f48c09b6eb0>,33,14,[ 1 14],34,-1,48,-1,34
1,<environment.Job instance at 0x7f48c09c20a0>,34,23,[12  3],35,-1,58,-1,35
1,<environment.Job instance at 0x7f48c09c2140>,35,21,[ 5 11],36,-1,57,-1,36
1,<environment.Job instance at 0x7f48c09c21e0>,36,21,[ 2 12],37,-1,58,-1,37
1,<environment.Job instance at 0x7f48c09c2280>,37,23,[3 9],38,-1,61,-1,38
1,<environment.Job instance at 0x7f48c09c2320>,38,19,[11  5],39,-1,58,-1,39
1,<environment.Job instance at 0x7f48c09c23c0>,39,27,[ 3 11],40,-1,67,-1,40
1,<environment.Job instance at 0x7f48c09c2460>,40,28,[7 4],41,-1,69,-1,41
1,<environment.Job instance at 0x7f48c09c2500>,41,20,[13  4],42,-1,62,-1,42
1,<environment.Job instance at 0x7f48c09c25a0>,42,22,[ 5 12],43,-1,65,-1,43
1,<environment.Job instance at 0x7f48c09c2640>,43,28,[11  1],44,-1,72,-1,44
1,<environment.Job instance at 0x7f48c09c26e0>,44,22,[12  3],45,-1,67,-1,45
1,<environment.Job instance at 0x7f48c09c2780>,45,28,[4 8],46,-1,74,-1,46
1,<environment.Job instance at 0x7f48c09c2820>,46,19,[ 5 14],47,-1,66,-1,47
1,<environment.Job instance at 0x7f48c09c28c0>,47,22,[ 4 13],48,-1,70,-1,48
1,<environment.Job instance at 0x7f48c09c2960>,48,23,[7 2],49,-1,72,-1,49
1,<environment.Job instance at 0x7f48c09c2a00>,49,12,[ 5 12],50,-1,62,-1,50
1,<environment.Job instance at 0x7f48c09c2aa0>,50,17,[13  3],51,-1,68,-1,51
1,<environment.Job instance at 0x7f48c09c2be0>,52,23,[2 9],53,-1,76,-1,53
1,<environment.Job instance at 0x7f48c09c2dc0>,53,26,[ 1 11],54,-1,80,-1,54
1,<environment.Job instance at 0x7f48c09c2cd0>,54,12,[11  1],55,-1,67,-1,55
1,<environment.Job instance at 0x7f48c09c2e10>,55,25,[12  1],56,-1,81,-1,56
1,<environment.Job instance at 0x7f48c09c2eb0>,56,24,[13  4],57,-1,81,-1,57
1,<environment.Job instance at 0x7f48c09d7050>,58,22,[ 5 13],59,-1,81,-1,59
1,<environment.Job instance at 0x7f48c09d7230>,59,22,[ 1 12],60,-1,82,-1,60
1,<environment.Job instance at 0x7f48c09d7140>,60,25,[12  5],61,-1,86,-1,61
1,<environment.Job instance at 0x7f48c09d7280>,61,23,[12  5],62,-1,85,-1,62
1,<environment.Job instance at 0x7f48c09d7320>,62,19,[12  2],63,-1,82,-1,63
1,<environment.Job instance at 0x7f48c09d73c0>,63,19,[11  3],64,-1,83,-1,64
1,<environment.Job instance at 0x7f48c09d7460>,64,27,[ 3 14],65,-1,92,-1,65
1,<environment.Job instance at 0x7f48c09d7500>,65,23,[12  5],66,-1,89,-1,66
1,<environment.Job instance at 0x7f48c09d75a0>,66,21,[11  2],67,-1,88,-1,67
1,<environment.Job instance at 0x7f48c09d7640>,67,27,[ 5 12],68,-1,95,-1,68
1,<environment.Job instance at 0x7f48c09d76e0>,68,24,[13  1],69,-1,93,-1,69
1,<environment.Job instance at 0x7f48c09d7780>,69,19,[14  4],70,-1,89,-1,70
1,<environment.Job instance at 0x7f48c09d7820>,70,18,[ 2 11],71,-1,89,-1,71
1,<environment.Job instance at 0x7f48c09d78c0>,71,25,[ 5 13],72,-1,97,-1,72
1,<environment.Job instance at 0x7f48c09d7960>,72,13,[ 2 11],73,-1,86,-1,73
1,<environment.Job instance at 0x7f48c09d7a00>,73,22,[ 2 12],74,-1,96,-1,74
1,<environment.Job instance at 0x7f48c09d7aa0>,74,25,[ 4 14],75,-1,100,-1,75
1,<environment.Job instance at 0x7f48c09d7b40>,75,16,[ 3 11],76,-1,92,-1,76
1,<environment.Job instance at 0x7f48c09d7c80>,77,15,[11  1],78,-1,93,-1,78
1,<environment.Job instance at 0x7f48c09d7e10>,78,14,[ 4 14],79,-1,93,-1,79
1,<environment.Job instance at 0x7f48c0cb1550>,79,21,[13  5],80,-1,101,-1,80
1,<environment.Job instance at 0x7f48c0ec1550>,80,22,[11  3],81,-1,103,-1,81
1,<environment.Job instance at 0x7f48c0ed2af0>,81,16,[ 4 14],82,-1,98,-1,82
1,<environment.Job instance at 0x7f48c0ed2320>,82,27,[14  1],83,-1,110,-1,83
1,<environment.Job instance at 0x7f48c0ed2190>,83,22,[13  5],84,-1,106,-1,84
1,<environment.Job instance at 0x7f48c0ed2cd0>,84,28,[2 7],85,-1,113,-1,85
1,<environment.Job instance at 0x7f48c0ed2e10>,85,22,[11  5],86,-1,108,-1,86
1,<environment.Job instance at 0x7f48c0ed2dc0>,86,19,[11  5],87,-1,106,-1,87
1,<environment.Job instance at 0x7f48c0ed25a0>,87,27,[ 1 12],88,-1,115,-1,88
1,<environment.Job instance at 0x7f48c0ed22d0>,88,21,[13  4],89,-1,110,-1,89
1,<environment.Job instance at 0x7f48c0ed2aa0>,89,27,[13  3],90,-1,117,-1,90
1,<environment.Job instance at 0x7f48c0ed2be0>,90,13,[ 3 14],91,-1,104,-1,91
1,<environment.Job instance at 0x7f48c0ed2780>,91,20,[ 5 11],92,-1,112,-1,92
1,<environment.Job instance at 0x7f48c0ed2410>,92,12,[12  4],93,-1,105,-1,93
1,<environment.Job instance at 0x7f48c0ed24b0>,93,16,[14  1],94,-1,110,-1,94
1,<environment.Job instance at 0x7f48c0ed2550>,94,20,[13  5],95,-1,115,-1,95
1,<environment.Job instance at 0x7f48c0ed20a0>,96,21,[ 4 13],97,-1,118,-1,97
1,<environment.Job instance at 0x7f48c187bd20>,97,26,[ 1 13],98,-1,124,-1,98
1,<environment.Job instance at 0x7f48c0ea84b0>,98,26,[ 4 13],99,-1,125,-1,99
1,<environment.Job instance at 0x7f48c0ea88c0>,99,25,[ 5 14],100,-1,125,-1,100
1,<environment.Job instance at 0x7f48c0ea8fa0>,100,16,[14  4],101,-1,117,-1,101
1,<environment.Job instance at 0x7f48c0532aa0>,102,27,[11  3],103,-1,130,-1,103
1,<environment.Job instance at 0x7f48c0f6e460>,103,28,[8 3],104,-1,132,-1,104
1,<environment.Job instance at 0x7f48c0d11870>,105,28,[14  4],106,-1,134,-1,106
1,<environment.Job instance at 0x7f48c0559f50>,106,25,[8 4],107,-1,132,-1,107
1,<environment.Job instance at 0x7f48c0559b90>,107,25,[6 5],108,-1,133,-1,108
1,<environment.Job instance at 0x7f48c0559050>,108,19,[13  4],109,-1,128,-1,109
1,<environment.Job instance at 0x7f48c0559c80>,109,26,[14  4],110,-1,136,-1,110
1,<environment.Job instance at 0x7f48c0559d70>,110,25,[ 4 12],111,-1,136,-1,111
1,<environment.Job instance at 0x7f48c0559c30>,111,27,[9 3],112,-1,139,-1,112
1,<environment.Job instance at 0x7f48c0559a00>,112,27,[12  2],113,-1,140,-1,113
1,<environment.Job instance at 0x7f48c0559140>,113,27,[5 5],114,-1,141,-1,114
1,<environment.Job instance at 0x7f48c0559e10>,114,20,[ 2 11],115,-1,135,-1,115
1,<environment.Job instance at 0x7f48c052fb40>,116,27,[ 3 13],117,-1,144,-1,117
1,<environment.Job instance at 0x7f48c0ebf230>,117,28,[1 5],118,-1,146,-1,118
1,<environment.Job instance at 0x7f48c18846e0>,118,19,[ 1 11],119,-1,138,-1,119
1,<environment.Job instance at 0x7f48c18841e0>,119,20,[ 4 12],120,-1,140,-1,120
1,<environment.Job instance at 0x7f48c18847d0>,120,25,[ 3 12],121,-1,146,-1,121
1,<environment.Job instance at 0x7f48c185fb90>,121,19,[ 4 13],122,-1,141,-1,122
1,<environment.Job instance at 0x7f48c0eaf0f0>,122,25,[12  3],123,-1,148,-1,123
1,<environment.Job instance at 0x7f48c1868fa0>,124,19,[13  2],125,-1,144,-1,125
1,<environment.Job instance at 0x7f48c1868d70>,125,16,[ 5 11],126,-1,142,-1,126
1,<environment.Job instance at 0x7f48c1868280>,126,25,[14  3],127,-1,152,-1,127
1,<environment.Job instance at 0x7f48c0ed3280>,127,20,[12  1],128,-1,148,-1,128
1,<environment.Job instance at 0x7f48c0ec0af0>,128,22,[ 4 14],129,-1,151,-1,129
1,<environment.Job instance at 0x7f48c0ec0820>,129,20,[ 4 14],130,-1,150,-1,130
1,<environment.Job instance at 0x7f48c0ec08c0>,130,19,[ 3 11],131,-1,150,-1,131
1,<environment.Job instance at 0x7f48c0ec00f0>,131,19,[ 1 12],132,-1,151,-1,132
1,<environment.Job instance at 0x7f48c0ec07d0>,132,21,[13  1],133,-1,154,-1,133
1,<environment.Job instance at 0x7f48c1872370>,134,21,[ 3 13],135,-1,156,-1,135
1,<environment.Job instance at 0x7f48c18721e0>,135,25,[ 4 12],136,-1,161,-1,136
1,<environment.Job instance at 0x7f48c1872410>,136,19,[ 2 11],137,-1,156,-1,137
1,<environment.Job instance at 0x7f48c1872be0>,137,22,[ 2 12],138,-1,160,-1,138
1,<environment.Job instance at 0x7f48c1872280>,138,25,[12  5],139,-1,164,-1,139
1,<environment.Job instance at 0x7f48c1872e10>,139,17,[ 4 12],140,-1,157,-1,140
1,<environment.Job instance at 0x7f48c1884f50>,141,13,[11  5],142,-1,158,-1,145
1,<environment.Job instance at 0x7f48c1872f50>,142,26,[12  2],143,-1,171,-1,145
1,<environment.Job instance at 0x7f48c18722d0>,143,27,[13  4],144,-1,172,-1,145
1,<environment.Job instance at 0x7f48c1872e60>,144,24,[13  3],145,-1,169,-1,145
1,<environment.Job instance at 0x7f48c1872500>,146,18,[11  3],147,-1,166,-1,148
