iteration,job object,job ID,job Length,job ressource requirement,job enter time,job start time,job finish time,job waiting time,current time
1,<environment.Job instance at 0x7f6200eb7aa0>,1,22,[11  3],2,-1,24,-1,2
1,<environment.Job instance at 0x7f6200eb7910>,2,22,[4 8],3,-1,25,-1,3
1,<environment.Job instance at 0x7f61f7865d20>,9,18,[11  5],10,-1,28,-1,10
1,<environment.Job instance at 0x7f61f7865eb0>,11,15,[4 8],12,-1,27,-1,12
1,<environment.Job instance at 0x7f61f7865f50>,12,26,[ 1 10],13,-1,39,-1,13
1,<environment.Job instance at 0x7f61f78680a0>,13,18,[ 4 10],14,-1,32,-1,14
1,<environment.Job instance at 0x7f61f7868190>,15,18,[2 8],16,-1,34,-1,16
1,<environment.Job instance at 0x7f61f7868370>,16,16,[3 5],17,-1,33,-1,17
1,<environment.Job instance at 0x7f61f78685a0>,19,14,[3 5],20,-1,34,-1,20
1,<environment.Job instance at 0x7f61f78688c0>,23,27,[1 6],24,-1,51,-1,24
1,<environment.Job instance at 0x7f61f7868960>,24,18,[2 6],25,-1,43,-1,25
1,<environment.Job instance at 0x7f61f7868b90>,26,3,[3 7],27,-1,30,-1,27
1,<environment.Job instance at 0x7f61f7868d20>,27,15,[8 4],28,-1,43,-1,28
1,<environment.Job instance at 0x7f61f7868aa0>,28,23,[10  4],29,-1,52,-1,29
1,<environment.Job instance at 0x7f61f7868e10>,29,12,[5 4],30,-1,42,-1,30
1,<environment.Job instance at 0x7f61f7868eb0>,30,14,[5 2],31,-1,45,-1,31
1,<environment.Job instance at 0x7f61f7868f50>,31,14,[2 5],32,-1,46,-1,32
1,<environment.Job instance at 0x7f61f786b230>,34,24,[1 8],35,-1,59,-1,35
1,<environment.Job instance at 0x7f61f786b410>,35,15,[9 5],36,-1,51,-1,36
1,<environment.Job instance at 0x7f61f786b870>,40,15,[10  3],41,-1,59,-1,44
1,<environment.Job instance at 0x7f61f786b9b0>,43,18,[5 5],44,-1,63,-1,45
1,<environment.Job instance at 0x7f6200eb79b0>,1,22,[11  3],2,-1,24,-1,2
1,<environment.Job instance at 0x7f61f786d960>,9,18,[11  5],10,-1,32,-1,14
1,<environment.Job instance at 0x7f61f735f2d0>,3,17,[5 7],4,-1,21,-1,4
1,<environment.Job instance at 0x7f61f786b280>,6,17,[8 5],7,-1,25,-1,8
1,<environment.Job instance at 0x7f61f73f22d0>,9,17,[1 6],10,-1,27,-1,10
1,<environment.Job instance at 0x7f61f7472550>,12,22,[6 4],13,-1,35,-1,13
1,<environment.Job instance at 0x7f61f7472af0>,14,18,[2 9],15,-1,33,-1,15
1,<environment.Job instance at 0x7f61f739d2d0>,15,20,[2 6],16,-1,36,-1,16
1,<environment.Job instance at 0x7f61f7328410>,25,14,[ 4 11],26,-1,40,-1,26
1,<environment.Job instance at 0x7f61f73280f0>,26,19,[4 8],27,-1,46,-1,27
1,<environment.Job instance at 0x7f61f73c2f50>,7,18,[2 8],8,-1,52,-1,34
1,<environment.Job instance at 0x7f61f7389640>,28,12,[10  2],29,-1,49,-1,37
1,<environment.Job instance at 0x7f61f7389960>,35,17,[3 9],36,-1,54,-1,37
1,<environment.Job instance at 0x7f61f7389a00>,29,13,[9 4],30,-1,50,-1,37
1,<environment.Job instance at 0x7f61f7389dc0>,36,18,[9 2],37,-1,55,-1,37
1,<environment.Job instance at 0x7f61f73fd910>,39,14,[5 3],40,-1,54,-1,40
1,<environment.Job instance at 0x7f61f7389aa0>,33,20,[7 1],34,-1,62,-1,42
1,<environment.Job instance at 0x7f61f707ac80>,0,16,[12  2],1,-1,17,-1,1
1,<environment.Job instance at 0x7f61f7503b90>,4,13,[13  1],5,-1,18,-1,5
1,<environment.Job instance at 0x7f61f7299d70>,10,3,[12  3],11,-1,14,-1,11
1,<environment.Job instance at 0x7f61f70ba690>,17,27,[ 1 10],18,-1,54,-1,27
1,<environment.Job instance at 0x7f61f71ce910>,19,13,[ 3 12],20,-1,40,-1,27
1,<environment.Job instance at 0x7f61f702de60>,25,14,[ 4 11],26,-1,47,-1,33
1,<environment.Job instance at 0x7f61f72c0280>,0,18,[2 7],1,-1,19,-1,1
1,<environment.Job instance at 0x7f61f72c00a0>,1,18,[ 1 10],2,-1,21,-1,3
1,<environment.Job instance at 0x7f61f72c0050>,3,16,[1 6],4,-1,20,-1,4
1,<environment.Job instance at 0x7f61f72c0140>,2,16,[3 9],3,-1,20,-1,4
1,<environment.Job instance at 0x7f61f701eb40>,7,17,[9 3],8,-1,29,-1,12
1,<environment.Job instance at 0x7f61f701e370>,15,16,[7 5],16,-1,32,-1,16
1,<environment.Job instance at 0x7f61f706f5f0>,19,20,[2 6],20,-1,40,-1,20
1,<environment.Job instance at 0x7f61f7026500>,25,21,[4 5],26,-1,47,-1,26
1,<environment.Job instance at 0x7f61f7026910>,27,22,[4 5],28,-1,50,-1,28
1,<environment.Job instance at 0x7f61f7026aa0>,30,15,[8 3],31,-1,46,-1,31
1,<environment.Job instance at 0x7f61f7026410>,32,13,[ 5 10],33,-1,46,-1,33
1,<environment.Job instance at 0x7f61f700f140>,33,16,[ 3 10],34,-1,50,-1,34
1,<environment.Job instance at 0x7f61f700f960>,35,14,[ 2 10],36,-1,50,-1,36
1,<environment.Job instance at 0x7f61f700fa00>,37,20,[9 2],38,-1,58,-1,38
1,<environment.Job instance at 0x7f61f70cfd20>,5,14,[14  5],6,-1,20,-1,6
1,<environment.Job instance at 0x7f61f701e820>,6,15,[11  1],7,-1,22,-1,7
1,<environment.Job instance at 0x7f61f700fa50>,16,3,[ 1 12],17,-1,38,-1,35
1,<environment.Job instance at 0x7f61f7019050>,22,3,[ 4 12],23,-1,49,-1,46
1,<environment.Job instance at 0x7f61f7019aa0>,23,12,[ 4 11],24,-1,58,-1,46
1,<environment.Job instance at 0x7f61f70065f0>,1,15,[10  4],2,-1,18,-1,3
1,<environment.Job instance at 0x7f61f6e488c0>,4,14,[8 4],5,-1,19,-1,5
1,<environment.Job instance at 0x7f61f6e48c80>,8,14,[9 5],9,-1,23,-1,9
1,<environment.Job instance at 0x7f61f70cf460>,2,14,[1 8],3,-1,25,-1,11
1,<environment.Job instance at 0x7f61f6e4b500>,17,2,[10  2],18,-1,20,-1,18
1,<environment.Job instance at 0x7f61f6e4b5f0>,18,19,[6 4],19,-1,38,-1,19
1,<environment.Job instance at 0x7f61f6e4bbe0>,23,18,[6 5],24,-1,42,-1,24
1,<environment.Job instance at 0x7f61f6e4ba50>,24,19,[6 1],25,-1,44,-1,25
1,<environment.Job instance at 0x7f61f6e4b870>,25,16,[ 2 10],26,-1,43,-1,27
1,<environment.Job instance at 0x7f61f6e4bdc0>,27,21,[ 3 10],28,-1,49,-1,28
1,<environment.Job instance at 0x7f61f6e4fb90>,38,21,[9 4],39,-1,60,-1,39
1,<environment.Job instance at 0x7f61f6e4fa50>,40,18,[10  3],41,-1,59,-1,41
1,<environment.Job instance at 0x7f61f6e4fe10>,41,17,[10  2],42,-1,62,-1,45
1,<environment.Job instance at 0x7f61f6e51410>,46,14,[5 5],47,-1,61,-1,47
1,<environment.Job instance at 0x7f61f7015f00>,10,3,[13  3],11,-1,21,-1,18
1,<environment.Job instance at 0x7f61f72c0820>,15,13,[ 1 14],16,-1,34,-1,21
1,<environment.Job instance at 0x7f61f7026e10>,26,2,[11  5],27,-1,43,-1,41
1,<environment.Job instance at 0x7f61f706f230>,28,3,[14  4],29,-1,46,-1,43
1,<environment.Job instance at 0x7f61f7b9da50>,0,13,[10  5],1,-1,15,-1,2
1,<environment.Job instance at 0x7f61f7b9d960>,2,14,[2 7],3,-1,17,-1,3
1,<environment.Job instance at 0x7f61f7b9db40>,3,14,[7 5],4,-1,18,-1,4
1,<environment.Job instance at 0x7f61f7b9d0a0>,5,14,[10  2],6,-1,20,-1,6
1,<environment.Job instance at 0x7f61f7bb49b0>,14,16,[7 2],15,-1,31,-1,15
1,<environment.Job instance at 0x7f61f7bb4410>,16,12,[ 3 10],17,-1,29,-1,17
1,<environment.Job instance at 0x7f61f7bb45f0>,20,18,[4 5],21,-1,39,-1,21
1,<environment.Job instance at 0x7f61f7bb4280>,21,18,[2 8],22,-1,40,-1,22
1,<environment.Job instance at 0x7f61f7b82d20>,24,16,[9 4],25,-1,41,-1,25
1,<environment.Job instance at 0x7f61f7b82dc0>,26,14,[10  1],27,-1,42,-1,28
1,<environment.Job instance at 0x7f61f7b82aa0>,27,16,[9 2],28,-1,44,-1,28
1,<environment.Job instance at 0x7f61f7b82f00>,32,20,[1 7],33,-1,53,-1,33
1,<environment.Job instance at 0x7f61f78d0f50>,36,19,[2 7],37,-1,56,-1,37
1,<environment.Job instance at 0x7f61f78d0eb0>,38,18,[6 3],39,-1,57,-1,39
1,<environment.Job instance at 0x7f61f7297410>,8,2,[13  1],9,-1,16,-1,14
1,<environment.Job instance at 0x7f61f706f780>,11,3,[13  5],12,-1,21,-1,18
1,<environment.Job instance at 0x7f61f706f6e0>,12,2,[ 1 12],13,-1,20,-1,18
1,<environment.Job instance at 0x7f61f70151e0>,22,1,[ 4 13],23,-1,37,-1,36
1,<environment.Job instance at 0x7f61f7015140>,23,14,[11  3],24,-1,50,-1,36
1,<environment.Job instance at 0x7f61f6b14780>,1,27,[4 7],2,-1,29,-1,2
1,<environment.Job instance at 0x7f61f6b14a00>,2,26,[8 4],3,-1,29,-1,3
1,<environment.Job instance at 0x7f61f6b14eb0>,3,12,[9 1],4,-1,17,-1,5
1,<environment.Job instance at 0x7f61f6b355a0>,7,17,[5 2],8,-1,25,-1,8
1,<environment.Job instance at 0x7f61f6b35280>,8,18,[4 5],9,-1,27,-1,9
1,<environment.Job instance at 0x7f61f6b35960>,10,25,[ 3 10],11,-1,36,-1,11
1,<environment.Job instance at 0x7f61f6c94b40>,17,13,[9 2],18,-1,31,-1,18
1,<environment.Job instance at 0x7f61f6c945a0>,18,15,[3 6],19,-1,34,-1,19
1,<environment.Job instance at 0x7f61f6c940f0>,20,17,[2 6],21,-1,38,-1,21
1,<environment.Job instance at 0x7f61f6c94d20>,21,15,[8 4],22,-1,37,-1,22
1,<environment.Job instance at 0x7f61f6c94730>,23,23,[10  1],24,-1,50,-1,27
1,<environment.Job instance at 0x7f61f6b46e60>,26,28,[6 5],27,-1,55,-1,27
1,<environment.Job instance at 0x7f61f6b39b90>,27,18,[5 9],28,-1,46,-1,28
1,<environment.Job instance at 0x7f61f6c56230>,34,15,[10  4],35,-1,51,-1,36
1,<environment.Job instance at 0x7f61f6c56050>,35,18,[11  3],36,-1,55,-1,37
1,<environment.Job instance at 0x7f61f6b133c0>,42,18,[8 2],43,-1,64,-1,46
1,<environment.Job instance at 0x7f61f72400f0>,47,14,[ 1 10],48,-1,62,-1,48
1,<environment.Job instance at 0x7f61f6f28960>,1,27,[4 7],2,-1,29,-1,2
1,<environment.Job instance at 0x7f61f7297780>,2,26,[8 4],3,-1,29,-1,3
1,<environment.Job instance at 0x7f61f6b395a0>,5,16,[14  1],6,-1,22,-1,6
1,<environment.Job instance at 0x7f61f6c94280>,10,25,[ 3 10],11,-1,41,-1,16
1,<environment.Job instance at 0x7f61f7f329b0>,2,25,[6 3],3,-1,28,-1,3
1,<environment.Job instance at 0x7f62009f0960>,4,17,[9 4],5,-1,23,-1,6
1,<environment.Job instance at 0x7f62009f0af0>,5,13,[6 4],6,-1,19,-1,6
1,<environment.Job instance at 0x7f61f7820dc0>,8,17,[3 6],9,-1,26,-1,9
1,<environment.Job instance at 0x7f61f7820c80>,9,15,[ 5 10],10,-1,25,-1,10
1,<environment.Job instance at 0x7f61f784acd0>,13,20,[2 6],14,-1,34,-1,14
1,<environment.Job instance at 0x7f61f7accdc0>,14,15,[5 1],15,-1,30,-1,15
1,<environment.Job instance at 0x7f61f72dc410>,25,12,[2 6],26,-1,38,-1,26
1,<environment.Job instance at 0x7f61f7825e60>,26,15,[2 7],27,-1,42,-1,27
1,<environment.Job instance at 0x7f61f7825460>,28,15,[7 5],29,-1,44,-1,29
1,<environment.Job instance at 0x7f61f7825870>,29,15,[ 3 10],30,-1,45,-1,30
1,<environment.Job instance at 0x7f61f782dc30>,30,24,[2 8],31,-1,55,-1,31
1,<environment.Job instance at 0x7f61f7564690>,36,16,[ 5 10],37,-1,53,-1,37
1,<environment.Job instance at 0x7f61f7a68c80>,2,25,[6 3],3,-1,30,-1,5
1,<environment.Job instance at 0x7f61f7d19d20>,19,18,[13  1],20,-1,48,-1,30
1,<environment.Job instance at 0x7f61f7a01d20>,22,3,[ 3 11],23,-1,34,-1,31
1,<environment.Job instance at 0x7f61f72610f0>,4,18,[3 6],5,-1,23,-1,5
1,<environment.Job instance at 0x7f61f6deff50>,6,16,[9 2],7,-1,23,-1,7
1,<environment.Job instance at 0x7f61f7154d70>,7,16,[9 4],8,-1,24,-1,8
1,<environment.Job instance at 0x7f61f7d3ab40>,10,27,[ 5 10],11,-1,38,-1,11
1,<environment.Job instance at 0x7f61f7d3aa00>,11,17,[7 5],12,-1,29,-1,12
1,<environment.Job instance at 0x7f61f7d3a870>,14,15,[4 6],15,-1,30,-1,15
1,<environment.Job instance at 0x7f61f83e2e60>,16,25,[ 5 10],17,-1,42,-1,17
1,<environment.Job instance at 0x7f61f82d2fa0>,18,18,[1 5],19,-1,37,-1,19
1,<environment.Job instance at 0x7f61f82d2280>,20,2,[1 7],21,-1,23,-1,21
1,<environment.Job instance at 0x7f61f8206190>,25,13,[5 5],26,-1,39,-1,26
1,<environment.Job instance at 0x7f61f792c410>,35,16,[10  4],36,-1,52,-1,36
1,<environment.Job instance at 0x7f61f7d843c0>,38,14,[7 5],39,-1,53,-1,39
1,<environment.Job instance at 0x7f61f7d1ba00>,40,18,[9 5],41,-1,59,-1,41
1,<environment.Job instance at 0x7f61f7dbaaf0>,44,17,[7 2],45,-1,62,-1,45
1,<environment.Job instance at 0x7f61f7b195a0>,10,27,[ 5 10],11,-1,50,-1,23
1,<environment.Job instance at 0x7f61f6af4050>,16,25,[ 5 10],17,-1,69,-1,44
1,<environment.Job instance at 0x7f61f702eaf0>,1,17,[2 6],2,-1,20,-1,3
1,<environment.Job instance at 0x7f61f702e960>,2,19,[8 2],3,-1,22,-1,3
1,<environment.Job instance at 0x7f61f702e8c0>,9,17,[9 1],10,-1,41,-1,24
1,<environment.Job instance at 0x7f61f6c25eb0>,23,13,[4 9],24,-1,39,-1,26
1,<environment.Job instance at 0x7f61f6c39af0>,30,16,[10  2],31,-1,47,-1,31
1,<environment.Job instance at 0x7f61f6c39c30>,34,21,[7 2],35,-1,62,-1,41
1,<environment.Job instance at 0x7f61f766d1e0>,3,2,[ 2 14],4,-1,6,-1,4
1,<environment.Job instance at 0x7f61f6c46730>,4,17,[ 5 14],5,-1,22,-1,5
1,<environment.Job instance at 0x7f61f6c460a0>,6,2,[11  3],7,-1,9,-1,7
1,<environment.Job instance at 0x7f61f6c460f0>,7,2,[12  2],8,-1,10,-1,8
1,<environment.Job instance at 0x7f61f6c1e140>,12,2,[12  5],13,-1,15,-1,13
1,<environment.Job instance at 0x7f61f6c25190>,14,1,[14  4],15,-1,16,-1,15
1,<environment.Job instance at 0x7f61f84bbf00>,11,3,[9 2],12,-1,15,-1,12
1,<environment.Job instance at 0x7f61f84bb460>,12,18,[6 3],13,-1,31,-1,13
1,<environment.Job instance at 0x7f61f84bb820>,13,2,[9 1],14,-1,16,-1,14
1,<environment.Job instance at 0x7f61f84bbe10>,15,16,[6 3],16,-1,32,-1,16
1,<environment.Job instance at 0x7f61f84bb7d0>,16,25,[3 8],17,-1,42,-1,17
1,<environment.Job instance at 0x7f61f84bbaa0>,19,27,[9 3],20,-1,47,-1,20
1,<environment.Job instance at 0x7f61f84bb9b0>,20,15,[7 5],21,-1,36,-1,21
1,<environment.Job instance at 0x7f61f8013b40>,22,24,[ 3 10],23,-1,47,-1,23
1,<environment.Job instance at 0x7f61f8013b90>,24,17,[8 5],25,-1,42,-1,25
1,<environment.Job instance at 0x7f61f8013cd0>,28,27,[1 7],29,-1,56,-1,29
1,<environment.Job instance at 0x7f61f70c7230>,34,16,[10  3],35,-1,51,-1,35
1,<environment.Job instance at 0x7f61f8013320>,29,13,[1 9],30,-1,52,-1,39
1,<environment.Job instance at 0x7f61f70c7d20>,38,14,[10  3],39,-1,54,-1,40
1,<environment.Job instance at 0x7f61f8013640>,30,19,[6 3],31,-1,60,-1,41
1,<environment.Job instance at 0x7f61f70c7050>,40,19,[1 5],41,-1,60,-1,41
1,<environment.Job instance at 0x7f61f70c70a0>,41,18,[2 9],42,-1,60,-1,42
1,<environment.Job instance at 0x7f61f70c7870>,42,18,[10  4],43,-1,61,-1,43
1,<environment.Job instance at 0x7f61f70c7cd0>,5,14,[ 5 12],6,-1,20,-1,6
1,<environment.Job instance at 0x7f61f7849d70>,7,19,[14  4],8,-1,27,-1,8
1,<environment.Job instance at 0x7f61f7d40550>,9,14,[ 5 11],10,-1,24,-1,10
1,<environment.Job instance at 0x7f61f6c78af0>,16,25,[3 8],17,-1,53,-1,28
1,<environment.Job instance at 0x7f61f6c789b0>,18,3,[ 5 14],19,-1,31,-1,28
1,<environment.Job instance at 0x7f61f6c78be0>,19,27,[9 3],20,-1,55,-1,28
1,<environment.Job instance at 0x7f61f6c78870>,22,24,[ 3 10],23,-1,57,-1,33
1,<environment.Job instance at 0x7f61f6c785f0>,27,12,[ 2 12],28,-1,48,-1,36
1,<environment.Job instance at 0x7f61f82694b0>,28,27,[1 7],29,-1,65,-1,38
1,<environment.Job instance at 0x7f61f8243e10>,3,18,[5 9],4,-1,22,-1,4
1,<environment.Job instance at 0x7f61f8243730>,5,21,[2 5],6,-1,27,-1,6
1,<environment.Job instance at 0x7f61f7fa1be0>,8,14,[5 9],9,-1,23,-1,9
1,<environment.Job instance at 0x7f61f7fa1cd0>,9,19,[9 1],10,-1,29,-1,10
1,<environment.Job instance at 0x7f61f7fa1a00>,11,16,[6 5],12,-1,28,-1,12
1,<environment.Job instance at 0x7f61f7fa1e60>,16,14,[3 9],17,-1,34,-1,20
1,<environment.Job instance at 0x7f61f7fce280>,21,18,[8 4],22,-1,40,-1,22
1,<environment.Job instance at 0x7f61f7fce820>,24,17,[3 9],25,-1,42,-1,25
1,<environment.Job instance at 0x7f61f7fce960>,25,13,[10  4],26,-1,39,-1,26
1,<environment.Job instance at 0x7f61f7fce8c0>,26,16,[5 5],27,-1,43,-1,27
1,<environment.Job instance at 0x7f61f7fcea50>,27,22,[1 7],28,-1,50,-1,28
1,<environment.Job instance at 0x7f61f7fceb90>,29,15,[7 1],30,-1,45,-1,30
1,<environment.Job instance at 0x7f61f7fced70>,30,14,[6 4],31,-1,45,-1,31
1,<environment.Job instance at 0x7f61f7fcec30>,31,18,[3 6],32,-1,50,-1,32
1,<environment.Job instance at 0x7f61f7fd40a0>,34,14,[7 1],35,-1,49,-1,35
1,<environment.Job instance at 0x7f61f7fd4190>,35,25,[6 3],36,-1,61,-1,36
1,<environment.Job instance at 0x7f61f7fd44b0>,38,16,[8 5],39,-1,55,-1,39
1,<environment.Job instance at 0x7f61f7fd45f0>,39,18,[7 5],40,-1,58,-1,40
1,<environment.Job instance at 0x7f61f7fd4690>,41,14,[5 8],42,-1,56,-1,42
1,<environment.Job instance at 0x7f61f7fd4870>,42,16,[9 2],43,-1,59,-1,43
1,<environment.Job instance at 0x7f61f7fd4500>,43,15,[6 3],44,-1,59,-1,44
1,<environment.Job instance at 0x7f61f7fce460>,19,13,[5 9],20,-1,57,-1,44
1,<environment.Job instance at 0x7f61f7fd49b0>,45,18,[7 5],46,-1,64,-1,46
1,<environment.Job instance at 0x7f61f7fd4b40>,48,17,[10  3],49,-1,66,-1,49
1,<environment.Job instance at 0x7f61f8269690>,13,27,[1 8],14,-1,49,-1,22
1,<environment.Job instance at 0x7f61f7b7dfa0>,1,22,[ 1 10],2,-1,25,-1,3
1,<environment.Job instance at 0x7f61f781a5f0>,2,18,[5 1],3,-1,21,-1,3
1,<environment.Job instance at 0x7f6200c44780>,9,15,[ 1 10],10,-1,25,-1,10
1,<environment.Job instance at 0x7f61f7106820>,12,15,[1 6],13,-1,28,-1,13
1,<environment.Job instance at 0x7f61f7d13410>,15,17,[7 1],16,-1,33,-1,16
1,<environment.Job instance at 0x7f61f7d133c0>,16,13,[11  1],17,-1,30,-1,17
1,<environment.Job instance at 0x7f61f7d13aa0>,17,18,[1 7],18,-1,36,-1,18
1,<environment.Job instance at 0x7f61f7d13050>,19,14,[10  1],20,-1,35,-1,21
1,<environment.Job instance at 0x7f61f7ca5e10>,21,14,[10  4],22,-1,36,-1,22
1,<environment.Job instance at 0x7f61f7ca55a0>,22,18,[5 5],23,-1,41,-1,23
1,<environment.Job instance at 0x7f61f7ca5f00>,24,12,[8 4],25,-1,37,-1,25
1,<environment.Job instance at 0x7f61f7d13730>,25,15,[7 4],26,-1,41,-1,26
1,<environment.Job instance at 0x7f61f6d678c0>,28,21,[5 8],29,-1,50,-1,29
1,<environment.Job instance at 0x7f61f6d67b90>,29,17,[7 2],30,-1,47,-1,30
1,<environment.Job instance at 0x7f61f6d67640>,31,28,[2 8],32,-1,60,-1,32
1,<environment.Job instance at 0x7f61f6d67820>,32,18,[5 1],33,-1,51,-1,33
1,<environment.Job instance at 0x7f61f6c6ac80>,33,27,[9 3],34,-1,61,-1,34
1,<environment.Job instance at 0x7f61f6c6ab40>,35,2,[4 7],36,-1,38,-1,36
1,<environment.Job instance at 0x7f61f6c6a410>,36,28,[1 7],37,-1,65,-1,37
1,<environment.Job instance at 0x7f61f6c6a640>,37,12,[ 4 10],38,-1,50,-1,38
1,<environment.Job instance at 0x7f61f7d13af0>,20,15,[1 6],21,-1,54,-1,39
1,<environment.Job instance at 0x7f61f788eeb0>,46,28,[9 2],47,-1,75,-1,47
1,<environment.Job instance at 0x7f61f6c788c0>,16,13,[11  1],17,-1,40,-1,27
1,<environment.Job instance at 0x7f61f6c78460>,18,12,[ 5 12],19,-1,42,-1,30
1,<environment.Job instance at 0x7f61f7c85370>,14,15,[9 1],15,-1,31,-1,16
1,<environment.Job instance at 0x7f61f7c855a0>,16,23,[7 4],17,-1,40,-1,17
1,<environment.Job instance at 0x7f6200eb7960>,18,17,[5 5],19,-1,36,-1,19
1,<environment.Job instance at 0x7f61f76517d0>,19,14,[3 7],20,-1,34,-1,20
1,<environment.Job instance at 0x7f61f6b307d0>,20,15,[9 4],21,-1,36,-1,21
1,<environment.Job instance at 0x7f61f6f16870>,23,20,[5 4],24,-1,44,-1,24
1,<environment.Job instance at 0x7f61f792cd70>,34,15,[10  3],35,-1,50,-1,35
1,<environment.Job instance at 0x7f61f6e124b0>,35,20,[4 7],36,-1,56,-1,36
1,<environment.Job instance at 0x7f61f6e12c80>,36,21,[6 5],37,-1,58,-1,37
1,<environment.Job instance at 0x7f61f6d827d0>,39,17,[5 9],40,-1,57,-1,40
1,<environment.Job instance at 0x7f61f6d82230>,40,15,[4 5],41,-1,56,-1,41
1,<environment.Job instance at 0x7f61f6d825f0>,41,27,[5 1],42,-1,69,-1,42
1,<environment.Job instance at 0x7f61f6d829b0>,42,21,[1 6],43,-1,64,-1,43
1,<environment.Job instance at 0x7f61f6fc0c30>,43,17,[8 5],44,-1,61,-1,44
1,<environment.Job instance at 0x7f61f6fc0550>,45,16,[4 5],46,-1,62,-1,46
1,<environment.Job instance at 0x7f61f6fc0190>,46,25,[8 3],47,-1,72,-1,47
1,<environment.Job instance at 0x7f61f6fc01e0>,48,16,[ 5 10],49,-1,65,-1,49
1,<environment.Job instance at 0x7f61f788e910>,7,3,[ 1 12],8,-1,11,-1,8
1,<environment.Job instance at 0x7f61f7106eb0>,8,15,[ 3 11],9,-1,24,-1,9
1,<environment.Job instance at 0x7f61f6c52b40>,15,15,[ 2 11],16,-1,31,-1,16
1,<environment.Job instance at 0x7f61f823d4b0>,16,23,[7 4],17,-1,42,-1,19
1,<environment.Job instance at 0x7f61f793b960>,0,16,[9 2],1,-1,18,-1,2
1,<environment.Job instance at 0x7f61f788ba00>,1,19,[10  1],2,-1,21,-1,2
1,<environment.Job instance at 0x7f61f6e65f50>,6,25,[ 5 10],7,-1,32,-1,7
1,<environment.Job instance at 0x7f61f6e7e5f0>,12,18,[5 9],13,-1,31,-1,13
1,<environment.Job instance at 0x7f61f6e7e190>,13,16,[6 5],14,-1,30,-1,14
1,<environment.Job instance at 0x7f61f6e956e0>,18,18,[1 9],19,-1,37,-1,19
1,<environment.Job instance at 0x7f61f83a3050>,20,15,[3 9],21,-1,36,-1,21
1,<environment.Job instance at 0x7f61f8404a00>,24,17,[9 5],25,-1,42,-1,25
1,<environment.Job instance at 0x7f61f8404690>,25,16,[5 3],26,-1,42,-1,26
1,<environment.Job instance at 0x7f61f6e6f780>,28,14,[9 4],29,-1,43,-1,29
1,<environment.Job instance at 0x7f61f6ea0e60>,29,13,[3 6],30,-1,43,-1,30
1,<environment.Job instance at 0x7f61f6ea0dc0>,30,26,[6 3],31,-1,57,-1,31
1,<environment.Job instance at 0x7f61f6ea09b0>,31,14,[4 6],32,-1,46,-1,32
1,<environment.Job instance at 0x7f61f6ea0a50>,32,17,[ 2 11],33,-1,50,-1,33
1,<environment.Job instance at 0x7f61f7c12a00>,35,23,[7 1],36,-1,59,-1,36
1,<environment.Job instance at 0x7f61f83a0af0>,37,17,[4 9],38,-1,55,-1,38
1,<environment.Job instance at 0x7f61f83cf460>,41,17,[10  4],42,-1,59,-1,42
1,<environment.Job instance at 0x7f61f83ac910>,42,14,[3 9],43,-1,57,-1,43
1,<environment.Job instance at 0x7f61f83ac9b0>,45,18,[10  3],46,-1,64,-1,46
1,<environment.Job instance at 0x7f61f83acf50>,47,18,[3 6],48,-1,66,-1,48
1,<environment.Job instance at 0x7f6201033050>,6,25,[ 5 10],7,-1,33,-1,8
1,<environment.Job instance at 0x7f61f72dfe60>,26,2,[13  5],27,-1,46,-1,44
1,<environment.Job instance at 0x7f61f7b9acd0>,4,18,[4 7],5,-1,23,-1,5
1,<environment.Job instance at 0x7f61f7bb6dc0>,6,17,[5 5],7,-1,24,-1,7
1,<environment.Job instance at 0x7f61f8408e10>,12,17,[1 6],13,-1,30,-1,13
1,<environment.Job instance at 0x7f61f7b9f410>,13,16,[4 9],14,-1,30,-1,14
1,<environment.Job instance at 0x7f61f83fd0a0>,15,13,[ 1 12],16,-1,29,-1,16
1,<environment.Job instance at 0x7f61f7b9c190>,19,18,[9 5],20,-1,39,-1,21
1,<environment.Job instance at 0x7f61f7b9c1e0>,24,17,[6 5],25,-1,42,-1,25
1,<environment.Job instance at 0x7f61f7b9c5a0>,25,23,[5 3],26,-1,49,-1,26
1,<environment.Job instance at 0x7f61f7b9c8c0>,20,28,[5 6],21,-1,54,-1,26
1,<environment.Job instance at 0x7f61f799dc30>,36,15,[9 5],37,-1,53,-1,38
1,<environment.Job instance at 0x7f61f7b9ce60>,23,28,[ 1 11],24,-1,66,-1,38
1,<environment.Job instance at 0x7f61f7b9cc30>,27,16,[ 5 10],28,-1,54,-1,38
1,<environment.Job instance at 0x7f61f779de10>,42,17,[4 5],43,-1,64,-1,47
1,<environment.Job instance at 0x7f61f779d960>,41,16,[ 2 10],42,-1,63,-1,47
1,<environment.Job instance at 0x7f61f8158870>,43,18,[ 1 10],44,-1,65,-1,47
1,<environment.Job instance at 0x7f61f6e15460>,47,18,[10  5],48,-1,66,-1,48
1,<environment.Job instance at 0x7f61f7365370>,11,14,[ 3 14],12,-1,32,-1,18
1,<environment.Job instance at 0x7f61f6de7b90>,15,13,[ 1 12],16,-1,35,-1,22
1,<environment.Job instance at 0x7f61f7b17fa0>,16,17,[11  2],17,-1,39,-1,22
1,<environment.Job instance at 0x7f61f6e1f280>,20,28,[5 6],21,-1,66,-1,38
1,<environment.Job instance at 0x7f61f8408dc0>,23,28,[ 1 11],24,-1,68,-1,40
1,<environment.Job instance at 0x7f61f7bb6cd0>,25,23,[5 3],26,-1,66,-1,43
1,<environment.Job instance at 0x7f61f7bb6af0>,26,14,[13  5],27,-1,57,-1,43
1,<environment.Job instance at 0x7f61f7ff46e0>,0,15,[ 4 10],1,-1,16,-1,1
1,<environment.Job instance at 0x7f61f7ff4c80>,8,14,[1 7],9,-1,23,-1,9
1,<environment.Job instance at 0x7f61f7ff4780>,9,17,[9 4],10,-1,27,-1,10
1,<environment.Job instance at 0x7f61f7ff4be0>,11,18,[4 8],12,-1,30,-1,12
1,<environment.Job instance at 0x7f61f7879550>,13,15,[10  4],14,-1,31,-1,16
1,<environment.Job instance at 0x7f61f78791e0>,16,15,[ 5 10],17,-1,32,-1,17
1,<environment.Job instance at 0x7f61f7879820>,18,14,[8 3],19,-1,33,-1,19
1,<environment.Job instance at 0x7f61f7879be0>,19,14,[9 5],20,-1,34,-1,20
1,<environment.Job instance at 0x7f61f807f640>,22,18,[9 4],23,-1,42,-1,24
1,<environment.Job instance at 0x7f61f807fb40>,25,1,[10  1],26,-1,27,-1,26
1,<environment.Job instance at 0x7f61f807fcd0>,26,12,[6 3],27,-1,39,-1,27
1,<environment.Job instance at 0x7f61f807feb0>,27,15,[ 5 10],28,-1,43,-1,28
1,<environment.Job instance at 0x7f61f807f500>,28,17,[5 7],29,-1,46,-1,29
1,<environment.Job instance at 0x7f61f807fc80>,23,18,[ 4 10],24,-1,47,-1,29
1,<environment.Job instance at 0x7f61f807fd20>,31,16,[ 4 10],32,-1,49,-1,33
1,<environment.Job instance at 0x7f61f7f399b0>,35,16,[4 6],36,-1,52,-1,36
1,<environment.Job instance at 0x7f61f7f39e10>,36,18,[9 4],37,-1,55,-1,37
1,<environment.Job instance at 0x7f61f7f39c30>,39,16,[2 8],40,-1,56,-1,40
1,<environment.Job instance at 0x7f61f7fe1960>,43,18,[ 5 10],44,-1,62,-1,44
1,<environment.Job instance at 0x7f61f8061230>,44,20,[9 5],45,-1,65,-1,45
1,<environment.Job instance at 0x7f61f78259b0>,45,17,[7 4],46,-1,63,-1,46
1,<environment.Job instance at 0x7f61f7825f00>,46,18,[4 6],47,-1,65,-1,47
1,<environment.Job instance at 0x7f61f7a7faf0>,7,2,[ 4 14],8,-1,10,-1,8
1,<environment.Job instance at 0x7f6200c0e0f0>,14,2,[ 1 12],15,-1,23,-1,21
1,<environment.Job instance at 0x7f61f7522050>,3,17,[10  5],4,-1,21,-1,4
1,<environment.Job instance at 0x7f61f75227d0>,4,17,[3 6],5,-1,22,-1,5
1,<environment.Job instance at 0x7f61f6b0bd20>,11,16,[2 7],12,-1,28,-1,12
1,<environment.Job instance at 0x7f61f82690a0>,12,15,[3 8],13,-1,28,-1,13
1,<environment.Job instance at 0x7f61f700d2d0>,15,15,[9 1],16,-1,33,-1,18
1,<environment.Job instance at 0x7f61f7f4b1e0>,17,25,[9 4],18,-1,43,-1,18
1,<environment.Job instance at 0x7f61f7f4b730>,20,16,[2 8],21,-1,38,-1,22
1,<environment.Job instance at 0x7f61f7348870>,22,17,[1 7],23,-1,40,-1,23
1,<environment.Job instance at 0x7f61f7348be0>,23,17,[6 4],24,-1,41,-1,24
1,<environment.Job instance at 0x7f6200daea50>,25,16,[1 6],26,-1,42,-1,26
1,<environment.Job instance at 0x7f61f7dae5a0>,31,18,[9 3],32,-1,52,-1,34
1,<environment.Job instance at 0x7f61f7877dc0>,39,16,[ 3 10],40,-1,56,-1,40
1,<environment.Job instance at 0x7f61f7ee1910>,41,13,[ 3 10],42,-1,55,-1,42
1,<environment.Job instance at 0x7f61f7ee1c80>,42,18,[5 8],43,-1,61,-1,43
1,<environment.Job instance at 0x7f61f7ee1cd0>,43,13,[1 7],44,-1,57,-1,44
1,<environment.Job instance at 0x7f61f7ee1410>,45,23,[8 2],46,-1,69,-1,46
1,<environment.Job instance at 0x7f61f703a6e0>,5,18,[14  2],6,-1,24,-1,6
1,<environment.Job instance at 0x7f61f75a7960>,17,25,[9 4],18,-1,64,-1,39
1,<environment.Job instance at 0x7f61f7ee6820>,21,3,[ 4 12],22,-1,44,-1,41
1,<environment.Job instance at 0x7f61f7037f00>,0,16,[5 9],1,-1,17,-1,1
1,<environment.Job instance at 0x7f61f7c078c0>,1,15,[9 5],2,-1,18,-1,3
1,<environment.Job instance at 0x7f61f7a57c30>,2,14,[9 1],3,-1,17,-1,3
1,<environment.Job instance at 0x7f61f7549050>,9,16,[ 4 10],10,-1,27,-1,11
1,<environment.Job instance at 0x7f61f75495a0>,10,18,[5 8],11,-1,29,-1,11
1,<environment.Job instance at 0x7f61f7549cd0>,11,17,[3 7],12,-1,30,-1,13
1,<environment.Job instance at 0x7f61f7549640>,12,23,[7 1],13,-1,36,-1,13
1,<environment.Job instance at 0x7f61f6ea0320>,20,15,[4 9],21,-1,37,-1,22
1,<environment.Job instance at 0x7f61f7c11cd0>,3,18,[ 2 11],4,-1,22,-1,4
1,<environment.Job instance at 0x7f61f81e3b90>,5,3,[11  2],6,-1,9,-1,6
1,<environment.Job instance at 0x7f6200e01aa0>,12,23,[7 1],13,-1,60,-1,37
1,<environment.Job instance at 0x7f61f7982870>,15,3,[13  2],16,-1,40,-1,37
1,<environment.Job instance at 0x7f61f83adeb0>,18,1,[13  4],19,-1,48,-1,47
1,<environment.Job instance at 0x7f61f7b9a280>,1,18,[3 7],2,-1,20,-1,2
1,<environment.Job instance at 0x7f61f7b9a410>,2,17,[1 9],3,-1,20,-1,3
1,<environment.Job instance at 0x7f61f7b9a5a0>,4,22,[9 5],5,-1,27,-1,5
1,<environment.Job instance at 0x7f61f76546e0>,7,16,[5 8],8,-1,24,-1,8
1,<environment.Job instance at 0x7f61f76545f0>,8,16,[1 6],9,-1,25,-1,9
1,<environment.Job instance at 0x7f61f7654050>,14,14,[10  4],15,-1,30,-1,16
1,<environment.Job instance at 0x7f61f7654320>,16,12,[9 4],17,-1,29,-1,17
1,<environment.Job instance at 0x7f61f7ef9320>,20,16,[9 2],21,-1,39,-1,23
1,<environment.Job instance at 0x7f61f7ef9410>,22,17,[ 2 14],23,-1,46,-1,29
1,<environment.Job instance at 0x7f6200a61320>,28,17,[1 6],29,-1,46,-1,29
1,<environment.Job instance at 0x7f6200a615a0>,27,17,[8 2],28,-1,47,-1,30
1,<environment.Job instance at 0x7f61f7654b40>,11,12,[ 1 13],12,-1,45,-1,33
1,<environment.Job instance at 0x7f6200a61a50>,29,17,[9 2],30,-1,53,-1,36
1,<environment.Job instance at 0x7f6200a61f00>,35,16,[11  3],36,-1,52,-1,36
1,<environment.Job instance at 0x7f6200a61e10>,34,2,[1 6],35,-1,40,-1,38
1,<environment.Job instance at 0x7f6200a61640>,37,16,[3 5],38,-1,55,-1,39
1,<environment.Job instance at 0x7f61f6fc0b40>,43,18,[ 2 10],44,-1,62,-1,44
1,<environment.Job instance at 0x7f61f6fc0370>,44,17,[8 3],45,-1,62,-1,45
1,<environment.Job instance at 0x7f61f6fc0730>,47,17,[7 4],48,-1,65,-1,48
1,<environment.Job instance at 0x7f6201029870>,5,3,[ 1 14],6,-1,9,-1,6
1,<environment.Job instance at 0x7f61f7654140>,10,13,[11  4],11,-1,31,-1,18
1,<environment.Job instance at 0x7f61f7654eb0>,11,12,[ 1 13],12,-1,30,-1,18
1,<environment.Job instance at 0x7f61f7b178c0>,5,17,[ 2 10],6,-1,24,-1,7
1,<environment.Job instance at 0x7f61f7b0c820>,8,19,[7 1],9,-1,30,-1,11
1,<environment.Job instance at 0x7f61f7b17aa0>,10,18,[9 2],11,-1,30,-1,12
1,<environment.Job instance at 0x7f61f7319a50>,22,16,[10  2],23,-1,40,-1,24
1,<environment.Job instance at 0x7f61f6b97cd0>,24,12,[1 8],25,-1,37,-1,25
1,<environment.Job instance at 0x7f61f8410870>,26,13,[9 5],27,-1,40,-1,27
1,<environment.Job instance at 0x7f61f7d883c0>,27,18,[6 2],28,-1,46,-1,28
1,<environment.Job instance at 0x7f61f7d88690>,28,14,[ 4 10],29,-1,43,-1,29
1,<environment.Job instance at 0x7f61f7d88cd0>,29,13,[7 5],30,-1,43,-1,30
1,<environment.Job instance at 0x7f61f7d88d20>,31,14,[9 5],32,-1,46,-1,32
1,<environment.Job instance at 0x7f61f7d88fa0>,32,15,[7 3],33,-1,48,-1,33
1,<environment.Job instance at 0x7f61f7d88c80>,34,19,[9 1],35,-1,54,-1,35
1,<environment.Job instance at 0x7f61f7d88460>,38,13,[3 7],39,-1,52,-1,39
1,<environment.Job instance at 0x7f61f793b410>,39,15,[8 5],40,-1,55,-1,40
1,<environment.Job instance at 0x7f61f7319870>,23,15,[4 8],24,-1,56,-1,41
1,<environment.Job instance at 0x7f61f8470d20>,44,15,[6 4],45,-1,60,-1,45
1,<environment.Job instance at 0x7f6200c44730>,47,16,[7 2],48,-1,64,-1,48
1,<environment.Job instance at 0x7f61f6b73e10>,17,14,[11  2],18,-1,39,-1,25
1,<environment.Job instance at 0x7f61f6b73e60>,18,15,[ 3 14],19,-1,40,-1,25
1,<environment.Job instance at 0x7f61f6c9cc80>,20,27,[7 4],21,-1,56,-1,29
1,<environment.Job instance at 0x7f61f83ddf50>,25,2,[ 1 12],26,-1,43,-1,41
1,<environment.Job instance at 0x7fdfd1d428c0>,0,13,[9 3],1,-1,15,-1,2
1,<environment.Job instance at 0x7fdfd1d42aa0>,1,22,[11  3],2,-1,24,-1,2
1,<environment.Job instance at 0x7fdfd1d42910>,2,22,[4 8],3,-1,25,-1,3
1,<environment.Job instance at 0x7fdfc86ecd20>,9,18,[11  5],10,-1,28,-1,10
1,<environment.Job instance at 0x7fdfc86eceb0>,11,15,[4 8],12,-1,27,-1,12
1,<environment.Job instance at 0x7fdfc86ef0a0>,13,18,[ 4 10],14,-1,32,-1,14
1,<environment.Job instance at 0x7fdfc86ef190>,15,18,[2 8],16,-1,34,-1,16
1,<environment.Job instance at 0x7fdfc86ef370>,16,16,[3 5],17,-1,33,-1,17
1,<environment.Job instance at 0x7fdfc86ef5a0>,19,14,[3 5],20,-1,34,-1,20
1,<environment.Job instance at 0x7fdfc86ef640>,21,1,[6 5],22,-1,23,-1,22
1,<environment.Job instance at 0x7fdfc86ef730>,22,1,[2 7],23,-1,24,-1,23
1,<environment.Job instance at 0x7fdfc86ef7d0>,23,27,[1 6],24,-1,51,-1,24
1,<environment.Job instance at 0x7fdfc86ef5f0>,20,1,[7 5],21,-1,26,-1,25
1,<environment.Job instance at 0x7fdfc86ef870>,24,18,[2 6],25,-1,43,-1,25
1,<environment.Job instance at 0x7fdfc86efb40>,27,15,[8 4],28,-1,43,-1,28
1,<environment.Job instance at 0x7fdfc86efc80>,28,23,[10  4],29,-1,52,-1,29
1,<environment.Job instance at 0x7fdfc86efd70>,30,14,[5 2],31,-1,45,-1,31
1,<environment.Job instance at 0x7fdfc86eff00>,31,14,[2 5],32,-1,46,-1,32
1,<environment.Job instance at 0x7fdfc86efcd0>,32,3,[5 1],33,-1,36,-1,33
1,<environment.Job instance at 0x7fdfc86f2050>,33,14,[5 5],34,-1,48,-1,34
1,<environment.Job instance at 0x7fdfc86f20f0>,34,24,[1 8],35,-1,59,-1,35
1,<environment.Job instance at 0x7fdfc86f2190>,35,15,[9 5],36,-1,51,-1,36
1,<environment.Job instance at 0x7fdfc86f2690>,40,15,[10  3],41,-1,59,-1,44
1,<environment.Job instance at 0x7fdfc86f27d0>,43,18,[5 5],44,-1,62,-1,44
1,<environment.Job instance at 0x7fdfc86f2b90>,48,15,[10  1],49,-1,65,-1,50
1,<environment.Job instance at 0x7fdfc86f42d0>,53,17,[5 7],54,-1,71,-1,54
1,<environment.Job instance at 0x7fdfc86f4820>,1,22,[11  3],2,-1,24,-1,2
1,<environment.Job instance at 0x7fdfc86ec5f0>,9,18,[11  5],10,-1,32,-1,14
1,<environment.Job instance at 0x7fdfc86ecc80>,12,26,[ 1 10],13,-1,82,-1,56
1,<environment.Job instance at 0x7fdfc81e0a00>,2,22,[6 4],3,-1,25,-1,3
1,<environment.Job instance at 0x7fdfc81e0960>,4,18,[2 9],5,-1,24,-1,6
1,<environment.Job instance at 0x7fdfc86f25a0>,5,20,[2 6],6,-1,27,-1,7
1,<environment.Job instance at 0x7fdfc81e5730>,16,19,[4 8],17,-1,36,-1,17
1,<environment.Job instance at 0x7fdfc8245230>,20,14,[2 6],21,-1,39,-1,25
1,<environment.Job instance at 0x7fdfc8352780>,21,15,[5 9],22,-1,41,-1,26
1,<environment.Job instance at 0x7fdfc82f9fa0>,24,18,[3 7],25,-1,54,-1,36
1,<environment.Job instance at 0x7fdfc86fbb40>,0,3,[12  3],1,-1,4,-1,1
1,<environment.Job instance at 0x7fdfc86fb140>,9,13,[ 3 12],10,-1,23,-1,10
1,<environment.Job instance at 0x7fdfc86fb3c0>,7,27,[ 1 10],8,-1,54,-1,27
1,<environment.Job instance at 0x7fdfc86f8fa0>,15,14,[ 4 11],16,-1,41,-1,27
1,<environment.Job instance at 0x7fdfc7e2f960>,7,22,[4 5],8,-1,30,-1,8
1,<environment.Job instance at 0x7fdfc7e2f5f0>,13,16,[ 3 10],14,-1,30,-1,14
1,<environment.Job instance at 0x7fdfc7e2f690>,15,14,[ 2 10],16,-1,30,-1,16
1,<environment.Job instance at 0x7fdfc7e2faf0>,17,20,[9 2],18,-1,38,-1,18
1,<environment.Job instance at 0x7fdfc7e4f280>,20,16,[2 8],21,-1,38,-1,22
1,<environment.Job instance at 0x7fdfc7f397d0>,26,17,[1 7],27,-1,45,-1,28
1,<environment.Job instance at 0x7fdfc7f39d20>,31,15,[10  4],32,-1,47,-1,32
1,<environment.Job instance at 0x7fdfc7f394b0>,32,14,[1 8],33,-1,47,-1,33
1,<environment.Job instance at 0x7fdfc7f39f00>,33,3,[1 9],34,-1,37,-1,34
1,<environment.Job instance at 0x7fdfc7f39640>,34,14,[8 4],35,-1,49,-1,35
1,<environment.Job instance at 0x7fdfc7f39960>,38,14,[9 5],39,-1,53,-1,39
1,<environment.Job instance at 0x7fdfc7f08eb0>,41,15,[1 7],42,-1,57,-1,42
1,<environment.Job instance at 0x7fdfc7e4f230>,2,3,[ 4 12],3,-1,6,-1,3
1,<environment.Job instance at 0x7fdfc80531e0>,3,12,[ 4 11],4,-1,16,-1,4
1,<environment.Job instance at 0x7fdfc7e2feb0>,8,23,[ 2 14],9,-1,32,-1,9
1,<environment.Job instance at 0x7fdfc7e510a0>,18,16,[11  2],19,-1,44,-1,28
1,<environment.Job instance at 0x7fdfc7e51870>,19,18,[ 1 12],20,-1,46,-1,28
1,<environment.Job instance at 0x7fdfc7f347d0>,23,15,[ 1 12],24,-1,57,-1,42
1,<environment.Job instance at 0x7fdfc7f34af0>,25,3,[ 4 13],26,-1,46,-1,43
1,<environment.Job instance at 0x7fdfc7f34aa0>,27,1,[ 1 14],28,-1,46,-1,45
1,<environment.Job instance at 0x7fdfc80d5aa0>,8,21,[9 4],9,-1,30,-1,9
1,<environment.Job instance at 0x7fdfc80d5b90>,9,12,[9 3],10,-1,24,-1,12
1,<environment.Job instance at 0x7fdfc85af7d0>,10,18,[10  3],11,-1,30,-1,12
1,<environment.Job instance at 0x7fdfc80e22d0>,18,12,[14  4],19,-1,31,-1,19
1,<environment.Job instance at 0x7fdfc80d5dc0>,14,12,[3 8],15,-1,31,-1,19
1,<environment.Job instance at 0x7fdfc80e2050>,23,14,[7 5],24,-1,45,-1,31
1,<environment.Job instance at 0x7fdfc80e2550>,20,13,[10  5],21,-1,45,-1,32
1,<environment.Job instance at 0x7fdfc80e27d0>,25,14,[10  2],26,-1,46,-1,32
1,<environment.Job instance at 0x7fdfc80cc370>,34,16,[7 2],35,-1,56,-1,40
1,<environment.Job instance at 0x7fdfc80ccaa0>,40,18,[4 5],41,-1,59,-1,41
1,<environment.Job instance at 0x7fdfc80cca00>,41,18,[2 8],42,-1,60,-1,42
1,<environment.Job instance at 0x7fdfc80ccc30>,43,14,[11  3],44,-1,59,-1,45
1,<environment.Job instance at 0x7fdfc80cce60>,44,16,[9 4],45,-1,62,-1,46
1,<environment.Job instance at 0x7fdfc80cc4b0>,36,12,[ 3 10],37,-1,60,-1,48
1,<environment.Job instance at 0x7fdfc80dc0f0>,47,16,[9 2],48,-1,64,-1,48
1,<environment.Job instance at 0x7fdfc80dc280>,48,15,[7 5],49,-1,64,-1,49
1,<environment.Job instance at 0x7fdfc80dc050>,46,14,[10  1],47,-1,68,-1,54
1,<environment.Job instance at 0x7fdfc80dca00>,56,19,[2 7],57,-1,76,-1,57
1,<environment.Job instance at 0x7fdfc80dc960>,58,18,[6 3],59,-1,77,-1,59
1,<environment.Job instance at 0x7fdfc8df1410>,18,12,[14  4],19,-1,44,-1,32
1,<environment.Job instance at 0x7fdfc928fc80>,4,16,[7 5],5,-1,23,-1,7
1,<environment.Job instance at 0x7fdfc928f410>,6,16,[7 4],7,-1,23,-1,7
1,<environment.Job instance at 0x7fdfc928fc30>,8,18,[4 6],9,-1,30,-1,12
1,<environment.Job instance at 0x7fdfc928f870>,11,27,[4 7],12,-1,39,-1,12
1,<environment.Job instance at 0x7fdfc8ef9960>,0,24,[ 1 10],1,-1,25,-1,1
1,<environment.Job instance at 0x7fdfc8ef9230>,3,24,[7 4],4,-1,28,-1,4
1,<environment.Job instance at 0x7fdfc8ed61e0>,5,3,[12  3],6,-1,9,-1,6
1,<environment.Job instance at 0x7fdfc8ef1280>,11,27,[4 7],12,-1,49,-1,22
1,<environment.Job instance at 0x7fdfc8ee7fa0>,12,26,[8 4],13,-1,48,-1,22
1,<environment.Job instance at 0x7fdfc8ee7280>,15,16,[14  1],16,-1,38,-1,22
1,<environment.Job instance at 0x7fdfd190e9b0>,20,25,[ 3 10],21,-1,68,-1,43
1,<environment.Job instance at 0x7fdfc8e9ae10>,0,15,[8 2],1,-1,18,-1,3
1,<environment.Job instance at 0x7fdfc8e9ae60>,2,25,[6 3],3,-1,28,-1,3
1,<environment.Job instance at 0x7fdfc8e9a820>,4,17,[9 4],5,-1,23,-1,6
1,<environment.Job instance at 0x7fdfc8290cd0>,7,13,[1 9],8,-1,21,-1,8
1,<environment.Job instance at 0x7fdfc8e9aa50>,8,17,[3 6],9,-1,26,-1,9
1,<environment.Job instance at 0x7fdfc9313820>,9,15,[ 5 10],10,-1,25,-1,10
1,<environment.Job instance at 0x7fdfc9313050>,10,1,[ 1 10],11,-1,12,-1,11
1,<environment.Job instance at 0x7fdfc93130f0>,11,14,[8 2],12,-1,26,-1,12
1,<environment.Job instance at 0x7fdfc8e9a5f0>,5,13,[6 4],6,-1,26,-1,13
1,<environment.Job instance at 0x7fdfc8290af0>,13,20,[2 6],14,-1,34,-1,14
1,<environment.Job instance at 0x7fdfc8dd16e0>,26,15,[2 7],27,-1,42,-1,27
1,<environment.Job instance at 0x7fdfc8dd1c30>,28,15,[7 5],29,-1,44,-1,29
1,<environment.Job instance at 0x7fdfc8dd1910>,29,15,[ 3 10],30,-1,45,-1,30
1,<environment.Job instance at 0x7fdfc8dd1870>,30,24,[2 8],31,-1,55,-1,31
1,<environment.Job instance at 0x7fdfc84ae730>,36,16,[ 5 10],37,-1,61,-1,45
1,<environment.Job instance at 0x7fdfc84ae280>,39,13,[4 6],40,-1,63,-1,50
1,<environment.Job instance at 0x7fdfc8c0b870>,49,16,[5 4],50,-1,68,-1,52
1,<environment.Job instance at 0x7fdfc8c0bdc0>,54,18,[3 6],55,-1,73,-1,55
1,<environment.Job instance at 0x7fdfc8293af0>,56,16,[9 2],57,-1,73,-1,57
1,<environment.Job instance at 0x7fdfc814cd70>,2,25,[6 3],3,-1,30,-1,5
1,<environment.Job instance at 0x7fdfc8c0b820>,19,18,[13  1],20,-1,48,-1,30
1,<environment.Job instance at 0x7fdfc8e9a1e0>,22,3,[ 3 11],23,-1,34,-1,31
1,<environment.Job instance at 0x7fdfc7bdadc0>,0,27,[ 5 10],1,-1,30,-1,3
1,<environment.Job instance at 0x7fdfc7eac140>,4,15,[4 6],5,-1,20,-1,5
1,<environment.Job instance at 0x7fdfc7eacbe0>,6,25,[ 5 10],7,-1,32,-1,7
1,<environment.Job instance at 0x7fdfc810a230>,7,15,[5 3],8,-1,23,-1,8
1,<environment.Job instance at 0x7fdfc89b2460>,8,18,[1 5],9,-1,27,-1,9
1,<environment.Job instance at 0x7fdfc82a88c0>,15,13,[5 5],16,-1,29,-1,16
1,<environment.Job instance at 0x7fdfc87cd5f0>,20,14,[7 5],21,-1,35,-1,21
1,<environment.Job instance at 0x7fdfc9090190>,22,17,[12  4],23,-1,40,-1,23
1,<environment.Job instance at 0x7fdfc8da1690>,25,16,[10  4],26,-1,42,-1,26
1,<environment.Job instance at 0x7fdfc8dbb500>,27,12,[5 8],28,-1,40,-1,28
1,<environment.Job instance at 0x7fdfc8dbbe60>,28,14,[7 5],29,-1,43,-1,29
1,<environment.Job instance at 0x7fdfc9242dc0>,30,18,[9 5],31,-1,49,-1,31
1,<environment.Job instance at 0x7fdfc8fed0a0>,1,17,[7 5],2,-1,51,-1,34
1,<environment.Job instance at 0x7fdfc8dd2a50>,34,17,[7 2],35,-1,54,-1,37
1,<environment.Job instance at 0x7fdfc8dd2fa0>,37,15,[2 9],38,-1,53,-1,38
1,<environment.Job instance at 0x7fdfc8dd2370>,39,17,[8 1],40,-1,57,-1,40
1,<environment.Job instance at 0x7fdfc8dd2d70>,41,17,[2 6],42,-1,59,-1,42
1,<environment.Job instance at 0x7fdfc8dd2c30>,42,19,[8 2],43,-1,62,-1,43
1,<environment.Job instance at 0x7fdfc863f910>,49,17,[9 1],50,-1,68,-1,51
1,<environment.Job instance at 0x7fdfc91efd20>,58,14,[4 6],59,-1,73,-1,59
1,<environment.Job instance at 0x7fdfc8293f50>,0,27,[ 5 10],1,-1,28,-1,1
1,<environment.Job instance at 0x7fdfc8293e10>,6,25,[ 5 10],7,-1,40,-1,15
1,<environment.Job instance at 0x7fdfc9242eb0>,22,17,[12  4],23,-1,61,-1,44
1,<environment.Job instance at 0x7fdfc7e51c80>,3,13,[4 9],4,-1,17,-1,4
1,<environment.Job instance at 0x7fdfc8564f50>,5,14,[7 4],6,-1,20,-1,6
1,<environment.Job instance at 0x7fdfc8ec5e10>,10,16,[10  2],11,-1,27,-1,11
1,<environment.Job instance at 0x7fdfc8ec5d70>,14,21,[7 2],15,-1,36,-1,15
1,<environment.Job instance at 0x7fdfc8eb82d0>,15,12,[ 1 10],16,-1,29,-1,17
1,<environment.Job instance at 0x7fdfc8eb8190>,18,16,[6 3],19,-1,35,-1,19
1,<environment.Job instance at 0x7fdfc8ed0050>,19,14,[5 7],20,-1,34,-1,20
1,<environment.Job instance at 0x7fdfc8ed0fa0>,20,18,[4 7],21,-1,39,-1,21
1,<environment.Job instance at 0x7fdfc8ed0960>,22,14,[ 1 11],23,-1,37,-1,23
1,<environment.Job instance at 0x7fdfc8ed09b0>,23,14,[2 7],24,-1,38,-1,24
1,<environment.Job instance at 0x7fdfc8e9c050>,28,15,[8 5],29,-1,44,-1,29
1,<environment.Job instance at 0x7fdfc8e9cc30>,29,27,[1 5],30,-1,57,-1,30
1,<environment.Job instance at 0x7fdfc8ecb640>,36,18,[4 6],37,-1,55,-1,37
1,<environment.Job instance at 0x7fdfc8ebcf50>,42,18,[6 3],43,-1,61,-1,43
1,<environment.Job instance at 0x7fdfc8eacaa0>,45,16,[6 3],46,-1,62,-1,46
1,<environment.Job instance at 0x7fdfc9309d70>,13,1,[ 5 12],14,-1,18,-1,17
1,<environment.Job instance at 0x7fdfc81e5780>,22,14,[ 1 11],23,-1,62,-1,48
1,<environment.Job instance at 0x7fdfc863f640>,24,3,[14  4],25,-1,59,-1,56
1,<environment.Job instance at 0x7fdfc83a8d70>,0,19,[6 3],1,-1,20,-1,1
1,<environment.Job instance at 0x7fdfc83a8820>,4,16,[10  3],5,-1,24,-1,8
1,<environment.Job instance at 0x7fdfc83a8aa0>,8,14,[10  3],9,-1,23,-1,9
1,<environment.Job instance at 0x7fdfc83a8460>,9,1,[10  3],10,-1,11,-1,10
1,<environment.Job instance at 0x7fdfc83a8320>,10,19,[1 5],11,-1,30,-1,11
1,<environment.Job instance at 0x7fdfc83a8b40>,11,18,[2 9],12,-1,30,-1,12
1,<environment.Job instance at 0x7fdfc83a89b0>,12,18,[10  4],13,-1,31,-1,13
1,<environment.Job instance at 0x7fdfc83a84b0>,13,13,[6 5],14,-1,27,-1,14
1,<environment.Job instance at 0x7fdfc83a8190>,7,13,[6 4],8,-1,28,-1,15
1,<environment.Job instance at 0x7fdfc8c415f0>,19,15,[9 5],20,-1,35,-1,20
1,<environment.Job instance at 0x7fdfc8c41b90>,23,18,[5 9],24,-1,42,-1,24
1,<environment.Job instance at 0x7fdfc8c41f50>,25,21,[2 5],26,-1,47,-1,26
1,<environment.Job instance at 0x7fdfc8c414b0>,28,14,[5 9],29,-1,43,-1,29
1,<environment.Job instance at 0x7fdfc91f03c0>,29,19,[9 1],30,-1,49,-1,30
1,<environment.Job instance at 0x7fdfc91f0b40>,31,16,[6 5],32,-1,48,-1,32
1,<environment.Job instance at 0x7fdfc91f0f50>,33,27,[1 8],34,-1,61,-1,34
1,<environment.Job instance at 0x7fdfc91f0820>,36,14,[3 9],37,-1,51,-1,37
1,<environment.Job instance at 0x7fdfc8ebfb40>,39,13,[5 9],40,-1,53,-1,40
1,<environment.Job instance at 0x7fdfc8ebfcd0>,41,18,[8 4],42,-1,60,-1,42
1,<environment.Job instance at 0x7fdfc91b9050>,43,3,[7 3],44,-1,47,-1,44
1,<environment.Job instance at 0x7fdfc91b92d0>,44,17,[3 9],45,-1,62,-1,45
1,<environment.Job instance at 0x7fdfc91b9410>,45,13,[10  4],46,-1,59,-1,46
1,<environment.Job instance at 0x7fdfc91b9460>,46,16,[5 5],47,-1,63,-1,47
1,<environment.Job instance at 0x7fdfc91b9820>,47,22,[1 7],48,-1,70,-1,48
1,<environment.Job instance at 0x7fdfc91b9b90>,50,14,[6 4],51,-1,66,-1,52
1,<environment.Job instance at 0x7fdfc91b9960>,52,1,[9 3],53,-1,54,-1,53
1,<environment.Job instance at 0x7fdfc91b9190>,53,3,[ 3 14],54,-1,57,-1,54
1,<environment.Job instance at 0x7fdfc91b9e10>,51,18,[3 6],52,-1,72,-1,54
1,<environment.Job instance at 0x7fdfc91b9500>,55,25,[6 3],56,-1,81,-1,56
1,<environment.Job instance at 0x7fdfc91b9230>,58,16,[8 5],59,-1,75,-1,59
1,<environment.Job instance at 0x7fdfc83a8f50>,15,2,[14  5],16,-1,36,-1,34
1,<environment.Job instance at 0x7fdfc8a8c910>,2,16,[9 2],3,-1,19,-1,3
1,<environment.Job instance at 0x7fdfc8a8c460>,5,18,[7 5],6,-1,24,-1,6
1,<environment.Job instance at 0x7fdfc8a8c780>,8,17,[10  3],9,-1,26,-1,9
1,<environment.Job instance at 0x7fdfc8a8c1e0>,9,27,[ 5 10],10,-1,37,-1,10
1,<environment.Job instance at 0x7fdfc924c370>,11,22,[ 1 10],12,-1,34,-1,12
1,<environment.Job instance at 0x7fdfc924cbe0>,12,18,[5 1],13,-1,32,-1,14
1,<environment.Job instance at 0x7fdfc8ec7410>,19,15,[ 1 10],20,-1,35,-1,20
1,<environment.Job instance at 0x7fdfc8ec7c30>,22,15,[1 6],23,-1,38,-1,23
1,<environment.Job instance at 0x7fdfc8ec72d0>,24,12,[4 6],25,-1,37,-1,25
1,<environment.Job instance at 0x7fdfc8ec7910>,25,17,[7 1],26,-1,43,-1,26
1,<environment.Job instance at 0x7fdfc8ec7820>,27,18,[1 7],28,-1,46,-1,28
1,<environment.Job instance at 0x7fdfc8ec7d20>,28,12,[ 5 12],29,-1,44,-1,32
1,<environment.Job instance at 0x7fdfc8ec7cd0>,29,14,[10  1],30,-1,67,-1,53
1,<environment.Job instance at 0x7fdfc8ec73c0>,32,18,[5 5],33,-1,72,-1,54
1,<environment.Job instance at 0x7fdfc8ec7050>,35,15,[7 4],36,-1,69,-1,54
1,<environment.Job instance at 0x7fdfc80614b0>,38,21,[5 8],39,-1,75,-1,54
1,<environment.Job instance at 0x7fdfc8ec7190>,31,14,[10  4],32,-1,68,-1,54
1,<environment.Job instance at 0x7fdfc91f01e0>,0,2,[ 5 11],1,-1,3,-1,1
1,<environment.Job instance at 0x7fdfc7af6f50>,9,27,[ 5 10],10,-1,46,-1,19
1,<environment.Job instance at 0x7fdfc7ef7410>,26,13,[11  1],27,-1,68,-1,55
1,<environment.Job instance at 0x7fdfc7ef7460>,28,12,[ 5 12],29,-1,67,-1,55
1,<environment.Job instance at 0x7fdfc92b2d70>,14,15,[9 1],15,-1,31,-1,16
1,<environment.Job instance at 0x7fdfc92b2e10>,16,23,[7 4],17,-1,40,-1,17
1,<environment.Job instance at 0x7fdfc92b10a0>,18,17,[5 5],19,-1,36,-1,19
1,<environment.Job instance at 0x7fdfc92b1320>,20,15,[9 4],21,-1,38,-1,23
1,<environment.Job instance at 0x7fdfc92b15f0>,23,20,[5 4],24,-1,44,-1,24
1,<environment.Job instance at 0x7fdfc92b1780>,24,2,[10  3],25,-1,27,-1,25
1,<environment.Job instance at 0x7fdfc92d81e0>,34,15,[10  3],35,-1,50,-1,35
1,<environment.Job instance at 0x7fdfc92d8280>,35,20,[4 7],36,-1,56,-1,36
1,<environment.Job instance at 0x7fdfc92d8190>,36,21,[6 5],37,-1,58,-1,37
1,<environment.Job instance at 0x7fdfc92d8460>,37,13,[9 4],38,-1,51,-1,38
1,<environment.Job instance at 0x7fdfc92d85a0>,39,17,[5 9],40,-1,57,-1,40
1,<environment.Job instance at 0x7fdfc92d8820>,42,21,[1 6],43,-1,64,-1,43
1,<environment.Job instance at 0x7fdfc92d89b0>,43,17,[8 5],44,-1,61,-1,44
1,<environment.Job instance at 0x7fdfc92d8aa0>,45,16,[4 5],46,-1,62,-1,46
1,<environment.Job instance at 0x7fdfc92d8d20>,48,16,[ 5 10],49,-1,67,-1,51
1,<environment.Job instance at 0x7fdfc92d8f00>,51,19,[10  1],52,-1,76,-1,57
1,<environment.Job instance at 0x7fdfc92d8fa0>,53,12,[4 6],54,-1,69,-1,57
1,<environment.Job instance at 0x7fdfc92a2370>,56,25,[ 5 10],57,-1,82,-1,57
1,<environment.Job instance at 0x7fdfc9169050>,7,3,[ 1 12],8,-1,11,-1,8
1,<environment.Job instance at 0x7fdfc9169e60>,8,15,[ 3 11],9,-1,24,-1,9
1,<environment.Job instance at 0x7fdfc9169280>,15,15,[ 2 11],16,-1,31,-1,16
1,<environment.Job instance at 0x7fdfc9169c80>,16,23,[7 4],17,-1,42,-1,19
1,<environment.Job instance at 0x7fdfc8c41be0>,30,16,[14  3],31,-1,72,-1,56
1,<environment.Job instance at 0x7fdfd190e050>,2,18,[5 9],3,-1,21,-1,3
1,<environment.Job instance at 0x7fdfd190e2d0>,3,16,[6 5],4,-1,20,-1,4
1,<environment.Job instance at 0x7fdfc833bb40>,8,18,[1 9],9,-1,27,-1,9
1,<environment.Job instance at 0x7fdfc833b2d0>,10,15,[3 9],11,-1,26,-1,11
1,<environment.Job instance at 0x7fdfc833b6e0>,14,17,[9 5],15,-1,32,-1,15
1,<environment.Job instance at 0x7fdfc833b500>,15,16,[5 3],16,-1,32,-1,16
1,<environment.Job instance at 0x7fdfc833b690>,18,14,[9 4],19,-1,33,-1,19
1,<environment.Job instance at 0x7fdfc833b5a0>,19,13,[3 6],20,-1,33,-1,20
1,<environment.Job instance at 0x7fdfc833bcd0>,20,26,[6 3],21,-1,47,-1,21
1,<environment.Job instance at 0x7fdfc8f342d0>,21,14,[4 6],22,-1,36,-1,22
1,<environment.Job instance at 0x7fdfc8f34690>,27,17,[4 9],28,-1,47,-1,30
1,<environment.Job instance at 0x7fdfc933b0a0>,36,13,[13  3],37,-1,50,-1,37
1,<environment.Job instance at 0x7fdfc933b820>,31,17,[10  4],32,-1,54,-1,37
1,<environment.Job instance at 0x7fdfc933bb90>,37,18,[3 6],38,-1,56,-1,38
1,<environment.Job instance at 0x7fdfc8122370>,44,18,[4 7],45,-1,67,-1,49
1,<environment.Job instance at 0x7fdfc8122050>,47,13,[8 2],48,-1,62,-1,49
1,<environment.Job instance at 0x7fdfc7f00f50>,51,14,[ 3 14],52,-1,73,-1,59
1,<environment.Job instance at 0x7fdfc7f008c0>,16,2,[13  5],17,-1,40,-1,38
1,<environment.Job instance at 0x7fdfd190e280>,20,26,[6 3],21,-1,83,-1,57
1,<environment.Job instance at 0x7fdfc81821e0>,22,17,[ 2 11],23,-1,74,-1,57
1,<environment.Job instance at 0x7fdfc8bd5be0>,0,28,[5 6],1,-1,29,-1,1
1,<environment.Job instance at 0x7fdfc838a7d0>,7,16,[ 5 10],8,-1,26,-1,10
1,<environment.Job instance at 0x7fdfc838a910>,12,16,[9 4],13,-1,47,-1,31
1,<environment.Job instance at 0x7fdfc805ef00>,27,18,[10  5],28,-1,65,-1,47
1,<environment.Job instance at 0x7fdfc8793c80>,0,28,[5 6],1,-1,29,-1,1
1,<environment.Job instance at 0x7fdfc805e5f0>,3,28,[ 1 11],4,-1,32,-1,4
1,<environment.Job instance at 0x7fdfc82dd690>,5,23,[5 3],6,-1,29,-1,6
1,<environment.Job instance at 0x7fdfc82dda00>,6,14,[13  5],7,-1,21,-1,7
1,<environment.Job instance at 0x7fdfc8bd5eb0>,10,13,[12  5],11,-1,24,-1,11
1,<environment.Job instance at 0x7fdfc8cfe5f0>,18,15,[ 3 13],19,-1,39,-1,24
1,<environment.Job instance at 0x7fdfc9152a50>,26,18,[ 3 13],27,-1,74,-1,56
1,<environment.Job instance at 0x7fdfc8e6f3c0>,1,16,[ 4 10],2,-1,18,-1,2
1,<environment.Job instance at 0x7fdfc8749fa0>,4,15,[ 2 10],5,-1,21,-1,6
1,<environment.Job instance at 0x7fdfc87491e0>,6,18,[9 4],7,-1,25,-1,7
1,<environment.Job instance at 0x7fdfc8749960>,8,1,[ 3 12],9,-1,10,-1,9
1,<environment.Job instance at 0x7fdfc8749c30>,9,16,[2 8],10,-1,26,-1,10
1,<environment.Job instance at 0x7fdfc8749cd0>,11,13,[2 8],12,-1,25,-1,12
1,<environment.Job instance at 0x7fdfc8ade690>,12,18,[5 1],13,-1,31,-1,13
1,<environment.Job instance at 0x7fdfc8ade550>,13,18,[ 5 10],14,-1,32,-1,14
1,<environment.Job instance at 0x7fdfc8ade7d0>,14,20,[9 5],15,-1,35,-1,15
1,<environment.Job instance at 0x7fdfc8ade780>,15,17,[7 4],16,-1,33,-1,16
1,<environment.Job instance at 0x7fdfc838a5f0>,5,16,[4 6],6,-1,32,-1,16
1,<environment.Job instance at 0x7fdfc87499b0>,16,18,[4 6],17,-1,35,-1,17
1,<environment.Job instance at 0x7fdfc8aded70>,23,17,[10  5],24,-1,41,-1,24
1,<environment.Job instance at 0x7fdfc8025140>,24,17,[3 6],25,-1,42,-1,25
1,<environment.Job instance at 0x7fdfc8025500>,31,16,[2 7],32,-1,49,-1,33
1,<environment.Job instance at 0x7fdfc80259b0>,35,15,[9 1],36,-1,51,-1,36
1,<environment.Job instance at 0x7fdfc8025b90>,37,25,[9 4],38,-1,63,-1,38
1,<environment.Job instance at 0x7fdfc8025f00>,40,16,[2 8],41,-1,57,-1,41
1,<environment.Job instance at 0x7fdfc8025870>,32,15,[3 8],33,-1,58,-1,43
1,<environment.Job instance at 0x7fdfc801c0f0>,42,17,[1 7],43,-1,61,-1,44
1,<environment.Job instance at 0x7fdfc801c460>,45,16,[1 6],46,-1,62,-1,46
1,<environment.Job instance at 0x7fdfc801ca00>,51,18,[9 3],52,-1,72,-1,54
1,<environment.Job instance at 0x7fdfc8ae2b90>,8,1,[ 3 12],9,-1,10,-1,9
1,<environment.Job instance at 0x7fdfc88f16e0>,2,18,[5 8],3,-1,21,-1,3
1,<environment.Job instance at 0x7fdfc88f17d0>,5,23,[8 2],6,-1,29,-1,6
1,<environment.Job instance at 0x7fdfc8182d20>,10,16,[5 9],11,-1,27,-1,11
1,<environment.Job instance at 0x7fdfc8182550>,11,15,[9 5],12,-1,27,-1,12
1,<environment.Job instance at 0x7fdfc7bdc050>,12,14,[9 1],13,-1,28,-1,14
1,<environment.Job instance at 0x7fdfc7bdc5f0>,15,3,[11  2],16,-1,19,-1,16
1,<environment.Job instance at 0x7fdfc8182cd0>,13,18,[ 2 11],14,-1,34,-1,16
1,<environment.Job instance at 0x7fdfd1deac30>,18,14,[8 1],19,-1,34,-1,20
1,<environment.Job instance at 0x7fdfd1deaaf0>,20,18,[5 8],21,-1,39,-1,21
1,<environment.Job instance at 0x7fdfd1deaa50>,21,17,[3 7],22,-1,39,-1,22
1,<environment.Job instance at 0x7fdfd1deafa0>,19,16,[ 4 10],20,-1,38,-1,22
1,<environment.Job instance at 0x7fdfd1deab90>,22,23,[7 1],23,-1,47,-1,24
1,<environment.Job instance at 0x7fdfc93109b0>,24,14,[10  1],25,-1,44,-1,30
1,<environment.Job instance at 0x7fdfc821d690>,30,15,[4 9],31,-1,46,-1,31
1,<environment.Job instance at 0x7fdfc821dd20>,31,15,[7 5],32,-1,47,-1,32
1,<environment.Job instance at 0x7fdfc821dc80>,33,16,[8 2],34,-1,50,-1,34
1,<environment.Job instance at 0x7fdfc8ba3b40>,36,17,[9 3],37,-1,54,-1,37
1,<environment.Job instance at 0x7fdfc8ba3e10>,40,15,[9 1],41,-1,58,-1,43
1,<environment.Job instance at 0x7fdfc86fb1e0>,43,16,[ 4 10],44,-1,60,-1,44
1,<environment.Job instance at 0x7fdfc9106500>,44,18,[1 8],45,-1,63,-1,45
1,<environment.Job instance at 0x7fdfc8ba3280>,41,23,[ 3 13],42,-1,75,-1,52
1,<environment.Job instance at 0x7fdfc91065f0>,45,13,[4 7],46,-1,65,-1,52
1,<environment.Job instance at 0x7fdfc85f25a0>,54,15,[7 5],55,-1,70,-1,55
1,<environment.Job instance at 0x7fdfc7ca61e0>,47,15,[6 1],48,-1,71,-1,56
1,<environment.Job instance at 0x7fdfc7ca6be0>,48,18,[5 8],49,-1,76,-1,58
1,<environment.Job instance at 0x7fdfc82ddfa0>,5,23,[8 2],6,-1,31,-1,8
1,<environment.Job instance at 0x7fdfc8ae25a0>,13,18,[ 2 11],14,-1,34,-1,16
1,<environment.Job instance at 0x7fdfc8ae2f50>,15,3,[11  2],16,-1,21,-1,18
1,<environment.Job instance at 0x7fdfd1dea9b0>,22,23,[7 1],23,-1,76,-1,53
1,<environment.Job instance at 0x7fdfc8629a50>,1,18,[3 7],2,-1,20,-1,2
1,<environment.Job instance at 0x7fdfc8e9dd70>,2,17,[1 9],3,-1,20,-1,3
1,<environment.Job instance at 0x7fdfc8e9d640>,4,22,[9 5],5,-1,27,-1,5
1,<environment.Job instance at 0x7fdfc8629500>,7,16,[5 8],8,-1,24,-1,8
1,<environment.Job instance at 0x7fdfd19147d0>,8,16,[1 6],9,-1,25,-1,9
1,<environment.Job instance at 0x7fdfc8d98140>,13,15,[4 9],14,-1,30,-1,15
1,<environment.Job instance at 0x7fdfc8d98b40>,15,12,[ 3 10],16,-1,28,-1,16
1,<environment.Job instance at 0x7fdfc8d98d70>,16,12,[9 4],17,-1,29,-1,17
1,<environment.Job instance at 0x7fdfc7e4a5f0>,18,12,[10  1],19,-1,31,-1,19
1,<environment.Job instance at 0x7fdfc7aebfa0>,19,21,[1 7],20,-1,41,-1,20
1,<environment.Job instance at 0x7fdfc7aeb820>,20,16,[9 2],21,-1,37,-1,21
1,<environment.Job instance at 0x7fdfc8a4ddc0>,27,17,[8 2],28,-1,45,-1,28
1,<environment.Job instance at 0x7fdfc80a2b90>,28,17,[1 6],29,-1,46,-1,29
1,<environment.Job instance at 0x7fdfc7d69500>,29,17,[9 2],30,-1,47,-1,30
1,<environment.Job instance at 0x7fdfc7aba9b0>,32,15,[2 9],33,-1,48,-1,33
1,<environment.Job instance at 0x7fdfd1a41dc0>,35,16,[11  3],36,-1,52,-1,36
1,<environment.Job instance at 0x7fdfc90d35a0>,37,16,[3 5],38,-1,54,-1,38
1,<environment.Job instance at 0x7fdfd1893780>,40,13,[6 4],41,-1,54,-1,41
1,<environment.Job instance at 0x7fdfc8e9dfa0>,14,14,[10  4],15,-1,56,-1,42
1,<environment.Job instance at 0x7fdfc8cd6820>,43,18,[ 2 10],44,-1,63,-1,45
1,<environment.Job instance at 0x7fdfc8cd6f00>,47,17,[7 4],48,-1,65,-1,48
1,<environment.Job instance at 0x7fdfc8cd6aa0>,48,15,[8 3],49,-1,64,-1,49
1,<environment.Job instance at 0x7fdfc8cd6d20>,49,16,[10  5],50,-1,66,-1,50
1,<environment.Job instance at 0x7fdfc8cd68c0>,51,16,[5 3],52,-1,68,-1,52
1,<environment.Job instance at 0x7fdfc90c46e0>,55,17,[ 2 10],56,-1,73,-1,56
1,<environment.Job instance at 0x7fdfc7b531e0>,58,19,[7 1],59,-1,78,-1,59
1,<environment.Job instance at 0x7fdfc7aa15a0>,5,3,[ 1 14],6,-1,9,-1,6
1,<environment.Job instance at 0x7fdfc7e9a410>,10,13,[11  4],11,-1,31,-1,18
1,<environment.Job instance at 0x7fdfc7e9a050>,11,12,[ 1 13],12,-1,30,-1,18
1,<environment.Job instance at 0x7fdfc80ad690>,0,18,[9 2],1,-1,22,-1,4
1,<environment.Job instance at 0x7fdfc80ad140>,4,12,[7 4],5,-1,17,-1,5
1,<environment.Job instance at 0x7fdfc8fcbe60>,7,14,[11  2],8,-1,22,-1,8
1,<environment.Job instance at 0x7fdfc80ad780>,9,18,[1 5],10,-1,28,-1,10
1,<environment.Job instance at 0x7fdfc84570f0>,10,27,[7 4],11,-1,38,-1,11
1,<environment.Job instance at 0x7fdfc8457eb0>,12,16,[10  2],13,-1,29,-1,13
1,<environment.Job instance at 0x7fdfc8457dc0>,13,15,[4 8],14,-1,29,-1,14
1,<environment.Job instance at 0x7fdfc8457190>,14,12,[1 8],15,-1,27,-1,15
1,<environment.Job instance at 0x7fdfc80ad050>,3,14,[5 5],4,-1,30,-1,16
1,<environment.Job instance at 0x7fdfc8fcbaf0>,16,13,[9 5],17,-1,31,-1,18
1,<environment.Job instance at 0x7fdfc895d730>,17,18,[6 2],18,-1,36,-1,18
1,<environment.Job instance at 0x7fdfc92342d0>,24,19,[9 1],25,-1,44,-1,25
1,<environment.Job instance at 0x7fdfc7d0b500>,29,15,[8 5],30,-1,45,-1,30
1,<environment.Job instance at 0x7fdfd1de9c80>,31,13,[9 4],32,-1,45,-1,32
1,<environment.Job instance at 0x7fdfc8af0820>,32,16,[1 7],33,-1,49,-1,33
1,<environment.Job instance at 0x7fdfc895d0a0>,21,14,[9 5],22,-1,48,-1,34
1,<environment.Job instance at 0x7fdfc8b9b640>,34,15,[6 4],35,-1,53,-1,38
1,<environment.Job instance at 0x7fdfc8b53280>,42,14,[9 3],43,-1,57,-1,43
1,<environment.Job instance at 0x7fdfc8b53a00>,46,16,[4 9],47,-1,63,-1,47
1,<environment.Job instance at 0x7fdfc8bfa780>,49,14,[3 8],50,-1,65,-1,51
1,<environment.Job instance at 0x7fdfc87b04b0>,47,22,[6 1],48,-1,73,-1,51
1,<environment.Job instance at 0x7fdfc8bfa690>,51,18,[5 9],52,-1,70,-1,52
1,<environment.Job instance at 0x7fdfc8bfa140>,55,17,[10  3],56,-1,73,-1,56
1,<environment.Job instance at 0x7fdfc7bd6f50>,57,16,[8 4],58,-1,75,-1,59
1,<environment.Job instance at 0x7fdfc8b90fa0>,7,14,[11  2],8,-1,22,-1,8
1,<environment.Job instance at 0x7fdfc7aa1690>,8,15,[ 3 14],9,-1,24,-1,9
1,<environment.Job instance at 0x7fdfc82e6f50>,10,27,[7 4],11,-1,46,-1,19
1,<environment.Job instance at 0x7fdfc8532fa0>,15,2,[ 1 12],16,-1,23,-1,21
1,<environment.Job instance at 0x7fdfc8dff1e0>,20,25,[ 1 14],21,-1,73,-1,48
1,<environment.Job instance at 0x7fdfc7ce7f00>,0,17,[8 4],1,-1,18,-1,1
1,<environment.Job instance at 0x7fdfc8e4c140>,2,19,[8 3],3,-1,23,-1,4
1,<environment.Job instance at 0x7fdfc8087e60>,3,13,[8 3],4,-1,17,-1,4
1,<environment.Job instance at 0x7fdfc8e4c690>,4,17,[8 5],5,-1,22,-1,5
1,<environment.Job instance at 0x7fdfc8e4c320>,6,23,[5 5],7,-1,30,-1,7
1,<environment.Job instance at 0x7fdfc8e4ce60>,8,14,[9 5],9,-1,24,-1,10
1,<environment.Job instance at 0x7fdfc8e4c0a0>,9,25,[7 3],10,-1,35,-1,10
1,<environment.Job instance at 0x7fdfc7e812d0>,13,17,[6 4],14,-1,31,-1,14
1,<environment.Job instance at 0x7fdfc7e810f0>,14,17,[4 7],15,-1,32,-1,15
1,<environment.Job instance at 0x7fdfc7e818c0>,16,13,[10  5],17,-1,31,-1,18
1,<environment.Job instance at 0x7fdfc7e81c80>,22,14,[10  1],23,-1,39,-1,25
1,<environment.Job instance at 0x7fdfc7e81460>,25,14,[5 7],26,-1,40,-1,26
1,<environment.Job instance at 0x7fdfc7e81780>,24,15,[8 1],25,-1,42,-1,27
1,<environment.Job instance at 0x7fdfc8c65280>,28,15,[ 4 10],29,-1,44,-1,29
1,<environment.Job instance at 0x7fdfc8c65500>,30,18,[5 4],31,-1,49,-1,31
1,<environment.Job instance at 0x7fdfc8c65140>,32,19,[6 2],33,-1,52,-1,33
1,<environment.Job instance at 0x7fdfc8c65370>,38,18,[ 4 10],39,-1,57,-1,39
1,<environment.Job instance at 0x7fdfc8c655f0>,39,13,[7 2],40,-1,54,-1,41
1,<environment.Job instance at 0x7fdfc9210870>,43,16,[3 8],44,-1,60,-1,44
1,<environment.Job instance at 0x7fdfc9210c80>,44,16,[9 2],45,-1,61,-1,45
1,<environment.Job instance at 0x7fdfc9210b90>,46,18,[3 6],47,-1,65,-1,47
1,<environment.Job instance at 0x7fdfc92102d0>,47,18,[5 5],48,-1,66,-1,48
1,<environment.Job instance at 0x7fdfc92101e0>,53,18,[4 5],54,-1,72,-1,54
1,<environment.Job instance at 0x7fdfc9210be0>,55,18,[5 8],56,-1,74,-1,56
1,<environment.Job instance at 0x7fdfc9210500>,56,18,[3 9],57,-1,75,-1,57
1,<environment.Job instance at 0x7fdfc8a503c0>,6,23,[5 5],7,-1,39,-1,16
1,<environment.Job instance at 0x7fdfc926e910>,10,1,[12  5],11,-1,19,-1,18
1,<environment.Job instance at 0x7fdfd19155a0>,9,25,[7 3],10,-1,43,-1,18
1,<environment.Job instance at 0x7fdfc7c5daf0>,21,3,[ 3 11],22,-1,52,-1,49
1,<environment.Job instance at 0x7fdfc9250a00>,5,16,[6 5],6,-1,22,-1,6
1,<environment.Job instance at 0x7fdfc9250280>,6,12,[ 1 10],7,-1,20,-1,8
1,<environment.Job instance at 0x7fdfd18d3e60>,7,18,[9 4],8,-1,26,-1,8
1,<environment.Job instance at 0x7fdfc92506e0>,8,15,[1 8],9,-1,27,-1,12
1,<environment.Job instance at 0x7fdfc8a116e0>,19,18,[1 9],20,-1,38,-1,20
1,<environment.Job instance at 0x7fdfc8dbb2d0>,21,14,[6 1],22,-1,38,-1,24
1,<environment.Job instance at 0x7fdfc8dbb640>,23,14,[4 8],24,-1,38,-1,24
1,<environment.Job instance at 0x7fdfc8dbbeb0>,24,17,[3 7],25,-1,42,-1,25
1,<environment.Job instance at 0x7fdfc8dbb870>,26,14,[7 5],27,-1,44,-1,30
1,<environment.Job instance at 0x7fdfc8dbb730>,30,18,[5 5],31,-1,49,-1,31
1,<environment.Job instance at 0x7fdfc8dbb1e0>,31,14,[ 1 10],32,-1,46,-1,32
1,<environment.Job instance at 0x7fdfc8dbb9b0>,33,18,[5 2],34,-1,52,-1,34
1,<environment.Job instance at 0x7fdfc8dbb3c0>,34,16,[7 5],35,-1,51,-1,35
1,<environment.Job instance at 0x7fdfc8dbbb90>,36,12,[8 3],37,-1,49,-1,37
1,<environment.Job instance at 0x7fdfc857dd70>,44,15,[10  2],45,-1,60,-1,45
1,<environment.Job instance at 0x7fdfc857d5f0>,45,20,[10  3],46,-1,66,-1,46
1,<environment.Job instance at 0x7fdfc857d500>,46,12,[3 5],47,-1,59,-1,47
1,<environment.Job instance at 0x7fdfc857d460>,52,18,[9 2],53,-1,71,-1,53
1,<environment.Job instance at 0x7fdfc857de60>,54,14,[5 9],55,-1,69,-1,55
1,<environment.Job instance at 0x7fdfc857d230>,57,23,[6 1],58,-1,81,-1,58
1,<environment.Job instance at 0x7fdfc872c320>,2,13,[14  2],3,-1,16,-1,3
1,<environment.Job instance at 0x7fdfc808f690>,20,2,[ 4 14],21,-1,46,-1,44
1,<environment.Job instance at 0x7fdfc87f50a0>,6,18,[ 2 10],7,-1,25,-1,7
1,<environment.Job instance at 0x7fdfc87f5410>,7,17,[5 5],8,-1,25,-1,8
1,<environment.Job instance at 0x7fdfc87f5b40>,8,14,[9 5],9,-1,23,-1,9
1,<environment.Job instance at 0x7fdfc87f5730>,9,14,[8 5],10,-1,24,-1,10
1,<environment.Job instance at 0x7fdfc7b3cd20>,10,25,[9 4],11,-1,36,-1,11
1,<environment.Job instance at 0x7fdfc7b441e0>,12,17,[1 5],13,-1,30,-1,13
1,<environment.Job instance at 0x7fdfc889be10>,14,28,[ 5 10],15,-1,43,-1,15
1,<environment.Job instance at 0x7fdfc87c26e0>,16,13,[5 9],17,-1,30,-1,17
1,<environment.Job instance at 0x7fdfc87cd820>,17,27,[2 9],18,-1,45,-1,18
1,<environment.Job instance at 0x7fdfc87cd410>,18,26,[4 9],19,-1,45,-1,19
1,<environment.Job instance at 0x7fdfc87cdb90>,20,18,[5 4],21,-1,39,-1,21
1,<environment.Job instance at 0x7fdfc8d79820>,23,3,[1 6],24,-1,27,-1,24
1,<environment.Job instance at 0x7fdfd1c866e0>,24,16,[8 1],25,-1,41,-1,25
1,<environment.Job instance at 0x7fdfc85365f0>,26,16,[ 5 12],27,-1,43,-1,27
1,<environment.Job instance at 0x7fdfc8868d20>,28,19,[2 7],29,-1,48,-1,29
1,<environment.Job instance at 0x7fdfc91b95a0>,32,22,[5 4],33,-1,55,-1,33
1,<environment.Job instance at 0x7fdfc91b90f0>,34,13,[5 8],35,-1,48,-1,35
1,<environment.Job instance at 0x7fdfc91b9c80>,35,13,[5 5],36,-1,49,-1,36
1,<environment.Job instance at 0x7fdfc91b91e0>,36,18,[1 5],37,-1,55,-1,37
1,<environment.Job instance at 0x7fdfc91b9aa0>,38,17,[7 5],39,-1,56,-1,39
1,<environment.Job instance at 0x7fdfc91b9e10>,39,13,[4 8],40,-1,53,-1,40
1,<environment.Job instance at 0x7fdfc91b9b40>,40,17,[10  1],41,-1,58,-1,41
1,<environment.Job instance at 0x7fdfc7bc7410>,41,16,[2 5],42,-1,58,-1,42
1,<environment.Job instance at 0x7fdfc7bc77d0>,43,16,[1 5],44,-1,60,-1,44
1,<environment.Job instance at 0x7fdfc7bc7aa0>,45,15,[5 4],46,-1,61,-1,46
1,<environment.Job instance at 0x7fdfc7c5e640>,51,18,[4 9],52,-1,70,-1,52
1,<environment.Job instance at 0x7fdfc7f1bf00>,54,19,[2 5],55,-1,74,-1,55
1,<environment.Job instance at 0x7fdfc7f1baf0>,56,14,[5 4],57,-1,71,-1,57
1,<environment.Job instance at 0x7fdfc896de10>,58,12,[1 9],59,-1,71,-1,59
1,<environment.Job instance at 0x7fdfc85f2550>,10,25,[9 4],11,-1,46,-1,21
1,<environment.Job instance at 0x7fdfc8408960>,14,28,[ 5 10],15,-1,65,-1,37
1,<environment.Job instance at 0x7fdfc8680500>,17,27,[2 9],18,-1,65,-1,38
1,<environment.Job instance at 0x7fdfc8680f00>,18,26,[4 9],19,-1,64,-1,38
1,<environment.Job instance at 0x7fdfc8bbb640>,26,16,[ 5 12],27,-1,72,-1,56
1,<environment.Job instance at 0x7f54fd8fe6e0>,0,13,[9 3],1,-1,15,-1,2
1,<environment.Job instance at 0x7f54fd8fe8c0>,1,22,[11  3],2,-1,24,-1,2
1,<environment.Job instance at 0x7f54fd8fe730>,2,22,[4 8],3,-1,25,-1,3
1,<environment.Job instance at 0x7f54f42b8140>,9,18,[11  5],10,-1,28,-1,10
1,<environment.Job instance at 0x7f54f42b80a0>,11,15,[4 8],12,-1,27,-1,12
1,<environment.Job instance at 0x7f54f42b83c0>,12,26,[ 1 10],13,-1,39,-1,13
1,<environment.Job instance at 0x7f54f42b82d0>,13,18,[ 4 10],14,-1,32,-1,14
1,<environment.Job instance at 0x7f54f42b8500>,15,18,[2 8],16,-1,34,-1,16
1,<environment.Job instance at 0x7f54f42b86e0>,16,16,[3 5],17,-1,33,-1,17
1,<environment.Job instance at 0x7f54f42b8910>,19,14,[3 5],20,-1,34,-1,20
1,<environment.Job instance at 0x7f54f42b8c30>,23,27,[1 6],24,-1,51,-1,24
1,<environment.Job instance at 0x7f54f42b8cd0>,24,18,[2 6],25,-1,43,-1,25
1,<environment.Job instance at 0x7f54f42b8f00>,26,3,[3 7],27,-1,30,-1,27
1,<environment.Job instance at 0x7f54f42bb0a0>,27,15,[8 4],28,-1,43,-1,28
1,<environment.Job instance at 0x7f54f42bb140>,28,23,[10  4],29,-1,52,-1,29
1,<environment.Job instance at 0x7f54f42bb1e0>,29,12,[5 4],30,-1,42,-1,30
1,<environment.Job instance at 0x7f54f42bb280>,30,14,[5 2],31,-1,45,-1,31
1,<environment.Job instance at 0x7f54f42bb320>,31,14,[2 5],32,-1,46,-1,32
1,<environment.Job instance at 0x7f54f42bb460>,33,14,[5 5],34,-1,48,-1,34
1,<environment.Job instance at 0x7f54f42bb5a0>,34,24,[1 8],35,-1,59,-1,35
1,<environment.Job instance at 0x7f54f42bb4b0>,35,15,[9 5],36,-1,51,-1,36
1,<environment.Job instance at 0x7f54f42bbb40>,40,15,[10  3],41,-1,59,-1,44
1,<environment.Job instance at 0x7f54f42bbd70>,43,18,[5 5],44,-1,62,-1,44
1,<environment.Job instance at 0x7f54f42bf0a0>,48,15,[10  1],49,-1,66,-1,51
1,<environment.Job instance at 0x7f54f42bf870>,53,17,[5 7],54,-1,71,-1,54
1,<environment.Job instance at 0x7f54f42bf2d0>,50,16,[12  2],51,-1,70,-1,54
1,<environment.Job instance at 0x7f54f42bfaa0>,56,17,[8 5],57,-1,75,-1,58
1,<environment.Job instance at 0x7f54f42bfb40>,58,14,[2 7],59,-1,73,-1,59
1,<environment.Job instance at 0x7f54f42bfd20>,59,17,[1 6],60,-1,77,-1,60
1,<environment.Job instance at 0x7f54f42bfeb0>,62,22,[6 4],63,-1,85,-1,63
1,<environment.Job instance at 0x7f54f42bf780>,57,18,[2 8],58,-1,81,-1,63
1,<environment.Job instance at 0x7f54f42be0f0>,64,18,[2 9],65,-1,84,-1,66
1,<environment.Job instance at 0x7f54f42be3c0>,65,20,[2 6],66,-1,88,-1,68
1,<environment.Job instance at 0x7f54f42bf050>,1,22,[11  3],2,-1,24,-1,2
1,<environment.Job instance at 0x7f54f42be730>,9,18,[11  5],10,-1,32,-1,14
1,<environment.Job instance at 0x7f54f42beb40>,12,26,[ 1 10],13,-1,82,-1,56
1,<environment.Job instance at 0x7f54f42c33c0>,23,27,[1 6],24,-1,87,-1,60
1,<environment.Job instance at 0x7f54f39fc4b0>,6,19,[4 8],7,-1,26,-1,7
1,<environment.Job instance at 0x7f54f39fc730>,8,12,[10  2],9,-1,22,-1,10
1,<environment.Job instance at 0x7f54f39fd3c0>,10,14,[2 6],11,-1,25,-1,11
1,<environment.Job instance at 0x7f54f39fd410>,11,15,[5 9],12,-1,27,-1,12
1,<environment.Job instance at 0x7f54f39fd050>,12,16,[ 4 10],13,-1,29,-1,13
1,<environment.Job instance at 0x7f54f39fd7d0>,13,20,[7 1],14,-1,34,-1,14
1,<environment.Job instance at 0x7f54f39fd690>,14,18,[3 7],15,-1,33,-1,15
1,<environment.Job instance at 0x7f54f39fd230>,15,17,[3 9],16,-1,33,-1,16
1,<environment.Job instance at 0x7f54f39fd550>,16,18,[9 2],17,-1,35,-1,17
1,<environment.Job instance at 0x7f54f39fc550>,9,13,[9 4],10,-1,35,-1,22
1,<environment.Job instance at 0x7f54f3b30640>,30,18,[2 7],31,-1,50,-1,32
1,<environment.Job instance at 0x7f54f3c26af0>,32,16,[3 9],33,-1,49,-1,33
1,<environment.Job instance at 0x7f54f3b5c690>,33,16,[1 6],34,-1,50,-1,34
1,<environment.Job instance at 0x7f54f3b5cfa0>,34,15,[1 9],35,-1,50,-1,35
1,<environment.Job instance at 0x7f54f3866be0>,37,17,[9 3],38,-1,55,-1,38
1,<environment.Job instance at 0x7f54f394ffa0>,45,16,[7 5],46,-1,66,-1,50
1,<environment.Job instance at 0x7f54f39210f0>,55,21,[4 5],56,-1,77,-1,56
1,<environment.Job instance at 0x7f54f3c27a00>,31,18,[ 1 10],32,-1,75,-1,57
1,<environment.Job instance at 0x7f54f38be190>,57,22,[4 5],58,-1,81,-1,59
1,<environment.Job instance at 0x7f54f3947a00>,49,20,[2 6],50,-1,88,-1,68
1,<environment.Job instance at 0x7f54f3ad3f00>,5,14,[ 4 11],6,-1,20,-1,6
1,<environment.Job instance at 0x7f54f41211e0>,0,16,[2 8],1,-1,18,-1,2
1,<environment.Job instance at 0x7f54f4121f00>,1,13,[5 6],2,-1,18,-1,5
1,<environment.Job instance at 0x7f54f4121730>,6,17,[1 7],7,-1,27,-1,10
1,<environment.Job instance at 0x7f54fda71b40>,11,15,[10  4],12,-1,28,-1,13
1,<environment.Job instance at 0x7f54fda71fa0>,14,14,[8 4],15,-1,29,-1,15
1,<environment.Job instance at 0x7f54f38dfcd0>,18,14,[9 5],19,-1,33,-1,19
1,<environment.Job instance at 0x7f54f38dfe10>,21,15,[1 7],22,-1,37,-1,22
1,<environment.Job instance at 0x7f54fda719b0>,12,14,[1 8],13,-1,36,-1,22
1,<environment.Job instance at 0x7f54f38df1e0>,28,19,[6 4],29,-1,50,-1,31
1,<environment.Job instance at 0x7f54f38c95a0>,33,18,[6 5],34,-1,52,-1,34
1,<environment.Job instance at 0x7f54f38c9230>,35,16,[ 2 10],36,-1,52,-1,36
1,<environment.Job instance at 0x7f54f38c9730>,37,21,[ 3 10],38,-1,59,-1,38
1,<environment.Job instance at 0x7f54f38c93c0>,39,14,[2 6],40,-1,54,-1,40
1,<environment.Job instance at 0x7f54f38c9280>,42,14,[2 9],43,-1,57,-1,43
1,<environment.Job instance at 0x7f54fda69230>,48,21,[9 4],49,-1,70,-1,49
1,<environment.Job instance at 0x7f54fda66500>,49,12,[9 3],50,-1,62,-1,50
1,<environment.Job instance at 0x7f54fda66fa0>,50,18,[10  3],51,-1,69,-1,51
1,<environment.Job instance at 0x7f54fda66aa0>,51,17,[10  2],52,-1,69,-1,52
1,<environment.Job instance at 0x7f54f393a9b0>,56,14,[5 5],57,-1,71,-1,57
1,<environment.Job instance at 0x7f54f393ac80>,60,13,[10  5],61,-1,74,-1,61
1,<environment.Job instance at 0x7f54f393a870>,62,14,[2 7],63,-1,77,-1,63
1,<environment.Job instance at 0x7f54f393adc0>,63,14,[7 5],64,-1,78,-1,64
1,<environment.Job instance at 0x7f54f393a0f0>,65,14,[10  2],66,-1,81,-1,67
1,<environment.Job instance at 0x7f54f38dfeb0>,3,15,[ 1 12],4,-1,19,-1,4
1,<environment.Job instance at 0x7f54f38c9910>,5,3,[ 4 13],6,-1,9,-1,6
1,<environment.Job instance at 0x7f54f38c9eb0>,7,1,[ 1 14],8,-1,9,-1,8
1,<environment.Job instance at 0x7f54f393a640>,20,3,[13  3],21,-1,39,-1,36
1,<environment.Job instance at 0x7f54fda6e690>,25,13,[ 1 14],26,-1,66,-1,53
1,<environment.Job instance at 0x7f54f3947780>,36,2,[11  5],37,-1,70,-1,68
1,<environment.Job instance at 0x7f54f47cca50>,10,18,[4 5],11,-1,30,-1,12
1,<environment.Job instance at 0x7f54f4313730>,11,18,[2 8],12,-1,30,-1,12
1,<environment.Job instance at 0x7f54f47ccdc0>,14,16,[9 4],15,-1,33,-1,17
1,<environment.Job instance at 0x7f54f47cc4b0>,16,14,[10  1],17,-1,31,-1,17
1,<environment.Job instance at 0x7f54f47cc8c0>,17,16,[9 2],18,-1,35,-1,19
1,<environment.Job instance at 0x7f54f3e12690>,18,15,[7 5],19,-1,34,-1,19
1,<environment.Job instance at 0x7f54f3e12af0>,26,19,[2 7],27,-1,48,-1,29
1,<environment.Job instance at 0x7f54f3e12190>,28,18,[6 3],29,-1,47,-1,29
1,<environment.Job instance at 0x7f54fda78640>,33,24,[7 4],34,-1,58,-1,34
1,<environment.Job instance at 0x7f54fda787d0>,34,16,[7 5],35,-1,51,-1,35
1,<environment.Job instance at 0x7f54fda78e60>,30,24,[ 1 10],31,-1,63,-1,39
1,<environment.Job instance at 0x7f54fda784b0>,38,18,[4 6],39,-1,58,-1,40
1,<environment.Job instance at 0x7f54fda788c0>,41,27,[4 7],42,-1,71,-1,44
1,<environment.Job instance at 0x7f54f4825e60>,44,14,[5 5],45,-1,59,-1,45
1,<environment.Job instance at 0x7f54f4825280>,47,17,[5 2],48,-1,65,-1,48
1,<environment.Job instance at 0x7f54f4825f50>,48,18,[4 5],49,-1,67,-1,49
1,<environment.Job instance at 0x7f54fda78b90>,42,26,[8 4],43,-1,77,-1,51
1,<environment.Job instance at 0x7f54fda78550>,43,12,[9 1],44,-1,70,-1,58
1,<environment.Job instance at 0x7f54f47cca00>,13,14,[11  3],14,-1,73,-1,59
1,<environment.Job instance at 0x7f54f4825a00>,58,15,[3 6],59,-1,74,-1,59
1,<environment.Job instance at 0x7f54f4825f00>,55,2,[1 5],56,-1,61,-1,59
1,<environment.Job instance at 0x7f54f4825d70>,57,13,[9 2],58,-1,72,-1,59
1,<environment.Job instance at 0x7f54f4825c80>,59,3,[4 7],60,-1,64,-1,61
1,<environment.Job instance at 0x7f54fda70e60>,61,15,[8 4],62,-1,77,-1,62
1,<environment.Job instance at 0x7f54fda70780>,63,23,[10  1],64,-1,87,-1,64
1,<environment.Job instance at 0x7f54fda70b40>,66,28,[6 5],67,-1,95,-1,67
1,<environment.Job instance at 0x7f54f4741e10>,67,18,[5 9],68,-1,86,-1,68
1,<environment.Job instance at 0x7f54f47cc3c0>,1,3,[13  5],2,-1,5,-1,2
1,<environment.Job instance at 0x7f54fda6e550>,2,2,[ 1 12],3,-1,5,-1,3
1,<environment.Job instance at 0x7f54f4825230>,12,1,[ 4 13],13,-1,14,-1,13
1,<environment.Job instance at 0x7f54f4741d20>,13,14,[11  3],14,-1,28,-1,14
1,<environment.Job instance at 0x7f54f4313cd0>,30,24,[ 1 10],31,-1,91,-1,67
1,<environment.Job instance at 0x7f54f40a70a0>,4,15,[10  4],5,-1,21,-1,6
1,<environment.Job instance at 0x7f54fda6e910>,5,18,[11  3],6,-1,24,-1,6
1,<environment.Job instance at 0x7f54f40d6140>,12,18,[8 2],13,-1,34,-1,16
1,<environment.Job instance at 0x7f54f40a9320>,17,14,[ 1 10],18,-1,32,-1,18
1,<environment.Job instance at 0x7f54f40a9910>,19,16,[9 4],20,-1,36,-1,20
1,<environment.Job instance at 0x7f54f40a91e0>,20,15,[8 2],21,-1,36,-1,21
1,<environment.Job instance at 0x7f54f4dfc820>,22,25,[6 3],23,-1,48,-1,23
1,<environment.Job instance at 0x7f54f40a90a0>,24,17,[9 4],25,-1,42,-1,25
1,<environment.Job instance at 0x7f54f4146b40>,28,17,[3 6],29,-1,46,-1,29
1,<environment.Job instance at 0x7f54f4df09b0>,29,15,[ 5 10],30,-1,45,-1,30
1,<environment.Job instance at 0x7f54f4df01e0>,31,14,[8 2],32,-1,46,-1,32
1,<environment.Job instance at 0x7f54f4def0a0>,33,20,[2 6],34,-1,54,-1,34
1,<environment.Job instance at 0x7f54f40d6aa0>,15,17,[4 6],16,-1,57,-1,40
1,<environment.Job instance at 0x7f54f4e0f320>,45,12,[2 6],46,-1,58,-1,46
1,<environment.Job instance at 0x7f54f4e0fc80>,46,15,[2 7],47,-1,62,-1,47
1,<environment.Job instance at 0x7f54f4e0ff00>,48,15,[7 5],49,-1,64,-1,49
1,<environment.Job instance at 0x7f54f4dde0a0>,49,15,[ 3 10],50,-1,65,-1,50
1,<environment.Job instance at 0x7f54f486bc30>,1,15,[14  1],2,-1,17,-1,2
1,<environment.Job instance at 0x7f54f4737aa0>,5,18,[11  3],6,-1,24,-1,6
1,<environment.Job instance at 0x7f54f47c87d0>,9,28,[5 3],10,-1,38,-1,10
1,<environment.Job instance at 0x7f54f49b9960>,22,25,[6 3],23,-1,73,-1,48
1,<environment.Job instance at 0x7f54f3d61dc0>,0,14,[8 3],1,-1,17,-1,3
1,<environment.Job instance at 0x7f54f3d61b40>,2,12,[8 1],3,-1,15,-1,3
1,<environment.Job instance at 0x7f54f3d619b0>,4,18,[3 6],5,-1,23,-1,5
1,<environment.Job instance at 0x7f54f3d61230>,6,16,[9 2],7,-1,24,-1,8
1,<environment.Job instance at 0x7f54f3d61f00>,7,16,[9 4],8,-1,24,-1,8
1,<environment.Job instance at 0x7f54f3d61910>,10,27,[ 5 10],11,-1,38,-1,11
1,<environment.Job instance at 0x7f54f41950a0>,11,17,[7 5],12,-1,29,-1,12
1,<environment.Job instance at 0x7f54f4195cd0>,14,15,[4 6],15,-1,30,-1,15
1,<environment.Job instance at 0x7f54f41958c0>,16,25,[ 5 10],17,-1,42,-1,17
1,<environment.Job instance at 0x7f54f41953c0>,18,18,[1 5],19,-1,37,-1,19
1,<environment.Job instance at 0x7f54f3d5d0f0>,30,14,[7 5],31,-1,45,-1,31
1,<environment.Job instance at 0x7f54f3d5df00>,35,16,[10  4],36,-1,54,-1,38
1,<environment.Job instance at 0x7f54f3d5d4b0>,38,14,[7 5],39,-1,53,-1,39
1,<environment.Job instance at 0x7f54f3d5f690>,40,18,[9 5],41,-1,59,-1,41
1,<environment.Job instance at 0x7f54f3d5f460>,44,17,[7 2],45,-1,62,-1,45
1,<environment.Job instance at 0x7f54f3d5fc80>,47,15,[2 9],48,-1,63,-1,48
1,<environment.Job instance at 0x7f54f3d5f230>,49,17,[8 1],50,-1,67,-1,50
1,<environment.Job instance at 0x7f54f3d5fa00>,51,17,[2 6],52,-1,69,-1,52
1,<environment.Job instance at 0x7f54f3d07b90>,52,19,[8 2],53,-1,72,-1,53
1,<environment.Job instance at 0x7f54f4716140>,58,14,[ 2 10],59,-1,73,-1,59
1,<environment.Job instance at 0x7f54f4716910>,59,17,[9 1],60,-1,77,-1,60
1,<environment.Job instance at 0x7f54f47165a0>,60,18,[3 5],61,-1,79,-1,61
1,<environment.Job instance at 0x7f54f4716460>,65,13,[ 1 10],66,-1,79,-1,66
1,<environment.Job instance at 0x7f54f3d4bb90>,68,14,[4 6],69,-1,83,-1,69
1,<environment.Job instance at 0x7f54f4825320>,10,27,[ 5 10],11,-1,50,-1,23
1,<environment.Job instance at 0x7f54f41951e0>,16,25,[ 5 10],17,-1,69,-1,44
1,<environment.Job instance at 0x7f54f3ede230>,3,13,[4 9],4,-1,17,-1,4
1,<environment.Job instance at 0x7f54f3ede1e0>,5,14,[7 4],6,-1,20,-1,6
1,<environment.Job instance at 0x7f54f3ede870>,10,16,[10  2],11,-1,28,-1,12
1,<environment.Job instance at 0x7f54f3edeaf0>,14,21,[7 2],15,-1,36,-1,15
1,<environment.Job instance at 0x7f54f3edea50>,15,12,[ 1 10],16,-1,28,-1,16
1,<environment.Job instance at 0x7f54f3edeeb0>,18,16,[6 3],19,-1,35,-1,19
1,<environment.Job instance at 0x7f54f3eded70>,19,14,[5 7],20,-1,34,-1,20
1,<environment.Job instance at 0x7f54f3edf0a0>,20,18,[4 7],21,-1,39,-1,21
1,<environment.Job instance at 0x7f54f3edf140>,21,14,[1 5],22,-1,36,-1,22
1,<environment.Job instance at 0x7f54f3edf1e0>,22,14,[ 1 11],23,-1,37,-1,23
1,<environment.Job instance at 0x7f54f3edf280>,23,14,[2 7],24,-1,38,-1,24
1,<environment.Job instance at 0x7f54f41465a0>,11,13,[4 5],12,-1,40,-1,27
1,<environment.Job instance at 0x7f54f3edf820>,28,15,[8 5],29,-1,45,-1,30
1,<environment.Job instance at 0x7f54f3edf960>,29,27,[1 5],30,-1,57,-1,30
1,<environment.Job instance at 0x7f54f3eda0a0>,36,18,[4 6],37,-1,55,-1,37
1,<environment.Job instance at 0x7f54f3eda4b0>,43,2,[9 1],44,-1,46,-1,44
1,<environment.Job instance at 0x7f54f3eda870>,44,2,[1 8],45,-1,47,-1,45
1,<environment.Job instance at 0x7f54f3eda690>,45,16,[6 3],46,-1,62,-1,46
1,<environment.Job instance at 0x7f54f3eda730>,42,18,[6 3],43,-1,64,-1,46
1,<environment.Job instance at 0x7f54f3edaeb0>,54,17,[8 5],55,-1,84,-1,67
1,<environment.Job instance at 0x7f54f3edadc0>,52,24,[ 3 10],53,-1,91,-1,67
1,<environment.Job instance at 0x7f54f3eda960>,50,15,[7 5],51,-1,82,-1,67
1,<environment.Job instance at 0x7f54f3bbd2d0>,64,16,[10  3],65,-1,83,-1,67
1,<environment.Job instance at 0x7f54f3c867d0>,13,1,[ 5 12],14,-1,18,-1,17
1,<environment.Job instance at 0x7f54f3d4bf50>,22,14,[ 1 11],23,-1,62,-1,48
1,<environment.Job instance at 0x7f54f3d4b370>,24,3,[14  4],25,-1,59,-1,56
1,<environment.Job instance at 0x7f54f3d4b320>,26,2,[13  4],27,-1,64,-1,62
1,<environment.Job instance at 0x7f54f3d4b5a0>,29,27,[1 5],30,-1,94,-1,67
1,<environment.Job instance at 0x7f54f3952cd0>,0,19,[1 5],1,-1,20,-1,1
1,<environment.Job instance at 0x7f54f3952780>,1,18,[2 9],2,-1,20,-1,2
1,<environment.Job instance at 0x7f54f3952e60>,2,18,[10  4],3,-1,21,-1,3
1,<environment.Job instance at 0x7f54f4c05320>,9,15,[9 5],10,-1,25,-1,10
1,<environment.Job instance at 0x7f54f4c051e0>,13,18,[5 9],14,-1,32,-1,14
1,<environment.Job instance at 0x7f54f3bbda00>,14,12,[6 4],15,-1,27,-1,15
1,<environment.Job instance at 0x7f54f3b090a0>,15,21,[2 5],16,-1,37,-1,16
1,<environment.Job instance at 0x7f54f3b09dc0>,18,14,[5 9],19,-1,33,-1,19
1,<environment.Job instance at 0x7f54f3b09820>,19,19,[9 1],20,-1,39,-1,20
1,<environment.Job instance at 0x7f54f3b091e0>,21,16,[6 5],22,-1,38,-1,22
1,<environment.Job instance at 0x7f54f3b00550>,23,27,[1 8],24,-1,51,-1,24
1,<environment.Job instance at 0x7f54f3b00eb0>,26,14,[3 9],27,-1,41,-1,27
1,<environment.Job instance at 0x7f54fd7fbaa0>,29,13,[5 9],30,-1,43,-1,30
1,<environment.Job instance at 0x7f54fd7fbc30>,31,18,[8 4],32,-1,50,-1,32
1,<environment.Job instance at 0x7f54fd7fba00>,34,17,[3 9],35,-1,52,-1,35
1,<environment.Job instance at 0x7f54fd7fbe10>,35,13,[10  4],36,-1,50,-1,37
1,<environment.Job instance at 0x7f54fd7fb410>,37,22,[1 7],38,-1,60,-1,38
1,<environment.Job instance at 0x7f54f4b06f50>,38,2,[5 7],39,-1,41,-1,39
1,<environment.Job instance at 0x7f54f4b06d70>,39,15,[7 1],40,-1,55,-1,40
1,<environment.Job instance at 0x7f54f4b06230>,40,14,[6 4],41,-1,55,-1,41
1,<environment.Job instance at 0x7f54f4b06d20>,41,18,[3 6],42,-1,60,-1,42
1,<environment.Job instance at 0x7f54f4b06960>,42,1,[9 3],43,-1,44,-1,43
1,<environment.Job instance at 0x7f54f4b06410>,43,3,[ 3 14],44,-1,47,-1,44
1,<environment.Job instance at 0x7f54f4b069b0>,44,14,[7 1],45,-1,59,-1,45
1,<environment.Job instance at 0x7f54f4b060a0>,45,25,[6 3],46,-1,71,-1,46
1,<environment.Job instance at 0x7f54f4b06140>,46,2,[5 1],47,-1,49,-1,47
1,<environment.Job instance at 0x7f54fd7fb0f0>,36,16,[5 5],37,-1,63,-1,47
1,<environment.Job instance at 0x7f54f4b067d0>,48,16,[8 5],49,-1,66,-1,50
1,<environment.Job instance at 0x7f54f3ad3500>,49,18,[7 5],50,-1,68,-1,50
1,<environment.Job instance at 0x7f54f3ad32d0>,52,16,[9 2],53,-1,69,-1,53
1,<environment.Job instance at 0x7f54f3ad3cd0>,53,15,[6 3],54,-1,69,-1,54
1,<environment.Job instance at 0x7f54f3ad35a0>,55,18,[7 5],56,-1,74,-1,56
1,<environment.Job instance at 0x7f54f45e9780>,58,17,[10  3],59,-1,77,-1,60
1,<environment.Job instance at 0x7f54f45e9960>,60,1,[6 3],61,-1,62,-1,61
1,<environment.Job instance at 0x7f54f45e90a0>,61,22,[ 1 10],62,-1,84,-1,62
1,<environment.Job instance at 0x7f54f45e9140>,62,18,[5 1],63,-1,81,-1,63
1,<environment.Job instance at 0x7f54f45e9e60>,63,2,[5 6],64,-1,66,-1,64
1,<environment.Job instance at 0x7f54f45e9640>,64,2,[2 5],65,-1,67,-1,65
1,<environment.Job instance at 0x7f54f45e9690>,65,3,[6 5],66,-1,69,-1,66
1,<environment.Job instance at 0x7f54f45e9730>,66,3,[8 2],67,-1,70,-1,67
1,<environment.Job instance at 0x7f54f45e93c0>,59,27,[ 5 10],60,-1,94,-1,67
1,<environment.Job instance at 0x7f54f45e9a50>,68,20,[6 2],69,-1,89,-1,69
1,<environment.Job instance at 0x7f54f3ede140>,5,2,[14  5],6,-1,8,-1,6
1,<environment.Job instance at 0x7f54f4716500>,23,27,[1 8],24,-1,89,-1,62
1,<environment.Job instance at 0x7f54f42e3c80>,5,17,[7 1],6,-1,23,-1,6
1,<environment.Job instance at 0x7f54f42e33c0>,7,18,[1 7],8,-1,26,-1,8
1,<environment.Job instance at 0x7f54f42e3230>,9,14,[10  1],10,-1,26,-1,12
1,<environment.Job instance at 0x7f54f46f6d20>,12,18,[5 5],13,-1,31,-1,13
1,<environment.Job instance at 0x7f54f46f6820>,14,12,[8 4],15,-1,27,-1,15
1,<environment.Job instance at 0x7f54f46f6190>,15,15,[7 4],16,-1,31,-1,16
1,<environment.Job instance at 0x7f54f46f67d0>,18,21,[5 8],19,-1,40,-1,19
1,<environment.Job instance at 0x7f54f46f6050>,19,17,[7 2],20,-1,37,-1,20
1,<environment.Job instance at 0x7f54f46f65a0>,20,12,[8 1],21,-1,33,-1,21
1,<environment.Job instance at 0x7f54f46f6af0>,21,28,[2 8],22,-1,50,-1,22
1,<environment.Job instance at 0x7f54f46f69b0>,22,18,[5 1],23,-1,41,-1,23
1,<environment.Job instance at 0x7f54f46f6fa0>,23,27,[9 3],24,-1,51,-1,24
1,<environment.Job instance at 0x7f54f46f6b40>,24,12,[6 5],25,-1,37,-1,25
1,<environment.Job instance at 0x7f54f46f6a50>,26,28,[1 7],27,-1,55,-1,27
1,<environment.Job instance at 0x7f54f3814a50>,27,12,[ 4 10],28,-1,40,-1,28
1,<environment.Job instance at 0x7f54f46f6910>,11,14,[10  4],12,-1,42,-1,28
1,<environment.Job instance at 0x7f54fd3e9820>,45,3,[8 5],46,-1,49,-1,46
1,<environment.Job instance at 0x7f54fd3e9960>,46,12,[7 1],47,-1,59,-1,47
1,<environment.Job instance at 0x7f54f3856780>,55,15,[ 2 11],56,-1,75,-1,60
1,<environment.Job instance at 0x7f54f4354960>,60,15,[9 4],61,-1,76,-1,61
1,<environment.Job instance at 0x7f54f3b52b40>,59,14,[3 7],60,-1,81,-1,67
1,<environment.Job instance at 0x7f54f3814dc0>,36,28,[9 2],37,-1,95,-1,67
1,<environment.Job instance at 0x7f54f49f6a50>,63,20,[5 4],64,-1,87,-1,67
1,<environment.Job instance at 0x7f54f3856870>,50,14,[6 4],51,-1,81,-1,67
1,<environment.Job instance at 0x7f54f44679b0>,6,13,[11  1],7,-1,20,-1,7
1,<environment.Job instance at 0x7f54f4464500>,8,12,[ 5 12],9,-1,21,-1,9
1,<environment.Job instance at 0x7f54f39b4230>,21,28,[2 8],22,-1,82,-1,54
1,<environment.Job instance at 0x7f54f4c22d70>,4,15,[10  3],5,-1,21,-1,6
1,<environment.Job instance at 0x7f54f4c22dc0>,6,21,[6 5],7,-1,28,-1,7
1,<environment.Job instance at 0x7f54f4c1ffa0>,7,13,[9 4],8,-1,21,-1,8
1,<environment.Job instance at 0x7f54f4c1fa50>,9,17,[5 9],10,-1,27,-1,10
1,<environment.Job instance at 0x7f54f4c1fd20>,10,15,[4 5],11,-1,26,-1,11
1,<environment.Job instance at 0x7f54f4c1fd70>,11,27,[5 1],12,-1,39,-1,12
1,<environment.Job instance at 0x7f54fd4cf7d0>,12,21,[1 6],13,-1,34,-1,13
1,<environment.Job instance at 0x7f54fd4cf050>,13,17,[8 5],14,-1,31,-1,14
1,<environment.Job instance at 0x7f54fd4cf910>,15,16,[4 5],16,-1,32,-1,16
1,<environment.Job instance at 0x7f54fd4cf370>,16,25,[8 3],17,-1,42,-1,17
1,<environment.Job instance at 0x7f54fd4cf1e0>,18,16,[ 5 10],19,-1,35,-1,19
1,<environment.Job instance at 0x7f54f47de5a0>,19,18,[7 3],20,-1,38,-1,20
1,<environment.Job instance at 0x7f54f47ded20>,20,16,[9 2],21,-1,37,-1,21
1,<environment.Job instance at 0x7f54f47dec80>,21,19,[10  1],22,-1,41,-1,22
1,<environment.Job instance at 0x7f54f4c22870>,26,25,[ 5 10],27,-1,52,-1,27
1,<environment.Job instance at 0x7f54f4ead640>,32,18,[5 9],33,-1,51,-1,33
1,<environment.Job instance at 0x7f54f4ead230>,33,16,[6 5],34,-1,50,-1,34
1,<environment.Job instance at 0x7f54f3afb5a0>,38,18,[1 9],39,-1,57,-1,39
1,<environment.Job instance at 0x7f54f3afb690>,39,15,[6 3],40,-1,55,-1,40
1,<environment.Job instance at 0x7f54f3afb0f0>,40,15,[3 9],41,-1,56,-1,41
1,<environment.Job instance at 0x7f54f3cf58c0>,44,17,[9 5],45,-1,62,-1,45
1,<environment.Job instance at 0x7f54f3cf5a00>,45,16,[5 3],46,-1,62,-1,46
1,<environment.Job instance at 0x7f54f3cf5460>,48,14,[9 4],49,-1,63,-1,49
1,<environment.Job instance at 0x7f54f387e050>,50,26,[6 3],51,-1,77,-1,51
1,<environment.Job instance at 0x7f54f387e780>,51,14,[4 6],52,-1,66,-1,52
1,<environment.Job instance at 0x7f54f387ed70>,52,17,[ 2 11],53,-1,70,-1,53
1,<environment.Job instance at 0x7f54f387e410>,55,23,[7 1],56,-1,79,-1,56
1,<environment.Job instance at 0x7f54f4bac820>,57,17,[4 9],58,-1,75,-1,58
1,<environment.Job instance at 0x7f54f4bac910>,61,17,[10  4],62,-1,79,-1,62
1,<environment.Job instance at 0x7f54f48310a0>,63,12,[ 1 14],64,-1,76,-1,64
1,<environment.Job instance at 0x7f54f43d8c30>,64,14,[7 4],65,-1,79,-1,65
1,<environment.Job instance at 0x7f54f3b5f690>,65,18,[10  3],66,-1,84,-1,66
1,<environment.Job instance at 0x7f54f3db95a0>,66,13,[13  3],67,-1,80,-1,67
1,<environment.Job instance at 0x7f54f3db91e0>,67,18,[3 6],68,-1,86,-1,68
1,<environment.Job instance at 0x7f54f49740a0>,0,16,[14  3],1,-1,17,-1,1
1,<environment.Job instance at 0x7f54f4890960>,11,27,[5 1],12,-1,53,-1,26
1,<environment.Job instance at 0x7f54f38af230>,17,13,[13  1],18,-1,43,-1,30
1,<environment.Job instance at 0x7f54f3bddcd0>,16,25,[8 3],17,-1,70,-1,45
1,<environment.Job instance at 0x7f54f4db19b0>,4,18,[4 7],5,-1,23,-1,5
1,<environment.Job instance at 0x7f54f4d6daa0>,6,17,[5 5],7,-1,24,-1,7
1,<environment.Job instance at 0x7f54f3a312d0>,13,16,[4 9],14,-1,30,-1,14
1,<environment.Job instance at 0x7f54f46f6960>,19,18,[9 5],20,-1,38,-1,20
1,<environment.Job instance at 0x7f54f3c7ec30>,24,17,[6 5],25,-1,43,-1,26
1,<environment.Job instance at 0x7f54f472c910>,11,14,[ 3 14],12,-1,32,-1,18
1,<environment.Job instance at 0x7f54f45045a0>,15,13,[ 1 12],16,-1,35,-1,22
1,<environment.Job instance at 0x7f54f4504c80>,16,17,[11  2],17,-1,39,-1,22
1,<environment.Job instance at 0x7f54f38e9dc0>,20,28,[5 6],21,-1,66,-1,38
1,<environment.Job instance at 0x7f54f3b00cd0>,23,28,[ 1 11],24,-1,68,-1,40
1,<environment.Job instance at 0x7f54f4168820>,25,23,[5 3],26,-1,66,-1,43
1,<environment.Job instance at 0x7f54f46f6640>,26,14,[13  5],27,-1,57,-1,43
1,<environment.Job instance at 0x7f54f4974b90>,30,13,[12  5],31,-1,69,-1,56
1,<environment.Job instance at 0x7f54f3bcc820>,2,18,[9 4],3,-1,22,-1,4
1,<environment.Job instance at 0x7f54f3bcc640>,3,18,[ 4 10],4,-1,23,-1,5
1,<environment.Job instance at 0x7f54f46a8e10>,7,15,[ 5 10],8,-1,24,-1,9
1,<environment.Job instance at 0x7f54f46a8780>,9,2,[13  5],10,-1,12,-1,10
1,<environment.Job instance at 0x7f54f46a8050>,8,17,[5 7],9,-1,27,-1,10
1,<environment.Job instance at 0x7f54f3626b90>,11,16,[ 4 10],12,-1,31,-1,15
1,<environment.Job instance at 0x7f54f36260f0>,15,16,[4 6],16,-1,32,-1,16
1,<environment.Job instance at 0x7f54f3626f00>,16,18,[9 4],17,-1,35,-1,17
1,<environment.Job instance at 0x7f54f4543500>,19,16,[2 8],20,-1,36,-1,20
1,<environment.Job instance at 0x7f54f45bfbe0>,23,18,[ 5 10],24,-1,42,-1,24
1,<environment.Job instance at 0x7f54f45bf280>,24,20,[9 5],25,-1,45,-1,25
1,<environment.Job instance at 0x7f54f45bfdc0>,25,17,[7 4],26,-1,43,-1,26
1,<environment.Job instance at 0x7f54f454b960>,26,18,[4 6],27,-1,45,-1,27
1,<environment.Job instance at 0x7f54f4df0fa0>,27,14,[5 5],28,-1,42,-1,28
1,<environment.Job instance at 0x7f54f4d1e5a0>,33,17,[10  5],34,-1,51,-1,34
1,<environment.Job instance at 0x7f54f45f3910>,34,17,[3 6],35,-1,52,-1,35
1,<environment.Job instance at 0x7f54f453fc80>,37,16,[1 5],38,-1,54,-1,38
1,<environment.Job instance at 0x7f54fd8422d0>,47,25,[9 4],48,-1,78,-1,53
1,<environment.Job instance at 0x7f54f4387280>,50,16,[2 8],51,-1,69,-1,53
1,<environment.Job instance at 0x7f54f4831aa0>,0,25,[2 8],1,-1,26,-1,1
1,<environment.Job instance at 0x7f54f378ab90>,4,3,[ 3 14],5,-1,8,-1,5
1,<environment.Job instance at 0x7f54f372b0a0>,9,2,[13  5],10,-1,17,-1,15
1,<environment.Job instance at 0x7f54f3e1d910>,18,1,[ 3 12],19,-1,53,-1,52
1,<environment.Job instance at 0x7f54f3c04dc0>,2,18,[5 8],3,-1,21,-1,3
1,<environment.Job instance at 0x7f54f3c043c0>,5,23,[8 2],6,-1,29,-1,6
1,<environment.Job instance at 0x7f54f3c04370>,10,16,[5 9],11,-1,27,-1,11
1,<environment.Job instance at 0x7f54f3c04c80>,11,15,[9 5],12,-1,27,-1,12
1,<environment.Job instance at 0x7f54f3c04140>,12,14,[9 1],13,-1,28,-1,14
1,<environment.Job instance at 0x7f54f3c04a50>,15,3,[11  2],16,-1,19,-1,16
1,<environment.Job instance at 0x7f54f4428050>,13,18,[ 2 11],14,-1,34,-1,16
1,<environment.Job instance at 0x7f54f40ed5a0>,18,14,[8 1],19,-1,34,-1,20
1,<environment.Job instance at 0x7f54f40edf50>,20,18,[5 8],21,-1,39,-1,21
1,<environment.Job instance at 0x7f54f40ed8c0>,21,17,[3 7],22,-1,39,-1,22
1,<environment.Job instance at 0x7f54f40ed910>,22,23,[7 1],23,-1,46,-1,23
1,<environment.Job instance at 0x7f54f40ed960>,19,16,[ 4 10],20,-1,40,-1,24
1,<environment.Job instance at 0x7f54f40ed410>,24,14,[10  1],25,-1,44,-1,30
1,<environment.Job instance at 0x7f54f40ed140>,29,13,[ 2 10],30,-1,43,-1,30
1,<environment.Job instance at 0x7f54f40ed190>,30,15,[4 9],31,-1,46,-1,31
1,<environment.Job instance at 0x7f54f40e80a0>,33,16,[8 2],34,-1,50,-1,34
1,<environment.Job instance at 0x7f54f4ba4e60>,36,17,[9 3],37,-1,57,-1,40
1,<environment.Job instance at 0x7f54fd434eb0>,40,15,[9 1],41,-1,56,-1,41
1,<environment.Job instance at 0x7f54fd4341e0>,39,15,[5 6],40,-1,58,-1,43
1,<environment.Job instance at 0x7f54f3a797d0>,43,16,[ 4 10],44,-1,60,-1,44
1,<environment.Job instance at 0x7f54f3e6eeb0>,44,18,[1 8],45,-1,63,-1,45
1,<environment.Job instance at 0x7f54f3e6e460>,48,18,[5 8],49,-1,67,-1,49
1,<environment.Job instance at 0x7f54f3e6e4b0>,50,20,[9 5],51,-1,71,-1,51
1,<environment.Job instance at 0x7f54f3bfd500>,54,15,[7 5],55,-1,73,-1,58
1,<environment.Job instance at 0x7f54f4e10910>,61,18,[3 7],62,-1,80,-1,62
1,<environment.Job instance at 0x7f54f4e05410>,62,17,[1 9],63,-1,80,-1,63
1,<environment.Job instance at 0x7f54f3ce1d20>,64,22,[9 5],65,-1,87,-1,65
1,<environment.Job instance at 0x7f54f3b93140>,5,23,[8 2],6,-1,31,-1,8
1,<environment.Job instance at 0x7f54f3b87640>,13,18,[ 2 11],14,-1,34,-1,16
1,<environment.Job instance at 0x7f54f3ae1e60>,15,3,[11  2],16,-1,21,-1,18
1,<environment.Job instance at 0x7f54f3ac6fa0>,22,23,[7 1],23,-1,76,-1,53
1,<environment.Job instance at 0x7f54f3abe960>,25,3,[13  2],26,-1,71,-1,68
1,<environment.Job instance at 0x7f54f3b6e140>,28,1,[13  4],29,-1,70,-1,69
1,<environment.Job instance at 0x7f54f45dfb90>,4,14,[10  4],5,-1,20,-1,6
1,<environment.Job instance at 0x7f54f3e1daa0>,8,12,[10  1],9,-1,22,-1,10
1,<environment.Job instance at 0x7f54fd842230>,10,16,[9 2],11,-1,27,-1,11
1,<environment.Job instance at 0x7f54f4747a50>,15,12,[5 9],16,-1,28,-1,16
1,<environment.Job instance at 0x7f54f45f4190>,17,17,[8 2],18,-1,35,-1,18
1,<environment.Job instance at 0x7f54f45f4820>,18,17,[1 6],19,-1,36,-1,19
1,<environment.Job instance at 0x7f54f45f4730>,19,17,[9 2],20,-1,37,-1,20
1,<environment.Job instance at 0x7f54f3d28e10>,22,15,[2 9],23,-1,38,-1,23
1,<environment.Job instance at 0x7f54f3546fa0>,25,16,[11  3],26,-1,42,-1,26
1,<environment.Job instance at 0x7f54f4113e60>,27,16,[3 5],28,-1,44,-1,28
1,<environment.Job instance at 0x7f54f48105f0>,33,18,[ 2 10],34,-1,52,-1,34
1,<environment.Job instance at 0x7f54f42ef8c0>,34,17,[8 3],35,-1,52,-1,35
1,<environment.Job instance at 0x7f54f4244640>,37,17,[7 4],38,-1,55,-1,38
1,<environment.Job instance at 0x7f54f497aa00>,38,15,[8 3],39,-1,54,-1,39
1,<environment.Job instance at 0x7f54f430b2d0>,39,16,[10  5],40,-1,56,-1,40
1,<environment.Job instance at 0x7f54f430b7d0>,41,16,[5 3],42,-1,58,-1,42
1,<environment.Job instance at 0x7f54f430b050>,45,17,[ 2 10],46,-1,64,-1,47
1,<environment.Job instance at 0x7f54f3cb1910>,50,18,[9 2],51,-1,69,-1,51
1,<environment.Job instance at 0x7f54f3b40c80>,53,14,[5 5],54,-1,68,-1,54
1,<environment.Job instance at 0x7f54f3cb7460>,0,13,[11  4],1,-1,14,-1,1
1,<environment.Job instance at 0x7f54f3b7bb90>,1,12,[ 1 13],2,-1,14,-1,2
1,<environment.Job instance at 0x7f54f350f3c0>,12,17,[ 2 14],13,-1,37,-1,20
1,<environment.Job instance at 0x7f54f3b6e460>,25,16,[11  3],26,-1,81,-1,65
1,<environment.Job instance at 0x7f54f495dd70>,1,14,[9 5],2,-1,17,-1,3
1,<environment.Job instance at 0x7f54f4687f50>,2,15,[7 3],3,-1,18,-1,3
1,<environment.Job instance at 0x7f54f36b56e0>,9,15,[8 5],10,-1,25,-1,10
1,<environment.Job instance at 0x7f54f36b5640>,11,13,[9 4],12,-1,25,-1,12
1,<environment.Job instance at 0x7f54f36b59b0>,12,16,[1 7],13,-1,29,-1,13
1,<environment.Job instance at 0x7f54f36b5a50>,13,13,[3 7],14,-1,27,-1,14
1,<environment.Job instance at 0x7f54f36b5d70>,17,16,[7 2],18,-1,34,-1,18
1,<environment.Job instance at 0x7f54f36b5f50>,22,14,[9 3],23,-1,48,-1,34
1,<environment.Job instance at 0x7f54f36a9870>,31,18,[5 9],32,-1,52,-1,34
1,<environment.Job instance at 0x7f54f36a96e0>,28,15,[7 1],29,-1,49,-1,34
1,<environment.Job instance at 0x7f54f36a9500>,26,16,[4 9],27,-1,50,-1,34
1,<environment.Job instance at 0x7f54f36a9f50>,35,17,[10  3],36,-1,54,-1,37
1,<environment.Job instance at 0x7f54f36a6050>,37,16,[8 4],38,-1,54,-1,38
1,<environment.Job instance at 0x7f54f36a6190>,38,14,[6 3],39,-1,61,-1,47
1,<environment.Job instance at 0x7f54f36a6730>,42,19,[8 3],43,-1,69,-1,50
1,<environment.Job instance at 0x7f54f36b53c0>,4,19,[9 1],5,-1,69,-1,50
1,<environment.Job instance at 0x7f54f36a6370>,40,17,[8 4],41,-1,67,-1,50
1,<environment.Job instance at 0x7f54f36a6230>,41,14,[ 5 10],42,-1,64,-1,50
1,<environment.Job instance at 0x7f54f36a66e0>,43,13,[8 3],44,-1,63,-1,50
1,<environment.Job instance at 0x7f54f36a67d0>,46,23,[5 5],47,-1,73,-1,50
1,<environment.Job instance at 0x7f54f36d7730>,49,25,[7 3],50,-1,75,-1,50
1,<environment.Job instance at 0x7f54f36a6500>,44,17,[8 5],45,-1,69,-1,52
1,<environment.Job instance at 0x7f54f36d7320>,54,17,[4 7],55,-1,73,-1,56
1,<environment.Job instance at 0x7f54f36e1fa0>,56,13,[10  5],57,-1,70,-1,57
1,<environment.Job instance at 0x7f54f36e1500>,53,17,[6 4],54,-1,82,-1,65
1,<environment.Job instance at 0x7f54f36e1690>,62,14,[10  1],63,-1,79,-1,65
1,<environment.Job instance at 0x7f54f35f4dc0>,67,15,[3 9],68,-1,84,-1,69
1,<environment.Job instance at 0x7f54f42e74b0>,0,25,[ 1 14],1,-1,26,-1,1
1,<environment.Job instance at 0x7f54f42e7af0>,3,1,[ 4 13],4,-1,5,-1,4
1,<environment.Job instance at 0x7f54f4151aa0>,5,3,[ 4 11],6,-1,9,-1,6
1,<environment.Job instance at 0x7f54f414be60>,18,3,[11  1],19,-1,40,-1,37
1,<environment.Job instance at 0x7f54f36b1a50>,0,18,[5 4],1,-1,19,-1,1
1,<environment.Job instance at 0x7f54f36b1fa0>,8,18,[ 4 10],9,-1,28,-1,10
1,<environment.Job instance at 0x7f54f36b1370>,10,14,[2 6],11,-1,25,-1,11
1,<environment.Job instance at 0x7f54f36b1e60>,13,16,[3 8],14,-1,30,-1,14
1,<environment.Job instance at 0x7f54f36b1be0>,14,16,[9 2],15,-1,31,-1,15
1,<environment.Job instance at 0x7f54f41edd20>,16,18,[3 6],17,-1,35,-1,17
1,<environment.Job instance at 0x7f54f41ed370>,17,18,[5 5],18,-1,36,-1,18
1,<environment.Job instance at 0x7f54f41ed1e0>,23,18,[4 5],24,-1,43,-1,25
1,<environment.Job instance at 0x7f54f41edaf0>,25,18,[5 8],26,-1,44,-1,26
1,<environment.Job instance at 0x7f54f41ed960>,26,18,[3 9],27,-1,45,-1,27
1,<environment.Job instance at 0x7f54f41fe820>,29,23,[4 9],30,-1,53,-1,30
1,<environment.Job instance at 0x7f54f41fea50>,31,16,[6 5],32,-1,48,-1,32
1,<environment.Job instance at 0x7f54f41fe780>,38,15,[1 8],39,-1,54,-1,39
1,<environment.Job instance at 0x7f54f41fe0f0>,34,22,[5 8],35,-1,71,-1,49
1,<environment.Job instance at 0x7f54f3ff85f0>,49,18,[1 9],50,-1,68,-1,50
1,<environment.Job instance at 0x7f54f41fe140>,37,18,[9 4],38,-1,73,-1,55
1,<environment.Job instance at 0x7f54f36d84b0>,53,14,[4 8],54,-1,70,-1,56
1,<environment.Job instance at 0x7f54f36d8500>,56,14,[7 5],57,-1,72,-1,58
1,<environment.Job instance at 0x7f54f36bd320>,59,18,[2 9],60,-1,78,-1,60
1,<environment.Job instance at 0x7f54f36bdd20>,60,18,[5 5],61,-1,79,-1,61
1,<environment.Job instance at 0x7f54f36bd3c0>,61,14,[ 1 10],62,-1,79,-1,65
1,<environment.Job instance at 0x7f54f41ed6e0>,5,3,[14  4],6,-1,9,-1,6
1,<environment.Job instance at 0x7f54f3ff8230>,6,17,[ 1 13],7,-1,24,-1,7
1,<environment.Job instance at 0x7f54f3ff86e0>,7,18,[ 3 12],8,-1,26,-1,8
1,<environment.Job instance at 0x7f54f36bd4b0>,11,2,[11  4],12,-1,14,-1,12
1,<environment.Job instance at 0x7f54f36b1500>,18,22,[ 1 13],19,-1,47,-1,25
1,<environment.Job instance at 0x7f54f41e62d0>,28,2,[11  2],29,-1,67,-1,65
1,<environment.Job instance at 0x7f54f41e65a0>,29,23,[4 9],30,-1,88,-1,65
1,<environment.Job instance at 0x7f54f41e6050>,32,13,[14  2],33,-1,79,-1,66
1,<environment.Job instance at 0x7f54f3b93640>,1,13,[9 1],2,-1,17,-1,4
1,<environment.Job instance at 0x7f54f3b93d20>,3,17,[14  2],4,-1,21,-1,4
1,<environment.Job instance at 0x7f54f3b933c0>,4,15,[10  2],5,-1,21,-1,6
1,<environment.Job instance at 0x7f54f3b93190>,5,20,[10  3],6,-1,26,-1,6
1,<environment.Job instance at 0x7f54f4d6edc0>,12,18,[9 2],13,-1,33,-1,15
1,<environment.Job instance at 0x7f54f4d6e960>,15,14,[6 3],16,-1,30,-1,16
1,<environment.Job instance at 0x7f54f36ff410>,17,23,[6 1],18,-1,41,-1,18
1,<environment.Job instance at 0x7f54fd64e230>,14,14,[5 9],15,-1,32,-1,18
1,<environment.Job instance at 0x7f54f4e073c0>,26,18,[ 2 10],27,-1,45,-1,27
1,<environment.Job instance at 0x7f54f4e07e60>,27,17,[5 5],28,-1,45,-1,28
1,<environment.Job instance at 0x7f54f4e075a0>,28,14,[9 5],29,-1,44,-1,30
1,<environment.Job instance at 0x7f54f4e07b90>,30,25,[9 4],31,-1,56,-1,31
1,<environment.Job instance at 0x7f54f4e07820>,31,15,[7 3],32,-1,47,-1,32
1,<environment.Job instance at 0x7f54f4e07140>,29,14,[8 5],30,-1,46,-1,32
1,<environment.Job instance at 0x7f54f4e07960>,34,28,[ 5 10],35,-1,63,-1,35
1,<environment.Job instance at 0x7f54fd6840f0>,37,27,[2 9],38,-1,65,-1,38
1,<environment.Job instance at 0x7f54fd6845a0>,38,26,[4 9],39,-1,65,-1,39
1,<environment.Job instance at 0x7f54fd684cd0>,40,18,[5 4],41,-1,59,-1,41
1,<environment.Job instance at 0x7f54fd684b90>,41,14,[8 4],42,-1,56,-1,42
1,<environment.Job instance at 0x7f54f4dfe5a0>,44,16,[8 1],45,-1,63,-1,47
1,<environment.Job instance at 0x7f54f4dfe820>,48,19,[2 7],49,-1,68,-1,49
1,<environment.Job instance at 0x7f54f4dfe370>,46,16,[ 5 12],47,-1,65,-1,49
1,<environment.Job instance at 0x7f54f3f91e10>,52,22,[5 4],53,-1,75,-1,53
1,<environment.Job instance at 0x7f54f3f910a0>,54,13,[5 8],55,-1,68,-1,55
1,<environment.Job instance at 0x7f54f3f91910>,56,18,[1 5],57,-1,75,-1,57
1,<environment.Job instance at 0x7f54f3f91730>,58,17,[7 5],59,-1,76,-1,59
1,<environment.Job instance at 0x7f54f3f91640>,60,17,[10  1],61,-1,78,-1,61
1,<environment.Job instance at 0x7f54f3f91d70>,61,16,[2 5],62,-1,78,-1,62
1,<environment.Job instance at 0x7f54f3f91230>,62,15,[2 5],63,-1,78,-1,63
1,<environment.Job instance at 0x7f54fd649e60>,63,16,[1 5],64,-1,80,-1,64
1,<environment.Job instance at 0x7f54fd649c30>,65,15,[5 4],66,-1,81,-1,66
1,<environment.Job instance at 0x7f54f4d6e1e0>,3,17,[14  2],4,-1,21,-1,4
1,<environment.Job instance at 0x7f54fd6843c0>,16,2,[ 5 12],17,-1,37,-1,35
1,<environment.Job instance at 0x7f54fd684280>,17,23,[6 1],18,-1,60,-1,37
1,<environment.Job instance at 0x7f54f4c07190>,0,18,[4 5],1,-1,19,-1,1
1,<environment.Job instance at 0x7f54f4c070a0>,1,18,[4 9],2,-1,20,-1,2
1,<environment.Job instance at 0x7f54f4a43b90>,3,13,[9 3],4,-1,18,-1,5
1,<environment.Job instance at 0x7f54f4a290f0>,5,14,[ 3 10],6,-1,20,-1,6
1,<environment.Job instance at 0x7f54f4a29230>,6,14,[5 4],7,-1,21,-1,7
1,<environment.Job instance at 0x7f54f4a29690>,8,12,[1 9],9,-1,21,-1,9
1,<environment.Job instance at 0x7f54f3a780f0>,4,19,[2 5],5,-1,28,-1,9
1,<environment.Job instance at 0x7f54f4a29460>,13,23,[1 7],14,-1,37,-1,14
1,<environment.Job instance at 0x7f54f3a7fc30>,15,18,[ 2 10],16,-1,34,-1,16
1,<environment.Job instance at 0x7f54f4a32c30>,19,17,[9 1],20,-1,38,-1,21
1,<environment.Job instance at 0x7f54f4a30b40>,22,26,[1 5],23,-1,49,-1,23
1,<environment.Job instance at 0x7f54f4a30b90>,23,17,[ 4 10],24,-1,41,-1,24
1,<environment.Job instance at 0x7f54f4a30a50>,24,15,[5 3],25,-1,40,-1,25
1,<environment.Job instance at 0x7f54f4a304b0>,25,15,[8 3],26,-1,41,-1,26
1,<environment.Job instance at 0x7f54f3b1a190>,27,12,[9 2],28,-1,40,-1,28
1,<environment.Job instance at 0x7f54f45cf910>,30,13,[10  5],31,-1,44,-1,31
1,<environment.Job instance at 0x7f54f4a45af0>,32,22,[5 3],33,-1,55,-1,33
1,<environment.Job instance at 0x7f54f34f4550>,34,15,[4 7],35,-1,50,-1,35
1,<environment.Job instance at 0x7f54f34f7a00>,37,24,[2 8],38,-1,62,-1,38
1,<environment.Job instance at 0x7f54f45c9cd0>,41,16,[4 9],42,-1,58,-1,42
1,<environment.Job instance at 0x7f54f45cb2d0>,51,23,[9 4],52,-1,75,-1,52
1,<environment.Job instance at 0x7f54f45cbb40>,56,16,[9 3],57,-1,81,-1,65
1,<environment.Job instance at 0x7f54fd5074b0>,13,23,[1 7],14,-1,57,-1,34
1,<environment.Job instance at 0x7f54f3bd0cd0>,18,13,[14  3],19,-1,48,-1,35
1,<environment.Job instance at 0x7f54f3bd07d0>,22,26,[1 5],23,-1,72,-1,46
1,<environment.Job instance at 0x7f54f4262050>,0,18,[3 6],1,-1,19,-1,1
1,<environment.Job instance at 0x7f54f427a5a0>,2,16,[1 9],3,-1,19,-1,3
1,<environment.Job instance at 0x7f54f427a1e0>,4,12,[10  3],5,-1,19,-1,7
1,<environment.Job instance at 0x7f54f427a190>,9,12,[4 8],10,-1,22,-1,10
1,<environment.Job instance at 0x7f54f427a410>,10,14,[1 9],11,-1,25,-1,11
1,<environment.Job instance at 0x7f54f426a140>,12,12,[1 7],13,-1,25,-1,13
1,<environment.Job instance at 0x7f54f427aa00>,6,16,[2 7],7,-1,30,-1,14
1,<environment.Job instance at 0x7f54f427a690>,14,17,[10  5],15,-1,33,-1,16
1,<environment.Job instance at 0x7f54f426aeb0>,15,15,[1 6],16,-1,33,-1,18
1,<environment.Job instance at 0x7f54f4ac2280>,25,17,[ 5 10],26,-1,43,-1,26
1,<environment.Job instance at 0x7f54f4ac2500>,27,1,[ 5 10],28,-1,29,-1,28
1,<environment.Job instance at 0x7f54f4a97fa0>,28,12,[6 1],29,-1,41,-1,29
1,<environment.Job instance at 0x7f54f4a979b0>,29,2,[1 9],30,-1,32,-1,30
1,<environment.Job instance at 0x7f54f4a97f00>,30,15,[6 2],31,-1,46,-1,31
1,<environment.Job instance at 0x7f54f4a97af0>,32,16,[5 3],33,-1,49,-1,33
1,<environment.Job instance at 0x7f54f4a97d70>,33,16,[9 5],34,-1,50,-1,34
1,<environment.Job instance at 0x7f54f4a973c0>,34,16,[8 5],35,-1,51,-1,35
1,<environment.Job instance at 0x7f54f4a97280>,37,14,[ 5 10],38,-1,52,-1,38
1,<environment.Job instance at 0x7f54f4a902d0>,45,22,[5 2],46,-1,70,-1,48
1,<environment.Job instance at 0x7f54f4a97370>,42,16,[9 3],43,-1,64,-1,48
1,<environment.Job instance at 0x7f54f4a90050>,44,16,[7 3],45,-1,64,-1,48
1,<environment.Job instance at 0x7f54f4a90550>,48,13,[5 7],49,-1,62,-1,49
1,<environment.Job instance at 0x7f54f4a90230>,50,13,[11  3],51,-1,65,-1,52
1,<environment.Job instance at 0x7f54f4a90320>,51,28,[7 5],52,-1,80,-1,52
1,<environment.Job instance at 0x7f54f363d050>,54,26,[7 1],55,-1,82,-1,56
1,<environment.Job instance at 0x7f54f363dc30>,57,15,[7 2],58,-1,73,-1,58
1,<environment.Job instance at 0x7f54f363db40>,61,18,[4 9],62,-1,80,-1,62
1,<environment.Job instance at 0x7f54f363d280>,62,18,[3 6],63,-1,81,-1,63
1,<environment.Job instance at 0x7f54f363d500>,65,16,[2 7],66,-1,82,-1,66
1,<environment.Job instance at 0x7f54f363d910>,68,18,[8 3],69,-1,87,-1,69
1,<environment.Job instance at 0x7f54f3530280>,17,16,[11  5],18,-1,64,-1,48
1,<environment.Job instance at 0x7f54f4ac2550>,21,3,[13  1],22,-1,68,-1,65
1,<environment.Job instance at 0x7f54f46e8af0>,4,17,[10  3],5,-1,22,-1,5
1,<environment.Job instance at 0x7f54f46e8be0>,5,18,[ 2 11],6,-1,24,-1,6
1,<environment.Job instance at 0x7f54f46e8a50>,7,18,[6 4],8,-1,26,-1,8
1,<environment.Job instance at 0x7f54f46e8cd0>,8,27,[5 1],9,-1,36,-1,9
1,<environment.Job instance at 0x7f54f46e8f50>,9,15,[9 3],10,-1,32,-1,17
1,<environment.Job instance at 0x7f54f411e230>,16,15,[4 7],17,-1,66,-1,51
1,<environment.Job instance at 0x7f54f46d75f0>,37,18,[ 5 10],38,-1,69,-1,51
1,<environment.Job instance at 0x7f54f46d7a50>,38,15,[1 8],39,-1,77,-1,62
1,<environment.Job instance at 0x7f54f3f021e0>,46,18,[ 2 10],47,-1,80,-1,62
1,<environment.Job instance at 0x7f54f3ef87d0>,47,18,[5 9],48,-1,80,-1,62
1,<environment.Job instance at 0x7f54f3ef8a50>,48,3,[6 2],49,-1,65,-1,62
1,<environment.Job instance at 0x7f54f3ef0500>,45,14,[8 4],46,-1,76,-1,62
1,<environment.Job instance at 0x7f54f4dca5a0>,40,13,[7 3],41,-1,77,-1,64
1,<environment.Job instance at 0x7f54f43c9140>,51,14,[4 9],52,-1,78,-1,64
1,<environment.Job instance at 0x7f54f46d7c30>,30,17,[5 9],31,-1,81,-1,64
1,<environment.Job instance at 0x7f54f43c9e10>,52,16,[6 2],53,-1,80,-1,64
1,<environment.Job instance at 0x7f54f3f1eb40>,18,27,[1 7],19,-1,91,-1,64
1,<environment.Job instance at 0x7f54f43c9fa0>,54,15,[2 5],55,-1,79,-1,64
1,<environment.Job instance at 0x7f54f46e5280>,58,25,[5 5],59,-1,90,-1,65
1,<environment.Job instance at 0x7f54f3edbf00>,0,24,[10  5],1,-1,25,-1,1
1,<environment.Job instance at 0x7f54f4abf410>,1,3,[ 4 12],2,-1,5,-1,2
1,<environment.Job instance at 0x7f54f40efdc0>,5,18,[ 2 11],6,-1,24,-1,6
1,<environment.Job instance at 0x7f54f4abf730>,6,13,[11  3],7,-1,20,-1,7
1,<environment.Job instance at 0x7f54f4abf6e0>,8,27,[5 1],9,-1,36,-1,9
1,<environment.Job instance at 0x7f54f4abfa50>,18,27,[1 7],19,-1,63,-1,36
1,<environment.Job instance at 0x7f54f363ddc0>,19,16,[12  5],20,-1,52,-1,36
1,<environment.Job instance at 0x7f54f45ecdc0>,26,1,[14  4],27,-1,42,-1,41
1,<environment.Job instance at 0x7f54f45ec410>,27,17,[13  5],28,-1,58,-1,41
1,<environment.Job instance at 0x7f55629176e0>,0,13,[9 3],1,-1,15,-1,2
1,<environment.Job instance at 0x7f55629178c0>,1,22,[11  3],2,-1,24,-1,2
1,<environment.Job instance at 0x7f5562917730>,2,22,[4 8],3,-1,25,-1,3
1,<environment.Job instance at 0x7f55592d1140>,9,18,[11  5],10,-1,28,-1,10
1,<environment.Job instance at 0x7f55592d10a0>,11,15,[4 8],12,-1,27,-1,12
1,<environment.Job instance at 0x7f55592d13c0>,12,26,[ 1 10],13,-1,39,-1,13
1,<environment.Job instance at 0x7f55592d12d0>,13,18,[ 4 10],14,-1,32,-1,14
1,<environment.Job instance at 0x7f55592d1500>,15,18,[2 8],16,-1,34,-1,16
1,<environment.Job instance at 0x7f55592d16e0>,16,16,[3 5],17,-1,33,-1,17
1,<environment.Job instance at 0x7f55592d1c30>,23,27,[1 6],24,-1,51,-1,24
1,<environment.Job instance at 0x7f55592d1dc0>,24,18,[2 6],25,-1,43,-1,25
1,<environment.Job instance at 0x7f55592d5140>,27,15,[8 4],28,-1,43,-1,28
1,<environment.Job instance at 0x7f55592d52d0>,28,23,[10  4],29,-1,52,-1,29
1,<environment.Job instance at 0x7f55592d50f0>,29,12,[5 4],30,-1,42,-1,30
1,<environment.Job instance at 0x7f55592d53c0>,30,14,[5 2],31,-1,46,-1,32
1,<environment.Job instance at 0x7f55592d55a0>,33,14,[5 5],34,-1,48,-1,34
1,<environment.Job instance at 0x7f55592d5730>,34,24,[1 8],35,-1,59,-1,35
1,<environment.Job instance at 0x7f55592d55f0>,35,15,[9 5],36,-1,51,-1,36
1,<environment.Job instance at 0x7f55592d5c80>,40,15,[10  3],41,-1,56,-1,41
1,<environment.Job instance at 0x7f55592d5dc0>,43,18,[5 5],44,-1,62,-1,44
1,<environment.Job instance at 0x7f55592d71e0>,48,15,[10  1],49,-1,69,-1,54
1,<environment.Job instance at 0x7f55592d7c80>,56,17,[8 5],57,-1,74,-1,57
1,<environment.Job instance at 0x7f55592d7aa0>,54,13,[13  1],55,-1,78,-1,65
1,<environment.Job instance at 0x7f55592d76e0>,50,16,[12  2],51,-1,81,-1,65
1,<environment.Job instance at 0x7f55592d7e60>,57,18,[2 8],58,-1,83,-1,65
1,<environment.Job instance at 0x7f55592d91e0>,64,18,[2 9],65,-1,83,-1,65
1,<environment.Job instance at 0x7f55592d9640>,65,20,[2 6],66,-1,93,-1,73
1,<environment.Job instance at 0x7f55592d96e0>,67,27,[ 1 10],68,-1,100,-1,73
1,<environment.Job instance at 0x7f55592d9be0>,73,13,[6 3],74,-1,88,-1,75
1,<environment.Job instance at 0x7f55592d9870>,69,13,[ 3 12],70,-1,88,-1,75
1,<environment.Job instance at 0x7f55592d9e10>,75,14,[ 4 11],76,-1,90,-1,76
1,<environment.Job instance at 0x7f55592d7f00>,59,17,[1 6],60,-1,95,-1,78
1,<environment.Job instance at 0x7f55592d9fa0>,76,19,[4 8],77,-1,98,-1,79
1,<environment.Job instance at 0x7f55592da140>,78,12,[10  2],79,-1,91,-1,79
1,<environment.Job instance at 0x7f55592d5e10>,1,22,[11  3],2,-1,24,-1,2
1,<environment.Job instance at 0x7f55592d9960>,9,18,[11  5],10,-1,32,-1,14
1,<environment.Job instance at 0x7f55592cd960>,12,26,[ 1 10],13,-1,82,-1,56
1,<environment.Job instance at 0x7f55592c5a00>,23,27,[1 6],24,-1,87,-1,60
1,<environment.Job instance at 0x7f5559583050>,28,23,[10  4],29,-1,97,-1,74
1,<environment.Job instance at 0x7f5558a15050>,1,15,[5 9],2,-1,17,-1,2
1,<environment.Job instance at 0x7f5558a15370>,2,16,[ 4 10],3,-1,19,-1,3
1,<environment.Job instance at 0x7f5558a156e0>,4,18,[3 7],5,-1,23,-1,5
1,<environment.Job instance at 0x7f5558a15780>,5,17,[3 9],6,-1,23,-1,6
1,<environment.Job instance at 0x7f5558a15870>,6,18,[9 2],7,-1,25,-1,7
1,<environment.Job instance at 0x7f5558a16b90>,12,20,[1 5],13,-1,33,-1,13
1,<environment.Job instance at 0x7f5558a165f0>,15,15,[5 7],16,-1,31,-1,16
1,<environment.Job instance at 0x7f5558b787d0>,20,18,[2 7],21,-1,39,-1,21
1,<environment.Job instance at 0x7f5558b78c80>,21,18,[ 1 10],22,-1,40,-1,22
1,<environment.Job instance at 0x7f5558b78690>,22,16,[3 9],23,-1,39,-1,23
1,<environment.Job instance at 0x7f5558b78500>,23,16,[1 6],24,-1,40,-1,24
1,<environment.Job instance at 0x7f5558b6aeb0>,27,17,[9 3],28,-1,49,-1,32
1,<environment.Job instance at 0x7f5558b6a730>,35,16,[7 5],36,-1,52,-1,36
1,<environment.Job instance at 0x7f557e32bc30>,39,20,[2 6],40,-1,60,-1,40
1,<environment.Job instance at 0x7f5558936cd0>,43,12,[ 4 11],44,-1,56,-1,44
1,<environment.Job instance at 0x7f555887d730>,45,21,[4 5],46,-1,67,-1,46
1,<environment.Job instance at 0x7f5558884cd0>,47,22,[4 5],48,-1,70,-1,48
1,<environment.Job instance at 0x7f5558a0ba00>,52,13,[ 5 10],53,-1,66,-1,53
1,<environment.Job instance at 0x7f5558a0ba50>,53,16,[ 3 10],54,-1,70,-1,54
1,<environment.Job instance at 0x7f5558aebaf0>,55,14,[ 2 10],56,-1,70,-1,56
1,<environment.Job instance at 0x7f5558904960>,57,20,[9 2],58,-1,78,-1,58
1,<environment.Job instance at 0x7f55588ccaa0>,58,16,[11  2],59,-1,75,-1,59
1,<environment.Job instance at 0x7f5558a16230>,59,18,[ 1 12],60,-1,78,-1,60
1,<environment.Job instance at 0x7f55588c3dc0>,60,16,[2 8],61,-1,77,-1,61
1,<environment.Job instance at 0x7f55588bdf00>,62,3,[4 7],63,-1,66,-1,63
1,<environment.Job instance at 0x7f55588feaa0>,63,15,[ 1 12],64,-1,79,-1,64
1,<environment.Job instance at 0x7f5558b6ae10>,31,26,[ 5 10],32,-1,90,-1,64
1,<environment.Job instance at 0x7f5558a73050>,66,17,[1 7],67,-1,92,-1,75
1,<environment.Job instance at 0x7f55588e5190>,78,14,[9 5],79,-1,93,-1,79
1,<environment.Job instance at 0x7f5558a7c0f0>,17,2,[ 5 11],18,-1,38,-1,36
1,<environment.Job instance at 0x7f5558a7ceb0>,19,18,[12  5],20,-1,56,-1,38
1,<environment.Job instance at 0x7f5558a92b40>,25,14,[14  5],26,-1,75,-1,61
1,<environment.Job instance at 0x7f5558a928c0>,26,15,[11  1],27,-1,76,-1,61
1,<environment.Job instance at 0x7f555887dfa0>,8,19,[6 4],9,-1,28,-1,9
1,<environment.Job instance at 0x7f555887dcd0>,13,18,[6 5],14,-1,32,-1,14
1,<environment.Job instance at 0x7f555887d2d0>,14,19,[6 1],15,-1,34,-1,15
1,<environment.Job instance at 0x7f555887d6e0>,12,1,[6 4],13,-1,17,-1,16
1,<environment.Job instance at 0x7f555887de60>,15,16,[ 2 10],16,-1,32,-1,16
1,<environment.Job instance at 0x7f555887d5f0>,17,21,[ 3 10],18,-1,39,-1,18
1,<environment.Job instance at 0x7f556293f780>,25,2,[5 2],26,-1,28,-1,26
1,<environment.Job instance at 0x7f556293f8c0>,26,1,[5 9],27,-1,28,-1,27
1,<environment.Job instance at 0x7f556293faf0>,27,1,[2 9],28,-1,29,-1,28
1,<environment.Job instance at 0x7f556293fb90>,28,21,[9 4],29,-1,50,-1,29
1,<environment.Job instance at 0x7f556293f230>,29,12,[9 3],30,-1,42,-1,30
1,<environment.Job instance at 0x7f556293fd70>,30,18,[10  3],31,-1,49,-1,31
1,<environment.Job instance at 0x7f556293f370>,31,17,[10  2],32,-1,49,-1,32
1,<environment.Job instance at 0x7f556293fc30>,34,12,[3 8],35,-1,47,-1,35
1,<environment.Job instance at 0x7f556293f7d0>,36,14,[5 5],37,-1,51,-1,37
1,<environment.Job instance at 0x7f555896b5a0>,40,13,[10  5],41,-1,55,-1,42
1,<environment.Job instance at 0x7f555896b500>,42,14,[2 7],43,-1,57,-1,43
1,<environment.Job instance at 0x7f555896bc30>,41,14,[1 6],42,-1,57,-1,43
1,<environment.Job instance at 0x7f555896ba00>,45,14,[10  2],46,-1,61,-1,47
1,<environment.Job instance at 0x7f5562a87a50>,54,16,[7 2],55,-1,72,-1,56
1,<environment.Job instance at 0x7f5562a8a8c0>,60,18,[4 5],61,-1,89,-1,71
1,<environment.Job instance at 0x7f5562a8a690>,64,16,[9 4],65,-1,88,-1,72
1,<environment.Job instance at 0x7f5562a8a960>,61,18,[2 8],62,-1,90,-1,72
1,<environment.Job instance at 0x7f5562a8a0f0>,67,16,[9 2],68,-1,88,-1,72
1,<environment.Job instance at 0x7f5562a8aeb0>,63,14,[11  3],64,-1,91,-1,77
1,<environment.Job instance at 0x7f5562a7f9b0>,0,3,[13  3],1,-1,4,-1,1
1,<environment.Job instance at 0x7f555896b5f0>,5,13,[ 1 14],6,-1,19,-1,6
1,<environment.Job instance at 0x7f5562a8a820>,16,2,[11  5],17,-1,19,-1,17
1,<environment.Job instance at 0x7f5562a8ab40>,18,3,[14  4],19,-1,24,-1,21
1,<environment.Job instance at 0x7f5559353730>,4,16,[7 5],5,-1,23,-1,7
1,<environment.Job instance at 0x7f5559353460>,8,18,[4 6],9,-1,27,-1,9
1,<environment.Job instance at 0x7f5559353e60>,6,16,[7 4],7,-1,27,-1,11
1,<environment.Job instance at 0x7f55596a8f00>,20,25,[ 3 10],21,-1,62,-1,37
1,<environment.Job instance at 0x7f5559353550>,11,27,[4 7],12,-1,64,-1,37
1,<environment.Job instance at 0x7f5559624c30>,36,28,[6 5],37,-1,66,-1,38
1,<environment.Job instance at 0x7f555981a0f0>,49,28,[5 3],50,-1,104,-1,76
1,<environment.Job instance at 0x7f5559624910>,37,18,[5 9],38,-1,94,-1,76
1,<environment.Job instance at 0x7f555981a460>,50,18,[6 1],51,-1,94,-1,76
1,<environment.Job instance at 0x7f555981a960>,52,18,[8 2],53,-1,94,-1,76
1,<environment.Job instance at 0x7f555981a5f0>,55,17,[4 6],56,-1,96,-1,79
1,<environment.Job instance at 0x7f5558a2ac80>,0,24,[ 1 10],1,-1,25,-1,1
1,<environment.Job instance at 0x7f5558a2a9b0>,3,24,[7 4],4,-1,28,-1,4
1,<environment.Job instance at 0x7f5558a2a230>,5,3,[12  3],6,-1,9,-1,6
1,<environment.Job instance at 0x7f5558a2abe0>,11,27,[4 7],12,-1,49,-1,22
1,<environment.Job instance at 0x7f5558a2ab40>,12,26,[8 4],13,-1,48,-1,22
1,<environment.Job instance at 0x7f5559353320>,15,16,[14  1],16,-1,38,-1,22
1,<environment.Job instance at 0x7f55596a8d70>,20,25,[ 3 10],21,-1,68,-1,43
1,<environment.Job instance at 0x7f555943a7d0>,33,23,[10  1],34,-1,89,-1,66
1,<environment.Job instance at 0x7f555943a140>,36,28,[6 5],37,-1,95,-1,67
1,<environment.Job instance at 0x7f5558c9b3c0>,6,15,[2 7],7,-1,22,-1,7
1,<environment.Job instance at 0x7f5558c9b280>,8,15,[7 5],9,-1,24,-1,9
1,<environment.Job instance at 0x7f5558c9bf50>,9,15,[ 3 10],10,-1,25,-1,10
1,<environment.Job instance at 0x7f55594459b0>,25,12,[ 4 10],26,-1,61,-1,49
1,<environment.Job instance at 0x7f5558c94910>,32,12,[8 1],33,-1,65,-1,53
1,<environment.Job instance at 0x7f5558cb0370>,34,18,[3 6],35,-1,71,-1,53
1,<environment.Job instance at 0x7f5559008c30>,40,27,[ 5 10],41,-1,87,-1,60
1,<environment.Job instance at 0x7f555941f0f0>,37,16,[9 4],38,-1,76,-1,60
1,<environment.Job instance at 0x7f5559440b90>,30,14,[8 3],31,-1,74,-1,60
1,<environment.Job instance at 0x7f55590e4d70>,36,16,[9 2],37,-1,78,-1,62
1,<environment.Job instance at 0x7f555940db90>,47,15,[5 3],48,-1,77,-1,62
1,<environment.Job instance at 0x7f5559433fa0>,48,18,[1 5],49,-1,80,-1,62
1,<environment.Job instance at 0x7f5559e10dc0>,13,24,[10  5],14,-1,86,-1,62
1,<environment.Job instance at 0x7f555941d230>,41,17,[7 5],42,-1,79,-1,62
1,<environment.Job instance at 0x7f5558c8a370>,44,15,[4 6],45,-1,81,-1,66
1,<environment.Job instance at 0x7f555943b460>,60,14,[7 5],61,-1,80,-1,66
1,<environment.Job instance at 0x7f555943bbe0>,62,17,[12  4],63,-1,83,-1,66
1,<environment.Job instance at 0x7f555943beb0>,65,16,[10  4],66,-1,82,-1,66
1,<environment.Job instance at 0x7f5559433640>,46,25,[ 5 10],47,-1,93,-1,68
1,<environment.Job instance at 0x7f5559e10370>,15,15,[ 1 11],16,-1,92,-1,77
1,<environment.Job instance at 0x7f55594361e0>,67,12,[5 8],68,-1,89,-1,77
1,<environment.Job instance at 0x7f5559436190>,68,14,[7 5],69,-1,91,-1,77
1,<environment.Job instance at 0x7f5559436320>,70,18,[9 5],71,-1,96,-1,78
1,<environment.Job instance at 0x7f55594365a0>,74,17,[7 2],75,-1,95,-1,78
1,<environment.Job instance at 0x7f5559436780>,76,12,[8 3],77,-1,90,-1,78
1,<environment.Job instance at 0x7f55594366e0>,77,15,[2 9],78,-1,93,-1,78
1,<environment.Job instance at 0x7f5558a71aa0>,2,3,[ 3 11],3,-1,6,-1,3
1,<environment.Job instance at 0x7f5558f5a730>,10,24,[2 8],11,-1,42,-1,18
1,<environment.Job instance at 0x7f5558f5a1e0>,11,24,[9 1],12,-1,42,-1,18
1,<environment.Job instance at 0x7f5559411d20>,13,24,[10  5],14,-1,43,-1,19
1,<environment.Job instance at 0x7f5559411780>,14,23,[10  2],15,-1,42,-1,19
1,<environment.Job instance at 0x7f5559411870>,15,15,[ 1 11],16,-1,34,-1,19
1,<environment.Job instance at 0x7f555943a550>,27,15,[ 3 12],28,-1,65,-1,50
1,<environment.Job instance at 0x7f55590350a0>,1,17,[2 6],2,-1,19,-1,2
1,<environment.Job instance at 0x7f5559035500>,2,19,[8 2],3,-1,24,-1,5
1,<environment.Job instance at 0x7f5559035190>,5,3,[2 5],6,-1,9,-1,6
1,<environment.Job instance at 0x7f5559035e60>,6,2,[11  3],7,-1,9,-1,7
1,<environment.Job instance at 0x7f5559035690>,7,2,[12  2],8,-1,10,-1,8
1,<environment.Job instance at 0x7f5559035960>,8,14,[ 2 10],9,-1,23,-1,9
1,<environment.Job instance at 0x7f55590355f0>,9,17,[9 1],10,-1,27,-1,10
1,<environment.Job instance at 0x7f5559035d20>,10,18,[3 5],11,-1,29,-1,11
1,<environment.Job instance at 0x7f5559035f00>,11,3,[7 3],12,-1,15,-1,12
1,<environment.Job instance at 0x7f5559035050>,12,2,[12  5],13,-1,15,-1,13
1,<environment.Job instance at 0x7f55590350f0>,13,1,[1 7],14,-1,15,-1,14
1,<environment.Job instance at 0x7f5559035b90>,4,17,[ 5 14],5,-1,32,-1,15
1,<environment.Job instance at 0x7f5558d44e10>,19,15,[10  2],20,-1,36,-1,21
1,<environment.Job instance at 0x7f5558d44a50>,21,12,[5 5],22,-1,34,-1,22
1,<environment.Job instance at 0x7f5558d440f0>,22,12,[5 5],23,-1,35,-1,23
1,<environment.Job instance at 0x7f5558d44e60>,23,13,[4 9],24,-1,37,-1,24
1,<environment.Job instance at 0x7f5558d44d20>,25,14,[7 4],26,-1,40,-1,26
1,<environment.Job instance at 0x7f5558d44eb0>,27,3,[10  2],28,-1,31,-1,28
1,<environment.Job instance at 0x7f5558d44c30>,30,16,[10  2],31,-1,47,-1,31
1,<environment.Job instance at 0x7f5558d44050>,31,13,[4 5],32,-1,45,-1,32
1,<environment.Job instance at 0x7f5558d60190>,34,21,[7 2],35,-1,56,-1,35
1,<environment.Job instance at 0x7f5558d60b40>,35,12,[ 1 10],36,-1,48,-1,36
1,<environment.Job instance at 0x7f5558d60be0>,38,16,[6 3],39,-1,55,-1,39
1,<environment.Job instance at 0x7f5558d60370>,39,14,[5 7],40,-1,54,-1,40
1,<environment.Job instance at 0x7f5558d60140>,40,18,[4 7],41,-1,59,-1,41
1,<environment.Job instance at 0x7f5558d60780>,41,14,[1 5],42,-1,56,-1,42
1,<environment.Job instance at 0x7f5558d60960>,42,14,[ 1 11],43,-1,57,-1,43
1,<environment.Job instance at 0x7f5558d605f0>,43,14,[2 7],44,-1,58,-1,44
1,<environment.Job instance at 0x7f5558d608c0>,48,15,[8 5],49,-1,64,-1,49
1,<environment.Job instance at 0x7f5559140230>,49,27,[1 5],50,-1,77,-1,50
1,<environment.Job instance at 0x7f55591405f0>,56,18,[4 6],57,-1,75,-1,57
1,<environment.Job instance at 0x7f5559140910>,58,17,[7 4],59,-1,76,-1,59
1,<environment.Job instance at 0x7f5559140fa0>,59,14,[ 5 11],60,-1,74,-1,60
1,<environment.Job instance at 0x7f5559140aa0>,60,12,[8 5],61,-1,73,-1,61
1,<environment.Job instance at 0x7f5559140c80>,62,18,[6 3],63,-1,81,-1,63
1,<environment.Job instance at 0x7f555900bb90>,65,16,[6 3],66,-1,82,-1,66
1,<environment.Job instance at 0x7f555900bbe0>,66,25,[3 8],67,-1,92,-1,67
1,<environment.Job instance at 0x7f5559035cd0>,20,13,[5 6],21,-1,81,-1,68
1,<environment.Job instance at 0x7f5559624a00>,3,2,[ 2 14],4,-1,6,-1,4
1,<environment.Job instance at 0x7f5559e10fa0>,4,17,[ 5 14],5,-1,22,-1,5
1,<environment.Job instance at 0x7f5562a91e10>,6,2,[11  3],7,-1,9,-1,7
1,<environment.Job instance at 0x7f5562a91320>,7,2,[12  2],8,-1,10,-1,8
1,<environment.Job instance at 0x7f5558ca8f50>,12,2,[12  5],13,-1,15,-1,13
1,<environment.Job instance at 0x7f5558d446e0>,14,1,[14  4],15,-1,16,-1,15
1,<environment.Job instance at 0x7f55599a9190>,4,16,[10  3],5,-1,21,-1,5
1,<environment.Job instance at 0x7f555901b1e0>,8,14,[10  3],9,-1,23,-1,9
1,<environment.Job instance at 0x7f555901b280>,9,1,[10  3],10,-1,11,-1,10
1,<environment.Job instance at 0x7f555901b410>,10,19,[1 5],11,-1,30,-1,11
1,<environment.Job instance at 0x7f555901bd20>,11,18,[2 9],12,-1,30,-1,12
1,<environment.Job instance at 0x7f555901b870>,12,18,[10  4],13,-1,31,-1,13
1,<environment.Job instance at 0x7f555901bfa0>,13,13,[6 5],14,-1,27,-1,14
1,<environment.Job instance at 0x7f555901b910>,17,18,[5 1],18,-1,36,-1,18
1,<environment.Job instance at 0x7f55590283c0>,19,15,[9 5],20,-1,35,-1,20
1,<environment.Job instance at 0x7f5559028500>,22,15,[5 1],23,-1,38,-1,23
1,<environment.Job instance at 0x7f5559028640>,23,18,[5 9],24,-1,42,-1,24
1,<environment.Job instance at 0x7f555902f780>,25,21,[2 5],26,-1,47,-1,26
1,<environment.Job instance at 0x7f5558ef1280>,28,14,[5 9],29,-1,43,-1,29
1,<environment.Job instance at 0x7f5558ec1c80>,29,19,[9 1],30,-1,49,-1,30
1,<environment.Job instance at 0x7f5558a12690>,31,16,[6 5],32,-1,48,-1,32
1,<environment.Job instance at 0x7f5558ee9af0>,33,27,[1 8],34,-1,61,-1,34
1,<environment.Job instance at 0x7f55591da640>,36,14,[3 9],37,-1,51,-1,37
1,<environment.Job instance at 0x7f5558cf1500>,37,2,[2 8],38,-1,40,-1,38
1,<environment.Job instance at 0x7f5559032b90>,38,3,[5 9],39,-1,42,-1,39
1,<environment.Job instance at 0x7f5559032550>,39,13,[5 9],40,-1,53,-1,40
1,<environment.Job instance at 0x7f55591cb370>,41,18,[8 4],42,-1,60,-1,42
1,<environment.Job instance at 0x7f5558cf33c0>,44,17,[3 9],45,-1,62,-1,45
1,<environment.Job instance at 0x7f55591e79b0>,45,13,[10  4],46,-1,59,-1,46
1,<environment.Job instance at 0x7f55591e7500>,46,16,[5 5],47,-1,63,-1,47
1,<environment.Job instance at 0x7f55591e7910>,47,22,[1 7],48,-1,70,-1,48
1,<environment.Job instance at 0x7f55591e7780>,50,14,[6 4],51,-1,66,-1,52
1,<environment.Job instance at 0x7f55591db410>,53,3,[ 3 14],54,-1,57,-1,54
1,<environment.Job instance at 0x7f55591db550>,54,14,[7 1],55,-1,69,-1,55
1,<environment.Job instance at 0x7f55591db2d0>,55,25,[6 3],56,-1,81,-1,56
1,<environment.Job instance at 0x7f55591db690>,56,2,[5 1],57,-1,59,-1,57
1,<environment.Job instance at 0x7f55591db5a0>,58,16,[8 5],59,-1,75,-1,59
1,<environment.Job instance at 0x7f55591db0f0>,59,18,[7 5],60,-1,78,-1,60
1,<environment.Job instance at 0x7f5558d571e0>,61,14,[5 8],62,-1,76,-1,62
1,<environment.Job instance at 0x7f5558d57b90>,62,16,[9 2],63,-1,79,-1,63
1,<environment.Job instance at 0x7f5558d57410>,63,15,[6 3],64,-1,79,-1,64
1,<environment.Job instance at 0x7f55591e7be0>,51,18,[3 6],52,-1,82,-1,64
1,<environment.Job instance at 0x7f5558d574b0>,65,18,[7 5],66,-1,84,-1,66
1,<environment.Job instance at 0x7f5558d57d20>,68,17,[10  3],69,-1,87,-1,70
1,<environment.Job instance at 0x7f5558d57640>,69,27,[ 5 10],70,-1,97,-1,70
1,<environment.Job instance at 0x7f5558d70280>,78,20,[6 2],79,-1,99,-1,79
1,<environment.Job instance at 0x7f555926c0a0>,15,2,[14  5],16,-1,36,-1,34
1,<environment.Job instance at 0x7f5559784e60>,5,17,[7 1],6,-1,24,-1,7
1,<environment.Job instance at 0x7f5558d465a0>,6,13,[11  1],7,-1,20,-1,7
1,<environment.Job instance at 0x7f55597840a0>,7,18,[1 7],8,-1,26,-1,8
1,<environment.Job instance at 0x7f5559784640>,9,14,[10  1],10,-1,25,-1,11
1,<environment.Job instance at 0x7f5559784f00>,11,14,[10  4],12,-1,26,-1,12
1,<environment.Job instance at 0x7f5559784c30>,12,18,[5 5],13,-1,31,-1,13
1,<environment.Job instance at 0x7f55597844b0>,15,15,[7 4],16,-1,31,-1,16
1,<environment.Job instance at 0x7f5559784410>,17,14,[6 2],18,-1,32,-1,18
1,<environment.Job instance at 0x7f5559784550>,18,21,[5 8],19,-1,40,-1,19
1,<environment.Job instance at 0x7f55597846e0>,19,17,[7 2],20,-1,37,-1,20
1,<environment.Job instance at 0x7f5562802f50>,21,28,[2 8],22,-1,50,-1,22
1,<environment.Job instance at 0x7f5559784370>,22,18,[5 1],23,-1,41,-1,23
1,<environment.Job instance at 0x7f5558fd9140>,23,27,[9 3],24,-1,51,-1,24
1,<environment.Job instance at 0x7f5558fd9410>,26,28,[1 7],27,-1,55,-1,27
1,<environment.Job instance at 0x7f5558fd9cd0>,27,12,[ 4 10],28,-1,40,-1,28
1,<environment.Job instance at 0x7f5558b9fbe0>,36,28,[9 2],37,-1,65,-1,37
1,<environment.Job instance at 0x7f5558b9f820>,39,17,[1 5],40,-1,57,-1,40
1,<environment.Job instance at 0x7f5558b9f7d0>,42,13,[4 8],43,-1,56,-1,43
1,<environment.Job instance at 0x7f5558f4a690>,48,15,[ 3 11],49,-1,64,-1,49
1,<environment.Job instance at 0x7f5558f4aeb0>,50,14,[6 4],51,-1,65,-1,51
1,<environment.Job instance at 0x7f5558f4af00>,54,15,[9 1],55,-1,70,-1,55
1,<environment.Job instance at 0x7f5558f4a5a0>,55,15,[ 2 11],56,-1,71,-1,56
1,<environment.Job instance at 0x7f5558f4a320>,56,23,[7 4],57,-1,80,-1,57
1,<environment.Job instance at 0x7f5559325910>,58,17,[5 5],59,-1,76,-1,59
1,<environment.Job instance at 0x7f55593255f0>,59,14,[3 7],60,-1,74,-1,60
1,<environment.Job instance at 0x7f5559325870>,60,15,[9 4],61,-1,76,-1,61
1,<environment.Job instance at 0x7f5559325640>,63,20,[5 4],64,-1,84,-1,64
1,<environment.Job instance at 0x7f55588c35a0>,74,15,[10  3],75,-1,90,-1,75
1,<environment.Job instance at 0x7f55588c3410>,75,20,[4 7],76,-1,96,-1,76
1,<environment.Job instance at 0x7f55588c3460>,76,21,[6 5],77,-1,98,-1,77
1,<environment.Job instance at 0x7f55588c3eb0>,77,13,[9 4],78,-1,91,-1,78
1,<environment.Job instance at 0x7f5558d60f50>,6,13,[11  1],7,-1,20,-1,7
1,<environment.Job instance at 0x7f5558d609b0>,8,12,[ 5 12],9,-1,21,-1,9
1,<environment.Job instance at 0x7f55597848c0>,21,28,[2 8],22,-1,82,-1,54
1,<environment.Job instance at 0x7f5558706f50>,1,27,[5 1],2,-1,29,-1,2
1,<environment.Job instance at 0x7f5558706280>,3,17,[8 5],4,-1,21,-1,4
1,<environment.Job instance at 0x7f5558706aa0>,5,16,[4 5],6,-1,22,-1,6
1,<environment.Job instance at 0x7f5558706730>,6,25,[8 3],7,-1,32,-1,7
1,<environment.Job instance at 0x7f5558706910>,8,16,[ 5 10],9,-1,25,-1,9
1,<environment.Job instance at 0x7f55587062d0>,10,16,[9 2],11,-1,28,-1,12
1,<environment.Job instance at 0x7f55587060a0>,11,19,[10  1],12,-1,31,-1,12
1,<environment.Job instance at 0x7f5558713cd0>,16,25,[ 5 10],17,-1,42,-1,17
1,<environment.Job instance at 0x7f5558713820>,22,18,[5 9],23,-1,41,-1,23
1,<environment.Job instance at 0x7f55587135a0>,23,16,[6 5],24,-1,40,-1,24
1,<environment.Job instance at 0x7f5558713280>,28,18,[1 9],29,-1,47,-1,29
1,<environment.Job instance at 0x7f5558f7b370>,30,15,[3 9],31,-1,46,-1,31
1,<environment.Job instance at 0x7f5558f7be10>,33,12,[6 2],34,-1,46,-1,34
1,<environment.Job instance at 0x7f5558f7bbe0>,34,17,[9 5],35,-1,54,-1,37
1,<environment.Job instance at 0x7f5558f7bb40>,37,1,[9 5],38,-1,39,-1,38
1,<environment.Job instance at 0x7f5558f7b690>,38,14,[9 4],39,-1,53,-1,39
1,<environment.Job instance at 0x7f5558f7b820>,39,13,[3 6],40,-1,53,-1,40
1,<environment.Job instance at 0x7f5558f7b780>,40,26,[6 3],41,-1,67,-1,41
1,<environment.Job instance at 0x7f5558f7bf50>,41,14,[4 6],42,-1,56,-1,42
1,<environment.Job instance at 0x7f5558f7ba00>,42,17,[ 2 11],43,-1,60,-1,43
1,<environment.Job instance at 0x7f5558f7b9b0>,45,23,[7 1],46,-1,69,-1,46
1,<environment.Job instance at 0x7f5558708730>,47,17,[4 9],48,-1,65,-1,48
1,<environment.Job instance at 0x7f55587082d0>,49,14,[6 1],50,-1,64,-1,50
1,<environment.Job instance at 0x7f5558708cd0>,51,17,[10  4],52,-1,69,-1,52
1,<environment.Job instance at 0x7f5558f7bd70>,35,16,[5 3],36,-1,68,-1,52
1,<environment.Job instance at 0x7f5558708dc0>,55,18,[10  3],56,-1,75,-1,57
1,<environment.Job instance at 0x7f5558708500>,57,18,[3 6],58,-1,76,-1,58
1,<environment.Job instance at 0x7f5558708af0>,56,13,[13  3],57,-1,72,-1,59
1,<environment.Job instance at 0x7f556246f9b0>,64,18,[4 7],65,-1,83,-1,65
1,<environment.Job instance at 0x7f556246f8c0>,66,17,[5 5],67,-1,84,-1,67
1,<environment.Job instance at 0x7f556244a190>,67,13,[8 2],68,-1,82,-1,69
1,<environment.Job instance at 0x7f555879e8c0>,72,17,[1 6],73,-1,90,-1,73
1,<environment.Job instance at 0x7f5559a65d70>,73,16,[4 9],74,-1,90,-1,74
1,<environment.Job instance at 0x7f55596a4f00>,1,27,[5 1],2,-1,29,-1,2
1,<environment.Job instance at 0x7f55596a4640>,6,25,[8 3],7,-1,33,-1,8
1,<environment.Job instance at 0x7f55596a47d0>,7,13,[13  1],8,-1,21,-1,8
1,<environment.Job instance at 0x7f5558f4a7d0>,16,25,[ 5 10],17,-1,71,-1,46
1,<environment.Job instance at 0x7f5562a91d20>,0,28,[5 6],1,-1,29,-1,1
1,<environment.Job instance at 0x7f5562a91550>,4,17,[6 5],5,-1,23,-1,6
1,<environment.Job instance at 0x7f5562a91be0>,5,23,[5 3],6,-1,29,-1,6
1,<environment.Job instance at 0x7f5562a91cd0>,7,16,[ 5 10],8,-1,29,-1,13
1,<environment.Job instance at 0x7f5558a16690>,16,15,[9 5],17,-1,39,-1,24
1,<environment.Job instance at 0x7f5558a16410>,22,17,[4 5],23,-1,42,-1,25
1,<environment.Job instance at 0x7f5558a16be0>,23,18,[ 1 10],24,-1,43,-1,25
1,<environment.Job instance at 0x7f5558a16f00>,27,18,[10  5],28,-1,54,-1,36
1,<environment.Job instance at 0x7f55592d9870>,30,15,[ 4 10],31,-1,51,-1,36
1,<environment.Job instance at 0x7f55592d9aa0>,33,15,[7 2],34,-1,64,-1,49
1,<environment.Job instance at 0x7f555997a550>,39,17,[9 4],40,-1,66,-1,49
1,<environment.Job instance at 0x7f555997a690>,41,18,[4 8],42,-1,67,-1,49
1,<environment.Job instance at 0x7f555997ac30>,43,15,[10  4],44,-1,64,-1,49
1,<environment.Job instance at 0x7f5558a16320>,12,16,[9 4],13,-1,65,-1,49
1,<environment.Job instance at 0x7f555997a280>,48,14,[8 3],49,-1,78,-1,64
1,<environment.Job instance at 0x7f5559b31960>,0,28,[5 6],1,-1,29,-1,1
1,<environment.Job instance at 0x7f5559c8c910>,3,28,[ 1 11],4,-1,32,-1,4
1,<environment.Job instance at 0x7f5559c8cb40>,5,23,[5 3],6,-1,29,-1,6
1,<environment.Job instance at 0x7f55590dc640>,6,14,[13  5],7,-1,21,-1,7
1,<environment.Job instance at 0x7f55590d7d20>,10,13,[12  5],11,-1,24,-1,11
1,<environment.Job instance at 0x7f55590cb050>,18,15,[ 3 13],19,-1,39,-1,24
1,<environment.Job instance at 0x7f5559a8da50>,26,18,[ 3 13],27,-1,74,-1,56
1,<environment.Job instance at 0x7f5559dcac80>,3,17,[10  5],4,-1,22,-1,5
1,<environment.Job instance at 0x7f5559b319b0>,4,17,[3 6],5,-1,22,-1,5
1,<environment.Job instance at 0x7f5559dca550>,11,16,[2 7],12,-1,28,-1,12
1,<environment.Job instance at 0x7f55596ec550>,12,15,[3 8],13,-1,28,-1,13
1,<environment.Job instance at 0x7f55596ec0f0>,14,13,[5 4],15,-1,28,-1,15
1,<environment.Job instance at 0x7f55596ec960>,15,15,[9 1],16,-1,31,-1,16
1,<environment.Job instance at 0x7f55592235f0>,20,16,[2 8],21,-1,39,-1,23
1,<environment.Job instance at 0x7f5559223cd0>,23,17,[6 4],24,-1,41,-1,24
1,<environment.Job instance at 0x7f5559223f00>,25,16,[1 6],26,-1,42,-1,26
1,<environment.Job instance at 0x7f5559709190>,31,18,[9 3],32,-1,50,-1,32
1,<environment.Job instance at 0x7f5559709c80>,34,25,[7 4],35,-1,60,-1,35
1,<environment.Job instance at 0x7f5559709dc0>,36,22,[ 4 10],37,-1,59,-1,37
1,<environment.Job instance at 0x7f5559709e60>,38,16,[2 7],39,-1,55,-1,39
1,<environment.Job instance at 0x7f55598b36e0>,39,16,[ 3 10],40,-1,56,-1,40
1,<environment.Job instance at 0x7f55598b32d0>,42,18,[5 8],43,-1,61,-1,43
1,<environment.Job instance at 0x7f5559223960>,22,17,[1 7],23,-1,63,-1,46
1,<environment.Job instance at 0x7f55598b3780>,52,14,[9 1],53,-1,68,-1,54
1,<environment.Job instance at 0x7f55598b3230>,51,15,[9 5],52,-1,69,-1,54
1,<environment.Job instance at 0x7f55598b3140>,46,16,[6 1],47,-1,74,-1,58
1,<environment.Job instance at 0x7f5559223820>,26,16,[14  3],27,-1,75,-1,59
1,<environment.Job instance at 0x7f55598b3190>,45,23,[8 2],46,-1,84,-1,61
1,<environment.Job instance at 0x7f55585dcf00>,59,16,[ 4 10],60,-1,77,-1,61
1,<environment.Job instance at 0x7f55587c85f0>,62,23,[7 1],63,-1,86,-1,63
1,<environment.Job instance at 0x7f5558cdb5a0>,5,18,[14  2],6,-1,24,-1,6
1,<environment.Job instance at 0x7f55590d8280>,17,25,[9 4],18,-1,64,-1,39
1,<environment.Job instance at 0x7f55590c54b0>,21,3,[ 4 12],22,-1,44,-1,41
1,<environment.Job instance at 0x7f55590f20f0>,26,16,[14  3],27,-1,73,-1,57
1,<environment.Job instance at 0x7f55590f20a0>,27,14,[12  5],28,-1,71,-1,57
1,<environment.Job instance at 0x7f5558971280>,0,15,[9 1],1,-1,17,-1,2
1,<environment.Job instance at 0x7f5558971050>,2,13,[6 5],3,-1,16,-1,3
1,<environment.Job instance at 0x7f55589712d0>,3,16,[ 4 10],4,-1,20,-1,4
1,<environment.Job instance at 0x7f5558971be0>,4,18,[1 8],5,-1,23,-1,5
1,<environment.Job instance at 0x7f5558971640>,5,13,[4 7],6,-1,19,-1,6
1,<environment.Job instance at 0x7f5558971dc0>,1,23,[ 3 13],2,-1,29,-1,6
1,<environment.Job instance at 0x7f5558971460>,8,18,[5 8],9,-1,27,-1,9
1,<environment.Job instance at 0x7f55589711e0>,10,20,[9 5],11,-1,31,-1,11
1,<environment.Job instance at 0x7f55596deeb0>,14,15,[7 5],15,-1,30,-1,15
1,<environment.Job instance at 0x7f55596de230>,17,15,[ 1 10],18,-1,33,-1,18
1,<environment.Job instance at 0x7f55596de550>,21,18,[3 7],22,-1,40,-1,22
1,<environment.Job instance at 0x7f55587f9410>,22,17,[1 9],23,-1,40,-1,23
1,<environment.Job instance at 0x7f55587f9190>,24,22,[9 5],25,-1,47,-1,25
1,<environment.Job instance at 0x7f55587f92d0>,27,16,[5 8],28,-1,44,-1,28
1,<environment.Job instance at 0x7f55587f94b0>,33,15,[4 9],34,-1,49,-1,34
1,<environment.Job instance at 0x7f55587f9230>,34,14,[10  4],35,-1,50,-1,36
1,<environment.Job instance at 0x7f55587f9690>,36,12,[9 4],37,-1,49,-1,37
1,<environment.Job instance at 0x7f55587f9780>,38,12,[10  1],39,-1,52,-1,40
1,<environment.Job instance at 0x7f55598a9780>,40,16,[9 2],41,-1,57,-1,41
1,<environment.Job instance at 0x7f55598a9550>,45,12,[5 9],46,-1,61,-1,49
1,<environment.Job instance at 0x7f55598de410>,49,17,[9 2],50,-1,67,-1,50
1,<environment.Job instance at 0x7f55598a9280>,39,21,[1 7],40,-1,85,-1,64
1,<environment.Job instance at 0x7f55587f9550>,31,12,[ 1 13],32,-1,90,-1,78
1,<environment.Job instance at 0x7f55593dcf00>,1,23,[ 3 13],2,-1,25,-1,2
1,<environment.Job instance at 0x7f55593f1dc0>,25,3,[ 1 14],26,-1,68,-1,65
1,<environment.Job instance at 0x7f5558ad6c80>,0,18,[9 2],1,-1,22,-1,4
1,<environment.Job instance at 0x7f5558af2820>,4,12,[7 4],5,-1,17,-1,5
1,<environment.Job instance at 0x7f5558af2e60>,7,14,[11  2],8,-1,22,-1,8
1,<environment.Job instance at 0x7f5558af2b40>,9,18,[1 5],10,-1,28,-1,10
1,<environment.Job instance at 0x7f5558af2460>,10,27,[7 4],11,-1,38,-1,11
1,<environment.Job instance at 0x7f5558af2f50>,12,16,[10  2],13,-1,29,-1,13
1,<environment.Job instance at 0x7f5558af25f0>,13,15,[4 8],14,-1,29,-1,14
1,<environment.Job instance at 0x7f5558af2410>,14,12,[1 8],15,-1,27,-1,15
1,<environment.Job instance at 0x7f5558af2a00>,3,14,[5 5],4,-1,29,-1,15
1,<environment.Job instance at 0x7f5558af2af0>,18,14,[ 4 10],19,-1,33,-1,19
1,<environment.Job instance at 0x7f5559e4aa50>,21,14,[9 5],22,-1,36,-1,22
1,<environment.Job instance at 0x7f5559e4a280>,31,13,[9 4],32,-1,45,-1,32
1,<environment.Job instance at 0x7f5559e4a780>,32,16,[1 7],33,-1,51,-1,35
1,<environment.Job instance at 0x7f5559e4a6e0>,29,15,[8 5],30,-1,50,-1,35
1,<environment.Job instance at 0x7f5559e4a550>,34,15,[6 4],35,-1,50,-1,35
1,<environment.Job instance at 0x7f5559e4ae10>,28,13,[3 7],29,-1,48,-1,35
1,<environment.Job instance at 0x7f5559e4a3c0>,37,16,[7 2],38,-1,54,-1,38
1,<environment.Job instance at 0x7f5559e5be10>,42,14,[9 3],43,-1,61,-1,47
1,<environment.Job instance at 0x7f5559e5b460>,47,22,[6 1],48,-1,70,-1,48
1,<environment.Job instance at 0x7f5559e5b500>,48,15,[7 1],49,-1,64,-1,49
1,<environment.Job instance at 0x7f5559e5b7d0>,46,16,[4 9],47,-1,65,-1,49
1,<environment.Job instance at 0x7f5559e5b4b0>,49,14,[3 8],50,-1,65,-1,51
1,<environment.Job instance at 0x7f5559e60b90>,51,18,[5 9],52,-1,70,-1,52
1,<environment.Job instance at 0x7f5559e60c80>,55,17,[10  3],56,-1,73,-1,56
1,<environment.Job instance at 0x7f5559e4a2d0>,30,1,[2 6],31,-1,58,-1,57
1,<environment.Job instance at 0x7f5559e60410>,57,16,[8 4],58,-1,74,-1,58
1,<environment.Job instance at 0x7f5559e5b5f0>,50,12,[5 9],51,-1,70,-1,58
1,<environment.Job instance at 0x7f5559e60a50>,60,17,[8 4],61,-1,78,-1,61
1,<environment.Job instance at 0x7f5559e60a00>,61,14,[ 5 10],62,-1,77,-1,63
1,<environment.Job instance at 0x7f5559e60140>,63,13,[8 3],64,-1,77,-1,64
1,<environment.Job instance at 0x7f5559e609b0>,64,17,[8 5],65,-1,83,-1,66
1,<environment.Job instance at 0x7f5558b73050>,66,23,[5 5],67,-1,90,-1,67
1,<environment.Job instance at 0x7f5558b73230>,68,14,[9 5],69,-1,83,-1,69
1,<environment.Job instance at 0x7f5558b73140>,69,25,[7 3],70,-1,95,-1,70
1,<environment.Job instance at 0x7f5558b73b90>,73,17,[6 4],74,-1,91,-1,74
1,<environment.Job instance at 0x7f5558b732d0>,74,17,[4 7],75,-1,92,-1,75
1,<environment.Job instance at 0x7f5559e60320>,62,19,[8 3],63,-1,96,-1,77
1,<environment.Job instance at 0x7f5559e5bb40>,7,14,[11  2],8,-1,22,-1,8
1,<environment.Job instance at 0x7f5559e60370>,8,15,[ 3 14],9,-1,24,-1,9
1,<environment.Job instance at 0x7f5559e60d20>,10,27,[7 4],11,-1,46,-1,19
1,<environment.Job instance at 0x7f5558b73e10>,15,2,[ 1 12],16,-1,23,-1,21
1,<environment.Job instance at 0x7f5558ad68c0>,20,25,[ 1 14],21,-1,73,-1,48
1,<environment.Job instance at 0x7f55595df7d0>,23,1,[ 4 13],24,-1,61,-1,60
1,<environment.Job instance at 0x7f55595df5f0>,25,3,[ 4 11],26,-1,65,-1,62
1,<environment.Job instance at 0x7f5558c873c0>,8,15,[ 4 10],9,-1,24,-1,9
1,<environment.Job instance at 0x7f5558c87190>,10,18,[5 4],11,-1,29,-1,11
1,<environment.Job instance at 0x7f5558c87d20>,12,19,[6 2],13,-1,32,-1,13
1,<environment.Job instance at 0x7f55629178c0>,18,18,[ 4 10],19,-1,37,-1,19
1,<environment.Job instance at 0x7f5558e77d70>,20,14,[2 6],21,-1,35,-1,21
1,<environment.Job instance at 0x7f5558e77960>,23,16,[3 8],24,-1,40,-1,24
1,<environment.Job instance at 0x7f5558e77a00>,24,16,[9 2],25,-1,42,-1,26
1,<environment.Job instance at 0x7f5559d75410>,26,18,[3 6],27,-1,45,-1,27
1,<environment.Job instance at 0x7f5559d75910>,27,18,[5 5],28,-1,46,-1,28
1,<environment.Job instance at 0x7f5559d75780>,33,18,[4 5],34,-1,52,-1,34
1,<environment.Job instance at 0x7f5559d754b0>,35,18,[5 8],36,-1,54,-1,36
1,<environment.Job instance at 0x7f5559d75140>,36,18,[3 9],37,-1,55,-1,37
1,<environment.Job instance at 0x7f5559d75d70>,39,23,[4 9],40,-1,63,-1,40
1,<environment.Job instance at 0x7f5558619e10>,41,16,[6 5],42,-1,58,-1,42
1,<environment.Job instance at 0x7f55586192d0>,44,22,[5 8],45,-1,68,-1,46
1,<environment.Job instance at 0x7f55586198c0>,46,12,[ 1 10],47,-1,59,-1,47
1,<environment.Job instance at 0x7f5558619050>,47,18,[9 4],48,-1,66,-1,48
1,<environment.Job instance at 0x7f5558aed640>,58,14,[7 2],59,-1,73,-1,59
1,<environment.Job instance at 0x7f5558aed6e0>,59,18,[1 9],60,-1,78,-1,60
1,<environment.Job instance at 0x7f555981a280>,63,14,[4 8],64,-1,78,-1,64
1,<environment.Job instance at 0x7f555981a140>,64,17,[3 7],65,-1,82,-1,65
1,<environment.Job instance at 0x7f555981ab90>,66,14,[7 5],67,-1,81,-1,67
1,<environment.Job instance at 0x7f555981a4b0>,69,18,[2 9],70,-1,88,-1,70
1,<environment.Job instance at 0x7f555981aaa0>,70,18,[5 5],71,-1,89,-1,71
1,<environment.Job instance at 0x7f555981a7d0>,71,14,[ 1 10],72,-1,86,-1,72
1,<environment.Job instance at 0x7f555981a5f0>,73,18,[5 2],74,-1,92,-1,74
1,<environment.Job instance at 0x7f555981a870>,74,16,[7 5],75,-1,91,-1,75
1,<environment.Job instance at 0x7f555917d690>,1,3,[ 3 11],2,-1,5,-1,2
1,<environment.Job instance at 0x7f55591a80a0>,15,3,[14  4],16,-1,25,-1,22
1,<environment.Job instance at 0x7f55591a8f00>,16,17,[ 1 13],17,-1,39,-1,22
1,<environment.Job instance at 0x7f55591a8870>,17,18,[ 3 12],18,-1,40,-1,22
1,<environment.Job instance at 0x7f55595dfa50>,21,2,[11  4],22,-1,38,-1,36
1,<environment.Job instance at 0x7f55595df7d0>,28,22,[ 1 13],29,-1,90,-1,68
1,<environment.Job instance at 0x7f5559ddc500>,1,13,[9 1],2,-1,18,-1,5
1,<environment.Job instance at 0x7f5558fb7e60>,5,20,[10  3],6,-1,26,-1,6
1,<environment.Job instance at 0x7f5558ebed20>,6,12,[3 5],7,-1,19,-1,7
1,<environment.Job instance at 0x7f5558ec9a00>,12,18,[9 2],13,-1,31,-1,13
1,<environment.Job instance at 0x7f5558ec9870>,14,14,[5 9],15,-1,29,-1,15
1,<environment.Job instance at 0x7f5558ec91e0>,15,14,[6 3],16,-1,30,-1,16
1,<environment.Job instance at 0x7f5558f9ba00>,17,23,[6 1],18,-1,41,-1,18
1,<environment.Job instance at 0x7f5558f9b140>,21,14,[1 5],22,-1,36,-1,22
1,<environment.Job instance at 0x7f5558f9b5f0>,22,17,[5 1],23,-1,40,-1,23
1,<environment.Job instance at 0x7f5558fb7f50>,4,15,[10  2],5,-1,44,-1,29
1,<environment.Job instance at 0x7f5558f7c690>,28,14,[9 5],29,-1,43,-1,29
1,<environment.Job instance at 0x7f5558f7cb90>,25,12,[8 3],26,-1,41,-1,29
1,<environment.Job instance at 0x7f5559c4b410>,30,25,[9 4],31,-1,57,-1,32
1,<environment.Job instance at 0x7f5558fb75f0>,3,17,[14  2],4,-1,57,-1,40
1,<environment.Job instance at 0x7f5558d73f00>,3,17,[14  2],4,-1,21,-1,4
1,<environment.Job instance at 0x7f55597bc550>,16,2,[ 5 12],17,-1,37,-1,35
1,<environment.Job instance at 0x7f55597b1b90>,17,23,[6 1],18,-1,60,-1,37
1,<environment.Job instance at 0x7f5558d5d500>,30,25,[9 4],31,-1,104,-1,79
1,<environment.Job instance at 0x7f5558d662d0>,3,23,[1 7],4,-1,28,-1,5
1,<environment.Job instance at 0x7f555984e550>,5,18,[ 2 10],6,-1,24,-1,6
1,<environment.Job instance at 0x7f5558d66500>,4,22,[1 8],5,-1,28,-1,6
1,<environment.Job instance at 0x7f555984e730>,9,17,[9 1],10,-1,28,-1,11
1,<environment.Job instance at 0x7f555984e960>,12,26,[1 5],13,-1,39,-1,13
1,<environment.Job instance at 0x7f555984ea00>,13,17,[ 4 10],14,-1,31,-1,14
1,<environment.Job instance at 0x7f555984e410>,14,15,[5 3],15,-1,30,-1,15
1,<environment.Job instance at 0x7f555984ee60>,15,15,[8 3],16,-1,31,-1,16
1,<environment.Job instance at 0x7f555984e190>,20,13,[10  5],21,-1,34,-1,21
1,<environment.Job instance at 0x7f5558b26640>,22,22,[5 3],23,-1,45,-1,23
1,<environment.Job instance at 0x7f5558b26730>,24,15,[4 7],25,-1,40,-1,25
1,<environment.Job instance at 0x7f5558b26280>,27,24,[2 8],28,-1,52,-1,28
1,<environment.Job instance at 0x7f5558b26a50>,31,16,[4 9],32,-1,48,-1,32
1,<environment.Job instance at 0x7f5558b26aa0>,32,15,[1 6],33,-1,48,-1,33
1,<environment.Job instance at 0x7f5558b26dc0>,33,26,[1 8],34,-1,60,-1,34
1,<environment.Job instance at 0x7f55587b22d0>,36,18,[7 1],37,-1,55,-1,37
1,<environment.Job instance at 0x7f55587b2730>,41,23,[9 4],42,-1,65,-1,42
1,<environment.Job instance at 0x7f555984e0f0>,10,16,[4 8],11,-1,74,-1,58
1,<environment.Job instance at 0x7f55587893c0>,57,17,[4 6],58,-1,81,-1,64
1,<environment.Job instance at 0x7f5558789050>,60,18,[3 6],61,-1,85,-1,67
1,<environment.Job instance at 0x7f5558789b40>,61,2,[4 9],62,-1,71,-1,69
1,<environment.Job instance at 0x7f55587b2050>,50,17,[4 7],51,-1,88,-1,71
1,<environment.Job instance at 0x7f5558789550>,62,16,[1 9],63,-1,87,-1,71
1,<environment.Job instance at 0x7f5559913d20>,66,16,[2 7],67,-1,89,-1,73
1,<environment.Job instance at 0x7f55599135f0>,64,12,[10  3],65,-1,85,-1,73
1,<environment.Job instance at 0x7f5558789820>,63,13,[6 4],64,-1,86,-1,73
1,<environment.Job instance at 0x7f55587b2b90>,39,15,[ 1 14],40,-1,89,-1,74
1,<environment.Job instance at 0x7f5559913780>,70,14,[1 9],71,-1,88,-1,74
1,<environment.Job instance at 0x7f5558d02e10>,3,23,[1 7],4,-1,27,-1,4
1,<environment.Job instance at 0x7f55591e7f00>,8,13,[14  3],9,-1,22,-1,9
1,<environment.Job instance at 0x7f55591de230>,12,26,[1 5],13,-1,39,-1,13
1,<environment.Job instance at 0x7f55597b1b90>,27,24,[2 8],28,-1,94,-1,70
1,<environment.Job instance at 0x7f5558c9b820>,29,13,[14  2],30,-1,83,-1,70
1,<environment.Job instance at 0x7f555919baa0>,5,17,[ 5 10],6,-1,23,-1,6
1,<environment.Job instance at 0x7f555919b550>,13,16,[9 5],14,-1,30,-1,14
1,<environment.Job instance at 0x7f555919b9b0>,14,16,[8 5],15,-1,41,-1,25
1,<environment.Job instance at 0x7f555919b2d0>,17,14,[ 5 10],18,-1,39,-1,25
1,<environment.Job instance at 0x7f5559183a00>,19,16,[6 2],20,-1,42,-1,26
1,<environment.Job instance at 0x7f5559183e60>,22,16,[9 3],23,-1,45,-1,29
1,<environment.Job instance at 0x7f555919bcd0>,10,15,[6 2],11,-1,45,-1,30
1,<environment.Job instance at 0x7f555919b460>,12,16,[5 3],13,-1,46,-1,30
1,<environment.Job instance at 0x7f5559183960>,23,14,[1 6],24,-1,45,-1,31
1,<environment.Job instance at 0x7f55591b3870>,30,13,[11  3],31,-1,44,-1,31
1,<environment.Job instance at 0x7f55591b3e60>,31,28,[7 5],32,-1,60,-1,32
1,<environment.Job instance at 0x7f5559809e60>,25,22,[5 2],26,-1,62,-1,40
1,<environment.Job instance at 0x7f55591b3f00>,35,18,[10  4],36,-1,64,-1,46
1,<environment.Job instance at 0x7f55591b3b90>,34,26,[7 1],35,-1,72,-1,46
1,<environment.Job instance at 0x7f55591b3190>,37,15,[7 2],38,-1,71,-1,56
1,<environment.Job instance at 0x7f55591b3460>,41,18,[4 9],42,-1,74,-1,56
1,<environment.Job instance at 0x7f5558f1cf50>,45,16,[2 7],46,-1,73,-1,57
1,<environment.Job instance at 0x7f5558f2fbe0>,48,18,[8 3],49,-1,75,-1,57
1,<environment.Job instance at 0x7f5558a545f0>,42,18,[3 6],43,-1,75,-1,57
1,<environment.Job instance at 0x7f5558f2f5f0>,47,13,[13  4],48,-1,70,-1,57
1,<environment.Job instance at 0x7f5558f2f4b0>,49,15,[6 5],50,-1,72,-1,57
1,<environment.Job instance at 0x7f555932d0a0>,52,15,[ 2 10],53,-1,72,-1,57
1,<environment.Job instance at 0x7f555932d960>,53,18,[6 3],54,-1,75,-1,57
1,<environment.Job instance at 0x7f555932da00>,54,17,[10  3],55,-1,74,-1,57
1,<environment.Job instance at 0x7f555932daa0>,55,18,[ 2 11],56,-1,75,-1,57
1,<environment.Job instance at 0x7f555932df50>,57,18,[6 4],58,-1,77,-1,59
1,<environment.Job instance at 0x7f555919d140>,59,15,[9 3],60,-1,75,-1,60
1,<environment.Job instance at 0x7f555919d190>,58,27,[5 1],59,-1,91,-1,64
1,<environment.Job instance at 0x7f5559d04d20>,66,15,[4 7],67,-1,82,-1,67
1,<environment.Job instance at 0x7f5559d04730>,69,16,[12  5],70,-1,86,-1,70
1,<environment.Job instance at 0x7f5559d04230>,68,27,[1 7],69,-1,97,-1,70
1,<environment.Job instance at 0x7f555932d910>,50,24,[10  5],51,-1,102,-1,78
1,<environment.Job instance at 0x7f5558d62640>,1,3,[13  1],2,-1,5,-1,2
1,<environment.Job instance at 0x7f55587b2960>,15,1,[ 3 12],16,-1,23,-1,22
1,<environment.Job instance at 0x7f5558b26050>,18,3,[ 5 12],19,-1,40,-1,37
1,<environment.Job instance at 0x7f555878bbe0>,26,1,[11  1],27,-1,71,-1,70
1,<environment.Job instance at 0x7f5558a941e0>,0,17,[5 9],1,-1,18,-1,1
1,<environment.Job instance at 0x7f55593b0e60>,1,17,[9 4],2,-1,20,-1,3
1,<environment.Job instance at 0x7f55593b0dc0>,4,14,[9 5],5,-1,20,-1,6
1,<environment.Job instance at 0x7f55593b0c30>,5,14,[6 1],6,-1,20,-1,6
1,<environment.Job instance at 0x7f55593b0460>,6,16,[3 8],7,-1,23,-1,7
1,<environment.Job instance at 0x7f55593b02d0>,7,18,[ 5 10],8,-1,26,-1,8
1,<environment.Job instance at 0x7f55593b0a50>,12,12,[10  2],13,-1,27,-1,15
1,<environment.Job instance at 0x7f555960eaf0>,15,14,[8 4],16,-1,30,-1,16
1,<environment.Job instance at 0x7f555960eb90>,16,18,[ 2 10],17,-1,35,-1,17
1,<environment.Job instance at 0x7f555960e370>,17,18,[5 9],18,-1,36,-1,18
1,<environment.Job instance at 0x7f555960e960>,14,18,[ 2 10],15,-1,37,-1,19
1,<environment.Job instance at 0x7f555960eaa0>,20,17,[8 2],21,-1,39,-1,22
1,<environment.Job instance at 0x7f555960ecd0>,22,16,[6 2],23,-1,39,-1,23
1,<environment.Job instance at 0x7f555960e6e0>,24,15,[2 5],25,-1,40,-1,25
1,<environment.Job instance at 0x7f555960ef00>,21,14,[4 9],22,-1,39,-1,25
1,<environment.Job instance at 0x7f555960ec30>,28,25,[5 5],29,-1,54,-1,29
1,<environment.Job instance at 0x7f5559bbd640>,35,14,[5 9],36,-1,50,-1,36
1,<environment.Job instance at 0x7f5559bbd690>,36,15,[2 7],37,-1,52,-1,37
1,<environment.Job instance at 0x7f5559bbd0a0>,37,16,[3 5],38,-1,54,-1,38
1,<environment.Job instance at 0x7f5559bbd780>,38,17,[2 7],39,-1,56,-1,39
1,<environment.Job instance at 0x7f5559bbd140>,39,16,[8 5],40,-1,57,-1,41
1,<environment.Job instance at 0x7f5559bbdaa0>,42,18,[5 6],43,-1,61,-1,43
1,<environment.Job instance at 0x7f5559bbd820>,43,14,[4 8],44,-1,58,-1,44
1,<environment.Job instance at 0x7f5559bbd550>,44,18,[10  2],45,-1,63,-1,45
1,<environment.Job instance at 0x7f5559bbd500>,45,17,[3 9],46,-1,63,-1,46
1,<environment.Job instance at 0x7f5559180690>,48,12,[10  5],49,-1,61,-1,49
1,<environment.Job instance at 0x7f5559180500>,54,13,[9 1],55,-1,68,-1,55
1,<environment.Job instance at 0x7f5558542be0>,10,12,[10  4],11,-1,25,-1,13
1,<environment.Job instance at 0x7f55595c6870>,14,26,[10  2],15,-1,41,-1,15
1,<environment.Job instance at 0x7f55595c6c30>,12,18,[ 5 10],13,-1,34,-1,16
1,<environment.Job instance at 0x7f55595c6cd0>,16,16,[ 5 10],17,-1,34,-1,18
1,<environment.Job instance at 0x7f5558815190>,22,20,[5 2],23,-1,43,-1,23
1,<environment.Job instance at 0x7f5558815b40>,24,12,[3 9],25,-1,37,-1,25
1,<environment.Job instance at 0x7f55595c6af0>,17,12,[6 2],18,-1,37,-1,25
1,<environment.Job instance at 0x7f5558849f00>,36,20,[4 9],37,-1,57,-1,37
1,<environment.Job instance at 0x7f5558852780>,38,12,[1 6],39,-1,51,-1,39
1,<environment.Job instance at 0x7f5558a6db90>,40,16,[6 2],41,-1,57,-1,41
1,<environment.Job instance at 0x7f55593535a0>,43,21,[5 7],44,-1,65,-1,44
1,<environment.Job instance at 0x7f55593530f0>,44,14,[10  4],45,-1,60,-1,46
1,<environment.Job instance at 0x7f5559353140>,45,17,[4 9],46,-1,71,-1,54
1,<environment.Job instance at 0x7f5558affaf0>,56,19,[9 4],57,-1,76,-1,57
1,<environment.Job instance at 0x7f5559d0cdc0>,50,13,[10  1],51,-1,71,-1,58
1,<environment.Job instance at 0x7f55597067d0>,63,18,[10  5],64,-1,84,-1,66
1,<environment.Job instance at 0x7f55593b0050>,1,3,[ 3 11],2,-1,5,-1,2
1,<environment.Job instance at 0x7f55591d0c30>,8,18,[ 4 12],9,-1,27,-1,9
1,<environment.Job instance at 0x7f55596905f0>,14,26,[10  2],15,-1,50,-1,24
1,<environment.Job instance at 0x7f5559601370>,27,15,[13  3],28,-1,54,-1,39
1,<environment.Job instance at 0x7f5558f1e9b0>,41,2,[ 2 13],42,-1,72,-1,70
1,<environment.Job instance at 0x7f5559dc30a0>,4,13,[10  5],5,-1,18,-1,5
1,<environment.Job instance at 0x7f5559dc3b40>,5,14,[10  1],6,-1,22,-1,8
1,<environment.Job instance at 0x7f55585f9b90>,7,17,[1 7],8,-1,25,-1,8
1,<environment.Job instance at 0x7f55585f9730>,9,17,[8 4],10,-1,27,-1,10
1,<environment.Job instance at 0x7f55585f9320>,11,16,[2 6],12,-1,28,-1,12
1,<environment.Job instance at 0x7f55585f97d0>,12,17,[8 1],13,-1,30,-1,13
1,<environment.Job instance at 0x7f55585f9a00>,13,26,[2 9],14,-1,40,-1,14
1,<environment.Job instance at 0x7f5559d22c80>,15,17,[1 8],16,-1,33,-1,16
1,<environment.Job instance at 0x7f5559de3960>,22,18,[6 4],23,-1,41,-1,23
1,<environment.Job instance at 0x7f5559de38c0>,23,18,[1 8],24,-1,43,-1,25
1,<environment.Job instance at 0x7f5559379780>,29,15,[8 4],30,-1,45,-1,30
1,<environment.Job instance at 0x7f5559a08320>,34,16,[5 3],35,-1,51,-1,35
1,<environment.Job instance at 0x7f5559a15c80>,38,18,[5 6],39,-1,57,-1,39
1,<environment.Job instance at 0x7f5558cdf0a0>,43,13,[4 7],44,-1,58,-1,45
1,<environment.Job instance at 0x7f5558ce46e0>,45,16,[5 7],46,-1,62,-1,46
1,<environment.Job instance at 0x7f5558ce4dc0>,49,23,[5 5],50,-1,73,-1,50
1,<environment.Job instance at 0x7f5558ce4e60>,50,17,[8 3],51,-1,71,-1,54
1,<environment.Job instance at 0x7f5558ce40f0>,44,2,[7 3],45,-1,63,-1,61
1,<environment.Job instance at 0x7f5558ce4c80>,53,13,[10  3],54,-1,74,-1,61
1,<environment.Job instance at 0x7f5558ce4eb0>,54,17,[5 6],55,-1,80,-1,63
1,<environment.Job instance at 0x7f5558ce4640>,55,24,[7 5],56,-1,87,-1,63
1,<environment.Job instance at 0x7f555935f4b0>,24,13,[2 8],25,-1,76,-1,63
1,<environment.Job instance at 0x7f5558ce4c30>,56,15,[1 5],57,-1,90,-1,75
1,<environment.Job instance at 0x7f5558ce41e0>,47,16,[3 5],48,-1,92,-1,76
1,<environment.Job instance at 0x7f5558ccc500>,67,14,[9 3],68,-1,91,-1,77
1,<environment.Job instance at 0x7f5558cc2e60>,62,17,[3 8],63,-1,94,-1,77
1,<environment.Job instance at 0x7f5558ccc460>,66,13,[ 1 10],67,-1,90,-1,77
1,<environment.Job instance at 0x7f5558ccc640>,69,15,[8 4],70,-1,92,-1,77
1,<environment.Job instance at 0x7f5558ccc820>,72,16,[6 3],73,-1,93,-1,77
1,<environment.Job instance at 0x7f5558cccb40>,75,19,[8 1],76,-1,97,-1,78
1,<environment.Job instance at 0x7f5558cccf50>,77,15,[6 1],78,-1,93,-1,78
1,<environment.Job instance at 0x7f5558a21460>,8,2,[ 4 12],9,-1,11,-1,9
1,<environment.Job instance at 0x7f5559611aa0>,16,13,[12  4],17,-1,54,-1,41
1,<environment.Job instance at 0x7f5559611e10>,13,26,[2 9],14,-1,70,-1,44
1,<environment.Job instance at 0x7f5558b16dc0>,21,17,[13  5],22,-1,66,-1,49
1,<environment.Job instance at 0x7f36878366e0>,0,13,[9 3],1,-1,15,-1,2
1,<environment.Job instance at 0x7f36878368c0>,1,22,[11  3],2,-1,24,-1,2
1,<environment.Job instance at 0x7f3687836730>,2,22,[4 8],3,-1,25,-1,3
1,<environment.Job instance at 0x7f367e1f0140>,9,18,[11  5],10,-1,28,-1,10
1,<environment.Job instance at 0x7f367e1f00a0>,11,15,[4 8],12,-1,27,-1,12
1,<environment.Job instance at 0x7f367e1f02d0>,13,18,[ 4 10],14,-1,32,-1,14
1,<environment.Job instance at 0x7f367e1f0500>,15,18,[2 8],16,-1,34,-1,16
1,<environment.Job instance at 0x7f367e1f06e0>,16,16,[3 5],17,-1,33,-1,17
1,<environment.Job instance at 0x7f367e1f0910>,19,14,[3 5],20,-1,35,-1,21
1,<environment.Job instance at 0x7f367e1f4140>,28,23,[10  4],29,-1,52,-1,29
1,<environment.Job instance at 0x7f367e1f0a50>,24,18,[2 6],25,-1,49,-1,31
1,<environment.Job instance at 0x7f367e1f4230>,30,14,[5 2],31,-1,45,-1,31
1,<environment.Job instance at 0x7f367e1f4500>,31,14,[2 5],32,-1,46,-1,32
1,<environment.Job instance at 0x7f367e1f0f50>,27,15,[8 4],28,-1,48,-1,33
1,<environment.Job instance at 0x7f367e1f0af0>,23,27,[1 6],24,-1,64,-1,37
1,<environment.Job instance at 0x7f367e1f4780>,34,24,[1 8],35,-1,61,-1,37
1,<environment.Job instance at 0x7f367e1f44b0>,33,14,[5 5],34,-1,55,-1,41
1,<environment.Job instance at 0x7f367e1f4f50>,43,18,[5 5],44,-1,62,-1,44
1,<environment.Job instance at 0x7f367e1f3230>,48,15,[10  1],49,-1,64,-1,49
1,<environment.Job instance at 0x7f367e1f32d0>,46,17,[12  2],47,-1,67,-1,50
1,<environment.Job instance at 0x7f367e1f3640>,49,16,[2 5],50,-1,66,-1,50
1,<environment.Job instance at 0x7f367e1f3aa0>,56,17,[8 5],57,-1,74,-1,57
1,<environment.Job instance at 0x7f367e1f3d20>,57,18,[2 8],58,-1,76,-1,58
1,<environment.Job instance at 0x7f367e1f3870>,53,17,[5 7],54,-1,78,-1,61
1,<environment.Job instance at 0x7f367e1f9230>,61,2,[4 5],62,-1,64,-1,62
1,<environment.Job instance at 0x7f367e1f90f0>,62,22,[6 4],63,-1,85,-1,63
1,<environment.Job instance at 0x7f367e1f3dc0>,59,17,[1 6],60,-1,80,-1,63
1,<environment.Job instance at 0x7f367e1f9320>,64,18,[2 9],65,-1,83,-1,65
1,<environment.Job instance at 0x7f367e1f94b0>,65,20,[2 6],66,-1,87,-1,67
1,<environment.Job instance at 0x7f367e1f9dc0>,76,19,[4 8],77,-1,98,-1,79
1,<environment.Job instance at 0x7f367e1f45a0>,36,13,[ 3 14],37,-1,92,-1,79
1,<environment.Job instance at 0x7f367e1f3a50>,54,13,[13  1],55,-1,95,-1,82
1,<environment.Job instance at 0x7f367e1f9e60>,75,14,[ 4 11],76,-1,96,-1,82
1,<environment.Job instance at 0x7f367e1f4730>,35,15,[9 5],36,-1,97,-1,82
1,<environment.Job instance at 0x7f367e1f9cd0>,78,12,[10  2],79,-1,94,-1,82
1,<environment.Job instance at 0x7f367e1fc410>,82,16,[ 4 10],83,-1,99,-1,83
1,<environment.Job instance at 0x7f367e1fc4b0>,83,20,[7 1],84,-1,104,-1,84
1,<environment.Job instance at 0x7f367e1fc1e0>,84,18,[3 7],85,-1,103,-1,85
1,<environment.Job instance at 0x7f367e1f30a0>,1,22,[11  3],2,-1,24,-1,2
1,<environment.Job instance at 0x7f367e1fc640>,9,18,[11  5],10,-1,32,-1,14
1,<environment.Job instance at 0x7f367e1fcaf0>,12,26,[ 1 10],13,-1,82,-1,56
1,<environment.Job instance at 0x7f367e1e95a0>,23,27,[1 6],24,-1,87,-1,60
1,<environment.Job instance at 0x7f367e1e7640>,28,23,[10  4],29,-1,97,-1,74
1,<environment.Job instance at 0x7f367d930730>,10,18,[2 7],11,-1,29,-1,11
1,<environment.Job instance at 0x7f367d930f50>,11,18,[ 1 10],12,-1,31,-1,13
1,<environment.Job instance at 0x7f367db0c6e0>,13,16,[1 6],14,-1,30,-1,14
1,<environment.Job instance at 0x7f367db61fa0>,14,15,[1 9],15,-1,30,-1,15
1,<environment.Job instance at 0x7f367da96280>,17,17,[9 3],18,-1,67,-1,50
1,<environment.Job instance at 0x7f367da96960>,21,26,[ 5 10],22,-1,76,-1,50
1,<environment.Job instance at 0x7f367d7b2500>,40,15,[8 3],41,-1,65,-1,50
1,<environment.Job instance at 0x7f367d7b2c80>,42,13,[ 5 10],43,-1,63,-1,50
1,<environment.Job instance at 0x7f367d7b6d20>,35,21,[4 5],36,-1,71,-1,50
1,<environment.Job instance at 0x7f367d819c80>,43,16,[ 3 10],44,-1,66,-1,50
1,<environment.Job instance at 0x7f367d7a0460>,48,16,[11  2],49,-1,67,-1,51
1,<environment.Job instance at 0x7f367da96d20>,16,15,[11  1],17,-1,68,-1,53
1,<environment.Job instance at 0x7f367d856b90>,45,14,[ 2 10],46,-1,67,-1,53
1,<environment.Job instance at 0x7f367d7a0370>,49,18,[ 1 12],50,-1,71,-1,53
1,<environment.Job instance at 0x7f367d816e60>,50,16,[2 8],51,-1,69,-1,53
1,<environment.Job instance at 0x7f367d7b5f50>,37,22,[4 5],38,-1,75,-1,53
1,<environment.Job instance at 0x7f367da14690>,7,2,[ 5 11],8,-1,10,-1,8
1,<environment.Job instance at 0x7f367d99d6e0>,9,18,[12  5],10,-1,28,-1,10
1,<environment.Job instance at 0x7f367d9eceb0>,15,14,[14  5],16,-1,37,-1,23
1,<environment.Job instance at 0x7f367d9a51e0>,16,15,[11  1],17,-1,38,-1,23
1,<environment.Job instance at 0x7f367da10d20>,26,3,[ 1 12],27,-1,59,-1,56
1,<environment.Job instance at 0x7f367da10500>,21,26,[ 5 10],22,-1,88,-1,62
1,<environment.Job instance at 0x7f367d9af370>,32,3,[ 4 12],33,-1,66,-1,63
1,<environment.Job instance at 0x7f367d9af3c0>,33,12,[ 4 11],34,-1,75,-1,63
1,<environment.Job instance at 0x7f367d9faeb0>,38,23,[ 2 14],39,-1,90,-1,67
1,<environment.Job instance at 0x7f367d7a8190>,8,21,[9 4],9,-1,30,-1,9
1,<environment.Job instance at 0x7f367d7a8640>,9,12,[9 3],10,-1,24,-1,12
1,<environment.Job instance at 0x7f367d816460>,14,12,[3 8],15,-1,27,-1,15
1,<environment.Job instance at 0x7f367d8160a0>,16,14,[5 5],17,-1,31,-1,17
1,<environment.Job instance at 0x7f367d7a8870>,10,18,[10  3],11,-1,36,-1,18
1,<environment.Job instance at 0x7f367d816730>,23,14,[7 5],24,-1,38,-1,24
1,<environment.Job instance at 0x7f367d816b90>,25,14,[10  2],26,-1,47,-1,33
1,<environment.Job instance at 0x7f367d7a8820>,11,17,[10  2],12,-1,52,-1,35
1,<environment.Job instance at 0x7f367d8197d0>,33,2,[5 6],34,-1,37,-1,35
1,<environment.Job instance at 0x7f367d819d20>,35,2,[5 5],36,-1,38,-1,36
1,<environment.Job instance at 0x7f367d819640>,36,12,[ 3 10],37,-1,49,-1,37
1,<environment.Job instance at 0x7f367d8193c0>,37,3,[1 5],38,-1,41,-1,38
1,<environment.Job instance at 0x7f367d819910>,34,16,[7 2],35,-1,56,-1,40
1,<environment.Job instance at 0x7f367d819b40>,40,18,[4 5],41,-1,59,-1,41
1,<environment.Job instance at 0x7f367d819f50>,41,18,[2 8],42,-1,60,-1,42
1,<environment.Job instance at 0x7f36879a95a0>,44,16,[9 4],45,-1,63,-1,47
1,<environment.Job instance at 0x7f36879a9500>,47,16,[9 2],48,-1,64,-1,48
1,<environment.Job instance at 0x7f36879a90f0>,48,15,[7 5],49,-1,64,-1,49
1,<environment.Job instance at 0x7f367d817b40>,50,13,[7 4],51,-1,64,-1,51
1,<environment.Job instance at 0x7f367d817d20>,52,20,[1 7],53,-1,73,-1,53
1,<environment.Job instance at 0x7f367d817780>,56,19,[2 7],57,-1,76,-1,57
1,<environment.Job instance at 0x7f367d817eb0>,58,18,[6 3],59,-1,77,-1,59
1,<environment.Job instance at 0x7f367d817230>,60,24,[ 1 10],61,-1,85,-1,61
1,<environment.Job instance at 0x7f367d7b2910>,63,24,[7 4],64,-1,88,-1,64
1,<environment.Job instance at 0x7f367d7b2050>,64,16,[7 5],65,-1,81,-1,65
1,<environment.Job instance at 0x7f367d7b24b0>,66,16,[7 4],67,-1,83,-1,67
1,<environment.Job instance at 0x7f367d7b21e0>,68,18,[4 6],69,-1,87,-1,69
1,<environment.Job instance at 0x7f367d7b2960>,71,27,[4 7],72,-1,99,-1,72
1,<environment.Job instance at 0x7f367d7b2640>,72,26,[8 4],73,-1,99,-1,73
1,<environment.Job instance at 0x7f367d7eac80>,77,17,[5 2],78,-1,95,-1,78
1,<environment.Job instance at 0x7f367d7ea280>,78,18,[4 5],79,-1,97,-1,79
1,<environment.Job instance at 0x7f367d7ea960>,80,25,[ 3 10],81,-1,106,-1,81
1,<environment.Job instance at 0x7f367d92ebe0>,87,13,[9 2],88,-1,101,-1,88
1,<environment.Job instance at 0x7f367d92ecd0>,88,15,[3 6],89,-1,104,-1,89
1,<environment.Job instance at 0x7f367ecdbe60>,18,12,[14  4],19,-1,44,-1,32
1,<environment.Job instance at 0x7f367edc6500>,28,2,[13  1],29,-1,63,-1,61
1,<environment.Job instance at 0x7f367dc075f0>,31,3,[13  5],32,-1,73,-1,70
1,<environment.Job instance at 0x7f367dc2e280>,32,2,[ 1 12],33,-1,72,-1,70
1,<environment.Job instance at 0x7f367dd11050>,0,17,[2 6],1,-1,18,-1,1
1,<environment.Job instance at 0x7f367de66230>,6,28,[6 5],7,-1,35,-1,7
1,<environment.Job instance at 0x7f367de66b90>,7,18,[5 9],8,-1,26,-1,8
1,<environment.Job instance at 0x7f367de66550>,14,15,[10  4],15,-1,31,-1,16
1,<environment.Job instance at 0x7f3687724c30>,15,18,[11  3],16,-1,34,-1,16
1,<environment.Job instance at 0x7f367de665f0>,19,28,[5 3],20,-1,48,-1,20
1,<environment.Job instance at 0x7f367dce52d0>,22,18,[8 2],23,-1,41,-1,23
1,<environment.Job instance at 0x7f367dce5140>,25,17,[4 6],26,-1,43,-1,26
1,<environment.Job instance at 0x7f367dce55f0>,27,14,[ 1 10],28,-1,43,-1,29
1,<environment.Job instance at 0x7f367dce5af0>,29,16,[9 4],30,-1,49,-1,33
1,<environment.Job instance at 0x7f36879a6e10>,34,17,[9 4],35,-1,52,-1,35
1,<environment.Job instance at 0x7f367dd4d500>,37,13,[1 9],38,-1,51,-1,38
1,<environment.Job instance at 0x7f367dd4da50>,38,17,[3 6],39,-1,56,-1,39
1,<environment.Job instance at 0x7f367dd4d9b0>,39,15,[ 5 10],40,-1,55,-1,40
1,<environment.Job instance at 0x7f367dd4df50>,41,14,[8 2],42,-1,56,-1,42
1,<environment.Job instance at 0x7f367dd4d910>,43,20,[2 6],44,-1,64,-1,44
1,<environment.Job instance at 0x7f367d7ea9b0>,50,12,[9 2],51,-1,63,-1,51
1,<environment.Job instance at 0x7f367d7ea1e0>,54,12,[5 9],55,-1,67,-1,55
1,<environment.Job instance at 0x7f367d96fe60>,56,15,[2 7],57,-1,72,-1,57
1,<environment.Job instance at 0x7f367d96f690>,59,15,[ 3 10],60,-1,75,-1,60
1,<environment.Job instance at 0x7f367d8043c0>,60,24,[2 8],61,-1,85,-1,61
1,<environment.Job instance at 0x7f367d804e10>,61,24,[9 1],62,-1,86,-1,62
1,<environment.Job instance at 0x7f367d804780>,66,16,[ 5 10],67,-1,83,-1,67
1,<environment.Job instance at 0x7f367dce5190>,30,15,[8 2],31,-1,87,-1,72
1,<environment.Job instance at 0x7f367d804af0>,71,17,[10  3],72,-1,89,-1,72
1,<environment.Job instance at 0x7f367dbbf460>,3,23,[10  1],4,-1,40,-1,17
1,<environment.Job instance at 0x7f367dbbf640>,6,28,[6 5],7,-1,45,-1,17
1,<environment.Job instance at 0x7f367db88aa0>,11,15,[14  1],12,-1,32,-1,17
1,<environment.Job instance at 0x7f367dbe9dc0>,15,18,[11  3],16,-1,38,-1,20
1,<environment.Job instance at 0x7f367dc2b0f0>,19,28,[5 3],20,-1,54,-1,26
1,<environment.Job instance at 0x7f367dcfab40>,32,25,[6 3],33,-1,88,-1,63
1,<environment.Job instance at 0x7f367d817e60>,0,27,[ 5 10],1,-1,28,-1,1
1,<environment.Job instance at 0x7f367d817be0>,1,17,[7 5],2,-1,19,-1,2
1,<environment.Job instance at 0x7f367ed18140>,6,25,[ 5 10],7,-1,32,-1,7
1,<environment.Job instance at 0x7f367d918370>,8,18,[1 5],9,-1,27,-1,9
1,<environment.Job instance at 0x7f367dff78c0>,15,13,[5 5],16,-1,29,-1,16
1,<environment.Job instance at 0x7f367dfde690>,21,3,[1 6],22,-1,25,-1,22
1,<environment.Job instance at 0x7f367dfdee60>,22,17,[12  4],23,-1,40,-1,23
1,<environment.Job instance at 0x7f367dc1f1e0>,25,16,[10  4],26,-1,42,-1,26
1,<environment.Job instance at 0x7f367dbba050>,27,12,[5 8],28,-1,40,-1,28
1,<environment.Job instance at 0x7f367dbb51e0>,28,14,[7 5],29,-1,43,-1,29
1,<environment.Job instance at 0x7f367e00f730>,30,18,[9 5],31,-1,49,-1,31
1,<environment.Job instance at 0x7f367dba6500>,34,17,[7 2],35,-1,52,-1,35
1,<environment.Job instance at 0x7f367dbd79b0>,36,12,[8 3],37,-1,49,-1,37
1,<environment.Job instance at 0x7f367e006fa0>,37,15,[2 9],38,-1,53,-1,38
1,<environment.Job instance at 0x7f367dc8c460>,39,17,[8 1],40,-1,58,-1,41
1,<environment.Job instance at 0x7f367e000050>,41,17,[2 6],42,-1,59,-1,42
1,<environment.Job instance at 0x7f367e015460>,42,19,[8 2],43,-1,62,-1,43
1,<environment.Job instance at 0x7f367dffa9b0>,49,17,[9 1],50,-1,68,-1,51
1,<environment.Job instance at 0x7f367dbb4c80>,55,13,[ 1 10],56,-1,69,-1,56
1,<environment.Job instance at 0x7f367dffa910>,50,18,[3 5],51,-1,75,-1,57
1,<environment.Job instance at 0x7f367dbce1e0>,59,15,[10  2],60,-1,76,-1,61
1,<environment.Job instance at 0x7f367dbce0f0>,61,12,[5 5],62,-1,74,-1,62
1,<environment.Job instance at 0x7f367dbce460>,62,12,[5 5],63,-1,75,-1,63
1,<environment.Job instance at 0x7f367dbce500>,63,13,[4 9],64,-1,77,-1,64
1,<environment.Job instance at 0x7f367dbce640>,65,14,[7 4],66,-1,80,-1,66
1,<environment.Job instance at 0x7f367dbceb90>,70,16,[10  2],71,-1,87,-1,71
1,<environment.Job instance at 0x7f367dbcecd0>,71,13,[4 5],72,-1,85,-1,72
1,<environment.Job instance at 0x7f367db9a140>,75,12,[ 1 10],76,-1,88,-1,76
1,<environment.Job instance at 0x7f367db9a4b0>,78,16,[6 3],79,-1,95,-1,79
1,<environment.Job instance at 0x7f367db9a640>,79,14,[5 7],80,-1,94,-1,80
1,<environment.Job instance at 0x7f367db9a500>,80,18,[4 7],81,-1,99,-1,81
1,<environment.Job instance at 0x7f367db9a6e0>,81,14,[1 5],82,-1,96,-1,82
1,<environment.Job instance at 0x7f367db9a780>,82,14,[ 1 11],83,-1,97,-1,83
1,<environment.Job instance at 0x7f367db9a820>,83,14,[2 7],84,-1,98,-1,84
1,<environment.Job instance at 0x7f367dbce2d0>,60,13,[5 6],61,-1,97,-1,84
1,<environment.Job instance at 0x7f367dd94aa0>,0,27,[ 5 10],1,-1,28,-1,1
1,<environment.Job instance at 0x7f367dfff140>,6,25,[ 5 10],7,-1,40,-1,15
1,<environment.Job instance at 0x7f367dce7460>,22,17,[12  4],23,-1,61,-1,44
1,<environment.Job instance at 0x7f367de66730>,35,2,[ 4 11],36,-1,63,-1,61
1,<environment.Job instance at 0x7f367e080d70>,9,14,[ 5 11],10,-1,25,-1,11
1,<environment.Job instance at 0x7f367e080be0>,12,18,[6 3],13,-1,31,-1,13
1,<environment.Job instance at 0x7f367e0806e0>,16,25,[3 8],17,-1,42,-1,17
1,<environment.Job instance at 0x7f367d8f2460>,19,27,[9 3],20,-1,47,-1,20
1,<environment.Job instance at 0x7f367d8f2aa0>,20,15,[7 5],21,-1,36,-1,21
1,<environment.Job instance at 0x7f367d8f2410>,22,24,[ 3 10],23,-1,47,-1,23
1,<environment.Job instance at 0x7f367d8f2be0>,24,17,[8 5],25,-1,42,-1,25
1,<environment.Job instance at 0x7f367d8f2e10>,28,27,[1 7],29,-1,56,-1,29
1,<environment.Job instance at 0x7f367d8f29b0>,30,19,[6 3],31,-1,76,-1,57
1,<environment.Job instance at 0x7f367e05a730>,40,19,[1 5],41,-1,76,-1,57
1,<environment.Job instance at 0x7f367e05ab40>,42,18,[10  4],43,-1,75,-1,57
1,<environment.Job instance at 0x7f367e05a640>,49,15,[9 5],50,-1,90,-1,75
1,<environment.Job instance at 0x7f367dba2aa0>,53,18,[5 9],54,-1,105,-1,87
1,<environment.Job instance at 0x7f367dce5320>,5,14,[ 5 12],6,-1,20,-1,6
1,<environment.Job instance at 0x7f367de66730>,7,19,[14  4],8,-1,27,-1,8
1,<environment.Job instance at 0x7f367dbb4dc0>,9,14,[ 5 11],10,-1,24,-1,10
1,<environment.Job instance at 0x7f367e080c30>,16,25,[3 8],17,-1,53,-1,28
1,<environment.Job instance at 0x7f367e0805f0>,18,3,[ 5 14],19,-1,31,-1,28
1,<environment.Job instance at 0x7f367d8f2c80>,19,27,[9 3],20,-1,55,-1,28
1,<environment.Job instance at 0x7f367dba2af0>,22,24,[ 3 10],23,-1,57,-1,33
1,<environment.Job instance at 0x7f367dc210f0>,27,12,[ 2 12],28,-1,48,-1,36
1,<environment.Job instance at 0x7f367d90ff00>,28,27,[1 7],29,-1,65,-1,38
1,<environment.Job instance at 0x7f367d9a0b40>,2,16,[9 2],3,-1,20,-1,4
1,<environment.Job instance at 0x7f367e6ab690>,4,1,[5 7],5,-1,6,-1,5
1,<environment.Job instance at 0x7f367e6abb90>,5,18,[7 5],6,-1,24,-1,6
1,<environment.Job instance at 0x7f367e6abc80>,6,2,[2 9],7,-1,9,-1,7
1,<environment.Job instance at 0x7f367e6abcd0>,7,3,[7 1],8,-1,11,-1,8
1,<environment.Job instance at 0x7f367dab80f0>,8,17,[10  3],9,-1,26,-1,9
1,<environment.Job instance at 0x7f367dab8050>,9,27,[ 5 10],10,-1,41,-1,14
1,<environment.Job instance at 0x7f367d9a0b90>,3,15,[6 3],4,-1,29,-1,14
1,<environment.Job instance at 0x7f367e678140>,18,20,[6 2],19,-1,40,-1,20
1,<environment.Job instance at 0x7f367e678820>,19,15,[ 1 10],20,-1,36,-1,21
1,<environment.Job instance at 0x7f367e678fa0>,17,13,[7 3],18,-1,36,-1,23
1,<environment.Job instance at 0x7f367e678460>,11,22,[ 1 10],12,-1,47,-1,25
1,<environment.Job instance at 0x7f367e6b2fa0>,20,14,[3 6],21,-1,39,-1,25
1,<environment.Job instance at 0x7f367e68faa0>,26,13,[11  1],27,-1,45,-1,32
1,<environment.Job instance at 0x7f367e68fdc0>,27,18,[1 7],28,-1,60,-1,42
1,<environment.Job instance at 0x7f367d936140>,32,18,[5 5],33,-1,63,-1,45
1,<environment.Job instance at 0x7f367d923e10>,30,15,[1 6],31,-1,61,-1,46
1,<environment.Job instance at 0x7f367edc7550>,31,14,[10  4],32,-1,60,-1,46
1,<environment.Job instance at 0x7f367dc80eb0>,35,15,[7 4],36,-1,61,-1,46
1,<environment.Job instance at 0x7f367e6a7190>,38,21,[5 8],39,-1,74,-1,53
1,<environment.Job instance at 0x7f367d923f50>,28,12,[ 5 12],29,-1,66,-1,54
1,<environment.Job instance at 0x7f367e6a7af0>,41,28,[2 8],42,-1,90,-1,62
1,<environment.Job instance at 0x7f367e6a7d70>,39,17,[7 2],40,-1,79,-1,62
1,<environment.Job instance at 0x7f367dcd6c80>,43,27,[9 3],44,-1,89,-1,62
1,<environment.Job instance at 0x7f367dc801e0>,37,14,[6 2],38,-1,82,-1,68
1,<environment.Job instance at 0x7f367e6a7a50>,40,12,[8 1],41,-1,80,-1,68
1,<environment.Job instance at 0x7f367e696050>,52,3,[9 1],53,-1,71,-1,68
1,<environment.Job instance at 0x7f367dc7ee60>,49,2,[ 4 11],50,-1,70,-1,68
1,<environment.Job instance at 0x7f367dc7efa0>,51,1,[10  2],52,-1,69,-1,68
1,<environment.Job instance at 0x7f367e6965a0>,53,2,[ 4 10],54,-1,70,-1,68
1,<environment.Job instance at 0x7f367e696640>,55,1,[8 2],56,-1,70,-1,69
1,<environment.Job instance at 0x7f367dc83050>,56,28,[9 2],57,-1,97,-1,69
1,<environment.Job instance at 0x7f367dc83280>,59,17,[1 5],60,-1,92,-1,75
1,<environment.Job instance at 0x7f367dc83af0>,61,13,[1 7],62,-1,88,-1,75
1,<environment.Job instance at 0x7f367dc832d0>,58,1,[6 3],59,-1,76,-1,75
1,<environment.Job instance at 0x7f367dc83a00>,62,13,[4 8],63,-1,89,-1,76
1,<environment.Job instance at 0x7f367dc6cb40>,68,15,[ 3 11],69,-1,93,-1,78
1,<environment.Job instance at 0x7f367dc83d70>,66,12,[7 1],67,-1,90,-1,78
1,<environment.Job instance at 0x7f367dc6cb90>,70,14,[6 4],71,-1,92,-1,78
1,<environment.Job instance at 0x7f367dc6cdc0>,74,15,[9 1],75,-1,94,-1,79
1,<environment.Job instance at 0x7f367dc6ce60>,75,15,[ 2 11],76,-1,95,-1,80
1,<environment.Job instance at 0x7f367dc752d0>,76,23,[7 4],77,-1,109,-1,86
1,<environment.Job instance at 0x7f367dc756e0>,78,17,[5 5],79,-1,105,-1,88
1,<environment.Job instance at 0x7f367dc75730>,79,14,[3 7],80,-1,102,-1,88
1,<environment.Job instance at 0x7f367dc753c0>,80,15,[9 4],81,-1,103,-1,88
1,<environment.Job instance at 0x7f367dc6caf0>,69,3,[5 1],70,-1,91,-1,88
1,<environment.Job instance at 0x7f367dc758c0>,83,20,[5 4],84,-1,109,-1,89
1,<environment.Job instance at 0x7f367dc83d20>,63,1,[6 2],64,-1,90,-1,89
1,<environment.Job instance at 0x7f367d8e8d70>,0,2,[ 5 11],1,-1,3,-1,1
1,<environment.Job instance at 0x7f367d8e8320>,9,27,[ 5 10],10,-1,46,-1,19
1,<environment.Job instance at 0x7f367d96f870>,26,13,[11  1],27,-1,68,-1,55
1,<environment.Job instance at 0x7f367e7fd0a0>,28,12,[ 5 12],29,-1,67,-1,55
1,<environment.Job instance at 0x7f367ed82910>,4,15,[10  3],5,-1,21,-1,6
1,<environment.Job instance at 0x7f367ed82e60>,6,21,[6 5],7,-1,28,-1,7
1,<environment.Job instance at 0x7f367ed82640>,7,13,[9 4],8,-1,21,-1,8
1,<environment.Job instance at 0x7f367ed82190>,9,17,[5 9],10,-1,27,-1,10
1,<environment.Job instance at 0x7f367ed82730>,10,15,[4 5],11,-1,26,-1,11
1,<environment.Job instance at 0x7f367ed82820>,11,27,[5 1],12,-1,39,-1,12
1,<environment.Job instance at 0x7f367ed828c0>,12,21,[1 6],13,-1,34,-1,13
1,<environment.Job instance at 0x7f367ed82eb0>,13,17,[8 5],14,-1,31,-1,14
1,<environment.Job instance at 0x7f367ed82370>,15,16,[4 5],16,-1,32,-1,16
1,<environment.Job instance at 0x7f367ed82aa0>,16,25,[8 3],17,-1,42,-1,17
1,<environment.Job instance at 0x7f367ed82550>,18,16,[ 5 10],19,-1,35,-1,19
1,<environment.Job instance at 0x7f367ed82320>,19,18,[7 3],20,-1,38,-1,20
1,<environment.Job instance at 0x7f367ed82f50>,20,16,[9 2],21,-1,37,-1,21
1,<environment.Job instance at 0x7f367ed821e0>,21,19,[10  1],22,-1,41,-1,22
1,<environment.Job instance at 0x7f367e7fd230>,26,25,[ 5 10],27,-1,52,-1,27
1,<environment.Job instance at 0x7f367dbbba50>,32,18,[5 9],33,-1,51,-1,33
1,<environment.Job instance at 0x7f367dbbbb90>,33,16,[6 5],34,-1,50,-1,34
1,<environment.Job instance at 0x7f367dbbb550>,38,18,[1 9],39,-1,57,-1,39
1,<environment.Job instance at 0x7f367dbbb870>,39,15,[6 3],40,-1,55,-1,40
1,<environment.Job instance at 0x7f367dbbb640>,40,15,[3 9],41,-1,56,-1,41
1,<environment.Job instance at 0x7f367e8ac690>,44,17,[9 5],45,-1,62,-1,45
1,<environment.Job instance at 0x7f367e8acd20>,45,16,[5 3],46,-1,62,-1,46
1,<environment.Job instance at 0x7f367e8ac960>,48,14,[9 4],49,-1,63,-1,49
1,<environment.Job instance at 0x7f367e8aca00>,50,26,[6 3],51,-1,77,-1,51
1,<environment.Job instance at 0x7f367e8ac230>,51,14,[4 6],52,-1,66,-1,52
1,<environment.Job instance at 0x7f367e8acc30>,52,17,[ 2 11],53,-1,70,-1,53
1,<environment.Job instance at 0x7f367db7c320>,55,23,[7 1],56,-1,79,-1,56
1,<environment.Job instance at 0x7f367db7caa0>,57,17,[4 9],58,-1,75,-1,58
1,<environment.Job instance at 0x7f367db7c280>,61,17,[10  4],62,-1,79,-1,62
1,<environment.Job instance at 0x7f367db7cb40>,63,12,[ 1 14],64,-1,76,-1,64
1,<environment.Job instance at 0x7f367db7c0a0>,64,14,[7 4],65,-1,79,-1,65
1,<environment.Job instance at 0x7f367db7ce60>,65,18,[10  3],66,-1,84,-1,66
1,<environment.Job instance at 0x7f367db7c2d0>,66,13,[13  3],67,-1,80,-1,67
1,<environment.Job instance at 0x7f367db7cdc0>,67,18,[3 6],68,-1,86,-1,68
1,<environment.Job instance at 0x7f367eae77d0>,74,18,[4 7],75,-1,93,-1,75
1,<environment.Job instance at 0x7f367eae7fa0>,75,12,[5 6],76,-1,88,-1,76
1,<environment.Job instance at 0x7f367eae7e10>,76,17,[5 5],77,-1,94,-1,77
1,<environment.Job instance at 0x7f367eae7690>,77,13,[8 2],78,-1,91,-1,78
1,<environment.Job instance at 0x7f367eae7960>,81,14,[ 3 14],82,-1,96,-1,82
1,<environment.Job instance at 0x7f367eae7320>,82,17,[1 6],83,-1,100,-1,83
1,<environment.Job instance at 0x7f367eae7190>,83,16,[4 9],84,-1,100,-1,84
1,<environment.Job instance at 0x7f367eae7af0>,85,13,[ 1 12],86,-1,99,-1,86
1,<environment.Job instance at 0x7f367e0732d0>,86,17,[11  2],87,-1,104,-1,87
1,<environment.Job instance at 0x7f367dac2b40>,0,16,[14  3],1,-1,17,-1,1
1,<environment.Job instance at 0x7f367dba2550>,11,27,[5 1],12,-1,53,-1,26
1,<environment.Job instance at 0x7f367d8e8b90>,17,13,[13  1],18,-1,43,-1,30
1,<environment.Job instance at 0x7f367d8e8320>,16,25,[8 3],17,-1,70,-1,45
1,<environment.Job instance at 0x7f367ed82960>,26,25,[ 5 10],27,-1,112,-1,87
1,<environment.Job instance at 0x7f367d563050>,0,28,[5 6],1,-1,29,-1,1
1,<environment.Job instance at 0x7f367d563f00>,4,17,[6 5],5,-1,23,-1,6
1,<environment.Job instance at 0x7f367dd5a9b0>,5,23,[5 3],6,-1,29,-1,6
1,<environment.Job instance at 0x7f367d5637d0>,7,16,[ 5 10],8,-1,29,-1,13
1,<environment.Job instance at 0x7f367d5631e0>,16,15,[9 5],17,-1,32,-1,17
1,<environment.Job instance at 0x7f367d563230>,17,14,[4 7],18,-1,32,-1,18
1,<environment.Job instance at 0x7f367d578820>,20,16,[5 1],21,-1,37,-1,21
1,<environment.Job instance at 0x7f367d5780a0>,21,16,[ 2 10],22,-1,38,-1,22
1,<environment.Job instance at 0x7f367d578c80>,22,17,[4 5],23,-1,40,-1,23
1,<environment.Job instance at 0x7f367d578e10>,23,18,[ 1 10],24,-1,42,-1,24
1,<environment.Job instance at 0x7f367d5635a0>,12,16,[9 4],13,-1,43,-1,27
1,<environment.Job instance at 0x7f367d4aed20>,49,14,[9 5],50,-1,93,-1,79
1,<environment.Job instance at 0x7f367d4aeaa0>,50,25,[2 8],51,-1,104,-1,79
1,<environment.Job instance at 0x7f367d5cda00>,41,18,[4 8],42,-1,97,-1,79
1,<environment.Job instance at 0x7f367d5cdf00>,43,15,[10  4],44,-1,95,-1,80
1,<environment.Job instance at 0x7f367d4ae4b0>,53,18,[ 4 10],54,-1,98,-1,80
1,<environment.Job instance at 0x7f367d4ae640>,52,18,[9 4],53,-1,98,-1,80
1,<environment.Job instance at 0x7f367d4ae3c0>,58,17,[5 7],59,-1,99,-1,82
1,<environment.Job instance at 0x7f367d4ae050>,48,14,[8 3],49,-1,96,-1,82
1,<environment.Job instance at 0x7f367dac2b40>,0,28,[5 6],1,-1,29,-1,1
1,<environment.Job instance at 0x7f367ec07870>,3,28,[ 1 11],4,-1,32,-1,4
1,<environment.Job instance at 0x7f367ec29230>,5,23,[5 3],6,-1,29,-1,6
1,<environment.Job instance at 0x7f367d8218c0>,6,14,[13  5],7,-1,21,-1,7
1,<environment.Job instance at 0x7f367d821910>,10,13,[12  5],11,-1,24,-1,11
1,<environment.Job instance at 0x7f367e48b640>,18,15,[ 3 13],19,-1,39,-1,24
1,<environment.Job instance at 0x7f367e474870>,26,18,[ 3 13],27,-1,74,-1,56
1,<environment.Job instance at 0x7f367e2f9280>,0,13,[9 3],1,-1,15,-1,2
1,<environment.Job instance at 0x7f367e7ce410>,2,15,[3 8],3,-1,18,-1,3
1,<environment.Job instance at 0x7f367e7ce320>,3,13,[6 5],4,-1,17,-1,4
1,<environment.Job instance at 0x7f367e7cea50>,4,13,[5 4],5,-1,18,-1,5
1,<environment.Job instance at 0x7f367e7ce5f0>,5,15,[9 1],6,-1,21,-1,6
1,<environment.Job instance at 0x7f367e7ce050>,7,25,[9 4],8,-1,33,-1,8
1,<environment.Job instance at 0x7f367e7fd4b0>,1,16,[2 7],2,-1,26,-1,10
1,<environment.Job instance at 0x7f367e2f9910>,10,16,[2 8],11,-1,27,-1,11
1,<environment.Job instance at 0x7f367e7ceaa0>,12,17,[1 7],13,-1,30,-1,13
1,<environment.Job instance at 0x7f367e7ced20>,13,17,[6 4],14,-1,31,-1,14
1,<environment.Job instance at 0x7f367d802870>,15,16,[1 6],16,-1,32,-1,16
1,<environment.Job instance at 0x7f367d802e10>,21,18,[9 3],22,-1,49,-1,31
1,<environment.Job instance at 0x7f368737fb90>,32,18,[5 8],33,-1,53,-1,35
1,<environment.Job instance at 0x7f367d8025a0>,29,16,[ 3 10],30,-1,74,-1,58
1,<environment.Job instance at 0x7f368737fbe0>,41,15,[9 5],42,-1,73,-1,58
1,<environment.Job instance at 0x7f368737fe60>,42,14,[9 1],43,-1,72,-1,58
1,<environment.Job instance at 0x7f368737f410>,40,16,[5 9],41,-1,74,-1,58
1,<environment.Job instance at 0x7f368737ff00>,35,23,[8 2],36,-1,81,-1,58
1,<environment.Job instance at 0x7f368737f9b0>,43,18,[ 2 11],44,-1,76,-1,58
1,<environment.Job instance at 0x7f367d802230>,24,25,[7 4],25,-1,83,-1,58
1,<environment.Job instance at 0x7f367e9096e0>,49,16,[ 4 10],50,-1,74,-1,58
1,<environment.Job instance at 0x7f367e909dc0>,50,18,[5 8],51,-1,76,-1,58
1,<environment.Job instance at 0x7f367e909b40>,51,17,[3 7],52,-1,76,-1,59
1,<environment.Job instance at 0x7f367e909e10>,48,14,[8 1],49,-1,73,-1,59
1,<environment.Job instance at 0x7f367e909af0>,53,2,[2 8],54,-1,61,-1,59
1,<environment.Job instance at 0x7f367e909a50>,54,14,[10  1],55,-1,73,-1,59
1,<environment.Job instance at 0x7f367e909640>,52,23,[7 1],53,-1,84,-1,61
1,<environment.Job instance at 0x7f367e344910>,60,15,[4 9],61,-1,81,-1,66
1,<environment.Job instance at 0x7f367e344a50>,61,15,[7 5],62,-1,82,-1,67
1,<environment.Job instance at 0x7f367e344c30>,63,16,[8 2],64,-1,84,-1,68
1,<environment.Job instance at 0x7f367e0335a0>,7,25,[9 4],8,-1,43,-1,18
1,<environment.Job instance at 0x7f367e033500>,11,3,[ 4 12],12,-1,23,-1,20
1,<environment.Job instance at 0x7f367ec628c0>,16,16,[14  3],17,-1,49,-1,33
1,<environment.Job instance at 0x7f367e3197d0>,17,14,[12  5],18,-1,47,-1,33
1,<environment.Job instance at 0x7f367d847960>,24,25,[7 4],25,-1,81,-1,56
1,<environment.Job instance at 0x7f367e18fa50>,1,18,[3 7],2,-1,20,-1,2
1,<environment.Job instance at 0x7f367e18f640>,2,17,[1 9],3,-1,20,-1,3
1,<environment.Job instance at 0x7f367e18f460>,4,22,[9 5],5,-1,27,-1,5
1,<environment.Job instance at 0x7f367e18fdc0>,7,16,[5 8],8,-1,24,-1,8
1,<environment.Job instance at 0x7f367e18fc30>,8,16,[1 6],9,-1,25,-1,9
1,<environment.Job instance at 0x7f367e18feb0>,13,15,[4 9],14,-1,30,-1,15
1,<environment.Job instance at 0x7f368772ee10>,14,14,[10  4],15,-1,29,-1,15
1,<environment.Job instance at 0x7f367e18fb90>,15,12,[ 3 10],16,-1,29,-1,17
1,<environment.Job instance at 0x7f367e830370>,18,12,[10  1],19,-1,31,-1,19
1,<environment.Job instance at 0x7f367e8308c0>,20,16,[9 2],21,-1,37,-1,21
1,<environment.Job instance at 0x7f367e830460>,27,17,[8 2],28,-1,45,-1,28
1,<environment.Job instance at 0x7f367e8cb4b0>,28,17,[1 6],29,-1,46,-1,29
1,<environment.Job instance at 0x7f367e8cb8c0>,29,17,[9 2],30,-1,47,-1,30
1,<environment.Job instance at 0x7f367dccdf00>,35,16,[11  3],36,-1,52,-1,36
1,<environment.Job instance at 0x7f367dccdc80>,37,16,[3 5],38,-1,54,-1,38
1,<environment.Job instance at 0x7f367dccd690>,43,18,[ 2 10],44,-1,62,-1,44
1,<environment.Job instance at 0x7f367dccdd20>,44,17,[8 3],45,-1,62,-1,45
1,<environment.Job instance at 0x7f367dccdeb0>,47,17,[7 4],48,-1,65,-1,48
1,<environment.Job instance at 0x7f367dccd1e0>,49,16,[10  5],50,-1,67,-1,51
1,<environment.Job instance at 0x7f367dccde60>,48,15,[8 3],49,-1,71,-1,56
1,<environment.Job instance at 0x7f367dc7e8c0>,55,17,[ 2 10],56,-1,78,-1,61
1,<environment.Job instance at 0x7f367dc7e870>,58,19,[7 1],59,-1,83,-1,64
1,<environment.Job instance at 0x7f367daa1780>,64,12,[7 4],65,-1,77,-1,65
1,<environment.Job instance at 0x7f367daa1820>,67,14,[11  2],68,-1,82,-1,68
1,<environment.Job instance at 0x7f367daa1aa0>,69,18,[1 5],70,-1,88,-1,70
1,<environment.Job instance at 0x7f367daa1280>,70,27,[7 4],71,-1,98,-1,71
1,<environment.Job instance at 0x7f367daa1460>,72,16,[10  2],73,-1,89,-1,73
1,<environment.Job instance at 0x7f367dc7e910>,60,18,[9 2],61,-1,93,-1,75
1,<environment.Job instance at 0x7f367daa13c0>,73,15,[4 8],74,-1,90,-1,75
1,<environment.Job instance at 0x7f367eda6190>,76,13,[9 5],77,-1,90,-1,77
1,<environment.Job instance at 0x7f367e8300f0>,22,17,[ 2 14],23,-1,95,-1,78
1,<environment.Job instance at 0x7f367eda6230>,77,18,[6 2],78,-1,97,-1,79
1,<environment.Job instance at 0x7f367e8cbf00>,32,15,[2 9],33,-1,95,-1,80
1,<environment.Job instance at 0x7f367eda6500>,79,13,[7 5],80,-1,93,-1,80
1,<environment.Job instance at 0x7f367eda6af0>,81,14,[9 5],82,-1,96,-1,82
1,<environment.Job instance at 0x7f367e344c80>,5,3,[ 1 14],6,-1,9,-1,6
1,<environment.Job instance at 0x7f367d802be0>,10,13,[11  4],11,-1,31,-1,18
1,<environment.Job instance at 0x7f367ec299b0>,11,12,[ 1 13],12,-1,30,-1,18
1,<environment.Job instance at 0x7f367e48bf50>,22,17,[ 2 14],23,-1,77,-1,60
1,<environment.Job instance at 0x7f367e469320>,2,16,[1 7],3,-1,19,-1,3
1,<environment.Job instance at 0x7f367e469b40>,7,16,[7 2],8,-1,24,-1,8
1,<environment.Job instance at 0x7f367e0507d0>,12,14,[9 3],13,-1,27,-1,13
1,<environment.Job instance at 0x7f367e050f00>,16,16,[4 9],17,-1,33,-1,17
1,<environment.Job instance at 0x7f367e0502d0>,17,22,[6 1],18,-1,40,-1,18
1,<environment.Job instance at 0x7f367e050140>,19,14,[3 8],20,-1,34,-1,20
1,<environment.Job instance at 0x7f367e050320>,20,12,[5 9],21,-1,33,-1,21
1,<environment.Job instance at 0x7f367e050280>,21,18,[5 9],22,-1,40,-1,22
1,<environment.Job instance at 0x7f367da0a370>,25,17,[10  3],26,-1,43,-1,26
1,<environment.Job instance at 0x7f367da0abe0>,27,16,[8 4],28,-1,44,-1,28
1,<environment.Job instance at 0x7f367da0a910>,28,14,[6 3],29,-1,43,-1,29
1,<environment.Job instance at 0x7f367ecff5f0>,30,17,[8 4],31,-1,48,-1,31
1,<environment.Job instance at 0x7f367ecffaa0>,31,14,[ 5 10],32,-1,46,-1,32
1,<environment.Job instance at 0x7f367ecffbe0>,32,19,[8 3],33,-1,52,-1,33
1,<environment.Job instance at 0x7f367ecff320>,34,17,[8 5],35,-1,52,-1,35
1,<environment.Job instance at 0x7f367ecff0f0>,35,1,[7 1],36,-1,37,-1,36
1,<environment.Job instance at 0x7f367ecffe10>,36,23,[5 5],37,-1,60,-1,37
1,<environment.Job instance at 0x7f367ecfffa0>,38,14,[9 5],39,-1,53,-1,39
1,<environment.Job instance at 0x7f367ecff500>,39,25,[7 3],40,-1,65,-1,40
1,<environment.Job instance at 0x7f367ecff730>,41,13,[5 2],42,-1,55,-1,42
1,<environment.Job instance at 0x7f367e51f190>,43,17,[6 4],44,-1,61,-1,44
1,<environment.Job instance at 0x7f367e51ff00>,44,17,[4 7],45,-1,62,-1,45
1,<environment.Job instance at 0x7f367e51f2d0>,46,13,[10  5],47,-1,61,-1,48
1,<environment.Job instance at 0x7f367e51f910>,48,12,[5 1],49,-1,61,-1,49
1,<environment.Job instance at 0x7f367e51fd20>,52,14,[10  1],53,-1,67,-1,53
1,<environment.Job instance at 0x7f367dab6730>,54,15,[8 1],55,-1,70,-1,55
1,<environment.Job instance at 0x7f367dab6b90>,55,14,[5 7],56,-1,70,-1,56
1,<environment.Job instance at 0x7f367e51f3c0>,47,14,[2 6],48,-1,71,-1,57
1,<environment.Job instance at 0x7f367dab67d0>,57,15,[3 9],58,-1,73,-1,58
1,<environment.Job instance at 0x7f367dab6190>,58,15,[ 4 10],59,-1,74,-1,59
1,<environment.Job instance at 0x7f367dab6050>,60,18,[5 4],61,-1,79,-1,61
1,<environment.Job instance at 0x7f367db31aa0>,68,18,[ 4 10],69,-1,87,-1,69
1,<environment.Job instance at 0x7f367db31960>,69,13,[7 2],70,-1,84,-1,71
1,<environment.Job instance at 0x7f367e450370>,73,16,[3 8],74,-1,90,-1,74
1,<environment.Job instance at 0x7f367dfa2aa0>,74,16,[9 2],75,-1,91,-1,75
1,<environment.Job instance at 0x7f367dfa2c80>,76,18,[3 6],77,-1,95,-1,77
1,<environment.Job instance at 0x7f367de5f820>,77,18,[5 5],78,-1,96,-1,78
1,<environment.Job instance at 0x7f367e34e7d0>,83,18,[4 5],84,-1,102,-1,84
1,<environment.Job instance at 0x7f367e022d70>,85,18,[5 8],86,-1,104,-1,86
1,<environment.Job instance at 0x7f367df0f2d0>,86,18,[3 9],87,-1,105,-1,87
1,<environment.Job instance at 0x7f367e9efdc0>,8,3,[11  1],9,-1,12,-1,9
1,<environment.Job instance at 0x7f367dc13050>,1,16,[6 5],2,-1,18,-1,2
1,<environment.Job instance at 0x7f367dd34370>,6,12,[ 1 10],7,-1,20,-1,8
1,<environment.Job instance at 0x7f367dc13af0>,7,18,[9 4],8,-1,26,-1,8
1,<environment.Job instance at 0x7f367dd340f0>,8,15,[1 8],9,-1,25,-1,10
1,<environment.Job instance at 0x7f367e559730>,24,17,[3 7],25,-1,43,-1,26
1,<environment.Job instance at 0x7f367e559690>,26,14,[7 5],27,-1,41,-1,27
1,<environment.Job instance at 0x7f367e5591e0>,29,18,[2 9],30,-1,48,-1,30
1,<environment.Job instance at 0x7f367e559a50>,23,14,[4 8],24,-1,45,-1,31
1,<environment.Job instance at 0x7f367e559f00>,18,14,[7 2],19,-1,45,-1,31
1,<environment.Job instance at 0x7f367e559460>,31,14,[ 1 10],32,-1,46,-1,32
1,<environment.Job instance at 0x7f367e5d51e0>,33,18,[5 2],34,-1,52,-1,34
1,<environment.Job instance at 0x7f367e5d53c0>,34,16,[7 5],35,-1,51,-1,35
1,<environment.Job instance at 0x7f367e5d5050>,41,13,[9 1],42,-1,55,-1,42
1,<environment.Job instance at 0x7f367e5d5f00>,44,15,[10  2],45,-1,60,-1,45
1,<environment.Job instance at 0x7f367e5d5640>,45,20,[10  3],46,-1,66,-1,46
1,<environment.Job instance at 0x7f367dbeb1e0>,52,18,[9 2],53,-1,71,-1,53
1,<environment.Job instance at 0x7f367dbeb0f0>,54,14,[5 9],55,-1,69,-1,55
1,<environment.Job instance at 0x7f367e5e2500>,57,23,[6 1],58,-1,81,-1,58
1,<environment.Job instance at 0x7f367e5e20a0>,61,14,[1 5],62,-1,76,-1,62
1,<environment.Job instance at 0x7f367e5e2910>,62,17,[5 1],63,-1,80,-1,63
1,<environment.Job instance at 0x7f367e5e27d0>,67,17,[5 5],68,-1,86,-1,69
1,<environment.Job instance at 0x7f367e5e2dc0>,68,14,[9 5],69,-1,83,-1,69
1,<environment.Job instance at 0x7f367e559910>,30,18,[5 5],31,-1,89,-1,71
1,<environment.Job instance at 0x7f367e32eb90>,71,15,[7 3],72,-1,87,-1,72
1,<environment.Job instance at 0x7f367e32ee10>,70,25,[9 4],71,-1,107,-1,82
1,<environment.Job instance at 0x7f367e32e6e0>,77,27,[2 9],78,-1,109,-1,82
1,<environment.Job instance at 0x7f367e32e730>,80,18,[5 4],81,-1,102,-1,84
1,<environment.Job instance at 0x7f367e32e9b0>,81,14,[8 4],82,-1,98,-1,84
1,<environment.Job instance at 0x7f367e3922d0>,84,16,[8 1],85,-1,101,-1,85
1,<environment.Job instance at 0x7f367e392d20>,86,16,[ 5 12],87,-1,103,-1,87
1,<environment.Job instance at 0x7f367e559640>,19,18,[1 9],20,-1,105,-1,87
1,<environment.Job instance at 0x7f367e32e500>,72,17,[1 5],73,-1,104,-1,87
1,<environment.Job instance at 0x7f367e392a00>,88,19,[2 7],89,-1,108,-1,89
1,<environment.Job instance at 0x7f367d7a2870>,2,13,[14  2],3,-1,16,-1,3
1,<environment.Job instance at 0x7f367e932aa0>,20,2,[ 4 14],21,-1,46,-1,44
1,<environment.Job instance at 0x7f367d6a4aa0>,2,22,[5 4],3,-1,25,-1,3
1,<environment.Job instance at 0x7f367d6a4140>,6,18,[1 5],7,-1,25,-1,7
1,<environment.Job instance at 0x7f367d6a4cd0>,8,17,[7 5],9,-1,26,-1,9
1,<environment.Job instance at 0x7f367d5e6e60>,10,17,[10  1],11,-1,28,-1,11
1,<environment.Job instance at 0x7f367d5e6a50>,11,16,[2 5],12,-1,28,-1,12
1,<environment.Job instance at 0x7f367d5e6320>,12,15,[2 5],13,-1,28,-1,13
1,<environment.Job instance at 0x7f367d5e6460>,13,16,[1 5],14,-1,30,-1,14
1,<environment.Job instance at 0x7f367d92b460>,15,15,[5 4],16,-1,31,-1,16
1,<environment.Job instance at 0x7f367d92b370>,17,26,[10  5],18,-1,45,-1,19
1,<environment.Job instance at 0x7f367d92b4b0>,19,16,[5 6],20,-1,36,-1,20
1,<environment.Job instance at 0x7f367d92b190>,20,18,[4 5],21,-1,39,-1,21
1,<environment.Job instance at 0x7f367d92b690>,21,18,[4 9],22,-1,40,-1,22
1,<environment.Job instance at 0x7f367d92bd20>,23,13,[9 3],24,-1,38,-1,25
1,<environment.Job instance at 0x7f367d92bf50>,24,19,[2 5],25,-1,44,-1,25
1,<environment.Job instance at 0x7f367d92b550>,25,14,[ 3 10],26,-1,41,-1,27
1,<environment.Job instance at 0x7f367e9c9780>,26,14,[5 4],27,-1,41,-1,27
1,<environment.Job instance at 0x7f367ec96dc0>,33,23,[1 7],34,-1,57,-1,34
1,<environment.Job instance at 0x7f367e450a00>,34,22,[1 8],35,-1,58,-1,36
1,<environment.Job instance at 0x7f367ec96910>,35,18,[ 2 10],36,-1,54,-1,36
1,<environment.Job instance at 0x7f367d828050>,39,17,[9 1],40,-1,58,-1,41
1,<environment.Job instance at 0x7f367d828460>,42,26,[1 5],43,-1,69,-1,43
1,<environment.Job instance at 0x7f367d8285f0>,43,17,[ 4 10],44,-1,61,-1,44
1,<environment.Job instance at 0x7f367d8282d0>,45,15,[8 3],46,-1,61,-1,46
1,<environment.Job instance at 0x7f367eb467d0>,50,13,[10  5],51,-1,64,-1,51
1,<environment.Job instance at 0x7f367eb46500>,52,22,[5 3],53,-1,75,-1,53
1,<environment.Job instance at 0x7f367eb460a0>,54,15,[4 7],55,-1,70,-1,55
1,<environment.Job instance at 0x7f367eb46cd0>,57,24,[2 8],58,-1,82,-1,58
1,<environment.Job instance at 0x7f367eb46c80>,60,12,[ 5 10],61,-1,73,-1,61
1,<environment.Job instance at 0x7f367d627be0>,61,16,[4 9],62,-1,78,-1,62
1,<environment.Job instance at 0x7f367d627320>,62,15,[1 6],63,-1,78,-1,63
1,<environment.Job instance at 0x7f367d627d20>,63,26,[1 8],64,-1,90,-1,64
1,<environment.Job instance at 0x7f367d6271e0>,65,12,[5 2],66,-1,78,-1,66
1,<environment.Job instance at 0x7f367ead3140>,66,18,[7 1],67,-1,85,-1,67
1,<environment.Job instance at 0x7f367d828cd0>,40,16,[4 8],41,-1,86,-1,70
1,<environment.Job instance at 0x7f367d833d20>,74,14,[2 7],75,-1,95,-1,81
1,<environment.Job instance at 0x7f367d878690>,81,14,[3 5],82,-1,96,-1,82
1,<environment.Job instance at 0x7f367d833820>,80,17,[4 7],81,-1,100,-1,83
1,<environment.Job instance at 0x7f367e80e730>,16,17,[ 2 14],17,-1,60,-1,43
1,<environment.Job instance at 0x7f367ed7bc30>,17,26,[10  5],18,-1,79,-1,53
1,<environment.Job instance at 0x7f367d834dc0>,0,18,[3 6],1,-1,19,-1,1
1,<environment.Job instance at 0x7f367d834af0>,2,16,[1 9],3,-1,19,-1,3
1,<environment.Job instance at 0x7f367d84be10>,4,12,[10  3],5,-1,19,-1,7
1,<environment.Job instance at 0x7f367e3d5af0>,9,12,[4 8],10,-1,22,-1,10
1,<environment.Job instance at 0x7f367d84b5a0>,6,16,[2 7],7,-1,26,-1,10
1,<environment.Job instance at 0x7f367e3d5b90>,10,14,[1 9],11,-1,25,-1,11
1,<environment.Job instance at 0x7f367d91fc30>,14,17,[10  5],15,-1,32,-1,15
1,<environment.Job instance at 0x7f367d928eb0>,25,17,[ 5 10],26,-1,43,-1,26
1,<environment.Job instance at 0x7f367d928cd0>,33,16,[9 5],34,-1,50,-1,34
1,<environment.Job instance at 0x7f367e6de050>,34,16,[8 5],35,-1,51,-1,35
1,<environment.Job instance at 0x7f367e6de2d0>,37,14,[ 5 10],38,-1,54,-1,40
1,<environment.Job instance at 0x7f367e6dedc0>,39,16,[6 2],40,-1,57,-1,41
1,<environment.Job instance at 0x7f367e6de140>,41,12,[2 5],42,-1,54,-1,42
1,<environment.Job instance at 0x7f367e6de690>,42,16,[9 3],43,-1,59,-1,43
1,<environment.Job instance at 0x7f367d9289b0>,32,16,[5 3],33,-1,60,-1,44
1,<environment.Job instance at 0x7f367e6de370>,44,16,[7 3],45,-1,68,-1,52
1,<environment.Job instance at 0x7f367e6def00>,45,22,[5 2],46,-1,75,-1,53
1,<environment.Job instance at 0x7f367e6c2550>,51,28,[7 5],52,-1,82,-1,54
1,<environment.Job instance at 0x7f367e3d5230>,20,14,[3 5],21,-1,68,-1,54
1,<environment.Job instance at 0x7f36877241e0>,53,2,[14  5],54,-1,56,-1,54
1,<environment.Job instance at 0x7f367e03f5a0>,52,14,[6 1],53,-1,68,-1,54
1,<environment.Job instance at 0x7f367e8c2a00>,54,26,[7 1],55,-1,81,-1,55
1,<environment.Job instance at 0x7f367e8c2b40>,55,18,[10  4],56,-1,75,-1,57
1,<environment.Job instance at 0x7f367e6c2d70>,50,13,[11  3],51,-1,77,-1,64
1,<environment.Job instance at 0x7f367e370320>,61,18,[4 9],62,-1,82,-1,64
1,<environment.Job instance at 0x7f367e9c6aa0>,65,16,[2 7],66,-1,82,-1,66
1,<environment.Job instance at 0x7f367dff9640>,68,18,[8 3],69,-1,87,-1,69
1,<environment.Job instance at 0x7f367dc9d410>,72,15,[ 2 10],73,-1,90,-1,75
1,<environment.Job instance at 0x7f367dcc7d20>,73,18,[6 3],74,-1,94,-1,76
1,<environment.Job instance at 0x7f367e4efa50>,74,17,[10  3],75,-1,93,-1,76
1,<environment.Job instance at 0x7f367e4b6d20>,75,18,[ 2 11],76,-1,94,-1,76
1,<environment.Job instance at 0x7f367e4cac80>,70,24,[10  5],71,-1,101,-1,77
1,<environment.Job instance at 0x7f367d6eea00>,76,13,[11  3],77,-1,90,-1,77
1,<environment.Job instance at 0x7f367d6f3af0>,77,18,[6 4],78,-1,96,-1,78
1,<environment.Job instance at 0x7f367e4b69b0>,78,27,[5 1],79,-1,106,-1,79
1,<environment.Job instance at 0x7f367e4cbbe0>,79,15,[9 3],80,-1,95,-1,80
1,<environment.Job instance at 0x7f367e4cb460>,83,12,[4 8],84,-1,96,-1,84
1,<environment.Job instance at 0x7f367e4cbf00>,86,15,[4 7],87,-1,102,-1,87
1,<environment.Job instance at 0x7f367e4b8820>,88,27,[1 7],89,-1,116,-1,89
1,<environment.Job instance at 0x7f367e9af910>,17,16,[11  5],18,-1,64,-1,48
1,<environment.Job instance at 0x7f367ec693c0>,21,3,[13  1],22,-1,68,-1,65
1,<environment.Job instance at 0x7f367e9a5be0>,10,17,[5 9],11,-1,28,-1,11
1,<environment.Job instance at 0x7f367e9a5e60>,11,17,[9 4],12,-1,32,-1,15
1,<environment.Job instance at 0x7f367e880190>,16,16,[3 8],17,-1,33,-1,17
1,<environment.Job instance at 0x7f367e8805f0>,17,18,[ 5 10],18,-1,36,-1,18
1,<environment.Job instance at 0x7f367e880280>,18,15,[1 8],19,-1,34,-1,19
1,<environment.Job instance at 0x7f367e880aa0>,14,14,[9 5],15,-1,34,-1,20
1,<environment.Job instance at 0x7f367e8806e0>,22,12,[10  2],23,-1,35,-1,23
1,<environment.Job instance at 0x7f367e8803c0>,24,18,[ 2 10],25,-1,43,-1,25
1,<environment.Job instance at 0x7f367e880140>,25,14,[8 4],26,-1,40,-1,26
1,<environment.Job instance at 0x7f367e880be0>,26,18,[ 2 10],27,-1,45,-1,27
1,<environment.Job instance at 0x7f367e880370>,27,18,[5 9],28,-1,46,-1,28
1,<environment.Job instance at 0x7f367e7a2190>,31,14,[4 9],32,-1,47,-1,33
1,<environment.Job instance at 0x7f367e7a2f50>,38,25,[5 5],39,-1,64,-1,39
1,<environment.Job instance at 0x7f367e1f13c0>,40,18,[14  5],41,-1,59,-1,41
1,<environment.Job instance at 0x7f367e1f12d0>,43,12,[1 8],44,-1,56,-1,44
1,<environment.Job instance at 0x7f367e1f10a0>,44,14,[7 4],45,-1,59,-1,45
1,<environment.Job instance at 0x7f367e1f10f0>,45,14,[5 9],46,-1,60,-1,46
1,<environment.Job instance at 0x7f367e1f17d0>,46,15,[2 7],47,-1,62,-1,47
1,<environment.Job instance at 0x7f367e1f1640>,47,16,[3 5],48,-1,64,-1,48
1,<environment.Job instance at 0x7f367e1f1cd0>,48,17,[2 7],49,-1,66,-1,49
1,<environment.Job instance at 0x7f367e1f1e60>,49,16,[8 5],50,-1,66,-1,50
1,<environment.Job instance at 0x7f367e1f1b40>,50,22,[4 6],51,-1,73,-1,51
1,<environment.Job instance at 0x7f367e1f1280>,52,18,[5 6],53,-1,71,-1,53
1,<environment.Job instance at 0x7f367e1f1820>,54,18,[10  2],55,-1,73,-1,55
1,<environment.Job instance at 0x7f367e90b870>,55,17,[3 9],56,-1,73,-1,56
1,<environment.Job instance at 0x7f367e90beb0>,58,12,[10  5],59,-1,71,-1,59
1,<environment.Job instance at 0x7f367e90b0a0>,65,16,[ 4 12],66,-1,82,-1,66
1,<environment.Job instance at 0x7f367e90b3c0>,64,13,[9 1],65,-1,82,-1,69
1,<environment.Job instance at 0x7f367ec70730>,70,14,[ 3 10],71,-1,85,-1,71
1,<environment.Job instance at 0x7f367ec70410>,73,14,[9 2],74,-1,88,-1,74
1,<environment.Job instance at 0x7f367e90b5f0>,68,18,[13  3],69,-1,93,-1,75
1,<environment.Job instance at 0x7f367ec70cd0>,80,15,[1 6],81,-1,96,-1,81
1,<environment.Job instance at 0x7f367ec70820>,81,22,[2 9],82,-1,104,-1,82
1,<environment.Job instance at 0x7f367e887dc0>,85,16,[8 5],86,-1,102,-1,86
1,<environment.Job instance at 0x7f367e03ea00>,6,1,[14  4],7,-1,8,-1,7
1,<environment.Job instance at 0x7f367e880a00>,7,17,[13  5],8,-1,25,-1,8
1,<environment.Job instance at 0x7f367e528910>,8,18,[ 4 12],9,-1,27,-1,9
1,<environment.Job instance at 0x7f367e50b0f0>,10,12,[10  4],11,-1,23,-1,11
1,<environment.Job instance at 0x7f367e50b190>,12,18,[ 5 10],13,-1,31,-1,13
1,<environment.Job instance at 0x7f367e50b370>,14,26,[10  2],15,-1,41,-1,15
1,<environment.Job instance at 0x7f367e50b500>,16,16,[ 5 10],17,-1,33,-1,17
1,<environment.Job instance at 0x7f367e50ba50>,22,20,[5 2],23,-1,43,-1,23
1,<environment.Job instance at 0x7f367e50bf00>,23,14,[1 8],24,-1,38,-1,24
1,<environment.Job instance at 0x7f367e50bd70>,24,12,[3 9],25,-1,37,-1,25
1,<environment.Job instance at 0x7f367e518370>,29,1,[5 1],30,-1,31,-1,30
1,<environment.Job instance at 0x7f367e518c30>,36,20,[4 9],37,-1,57,-1,37
1,<environment.Job instance at 0x7f367e518b40>,38,12,[1 6],39,-1,51,-1,39
1,<environment.Job instance at 0x7f367e518d70>,40,16,[6 2],41,-1,57,-1,41
1,<environment.Job instance at 0x7f367e4fe3c0>,43,21,[5 7],44,-1,65,-1,44
1,<environment.Job instance at 0x7f367e4fe410>,44,14,[10  4],45,-1,59,-1,45
1,<environment.Job instance at 0x7f367e4fe370>,45,17,[4 9],46,-1,63,-1,46
1,<environment.Job instance at 0x7f367e4fe820>,48,2,[12  1],49,-1,51,-1,49
1,<environment.Job instance at 0x7f367e4fe870>,49,27,[ 5 11],50,-1,77,-1,50
1,<environment.Job instance at 0x7f367e4fe690>,50,13,[10  1],51,-1,64,-1,51
1,<environment.Job instance at 0x7f367e4fea00>,51,16,[5 7],52,-1,68,-1,52
1,<environment.Job instance at 0x7f367e4feaa0>,52,19,[4 7],53,-1,72,-1,53
1,<environment.Job instance at 0x7f367e4feb40>,53,25,[9 3],54,-1,79,-1,54
1,<environment.Job instance at 0x7f367e5010a0>,56,19,[9 4],57,-1,76,-1,57
1,<environment.Job instance at 0x7f367e501460>,57,18,[4 7],58,-1,76,-1,58
1,<environment.Job instance at 0x7f367e501a50>,60,26,[9 4],61,-1,87,-1,61
1,<environment.Job instance at 0x7f367e501640>,61,14,[2 7],62,-1,76,-1,62
1,<environment.Job instance at 0x7f367e501370>,63,18,[10  5],64,-1,82,-1,64
1,<environment.Job instance at 0x7f367e5012d0>,68,24,[8 3],69,-1,93,-1,69
1,<environment.Job instance at 0x7f367e21dc30>,69,14,[3 5],70,-1,84,-1,70
1,<environment.Job instance at 0x7f3687733f00>,72,15,[ 3 10],73,-1,88,-1,73
1,<environment.Job instance at 0x7f367df87d20>,74,17,[9 5],75,-1,92,-1,75
1,<environment.Job instance at 0x7f367df53aa0>,77,12,[ 3 10],78,-1,90,-1,78
1,<environment.Job instance at 0x7f367d7c4c80>,79,19,[2 9],80,-1,99,-1,80
1,<environment.Job instance at 0x7f367df34730>,80,22,[1 9],81,-1,103,-1,81
1,<environment.Job instance at 0x7f367df89690>,84,13,[10  5],85,-1,98,-1,85
1,<environment.Job instance at 0x7f367df89280>,85,14,[10  1],86,-1,102,-1,88
1,<environment.Job instance at 0x7f367d563780>,1,3,[ 3 11],2,-1,5,-1,2
1,<environment.Job instance at 0x7f367e98ef00>,8,18,[ 4 12],9,-1,27,-1,9
1,<environment.Job instance at 0x7f367d6f1280>,14,26,[10  2],15,-1,50,-1,24
1,<environment.Job instance at 0x7f367e9a5f50>,27,15,[13  3],28,-1,54,-1,39
1,<environment.Job instance at 0x7f367e8871e0>,41,2,[ 2 13],42,-1,72,-1,70
1,<environment.Job instance at 0x7f367e9b4640>,1,16,[2 6],2,-1,18,-1,2
1,<environment.Job instance at 0x7f367e9b4140>,2,17,[8 1],3,-1,21,-1,4
1,<environment.Job instance at 0x7f367e2f6140>,4,13,[2 5],5,-1,18,-1,5
1,<environment.Job instance at 0x7f367e2f6460>,5,17,[1 8],6,-1,23,-1,6
1,<environment.Job instance at 0x7f367e2f6e10>,13,18,[1 8],14,-1,32,-1,14
1,<environment.Job instance at 0x7f367e2f6410>,19,15,[8 4],20,-1,35,-1,20
1,<environment.Job instance at 0x7f367da0adc0>,21,12,[5 1],22,-1,34,-1,22
1,<environment.Job instance at 0x7f367da0a5f0>,24,16,[5 3],25,-1,41,-1,25
1,<environment.Job instance at 0x7f367da0a050>,28,18,[5 6],29,-1,47,-1,29
1,<environment.Job instance at 0x7f36873fc5f0>,32,18,[7 3],33,-1,51,-1,33
1,<environment.Job instance at 0x7f36873fc550>,33,13,[4 7],34,-1,47,-1,34
1,<environment.Job instance at 0x7f36873fc500>,35,16,[5 7],36,-1,52,-1,36
1,<environment.Job instance at 0x7f367e9b44b0>,3,26,[2 9],4,-1,64,-1,38
1,<environment.Job instance at 0x7f36873fcfa0>,39,23,[5 5],40,-1,63,-1,40
1,<environment.Job instance at 0x7f36873fcaf0>,40,17,[8 3],41,-1,58,-1,41
1,<environment.Job instance at 0x7f36873fc780>,42,12,[5 4],43,-1,57,-1,45
1,<environment.Job instance at 0x7f367db7c780>,45,24,[7 5],46,-1,74,-1,50
1,<environment.Job instance at 0x7f367db7c1e0>,46,15,[1 5],47,-1,65,-1,50
1,<environment.Job instance at 0x7f367db7c410>,52,17,[3 8],53,-1,70,-1,53
1,<environment.Job instance at 0x7f367dfb7fa0>,57,14,[9 3],58,-1,72,-1,58
1,<environment.Job instance at 0x7f367dfb7910>,59,15,[8 4],60,-1,75,-1,60
1,<environment.Job instance at 0x7f367db7cb90>,44,17,[5 6],45,-1,85,-1,68
1,<environment.Job instance at 0x7f367dfb7820>,62,16,[6 3],63,-1,84,-1,68
1,<environment.Job instance at 0x7f367dfb7960>,63,1,[ 2 13],64,-1,71,-1,70
1,<environment.Job instance at 0x7f367dfb7410>,65,19,[8 1],66,-1,91,-1,72
1,<environment.Job instance at 0x7f367d569640>,71,23,[7 5],72,-1,100,-1,77
1,<environment.Job instance at 0x7f367d569cd0>,72,28,[8 2],73,-1,105,-1,77
1,<environment.Job instance at 0x7f367d569aa0>,73,22,[5 4],74,-1,100,-1,78
1,<environment.Job instance at 0x7f367dfb7550>,61,15,[3 9],62,-1,95,-1,80
1,<environment.Job instance at 0x7f367e163cd0>,3,26,[2 9],4,-1,30,-1,4
1,<environment.Job instance at 0x7f367e1632d0>,6,13,[12  4],7,-1,20,-1,7
1,<environment.Job instance at 0x7f367e501320>,11,17,[13  5],12,-1,35,-1,18
1,<environment.Job instance at 0x7f367e103410>,3,18,[4 9],4,-1,22,-1,4
1,<environment.Job instance at 0x7f367d956690>,4,26,[7 4],5,-1,31,-1,5
1,<environment.Job instance at 0x7f367e13cf50>,8,16,[1 8],9,-1,25,-1,9
1,<environment.Job instance at 0x7f367e13c5a0>,9,12,[9 3],10,-1,24,-1,12
1,<environment.Job instance at 0x7f367e13c780>,11,13,[5 5],12,-1,27,-1,14
1,<environment.Job instance at 0x7f367ea1de60>,14,17,[10  4],15,-1,36,-1,19
1,<environment.Job instance at 0x7f367e5d59b0>,18,16,[14  5],19,-1,36,-1,20
1,<environment.Job instance at 0x7f367d74bf00>,21,16,[8 1],22,-1,39,-1,23
1,<environment.Job instance at 0x7f367e81d870>,27,19,[4 7],28,-1,47,-1,28
1,<environment.Job instance at 0x7f367d833140>,30,17,[2 8],31,-1,54,-1,37
1,<environment.Job instance at 0x7f367d733f00>,37,18,[7 1],38,-1,57,-1,39
1,<environment.Job instance at 0x7f367d733dc0>,39,15,[9 3],40,-1,55,-1,40
1,<environment.Job instance at 0x7f367e13e8c0>,42,22,[6 2],43,-1,65,-1,43
1,<environment.Job instance at 0x7f367e13eb90>,43,16,[4 9],44,-1,63,-1,47
1,<environment.Job instance at 0x7f367d8336e0>,32,12,[10  3],33,-1,59,-1,47
1,<environment.Job instance at 0x7f367e13e280>,44,23,[6 5],45,-1,70,-1,47
1,<environment.Job instance at 0x7f367d733cd0>,38,16,[10  3],39,-1,63,-1,47
1,<environment.Job instance at 0x7f367ec38050>,48,12,[ 3 10],49,-1,65,-1,53
1,<environment.Job instance at 0x7f367d878e60>,52,17,[1 6],53,-1,70,-1,53
1,<environment.Job instance at 0x7f367e277d20>,53,21,[7 4],54,-1,75,-1,54
1,<environment.Job instance at 0x7f367ed7b730>,55,15,[ 5 11],56,-1,77,-1,62
1,<environment.Job instance at 0x7f367e53d910>,63,15,[10  1],64,-1,79,-1,64
1,<environment.Job instance at 0x7f367dcfafa0>,64,20,[5 9],65,-1,89,-1,69
1,<environment.Job instance at 0x7f367dcfad70>,68,18,[5 6],69,-1,88,-1,70
1,<environment.Job instance at 0x7f367d74cbe0>,69,27,[5 9],70,-1,97,-1,70
1,<environment.Job instance at 0x7f367de357d0>,61,16,[ 2 10],62,-1,91,-1,75
1,<environment.Job instance at 0x7f367e9a17d0>,73,28,[3 5],74,-1,104,-1,76
1,<environment.Job instance at 0x7f367e9a1fa0>,74,16,[5 6],75,-1,92,-1,76
1,<environment.Job instance at 0x7f367e8802d0>,4,26,[7 4],5,-1,31,-1,5
1,<environment.Job instance at 0x7f367ec693c0>,5,1,[12  3],6,-1,7,-1,6
1,<environment.Job instance at 0x7f367df5b960>,18,16,[14  5],19,-1,37,-1,21
1,<environment.Job instance at 0x7f3687369410>,22,14,[ 2 12],23,-1,39,-1,25
1,<environment.Job instance at 0x7f367d6cb410>,25,15,[ 2 12],26,-1,52,-1,37
1,<environment.Job instance at 0x7f367e89a910>,4,18,[3 8],5,-1,23,-1,5
1,<environment.Job instance at 0x7f367e943370>,8,13,[5 9],9,-1,23,-1,10
1,<environment.Job instance at 0x7f367eca54b0>,10,14,[5 5],11,-1,25,-1,11
1,<environment.Job instance at 0x7f367eca55a0>,11,17,[2 9],12,-1,29,-1,12
1,<environment.Job instance at 0x7f367ec36820>,18,14,[7 3],19,-1,39,-1,25
1,<environment.Job instance at 0x7f367dfded70>,25,23,[7 4],26,-1,49,-1,26
1,<environment.Job instance at 0x7f367dfdeeb0>,26,23,[5 6],27,-1,50,-1,27
1,<environment.Job instance at 0x7f36873210f0>,27,16,[2 6],28,-1,44,-1,28
1,<environment.Job instance at 0x7f367d62e870>,28,25,[ 5 10],29,-1,54,-1,29
1,<environment.Job instance at 0x7f367ed1f320>,30,17,[6 4],31,-1,48,-1,31
1,<environment.Job instance at 0x7f367ed2b5a0>,33,17,[5 1],34,-1,51,-1,34
1,<environment.Job instance at 0x7f367ed2b690>,35,15,[9 5],36,-1,52,-1,37
1,<environment.Job instance at 0x7f367ed1f960>,32,18,[9 5],33,-1,58,-1,40
1,<environment.Job instance at 0x7f367ed3d5a0>,37,26,[ 2 10],38,-1,66,-1,40
1,<environment.Job instance at 0x7f367e90cf00>,24,18,[6 3],25,-1,59,-1,41
1,<environment.Job instance at 0x7f367e628910>,40,13,[6 5],41,-1,54,-1,41
1,<environment.Job instance at 0x7f367ed21be0>,41,16,[8 5],42,-1,58,-1,42
1,<environment.Job instance at 0x7f367ed3d780>,36,2,[4 6],37,-1,47,-1,45
1,<environment.Job instance at 0x7f367ed21780>,43,17,[ 5 12],44,-1,62,-1,45
1,<environment.Job instance at 0x7f367d63e140>,44,17,[5 7],45,-1,62,-1,45
1,<environment.Job instance at 0x7f367d61deb0>,54,12,[ 4 10],55,-1,67,-1,55
1,<environment.Job instance at 0x7f367d61de60>,53,20,[5 2],54,-1,75,-1,55
1,<environment.Job instance at 0x7f367d63b550>,59,14,[8 5],60,-1,74,-1,60
1,<environment.Job instance at 0x7f367d63b410>,58,12,[12  2],59,-1,72,-1,60
1,<environment.Job instance at 0x7f367d61d690>,55,15,[8 2],56,-1,76,-1,61
1,<environment.Job instance at 0x7f367d63b690>,61,18,[6 1],62,-1,80,-1,62
1,<environment.Job instance at 0x7f367d63b730>,63,14,[2 9],64,-1,78,-1,64
1,<environment.Job instance at 0x7f367d63bfa0>,70,25,[8 3],71,-1,96,-1,71
1,<environment.Job instance at 0x7f367d61c050>,71,27,[8 1],72,-1,99,-1,72
1,<environment.Job instance at 0x7f367d61c820>,77,27,[2 6],78,-1,110,-1,83
1,<environment.Job instance at 0x7f367d61c6e0>,76,17,[3 8],77,-1,101,-1,84
1,<environment.Job instance at 0x7f367d61c9b0>,79,18,[5 2],80,-1,102,-1,84
1,<environment.Job instance at 0x7f367d61ca00>,82,13,[9 4],83,-1,102,-1,89
1,<environment.Job instance at 0x7f367e905190>,2,16,[11  5],3,-1,19,-1,3
1,<environment.Job instance at 0x7f367e5c88c0>,25,23,[7 4],26,-1,79,-1,56
1,<environment.Job instance at 0x7f367e5c8870>,26,23,[5 6],27,-1,79,-1,56
1,<environment.Job instance at 0x7f367ddb2e10>,28,25,[ 5 10],29,-1,87,-1,62
1,<environment.Job instance at 0x7f367d47f7d0>,31,12,[ 5 11],32,-1,82,-1,70
1,<environment.Job instance at 0x7f9e39e0e6e0>,0,13,[9 3],1,-1,15,-1,2
1,<environment.Job instance at 0x7f9e39e0e8c0>,1,22,[11  3],2,-1,24,-1,2
1,<environment.Job instance at 0x7f9e39e0e730>,2,22,[4 8],3,-1,25,-1,3
1,<environment.Job instance at 0x7f9e307c8140>,9,18,[11  5],10,-1,28,-1,10
1,<environment.Job instance at 0x7f9e307c80a0>,11,15,[4 8],12,-1,27,-1,12
1,<environment.Job instance at 0x7f9e307c82d0>,13,18,[ 4 10],14,-1,32,-1,14
1,<environment.Job instance at 0x7f9e307c8500>,15,18,[2 8],16,-1,34,-1,16
1,<environment.Job instance at 0x7f9e307c86e0>,16,16,[3 5],17,-1,33,-1,17
1,<environment.Job instance at 0x7f9e307c8820>,22,1,[2 7],23,-1,24,-1,23
1,<environment.Job instance at 0x7f9e307c8c30>,23,27,[1 6],24,-1,51,-1,24
1,<environment.Job instance at 0x7f9e307c8b90>,24,18,[2 6],25,-1,43,-1,25
1,<environment.Job instance at 0x7f9e307cb0a0>,27,15,[8 4],28,-1,43,-1,28
1,<environment.Job instance at 0x7f9e307cb1e0>,28,23,[10  4],29,-1,52,-1,29
1,<environment.Job instance at 0x7f9e307cb0f0>,29,12,[5 4],30,-1,43,-1,31
1,<environment.Job instance at 0x7f9e307cb410>,31,14,[2 5],32,-1,46,-1,32
1,<environment.Job instance at 0x7f9e307cb500>,33,14,[5 5],34,-1,48,-1,34
1,<environment.Job instance at 0x7f9e307cb690>,34,24,[1 8],35,-1,59,-1,35
1,<environment.Job instance at 0x7f9e307cb5a0>,35,15,[9 5],36,-1,51,-1,36
1,<environment.Job instance at 0x7f9e307cbbe0>,40,15,[10  3],41,-1,59,-1,44
1,<environment.Job instance at 0x7f9e307cf0a0>,44,3,[5 5],45,-1,48,-1,45
1,<environment.Job instance at 0x7f9e307cf140>,45,13,[6 5],46,-1,59,-1,46
1,<environment.Job instance at 0x7f9e307cf320>,48,15,[10  1],49,-1,64,-1,49
1,<environment.Job instance at 0x7f9e307cf460>,49,16,[2 5],50,-1,66,-1,50
1,<environment.Job instance at 0x7f9e307cf7d0>,53,17,[5 7],54,-1,71,-1,54
1,<environment.Job instance at 0x7f9e307cfcd0>,59,17,[1 6],60,-1,90,-1,73
1,<environment.Job instance at 0x7f9e30a76960>,1,22,[11  3],2,-1,24,-1,2
1,<environment.Job instance at 0x7f9e308dec30>,9,18,[11  5],10,-1,32,-1,14
1,<environment.Job instance at 0x7f9e30c94b40>,12,26,[ 1 10],13,-1,82,-1,56
1,<environment.Job instance at 0x7f9e308e06e0>,23,27,[1 6],24,-1,87,-1,60
1,<environment.Job instance at 0x7f9e30965b40>,28,23,[10  4],29,-1,97,-1,74
1,<environment.Job instance at 0x7f9e308d3500>,34,24,[1 8],35,-1,117,-1,93
1,<environment.Job instance at 0x7f9e308bf410>,36,13,[ 3 14],37,-1,106,-1,93
1,<environment.Job instance at 0x7f9e2ff10550>,0,18,[2 7],1,-1,19,-1,1
1,<environment.Job instance at 0x7f9e2ff10cd0>,1,18,[ 1 10],2,-1,21,-1,3
1,<environment.Job instance at 0x7f9e2ff10410>,3,16,[1 6],4,-1,20,-1,4
1,<environment.Job instance at 0x7f9e2ff10280>,4,15,[1 9],5,-1,20,-1,5
1,<environment.Job instance at 0x7f9e2ff06a50>,7,17,[9 3],8,-1,25,-1,8
1,<environment.Job instance at 0x7f9e300711e0>,15,16,[7 5],16,-1,32,-1,16
1,<environment.Job instance at 0x7f9e3006ff00>,19,20,[2 6],20,-1,40,-1,20
1,<environment.Job instance at 0x7f9e300b0cd0>,23,12,[ 4 11],24,-1,46,-1,34
1,<environment.Job instance at 0x7f9e3005ef00>,27,22,[4 5],28,-1,58,-1,36
1,<environment.Job instance at 0x7f9e300650a0>,33,16,[ 3 10],34,-1,52,-1,36
1,<environment.Job instance at 0x7f9e30034050>,11,26,[ 5 10],12,-1,62,-1,36
1,<environment.Job instance at 0x7f9e30065eb0>,35,14,[ 2 10],36,-1,52,-1,38
1,<environment.Job instance at 0x7f9e30065f00>,32,13,[ 5 10],33,-1,51,-1,38
1,<environment.Job instance at 0x7f9e2fd91af0>,38,16,[11  2],39,-1,56,-1,40
1,<environment.Job instance at 0x7f9e30126c80>,28,23,[ 2 14],29,-1,64,-1,41
1,<environment.Job instance at 0x7f9e2fd90a50>,40,16,[2 8],41,-1,57,-1,41
1,<environment.Job instance at 0x7f9e2fd91b40>,39,18,[ 1 12],40,-1,59,-1,41
1,<environment.Job instance at 0x7f9e2fd90190>,41,13,[5 6],42,-1,57,-1,44
1,<environment.Job instance at 0x7f9e2fd90690>,43,15,[ 1 12],44,-1,62,-1,47
1,<environment.Job instance at 0x7f9e2fd91f00>,37,20,[9 2],38,-1,67,-1,47
1,<environment.Job instance at 0x7f9e2fd8e910>,46,17,[1 7],47,-1,67,-1,50
1,<environment.Job instance at 0x7f9e2fd896e0>,51,15,[10  4],52,-1,67,-1,52
1,<environment.Job instance at 0x7f9e306cb0f0>,52,14,[1 8],53,-1,67,-1,53
1,<environment.Job instance at 0x7f9e2fe54f00>,54,14,[8 4],55,-1,73,-1,59
1,<environment.Job instance at 0x7f9e2fdfbb40>,61,15,[1 7],62,-1,77,-1,62
1,<environment.Job instance at 0x7f9e2fdbed20>,63,15,[5 2],64,-1,79,-1,64
1,<environment.Job instance at 0x7f9e2ff10230>,58,14,[9 5],59,-1,79,-1,65
1,<environment.Job instance at 0x7f9e2fddb7d0>,68,19,[6 4],69,-1,89,-1,70
1,<environment.Job instance at 0x7f9e2fddff50>,73,18,[6 5],74,-1,92,-1,74
1,<environment.Job instance at 0x7f9e2fddf2d0>,75,16,[ 2 10],76,-1,98,-1,82
1,<environment.Job instance at 0x7f9e2fddef50>,81,13,[8 5],82,-1,95,-1,82
1,<environment.Job instance at 0x7f9e2fdde910>,82,14,[2 9],83,-1,97,-1,83
1,<environment.Job instance at 0x7f9e2fdde5f0>,77,21,[ 3 10],78,-1,104,-1,83
1,<environment.Job instance at 0x7f9e2fddaeb0>,88,21,[9 4],89,-1,112,-1,91
1,<environment.Job instance at 0x7f9e2fdda9b0>,91,17,[10  2],92,-1,109,-1,92
1,<environment.Job instance at 0x7f9e2ffe71e0>,5,14,[14  5],6,-1,20,-1,6
1,<environment.Job instance at 0x7f9e2ffe72d0>,6,15,[11  1],7,-1,22,-1,7
1,<environment.Job instance at 0x7f9e2ff7ecd0>,16,3,[ 1 12],17,-1,38,-1,35
1,<environment.Job instance at 0x7f9e2ffed4b0>,22,3,[ 4 12],23,-1,49,-1,46
1,<environment.Job instance at 0x7f9e2ff79780>,23,12,[ 4 11],24,-1,58,-1,46
1,<environment.Job instance at 0x7f9e2ff85730>,28,23,[ 2 14],29,-1,74,-1,51
1,<environment.Job instance at 0x7f9e2ffc1190>,11,26,[ 5 10],12,-1,77,-1,51
1,<environment.Job instance at 0x7f9e2ffc64b0>,38,16,[11  2],39,-1,95,-1,79
1,<environment.Job instance at 0x7f9e2ffc6050>,39,18,[ 1 12],40,-1,97,-1,79
1,<environment.Job instance at 0x7f9e2ffc65f0>,43,15,[ 1 12],44,-1,102,-1,87
1,<environment.Job instance at 0x7f9e2ffc6c30>,45,3,[ 4 13],46,-1,93,-1,90
1,<environment.Job instance at 0x7f9e2ffe4140>,47,1,[ 1 14],48,-1,93,-1,92
1,<environment.Job instance at 0x7f9e2fdc20f0>,0,13,[10  5],1,-1,15,-1,2
1,<environment.Job instance at 0x7f9e2fdc2230>,2,14,[2 7],3,-1,17,-1,3
1,<environment.Job instance at 0x7f9e2fdc2fa0>,3,14,[7 5],4,-1,18,-1,4
1,<environment.Job instance at 0x7f9e2fdc2a50>,5,14,[10  2],6,-1,20,-1,6
1,<environment.Job instance at 0x7f9e2fdc4cd0>,14,16,[7 2],15,-1,31,-1,15
1,<environment.Job instance at 0x7f9e2fdc4c30>,16,12,[ 3 10],17,-1,30,-1,18
1,<environment.Job instance at 0x7f9e2fdc4dc0>,20,18,[4 5],21,-1,39,-1,21
1,<environment.Job instance at 0x7f9e2fdc4e10>,21,18,[2 8],22,-1,40,-1,22
1,<environment.Job instance at 0x7f9e2fe48d70>,24,16,[9 4],25,-1,41,-1,25
1,<environment.Job instance at 0x7f9e2fe48dc0>,26,14,[10  1],27,-1,42,-1,28
1,<environment.Job instance at 0x7f9e2fe48230>,27,16,[9 2],28,-1,44,-1,28
1,<environment.Job instance at 0x7f9e2fe48c80>,32,20,[1 7],33,-1,53,-1,33
1,<environment.Job instance at 0x7f9e2fdfabe0>,36,19,[2 7],37,-1,56,-1,37
1,<environment.Job instance at 0x7f9e2fdfaf00>,38,18,[6 3],39,-1,57,-1,39
1,<environment.Job instance at 0x7f9e2fdfa320>,43,24,[7 4],44,-1,69,-1,45
1,<environment.Job instance at 0x7f9e2fe0ed70>,46,16,[7 4],47,-1,63,-1,47
1,<environment.Job instance at 0x7f9e2fdb9280>,48,18,[4 6],49,-1,67,-1,49
1,<environment.Job instance at 0x7f9e2fdb9f50>,51,27,[4 7],52,-1,79,-1,52
1,<environment.Job instance at 0x7f9e2fdb9910>,52,26,[8 4],53,-1,79,-1,53
1,<environment.Job instance at 0x7f9e2fdb9dc0>,53,12,[9 1],54,-1,66,-1,54
1,<environment.Job instance at 0x7f9e2fdb9230>,54,14,[5 5],55,-1,69,-1,55
1,<environment.Job instance at 0x7f9e2fdb9820>,57,17,[5 2],58,-1,75,-1,58
1,<environment.Job instance at 0x7f9e2fdb96e0>,58,18,[4 5],59,-1,77,-1,59
1,<environment.Job instance at 0x7f9e2fdb6870>,60,25,[ 3 10],61,-1,86,-1,61
1,<environment.Job instance at 0x7f9e2fdb63c0>,67,13,[9 2],68,-1,81,-1,68
1,<environment.Job instance at 0x7f9e2fdb4780>,68,15,[3 6],69,-1,84,-1,69
1,<environment.Job instance at 0x7f9e2fdb48c0>,70,17,[2 6],71,-1,88,-1,71
1,<environment.Job instance at 0x7f9e2fdb4410>,71,15,[8 4],72,-1,87,-1,72
1,<environment.Job instance at 0x7f9e2fdb40a0>,73,23,[10  1],74,-1,97,-1,74
1,<environment.Job instance at 0x7f9e2fdb4c30>,76,28,[6 5],77,-1,105,-1,77
1,<environment.Job instance at 0x7f9e2fdb4aa0>,77,18,[5 9],78,-1,96,-1,78
1,<environment.Job instance at 0x7f9e2fdfae60>,44,16,[7 5],45,-1,100,-1,84
1,<environment.Job instance at 0x7f9e2fe2f870>,84,15,[10  4],85,-1,101,-1,86
1,<environment.Job instance at 0x7f9e2fe2f690>,85,18,[11  3],86,-1,104,-1,86
1,<environment.Job instance at 0x7f9e2fe2cbe0>,89,28,[5 3],90,-1,119,-1,91
1,<environment.Job instance at 0x7f9e2fe2c0f0>,92,18,[8 2],93,-1,111,-1,93
1,<environment.Job instance at 0x7f9e2fe2c870>,95,17,[4 6],96,-1,113,-1,96
1,<environment.Job instance at 0x7f9e302e0f00>,8,2,[13  1],9,-1,16,-1,14
1,<environment.Job instance at 0x7f9e30ea8410>,11,3,[13  5],12,-1,21,-1,18
1,<environment.Job instance at 0x7f9e30c5e960>,12,2,[ 1 12],13,-1,20,-1,18
1,<environment.Job instance at 0x7f9e301ddc30>,22,1,[ 4 13],23,-1,37,-1,36
1,<environment.Job instance at 0x7f9e301ddcd0>,23,14,[11  3],24,-1,50,-1,36
1,<environment.Job instance at 0x7f9e30273cd0>,2,25,[6 3],3,-1,28,-1,3
1,<environment.Job instance at 0x7f9e30273f00>,4,17,[9 4],5,-1,23,-1,6
1,<environment.Job instance at 0x7f9e3043eeb0>,5,13,[6 4],6,-1,20,-1,7
1,<environment.Job instance at 0x7f9e302738c0>,8,17,[3 6],9,-1,26,-1,9
1,<environment.Job instance at 0x7f9e302731e0>,9,15,[ 5 10],10,-1,25,-1,10
1,<environment.Job instance at 0x7f9e303535f0>,13,20,[2 6],14,-1,34,-1,14
1,<environment.Job instance at 0x7f9e30457a50>,28,15,[7 5],29,-1,44,-1,29
1,<environment.Job instance at 0x7f9e304570f0>,29,15,[ 3 10],30,-1,45,-1,30
1,<environment.Job instance at 0x7f9e30457c80>,30,24,[2 8],31,-1,55,-1,31
1,<environment.Job instance at 0x7f9e30457190>,31,24,[9 1],32,-1,58,-1,34
1,<environment.Job instance at 0x7f9e2feb75f0>,33,24,[10  5],34,-1,58,-1,34
1,<environment.Job instance at 0x7f9e2feb7960>,34,23,[10  2],35,-1,59,-1,36
1,<environment.Job instance at 0x7f9e2feb7af0>,36,16,[ 5 10],37,-1,53,-1,37
1,<environment.Job instance at 0x7f9e2feb74b0>,35,15,[ 1 11],36,-1,56,-1,41
1,<environment.Job instance at 0x7f9e2feb7a50>,41,17,[10  3],42,-1,59,-1,42
1,<environment.Job instance at 0x7f9e2fdde140>,42,13,[1 6],43,-1,56,-1,43
1,<environment.Job instance at 0x7f9e2fdded20>,45,12,[ 4 10],46,-1,58,-1,46
1,<environment.Job instance at 0x7f9e2fdde3c0>,47,15,[ 3 12],48,-1,63,-1,48
1,<environment.Job instance at 0x7f9e2feb7e10>,39,13,[4 6],40,-1,63,-1,50
1,<environment.Job instance at 0x7f9e2fdde370>,50,14,[8 3],51,-1,65,-1,51
1,<environment.Job instance at 0x7f9e302e9be0>,54,18,[3 6],55,-1,73,-1,55
1,<environment.Job instance at 0x7f9e302e9b90>,56,16,[9 2],57,-1,73,-1,57
1,<environment.Job instance at 0x7f9e302e9dc0>,57,16,[9 4],58,-1,74,-1,58
1,<environment.Job instance at 0x7f9e302e9780>,60,27,[ 5 10],61,-1,88,-1,61
1,<environment.Job instance at 0x7f9e2feb76e0>,40,15,[7 1],41,-1,77,-1,62
1,<environment.Job instance at 0x7f9e2fe392d0>,61,17,[7 5],62,-1,79,-1,62
1,<environment.Job instance at 0x7f9e2fe39b90>,64,15,[4 6],65,-1,80,-1,65
1,<environment.Job instance at 0x7f9e2fe398c0>,66,25,[ 5 10],67,-1,92,-1,67
1,<environment.Job instance at 0x7f9e2fe39c80>,68,18,[1 5],69,-1,87,-1,69
1,<environment.Job instance at 0x7f9e30454050>,85,16,[10  4],86,-1,102,-1,86
1,<environment.Job instance at 0x7f9e2fddbd20>,88,14,[7 5],89,-1,109,-1,95
1,<environment.Job instance at 0x7f9e2fddb780>,90,18,[9 5],91,-1,114,-1,96
1,<environment.Job instance at 0x7f9e2fddb820>,94,17,[7 2],95,-1,113,-1,96
1,<environment.Job instance at 0x7f9e30d35410>,96,12,[8 3],97,-1,109,-1,97
1,<environment.Job instance at 0x7f9e30dfe640>,97,15,[2 9],98,-1,113,-1,98
1,<environment.Job instance at 0x7f9e306203c0>,2,25,[6 3],3,-1,30,-1,5
1,<environment.Job instance at 0x7f9e30f26e10>,19,18,[13  1],20,-1,48,-1,30
1,<environment.Job instance at 0x7f9e313411e0>,22,3,[ 3 11],23,-1,34,-1,31
1,<environment.Job instance at 0x7f9e302e0050>,30,24,[2 8],31,-1,84,-1,60
1,<environment.Job instance at 0x7f9e30fa3320>,31,24,[9 1],32,-1,97,-1,73
1,<environment.Job instance at 0x7f9e305bffa0>,33,24,[10  5],34,-1,97,-1,73
1,<environment.Job instance at 0x7f9e30fa35f0>,34,23,[10  2],35,-1,96,-1,73
1,<environment.Job instance at 0x7f9e30273370>,35,15,[ 1 11],36,-1,88,-1,73
1,<environment.Job instance at 0x7f9e3084a690>,1,17,[2 6],2,-1,19,-1,2
1,<environment.Job instance at 0x7f9e306635f0>,2,19,[8 2],3,-1,24,-1,5
1,<environment.Job instance at 0x7f9e3022eaa0>,4,17,[ 5 14],5,-1,22,-1,5
1,<environment.Job instance at 0x7f9e30633460>,8,14,[ 2 10],9,-1,24,-1,10
1,<environment.Job instance at 0x7f9e3022e410>,9,17,[9 1],10,-1,27,-1,10
1,<environment.Job instance at 0x7f9e30633e60>,10,18,[3 5],11,-1,29,-1,11
1,<environment.Job instance at 0x7f9e3065dd70>,19,15,[10  2],20,-1,36,-1,21
1,<environment.Job instance at 0x7f9e312fe640>,21,12,[5 5],22,-1,34,-1,22
1,<environment.Job instance at 0x7f9e312fee10>,22,12,[5 5],23,-1,35,-1,23
1,<environment.Job instance at 0x7f9e301791e0>,23,13,[4 9],24,-1,37,-1,24
1,<environment.Job instance at 0x7f9e30184c80>,24,2,[2 5],25,-1,27,-1,25
1,<environment.Job instance at 0x7f9e3023ff50>,25,14,[7 4],26,-1,40,-1,26
1,<environment.Job instance at 0x7f9e30251960>,30,16,[10  2],31,-1,47,-1,31
1,<environment.Job instance at 0x7f9e3025e3c0>,31,13,[4 5],32,-1,45,-1,32
1,<environment.Job instance at 0x7f9e3063d730>,34,21,[7 2],35,-1,56,-1,35
1,<environment.Job instance at 0x7f9e3063da50>,35,12,[ 1 10],36,-1,48,-1,36
1,<environment.Job instance at 0x7f9e3063d5f0>,38,16,[6 3],39,-1,55,-1,39
1,<environment.Job instance at 0x7f9e30174690>,39,14,[5 7],40,-1,54,-1,40
1,<environment.Job instance at 0x7f9e301740a0>,40,18,[4 7],41,-1,59,-1,41
1,<environment.Job instance at 0x7f9e3023db90>,41,14,[1 5],42,-1,56,-1,42
1,<environment.Job instance at 0x7f9e301a8550>,42,14,[ 1 11],43,-1,57,-1,43
1,<environment.Job instance at 0x7f9e301a8960>,43,14,[2 7],44,-1,58,-1,44
1,<environment.Job instance at 0x7f9e301a8b40>,48,15,[8 5],49,-1,64,-1,49
1,<environment.Job instance at 0x7f9e301a8690>,49,27,[1 5],50,-1,77,-1,50
1,<environment.Job instance at 0x7f9e3026b190>,56,18,[4 6],57,-1,75,-1,57
1,<environment.Job instance at 0x7f9e3026b280>,58,17,[7 4],59,-1,76,-1,59
1,<environment.Job instance at 0x7f9e3026b320>,59,14,[ 5 11],60,-1,74,-1,60
1,<environment.Job instance at 0x7f9e3026b3c0>,60,12,[8 5],61,-1,73,-1,61
1,<environment.Job instance at 0x7f9e3026b500>,62,18,[6 3],63,-1,81,-1,63
1,<environment.Job instance at 0x7f9e3026b8c0>,65,16,[6 3],66,-1,82,-1,66
1,<environment.Job instance at 0x7f9e3026ba00>,66,25,[3 8],67,-1,92,-1,67
1,<environment.Job instance at 0x7f9e3026bc80>,69,27,[9 3],70,-1,97,-1,70
1,<environment.Job instance at 0x7f9e3026bd70>,70,15,[7 5],71,-1,86,-1,71
1,<environment.Job instance at 0x7f9e3026be60>,72,24,[ 3 10],73,-1,97,-1,73
1,<environment.Job instance at 0x7f9e302670a0>,74,17,[8 5],75,-1,92,-1,75
1,<environment.Job instance at 0x7f9e302675a0>,78,27,[1 7],79,-1,106,-1,79
1,<environment.Job instance at 0x7f9e30267320>,79,13,[1 9],80,-1,93,-1,80
1,<environment.Job instance at 0x7f9e30267640>,80,19,[6 3],81,-1,100,-1,81
1,<environment.Job instance at 0x7f9e302676e0>,81,13,[5 5],82,-1,95,-1,82
1,<environment.Job instance at 0x7f9e30267a00>,84,16,[10  3],85,-1,101,-1,85
1,<environment.Job instance at 0x7f9e30267cd0>,87,13,[6 4],88,-1,101,-1,88
1,<environment.Job instance at 0x7f9e30267e10>,88,14,[10  3],89,-1,103,-1,89
1,<environment.Job instance at 0x7f9e30267f00>,90,19,[1 5],91,-1,110,-1,91
1,<environment.Job instance at 0x7f9e30240140>,91,18,[2 9],92,-1,110,-1,92
1,<environment.Job instance at 0x7f9e30240050>,92,18,[10  4],93,-1,111,-1,93
1,<environment.Job instance at 0x7f9e302401e0>,93,13,[6 5],94,-1,107,-1,94
1,<environment.Job instance at 0x7f9e30240640>,97,18,[5 1],98,-1,116,-1,98
1,<environment.Job instance at 0x7f9e313c0a50>,3,2,[ 2 14],4,-1,6,-1,4
1,<environment.Job instance at 0x7f9e3043e870>,4,17,[ 5 14],5,-1,22,-1,5
1,<environment.Job instance at 0x7f9e30bfaa00>,6,2,[11  3],7,-1,9,-1,7
1,<environment.Job instance at 0x7f9e30cd85f0>,7,2,[12  2],8,-1,10,-1,8
1,<environment.Job instance at 0x7f9e30cd8aa0>,12,2,[12  5],13,-1,15,-1,13
1,<environment.Job instance at 0x7f9e30cd8690>,14,1,[14  4],15,-1,16,-1,15
1,<environment.Job instance at 0x7f9e302e9af0>,33,1,[ 5 12],34,-1,81,-1,80
1,<environment.Job instance at 0x7f9e302465a0>,3,18,[5 9],4,-1,22,-1,4
1,<environment.Job instance at 0x7f9e302463c0>,5,21,[2 5],6,-1,27,-1,6
1,<environment.Job instance at 0x7f9e309070a0>,8,14,[5 9],9,-1,23,-1,9
1,<environment.Job instance at 0x7f9e30907730>,9,19,[9 1],10,-1,29,-1,10
1,<environment.Job instance at 0x7f9e30907a50>,11,16,[6 5],12,-1,28,-1,12
1,<environment.Job instance at 0x7f9e30907910>,16,14,[3 9],17,-1,31,-1,17
1,<environment.Job instance at 0x7f9e30907960>,19,13,[5 9],20,-1,33,-1,20
1,<environment.Job instance at 0x7f9e30907190>,21,18,[8 4],22,-1,40,-1,22
1,<environment.Job instance at 0x7f9e30236280>,24,17,[3 9],25,-1,42,-1,25
1,<environment.Job instance at 0x7f9e30236910>,25,13,[10  4],26,-1,40,-1,27
1,<environment.Job instance at 0x7f9e30236be0>,27,22,[1 7],28,-1,50,-1,28
1,<environment.Job instance at 0x7f9e30236460>,29,15,[7 1],30,-1,45,-1,30
1,<environment.Job instance at 0x7f9e302369b0>,30,14,[6 4],31,-1,45,-1,31
1,<environment.Job instance at 0x7f9e30236550>,31,18,[3 6],32,-1,50,-1,32
1,<environment.Job instance at 0x7f9e30236230>,34,14,[7 1],35,-1,49,-1,35
1,<environment.Job instance at 0x7f9e30236730>,35,25,[6 3],36,-1,61,-1,36
1,<environment.Job instance at 0x7f9e302368c0>,38,16,[8 5],39,-1,55,-1,39
1,<environment.Job instance at 0x7f9e30236cd0>,26,16,[5 5],27,-1,55,-1,39
1,<environment.Job instance at 0x7f9e30236d70>,39,18,[7 5],40,-1,59,-1,41
1,<environment.Job instance at 0x7f9e30921a50>,42,16,[9 2],43,-1,60,-1,44
1,<environment.Job instance at 0x7f9e30921960>,45,18,[7 5],46,-1,64,-1,46
1,<environment.Job instance at 0x7f9e309219b0>,43,15,[6 3],44,-1,61,-1,46
1,<environment.Job instance at 0x7f9e309216e0>,48,17,[10  3],49,-1,67,-1,50
1,<environment.Job instance at 0x7f9e30921780>,49,27,[ 5 10],50,-1,77,-1,50
1,<environment.Job instance at 0x7f9e30921fa0>,51,22,[ 1 10],52,-1,75,-1,53
1,<environment.Job instance at 0x7f9e309218c0>,52,18,[5 1],53,-1,72,-1,54
1,<environment.Job instance at 0x7f9e3131d0f0>,58,20,[6 2],59,-1,79,-1,59
1,<environment.Job instance at 0x7f9e3131d1e0>,59,15,[ 1 10],60,-1,75,-1,60
1,<environment.Job instance at 0x7f9e3131d960>,62,15,[1 6],63,-1,78,-1,63
1,<environment.Job instance at 0x7f9e30205460>,65,17,[7 1],66,-1,83,-1,66
1,<environment.Job instance at 0x7f9e30205a50>,67,18,[1 7],68,-1,86,-1,68
1,<environment.Job instance at 0x7f9e30205820>,71,14,[10  4],72,-1,87,-1,73
1,<environment.Job instance at 0x7f9e30205280>,72,18,[5 5],73,-1,91,-1,73
1,<environment.Job instance at 0x7f9e305d4640>,75,15,[7 4],76,-1,91,-1,76
1,<environment.Job instance at 0x7f9e305d4910>,78,21,[5 8],79,-1,101,-1,80
1,<environment.Job instance at 0x7f9e305d4e10>,79,17,[7 2],80,-1,97,-1,80
1,<environment.Job instance at 0x7f9e305d4960>,81,28,[2 8],82,-1,121,-1,93
1,<environment.Job instance at 0x7f9e305d4550>,80,12,[8 1],81,-1,105,-1,93
1,<environment.Job instance at 0x7f9e30205550>,66,13,[11  1],67,-1,106,-1,93
1,<environment.Job instance at 0x7f9e305d45a0>,86,28,[1 7],87,-1,121,-1,93
1,<environment.Job instance at 0x7f9e305d4410>,87,12,[ 4 10],88,-1,105,-1,93
1,<environment.Job instance at 0x7f9e305d4dc0>,82,18,[5 1],83,-1,111,-1,93
1,<environment.Job instance at 0x7f9e305d4d70>,88,1,[5 7],89,-1,94,-1,93
1,<environment.Job instance at 0x7f9e3025e190>,94,3,[11  1],95,-1,98,-1,95
1,<environment.Job instance at 0x7f9e305d4460>,92,3,[9 1],93,-1,98,-1,95
1,<environment.Job instance at 0x7f9e3025ee60>,96,28,[9 2],97,-1,125,-1,97
1,<environment.Job instance at 0x7f9e30907e10>,13,27,[1 8],14,-1,49,-1,22
1,<environment.Job instance at 0x7f9e399dfa50>,33,3,[ 3 14],34,-1,94,-1,91
1,<environment.Job instance at 0x7f9e3047d1e0>,14,15,[9 1],15,-1,31,-1,16
1,<environment.Job instance at 0x7f9e3047de10>,15,15,[ 2 11],16,-1,31,-1,16
1,<environment.Job instance at 0x7f9e304a5320>,16,23,[7 4],17,-1,40,-1,17
1,<environment.Job instance at 0x7f9e304a5500>,18,17,[5 5],19,-1,36,-1,19
1,<environment.Job instance at 0x7f9e30497460>,19,14,[3 7],20,-1,35,-1,21
1,<environment.Job instance at 0x7f9e2feb0280>,20,15,[9 4],21,-1,36,-1,21
1,<environment.Job instance at 0x7f9e306e6a00>,23,20,[5 4],24,-1,44,-1,24
1,<environment.Job instance at 0x7f9e3018f870>,34,15,[10  3],35,-1,51,-1,36
1,<environment.Job instance at 0x7f9e30483a00>,36,21,[6 5],37,-1,58,-1,37
1,<environment.Job instance at 0x7f9e30483870>,37,13,[9 4],38,-1,51,-1,38
1,<environment.Job instance at 0x7f9e30a935a0>,39,17,[5 9],40,-1,57,-1,40
1,<environment.Job instance at 0x7f9e30181190>,40,15,[4 5],41,-1,56,-1,41
1,<environment.Job instance at 0x7f9e30aaa460>,41,27,[5 1],42,-1,69,-1,42
1,<environment.Job instance at 0x7f9e30aaa780>,42,21,[1 6],43,-1,64,-1,43
1,<environment.Job instance at 0x7f9e30aaa320>,43,17,[8 5],44,-1,61,-1,44
1,<environment.Job instance at 0x7f9e30aaac80>,45,16,[4 5],46,-1,62,-1,46
1,<environment.Job instance at 0x7f9e30aaab40>,46,25,[8 3],47,-1,72,-1,47
1,<environment.Job instance at 0x7f9e30aaa5a0>,48,16,[ 5 10],49,-1,65,-1,49
1,<environment.Job instance at 0x7f9e30aaaa50>,49,18,[7 3],50,-1,68,-1,50
1,<environment.Job instance at 0x7f9e30aaacd0>,50,16,[9 2],51,-1,67,-1,51
1,<environment.Job instance at 0x7f9e30aaa9b0>,51,19,[10  1],52,-1,71,-1,52
1,<environment.Job instance at 0x7f9e3093ce10>,56,25,[ 5 10],57,-1,82,-1,57
1,<environment.Job instance at 0x7f9e309280f0>,62,18,[5 9],63,-1,81,-1,63
1,<environment.Job instance at 0x7f9e30928a50>,67,17,[5 2],68,-1,85,-1,68
1,<environment.Job instance at 0x7f9e30928b90>,68,18,[1 9],69,-1,87,-1,69
1,<environment.Job instance at 0x7f9e30928910>,69,15,[6 3],70,-1,85,-1,70
1,<environment.Job instance at 0x7f9e30928d20>,70,15,[3 9],71,-1,86,-1,71
1,<environment.Job instance at 0x7f9e2feac140>,35,20,[4 7],36,-1,94,-1,74
1,<environment.Job instance at 0x7f9e30936320>,74,17,[9 5],75,-1,93,-1,76
1,<environment.Job instance at 0x7f9e309365a0>,78,14,[9 4],79,-1,93,-1,79
1,<environment.Job instance at 0x7f9e309364b0>,79,13,[3 6],80,-1,93,-1,80
1,<environment.Job instance at 0x7f9e309365f0>,80,26,[6 3],81,-1,107,-1,81
1,<environment.Job instance at 0x7f9e30936780>,81,14,[4 6],82,-1,96,-1,82
1,<environment.Job instance at 0x7f9e30936140>,75,16,[5 3],76,-1,100,-1,84
1,<environment.Job instance at 0x7f9e30936b40>,85,23,[7 1],86,-1,114,-1,91
1,<environment.Job instance at 0x7f9e30910190>,91,17,[10  4],92,-1,109,-1,92
1,<environment.Job instance at 0x7f9e306f4cd0>,7,3,[ 1 12],8,-1,11,-1,8
1,<environment.Job instance at 0x7f9e30cf4460>,8,15,[ 3 11],9,-1,24,-1,9
1,<environment.Job instance at 0x7f9e399dfa50>,15,15,[ 2 11],16,-1,31,-1,16
1,<environment.Job instance at 0x7f9e3060b5a0>,16,23,[7 4],17,-1,42,-1,19
1,<environment.Job instance at 0x7f9e302baa50>,30,16,[14  3],31,-1,72,-1,56
1,<environment.Job instance at 0x7f9e30226c30>,41,27,[5 1],42,-1,104,-1,77
1,<environment.Job instance at 0x7f9e30c0f5a0>,46,25,[8 3],47,-1,117,-1,92
1,<environment.Job instance at 0x7f9e30da2af0>,47,13,[13  1],48,-1,105,-1,92
1,<environment.Job instance at 0x7f9e3016a0f0>,4,18,[4 7],5,-1,23,-1,5
1,<environment.Job instance at 0x7f9e305af820>,6,17,[5 5],7,-1,24,-1,7
1,<environment.Job instance at 0x7f9e305afe60>,12,17,[1 6],13,-1,30,-1,13
1,<environment.Job instance at 0x7f9e305afa50>,13,16,[4 9],14,-1,30,-1,14
1,<environment.Job instance at 0x7f9e39b8b0f0>,19,18,[9 5],20,-1,38,-1,20
1,<environment.Job instance at 0x7f9e30c4d7d0>,24,17,[6 5],25,-1,44,-1,27
1,<environment.Job instance at 0x7f9e30c4d6e0>,27,16,[ 5 10],28,-1,44,-1,28
1,<environment.Job instance at 0x7f9e30c4d2d0>,30,13,[12  5],31,-1,45,-1,32
1,<environment.Job instance at 0x7f9e30c4d550>,25,23,[5 3],26,-1,56,-1,33
1,<environment.Job instance at 0x7f9e30c4d4b0>,32,16,[9 4],33,-1,49,-1,33
1,<environment.Job instance at 0x7f9e30c4db90>,29,15,[5 2],30,-1,52,-1,37
1,<environment.Job instance at 0x7f9e300434b0>,37,14,[4 7],38,-1,52,-1,38
1,<environment.Job instance at 0x7f9e300435a0>,41,16,[ 2 10],42,-1,58,-1,42
1,<environment.Job instance at 0x7f9e30c4db40>,26,14,[13  5],27,-1,57,-1,43
1,<environment.Job instance at 0x7f9e30043dc0>,42,17,[4 5],43,-1,63,-1,46
1,<environment.Job instance at 0x7f9e30043730>,47,18,[10  5],48,-1,70,-1,52
1,<environment.Job instance at 0x7f9e3994c9b0>,53,15,[7 2],54,-1,70,-1,55
1,<environment.Job instance at 0x7f9e3994c0a0>,59,17,[9 4],60,-1,81,-1,64
1,<environment.Job instance at 0x7f9e30043be0>,46,18,[ 3 13],47,-1,85,-1,67
1,<environment.Job instance at 0x7f9e3994cf50>,61,18,[4 8],62,-1,85,-1,67
1,<environment.Job instance at 0x7f9e305afd70>,20,28,[5 6],21,-1,95,-1,67
1,<environment.Job instance at 0x7f9e3994caf0>,63,15,[10  4],64,-1,83,-1,68
1,<environment.Job instance at 0x7f9e3994ca00>,66,15,[ 5 10],67,-1,86,-1,71
1,<environment.Job instance at 0x7f9e30255690>,68,14,[8 3],69,-1,85,-1,71
1,<environment.Job instance at 0x7f9e30255230>,69,14,[9 5],70,-1,85,-1,71
1,<environment.Job instance at 0x7f9e302553c0>,70,25,[2 8],71,-1,96,-1,71
1,<environment.Job instance at 0x7f9e30043e10>,50,15,[ 4 10],51,-1,87,-1,72
1,<environment.Job instance at 0x7f9e30255730>,71,13,[5 8],72,-1,85,-1,72
1,<environment.Job instance at 0x7f9e302559b0>,72,18,[9 4],73,-1,91,-1,73
1,<environment.Job instance at 0x7f9e30255640>,73,18,[ 4 10],74,-1,92,-1,74
1,<environment.Job instance at 0x7f9e30c4dc30>,23,28,[ 1 11],24,-1,107,-1,79
1,<environment.Job instance at 0x7f9e3131fc30>,78,17,[5 7],79,-1,96,-1,79
1,<environment.Job instance at 0x7f9e3131fb90>,81,16,[ 4 10],82,-1,101,-1,85
1,<environment.Job instance at 0x7f9e3131f9b0>,85,16,[4 6],86,-1,102,-1,86
1,<environment.Job instance at 0x7f9e300694b0>,86,18,[9 4],87,-1,105,-1,87
1,<environment.Job instance at 0x7f9e30069a00>,93,18,[ 5 10],94,-1,115,-1,97
1,<environment.Job instance at 0x7f9e300696e0>,94,20,[9 5],95,-1,117,-1,97
1,<environment.Job instance at 0x7f9e30069690>,95,17,[7 4],96,-1,114,-1,97
1,<environment.Job instance at 0x7f9e312380a0>,11,14,[ 3 14],12,-1,32,-1,18
1,<environment.Job instance at 0x7f9e302e98c0>,15,13,[ 1 12],16,-1,35,-1,22
1,<environment.Job instance at 0x7f9e3140df50>,16,17,[11  2],17,-1,39,-1,22
1,<environment.Job instance at 0x7f9e30cf4140>,20,28,[5 6],21,-1,66,-1,38
1,<environment.Job instance at 0x7f9e309b2410>,23,28,[ 1 11],24,-1,68,-1,40
1,<environment.Job instance at 0x7f9e309b9820>,25,23,[5 3],26,-1,66,-1,43
1,<environment.Job instance at 0x7f9e309b9d20>,26,14,[13  5],27,-1,57,-1,43
1,<environment.Job instance at 0x7f9e301e3af0>,30,13,[12  5],31,-1,69,-1,56
1,<environment.Job instance at 0x7f9e2fdffd70>,38,15,[ 3 13],39,-1,97,-1,82
1,<environment.Job instance at 0x7f9e2fc001e0>,3,17,[10  5],4,-1,21,-1,4
1,<environment.Job instance at 0x7f9e2fc003c0>,4,17,[3 6],5,-1,22,-1,5
1,<environment.Job instance at 0x7f9e2fc006e0>,11,16,[2 7],12,-1,29,-1,13
1,<environment.Job instance at 0x7f9e2fc005a0>,15,15,[9 1],16,-1,31,-1,16
1,<environment.Job instance at 0x7f9e2fc000a0>,17,25,[9 4],18,-1,43,-1,18
1,<environment.Job instance at 0x7f9e2fafd500>,20,16,[2 8],21,-1,37,-1,21
1,<environment.Job instance at 0x7f9e2fafdc30>,22,17,[1 7],23,-1,40,-1,23
1,<environment.Job instance at 0x7f9e2fc00dc0>,12,15,[3 8],13,-1,41,-1,26
1,<environment.Job instance at 0x7f9e2fc40d20>,31,18,[9 3],32,-1,52,-1,34
1,<environment.Job instance at 0x7f9e2fc40e60>,34,25,[7 4],35,-1,60,-1,35
1,<environment.Job instance at 0x7f9e2fc408c0>,36,22,[ 4 10],37,-1,59,-1,37
1,<environment.Job instance at 0x7f9e2fc407d0>,38,16,[2 7],39,-1,55,-1,39
1,<environment.Job instance at 0x7f9e2fc40370>,39,16,[ 3 10],40,-1,56,-1,40
1,<environment.Job instance at 0x7f9e2fc40af0>,46,16,[6 1],47,-1,77,-1,61
1,<environment.Job instance at 0x7f9e2fc43e10>,51,15,[9 5],52,-1,76,-1,61
1,<environment.Job instance at 0x7f9e2fc43c80>,52,14,[9 1],53,-1,75,-1,61
1,<environment.Job instance at 0x7f9e2fc43460>,50,16,[5 9],51,-1,77,-1,61
1,<environment.Job instance at 0x7f9e2fc00190>,10,13,[9 3],11,-1,77,-1,64
1,<environment.Job instance at 0x7f9e2fc40eb0>,42,18,[5 8],43,-1,82,-1,64
1,<environment.Job instance at 0x7f9e2fc40730>,33,12,[4 9],34,-1,76,-1,64
1,<environment.Job instance at 0x7f9e2fb54be0>,60,18,[5 8],61,-1,83,-1,65
1,<environment.Job instance at 0x7f9e30b1fc80>,61,17,[3 7],62,-1,82,-1,65
1,<environment.Job instance at 0x7f9e304a1c80>,62,23,[7 1],63,-1,88,-1,65
1,<environment.Job instance at 0x7f9e2fc43280>,59,16,[ 4 10],60,-1,81,-1,65
1,<environment.Job instance at 0x7f9e304a14b0>,64,14,[10  1],65,-1,79,-1,65
1,<environment.Job instance at 0x7f9e2fc43eb0>,57,12,[5 4],58,-1,80,-1,68
1,<environment.Job instance at 0x7f9e309e3640>,69,13,[ 2 10],70,-1,83,-1,70
1,<environment.Job instance at 0x7f9e301e0410>,70,15,[4 9],71,-1,86,-1,71
1,<environment.Job instance at 0x7f9e30f84050>,72,13,[14  4],73,-1,86,-1,73
1,<environment.Job instance at 0x7f9e30761a00>,71,15,[7 5],72,-1,89,-1,74
1,<environment.Job instance at 0x7f9e2fafd640>,27,14,[12  5],28,-1,88,-1,74
1,<environment.Job instance at 0x7f9e303c8b90>,73,16,[8 2],74,-1,90,-1,74
1,<environment.Job instance at 0x7f9e2fc43730>,53,18,[ 2 11],54,-1,98,-1,80
1,<environment.Job instance at 0x7f9e3014e3c0>,76,17,[9 3],77,-1,97,-1,80
1,<environment.Job instance at 0x7f9e309ad690>,80,15,[9 1],81,-1,96,-1,81
1,<environment.Job instance at 0x7f9e305d1c30>,82,13,[6 5],83,-1,96,-1,83
1,<environment.Job instance at 0x7f9e30dc9370>,83,16,[ 4 10],84,-1,100,-1,84
1,<environment.Job instance at 0x7f9e30dc9460>,84,18,[1 8],85,-1,103,-1,85
1,<environment.Job instance at 0x7f9e308d02d0>,79,15,[5 6],80,-1,103,-1,88
1,<environment.Job instance at 0x7f9e30dc99b0>,88,18,[5 8],89,-1,107,-1,89
1,<environment.Job instance at 0x7f9e39f7e780>,90,20,[9 5],91,-1,112,-1,92
1,<environment.Job instance at 0x7f9e30f78b90>,94,15,[7 5],95,-1,113,-1,98
1,<environment.Job instance at 0x7f9e30c9baf0>,5,18,[14  2],6,-1,24,-1,6
1,<environment.Job instance at 0x7f9e30406aa0>,17,25,[9 4],18,-1,64,-1,39
1,<environment.Job instance at 0x7f9e2fa52aa0>,21,3,[ 4 12],22,-1,44,-1,41
1,<environment.Job instance at 0x7f9e2fa52af0>,26,16,[14  3],27,-1,73,-1,57
1,<environment.Job instance at 0x7f9e2fa52d70>,27,14,[12  5],28,-1,71,-1,57
1,<environment.Job instance at 0x7f9e3040de10>,34,25,[7 4],35,-1,111,-1,86
1,<environment.Job instance at 0x7f9e30dde5a0>,1,18,[3 7],2,-1,20,-1,2
1,<environment.Job instance at 0x7f9e30dde2d0>,2,17,[1 9],3,-1,20,-1,3
1,<environment.Job instance at 0x7f9e30ddee60>,4,22,[9 5],5,-1,27,-1,5
1,<environment.Job instance at 0x7f9e30dde640>,7,16,[5 8],8,-1,24,-1,8
1,<environment.Job instance at 0x7f9e2ff64be0>,8,16,[1 6],9,-1,25,-1,9
1,<environment.Job instance at 0x7f9e2ff644b0>,13,15,[4 9],14,-1,30,-1,15
1,<environment.Job instance at 0x7f9e2ff64690>,15,12,[ 3 10],16,-1,28,-1,16
1,<environment.Job instance at 0x7f9e2ff64820>,16,12,[9 4],17,-1,29,-1,17
1,<environment.Job instance at 0x7f9e2ff64910>,18,12,[10  1],19,-1,31,-1,19
1,<environment.Job instance at 0x7f9e2ff645f0>,19,21,[1 7],20,-1,41,-1,20
1,<environment.Job instance at 0x7f9e304a4320>,20,16,[9 2],21,-1,37,-1,21
1,<environment.Job instance at 0x7f9e304a4410>,27,17,[8 2],28,-1,45,-1,28
1,<environment.Job instance at 0x7f9e304a4190>,28,17,[1 6],29,-1,46,-1,29
1,<environment.Job instance at 0x7f9e304a4780>,29,17,[9 2],30,-1,47,-1,30
1,<environment.Job instance at 0x7f9e304a41e0>,32,15,[2 9],33,-1,48,-1,33
1,<environment.Job instance at 0x7f9e304a4c30>,35,16,[11  3],36,-1,52,-1,36
1,<environment.Job instance at 0x7f9e30221a50>,37,16,[3 5],38,-1,54,-1,38
1,<environment.Job instance at 0x7f9e302218c0>,43,18,[ 2 10],44,-1,62,-1,44
1,<environment.Job instance at 0x7f9e30221b90>,44,17,[8 3],45,-1,62,-1,45
1,<environment.Job instance at 0x7f9e30221280>,47,17,[7 4],48,-1,65,-1,48
1,<environment.Job instance at 0x7f9e302213c0>,48,15,[8 3],49,-1,64,-1,49
1,<environment.Job instance at 0x7f9e30221640>,49,16,[10  5],50,-1,66,-1,50
1,<environment.Job instance at 0x7f9e39d063c0>,51,16,[5 3],52,-1,68,-1,52
1,<environment.Job instance at 0x7f9e39d06910>,55,17,[ 2 10],56,-1,73,-1,56
1,<environment.Job instance at 0x7f9e39d06f50>,58,19,[7 1],59,-1,78,-1,59
1,<environment.Job instance at 0x7f9e39d06b40>,60,18,[9 2],61,-1,79,-1,61
1,<environment.Job instance at 0x7f9e30ee10a0>,5,3,[ 1 14],6,-1,9,-1,6
1,<environment.Job instance at 0x7f9e2fdc4280>,10,13,[11  4],11,-1,31,-1,18
1,<environment.Job instance at 0x7f9e2fdc42d0>,11,12,[ 1 13],12,-1,30,-1,18
1,<environment.Job instance at 0x7f9e2feb9e60>,22,17,[ 2 14],23,-1,77,-1,60
1,<environment.Job instance at 0x7f9e30681370>,2,14,[9 3],3,-1,21,-1,7
1,<environment.Job instance at 0x7f9e30681d20>,7,22,[6 1],8,-1,30,-1,8
1,<environment.Job instance at 0x7f9e30681550>,8,15,[7 1],9,-1,24,-1,9
1,<environment.Job instance at 0x7f9e30681960>,9,14,[3 8],10,-1,24,-1,10
1,<environment.Job instance at 0x7f9e306815f0>,10,12,[5 9],11,-1,23,-1,11
1,<environment.Job instance at 0x7f9e30681af0>,11,18,[5 9],12,-1,30,-1,12
1,<environment.Job instance at 0x7f9e30681a50>,12,2,[8 2],13,-1,15,-1,13
1,<environment.Job instance at 0x7f9e39eb5690>,13,2,[8 1],14,-1,16,-1,14
1,<environment.Job instance at 0x7f9e39eb5050>,14,1,[ 3 10],15,-1,16,-1,15
1,<environment.Job instance at 0x7f9e39eb5870>,15,17,[10  3],16,-1,33,-1,16
1,<environment.Job instance at 0x7f9e30ba0910>,16,12,[7 5],17,-1,29,-1,17
1,<environment.Job instance at 0x7f9e30ba0780>,17,16,[8 4],18,-1,34,-1,18
1,<environment.Job instance at 0x7f9e30ba0050>,18,14,[6 3],19,-1,33,-1,19
1,<environment.Job instance at 0x7f9e30ba00a0>,19,2,[3 7],20,-1,22,-1,20
1,<environment.Job instance at 0x7f9e30ba06e0>,20,17,[8 4],21,-1,38,-1,21
1,<environment.Job instance at 0x7f9e30ba0410>,21,14,[ 5 10],22,-1,36,-1,22
1,<environment.Job instance at 0x7f9e30ba01e0>,22,19,[8 3],23,-1,42,-1,23
1,<environment.Job instance at 0x7f9e30ba05f0>,23,13,[8 3],24,-1,37,-1,24
1,<environment.Job instance at 0x7f9e30ba0f00>,24,17,[8 5],25,-1,42,-1,25
1,<environment.Job instance at 0x7f9e30ba0f50>,25,1,[7 1],26,-1,27,-1,26
1,<environment.Job instance at 0x7f9e30ba0e10>,26,23,[5 5],27,-1,50,-1,27
1,<environment.Job instance at 0x7f9e30681320>,6,16,[4 9],7,-1,43,-1,27
1,<environment.Job instance at 0x7f9e30ba0b40>,28,14,[9 5],29,-1,44,-1,30
1,<environment.Job instance at 0x7f9e30ba0aa0>,29,25,[7 3],30,-1,55,-1,30
1,<environment.Job instance at 0x7f9e30ba0370>,33,17,[6 4],34,-1,51,-1,34
1,<environment.Job instance at 0x7f9e30ba0a50>,34,17,[4 7],35,-1,52,-1,35
1,<environment.Job instance at 0x7f9e2faf15a0>,36,13,[10  5],37,-1,51,-1,38
1,<environment.Job instance at 0x7f9e306bdb40>,42,14,[10  1],43,-1,57,-1,43
1,<environment.Job instance at 0x7f9e306bd140>,44,15,[8 1],45,-1,60,-1,45
1,<environment.Job instance at 0x7f9e306bdaf0>,45,14,[5 7],46,-1,60,-1,46
1,<environment.Job instance at 0x7f9e306bd5a0>,47,15,[3 9],48,-1,63,-1,48
1,<environment.Job instance at 0x7f9e306bdd20>,48,15,[ 4 10],49,-1,64,-1,49
1,<environment.Job instance at 0x7f9e306bd410>,50,18,[5 4],51,-1,69,-1,51
1,<environment.Job instance at 0x7f9e306bde10>,52,19,[6 2],53,-1,72,-1,53
1,<environment.Job instance at 0x7f9e313029b0>,58,18,[ 4 10],59,-1,77,-1,59
1,<environment.Job instance at 0x7f9e31302fa0>,63,16,[3 8],64,-1,80,-1,64
1,<environment.Job instance at 0x7f9e31302050>,64,16,[9 2],65,-1,81,-1,65
1,<environment.Job instance at 0x7f9e31302d70>,66,18,[3 6],67,-1,85,-1,67
1,<environment.Job instance at 0x7f9e2fa8daf0>,67,18,[5 5],68,-1,86,-1,68
1,<environment.Job instance at 0x7f9e2fa8d0f0>,75,18,[5 8],76,-1,95,-1,77
1,<environment.Job instance at 0x7f9e2fa8d280>,79,23,[4 9],80,-1,105,-1,82
1,<environment.Job instance at 0x7f9e2fdc4c80>,84,22,[5 8],85,-1,108,-1,86
1,<environment.Job instance at 0x7f9e2fdc4500>,81,16,[6 5],82,-1,103,-1,87
1,<environment.Job instance at 0x7f9e2fdc4b40>,87,18,[9 4],88,-1,106,-1,88
1,<environment.Job instance at 0x7f9e2fdc4fa0>,86,12,[ 1 10],87,-1,104,-1,92
1,<environment.Job instance at 0x7f9e30f54370>,26,23,[5 5],27,-1,103,-1,80
1,<environment.Job instance at 0x7f9e30413f00>,29,25,[7 3],30,-1,120,-1,95
1,<environment.Job instance at 0x7f9e3040de60>,30,1,[12  5],31,-1,96,-1,95
1,<environment.Job instance at 0x7f9e2fb136e0>,4,17,[3 7],5,-1,22,-1,5
1,<environment.Job instance at 0x7f9e2fb13dc0>,6,14,[7 5],7,-1,21,-1,7
1,<environment.Job instance at 0x7f9e2fb135f0>,9,18,[2 9],10,-1,28,-1,10
1,<environment.Job instance at 0x7f9e399df230>,10,18,[5 5],11,-1,29,-1,11
1,<environment.Job instance at 0x7f9e399df0f0>,11,14,[ 1 10],12,-1,26,-1,12
1,<environment.Job instance at 0x7f9e399df050>,13,18,[5 2],14,-1,32,-1,14
1,<environment.Job instance at 0x7f9e399dfc80>,14,16,[7 5],15,-1,31,-1,15
1,<environment.Job instance at 0x7f9e399df780>,24,15,[10  2],25,-1,40,-1,25
1,<environment.Job instance at 0x7f9e399df6e0>,21,13,[9 1],22,-1,42,-1,29
1,<environment.Job instance at 0x7f9e30516370>,32,18,[9 2],33,-1,51,-1,33
1,<environment.Job instance at 0x7f9e30516d70>,34,14,[5 9],35,-1,49,-1,35
1,<environment.Job instance at 0x7f9e305165a0>,37,23,[6 1],38,-1,62,-1,39
1,<environment.Job instance at 0x7f9e399dfeb0>,25,20,[10  3],26,-1,63,-1,43
1,<environment.Job instance at 0x7f9e30516640>,41,14,[1 5],42,-1,57,-1,43
1,<environment.Job instance at 0x7f9e30516b40>,45,12,[8 3],46,-1,58,-1,46
1,<environment.Job instance at 0x7f9e30736e60>,46,18,[ 2 10],47,-1,65,-1,47
1,<environment.Job instance at 0x7f9e30736b90>,47,17,[5 5],48,-1,65,-1,48
1,<environment.Job instance at 0x7f9e307360f0>,48,14,[9 5],49,-1,63,-1,49
1,<environment.Job instance at 0x7f9e307365f0>,49,14,[8 5],50,-1,64,-1,50
1,<environment.Job instance at 0x7f9e30736eb0>,50,25,[9 4],51,-1,76,-1,51
1,<environment.Job instance at 0x7f9e30736410>,51,15,[7 3],52,-1,67,-1,52
1,<environment.Job instance at 0x7f9e307366e0>,52,17,[1 5],53,-1,70,-1,53
1,<environment.Job instance at 0x7f9e307365a0>,54,28,[ 5 10],55,-1,83,-1,55
1,<environment.Job instance at 0x7f9e30736a50>,56,13,[5 9],57,-1,70,-1,57
1,<environment.Job instance at 0x7f9e307369b0>,57,27,[2 9],58,-1,85,-1,58
1,<environment.Job instance at 0x7f9e30736870>,58,26,[4 9],59,-1,85,-1,59
1,<environment.Job instance at 0x7f9e30736dc0>,60,18,[5 4],61,-1,79,-1,61
1,<environment.Job instance at 0x7f9e307362d0>,61,14,[8 4],62,-1,76,-1,62
1,<environment.Job instance at 0x7f9e312253c0>,64,16,[8 1],65,-1,81,-1,65
1,<environment.Job instance at 0x7f9e31225f00>,66,16,[ 5 12],67,-1,84,-1,68
1,<environment.Job instance at 0x7f9e31225870>,68,19,[2 7],69,-1,88,-1,69
1,<environment.Job instance at 0x7f9e302f3370>,70,12,[2 6],71,-1,83,-1,71
1,<environment.Job instance at 0x7f9e302f3230>,72,22,[5 4],73,-1,95,-1,73
1,<environment.Job instance at 0x7f9e2fb86460>,74,13,[5 8],75,-1,88,-1,75
1,<environment.Job instance at 0x7f9e2fb866e0>,75,13,[5 5],76,-1,89,-1,76
1,<environment.Job instance at 0x7f9e311174b0>,76,18,[1 5],77,-1,95,-1,77
1,<environment.Job instance at 0x7f9e30d6d8c0>,78,17,[7 5],79,-1,96,-1,79
1,<environment.Job instance at 0x7f9e30a58140>,79,13,[4 8],80,-1,93,-1,80
1,<environment.Job instance at 0x7f9e2fb860a0>,80,17,[10  1],81,-1,98,-1,81
1,<environment.Job instance at 0x7f9e300025a0>,81,16,[2 5],82,-1,98,-1,82
1,<environment.Job instance at 0x7f9e30f32c80>,82,15,[2 5],83,-1,98,-1,83
1,<environment.Job instance at 0x7f9e30f22280>,83,16,[1 5],84,-1,100,-1,84
1,<environment.Job instance at 0x7f9e30fff870>,85,15,[5 4],86,-1,101,-1,86
1,<environment.Job instance at 0x7f9e30f54b90>,87,26,[10  5],88,-1,114,-1,88
1,<environment.Job instance at 0x7f9e399df500>,23,17,[14  2],24,-1,105,-1,88
1,<environment.Job instance at 0x7f9e30f91780>,89,16,[5 6],90,-1,106,-1,90
1,<environment.Job instance at 0x7f9e3027f550>,90,18,[4 5],91,-1,109,-1,91
1,<environment.Job instance at 0x7f9e3027f5a0>,91,18,[4 9],92,-1,110,-1,92
1,<environment.Job instance at 0x7f9e2fbc17d0>,93,13,[9 3],94,-1,108,-1,95
1,<environment.Job instance at 0x7f9e30b04050>,95,14,[ 3 10],96,-1,110,-1,96
1,<environment.Job instance at 0x7f9e2fbc1b90>,94,19,[2 5],95,-1,115,-1,96
1,<environment.Job instance at 0x7f9e311d7d20>,0,2,[ 4 14],1,-1,3,-1,1
1,<environment.Job instance at 0x7f9e302b7be0>,23,17,[14  2],24,-1,83,-1,66
1,<environment.Job instance at 0x7f9e302c4640>,36,2,[ 5 12],37,-1,96,-1,94
1,<environment.Job instance at 0x7f9e302c4870>,37,23,[6 1],38,-1,120,-1,97
1,<environment.Job instance at 0x7f9e2fe53cd0>,4,22,[1 8],5,-1,27,-1,5
1,<environment.Job instance at 0x7f9e30ba05a0>,5,18,[ 2 10],6,-1,24,-1,6
1,<environment.Job instance at 0x7f9e30f25e10>,9,17,[9 1],10,-1,28,-1,11
1,<environment.Job instance at 0x7f9e30f25f00>,12,26,[1 5],13,-1,39,-1,13
1,<environment.Job instance at 0x7f9e30f25e60>,13,17,[ 4 10],14,-1,31,-1,14
1,<environment.Job instance at 0x7f9e30f25c30>,14,15,[5 3],15,-1,30,-1,15
1,<environment.Job instance at 0x7f9e30f25aa0>,15,15,[8 3],16,-1,31,-1,16
1,<environment.Job instance at 0x7f9e30f25410>,17,12,[9 2],18,-1,30,-1,18
1,<environment.Job instance at 0x7f9e30f25230>,20,13,[10  5],21,-1,34,-1,21
1,<environment.Job instance at 0x7f9e30f25d20>,22,22,[5 3],23,-1,45,-1,23
1,<environment.Job instance at 0x7f9e30f25460>,24,15,[4 7],25,-1,40,-1,25
1,<environment.Job instance at 0x7f9e2fe6f820>,27,24,[2 8],28,-1,52,-1,28
1,<environment.Job instance at 0x7f9e2fe6f640>,31,16,[4 9],32,-1,48,-1,32
1,<environment.Job instance at 0x7f9e2fe6fc80>,33,26,[1 8],34,-1,60,-1,34
1,<environment.Job instance at 0x7f9e2fe65c80>,41,23,[9 4],42,-1,70,-1,47
1,<environment.Job instance at 0x7f9e2fe65d70>,43,3,[9 4],44,-1,54,-1,51
1,<environment.Job instance at 0x7f9e2fe65dc0>,46,16,[9 3],47,-1,68,-1,52
1,<environment.Job instance at 0x7f9e2fe43870>,3,23,[1 7],4,-1,27,-1,4
1,<environment.Job instance at 0x7f9e30f25140>,8,13,[14  3],9,-1,22,-1,9
1,<environment.Job instance at 0x7f9e2fe65b90>,12,26,[1 5],13,-1,39,-1,13
1,<environment.Job instance at 0x7f9e2fe45050>,27,24,[2 8],28,-1,94,-1,70
1,<environment.Job instance at 0x7f9e2fe45730>,29,13,[14  2],30,-1,83,-1,70
1,<environment.Job instance at 0x7f9e2fe59b90>,33,26,[1 8],34,-1,116,-1,90
1,<environment.Job instance at 0x7f9e30e79410>,2,16,[9 3],3,-1,19,-1,3
1,<environment.Job instance at 0x7f9e30e79460>,4,16,[7 3],5,-1,21,-1,5
1,<environment.Job instance at 0x7f9e30e79e10>,5,22,[5 2],6,-1,28,-1,6
1,<environment.Job instance at 0x7f9e30da8c80>,11,28,[7 5],12,-1,40,-1,12
1,<environment.Job instance at 0x7f9e30da8960>,15,18,[10  4],16,-1,36,-1,18
1,<environment.Job instance at 0x7f9e312fa640>,21,18,[4 9],22,-1,40,-1,22
1,<environment.Job instance at 0x7f9e312fa8c0>,22,18,[3 6],23,-1,41,-1,23
1,<environment.Job instance at 0x7f9e312fa460>,25,16,[2 7],26,-1,42,-1,26
1,<environment.Job instance at 0x7f9e2fa8d4b0>,28,18,[8 3],29,-1,47,-1,29
1,<environment.Job instance at 0x7f9e2fa8d190>,30,24,[10  5],31,-1,55,-1,31
1,<environment.Job instance at 0x7f9e2fa8da00>,32,15,[ 2 10],33,-1,48,-1,33
1,<environment.Job instance at 0x7f9e2fa8d410>,33,18,[6 3],34,-1,52,-1,34
1,<environment.Job instance at 0x7f9e2fa8d0a0>,34,17,[10  3],35,-1,52,-1,35
1,<environment.Job instance at 0x7f9e30458a00>,35,18,[ 2 11],36,-1,54,-1,36
1,<environment.Job instance at 0x7f9e304581e0>,36,13,[11  3],37,-1,50,-1,37
1,<environment.Job instance at 0x7f9e30458820>,37,18,[6 4],38,-1,56,-1,38
1,<environment.Job instance at 0x7f9e304584b0>,38,27,[5 1],39,-1,66,-1,39
1,<environment.Job instance at 0x7f9e30458730>,39,15,[9 3],40,-1,55,-1,40
1,<environment.Job instance at 0x7f9e30bfdaf0>,46,15,[4 7],47,-1,62,-1,47
1,<environment.Job instance at 0x7f9e30bfdbe0>,48,27,[1 7],49,-1,76,-1,49
1,<environment.Job instance at 0x7f9e30fa4780>,67,18,[ 5 10],68,-1,89,-1,71
1,<environment.Job instance at 0x7f9e2fa63eb0>,60,17,[5 9],61,-1,88,-1,71
1,<environment.Job instance at 0x7f9e39d00be0>,27,13,[13  4],28,-1,84,-1,71
1,<environment.Job instance at 0x7f9e30fa4cd0>,69,2,[ 3 10],70,-1,73,-1,71
1,<environment.Job instance at 0x7f9e30fa4500>,70,13,[7 3],71,-1,84,-1,71
1,<environment.Job instance at 0x7f9e2fa632d0>,61,17,[9 4],62,-1,88,-1,71
1,<environment.Job instance at 0x7f9e30fa4fa0>,68,15,[1 8],69,-1,87,-1,72
1,<environment.Job instance at 0x7f9e2fe4c730>,6,1,[11  1],7,-1,8,-1,7
1,<environment.Job instance at 0x7f9e2fe4ceb0>,10,13,[11  3],11,-1,27,-1,14
1,<environment.Job instance at 0x7f9e2fe4c370>,13,2,[14  5],14,-1,20,-1,18
1,<environment.Job instance at 0x7f9e2fe4c8c0>,11,28,[7 5],12,-1,47,-1,19
1,<environment.Job instance at 0x7f9e2fe40820>,14,26,[7 1],15,-1,45,-1,19
1,<environment.Job instance at 0x7f9e2fe405a0>,27,13,[13  4],28,-1,59,-1,46
1,<environment.Job instance at 0x7f9e2fe59320>,30,24,[10  5],31,-1,86,-1,62
1,<environment.Job instance at 0x7f9e2fe59370>,31,3,[ 4 12],32,-1,65,-1,62
1,<environment.Job instance at 0x7f9e2fe59690>,35,18,[ 2 11],36,-1,96,-1,78
1,<environment.Job instance at 0x7f9e2fe59050>,36,13,[11  3],37,-1,91,-1,78
1,<environment.Job instance at 0x7f9e30009370>,38,27,[5 1],39,-1,123,-1,96
1,<environment.Job instance at 0x7f9e2fdb67d0>,0,22,[4 6],1,-1,23,-1,1
1,<environment.Job instance at 0x7f9e2fae8370>,2,18,[5 6],3,-1,21,-1,3
1,<environment.Job instance at 0x7f9e306d9af0>,4,18,[10  2],5,-1,24,-1,6
1,<environment.Job instance at 0x7f9e306d9dc0>,6,1,[6 4],7,-1,8,-1,7
1,<environment.Job instance at 0x7f9e306d9eb0>,8,12,[10  5],9,-1,21,-1,9
1,<environment.Job instance at 0x7f9e2fae8050>,5,17,[3 9],6,-1,26,-1,9
1,<environment.Job instance at 0x7f9e2fad7f00>,14,13,[9 1],15,-1,28,-1,15
1,<environment.Job instance at 0x7f9e2fbd53c0>,23,14,[9 2],24,-1,39,-1,25
1,<environment.Job instance at 0x7f9e2fbd5c80>,29,15,[4 9],30,-1,45,-1,30
1,<environment.Job instance at 0x7f9e306db2d0>,30,15,[1 6],31,-1,46,-1,31
1,<environment.Job instance at 0x7f9e306db730>,31,22,[2 9],32,-1,54,-1,32
1,<environment.Job instance at 0x7f9e30da3d70>,35,16,[8 5],36,-1,52,-1,36
1,<environment.Job instance at 0x7f9e3026d5f0>,39,18,[7 2],40,-1,58,-1,40
1,<environment.Job instance at 0x7f9e30cd9cd0>,47,13,[5 5],48,-1,61,-1,48
1,<environment.Job instance at 0x7f9e30cfa5f0>,50,12,[10  4],51,-1,67,-1,55
1,<environment.Job instance at 0x7f9e306c1aa0>,56,16,[ 5 10],57,-1,73,-1,57
1,<environment.Job instance at 0x7f9e31017c30>,62,20,[5 2],63,-1,87,-1,67
1,<environment.Job instance at 0x7f9e306505f0>,64,12,[3 9],65,-1,79,-1,67
1,<environment.Job instance at 0x7f9e2fde24b0>,18,18,[13  3],19,-1,85,-1,67
1,<environment.Job instance at 0x7f9e306c18c0>,52,18,[ 5 10],53,-1,87,-1,69
1,<environment.Job instance at 0x7f9e30441050>,65,15,[5 1],66,-1,84,-1,69
1,<environment.Job instance at 0x7f9e2ff375f0>,68,3,[2 5],69,-1,72,-1,69
1,<environment.Job instance at 0x7f9e30baa5a0>,48,18,[ 4 12],49,-1,87,-1,69
1,<environment.Job instance at 0x7f9e306c1d20>,51,12,[4 5],52,-1,81,-1,69
1,<environment.Job instance at 0x7f9e3046e230>,76,20,[4 9],77,-1,97,-1,77
1,<environment.Job instance at 0x7f9e307f3e60>,67,15,[13  3],68,-1,95,-1,80
1,<environment.Job instance at 0x7f9e307f7460>,70,2,[10  1],71,-1,83,-1,81
1,<environment.Job instance at 0x7f9e3046e2d0>,80,16,[6 2],81,-1,100,-1,84
1,<environment.Job instance at 0x7f9e3046e690>,78,12,[1 6],79,-1,96,-1,84
1,<environment.Job instance at 0x7f9e2ff60aa0>,83,21,[5 7],84,-1,107,-1,86
1,<environment.Job instance at 0x7f9e30467e10>,84,14,[10  4],85,-1,100,-1,86
1,<environment.Job instance at 0x7f9e30467320>,85,17,[4 9],86,-1,104,-1,87
1,<environment.Job instance at 0x7f9e2ff608c0>,82,1,[5 5],83,-1,89,-1,88
1,<environment.Job instance at 0x7f9e30467500>,87,13,[7 4],88,-1,101,-1,88
1,<environment.Job instance at 0x7f9e30467a50>,89,27,[ 5 11],90,-1,117,-1,90
1,<environment.Job instance at 0x7f9e30467c80>,90,13,[10  1],91,-1,105,-1,92
1,<environment.Job instance at 0x7f9e304679b0>,91,16,[5 7],92,-1,108,-1,92
1,<environment.Job instance at 0x7f9e30467cd0>,92,19,[4 7],93,-1,113,-1,94
1,<environment.Job instance at 0x7f9e3045ac30>,93,25,[9 3],94,-1,119,-1,94
1,<environment.Job instance at 0x7f9e3044ee10>,96,19,[9 4],97,-1,116,-1,97
1,<environment.Job instance at 0x7f9e3044e2d0>,97,18,[4 7],98,-1,116,-1,98
1,<environment.Job instance at 0x7f9e2fc24460>,12,17,[ 3 14],13,-1,40,-1,23
1,<environment.Job instance at 0x7f9e31027870>,15,16,[ 4 12],16,-1,42,-1,26
1,<environment.Job instance at 0x7f9e2fc1ba50>,18,18,[13  3],19,-1,57,-1,39
1,<environment.Job instance at 0x7f9e2fc8b280>,19,1,[ 4 14],20,-1,40,-1,39
1,<environment.Job instance at 0x7f9e2fa62960>,22,16,[14  1],23,-1,59,-1,43
1,<environment.Job instance at 0x7f9e30185820>,25,1,[ 5 13],26,-1,45,-1,44
1,<environment.Job instance at 0x7f9e2fa54eb0>,33,3,[ 5 11],34,-1,78,-1,75
1,<environment.Job instance at 0x7f9e2fa4a230>,41,3,[ 3 11],42,-1,98,-1,95
1,<environment.Job instance at 0x7f9e3120b0a0>,0,26,[9 4],1,-1,27,-1,1
1,<environment.Job instance at 0x7f9e3120bd70>,3,18,[10  5],4,-1,22,-1,4
1,<environment.Job instance at 0x7f9e2fc115f0>,13,2,[1 5],14,-1,16,-1,14
1,<environment.Job instance at 0x7f9e30bdb5f0>,14,17,[9 5],15,-1,32,-1,15
1,<environment.Job instance at 0x7f9e30bdb460>,15,14,[2 9],16,-1,30,-1,16
1,<environment.Job instance at 0x7f9e30bdb550>,17,12,[ 3 10],18,-1,30,-1,18
1,<environment.Job instance at 0x7f9e30bdb690>,19,19,[2 9],20,-1,39,-1,20
1,<environment.Job instance at 0x7f9e30bdbc80>,20,22,[1 9],21,-1,47,-1,25
1,<environment.Job instance at 0x7f9e2fa4a280>,25,14,[10  1],26,-1,40,-1,26
1,<environment.Job instance at 0x7f9e2fa4a1e0>,27,17,[1 7],28,-1,45,-1,28
1,<environment.Job instance at 0x7f9e2fa4ae10>,29,17,[8 4],30,-1,47,-1,30
1,<environment.Job instance at 0x7f9e2fa4aa50>,31,16,[2 6],32,-1,48,-1,32
1,<environment.Job instance at 0x7f9e2fa4acd0>,32,17,[8 1],33,-1,50,-1,33
1,<environment.Job instance at 0x7f9e2fa4a640>,33,26,[2 9],34,-1,60,-1,34
1,<environment.Job instance at 0x7f9e2fa4aeb0>,35,17,[1 8],36,-1,53,-1,36
1,<environment.Job instance at 0x7f9e30c003c0>,42,18,[6 4],43,-1,61,-1,43
1,<environment.Job instance at 0x7f9e30c00c80>,43,18,[1 8],44,-1,62,-1,44
1,<environment.Job instance at 0x7f9e30c00fa0>,47,12,[2 5],48,-1,60,-1,48
1,<environment.Job instance at 0x7f9e30c00230>,49,15,[8 4],50,-1,65,-1,50
1,<environment.Job instance at 0x7f9e30933190>,54,16,[5 3],55,-1,71,-1,55
1,<environment.Job instance at 0x7f9e30933f50>,56,1,[6 3],57,-1,58,-1,57
1,<environment.Job instance at 0x7f9e30933370>,58,18,[5 6],59,-1,77,-1,59
1,<environment.Job instance at 0x7f9e301890f0>,62,18,[7 3],63,-1,81,-1,63
1,<environment.Job instance at 0x7f9e30189d70>,65,16,[5 7],66,-1,82,-1,66
1,<environment.Job instance at 0x7f9e30189550>,69,23,[5 5],70,-1,103,-1,80
1,<environment.Job instance at 0x7f9e301895a0>,70,17,[8 3],71,-1,97,-1,80
1,<environment.Job instance at 0x7f9e30bdba50>,24,13,[10  5],25,-1,93,-1,80
1,<environment.Job instance at 0x7f9e30189320>,67,16,[3 5],68,-1,96,-1,80
1,<environment.Job instance at 0x7f9e30189050>,75,24,[7 5],76,-1,104,-1,80
1,<environment.Job instance at 0x7f9e30189780>,74,17,[5 6],75,-1,106,-1,89
1,<environment.Job instance at 0x7f9e30185be0>,82,17,[3 8],83,-1,107,-1,90
1,<environment.Job instance at 0x7f9e301897d0>,71,12,[7 5],72,-1,105,-1,93
1,<environment.Job instance at 0x7f9e30185c30>,87,14,[9 3],88,-1,107,-1,93
1,<environment.Job instance at 0x7f9e30189f50>,72,12,[5 4],73,-1,105,-1,93
1,<environment.Job instance at 0x7f9e30d0afa0>,89,15,[8 4],90,-1,108,-1,93
1,<environment.Job instance at 0x7f9e30185f00>,86,13,[ 1 10],87,-1,106,-1,93
1,<environment.Job instance at 0x7f9e30d0a910>,91,15,[3 9],92,-1,108,-1,93
1,<environment.Job instance at 0x7f9e30d0adc0>,92,16,[6 3],93,-1,109,-1,93
1,<environment.Job instance at 0x7f9e30d0abe0>,95,19,[8 1],96,-1,115,-1,96
1,<environment.Job instance at 0x7f9e30785190>,0,26,[9 4],1,-1,27,-1,1
1,<environment.Job instance at 0x7f9e30becb40>,5,14,[13  2],6,-1,20,-1,6
1,<environment.Job instance at 0x7f9e303a2280>,8,24,[8 3],9,-1,48,-1,24
1,<environment.Job instance at 0x7f9e3092d370>,28,2,[ 4 12],29,-1,51,-1,49
1,<environment.Job instance at 0x7f9e30bf7e10>,33,26,[2 9],34,-1,107,-1,81
1,<environment.Job instance at 0x7f9e30933230>,36,13,[12  4],37,-1,101,-1,88
1,<environment.Job instance at 0x7f9e307ab7d0>,1,23,[7 5],2,-1,25,-1,2
1,<environment.Job instance at 0x7f9e30af0690>,2,28,[8 2],3,-1,31,-1,3
1,<environment.Job instance at 0x7f9e30af05a0>,3,22,[5 4],4,-1,26,-1,4
1,<environment.Job instance at 0x7f9e30af07d0>,5,17,[ 4 10],6,-1,23,-1,6
1,<environment.Job instance at 0x7f9e30af0dc0>,11,17,[6 5],12,-1,29,-1,12
1,<environment.Job instance at 0x7f9e30af0a00>,13,18,[10  5],14,-1,32,-1,14
1,<environment.Job instance at 0x7f9e30ae3230>,16,16,[3 6],17,-1,33,-1,17
1,<environment.Job instance at 0x7f9e30ae3a00>,23,18,[4 9],24,-1,42,-1,24
1,<environment.Job instance at 0x7f9e30ae3b90>,24,26,[7 4],25,-1,51,-1,25
1,<environment.Job instance at 0x7f9e30ae3f50>,28,16,[1 8],29,-1,46,-1,30
1,<environment.Job instance at 0x7f9e30ae3c80>,29,12,[9 3],30,-1,42,-1,30
1,<environment.Job instance at 0x7f9e30ace5a0>,34,17,[10  4],35,-1,54,-1,37
1,<environment.Job instance at 0x7f9e3058d140>,47,19,[4 7],48,-1,67,-1,48
1,<environment.Job instance at 0x7f9e3058d6e0>,50,17,[2 8],51,-1,68,-1,51
1,<environment.Job instance at 0x7f9e3058ddc0>,57,18,[7 1],58,-1,79,-1,61
1,<environment.Job instance at 0x7f9e30925c80>,59,15,[9 3],60,-1,76,-1,61
1,<environment.Job instance at 0x7f9e3058dd70>,58,16,[10  3],59,-1,77,-1,61
1,<environment.Job instance at 0x7f9e30acee60>,42,14,[ 2 12],43,-1,79,-1,65
1,<environment.Job instance at 0x7f9e2ff6b640>,63,16,[4 9],64,-1,82,-1,66
1,<environment.Job instance at 0x7f9e2ff6bf00>,64,23,[6 5],65,-1,89,-1,66
1,<environment.Job instance at 0x7f9e301a2320>,62,22,[6 2],63,-1,95,-1,73
1,<environment.Job instance at 0x7f9e2ff6b960>,65,1,[9 4],66,-1,74,-1,73
1,<environment.Job instance at 0x7f9e3058d8c0>,54,16,[6 3],55,-1,89,-1,73
1,<environment.Job instance at 0x7f9e2fbf6c80>,71,12,[1 7],72,-1,85,-1,73
1,<environment.Job instance at 0x7f9e304f1f00>,72,17,[1 6],73,-1,90,-1,73
1,<environment.Job instance at 0x7f9e304e2640>,73,21,[7 4],74,-1,95,-1,74
1,<environment.Job instance at 0x7f9e30b065f0>,75,15,[ 5 11],76,-1,92,-1,77
1,<environment.Job instance at 0x7f9e30f56410>,81,16,[ 2 10],82,-1,100,-1,84
1,<environment.Job instance at 0x7f9e2fcdad70>,84,20,[5 9],85,-1,105,-1,85
1,<environment.Job instance at 0x7f9e30170cd0>,80,26,[5 7],81,-1,116,-1,90
1,<environment.Job instance at 0x7f9e2fe42500>,83,15,[10  1],84,-1,105,-1,90
1,<environment.Job instance at 0x7f9e30155230>,88,18,[5 6],89,-1,110,-1,92
1,<environment.Job instance at 0x7f9e30632eb0>,1,23,[7 5],2,-1,25,-1,2
1,<environment.Job instance at 0x7f9e2ff567d0>,2,28,[8 2],3,-1,31,-1,3
1,<environment.Job instance at 0x7f9e309335a0>,25,1,[12  3],26,-1,50,-1,49
1,<environment.Job instance at 0x7f9e301893c0>,24,26,[7 4],25,-1,76,-1,50
1,<environment.Job instance at 0x7f9e2fc058c0>,38,16,[14  5],39,-1,92,-1,76
1,<environment.Job instance at 0x7f9e301297d0>,42,14,[ 2 12],43,-1,95,-1,81
1,<environment.Job instance at 0x7f9e301299b0>,45,15,[ 2 12],46,-1,109,-1,94
1,<environment.Job instance at 0x7f9e31413460>,0,20,[5 8],1,-1,21,-1,1
1,<environment.Job instance at 0x7f9e314137d0>,6,18,[3 5],7,-1,25,-1,7
1,<environment.Job instance at 0x7f9e314133c0>,7,14,[8 3],8,-1,23,-1,9
1,<environment.Job instance at 0x7f9e31413690>,8,14,[7 5],9,-1,23,-1,9
1,<environment.Job instance at 0x7f9e31413eb0>,10,21,[5 2],11,-1,32,-1,11
1,<environment.Job instance at 0x7f9e314138c0>,14,18,[3 8],15,-1,35,-1,17
1,<environment.Job instance at 0x7f9e30078780>,21,17,[2 9],22,-1,39,-1,22
1,<environment.Job instance at 0x7f9e300780f0>,26,12,[9 1],27,-1,39,-1,27
1,<environment.Job instance at 0x7f9e30078a50>,28,14,[7 3],29,-1,43,-1,29
1,<environment.Job instance at 0x7f9e30d9efa0>,34,18,[6 3],35,-1,53,-1,35
1,<environment.Job instance at 0x7f9e30d9e6e0>,35,23,[7 4],36,-1,59,-1,36
1,<environment.Job instance at 0x7f9e30d9e730>,36,23,[5 6],37,-1,60,-1,37
1,<environment.Job instance at 0x7f9e30d9e870>,37,16,[2 6],38,-1,54,-1,38
1,<environment.Job instance at 0x7f9e30d9eaf0>,42,18,[9 5],43,-1,64,-1,46
1,<environment.Job instance at 0x7f9e3133a0a0>,47,26,[ 2 10],48,-1,81,-1,55
1,<environment.Job instance at 0x7f9e30d9e4b0>,39,15,[5 3],40,-1,71,-1,56
1,<environment.Job instance at 0x7f9e30d9eb40>,45,15,[9 5],46,-1,72,-1,57
1,<environment.Job instance at 0x7f9e30d9e8c0>,38,25,[ 5 10],39,-1,82,-1,57
1,<environment.Job instance at 0x7f9e3133a7d0>,51,16,[8 5],52,-1,79,-1,63
1,<environment.Job instance at 0x7f9e3133a4b0>,54,17,[5 7],55,-1,82,-1,65
1,<environment.Job instance at 0x7f9e3133a050>,53,17,[ 5 12],54,-1,84,-1,67
1,<environment.Job instance at 0x7f9e3133a730>,48,14,[3 8],49,-1,81,-1,67
1,<environment.Job instance at 0x7f9e308d2550>,63,20,[5 2],64,-1,87,-1,67
1,<environment.Job instance at 0x7f9e3133aaf0>,58,15,[6 1],59,-1,82,-1,67
1,<environment.Job instance at 0x7f9e308d2500>,65,15,[8 2],66,-1,84,-1,69
1,<environment.Job instance at 0x7f9e30d9ec30>,40,17,[6 4],41,-1,93,-1,76
1,<environment.Job instance at 0x7f9e308d2f50>,69,14,[8 5],70,-1,90,-1,76
1,<environment.Job instance at 0x7f9e308d25f0>,68,12,[12  2],69,-1,88,-1,76
1,<environment.Job instance at 0x7f9e308d2820>,73,14,[2 9],74,-1,90,-1,76
1,<environment.Job instance at 0x7f9e306e2050>,74,12,[9 4],75,-1,91,-1,79
1,<environment.Job instance at 0x7f9e306e2960>,76,12,[3 5],77,-1,92,-1,80
1,<environment.Job instance at 0x7f9e306e2690>,80,25,[8 3],81,-1,106,-1,81
1,<environment.Job instance at 0x7f9e39b8f640>,86,17,[3 8],87,-1,104,-1,87
1,<environment.Job instance at 0x7f9e3050e780>,9,14,[ 1 13],10,-1,24,-1,10
1,<environment.Job instance at 0x7f9e30a64050>,12,16,[11  5],13,-1,37,-1,21
1,<environment.Job instance at 0x7f9e30141320>,35,23,[7 4],36,-1,111,-1,88
1,<environment.Job instance at 0x7f9e30becaf0>,36,23,[5 6],37,-1,111,-1,88
1,<environment.Job instance at 0x7f9e2ff9fdc0>,0,17,[4 8],1,-1,18,-1,1
1,<environment.Job instance at 0x7f9e2ff9f870>,1,17,[3 6],2,-1,19,-1,2
1,<environment.Job instance at 0x7f9e2ff9f140>,2,17,[ 4 10],3,-1,22,-1,5
1,<environment.Job instance at 0x7f9e3071c640>,9,18,[5 5],10,-1,28,-1,10
1,<environment.Job instance at 0x7f9e3071c960>,11,18,[5 5],12,-1,30,-1,12
1,<environment.Job instance at 0x7f9e3071cd70>,12,28,[5 1],13,-1,41,-1,13
1,<environment.Job instance at 0x7f9e30719820>,16,17,[3 7],17,-1,34,-1,17
1,<environment.Job instance at 0x7f9e30f41870>,21,17,[ 4 10],22,-1,39,-1,22
1,<environment.Job instance at 0x7f9e30b09f50>,24,23,[2 9],25,-1,48,-1,25
1,<environment.Job instance at 0x7f9e30a68870>,25,18,[5 3],26,-1,44,-1,26
1,<environment.Job instance at 0x7f9e31022a00>,31,17,[6 1],32,-1,49,-1,32
1,<environment.Job instance at 0x7f9e31022550>,32,16,[9 2],33,-1,49,-1,33
1,<environment.Job instance at 0x7f9e30536140>,33,15,[5 8],34,-1,49,-1,34
1,<environment.Job instance at 0x7f9e30e26230>,38,26,[2 5],39,-1,65,-1,39
1,<environment.Job instance at 0x7f9e309bfb40>,39,28,[4 8],40,-1,68,-1,40
1,<environment.Job instance at 0x7f9e309bfcd0>,40,28,[1 5],41,-1,69,-1,41
1,<environment.Job instance at 0x7f9e30b09fa0>,30,12,[ 4 10],31,-1,53,-1,41
1,<environment.Job instance at 0x7f9e3017cf50>,46,22,[7 4],47,-1,72,-1,50
1,<environment.Job instance at 0x7f9e304741e0>,54,18,[ 2 10],55,-1,73,-1,55
1,<environment.Job instance at 0x7f9e313d9280>,58,14,[9 3],59,-1,77,-1,63
1,<environment.Job instance at 0x7f9e3090e3c0>,65,16,[2 7],66,-1,83,-1,67
1,<environment.Job instance at 0x7f9e3090eaa0>,64,16,[5 8],65,-1,87,-1,71
1,<environment.Job instance at 0x7f9e3090e140>,68,12,[3 8],69,-1,88,-1,76
1,<environment.Job instance at 0x7f9e30e51fa0>,62,18,[7 2],63,-1,94,-1,76
1,<environment.Job instance at 0x7f9e3017c9b0>,47,28,[ 1 10],48,-1,104,-1,76
1,<environment.Job instance at 0x7f9e30e3d500>,73,15,[3 5],74,-1,91,-1,76
1,<environment.Job instance at 0x7f9e3090e820>,69,16,[ 3 10],70,-1,92,-1,76
1,<environment.Job instance at 0x7f9e30e3d320>,72,13,[1 7],73,-1,94,-1,81
1,<environment.Job instance at 0x7f9e305b30a0>,76,20,[10  4],77,-1,102,-1,82
1,<environment.Job instance at 0x7f9e305b33c0>,77,2,[10  1],78,-1,87,-1,85
1,<environment.Job instance at 0x7f9e3038ecd0>,79,13,[3 6],80,-1,98,-1,85
1,<environment.Job instance at 0x7f9e30ff9f50>,85,17,[5 8],86,-1,103,-1,86
1,<environment.Job instance at 0x7f9e2feab5f0>,90,16,[8 2],91,-1,114,-1,98
1,<environment.Job instance at 0x7f9e2feab2d0>,91,12,[9 4],92,-1,110,-1,98
1,<environment.Job instance at 0x7f9e39e442d0>,92,17,[5 5],93,-1,115,-1,98
1,<environment.Job instance at 0x7f9e300feaf0>,93,24,[9 2],94,-1,122,-1,98
1,<environment.Job instance at 0x7f9e30335960>,74,13,[6 5],75,-1,111,-1,98
1,<environment.Job instance at 0x7f9e3090e5f0>,70,13,[8 2],71,-1,111,-1,98
1,<environment.Job instance at 0x7f9e30078230>,4,1,[ 1 11],5,-1,6,-1,5
1,<environment.Job instance at 0x7f9e30078140>,5,1,[ 3 14],6,-1,7,-1,6
1,<environment.Job instance at 0x7f9e307a2dc0>,12,28,[5 1],13,-1,48,-1,20
1,<environment.Job instance at 0x7f9e30becb40>,19,13,[ 1 13],20,-1,55,-1,42
1,<environment.Job instance at 0x7f9e30a837d0>,24,23,[2 9],25,-1,70,-1,47
1,<environment.Job instance at 0x7f9e30a844b0>,26,3,[14  4],27,-1,50,-1,47
1,<environment.Job instance at 0x7f9e3033f190>,38,26,[2 5],39,-1,123,-1,97
1,<environment.Job instance at 0x7f9e302f1820>,0,12,[9 2],1,-1,14,-1,2
1,<environment.Job instance at 0x7f9e2ff9b370>,2,15,[4 9],3,-1,18,-1,3
1,<environment.Job instance at 0x7f9e308d2c80>,1,24,[2 6],2,-1,27,-1,3
1,<environment.Job instance at 0x7f9e2ff9b9b0>,9,16,[ 1 10],10,-1,26,-1,10
1,<environment.Job instance at 0x7f9e2ff9b820>,11,13,[3 5],12,-1,25,-1,12
1,<environment.Job instance at 0x7f9e2ff9bbe0>,13,21,[5 4],14,-1,35,-1,14
1,<environment.Job instance at 0x7f9e2ff9bdc0>,14,17,[11  5],15,-1,32,-1,15
1,<environment.Job instance at 0x7f9e2ff935a0>,22,18,[10  3],23,-1,43,-1,25
1,<environment.Job instance at 0x7f9e2ff937d0>,25,1,[1 5],26,-1,27,-1,26
1,<environment.Job instance at 0x7f9e2ff93780>,26,24,[10  2],27,-1,51,-1,27
1,<environment.Job instance at 0x7f9e2ff93960>,27,18,[3 8],28,-1,46,-1,28
1,<environment.Job instance at 0x7f9e2ff93aa0>,29,12,[1 5],30,-1,42,-1,30
1,<environment.Job instance at 0x7f9e2ff93e60>,32,13,[3 6],33,-1,46,-1,33
1,<environment.Job instance at 0x7f9e2ff93d20>,33,17,[7 2],34,-1,51,-1,34
1,<environment.Job instance at 0x7f9e2ff93eb0>,34,18,[1 8],35,-1,53,-1,35
1,<environment.Job instance at 0x7f9e2ffa7140>,36,23,[9 5],37,-1,60,-1,37
1,<environment.Job instance at 0x7f9e2ffa7280>,37,18,[1 8],38,-1,56,-1,38
1,<environment.Job instance at 0x7f9e2ffa73c0>,39,17,[6 3],40,-1,57,-1,40
1,<environment.Job instance at 0x7f9e2ffa74b0>,42,18,[1 6],43,-1,61,-1,43
1,<environment.Job instance at 0x7f9e2ffa7870>,43,17,[10  3],44,-1,62,-1,45
1,<environment.Job instance at 0x7f9e2ffa7960>,45,16,[7 4],46,-1,62,-1,46
1,<environment.Job instance at 0x7f9e2ffa7a00>,46,13,[4 6],47,-1,60,-1,47
1,<environment.Job instance at 0x7f9e2ff880a0>,52,17,[6 3],53,-1,70,-1,53
1,<environment.Job instance at 0x7f9e2ff881e0>,53,27,[5 6],54,-1,81,-1,54
1,<environment.Job instance at 0x7f9e2ff88500>,56,16,[ 3 11],57,-1,73,-1,57
1,<environment.Job instance at 0x7f9e2ff932d0>,24,24,[5 8],25,-1,84,-1,60
1,<environment.Job instance at 0x7f9e2ff7b320>,71,15,[4 9],72,-1,91,-1,76
1,<environment.Job instance at 0x7f9e2ff88d20>,64,27,[3 8],65,-1,103,-1,76
1,<environment.Job instance at 0x7f9e2ff9fcd0>,1,24,[2 6],2,-1,26,-1,2
1,<environment.Job instance at 0x7f9e306f7cd0>,14,17,[11  5],15,-1,38,-1,21
1,<environment.Job instance at 0x7f9e306f7910>,15,15,[ 2 12],16,-1,36,-1,21
1,<environment.Job instance at 0x7f9e39b99690>,24,24,[5 8],25,-1,73,-1,49
1,<environment.Job instance at 0x7f9e30474a50>,26,24,[10  2],27,-1,79,-1,55
1,<environment.Job instance at 0x7f9e30a54280>,30,2,[14  3],31,-1,58,-1,56
1,<environment.Job instance at 0x7fcbe81446e0>,0,13,[9 3],1,-1,15,-1,2
1,<environment.Job instance at 0x7fcbe81448c0>,1,22,[11  3],2,-1,24,-1,2
1,<environment.Job instance at 0x7fcbe8144730>,2,22,[4 8],3,-1,25,-1,3
1,<environment.Job instance at 0x7fcbdeafe140>,9,18,[11  5],10,-1,28,-1,10
1,<environment.Job instance at 0x7fcbdeafe0a0>,11,15,[4 8],12,-1,27,-1,12
1,<environment.Job instance at 0x7fcbdeafe3c0>,12,26,[ 1 10],13,-1,39,-1,13
1,<environment.Job instance at 0x7fcbdeafe2d0>,13,18,[ 4 10],14,-1,32,-1,14
1,<environment.Job instance at 0x7fcbdeafe500>,15,18,[2 8],16,-1,34,-1,16
1,<environment.Job instance at 0x7fcbdeafe6e0>,16,16,[3 5],17,-1,33,-1,17
1,<environment.Job instance at 0x7fcbdeafe910>,19,14,[3 5],20,-1,34,-1,20
1,<environment.Job instance at 0x7fcbdeafec30>,23,27,[1 6],24,-1,51,-1,24
1,<environment.Job instance at 0x7fcbdeafecd0>,24,18,[2 6],25,-1,43,-1,25
1,<environment.Job instance at 0x7fcbdeafef00>,26,3,[3 7],27,-1,30,-1,27
1,<environment.Job instance at 0x7fcbdeb010a0>,27,15,[8 4],28,-1,43,-1,28
1,<environment.Job instance at 0x7fcbdeb01140>,28,23,[10  4],29,-1,52,-1,29
1,<environment.Job instance at 0x7fcbdeb011e0>,29,12,[5 4],30,-1,42,-1,30
1,<environment.Job instance at 0x7fcbdeb01280>,30,14,[5 2],31,-1,45,-1,31
1,<environment.Job instance at 0x7fcbdeb01500>,33,14,[5 5],34,-1,48,-1,34
1,<environment.Job instance at 0x7fcbdeb01690>,34,24,[1 8],35,-1,59,-1,35
1,<environment.Job instance at 0x7fcbdeb015f0>,35,15,[9 5],36,-1,51,-1,36
1,<environment.Job instance at 0x7fcbdeb016e0>,40,15,[10  3],41,-1,59,-1,44
1,<environment.Job instance at 0x7fcbdeb01b90>,43,18,[5 5],44,-1,62,-1,44
1,<environment.Job instance at 0x7fcbdeb04230>,48,15,[10  1],49,-1,65,-1,50
1,<environment.Job instance at 0x7fcbdeb04870>,53,17,[5 7],54,-1,71,-1,54
1,<environment.Job instance at 0x7fcbdeb04aa0>,56,17,[8 5],57,-1,74,-1,57
1,<environment.Job instance at 0x7fcbdeb04e10>,59,17,[1 6],60,-1,77,-1,60
1,<environment.Job instance at 0x7fcbdeb08140>,62,22,[6 4],63,-1,85,-1,63
1,<environment.Job instance at 0x7fcbdeb08190>,64,18,[2 9],65,-1,83,-1,65
1,<environment.Job instance at 0x7fcbdeb084b0>,65,20,[2 6],66,-1,86,-1,66
1,<environment.Job instance at 0x7fcbdeb08690>,69,13,[ 3 12],70,-1,90,-1,77
1,<environment.Job instance at 0x7fcbdeb08e60>,75,14,[ 4 11],76,-1,92,-1,78
1,<environment.Job instance at 0x7fcbdeb051e0>,77,13,[8 5],78,-1,91,-1,78
1,<environment.Job instance at 0x7fcbdeb08e10>,78,12,[10  2],79,-1,91,-1,79
1,<environment.Job instance at 0x7fcbdeb08f00>,76,19,[4 8],77,-1,99,-1,80
1,<environment.Job instance at 0x7fcbdeb050f0>,79,13,[9 4],80,-1,93,-1,80
1,<environment.Job instance at 0x7fcbdeb05280>,81,15,[5 9],82,-1,105,-1,90
1,<environment.Job instance at 0x7fcbdeb04410>,49,16,[2 5],50,-1,106,-1,90
1,<environment.Job instance at 0x7fcbdeb056e0>,86,18,[9 2],87,-1,108,-1,90
1,<environment.Job instance at 0x7fcbdeb055a0>,84,18,[3 7],85,-1,108,-1,90
1,<environment.Job instance at 0x7fcbdeaf28c0>,1,22,[11  3],2,-1,24,-1,2
1,<environment.Job instance at 0x7fcbdeb01410>,9,18,[11  5],10,-1,32,-1,14
1,<environment.Job instance at 0x7fcbdeca8190>,12,26,[ 1 10],13,-1,82,-1,56
1,<environment.Job instance at 0x7fcbdeb08d70>,23,27,[1 6],24,-1,87,-1,60
1,<environment.Job instance at 0x7fcbdeb2b6e0>,28,23,[10  4],29,-1,97,-1,74
1,<environment.Job instance at 0x7fcbdeafabe0>,34,24,[1 8],35,-1,117,-1,93
1,<environment.Job instance at 0x7fcbdec25960>,36,13,[ 3 14],37,-1,106,-1,93
1,<environment.Job instance at 0x7fcbde246050>,1,26,[ 5 10],2,-1,28,-1,2
1,<environment.Job instance at 0x7fcbde246190>,5,16,[7 5],6,-1,22,-1,6
1,<environment.Job instance at 0x7fcbde23b9b0>,9,20,[2 6],10,-1,30,-1,10
1,<environment.Job instance at 0x7fcbde245500>,15,21,[4 5],16,-1,39,-1,18
1,<environment.Job instance at 0x7fcbde471050>,20,15,[8 3],21,-1,36,-1,21
1,<environment.Job instance at 0x7fcbde3a6820>,23,16,[ 3 10],24,-1,40,-1,24
1,<environment.Job instance at 0x7fcbde3a6960>,25,14,[ 2 10],26,-1,40,-1,26
1,<environment.Job instance at 0x7fcbde470a50>,27,20,[9 2],28,-1,48,-1,28
1,<environment.Job instance at 0x7fcbde38ea00>,30,16,[2 8],31,-1,47,-1,31
1,<environment.Job instance at 0x7fcbde0c74b0>,36,17,[1 7],37,-1,54,-1,37
1,<environment.Job instance at 0x7fcbde0bb9b0>,39,12,[4 9],40,-1,53,-1,41
1,<environment.Job instance at 0x7fcbde0ab230>,41,15,[10  4],42,-1,57,-1,42
1,<environment.Job instance at 0x7fcbde31a050>,1,26,[ 5 10],2,-1,28,-1,2
1,<environment.Job instance at 0x7fcbde2f6550>,6,3,[ 1 12],7,-1,10,-1,7
1,<environment.Job instance at 0x7fcbde43e910>,12,3,[ 4 12],13,-1,22,-1,19
1,<environment.Job instance at 0x7fcbde31d320>,13,12,[ 4 11],14,-1,31,-1,19
1,<environment.Job instance at 0x7fcbde3229b0>,18,23,[ 2 14],19,-1,44,-1,21
1,<environment.Job instance at 0x7fcbde2b1f50>,28,16,[11  2],29,-1,55,-1,39
1,<environment.Job instance at 0x7fcbde2b1140>,29,18,[ 1 12],30,-1,57,-1,39
1,<environment.Job instance at 0x7fcbde2bcf50>,33,15,[ 1 12],34,-1,63,-1,48
1,<environment.Job instance at 0x7fcbde2c10a0>,35,3,[ 4 13],36,-1,54,-1,51
1,<environment.Job instance at 0x7fcbde2c1af0>,37,1,[ 1 14],38,-1,54,-1,53
1,<environment.Job instance at 0x7fcbde0b3c30>,0,18,[4 5],1,-1,19,-1,1
1,<environment.Job instance at 0x7fcbde0b3dc0>,1,18,[2 8],2,-1,20,-1,2
1,<environment.Job instance at 0x7fcbde0b3cd0>,4,16,[9 4],5,-1,23,-1,7
1,<environment.Job instance at 0x7fcbde0b3190>,6,14,[10  1],7,-1,21,-1,7
1,<environment.Job instance at 0x7fcbde0b3140>,7,16,[9 2],8,-1,25,-1,9
1,<environment.Job instance at 0x7fcbde0b3e10>,8,15,[7 5],9,-1,27,-1,12
1,<environment.Job instance at 0x7fcbe82afb40>,16,19,[2 7],17,-1,36,-1,17
1,<environment.Job instance at 0x7fcbe82bdfa0>,23,24,[7 4],24,-1,49,-1,25
1,<environment.Job instance at 0x7fcbe816cb40>,26,16,[7 4],27,-1,43,-1,27
1,<environment.Job instance at 0x7fcbe82bdd70>,24,16,[7 5],25,-1,43,-1,27
1,<environment.Job instance at 0x7fcbe816c690>,28,18,[4 6],29,-1,48,-1,30
1,<environment.Job instance at 0x7fcbe82b4e10>,40,25,[ 3 10],41,-1,102,-1,77
1,<environment.Job instance at 0x7fcbde185370>,56,28,[6 5],57,-1,107,-1,79
1,<environment.Job instance at 0x7fcbde1855a0>,51,15,[8 4],52,-1,100,-1,85
1,<environment.Job instance at 0x7fcbde185140>,58,13,[5 1],59,-1,99,-1,86
1,<environment.Job instance at 0x7fcbde185eb0>,57,18,[5 9],58,-1,104,-1,86
1,<environment.Job instance at 0x7fcbe82b4370>,48,15,[3 6],49,-1,103,-1,88
1,<environment.Job instance at 0x7fcbde1859b0>,64,15,[10  4],65,-1,103,-1,88
1,<environment.Job instance at 0x7fcbe82add70>,65,18,[11  3],66,-1,106,-1,88
1,<environment.Job instance at 0x7fcbe82adb90>,69,28,[5 3],70,-1,116,-1,88
1,<environment.Job instance at 0x7fcbe82ad0f0>,68,13,[8 5],69,-1,101,-1,88
1,<environment.Job instance at 0x7fcbe82ad140>,72,18,[8 2],73,-1,106,-1,88
1,<environment.Job instance at 0x7fcbde185230>,59,2,[10  2],60,-1,91,-1,89
1,<environment.Job instance at 0x7fcbde127690>,75,17,[4 6],76,-1,106,-1,89
1,<environment.Job instance at 0x7fcbe82add20>,70,18,[6 1],71,-1,107,-1,89
1,<environment.Job instance at 0x7fcbe816c460>,31,27,[4 7],32,-1,117,-1,90
1,<environment.Job instance at 0x7fcbde127fa0>,79,16,[9 4],80,-1,106,-1,90
1,<environment.Job instance at 0x7fcbde127500>,80,15,[8 2],81,-1,106,-1,91
1,<environment.Job instance at 0x7fcbde127550>,77,14,[ 1 10],78,-1,105,-1,91
1,<environment.Job instance at 0x7fcbde127460>,82,25,[6 3],83,-1,116,-1,91
1,<environment.Job instance at 0x7fcbde127c80>,84,17,[9 4],85,-1,108,-1,91
1,<environment.Job instance at 0x7fcbe816ce10>,35,16,[14  1],36,-1,107,-1,91
1,<environment.Job instance at 0x7fcbde1279b0>,85,13,[6 4],86,-1,104,-1,91
1,<environment.Job instance at 0x7fcbde127140>,87,13,[1 9],88,-1,104,-1,91
1,<environment.Job instance at 0x7fcbde196820>,88,17,[3 6],89,-1,112,-1,95
1,<environment.Job instance at 0x7fcbde196cd0>,89,15,[ 5 10],90,-1,110,-1,95
1,<environment.Job instance at 0x7fcbde1960a0>,91,14,[8 2],92,-1,109,-1,95
1,<environment.Job instance at 0x7fcbde196500>,93,20,[2 6],94,-1,115,-1,95
1,<environment.Job instance at 0x7fcbde196b40>,94,15,[5 1],95,-1,110,-1,95
1,<environment.Job instance at 0x7fcbde185af0>,61,15,[14  1],62,-1,118,-1,103
1,<environment.Job instance at 0x7fcbdf10b1e0>,2,1,[ 4 13],3,-1,4,-1,3
1,<environment.Job instance at 0x7fcbde538fa0>,3,14,[11  3],4,-1,18,-1,4
1,<environment.Job instance at 0x7fcbdf2c1780>,20,24,[ 1 10],21,-1,68,-1,44
1,<environment.Job instance at 0x7fcbe83d60f0>,23,24,[7 4],24,-1,75,-1,51
1,<environment.Job instance at 0x7fcbde8f3910>,25,3,[12  3],26,-1,54,-1,51
1,<environment.Job instance at 0x7fcbde542230>,31,27,[4 7],32,-1,97,-1,70
1,<environment.Job instance at 0x7fcbde542910>,32,26,[8 4],33,-1,99,-1,73
1,<environment.Job instance at 0x7fcbde3375f0>,35,16,[14  1],36,-1,92,-1,76
1,<environment.Job instance at 0x7fcbde497d20>,40,25,[ 3 10],41,-1,122,-1,97
1,<environment.Job instance at 0x7fcbdef87a00>,6,16,[ 5 10],7,-1,33,-1,17
1,<environment.Job instance at 0x7fcbdeb807d0>,0,24,[2 8],1,-1,25,-1,1
1,<environment.Job instance at 0x7fcbde49c820>,1,24,[9 1],2,-1,26,-1,2
1,<environment.Job instance at 0x7fcbde748c30>,3,24,[10  5],4,-1,30,-1,6
1,<environment.Job instance at 0x7fcbde5452d0>,4,23,[10  2],5,-1,29,-1,6
1,<environment.Job instance at 0x7fcbde748be0>,5,15,[ 1 11],6,-1,21,-1,6
1,<environment.Job instance at 0x7fcbde541870>,17,15,[ 3 12],18,-1,41,-1,26
1,<environment.Job instance at 0x7fcbde8f3640>,30,27,[ 5 10],31,-1,97,-1,70
1,<environment.Job instance at 0x7fcbde6196e0>,36,25,[ 5 10],37,-1,116,-1,91
1,<environment.Job instance at 0x7fcbdee44eb0>,0,18,[4 7],1,-1,19,-1,1
1,<environment.Job instance at 0x7fcbde976870>,8,15,[8 5],9,-1,25,-1,10
1,<environment.Job instance at 0x7fcbdf3e17d0>,9,27,[1 5],10,-1,40,-1,13
1,<environment.Job instance at 0x7fcbde973e10>,16,18,[4 6],17,-1,36,-1,18
1,<environment.Job instance at 0x7fcbde9765a0>,17,19,[14  4],18,-1,37,-1,18
1,<environment.Job instance at 0x7fcbde973d70>,18,17,[7 4],19,-1,38,-1,21
1,<environment.Job instance at 0x7fcbde9738c0>,22,18,[6 3],23,-1,41,-1,23
1,<environment.Job instance at 0x7fcbde4cf730>,25,16,[6 3],26,-1,42,-1,26
1,<environment.Job instance at 0x7fcbde578eb0>,26,25,[3 8],27,-1,52,-1,27
1,<environment.Job instance at 0x7fcbde5a6b40>,29,27,[9 3],30,-1,57,-1,30
1,<environment.Job instance at 0x7fcbdf64c910>,30,15,[7 5],31,-1,46,-1,31
1,<environment.Job instance at 0x7fcbde5a3050>,32,24,[ 3 10],33,-1,57,-1,33
1,<environment.Job instance at 0x7fcbde596aa0>,34,17,[8 5],35,-1,52,-1,35
1,<environment.Job instance at 0x7fcbde973280>,19,14,[ 5 11],20,-1,52,-1,38
1,<environment.Job instance at 0x7fcbde99bbe0>,43,12,[1 8],44,-1,57,-1,45
1,<environment.Job instance at 0x7fcbdf63f8c0>,47,13,[6 4],48,-1,61,-1,48
1,<environment.Job instance at 0x7fcbdf63f370>,48,14,[10  3],49,-1,63,-1,49
1,<environment.Job instance at 0x7fcbde4bc5a0>,38,27,[1 7],39,-1,78,-1,51
1,<environment.Job instance at 0x7fcbdf63f3c0>,50,19,[1 5],51,-1,70,-1,51
1,<environment.Job instance at 0x7fcbde99be10>,44,16,[10  3],45,-1,67,-1,51
1,<environment.Job instance at 0x7fcbdf63f0f0>,51,18,[2 9],52,-1,71,-1,53
1,<environment.Job instance at 0x7fcbdf63fc30>,53,13,[6 5],54,-1,67,-1,54
1,<environment.Job instance at 0x7fcbdf620820>,57,18,[5 1],58,-1,76,-1,58
1,<environment.Job instance at 0x7fcbdf620910>,59,15,[9 5],60,-1,75,-1,60
1,<environment.Job instance at 0x7fcbdf620cd0>,62,15,[5 1],63,-1,78,-1,63
1,<environment.Job instance at 0x7fcbdf620dc0>,63,18,[5 9],64,-1,82,-1,64
1,<environment.Job instance at 0x7fcbdf63f6e0>,52,18,[10  4],53,-1,83,-1,65
1,<environment.Job instance at 0x7fcbdf6401e0>,65,21,[2 5],66,-1,90,-1,69
1,<environment.Job instance at 0x7fcbdf640460>,69,19,[9 1],70,-1,89,-1,70
1,<environment.Job instance at 0x7fcbdf640280>,70,12,[2 5],71,-1,83,-1,71
1,<environment.Job instance at 0x7fcbdf6405a0>,71,16,[6 5],72,-1,88,-1,72
1,<environment.Job instance at 0x7fcbdf6406e0>,73,27,[1 8],74,-1,101,-1,74
1,<environment.Job instance at 0x7fcbdf640870>,76,14,[3 9],77,-1,91,-1,77
1,<environment.Job instance at 0x7fcbdf640dc0>,79,13,[5 9],80,-1,93,-1,80
1,<environment.Job instance at 0x7fcbdf640eb0>,80,3,[1 7],81,-1,84,-1,81
1,<environment.Job instance at 0x7fcbdf640d70>,81,18,[8 4],82,-1,100,-1,82
1,<environment.Job instance at 0x7fcbdf63d1e0>,84,17,[3 9],85,-1,102,-1,85
1,<environment.Job instance at 0x7fcbdf63d370>,85,13,[10  4],86,-1,99,-1,86
1,<environment.Job instance at 0x7fcbdf63d140>,86,16,[5 5],87,-1,103,-1,87
1,<environment.Job instance at 0x7fcbdf63d460>,87,22,[1 7],88,-1,110,-1,88
1,<environment.Job instance at 0x7fcbdf63d780>,90,14,[6 4],91,-1,105,-1,91
1,<environment.Job instance at 0x7fcbdf63d870>,91,18,[3 6],92,-1,110,-1,92
1,<environment.Job instance at 0x7fcbdf63da00>,94,14,[7 1],95,-1,109,-1,95
1,<environment.Job instance at 0x7fcbdf63dc30>,95,25,[6 3],96,-1,121,-1,96
1,<environment.Job instance at 0x7fcbdf63df00>,98,16,[8 5],99,-1,115,-1,99
1,<environment.Job instance at 0x7fcbdf63deb0>,99,18,[7 5],100,-1,118,-1,100
1,<environment.Job instance at 0x7fcbdf63b140>,101,14,[5 8],102,-1,116,-1,102
1,<environment.Job instance at 0x7fcbdf63b280>,102,16,[9 2],103,-1,119,-1,103
1,<environment.Job instance at 0x7fcbdf63b550>,105,18,[7 5],106,-1,124,-1,106
1,<environment.Job instance at 0x7fcbdf63b8c0>,108,17,[10  3],109,-1,126,-1,109
1,<environment.Job instance at 0x7fcbde50d640>,2,14,[ 1 11],3,-1,17,-1,3
1,<environment.Job instance at 0x7fcbde50d2d0>,4,3,[14  4],5,-1,8,-1,5
1,<environment.Job instance at 0x7fcbde50d550>,6,2,[13  4],7,-1,9,-1,7
1,<environment.Job instance at 0x7fcbde50db40>,9,27,[1 5],10,-1,43,-1,16
1,<environment.Job instance at 0x7fcbde600eb0>,15,14,[ 5 12],16,-1,35,-1,21
1,<environment.Job instance at 0x7fcbde600f00>,17,19,[14  4],18,-1,41,-1,22
1,<environment.Job instance at 0x7fcbde600e60>,19,14,[ 5 11],20,-1,38,-1,24
1,<environment.Job instance at 0x7fcbde6229b0>,26,25,[3 8],27,-1,71,-1,46
1,<environment.Job instance at 0x7fcbde6224b0>,28,3,[ 5 14],29,-1,49,-1,46
1,<environment.Job instance at 0x7fcbde6222d0>,29,27,[9 3],30,-1,79,-1,52
1,<environment.Job instance at 0x7fcbde6223c0>,32,24,[ 3 10],33,-1,79,-1,55
1,<environment.Job instance at 0x7fcbde0f2e60>,37,12,[ 2 12],38,-1,76,-1,64
1,<environment.Job instance at 0x7fcbde0f2c30>,38,27,[1 7],39,-1,93,-1,66
1,<environment.Job instance at 0x7fcbde5a3550>,1,22,[ 1 10],2,-1,25,-1,3
1,<environment.Job instance at 0x7fcbde5a3230>,2,18,[5 1],3,-1,21,-1,3
1,<environment.Job instance at 0x7fcbde5781e0>,9,15,[ 1 10],10,-1,25,-1,10
1,<environment.Job instance at 0x7fcbde5783c0>,10,14,[3 6],11,-1,25,-1,11
1,<environment.Job instance at 0x7fcbde578780>,15,17,[7 1],16,-1,33,-1,16
1,<environment.Job instance at 0x7fcbde578c30>,17,18,[1 7],18,-1,36,-1,18
1,<environment.Job instance at 0x7fcbdf304500>,22,18,[5 5],23,-1,44,-1,26
1,<environment.Job instance at 0x7fcbdf304190>,19,14,[10  1],20,-1,42,-1,28
1,<environment.Job instance at 0x7fcbdf304460>,28,21,[5 8],29,-1,50,-1,29
1,<environment.Job instance at 0x7fcbdf304a50>,21,14,[10  4],22,-1,46,-1,32
1,<environment.Job instance at 0x7fcbdf304320>,29,17,[7 2],30,-1,56,-1,39
1,<environment.Job instance at 0x7fcbdf304e60>,33,27,[9 3],34,-1,66,-1,39
1,<environment.Job instance at 0x7fcbdf3043c0>,36,28,[1 7],37,-1,67,-1,39
1,<environment.Job instance at 0x7fcbdf3042d0>,30,12,[8 1],31,-1,51,-1,39
1,<environment.Job instance at 0x7fcbdf304c80>,32,18,[5 1],33,-1,57,-1,39
1,<environment.Job instance at 0x7fcbdf304f50>,31,28,[2 8],32,-1,70,-1,42
1,<environment.Job instance at 0x7fcbde572820>,46,28,[9 2],47,-1,75,-1,47
1,<environment.Job instance at 0x7fcbdf2edf50>,49,17,[1 5],50,-1,67,-1,50
1,<environment.Job instance at 0x7fcbde572b40>,43,2,[ 4 10],44,-1,56,-1,54
1,<environment.Job instance at 0x7fcbdf2ed0f0>,52,13,[4 8],53,-1,68,-1,55
1,<environment.Job instance at 0x7fcbdf2ed870>,51,13,[1 7],52,-1,70,-1,57
1,<environment.Job instance at 0x7fcbdf2ed140>,56,12,[7 1],57,-1,70,-1,58
1,<environment.Job instance at 0x7fcbdf2ed690>,60,14,[6 4],61,-1,75,-1,61
1,<environment.Job instance at 0x7fcbde4e06e0>,64,15,[9 1],65,-1,84,-1,69
1,<environment.Job instance at 0x7fcbde4e0f00>,66,23,[7 4],67,-1,92,-1,69
1,<environment.Job instance at 0x7fcbde4e0780>,68,17,[5 5],69,-1,94,-1,77
1,<environment.Job instance at 0x7fcbde4e0370>,70,15,[9 4],71,-1,93,-1,78
1,<environment.Job instance at 0x7fcbde4e07d0>,69,14,[3 7],70,-1,92,-1,78
1,<environment.Job instance at 0x7fcbde4e00f0>,73,20,[5 4],74,-1,99,-1,79
1,<environment.Job instance at 0x7fcbde4d4820>,84,15,[10  3],85,-1,107,-1,92
1,<environment.Job instance at 0x7fcbde4e04b0>,65,15,[ 2 11],66,-1,108,-1,93
1,<environment.Job instance at 0x7fcbde4d4dc0>,85,20,[4 7],86,-1,113,-1,93
1,<environment.Job instance at 0x7fcbde4d49b0>,86,21,[6 5],87,-1,119,-1,98
1,<environment.Job instance at 0x7fcbde4dbc80>,89,17,[5 9],90,-1,117,-1,100
1,<environment.Job instance at 0x7fcbde4e0e10>,80,16,[14  3],81,-1,117,-1,101
1,<environment.Job instance at 0x7fcbde4dbe10>,91,27,[5 1],92,-1,130,-1,103
1,<environment.Job instance at 0x7fcbde4db5f0>,93,17,[8 5],94,-1,122,-1,105
1,<environment.Job instance at 0x7fcbde4db640>,95,16,[4 5],96,-1,122,-1,106
1,<environment.Job instance at 0x7fcbde4db410>,96,25,[8 3],97,-1,131,-1,106
1,<environment.Job instance at 0x7fcbdf650be0>,16,13,[11  1],17,-1,40,-1,27
1,<environment.Job instance at 0x7fcbdec1e9b0>,18,12,[ 5 12],19,-1,42,-1,30
1,<environment.Job instance at 0x7fcbdf2fde60>,33,27,[9 3],34,-1,126,-1,99
1,<environment.Job instance at 0x7fcbdf033410>,31,28,[2 8],32,-1,130,-1,102
1,<environment.Job instance at 0x7fcbde4d4410>,36,28,[1 7],37,-1,130,-1,102
1,<environment.Job instance at 0x7fcbdf63f960>,2,18,[5 9],3,-1,21,-1,3
1,<environment.Job instance at 0x7fcbde3ff5a0>,8,18,[1 9],9,-1,27,-1,9
1,<environment.Job instance at 0x7fcbdf053820>,10,15,[3 9],11,-1,26,-1,11
1,<environment.Job instance at 0x7fcbde58f230>,13,12,[6 2],14,-1,26,-1,14
1,<environment.Job instance at 0x7fcbde58f410>,14,17,[9 5],15,-1,32,-1,15
1,<environment.Job instance at 0x7fcbde58f0f0>,15,16,[5 3],16,-1,32,-1,16
1,<environment.Job instance at 0x7fcbde58fdc0>,18,14,[9 4],19,-1,33,-1,19
1,<environment.Job instance at 0x7fcbde58fa50>,19,13,[3 6],20,-1,33,-1,20
1,<environment.Job instance at 0x7fcbde58f870>,20,26,[6 3],21,-1,47,-1,21
1,<environment.Job instance at 0x7fcbde594e10>,21,14,[4 6],22,-1,36,-1,22
1,<environment.Job instance at 0x7fcbde3feb40>,22,17,[ 2 11],23,-1,40,-1,23
1,<environment.Job instance at 0x7fcbdef22fa0>,25,23,[7 1],26,-1,49,-1,26
1,<environment.Job instance at 0x7fcbde3fe910>,27,17,[4 9],28,-1,45,-1,28
1,<environment.Job instance at 0x7fcbdef07460>,31,17,[10  4],32,-1,49,-1,32
1,<environment.Job instance at 0x7fcbdf181b90>,34,14,[7 4],35,-1,50,-1,36
1,<environment.Job instance at 0x7fcbde234640>,35,18,[10  3],36,-1,54,-1,36
1,<environment.Job instance at 0x7fcbde25bf50>,37,18,[3 6],38,-1,57,-1,39
1,<environment.Job instance at 0x7fcbde22db40>,44,18,[4 7],45,-1,64,-1,46
1,<environment.Job instance at 0x7fcbde22d820>,46,17,[5 5],47,-1,64,-1,47
1,<environment.Job instance at 0x7fcbde22da50>,47,13,[8 2],48,-1,61,-1,48
1,<environment.Job instance at 0x7fcbde24a690>,52,17,[1 6],53,-1,70,-1,53
1,<environment.Job instance at 0x7fcbde24a6e0>,53,16,[4 9],54,-1,70,-1,54
1,<environment.Job instance at 0x7fcbde6ec640>,59,18,[9 5],60,-1,79,-1,61
1,<environment.Job instance at 0x7fcbdf0a9370>,16,2,[13  5],17,-1,40,-1,38
1,<environment.Job instance at 0x7fcbde36d0a0>,20,26,[6 3],21,-1,83,-1,57
1,<environment.Job instance at 0x7fcbef2aa870>,22,17,[ 2 11],23,-1,74,-1,57
1,<environment.Job instance at 0x7fcbdf5254b0>,25,23,[7 1],26,-1,83,-1,60
1,<environment.Job instance at 0x7fcbdec31500>,33,12,[ 1 14],34,-1,90,-1,78
1,<environment.Job instance at 0x7fcbde35cb90>,36,13,[13  3],37,-1,105,-1,92
1,<environment.Job instance at 0x7fcbdef59d70>,38,1,[ 3 14],39,-1,93,-1,92
1,<environment.Job instance at 0x7fcbe7c77c30>,2,18,[9 4],3,-1,22,-1,4
1,<environment.Job instance at 0x7fcbe7c77dc0>,3,18,[ 4 10],4,-1,23,-1,5
1,<environment.Job instance at 0x7fcbde863f50>,7,15,[ 5 10],8,-1,24,-1,9
1,<environment.Job instance at 0x7fcbde863370>,11,16,[ 4 10],12,-1,28,-1,12
1,<environment.Job instance at 0x7fcbde863eb0>,12,3,[5 2],13,-1,16,-1,13
1,<environment.Job instance at 0x7fcbde863f00>,13,2,[2 5],14,-1,16,-1,14
1,<environment.Job instance at 0x7fcbde863c80>,14,15,[ 2 10],15,-1,30,-1,15
1,<environment.Job instance at 0x7fcbde863730>,15,16,[4 6],16,-1,32,-1,16
1,<environment.Job instance at 0x7fcbde863460>,8,17,[5 7],9,-1,33,-1,16
1,<environment.Job instance at 0x7fcbde863d70>,16,18,[9 4],17,-1,38,-1,20
1,<environment.Job instance at 0x7fcbde83a910>,23,18,[ 5 10],24,-1,42,-1,24
1,<environment.Job instance at 0x7fcbde83a320>,24,20,[9 5],25,-1,45,-1,25
1,<environment.Job instance at 0x7fcbde83a9b0>,25,17,[7 4],26,-1,43,-1,26
1,<environment.Job instance at 0x7fcbde83a230>,26,18,[4 6],27,-1,45,-1,27
1,<environment.Job instance at 0x7fcbde83a5f0>,27,14,[5 5],28,-1,42,-1,28
1,<environment.Job instance at 0x7fcbde83a780>,29,12,[5 7],30,-1,42,-1,30
1,<environment.Job instance at 0x7fcbde83acd0>,33,17,[10  5],34,-1,51,-1,34
1,<environment.Job instance at 0x7fcbde83afa0>,34,17,[3 6],35,-1,52,-1,35
1,<environment.Job instance at 0x7fcbde863190>,19,16,[2 8],20,-1,52,-1,36
1,<environment.Job instance at 0x7fcbde4c0500>,40,13,[9 3],41,-1,55,-1,42
1,<environment.Job instance at 0x7fcbde4c0460>,41,16,[2 7],42,-1,58,-1,42
1,<environment.Job instance at 0x7fcbde4c02d0>,44,13,[5 4],45,-1,58,-1,45
1,<environment.Job instance at 0x7fcbde4c0c80>,45,15,[9 1],46,-1,61,-1,46
1,<environment.Job instance at 0x7fcbde4c0af0>,50,16,[2 8],51,-1,69,-1,53
1,<environment.Job instance at 0x7fcbde4c07d0>,53,17,[6 4],54,-1,71,-1,54
1,<environment.Job instance at 0x7fcbdef65870>,55,16,[1 6],56,-1,72,-1,56
1,<environment.Job instance at 0x7fcbde61d730>,72,18,[5 8],73,-1,112,-1,94
1,<environment.Job instance at 0x7fcbde136fa0>,0,25,[2 8],1,-1,26,-1,1
1,<environment.Job instance at 0x7fcbded502d0>,4,3,[ 3 14],5,-1,8,-1,5
1,<environment.Job instance at 0x7fcbdef959b0>,9,2,[13  5],10,-1,17,-1,15
1,<environment.Job instance at 0x7fcbdf033410>,18,1,[ 3 12],19,-1,53,-1,52
1,<environment.Job instance at 0x7fcbddf79dc0>,0,15,[9 1],1,-1,17,-1,2
1,<environment.Job instance at 0x7fcbddf79190>,2,13,[6 5],3,-1,16,-1,3
1,<environment.Job instance at 0x7fcbddf796e0>,3,16,[ 4 10],4,-1,20,-1,4
1,<environment.Job instance at 0x7fcbddf79730>,4,18,[1 8],5,-1,23,-1,5
1,<environment.Job instance at 0x7fcbddf79550>,1,23,[ 3 13],2,-1,28,-1,5
1,<environment.Job instance at 0x7fcbddf79c30>,8,18,[5 8],9,-1,27,-1,9
1,<environment.Job instance at 0x7fcbddf793c0>,10,20,[9 5],11,-1,31,-1,11
1,<environment.Job instance at 0x7fcbddf4d960>,17,15,[ 1 10],18,-1,33,-1,18
1,<environment.Job instance at 0x7fcbddf4d9b0>,21,18,[3 7],22,-1,40,-1,22
1,<environment.Job instance at 0x7fcbddf4d6e0>,22,17,[1 9],23,-1,40,-1,23
1,<environment.Job instance at 0x7fcbddf4dbe0>,24,22,[9 5],25,-1,47,-1,25
1,<environment.Job instance at 0x7fcbddfdde10>,27,16,[5 8],28,-1,44,-1,28
1,<environment.Job instance at 0x7fcbddfdd230>,28,16,[1 6],29,-1,45,-1,29
1,<environment.Job instance at 0x7fcbddfdd280>,33,15,[4 9],34,-1,50,-1,35
1,<environment.Job instance at 0x7fcbddfddeb0>,35,12,[ 3 10],36,-1,48,-1,36
1,<environment.Job instance at 0x7fcbddfddd70>,36,12,[9 4],37,-1,49,-1,37
1,<environment.Job instance at 0x7fcbddfdda50>,38,12,[10  1],39,-1,51,-1,39
1,<environment.Job instance at 0x7fcbddfdd370>,39,21,[1 7],40,-1,61,-1,40
1,<environment.Job instance at 0x7fcbddfdda00>,40,16,[9 2],41,-1,57,-1,41
1,<environment.Job instance at 0x7fcbddfddaf0>,45,12,[5 9],46,-1,58,-1,46
1,<environment.Job instance at 0x7fcbdf6c3be0>,47,17,[8 2],48,-1,65,-1,48
1,<environment.Job instance at 0x7fcbdf6c37d0>,48,17,[1 6],49,-1,66,-1,49
1,<environment.Job instance at 0x7fcbdf6c33c0>,49,17,[9 2],50,-1,67,-1,50
1,<environment.Job instance at 0x7fcbdf6c3780>,52,15,[2 9],53,-1,68,-1,53
1,<environment.Job instance at 0x7fcbdf6c3550>,55,16,[11  3],56,-1,72,-1,56
1,<environment.Job instance at 0x7fcbddec8500>,57,16,[3 5],58,-1,74,-1,58
1,<environment.Job instance at 0x7fcbde2bc730>,63,18,[ 2 10],64,-1,82,-1,64
1,<environment.Job instance at 0x7fcbde2bc1e0>,64,17,[8 3],65,-1,82,-1,65
1,<environment.Job instance at 0x7fcbde2bc5f0>,67,17,[7 4],68,-1,85,-1,68
1,<environment.Job instance at 0x7fcbddf312d0>,68,15,[8 3],69,-1,84,-1,69
1,<environment.Job instance at 0x7fcbddf31370>,69,16,[10  5],70,-1,86,-1,70
1,<environment.Job instance at 0x7fcbdf3f5be0>,71,16,[5 3],72,-1,88,-1,72
1,<environment.Job instance at 0x7fcbdec80370>,1,23,[ 3 13],2,-1,25,-1,2
1,<environment.Job instance at 0x7fcbdeb1dd20>,25,3,[ 1 14],26,-1,68,-1,65
1,<environment.Job instance at 0x7fcbdeb0d500>,30,13,[11  4],31,-1,97,-1,84
1,<environment.Job instance at 0x7fcbdeb0a140>,31,12,[ 1 13],32,-1,96,-1,84
1,<environment.Job instance at 0x7fcbde75c9b0>,1,13,[9 4],2,-1,16,-1,3
1,<environment.Job instance at 0x7fcbde75ceb0>,3,13,[3 7],4,-1,17,-1,4
1,<environment.Job instance at 0x7fcbde75ca00>,4,15,[6 4],5,-1,20,-1,5
1,<environment.Job instance at 0x7fcbde75c410>,7,16,[7 2],8,-1,24,-1,8
1,<environment.Job instance at 0x7fcbdec605f0>,2,16,[1 7],3,-1,27,-1,11
1,<environment.Job instance at 0x7fcbde75c870>,12,14,[9 3],13,-1,31,-1,17
1,<environment.Job instance at 0x7fcbde5a6b40>,17,22,[6 1],18,-1,40,-1,18
1,<environment.Job instance at 0x7fcbde5a62d0>,18,15,[7 1],19,-1,34,-1,19
1,<environment.Job instance at 0x7fcbde5a6050>,19,14,[3 8],20,-1,34,-1,20
1,<environment.Job instance at 0x7fcbde5a6780>,20,12,[5 9],21,-1,33,-1,21
1,<environment.Job instance at 0x7fcbde5a63c0>,16,16,[4 9],17,-1,37,-1,21
1,<environment.Job instance at 0x7fcbde5a6be0>,21,18,[5 9],22,-1,40,-1,22
1,<environment.Job instance at 0x7fcbde5a6e10>,25,17,[10  3],26,-1,44,-1,27
1,<environment.Job instance at 0x7fcbdec14b40>,27,16,[8 4],28,-1,44,-1,28
1,<environment.Job instance at 0x7fcbdec141e0>,28,14,[6 3],29,-1,43,-1,29
1,<environment.Job instance at 0x7fcbdec14fa0>,30,17,[8 4],31,-1,48,-1,31
1,<environment.Job instance at 0x7fcbdec144b0>,31,14,[ 5 10],32,-1,46,-1,32
1,<environment.Job instance at 0x7fcbde5a6690>,26,12,[7 5],27,-1,44,-1,32
1,<environment.Job instance at 0x7fcbdec14f00>,32,19,[8 3],33,-1,52,-1,33
1,<environment.Job instance at 0x7fcbdec14f50>,34,17,[8 5],35,-1,52,-1,35
1,<environment.Job instance at 0x7fcbdec14aa0>,36,23,[5 5],37,-1,60,-1,37
1,<environment.Job instance at 0x7fcbdec140a0>,38,14,[9 5],39,-1,53,-1,39
1,<environment.Job instance at 0x7fcbdec14370>,39,25,[7 3],40,-1,65,-1,40
1,<environment.Job instance at 0x7fcbdf1cc230>,43,17,[6 4],44,-1,61,-1,44
1,<environment.Job instance at 0x7fcbdf1ccb90>,44,17,[4 7],45,-1,62,-1,45
1,<environment.Job instance at 0x7fcbdf1ccdc0>,46,13,[10  5],47,-1,61,-1,48
1,<environment.Job instance at 0x7fcbdf1cce10>,48,12,[5 1],49,-1,61,-1,49
1,<environment.Job instance at 0x7fcbdf1cc1e0>,52,14,[10  1],53,-1,67,-1,53
1,<environment.Job instance at 0x7fcbdf1ccaa0>,54,15,[8 1],55,-1,70,-1,55
1,<environment.Job instance at 0x7fcbdf1ccd70>,55,14,[5 7],56,-1,70,-1,56
1,<environment.Job instance at 0x7fcbdf1cc9b0>,47,14,[2 6],48,-1,71,-1,57
1,<environment.Job instance at 0x7fcbde511eb0>,57,15,[3 9],58,-1,73,-1,58
1,<environment.Job instance at 0x7fcbde511c30>,58,15,[ 4 10],59,-1,74,-1,59
1,<environment.Job instance at 0x7fcbde511d70>,60,18,[5 4],61,-1,79,-1,61
1,<environment.Job instance at 0x7fcbe7e44d70>,68,18,[ 4 10],69,-1,88,-1,70
1,<environment.Job instance at 0x7fcbde4cc8c0>,73,16,[3 8],74,-1,90,-1,74
1,<environment.Job instance at 0x7fcbde4cc9b0>,74,16,[9 2],75,-1,91,-1,75
1,<environment.Job instance at 0x7fcbde4cc5f0>,76,18,[3 6],77,-1,95,-1,77
1,<environment.Job instance at 0x7fcbde4ccb90>,77,18,[5 5],78,-1,96,-1,78
1,<environment.Job instance at 0x7fcbde4cc550>,80,3,[9 2],81,-1,87,-1,84
1,<environment.Job instance at 0x7fcbde4ccdc0>,84,15,[3 5],85,-1,100,-1,85
1,<environment.Job instance at 0x7fcbde4ccbe0>,85,18,[5 8],86,-1,104,-1,86
1,<environment.Job instance at 0x7fcbde4cce10>,86,18,[3 9],87,-1,105,-1,87
1,<environment.Job instance at 0x7fcbde377870>,89,23,[4 9],90,-1,113,-1,90
1,<environment.Job instance at 0x7fcbde4ccf00>,83,18,[4 5],84,-1,109,-1,91
1,<environment.Job instance at 0x7fcbde377cd0>,91,16,[6 5],92,-1,109,-1,93
1,<environment.Job instance at 0x7fcbde377460>,94,22,[5 8],95,-1,117,-1,95
1,<environment.Job instance at 0x7fcbde3773c0>,95,16,[6 5],96,-1,112,-1,96
1,<environment.Job instance at 0x7fcbde377aa0>,96,12,[ 1 10],97,-1,109,-1,97
1,<environment.Job instance at 0x7fcbde377820>,97,18,[9 4],98,-1,116,-1,98
1,<environment.Job instance at 0x7fcbde377230>,98,15,[1 8],99,-1,114,-1,99
1,<environment.Job instance at 0x7fcbde377eb0>,92,13,[14  2],93,-1,113,-1,100
1,<environment.Job instance at 0x7fcbdf4a4a00>,8,3,[11  1],9,-1,12,-1,9
1,<environment.Job instance at 0x7fcbdf1babe0>,3,14,[4 8],4,-1,18,-1,4
1,<environment.Job instance at 0x7fcbde6fe230>,4,17,[3 7],5,-1,22,-1,5
1,<environment.Job instance at 0x7fcbde6fec30>,6,14,[7 5],7,-1,21,-1,7
1,<environment.Job instance at 0x7fcbde6fe0f0>,9,18,[2 9],10,-1,28,-1,10
1,<environment.Job instance at 0x7fcbde6fe9b0>,10,18,[5 5],11,-1,29,-1,11
1,<environment.Job instance at 0x7fcbde6fe5f0>,11,14,[ 1 10],12,-1,26,-1,12
1,<environment.Job instance at 0x7fcbde6fe370>,14,16,[7 5],15,-1,31,-1,15
1,<environment.Job instance at 0x7fcbdebb6b40>,21,13,[9 1],22,-1,37,-1,24
1,<environment.Job instance at 0x7fcbdebb6550>,23,17,[14  2],24,-1,41,-1,24
1,<environment.Job instance at 0x7fcbdebb67d0>,24,15,[10  2],25,-1,44,-1,29
1,<environment.Job instance at 0x7fcbdebb6140>,25,20,[10  3],26,-1,49,-1,29
1,<environment.Job instance at 0x7fcbde8113c0>,32,18,[9 2],33,-1,53,-1,35
1,<environment.Job instance at 0x7fcbde811640>,35,14,[6 3],36,-1,50,-1,36
1,<environment.Job instance at 0x7fcbde811cd0>,37,23,[6 1],38,-1,61,-1,38
1,<environment.Job instance at 0x7fcbde811190>,34,14,[5 9],35,-1,54,-1,40
1,<environment.Job instance at 0x7fcbde811eb0>,46,18,[ 2 10],47,-1,65,-1,47
1,<environment.Job instance at 0x7fcbde4aa370>,47,17,[5 5],48,-1,65,-1,48
1,<environment.Job instance at 0x7fcbde4aaaf0>,48,14,[9 5],49,-1,63,-1,49
1,<environment.Job instance at 0x7fcbde4aaa50>,49,14,[8 5],50,-1,64,-1,50
1,<environment.Job instance at 0x7fcbde4aad20>,50,25,[9 4],51,-1,76,-1,51
1,<environment.Job instance at 0x7fcbde4aac30>,51,15,[7 3],52,-1,67,-1,52
1,<environment.Job instance at 0x7fcbde4aa5f0>,52,17,[1 5],53,-1,70,-1,53
1,<environment.Job instance at 0x7fcbde4aa780>,54,28,[ 5 10],55,-1,83,-1,55
1,<environment.Job instance at 0x7fcbde4aa870>,56,13,[5 9],57,-1,70,-1,57
1,<environment.Job instance at 0x7fcbde4aac80>,57,27,[2 9],58,-1,85,-1,58
1,<environment.Job instance at 0x7fcbde4aabe0>,58,26,[4 9],59,-1,85,-1,59
1,<environment.Job instance at 0x7fcbde4aa410>,60,18,[5 4],61,-1,79,-1,61
1,<environment.Job instance at 0x7fcbde4aa960>,61,14,[8 4],62,-1,76,-1,62
1,<environment.Job instance at 0x7fcbded19b90>,64,16,[8 1],65,-1,81,-1,65
1,<environment.Job instance at 0x7fcbded19410>,68,19,[2 7],69,-1,88,-1,69
1,<environment.Job instance at 0x7fcbde811870>,45,12,[8 3],46,-1,82,-1,70
1,<environment.Job instance at 0x7fcbded19c30>,72,22,[5 4],73,-1,95,-1,73
1,<environment.Job instance at 0x7fcbde7000f0>,76,18,[1 5],77,-1,95,-1,77
1,<environment.Job instance at 0x7fcbde700230>,78,17,[7 5],79,-1,96,-1,79
1,<environment.Job instance at 0x7fcbde700500>,79,13,[4 8],80,-1,94,-1,81
1,<environment.Job instance at 0x7fcbde700a00>,80,17,[10  1],81,-1,98,-1,81
1,<environment.Job instance at 0x7fcbded73cd0>,81,16,[2 5],82,-1,98,-1,82
1,<environment.Job instance at 0x7fcbded73190>,82,15,[2 5],83,-1,99,-1,84
1,<environment.Job instance at 0x7fcbded73370>,85,15,[5 4],86,-1,101,-1,86
1,<environment.Job instance at 0x7fcbded731e0>,89,16,[5 6],90,-1,106,-1,90
1,<environment.Job instance at 0x7fcbded735f0>,90,18,[4 5],91,-1,109,-1,91
1,<environment.Job instance at 0x7fcbded73c80>,91,18,[4 9],92,-1,110,-1,92
1,<environment.Job instance at 0x7fcbde2f6370>,93,13,[9 3],94,-1,112,-1,99
1,<environment.Job instance at 0x7fcbdf15cfa0>,103,23,[1 7],104,-1,127,-1,104
1,<environment.Job instance at 0x7fcbdf15cd70>,104,22,[1 8],105,-1,127,-1,105
1,<environment.Job instance at 0x7fcbdf15cc30>,105,18,[ 2 10],106,-1,126,-1,108
1,<environment.Job instance at 0x7fcbdec96a00>,0,2,[ 4 14],1,-1,3,-1,1
1,<environment.Job instance at 0x7fcbdeaff230>,23,17,[14  2],24,-1,83,-1,66
1,<environment.Job instance at 0x7fcbdf115730>,36,2,[ 5 12],37,-1,96,-1,94
1,<environment.Job instance at 0x7fcbddf36b90>,37,23,[6 1],38,-1,120,-1,97
1,<environment.Job instance at 0x7fcbdf2232d0>,0,16,[4 8],1,-1,17,-1,1
1,<environment.Job instance at 0x7fcbde5965f0>,3,17,[ 4 10],4,-1,22,-1,5
1,<environment.Job instance at 0x7fcbde596870>,5,15,[8 3],6,-1,21,-1,6
1,<environment.Job instance at 0x7fcbde596910>,7,12,[9 2],8,-1,20,-1,8
1,<environment.Job instance at 0x7fcbde5964b0>,10,13,[10  5],11,-1,24,-1,11
1,<environment.Job instance at 0x7fcbde596a00>,12,22,[5 3],13,-1,35,-1,13
1,<environment.Job instance at 0x7fcbde596c80>,14,15,[4 7],15,-1,30,-1,15
1,<environment.Job instance at 0x7fcbde596cd0>,17,24,[2 8],18,-1,42,-1,18
1,<environment.Job instance at 0x7fcbdeb45af0>,21,16,[4 9],22,-1,38,-1,22
1,<environment.Job instance at 0x7fcbdeb45be0>,26,18,[7 1],27,-1,54,-1,36
1,<environment.Job instance at 0x7fcbdeb45eb0>,25,12,[5 2],26,-1,48,-1,36
1,<environment.Job instance at 0x7fcbdefb1050>,36,16,[9 3],37,-1,53,-1,37
1,<environment.Job instance at 0x7fcbdefb1a50>,37,1,[ 1 10],38,-1,39,-1,38
1,<environment.Job instance at 0x7fcbdefb1230>,38,16,[5 1],39,-1,55,-1,39
1,<environment.Job instance at 0x7fcbdefb1d20>,40,17,[4 7],41,-1,59,-1,42
1,<environment.Job instance at 0x7fcbddfd25a0>,41,14,[3 5],42,-1,56,-1,42
1,<environment.Job instance at 0x7fcbddfd2aa0>,42,14,[6 3],43,-1,57,-1,43
1,<environment.Job instance at 0x7fcbddfd2050>,52,16,[1 9],53,-1,75,-1,59
1,<environment.Job instance at 0x7fcbdefb1b90>,31,23,[9 4],32,-1,82,-1,59
1,<environment.Job instance at 0x7fcbdecdfa00>,54,12,[10  3],55,-1,71,-1,59
1,<environment.Job instance at 0x7fcbddfd2730>,50,18,[3 6],51,-1,82,-1,64
1,<environment.Job instance at 0x7fcbdecdfe60>,59,12,[4 8],60,-1,76,-1,64
1,<environment.Job instance at 0x7fcbdecdf1e0>,60,14,[1 9],61,-1,80,-1,66
1,<environment.Job instance at 0x7fcbdecdfe10>,62,12,[1 7],63,-1,78,-1,66
1,<environment.Job instance at 0x7fcbde303cd0>,64,17,[10  5],65,-1,83,-1,66
1,<environment.Job instance at 0x7fcbdeb572d0>,65,15,[1 6],66,-1,81,-1,66
1,<environment.Job instance at 0x7fcbdeb45b40>,23,26,[1 8],24,-1,92,-1,66
1,<environment.Job instance at 0x7fcbddfd20a0>,47,17,[4 6],48,-1,83,-1,66
1,<environment.Job instance at 0x7fcbdeb570f0>,67,16,[11  5],68,-1,85,-1,69
1,<environment.Job instance at 0x7fcbdf077a00>,75,17,[ 5 10],76,-1,100,-1,83
1,<environment.Job instance at 0x7fcbdef1caf0>,78,12,[6 1],79,-1,100,-1,88
1,<environment.Job instance at 0x7fcbdecdf820>,56,16,[2 7],57,-1,104,-1,88
1,<environment.Job instance at 0x7fcbdf279410>,81,2,[10  4],82,-1,90,-1,88
1,<environment.Job instance at 0x7fcbde793780>,70,14,[3 5],71,-1,102,-1,88
1,<environment.Job instance at 0x7fcbde5bb0a0>,80,15,[6 2],81,-1,103,-1,88
1,<environment.Job instance at 0x7fcbddf0c9b0>,83,16,[9 5],84,-1,106,-1,90
1,<environment.Job instance at 0x7fcbde9759b0>,84,16,[8 5],85,-1,106,-1,90
1,<environment.Job instance at 0x7fcbdf279230>,82,16,[5 3],83,-1,106,-1,90
1,<environment.Job instance at 0x7fcbdeb92b90>,76,12,[5 6],77,-1,102,-1,90
1,<environment.Job instance at 0x7fcbdeff0e60>,89,16,[6 2],90,-1,106,-1,90
1,<environment.Job instance at 0x7fcbdee3a500>,87,14,[ 5 10],88,-1,109,-1,95
1,<environment.Job instance at 0x7fcbdf6c1640>,95,22,[5 2],96,-1,118,-1,96
1,<environment.Job instance at 0x7fcbdf6c1550>,94,16,[7 3],95,-1,116,-1,100
1,<environment.Job instance at 0x7fcbdf6c15f0>,92,16,[9 3],93,-1,116,-1,100
1,<environment.Job instance at 0x7fcbdeba9be0>,101,28,[7 5],102,-1,136,-1,108
1,<environment.Job instance at 0x7fcbde5c6e10>,2,26,[1 5],3,-1,29,-1,3
1,<environment.Job instance at 0x7fcbdefc5d70>,17,24,[2 8],18,-1,66,-1,42
1,<environment.Job instance at 0x7fcbdefc3a00>,19,13,[14  2],20,-1,55,-1,42
1,<environment.Job instance at 0x7fcbdefc3690>,23,26,[1 8],24,-1,82,-1,56
1,<environment.Job instance at 0x7fcbdeffa320>,29,15,[ 1 14],30,-1,87,-1,72
1,<environment.Job instance at 0x7fcbdefecaf0>,31,23,[9 4],32,-1,98,-1,75
1,<environment.Job instance at 0x7fcbe7c91b90>,1,18,[4 9],2,-1,20,-1,2
1,<environment.Job instance at 0x7fcbe7c910f0>,2,18,[3 6],3,-1,21,-1,3
1,<environment.Job instance at 0x7fcbe7c910a0>,5,16,[2 7],6,-1,22,-1,6
1,<environment.Job instance at 0x7fcbde304690>,8,18,[8 3],9,-1,28,-1,10
1,<environment.Job instance at 0x7fcbde304a50>,12,15,[ 2 10],13,-1,28,-1,13
1,<environment.Job instance at 0x7fcbde3040a0>,13,18,[6 3],14,-1,32,-1,14
1,<environment.Job instance at 0x7fcbde304820>,14,17,[10  3],15,-1,32,-1,15
1,<environment.Job instance at 0x7fcbde304460>,17,18,[6 4],18,-1,36,-1,18
1,<environment.Job instance at 0x7fcbde5d43c0>,37,17,[13  5],38,-1,75,-1,58
1,<environment.Job instance at 0x7fcbde5d35f0>,41,17,[9 4],42,-1,75,-1,58
1,<environment.Job instance at 0x7fcbde5d3640>,46,16,[3 8],47,-1,75,-1,59
1,<environment.Job instance at 0x7fcbde5d3c30>,44,14,[9 5],45,-1,73,-1,59
1,<environment.Job instance at 0x7fcbde5d34b0>,47,18,[ 5 10],48,-1,77,-1,59
1,<environment.Job instance at 0x7fcbde5d3d70>,50,13,[7 3],51,-1,72,-1,59
1,<environment.Job instance at 0x7fcbde5d3050>,48,15,[1 8],49,-1,74,-1,59
1,<environment.Job instance at 0x7fcbde5e6190>,28,27,[1 7],29,-1,86,-1,59
1,<environment.Job instance at 0x7fcbde5a91e0>,53,1,[5 5],54,-1,60,-1,59
1,<environment.Job instance at 0x7fcbde5a93c0>,55,14,[8 4],56,-1,73,-1,59
1,<environment.Job instance at 0x7fcbde5a9fa0>,56,18,[ 2 10],57,-1,77,-1,59
1,<environment.Job instance at 0x7fcbde5a9640>,57,18,[5 9],58,-1,77,-1,59
1,<environment.Job instance at 0x7fcbde5a9870>,54,18,[ 2 10],55,-1,79,-1,61
1,<environment.Job instance at 0x7fcbde304050>,15,18,[ 2 11],16,-1,79,-1,61
1,<environment.Job instance at 0x7fcbde3040f0>,18,27,[5 1],19,-1,92,-1,65
1,<environment.Job instance at 0x7fcbde5d4550>,40,17,[5 9],41,-1,82,-1,65
1,<environment.Job instance at 0x7fcbde5a9b90>,61,14,[4 9],62,-1,90,-1,76
1,<environment.Job instance at 0x7fcbde5a9320>,60,17,[8 2],61,-1,93,-1,76
1,<environment.Job instance at 0x7fcbde5af550>,68,25,[5 5],69,-1,101,-1,76
1,<environment.Job instance at 0x7fcbde5af5f0>,70,18,[14  5],71,-1,94,-1,76
1,<environment.Job instance at 0x7fcbde5af640>,67,1,[3 5],68,-1,77,-1,76
1,<environment.Job instance at 0x7fcbde5afa00>,72,13,[3 7],73,-1,89,-1,76
1,<environment.Job instance at 0x7fcbde5a9460>,58,3,[6 2],59,-1,79,-1,76
1,<environment.Job instance at 0x7fcbde5afb40>,69,2,[5 1],70,-1,78,-1,76
1,<environment.Job instance at 0x7fcbde5aff50>,75,14,[5 9],76,-1,90,-1,76
1,<environment.Job instance at 0x7fcbde5af500>,74,14,[7 4],75,-1,90,-1,76
1,<environment.Job instance at 0x7fcbde5af870>,73,12,[1 8],74,-1,91,-1,79
1,<environment.Job instance at 0x7fcbde5aa820>,77,16,[3 5],78,-1,97,-1,81
1,<environment.Job instance at 0x7fcbde5aa780>,78,17,[2 7],79,-1,98,-1,81
1,<environment.Job instance at 0x7fcbde5aa960>,79,16,[8 5],80,-1,98,-1,82
1,<environment.Job instance at 0x7fcbde5aad70>,82,18,[5 6],83,-1,102,-1,84
1,<environment.Job instance at 0x7fcbde5aa8c0>,83,14,[4 8],84,-1,98,-1,84
1,<environment.Job instance at 0x7fcbde5aafa0>,84,18,[10  2],85,-1,103,-1,85
1,<environment.Job instance at 0x7fcbde5aa550>,85,17,[3 9],86,-1,103,-1,86
1,<environment.Job instance at 0x7fcbde5ca2d0>,94,13,[9 1],95,-1,121,-1,108
1,<environment.Job instance at 0x7fcbde5af690>,71,15,[ 1 12],72,-1,123,-1,108
1,<environment.Job instance at 0x7fcbde5ccd70>,98,18,[13  3],99,-1,126,-1,108
1,<environment.Job instance at 0x7fcbde5aae10>,80,22,[4 6],81,-1,131,-1,109
1,<environment.Job instance at 0x7fcbde5ca3c0>,96,3,[1 8],97,-1,112,-1,109
1,<environment.Job instance at 0x7fcbde5cac80>,97,3,[6 1],98,-1,112,-1,109
1,<environment.Job instance at 0x7fcbde451b90>,7,13,[13  4],8,-1,21,-1,8
1,<environment.Job instance at 0x7fcbde451d70>,11,3,[ 4 12],12,-1,24,-1,21
1,<environment.Job instance at 0x7fcbdea1feb0>,10,24,[10  5],11,-1,61,-1,37
1,<environment.Job instance at 0x7fcbdddcc3c0>,15,18,[ 2 11],16,-1,55,-1,37
1,<environment.Job instance at 0x7fcbde1cec80>,16,13,[11  3],17,-1,50,-1,37
1,<environment.Job instance at 0x7fcbde1ce5f0>,18,27,[5 1],19,-1,66,-1,39
1,<environment.Job instance at 0x7fcbde91f050>,28,27,[1 7],29,-1,101,-1,74
1,<environment.Job instance at 0x7fcbdf2d0500>,29,16,[12  5],30,-1,90,-1,74
1,<environment.Job instance at 0x7fcbddfd5280>,36,1,[14  4],37,-1,83,-1,82
1,<environment.Job instance at 0x7fcbde25bd20>,37,17,[13  5],38,-1,99,-1,82
1,<environment.Job instance at 0x7fcbde57e550>,1,22,[2 9],2,-1,24,-1,2
1,<environment.Job instance at 0x7fcbde63feb0>,5,16,[8 5],6,-1,22,-1,6
1,<environment.Job instance at 0x7fcbde63f230>,9,18,[7 2],10,-1,28,-1,10
1,<environment.Job instance at 0x7fcbdee19820>,17,13,[5 5],18,-1,32,-1,19
1,<environment.Job instance at 0x7fcbdee19af0>,19,2,[1 8],20,-1,22,-1,20
1,<environment.Job instance at 0x7fcbdee19a00>,20,12,[10  4],21,-1,33,-1,21
1,<environment.Job instance at 0x7fcbdee19c30>,21,12,[4 5],22,-1,34,-1,22
1,<environment.Job instance at 0x7fcbdee19f00>,22,18,[ 5 10],23,-1,41,-1,23
1,<environment.Job instance at 0x7fcbdee19f50>,18,18,[ 4 12],19,-1,42,-1,24
1,<environment.Job instance at 0x7fcbdee19a50>,24,26,[10  2],25,-1,52,-1,26
1,<environment.Job instance at 0x7fcbdee19c80>,26,16,[ 5 10],27,-1,43,-1,27
1,<environment.Job instance at 0x7fcbde1ca140>,32,20,[5 2],33,-1,53,-1,33
1,<environment.Job instance at 0x7fcbde1ca0f0>,33,14,[1 8],34,-1,48,-1,34
1,<environment.Job instance at 0x7fcbde1cacd0>,34,12,[3 9],35,-1,47,-1,35
1,<environment.Job instance at 0x7fcbde1bc7d0>,46,20,[4 9],47,-1,67,-1,47
1,<environment.Job instance at 0x7fcbde1bc5a0>,48,12,[1 6],49,-1,61,-1,49
1,<environment.Job instance at 0x7fcbde1b2fa0>,50,16,[6 2],51,-1,71,-1,55
1,<environment.Job instance at 0x7fcbde1b2280>,55,17,[4 9],56,-1,74,-1,57
1,<environment.Job instance at 0x7fcbde1b2aa0>,54,14,[10  4],55,-1,72,-1,58
1,<environment.Job instance at 0x7fcbde1b2370>,60,13,[10  1],61,-1,74,-1,61
1,<environment.Job instance at 0x7fcbde1b2af0>,61,16,[5 7],62,-1,78,-1,62
1,<environment.Job instance at 0x7fcbde1b2eb0>,62,19,[4 7],63,-1,82,-1,63
1,<environment.Job instance at 0x7fcbde1b28c0>,63,25,[9 3],64,-1,91,-1,66
1,<environment.Job instance at 0x7fcbdee32280>,66,19,[9 4],67,-1,86,-1,67
1,<environment.Job instance at 0x7fcbdee32320>,67,18,[4 7],68,-1,86,-1,68
1,<environment.Job instance at 0x7fcbdee32460>,70,26,[9 4],71,-1,98,-1,72
1,<environment.Job instance at 0x7fcbdee32f00>,73,18,[10  5],74,-1,92,-1,74
1,<environment.Job instance at 0x7fcbde1b2f00>,59,27,[ 5 11],60,-1,104,-1,77
1,<environment.Job instance at 0x7fcbdee32960>,71,14,[2 7],72,-1,91,-1,77
1,<environment.Job instance at 0x7fcbde1b2410>,53,21,[5 7],54,-1,98,-1,77
1,<environment.Job instance at 0x7fcbdee32fa0>,76,16,[5 2],77,-1,93,-1,77
1,<environment.Job instance at 0x7fcbdee32230>,78,24,[8 3],79,-1,103,-1,79
1,<environment.Job instance at 0x7fcbdee32190>,79,14,[3 5],80,-1,94,-1,80
1,<environment.Job instance at 0x7fcbde91f820>,82,15,[ 3 10],83,-1,98,-1,83
1,<environment.Job instance at 0x7fcbde91fd20>,83,2,[1 5],84,-1,86,-1,84
1,<environment.Job instance at 0x7fcbde91f780>,84,17,[9 5],85,-1,102,-1,85
1,<environment.Job instance at 0x7fcbde91f690>,85,14,[2 9],86,-1,100,-1,86
1,<environment.Job instance at 0x7fcbde91f500>,87,12,[ 3 10],88,-1,100,-1,88
1,<environment.Job instance at 0x7fcbde91f910>,89,19,[2 9],90,-1,109,-1,90
1,<environment.Job instance at 0x7fcbde91f640>,90,22,[1 9],91,-1,113,-1,91
1,<environment.Job instance at 0x7fcbe80365a0>,94,13,[10  5],95,-1,108,-1,95
1,<environment.Job instance at 0x7fcbde99daf0>,95,14,[10  1],96,-1,112,-1,98
1,<environment.Job instance at 0x7fcbde99d690>,99,17,[8 4],100,-1,117,-1,100
1,<environment.Job instance at 0x7fcbde99d640>,101,16,[2 6],102,-1,118,-1,102
1,<environment.Job instance at 0x7fcbde99dbe0>,102,17,[8 1],103,-1,120,-1,103
1,<environment.Job instance at 0x7fcbde99d0a0>,103,26,[2 9],104,-1,130,-1,104
1,<environment.Job instance at 0x7fcbdef18780>,105,17,[1 8],106,-1,123,-1,106
1,<environment.Job instance at 0x7fcbde002640>,3,3,[ 5 11],4,-1,7,-1,4
1,<environment.Job instance at 0x7fcbde69e050>,11,3,[ 3 11],12,-1,27,-1,24
1,<environment.Job instance at 0x7fcbdf0d2af0>,18,18,[ 4 12],19,-1,49,-1,31
1,<environment.Job instance at 0x7fcbde5dcc80>,24,26,[10  2],25,-1,83,-1,57
1,<environment.Job instance at 0x7fcbe7cd0320>,37,15,[13  3],38,-1,94,-1,79
1,<environment.Job instance at 0x7fcbdebe10a0>,51,2,[ 2 13],52,-1,109,-1,107
1,<environment.Job instance at 0x7fcbdf0b9320>,3,18,[1 8],4,-1,22,-1,4
1,<environment.Job instance at 0x7fcbdf0b72d0>,9,15,[8 4],10,-1,26,-1,11
1,<environment.Job instance at 0x7fcbdf0b7a50>,15,13,[2 6],16,-1,29,-1,16
1,<environment.Job instance at 0x7fcbde612870>,18,18,[5 6],19,-1,37,-1,19
1,<environment.Job instance at 0x7fcbde612230>,22,18,[7 3],23,-1,41,-1,23
1,<environment.Job instance at 0x7fcbde612b40>,23,13,[4 7],24,-1,37,-1,24
1,<environment.Job instance at 0x7fcbde6125f0>,25,16,[5 7],26,-1,42,-1,26
1,<environment.Job instance at 0x7fcbde6121e0>,26,12,[4 6],27,-1,40,-1,28
1,<environment.Job instance at 0x7fcbde61f910>,29,23,[5 5],30,-1,53,-1,30
1,<environment.Job instance at 0x7fcbde61f5f0>,30,17,[8 3],31,-1,48,-1,31
1,<environment.Job instance at 0x7fcbde61f960>,32,12,[5 4],33,-1,45,-1,33
1,<environment.Job instance at 0x7fcbdf0c55a0>,33,13,[10  3],34,-1,47,-1,34
1,<environment.Job instance at 0x7fcbdf0c5780>,34,17,[5 6],35,-1,52,-1,35
1,<environment.Job instance at 0x7fcbdf0c55f0>,35,24,[7 5],36,-1,60,-1,36
1,<environment.Job instance at 0x7fcbdf0c5140>,36,15,[1 5],37,-1,52,-1,37
1,<environment.Job instance at 0x7fcbdf0c5af0>,42,17,[3 8],43,-1,60,-1,43
1,<environment.Job instance at 0x7fcbdf0c5280>,46,13,[ 1 10],47,-1,60,-1,47
1,<environment.Job instance at 0x7fcbdf6528c0>,47,14,[9 3],48,-1,62,-1,48
1,<environment.Job instance at 0x7fcbde256c30>,49,15,[8 4],50,-1,65,-1,50
1,<environment.Job instance at 0x7fcbde256050>,51,15,[3 9],52,-1,67,-1,52
1,<environment.Job instance at 0x7fcbde256460>,52,16,[6 3],53,-1,69,-1,53
1,<environment.Job instance at 0x7fcbde256b40>,55,19,[8 1],56,-1,75,-1,56
1,<environment.Job instance at 0x7fcbde612690>,27,16,[3 5],28,-1,74,-1,58
1,<environment.Job instance at 0x7fcbde0cd0f0>,61,23,[7 5],62,-1,85,-1,62
1,<environment.Job instance at 0x7fcbdf2b7fa0>,62,28,[8 2],63,-1,91,-1,63
1,<environment.Job instance at 0x7fcbde9e4190>,63,22,[5 4],64,-1,86,-1,64
1,<environment.Job instance at 0x7fcbde7c1730>,65,17,[ 4 10],66,-1,83,-1,66
1,<environment.Job instance at 0x7fcbde0b7730>,84,26,[7 4],85,-1,111,-1,85
1,<environment.Job instance at 0x7fcbde0cf140>,73,18,[10  5],74,-1,107,-1,89
1,<environment.Job instance at 0x7fcbde0b7370>,83,18,[4 9],84,-1,107,-1,89
1,<environment.Job instance at 0x7fcbde9e1a00>,89,12,[9 3],90,-1,104,-1,92
1,<environment.Job instance at 0x7fcbde0b3730>,91,13,[5 5],92,-1,105,-1,92
1,<environment.Job instance at 0x7fcbde0b3370>,94,17,[10  4],95,-1,112,-1,95
1,<environment.Job instance at 0x7fcbdf059410>,1,17,[13  5],2,-1,19,-1,2
1,<environment.Job instance at 0x7fcbdf1de050>,29,23,[5 5],30,-1,96,-1,73
1,<environment.Job instance at 0x7fcbde788190>,37,3,[ 2 13],38,-1,107,-1,104
1,<environment.Job instance at 0x7fcbde6e6e60>,0,17,[2 8],1,-1,19,-1,2
1,<environment.Job instance at 0x7fcbde6e6910>,2,12,[10  3],3,-1,16,-1,4
1,<environment.Job instance at 0x7fcbde6e6c30>,4,16,[6 3],5,-1,21,-1,5
1,<environment.Job instance at 0x7fcbde6e6460>,6,12,[1 9],7,-1,19,-1,7
1,<environment.Job instance at 0x7fcbde785690>,7,18,[7 1],8,-1,26,-1,8
1,<environment.Job instance at 0x7fcbde785cd0>,8,16,[10  3],9,-1,25,-1,9
1,<environment.Job instance at 0x7fcbde785960>,9,15,[9 3],10,-1,25,-1,10
1,<environment.Job instance at 0x7fcbde785320>,12,22,[6 2],13,-1,35,-1,13
1,<environment.Job instance at 0x7fcbde785370>,13,16,[4 9],14,-1,30,-1,14
1,<environment.Job instance at 0x7fcbde7855f0>,14,23,[6 5],15,-1,38,-1,15
1,<environment.Job instance at 0x7fcbde6e6370>,3,13,[5 1],4,-1,30,-1,17
1,<environment.Job instance at 0x7fcbde6d3410>,23,21,[7 4],24,-1,47,-1,26
1,<environment.Job instance at 0x7fcbde6d3140>,25,15,[ 5 11],26,-1,42,-1,27
1,<environment.Job instance at 0x7fcbdf059370>,30,26,[5 7],31,-1,57,-1,31
1,<environment.Job instance at 0x7fcbde47df00>,39,27,[5 9],40,-1,67,-1,40
1,<environment.Job instance at 0x7fcbdf0597d0>,38,18,[5 6],39,-1,63,-1,45
1,<environment.Job instance at 0x7fcbdf0592d0>,31,16,[ 2 10],32,-1,61,-1,45
1,<environment.Job instance at 0x7fcbdf0595f0>,34,20,[5 9],35,-1,66,-1,46
1,<environment.Job instance at 0x7fcbde47d410>,45,16,[10  2],46,-1,68,-1,52
1,<environment.Job instance at 0x7fcbde47dd70>,44,16,[5 6],45,-1,68,-1,52
1,<environment.Job instance at 0x7fcbde47d3c0>,42,26,[ 1 10],43,-1,78,-1,52
1,<environment.Job instance at 0x7fcbde47daf0>,50,20,[5 8],51,-1,72,-1,52
1,<environment.Job instance at 0x7fcbdf05e960>,57,14,[8 3],58,-1,73,-1,59
1,<environment.Job instance at 0x7fcbdf05e190>,58,14,[7 5],59,-1,73,-1,59
1,<environment.Job instance at 0x7fcbde47df50>,43,28,[3 5],44,-1,89,-1,61
1,<environment.Job instance at 0x7fcbdf05e690>,60,21,[5 2],61,-1,82,-1,61
1,<environment.Job instance at 0x7fcbdf05e460>,61,12,[7 5],62,-1,74,-1,62
1,<environment.Job instance at 0x7fcbde7db690>,62,16,[11  5],63,-1,79,-1,63
1,<environment.Job instance at 0x7fcbde7dbbe0>,64,18,[3 8],65,-1,83,-1,65
1,<environment.Job instance at 0x7fcbde7dbb90>,66,14,[3 9],67,-1,81,-1,67
1,<environment.Job instance at 0x7fcbdf05e5f0>,56,18,[3 5],57,-1,87,-1,69
1,<environment.Job instance at 0x7fcbde7db960>,69,3,[ 4 10],70,-1,74,-1,71
1,<environment.Job instance at 0x7fcbde7dbf50>,71,17,[2 9],72,-1,90,-1,73
1,<environment.Job instance at 0x7fcbde7ae910>,76,12,[9 1],77,-1,91,-1,79
1,<environment.Job instance at 0x7fcbde7ae500>,80,12,[3 8],81,-1,93,-1,81
1,<environment.Job instance at 0x7fcbdf1f91e0>,84,18,[6 3],85,-1,103,-1,85
1,<environment.Job instance at 0x7fcbdf1f9dc0>,85,23,[7 4],86,-1,109,-1,86
1,<environment.Job instance at 0x7fcbdf1f9e60>,86,23,[5 6],87,-1,110,-1,87
1,<environment.Job instance at 0x7fcbdf1f9fa0>,87,16,[2 6],88,-1,104,-1,88
1,<environment.Job instance at 0x7fcbdf1f9aa0>,88,25,[ 5 10],89,-1,114,-1,89
1,<environment.Job instance at 0x7fcbdf1f99b0>,89,15,[5 3],90,-1,105,-1,90
1,<environment.Job instance at 0x7fcbdf1f9a50>,90,17,[6 4],91,-1,108,-1,91
1,<environment.Job instance at 0x7fcbdf1f9870>,95,15,[9 5],96,-1,111,-1,96
1,<environment.Job instance at 0x7fcbdef16d20>,100,13,[6 5],101,-1,122,-1,109
1,<environment.Job instance at 0x7fcbdf075aa0>,14,23,[6 5],15,-1,55,-1,32
1,<environment.Job instance at 0x7fcbde6d33c0>,25,15,[ 5 11],26,-1,81,-1,66
1,<environment.Job instance at 0x7fcbdf059b90>,30,26,[5 7],31,-1,98,-1,72
1,<environment.Job instance at 0x7fcbde47daa0>,39,27,[5 9],40,-1,118,-1,91
1,<environment.Job instance at 0x7fcbdef0f730>,43,28,[3 5],44,-1,134,-1,106
1,<environment.Job instance at 0x7fcbdeaa1be0>,5,15,[8 2],6,-1,21,-1,6
1,<environment.Job instance at 0x7fcbdea6b190>,11,18,[6 1],12,-1,31,-1,13
1,<environment.Job instance at 0x7fcbdea6b3c0>,13,14,[2 9],14,-1,28,-1,14
1,<environment.Job instance at 0x7fcbdea6b0a0>,14,12,[9 4],15,-1,29,-1,17
1,<environment.Job instance at 0x7fcbdea6b960>,20,25,[8 3],21,-1,46,-1,21
1,<environment.Job instance at 0x7fcbdea6baf0>,21,27,[8 1],22,-1,49,-1,22
1,<environment.Job instance at 0x7fcbdea6bdc0>,26,17,[3 8],27,-1,44,-1,27
1,<environment.Job instance at 0x7fcbdea71190>,27,27,[2 6],28,-1,55,-1,28
1,<environment.Job instance at 0x7fcbdea71230>,29,18,[5 2],30,-1,48,-1,30
1,<environment.Job instance at 0x7fcbdea715a0>,32,13,[9 4],33,-1,48,-1,35
1,<environment.Job instance at 0x7fcbdea71a00>,35,18,[5 5],36,-1,54,-1,36
1,<environment.Job instance at 0x7fcbdea71af0>,36,14,[10  1],37,-1,52,-1,38
1,<environment.Job instance at 0x7fcbdea71b90>,38,14,[3 7],39,-1,53,-1,39
1,<environment.Job instance at 0x7fcbdea71780>,37,26,[ 5 10],38,-1,66,-1,40
1,<environment.Job instance at 0x7fcbdea719b0>,40,17,[4 8],41,-1,58,-1,41
1,<environment.Job instance at 0x7fcbdea71d70>,41,17,[3 6],42,-1,59,-1,42
1,<environment.Job instance at 0x7fcbdea71cd0>,42,17,[ 4 10],43,-1,60,-1,43
1,<environment.Job instance at 0x7fcbde2865a0>,49,18,[5 5],50,-1,68,-1,50
1,<environment.Job instance at 0x7fcbde286780>,51,18,[5 5],52,-1,70,-1,52
1,<environment.Job instance at 0x7fcbdeb01280>,54,17,[6 1],55,-1,72,-1,55
1,<environment.Job instance at 0x7fcbdea973c0>,56,17,[3 7],57,-1,74,-1,57
1,<environment.Job instance at 0x7fcbdea972d0>,60,14,[7 4],61,-1,76,-1,62
1,<environment.Job instance at 0x7fcbdddf8af0>,61,17,[ 4 10],62,-1,80,-1,63
1,<environment.Job instance at 0x7fcbde8daf00>,64,23,[2 9],65,-1,89,-1,66
1,<environment.Job instance at 0x7fcbde021190>,67,15,[5 1],68,-1,83,-1,68
1,<environment.Job instance at 0x7fcbdf2c3e60>,69,13,[6 1],70,-1,83,-1,70
1,<environment.Job instance at 0x7fcbde8dd910>,70,12,[ 4 10],71,-1,83,-1,71
1,<environment.Job instance at 0x7fcbde8dd410>,71,17,[6 1],72,-1,89,-1,72
1,<environment.Job instance at 0x7fcbde9dff50>,72,16,[9 2],73,-1,89,-1,73
1,<environment.Job instance at 0x7fcbde9abeb0>,73,15,[5 8],74,-1,89,-1,74
1,<environment.Job instance at 0x7fcbde8dcf50>,78,26,[2 5],79,-1,105,-1,79
1,<environment.Job instance at 0x7fcbde8db960>,79,28,[4 8],80,-1,108,-1,80
1,<environment.Job instance at 0x7fcbde8db640>,80,28,[1 5],81,-1,109,-1,81
1,<environment.Job instance at 0x7fcbdeaa6f00>,83,13,[10  1],84,-1,97,-1,84
1,<environment.Job instance at 0x7fcbdea8f550>,86,22,[7 4],87,-1,109,-1,87
1,<environment.Job instance at 0x7fcbdea96320>,88,18,[5 5],89,-1,107,-1,89
1,<environment.Job instance at 0x7fcbdea96f00>,89,15,[3 6],90,-1,105,-1,90
1,<environment.Job instance at 0x7fcbde3cf280>,94,18,[ 2 10],95,-1,113,-1,95
1,<environment.Job instance at 0x7fcbde3cfaa0>,98,14,[9 3],99,-1,113,-1,99
1,<environment.Job instance at 0x7fcbde3cf9b0>,102,18,[7 2],103,-1,121,-1,103
1,<environment.Job instance at 0x7fcbde3b53c0>,104,16,[5 8],105,-1,121,-1,105
1,<environment.Job instance at 0x7fcbde3b5c80>,105,16,[2 7],106,-1,122,-1,106
1,<environment.Job instance at 0x7fcbddf575f0>,7,2,[ 5 11],8,-1,10,-1,8
1,<environment.Job instance at 0x7fcbde8ce140>,8,12,[12  2],9,-1,21,-1,9
1,<environment.Job instance at 0x7fcbde8ce640>,10,2,[ 4 14],11,-1,13,-1,11
1,<environment.Job instance at 0x7fcbdddeee10>,20,25,[8 3],21,-1,57,-1,32
1,<environment.Job instance at 0x7fcbde0c0140>,21,27,[8 1],22,-1,59,-1,32
1,<environment.Job instance at 0x7fcbde97dd20>,27,27,[2 6],28,-1,77,-1,50
1,<environment.Job instance at 0x7fcbdf50d820>,37,26,[ 5 10],38,-1,98,-1,72
1,<environment.Job instance at 0x7fcbde7ae190>,39,1,[12  4],40,-1,73,-1,72
1,<environment.Job instance at 0x7fcbdf516690>,44,1,[ 1 11],45,-1,104,-1,103
1,<environment.Job instance at 0x7fcbdf516460>,45,1,[ 3 14],46,-1,104,-1,103
1,<environment.Job instance at 0x7fcbdefe71e0>,6,20,[10  4],7,-1,27,-1,7
1,<environment.Job instance at 0x7fcbdefe7960>,9,13,[3 6],10,-1,23,-1,10
1,<environment.Job instance at 0x7fcbdf711230>,15,17,[5 8],16,-1,33,-1,16
1,<environment.Job instance at 0x7fcbdefc5730>,20,16,[8 2],21,-1,38,-1,22
1,<environment.Job instance at 0x7fcbdefc55a0>,22,17,[5 5],23,-1,40,-1,23
1,<environment.Job instance at 0x7fcbdefc5500>,23,24,[9 2],24,-1,48,-1,24
1,<environment.Job instance at 0x7fcbdefc5190>,21,12,[9 4],22,-1,36,-1,24
1,<environment.Job instance at 0x7fcbdf280050>,29,15,[10  5],30,-1,45,-1,30
1,<environment.Job instance at 0x7fcbdf280d20>,30,12,[9 2],31,-1,44,-1,32
1,<environment.Job instance at 0x7fcbdf280a50>,32,15,[4 9],33,-1,48,-1,33
1,<environment.Job instance at 0x7fcbdf280500>,33,13,[7 3],34,-1,47,-1,34
1,<environment.Job instance at 0x7fcbdf280460>,31,24,[2 6],32,-1,59,-1,35
1,<environment.Job instance at 0x7fcbdeb263c0>,39,16,[ 1 10],40,-1,57,-1,41
1,<environment.Job instance at 0x7fcbdeb26820>,43,21,[5 4],44,-1,65,-1,44
1,<environment.Job instance at 0x7fcbdeb26eb0>,44,17,[11  5],45,-1,62,-1,45
1,<environment.Job instance at 0x7fcbdeb26370>,46,12,[10  3],47,-1,62,-1,50
1,<environment.Job instance at 0x7fcbdeba4870>,51,12,[4 6],52,-1,64,-1,52
1,<environment.Job instance at 0x7fcbdeba4550>,52,18,[10  3],53,-1,71,-1,53
1,<environment.Job instance at 0x7fcbdeba4640>,54,24,[5 8],55,-1,79,-1,55
1,<environment.Job instance at 0x7fcbdeba4e60>,56,24,[10  2],57,-1,81,-1,57
1,<environment.Job instance at 0x7fcbdeba4050>,57,18,[3 8],58,-1,76,-1,58
1,<environment.Job instance at 0x7fcbdf573640>,62,13,[3 6],63,-1,76,-1,63
1,<environment.Job instance at 0x7fcbdf573fa0>,63,17,[7 2],64,-1,81,-1,64
1,<environment.Job instance at 0x7fcbdf573500>,64,18,[1 8],65,-1,83,-1,65
1,<environment.Job instance at 0x7fcbdeb26aa0>,49,14,[5 9],50,-1,80,-1,66
1,<environment.Job instance at 0x7fcbdf573c80>,66,23,[9 5],67,-1,90,-1,67
1,<environment.Job instance at 0x7fcbdf573c30>,67,18,[1 8],68,-1,88,-1,70
1,<environment.Job instance at 0x7fcbdf573d70>,69,17,[6 3],70,-1,87,-1,70
1,<environment.Job instance at 0x7fcbdf573550>,72,18,[1 6],73,-1,92,-1,74
1,<environment.Job instance at 0x7fcbdf573230>,73,17,[10  3],74,-1,91,-1,74
1,<environment.Job instance at 0x7fcbdf573e10>,75,16,[7 4],76,-1,92,-1,76
1,<environment.Job instance at 0x7fcbdeca8c30>,83,27,[5 6],84,-1,111,-1,84
1,<environment.Job instance at 0x7fcbde7855a0>,23,24,[9 2],24,-1,76,-1,52
1,<environment.Job instance at 0x7fcbdf1e30f0>,31,24,[2 6],32,-1,90,-1,66
1,<environment.Job instance at 0x7fcbde7db2d0>,44,17,[11  5],45,-1,121,-1,104
1,<environment.Job instance at 0x7fcbdf516c80>,45,15,[ 2 12],46,-1,119,-1,104
1,<environment.Job instance at 0x7fcbde480c30>,0,16,[10  3],1,-1,20,-1,4
1,<environment.Job instance at 0x7fcbdedd7e10>,3,12,[9 4],4,-1,17,-1,5
1,<environment.Job instance at 0x7fcbdeb5bcd0>,10,14,[11  5],11,-1,25,-1,11
1,<environment.Job instance at 0x7fcbdf251eb0>,11,13,[ 1 10],12,-1,25,-1,12
1,<environment.Job instance at 0x7fcbdf251230>,12,17,[3 8],13,-1,30,-1,13
1,<environment.Job instance at 0x7fcbde425be0>,13,14,[4 9],14,-1,28,-1,14
1,<environment.Job instance at 0x7fcbdebea2d0>,14,28,[4 7],15,-1,43,-1,15
1,<environment.Job instance at 0x7fcbdebeaa50>,15,13,[ 3 10],16,-1,29,-1,16
1,<environment.Job instance at 0x7fcbdebeabe0>,18,14,[10  3],19,-1,34,-1,20
1,<environment.Job instance at 0x7fcbdef28e10>,19,18,[8 2],20,-1,38,-1,20
1,<environment.Job instance at 0x7fcbdebea3c0>,20,24,[9 4],21,-1,45,-1,21
1,<environment.Job instance at 0x7fcbddf52550>,25,12,[2 6],26,-1,38,-1,26
1,<environment.Job instance at 0x7fcbddf527d0>,26,18,[10  1],27,-1,45,-1,27
1,<environment.Job instance at 0x7fcbde150280>,28,16,[7 1],29,-1,45,-1,29
1,<environment.Job instance at 0x7fcbdec05230>,29,15,[ 4 10],30,-1,45,-1,30
1,<environment.Job instance at 0x7fcbdeffc050>,30,17,[3 8],31,-1,48,-1,31
1,<environment.Job instance at 0x7fcbdeffcc30>,33,17,[7 3],34,-1,51,-1,34
1,<environment.Job instance at 0x7fcbdeb97230>,35,12,[5 5],36,-1,48,-1,36
1,<environment.Job instance at 0x7fcbdeb97730>,36,12,[4 6],37,-1,49,-1,37
1,<environment.Job instance at 0x7fcbde5b30f0>,37,18,[3 9],38,-1,56,-1,38
1,<environment.Job instance at 0x7fcbde609be0>,43,17,[10  3],44,-1,61,-1,44
1,<environment.Job instance at 0x7fcbde609960>,46,16,[2 9],47,-1,63,-1,47
1,<environment.Job instance at 0x7fcbdefd3cd0>,47,22,[10  4],48,-1,70,-1,48
1,<environment.Job instance at 0x7fcbdefd35a0>,48,21,[7 1],49,-1,70,-1,49
1,<environment.Job instance at 0x7fcbdefd3e10>,52,21,[5 3],53,-1,74,-1,53
1,<environment.Job instance at 0x7fcbde010e60>,54,15,[4 8],55,-1,70,-1,55
1,<environment.Job instance at 0x7fcbe82becd0>,59,13,[3 8],60,-1,73,-1,60
1,<environment.Job instance at 0x7fcbde9d1190>,62,13,[2 6],63,-1,77,-1,64
1,<environment.Job instance at 0x7fcbded81960>,66,21,[10  2],67,-1,88,-1,67
1,<environment.Job instance at 0x7fcbdef0f780>,67,15,[5 1],68,-1,83,-1,68
1,<environment.Job instance at 0x7fcbdef0faa0>,68,12,[1 5],69,-1,81,-1,69
1,<environment.Job instance at 0x7fcbe82ac2d0>,72,15,[3 8],73,-1,88,-1,73
1,<environment.Job instance at 0x7fcbddf55aa0>,74,16,[8 4],75,-1,91,-1,75
1,<environment.Job instance at 0x7fcbddf55780>,76,14,[ 2 10],77,-1,91,-1,77
1,<environment.Job instance at 0x7fcbdea072d0>,77,14,[7 4],78,-1,92,-1,78
1,<environment.Job instance at 0x7fcbdea07b90>,78,14,[6 4],79,-1,93,-1,79
1,<environment.Job instance at 0x7fcbde60b3c0>,80,25,[ 4 10],81,-1,106,-1,81
1,<environment.Job instance at 0x7fcbde60b550>,81,22,[9 1],82,-1,104,-1,82
1,<environment.Job instance at 0x7fcbde60bdc0>,82,14,[7 5],83,-1,97,-1,83
1,<environment.Job instance at 0x7fcbdf1cc8c0>,84,14,[ 2 11],85,-1,99,-1,85
1,<environment.Job instance at 0x7fcbdf1cc050>,85,18,[2 9],86,-1,104,-1,86
1,<environment.Job instance at 0x7fcbdf1cc5a0>,86,18,[10  3],87,-1,105,-1,87
1,<environment.Job instance at 0x7fcbdf1cc550>,87,19,[ 2 10],88,-1,107,-1,88
1,<environment.Job instance at 0x7fcbde2b1be0>,89,17,[1 5],90,-1,107,-1,90
1,<environment.Job instance at 0x7fcbddf62a00>,93,15,[5 7],94,-1,109,-1,94
1,<environment.Job instance at 0x7fcbddf629b0>,94,16,[2 8],95,-1,111,-1,95
1,<environment.Job instance at 0x7fcbdeb93910>,97,17,[ 5 10],98,-1,115,-1,98
1,<environment.Job instance at 0x7fcbdeb93780>,99,16,[5 5],100,-1,116,-1,100
1,<environment.Job instance at 0x7fcbde6a2b40>,101,14,[4 8],102,-1,116,-1,102
1,<environment.Job instance at 0x7fcbde7172d0>,10,14,[11  5],11,-1,31,-1,17
1,<environment.Job instance at 0x7fcbdef323c0>,14,28,[4 7],15,-1,59,-1,31
1,<environment.Job instance at 0x7fcbde9bcb40>,20,24,[9 4],21,-1,79,-1,55
1,<environment.Job instance at 0x7fcbdef287d0>,23,2,[12  3],24,-1,57,-1,55
1,<environment.Job instance at 0x7fcbde76ac80>,31,16,[12  1],32,-1,107,-1,91
1,<environment.Job instance at 0x7fcbdf2c31e0>,5,18,[7 4],6,-1,24,-1,6
1,<environment.Job instance at 0x7fcbdf2c3550>,9,17,[4 6],10,-1,27,-1,10
1,<environment.Job instance at 0x7fcbdef0c5f0>,15,17,[4 6],16,-1,33,-1,16
1,<environment.Job instance at 0x7fcbdef0ce60>,16,15,[10  5],17,-1,37,-1,22
1,<environment.Job instance at 0x7fcbdf45cd20>,22,17,[ 1 10],23,-1,40,-1,23
1,<environment.Job instance at 0x7fcbe7d28af0>,23,14,[5 4],24,-1,38,-1,24
1,<environment.Job instance at 0x7fcbe7d28f50>,24,15,[7 5],25,-1,40,-1,25
1,<environment.Job instance at 0x7fcbde2f1190>,26,15,[5 5],27,-1,42,-1,27
1,<environment.Job instance at 0x7fcbdf3f5b90>,27,17,[9 4],28,-1,45,-1,28
1,<environment.Job instance at 0x7fcbdebb5be0>,28,12,[3 7],29,-1,41,-1,29
1,<environment.Job instance at 0x7fcbdf15c2d0>,30,18,[2 9],31,-1,49,-1,31
1,<environment.Job instance at 0x7fcbdf15cb40>,32,16,[2 8],33,-1,49,-1,33
1,<environment.Job instance at 0x7fcbde7645a0>,34,14,[7 2],35,-1,49,-1,35
1,<environment.Job instance at 0x7fcbde307410>,36,13,[10  2],37,-1,50,-1,37
1,<environment.Job instance at 0x7fcbdeb7eb40>,39,20,[7 2],40,-1,60,-1,40
1,<environment.Job instance at 0x7fcbde75d4b0>,40,16,[1 9],41,-1,57,-1,41
1,<environment.Job instance at 0x7fcbde75d190>,42,16,[5 3],43,-1,59,-1,43
1,<environment.Job instance at 0x7fcbdedbe6e0>,21,13,[ 3 11],22,-1,56,-1,43
1,<environment.Job instance at 0x7fcbde75d410>,43,15,[9 4],44,-1,59,-1,44
1,<environment.Job instance at 0x7fcbde72c690>,47,12,[ 2 10],48,-1,60,-1,48
1,<environment.Job instance at 0x7fcbde72cf00>,51,14,[ 5 10],52,-1,66,-1,52
1,<environment.Job instance at 0x7fcbde72c230>,52,17,[5 8],53,-1,70,-1,53
1,<environment.Job instance at 0x7fcbde72caa0>,53,14,[5 7],54,-1,68,-1,54
1,<environment.Job instance at 0x7fcbde72cc80>,54,19,[3 7],55,-1,74,-1,55
1,<environment.Job instance at 0x7fcbde75beb0>,57,23,[3 5],58,-1,81,-1,58
1,<environment.Job instance at 0x7fcbdeb91af0>,58,16,[1 9],59,-1,75,-1,59
1,<environment.Job instance at 0x7fcbde7340a0>,59,16,[1 8],60,-1,76,-1,60
1,<environment.Job instance at 0x7fcbde734140>,60,28,[2 6],61,-1,89,-1,61
1,<environment.Job instance at 0x7fcbde734820>,66,16,[6 2],67,-1,83,-1,67
1,<environment.Job instance at 0x7fcbde734b40>,69,23,[8 2],70,-1,93,-1,70
1,<environment.Job instance at 0x7fcbde734af0>,71,16,[1 7],72,-1,88,-1,72
1,<environment.Job instance at 0x7fcbde734d70>,73,19,[3 9],74,-1,93,-1,74
1,<environment.Job instance at 0x7fcbde72a0a0>,75,17,[9 1],76,-1,93,-1,76
1,<environment.Job instance at 0x7fcbde72a190>,77,14,[5 6],78,-1,92,-1,78
1,<environment.Job instance at 0x7fcbde72a370>,79,18,[5 3],80,-1,98,-1,80
1,<environment.Job instance at 0x7fcbde72a500>,81,20,[10  2],82,-1,102,-1,82
1,<environment.Job instance at 0x7fcbde72aa00>,84,14,[ 3 10],85,-1,99,-1,85
1,<environment.Job instance at 0x7fcbde72a870>,85,15,[2 6],86,-1,101,-1,86
1,<environment.Job instance at 0x7fcbde72ab40>,87,18,[1 8],88,-1,106,-1,88
1,<environment.Job instance at 0x7fcbde72aeb0>,90,18,[8 3],91,-1,109,-1,91
1,<environment.Job instance at 0x7fcbde7301e0>,93,17,[6 1],94,-1,111,-1,94
1,<environment.Job instance at 0x7fcbde730410>,97,20,[1 5],98,-1,118,-1,98
1,<environment.Job instance at 0x7fcbde730780>,98,27,[6 3],99,-1,126,-1,99
1,<environment.Job instance at 0x7fcbde7305a0>,99,27,[3 5],100,-1,127,-1,100
1,<environment.Job instance at 0x7fcbde7308c0>,101,16,[5 5],102,-1,118,-1,102
1,<environment.Job instance at 0x7fcbdf2e7870>,14,12,[ 4 13],15,-1,31,-1,19
1,<environment.Job instance at 0x7fcbdf697820>,20,2,[ 2 12],21,-1,37,-1,35
1,<environment.Job instance at 0x7fcbdf2e72d0>,21,13,[ 3 11],22,-1,48,-1,35
1,<environment.Job instance at 0x7fcbdeb40cd0>,35,1,[14  5],36,-1,99,-1,98
1,<environment.Job instance at 0x7fcbdeb40aa0>,37,2,[ 5 12],38,-1,100,-1,98
1,<environment.Job instance at 0x7f207ee866e0>,0,13,[9 3],1,-1,15,-1,2
1,<environment.Job instance at 0x7f207ee868c0>,1,22,[11  3],2,-1,24,-1,2
1,<environment.Job instance at 0x7f207ee86730>,2,22,[4 8],3,-1,25,-1,3
1,<environment.Job instance at 0x7f2075840140>,9,18,[11  5],10,-1,28,-1,10
1,<environment.Job instance at 0x7f20758400a0>,11,15,[4 8],12,-1,27,-1,12
1,<environment.Job instance at 0x7f20758403c0>,12,26,[ 1 10],13,-1,39,-1,13
1,<environment.Job instance at 0x7f20758402d0>,13,18,[ 4 10],14,-1,32,-1,14
1,<environment.Job instance at 0x7f2075840500>,15,18,[2 8],16,-1,34,-1,16
1,<environment.Job instance at 0x7f20758406e0>,16,16,[3 5],17,-1,33,-1,17
1,<environment.Job instance at 0x7f2075840c30>,23,27,[1 6],24,-1,51,-1,24
1,<environment.Job instance at 0x7f2075840dc0>,24,18,[2 6],25,-1,43,-1,25
1,<environment.Job instance at 0x7f2075844140>,27,15,[8 4],28,-1,43,-1,28
1,<environment.Job instance at 0x7f20758442d0>,28,23,[10  4],29,-1,52,-1,29
1,<environment.Job instance at 0x7f20758440f0>,29,12,[5 4],30,-1,42,-1,30
1,<environment.Job instance at 0x7f20758443c0>,30,14,[5 2],31,-1,45,-1,31
1,<environment.Job instance at 0x7f2075844460>,31,14,[2 5],32,-1,46,-1,32
1,<environment.Job instance at 0x7f20758445a0>,33,14,[5 5],34,-1,48,-1,34
1,<environment.Job instance at 0x7f20758445f0>,35,15,[9 5],36,-1,52,-1,37
1,<environment.Job instance at 0x7f2075844c80>,40,15,[10  3],41,-1,57,-1,42
1,<environment.Job instance at 0x7f2075844dc0>,43,18,[5 5],44,-1,62,-1,44
1,<environment.Job instance at 0x7f2075846140>,45,13,[6 5],46,-1,60,-1,47
1,<environment.Job instance at 0x7f2075846230>,46,17,[12  2],47,-1,64,-1,47
1,<environment.Job instance at 0x7f2075846870>,54,13,[13  1],55,-1,70,-1,57
1,<environment.Job instance at 0x7f2075846410>,49,16,[2 5],50,-1,74,-1,58
1,<environment.Job instance at 0x7f20758469b0>,56,17,[8 5],57,-1,75,-1,58
1,<environment.Job instance at 0x7f20758463c0>,48,15,[10  1],49,-1,73,-1,58
1,<environment.Job instance at 0x7f2075848140>,62,22,[6 4],63,-1,91,-1,69
1,<environment.Job instance at 0x7f2075846d70>,59,17,[1 6],60,-1,89,-1,72
1,<environment.Job instance at 0x7f2075846cd0>,57,18,[2 8],58,-1,91,-1,73
1,<environment.Job instance at 0x7f2075848460>,67,27,[ 1 10],68,-1,100,-1,73
1,<environment.Job instance at 0x7f2075848320>,64,18,[2 9],65,-1,93,-1,75
1,<environment.Job instance at 0x7f2075846820>,53,17,[5 7],54,-1,92,-1,75
1,<environment.Job instance at 0x7f20758485a0>,69,13,[ 3 12],70,-1,89,-1,76
1,<environment.Job instance at 0x7f2075848fa0>,76,19,[4 8],77,-1,96,-1,77
1,<environment.Job instance at 0x7f2075848190>,65,20,[2 6],66,-1,99,-1,79
1,<environment.Job instance at 0x7f2075848dc0>,78,12,[10  2],79,-1,91,-1,79
1,<environment.Job instance at 0x7f2075848f00>,77,13,[8 5],78,-1,92,-1,79
1,<environment.Job instance at 0x7f2075848b90>,74,14,[5 1],75,-1,94,-1,80
1,<environment.Job instance at 0x7f207584a1e0>,79,13,[9 4],80,-1,94,-1,81
1,<environment.Job instance at 0x7f207584a2d0>,82,16,[ 4 10],83,-1,116,-1,100
1,<environment.Job instance at 0x7f207584a370>,84,18,[3 7],85,-1,120,-1,102
1,<environment.Job instance at 0x7f207584a500>,85,17,[3 9],86,-1,119,-1,102
1,<environment.Job instance at 0x7f207584a460>,83,20,[7 1],84,-1,124,-1,104
1,<environment.Job instance at 0x7f20758465a0>,50,16,[12  2],51,-1,121,-1,105
1,<environment.Job instance at 0x7f207584a960>,92,20,[1 5],93,-1,126,-1,106
1,<environment.Job instance at 0x7f2075848f50>,75,14,[ 4 11],76,-1,120,-1,106
1,<environment.Job instance at 0x7f207584ab40>,95,15,[5 7],96,-1,121,-1,106
1,<environment.Job instance at 0x7f207584adc0>,99,18,[12  5],100,-1,124,-1,106
1,<environment.Job instance at 0x7f207eecc140>,100,18,[2 7],101,-1,126,-1,108
1,<environment.Job instance at 0x7f207eebc780>,101,18,[ 1 10],102,-1,127,-1,109
1,<environment.Job instance at 0x7f2075837050>,102,16,[3 9],103,-1,125,-1,109
1,<environment.Job instance at 0x7f207586d8c0>,103,16,[1 6],104,-1,125,-1,109
1,<environment.Job instance at 0x7f207587b500>,104,15,[1 9],105,-1,124,-1,109
1,<environment.Job instance at 0x7f20759dc2d0>,107,17,[9 3],108,-1,131,-1,114
1,<environment.Job instance at 0x7f2075887f50>,106,15,[11  1],107,-1,130,-1,115
1,<environment.Job instance at 0x7f207584a5a0>,86,18,[9 2],87,-1,133,-1,115
1,<environment.Job instance at 0x7f2075973d70>,113,15,[6 1],114,-1,131,-1,116
1,<environment.Job instance at 0x7f2075970690>,115,16,[7 5],116,-1,133,-1,117
1,<environment.Job instance at 0x7f20758409b0>,1,22,[11  3],2,-1,24,-1,2
1,<environment.Job instance at 0x7f2075844a00>,9,18,[11  5],10,-1,32,-1,14
1,<environment.Job instance at 0x7f2075846b90>,12,26,[ 1 10],13,-1,82,-1,56
1,<environment.Job instance at 0x7f20758fecd0>,23,27,[1 6],24,-1,87,-1,60
1,<environment.Job instance at 0x7f20758fec30>,28,23,[10  4],29,-1,97,-1,74
1,<environment.Job instance at 0x7f2075834190>,34,24,[1 8],35,-1,117,-1,93
1,<environment.Job instance at 0x7f20759e4aa0>,36,13,[ 3 14],37,-1,106,-1,93
1,<environment.Job instance at 0x7f20759e63c0>,46,17,[12  2],47,-1,134,-1,117
1,<environment.Job instance at 0x7f2074f8a9b0>,7,22,[4 5],8,-1,30,-1,8
1,<environment.Job instance at 0x7f2074f8a190>,13,16,[ 3 10],14,-1,30,-1,14
1,<environment.Job instance at 0x7f2074f8ab90>,15,14,[ 2 10],16,-1,30,-1,16
1,<environment.Job instance at 0x7f2074f8b820>,17,20,[9 2],18,-1,38,-1,18
1,<environment.Job instance at 0x7f2074f8b690>,20,16,[2 8],21,-1,38,-1,22
1,<environment.Job instance at 0x7f2074f7f320>,26,17,[1 7],27,-1,44,-1,27
1,<environment.Job instance at 0x7f2074f89eb0>,31,15,[10  4],32,-1,47,-1,32
1,<environment.Job instance at 0x7f2074f897d0>,32,14,[1 8],33,-1,47,-1,33
1,<environment.Job instance at 0x7f2074dfbdc0>,34,14,[8 4],35,-1,49,-1,35
1,<environment.Job instance at 0x7f2074dea5f0>,38,14,[9 5],39,-1,53,-1,39
1,<environment.Job instance at 0x7f2074ed5640>,41,15,[1 7],42,-1,57,-1,42
1,<environment.Job instance at 0x7f20752cf050>,53,18,[6 5],54,-1,72,-1,54
1,<environment.Job instance at 0x7f2074e3ff50>,57,21,[ 3 10],58,-1,86,-1,65
1,<environment.Job instance at 0x7f2074f8b230>,21,13,[5 6],22,-1,78,-1,65
1,<environment.Job instance at 0x7f2074e4c190>,62,14,[2 9],63,-1,90,-1,76
1,<environment.Job instance at 0x7f2074e4c280>,60,1,[5 8],61,-1,77,-1,76
1,<environment.Job instance at 0x7f2074ec7cd0>,45,13,[ 1 14],46,-1,89,-1,76
1,<environment.Job instance at 0x7f2074f88730>,65,2,[5 2],66,-1,78,-1,76
1,<environment.Job instance at 0x7f207505eaf0>,68,21,[9 4],69,-1,97,-1,76
1,<environment.Job instance at 0x7f2074ecf140>,48,19,[6 4],49,-1,95,-1,76
1,<environment.Job instance at 0x7f2074e58e10>,70,18,[10  3],71,-1,94,-1,76
1,<environment.Job instance at 0x7f2074e58cd0>,71,17,[10  2],72,-1,93,-1,76
1,<environment.Job instance at 0x7f2074e58f50>,69,12,[9 3],70,-1,88,-1,76
1,<environment.Job instance at 0x7f2074e58190>,73,2,[8 3],74,-1,79,-1,77
1,<environment.Job instance at 0x7f2074e58730>,74,12,[3 8],75,-1,91,-1,79
1,<environment.Job instance at 0x7f2074f8b550>,18,16,[11  2],19,-1,95,-1,79
1,<environment.Job instance at 0x7f2074e59050>,76,14,[5 5],77,-1,94,-1,80
1,<environment.Job instance at 0x7f2074e58910>,75,1,[6 2],76,-1,81,-1,80
1,<environment.Job instance at 0x7f2074f7ff00>,23,15,[ 1 12],24,-1,95,-1,80
1,<environment.Job instance at 0x7f2074e58b40>,77,1,[9 1],78,-1,81,-1,80
1,<environment.Job instance at 0x7f2074f8b280>,78,12,[14  4],79,-1,92,-1,80
1,<environment.Job instance at 0x7f2074e3ad20>,80,13,[10  5],81,-1,94,-1,81
1,<environment.Job instance at 0x7f2074e3abe0>,82,14,[2 7],83,-1,99,-1,85
1,<environment.Job instance at 0x7f2074e531e0>,81,14,[1 6],82,-1,99,-1,85
1,<environment.Job instance at 0x7f2074e535a0>,83,14,[7 5],84,-1,99,-1,85
1,<environment.Job instance at 0x7f2074e53730>,85,14,[10  2],86,-1,101,-1,87
1,<environment.Job instance at 0x7f2074e569b0>,94,16,[7 2],95,-1,111,-1,95
1,<environment.Job instance at 0x7f2074e54cd0>,103,14,[11  3],104,-1,118,-1,104
1,<environment.Job instance at 0x7f2074e62a50>,104,16,[9 4],105,-1,122,-1,106
1,<environment.Job instance at 0x7f2074e54a50>,100,18,[4 5],101,-1,127,-1,109
1,<environment.Job instance at 0x7f2074e54690>,101,18,[2 8],102,-1,127,-1,109
1,<environment.Job instance at 0x7f2074e62c30>,106,14,[10  1],107,-1,123,-1,109
1,<environment.Job instance at 0x7f2074dec190>,107,16,[9 2],108,-1,125,-1,109
1,<environment.Job instance at 0x7f2074dec0f0>,109,13,[6 3],110,-1,124,-1,111
1,<environment.Job instance at 0x7f2074debdc0>,110,13,[7 4],111,-1,124,-1,111
1,<environment.Job instance at 0x7f2074deb6e0>,112,20,[1 7],113,-1,134,-1,114
1,<environment.Job instance at 0x7f20751e0550>,2,3,[ 4 12],3,-1,6,-1,3
1,<environment.Job instance at 0x7f2075160910>,3,12,[ 4 11],4,-1,16,-1,4
1,<environment.Job instance at 0x7f2075060f50>,8,23,[ 2 14],9,-1,32,-1,9
1,<environment.Job instance at 0x7f2074ff17d0>,18,16,[11  2],19,-1,44,-1,28
1,<environment.Job instance at 0x7f20750a4d70>,19,18,[ 1 12],20,-1,46,-1,28
1,<environment.Job instance at 0x7f2074ff4820>,23,15,[ 1 12],24,-1,57,-1,42
1,<environment.Job instance at 0x7f2074ff4b40>,25,3,[ 4 13],26,-1,46,-1,43
1,<environment.Job instance at 0x7f2075063e10>,27,1,[ 1 14],28,-1,46,-1,45
1,<environment.Job instance at 0x7f20750689b0>,40,3,[13  3],41,-1,97,-1,94
1,<environment.Job instance at 0x7f2075007e60>,45,13,[ 1 14],46,-1,113,-1,100
1,<environment.Job instance at 0x7f2074ec7a00>,4,16,[7 5],5,-1,23,-1,7
1,<environment.Job instance at 0x7f2074ec7410>,6,16,[7 4],7,-1,23,-1,7
1,<environment.Job instance at 0x7f2074ec7730>,8,18,[4 6],9,-1,30,-1,12
1,<environment.Job instance at 0x7f207eff6af0>,11,27,[4 7],12,-1,39,-1,12
1,<environment.Job instance at 0x7f207eff6410>,20,25,[ 3 10],21,-1,53,-1,28
1,<environment.Job instance at 0x7f207eff6b90>,13,12,[9 1],14,-1,40,-1,28
1,<environment.Job instance at 0x7f207eff1eb0>,27,13,[9 2],28,-1,42,-1,29
1,<environment.Job instance at 0x7f2074debeb0>,28,15,[3 6],29,-1,46,-1,31
1,<environment.Job instance at 0x7f2074deb910>,31,15,[8 4],32,-1,47,-1,32
1,<environment.Job instance at 0x7f2074debfa0>,33,23,[10  1],34,-1,58,-1,35
1,<environment.Job instance at 0x7f207eff1a00>,0,24,[ 1 10],1,-1,25,-1,1
1,<environment.Job instance at 0x7f2074deb0a0>,3,24,[7 4],4,-1,28,-1,4
1,<environment.Job instance at 0x7f2074ec7050>,5,3,[12  3],6,-1,9,-1,6
1,<environment.Job instance at 0x7f2074dea730>,11,27,[4 7],12,-1,49,-1,22
1,<environment.Job instance at 0x7f2074dea7d0>,12,26,[8 4],13,-1,48,-1,22
1,<environment.Job instance at 0x7f2074deaa50>,15,16,[14  1],16,-1,38,-1,22
1,<environment.Job instance at 0x7f2074edc4b0>,20,25,[ 3 10],21,-1,68,-1,43
1,<environment.Job instance at 0x7f2074edc640>,33,23,[10  1],34,-1,89,-1,66
1,<environment.Job instance at 0x7f2074edc1e0>,36,28,[6 5],37,-1,95,-1,67
1,<environment.Job instance at 0x7f2074e3e370>,41,15,[14  1],42,-1,95,-1,80
1,<environment.Job instance at 0x7f2074e3ea00>,45,18,[11  3],46,-1,102,-1,84
1,<environment.Job instance at 0x7f2074e3e320>,49,28,[5 3],50,-1,130,-1,102
1,<environment.Job instance at 0x7f2075661c80>,0,27,[ 5 10],1,-1,28,-1,1
1,<environment.Job instance at 0x7f2075ce6b90>,1,17,[7 5],2,-1,19,-1,2
1,<environment.Job instance at 0x7f20753a1690>,6,25,[ 5 10],7,-1,32,-1,7
1,<environment.Job instance at 0x7f20753a1c80>,8,18,[1 5],9,-1,27,-1,9
1,<environment.Job instance at 0x7f20753a1280>,17,1,[5 5],18,-1,19,-1,18
1,<environment.Job instance at 0x7f207584aaf0>,18,2,[6 3],19,-1,21,-1,19
1,<environment.Job instance at 0x7f207584acd0>,20,14,[7 5],21,-1,35,-1,21
1,<environment.Job instance at 0x7f2075335730>,25,16,[10  4],26,-1,44,-1,28
1,<environment.Job instance at 0x7f20753355f0>,28,14,[7 5],29,-1,43,-1,29
1,<environment.Job instance at 0x7f2075335e10>,30,18,[9 5],31,-1,49,-1,31
1,<environment.Job instance at 0x7f20753cdcd0>,34,17,[7 2],35,-1,52,-1,35
1,<environment.Job instance at 0x7f20753898c0>,37,15,[2 9],38,-1,53,-1,38
1,<environment.Job instance at 0x7f20753890a0>,39,17,[8 1],40,-1,57,-1,40
1,<environment.Job instance at 0x7f20753892d0>,41,17,[2 6],42,-1,59,-1,42
1,<environment.Job instance at 0x7f2074e534b0>,42,19,[8 2],43,-1,62,-1,43
1,<environment.Job instance at 0x7f2074e530a0>,48,14,[ 2 10],49,-1,63,-1,49
1,<environment.Job instance at 0x7f2074e531e0>,49,17,[9 1],50,-1,67,-1,50
1,<environment.Job instance at 0x7f2074e53af0>,50,18,[3 5],51,-1,69,-1,51
1,<environment.Job instance at 0x7f2074f852d0>,55,13,[ 1 10],56,-1,69,-1,56
1,<environment.Job instance at 0x7f2074e3a280>,58,14,[4 6],59,-1,73,-1,59
1,<environment.Job instance at 0x7f2074e3a370>,59,15,[10  2],60,-1,75,-1,60
1,<environment.Job instance at 0x7f2074e3a2d0>,60,13,[5 6],61,-1,74,-1,61
1,<environment.Job instance at 0x7f2074e3a640>,62,12,[5 5],63,-1,75,-1,63
1,<environment.Job instance at 0x7f2074e3a690>,63,13,[4 9],64,-1,77,-1,64
1,<environment.Job instance at 0x7f2075822730>,70,16,[10  2],71,-1,87,-1,71
1,<environment.Job instance at 0x7f2075335960>,27,12,[5 8],28,-1,85,-1,73
1,<environment.Job instance at 0x7f2074e51460>,74,21,[7 2],75,-1,97,-1,76
1,<environment.Job instance at 0x7f2074e51550>,78,16,[6 3],79,-1,95,-1,79
1,<environment.Job instance at 0x7f2074e519b0>,79,14,[5 7],80,-1,94,-1,80
1,<environment.Job instance at 0x7f2074e515f0>,80,18,[4 7],81,-1,99,-1,81
1,<environment.Job instance at 0x7f2074e51690>,81,14,[1 5],82,-1,96,-1,82
1,<environment.Job instance at 0x7f20758fe7d0>,88,15,[8 5],89,-1,104,-1,89
1,<environment.Job instance at 0x7f2074e344b0>,0,27,[ 5 10],1,-1,28,-1,1
1,<environment.Job instance at 0x7f2074e34d20>,6,25,[ 5 10],7,-1,40,-1,15
1,<environment.Job instance at 0x7f2074dea550>,22,17,[12  4],23,-1,61,-1,44
1,<environment.Job instance at 0x7f2075890550>,35,2,[ 4 11],36,-1,63,-1,61
1,<environment.Job instance at 0x7f2075eba870>,43,2,[ 2 14],44,-1,94,-1,92
1,<environment.Job instance at 0x7f2075389cd0>,44,17,[ 5 14],45,-1,109,-1,92
1,<environment.Job instance at 0x7f2074e53e60>,46,2,[11  3],47,-1,94,-1,92
1,<environment.Job instance at 0x7f207efef960>,47,2,[12  2],48,-1,94,-1,92
1,<environment.Job instance at 0x7f20756b9410>,4,16,[10  3],5,-1,22,-1,6
1,<environment.Job instance at 0x7f20756b90a0>,8,14,[10  3],9,-1,23,-1,9
1,<environment.Job instance at 0x7f207526af00>,10,19,[1 5],11,-1,30,-1,11
1,<environment.Job instance at 0x7f20756b22d0>,11,18,[2 9],12,-1,30,-1,12
1,<environment.Job instance at 0x7f20756b2140>,12,18,[10  4],13,-1,31,-1,13
1,<environment.Job instance at 0x7f20756b2640>,13,13,[6 5],14,-1,32,-1,19
1,<environment.Job instance at 0x7f20756ad550>,19,15,[9 5],20,-1,35,-1,20
1,<environment.Job instance at 0x7f20756ad1e0>,21,13,[5 3],22,-1,36,-1,23
1,<environment.Job instance at 0x7f20756ad190>,23,18,[5 9],24,-1,47,-1,29
1,<environment.Job instance at 0x7f207637de10>,28,14,[5 9],29,-1,43,-1,29
1,<environment.Job instance at 0x7f207637deb0>,29,19,[9 1],30,-1,52,-1,33
1,<environment.Job instance at 0x7f207637d780>,25,21,[2 5],26,-1,54,-1,33
1,<environment.Job instance at 0x7f20756ad320>,17,18,[5 1],18,-1,51,-1,33
1,<environment.Job instance at 0x7f2075ca1820>,31,16,[6 5],32,-1,49,-1,33
1,<environment.Job instance at 0x7f20759a2140>,36,14,[3 9],37,-1,51,-1,37
1,<environment.Job instance at 0x7f20759aa320>,39,13,[5 9],40,-1,53,-1,40
1,<environment.Job instance at 0x7f20759b0a50>,41,18,[8 4],42,-1,60,-1,42
1,<environment.Job instance at 0x7f2075ca0500>,44,17,[3 9],45,-1,62,-1,45
1,<environment.Job instance at 0x7f2075ca0820>,45,13,[10  4],46,-1,59,-1,46
1,<environment.Job instance at 0x7f2075ca0780>,46,16,[5 5],47,-1,63,-1,47
1,<environment.Job instance at 0x7f20752d1f50>,22,15,[5 1],23,-1,62,-1,47
1,<environment.Job instance at 0x7f2075ca08c0>,47,22,[1 7],48,-1,70,-1,48
1,<environment.Job instance at 0x7f2075ca0370>,49,15,[7 1],50,-1,66,-1,51
1,<environment.Job instance at 0x7f2075ca0eb0>,51,18,[3 6],52,-1,70,-1,52
1,<environment.Job instance at 0x7f2075ca0fa0>,50,14,[6 4],51,-1,67,-1,53
1,<environment.Job instance at 0x7f2075c91e60>,58,16,[8 5],59,-1,76,-1,60
1,<environment.Job instance at 0x7f2075c91910>,59,18,[7 5],60,-1,78,-1,60
1,<environment.Job instance at 0x7f2075ca2320>,62,16,[9 2],63,-1,80,-1,64
1,<environment.Job instance at 0x7f2075ca2500>,65,18,[7 5],66,-1,84,-1,66
1,<environment.Job instance at 0x7f20758f2dc0>,15,2,[14  5],16,-1,36,-1,34
1,<environment.Job instance at 0x7f2075692c80>,33,27,[1 8],34,-1,127,-1,100
1,<environment.Job instance at 0x7f20759825f0>,10,14,[6 4],11,-1,25,-1,11
1,<environment.Job instance at 0x7f2075982640>,14,15,[9 1],15,-1,31,-1,16
1,<environment.Job instance at 0x7f2075994320>,16,23,[7 4],17,-1,40,-1,17
1,<environment.Job instance at 0x7f2075994af0>,18,17,[5 5],19,-1,36,-1,19
1,<environment.Job instance at 0x7f2075994fa0>,19,14,[3 7],20,-1,34,-1,20
1,<environment.Job instance at 0x7f2075994be0>,20,15,[9 4],21,-1,36,-1,21
1,<environment.Job instance at 0x7f2075994c80>,22,13,[1 5],23,-1,36,-1,23
1,<environment.Job instance at 0x7f20759943c0>,23,20,[5 4],24,-1,44,-1,24
1,<environment.Job instance at 0x7f20759944b0>,15,15,[ 2 11],16,-1,39,-1,24
1,<environment.Job instance at 0x7f20752bfaf0>,34,15,[10  3],35,-1,51,-1,36
1,<environment.Job instance at 0x7f20752bfc30>,36,21,[6 5],37,-1,58,-1,37
1,<environment.Job instance at 0x7f20752bf4b0>,35,20,[4 7],36,-1,57,-1,37
1,<environment.Job instance at 0x7f20752bf8c0>,37,13,[9 4],38,-1,53,-1,40
1,<environment.Job instance at 0x7f20752bf370>,39,17,[5 9],40,-1,57,-1,40
1,<environment.Job instance at 0x7f20752bff50>,40,15,[4 5],41,-1,56,-1,41
1,<environment.Job instance at 0x7f20752bf140>,43,17,[8 5],44,-1,63,-1,46
1,<environment.Job instance at 0x7f20752a4230>,46,25,[8 3],47,-1,72,-1,47
1,<environment.Job instance at 0x7f20752a4960>,48,16,[ 5 10],49,-1,65,-1,49
1,<environment.Job instance at 0x7f20752a45a0>,50,16,[9 2],51,-1,73,-1,57
1,<environment.Job instance at 0x7f20752a4be0>,49,18,[7 3],50,-1,75,-1,57
1,<environment.Job instance at 0x7f20752732d0>,56,25,[ 5 10],57,-1,87,-1,62
1,<environment.Job instance at 0x7f2075273dc0>,62,18,[5 9],63,-1,98,-1,80
1,<environment.Job instance at 0x7f20753352d0>,7,3,[ 1 12],8,-1,11,-1,8
1,<environment.Job instance at 0x7f207e9d6050>,8,15,[ 3 11],9,-1,24,-1,9
1,<environment.Job instance at 0x7f2075994690>,15,15,[ 2 11],16,-1,31,-1,16
1,<environment.Job instance at 0x7f207526bf00>,16,23,[7 4],17,-1,42,-1,19
1,<environment.Job instance at 0x7f2075273eb0>,30,16,[14  3],31,-1,72,-1,56
1,<environment.Job instance at 0x7f2075982d70>,41,27,[5 1],42,-1,104,-1,77
1,<environment.Job instance at 0x7f20752db5f0>,46,25,[8 3],47,-1,117,-1,92
1,<environment.Job instance at 0x7f2075df34b0>,47,13,[13  1],48,-1,105,-1,92
1,<environment.Job instance at 0x7f207638a550>,0,28,[5 6],1,-1,29,-1,1
1,<environment.Job instance at 0x7f20752769b0>,4,17,[6 5],5,-1,23,-1,6
1,<environment.Job instance at 0x7f2075276050>,7,16,[ 5 10],8,-1,24,-1,8
1,<environment.Job instance at 0x7f2075283190>,12,16,[9 4],13,-1,29,-1,13
1,<environment.Job instance at 0x7f207545f190>,16,15,[9 5],17,-1,32,-1,17
1,<environment.Job instance at 0x7f2075276d20>,21,16,[ 2 10],22,-1,38,-1,22
1,<environment.Job instance at 0x7f2075288140>,22,17,[4 5],23,-1,40,-1,23
1,<environment.Job instance at 0x7f2075288050>,23,18,[ 1 10],24,-1,42,-1,24
1,<environment.Job instance at 0x7f20752885a0>,24,1,[1 6],25,-1,26,-1,25
1,<environment.Job instance at 0x7f2075288f00>,25,12,[8 1],26,-1,38,-1,26
1,<environment.Job instance at 0x7f2075c9aaa0>,5,23,[5 3],6,-1,49,-1,26
1,<environment.Job instance at 0x7f207ea0e820>,27,18,[10  5],28,-1,56,-1,38
1,<environment.Job instance at 0x7f207531cbe0>,30,15,[ 4 10],31,-1,73,-1,58
1,<environment.Job instance at 0x7f20755f5280>,49,14,[9 5],50,-1,72,-1,58
1,<environment.Job instance at 0x7f20755f5f00>,50,25,[2 8],51,-1,83,-1,58
1,<environment.Job instance at 0x7f207527dd20>,26,18,[ 3 13],27,-1,76,-1,58
1,<environment.Job instance at 0x7f20755f55f0>,48,14,[8 3],49,-1,72,-1,58
1,<environment.Job instance at 0x7f20755f5500>,52,18,[9 4],53,-1,76,-1,58
1,<environment.Job instance at 0x7f20755f51e0>,46,15,[ 5 10],47,-1,73,-1,58
1,<environment.Job instance at 0x7f20755f5960>,53,18,[ 4 10],54,-1,83,-1,65
1,<environment.Job instance at 0x7f20755f5be0>,51,13,[5 8],52,-1,80,-1,67
1,<environment.Job instance at 0x7f20755ed370>,58,17,[5 7],59,-1,86,-1,69
1,<environment.Job instance at 0x7f20752ceb90>,61,16,[ 4 10],62,-1,85,-1,69
1,<environment.Job instance at 0x7f20755f5320>,57,15,[ 5 10],58,-1,84,-1,69
1,<environment.Job instance at 0x7f20752ce910>,65,16,[4 6],66,-1,85,-1,69
1,<environment.Job instance at 0x7f20752d30f0>,66,18,[9 4],67,-1,87,-1,69
1,<environment.Job instance at 0x7f20752d3780>,69,16,[2 8],70,-1,86,-1,70
1,<environment.Job instance at 0x7f2075281460>,39,17,[9 4],40,-1,93,-1,76
1,<environment.Job instance at 0x7f20752830a0>,10,13,[12  5],11,-1,89,-1,76
1,<environment.Job instance at 0x7f20752d39b0>,72,18,[5 1],73,-1,95,-1,77
1,<environment.Job instance at 0x7f20752d3b90>,75,17,[7 4],76,-1,95,-1,78
1,<environment.Job instance at 0x7f2075cacdc0>,0,28,[5 6],1,-1,29,-1,1
1,<environment.Job instance at 0x7f2075cac8c0>,3,28,[ 1 11],4,-1,32,-1,4
1,<environment.Job instance at 0x7f2075cac5f0>,5,23,[5 3],6,-1,29,-1,6
1,<environment.Job instance at 0x7f207e9ebcd0>,6,14,[13  5],7,-1,21,-1,7
1,<environment.Job instance at 0x7f207e971d70>,10,13,[12  5],11,-1,24,-1,11
1,<environment.Job instance at 0x7f2076480f00>,18,15,[ 3 13],19,-1,39,-1,24
1,<environment.Job instance at 0x7f20756b7aa0>,26,18,[ 3 13],27,-1,74,-1,56
1,<environment.Job instance at 0x7f2075d75b40>,37,2,[ 4 14],38,-1,92,-1,90
1,<environment.Job instance at 0x7f207525b050>,44,2,[ 1 12],45,-1,108,-1,106
1,<environment.Job instance at 0x7f20755a9640>,2,18,[5 8],3,-1,21,-1,3
1,<environment.Job instance at 0x7f20755a9960>,5,23,[8 2],6,-1,29,-1,6
1,<environment.Job instance at 0x7f2075ab9a00>,10,16,[5 9],11,-1,27,-1,11
1,<environment.Job instance at 0x7f2075ab9e60>,11,15,[9 5],12,-1,27,-1,12
1,<environment.Job instance at 0x7f2075ab9780>,12,14,[9 1],13,-1,28,-1,14
1,<environment.Job instance at 0x7f20755a9be0>,13,18,[ 2 11],14,-1,33,-1,15
1,<environment.Job instance at 0x7f2075ab9820>,18,14,[8 1],19,-1,33,-1,19
1,<environment.Job instance at 0x7f2075ab9320>,19,16,[ 4 10],20,-1,36,-1,20
1,<environment.Job instance at 0x7f2075ab9730>,20,18,[5 8],21,-1,39,-1,21
1,<environment.Job instance at 0x7f2075ab9a50>,21,17,[3 7],22,-1,39,-1,22
1,<environment.Job instance at 0x7f2075ab9f50>,22,23,[7 1],23,-1,46,-1,23
1,<environment.Job instance at 0x7f2075ab9550>,24,14,[10  1],25,-1,44,-1,30
1,<environment.Job instance at 0x7f20754d5aa0>,30,15,[4 9],31,-1,46,-1,31
1,<environment.Job instance at 0x7f20754d5050>,31,15,[7 5],32,-1,47,-1,32
1,<environment.Job instance at 0x7f20754d5910>,33,16,[8 2],34,-1,50,-1,34
1,<environment.Job instance at 0x7f20754d58c0>,36,17,[9 3],37,-1,54,-1,37
1,<environment.Job instance at 0x7f20762e90a0>,42,13,[6 5],43,-1,56,-1,43
1,<environment.Job instance at 0x7f20762e9410>,43,16,[ 4 10],44,-1,60,-1,44
1,<environment.Job instance at 0x7f20762e9190>,44,18,[1 8],45,-1,63,-1,45
1,<environment.Job instance at 0x7f20754d5140>,29,13,[ 2 10],30,-1,60,-1,47
1,<environment.Job instance at 0x7f20762e9dc0>,48,18,[5 8],49,-1,67,-1,49
1,<environment.Job instance at 0x7f2076045e10>,50,20,[9 5],51,-1,71,-1,51
1,<environment.Job instance at 0x7f20760455f0>,54,15,[7 5],55,-1,70,-1,55
1,<environment.Job instance at 0x7f2076045460>,57,15,[ 1 10],58,-1,73,-1,58
1,<environment.Job instance at 0x7f2076045f50>,61,18,[3 7],62,-1,80,-1,62
1,<environment.Job instance at 0x7f20760456e0>,62,17,[1 9],63,-1,80,-1,63
1,<environment.Job instance at 0x7f20760450f0>,64,22,[9 5],65,-1,87,-1,65
1,<environment.Job instance at 0x7f207524d0a0>,66,13,[3 7],67,-1,81,-1,68
1,<environment.Job instance at 0x7f207524d3c0>,68,16,[1 6],69,-1,85,-1,69
1,<environment.Job instance at 0x7f207524d1e0>,67,16,[5 8],68,-1,86,-1,70
1,<environment.Job instance at 0x7f207524d6e0>,73,15,[4 9],74,-1,89,-1,74
1,<environment.Job instance at 0x7f207524db90>,74,14,[10  4],75,-1,90,-1,76
1,<environment.Job instance at 0x7f207524dcd0>,78,12,[10  1],79,-1,91,-1,79
1,<environment.Job instance at 0x7f207524d500>,79,21,[1 7],80,-1,101,-1,80
1,<environment.Job instance at 0x7f207524d960>,80,16,[9 2],81,-1,97,-1,81
1,<environment.Job instance at 0x7f207ea54460>,87,17,[8 2],88,-1,107,-1,90
1,<environment.Job instance at 0x7f207524dc30>,75,12,[ 3 10],76,-1,102,-1,90
1,<environment.Job instance at 0x7f207edaeb40>,95,16,[11  3],96,-1,112,-1,96
1,<environment.Job instance at 0x7f20762f1410>,103,18,[ 2 10],104,-1,130,-1,112
1,<environment.Job instance at 0x7f20762f18c0>,104,17,[8 3],105,-1,129,-1,112
1,<environment.Job instance at 0x7f2075d7f640>,97,16,[3 5],98,-1,128,-1,112
1,<environment.Job instance at 0x7f207ea54e10>,82,17,[ 2 14],83,-1,132,-1,115
1,<environment.Job instance at 0x7f207ea54280>,89,17,[9 2],90,-1,136,-1,119
1,<environment.Job instance at 0x7f2075537140>,109,16,[10  5],110,-1,135,-1,119
1,<environment.Job instance at 0x7f20755372d0>,107,17,[7 4],108,-1,136,-1,119
1,<environment.Job instance at 0x7f2076281e10>,5,23,[8 2],6,-1,31,-1,8
1,<environment.Job instance at 0x7f20752cac80>,13,18,[ 2 11],14,-1,34,-1,16
1,<environment.Job instance at 0x7f20755b8e10>,15,3,[11  2],16,-1,21,-1,18
1,<environment.Job instance at 0x7f2076212370>,22,23,[7 1],23,-1,76,-1,53
1,<environment.Job instance at 0x7f207e9ded20>,25,3,[13  2],26,-1,71,-1,68
1,<environment.Job instance at 0x7f2076191cd0>,28,1,[13  4],29,-1,70,-1,69
1,<environment.Job instance at 0x7f20754d50f0>,32,13,[14  4],33,-1,96,-1,83
1,<environment.Job instance at 0x7f207510ff00>,41,23,[ 3 13],42,-1,142,-1,119
1,<environment.Job instance at 0x7f207515adc0>,0,18,[9 2],1,-1,22,-1,4
1,<environment.Job instance at 0x7f207515ab40>,4,12,[7 4],5,-1,17,-1,5
1,<environment.Job instance at 0x7f207515ad70>,3,14,[5 5],4,-1,21,-1,7
1,<environment.Job instance at 0x7f207515a780>,12,16,[10  2],13,-1,30,-1,14
1,<environment.Job instance at 0x7f20750f29b0>,14,12,[1 8],15,-1,27,-1,15
1,<environment.Job instance at 0x7f20750f2050>,16,13,[9 5],17,-1,30,-1,17
1,<environment.Job instance at 0x7f20750f20a0>,17,18,[6 2],18,-1,36,-1,18
1,<environment.Job instance at 0x7f20750f23c0>,18,14,[ 4 10],19,-1,33,-1,19
1,<environment.Job instance at 0x7f20750f2aa0>,19,13,[7 5],20,-1,33,-1,20
1,<environment.Job instance at 0x7f20750f2870>,21,14,[9 5],22,-1,36,-1,22
1,<environment.Job instance at 0x7f20750f2320>,24,19,[9 1],25,-1,44,-1,25
1,<environment.Job instance at 0x7f2074c1a8c0>,29,15,[8 5],30,-1,45,-1,30
1,<environment.Job instance at 0x7f2074c1a820>,31,13,[9 4],32,-1,45,-1,32
1,<environment.Job instance at 0x7f2074c1ab40>,32,16,[1 7],33,-1,49,-1,33
1,<environment.Job instance at 0x7f2074c1a640>,34,15,[6 4],35,-1,50,-1,35
1,<environment.Job instance at 0x7f2074c1a280>,37,16,[7 2],38,-1,54,-1,38
1,<environment.Job instance at 0x7f2074bf8d70>,42,14,[9 3],43,-1,57,-1,43
1,<environment.Job instance at 0x7f2074bf8e10>,46,16,[4 9],47,-1,63,-1,47
1,<environment.Job instance at 0x7f2074bf89b0>,47,22,[6 1],48,-1,70,-1,48
1,<environment.Job instance at 0x7f2074bf8f00>,49,14,[3 8],50,-1,64,-1,50
1,<environment.Job instance at 0x7f2074bf8280>,50,12,[5 9],51,-1,63,-1,51
1,<environment.Job instance at 0x7f2074bf8410>,51,18,[5 9],52,-1,70,-1,52
1,<environment.Job instance at 0x7f2074d1f280>,55,17,[10  3],56,-1,73,-1,56
1,<environment.Job instance at 0x7f207515a5f0>,13,15,[4 8],14,-1,71,-1,56
1,<environment.Job instance at 0x7f2074d1f230>,57,16,[8 4],58,-1,75,-1,59
1,<environment.Job instance at 0x7f2075259910>,60,17,[8 4],61,-1,78,-1,61
1,<environment.Job instance at 0x7f2075259190>,61,14,[ 5 10],62,-1,76,-1,62
1,<environment.Job instance at 0x7f2075259410>,62,19,[8 3],63,-1,82,-1,63
1,<environment.Job instance at 0x7f20754c70a0>,64,17,[8 5],65,-1,82,-1,65
1,<environment.Job instance at 0x7f20754c7cd0>,66,23,[5 5],67,-1,90,-1,67
1,<environment.Job instance at 0x7f2075ba0780>,68,14,[9 5],69,-1,83,-1,69
1,<environment.Job instance at 0x7f2075e8dd70>,69,25,[7 3],70,-1,95,-1,70
1,<environment.Job instance at 0x7f207574b0a0>,74,17,[4 7],75,-1,92,-1,75
1,<environment.Job instance at 0x7f207eff45f0>,76,13,[10  5],77,-1,94,-1,81
1,<environment.Job instance at 0x7f2075a2a2d0>,85,14,[5 7],86,-1,100,-1,86
1,<environment.Job instance at 0x7f207555b730>,87,15,[3 9],88,-1,103,-1,88
1,<environment.Job instance at 0x7f207eff8690>,88,15,[ 4 10],89,-1,104,-1,89
1,<environment.Job instance at 0x7f2075a2ae60>,84,15,[8 1],85,-1,105,-1,90
1,<environment.Job instance at 0x7f20758d6fa0>,90,18,[5 4],91,-1,109,-1,91
1,<environment.Job instance at 0x7f20757f2690>,96,17,[ 1 13],97,-1,114,-1,97
1,<environment.Job instance at 0x7f2075136960>,97,18,[ 3 12],98,-1,116,-1,98
1,<environment.Job instance at 0x7f20751362d0>,98,18,[ 4 10],99,-1,118,-1,100
1,<environment.Job instance at 0x7f20758d6be0>,92,19,[6 2],93,-1,120,-1,101
1,<environment.Job instance at 0x7f20757f2a00>,99,13,[7 2],100,-1,114,-1,101
1,<environment.Job instance at 0x7f2075136dc0>,103,16,[3 8],104,-1,120,-1,104
1,<environment.Job instance at 0x7f2076076460>,82,14,[10  1],83,-1,120,-1,106
1,<environment.Job instance at 0x7f2075136780>,104,16,[9 2],105,-1,122,-1,106
1,<environment.Job instance at 0x7f2075ba0e10>,73,17,[6 4],74,-1,124,-1,107
1,<environment.Job instance at 0x7f20751cacd0>,106,18,[3 6],107,-1,125,-1,107
1,<environment.Job instance at 0x7f2074c9afa0>,107,18,[5 5],108,-1,126,-1,108
1,<environment.Job instance at 0x7f20751b43c0>,7,14,[11  2],8,-1,22,-1,8
1,<environment.Job instance at 0x7f20751b4370>,8,15,[ 3 14],9,-1,24,-1,9
1,<environment.Job instance at 0x7f20751b44b0>,10,27,[7 4],11,-1,46,-1,19
1,<environment.Job instance at 0x7f207595eaf0>,15,2,[ 1 12],16,-1,23,-1,21
1,<environment.Job instance at 0x7f2075060c30>,20,25,[ 1 14],21,-1,73,-1,48
1,<environment.Job instance at 0x7f207505a280>,23,1,[ 4 13],24,-1,61,-1,60
1,<environment.Job instance at 0x7f20750650a0>,25,3,[ 4 11],26,-1,65,-1,62
1,<environment.Job instance at 0x7f2075fc9be0>,38,3,[11  1],39,-1,120,-1,117
1,<environment.Job instance at 0x7f2074f3df00>,1,16,[6 5],2,-1,18,-1,2
1,<environment.Job instance at 0x7f2074f3d730>,5,16,[6 5],6,-1,22,-1,6
1,<environment.Job instance at 0x7f2074f3d960>,6,12,[ 1 10],7,-1,20,-1,8
1,<environment.Job instance at 0x7f2074f3dc30>,8,15,[1 8],9,-1,24,-1,9
1,<environment.Job instance at 0x7f20754d5960>,7,18,[9 4],8,-1,27,-1,9
1,<environment.Job instance at 0x7f20754a4870>,19,18,[1 9],20,-1,38,-1,20
1,<environment.Job instance at 0x7f20754a4eb0>,23,14,[4 8],24,-1,38,-1,24
1,<environment.Job instance at 0x7f20754a4a00>,24,17,[3 7],25,-1,42,-1,25
1,<environment.Job instance at 0x7f20754a44b0>,26,14,[7 5],27,-1,41,-1,27
1,<environment.Job instance at 0x7f20754a4230>,29,18,[2 9],30,-1,48,-1,30
1,<environment.Job instance at 0x7f2075f40550>,30,18,[5 5],31,-1,49,-1,31
1,<environment.Job instance at 0x7f2075f40aa0>,31,14,[ 1 10],32,-1,46,-1,32
1,<environment.Job instance at 0x7f2075f40910>,33,18,[5 2],34,-1,53,-1,35
1,<environment.Job instance at 0x7f2075f400a0>,34,16,[7 5],35,-1,52,-1,36
1,<environment.Job instance at 0x7f2075f40cd0>,41,13,[9 1],42,-1,57,-1,44
1,<environment.Job instance at 0x7f207529a2d0>,43,17,[14  2],44,-1,61,-1,44
1,<environment.Job instance at 0x7f207529aa50>,44,15,[10  2],45,-1,61,-1,46
1,<environment.Job instance at 0x7f207529a690>,45,20,[10  3],46,-1,66,-1,46
1,<environment.Job instance at 0x7f207529a460>,52,18,[9 2],53,-1,71,-1,53
1,<environment.Job instance at 0x7f207529a870>,54,14,[5 9],55,-1,69,-1,55
1,<environment.Job instance at 0x7f207529a410>,57,23,[6 1],58,-1,81,-1,58
1,<environment.Job instance at 0x7f207edc39b0>,61,14,[1 5],62,-1,77,-1,63
1,<environment.Job instance at 0x7f207edc3320>,66,18,[ 2 10],67,-1,88,-1,70
1,<environment.Job instance at 0x7f207638a2d0>,68,14,[9 5],69,-1,84,-1,70
1,<environment.Job instance at 0x7f207638a0a0>,69,14,[8 5],70,-1,84,-1,70
1,<environment.Job instance at 0x7f207638adc0>,70,25,[9 4],71,-1,99,-1,74
1,<environment.Job instance at 0x7f207638ac30>,71,15,[7 3],72,-1,89,-1,74
1,<environment.Job instance at 0x7f207edc3b90>,62,17,[5 1],63,-1,91,-1,74
1,<environment.Job instance at 0x7f207638a8c0>,74,28,[ 5 10],75,-1,103,-1,75
1,<environment.Job instance at 0x7f207638a370>,72,17,[1 5],73,-1,95,-1,78
1,<environment.Job instance at 0x7f207638a230>,76,13,[5 9],77,-1,91,-1,78
1,<environment.Job instance at 0x7f207638a320>,78,26,[4 9],79,-1,105,-1,79
1,<environment.Job instance at 0x7f207638a640>,77,27,[2 9],78,-1,107,-1,80
1,<environment.Job instance at 0x7f207638a0f0>,80,18,[5 4],81,-1,100,-1,82
1,<environment.Job instance at 0x7f2074e59d20>,84,16,[8 1],85,-1,101,-1,85
1,<environment.Job instance at 0x7f2074e596e0>,86,16,[ 5 12],87,-1,103,-1,87
1,<environment.Job instance at 0x7f2074e59730>,88,19,[2 7],89,-1,108,-1,89
1,<environment.Job instance at 0x7f2074e59870>,92,22,[5 4],93,-1,115,-1,93
1,<environment.Job instance at 0x7f2074e590a0>,94,13,[5 8],95,-1,108,-1,95
1,<environment.Job instance at 0x7f207568b5a0>,96,18,[1 5],97,-1,115,-1,97
1,<environment.Job instance at 0x7f207568b910>,98,17,[7 5],99,-1,116,-1,99
1,<environment.Job instance at 0x7f207638a460>,81,14,[8 4],82,-1,114,-1,100
1,<environment.Job instance at 0x7f2075fb8d20>,100,17,[10  1],101,-1,118,-1,101
1,<environment.Job instance at 0x7f20756b9910>,101,16,[2 5],102,-1,119,-1,103
1,<environment.Job instance at 0x7f20756b9280>,103,16,[1 5],104,-1,120,-1,104
1,<environment.Job instance at 0x7f20756b9f50>,105,15,[5 4],106,-1,121,-1,106
1,<environment.Job instance at 0x7f20756b9370>,107,26,[10  5],108,-1,134,-1,108
1,<environment.Job instance at 0x7f20756b9e10>,102,15,[2 5],103,-1,124,-1,109
1,<environment.Job instance at 0x7f2074ae0370>,109,16,[5 6],110,-1,126,-1,110
1,<environment.Job instance at 0x7f2075150d70>,110,18,[4 5],111,-1,130,-1,112
1,<environment.Job instance at 0x7f2075bbceb0>,111,18,[4 9],112,-1,130,-1,112
1,<environment.Job instance at 0x7f20764280f0>,113,13,[9 3],114,-1,128,-1,115
1,<environment.Job instance at 0x7f207602a320>,115,14,[ 3 10],116,-1,130,-1,116
1,<environment.Job instance at 0x7f207618ef50>,2,13,[14  2],3,-1,16,-1,3
1,<environment.Job instance at 0x7f20763a66e0>,20,2,[ 4 14],21,-1,46,-1,44
1,<environment.Job instance at 0x7f20754f7190>,4,22,[1 8],5,-1,27,-1,5
1,<environment.Job instance at 0x7f20754f74b0>,5,18,[ 2 10],6,-1,24,-1,6
1,<environment.Job instance at 0x7f20754f7640>,9,17,[9 1],10,-1,28,-1,11
1,<environment.Job instance at 0x7f20754f7be0>,12,26,[1 5],13,-1,39,-1,13
1,<environment.Job instance at 0x7f20754f7fa0>,13,17,[ 4 10],14,-1,31,-1,14
1,<environment.Job instance at 0x7f207eff65f0>,14,15,[5 3],15,-1,30,-1,15
1,<environment.Job instance at 0x7f207eff6780>,15,15,[8 3],16,-1,31,-1,16
1,<environment.Job instance at 0x7f207eff61e0>,17,12,[9 2],18,-1,30,-1,18
1,<environment.Job instance at 0x7f207eff6280>,20,13,[10  5],21,-1,34,-1,21
1,<environment.Job instance at 0x7f207eff6730>,22,22,[5 3],23,-1,45,-1,23
1,<environment.Job instance at 0x7f207eff6dc0>,24,15,[4 7],25,-1,40,-1,25
1,<environment.Job instance at 0x7f20764850a0>,27,24,[2 8],28,-1,52,-1,28
1,<environment.Job instance at 0x7f2076485be0>,31,16,[4 9],32,-1,48,-1,32
1,<environment.Job instance at 0x7f2076485190>,33,26,[1 8],34,-1,60,-1,34
1,<environment.Job instance at 0x7f2076485a00>,35,12,[5 2],36,-1,48,-1,36
1,<environment.Job instance at 0x7f2076485d20>,36,18,[7 1],37,-1,55,-1,37
1,<environment.Job instance at 0x7f2074f08a50>,41,23,[9 4],42,-1,65,-1,42
1,<environment.Job instance at 0x7f2074f085f0>,43,3,[9 4],44,-1,47,-1,44
1,<environment.Job instance at 0x7f2074f081e0>,44,14,[2 7],45,-1,59,-1,45
1,<environment.Job instance at 0x7f2074f086e0>,46,16,[9 3],47,-1,63,-1,47
1,<environment.Job instance at 0x7f2074f08230>,48,16,[5 1],49,-1,65,-1,49
1,<environment.Job instance at 0x7f2074f089b0>,50,17,[4 7],51,-1,68,-1,51
1,<environment.Job instance at 0x7f2074f08410>,51,14,[3 5],52,-1,66,-1,52
1,<environment.Job instance at 0x7f2074e310f0>,57,17,[4 6],58,-1,75,-1,58
1,<environment.Job instance at 0x7f2074e31320>,60,18,[3 6],61,-1,79,-1,61
1,<environment.Job instance at 0x7f2074e310a0>,62,16,[1 9],63,-1,79,-1,63
1,<environment.Job instance at 0x7f2074e31140>,63,13,[6 4],64,-1,78,-1,65
1,<environment.Job instance at 0x7f2074e31d20>,64,12,[10  3],65,-1,78,-1,66
1,<environment.Job instance at 0x7f2074e31640>,66,16,[2 7],67,-1,83,-1,67
1,<environment.Job instance at 0x7f207544c5a0>,69,12,[4 8],70,-1,82,-1,70
1,<environment.Job instance at 0x7f207544cbe0>,70,14,[1 9],71,-1,85,-1,71
1,<environment.Job instance at 0x7f207544cfa0>,73,3,[ 2 10],74,-1,77,-1,74
1,<environment.Job instance at 0x7f207544cd70>,74,17,[10  5],75,-1,92,-1,75
1,<environment.Job instance at 0x7f207544c140>,75,15,[1 6],76,-1,91,-1,76
1,<environment.Job instance at 0x7f207544c9b0>,77,16,[11  5],78,-1,94,-1,78
1,<environment.Job instance at 0x7f207544c780>,78,13,[3 6],79,-1,92,-1,79
1,<environment.Job instance at 0x7f20754e0af0>,84,12,[7 2],85,-1,98,-1,86
1,<environment.Job instance at 0x7f20754e0eb0>,86,12,[5 6],87,-1,99,-1,87
1,<environment.Job instance at 0x7f207565a960>,10,16,[4 8],11,-1,103,-1,87
1,<environment.Job instance at 0x7f20754e0730>,85,17,[ 5 10],86,-1,114,-1,97
1,<environment.Job instance at 0x7f20754e0050>,94,16,[8 5],95,-1,113,-1,97
1,<environment.Job instance at 0x7f20760057d0>,97,14,[ 5 10],98,-1,115,-1,101
1,<environment.Job instance at 0x7f207543a0f0>,99,16,[6 2],100,-1,122,-1,106
1,<environment.Job instance at 0x7f20754e0780>,93,16,[9 5],94,-1,122,-1,106
1,<environment.Job instance at 0x7f207543ad70>,102,16,[9 3],103,-1,122,-1,106
1,<environment.Job instance at 0x7f20764855a0>,39,15,[ 1 14],40,-1,132,-1,117
1,<environment.Job instance at 0x7f2076337960>,104,16,[7 3],105,-1,134,-1,118
1,<environment.Job instance at 0x7f2074d1cd70>,110,13,[11  3],111,-1,131,-1,118
1,<environment.Job instance at 0x7f20757e1910>,111,28,[7 5],112,-1,146,-1,118
1,<environment.Job instance at 0x7f2074c7b050>,112,14,[6 1],113,-1,132,-1,118
1,<environment.Job instance at 0x7f2076337c30>,105,22,[5 2],106,-1,140,-1,118
1,<environment.Job instance at 0x7f2075e8d050>,114,26,[7 1],115,-1,144,-1,118
1,<environment.Job instance at 0x7f20754e0fa0>,90,15,[6 2],91,-1,134,-1,119
1,<environment.Job instance at 0x7f20751b73c0>,117,15,[7 2],118,-1,134,-1,119
1,<environment.Job instance at 0x7f20751c5910>,3,23,[1 7],4,-1,27,-1,4
1,<environment.Job instance at 0x7f20751bb460>,8,13,[14  3],9,-1,22,-1,9
1,<environment.Job instance at 0x7f20750596e0>,12,26,[1 5],13,-1,39,-1,13
1,<environment.Job instance at 0x7f2075057500>,27,24,[2 8],28,-1,94,-1,70
1,<environment.Job instance at 0x7f20750576e0>,29,13,[14  2],30,-1,83,-1,70
1,<environment.Job instance at 0x7f2075053a00>,33,26,[1 8],34,-1,116,-1,90
1,<environment.Job instance at 0x7f207590bb40>,39,15,[ 1 14],40,-1,118,-1,103
1,<environment.Job instance at 0x7f207629fe10>,41,23,[9 4],42,-1,131,-1,108
1,<environment.Job instance at 0x7f20756bf2d0>,1,18,[4 9],2,-1,20,-1,2
1,<environment.Job instance at 0x7f20756bf6e0>,2,18,[3 6],3,-1,21,-1,3
1,<environment.Job instance at 0x7f20756bf0f0>,5,16,[2 7],6,-1,22,-1,6
1,<environment.Job instance at 0x7f20756bf5a0>,8,18,[8 3],9,-1,28,-1,10
1,<environment.Job instance at 0x7f20753cb5a0>,13,18,[6 3],14,-1,32,-1,14
1,<environment.Job instance at 0x7f20753cb460>,14,17,[10  3],15,-1,32,-1,15
1,<environment.Job instance at 0x7f20753cbf50>,17,18,[6 4],18,-1,36,-1,18
1,<environment.Job instance at 0x7f20753cb3c0>,19,15,[9 3],20,-1,42,-1,27
1,<environment.Job instance at 0x7f207e9b1b90>,29,16,[12  5],30,-1,64,-1,48
1,<environment.Job instance at 0x7f2074cf2e10>,41,17,[9 4],42,-1,65,-1,48
1,<environment.Job instance at 0x7f2074cf2320>,40,17,[5 9],41,-1,66,-1,49
1,<environment.Job instance at 0x7f2074cf25a0>,44,14,[9 5],45,-1,66,-1,52
1,<environment.Job instance at 0x7f207523b960>,46,16,[3 8],47,-1,68,-1,52
1,<environment.Job instance at 0x7f207e9b1d20>,26,15,[4 7],27,-1,100,-1,85
1,<environment.Job instance at 0x7f207523be10>,47,18,[ 5 10],48,-1,103,-1,85
1,<environment.Job instance at 0x7f207523ba50>,55,14,[8 4],56,-1,99,-1,85
1,<environment.Job instance at 0x7f207523b640>,56,18,[ 2 10],57,-1,103,-1,85
1,<environment.Job instance at 0x7f207523bf50>,54,18,[ 2 10],55,-1,103,-1,85
1,<environment.Job instance at 0x7f20764354b0>,60,17,[8 2],61,-1,102,-1,85
1,<environment.Job instance at 0x7f207523b690>,57,18,[5 9],58,-1,103,-1,85
1,<environment.Job instance at 0x7f2076435cd0>,61,14,[4 9],62,-1,99,-1,85
1,<environment.Job instance at 0x7f2076435410>,62,16,[6 2],63,-1,104,-1,88
1,<environment.Job instance at 0x7f2076435190>,66,3,[1 8],67,-1,92,-1,89
1,<environment.Job instance at 0x7f207523b230>,58,3,[6 2],59,-1,92,-1,89
1,<environment.Job instance at 0x7f2075760960>,68,25,[5 5],69,-1,118,-1,93
1,<environment.Job instance at 0x7f2076435a50>,65,13,[2 7],66,-1,106,-1,93
1,<environment.Job instance at 0x7f20756f98c0>,71,15,[ 1 12],72,-1,108,-1,93
1,<environment.Job instance at 0x7f20755bd5f0>,69,2,[5 1],70,-1,95,-1,93
1,<environment.Job instance at 0x7f20756f96e0>,73,12,[1 8],74,-1,108,-1,96
1,<environment.Job instance at 0x7f207573da50>,74,14,[7 4],75,-1,111,-1,97
1,<environment.Job instance at 0x7f20756f9b90>,75,14,[5 9],76,-1,111,-1,97
1,<environment.Job instance at 0x7f20756f9dc0>,76,15,[2 7],77,-1,112,-1,97
1,<environment.Job instance at 0x7f2074edb820>,77,16,[3 5],78,-1,113,-1,97
1,<environment.Job instance at 0x7f2074edb280>,78,17,[2 7],79,-1,114,-1,97
1,<environment.Job instance at 0x7f2074edb730>,79,16,[8 5],80,-1,113,-1,97
1,<environment.Job instance at 0x7f2074edb0f0>,80,22,[4 6],81,-1,119,-1,97
1,<environment.Job instance at 0x7f2074cf22d0>,39,13,[4 5],40,-1,117,-1,104
1,<environment.Job instance at 0x7f20753cbaa0>,18,27,[5 1],19,-1,141,-1,114
1,<environment.Job instance at 0x7f2074c6ae10>,84,18,[10  2],85,-1,132,-1,114
1,<environment.Job instance at 0x7f20761eac30>,7,13,[13  4],8,-1,21,-1,8
1,<environment.Job instance at 0x7f20758a45a0>,11,3,[ 4 12],12,-1,24,-1,21
1,<environment.Job instance at 0x7f2075c3d7d0>,10,24,[10  5],11,-1,61,-1,37
1,<environment.Job instance at 0x7f2075c1a230>,15,18,[ 2 11],16,-1,55,-1,37
1,<environment.Job instance at 0x7f2075c1aa00>,16,13,[11  3],17,-1,50,-1,37
1,<environment.Job instance at 0x7f2075c1a410>,18,27,[5 1],19,-1,66,-1,39
1,<environment.Job instance at 0x7f2075874730>,28,27,[1 7],29,-1,101,-1,74
1,<environment.Job instance at 0x7f2075874d20>,29,16,[12  5],30,-1,90,-1,74
1,<environment.Job instance at 0x7f2075898230>,36,1,[14  4],37,-1,83,-1,82
1,<environment.Job instance at 0x7f2075898190>,37,17,[13  5],38,-1,99,-1,82
1,<environment.Job instance at 0x7f2074efaaf0>,10,12,[10  4],11,-1,25,-1,13
1,<environment.Job instance at 0x7f2074efa780>,14,26,[10  2],15,-1,41,-1,15
1,<environment.Job instance at 0x7f2074f1e640>,16,16,[ 5 10],17,-1,33,-1,17
1,<environment.Job instance at 0x7f2074f1e960>,17,12,[6 2],18,-1,30,-1,18
1,<environment.Job instance at 0x7f2074efa3c0>,12,18,[ 5 10],13,-1,36,-1,18
1,<environment.Job instance at 0x7f2074f1e550>,21,2,[2 6],22,-1,24,-1,22
1,<environment.Job instance at 0x7f2074f1e0f0>,24,12,[3 9],25,-1,38,-1,26
1,<environment.Job instance at 0x7f2075817460>,36,20,[4 9],37,-1,57,-1,37
1,<environment.Job instance at 0x7f2075817af0>,38,12,[1 6],39,-1,51,-1,39
1,<environment.Job instance at 0x7f207581caf0>,40,16,[6 2],41,-1,57,-1,41
1,<environment.Job instance at 0x7f207581c050>,43,21,[5 7],44,-1,65,-1,44
1,<environment.Job instance at 0x7f207581c1e0>,44,14,[10  4],45,-1,59,-1,45
1,<environment.Job instance at 0x7f207581ca50>,45,17,[4 9],46,-1,63,-1,46
1,<environment.Job instance at 0x7f207581c190>,47,13,[7 4],48,-1,65,-1,52
1,<environment.Job instance at 0x7f207581c0f0>,51,16,[5 7],52,-1,68,-1,52
1,<environment.Job instance at 0x7f20757f10a0>,52,19,[4 7],53,-1,72,-1,53
1,<environment.Job instance at 0x7f20757f1eb0>,55,13,[6 4],56,-1,70,-1,57
1,<environment.Job instance at 0x7f20757f14b0>,57,18,[4 7],58,-1,76,-1,58
1,<environment.Job instance at 0x7f2074cf7e10>,1,3,[ 3 11],2,-1,5,-1,2
1,<environment.Job instance at 0x7f20754dfa00>,8,18,[ 4 12],9,-1,27,-1,9
1,<environment.Job instance at 0x7f20756d3230>,14,26,[10  2],15,-1,50,-1,24
1,<environment.Job instance at 0x7f2074d21640>,27,15,[13  3],28,-1,54,-1,39
1,<environment.Job instance at 0x7f2074f222d0>,41,2,[ 2 13],42,-1,72,-1,70
1,<environment.Job instance at 0x7f2074f0a5f0>,48,2,[12  1],49,-1,98,-1,96
1,<environment.Job instance at 0x7f207619ad70>,49,27,[ 5 11],50,-1,123,-1,96
1,<environment.Job instance at 0x7f207ea2c730>,53,25,[9 3],54,-1,136,-1,111
1,<environment.Job instance at 0x7f2074f00eb0>,58,17,[ 2 12],59,-1,132,-1,115
1,<environment.Job instance at 0x7f2075d51230>,2,18,[7 3],3,-1,21,-1,3
1,<environment.Job instance at 0x7f2074c92af0>,5,16,[5 7],6,-1,22,-1,6
1,<environment.Job instance at 0x7f2074c927d0>,7,16,[3 5],8,-1,24,-1,8
1,<environment.Job instance at 0x7f2074c92960>,9,23,[5 5],10,-1,33,-1,10
1,<environment.Job instance at 0x7f2074c92b90>,10,17,[8 3],11,-1,28,-1,11
1,<environment.Job instance at 0x7f2074c92e60>,13,13,[10  3],14,-1,27,-1,14
1,<environment.Job instance at 0x7f2074c92d20>,14,17,[5 6],15,-1,32,-1,15
1,<environment.Job instance at 0x7f2074c92f50>,15,24,[7 5],16,-1,40,-1,16
1,<environment.Job instance at 0x7f2074c92a50>,16,15,[1 5],17,-1,32,-1,17
1,<environment.Job instance at 0x7f2074c92820>,20,14,[6 1],21,-1,35,-1,21
1,<environment.Job instance at 0x7f2074b0a8c0>,22,17,[3 8],23,-1,40,-1,23
1,<environment.Job instance at 0x7f2074be6f00>,26,13,[ 1 10],27,-1,40,-1,27
1,<environment.Job instance at 0x7f2074be6aa0>,27,14,[9 3],28,-1,42,-1,28
1,<environment.Job instance at 0x7f2074be6140>,29,15,[8 4],30,-1,45,-1,30
1,<environment.Job instance at 0x7f2074be6fa0>,31,15,[3 9],32,-1,47,-1,32
1,<environment.Job instance at 0x7f2074be6c80>,32,16,[6 3],33,-1,49,-1,33
1,<environment.Job instance at 0x7f2074be64b0>,35,19,[8 1],36,-1,55,-1,36
1,<environment.Job instance at 0x7f207648fb40>,41,23,[7 5],42,-1,65,-1,42
1,<environment.Job instance at 0x7f207648f7d0>,42,28,[8 2],43,-1,71,-1,43
1,<environment.Job instance at 0x7f207648fbe0>,43,22,[5 4],44,-1,66,-1,44
1,<environment.Job instance at 0x7f207648f550>,45,17,[ 4 10],46,-1,63,-1,46
1,<environment.Job instance at 0x7f2075125c80>,51,17,[6 5],52,-1,69,-1,52
1,<environment.Job instance at 0x7f20751256e0>,53,18,[10  5],54,-1,72,-1,54
1,<environment.Job instance at 0x7f2075125cd0>,56,16,[3 6],57,-1,73,-1,57
1,<environment.Job instance at 0x7f20751dc500>,63,18,[4 9],64,-1,82,-1,64
1,<environment.Job instance at 0x7f20751dc280>,64,26,[7 4],65,-1,91,-1,65
1,<environment.Job instance at 0x7f207531ee60>,68,16,[1 8],69,-1,85,-1,69
1,<environment.Job instance at 0x7f2074af51e0>,74,17,[10  4],75,-1,92,-1,75
1,<environment.Job instance at 0x7f20761aac80>,81,16,[8 1],82,-1,99,-1,83
1,<environment.Job instance at 0x7f20761aa870>,87,19,[4 7],88,-1,107,-1,88
1,<environment.Job instance at 0x7f20753853c0>,90,17,[2 8],91,-1,108,-1,91
1,<environment.Job instance at 0x7f207ee0ac30>,92,12,[10  3],93,-1,105,-1,93
1,<environment.Job instance at 0x7f20756bb410>,93,13,[5 1],94,-1,107,-1,94
1,<environment.Job instance at 0x7f20756bba00>,94,16,[6 3],95,-1,111,-1,95
1,<environment.Job instance at 0x7f20761aad20>,82,14,[ 2 12],83,-1,111,-1,97
1,<environment.Job instance at 0x7f2075e68f00>,97,18,[7 1],98,-1,116,-1,98
1,<environment.Job instance at 0x7f20756e16e0>,98,16,[10  3],99,-1,115,-1,99
1,<environment.Job instance at 0x7f20756e1d70>,99,15,[9 3],100,-1,115,-1,100
1,<environment.Job instance at 0x7f2075119aa0>,102,22,[6 2],103,-1,125,-1,103
1,<environment.Job instance at 0x7f20756e1c30>,103,16,[4 9],104,-1,120,-1,104
1,<environment.Job instance at 0x7f20756e19b0>,104,23,[6 5],105,-1,128,-1,105
1,<environment.Job instance at 0x7f2075f0f1e0>,108,12,[ 3 10],109,-1,121,-1,109
1,<environment.Job instance at 0x7f2075813be0>,111,12,[1 7],112,-1,125,-1,113
1,<environment.Job instance at 0x7f207599e8c0>,113,21,[7 4],114,-1,135,-1,114
1,<environment.Job instance at 0x7f20752ad2d0>,115,15,[ 5 11],116,-1,131,-1,116
1,<environment.Job instance at 0x7f2075f1fa00>,9,23,[5 5],10,-1,39,-1,16
1,<environment.Job instance at 0x7f2076076910>,15,24,[7 5],16,-1,64,-1,40
1,<environment.Job instance at 0x7f2075cfc0a0>,17,3,[ 2 13],18,-1,43,-1,40
1,<environment.Job instance at 0x7f2075fe3370>,30,1,[13  2],31,-1,78,-1,77
1,<environment.Job instance at 0x7f2074ff5f50>,33,1,[ 2 13],34,-1,90,-1,89
1,<environment.Job instance at 0x7f20750138c0>,36,1,[ 4 11],37,-1,105,-1,104
1,<environment.Job instance at 0x7f20760a68c0>,41,23,[7 5],42,-1,134,-1,111
1,<environment.Job instance at 0x7f20751318c0>,0,26,[5 7],1,-1,27,-1,1
1,<environment.Job instance at 0x7f2075131370>,1,16,[ 2 10],2,-1,21,-1,5
1,<environment.Job instance at 0x7f2075131550>,7,15,[1 7],8,-1,23,-1,8
1,<environment.Job instance at 0x7f2075131190>,8,18,[5 6],9,-1,27,-1,9
1,<environment.Job instance at 0x7f20751315f0>,9,27,[5 9],10,-1,37,-1,10
1,<environment.Job instance at 0x7f20751317d0>,11,12,[8 3],12,-1,26,-1,14
1,<environment.Job instance at 0x7f2075131be0>,4,20,[5 9],5,-1,37,-1,17
1,<environment.Job instance at 0x7f2075fa1e10>,0,26,[5 7],1,-1,27,-1,1
1,<environment.Job instance at 0x7f20763820f0>,9,27,[5 9],10,-1,45,-1,18
1,<environment.Job instance at 0x7f2076363870>,13,28,[3 5],14,-1,49,-1,21
1,<environment.Job instance at 0x7f2075faf5f0>,12,26,[ 1 10],13,-1,59,-1,33
1,<environment.Job instance at 0x7f207525dcd0>,29,14,[ 1 13],30,-1,73,-1,59
1,<environment.Job instance at 0x7f20753b1140>,32,16,[11  5],33,-1,77,-1,61
1,<environment.Job instance at 0x7f2075230640>,0,17,[4 8],1,-1,18,-1,1
1,<environment.Job instance at 0x7f20752307d0>,1,17,[3 6],2,-1,19,-1,2
1,<environment.Job instance at 0x7f2075230eb0>,2,17,[ 4 10],3,-1,20,-1,3
1,<environment.Job instance at 0x7f207534daf0>,9,18,[5 5],10,-1,28,-1,10
1,<environment.Job instance at 0x7f207534d2d0>,11,18,[5 5],12,-1,30,-1,12
1,<environment.Job instance at 0x7f207534daa0>,12,28,[5 1],13,-1,41,-1,13
1,<environment.Job instance at 0x7f207534d820>,16,17,[3 7],17,-1,34,-1,17
1,<environment.Job instance at 0x7f20753d0b40>,21,17,[ 4 10],22,-1,39,-1,22
1,<environment.Job instance at 0x7f20753d0370>,24,23,[2 9],25,-1,48,-1,25
1,<environment.Job instance at 0x7f20753d07d0>,25,18,[5 3],26,-1,44,-1,26
1,<environment.Job instance at 0x7f20753d05f0>,31,17,[6 1],32,-1,49,-1,32
1,<environment.Job instance at 0x7f20753b1d70>,32,16,[9 2],33,-1,49,-1,33
1,<environment.Job instance at 0x7f20753b1b90>,33,15,[5 8],34,-1,49,-1,34
1,<environment.Job instance at 0x7f20753b1780>,38,26,[2 5],39,-1,65,-1,39
1,<environment.Job instance at 0x7f20753b1410>,39,28,[4 8],40,-1,68,-1,40
1,<environment.Job instance at 0x7f20753b1f00>,40,28,[1 5],41,-1,69,-1,41
1,<environment.Job instance at 0x7f20753d06e0>,30,12,[ 4 10],31,-1,53,-1,41
1,<environment.Job instance at 0x7f207596e5f0>,46,22,[7 4],47,-1,69,-1,47
1,<environment.Job instance at 0x7f207596ee60>,48,18,[5 5],49,-1,67,-1,49
1,<environment.Job instance at 0x7f207596ef50>,49,15,[3 6],50,-1,65,-1,50
1,<environment.Job instance at 0x7f207596e190>,54,18,[ 2 10],55,-1,77,-1,59
1,<environment.Job instance at 0x7f2076305640>,62,18,[7 2],63,-1,82,-1,64
1,<environment.Job instance at 0x7f2076305aa0>,64,16,[5 8],65,-1,81,-1,65
1,<environment.Job instance at 0x7f20763053c0>,65,16,[2 7],66,-1,82,-1,66
1,<environment.Job instance at 0x7f20763051e0>,67,12,[10  4],68,-1,81,-1,69
1,<environment.Job instance at 0x7f20762de050>,69,16,[ 3 10],70,-1,87,-1,71
1,<environment.Job instance at 0x7f20762de690>,72,13,[1 7],73,-1,86,-1,73
1,<environment.Job instance at 0x7f20763050f0>,70,13,[8 2],71,-1,87,-1,74
1,<environment.Job instance at 0x7f20762de960>,73,15,[3 5],74,-1,90,-1,75
1,<environment.Job instance at 0x7f20762de0a0>,74,13,[6 5],75,-1,89,-1,76
1,<environment.Job instance at 0x7f20762de5a0>,76,20,[10  4],77,-1,98,-1,78
1,<environment.Job instance at 0x7f2075f989b0>,85,17,[5 8],86,-1,103,-1,86
1,<environment.Job instance at 0x7f20762e2c30>,90,16,[8 2],91,-1,113,-1,97
1,<environment.Job instance at 0x7f20762e26e0>,93,24,[9 2],94,-1,121,-1,97
1,<environment.Job instance at 0x7f207596e1e0>,43,13,[10  1],44,-1,112,-1,99
1,<environment.Job instance at 0x7f2075ce9320>,99,15,[10  5],100,-1,116,-1,101
1,<environment.Job instance at 0x7f2075361690>,101,24,[2 6],102,-1,126,-1,102
1,<environment.Job instance at 0x7f2075ce9fa0>,100,12,[9 2],101,-1,115,-1,103
1,<environment.Job instance at 0x7f207522e6e0>,102,15,[4 9],103,-1,118,-1,103
1,<environment.Job instance at 0x7f20762e2be0>,94,13,[6 5],95,-1,119,-1,106
1,<environment.Job instance at 0x7f20750b1140>,105,3,[1 5],106,-1,109,-1,106
1,<environment.Job instance at 0x7f2075fb1fa0>,103,13,[7 3],104,-1,119,-1,106
1,<environment.Job instance at 0x7f20750b1550>,106,15,[6 4],107,-1,125,-1,110
1,<environment.Job instance at 0x7f207630bcd0>,109,16,[ 1 10],110,-1,127,-1,111
1,<environment.Job instance at 0x7f207596ecd0>,47,28,[ 1 10],48,-1,142,-1,114
1,<environment.Job instance at 0x7f207630b640>,111,13,[3 5],112,-1,127,-1,114
1,<environment.Job instance at 0x7f20756aa730>,114,17,[11  5],115,-1,132,-1,115
1,<environment.Job instance at 0x7f20758da4b0>,116,12,[10  3],117,-1,129,-1,117
1,<environment.Job instance at 0x7f2075fa4960>,4,1,[ 1 11],5,-1,6,-1,5
1,<environment.Job instance at 0x7f2075fa4cd0>,5,1,[ 3 14],6,-1,7,-1,6
1,<environment.Job instance at 0x7f2075fa4d70>,12,28,[5 1],13,-1,48,-1,20
1,<environment.Job instance at 0x7f2074c8a550>,19,13,[ 1 13],20,-1,55,-1,42
1,<environment.Job instance at 0x7f20750cb820>,24,23,[2 9],25,-1,70,-1,47
1,<environment.Job instance at 0x7f2075230b40>,26,3,[14  4],27,-1,50,-1,47
1,<environment.Job instance at 0x7f20753b1460>,38,26,[2 5],39,-1,123,-1,97
1,<environment.Job instance at 0x7f20753b1050>,40,28,[1 5],41,-1,128,-1,100
1,<environment.Job instance at 0x7f20753b13c0>,39,28,[4 8],40,-1,138,-1,110
1,<environment.Job instance at 0x7f207596e780>,47,28,[ 1 10],48,-1,146,-1,118
1,<environment.Job instance at 0x7f2075c00d20>,2,18,[10  3],3,-1,21,-1,3
1,<environment.Job instance at 0x7f2075c00c30>,4,24,[5 8],5,-1,29,-1,5
1,<environment.Job instance at 0x7f2075be41e0>,7,18,[3 8],8,-1,26,-1,8
1,<environment.Job instance at 0x7f2075be4500>,12,13,[3 6],13,-1,26,-1,13
1,<environment.Job instance at 0x7f2075be4690>,14,18,[1 8],15,-1,33,-1,15
1,<environment.Job instance at 0x7f2075be47d0>,16,23,[9 5],17,-1,40,-1,17
1,<environment.Job instance at 0x7f2075be4910>,17,18,[1 8],18,-1,36,-1,18
1,<environment.Job instance at 0x7f2075be4a00>,19,17,[6 3],20,-1,37,-1,20
1,<environment.Job instance at 0x7f2075be4870>,22,18,[1 6],23,-1,41,-1,23
1,<environment.Job instance at 0x7f2075be4eb0>,23,17,[10  3],24,-1,41,-1,24
1,<environment.Job instance at 0x7f2075bec0a0>,25,16,[7 4],26,-1,42,-1,26
1,<environment.Job instance at 0x7f2075be70a0>,44,27,[3 8],45,-1,72,-1,45
1,<environment.Job instance at 0x7f2075be78c0>,47,18,[4 5],48,-1,67,-1,49
1,<environment.Job instance at 0x7f2075bec780>,33,27,[5 6],34,-1,76,-1,49
1,<environment.Job instance at 0x7f2075be7140>,41,12,[10  1],42,-1,61,-1,49
1,<environment.Job instance at 0x7f2075be7870>,49,17,[7 5],50,-1,67,-1,50
1,<environment.Job instance at 0x7f2075be7a00>,48,15,[5 4],49,-1,67,-1,52
1,<environment.Job instance at 0x7f2075be7c80>,53,18,[1 8],54,-1,73,-1,55
1,<environment.Job instance at 0x7f2075be7eb0>,55,27,[4 6],56,-1,83,-1,56
1,<environment.Job instance at 0x7f2075bec5f0>,32,17,[6 3],33,-1,75,-1,58
1,<environment.Job instance at 0x7f2075be7e10>,54,17,[3 6],55,-1,75,-1,58
1,<environment.Job instance at 0x7f20750dc2d0>,59,17,[7 1],60,-1,82,-1,65
1,<environment.Job instance at 0x7f2075bd0640>,60,16,[10  3],61,-1,81,-1,65
1,<environment.Job instance at 0x7f2075be7d70>,56,15,[8 5],57,-1,80,-1,65
1,<environment.Job instance at 0x7f2075bdc7d0>,65,3,[2 6],66,-1,69,-1,66
1,<environment.Job instance at 0x7f2075becaa0>,36,16,[ 3 11],37,-1,82,-1,66
1,<environment.Job instance at 0x7f2075bdcc30>,66,15,[5 2],67,-1,82,-1,67
1,<environment.Job instance at 0x7f2075bdcb40>,63,12,[9 4],64,-1,79,-1,67
1,<environment.Job instance at 0x7f20762f60a0>,58,12,[4 8],59,-1,84,-1,72
1,<environment.Job instance at 0x7f2075bdc640>,71,13,[ 1 10],72,-1,85,-1,72
1,<environment.Job instance at 0x7f2075bdc550>,72,17,[3 8],73,-1,90,-1,73
1,<environment.Job instance at 0x7f2075bdc8c0>,70,14,[11  5],71,-1,88,-1,74
1,<environment.Job instance at 0x7f2075bdc5a0>,73,14,[4 9],74,-1,88,-1,74
1,<environment.Job instance at 0x7f2075bdc1e0>,74,28,[4 7],75,-1,103,-1,75
1,<environment.Job instance at 0x7f2075bdc0a0>,75,13,[ 3 10],76,-1,89,-1,76
1,<environment.Job instance at 0x7f2075527410>,78,14,[10  3],79,-1,93,-1,79
1,<environment.Job instance at 0x7f2074b3a4b0>,79,18,[8 2],80,-1,98,-1,80
1,<environment.Job instance at 0x7f2074eadaf0>,80,24,[9 4],81,-1,105,-1,81
1,<environment.Job instance at 0x7f207592a6e0>,81,17,[5 4],82,-1,99,-1,82
1,<environment.Job instance at 0x7f2075918460>,84,14,[3 7],85,-1,99,-1,85
1,<environment.Job instance at 0x7f2074e5fc80>,86,18,[10  1],87,-1,105,-1,87
1,<environment.Job instance at 0x7f207551e8c0>,87,12,[3 7],88,-1,100,-1,88
1,<environment.Job instance at 0x7f2075918410>,88,16,[7 1],89,-1,105,-1,89
1,<environment.Job instance at 0x7f2074e3c280>,89,15,[ 4 10],90,-1,105,-1,90
1,<environment.Job instance at 0x7f2075903820>,90,17,[3 8],91,-1,108,-1,91
1,<environment.Job instance at 0x7f20764072d0>,93,17,[7 3],94,-1,111,-1,94
1,<environment.Job instance at 0x7f207641f690>,97,18,[3 9],98,-1,116,-1,98
1,<environment.Job instance at 0x7f2076404aa0>,98,12,[3 9],99,-1,111,-1,99
1,<environment.Job instance at 0x7f2075bf3d70>,103,17,[10  3],104,-1,121,-1,104
1,<environment.Job instance at 0x7f2075bf3e60>,106,16,[2 9],107,-1,123,-1,107
1,<environment.Job instance at 0x7f20759058c0>,107,22,[10  4],108,-1,130,-1,108
1,<environment.Job instance at 0x7f2075905820>,108,21,[7 1],109,-1,130,-1,109
1,<environment.Job instance at 0x7f2075905a00>,112,21,[5 3],113,-1,134,-1,113
1,<environment.Job instance at 0x7f2075905550>,114,15,[4 8],115,-1,130,-1,115
1,<environment.Job instance at 0x7f2074b4c870>,4,24,[5 8],5,-1,38,-1,14
1,<environment.Job instance at 0x7f2075398cd0>,10,2,[14  3],11,-1,16,-1,14
1,<environment.Job instance at 0x7f20758ece10>,6,24,[10  2],7,-1,45,-1,21
1,<environment.Job instance at 0x7f2075002500>,16,23,[9 5],17,-1,72,-1,49
1,<environment.Job instance at 0x7f20750d4230>,29,1,[13  5],30,-1,70,-1,69
1,<environment.Job instance at 0x7f20750d4410>,33,27,[5 6],34,-1,103,-1,76
1,<environment.Job instance at 0x7f20758e83c0>,36,16,[ 3 11],37,-1,92,-1,76
1,<environment.Job instance at 0x7f20758e82d0>,38,25,[11  1],39,-1,112,-1,87
1,<environment.Job instance at 0x7f2075f980f0>,44,27,[3 8],45,-1,136,-1,109
1,<environment.Job instance at 0x7f20750275f0>,50,18,[12  3],51,-1,128,-1,110
1,<environment.Job instance at 0x7f2075848fa0>,6,21,[10  2],7,-1,34,-1,13
1,<environment.Job instance at 0x7f2075848eb0>,14,16,[8 4],15,-1,31,-1,15
1,<environment.Job instance at 0x7f2075848af0>,12,15,[3 8],13,-1,31,-1,16
1,<environment.Job instance at 0x7f2075848b40>,16,14,[ 2 10],17,-1,31,-1,17
1,<environment.Job instance at 0x7f207612ceb0>,18,14,[6 4],19,-1,36,-1,22
1,<environment.Job instance at 0x7f207612cdc0>,22,14,[7 5],23,-1,37,-1,23
1,<environment.Job instance at 0x7f207612c7d0>,26,18,[10  3],27,-1,47,-1,29
1,<environment.Job instance at 0x7f207612c8c0>,20,25,[ 4 10],21,-1,56,-1,31
1,<environment.Job instance at 0x7f207612c050>,21,22,[9 1],22,-1,54,-1,32
1,<environment.Job instance at 0x7f2075fb4690>,30,17,[ 5 14],31,-1,51,-1,34
1,<environment.Job instance at 0x7f207612c730>,27,19,[ 2 10],28,-1,54,-1,35
1,<environment.Job instance at 0x7f2075fb4fa0>,33,15,[5 7],34,-1,57,-1,42
1,<environment.Job instance at 0x7f2075fb4640>,38,15,[2 6],39,-1,57,-1,42
1,<environment.Job instance at 0x7f2075fb49b0>,37,17,[ 5 10],38,-1,59,-1,42
1,<environment.Job instance at 0x7f2075fb4e10>,40,17,[6 1],41,-1,60,-1,43
1,<environment.Job instance at 0x7f2075fb4b40>,39,16,[5 5],40,-1,80,-1,64
1,<environment.Job instance at 0x7f2075c4ee10>,55,18,[7 4],56,-1,82,-1,64
1,<environment.Job instance at 0x7f2074ebef00>,66,15,[10  5],67,-1,91,-1,76
1,<environment.Job instance at 0x7f2075918320>,0,14,[12  5],1,-1,15,-1,1
1,<environment.Job instance at 0x7f2074cf3960>,20,25,[ 4 10],21,-1,81,-1,56
1,<environment.Job instance at 0x7f2075d9fd70>,24,14,[ 2 11],25,-1,70,-1,56
1,<environment.Job instance at 0x7f20758eda00>,30,17,[ 5 14],31,-1,89,-1,72
1,<environment.Job instance at 0x7f2074cd43c0>,1,16,[1 7],2,-1,18,-1,2
1,<environment.Job instance at 0x7f2074d190a0>,3,19,[3 9],4,-1,23,-1,4
1,<environment.Job instance at 0x7f20759dca50>,5,17,[9 1],6,-1,24,-1,7
1,<environment.Job instance at 0x7f20759dcf50>,7,14,[5 6],8,-1,22,-1,8
1,<environment.Job instance at 0x7f207552b640>,9,18,[5 3],10,-1,28,-1,10
1,<environment.Job instance at 0x7f207552bf50>,11,20,[10  2],12,-1,32,-1,12
1,<environment.Job instance at 0x7f2074a6b9b0>,6,12,[3 9],7,-1,26,-1,14
1,<environment.Job instance at 0x7f2074f846e0>,17,18,[1 8],18,-1,37,-1,19
1,<environment.Job instance at 0x7f207e9c4320>,19,1,[10  2],20,-1,21,-1,20
1,<environment.Job instance at 0x7f20758facd0>,20,18,[8 3],21,-1,39,-1,21
1,<environment.Job instance at 0x7f207e9c44b0>,23,17,[6 1],24,-1,41,-1,24
1,<environment.Job instance at 0x7f20758faa00>,24,12,[4 5],25,-1,37,-1,25
1,<environment.Job instance at 0x7f20758fa320>,25,15,[14  4],26,-1,41,-1,26
1,<environment.Job instance at 0x7f20758fa050>,26,2,[10  3],27,-1,29,-1,27
1,<environment.Job instance at 0x7f20758fa500>,27,20,[1 5],28,-1,48,-1,28
1,<environment.Job instance at 0x7f2074af5af0>,28,27,[6 3],29,-1,56,-1,29
1,<environment.Job instance at 0x7f2074af5cd0>,29,27,[3 5],30,-1,58,-1,31
1,<environment.Job instance at 0x7f2074af5b90>,31,16,[5 5],32,-1,48,-1,32
1,<environment.Job instance at 0x7f207541d730>,34,15,[7 4],35,-1,50,-1,35
1,<environment.Job instance at 0x7f207541de60>,37,17,[4 9],38,-1,55,-1,38
1,<environment.Job instance at 0x7f2074b71be0>,39,13,[10  2],40,-1,53,-1,40
1,<environment.Job instance at 0x7f2074b719b0>,40,23,[5 8],41,-1,64,-1,41
1,<environment.Job instance at 0x7f2074b71460>,41,12,[8 5],42,-1,54,-1,42
1,<environment.Job instance at 0x7f2074b71eb0>,42,17,[ 5 10],43,-1,60,-1,43
1,<environment.Job instance at 0x7f2074b71410>,44,18,[3 5],45,-1,63,-1,45
1,<environment.Job instance at 0x7f207538e500>,48,15,[8 2],49,-1,64,-1,49
1,<environment.Job instance at 0x7f2074fbba50>,49,13,[10  2],50,-1,63,-1,50
1,<environment.Job instance at 0x7f2074fbb0a0>,51,14,[9 3],52,-1,66,-1,52
1,<environment.Job instance at 0x7f2074fbbcd0>,52,14,[ 3 10],53,-1,67,-1,53
1,<environment.Job instance at 0x7f2074fbbaf0>,56,13,[ 5 10],57,-1,70,-1,57
1,<environment.Job instance at 0x7f2075fe9be0>,62,16,[1 7],63,-1,79,-1,63
1,<environment.Job instance at 0x7f2075e19dc0>,64,18,[2 5],65,-1,83,-1,65
1,<environment.Job instance at 0x7f2075fe9870>,65,18,[2 9],66,-1,84,-1,66
1,<environment.Job instance at 0x7f20752fd5a0>,67,15,[10  1],68,-1,83,-1,68
1,<environment.Job instance at 0x7f2075896320>,68,28,[9 5],69,-1,97,-1,69
1,<environment.Job instance at 0x7f2075efdc80>,75,17,[8 3],76,-1,93,-1,76
1,<environment.Job instance at 0x7f2075efda00>,76,22,[4 9],77,-1,99,-1,77
1,<environment.Job instance at 0x7f20752adb40>,82,18,[7 3],83,-1,101,-1,83
1,<environment.Job instance at 0x7f20752ad4b0>,85,14,[8 2],86,-1,100,-1,86
1,<environment.Job instance at 0x7f2075b1bc80>,90,15,[8 2],91,-1,106,-1,91
1,<environment.Job instance at 0x7f2075b1ba50>,91,16,[4 9],92,-1,108,-1,92
1,<environment.Job instance at 0x7f2075b1b730>,92,15,[9 5],93,-1,108,-1,93
1,<environment.Job instance at 0x7f2075399730>,96,16,[ 5 10],97,-1,113,-1,97
1,<environment.Job instance at 0x7f2076190d70>,97,13,[10  3],98,-1,111,-1,98
1,<environment.Job instance at 0x7f2075df80a0>,98,18,[10  5],99,-1,117,-1,99
1,<environment.Job instance at 0x7f2074e8bc30>,100,17,[6 4],101,-1,118,-1,101
1,<environment.Job instance at 0x7f2074e8b3c0>,101,23,[9 2],102,-1,125,-1,102
1,<environment.Job instance at 0x7f2074e8bbe0>,103,13,[8 4],104,-1,117,-1,104
1,<environment.Job instance at 0x7f2074e8bdc0>,109,15,[ 5 10],110,-1,125,-1,110
1,<environment.Job instance at 0x7f2075848690>,0,1,[13  1],1,-1,2,-1,1
1,<environment.Job instance at 0x7f2075868780>,13,15,[ 3 14],14,-1,38,-1,23
1,<environment.Job instance at 0x7f20753b1d20>,18,3,[13  1],19,-1,38,-1,35
1,<environment.Job instance at 0x7f20753b10f0>,25,15,[14  4],26,-1,59,-1,44
1,<environment.Job instance at 0x7f2075aeecd0>,29,27,[3 5],30,-1,84,-1,57
1,<environment.Job instance at 0x7f20758a4320>,28,27,[6 3],29,-1,85,-1,58
1,<environment.Job instance at 0x7f207552baa0>,32,2,[12  2],33,-1,60,-1,58
1,<environment.Job instance at 0x7f2074fbb2d0>,40,23,[5 8],41,-1,111,-1,88
1,<environment.Job instance at 0x7f2075b1b050>,47,12,[ 2 14],48,-1,125,-1,113
1,<environment.Job instance at 0x7f2075fe0320>,0,18,[3 7],1,-1,19,-1,1
1,<environment.Job instance at 0x7f207ea4c730>,14,22,[7 4],15,-1,46,-1,24
1,<environment.Job instance at 0x7f2075ac2050>,10,17,[10  2],11,-1,41,-1,24
1,<environment.Job instance at 0x7f2075c4ca50>,20,20,[ 3 10],21,-1,44,-1,24
1,<environment.Job instance at 0x7f2076130d70>,17,16,[5 1],18,-1,40,-1,24
1,<environment.Job instance at 0x7f2074e71e60>,18,17,[14  2],19,-1,41,-1,24
1,<environment.Job instance at 0x7f2074ac1140>,22,14,[11  5],23,-1,39,-1,25
1,<environment.Job instance at 0x7f2075ac28c0>,9,13,[ 5 11],10,-1,38,-1,25
1,<environment.Job instance at 0x7f2075273c30>,24,16,[9 5],25,-1,41,-1,25
1,<environment.Job instance at 0x7f207635b190>,27,15,[4 6],28,-1,45,-1,30
1,<environment.Job instance at 0x7f207635b870>,29,18,[1 9],30,-1,49,-1,31
1,<environment.Job instance at 0x7f2075811500>,38,17,[3 8],39,-1,56,-1,39
1,<environment.Job instance at 0x7f207580caa0>,39,14,[5 4],40,-1,54,-1,40
1,<environment.Job instance at 0x7f2074ade6e0>,41,12,[6 4],42,-1,55,-1,43
1,<environment.Job instance at 0x7f2074ae2780>,49,18,[6 3],50,-1,68,-1,50
1,<environment.Job instance at 0x7f2074ae28c0>,52,17,[9 3],53,-1,70,-1,53
1,<environment.Job instance at 0x7f2074ababe0>,42,14,[ 2 11],43,-1,69,-1,55
1,<environment.Job instance at 0x7f2074ae27d0>,54,21,[1 8],55,-1,79,-1,58
1,<environment.Job instance at 0x7f2074ad26e0>,57,13,[5 6],58,-1,73,-1,60
1,<environment.Job instance at 0x7f2076130b40>,16,17,[5 8],17,-1,84,-1,67
1,<environment.Job instance at 0x7f2074ad2730>,59,19,[2 5],60,-1,86,-1,67
1,<environment.Job instance at 0x7f2075256230>,67,17,[10  4],68,-1,85,-1,68
1,<environment.Job instance at 0x7f20752560a0>,68,17,[9 3],69,-1,86,-1,69
1,<environment.Job instance at 0x7f20752563c0>,69,18,[2 7],70,-1,88,-1,70
1,<environment.Job instance at 0x7f2075256460>,70,16,[ 1 10],71,-1,88,-1,72
1,<environment.Job instance at 0x7f20752567d0>,73,23,[5 6],74,-1,98,-1,75
1,<environment.Job instance at 0x7f2075256b40>,76,16,[10  2],77,-1,94,-1,78
1,<environment.Job instance at 0x7f207525a0f0>,82,14,[9 2],83,-1,97,-1,83
1,<environment.Job instance at 0x7f207525a6e0>,87,14,[10  2],88,-1,102,-1,88
1,<environment.Job instance at 0x7f207525a7d0>,88,15,[5 3],89,-1,104,-1,89
1,<environment.Job instance at 0x7f207525a5f0>,89,15,[4 9],90,-1,105,-1,90
1,<environment.Job instance at 0x7f207525aaf0>,91,17,[9 4],92,-1,109,-1,92
1,<environment.Job instance at 0x7f2074ae23c0>,48,14,[7 1],49,-1,112,-1,98
1,<environment.Job instance at 0x7f207525ad20>,95,16,[3 7],96,-1,114,-1,98
1,<environment.Job instance at 0x7f2075252410>,100,12,[ 1 14],101,-1,123,-1,111
1,<environment.Job instance at 0x7f2075252140>,97,18,[10  3],98,-1,129,-1,111
1,<environment.Job instance at 0x7f2075252690>,104,24,[4 8],105,-1,135,-1,111
1,<environment.Job instance at 0x7f20752524b0>,101,16,[1 7],102,-1,127,-1,111
1,<environment.Job instance at 0x7f2075252870>,106,23,[9 2],107,-1,134,-1,111
1,<environment.Job instance at 0x7f2075252460>,107,18,[3 6],108,-1,130,-1,112
1,<environment.Job instance at 0x7f2075252960>,109,27,[ 5 10],110,-1,146,-1,119
1,<environment.Job instance at 0x7f20756bbe60>,2,22,[ 4 11],3,-1,25,-1,3
1,<environment.Job instance at 0x7f20756bb780>,6,15,[13  2],7,-1,22,-1,7
1,<environment.Job instance at 0x7f20756bb6e0>,9,13,[ 5 11],10,-1,23,-1,10
1,<environment.Job instance at 0x7f20758a0280>,13,3,[ 3 14],14,-1,22,-1,19
1,<environment.Job instance at 0x7f20758a0f50>,18,17,[14  2],19,-1,39,-1,22
1,<environment.Job instance at 0x7f20758a0f00>,22,14,[11  5],23,-1,52,-1,38
1,<environment.Job instance at 0x7f2074b0d0a0>,37,1,[12  4],38,-1,68,-1,67
1,<environment.Job instance at 0x7f2074b30550>,42,14,[ 2 11],43,-1,101,-1,87
1,<environment.Job instance at 0x7f207ea46c30>,45,13,[ 3 14],46,-1,102,-1,89
1,<environment.Job instance at 0x7fa3d5d8cb90>,2,22,[4 8],3,-1,25,-1,3
1,<environment.Job instance at 0x7fa3d5d911e0>,9,18,[11  5],10,-1,28,-1,10
1,<environment.Job instance at 0x7fa3d5d91050>,11,15,[4 8],12,-1,27,-1,12
1,<environment.Job instance at 0x7fa3d5d91320>,13,18,[ 4 10],14,-1,32,-1,14
1,<environment.Job instance at 0x7fa3df3d68c0>,15,18,[2 8],16,-1,35,-1,17
1,<environment.Job instance at 0x7fa3d5d91d20>,24,18,[2 6],25,-1,44,-1,26
1,<environment.Job instance at 0x7fa3d5d92140>,27,15,[8 4],28,-1,46,-1,31
1,<environment.Job instance at 0x7fa3d5d91dc0>,23,27,[1 6],24,-1,59,-1,32
1,<environment.Job instance at 0x7fa3d5d92410>,30,14,[5 2],31,-1,46,-1,32
1,<environment.Job instance at 0x7fa3d5d91640>,16,16,[3 5],17,-1,52,-1,36
1,<environment.Job instance at 0x7fa3d5d926e0>,33,14,[5 5],34,-1,51,-1,37
1,<environment.Job instance at 0x7fa3d5d92820>,35,15,[9 5],36,-1,52,-1,37
1,<environment.Job instance at 0x7fa3d5d92d20>,40,15,[10  3],41,-1,59,-1,44
1,<environment.Job instance at 0x7fa3d5d92280>,29,12,[5 4],30,-1,62,-1,50
1,<environment.Job instance at 0x7fa3d5d960a0>,43,18,[5 5],44,-1,68,-1,50
1,<environment.Job instance at 0x7fa3d5d962d0>,46,17,[12  2],47,-1,67,-1,50
1,<environment.Job instance at 0x7fa3d5d96460>,48,15,[10  1],49,-1,65,-1,50
1,<environment.Job instance at 0x7fa3d5d92780>,34,24,[1 8],35,-1,74,-1,50
1,<environment.Job instance at 0x7fa3d5d96410>,49,16,[2 5],50,-1,66,-1,50
1,<environment.Job instance at 0x7fa3d5d96a50>,53,17,[5 7],54,-1,71,-1,54
1,<environment.Job instance at 0x7fa3d5d96c80>,56,17,[8 5],57,-1,75,-1,58
1,<environment.Job instance at 0x7fa3d5d922d0>,28,23,[10  4],29,-1,82,-1,59
1,<environment.Job instance at 0x7fa3d5d96d20>,57,18,[2 8],58,-1,77,-1,59
1,<environment.Job instance at 0x7fa3d5d9a2d0>,62,22,[6 4],63,-1,85,-1,63
1,<environment.Job instance at 0x7fa3d5d9a050>,64,18,[2 9],65,-1,83,-1,65
1,<environment.Job instance at 0x7fa3d5d9a5f0>,65,20,[2 6],66,-1,86,-1,66
1,<environment.Job instance at 0x7fa3d5d96e60>,59,17,[1 6],60,-1,101,-1,84
1,<environment.Job instance at 0x7fa3d5d923c0>,36,13,[ 3 14],37,-1,97,-1,84
1,<environment.Job instance at 0x7fa3d5d99140>,78,12,[10  2],79,-1,96,-1,84
1,<environment.Job instance at 0x7fa3d5d992d0>,79,13,[9 4],80,-1,97,-1,84
1,<environment.Job instance at 0x7fa3d5d99230>,80,14,[2 6],81,-1,98,-1,84
1,<environment.Job instance at 0x7fa3d5d990a0>,81,15,[5 9],82,-1,99,-1,84
1,<environment.Job instance at 0x7fa3d5d993c0>,82,16,[ 4 10],83,-1,100,-1,84
1,<environment.Job instance at 0x7fa3d5d99500>,83,20,[7 1],84,-1,105,-1,85
1,<environment.Job instance at 0x7fa3d5d9afa0>,77,13,[8 5],78,-1,98,-1,85
1,<environment.Job instance at 0x7fa3d5d9ad20>,76,19,[4 8],77,-1,111,-1,92
1,<environment.Job instance at 0x7fa3d5d966e0>,50,16,[12  2],51,-1,108,-1,92
1,<environment.Job instance at 0x7fa3d5d995f0>,85,17,[3 9],86,-1,109,-1,92
1,<environment.Job instance at 0x7fa3d5d9a6e0>,67,27,[ 1 10],68,-1,119,-1,92
1,<environment.Job instance at 0x7fa3d5d99550>,86,18,[9 2],87,-1,110,-1,92
1,<environment.Job instance at 0x7fa3d5d996e0>,84,18,[3 7],85,-1,110,-1,92
1,<environment.Job instance at 0x7fa3d5d99dc0>,92,20,[1 5],93,-1,113,-1,93
1,<environment.Job instance at 0x7fa3d5d87050>,95,15,[5 7],96,-1,111,-1,96
1,<environment.Job instance at 0x7fa3d5d84a00>,100,18,[2 7],101,-1,120,-1,102
1,<environment.Job instance at 0x7fa3d5d84410>,102,16,[3 9],103,-1,119,-1,103
1,<environment.Job instance at 0x7fa3d5e9beb0>,101,18,[ 1 10],102,-1,131,-1,113
1,<environment.Job instance at 0x7fa3d5d84960>,107,17,[9 3],108,-1,130,-1,113
1,<environment.Job instance at 0x7fa3d5d846e0>,106,15,[11  1],107,-1,128,-1,113
1,<environment.Job instance at 0x7fa3d5f110f0>,111,26,[ 5 10],112,-1,140,-1,114
1,<environment.Job instance at 0x7fa3d5ea8960>,99,18,[12  5],100,-1,132,-1,114
1,<environment.Job instance at 0x7fa3d5e50050>,113,15,[6 1],114,-1,129,-1,114
1,<environment.Job instance at 0x7fa3d5d998c0>,89,14,[5 3],90,-1,129,-1,115
1,<environment.Job instance at 0x7fa3d5eb10a0>,115,16,[7 5],116,-1,132,-1,116
1,<environment.Job instance at 0x7fa3d5d84aa0>,104,15,[1 9],105,-1,132,-1,117
1,<environment.Job instance at 0x7fa3d5eb7910>,119,20,[2 6],120,-1,140,-1,120
1,<environment.Job instance at 0x7fa3d5d92cd0>,1,22,[11  3],2,-1,24,-1,2
1,<environment.Job instance at 0x7fa3d5ee2550>,9,18,[11  5],10,-1,32,-1,14
1,<environment.Job instance at 0x7fa3d5f34d70>,12,26,[ 1 10],13,-1,82,-1,56
1,<environment.Job instance at 0x7fa3d5e50a50>,23,27,[1 6],24,-1,87,-1,60
1,<environment.Job instance at 0x7fa3d5eb0460>,28,23,[10  4],29,-1,97,-1,74
1,<environment.Job instance at 0x7fa3d5e49780>,34,24,[1 8],35,-1,117,-1,93
1,<environment.Job instance at 0x7fa3d5e49820>,36,13,[ 3 14],37,-1,106,-1,93
1,<environment.Job instance at 0x7fa3df3d6780>,46,17,[12  2],47,-1,134,-1,117
1,<environment.Job instance at 0x7fa3d54d89b0>,0,15,[8 3],1,-1,18,-1,3
1,<environment.Job instance at 0x7fa3d54d8d20>,3,16,[ 3 10],4,-1,20,-1,4
1,<environment.Job instance at 0x7fa3d54d8190>,5,14,[ 2 10],6,-1,20,-1,6
1,<environment.Job instance at 0x7fa3d54d8820>,6,1,[9 3],7,-1,8,-1,7
1,<environment.Job instance at 0x7fa3d54d8050>,7,20,[9 2],8,-1,28,-1,8
1,<environment.Job instance at 0x7fa3d54d0190>,8,16,[11  2],9,-1,25,-1,9
1,<environment.Job instance at 0x7fa3d54d07d0>,9,18,[ 1 12],10,-1,28,-1,10
1,<environment.Job instance at 0x7fa3d54d0e10>,10,16,[2 8],11,-1,27,-1,11
1,<environment.Job instance at 0x7fa3d54d00a0>,11,13,[5 6],12,-1,25,-1,12
1,<environment.Job instance at 0x7fa3d54d0e60>,13,15,[ 1 12],14,-1,29,-1,14
1,<environment.Job instance at 0x7fa3d54dca00>,16,17,[1 7],17,-1,34,-1,17
1,<environment.Job instance at 0x7fa3d54d86e0>,2,13,[ 5 10],3,-1,30,-1,17
1,<environment.Job instance at 0x7fa3d54dce10>,21,15,[10  4],22,-1,38,-1,23
1,<environment.Job instance at 0x7fa3d54d90f0>,24,14,[8 4],25,-1,39,-1,25
1,<environment.Job instance at 0x7fa3d54d96e0>,28,14,[9 5],29,-1,43,-1,29
1,<environment.Job instance at 0x7fa3d54d9b40>,31,15,[1 7],32,-1,47,-1,32
1,<environment.Job instance at 0x7fa3d54daf00>,33,15,[5 2],34,-1,49,-1,34
1,<environment.Job instance at 0x7fa3d54dc0f0>,22,14,[1 8],23,-1,50,-1,36
1,<environment.Job instance at 0x7fa3d5424a50>,38,19,[6 4],39,-1,58,-1,39
1,<environment.Job instance at 0x7fa3d5430640>,43,18,[6 5],44,-1,62,-1,44
1,<environment.Job instance at 0x7fa3d547e780>,45,16,[ 2 10],46,-1,64,-1,48
1,<environment.Job instance at 0x7fa3d5404870>,48,3,[14  4],49,-1,52,-1,49
1,<environment.Job instance at 0x7fa3d5404370>,49,14,[2 6],50,-1,64,-1,50
1,<environment.Job instance at 0x7fa3d5ce2fa0>,50,1,[5 8],51,-1,52,-1,51
1,<environment.Job instance at 0x7fa3d55370a0>,51,13,[8 5],52,-1,65,-1,52
1,<environment.Job instance at 0x7fa3d5537370>,52,14,[2 9],53,-1,67,-1,53
1,<environment.Job instance at 0x7fa3d542a2d0>,47,21,[ 3 10],48,-1,76,-1,55
1,<environment.Job instance at 0x7fa3d53c63c0>,58,21,[9 4],59,-1,81,-1,60
1,<environment.Job instance at 0x7fa3d53c6690>,59,12,[9 3],60,-1,72,-1,60
1,<environment.Job instance at 0x7fa3d53918c0>,60,18,[10  3],61,-1,80,-1,62
1,<environment.Job instance at 0x7fa3d54d0230>,61,17,[10  2],62,-1,79,-1,62
1,<environment.Job instance at 0x7fa3d53aa410>,70,13,[10  5],71,-1,85,-1,72
1,<environment.Job instance at 0x7fa3d53a9730>,73,14,[7 5],74,-1,88,-1,74
1,<environment.Job instance at 0x7fa3d53a90f0>,75,14,[10  2],76,-1,90,-1,76
1,<environment.Job instance at 0x7fa3d53aa2d0>,71,14,[1 6],72,-1,96,-1,82
1,<environment.Job instance at 0x7fa3d538d4b0>,84,16,[7 2],85,-1,103,-1,87
1,<environment.Job instance at 0x7fa3d53a3e10>,90,18,[4 5],91,-1,109,-1,91
1,<environment.Job instance at 0x7fa3d53a3d70>,91,18,[2 8],92,-1,110,-1,92
1,<environment.Job instance at 0x7fa3d538d460>,86,12,[ 3 10],87,-1,104,-1,92
1,<environment.Job instance at 0x7fa3d53b0a50>,94,16,[9 4],95,-1,113,-1,97
1,<environment.Job instance at 0x7fa3d53b0320>,93,14,[11  3],94,-1,115,-1,101
1,<environment.Job instance at 0x7fa3d53a57d0>,102,20,[1 7],103,-1,123,-1,103
1,<environment.Job instance at 0x7fa3d533d280>,106,19,[2 7],107,-1,126,-1,107
1,<environment.Job instance at 0x7fa3d53aa5f0>,68,12,[14  4],69,-1,122,-1,110
1,<environment.Job instance at 0x7fa3d533d7d0>,108,18,[6 3],109,-1,129,-1,111
1,<environment.Job instance at 0x7fa3d53a5190>,98,15,[7 5],99,-1,129,-1,114
1,<environment.Job instance at 0x7fa3d549b690>,113,24,[7 4],114,-1,138,-1,114
1,<environment.Job instance at 0x7fa3d53a5e10>,100,13,[7 4],101,-1,128,-1,115
1,<environment.Job instance at 0x7fa3d5c200f0>,114,16,[7 5],115,-1,131,-1,115
1,<environment.Job instance at 0x7fa3df3feb90>,116,16,[7 4],117,-1,133,-1,117
1,<environment.Job instance at 0x7fa3d5532960>,118,18,[4 6],119,-1,137,-1,119
1,<environment.Job instance at 0x7fa3d541a280>,121,27,[4 7],122,-1,149,-1,122
1,<environment.Job instance at 0x7fa3d541ab40>,122,26,[8 4],123,-1,149,-1,123
1,<environment.Job instance at 0x7fa3df47d910>,124,14,[5 5],125,-1,139,-1,125
1,<environment.Job instance at 0x7fa3df3d6280>,127,17,[5 2],128,-1,145,-1,128
1,<environment.Job instance at 0x7fa3df3ffa50>,128,18,[4 5],129,-1,147,-1,129
1,<environment.Job instance at 0x7fa3d5595690>,8,16,[11  2],9,-1,32,-1,16
1,<environment.Job instance at 0x7fa3d5595f50>,9,18,[ 1 12],10,-1,34,-1,16
1,<environment.Job instance at 0x7fa3d55b45f0>,13,15,[ 1 12],14,-1,32,-1,17
1,<environment.Job instance at 0x7fa3d55b4d70>,15,3,[ 4 13],16,-1,22,-1,19
1,<environment.Job instance at 0x7fa3d558eb90>,17,1,[ 1 14],18,-1,21,-1,20
1,<environment.Job instance at 0x7fa3d554b910>,30,3,[13  3],31,-1,70,-1,67
1,<environment.Job instance at 0x7fa3d5557690>,35,13,[ 1 14],36,-1,85,-1,72
1,<environment.Job instance at 0x7fa3d5588460>,46,2,[11  5],47,-1,95,-1,93
1,<environment.Job instance at 0x7fa3d5544c30>,48,3,[14  4],49,-1,103,-1,100
1,<environment.Job instance at 0x7fa3d539f410>,7,13,[9 2],8,-1,22,-1,9
1,<environment.Job instance at 0x7fa3d539ff50>,10,17,[2 6],11,-1,28,-1,11
1,<environment.Job instance at 0x7fa3d539f7d0>,11,15,[8 4],12,-1,27,-1,12
1,<environment.Job instance at 0x7fa3df3d5730>,8,15,[3 6],9,-1,30,-1,15
1,<environment.Job instance at 0x7fa3d539f5f0>,16,28,[6 5],17,-1,46,-1,18
1,<environment.Job instance at 0x7fa3d539f910>,17,18,[5 9],18,-1,36,-1,18
1,<environment.Job instance at 0x7fa3d539f690>,21,15,[14  1],22,-1,37,-1,22
1,<environment.Job instance at 0x7fa3d539f550>,18,13,[5 1],19,-1,38,-1,25
1,<environment.Job instance at 0x7fa3d539f2d0>,24,15,[10  4],25,-1,40,-1,25
1,<environment.Job instance at 0x7fa3df5414b0>,0,25,[ 3 10],1,-1,26,-1,1
1,<environment.Job instance at 0x7fa3d54175f0>,13,23,[10  1],14,-1,40,-1,17
1,<environment.Job instance at 0x7fa3d5417e60>,16,28,[6 5],17,-1,59,-1,31
1,<environment.Job instance at 0x7fa3d5417a00>,21,15,[14  1],22,-1,46,-1,31
1,<environment.Job instance at 0x7fa3d5417b90>,25,18,[11  3],26,-1,53,-1,35
1,<environment.Job instance at 0x7fa3d5417fa0>,29,28,[5 3],30,-1,70,-1,42
1,<environment.Job instance at 0x7fa3d533c730>,42,25,[6 3],43,-1,109,-1,84
1,<environment.Job instance at 0x7fa3d5896d70>,0,18,[9 5],1,-1,19,-1,1
1,<environment.Job instance at 0x7fa3d5896b40>,6,12,[8 3],7,-1,20,-1,8
1,<environment.Job instance at 0x7fa3d591b0a0>,9,17,[8 1],10,-1,27,-1,10
1,<environment.Job instance at 0x7fa3d58a1780>,7,15,[2 9],8,-1,25,-1,10
1,<environment.Job instance at 0x7fa3d591bdc0>,11,17,[2 6],12,-1,29,-1,12
1,<environment.Job instance at 0x7fa3d591bcd0>,12,19,[8 2],13,-1,32,-1,13
1,<environment.Job instance at 0x7fa3d5a08730>,19,17,[9 1],20,-1,38,-1,21
1,<environment.Job instance at 0x7fa3d5a080f0>,20,18,[3 5],21,-1,42,-1,24
1,<environment.Job instance at 0x7fa3d5921cd0>,28,14,[4 6],29,-1,43,-1,29
1,<environment.Job instance at 0x7fa3d5921460>,29,15,[10  2],30,-1,46,-1,31
1,<environment.Job instance at 0x7fa3d59132d0>,31,12,[5 5],32,-1,44,-1,32
1,<environment.Job instance at 0x7fa3d5913370>,32,12,[5 5],33,-1,45,-1,33
1,<environment.Job instance at 0x7fa3d5913230>,33,13,[4 9],34,-1,47,-1,34
1,<environment.Job instance at 0x7fa3d5921550>,30,13,[5 6],31,-1,48,-1,35
1,<environment.Job instance at 0x7fa3d5612eb0>,40,16,[10  2],41,-1,58,-1,42
1,<environment.Job instance at 0x7fa3df3ffe60>,44,21,[7 2],45,-1,66,-1,45
1,<environment.Job instance at 0x7fa3df3ff640>,45,12,[ 1 10],46,-1,58,-1,46
1,<environment.Job instance at 0x7fa3d53a9c80>,48,16,[6 3],49,-1,65,-1,49
1,<environment.Job instance at 0x7fa3d53a95f0>,49,14,[5 7],50,-1,64,-1,50
1,<environment.Job instance at 0x7fa3d53a98c0>,50,18,[4 7],51,-1,69,-1,51
1,<environment.Job instance at 0x7fa3d53a9c30>,51,14,[1 5],52,-1,66,-1,52
1,<environment.Job instance at 0x7fa3d53a95a0>,52,14,[ 1 11],53,-1,67,-1,53
1,<environment.Job instance at 0x7fa3d53a9b90>,53,14,[2 7],54,-1,68,-1,54
1,<environment.Job instance at 0x7fa3d53a96e0>,54,3,[14  4],55,-1,58,-1,55
1,<environment.Job instance at 0x7fa3d5612190>,41,13,[4 5],42,-1,69,-1,56
1,<environment.Job instance at 0x7fa3d53a9690>,56,2,[13  4],57,-1,60,-1,58
1,<environment.Job instance at 0x7fa3d53a9230>,59,27,[1 5],60,-1,87,-1,60
1,<environment.Job instance at 0x7fa3d57682d0>,61,3,[9 3],62,-1,65,-1,62
1,<environment.Job instance at 0x7fa3d57680f0>,66,18,[4 6],67,-1,86,-1,68
1,<environment.Job instance at 0x7fa3d5768fa0>,67,19,[14  4],68,-1,87,-1,68
1,<environment.Job instance at 0x7fa3d5768460>,68,17,[7 4],69,-1,87,-1,70
1,<environment.Job instance at 0x7fa3d5768a00>,72,18,[6 3],73,-1,91,-1,73
1,<environment.Job instance at 0x7fa3d53aa460>,75,16,[6 3],76,-1,92,-1,76
1,<environment.Job instance at 0x7fa3d53aad20>,76,25,[3 8],77,-1,102,-1,77
1,<environment.Job instance at 0x7fa3d53aa0a0>,79,27,[9 3],80,-1,107,-1,80
1,<environment.Job instance at 0x7fa3d53aa550>,80,15,[7 5],81,-1,96,-1,81
1,<environment.Job instance at 0x7fa3d53aa7d0>,82,24,[ 3 10],83,-1,107,-1,83
1,<environment.Job instance at 0x7fa3d53aa690>,84,17,[8 5],85,-1,102,-1,85
1,<environment.Job instance at 0x7fa3d59dee60>,88,27,[1 7],89,-1,116,-1,89
1,<environment.Job instance at 0x7fa3d59de4b0>,89,13,[1 9],90,-1,103,-1,90
1,<environment.Job instance at 0x7fa3d59de5f0>,90,19,[6 3],91,-1,110,-1,91
1,<environment.Job instance at 0x7fa3d59deb40>,93,12,[1 8],94,-1,106,-1,94
1,<environment.Job instance at 0x7fa3d59de690>,94,16,[10  3],95,-1,111,-1,95
1,<environment.Job instance at 0x7fa3d58ef050>,98,14,[10  3],99,-1,113,-1,99
1,<environment.Job instance at 0x7fa3d57a7190>,100,19,[1 5],101,-1,120,-1,101
1,<environment.Job instance at 0x7fa3d57a7cd0>,101,18,[2 9],102,-1,120,-1,102
1,<environment.Job instance at 0x7fa3d57a78c0>,102,18,[10  4],103,-1,121,-1,103
1,<environment.Job instance at 0x7fa3d6231640>,107,18,[5 1],108,-1,126,-1,108
1,<environment.Job instance at 0x7fa3d5f3f7d0>,109,15,[9 5],110,-1,125,-1,110
1,<environment.Job instance at 0x7fa3d57a7050>,111,13,[5 3],112,-1,125,-1,112
1,<environment.Job instance at 0x7fa3d57a81e0>,112,15,[5 1],113,-1,128,-1,113
1,<environment.Job instance at 0x7fa3d60ad550>,113,18,[5 9],114,-1,132,-1,114
1,<environment.Job instance at 0x7fa3d5768050>,69,14,[ 5 11],70,-1,138,-1,124
1,<environment.Job instance at 0x7fa3d61b5500>,118,14,[5 9],119,-1,138,-1,124
1,<environment.Job instance at 0x7fa3d5f3a5f0>,123,27,[1 8],124,-1,151,-1,124
1,<environment.Job instance at 0x7fa3df546280>,5,2,[ 4 11],6,-1,8,-1,6
1,<environment.Job instance at 0x7fa3df546be0>,13,2,[ 2 14],14,-1,37,-1,35
1,<environment.Job instance at 0x7fa3df546b90>,14,17,[ 5 14],15,-1,52,-1,35
1,<environment.Job instance at 0x7fa3d533c2d0>,16,2,[11  3],17,-1,37,-1,35
1,<environment.Job instance at 0x7fa3d533c870>,17,2,[12  2],18,-1,37,-1,35
1,<environment.Job instance at 0x7fa3d533c910>,22,2,[12  5],23,-1,41,-1,39
1,<environment.Job instance at 0x7fa3df5d09b0>,24,1,[14  4],25,-1,54,-1,53
1,<environment.Job instance at 0x7fa3d5d879b0>,43,1,[ 5 12],44,-1,117,-1,116
1,<environment.Job instance at 0x7fa3d639d460>,1,18,[8 4],2,-1,20,-1,2
1,<environment.Job instance at 0x7fa3d5d27b40>,4,17,[3 9],5,-1,23,-1,6
1,<environment.Job instance at 0x7fa3d575fc80>,6,16,[5 5],7,-1,23,-1,7
1,<environment.Job instance at 0x7fa3d5d27780>,5,13,[10  4],6,-1,20,-1,7
1,<environment.Job instance at 0x7fa3d574f550>,11,18,[3 6],12,-1,30,-1,12
1,<environment.Job instance at 0x7fa3d576fdc0>,14,14,[7 1],15,-1,29,-1,15
1,<environment.Job instance at 0x7fa3d574fbe0>,15,25,[6 3],16,-1,41,-1,16
1,<environment.Job instance at 0x7fa3d5772a50>,18,16,[8 5],19,-1,35,-1,19
1,<environment.Job instance at 0x7fa3d57729b0>,19,18,[7 5],20,-1,38,-1,20
1,<environment.Job instance at 0x7fa3d5a860a0>,21,14,[5 8],22,-1,36,-1,22
1,<environment.Job instance at 0x7fa3d5772b90>,22,16,[9 2],23,-1,40,-1,24
1,<environment.Job instance at 0x7fa3d581a0f0>,24,1,[5 7],25,-1,26,-1,25
1,<environment.Job instance at 0x7fa3d581a0a0>,25,18,[7 5],26,-1,44,-1,26
1,<environment.Job instance at 0x7fa3d575fd20>,23,15,[6 3],24,-1,41,-1,26
1,<environment.Job instance at 0x7fa3d5825550>,28,17,[10  3],29,-1,47,-1,30
1,<environment.Job instance at 0x7fa3d5ba29b0>,29,27,[ 5 10],30,-1,58,-1,31
1,<environment.Job instance at 0x7fa3d5c39be0>,38,20,[6 2],39,-1,59,-1,39
1,<environment.Job instance at 0x7fa3d5c39aa0>,39,15,[ 1 10],40,-1,56,-1,41
1,<environment.Job instance at 0x7fa3d5c00910>,42,15,[1 6],43,-1,58,-1,43
1,<environment.Job instance at 0x7fa3d5b95d70>,45,17,[7 1],46,-1,63,-1,46
1,<environment.Job instance at 0x7fa3d5b95b40>,47,18,[1 7],48,-1,66,-1,48
1,<environment.Job instance at 0x7fa3d5b95910>,49,14,[10  1],50,-1,66,-1,52
1,<environment.Job instance at 0x7fa3d5ba96e0>,52,18,[5 5],53,-1,71,-1,53
1,<environment.Job instance at 0x7fa3d5ba9820>,54,12,[8 4],55,-1,67,-1,55
1,<environment.Job instance at 0x7fa3d5ba9a50>,55,15,[7 4],56,-1,71,-1,56
1,<environment.Job instance at 0x7fa3d5bae4b0>,58,21,[5 8],59,-1,80,-1,59
1,<environment.Job instance at 0x7fa3d5bae5a0>,59,17,[7 2],60,-1,77,-1,60
1,<environment.Job instance at 0x7fa3d5bae550>,60,12,[8 1],61,-1,73,-1,61
1,<environment.Job instance at 0x7fa3d5baeb90>,66,28,[1 7],67,-1,96,-1,68
1,<environment.Job instance at 0x7fa3d5e87190>,13,3,[ 3 14],14,-1,37,-1,34
1,<environment.Job instance at 0x7fa3d5be5f50>,15,25,[6 3],16,-1,60,-1,35
1,<environment.Job instance at 0x7fa3d5d89cd0>,20,2,[ 5 11],21,-1,52,-1,50
1,<environment.Job instance at 0x7fa3d5be4690>,29,27,[ 5 10],30,-1,127,-1,100
1,<environment.Job instance at 0x7fa3d5bfc5a0>,0,16,[9 2],1,-1,18,-1,2
1,<environment.Job instance at 0x7fa3d5bfc780>,1,19,[10  1],2,-1,21,-1,2
1,<environment.Job instance at 0x7fa3d5bfccd0>,6,25,[ 5 10],7,-1,32,-1,7
1,<environment.Job instance at 0x7fa3d5bfc820>,12,18,[5 9],13,-1,31,-1,13
1,<environment.Job instance at 0x7fa3d5bfcdc0>,13,16,[6 5],14,-1,30,-1,14
1,<environment.Job instance at 0x7fa3d5c03550>,18,18,[1 9],19,-1,37,-1,19
1,<environment.Job instance at 0x7fa3d5c03690>,20,15,[3 9],21,-1,36,-1,21
1,<environment.Job instance at 0x7fa3d5c030f0>,24,17,[9 5],25,-1,42,-1,25
1,<environment.Job instance at 0x7fa3d5c033c0>,25,16,[5 3],26,-1,42,-1,26
1,<environment.Job instance at 0x7fa3d5c0bd70>,28,14,[9 4],29,-1,43,-1,29
1,<environment.Job instance at 0x7fa3d5c0bf50>,29,13,[3 6],30,-1,43,-1,30
1,<environment.Job instance at 0x7fa3d5c0b410>,30,26,[6 3],31,-1,57,-1,31
1,<environment.Job instance at 0x7fa3d5c0b730>,31,14,[4 6],32,-1,46,-1,32
1,<environment.Job instance at 0x7fa3d5c0ba00>,32,17,[ 2 11],33,-1,50,-1,33
1,<environment.Job instance at 0x7fa3d5c0b910>,35,23,[7 1],36,-1,59,-1,36
1,<environment.Job instance at 0x7fa3d5c0b2d0>,37,17,[4 9],38,-1,55,-1,38
1,<environment.Job instance at 0x7fa3d5a89230>,41,17,[10  4],42,-1,59,-1,42
1,<environment.Job instance at 0x7fa3d5a89640>,42,14,[3 9],43,-1,57,-1,43
1,<environment.Job instance at 0x7fa3d5a89280>,45,18,[10  3],46,-1,64,-1,46
1,<environment.Job instance at 0x7fa3d5a89b90>,47,18,[3 6],48,-1,67,-1,49
1,<environment.Job instance at 0x7fa3d5d190a0>,54,18,[4 7],55,-1,73,-1,55
1,<environment.Job instance at 0x7fa3d5d19410>,56,17,[5 5],57,-1,74,-1,57
1,<environment.Job instance at 0x7fa3d5d19e10>,57,13,[8 2],58,-1,75,-1,62
1,<environment.Job instance at 0x7fa3d5d19be0>,62,17,[1 6],63,-1,80,-1,63
1,<environment.Job instance at 0x7fa3d5d19280>,63,16,[4 9],64,-1,80,-1,64
1,<environment.Job instance at 0x7fa3d68d9be0>,69,18,[9 5],70,-1,88,-1,70
1,<environment.Job instance at 0x7fa3d68d9dc0>,80,13,[12  5],81,-1,127,-1,114
1,<environment.Job instance at 0x7fa3d68d6a00>,86,15,[9 5],87,-1,137,-1,122
1,<environment.Job instance at 0x7fa3d68d91e0>,82,16,[9 4],83,-1,139,-1,123
1,<environment.Job instance at 0x7fa3d574f780>,6,25,[ 5 10],7,-1,33,-1,8
1,<environment.Job instance at 0x7fa3d5c03410>,26,2,[13  5],27,-1,46,-1,44
1,<environment.Job instance at 0x7fa3d6827370>,30,26,[6 3],31,-1,99,-1,73
1,<environment.Job instance at 0x7fa3d5c0bfa0>,32,17,[ 2 11],33,-1,90,-1,73
1,<environment.Job instance at 0x7fa3d5ed4af0>,35,23,[7 1],36,-1,102,-1,79
1,<environment.Job instance at 0x7fa3d5768fa0>,43,12,[ 1 14],44,-1,116,-1,104
1,<environment.Job instance at 0x7fa3d5d19370>,46,13,[13  3],47,-1,131,-1,118
1,<environment.Job instance at 0x7fa3d5d197d0>,48,1,[ 3 14],49,-1,122,-1,121
1,<environment.Job instance at 0x7fa3d68c9550>,1,16,[ 4 10],2,-1,18,-1,2
1,<environment.Job instance at 0x7fa3d5856f50>,4,15,[ 2 10],5,-1,21,-1,6
1,<environment.Job instance at 0x7fa3d5856870>,6,18,[9 4],7,-1,25,-1,7
1,<environment.Job instance at 0x7fa3d65860f0>,5,16,[4 6],6,-1,25,-1,9
1,<environment.Job instance at 0x7fa3d6389500>,9,16,[2 8],10,-1,26,-1,10
1,<environment.Job instance at 0x7fa3d583e3c0>,13,18,[ 5 10],14,-1,32,-1,14
1,<environment.Job instance at 0x7fa3d583e820>,14,20,[9 5],15,-1,35,-1,15
1,<environment.Job instance at 0x7fa3d583e1e0>,15,17,[7 4],16,-1,33,-1,16
1,<environment.Job instance at 0x7fa3d5869500>,16,18,[4 6],17,-1,35,-1,17
1,<environment.Job instance at 0x7fa3d56f7be0>,23,17,[10  5],24,-1,41,-1,24
1,<environment.Job instance at 0x7fa3d5d308c0>,24,17,[3 6],25,-1,42,-1,25
1,<environment.Job instance at 0x7fa3d5d20500>,31,16,[2 7],32,-1,48,-1,32
1,<environment.Job instance at 0x7fa3d5868640>,32,15,[3 8],33,-1,48,-1,33
1,<environment.Job instance at 0x7fa3d5868820>,34,13,[5 4],35,-1,48,-1,35
1,<environment.Job instance at 0x7fa3d5d0f870>,35,15,[9 1],36,-1,51,-1,36
1,<environment.Job instance at 0x7fa3d5d51550>,37,25,[9 4],38,-1,63,-1,38
1,<environment.Job instance at 0x7fa3d638fb40>,40,16,[2 8],41,-1,57,-1,41
1,<environment.Job instance at 0x7fa3d638f3c0>,42,17,[1 7],43,-1,60,-1,43
1,<environment.Job instance at 0x7fa3d5d43640>,47,14,[12  5],48,-1,63,-1,49
1,<environment.Job instance at 0x7fa3d5d43500>,43,17,[6 4],44,-1,67,-1,50
1,<environment.Job instance at 0x7fa3d5d43e10>,51,18,[9 3],52,-1,70,-1,52
1,<environment.Job instance at 0x7fa3d5d6a780>,54,25,[7 4],55,-1,80,-1,55
1,<environment.Job instance at 0x7fa3d5d6a6e0>,56,22,[ 4 10],57,-1,79,-1,57
1,<environment.Job instance at 0x7fa3d5d43af0>,45,16,[1 6],46,-1,77,-1,61
1,<environment.Job instance at 0x7fa3d6380190>,58,16,[2 7],59,-1,77,-1,61
1,<environment.Job instance at 0x7fa3d6380320>,62,18,[5 8],63,-1,81,-1,63
1,<environment.Job instance at 0x7fa3d6380410>,59,16,[ 3 10],60,-1,80,-1,64
1,<environment.Job instance at 0x7fa3d6380500>,61,13,[ 3 10],62,-1,77,-1,64
1,<environment.Job instance at 0x7fa3d63808c0>,65,23,[8 2],66,-1,89,-1,66
1,<environment.Job instance at 0x7fa3d6380a50>,66,16,[6 1],67,-1,83,-1,67
1,<environment.Job instance at 0x7fa3d6380d20>,70,16,[5 9],71,-1,87,-1,71
1,<environment.Job instance at 0x7fa3d6380fa0>,71,15,[9 5],72,-1,87,-1,72
1,<environment.Job instance at 0x7fa3d6380eb0>,72,14,[9 1],73,-1,87,-1,73
1,<environment.Job instance at 0x7fa3d63980a0>,73,18,[ 2 11],74,-1,96,-1,78
1,<environment.Job instance at 0x7fa3d6398690>,78,14,[8 1],79,-1,94,-1,80
1,<environment.Job instance at 0x7fa3d6398190>,79,16,[ 4 10],80,-1,96,-1,80
1,<environment.Job instance at 0x7fa3d63988c0>,80,18,[5 8],81,-1,99,-1,81
1,<environment.Job instance at 0x7fa3d63986e0>,81,17,[3 7],82,-1,99,-1,82
1,<environment.Job instance at 0x7fa3d6398aa0>,84,14,[10  1],85,-1,99,-1,85
1,<environment.Job instance at 0x7fa3d6398870>,83,2,[2 8],84,-1,90,-1,88
1,<environment.Job instance at 0x7fa3d639b1e0>,90,15,[4 9],91,-1,106,-1,91
1,<environment.Job instance at 0x7fa3d639b230>,91,15,[7 5],92,-1,107,-1,92
1,<environment.Job instance at 0x7fa3d639b460>,93,16,[8 2],94,-1,113,-1,97
1,<environment.Job instance at 0x7fa3d639baa0>,99,15,[5 6],100,-1,115,-1,100
1,<environment.Job instance at 0x7fa3d639bbe0>,100,15,[9 1],101,-1,116,-1,101
1,<environment.Job instance at 0x7fa3d639b780>,96,17,[9 3],97,-1,120,-1,103
1,<environment.Job instance at 0x7fa3d639beb0>,103,16,[ 4 10],104,-1,121,-1,105
1,<environment.Job instance at 0x7fa3d639ba50>,105,13,[4 7],106,-1,119,-1,106
1,<environment.Job instance at 0x7fa3d63811e0>,108,18,[5 8],109,-1,127,-1,109
1,<environment.Job instance at 0x7fa3d6381140>,110,20,[9 5],111,-1,131,-1,111
1,<environment.Job instance at 0x7fa3d63818c0>,114,15,[7 5],115,-1,130,-1,115
1,<environment.Job instance at 0x7fa3d6381be0>,117,15,[ 1 10],118,-1,134,-1,119
1,<environment.Job instance at 0x7fa3d6381e10>,121,18,[3 7],122,-1,140,-1,122
1,<environment.Job instance at 0x7fa3d6386140>,122,17,[1 9],123,-1,140,-1,123
1,<environment.Job instance at 0x7fa3d6386280>,124,22,[9 5],125,-1,147,-1,125
1,<environment.Job instance at 0x7fa3d532b230>,8,1,[ 3 12],9,-1,10,-1,9
1,<environment.Job instance at 0x7fa3d6042fa0>,25,18,[14  2],26,-1,86,-1,68
1,<environment.Job instance at 0x7fa3d5d1b6e0>,37,25,[9 4],38,-1,153,-1,128
1,<environment.Job instance at 0x7fa3d5a8b730>,4,14,[10  4],5,-1,20,-1,6
1,<environment.Job instance at 0x7fa3d5a8b2d0>,6,12,[9 4],7,-1,19,-1,7
1,<environment.Job instance at 0x7fa3d5a8be60>,8,12,[10  1],9,-1,22,-1,10
1,<environment.Job instance at 0x7fa3d5ececd0>,10,16,[9 2],11,-1,27,-1,11
1,<environment.Job instance at 0x7fa3d5a8b9b0>,9,21,[1 7],10,-1,32,-1,11
1,<environment.Job instance at 0x7fa3d5ece0a0>,16,12,[6 4],17,-1,29,-1,17
1,<environment.Job instance at 0x7fa3d5eced70>,17,17,[8 2],18,-1,35,-1,18
1,<environment.Job instance at 0x7fa3d5eceb90>,18,17,[1 6],19,-1,36,-1,19
1,<environment.Job instance at 0x7fa3d5ece410>,19,17,[9 2],20,-1,37,-1,20
1,<environment.Job instance at 0x7fa3d5eceaa0>,22,15,[2 9],23,-1,40,-1,25
1,<environment.Job instance at 0x7fa3d61c21e0>,33,18,[ 2 10],34,-1,52,-1,34
1,<environment.Job instance at 0x7fa3d61c2190>,34,17,[8 3],35,-1,55,-1,38
1,<environment.Job instance at 0x7fa3d61c2eb0>,38,15,[8 3],39,-1,54,-1,39
1,<environment.Job instance at 0x7fa3d61c2780>,39,16,[10  5],40,-1,56,-1,40
1,<environment.Job instance at 0x7fa3d61c2910>,41,16,[5 3],42,-1,58,-1,42
1,<environment.Job instance at 0x7fa3d57dd5a0>,45,17,[ 2 10],46,-1,63,-1,46
1,<environment.Job instance at 0x7fa3d57dd320>,48,19,[7 1],49,-1,68,-1,49
1,<environment.Job instance at 0x7fa3d57dd0a0>,50,18,[9 2],51,-1,72,-1,54
1,<environment.Job instance at 0x7fa3d68d9e10>,0,13,[11  4],1,-1,14,-1,1
1,<environment.Job instance at 0x7fa3d68d9640>,1,12,[ 1 13],2,-1,14,-1,2
1,<environment.Job instance at 0x7fa3d67b6a50>,12,17,[ 2 14],13,-1,37,-1,20
1,<environment.Job instance at 0x7fa3d6122d70>,25,16,[11  3],26,-1,81,-1,65
1,<environment.Job instance at 0x7fa3d54f98c0>,36,1,[11  2],37,-1,89,-1,88
1,<environment.Job instance at 0x7fa3d563e7d0>,2,14,[10  1],3,-1,20,-1,6
1,<environment.Job instance at 0x7fa3d563e0f0>,7,15,[3 9],8,-1,23,-1,8
1,<environment.Job instance at 0x7fa3d563ebe0>,8,15,[ 4 10],9,-1,24,-1,9
1,<environment.Job instance at 0x7fa3d6586d70>,10,18,[5 4],11,-1,29,-1,11
1,<environment.Job instance at 0x7fa3d6586dc0>,12,19,[6 2],13,-1,32,-1,13
1,<environment.Job instance at 0x7fa3d565b5a0>,18,18,[ 4 10],19,-1,37,-1,19
1,<environment.Job instance at 0x7fa3d565b6e0>,23,16,[3 8],24,-1,40,-1,24
1,<environment.Job instance at 0x7fa3d565bd70>,24,16,[9 2],25,-1,41,-1,25
1,<environment.Job instance at 0x7fa3d5272410>,26,18,[3 6],27,-1,45,-1,27
1,<environment.Job instance at 0x7fa3d5272320>,27,18,[5 5],28,-1,46,-1,28
1,<environment.Job instance at 0x7fa3d5272910>,33,18,[4 5],34,-1,52,-1,34
1,<environment.Job instance at 0x7fa3d5272be0>,36,18,[3 9],37,-1,55,-1,37
1,<environment.Job instance at 0x7fa3d52729b0>,39,23,[4 9],40,-1,63,-1,40
1,<environment.Job instance at 0x7fa3d5272aa0>,35,18,[5 8],36,-1,60,-1,42
1,<environment.Job instance at 0x7fa3d5273820>,41,16,[6 5],42,-1,58,-1,42
1,<environment.Job instance at 0x7fa3d5273c80>,44,22,[5 8],45,-1,70,-1,48
1,<environment.Job instance at 0x7fa3d563e820>,4,15,[8 1],5,-1,65,-1,50
1,<environment.Job instance at 0x7fa3d5326f00>,59,18,[1 9],60,-1,78,-1,60
1,<environment.Job instance at 0x7fa3d5ea8c30>,61,14,[6 1],62,-1,76,-1,62
1,<environment.Job instance at 0x7fa3d5ea8870>,63,14,[4 8],64,-1,78,-1,64
1,<environment.Job instance at 0x7fa3d60e31e0>,64,17,[3 7],65,-1,82,-1,65
1,<environment.Job instance at 0x7fa3d5273c30>,47,18,[9 4],48,-1,85,-1,67
1,<environment.Job instance at 0x7fa3d60e3d70>,66,14,[7 5],67,-1,83,-1,69
1,<environment.Job instance at 0x7fa3d60e30a0>,70,18,[5 5],71,-1,89,-1,71
1,<environment.Job instance at 0x7fa3d5656500>,71,14,[ 1 10],72,-1,86,-1,72
1,<environment.Job instance at 0x7fa3d60e3fa0>,69,18,[2 9],70,-1,93,-1,75
1,<environment.Job instance at 0x7fa3d5f36e60>,78,3,[6 3],79,-1,82,-1,79
1,<environment.Job instance at 0x7fa3d5273190>,45,16,[6 5],46,-1,98,-1,82
1,<environment.Job instance at 0x7fa3d67d5780>,81,13,[9 1],82,-1,95,-1,82
1,<environment.Job instance at 0x7fa3d6079be0>,76,12,[8 3],77,-1,95,-1,83
1,<environment.Job instance at 0x7fa3d591e9b0>,82,3,[5 8],83,-1,87,-1,84
1,<environment.Job instance at 0x7fa3d5cb7a00>,84,15,[10  2],85,-1,100,-1,85
1,<environment.Job instance at 0x7fa3d5105230>,85,20,[10  3],86,-1,107,-1,87
1,<environment.Job instance at 0x7fa3d595bcd0>,92,18,[9 2],93,-1,111,-1,93
1,<environment.Job instance at 0x7fa3d595b910>,95,14,[6 3],96,-1,110,-1,96
1,<environment.Job instance at 0x7fa3d65541e0>,94,14,[5 9],95,-1,112,-1,98
1,<environment.Job instance at 0x7fa3d5f92b40>,97,23,[6 1],98,-1,122,-1,99
1,<environment.Job instance at 0x7fa3d5ed0780>,74,16,[7 5],75,-1,119,-1,103
1,<environment.Job instance at 0x7fa3d5f92370>,102,17,[5 1],103,-1,123,-1,106
1,<environment.Job instance at 0x7fa3def14230>,105,12,[8 3],106,-1,119,-1,107
1,<environment.Job instance at 0x7fa3def14870>,106,18,[ 2 10],107,-1,125,-1,107
1,<environment.Job instance at 0x7fa3def141e0>,107,17,[5 5],108,-1,125,-1,108
1,<environment.Job instance at 0x7fa3d5272af0>,28,22,[ 1 13],29,-1,132,-1,110
1,<environment.Job instance at 0x7fa3def14320>,108,14,[9 5],109,-1,124,-1,110
1,<environment.Job instance at 0x7fa3def14410>,110,25,[9 4],111,-1,136,-1,111
1,<environment.Job instance at 0x7fa3def148c0>,111,15,[7 3],112,-1,127,-1,112
1,<environment.Job instance at 0x7fa3d5eb0fa0>,112,17,[1 5],113,-1,130,-1,113
1,<environment.Job instance at 0x7fa3d5435d20>,117,27,[2 9],118,-1,145,-1,118
1,<environment.Job instance at 0x7fa3d54350a0>,118,26,[4 9],119,-1,145,-1,119
1,<environment.Job instance at 0x7fa3d537db90>,120,18,[5 4],121,-1,139,-1,121
1,<environment.Job instance at 0x7fa3def14e10>,109,14,[8 5],110,-1,141,-1,127
1,<environment.Job instance at 0x7fa3d6860870>,1,3,[ 3 11],2,-1,5,-1,2
1,<environment.Job instance at 0x7fa3d6848230>,15,3,[14  4],16,-1,25,-1,22
1,<environment.Job instance at 0x7fa3d6848320>,16,17,[ 1 13],17,-1,39,-1,22
1,<environment.Job instance at 0x7fa3d599d7d0>,17,18,[ 3 12],18,-1,40,-1,22
1,<environment.Job instance at 0x7fa3d683fa50>,21,2,[11  4],22,-1,38,-1,36
1,<environment.Job instance at 0x7fa3d576c730>,28,22,[ 1 13],29,-1,90,-1,68
1,<environment.Job instance at 0x7fa3d689fcd0>,38,2,[11  2],39,-1,110,-1,108
1,<environment.Job instance at 0x7fa3d57442d0>,39,23,[4 9],40,-1,132,-1,109
1,<environment.Job instance at 0x7fa3d6854c30>,42,13,[14  2],43,-1,124,-1,111
1,<environment.Job instance at 0x7fa3d5d91dc0>,2,22,[5 4],3,-1,25,-1,3
1,<environment.Job instance at 0x7fa3d5d91cd0>,6,18,[1 5],7,-1,25,-1,7
1,<environment.Job instance at 0x7fa3d5d910f0>,8,17,[7 5],9,-1,26,-1,9
1,<environment.Job instance at 0x7fa3d5d91be0>,9,13,[4 8],10,-1,23,-1,10
1,<environment.Job instance at 0x7fa3d5d914b0>,10,17,[10  1],11,-1,28,-1,11
1,<environment.Job instance at 0x7fa3d5d91910>,11,16,[2 5],12,-1,28,-1,12
1,<environment.Job instance at 0x7fa3d5d91aa0>,13,16,[1 5],14,-1,30,-1,14
1,<environment.Job instance at 0x7fa3d5d91280>,17,26,[10  5],18,-1,44,-1,18
1,<environment.Job instance at 0x7fa3d5d91d70>,19,16,[5 6],20,-1,36,-1,20
1,<environment.Job instance at 0x7fa3d6886af0>,20,18,[4 5],21,-1,39,-1,21
1,<environment.Job instance at 0x7fa3d6886c80>,21,18,[4 9],22,-1,40,-1,22
1,<environment.Job instance at 0x7fa3d6886190>,23,13,[9 3],24,-1,38,-1,25
1,<environment.Job instance at 0x7fa3d6886a50>,25,14,[ 3 10],26,-1,40,-1,26
1,<environment.Job instance at 0x7fa3d6886870>,24,19,[2 5],25,-1,47,-1,28
1,<environment.Job instance at 0x7fa3d58cfa50>,33,23,[1 7],34,-1,57,-1,34
1,<environment.Job instance at 0x7fa3d58cf870>,34,22,[1 8],35,-1,57,-1,35
1,<environment.Job instance at 0x7fa3d58cf690>,35,18,[ 2 10],36,-1,58,-1,40
1,<environment.Job instance at 0x7fa3d58cf280>,40,16,[4 8],41,-1,57,-1,41
1,<environment.Job instance at 0x7fa3d58cfc80>,38,13,[14  3],39,-1,59,-1,46
1,<environment.Job instance at 0x7fa3d58cf8c0>,47,12,[9 2],48,-1,61,-1,49
1,<environment.Job instance at 0x7fa3d58cfaf0>,39,17,[9 1],40,-1,67,-1,50
1,<environment.Job instance at 0x7fa3def99a00>,50,13,[10  5],51,-1,64,-1,51
1,<environment.Job instance at 0x7fa3def99820>,51,12,[8 2],52,-1,66,-1,54
1,<environment.Job instance at 0x7fa3d58cfeb0>,43,17,[ 4 10],44,-1,78,-1,61
1,<environment.Job instance at 0x7fa3def99c80>,54,15,[4 7],55,-1,76,-1,61
1,<environment.Job instance at 0x7fa3def99640>,57,24,[2 8],58,-1,87,-1,63
1,<environment.Job instance at 0x7fa3def99fa0>,62,15,[1 6],63,-1,78,-1,63
1,<environment.Job instance at 0x7fa3def990f0>,52,22,[5 3],53,-1,85,-1,63
1,<environment.Job instance at 0x7fa3d58cf910>,44,15,[5 3],45,-1,80,-1,65
1,<environment.Job instance at 0x7fa3def99af0>,63,26,[1 8],64,-1,91,-1,65
1,<environment.Job instance at 0x7fa3def99960>,65,12,[5 2],66,-1,78,-1,66
1,<environment.Job instance at 0x7fa3d5ec0a00>,66,18,[7 1],67,-1,85,-1,67
1,<environment.Job instance at 0x7fa3d5ec0aa0>,74,14,[2 7],75,-1,92,-1,78
1,<environment.Job instance at 0x7fa3d5ec0b90>,80,17,[4 7],81,-1,100,-1,83
1,<environment.Job instance at 0x7fa3d5ec0780>,71,23,[9 4],72,-1,106,-1,83
1,<environment.Job instance at 0x7fa3d65d6b40>,81,14,[3 5],82,-1,97,-1,83
1,<environment.Job instance at 0x7fa3def993c0>,61,16,[4 9],62,-1,99,-1,83
1,<environment.Job instance at 0x7fa3d5ec02d0>,78,16,[5 1],79,-1,99,-1,83
1,<environment.Job instance at 0x7fa3d65d6370>,87,17,[4 6],88,-1,105,-1,88
1,<environment.Job instance at 0x7fa3d65d6cd0>,90,18,[3 6],91,-1,109,-1,91
1,<environment.Job instance at 0x7fa3d65d6aa0>,92,16,[1 9],93,-1,109,-1,93
1,<environment.Job instance at 0x7fa3d65d63c0>,93,13,[6 4],94,-1,107,-1,94
1,<environment.Job instance at 0x7fa3d65d60f0>,94,12,[10  3],95,-1,111,-1,99
1,<environment.Job instance at 0x7fa3d66e6280>,100,14,[1 9],101,-1,120,-1,106
1,<environment.Job instance at 0x7fa3d66e6870>,99,12,[4 8],100,-1,118,-1,106
1,<environment.Job instance at 0x7fa3d5ec0b40>,69,15,[ 1 14],70,-1,121,-1,106
1,<environment.Job instance at 0x7fa3d66e69b0>,102,12,[1 7],103,-1,118,-1,106
1,<environment.Job instance at 0x7fa3d66e6d70>,104,17,[10  5],105,-1,127,-1,110
1,<environment.Job instance at 0x7fa3d50548c0>,105,15,[1 6],106,-1,125,-1,110
1,<environment.Job instance at 0x7fa3d598b5f0>,108,13,[3 6],109,-1,123,-1,110
1,<environment.Job instance at 0x7fa3d598b1e0>,107,16,[11  5],108,-1,126,-1,110
1,<environment.Job instance at 0x7fa3d6938370>,110,14,[3 5],111,-1,129,-1,115
1,<environment.Job instance at 0x7fa3def097d0>,115,17,[ 5 10],116,-1,133,-1,116
1,<environment.Job instance at 0x7fa3d5962f00>,116,12,[5 6],117,-1,129,-1,117
1,<environment.Job instance at 0x7fa3d5b44280>,121,2,[10  4],122,-1,131,-1,129
1,<environment.Job instance at 0x7fa3d5dd62d0>,16,17,[ 2 14],17,-1,60,-1,43
1,<environment.Job instance at 0x7fa3d5dd6640>,17,26,[10  5],18,-1,79,-1,53
1,<environment.Job instance at 0x7fa3d682d5a0>,33,23,[1 7],34,-1,138,-1,115
1,<environment.Job instance at 0x7fa3d68538c0>,38,13,[14  3],39,-1,128,-1,115
1,<environment.Job instance at 0x7fa3d6853730>,42,26,[1 5],43,-1,151,-1,125
1,<environment.Job instance at 0x7fa3d5eeb870>,2,16,[9 3],3,-1,19,-1,3
1,<environment.Job instance at 0x7fa3d5eeba50>,4,16,[7 3],5,-1,21,-1,5
1,<environment.Job instance at 0x7fa3d5e95410>,5,22,[5 2],6,-1,28,-1,6
1,<environment.Job instance at 0x7fa3d53f4af0>,15,18,[10  4],16,-1,36,-1,18
1,<environment.Job instance at 0x7fa3d53f4d70>,17,15,[7 2],18,-1,33,-1,18
1,<environment.Job instance at 0x7fa3d53f4b40>,21,18,[4 9],22,-1,41,-1,23
1,<environment.Job instance at 0x7fa3d53f4c80>,22,18,[3 6],23,-1,42,-1,24
1,<environment.Job instance at 0x7fa3d5b48230>,28,18,[8 3],29,-1,53,-1,35
1,<environment.Job instance at 0x7fa3d62a95f0>,30,24,[10  5],31,-1,63,-1,39
1,<environment.Job instance at 0x7fa3d5b485f0>,32,15,[ 2 10],33,-1,57,-1,42
1,<environment.Job instance at 0x7fa3d5b48cd0>,34,17,[10  3],35,-1,63,-1,46
1,<environment.Job instance at 0x7fa3def5bf50>,39,15,[9 3],40,-1,61,-1,46
1,<environment.Job instance at 0x7fa3d5b48af0>,37,18,[6 4],38,-1,64,-1,46
1,<environment.Job instance at 0x7fa3d5b48fa0>,35,18,[ 2 11],36,-1,64,-1,46
1,<environment.Job instance at 0x7fa3d5dbe640>,14,26,[7 1],15,-1,77,-1,51
1,<environment.Job instance at 0x7fa3d5cb7320>,49,16,[12  5],50,-1,69,-1,53
1,<environment.Job instance at 0x7fa3d505c5a0>,48,27,[1 7],49,-1,80,-1,53
1,<environment.Job instance at 0x7fa3d6352550>,61,17,[9 4],62,-1,81,-1,64
1,<environment.Job instance at 0x7fa3d5b0c0a0>,64,14,[9 5],65,-1,79,-1,65
1,<environment.Job instance at 0x7fa3d61263c0>,57,17,[13  5],58,-1,82,-1,65
1,<environment.Job instance at 0x7fa3df53fdc0>,65,14,[6 1],66,-1,80,-1,66
1,<environment.Job instance at 0x7fa3d63ba820>,66,16,[3 8],67,-1,83,-1,67
1,<environment.Job instance at 0x7fa3d5ed7fa0>,67,18,[ 5 10],68,-1,86,-1,68
1,<environment.Job instance at 0x7fa3def5bfa0>,38,27,[5 1],39,-1,96,-1,69
1,<environment.Job instance at 0x7fa3d5ed7a00>,68,15,[1 8],69,-1,84,-1,69
1,<environment.Job instance at 0x7fa3d687bdc0>,74,18,[ 2 10],75,-1,94,-1,76
1,<environment.Job instance at 0x7fa3d60e3dc0>,60,17,[5 9],61,-1,94,-1,77
1,<environment.Job instance at 0x7fa3d58551e0>,75,14,[8 4],76,-1,93,-1,79
1,<environment.Job instance at 0x7fa3d62c1230>,77,18,[5 9],78,-1,97,-1,79
1,<environment.Job instance at 0x7fa3d62c1550>,80,17,[8 2],81,-1,99,-1,82
1,<environment.Job instance at 0x7fa3d5b79d70>,81,14,[4 9],82,-1,106,-1,92
1,<environment.Job instance at 0x7fa3d5b79780>,84,15,[2 5],85,-1,107,-1,92
1,<environment.Job instance at 0x7fa3d5b79a50>,82,16,[6 2],83,-1,108,-1,92
1,<environment.Job instance at 0x7fa3d5b79230>,91,15,[ 1 12],92,-1,107,-1,92
1,<environment.Job instance at 0x7fa3d5b79730>,85,13,[2 7],86,-1,105,-1,92
1,<environment.Job instance at 0x7fa3d5b79190>,88,25,[5 5],89,-1,120,-1,95
1,<environment.Job instance at 0x7fa3d55479b0>,94,14,[7 4],95,-1,109,-1,95
1,<environment.Job instance at 0x7fa3d5b79820>,90,18,[14  5],91,-1,114,-1,96
1,<environment.Job instance at 0x7fa3d60446e0>,95,14,[5 9],96,-1,110,-1,96
1,<environment.Job instance at 0x7fa3d62c1280>,76,18,[ 2 10],77,-1,122,-1,104
1,<environment.Job instance at 0x7fa3d56f7280>,99,16,[8 5],100,-1,121,-1,105
1,<environment.Job instance at 0x7fa3d5d50b90>,98,17,[2 7],99,-1,122,-1,105
1,<environment.Job instance at 0x7fa3d56f70f0>,102,18,[5 6],103,-1,124,-1,106
1,<environment.Job instance at 0x7fa3d6044820>,96,15,[2 7],97,-1,121,-1,106
1,<environment.Job instance at 0x7fa3d56f7370>,103,14,[4 8],104,-1,120,-1,106
1,<environment.Job instance at 0x7fa3d56f7c30>,104,18,[10  2],105,-1,124,-1,106
1,<environment.Job instance at 0x7fa3d56f7960>,100,22,[4 6],101,-1,131,-1,109
1,<environment.Job instance at 0x7fa3d56f7dc0>,105,17,[3 9],106,-1,128,-1,111
1,<environment.Job instance at 0x7fa3d56d7280>,115,16,[ 4 12],116,-1,132,-1,116
1,<environment.Job instance at 0x7fa3d68600a0>,6,1,[11  1],7,-1,8,-1,7
1,<environment.Job instance at 0x7fa3d685fd20>,10,13,[11  3],11,-1,27,-1,14
1,<environment.Job instance at 0x7fa3d68480a0>,13,2,[14  5],14,-1,20,-1,18
1,<environment.Job instance at 0x7fa3d6860960>,11,28,[7 5],12,-1,47,-1,19
1,<environment.Job instance at 0x7fa3d6848280>,14,26,[7 1],15,-1,45,-1,19
1,<environment.Job instance at 0x7fa3d643fb40>,27,13,[13  4],28,-1,59,-1,46
1,<environment.Job instance at 0x7fa3d54110a0>,30,24,[10  5],31,-1,86,-1,62
1,<environment.Job instance at 0x7fa3d690d2d0>,31,3,[ 4 12],32,-1,65,-1,62
1,<environment.Job instance at 0x7fa3d5e9b500>,35,18,[ 2 11],36,-1,96,-1,78
1,<environment.Job instance at 0x7fa3d5e95be0>,36,13,[11  3],37,-1,91,-1,78
1,<environment.Job instance at 0x7fa3d5e95190>,38,27,[5 1],39,-1,123,-1,96
1,<environment.Job instance at 0x7fa3d684b190>,48,27,[1 7],49,-1,143,-1,116
1,<environment.Job instance at 0x7fa3d684b280>,49,16,[12  5],50,-1,132,-1,116
1,<environment.Job instance at 0x7fa3d6853320>,56,1,[14  4],57,-1,122,-1,121
1,<environment.Job instance at 0x7fa3d68539b0>,57,17,[13  5],58,-1,138,-1,121
1,<environment.Job instance at 0x7fa3d56fa910>,1,22,[2 9],2,-1,25,-1,3
1,<environment.Job instance at 0x7fa3d56faf00>,5,16,[8 5],6,-1,22,-1,6
1,<environment.Job instance at 0x7fa3d56fa960>,9,18,[7 2],10,-1,28,-1,10
1,<environment.Job instance at 0x7fa3d65deb40>,17,13,[5 5],18,-1,32,-1,19
1,<environment.Job instance at 0x7fa3d65ded70>,19,2,[1 8],20,-1,22,-1,20
1,<environment.Job instance at 0x7fa3d65ded20>,20,12,[10  4],21,-1,33,-1,21
1,<environment.Job instance at 0x7fa3d65de9b0>,21,12,[4 5],22,-1,34,-1,22
1,<environment.Job instance at 0x7fa3d65de870>,22,18,[ 5 10],23,-1,41,-1,23
1,<environment.Job instance at 0x7fa3d65debe0>,23,3,[6 1],24,-1,27,-1,24
1,<environment.Job instance at 0x7fa3d65de4b0>,24,26,[10  2],25,-1,51,-1,25
1,<environment.Job instance at 0x7fa3d65decd0>,26,16,[ 5 10],27,-1,43,-1,27
1,<environment.Job instance at 0x7fa3d65dee10>,27,12,[6 2],28,-1,40,-1,28
1,<environment.Job instance at 0x7fa3d65de0a0>,32,20,[5 2],33,-1,53,-1,33
1,<environment.Job instance at 0x7fa3d59ba140>,33,14,[1 8],34,-1,48,-1,34
1,<environment.Job instance at 0x7fa3d59ba230>,34,12,[3 9],35,-1,47,-1,35
1,<environment.Job instance at 0x7fa3d59baa00>,35,15,[5 1],36,-1,51,-1,36
1,<environment.Job instance at 0x7fa3d65de230>,18,18,[ 4 12],19,-1,54,-1,36
1,<environment.Job instance at 0x7fa3d5974190>,46,20,[4 9],47,-1,67,-1,47
1,<environment.Job instance at 0x7fa3d625c140>,53,21,[5 7],54,-1,75,-1,54
1,<environment.Job instance at 0x7fa3d625c690>,54,14,[10  4],55,-1,70,-1,56
1,<environment.Job instance at 0x7fa3d625cf00>,57,13,[7 4],58,-1,71,-1,58
1,<environment.Job instance at 0x7fa3d625c500>,55,17,[4 9],56,-1,76,-1,59
1,<environment.Job instance at 0x7fa3d625caa0>,60,13,[10  1],61,-1,75,-1,62
1,<environment.Job instance at 0x7fa3d625ca00>,62,19,[4 7],63,-1,82,-1,63
1,<environment.Job instance at 0x7fa3d625cfa0>,63,25,[9 3],64,-1,89,-1,64
1,<environment.Job instance at 0x7fa3d5772b90>,66,19,[9 4],67,-1,86,-1,67
1,<environment.Job instance at 0x7fa3d57729b0>,67,18,[4 7],68,-1,86,-1,68
1,<environment.Job instance at 0x7fa3d57724b0>,70,26,[9 4],71,-1,97,-1,71
1,<environment.Job instance at 0x7fa3d5772a50>,71,14,[2 7],72,-1,86,-1,72
1,<environment.Job instance at 0x7fa3d5772500>,73,18,[10  5],74,-1,92,-1,74
1,<environment.Job instance at 0x7fa3d5772140>,76,16,[5 2],77,-1,93,-1,77
1,<environment.Job instance at 0x7fa3d5772f00>,78,24,[8 3],79,-1,103,-1,79
1,<environment.Job instance at 0x7fa3d55b2e60>,82,15,[ 3 10],83,-1,98,-1,83
1,<environment.Job instance at 0x7fa3d55b28c0>,84,17,[9 5],85,-1,102,-1,85
1,<environment.Job instance at 0x7fa3d63efd20>,85,14,[2 9],86,-1,100,-1,86
1,<environment.Job instance at 0x7fa3d63ef2d0>,89,19,[2 9],90,-1,109,-1,90
1,<environment.Job instance at 0x7fa3d63efe10>,90,22,[1 9],91,-1,113,-1,91
1,<environment.Job instance at 0x7fa3d63ef730>,94,13,[10  5],95,-1,108,-1,95
1,<environment.Job instance at 0x7fa3d63ef4b0>,99,17,[8 4],100,-1,120,-1,103
1,<environment.Job instance at 0x7fa3d625cb90>,61,16,[5 7],62,-1,121,-1,105
1,<environment.Job instance at 0x7fa3d630d9b0>,103,26,[2 9],104,-1,131,-1,105
1,<environment.Job instance at 0x7fa3d63efaa0>,97,17,[1 7],98,-1,125,-1,108
1,<environment.Job instance at 0x7fa3d5772b40>,68,17,[ 2 12],69,-1,125,-1,108
1,<environment.Job instance at 0x7fa3d630deb0>,102,17,[8 1],103,-1,125,-1,108
1,<environment.Job instance at 0x7fa3df313640>,104,13,[2 5],105,-1,121,-1,108
1,<environment.Job instance at 0x7fa3d55a3a50>,108,14,[1 6],109,-1,124,-1,110
1,<environment.Job instance at 0x7fa3d68d1050>,113,18,[1 8],114,-1,132,-1,114
1,<environment.Job instance at 0x7fa3d68d1af0>,112,18,[6 4],113,-1,133,-1,115
1,<environment.Job instance at 0x7fa3d60236e0>,119,15,[8 4],120,-1,135,-1,120
1,<environment.Job instance at 0x7fa3d68d14b0>,114,13,[2 8],115,-1,138,-1,125
1,<environment.Job instance at 0x7fa3d68c95f0>,124,16,[5 3],125,-1,142,-1,126
1,<environment.Job instance at 0x7fa3d57332d0>,128,18,[5 6],129,-1,147,-1,129
1,<environment.Job instance at 0x7fa3d692b7d0>,3,3,[ 5 11],4,-1,7,-1,4
1,<environment.Job instance at 0x7fa3d5a2bfa0>,11,3,[ 3 11],12,-1,27,-1,24
1,<environment.Job instance at 0x7fa3d5913230>,18,18,[ 4 12],19,-1,49,-1,31
1,<environment.Job instance at 0x7fa3d5a22870>,24,26,[10  2],25,-1,83,-1,57
1,<environment.Job instance at 0x7fa3d5a17cd0>,37,15,[13  3],38,-1,94,-1,79
1,<environment.Job instance at 0x7fa3d53d3690>,51,2,[ 2 13],52,-1,109,-1,107
1,<environment.Job instance at 0x7fa3d68fe1e0>,58,2,[12  1],59,-1,126,-1,124
1,<environment.Job instance at 0x7fa3d5a02f50>,59,27,[ 5 11],60,-1,151,-1,124
1,<environment.Job instance at 0x7fa3d68fedc0>,2,18,[7 3],3,-1,21,-1,3
1,<environment.Job instance at 0x7fa3d5437fa0>,5,16,[5 7],6,-1,22,-1,6
1,<environment.Job instance at 0x7fa3d5437230>,7,16,[3 5],8,-1,24,-1,8
1,<environment.Job instance at 0x7fa3d5437b40>,9,23,[5 5],10,-1,33,-1,10
1,<environment.Job instance at 0x7fa3d5437280>,10,17,[8 3],11,-1,28,-1,11
1,<environment.Job instance at 0x7fa3d5437c80>,13,13,[10  3],14,-1,28,-1,15
1,<environment.Job instance at 0x7fa3d5437eb0>,15,24,[7 5],16,-1,40,-1,16
1,<environment.Job instance at 0x7fa3d5437a50>,16,15,[1 5],17,-1,32,-1,17
1,<environment.Job instance at 0x7fa3d54377d0>,17,3,[ 2 13],18,-1,21,-1,18
1,<environment.Job instance at 0x7fa3d53d4370>,18,2,[5 5],19,-1,21,-1,19
1,<environment.Job instance at 0x7fa3d53d45f0>,19,3,[5 2],20,-1,23,-1,20
1,<environment.Job instance at 0x7fa3d53d4a00>,20,14,[6 1],21,-1,35,-1,21
1,<environment.Job instance at 0x7fa3d53d4640>,21,2,[4 8],22,-1,24,-1,22
1,<environment.Job instance at 0x7fa3d53d4780>,22,17,[3 8],23,-1,40,-1,23
1,<environment.Job instance at 0x7fa3d53d4af0>,23,3,[5 6],24,-1,27,-1,24
1,<environment.Job instance at 0x7fa3d53d40a0>,24,3,[9 3],25,-1,28,-1,25
1,<environment.Job instance at 0x7fa3d53d4280>,25,2,[7 1],26,-1,28,-1,26
1,<environment.Job instance at 0x7fa3d54d1aa0>,14,17,[5 6],15,-1,43,-1,26
1,<environment.Job instance at 0x7fa3d53d4cd0>,27,14,[9 3],28,-1,42,-1,28
1,<environment.Job instance at 0x7fa3d53d4e10>,29,15,[8 4],30,-1,45,-1,30
1,<environment.Job instance at 0x7fa3d53d4820>,31,15,[3 9],32,-1,47,-1,32
1,<environment.Job instance at 0x7fa3d53d4fa0>,32,16,[6 3],33,-1,49,-1,33
1,<environment.Job instance at 0x7fa3d58fe5f0>,35,19,[8 1],36,-1,57,-1,38
1,<environment.Job instance at 0x7fa3d58fe820>,37,15,[6 1],38,-1,53,-1,38
1,<environment.Job instance at 0x7fa3d58fea00>,41,23,[7 5],42,-1,65,-1,42
1,<environment.Job instance at 0x7fa3d58fef00>,42,28,[8 2],43,-1,71,-1,43
1,<environment.Job instance at 0x7fa3d58fe8c0>,43,22,[5 4],44,-1,66,-1,44
1,<environment.Job instance at 0x7fa3d58feaa0>,45,17,[ 4 10],46,-1,63,-1,46
1,<environment.Job instance at 0x7fa3d692ba00>,51,17,[6 5],52,-1,69,-1,52
1,<environment.Job instance at 0x7fa3d692b9b0>,53,18,[10  5],54,-1,72,-1,54
1,<environment.Job instance at 0x7fa3d692b410>,56,16,[3 6],57,-1,73,-1,57
1,<environment.Job instance at 0x7fa3d541e1e0>,63,18,[4 9],64,-1,82,-1,64
1,<environment.Job instance at 0x7fa3d541e690>,64,26,[7 4],65,-1,91,-1,65
1,<environment.Job instance at 0x7fa3d541e6e0>,68,16,[1 8],69,-1,85,-1,69
1,<environment.Job instance at 0x7fa3d59138c0>,74,17,[10  4],75,-1,93,-1,76
1,<environment.Job instance at 0x7fa3d62e9a00>,85,15,[ 2 12],86,-1,108,-1,93
1,<environment.Job instance at 0x7fa3d62e9d70>,81,16,[8 1],82,-1,109,-1,93
1,<environment.Job instance at 0x7fa3d5c97f50>,92,12,[10  3],93,-1,105,-1,93
1,<environment.Job instance at 0x7fa3d62e9f50>,90,17,[2 8],91,-1,110,-1,93
1,<environment.Job instance at 0x7fa3d5c97460>,91,3,[2 8],92,-1,101,-1,98
1,<environment.Job instance at 0x7fa3d5c97c30>,93,13,[5 1],94,-1,111,-1,98
1,<environment.Job instance at 0x7fa3d62e9410>,87,19,[4 7],88,-1,117,-1,98
1,<environment.Job instance at 0x7fa3d5a25d20>,98,16,[10  3],99,-1,115,-1,99
1,<environment.Job instance at 0x7fa3d5a25f50>,99,15,[9 3],100,-1,115,-1,100
1,<environment.Job instance at 0x7fa3d58fd0a0>,102,22,[6 2],103,-1,125,-1,103
1,<environment.Job instance at 0x7fa3d52b9280>,103,16,[4 9],104,-1,120,-1,104
1,<environment.Job instance at 0x7fa3d52b9550>,104,23,[6 5],105,-1,128,-1,105
1,<environment.Job instance at 0x7fa3d5a025f0>,108,12,[ 3 10],109,-1,121,-1,109
1,<environment.Job instance at 0x7fa3d5145fa0>,112,17,[1 6],113,-1,130,-1,113
1,<environment.Job instance at 0x7fa3d63ee870>,113,21,[7 4],114,-1,135,-1,114
1,<environment.Job instance at 0x7fa3d64ad3c0>,115,15,[ 5 11],116,-1,131,-1,116
1,<environment.Job instance at 0x7fa3d566e910>,120,26,[5 7],121,-1,147,-1,121
1,<environment.Job instance at 0x7fa3d62dde10>,121,16,[ 2 10],122,-1,138,-1,122
1,<environment.Job instance at 0x7fa3d62dd640>,123,15,[10  1],124,-1,139,-1,124
1,<environment.Job instance at 0x7fa3d6055550>,124,20,[5 9],125,-1,145,-1,125
1,<environment.Job instance at 0x7fa3d53d3190>,9,23,[5 5],10,-1,39,-1,16
1,<environment.Job instance at 0x7fa3d6927500>,15,24,[7 5],16,-1,64,-1,40
1,<environment.Job instance at 0x7fa3d6900780>,17,3,[ 2 13],18,-1,43,-1,40
1,<environment.Job instance at 0x7fa3d692dcd0>,30,1,[13  2],31,-1,78,-1,77
1,<environment.Job instance at 0x7fa3d692df50>,33,1,[ 2 13],34,-1,90,-1,89
1,<environment.Job instance at 0x7fa3d692ddc0>,36,1,[ 4 11],37,-1,105,-1,104
1,<environment.Job instance at 0x7fa3d692b500>,41,23,[7 5],42,-1,134,-1,111
1,<environment.Job instance at 0x7fa3d692bdc0>,42,28,[8 2],43,-1,149,-1,121
1,<environment.Job instance at 0x7fa3d548e3c0>,3,28,[3 5],4,-1,33,-1,5
1,<environment.Job instance at 0x7fa3d548e5a0>,5,16,[10  2],6,-1,22,-1,6
1,<environment.Job instance at 0x7fa3d548ed70>,6,2,[5 6],7,-1,9,-1,7
1,<environment.Job instance at 0x7fa3d547a690>,4,16,[5 6],5,-1,23,-1,7
1,<environment.Job instance at 0x7fa3d548e460>,10,20,[5 8],11,-1,31,-1,11
1,<environment.Job instance at 0x7fa3d54aeb90>,9,12,[ 5 10],10,-1,25,-1,13
1,<environment.Job instance at 0x7fa3d6110460>,16,18,[3 5],17,-1,36,-1,18
1,<environment.Job instance at 0x7fa3d61105f0>,18,14,[7 5],19,-1,33,-1,19
1,<environment.Job instance at 0x7fa3d55a3a00>,2,26,[ 1 10],3,-1,29,-1,3
1,<environment.Job instance at 0x7fa3d5608be0>,3,28,[3 5],4,-1,32,-1,4
1,<environment.Job instance at 0x7fa3d5a25be0>,19,14,[ 1 13],20,-1,37,-1,23
1,<environment.Job instance at 0x7fa3d53fb6e0>,22,16,[11  5],23,-1,51,-1,35
1,<environment.Job instance at 0x7fa3d6055280>,45,23,[7 4],46,-1,139,-1,116
1,<environment.Job instance at 0x7fa3d6927500>,46,23,[5 6],47,-1,139,-1,116
1,<environment.Job instance at 0x7fa3d54b8280>,1,17,[ 4 10],2,-1,19,-1,2
1,<environment.Job instance at 0x7fa3d54af730>,11,17,[6 1],12,-1,29,-1,12
1,<environment.Job instance at 0x7fa3d5e2eaf0>,12,16,[9 2],13,-1,29,-1,13
1,<environment.Job instance at 0x7fa3d5e2e9b0>,13,15,[5 8],14,-1,29,-1,14
1,<environment.Job instance at 0x7fa3d5e2e820>,18,26,[2 5],19,-1,45,-1,19
1,<environment.Job instance at 0x7fa3d5e2eb90>,19,28,[4 8],20,-1,48,-1,20
1,<environment.Job instance at 0x7fa3d5e36910>,20,28,[1 5],21,-1,49,-1,21
1,<environment.Job instance at 0x7fa3d5e36af0>,23,13,[10  1],24,-1,40,-1,27
1,<environment.Job instance at 0x7fa3d5e36780>,27,28,[ 1 10],28,-1,56,-1,28
1,<environment.Job instance at 0x7fa3d5e366e0>,28,18,[5 5],29,-1,47,-1,29
1,<environment.Job instance at 0x7fa3d5e36f50>,29,15,[3 6],30,-1,45,-1,30
1,<environment.Job instance at 0x7fa3d5e36870>,26,22,[7 4],27,-1,53,-1,31
1,<environment.Job instance at 0x7fa3d5e25820>,34,18,[ 2 10],35,-1,57,-1,39
1,<environment.Job instance at 0x7fa3d5e25c80>,38,14,[9 3],39,-1,54,-1,40
1,<environment.Job instance at 0x7fa3d5e25410>,42,18,[7 2],43,-1,63,-1,45
1,<environment.Job instance at 0x7fa3d5e25d20>,45,16,[2 7],46,-1,62,-1,46
1,<environment.Job instance at 0x7fa3d5e25d70>,47,12,[10  4],48,-1,60,-1,48
1,<environment.Job instance at 0x7fa3d60b58c0>,48,12,[3 8],49,-1,61,-1,49
1,<environment.Job instance at 0x7fa3d60b50a0>,49,16,[ 3 10],50,-1,66,-1,50
1,<environment.Job instance at 0x7fa3d60b5370>,50,13,[8 2],51,-1,64,-1,51
1,<environment.Job instance at 0x7fa3d60bb3c0>,52,13,[1 7],53,-1,66,-1,53
1,<environment.Job instance at 0x7fa3d60bb9b0>,53,15,[3 5],54,-1,69,-1,54
1,<environment.Job instance at 0x7fa3d60bbd20>,54,13,[6 5],55,-1,68,-1,55
1,<environment.Job instance at 0x7fa3d60bbd70>,55,13,[6 1],56,-1,69,-1,56
1,<environment.Job instance at 0x7fa3d5e25500>,44,16,[5 8],45,-1,72,-1,56
1,<environment.Job instance at 0x7fa3d60bb4b0>,56,20,[10  4],57,-1,86,-1,66
1,<environment.Job instance at 0x7fa3d5e1ffa0>,66,1,[10  4],67,-1,68,-1,67
1,<environment.Job instance at 0x7fa3d5e1fc80>,65,17,[5 8],66,-1,84,-1,67
1,<environment.Job instance at 0x7fa3d5e1f0f0>,70,16,[8 2],71,-1,88,-1,72
1,<environment.Job instance at 0x7fa3d5e1f870>,72,17,[5 5],73,-1,90,-1,73
1,<environment.Job instance at 0x7fa3d526ce60>,79,15,[10  5],80,-1,95,-1,80
1,<environment.Job instance at 0x7fa3d5eec280>,80,12,[9 2],81,-1,93,-1,81
1,<environment.Job instance at 0x7fa3d62134b0>,81,24,[2 6],82,-1,106,-1,82
1,<environment.Job instance at 0x7fa3d6213140>,82,15,[4 9],83,-1,98,-1,83
1,<environment.Job instance at 0x7fa3d5ef37d0>,89,16,[ 1 10],90,-1,106,-1,90
1,<environment.Job instance at 0x7fa3d5e1fdc0>,71,12,[9 4],72,-1,102,-1,90
1,<environment.Job instance at 0x7fa3d5a8d190>,93,21,[5 4],94,-1,115,-1,94
1,<environment.Job instance at 0x7fa3d53f50f0>,103,1,[ 4 10],104,-1,116,-1,115
1,<environment.Job instance at 0x7fa3d6827f00>,104,24,[5 8],105,-1,145,-1,121
1,<environment.Job instance at 0x7fa3d575e410>,107,18,[3 8],108,-1,139,-1,121
1,<environment.Job instance at 0x7fa3d541ecd0>,6,3,[14  4],7,-1,10,-1,7
1,<environment.Job instance at 0x7fa3d692ba50>,4,23,[2 9],5,-1,42,-1,19
1,<environment.Job instance at 0x7fa3d5a06320>,18,26,[2 5],19,-1,75,-1,49
1,<environment.Job instance at 0x7fa3d62a9550>,20,28,[1 5],21,-1,77,-1,49
1,<environment.Job instance at 0x7fa3d667c370>,27,28,[ 1 10],28,-1,91,-1,63
1,<environment.Job instance at 0x7fa3d5608d70>,19,28,[4 8],20,-1,91,-1,63
1,<environment.Job instance at 0x7fa3d5b068c0>,3,27,[5 6],4,-1,31,-1,4
1,<environment.Job instance at 0x7fa3d5b06820>,17,18,[4 5],18,-1,37,-1,19
1,<environment.Job instance at 0x7fa3def09960>,19,17,[7 5],20,-1,37,-1,20
1,<environment.Job instance at 0x7fa3def09be0>,30,16,[10  3],31,-1,59,-1,43
1,<environment.Job instance at 0x7fa3def09640>,23,18,[1 8],24,-1,61,-1,43
1,<environment.Job instance at 0x7fa3def09780>,25,27,[4 6],26,-1,70,-1,43
1,<environment.Job instance at 0x7fa3def095f0>,33,12,[9 4],34,-1,55,-1,43
1,<environment.Job instance at 0x7fa3def49870>,40,14,[11  5],41,-1,71,-1,57
1,<environment.Job instance at 0x7fa3def49d70>,42,17,[3 8],43,-1,114,-1,97
1,<environment.Job instance at 0x7fa3def498c0>,44,28,[4 7],45,-1,125,-1,97
1,<environment.Job instance at 0x7fa3def49cd0>,48,14,[10  3],49,-1,111,-1,97
1,<environment.Job instance at 0x7fa3def491e0>,49,18,[8 2],50,-1,117,-1,99
1,<environment.Job instance at 0x7fa3def49f00>,50,24,[9 4],51,-1,123,-1,99
1,<environment.Job instance at 0x7fa3d5eaa320>,56,18,[10  1],57,-1,117,-1,99
1,<environment.Job instance at 0x7fa3d5eaa140>,57,12,[3 7],58,-1,111,-1,99
1,<environment.Job instance at 0x7fa3d59fb5a0>,54,14,[3 7],55,-1,116,-1,102
1,<environment.Job instance at 0x7fa3d5eaa2d0>,59,15,[ 4 10],60,-1,117,-1,102
1,<environment.Job instance at 0x7fa3def495a0>,51,17,[5 4],52,-1,121,-1,104
1,<environment.Job instance at 0x7fa3d5eaab90>,61,16,[12  1],62,-1,121,-1,105
1,<environment.Job instance at 0x7fa3d5eaa7d0>,60,17,[3 8],61,-1,122,-1,105
1,<environment.Job instance at 0x7fa3d5eaa9b0>,63,17,[7 3],64,-1,122,-1,105
1,<environment.Job instance at 0x7fa3d5eaa050>,62,1,[7 3],63,-1,106,-1,105
1,<environment.Job instance at 0x7fa3d59fb410>,55,12,[2 6],56,-1,117,-1,105
1,<environment.Job instance at 0x7fa3d5eaac30>,67,18,[3 9],68,-1,123,-1,105
1,<environment.Job instance at 0x7fa3d5eaa730>,66,12,[4 6],67,-1,117,-1,105
1,<environment.Job instance at 0x7fa3d5eaad70>,65,12,[5 5],66,-1,117,-1,105
1,<environment.Job instance at 0x7fa3d59c84b0>,73,17,[10  3],74,-1,124,-1,107
1,<environment.Job instance at 0x7fa3d55290a0>,76,16,[2 9],77,-1,134,-1,118
1,<environment.Job instance at 0x7fa3d5c9c8c0>,77,22,[10  4],78,-1,140,-1,118
1,<environment.Job instance at 0x7fa3d5eaab40>,58,16,[7 1],59,-1,137,-1,121
1,<environment.Job instance at 0x7fa3d5af8910>,78,21,[7 1],79,-1,142,-1,121
1,<environment.Job instance at 0x7fa3d565a0f0>,84,15,[4 8],85,-1,136,-1,121
1,<environment.Job instance at 0x7fa3d5ba5500>,89,13,[3 8],90,-1,142,-1,129
1,<environment.Job instance at 0x7fa3d5ad30a0>,90,14,[12  5],91,-1,143,-1,129
1,<environment.Job instance at 0x7fa3d503c500>,92,13,[2 6],93,-1,142,-1,129
1,<environment.Job instance at 0x7fa3d503c820>,93,17,[6 4],94,-1,146,-1,129
1,<environment.Job instance at 0x7fa3d665b140>,94,2,[2 5],95,-1,131,-1,129
1,<environment.Job instance at 0x7fa3d5ad3f50>,3,27,[5 6],4,-1,31,-1,4
1,<environment.Job instance at 0x7fa3d667ca50>,6,16,[ 3 11],7,-1,23,-1,7
1,<environment.Job instance at 0x7fa3d541efa0>,8,25,[11  1],9,-1,34,-1,9
1,<environment.Job instance at 0x7fa3df418b90>,20,18,[12  3],21,-1,39,-1,21
1,<environment.Job instance at 0x7fa3d5ac0dc0>,14,27,[3 8],15,-1,62,-1,35
1,<environment.Job instance at 0x7fa3d623f3c0>,25,27,[4 6],26,-1,75,-1,48
1,<environment.Job instance at 0x7fa3d61c58c0>,40,14,[11  5],41,-1,111,-1,97
1,<environment.Job instance at 0x7fa3d5595640>,44,28,[4 7],45,-1,154,-1,126
1,<environment.Job instance at 0x7fa3d6663640>,1,14,[4 8],2,-1,16,-1,2
1,<environment.Job instance at 0x7fa3d60ca1e0>,15,18,[7 4],16,-1,37,-1,19
1,<environment.Job instance at 0x7fa3d549f780>,19,17,[4 6],20,-1,37,-1,20
1,<environment.Job instance at 0x7fa3d645ec30>,25,17,[4 6],26,-1,43,-1,26
1,<environment.Job instance at 0x7fa3d674e640>,26,15,[10  5],27,-1,49,-1,34
1,<environment.Job instance at 0x7fa3d689f460>,34,15,[7 5],35,-1,50,-1,35
1,<environment.Job instance at 0x7fa3d5c824b0>,35,15,[7 1],36,-1,51,-1,36
1,<environment.Job instance at 0x7fa3d5c82050>,36,15,[5 5],37,-1,52,-1,37
1,<environment.Job instance at 0x7fa3def3ba50>,37,17,[9 4],38,-1,55,-1,38
1,<environment.Job instance at 0x7fa3deec1190>,39,2,[10  4],40,-1,43,-1,41
1,<environment.Job instance at 0x7fa3deec1d20>,40,18,[2 9],41,-1,59,-1,41
1,<environment.Job instance at 0x7fa3d53f43c0>,41,2,[10  3],42,-1,44,-1,42
1,<environment.Job instance at 0x7fa3d53f47d0>,42,16,[2 8],43,-1,59,-1,43
1,<environment.Job instance at 0x7fa3def99cd0>,43,12,[3 6],44,-1,56,-1,44
1,<environment.Job instance at 0x7fa3def99230>,44,14,[7 2],45,-1,59,-1,45
1,<environment.Job instance at 0x7fa3def99460>,46,13,[10  2],47,-1,60,-1,47
1,<environment.Job instance at 0x7fa3def0e910>,49,20,[7 2],50,-1,70,-1,50
1,<environment.Job instance at 0x7fa3def0e0f0>,50,16,[1 9],51,-1,67,-1,51
1,<environment.Job instance at 0x7fa3def0eb90>,52,16,[5 3],53,-1,69,-1,53
1,<environment.Job instance at 0x7fa3def0ee60>,53,15,[9 4],54,-1,69,-1,54
1,<environment.Job instance at 0x7fa3d5b62aa0>,32,17,[ 1 10],33,-1,77,-1,60
1,<environment.Job instance at 0x7fa3d55048c0>,59,12,[7 5],60,-1,75,-1,63
1,<environment.Job instance at 0x7fa3d5504550>,61,14,[ 5 10],62,-1,77,-1,63
1,<environment.Job instance at 0x7fa3d5504f00>,62,17,[5 8],63,-1,84,-1,67
1,<environment.Job instance at 0x7fa3d670ae60>,33,14,[5 4],34,-1,81,-1,67
1,<environment.Job instance at 0x7fa3d561d6e0>,64,19,[3 7],65,-1,86,-1,67
1,<environment.Job instance at 0x7fa3d5504320>,58,22,[ 3 10],59,-1,89,-1,67
1,<environment.Job instance at 0x7fa3d55045a0>,63,14,[5 7],64,-1,81,-1,67
1,<environment.Job instance at 0x7fa3d561d4b0>,67,23,[3 5],68,-1,91,-1,68
1,<environment.Job instance at 0x7fa3d561dc30>,68,16,[1 9],69,-1,87,-1,71
1,<environment.Job instance at 0x7fa3d561dd70>,70,28,[2 6],71,-1,99,-1,71
1,<environment.Job instance at 0x7fa3d561d190>,69,16,[1 8],70,-1,87,-1,71
1,<environment.Job instance at 0x7fa3d6215e60>,75,15,[4 9],76,-1,92,-1,77
1,<environment.Job instance at 0x7fa3d62158c0>,79,23,[8 2],80,-1,103,-1,80
1,<environment.Job instance at 0x7fa3d62156e0>,81,16,[1 7],82,-1,98,-1,82
1,<environment.Job instance at 0x7fa3d549aa00>,83,19,[3 9],84,-1,105,-1,86
1,<environment.Job instance at 0x7fa3d549a730>,85,17,[9 1],86,-1,104,-1,87
1,<environment.Job instance at 0x7fa3d549afa0>,87,14,[5 6],88,-1,102,-1,88
1,<environment.Job instance at 0x7fa3d687b320>,24,12,[ 4 13],25,-1,102,-1,90
1,<environment.Job instance at 0x7fa3d549ae60>,89,18,[5 3],90,-1,108,-1,90
1,<environment.Job instance at 0x7fa3d549af00>,91,20,[10  2],92,-1,114,-1,94
1,<environment.Job instance at 0x7fa3d549a190>,94,14,[ 3 10],95,-1,109,-1,95
1,<environment.Job instance at 0x7fa3d549a1e0>,93,15,[ 3 14],94,-1,111,-1,96
1,<environment.Job instance at 0x7fa3d5aed5a0>,103,17,[6 1],104,-1,126,-1,109
1,<environment.Job instance at 0x7fa3d5aed140>,100,18,[8 3],101,-1,127,-1,109
1,<environment.Job instance at 0x7fa3d5aed2d0>,104,12,[4 5],105,-1,121,-1,109
1,<environment.Job instance at 0x7fa3d652ff00>,108,27,[6 3],109,-1,136,-1,109
1,<environment.Job instance at 0x7fa3d5aeda00>,105,15,[14  4],106,-1,124,-1,109
1,<environment.Job instance at 0x7fa3d652fe10>,109,27,[3 5],110,-1,139,-1,112
1,<environment.Job instance at 0x7fa3d652f640>,111,16,[5 5],112,-1,128,-1,112
1,<environment.Job instance at 0x7fa3d652fdc0>,110,13,[4 7],111,-1,127,-1,114
1,<environment.Job instance at 0x7fa3d652f820>,113,13,[3 7],114,-1,128,-1,115
1,<environment.Job instance at 0x7fa3d652fbe0>,117,17,[4 9],118,-1,135,-1,118
1,<environment.Job instance at 0x7fa3d52b7500>,119,13,[10  2],120,-1,133,-1,120
1,<environment.Job instance at 0x7fa3d52b7c30>,120,23,[5 8],121,-1,144,-1,121
1,<environment.Job instance at 0x7fa3d52b7050>,122,17,[ 5 10],123,-1,141,-1,124
1,<environment.Job instance at 0x7fa3d52b7cd0>,124,18,[3 5],125,-1,145,-1,127
1,<environment.Job instance at 0x7fa3d5ae3dc0>,6,16,[12  5],7,-1,23,-1,7
1,<environment.Job instance at 0x7fa3d5608e10>,9,28,[4 8],10,-1,44,-1,16
1,<environment.Job instance at 0x7fa3d61a8690>,24,12,[ 4 13],25,-1,48,-1,36
1,<environment.Job instance at 0x7fa3d6032dc0>,30,2,[ 2 12],31,-1,46,-1,44
1,<environment.Job instance at 0x7fa3d6026b90>,31,13,[ 3 11],32,-1,57,-1,44
1,<environment.Job instance at 0x7fa3d57ea6e0>,45,1,[14  5],46,-1,120,-1,119
1,<environment.Job instance at 0x7fa3d69341e0>,1,14,[9 3],2,-1,17,-1,3
1,<environment.Job instance at 0x7fa3d57cc9b0>,6,13,[ 5 10],7,-1,20,-1,7
1,<environment.Job instance at 0x7fa3d6063140>,2,14,[ 3 10],3,-1,22,-1,8
1,<environment.Job instance at 0x7fa3d57cccd0>,12,16,[1 7],13,-1,29,-1,13
1,<environment.Job instance at 0x7fa3d57ccc30>,14,18,[2 5],15,-1,34,-1,16
1,<environment.Job instance at 0x7fa3d57cc500>,17,15,[10  1],18,-1,33,-1,18
1,<environment.Job instance at 0x7fa3d57cc780>,18,28,[9 5],19,-1,47,-1,19
1,<environment.Job instance at 0x7fa3d57cc4b0>,15,18,[2 9],16,-1,37,-1,19
1,<environment.Job instance at 0x7fa3d528d5a0>,25,17,[8 3],26,-1,43,-1,26
1,<environment.Job instance at 0x7fa3d528de60>,26,22,[4 9],27,-1,49,-1,27
1,<environment.Job instance at 0x7fa3d528d730>,32,18,[7 3],33,-1,51,-1,33
1,<environment.Job instance at 0x7fa3d54ddd20>,35,14,[8 2],36,-1,55,-1,41
1,<environment.Job instance at 0x7fa3d54dd8c0>,41,16,[4 9],42,-1,58,-1,42
1,<environment.Job instance at 0x7fa3d54dd370>,40,15,[8 2],41,-1,57,-1,42
1,<environment.Job instance at 0x7fa3d54dda50>,42,15,[9 5],43,-1,59,-1,44
1,<environment.Job instance at 0x7fa3d54ddf50>,46,16,[ 5 10],47,-1,63,-1,47
1,<environment.Job instance at 0x7fa3d54dd730>,47,13,[10  3],48,-1,61,-1,48
1,<environment.Job instance at 0x7fa3d54ddaa0>,48,18,[10  5],49,-1,67,-1,49
1,<environment.Job instance at 0x7fa3d54dd550>,43,13,[3 7],44,-1,63,-1,50
1,<environment.Job instance at 0x7fa3d57a8af0>,59,15,[ 5 10],60,-1,75,-1,60
1,<environment.Job instance at 0x7fa3d67b6b90>,65,2,[3 6],66,-1,72,-1,70
1,<environment.Job instance at 0x7fa3d67b6500>,70,18,[3 7],71,-1,90,-1,72
1,<environment.Job instance at 0x7fa3d57a8960>,60,14,[13  1],61,-1,86,-1,72
1,<environment.Job instance at 0x7fa3d67b6820>,77,14,[4 9],78,-1,94,-1,80
1,<environment.Job instance at 0x7fa3d67b6910>,66,12,[5 9],67,-1,92,-1,80
1,<environment.Job instance at 0x7fa3d54bb190>,79,13,[ 5 11],80,-1,93,-1,80
1,<environment.Job instance at 0x7fa3d67b6690>,67,12,[ 4 10],68,-1,92,-1,80
1,<environment.Job instance at 0x7fa3d54bb230>,78,15,[5 4],79,-1,95,-1,80
1,<environment.Job instance at 0x7fa3d54bb050>,80,17,[10  2],81,-1,98,-1,81
1,<environment.Job instance at 0x7fa3d67b6aa0>,76,15,[13  2],77,-1,98,-1,83
1,<environment.Job instance at 0x7fa3d54bb7d0>,82,18,[1 5],83,-1,102,-1,84
1,<environment.Job instance at 0x7fa3d54bb1e0>,84,22,[7 4],85,-1,107,-1,85
1,<environment.Job instance at 0x7fa3d54bb960>,86,17,[5 8],87,-1,105,-1,88
1,<environment.Job instance at 0x7fa3d54bb0a0>,90,20,[ 3 10],91,-1,111,-1,91
1,<environment.Job instance at 0x7fa3d54bb320>,92,14,[11  5],93,-1,107,-1,93
1,<environment.Job instance at 0x7fa3d62e4640>,94,16,[9 5],95,-1,111,-1,95
1,<environment.Job instance at 0x7fa3d6727e10>,97,15,[4 6],98,-1,113,-1,98
1,<environment.Job instance at 0x7fa3d6727640>,99,18,[1 9],100,-1,118,-1,100
1,<environment.Job instance at 0x7fa3def3acd0>,106,14,[ 3 10],107,-1,121,-1,107
1,<environment.Job instance at 0x7fa3d54dfd70>,108,17,[3 8],109,-1,126,-1,109
1,<environment.Job instance at 0x7fa3d54bbc30>,87,16,[5 1],88,-1,127,-1,111
1,<environment.Job instance at 0x7fa3d66eeb40>,109,14,[5 4],110,-1,126,-1,112
1,<environment.Job instance at 0x7fa3d5682be0>,114,16,[9 1],115,-1,140,-1,124
1,<environment.Job instance at 0x7fa3d5e95960>,119,18,[6 3],120,-1,142,-1,124
1,<environment.Job instance at 0x7fa3d6012b90>,122,17,[9 3],123,-1,141,-1,124
1,<environment.Job instance at 0x7fa3d603b9b0>,18,28,[9 5],19,-1,78,-1,50
1,<environment.Job instance at 0x7fa3d63036e0>,20,1,[11  1],21,-1,51,-1,50
1,<environment.Job instance at 0x7fa3d5017280>,37,1,[ 2 12],38,-1,77,-1,76
1,<environment.Job instance at 0x7fa3d594bb40>,7,17,[10  4],8,-1,25,-1,8
1,<environment.Job instance at 0x7fa3d594baf0>,8,17,[9 3],9,-1,26,-1,9
1,<environment.Job instance at 0x7fa3d594bcd0>,9,18,[2 7],10,-1,28,-1,10
1,<environment.Job instance at 0x7fa3d594bbe0>,10,16,[ 1 10],11,-1,27,-1,11
1,<environment.Job instance at 0x7fa3d594bf50>,13,23,[5 6],14,-1,37,-1,14
1,<environment.Job instance at 0x7fa3d609ccd0>,16,16,[10  2],17,-1,34,-1,18
1,<environment.Job instance at 0x7fa3d57c2460>,19,17,[10  1],20,-1,37,-1,20
1,<environment.Job instance at 0x7fa3df546be0>,20,2,[13  2],21,-1,23,-1,21
1,<environment.Job instance at 0x7fa3df546410>,21,2,[8 2],22,-1,24,-1,22
1,<environment.Job instance at 0x7fa3d5bc62d0>,22,14,[9 2],23,-1,37,-1,23
1,<environment.Job instance at 0x7fa3d528db40>,23,1,[14  1],24,-1,25,-1,24
1,<environment.Job instance at 0x7fa3d5ec0d70>,17,13,[5 5],18,-1,40,-1,27
1,<environment.Job instance at 0x7fa3d50e0e60>,27,14,[10  2],28,-1,43,-1,29
1,<environment.Job instance at 0x7fa3d63a51e0>,28,15,[5 3],29,-1,44,-1,29
1,<environment.Job instance at 0x7fa3d5bc5320>,31,17,[9 4],32,-1,49,-1,32
1,<environment.Job instance at 0x7fa3d5dc83c0>,35,16,[3 7],36,-1,52,-1,36
1,<environment.Job instance at 0x7fa3d5dc8a50>,36,13,[9 1],37,-1,51,-1,38
1,<environment.Job instance at 0x7fa3d5dc8820>,37,18,[10  3],38,-1,56,-1,38
1,<environment.Job instance at 0x7fa3d5766b40>,41,16,[1 7],42,-1,58,-1,42
1,<environment.Job instance at 0x7fa3d5766f00>,44,24,[4 8],45,-1,69,-1,45
1,<environment.Job instance at 0x7fa3d57660f0>,45,12,[4 8],46,-1,59,-1,47
1,<environment.Job instance at 0x7fa3d57661e0>,46,23,[9 2],47,-1,70,-1,47
1,<environment.Job instance at 0x7fa3d68c4230>,47,18,[3 6],48,-1,66,-1,48
1,<environment.Job instance at 0x7fa3d68c4b90>,48,14,[10  1],49,-1,64,-1,50
1,<environment.Job instance at 0x7fa3d68c4870>,50,28,[8 5],51,-1,79,-1,51
1,<environment.Job instance at 0x7fa3d5991f50>,51,16,[6 2],52,-1,68,-1,52
1,<environment.Job instance at 0x7fa3d5991140>,52,2,[8 5],53,-1,55,-1,53
1,<environment.Job instance at 0x7fa3d5991460>,53,17,[ 5 12],54,-1,71,-1,54
1,<environment.Job instance at 0x7fa3d5991a00>,54,18,[ 4 13],55,-1,73,-1,55
1,<environment.Job instance at 0x7fa3d68c4c80>,49,27,[ 5 10],50,-1,82,-1,55
1,<environment.Job instance at 0x7fa3d59919b0>,56,17,[9 4],57,-1,76,-1,59
1,<environment.Job instance at 0x7fa3defa8870>,61,16,[4 7],62,-1,78,-1,62
1,<environment.Job instance at 0x7fa3d59c7b90>,62,17,[10  4],63,-1,80,-1,63
1,<environment.Job instance at 0x7fa3d5411af0>,63,13,[ 4 10],64,-1,77,-1,64
1,<environment.Job instance at 0x7fa3d69284b0>,68,18,[4 7],69,-1,87,-1,69
1,<environment.Job instance at 0x7fa3d516ceb0>,69,15,[7 2],70,-1,85,-1,70
1,<environment.Job instance at 0x7fa3d516cd20>,70,21,[9 2],71,-1,92,-1,71
1,<environment.Job instance at 0x7fa3d516c410>,73,18,[ 4 10],74,-1,92,-1,74
1,<environment.Job instance at 0x7fa3d516cf00>,74,15,[3 5],75,-1,90,-1,75
1,<environment.Job instance at 0x7fa3d59001e0>,76,26,[3 5],77,-1,103,-1,77
1,<environment.Job instance at 0x7fa3df47bd20>,77,24,[9 4],78,-1,102,-1,78
1,<environment.Job instance at 0x7fa3d518a4b0>,79,13,[4 7],80,-1,93,-1,80
1,<environment.Job instance at 0x7fa3d685dc30>,80,15,[1 8],81,-1,96,-1,81
1,<environment.Job instance at 0x7fa3def3ab90>,84,17,[3 5],85,-1,102,-1,85
1,<environment.Job instance at 0x7fa3def52af0>,85,18,[ 3 10],86,-1,104,-1,86
1,<environment.Job instance at 0x7fa3d64a95a0>,92,13,[9 5],93,-1,106,-1,93
1,<environment.Job instance at 0x7fa3d648d870>,93,12,[ 3 10],94,-1,106,-1,94
1,<environment.Job instance at 0x7fa3d5bfef50>,97,17,[8 4],98,-1,115,-1,98
1,<environment.Job instance at 0x7fa3d64fdc30>,101,16,[1 8],102,-1,118,-1,102
1,<environment.Job instance at 0x7fa3d64fb190>,105,22,[5 4],106,-1,128,-1,106
1,<environment.Job instance at 0x7fa3d64fb0a0>,106,28,[8 5],107,-1,135,-1,107
1,<environment.Job instance at 0x7fa3d67d0f50>,110,18,[5 8],111,-1,129,-1,111
1,<environment.Job instance at 0x7fa3d67d0410>,112,13,[8 1],113,-1,128,-1,115
1,<environment.Job instance at 0x7fa3d5b4e5a0>,114,25,[9 4],115,-1,140,-1,115
1,<environment.Job instance at 0x7fa3d5f10dc0>,1,1,[12  1],2,-1,3,-1,2
1,<environment.Job instance at 0x7fa3d5f10af0>,3,3,[ 3 12],4,-1,7,-1,4
1,<environment.Job instance at 0x7fa3d5ac0dc0>,13,23,[5 6],14,-1,48,-1,25
1,<environment.Job instance at 0x7fa3d541ab90>,20,2,[13  2],21,-1,40,-1,38
1,<environment.Job instance at 0x7fa3d5953d20>,23,1,[14  1],24,-1,43,-1,42
1,<environment.Job instance at 0x7fa3d502e910>,38,2,[ 4 11],39,-1,106,-1,104
1,<environment.Job instance at 0x7fa3def5b500>,40,12,[ 1 14],41,-1,118,-1,106
1,<environment.Job instance at 0x7fa3def5bc30>,42,2,[ 1 14],43,-1,121,-1,119
1,<environment.Job instance at 0x7fa3def5b780>,44,24,[4 8],45,-1,145,-1,121
1,<environment.Job instance at 0x7fa3d512baa0>,5,27,[4 6],6,-1,33,-1,6
1,<environment.Job instance at 0x7fa3d512b6e0>,7,17,[2 8],8,-1,25,-1,8
1,<environment.Job instance at 0x7fa3d512bd20>,8,18,[5 5],9,-1,27,-1,9
1,<environment.Job instance at 0x7fa3d512beb0>,12,16,[ 1 10],13,-1,29,-1,13
1,<environment.Job instance at 0x7fa3d5101500>,17,17,[2 5],18,-1,35,-1,18
1,<environment.Job instance at 0x7fa3d51011e0>,19,17,[9 4],20,-1,37,-1,20
1,<environment.Job instance at 0x7fa3d5101190>,20,15,[10  4],21,-1,36,-1,21
1,<environment.Job instance at 0x7fa3d51016e0>,21,16,[5 1],22,-1,38,-1,22
1,<environment.Job instance at 0x7fa3d51017d0>,22,14,[1 8],23,-1,37,-1,23
1,<environment.Job instance at 0x7fa3d5101960>,23,17,[7 4],24,-1,41,-1,24
1,<environment.Job instance at 0x7fa3d512e0a0>,31,23,[5 2],32,-1,55,-1,32
1,<environment.Job instance at 0x7fa3d512e640>,37,17,[9 5],38,-1,56,-1,39
1,<environment.Job instance at 0x7fa3d512ebe0>,43,15,[5 6],44,-1,59,-1,44
1,<environment.Job instance at 0x7fa3d512ec30>,44,16,[10  5],45,-1,61,-1,45
1,<environment.Job instance at 0x7fa3d510f0a0>,46,18,[10  3],47,-1,65,-1,47
1,<environment.Job instance at 0x7fa3d510f140>,48,12,[1 5],49,-1,61,-1,49
1,<environment.Job instance at 0x7fa3d510f320>,49,12,[8 1],50,-1,62,-1,50
1,<environment.Job instance at 0x7fa3d510f230>,50,14,[5 6],51,-1,65,-1,51
1,<environment.Job instance at 0x7fa3d510f500>,51,19,[10  5],52,-1,71,-1,52
1,<environment.Job instance at 0x7fa3d510f9b0>,61,18,[4 5],62,-1,80,-1,62
1,<environment.Job instance at 0x7fa3d510fe10>,60,13,[ 2 10],61,-1,75,-1,62
1,<environment.Job instance at 0x7fa3d510fe60>,62,13,[5 5],63,-1,77,-1,64
1,<environment.Job instance at 0x7fa3d51142d0>,66,18,[3 7],67,-1,85,-1,67
1,<environment.Job instance at 0x7fa3d5114140>,68,12,[2 6],69,-1,81,-1,69
1,<environment.Job instance at 0x7fa3d5114780>,69,18,[6 5],70,-1,88,-1,70
1,<environment.Job instance at 0x7fa3d51149b0>,72,14,[4 6],73,-1,88,-1,74
1,<environment.Job instance at 0x7fa3d5114a00>,74,24,[5 9],75,-1,99,-1,75
1,<environment.Job instance at 0x7fa3d5114870>,75,18,[1 6],76,-1,94,-1,76
1,<environment.Job instance at 0x7fa3d50fb280>,82,17,[4 8],83,-1,113,-1,96
1,<environment.Job instance at 0x7fa3d512e870>,38,18,[ 4 13],39,-1,114,-1,96
1,<environment.Job instance at 0x7fa3d50fb320>,81,18,[9 3],82,-1,131,-1,113
1,<environment.Job instance at 0x7fa3d50fb7d0>,89,12,[1 7],90,-1,125,-1,113
1,<environment.Job instance at 0x7fa3d50fbaf0>,93,18,[2 6],94,-1,131,-1,113
1,<environment.Job instance at 0x7fa3d50fc2d0>,99,15,[10  3],100,-1,141,-1,126
1,<environment.Job instance at 0x7fa3d50fc410>,101,17,[9 5],102,-1,143,-1,126
1,<environment.Job instance at 0x7fa3d50fc4b0>,102,19,[1 5],103,-1,145,-1,126
1,<environment.Job instance at 0x7fa3d558fbe0>,5,27,[4 6],6,-1,33,-1,6
1,<environment.Job instance at 0x7fa3d558f640>,9,24,[9 1],10,-1,54,-1,30
1,<environment.Job instance at 0x7fa3d636adc0>,18,1,[ 2 12],19,-1,31,-1,30
1,<environment.Job instance at 0x7fa3d636af50>,26,13,[11  2],27,-1,72,-1,59
1,<environment.Job instance at 0x7fa3d57d5aa0>,31,23,[5 2],32,-1,98,-1,75
1,<environment.Job instance at 0x7fa3d5bfc910>,32,17,[ 5 14],33,-1,92,-1,75
1,<environment.Job instance at 0x7fa3d5597410>,33,28,[10  4],34,-1,103,-1,75
1,<environment.Job instance at 0x7fa3d5907320>,38,18,[ 4 13],39,-1,96,-1,78
1,<environment.Job instance at 0x7f62a6a756e0>,0,13,[9 3],1,-1,15,-1,2
1,<environment.Job instance at 0x7f62a6a758c0>,1,22,[11  3],2,-1,24,-1,2
1,<environment.Job instance at 0x7f62a6a75730>,2,22,[4 8],3,-1,25,-1,3
1,<environment.Job instance at 0x7f629d42f140>,9,18,[11  5],10,-1,28,-1,10
1,<environment.Job instance at 0x7f629d42f0a0>,11,15,[4 8],12,-1,27,-1,12
1,<environment.Job instance at 0x7f629d42f3c0>,12,26,[ 1 10],13,-1,39,-1,13
1,<environment.Job instance at 0x7f629d42f2d0>,13,18,[ 4 10],14,-1,32,-1,14
1,<environment.Job instance at 0x7f629d42f500>,15,18,[2 8],16,-1,34,-1,16
1,<environment.Job instance at 0x7f629d42f6e0>,16,16,[3 5],17,-1,33,-1,17
1,<environment.Job instance at 0x7f629d42f910>,19,14,[3 5],20,-1,34,-1,20
1,<environment.Job instance at 0x7f629d42fc30>,23,27,[1 6],24,-1,51,-1,24
1,<environment.Job instance at 0x7f629d42fcd0>,24,18,[2 6],25,-1,43,-1,25
1,<environment.Job instance at 0x7f629d4320a0>,27,15,[8 4],28,-1,43,-1,28
1,<environment.Job instance at 0x7f629d4321e0>,28,23,[10  4],29,-1,52,-1,29
1,<environment.Job instance at 0x7f629d432320>,30,14,[5 2],31,-1,45,-1,31
1,<environment.Job instance at 0x7f629d4324b0>,31,14,[2 5],32,-1,46,-1,32
1,<environment.Job instance at 0x7f629d432230>,32,3,[5 1],33,-1,36,-1,33
1,<environment.Job instance at 0x7f629d4325a0>,33,14,[5 5],34,-1,48,-1,34
1,<environment.Job instance at 0x7f629d432640>,34,24,[1 8],35,-1,59,-1,35
1,<environment.Job instance at 0x7f629d4326e0>,35,15,[9 5],36,-1,51,-1,36
1,<environment.Job instance at 0x7f629d432be0>,40,15,[10  3],41,-1,59,-1,44
1,<environment.Job instance at 0x7f629d432d70>,43,18,[5 5],44,-1,62,-1,44
1,<environment.Job instance at 0x7f629d4352d0>,48,15,[10  1],49,-1,65,-1,50
1,<environment.Job instance at 0x7f629d435870>,53,17,[5 7],54,-1,71,-1,54
1,<environment.Job instance at 0x7f629d435aa0>,56,17,[8 5],57,-1,74,-1,57
1,<environment.Job instance at 0x7f629d439140>,62,22,[6 4],63,-1,85,-1,63
1,<environment.Job instance at 0x7f629d4390f0>,64,18,[2 9],65,-1,83,-1,65
1,<environment.Job instance at 0x7f629d4394b0>,65,20,[2 6],66,-1,86,-1,66
1,<environment.Job instance at 0x7f629d42f870>,1,22,[11  3],2,-1,24,-1,2
1,<environment.Job instance at 0x7f629d432500>,9,18,[11  5],10,-1,32,-1,14
1,<environment.Job instance at 0x7f629d4358c0>,12,26,[ 1 10],13,-1,82,-1,56
1,<environment.Job instance at 0x7f629d4eda00>,23,27,[1 6],24,-1,87,-1,60
1,<environment.Job instance at 0x7f629d4ed0f0>,28,23,[10  4],29,-1,97,-1,74
1,<environment.Job instance at 0x7f629d5d8870>,34,24,[1 8],35,-1,117,-1,93
1,<environment.Job instance at 0x7f629d51daa0>,36,13,[ 3 14],37,-1,106,-1,93
1,<environment.Job instance at 0x7f629d539e10>,46,17,[12  2],47,-1,134,-1,117
1,<environment.Job instance at 0x7f629d4e85a0>,50,16,[12  2],51,-1,146,-1,130
1,<environment.Job instance at 0x7f629cb7b7d0>,0,16,[2 8],1,-1,18,-1,2
1,<environment.Job instance at 0x7f629cb7c0f0>,3,15,[ 1 12],4,-1,19,-1,4
1,<environment.Job instance at 0x7f629cb7bc30>,6,17,[1 7],7,-1,24,-1,7
1,<environment.Job instance at 0x7f629cb710a0>,7,1,[ 1 14],8,-1,9,-1,8
1,<environment.Job instance at 0x7f629cb7b690>,1,13,[5 6],2,-1,22,-1,9
1,<environment.Job instance at 0x7f629cb715f0>,11,15,[10  4],12,-1,28,-1,13
1,<environment.Job instance at 0x7f629cb76c30>,14,14,[8 4],15,-1,29,-1,15
1,<environment.Job instance at 0x7f629cb768c0>,18,14,[9 5],19,-1,33,-1,19
1,<environment.Job instance at 0x7f629ccb1b40>,21,15,[1 7],22,-1,37,-1,22
1,<environment.Job instance at 0x7f629cb71960>,12,14,[1 8],13,-1,36,-1,22
1,<environment.Job instance at 0x7f629cc5c4b0>,27,2,[10  2],28,-1,30,-1,28
1,<environment.Job instance at 0x7f629cd7e410>,28,19,[6 4],29,-1,48,-1,29
1,<environment.Job instance at 0x7f629cccd280>,33,18,[6 5],34,-1,52,-1,34
1,<environment.Job instance at 0x7f629c9fceb0>,34,19,[6 1],35,-1,54,-1,35
1,<environment.Job instance at 0x7f629c9fc6e0>,35,16,[ 2 10],36,-1,52,-1,36
1,<environment.Job instance at 0x7f629c9f79b0>,37,21,[ 3 10],38,-1,59,-1,38
1,<environment.Job instance at 0x7f629c9debe0>,42,14,[2 9],43,-1,57,-1,43
1,<environment.Job instance at 0x7f629cce6640>,29,14,[3 6],30,-1,61,-1,47
1,<environment.Job instance at 0x7f629d39bdc0>,48,21,[9 4],49,-1,71,-1,50
1,<environment.Job instance at 0x7f629c9eea50>,49,12,[9 3],50,-1,62,-1,50
1,<environment.Job instance at 0x7f62a6c5ae60>,50,18,[10  3],51,-1,70,-1,52
1,<environment.Job instance at 0x7f629cb5acd0>,51,17,[10  2],52,-1,69,-1,52
1,<environment.Job instance at 0x7f629ca3daf0>,60,13,[10  5],61,-1,75,-1,62
1,<environment.Job instance at 0x7f629ca3da50>,62,14,[2 7],63,-1,77,-1,63
1,<environment.Job instance at 0x7f629ca3dd70>,63,14,[7 5],64,-1,78,-1,64
1,<environment.Job instance at 0x7f629cb79a50>,65,14,[10  2],66,-1,80,-1,66
1,<environment.Job instance at 0x7f629ca3da00>,61,14,[1 6],62,-1,81,-1,67
1,<environment.Job instance at 0x7f629ca48320>,80,18,[4 5],81,-1,99,-1,81
1,<environment.Job instance at 0x7f629ca48640>,81,18,[2 8],82,-1,100,-1,82
1,<environment.Job instance at 0x7f629ca45f50>,84,16,[9 4],85,-1,103,-1,87
1,<environment.Job instance at 0x7f629ca45690>,86,14,[10  1],87,-1,101,-1,87
1,<environment.Job instance at 0x7f629ca45280>,88,15,[7 5],89,-1,110,-1,95
1,<environment.Job instance at 0x7f629ca45af0>,89,13,[6 3],90,-1,112,-1,99
1,<environment.Job instance at 0x7f629ca45e10>,92,20,[1 7],93,-1,120,-1,100
1,<environment.Job instance at 0x7f629cc807d0>,3,15,[ 1 12],4,-1,19,-1,4
1,<environment.Job instance at 0x7f629cce6eb0>,5,3,[ 4 13],6,-1,9,-1,6
1,<environment.Job instance at 0x7f629cc96690>,7,1,[ 1 14],8,-1,9,-1,8
1,<environment.Job instance at 0x7f629cc564b0>,20,3,[13  3],21,-1,39,-1,36
1,<environment.Job instance at 0x7f629cbe26e0>,25,13,[ 1 14],26,-1,66,-1,53
1,<environment.Job instance at 0x7f629cbf4cd0>,36,2,[11  5],37,-1,70,-1,68
1,<environment.Job instance at 0x7f629cbf88c0>,38,3,[14  4],39,-1,76,-1,73
1,<environment.Job instance at 0x7f629cdcf690>,58,12,[14  4],59,-1,144,-1,132
1,<environment.Job instance at 0x7f629cab1b40>,4,15,[10  4],5,-1,21,-1,6
1,<environment.Job instance at 0x7f629cab1460>,5,18,[11  3],6,-1,24,-1,6
1,<environment.Job instance at 0x7f629cbd7190>,12,18,[8 2],13,-1,34,-1,16
1,<environment.Job instance at 0x7f629cbd7320>,17,14,[ 1 10],18,-1,32,-1,18
1,<environment.Job instance at 0x7f629cbd7c30>,19,16,[9 4],20,-1,36,-1,20
1,<environment.Job instance at 0x7f629cbd7f00>,20,15,[8 2],21,-1,36,-1,21
1,<environment.Job instance at 0x7f629cbd7c80>,22,25,[6 3],23,-1,48,-1,23
1,<environment.Job instance at 0x7f629cbd7dc0>,24,17,[9 4],25,-1,42,-1,25
1,<environment.Job instance at 0x7f629cbd72d0>,15,17,[4 6],16,-1,42,-1,25
1,<environment.Job instance at 0x7f629cb93b90>,28,17,[3 6],29,-1,46,-1,29
1,<environment.Job instance at 0x7f629cb93a00>,29,15,[ 5 10],30,-1,47,-1,32
1,<environment.Job instance at 0x7f629cb938c0>,33,20,[2 6],34,-1,54,-1,34
1,<environment.Job instance at 0x7f629cb93eb0>,31,14,[8 2],32,-1,49,-1,35
1,<environment.Job instance at 0x7f629ca26b90>,45,12,[2 6],46,-1,58,-1,46
1,<environment.Job instance at 0x7f629ca26d20>,46,15,[2 7],47,-1,62,-1,47
1,<environment.Job instance at 0x7f629ca26b40>,48,15,[7 5],49,-1,64,-1,49
1,<environment.Job instance at 0x7f629ca26e10>,49,15,[ 3 10],50,-1,65,-1,50
1,<environment.Job instance at 0x7f629ca266e0>,50,24,[2 8],51,-1,75,-1,51
1,<environment.Job instance at 0x7f629ca23eb0>,54,23,[10  2],55,-1,98,-1,75
1,<environment.Job instance at 0x7f629ca20460>,69,16,[5 4],70,-1,94,-1,78
1,<environment.Job instance at 0x7f629ca230a0>,56,16,[ 5 10],57,-1,94,-1,78
1,<environment.Job instance at 0x7f629ca20d20>,70,14,[8 3],71,-1,92,-1,78
1,<environment.Job instance at 0x7f629ca202d0>,72,12,[8 1],73,-1,90,-1,78
1,<environment.Job instance at 0x7f629ca20500>,67,15,[ 3 12],68,-1,93,-1,78
1,<environment.Job instance at 0x7f629ca20e60>,74,18,[3 6],75,-1,100,-1,82
1,<environment.Job instance at 0x7f629ca1c2d0>,76,16,[9 2],77,-1,98,-1,82
1,<environment.Job instance at 0x7f629ca1caf0>,77,16,[9 4],78,-1,98,-1,82
1,<environment.Job instance at 0x7f629d2735f0>,1,15,[14  1],2,-1,17,-1,2
1,<environment.Job instance at 0x7f629cb37960>,5,18,[11  3],6,-1,24,-1,6
1,<environment.Job instance at 0x7f629cdce190>,9,28,[5 3],10,-1,38,-1,10
1,<environment.Job instance at 0x7f629dbcefa0>,22,25,[6 3],23,-1,73,-1,48
1,<environment.Job instance at 0x7f629cdcf730>,39,18,[13  1],40,-1,118,-1,100
1,<environment.Job instance at 0x7f629cdcf6e0>,42,3,[ 3 11],43,-1,105,-1,102
1,<environment.Job instance at 0x7f629ce46a50>,3,13,[4 9],4,-1,17,-1,4
1,<environment.Job instance at 0x7f629ce46eb0>,5,14,[7 4],6,-1,20,-1,6
1,<environment.Job instance at 0x7f629ce449b0>,10,16,[10  2],11,-1,27,-1,11
1,<environment.Job instance at 0x7f629ce44be0>,14,21,[7 2],15,-1,36,-1,15
1,<environment.Job instance at 0x7f629ce44f00>,15,12,[ 1 10],16,-1,28,-1,16
1,<environment.Job instance at 0x7f629ce44cd0>,18,16,[6 3],19,-1,35,-1,19
1,<environment.Job instance at 0x7f629ca4aaa0>,19,14,[5 7],20,-1,34,-1,20
1,<environment.Job instance at 0x7f629ca4a5f0>,20,18,[4 7],21,-1,39,-1,21
1,<environment.Job instance at 0x7f629ca4afa0>,21,14,[1 5],22,-1,36,-1,22
1,<environment.Job instance at 0x7f629ca4ae10>,28,15,[8 5],29,-1,45,-1,30
1,<environment.Job instance at 0x7f629ca4a730>,29,27,[1 5],30,-1,57,-1,30
1,<environment.Job instance at 0x7f629ca4aaf0>,31,3,[9 3],32,-1,35,-1,32
1,<environment.Job instance at 0x7f629cc4f0f0>,36,18,[4 6],37,-1,55,-1,37
1,<environment.Job instance at 0x7f629c9eef00>,46,25,[3 8],47,-1,75,-1,50
1,<environment.Job instance at 0x7f629ce779b0>,13,1,[ 5 12],14,-1,18,-1,17
1,<environment.Job instance at 0x7f629ce50e60>,22,14,[ 1 11],23,-1,62,-1,48
1,<environment.Job instance at 0x7f62a6600f00>,24,3,[14  4],25,-1,59,-1,56
1,<environment.Job instance at 0x7f629ce714b0>,26,2,[13  4],27,-1,64,-1,62
1,<environment.Job instance at 0x7f629cdcf820>,29,27,[1 5],30,-1,94,-1,67
1,<environment.Job instance at 0x7f629cdd30f0>,35,14,[ 5 12],36,-1,99,-1,85
1,<environment.Job instance at 0x7f629dfc6550>,37,19,[14  4],38,-1,104,-1,85
1,<environment.Job instance at 0x7f629dfa97d0>,39,14,[ 5 11],40,-1,102,-1,88
1,<environment.Job instance at 0x7f629dbce050>,46,25,[3 8],47,-1,135,-1,110
1,<environment.Job instance at 0x7f629d292730>,48,3,[ 5 14],49,-1,113,-1,110
1,<environment.Job instance at 0x7f629dc057d0>,49,27,[9 3],50,-1,139,-1,112
1,<environment.Job instance at 0x7f629cdb53c0>,52,24,[ 3 10],53,-1,148,-1,124
1,<environment.Job instance at 0x7f629cf39fa0>,57,12,[ 2 12],58,-1,139,-1,127
1,<environment.Job instance at 0x7f629ceda730>,58,27,[1 7],59,-1,156,-1,129
1,<environment.Job instance at 0x7f629d876870>,5,17,[7 1],6,-1,24,-1,7
1,<environment.Job instance at 0x7f629d87f190>,7,18,[1 7],8,-1,26,-1,8
1,<environment.Job instance at 0x7f629d876730>,6,13,[11  1],7,-1,26,-1,13
1,<environment.Job instance at 0x7f629d879320>,18,21,[5 8],19,-1,50,-1,29
1,<environment.Job instance at 0x7f629d879820>,19,17,[7 2],20,-1,46,-1,29
1,<environment.Job instance at 0x7f629d879140>,21,28,[2 8],22,-1,57,-1,29
1,<environment.Job instance at 0x7f629d879fa0>,15,15,[7 4],16,-1,44,-1,29
1,<environment.Job instance at 0x7f629df85b40>,23,27,[9 3],24,-1,56,-1,29
1,<environment.Job instance at 0x7f629ce09370>,24,12,[6 5],25,-1,41,-1,29
1,<environment.Job instance at 0x7f629ce099b0>,26,28,[1 7],27,-1,57,-1,29
1,<environment.Job instance at 0x7f629d876a50>,9,14,[10  1],10,-1,43,-1,29
1,<environment.Job instance at 0x7f629ce09b40>,27,12,[ 4 10],28,-1,41,-1,29
1,<environment.Job instance at 0x7f629d879190>,22,18,[5 1],23,-1,47,-1,29
1,<environment.Job instance at 0x7f629ce9d1e0>,39,17,[1 5],40,-1,59,-1,42
1,<environment.Job instance at 0x7f629ceb0050>,42,13,[4 8],43,-1,56,-1,43
1,<environment.Job instance at 0x7f629ceb17d0>,46,12,[7 1],47,-1,63,-1,51
1,<environment.Job instance at 0x7f629cecbbe0>,54,15,[9 1],55,-1,70,-1,55
1,<environment.Job instance at 0x7f629d87ff00>,12,18,[5 5],13,-1,74,-1,56
1,<environment.Job instance at 0x7f629cecb500>,55,15,[ 2 11],56,-1,72,-1,57
1,<environment.Job instance at 0x7f629cecbeb0>,58,17,[5 5],59,-1,76,-1,59
1,<environment.Job instance at 0x7f629cecbdc0>,59,14,[3 7],60,-1,74,-1,60
1,<environment.Job instance at 0x7f629cecbf00>,60,15,[9 4],61,-1,76,-1,61
1,<environment.Job instance at 0x7f629ceb1d20>,48,15,[ 3 11],49,-1,77,-1,62
1,<environment.Job instance at 0x7f629cecbd20>,56,23,[7 4],57,-1,85,-1,62
1,<environment.Job instance at 0x7f629ceca280>,62,13,[1 5],63,-1,76,-1,63
1,<environment.Job instance at 0x7f629ceca370>,63,20,[5 4],64,-1,84,-1,64
1,<environment.Job instance at 0x7f629cecacd0>,75,20,[4 7],76,-1,96,-1,76
1,<environment.Job instance at 0x7f629cec1190>,76,21,[6 5],77,-1,98,-1,77
1,<environment.Job instance at 0x7f629cecaf00>,74,15,[10  3],75,-1,93,-1,78
1,<environment.Job instance at 0x7f629cecab40>,72,14,[6 5],73,-1,92,-1,78
1,<environment.Job instance at 0x7f629cec1050>,77,13,[9 4],78,-1,92,-1,79
1,<environment.Job instance at 0x7f629cec11e0>,79,17,[5 9],80,-1,98,-1,81
1,<environment.Job instance at 0x7f629cec1370>,81,27,[5 1],82,-1,109,-1,82
1,<environment.Job instance at 0x7f629cec1500>,82,21,[1 6],83,-1,104,-1,83
1,<environment.Job instance at 0x7f629cec15a0>,83,17,[8 5],84,-1,101,-1,84
1,<environment.Job instance at 0x7f629cec16e0>,85,16,[4 5],86,-1,102,-1,86
1,<environment.Job instance at 0x7f629cec1870>,86,25,[8 3],87,-1,112,-1,87
1,<environment.Job instance at 0x7f629cec1960>,88,16,[ 5 10],89,-1,105,-1,89
1,<environment.Job instance at 0x7f629cec1a00>,89,18,[7 3],90,-1,108,-1,90
1,<environment.Job instance at 0x7f629d253550>,102,18,[5 9],103,-1,121,-1,103
1,<environment.Job instance at 0x7f629cec18c0>,91,19,[10  1],92,-1,128,-1,109
1,<environment.Job instance at 0x7f629d253780>,103,16,[6 5],104,-1,125,-1,109
1,<environment.Job instance at 0x7f629d2553c0>,114,17,[9 5],115,-1,135,-1,118
1,<environment.Job instance at 0x7f629d255640>,115,16,[5 3],116,-1,134,-1,118
1,<environment.Job instance at 0x7f629d87f870>,11,14,[10  4],12,-1,134,-1,120
1,<environment.Job instance at 0x7f629d255910>,118,14,[9 4],119,-1,134,-1,120
1,<environment.Job instance at 0x7f629d2558c0>,120,26,[6 3],121,-1,147,-1,121
1,<environment.Job instance at 0x7f629d253fa0>,110,15,[3 9],111,-1,137,-1,122
1,<environment.Job instance at 0x7f629d253f00>,108,18,[1 9],109,-1,140,-1,122
1,<environment.Job instance at 0x7f629d2557d0>,121,14,[4 6],122,-1,136,-1,122
1,<environment.Job instance at 0x7f629d22b140>,131,17,[10  4],132,-1,156,-1,139
1,<environment.Job instance at 0x7f629d255af0>,122,17,[ 2 11],123,-1,156,-1,139
1,<environment.Job instance at 0x7f629d22b280>,134,14,[7 4],135,-1,153,-1,139
1,<environment.Job instance at 0x7f629d22b690>,135,18,[10  3],136,-1,157,-1,139
1,<environment.Job instance at 0x7f629d4ac960>,6,13,[11  1],7,-1,20,-1,7
1,<environment.Job instance at 0x7f629d4e8f50>,8,12,[ 5 12],9,-1,21,-1,9
1,<environment.Job instance at 0x7f629d5286e0>,21,28,[2 8],22,-1,82,-1,54
1,<environment.Job instance at 0x7f629d528eb0>,26,28,[1 7],27,-1,110,-1,82
1,<environment.Job instance at 0x7f629d528aa0>,23,27,[9 3],24,-1,110,-1,83
1,<environment.Job instance at 0x7f629d562f50>,29,2,[ 4 11],30,-1,85,-1,83
1,<environment.Job instance at 0x7f629dbc85a0>,34,3,[11  1],35,-1,100,-1,97
1,<environment.Job instance at 0x7f629ce46c30>,36,28,[9 2],37,-1,127,-1,99
1,<environment.Job instance at 0x7f629cf85c30>,47,3,[ 1 12],48,-1,118,-1,115
1,<environment.Job instance at 0x7f629cf85820>,48,15,[ 3 11],49,-1,130,-1,115
1,<environment.Job instance at 0x7f629d8d6500>,55,15,[ 2 11],56,-1,148,-1,133
1,<environment.Job instance at 0x7f629d8d6410>,56,23,[7 4],57,-1,157,-1,134
1,<environment.Job instance at 0x7f629df56a50>,4,18,[4 7],5,-1,23,-1,5
1,<environment.Job instance at 0x7f629d0630f0>,12,17,[1 6],13,-1,30,-1,13
1,<environment.Job instance at 0x7f629d063280>,13,16,[4 9],14,-1,30,-1,14
1,<environment.Job instance at 0x7f629d063c80>,19,18,[9 5],20,-1,38,-1,20
1,<environment.Job instance at 0x7f629d0632d0>,20,28,[5 6],21,-1,49,-1,21
1,<environment.Job instance at 0x7f629d063140>,24,17,[6 5],25,-1,42,-1,25
1,<environment.Job instance at 0x7f629d0634b0>,25,23,[5 3],26,-1,49,-1,26
1,<environment.Job instance at 0x7f629ce909b0>,30,13,[12  5],31,-1,50,-1,37
1,<environment.Job instance at 0x7f629ce904b0>,27,16,[ 5 10],28,-1,53,-1,37
1,<environment.Job instance at 0x7f629ce90be0>,32,16,[9 4],33,-1,58,-1,42
1,<environment.Job instance at 0x7f629ce5de10>,43,18,[ 1 10],44,-1,74,-1,56
1,<environment.Job instance at 0x7f629ce5d7d0>,42,17,[4 5],43,-1,73,-1,56
1,<environment.Job instance at 0x7f629d2ad050>,47,18,[10  5],48,-1,74,-1,56
1,<environment.Job instance at 0x7f629ce902d0>,36,15,[9 5],37,-1,71,-1,56
1,<environment.Job instance at 0x7f629ce5d870>,46,18,[ 3 13],47,-1,74,-1,56
1,<environment.Job instance at 0x7f629d063370>,16,17,[11  2],17,-1,73,-1,56
1,<environment.Job instance at 0x7f629ce90730>,26,14,[13  5],27,-1,74,-1,60
1,<environment.Job instance at 0x7f629d2ade60>,50,15,[ 4 10],51,-1,78,-1,63
1,<environment.Job instance at 0x7f629d2ad4b0>,53,15,[7 2],54,-1,78,-1,63
1,<environment.Job instance at 0x7f629d2a2eb0>,59,17,[9 4],60,-1,80,-1,63
1,<environment.Job instance at 0x7f629d2a27d0>,61,18,[4 8],62,-1,81,-1,63
1,<environment.Job instance at 0x7f629d2a2cd0>,63,15,[10  4],64,-1,91,-1,76
1,<environment.Job instance at 0x7f629df74230>,69,14,[9 5],70,-1,91,-1,77
1,<environment.Job instance at 0x7f629d2a2280>,68,14,[8 3],69,-1,91,-1,77
1,<environment.Job instance at 0x7f629d2ad0f0>,48,3,[7 1],49,-1,80,-1,77
1,<environment.Job instance at 0x7f629df74410>,72,18,[9 4],73,-1,96,-1,78
1,<environment.Job instance at 0x7f629df74aa0>,71,13,[5 8],72,-1,91,-1,78
1,<environment.Job instance at 0x7f629df74c30>,70,25,[2 8],71,-1,103,-1,78
1,<environment.Job instance at 0x7f629df74910>,73,18,[ 4 10],74,-1,96,-1,78
1,<environment.Job instance at 0x7f629df74370>,77,15,[ 5 10],78,-1,93,-1,78
1,<environment.Job instance at 0x7f629d2a26e0>,66,15,[ 5 10],67,-1,93,-1,78
1,<environment.Job instance at 0x7f629df74be0>,78,17,[5 7],79,-1,98,-1,81
1,<environment.Job instance at 0x7f629df74cd0>,81,16,[ 4 10],82,-1,101,-1,85
1,<environment.Job instance at 0x7f629df896e0>,85,16,[4 6],86,-1,102,-1,86
1,<environment.Job instance at 0x7f629df89190>,86,18,[9 4],87,-1,105,-1,87
1,<environment.Job instance at 0x7f629df89230>,89,16,[2 8],90,-1,106,-1,90
1,<environment.Job instance at 0x7f629df89b90>,94,20,[9 5],95,-1,118,-1,98
1,<environment.Job instance at 0x7f629df899b0>,95,17,[7 4],96,-1,115,-1,98
1,<environment.Job instance at 0x7f629df897d0>,93,18,[ 5 10],94,-1,119,-1,101
1,<environment.Job instance at 0x7f629df89320>,96,18,[4 6],97,-1,120,-1,102
1,<environment.Job instance at 0x7f629ce69640>,103,17,[10  5],104,-1,121,-1,104
1,<environment.Job instance at 0x7f629df89500>,84,15,[ 2 10],85,-1,120,-1,105
1,<environment.Job instance at 0x7f629ce695a0>,105,18,[14  2],106,-1,125,-1,107
1,<environment.Job instance at 0x7f629cdf5280>,107,16,[1 5],108,-1,124,-1,108
1,<environment.Job instance at 0x7f629ce188c0>,97,14,[5 5],98,-1,133,-1,119
1,<environment.Job instance at 0x7f629cd45140>,111,16,[2 7],112,-1,135,-1,119
1,<environment.Job instance at 0x7f629cc9d3c0>,113,13,[6 5],114,-1,133,-1,120
1,<environment.Job instance at 0x7f629ce90870>,38,15,[ 3 13],39,-1,135,-1,120
1,<environment.Job instance at 0x7f629ce69140>,104,17,[3 6],105,-1,138,-1,121
1,<environment.Job instance at 0x7f629ced4190>,112,15,[3 8],113,-1,136,-1,121
1,<environment.Job instance at 0x7f629d54f280>,118,2,[2 7],119,-1,123,-1,121
1,<environment.Job instance at 0x7f629d07b3c0>,117,25,[9 4],118,-1,147,-1,122
1,<environment.Job instance at 0x7f629d54f140>,120,16,[2 8],121,-1,140,-1,124
1,<environment.Job instance at 0x7f629d157b40>,122,17,[1 7],123,-1,146,-1,129
1,<environment.Job instance at 0x7f62a65ab280>,123,17,[6 4],124,-1,146,-1,129
1,<environment.Job instance at 0x7f629cc96280>,125,16,[1 6],126,-1,145,-1,129
1,<environment.Job instance at 0x7f629d390730>,127,14,[12  5],128,-1,143,-1,129
1,<environment.Job instance at 0x7f629df89f50>,92,18,[5 1],93,-1,147,-1,129
1,<environment.Job instance at 0x7f629d0bde10>,128,14,[5 4],129,-1,143,-1,129
1,<environment.Job instance at 0x7f629cddc2d0>,131,18,[9 3],132,-1,151,-1,133
1,<environment.Job instance at 0x7f62a6bde910>,134,25,[7 4],135,-1,160,-1,135
1,<environment.Job instance at 0x7f629da5f730>,114,13,[5 4],115,-1,148,-1,135
1,<environment.Job instance at 0x7f629db11b40>,136,22,[ 4 10],137,-1,159,-1,137
1,<environment.Job instance at 0x7f629c9eea50>,11,14,[ 3 14],12,-1,32,-1,18
1,<environment.Job instance at 0x7f629d0638c0>,15,13,[ 1 12],16,-1,35,-1,22
1,<environment.Job instance at 0x7f629d063aa0>,16,17,[11  2],17,-1,39,-1,22
1,<environment.Job instance at 0x7f629ce90f00>,20,28,[5 6],21,-1,66,-1,38
1,<environment.Job instance at 0x7f629cea87d0>,23,28,[ 1 11],24,-1,68,-1,40
1,<environment.Job instance at 0x7f629cea8dc0>,25,23,[5 3],26,-1,66,-1,43
1,<environment.Job instance at 0x7f629cea8410>,26,14,[13  5],27,-1,57,-1,43
1,<environment.Job instance at 0x7f629d2ad6e0>,30,13,[12  5],31,-1,69,-1,56
1,<environment.Job instance at 0x7f629d2a2640>,38,15,[ 3 13],39,-1,97,-1,82
1,<environment.Job instance at 0x7f629ce69320>,46,18,[ 3 13],47,-1,146,-1,128
1,<environment.Job instance at 0x7f629d267230>,2,18,[5 8],3,-1,21,-1,3
1,<environment.Job instance at 0x7f629df535a0>,5,23,[8 2],6,-1,29,-1,6
1,<environment.Job instance at 0x7f629df7c5f0>,10,16,[5 9],11,-1,27,-1,11
1,<environment.Job instance at 0x7f629df7c730>,11,15,[9 5],12,-1,27,-1,12
1,<environment.Job instance at 0x7f629df7cf00>,12,14,[9 1],13,-1,28,-1,14
1,<environment.Job instance at 0x7f629d282050>,13,18,[ 2 11],14,-1,34,-1,16
1,<environment.Job instance at 0x7f629df5b320>,18,14,[8 1],19,-1,33,-1,19
1,<environment.Job instance at 0x7f629df5b6e0>,19,16,[ 4 10],20,-1,36,-1,20
1,<environment.Job instance at 0x7f629df5b460>,20,18,[5 8],21,-1,39,-1,21
1,<environment.Job instance at 0x7f629df5b910>,21,17,[3 7],22,-1,40,-1,23
1,<environment.Job instance at 0x7f629df55b40>,22,23,[7 1],23,-1,46,-1,23
1,<environment.Job instance at 0x7f629df5b820>,24,14,[10  1],25,-1,44,-1,30
1,<environment.Job instance at 0x7f629d3017d0>,30,15,[4 9],31,-1,46,-1,31
1,<environment.Job instance at 0x7f629dfe63c0>,31,15,[7 5],32,-1,47,-1,32
1,<environment.Job instance at 0x7f629ce88820>,33,16,[8 2],34,-1,50,-1,34
1,<environment.Job instance at 0x7f629d300730>,36,17,[9 3],37,-1,54,-1,37
1,<environment.Job instance at 0x7f629dffadc0>,43,16,[ 4 10],44,-1,60,-1,44
1,<environment.Job instance at 0x7f629d2e6b90>,44,18,[1 8],45,-1,63,-1,45
1,<environment.Job instance at 0x7f629d30e190>,47,15,[6 1],48,-1,63,-1,48
1,<environment.Job instance at 0x7f629d30e140>,48,18,[5 8],49,-1,67,-1,49
1,<environment.Job instance at 0x7f629d30e4b0>,50,20,[9 5],51,-1,71,-1,51
1,<environment.Job instance at 0x7f629d30ed70>,54,15,[7 5],55,-1,70,-1,55
1,<environment.Job instance at 0x7f629caff8c0>,57,15,[ 1 10],58,-1,73,-1,58
1,<environment.Job instance at 0x7f629caffdc0>,61,18,[3 7],62,-1,80,-1,62
1,<environment.Job instance at 0x7f629caffe10>,62,17,[1 9],63,-1,80,-1,63
1,<environment.Job instance at 0x7f629caffcd0>,63,14,[5 5],64,-1,78,-1,64
1,<environment.Job instance at 0x7f629cafffa0>,64,22,[9 5],65,-1,87,-1,65
1,<environment.Job instance at 0x7f629cb17140>,66,13,[3 7],67,-1,80,-1,67
1,<environment.Job instance at 0x7f629cb17280>,67,16,[5 8],68,-1,84,-1,68
1,<environment.Job instance at 0x7f629cb17190>,68,16,[1 6],69,-1,85,-1,69
1,<environment.Job instance at 0x7f629cb17460>,70,13,[11  4],71,-1,84,-1,71
1,<environment.Job instance at 0x7f629cb176e0>,73,15,[4 9],74,-1,89,-1,74
1,<environment.Job instance at 0x7f629cb17870>,74,14,[10  4],75,-1,89,-1,75
1,<environment.Job instance at 0x7f629cb17c30>,78,12,[10  1],79,-1,91,-1,79
1,<environment.Job instance at 0x7f629cb17dc0>,79,21,[1 7],80,-1,101,-1,80
1,<environment.Job instance at 0x7f629cb178c0>,80,16,[9 2],81,-1,97,-1,81
1,<environment.Job instance at 0x7f629cb0b5a0>,87,17,[8 2],88,-1,107,-1,90
1,<environment.Job instance at 0x7f629d305c80>,29,13,[ 2 10],30,-1,103,-1,90
1,<environment.Job instance at 0x7f629cb0b550>,88,17,[1 6],89,-1,126,-1,109
1,<environment.Job instance at 0x7f629cb0c370>,104,17,[8 3],105,-1,127,-1,110
1,<environment.Job instance at 0x7f629cb0c2d0>,103,18,[ 2 10],104,-1,128,-1,110
1,<environment.Job instance at 0x7f629cb0c6e0>,107,17,[7 4],108,-1,128,-1,111
1,<environment.Job instance at 0x7f629cb0b820>,92,15,[2 9],93,-1,142,-1,127
1,<environment.Job instance at 0x7f629cb06370>,118,19,[7 1],119,-1,146,-1,127
1,<environment.Job instance at 0x7f629cb064b0>,120,18,[9 2],121,-1,145,-1,127
1,<environment.Job instance at 0x7f629cb0ce10>,111,16,[5 3],112,-1,144,-1,128
1,<environment.Job instance at 0x7f629cb06690>,123,14,[5 5],124,-1,142,-1,128
1,<environment.Job instance at 0x7f629cb06c30>,127,14,[11  2],128,-1,142,-1,128
1,<environment.Job instance at 0x7f629d2bae10>,5,23,[8 2],6,-1,31,-1,8
1,<environment.Job instance at 0x7f629d2c3d20>,13,18,[ 2 11],14,-1,34,-1,16
1,<environment.Job instance at 0x7f629ce5f910>,15,3,[11  2],16,-1,21,-1,18
1,<environment.Job instance at 0x7f629db11d70>,22,23,[7 1],23,-1,76,-1,53
1,<environment.Job instance at 0x7f629de64280>,25,3,[13  2],26,-1,71,-1,68
1,<environment.Job instance at 0x7f629cc4f320>,28,1,[13  4],29,-1,70,-1,69
1,<environment.Job instance at 0x7f629ceabe60>,32,13,[14  4],33,-1,96,-1,83
1,<environment.Job instance at 0x7f629d6f2730>,41,23,[ 3 13],42,-1,142,-1,119
1,<environment.Job instance at 0x7f629cb2e820>,1,14,[9 5],2,-1,17,-1,3
1,<environment.Job instance at 0x7f629df6ef00>,2,15,[7 3],3,-1,18,-1,3
1,<environment.Job instance at 0x7f629cb2e280>,9,15,[8 5],10,-1,27,-1,12
1,<environment.Job instance at 0x7f629cb2e410>,11,13,[9 4],12,-1,25,-1,12
1,<environment.Job instance at 0x7f629cb2efa0>,12,16,[1 7],13,-1,30,-1,14
1,<environment.Job instance at 0x7f629cb2e190>,14,15,[6 4],15,-1,30,-1,15
1,<environment.Job instance at 0x7f629cd9c4b0>,17,16,[7 2],18,-1,39,-1,23
1,<environment.Job instance at 0x7f629cd9c5a0>,22,14,[9 3],23,-1,37,-1,23
1,<environment.Job instance at 0x7f629d0c57d0>,31,18,[5 9],32,-1,50,-1,32
1,<environment.Job instance at 0x7f629cd9c2d0>,29,14,[3 8],30,-1,50,-1,36
1,<environment.Job instance at 0x7f629d0c5f50>,37,16,[8 4],38,-1,54,-1,38
1,<environment.Job instance at 0x7f629d0c5910>,38,14,[6 3],39,-1,53,-1,39
1,<environment.Job instance at 0x7f629d0c53c0>,40,17,[8 4],41,-1,67,-1,50
1,<environment.Job instance at 0x7f629d0c5780>,41,14,[ 5 10],42,-1,64,-1,50
1,<environment.Job instance at 0x7f629d0c5dc0>,42,19,[8 3],43,-1,69,-1,50
1,<environment.Job instance at 0x7f629d0c5d20>,35,17,[10  3],36,-1,67,-1,50
1,<environment.Job instance at 0x7f629d0c5280>,43,13,[8 3],44,-1,63,-1,50
1,<environment.Job instance at 0x7f629d3bc730>,46,23,[5 5],47,-1,73,-1,50
1,<environment.Job instance at 0x7f629d3bc5f0>,48,14,[9 5],49,-1,64,-1,50
1,<environment.Job instance at 0x7f629d3bca50>,49,25,[7 3],50,-1,75,-1,50
1,<environment.Job instance at 0x7f629d0c5870>,44,17,[8 5],45,-1,69,-1,52
1,<environment.Job instance at 0x7f629cb2eaa0>,4,19,[9 1],5,-1,74,-1,55
1,<environment.Job instance at 0x7f629d3bc870>,53,17,[6 4],54,-1,72,-1,55
1,<environment.Job instance at 0x7f629d3bc780>,56,13,[10  5],57,-1,70,-1,57
1,<environment.Job instance at 0x7f629cdc3f00>,62,14,[10  1],63,-1,77,-1,63
1,<environment.Job instance at 0x7f629d3bc0f0>,54,17,[4 7],55,-1,82,-1,65
1,<environment.Job instance at 0x7f629cdc3cd0>,64,15,[8 1],65,-1,81,-1,66
1,<environment.Job instance at 0x7f629cd9c5f0>,26,16,[4 9],27,-1,83,-1,67
1,<environment.Job instance at 0x7f629cdc3140>,67,15,[3 9],68,-1,83,-1,68
1,<environment.Job instance at 0x7f629cdc3500>,68,15,[ 4 10],69,-1,84,-1,69
1,<environment.Job instance at 0x7f629cdc3a50>,70,18,[5 4],71,-1,89,-1,71
1,<environment.Job instance at 0x7f629cdc30a0>,71,1,[4 7],72,-1,74,-1,73
1,<environment.Job instance at 0x7f629cdc3960>,74,1,[1 7],75,-1,76,-1,75
1,<environment.Job instance at 0x7f629cdc30f0>,72,19,[6 2],73,-1,95,-1,76
1,<environment.Job instance at 0x7f629dc8c820>,78,18,[ 4 10],79,-1,98,-1,80
1,<environment.Job instance at 0x7f629dc8c500>,86,18,[3 6],87,-1,109,-1,91
1,<environment.Job instance at 0x7f629dc8cf00>,77,18,[ 3 12],78,-1,111,-1,93
1,<environment.Job instance at 0x7f629dc8c640>,76,17,[ 1 13],77,-1,110,-1,93
1,<environment.Job instance at 0x7f629dc8c460>,84,16,[9 2],85,-1,110,-1,94
1,<environment.Job instance at 0x7f629dc8cc80>,88,22,[ 1 13],89,-1,116,-1,94
1,<environment.Job instance at 0x7f629dc8ce60>,87,18,[5 5],88,-1,112,-1,94
1,<environment.Job instance at 0x7f629dac6960>,93,18,[4 5],94,-1,112,-1,94
1,<environment.Job instance at 0x7f629dc8c6e0>,80,14,[2 6],81,-1,109,-1,95
1,<environment.Job instance at 0x7f629dac64b0>,96,18,[3 9],97,-1,116,-1,98
1,<environment.Job instance at 0x7f629dac6dc0>,95,18,[5 8],96,-1,116,-1,98
1,<environment.Job instance at 0x7f629ce65d20>,99,23,[4 9],100,-1,123,-1,100
1,<environment.Job instance at 0x7f629dc8c5a0>,83,16,[3 8],84,-1,118,-1,102
1,<environment.Job instance at 0x7f629d2ca4b0>,101,16,[6 5],102,-1,118,-1,102
1,<environment.Job instance at 0x7f629d2cadc0>,104,22,[5 8],105,-1,127,-1,105
1,<environment.Job instance at 0x7f629d2ca5f0>,105,16,[6 5],106,-1,122,-1,106
1,<environment.Job instance at 0x7f629d1bf7d0>,106,12,[ 1 10],107,-1,120,-1,108
1,<environment.Job instance at 0x7f629d2ca6e0>,107,18,[9 4],108,-1,126,-1,108
1,<environment.Job instance at 0x7f629d1bfdc0>,108,15,[1 8],109,-1,126,-1,111
1,<environment.Job instance at 0x7f629cd9fa50>,118,14,[7 2],119,-1,134,-1,120
1,<environment.Job instance at 0x7f629cd9fd70>,119,18,[1 9],120,-1,139,-1,121
1,<environment.Job instance at 0x7f629de6ad70>,123,14,[4 8],124,-1,138,-1,124
1,<environment.Job instance at 0x7f629de6a320>,124,17,[3 7],125,-1,142,-1,125
1,<environment.Job instance at 0x7f629ce727d0>,129,18,[2 9],130,-1,148,-1,130
1,<environment.Job instance at 0x7f629d07f640>,130,18,[5 5],131,-1,149,-1,131
1,<environment.Job instance at 0x7f629d07f730>,131,14,[ 1 10],132,-1,146,-1,132
1,<environment.Job instance at 0x7f629c9dbeb0>,133,18,[5 2],134,-1,152,-1,134
1,<environment.Job instance at 0x7f629c9db9b0>,134,16,[7 5],135,-1,151,-1,135
1,<environment.Job instance at 0x7f629c9dbb90>,136,12,[8 3],137,-1,149,-1,137
1,<environment.Job instance at 0x7f629d0639b0>,0,25,[ 1 14],1,-1,26,-1,1
1,<environment.Job instance at 0x7f629df745f0>,3,1,[ 4 13],4,-1,5,-1,4
1,<environment.Job instance at 0x7f629e01ce60>,5,3,[ 4 11],6,-1,9,-1,6
1,<environment.Job instance at 0x7f629ce691e0>,18,3,[11  1],19,-1,40,-1,37
1,<environment.Job instance at 0x7f629c888550>,1,13,[9 1],2,-1,18,-1,5
1,<environment.Job instance at 0x7f629c888820>,5,20,[10  3],6,-1,27,-1,7
1,<environment.Job instance at 0x7f629c888370>,12,18,[9 2],13,-1,31,-1,13
1,<environment.Job instance at 0x7f629c7ec0a0>,14,14,[5 9],15,-1,29,-1,15
1,<environment.Job instance at 0x7f629c7ec460>,17,23,[6 1],18,-1,41,-1,18
1,<environment.Job instance at 0x7f629c7ec690>,21,14,[1 5],22,-1,36,-1,22
1,<environment.Job instance at 0x7f629c7ecc30>,22,17,[5 1],23,-1,40,-1,23
1,<environment.Job instance at 0x7f629c7ecf50>,25,12,[8 3],26,-1,38,-1,26
1,<environment.Job instance at 0x7f629c7ece60>,26,18,[ 2 10],27,-1,45,-1,27
1,<environment.Job instance at 0x7f629c7ecf00>,27,17,[5 5],28,-1,45,-1,28
1,<environment.Job instance at 0x7f629c7ec730>,28,14,[9 5],29,-1,43,-1,29
1,<environment.Job instance at 0x7f629c840f50>,29,14,[8 5],30,-1,44,-1,30
1,<environment.Job instance at 0x7f629c840960>,30,25,[9 4],31,-1,56,-1,31
1,<environment.Job instance at 0x7f629c840a00>,31,15,[7 3],32,-1,47,-1,32
1,<environment.Job instance at 0x7f629c840140>,32,17,[1 5],33,-1,50,-1,33
1,<environment.Job instance at 0x7f629c840550>,34,28,[ 5 10],35,-1,63,-1,35
1,<environment.Job instance at 0x7f629c8402d0>,36,13,[5 9],37,-1,50,-1,37
1,<environment.Job instance at 0x7f629c840190>,37,27,[2 9],38,-1,65,-1,38
1,<environment.Job instance at 0x7f629c8405f0>,38,26,[4 9],39,-1,66,-1,40
1,<environment.Job instance at 0x7f629c840e10>,40,18,[5 4],41,-1,59,-1,41
1,<environment.Job instance at 0x7f629c840780>,41,14,[8 4],42,-1,56,-1,42
1,<environment.Job instance at 0x7f629c840aa0>,44,16,[8 1],45,-1,61,-1,45
1,<environment.Job instance at 0x7f629c8325f0>,54,13,[5 8],55,-1,69,-1,56
1,<environment.Job instance at 0x7f629c8325a0>,52,22,[5 4],53,-1,78,-1,56
1,<environment.Job instance at 0x7f629c813370>,56,18,[1 5],57,-1,75,-1,57
1,<environment.Job instance at 0x7f629c813a50>,58,17,[7 5],59,-1,76,-1,59
1,<environment.Job instance at 0x7f629df90d20>,60,17,[10  1],61,-1,79,-1,62
1,<environment.Job instance at 0x7f629c888e10>,3,17,[14  2],4,-1,80,-1,63
1,<environment.Job instance at 0x7f629df906e0>,62,15,[2 5],63,-1,79,-1,64
1,<environment.Job instance at 0x7f629df90b90>,65,15,[5 4],66,-1,81,-1,66
1,<environment.Job instance at 0x7f629d2f9190>,70,18,[4 5],71,-1,92,-1,74
1,<environment.Job instance at 0x7f629c90e370>,67,26,[10  5],68,-1,103,-1,77
1,<environment.Job instance at 0x7f629ce880a0>,69,16,[5 6],70,-1,93,-1,77
1,<environment.Job instance at 0x7f62a6a9dc30>,71,18,[4 9],72,-1,95,-1,77
1,<environment.Job instance at 0x7f629ca68780>,74,19,[2 5],75,-1,97,-1,78
1,<environment.Job instance at 0x7f629ca85f50>,75,14,[ 3 10],76,-1,92,-1,78
1,<environment.Job instance at 0x7f629daa9230>,76,14,[5 4],77,-1,98,-1,84
1,<environment.Job instance at 0x7f629dd18780>,83,23,[1 7],84,-1,107,-1,84
1,<environment.Job instance at 0x7f629df41370>,84,22,[1 8],85,-1,107,-1,85
1,<environment.Job instance at 0x7f629c88d050>,85,18,[ 2 10],86,-1,104,-1,86
1,<environment.Job instance at 0x7f629c88d5f0>,89,17,[9 1],90,-1,110,-1,93
1,<environment.Job instance at 0x7f629c88dd20>,90,16,[4 8],91,-1,109,-1,93
1,<environment.Job instance at 0x7f629c88d0a0>,92,26,[1 5],93,-1,120,-1,94
1,<environment.Job instance at 0x7f629c867a50>,93,17,[ 4 10],94,-1,112,-1,95
1,<environment.Job instance at 0x7f629c88d230>,95,15,[8 3],96,-1,113,-1,98
1,<environment.Job instance at 0x7f629c8b05f0>,100,13,[10  5],101,-1,115,-1,102
1,<environment.Job instance at 0x7f629c88d460>,88,13,[14  3],89,-1,123,-1,110
1,<environment.Job instance at 0x7f629c8b0cd0>,102,22,[5 3],103,-1,132,-1,110
1,<environment.Job instance at 0x7f629c8b0140>,104,15,[4 7],105,-1,125,-1,110
1,<environment.Job instance at 0x7f629d33f910>,107,24,[2 8],108,-1,134,-1,110
1,<environment.Job instance at 0x7f629c883b90>,110,12,[ 5 10],111,-1,123,-1,111
1,<environment.Job instance at 0x7f629dae51e0>,72,3,[1 7],73,-1,115,-1,112
1,<environment.Job instance at 0x7f629d33fb40>,109,13,[14  2],110,-1,125,-1,112
1,<environment.Job instance at 0x7f629c8830f0>,111,16,[4 9],112,-1,128,-1,112
1,<environment.Job instance at 0x7f629c8831e0>,112,15,[1 6],113,-1,128,-1,113
1,<environment.Job instance at 0x7f629c8838c0>,113,26,[1 8],114,-1,140,-1,114
1,<environment.Job instance at 0x7f629c8836e0>,114,13,[1 9],115,-1,128,-1,115
1,<environment.Job instance at 0x7f629c8673c0>,97,12,[9 2],98,-1,128,-1,116
1,<environment.Job instance at 0x7f629c911320>,126,16,[9 3],127,-1,147,-1,131
1,<environment.Job instance at 0x7f629c88c4b0>,130,17,[4 7],131,-1,148,-1,131
1,<environment.Job instance at 0x7f629db78050>,3,17,[14  2],4,-1,21,-1,4
1,<environment.Job instance at 0x7f629dabee60>,16,2,[ 5 12],17,-1,37,-1,35
1,<environment.Job instance at 0x7f629ccb7a50>,17,23,[6 1],18,-1,60,-1,37
1,<environment.Job instance at 0x7f629dae36e0>,30,25,[9 4],31,-1,104,-1,79
1,<environment.Job instance at 0x7f62a65eb640>,34,28,[ 5 10],35,-1,124,-1,96
1,<environment.Job instance at 0x7f62a65fcb40>,37,27,[2 9],38,-1,124,-1,97
1,<environment.Job instance at 0x7f62a65fcd70>,38,26,[4 9],39,-1,123,-1,97
1,<environment.Job instance at 0x7f62a65f1c30>,46,16,[ 5 12],47,-1,131,-1,115
1,<environment.Job instance at 0x7f629d779410>,0,18,[3 6],1,-1,19,-1,1
1,<environment.Job instance at 0x7f629d58a230>,2,16,[1 9],3,-1,19,-1,3
1,<environment.Job instance at 0x7f629d58a2d0>,4,12,[10  3],5,-1,19,-1,7
1,<environment.Job instance at 0x7f629d58a460>,6,16,[2 7],7,-1,23,-1,7
1,<environment.Job instance at 0x7f629d58a370>,10,14,[1 9],11,-1,27,-1,13
1,<environment.Job instance at 0x7f629d58a780>,14,17,[10  5],15,-1,32,-1,15
1,<environment.Job instance at 0x7f629d58ae60>,15,15,[1 6],16,-1,32,-1,17
1,<environment.Job instance at 0x7f629d58a640>,17,16,[11  5],18,-1,34,-1,18
1,<environment.Job instance at 0x7f629d58a4b0>,18,13,[3 6],19,-1,32,-1,19
1,<environment.Job instance at 0x7f629d58a550>,20,14,[3 5],21,-1,35,-1,21
1,<environment.Job instance at 0x7f629d876a50>,25,17,[ 5 10],26,-1,43,-1,26
1,<environment.Job instance at 0x7f629d876aa0>,26,12,[5 6],27,-1,39,-1,27
1,<environment.Job instance at 0x7f629d8763c0>,28,12,[6 1],29,-1,41,-1,29
1,<environment.Job instance at 0x7f629d876f50>,30,15,[6 2],31,-1,46,-1,31
1,<environment.Job instance at 0x7f629d8769b0>,32,16,[5 3],33,-1,49,-1,33
1,<environment.Job instance at 0x7f629d876910>,33,16,[9 5],34,-1,50,-1,34
1,<environment.Job instance at 0x7f629d8761e0>,34,16,[8 5],35,-1,51,-1,35
1,<environment.Job instance at 0x7f629d0c17d0>,37,14,[ 5 10],38,-1,52,-1,38
1,<environment.Job instance at 0x7f629d0c1f00>,39,16,[6 2],40,-1,56,-1,40
1,<environment.Job instance at 0x7f629d0c1c80>,42,16,[9 3],43,-1,59,-1,43
1,<environment.Job instance at 0x7f629d0c1fa0>,43,14,[1 6],44,-1,58,-1,44
1,<environment.Job instance at 0x7f629d0c1460>,44,16,[7 3],45,-1,61,-1,45
1,<environment.Job instance at 0x7f629d0c1820>,45,22,[5 2],46,-1,68,-1,46
1,<environment.Job instance at 0x7f629d0c1690>,48,13,[5 7],49,-1,62,-1,49
1,<environment.Job instance at 0x7f629d769cd0>,74,17,[10  3],75,-1,126,-1,109
1,<environment.Job instance at 0x7f629d12c190>,17,16,[11  5],18,-1,64,-1,48
1,<environment.Job instance at 0x7f629d12c5f0>,21,3,[13  1],22,-1,68,-1,65
1,<environment.Job instance at 0x7f629ce52460>,35,1,[ 3 12],36,-1,115,-1,114
1,<environment.Job instance at 0x7f629ce88a50>,38,3,[ 5 12],39,-1,122,-1,119
1,<environment.Job instance at 0x7f629d0c5910>,0,22,[4 6],1,-1,23,-1,1
1,<environment.Job instance at 0x7f629d0c5550>,2,18,[5 6],3,-1,21,-1,3
1,<environment.Job instance at 0x7f629d0c54b0>,4,18,[10  2],5,-1,24,-1,6
1,<environment.Job instance at 0x7f629d0c5230>,6,1,[6 4],7,-1,8,-1,7
1,<environment.Job instance at 0x7f629d0c5c80>,8,12,[10  5],9,-1,21,-1,9
1,<environment.Job instance at 0x7f629d088d70>,5,17,[3 9],6,-1,26,-1,9
1,<environment.Job instance at 0x7f629d0c5280>,14,13,[9 1],15,-1,28,-1,15
1,<environment.Job instance at 0x7f629d806b90>,15,16,[ 4 12],16,-1,32,-1,16
1,<environment.Job instance at 0x7f629cac82d0>,23,14,[9 2],24,-1,39,-1,25
1,<environment.Job instance at 0x7f629cac8dc0>,29,15,[4 9],30,-1,45,-1,30
1,<environment.Job instance at 0x7f629cac8230>,31,22,[2 9],32,-1,54,-1,32
1,<environment.Job instance at 0x7f629e03da50>,35,16,[8 5],36,-1,52,-1,36
1,<environment.Job instance at 0x7f629e03d140>,39,18,[7 2],40,-1,58,-1,40
1,<environment.Job instance at 0x7f629d1dd9b0>,48,18,[ 4 12],49,-1,67,-1,49
1,<environment.Job instance at 0x7f629d1dd8c0>,50,12,[10  4],51,-1,63,-1,51
1,<environment.Job instance at 0x7f629d1dd780>,51,12,[4 5],52,-1,64,-1,52
1,<environment.Job instance at 0x7f629d1dd410>,52,18,[ 5 10],53,-1,71,-1,53
1,<environment.Job instance at 0x7f629d1dd230>,56,16,[ 5 10],57,-1,73,-1,57
1,<environment.Job instance at 0x7f629d935910>,62,20,[5 2],63,-1,83,-1,63
1,<environment.Job instance at 0x7f629d9355f0>,63,14,[1 8],64,-1,78,-1,64
1,<environment.Job instance at 0x7f629d935cd0>,64,12,[3 9],65,-1,77,-1,65
1,<environment.Job instance at 0x7f629d4be3c0>,83,21,[5 7],84,-1,106,-1,85
1,<environment.Job instance at 0x7f629d4bed20>,84,14,[10  4],85,-1,99,-1,85
1,<environment.Job instance at 0x7f629d4be230>,85,17,[4 9],86,-1,103,-1,86
1,<environment.Job instance at 0x7f629de55910>,12,17,[ 3 14],13,-1,40,-1,23
1,<environment.Job instance at 0x7f629daf4280>,15,16,[ 4 12],16,-1,42,-1,26
1,<environment.Job instance at 0x7f629dacd2d0>,18,18,[13  3],19,-1,57,-1,39
1,<environment.Job instance at 0x7f629daf4690>,19,1,[ 4 14],20,-1,40,-1,39
1,<environment.Job instance at 0x7f629dac9960>,22,16,[14  1],23,-1,59,-1,43
1,<environment.Job instance at 0x7f629d5d8140>,25,1,[ 5 13],26,-1,45,-1,44
1,<environment.Job instance at 0x7f629dae3230>,33,3,[ 5 11],34,-1,78,-1,75
1,<environment.Job instance at 0x7f62a65eb820>,41,3,[ 3 11],42,-1,98,-1,95
1,<environment.Job instance at 0x7f629ce4bb90>,48,18,[ 4 12],49,-1,126,-1,108
1,<environment.Job instance at 0x7f629d1a7c80>,54,26,[10  2],55,-1,162,-1,136
1,<environment.Job instance at 0x7f629dfc6780>,3,18,[1 8],4,-1,23,-1,5
1,<environment.Job instance at 0x7f629dfc63c0>,9,15,[8 4],10,-1,25,-1,10
1,<environment.Job instance at 0x7f629dfc6500>,14,16,[5 3],15,-1,31,-1,15
1,<environment.Job instance at 0x7f629c7111e0>,18,18,[5 6],19,-1,37,-1,19
1,<environment.Job instance at 0x7f629c711460>,22,18,[7 3],23,-1,41,-1,23
1,<environment.Job instance at 0x7f629c711eb0>,24,2,[7 3],25,-1,27,-1,25
1,<environment.Job instance at 0x7f629c711500>,25,16,[5 7],26,-1,42,-1,26
1,<environment.Job instance at 0x7f629c711dc0>,26,12,[4 6],27,-1,39,-1,27
1,<environment.Job instance at 0x7f629c7113c0>,27,16,[3 5],28,-1,44,-1,28
1,<environment.Job instance at 0x7f629c711fa0>,29,23,[5 5],30,-1,53,-1,30
1,<environment.Job instance at 0x7f629c711690>,30,17,[8 3],31,-1,48,-1,31
1,<environment.Job instance at 0x7f629d69aaa0>,31,12,[7 5],32,-1,44,-1,32
1,<environment.Job instance at 0x7f629d69ab40>,33,13,[10  3],34,-1,47,-1,34
1,<environment.Job instance at 0x7f629d69a870>,34,17,[5 6],35,-1,52,-1,35
1,<environment.Job instance at 0x7f629d69a140>,35,24,[7 5],36,-1,60,-1,36
1,<environment.Job instance at 0x7f629d69a820>,36,15,[1 5],37,-1,52,-1,37
1,<environment.Job instance at 0x7f629d69ae10>,42,17,[3 8],43,-1,60,-1,43
1,<environment.Job instance at 0x7f62a67fb370>,46,13,[ 1 10],47,-1,60,-1,47
1,<environment.Job instance at 0x7f62a67fb870>,47,14,[9 3],48,-1,62,-1,48
1,<environment.Job instance at 0x7f62a67fbb90>,49,15,[8 4],50,-1,65,-1,50
1,<environment.Job instance at 0x7f629c90d3c0>,51,15,[3 9],52,-1,67,-1,52
1,<environment.Job instance at 0x7f629c90d6e0>,52,16,[6 3],53,-1,69,-1,53
1,<environment.Job instance at 0x7f629c90d870>,55,19,[8 1],56,-1,75,-1,56
1,<environment.Job instance at 0x7f629d0195a0>,61,23,[7 5],62,-1,85,-1,62
1,<environment.Job instance at 0x7f629cd76aa0>,62,28,[8 2],63,-1,91,-1,63
1,<environment.Job instance at 0x7f629cd76b90>,63,22,[5 4],64,-1,86,-1,64
1,<environment.Job instance at 0x7f629d474640>,65,17,[ 4 10],66,-1,83,-1,66
1,<environment.Job instance at 0x7f629dfc6550>,4,13,[2 8],5,-1,81,-1,68
1,<environment.Job instance at 0x7f629d8ead20>,71,17,[6 5],72,-1,89,-1,72
1,<environment.Job instance at 0x7f629cf6f910>,73,18,[10  5],74,-1,95,-1,77
1,<environment.Job instance at 0x7f629c7c7730>,83,18,[4 9],84,-1,102,-1,84
1,<environment.Job instance at 0x7f629c880550>,84,26,[7 4],85,-1,111,-1,85
1,<environment.Job instance at 0x7f629d8bef50>,88,16,[1 8],89,-1,105,-1,89
1,<environment.Job instance at 0x7f629c86f460>,94,17,[10  4],95,-1,112,-1,95
1,<environment.Job instance at 0x7f629d27e2d0>,107,19,[4 7],108,-1,133,-1,114
1,<environment.Job instance at 0x7f629d27eeb0>,110,17,[2 8],111,-1,134,-1,117
1,<environment.Job instance at 0x7f629d27e820>,112,12,[10  3],113,-1,137,-1,125
1,<environment.Job instance at 0x7f629d0aaa50>,116,12,[1 9],117,-1,137,-1,125
1,<environment.Job instance at 0x7f62a6800730>,118,16,[10  3],119,-1,141,-1,125
1,<environment.Job instance at 0x7f629ce14640>,102,14,[ 2 12],103,-1,139,-1,125
1,<environment.Job instance at 0x7f629d0aa4b0>,114,16,[6 3],115,-1,142,-1,126
1,<environment.Job instance at 0x7f62a6800050>,117,18,[7 1],118,-1,144,-1,126
1,<environment.Job instance at 0x7f629d4e6190>,122,22,[6 2],123,-1,148,-1,126
1,<environment.Job instance at 0x7f629d3059b0>,123,16,[4 9],124,-1,142,-1,126
1,<environment.Job instance at 0x7f629ca453c0>,124,23,[6 5],125,-1,149,-1,126
1,<environment.Job instance at 0x7f629ce148c0>,105,15,[ 2 12],106,-1,141,-1,126
1,<environment.Job instance at 0x7f629d674640>,119,15,[9 3],120,-1,141,-1,126
1,<environment.Job instance at 0x7f629d00d7d0>,128,12,[ 3 10],129,-1,144,-1,132
1,<environment.Job instance at 0x7f629db97fa0>,132,17,[1 6],133,-1,150,-1,133
1,<environment.Job instance at 0x7f629cf60820>,133,21,[7 4],134,-1,155,-1,134
1,<environment.Job instance at 0x7f62a69f8870>,1,17,[13  5],2,-1,19,-1,2
1,<environment.Job instance at 0x7f629d878a50>,29,23,[5 5],30,-1,96,-1,73
1,<environment.Job instance at 0x7f629ddf75a0>,37,3,[ 2 13],38,-1,107,-1,104
1,<environment.Job instance at 0x7f629ddf77d0>,35,24,[7 5],36,-1,137,-1,113
1,<environment.Job instance at 0x7f629cd637d0>,0,26,[5 7],1,-1,27,-1,1
1,<environment.Job instance at 0x7f629cd63e10>,1,16,[ 2 10],2,-1,21,-1,5
1,<environment.Job instance at 0x7f629cd638c0>,7,15,[1 7],8,-1,23,-1,8
1,<environment.Job instance at 0x7f62a69f8870>,0,26,[5 7],1,-1,27,-1,1
1,<environment.Job instance at 0x7f629cd8c320>,9,27,[5 9],10,-1,45,-1,18
1,<environment.Job instance at 0x7f629cd8c5a0>,13,28,[3 5],14,-1,49,-1,21
1,<environment.Job instance at 0x7f629cd8c500>,12,26,[ 1 10],13,-1,59,-1,33
1,<environment.Job instance at 0x7f629ca50370>,29,14,[ 1 13],30,-1,73,-1,59
1,<environment.Job instance at 0x7f629ca505f0>,32,16,[11  5],33,-1,77,-1,61
1,<environment.Job instance at 0x7f629cf61370>,1,17,[ 4 10],2,-1,19,-1,2
1,<environment.Job instance at 0x7f629cf61960>,4,23,[2 9],5,-1,28,-1,5
1,<environment.Job instance at 0x7f629cf61d20>,5,18,[5 3],6,-1,24,-1,6
1,<environment.Job instance at 0x7f629d0f9d20>,9,13,[6 1],10,-1,23,-1,10
1,<environment.Job instance at 0x7f629d0f96e0>,10,12,[ 4 10],11,-1,23,-1,11
1,<environment.Job instance at 0x7f629d0f9460>,11,17,[6 1],12,-1,29,-1,12
1,<environment.Job instance at 0x7f629d0f9320>,12,16,[9 2],13,-1,29,-1,13
1,<environment.Job instance at 0x7f629d0f9730>,13,15,[5 8],14,-1,29,-1,14
1,<environment.Job instance at 0x7f629d0f9cd0>,18,26,[2 5],19,-1,45,-1,19
1,<environment.Job instance at 0x7f629d0f97d0>,19,28,[4 8],20,-1,48,-1,20
1,<environment.Job instance at 0x7f629d52b1e0>,20,28,[1 5],21,-1,49,-1,21
1,<environment.Job instance at 0x7f629d52b460>,27,28,[ 1 10],28,-1,56,-1,28
1,<environment.Job instance at 0x7f629d52b140>,28,18,[5 5],29,-1,47,-1,29
1,<environment.Job instance at 0x7f629d52baa0>,29,15,[3 6],30,-1,45,-1,30
1,<environment.Job instance at 0x7f629d19fb40>,34,18,[ 2 10],35,-1,53,-1,35
1,<environment.Job instance at 0x7f629d993730>,38,14,[9 3],39,-1,53,-1,39
1,<environment.Job instance at 0x7f629d5d3230>,42,18,[7 2],43,-1,62,-1,44
1,<environment.Job instance at 0x7f629d5d32d0>,44,16,[5 8],45,-1,61,-1,45
1,<environment.Job instance at 0x7f629d5d3280>,45,16,[2 7],46,-1,62,-1,46
1,<environment.Job instance at 0x7f629d5d3b40>,47,12,[10  4],48,-1,61,-1,49
1,<environment.Job instance at 0x7f629d5d3cd0>,49,16,[ 3 10],50,-1,66,-1,50
1,<environment.Job instance at 0x7f629d5d3780>,50,13,[8 2],51,-1,64,-1,51
1,<environment.Job instance at 0x7f629d5d3eb0>,53,15,[3 5],54,-1,69,-1,54
1,<environment.Job instance at 0x7f629d5d3460>,54,13,[6 5],55,-1,68,-1,55
1,<environment.Job instance at 0x7f629dae5c80>,56,20,[10  4],57,-1,77,-1,57
1,<environment.Job instance at 0x7f629dae5cd0>,59,13,[3 6],60,-1,73,-1,60
1,<environment.Job instance at 0x7f629cd57c30>,65,17,[5 8],66,-1,83,-1,66
1,<environment.Job instance at 0x7f629c8adeb0>,70,16,[8 2],71,-1,87,-1,71
1,<environment.Job instance at 0x7f629dc15c30>,71,12,[9 4],72,-1,84,-1,72
1,<environment.Job instance at 0x7f629dc15f50>,72,17,[5 5],73,-1,90,-1,73
1,<environment.Job instance at 0x7f629dc15690>,73,24,[9 2],74,-1,98,-1,74
1,<environment.Job instance at 0x7f629dc151e0>,74,13,[6 5],75,-1,88,-1,75
1,<environment.Job instance at 0x7f629dc15be0>,79,15,[10  5],80,-1,95,-1,80
1,<environment.Job instance at 0x7f629dc15410>,81,24,[2 6],82,-1,106,-1,82
1,<environment.Job instance at 0x7f629dc15c80>,82,15,[4 9],83,-1,98,-1,83
1,<environment.Job instance at 0x7f629dc15b90>,83,13,[7 3],84,-1,97,-1,84
1,<environment.Job instance at 0x7f629e01c820>,86,15,[6 4],87,-1,102,-1,87
1,<environment.Job instance at 0x7f629e01ca50>,89,16,[ 1 10],90,-1,106,-1,90
1,<environment.Job instance at 0x7f629cc8f730>,93,21,[5 4],94,-1,115,-1,94
1,<environment.Job instance at 0x7f629ca36eb0>,94,17,[11  5],95,-1,112,-1,95
1,<environment.Job instance at 0x7f629ca36140>,96,12,[10  3],97,-1,109,-1,97
1,<environment.Job instance at 0x7f629ca36730>,99,14,[5 9],100,-1,114,-1,100
1,<environment.Job instance at 0x7f629d0c1910>,102,18,[10  3],103,-1,121,-1,103
1,<environment.Job instance at 0x7f629d8ea140>,104,24,[5 8],105,-1,129,-1,105
1,<environment.Job instance at 0x7f629d1354b0>,107,18,[3 8],108,-1,126,-1,108
1,<environment.Job instance at 0x7f629d473460>,112,13,[3 6],113,-1,126,-1,113
1,<environment.Job instance at 0x7f62a6644640>,113,17,[7 2],114,-1,131,-1,114
1,<environment.Job instance at 0x7f629e03daa0>,114,18,[1 8],115,-1,133,-1,115
1,<environment.Job instance at 0x7f629e03d960>,116,23,[9 5],117,-1,140,-1,117
1,<environment.Job instance at 0x7f629df23870>,117,18,[1 8],118,-1,136,-1,118
1,<environment.Job instance at 0x7f629c86ff00>,119,17,[6 3],120,-1,137,-1,120
1,<environment.Job instance at 0x7f62a6666f00>,122,18,[1 6],123,-1,141,-1,123
1,<environment.Job instance at 0x7f62a6666c30>,123,17,[10  3],124,-1,143,-1,126
1,<environment.Job instance at 0x7f629da53c80>,125,16,[7 4],126,-1,142,-1,126
1,<environment.Job instance at 0x7f629cd8b960>,132,17,[6 3],133,-1,150,-1,133
1,<environment.Job instance at 0x7f629d50ae10>,6,3,[14  4],7,-1,10,-1,7
1,<environment.Job instance at 0x7f629d50a140>,4,23,[2 9],5,-1,42,-1,19
1,<environment.Job instance at 0x7f629da1aaa0>,18,26,[2 5],19,-1,75,-1,49
1,<environment.Job instance at 0x7f629da1a410>,20,28,[1 5],21,-1,77,-1,49
1,<environment.Job instance at 0x7f629da1ae60>,27,28,[ 1 10],28,-1,91,-1,63
1,<environment.Job instance at 0x7f629da1adc0>,19,28,[4 8],20,-1,91,-1,63
1,<environment.Job instance at 0x7f629c752050>,1,12,[10  1],2,-1,17,-1,5
1,<environment.Job instance at 0x7f629c752b90>,4,27,[3 8],5,-1,32,-1,5
1,<environment.Job instance at 0x7f629c752cd0>,8,15,[5 4],9,-1,24,-1,9
1,<environment.Job instance at 0x7f629c752690>,9,17,[7 5],10,-1,38,-1,21
1,<environment.Job instance at 0x7f629c752af0>,7,18,[4 5],8,-1,39,-1,21
1,<environment.Job instance at 0x7f629cda7500>,13,18,[1 8],14,-1,39,-1,21
1,<environment.Job instance at 0x7f629c752190>,3,13,[6 5],4,-1,34,-1,21
1,<environment.Job instance at 0x7f629cda7140>,15,27,[4 6],16,-1,48,-1,21
1,<environment.Job instance at 0x7f629cda7b40>,16,15,[8 5],17,-1,39,-1,24
1,<environment.Job instance at 0x7f629cda7d70>,14,17,[3 6],15,-1,44,-1,27
1,<environment.Job instance at 0x7f629cda70a0>,19,17,[7 1],20,-1,45,-1,28
1,<environment.Job instance at 0x7f629c747d20>,20,16,[10  3],21,-1,44,-1,28
1,<environment.Job instance at 0x7f629c747550>,23,12,[9 4],24,-1,40,-1,28
1,<environment.Job instance at 0x7f629cda7820>,18,12,[4 8],19,-1,42,-1,30
1,<environment.Job instance at 0x7f629cdbb320>,29,13,[4 9],30,-1,43,-1,30
1,<environment.Job instance at 0x7f629cdbb410>,30,14,[11  5],31,-1,45,-1,31
1,<environment.Job instance at 0x7f629cdbb4b0>,32,17,[3 8],33,-1,50,-1,33
1,<environment.Job instance at 0x7f629cdbb190>,33,14,[4 9],34,-1,48,-1,34
1,<environment.Job instance at 0x7f629cdbb370>,31,13,[ 1 10],32,-1,48,-1,35
1,<environment.Job instance at 0x7f629cdbb690>,34,28,[4 7],35,-1,63,-1,35
1,<environment.Job instance at 0x7f629cdbb050>,35,13,[ 3 10],36,-1,52,-1,39
1,<environment.Job instance at 0x7f629c752be0>,11,15,[4 9],12,-1,55,-1,40
1,<environment.Job instance at 0x7f62a65f4c30>,39,18,[8 2],40,-1,58,-1,40
1,<environment.Job instance at 0x7f62a65f4aa0>,40,24,[9 4],41,-1,65,-1,41
1,<environment.Job instance at 0x7f62a65f4b90>,41,17,[5 4],42,-1,59,-1,42
1,<environment.Job instance at 0x7f62a65f4410>,38,14,[10  3],39,-1,57,-1,43
1,<environment.Job instance at 0x7f62a65f4050>,43,2,[12  3],44,-1,47,-1,45
1,<environment.Job instance at 0x7f62a65f2f50>,45,12,[2 6],46,-1,58,-1,46
1,<environment.Job instance at 0x7f62a65f2960>,46,18,[10  1],47,-1,65,-1,47
1,<environment.Job instance at 0x7f62a65f2eb0>,47,12,[3 7],48,-1,60,-1,48
1,<environment.Job instance at 0x7f629c752d70>,10,18,[12  3],11,-1,66,-1,48
1,<environment.Job instance at 0x7f62a65f2d20>,48,16,[7 1],49,-1,65,-1,49
1,<environment.Job instance at 0x7f62a65f26e0>,49,15,[ 4 10],50,-1,65,-1,50
1,<environment.Job instance at 0x7f62a65f2870>,50,17,[3 8],51,-1,68,-1,51
1,<environment.Job instance at 0x7f62a65f2730>,53,17,[7 3],54,-1,71,-1,54
1,<environment.Job instance at 0x7f629cd99e10>,56,12,[4 6],57,-1,69,-1,57
1,<environment.Job instance at 0x7f629c7290a0>,57,18,[3 9],58,-1,76,-1,58
1,<environment.Job instance at 0x7f629cdb8640>,63,17,[10  3],64,-1,81,-1,64
1,<environment.Job instance at 0x7f629cdb8870>,64,15,[6 3],65,-1,80,-1,65
1,<environment.Job instance at 0x7f629cb81af0>,66,16,[2 9],67,-1,83,-1,67
1,<environment.Job instance at 0x7f629cdb8f50>,67,22,[10  4],68,-1,90,-1,68
1,<environment.Job instance at 0x7f629d2dd0f0>,72,21,[5 3],73,-1,94,-1,73
1,<environment.Job instance at 0x7f629d3c48c0>,74,15,[4 8],75,-1,90,-1,75
1,<environment.Job instance at 0x7f629d25e6e0>,79,13,[3 8],80,-1,93,-1,80
1,<environment.Job instance at 0x7f629cbd4be0>,83,17,[6 4],84,-1,101,-1,84
1,<environment.Job instance at 0x7f629cb9abe0>,86,21,[10  2],87,-1,108,-1,87
1,<environment.Job instance at 0x7f629cb9aaf0>,88,12,[1 5],89,-1,101,-1,89
1,<environment.Job instance at 0x7f629de44c30>,92,15,[3 8],93,-1,108,-1,93
1,<environment.Job instance at 0x7f629de442d0>,94,16,[8 4],95,-1,111,-1,95
1,<environment.Job instance at 0x7f629cbcf730>,97,14,[7 4],98,-1,112,-1,98
1,<environment.Job instance at 0x7f629cbd6050>,98,14,[6 4],99,-1,113,-1,99
1,<environment.Job instance at 0x7f629cbd60f0>,100,25,[ 4 10],101,-1,126,-1,101
1,<environment.Job instance at 0x7f629cbd6690>,101,22,[9 1],102,-1,124,-1,102
1,<environment.Job instance at 0x7f629cbd6550>,102,14,[7 5],103,-1,117,-1,103
1,<environment.Job instance at 0x7f629cbd64b0>,105,18,[2 9],106,-1,124,-1,106
1,<environment.Job instance at 0x7f629cbd65f0>,106,18,[10  3],107,-1,125,-1,107
1,<environment.Job instance at 0x7f629cbd6c30>,107,19,[ 2 10],108,-1,127,-1,108
1,<environment.Job instance at 0x7f629de53870>,109,17,[1 5],110,-1,127,-1,110
1,<environment.Job instance at 0x7f629cbaea00>,117,17,[ 5 10],118,-1,135,-1,118
1,<environment.Job instance at 0x7f629cbae960>,119,16,[5 5],120,-1,137,-1,121
1,<environment.Job instance at 0x7f629cbcd9b0>,114,16,[2 8],115,-1,149,-1,133
1,<environment.Job instance at 0x7f629cbae4b0>,120,17,[6 1],121,-1,150,-1,133
1,<environment.Job instance at 0x7f62a65f2af0>,44,14,[3 7],45,-1,147,-1,133
1,<environment.Job instance at 0x7f629d2ebaf0>,130,13,[1 8],131,-1,146,-1,133
1,<environment.Job instance at 0x7f629da5bd70>,129,28,[4 8],130,-1,161,-1,133
1,<environment.Job instance at 0x7f629d596230>,4,27,[3 8],5,-1,44,-1,17
1,<environment.Job instance at 0x7f629ca3f550>,10,18,[12  3],11,-1,35,-1,17
1,<environment.Job instance at 0x7f629cb6caf0>,15,27,[4 6],16,-1,71,-1,44
1,<environment.Job instance at 0x7f629d1b40f0>,30,14,[11  5],31,-1,108,-1,94
1,<environment.Job instance at 0x7f629d1d2550>,34,28,[4 7],35,-1,148,-1,120
1,<environment.Job instance at 0x7f629cb6c1e0>,6,15,[10  5],7,-1,27,-1,12
1,<environment.Job instance at 0x7f629d47f550>,12,17,[ 1 10],13,-1,30,-1,13
1,<environment.Job instance at 0x7f629d47fe60>,14,15,[7 5],15,-1,30,-1,15
1,<environment.Job instance at 0x7f629d47fc30>,15,15,[7 1],16,-1,31,-1,16
1,<environment.Job instance at 0x7f629d47f780>,17,17,[9 4],18,-1,35,-1,18
1,<environment.Job instance at 0x7f629c85aaf0>,18,12,[3 7],19,-1,31,-1,19
1,<environment.Job instance at 0x7f629c85af00>,20,18,[2 9],21,-1,39,-1,21
1,<environment.Job instance at 0x7f629c85a8c0>,22,16,[2 8],23,-1,39,-1,23
1,<environment.Job instance at 0x7f629c85a910>,25,1,[14  5],26,-1,27,-1,26
1,<environment.Job instance at 0x7f629c85a280>,26,13,[10  2],27,-1,40,-1,27
1,<environment.Job instance at 0x7f629c85a6e0>,29,20,[7 2],30,-1,50,-1,30
1,<environment.Job instance at 0x7f629ce12b90>,30,16,[1 9],31,-1,47,-1,31
1,<environment.Job instance at 0x7f629ce12500>,31,12,[6 3],32,-1,44,-1,32
1,<environment.Job instance at 0x7f629ce125a0>,32,16,[5 3],33,-1,49,-1,33
1,<environment.Job instance at 0x7f629d47f6e0>,11,13,[ 3 11],12,-1,46,-1,33
1,<environment.Job instance at 0x7f629ce12c80>,33,15,[9 4],34,-1,49,-1,34
1,<environment.Job instance at 0x7f629cab12d0>,38,22,[ 3 10],39,-1,61,-1,39
1,<environment.Job instance at 0x7f629cab1eb0>,41,14,[ 5 10],42,-1,56,-1,42
1,<environment.Job instance at 0x7f629cab1b40>,42,17,[5 8],43,-1,60,-1,43
1,<environment.Job instance at 0x7f629cab1c80>,43,14,[5 7],44,-1,58,-1,44
1,<environment.Job instance at 0x7f629cab1410>,44,19,[3 7],45,-1,64,-1,45
1,<environment.Job instance at 0x7f629cab1230>,45,12,[ 4 10],46,-1,58,-1,46
1,<environment.Job instance at 0x7f629cab1780>,47,23,[3 5],48,-1,71,-1,48
1,<environment.Job instance at 0x7f629cab1460>,48,16,[1 9],49,-1,65,-1,49
1,<environment.Job instance at 0x7f629cab16e0>,49,16,[1 8],50,-1,66,-1,50
1,<environment.Job instance at 0x7f629c890e60>,50,28,[2 6],51,-1,79,-1,51
1,<environment.Job instance at 0x7f629c890140>,55,15,[4 9],56,-1,71,-1,56
1,<environment.Job instance at 0x7f629cab1f50>,40,13,[ 2 13],41,-1,71,-1,58
1,<environment.Job instance at 0x7f629c8907d0>,59,23,[8 2],60,-1,83,-1,60
1,<environment.Job instance at 0x7f629c890910>,61,16,[1 7],62,-1,78,-1,62
1,<environment.Job instance at 0x7f629cdfc870>,63,19,[3 9],64,-1,83,-1,64
1,<environment.Job instance at 0x7f629cdfcf00>,65,17,[9 1],66,-1,85,-1,68
1,<environment.Job instance at 0x7f629cfd7a50>,68,12,[7 2],69,-1,81,-1,69
1,<environment.Job instance at 0x7f629cfd7640>,69,18,[5 3],70,-1,88,-1,70
1,<environment.Job instance at 0x7f629cfd7be0>,71,20,[10  2],72,-1,92,-1,72
1,<environment.Job instance at 0x7f629cdfc5f0>,67,14,[5 6],68,-1,86,-1,72
1,<environment.Job instance at 0x7f629cfd7f00>,74,14,[ 3 10],75,-1,90,-1,76
1,<environment.Job instance at 0x7f629cfd7690>,77,18,[1 8],78,-1,96,-1,78
1,<environment.Job instance at 0x7f629cfd7730>,80,18,[8 3],81,-1,99,-1,81
1,<environment.Job instance at 0x7f629df73be0>,83,17,[6 1],84,-1,103,-1,86
1,<environment.Job instance at 0x7f629df734b0>,88,27,[6 3],89,-1,116,-1,89
1,<environment.Job instance at 0x7f629df73730>,89,27,[3 5],90,-1,117,-1,90
1,<environment.Job instance at 0x7f629df73fa0>,92,2,[12  2],93,-1,97,-1,95
1,<environment.Job instance at 0x7f629df73aa0>,93,13,[3 7],94,-1,108,-1,95
1,<environment.Job instance at 0x7f629df73910>,94,15,[7 4],95,-1,110,-1,95
1,<environment.Job instance at 0x7f629df73cd0>,91,16,[5 5],92,-1,111,-1,95
1,<environment.Job instance at 0x7f629df73eb0>,85,15,[14  4],86,-1,116,-1,101
1,<environment.Job instance at 0x7f629cfd1d20>,97,17,[4 9],98,-1,118,-1,101
1,<environment.Job instance at 0x7f629cfd1c30>,100,23,[5 8],101,-1,124,-1,101
1,<environment.Job instance at 0x7f629cb5d4b0>,102,17,[ 5 10],103,-1,120,-1,103
1,<environment.Job instance at 0x7f629cdef960>,104,18,[3 5],105,-1,123,-1,105
1,<environment.Job instance at 0x7f629cdefc30>,108,15,[8 2],109,-1,124,-1,109
1,<environment.Job instance at 0x7f629cdef320>,109,13,[10  2],110,-1,123,-1,110
1,<environment.Job instance at 0x7f629cdef460>,110,12,[8 3],111,-1,123,-1,111
1,<environment.Job instance at 0x7f629d205910>,111,14,[9 3],112,-1,126,-1,112
1,<environment.Job instance at 0x7f629cdef4b0>,112,14,[ 3 10],113,-1,128,-1,114
1,<environment.Job instance at 0x7f629cddf690>,116,13,[ 5 10],117,-1,134,-1,121
1,<environment.Job instance at 0x7f629d406960>,122,16,[1 7],123,-1,139,-1,123
1,<environment.Job instance at 0x7f629da78d70>,124,18,[2 5],125,-1,143,-1,125
1,<environment.Job instance at 0x7f629c746f00>,125,18,[2 9],126,-1,144,-1,126
1,<environment.Job instance at 0x7f629d4fbbe0>,127,15,[10  1],128,-1,150,-1,135
1,<environment.Job instance at 0x7f629de78460>,135,17,[8 3],136,-1,153,-1,136
1,<environment.Job instance at 0x7f629de780a0>,136,22,[4 9],137,-1,161,-1,139
1,<environment.Job instance at 0x7f629d2050a0>,4,12,[ 4 13],5,-1,17,-1,5
1,<environment.Job instance at 0x7f629d1dc960>,10,2,[ 2 12],11,-1,13,-1,11
1,<environment.Job instance at 0x7f629d462f00>,11,13,[ 3 11],12,-1,25,-1,12
1,<environment.Job instance at 0x7f629da6d140>,25,1,[14  5],26,-1,60,-1,59
1,<environment.Job instance at 0x7f629da6dd20>,27,2,[ 5 12],28,-1,73,-1,71
1,<environment.Job instance at 0x7f629dcfa0a0>,35,2,[ 2 12],36,-1,107,-1,105
1,<environment.Job instance at 0x7f629cdfc410>,40,13,[ 2 13],41,-1,131,-1,118
1,<environment.Job instance at 0x7f629d73fa50>,2,18,[7 3],3,-1,21,-1,3
1,<environment.Job instance at 0x7f629d7361e0>,10,15,[8 2],11,-1,27,-1,12
1,<environment.Job instance at 0x7f629d736050>,12,15,[9 5],13,-1,28,-1,13
1,<environment.Job instance at 0x7f629d26f280>,11,16,[4 9],12,-1,29,-1,13
1,<environment.Job instance at 0x7f629d7365f0>,16,16,[ 5 10],17,-1,33,-1,17
1,<environment.Job instance at 0x7f629d7365a0>,17,13,[10  3],18,-1,32,-1,19
1,<environment.Job instance at 0x7f629d7367d0>,18,18,[10  5],19,-1,37,-1,19
1,<environment.Job instance at 0x7f629d744280>,29,15,[ 5 10],30,-1,46,-1,31
1,<environment.Job instance at 0x7f629d7441e0>,30,14,[13  1],31,-1,46,-1,32
1,<environment.Job instance at 0x7f629d744870>,34,14,[5 5],35,-1,49,-1,35
1,<environment.Job instance at 0x7f629d744960>,36,12,[5 9],37,-1,50,-1,38
1,<environment.Job instance at 0x7f629d744a00>,37,12,[ 4 10],38,-1,50,-1,38
1,<environment.Job instance at 0x7f629d744be0>,39,17,[11  5],40,-1,57,-1,40
1,<environment.Job instance at 0x7f629d744dc0>,40,18,[3 7],41,-1,59,-1,41
1,<environment.Job instance at 0x7f629d7579b0>,54,22,[7 4],55,-1,92,-1,70
1,<environment.Job instance at 0x7f629d757af0>,56,17,[5 8],57,-1,87,-1,70
1,<environment.Job instance at 0x7f629d757b90>,57,16,[5 1],58,-1,86,-1,70
1,<environment.Job instance at 0x7f629d757640>,50,17,[10  2],51,-1,87,-1,70
1,<environment.Job instance at 0x7f629d757aa0>,58,17,[14  2],59,-1,87,-1,70
1,<environment.Job instance at 0x7f629d757e10>,60,20,[ 3 10],61,-1,91,-1,71
1,<environment.Job instance at 0x7f629d758320>,64,16,[9 5],65,-1,87,-1,71
1,<environment.Job instance at 0x7f629d757f50>,62,14,[11  5],63,-1,87,-1,73
1,<environment.Job instance at 0x7f629d744730>,33,12,[12  5],34,-1,85,-1,73
1,<environment.Job instance at 0x7f629d73e730>,67,15,[4 6],68,-1,88,-1,73
1,<environment.Job instance at 0x7f629d1e34b0>,7,1,[ 2 12],8,-1,9,-1,8
1,<environment.Job instance at 0x7f629cfb9cd0>,21,23,[9 2],22,-1,75,-1,52
1,<environment.Job instance at 0x7f629cfa2f50>,25,25,[ 2 11],26,-1,86,-1,61
1,<environment.Job instance at 0x7f629cbaea50>,30,14,[13  1],31,-1,87,-1,73
1,<environment.Job instance at 0x7f629cbae7d0>,33,12,[12  5],34,-1,98,-1,86
1,<environment.Job instance at 0x7f629cb6cc80>,39,17,[11  5],40,-1,123,-1,106
1,<environment.Job instance at 0x7f629de78550>,42,22,[ 4 11],43,-1,140,-1,118
1,<environment.Job instance at 0x7f629da5bf00>,46,15,[13  2],47,-1,139,-1,124
1,<environment.Job instance at 0x7f629da7bf50>,49,13,[ 5 11],50,-1,146,-1,133
1,<environment.Job instance at 0x7f629cf54a50>,1,16,[1 7],2,-1,18,-1,2
1,<environment.Job instance at 0x7f629d267370>,9,27,[ 5 10],10,-1,42,-1,15
1,<environment.Job instance at 0x7f629ca11c80>,10,28,[8 5],11,-1,45,-1,17
1,<environment.Job instance at 0x7f629ca110a0>,15,14,[ 2 10],16,-1,31,-1,17
1,<environment.Job instance at 0x7f629ca114b0>,16,17,[9 4],17,-1,39,-1,22
1,<environment.Job instance at 0x7f629ca11190>,22,17,[10  4],23,-1,41,-1,24
1,<environment.Job instance at 0x7f629dc0efa0>,23,13,[ 4 10],24,-1,39,-1,26
1,<environment.Job instance at 0x7f629dc0e5f0>,21,16,[4 7],22,-1,45,-1,29
1,<environment.Job instance at 0x7f629dc0eb90>,27,12,[6 5],28,-1,41,-1,29
1,<environment.Job instance at 0x7f629dc0e3c0>,28,18,[4 7],29,-1,47,-1,29
1,<environment.Job instance at 0x7f629dc0ec80>,30,21,[9 2],31,-1,52,-1,31
1,<environment.Job instance at 0x7f629dc0eb40>,33,18,[ 4 10],34,-1,52,-1,34
1,<environment.Job instance at 0x7f629ca36b40>,37,24,[9 4],38,-1,64,-1,40
1,<environment.Job instance at 0x7f629ca361e0>,36,26,[3 5],37,-1,67,-1,41
1,<environment.Job instance at 0x7f629ca36820>,34,15,[3 5],35,-1,57,-1,42
1,<environment.Job instance at 0x7f629ca36c30>,40,15,[1 8],41,-1,60,-1,45
1,<environment.Job instance at 0x7f629ca11aa0>,14,18,[ 4 13],15,-1,64,-1,46
1,<environment.Job instance at 0x7f629ca11050>,4,24,[4 8],5,-1,70,-1,46
1,<environment.Job instance at 0x7f629ca11b90>,7,18,[3 6],8,-1,64,-1,46
1,<environment.Job instance at 0x7f629cea5230>,44,17,[3 5],45,-1,65,-1,48
1,<environment.Job instance at 0x7f629ca11be0>,13,17,[ 5 12],14,-1,72,-1,55
1,<environment.Job instance at 0x7f629cd4ceb0>,52,13,[9 5],53,-1,68,-1,55
1,<environment.Job instance at 0x7f629d8cb140>,57,17,[8 4],58,-1,75,-1,58
1,<environment.Job instance at 0x7f629ca363c0>,41,14,[6 4],42,-1,78,-1,64
1,<environment.Job instance at 0x7f629d8cb410>,63,24,[5 1],64,-1,88,-1,64
1,<environment.Job instance at 0x7f62a67c0e10>,65,22,[5 4],66,-1,90,-1,68
1,<environment.Job instance at 0x7f629cb70f50>,70,18,[5 8],71,-1,92,-1,74
1,<environment.Job instance at 0x7f629cb70870>,74,25,[9 4],75,-1,100,-1,75
1,<environment.Job instance at 0x7f629d45a5f0>,80,14,[9 4],81,-1,101,-1,87
1,<environment.Job instance at 0x7f629cd4cf00>,53,12,[ 3 10],54,-1,109,-1,97
1,<environment.Job instance at 0x7f629d45a460>,86,1,[9 2],87,-1,100,-1,99
1,<environment.Job instance at 0x7f629cea5a50>,45,18,[ 3 10],46,-1,117,-1,99
1,<environment.Job instance at 0x7f62a67c0fa0>,66,28,[8 5],67,-1,127,-1,99
1,<environment.Job instance at 0x7f629d45a1e0>,87,13,[2 7],88,-1,112,-1,99
1,<environment.Job instance at 0x7f629cb70730>,76,18,[11  2],77,-1,117,-1,99
1,<environment.Job instance at 0x7f629cf3e960>,0,12,[ 1 14],1,-1,13,-1,1
1,<environment.Job instance at 0x7f629cf3e780>,2,2,[ 1 14],3,-1,5,-1,3
1,<environment.Job instance at 0x7f629cf3e0a0>,4,24,[4 8],5,-1,29,-1,5
1,<environment.Job instance at 0x7f629d736690>,6,23,[9 2],7,-1,41,-1,18
1,<environment.Job instance at 0x7f629d736f50>,9,27,[ 5 10],10,-1,45,-1,18
1,<environment.Job instance at 0x7f629d736d70>,10,28,[8 5],11,-1,46,-1,18
1,<environment.Job instance at 0x7f629d206910>,13,17,[ 5 12],14,-1,35,-1,18
1,<environment.Job instance at 0x7f629d2069b0>,14,18,[ 4 13],15,-1,36,-1,18
1,<environment.Job instance at 0x7f629c890320>,36,26,[3 5],37,-1,128,-1,102
1,<environment.Job instance at 0x7f629d326550>,37,24,[9 4],38,-1,139,-1,115
1,<environment.Job instance at 0x7f629c9fc320>,48,1,[12  1],49,-1,137,-1,136
1,<environment.Job instance at 0x7f629c6a4d70>,1,19,[10  5],2,-1,21,-1,2
1,<environment.Job instance at 0x7f629d33fcd0>,9,17,[2 5],10,-1,31,-1,14
1,<environment.Job instance at 0x7f629d33fa00>,7,13,[ 1 10],8,-1,28,-1,15
1,<environment.Job instance at 0x7f629c9a0190>,16,18,[3 7],17,-1,35,-1,17
1,<environment.Job instance at 0x7f629cdcfa00>,19,18,[6 5],20,-1,38,-1,20
1,<environment.Job instance at 0x7f629cdcf3c0>,20,15,[5 5],21,-1,36,-1,21
1,<environment.Job instance at 0x7f629cb37960>,22,14,[4 6],23,-1,37,-1,23
1,<environment.Job instance at 0x7f629cb37dc0>,24,24,[5 9],25,-1,49,-1,25
1,<environment.Job instance at 0x7f629c6eaaa0>,25,18,[1 6],26,-1,44,-1,26
1,<environment.Job instance at 0x7f629c6eac80>,26,28,[9 5],27,-1,55,-1,27
1,<environment.Job instance at 0x7f629cb37910>,27,13,[1 7],28,-1,45,-1,32
1,<environment.Job instance at 0x7f629cf67e10>,31,18,[9 3],32,-1,129,-1,111
1,<environment.Job instance at 0x7f629dd85280>,33,18,[8 3],34,-1,139,-1,121
1,<environment.Job instance at 0x7f629c6eacd0>,32,17,[4 8],33,-1,139,-1,122
1,<environment.Job instance at 0x7f629dc16b40>,43,18,[2 6],44,-1,140,-1,122
1,<environment.Job instance at 0x7f629d20c4b0>,41,14,[1 7],42,-1,136,-1,122
1,<environment.Job instance at 0x7f629cb71370>,11,18,[4 5],12,-1,147,-1,129
1,<environment.Job instance at 0x7f629d727500>,48,13,[5 2],49,-1,143,-1,130
1,<environment.Job instance at 0x7f629c9001e0>,47,18,[3 8],48,-1,156,-1,138
1,<environment.Job instance at 0x7f629c6ea820>,29,17,[5 2],30,-1,155,-1,138
1,<environment.Job instance at 0x7f629dd85a00>,35,15,[2 7],36,-1,153,-1,138
1,<environment.Job instance at 0x7f629c78e690>,51,17,[9 5],52,-1,155,-1,138
1,<environment.Job instance at 0x7f629d150f00>,55,16,[ 4 10],56,-1,154,-1,138
1,<environment.Job instance at 0x7f629d5d6cd0>,58,16,[8 1],59,-1,154,-1,138
1,<environment.Job instance at 0x7f629d5d6690>,59,14,[9 3],60,-1,152,-1,138
1,<environment.Job instance at 0x7f62a6611dc0>,61,14,[7 4],62,-1,153,-1,139
1,<environment.Job instance at 0x7f629d150460>,54,13,[2 5],55,-1,152,-1,139
1,<environment.Job instance at 0x7f629cab10a0>,24,24,[5 9],25,-1,102,-1,78
1,<environment.Job instance at 0x7f629d5a6fa0>,26,28,[9 5],27,-1,106,-1,78
1,<environment.Job instance at 0x7f629cbd4a50>,0,27,[7 2],1,-1,28,-1,1
1,<environment.Job instance at 0x7f629dda6d70>,21,17,[4 8],22,-1,40,-1,23
1,<environment.Job instance at 0x7f629c784e10>,33,24,[10  4],34,-1,58,-1,34
1,<environment.Job instance at 0x7f629d019370>,41,21,[2 7],42,-1,63,-1,42
1,<environment.Job instance at 0x7f629c76b780>,28,21,[5 3],29,-1,64,-1,43
1,<environment.Job instance at 0x7f629d0194b0>,42,17,[7 2],43,-1,62,-1,45
1,<environment.Job instance at 0x7f629d019690>,45,17,[6 3],46,-1,63,-1,46
1,<environment.Job instance at 0x7f629d021af0>,47,14,[9 4],48,-1,62,-1,48
1,<environment.Job instance at 0x7f629dd02b90>,27,15,[1 9],28,-1,63,-1,48
1,<environment.Job instance at 0x7f629d95e410>,14,13,[2 9],15,-1,61,-1,48
1,<environment.Job instance at 0x7f629c8fd2d0>,8,12,[12  3],9,-1,60,-1,48
1,<environment.Job instance at 0x7f629d0217d0>,48,18,[8 3],49,-1,67,-1,49
1,<environment.Job instance at 0x7f629d021e10>,49,16,[ 4 10],50,-1,66,-1,50
1,<environment.Job instance at 0x7f629d021a50>,52,18,[3 8],53,-1,71,-1,53
1,<environment.Job instance at 0x7f629d03b320>,55,25,[8 3],56,-1,81,-1,56
1,<environment.Job instance at 0x7f629d0214b0>,54,12,[7 2],55,-1,70,-1,58
1,<environment.Job instance at 0x7f629d03b3c0>,57,13,[ 5 10],58,-1,74,-1,61
1,<environment.Job instance at 0x7f629d03bcd0>,66,19,[4 6],67,-1,86,-1,67
1,<environment.Job instance at 0x7f629d03bf50>,67,17,[6 2],68,-1,85,-1,68
1,<environment.Job instance at 0x7f629cb7d0a0>,69,21,[ 5 10],70,-1,91,-1,70
1,<environment.Job instance at 0x7f629cb7d140>,71,18,[1 9],72,-1,90,-1,72
1,<environment.Job instance at 0x7f629cb7d2d0>,73,21,[5 5],74,-1,95,-1,74
1,<environment.Job instance at 0x7f629cb7d910>,77,16,[6 5],78,-1,94,-1,78
1,<environment.Job instance at 0x7f629cb7daf0>,80,18,[9 1],81,-1,99,-1,81
1,<environment.Job instance at 0x7f629cb7db90>,78,12,[9 5],79,-1,95,-1,83
1,<environment.Job instance at 0x7f629cb7dc30>,83,27,[4 6],84,-1,113,-1,86
1,<environment.Job instance at 0x7f629cb7dd70>,81,12,[7 5],82,-1,98,-1,86
1,<environment.Job instance at 0x7f629d956eb0>,22,17,[9 5],23,-1,103,-1,86
1,<environment.Job instance at 0x7f629cb7deb0>,84,14,[3 5],85,-1,100,-1,86
1,<environment.Job instance at 0x7f629cb650a0>,86,16,[ 5 10],87,-1,103,-1,87
1,<environment.Job instance at 0x7f629cb7de60>,85,17,[10  2],86,-1,111,-1,94
1,<environment.Job instance at 0x7f629cb65870>,93,13,[8 5],94,-1,110,-1,97
1,<environment.Job instance at 0x7f629d444140>,0,27,[7 2],1,-1,28,-1,1
1,<environment.Job instance at 0x7f629d444be0>,1,26,[ 5 11],2,-1,28,-1,2
1,<environment.Job instance at 0x7f629d5b4b40>,5,15,[ 5 13],6,-1,21,-1,6
1,<environment.Job instance at 0x7f629d444550>,8,12,[12  3],9,-1,21,-1,9
1,<environment.Job instance at 0x7f629d2eba00>,15,12,[14  1],16,-1,32,-1,20
1,<environment.Job instance at 0x7f629d2ebe10>,17,16,[ 2 12],18,-1,37,-1,21
1,<environment.Job instance at 0x7f629d2eb190>,19,2,[ 1 11],20,-1,24,-1,22
1,<environment.Job instance at 0x7f629dd8d820>,33,24,[10  4],34,-1,73,-1,49
1,<environment.Job instance at 0x7f629dd8d4b0>,37,2,[ 3 11],38,-1,52,-1,50
1,<environment.Job instance at 0x7f629d79ae10>,55,25,[8 3],56,-1,143,-1,118
1,<environment.Job instance at 0x7f629d8cb2d0>,58,12,[ 2 12],59,-1,130,-1,118
1,<environment.Job instance at 0x7efe616a8b90>,2,22,[4 8],3,-1,25,-1,3
1,<environment.Job instance at 0x7efe616ad1e0>,9,18,[11  5],10,-1,29,-1,11
1,<environment.Job instance at 0x7efe616ad050>,11,15,[4 8],12,-1,27,-1,12
1,<environment.Job instance at 0x7efe616ad3c0>,13,18,[ 4 10],14,-1,32,-1,14
1,<environment.Job instance at 0x7efe616ad500>,15,18,[2 8],16,-1,34,-1,16
1,<environment.Job instance at 0x7efe616ad640>,16,16,[3 5],17,-1,33,-1,17
1,<environment.Job instance at 0x7efe616adaf0>,23,27,[1 6],24,-1,51,-1,24
1,<environment.Job instance at 0x7efe616add70>,24,18,[2 6],25,-1,43,-1,25
1,<environment.Job instance at 0x7efe616ada00>,25,12,[ 5 10],26,-1,38,-1,26
1,<environment.Job instance at 0x7efe616adfa0>,27,15,[8 4],28,-1,43,-1,28
1,<environment.Job instance at 0x7efe616b0140>,28,23,[10  4],29,-1,52,-1,29
1,<environment.Job instance at 0x7efe616b0280>,30,14,[5 2],31,-1,45,-1,31
1,<environment.Job instance at 0x7efe616b0410>,31,14,[2 5],32,-1,46,-1,32
1,<environment.Job instance at 0x7efe616b0690>,34,24,[1 8],35,-1,59,-1,35
1,<environment.Job instance at 0x7efe616b0820>,35,15,[9 5],36,-1,51,-1,36
1,<environment.Job instance at 0x7efe616b0c80>,40,15,[10  3],41,-1,56,-1,41
1,<environment.Job instance at 0x7efe616b0cd0>,43,18,[5 5],44,-1,62,-1,44
1,<environment.Job instance at 0x7efe616af190>,48,15,[10  1],49,-1,65,-1,50
1,<environment.Job instance at 0x7efe616b55f0>,67,27,[ 1 10],68,-1,175,-1,148
1,<environment.Job instance at 0x7efe616afaf0>,56,17,[8 5],57,-1,165,-1,148
1,<environment.Job instance at 0x7efe6179a410>,1,22,[11  3],2,-1,24,-1,2
1,<environment.Job instance at 0x7efe616af690>,9,18,[11  5],10,-1,32,-1,14
1,<environment.Job instance at 0x7efe616e0b90>,12,26,[ 1 10],13,-1,82,-1,56
1,<environment.Job instance at 0x7efe61733dc0>,23,27,[1 6],24,-1,87,-1,60
1,<environment.Job instance at 0x7efe61855d70>,28,23,[10  4],29,-1,97,-1,74
1,<environment.Job instance at 0x7efe616a8960>,34,24,[1 8],35,-1,117,-1,93
1,<environment.Job instance at 0x7efe616a8cd0>,36,13,[ 3 14],37,-1,106,-1,93
1,<environment.Job instance at 0x7efe617c8a50>,46,17,[12  2],47,-1,134,-1,117
1,<environment.Job instance at 0x7efe617c85a0>,50,16,[12  2],51,-1,146,-1,130
1,<environment.Job instance at 0x7efe617693c0>,54,13,[13  1],55,-1,158,-1,145
1,<environment.Job instance at 0x7efe60df8b90>,1,15,[10  4],2,-1,18,-1,3
1,<environment.Job instance at 0x7efe60df8140>,4,14,[8 4],5,-1,19,-1,5
1,<environment.Job instance at 0x7efe60df8aa0>,8,14,[9 5],9,-1,23,-1,9
1,<environment.Job instance at 0x7efe60df9af0>,11,15,[1 7],12,-1,27,-1,12
1,<environment.Job instance at 0x7efe60df9a50>,13,15,[5 2],14,-1,29,-1,14
1,<environment.Job instance at 0x7efe60deff00>,18,19,[6 4],19,-1,38,-1,19
1,<environment.Job instance at 0x7efe60def2d0>,19,14,[3 6],20,-1,34,-1,20
1,<environment.Job instance at 0x7efe60edc280>,23,18,[6 5],24,-1,42,-1,24
1,<environment.Job instance at 0x7efe60edc050>,24,19,[6 1],25,-1,44,-1,25
1,<environment.Job instance at 0x7efe60f486e0>,25,16,[ 2 10],26,-1,42,-1,26
1,<environment.Job instance at 0x7efe60f48f00>,27,21,[ 3 10],28,-1,49,-1,28
1,<environment.Job instance at 0x7efe616ad7d0>,2,14,[1 8],3,-1,46,-1,32
1,<environment.Job instance at 0x7efe60c73dc0>,38,21,[9 4],39,-1,61,-1,40
1,<environment.Job instance at 0x7efe60c79780>,39,12,[9 3],40,-1,52,-1,40
1,<environment.Job instance at 0x7efe60c73e10>,40,18,[10  3],41,-1,60,-1,42
1,<environment.Job instance at 0x7efe60c73aa0>,41,17,[10  2],42,-1,59,-1,42
1,<environment.Job instance at 0x7efe615bb0f0>,46,14,[5 5],47,-1,61,-1,47
1,<environment.Job instance at 0x7efe60ca3aa0>,50,13,[10  5],51,-1,65,-1,52
1,<environment.Job instance at 0x7efe60dfa460>,52,14,[2 7],53,-1,67,-1,53
1,<environment.Job instance at 0x7efe60cae730>,53,14,[7 5],54,-1,68,-1,54
1,<environment.Job instance at 0x7efe60cae410>,55,14,[10  2],56,-1,77,-1,63
1,<environment.Job instance at 0x7efe60cc5640>,64,16,[7 2],65,-1,81,-1,65
1,<environment.Job instance at 0x7efe60cc5730>,66,12,[ 3 10],67,-1,79,-1,67
1,<environment.Job instance at 0x7efe60df6e60>,70,18,[4 5],71,-1,89,-1,71
1,<environment.Job instance at 0x7efe60df6b90>,71,18,[2 8],72,-1,92,-1,74
1,<environment.Job instance at 0x7efe60cc8730>,73,14,[11  3],74,-1,88,-1,74
1,<environment.Job instance at 0x7efe60cc8690>,74,16,[9 4],75,-1,93,-1,77
1,<environment.Job instance at 0x7efe60cc8230>,77,16,[9 2],78,-1,94,-1,78
1,<environment.Job instance at 0x7efe60cc85f0>,78,15,[7 5],79,-1,94,-1,79
1,<environment.Job instance at 0x7efe60cc8e10>,76,14,[10  1],77,-1,93,-1,79
1,<environment.Job instance at 0x7efe60cc92d0>,82,20,[1 7],83,-1,103,-1,83
1,<environment.Job instance at 0x7efe60cc3cd0>,86,19,[2 7],87,-1,108,-1,89
1,<environment.Job instance at 0x7efe60cc30f0>,88,18,[6 3],89,-1,107,-1,89
1,<environment.Job instance at 0x7efe60cc3280>,90,24,[ 1 10],91,-1,122,-1,98
1,<environment.Job instance at 0x7efe60ce41e0>,98,18,[4 6],99,-1,121,-1,103
1,<environment.Job instance at 0x7efe60c5beb0>,101,27,[4 7],102,-1,130,-1,103
1,<environment.Job instance at 0x7efe60e51550>,102,26,[8 4],103,-1,129,-1,103
1,<environment.Job instance at 0x7efe60ccad70>,93,24,[7 4],94,-1,129,-1,105
1,<environment.Job instance at 0x7efe60c5aa50>,103,12,[9 1],104,-1,117,-1,105
1,<environment.Job instance at 0x7efe8636a1e0>,108,18,[4 5],109,-1,128,-1,110
1,<environment.Job instance at 0x7efe60d318c0>,110,25,[ 3 10],111,-1,136,-1,111
1,<environment.Job instance at 0x7efe60d220f0>,117,13,[9 2],118,-1,132,-1,119
1,<environment.Job instance at 0x7efe60c58320>,94,16,[7 5],95,-1,136,-1,120
1,<environment.Job instance at 0x7efe60d4e370>,48,12,[14  4],49,-1,132,-1,120
1,<environment.Job instance at 0x7efe60d3d0f0>,120,17,[2 6],121,-1,138,-1,121
1,<environment.Job instance at 0x7efe60d3d780>,121,15,[8 4],122,-1,137,-1,122
1,<environment.Job instance at 0x7efe60d225a0>,118,15,[3 6],119,-1,138,-1,123
1,<environment.Job instance at 0x7efe60d3de10>,123,23,[10  1],124,-1,147,-1,124
1,<environment.Job instance at 0x7efe60cc4d70>,127,18,[5 9],128,-1,146,-1,128
1,<environment.Job instance at 0x7efe616b6140>,10,3,[13  3],11,-1,21,-1,18
1,<environment.Job instance at 0x7efe616b54b0>,15,13,[ 1 14],16,-1,34,-1,21
1,<environment.Job instance at 0x7efe60eb1230>,26,2,[11  5],27,-1,43,-1,41
1,<environment.Job instance at 0x7efe60e56cd0>,28,3,[14  4],29,-1,46,-1,43
1,<environment.Job instance at 0x7efe60e6e5a0>,48,12,[14  4],49,-1,113,-1,101
1,<environment.Job instance at 0x7efe60e79a50>,58,2,[13  1],59,-1,146,-1,144
1,<environment.Job instance at 0x7efe60e79af0>,61,3,[13  5],62,-1,149,-1,146
1,<environment.Job instance at 0x7efe60e7e960>,62,2,[ 1 12],63,-1,148,-1,146
1,<environment.Job instance at 0x7efe6ae6baa0>,2,25,[6 3],3,-1,28,-1,3
1,<environment.Job instance at 0x7efe6ae6bdc0>,4,17,[9 4],5,-1,23,-1,6
1,<environment.Job instance at 0x7efe6ae6b9b0>,6,2,[5 5],7,-1,9,-1,7
1,<environment.Job instance at 0x7efe6ae6b640>,7,13,[1 9],8,-1,21,-1,8
1,<environment.Job instance at 0x7efe6ae6b870>,8,17,[3 6],9,-1,26,-1,9
1,<environment.Job instance at 0x7efe60cbac80>,9,15,[ 5 10],10,-1,25,-1,10
1,<environment.Job instance at 0x7efe60cba500>,10,1,[ 1 10],11,-1,12,-1,11
1,<environment.Job instance at 0x7efe60cba1e0>,11,14,[8 2],12,-1,26,-1,12
1,<environment.Job instance at 0x7efe6ae6bf50>,5,13,[6 4],6,-1,25,-1,12
1,<environment.Job instance at 0x7efe60cba9b0>,13,20,[2 6],14,-1,34,-1,14
1,<environment.Job instance at 0x7efe60caceb0>,26,15,[2 7],27,-1,42,-1,27
1,<environment.Job instance at 0x7efe60cacb40>,28,15,[7 5],29,-1,44,-1,29
1,<environment.Job instance at 0x7efe60cac8c0>,29,15,[ 3 10],30,-1,45,-1,30
1,<environment.Job instance at 0x7efe60cac960>,30,24,[2 8],31,-1,56,-1,32
1,<environment.Job instance at 0x7efe60cacdc0>,31,24,[9 1],32,-1,56,-1,32
1,<environment.Job instance at 0x7efe60cacaf0>,36,16,[ 5 10],37,-1,53,-1,37
1,<environment.Job instance at 0x7efe60caec30>,39,13,[4 6],40,-1,54,-1,41
1,<environment.Job instance at 0x7efe60caeb40>,41,17,[10  3],42,-1,59,-1,42
1,<environment.Job instance at 0x7efe60cae7d0>,40,15,[7 1],41,-1,57,-1,42
1,<environment.Job instance at 0x7efe60ce41e0>,49,16,[5 4],50,-1,67,-1,51
1,<environment.Job instance at 0x7efe60ce4a00>,56,16,[9 2],57,-1,73,-1,57
1,<environment.Job instance at 0x7efe60cae910>,47,15,[ 3 12],48,-1,73,-1,58
1,<environment.Job instance at 0x7efe60ce4140>,57,16,[9 4],58,-1,74,-1,58
1,<environment.Job instance at 0x7efe60ce46e0>,54,18,[3 6],55,-1,78,-1,60
1,<environment.Job instance at 0x7efe60d310a0>,61,17,[7 5],62,-1,80,-1,63
1,<environment.Job instance at 0x7efe60d31e10>,64,15,[4 6],65,-1,91,-1,76
1,<environment.Job instance at 0x7efe60d31c30>,62,12,[3 8],63,-1,88,-1,76
1,<environment.Job instance at 0x7efe60d311e0>,68,18,[1 5],69,-1,94,-1,76
1,<environment.Job instance at 0x7efe60cac4b0>,34,23,[10  2],35,-1,99,-1,76
1,<environment.Job instance at 0x7efe60ca3d70>,82,17,[12  4],83,-1,110,-1,93
1,<environment.Job instance at 0x7efe60d31a50>,69,2,[8 2],70,-1,95,-1,93
1,<environment.Job instance at 0x7efe60caef00>,44,14,[1 5],45,-1,108,-1,94
1,<environment.Job instance at 0x7efe60ca0910>,87,12,[5 8],88,-1,107,-1,95
1,<environment.Job instance at 0x7efe60ca0a00>,88,14,[7 5],89,-1,109,-1,95
1,<environment.Job instance at 0x7efe60ca3f00>,80,14,[7 5],81,-1,109,-1,95
1,<environment.Job instance at 0x7efe60ca37d0>,85,16,[10  4],86,-1,111,-1,95
1,<environment.Job instance at 0x7efe60ca0690>,90,18,[9 5],91,-1,113,-1,95
1,<environment.Job instance at 0x7efe60ca00a0>,94,17,[7 2],95,-1,113,-1,96
1,<environment.Job instance at 0x7efe60c9d5a0>,97,15,[2 9],98,-1,117,-1,102
1,<environment.Job instance at 0x7efe60c9d0a0>,96,12,[8 3],97,-1,114,-1,102
1,<environment.Job instance at 0x7efe60c9d0f0>,99,17,[8 1],100,-1,119,-1,102
1,<environment.Job instance at 0x7efe60c9dfa0>,101,17,[2 6],102,-1,120,-1,103
1,<environment.Job instance at 0x7efe61511140>,102,19,[8 2],103,-1,122,-1,103
1,<environment.Job instance at 0x7efe612b13c0>,108,14,[ 2 10],109,-1,124,-1,110
1,<environment.Job instance at 0x7efe6133e2d0>,110,18,[3 5],111,-1,129,-1,111
1,<environment.Job instance at 0x7efe60c5a4b0>,118,14,[4 6],119,-1,133,-1,119
1,<environment.Job instance at 0x7efe60dbefa0>,119,15,[10  2],120,-1,135,-1,120
1,<environment.Job instance at 0x7efe610ed140>,120,13,[5 6],121,-1,134,-1,121
1,<environment.Job instance at 0x7efe61beb7d0>,121,12,[5 5],122,-1,134,-1,122
1,<environment.Job instance at 0x7efe612fe640>,109,17,[9 1],110,-1,139,-1,122
1,<environment.Job instance at 0x7efe60c9d050>,98,1,[2 6],99,-1,126,-1,125
1,<environment.Job instance at 0x7efe60c770f0>,125,14,[7 4],126,-1,140,-1,126
1,<environment.Job instance at 0x7efe60c73230>,130,16,[10  2],131,-1,147,-1,131
1,<environment.Job instance at 0x7efe60c73960>,135,12,[ 1 10],136,-1,148,-1,136
1,<environment.Job instance at 0x7efe60d312d0>,66,25,[ 5 10],67,-1,163,-1,138
1,<environment.Job instance at 0x7efe6ae62690>,139,14,[5 7],140,-1,154,-1,140
1,<environment.Job instance at 0x7efe60c7a370>,138,16,[6 3],139,-1,157,-1,141
1,<environment.Job instance at 0x7efe60c73410>,131,13,[4 5],132,-1,154,-1,141
1,<environment.Job instance at 0x7efe6ae62550>,141,14,[1 5],142,-1,156,-1,142
1,<environment.Job instance at 0x7efe6ae62d20>,143,14,[2 7],144,-1,158,-1,144
1,<environment.Job instance at 0x7efe60c69e60>,148,15,[8 5],149,-1,164,-1,149
1,<environment.Job instance at 0x7efe61efa4b0>,2,25,[6 3],3,-1,30,-1,5
1,<environment.Job instance at 0x7efe6a8d6140>,19,18,[13  1],20,-1,48,-1,30
1,<environment.Job instance at 0x7efe61f09f00>,22,3,[ 3 11],23,-1,34,-1,31
1,<environment.Job instance at 0x7efe62245640>,30,24,[2 8],31,-1,84,-1,60
1,<environment.Job instance at 0x7efe61086d70>,31,24,[9 1],32,-1,97,-1,73
1,<environment.Job instance at 0x7efe610f85f0>,33,24,[10  5],34,-1,97,-1,73
1,<environment.Job instance at 0x7efe610f8780>,34,23,[10  2],35,-1,96,-1,73
1,<environment.Job instance at 0x7efe610f8dc0>,35,15,[ 1 11],36,-1,88,-1,73
1,<environment.Job instance at 0x7efe6138ee60>,47,15,[ 3 12],48,-1,117,-1,102
1,<environment.Job instance at 0x7efe610c5870>,12,18,[6 3],13,-1,31,-1,13
1,<environment.Job instance at 0x7efe610c55f0>,15,16,[6 3],16,-1,32,-1,16
1,<environment.Job instance at 0x7efe610c5190>,16,25,[3 8],17,-1,42,-1,17
1,<environment.Job instance at 0x7efe616b85a0>,19,27,[9 3],20,-1,47,-1,20
1,<environment.Job instance at 0x7efe616b8550>,20,15,[7 5],21,-1,36,-1,21
1,<environment.Job instance at 0x7efe60cd05a0>,22,24,[ 3 10],23,-1,47,-1,23
1,<environment.Job instance at 0x7efe60cd0320>,24,17,[8 5],25,-1,42,-1,25
1,<environment.Job instance at 0x7efe60cd0be0>,27,12,[ 2 12],28,-1,40,-1,28
1,<environment.Job instance at 0x7efe60cd0690>,28,27,[1 7],29,-1,56,-1,29
1,<environment.Job instance at 0x7efe60cd0dc0>,29,13,[1 9],30,-1,48,-1,35
1,<environment.Job instance at 0x7efe611bad20>,38,14,[10  3],39,-1,53,-1,39
1,<environment.Job instance at 0x7efe6ae65f00>,34,16,[10  3],35,-1,57,-1,41
1,<environment.Job instance at 0x7efe611ba870>,42,18,[10  4],43,-1,62,-1,44
1,<environment.Job instance at 0x7efe611ba460>,43,13,[6 5],44,-1,57,-1,44
1,<environment.Job instance at 0x7efe611ba0f0>,49,15,[9 5],50,-1,75,-1,60
1,<environment.Job instance at 0x7efe60cd0cd0>,31,13,[5 5],32,-1,76,-1,63
1,<environment.Job instance at 0x7efe611baf00>,41,18,[2 9],42,-1,83,-1,65
1,<environment.Job instance at 0x7efe60cd00a0>,30,19,[6 3],31,-1,86,-1,67
1,<environment.Job instance at 0x7efe611a4f00>,53,18,[5 9],54,-1,86,-1,68
1,<environment.Job instance at 0x7efe611a4050>,55,21,[2 5],56,-1,89,-1,68
1,<environment.Job instance at 0x7efe611a45f0>,58,14,[5 9],59,-1,83,-1,69
1,<environment.Job instance at 0x7efe611a4820>,59,19,[9 1],60,-1,88,-1,69
1,<environment.Job instance at 0x7efe611a4eb0>,61,16,[6 5],62,-1,85,-1,69
1,<environment.Job instance at 0x7efe611ba690>,47,18,[5 1],48,-1,87,-1,69
1,<environment.Job instance at 0x7efe60ecc3c0>,63,27,[1 8],64,-1,96,-1,69
1,<environment.Job instance at 0x7efe60ecc9b0>,69,13,[5 9],70,-1,91,-1,78
1,<environment.Job instance at 0x7efe60ecc410>,71,18,[8 4],72,-1,99,-1,81
1,<environment.Job instance at 0x7efe60ecc280>,74,17,[3 9],75,-1,101,-1,84
1,<environment.Job instance at 0x7efe60eccfa0>,64,1,[5 8],65,-1,89,-1,88
1,<environment.Job instance at 0x7efe60eccaf0>,66,14,[3 9],67,-1,102,-1,88
1,<environment.Job instance at 0x7efe61200f50>,79,15,[7 1],80,-1,103,-1,88
1,<environment.Job instance at 0x7efe60ecc5f0>,75,13,[10  4],76,-1,101,-1,88
1,<environment.Job instance at 0x7efe61200460>,78,2,[5 7],79,-1,94,-1,92
1,<environment.Job instance at 0x7efe61200d20>,81,18,[3 6],82,-1,110,-1,92
1,<environment.Job instance at 0x7efe60cc9f00>,89,18,[7 5],90,-1,135,-1,117
1,<environment.Job instance at 0x7efe60cc9e10>,85,25,[6 3],86,-1,142,-1,117
1,<environment.Job instance at 0x7efe60cc9d20>,91,14,[5 8],92,-1,134,-1,120
1,<environment.Job instance at 0x7efe60cc9320>,99,27,[ 5 10],100,-1,155,-1,128
1,<environment.Job instance at 0x7efe60cc9e60>,95,18,[7 5],96,-1,146,-1,128
1,<environment.Job instance at 0x7efe60cc0c30>,102,18,[5 1],103,-1,146,-1,128
1,<environment.Job instance at 0x7efe60cc9370>,98,17,[10  3],99,-1,155,-1,138
1,<environment.Job instance at 0x7efe60cc02d0>,101,22,[ 1 10],102,-1,160,-1,138
1,<environment.Job instance at 0x7efe60cc01e0>,107,13,[7 3],108,-1,151,-1,138
1,<environment.Job instance at 0x7efe617b17d0>,109,15,[ 1 10],110,-1,153,-1,138
1,<environment.Job instance at 0x7efe6ad1b550>,110,14,[3 6],111,-1,152,-1,138
1,<environment.Job instance at 0x7efe6ad1b730>,112,15,[1 6],113,-1,153,-1,138
1,<environment.Job instance at 0x7efe60e354b0>,108,20,[6 2],109,-1,158,-1,138
1,<environment.Job instance at 0x7efe6ad1ba50>,115,17,[7 1],116,-1,155,-1,138
1,<environment.Job instance at 0x7efe6ad1b050>,117,18,[1 7],118,-1,158,-1,140
1,<environment.Job instance at 0x7efe6ad1baa0>,118,12,[ 5 12],119,-1,152,-1,140
1,<environment.Job instance at 0x7efe60cc0be0>,103,2,[5 6],104,-1,142,-1,140
1,<environment.Job instance at 0x7efe6133f4b0>,119,14,[10  1],120,-1,154,-1,140
1,<environment.Job instance at 0x7efe61a67190>,120,15,[1 6],121,-1,155,-1,140
1,<environment.Job instance at 0x7efe61960c80>,122,18,[5 5],123,-1,158,-1,140
1,<environment.Job instance at 0x7efe621032d0>,121,14,[10  4],122,-1,154,-1,140
1,<environment.Job instance at 0x7efe61b4c230>,124,12,[8 4],125,-1,152,-1,140
1,<environment.Job instance at 0x7efe61b4ca50>,125,15,[7 4],126,-1,155,-1,140
1,<environment.Job instance at 0x7efe6ad1b190>,116,13,[11  1],117,-1,153,-1,140
1,<environment.Job instance at 0x7efe61848280>,127,14,[6 2],128,-1,154,-1,140
1,<environment.Job instance at 0x7efe61b4c190>,126,3,[8 1],127,-1,143,-1,140
1,<environment.Job instance at 0x7efe61764af0>,129,17,[7 2],130,-1,161,-1,144
1,<environment.Job instance at 0x7efe616d94b0>,128,21,[5 8],129,-1,165,-1,144
1,<environment.Job instance at 0x7efe61819370>,131,28,[2 8],132,-1,172,-1,144
1,<environment.Job instance at 0x7efe616f48c0>,133,27,[9 3],134,-1,173,-1,146
1,<environment.Job instance at 0x7efe616f4410>,134,12,[6 5],135,-1,158,-1,146
1,<environment.Job instance at 0x7efe616d7640>,136,28,[1 7],137,-1,174,-1,146
1,<environment.Job instance at 0x7efe61501dc0>,130,12,[8 1],131,-1,158,-1,146
1,<environment.Job instance at 0x7efe619b54b0>,137,12,[ 4 10],138,-1,158,-1,146
1,<environment.Job instance at 0x7efe6177e500>,142,3,[9 1],143,-1,150,-1,147
1,<environment.Job instance at 0x7efe6177e410>,143,2,[ 4 10],144,-1,149,-1,147
1,<environment.Job instance at 0x7efe6177ebe0>,141,1,[10  2],142,-1,148,-1,147
1,<environment.Job instance at 0x7efe61e8bd20>,144,3,[11  1],145,-1,151,-1,148
1,<environment.Job instance at 0x7efe6185b230>,146,28,[9 2],147,-1,176,-1,148
1,<environment.Job instance at 0x7efe617141e0>,145,1,[8 2],146,-1,149,-1,148
1,<environment.Job instance at 0x7efe60fedaf0>,5,14,[ 5 12],6,-1,20,-1,6
1,<environment.Job instance at 0x7efe60fed6e0>,7,19,[14  4],8,-1,27,-1,8
1,<environment.Job instance at 0x7efe6104afa0>,9,14,[ 5 11],10,-1,24,-1,10
1,<environment.Job instance at 0x7efe61082230>,16,25,[3 8],17,-1,53,-1,28
1,<environment.Job instance at 0x7efe610828c0>,18,3,[ 5 14],19,-1,31,-1,28
1,<environment.Job instance at 0x7efe61082410>,19,27,[9 3],20,-1,55,-1,28
1,<environment.Job instance at 0x7efe61082e10>,22,24,[ 3 10],23,-1,57,-1,33
1,<environment.Job instance at 0x7efe610f6a50>,27,12,[ 2 12],28,-1,48,-1,36
1,<environment.Job instance at 0x7efe6104f410>,28,27,[1 7],29,-1,65,-1,38
1,<environment.Job instance at 0x7efe611c1960>,45,2,[14  5],46,-1,107,-1,105
1,<environment.Job instance at 0x7efe614d36e0>,14,15,[9 1],15,-1,31,-1,16
1,<environment.Job instance at 0x7efe614c0280>,16,23,[7 4],17,-1,40,-1,17
1,<environment.Job instance at 0x7efe614c0230>,18,17,[5 5],19,-1,36,-1,19
1,<environment.Job instance at 0x7efe621f59b0>,23,20,[5 4],24,-1,45,-1,25
1,<environment.Job instance at 0x7efe612e0690>,35,20,[4 7],36,-1,68,-1,48
1,<environment.Job instance at 0x7efe612e0b40>,34,15,[10  3],35,-1,64,-1,49
1,<environment.Job instance at 0x7efe612f51e0>,37,13,[9 4],38,-1,62,-1,49
1,<environment.Job instance at 0x7efe612f7280>,39,17,[5 9],40,-1,66,-1,49
1,<environment.Job instance at 0x7efe6108edc0>,41,27,[5 1],42,-1,76,-1,49
1,<environment.Job instance at 0x7efe613108c0>,42,21,[1 6],43,-1,71,-1,50
1,<environment.Job instance at 0x7efe613109b0>,43,17,[8 5],44,-1,67,-1,50
1,<environment.Job instance at 0x7efe614c0730>,20,15,[9 4],21,-1,67,-1,52
1,<environment.Job instance at 0x7efe6108e0f0>,40,15,[4 5],41,-1,67,-1,52
1,<environment.Job instance at 0x7efe61310d70>,47,13,[13  1],48,-1,66,-1,53
1,<environment.Job instance at 0x7efe61310690>,48,16,[ 5 10],49,-1,69,-1,53
1,<environment.Job instance at 0x7efe61310be0>,45,16,[4 5],46,-1,69,-1,53
1,<environment.Job instance at 0x7efe61310f00>,50,16,[9 2],51,-1,69,-1,53
1,<environment.Job instance at 0x7efe612f80f0>,51,19,[10  1],52,-1,72,-1,53
1,<environment.Job instance at 0x7efe612f8b40>,53,12,[4 6],54,-1,66,-1,54
1,<environment.Job instance at 0x7efe6107b6e0>,49,18,[7 3],50,-1,79,-1,61
1,<environment.Job instance at 0x7efe61306190>,56,25,[ 5 10],57,-1,86,-1,61
1,<environment.Job instance at 0x7efe613067d0>,62,18,[5 9],63,-1,83,-1,65
1,<environment.Job instance at 0x7efe61306870>,63,16,[6 5],64,-1,81,-1,65
1,<environment.Job instance at 0x7efe61306cd0>,67,17,[5 2],68,-1,86,-1,69
1,<environment.Job instance at 0x7efe61306eb0>,70,15,[3 9],71,-1,95,-1,80
1,<environment.Job instance at 0x7efe612dc4b0>,74,17,[9 5],75,-1,99,-1,82
1,<environment.Job instance at 0x7efe61057820>,36,21,[6 5],37,-1,103,-1,82
1,<environment.Job instance at 0x7efe612dc550>,75,16,[5 3],76,-1,98,-1,82
1,<environment.Job instance at 0x7efe61310c80>,46,25,[8 3],47,-1,107,-1,82
1,<environment.Job instance at 0x7efe612dcaa0>,80,26,[6 3],81,-1,108,-1,82
1,<environment.Job instance at 0x7efe612dc730>,78,14,[9 4],79,-1,96,-1,82
1,<environment.Job instance at 0x7efe612dc7d0>,79,13,[3 6],80,-1,109,-1,96
1,<environment.Job instance at 0x7efe612dcaf0>,82,17,[ 2 11],83,-1,113,-1,96
1,<environment.Job instance at 0x7efe612dcd70>,85,23,[7 1],86,-1,119,-1,96
1,<environment.Job instance at 0x7efe612dcf00>,89,14,[6 1],90,-1,110,-1,96
1,<environment.Job instance at 0x7efe615360f0>,91,17,[10  4],92,-1,113,-1,96
1,<environment.Job instance at 0x7efe61536230>,92,14,[3 9],93,-1,110,-1,96
1,<environment.Job instance at 0x7efe615362d0>,93,12,[ 1 14],94,-1,108,-1,96
1,<environment.Job instance at 0x7efe61536410>,95,18,[10  3],96,-1,114,-1,96
1,<environment.Job instance at 0x7efe61536640>,94,14,[7 4],95,-1,111,-1,97
1,<environment.Job instance at 0x7efe612dcfa0>,87,17,[4 9],88,-1,116,-1,99
1,<environment.Job instance at 0x7efe615368c0>,97,18,[3 6],98,-1,117,-1,99
1,<environment.Job instance at 0x7efe615421e0>,104,18,[4 7],105,-1,123,-1,105
1,<environment.Job instance at 0x7efe615423c0>,106,17,[5 5],107,-1,126,-1,109
1,<environment.Job instance at 0x7efe615424b0>,108,1,[8 4],109,-1,110,-1,109
1,<environment.Job instance at 0x7efe61536a00>,96,13,[13  3],97,-1,122,-1,109
1,<environment.Job instance at 0x7efe61542190>,107,13,[8 2],108,-1,123,-1,110
1,<environment.Job instance at 0x7efe61542aa0>,114,1,[1 9],115,-1,119,-1,118
1,<environment.Job instance at 0x7efe61542730>,113,16,[4 9],114,-1,134,-1,118
1,<environment.Job instance at 0x7efe61542b40>,116,17,[11  2],117,-1,135,-1,118
1,<environment.Job instance at 0x7efe61542870>,111,14,[ 3 14],112,-1,133,-1,119
1,<environment.Job instance at 0x7efe61542a00>,112,17,[1 6],113,-1,136,-1,119
1,<environment.Job instance at 0x7efe61542f00>,119,18,[9 5],120,-1,138,-1,120
1,<environment.Job instance at 0x7efe61542e10>,120,28,[5 6],121,-1,149,-1,121
1,<environment.Job instance at 0x7efe6151a460>,126,14,[13  5],127,-1,152,-1,138
1,<environment.Job instance at 0x7efe6151a410>,124,17,[6 5],125,-1,156,-1,139
1,<environment.Job instance at 0x7efe6177eb40>,7,3,[ 1 12],8,-1,11,-1,8
1,<environment.Job instance at 0x7efe6185ba00>,8,15,[ 3 11],9,-1,24,-1,9
1,<environment.Job instance at 0x7efe619e9b90>,15,15,[ 2 11],16,-1,31,-1,16
1,<environment.Job instance at 0x7efe6172e190>,16,23,[7 4],17,-1,42,-1,19
1,<environment.Job instance at 0x7efe61a8fd20>,30,16,[14  3],31,-1,72,-1,56
1,<environment.Job instance at 0x7efe611ba1e0>,41,27,[5 1],42,-1,104,-1,77
1,<environment.Job instance at 0x7efe611ba370>,46,25,[8 3],47,-1,117,-1,92
1,<environment.Job instance at 0x7efe611bab40>,47,13,[13  1],48,-1,105,-1,92
1,<environment.Job instance at 0x7efe616b8cd0>,56,25,[ 5 10],57,-1,160,-1,135
1,<environment.Job instance at 0x7efe61af3e10>,0,15,[ 4 10],1,-1,16,-1,1
1,<environment.Job instance at 0x7efe61af3140>,9,17,[9 4],10,-1,27,-1,10
1,<environment.Job instance at 0x7efe61b2bd70>,11,18,[4 8],12,-1,30,-1,12
1,<environment.Job instance at 0x7efe61b2b0a0>,13,15,[10  4],14,-1,29,-1,14
1,<environment.Job instance at 0x7efe61b2b280>,16,15,[ 5 10],17,-1,32,-1,17
1,<environment.Job instance at 0x7efe61b27280>,18,14,[8 3],19,-1,33,-1,19
1,<environment.Job instance at 0x7efe61b27640>,19,14,[9 5],20,-1,34,-1,20
1,<environment.Job instance at 0x7efe61b272d0>,22,18,[9 4],23,-1,41,-1,23
1,<environment.Job instance at 0x7efe61b27460>,23,18,[ 4 10],24,-1,42,-1,24
1,<environment.Job instance at 0x7efe61b27c30>,27,15,[ 5 10],28,-1,43,-1,28
1,<environment.Job instance at 0x7efe61b273c0>,28,17,[5 7],29,-1,46,-1,29
1,<environment.Job instance at 0x7efe61b0eeb0>,31,16,[ 4 10],32,-1,51,-1,35
1,<environment.Job instance at 0x7efe61afc8c0>,35,16,[4 6],36,-1,52,-1,36
1,<environment.Job instance at 0x7efe61afcc80>,36,18,[9 4],37,-1,55,-1,37
1,<environment.Job instance at 0x7efe61afc0f0>,39,16,[2 8],40,-1,56,-1,40
1,<environment.Job instance at 0x7efe61afc820>,41,13,[2 8],42,-1,55,-1,42
1,<environment.Job instance at 0x7efe6114edc0>,42,18,[5 1],43,-1,61,-1,43
1,<environment.Job instance at 0x7efe6114e410>,43,18,[ 5 10],44,-1,62,-1,44
1,<environment.Job instance at 0x7efe6114eb40>,44,20,[9 5],45,-1,65,-1,45
1,<environment.Job instance at 0x7efe6114e640>,45,17,[7 4],46,-1,63,-1,46
1,<environment.Job instance at 0x7efe6114e7d0>,46,18,[4 6],47,-1,65,-1,47
1,<environment.Job instance at 0x7efe6114ec80>,47,14,[5 5],48,-1,62,-1,48
1,<environment.Job instance at 0x7efe61064230>,53,17,[10  5],54,-1,71,-1,54
1,<environment.Job instance at 0x7efe61064f00>,54,17,[3 6],55,-1,72,-1,55
1,<environment.Job instance at 0x7efe610645a0>,60,13,[9 3],61,-1,79,-1,66
1,<environment.Job instance at 0x7efe61084e60>,70,16,[2 8],71,-1,88,-1,72
1,<environment.Job instance at 0x7efe61064cd0>,62,15,[3 8],63,-1,89,-1,74
1,<environment.Job instance at 0x7efe61084b40>,72,17,[1 7],73,-1,91,-1,74
1,<environment.Job instance at 0x7efe61084f00>,75,16,[1 6],76,-1,92,-1,76
1,<environment.Job instance at 0x7efe6151bbe0>,7,2,[ 4 14],8,-1,10,-1,8
1,<environment.Job instance at 0x7efe610c5320>,14,2,[ 1 12],15,-1,23,-1,21
1,<environment.Job instance at 0x7efe619e9b90>,20,25,[2 8],21,-1,77,-1,52
1,<environment.Job instance at 0x7efe61b27370>,24,3,[ 3 14],25,-1,65,-1,62
1,<environment.Job instance at 0x7efe61041cd0>,29,2,[13  5],30,-1,85,-1,83
1,<environment.Job instance at 0x7efe61064320>,38,1,[ 3 12],39,-1,126,-1,125
1,<environment.Job instance at 0x7efe61811690>,1,18,[3 7],2,-1,20,-1,2
1,<environment.Job instance at 0x7efe61376870>,2,17,[1 9],3,-1,20,-1,3
1,<environment.Job instance at 0x7efe6137b3c0>,4,22,[9 5],5,-1,27,-1,5
1,<environment.Job instance at 0x7efe6137b730>,7,16,[5 8],8,-1,24,-1,8
1,<environment.Job instance at 0x7efe619cce60>,8,16,[1 6],9,-1,25,-1,9
1,<environment.Job instance at 0x7efe61393e10>,13,15,[4 9],14,-1,30,-1,15
1,<environment.Job instance at 0x7efe613931e0>,15,12,[ 3 10],16,-1,28,-1,16
1,<environment.Job instance at 0x7efe61393820>,16,12,[9 4],17,-1,29,-1,17
1,<environment.Job instance at 0x7efe61395460>,18,12,[10  1],19,-1,31,-1,19
1,<environment.Job instance at 0x7efe61395aa0>,19,21,[1 7],20,-1,41,-1,20
1,<environment.Job instance at 0x7efe61395500>,20,16,[9 2],21,-1,37,-1,21
1,<environment.Job instance at 0x7efe6135b280>,25,12,[5 9],26,-1,38,-1,26
1,<environment.Job instance at 0x7efe61285f50>,27,17,[8 2],28,-1,45,-1,28
1,<environment.Job instance at 0x7efe61270c30>,28,17,[1 6],29,-1,46,-1,29
1,<environment.Job instance at 0x7efe61da1640>,29,17,[9 2],30,-1,47,-1,30
1,<environment.Job instance at 0x7efe617fa5f0>,32,15,[2 9],33,-1,48,-1,33
1,<environment.Job instance at 0x7efe6137baf0>,14,14,[10  4],15,-1,48,-1,34
1,<environment.Job instance at 0x7efe616ef370>,43,18,[ 2 10],44,-1,63,-1,45
1,<environment.Job instance at 0x7efe616de3c0>,47,17,[7 4],48,-1,65,-1,48
1,<environment.Job instance at 0x7efe616de410>,48,15,[8 3],49,-1,64,-1,49
1,<environment.Job instance at 0x7efe616dec80>,49,16,[10  5],50,-1,66,-1,50
1,<environment.Job instance at 0x7efe616de8c0>,51,16,[5 3],52,-1,68,-1,52
1,<environment.Job instance at 0x7efe610720a0>,60,18,[9 2],61,-1,84,-1,66
1,<environment.Job instance at 0x7efe616ec140>,55,17,[ 2 10],56,-1,83,-1,66
1,<environment.Job instance at 0x7efe614c9be0>,5,3,[ 1 14],6,-1,9,-1,6
1,<environment.Job instance at 0x7efe612eb1e0>,10,13,[11  4],11,-1,31,-1,18
1,<environment.Job instance at 0x7efe612f5500>,11,12,[ 1 13],12,-1,30,-1,18
1,<environment.Job instance at 0x7efe614d3e60>,22,17,[ 2 14],23,-1,77,-1,60
1,<environment.Job instance at 0x7efe61bd2230>,35,16,[11  3],36,-1,124,-1,108
1,<environment.Job instance at 0x7efe612dca50>,46,1,[11  2],47,-1,131,-1,130
1,<environment.Job instance at 0x7efe60ff5550>,0,18,[5 4],1,-1,19,-1,1
1,<environment.Job instance at 0x7efe60ff5c30>,8,18,[ 4 10],9,-1,27,-1,9
1,<environment.Job instance at 0x7efe60ff5b40>,10,14,[2 6],11,-1,25,-1,11
1,<environment.Job instance at 0x7efe60ff5f50>,13,16,[3 8],14,-1,30,-1,14
1,<environment.Job instance at 0x7efe6159d550>,14,16,[9 2],15,-1,32,-1,16
1,<environment.Job instance at 0x7efe6159d2d0>,16,18,[3 6],17,-1,35,-1,17
1,<environment.Job instance at 0x7efe6159db40>,17,18,[5 5],18,-1,36,-1,18
1,<environment.Job instance at 0x7efe6159dd20>,23,18,[4 5],24,-1,43,-1,25
1,<environment.Job instance at 0x7efe6159de10>,25,18,[5 8],26,-1,44,-1,26
1,<environment.Job instance at 0x7efe6159d7d0>,26,18,[3 9],27,-1,45,-1,27
1,<environment.Job instance at 0x7efe6159d730>,29,23,[4 9],30,-1,53,-1,30
1,<environment.Job instance at 0x7efe616a05f0>,31,16,[6 5],32,-1,48,-1,32
1,<environment.Job instance at 0x7efe616a07d0>,33,1,[5 5],34,-1,36,-1,35
1,<environment.Job instance at 0x7efe616a05a0>,35,16,[6 5],36,-1,52,-1,36
1,<environment.Job instance at 0x7efe616a0230>,36,12,[ 1 10],37,-1,49,-1,37
1,<environment.Job instance at 0x7efe616a0a50>,37,18,[9 4],38,-1,56,-1,38
1,<environment.Job instance at 0x7efe616a0320>,38,15,[1 8],39,-1,54,-1,39
1,<environment.Job instance at 0x7efe616a03c0>,40,15,[5 1],41,-1,56,-1,41
1,<environment.Job instance at 0x7efe616a0a00>,41,13,[5 2],42,-1,55,-1,42
1,<environment.Job instance at 0x7efe616a0be0>,34,22,[5 8],35,-1,65,-1,43
1,<environment.Job instance at 0x7efe60df6370>,53,14,[4 8],54,-1,68,-1,54
1,<environment.Job instance at 0x7efe60df69b0>,54,17,[3 7],55,-1,72,-1,55
1,<environment.Job instance at 0x7efe60df6730>,56,14,[7 5],57,-1,71,-1,57
1,<environment.Job instance at 0x7efe60df65f0>,49,18,[1 9],50,-1,83,-1,65
1,<environment.Job instance at 0x7efe60df6410>,59,18,[2 9],60,-1,88,-1,70
1,<environment.Job instance at 0x7efe62282870>,73,17,[14  2],74,-1,95,-1,78
1,<environment.Job instance at 0x7efe62282550>,64,16,[7 5],65,-1,95,-1,79
1,<environment.Job instance at 0x7efe62282780>,75,20,[10  3],76,-1,101,-1,81
1,<environment.Job instance at 0x7efe62282320>,74,15,[10  2],75,-1,96,-1,81
1,<environment.Job instance at 0x7efe61b54f00>,76,12,[3 5],77,-1,93,-1,81
1,<environment.Job instance at 0x7efe6159dbe0>,18,22,[ 1 13],19,-1,105,-1,83
1,<environment.Job instance at 0x7efe61b540a0>,82,18,[9 2],83,-1,101,-1,83
1,<environment.Job instance at 0x7efe61b54b40>,80,2,[9 4],81,-1,88,-1,86
1,<environment.Job instance at 0x7efe61b54dc0>,84,14,[5 9],85,-1,102,-1,88
1,<environment.Job instance at 0x7efe61b54140>,85,14,[6 3],86,-1,107,-1,93
1,<environment.Job instance at 0x7efe60df6b40>,60,18,[5 5],61,-1,112,-1,94
1,<environment.Job instance at 0x7efe613cbb40>,92,17,[5 1],93,-1,111,-1,94
1,<environment.Job instance at 0x7efe61b54a50>,87,23,[6 1],88,-1,134,-1,111
1,<environment.Job instance at 0x7efe61c779b0>,96,18,[ 2 10],97,-1,129,-1,111
1,<environment.Job instance at 0x7efe61befd20>,99,14,[8 5],100,-1,127,-1,113
1,<environment.Job instance at 0x7efe60df62d0>,61,14,[ 1 10],62,-1,127,-1,113
1,<environment.Job instance at 0x7efe61bef550>,100,25,[9 4],101,-1,139,-1,114
1,<environment.Job instance at 0x7efe61bef690>,98,14,[9 5],99,-1,129,-1,115
1,<environment.Job instance at 0x7efe6a8c0320>,106,13,[5 9],107,-1,128,-1,115
1,<environment.Job instance at 0x7efe620d75f0>,107,27,[2 9],108,-1,142,-1,115
1,<environment.Job instance at 0x7efe62220a00>,108,26,[4 9],109,-1,141,-1,115
1,<environment.Job instance at 0x7efe6aa78370>,110,18,[5 4],111,-1,133,-1,115
1,<environment.Job instance at 0x7efe61bef0f0>,104,28,[ 5 10],105,-1,143,-1,115
1,<environment.Job instance at 0x7efe61befa00>,97,17,[5 5],98,-1,132,-1,115
1,<environment.Job instance at 0x7efe620d5b40>,114,16,[8 1],115,-1,131,-1,115
1,<environment.Job instance at 0x7efe618165f0>,111,14,[8 4],112,-1,130,-1,116
1,<environment.Job instance at 0x7efe61622dc0>,116,16,[ 5 12],117,-1,141,-1,125
1,<environment.Job instance at 0x7efe61328370>,122,22,[5 4],123,-1,147,-1,125
1,<environment.Job instance at 0x7efe6a8568c0>,124,13,[5 8],125,-1,139,-1,126
1,<environment.Job instance at 0x7efe621c8140>,125,13,[5 5],126,-1,139,-1,126
1,<environment.Job instance at 0x7efe6162f640>,126,18,[1 5],127,-1,145,-1,127
1,<environment.Job instance at 0x7efe60deebe0>,120,12,[2 6],121,-1,140,-1,128
1,<environment.Job instance at 0x7efe612fb230>,128,17,[7 5],129,-1,146,-1,129
1,<environment.Job instance at 0x7efe612fb410>,129,13,[4 8],130,-1,144,-1,131
1,<environment.Job instance at 0x7efe60ec0d70>,131,16,[2 5],132,-1,149,-1,133
1,<environment.Job instance at 0x7efe6162f910>,130,17,[10  1],131,-1,150,-1,133
1,<environment.Job instance at 0x7efe612cf8c0>,133,16,[1 5],134,-1,152,-1,136
1,<environment.Job instance at 0x7efe619e9280>,139,16,[5 6],140,-1,160,-1,144
1,<environment.Job instance at 0x7efe61e6d370>,141,18,[4 9],142,-1,164,-1,146
1,<environment.Job instance at 0x7efe61e6db90>,140,18,[4 5],141,-1,164,-1,146
1,<environment.Job instance at 0x7efe610492d0>,144,19,[2 5],145,-1,165,-1,146
1,<environment.Job instance at 0x7efe610640f0>,5,3,[14  4],6,-1,9,-1,6
1,<environment.Job instance at 0x7efe61c10cd0>,6,17,[ 1 13],7,-1,24,-1,7
1,<environment.Job instance at 0x7efe61064050>,7,18,[ 3 12],8,-1,26,-1,8
1,<environment.Job instance at 0x7efe62006230>,11,2,[11  4],12,-1,14,-1,12
1,<environment.Job instance at 0x7efe611f2140>,18,22,[ 1 13],19,-1,47,-1,25
1,<environment.Job instance at 0x7efe61e689b0>,28,2,[11  2],29,-1,67,-1,65
1,<environment.Job instance at 0x7efe62250af0>,29,23,[4 9],30,-1,88,-1,65
1,<environment.Job instance at 0x7efe61e68410>,32,13,[14  2],33,-1,79,-1,66
1,<environment.Job instance at 0x7efe6164a410>,50,2,[ 4 14],51,-1,137,-1,135
1,<environment.Job instance at 0x7efe60af7dc0>,4,22,[1 8],5,-1,27,-1,5
1,<environment.Job instance at 0x7efe60af7780>,5,18,[ 2 10],6,-1,24,-1,6
1,<environment.Job instance at 0x7efe60dc1370>,9,17,[9 1],10,-1,28,-1,11
1,<environment.Job instance at 0x7efe60dc1140>,12,26,[1 5],13,-1,39,-1,13
1,<environment.Job instance at 0x7efe60dc1730>,13,17,[ 4 10],14,-1,31,-1,14
1,<environment.Job instance at 0x7efe60dc12d0>,14,15,[5 3],15,-1,30,-1,15
1,<environment.Job instance at 0x7efe60dc1500>,15,15,[8 3],16,-1,31,-1,16
1,<environment.Job instance at 0x7efe60dc1cd0>,17,12,[9 2],18,-1,30,-1,18
1,<environment.Job instance at 0x7efe60dc14b0>,20,13,[10  5],21,-1,34,-1,21
1,<environment.Job instance at 0x7efe60dc1c80>,22,22,[5 3],23,-1,45,-1,23
1,<environment.Job instance at 0x7efe60b8d6e0>,24,15,[4 7],25,-1,40,-1,25
1,<environment.Job instance at 0x7efe60b8d5f0>,27,24,[2 8],28,-1,52,-1,28
1,<environment.Job instance at 0x7efe60b8db90>,31,16,[4 9],32,-1,48,-1,32
1,<environment.Job instance at 0x7efe60b8dfa0>,33,26,[1 8],34,-1,60,-1,34
1,<environment.Job instance at 0x7efe60aeb050>,41,23,[9 4],42,-1,68,-1,45
1,<environment.Job instance at 0x7efe60aeb910>,46,16,[9 3],47,-1,63,-1,47
1,<environment.Job instance at 0x7efe60aeb550>,44,14,[2 7],45,-1,69,-1,55
1,<environment.Job instance at 0x7efe60b8d230>,36,18,[7 1],37,-1,75,-1,57
1,<environment.Job instance at 0x7efe60aebc80>,50,17,[4 7],51,-1,75,-1,58
1,<environment.Job instance at 0x7efe60b8dbe0>,39,15,[ 1 14],40,-1,73,-1,58
1,<environment.Job instance at 0x7efe60aea550>,57,17,[4 6],58,-1,76,-1,59
1,<environment.Job instance at 0x7efe620f6320>,58,3,[5 9],59,-1,67,-1,64
1,<environment.Job instance at 0x7efe60aeb780>,42,13,[1 9],43,-1,78,-1,65
1,<environment.Job instance at 0x7efe60af74b0>,10,16,[4 8],11,-1,82,-1,66
1,<environment.Job instance at 0x7efe61c80320>,60,18,[3 6],61,-1,86,-1,68
1,<environment.Job instance at 0x7efe61c80af0>,64,12,[10  3],65,-1,80,-1,68
1,<environment.Job instance at 0x7efe6ad460f0>,67,13,[7 1],68,-1,81,-1,68
1,<environment.Job instance at 0x7efe61c80640>,63,13,[6 4],64,-1,84,-1,71
1,<environment.Job instance at 0x7efe61c80410>,69,12,[4 8],70,-1,85,-1,73
1,<environment.Job instance at 0x7efe60aeb0f0>,51,14,[3 5],52,-1,87,-1,73
1,<environment.Job instance at 0x7efe61c806e0>,66,16,[2 7],67,-1,89,-1,73
1,<environment.Job instance at 0x7efe60a83aa0>,74,17,[10  5],75,-1,92,-1,75
1,<environment.Job instance at 0x7efe6127a3c0>,85,17,[ 5 10],86,-1,116,-1,99
1,<environment.Job instance at 0x7efe621ffcd0>,72,12,[1 7],73,-1,111,-1,99
1,<environment.Job instance at 0x7efe61e60be0>,77,16,[11  5],78,-1,115,-1,99
1,<environment.Job instance at 0x7efe60f7c1e0>,78,13,[3 6],79,-1,112,-1,99
1,<environment.Job instance at 0x7efe6163fd70>,90,15,[6 2],91,-1,114,-1,99
1,<environment.Job instance at 0x7efe618f5dc0>,92,16,[5 3],93,-1,120,-1,104
1,<environment.Job instance at 0x7efe618f5aa0>,93,16,[9 5],94,-1,120,-1,104
1,<environment.Job instance at 0x7efe618f55a0>,94,16,[8 5],95,-1,121,-1,105
1,<environment.Job instance at 0x7efe60faa6e0>,97,14,[ 5 10],98,-1,119,-1,105
1,<environment.Job instance at 0x7efe60faaf00>,99,16,[6 2],100,-1,122,-1,106
1,<environment.Job instance at 0x7efe60faa320>,102,16,[9 3],103,-1,130,-1,114
1,<environment.Job instance at 0x7efe60eabf00>,3,23,[1 7],4,-1,27,-1,4
1,<environment.Job instance at 0x7efe60ea81e0>,8,13,[14  3],9,-1,22,-1,9
1,<environment.Job instance at 0x7efe61e55c80>,12,26,[1 5],13,-1,39,-1,13
1,<environment.Job instance at 0x7efe60eb7780>,27,24,[2 8],28,-1,94,-1,70
1,<environment.Job instance at 0x7efe61a72460>,29,13,[14  2],30,-1,83,-1,70
1,<environment.Job instance at 0x7efe60e99c80>,33,26,[1 8],34,-1,116,-1,90
1,<environment.Job instance at 0x7efe61cb9460>,39,15,[ 1 14],40,-1,118,-1,103
1,<environment.Job instance at 0x7efe60bcb690>,41,23,[9 4],42,-1,131,-1,108
1,<environment.Job instance at 0x7efe61143f50>,10,17,[5 9],11,-1,28,-1,11
1,<environment.Job instance at 0x7efe61143320>,11,17,[9 4],12,-1,32,-1,15
1,<environment.Job instance at 0x7efe621ddaa0>,16,16,[3 8],17,-1,33,-1,17
1,<environment.Job instance at 0x7efe621dd0f0>,17,18,[ 5 10],18,-1,36,-1,18
1,<environment.Job instance at 0x7efe621dd4b0>,18,15,[1 8],19,-1,34,-1,19
1,<environment.Job instance at 0x7efe621ddfa0>,21,2,[6 2],22,-1,24,-1,22
1,<environment.Job instance at 0x7efe621ddb40>,14,14,[9 5],15,-1,36,-1,22
1,<environment.Job instance at 0x7efe621dd050>,22,12,[10  2],23,-1,35,-1,23
1,<environment.Job instance at 0x7efe619f65f0>,24,18,[ 2 10],25,-1,43,-1,25
1,<environment.Job instance at 0x7efe619f6140>,25,14,[8 4],26,-1,40,-1,26
1,<environment.Job instance at 0x7efe619f64b0>,26,18,[ 2 10],27,-1,45,-1,27
1,<environment.Job instance at 0x7efe619f6870>,27,18,[5 9],28,-1,46,-1,28
1,<environment.Job instance at 0x7efe619f6280>,31,14,[4 9],32,-1,47,-1,33
1,<environment.Job instance at 0x7efe619f6500>,34,15,[2 5],35,-1,50,-1,35
1,<environment.Job instance at 0x7efe619f6c30>,38,25,[5 5],39,-1,64,-1,39
1,<environment.Job instance at 0x7efe61d8d460>,46,15,[2 7],47,-1,63,-1,48
1,<environment.Job instance at 0x7efe61d8d190>,47,16,[3 5],48,-1,64,-1,48
1,<environment.Job instance at 0x7efe61d8dd70>,48,17,[2 7],49,-1,66,-1,49
1,<environment.Job instance at 0x7efe61d8dcd0>,49,16,[8 5],50,-1,66,-1,50
1,<environment.Job instance at 0x7efe61d8d3c0>,50,22,[4 6],51,-1,73,-1,51
1,<environment.Job instance at 0x7efe61d8d0f0>,52,18,[5 6],53,-1,71,-1,53
1,<environment.Job instance at 0x7efe619f60a0>,32,16,[6 2],33,-1,70,-1,54
1,<environment.Job instance at 0x7efe61d8df50>,53,14,[4 8],54,-1,69,-1,55
1,<environment.Job instance at 0x7efe61d8d4b0>,43,12,[1 8],44,-1,69,-1,57
1,<environment.Job instance at 0x7efe61f6bd70>,55,17,[3 9],56,-1,74,-1,57
1,<environment.Job instance at 0x7efe61eaa280>,6,1,[14  4],7,-1,8,-1,7
1,<environment.Job instance at 0x7efe61eaa910>,7,17,[13  5],8,-1,25,-1,8
1,<environment.Job instance at 0x7efe60f71d20>,38,25,[5 5],39,-1,152,-1,127
1,<environment.Job instance at 0x7efe6153afa0>,40,18,[14  5],41,-1,145,-1,127
1,<environment.Job instance at 0x7efe6112d5f0>,41,15,[ 1 12],42,-1,142,-1,127
1,<environment.Job instance at 0x7efe61853af0>,0,26,[9 4],1,-1,27,-1,1
1,<environment.Job instance at 0x7efe6097e910>,3,18,[10  5],4,-1,22,-1,4
1,<environment.Job instance at 0x7efe62043370>,14,17,[9 5],15,-1,32,-1,15
1,<environment.Job instance at 0x7efe62043050>,20,22,[1 9],21,-1,43,-1,21
1,<environment.Job instance at 0x7efe62043e10>,15,14,[2 9],16,-1,39,-1,25
1,<environment.Job instance at 0x7efe61bc52d0>,29,17,[8 4],30,-1,47,-1,30
1,<environment.Job instance at 0x7efe61bc5780>,31,16,[2 6],32,-1,48,-1,32
1,<environment.Job instance at 0x7efe61bc5f00>,35,17,[1 8],36,-1,53,-1,36
1,<environment.Job instance at 0x7efe61e4faf0>,0,26,[9 4],1,-1,27,-1,1
1,<environment.Job instance at 0x7efe61e99fa0>,5,14,[13  2],6,-1,20,-1,6
1,<environment.Job instance at 0x7efe60bcab90>,8,24,[8 3],9,-1,48,-1,24
1,<environment.Job instance at 0x7efe60eb62d0>,28,2,[ 4 12],29,-1,51,-1,49
1,<environment.Job instance at 0x7efe61eaef00>,33,26,[2 9],34,-1,107,-1,81
1,<environment.Job instance at 0x7efe61eae370>,36,13,[12  4],37,-1,101,-1,88
1,<environment.Job instance at 0x7efe61503870>,41,17,[13  5],42,-1,122,-1,105
1,<environment.Job instance at 0x7efe6131b5a0>,0,17,[2 8],1,-1,21,-1,4
1,<environment.Job instance at 0x7efe6131bfa0>,4,16,[6 3],5,-1,21,-1,5
1,<environment.Job instance at 0x7efe6131b410>,8,16,[10  3],9,-1,25,-1,9
1,<environment.Job instance at 0x7efe6131bc30>,9,15,[9 3],10,-1,26,-1,11
1,<environment.Job instance at 0x7efe6131b820>,12,22,[6 2],13,-1,48,-1,26
1,<environment.Job instance at 0x7efe6131bc80>,2,12,[10  3],3,-1,38,-1,26
1,<environment.Job instance at 0x7efe6131b9b0>,15,1,[9 4],16,-1,27,-1,26
1,<environment.Job instance at 0x7efe6131b6e0>,13,16,[4 9],14,-1,42,-1,26
1,<environment.Job instance at 0x7efe6195fdc0>,22,17,[1 6],23,-1,43,-1,26
1,<environment.Job instance at 0x7efe6131b230>,18,12,[ 3 10],19,-1,38,-1,26
1,<environment.Job instance at 0x7efe6195f730>,23,21,[7 4],24,-1,47,-1,26
1,<environment.Job instance at 0x7efe6195fcd0>,25,15,[ 5 11],26,-1,41,-1,26
1,<environment.Job instance at 0x7efe6a8b2f50>,34,20,[5 9],35,-1,55,-1,35
1,<environment.Job instance at 0x7efe61e40f00>,31,16,[ 2 10],32,-1,54,-1,38
1,<environment.Job instance at 0x7efe6a8b2fa0>,38,18,[5 6],39,-1,57,-1,39
1,<environment.Job instance at 0x7efe6a8b2d70>,39,27,[5 9],40,-1,67,-1,40
1,<environment.Job instance at 0x7efe6a8b2cd0>,37,15,[1 7],38,-1,60,-1,45
1,<environment.Job instance at 0x7efe6a7f9b90>,44,16,[5 6],45,-1,62,-1,46
1,<environment.Job instance at 0x7efe6a7f9820>,45,16,[10  2],46,-1,66,-1,50
1,<environment.Job instance at 0x7efe6a7f9640>,50,20,[5 8],51,-1,71,-1,51
1,<environment.Job instance at 0x7efe61481780>,56,18,[3 5],57,-1,76,-1,58
1,<environment.Job instance at 0x7efe614813c0>,58,14,[7 5],59,-1,75,-1,61
1,<environment.Job instance at 0x7efe61481f50>,59,14,[ 1 13],60,-1,76,-1,62
1,<environment.Job instance at 0x7efe6131b7d0>,14,23,[6 5],15,-1,85,-1,62
1,<environment.Job instance at 0x7efe60f21e60>,62,16,[11  5],63,-1,79,-1,63
1,<environment.Job instance at 0x7efe60e489b0>,64,18,[3 8],65,-1,84,-1,66
1,<environment.Job instance at 0x7efe614b2460>,66,14,[3 9],67,-1,84,-1,70
1,<environment.Job instance at 0x7efe6a8b2f00>,43,28,[3 5],44,-1,98,-1,70
1,<environment.Job instance at 0x7efe6222a910>,70,14,[5 5],71,-1,85,-1,71
1,<environment.Job instance at 0x7efe6222aa00>,71,17,[2 9],72,-1,93,-1,76
1,<environment.Job instance at 0x7efe6222f9b0>,68,13,[5 9],69,-1,90,-1,77
1,<environment.Job instance at 0x7efe615c20a0>,84,18,[6 3],85,-1,104,-1,86
1,<environment.Job instance at 0x7efe61de7780>,85,23,[7 4],86,-1,109,-1,86
1,<environment.Job instance at 0x7efe60b097d0>,86,23,[5 6],87,-1,110,-1,87
1,<environment.Job instance at 0x7efe622a1b40>,87,16,[2 6],88,-1,104,-1,88
1,<environment.Job instance at 0x7efe60e2f870>,88,25,[ 5 10],89,-1,114,-1,89
1,<environment.Job instance at 0x7efe622a1690>,90,17,[6 4],91,-1,115,-1,98
1,<environment.Job instance at 0x7efe60dee140>,78,14,[7 3],79,-1,125,-1,111
1,<environment.Job instance at 0x7efe61b461e0>,95,15,[9 5],96,-1,126,-1,111
1,<environment.Job instance at 0x7efe6191b370>,97,26,[ 2 10],98,-1,138,-1,112
1,<environment.Job instance at 0x7efe60e2f6e0>,92,18,[9 5],93,-1,130,-1,112
1,<environment.Job instance at 0x7efe61b465a0>,93,17,[5 1],94,-1,129,-1,112
1,<environment.Job instance at 0x7efe609f1780>,100,13,[6 5],101,-1,125,-1,112
1,<environment.Job instance at 0x7efe609f1410>,101,16,[8 5],102,-1,128,-1,112
1,<environment.Job instance at 0x7efe609f1a50>,103,17,[ 5 12],104,-1,129,-1,112
1,<environment.Job instance at 0x7efe609f1e10>,104,17,[5 7],105,-1,129,-1,112
1,<environment.Job instance at 0x7efe609f1140>,105,12,[5 1],106,-1,124,-1,112
1,<environment.Job instance at 0x7efe609f1050>,98,14,[3 8],99,-1,126,-1,112
1,<environment.Job instance at 0x7efe609f18c0>,108,15,[6 1],109,-1,127,-1,112
1,<environment.Job instance at 0x7efe61010550>,110,12,[6 1],111,-1,126,-1,114
1,<environment.Job instance at 0x7efe60a64be0>,114,12,[ 4 10],115,-1,127,-1,115
1,<environment.Job instance at 0x7efe60a64b40>,115,15,[8 2],116,-1,131,-1,116
1,<environment.Job instance at 0x7efe60a64280>,113,20,[5 2],114,-1,136,-1,116
1,<environment.Job instance at 0x7efe60a64230>,119,14,[8 5],120,-1,136,-1,122
1,<environment.Job instance at 0x7efe6230c410>,121,18,[6 1],122,-1,140,-1,122
1,<environment.Job instance at 0x7efe61545c80>,123,14,[2 9],124,-1,139,-1,125
1,<environment.Job instance at 0x7efe61545d20>,124,12,[9 4],125,-1,141,-1,129
1,<environment.Job instance at 0x7efe60e23780>,131,27,[8 1],132,-1,160,-1,133
1,<environment.Job instance at 0x7efe60bcce10>,136,17,[3 8],137,-1,155,-1,138
1,<environment.Job instance at 0x7efe60bccc80>,139,18,[5 2],140,-1,166,-1,148
1,<environment.Job instance at 0x7efe6153aeb0>,130,25,[8 3],131,-1,174,-1,149
1,<environment.Job instance at 0x7efe60bcc320>,137,27,[2 6],138,-1,176,-1,149
1,<environment.Job instance at 0x7efe619461e0>,145,18,[5 5],146,-1,167,-1,149
1,<environment.Job instance at 0x7efe613d80a0>,142,13,[9 4],143,-1,162,-1,149
1,<environment.Job instance at 0x7efe61062500>,147,26,[ 5 10],148,-1,175,-1,149
1,<environment.Job instance at 0x7efe6ad99fa0>,148,14,[3 7],149,-1,163,-1,149
1,<environment.Job instance at 0x7efe610ac190>,146,14,[10  1],147,-1,163,-1,149
1,<environment.Job instance at 0x7efe6a862910>,14,23,[6 5],15,-1,55,-1,32
1,<environment.Job instance at 0x7efe6215af50>,25,15,[ 5 11],26,-1,81,-1,66
1,<environment.Job instance at 0x7efe6216faa0>,30,26,[5 7],31,-1,98,-1,72
1,<environment.Job instance at 0x7efe610487d0>,39,27,[5 9],40,-1,118,-1,91
1,<environment.Job instance at 0x7efe620ba140>,43,28,[3 5],44,-1,134,-1,106
1,<environment.Job instance at 0x7efe620efcd0>,42,26,[ 1 10],43,-1,158,-1,132
1,<environment.Job instance at 0x7efe620c4960>,59,14,[ 1 13],60,-1,160,-1,146
1,<environment.Job instance at 0x7efe61e13fa0>,62,16,[11  5],63,-1,163,-1,147
1,<environment.Job instance at 0x7efe60b58870>,0,17,[4 8],1,-1,18,-1,1
1,<environment.Job instance at 0x7efe60b580f0>,1,17,[3 6],2,-1,19,-1,2
1,<environment.Job instance at 0x7efe60b58730>,2,17,[ 4 10],3,-1,21,-1,4
1,<environment.Job instance at 0x7efe61072500>,9,18,[5 5],10,-1,28,-1,10
1,<environment.Job instance at 0x7efe61072370>,11,18,[5 5],12,-1,30,-1,12
1,<environment.Job instance at 0x7efe61072cd0>,12,28,[5 1],13,-1,41,-1,13
1,<environment.Job instance at 0x7efe61072c30>,16,17,[3 7],17,-1,34,-1,17
1,<environment.Job instance at 0x7efe61072690>,21,17,[ 4 10],22,-1,39,-1,22
1,<environment.Job instance at 0x7efe6a881eb0>,24,23,[2 9],25,-1,48,-1,25
1,<environment.Job instance at 0x7efe6a881a00>,25,18,[5 3],26,-1,44,-1,26
1,<environment.Job instance at 0x7efe6a881640>,32,16,[9 2],33,-1,49,-1,33
1,<environment.Job instance at 0x7efe6a881d70>,33,15,[5 8],34,-1,49,-1,34
1,<environment.Job instance at 0x7efe6a8811e0>,38,26,[2 5],39,-1,65,-1,39
1,<environment.Job instance at 0x7efe60e2d7d0>,39,28,[4 8],40,-1,68,-1,40
1,<environment.Job instance at 0x7efe60e2da50>,40,28,[1 5],41,-1,69,-1,41
1,<environment.Job instance at 0x7efe60e2d320>,43,13,[10  1],44,-1,57,-1,44
1,<environment.Job instance at 0x7efe60e2dcd0>,46,22,[7 4],47,-1,69,-1,47
1,<environment.Job instance at 0x7efe60e2d0a0>,48,18,[5 5],49,-1,67,-1,49
1,<environment.Job instance at 0x7efe60e2d410>,49,15,[3 6],50,-1,65,-1,50
1,<environment.Job instance at 0x7efe6121f730>,58,14,[9 3],59,-1,77,-1,63
1,<environment.Job instance at 0x7efe6121f2d0>,64,16,[5 8],65,-1,81,-1,65
1,<environment.Job instance at 0x7efe6121f0f0>,65,16,[2 7],66,-1,82,-1,66
1,<environment.Job instance at 0x7efe6121faa0>,67,12,[10  4],68,-1,83,-1,71
1,<environment.Job instance at 0x7efe6121f500>,70,13,[8 2],71,-1,84,-1,71
1,<environment.Job instance at 0x7efe61229910>,74,13,[6 5],75,-1,88,-1,75
1,<environment.Job instance at 0x7efe61229190>,73,15,[3 5],74,-1,91,-1,76
1,<environment.Job instance at 0x7efe6121f0a0>,62,18,[7 2],63,-1,94,-1,76
1,<environment.Job instance at 0x7efe612295a0>,76,20,[10  4],77,-1,97,-1,77
1,<environment.Job instance at 0x7efe612290f0>,79,13,[3 6],80,-1,94,-1,81
1,<environment.Job instance at 0x7efe61238730>,85,17,[5 8],86,-1,103,-1,86
1,<environment.Job instance at 0x7efe6123b320>,91,12,[9 4],92,-1,104,-1,92
1,<environment.Job instance at 0x7efe6123bc80>,90,16,[8 2],91,-1,108,-1,92
1,<environment.Job instance at 0x7efe60e2d230>,47,28,[ 1 10],48,-1,129,-1,101
1,<environment.Job instance at 0x7efe6123b640>,92,17,[5 5],93,-1,120,-1,103
1,<environment.Job instance at 0x7efe6123b460>,99,15,[10  5],100,-1,118,-1,103
1,<environment.Job instance at 0x7efe6123b690>,93,24,[9 2],94,-1,127,-1,103
1,<environment.Job instance at 0x7efe60e4f0a0>,101,24,[2 6],102,-1,130,-1,106
1,<environment.Job instance at 0x7efe6123b230>,94,13,[6 5],95,-1,119,-1,106
1,<environment.Job instance at 0x7efe621a4be0>,103,13,[7 3],104,-1,119,-1,106
1,<environment.Job instance at 0x7efe6121fdc0>,69,16,[ 3 10],70,-1,123,-1,107
1,<environment.Job instance at 0x7efe61d68870>,102,15,[4 9],103,-1,123,-1,108
1,<environment.Job instance at 0x7efe61223690>,54,18,[ 2 10],55,-1,127,-1,109
1,<environment.Job instance at 0x7efe60e3fe10>,107,3,[3 5],108,-1,112,-1,109
1,<environment.Job instance at 0x7efe61e45dc0>,109,16,[ 1 10],110,-1,126,-1,110
1,<environment.Job instance at 0x7efe60e3feb0>,110,3,[ 5 10],111,-1,114,-1,111
1,<environment.Job instance at 0x7efe60e3faa0>,106,15,[6 4],107,-1,126,-1,111
1,<environment.Job instance at 0x7efe60db3730>,113,21,[5 4],114,-1,135,-1,114
1,<environment.Job instance at 0x7efe61f8f460>,114,17,[11  5],115,-1,132,-1,115
1,<environment.Job instance at 0x7efe61733a50>,116,12,[10  3],117,-1,132,-1,120
1,<environment.Job instance at 0x7efe62246af0>,121,12,[4 6],122,-1,134,-1,122
1,<environment.Job instance at 0x7efe62246230>,122,18,[10  3],123,-1,141,-1,123
1,<environment.Job instance at 0x7efe60eee7d0>,124,24,[5 8],125,-1,149,-1,125
1,<environment.Job instance at 0x7efe60a07d20>,126,24,[10  2],127,-1,151,-1,127
1,<environment.Job instance at 0x7efe60eee8c0>,127,18,[3 8],128,-1,146,-1,128
1,<environment.Job instance at 0x7efe60b7fc80>,128,1,[2 6],129,-1,130,-1,129
1,<environment.Job instance at 0x7efe60b7f5a0>,129,12,[1 5],130,-1,142,-1,130
1,<environment.Job instance at 0x7efe6222f500>,133,17,[7 2],134,-1,151,-1,134
1,<environment.Job instance at 0x7efe6222f870>,134,18,[1 8],135,-1,153,-1,135
1,<environment.Job instance at 0x7efe6222f730>,136,23,[9 5],137,-1,160,-1,137
1,<environment.Job instance at 0x7efe6222fe60>,137,18,[1 8],138,-1,156,-1,138
1,<environment.Job instance at 0x7efe622240a0>,139,17,[6 3],140,-1,157,-1,140
1,<environment.Job instance at 0x7efe62224c80>,142,18,[1 6],143,-1,161,-1,143
1,<environment.Job instance at 0x7efe62224be0>,143,17,[10  3],144,-1,161,-1,144
1,<environment.Job instance at 0x7efe62224550>,145,16,[7 4],146,-1,162,-1,146
1,<environment.Job instance at 0x7efe61995af0>,146,13,[4 6],147,-1,160,-1,147
1,<environment.Job instance at 0x7efe6a87e5a0>,4,1,[ 1 11],5,-1,6,-1,5
1,<environment.Job instance at 0x7efe60f48d70>,5,1,[ 3 14],6,-1,7,-1,6
1,<environment.Job instance at 0x7efe60f10910>,12,28,[5 1],13,-1,48,-1,20
1,<environment.Job instance at 0x7efe60f42c80>,19,13,[ 1 13],20,-1,55,-1,42
1,<environment.Job instance at 0x7efe61777730>,24,23,[2 9],25,-1,70,-1,47
1,<environment.Job instance at 0x7efe61777460>,26,3,[14  4],27,-1,50,-1,47
1,<environment.Job instance at 0x7efe60f16820>,38,26,[2 5],39,-1,123,-1,97
1,<environment.Job instance at 0x7efe61032e10>,40,28,[1 5],41,-1,128,-1,100
1,<environment.Job instance at 0x7efe61032e60>,39,28,[4 8],40,-1,138,-1,110
1,<environment.Job instance at 0x7efe60e826e0>,47,28,[ 1 10],48,-1,146,-1,118
1,<environment.Job instance at 0x7efe61e35730>,3,27,[5 6],4,-1,31,-1,4
1,<environment.Job instance at 0x7efe60eea460>,17,18,[4 5],18,-1,37,-1,19
1,<environment.Job instance at 0x7efe60eea960>,19,17,[7 5],20,-1,37,-1,20
1,<environment.Job instance at 0x7efe60eea410>,18,15,[5 4],19,-1,35,-1,20
1,<environment.Job instance at 0x7efe60eeabe0>,25,27,[4 6],26,-1,70,-1,43
1,<environment.Job instance at 0x7efe60eea2d0>,23,18,[1 8],24,-1,61,-1,43
1,<environment.Job instance at 0x7efe60eea500>,24,17,[3 6],25,-1,60,-1,43
1,<environment.Job instance at 0x7efe60ef7aa0>,29,17,[7 1],30,-1,60,-1,43
1,<environment.Job instance at 0x7efe60ef7e10>,34,2,[9 3],35,-1,45,-1,43
1,<environment.Job instance at 0x7efe60ef76e0>,30,16,[10  3],31,-1,59,-1,43
1,<environment.Job instance at 0x7efe60ef7a50>,39,13,[4 9],40,-1,56,-1,43
1,<environment.Job instance at 0x7efe60f9f1e0>,40,14,[11  5],41,-1,57,-1,43
1,<environment.Job instance at 0x7efe60f9fa50>,41,13,[ 1 10],42,-1,56,-1,43
1,<environment.Job instance at 0x7efe60f9f500>,42,17,[3 8],43,-1,60,-1,43
1,<environment.Job instance at 0x7efe61e35d70>,11,12,[10  1],12,-1,55,-1,43
1,<environment.Job instance at 0x7efe60f9f780>,43,14,[4 9],44,-1,58,-1,44
1,<environment.Job instance at 0x7efe60f9f9b0>,44,28,[4 7],45,-1,73,-1,45
1,<environment.Job instance at 0x7efe60f9fdc0>,45,13,[ 3 10],46,-1,64,-1,51
1,<environment.Job instance at 0x7efe612df780>,49,18,[8 2],50,-1,69,-1,51
1,<environment.Job instance at 0x7efe622eceb0>,50,24,[9 4],51,-1,75,-1,51
1,<environment.Job instance at 0x7efe60f9f4b0>,48,14,[10  3],49,-1,65,-1,51
1,<environment.Job instance at 0x7efe622ec870>,51,17,[5 4],52,-1,72,-1,55
1,<environment.Job instance at 0x7efe622ecd70>,59,15,[ 4 10],60,-1,84,-1,69
1,<environment.Job instance at 0x7efe622ecaf0>,61,16,[12  1],62,-1,85,-1,69
1,<environment.Job instance at 0x7efe622eca50>,60,17,[3 8],61,-1,86,-1,69
1,<environment.Job instance at 0x7efe622eca00>,56,18,[10  1],57,-1,87,-1,69
1,<environment.Job instance at 0x7efe622ec140>,62,1,[7 3],63,-1,78,-1,77
1,<environment.Job instance at 0x7efe622ec910>,63,17,[7 3],64,-1,94,-1,77
1,<environment.Job instance at 0x7efe61501960>,67,18,[3 9],68,-1,95,-1,77
1,<environment.Job instance at 0x7efe60eea6e0>,26,15,[8 5],27,-1,92,-1,77
1,<environment.Job instance at 0x7efe61501e60>,73,17,[10  3],74,-1,103,-1,86
1,<environment.Job instance at 0x7efe61501280>,74,15,[6 3],75,-1,101,-1,86
1,<environment.Job instance at 0x7efe615019b0>,76,16,[2 9],77,-1,103,-1,87
1,<environment.Job instance at 0x7efe60b5c370>,77,22,[10  4],78,-1,109,-1,87
1,<environment.Job instance at 0x7efe60b5ca50>,78,21,[7 1],79,-1,108,-1,87
1,<environment.Job instance at 0x7efe60b5ca00>,82,21,[5 3],83,-1,109,-1,88
1,<environment.Job instance at 0x7efe60b5c6e0>,84,15,[4 8],85,-1,103,-1,88
1,<environment.Job instance at 0x7efe6126b370>,93,17,[6 4],94,-1,124,-1,107
1,<environment.Job instance at 0x7efe612391e0>,3,27,[5 6],4,-1,31,-1,4
1,<environment.Job instance at 0x7efe617b7550>,6,16,[ 3 11],7,-1,23,-1,7
1,<environment.Job instance at 0x7efe6103eeb0>,8,25,[11  1],9,-1,34,-1,9
1,<environment.Job instance at 0x7efe6a81e320>,20,18,[12  3],21,-1,39,-1,21
1,<environment.Job instance at 0x7efe61b3a960>,14,27,[3 8],15,-1,62,-1,35
1,<environment.Job instance at 0x7efe622fbcd0>,25,27,[4 6],26,-1,75,-1,48
1,<environment.Job instance at 0x7efe614b6cd0>,40,14,[11  5],41,-1,111,-1,97
1,<environment.Job instance at 0x7efe6aee5d20>,44,28,[4 7],45,-1,154,-1,126
1,<environment.Job instance at 0x7efe60f48320>,50,24,[9 4],51,-1,172,-1,148
1,<environment.Job instance at 0x7efe6a87eeb0>,53,2,[12  3],54,-1,150,-1,148
1,<environment.Job instance at 0x7efe60e13730>,5,17,[4 6],6,-1,23,-1,6
1,<environment.Job instance at 0x7efe60e13690>,6,15,[10  5],7,-1,28,-1,13
1,<environment.Job instance at 0x7efe622f35a0>,12,17,[ 1 10],13,-1,30,-1,13
1,<environment.Job instance at 0x7efe622f3690>,15,15,[7 1],16,-1,31,-1,16
1,<environment.Job instance at 0x7efe60f6b410>,16,15,[5 5],17,-1,32,-1,17
1,<environment.Job instance at 0x7efe60f6b460>,17,17,[9 4],18,-1,35,-1,18
1,<environment.Job instance at 0x7efe60f6b640>,18,12,[3 7],19,-1,31,-1,19
1,<environment.Job instance at 0x7efe60f6baa0>,20,18,[2 9],21,-1,39,-1,21
1,<environment.Job instance at 0x7efe60f6bb40>,22,16,[2 8],23,-1,39,-1,23
1,<environment.Job instance at 0x7efe622dd3c0>,24,14,[7 2],25,-1,44,-1,30
1,<environment.Job instance at 0x7efe60dfc870>,30,16,[1 9],31,-1,47,-1,31
1,<environment.Job instance at 0x7efe60dfcb90>,31,12,[6 3],32,-1,44,-1,32
1,<environment.Job instance at 0x7efe60dfcd70>,32,16,[5 3],33,-1,49,-1,33
1,<environment.Job instance at 0x7efe60dfc5a0>,33,15,[9 4],34,-1,49,-1,34
1,<environment.Job instance at 0x7efe61cf46e0>,37,12,[ 2 10],38,-1,50,-1,38
1,<environment.Job instance at 0x7efe61cda190>,38,22,[ 3 10],39,-1,61,-1,39
1,<environment.Job instance at 0x7efe61cda280>,39,12,[7 5],40,-1,52,-1,40
1,<environment.Job instance at 0x7efe618038c0>,41,14,[ 5 10],42,-1,56,-1,42
1,<environment.Job instance at 0x7efe61c87500>,42,17,[5 8],43,-1,60,-1,43
1,<environment.Job instance at 0x7efe61e20c30>,43,14,[5 7],44,-1,58,-1,44
1,<environment.Job instance at 0x7efe61e209b0>,44,19,[3 7],45,-1,64,-1,45
1,<environment.Job instance at 0x7efe61e20aa0>,45,12,[ 4 10],46,-1,58,-1,46
1,<environment.Job instance at 0x7efe61e205f0>,47,23,[3 5],48,-1,71,-1,48
1,<environment.Job instance at 0x7efe61e20280>,48,16,[1 9],49,-1,65,-1,49
1,<environment.Job instance at 0x7efe61e207d0>,50,28,[2 6],51,-1,79,-1,51
1,<environment.Job instance at 0x7efe622f63c0>,55,15,[4 9],56,-1,71,-1,56
1,<environment.Job instance at 0x7efe622f6960>,56,16,[6 2],57,-1,73,-1,57
1,<environment.Job instance at 0x7efe622f6820>,59,23,[8 2],60,-1,83,-1,60
1,<environment.Job instance at 0x7efe6099ea00>,61,16,[1 7],62,-1,78,-1,62
1,<environment.Job instance at 0x7efe60afc410>,63,19,[3 9],64,-1,83,-1,64
1,<environment.Job instance at 0x7efe622473c0>,65,17,[9 1],66,-1,83,-1,66
1,<environment.Job instance at 0x7efe616dbf50>,67,14,[5 6],68,-1,82,-1,68
1,<environment.Job instance at 0x7efe60e61eb0>,69,18,[5 3],70,-1,88,-1,70
1,<environment.Job instance at 0x7efe61150eb0>,71,20,[10  2],72,-1,92,-1,72
1,<environment.Job instance at 0x7efe610b41e0>,74,14,[ 3 10],75,-1,89,-1,75
1,<environment.Job instance at 0x7efe610b4c30>,75,15,[2 6],76,-1,91,-1,76
1,<environment.Job instance at 0x7efe610d5af0>,77,18,[1 8],78,-1,96,-1,78
1,<environment.Job instance at 0x7efe60e8cdc0>,80,18,[8 3],81,-1,99,-1,81
1,<environment.Job instance at 0x7efe619b32d0>,84,12,[4 5],85,-1,97,-1,85
1,<environment.Job instance at 0x7efe619b3690>,87,20,[1 5],88,-1,109,-1,89
1,<environment.Job instance at 0x7efe619b3d70>,89,27,[3 5],90,-1,117,-1,90
1,<environment.Job instance at 0x7efe60dfcfa0>,29,20,[7 2],30,-1,113,-1,93
1,<environment.Job instance at 0x7efe619cccd0>,97,17,[4 9],98,-1,115,-1,98
1,<environment.Job instance at 0x7efe619cc0a0>,100,23,[5 8],101,-1,131,-1,108
1,<environment.Job instance at 0x7efe622dde10>,26,13,[10  2],27,-1,123,-1,110
1,<environment.Job instance at 0x7efe619cc410>,99,13,[10  2],100,-1,124,-1,111
1,<environment.Job instance at 0x7efe619cc280>,104,18,[3 5],105,-1,129,-1,111
1,<environment.Job instance at 0x7efe610d2b90>,73,15,[ 3 14],74,-1,128,-1,113
1,<environment.Job instance at 0x7efe610b9af0>,109,13,[10  2],110,-1,129,-1,116
1,<environment.Job instance at 0x7efe619c0190>,110,12,[8 3],111,-1,128,-1,116
1,<environment.Job instance at 0x7efe619ccaf0>,102,17,[ 5 10],103,-1,134,-1,117
1,<environment.Job instance at 0x7efe610b95f0>,108,15,[8 2],109,-1,133,-1,118
1,<environment.Job instance at 0x7efe60917460>,4,12,[ 4 13],5,-1,17,-1,5
1,<environment.Job instance at 0x7efe60f44960>,10,2,[ 2 12],11,-1,13,-1,11
1,<environment.Job instance at 0x7efe6223d6e0>,11,13,[ 3 11],12,-1,25,-1,12
1,<environment.Job instance at 0x7efe6091b1e0>,25,1,[14  5],26,-1,60,-1,59
1,<environment.Job instance at 0x7efe6091beb0>,27,2,[ 5 12],28,-1,73,-1,71
1,<environment.Job instance at 0x7efe61ae5910>,35,2,[ 2 12],36,-1,107,-1,105
1,<environment.Job instance at 0x7efe615cb370>,40,13,[ 2 13],41,-1,131,-1,118
1,<environment.Job instance at 0x7efe61ad3e10>,47,23,[3 5],48,-1,170,-1,147
1,<environment.Job instance at 0x7efe61272140>,0,15,[8 2],1,-1,17,-1,2
1,<environment.Job instance at 0x7efe61272b40>,2,15,[9 5],3,-1,18,-1,3
1,<environment.Job instance at 0x7efe61272aa0>,3,13,[3 7],4,-1,17,-1,4
1,<environment.Job instance at 0x7efe61272d70>,4,1,[8 1],5,-1,6,-1,5
1,<environment.Job instance at 0x7efe61272550>,5,1,[10  4],6,-1,7,-1,6
1,<environment.Job instance at 0x7efe61272f00>,6,16,[ 5 10],7,-1,23,-1,7
1,<environment.Job instance at 0x7efe61272b90>,7,13,[10  3],8,-1,21,-1,8
1,<environment.Job instance at 0x7efe61272500>,8,18,[10  5],9,-1,27,-1,9
1,<environment.Job instance at 0x7efe61272fa0>,9,2,[7 1],10,-1,12,-1,10
1,<environment.Job instance at 0x7efe61272280>,10,17,[6 4],11,-1,28,-1,11
1,<environment.Job instance at 0x7efe612727d0>,11,23,[9 2],12,-1,35,-1,12
1,<environment.Job instance at 0x7efe60f4da50>,12,1,[ 3 10],13,-1,14,-1,13
1,<environment.Job instance at 0x7efe60f4ddc0>,13,13,[8 4],14,-1,27,-1,14
1,<environment.Job instance at 0x7efe615aea00>,1,16,[4 9],2,-1,30,-1,14
1,<environment.Job instance at 0x7efe60f4dbe0>,26,12,[5 9],27,-1,39,-1,27
1,<environment.Job instance at 0x7efe612679b0>,27,12,[ 4 10],28,-1,40,-1,28
1,<environment.Job instance at 0x7efe61267d20>,30,18,[3 7],31,-1,49,-1,31
1,<environment.Job instance at 0x7efe61350730>,42,18,[1 5],43,-1,61,-1,43
1,<environment.Job instance at 0x7efe612670f0>,38,15,[5 4],39,-1,67,-1,52
1,<environment.Job instance at 0x7efe61a83140>,11,23,[9 2],12,-1,56,-1,33
1,<environment.Job instance at 0x7efe61b34d20>,15,25,[ 2 11],16,-1,71,-1,46
1,<environment.Job instance at 0x7efe60f4d0f0>,20,14,[13  1],21,-1,65,-1,51
1,<environment.Job instance at 0x7efe62225d70>,23,12,[12  5],24,-1,78,-1,66
1,<environment.Job instance at 0x7efe61733230>,29,17,[11  5],30,-1,101,-1,84
1,<environment.Job instance at 0x7efe61b44b90>,32,22,[ 4 11],33,-1,114,-1,92
1,<environment.Job instance at 0x7efe61267910>,36,15,[13  2],37,-1,117,-1,102
1,<environment.Job instance at 0x7efe615aefa0>,39,13,[ 5 11],40,-1,122,-1,109
1,<environment.Job instance at 0x7efe61289280>,43,3,[ 3 14],44,-1,127,-1,124
1,<environment.Job instance at 0x7efe6153a690>,48,17,[14  2],49,-1,150,-1,133
1,<environment.Job instance at 0x7efe61aedd70>,1,16,[4 7],2,-1,18,-1,2
1,<environment.Job instance at 0x7efe60e306e0>,2,17,[10  4],3,-1,20,-1,3
1,<environment.Job instance at 0x7efe60e30be0>,8,18,[4 7],9,-1,27,-1,9
1,<environment.Job instance at 0x7efe60e30c80>,9,15,[7 2],10,-1,25,-1,10
1,<environment.Job instance at 0x7efe60e30960>,10,21,[9 2],11,-1,32,-1,11
1,<environment.Job instance at 0x7efe60e30f00>,13,18,[ 4 10],14,-1,32,-1,14
1,<environment.Job instance at 0x7efe60e33280>,16,26,[3 5],17,-1,43,-1,17
1,<environment.Job instance at 0x7efe60e332d0>,17,24,[9 4],18,-1,42,-1,18
1,<environment.Job instance at 0x7efe60e33410>,19,13,[4 7],20,-1,33,-1,20
1,<environment.Job instance at 0x7efe60e335a0>,20,15,[1 8],21,-1,36,-1,21
1,<environment.Job instance at 0x7efe60e33460>,21,14,[6 4],22,-1,36,-1,22
1,<environment.Job instance at 0x7efe60e338c0>,24,17,[3 5],25,-1,42,-1,25
1,<environment.Job instance at 0x7efe60e33a50>,25,18,[ 3 10],26,-1,44,-1,26
1,<environment.Job instance at 0x7efe61d580f0>,32,13,[9 5],33,-1,47,-1,34
1,<environment.Job instance at 0x7efe61d58a50>,37,17,[8 4],38,-1,55,-1,38
1,<environment.Job instance at 0x7efe61d58780>,39,14,[1 5],40,-1,54,-1,40
1,<environment.Job instance at 0x7efe61d58eb0>,41,16,[1 8],42,-1,58,-1,42
1,<environment.Job instance at 0x7efe61d586e0>,43,24,[5 1],44,-1,68,-1,44
1,<environment.Job instance at 0x7efe61d585a0>,45,22,[5 4],46,-1,68,-1,46
1,<environment.Job instance at 0x7efe61d58050>,46,28,[8 5],47,-1,75,-1,47
1,<environment.Job instance at 0x7efe61d40410>,50,18,[5 8],51,-1,69,-1,51
1,<environment.Job instance at 0x7efe61d40460>,52,13,[8 1],53,-1,66,-1,53
1,<environment.Job instance at 0x7efe61d405a0>,54,25,[9 4],55,-1,80,-1,55
1,<environment.Job instance at 0x7efe61d407d0>,56,18,[11  2],57,-1,75,-1,57
1,<environment.Job instance at 0x7efe61d40a00>,59,14,[8 1],60,-1,74,-1,60
1,<environment.Job instance at 0x7efe61d40b90>,60,14,[9 4],61,-1,75,-1,61
1,<environment.Job instance at 0x7efe61d40d70>,61,17,[6 2],62,-1,79,-1,62
1,<environment.Job instance at 0x7efe60fdb500>,64,12,[4 9],65,-1,77,-1,65
1,<environment.Job instance at 0x7efe60e3ad70>,69,15,[10  5],70,-1,91,-1,76
1,<environment.Job instance at 0x7efe60e3ab90>,75,27,[4 6],76,-1,103,-1,76
1,<environment.Job instance at 0x7efe60e3a0a0>,77,17,[2 8],78,-1,96,-1,79
1,<environment.Job instance at 0x7efe60ce3370>,79,24,[9 1],80,-1,104,-1,80
1,<environment.Job instance at 0x7efe622c77d0>,78,18,[5 5],79,-1,98,-1,80
1,<environment.Job instance at 0x7efe61970d70>,81,18,[8 2],82,-1,101,-1,83
1,<environment.Job instance at 0x7efe6099fd20>,83,15,[4 8],84,-1,99,-1,84
1,<environment.Job instance at 0x7efe61970e60>,82,16,[ 1 10],83,-1,100,-1,84
1,<environment.Job instance at 0x7efe6099a4b0>,89,17,[9 4],90,-1,108,-1,91
1,<environment.Job instance at 0x7efe6099a0f0>,90,15,[10  4],91,-1,106,-1,91
1,<environment.Job instance at 0x7efe60d0fb90>,92,14,[1 8],93,-1,107,-1,93
1,<environment.Job instance at 0x7efe60d0f050>,93,17,[7 4],94,-1,111,-1,94
1,<environment.Job instance at 0x7efe61026870>,16,26,[3 5],17,-1,69,-1,43
1,<environment.Job instance at 0x7efe620236e0>,17,24,[9 4],18,-1,82,-1,58
1,<environment.Job instance at 0x7efe6163fa00>,28,1,[12  1],29,-1,87,-1,86
1,<environment.Job instance at 0x7efe60f4d7d0>,43,24,[5 1],44,-1,152,-1,128
1,<environment.Job instance at 0x7efe6223d6e0>,46,28,[8 5],47,-1,157,-1,129
1,<environment.Job instance at 0x7efe61b54c30>,54,25,[9 4],55,-1,173,-1,148
1,<environment.Job instance at 0x7efe6102b0f0>,56,18,[11  2],57,-1,166,-1,148
1,<environment.Job instance at 0x7efe62243c80>,58,15,[ 1 14],59,-1,163,-1,148
1,<environment.Job instance at 0x7efe60eee2d0>,1,18,[9 3],2,-1,20,-1,2
1,<environment.Job instance at 0x7efe620c48c0>,2,17,[4 8],3,-1,20,-1,3
1,<environment.Job instance at 0x7efe61eea870>,3,18,[8 3],4,-1,23,-1,5
1,<environment.Job instance at 0x7efe61eea730>,11,14,[1 7],12,-1,26,-1,12
1,<environment.Job instance at 0x7efe61eea050>,13,18,[2 6],14,-1,32,-1,14
1,<environment.Job instance at 0x7efe6abef140>,17,18,[3 8],18,-1,36,-1,18
1,<environment.Job instance at 0x7efe6abef5a0>,19,15,[10  3],20,-1,35,-1,20
1,<environment.Job instance at 0x7efe6abeffa0>,21,17,[9 5],22,-1,39,-1,22
1,<environment.Job instance at 0x7efe6abef690>,22,19,[1 5],23,-1,42,-1,23
1,<environment.Job instance at 0x7efe6abef0a0>,25,16,[ 4 10],26,-1,42,-1,26
1,<environment.Job instance at 0x7efe61e5ccd0>,28,16,[8 1],29,-1,45,-1,29
1,<environment.Job instance at 0x7efe61e5c500>,29,14,[9 3],30,-1,44,-1,30
1,<environment.Job instance at 0x7efe61e5ca00>,30,12,[3 6],31,-1,44,-1,32
1,<environment.Job instance at 0x7efe61e5c3c0>,32,12,[2 8],33,-1,45,-1,33
1,<environment.Job instance at 0x7efe61e5c370>,33,23,[5 6],34,-1,57,-1,34
1,<environment.Job instance at 0x7efe61e5cbe0>,34,15,[5 2],35,-1,50,-1,35
1,<environment.Job instance at 0x7efe61e5cc80>,35,14,[1 5],36,-1,50,-1,36
1,<environment.Job instance at 0x7efe61e5c870>,38,28,[3 8],39,-1,67,-1,39
1,<environment.Job instance at 0x7efe61e5ce10>,39,16,[ 5 10],40,-1,56,-1,40
1,<environment.Job instance at 0x7efe61e5c050>,40,13,[2 9],41,-1,54,-1,41
1,<environment.Job instance at 0x7efe61e5cfa0>,43,23,[5 7],44,-1,67,-1,44
1,<environment.Job instance at 0x7efe61e5c190>,44,28,[8 5],45,-1,73,-1,45
1,<environment.Job instance at 0x7efe61ffc500>,46,23,[3 7],47,-1,70,-1,47
1,<environment.Job instance at 0x7efe61ffcd20>,47,24,[2 9],48,-1,72,-1,48
1,<environment.Job instance at 0x7efe61ffc870>,48,17,[8 1],49,-1,66,-1,49
1,<environment.Job instance at 0x7efe61ffcbe0>,49,22,[5 3],50,-1,72,-1,50
1,<environment.Job instance at 0x7efe61ffc2d0>,50,15,[7 4],51,-1,68,-1,53
1,<environment.Job instance at 0x7efe61ffcc30>,55,16,[6 3],56,-1,76,-1,60
1,<environment.Job instance at 0x7efe61ffc140>,58,17,[1 8],59,-1,83,-1,66
1,<environment.Job instance at 0x7efe61ffc1e0>,57,20,[ 5 12],58,-1,86,-1,66
1,<environment.Job instance at 0x7efe60f085f0>,63,26,[6 4],64,-1,92,-1,66
1,<environment.Job instance at 0x7efe61ffcc80>,61,16,[5 8],62,-1,83,-1,67
1,<environment.Job instance at 0x7efe61e5c820>,31,14,[7 4],32,-1,81,-1,67
1,<environment.Job instance at 0x7efe60f089b0>,66,24,[10  1],67,-1,99,-1,75
1,<environment.Job instance at 0x7efe61ffca00>,54,20,[1 9],55,-1,96,-1,76
1,<environment.Job instance at 0x7efe60f08780>,71,14,[1 6],72,-1,90,-1,76
1,<environment.Job instance at 0x7efe60f08b40>,73,17,[11  1],74,-1,93,-1,76
1,<environment.Job instance at 0x7efe614838c0>,75,16,[ 4 13],76,-1,92,-1,76
1,<environment.Job instance at 0x7efe61483fa0>,76,26,[8 4],77,-1,103,-1,77
1,<environment.Job instance at 0x7efe60f08460>,72,16,[1 9],73,-1,94,-1,78
1,<environment.Job instance at 0x7efe61483730>,78,18,[12  4],79,-1,98,-1,80
1,<environment.Job instance at 0x7efe60f085a0>,64,13,[8 2],65,-1,97,-1,84
1,<environment.Job instance at 0x7efe61483690>,81,27,[7 5],82,-1,113,-1,86
1,<environment.Job instance at 0x7efe61483050>,77,15,[5 8],78,-1,101,-1,86
1,<environment.Job instance at 0x7efe61483b90>,85,13,[3 8],86,-1,100,-1,87
1,<environment.Job instance at 0x7efe614833c0>,87,15,[11  5],88,-1,103,-1,88
1,<environment.Job instance at 0x7efe61483af0>,89,15,[3 9],90,-1,105,-1,90
1,<environment.Job instance at 0x7efe61483140>,79,3,[8 5],80,-1,97,-1,94
1,<environment.Job instance at 0x7efe62212960>,96,25,[6 1],97,-1,122,-1,97
1,<environment.Job instance at 0x7efe622128c0>,95,3,[6 1],96,-1,100,-1,97
1,<environment.Job instance at 0x7efe62212820>,100,12,[5 5],101,-1,115,-1,103
1,<environment.Job instance at 0x7efe62212aa0>,101,18,[ 3 12],102,-1,122,-1,104
1,<environment.Job instance at 0x7efe61ffc3c0>,52,23,[13  5],53,-1,127,-1,104
1,<environment.Job instance at 0x7efe61ee26e0>,106,26,[8 5],107,-1,134,-1,108
1,<environment.Job instance at 0x7efe61d995f0>,109,18,[5 4],110,-1,128,-1,110
1,<environment.Job instance at 0x7efe61ee2a00>,111,26,[ 5 11],112,-1,145,-1,119
1,<environment.Job instance at 0x7efe61ee2e10>,110,27,[7 2],111,-1,149,-1,122
1,<environment.Job instance at 0x7efe60a7dd20>,115,15,[ 5 13],116,-1,137,-1,122
1,<environment.Job instance at 0x7efe61483a00>,82,17,[ 2 10],83,-1,140,-1,123
1,<environment.Job instance at 0x7efe61ee28c0>,112,17,[7 2],113,-1,141,-1,124
1,<environment.Job instance at 0x7efe60e31280>,103,17,[4 7],104,-1,141,-1,124
1,<environment.Job instance at 0x7efe622ec0f0>,116,13,[3 5],117,-1,137,-1,124
1,<environment.Job instance at 0x7efe612f7780>,119,12,[7 5],120,-1,136,-1,124
1,<environment.Job instance at 0x7efe62212870>,102,18,[3 8],103,-1,142,-1,124
1,<environment.Job instance at 0x7efe619f60a0>,123,13,[6 3],124,-1,137,-1,124
1,<environment.Job instance at 0x7efe612f7aa0>,118,12,[12  3],119,-1,136,-1,124
1,<environment.Job instance at 0x7efe60acdc80>,124,13,[2 9],125,-1,138,-1,125
1,<environment.Job instance at 0x7efe622dae60>,131,17,[4 8],132,-1,149,-1,132
1,<environment.Job instance at 0x7efe622dadc0>,132,17,[9 5],133,-1,150,-1,133
1,<environment.Job instance at 0x7efe6222a7d0>,137,15,[1 9],138,-1,159,-1,144
1,<environment.Job instance at 0x7efe60e5a460>,26,14,[14  5],27,-1,79,-1,65
1,<environment.Job instance at 0x7efe6140b1e0>,33,23,[5 6],34,-1,134,-1,111
1,<environment.Job instance at 0x7efe60e92050>,38,28,[3 8],39,-1,153,-1,125
1,<environment.Job instance at 0x7efe6188b7d0>,44,28,[8 5],45,-1,174,-1,146
1,<environment.Job instance at 0x7efe60e635f0>,43,23,[5 7],44,-1,171,-1,148
1,<environment.Job instance at 0x7efe618b8dc0>,47,24,[2 9],48,-1,172,-1,148
1,<environment.Job instance at 0x7efe6188b640>,46,23,[3 7],47,-1,171,-1,148
1,<environment.Job instance at 0x7efe60f1c5f0>,52,23,[13  5],53,-1,171,-1,148
1,<environment.Job instance at 0x7efe618a07d0>,53,12,[ 4 13],54,-1,160,-1,148
1,<environment.Job instance at 0x7efe60d92690>,2,17,[7 2],3,-1,20,-1,3
1,<environment.Job instance at 0x7efe60d82280>,5,17,[6 3],6,-1,23,-1,6
1,<environment.Job instance at 0x7efe61a3fdc0>,6,12,[ 4 10],7,-1,19,-1,7
1,<environment.Job instance at 0x7efe61a3f910>,7,14,[9 4],8,-1,22,-1,8
1,<environment.Job instance at 0x7efe61a3fbe0>,8,18,[8 3],9,-1,27,-1,9
1,<environment.Job instance at 0x7efe60bff500>,9,16,[ 4 10],10,-1,26,-1,10
1,<environment.Job instance at 0x7efe60d92fa0>,12,18,[3 8],13,-1,31,-1,13
1,<environment.Job instance at 0x7efe61442780>,15,25,[8 3],16,-1,41,-1,16
1,<environment.Job instance at 0x7efe61442b90>,17,13,[ 5 10],18,-1,32,-1,19
1,<environment.Job instance at 0x7efe61442d70>,20,16,[5 1],21,-1,37,-1,21
1,<environment.Job instance at 0x7efe61ac7410>,26,19,[4 6],27,-1,46,-1,27
1,<environment.Job instance at 0x7efe62217550>,27,17,[6 2],28,-1,45,-1,28
1,<environment.Job instance at 0x7efe60adb460>,29,21,[ 5 10],30,-1,51,-1,30
1,<environment.Job instance at 0x7efe617b2f50>,31,18,[1 9],32,-1,50,-1,32
1,<environment.Job instance at 0x7efe6ae65af0>,33,21,[5 5],34,-1,55,-1,34
1,<environment.Job instance at 0x7efe61cec870>,37,16,[6 5],38,-1,54,-1,38
1,<environment.Job instance at 0x7efe6abe0910>,38,12,[9 5],39,-1,51,-1,39
1,<environment.Job instance at 0x7efe6abe00f0>,39,12,[ 5 10],40,-1,52,-1,40
1,<environment.Job instance at 0x7efe6aa42280>,40,18,[9 1],41,-1,60,-1,42
1,<environment.Job instance at 0x7efe6ad28820>,43,27,[4 6],44,-1,71,-1,44
1,<environment.Job instance at 0x7efe60f5c7d0>,44,14,[3 5],45,-1,59,-1,45
1,<environment.Job instance at 0x7efe60f5c280>,45,17,[10  2],46,-1,63,-1,46
1,<environment.Job instance at 0x7efe6aa420f0>,41,12,[7 5],42,-1,58,-1,46
1,<environment.Job instance at 0x7efe6ac27690>,46,16,[ 5 10],47,-1,63,-1,47
1,<environment.Job instance at 0x7efe620ba8c0>,53,13,[8 5],54,-1,67,-1,54
1,<environment.Job instance at 0x7efe620ba550>,55,13,[6 4],56,-1,70,-1,57
1,<environment.Job instance at 0x7efe620ba410>,56,16,[4 8],57,-1,73,-1,57
1,<environment.Job instance at 0x7efe620ba0f0>,57,28,[8 2],58,-1,86,-1,58
1,<environment.Job instance at 0x7efe6224faa0>,58,22,[5 8],59,-1,81,-1,59
1,<environment.Job instance at 0x7efe6224f140>,59,15,[8 3],60,-1,76,-1,61
1,<environment.Job instance at 0x7efe6224fcd0>,60,18,[7 4],61,-1,79,-1,61
1,<environment.Job instance at 0x7efe620130f0>,65,18,[5 9],66,-1,84,-1,66
1,<environment.Job instance at 0x7efe620132d0>,67,18,[7 1],68,-1,88,-1,70
1,<environment.Job instance at 0x7efe62013190>,69,17,[6 3],70,-1,87,-1,70
1,<environment.Job instance at 0x7efe609979b0>,86,21,[8 5],87,-1,110,-1,89
1,<environment.Job instance at 0x7efe61eea410>,15,25,[8 3],16,-1,73,-1,48
1,<environment.Job instance at 0x7efe61120af0>,18,12,[ 2 12],19,-1,63,-1,51
1,<environment.Job instance at 0x7efe61442190>,43,27,[4 6],44,-1,145,-1,118
1,<environment.Job instance at 0x7efe620ba730>,50,3,[ 1 14],51,-1,152,-1,149
1,<environment.Job instance at 0x7efe61cb9640>,0,16,[7 5],1,-1,17,-1,1
1,<environment.Job instance at 0x7efe6157a500>,3,17,[3 7],4,-1,21,-1,4
1,<environment.Job instance at 0x7efe6157aa00>,9,17,[10  4],10,-1,29,-1,12
1,<environment.Job instance at 0x7efe6155f870>,23,18,[2 9],24,-1,42,-1,24
1,<environment.Job instance at 0x7efe6155f550>,24,24,[ 3 10],25,-1,49,-1,25
1,<environment.Job instance at 0x7efe6155faa0>,26,13,[4 5],27,-1,40,-1,27
1,<environment.Job instance at 0x7efe6157a870>,11,26,[3 8],12,-1,53,-1,27
1,<environment.Job instance at 0x7efe6155fc30>,27,17,[7 5],28,-1,45,-1,28
1,<environment.Job instance at 0x7efe615571e0>,33,19,[5 5],34,-1,54,-1,35
1,<environment.Job instance at 0x7efe61557460>,36,14,[2 9],37,-1,51,-1,37
1,<environment.Job instance at 0x7efe615573c0>,38,15,[4 7],39,-1,54,-1,39
1,<environment.Job instance at 0x7efe61557730>,39,13,[3 7],40,-1,53,-1,40
1,<environment.Job instance at 0x7efe61557690>,40,17,[9 5],41,-1,58,-1,41
1,<environment.Job instance at 0x7efe61557b40>,44,14,[9 2],45,-1,79,-1,65
1,<environment.Job instance at 0x7efe61557e10>,50,14,[6 3],51,-1,79,-1,65
1,<environment.Job instance at 0x7efe615577d0>,43,20,[1 7],44,-1,85,-1,65
1,<environment.Job instance at 0x7efe61557230>,34,16,[1 7],35,-1,81,-1,65
1,<environment.Job instance at 0x7efe61557fa0>,49,26,[10  1],50,-1,91,-1,65
1,<environment.Job instance at 0x7efe615592d0>,52,14,[2 8],53,-1,79,-1,65
1,<environment.Job instance at 0x7efe615595f0>,59,18,[7 3],60,-1,83,-1,65
1,<environment.Job instance at 0x7efe619597d0>,5,18,[ 5 11],6,-1,24,-1,6
1,<environment.Job instance at 0x7efe6228c5a0>,11,26,[3 8],12,-1,45,-1,19
1,<environment.Job instance at 0x7efe6228c230>,13,17,[ 5 13],14,-1,36,-1,19
1,<environment.Job instance at 0x7efe6112c780>,19,2,[ 1 14],20,-1,25,-1,23
1,<environment.Job instance at 0x7efe6112cc80>,24,24,[ 3 10],25,-1,58,-1,34
1,<environment.Job instance at 0x7efe61463e10>,28,24,[10  5],29,-1,71,-1,47
1,<environment.Job instance at 0x7efe62077230>,45,3,[ 4 13],46,-1,123,-1,120
1,<environment.Job instance at 0x7efe62077d70>,46,28,[2 6],47,-1,148,-1,120
1,<environment.Job instance at 0x7efe62077a00>,49,26,[10  1],50,-1,154,-1,128
1,<environment.Job instance at 0x7fb59d4556e0>,0,13,[9 3],1,-1,15,-1,2
1,<environment.Job instance at 0x7fb59d4558c0>,1,22,[11  3],2,-1,24,-1,2
1,<environment.Job instance at 0x7fb59d455730>,2,22,[4 8],3,-1,25,-1,3
1,<environment.Job instance at 0x7fb593e0f140>,9,18,[11  5],10,-1,28,-1,10
1,<environment.Job instance at 0x7fb593e0f0a0>,11,15,[4 8],12,-1,27,-1,12
1,<environment.Job instance at 0x7fb593e0f3c0>,12,26,[ 1 10],13,-1,39,-1,13
1,<environment.Job instance at 0x7fb593e0f2d0>,13,18,[ 4 10],14,-1,32,-1,14
1,<environment.Job instance at 0x7fb593e0f500>,15,18,[2 8],16,-1,34,-1,16
1,<environment.Job instance at 0x7fb593e0f6e0>,16,16,[3 5],17,-1,33,-1,17
1,<environment.Job instance at 0x7fb593e0fc30>,23,27,[1 6],24,-1,51,-1,24
1,<environment.Job instance at 0x7fb593e0fdc0>,24,18,[2 6],25,-1,43,-1,25
1,<environment.Job instance at 0x7fb593e0fe10>,25,12,[ 5 10],26,-1,38,-1,26
1,<environment.Job instance at 0x7fb593e120a0>,27,15,[8 4],28,-1,43,-1,28
1,<environment.Job instance at 0x7fb593e121e0>,28,23,[10  4],29,-1,52,-1,29
1,<environment.Job instance at 0x7fb593e124b0>,31,14,[2 5],32,-1,46,-1,32
1,<environment.Job instance at 0x7fb593e12500>,33,14,[5 5],34,-1,48,-1,34
1,<environment.Job instance at 0x7fb593e127d0>,34,24,[1 8],35,-1,59,-1,35
1,<environment.Job instance at 0x7fb593e12730>,35,15,[9 5],36,-1,51,-1,36
1,<environment.Job instance at 0x7fb593e12d20>,40,15,[10  3],41,-1,59,-1,44
1,<environment.Job instance at 0x7fb593e12eb0>,43,18,[5 5],44,-1,63,-1,45
1,<environment.Job instance at 0x7fb593e160f0>,48,15,[10  1],49,-1,66,-1,51
1,<environment.Job instance at 0x7fb593e165f0>,50,16,[12  2],51,-1,67,-1,51
1,<environment.Job instance at 0x7fb593e16a50>,53,17,[5 7],54,-1,71,-1,54
1,<environment.Job instance at 0x7fb593e16c80>,56,17,[8 5],57,-1,75,-1,58
1,<environment.Job instance at 0x7fb593e16b90>,58,14,[2 7],59,-1,73,-1,59
1,<environment.Job instance at 0x7fb593e16f00>,59,17,[1 6],60,-1,77,-1,60
1,<environment.Job instance at 0x7fb593e191e0>,62,22,[6 4],63,-1,85,-1,63
1,<environment.Job instance at 0x7fb593e19230>,64,18,[2 9],65,-1,83,-1,65
1,<environment.Job instance at 0x7fb593e19550>,65,20,[2 6],66,-1,86,-1,66
1,<environment.Job instance at 0x7fb593e19640>,67,27,[ 1 10],68,-1,95,-1,68
1,<environment.Job instance at 0x7fb593e16d20>,57,18,[2 8],58,-1,88,-1,70
1,<environment.Job instance at 0x7fb593e1b3c0>,81,15,[5 9],82,-1,97,-1,82
1,<environment.Job instance at 0x7fb593e1b640>,82,16,[ 4 10],83,-1,99,-1,83
1,<environment.Job instance at 0x7fb593e1b500>,83,20,[7 1],84,-1,106,-1,86
1,<environment.Job instance at 0x7fb593e1b780>,85,17,[3 9],86,-1,103,-1,86
1,<environment.Job instance at 0x7fb593e1b910>,86,18,[9 2],87,-1,108,-1,90
1,<environment.Job instance at 0x7fb593e1bb90>,89,14,[5 3],90,-1,118,-1,104
1,<environment.Job instance at 0x7fb593e0f870>,1,22,[11  3],2,-1,24,-1,2
1,<environment.Job instance at 0x7fb593fb85f0>,9,18,[11  5],10,-1,32,-1,14
1,<environment.Job instance at 0x7fb593e160a0>,12,26,[ 1 10],13,-1,82,-1,56
1,<environment.Job instance at 0x7fb593ec86e0>,23,27,[1 6],24,-1,87,-1,60
1,<environment.Job instance at 0x7fb593ec8e10>,28,23,[10  4],29,-1,97,-1,74
1,<environment.Job instance at 0x7fb593f92a00>,34,24,[1 8],35,-1,117,-1,93
1,<environment.Job instance at 0x7fb59d455870>,36,13,[ 3 14],37,-1,106,-1,93
1,<environment.Job instance at 0x7fb593ecc9b0>,46,17,[12  2],47,-1,134,-1,117
1,<environment.Job instance at 0x7fb593faceb0>,50,16,[12  2],51,-1,146,-1,130
1,<environment.Job instance at 0x7fb593f19690>,54,13,[13  1],55,-1,158,-1,145
1,<environment.Job instance at 0x7fb593553af0>,8,19,[6 4],9,-1,28,-1,9
1,<environment.Job instance at 0x7fb59355dd70>,13,18,[6 5],14,-1,32,-1,14
1,<environment.Job instance at 0x7fb59355de10>,14,19,[6 1],15,-1,34,-1,15
1,<environment.Job instance at 0x7fb59355dc30>,15,16,[ 2 10],16,-1,34,-1,18
1,<environment.Job instance at 0x7fb5936f0a50>,17,21,[ 3 10],18,-1,39,-1,18
1,<environment.Job instance at 0x7fb5936b0d70>,28,21,[9 4],29,-1,50,-1,29
1,<environment.Job instance at 0x7fb5936b06e0>,29,12,[9 3],30,-1,42,-1,30
1,<environment.Job instance at 0x7fb5936b0e10>,30,18,[10  3],31,-1,49,-1,31
1,<environment.Job instance at 0x7fb5936b0b90>,31,17,[10  2],32,-1,49,-1,32
1,<environment.Job instance at 0x7fb5936f60a0>,22,14,[2 9],23,-1,46,-1,32
1,<environment.Job instance at 0x7fb5933dd550>,37,1,[9 1],38,-1,39,-1,38
1,<environment.Job instance at 0x7fb5933d2370>,40,13,[10  5],41,-1,54,-1,41
1,<environment.Job instance at 0x7fb5933d2b40>,41,14,[1 6],42,-1,56,-1,42
1,<environment.Job instance at 0x7fb5933c2140>,43,14,[7 5],44,-1,58,-1,44
1,<environment.Job instance at 0x7fb5933ca370>,45,14,[10  2],46,-1,60,-1,46
1,<environment.Job instance at 0x7fb5934627d0>,54,16,[7 2],55,-1,71,-1,55
1,<environment.Job instance at 0x7fb593413cd0>,56,12,[ 3 10],57,-1,70,-1,58
1,<environment.Job instance at 0x7fb593428d70>,60,18,[4 5],61,-1,79,-1,61
1,<environment.Job instance at 0x7fb593428cd0>,61,18,[2 8],62,-1,82,-1,64
1,<environment.Job instance at 0x7fb5934285a0>,63,14,[11  3],64,-1,78,-1,64
1,<environment.Job instance at 0x7fb593428460>,64,16,[9 4],65,-1,83,-1,67
1,<environment.Job instance at 0x7fb593428320>,66,14,[10  1],67,-1,81,-1,67
1,<environment.Job instance at 0x7fb5934281e0>,67,16,[9 2],68,-1,85,-1,69
1,<environment.Job instance at 0x7fb593428b40>,68,15,[7 5],69,-1,84,-1,69
1,<environment.Job instance at 0x7fb59342c190>,72,20,[1 7],73,-1,93,-1,73
1,<environment.Job instance at 0x7fb59355ad70>,76,19,[2 7],77,-1,96,-1,77
1,<environment.Job instance at 0x7fb5934272d0>,78,18,[6 3],79,-1,97,-1,79
1,<environment.Job instance at 0x7fb593427910>,80,24,[ 1 10],81,-1,109,-1,85
1,<environment.Job instance at 0x7fb593551960>,84,16,[7 5],85,-1,102,-1,86
1,<environment.Job instance at 0x7fb59340f2d0>,86,16,[7 4],87,-1,105,-1,89
1,<environment.Job instance at 0x7fb59340fb90>,88,18,[4 6],89,-1,107,-1,89
1,<environment.Job instance at 0x7fb59342a140>,91,27,[4 7],92,-1,120,-1,93
1,<environment.Job instance at 0x7fb59342a410>,92,26,[8 4],93,-1,120,-1,94
1,<environment.Job instance at 0x7fb59342a820>,93,12,[9 1],94,-1,107,-1,95
1,<environment.Job instance at 0x7fb59d49b910>,0,3,[13  3],1,-1,4,-1,1
1,<environment.Job instance at 0x7fb593634a00>,5,13,[ 1 14],6,-1,19,-1,6
1,<environment.Job instance at 0x7fb5935c5190>,16,2,[11  5],17,-1,19,-1,17
1,<environment.Job instance at 0x7fb5935c52d0>,18,3,[14  4],19,-1,24,-1,21
1,<environment.Job instance at 0x7fb5935db5a0>,38,12,[14  4],39,-1,93,-1,81
1,<environment.Job instance at 0x7fb5937598c0>,48,2,[13  1],49,-1,129,-1,127
1,<environment.Job instance at 0x7fb5937517d0>,51,3,[13  5],52,-1,132,-1,129
1,<environment.Job instance at 0x7fb59362afa0>,52,2,[ 1 12],53,-1,131,-1,129
1,<environment.Job instance at 0x7fb5935e5aa0>,62,1,[ 4 13],63,-1,152,-1,151
1,<environment.Job instance at 0x7fb59370f190>,63,14,[11  3],64,-1,165,-1,151
1,<environment.Job instance at 0x7fb59342a3c0>,6,15,[2 7],7,-1,22,-1,7
1,<environment.Job instance at 0x7fb59342a370>,8,15,[7 5],9,-1,24,-1,9
1,<environment.Job instance at 0x7fb59342aaa0>,9,15,[ 3 10],10,-1,25,-1,10
1,<environment.Job instance at 0x7fb59342a9b0>,10,24,[2 8],11,-1,35,-1,11
1,<environment.Job instance at 0x7fb59342a230>,16,16,[ 5 10],17,-1,33,-1,17
1,<environment.Job instance at 0x7fb59d5c0780>,19,13,[4 6],20,-1,34,-1,21
1,<environment.Job instance at 0x7fb59d5c0af0>,20,15,[7 1],21,-1,36,-1,21
1,<environment.Job instance at 0x7fb59d5c0e10>,21,17,[10  3],22,-1,40,-1,23
1,<environment.Job instance at 0x7fb5935b8730>,24,14,[1 5],25,-1,39,-1,25
1,<environment.Job instance at 0x7fb5935b8af0>,25,12,[ 4 10],26,-1,38,-1,26
1,<environment.Job instance at 0x7fb5935b8a00>,29,16,[5 4],30,-1,46,-1,30
1,<environment.Job instance at 0x7fb593a78910>,2,3,[ 3 11],3,-1,6,-1,3
1,<environment.Job instance at 0x7fb593931640>,10,24,[2 8],11,-1,42,-1,18
1,<environment.Job instance at 0x7fb5939317d0>,11,24,[9 1],12,-1,42,-1,18
1,<environment.Job instance at 0x7fb593931a50>,13,24,[10  5],14,-1,43,-1,19
1,<environment.Job instance at 0x7fb593931c80>,14,23,[10  2],15,-1,42,-1,19
1,<environment.Job instance at 0x7fb593931f00>,15,15,[ 1 11],16,-1,34,-1,19
1,<environment.Job instance at 0x7fb59454b230>,27,15,[ 3 12],28,-1,65,-1,50
1,<environment.Job instance at 0x7fb59382e320>,40,27,[ 5 10],41,-1,134,-1,107
1,<environment.Job instance at 0x7fb5942410a0>,46,25,[ 5 10],47,-1,153,-1,128
1,<environment.Job instance at 0x7fb593b8bb90>,0,19,[6 3],1,-1,20,-1,1
1,<environment.Job instance at 0x7fb593428e10>,4,16,[10  3],5,-1,24,-1,8
1,<environment.Job instance at 0x7fb593427c80>,8,14,[10  3],9,-1,23,-1,9
1,<environment.Job instance at 0x7fb593427140>,9,1,[10  3],10,-1,11,-1,10
1,<environment.Job instance at 0x7fb593427aa0>,10,19,[1 5],11,-1,30,-1,11
1,<environment.Job instance at 0x7fb593427dc0>,11,18,[2 9],12,-1,30,-1,12
1,<environment.Job instance at 0x7fb5934274b0>,12,18,[10  4],13,-1,31,-1,13
1,<environment.Job instance at 0x7fb593427cd0>,13,13,[6 5],14,-1,27,-1,14
1,<environment.Job instance at 0x7fb593427280>,7,13,[6 4],8,-1,28,-1,15
1,<environment.Job instance at 0x7fb593427370>,19,15,[9 5],20,-1,35,-1,20
1,<environment.Job instance at 0x7fb59342a280>,23,18,[5 9],24,-1,42,-1,24
1,<environment.Job instance at 0x7fb59342a0a0>,25,21,[2 5],26,-1,47,-1,26
1,<environment.Job instance at 0x7fb593630c80>,28,14,[5 9],29,-1,43,-1,29
1,<environment.Job instance at 0x7fb593630a00>,29,19,[9 1],30,-1,49,-1,30
1,<environment.Job instance at 0x7fb593630500>,31,16,[6 5],32,-1,48,-1,32
1,<environment.Job instance at 0x7fb5933db820>,33,27,[1 8],34,-1,61,-1,34
1,<environment.Job instance at 0x7fb5933dbeb0>,36,14,[3 9],37,-1,51,-1,37
1,<environment.Job instance at 0x7fb593631370>,39,13,[5 9],40,-1,53,-1,40
1,<environment.Job instance at 0x7fb593631c30>,41,18,[8 4],42,-1,60,-1,42
1,<environment.Job instance at 0x7fb59342cb90>,44,17,[3 9],45,-1,62,-1,45
1,<environment.Job instance at 0x7fb59342c500>,45,13,[10  4],46,-1,59,-1,46
1,<environment.Job instance at 0x7fb59342ca00>,46,16,[5 5],47,-1,63,-1,47
1,<environment.Job instance at 0x7fb5939ae5a0>,47,22,[1 7],48,-1,70,-1,48
1,<environment.Job instance at 0x7fb5939aef00>,49,15,[7 1],50,-1,66,-1,51
1,<environment.Job instance at 0x7fb5939aee60>,51,18,[3 6],52,-1,70,-1,52
1,<environment.Job instance at 0x7fb5939aed20>,52,1,[9 3],53,-1,54,-1,53
1,<environment.Job instance at 0x7fb5939ae190>,53,3,[ 3 14],54,-1,57,-1,54
1,<environment.Job instance at 0x7fb5939aee10>,54,14,[7 1],55,-1,69,-1,55
1,<environment.Job instance at 0x7fb5939ae140>,50,14,[6 4],51,-1,69,-1,55
1,<environment.Job instance at 0x7fb5939aedc0>,55,25,[6 3],56,-1,81,-1,56
1,<environment.Job instance at 0x7fb593553a50>,58,16,[8 5],59,-1,75,-1,59
1,<environment.Job instance at 0x7fb5935530f0>,59,18,[7 5],60,-1,78,-1,60
1,<environment.Job instance at 0x7fb593553c80>,61,14,[5 8],62,-1,76,-1,62
1,<environment.Job instance at 0x7fb593825be0>,62,16,[9 2],63,-1,80,-1,64
1,<environment.Job instance at 0x7fb593825370>,64,1,[5 7],65,-1,66,-1,65
1,<environment.Job instance at 0x7fb5938250a0>,65,18,[7 5],66,-1,84,-1,66
1,<environment.Job instance at 0x7fb5938256e0>,63,15,[6 3],64,-1,81,-1,66
1,<environment.Job instance at 0x7fb593825140>,68,17,[10  3],69,-1,87,-1,70
1,<environment.Job instance at 0x7fb5938252d0>,69,27,[ 5 10],70,-1,97,-1,70
1,<environment.Job instance at 0x7fb593971320>,78,20,[6 2],79,-1,100,-1,80
1,<environment.Job instance at 0x7fb593971fa0>,80,14,[3 6],81,-1,95,-1,81
1,<environment.Job instance at 0x7fb593971f00>,82,15,[1 6],83,-1,98,-1,83
1,<environment.Job instance at 0x7fb59392ccd0>,85,17,[7 1],86,-1,103,-1,86
1,<environment.Job instance at 0x7fb59392cc30>,87,18,[1 7],88,-1,106,-1,88
1,<environment.Job instance at 0x7fb59392cd70>,89,14,[10  1],90,-1,108,-1,94
1,<environment.Job instance at 0x7fb59392cd20>,94,12,[8 4],95,-1,108,-1,96
1,<environment.Job instance at 0x7fb59392cdc0>,95,15,[7 4],96,-1,111,-1,96
1,<environment.Job instance at 0x7fb59392c0a0>,98,21,[5 8],99,-1,120,-1,99
1,<environment.Job instance at 0x7fb59392c3c0>,97,14,[6 2],98,-1,114,-1,100
1,<environment.Job instance at 0x7fb593420280>,101,28,[2 8],102,-1,136,-1,108
1,<environment.Job instance at 0x7fb59392c870>,90,15,[1 6],91,-1,123,-1,108
1,<environment.Job instance at 0x7fb59d5c7c30>,103,27,[9 3],104,-1,135,-1,108
1,<environment.Job instance at 0x7fb59450d910>,102,18,[5 1],103,-1,126,-1,108
1,<environment.Job instance at 0x7fb59390a370>,106,28,[1 7],107,-1,136,-1,108
1,<environment.Job instance at 0x7fb593467140>,107,12,[ 4 10],108,-1,127,-1,115
1,<environment.Job instance at 0x7fb593420c30>,104,12,[6 5],105,-1,128,-1,116
1,<environment.Job instance at 0x7fb59412f7d0>,116,28,[9 2],117,-1,145,-1,117
1,<environment.Job instance at 0x7fb59392ce10>,88,12,[ 5 12],89,-1,134,-1,122
1,<environment.Job instance at 0x7fb593f6ad20>,119,17,[1 5],120,-1,139,-1,122
1,<environment.Job instance at 0x7fb594018370>,122,13,[4 8],123,-1,136,-1,123
1,<environment.Job instance at 0x7fb593e56280>,128,15,[ 3 11],129,-1,150,-1,135
1,<environment.Job instance at 0x7fb5944cbaa0>,134,15,[9 1],135,-1,150,-1,135
1,<environment.Job instance at 0x7fb5944cb500>,135,15,[ 2 11],136,-1,151,-1,136
1,<environment.Job instance at 0x7fb5944cbf00>,136,23,[7 4],137,-1,160,-1,137
1,<environment.Job instance at 0x7fb5944cbcd0>,138,17,[5 5],139,-1,156,-1,139
1,<environment.Job instance at 0x7fb594018960>,121,13,[1 7],122,-1,154,-1,141
1,<environment.Job instance at 0x7fb594253320>,142,13,[1 5],143,-1,156,-1,143
1,<environment.Job instance at 0x7fb594253280>,143,20,[5 4],144,-1,164,-1,144
1,<environment.Job instance at 0x7fb5939718c0>,15,2,[14  5],16,-1,36,-1,34
1,<environment.Job instance at 0x7fb59382be10>,33,27,[1 8],34,-1,127,-1,100
1,<environment.Job instance at 0x7fb593413140>,1,27,[5 1],2,-1,29,-1,2
1,<environment.Job instance at 0x7fb59426e6e0>,3,17,[8 5],4,-1,21,-1,4
1,<environment.Job instance at 0x7fb59382b6e0>,6,25,[8 3],7,-1,32,-1,7
1,<environment.Job instance at 0x7fb594264230>,8,16,[ 5 10],9,-1,25,-1,9
1,<environment.Job instance at 0x7fb594264b90>,9,18,[7 3],10,-1,28,-1,10
1,<environment.Job instance at 0x7fb594264c30>,10,16,[9 2],11,-1,28,-1,12
1,<environment.Job instance at 0x7fb59426ecd0>,11,19,[10  1],12,-1,31,-1,12
1,<environment.Job instance at 0x7fb59426c870>,15,13,[2 6],16,-1,29,-1,16
1,<environment.Job instance at 0x7fb594256cd0>,22,18,[5 9],23,-1,41,-1,23
1,<environment.Job instance at 0x7fb5942629b0>,23,16,[6 5],24,-1,40,-1,24
1,<environment.Job instance at 0x7fb594936500>,28,18,[1 9],29,-1,47,-1,29
1,<environment.Job instance at 0x7fb594256e10>,30,15,[3 9],31,-1,46,-1,31
1,<environment.Job instance at 0x7fb593840460>,33,12,[6 2],34,-1,47,-1,35
1,<environment.Job instance at 0x7fb594287370>,35,16,[5 3],36,-1,52,-1,36
1,<environment.Job instance at 0x7fb5937e1910>,34,17,[9 5],35,-1,54,-1,37
1,<environment.Job instance at 0x7fb593858370>,38,14,[9 4],39,-1,54,-1,40
1,<environment.Job instance at 0x7fb5937d0cd0>,40,26,[6 3],41,-1,67,-1,41
1,<environment.Job instance at 0x7fb593858be0>,39,13,[3 6],40,-1,68,-1,55
1,<environment.Job instance at 0x7fb5937cabe0>,47,17,[4 9],48,-1,72,-1,55
1,<environment.Job instance at 0x7fb5937f2320>,51,17,[10  4],52,-1,72,-1,55
1,<environment.Job instance at 0x7fb5937caaf0>,49,14,[6 1],50,-1,69,-1,55
1,<environment.Job instance at 0x7fb5937f2aa0>,53,12,[ 1 14],54,-1,82,-1,70
1,<environment.Job instance at 0x7fb5937f2d20>,55,18,[10  3],56,-1,88,-1,70
1,<environment.Job instance at 0x7fb5937f25a0>,57,18,[3 6],58,-1,88,-1,70
1,<environment.Job instance at 0x7fb593862460>,42,17,[ 2 11],43,-1,90,-1,73
1,<environment.Job instance at 0x7fb5937bc690>,44,1,[9 4],45,-1,74,-1,73
1,<environment.Job instance at 0x7fb5937d7be0>,64,18,[4 7],65,-1,92,-1,74
1,<environment.Job instance at 0x7fb5937d7aa0>,61,3,[8 4],62,-1,77,-1,74
1,<environment.Job instance at 0x7fb5937d7d20>,66,17,[5 5],67,-1,91,-1,74
1,<environment.Job instance at 0x7fb5937e21e0>,70,2,[4 9],71,-1,89,-1,87
1,<environment.Job instance at 0x7fb5937f2410>,56,13,[13  3],57,-1,102,-1,89
1,<environment.Job instance at 0x7fb5937e2500>,73,16,[4 9],74,-1,106,-1,90
1,<environment.Job instance at 0x7fb5937e27d0>,76,17,[11  2],77,-1,107,-1,90
1,<environment.Job instance at 0x7fb5937e29b0>,79,18,[9 5],80,-1,108,-1,90
1,<environment.Job instance at 0x7fb5937e2a50>,80,28,[5 6],81,-1,118,-1,90
1,<environment.Job instance at 0x7fb5937e2cd0>,84,17,[6 5],85,-1,118,-1,101
1,<environment.Job instance at 0x7fb5937e2c30>,83,28,[ 1 11],84,-1,148,-1,120
1,<environment.Job instance at 0x7fb5937e2e60>,87,16,[ 5 10],88,-1,136,-1,120
1,<environment.Job instance at 0x7fb593c385f0>,92,16,[9 4],93,-1,151,-1,135
1,<environment.Job instance at 0x7fb593c38910>,96,15,[9 5],97,-1,150,-1,135
1,<environment.Job instance at 0x7fb593c389b0>,97,14,[4 7],98,-1,149,-1,135
1,<environment.Job instance at 0x7fb5937e2d70>,85,23,[5 3],86,-1,160,-1,137
1,<environment.Job instance at 0x7fb593c38d70>,101,16,[ 2 10],102,-1,153,-1,137
1,<environment.Job instance at 0x7fb593c38e10>,102,17,[4 5],103,-1,156,-1,139
1,<environment.Job instance at 0x7fb593c041e0>,107,18,[10  5],108,-1,157,-1,139
1,<environment.Job instance at 0x7fb593c38f00>,106,18,[ 3 13],107,-1,157,-1,139
1,<environment.Job instance at 0x7fb593c38eb0>,103,18,[ 1 10],104,-1,158,-1,140
1,<environment.Job instance at 0x7fb593c043c0>,110,15,[ 4 10],111,-1,155,-1,140
1,<environment.Job instance at 0x7fb593c045a0>,113,15,[7 2],114,-1,155,-1,140
1,<environment.Job instance at 0x7fb593c38aa0>,100,16,[5 1],101,-1,160,-1,144
1,<environment.Job instance at 0x7fb593c048c0>,118,14,[1 7],119,-1,158,-1,144
1,<environment.Job instance at 0x7fb593c04690>,119,17,[9 4],120,-1,163,-1,146
1,<environment.Job instance at 0x7fb5937e26e0>,86,14,[13  5],87,-1,160,-1,146
1,<environment.Job instance at 0x7fb593c04460>,111,1,[9 5],112,-1,152,-1,151
1,<environment.Job instance at 0x7fb593c04cd0>,123,15,[10  4],124,-1,170,-1,155
1,<environment.Job instance at 0x7fb593c04eb0>,126,15,[ 5 10],127,-1,170,-1,155
1,<environment.Job instance at 0x7fb593c04fa0>,128,14,[8 3],129,-1,169,-1,155
1,<environment.Job instance at 0x7fb593c04f00>,129,14,[9 5],130,-1,169,-1,155
1,<environment.Job instance at 0x7fb593c04a50>,130,25,[2 8],131,-1,180,-1,155
1,<environment.Job instance at 0x7fb593c00230>,131,13,[5 8],132,-1,168,-1,155
1,<environment.Job instance at 0x7fb593c002d0>,132,18,[9 4],133,-1,173,-1,155
1,<environment.Job instance at 0x7fb593c00370>,133,18,[ 4 10],134,-1,173,-1,155
1,<environment.Job instance at 0x7fb5939728c0>,1,27,[5 1],2,-1,29,-1,2
1,<environment.Job instance at 0x7fb593aa1230>,6,25,[8 3],7,-1,33,-1,8
1,<environment.Job instance at 0x7fb593828a50>,7,13,[13  1],8,-1,21,-1,8
1,<environment.Job instance at 0x7fb59390d230>,16,25,[ 5 10],17,-1,71,-1,46
1,<environment.Job instance at 0x7fb594323aa0>,36,2,[13  5],37,-1,102,-1,100
1,<environment.Job instance at 0x7fb594323820>,40,26,[6 3],41,-1,144,-1,118
1,<environment.Job instance at 0x7fb5943236e0>,42,17,[ 2 11],43,-1,135,-1,118
1,<environment.Job instance at 0x7fb593995910>,45,23,[7 1],46,-1,156,-1,133
1,<environment.Job instance at 0x7fb5945ebbe0>,53,12,[ 1 14],54,-1,162,-1,150
1,<environment.Job instance at 0x7fb5938b1730>,3,17,[10  5],4,-1,21,-1,4
1,<environment.Job instance at 0x7fb5938b11e0>,4,17,[3 6],5,-1,22,-1,5
1,<environment.Job instance at 0x7fb5938485f0>,11,16,[2 7],12,-1,29,-1,13
1,<environment.Job instance at 0x7fb5938480a0>,15,15,[9 1],16,-1,31,-1,16
1,<environment.Job instance at 0x7fb593848870>,17,25,[9 4],18,-1,43,-1,18
1,<environment.Job instance at 0x7fb593848d20>,20,16,[2 8],21,-1,37,-1,21
1,<environment.Job instance at 0x7fb5938b1280>,12,15,[3 8],13,-1,37,-1,22
1,<environment.Job instance at 0x7fb5938481e0>,22,17,[1 7],23,-1,40,-1,23
1,<environment.Job instance at 0x7fb5938482d0>,23,17,[6 4],24,-1,41,-1,24
1,<environment.Job instance at 0x7fb593848410>,25,16,[1 6],26,-1,43,-1,27
1,<environment.Job instance at 0x7fb59496cc80>,26,16,[14  3],27,-1,43,-1,27
1,<environment.Job instance at 0x7fb59496c960>,31,18,[9 3],32,-1,53,-1,35
1,<environment.Job instance at 0x7fb59496c820>,36,22,[ 4 10],37,-1,59,-1,37
1,<environment.Job instance at 0x7fb59496ca50>,38,16,[2 7],39,-1,55,-1,39
1,<environment.Job instance at 0x7fb59496ce60>,39,16,[ 3 10],40,-1,56,-1,40
1,<environment.Job instance at 0x7fb593c87eb0>,41,13,[ 3 10],42,-1,55,-1,42
1,<environment.Job instance at 0x7fb593c87730>,42,18,[5 8],43,-1,61,-1,43
1,<environment.Job instance at 0x7fb593c87190>,45,23,[8 2],46,-1,69,-1,46
1,<environment.Job instance at 0x7fb593c95b40>,46,16,[6 1],47,-1,63,-1,47
1,<environment.Job instance at 0x7fb593c95cd0>,50,16,[5 9],51,-1,67,-1,51
1,<environment.Job instance at 0x7fb593c95870>,51,15,[9 5],52,-1,67,-1,52
1,<environment.Job instance at 0x7fb593c950a0>,52,14,[9 1],53,-1,67,-1,53
1,<environment.Job instance at 0x7fb593c95960>,53,18,[ 2 11],54,-1,72,-1,54
1,<environment.Job instance at 0x7fb593c95460>,59,16,[ 4 10],60,-1,76,-1,60
1,<environment.Job instance at 0x7fb593f80be0>,60,18,[5 8],61,-1,79,-1,61
1,<environment.Job instance at 0x7fb593f80b90>,61,17,[3 7],62,-1,79,-1,62
1,<environment.Job instance at 0x7fb593f80f50>,62,23,[7 1],63,-1,86,-1,63
1,<environment.Job instance at 0x7fb593f80e10>,64,14,[10  1],65,-1,79,-1,65
1,<environment.Job instance at 0x7fb59496c140>,34,25,[7 4],35,-1,93,-1,68
1,<environment.Job instance at 0x7fb593f80f00>,70,15,[4 9],71,-1,86,-1,71
1,<environment.Job instance at 0x7fb593f80e60>,71,15,[7 5],72,-1,87,-1,72
1,<environment.Job instance at 0x7fb593f800f0>,73,16,[8 2],74,-1,93,-1,77
1,<environment.Job instance at 0x7fb5938460f0>,76,17,[9 3],77,-1,94,-1,77
1,<environment.Job instance at 0x7fb593846280>,81,23,[ 3 13],82,-1,118,-1,95
1,<environment.Job instance at 0x7fb593f5ea00>,90,20,[9 5],91,-1,115,-1,95
1,<environment.Job instance at 0x7fb593f80d70>,72,13,[14  4],73,-1,114,-1,101
1,<environment.Job instance at 0x7fb593f5e2d0>,94,15,[7 5],95,-1,116,-1,101
1,<environment.Job instance at 0x7fb593846730>,83,16,[ 4 10],84,-1,118,-1,102
1,<environment.Job instance at 0x7fb593f5e780>,88,18,[5 8],89,-1,120,-1,102
1,<environment.Job instance at 0x7fb593dc4820>,101,18,[3 7],102,-1,121,-1,103
1,<environment.Job instance at 0x7fb5938460a0>,85,13,[4 7],86,-1,116,-1,103
1,<environment.Job instance at 0x7fb5937ca230>,102,17,[1 9],103,-1,120,-1,103
1,<environment.Job instance at 0x7fb5937c5f00>,97,15,[ 1 10],98,-1,118,-1,103
1,<environment.Job instance at 0x7fb593883cd0>,103,14,[5 5],104,-1,119,-1,105
1,<environment.Job instance at 0x7fb593ca70a0>,104,22,[9 5],105,-1,127,-1,105
1,<environment.Job instance at 0x7fb593883af0>,106,13,[3 7],107,-1,121,-1,108
1,<environment.Job instance at 0x7fb593883b40>,108,16,[1 6],109,-1,125,-1,109
1,<environment.Job instance at 0x7fb593883eb0>,107,16,[5 8],108,-1,130,-1,114
1,<environment.Job instance at 0x7fb5936a54b0>,114,14,[10  4],115,-1,130,-1,116
1,<environment.Job instance at 0x7fb593c74230>,118,12,[10  1],119,-1,141,-1,129
1,<environment.Job instance at 0x7fb5936841e0>,125,12,[5 9],126,-1,141,-1,129
1,<environment.Job instance at 0x7fb59476dbe0>,111,12,[ 1 13],112,-1,141,-1,129
1,<environment.Job instance at 0x7fb5942430f0>,120,16,[9 2],121,-1,145,-1,129
1,<environment.Job instance at 0x7fb5939d1280>,129,17,[9 2],130,-1,153,-1,136
1,<environment.Job instance at 0x7fb5940c0b90>,135,16,[11  3],136,-1,161,-1,145
1,<environment.Job instance at 0x7fb59d37ddc0>,128,17,[1 6],129,-1,163,-1,146
1,<environment.Job instance at 0x7fb593680820>,137,16,[3 5],138,-1,165,-1,149
1,<environment.Job instance at 0x7fb5936805a0>,143,18,[ 2 10],144,-1,167,-1,149
1,<environment.Job instance at 0x7fb593680550>,144,17,[8 3],145,-1,166,-1,149
1,<environment.Job instance at 0x7fb59476daf0>,110,13,[11  4],111,-1,162,-1,149
1,<environment.Job instance at 0x7fb59cff1be0>,147,17,[7 4],148,-1,167,-1,150
1,<environment.Job instance at 0x7fb59cff1460>,148,15,[8 3],149,-1,165,-1,150
1,<environment.Job instance at 0x7fb594077fa0>,149,16,[10  5],150,-1,166,-1,150
1,<environment.Job instance at 0x7fb59496c0f0>,5,18,[14  2],6,-1,24,-1,6
1,<environment.Job instance at 0x7fb593ca74b0>,17,25,[9 4],18,-1,64,-1,39
1,<environment.Job instance at 0x7fb5948b5be0>,21,3,[ 4 12],22,-1,44,-1,41
1,<environment.Job instance at 0x7fb59424a140>,26,16,[14  3],27,-1,73,-1,57
1,<environment.Job instance at 0x7fb594077eb0>,27,14,[12  5],28,-1,71,-1,57
1,<environment.Job instance at 0x7fb5938b1e10>,34,25,[7 4],35,-1,111,-1,86
1,<environment.Job instance at 0x7fb593631690>,45,23,[8 2],46,-1,145,-1,122
1,<environment.Job instance at 0x7fb5942395f0>,53,18,[ 2 11],54,-1,166,-1,148
1,<environment.Job instance at 0x7fb593f72820>,55,3,[11  2],56,-1,156,-1,153
1,<environment.Job instance at 0x7fb59493f050>,0,18,[9 2],1,-1,22,-1,4
1,<environment.Job instance at 0x7fb593a33f00>,4,12,[7 4],5,-1,17,-1,5
1,<environment.Job instance at 0x7fb593a10af0>,7,14,[11  2],8,-1,22,-1,8
1,<environment.Job instance at 0x7fb593a10e60>,9,18,[1 5],10,-1,28,-1,10
1,<environment.Job instance at 0x7fb593a10d70>,10,27,[7 4],11,-1,38,-1,11
1,<environment.Job instance at 0x7fb593a10320>,12,16,[10  2],13,-1,29,-1,13
1,<environment.Job instance at 0x7fb5938ad190>,13,15,[4 8],14,-1,29,-1,14
1,<environment.Job instance at 0x7fb5938ad410>,16,13,[9 5],17,-1,30,-1,17
1,<environment.Job instance at 0x7fb5938b4c30>,3,14,[5 5],4,-1,31,-1,17
1,<environment.Job instance at 0x7fb5938ad500>,18,14,[ 4 10],19,-1,33,-1,19
1,<environment.Job instance at 0x7fb593ac9be0>,24,19,[9 1],25,-1,44,-1,25
1,<environment.Job instance at 0x7fb5948f9c80>,31,13,[9 4],32,-1,45,-1,32
1,<environment.Job instance at 0x7fb5938adc30>,21,14,[9 5],22,-1,46,-1,32
1,<environment.Job instance at 0x7fb5948f9d20>,32,16,[1 7],33,-1,49,-1,33
1,<environment.Job instance at 0x7fb593806550>,33,13,[3 7],34,-1,48,-1,35
1,<environment.Job instance at 0x7fb59380a4b0>,34,15,[6 4],35,-1,50,-1,35
1,<environment.Job instance at 0x7fb593b65f50>,42,14,[9 3],43,-1,57,-1,43
1,<environment.Job instance at 0x7fb593888a00>,47,22,[6 1],48,-1,71,-1,49
1,<environment.Job instance at 0x7fb593888f50>,48,15,[7 1],49,-1,65,-1,50
1,<environment.Job instance at 0x7fb5948f6dc0>,37,16,[7 2],38,-1,67,-1,51
1,<environment.Job instance at 0x7fb593888870>,51,18,[5 9],52,-1,70,-1,52
1,<environment.Job instance at 0x7fb5938b3aa0>,55,17,[10  3],56,-1,73,-1,56
1,<environment.Job instance at 0x7fb593888c80>,49,14,[3 8],50,-1,72,-1,58
1,<environment.Job instance at 0x7fb593b5d6e0>,60,17,[8 4],61,-1,78,-1,61
1,<environment.Job instance at 0x7fb593b5d8c0>,61,14,[ 5 10],62,-1,76,-1,62
1,<environment.Job instance at 0x7fb593888e60>,46,16,[4 9],47,-1,79,-1,63
1,<environment.Job instance at 0x7fb5938b3780>,57,16,[8 4],58,-1,79,-1,63
1,<environment.Job instance at 0x7fb593b5d910>,62,19,[8 3],63,-1,83,-1,64
1,<environment.Job instance at 0x7fb593b5d640>,63,13,[8 3],64,-1,78,-1,65
1,<environment.Job instance at 0x7fb593b5da00>,64,17,[8 5],65,-1,83,-1,66
1,<environment.Job instance at 0x7fb593b5d960>,68,14,[9 5],69,-1,83,-1,69
1,<environment.Job instance at 0x7fb593b5de10>,69,25,[7 3],70,-1,95,-1,70
1,<environment.Job instance at 0x7fb593b5dfa0>,71,13,[5 2],72,-1,85,-1,72
1,<environment.Job instance at 0x7fb593b5db40>,66,23,[5 5],67,-1,95,-1,72
1,<environment.Job instance at 0x7fb593b75280>,74,17,[4 7],75,-1,92,-1,75
1,<environment.Job instance at 0x7fb593b75370>,76,13,[10  5],77,-1,91,-1,78
1,<environment.Job instance at 0x7fb593b75140>,73,17,[6 4],74,-1,95,-1,78
1,<environment.Job instance at 0x7fb593b75be0>,82,14,[10  1],83,-1,98,-1,84
1,<environment.Job instance at 0x7fb593b75dc0>,84,15,[8 1],85,-1,101,-1,86
1,<environment.Job instance at 0x7fb593b75f00>,85,14,[5 7],86,-1,106,-1,92
1,<environment.Job instance at 0x7fb593b5d550>,58,14,[6 3],59,-1,109,-1,95
1,<environment.Job instance at 0x7fb593b60370>,90,18,[5 4],91,-1,114,-1,96
1,<environment.Job instance at 0x7fb593b75eb0>,87,15,[3 9],88,-1,111,-1,96
1,<environment.Job instance at 0x7fb593b60550>,94,1,[1 7],95,-1,97,-1,96
1,<environment.Job instance at 0x7fb593b609b0>,96,17,[ 1 13],97,-1,114,-1,97
1,<environment.Job instance at 0x7fb593b60a50>,97,18,[ 3 12],98,-1,116,-1,98
1,<environment.Job instance at 0x7fb593b603c0>,98,18,[ 4 10],99,-1,124,-1,106
1,<environment.Job instance at 0x7fb593b60d20>,103,16,[3 8],104,-1,122,-1,106
1,<environment.Job instance at 0x7fb593b60dc0>,104,16,[9 2],105,-1,122,-1,106
1,<environment.Job instance at 0x7fb593b5b280>,106,18,[3 6],107,-1,125,-1,107
1,<environment.Job instance at 0x7fb593b5b2d0>,107,18,[5 5],108,-1,126,-1,108
1,<environment.Job instance at 0x7fb593b5b870>,113,18,[4 5],114,-1,132,-1,114
1,<environment.Job instance at 0x7fb593b60b40>,100,14,[2 6],101,-1,133,-1,119
1,<environment.Job instance at 0x7fb593b5baa0>,115,18,[5 8],116,-1,137,-1,119
1,<environment.Job instance at 0x7fb593b5bdc0>,121,16,[6 5],122,-1,138,-1,122
1,<environment.Job instance at 0x7fb593b5ba00>,119,23,[4 9],120,-1,149,-1,126
1,<environment.Job instance at 0x7fb593b5b1e0>,108,22,[ 1 13],109,-1,148,-1,126
1,<environment.Job instance at 0x7fb593b45230>,124,22,[5 8],125,-1,150,-1,128
1,<environment.Job instance at 0x7fb593b453c0>,125,16,[6 5],126,-1,144,-1,128
1,<environment.Job instance at 0x7fb593b455f0>,127,18,[9 4],128,-1,147,-1,129
1,<environment.Job instance at 0x7fb593b3a4b0>,139,18,[1 9],140,-1,171,-1,153
1,<environment.Job instance at 0x7fb593b75320>,7,14,[11  2],8,-1,22,-1,8
1,<environment.Job instance at 0x7fb593b75870>,8,15,[ 3 14],9,-1,24,-1,9
1,<environment.Job instance at 0x7fb593b75d70>,10,27,[7 4],11,-1,46,-1,19
1,<environment.Job instance at 0x7fb593b5bfa0>,15,2,[ 1 12],16,-1,23,-1,21
1,<environment.Job instance at 0x7fb593b45910>,20,25,[ 1 14],21,-1,73,-1,48
1,<environment.Job instance at 0x7fb593b3af00>,23,1,[ 4 13],24,-1,61,-1,60
1,<environment.Job instance at 0x7fb593f49870>,25,3,[ 4 11],26,-1,65,-1,62
1,<environment.Job instance at 0x7fb593cb84b0>,38,3,[11  1],39,-1,120,-1,117
1,<environment.Job instance at 0x7fb5937f6d70>,1,13,[9 1],2,-1,28,-1,15
1,<environment.Job instance at 0x7fb59370f190>,8,1,[9 5],9,-1,16,-1,15
1,<environment.Job instance at 0x7fb59370feb0>,3,17,[14  2],4,-1,32,-1,15
1,<environment.Job instance at 0x7fb59370f910>,5,20,[10  3],6,-1,36,-1,16
1,<environment.Job instance at 0x7fb59370fcd0>,12,18,[9 2],13,-1,34,-1,16
1,<environment.Job instance at 0x7fb59370f960>,4,15,[10  2],5,-1,31,-1,16
1,<environment.Job instance at 0x7fb593680960>,14,14,[5 9],15,-1,30,-1,16
1,<environment.Job instance at 0x7fb593680a00>,17,23,[6 1],18,-1,47,-1,24
1,<environment.Job instance at 0x7fb59d347190>,25,12,[8 3],26,-1,39,-1,27
1,<environment.Job instance at 0x7fb593b7f460>,26,18,[ 2 10],27,-1,45,-1,27
1,<environment.Job instance at 0x7fb593b7f0f0>,27,17,[5 5],28,-1,45,-1,28
1,<environment.Job instance at 0x7fb593b7fdc0>,28,14,[9 5],29,-1,44,-1,30
1,<environment.Job instance at 0x7fb593b7f140>,30,25,[9 4],31,-1,56,-1,31
1,<environment.Job instance at 0x7fb593b7f690>,31,15,[7 3],32,-1,47,-1,32
1,<environment.Job instance at 0x7fb593b7f820>,32,17,[1 5],33,-1,50,-1,33
1,<environment.Job instance at 0x7fb5947031e0>,34,28,[ 5 10],35,-1,63,-1,35
1,<environment.Job instance at 0x7fb594703910>,36,13,[5 9],37,-1,50,-1,37
1,<environment.Job instance at 0x7fb594703230>,38,26,[4 9],39,-1,65,-1,39
1,<environment.Job instance at 0x7fb5947035a0>,40,18,[5 4],41,-1,60,-1,42
1,<environment.Job instance at 0x7fb594703b90>,44,16,[8 1],45,-1,63,-1,47
1,<environment.Job instance at 0x7fb59375d280>,48,19,[2 7],49,-1,68,-1,49
1,<environment.Job instance at 0x7fb59375d320>,50,12,[2 6],51,-1,63,-1,51
1,<environment.Job instance at 0x7fb59375df00>,52,22,[5 4],53,-1,75,-1,53
1,<environment.Job instance at 0x7fb59375d500>,54,13,[5 8],55,-1,68,-1,55
1,<environment.Job instance at 0x7fb59375d8c0>,56,18,[1 5],57,-1,75,-1,57
1,<environment.Job instance at 0x7fb59375dc80>,58,17,[7 5],59,-1,76,-1,59
1,<environment.Job instance at 0x7fb59375d410>,59,13,[4 8],60,-1,73,-1,60
1,<environment.Job instance at 0x7fb59375d1e0>,60,17,[10  1],61,-1,78,-1,61
1,<environment.Job instance at 0x7fb59375d730>,61,16,[2 5],62,-1,78,-1,62
1,<environment.Job instance at 0x7fb59375d460>,62,15,[2 5],63,-1,78,-1,63
1,<environment.Job instance at 0x7fb59375d870>,63,16,[1 5],64,-1,80,-1,64
1,<environment.Job instance at 0x7fb59421d910>,65,15,[5 4],66,-1,81,-1,66
1,<environment.Job instance at 0x7fb59421d550>,69,16,[5 6],70,-1,86,-1,70
1,<environment.Job instance at 0x7fb59421d3c0>,70,18,[4 5],71,-1,89,-1,71
1,<environment.Job instance at 0x7fb59421d190>,71,18,[4 9],72,-1,90,-1,72
1,<environment.Job instance at 0x7fb59421de10>,74,19,[2 5],75,-1,95,-1,76
1,<environment.Job instance at 0x7fb59d4da1e0>,46,16,[ 5 12],47,-1,93,-1,77
1,<environment.Job instance at 0x7fb5936aa690>,84,22,[1 8],85,-1,108,-1,86
1,<environment.Job instance at 0x7fb5936aa500>,89,17,[9 1],90,-1,111,-1,94
1,<environment.Job instance at 0x7fb593652a50>,94,15,[5 3],95,-1,110,-1,95
1,<environment.Job instance at 0x7fb59421d9b0>,67,26,[10  5],68,-1,121,-1,95
1,<environment.Job instance at 0x7fb593652190>,95,15,[8 3],96,-1,111,-1,96
1,<environment.Job instance at 0x7fb59d1a52d0>,100,13,[10  5],101,-1,114,-1,101
1,<environment.Job instance at 0x7fb59d1a5320>,101,12,[8 2],102,-1,115,-1,103
1,<environment.Job instance at 0x7fb59375bb90>,102,22,[5 3],103,-1,126,-1,104
1,<environment.Job instance at 0x7fb593652870>,92,26,[1 5],93,-1,131,-1,105
1,<environment.Job instance at 0x7fb5936aaa00>,88,13,[14  3],89,-1,122,-1,109
1,<environment.Job instance at 0x7fb59d1a50f0>,104,15,[4 7],105,-1,124,-1,109
1,<environment.Job instance at 0x7fb59d48baf0>,107,24,[2 8],108,-1,133,-1,109
1,<environment.Job instance at 0x7fb593652640>,93,17,[ 4 10],94,-1,126,-1,109
1,<environment.Job instance at 0x7fb5938a9f00>,110,12,[ 5 10],111,-1,124,-1,112
1,<environment.Job instance at 0x7fb593616c80>,111,16,[4 9],112,-1,131,-1,115
1,<environment.Job instance at 0x7fb5946ffaf0>,112,15,[1 6],113,-1,130,-1,115
1,<environment.Job instance at 0x7fb59421dbe0>,75,14,[ 3 10],76,-1,129,-1,115
1,<environment.Job instance at 0x7fb593b481e0>,109,13,[14  2],110,-1,128,-1,115
1,<environment.Job instance at 0x7fb5946ff960>,114,13,[1 9],115,-1,129,-1,116
1,<environment.Job instance at 0x7fb594a44d20>,116,18,[7 1],117,-1,135,-1,117
1,<environment.Job instance at 0x7fb594223e10>,121,23,[9 4],122,-1,145,-1,122
1,<environment.Job instance at 0x7fb59367c5a0>,126,16,[9 3],127,-1,148,-1,132
1,<environment.Job instance at 0x7fb59d01d5a0>,119,15,[ 1 14],120,-1,147,-1,132
1,<environment.Job instance at 0x7fb593d90cd0>,128,16,[5 1],129,-1,148,-1,132
1,<environment.Job instance at 0x7fb5949e1f50>,131,14,[3 5],132,-1,146,-1,132
1,<environment.Job instance at 0x7fb593ab7c80>,132,14,[6 3],133,-1,147,-1,133
1,<environment.Job instance at 0x7fb5937537d0>,113,26,[1 8],114,-1,159,-1,133
1,<environment.Job instance at 0x7fb593ab7370>,133,12,[4 5],134,-1,146,-1,134
1,<environment.Job instance at 0x7fb593ab7a00>,134,3,[3 9],135,-1,138,-1,135
1,<environment.Job instance at 0x7fb593ab70f0>,135,2,[10  1],136,-1,138,-1,136
1,<environment.Job instance at 0x7fb593ab71e0>,136,3,[ 1 10],137,-1,140,-1,137
1,<environment.Job instance at 0x7fb593ab72d0>,137,17,[4 6],138,-1,155,-1,138
1,<environment.Job instance at 0x7fb593ab7780>,138,3,[5 9],139,-1,142,-1,139
1,<environment.Job instance at 0x7fb593ab7f50>,139,1,[10  2],140,-1,141,-1,140
1,<environment.Job instance at 0x7fb593ab70a0>,140,18,[3 6],141,-1,159,-1,141
1,<environment.Job instance at 0x7fb593d90280>,130,17,[4 7],131,-1,159,-1,142
1,<environment.Job instance at 0x7fb5943880f0>,142,16,[1 9],143,-1,160,-1,144
1,<environment.Job instance at 0x7fb593680dc0>,3,17,[14  2],4,-1,21,-1,4
1,<environment.Job instance at 0x7fb5946ff6e0>,16,2,[ 5 12],17,-1,37,-1,35
1,<environment.Job instance at 0x7fb59493b910>,17,23,[6 1],18,-1,60,-1,37
1,<environment.Job instance at 0x7fb593f805a0>,30,25,[9 4],31,-1,104,-1,79
1,<environment.Job instance at 0x7fb59363e1e0>,34,28,[ 5 10],35,-1,124,-1,96
1,<environment.Job instance at 0x7fb59d025e10>,37,27,[2 9],38,-1,124,-1,97
1,<environment.Job instance at 0x7fb593759e60>,38,26,[4 9],39,-1,123,-1,97
1,<environment.Job instance at 0x7fb5938a9c30>,46,16,[ 5 12],47,-1,131,-1,115
1,<environment.Job instance at 0x7fb593184c80>,5,17,[ 5 10],6,-1,23,-1,6
1,<environment.Job instance at 0x7fb593184d70>,7,1,[ 5 10],8,-1,9,-1,8
1,<environment.Job instance at 0x7fb593184910>,8,12,[6 1],9,-1,21,-1,9
1,<environment.Job instance at 0x7fb593184d20>,10,15,[6 2],11,-1,26,-1,11
1,<environment.Job instance at 0x7fb593184960>,12,16,[5 3],13,-1,29,-1,13
1,<environment.Job instance at 0x7fb593184370>,13,16,[9 5],14,-1,30,-1,14
1,<environment.Job instance at 0x7fb593184500>,14,16,[8 5],15,-1,31,-1,15
1,<environment.Job instance at 0x7fb593184a50>,17,14,[ 5 10],18,-1,32,-1,18
1,<environment.Job instance at 0x7fb593184e60>,19,16,[6 2],20,-1,36,-1,20
1,<environment.Job instance at 0x7fb59318b870>,22,16,[9 3],23,-1,39,-1,23
1,<environment.Job instance at 0x7fb59318ba50>,24,16,[7 3],25,-1,41,-1,25
1,<environment.Job instance at 0x7fb59318bb90>,25,22,[5 2],26,-1,48,-1,26
1,<environment.Job instance at 0x7fb59318b550>,30,13,[11  3],31,-1,44,-1,31
1,<environment.Job instance at 0x7fb59318b960>,31,28,[7 5],32,-1,60,-1,32
1,<environment.Job instance at 0x7fb59318be10>,32,14,[6 1],33,-1,47,-1,33
1,<environment.Job instance at 0x7fb59318b280>,34,26,[7 1],35,-1,61,-1,35
1,<environment.Job instance at 0x7fb59318b5f0>,35,18,[10  4],36,-1,54,-1,36
1,<environment.Job instance at 0x7fb5932516e0>,41,18,[4 9],42,-1,60,-1,42
1,<environment.Job instance at 0x7fb593251b40>,42,18,[3 6],43,-1,61,-1,43
1,<environment.Job instance at 0x7fb593251230>,45,16,[2 7],46,-1,62,-1,46
1,<environment.Job instance at 0x7fb593251af0>,48,18,[8 3],49,-1,68,-1,50
1,<environment.Job instance at 0x7fb593251910>,50,24,[10  5],51,-1,75,-1,51
1,<environment.Job instance at 0x7fb593251780>,52,15,[ 2 10],53,-1,68,-1,53
1,<environment.Job instance at 0x7fb593216f50>,53,18,[6 3],54,-1,72,-1,54
1,<environment.Job instance at 0x7fb593216280>,54,17,[10  3],55,-1,72,-1,55
1,<environment.Job instance at 0x7fb5932166e0>,55,18,[ 2 11],56,-1,74,-1,56
1,<environment.Job instance at 0x7fb593216050>,56,13,[11  3],57,-1,70,-1,57
1,<environment.Job instance at 0x7fb593216550>,57,18,[6 4],58,-1,76,-1,58
1,<environment.Job instance at 0x7fb593216190>,58,27,[5 1],59,-1,86,-1,59
1,<environment.Job instance at 0x7fb593216cd0>,59,15,[9 3],60,-1,75,-1,60
1,<environment.Job instance at 0x7fb5943c75a0>,63,12,[4 8],64,-1,76,-1,64
1,<environment.Job instance at 0x7fb5943c7280>,66,15,[4 7],67,-1,82,-1,67
1,<environment.Job instance at 0x7fb593ddda50>,77,17,[13  5],78,-1,110,-1,93
1,<environment.Job instance at 0x7fb594a04190>,80,17,[5 9],81,-1,110,-1,93
1,<environment.Job instance at 0x7fb5936c2be0>,87,18,[ 5 10],88,-1,111,-1,93
1,<environment.Job instance at 0x7fb593251280>,49,15,[6 5],50,-1,112,-1,97
1,<environment.Job instance at 0x7fb59324fc80>,92,12,[10  2],93,-1,109,-1,97
1,<environment.Job instance at 0x7fb59324f140>,94,18,[ 2 10],95,-1,115,-1,97
1,<environment.Job instance at 0x7fb593ffdd20>,81,17,[9 4],82,-1,114,-1,97
1,<environment.Job instance at 0x7fb59324f050>,95,14,[8 4],96,-1,111,-1,97
1,<environment.Job instance at 0x7fb5931a55f0>,97,18,[5 9],98,-1,117,-1,99
1,<environment.Job instance at 0x7fb5943c7f50>,68,27,[1 7],69,-1,130,-1,103
1,<environment.Job instance at 0x7fb5932f0d70>,100,17,[8 2],101,-1,122,-1,105
1,<environment.Job instance at 0x7fb59324fe10>,96,18,[ 2 10],97,-1,123,-1,105
1,<environment.Job instance at 0x7fb5932f0960>,101,14,[4 9],102,-1,120,-1,106
1,<environment.Job instance at 0x7fb5942ca820>,1,3,[13  1],2,-1,5,-1,2
1,<environment.Job instance at 0x7fb5942d06e0>,15,1,[ 3 12],16,-1,23,-1,22
1,<environment.Job instance at 0x7fb5942d00a0>,18,3,[ 5 12],19,-1,40,-1,37
1,<environment.Job instance at 0x7fb59367d780>,26,1,[11  1],27,-1,71,-1,70
1,<environment.Job instance at 0x7fb59498c410>,30,13,[11  3],31,-1,96,-1,83
1,<environment.Job instance at 0x7fb594654550>,31,28,[7 5],32,-1,112,-1,84
1,<environment.Job instance at 0x7fb59465e4b0>,33,2,[14  5],34,-1,86,-1,84
1,<environment.Job instance at 0x7fb59465efa0>,34,26,[7 1],35,-1,112,-1,86
1,<environment.Job instance at 0x7fb5942aef50>,47,13,[13  4],48,-1,150,-1,137
1,<environment.Job instance at 0x7fb5942ae690>,51,3,[ 4 12],52,-1,156,-1,153
1,<environment.Job instance at 0x7fb5945d3f50>,50,24,[10  5],51,-1,178,-1,154
1,<environment.Job instance at 0x7fb59350ee10>,10,12,[10  4],11,-1,25,-1,13
1,<environment.Job instance at 0x7fb59350ec80>,14,26,[10  2],15,-1,41,-1,15
1,<environment.Job instance at 0x7fb59350e5a0>,16,16,[ 5 10],17,-1,33,-1,17
1,<environment.Job instance at 0x7fb59350ea00>,12,18,[ 5 10],13,-1,35,-1,17
1,<environment.Job instance at 0x7fb59350e280>,22,20,[5 2],23,-1,44,-1,24
1,<environment.Job instance at 0x7fb594963460>,25,15,[5 1],26,-1,41,-1,26
1,<environment.Job instance at 0x7fb594963960>,33,15,[8 4],34,-1,49,-1,34
1,<environment.Job instance at 0x7fb5949635f0>,36,20,[4 9],37,-1,57,-1,37
1,<environment.Job instance at 0x7fb59d026af0>,40,16,[6 2],41,-1,57,-1,41
1,<environment.Job instance at 0x7fb59d026780>,43,21,[5 7],44,-1,65,-1,44
1,<environment.Job instance at 0x7fb59d0265a0>,44,14,[10  4],45,-1,64,-1,50
1,<environment.Job instance at 0x7fb593e03640>,50,13,[10  1],51,-1,64,-1,51
1,<environment.Job instance at 0x7fb593e03820>,51,16,[5 7],52,-1,68,-1,52
1,<environment.Job instance at 0x7fb59d026230>,49,27,[ 5 11],50,-1,80,-1,53
1,<environment.Job instance at 0x7fb593e03e60>,52,19,[4 7],53,-1,73,-1,54
1,<environment.Job instance at 0x7fb593e03960>,56,19,[9 4],57,-1,76,-1,57
1,<environment.Job instance at 0x7fb593e03230>,57,18,[4 7],58,-1,76,-1,58
1,<environment.Job instance at 0x7fb59d039c30>,68,24,[8 3],69,-1,180,-1,156
1,<environment.Job instance at 0x7fb5937ab190>,80,22,[1 9],81,-1,180,-1,158
1,<environment.Job instance at 0x7fb5937ab8c0>,89,17,[8 4],90,-1,175,-1,158
1,<environment.Job instance at 0x7fb5937ab5f0>,91,16,[2 6],92,-1,174,-1,158
1,<environment.Job instance at 0x7fb593cd7eb0>,1,3,[ 3 11],2,-1,5,-1,2
1,<environment.Job instance at 0x7fb5935fb320>,8,18,[ 4 12],9,-1,27,-1,9
1,<environment.Job instance at 0x7fb5940735a0>,14,26,[10  2],15,-1,50,-1,24
1,<environment.Job instance at 0x7fb593abfd20>,27,15,[13  3],28,-1,54,-1,39
1,<environment.Job instance at 0x7fb593311460>,41,2,[ 2 13],42,-1,72,-1,70
1,<environment.Job instance at 0x7fb5932ef4b0>,48,2,[12  1],49,-1,98,-1,96
1,<environment.Job instance at 0x7fb59d38a820>,49,27,[ 5 11],50,-1,123,-1,96
1,<environment.Job instance at 0x7fb593888c30>,53,25,[9 3],54,-1,136,-1,111
1,<environment.Job instance at 0x7fb59d0270f0>,58,17,[ 2 12],59,-1,132,-1,115
1,<environment.Job instance at 0x7fb593271b40>,60,26,[9 4],61,-1,153,-1,127
1,<environment.Job instance at 0x7fb593be6eb0>,65,14,[13  2],66,-1,155,-1,141
1,<environment.Job instance at 0x7fb5939d11e0>,68,24,[8 3],69,-1,182,-1,158
1,<environment.Job instance at 0x7fb5930dec30>,1,23,[7 5],2,-1,25,-1,2
1,<environment.Job instance at 0x7fb5930de280>,2,28,[8 2],3,-1,31,-1,3
1,<environment.Job instance at 0x7fb5930de050>,3,22,[5 4],4,-1,26,-1,4
1,<environment.Job instance at 0x7fb5930de320>,5,17,[ 4 10],6,-1,24,-1,7
1,<environment.Job instance at 0x7fb593a48190>,11,17,[6 5],12,-1,29,-1,12
1,<environment.Job instance at 0x7fb593a48550>,13,18,[10  5],14,-1,32,-1,14
1,<environment.Job instance at 0x7fb593a48500>,16,16,[3 6],17,-1,33,-1,17
1,<environment.Job instance at 0x7fb5938a5140>,23,18,[4 9],24,-1,42,-1,24
1,<environment.Job instance at 0x7fb5938a53c0>,24,26,[7 4],25,-1,51,-1,25
1,<environment.Job instance at 0x7fb593453e10>,28,16,[1 8],29,-1,46,-1,30
1,<environment.Job instance at 0x7fb5934534b0>,31,13,[5 5],32,-1,45,-1,32
1,<environment.Job instance at 0x7fb593453aa0>,29,12,[9 3],30,-1,44,-1,32
1,<environment.Job instance at 0x7fb593453910>,34,17,[10  4],35,-1,56,-1,39
1,<environment.Job instance at 0x7fb593453d20>,38,16,[14  5],39,-1,55,-1,39
1,<environment.Job instance at 0x7fb593861550>,41,16,[8 1],42,-1,59,-1,43
1,<environment.Job instance at 0x7fb593861dc0>,47,19,[4 7],48,-1,67,-1,48
1,<environment.Job instance at 0x7fb593861f00>,49,15,[6 1],50,-1,65,-1,50
1,<environment.Job instance at 0x7fb593861be0>,50,17,[2 8],51,-1,68,-1,51
1,<environment.Job instance at 0x7fb593861e60>,52,12,[10  3],53,-1,66,-1,54
1,<environment.Job instance at 0x7fb593861870>,54,16,[6 3],55,-1,71,-1,55
1,<environment.Job instance at 0x7fb59d1a5370>,57,18,[7 1],58,-1,76,-1,58
1,<environment.Job instance at 0x7fb59d1a53c0>,58,16,[10  3],59,-1,75,-1,59
1,<environment.Job instance at 0x7fb59d1a50f0>,59,15,[9 3],60,-1,75,-1,60
1,<environment.Job instance at 0x7fb5939f6b40>,62,22,[6 2],63,-1,85,-1,63
1,<environment.Job instance at 0x7fb5939f6f00>,63,16,[4 9],64,-1,80,-1,64
1,<environment.Job instance at 0x7fb5939f6d70>,64,23,[6 5],65,-1,88,-1,65
1,<environment.Job instance at 0x7fb5939f6af0>,68,12,[ 3 10],69,-1,81,-1,69
1,<environment.Job instance at 0x7fb5939f64b0>,71,12,[1 7],72,-1,84,-1,72
1,<environment.Job instance at 0x7fb593412eb0>,72,17,[1 6],73,-1,90,-1,73
1,<environment.Job instance at 0x7fb593412370>,73,21,[7 4],74,-1,95,-1,74
1,<environment.Job instance at 0x7fb593412320>,80,26,[5 7],81,-1,107,-1,81
1,<environment.Job instance at 0x7fb593412410>,81,16,[ 2 10],82,-1,98,-1,82
1,<environment.Job instance at 0x7fb5935d07d0>,89,27,[5 9],90,-1,118,-1,91
1,<environment.Job instance at 0x7fb593412500>,83,15,[10  1],84,-1,107,-1,92
1,<environment.Job instance at 0x7fb5935d09b0>,92,26,[ 1 10],93,-1,119,-1,93
1,<environment.Job instance at 0x7fb593467640>,93,28,[3 5],94,-1,122,-1,94
1,<environment.Job instance at 0x7fb59d352500>,94,16,[5 6],95,-1,111,-1,95
1,<environment.Job instance at 0x7fb59d352b40>,95,16,[10  2],96,-1,112,-1,96
1,<environment.Job instance at 0x7fb5935d0f00>,84,20,[5 9],85,-1,120,-1,100
1,<environment.Job instance at 0x7fb59d352370>,99,12,[ 5 10],100,-1,112,-1,100
1,<environment.Job instance at 0x7fb593b37780>,100,20,[5 8],101,-1,123,-1,103
1,<environment.Job instance at 0x7fb59d352e60>,106,18,[3 5],107,-1,125,-1,107
1,<environment.Job instance at 0x7fb593ce0d70>,107,14,[8 3],108,-1,123,-1,109
1,<environment.Job instance at 0x7fb593292af0>,110,21,[5 2],111,-1,132,-1,111
1,<environment.Job instance at 0x7fb5935d0aa0>,87,15,[1 7],88,-1,127,-1,112
1,<environment.Job instance at 0x7fb593292b40>,111,12,[7 5],112,-1,126,-1,114
1,<environment.Job instance at 0x7fb59d5bd0f0>,112,16,[11  5],113,-1,130,-1,114
1,<environment.Job instance at 0x7fb59429acd0>,114,18,[3 8],115,-1,133,-1,115
1,<environment.Job instance at 0x7fb59cf812d0>,116,14,[3 9],117,-1,132,-1,118
1,<environment.Job instance at 0x7fb593ea5370>,118,13,[5 9],119,-1,133,-1,120
1,<environment.Job instance at 0x7fb593ea5be0>,121,17,[2 9],122,-1,140,-1,123
1,<environment.Job instance at 0x7fb5932f0b90>,130,12,[3 8],131,-1,143,-1,131
1,<environment.Job instance at 0x7fb5935d0690>,88,18,[5 6],89,-1,152,-1,134
1,<environment.Job instance at 0x7fb593ad2f00>,135,23,[7 4],136,-1,163,-1,140
1,<environment.Job instance at 0x7fb593ad2320>,136,23,[5 6],137,-1,163,-1,140
1,<environment.Job instance at 0x7fb5934128c0>,75,15,[ 5 11],76,-1,155,-1,140
1,<environment.Job instance at 0x7fb59d4f9780>,138,25,[ 5 10],139,-1,165,-1,140
1,<environment.Job instance at 0x7fb5931e2a50>,109,14,[ 1 13],110,-1,154,-1,140
1,<environment.Job instance at 0x7fb593ad2a50>,134,18,[6 3],135,-1,160,-1,142
1,<environment.Job instance at 0x7fb593b64820>,128,14,[7 3],129,-1,156,-1,142
1,<environment.Job instance at 0x7fb593a00a00>,141,12,[ 5 11],142,-1,154,-1,142
1,<environment.Job instance at 0x7fb5941cfbe0>,142,18,[9 5],143,-1,161,-1,143
1,<environment.Job instance at 0x7fb5941cf4b0>,145,15,[9 5],146,-1,161,-1,146
1,<environment.Job instance at 0x7fb5938a52d0>,1,23,[7 5],2,-1,25,-1,2
1,<environment.Job instance at 0x7fb5938a5e60>,2,28,[8 2],3,-1,31,-1,3
1,<environment.Job instance at 0x7fb593ad2f50>,25,1,[12  3],26,-1,50,-1,49
1,<environment.Job instance at 0x7fb5932f0640>,24,26,[7 4],25,-1,76,-1,50
1,<environment.Job instance at 0x7fb5943e8190>,38,16,[14  5],39,-1,92,-1,76
1,<environment.Job instance at 0x7fb5942b26e0>,42,14,[ 2 12],43,-1,95,-1,81
1,<environment.Job instance at 0x7fb5942b2e10>,45,15,[ 2 12],46,-1,109,-1,94
1,<environment.Job instance at 0x7fb5942b6960>,3,20,[5 2],4,-1,24,-1,4
1,<environment.Job instance at 0x7fb5942b6140>,5,15,[8 2],6,-1,21,-1,6
1,<environment.Job instance at 0x7fb59326e320>,13,14,[2 9],14,-1,28,-1,14
1,<environment.Job instance at 0x7fb59326e5f0>,14,12,[9 4],15,-1,27,-1,15
1,<environment.Job instance at 0x7fb59326e550>,8,12,[12  2],9,-1,29,-1,17
1,<environment.Job instance at 0x7fb594a5ea50>,18,12,[3 5],19,-1,31,-1,19
1,<environment.Job instance at 0x7fb594a5e050>,20,25,[8 3],21,-1,46,-1,21
1,<environment.Job instance at 0x7fb594a5ee10>,21,27,[8 1],22,-1,49,-1,22
1,<environment.Job instance at 0x7fb594a5e4b0>,26,17,[3 8],27,-1,44,-1,27
1,<environment.Job instance at 0x7fb594a5e190>,27,27,[2 6],28,-1,55,-1,28
1,<environment.Job instance at 0x7fb59d04e7d0>,29,18,[5 2],30,-1,48,-1,30
1,<environment.Job instance at 0x7fb59d04eb40>,32,13,[9 4],33,-1,46,-1,33
1,<environment.Job instance at 0x7fb59d04e5a0>,35,18,[5 5],36,-1,54,-1,36
1,<environment.Job instance at 0x7fb59d04e780>,36,14,[10  1],37,-1,51,-1,37
1,<environment.Job instance at 0x7fb59d4fa190>,37,26,[ 5 10],38,-1,64,-1,38
1,<environment.Job instance at 0x7fb59d4fa820>,38,14,[3 7],39,-1,53,-1,39
1,<environment.Job instance at 0x7fb59d4fa2d0>,40,17,[4 8],41,-1,58,-1,41
1,<environment.Job instance at 0x7fb59d4fa0f0>,41,17,[3 6],42,-1,59,-1,42
1,<environment.Job instance at 0x7fb59d4fa780>,42,17,[ 4 10],43,-1,60,-1,43
1,<environment.Job instance at 0x7fb59408fb90>,49,18,[5 5],50,-1,68,-1,50
1,<environment.Job instance at 0x7fb59408fbe0>,50,16,[5 4],51,-1,67,-1,51
1,<environment.Job instance at 0x7fb59408fe60>,51,18,[5 5],52,-1,70,-1,52
1,<environment.Job instance at 0x7fb59408fdc0>,52,28,[5 1],53,-1,81,-1,53
1,<environment.Job instance at 0x7fb5943e3dc0>,54,17,[6 1],55,-1,72,-1,55
1,<environment.Job instance at 0x7fb5943e3cd0>,56,17,[3 7],57,-1,74,-1,57
1,<environment.Job instance at 0x7fb593333730>,61,17,[ 4 10],62,-1,79,-1,62
1,<environment.Job instance at 0x7fb593a267d0>,64,23,[2 9],65,-1,88,-1,65
1,<environment.Job instance at 0x7fb5933200a0>,65,18,[5 3],66,-1,84,-1,66
1,<environment.Job instance at 0x7fb5945dbb90>,70,12,[ 4 10],71,-1,83,-1,71
1,<environment.Job instance at 0x7fb5936e5be0>,72,16,[9 2],73,-1,89,-1,73
1,<environment.Job instance at 0x7fb5936e57d0>,73,15,[5 8],74,-1,89,-1,74
1,<environment.Job instance at 0x7fb59433c410>,78,26,[2 5],79,-1,105,-1,79
1,<environment.Job instance at 0x7fb5936da8c0>,79,28,[4 8],80,-1,108,-1,80
1,<environment.Job instance at 0x7fb5937b4fa0>,80,28,[1 5],81,-1,109,-1,81
1,<environment.Job instance at 0x7fb59d01db40>,83,13,[10  1],84,-1,97,-1,84
1,<environment.Job instance at 0x7fb59cfbb050>,86,22,[7 4],87,-1,109,-1,87
1,<environment.Job instance at 0x7fb5935dba00>,88,18,[5 5],89,-1,107,-1,89
1,<environment.Job instance at 0x7fb593642190>,89,15,[3 6],90,-1,110,-1,95
1,<environment.Job instance at 0x7fb594a5aeb0>,94,18,[ 2 10],95,-1,115,-1,97
1,<environment.Job instance at 0x7fb593447910>,98,14,[9 3],99,-1,117,-1,103
1,<environment.Job instance at 0x7fb59494ab90>,102,18,[7 2],103,-1,121,-1,103
1,<environment.Job instance at 0x7fb59494a780>,104,16,[5 8],105,-1,122,-1,106
1,<environment.Job instance at 0x7fb59494a820>,107,12,[10  4],108,-1,137,-1,125
1,<environment.Job instance at 0x7fb593b01af0>,116,20,[10  4],117,-1,145,-1,125
1,<environment.Job instance at 0x7fb593b01d70>,113,15,[3 5],114,-1,140,-1,125
1,<environment.Job instance at 0x7fb593b01960>,119,13,[3 6],120,-1,138,-1,125
1,<environment.Job instance at 0x7fb59367cc30>,125,17,[5 8],126,-1,144,-1,127
1,<environment.Job instance at 0x7fb5936d6af0>,127,2,[7 3],128,-1,130,-1,128
1,<environment.Job instance at 0x7fb5932f7c30>,128,12,[6 2],129,-1,141,-1,129
1,<environment.Job instance at 0x7fb593ad3140>,130,16,[8 2],131,-1,147,-1,131
1,<environment.Job instance at 0x7fb5944e7f00>,131,12,[9 4],132,-1,144,-1,132
1,<environment.Job instance at 0x7fb59494a9b0>,105,16,[2 7],106,-1,148,-1,132
1,<environment.Job instance at 0x7fb594019f50>,132,17,[5 5],133,-1,151,-1,134
1,<environment.Job instance at 0x7fb5933db3c0>,134,13,[6 5],135,-1,148,-1,135
1,<environment.Job instance at 0x7fb594539c80>,140,12,[9 2],141,-1,153,-1,141
1,<environment.Job instance at 0x7fb59391e500>,141,24,[2 6],142,-1,166,-1,142
1,<environment.Job instance at 0x7fb59443d280>,142,15,[4 9],143,-1,158,-1,143
1,<environment.Job instance at 0x7fb5945a3e60>,143,13,[7 3],144,-1,158,-1,145
1,<environment.Job instance at 0x7fb5945a3b40>,146,15,[6 4],147,-1,162,-1,147
1,<environment.Job instance at 0x7fb5941f0320>,7,2,[ 5 11],8,-1,10,-1,8
1,<environment.Job instance at 0x7fb593b019b0>,8,12,[12  2],9,-1,21,-1,9
1,<environment.Job instance at 0x7fb59494a640>,10,2,[ 4 14],11,-1,13,-1,11
1,<environment.Job instance at 0x7fb593d82e60>,20,25,[8 3],21,-1,57,-1,32
1,<environment.Job instance at 0x7fb593d82370>,21,27,[8 1],22,-1,59,-1,32
1,<environment.Job instance at 0x7fb594126370>,27,27,[2 6],28,-1,77,-1,50
1,<environment.Job instance at 0x7fb594147c80>,37,26,[ 5 10],38,-1,98,-1,72
1,<environment.Job instance at 0x7fb594147280>,39,1,[12  4],40,-1,73,-1,72
1,<environment.Job instance at 0x7fb59409cc30>,44,1,[ 1 11],45,-1,104,-1,103
1,<environment.Job instance at 0x7fb5941436e0>,45,1,[ 3 14],46,-1,104,-1,103
1,<environment.Job instance at 0x7fb594092140>,52,28,[5 1],53,-1,149,-1,121
1,<environment.Job instance at 0x7fb594093b40>,59,13,[ 1 13],60,-1,154,-1,141
1,<environment.Job instance at 0x7fb5940953c0>,66,3,[14  4],67,-1,161,-1,158
1,<environment.Job instance at 0x7fb5936cef00>,2,18,[10  3],3,-1,22,-1,4
1,<environment.Job instance at 0x7fb5936cefa0>,4,24,[5 8],5,-1,29,-1,5
1,<environment.Job instance at 0x7fb5936ce460>,7,18,[3 8],8,-1,26,-1,8
1,<environment.Job instance at 0x7fb5936ce0f0>,9,12,[1 5],10,-1,27,-1,15
1,<environment.Job instance at 0x7fb5936ce4b0>,14,18,[1 8],15,-1,33,-1,15
1,<environment.Job instance at 0x7fb5936bc500>,16,23,[9 5],17,-1,40,-1,17
1,<environment.Job instance at 0x7fb5936bcf00>,17,18,[1 8],18,-1,36,-1,18
1,<environment.Job instance at 0x7fb5936bc960>,19,17,[6 3],20,-1,37,-1,20
1,<environment.Job instance at 0x7fb5936bc820>,22,18,[1 6],23,-1,41,-1,23
1,<environment.Job instance at 0x7fb5936bc870>,23,17,[10  3],24,-1,41,-1,24
1,<environment.Job instance at 0x7fb5935b5230>,25,16,[7 4],26,-1,42,-1,26
1,<environment.Job instance at 0x7fb5935b5820>,30,1,[4 5],31,-1,32,-1,31
1,<environment.Job instance at 0x7fb59359b6e0>,38,25,[11  1],39,-1,66,-1,41
1,<environment.Job instance at 0x7fb59359ba50>,36,16,[ 3 11],37,-1,58,-1,42
1,<environment.Job instance at 0x7fb59359b7d0>,42,16,[7 1],43,-1,59,-1,43
1,<environment.Job instance at 0x7fb59359bf50>,41,12,[10  1],42,-1,57,-1,45
1,<environment.Job instance at 0x7fb59358caa0>,47,18,[4 5],48,-1,66,-1,48
1,<environment.Job instance at 0x7fb59358c730>,48,15,[5 4],49,-1,65,-1,50
1,<environment.Job instance at 0x7fb59358c960>,49,17,[7 5],50,-1,67,-1,50
1,<environment.Job instance at 0x7fb59358c780>,53,18,[1 8],54,-1,83,-1,65
1,<environment.Job instance at 0x7fb59358cdc0>,52,13,[1 8],53,-1,79,-1,66
1,<environment.Job instance at 0x7fb59358ea50>,60,16,[10  3],61,-1,83,-1,67
1,<environment.Job instance at 0x7fb59358ec30>,59,17,[7 1],60,-1,85,-1,68
1,<environment.Job instance at 0x7fb59358e8c0>,66,15,[5 2],67,-1,86,-1,71
1,<environment.Job instance at 0x7fb59357ba00>,70,14,[11  5],71,-1,86,-1,72
1,<environment.Job instance at 0x7fb59357ba50>,71,13,[ 1 10],72,-1,85,-1,72
1,<environment.Job instance at 0x7fb59357b690>,72,17,[3 8],73,-1,90,-1,73
1,<environment.Job instance at 0x7fb59357bc30>,69,13,[4 9],70,-1,87,-1,74
1,<environment.Job instance at 0x7fb59357b190>,78,14,[10  3],79,-1,97,-1,83
1,<environment.Job instance at 0x7fb5937965a0>,80,24,[9 4],81,-1,164,-1,140
1,<environment.Job instance at 0x7fb59357bb40>,73,14,[4 9],74,-1,161,-1,147
1,<environment.Job instance at 0x7fb593796910>,93,17,[7 3],94,-1,168,-1,151
1,<environment.Job instance at 0x7fb59359b230>,44,27,[3 8],45,-1,178,-1,151
1,<environment.Job instance at 0x7fb5937965f0>,90,17,[3 8],91,-1,168,-1,151
1,<environment.Job instance at 0x7fb593796230>,97,18,[3 9],98,-1,169,-1,151
1,<environment.Job instance at 0x7fb59359e280>,103,17,[10  3],104,-1,172,-1,155
1,<environment.Job instance at 0x7fb5948a9b40>,4,24,[5 8],5,-1,38,-1,14
1,<environment.Job instance at 0x7fb5932b01e0>,10,2,[14  3],11,-1,16,-1,14
1,<environment.Job instance at 0x7fb594212870>,6,24,[10  2],7,-1,45,-1,21
1,<environment.Job instance at 0x7fb5945158c0>,16,23,[9 5],17,-1,72,-1,49
1,<environment.Job instance at 0x7fb5948abaa0>,29,1,[13  5],30,-1,70,-1,69
1,<environment.Job instance at 0x7fb593ad30a0>,33,27,[5 6],34,-1,103,-1,76
1,<environment.Job instance at 0x7fb5941ea1e0>,36,16,[ 3 11],37,-1,92,-1,76
1,<environment.Job instance at 0x7fb5941ea190>,38,25,[11  1],39,-1,112,-1,87
1,<environment.Job instance at 0x7fb5945bc780>,44,27,[3 8],45,-1,136,-1,109
1,<environment.Job instance at 0x7fb593267320>,50,18,[12  3],51,-1,128,-1,110
1,<environment.Job instance at 0x7fb5930ede60>,55,27,[4 6],56,-1,165,-1,138
1,<environment.Job instance at 0x7fb5935e4a00>,15,18,[7 4],16,-1,34,-1,16
1,<environment.Job instance at 0x7fb5935e7cd0>,18,13,[5 4],19,-1,33,-1,20
1,<environment.Job instance at 0x7fb5944f1aa0>,21,15,[5 1],22,-1,37,-1,22
1,<environment.Job instance at 0x7fb5944f1050>,25,17,[4 6],26,-1,43,-1,26
1,<environment.Job instance at 0x7fb5944f1d20>,26,15,[10  5],27,-1,42,-1,27
1,<environment.Job instance at 0x7fb5939fe320>,31,13,[ 3 11],32,-1,45,-1,32
1,<environment.Job instance at 0x7fb5939febe0>,32,17,[ 1 10],33,-1,50,-1,33
1,<environment.Job instance at 0x7fb593d7f640>,34,15,[7 5],35,-1,50,-1,35
1,<environment.Job instance at 0x7fb593d7fe60>,36,15,[5 5],37,-1,52,-1,37
1,<environment.Job instance at 0x7fb5948bfe60>,37,17,[9 4],38,-1,55,-1,38
1,<environment.Job instance at 0x7fb5935e78c0>,19,17,[4 6],20,-1,56,-1,39
1,<environment.Job instance at 0x7fb593921550>,40,18,[2 9],41,-1,61,-1,43
1,<environment.Job instance at 0x7fb593921230>,44,14,[7 2],45,-1,59,-1,45
1,<environment.Job instance at 0x7fb593921be0>,46,13,[10  2],47,-1,60,-1,47
1,<environment.Job instance at 0x7fb593ecfcd0>,49,20,[7 2],50,-1,70,-1,50
1,<environment.Job instance at 0x7fb593ecfdc0>,50,16,[1 9],51,-1,67,-1,51
1,<environment.Job instance at 0x7fb5936341e0>,52,16,[5 3],53,-1,69,-1,53
1,<environment.Job instance at 0x7fb593634dc0>,53,15,[9 4],54,-1,69,-1,54
1,<environment.Job instance at 0x7fb5936340f0>,57,12,[ 2 10],58,-1,70,-1,58
1,<environment.Job instance at 0x7fb593634d20>,58,22,[ 3 10],59,-1,81,-1,59
1,<environment.Job instance at 0x7fb593921820>,42,16,[2 8],43,-1,80,-1,64
1,<environment.Job instance at 0x7fb5944f1be0>,24,12,[ 4 13],25,-1,77,-1,65
1,<environment.Job instance at 0x7fb593634870>,62,17,[5 8],63,-1,82,-1,65
1,<environment.Job instance at 0x7fb593a09c30>,67,23,[3 5],68,-1,91,-1,68
1,<environment.Job instance at 0x7fb593a09410>,64,19,[3 7],65,-1,88,-1,69
1,<environment.Job instance at 0x7fb593a093c0>,68,16,[1 9],69,-1,85,-1,69
1,<environment.Job instance at 0x7fb593a095a0>,69,16,[1 8],70,-1,86,-1,70
1,<environment.Job instance at 0x7fb593a09960>,70,28,[2 6],71,-1,99,-1,71
1,<environment.Job instance at 0x7fb5949a5190>,75,15,[4 9],76,-1,91,-1,76
1,<environment.Job instance at 0x7fb5949a5dc0>,79,23,[8 2],80,-1,103,-1,80
1,<environment.Job instance at 0x7fb5949a5910>,81,16,[1 7],82,-1,99,-1,83
1,<environment.Job instance at 0x7fb5942ae320>,83,19,[3 9],84,-1,103,-1,84
1,<environment.Job instance at 0x7fb5949a52d0>,82,3,[9 2],83,-1,89,-1,86
1,<environment.Job instance at 0x7fb5942aedc0>,85,17,[9 1],86,-1,103,-1,86
1,<environment.Job instance at 0x7fb5942ae0a0>,86,12,[3 9],87,-1,99,-1,87
1,<environment.Job instance at 0x7fb5942aecd0>,87,14,[5 6],88,-1,102,-1,88
1,<environment.Job instance at 0x7fb5942ae7d0>,89,18,[5 3],90,-1,108,-1,90
1,<environment.Job instance at 0x7fb5942d5af0>,91,20,[10  2],92,-1,112,-1,92
1,<environment.Job instance at 0x7fb59d391140>,94,14,[ 3 10],95,-1,110,-1,96
1,<environment.Job instance at 0x7fb593a24e60>,95,15,[2 6],96,-1,111,-1,96
1,<environment.Job instance at 0x7fb593a249b0>,97,18,[1 8],98,-1,116,-1,98
1,<environment.Job instance at 0x7fb5945bcfa0>,109,27,[3 5],110,-1,142,-1,115
1,<environment.Job instance at 0x7fb593a24dc0>,100,18,[8 3],101,-1,133,-1,115
1,<environment.Job instance at 0x7fb593307d70>,111,16,[5 5],112,-1,131,-1,115
1,<environment.Job instance at 0x7fb59494a320>,110,13,[4 7],111,-1,128,-1,115
1,<environment.Job instance at 0x7fb5936e19b0>,93,15,[ 3 14],94,-1,130,-1,115
1,<environment.Job instance at 0x7fb5940bfd20>,114,15,[7 4],115,-1,130,-1,115
1,<environment.Job instance at 0x7fb593be5a00>,108,27,[6 3],109,-1,143,-1,116
1,<environment.Job instance at 0x7fb5942720f0>,116,2,[4 7],117,-1,123,-1,121
1,<environment.Job instance at 0x7fb593634320>,61,14,[ 5 10],62,-1,135,-1,121
1,<environment.Job instance at 0x7fb5941bfb90>,117,17,[4 9],118,-1,138,-1,121
1,<environment.Job instance at 0x7fb593be5f50>,113,13,[3 7],114,-1,134,-1,121
1,<environment.Job instance at 0x7fb5936d04b0>,118,1,[ 2 10],119,-1,122,-1,121
1,<environment.Job instance at 0x7fb5941267d0>,121,12,[8 5],122,-1,135,-1,123
1,<environment.Job instance at 0x7fb5941265a0>,122,17,[ 5 10],123,-1,140,-1,123
1,<environment.Job instance at 0x7fb59385b050>,124,18,[3 5],125,-1,145,-1,127
1,<environment.Job instance at 0x7fb5932de500>,129,13,[10  2],130,-1,143,-1,130
1,<environment.Job instance at 0x7fb59425ae60>,128,15,[8 2],129,-1,148,-1,133
1,<environment.Job instance at 0x7fb593e2de10>,131,14,[9 3],132,-1,147,-1,133
1,<environment.Job instance at 0x7fb5941a3870>,120,23,[5 8],121,-1,160,-1,137
1,<environment.Job instance at 0x7fb593e54fa0>,132,14,[ 3 10],133,-1,151,-1,137
1,<environment.Job instance at 0x7fb593e19aa0>,140,18,[6 1],141,-1,159,-1,141
1,<environment.Job instance at 0x7fb593883aa0>,142,16,[1 7],143,-1,159,-1,143
1,<environment.Job instance at 0x7fb593921e60>,6,16,[12  5],7,-1,23,-1,7
1,<environment.Job instance at 0x7fb5936344b0>,9,28,[4 8],10,-1,44,-1,16
1,<environment.Job instance at 0x7fb5947d5c30>,24,12,[ 4 13],25,-1,48,-1,36
1,<environment.Job instance at 0x7fb59410d320>,30,2,[ 2 12],31,-1,46,-1,44
1,<environment.Job instance at 0x7fb59410de60>,31,13,[ 3 11],32,-1,57,-1,44
1,<environment.Job instance at 0x7fb59d392320>,45,1,[14  5],46,-1,120,-1,119
1,<environment.Job instance at 0x7fb59d023730>,47,2,[ 5 12],48,-1,132,-1,130
1,<environment.Job instance at 0x7fb59cfdac30>,55,2,[ 2 12],56,-1,160,-1,158
1,<environment.Job instance at 0x7fb59346bc80>,2,18,[7 3],3,-1,21,-1,3
1,<environment.Job instance at 0x7fb5934751e0>,10,15,[8 2],11,-1,27,-1,12
1,<environment.Job instance at 0x7fb5934750a0>,12,15,[9 5],13,-1,28,-1,13
1,<environment.Job instance at 0x7fb5934759b0>,11,16,[4 9],12,-1,29,-1,13
1,<environment.Job instance at 0x7fb5931e9460>,16,16,[ 5 10],17,-1,33,-1,17
1,<environment.Job instance at 0x7fb5931e9140>,17,13,[10  3],18,-1,32,-1,19
1,<environment.Job instance at 0x7fb5931e93c0>,18,18,[10  5],19,-1,37,-1,19
1,<environment.Job instance at 0x7fb5943ead20>,20,17,[6 4],21,-1,38,-1,21
1,<environment.Job instance at 0x7fb5943ea4b0>,23,13,[8 4],24,-1,37,-1,24
1,<environment.Job instance at 0x7fb5931dd820>,32,3,[10  5],33,-1,36,-1,33
1,<environment.Job instance at 0x7fb5931dd6e0>,36,12,[5 9],37,-1,50,-1,38
1,<environment.Job instance at 0x7fb5931dd5a0>,39,17,[11  5],40,-1,57,-1,40
1,<environment.Job instance at 0x7fb5931ddfa0>,40,18,[3 7],41,-1,59,-1,41
1,<environment.Job instance at 0x7fb5931dd280>,37,12,[ 4 10],38,-1,61,-1,49
1,<environment.Job instance at 0x7fb5931d6910>,46,15,[13  2],47,-1,65,-1,50
1,<environment.Job instance at 0x7fb59379d3c0>,50,17,[10  2],51,-1,68,-1,51
1,<environment.Job instance at 0x7fb59307f730>,49,13,[ 5 11],50,-1,65,-1,52
1,<environment.Job instance at 0x7fb593441c30>,56,17,[5 8],57,-1,74,-1,57
1,<environment.Job instance at 0x7fb59498ba50>,53,3,[ 3 14],54,-1,62,-1,59
1,<environment.Job instance at 0x7fb59309f050>,54,22,[7 4],55,-1,81,-1,59
1,<environment.Job instance at 0x7fb593441a50>,60,20,[ 3 10],61,-1,81,-1,61
1,<environment.Job instance at 0x7fb5934418c0>,62,14,[11  5],63,-1,77,-1,63
1,<environment.Job instance at 0x7fb5942f2050>,64,16,[9 5],65,-1,81,-1,65
1,<environment.Job instance at 0x7fb5949b44b0>,69,18,[1 9],70,-1,88,-1,70
1,<environment.Job instance at 0x7fb593dbcf50>,72,13,[5 1],73,-1,97,-1,84
1,<environment.Job instance at 0x7fb593dd70a0>,76,14,[ 3 10],77,-1,98,-1,84
1,<environment.Job instance at 0x7fb593dd7460>,78,17,[3 8],79,-1,101,-1,84
1,<environment.Job instance at 0x7fb5942fd1e0>,82,14,[ 2 11],83,-1,98,-1,84
1,<environment.Job instance at 0x7fb593dd76e0>,79,14,[5 4],80,-1,98,-1,84
1,<environment.Job instance at 0x7fb593aaa4b0>,84,16,[9 1],85,-1,101,-1,85
1,<environment.Job instance at 0x7fb5948a3050>,7,1,[ 2 12],8,-1,9,-1,8
1,<environment.Job instance at 0x7fb593b59820>,21,23,[9 2],22,-1,75,-1,52
1,<environment.Job instance at 0x7fb593fa2910>,25,25,[ 2 11],26,-1,86,-1,61
1,<environment.Job instance at 0x7fb59421ba50>,30,14,[13  1],31,-1,87,-1,73
1,<environment.Job instance at 0x7fb59421fe60>,33,12,[12  5],34,-1,98,-1,86
1,<environment.Job instance at 0x7fb594231280>,39,17,[11  5],40,-1,123,-1,106
1,<environment.Job instance at 0x7fb59422a690>,42,22,[ 4 11],43,-1,140,-1,118
1,<environment.Job instance at 0x7fb5944d2780>,46,15,[13  2],47,-1,139,-1,124
1,<environment.Job instance at 0x7fb594934550>,49,13,[ 5 11],50,-1,146,-1,133
1,<environment.Job instance at 0x7fb5949345a0>,53,3,[ 3 14],54,-1,150,-1,147
1,<environment.Job instance at 0x7fb5943ecf50>,1,16,[4 7],2,-1,18,-1,2
1,<environment.Job instance at 0x7fb5943ecc80>,2,17,[10  4],3,-1,20,-1,3
1,<environment.Job instance at 0x7fb5943ece10>,3,13,[ 4 10],4,-1,17,-1,4
1,<environment.Job instance at 0x7fb5943f3be0>,8,18,[4 7],9,-1,27,-1,9
1,<environment.Job instance at 0x7fb5943f32d0>,10,21,[9 2],11,-1,32,-1,11
1,<environment.Job instance at 0x7fb5943f31e0>,13,18,[ 4 10],14,-1,32,-1,14
1,<environment.Job instance at 0x7fb5943f3b90>,14,15,[3 5],15,-1,30,-1,15
1,<environment.Job instance at 0x7fb5943f3af0>,16,26,[3 5],17,-1,43,-1,17
1,<environment.Job instance at 0x7fb5943de6e0>,17,24,[9 4],18,-1,42,-1,18
1,<environment.Job instance at 0x7fb5943de230>,20,15,[1 8],21,-1,39,-1,24
1,<environment.Job instance at 0x7fb5943de690>,24,17,[3 5],25,-1,48,-1,31
1,<environment.Job instance at 0x7fb5943de0a0>,21,14,[6 4],22,-1,45,-1,31
1,<environment.Job instance at 0x7fb593b685f0>,32,13,[9 5],33,-1,46,-1,33
1,<environment.Job instance at 0x7fb593b68320>,33,12,[ 3 10],34,-1,47,-1,35
1,<environment.Job instance at 0x7fb593b683c0>,37,17,[8 4],38,-1,55,-1,38
1,<environment.Job instance at 0x7fb5943f4190>,41,16,[1 8],42,-1,58,-1,42
1,<environment.Job instance at 0x7fb5943f4050>,43,24,[5 1],44,-1,68,-1,44
1,<environment.Job instance at 0x7fb5943f49b0>,45,22,[5 4],46,-1,68,-1,46
1,<environment.Job instance at 0x7fb5943f4fa0>,46,28,[8 5],47,-1,75,-1,47
1,<environment.Job instance at 0x7fb5943f4230>,50,18,[5 8],51,-1,69,-1,51
1,<environment.Job instance at 0x7fb59423a2d0>,54,25,[9 4],55,-1,80,-1,55
1,<environment.Job instance at 0x7fb59423acd0>,56,18,[11  2],57,-1,75,-1,57
1,<environment.Job instance at 0x7fb59422aa00>,61,17,[6 2],62,-1,79,-1,62
1,<environment.Job instance at 0x7fb59422a460>,64,12,[4 9],65,-1,77,-1,65
1,<environment.Job instance at 0x7fb59423a140>,58,15,[ 1 14],59,-1,83,-1,68
1,<environment.Job instance at 0x7fb59422a0f0>,69,15,[10  5],70,-1,89,-1,74
1,<environment.Job instance at 0x7fb594240870>,75,27,[4 6],76,-1,103,-1,76
1,<environment.Job instance at 0x7fb5942401e0>,77,17,[2 8],78,-1,96,-1,79
1,<environment.Job instance at 0x7fb5948ca230>,81,18,[8 2],82,-1,100,-1,82
1,<environment.Job instance at 0x7fb594240820>,78,18,[5 5],79,-1,101,-1,83
1,<environment.Job instance at 0x7fb5948ca640>,82,16,[ 1 10],83,-1,100,-1,84
1,<environment.Job instance at 0x7fb59422adc0>,60,14,[9 4],61,-1,100,-1,86
1,<environment.Job instance at 0x7fb5948ca190>,83,15,[4 8],84,-1,102,-1,87
1,<environment.Job instance at 0x7fb5948caaa0>,89,17,[9 4],90,-1,107,-1,90
1,<environment.Job instance at 0x7fb5942347d0>,90,15,[10  4],91,-1,106,-1,91
1,<environment.Job instance at 0x7fb594234d20>,92,14,[1 8],93,-1,107,-1,93
1,<environment.Job instance at 0x7fb594234dc0>,93,17,[7 4],94,-1,111,-1,94
1,<environment.Job instance at 0x7fb5948ca2d0>,85,14,[5 5],86,-1,111,-1,97
1,<environment.Job instance at 0x7fb5944120a0>,97,14,[6 2],98,-1,113,-1,99
1,<environment.Job instance at 0x7fb5943eb780>,99,13,[5 3],100,-1,113,-1,100
1,<environment.Job instance at 0x7fb593dbc550>,101,23,[5 2],102,-1,125,-1,102
1,<environment.Job instance at 0x7fb59d5c7f00>,107,17,[9 5],108,-1,125,-1,108
1,<environment.Job instance at 0x7fb593251dc0>,113,15,[5 6],114,-1,132,-1,117
1,<environment.Job instance at 0x7fb593b3b050>,121,19,[10  5],122,-1,150,-1,131
1,<environment.Job instance at 0x7fb5943f3410>,16,26,[3 5],17,-1,69,-1,43
1,<environment.Job instance at 0x7fb5937c0690>,17,24,[9 4],18,-1,82,-1,58
1,<environment.Job instance at 0x7fb59355baf0>,28,1,[12  1],29,-1,87,-1,86
1,<environment.Job instance at 0x7fb5943f47d0>,43,24,[5 1],44,-1,152,-1,128
1,<environment.Job instance at 0x7fb59423a8c0>,46,28,[8 5],47,-1,157,-1,129
1,<environment.Job instance at 0x7fb59422ac30>,54,25,[9 4],55,-1,173,-1,148
1,<environment.Job instance at 0x7fb593dcc190>,56,18,[11  2],57,-1,166,-1,148
1,<environment.Job instance at 0x7fb593dcc690>,58,15,[ 1 14],59,-1,163,-1,148
1,<environment.Job instance at 0x7fb5946007d0>,3,18,[2 6],4,-1,23,-1,5
1,<environment.Job instance at 0x7fb594600aa0>,7,18,[3 8],8,-1,26,-1,8
1,<environment.Job instance at 0x7fb594600c30>,9,15,[10  3],10,-1,25,-1,10
1,<environment.Job instance at 0x7fb594600dc0>,11,17,[9 5],12,-1,29,-1,12
1,<environment.Job instance at 0x7fb594600eb0>,12,19,[1 5],13,-1,32,-1,13
1,<environment.Job instance at 0x7fb594600fa0>,14,13,[2 5],15,-1,28,-1,15
1,<environment.Job instance at 0x7fb5945fc190>,15,16,[ 4 10],16,-1,32,-1,16
1,<environment.Job instance at 0x7fb594400960>,4,13,[1 6],5,-1,29,-1,16
1,<environment.Job instance at 0x7fb5945fc410>,19,14,[9 3],20,-1,36,-1,22
1,<environment.Job instance at 0x7fb5945fc5f0>,23,23,[5 6],24,-1,47,-1,24
1,<environment.Job instance at 0x7fb5945fc910>,24,15,[5 2],25,-1,40,-1,25
1,<environment.Job instance at 0x7fb5945fcbe0>,27,12,[6 5],28,-1,40,-1,28
1,<environment.Job instance at 0x7fb5945fcd20>,28,28,[3 8],29,-1,57,-1,29
1,<environment.Job instance at 0x7fb5945fc3c0>,21,14,[7 4],22,-1,43,-1,29
1,<environment.Job instance at 0x7fb5945fc960>,29,16,[ 5 10],30,-1,46,-1,30
1,<environment.Job instance at 0x7fb5945fe0a0>,33,23,[5 7],34,-1,57,-1,34
1,<environment.Job instance at 0x7fb5945fe320>,36,23,[3 7],37,-1,60,-1,37
1,<environment.Job instance at 0x7fb5945fe640>,38,17,[8 1],39,-1,57,-1,40
1,<environment.Job instance at 0x7fb5945fe6e0>,40,15,[7 4],41,-1,56,-1,41
1,<environment.Job instance at 0x7fb5945fb1e0>,53,26,[6 4],54,-1,81,-1,55
1,<environment.Job instance at 0x7fb5945febe0>,47,20,[ 5 12],48,-1,76,-1,56
1,<environment.Job instance at 0x7fb5945fe910>,44,20,[1 9],45,-1,77,-1,57
1,<environment.Job instance at 0x7fb5945fb5f0>,57,17,[ 3 10],58,-1,75,-1,58
1,<environment.Job instance at 0x7fb5945fe3c0>,45,16,[6 3],46,-1,83,-1,67
1,<environment.Job instance at 0x7fb5945f55f0>,63,17,[11  1],64,-1,84,-1,67
1,<environment.Job instance at 0x7fb593de8410>,62,16,[1 9],63,-1,83,-1,67
1,<environment.Job instance at 0x7fb5945f5140>,66,26,[8 4],67,-1,93,-1,67
1,<environment.Job instance at 0x7fb5945f5640>,67,15,[5 8],68,-1,83,-1,68
1,<environment.Job instance at 0x7fb593bd86e0>,16,14,[14  5],17,-1,43,-1,29
1,<environment.Job instance at 0x7fb593dcb910>,23,23,[5 6],24,-1,93,-1,70
1,<environment.Job instance at 0x7fb593bd6870>,28,28,[3 8],29,-1,112,-1,84
1,<environment.Job instance at 0x7fb593bd3960>,33,23,[5 7],34,-1,115,-1,92
1,<environment.Job instance at 0x7fb593b03d20>,34,28,[8 5],35,-1,120,-1,92
1,<environment.Job instance at 0x7fb593bd3be0>,36,23,[3 7],37,-1,116,-1,93
1,<environment.Job instance at 0x7fb593dbeaf0>,37,24,[2 9],38,-1,126,-1,102
1,<environment.Job instance at 0x7fb593a9e910>,42,23,[13  5],43,-1,130,-1,107
1,<environment.Job instance at 0x7fb593a9eaf0>,43,12,[ 4 13],44,-1,119,-1,107
1,<environment.Job instance at 0x7fb5942fa2d0>,47,20,[ 5 12],48,-1,135,-1,115
1,<environment.Job instance at 0x7fb593dd78c0>,53,26,[6 4],54,-1,161,-1,135
1,<environment.Job instance at 0x7fb5943ebcd0>,56,24,[10  1],57,-1,163,-1,139
1,<environment.Job instance at 0x7fb59407ac80>,6,19,[4 6],7,-1,26,-1,7
1,<environment.Job instance at 0x7fb59407a230>,9,21,[ 5 10],10,-1,31,-1,10
1,<environment.Job instance at 0x7fb5946ce280>,11,18,[1 9],12,-1,30,-1,12
1,<environment.Job instance at 0x7fb5946ce730>,13,21,[5 5],14,-1,35,-1,14
1,<environment.Job instance at 0x7fb5946cebe0>,18,12,[9 5],19,-1,31,-1,19
1,<environment.Job instance at 0x7fb5946ce780>,19,12,[ 5 10],20,-1,32,-1,20
1,<environment.Job instance at 0x7fb5946ce7d0>,20,18,[9 1],21,-1,39,-1,21
1,<environment.Job instance at 0x7fb5931f1e10>,23,27,[4 6],24,-1,51,-1,24
1,<environment.Job instance at 0x7fb5931f1690>,24,14,[3 5],25,-1,39,-1,25
1,<environment.Job instance at 0x7fb5931f19b0>,25,17,[10  2],26,-1,43,-1,26
1,<environment.Job instance at 0x7fb5931f1c80>,26,16,[ 5 10],27,-1,43,-1,27
1,<environment.Job instance at 0x7fb5931f1d70>,28,14,[5 1],29,-1,43,-1,29
1,<environment.Job instance at 0x7fb5931f1910>,31,1,[10  3],32,-1,33,-1,32
1,<environment.Job instance at 0x7fb5931f1820>,32,1,[10  1],33,-1,35,-1,34
1,<environment.Job instance at 0x7fb59d01bb90>,37,28,[8 2],38,-1,66,-1,38
1,<environment.Job instance at 0x7fb59d01b320>,38,22,[5 8],39,-1,61,-1,39
1,<environment.Job instance at 0x7fb59d01b0f0>,39,15,[8 3],40,-1,55,-1,40
1,<environment.Job instance at 0x7fb59d01b410>,41,28,[ 3 10],42,-1,70,-1,42
1,<environment.Job instance at 0x7fb5931f1aa0>,33,13,[8 5],34,-1,62,-1,49
1,<environment.Job instance at 0x7fb59d01b5f0>,40,18,[7 4],41,-1,68,-1,50
1,<environment.Job instance at 0x7fb5931f1780>,35,13,[6 4],36,-1,63,-1,50
1,<environment.Job instance at 0x7fb594131be0>,49,17,[6 3],50,-1,67,-1,50
1,<environment.Job instance at 0x7fb594131d20>,52,14,[10  1],53,-1,68,-1,54
1,<environment.Job instance at 0x7fb5941312d0>,53,12,[ 1 10],54,-1,70,-1,58
1,<environment.Job instance at 0x7fb5935a76e0>,64,17,[7 5],65,-1,83,-1,66
1,<environment.Job instance at 0x7fb5935a7500>,66,21,[8 5],67,-1,88,-1,67
1,<environment.Job instance at 0x7fb5935a7780>,67,14,[1 5],68,-1,82,-1,68
1,<environment.Job instance at 0x7fb5935a7690>,69,28,[3 6],70,-1,100,-1,72
1,<environment.Job instance at 0x7fb5935a7b40>,68,12,[10  2],69,-1,84,-1,72
1,<environment.Job instance at 0x7fb5935a7cd0>,70,26,[6 1],71,-1,98,-1,72
1,<environment.Job instance at 0x7fb5943f6f00>,56,16,[3 5],57,-1,88,-1,72
1,<environment.Job instance at 0x7fb5943f6780>,61,12,[11  3],62,-1,85,-1,73
1,<environment.Job instance at 0x7fb59d025a50>,76,12,[ 3 10],77,-1,89,-1,77
1,<environment.Job instance at 0x7fb59d025780>,79,24,[9 1],80,-1,104,-1,80
1,<environment.Job instance at 0x7fb593742a50>,83,25,[3 7],84,-1,109,-1,84
1,<environment.Job instance at 0x7fb59d025c80>,75,12,[8 2],76,-1,97,-1,85
1,<environment.Job instance at 0x7fb59d027050>,91,17,[10  4],92,-1,109,-1,92
1,<environment.Job instance at 0x7fb593742370>,88,18,[3 7],89,-1,113,-1,95
1,<environment.Job instance at 0x7fb59d027460>,94,18,[6 3],95,-1,113,-1,95
1,<environment.Job instance at 0x7fb59d027500>,95,26,[7 2],96,-1,122,-1,96
1,<environment.Job instance at 0x7fb5937c0d20>,23,27,[4 6],24,-1,75,-1,48
1,<environment.Job instance at 0x7fb594473280>,30,3,[ 1 14],31,-1,65,-1,62
1,<environment.Job instance at 0x7fb593b34dc0>,34,1,[ 2 11],35,-1,85,-1,84
1,<environment.Job instance at 0x7fb593b68be0>,37,28,[8 2],38,-1,127,-1,99
1,<environment.Job instance at 0x7fb593b090a0>,41,28,[ 3 10],42,-1,137,-1,109
1,<environment.Job instance at 0x7fb59422a6e0>,51,15,[14  2],52,-1,150,-1,135
1,<environment.Job instance at 0x7fb59303a0a0>,3,19,[5 5],4,-1,23,-1,4
1,<environment.Job instance at 0x7fb593041410>,4,16,[1 7],5,-1,21,-1,5
1,<environment.Job instance at 0x7fb593316190>,8,15,[4 7],9,-1,24,-1,9
1,<environment.Job instance at 0x7fb593ecd780>,9,13,[3 7],10,-1,23,-1,10
1,<environment.Job instance at 0x7fb593ecd1e0>,10,17,[9 5],11,-1,28,-1,11
1,<environment.Job instance at 0x7fb593ecdfa0>,11,14,[5 4],12,-1,26,-1,12
1,<environment.Job instance at 0x7fb5933b1460>,13,20,[1 7],14,-1,34,-1,14
1,<environment.Job instance at 0x7fb5933b1af0>,14,14,[9 2],15,-1,31,-1,17
1,<environment.Job instance at 0x7fb5933b1370>,16,28,[2 6],17,-1,45,-1,17
1,<environment.Job instance at 0x7fb5933b1050>,17,15,[3 7],18,-1,33,-1,18
1,<environment.Job instance at 0x7fb5933b1aa0>,20,14,[6 3],21,-1,36,-1,22
1,<environment.Job instance at 0x7fb5933b11e0>,21,16,[9 2],22,-1,38,-1,22
1,<environment.Job instance at 0x7fb5948be960>,25,16,[7 4],26,-1,42,-1,26
1,<environment.Job instance at 0x7fb5940e3690>,29,18,[7 3],30,-1,48,-1,30
1,<environment.Job instance at 0x7fb5940e3d70>,32,16,[1 7],33,-1,51,-1,35
1,<environment.Job instance at 0x7fb59408f820>,38,26,[5 7],39,-1,65,-1,39
1,<environment.Job instance at 0x7fb593443c30>,44,16,[14  4],45,-1,66,-1,50
1,<environment.Job instance at 0x7fb5937cf0a0>,46,17,[9 2],47,-1,67,-1,50
1,<environment.Job instance at 0x7fb593443dc0>,45,23,[ 3 10],46,-1,73,-1,50
1,<environment.Job instance at 0x7fb5940e3460>,33,15,[7 1],34,-1,65,-1,50
1,<environment.Job instance at 0x7fb593211be0>,39,28,[ 4 10],40,-1,78,-1,50
1,<environment.Job instance at 0x7fb593bd4a50>,40,13,[5 2],41,-1,63,-1,50
1,<environment.Job instance at 0x7fb593eb0050>,50,18,[5 7],51,-1,69,-1,51
1,<environment.Job instance at 0x7fb593eb04b0>,51,14,[1 9],52,-1,66,-1,52
1,<environment.Job instance at 0x7fb593e29690>,52,14,[5 8],53,-1,67,-1,53
1,<environment.Job instance at 0x7fb593763e60>,59,17,[2 7],60,-1,79,-1,62
1,<environment.Job instance at 0x7fb593eb0c80>,49,2,[1 5],50,-1,64,-1,62
1,<environment.Job instance at 0x7fb593642280>,61,17,[1 7],62,-1,79,-1,62
1,<environment.Job instance at 0x7fb5949a51e0>,58,14,[9 1],59,-1,76,-1,62
1,<environment.Job instance at 0x7fb593642640>,60,23,[7 1],61,-1,86,-1,63
1,<environment.Job instance at 0x7fb5936426e0>,57,18,[10  1],58,-1,86,-1,68
1,<environment.Job instance at 0x7fb59456d690>,65,21,[5 2],66,-1,89,-1,68
1,<environment.Job instance at 0x7fb59d5c1d20>,68,14,[3 9],69,-1,83,-1,69
1,<environment.Job instance at 0x7fb59d5c17d0>,69,14,[2 5],70,-1,84,-1,70
1,<environment.Job instance at 0x7fb5944449b0>,73,18,[5 9],74,-1,92,-1,74
1,<environment.Job instance at 0x7fb59466e820>,75,14,[ 2 10],76,-1,90,-1,76
1,<environment.Job instance at 0x7fb5943fe460>,82,18,[10  5],83,-1,114,-1,96
1,<environment.Job instance at 0x7fb5931df8c0>,91,17,[1 5],92,-1,134,-1,117
1,<environment.Job instance at 0x7fb594279550>,83,17,[5 5],84,-1,134,-1,117
1,<environment.Job instance at 0x7fb593129dc0>,99,16,[9 2],100,-1,154,-1,138
1,<environment.Job instance at 0x7fb5948ca050>,15,3,[ 4 13],16,-1,40,-1,37
1,<environment.Job instance at 0x7fb5948cab40>,16,28,[2 6],17,-1,76,-1,48
1,<environment.Job instance at 0x7fb59422ac30>,19,26,[10  1],20,-1,80,-1,54
1,<environment.Job instance at 0x7fb5943f46e0>,27,16,[13  3],28,-1,98,-1,82
1,<environment.Job instance at 0x7fb593041a50>,38,26,[5 7],39,-1,148,-1,122
1,<environment.Job instance at 0x7fb5933a6960>,39,28,[ 4 10],40,-1,150,-1,122
1,<environment.Job instance at 0x7fb593dff730>,42,2,[ 4 11],43,-1,126,-1,124
1,<environment.Job instance at 0x7fb5948be8c0>,44,16,[14  4],45,-1,142,-1,126
1,<environment.Job instance at 0x7fb5948be0f0>,45,23,[ 3 10],46,-1,159,-1,136
1,<environment.Job instance at 0x7fb59401e690>,1,18,[2 8],2,-1,20,-1,2
1,<environment.Job instance at 0x7fb5945c80f0>,2,18,[3 8],3,-1,21,-1,3
1,<environment.Job instance at 0x7fb5945a9be0>,8,24,[7 5],9,-1,33,-1,9
1,<environment.Job instance at 0x7fb59316f910>,9,14,[9 5],10,-1,25,-1,11
1,<environment.Job instance at 0x7fb593e96c30>,11,21,[5 3],12,-1,33,-1,12
1,<environment.Job instance at 0x7fb593e960f0>,12,3,[8 1],13,-1,16,-1,13
1,<environment.Job instance at 0x7fb593e96460>,13,18,[5 6],14,-1,32,-1,14
1,<environment.Job instance at 0x7fb593e96dc0>,14,15,[1 5],15,-1,30,-1,15
1,<environment.Job instance at 0x7fb593a26370>,17,12,[1 6],18,-1,30,-1,18
1,<environment.Job instance at 0x7fb5944afdc0>,20,18,[ 4 10],21,-1,39,-1,21
1,<environment.Job instance at 0x7fb59d49b460>,24,13,[8 4],25,-1,38,-1,25
1,<environment.Job instance at 0x7fb593a2fc80>,25,1,[8 1],26,-1,27,-1,26
1,<environment.Job instance at 0x7fb593a55f50>,26,17,[10  3],27,-1,44,-1,27
1,<environment.Job instance at 0x7fb593a55550>,27,25,[4 6],28,-1,53,-1,28
1,<environment.Job instance at 0x7fb593a55640>,28,17,[ 2 10],29,-1,46,-1,29
1,<environment.Job instance at 0x7fb593a550a0>,29,12,[2 8],30,-1,42,-1,30
1,<environment.Job instance at 0x7fb594908280>,30,1,[5 1],31,-1,32,-1,31
1,<environment.Job instance at 0x7fb594908e60>,31,23,[10  1],32,-1,55,-1,32
1,<environment.Job instance at 0x7fb594908140>,32,14,[5 8],33,-1,47,-1,33
1,<environment.Job instance at 0x7fb5945ff690>,33,26,[10  2],34,-1,60,-1,34
1,<environment.Job instance at 0x7fb5945ff460>,35,15,[5 2],36,-1,51,-1,36
1,<environment.Job instance at 0x7fb594608fa0>,36,16,[ 1 10],37,-1,53,-1,37
1,<environment.Job instance at 0x7fb5945a9d20>,10,13,[5 6],11,-1,50,-1,37
1,<environment.Job instance at 0x7fb593a1dcd0>,41,24,[4 8],42,-1,66,-1,42
1,<environment.Job instance at 0x7fb593a2afa0>,42,17,[5 8],43,-1,60,-1,43
1,<environment.Job instance at 0x7fb594601f00>,52,22,[10  1],53,-1,77,-1,55
1,<environment.Job instance at 0x7fb59461e460>,57,18,[3 8],58,-1,76,-1,58
1,<environment.Job instance at 0x7fb5931a6eb0>,59,23,[1 5],60,-1,83,-1,60
1,<environment.Job instance at 0x7fb5931af0f0>,60,18,[5 4],61,-1,79,-1,61
1,<environment.Job instance at 0x7fb5931af050>,61,15,[7 5],62,-1,77,-1,62
1,<environment.Job instance at 0x7fb5931af3c0>,64,13,[2 9],65,-1,78,-1,65
1,<environment.Job instance at 0x7fb5931af460>,67,17,[10  5],68,-1,109,-1,92
1,<environment.Job instance at 0x7fb5931aff50>,77,16,[7 4],78,-1,108,-1,92
1,<environment.Job instance at 0x7fb5931afe10>,73,18,[5 4],74,-1,110,-1,92
1,<environment.Job instance at 0x7fb59319e190>,83,17,[ 1 10],84,-1,113,-1,96
1,<environment.Job instance at 0x7fb59319e550>,84,16,[10  1],85,-1,112,-1,96
1,<environment.Job instance at 0x7fb59319e6e0>,85,15,[10  1],86,-1,111,-1,96
1,<environment.Job instance at 0x7fb59319e690>,86,18,[9 4],87,-1,114,-1,96
1,<environment.Job instance at 0x7fb59319e7d0>,87,23,[1 8],88,-1,119,-1,96
1,<environment.Job instance at 0x7fb5931af320>,65,28,[1 7],66,-1,124,-1,96
1,<environment.Job instance at 0x7fb59461e410>,55,16,[13  5],56,-1,112,-1,96
1,<environment.Job instance at 0x7fb5931afb40>,76,18,[3 7],77,-1,114,-1,96
1,<environment.Job instance at 0x7fb59319ea50>,90,26,[4 7],91,-1,122,-1,96
1,<environment.Job instance at 0x7fb59319e8c0>,89,15,[2 8],90,-1,112,-1,97
1,<environment.Job instance at 0x7fb5931afc80>,74,16,[10  1],75,-1,113,-1,97
1,<environment.Job instance at 0x7fb59319eeb0>,95,12,[2 9],96,-1,109,-1,97
1,<environment.Job instance at 0x7fb5931a7780>,100,13,[10  1],101,-1,114,-1,101
1,<environment.Job instance at 0x7fb5931a7550>,101,13,[5 3],102,-1,115,-1,102
1,<environment.Job instance at 0x7fb593196370>,113,23,[10  4],114,-1,156,-1,133
1,<environment.Job instance at 0x7fb593196140>,114,19,[ 5 10],115,-1,157,-1,138
1,<environment.Job instance at 0x7fb593196820>,119,16,[ 1 10],120,-1,155,-1,139
1,<environment.Job instance at 0x7fb59319e0a0>,82,14,[11  2],83,-1,153,-1,139
1,<environment.Job instance at 0x7fb593196a00>,122,17,[1 6],123,-1,156,-1,139
1,<environment.Job instance at 0x7fb59319ea00>,91,16,[4 5],92,-1,156,-1,140
1,<environment.Job instance at 0x7fb593196960>,121,13,[9 4],122,-1,153,-1,140
1,<environment.Job instance at 0x7fb593196b40>,124,24,[1 8],125,-1,166,-1,142
1,<environment.Job instance at 0x7fb593196aa0>,123,15,[10  4],124,-1,157,-1,142
1,<environment.Job instance at 0x7fb593196d20>,127,18,[12  3],128,-1,164,-1,146
1,<environment.Job instance at 0x7fb593196c30>,129,17,[4 9],130,-1,163,-1,146
1,<environment.Job instance at 0x7fb59318d1e0>,136,16,[9 2],137,-1,172,-1,156
1,<environment.Job instance at 0x7fb59461e370>,8,24,[7 5],9,-1,40,-1,16
1,<environment.Job instance at 0x7fb593ea5dc0>,27,25,[4 6],28,-1,86,-1,61
1,<environment.Job instance at 0x7fb5937b1500>,31,23,[10  1],32,-1,105,-1,82
1,<environment.Job instance at 0x7fb5937b1690>,33,26,[10  2],34,-1,108,-1,82
1,<environment.Job instance at 0x7fb5937b1550>,34,3,[ 3 12],35,-1,85,-1,82
1,<environment.Job instance at 0x7fb5931344b0>,41,24,[4 8],42,-1,130,-1,106
1,<environment.Job instance at 0x7fb593134fa0>,43,2,[12  5],44,-1,108,-1,106
1,<environment.Job instance at 0x7fb594a5af50>,45,14,[ 2 11],46,-1,131,-1,117
1,<environment.Job instance at 0x7fb594a5a8c0>,48,13,[12  1],49,-1,131,-1,118
1,<environment.Job instance at 0x7fb5932dc460>,55,16,[13  5],56,-1,150,-1,134
1,<environment.Job instance at 0x7fb5932dc9b0>,59,23,[1 5],60,-1,162,-1,139
1,<environment.Job instance at 0x7fb594a5a050>,54,23,[ 5 10],55,-1,182,-1,159
1,<environment.Job instance at 0x7f0cfe4876e0>,0,13,[9 3],1,-1,15,-1,2
1,<environment.Job instance at 0x7f0cfe4878c0>,1,22,[11  3],2,-1,24,-1,2
1,<environment.Job instance at 0x7f0cfe487730>,2,22,[4 8],3,-1,25,-1,3
1,<environment.Job instance at 0x7f0cf4e41140>,9,18,[11  5],10,-1,28,-1,10
1,<environment.Job instance at 0x7f0cf4e410a0>,11,15,[4 8],12,-1,27,-1,12
1,<environment.Job instance at 0x7f0cf4e413c0>,12,26,[ 1 10],13,-1,39,-1,13
1,<environment.Job instance at 0x7f0cf4e412d0>,13,18,[ 4 10],14,-1,32,-1,14
1,<environment.Job instance at 0x7f0cf4e41460>,14,13,[7 3],15,-1,28,-1,15
1,<environment.Job instance at 0x7f0cf4e41500>,15,18,[2 8],16,-1,34,-1,16
1,<environment.Job instance at 0x7f0cf4e415a0>,16,16,[3 5],17,-1,33,-1,17
1,<environment.Job instance at 0x7f0cf4e41730>,23,27,[1 6],24,-1,51,-1,24
1,<environment.Job instance at 0x7f0cf4e41d70>,24,18,[2 6],25,-1,43,-1,25
1,<environment.Job instance at 0x7f0cf4e420a0>,27,15,[8 4],28,-1,43,-1,28
1,<environment.Job instance at 0x7f0cf4e421e0>,28,23,[10  4],29,-1,52,-1,29
1,<environment.Job instance at 0x7f0cf4e42140>,29,12,[5 4],30,-1,42,-1,30
1,<environment.Job instance at 0x7f0cf4e42320>,30,14,[5 2],31,-1,45,-1,31
1,<environment.Job instance at 0x7f0cf4e42460>,32,3,[5 1],33,-1,36,-1,33
1,<environment.Job instance at 0x7f0cf4e42640>,33,14,[5 5],34,-1,48,-1,34
1,<environment.Job instance at 0x7f0cf4e42500>,34,24,[1 8],35,-1,59,-1,35
1,<environment.Job instance at 0x7f0cf4e426e0>,35,15,[9 5],36,-1,51,-1,36
1,<environment.Job instance at 0x7f0cf4e42be0>,40,15,[10  3],41,-1,59,-1,44
1,<environment.Job instance at 0x7f0cf4e480a0>,45,13,[6 5],46,-1,59,-1,46
1,<environment.Job instance at 0x7f0cf4e42d70>,43,18,[5 5],44,-1,64,-1,46
1,<environment.Job instance at 0x7f0cf4e48320>,48,15,[10  1],49,-1,66,-1,51
1,<environment.Job instance at 0x7f0cf4e481e0>,50,16,[12  2],51,-1,67,-1,51
1,<environment.Job instance at 0x7f0cf4e48870>,53,17,[5 7],54,-1,71,-1,54
1,<environment.Job instance at 0x7f0cf4e48aa0>,56,17,[8 5],57,-1,75,-1,58
1,<environment.Job instance at 0x7f0cf4e48d20>,59,17,[1 6],60,-1,77,-1,60
1,<environment.Job instance at 0x7f0cf4e4a0a0>,62,22,[6 4],63,-1,85,-1,63
1,<environment.Job instance at 0x7f0cf4e4a190>,64,18,[2 9],65,-1,83,-1,65
1,<environment.Job instance at 0x7f0cf4e4a410>,65,20,[2 6],66,-1,86,-1,66
1,<environment.Job instance at 0x7f0cf4e4a500>,67,27,[ 1 10],68,-1,95,-1,68
1,<environment.Job instance at 0x7f0cf4e48b40>,57,18,[2 8],58,-1,89,-1,71
1,<environment.Job instance at 0x7f0cf4e4afa0>,76,19,[4 8],77,-1,100,-1,81
1,<environment.Job instance at 0x7f0cf4e4b4b0>,82,16,[ 4 10],83,-1,99,-1,83
1,<environment.Job instance at 0x7f0cf4e488c0>,54,13,[13  1],55,-1,99,-1,86
1,<environment.Job instance at 0x7f0cf4e4b1e0>,83,20,[7 1],84,-1,112,-1,92
1,<environment.Job instance at 0x7f0cf4e4b500>,84,18,[3 7],85,-1,113,-1,95
1,<environment.Job instance at 0x7f0cf4e4b140>,80,14,[2 6],81,-1,109,-1,95
1,<environment.Job instance at 0x7f0cf4e4b820>,86,18,[9 2],87,-1,114,-1,96
1,<environment.Job instance at 0x7f0cf4e4b320>,87,3,[10  5],88,-1,99,-1,96
1,<environment.Job instance at 0x7f0cf4e4b5f0>,85,17,[3 9],86,-1,113,-1,96
1,<environment.Job instance at 0x7f0cf4e38460>,102,16,[3 9],103,-1,148,-1,132
1,<environment.Job instance at 0x7f0cf4fdecd0>,103,16,[1 6],104,-1,159,-1,143
1,<environment.Job instance at 0x7f0cf4e4ad70>,75,14,[ 4 11],76,-1,159,-1,145
1,<environment.Job instance at 0x7f0cf4e35b90>,106,15,[11  1],107,-1,160,-1,145
1,<environment.Job instance at 0x7f0cf4f626e0>,105,14,[14  5],106,-1,160,-1,146
1,<environment.Job instance at 0x7f0cf4e6eeb0>,100,18,[2 7],101,-1,164,-1,146
1,<environment.Job instance at 0x7f0cf4e35a50>,107,17,[9 3],108,-1,163,-1,146
1,<environment.Job instance at 0x7f0cf4ed1460>,111,26,[ 5 10],112,-1,172,-1,146
1,<environment.Job instance at 0x7f0cf530dbe0>,115,16,[7 5],116,-1,163,-1,147
1,<environment.Job instance at 0x7f0cf4f68f00>,123,12,[ 4 11],124,-1,165,-1,153
1,<environment.Job instance at 0x7f0cf505c4b0>,125,21,[4 5],126,-1,175,-1,154
1,<environment.Job instance at 0x7f0cf4fdeb40>,104,15,[1 9],105,-1,169,-1,154
1,<environment.Job instance at 0x7f0cf4ec3b40>,127,22,[4 5],128,-1,177,-1,155
1,<environment.Job instance at 0x7f0cf4f49960>,130,15,[8 3],131,-1,171,-1,156
1,<environment.Job instance at 0x7f0cf4f493c0>,128,23,[ 2 14],129,-1,180,-1,157
1,<environment.Job instance at 0x7f0cf4fc4a00>,133,16,[ 3 10],134,-1,173,-1,157
1,<environment.Job instance at 0x7f0cf4f01dc0>,119,20,[2 6],120,-1,177,-1,157
1,<environment.Job instance at 0x7f0cf4fc4190>,132,13,[ 5 10],133,-1,170,-1,157
1,<environment.Job instance at 0x7f0cf4e35960>,114,14,[2 5],115,-1,172,-1,158
1,<environment.Job instance at 0x7f0cf4fe5640>,138,16,[11  2],139,-1,175,-1,159
1,<environment.Job instance at 0x7f0cf4fe51e0>,135,14,[ 2 10],136,-1,173,-1,159
1,<environment.Job instance at 0x7f0cf4eff7d0>,140,16,[2 8],141,-1,175,-1,159
1,<environment.Job instance at 0x7f0cf4e41780>,1,22,[11  3],2,-1,24,-1,2
1,<environment.Job instance at 0x7f0cf4e48c80>,9,18,[11  5],10,-1,32,-1,14
1,<environment.Job instance at 0x7f0cf4e4a140>,12,26,[ 1 10],13,-1,82,-1,56
1,<environment.Job instance at 0x7f0cf4ec8f00>,23,27,[1 6],24,-1,87,-1,60
1,<environment.Job instance at 0x7f0cf4e3d960>,28,23,[10  4],29,-1,97,-1,74
1,<environment.Job instance at 0x7f0cf4f4be60>,34,24,[1 8],35,-1,117,-1,93
1,<environment.Job instance at 0x7f0cf4f93230>,36,13,[ 3 14],37,-1,106,-1,93
1,<environment.Job instance at 0x7f0cf4e2b1e0>,46,17,[12  2],47,-1,134,-1,117
1,<environment.Job instance at 0x7f0cf4e2b3c0>,50,16,[12  2],51,-1,146,-1,130
1,<environment.Job instance at 0x7f0cf4ea1f50>,54,13,[13  1],55,-1,158,-1,145
1,<environment.Job instance at 0x7f0cf4e9ce10>,60,3,[12  3],61,-1,169,-1,166
1,<environment.Job instance at 0x7f0cf48ad730>,3,18,[6 5],4,-1,22,-1,4
1,<environment.Job instance at 0x7f0cf48ad960>,5,16,[ 2 10],6,-1,24,-1,8
1,<environment.Job instance at 0x7f0cf48ada50>,8,3,[14  4],9,-1,12,-1,9
1,<environment.Job instance at 0x7f0cf48ad910>,9,14,[2 6],10,-1,24,-1,10
1,<environment.Job instance at 0x7f0cf48b6190>,10,1,[5 8],11,-1,12,-1,11
1,<environment.Job instance at 0x7f0cf48b1be0>,11,13,[8 5],12,-1,25,-1,12
1,<environment.Job instance at 0x7f0cf48b10f0>,12,14,[2 9],13,-1,27,-1,13
1,<environment.Job instance at 0x7f0cf48b1730>,15,2,[5 2],16,-1,18,-1,16
1,<environment.Job instance at 0x7f0cf48b1780>,16,1,[5 9],17,-1,18,-1,17
1,<environment.Job instance at 0x7f0cf48b15a0>,17,1,[2 9],18,-1,19,-1,18
1,<environment.Job instance at 0x7f0cf48b1b90>,18,21,[9 4],19,-1,40,-1,19
1,<environment.Job instance at 0x7f0cf48b1960>,19,12,[9 3],20,-1,32,-1,20
1,<environment.Job instance at 0x7f0cf48b1190>,20,18,[10  3],21,-1,39,-1,21
1,<environment.Job instance at 0x7f0cf48b1aa0>,21,17,[10  2],22,-1,39,-1,22
1,<environment.Job instance at 0x7f0cf48b1a00>,22,3,[10  2],23,-1,26,-1,23
1,<environment.Job instance at 0x7f0cf48b1410>,24,12,[3 8],25,-1,37,-1,25
1,<environment.Job instance at 0x7f0cf48b1dc0>,25,1,[6 2],26,-1,27,-1,26
1,<environment.Job instance at 0x7f0cf48b1f50>,26,14,[5 5],27,-1,41,-1,27
1,<environment.Job instance at 0x7f0cf48b1eb0>,27,1,[9 1],28,-1,29,-1,28
1,<environment.Job instance at 0x7f0cf4a4cc80>,30,13,[10  5],31,-1,44,-1,31
1,<environment.Job instance at 0x7f0cf4913050>,32,14,[2 7],33,-1,47,-1,33
1,<environment.Job instance at 0x7f0cf4913280>,33,14,[7 5],34,-1,48,-1,34
1,<environment.Job instance at 0x7f0cf4a39fa0>,35,14,[10  2],36,-1,50,-1,36
1,<environment.Job instance at 0x7f0cf49000a0>,44,16,[7 2],45,-1,61,-1,45
1,<environment.Job instance at 0x7f0cf4960870>,50,18,[4 5],51,-1,69,-1,51
1,<environment.Job instance at 0x7f0cf48a0410>,51,18,[2 8],52,-1,70,-1,52
1,<environment.Job instance at 0x7f0cf4865aa0>,53,14,[11  3],54,-1,68,-1,54
1,<environment.Job instance at 0x7f0cf44ca780>,54,16,[9 4],55,-1,71,-1,55
1,<environment.Job instance at 0x7f0cf4869870>,56,14,[10  1],57,-1,71,-1,57
1,<environment.Job instance at 0x7f0cf4869370>,57,16,[9 2],58,-1,74,-1,58
1,<environment.Job instance at 0x7f0cf48692d0>,58,15,[7 5],59,-1,74,-1,59
1,<environment.Job instance at 0x7f0cfe4afe60>,60,13,[7 4],61,-1,74,-1,61
1,<environment.Job instance at 0x7f0cf4869b90>,62,20,[1 7],63,-1,83,-1,63
1,<environment.Job instance at 0x7f0cfe4872d0>,66,19,[2 7],67,-1,86,-1,67
1,<environment.Job instance at 0x7f0cf486a370>,68,18,[6 3],69,-1,87,-1,69
1,<environment.Job instance at 0x7f0cf46e2af0>,70,24,[ 1 10],71,-1,95,-1,71
1,<environment.Job instance at 0x7f0cf45416e0>,73,24,[7 4],74,-1,98,-1,74
1,<environment.Job instance at 0x7f0cf444ec80>,74,16,[7 5],75,-1,91,-1,75
1,<environment.Job instance at 0x7f0cf4446050>,76,16,[7 4],77,-1,93,-1,77
1,<environment.Job instance at 0x7f0cf456d780>,78,18,[4 6],79,-1,97,-1,79
1,<environment.Job instance at 0x7f0cf43f2d20>,81,27,[4 7],82,-1,109,-1,82
1,<environment.Job instance at 0x7f0cf43f2a00>,82,26,[8 4],83,-1,109,-1,83
1,<environment.Job instance at 0x7f0cf43f21e0>,84,14,[5 5],85,-1,99,-1,85
1,<environment.Job instance at 0x7f0cf43f2960>,87,17,[5 2],88,-1,105,-1,88
1,<environment.Job instance at 0x7f0cf43f0640>,88,18,[4 5],89,-1,107,-1,89
1,<environment.Job instance at 0x7f0cf43f0870>,90,25,[ 3 10],91,-1,116,-1,91
1,<environment.Job instance at 0x7f0cf43ee460>,97,13,[9 2],98,-1,111,-1,98
1,<environment.Job instance at 0x7f0cf43ee730>,98,15,[3 6],99,-1,114,-1,99
1,<environment.Job instance at 0x7f0cf43ee870>,100,17,[2 6],101,-1,118,-1,101
1,<environment.Job instance at 0x7f0cf43eee10>,101,15,[8 4],102,-1,117,-1,102
1,<environment.Job instance at 0x7f0cf43ee910>,103,23,[10  1],104,-1,146,-1,123
1,<environment.Job instance at 0x7f0cf43f30a0>,115,18,[11  3],116,-1,141,-1,123
1,<environment.Job instance at 0x7f0cf43ed0a0>,107,18,[5 9],108,-1,141,-1,123
1,<environment.Job instance at 0x7f0cf446c5f0>,117,3,[6 3],118,-1,126,-1,123
1,<environment.Job instance at 0x7f0cf446c370>,119,28,[5 3],120,-1,151,-1,123
1,<environment.Job instance at 0x7f0cf446cb40>,120,18,[6 1],121,-1,141,-1,123
1,<environment.Job instance at 0x7f0cf43f3e10>,114,15,[10  4],115,-1,138,-1,123
1,<environment.Job instance at 0x7f0cf459ce60>,122,18,[8 2],123,-1,141,-1,123
1,<environment.Job instance at 0x7f0cf43ed960>,106,28,[6 5],107,-1,157,-1,129
1,<environment.Job instance at 0x7f0cf45a1870>,125,17,[4 6],126,-1,146,-1,129
1,<environment.Job instance at 0x7f0cf43f6eb0>,129,16,[9 4],130,-1,146,-1,130
1,<environment.Job instance at 0x7f0cf457f5a0>,127,14,[ 1 10],128,-1,147,-1,133
1,<environment.Job instance at 0x7f0cf4456b90>,134,17,[9 4],135,-1,152,-1,135
1,<environment.Job instance at 0x7f0cf457e1e0>,130,15,[8 2],131,-1,155,-1,140
1,<environment.Job instance at 0x7f0cf459f7d0>,139,15,[ 5 10],140,-1,157,-1,142
1,<environment.Job instance at 0x7f0cf459f5f0>,143,20,[2 6],144,-1,168,-1,148
1,<environment.Job instance at 0x7f0cf43ed550>,6,2,[11  5],7,-1,9,-1,7
1,<environment.Job instance at 0x7f0cf44c9370>,8,3,[14  4],9,-1,12,-1,9
1,<environment.Job instance at 0x7f0cf4e5a140>,28,12,[14  4],29,-1,68,-1,56
1,<environment.Job instance at 0x7f0cf4e585a0>,38,2,[13  1],39,-1,98,-1,96
1,<environment.Job instance at 0x7f0cf4e58460>,41,3,[13  5],42,-1,100,-1,97
1,<environment.Job instance at 0x7f0cf4e583c0>,42,2,[ 1 12],43,-1,99,-1,97
1,<environment.Job instance at 0x7f0cf46006e0>,52,1,[ 4 13],53,-1,117,-1,116
1,<environment.Job instance at 0x7f0cf4600730>,53,14,[11  3],54,-1,130,-1,116
1,<environment.Job instance at 0x7f0cf479ef00>,1,17,[10  3],2,-1,19,-1,2
1,<environment.Job instance at 0x7f0cf479e730>,5,12,[ 4 10],6,-1,18,-1,6
1,<environment.Job instance at 0x7f0cf4576f50>,12,12,[8 1],13,-1,25,-1,13
1,<environment.Job instance at 0x7f0cf45760a0>,14,18,[3 6],15,-1,33,-1,15
1,<environment.Job instance at 0x7f0cf4576550>,16,16,[9 2],17,-1,34,-1,18
1,<environment.Job instance at 0x7f0cf4576370>,17,16,[9 4],18,-1,34,-1,18
1,<environment.Job instance at 0x7f0cf4571e60>,20,27,[ 5 10],21,-1,50,-1,23
1,<environment.Job instance at 0x7f0cf4571870>,24,15,[4 6],25,-1,40,-1,25
1,<environment.Job instance at 0x7f0cf4571370>,26,25,[ 5 10],27,-1,52,-1,27
1,<environment.Job instance at 0x7f0cf4571730>,27,15,[5 3],28,-1,43,-1,28
1,<environment.Job instance at 0x7f0cf456d0f0>,28,18,[1 5],29,-1,47,-1,29
1,<environment.Job instance at 0x7f0cf45715a0>,21,17,[7 5],22,-1,57,-1,40
1,<environment.Job instance at 0x7f0cf45e8e60>,45,16,[10  4],46,-1,64,-1,48
1,<environment.Job instance at 0x7f0cf45e6820>,49,3,[5 5],50,-1,53,-1,50
1,<environment.Job instance at 0x7f0cf45e66e0>,50,18,[9 5],51,-1,70,-1,52
1,<environment.Job instance at 0x7f0cf45e69b0>,54,17,[7 2],55,-1,72,-1,55
1,<environment.Job instance at 0x7f0cf45e4910>,56,12,[8 3],57,-1,69,-1,57
1,<environment.Job instance at 0x7f0cf45e4c30>,57,15,[2 9],58,-1,73,-1,58
1,<environment.Job instance at 0x7f0cf45e4d70>,59,17,[8 1],60,-1,77,-1,60
1,<environment.Job instance at 0x7f0cf45e4960>,61,17,[2 6],62,-1,79,-1,62
1,<environment.Job instance at 0x7f0cf45e4a50>,62,19,[8 2],63,-1,82,-1,63
1,<environment.Job instance at 0x7f0cf45de730>,68,14,[ 2 10],69,-1,83,-1,69
1,<environment.Job instance at 0x7f0cf45dec30>,69,17,[9 1],70,-1,103,-1,86
1,<environment.Job instance at 0x7f0cf45da9b0>,79,15,[10  2],80,-1,101,-1,86
1,<environment.Job instance at 0x7f0cf45da730>,80,13,[5 6],81,-1,111,-1,98
1,<environment.Job instance at 0x7f0cf45daa00>,81,12,[5 5],82,-1,110,-1,98
1,<environment.Job instance at 0x7f0cf45daaf0>,83,13,[4 9],84,-1,111,-1,98
1,<environment.Job instance at 0x7f0cf45dafa0>,85,14,[7 4],86,-1,112,-1,98
1,<environment.Job instance at 0x7f0cf45da0f0>,90,16,[10  2],91,-1,117,-1,101
1,<environment.Job instance at 0x7f0cf45da190>,91,13,[4 5],92,-1,116,-1,103
1,<environment.Job instance at 0x7f0cf45d7dc0>,95,12,[ 1 10],96,-1,115,-1,103
1,<environment.Job instance at 0x7f0cf45d7a50>,94,21,[7 2],95,-1,127,-1,106
1,<environment.Job instance at 0x7f0cf47d6f00>,98,16,[6 3],99,-1,122,-1,106
1,<environment.Job instance at 0x7f0cf47d6190>,100,18,[4 7],101,-1,126,-1,108
1,<environment.Job instance at 0x7f0cf44a4b40>,99,14,[5 7],100,-1,122,-1,108
1,<environment.Job instance at 0x7f0cf45e4a00>,64,17,[ 5 14],65,-1,176,-1,159
1,<environment.Job instance at 0x7f0cfe66dc30>,117,19,[14  4],118,-1,178,-1,159
1,<environment.Job instance at 0x7f0cf44dfaa0>,118,17,[7 4],119,-1,178,-1,161
1,<environment.Job instance at 0x7f0cf4c19b40>,119,14,[ 5 11],120,-1,175,-1,161
1,<environment.Job instance at 0x7f0cf52da460>,7,15,[ 3 12],8,-1,23,-1,8
1,<environment.Job instance at 0x7f0cf4446230>,20,27,[ 5 10],21,-1,90,-1,63
1,<environment.Job instance at 0x7f0cf45e88c0>,26,25,[ 5 10],27,-1,109,-1,84
1,<environment.Job instance at 0x7f0cf45dee10>,42,17,[12  4],43,-1,129,-1,112
1,<environment.Job instance at 0x7f0cf4ca6230>,55,2,[ 4 11],56,-1,153,-1,151
1,<environment.Job instance at 0x7f0cf4ce9690>,6,14,[3 9],7,-1,21,-1,7
1,<environment.Job instance at 0x7f0cf47f6190>,9,13,[5 9],10,-1,24,-1,11
1,<environment.Job instance at 0x7f0cf47f6280>,11,18,[8 4],12,-1,30,-1,12
1,<environment.Job instance at 0x7f0cf47f6500>,14,17,[3 9],15,-1,32,-1,15
1,<environment.Job instance at 0x7f0cf47f6640>,15,13,[10  4],16,-1,30,-1,17
1,<environment.Job instance at 0x7f0cf47f6730>,17,22,[1 7],18,-1,40,-1,18
1,<environment.Job instance at 0x7f0cf47f6870>,19,15,[7 1],20,-1,35,-1,20
1,<environment.Job instance at 0x7f0cf47f6a50>,20,14,[6 4],21,-1,35,-1,21
1,<environment.Job instance at 0x7f0cf47f6910>,21,18,[3 6],22,-1,40,-1,22
1,<environment.Job instance at 0x7f0cf47f6690>,16,16,[5 5],17,-1,38,-1,22
1,<environment.Job instance at 0x7f0cf47f6f50>,25,25,[6 3],26,-1,51,-1,26
1,<environment.Job instance at 0x7f0cf481b0f0>,28,16,[8 5],29,-1,45,-1,29
1,<environment.Job instance at 0x7f0cf481b230>,29,18,[7 5],30,-1,48,-1,30
1,<environment.Job instance at 0x7f0cf481b550>,32,16,[9 2],33,-1,49,-1,33
1,<environment.Job instance at 0x7f0cf481b690>,33,15,[6 3],34,-1,49,-1,34
1,<environment.Job instance at 0x7f0cf481b730>,35,18,[7 5],36,-1,54,-1,36
1,<environment.Job instance at 0x7f0cf481baf0>,38,17,[10  3],39,-1,57,-1,40
1,<environment.Job instance at 0x7f0cf481bcd0>,41,22,[ 1 10],42,-1,64,-1,42
1,<environment.Job instance at 0x7f0cf481bd70>,42,18,[5 1],43,-1,61,-1,43
1,<environment.Job instance at 0x7f0cf481bbe0>,43,2,[5 6],44,-1,46,-1,44
1,<environment.Job instance at 0x7f0cf481bf50>,44,2,[2 5],45,-1,47,-1,45
1,<environment.Job instance at 0x7f0cf480a0f0>,46,3,[8 2],47,-1,50,-1,47
1,<environment.Job instance at 0x7f0cf480a230>,47,13,[7 3],48,-1,61,-1,48
1,<environment.Job instance at 0x7f0cf480a190>,48,20,[6 2],49,-1,69,-1,49
1,<environment.Job instance at 0x7f0cf480a370>,49,15,[ 1 10],50,-1,65,-1,50
1,<environment.Job instance at 0x7f0cf480a410>,50,14,[3 6],51,-1,65,-1,51
1,<environment.Job instance at 0x7f0cf481bc30>,39,27,[ 5 10],40,-1,78,-1,51
1,<environment.Job instance at 0x7f0cf480a820>,55,17,[7 1],56,-1,74,-1,57
1,<environment.Job instance at 0x7f0cf480a960>,56,13,[11  1],57,-1,70,-1,57
1,<environment.Job instance at 0x7f0cf480aa00>,57,18,[1 7],58,-1,76,-1,58
1,<environment.Job instance at 0x7f0cf440caa0>,73,27,[9 3],74,-1,135,-1,108
1,<environment.Job instance at 0x7f0cf4b39e10>,76,28,[1 7],77,-1,136,-1,108
1,<environment.Job instance at 0x7f0cf480aeb0>,62,18,[5 5],63,-1,126,-1,108
1,<environment.Job instance at 0x7f0cf45d1910>,3,27,[1 8],4,-1,40,-1,13
1,<environment.Job instance at 0x7f0cf4480640>,23,3,[ 3 14],24,-1,66,-1,63
1,<environment.Job instance at 0x7f0cf4480d70>,25,25,[6 3],26,-1,105,-1,80
1,<environment.Job instance at 0x7f0cf45de4b0>,30,2,[ 5 11],31,-1,82,-1,80
1,<environment.Job instance at 0x7f0cf45e8230>,39,27,[ 5 10],40,-1,144,-1,117
1,<environment.Job instance at 0x7f0cf43f3140>,56,13,[11  1],57,-1,177,-1,164
1,<environment.Job instance at 0x7f0cf43ed550>,58,12,[ 5 12],59,-1,177,-1,165
1,<environment.Job instance at 0x7f0cf4f96230>,0,26,[6 3],1,-1,27,-1,1
1,<environment.Job instance at 0x7f0cf55d9e10>,7,17,[4 9],8,-1,27,-1,10
1,<environment.Job instance at 0x7f0cf55d9730>,9,14,[6 1],10,-1,24,-1,10
1,<environment.Job instance at 0x7f0cf55d9d20>,11,17,[10  4],12,-1,31,-1,14
1,<environment.Job instance at 0x7f0cf55d9960>,14,14,[7 4],15,-1,30,-1,16
1,<environment.Job instance at 0x7f0cf55d9f50>,16,13,[13  3],17,-1,30,-1,17
1,<environment.Job instance at 0x7f0cf55d98c0>,15,18,[10  3],16,-1,35,-1,17
1,<environment.Job instance at 0x7f0cf55d9690>,17,18,[3 6],18,-1,36,-1,18
1,<environment.Job instance at 0x7f0cf59a2e10>,24,18,[4 7],25,-1,43,-1,25
1,<environment.Job instance at 0x7f0cf59a2d70>,26,17,[5 5],27,-1,44,-1,27
1,<environment.Job instance at 0x7f0cf59266e0>,32,17,[1 6],33,-1,51,-1,34
1,<environment.Job instance at 0x7f0cf5926960>,33,16,[4 9],34,-1,65,-1,49
1,<environment.Job instance at 0x7f0cf5926050>,39,18,[9 5],40,-1,67,-1,49
1,<environment.Job instance at 0x7f0cf59262d0>,44,17,[6 5],45,-1,69,-1,52
1,<environment.Job instance at 0x7f0cf59265f0>,46,14,[13  5],47,-1,78,-1,64
1,<environment.Job instance at 0x7f0cf5926e10>,31,14,[ 3 14],32,-1,78,-1,64
1,<environment.Job instance at 0x7f0cf54294b0>,49,15,[5 2],50,-1,79,-1,64
1,<environment.Job instance at 0x7f0cf5429f00>,50,13,[12  5],51,-1,77,-1,64
1,<environment.Job instance at 0x7f0cf5429550>,52,16,[9 4],53,-1,82,-1,66
1,<environment.Job instance at 0x7f0cf5429230>,56,15,[9 5],57,-1,81,-1,66
1,<environment.Job instance at 0x7f0cf5429280>,57,14,[4 7],58,-1,80,-1,66
1,<environment.Job instance at 0x7f0cf5429190>,58,15,[ 3 13],59,-1,81,-1,66
1,<environment.Job instance at 0x7f0cf5429eb0>,61,16,[ 2 10],62,-1,91,-1,75
1,<environment.Job instance at 0x7f0cf59260f0>,43,28,[ 1 11],44,-1,104,-1,76
1,<environment.Job instance at 0x7f0cf5429e60>,62,17,[4 5],63,-1,93,-1,76
1,<environment.Job instance at 0x7f0cf5926280>,36,17,[11  2],37,-1,93,-1,76
1,<environment.Job instance at 0x7f0cf58bcf00>,66,18,[ 3 13],67,-1,94,-1,76
1,<environment.Job instance at 0x7f0cf58bc690>,67,18,[10  5],68,-1,95,-1,77
1,<environment.Job instance at 0x7f0cf58bcc80>,70,15,[ 4 10],71,-1,93,-1,78
1,<environment.Job instance at 0x7f0cf54298c0>,51,14,[7 1],52,-1,92,-1,78
1,<environment.Job instance at 0x7f0cf5429fa0>,65,12,[8 1],66,-1,90,-1,78
1,<environment.Job instance at 0x7f0cf58bcb40>,73,15,[7 2],74,-1,93,-1,78
1,<environment.Job instance at 0x7f0cf5926b40>,40,28,[5 6],41,-1,106,-1,78
1,<environment.Job instance at 0x7f0cf5568dc0>,78,14,[1 7],79,-1,94,-1,80
1,<environment.Job instance at 0x7f0cf5568690>,80,1,[5 4],81,-1,82,-1,81
1,<environment.Job instance at 0x7f0cf5568be0>,81,18,[4 8],82,-1,100,-1,82
1,<environment.Job instance at 0x7f0cf5429b90>,63,18,[ 1 10],64,-1,100,-1,82
1,<environment.Job instance at 0x7f0cf5568820>,79,17,[9 4],80,-1,101,-1,84
1,<environment.Job instance at 0x7f0cf5568f00>,90,25,[2 8],91,-1,116,-1,91
1,<environment.Job instance at 0x7f0cf5568b90>,86,15,[ 5 10],87,-1,107,-1,92
1,<environment.Job instance at 0x7f0cf5568910>,91,13,[5 8],92,-1,105,-1,92
1,<environment.Job instance at 0x7f0cf5568d70>,92,18,[9 4],93,-1,111,-1,93
1,<environment.Job instance at 0x7f0cf557edc0>,93,18,[ 4 10],94,-1,112,-1,94
1,<environment.Job instance at 0x7f0cf5568230>,89,14,[9 5],90,-1,112,-1,98
1,<environment.Job instance at 0x7f0cf4812460>,96,12,[6 3],97,-1,110,-1,98
1,<environment.Job instance at 0x7f0cf472ccd0>,97,15,[ 5 10],98,-1,113,-1,98
1,<environment.Job instance at 0x7f0cf559f4b0>,98,17,[5 7],99,-1,119,-1,102
1,<environment.Job instance at 0x7f0cf559fa00>,104,15,[ 2 10],105,-1,120,-1,105
1,<environment.Job instance at 0x7f0cf559f780>,105,16,[4 6],106,-1,122,-1,106
1,<environment.Job instance at 0x7f0cf559fcd0>,106,18,[9 4],107,-1,125,-1,107
1,<environment.Job instance at 0x7f0cf51e49b0>,112,18,[5 1],113,-1,132,-1,114
1,<environment.Job instance at 0x7f0cfdf8eb40>,109,16,[2 8],110,-1,130,-1,114
1,<environment.Job instance at 0x7f0cf45b1460>,114,20,[9 5],115,-1,135,-1,115
1,<environment.Job instance at 0x7f0cf516b550>,115,17,[7 4],116,-1,133,-1,116
1,<environment.Job instance at 0x7f0cf49508c0>,116,18,[4 6],117,-1,135,-1,117
1,<environment.Job instance at 0x7f0cf5a6f870>,113,18,[ 5 10],114,-1,136,-1,118
1,<environment.Job instance at 0x7f0cf559f500>,101,16,[ 4 10],102,-1,134,-1,118
1,<environment.Job instance at 0x7f0cf5835dc0>,119,12,[5 7],120,-1,136,-1,124
1,<environment.Job instance at 0x7f0cf44432d0>,123,17,[10  5],124,-1,147,-1,130
1,<environment.Job instance at 0x7f0cf5a4f280>,125,18,[14  2],126,-1,149,-1,131
1,<environment.Job instance at 0x7f0cf49da0f0>,127,16,[1 5],128,-1,149,-1,133
1,<environment.Job instance at 0x7f0cf55689b0>,83,15,[10  4],84,-1,149,-1,134
1,<environment.Job instance at 0x7f0cf52666e0>,132,15,[3 8],133,-1,149,-1,134
1,<environment.Job instance at 0x7f0cf5266a50>,137,25,[9 4],138,-1,169,-1,144
1,<environment.Job instance at 0x7f0cf5266be0>,140,16,[2 8],141,-1,163,-1,147
1,<environment.Job instance at 0x7f0cf5187960>,142,17,[1 7],143,-1,164,-1,147
1,<environment.Job instance at 0x7f0cf5187410>,143,17,[6 4],144,-1,164,-1,147
1,<environment.Job instance at 0x7f0cf55d9370>,0,26,[6 3],1,-1,27,-1,1
1,<environment.Job instance at 0x7f0cf59a29b0>,2,17,[ 2 11],3,-1,20,-1,3
1,<environment.Job instance at 0x7f0cf5926820>,5,23,[7 1],6,-1,29,-1,6
1,<environment.Job instance at 0x7f0cf58bc280>,13,12,[ 1 14],14,-1,28,-1,16
1,<environment.Job instance at 0x7f0cf5568c30>,16,13,[13  3],17,-1,38,-1,25
1,<environment.Job instance at 0x7f0cf559fd70>,18,1,[ 3 14],19,-1,26,-1,25
1,<environment.Job instance at 0x7f0cf4de7050>,31,14,[ 3 14],32,-1,89,-1,75
1,<environment.Job instance at 0x7f0cf44cf960>,35,13,[ 1 12],36,-1,94,-1,81
1,<environment.Job instance at 0x7f0cf46dd370>,36,17,[11  2],37,-1,98,-1,81
1,<environment.Job instance at 0x7f0cf4ddea00>,40,28,[5 6],41,-1,128,-1,100
1,<environment.Job instance at 0x7f0cf46c8e60>,43,28,[ 1 11],44,-1,130,-1,102
1,<environment.Job instance at 0x7f0cf4aa78c0>,45,23,[5 3],46,-1,129,-1,106
1,<environment.Job instance at 0x7f0cf4a83be0>,46,14,[13  5],47,-1,120,-1,106
1,<environment.Job instance at 0x7f0cf4a97690>,50,13,[12  5],51,-1,132,-1,119
1,<environment.Job instance at 0x7f0cf4a91550>,58,15,[ 3 13],59,-1,163,-1,148
1,<environment.Job instance at 0x7f0cf4de7aa0>,0,16,[5 9],1,-1,17,-1,1
1,<environment.Job instance at 0x7f0cf4de7280>,1,15,[9 5],2,-1,18,-1,3
1,<environment.Job instance at 0x7f0cf5a94c80>,2,14,[9 1],3,-1,17,-1,3
1,<environment.Job instance at 0x7f0cf43e65f0>,10,18,[5 8],11,-1,29,-1,11
1,<environment.Job instance at 0x7f0cf43e6be0>,11,17,[3 7],12,-1,29,-1,12
1,<environment.Job instance at 0x7f0cf43e67d0>,12,23,[7 1],13,-1,36,-1,13
1,<environment.Job instance at 0x7f0cf43e6d70>,14,14,[10  1],15,-1,29,-1,15
1,<environment.Job instance at 0x7f0cf4a30280>,19,13,[ 2 10],20,-1,33,-1,20
1,<environment.Job instance at 0x7f0cf50dcaa0>,20,15,[4 9],21,-1,36,-1,21
1,<environment.Job instance at 0x7f0cf50dca50>,21,15,[7 5],22,-1,37,-1,22
1,<environment.Job instance at 0x7f0cf4de71e0>,9,16,[ 4 10],10,-1,39,-1,23
1,<environment.Job instance at 0x7f0cf43e6280>,23,16,[8 2],24,-1,43,-1,27
1,<environment.Job instance at 0x7f0cf59580f0>,26,17,[9 3],27,-1,44,-1,27
1,<environment.Job instance at 0x7f0cf4c97b90>,30,15,[9 1],31,-1,47,-1,32
1,<environment.Job instance at 0x7f0cf53a5b40>,33,16,[ 4 10],34,-1,50,-1,34
1,<environment.Job instance at 0x7f0cf53a5f50>,34,18,[1 8],35,-1,53,-1,35
1,<environment.Job instance at 0x7f0cf53a5be0>,36,2,[7 2],37,-1,39,-1,37
1,<environment.Job instance at 0x7f0cf53a5320>,37,15,[6 1],38,-1,53,-1,38
1,<environment.Job instance at 0x7f0cf5376af0>,38,18,[5 8],39,-1,57,-1,39
1,<environment.Job instance at 0x7f0cf5376910>,40,20,[9 5],41,-1,61,-1,41
1,<environment.Job instance at 0x7f0cf4bfb230>,44,15,[7 5],45,-1,60,-1,45
1,<environment.Job instance at 0x7f0cf526b690>,47,15,[ 1 10],48,-1,63,-1,48
1,<environment.Job instance at 0x7f0cf526b9b0>,51,18,[3 7],52,-1,70,-1,52
1,<environment.Job instance at 0x7f0cf526bd20>,52,17,[1 9],53,-1,70,-1,53
1,<environment.Job instance at 0x7f0cf58a0aa0>,53,14,[5 5],54,-1,68,-1,54
1,<environment.Job instance at 0x7f0cf58a0a50>,54,22,[9 5],55,-1,77,-1,55
1,<environment.Job instance at 0x7f0cf58a0f00>,56,13,[3 7],57,-1,70,-1,57
1,<environment.Job instance at 0x7f0cf526b460>,57,16,[5 8],58,-1,74,-1,58
1,<environment.Job instance at 0x7f0cf541fdc0>,58,16,[1 6],59,-1,75,-1,59
1,<environment.Job instance at 0x7f0cf535a370>,60,13,[11  4],61,-1,74,-1,61
1,<environment.Job instance at 0x7f0cf42fc960>,31,23,[ 3 13],32,-1,85,-1,62
1,<environment.Job instance at 0x7f0cf43290a0>,85,16,[11  3],86,-1,160,-1,144
1,<environment.Job instance at 0x7f0cf540cbe0>,93,18,[ 2 10],94,-1,164,-1,146
1,<environment.Job instance at 0x7f0cf540c410>,94,17,[8 3],95,-1,166,-1,149
1,<environment.Job instance at 0x7f0cf421e960>,99,16,[10  5],100,-1,165,-1,149
1,<environment.Job instance at 0x7f0cf421e870>,98,15,[8 3],99,-1,177,-1,162
1,<environment.Job instance at 0x7f0cf52d56e0>,97,17,[7 4],98,-1,179,-1,162
1,<environment.Job instance at 0x7f0cf4286500>,110,18,[9 2],111,-1,180,-1,162
1,<environment.Job instance at 0x7f0cfe6d3460>,3,18,[ 2 11],4,-1,22,-1,4
1,<environment.Job instance at 0x7f0cf52da280>,5,3,[11  2],6,-1,9,-1,6
1,<environment.Job instance at 0x7f0cf46f9690>,12,23,[7 1],13,-1,60,-1,37
1,<environment.Job instance at 0x7f0cf49c12d0>,15,3,[13  2],16,-1,40,-1,37
1,<environment.Job instance at 0x7f0cf46f98c0>,18,1,[13  4],19,-1,48,-1,47
1,<environment.Job instance at 0x7f0cf4a93d20>,22,13,[14  4],23,-1,65,-1,52
1,<environment.Job instance at 0x7f0cf4a97230>,31,23,[ 3 13],32,-1,117,-1,94
1,<environment.Job instance at 0x7f0cf4443910>,0,17,[8 4],1,-1,19,-1,2
1,<environment.Job instance at 0x7f0cf51ea050>,1,14,[ 5 10],2,-1,16,-1,2
1,<environment.Job instance at 0x7f0cf4443cd0>,2,19,[8 3],3,-1,23,-1,4
1,<environment.Job instance at 0x7f0cf54398c0>,4,17,[8 5],5,-1,22,-1,5
1,<environment.Job instance at 0x7f0cf5439140>,6,23,[5 5],7,-1,30,-1,7
1,<environment.Job instance at 0x7f0cf5439e60>,7,1,[2 6],8,-1,9,-1,8
1,<environment.Job instance at 0x7f0cf5439320>,8,14,[9 5],9,-1,23,-1,9
1,<environment.Job instance at 0x7f0cf5439910>,9,25,[7 3],10,-1,35,-1,10
1,<environment.Job instance at 0x7f0cf5439c30>,13,17,[6 4],14,-1,31,-1,14
1,<environment.Job instance at 0x7f0cf542a190>,14,17,[4 7],15,-1,32,-1,15
1,<environment.Job instance at 0x7f0cf542a1e0>,16,13,[10  5],17,-1,30,-1,17
1,<environment.Job instance at 0x7f0cf542a3c0>,17,14,[2 6],18,-1,32,-1,18
1,<environment.Job instance at 0x7f0cf542a780>,22,14,[10  1],23,-1,37,-1,23
1,<environment.Job instance at 0x7f0cf542a4b0>,24,15,[8 1],25,-1,40,-1,25
1,<environment.Job instance at 0x7f0cf542aa50>,25,14,[5 7],26,-1,40,-1,26
1,<environment.Job instance at 0x7f0cf542aaa0>,27,15,[3 9],28,-1,44,-1,29
1,<environment.Job instance at 0x7f0cf542adc0>,30,18,[5 4],31,-1,49,-1,31
1,<environment.Job instance at 0x7f0cf542ab90>,32,19,[6 2],33,-1,52,-1,33
1,<environment.Job instance at 0x7f0cf542acd0>,28,15,[ 4 10],29,-1,52,-1,37
1,<environment.Job instance at 0x7f0cf5434a00>,38,18,[ 4 10],39,-1,58,-1,40
1,<environment.Job instance at 0x7f0cf54348c0>,40,14,[2 6],41,-1,55,-1,41
1,<environment.Job instance at 0x7f0cf54341e0>,43,16,[3 8],44,-1,60,-1,44
1,<environment.Job instance at 0x7f0cf54349b0>,44,16,[9 2],45,-1,61,-1,45
1,<environment.Job instance at 0x7f0cf5434140>,46,18,[3 6],47,-1,65,-1,47
1,<environment.Job instance at 0x7f0cf5434a50>,47,18,[5 5],48,-1,66,-1,48
1,<environment.Job instance at 0x7f0cf5443e10>,62,13,[14  2],63,-1,78,-1,65
1,<environment.Job instance at 0x7f0cf5443cd0>,61,16,[6 5],62,-1,82,-1,66
1,<environment.Job instance at 0x7f0cf54345a0>,48,22,[ 1 13],49,-1,89,-1,67
1,<environment.Job instance at 0x7f0cf5443f50>,64,22,[5 8],65,-1,91,-1,69
1,<environment.Job instance at 0x7f0cf5443960>,59,23,[4 9],60,-1,92,-1,69
1,<environment.Job instance at 0x7f0cf544d0a0>,67,18,[9 4],68,-1,87,-1,69
1,<environment.Job instance at 0x7f0cf544d140>,66,12,[ 1 10],67,-1,82,-1,70
1,<environment.Job instance at 0x7f0cf5443dc0>,65,16,[6 5],66,-1,97,-1,81
1,<environment.Job instance at 0x7f0cf544de10>,79,18,[1 9],80,-1,99,-1,81
1,<environment.Job instance at 0x7f0cf5443690>,55,18,[5 8],56,-1,107,-1,89
1,<environment.Job instance at 0x7f0cf544c3c0>,84,17,[3 7],85,-1,106,-1,89
1,<environment.Job instance at 0x7f0cf5443550>,56,18,[3 9],57,-1,107,-1,89
1,<environment.Job instance at 0x7f0cf544c320>,83,14,[4 8],84,-1,103,-1,89
1,<environment.Job instance at 0x7f0cf544c280>,89,18,[2 9],90,-1,108,-1,90
1,<environment.Job instance at 0x7f0cf544ca00>,90,18,[5 5],91,-1,109,-1,91
1,<environment.Job instance at 0x7f0cf544c960>,91,14,[ 1 10],92,-1,108,-1,94
1,<environment.Job instance at 0x7f0cf544ce10>,94,16,[7 5],95,-1,111,-1,95
1,<environment.Job instance at 0x7f0cf544cd70>,93,18,[5 2],94,-1,118,-1,100
1,<environment.Job instance at 0x7f0cf4deb9b0>,101,13,[9 1],102,-1,116,-1,103
1,<environment.Job instance at 0x7f0cf544cf00>,96,12,[8 3],97,-1,116,-1,104
1,<environment.Job instance at 0x7f0cf4deba50>,103,17,[14  2],104,-1,121,-1,104
1,<environment.Job instance at 0x7f0cf4debb40>,104,15,[10  2],105,-1,121,-1,106
1,<environment.Job instance at 0x7f0cf4deb550>,105,20,[10  3],106,-1,126,-1,106
1,<environment.Job instance at 0x7f0cf4debdc0>,106,12,[3 5],107,-1,125,-1,113
1,<environment.Job instance at 0x7f0cf4278640>,112,18,[9 2],113,-1,131,-1,113
1,<environment.Job instance at 0x7f0cf5814190>,115,14,[6 3],116,-1,130,-1,116
1,<environment.Job instance at 0x7f0cf581ef00>,117,23,[6 1],118,-1,141,-1,118
1,<environment.Job instance at 0x7f0cf5829410>,121,14,[1 5],122,-1,136,-1,122
1,<environment.Job instance at 0x7f0cf42820f0>,114,14,[5 9],115,-1,136,-1,122
1,<environment.Job instance at 0x7f0cf4291640>,126,18,[ 2 10],127,-1,148,-1,130
1,<environment.Job instance at 0x7f0cf5570140>,128,14,[9 5],129,-1,144,-1,130
1,<environment.Job instance at 0x7f0cf51c4640>,129,14,[8 5],130,-1,144,-1,130
1,<environment.Job instance at 0x7f0cf556aaf0>,132,17,[1 5],133,-1,150,-1,133
1,<environment.Job instance at 0x7f0cf4a41910>,134,28,[ 5 10],135,-1,163,-1,135
1,<environment.Job instance at 0x7f0cf5583e10>,130,25,[9 4],131,-1,166,-1,141
1,<environment.Job instance at 0x7f0cf4a41730>,138,26,[4 9],139,-1,168,-1,142
1,<environment.Job instance at 0x7f0cf428dcd0>,140,18,[5 4],141,-1,160,-1,142
1,<environment.Job instance at 0x7f0cf4bc4690>,141,14,[8 4],142,-1,157,-1,143
1,<environment.Job instance at 0x7f0cf4a41230>,137,27,[2 9],138,-1,170,-1,143
1,<environment.Job instance at 0x7f0cf581f640>,144,16,[8 1],145,-1,162,-1,146
1,<environment.Job instance at 0x7f0cf581fb40>,148,19,[2 7],149,-1,168,-1,149
1,<environment.Job instance at 0x7f0cf5434550>,6,23,[5 5],7,-1,39,-1,16
1,<environment.Job instance at 0x7f0cf5443820>,10,1,[12  5],11,-1,19,-1,18
1,<environment.Job instance at 0x7f0cf5443d20>,9,25,[7 3],10,-1,43,-1,18
1,<environment.Job instance at 0x7f0cf581e870>,21,3,[ 3 11],22,-1,52,-1,49
1,<environment.Job instance at 0x7f0cf53a8140>,35,3,[14  4],36,-1,93,-1,90
1,<environment.Job instance at 0x7f0cf53a89b0>,36,17,[ 1 13],37,-1,107,-1,90
1,<environment.Job instance at 0x7f0cf53a85f0>,37,18,[ 3 12],38,-1,108,-1,90
1,<environment.Job instance at 0x7f0cf50bcfa0>,41,2,[11  4],42,-1,108,-1,106
1,<environment.Job instance at 0x7f0cf4991b90>,48,22,[ 1 13],49,-1,149,-1,127
1,<environment.Job instance at 0x7f0cf495b550>,58,2,[11  2],59,-1,171,-1,169
1,<environment.Job instance at 0x7f0cf4d26370>,0,18,[4 5],1,-1,19,-1,1
1,<environment.Job instance at 0x7f0cf4d26e60>,1,18,[4 9],2,-1,20,-1,2
1,<environment.Job instance at 0x7f0cf4d26820>,3,13,[9 3],4,-1,18,-1,5
1,<environment.Job instance at 0x7f0cf4d263c0>,4,19,[2 5],5,-1,24,-1,5
1,<environment.Job instance at 0x7f0cf4d26a50>,5,14,[ 3 10],6,-1,21,-1,7
1,<environment.Job instance at 0x7f0cf4e75b40>,7,1,[3 8],8,-1,9,-1,8
1,<environment.Job instance at 0x7f0cf4e754b0>,8,12,[1 9],9,-1,21,-1,9
1,<environment.Job instance at 0x7f0cf4d264b0>,6,14,[5 4],7,-1,26,-1,12
1,<environment.Job instance at 0x7f0cf4e75cd0>,13,23,[1 7],14,-1,37,-1,14
1,<environment.Job instance at 0x7f0cf4e75550>,15,18,[ 2 10],16,-1,34,-1,16
1,<environment.Job instance at 0x7f0cf4e75c80>,19,17,[9 1],20,-1,38,-1,21
1,<environment.Job instance at 0x7f0cf4e315a0>,22,26,[1 5],23,-1,49,-1,23
1,<environment.Job instance at 0x7f0cf4e310a0>,23,17,[ 4 10],24,-1,41,-1,24
1,<environment.Job instance at 0x7f0cf4e31960>,24,15,[5 3],25,-1,40,-1,25
1,<environment.Job instance at 0x7f0cf4e317d0>,25,15,[8 3],26,-1,41,-1,26
1,<environment.Job instance at 0x7f0cf4e31320>,27,12,[9 2],28,-1,40,-1,28
1,<environment.Job instance at 0x7f0cf4e31230>,30,13,[10  5],31,-1,44,-1,31
1,<environment.Job instance at 0x7f0cf4e31280>,31,12,[8 2],32,-1,44,-1,32
1,<environment.Job instance at 0x7f0cf514d7d0>,32,22,[5 3],33,-1,55,-1,33
1,<environment.Job instance at 0x7f0cf514d1e0>,34,15,[4 7],35,-1,50,-1,35
1,<environment.Job instance at 0x7f0cf514d9b0>,37,24,[2 8],38,-1,62,-1,38
1,<environment.Job instance at 0x7f0cf514d500>,41,16,[4 9],42,-1,58,-1,42
1,<environment.Job instance at 0x7f0cf51d80a0>,42,15,[1 6],43,-1,58,-1,43
1,<environment.Job instance at 0x7f0cf51d8140>,43,26,[1 8],44,-1,70,-1,44
1,<environment.Job instance at 0x7f0cf51d8690>,45,12,[5 2],46,-1,58,-1,46
1,<environment.Job instance at 0x7f0cf51d8550>,46,18,[7 1],47,-1,65,-1,47
1,<environment.Job instance at 0x7f0cf4f748c0>,51,23,[9 4],52,-1,75,-1,52
1,<environment.Job instance at 0x7f0cf51cda00>,56,16,[9 3],57,-1,73,-1,57
1,<environment.Job instance at 0x7f0cf4f74730>,49,15,[ 1 14],50,-1,72,-1,57
1,<environment.Job instance at 0x7f0cf51cddc0>,58,16,[5 1],59,-1,75,-1,59
1,<environment.Job instance at 0x7f0cf51cd0a0>,60,17,[4 7],61,-1,78,-1,61
1,<environment.Job instance at 0x7f0cf4e75190>,20,16,[4 8],21,-1,78,-1,62
1,<environment.Job instance at 0x7f0cfe0896e0>,63,12,[4 5],64,-1,80,-1,68
1,<environment.Job instance at 0x7f0cf4960c80>,70,18,[3 6],71,-1,89,-1,71
1,<environment.Job instance at 0x7f0cf59b80a0>,72,16,[1 9],73,-1,89,-1,73
1,<environment.Job instance at 0x7f0cf4a5c780>,73,13,[6 4],74,-1,88,-1,75
1,<environment.Job instance at 0x7f0cfe089870>,67,17,[4 6],68,-1,93,-1,76
1,<environment.Job instance at 0x7f0cf4a77730>,74,12,[10  3],75,-1,89,-1,77
1,<environment.Job instance at 0x7f0cfe080460>,76,16,[2 7],77,-1,93,-1,77
1,<environment.Job instance at 0x7f0cfdfd7d20>,84,17,[10  5],85,-1,108,-1,91
1,<environment.Job instance at 0x7f0cfdfd78c0>,82,12,[1 7],83,-1,103,-1,91
1,<environment.Job instance at 0x7f0cfdfd70f0>,87,16,[11  5],88,-1,107,-1,91
1,<environment.Job instance at 0x7f0cfdfd7820>,80,14,[1 9],81,-1,105,-1,91
1,<environment.Job instance at 0x7f0cfdfd73c0>,85,15,[1 6],86,-1,106,-1,91
1,<environment.Job instance at 0x7f0cfdfd7d70>,90,14,[3 5],91,-1,117,-1,103
1,<environment.Job instance at 0x7f0cfdfd7870>,88,13,[3 6],89,-1,116,-1,103
1,<environment.Job instance at 0x7f0cf4f746e0>,54,14,[2 7],55,-1,117,-1,103
1,<environment.Job instance at 0x7f0cfdfd7460>,95,17,[ 5 10],96,-1,120,-1,103
1,<environment.Job instance at 0x7f0cf5477a50>,99,2,[1 9],100,-1,105,-1,103
1,<environment.Job instance at 0x7f0cf4869dc0>,102,16,[5 3],103,-1,119,-1,103
1,<environment.Job instance at 0x7f0cf49e9a50>,97,1,[ 5 10],98,-1,104,-1,103
1,<environment.Job instance at 0x7f0cf54b6690>,104,16,[8 5],105,-1,122,-1,106
1,<environment.Job instance at 0x7f0cf54b6550>,103,16,[9 5],104,-1,122,-1,106
1,<environment.Job instance at 0x7f0cf54b64b0>,107,14,[ 5 10],108,-1,123,-1,109
1,<environment.Job instance at 0x7f0cfdf72cd0>,109,16,[6 2],110,-1,126,-1,110
1,<environment.Job instance at 0x7f0cfdf72050>,112,16,[9 3],113,-1,129,-1,113
1,<environment.Job instance at 0x7f0cf49e9aa0>,98,12,[6 1],99,-1,126,-1,114
1,<environment.Job instance at 0x7f0cfdf72af0>,113,14,[1 6],114,-1,129,-1,115
1,<environment.Job instance at 0x7f0cfdf72e10>,115,22,[5 2],116,-1,138,-1,116
1,<environment.Job instance at 0x7f0cf5995dc0>,118,13,[5 7],119,-1,132,-1,119
1,<environment.Job instance at 0x7f0cf5995b40>,125,18,[10  4],126,-1,157,-1,139
1,<environment.Job instance at 0x7f0cfdf72b90>,114,16,[7 3],115,-1,158,-1,142
1,<environment.Job instance at 0x7f0cf5995050>,121,28,[7 5],122,-1,190,-1,162
1,<environment.Job instance at 0x7f0cf4ad0870>,132,18,[3 6],133,-1,183,-1,165
1,<environment.Job instance at 0x7f0cf508d5a0>,131,18,[4 9],132,-1,183,-1,165
1,<environment.Job instance at 0x7f0cfdf92050>,13,23,[1 7],14,-1,57,-1,34
1,<environment.Job instance at 0x7f0cfdfd72d0>,18,13,[14  3],19,-1,48,-1,35
1,<environment.Job instance at 0x7f0cf59956e0>,22,26,[1 5],23,-1,72,-1,46
1,<environment.Job instance at 0x7f0cf5429870>,37,24,[2 8],38,-1,127,-1,103
1,<environment.Job instance at 0x7f0cf53e6e10>,39,13,[14  2],40,-1,116,-1,103
1,<environment.Job instance at 0x7f0cf43ebc80>,43,26,[1 8],44,-1,146,-1,120
1,<environment.Job instance at 0x7f0cfe3cb410>,49,15,[ 1 14],50,-1,151,-1,136
1,<environment.Job instance at 0x7f0cf559fd70>,51,23,[9 4],52,-1,162,-1,139
1,<environment.Job instance at 0x7f0cf5215640>,0,17,[5 9],1,-1,18,-1,1
1,<environment.Job instance at 0x7f0cf5215b90>,1,17,[9 4],2,-1,20,-1,3
1,<environment.Job instance at 0x7f0cf5215780>,4,14,[9 5],5,-1,20,-1,6
1,<environment.Job instance at 0x7f0cf5215c80>,5,14,[6 1],6,-1,20,-1,6
1,<environment.Job instance at 0x7f0cf5215aa0>,6,16,[3 8],7,-1,23,-1,7
1,<environment.Job instance at 0x7f0cf52155f0>,7,18,[ 5 10],8,-1,26,-1,8
1,<environment.Job instance at 0x7f0cf52158c0>,12,12,[10  2],13,-1,27,-1,15
1,<environment.Job instance at 0x7f0cf5215d70>,15,14,[8 4],16,-1,30,-1,16
1,<environment.Job instance at 0x7f0cf4e9bd20>,16,18,[ 2 10],17,-1,35,-1,17
1,<environment.Job instance at 0x7f0cf4e9baf0>,17,18,[5 9],18,-1,36,-1,18
1,<environment.Job instance at 0x7f0cf4e9bbe0>,19,1,[6 1],20,-1,21,-1,20
1,<environment.Job instance at 0x7f0cf5215460>,14,18,[ 2 10],15,-1,38,-1,20
1,<environment.Job instance at 0x7f0cf5215960>,20,17,[8 2],21,-1,39,-1,22
1,<environment.Job instance at 0x7f0cf4e9beb0>,22,16,[6 2],23,-1,39,-1,23
1,<environment.Job instance at 0x7f0cf4e9b500>,21,14,[4 9],22,-1,38,-1,24
1,<environment.Job instance at 0x7f0cf4e9b870>,28,25,[5 5],29,-1,54,-1,29
1,<environment.Job instance at 0x7f0cf4e99820>,34,14,[7 4],35,-1,50,-1,36
1,<environment.Job instance at 0x7f0cf4e998c0>,36,15,[2 7],37,-1,52,-1,37
1,<environment.Job instance at 0x7f0cf4e99eb0>,37,16,[3 5],38,-1,54,-1,38
1,<environment.Job instance at 0x7f0cf4e99c30>,38,17,[2 7],39,-1,56,-1,39
1,<environment.Job instance at 0x7f0cf4e99f50>,35,14,[5 9],36,-1,53,-1,39
1,<environment.Job instance at 0x7f0cf4e996e0>,39,16,[8 5],40,-1,57,-1,41
1,<environment.Job instance at 0x7f0cf4e99500>,42,18,[5 6],43,-1,61,-1,43
1,<environment.Job instance at 0x7f0cf4e99b90>,43,14,[4 8],44,-1,58,-1,44
1,<environment.Job instance at 0x7f0cf4e991e0>,44,18,[10  2],45,-1,63,-1,45
1,<environment.Job instance at 0x7f0cf4e99870>,45,17,[3 9],46,-1,63,-1,46
1,<environment.Job instance at 0x7f0cf4e99730>,48,12,[10  5],49,-1,61,-1,49
1,<environment.Job instance at 0x7f0cf4ed5050>,54,13,[9 1],55,-1,68,-1,55
1,<environment.Job instance at 0x7f0cf4ed5870>,55,16,[ 4 12],56,-1,72,-1,56
1,<environment.Job instance at 0x7f0cf51c3410>,70,15,[1 6],71,-1,86,-1,71
1,<environment.Job instance at 0x7f0cf4ed5b40>,52,17,[ 3 14],53,-1,94,-1,77
1,<environment.Job instance at 0x7f0cf51c35f0>,71,22,[2 9],72,-1,101,-1,79
1,<environment.Job instance at 0x7f0cf51c35a0>,75,16,[8 5],76,-1,99,-1,83
1,<environment.Job instance at 0x7f0cf4e99550>,40,22,[4 6],41,-1,105,-1,83
1,<environment.Job instance at 0x7f0cf4e8e3c0>,90,12,[10  4],91,-1,116,-1,104
1,<environment.Job instance at 0x7f0cf4e8e960>,92,18,[ 5 10],93,-1,124,-1,106
1,<environment.Job instance at 0x7f0cf4e8e870>,94,26,[10  2],95,-1,132,-1,106
1,<environment.Job instance at 0x7f0cf4e8e500>,96,16,[ 5 10],97,-1,125,-1,109
1,<environment.Job instance at 0x7f0cf4e8e780>,91,12,[4 5],92,-1,121,-1,109
1,<environment.Job instance at 0x7f0cf4ed5c80>,64,15,[3 7],65,-1,127,-1,112
1,<environment.Job instance at 0x7f0cf4e8eaf0>,102,20,[5 2],103,-1,132,-1,112
1,<environment.Job instance at 0x7f0cfe03cd20>,28,25,[5 5],29,-1,138,-1,113
1,<environment.Job instance at 0x7f0cf4806b40>,30,18,[14  5],31,-1,131,-1,113
1,<environment.Job instance at 0x7f0cfe03cfa0>,31,15,[ 1 12],32,-1,128,-1,113
1,<environment.Job instance at 0x7f0cf4853690>,2,17,[8 1],3,-1,21,-1,4
1,<environment.Job instance at 0x7f0cf48533c0>,4,13,[2 5],5,-1,18,-1,5
1,<environment.Job instance at 0x7f0cfe5f2b90>,3,26,[2 9],4,-1,31,-1,5
1,<environment.Job instance at 0x7f0cf4853230>,5,17,[1 8],6,-1,23,-1,6
1,<environment.Job instance at 0x7f0cf53825a0>,12,18,[6 4],13,-1,32,-1,14
1,<environment.Job instance at 0x7f0cf5382780>,19,15,[8 4],20,-1,35,-1,20
1,<environment.Job instance at 0x7f0cf5954140>,24,16,[5 3],25,-1,41,-1,25
1,<environment.Job instance at 0x7f0cf5954d20>,28,18,[5 6],29,-1,47,-1,29
1,<environment.Job instance at 0x7f0cf5842230>,32,18,[7 3],33,-1,51,-1,33
1,<environment.Job instance at 0x7f0cf5842410>,33,13,[4 7],34,-1,47,-1,34
1,<environment.Job instance at 0x7f0cf4853500>,13,18,[1 8],14,-1,53,-1,35
1,<environment.Job instance at 0x7f0cf5842870>,35,16,[5 7],36,-1,52,-1,36
1,<environment.Job instance at 0x7f0cf570c320>,39,23,[5 5],40,-1,63,-1,40
1,<environment.Job instance at 0x7f0cf570c0f0>,40,17,[8 3],41,-1,58,-1,41
1,<environment.Job instance at 0x7f0cf570cd70>,41,12,[7 5],42,-1,54,-1,42
1,<environment.Job instance at 0x7f0cf570cb90>,42,12,[5 4],43,-1,55,-1,43
1,<environment.Job instance at 0x7f0cf570cc80>,43,13,[10  3],44,-1,57,-1,44
1,<environment.Job instance at 0x7f0cf570c550>,44,17,[5 6],45,-1,62,-1,45
1,<environment.Job instance at 0x7f0cf570ce10>,45,24,[7 5],46,-1,70,-1,46
1,<environment.Job instance at 0x7f0cf570c5f0>,46,15,[1 5],47,-1,62,-1,47
1,<environment.Job instance at 0x7f0cf44df640>,52,17,[3 8],53,-1,70,-1,53
1,<environment.Job instance at 0x7f0cf41cd050>,57,14,[9 3],58,-1,72,-1,58
1,<environment.Job instance at 0x7f0cf41cd0a0>,59,15,[8 4],60,-1,75,-1,60
1,<environment.Job instance at 0x7f0cf41cd500>,61,15,[3 9],62,-1,77,-1,62
1,<environment.Job instance at 0x7f0cf41cde10>,62,16,[6 3],63,-1,79,-1,63
1,<environment.Job instance at 0x7f0cf41cdf00>,65,19,[8 1],66,-1,85,-1,66
1,<environment.Job instance at 0x7f0cf4338e10>,71,23,[7 5],72,-1,95,-1,72
1,<environment.Job instance at 0x7f0cf43388c0>,72,28,[8 2],73,-1,101,-1,73
1,<environment.Job instance at 0x7f0cf4ce9d20>,73,22,[5 4],74,-1,96,-1,74
1,<environment.Job instance at 0x7f0cf4ce94b0>,75,17,[ 4 10],76,-1,93,-1,76
1,<environment.Job instance at 0x7f0cf549f640>,80,16,[1 5],81,-1,97,-1,81
1,<environment.Job instance at 0x7f0cf549fe60>,81,17,[6 5],82,-1,99,-1,82
1,<environment.Job instance at 0x7f0cf549fc80>,83,18,[10  5],84,-1,102,-1,84
1,<environment.Job instance at 0x7f0cf549ff00>,86,16,[3 6],87,-1,103,-1,87
1,<environment.Job instance at 0x7f0cf43fdb90>,93,18,[4 9],94,-1,112,-1,94
1,<environment.Job instance at 0x7f0cf43fd910>,94,26,[7 4],95,-1,121,-1,95
1,<environment.Job instance at 0x7f0cf56135f0>,98,16,[1 8],99,-1,115,-1,99
1,<environment.Job instance at 0x7f0cf572d910>,104,17,[10  4],105,-1,125,-1,108
1,<environment.Job instance at 0x7f0cf52eecd0>,112,14,[ 2 12],113,-1,127,-1,113
1,<environment.Job instance at 0x7f0cf465ea50>,113,1,[7 3],114,-1,115,-1,114
1,<environment.Job instance at 0x7f0cf47f6c30>,111,16,[8 1],112,-1,130,-1,114
1,<environment.Job instance at 0x7f0cf4f075f0>,117,19,[4 7],118,-1,137,-1,118
1,<environment.Job instance at 0x7f0cf47f4460>,120,17,[2 8],121,-1,142,-1,125
1,<environment.Job instance at 0x7f0cf4a278c0>,128,16,[10  3],129,-1,149,-1,133
1,<environment.Job instance at 0x7f0cf4f30370>,126,12,[1 9],127,-1,145,-1,133
1,<environment.Job instance at 0x7f0cf4f30be0>,127,18,[7 1],128,-1,151,-1,133
1,<environment.Job instance at 0x7f0cf4ce07d0>,123,13,[5 1],124,-1,146,-1,133
1,<environment.Job instance at 0x7f0cf568f7d0>,108,16,[14  5],109,-1,150,-1,134
1,<environment.Job instance at 0x7f0cf4548280>,133,16,[4 9],134,-1,150,-1,134
1,<environment.Job instance at 0x7f0cf4a272d0>,129,15,[9 3],130,-1,149,-1,134
1,<environment.Job instance at 0x7f0cf4548c80>,134,23,[6 5],135,-1,158,-1,135
1,<environment.Job instance at 0x7f0cf52e4c30>,138,12,[ 3 10],139,-1,151,-1,139
1,<environment.Job instance at 0x7f0cf4f24410>,141,12,[1 7],142,-1,154,-1,142
1,<environment.Job instance at 0x7f0cf4f24cd0>,142,17,[1 6],143,-1,160,-1,143
1,<environment.Job instance at 0x7f0cf5954690>,3,26,[2 9],4,-1,30,-1,4
1,<environment.Job instance at 0x7f0cf5842050>,6,13,[12  4],7,-1,20,-1,7
1,<environment.Job instance at 0x7f0cf41cda50>,11,17,[13  5],12,-1,35,-1,18
1,<environment.Job instance at 0x7f0cf45cb370>,39,23,[5 5],40,-1,121,-1,98
1,<environment.Job instance at 0x7f0cf4b42320>,45,24,[7 5],46,-1,153,-1,129
1,<environment.Job instance at 0x7f0cf52c5500>,47,3,[ 2 13],48,-1,132,-1,129
1,<environment.Job instance at 0x7f0cf4b1aaa0>,0,20,[5 8],1,-1,21,-1,1
1,<environment.Job instance at 0x7f0cf4bd6dc0>,6,18,[3 5],7,-1,25,-1,7
1,<environment.Job instance at 0x7f0cf43f6690>,10,21,[5 2],11,-1,32,-1,11
1,<environment.Job instance at 0x7f0cf43f6aa0>,14,18,[3 8],15,-1,35,-1,17
1,<environment.Job instance at 0x7f0cfdff70f0>,20,14,[5 5],21,-1,35,-1,21
1,<environment.Job instance at 0x7f0cfdff7280>,21,17,[2 9],22,-1,39,-1,22
1,<environment.Job instance at 0x7f0cfdff7780>,26,12,[9 1],27,-1,39,-1,27
1,<environment.Job instance at 0x7f0cfdff7c30>,30,12,[3 8],31,-1,43,-1,31
1,<environment.Job instance at 0x7f0cfe00f0f0>,34,18,[6 3],35,-1,53,-1,35
1,<environment.Job instance at 0x7f0cfe00f190>,35,23,[7 4],36,-1,59,-1,36
1,<environment.Job instance at 0x7f0cfe00f140>,36,23,[5 6],37,-1,60,-1,37
1,<environment.Job instance at 0x7f0cfe00f2d0>,37,16,[2 6],38,-1,54,-1,38
1,<environment.Job instance at 0x7f0cfe00f410>,39,15,[5 3],40,-1,59,-1,44
1,<environment.Job instance at 0x7f0cfe00f780>,45,15,[9 5],46,-1,61,-1,46
1,<environment.Job instance at 0x7f0cfe00f8c0>,47,26,[ 2 10],48,-1,74,-1,48
1,<environment.Job instance at 0x7f0cfe00fc30>,48,14,[3 8],49,-1,63,-1,49
1,<environment.Job instance at 0x7f0cfe00f550>,42,18,[9 5],43,-1,70,-1,52
1,<environment.Job instance at 0x7f0cfe00fe60>,51,16,[8 5],52,-1,70,-1,54
1,<environment.Job instance at 0x7f0cf4be0050>,53,17,[ 5 12],54,-1,72,-1,55
1,<environment.Job instance at 0x7f0cf4be0190>,55,12,[5 1],56,-1,69,-1,57
1,<environment.Job instance at 0x7f0cf4be00f0>,54,17,[5 7],55,-1,74,-1,57
1,<environment.Job instance at 0x7f0cf4be0a00>,63,20,[5 2],64,-1,87,-1,67
1,<environment.Job instance at 0x7f0cfe00f370>,38,25,[ 5 10],39,-1,133,-1,108
1,<environment.Job instance at 0x7f0cf4bac1e0>,73,14,[2 9],74,-1,122,-1,108
1,<environment.Job instance at 0x7f0cf4bac280>,74,12,[9 4],75,-1,120,-1,108
1,<environment.Job instance at 0x7f0cf4bcfb90>,76,12,[3 5],77,-1,120,-1,108
1,<environment.Job instance at 0x7f0cf4314d20>,78,12,[3 5],79,-1,120,-1,108
1,<environment.Job instance at 0x7f0cf50e1460>,80,25,[8 3],81,-1,133,-1,108
1,<environment.Job instance at 0x7f0cf4bc35f0>,86,17,[3 8],87,-1,128,-1,111
1,<environment.Job instance at 0x7f0cf4bac050>,71,18,[6 1],72,-1,132,-1,114
1,<environment.Job instance at 0x7f0cf4bc3e60>,89,18,[5 2],90,-1,132,-1,114
1,<environment.Job instance at 0x7f0cf4bc3780>,95,18,[5 5],96,-1,139,-1,121
1,<environment.Job instance at 0x7f0cf4bc3460>,92,13,[9 4],93,-1,134,-1,121
1,<environment.Job instance at 0x7f0cf55aed70>,96,14,[10  1],97,-1,135,-1,121
1,<environment.Job instance at 0x7f0cf4bc30f0>,93,1,[ 3 10],94,-1,122,-1,121
1,<environment.Job instance at 0x7f0cf5a13b40>,97,26,[ 5 10],98,-1,147,-1,121
1,<environment.Job instance at 0x7f0cf492b690>,100,17,[4 8],101,-1,139,-1,122
1,<environment.Job instance at 0x7f0cf45180f0>,98,14,[3 7],99,-1,136,-1,122
1,<environment.Job instance at 0x7f0cf4510c30>,102,17,[ 4 10],103,-1,139,-1,122
1,<environment.Job instance at 0x7f0cf50d1140>,109,18,[5 5],110,-1,143,-1,125
1,<environment.Job instance at 0x7f0cf45d0be0>,81,27,[8 1],82,-1,166,-1,139
1,<environment.Job instance at 0x7f0cfe00f4b0>,41,12,[ 5 11],42,-1,151,-1,139
1,<environment.Job instance at 0x7f0cf5100460>,114,17,[6 1],115,-1,156,-1,139
1,<environment.Job instance at 0x7f0cf48a1820>,116,17,[3 7],117,-1,156,-1,139
1,<environment.Job instance at 0x7f0cf4bc3fa0>,87,27,[2 6],88,-1,166,-1,139
1,<environment.Job instance at 0x7f0cf51000a0>,112,28,[5 1],113,-1,167,-1,139
1,<environment.Job instance at 0x7f0cf50ce2d0>,120,14,[7 4],121,-1,153,-1,139
1,<environment.Job instance at 0x7f0cf50ce3c0>,124,23,[2 9],125,-1,162,-1,139
1,<environment.Job instance at 0x7f0cf50ce960>,125,18,[5 3],126,-1,157,-1,139
1,<environment.Job instance at 0x7f0cf4510a00>,101,17,[3 6],102,-1,156,-1,139
1,<environment.Job instance at 0x7f0cf51001e0>,111,18,[5 5],112,-1,157,-1,139
1,<environment.Job instance at 0x7f0cf50cef00>,121,17,[ 4 10],122,-1,156,-1,139
1,<environment.Job instance at 0x7f0cf50dcdc0>,132,16,[9 2],133,-1,155,-1,139
1,<environment.Job instance at 0x7f0cf50dc550>,130,12,[ 4 10],131,-1,151,-1,139
1,<environment.Job instance at 0x7f0cf50dc640>,133,15,[5 8],134,-1,154,-1,139
1,<environment.Job instance at 0x7f0cf50dca00>,127,15,[5 1],128,-1,154,-1,139
1,<environment.Job instance at 0x7f0cf50dca50>,138,26,[2 5],139,-1,165,-1,139
1,<environment.Job instance at 0x7f0cf50d16e0>,9,14,[ 1 13],10,-1,24,-1,10
1,<environment.Job instance at 0x7f0cf51005a0>,12,16,[11  5],13,-1,37,-1,21
1,<environment.Job instance at 0x7f0cf465ed70>,35,23,[7 4],36,-1,111,-1,88
1,<environment.Job instance at 0x7f0cf52fd320>,36,23,[5 6],37,-1,111,-1,88
1,<environment.Job instance at 0x7f0cf4806b40>,41,12,[ 5 11],42,-1,116,-1,104
1,<environment.Job instance at 0x7f0cf47441e0>,47,26,[ 2 10],48,-1,152,-1,126
1,<environment.Job instance at 0x7f0cf45e42d0>,38,25,[ 5 10],39,-1,165,-1,140
1,<environment.Job instance at 0x7f0cf5114a00>,53,17,[ 5 12],54,-1,157,-1,140
1,<environment.Job instance at 0x7f0cf47a5f00>,6,20,[10  4],7,-1,27,-1,7
1,<environment.Job instance at 0x7f0cf47a5050>,9,13,[3 6],10,-1,23,-1,10
1,<environment.Job instance at 0x7f0cf5026140>,15,17,[5 8],16,-1,33,-1,16
1,<environment.Job instance at 0x7f0cf478d460>,20,16,[8 2],21,-1,37,-1,21
1,<environment.Job instance at 0x7f0cf478d140>,21,12,[9 4],22,-1,35,-1,23
1,<environment.Job instance at 0x7f0cf478d8c0>,23,24,[9 2],24,-1,48,-1,24
1,<environment.Job instance at 0x7f0cf478d230>,24,13,[6 5],25,-1,38,-1,25
1,<environment.Job instance at 0x7f0cf478d7d0>,22,17,[5 5],23,-1,42,-1,25
1,<environment.Job instance at 0x7f0cf47845f0>,29,15,[10  5],30,-1,46,-1,31
1,<environment.Job instance at 0x7f0cf49cc370>,31,24,[2 6],32,-1,56,-1,32
1,<environment.Job instance at 0x7f0cf49cc4b0>,32,15,[4 9],33,-1,48,-1,33
1,<environment.Job instance at 0x7f0cf4784280>,30,12,[9 2],31,-1,45,-1,33
1,<environment.Job instance at 0x7f0cf40b4460>,39,16,[ 1 10],40,-1,56,-1,40
1,<environment.Job instance at 0x7f0cf40b4be0>,41,13,[3 5],42,-1,55,-1,42
1,<environment.Job instance at 0x7f0cf40b4320>,43,21,[5 4],44,-1,65,-1,44
1,<environment.Job instance at 0x7f0cf40b4a00>,44,17,[11  5],45,-1,62,-1,45
1,<environment.Job instance at 0x7f0cf40b4fa0>,46,12,[10  3],47,-1,62,-1,50
1,<environment.Job instance at 0x7f0cf42dab90>,51,12,[4 6],52,-1,64,-1,52
1,<environment.Job instance at 0x7f0cf40b4b90>,49,14,[5 9],50,-1,66,-1,52
1,<environment.Job instance at 0x7f0cf42da6e0>,52,18,[10  3],53,-1,73,-1,55
1,<environment.Job instance at 0x7f0cf42da0a0>,54,24,[5 8],55,-1,80,-1,56
1,<environment.Job instance at 0x7f0cf42b2640>,57,18,[3 8],58,-1,81,-1,63
1,<environment.Job instance at 0x7f0cf5731a00>,63,17,[7 2],64,-1,84,-1,67
1,<environment.Job instance at 0x7f0cf4b53f00>,67,18,[1 8],68,-1,86,-1,68
1,<environment.Job instance at 0x7f0cf4b53eb0>,69,17,[6 3],70,-1,87,-1,70
1,<environment.Job instance at 0x7f0cf4b539b0>,72,18,[1 6],73,-1,91,-1,73
1,<environment.Job instance at 0x7f0cf4b53d70>,73,17,[10  3],74,-1,91,-1,74
1,<environment.Job instance at 0x7f0cf4b53730>,75,16,[7 4],76,-1,92,-1,76
1,<environment.Job instance at 0x7f0cf57310f0>,66,23,[9 5],67,-1,106,-1,83
1,<environment.Job instance at 0x7f0cf54551e0>,23,24,[9 2],24,-1,76,-1,52
1,<environment.Job instance at 0x7f0cf50dca50>,31,24,[2 6],32,-1,90,-1,66
1,<environment.Job instance at 0x7f0cf489f5f0>,44,17,[11  5],45,-1,121,-1,104
1,<environment.Job instance at 0x7f0cf46dd5a0>,45,15,[ 2 12],46,-1,119,-1,104
1,<environment.Job instance at 0x7f0cf546b6e0>,54,24,[5 8],55,-1,174,-1,150
1,<environment.Job instance at 0x7f0cf523a9b0>,60,2,[14  3],61,-1,154,-1,152
1,<environment.Job instance at 0x7f0cf5382050>,56,24,[10  2],57,-1,181,-1,157
1,<environment.Job instance at 0x7f0cfe03cdc0>,6,21,[10  2],7,-1,34,-1,13
1,<environment.Job instance at 0x7f0cf5490460>,14,16,[8 4],15,-1,31,-1,15
1,<environment.Job instance at 0x7f0cf5490320>,16,14,[ 2 10],17,-1,31,-1,17
1,<environment.Job instance at 0x7f0cf54902d0>,17,14,[7 4],18,-1,32,-1,18
1,<environment.Job instance at 0x7f0cf5490e10>,18,14,[6 4],19,-1,33,-1,19
1,<environment.Job instance at 0x7f0cf54ae960>,20,25,[ 4 10],21,-1,46,-1,21
1,<environment.Job instance at 0x7f0cf54aef50>,21,22,[9 1],22,-1,44,-1,22
1,<environment.Job instance at 0x7f0cf54ae820>,22,14,[7 5],23,-1,37,-1,23
1,<environment.Job instance at 0x7f0cf54aebe0>,24,14,[ 2 11],25,-1,39,-1,25
1,<environment.Job instance at 0x7f0cf54ae280>,25,18,[2 9],26,-1,44,-1,26
1,<environment.Job instance at 0x7f0cf54ae410>,26,18,[10  3],27,-1,45,-1,27
1,<environment.Job instance at 0x7f0cf54aedc0>,27,19,[ 2 10],28,-1,47,-1,28
1,<environment.Job instance at 0x7f0cf54ae190>,29,17,[1 5],30,-1,47,-1,30
1,<environment.Job instance at 0x7f0cf54aed70>,33,15,[5 7],34,-1,49,-1,34
1,<environment.Job instance at 0x7f0cf54aee10>,34,16,[2 8],35,-1,51,-1,35
1,<environment.Job instance at 0x7f0cf54c7870>,37,17,[ 5 10],38,-1,55,-1,38
1,<environment.Job instance at 0x7f0cf54c7820>,39,16,[5 5],40,-1,56,-1,40
1,<environment.Job instance at 0x7f0cf54c7140>,41,14,[4 8],42,-1,56,-1,42
1,<environment.Job instance at 0x7f0cf48659b0>,55,18,[7 4],56,-1,74,-1,56
1,<environment.Job instance at 0x7f0cfe0565f0>,59,17,[4 6],60,-1,77,-1,60
1,<environment.Job instance at 0x7f0cfe056c30>,61,15,[5 1],62,-1,77,-1,62
1,<environment.Job instance at 0x7f0cf541c8c0>,65,17,[4 6],66,-1,83,-1,66
1,<environment.Job instance at 0x7f0cf541cb40>,66,15,[10  5],67,-1,82,-1,67
1,<environment.Job instance at 0x7f0cf5490280>,12,15,[3 8],13,-1,92,-1,77
1,<environment.Job instance at 0x7f0cf4317aa0>,77,17,[9 4],78,-1,100,-1,83
1,<environment.Job instance at 0x7f0cf465e910>,64,12,[ 4 13],65,-1,95,-1,83
1,<environment.Job instance at 0x7f0cf4f24be0>,74,15,[7 5],75,-1,98,-1,83
1,<environment.Job instance at 0x7f0cf5489e10>,0,14,[12  5],1,-1,15,-1,1
1,<environment.Job instance at 0x7f0cf5a4b460>,20,25,[ 4 10],21,-1,81,-1,56
1,<environment.Job instance at 0x7f0cf46b8460>,24,14,[ 2 11],25,-1,70,-1,56
1,<environment.Job instance at 0x7f0cf43f0f00>,30,17,[ 5 14],31,-1,89,-1,72
1,<environment.Job instance at 0x7f0cf4c40460>,46,16,[12  5],47,-1,142,-1,126
1,<environment.Job instance at 0x7f0cf45cb550>,49,28,[4 8],50,-1,162,-1,134
1,<environment.Job instance at 0x7f0cf5822b90>,1,14,[9 3],2,-1,17,-1,3
1,<environment.Job instance at 0x7f0cf4bee910>,6,13,[ 5 10],7,-1,20,-1,7
1,<environment.Job instance at 0x7f0cf4beec80>,10,18,[6 1],11,-1,29,-1,11
1,<environment.Job instance at 0x7f0cf4beee10>,12,16,[1 7],13,-1,29,-1,13
1,<environment.Job instance at 0x7f0cf4beeeb0>,14,18,[2 5],15,-1,33,-1,15
1,<environment.Job instance at 0x7f0cf4c13190>,15,18,[2 9],16,-1,34,-1,16
1,<environment.Job instance at 0x7f0cf4c131e0>,17,15,[10  1],18,-1,33,-1,18
1,<environment.Job instance at 0x7f0cf4c13320>,18,28,[9 5],19,-1,47,-1,19
1,<environment.Job instance at 0x7f0cf4c13280>,19,15,[2 5],20,-1,35,-1,20
1,<environment.Job instance at 0x7f0cf4c13460>,20,1,[11  1],21,-1,22,-1,21
1,<environment.Job instance at 0x7f0cf4c139b0>,25,17,[8 3],26,-1,43,-1,26
1,<environment.Job instance at 0x7f0cf4c13b40>,26,22,[4 9],27,-1,49,-1,27
1,<environment.Job instance at 0x7f0cf4c13be0>,28,14,[5 6],29,-1,43,-1,29
1,<environment.Job instance at 0x7f0cf4c04140>,32,18,[7 3],33,-1,51,-1,33
1,<environment.Job instance at 0x7f0cf4c04230>,35,14,[8 2],36,-1,50,-1,36
1,<environment.Job instance at 0x7f0cf4c04870>,40,15,[8 2],41,-1,56,-1,41
1,<environment.Job instance at 0x7f0cf4c04af0>,41,16,[4 9],42,-1,58,-1,42
1,<environment.Job instance at 0x7f0cf4c04640>,42,15,[9 5],43,-1,58,-1,43
1,<environment.Job instance at 0x7f0cf4c04be0>,43,13,[3 7],44,-1,57,-1,44
1,<environment.Job instance at 0x7f0cf4c04b40>,46,16,[ 5 10],47,-1,63,-1,47
1,<environment.Job instance at 0x7f0cf4c04dc0>,47,13,[10  3],48,-1,61,-1,48
1,<environment.Job instance at 0x7f0cf4c260a0>,48,18,[10  5],49,-1,67,-1,49
1,<environment.Job instance at 0x7f0cf4c261e0>,50,17,[6 4],51,-1,68,-1,51
1,<environment.Job instance at 0x7f0cf4c26320>,51,23,[9 2],52,-1,75,-1,52
1,<environment.Job instance at 0x7f0cf4c26460>,53,13,[8 4],54,-1,67,-1,54
1,<environment.Job instance at 0x7f0cf4c26af0>,59,15,[ 5 10],60,-1,75,-1,60
1,<environment.Job instance at 0x7f0cf4c203c0>,67,12,[ 4 10],68,-1,80,-1,68
1,<environment.Job instance at 0x7f0cf4c202d0>,69,17,[11  5],70,-1,87,-1,70
1,<environment.Job instance at 0x7f0cf4c206e0>,70,18,[3 7],71,-1,89,-1,71
1,<environment.Job instance at 0x7f0cf4c20e60>,78,15,[5 4],79,-1,99,-1,84
1,<environment.Job instance at 0x7f0cf4c20fa0>,82,18,[1 5],83,-1,103,-1,85
1,<environment.Job instance at 0x7f0cf5489320>,2,14,[ 3 10],3,-1,100,-1,86
1,<environment.Job instance at 0x7f0cf4c20c30>,76,15,[13  2],77,-1,101,-1,86
1,<environment.Job instance at 0x7f0cf4c26eb0>,63,12,[12  5],64,-1,98,-1,86
1,<environment.Job instance at 0x7f0cf4bfd0f0>,84,22,[7 4],85,-1,108,-1,86
1,<environment.Job instance at 0x7f0cf4bfd5a0>,86,17,[5 8],87,-1,104,-1,87
1,<environment.Job instance at 0x7f0cf4bfd550>,88,17,[14  2],89,-1,106,-1,89
1,<environment.Job instance at 0x7f0cf4c20e10>,80,17,[10  2],81,-1,108,-1,91
1,<environment.Job instance at 0x7f0cf4bfd640>,87,16,[5 1],88,-1,107,-1,91
1,<environment.Job instance at 0x7f0cf4c20f00>,79,13,[ 5 11],80,-1,114,-1,101
1,<environment.Job instance at 0x7f0cf4bfd870>,90,20,[ 3 10],91,-1,127,-1,107
1,<environment.Job instance at 0x7f0cf4d12730>,108,17,[3 8],109,-1,126,-1,109
1,<environment.Job instance at 0x7f0cf4bfdaa0>,94,16,[9 5],95,-1,134,-1,118
1,<environment.Job instance at 0x7f0cf4bfddc0>,97,15,[4 6],98,-1,133,-1,118
1,<environment.Job instance at 0x7f0cf4d0b870>,114,16,[9 1],115,-1,134,-1,118
1,<environment.Job instance at 0x7f0cf4d045a0>,18,28,[9 5],19,-1,78,-1,50
1,<environment.Job instance at 0x7f0cf4d125f0>,20,1,[11  1],21,-1,51,-1,50
1,<environment.Job instance at 0x7f0cfe1d7230>,37,1,[ 2 12],38,-1,77,-1,76
1,<environment.Job instance at 0x7f0cf4d263c0>,51,23,[9 2],52,-1,161,-1,138
1,<environment.Job instance at 0x7f0cf4f381e0>,55,25,[ 2 11],56,-1,169,-1,144
1,<environment.Job instance at 0x7f0cf4cfe820>,60,14,[13  1],61,-1,182,-1,168
1,<environment.Job instance at 0x7f0cf4d22cd0>,1,16,[1 7],2,-1,18,-1,2
1,<environment.Job instance at 0x7f0cf4d226e0>,7,18,[3 6],8,-1,26,-1,8
1,<environment.Job instance at 0x7f0cf4882e10>,16,17,[9 4],17,-1,34,-1,17
1,<environment.Job instance at 0x7f0cf4d22c80>,6,23,[9 2],7,-1,44,-1,21
1,<environment.Job instance at 0x7f0cf48821e0>,20,13,[ 4 10],21,-1,34,-1,21
1,<environment.Job instance at 0x7f0cf46b3230>,10,28,[8 5],11,-1,50,-1,22
1,<environment.Job instance at 0x7f0cf4d22550>,4,24,[4 8],5,-1,61,-1,37
1,<environment.Job instance at 0x7f0cf48829b0>,22,17,[10  4],23,-1,57,-1,40
1,<environment.Job instance at 0x7f0cf4efeb90>,23,13,[ 4 10],24,-1,53,-1,40
1,<environment.Job instance at 0x7f0cfe40bfa0>,28,18,[4 7],29,-1,58,-1,40
1,<environment.Job instance at 0x7f0cf41dd6e0>,29,15,[7 2],30,-1,55,-1,40
1,<environment.Job instance at 0x7f0cf41ddc80>,30,21,[9 2],31,-1,61,-1,40
1,<environment.Job instance at 0x7f0cf4d22410>,8,14,[10  1],9,-1,54,-1,40
1,<environment.Job instance at 0x7f0cf57d4280>,33,18,[ 4 10],34,-1,61,-1,43
1,<environment.Job instance at 0x7f0cf4d22690>,13,17,[ 5 12],14,-1,60,-1,43
1,<environment.Job instance at 0x7f0cf57d4640>,34,15,[3 5],35,-1,58,-1,43
1,<environment.Job instance at 0x7f0cf59b6cd0>,37,24,[9 4],38,-1,67,-1,43
1,<environment.Job instance at 0x7f0cfdffd140>,41,14,[6 4],42,-1,59,-1,45
1,<environment.Job instance at 0x7f0cf440cf00>,40,15,[1 8],41,-1,60,-1,45
1,<environment.Job instance at 0x7f0cf4f610f0>,36,26,[3 5],37,-1,71,-1,45
1,<environment.Job instance at 0x7f0cf4b50dc0>,44,17,[3 5],45,-1,62,-1,45
1,<environment.Job instance at 0x7f0cf4b50b40>,45,18,[ 3 10],46,-1,64,-1,46
1,<environment.Job instance at 0x7f0cf5934050>,52,13,[9 5],53,-1,68,-1,55
1,<environment.Job instance at 0x7f0cfe090140>,57,17,[8 4],58,-1,75,-1,58
1,<environment.Job instance at 0x7f0cf54f6280>,61,16,[1 8],62,-1,78,-1,62
1,<environment.Job instance at 0x7f0cf4403e60>,65,22,[5 4],66,-1,88,-1,66
1,<environment.Job instance at 0x7f0cf584e500>,70,18,[5 8],71,-1,91,-1,73
1,<environment.Job instance at 0x7f0cf45cb2d0>,0,12,[ 1 14],1,-1,13,-1,1
1,<environment.Job instance at 0x7f0cfe03cf50>,2,2,[ 1 14],3,-1,5,-1,3
1,<environment.Job instance at 0x7f0cf54ae5f0>,4,24,[4 8],5,-1,29,-1,5
1,<environment.Job instance at 0x7f0cf4865d20>,6,23,[9 2],7,-1,41,-1,18
1,<environment.Job instance at 0x7f0cf48652d0>,9,27,[ 5 10],10,-1,45,-1,18
1,<environment.Job instance at 0x7f0cfe03cd20>,10,28,[8 5],11,-1,46,-1,18
1,<environment.Job instance at 0x7f0cf4c00320>,13,17,[ 5 12],14,-1,35,-1,18
1,<environment.Job instance at 0x7f0cf4bfd410>,14,18,[ 4 13],15,-1,36,-1,18
1,<environment.Job instance at 0x7f0cf54d8690>,36,26,[3 5],37,-1,128,-1,102
1,<environment.Job instance at 0x7f0cf54d8cd0>,37,24,[9 4],38,-1,139,-1,115
1,<environment.Job instance at 0x7f0cf508abe0>,48,1,[12  1],49,-1,137,-1,136
1,<environment.Job instance at 0x7f0cf4892820>,1,18,[9 3],2,-1,20,-1,2
1,<environment.Job instance at 0x7f0cf4892c30>,2,17,[4 8],3,-1,20,-1,3
1,<environment.Job instance at 0x7f0cf4892a00>,3,18,[8 3],4,-1,22,-1,4
1,<environment.Job instance at 0x7f0cf5434280>,13,18,[2 6],14,-1,32,-1,14
1,<environment.Job instance at 0x7f0cf5434b40>,14,13,[1 6],15,-1,28,-1,15
1,<environment.Job instance at 0x7f0cf54340f0>,17,18,[3 8],18,-1,36,-1,18
1,<environment.Job instance at 0x7f0cf49a5820>,19,15,[10  3],20,-1,35,-1,20
1,<environment.Job instance at 0x7f0cf49a5d70>,21,17,[9 5],22,-1,39,-1,22
1,<environment.Job instance at 0x7f0cf49a5b90>,22,19,[1 5],23,-1,42,-1,23
1,<environment.Job instance at 0x7f0cf49a5eb0>,25,16,[ 4 10],26,-1,42,-1,26
1,<environment.Job instance at 0x7f0cf50b06e0>,28,16,[8 1],29,-1,45,-1,29
1,<environment.Job instance at 0x7f0cf50b0f50>,29,14,[9 3],30,-1,44,-1,30
1,<environment.Job instance at 0x7f0cf50b0d20>,30,12,[3 6],31,-1,43,-1,31
1,<environment.Job instance at 0x7f0cf50b07d0>,31,14,[7 4],32,-1,47,-1,33
1,<environment.Job instance at 0x7f0cf50b0730>,33,23,[5 6],34,-1,57,-1,34
1,<environment.Job instance at 0x7f0cf4b7caf0>,34,15,[5 2],35,-1,50,-1,35
1,<environment.Job instance at 0x7f0cf436e320>,35,14,[1 5],36,-1,50,-1,36
1,<environment.Job instance at 0x7f0cf562c820>,38,28,[3 8],39,-1,67,-1,39
1,<environment.Job instance at 0x7f0cf438dd70>,39,16,[ 5 10],40,-1,56,-1,40
1,<environment.Job instance at 0x7f0cf438df50>,41,2,[8 4],42,-1,44,-1,42
1,<environment.Job instance at 0x7f0cf47bf2d0>,42,2,[10  2],43,-1,45,-1,43
1,<environment.Job instance at 0x7f0cf4a80f50>,43,23,[5 7],44,-1,67,-1,44
1,<environment.Job instance at 0x7f0cf4a804b0>,44,28,[8 5],45,-1,73,-1,45
1,<environment.Job instance at 0x7f0cfdfdafa0>,46,23,[3 7],47,-1,70,-1,47
1,<environment.Job instance at 0x7f0cfdfda960>,47,24,[2 9],48,-1,72,-1,48
1,<environment.Job instance at 0x7f0cf4399b90>,48,17,[8 1],49,-1,66,-1,49
1,<environment.Job instance at 0x7f0cf43999b0>,49,22,[5 3],50,-1,72,-1,50
1,<environment.Job instance at 0x7f0cf43997d0>,50,15,[7 4],51,-1,66,-1,51
1,<environment.Job instance at 0x7f0cf4399cd0>,54,20,[1 9],55,-1,75,-1,55
1,<environment.Job instance at 0x7f0cf4399b40>,55,16,[6 3],56,-1,72,-1,56
1,<environment.Job instance at 0x7f0cf4399550>,61,16,[5 8],62,-1,78,-1,62
1,<environment.Job instance at 0x7f0cf5a3e1e0>,63,26,[6 4],64,-1,90,-1,64
1,<environment.Job instance at 0x7f0cf54eb0f0>,76,26,[8 4],77,-1,106,-1,80
1,<environment.Job instance at 0x7f0cf54ebb40>,77,15,[5 8],78,-1,95,-1,80
1,<environment.Job instance at 0x7f0cf4bbe3c0>,67,17,[ 3 10],68,-1,97,-1,80
1,<environment.Job instance at 0x7f0cf503efa0>,81,27,[7 5],82,-1,109,-1,82
1,<environment.Job instance at 0x7f0cf42a8410>,75,16,[ 4 13],76,-1,99,-1,83
1,<environment.Job instance at 0x7f0cf503ed20>,82,17,[ 2 10],83,-1,102,-1,85
1,<environment.Job instance at 0x7f0cf513d3c0>,89,15,[3 9],90,-1,143,-1,128
1,<environment.Job instance at 0x7f0cf54eb140>,78,18,[12  4],79,-1,146,-1,128
1,<environment.Job instance at 0x7f0cf4f74eb0>,98,14,[2 7],99,-1,142,-1,128
1,<environment.Job instance at 0x7f0cf519b550>,97,1,[ 5 10],98,-1,129,-1,128
1,<environment.Job instance at 0x7f0cf590da50>,101,18,[ 3 12],102,-1,146,-1,128
1,<environment.Job instance at 0x7f0cf47ebdc0>,73,17,[11  1],74,-1,148,-1,131
1,<environment.Job instance at 0x7f0cf590d410>,102,18,[3 8],103,-1,149,-1,131
1,<environment.Job instance at 0x7f0cf590dc80>,106,26,[8 5],107,-1,157,-1,131
1,<environment.Job instance at 0x7f0cf590d3c0>,100,12,[5 5],101,-1,143,-1,131
1,<environment.Job instance at 0x7f0cfe0895a0>,108,13,[2 7],109,-1,144,-1,131
1,<environment.Job instance at 0x7f0cfdf729b0>,109,18,[5 4],110,-1,149,-1,131
1,<environment.Job instance at 0x7f0cfdf727d0>,110,27,[7 2],111,-1,158,-1,131
1,<environment.Job instance at 0x7f0cfdf72aa0>,111,26,[ 5 11],112,-1,157,-1,131
1,<environment.Job instance at 0x7f0cfdf72140>,112,17,[7 2],113,-1,149,-1,132
1,<environment.Job instance at 0x7f0cf41cd5f0>,26,14,[14  5],27,-1,79,-1,65
1,<environment.Job instance at 0x7f0cf4ef9410>,33,23,[5 6],34,-1,134,-1,111
1,<environment.Job instance at 0x7f0cfe5f7140>,38,28,[3 8],39,-1,153,-1,125
1,<environment.Job instance at 0x7f0cf58170a0>,44,28,[8 5],45,-1,174,-1,146
1,<environment.Job instance at 0x7f0cf46fe3c0>,43,23,[5 7],44,-1,171,-1,148
1,<environment.Job instance at 0x7f0cf5412140>,47,24,[2 9],48,-1,172,-1,148
1,<environment.Job instance at 0x7f0cf5412eb0>,46,23,[3 7],47,-1,171,-1,148
1,<environment.Job instance at 0x7f0cf4c5b460>,52,23,[13  5],53,-1,171,-1,148
1,<environment.Job instance at 0x7f0cf43c97d0>,53,12,[ 4 13],54,-1,160,-1,148
1,<environment.Job instance at 0x7f0cfdffd6e0>,57,20,[ 5 12],58,-1,184,-1,164
1,<environment.Job instance at 0x7f0cf4f36820>,6,19,[4 6],7,-1,26,-1,7
1,<environment.Job instance at 0x7f0cf50ea320>,9,21,[ 5 10],10,-1,31,-1,10
1,<environment.Job instance at 0x7f0cf5844320>,11,18,[1 9],12,-1,30,-1,12
1,<environment.Job instance at 0x7f0cf56021e0>,13,21,[5 5],14,-1,35,-1,14
1,<environment.Job instance at 0x7f0cf40e6c30>,17,16,[6 5],18,-1,34,-1,18
1,<environment.Job instance at 0x7f0cf4bf0820>,18,12,[9 5],19,-1,32,-1,20
1,<environment.Job instance at 0x7f0cf44622d0>,20,18,[9 1],21,-1,39,-1,21
1,<environment.Job instance at 0x7f0cf4a80140>,19,12,[ 5 10],20,-1,33,-1,21
1,<environment.Job instance at 0x7f0cf40ba370>,23,27,[4 6],24,-1,51,-1,24
1,<environment.Job instance at 0x7f0cf4ce9f00>,25,17,[10  2],26,-1,43,-1,26
1,<environment.Job instance at 0x7f0cf4ce95a0>,26,16,[ 5 10],27,-1,43,-1,27
1,<environment.Job instance at 0x7f0cf578f280>,37,28,[8 2],38,-1,66,-1,38
1,<environment.Job instance at 0x7f0cf5910c30>,38,22,[5 8],39,-1,83,-1,61
1,<environment.Job instance at 0x7f0cf5910640>,39,15,[8 3],40,-1,76,-1,61
1,<environment.Job instance at 0x7f0cfe090730>,35,13,[6 4],36,-1,74,-1,61
1,<environment.Job instance at 0x7f0cf57d4410>,45,18,[5 9],46,-1,80,-1,62
1,<environment.Job instance at 0x7f0cf57d4d20>,47,18,[7 1],48,-1,82,-1,64
1,<environment.Job instance at 0x7f0cf57d4e60>,51,15,[14  2],52,-1,81,-1,66
1,<environment.Job instance at 0x7f0cf57d4fa0>,52,14,[10  1],53,-1,80,-1,66
1,<environment.Job instance at 0x7f0cf59105f0>,40,18,[7 4],41,-1,84,-1,66
1,<environment.Job instance at 0x7f0cf4f9f230>,57,14,[5 1],58,-1,80,-1,66
1,<environment.Job instance at 0x7f0cf4f9f190>,58,14,[6 1],59,-1,81,-1,67
1,<environment.Job instance at 0x7f0cf5934af0>,64,17,[7 5],65,-1,85,-1,68
1,<environment.Job instance at 0x7f0cf4bc3cd0>,61,12,[11  3],62,-1,80,-1,68
1,<environment.Job instance at 0x7f0cf54be500>,66,21,[8 5],67,-1,89,-1,68
1,<environment.Job instance at 0x7f0cf54bebe0>,68,12,[10  2],69,-1,83,-1,71
1,<environment.Job instance at 0x7f0cf4d22730>,65,12,[6 2],66,-1,83,-1,71
1,<environment.Job instance at 0x7f0cf54be230>,69,28,[3 6],70,-1,99,-1,71
1,<environment.Job instance at 0x7f0cf54bef50>,71,2,[ 4 13],72,-1,76,-1,74
1,<environment.Job instance at 0x7f0cf57d4230>,53,12,[ 1 10],54,-1,87,-1,75
1,<environment.Job instance at 0x7f0cf54be690>,76,12,[ 3 10],77,-1,91,-1,79
1,<environment.Job instance at 0x7f0cf54befa0>,70,26,[6 1],71,-1,105,-1,79
1,<environment.Job instance at 0x7f0cf5608b90>,79,24,[9 1],80,-1,104,-1,80
1,<environment.Job instance at 0x7f0cf5608f50>,83,25,[3 7],84,-1,109,-1,84
1,<environment.Job instance at 0x7f0cf54be460>,75,12,[8 2],76,-1,99,-1,87
1,<environment.Job instance at 0x7f0cf55f7f00>,87,2,[9 1],88,-1,90,-1,88
1,<environment.Job instance at 0x7f0cf55f73c0>,88,18,[3 7],89,-1,107,-1,89
1,<environment.Job instance at 0x7f0cf55f7eb0>,89,13,[7 4],90,-1,103,-1,90
1,<environment.Job instance at 0x7f0cf55f76e0>,90,15,[13  3],91,-1,106,-1,91
1,<environment.Job instance at 0x7f0cf5608aa0>,86,20,[12  4],87,-1,111,-1,91
1,<environment.Job instance at 0x7f0cf55f7780>,91,17,[10  4],92,-1,109,-1,92
1,<environment.Job instance at 0x7f0cf55f7190>,94,18,[6 3],95,-1,117,-1,99
1,<environment.Job instance at 0x7f0cf55f7af0>,93,1,[10  1],94,-1,100,-1,99
1,<environment.Job instance at 0x7f0cf55f7e60>,95,26,[7 2],96,-1,125,-1,99
1,<environment.Job instance at 0x7f0cf596cf00>,99,25,[9 3],100,-1,125,-1,100
1,<environment.Job instance at 0x7f0cf596c280>,100,20,[6 3],101,-1,122,-1,102
1,<environment.Job instance at 0x7f0cf596c190>,103,16,[1 7],104,-1,120,-1,104
1,<environment.Job instance at 0x7f0cf596ce10>,98,15,[13  1],99,-1,127,-1,112
1,<environment.Job instance at 0x7f0cf46dbbe0>,107,18,[2 7],108,-1,130,-1,112
1,<environment.Job instance at 0x7f0cf46db870>,110,17,[ 1 10],111,-1,129,-1,112
1,<environment.Job instance at 0x7f0cf46db780>,108,17,[3 5],109,-1,129,-1,112
1,<environment.Job instance at 0x7f0cf46db0a0>,106,16,[8 3],107,-1,128,-1,112
1,<environment.Job instance at 0x7f0cf46dbcd0>,112,28,[9 5],113,-1,141,-1,113
1,<environment.Job instance at 0x7f0cf46db050>,113,18,[5 5],114,-1,150,-1,132
1,<environment.Job instance at 0x7f0cf46db500>,116,15,[ 5 10],117,-1,147,-1,132
1,<environment.Job instance at 0x7f0cf4d23a50>,120,15,[3 9],121,-1,147,-1,132
1,<environment.Job instance at 0x7f0cf4d23870>,122,13,[ 4 10],123,-1,145,-1,132
1,<environment.Job instance at 0x7f0cf4d23370>,119,18,[3 8],120,-1,151,-1,133
1,<environment.Job instance at 0x7f0cf4d23280>,127,28,[4 9],128,-1,161,-1,133
1,<environment.Job instance at 0x7f0cf4d23b40>,130,16,[7 5],131,-1,149,-1,133
1,<environment.Job instance at 0x7f0cf4d23910>,125,14,[10  1],126,-1,147,-1,133
1,<environment.Job instance at 0x7f0cf4d23cd0>,131,14,[5 8],132,-1,147,-1,133
1,<environment.Job instance at 0x7f0cf46d7870>,133,17,[3 7],134,-1,152,-1,135
1,<environment.Job instance at 0x7f0cf46d7780>,135,18,[ 5 11],136,-1,154,-1,136
1,<environment.Job instance at 0x7f0cf46d7f00>,139,17,[10  4],140,-1,157,-1,140
1,<environment.Job instance at 0x7f0cf46d75f0>,141,26,[3 8],142,-1,168,-1,142
1,<environment.Job instance at 0x7f0cf572d9b0>,146,2,[ 3 10],147,-1,149,-1,147
1,<environment.Job instance at 0x7f0cf46d70f0>,145,15,[3 5],146,-1,162,-1,147
1,<environment.Job instance at 0x7f0cf4d23960>,23,27,[4 6],24,-1,75,-1,48
1,<environment.Job instance at 0x7f0cf4ad1c30>,30,3,[ 1 14],31,-1,65,-1,62
1,<environment.Job instance at 0x7f0cf51cd370>,34,1,[ 2 11],35,-1,85,-1,84
1,<environment.Job instance at 0x7f0cf470ca50>,37,28,[8 2],38,-1,127,-1,99
1,<environment.Job instance at 0x7f0cf555d370>,41,28,[ 3 10],42,-1,137,-1,109
1,<environment.Job instance at 0x7f0cf48b9f00>,51,15,[14  2],52,-1,150,-1,135
1,<environment.Job instance at 0x7f0cf5466b40>,0,17,[9 5],1,-1,18,-1,1
1,<environment.Job instance at 0x7f0cf4539460>,3,20,[1 7],4,-1,24,-1,4
1,<environment.Job instance at 0x7f0cf4539500>,4,14,[9 2],5,-1,21,-1,7
1,<environment.Job instance at 0x7f0cf5488f00>,7,15,[3 7],8,-1,23,-1,8
1,<environment.Job instance at 0x7f0cf4539140>,6,28,[2 6],7,-1,37,-1,9
1,<environment.Job instance at 0x7f0cf54888c0>,9,26,[10  1],10,-1,38,-1,12
1,<environment.Job instance at 0x7f0cf5459370>,12,14,[2 8],13,-1,27,-1,13
1,<environment.Job instance at 0x7f0cf455e460>,15,16,[7 4],16,-1,33,-1,17
1,<environment.Job instance at 0x7f0cf455efa0>,19,18,[7 3],20,-1,41,-1,23
1,<environment.Job instance at 0x7f0cf454d5a0>,24,13,[5 9],25,-1,38,-1,25
1,<environment.Job instance at 0x7f0cf5462be0>,35,23,[ 3 10],36,-1,60,-1,37
1,<environment.Job instance at 0x7f0cf44d96e0>,40,18,[5 7],41,-1,59,-1,41
1,<environment.Job instance at 0x7f0cf44bba00>,42,14,[5 8],43,-1,57,-1,43
1,<environment.Job instance at 0x7f0cf5459280>,11,16,[9 2],12,-1,70,-1,54
1,<environment.Job instance at 0x7f0cf455e870>,47,18,[10  1],48,-1,72,-1,54
1,<environment.Job instance at 0x7f0cf455e9b0>,49,17,[2 7],50,-1,71,-1,54
1,<environment.Job instance at 0x7f0cf44bf370>,50,23,[7 1],51,-1,77,-1,54
1,<environment.Job instance at 0x7f0cf5488f50>,48,14,[9 1],49,-1,68,-1,54
1,<environment.Job instance at 0x7f0cf44bfbe0>,51,17,[1 7],52,-1,71,-1,54
1,<environment.Job instance at 0x7f0cf44bf8c0>,55,21,[5 2],56,-1,79,-1,58
1,<environment.Job instance at 0x7f0cf454d230>,22,16,[1 7],23,-1,74,-1,58
1,<environment.Job instance at 0x7f0cf586f050>,58,14,[3 9],59,-1,73,-1,59
1,<environment.Job instance at 0x7f0cf44d7e10>,33,13,[9 5],34,-1,73,-1,60
1,<environment.Job instance at 0x7f0cf586fe10>,57,13,[6 5],58,-1,73,-1,60
1,<environment.Job instance at 0x7f0cf5859190>,63,18,[5 9],64,-1,82,-1,64
1,<environment.Job instance at 0x7f0cf5859730>,65,14,[ 2 10],66,-1,82,-1,68
1,<environment.Job instance at 0x7f0cf44d5190>,68,27,[1 8],69,-1,96,-1,69
1,<environment.Job instance at 0x7f0cf5859b90>,67,18,[3 5],68,-1,90,-1,72
1,<environment.Job instance at 0x7f0cf44d5b90>,72,18,[10  5],73,-1,91,-1,73
1,<environment.Job instance at 0x7f0cf5875730>,73,17,[5 5],74,-1,91,-1,74
1,<environment.Job instance at 0x7f0cf5875f00>,75,13,[5 5],76,-1,90,-1,77
1,<environment.Job instance at 0x7f0cf58750f0>,78,18,[2 5],79,-1,97,-1,79
1,<environment.Job instance at 0x7f0cf53a47d0>,36,17,[9 2],37,-1,104,-1,87
1,<environment.Job instance at 0x7f0cf586ff00>,61,13,[ 1 12],62,-1,122,-1,109
1,<environment.Job instance at 0x7f0cf5877910>,89,16,[9 2],90,-1,125,-1,109
1,<environment.Job instance at 0x7f0cf428c690>,94,17,[9 4],95,-1,145,-1,128
1,<environment.Job instance at 0x7f0cf4fe4c80>,5,3,[ 4 13],6,-1,9,-1,6
1,<environment.Job instance at 0x7f0cf4fe4e60>,6,28,[2 6],7,-1,44,-1,16
1,<environment.Job instance at 0x7f0cf4fe4410>,9,26,[10  1],10,-1,61,-1,35
1,<environment.Job instance at 0x7f0cf568e5f0>,17,16,[13  3],18,-1,53,-1,37
1,<environment.Job instance at 0x7f0cf4fbfb90>,28,26,[5 7],29,-1,105,-1,79
1,<environment.Job instance at 0x7f0cf4fbf910>,29,28,[ 4 10],30,-1,107,-1,79
1,<environment.Job instance at 0x7f0cf4fcdaf0>,32,2,[ 4 11],33,-1,81,-1,79
1,<environment.Job instance at 0x7f0cf56a8dc0>,34,16,[14  4],35,-1,97,-1,81
1,<environment.Job instance at 0x7f0cf56a8fa0>,35,23,[ 3 10],36,-1,107,-1,84
1,<environment.Job instance at 0x7f0cf567dfa0>,50,23,[7 1],51,-1,165,-1,142
1,<environment.Job instance at 0x7f0cf4cc1780>,0,18,[ 4 10],1,-1,19,-1,1
1,<environment.Job instance at 0x7f0cf4cc1050>,6,17,[10  3],7,-1,24,-1,7
1,<environment.Job instance at 0x7f0cf4cc1730>,7,25,[4 6],8,-1,33,-1,8
1,<environment.Job instance at 0x7f0cf4cc14b0>,8,17,[ 2 10],9,-1,26,-1,9
1,<environment.Job instance at 0x7f0cf4cc1c30>,11,23,[10  1],12,-1,35,-1,12
1,<environment.Job instance at 0x7f0cf4cc1370>,12,14,[5 8],13,-1,27,-1,13
1,<environment.Job instance at 0x7f0cf4cc1870>,13,26,[10  2],14,-1,40,-1,14
1,<environment.Job instance at 0x7f0cf5488be0>,16,16,[ 1 10],17,-1,33,-1,17
1,<environment.Job instance at 0x7f0cf54885f0>,21,24,[4 8],22,-1,46,-1,22
1,<environment.Job instance at 0x7f0cf54886e0>,22,17,[5 8],23,-1,40,-1,23
1,<environment.Job instance at 0x7f0cf44bbaf0>,34,23,[ 5 10],35,-1,58,-1,35
1,<environment.Job instance at 0x7f0cf44bb820>,37,18,[3 8],38,-1,58,-1,40
1,<environment.Job instance at 0x7f0cf429f230>,40,18,[5 4],41,-1,59,-1,41
1,<environment.Job instance at 0x7f0cf429f050>,39,23,[1 5],40,-1,65,-1,42
1,<environment.Job instance at 0x7f0cf429f960>,45,28,[1 7],46,-1,75,-1,47
1,<environment.Job instance at 0x7f0cf429fe60>,43,25,[10  1],44,-1,72,-1,47
1,<environment.Job instance at 0x7f0cf429f820>,47,17,[10  5],48,-1,66,-1,49
1,<environment.Job instance at 0x7f0cf429ffa0>,51,18,[5 5],52,-1,70,-1,52
1,<environment.Job instance at 0x7f0cf429f3c0>,53,18,[5 4],54,-1,72,-1,54
1,<environment.Job instance at 0x7f0cf429f8c0>,54,16,[10  1],55,-1,72,-1,56
1,<environment.Job instance at 0x7f0cf429c460>,56,18,[3 7],57,-1,77,-1,59
1,<environment.Job instance at 0x7f0cf429caa0>,57,16,[7 4],58,-1,81,-1,65
1,<environment.Job instance at 0x7f0cf489f960>,7,25,[4 6],8,-1,44,-1,19
1,<environment.Job instance at 0x7f0cf49a3730>,11,23,[10  1],12,-1,47,-1,24
1,<environment.Job instance at 0x7f0cf4744af0>,14,3,[ 3 12],15,-1,27,-1,24
1,<environment.Job instance at 0x7f0cf4744730>,13,26,[10  2],14,-1,50,-1,24
1,<environment.Job instance at 0x7f0cf4cb8c30>,21,24,[4 8],22,-1,59,-1,35
1,<environment.Job instance at 0x7f0cf5a530f0>,23,2,[12  5],24,-1,37,-1,35
1,<environment.Job instance at 0x7f0cf5273370>,25,14,[ 2 11],26,-1,64,-1,50
1,<environment.Job instance at 0x7f0d04526dc0>,28,13,[12  1],29,-1,64,-1,51
1,<environment.Job instance at 0x7f0cfe4bdaf0>,34,23,[ 5 10],35,-1,91,-1,68
1,<environment.Job instance at 0x7f0cfe1d7190>,35,16,[13  5],36,-1,84,-1,68
1,<environment.Job instance at 0x7f0cf4839050>,39,23,[1 5],40,-1,92,-1,69
1,<environment.Job instance at 0x7f0cf51e2e60>,43,25,[10  1],44,-1,121,-1,96
1,<environment.Job instance at 0x7f0cf448bd70>,46,15,[ 3 12],47,-1,111,-1,96
1,<environment.Job instance at 0x7f0cfe375460>,45,28,[1 7],46,-1,133,-1,105
1,<environment.Job instance at 0x7f0cf46d5140>,62,14,[11  2],63,-1,183,-1,169
1,<environment.Job instance at 0x7f0cf5101c80>,2,17,[2 8],3,-1,21,-1,4
1,<environment.Job instance at 0x7f0cf5101320>,4,15,[5 6],5,-1,20,-1,5
1,<environment.Job instance at 0x7f0cf44a0460>,3,16,[7 5],4,-1,21,-1,5
1,<environment.Job instance at 0x7f0cf5101cd0>,5,15,[9 2],6,-1,22,-1,7
1,<environment.Job instance at 0x7f0cf5101280>,7,16,[ 2 10],8,-1,24,-1,8
1,<environment.Job instance at 0x7f0cf5101b40>,8,17,[5 1],9,-1,26,-1,9
1,<environment.Job instance at 0x7f0cf5101910>,9,3,[4 8],10,-1,13,-1,10
1,<environment.Job instance at 0x7f0cf5101370>,6,17,[5 4],7,-1,27,-1,10
1,<environment.Job instance at 0x7f0cf5101f00>,10,16,[9 1],11,-1,32,-1,16
1,<environment.Job instance at 0x7f0cf5459cd0>,17,14,[5 1],18,-1,32,-1,18
1,<environment.Job instance at 0x7f0cf5140870>,20,18,[5 8],21,-1,39,-1,21
1,<environment.Job instance at 0x7f0cf5140730>,23,12,[10  4],24,-1,37,-1,25
1,<environment.Job instance at 0x7f0cf53a9d70>,26,14,[3 5],27,-1,41,-1,27
1,<environment.Job instance at 0x7f0cf53a94b0>,27,25,[1 7],28,-1,53,-1,28
1,<environment.Job instance at 0x7f0cf53a9370>,28,19,[5 8],29,-1,48,-1,29
1,<environment.Job instance at 0x7f0cf53a91e0>,29,16,[7 4],30,-1,46,-1,30
1,<environment.Job instance at 0x7f0cf53a9aa0>,33,14,[2 9],34,-1,48,-1,34
1,<environment.Job instance at 0x7f0cf53a9eb0>,34,18,[10  3],35,-1,53,-1,35
1,<environment.Job instance at 0x7f0cf4cbad20>,37,15,[2 8],38,-1,53,-1,38
1,<environment.Job instance at 0x7f0cf53a9410>,24,17,[4 7],25,-1,56,-1,39
1,<environment.Job instance at 0x7f0cf5877e10>,40,15,[ 4 10],41,-1,56,-1,41
1,<environment.Job instance at 0x7f0cf5877820>,41,17,[9 3],42,-1,59,-1,42
1,<environment.Job instance at 0x7f0cf5877910>,42,20,[ 1 10],43,-1,63,-1,43
1,<environment.Job instance at 0x7f0cf587c1e0>,46,19,[4 8],47,-1,66,-1,47
1,<environment.Job instance at 0x7f0cf587caf0>,49,17,[4 9],50,-1,67,-1,50
1,<environment.Job instance at 0x7f0cf5488d70>,59,17,[8 2],60,-1,78,-1,61
1,<environment.Job instance at 0x7f0cf54880a0>,63,16,[3 5],64,-1,80,-1,64
1,<environment.Job instance at 0x7f0cf5711e60>,64,23,[5 9],65,-1,88,-1,65
1,<environment.Job instance at 0x7f0cf5711cd0>,65,16,[1 6],66,-1,82,-1,66
1,<environment.Job instance at 0x7f0cf5711a00>,67,23,[6 2],68,-1,91,-1,68
1,<environment.Job instance at 0x7f0cf5711c30>,68,15,[5 6],69,-1,84,-1,69
1,<environment.Job instance at 0x7f0cf5711140>,70,26,[6 1],71,-1,97,-1,71
1,<environment.Job instance at 0x7f0cf57111e0>,72,17,[5 5],73,-1,90,-1,73
1,<environment.Job instance at 0x7f0cf5711320>,75,14,[9 1],76,-1,90,-1,76
1,<environment.Job instance at 0x7f0cf4e2d7d0>,79,13,[2 5],80,-1,93,-1,80
1,<environment.Job instance at 0x7f0cf4e2daf0>,80,18,[5 7],81,-1,99,-1,81
1,<environment.Job instance at 0x7f0cf4e2db40>,82,16,[1 9],83,-1,99,-1,83
1,<environment.Job instance at 0x7f0cf4e2d910>,83,19,[8 3],84,-1,103,-1,84
1,<environment.Job instance at 0x7f0cf4e2d0a0>,87,17,[8 4],88,-1,126,-1,109
1,<environment.Job instance at 0x7f0cf51183c0>,95,20,[5 5],96,-1,130,-1,110
1,<environment.Job instance at 0x7f0cf51f6d70>,0,3,[ 3 14],1,-1,4,-1,1
1,<environment.Job instance at 0x7f0cf50f17d0>,19,15,[12  2],20,-1,59,-1,44
1,<environment.Job instance at 0x7f0cfe04f0a0>,27,25,[1 7],28,-1,99,-1,74
1,<environment.Job instance at 0x7f0cf4fe5730>,31,2,[ 5 11],32,-1,76,-1,74
1,<environment.Job instance at 0x7f0cfe52c820>,35,3,[ 3 11],36,-1,94,-1,91
1,<environment.Job instance at 0x7f0cfe3755a0>,47,2,[14  5],48,-1,135,-1,133
1,<environment.Job instance at 0x7f0cf4c04190>,52,14,[14  2],53,-1,165,-1,151
1,<environment.Job instance at 0x7f0cfe4c9b90>,55,1,[ 5 13],56,-1,157,-1,156
1,<environment.Job instance at 0x7f0cf51f36e0>,56,27,[6 1],57,-1,185,-1,158
1,<environment.Job instance at 0x7fd7394346e0>,0,13,[9 3],1,-1,15,-1,2
1,<environment.Job instance at 0x7fd7394348c0>,1,22,[11  3],2,-1,24,-1,2
1,<environment.Job instance at 0x7fd739434730>,2,22,[4 8],3,-1,25,-1,3
1,<environment.Job instance at 0x7fd72fdee140>,9,18,[11  5],10,-1,28,-1,10
1,<environment.Job instance at 0x7fd72fdee0a0>,11,15,[4 8],12,-1,27,-1,12
1,<environment.Job instance at 0x7fd72fdee3c0>,12,26,[ 1 10],13,-1,39,-1,13
1,<environment.Job instance at 0x7fd72fdee2d0>,13,18,[ 4 10],14,-1,32,-1,14
1,<environment.Job instance at 0x7fd72fdee500>,15,18,[2 8],16,-1,34,-1,16
1,<environment.Job instance at 0x7fd72fdee6e0>,16,16,[3 5],17,-1,33,-1,17
1,<environment.Job instance at 0x7fd72fdee960>,20,1,[7 5],21,-1,22,-1,21
1,<environment.Job instance at 0x7fd72fdeeb40>,21,1,[6 5],22,-1,23,-1,22
1,<environment.Job instance at 0x7fd72fdee9b0>,22,1,[2 7],23,-1,24,-1,23
1,<environment.Job instance at 0x7fd72fdeebe0>,23,27,[1 6],24,-1,51,-1,24
1,<environment.Job instance at 0x7fd72fdeec80>,24,18,[2 6],25,-1,43,-1,25
1,<environment.Job instance at 0x7fd72fdeed20>,25,12,[ 5 10],26,-1,38,-1,26
1,<environment.Job instance at 0x7fd72fdeee60>,27,15,[8 4],28,-1,43,-1,28
1,<environment.Job instance at 0x7fd72fdeef50>,28,23,[10  4],29,-1,52,-1,29
1,<environment.Job instance at 0x7fd72fdf1140>,30,14,[5 2],31,-1,45,-1,31
1,<environment.Job instance at 0x7fd72fdf1280>,31,14,[2 5],32,-1,46,-1,32
1,<environment.Job instance at 0x7fd72fdf1550>,34,24,[1 8],35,-1,59,-1,35
1,<environment.Job instance at 0x7fd72fdf16e0>,35,15,[9 5],36,-1,51,-1,36
1,<environment.Job instance at 0x7fd72fdf1b40>,40,15,[10  3],41,-1,59,-1,44
1,<environment.Job instance at 0x7fd72fdf1c80>,43,18,[5 5],44,-1,62,-1,44
1,<environment.Job instance at 0x7fd72fdf5230>,48,15,[10  1],49,-1,65,-1,50
1,<environment.Job instance at 0x7fd72fdf57d0>,53,17,[5 7],54,-1,71,-1,54
1,<environment.Job instance at 0x7fd72fdf5a00>,56,17,[8 5],57,-1,74,-1,57
1,<environment.Job instance at 0x7fd72fdf5910>,58,14,[2 7],59,-1,73,-1,59
1,<environment.Job instance at 0x7fd72fdf5d70>,59,17,[1 6],60,-1,77,-1,60
1,<environment.Job instance at 0x7fd72fdf5eb0>,62,22,[6 4],63,-1,85,-1,63
1,<environment.Job instance at 0x7fd72fdf40f0>,64,18,[2 9],65,-1,83,-1,65
1,<environment.Job instance at 0x7fd72fdf4370>,65,20,[2 6],66,-1,86,-1,66
1,<environment.Job instance at 0x7fd72fdf4dc0>,81,15,[5 9],82,-1,138,-1,123
1,<environment.Job instance at 0x7fd72fdf4e60>,82,16,[ 4 10],83,-1,139,-1,123
1,<environment.Job instance at 0x7fd72fdf4fa0>,84,18,[3 7],85,-1,143,-1,125
1,<environment.Job instance at 0x7fd72fdf80a0>,85,17,[3 9],86,-1,142,-1,125
1,<environment.Job instance at 0x7fd72fdf8140>,86,18,[9 2],87,-1,143,-1,125
1,<environment.Job instance at 0x7fd72fdf4c80>,79,13,[9 4],80,-1,139,-1,126
1,<environment.Job instance at 0x7fd72fdf8460>,92,20,[1 5],93,-1,155,-1,135
1,<environment.Job instance at 0x7fd72fdf8eb0>,99,18,[12  5],100,-1,153,-1,135
1,<environment.Job instance at 0x7fd72fdf8e60>,100,18,[2 7],101,-1,156,-1,138
1,<environment.Job instance at 0x7fd72fdf8c80>,101,18,[ 1 10],102,-1,156,-1,138
1,<environment.Job instance at 0x7fd72fdf8fa0>,102,16,[3 9],103,-1,154,-1,138
1,<environment.Job instance at 0x7fd72fdfd190>,103,16,[1 6],104,-1,154,-1,138
1,<environment.Job instance at 0x7fd72fdf8be0>,95,15,[5 7],96,-1,153,-1,138
1,<environment.Job instance at 0x7fd72fdfd2d0>,105,14,[14  5],106,-1,155,-1,141
1,<environment.Job instance at 0x7fd72fdfd410>,107,17,[9 3],108,-1,158,-1,141
1,<environment.Job instance at 0x7fd72fdfd370>,106,15,[11  1],107,-1,156,-1,141
1,<environment.Job instance at 0x7fd72fe36f50>,112,2,[6 2],113,-1,143,-1,141
1,<environment.Job instance at 0x7fd72fde5460>,113,15,[6 1],114,-1,156,-1,141
1,<environment.Job instance at 0x7fd72fe1b4b0>,111,26,[ 5 10],112,-1,167,-1,141
1,<environment.Job instance at 0x7fd72fdf4aa0>,76,19,[4 8],77,-1,160,-1,141
1,<environment.Job instance at 0x7fd72fdfd230>,104,15,[1 9],105,-1,156,-1,141
1,<environment.Job instance at 0x7fd72fdee550>,1,22,[11  3],2,-1,24,-1,2
1,<environment.Job instance at 0x7fd72fdf5dc0>,9,18,[11  5],10,-1,32,-1,14
1,<environment.Job instance at 0x7fd72fdf42d0>,12,26,[ 1 10],13,-1,82,-1,56
1,<environment.Job instance at 0x7fd72ff40af0>,23,27,[1 6],24,-1,87,-1,60
1,<environment.Job instance at 0x7fd72fdeabe0>,28,23,[10  4],29,-1,97,-1,74
1,<environment.Job instance at 0x7fd72ff0aa50>,34,24,[1 8],35,-1,117,-1,93
1,<environment.Job instance at 0x7fd72fea05f0>,36,13,[ 3 14],37,-1,106,-1,93
1,<environment.Job instance at 0x7fd72fe49e10>,46,17,[12  2],47,-1,134,-1,117
1,<environment.Job instance at 0x7fd72fe37780>,50,16,[12  2],51,-1,146,-1,130
1,<environment.Job instance at 0x7fd72fdd8140>,54,13,[13  1],55,-1,158,-1,145
1,<environment.Job instance at 0x7fd72fe4e2d0>,60,3,[12  3],61,-1,169,-1,166
1,<environment.Job instance at 0x7fd72f85deb0>,8,21,[9 4],9,-1,30,-1,9
1,<environment.Job instance at 0x7fd72f85ddc0>,9,12,[9 3],10,-1,23,-1,11
1,<environment.Job instance at 0x7fd72f859fa0>,10,18,[10  3],11,-1,29,-1,11
1,<environment.Job instance at 0x7fd72f85d690>,11,17,[10  2],12,-1,32,-1,15
1,<environment.Job instance at 0x7fd72f863910>,16,14,[5 5],17,-1,31,-1,17
1,<environment.Job instance at 0x7fd72f9c0640>,20,13,[10  5],21,-1,35,-1,22
1,<environment.Job instance at 0x7fd72f9f9af0>,25,14,[10  2],26,-1,49,-1,35
1,<environment.Job instance at 0x7fd72f8ab280>,36,12,[ 3 10],37,-1,49,-1,37
1,<environment.Job instance at 0x7fd72f8ab2d0>,34,16,[7 2],35,-1,56,-1,40
1,<environment.Job instance at 0x7fd72f8a8690>,40,18,[4 5],41,-1,59,-1,41
1,<environment.Job instance at 0x7fd72f8a8460>,41,18,[2 8],42,-1,60,-1,42
1,<environment.Job instance at 0x7fd7396c60f0>,44,16,[9 4],45,-1,61,-1,45
1,<environment.Job instance at 0x7fd72f419e10>,46,14,[10  1],47,-1,62,-1,48
1,<environment.Job instance at 0x7fd72f817eb0>,50,13,[7 4],51,-1,65,-1,52
1,<environment.Job instance at 0x7fd72facdfa0>,48,15,[7 5],49,-1,68,-1,53
1,<environment.Job instance at 0x7fd72f817cd0>,52,20,[1 7],53,-1,73,-1,53
1,<environment.Job instance at 0x7fd72f552a50>,56,19,[2 7],57,-1,78,-1,59
1,<environment.Job instance at 0x7fd72f407cd0>,60,24,[ 1 10],61,-1,85,-1,61
1,<environment.Job instance at 0x7fd72f3f39b0>,63,24,[7 4],64,-1,88,-1,64
1,<environment.Job instance at 0x7fd72f3ffa00>,64,16,[7 5],65,-1,81,-1,65
1,<environment.Job instance at 0x7fd72f39dc80>,66,16,[7 4],67,-1,83,-1,67
1,<environment.Job instance at 0x7fd72f39dd20>,68,18,[4 6],69,-1,87,-1,69
1,<environment.Job instance at 0x7fd72f39d5a0>,71,27,[4 7],72,-1,99,-1,72
1,<environment.Job instance at 0x7fd72f39d9b0>,72,26,[8 4],73,-1,99,-1,73
1,<environment.Job instance at 0x7fd72f43b370>,58,18,[6 3],59,-1,98,-1,80
1,<environment.Job instance at 0x7fd72f3a0a00>,78,18,[4 5],79,-1,100,-1,82
1,<environment.Job instance at 0x7fd72fe0ba50>,18,12,[14  4],19,-1,44,-1,32
1,<environment.Job instance at 0x7fd72fe0b3c0>,28,2,[13  1],29,-1,63,-1,61
1,<environment.Job instance at 0x7fd72fe0b320>,31,3,[13  5],32,-1,73,-1,70
1,<environment.Job instance at 0x7fd72fe09eb0>,32,2,[ 1 12],33,-1,72,-1,70
1,<environment.Job instance at 0x7fd72fe09870>,42,1,[ 4 13],43,-1,91,-1,90
1,<environment.Job instance at 0x7fd72fe096e0>,43,14,[11  3],44,-1,104,-1,90
1,<environment.Job instance at 0x7fd72f653a00>,60,24,[ 1 10],61,-1,193,-1,169
1,<environment.Job instance at 0x7fd72f522aa0>,0,27,[ 5 10],1,-1,30,-1,3
1,<environment.Job instance at 0x7fd72f522af0>,4,15,[4 6],5,-1,20,-1,5
1,<environment.Job instance at 0x7fd72f5dbd20>,6,25,[ 5 10],7,-1,32,-1,7
1,<environment.Job instance at 0x7fd72f5dbb90>,7,15,[5 3],8,-1,23,-1,8
1,<environment.Job instance at 0x7fd72f5db8c0>,8,18,[1 5],9,-1,27,-1,9
1,<environment.Job instance at 0x7fd72f522c30>,1,17,[7 5],2,-1,27,-1,10
1,<environment.Job instance at 0x7fd72f51d4b0>,25,16,[10  4],26,-1,44,-1,28
1,<environment.Job instance at 0x7fd72f51d370>,30,18,[9 5],31,-1,49,-1,31
1,<environment.Job instance at 0x7fd72f51d910>,34,17,[7 2],35,-1,52,-1,35
1,<environment.Job instance at 0x7fd72f518f00>,36,12,[8 3],37,-1,49,-1,37
1,<environment.Job instance at 0x7fd72f518cd0>,37,15,[2 9],38,-1,53,-1,38
1,<environment.Job instance at 0x7fd72f518c80>,39,17,[8 1],40,-1,59,-1,42
1,<environment.Job instance at 0x7fd72f518910>,42,19,[8 2],43,-1,62,-1,43
1,<environment.Job instance at 0x7fd72f518730>,41,17,[2 6],42,-1,67,-1,50
1,<environment.Job instance at 0x7fd72f596050>,48,14,[ 2 10],49,-1,65,-1,51
1,<environment.Job instance at 0x7fd72f596be0>,50,18,[3 5],51,-1,74,-1,56
1,<environment.Job instance at 0x7fd72f5941e0>,59,15,[10  2],60,-1,75,-1,60
1,<environment.Job instance at 0x7fd72f594dc0>,60,13,[5 6],61,-1,74,-1,61
1,<environment.Job instance at 0x7fd72f596230>,49,17,[9 1],50,-1,79,-1,62
1,<environment.Job instance at 0x7fd72f5942d0>,65,14,[7 4],66,-1,82,-1,68
1,<environment.Job instance at 0x7fd72f5946e0>,66,1,[3 8],67,-1,69,-1,68
1,<environment.Job instance at 0x7fd72f594730>,67,3,[10  2],68,-1,71,-1,68
1,<environment.Job instance at 0x7fd72f594eb0>,61,12,[5 5],62,-1,80,-1,68
1,<environment.Job instance at 0x7fd72f58adc0>,70,16,[10  2],71,-1,88,-1,72
1,<environment.Job instance at 0x7fd72f58a7d0>,74,21,[7 2],75,-1,96,-1,75
1,<environment.Job instance at 0x7fd72f58a5a0>,75,12,[ 1 10],76,-1,88,-1,76
1,<environment.Job instance at 0x7fd72f587fa0>,78,16,[6 3],79,-1,95,-1,79
1,<environment.Job instance at 0x7fd72f587dc0>,79,14,[5 7],80,-1,94,-1,80
1,<environment.Job instance at 0x7fd72f5870f0>,80,18,[4 7],81,-1,99,-1,81
1,<environment.Job instance at 0x7fd72f58ac80>,71,13,[4 5],72,-1,95,-1,82
1,<environment.Job instance at 0x7fd72f587a00>,88,15,[8 5],89,-1,105,-1,90
1,<environment.Job instance at 0x7fd72f5878c0>,89,27,[1 5],90,-1,120,-1,93
1,<environment.Job instance at 0x7fd72f44d190>,96,18,[4 6],97,-1,125,-1,107
1,<environment.Job instance at 0x7fd72f587d70>,82,14,[ 1 11],83,-1,121,-1,107
1,<environment.Job instance at 0x7fd72f550d70>,102,18,[6 3],103,-1,128,-1,110
1,<environment.Job instance at 0x7fd72f4f2be0>,106,25,[3 8],107,-1,135,-1,110
1,<environment.Job instance at 0x7fd72f550eb0>,105,16,[6 3],106,-1,126,-1,110
1,<environment.Job instance at 0x7fd72f54a4b0>,97,19,[14  4],98,-1,129,-1,110
1,<environment.Job instance at 0x7fd72f4f2500>,109,27,[9 3],110,-1,139,-1,112
1,<environment.Job instance at 0x7fd72f550b40>,99,14,[ 5 11],100,-1,126,-1,112
1,<environment.Job instance at 0x7fd72fb70e60>,110,15,[7 5],111,-1,127,-1,112
1,<environment.Job instance at 0x7fd7395a04b0>,112,24,[ 3 10],113,-1,137,-1,113
1,<environment.Job instance at 0x7fd7300637d0>,121,13,[5 5],122,-1,168,-1,155
1,<environment.Job instance at 0x7fd72f39fc30>,124,16,[10  3],125,-1,171,-1,155
1,<environment.Job instance at 0x7fd72f52c9b0>,130,19,[1 5],131,-1,187,-1,168
1,<environment.Job instance at 0x7fd72ffe5e60>,128,14,[10  3],129,-1,182,-1,168
1,<environment.Job instance at 0x7fd72f51d960>,0,27,[ 5 10],1,-1,28,-1,1
1,<environment.Job instance at 0x7fd72f596f00>,6,25,[ 5 10],7,-1,40,-1,15
1,<environment.Job instance at 0x7fd72f522a50>,22,17,[12  4],23,-1,61,-1,44
1,<environment.Job instance at 0x7fd72f810140>,35,2,[ 4 11],36,-1,63,-1,61
1,<environment.Job instance at 0x7fd72f3fbe60>,43,2,[ 2 14],44,-1,94,-1,92
1,<environment.Job instance at 0x7fd72f43a3c0>,44,17,[ 5 14],45,-1,109,-1,92
1,<environment.Job instance at 0x7fd72f3ff5f0>,46,2,[11  3],47,-1,94,-1,92
1,<environment.Job instance at 0x7fd72f3f0eb0>,47,2,[12  2],48,-1,94,-1,92
1,<environment.Job instance at 0x7fd72f3f3f00>,52,2,[12  5],53,-1,126,-1,124
1,<environment.Job instance at 0x7fd72f451d70>,54,1,[14  4],55,-1,125,-1,124
1,<environment.Job instance at 0x7fd72f789b40>,2,16,[9 2],3,-1,20,-1,4
1,<environment.Job instance at 0x7fd72f789af0>,4,1,[5 7],5,-1,6,-1,5
1,<environment.Job instance at 0x7fd72f789cd0>,5,18,[7 5],6,-1,24,-1,6
1,<environment.Job instance at 0x7fd72f789eb0>,8,17,[10  3],9,-1,26,-1,9
1,<environment.Job instance at 0x7fd72f789f00>,9,27,[ 5 10],10,-1,37,-1,10
1,<environment.Job instance at 0x7fd72f58a820>,3,15,[6 3],4,-1,26,-1,11
1,<environment.Job instance at 0x7fd72f789f50>,11,22,[ 1 10],12,-1,35,-1,13
1,<environment.Job instance at 0x7fd72f77f140>,12,18,[5 1],13,-1,35,-1,17
1,<environment.Job instance at 0x7fd72f77f870>,19,15,[ 1 10],20,-1,36,-1,21
1,<environment.Job instance at 0x7fd72f77faa0>,22,15,[1 6],23,-1,38,-1,23
1,<environment.Job instance at 0x7fd72f77fb40>,24,12,[4 6],25,-1,37,-1,25
1,<environment.Job instance at 0x7fd72f77fe60>,25,17,[7 1],26,-1,43,-1,26
1,<environment.Job instance at 0x7fd72f77fd70>,26,13,[11  1],27,-1,40,-1,27
1,<environment.Job instance at 0x7fd72f77ff00>,27,18,[1 7],28,-1,46,-1,28
1,<environment.Job instance at 0x7fd72f7910a0>,29,14,[10  1],30,-1,45,-1,31
1,<environment.Job instance at 0x7fd72f7913c0>,31,14,[10  4],32,-1,46,-1,32
1,<environment.Job instance at 0x7fd72f791140>,32,18,[5 5],33,-1,51,-1,33
1,<environment.Job instance at 0x7fd72f7916e0>,35,15,[7 4],36,-1,51,-1,36
1,<environment.Job instance at 0x7fd72f791910>,38,21,[5 8],39,-1,60,-1,39
1,<environment.Job instance at 0x7fd72f791a00>,39,17,[7 2],40,-1,57,-1,40
1,<environment.Job instance at 0x7fd72f791be0>,40,12,[8 1],41,-1,53,-1,41
1,<environment.Job instance at 0x7fd72f791af0>,41,28,[2 8],42,-1,70,-1,42
1,<environment.Job instance at 0x7fd72f791c80>,42,18,[5 1],43,-1,61,-1,43
1,<environment.Job instance at 0x7fd72f791d20>,43,27,[9 3],44,-1,71,-1,44
1,<environment.Job instance at 0x7fd72f791dc0>,44,12,[6 5],45,-1,57,-1,45
1,<environment.Job instance at 0x7fd72f791f00>,46,28,[1 7],47,-1,75,-1,47
1,<environment.Job instance at 0x7fd72f7590a0>,47,12,[ 4 10],48,-1,60,-1,48
1,<environment.Job instance at 0x7fd72f759af0>,56,28,[9 2],57,-1,85,-1,57
1,<environment.Job instance at 0x7fd72f522320>,59,17,[1 5],60,-1,77,-1,60
1,<environment.Job instance at 0x7fd72f75bf50>,61,13,[1 7],62,-1,75,-1,62
1,<environment.Job instance at 0x7fd72f75ba50>,62,13,[4 8],63,-1,76,-1,63
1,<environment.Job instance at 0x7fd72f7912d0>,30,15,[1 6],31,-1,79,-1,64
1,<environment.Job instance at 0x7fd730904dc0>,70,14,[6 4],71,-1,85,-1,71
1,<environment.Job instance at 0x7fd72f75baf0>,68,15,[ 3 11],69,-1,86,-1,71
1,<environment.Job instance at 0x7fd72f5176e0>,74,15,[9 1],75,-1,91,-1,76
1,<environment.Job instance at 0x7fd73024c5f0>,76,23,[7 4],77,-1,100,-1,77
1,<environment.Job instance at 0x7fd72fc62c30>,78,17,[5 5],79,-1,96,-1,79
1,<environment.Job instance at 0x7fd73024c6e0>,80,15,[9 4],81,-1,96,-1,81
1,<environment.Job instance at 0x7fd73023abe0>,83,20,[5 4],84,-1,104,-1,84
1,<environment.Job instance at 0x7fd730926550>,94,15,[10  3],95,-1,110,-1,95
1,<environment.Job instance at 0x7fd730926e10>,95,20,[4 7],96,-1,116,-1,96
1,<environment.Job instance at 0x7fd730926410>,96,21,[6 5],97,-1,118,-1,97
1,<environment.Job instance at 0x7fd730926050>,97,13,[9 4],98,-1,111,-1,98
1,<environment.Job instance at 0x7fd7302540f0>,99,17,[5 9],100,-1,117,-1,100
1,<environment.Job instance at 0x7fd73026d140>,100,15,[4 5],101,-1,116,-1,101
1,<environment.Job instance at 0x7fd73026da00>,101,27,[5 1],102,-1,129,-1,102
1,<environment.Job instance at 0x7fd73026d4b0>,103,17,[8 5],104,-1,121,-1,104
1,<environment.Job instance at 0x7fd72f778eb0>,105,16,[4 5],106,-1,122,-1,106
1,<environment.Job instance at 0x7fd72f7781e0>,106,25,[8 3],107,-1,132,-1,107
1,<environment.Job instance at 0x7fd73023ef50>,108,16,[ 5 10],109,-1,125,-1,109
1,<environment.Job instance at 0x7fd73023e640>,110,16,[9 2],111,-1,127,-1,111
1,<environment.Job instance at 0x7fd730234d20>,111,19,[10  1],112,-1,135,-1,116
1,<environment.Job instance at 0x7fd72f78e8c0>,116,25,[ 5 10],117,-1,142,-1,117
1,<environment.Job instance at 0x7fd730927550>,122,18,[5 9],123,-1,141,-1,123
1,<environment.Job instance at 0x7fd7309273c0>,123,16,[6 5],124,-1,140,-1,124
1,<environment.Job instance at 0x7fd7309270f0>,127,17,[5 2],128,-1,145,-1,128
1,<environment.Job instance at 0x7fd7309279b0>,128,18,[1 9],129,-1,147,-1,129
1,<environment.Job instance at 0x7fd730927190>,129,15,[6 3],130,-1,145,-1,130
1,<environment.Job instance at 0x7fd72f76f410>,130,15,[3 9],131,-1,146,-1,131
1,<environment.Job instance at 0x7fd7309191e0>,134,17,[9 5],135,-1,152,-1,135
1,<environment.Job instance at 0x7fd730919e60>,135,16,[5 3],136,-1,152,-1,136
1,<environment.Job instance at 0x7fd730919b90>,138,14,[9 4],139,-1,153,-1,139
1,<environment.Job instance at 0x7fd72f77ef00>,141,14,[4 6],142,-1,156,-1,142
1,<environment.Job instance at 0x7fd72f77ed20>,142,17,[ 2 11],143,-1,160,-1,143
1,<environment.Job instance at 0x7fd72f77f410>,0,2,[ 5 11],1,-1,3,-1,1
1,<environment.Job instance at 0x7fd72fd69d20>,9,27,[ 5 10],10,-1,46,-1,19
1,<environment.Job instance at 0x7fd72f7899b0>,26,13,[11  1],27,-1,68,-1,55
1,<environment.Job instance at 0x7fd72f77e910>,28,12,[ 5 12],29,-1,67,-1,55
1,<environment.Job instance at 0x7fd72f578c30>,41,28,[2 8],42,-1,150,-1,122
1,<environment.Job instance at 0x7fd72f5788c0>,43,27,[9 3],44,-1,166,-1,139
1,<environment.Job instance at 0x7fd72f5786e0>,46,28,[1 7],47,-1,167,-1,139
1,<environment.Job instance at 0x7fd72f578a50>,49,2,[ 4 11],50,-1,149,-1,147
1,<environment.Job instance at 0x7fd72f57d2d0>,54,3,[11  1],55,-1,155,-1,152
1,<environment.Job instance at 0x7fd72f57d370>,56,28,[9 2],57,-1,184,-1,156
1,<environment.Job instance at 0x7fd72f57db90>,67,3,[ 1 12],68,-1,181,-1,178
1,<environment.Job instance at 0x7fd72f57d5f0>,68,15,[ 3 11],69,-1,193,-1,178
1,<environment.Job instance at 0x7fd7309120f0>,0,28,[5 6],1,-1,29,-1,1
1,<environment.Job instance at 0x7fd72fbaf7d0>,4,17,[6 5],5,-1,23,-1,6
1,<environment.Job instance at 0x7fd72fbafb40>,7,16,[ 5 10],8,-1,24,-1,8
1,<environment.Job instance at 0x7fd72fb8b0f0>,12,16,[9 4],13,-1,29,-1,13
1,<environment.Job instance at 0x7fd72fb8b550>,16,15,[9 5],17,-1,32,-1,17
1,<environment.Job instance at 0x7fd72fde7b90>,21,16,[ 2 10],22,-1,38,-1,22
1,<environment.Job instance at 0x7fd72fde75f0>,22,17,[4 5],23,-1,40,-1,23
1,<environment.Job instance at 0x7fd72fde76e0>,23,18,[ 1 10],24,-1,42,-1,24
1,<environment.Job instance at 0x7fd72fe1bbe0>,27,18,[10  5],28,-1,57,-1,39
1,<environment.Job instance at 0x7fd730220550>,39,17,[9 4],40,-1,57,-1,40
1,<environment.Job instance at 0x7fd730220af0>,41,18,[4 8],42,-1,60,-1,42
1,<environment.Job instance at 0x7fd7302201e0>,43,15,[10  4],44,-1,60,-1,45
1,<environment.Job instance at 0x7fd730220b40>,46,15,[ 5 10],47,-1,71,-1,56
1,<environment.Job instance at 0x7fd72fc3d050>,52,18,[9 4],53,-1,84,-1,66
1,<environment.Job instance at 0x7fd72fc3dc80>,53,18,[ 4 10],54,-1,84,-1,66
1,<environment.Job instance at 0x7fd72ffe5cd0>,0,28,[5 6],1,-1,29,-1,1
1,<environment.Job instance at 0x7fd72f594f00>,3,28,[ 1 11],4,-1,32,-1,4
1,<environment.Job instance at 0x7fd72f5874b0>,5,23,[5 3],6,-1,29,-1,6
1,<environment.Job instance at 0x7fd72f5f3be0>,6,14,[13  5],7,-1,21,-1,7
1,<environment.Job instance at 0x7fd72f7a1460>,10,13,[12  5],11,-1,24,-1,11
1,<environment.Job instance at 0x7fd72f487280>,18,15,[ 3 13],19,-1,39,-1,24
1,<environment.Job instance at 0x7fd72f554aa0>,26,18,[ 3 13],27,-1,74,-1,56
1,<environment.Job instance at 0x7fd72f54e9b0>,37,2,[ 4 14],38,-1,92,-1,90
1,<environment.Job instance at 0x7fd72f544f00>,44,2,[ 1 12],45,-1,108,-1,106
1,<environment.Job instance at 0x7fd72f544320>,50,25,[2 8],51,-1,165,-1,140
1,<environment.Job instance at 0x7fd72f5830f0>,54,3,[ 3 14],55,-1,156,-1,153
1,<environment.Job instance at 0x7fd72fae44b0>,1,18,[3 7],2,-1,20,-1,2
1,<environment.Job instance at 0x7fd7301c6e60>,2,17,[1 9],3,-1,21,-1,4
1,<environment.Job instance at 0x7fd7307cc5a0>,4,22,[9 5],5,-1,27,-1,5
1,<environment.Job instance at 0x7fd7307cc3c0>,6,13,[3 7],7,-1,20,-1,7
1,<environment.Job instance at 0x7fd72f01fd70>,7,16,[5 8],8,-1,24,-1,8
1,<environment.Job instance at 0x7fd72f01f320>,8,16,[1 6],9,-1,25,-1,9
1,<environment.Job instance at 0x7fd72f01fa00>,10,13,[11  4],11,-1,24,-1,11
1,<environment.Job instance at 0x7fd7301c6500>,3,14,[5 5],4,-1,26,-1,12
1,<environment.Job instance at 0x7fd730154460>,14,14,[10  4],15,-1,31,-1,17
1,<environment.Job instance at 0x7fd730154550>,16,12,[9 4],17,-1,30,-1,18
1,<environment.Job instance at 0x7fd7301541e0>,18,12,[10  1],19,-1,32,-1,20
1,<environment.Job instance at 0x7fd72ff49910>,20,16,[9 2],21,-1,37,-1,21
1,<environment.Job instance at 0x7fd73021fc30>,25,12,[5 9],26,-1,38,-1,26
1,<environment.Job instance at 0x7fd73021f910>,26,12,[6 4],27,-1,39,-1,27
1,<environment.Job instance at 0x7fd73021fa50>,27,17,[8 2],28,-1,45,-1,28
1,<environment.Job instance at 0x7fd73021f050>,28,17,[1 6],29,-1,46,-1,29
1,<environment.Job instance at 0x7fd73021f7d0>,29,17,[9 2],30,-1,47,-1,30
1,<environment.Job instance at 0x7fd7300e0870>,19,21,[1 7],20,-1,51,-1,30
1,<environment.Job instance at 0x7fd72f0ab140>,37,16,[3 5],38,-1,60,-1,44
1,<environment.Job instance at 0x7fd7301aef50>,44,17,[8 3],45,-1,62,-1,45
1,<environment.Job instance at 0x7fd72feedf00>,47,17,[7 4],48,-1,65,-1,48
1,<environment.Job instance at 0x7fd72ff9a370>,48,15,[8 3],49,-1,64,-1,49
1,<environment.Job instance at 0x7fd72ffd3190>,49,16,[10  5],50,-1,66,-1,50
1,<environment.Job instance at 0x7fd73006ef50>,51,16,[5 3],52,-1,68,-1,52
1,<environment.Job instance at 0x7fd730052be0>,55,17,[ 2 10],56,-1,73,-1,56
1,<environment.Job instance at 0x7fd73003e730>,58,19,[7 1],59,-1,78,-1,59
1,<environment.Job instance at 0x7fd72fed11e0>,60,18,[9 2],61,-1,79,-1,61
1,<environment.Job instance at 0x7fd7301ae5a0>,43,18,[ 2 10],44,-1,82,-1,64
1,<environment.Job instance at 0x7fd73085e690>,63,14,[5 5],64,-1,79,-1,65
1,<environment.Job instance at 0x7fd730a016e0>,70,27,[7 4],71,-1,101,-1,74
1,<environment.Job instance at 0x7fd72f578d70>,5,3,[ 1 14],6,-1,9,-1,6
1,<environment.Job instance at 0x7fd72f578a50>,10,13,[11  4],11,-1,31,-1,18
1,<environment.Job instance at 0x7fd72f578d20>,11,12,[ 1 13],12,-1,30,-1,18
1,<environment.Job instance at 0x7fd73012bb90>,22,17,[ 2 14],23,-1,77,-1,60
1,<environment.Job instance at 0x7fd73003ea00>,35,16,[11  3],36,-1,124,-1,108
1,<environment.Job instance at 0x7fd730452f50>,46,1,[11  2],47,-1,131,-1,130
1,<environment.Job instance at 0x7fd7396c60f0>,1,16,[6 5],2,-1,18,-1,2
1,<environment.Job instance at 0x7fd72f0a8c30>,5,16,[6 5],6,-1,22,-1,6
1,<environment.Job instance at 0x7fd72f0a8cd0>,6,12,[ 1 10],7,-1,20,-1,8
1,<environment.Job instance at 0x7fd72f0a8af0>,7,18,[9 4],8,-1,26,-1,8
1,<environment.Job instance at 0x7fd73046d460>,11,13,[5 2],12,-1,32,-1,19
1,<environment.Job instance at 0x7fd72f8aa780>,19,18,[1 9],20,-1,38,-1,20
1,<environment.Job instance at 0x7fd72f8cd5f0>,22,2,[1 5],23,-1,26,-1,24
1,<environment.Job instance at 0x7fd72f8cd3c0>,23,14,[4 8],24,-1,38,-1,24
1,<environment.Job instance at 0x7fd72f8c0730>,24,17,[3 7],25,-1,42,-1,25
1,<environment.Job instance at 0x7fd7303d1230>,26,14,[7 5],27,-1,44,-1,30
1,<environment.Job instance at 0x7fd72f8d7050>,30,18,[5 5],31,-1,49,-1,31
1,<environment.Job instance at 0x7fd7303d1f00>,31,14,[ 1 10],32,-1,46,-1,32
1,<environment.Job instance at 0x7fd72f8d6f50>,33,18,[5 2],34,-1,52,-1,34
1,<environment.Job instance at 0x7fd7303e5aa0>,34,16,[7 5],35,-1,51,-1,35
1,<environment.Job instance at 0x7fd72ff09be0>,36,12,[8 3],37,-1,49,-1,37
1,<environment.Job instance at 0x7fd72fdf8190>,29,18,[2 9],30,-1,56,-1,38
1,<environment.Job instance at 0x7fd72f8d2910>,41,13,[9 1],42,-1,57,-1,44
1,<environment.Job instance at 0x7fd72feeeb40>,44,15,[10  2],45,-1,60,-1,45
1,<environment.Job instance at 0x7fd72feee690>,45,20,[10  3],46,-1,75,-1,55
1,<environment.Job instance at 0x7fd72f8d2b40>,43,17,[14  2],44,-1,75,-1,58
1,<environment.Job instance at 0x7fd72feea690>,52,18,[9 2],53,-1,81,-1,63
1,<environment.Job instance at 0x7fd72feea3c0>,54,14,[5 9],55,-1,77,-1,63
1,<environment.Job instance at 0x7fd7300693c0>,61,14,[1 5],62,-1,77,-1,63
1,<environment.Job instance at 0x7fd730069eb0>,65,12,[8 3],66,-1,78,-1,66
1,<environment.Job instance at 0x7fd730069e10>,66,18,[ 2 10],67,-1,85,-1,67
1,<environment.Job instance at 0x7fd730069dc0>,67,17,[5 5],68,-1,85,-1,68
1,<environment.Job instance at 0x7fd73004f050>,68,14,[9 5],69,-1,83,-1,69
1,<environment.Job instance at 0x7fd73004f0f0>,69,14,[8 5],70,-1,84,-1,70
1,<environment.Job instance at 0x7fd73004f190>,70,25,[9 4],71,-1,96,-1,71
1,<environment.Job instance at 0x7fd73004f230>,71,15,[7 3],72,-1,87,-1,72
1,<environment.Job instance at 0x7fd73004f2d0>,72,17,[1 5],73,-1,90,-1,73
1,<environment.Job instance at 0x7fd73004f690>,77,27,[2 9],78,-1,105,-1,78
1,<environment.Job instance at 0x7fd73004f820>,78,26,[4 9],79,-1,105,-1,79
1,<environment.Job instance at 0x7fd73004f9b0>,80,18,[5 4],81,-1,99,-1,81
1,<environment.Job instance at 0x7fd73004f8c0>,81,14,[8 4],82,-1,96,-1,82
1,<environment.Job instance at 0x7fd73004fe10>,84,16,[8 1],85,-1,101,-1,85
1,<environment.Job instance at 0x7fd73004fdc0>,86,16,[ 5 12],87,-1,105,-1,89
1,<environment.Job instance at 0x7fd7300386e0>,92,22,[5 4],93,-1,115,-1,93
1,<environment.Job instance at 0x7fd7300698c0>,62,17,[5 1],63,-1,111,-1,94
1,<environment.Job instance at 0x7fd730038a00>,95,13,[5 5],96,-1,109,-1,96
1,<environment.Job instance at 0x7fd730038960>,96,18,[1 5],97,-1,115,-1,97
1,<environment.Job instance at 0x7fd730038c30>,98,17,[7 5],99,-1,116,-1,99
1,<environment.Job instance at 0x7fd730038dc0>,99,13,[4 8],100,-1,113,-1,100
1,<environment.Job instance at 0x7fd730038b40>,100,17,[10  1],101,-1,119,-1,102
1,<environment.Job instance at 0x7fd730038e10>,101,16,[2 5],102,-1,118,-1,102
1,<environment.Job instance at 0x7fd730038eb0>,102,15,[2 5],103,-1,119,-1,104
1,<environment.Job instance at 0x7fd730064190>,105,15,[5 4],106,-1,121,-1,106
1,<environment.Job instance at 0x7fd730038f50>,103,16,[1 5],104,-1,122,-1,106
1,<environment.Job instance at 0x7fd7300644b0>,109,16,[5 6],110,-1,127,-1,111
1,<environment.Job instance at 0x7fd730064550>,111,18,[4 9],112,-1,130,-1,112
1,<environment.Job instance at 0x7fd7300647d0>,113,13,[9 3],114,-1,127,-1,114
1,<environment.Job instance at 0x7fd730064960>,114,19,[2 5],115,-1,134,-1,115
1,<environment.Job instance at 0x7fd730064a50>,116,14,[5 4],117,-1,131,-1,117
1,<environment.Job instance at 0x7fd730064370>,110,18,[4 5],111,-1,141,-1,123
1,<environment.Job instance at 0x7fd730031370>,123,23,[1 7],124,-1,148,-1,125
1,<environment.Job instance at 0x7fd730031460>,125,18,[ 2 10],126,-1,144,-1,126
1,<environment.Job instance at 0x7fd730031af0>,132,26,[1 5],133,-1,167,-1,141
1,<environment.Job instance at 0x7fd730031730>,130,16,[4 8],131,-1,158,-1,142
1,<environment.Job instance at 0x7fd730064230>,106,17,[ 2 14],107,-1,162,-1,145
1,<environment.Job instance at 0x7fd730031be0>,133,17,[ 4 10],134,-1,166,-1,149
1,<environment.Job instance at 0x7fd730031140>,124,22,[1 8],125,-1,171,-1,149
1,<environment.Job instance at 0x7fd730031c80>,134,15,[5 3],135,-1,172,-1,157
1,<environment.Job instance at 0x7fd7300315f0>,128,13,[14  3],129,-1,170,-1,157
1,<environment.Job instance at 0x7fd72f8aa2d0>,2,13,[14  2],3,-1,16,-1,3
1,<environment.Job instance at 0x7fd73004fd20>,20,2,[ 4 14],21,-1,46,-1,44
1,<environment.Job instance at 0x7fd730842190>,43,17,[14  2],44,-1,157,-1,140
1,<environment.Job instance at 0x7fd7308d3be0>,56,2,[ 5 12],57,-1,164,-1,162
1,<environment.Job instance at 0x7fd7308d3730>,57,23,[6 1],58,-1,188,-1,165
1,<environment.Job instance at 0x7fd72ff1dc30>,0,18,[3 6],1,-1,19,-1,1
1,<environment.Job instance at 0x7fd72f5ab0a0>,2,16,[1 9],3,-1,19,-1,3
1,<environment.Job instance at 0x7fd72f5abd20>,4,12,[10  3],5,-1,19,-1,7
1,<environment.Job instance at 0x7fd72f5ab140>,9,12,[4 8],10,-1,22,-1,10
1,<environment.Job instance at 0x7fd72f5abb40>,10,14,[1 9],11,-1,25,-1,11
1,<environment.Job instance at 0x7fd72f5abcd0>,12,12,[1 7],13,-1,25,-1,13
1,<environment.Job instance at 0x7fd72f5abe10>,14,17,[10  5],15,-1,32,-1,15
1,<environment.Job instance at 0x7fd72f5abaf0>,15,15,[1 6],16,-1,31,-1,16
1,<environment.Job instance at 0x7fd72f5aba50>,6,16,[2 7],7,-1,32,-1,16
1,<environment.Job instance at 0x7fd72ff56b90>,25,17,[ 5 10],26,-1,43,-1,26
1,<environment.Job instance at 0x7fd72ff56f00>,28,12,[6 1],29,-1,41,-1,29
1,<environment.Job instance at 0x7fd72f436d20>,30,15,[6 2],31,-1,46,-1,31
1,<environment.Job instance at 0x7fd72f4369b0>,32,16,[5 3],33,-1,49,-1,33
1,<environment.Job instance at 0x7fd72f436410>,33,16,[9 5],34,-1,50,-1,34
1,<environment.Job instance at 0x7fd72f436320>,34,16,[8 5],35,-1,51,-1,35
1,<environment.Job instance at 0x7fd72f436190>,37,14,[ 5 10],38,-1,52,-1,38
1,<environment.Job instance at 0x7fd72f436e10>,43,14,[1 6],44,-1,59,-1,45
1,<environment.Job instance at 0x7fd7304eb460>,45,22,[5 2],46,-1,68,-1,46
1,<environment.Job instance at 0x7fd7304ebdc0>,54,26,[7 1],55,-1,81,-1,55
1,<environment.Job instance at 0x7fd7309665a0>,55,18,[10  4],56,-1,79,-1,61
1,<environment.Job instance at 0x7fd7304ebd20>,44,16,[7 3],45,-1,85,-1,69
1,<environment.Job instance at 0x7fd72ffdfa50>,61,18,[4 9],62,-1,87,-1,69
1,<environment.Job instance at 0x7fd7305a0280>,65,16,[2 7],66,-1,87,-1,71
1,<environment.Job instance at 0x7fd730740870>,70,24,[10  5],71,-1,152,-1,128
1,<environment.Job instance at 0x7fd730740d20>,74,17,[10  3],75,-1,149,-1,132
1,<environment.Job instance at 0x7fd72f8d9be0>,79,15,[9 3],80,-1,147,-1,132
1,<environment.Job instance at 0x7fd730740050>,77,18,[6 4],78,-1,150,-1,132
1,<environment.Job instance at 0x7fd72f8e5050>,83,12,[4 8],84,-1,144,-1,132
1,<environment.Job instance at 0x7fd73961a4b0>,86,15,[4 7],87,-1,147,-1,132
1,<environment.Job instance at 0x7fd7307b96e0>,100,17,[5 9],101,-1,163,-1,146
1,<environment.Job instance at 0x7fd730547f00>,101,17,[9 4],102,-1,163,-1,146
1,<environment.Job instance at 0x7fd730a01960>,17,16,[11  5],18,-1,64,-1,48
1,<environment.Job instance at 0x7fd730452280>,21,3,[13  1],22,-1,68,-1,65
1,<environment.Job instance at 0x7fd730485640>,35,1,[ 3 12],36,-1,115,-1,114
1,<environment.Job instance at 0x7fd730457af0>,38,3,[ 5 12],39,-1,122,-1,119
1,<environment.Job instance at 0x7fd7304cf820>,46,1,[11  1],47,-1,161,-1,160
1,<environment.Job instance at 0x7fd7304cfd20>,50,13,[11  3],51,-1,186,-1,173
1,<environment.Job instance at 0x7fd7304cf280>,51,28,[7 5],52,-1,202,-1,174
1,<environment.Job instance at 0x7fd7304cfb40>,53,2,[14  5],54,-1,176,-1,174
1,<environment.Job instance at 0x7fd7304cf370>,54,26,[7 1],55,-1,202,-1,176
1,<environment.Job instance at 0x7fd72fa00050>,10,12,[10  4],11,-1,25,-1,13
1,<environment.Job instance at 0x7fd730802af0>,14,26,[10  2],15,-1,41,-1,15
1,<environment.Job instance at 0x7fd72fa001e0>,12,18,[ 5 10],13,-1,34,-1,16
1,<environment.Job instance at 0x7fd7308025f0>,16,16,[ 5 10],17,-1,34,-1,18
1,<environment.Job instance at 0x7fd730802aa0>,22,20,[5 2],23,-1,43,-1,23
1,<environment.Job instance at 0x7fd7308022d0>,23,14,[1 8],24,-1,38,-1,24
1,<environment.Job instance at 0x7fd730802a00>,24,12,[3 9],25,-1,37,-1,25
1,<environment.Job instance at 0x7fd7308025a0>,17,12,[6 2],18,-1,37,-1,25
1,<environment.Job instance at 0x7fd72f1b42d0>,36,20,[4 9],37,-1,57,-1,37
1,<environment.Job instance at 0x7fd72f1b4c80>,40,16,[6 2],41,-1,61,-1,45
1,<environment.Job instance at 0x7fd730248be0>,45,17,[4 9],46,-1,63,-1,46
1,<environment.Job instance at 0x7fd730248370>,47,13,[7 4],48,-1,61,-1,48
1,<environment.Job instance at 0x7fd730248410>,50,13,[10  1],51,-1,67,-1,54
1,<environment.Job instance at 0x7fd730248e60>,52,19,[4 7],53,-1,73,-1,54
1,<environment.Job instance at 0x7fd730248460>,53,25,[9 3],54,-1,82,-1,57
1,<environment.Job instance at 0x7fd730248d70>,57,18,[4 7],58,-1,76,-1,58
1,<environment.Job instance at 0x7fd730248870>,60,26,[9 4],61,-1,87,-1,61
1,<environment.Job instance at 0x7fd730248aa0>,58,17,[ 2 12],59,-1,79,-1,62
1,<environment.Job instance at 0x7fd72f237cd0>,63,18,[10  5],64,-1,82,-1,64
1,<environment.Job instance at 0x7fd730248a50>,49,27,[ 5 11],50,-1,101,-1,74
1,<environment.Job instance at 0x7fd72f237fa0>,68,24,[8 3],69,-1,100,-1,76
1,<environment.Job instance at 0x7fd72f237eb0>,72,15,[ 3 10],73,-1,91,-1,76
1,<environment.Job instance at 0x7fd72f237460>,74,17,[9 5],75,-1,94,-1,77
1,<environment.Job instance at 0x7fd72f237c80>,66,16,[5 2],67,-1,93,-1,77
1,<environment.Job instance at 0x7fd72f2373c0>,75,14,[2 9],76,-1,92,-1,78
1,<environment.Job instance at 0x7fd72f15a410>,78,2,[6 4],79,-1,81,-1,79
1,<environment.Job instance at 0x7fd730248f50>,56,19,[9 4],57,-1,99,-1,80
1,<environment.Job instance at 0x7fd72f15a5a0>,77,12,[ 3 10],78,-1,93,-1,81
1,<environment.Job instance at 0x7fd72f15aa00>,79,19,[2 9],80,-1,100,-1,81
1,<environment.Job instance at 0x7fd72f15a6e0>,84,13,[10  5],85,-1,103,-1,90
1,<environment.Job instance at 0x7fd72f15a780>,89,17,[8 4],90,-1,107,-1,90
1,<environment.Job instance at 0x7fd72f1e5f00>,93,26,[2 9],94,-1,127,-1,101
1,<environment.Job instance at 0x7fd72f15a960>,80,22,[1 9],81,-1,123,-1,101
1,<environment.Job instance at 0x7fd72f1e5dc0>,91,16,[2 6],92,-1,117,-1,101
1,<environment.Job instance at 0x7fd72f1e5eb0>,92,17,[8 1],93,-1,121,-1,104
1,<environment.Job instance at 0x7fd72ff9cbe0>,101,17,[13  5],102,-1,121,-1,104
1,<environment.Job instance at 0x7fd72f6d2230>,102,18,[6 4],103,-1,122,-1,104
1,<environment.Job instance at 0x7fd72ff9cb90>,103,18,[1 8],104,-1,126,-1,108
1,<environment.Job instance at 0x7fd72f1e57d0>,96,13,[12  4],97,-1,129,-1,116
1,<environment.Job instance at 0x7fd72ff9ccd0>,104,13,[2 8],105,-1,129,-1,116
1,<environment.Job instance at 0x7fd72ff8e820>,109,15,[8 4],110,-1,131,-1,116
1,<environment.Job instance at 0x7fd7309fcaa0>,114,16,[5 3],115,-1,132,-1,116
1,<environment.Job instance at 0x7fd73057f2d0>,110,1,[1 7],111,-1,117,-1,116
1,<environment.Job instance at 0x7fd72f246dc0>,116,1,[6 3],117,-1,118,-1,117
1,<environment.Job instance at 0x7fd730477910>,118,18,[5 6],119,-1,139,-1,121
1,<environment.Job instance at 0x7fd72f1b4460>,43,21,[5 7],44,-1,150,-1,129
1,<environment.Job instance at 0x7fd7305a22d0>,123,13,[4 7],124,-1,142,-1,129
1,<environment.Job instance at 0x7fd72f7a2b90>,125,16,[5 7],126,-1,145,-1,129
1,<environment.Job instance at 0x7fd7309c00a0>,115,13,[2 6],116,-1,142,-1,129
1,<environment.Job instance at 0x7fd7305a2280>,122,18,[7 3],123,-1,150,-1,132
1,<environment.Job instance at 0x7fd730134cd0>,129,23,[5 5],130,-1,155,-1,132
1,<environment.Job instance at 0x7fd730a415f0>,133,13,[10  3],134,-1,154,-1,141
1,<environment.Job instance at 0x7fd72fddb410>,134,17,[5 6],135,-1,160,-1,143
1,<environment.Job instance at 0x7fd72f1e5230>,95,17,[1 8],96,-1,160,-1,143
1,<environment.Job instance at 0x7fd7301d07d0>,135,24,[7 5],136,-1,167,-1,143
1,<environment.Job instance at 0x7fd730802f50>,1,3,[ 3 11],2,-1,5,-1,2
1,<environment.Job instance at 0x7fd730248690>,8,18,[ 4 12],9,-1,27,-1,9
1,<environment.Job instance at 0x7fd72f246d20>,14,26,[10  2],15,-1,50,-1,24
1,<environment.Job instance at 0x7fd72ff06910>,27,15,[13  3],28,-1,54,-1,39
1,<environment.Job instance at 0x7fd739488820>,41,2,[ 2 13],42,-1,72,-1,70
1,<environment.Job instance at 0x7fd72fae4730>,48,2,[12  1],49,-1,98,-1,96
1,<environment.Job instance at 0x7fd72f0197d0>,49,27,[ 5 11],50,-1,123,-1,96
1,<environment.Job instance at 0x7fd72f02f550>,53,25,[9 3],54,-1,136,-1,111
1,<environment.Job instance at 0x7fd730a29690>,58,17,[ 2 12],59,-1,132,-1,115
1,<environment.Job instance at 0x7fd73073b4b0>,60,26,[9 4],61,-1,153,-1,127
1,<environment.Job instance at 0x7fd72f57dfa0>,65,14,[13  2],66,-1,155,-1,141
1,<environment.Job instance at 0x7fd72f4875f0>,68,24,[8 3],69,-1,182,-1,158
1,<environment.Job instance at 0x7fd73061d9b0>,3,18,[4 9],4,-1,22,-1,4
1,<environment.Job instance at 0x7fd73061d5f0>,4,26,[7 4],5,-1,31,-1,5
1,<environment.Job instance at 0x7fd73061dc30>,8,16,[1 8],9,-1,25,-1,9
1,<environment.Job instance at 0x7fd72ffd80f0>,14,17,[10  4],15,-1,32,-1,15
1,<environment.Job instance at 0x7fd72f20e6e0>,25,15,[ 2 12],26,-1,43,-1,28
1,<environment.Job instance at 0x7fd72ffd8c30>,21,16,[8 1],22,-1,44,-1,28
1,<environment.Job instance at 0x7fd72f20e5f0>,29,15,[6 1],30,-1,45,-1,30
1,<environment.Job instance at 0x7fd72f20e870>,30,17,[2 8],31,-1,48,-1,31
1,<environment.Job instance at 0x7fd72f20e960>,32,12,[10  3],33,-1,45,-1,33
1,<environment.Job instance at 0x7fd72f20e140>,34,16,[6 3],35,-1,51,-1,35
1,<environment.Job instance at 0x7fd72ffd8320>,22,14,[ 2 12],23,-1,52,-1,38
1,<environment.Job instance at 0x7fd72f20ea00>,38,16,[10  3],39,-1,55,-1,39
1,<environment.Job instance at 0x7fd730869640>,39,15,[9 3],40,-1,55,-1,40
1,<environment.Job instance at 0x7fd730962500>,42,22,[6 2],43,-1,65,-1,43
1,<environment.Job instance at 0x7fd730962140>,43,16,[4 9],44,-1,60,-1,44
1,<environment.Job instance at 0x7fd730962cd0>,44,23,[6 5],45,-1,70,-1,47
1,<environment.Job instance at 0x7fd72fda7960>,51,12,[1 7],52,-1,64,-1,52
1,<environment.Job instance at 0x7fd72fda7eb0>,52,17,[1 6],53,-1,70,-1,53
1,<environment.Job instance at 0x7fd72fda7230>,53,21,[7 4],54,-1,75,-1,54
1,<environment.Job instance at 0x7fd72fda7af0>,55,15,[ 5 11],56,-1,76,-1,61
1,<environment.Job instance at 0x7fd730962dc0>,48,12,[ 3 10],49,-1,73,-1,61
1,<environment.Job instance at 0x7fd72fea7820>,61,16,[ 2 10],62,-1,78,-1,62
1,<environment.Job instance at 0x7fd72fea7460>,63,15,[10  1],64,-1,82,-1,67
1,<environment.Job instance at 0x7fd72fea7be0>,64,20,[5 9],65,-1,87,-1,67
1,<environment.Job instance at 0x7fd72fea7aa0>,67,15,[1 7],68,-1,84,-1,69
1,<environment.Job instance at 0x7fd72f601500>,69,27,[5 9],70,-1,97,-1,70
1,<environment.Job instance at 0x7fd72fea7910>,72,26,[ 1 10],73,-1,99,-1,73
1,<environment.Job instance at 0x7fd72fea7f00>,68,18,[5 6],69,-1,91,-1,73
1,<environment.Job instance at 0x7fd72f55a1e0>,73,28,[3 5],74,-1,103,-1,75
1,<environment.Job instance at 0x7fd72f55a410>,75,16,[10  2],76,-1,92,-1,76
1,<environment.Job instance at 0x7fd72f55a050>,77,12,[4 7],78,-1,90,-1,78
1,<environment.Job instance at 0x7fd72f55ac30>,74,16,[5 6],75,-1,94,-1,78
1,<environment.Job instance at 0x7fd72f55a910>,79,12,[ 5 10],80,-1,93,-1,81
1,<environment.Job instance at 0x7fd72f55a9b0>,80,20,[5 8],81,-1,101,-1,81
1,<environment.Job instance at 0x7fd72f38ceb0>,87,14,[8 3],88,-1,107,-1,93
1,<environment.Job instance at 0x7fd72f38c640>,92,16,[11  5],93,-1,109,-1,93
1,<environment.Job instance at 0x7fd730912e10>,94,18,[3 8],95,-1,115,-1,97
1,<environment.Job instance at 0x7fd72f38cdc0>,91,12,[7 5],92,-1,109,-1,97
1,<environment.Job instance at 0x7fd72f38c320>,88,14,[7 5],89,-1,114,-1,100
1,<environment.Job instance at 0x7fd730912be0>,96,14,[3 9],97,-1,115,-1,101
1,<environment.Job instance at 0x7fd72fea7640>,60,26,[5 7],61,-1,127,-1,101
1,<environment.Job instance at 0x7fd72f72dfa0>,100,14,[5 5],101,-1,115,-1,101
1,<environment.Job instance at 0x7fd72f72d870>,101,17,[2 9],102,-1,119,-1,102
1,<environment.Job instance at 0x7fd72f38cb40>,89,14,[ 1 13],90,-1,123,-1,109
1,<environment.Job instance at 0x7fd730424320>,106,12,[9 1],107,-1,121,-1,109
1,<environment.Job instance at 0x7fd7395a0870>,109,1,[6 1],110,-1,111,-1,110
1,<environment.Job instance at 0x7fd72f163aa0>,110,12,[3 8],111,-1,123,-1,111
1,<environment.Job instance at 0x7fd72f9c58c0>,99,3,[ 4 10],100,-1,115,-1,112
1,<environment.Job instance at 0x7fd72fe19cd0>,114,18,[6 3],115,-1,133,-1,115
1,<environment.Job instance at 0x7fd730328730>,115,23,[7 4],116,-1,139,-1,116
1,<environment.Job instance at 0x7fd72f42c2d0>,116,23,[5 6],117,-1,140,-1,117
1,<environment.Job instance at 0x7fd72fe567d0>,117,16,[2 6],118,-1,134,-1,118
1,<environment.Job instance at 0x7fd72fe56500>,118,25,[ 5 10],119,-1,144,-1,119
1,<environment.Job instance at 0x7fd7393cfa50>,120,17,[6 4],121,-1,138,-1,121
1,<environment.Job instance at 0x7fd72f060f50>,121,12,[ 5 11],122,-1,134,-1,122
1,<environment.Job instance at 0x7fd72f0605f0>,122,18,[9 5],123,-1,141,-1,123
1,<environment.Job instance at 0x7fd72fe3e3c0>,125,15,[9 5],126,-1,141,-1,126
1,<environment.Job instance at 0x7fd72fe8adc0>,134,17,[5 7],135,-1,152,-1,135
1,<environment.Job instance at 0x7fd7393701e0>,133,17,[ 5 12],134,-1,158,-1,141
1,<environment.Job instance at 0x7fd730474e10>,130,13,[6 5],131,-1,169,-1,156
1,<environment.Job instance at 0x7fd730992c30>,141,2,[1 9],142,-1,159,-1,157
1,<environment.Job instance at 0x7fd72ffd8280>,4,26,[7 4],5,-1,31,-1,5
1,<environment.Job instance at 0x7fd72fa003c0>,5,1,[12  3],6,-1,7,-1,6
1,<environment.Job instance at 0x7fd7300c1370>,18,16,[14  5],19,-1,37,-1,21
1,<environment.Job instance at 0x7fd730474730>,22,14,[ 2 12],23,-1,39,-1,25
1,<environment.Job instance at 0x7fd72fb26eb0>,25,15,[ 2 12],26,-1,52,-1,37
1,<environment.Job instance at 0x7fd72f69e410>,44,23,[6 5],45,-1,122,-1,99
1,<environment.Job instance at 0x7fd72f164be0>,55,15,[ 5 11],56,-1,145,-1,130
1,<environment.Job instance at 0x7fd72f8021e0>,60,26,[5 7],61,-1,172,-1,146
1,<environment.Job instance at 0x7fd72f26cdc0>,69,27,[5 9],70,-1,194,-1,167
1,<environment.Job instance at 0x7fd72f6c97d0>,72,26,[ 1 10],73,-1,193,-1,167
1,<environment.Job instance at 0x7fd72f56ae10>,73,28,[3 5],74,-1,195,-1,167
1,<environment.Job instance at 0x7fd7306c8b90>,0,17,[4 8],1,-1,18,-1,1
1,<environment.Job instance at 0x7fd7306c89b0>,1,17,[3 6],2,-1,19,-1,2
1,<environment.Job instance at 0x7fd72f4ded70>,2,17,[ 4 10],3,-1,21,-1,4
1,<environment.Job instance at 0x7fd72f4e04b0>,9,18,[5 5],10,-1,28,-1,10
1,<environment.Job instance at 0x7fd72f4e00f0>,11,18,[5 5],12,-1,30,-1,12
1,<environment.Job instance at 0x7fd72f4e06e0>,12,28,[5 1],13,-1,41,-1,13
1,<environment.Job instance at 0x7fd72f4e0a50>,16,17,[3 7],17,-1,34,-1,17
1,<environment.Job instance at 0x7fd72f4e0be0>,21,17,[ 4 10],22,-1,40,-1,23
1,<environment.Job instance at 0x7fd72f4e0f00>,22,1,[6 3],23,-1,25,-1,24
1,<environment.Job instance at 0x7fd72f504910>,32,16,[9 2],33,-1,57,-1,41
1,<environment.Job instance at 0x7fd72f504cd0>,38,26,[2 5],39,-1,67,-1,41
1,<environment.Job instance at 0x7fd72f504e60>,39,28,[4 8],40,-1,69,-1,41
1,<environment.Job instance at 0x7fd72f504870>,31,17,[6 1],32,-1,58,-1,41
1,<environment.Job instance at 0x7fd72f504e10>,40,28,[1 5],41,-1,69,-1,41
1,<environment.Job instance at 0x7fd72f4f50f0>,43,13,[10  1],44,-1,57,-1,44
1,<environment.Job instance at 0x7fd72f5049b0>,33,15,[5 8],34,-1,59,-1,44
1,<environment.Job instance at 0x7fd72f4f5780>,46,22,[7 4],47,-1,71,-1,49
1,<environment.Job instance at 0x7fd72f4f5960>,49,15,[3 6],50,-1,65,-1,50
1,<environment.Job instance at 0x7fd72f4f5870>,47,28,[ 1 10],48,-1,78,-1,50
1,<environment.Job instance at 0x7fd72f74eaf0>,58,14,[9 3],59,-1,73,-1,59
1,<environment.Job instance at 0x7fd72f4f5e10>,54,18,[ 2 10],55,-1,82,-1,64
1,<environment.Job instance at 0x7fd72fe6f820>,64,16,[5 8],65,-1,81,-1,65
1,<environment.Job instance at 0x7fd72fe6f640>,65,16,[2 7],66,-1,84,-1,68
1,<environment.Job instance at 0x7fd72fe6fdc0>,67,12,[10  4],68,-1,81,-1,69
1,<environment.Job instance at 0x7fd72f4f5550>,48,18,[5 5],49,-1,88,-1,70
1,<environment.Job instance at 0x7fd72fe6fd20>,68,12,[3 8],69,-1,82,-1,70
1,<environment.Job instance at 0x7fd72fe6f370>,70,13,[8 2],71,-1,84,-1,71
1,<environment.Job instance at 0x7fd72fe7daf0>,72,13,[1 7],73,-1,86,-1,73
1,<environment.Job instance at 0x7fd72fe6f320>,69,16,[ 3 10],70,-1,90,-1,74
1,<environment.Job instance at 0x7fd72f854050>,76,20,[10  4],77,-1,97,-1,77
1,<environment.Job instance at 0x7fd72f831f50>,85,17,[5 8],86,-1,103,-1,86
1,<environment.Job instance at 0x7fd72f84e370>,90,16,[8 2],91,-1,107,-1,91
1,<environment.Job instance at 0x7fd72f833820>,91,12,[9 4],92,-1,104,-1,92
1,<environment.Job instance at 0x7fd72f49a5f0>,79,13,[3 6],80,-1,106,-1,93
1,<environment.Job instance at 0x7fd72f833d20>,92,17,[5 5],93,-1,112,-1,95
1,<environment.Job instance at 0x7fd72f0de690>,75,13,[6 1],76,-1,111,-1,98
1,<environment.Job instance at 0x7fd72f833730>,93,24,[9 2],94,-1,122,-1,98
1,<environment.Job instance at 0x7fd7305d6cd0>,99,15,[10  5],100,-1,116,-1,101
1,<environment.Job instance at 0x7fd72fea45a0>,101,24,[2 6],102,-1,126,-1,102
1,<environment.Job instance at 0x7fd72fe69140>,102,15,[4 9],103,-1,118,-1,103
1,<environment.Job instance at 0x7fd72f84ddc0>,109,16,[ 1 10],110,-1,126,-1,110
1,<environment.Job instance at 0x7fd72f84dbe0>,114,17,[11  5],115,-1,133,-1,116
1,<environment.Job instance at 0x7fd72fe69aa0>,106,15,[6 4],107,-1,133,-1,118
1,<environment.Job instance at 0x7fd72f84d870>,119,14,[5 9],120,-1,137,-1,123
1,<environment.Job instance at 0x7fd72f84d320>,115,15,[ 2 12],116,-1,140,-1,125
1,<environment.Job instance at 0x7fd72f84deb0>,116,12,[10  3],117,-1,138,-1,126
1,<environment.Job instance at 0x7fd72fd93730>,122,18,[10  3],123,-1,145,-1,127
1,<environment.Job instance at 0x7fd72fd93500>,124,24,[5 8],125,-1,151,-1,127
1,<environment.Job instance at 0x7fd72fd937d0>,126,24,[10  2],127,-1,157,-1,133
1,<environment.Job instance at 0x7fd72f84dc80>,113,21,[5 4],114,-1,156,-1,135
1,<environment.Job instance at 0x7fd72fd93960>,127,18,[3 8],128,-1,153,-1,135
1,<environment.Job instance at 0x7fd72fd93780>,133,17,[7 2],134,-1,153,-1,136
1,<environment.Job instance at 0x7fd72fd93e10>,134,18,[1 8],135,-1,154,-1,136
1,<environment.Job instance at 0x7fd72fe8caf0>,136,23,[9 5],137,-1,160,-1,137
1,<environment.Job instance at 0x7fd72fe8ce60>,137,18,[1 8],138,-1,156,-1,138
1,<environment.Job instance at 0x7fd72fe91cd0>,139,17,[6 3],140,-1,157,-1,140
1,<environment.Job instance at 0x7fd72fe82960>,142,18,[1 6],143,-1,161,-1,143
1,<environment.Job instance at 0x7fd72fe82550>,143,17,[10  3],144,-1,163,-1,146
1,<environment.Job instance at 0x7fd72fd65f50>,145,16,[7 4],146,-1,163,-1,147
1,<environment.Job instance at 0x7fd72f504f50>,4,1,[ 1 11],5,-1,6,-1,5
1,<environment.Job instance at 0x7fd72f504190>,5,1,[ 3 14],6,-1,7,-1,6
1,<environment.Job instance at 0x7fd72f4f5b90>,12,28,[5 1],13,-1,48,-1,20
1,<environment.Job instance at 0x7fd72f833dc0>,19,13,[ 1 13],20,-1,55,-1,42
1,<environment.Job instance at 0x7fd7305d7870>,24,23,[2 9],25,-1,70,-1,47
1,<environment.Job instance at 0x7fd72f84d0a0>,26,3,[14  4],27,-1,50,-1,47
1,<environment.Job instance at 0x7fd73063ee60>,38,26,[2 5],39,-1,123,-1,97
1,<environment.Job instance at 0x7fd73063e910>,40,28,[1 5],41,-1,128,-1,100
1,<environment.Job instance at 0x7fd73063ebe0>,39,28,[4 8],40,-1,138,-1,110
1,<environment.Job instance at 0x7fd738f6c0f0>,47,28,[ 1 10],48,-1,146,-1,118
1,<environment.Job instance at 0x7fd7307e8960>,0,16,[10  3],1,-1,20,-1,4
1,<environment.Job instance at 0x7fd7307e84b0>,3,12,[9 4],4,-1,16,-1,4
1,<environment.Job instance at 0x7fd72f01fd70>,10,14,[11  5],11,-1,25,-1,11
1,<environment.Job instance at 0x7fd72f01f0f0>,12,17,[3 8],13,-1,30,-1,13
1,<environment.Job instance at 0x7fd72f01ffa0>,13,14,[4 9],14,-1,28,-1,14
1,<environment.Job instance at 0x7fd72f01f050>,14,28,[4 7],15,-1,43,-1,15
1,<environment.Job instance at 0x7fd72f01f190>,15,13,[ 3 10],16,-1,29,-1,16
1,<environment.Job instance at 0x7fd7309419b0>,18,14,[10  3],19,-1,34,-1,20
1,<environment.Job instance at 0x7fd730941230>,19,18,[8 2],20,-1,38,-1,20
1,<environment.Job instance at 0x7fd730941550>,21,17,[5 4],22,-1,42,-1,25
1,<environment.Job instance at 0x7fd7309415a0>,26,18,[10  1],27,-1,49,-1,31
1,<environment.Job instance at 0x7fd730191460>,33,17,[7 3],34,-1,52,-1,35
1,<environment.Job instance at 0x7fd730191960>,36,12,[4 6],37,-1,49,-1,37
1,<environment.Job instance at 0x7fd730191780>,37,18,[3 9],38,-1,56,-1,38
1,<environment.Job instance at 0x7fd730191f50>,43,17,[10  3],44,-1,61,-1,44
1,<environment.Job instance at 0x7fd730785eb0>,44,15,[6 3],45,-1,64,-1,49
1,<environment.Job instance at 0x7fd730785460>,47,22,[10  4],48,-1,71,-1,49
1,<environment.Job instance at 0x7fd7307858c0>,48,21,[7 1],49,-1,70,-1,49
1,<environment.Job instance at 0x7fd730941cd0>,30,17,[3 8],31,-1,70,-1,53
1,<environment.Job instance at 0x7fd730785230>,52,21,[5 3],53,-1,74,-1,53
1,<environment.Job instance at 0x7fd7307e21e0>,54,15,[4 8],55,-1,70,-1,55
1,<environment.Job instance at 0x7fd730785aa0>,46,16,[2 9],47,-1,76,-1,60
1,<environment.Job instance at 0x7fd7305c1730>,60,14,[12  5],61,-1,83,-1,69
1,<environment.Job instance at 0x7fd7305c1be0>,62,13,[2 6],63,-1,85,-1,72
1,<environment.Job instance at 0x7fd7305c1c30>,63,17,[6 4],64,-1,89,-1,72
1,<environment.Job instance at 0x7fd7305c18c0>,66,21,[10  2],67,-1,93,-1,72
1,<environment.Job instance at 0x7fd7305c1320>,67,15,[5 1],68,-1,100,-1,85
1,<environment.Job instance at 0x7fd72ff26a50>,74,16,[8 4],75,-1,103,-1,87
1,<environment.Job instance at 0x7fd7305c1b40>,72,15,[3 8],73,-1,102,-1,87
1,<environment.Job instance at 0x7fd72ff26e60>,77,14,[7 4],78,-1,101,-1,87
1,<environment.Job instance at 0x7fd72ff260f0>,76,14,[ 2 10],77,-1,101,-1,87
1,<environment.Job instance at 0x7fd72ff26370>,80,25,[ 4 10],81,-1,112,-1,87
1,<environment.Job instance at 0x7fd72ff264b0>,81,22,[9 1],82,-1,109,-1,87
1,<environment.Job instance at 0x7fd72ff267d0>,82,14,[7 5],83,-1,102,-1,88
1,<environment.Job instance at 0x7fd72ff26460>,85,18,[2 9],86,-1,108,-1,90
1,<environment.Job instance at 0x7fd72ff262d0>,84,14,[ 2 11],85,-1,104,-1,90
1,<environment.Job instance at 0x7fd72ff26730>,75,12,[6 4],76,-1,109,-1,97
1,<environment.Job instance at 0x7fd72ff26640>,87,19,[ 2 10],88,-1,116,-1,97
1,<environment.Job instance at 0x7fd7309413c0>,28,16,[7 1],29,-1,113,-1,97
1,<environment.Job instance at 0x7fd72ff26c30>,88,13,[5 2],89,-1,110,-1,97
1,<environment.Job instance at 0x7fd72ff268c0>,86,18,[10  3],87,-1,116,-1,98
1,<environment.Job instance at 0x7fd7305c7d70>,94,16,[2 8],95,-1,126,-1,110
1,<environment.Job instance at 0x7fd7305c7410>,101,14,[4 8],102,-1,125,-1,111
1,<environment.Job instance at 0x7fd7305c73c0>,99,16,[5 5],100,-1,127,-1,111
1,<environment.Job instance at 0x7fd73062c7d0>,106,16,[12  5],107,-1,127,-1,111
1,<environment.Job instance at 0x7fd7305c77d0>,97,17,[ 5 10],98,-1,131,-1,114
1,<environment.Job instance at 0x7fd73062caf0>,109,28,[4 8],110,-1,142,-1,114
1,<environment.Job instance at 0x7fd73062cc30>,110,13,[1 8],111,-1,127,-1,114
1,<environment.Job instance at 0x7fd730953a00>,111,13,[8 2],112,-1,128,-1,115
1,<environment.Job instance at 0x7fd738f1f4b0>,115,18,[7 4],116,-1,134,-1,116
1,<environment.Job instance at 0x7fd72fbaf910>,125,17,[4 6],126,-1,151,-1,134
1,<environment.Job instance at 0x7fd72f0d3d20>,132,17,[ 1 10],133,-1,152,-1,135
1,<environment.Job instance at 0x7fd72fbaf190>,126,15,[10  5],127,-1,151,-1,136
1,<environment.Job instance at 0x7fd72f89ca50>,137,17,[9 4],138,-1,181,-1,164
1,<environment.Job instance at 0x7fd72ff26500>,10,14,[11  5],11,-1,31,-1,17
1,<environment.Job instance at 0x7fd739326190>,14,28,[4 7],15,-1,59,-1,31
1,<environment.Job instance at 0x7fd72f246d20>,20,24,[9 4],21,-1,79,-1,55
1,<environment.Job instance at 0x7fd72fe52280>,23,2,[12  3],24,-1,57,-1,55
1,<environment.Job instance at 0x7fd7307e80f0>,31,16,[12  1],32,-1,107,-1,91
1,<environment.Job instance at 0x7fd72f7accd0>,1,16,[1 7],2,-1,18,-1,2
1,<environment.Job instance at 0x7fd72f7ac0a0>,3,19,[3 9],4,-1,23,-1,4
1,<environment.Job instance at 0x7fd72f7ac460>,5,17,[9 1],6,-1,24,-1,7
1,<environment.Job instance at 0x7fd72f7acd70>,7,14,[5 6],8,-1,22,-1,8
1,<environment.Job instance at 0x7fd72f7ac690>,9,18,[5 3],10,-1,28,-1,10
1,<environment.Job instance at 0x7fd72f2de780>,11,20,[10  2],12,-1,32,-1,12
1,<environment.Job instance at 0x7fd72f2de870>,14,14,[ 3 10],15,-1,29,-1,15
1,<environment.Job instance at 0x7fd72f2def00>,17,18,[1 8],18,-1,36,-1,18
1,<environment.Job instance at 0x7fd72f2dec30>,20,18,[8 3],21,-1,39,-1,21
1,<environment.Job instance at 0x7fd73020fb90>,28,27,[6 3],29,-1,56,-1,29
1,<environment.Job instance at 0x7fd73020f780>,31,16,[5 5],32,-1,48,-1,32
1,<environment.Job instance at 0x7fd73020fd70>,33,13,[3 7],34,-1,56,-1,43
1,<environment.Job instance at 0x7fd73020f9b0>,40,23,[5 8],41,-1,67,-1,44
1,<environment.Job instance at 0x7fd73020f640>,34,15,[7 4],35,-1,59,-1,44
1,<environment.Job instance at 0x7fd73020fc30>,41,12,[8 5],42,-1,56,-1,44
1,<environment.Job instance at 0x7fd7309004b0>,68,28,[9 5],69,-1,170,-1,142
1,<environment.Job instance at 0x7fd73020f280>,37,17,[4 9],38,-1,179,-1,162
1,<environment.Job instance at 0x7fd730900820>,76,22,[4 9],77,-1,184,-1,162
1,<environment.Job instance at 0x7fd7309001e0>,82,18,[7 3],83,-1,181,-1,163
1,<environment.Job instance at 0x7fd730900320>,85,14,[8 2],86,-1,180,-1,166
1,<environment.Job instance at 0x7fd72f7293c0>,0,1,[13  1],1,-1,2,-1,1
1,<environment.Job instance at 0x7fd72f300dc0>,13,15,[ 3 14],14,-1,38,-1,23
1,<environment.Job instance at 0x7fd7395a6b90>,18,3,[13  1],19,-1,38,-1,35
1,<environment.Job instance at 0x7fd72f367910>,25,15,[14  4],26,-1,59,-1,44
1,<environment.Job instance at 0x7fd72f2466e0>,29,27,[3 5],30,-1,84,-1,57
1,<environment.Job instance at 0x7fd72f89c280>,28,27,[6 3],29,-1,85,-1,58
1,<environment.Job instance at 0x7fd730224be0>,32,2,[12  2],33,-1,60,-1,58
1,<environment.Job instance at 0x7fd7305c7780>,40,23,[5 8],41,-1,111,-1,88
1,<environment.Job instance at 0x7fd73020ffa0>,47,12,[ 2 14],48,-1,125,-1,113
1,<environment.Job instance at 0x7fd72f874910>,7,17,[10  4],8,-1,25,-1,8
1,<environment.Job instance at 0x7fd72f874370>,8,17,[9 3],9,-1,27,-1,10
1,<environment.Job instance at 0x7fd72f874730>,10,16,[ 1 10],11,-1,27,-1,11
1,<environment.Job instance at 0x7fd72fd99230>,11,13,[4 5],12,-1,25,-1,12
1,<environment.Job instance at 0x7fd72fd34910>,9,18,[2 7],10,-1,30,-1,12
1,<environment.Job instance at 0x7fd72fd99370>,13,23,[5 6],14,-1,37,-1,14
1,<environment.Job instance at 0x7fd72fd99730>,16,16,[10  2],17,-1,34,-1,18
1,<environment.Job instance at 0x7fd72fd995f0>,17,13,[5 5],18,-1,32,-1,19
1,<environment.Job instance at 0x7fd72fd99b40>,19,17,[10  1],20,-1,41,-1,24
1,<environment.Job instance at 0x7fd72fd99d20>,22,14,[9 2],23,-1,38,-1,24
1,<environment.Job instance at 0x7fd72f3303c0>,27,14,[10  2],28,-1,43,-1,29
1,<environment.Job instance at 0x7fd72f330370>,29,15,[4 9],30,-1,45,-1,30
1,<environment.Job instance at 0x7fd72f330500>,30,1,[4 8],31,-1,32,-1,31
1,<environment.Job instance at 0x7fd72f330410>,28,15,[5 3],29,-1,46,-1,31
1,<environment.Job instance at 0x7fd72f330190>,31,17,[9 4],32,-1,50,-1,33
1,<environment.Job instance at 0x7fd72f330640>,35,16,[3 7],36,-1,52,-1,36
1,<environment.Job instance at 0x7fd72f330a50>,36,13,[9 1],37,-1,51,-1,38
1,<environment.Job instance at 0x7fd72f330820>,37,18,[10  3],38,-1,56,-1,38
1,<environment.Job instance at 0x7fd72f3460f0>,44,24,[4 8],45,-1,69,-1,45
1,<environment.Job instance at 0x7fd72f3465f0>,47,18,[3 6],48,-1,67,-1,49
1,<environment.Job instance at 0x7fd72f346640>,48,14,[10  1],49,-1,63,-1,49
1,<environment.Job instance at 0x7fd72f321be0>,76,26,[3 5],77,-1,174,-1,148
1,<environment.Job instance at 0x7fd72f321c30>,77,24,[9 4],78,-1,172,-1,148
1,<environment.Job instance at 0x7fd72f3468c0>,53,17,[ 5 12],54,-1,166,-1,149
1,<environment.Job instance at 0x7fd72f346a50>,54,18,[ 4 13],55,-1,167,-1,149
1,<environment.Job instance at 0x7fd72f321f00>,81,14,[6 4],82,-1,164,-1,150
1,<environment.Job instance at 0x7fd72fdb9280>,85,18,[ 3 10],86,-1,176,-1,158
1,<environment.Job instance at 0x7fd72fdd7d70>,92,13,[9 5],93,-1,177,-1,164
1,<environment.Job instance at 0x7fd72f025e10>,93,12,[ 3 10],94,-1,176,-1,164
1,<environment.Job instance at 0x7fd7309d9eb0>,97,17,[8 4],98,-1,183,-1,166
1,<environment.Job instance at 0x7fd72f3217d0>,70,21,[9 2],71,-1,187,-1,166
1,<environment.Job instance at 0x7fd738f3f140>,1,1,[12  1],2,-1,3,-1,2
1,<environment.Job instance at 0x7fd738f3faa0>,3,3,[ 3 12],4,-1,7,-1,4
1,<environment.Job instance at 0x7fd72f74c7d0>,13,23,[5 6],14,-1,48,-1,25
1,<environment.Job instance at 0x7fd730758140>,20,2,[13  2],21,-1,40,-1,38
1,<environment.Job instance at 0x7fd730a01f00>,23,1,[14  1],24,-1,43,-1,42
1,<environment.Job instance at 0x7fd730634af0>,38,2,[ 4 11],39,-1,106,-1,104
1,<environment.Job instance at 0x7fd72f7acf50>,40,12,[ 1 14],41,-1,118,-1,106
1,<environment.Job instance at 0x7fd72f93eb90>,42,2,[ 1 14],43,-1,121,-1,119
1,<environment.Job instance at 0x7fd72f93e3c0>,44,24,[4 8],45,-1,145,-1,121
1,<environment.Job instance at 0x7fd72fe52910>,46,23,[9 2],47,-1,156,-1,133
1,<environment.Job instance at 0x7fd7306b5eb0>,49,27,[ 5 10],50,-1,180,-1,153
1,<environment.Job instance at 0x7fd730869640>,50,28,[8 5],51,-1,192,-1,164
1,<environment.Job instance at 0x7fd72fa0f910>,53,17,[ 5 12],54,-1,181,-1,164
1,<environment.Job instance at 0x7fd73046deb0>,54,18,[ 4 13],55,-1,182,-1,164
1,<environment.Job instance at 0x7fd72fa33c30>,1,19,[10  5],2,-1,21,-1,2
1,<environment.Job instance at 0x7fd72fc0fd70>,7,13,[ 1 10],8,-1,22,-1,9
1,<environment.Job instance at 0x7fd72fc0f8c0>,9,17,[2 5],10,-1,27,-1,10
1,<environment.Job instance at 0x7fd72fc0f870>,10,13,[ 2 10],11,-1,25,-1,12
1,<environment.Job instance at 0x7fd72fc0f730>,12,13,[5 5],13,-1,26,-1,13
1,<environment.Job instance at 0x7fd72fc0f280>,13,12,[5 2],14,-1,26,-1,14
1,<environment.Job instance at 0x7fd72fc0fcd0>,14,1,[3 7],15,-1,16,-1,15
1,<environment.Job instance at 0x7fd72fc0f4b0>,16,18,[3 7],17,-1,35,-1,17
1,<environment.Job instance at 0x7fd72fc0feb0>,18,12,[2 6],19,-1,31,-1,19
1,<environment.Job instance at 0x7fd72fc0faf0>,19,18,[6 5],20,-1,38,-1,20
1,<environment.Job instance at 0x7fd72fc0fa00>,20,15,[5 5],21,-1,36,-1,21
1,<environment.Job instance at 0x7fd72fc0f550>,21,3,[8 1],22,-1,25,-1,22
1,<environment.Job instance at 0x7fd730621e10>,22,14,[4 6],23,-1,37,-1,23
1,<environment.Job instance at 0x7fd72fc0fc30>,11,18,[4 5],12,-1,42,-1,24
1,<environment.Job instance at 0x7fd72fc0f230>,24,24,[5 9],25,-1,49,-1,25
1,<environment.Job instance at 0x7fd72f544d70>,25,18,[1 6],26,-1,44,-1,26
1,<environment.Job instance at 0x7fd72f52c4b0>,26,28,[9 5],27,-1,55,-1,27
1,<environment.Job instance at 0x7fd72f259be0>,31,18,[9 3],32,-1,50,-1,32
1,<environment.Job instance at 0x7fd72f319a00>,32,17,[4 8],33,-1,50,-1,33
1,<environment.Job instance at 0x7fd72f319780>,33,18,[8 3],34,-1,52,-1,34
1,<environment.Job instance at 0x7fd72f319a50>,35,15,[2 7],36,-1,51,-1,36
1,<environment.Job instance at 0x7fd72f0b6280>,39,12,[1 7],40,-1,52,-1,40
1,<environment.Job instance at 0x7fd72f3f3820>,43,18,[2 6],44,-1,62,-1,44
1,<environment.Job instance at 0x7fd730748690>,47,18,[3 8],48,-1,66,-1,48
1,<environment.Job instance at 0x7fd7307486e0>,49,15,[10  3],50,-1,65,-1,50
1,<environment.Job instance at 0x7fd7309e3640>,51,17,[9 5],52,-1,69,-1,52
1,<environment.Job instance at 0x7fd7309e3780>,52,19,[1 5],53,-1,72,-1,53
1,<environment.Job instance at 0x7fd7309e3230>,55,16,[ 4 10],56,-1,72,-1,56
1,<environment.Job instance at 0x7fd72fe370f0>,58,16,[8 1],59,-1,75,-1,59
1,<environment.Job instance at 0x7fd72fe37a00>,59,14,[9 3],60,-1,74,-1,60
1,<environment.Job instance at 0x7fd72fe37190>,60,12,[3 6],61,-1,73,-1,61
1,<environment.Job instance at 0x7fd72fe37b90>,61,14,[7 4],62,-1,76,-1,62
1,<environment.Job instance at 0x7fd72fe373c0>,62,12,[2 8],63,-1,76,-1,64
1,<environment.Job instance at 0x7fd72fb07a50>,64,15,[5 2],65,-1,80,-1,65
1,<environment.Job instance at 0x7fd739476fa0>,63,23,[5 6],64,-1,88,-1,65
1,<environment.Job instance at 0x7fd72f4d0e10>,68,28,[3 8],69,-1,98,-1,70
1,<environment.Job instance at 0x7fd72f4d0b40>,69,16,[ 5 10],70,-1,86,-1,70
1,<environment.Job instance at 0x7fd72f0d3230>,70,13,[2 9],71,-1,87,-1,74
1,<environment.Job instance at 0x7fd72f626e10>,74,28,[8 5],75,-1,103,-1,75
1,<environment.Job instance at 0x7fd72f7d3910>,76,23,[3 7],77,-1,100,-1,77
1,<environment.Job instance at 0x7fd72f80c780>,77,24,[2 9],78,-1,102,-1,78
1,<environment.Job instance at 0x7fd72f80c9b0>,78,17,[8 1],79,-1,96,-1,79
1,<environment.Job instance at 0x7fd72f80cc30>,79,22,[5 3],80,-1,102,-1,80
1,<environment.Job instance at 0x7fd72f80c370>,80,15,[7 4],81,-1,96,-1,81
1,<environment.Job instance at 0x7fd72f80c5a0>,84,20,[1 9],85,-1,105,-1,85
1,<environment.Job instance at 0x7fd72fbfc640>,88,17,[1 8],89,-1,106,-1,89
1,<environment.Job instance at 0x7fd72f0efeb0>,91,16,[5 8],92,-1,108,-1,92
1,<environment.Job instance at 0x7fd72f328cd0>,93,26,[6 4],94,-1,120,-1,94
1,<environment.Job instance at 0x7fd72fe52370>,24,24,[5 9],25,-1,102,-1,78
1,<environment.Job instance at 0x7fd72fdc6870>,26,28,[9 5],27,-1,106,-1,78
1,<environment.Job instance at 0x7fd73046d820>,2,17,[7 2],3,-1,21,-1,4
1,<environment.Job instance at 0x7fd73046d410>,4,13,[2 8],5,-1,18,-1,5
1,<environment.Job instance at 0x7fd72ffd3e10>,3,14,[7 2],4,-1,19,-1,5
1,<environment.Job instance at 0x7fd72fb6c1e0>,6,12,[ 4 10],7,-1,19,-1,7
1,<environment.Job instance at 0x7fd72fb6c6e0>,7,14,[9 4],8,-1,22,-1,8
1,<environment.Job instance at 0x7fd72fb6c640>,8,18,[8 3],9,-1,27,-1,9
1,<environment.Job instance at 0x7fd72fb6c3c0>,9,16,[ 4 10],10,-1,26,-1,10
1,<environment.Job instance at 0x7fd72fb6cf50>,12,18,[3 8],13,-1,31,-1,13
1,<environment.Job instance at 0x7fd72ff25410>,15,25,[8 3],16,-1,41,-1,16
1,<environment.Job instance at 0x7fd72fb6c9b0>,20,16,[5 1],21,-1,37,-1,21
1,<environment.Job instance at 0x7fd72f4d0fa0>,26,19,[4 6],27,-1,46,-1,27
1,<environment.Job instance at 0x7fd72f4d0690>,29,21,[ 5 10],30,-1,53,-1,32
1,<environment.Job instance at 0x7fd72f4d04b0>,33,21,[5 5],34,-1,55,-1,34
1,<environment.Job instance at 0x7fd72f77fd70>,37,16,[6 5],38,-1,54,-1,38
1,<environment.Job instance at 0x7fd72f77f640>,38,12,[9 5],39,-1,51,-1,39
1,<environment.Job instance at 0x7fd72f77fdc0>,39,12,[ 5 10],40,-1,52,-1,40
1,<environment.Job instance at 0x7fd72f77f230>,40,18,[9 1],41,-1,59,-1,41
1,<environment.Job instance at 0x7fd72f4d0d20>,31,18,[1 9],32,-1,59,-1,41
1,<environment.Job instance at 0x7fd72fb27f00>,43,27,[4 6],44,-1,71,-1,44
1,<environment.Job instance at 0x7fd7300b1f00>,45,17,[10  2],46,-1,64,-1,47
1,<environment.Job instance at 0x7fd7300b1870>,47,2,[3 5],48,-1,50,-1,48
1,<environment.Job instance at 0x7fd7300b1230>,48,14,[5 1],49,-1,63,-1,49
1,<environment.Job instance at 0x7fd7300b1b40>,49,12,[6 2],50,-1,62,-1,50
1,<environment.Job instance at 0x7fd730529500>,46,16,[ 5 10],47,-1,66,-1,50
1,<environment.Job instance at 0x7fd730909d20>,56,16,[4 8],57,-1,73,-1,57
1,<environment.Job instance at 0x7fd730909910>,57,28,[8 2],58,-1,86,-1,58
1,<environment.Job instance at 0x7fd730909690>,58,22,[5 8],59,-1,81,-1,59
1,<environment.Job instance at 0x7fd730909960>,59,15,[8 3],60,-1,76,-1,61
1,<environment.Job instance at 0x7fd7300b14b0>,60,18,[7 4],61,-1,79,-1,61
1,<environment.Job instance at 0x7fd7306b17d0>,65,18,[5 9],66,-1,84,-1,66
1,<environment.Job instance at 0x7fd7306b1fa0>,67,18,[7 1],68,-1,86,-1,68
1,<environment.Job instance at 0x7fd73932a870>,69,17,[6 3],70,-1,90,-1,73
1,<environment.Job instance at 0x7fd73004e190>,76,16,[3 5],77,-1,93,-1,77
1,<environment.Job instance at 0x7fd7305b21e0>,78,14,[6 1],79,-1,93,-1,79
1,<environment.Job instance at 0x7fd72f0b5d70>,71,15,[14  2],72,-1,102,-1,87
1,<environment.Job instance at 0x7fd73007ef00>,86,21,[8 5],87,-1,110,-1,89
1,<environment.Job instance at 0x7fd73007efa0>,88,12,[10  2],89,-1,102,-1,90
1,<environment.Job instance at 0x7fd73007e8c0>,89,28,[3 6],90,-1,118,-1,90
1,<environment.Job instance at 0x7fd73007eaa0>,87,14,[1 5],88,-1,104,-1,90
1,<environment.Job instance at 0x7fd73007ea50>,90,26,[6 1],91,-1,117,-1,91
1,<environment.Job instance at 0x7fd72f0b5230>,72,14,[10  1],73,-1,108,-1,94
1,<environment.Job instance at 0x7fd73035b8c0>,95,12,[8 2],96,-1,113,-1,101
1,<environment.Job instance at 0x7fd72f8e56e0>,103,25,[3 7],104,-1,129,-1,104
1,<environment.Job instance at 0x7fd72f019870>,108,18,[3 7],109,-1,128,-1,110
1,<environment.Job instance at 0x7fd730560f00>,115,26,[7 2],116,-1,171,-1,145
1,<environment.Job instance at 0x7fd7305608c0>,114,18,[6 3],115,-1,164,-1,146
1,<environment.Job instance at 0x7fd72ff25f50>,15,25,[8 3],16,-1,73,-1,48
1,<environment.Job instance at 0x7fd72ff250f0>,18,12,[ 2 12],19,-1,63,-1,51
1,<environment.Job instance at 0x7fd72fe69230>,43,27,[4 6],44,-1,145,-1,118
1,<environment.Job instance at 0x7fd738f8c140>,50,3,[ 1 14],51,-1,152,-1,149
1,<environment.Job instance at 0x7fd72f1054b0>,54,1,[ 2 11],55,-1,168,-1,167
1,<environment.Job instance at 0x7fd72f520050>,57,28,[8 2],58,-1,205,-1,177
1,<environment.Job instance at 0x7fd73082ffa0>,3,19,[5 5],4,-1,23,-1,4
1,<environment.Job instance at 0x7fd7300a7cd0>,4,16,[1 7],5,-1,21,-1,5
1,<environment.Job instance at 0x7fd72fbeae60>,8,15,[4 7],9,-1,24,-1,9
1,<environment.Job instance at 0x7fd72fbea910>,10,17,[9 5],11,-1,28,-1,11
1,<environment.Job instance at 0x7fd72fbeaeb0>,11,14,[5 4],12,-1,26,-1,12
1,<environment.Job instance at 0x7fd72fbeadc0>,12,12,[1 5],13,-1,26,-1,14
1,<environment.Job instance at 0x7fd72fbea820>,14,14,[9 2],15,-1,29,-1,15
1,<environment.Job instance at 0x7fd72f33e960>,15,3,[ 4 13],16,-1,19,-1,16
1,<environment.Job instance at 0x7fd72f52e960>,16,28,[2 6],17,-1,45,-1,17
1,<environment.Job instance at 0x7fd72f52e1e0>,17,15,[3 7],18,-1,33,-1,18
1,<environment.Job instance at 0x7fd72f52eaf0>,19,26,[10  1],20,-1,46,-1,20
1,<environment.Job instance at 0x7fd73047b410>,13,20,[1 7],14,-1,40,-1,20
1,<environment.Job instance at 0x7fd72f52e8c0>,21,16,[9 2],22,-1,38,-1,22
1,<environment.Job instance at 0x7fd72f52e190>,22,14,[2 8],23,-1,37,-1,23
1,<environment.Job instance at 0x7fd72ffdc5a0>,25,16,[7 4],26,-1,42,-1,26
1,<environment.Job instance at 0x7fd72f31aaa0>,29,18,[7 3],30,-1,48,-1,30
1,<environment.Job instance at 0x7fd730979f50>,32,16,[1 7],33,-1,49,-1,33
1,<environment.Job instance at 0x7fd7305297d0>,39,28,[ 4 10],40,-1,68,-1,40
1,<environment.Job instance at 0x7fd7307f3730>,46,17,[9 2],47,-1,88,-1,71
1,<environment.Job instance at 0x7fd7303fb550>,57,18,[10  1],58,-1,138,-1,120
1,<environment.Job instance at 0x7fd7306241e0>,61,17,[1 7],62,-1,137,-1,120
1,<environment.Job instance at 0x7fd730624230>,60,23,[7 1],61,-1,143,-1,120
1,<environment.Job instance at 0x7fd730043550>,38,26,[5 7],39,-1,162,-1,136
1,<environment.Job instance at 0x7fd730624c30>,68,14,[3 9],69,-1,150,-1,136
1,<environment.Job instance at 0x7fd730758780>,73,18,[5 9],74,-1,156,-1,138
1,<environment.Job instance at 0x7fd730758410>,77,18,[3 5],78,-1,171,-1,153
1,<environment.Job instance at 0x7fd739334050>,52,14,[5 8],53,-1,171,-1,157
1,<environment.Job instance at 0x7fd730624dc0>,65,21,[5 2],66,-1,178,-1,157
1,<environment.Job instance at 0x7fd730758370>,83,17,[5 5],84,-1,174,-1,157
1,<environment.Job instance at 0x7fd730758820>,85,13,[5 5],86,-1,183,-1,170
1,<environment.Job instance at 0x7fd72f162550>,47,12,[6 5],48,-1,182,-1,170
1,<environment.Job instance at 0x7fd730a39af0>,88,18,[2 5],89,-1,188,-1,170
1,<environment.Job instance at 0x7fd730a39730>,89,13,[4 9],90,-1,183,-1,170
1,<environment.Job instance at 0x7fd730a39640>,91,17,[1 5],92,-1,193,-1,176
1,<environment.Job instance at 0x7fd730a390a0>,94,14,[12  1],95,-1,190,-1,176
1,<environment.Job instance at 0x7fd730624690>,69,14,[2 5],70,-1,190,-1,176
1,<environment.Job instance at 0x7fd730a39910>,99,16,[9 2],100,-1,192,-1,176
1,<environment.Job instance at 0x7fd730a39280>,97,15,[10  3],98,-1,191,-1,176
1,<environment.Job instance at 0x7fd730a393c0>,101,14,[ 2 10],102,-1,190,-1,176
1,<environment.Job instance at 0x7fd730a399b0>,102,21,[2 7],103,-1,197,-1,176
1,<environment.Job instance at 0x7fd730a39690>,103,14,[5 6],104,-1,190,-1,176
1,<environment.Job instance at 0x7fd730a39e10>,104,17,[9 4],105,-1,194,-1,177
1,<environment.Job instance at 0x7fd72f6535f0>,106,24,[7 1],107,-1,202,-1,178
1,<environment.Job instance at 0x7fd739025960>,15,3,[ 4 13],16,-1,40,-1,37
1,<environment.Job instance at 0x7fd739025870>,16,28,[2 6],17,-1,76,-1,48
1,<environment.Job instance at 0x7fd72f3d9910>,19,26,[10  1],20,-1,80,-1,54
1,<environment.Job instance at 0x7fd738f8cbe0>,27,16,[13  3],28,-1,98,-1,82
1,<environment.Job instance at 0x7fd72ff258c0>,38,26,[5 7],39,-1,148,-1,122
1,<environment.Job instance at 0x7fd7306e2d20>,39,28,[ 4 10],40,-1,150,-1,122
1,<environment.Job instance at 0x7fd73093f730>,42,2,[ 4 11],43,-1,126,-1,124
1,<environment.Job instance at 0x7fd73093fd70>,44,16,[14  4],45,-1,142,-1,126
1,<environment.Job instance at 0x7fd73093f910>,45,23,[ 3 10],46,-1,159,-1,136
1,<environment.Job instance at 0x7fd72ff50500>,0,18,[ 4 10],1,-1,19,-1,1
1,<environment.Job instance at 0x7fd7303c61e0>,6,17,[10  3],7,-1,24,-1,7
1,<environment.Job instance at 0x7fd7303c6050>,7,25,[4 6],8,-1,33,-1,8
1,<environment.Job instance at 0x7fd7303c6aa0>,8,17,[ 2 10],9,-1,26,-1,9
1,<environment.Job instance at 0x7fd7303c6d70>,11,23,[10  1],12,-1,35,-1,12
1,<environment.Job instance at 0x7fd7303c6370>,12,14,[5 8],13,-1,27,-1,13
1,<environment.Job instance at 0x7fd7303c65f0>,13,26,[10  2],14,-1,40,-1,14
1,<environment.Job instance at 0x7fd7303c6280>,16,16,[ 1 10],17,-1,33,-1,17
1,<environment.Job instance at 0x7fd7307f2a00>,21,24,[4 8],22,-1,46,-1,22
1,<environment.Job instance at 0x7fd7307f2050>,22,17,[5 8],23,-1,40,-1,23
1,<environment.Job instance at 0x7fd73902d730>,26,15,[6 2],27,-1,50,-1,35
1,<environment.Job instance at 0x7fd72f77fb40>,34,23,[ 5 10],35,-1,58,-1,35
1,<environment.Job instance at 0x7fd72f77fdc0>,37,18,[3 8],38,-1,58,-1,40
1,<environment.Job instance at 0x7fd72f77fe60>,40,18,[5 4],41,-1,59,-1,41
1,<environment.Job instance at 0x7fd72f77f2d0>,47,17,[10  5],48,-1,70,-1,53
1,<environment.Job instance at 0x7fd72f77feb0>,51,18,[5 5],52,-1,76,-1,58
1,<environment.Job instance at 0x7fd72f199730>,54,16,[10  1],55,-1,75,-1,59
1,<environment.Job instance at 0x7fd72f199550>,56,18,[3 7],57,-1,77,-1,59
1,<environment.Job instance at 0x7fd72f199af0>,57,16,[7 4],58,-1,75,-1,59
1,<environment.Job instance at 0x7fd72f7d7320>,7,25,[4 6],8,-1,44,-1,19
1,<environment.Job instance at 0x7fd7395af460>,11,23,[10  1],12,-1,47,-1,24
1,<environment.Job instance at 0x7fd7395af4b0>,14,3,[ 3 12],15,-1,27,-1,24
1,<environment.Job instance at 0x7fd72ff308c0>,13,26,[10  2],14,-1,50,-1,24
1,<environment.Job instance at 0x7fd72f981460>,21,24,[4 8],22,-1,59,-1,35
1,<environment.Job instance at 0x7fd72f981fa0>,23,2,[12  5],24,-1,37,-1,35
1,<environment.Job instance at 0x7fd72f9ed320>,25,14,[ 2 11],26,-1,64,-1,50
1,<environment.Job instance at 0x7fd730420c30>,28,13,[12  1],29,-1,64,-1,51
1,<environment.Job instance at 0x7fd72f98ad20>,34,23,[ 5 10],35,-1,91,-1,68
1,<environment.Job instance at 0x7fd72fb43a50>,35,16,[13  5],36,-1,84,-1,68
1,<environment.Job instance at 0x7fd72fb43af0>,39,23,[1 5],40,-1,92,-1,69
1,<environment.Job instance at 0x7fd72f986b40>,43,25,[10  1],44,-1,121,-1,96
1,<environment.Job instance at 0x7fd730405320>,46,15,[ 3 12],47,-1,111,-1,96
1,<environment.Job instance at 0x7fd72f986690>,45,28,[1 7],46,-1,133,-1,105
1,<environment.Job instance at 0x7fd72f962140>,62,14,[11  2],63,-1,183,-1,169
1,<environment.Job instance at 0x7fd7305d6820>,0,16,[9 1],1,-1,22,-1,6
1,<environment.Job instance at 0x7fd73020df00>,7,14,[5 1],8,-1,22,-1,8
1,<environment.Job instance at 0x7fd73020d5a0>,10,18,[5 8],11,-1,29,-1,11
1,<environment.Job instance at 0x7fd73082feb0>,13,12,[10  4],14,-1,26,-1,14
1,<environment.Job instance at 0x7fd73082fb40>,14,17,[4 7],15,-1,32,-1,15
1,<environment.Job instance at 0x7fd73082f9b0>,17,25,[1 7],18,-1,43,-1,18
1,<environment.Job instance at 0x7fd73082f280>,18,19,[5 8],19,-1,38,-1,19
1,<environment.Job instance at 0x7fd73082ffa0>,19,16,[7 4],20,-1,36,-1,20
1,<environment.Job instance at 0x7fd73082f6e0>,23,14,[2 9],24,-1,38,-1,24
1,<environment.Job instance at 0x7fd73082f370>,24,18,[10  3],25,-1,43,-1,25
1,<environment.Job instance at 0x7fd72fd7a780>,27,15,[2 8],28,-1,43,-1,28
1,<environment.Job instance at 0x7fd72fd7a140>,30,15,[ 4 10],31,-1,46,-1,31
1,<environment.Job instance at 0x7fd72fd7a870>,31,17,[9 3],32,-1,49,-1,32
1,<environment.Job instance at 0x7fd72fd7a730>,32,20,[ 1 10],33,-1,53,-1,33
1,<environment.Job instance at 0x7fd72fd7a6e0>,36,19,[4 8],37,-1,56,-1,37
1,<environment.Job instance at 0x7fd72fd7a4b0>,38,15,[1 9],39,-1,54,-1,39
1,<environment.Job instance at 0x7fd72fd7aa50>,39,17,[4 9],40,-1,57,-1,40
1,<environment.Job instance at 0x7fd730850fa0>,49,17,[8 2],50,-1,67,-1,50
1,<environment.Job instance at 0x7fd72f52c0a0>,50,16,[6 5],51,-1,67,-1,51
1,<environment.Job instance at 0x7fd72f52c820>,53,16,[3 5],54,-1,70,-1,54
1,<environment.Job instance at 0x7fd73028bf00>,54,23,[5 9],55,-1,78,-1,55
1,<environment.Job instance at 0x7fd73028b870>,55,16,[1 6],56,-1,72,-1,56
1,<environment.Job instance at 0x7fd73028b500>,57,23,[6 2],58,-1,81,-1,58
1,<environment.Job instance at 0x7fd73028beb0>,60,26,[6 1],61,-1,87,-1,61
1,<environment.Job instance at 0x7fd72f060320>,62,17,[5 5],63,-1,80,-1,63
1,<environment.Job instance at 0x7fd72f060f00>,65,14,[9 1],66,-1,80,-1,66
1,<environment.Job instance at 0x7fd73097a690>,72,16,[1 9],73,-1,90,-1,74
1,<environment.Job instance at 0x7fd72f060d20>,63,14,[ 4 13],64,-1,88,-1,74
1,<environment.Job instance at 0x7fd73097a550>,73,19,[8 3],74,-1,93,-1,74
1,<environment.Job instance at 0x7fd73097a5f0>,75,15,[9 3],76,-1,91,-1,76
1,<environment.Job instance at 0x7fd73097aa00>,77,17,[8 4],78,-1,95,-1,78
1,<environment.Job instance at 0x7fd73097afa0>,78,18,[6 5],79,-1,97,-1,79
1,<environment.Job instance at 0x7fd73020d9b0>,5,14,[1 8],6,-1,94,-1,80
1,<environment.Job instance at 0x7fd73097ae60>,79,26,[5 8],80,-1,108,-1,82
1,<environment.Job instance at 0x7fd73097a140>,81,16,[1 8],82,-1,103,-1,87
1,<environment.Job instance at 0x7fd72fd79500>,85,20,[5 5],86,-1,109,-1,89
1,<environment.Job instance at 0x7fd72fd79fa0>,89,18,[3 6],90,-1,108,-1,90
1,<environment.Job instance at 0x7fd73097aaa0>,70,18,[5 7],71,-1,110,-1,92
1,<environment.Job instance at 0x7fd72fd79140>,91,18,[3 6],92,-1,110,-1,92
1,<environment.Job instance at 0x7fd72fd79f50>,92,17,[9 3],93,-1,111,-1,94
1,<environment.Job instance at 0x7fd73097aeb0>,74,17,[12  2],75,-1,117,-1,100
1,<environment.Job instance at 0x7fd72fd79050>,95,16,[10  4],96,-1,116,-1,100
1,<environment.Job instance at 0x7fd72fe8c500>,98,14,[14  2],99,-1,118,-1,104
1,<environment.Job instance at 0x7fd72fe8ce10>,99,14,[10  3],100,-1,118,-1,104
1,<environment.Job instance at 0x7fd72fd79d20>,93,14,[3 7],94,-1,118,-1,104
1,<environment.Job instance at 0x7fd72fe8cc30>,103,17,[6 4],104,-1,121,-1,104
1,<environment.Job instance at 0x7fd72fd79910>,86,17,[12  5],87,-1,122,-1,105
1,<environment.Job instance at 0x7fd72fef6a00>,104,16,[9 2],105,-1,123,-1,107
1,<environment.Job instance at 0x7fd72fef7910>,106,13,[7 5],107,-1,128,-1,115
1,<environment.Job instance at 0x7fd72fe8ce60>,100,23,[ 1 10],101,-1,148,-1,125
1,<environment.Job instance at 0x7fd73073f280>,124,18,[10  1],125,-1,143,-1,125
1,<environment.Job instance at 0x7fd72f3678c0>,109,28,[9 4],110,-1,154,-1,126
1,<environment.Job instance at 0x7fd73073fd70>,125,16,[5 9],126,-1,142,-1,126
1,<environment.Job instance at 0x7fd72fbea460>,126,17,[7 4],127,-1,147,-1,130
1,<environment.Job instance at 0x7fd730634140>,130,13,[4 6],131,-1,144,-1,131
1,<environment.Job instance at 0x7fd72f099730>,129,28,[8 2],130,-1,160,-1,132
1,<environment.Job instance at 0x7fd7306343c0>,131,15,[1 8],132,-1,148,-1,133
1,<environment.Job instance at 0x7fd73005d7d0>,133,16,[6 2],134,-1,150,-1,134
1,<environment.Job instance at 0x7fd73005d550>,134,28,[3 5],135,-1,163,-1,135
1,<environment.Job instance at 0x7fd7304cec30>,136,15,[1 6],137,-1,152,-1,137
1,<environment.Job instance at 0x7fd72f0d10a0>,141,12,[6 1],142,-1,154,-1,142
1,<environment.Job instance at 0x7fd73005dc80>,132,23,[4 7],133,-1,165,-1,142
1,<environment.Job instance at 0x7fd730834370>,144,17,[6 1],145,-1,163,-1,146
1,<environment.Job instance at 0x7fd730404a50>,115,15,[13  2],116,-1,165,-1,150
1,<environment.Job instance at 0x7fd730404460>,9,15,[12  2],10,-1,25,-1,10
1,<environment.Job instance at 0x7fd72f975730>,17,25,[1 7],18,-1,53,-1,28
1,<environment.Job instance at 0x7fd730850780>,21,2,[ 5 11],22,-1,32,-1,30
1,<environment.Job instance at 0x7fd7301d21e0>,25,3,[ 3 11],26,-1,43,-1,40
1,<environment.Job instance at 0x7fd72f0ba820>,37,2,[14  5],38,-1,92,-1,90
1,<environment.Job instance at 0x7fd72fa08e10>,42,14,[14  2],43,-1,120,-1,106
1,<environment.Job instance at 0x7fd72f6a2140>,45,1,[ 5 13],46,-1,111,-1,110
1,<environment.Job instance at 0x7fd72f6a2280>,46,27,[6 1],47,-1,138,-1,111
1,<environment.Job instance at 0x7fd72fe6b960>,54,23,[5 9],55,-1,154,-1,131
1,<environment.Job instance at 0x7fd72f129d20>,57,23,[6 2],58,-1,156,-1,133
1,<environment.Job instance at 0x7fd72fd57320>,60,26,[6 1],61,-1,174,-1,148
1,<environment.Job instance at 0x7fd72f69bdc0>,63,14,[ 4 13],64,-1,163,-1,149
1,<environment.Job instance at 0x7fd7307bf550>,71,14,[13  1],72,-1,192,-1,178
1,<environment.Job instance at 0x7fd73075df00>,6,24,[1 8],7,-1,31,-1,7
1,<environment.Job instance at 0x7fd73075d780>,8,14,[9 1],9,-1,23,-1,9
1,<environment.Job instance at 0x7fd72f8f1690>,10,13,[8 3],11,-1,24,-1,11
1,<environment.Job instance at 0x7fd72f8f1780>,11,14,[ 2 10],12,-1,26,-1,12
1,<environment.Job instance at 0x7fd72f8f15f0>,12,18,[7 1],13,-1,31,-1,13
1,<environment.Job instance at 0x7fd72f8f1a50>,16,15,[4 6],17,-1,32,-1,17
1,<environment.Job instance at 0x7fd72f8f1d20>,17,18,[ 1 10],18,-1,36,-1,18
1,<environment.Job instance at 0x7fd72f8f1dc0>,19,27,[10  2],20,-1,47,-1,20
1,<environment.Job instance at 0x7fd72f49f8c0>,23,17,[6 2],24,-1,41,-1,24
1,<environment.Job instance at 0x7fd72f49fb40>,24,18,[10  1],25,-1,43,-1,25
1,<environment.Job instance at 0x7fd72f49ff50>,25,13,[10  1],26,-1,40,-1,27
1,<environment.Job instance at 0x7fd72f49f460>,26,18,[7 3],27,-1,46,-1,28
1,<environment.Job instance at 0x7fd72f49f690>,28,18,[5 7],29,-1,47,-1,29
1,<environment.Job instance at 0x7fd72f49f050>,29,18,[8 1],30,-1,49,-1,31
1,<environment.Job instance at 0x7fd72f49fc80>,32,13,[10  1],33,-1,46,-1,33
1,<environment.Job instance at 0x7fd72f49f230>,33,16,[ 2 10],34,-1,50,-1,34
1,<environment.Job instance at 0x7fd72f4a5050>,36,17,[10  5],37,-1,54,-1,37
1,<environment.Job instance at 0x7fd72f49f550>,30,15,[1 7],31,-1,52,-1,37
1,<environment.Job instance at 0x7fd72f4a5cd0>,39,14,[2 6],40,-1,54,-1,40
1,<environment.Job instance at 0x7fd72f4a52d0>,42,2,[3 5],43,-1,45,-1,43
1,<environment.Job instance at 0x7fd72f4a5410>,43,13,[8 3],44,-1,57,-1,44
1,<environment.Job instance at 0x7fd72f4a5960>,44,13,[6 4],45,-1,58,-1,45
1,<environment.Job instance at 0x7fd72ff4d2d0>,45,22,[11  3],46,-1,68,-1,46
1,<environment.Job instance at 0x7fd72ff4d820>,47,17,[10  3],48,-1,65,-1,48
1,<environment.Job instance at 0x7fd72f4a5500>,41,13,[7 1],42,-1,61,-1,48
1,<environment.Job instance at 0x7fd72fbdc0a0>,51,17,[4 8],52,-1,69,-1,52
1,<environment.Job instance at 0x7fd72fbdc280>,52,16,[7 3],53,-1,69,-1,53
1,<environment.Job instance at 0x7fd72fbdc7d0>,53,12,[1 6],54,-1,66,-1,54
1,<environment.Job instance at 0x7fd72fda05a0>,63,27,[5 1],64,-1,91,-1,64
1,<environment.Job instance at 0x7fd72fbdcf50>,50,1,[7 1],51,-1,66,-1,65
1,<environment.Job instance at 0x7fd72f105cd0>,65,15,[1 7],66,-1,81,-1,66
1,<environment.Job instance at 0x7fd72f105d70>,66,23,[2 9],67,-1,90,-1,67
1,<environment.Job instance at 0x7fd72f105550>,71,16,[7 1],72,-1,89,-1,73
1,<environment.Job instance at 0x7fd72fd9e230>,74,28,[6 4],75,-1,103,-1,75
1,<environment.Job instance at 0x7fd72f105410>,72,13,[4 9],73,-1,88,-1,75
1,<environment.Job instance at 0x7fd72f6a3690>,84,18,[ 3 10],85,-1,112,-1,94
1,<environment.Job instance at 0x7fd72f6a3780>,87,16,[8 2],88,-1,110,-1,94
1,<environment.Job instance at 0x7fd72f6a3370>,89,14,[9 2],90,-1,108,-1,94
1,<environment.Job instance at 0x7fd730960f50>,91,14,[9 5],92,-1,108,-1,94
1,<environment.Job instance at 0x7fd72f6a3c30>,81,22,[6 1],82,-1,116,-1,94
1,<environment.Job instance at 0x7fd72f6a3b90>,88,13,[1 5],89,-1,107,-1,94
1,<environment.Job instance at 0x7fd7309600f0>,93,15,[ 5 11],94,-1,111,-1,96
1,<environment.Job instance at 0x7fd73079c370>,95,18,[9 2],96,-1,114,-1,96
1,<environment.Job instance at 0x7fd730960870>,92,18,[1 5],93,-1,114,-1,96
1,<environment.Job instance at 0x7fd72f6a36e0>,85,17,[7 2],86,-1,115,-1,98
1,<environment.Job instance at 0x7fd73079cbe0>,97,15,[ 4 10],98,-1,113,-1,98
1,<environment.Job instance at 0x7fd72f2eea00>,104,16,[2 9],105,-1,121,-1,105
1,<environment.Job instance at 0x7fd73044c910>,6,24,[1 8],7,-1,31,-1,7
1,<environment.Job instance at 0x7fd72f89caf0>,19,27,[10  2],20,-1,84,-1,57
1,<environment.Job instance at 0x7fd72f89c550>,21,23,[11  3],22,-1,80,-1,57
1,<environment.Job instance at 0x7fd72f646500>,45,22,[11  3],46,-1,192,-1,170
1,<environment.Job instance at 0x7fd7307bf550>,46,1,[ 5 12],47,-1,171,-1,170
1,<environment.Job instance at 0x7fd7307ca140>,48,28,[11  3],49,-1,202,-1,174
1,<environment.Job instance at 0x7f84baf4b6e0>,0,13,[9 3],1,-1,15,-1,2
1,<environment.Job instance at 0x7f84baf4b8c0>,1,22,[11  3],2,-1,24,-1,2
1,<environment.Job instance at 0x7f84baf4b730>,2,22,[4 8],3,-1,25,-1,3
1,<environment.Job instance at 0x7f84b1905140>,9,18,[11  5],10,-1,28,-1,10
1,<environment.Job instance at 0x7f84b19050a0>,11,15,[4 8],12,-1,27,-1,12
1,<environment.Job instance at 0x7f84b19052d0>,13,18,[ 4 10],14,-1,32,-1,14
1,<environment.Job instance at 0x7f84b1905460>,14,13,[7 3],15,-1,29,-1,16
1,<environment.Job instance at 0x7f84b1901fa0>,15,18,[2 8],16,-1,34,-1,16
1,<environment.Job instance at 0x7f84b1905500>,16,16,[3 5],17,-1,33,-1,17
1,<environment.Job instance at 0x7f84b1905be0>,24,18,[2 6],25,-1,46,-1,28
1,<environment.Job instance at 0x7f84b1905eb0>,27,15,[8 4],28,-1,43,-1,28
1,<environment.Job instance at 0x7f84b1905e10>,28,23,[10  4],29,-1,53,-1,30
1,<environment.Job instance at 0x7f84b1909460>,34,24,[1 8],35,-1,59,-1,35
1,<environment.Job instance at 0x7f84b1909640>,35,15,[9 5],36,-1,51,-1,36
1,<environment.Job instance at 0x7f84b1909500>,36,13,[ 3 14],37,-1,72,-1,59
1,<environment.Job instance at 0x7f84b1909cd0>,41,1,[5 2],42,-1,60,-1,59
1,<environment.Job instance at 0x7f84b1909e10>,46,17,[12  2],47,-1,79,-1,62
1,<environment.Job instance at 0x7f84b1909e60>,43,18,[5 5],44,-1,80,-1,62
1,<environment.Job instance at 0x7f84b190a500>,50,16,[12  2],51,-1,78,-1,62
1,<environment.Job instance at 0x7f84b190a5a0>,53,17,[5 7],54,-1,80,-1,63
1,<environment.Job instance at 0x7f84b190a780>,56,17,[8 5],57,-1,82,-1,65
1,<environment.Job instance at 0x7f84b190a1e0>,48,15,[10  1],49,-1,80,-1,65
1,<environment.Job instance at 0x7f84b190a910>,57,18,[2 8],58,-1,83,-1,65
1,<environment.Job instance at 0x7f84b1905b40>,23,27,[1 6],24,-1,100,-1,73
1,<environment.Job instance at 0x7f84b190ad20>,62,22,[6 4],63,-1,95,-1,73
1,<environment.Job instance at 0x7f84b19beeb0>,1,22,[11  3],2,-1,24,-1,2
1,<environment.Job instance at 0x7f84b190aa50>,9,18,[11  5],10,-1,32,-1,14
1,<environment.Job instance at 0x7f84b1a21dc0>,12,26,[ 1 10],13,-1,82,-1,56
1,<environment.Job instance at 0x7f84b1901910>,23,27,[1 6],24,-1,87,-1,60
1,<environment.Job instance at 0x7f84b1a256e0>,28,23,[10  4],29,-1,97,-1,74
1,<environment.Job instance at 0x7f84b19c2910>,34,24,[1 8],35,-1,117,-1,93
1,<environment.Job instance at 0x7f84b19bd410>,36,13,[ 3 14],37,-1,106,-1,93
1,<environment.Job instance at 0x7f84b1930640>,46,17,[12  2],47,-1,134,-1,117
1,<environment.Job instance at 0x7f84b18ef9b0>,50,16,[12  2],51,-1,146,-1,130
1,<environment.Job instance at 0x7f84b1960550>,54,13,[13  1],55,-1,158,-1,145
1,<environment.Job instance at 0x7f84b1959640>,60,3,[12  3],61,-1,169,-1,166
1,<environment.Job instance at 0x7f84b19658c0>,67,27,[ 1 10],68,-1,216,-1,189
1,<environment.Job instance at 0x7f84b1955c30>,69,13,[ 3 12],70,-1,202,-1,189
1,<environment.Job instance at 0x7f84b13ebe10>,0,18,[10  3],1,-1,20,-1,2
1,<environment.Job instance at 0x7f84b192ac30>,1,17,[10  2],2,-1,19,-1,2
1,<environment.Job instance at 0x7f84b1375fa0>,10,13,[10  5],11,-1,25,-1,12
1,<environment.Job instance at 0x7f84b156dfa0>,30,18,[4 5],31,-1,51,-1,33
1,<environment.Job instance at 0x7f84b13d7370>,31,18,[2 8],32,-1,52,-1,34
1,<environment.Job instance at 0x7f84b13d70a0>,26,12,[ 3 10],27,-1,50,-1,38
1,<environment.Job instance at 0x7f84b13799b0>,24,16,[7 2],25,-1,56,-1,40
1,<environment.Job instance at 0x7f84b1379410>,15,14,[10  2],16,-1,54,-1,40
1,<environment.Job instance at 0x7f84b1529050>,36,14,[10  1],37,-1,54,-1,40
1,<environment.Job instance at 0x7f84b1429820>,37,16,[9 2],38,-1,56,-1,40
1,<environment.Job instance at 0x7f84b1429550>,38,15,[7 5],39,-1,55,-1,40
1,<environment.Job instance at 0x7f84b14d41e0>,33,14,[11  3],34,-1,55,-1,41
1,<environment.Job instance at 0x7f84b1429280>,42,20,[1 7],43,-1,63,-1,43
1,<environment.Job instance at 0x7f84b0f904b0>,46,19,[2 7],47,-1,66,-1,47
1,<environment.Job instance at 0x7f84b1367c30>,48,18,[6 3],49,-1,69,-1,51
1,<environment.Job instance at 0x7f84b12b0eb0>,53,24,[7 4],54,-1,78,-1,54
1,<environment.Job instance at 0x7f84b1327d70>,50,24,[ 1 10],51,-1,79,-1,55
1,<environment.Job instance at 0x7f84b12b0910>,54,16,[7 5],55,-1,73,-1,57
1,<environment.Job instance at 0x7f84b0f31d20>,58,18,[4 6],59,-1,77,-1,59
1,<environment.Job instance at 0x7f84bb0be9b0>,61,27,[4 7],62,-1,89,-1,62
1,<environment.Job instance at 0x7f84b17f2aa0>,62,26,[8 4],63,-1,89,-1,63
1,<environment.Job instance at 0x7f84b12b0730>,56,16,[7 4],57,-1,81,-1,65
1,<environment.Job instance at 0x7f84b13d7d20>,27,3,[1 5],28,-1,73,-1,70
1,<environment.Job instance at 0x7f84b0f2ecd0>,70,25,[ 3 10],71,-1,96,-1,71
1,<environment.Job instance at 0x7f84b17f6e10>,64,14,[5 5],65,-1,89,-1,75
1,<environment.Job instance at 0x7f84b0f6a640>,68,18,[4 5],69,-1,93,-1,75
1,<environment.Job instance at 0x7f84b0ebac80>,77,13,[9 2],78,-1,92,-1,79
1,<environment.Job instance at 0x7f84b0eba320>,78,15,[3 6],79,-1,96,-1,81
1,<environment.Job instance at 0x7f84b0eb7e10>,80,17,[2 6],81,-1,99,-1,82
1,<environment.Job instance at 0x7f84b0eb77d0>,83,23,[10  1],84,-1,112,-1,89
1,<environment.Job instance at 0x7f84b0eb7eb0>,86,28,[6 5],87,-1,118,-1,90
1,<environment.Job instance at 0x7f84b0eb81e0>,88,13,[5 1],89,-1,103,-1,90
1,<environment.Job instance at 0x7f84b0eb8d20>,93,2,[7 3],94,-1,96,-1,94
1,<environment.Job instance at 0x7f84b0eb7cd0>,87,18,[5 9],88,-1,113,-1,95
1,<environment.Job instance at 0x7f84b0eb8780>,95,18,[11  3],96,-1,117,-1,99
1,<environment.Job instance at 0x7f84b0eb8550>,94,15,[10  4],95,-1,118,-1,103
1,<environment.Job instance at 0x7f84b13e1050>,34,16,[9 4],35,-1,123,-1,107
1,<environment.Job instance at 0x7f84b0f1bd70>,98,13,[8 5],99,-1,128,-1,115
1,<environment.Job instance at 0x7f84b0eb9780>,107,14,[ 1 10],108,-1,130,-1,116
1,<environment.Job instance at 0x7f84b0eb9aa0>,105,17,[4 6],106,-1,148,-1,131
1,<environment.Job instance at 0x7f84b0f1bd20>,99,28,[5 3],100,-1,159,-1,131
1,<environment.Job instance at 0x7f84b0f352d0>,112,25,[6 3],113,-1,156,-1,131
1,<environment.Job instance at 0x7f84b0eb6be0>,110,15,[8 2],111,-1,146,-1,131
1,<environment.Job instance at 0x7f84b0eb6aa0>,109,16,[9 4],110,-1,147,-1,131
1,<environment.Job instance at 0x7f84b10470f0>,118,17,[3 6],119,-1,148,-1,131
1,<environment.Job instance at 0x7f84b0f35870>,114,17,[9 4],115,-1,149,-1,132
1,<environment.Job instance at 0x7f84b1047dc0>,119,15,[ 5 10],120,-1,147,-1,132
1,<environment.Job instance at 0x7f84b0eb8f00>,91,15,[14  1],92,-1,153,-1,138
1,<environment.Job instance at 0x7f84b184d500>,129,18,[13  1],130,-1,178,-1,160
1,<environment.Job instance at 0x7f84b105eeb0>,115,13,[6 4],116,-1,173,-1,160
1,<environment.Job instance at 0x7f84b1064eb0>,138,15,[7 5],139,-1,175,-1,160
1,<environment.Job instance at 0x7f84b0eb75a0>,8,12,[14  4],9,-1,31,-1,19
1,<environment.Job instance at 0x7f84b0eb9820>,18,2,[13  1],19,-1,42,-1,40
1,<environment.Job instance at 0x7f84b1925500>,21,3,[13  5],22,-1,46,-1,43
1,<environment.Job instance at 0x7f84b1925690>,22,2,[ 1 12],23,-1,45,-1,43
1,<environment.Job instance at 0x7f84b1922f00>,32,1,[ 4 13],33,-1,64,-1,63
1,<environment.Job instance at 0x7f84b1922eb0>,33,14,[11  3],34,-1,77,-1,63
1,<environment.Job instance at 0x7f84b191fcd0>,50,24,[ 1 10],51,-1,156,-1,132
1,<environment.Job instance at 0x7f84b191fa50>,53,24,[7 4],54,-1,169,-1,145
1,<environment.Job instance at 0x7f84b191f870>,55,3,[12  3],56,-1,148,-1,145
1,<environment.Job instance at 0x7f84b191f1e0>,61,27,[4 7],62,-1,195,-1,168
1,<environment.Job instance at 0x7f84b191f280>,62,26,[8 4],63,-1,194,-1,168
1,<environment.Job instance at 0x7f84b191f0f0>,65,16,[14  1],66,-1,184,-1,168
1,<environment.Job instance at 0x7f84b107ae10>,5,16,[10  4],6,-1,24,-1,8
1,<environment.Job instance at 0x7f84b107ac80>,10,18,[9 5],11,-1,29,-1,11
1,<environment.Job instance at 0x7f84b11845a0>,14,17,[7 2],15,-1,32,-1,15
1,<environment.Job instance at 0x7f84b1184190>,17,15,[2 9],18,-1,33,-1,18
1,<environment.Job instance at 0x7f84b1184640>,18,1,[2 6],19,-1,20,-1,19
1,<environment.Job instance at 0x7f84b1184d20>,19,17,[8 1],20,-1,37,-1,20
1,<environment.Job instance at 0x7f84b1184320>,21,17,[2 6],22,-1,39,-1,22
1,<environment.Job instance at 0x7f84b10768c0>,22,19,[8 2],23,-1,42,-1,23
1,<environment.Job instance at 0x7f84b1076eb0>,28,14,[ 2 10],29,-1,43,-1,29
1,<environment.Job instance at 0x7f84b1076f00>,29,17,[9 1],30,-1,47,-1,30
1,<environment.Job instance at 0x7f84b10765f0>,30,18,[3 5],31,-1,49,-1,31
1,<environment.Job instance at 0x7f84b1072d20>,35,13,[ 1 10],36,-1,49,-1,36
1,<environment.Job instance at 0x7f84b1072870>,38,14,[4 6],39,-1,53,-1,39
1,<environment.Job instance at 0x7f84b10728c0>,39,15,[10  2],40,-1,55,-1,40
1,<environment.Job instance at 0x7f84b10ed050>,40,13,[5 6],41,-1,54,-1,41
1,<environment.Job instance at 0x7f84b10ed230>,42,12,[5 5],43,-1,55,-1,43
1,<environment.Job instance at 0x7f84b10ede10>,43,13,[4 9],44,-1,57,-1,44
1,<environment.Job instance at 0x7f84b107ab40>,7,12,[5 8],8,-1,57,-1,45
1,<environment.Job instance at 0x7f84b10ed320>,50,16,[10  2],51,-1,68,-1,52
1,<environment.Job instance at 0x7f84b10e9cd0>,54,21,[7 2],55,-1,76,-1,55
1,<environment.Job instance at 0x7f84b10e9730>,58,16,[6 3],59,-1,75,-1,59
1,<environment.Job instance at 0x7f84b10e7190>,59,14,[5 7],60,-1,74,-1,60
1,<environment.Job instance at 0x7f84b10e7050>,60,18,[4 7],61,-1,79,-1,61
1,<environment.Job instance at 0x7f84b10e73c0>,61,14,[1 5],62,-1,76,-1,62
1,<environment.Job instance at 0x7f84b10e7230>,62,14,[ 1 11],63,-1,77,-1,63
1,<environment.Job instance at 0x7f84b10e7320>,63,14,[2 7],64,-1,78,-1,64
1,<environment.Job instance at 0x7f84b10e7730>,68,15,[8 5],69,-1,84,-1,69
1,<environment.Job instance at 0x7f84b10e7b40>,69,27,[1 5],70,-1,97,-1,70
1,<environment.Job instance at 0x7f84b1224d70>,76,18,[4 6],77,-1,95,-1,77
1,<environment.Job instance at 0x7f84b1224280>,78,17,[7 4],79,-1,96,-1,79
1,<environment.Job instance at 0x7f84b1156280>,89,27,[9 3],90,-1,124,-1,97
1,<environment.Job instance at 0x7f84b1156dc0>,94,17,[8 5],95,-1,124,-1,107
1,<environment.Job instance at 0x7f84b108b2d0>,98,27,[1 7],99,-1,146,-1,119
1,<environment.Job instance at 0x7f84b11560f0>,92,24,[ 3 10],93,-1,143,-1,119
1,<environment.Job instance at 0x7f84b10889b0>,101,13,[5 5],102,-1,133,-1,120
1,<environment.Job instance at 0x7f84b1156e10>,85,16,[6 3],86,-1,136,-1,120
1,<environment.Job instance at 0x7f84b1088c80>,100,19,[6 3],101,-1,140,-1,121
1,<environment.Job instance at 0x7f84b1090e10>,104,16,[10  3],105,-1,138,-1,122
1,<environment.Job instance at 0x7f84b1090e60>,107,13,[6 4],108,-1,145,-1,132
1,<environment.Job instance at 0x7f84b10908c0>,103,12,[1 8],104,-1,144,-1,132
1,<environment.Job instance at 0x7f84b1156be0>,86,25,[3 8],87,-1,158,-1,133
1,<environment.Job instance at 0x7f84b109fa50>,111,18,[2 9],112,-1,192,-1,174
1,<environment.Job instance at 0x7f84b0f90690>,119,15,[9 5],120,-1,189,-1,174
1,<environment.Job instance at 0x7f84b1681280>,123,18,[5 9],124,-1,194,-1,176
1,<environment.Job instance at 0x7f84b1224730>,2,17,[12  4],3,-1,20,-1,3
1,<environment.Job instance at 0x7f84b10edeb0>,15,2,[ 4 11],16,-1,20,-1,18
1,<environment.Job instance at 0x7f84b107dcd0>,23,2,[ 2 14],24,-1,51,-1,49
1,<environment.Job instance at 0x7f84b107d7d0>,24,17,[ 5 14],25,-1,66,-1,49
1,<environment.Job instance at 0x7f84b107aa50>,26,2,[11  3],27,-1,51,-1,49
1,<environment.Job instance at 0x7f84b107a190>,27,2,[12  2],28,-1,51,-1,49
1,<environment.Job instance at 0x7f84b107a370>,32,2,[12  5],33,-1,77,-1,75
1,<environment.Job instance at 0x7f84b10e7d70>,34,1,[14  4],35,-1,76,-1,75
1,<environment.Job instance at 0x7f84b1184780>,53,1,[ 5 12],54,-1,150,-1,149
1,<environment.Job instance at 0x7f84b0eba1e0>,62,14,[ 1 11],63,-1,195,-1,181
1,<environment.Job instance at 0x7f84bb0b6e10>,64,3,[14  4],65,-1,184,-1,181
1,<environment.Job instance at 0x7f84b0f2e5a0>,66,2,[13  4],67,-1,183,-1,181
1,<environment.Job instance at 0x7f84b10f9190>,1,14,[10  4],2,-1,17,-1,3
1,<environment.Job instance at 0x7f84b0e772d0>,3,2,[10  5],4,-1,6,-1,4
1,<environment.Job instance at 0x7f84b0e77410>,4,12,[8 4],5,-1,17,-1,5
1,<environment.Job instance at 0x7f84b0e774b0>,5,15,[7 4],6,-1,21,-1,6
1,<environment.Job instance at 0x7f84b0e77550>,6,3,[8 1],7,-1,10,-1,7
1,<environment.Job instance at 0x7f84b0e775f0>,7,14,[6 2],8,-1,22,-1,8
1,<environment.Job instance at 0x7f84b0e77690>,8,21,[5 8],9,-1,30,-1,9
1,<environment.Job instance at 0x7f84b0e77730>,9,17,[7 2],10,-1,27,-1,10
1,<environment.Job instance at 0x7f84b10ed780>,2,18,[5 5],3,-1,28,-1,10
1,<environment.Job instance at 0x7f84b11f33c0>,11,28,[2 8],12,-1,61,-1,33
1,<environment.Job instance at 0x7f84b11f39b0>,13,27,[9 3],14,-1,72,-1,45
1,<environment.Job instance at 0x7f84b11a5500>,16,28,[1 7],17,-1,75,-1,47
1,<environment.Job instance at 0x7f84b11a58c0>,19,2,[ 4 11],20,-1,49,-1,47
1,<environment.Job instance at 0x7f84b11a55f0>,24,3,[11  1],25,-1,64,-1,61
1,<environment.Job instance at 0x7f84b11a5c30>,26,28,[9 2],27,-1,93,-1,65
1,<environment.Job instance at 0x7f84b11d3960>,37,3,[ 1 12],38,-1,99,-1,96
1,<environment.Job instance at 0x7f84b11d3e10>,38,15,[ 3 11],39,-1,111,-1,96
1,<environment.Job instance at 0x7f84b1099690>,45,15,[ 2 11],46,-1,117,-1,102
1,<environment.Job instance at 0x7f84b10995a0>,46,23,[7 4],47,-1,127,-1,104
1,<environment.Job instance at 0x7f84b10adf50>,60,16,[14  3],61,-1,152,-1,136
1,<environment.Job instance at 0x7f84b10a28c0>,71,27,[5 1],72,-1,183,-1,156
1,<environment.Job instance at 0x7f84b106a050>,77,13,[13  1],78,-1,184,-1,171
1,<environment.Job instance at 0x7f84b106ab90>,76,25,[8 3],77,-1,212,-1,187
1,<environment.Job instance at 0x7f84b1be0410>,1,18,[4 8],2,-1,20,-1,2
1,<environment.Job instance at 0x7f84b1be04b0>,3,15,[10  4],4,-1,21,-1,6
1,<environment.Job instance at 0x7f84b1be0780>,6,15,[ 5 10],7,-1,22,-1,7
1,<environment.Job instance at 0x7f84b1be0050>,8,14,[8 3],9,-1,23,-1,9
1,<environment.Job instance at 0x7f84b1cdd320>,9,14,[9 5],10,-1,24,-1,10
1,<environment.Job instance at 0x7f84b1cdd550>,10,25,[2 8],11,-1,36,-1,11
1,<environment.Job instance at 0x7f84b1cddbe0>,11,13,[5 8],12,-1,25,-1,12
1,<environment.Job instance at 0x7f84b1cdd0f0>,12,18,[9 4],13,-1,31,-1,13
1,<environment.Job instance at 0x7f84b1cdd6e0>,13,18,[ 4 10],14,-1,32,-1,14
1,<environment.Job instance at 0x7f84b1cddcd0>,17,15,[ 5 10],18,-1,33,-1,18
1,<environment.Job instance at 0x7f84b1cdd870>,18,17,[5 7],19,-1,36,-1,19
1,<environment.Job instance at 0x7f84b1cddeb0>,21,16,[ 4 10],22,-1,38,-1,22
1,<environment.Job instance at 0x7f84b16f2320>,24,15,[ 2 10],25,-1,40,-1,25
1,<environment.Job instance at 0x7f84b16f25f0>,25,16,[4 6],26,-1,42,-1,26
1,<environment.Job instance at 0x7f84b16f2640>,26,18,[9 4],27,-1,45,-1,27
1,<environment.Job instance at 0x7f84b16f2780>,29,16,[2 8],30,-1,46,-1,30
1,<environment.Job instance at 0x7f84b16f2140>,31,13,[2 8],32,-1,45,-1,32
1,<environment.Job instance at 0x7f84b16f2dc0>,32,18,[5 1],33,-1,51,-1,33
1,<environment.Job instance at 0x7f84b16f2aa0>,33,18,[ 5 10],34,-1,52,-1,34
1,<environment.Job instance at 0x7f84b16f2a50>,34,20,[9 5],35,-1,55,-1,35
1,<environment.Job instance at 0x7f84b16f20f0>,35,17,[7 4],36,-1,53,-1,36
1,<environment.Job instance at 0x7f84b16f2870>,36,18,[4 6],37,-1,55,-1,37
1,<environment.Job instance at 0x7f84b16f2500>,37,14,[5 5],38,-1,52,-1,38
1,<environment.Job instance at 0x7f84b196de60>,43,17,[10  5],44,-1,61,-1,44
1,<environment.Job instance at 0x7f84b196d410>,44,17,[3 6],45,-1,62,-1,45
1,<environment.Job instance at 0x7f84b1cc05a0>,47,16,[1 5],48,-1,64,-1,48
1,<environment.Job instance at 0x7f84b1cc0370>,51,16,[2 7],52,-1,68,-1,52
1,<environment.Job instance at 0x7f84b1cc08c0>,54,13,[5 4],55,-1,69,-1,56
1,<environment.Job instance at 0x7f84b1cc02d0>,55,15,[9 1],56,-1,72,-1,57
1,<environment.Job instance at 0x7f84b1cc0d70>,57,25,[9 4],58,-1,83,-1,58
1,<environment.Job instance at 0x7f84b1cc0280>,60,16,[2 8],61,-1,78,-1,62
1,<environment.Job instance at 0x7f84b16892d0>,62,17,[1 7],63,-1,80,-1,63
1,<environment.Job instance at 0x7f84b1689e60>,63,17,[6 4],64,-1,81,-1,64
1,<environment.Job instance at 0x7f84b1689820>,65,16,[1 6],66,-1,84,-1,68
1,<environment.Job instance at 0x7f84b16895f0>,68,14,[5 4],69,-1,83,-1,69
1,<environment.Job instance at 0x7f84b167fc30>,71,18,[9 3],72,-1,90,-1,72
1,<environment.Job instance at 0x7f84b167f0a0>,74,25,[7 4],75,-1,100,-1,75
1,<environment.Job instance at 0x7f84b167f9b0>,76,22,[ 4 10],77,-1,100,-1,78
1,<environment.Job instance at 0x7f84b1689af0>,67,14,[12  5],68,-1,93,-1,79
1,<environment.Job instance at 0x7f84b167f2d0>,78,16,[2 7],79,-1,96,-1,80
1,<environment.Job instance at 0x7f84b1bf77d0>,82,18,[5 8],83,-1,101,-1,83
1,<environment.Job instance at 0x7f84b1bf7fa0>,83,13,[1 7],84,-1,97,-1,84
1,<environment.Job instance at 0x7f84b1bf7500>,85,23,[8 2],86,-1,109,-1,86
1,<environment.Job instance at 0x7f84b1bf7c80>,86,16,[6 1],87,-1,103,-1,87
1,<environment.Job instance at 0x7f84b1bf7460>,90,16,[5 9],91,-1,107,-1,91
1,<environment.Job instance at 0x7f84b1bf70f0>,91,15,[9 5],92,-1,107,-1,92
1,<environment.Job instance at 0x7f84b167fb40>,79,16,[ 3 10],80,-1,109,-1,93
1,<environment.Job instance at 0x7f84b1940410>,93,18,[ 2 11],94,-1,116,-1,98
1,<environment.Job instance at 0x7f84b1c5ccd0>,98,14,[8 1],99,-1,113,-1,99
1,<environment.Job instance at 0x7f84b1689410>,66,16,[14  3],67,-1,119,-1,103
1,<environment.Job instance at 0x7f84b1c5c410>,99,16,[ 4 10],100,-1,119,-1,103
1,<environment.Job instance at 0x7f84b1c5c2d0>,104,14,[10  1],105,-1,119,-1,105
1,<environment.Job instance at 0x7f84b1c5c730>,97,12,[5 4],98,-1,122,-1,110
1,<environment.Job instance at 0x7f84b1c5ceb0>,101,17,[3 7],102,-1,128,-1,111
1,<environment.Job instance at 0x7f84b1c5cd20>,102,23,[7 1],103,-1,138,-1,115
1,<environment.Job instance at 0x7f84b1982be0>,110,15,[4 9],111,-1,135,-1,120
1,<environment.Job instance at 0x7f84b1982f00>,112,13,[14  4],113,-1,133,-1,120
1,<environment.Job instance at 0x7f84b1982190>,116,17,[9 3],117,-1,137,-1,120
1,<environment.Job instance at 0x7f84b1982320>,111,15,[7 5],112,-1,150,-1,135
1,<environment.Job instance at 0x7f84b20421e0>,124,18,[1 8],125,-1,156,-1,138
1,<environment.Job instance at 0x7f84b1982eb0>,113,16,[8 2],114,-1,164,-1,148
1,<environment.Job instance at 0x7f84b194ec80>,128,18,[5 8],129,-1,166,-1,148
1,<environment.Job instance at 0x7f84b194eeb0>,130,20,[9 5],131,-1,168,-1,148
1,<environment.Job instance at 0x7f84b1c5c0a0>,100,18,[5 8],101,-1,167,-1,149
1,<environment.Job instance at 0x7f84b194e0f0>,134,15,[7 5],135,-1,164,-1,149
1,<environment.Job instance at 0x7f84b194e960>,137,15,[ 1 10],138,-1,164,-1,149
1,<environment.Job instance at 0x7f84b194e370>,141,18,[3 7],142,-1,171,-1,153
1,<environment.Job instance at 0x7f84b194efa0>,142,17,[1 9],143,-1,170,-1,153
1,<environment.Job instance at 0x7f84b196dbe0>,4,2,[ 1 12],5,-1,7,-1,5
1,<environment.Job instance at 0x7f84b1689d70>,10,25,[2 8],11,-1,45,-1,20
1,<environment.Job instance at 0x7f84b167f910>,14,3,[ 3 14],15,-1,36,-1,33
1,<environment.Job instance at 0x7f84b19f7500>,19,2,[13  5],20,-1,49,-1,47
1,<environment.Job instance at 0x7f84b1be0d20>,28,1,[ 3 12],29,-1,99,-1,98
1,<environment.Job instance at 0x7f84b128e2d0>,45,18,[14  2],46,-1,181,-1,163
1,<environment.Job instance at 0x7f84b1d79550>,5,17,[ 2 10],6,-1,26,-1,9
1,<environment.Job instance at 0x7f84b1d79820>,8,19,[7 1],9,-1,28,-1,9
1,<environment.Job instance at 0x7f84b19d7cd0>,10,18,[9 2],11,-1,32,-1,14
1,<environment.Job instance at 0x7f84b237cfa0>,14,12,[7 4],15,-1,27,-1,15
1,<environment.Job instance at 0x7f84b237c410>,17,14,[11  2],18,-1,32,-1,18
1,<environment.Job instance at 0x7f84b237cc30>,19,18,[1 5],20,-1,38,-1,20
1,<environment.Job instance at 0x7f84b237c5f0>,20,27,[7 4],21,-1,48,-1,21
1,<environment.Job instance at 0x7f84b1b7e3c0>,22,16,[10  2],23,-1,39,-1,23
1,<environment.Job instance at 0x7f84b1b7e960>,23,15,[4 8],24,-1,39,-1,24
1,<environment.Job instance at 0x7f84b1fa53c0>,26,13,[9 5],27,-1,40,-1,27
1,<environment.Job instance at 0x7f84b1fa5d70>,27,18,[6 2],28,-1,46,-1,28
1,<environment.Job instance at 0x7f84b1fa5dc0>,28,14,[ 4 10],29,-1,43,-1,29
1,<environment.Job instance at 0x7f84b1fa5730>,31,14,[9 5],32,-1,46,-1,32
1,<environment.Job instance at 0x7f84b1fa55f0>,32,15,[7 3],33,-1,48,-1,33
1,<environment.Job instance at 0x7f84b1aac5a0>,34,19,[9 1],35,-1,54,-1,35
1,<environment.Job instance at 0x7f84b1b0e870>,41,13,[9 4],42,-1,55,-1,42
1,<environment.Job instance at 0x7f84b1bb8190>,42,16,[1 7],43,-1,59,-1,43
1,<environment.Job instance at 0x7f84b1bb8f00>,43,13,[3 7],44,-1,57,-1,44
1,<environment.Job instance at 0x7f84b1bb82d0>,44,15,[6 4],45,-1,60,-1,45
1,<environment.Job instance at 0x7f84baa368c0>,52,14,[9 3],53,-1,67,-1,53
1,<environment.Job instance at 0x7f84b1b61fa0>,56,16,[4 9],57,-1,73,-1,57
1,<environment.Job instance at 0x7f84b234b460>,57,22,[6 1],58,-1,80,-1,58
1,<environment.Job instance at 0x7f84b234bbe0>,58,15,[7 1],59,-1,74,-1,59
1,<environment.Job instance at 0x7f84b1dc6960>,59,14,[3 8],60,-1,74,-1,60
1,<environment.Job instance at 0x7f84b13eb1e0>,61,18,[5 9],62,-1,86,-1,68
1,<environment.Job instance at 0x7f84b143a280>,65,17,[10  3],66,-1,85,-1,68
1,<environment.Job instance at 0x7f84b1e5e8c0>,67,16,[8 4],68,-1,85,-1,69
1,<environment.Job instance at 0x7f84b1a4b3c0>,70,17,[8 4],71,-1,88,-1,71
1,<environment.Job instance at 0x7f84bb0b4f00>,72,19,[8 3],73,-1,97,-1,78
1,<environment.Job instance at 0x7f84bae73e10>,39,15,[8 5],40,-1,94,-1,79
1,<environment.Job instance at 0x7f84b1a0d1e0>,73,13,[8 3],74,-1,92,-1,79
1,<environment.Job instance at 0x7f84bb0b4910>,76,23,[5 5],77,-1,102,-1,79
1,<environment.Job instance at 0x7f84b19d74b0>,13,14,[5 5],14,-1,93,-1,79
1,<environment.Job instance at 0x7f84b1d80a00>,78,14,[9 5],79,-1,93,-1,79
1,<environment.Job instance at 0x7f84b1d806e0>,79,25,[7 3],80,-1,105,-1,80
1,<environment.Job instance at 0x7f84b2466640>,87,14,[2 6],88,-1,104,-1,90
1,<environment.Job instance at 0x7f84b2466b90>,84,17,[4 7],85,-1,107,-1,90
1,<environment.Job instance at 0x7f84b1f35280>,92,14,[10  1],93,-1,111,-1,97
1,<environment.Job instance at 0x7f84b24660a0>,89,3,[7 1],90,-1,100,-1,97
1,<environment.Job instance at 0x7f84b13f8460>,94,15,[8 1],95,-1,112,-1,97
1,<environment.Job instance at 0x7f84b13f87d0>,95,14,[5 7],96,-1,112,-1,98
1,<environment.Job instance at 0x7f84b1e366e0>,97,15,[3 9],98,-1,114,-1,99
1,<environment.Job instance at 0x7f84b16e9960>,100,18,[5 4],101,-1,119,-1,101
1,<environment.Job instance at 0x7f84b2466eb0>,86,13,[10  5],87,-1,116,-1,103
1,<environment.Job instance at 0x7f84b1f7a410>,108,18,[ 4 10],109,-1,127,-1,109
1,<environment.Job instance at 0x7f84b16e90f0>,102,19,[6 2],103,-1,130,-1,111
1,<environment.Job instance at 0x7f84b1f7a0f0>,113,16,[3 8],114,-1,134,-1,118
1,<environment.Job instance at 0x7f84b2466b40>,17,14,[11  2],18,-1,39,-1,25
1,<environment.Job instance at 0x7f84b1e36820>,18,15,[ 3 14],19,-1,40,-1,25
1,<environment.Job instance at 0x7f84b1b1ba50>,20,27,[7 4],21,-1,56,-1,29
1,<environment.Job instance at 0x7f84b1f7afa0>,25,2,[ 1 12],26,-1,43,-1,41
1,<environment.Job instance at 0x7f84b109a5a0>,30,25,[ 1 14],31,-1,86,-1,61
1,<environment.Job instance at 0x7f84b109a3c0>,33,1,[ 4 13],34,-1,75,-1,74
1,<environment.Job instance at 0x7f84b109abe0>,35,3,[ 4 11],36,-1,88,-1,85
1,<environment.Job instance at 0x7f84b107a820>,48,3,[11  1],49,-1,137,-1,134
1,<environment.Job instance at 0x7f84b1b85c80>,6,18,[ 2 10],7,-1,26,-1,8
1,<environment.Job instance at 0x7f84b1b853c0>,8,14,[9 5],9,-1,23,-1,9
1,<environment.Job instance at 0x7f84b10995a0>,7,17,[5 5],8,-1,26,-1,9
1,<environment.Job instance at 0x7f84b1b855a0>,9,14,[8 5],10,-1,24,-1,10
1,<environment.Job instance at 0x7f84b1f01280>,10,25,[9 4],11,-1,36,-1,11
1,<environment.Job instance at 0x7f84b1b86b40>,12,17,[1 5],13,-1,30,-1,13
1,<environment.Job instance at 0x7f84b1b86c80>,14,28,[ 5 10],15,-1,43,-1,15
1,<environment.Job instance at 0x7f84b10ba6e0>,17,27,[2 9],18,-1,45,-1,18
1,<environment.Job instance at 0x7f84b15498c0>,18,26,[4 9],19,-1,45,-1,19
1,<environment.Job instance at 0x7f84b198cb90>,20,18,[5 4],21,-1,39,-1,21
1,<environment.Job instance at 0x7f84baaa2190>,21,14,[8 4],22,-1,36,-1,22
1,<environment.Job instance at 0x7f84b1f0d5a0>,24,16,[8 1],25,-1,43,-1,27
1,<environment.Job instance at 0x7f84b1f0d2d0>,28,19,[2 7],29,-1,48,-1,29
1,<environment.Job instance at 0x7f84baa982d0>,29,3,[6 1],30,-1,33,-1,30
1,<environment.Job instance at 0x7f84b1a9a640>,26,16,[ 5 12],27,-1,46,-1,30
1,<environment.Job instance at 0x7f84baa98aa0>,32,22,[5 4],33,-1,55,-1,33
1,<environment.Job instance at 0x7f84b1f08c80>,35,13,[5 5],36,-1,49,-1,36
1,<environment.Job instance at 0x7f84b1edbeb0>,36,18,[1 5],37,-1,55,-1,37
1,<environment.Job instance at 0x7f84b1d0afa0>,38,17,[7 5],39,-1,56,-1,39
1,<environment.Job instance at 0x7f84b1ef6870>,39,13,[4 8],40,-1,53,-1,40
1,<environment.Job instance at 0x7f84baaac6e0>,40,17,[10  1],41,-1,59,-1,42
1,<environment.Job instance at 0x7f84b1ee4140>,42,15,[2 5],43,-1,58,-1,43
1,<environment.Job instance at 0x7f84b1ee4d20>,43,16,[1 5],44,-1,60,-1,44
1,<environment.Job instance at 0x7f84b1ee4c80>,45,15,[5 4],46,-1,61,-1,46
1,<environment.Job instance at 0x7f84b1d0b1e0>,47,26,[10  5],48,-1,74,-1,48
1,<environment.Job instance at 0x7f84b1d0b230>,49,16,[5 6],50,-1,66,-1,50
1,<environment.Job instance at 0x7f84b1d0b820>,50,18,[4 5],51,-1,69,-1,51
1,<environment.Job instance at 0x7f84b1ef62d0>,41,16,[2 5],42,-1,67,-1,51
1,<environment.Job instance at 0x7f84b1d0b410>,51,18,[4 9],52,-1,70,-1,52
1,<environment.Job instance at 0x7f84b1d14f00>,63,23,[1 7],64,-1,88,-1,65
1,<environment.Job instance at 0x7f84b1d25140>,65,18,[ 2 10],66,-1,84,-1,66
1,<environment.Job instance at 0x7f84b1d255a0>,69,17,[9 1],70,-1,87,-1,70
1,<environment.Job instance at 0x7f84b1d25370>,70,16,[4 8],71,-1,87,-1,71
1,<environment.Job instance at 0x7f84b1d256e0>,72,26,[1 5],73,-1,99,-1,73
1,<environment.Job instance at 0x7f84b1d25870>,73,17,[ 4 10],74,-1,91,-1,74
1,<environment.Job instance at 0x7f84b1d25960>,75,15,[8 3],76,-1,91,-1,76
1,<environment.Job instance at 0x7f84b1d25f50>,80,13,[10  5],81,-1,94,-1,81
1,<environment.Job instance at 0x7f84b1d3e0f0>,81,12,[8 2],82,-1,94,-1,82
1,<environment.Job instance at 0x7f84b1d3e050>,82,22,[5 3],83,-1,105,-1,83
1,<environment.Job instance at 0x7f84b1d3e870>,91,16,[4 9],92,-1,116,-1,100
1,<environment.Job instance at 0x7f84b22775a0>,10,25,[9 4],11,-1,46,-1,21
1,<environment.Job instance at 0x7f84b2277050>,14,28,[ 5 10],15,-1,65,-1,37
1,<environment.Job instance at 0x7f84b15632d0>,17,27,[2 9],18,-1,65,-1,38
1,<environment.Job instance at 0x7f84b15637d0>,18,26,[4 9],19,-1,64,-1,38
1,<environment.Job instance at 0x7f84b15745a0>,26,16,[ 5 12],27,-1,72,-1,56
1,<environment.Job instance at 0x7f84b247be10>,46,17,[ 2 14],47,-1,134,-1,117
1,<environment.Job instance at 0x7f84b247b3c0>,47,26,[10  5],48,-1,161,-1,135
1,<environment.Job instance at 0x7f84bb0be690>,63,23,[1 7],64,-1,200,-1,177
1,<environment.Job instance at 0x7f84b156d5f0>,68,13,[14  3],69,-1,192,-1,179
1,<environment.Job instance at 0x7f84b10dfaf0>,4,17,[10  3],5,-1,25,-1,8
1,<environment.Job instance at 0x7f84b10df7d0>,8,27,[5 1],9,-1,36,-1,9
1,<environment.Job instance at 0x7f84b10dfa50>,9,15,[9 3],10,-1,25,-1,10
1,<environment.Job instance at 0x7f84b10df0a0>,7,18,[6 4],8,-1,34,-1,16
1,<environment.Job instance at 0x7f84b22ef3c0>,18,27,[1 7],19,-1,46,-1,19
1,<environment.Job instance at 0x7f84b22efcd0>,19,16,[12  5],20,-1,36,-1,20
1,<environment.Job instance at 0x7f84b22ef820>,25,13,[3 7],26,-1,39,-1,26
1,<environment.Job instance at 0x7f84baab07d0>,30,17,[5 9],31,-1,48,-1,31
1,<environment.Job instance at 0x7f84baab0c30>,31,17,[9 4],32,-1,49,-1,32
1,<environment.Job instance at 0x7f84b0f2e3c0>,37,18,[ 5 10],38,-1,80,-1,62
1,<environment.Job instance at 0x7f84baab0f50>,34,14,[9 5],35,-1,76,-1,62
1,<environment.Job instance at 0x7f84b0f2ea00>,44,18,[ 2 10],45,-1,80,-1,62
1,<environment.Job instance at 0x7f84b0f2e870>,45,14,[8 4],46,-1,76,-1,62
1,<environment.Job instance at 0x7f84b0f2e820>,46,18,[ 2 10],47,-1,80,-1,62
1,<environment.Job instance at 0x7f84b13a98c0>,47,18,[5 9],48,-1,82,-1,64
1,<environment.Job instance at 0x7f84b10df280>,5,18,[ 2 11],6,-1,82,-1,64
1,<environment.Job instance at 0x7f84b13a9e60>,50,17,[8 2],51,-1,82,-1,65
1,<environment.Job instance at 0x7f84b13a9fa0>,52,16,[6 2],53,-1,83,-1,67
1,<environment.Job instance at 0x7f84b13a97d0>,54,15,[2 5],55,-1,82,-1,67
1,<environment.Job instance at 0x7f84b13a9af0>,58,25,[5 5],59,-1,94,-1,69
1,<environment.Job instance at 0x7f84b201a780>,66,15,[2 7],67,-1,105,-1,90
1,<environment.Job instance at 0x7f84b201aa00>,65,14,[5 9],66,-1,104,-1,90
1,<environment.Job instance at 0x7f84b170fc80>,67,16,[3 5],68,-1,106,-1,90
1,<environment.Job instance at 0x7f84b13a94b0>,60,18,[14  5],61,-1,108,-1,90
1,<environment.Job instance at 0x7f84b170fc30>,69,16,[8 5],70,-1,106,-1,90
1,<environment.Job instance at 0x7f84b170fdc0>,70,22,[4 6],71,-1,112,-1,90
1,<environment.Job instance at 0x7f84b2470690>,72,18,[5 6],73,-1,108,-1,90
1,<environment.Job instance at 0x7f84b2470e10>,73,14,[4 8],74,-1,104,-1,90
1,<environment.Job instance at 0x7f84b2470820>,74,18,[10  2],75,-1,108,-1,90
1,<environment.Job instance at 0x7f84b201a690>,64,14,[7 4],65,-1,104,-1,90
1,<environment.Job instance at 0x7f84b0fa0410>,78,12,[10  5],79,-1,102,-1,90
1,<environment.Job instance at 0x7f84b2470050>,75,17,[3 9],76,-1,111,-1,94
1,<environment.Job instance at 0x7f84b1c3c550>,84,13,[9 1],85,-1,118,-1,105
1,<environment.Job instance at 0x7f84baaa3aa0>,85,16,[ 4 12],86,-1,121,-1,105
1,<environment.Job instance at 0x7f84b16a35f0>,88,18,[13  3],89,-1,123,-1,105
1,<environment.Job instance at 0x7f84b2427550>,86,3,[1 8],87,-1,108,-1,105
1,<environment.Job instance at 0x7f84b21505a0>,90,14,[ 3 10],91,-1,119,-1,105
1,<environment.Job instance at 0x7f84b14e1c30>,93,14,[9 2],94,-1,119,-1,105
1,<environment.Job instance at 0x7f84b14fef00>,94,15,[3 7],95,-1,120,-1,105
1,<environment.Job instance at 0x7f84b1aacaf0>,99,15,[4 9],100,-1,120,-1,105
1,<environment.Job instance at 0x7f84b1ef1dc0>,100,15,[1 6],101,-1,120,-1,105
1,<environment.Job instance at 0x7f84b1ef1a50>,101,22,[2 9],102,-1,127,-1,105
1,<environment.Job instance at 0x7f84b16f05a0>,113,12,[5 8],114,-1,154,-1,142
1,<environment.Job instance at 0x7f84b1b9be60>,109,18,[7 2],110,-1,164,-1,146
1,<environment.Job instance at 0x7f84b14e1140>,92,16,[14  1],93,-1,162,-1,146
1,<environment.Job instance at 0x7f84b22efa50>,0,24,[10  5],1,-1,25,-1,1
1,<environment.Job instance at 0x7f84b22ef4b0>,1,3,[ 4 12],2,-1,5,-1,2
1,<environment.Job instance at 0x7f84baab0eb0>,5,18,[ 2 11],6,-1,24,-1,6
1,<environment.Job instance at 0x7f84b22ef370>,6,13,[11  3],7,-1,20,-1,7
1,<environment.Job instance at 0x7f84b14525f0>,8,27,[5 1],9,-1,36,-1,9
1,<environment.Job instance at 0x7f84b14fe4b0>,18,27,[1 7],19,-1,63,-1,36
1,<environment.Job instance at 0x7f84b14c25f0>,19,16,[12  5],20,-1,52,-1,36
1,<environment.Job instance at 0x7f84b10c7140>,26,1,[14  4],27,-1,42,-1,41
1,<environment.Job instance at 0x7f84b2254910>,27,17,[13  5],28,-1,58,-1,41
1,<environment.Job instance at 0x7f84b23340f0>,58,25,[5 5],59,-1,210,-1,185
1,<environment.Job instance at 0x7f84b1b0ec80>,60,18,[14  5],61,-1,203,-1,185
1,<environment.Job instance at 0x7f84b234b960>,61,15,[ 1 12],62,-1,200,-1,185
1,<environment.Job instance at 0x7f84b0bf3f00>,4,13,[10  5],5,-1,19,-1,6
1,<environment.Job instance at 0x7f84b0bf38c0>,5,14,[10  1],6,-1,21,-1,7
1,<environment.Job instance at 0x7f84b0bf3460>,7,17,[1 7],8,-1,25,-1,8
1,<environment.Job instance at 0x7f84b0bf3960>,9,17,[8 4],10,-1,27,-1,10
1,<environment.Job instance at 0x7f84b0d22be0>,11,16,[2 6],12,-1,28,-1,12
1,<environment.Job instance at 0x7f84b0d225a0>,12,17,[8 1],13,-1,31,-1,14
1,<environment.Job instance at 0x7f84b0d22550>,14,13,[2 5],15,-1,28,-1,15
1,<environment.Job instance at 0x7f84b0d222d0>,15,17,[1 8],16,-1,33,-1,16
1,<environment.Job instance at 0x7f84b0d22d70>,18,14,[1 6],19,-1,33,-1,19
1,<environment.Job instance at 0x7f84b0d22460>,22,18,[6 4],23,-1,41,-1,23
1,<environment.Job instance at 0x7f84b0b40140>,23,18,[1 8],24,-1,42,-1,24
1,<environment.Job instance at 0x7f84b0b40870>,29,15,[8 4],30,-1,45,-1,30
1,<environment.Job instance at 0x7f84b0e49690>,38,18,[5 6],39,-1,57,-1,39
1,<environment.Job instance at 0x7f84b0bf39b0>,13,26,[2 9],14,-1,78,-1,52
1,<environment.Job instance at 0x7f84b0e49410>,45,16,[5 7],46,-1,68,-1,52
1,<environment.Job instance at 0x7f84b0e495a0>,46,12,[4 6],47,-1,64,-1,52
1,<environment.Job instance at 0x7f84b0e497d0>,49,23,[5 5],50,-1,75,-1,52
1,<environment.Job instance at 0x7f84b0e490f0>,50,17,[8 3],51,-1,69,-1,52
1,<environment.Job instance at 0x7f84b0e49a00>,47,16,[3 5],48,-1,68,-1,52
1,<environment.Job instance at 0x7f84b0b40d70>,35,13,[2 6],36,-1,71,-1,58
1,<environment.Job instance at 0x7f84b0e493c0>,53,13,[10  3],54,-1,71,-1,58
1,<environment.Job instance at 0x7f84b0c7ab90>,54,17,[5 6],55,-1,84,-1,67
1,<environment.Job instance at 0x7f84b0c7acd0>,62,17,[3 8],63,-1,84,-1,67
1,<environment.Job instance at 0x7f84b0b5aa50>,67,14,[9 3],68,-1,87,-1,73
1,<environment.Job instance at 0x7f84b0e49500>,51,12,[7 5],52,-1,88,-1,76
1,<environment.Job instance at 0x7f84b0b5a0a0>,69,15,[8 4],70,-1,91,-1,76
1,<environment.Job instance at 0x7f84b0c7a500>,55,24,[7 5],56,-1,100,-1,76
1,<environment.Job instance at 0x7f84b0edba00>,70,1,[13  2],71,-1,77,-1,76
1,<environment.Job instance at 0x7f84b0edb550>,71,15,[3 9],72,-1,92,-1,77
1,<environment.Job instance at 0x7f84b0edbd20>,75,19,[8 1],76,-1,96,-1,77
1,<environment.Job instance at 0x7f84b0edb0f0>,81,23,[7 5],82,-1,117,-1,94
1,<environment.Job instance at 0x7f84b0edb3c0>,83,22,[5 4],84,-1,116,-1,94
1,<environment.Job instance at 0x7f84b0edbb90>,82,28,[8 2],83,-1,122,-1,94
1,<environment.Job instance at 0x7f84b0edb4b0>,86,3,[1 8],87,-1,98,-1,95
1,<environment.Job instance at 0x7f84b0edb500>,85,17,[ 4 10],86,-1,112,-1,95
1,<environment.Job instance at 0x7f84b0c9cfa0>,93,18,[10  5],94,-1,113,-1,95
1,<environment.Job instance at 0x7f84b0edba50>,72,16,[6 3],73,-1,112,-1,96
1,<environment.Job instance at 0x7f84b0c9cc80>,90,16,[1 5],91,-1,112,-1,96
1,<environment.Job instance at 0x7f84b0e49780>,42,18,[7 3],43,-1,115,-1,97
1,<environment.Job instance at 0x7f84b2277960>,96,16,[3 6],97,-1,113,-1,97
1,<environment.Job instance at 0x7f84b20e0640>,103,18,[4 9],104,-1,123,-1,105
1,<environment.Job instance at 0x7f84b20e0e60>,104,26,[7 4],105,-1,131,-1,105
1,<environment.Job instance at 0x7f84b0cfa140>,109,12,[9 3],110,-1,122,-1,110
1,<environment.Job instance at 0x7f84b241d190>,108,16,[1 8],109,-1,130,-1,114
1,<environment.Job instance at 0x7f84bae3d5a0>,111,13,[5 5],112,-1,128,-1,115
1,<environment.Job instance at 0x7f84b1e86e60>,120,13,[8 3],121,-1,134,-1,121
1,<environment.Job instance at 0x7f84b1aea230>,121,16,[8 1],122,-1,138,-1,122
1,<environment.Job instance at 0x7f84b1fe4aa0>,114,17,[10  4],115,-1,140,-1,123
1,<environment.Job instance at 0x7f84b1906460>,130,17,[2 8],131,-1,155,-1,138
1,<environment.Job instance at 0x7f84b0ee9a00>,138,16,[10  3],139,-1,160,-1,144
1,<environment.Job instance at 0x7f84b0c9c780>,91,17,[6 5],92,-1,161,-1,144
1,<environment.Job instance at 0x7f84b0ee9370>,139,15,[9 3],140,-1,159,-1,144
1,<environment.Job instance at 0x7f84b0ee9eb0>,142,22,[6 2],143,-1,166,-1,144
1,<environment.Job instance at 0x7f84b0ee9280>,143,16,[4 9],144,-1,161,-1,145
1,<environment.Job instance at 0x7f84b0e49820>,8,2,[ 4 12],9,-1,11,-1,9
1,<environment.Job instance at 0x7f84b215a050>,16,13,[12  4],17,-1,54,-1,41
1,<environment.Job instance at 0x7f84b0b5afa0>,13,26,[2 9],14,-1,70,-1,44
1,<environment.Job instance at 0x7f84b18b3a00>,21,17,[13  5],22,-1,66,-1,49
1,<environment.Job instance at 0x7f84bab54230>,49,23,[5 5],50,-1,163,-1,140
1,<environment.Job instance at 0x7f84b19beeb0>,55,24,[7 5],56,-1,195,-1,171
1,<environment.Job instance at 0x7f84b1d15960>,57,3,[ 2 13],58,-1,174,-1,171
1,<environment.Job instance at 0x7f84b11c7c30>,4,18,[3 8],5,-1,23,-1,5
1,<environment.Job instance at 0x7f84b11c7320>,8,13,[5 9],9,-1,22,-1,9
1,<environment.Job instance at 0x7f84baa8bd70>,10,14,[5 5],11,-1,25,-1,11
1,<environment.Job instance at 0x7f84baa8b140>,11,17,[2 9],12,-1,29,-1,12
1,<environment.Job instance at 0x7f84baa76b40>,24,18,[6 3],25,-1,43,-1,25
1,<environment.Job instance at 0x7f84baa761e0>,25,23,[7 4],26,-1,49,-1,26
1,<environment.Job instance at 0x7f84baa76780>,26,23,[5 6],27,-1,50,-1,27
1,<environment.Job instance at 0x7f84baa8bc30>,22,2,[ 4 10],23,-1,30,-1,28
1,<environment.Job instance at 0x7f84baa765a0>,27,16,[2 6],28,-1,44,-1,28
1,<environment.Job instance at 0x7f84baa76640>,30,17,[6 4],31,-1,48,-1,31
1,<environment.Job instance at 0x7f84baa76730>,31,12,[ 5 11],32,-1,45,-1,33
1,<environment.Job instance at 0x7f84baa76960>,32,18,[9 5],33,-1,52,-1,34
1,<environment.Job instance at 0x7f84b1c6b230>,41,16,[8 5],42,-1,58,-1,42
1,<environment.Job instance at 0x7f84b1c6b5f0>,43,17,[ 5 12],44,-1,71,-1,54
1,<environment.Job instance at 0x7f84b1c6b320>,48,15,[6 1],49,-1,69,-1,54
1,<environment.Job instance at 0x7f84b1aea8c0>,53,20,[5 2],54,-1,82,-1,62
1,<environment.Job instance at 0x7f84b1c6b1e0>,44,17,[5 7],45,-1,79,-1,62
1,<environment.Job instance at 0x7f84b1aea690>,55,15,[8 2],56,-1,77,-1,62
1,<environment.Job instance at 0x7f84b1aeadc0>,58,12,[12  2],59,-1,74,-1,62
1,<environment.Job instance at 0x7f84baa760a0>,36,2,[4 6],37,-1,64,-1,62
1,<environment.Job instance at 0x7f84b1aead70>,59,14,[8 5],60,-1,76,-1,62
1,<environment.Job instance at 0x7f84b1aeaeb0>,61,18,[6 1],62,-1,80,-1,62
1,<environment.Job instance at 0x7f84baa76280>,37,26,[ 2 10],38,-1,88,-1,62
1,<environment.Job instance at 0x7f84b1aea960>,54,12,[ 4 10],55,-1,76,-1,64
1,<environment.Job instance at 0x7f84b2466a50>,64,12,[9 4],65,-1,77,-1,65
1,<environment.Job instance at 0x7f84b1aea780>,63,14,[2 9],64,-1,81,-1,67
1,<environment.Job instance at 0x7f84b24665a0>,70,25,[8 3],71,-1,98,-1,73
1,<environment.Job instance at 0x7f84b2466730>,71,27,[8 1],72,-1,100,-1,73
1,<environment.Job instance at 0x7f84baa766e0>,35,15,[9 5],36,-1,92,-1,77
1,<environment.Job instance at 0x7f84b16ea230>,76,17,[3 8],77,-1,94,-1,77
1,<environment.Job instance at 0x7f84b16ea0a0>,77,27,[2 6],78,-1,105,-1,78
1,<environment.Job instance at 0x7f84b16ea640>,79,18,[5 2],80,-1,101,-1,83
1,<environment.Job instance at 0x7f84b16ead70>,85,18,[5 5],86,-1,104,-1,86
1,<environment.Job instance at 0x7f84b17e3d70>,90,17,[4 8],91,-1,113,-1,96
1,<environment.Job instance at 0x7f84b1aea280>,60,2,[ 4 14],61,-1,98,-1,96
1,<environment.Job instance at 0x7f84b17e33c0>,92,17,[ 4 10],93,-1,113,-1,96
1,<environment.Job instance at 0x7f84b17e3640>,91,17,[3 6],92,-1,113,-1,96
1,<environment.Job instance at 0x7f84b16ea4b0>,82,13,[9 4],83,-1,113,-1,100
1,<environment.Job instance at 0x7f84b0cb1f00>,99,18,[5 5],100,-1,119,-1,101
1,<environment.Job instance at 0x7f84b0cb1f50>,100,16,[5 4],101,-1,118,-1,102
1,<environment.Job instance at 0x7f84b16ea050>,87,26,[ 5 10],88,-1,129,-1,103
1,<environment.Job instance at 0x7f84b0cb11e0>,102,28,[5 1],103,-1,131,-1,103
1,<environment.Job instance at 0x7f84b0cb1af0>,104,17,[6 1],105,-1,124,-1,107
1,<environment.Job instance at 0x7f84baa9b410>,111,17,[ 4 10],112,-1,129,-1,112
1,<environment.Job instance at 0x7f84b1683820>,115,18,[5 3],116,-1,134,-1,116
1,<environment.Job instance at 0x7f84b1c7c0a0>,114,23,[2 9],115,-1,141,-1,118
1,<environment.Job instance at 0x7f84b1b9b0a0>,122,16,[9 2],123,-1,150,-1,134
1,<environment.Job instance at 0x7f84b2263140>,123,15,[5 8],124,-1,149,-1,134
1,<environment.Job instance at 0x7f84b1cdc9b0>,136,22,[7 4],137,-1,181,-1,159
1,<environment.Job instance at 0x7f84b1cdc7d0>,138,18,[5 5],139,-1,177,-1,159
1,<environment.Job instance at 0x7f84b2466f00>,2,16,[11  5],3,-1,19,-1,3
1,<environment.Job instance at 0x7f84b149d7d0>,25,23,[7 4],26,-1,79,-1,56
1,<environment.Job instance at 0x7f84b11c7730>,26,23,[5 6],27,-1,79,-1,56
1,<environment.Job instance at 0x7f84b189c1e0>,28,25,[ 5 10],29,-1,87,-1,62
1,<environment.Job instance at 0x7f84b202cfa0>,31,12,[ 5 11],32,-1,82,-1,70
1,<environment.Job instance at 0x7f84b11cb9b0>,37,26,[ 2 10],38,-1,134,-1,108
1,<environment.Job instance at 0x7f84b25580a0>,43,17,[ 5 12],44,-1,137,-1,120
1,<environment.Job instance at 0x7f84b20b9e60>,57,2,[ 5 11],58,-1,157,-1,155
1,<environment.Job instance at 0x7f84b1c587d0>,58,12,[12  2],59,-1,167,-1,155
1,<environment.Job instance at 0x7f84b1c58500>,60,2,[ 4 14],61,-1,158,-1,156
1,<environment.Job instance at 0x7f84baa7edc0>,1,24,[2 6],2,-1,26,-1,2
1,<environment.Job instance at 0x7f84b1982230>,2,15,[4 9],3,-1,18,-1,3
1,<environment.Job instance at 0x7f84b1982e10>,9,16,[ 1 10],10,-1,26,-1,10
1,<environment.Job instance at 0x7f84b15a42d0>,13,21,[5 4],14,-1,35,-1,14
1,<environment.Job instance at 0x7f84b15a4280>,14,17,[11  5],15,-1,32,-1,15
1,<environment.Job instance at 0x7f84b15a45f0>,16,12,[10  3],17,-1,32,-1,20
1,<environment.Job instance at 0x7f84b15a4b40>,21,12,[4 6],22,-1,34,-1,22
1,<environment.Job instance at 0x7f84b15a4eb0>,22,18,[10  3],23,-1,41,-1,23
1,<environment.Job instance at 0x7f84b15a4f50>,24,24,[5 8],25,-1,49,-1,25
1,<environment.Job instance at 0x7f84b16040a0>,26,24,[10  2],27,-1,59,-1,35
1,<environment.Job instance at 0x7f84b1604b90>,36,23,[9 5],37,-1,60,-1,37
1,<environment.Job instance at 0x7f84b1604c80>,37,18,[1 8],38,-1,57,-1,39
1,<environment.Job instance at 0x7f84b1604be0>,39,17,[6 3],40,-1,60,-1,43
1,<environment.Job instance at 0x7f84b1604a50>,33,17,[7 2],34,-1,61,-1,44
1,<environment.Job instance at 0x7f84b19b53c0>,43,17,[10  3],44,-1,61,-1,44
1,<environment.Job instance at 0x7f84b19b54b0>,45,16,[7 4],46,-1,62,-1,46
1,<environment.Job instance at 0x7f84b19b5500>,46,13,[4 6],47,-1,60,-1,47
1,<environment.Job instance at 0x7f84b1604aa0>,34,18,[1 8],35,-1,71,-1,53
1,<environment.Job instance at 0x7f84b19b5b90>,52,17,[6 3],53,-1,70,-1,53
1,<environment.Job instance at 0x7f84b19b5be0>,53,27,[5 6],54,-1,81,-1,54
1,<environment.Job instance at 0x7f84b19890f0>,56,16,[ 3 11],57,-1,76,-1,60
1,<environment.Job instance at 0x7f84b1989550>,64,27,[3 8],65,-1,92,-1,65
1,<environment.Job instance at 0x7f84b19893c0>,61,12,[10  1],62,-1,80,-1,68
1,<environment.Job instance at 0x7f84b1989dc0>,68,15,[5 4],69,-1,84,-1,69
1,<environment.Job instance at 0x7f84b0dfbcd0>,69,17,[7 5],70,-1,87,-1,70
1,<environment.Job instance at 0x7f84b1604320>,27,18,[3 8],28,-1,91,-1,73
1,<environment.Job instance at 0x7f84b19aae60>,71,15,[4 9],72,-1,88,-1,73
1,<environment.Job instance at 0x7f84b19aaa00>,73,18,[1 8],74,-1,92,-1,74
1,<environment.Job instance at 0x7f84b1592730>,74,17,[3 6],75,-1,92,-1,75
1,<environment.Job instance at 0x7f84b1d096e0>,76,15,[8 5],77,-1,96,-1,81
1,<environment.Job instance at 0x7f84b19bb1e0>,83,12,[9 4],84,-1,97,-1,85
1,<environment.Job instance at 0x7f84b11522d0>,80,16,[10  3],81,-1,101,-1,85
1,<environment.Job instance at 0x7f84b20642d0>,91,13,[ 1 10],92,-1,109,-1,96
1,<environment.Job instance at 0x7f84b2064f50>,93,14,[4 9],94,-1,110,-1,96
1,<environment.Job instance at 0x7f84b1167910>,95,13,[ 3 10],96,-1,112,-1,99
1,<environment.Job instance at 0x7f84b2066d20>,99,18,[8 2],100,-1,118,-1,100
1,<environment.Job instance at 0x7f84b2066e60>,100,24,[9 4],101,-1,125,-1,101
1,<environment.Job instance at 0x7f84b1111730>,89,13,[4 9],90,-1,115,-1,102
1,<environment.Job instance at 0x7f84b2066a00>,101,17,[5 4],102,-1,119,-1,102
1,<environment.Job instance at 0x7f84b20660a0>,106,18,[10  1],107,-1,129,-1,111
1,<environment.Job instance at 0x7f84b2331500>,92,17,[3 8],93,-1,131,-1,114
1,<environment.Job instance at 0x7f84b15928c0>,75,27,[4 6],76,-1,141,-1,114
1,<environment.Job instance at 0x7f84b20666e0>,109,15,[ 4 10],110,-1,138,-1,123
1,<environment.Job instance at 0x7f84b2066500>,110,17,[3 8],111,-1,141,-1,124
1,<environment.Job instance at 0x7f84b19890a0>,58,25,[11  1],59,-1,152,-1,127
1,<environment.Job instance at 0x7f84b10655a0>,111,16,[12  1],112,-1,143,-1,127
1,<environment.Job instance at 0x7f84b207bb90>,117,18,[3 9],118,-1,150,-1,132
1,<environment.Job instance at 0x7f84b1118c80>,98,14,[10  3],99,-1,147,-1,133
1,<environment.Job instance at 0x7f84b207b320>,118,12,[3 9],119,-1,147,-1,135
1,<environment.Job instance at 0x7f84b2077320>,128,21,[7 1],129,-1,188,-1,167
1,<environment.Job instance at 0x7f84b1166be0>,134,15,[4 8],135,-1,182,-1,167
1,<environment.Job instance at 0x7f84b15a4a00>,1,24,[2 6],2,-1,26,-1,2
1,<environment.Job instance at 0x7f84b207b500>,14,17,[11  5],15,-1,38,-1,21
1,<environment.Job instance at 0x7f84b20710a0>,15,15,[ 2 12],16,-1,36,-1,21
1,<environment.Job instance at 0x7f84b1bb8e60>,24,24,[5 8],25,-1,73,-1,49
1,<environment.Job instance at 0x7f84b1af3320>,26,24,[10  2],27,-1,79,-1,55
1,<environment.Job instance at 0x7f84b167e1e0>,30,2,[14  3],31,-1,58,-1,56
1,<environment.Job instance at 0x7f84b2418140>,36,23,[9 5],37,-1,129,-1,106
1,<environment.Job instance at 0x7f84b0e16410>,49,1,[13  5],50,-1,129,-1,128
1,<environment.Job instance at 0x7f84b247d690>,53,27,[5 6],54,-1,184,-1,157
1,<environment.Job instance at 0x7f84b247d230>,56,16,[ 3 11],57,-1,173,-1,157
1,<environment.Job instance at 0x7f84b0e49370>,58,25,[11  1],59,-1,182,-1,157
1,<environment.Job instance at 0x7f84b1aeaf00>,64,27,[3 8],65,-1,191,-1,164
1,<environment.Job instance at 0x7f84b1a100f0>,70,18,[12  3],71,-1,196,-1,178
1,<environment.Job instance at 0x7f84b15a2140>,5,18,[7 4],6,-1,24,-1,6
1,<environment.Job instance at 0x7f84b15a2e60>,9,17,[4 6],10,-1,27,-1,10
1,<environment.Job instance at 0x7f84b0c88140>,15,17,[4 6],16,-1,33,-1,16
1,<environment.Job instance at 0x7f84b0c88dc0>,16,15,[10  5],17,-1,37,-1,22
1,<environment.Job instance at 0x7f84bac4bbe0>,22,17,[ 1 10],23,-1,40,-1,23
1,<environment.Job instance at 0x7f84b1fd4050>,24,15,[7 5],25,-1,40,-1,25
1,<environment.Job instance at 0x7f84b0c90eb0>,26,15,[5 5],27,-1,42,-1,27
1,<environment.Job instance at 0x7f84b0c90a50>,27,17,[9 4],28,-1,45,-1,28
1,<environment.Job instance at 0x7f84b0b85d70>,30,18,[2 9],31,-1,49,-1,31
1,<environment.Job instance at 0x7f84bac4b8c0>,21,13,[ 3 11],22,-1,44,-1,31
1,<environment.Job instance at 0x7f84b1de4eb0>,32,16,[2 8],33,-1,49,-1,33
1,<environment.Job instance at 0x7f84b1de4d70>,34,14,[7 2],35,-1,49,-1,35
1,<environment.Job instance at 0x7f84b1dd1e10>,36,13,[10  2],37,-1,53,-1,40
1,<environment.Job instance at 0x7f84b1dd1b90>,40,16,[1 9],41,-1,57,-1,41
1,<environment.Job instance at 0x7f84b0e8ba50>,42,16,[5 3],43,-1,59,-1,43
1,<environment.Job instance at 0x7f84b111cdc0>,43,15,[9 4],44,-1,59,-1,44
1,<environment.Job instance at 0x7f84b1dd1e60>,39,20,[7 2],40,-1,64,-1,44
1,<environment.Job instance at 0x7f84b22efc30>,48,22,[ 3 10],49,-1,71,-1,49
1,<environment.Job instance at 0x7f84b22940f0>,49,12,[7 5],50,-1,63,-1,51
1,<environment.Job instance at 0x7f84b2294b90>,51,14,[ 5 10],52,-1,66,-1,52
1,<environment.Job instance at 0x7f84b22945f0>,52,17,[5 8],53,-1,70,-1,53
1,<environment.Job instance at 0x7f84b22edd20>,53,14,[5 7],54,-1,68,-1,54
1,<environment.Job instance at 0x7f84b22ed3c0>,54,19,[3 7],55,-1,74,-1,55
1,<environment.Job instance at 0x7f84b22edc80>,55,12,[ 4 10],56,-1,68,-1,56
1,<environment.Job instance at 0x7f84b22edaa0>,57,23,[3 5],58,-1,81,-1,58
1,<environment.Job instance at 0x7f84b22ed460>,58,16,[1 9],59,-1,75,-1,59
1,<environment.Job instance at 0x7f84b22ed550>,59,16,[1 8],60,-1,76,-1,60
1,<environment.Job instance at 0x7f84b22eddc0>,60,28,[2 6],61,-1,89,-1,61
1,<environment.Job instance at 0x7f84b0e0feb0>,66,16,[6 2],67,-1,83,-1,67
1,<environment.Job instance at 0x7f84b0e0f8c0>,69,23,[8 2],70,-1,93,-1,70
1,<environment.Job instance at 0x7f84b0e0fa00>,71,16,[1 7],72,-1,88,-1,72
1,<environment.Job instance at 0x7f84b1df49b0>,73,19,[3 9],74,-1,93,-1,74
1,<environment.Job instance at 0x7f84b1df4be0>,75,17,[9 1],76,-1,93,-1,76
1,<environment.Job instance at 0x7f84b0c75fa0>,77,14,[5 6],78,-1,92,-1,78
1,<environment.Job instance at 0x7f84b0c75640>,78,12,[7 2],79,-1,91,-1,79
1,<environment.Job instance at 0x7f84b0c75e10>,79,18,[5 3],80,-1,98,-1,80
1,<environment.Job instance at 0x7f84b0c75a50>,81,20,[10  2],82,-1,103,-1,83
1,<environment.Job instance at 0x7f84b0c75730>,84,14,[ 3 10],85,-1,99,-1,85
1,<environment.Job instance at 0x7f84b0c75460>,85,15,[2 6],86,-1,101,-1,86
1,<environment.Job instance at 0x7f84b0c750f0>,87,18,[1 8],88,-1,106,-1,88
1,<environment.Job instance at 0x7f84b1efd5f0>,90,18,[8 3],91,-1,109,-1,91
1,<environment.Job instance at 0x7f84b1efd1e0>,93,17,[6 1],94,-1,117,-1,100
1,<environment.Job instance at 0x7f84b1982320>,99,27,[3 5],100,-1,127,-1,100
1,<environment.Job instance at 0x7f84b22ef640>,50,13,[ 2 13],51,-1,114,-1,101
1,<environment.Job instance at 0x7f84b215a9b0>,101,16,[5 5],102,-1,118,-1,102
1,<environment.Job instance at 0x7f84b1efd550>,94,12,[4 5],95,-1,116,-1,104
1,<environment.Job instance at 0x7f84b1fe8c80>,103,13,[3 7],104,-1,117,-1,104
1,<environment.Job instance at 0x7f84b1fe8050>,104,15,[7 4],105,-1,120,-1,105
1,<environment.Job instance at 0x7f84b1807780>,98,27,[6 3],99,-1,138,-1,111
1,<environment.Job instance at 0x7f84b194d1e0>,107,17,[4 9],108,-1,131,-1,114
1,<environment.Job instance at 0x7f84b1509460>,110,23,[5 8],111,-1,137,-1,114
1,<environment.Job instance at 0x7f84b0c751e0>,83,15,[ 3 14],84,-1,129,-1,114
1,<environment.Job instance at 0x7f84b215af00>,109,13,[10  2],110,-1,127,-1,114
1,<environment.Job instance at 0x7f84b15095f0>,111,12,[8 5],112,-1,126,-1,114
1,<environment.Job instance at 0x7f84b22e0cd0>,114,18,[3 5],115,-1,133,-1,115
1,<environment.Job instance at 0x7f84b1509410>,112,17,[ 5 10],113,-1,133,-1,116
1,<environment.Job instance at 0x7f84b24745a0>,118,15,[8 2],119,-1,134,-1,119
1,<environment.Job instance at 0x7f84bb0b9370>,119,13,[10  2],120,-1,133,-1,120
1,<environment.Job instance at 0x7f84baa7e4b0>,120,12,[8 3],121,-1,134,-1,122
1,<environment.Job instance at 0x7f84b0e7ec30>,121,14,[9 3],122,-1,136,-1,122
1,<environment.Job instance at 0x7f84b1cc5640>,122,14,[ 3 10],123,-1,137,-1,123
1,<environment.Job instance at 0x7f84b1119730>,126,13,[ 5 10],127,-1,141,-1,128
1,<environment.Job instance at 0x7f84b1c7e0f0>,132,16,[1 7],133,-1,149,-1,133
1,<environment.Job instance at 0x7f84b0be9190>,134,18,[2 5],135,-1,153,-1,135
1,<environment.Job instance at 0x7f84b0d422d0>,135,18,[2 9],136,-1,154,-1,136
1,<environment.Job instance at 0x7f84b1fc16e0>,137,15,[10  1],138,-1,154,-1,139
1,<environment.Job instance at 0x7f84b15c7870>,138,28,[9 5],139,-1,167,-1,139
1,<environment.Job instance at 0x7f84b0daa0f0>,145,17,[8 3],146,-1,165,-1,148
1,<environment.Job instance at 0x7f84b19be140>,146,22,[4 9],147,-1,170,-1,148
1,<environment.Job instance at 0x7f84b15fc6e0>,14,12,[ 4 13],15,-1,31,-1,19
1,<environment.Job instance at 0x7f84bae7bd20>,20,2,[ 2 12],21,-1,37,-1,35
1,<environment.Job instance at 0x7f84b0e43fa0>,21,13,[ 3 11],22,-1,48,-1,35
1,<environment.Job instance at 0x7f84b2077b90>,35,1,[14  5],36,-1,99,-1,98
1,<environment.Job instance at 0x7f84b20666e0>,37,2,[ 5 12],38,-1,100,-1,98
1,<environment.Job instance at 0x7f84b10c4f50>,45,2,[ 2 12],46,-1,133,-1,131
1,<environment.Job instance at 0x7f84b0b54a50>,50,13,[ 2 13],51,-1,162,-1,149
1,<environment.Job instance at 0x7f84b1930cd0>,57,23,[3 5],58,-1,200,-1,177
1,<environment.Job instance at 0x7f84b10c7280>,0,18,[3 7],1,-1,19,-1,1
1,<environment.Job instance at 0x7f84b11282d0>,9,13,[ 5 11],10,-1,24,-1,11
1,<environment.Job instance at 0x7f84b1128550>,12,18,[1 5],13,-1,31,-1,13
1,<environment.Job instance at 0x7f84b1128780>,13,3,[ 3 14],14,-1,17,-1,14
1,<environment.Job instance at 0x7f84b1128f50>,14,22,[7 4],15,-1,37,-1,15
1,<environment.Job instance at 0x7f84b1128eb0>,16,17,[5 8],17,-1,34,-1,17
1,<environment.Job instance at 0x7f84b11285a0>,20,20,[ 3 10],21,-1,41,-1,21
1,<environment.Job instance at 0x7f84b10c7aa0>,10,17,[10  2],11,-1,38,-1,21
1,<environment.Job instance at 0x7f84b110b9b0>,22,14,[11  5],23,-1,39,-1,25
1,<environment.Job instance at 0x7f84b110bb40>,27,15,[4 6],28,-1,43,-1,28
1,<environment.Job instance at 0x7f84b110bdc0>,29,18,[1 9],30,-1,48,-1,30
1,<environment.Job instance at 0x7f84b110b690>,24,16,[9 5],25,-1,47,-1,31
1,<environment.Job instance at 0x7f84b10c97d0>,38,17,[3 8],39,-1,56,-1,39
1,<environment.Job instance at 0x7f84b10c9370>,39,14,[5 4],40,-1,54,-1,40
1,<environment.Job instance at 0x7f84b22bd4b0>,41,12,[6 4],42,-1,55,-1,43
1,<environment.Job instance at 0x7f84b22bd5f0>,44,16,[9 1],45,-1,61,-1,45
1,<environment.Job instance at 0x7f84b22bdd20>,42,14,[ 2 11],43,-1,69,-1,55
1,<environment.Job instance at 0x7f84b23095f0>,57,13,[5 6],58,-1,71,-1,58
1,<environment.Job instance at 0x7f84b22bd820>,49,18,[6 3],50,-1,85,-1,67
1,<environment.Job instance at 0x7f84b2309be0>,52,17,[9 3],53,-1,84,-1,67
1,<environment.Job instance at 0x7f84b2309fa0>,59,19,[2 5],60,-1,90,-1,71
1,<environment.Job instance at 0x7f84b169f690>,69,18,[2 7],70,-1,89,-1,71
1,<environment.Job instance at 0x7f84b169f820>,70,16,[ 1 10],71,-1,87,-1,71
1,<environment.Job instance at 0x7f84b19c3e60>,71,13,[4 5],72,-1,85,-1,72
1,<environment.Job instance at 0x7f84b1687a00>,73,23,[5 6],74,-1,97,-1,74
1,<environment.Job instance at 0x7f84b2138140>,76,16,[10  2],77,-1,94,-1,78
1,<environment.Job instance at 0x7f84b0b3beb0>,2,22,[ 4 11],3,-1,25,-1,3
1,<environment.Job instance at 0x7f84b0b3b280>,6,15,[13  2],7,-1,22,-1,7
1,<environment.Job instance at 0x7f84b191ff00>,9,13,[ 5 11],10,-1,23,-1,10
1,<environment.Job instance at 0x7f84b0dc0280>,13,3,[ 3 14],14,-1,22,-1,19
1,<environment.Job instance at 0x7f84b135dbe0>,18,17,[14  2],19,-1,39,-1,22
1,<environment.Job instance at 0x7f84b1aea460>,22,14,[11  5],23,-1,52,-1,38
1,<environment.Job instance at 0x7f84b2456780>,37,1,[12  4],38,-1,68,-1,67
1,<environment.Job instance at 0x7f84b1039e10>,42,14,[ 2 11],43,-1,101,-1,87
1,<environment.Job instance at 0x7f84b1abfeb0>,45,13,[ 3 14],46,-1,102,-1,89
1,<environment.Job instance at 0x7f84b24183c0>,61,1,[12  1],62,-1,142,-1,141
1,<environment.Job instance at 0x7f84b1f75fa0>,63,3,[ 3 12],64,-1,145,-1,142
1,<environment.Job instance at 0x7f84b1ccb640>,5,27,[4 6],6,-1,33,-1,6
1,<environment.Job instance at 0x7f84b1ccb280>,7,17,[2 8],8,-1,26,-1,9
1,<environment.Job instance at 0x7f84b17c3d20>,8,18,[5 5],9,-1,27,-1,9
1,<environment.Job instance at 0x7f84b1ccbaf0>,12,16,[ 1 10],13,-1,29,-1,13
1,<environment.Job instance at 0x7f84b1ccbbe0>,13,15,[4 8],14,-1,29,-1,14
1,<environment.Job instance at 0x7f84b1ccbfa0>,17,17,[2 5],18,-1,35,-1,18
1,<environment.Job instance at 0x7f84b1d05050>,19,17,[9 4],20,-1,37,-1,20
1,<environment.Job instance at 0x7f84b1d05280>,20,15,[10  4],21,-1,36,-1,21
1,<environment.Job instance at 0x7f84b1d053c0>,22,14,[1 8],23,-1,37,-1,23
1,<environment.Job instance at 0x7f84b1d054b0>,23,17,[7 4],24,-1,41,-1,24
1,<environment.Job instance at 0x7f84b1d05c30>,31,23,[5 2],32,-1,55,-1,32
1,<environment.Job instance at 0x7f84b1ce32d0>,37,17,[9 5],38,-1,56,-1,39
1,<environment.Job instance at 0x7f84b1ce39b0>,43,15,[5 6],44,-1,65,-1,50
1,<environment.Job instance at 0x7f84b1ce3b90>,44,16,[10  5],45,-1,68,-1,52
1,<environment.Job instance at 0x7f84b1cf1280>,52,2,[10  5],53,-1,56,-1,54
1,<environment.Job instance at 0x7f84b1ce3f50>,51,19,[10  5],52,-1,73,-1,54
1,<environment.Job instance at 0x7f84b1cf10f0>,50,14,[5 6],51,-1,68,-1,54
1,<environment.Job instance at 0x7f84b1cf1780>,56,15,[5 8],57,-1,72,-1,57
1,<environment.Job instance at 0x7f84b1cf1730>,57,13,[ 1 10],58,-1,71,-1,58
1,<environment.Job instance at 0x7f84b1cf18c0>,59,17,[2 5],60,-1,77,-1,60
1,<environment.Job instance at 0x7f84b1cf1aa0>,60,13,[ 2 10],61,-1,74,-1,61
1,<environment.Job instance at 0x7f84b1cf1910>,61,18,[4 5],62,-1,80,-1,62
1,<environment.Job instance at 0x7f84b1cf1be0>,63,12,[5 2],64,-1,76,-1,64
1,<environment.Job instance at 0x7f84b1ce3370>,38,18,[ 4 13],39,-1,82,-1,64
1,<environment.Job instance at 0x7f84b1cf1cd0>,66,18,[3 7],67,-1,85,-1,67
1,<environment.Job instance at 0x7f84b1ce1280>,69,18,[6 5],70,-1,88,-1,70
1,<environment.Job instance at 0x7f84b1d059b0>,32,17,[ 5 14],33,-1,94,-1,77
1,<environment.Job instance at 0x7f84b1ce1550>,76,28,[9 5],77,-1,105,-1,77
1,<environment.Job instance at 0x7f84b1ce1870>,75,18,[1 6],76,-1,103,-1,85
1,<environment.Job instance at 0x7f84b1ce1aa0>,81,18,[9 3],82,-1,103,-1,85
1,<environment.Job instance at 0x7f84b1ce1e10>,82,17,[4 8],83,-1,103,-1,86
1,<environment.Job instance at 0x7f84b1ce1d70>,83,18,[8 3],84,-1,105,-1,87
1,<environment.Job instance at 0x7f84b203e9b0>,93,18,[2 6],94,-1,126,-1,108
1,<environment.Job instance at 0x7f84b203ec30>,97,18,[3 8],98,-1,132,-1,114
1,<environment.Job instance at 0x7f84b203ed70>,99,15,[10  3],100,-1,135,-1,120
1,<environment.Job instance at 0x7f84b203edc0>,101,17,[9 5],102,-1,137,-1,120
1,<environment.Job instance at 0x7f84b203ee60>,102,19,[1 5],103,-1,139,-1,120
1,<environment.Job instance at 0x7f84b12ca910>,106,14,[14  5],107,-1,144,-1,130
1,<environment.Job instance at 0x7f84b12bc0f0>,105,16,[ 4 10],106,-1,149,-1,133
1,<environment.Job instance at 0x7f84b1ccf500>,109,14,[9 3],110,-1,147,-1,133
1,<environment.Job instance at 0x7f84b1ccf280>,111,14,[7 4],112,-1,160,-1,146
1,<environment.Job instance at 0x7f84b1ccf2d0>,113,23,[5 6],114,-1,169,-1,146
1,<environment.Job instance at 0x7f84b1ce15f0>,72,14,[4 6],73,-1,160,-1,146
1,<environment.Job instance at 0x7f84b1cded70>,119,16,[ 5 10],120,-1,172,-1,156
1,<environment.Job instance at 0x7f84b1cf8dc0>,123,23,[5 7],124,-1,183,-1,160
1,<environment.Job instance at 0x7f84b1cf84b0>,124,28,[8 5],125,-1,188,-1,160
1,<environment.Job instance at 0x7f84b1cc82d0>,126,23,[3 7],127,-1,184,-1,161
1,<environment.Job instance at 0x7f84b1ccf6e0>,108,16,[8 1],109,-1,177,-1,161
1,<environment.Job instance at 0x7f84b2037dc0>,128,17,[8 1],129,-1,178,-1,161
1,<environment.Job instance at 0x7f84b2037820>,130,15,[7 4],131,-1,176,-1,161
1,<environment.Job instance at 0x7f84b1ce30a0>,5,27,[4 6],6,-1,33,-1,6
1,<environment.Job instance at 0x7f84b1ce1910>,9,24,[9 1],10,-1,54,-1,30
1,<environment.Job instance at 0x7f84b1cf7aa0>,18,1,[ 2 12],19,-1,31,-1,30
1,<environment.Job instance at 0x7f84b20278c0>,26,13,[11  2],27,-1,72,-1,59
1,<environment.Job instance at 0x7f84b1a4bc80>,31,23,[5 2],32,-1,98,-1,75
1,<environment.Job instance at 0x7f84b1930cd0>,32,17,[ 5 14],33,-1,92,-1,75
1,<environment.Job instance at 0x7f84b1a4b320>,33,28,[10  4],34,-1,103,-1,75
1,<environment.Job instance at 0x7f84b0f35f00>,38,18,[ 4 13],39,-1,96,-1,78
1,<environment.Job instance at 0x7f84b230e230>,0,27,[7 2],1,-1,28,-1,1
1,<environment.Job instance at 0x7f84b12f26e0>,13,13,[6 3],14,-1,28,-1,15
1,<environment.Job instance at 0x7f84b1816280>,22,17,[9 5],23,-1,46,-1,29
1,<environment.Job instance at 0x7f84bb0c6320>,0,27,[7 2],1,-1,28,-1,1
1,<environment.Job instance at 0x7f84bb0c6230>,1,26,[ 5 11],2,-1,28,-1,2
1,<environment.Job instance at 0x7f84b1128460>,5,15,[ 5 13],6,-1,21,-1,6
1,<environment.Job instance at 0x7f84b1128aa0>,8,12,[12  3],9,-1,21,-1,9
1,<environment.Job instance at 0x7f84b1ce3e60>,15,12,[14  1],16,-1,32,-1,20
1,<environment.Job instance at 0x7f84b247b410>,17,16,[ 2 12],18,-1,37,-1,21
1,<environment.Job instance at 0x7f84b1f63050>,19,2,[ 1 11],20,-1,24,-1,22
1,<environment.Job instance at 0x7f84b1ce18c0>,33,24,[10  4],34,-1,73,-1,49
1,<environment.Job instance at 0x7f84b1a8af50>,37,2,[ 3 11],38,-1,52,-1,50
1,<environment.Job instance at 0x7f84b12af640>,55,25,[8 3],56,-1,143,-1,118
1,<environment.Job instance at 0x7f84b12ca7d0>,58,12,[ 2 12],59,-1,130,-1,118
1,<environment.Job instance at 0x7f84b1905780>,0,16,[7 5],1,-1,17,-1,1
1,<environment.Job instance at 0x7f84b19053c0>,3,17,[3 7],4,-1,21,-1,4
1,<environment.Job instance at 0x7f84b1905aa0>,9,17,[10  4],10,-1,29,-1,12
1,<environment.Job instance at 0x7f84b19051e0>,11,26,[3 8],12,-1,38,-1,12
1,<environment.Job instance at 0x7f84b1d360f0>,23,18,[2 9],24,-1,43,-1,25
1,<environment.Job instance at 0x7f84b1d36500>,25,13,[8 2],26,-1,39,-1,26
1,<environment.Job instance at 0x7f84b1d362d0>,26,13,[4 5],27,-1,40,-1,27
1,<environment.Job instance at 0x7f84b1d36be0>,27,17,[7 5],28,-1,45,-1,28
1,<environment.Job instance at 0x7f84b1ff57d0>,28,24,[10  5],29,-1,53,-1,29
1,<environment.Job instance at 0x7f84b1ff5c80>,29,15,[3 5],30,-1,45,-1,30
1,<environment.Job instance at 0x7f84b1926af0>,33,19,[5 5],34,-1,53,-1,34
1,<environment.Job instance at 0x7f84b1dc5b40>,34,16,[1 7],35,-1,51,-1,35
1,<environment.Job instance at 0x7f84b15eee10>,36,14,[2 9],37,-1,51,-1,37
1,<environment.Job instance at 0x7f84b1723960>,38,15,[4 7],39,-1,54,-1,39
1,<environment.Job instance at 0x7f84b192a6e0>,39,13,[3 7],40,-1,53,-1,40
1,<environment.Job instance at 0x7f84b192a910>,40,17,[9 5],41,-1,58,-1,41
1,<environment.Job instance at 0x7f84b192a0a0>,41,14,[5 4],42,-1,56,-1,42
1,<environment.Job instance at 0x7f84b192acd0>,43,20,[1 7],44,-1,64,-1,44
1,<environment.Job instance at 0x7f84b192a320>,44,14,[9 2],45,-1,59,-1,45
1,<environment.Job instance at 0x7f84b192a780>,46,28,[2 6],47,-1,75,-1,47
1,<environment.Job instance at 0x7f84b192adc0>,47,15,[3 7],48,-1,63,-1,48
1,<environment.Job instance at 0x7f84b0d9b690>,51,16,[9 2],52,-1,68,-1,52
1,<environment.Job instance at 0x7f84b0d9baf0>,52,14,[2 8],53,-1,67,-1,53
1,<environment.Job instance at 0x7f84b0c6b690>,55,16,[7 4],56,-1,72,-1,56
1,<environment.Job instance at 0x7f84b0fb3410>,59,18,[7 3],60,-1,78,-1,60
1,<environment.Job instance at 0x7f84b0fb4230>,62,16,[1 7],63,-1,79,-1,63
1,<environment.Job instance at 0x7f84b2558960>,5,18,[ 5 11],6,-1,24,-1,6
1,<environment.Job instance at 0x7f84b2309050>,11,26,[3 8],12,-1,45,-1,19
1,<environment.Job instance at 0x7f84bab3c960>,13,17,[ 5 13],14,-1,36,-1,19
1,<environment.Job instance at 0x7f84b0c66640>,19,2,[ 1 14],20,-1,25,-1,23
1,<environment.Job instance at 0x7f84bae41f00>,24,24,[ 3 10],25,-1,58,-1,34
1,<environment.Job instance at 0x7f84b23ba230>,28,24,[10  5],29,-1,71,-1,47
1,<environment.Job instance at 0x7f84b105c960>,45,3,[ 4 13],46,-1,123,-1,120
1,<environment.Job instance at 0x7f84b0cd0050>,46,28,[2 6],47,-1,148,-1,120
1,<environment.Job instance at 0x7f84b0ee9870>,49,26,[10  1],50,-1,154,-1,128
1,<environment.Job instance at 0x7f84b151a640>,57,16,[13  3],58,-1,172,-1,156
1,<environment.Job instance at 0x7f84b142c870>,1,18,[2 8],2,-1,20,-1,2
1,<environment.Job instance at 0x7f84b142cfa0>,2,18,[3 8],3,-1,21,-1,3
1,<environment.Job instance at 0x7f84baabe3c0>,8,24,[7 5],9,-1,33,-1,9
1,<environment.Job instance at 0x7f84b0e49d20>,9,14,[9 5],10,-1,25,-1,11
1,<environment.Job instance at 0x7f84b0e490a0>,11,21,[5 3],12,-1,33,-1,12
1,<environment.Job instance at 0x7f84b0e49050>,13,18,[5 6],14,-1,32,-1,14
1,<environment.Job instance at 0x7f84b179f280>,14,15,[1 5],15,-1,30,-1,15
1,<environment.Job instance at 0x7f84b0e49820>,17,12,[1 6],18,-1,30,-1,18
1,<environment.Job instance at 0x7f84b1af3af0>,20,18,[ 4 10],21,-1,39,-1,21
1,<environment.Job instance at 0x7f84b225fcd0>,10,13,[5 6],11,-1,34,-1,21
1,<environment.Job instance at 0x7f84b113bc80>,26,17,[10  3],27,-1,45,-1,28
1,<environment.Job instance at 0x7f84b131e0f0>,27,25,[4 6],28,-1,53,-1,28
1,<environment.Job instance at 0x7f84b2380780>,28,17,[ 2 10],29,-1,47,-1,30
1,<environment.Job instance at 0x7f84b24db0f0>,31,23,[10  1],32,-1,55,-1,32
1,<environment.Job instance at 0x7f84b0e43be0>,32,14,[5 8],33,-1,47,-1,33
1,<environment.Job instance at 0x7f84b1e15370>,33,26,[10  2],34,-1,60,-1,34
1,<environment.Job instance at 0x7f84b1e15aa0>,35,15,[5 2],36,-1,51,-1,36
1,<environment.Job instance at 0x7f84b12bc690>,36,16,[ 1 10],37,-1,53,-1,37
1,<environment.Job instance at 0x7f84b1785be0>,40,16,[6 1],41,-1,57,-1,41
1,<environment.Job instance at 0x7f84bacc8640>,29,12,[2 8],30,-1,53,-1,41
1,<environment.Job instance at 0x7f84b1785730>,41,24,[4 8],42,-1,66,-1,42
1,<environment.Job instance at 0x7f84b1785c80>,42,17,[5 8],43,-1,60,-1,43
1,<environment.Job instance at 0x7f84b16877d0>,52,22,[10  1],53,-1,77,-1,55
1,<environment.Job instance at 0x7f84b10c65f0>,57,18,[3 8],58,-1,76,-1,58
1,<environment.Job instance at 0x7f84b10c67d0>,59,23,[1 5],60,-1,83,-1,60
1,<environment.Job instance at 0x7f84b10325f0>,60,18,[5 4],61,-1,79,-1,61
1,<environment.Job instance at 0x7f84b10322d0>,61,15,[7 5],62,-1,77,-1,62
1,<environment.Job instance at 0x7f84b2037870>,8,24,[7 5],9,-1,40,-1,16
1,<environment.Job instance at 0x7f84b1d84640>,27,25,[4 6],28,-1,86,-1,61
1,<environment.Job instance at 0x7f84b21df050>,31,23,[10  1],32,-1,105,-1,82
1,<environment.Job instance at 0x7f84b0bcf4b0>,33,26,[10  2],34,-1,108,-1,82
1,<environment.Job instance at 0x7f84b1d70410>,34,3,[ 3 12],35,-1,85,-1,82
1,<environment.Job instance at 0x7f84b10a40a0>,41,24,[4 8],42,-1,130,-1,106
1,<environment.Job instance at 0x7f84b1498e10>,43,2,[12  5],44,-1,108,-1,106
1,<environment.Job instance at 0x7f84b2340050>,45,14,[ 2 11],46,-1,131,-1,117
1,<environment.Job instance at 0x7f84bae88fa0>,48,13,[12  1],49,-1,131,-1,118
1,<environment.Job instance at 0x7f84b1d557d0>,55,16,[13  5],56,-1,150,-1,134
1,<environment.Job instance at 0x7f84b1d501e0>,59,23,[1 5],60,-1,162,-1,139
1,<environment.Job instance at 0x7f84b1d55910>,54,23,[ 5 10],55,-1,182,-1,159
1,<environment.Job instance at 0x7f84b15eb050>,63,25,[10  1],64,-1,192,-1,167
1,<environment.Job instance at 0x7f84c370c9b0>,66,15,[ 3 12],67,-1,182,-1,167
1,<environment.Job instance at 0x7f84b105c960>,65,28,[1 7],66,-1,201,-1,173
1,<environment.Job instance at 0x7f84b1d58320>,2,17,[2 8],3,-1,21,-1,4
1,<environment.Job instance at 0x7f84b1d58f50>,4,15,[5 6],5,-1,20,-1,5
1,<environment.Job instance at 0x7f84b1d58730>,3,16,[7 5],4,-1,21,-1,5
1,<environment.Job instance at 0x7f84b1d58b40>,5,15,[9 2],6,-1,22,-1,7
1,<environment.Job instance at 0x7f84b1d58e60>,6,17,[5 4],7,-1,24,-1,7
1,<environment.Job instance at 0x7f84b138fcd0>,7,16,[ 2 10],8,-1,25,-1,9
1,<environment.Job instance at 0x7f84b1d77820>,8,17,[5 1],9,-1,26,-1,9
1,<environment.Job instance at 0x7f84b18d9910>,10,16,[9 1],11,-1,32,-1,16
1,<environment.Job instance at 0x7f84b1d5c6e0>,17,14,[5 1],18,-1,32,-1,18
1,<environment.Job instance at 0x7f84b1d61280>,20,18,[5 8],21,-1,39,-1,21
1,<environment.Job instance at 0x7f84b18eaa00>,24,17,[4 7],25,-1,42,-1,25
1,<environment.Job instance at 0x7f84b18ea780>,26,14,[3 5],27,-1,41,-1,27
1,<environment.Job instance at 0x7f84b0f3a3c0>,27,25,[1 7],28,-1,53,-1,28
1,<environment.Job instance at 0x7f84b160afa0>,28,19,[5 8],29,-1,48,-1,29
1,<environment.Job instance at 0x7f84b160a320>,29,16,[7 4],30,-1,46,-1,30
1,<environment.Job instance at 0x7f84b1d5cf50>,15,14,[1 8],16,-1,46,-1,32
1,<environment.Job instance at 0x7f84b15f7d20>,34,18,[10  3],35,-1,54,-1,36
1,<environment.Job instance at 0x7f84b0f2f820>,37,15,[2 8],38,-1,53,-1,38
1,<environment.Job instance at 0x7f84b2099c80>,41,17,[9 3],42,-1,59,-1,42
1,<environment.Job instance at 0x7f84b2099be0>,42,20,[ 1 10],43,-1,63,-1,43
1,<environment.Job instance at 0x7f84b18d9280>,46,19,[4 8],47,-1,66,-1,47
1,<environment.Job instance at 0x7f84b109bfa0>,48,15,[1 9],49,-1,64,-1,49
1,<environment.Job instance at 0x7f84b109b4b0>,49,17,[4 9],50,-1,67,-1,50
1,<environment.Job instance at 0x7f84b1073500>,56,27,[6 1],57,-1,84,-1,57
1,<environment.Job instance at 0x7f84b108caf0>,59,17,[8 2],60,-1,78,-1,61
1,<environment.Job instance at 0x7f84b108cd20>,63,16,[3 5],64,-1,80,-1,64
1,<environment.Job instance at 0x7f84b108c5f0>,64,23,[5 9],65,-1,88,-1,65
1,<environment.Job instance at 0x7f84b108ca00>,65,16,[1 6],66,-1,82,-1,66
1,<environment.Job instance at 0x7f84b20a4f00>,66,13,[1 5],67,-1,80,-1,67
1,<environment.Job instance at 0x7f84b20a4820>,67,23,[6 2],68,-1,91,-1,68
1,<environment.Job instance at 0x7f84b20a40f0>,68,15,[5 6],69,-1,84,-1,69
1,<environment.Job instance at 0x7f84b20a41e0>,70,26,[6 1],71,-1,97,-1,71
1,<environment.Job instance at 0x7f84b20a4870>,72,17,[5 5],73,-1,90,-1,73
1,<environment.Job instance at 0x7f84b20d2960>,75,14,[9 1],76,-1,95,-1,81
1,<environment.Job instance at 0x7f84b107f280>,82,16,[1 9],83,-1,99,-1,83
1,<environment.Job instance at 0x7f84b107f320>,83,19,[8 3],84,-1,103,-1,84
1,<environment.Job instance at 0x7f84b107fd70>,89,26,[5 8],90,-1,116,-1,90
1,<environment.Job instance at 0x7f84b10a7550>,91,16,[1 8],92,-1,110,-1,94
1,<environment.Job instance at 0x7f84b10a3b40>,94,14,[13  2],95,-1,119,-1,105
1,<environment.Job instance at 0x7f84b107fb90>,88,18,[6 5],89,-1,126,-1,108
1,<environment.Job instance at 0x7f84b10a36e0>,96,17,[12  5],97,-1,131,-1,114
1,<environment.Job instance at 0x7f84b20d2910>,73,14,[ 4 13],74,-1,128,-1,114
1,<environment.Job instance at 0x7f84b1080be0>,80,18,[5 7],81,-1,132,-1,114
1,<environment.Job instance at 0x7f84b107f140>,84,17,[12  2],85,-1,131,-1,114
1,<environment.Job instance at 0x7f84b20c1be0>,101,18,[3 6],102,-1,135,-1,117
1,<environment.Job instance at 0x7f84b1619d20>,102,17,[9 3],103,-1,134,-1,117
1,<environment.Job instance at 0x7f84b20c1d20>,99,18,[3 6],100,-1,147,-1,129
1,<environment.Job instance at 0x7f84b14b3230>,105,16,[10  4],106,-1,146,-1,130
1,<environment.Job instance at 0x7f84b20c1fa0>,100,1,[5 1],101,-1,131,-1,130
1,<environment.Job instance at 0x7f84b14b3410>,109,14,[10  3],110,-1,147,-1,133
1,<environment.Job instance at 0x7f84b14b3050>,108,14,[14  2],109,-1,147,-1,133
1,<environment.Job instance at 0x7f84b14b3f50>,111,2,[4 9],112,-1,135,-1,133
1,<environment.Job instance at 0x7f84b1079e10>,106,13,[ 4 10],107,-1,146,-1,133
1,<environment.Job instance at 0x7f84b0f4be10>,113,17,[6 4],114,-1,150,-1,133
1,<environment.Job instance at 0x7f84b10ad4b0>,114,16,[9 2],115,-1,149,-1,133
1,<environment.Job instance at 0x7f84b14b9230>,116,13,[7 5],117,-1,146,-1,133
1,<environment.Job instance at 0x7f84b14b3e60>,110,23,[ 1 10],111,-1,156,-1,133
1,<environment.Job instance at 0x7f84b14b9c30>,119,28,[9 4],120,-1,161,-1,133
1,<environment.Job instance at 0x7f84b1071820>,125,15,[13  2],126,-1,149,-1,134
1,<environment.Job instance at 0x7f84b107f460>,87,17,[8 4],88,-1,152,-1,135
1,<environment.Job instance at 0x7f84b14b92d0>,118,15,[7 1],119,-1,150,-1,135
1,<environment.Job instance at 0x7f84b18eab40>,134,18,[10  1],135,-1,155,-1,137
1,<environment.Job instance at 0x7f84b18ec190>,135,16,[5 9],136,-1,153,-1,137
1,<environment.Job instance at 0x7f84b18ec1e0>,136,17,[7 4],137,-1,154,-1,137
1,<environment.Job instance at 0x7f84b18c8e60>,139,28,[8 2],140,-1,168,-1,140
1,<environment.Job instance at 0x7f84b18c8dc0>,140,13,[4 6],141,-1,154,-1,141
1,<environment.Job instance at 0x7f84b18c8a00>,141,15,[1 8],142,-1,157,-1,142
1,<environment.Job instance at 0x7f84b18c8f00>,142,23,[4 7],143,-1,166,-1,143
1,<environment.Job instance at 0x7f84b18c8b40>,143,16,[6 2],144,-1,162,-1,146
1,<environment.Job instance at 0x7f84b18c8370>,146,15,[1 6],147,-1,162,-1,147
1,<environment.Job instance at 0x7f84b109be60>,0,3,[ 3 14],1,-1,4,-1,1
1,<environment.Job instance at 0x7f84b137c1e0>,19,15,[12  2],20,-1,59,-1,44
1,<environment.Job instance at 0x7f84b1373910>,27,25,[1 7],28,-1,99,-1,74
1,<environment.Job instance at 0x7f84b2026b90>,31,2,[ 5 11],32,-1,76,-1,74
1,<environment.Job instance at 0x7f84b117bd70>,35,3,[ 3 11],36,-1,94,-1,91
1,<environment.Job instance at 0x7f84b11a3050>,47,2,[14  5],48,-1,135,-1,133
1,<environment.Job instance at 0x7f84b117e550>,52,14,[14  2],53,-1,165,-1,151
1,<environment.Job instance at 0x7f84b13a9e60>,55,1,[ 5 13],56,-1,157,-1,156
1,<environment.Job instance at 0x7f84b117d640>,56,27,[6 1],57,-1,185,-1,158
1,<environment.Job instance at 0x7f84b11955a0>,64,23,[5 9],65,-1,204,-1,181
1,<environment.Job instance at 0x7f84b0eef9b0>,67,23,[6 2],68,-1,207,-1,184
1,<environment.Job instance at 0x7f84b20c0280>,8,14,[9 1],9,-1,25,-1,11
1,<environment.Job instance at 0x7f84b20a4690>,11,14,[ 2 10],12,-1,26,-1,12
1,<environment.Job instance at 0x7f84b20a44b0>,12,18,[7 1],13,-1,31,-1,13
1,<environment.Job instance at 0x7f84b20a40a0>,10,13,[8 3],11,-1,27,-1,14
1,<environment.Job instance at 0x7f84b20a4b40>,16,15,[4 6],17,-1,33,-1,18
1,<environment.Job instance at 0x7f84b20a4aa0>,19,27,[10  2],20,-1,47,-1,20
1,<environment.Job instance at 0x7f84b2099e60>,23,17,[6 2],24,-1,41,-1,24
1,<environment.Job instance at 0x7f84b2099280>,24,18,[10  1],25,-1,43,-1,25
1,<environment.Job instance at 0x7f84b2099d70>,25,13,[10  1],26,-1,39,-1,26
1,<environment.Job instance at 0x7f84b2099910>,26,18,[7 3],27,-1,45,-1,27
1,<environment.Job instance at 0x7f84b2099780>,28,18,[5 7],29,-1,47,-1,29
1,<environment.Job instance at 0x7f84b2099d20>,29,18,[8 1],30,-1,48,-1,30
1,<environment.Job instance at 0x7f84b2099eb0>,30,15,[1 7],31,-1,46,-1,31
1,<environment.Job instance at 0x7f84b2099b90>,32,13,[10  1],33,-1,46,-1,33
1,<environment.Job instance at 0x7f84b2099550>,33,16,[ 2 10],34,-1,50,-1,34
1,<environment.Job instance at 0x7f84b20994b0>,35,14,[6 3],36,-1,50,-1,36
1,<environment.Job instance at 0x7f84b20993c0>,36,17,[10  5],37,-1,54,-1,37
1,<environment.Job instance at 0x7f84b20c49b0>,37,14,[7 3],38,-1,52,-1,38
1,<environment.Job instance at 0x7f84b20c4d70>,41,13,[7 1],42,-1,55,-1,42
1,<environment.Job instance at 0x7f84b20c4cd0>,43,13,[8 3],44,-1,57,-1,44
1,<environment.Job instance at 0x7f84b20af0a0>,44,13,[6 4],45,-1,58,-1,45
1,<environment.Job instance at 0x7f84b20afc30>,47,17,[10  3],48,-1,65,-1,48
1,<environment.Job instance at 0x7f84b17c3960>,6,24,[1 8],7,-1,31,-1,7
1,<environment.Job instance at 0x7f84b20518c0>,19,27,[10  2],20,-1,84,-1,57
1,<environment.Job instance at 0x7f84b0f83370>,21,23,[11  3],22,-1,80,-1,57
1,<environment.Job instance at 0x7f84b11b23c0>,45,22,[11  3],46,-1,192,-1,170
1,<environment.Job instance at 0x7f84b1d96e10>,46,1,[ 5 12],47,-1,171,-1,170
1,<environment.Job instance at 0x7f84b1a98dc0>,48,28,[11  3],49,-1,202,-1,174
1,<environment.Job instance at 0x7f84b16109b0>,3,18,[5 6],4,-1,22,-1,4
1,<environment.Job instance at 0x7f84b1610b40>,10,3,[ 1 12],11,-1,14,-1,11
1,<environment.Job instance at 0x7f84b1812550>,11,18,[1 5],12,-1,30,-1,12
1,<environment.Job instance at 0x7f84b1812280>,13,16,[4 9],14,-1,30,-1,14
1,<environment.Job instance at 0x7f84b249b9b0>,15,15,[2 7],16,-1,31,-1,16
1,<environment.Job instance at 0x7f84b0f9edc0>,6,14,[11  4],7,-1,21,-1,7
1,<environment.Job instance at 0x7f84b12b16e0>,10,3,[ 1 12],11,-1,14,-1,11
1,<environment.Job instance at 0x7f84b16d4cd0>,16,21,[ 3 14],17,-1,50,-1,29
1,<environment.Job instance at 0x7f84b16d47d0>,18,25,[8 3],19,-1,56,-1,31
1,<environment.Job instance at 0x7f84b0e8e1e0>,22,26,[5 3],23,-1,61,-1,35
1,<environment.Job instance at 0x7f84b0e8e910>,23,14,[14  3],24,-1,49,-1,35
1,<environment.Job instance at 0x7f84b16b53c0>,24,24,[ 4 13],25,-1,59,-1,35
1,<environment.Job instance at 0x7f84b16b5a00>,25,2,[ 4 14],26,-1,37,-1,35
1,<environment.Job instance at 0x7f84baa9bf00>,28,13,[ 4 12],29,-1,53,-1,40
1,<environment.Job instance at 0x7f84b16e9460>,29,24,[5 6],30,-1,65,-1,41
1,<environment.Job instance at 0x7f84bae48320>,35,15,[11  3],36,-1,72,-1,57
1,<environment.Job instance at 0x7f84b2253050>,51,27,[8 3],52,-1,130,-1,103
1,<environment.Job instance at 0x7f84b2253a50>,52,3,[ 5 13],53,-1,106,-1,103
1,<environment.Job instance at 0x7f84bad1df50>,53,1,[ 3 11],54,-1,104,-1,103
1,<environment.Job instance at 0x7f84b1ccba00>,70,28,[5 9],71,-1,160,-1,132
1,<environment.Job instance at 0x7f84b24302d0>,75,25,[3 7],76,-1,187,-1,162
1,<environment.Job instance at 0x7f84b2430870>,76,24,[5 8],77,-1,186,-1,162
1,<environment.Job instance at 0x7f84b247e5a0>,85,14,[ 4 14],86,-1,193,-1,179
1,<environment.Job instance at 0x7fedc6ca4960>,3,22,[2 5],4,-1,26,-1,4
1,<environment.Job instance at 0x7fedc6ca4a00>,4,13,[3 6],5,-1,18,-1,5
1,<environment.Job instance at 0x7fedc6ca4aa0>,6,15,[2 8],7,-1,22,-1,7
1,<environment.Job instance at 0x7fedc6ca4c30>,7,14,[7 5],8,-1,22,-1,8
1,<environment.Job instance at 0x7fedc6ca4af0>,8,17,[1 8],9,-1,26,-1,9
1,<environment.Job instance at 0x7fedc6ca4d70>,10,22,[8 1],11,-1,33,-1,11
1,<environment.Job instance at 0x7fedc6ca4e10>,12,23,[6 4],13,-1,36,-1,13
1,<environment.Job instance at 0x7fedc6ca80f0>,13,18,[5 9],14,-1,32,-1,14
1,<environment.Job instance at 0x7fedc6ca80a0>,14,21,[8 1],15,-1,36,-1,15
1,<environment.Job instance at 0x7fedc6ca8230>,16,18,[7 3],17,-1,35,-1,17
1,<environment.Job instance at 0x7fedc6ca8320>,18,26,[7 4],19,-1,45,-1,19
1,<environment.Job instance at 0x7fedc6ca8550>,19,25,[5 9],20,-1,45,-1,20
1,<environment.Job instance at 0x7fedc6ca85f0>,21,18,[9 4],22,-1,40,-1,22
1,<environment.Job instance at 0x7fedc6ca86e0>,23,16,[6 2],24,-1,40,-1,24
1,<environment.Job instance at 0x7fedc6ca8c80>,27,17,[4 6],28,-1,45,-1,28
1,<environment.Job instance at 0x7fedc6ca8e60>,30,26,[9 4],31,-1,57,-1,31
1,<environment.Job instance at 0x7fedc6caa050>,32,21,[5 9],33,-1,54,-1,33
1,<environment.Job instance at 0x7fedc6caa1e0>,33,26,[3 6],34,-1,60,-1,34
1,<environment.Job instance at 0x7fedc6caa140>,34,14,[1 9],35,-1,50,-1,36
1,<environment.Job instance at 0x7fedc6caa3c0>,35,16,[1 9],36,-1,52,-1,36
1,<environment.Job instance at 0x7fedc6caa780>,39,14,[9 4],40,-1,54,-1,40
1,<environment.Job instance at 0x7fedc6caa8c0>,40,26,[ 1 10],41,-1,67,-1,41
1,<environment.Job instance at 0x7fedc6caa370>,41,1,[7 1],42,-1,43,-1,42
1,<environment.Job instance at 0x7fedc6caacd0>,45,15,[7 5],46,-1,61,-1,46
1,<environment.Job instance at 0x7fedc6caab90>,47,13,[ 3 10],48,-1,61,-1,48
1,<environment.Job instance at 0x7fedc6caae60>,48,12,[9 2],49,-1,61,-1,49
1,<environment.Job instance at 0x7fedc6cac8c0>,12,23,[6 4],13,-1,53,-1,30
1,<environment.Job instance at 0x7fedc6caceb0>,18,26,[7 4],19,-1,70,-1,44
1,<environment.Job instance at 0x7fedc68b7280>,4,18,[7 1],5,-1,24,-1,6
1,<environment.Job instance at 0x7fedc6767870>,7,16,[ 2 11],8,-1,24,-1,8
1,<environment.Job instance at 0x7fedc6767780>,8,17,[3 7],9,-1,26,-1,9
1,<environment.Job instance at 0x7fedc6767280>,9,19,[1 7],10,-1,29,-1,10
1,<environment.Job instance at 0x7fedc67675f0>,12,14,[4 9],13,-1,27,-1,13
1,<environment.Job instance at 0x7fedc67630f0>,17,16,[1 9],18,-1,34,-1,18
1,<environment.Job instance at 0x7fedc67632d0>,18,14,[6 4],19,-1,33,-1,19
1,<environment.Job instance at 0x7fedc6763d20>,19,14,[9 4],20,-1,34,-1,20
1,<environment.Job instance at 0x7fedc6763a50>,22,18,[3 5],23,-1,41,-1,23
1,<environment.Job instance at 0x7fedc67637d0>,26,13,[10  1],27,-1,41,-1,28
1,<environment.Job instance at 0x7fedc67636e0>,27,16,[8 1],28,-1,44,-1,28
1,<environment.Job instance at 0x7fedc6763fa0>,29,19,[10  3],30,-1,49,-1,30
1,<environment.Job instance at 0x7fedc6890b90>,31,14,[8 5],32,-1,46,-1,32
1,<environment.Job instance at 0x7fedc6763870>,32,21,[4 8],33,-1,54,-1,33
1,<environment.Job instance at 0x7fedc67c8690>,33,18,[ 3 10],34,-1,52,-1,34
1,<environment.Job instance at 0x7fedc67c8dc0>,38,16,[4 9],39,-1,56,-1,40
1,<environment.Job instance at 0x7fedc67c8eb0>,39,17,[ 5 14],40,-1,57,-1,40
1,<environment.Job instance at 0x7fedc68120a0>,41,18,[5 4],42,-1,60,-1,42
1,<environment.Job instance at 0x7fedc67c0cd0>,46,18,[2 6],47,-1,65,-1,47
1,<environment.Job instance at 0x7fedc64d5e60>,7,16,[ 2 11],8,-1,24,-1,8
1,<environment.Job instance at 0x7fedc6405cd0>,2,13,[9 4],3,-1,17,-1,4
1,<environment.Job instance at 0x7fedc6405960>,3,16,[1 9],4,-1,20,-1,4
1,<environment.Job instance at 0x7fedc6405640>,5,16,[7 5],6,-1,22,-1,6
1,<environment.Job instance at 0x7fedc655b500>,7,18,[5 5],8,-1,26,-1,8
1,<environment.Job instance at 0x7fedc655b3c0>,18,16,[5 2],19,-1,35,-1,19
1,<environment.Job instance at 0x7fedc64a7d20>,19,28,[7 5],20,-1,48,-1,20
1,<environment.Job instance at 0x7fedc64a7aa0>,22,18,[7 5],23,-1,41,-1,23
1,<environment.Job instance at 0x7fedc6616be0>,32,18,[10  4],33,-1,51,-1,33
1,<environment.Job instance at 0x7fedc6616c80>,37,28,[ 2 10],38,-1,66,-1,38
1,<environment.Job instance at 0x7fedc6616140>,41,14,[ 3 10],42,-1,58,-1,44
1,<environment.Job instance at 0x7fedc66160a0>,35,15,[8 3],36,-1,59,-1,44
1,<environment.Job instance at 0x7fedc6616730>,44,20,[13  4],45,-1,65,-1,45
1,<environment.Job instance at 0x7fedc6616b40>,42,15,[ 2 13],43,-1,62,-1,47
1,<environment.Job instance at 0x7fedc6616eb0>,43,1,[2 7],44,-1,48,-1,47
1,<environment.Job instance at 0x7fedc645d320>,45,3,[9 2],46,-1,50,-1,47
1,<environment.Job instance at 0x7fedc64a7190>,30,17,[9 5],31,-1,64,-1,47
1,<environment.Job instance at 0x7fedc66160f0>,9,27,[3 9],10,-1,45,-1,18
1,<environment.Job instance at 0x7fedc6616e10>,10,23,[5 1],11,-1,41,-1,18
1,<environment.Job instance at 0x7fedc6405e10>,17,3,[ 3 13],18,-1,26,-1,23
1,<environment.Job instance at 0x7fedc6405a00>,19,28,[7 5],20,-1,63,-1,35
1,<environment.Job instance at 0x7fedc644ef00>,20,19,[ 5 12],21,-1,54,-1,35
1,<environment.Job instance at 0x7fedc64515f0>,1,22,[5 6],2,-1,24,-1,2
1,<environment.Job instance at 0x7fedc6288b40>,5,17,[10  4],6,-1,24,-1,7
1,<environment.Job instance at 0x7fedc62889b0>,7,21,[10  4],8,-1,29,-1,8
1,<environment.Job instance at 0x7fedc6288e60>,10,24,[1 5],11,-1,35,-1,11
1,<environment.Job instance at 0x7fedc6288f00>,12,20,[10  5],13,-1,33,-1,13
1,<environment.Job instance at 0x7fedc628c0a0>,14,14,[10  5],15,-1,29,-1,15
1,<environment.Job instance at 0x7fedc628c7d0>,20,17,[4 7],21,-1,38,-1,21
1,<environment.Job instance at 0x7fedc628c960>,23,24,[3 7],24,-1,48,-1,24
1,<environment.Job instance at 0x7fedc628cbe0>,24,19,[3 8],25,-1,44,-1,25
1,<environment.Job instance at 0x7fedc628ceb0>,27,16,[8 4],28,-1,44,-1,28
1,<environment.Job instance at 0x7fedc628f190>,30,17,[3 5],31,-1,48,-1,31
1,<environment.Job instance at 0x7fedc628f370>,31,18,[6 2],32,-1,50,-1,32
1,<environment.Job instance at 0x7fedc628f4b0>,34,19,[6 2],35,-1,54,-1,35
1,<environment.Job instance at 0x7fedc628f5f0>,36,17,[9 1],37,-1,55,-1,38
1,<environment.Job instance at 0x7fedc628fdc0>,43,12,[1 9],44,-1,56,-1,44
1,<environment.Job instance at 0x7fedc628fd20>,44,26,[3 9],45,-1,71,-1,45
1,<environment.Job instance at 0x7fedc6290320>,48,21,[2 7],49,-1,70,-1,49
1,<environment.Job instance at 0x7fedc6454af0>,3,1,[12  5],4,-1,5,-1,4
1,<environment.Job instance at 0x7fedc6458be0>,10,24,[1 5],11,-1,43,-1,19
1,<environment.Job instance at 0x7fedc6405140>,16,13,[ 5 14],17,-1,34,-1,21
1,<environment.Job instance at 0x7fedc6616e10>,23,24,[3 7],24,-1,65,-1,41
1,<environment.Job instance at 0x7fedc6290690>,0,23,[4 7],1,-1,24,-1,1
1,<environment.Job instance at 0x7fedc6ae8690>,5,19,[ 1 10],6,-1,25,-1,6
1,<environment.Job instance at 0x7fedc6ae8f00>,6,16,[6 5],7,-1,23,-1,7
1,<environment.Job instance at 0x7fedc6d1d640>,8,20,[ 2 10],9,-1,29,-1,9
1,<environment.Job instance at 0x7fedc6d1d780>,9,15,[5 5],10,-1,25,-1,10
1,<environment.Job instance at 0x7fedc6d1dbe0>,11,17,[3 6],12,-1,29,-1,12
1,<environment.Job instance at 0x7fedc64543c0>,14,16,[5 6],15,-1,31,-1,15
1,<environment.Job instance at 0x7fedc6d4cfa0>,15,21,[1 6],16,-1,37,-1,16
1,<environment.Job instance at 0x7fedc6d4cdc0>,16,16,[1 8],17,-1,33,-1,17
1,<environment.Job instance at 0x7fedc6cea960>,18,23,[1 9],19,-1,42,-1,19
1,<environment.Job instance at 0x7fedc6cea0f0>,19,17,[8 5],20,-1,37,-1,20
1,<environment.Job instance at 0x7fedc6ceab90>,22,15,[8 2],23,-1,39,-1,24
1,<environment.Job instance at 0x7fedc6cf1730>,24,15,[8 5],25,-1,40,-1,25
1,<environment.Job instance at 0x7fedc6cea500>,23,18,[5 1],24,-1,43,-1,25
1,<environment.Job instance at 0x7fedc70660f0>,28,19,[4 7],29,-1,49,-1,30
1,<environment.Job instance at 0x7fedc7066d70>,33,22,[9 1],34,-1,58,-1,36
1,<environment.Job instance at 0x7fedc6cf7550>,35,18,[5 4],36,-1,55,-1,37
1,<environment.Job instance at 0x7fedc6cf7320>,40,13,[5 9],41,-1,55,-1,42
1,<environment.Job instance at 0x7fedc708ad70>,42,12,[ 5 10],43,-1,55,-1,43
1,<environment.Job instance at 0x7fedc708aeb0>,43,13,[9 2],44,-1,57,-1,44
1,<environment.Job instance at 0x7fedc708aa00>,44,13,[4 5],45,-1,58,-1,45
1,<environment.Job instance at 0x7fedc708a4b0>,45,27,[6 1],46,-1,73,-1,46
1,<environment.Job instance at 0x7fedc708a410>,47,14,[10  3],48,-1,62,-1,48
1,<environment.Job instance at 0x7fedc6cf7e60>,41,13,[8 1],42,-1,62,-1,49
1,<environment.Job instance at 0x7fedc628c9b0>,0,23,[4 7],1,-1,24,-1,1
1,<environment.Job instance at 0x7fedc6616af0>,10,1,[14  4],11,-1,17,-1,16
1,<environment.Job instance at 0x7fedc6454c30>,17,18,[ 1 14],18,-1,51,-1,33
1,<environment.Job instance at 0x7fedc64544b0>,18,23,[1 9],19,-1,57,-1,34
1,<environment.Job instance at 0x7fedc5f9bbe0>,1,16,[5 8],2,-1,18,-1,2
1,<environment.Job instance at 0x7fedc5f5e190>,7,14,[10  5],8,-1,25,-1,11
1,<environment.Job instance at 0x7fedc5f5ee60>,11,17,[10  2],12,-1,31,-1,14
1,<environment.Job instance at 0x7fedc5f7a780>,13,26,[5 3],14,-1,40,-1,14
1,<environment.Job instance at 0x7fedc5f7ad70>,15,18,[ 1 10],16,-1,35,-1,17
1,<environment.Job instance at 0x7fedc5f7a5f0>,16,15,[6 5],17,-1,32,-1,17
1,<environment.Job instance at 0x7fedc5f7a500>,18,17,[1 5],19,-1,36,-1,19
1,<environment.Job instance at 0x7fedc6092780>,20,18,[5 8],21,-1,39,-1,21
1,<environment.Job instance at 0x7fedc6092a50>,22,18,[3 8],23,-1,41,-1,23
1,<environment.Job instance at 0x7fedc60925f0>,23,13,[8 3],24,-1,37,-1,24
1,<environment.Job instance at 0x7fedc6092b40>,26,17,[8 4],27,-1,44,-1,27
1,<environment.Job instance at 0x7fedc60920f0>,27,15,[3 6],28,-1,43,-1,28
1,<environment.Job instance at 0x7fedc5f345a0>,28,20,[5 2],29,-1,49,-1,29
1,<environment.Job instance at 0x7fedc5f4c410>,31,20,[ 4 10],32,-1,52,-1,32
1,<environment.Job instance at 0x7fedc5f4cc30>,32,15,[9 2],33,-1,50,-1,35
1,<environment.Job instance at 0x7fedc5f4cdc0>,35,2,[5 7],36,-1,38,-1,36
1,<environment.Job instance at 0x7fedc5f4c9b0>,36,2,[8 1],37,-1,39,-1,37
1,<environment.Job instance at 0x7fedc5f4c2d0>,37,27,[9 5],38,-1,65,-1,38
1,<environment.Job instance at 0x7fedc5f4c910>,34,16,[7 5],35,-1,54,-1,38
1,<environment.Job instance at 0x7fedc5f7aa50>,2,23,[1 8],3,-1,41,-1,18
1,<environment.Job instance at 0x7fedc777f960>,13,26,[5 3],14,-1,44,-1,18
1,<environment.Job instance at 0x7fedc70b8c80>,3,17,[7 4],4,-1,22,-1,5
1,<environment.Job instance at 0x7fedc62e9c80>,4,17,[13  5],5,-1,22,-1,5
1,<environment.Job instance at 0x7fedc7722af0>,13,16,[4 5],14,-1,31,-1,15
1,<environment.Job instance at 0x7fedc643e230>,15,16,[7 5],16,-1,32,-1,16
1,<environment.Job instance at 0x7fedc65558c0>,18,14,[9 4],19,-1,33,-1,19
1,<environment.Job instance at 0x7fedc631b9b0>,19,18,[5 6],20,-1,38,-1,20
1,<environment.Job instance at 0x7fedc631ba00>,20,16,[8 3],21,-1,37,-1,21
1,<environment.Job instance at 0x7fedc653f8c0>,23,16,[ 4 10],24,-1,40,-1,24
1,<environment.Job instance at 0x7fedc78561e0>,25,27,[4 5],26,-1,53,-1,26
1,<environment.Job instance at 0x7fedc6545320>,32,20,[4 9],33,-1,53,-1,33
1,<environment.Job instance at 0x7fedc6532f00>,39,15,[ 2 10],40,-1,55,-1,40
1,<environment.Job instance at 0x7fedc653b910>,42,17,[5 9],43,-1,60,-1,43
1,<environment.Job instance at 0x7fedc7334410>,1,17,[ 5 14],2,-1,19,-1,2
1,<environment.Job instance at 0x7fedc76932d0>,2,25,[ 3 11],3,-1,28,-1,3
1,<environment.Job instance at 0x7fedc7693140>,4,17,[13  5],5,-1,22,-1,5
1,<environment.Job instance at 0x7fedc7729e60>,5,13,[ 5 14],6,-1,19,-1,6
1,<environment.Job instance at 0x7fedc6694f50>,9,2,[8 2],10,-1,12,-1,10
1,<environment.Job instance at 0x7fedc77ceb40>,10,26,[8 3],11,-1,37,-1,11
1,<environment.Job instance at 0x7fedc65a7320>,14,14,[3 8],15,-1,29,-1,15
1,<environment.Job instance at 0x7fedc6588960>,15,13,[9 1],16,-1,29,-1,16
1,<environment.Job instance at 0x7fedc6588c80>,16,18,[8 3],17,-1,35,-1,17
1,<environment.Job instance at 0x7fedc6588780>,19,2,[5 3],20,-1,22,-1,20
1,<environment.Job instance at 0x7fedc698a410>,20,12,[3 8],21,-1,33,-1,21
1,<environment.Job instance at 0x7fedc698af50>,21,18,[5 8],22,-1,40,-1,22
1,<environment.Job instance at 0x7fedc698acd0>,22,14,[2 8],23,-1,37,-1,23
1,<environment.Job instance at 0x7fedc6752870>,25,15,[1 5],26,-1,41,-1,26
1,<environment.Job instance at 0x7fedc6629be0>,28,1,[9 5],29,-1,30,-1,29
1,<environment.Job instance at 0x7fedc6629870>,29,18,[5 2],30,-1,48,-1,30
1,<environment.Job instance at 0x7fedc6629280>,30,16,[ 4 10],31,-1,47,-1,31
1,<environment.Job instance at 0x7fedc66294b0>,31,15,[5 7],32,-1,47,-1,32
1,<environment.Job instance at 0x7fedc781b3c0>,32,17,[8 2],33,-1,50,-1,33
1,<environment.Job instance at 0x7fedc781b2d0>,34,17,[6 1],35,-1,52,-1,35
1,<environment.Job instance at 0x7fedc781b820>,36,17,[7 4],37,-1,54,-1,37
1,<environment.Job instance at 0x7fedc62975a0>,39,18,[10  4],40,-1,59,-1,41
1,<environment.Job instance at 0x7fedc6b50aa0>,43,14,[5 6],44,-1,58,-1,44
1,<environment.Job instance at 0x7fedc6b50910>,44,18,[10  5],45,-1,63,-1,45
1,<environment.Job instance at 0x7fedc6b504b0>,46,16,[2 9],47,-1,63,-1,47
1,<environment.Job instance at 0x7fedc6b91a50>,48,15,[10  4],49,-1,64,-1,49
1,<environment.Job instance at 0x7fedc6092460>,6,25,[2 8],7,-1,40,-1,15
1,<environment.Job instance at 0x7fedc5f36aa0>,10,26,[8 3],11,-1,49,-1,23
1,<environment.Job instance at 0x7fedc5f460a0>,24,2,[11  3],25,-1,46,-1,44
1,<environment.Job instance at 0x7fedc6c43f50>,0,16,[8 5],1,-1,17,-1,1
1,<environment.Job instance at 0x7fedc6c43960>,2,27,[8 3],3,-1,30,-1,3
1,<environment.Job instance at 0x7fedc6c433c0>,3,18,[1 6],4,-1,22,-1,4
1,<environment.Job instance at 0x7fedc6c43550>,4,17,[2 6],5,-1,22,-1,5
1,<environment.Job instance at 0x7fedc6c43cd0>,7,16,[7 4],8,-1,25,-1,9
1,<environment.Job instance at 0x7fedc6c43910>,8,16,[9 2],9,-1,25,-1,9
1,<environment.Job instance at 0x7fedc6c43410>,11,16,[4 5],12,-1,28,-1,12
1,<environment.Job instance at 0x7fedc7729be0>,20,12,[10  5],21,-1,39,-1,27
1,<environment.Job instance at 0x7fedc6922550>,27,23,[2 8],28,-1,51,-1,28
1,<environment.Job instance at 0x7fedc7729370>,2,27,[8 3],3,-1,44,-1,17
1,<environment.Job instance at 0x7fedc7729e10>,6,27,[2 6],7,-1,44,-1,17
1,<environment.Job instance at 0x7fedc6922b40>,10,14,[ 4 14],11,-1,31,-1,17
1,<environment.Job instance at 0x7fedc6d1da50>,1,17,[7 5],2,-1,19,-1,2
1,<environment.Job instance at 0x7fedc6d1d320>,8,15,[2 9],9,-1,26,-1,11
1,<environment.Job instance at 0x7fedc6512730>,16,12,[10  2],17,-1,39,-1,27
1,<environment.Job instance at 0x7fedc6512aa0>,21,16,[ 1 14],22,-1,44,-1,28
1,<environment.Job instance at 0x7fedc6a8ae60>,24,22,[7 3],25,-1,50,-1,28
1,<environment.Job instance at 0x7fedc6512b40>,22,14,[5 3],23,-1,42,-1,28
1,<environment.Job instance at 0x7fedc6a8a410>,25,20,[7 5],26,-1,48,-1,28
1,<environment.Job instance at 0x7fedc6512dc0>,18,13,[8 3],19,-1,45,-1,32
1,<environment.Job instance at 0x7fedc6a8a960>,34,17,[14  5],35,-1,56,-1,39
1,<environment.Job instance at 0x7fedc6a8ae10>,35,12,[4 5],36,-1,52,-1,40
1,<environment.Job instance at 0x7fedc6a8ac30>,37,18,[8 2],38,-1,61,-1,43
1,<environment.Job instance at 0x7fedc6608190>,40,15,[2 5],41,-1,58,-1,43
1,<environment.Job instance at 0x7fedc66082d0>,42,17,[4 5],43,-1,60,-1,43
1,<environment.Job instance at 0x7fedc6608f00>,43,14,[9 3],44,-1,58,-1,44
1,<environment.Job instance at 0x7fedc66081e0>,45,17,[8 2],46,-1,63,-1,46
1,<environment.Job instance at 0x7fedc6608fa0>,46,16,[1 9],47,-1,63,-1,47
1,<environment.Job instance at 0x7fedc6202960>,6,12,[ 5 12],7,-1,19,-1,7
1,<environment.Job instance at 0x7fedc62025f0>,9,2,[ 5 14],10,-1,17,-1,15
1,<environment.Job instance at 0x7fedc6d1d370>,21,16,[ 1 14],22,-1,65,-1,49
1,<environment.Job instance at 0x7fedc62f1190>,2,16,[10  4],3,-1,20,-1,4
1,<environment.Job instance at 0x7fedc62f14b0>,4,16,[9 5],5,-1,21,-1,5
1,<environment.Job instance at 0x7fedc62024b0>,3,16,[6 5],4,-1,21,-1,5
1,<environment.Job instance at 0x7fedc62f15a0>,6,22,[1 8],7,-1,30,-1,8
1,<environment.Job instance at 0x7fedc6920050>,8,1,[9 2],9,-1,10,-1,9
1,<environment.Job instance at 0x7fedc6920190>,9,18,[5 8],10,-1,28,-1,10
1,<environment.Job instance at 0x7fedc6920be0>,10,18,[ 2 10],11,-1,29,-1,11
1,<environment.Job instance at 0x7fedc6920690>,11,15,[8 1],12,-1,27,-1,12
1,<environment.Job instance at 0x7fedc6920550>,12,13,[1 5],13,-1,26,-1,13
1,<environment.Job instance at 0x7fedc69205f0>,13,2,[5 9],14,-1,16,-1,14
1,<environment.Job instance at 0x7fedc69200a0>,14,16,[6 1],15,-1,31,-1,15
1,<environment.Job instance at 0x7fedc6920dc0>,15,3,[4 6],16,-1,19,-1,16
1,<environment.Job instance at 0x7fedc6c43500>,7,28,[5 9],8,-1,66,-1,38
1,<environment.Job instance at 0x7fedc6347410>,3,17,[4 7],4,-1,21,-1,4
1,<environment.Job instance at 0x7fedc5ff8fa0>,4,16,[ 5 10],5,-1,22,-1,6
1,<environment.Job instance at 0x7fedc60cd730>,5,15,[5 9],6,-1,21,-1,6
1,<environment.Job instance at 0x7fedc6cc7fa0>,10,26,[3 7],11,-1,37,-1,11
1,<environment.Job instance at 0x7fedc6cc7d20>,14,16,[1 5],15,-1,32,-1,16
1,<environment.Job instance at 0x7fedc6cc71e0>,17,18,[10  5],18,-1,36,-1,18
1,<environment.Job instance at 0x7fedc6cc7730>,20,13,[10  1],21,-1,34,-1,21
1,<environment.Job instance at 0x7fedc6618a00>,22,24,[1 9],23,-1,47,-1,23
1,<environment.Job instance at 0x7fedc6618eb0>,24,12,[9 3],25,-1,37,-1,25
1,<environment.Job instance at 0x7fedc6618370>,25,1,[1 8],26,-1,27,-1,26
1,<environment.Job instance at 0x7fedc6618550>,26,12,[10  1],27,-1,39,-1,27
1,<environment.Job instance at 0x7fedc6578af0>,28,2,[1 6],29,-1,31,-1,29
1,<environment.Job instance at 0x7fedc6e0e870>,15,18,[4 9],16,-1,48,-1,30
1,<environment.Job instance at 0x7fedc6f66af0>,30,17,[5 6],31,-1,48,-1,31
1,<environment.Job instance at 0x7fedc6f45c30>,35,21,[ 2 10],36,-1,58,-1,37
1,<environment.Job instance at 0x7fedc6f454b0>,36,15,[10  2],37,-1,53,-1,38
1,<environment.Job instance at 0x7fedc75b3050>,38,12,[ 2 11],39,-1,54,-1,42
1,<environment.Job instance at 0x7fedc663f370>,42,16,[12  1],43,-1,59,-1,43
1,<environment.Job instance at 0x7fedc663f0f0>,43,15,[ 4 13],44,-1,59,-1,44
1,<environment.Job instance at 0x7fedc6a8a3c0>,10,26,[3 7],11,-1,38,-1,12
1,<environment.Job instance at 0x7fedc6d1d690>,11,18,[11  5],12,-1,30,-1,12
1,<environment.Job instance at 0x7fedc62ee910>,19,1,[12  2],20,-1,40,-1,39
1,<environment.Job instance at 0x7fedc72ee8c0>,0,17,[10  2],1,-1,20,-1,3
1,<environment.Job instance at 0x7fedc72ee190>,3,24,[2 6],4,-1,28,-1,4
1,<environment.Job instance at 0x7fedc72eecd0>,7,14,[9 2],8,-1,22,-1,8
1,<environment.Job instance at 0x7fedc6df8780>,10,14,[5 8],11,-1,25,-1,11
1,<environment.Job instance at 0x7fedc6df80f0>,12,18,[6 2],13,-1,31,-1,13
1,<environment.Job instance at 0x7fedc6dc85f0>,14,18,[6 2],15,-1,33,-1,15
1,<environment.Job instance at 0x7fedc6dc8780>,15,19,[6 3],16,-1,35,-1,16
1,<environment.Job instance at 0x7fedc6f65730>,22,27,[5 7],23,-1,50,-1,23
1,<environment.Job instance at 0x7fedc6fb7730>,25,16,[9 2],26,-1,42,-1,26
1,<environment.Job instance at 0x7fedc6fb7780>,26,15,[10  3],27,-1,42,-1,27
1,<environment.Job instance at 0x7fedc6fb7410>,27,15,[9 1],28,-1,43,-1,28
1,<environment.Job instance at 0x7fedc7320690>,40,17,[5 2],41,-1,58,-1,41
1,<environment.Job instance at 0x7fedc6db1550>,41,18,[4 9],42,-1,60,-1,42
1,<environment.Job instance at 0x7fedc6618e10>,4,13,[ 5 12],5,-1,18,-1,5
1,<environment.Job instance at 0x7fedc64b0640>,5,2,[ 2 11],6,-1,8,-1,6
1,<environment.Job instance at 0x7fedc648ce60>,3,24,[2 6],4,-1,41,-1,17
1,<environment.Job instance at 0x7fedc624fe10>,22,27,[5 7],23,-1,76,-1,49
1,<environment.Job instance at 0x7fedd0471690>,24,24,[13  2],25,-1,73,-1,49
1,<environment.Job instance at 0x7fedc6f8baa0>,1,18,[ 3 10],2,-1,21,-1,3
1,<environment.Job instance at 0x7fedc772afa0>,3,24,[8 5],4,-1,28,-1,4
1,<environment.Job instance at 0x7fedc772ae60>,4,14,[ 1 10],5,-1,19,-1,5
1,<environment.Job instance at 0x7fedc64cd050>,12,16,[5 4],13,-1,29,-1,13
1,<environment.Job instance at 0x7fedc64cd500>,13,15,[ 3 10],14,-1,29,-1,14
1,<environment.Job instance at 0x7fedc64cd2d0>,15,15,[5 6],16,-1,31,-1,16
1,<environment.Job instance at 0x7fedc64b5dc0>,20,16,[5 4],21,-1,44,-1,28
1,<environment.Job instance at 0x7fedc64cdcd0>,18,20,[3 9],19,-1,49,-1,29
1,<environment.Job instance at 0x7fedc64b5e60>,21,17,[ 4 10],22,-1,49,-1,32
1,<environment.Job instance at 0x7fedc64bda50>,28,23,[3 9],29,-1,56,-1,33
1,<environment.Job instance at 0x7fedc64b5d20>,27,21,[4 8],28,-1,54,-1,33
1,<environment.Job instance at 0x7fedc76a1b90>,34,18,[6 4],35,-1,64,-1,46
1,<environment.Job instance at 0x7fedc63e1b40>,29,13,[10  5],30,-1,59,-1,46
1,<environment.Job instance at 0x7fedc624fe10>,0,18,[ 4 11],1,-1,19,-1,1
1,<environment.Job instance at 0x7fedc72ee140>,3,24,[8 5],4,-1,39,-1,15
1,<environment.Job instance at 0x7fedc6d1dc80>,8,13,[12  1],9,-1,28,-1,15
1,<environment.Job instance at 0x7fedc7777f00>,16,3,[14  2],17,-1,40,-1,37
1,<environment.Job instance at 0x7fedc7686230>,1,16,[8 4],2,-1,20,-1,4
1,<environment.Job instance at 0x7fedc7237320>,4,1,[2 5],5,-1,6,-1,5
1,<environment.Job instance at 0x7fedc6f8bc30>,3,18,[6 4],4,-1,23,-1,5
1,<environment.Job instance at 0x7fedc722d960>,15,21,[9 5],16,-1,38,-1,17
1,<environment.Job instance at 0x7fedc722d1e0>,16,18,[10  5],17,-1,35,-1,17
1,<environment.Job instance at 0x7fedc722d4b0>,17,14,[1 9],18,-1,33,-1,19
1,<environment.Job instance at 0x7fedc770d6e0>,21,16,[1 6],22,-1,38,-1,22
1,<environment.Job instance at 0x7fedc770d5f0>,23,27,[3 5],24,-1,51,-1,24
1,<environment.Job instance at 0x7fedc7216c30>,27,17,[5 7],28,-1,45,-1,28
1,<environment.Job instance at 0x7fedc7216190>,28,12,[7 5],29,-1,41,-1,29
1,<environment.Job instance at 0x7fedc7216910>,29,12,[1 9],30,-1,42,-1,30
1,<environment.Job instance at 0x7fedc7202960>,33,12,[9 3],34,-1,46,-1,34
1,<environment.Job instance at 0x7fedc7202190>,37,17,[2 6],38,-1,55,-1,38
1,<environment.Job instance at 0x7fedc7202320>,38,17,[5 4],39,-1,56,-1,39
1,<environment.Job instance at 0x7fedc72020a0>,40,16,[9 4],41,-1,57,-1,41
1,<environment.Job instance at 0x7fedc7202410>,42,12,[8 3],43,-1,55,-1,43
1,<environment.Job instance at 0x7fedc72029b0>,43,13,[5 6],44,-1,57,-1,44
1,<environment.Job instance at 0x7fedc7234190>,45,18,[3 9],46,-1,64,-1,46
1,<environment.Job instance at 0x7fedc72349b0>,46,27,[10  4],47,-1,74,-1,47
1,<environment.Job instance at 0x7fedc7234050>,48,14,[4 5],49,-1,63,-1,49
1,<environment.Job instance at 0x7fedc6c3c640>,8,16,[13  3],9,-1,25,-1,9
1,<environment.Job instance at 0x7fedc722daf0>,23,27,[3 5],24,-1,66,-1,39
1,<environment.Job instance at 0x7fedc63fecd0>,24,1,[12  4],25,-1,40,-1,39
1,<environment.Job instance at 0x7fedc722d550>,25,2,[14  1],26,-1,41,-1,39
1,<environment.Job instance at 0x7fedc69f3550>,1,18,[4 8],2,-1,20,-1,2
1,<environment.Job instance at 0x7fedc69c6d20>,6,17,[2 9],7,-1,25,-1,8
1,<environment.Job instance at 0x7fedc69c65a0>,9,14,[4 7],10,-1,24,-1,10
1,<environment.Job instance at 0x7fedc69c62d0>,10,16,[10  3],11,-1,27,-1,11
1,<environment.Job instance at 0x7fedc69c6f00>,11,17,[10  5],12,-1,29,-1,12
1,<environment.Job instance at 0x7fedc69c6b40>,13,17,[6 1],14,-1,31,-1,14
1,<environment.Job instance at 0x7fedc7472d70>,16,13,[8 5],17,-1,30,-1,17
1,<environment.Job instance at 0x7fedc7472870>,24,12,[3 7],25,-1,37,-1,25
1,<environment.Job instance at 0x7fedc74720f0>,25,12,[3 7],26,-1,38,-1,26
1,<environment.Job instance at 0x7fedc7472280>,27,16,[2 7],28,-1,44,-1,28
1,<environment.Job instance at 0x7fedc74725f0>,29,14,[7 2],30,-1,44,-1,30
1,<environment.Job instance at 0x7fedc69a5af0>,30,18,[1 7],31,-1,49,-1,31
1,<environment.Job instance at 0x7fedc69a5a50>,31,14,[1 7],32,-1,46,-1,32
1,<environment.Job instance at 0x7fedc69a5aa0>,32,14,[8 5],33,-1,47,-1,33
1,<environment.Job instance at 0x7fedc69a5230>,35,26,[4 8],36,-1,62,-1,36
1,<environment.Job instance at 0x7fedc69a54b0>,36,20,[4 8],37,-1,57,-1,37
1,<environment.Job instance at 0x7fedc69a5140>,38,16,[8 4],39,-1,55,-1,39
1,<environment.Job instance at 0x7fedc69a57d0>,40,25,[5 4],41,-1,66,-1,41
1,<environment.Job instance at 0x7fedc69a56e0>,41,21,[5 5],42,-1,63,-1,42
1,<environment.Job instance at 0x7fedc607fe60>,43,18,[ 2 10],44,-1,62,-1,44
1,<environment.Job instance at 0x7fedc78a45a0>,45,25,[5 7],46,-1,71,-1,46
1,<environment.Job instance at 0x7fedc6364d20>,47,22,[5 8],48,-1,70,-1,48
1,<environment.Job instance at 0x7fedc6320b90>,0,1,[ 5 11],1,-1,2,-1,1
1,<environment.Job instance at 0x7fedc7173500>,2,25,[7 3],3,-1,28,-1,3
1,<environment.Job instance at 0x7fedc6de79b0>,4,13,[ 3 12],5,-1,18,-1,5
1,<environment.Job instance at 0x7fedc7608140>,18,14,[13  2],19,-1,58,-1,44
1,<environment.Job instance at 0x7fedd03a17d0>,3,27,[8 5],4,-1,31,-1,4
1,<environment.Job instance at 0x7fedc65fcfa0>,13,24,[3 5],14,-1,38,-1,14
1,<environment.Job instance at 0x7fedc65fc2d0>,14,14,[4 6],15,-1,29,-1,15
1,<environment.Job instance at 0x7fedc65fc370>,15,14,[10  1],16,-1,31,-1,17
1,<environment.Job instance at 0x7fedc7094e60>,17,17,[2 7],18,-1,35,-1,18
1,<environment.Job instance at 0x7fedc7094af0>,18,15,[5 5],19,-1,34,-1,19
1,<environment.Job instance at 0x7fedd039f460>,20,15,[6 3],21,-1,36,-1,21
1,<environment.Job instance at 0x7fedd039f230>,21,18,[5 9],22,-1,40,-1,22
1,<environment.Job instance at 0x7fedc782efa0>,23,18,[3 7],24,-1,42,-1,24
1,<environment.Job instance at 0x7fedcfe9f1e0>,24,27,[1 8],25,-1,52,-1,25
1,<environment.Job instance at 0x7fedc70528c0>,28,12,[1 8],29,-1,41,-1,29
1,<environment.Job instance at 0x7fedc680a190>,30,18,[2 7],31,-1,49,-1,31
1,<environment.Job instance at 0x7fedc71c3af0>,39,18,[7 4],40,-1,61,-1,43
1,<environment.Job instance at 0x7fedc71c6780>,44,18,[3 6],45,-1,63,-1,45
1,<environment.Job instance at 0x7fedc71c5e60>,46,26,[8 5],47,-1,73,-1,47
1,<environment.Job instance at 0x7fedc6fd4870>,3,27,[8 5],4,-1,32,-1,5
1,<environment.Job instance at 0x7fedc63095f0>,4,12,[ 5 13],5,-1,17,-1,5
1,<environment.Job instance at 0x7fedc6fd4280>,9,1,[12  4],10,-1,11,-1,10
1,<environment.Job instance at 0x7fedc6a0afa0>,13,24,[3 5],14,-1,42,-1,18
1,<environment.Job instance at 0x7fedc6a173c0>,0,17,[5 8],1,-1,18,-1,1
1,<environment.Job instance at 0x7fedcfe67b90>,4,16,[2 7],5,-1,21,-1,5
1,<environment.Job instance at 0x7fedcfe67460>,6,14,[10  1],7,-1,24,-1,10
1,<environment.Job instance at 0x7fedc6d48e60>,10,18,[5 6],11,-1,29,-1,11
1,<environment.Job instance at 0x7fedc6d48f50>,11,17,[2 9],12,-1,29,-1,12
1,<environment.Job instance at 0x7fedc6d48910>,12,2,[5 2],13,-1,15,-1,13
1,<environment.Job instance at 0x7fedc6d483c0>,13,3,[10  2],14,-1,17,-1,14
1,<environment.Job instance at 0x7fedc6d484b0>,14,12,[10  2],15,-1,27,-1,15
1,<environment.Job instance at 0x7fedc6d48190>,16,13,[9 1],17,-1,30,-1,17
1,<environment.Job instance at 0x7fedc6d48500>,17,22,[10  1],18,-1,40,-1,18
1,<environment.Job instance at 0x7fedc6d48c80>,19,14,[5 1],20,-1,34,-1,20
1,<environment.Job instance at 0x7fedc6d48be0>,20,20,[3 8],21,-1,41,-1,21
1,<environment.Job instance at 0x7fedc611e690>,22,13,[9 2],23,-1,36,-1,23
1,<environment.Job instance at 0x7fedc6d482d0>,9,12,[7 5],10,-1,35,-1,23
1,<environment.Job instance at 0x7fedc6124550>,34,17,[1 8],35,-1,52,-1,35
1,<environment.Job instance at 0x7fedc6124460>,35,13,[4 7],36,-1,49,-1,36
1,<environment.Job instance at 0x7fedc6124190>,39,22,[7 3],40,-1,63,-1,41
1,<environment.Job instance at 0x7fedc6124b40>,42,25,[7 5],43,-1,68,-1,43
1,<environment.Job instance at 0x7fedc61245a0>,40,15,[13  3],41,-1,60,-1,45
1,<environment.Job instance at 0x7fedc74618c0>,18,16,[13  1],19,-1,62,-1,46
1,<environment.Job instance at 0x7fedc7205370>,0,16,[ 2 10],1,-1,20,-1,4
1,<environment.Job instance at 0x7fedc6c5f5f0>,4,1,[6 4],5,-1,6,-1,5
1,<environment.Job instance at 0x7fedc6c5fe10>,5,15,[ 4 12],6,-1,21,-1,6
1,<environment.Job instance at 0x7fedc75a3f00>,6,18,[5 8],7,-1,25,-1,7
1,<environment.Job instance at 0x7fedc75a3eb0>,7,13,[5 8],8,-1,21,-1,8
1,<environment.Job instance at 0x7fedc75a36e0>,8,13,[5 5],9,-1,22,-1,9
1,<environment.Job instance at 0x7fedc75a3a00>,9,17,[ 2 10],10,-1,27,-1,10
1,<environment.Job instance at 0x7fedc6dc80a0>,10,14,[6 3],11,-1,25,-1,11
1,<environment.Job instance at 0x7fedc6dc8eb0>,11,18,[8 1],12,-1,30,-1,12
1,<environment.Job instance at 0x7fedc6dc83c0>,12,15,[3 9],13,-1,28,-1,13
1,<environment.Job instance at 0x7fedc6dc8960>,13,20,[8 4],14,-1,34,-1,14
1,<environment.Job instance at 0x7fedc6c5fc80>,3,15,[4 8],4,-1,32,-1,17
1,<environment.Job instance at 0x7fedc6fa7230>,17,27,[8 5],18,-1,45,-1,18
1,<environment.Job instance at 0x7fedc6dc8c80>,22,17,[3 5],23,-1,40,-1,23
1,<environment.Job instance at 0x7fedc6618b40>,25,13,[10  5],26,-1,40,-1,27
1,<environment.Job instance at 0x7fedc6618230>,26,17,[7 3],27,-1,44,-1,27
1,<environment.Job instance at 0x7fedc6f666e0>,30,13,[1 9],31,-1,44,-1,31
1,<environment.Job instance at 0x7fedc6f660a0>,31,17,[9 4],32,-1,49,-1,32
1,<environment.Job instance at 0x7fedc6f66780>,32,24,[4 6],33,-1,57,-1,33
1,<environment.Job instance at 0x7fedc6f665a0>,34,18,[5 2],35,-1,53,-1,35
1,<environment.Job instance at 0x7fedc6b4e050>,35,14,[10  1],36,-1,51,-1,37
1,<environment.Job instance at 0x7fedc6f66c30>,36,12,[9 5],37,-1,49,-1,37
1,<environment.Job instance at 0x7fedc7754c30>,41,18,[7 2],42,-1,61,-1,43
1,<environment.Job instance at 0x7fedcfe69690>,5,15,[ 4 12],6,-1,21,-1,6
1,<environment.Job instance at 0x7fedc7366e60>,6,13,[8 4],7,-1,21,-1,8
1,<environment.Job instance at 0x7fedc641baa0>,8,16,[6 5],9,-1,25,-1,9
1,<environment.Job instance at 0x7fedc68e3280>,7,17,[6 2],8,-1,26,-1,9
1,<environment.Job instance at 0x7fedc69f72d0>,10,25,[10  4],11,-1,36,-1,11
1,<environment.Job instance at 0x7fedc67dff50>,15,17,[8 5],16,-1,33,-1,16
1,<environment.Job instance at 0x7fedc61f4d20>,19,12,[1 6],20,-1,33,-1,21
1,<environment.Job instance at 0x7fedc64185f0>,20,18,[6 4],21,-1,39,-1,21
1,<environment.Job instance at 0x7fedc6fadf50>,22,15,[4 9],23,-1,38,-1,23
1,<environment.Job instance at 0x7fedc7465230>,23,18,[8 3],24,-1,44,-1,26
1,<environment.Job instance at 0x7fedc6a57190>,25,15,[7 1],26,-1,41,-1,26
1,<environment.Job instance at 0x7fedc6fac8c0>,26,16,[7 5],27,-1,44,-1,28
1,<environment.Job instance at 0x7fedc6f7afa0>,27,16,[13  1],28,-1,44,-1,28
1,<environment.Job instance at 0x7fedc737c730>,29,14,[5 3],30,-1,47,-1,33
1,<environment.Job instance at 0x7fedc640f6e0>,33,2,[9 1],34,-1,37,-1,35
1,<environment.Job instance at 0x7fedc7768460>,34,14,[5 8],35,-1,50,-1,36
1,<environment.Job instance at 0x7fedc7768640>,36,20,[10  4],37,-1,57,-1,37
1,<environment.Job instance at 0x7fedc6d36c80>,37,2,[10  5],38,-1,41,-1,39
1,<environment.Job instance at 0x7fedc6854910>,38,17,[9 2],39,-1,56,-1,39
1,<environment.Job instance at 0x7fedc67f3550>,39,14,[7 5],40,-1,55,-1,41
1,<environment.Job instance at 0x7fedc640d190>,41,13,[5 2],42,-1,55,-1,42
1,<environment.Job instance at 0x7fedc735da50>,42,18,[5 3],43,-1,61,-1,43
1,<environment.Job instance at 0x7fedc735d730>,43,27,[1 7],44,-1,71,-1,44
1,<environment.Job instance at 0x7fedc681b140>,44,18,[6 3],45,-1,63,-1,45
1,<environment.Job instance at 0x7fedc681b500>,40,27,[ 3 13],41,-1,72,-1,45
1,<environment.Job instance at 0x7fedc6dc8d20>,0,12,[ 3 12],1,-1,13,-1,1
1,<environment.Job instance at 0x7fedc7768c80>,10,25,[10  4],11,-1,60,-1,35
1,<environment.Job instance at 0x7f2952691820>,2,14,[ 2 10],3,-1,18,-1,4
1,<environment.Job instance at 0x7f295bce7aa0>,3,22,[2 5],4,-1,26,-1,4
1,<environment.Job instance at 0x7f2952691b90>,7,14,[7 5],8,-1,22,-1,8
1,<environment.Job instance at 0x7f2952691c80>,8,17,[1 8],9,-1,26,-1,9
1,<environment.Job instance at 0x7f2952691d70>,10,22,[8 1],11,-1,33,-1,11
1,<environment.Job instance at 0x7f2952691b40>,12,23,[6 4],13,-1,36,-1,13
1,<environment.Job instance at 0x7f29526940f0>,13,18,[5 9],14,-1,32,-1,14
1,<environment.Job instance at 0x7f29526940a0>,14,21,[8 1],15,-1,36,-1,15
1,<environment.Job instance at 0x7f2952694230>,16,18,[7 3],17,-1,35,-1,17
1,<environment.Job instance at 0x7f2952694320>,18,26,[7 4],19,-1,45,-1,19
1,<environment.Job instance at 0x7f2952694550>,19,25,[5 9],20,-1,45,-1,20
1,<environment.Job instance at 0x7f29526945f0>,21,18,[9 4],22,-1,40,-1,22
1,<environment.Job instance at 0x7f2952694640>,23,16,[6 2],24,-1,40,-1,24
1,<environment.Job instance at 0x7f2952694b90>,26,12,[8 5],27,-1,39,-1,27
1,<environment.Job instance at 0x7f2952694cd0>,27,17,[4 6],28,-1,45,-1,28
1,<environment.Job instance at 0x7f2952694e10>,30,26,[9 4],31,-1,61,-1,35
1,<environment.Job instance at 0x7f29526970f0>,35,16,[1 9],36,-1,52,-1,36
1,<environment.Job instance at 0x7f2952694eb0>,32,21,[5 9],33,-1,62,-1,41
1,<environment.Job instance at 0x7f2952697550>,37,14,[5 8],38,-1,55,-1,41
1,<environment.Job instance at 0x7f2952697500>,39,14,[9 4],40,-1,56,-1,42
1,<environment.Job instance at 0x7f2952697910>,43,12,[4 5],44,-1,58,-1,46
1,<environment.Job instance at 0x7f2952697af0>,45,15,[7 5],46,-1,62,-1,47
1,<environment.Job instance at 0x7f2952697e10>,47,13,[ 3 10],48,-1,62,-1,49
1,<environment.Job instance at 0x7f2952697c80>,49,17,[10  2],50,-1,68,-1,51
1,<environment.Job instance at 0x7f29526995a0>,54,18,[7 1],55,-1,75,-1,57
1,<environment.Job instance at 0x7f2952699af0>,57,16,[ 2 11],58,-1,75,-1,59
1,<environment.Job instance at 0x7f29526915f0>,12,23,[6 4],13,-1,53,-1,30
1,<environment.Job instance at 0x7f295269b730>,18,26,[7 4],19,-1,70,-1,44
1,<environment.Job instance at 0x7f295269b5f0>,19,25,[5 9],20,-1,83,-1,58
1,<environment.Job instance at 0x7f29522837d0>,7,16,[1 9],8,-1,24,-1,8
1,<environment.Job instance at 0x7f2952276730>,9,14,[9 4],10,-1,24,-1,10
1,<environment.Job instance at 0x7f29522dac30>,12,18,[3 5],13,-1,31,-1,13
1,<environment.Job instance at 0x7f2952154370>,16,13,[10  1],17,-1,32,-1,19
1,<environment.Job instance at 0x7f2952154910>,19,19,[10  3],20,-1,39,-1,20
1,<environment.Job instance at 0x7f29521549b0>,18,14,[6 1],19,-1,34,-1,20
1,<environment.Job instance at 0x7f2952154a00>,17,16,[8 1],18,-1,37,-1,21
1,<environment.Job instance at 0x7f2952154b90>,21,14,[8 5],22,-1,36,-1,22
1,<environment.Job instance at 0x7f29521545f0>,22,21,[4 8],23,-1,44,-1,23
1,<environment.Job instance at 0x7f29521540a0>,23,18,[ 3 10],24,-1,43,-1,25
1,<environment.Job instance at 0x7f29521543c0>,27,18,[7 1],28,-1,47,-1,29
1,<environment.Job instance at 0x7f2952150230>,28,16,[4 9],29,-1,46,-1,30
1,<environment.Job instance at 0x7f2952150f00>,36,18,[2 6],37,-1,60,-1,42
1,<environment.Job instance at 0x7f2952201690>,43,16,[1 9],44,-1,60,-1,44
1,<environment.Job instance at 0x7f29521aad20>,45,16,[7 5],46,-1,62,-1,46
1,<environment.Job instance at 0x7f295be5a3c0>,47,18,[5 5],48,-1,66,-1,48
1,<environment.Job instance at 0x7f2951e45f00>,10,17,[9 5],11,-1,28,-1,11
1,<environment.Job instance at 0x7f2951e402d0>,12,18,[10  4],13,-1,33,-1,15
1,<environment.Job instance at 0x7f2951e40910>,15,15,[8 3],16,-1,31,-1,16
1,<environment.Job instance at 0x7f2951e40820>,21,14,[ 3 10],22,-1,36,-1,22
1,<environment.Job instance at 0x7f2951e3d9b0>,29,17,[5 7],30,-1,49,-1,32
1,<environment.Job instance at 0x7f2951e39460>,35,17,[10  4],36,-1,53,-1,36
1,<environment.Job instance at 0x7f2951e39690>,37,21,[10  4],38,-1,77,-1,56
1,<environment.Job instance at 0x7f2951ea5cd0>,0,19,[ 5 12],1,-1,20,-1,1
1,<environment.Job instance at 0x7f2951e32460>,17,28,[ 2 10],18,-1,65,-1,37
1,<environment.Job instance at 0x7f2951e32410>,22,15,[ 2 13],23,-1,55,-1,40
1,<environment.Job instance at 0x7f2951e49050>,24,20,[13  4],25,-1,61,-1,41
1,<environment.Job instance at 0x7f2951e28f50>,0,17,[3 5],1,-1,19,-1,2
1,<environment.Job instance at 0x7f2951e9c690>,1,18,[6 2],2,-1,20,-1,2
1,<environment.Job instance at 0x7f2951c86460>,6,17,[9 1],7,-1,25,-1,8
1,<environment.Job instance at 0x7f2951c81fa0>,7,13,[9 5],8,-1,21,-1,8
1,<environment.Job instance at 0x7f2951c86640>,10,17,[9 5],11,-1,30,-1,13
1,<environment.Job instance at 0x7f2951c86780>,14,26,[3 9],15,-1,41,-1,15
1,<environment.Job instance at 0x7f2951c86d20>,18,21,[2 7],19,-1,40,-1,19
1,<environment.Job instance at 0x7f2951c86a00>,20,23,[4 7],21,-1,44,-1,21
1,<environment.Job instance at 0x7f2951c87050>,21,14,[ 1 10],22,-1,36,-1,22
1,<environment.Job instance at 0x7f2951c87190>,23,14,[5 9],24,-1,38,-1,24
1,<environment.Job instance at 0x7f2951c87230>,25,19,[ 1 10],26,-1,45,-1,26
1,<environment.Job instance at 0x7f2951c87500>,26,16,[6 5],27,-1,43,-1,27
1,<environment.Job instance at 0x7f2951c875f0>,28,20,[ 2 10],29,-1,51,-1,31
1,<environment.Job instance at 0x7f2951c87af0>,31,17,[3 6],32,-1,49,-1,32
1,<environment.Job instance at 0x7f2951c87b90>,34,16,[5 6],35,-1,51,-1,35
1,<environment.Job instance at 0x7f2951c87d20>,35,21,[1 6],36,-1,57,-1,36
1,<environment.Job instance at 0x7f2951c87a00>,36,16,[1 8],37,-1,53,-1,37
1,<environment.Job instance at 0x7f2951c87f50>,38,23,[1 9],39,-1,62,-1,39
1,<environment.Job instance at 0x7f2951c89050>,39,17,[8 5],40,-1,57,-1,40
1,<environment.Job instance at 0x7f2951c89460>,43,18,[5 1],44,-1,62,-1,44
1,<environment.Job instance at 0x7f2951c895a0>,44,15,[8 5],45,-1,60,-1,45
1,<environment.Job instance at 0x7f2951c89730>,47,12,[4 8],48,-1,60,-1,48
1,<environment.Job instance at 0x7f2951c89910>,48,19,[4 7],49,-1,68,-1,49
1,<environment.Job instance at 0x7f2951c895f0>,49,13,[4 5],50,-1,63,-1,50
1,<environment.Job instance at 0x7f2951c89b40>,53,22,[9 1],54,-1,78,-1,56
1,<environment.Job instance at 0x7f2951e2aa50>,8,27,[ 3 12],9,-1,36,-1,9
1,<environment.Job instance at 0x7f2951e2aeb0>,12,15,[ 2 14],13,-1,37,-1,22
1,<environment.Job instance at 0x7f2951e2a5a0>,14,26,[3 9],15,-1,60,-1,34
1,<environment.Job instance at 0x7f2951e2f8c0>,20,23,[4 7],21,-1,65,-1,42
1,<environment.Job instance at 0x7f29527d1820>,3,13,[9 2],4,-1,17,-1,4
1,<environment.Job instance at 0x7f29527d1320>,4,13,[4 5],5,-1,18,-1,5
1,<environment.Job instance at 0x7f29527d1a00>,5,27,[6 1],6,-1,33,-1,6
1,<environment.Job instance at 0x7f29527d17d0>,7,14,[10  3],8,-1,25,-1,11
1,<environment.Job instance at 0x7f2952c078c0>,11,16,[5 8],12,-1,28,-1,12
1,<environment.Job instance at 0x7f2952c07c30>,12,23,[1 8],13,-1,36,-1,13
1,<environment.Job instance at 0x7f2952c071e0>,17,14,[10  5],18,-1,32,-1,18
1,<environment.Job instance at 0x7f29527d1d70>,10,13,[3 5],11,-1,32,-1,19
1,<environment.Job instance at 0x7f2952c07b40>,21,17,[10  2],22,-1,41,-1,24
1,<environment.Job instance at 0x7f2952c07370>,23,26,[5 3],24,-1,50,-1,24
1,<environment.Job instance at 0x7f2952453a00>,25,18,[ 1 10],26,-1,44,-1,26
1,<environment.Job instance at 0x7f2952453cd0>,28,17,[1 5],29,-1,46,-1,29
1,<environment.Job instance at 0x7f2952453e10>,30,18,[5 8],31,-1,49,-1,31
1,<environment.Job instance at 0x7f2952453d70>,32,18,[3 8],33,-1,51,-1,33
1,<environment.Job instance at 0x7f2952453a50>,36,17,[8 4],37,-1,69,-1,52
1,<environment.Job instance at 0x7f2952b453c0>,41,20,[ 4 10],42,-1,72,-1,52
1,<environment.Job instance at 0x7f2952b45b40>,42,15,[9 2],43,-1,67,-1,52
1,<environment.Job instance at 0x7f29524535a0>,38,20,[5 2],39,-1,73,-1,53
1,<environment.Job instance at 0x7f2952b455f0>,44,16,[7 5],45,-1,69,-1,53
1,<environment.Job instance at 0x7f2952b45f00>,47,27,[9 5],48,-1,80,-1,53
1,<environment.Job instance at 0x7f2952b45870>,48,13,[8 4],49,-1,66,-1,53
1,<environment.Job instance at 0x7f2952453960>,37,15,[3 6],38,-1,72,-1,57
1,<environment.Job instance at 0x7f2951e45050>,5,27,[6 1],6,-1,41,-1,14
1,<environment.Job instance at 0x7f2951e393c0>,12,23,[1 8],13,-1,51,-1,28
1,<environment.Job instance at 0x7f2951e2f3c0>,23,26,[5 3],24,-1,75,-1,49
1,<environment.Job instance at 0x7f29531b88c0>,13,16,[4 5],14,-1,31,-1,15
1,<environment.Job instance at 0x7f2952c0de60>,15,16,[7 5],16,-1,32,-1,16
1,<environment.Job instance at 0x7f2952935960>,18,14,[9 4],19,-1,33,-1,19
1,<environment.Job instance at 0x7f2952935500>,19,18,[5 6],20,-1,38,-1,20
1,<environment.Job instance at 0x7f29529357d0>,20,16,[8 3],21,-1,37,-1,21
1,<environment.Job instance at 0x7f2952a05410>,23,16,[ 4 10],24,-1,40,-1,24
1,<environment.Job instance at 0x7f2952a055a0>,25,27,[4 5],26,-1,53,-1,26
1,<environment.Job instance at 0x7f2951e3c870>,1,17,[ 5 14],2,-1,19,-1,2
1,<environment.Job instance at 0x7f2951e3d190>,2,25,[ 3 11],3,-1,28,-1,3
1,<environment.Job instance at 0x7f2951e45a50>,4,17,[13  5],5,-1,22,-1,5
1,<environment.Job instance at 0x7f2951e45050>,5,13,[ 5 14],6,-1,19,-1,6
1,<environment.Job instance at 0x7f2951e2f050>,25,27,[4 5],26,-1,86,-1,59
1,<environment.Job instance at 0x7f2951e2f370>,27,12,[13  4],28,-1,71,-1,59
1,<environment.Job instance at 0x7f2951e2f3c0>,28,12,[ 5 12],29,-1,71,-1,59
1,<environment.Job instance at 0x7f29520f24b0>,0,26,[8 3],1,-1,27,-1,1
1,<environment.Job instance at 0x7f29529f94b0>,5,13,[9 1],6,-1,20,-1,7
1,<environment.Job instance at 0x7f29529f91e0>,7,3,[10  5],8,-1,11,-1,8
1,<environment.Job instance at 0x7f295208d7d0>,8,16,[5 2],9,-1,25,-1,9
1,<environment.Job instance at 0x7f2952c07410>,6,18,[8 3],7,-1,27,-1,9
1,<environment.Job instance at 0x7f295208dd70>,11,18,[5 8],12,-1,30,-1,12
1,<environment.Job instance at 0x7f2951cd8af0>,17,13,[ 5 10],18,-1,31,-1,18
1,<environment.Job instance at 0x7f2952a06f00>,19,18,[5 2],20,-1,38,-1,20
1,<environment.Job instance at 0x7f295bd14140>,20,16,[ 4 10],21,-1,37,-1,21
1,<environment.Job instance at 0x7f295314b5a0>,21,15,[5 7],22,-1,37,-1,22
1,<environment.Job instance at 0x7f29523425f0>,22,17,[8 2],23,-1,40,-1,23
1,<environment.Job instance at 0x7f2952342050>,24,17,[6 1],25,-1,42,-1,25
1,<environment.Job instance at 0x7f2951d0d730>,25,17,[12  4],26,-1,43,-1,26
1,<environment.Job instance at 0x7f2951d0da00>,26,17,[7 4],27,-1,44,-1,27
1,<environment.Job instance at 0x7f2952646910>,29,18,[10  4],30,-1,48,-1,30
1,<environment.Job instance at 0x7f2951d0d0a0>,30,15,[1 9],31,-1,46,-1,31
1,<environment.Job instance at 0x7f2951cf6320>,31,13,[1 7],32,-1,45,-1,32
1,<environment.Job instance at 0x7f2951d0b5f0>,33,14,[5 6],34,-1,48,-1,34
1,<environment.Job instance at 0x7f2951d0baa0>,34,18,[10  5],35,-1,53,-1,35
1,<environment.Job instance at 0x7f295263fc80>,36,16,[2 9],37,-1,53,-1,37
1,<environment.Job instance at 0x7f2952625780>,38,15,[10  4],39,-1,54,-1,39
1,<environment.Job instance at 0x7f2951cf7280>,40,16,[8 5],41,-1,57,-1,41
1,<environment.Job instance at 0x7f2951cdcf50>,41,16,[4 5],42,-1,58,-1,42
1,<environment.Job instance at 0x7f2951cdc6e0>,42,27,[8 3],43,-1,70,-1,43
1,<environment.Job instance at 0x7f2951cdc730>,43,18,[1 6],44,-1,62,-1,44
1,<environment.Job instance at 0x7f2951cd92d0>,44,17,[2 6],45,-1,62,-1,45
1,<environment.Job instance at 0x7f2951cd90f0>,46,27,[2 6],47,-1,74,-1,47
1,<environment.Job instance at 0x7f2952625820>,47,16,[7 4],48,-1,64,-1,48
1,<environment.Job instance at 0x7f2951d07960>,48,16,[9 2],49,-1,65,-1,49
1,<environment.Job instance at 0x7f2951d07fa0>,51,16,[4 5],52,-1,68,-1,52
1,<environment.Job instance at 0x7f2951957460>,0,26,[8 3],1,-1,27,-1,1
1,<environment.Job instance at 0x7f29532ae0f0>,14,2,[11  3],15,-1,25,-1,23
1,<environment.Job instance at 0x7f2951ac3640>,0,12,[10  5],1,-1,15,-1,3
1,<environment.Job instance at 0x7f2952528410>,2,16,[6 4],3,-1,20,-1,4
1,<environment.Job instance at 0x7f2951c775f0>,6,21,[ 4 10],7,-1,28,-1,7
1,<environment.Job instance at 0x7f29520f50a0>,7,23,[2 8],8,-1,31,-1,8
1,<environment.Job instance at 0x7f295251ba00>,14,13,[ 4 11],15,-1,28,-1,15
1,<environment.Job instance at 0x7f2951fcc960>,15,17,[ 5 10],16,-1,33,-1,16
1,<environment.Job instance at 0x7f2953078fa0>,16,14,[9 4],17,-1,31,-1,17
1,<environment.Job instance at 0x7f2951dc2b40>,18,14,[8 2],19,-1,34,-1,20
1,<environment.Job instance at 0x7f295251bc30>,19,17,[12  4],20,-1,37,-1,20
1,<environment.Job instance at 0x7f2951dc21e0>,20,25,[6 4],21,-1,46,-1,21
1,<environment.Job instance at 0x7f29531e2a00>,23,13,[ 4 10],24,-1,38,-1,25
1,<environment.Job instance at 0x7f2951dc2c30>,24,24,[5 5],25,-1,49,-1,25
1,<environment.Job instance at 0x7f2951ede8c0>,29,15,[9 5],30,-1,45,-1,30
1,<environment.Job instance at 0x7f2951db7320>,31,17,[7 5],32,-1,49,-1,32
1,<environment.Job instance at 0x7f2951db6370>,35,14,[3 8],36,-1,51,-1,37
1,<environment.Job instance at 0x7f2951db6230>,37,13,[3 7],38,-1,51,-1,38
1,<environment.Job instance at 0x7f2951db6e60>,38,15,[2 9],39,-1,54,-1,39
1,<environment.Job instance at 0x7f2951dc4780>,43,15,[6 4],44,-1,59,-1,44
1,<environment.Job instance at 0x7f2952117a50>,45,13,[6 3],46,-1,60,-1,47
1,<environment.Job instance at 0x7f2951dc9730>,48,13,[8 3],49,-1,62,-1,49
1,<environment.Job instance at 0x7f2951dc9960>,50,12,[3 7],51,-1,63,-1,51
1,<environment.Job instance at 0x7f2951e454b0>,7,23,[2 8],8,-1,36,-1,13
1,<environment.Job instance at 0x7f29531b8cd0>,8,3,[11  1],9,-1,16,-1,13
1,<environment.Job instance at 0x7f295be5a820>,9,19,[13  3],10,-1,32,-1,13
1,<environment.Job instance at 0x7f2952c72550>,14,13,[ 4 11],15,-1,32,-1,19
1,<environment.Job instance at 0x7f2951e2fbe0>,19,17,[12  4],20,-1,47,-1,30
1,<environment.Job instance at 0x7f29532ae0f0>,20,25,[6 4],21,-1,58,-1,33
1,<environment.Job instance at 0x7f2951e2faa0>,22,3,[14  5],23,-1,36,-1,33
1,<environment.Job instance at 0x7f29520f5410>,24,24,[5 5],25,-1,67,-1,43
1,<environment.Job instance at 0x7f2951957640>,28,28,[ 5 10],29,-1,87,-1,59
1,<environment.Job instance at 0x7f295252afa0>,7,18,[8 2],8,-1,29,-1,11
1,<environment.Job instance at 0x7f295252ab90>,12,17,[4 5],13,-1,30,-1,13
1,<environment.Job instance at 0x7f295252a500>,13,14,[9 3],14,-1,32,-1,18
1,<environment.Job instance at 0x7f29519d9460>,24,16,[9 5],25,-1,41,-1,25
1,<environment.Job instance at 0x7f29519d9d70>,22,16,[10  4],23,-1,41,-1,25
1,<environment.Job instance at 0x7f29519d9fa0>,23,16,[6 5],24,-1,43,-1,27
1,<environment.Job instance at 0x7f29519d9f00>,27,28,[5 9],28,-1,56,-1,28
1,<environment.Job instance at 0x7f29519d95a0>,29,18,[5 8],30,-1,48,-1,30
1,<environment.Job instance at 0x7f2951adb3c0>,30,18,[ 2 10],31,-1,51,-1,33
1,<environment.Job instance at 0x7f2951adb5f0>,36,18,[ 5 10],37,-1,57,-1,39
1,<environment.Job instance at 0x7f295252a6e0>,16,16,[1 9],17,-1,60,-1,44
1,<environment.Job instance at 0x7f2951adbbe0>,32,13,[1 5],33,-1,57,-1,44
1,<environment.Job instance at 0x7f2951adbc30>,38,13,[9 1],39,-1,57,-1,44
1,<environment.Job instance at 0x7f2951adbaf0>,4,17,[14  5],5,-1,22,-1,5
1,<environment.Job instance at 0x7f2952749640>,11,2,[14  5],12,-1,21,-1,19
1,<environment.Job instance at 0x7f2952c313c0>,2,21,[5 7],3,-1,24,-1,3
1,<environment.Job instance at 0x7f2952c31fa0>,5,16,[4 7],6,-1,22,-1,6
1,<environment.Job instance at 0x7f2952c31c80>,6,18,[9 3],7,-1,25,-1,7
1,<environment.Job instance at 0x7f2952c31140>,8,16,[1 7],9,-1,25,-1,9
1,<environment.Job instance at 0x7f2952c315a0>,9,18,[8 2],10,-1,28,-1,10
1,<environment.Job instance at 0x7f2952705c30>,13,17,[4 7],14,-1,31,-1,14
1,<environment.Job instance at 0x7f2952705cd0>,14,16,[ 5 10],15,-1,31,-1,15
1,<environment.Job instance at 0x7f29527058c0>,15,15,[5 9],16,-1,31,-1,16
1,<environment.Job instance at 0x7f2951a2a050>,24,16,[1 5],25,-1,42,-1,26
1,<environment.Job instance at 0x7f2951a2a8c0>,27,18,[10  5],28,-1,46,-1,28
1,<environment.Job instance at 0x7f2951a2a6e0>,28,13,[5 5],29,-1,42,-1,29
1,<environment.Job instance at 0x7f2951a2ae10>,30,13,[10  1],31,-1,44,-1,31
1,<environment.Job instance at 0x7f2951a2a910>,32,24,[1 9],33,-1,57,-1,33
1,<environment.Job instance at 0x7f2951a2ac30>,34,12,[9 3],35,-1,47,-1,35
1,<environment.Job instance at 0x7f2951a2a230>,36,12,[10  1],37,-1,49,-1,37
1,<environment.Job instance at 0x7f29520ee230>,40,17,[5 6],41,-1,58,-1,41
1,<environment.Job instance at 0x7f29520eedc0>,41,27,[7 1],42,-1,69,-1,42
1,<environment.Job instance at 0x7f2951f2ba50>,45,21,[ 2 10],46,-1,71,-1,50
1,<environment.Job instance at 0x7f2951f2b280>,50,16,[10  1],51,-1,67,-1,51
1,<environment.Job instance at 0x7f2952454910>,0,17,[10  2],1,-1,19,-1,2
1,<environment.Job instance at 0x7f2952749640>,1,13,[10  2],2,-1,15,-1,2
1,<environment.Job instance at 0x7f29522f2550>,3,24,[2 6],4,-1,28,-1,4
1,<environment.Job instance at 0x7f2952a98320>,7,14,[9 2],8,-1,25,-1,11
1,<environment.Job instance at 0x7f2952a98410>,12,18,[6 2],13,-1,31,-1,13
1,<environment.Job instance at 0x7f2952a98820>,14,18,[6 2],15,-1,33,-1,15
1,<environment.Job instance at 0x7f2952a98960>,15,19,[6 3],16,-1,35,-1,16
1,<environment.Job instance at 0x7f2952a98550>,10,14,[5 8],11,-1,31,-1,17
1,<environment.Job instance at 0x7f2952aa4050>,22,27,[5 7],23,-1,50,-1,23
1,<environment.Job instance at 0x7f2952aa4230>,25,16,[9 2],26,-1,43,-1,27
1,<environment.Job instance at 0x7f2952aa43c0>,26,15,[10  3],27,-1,42,-1,27
1,<environment.Job instance at 0x7f2952aa46e0>,29,17,[5 2],30,-1,48,-1,31
1,<environment.Job instance at 0x7f2952a670f0>,39,17,[6 2],40,-1,57,-1,40
1,<environment.Job instance at 0x7f2952a672d0>,40,17,[5 2],41,-1,58,-1,41
1,<environment.Job instance at 0x7f2952aa4780>,30,13,[5 4],31,-1,54,-1,41
1,<environment.Job instance at 0x7f2952a671e0>,41,18,[4 9],42,-1,60,-1,42
1,<environment.Job instance at 0x7f2952a67640>,46,16,[8 2],47,-1,64,-1,48
1,<environment.Job instance at 0x7f2952a679b0>,48,14,[8 5],49,-1,63,-1,49
1,<environment.Job instance at 0x7f2952a67780>,49,16,[7 4],50,-1,66,-1,50
1,<environment.Job instance at 0x7f2952a67a50>,50,18,[ 4 11],51,-1,70,-1,52
1,<environment.Job instance at 0x7f2952a67d70>,52,12,[7 2],53,-1,65,-1,53
1,<environment.Job instance at 0x7f2952a67d20>,53,24,[8 5],54,-1,78,-1,54
1,<environment.Job instance at 0x7f2952a67af0>,54,14,[ 1 10],55,-1,69,-1,55
1,<environment.Job instance at 0x7f2952a67e10>,55,13,[5 7],56,-1,69,-1,56
1,<environment.Job instance at 0x7f2952060fa0>,4,13,[ 5 12],5,-1,18,-1,5
1,<environment.Job instance at 0x7f2952cf0870>,5,2,[ 2 11],6,-1,8,-1,6
1,<environment.Job instance at 0x7f2952cf0690>,3,24,[2 6],4,-1,41,-1,17
1,<environment.Job instance at 0x7f295252a050>,22,27,[5 7],23,-1,76,-1,49
1,<environment.Job instance at 0x7f2952c31230>,24,24,[13  2],25,-1,73,-1,49
1,<environment.Job instance at 0x7f2951f2b370>,28,15,[11  4],29,-1,73,-1,58
1,<environment.Job instance at 0x7f29526dd5a0>,1,15,[8 1],2,-1,18,-1,3
1,<environment.Job instance at 0x7f29526dd190>,3,15,[ 3 10],4,-1,19,-1,4
1,<environment.Job instance at 0x7f29526dd780>,4,2,[2 7],5,-1,7,-1,5
1,<environment.Job instance at 0x7f29526dd4b0>,5,15,[5 6],6,-1,21,-1,6
1,<environment.Job instance at 0x7f29526dd960>,6,3,[14  2],7,-1,10,-1,7
1,<environment.Job instance at 0x7f29526dd410>,7,14,[7 2],8,-1,22,-1,8
1,<environment.Job instance at 0x7f29526ddb40>,8,20,[3 9],9,-1,29,-1,9
1,<environment.Job instance at 0x7f29526dd820>,9,1,[5 5],10,-1,11,-1,10
1,<environment.Job instance at 0x7f29526dd9b0>,2,16,[5 4],3,-1,26,-1,10
1,<environment.Job instance at 0x7f29526dd370>,11,17,[ 4 10],12,-1,30,-1,13
1,<environment.Job instance at 0x7f29526dd5f0>,17,21,[4 8],18,-1,39,-1,18
1,<environment.Job instance at 0x7f29526dd640>,18,23,[3 9],19,-1,42,-1,19
1,<environment.Job instance at 0x7f295b81f780>,19,13,[10  5],20,-1,35,-1,22
1,<environment.Job instance at 0x7f295b81fd20>,22,14,[2 6],23,-1,37,-1,23
1,<environment.Job instance at 0x7f295b81f5a0>,24,18,[6 4],25,-1,43,-1,25
1,<environment.Job instance at 0x7f2953094280>,25,15,[4 7],26,-1,41,-1,26
1,<environment.Job instance at 0x7f2953094e10>,27,17,[8 4],28,-1,45,-1,28
1,<environment.Job instance at 0x7f29530941e0>,28,16,[1 7],29,-1,45,-1,29
1,<environment.Job instance at 0x7f2953094780>,29,15,[ 2 10],30,-1,45,-1,30
1,<environment.Job instance at 0x7f2953094e60>,39,12,[5 2],40,-1,52,-1,40
1,<environment.Job instance at 0x7f295311b280>,41,16,[8 4],42,-1,58,-1,42
1,<environment.Job instance at 0x7f295311b460>,43,18,[6 4],44,-1,62,-1,44
1,<environment.Job instance at 0x7f2952b660a0>,50,13,[5 8],51,-1,64,-1,51
1,<environment.Job instance at 0x7f2952b66dc0>,53,15,[6 2],54,-1,69,-1,54
1,<environment.Job instance at 0x7f2952b66460>,55,21,[9 5],56,-1,78,-1,57
1,<environment.Job instance at 0x7f2952b665f0>,56,18,[10  5],57,-1,75,-1,57
1,<environment.Job instance at 0x7f2952c80dc0>,57,14,[1 9],58,-1,73,-1,59
1,<environment.Job instance at 0x7f2952a98910>,6,3,[14  2],7,-1,10,-1,7
1,<environment.Job instance at 0x7f29530940f0>,13,14,[ 5 13],14,-1,32,-1,18
1,<environment.Job instance at 0x7f2952b66aa0>,18,23,[3 9],19,-1,60,-1,37
1,<environment.Job instance at 0x7f2951aa9e60>,1,16,[1 6],2,-1,18,-1,2
1,<environment.Job instance at 0x7f29527b15f0>,3,27,[3 5],4,-1,31,-1,4
1,<environment.Job instance at 0x7f29527b1230>,7,17,[5 7],8,-1,25,-1,8
1,<environment.Job instance at 0x7f29527b1f50>,10,3,[8 5],11,-1,14,-1,11
1,<environment.Job instance at 0x7f29527b1a00>,11,2,[4 5],12,-1,14,-1,12
1,<environment.Job instance at 0x7f29520cd0f0>,12,3,[4 7],13,-1,16,-1,13
1,<environment.Job instance at 0x7f29520cd960>,13,12,[9 3],14,-1,26,-1,14
1,<environment.Job instance at 0x7f29520cd5a0>,14,12,[1 5],15,-1,27,-1,15
1,<environment.Job instance at 0x7f29520cd910>,15,14,[5 2],16,-1,30,-1,16
1,<environment.Job instance at 0x7f29520cd280>,16,12,[6 4],17,-1,29,-1,17
1,<environment.Job instance at 0x7f29520cdc80>,17,17,[2 6],18,-1,35,-1,18
1,<environment.Job instance at 0x7f29520cd6e0>,18,17,[5 4],19,-1,36,-1,19
1,<environment.Job instance at 0x7f29520cd690>,20,16,[9 4],21,-1,37,-1,21
1,<environment.Job instance at 0x7f29520cd9b0>,23,13,[5 6],24,-1,37,-1,24
1,<environment.Job instance at 0x7f2952283320>,25,18,[3 9],26,-1,44,-1,26
1,<environment.Job instance at 0x7f2952283d70>,26,27,[10  4],27,-1,54,-1,27
1,<environment.Job instance at 0x7f2952283f50>,28,14,[4 5],29,-1,43,-1,29
1,<environment.Job instance at 0x7f2952283c30>,29,14,[9 4],30,-1,44,-1,30
1,<environment.Job instance at 0x7f2952283230>,31,18,[4 8],32,-1,50,-1,32
1,<environment.Job instance at 0x7f29522831e0>,32,25,[7 3],33,-1,58,-1,33
1,<environment.Job instance at 0x7f29522839b0>,36,17,[2 9],37,-1,54,-1,37
1,<environment.Job instance at 0x7f29522830f0>,37,13,[4 7],38,-1,51,-1,38
1,<environment.Job instance at 0x7f2952283050>,38,13,[ 3 10],39,-1,53,-1,40
1,<environment.Job instance at 0x7f2952283960>,40,16,[10  3],41,-1,58,-1,42
1,<environment.Job instance at 0x7f2952501e10>,41,17,[10  5],42,-1,59,-1,42
1,<environment.Job instance at 0x7f2952501730>,46,13,[8 5],47,-1,63,-1,50
1,<environment.Job instance at 0x7f29518e1640>,54,12,[3 7],55,-1,67,-1,55
1,<environment.Job instance at 0x7f29518e10f0>,55,12,[3 7],56,-1,68,-1,56
1,<environment.Job instance at 0x7f29518e1190>,57,16,[2 7],58,-1,74,-1,58
1,<environment.Job instance at 0x7f29518e1140>,58,15,[6 2],59,-1,74,-1,59
1,<environment.Job instance at 0x7f2952c80230>,4,1,[12  4],5,-1,6,-1,5
1,<environment.Job instance at 0x7f2952b66f50>,5,2,[14  1],6,-1,8,-1,6
1,<environment.Job instance at 0x7f2952c80e10>,3,27,[3 5],4,-1,40,-1,13
1,<environment.Job instance at 0x7f2952e46af0>,0,18,[1 7],1,-1,19,-1,1
1,<environment.Job instance at 0x7f2952947730>,2,14,[8 5],3,-1,17,-1,3
1,<environment.Job instance at 0x7f2952947280>,5,26,[4 8],6,-1,33,-1,7
1,<environment.Job instance at 0x7f2952947500>,7,3,[4 6],8,-1,11,-1,8
1,<environment.Job instance at 0x7f2952947690>,8,16,[8 4],9,-1,25,-1,9
1,<environment.Job instance at 0x7f2952947b40>,9,1,[5 6],10,-1,11,-1,10
1,<environment.Job instance at 0x7f2952947b90>,10,25,[5 4],11,-1,36,-1,11
1,<environment.Job instance at 0x7f29529476e0>,11,21,[5 5],12,-1,33,-1,12
1,<environment.Job instance at 0x7f2951d8e8c0>,12,1,[6 5],13,-1,14,-1,13
1,<environment.Job instance at 0x7f2951d8e3c0>,13,18,[ 2 10],14,-1,32,-1,14
1,<environment.Job instance at 0x7f2951fccdc0>,6,20,[4 8],7,-1,34,-1,14
1,<environment.Job instance at 0x7f2951d8e7d0>,15,25,[5 7],16,-1,41,-1,16
1,<environment.Job instance at 0x7f2951d8e0f0>,17,22,[5 8],18,-1,40,-1,18
1,<environment.Job instance at 0x7f2951d8ebe0>,20,15,[3 8],21,-1,36,-1,21
1,<environment.Job instance at 0x7f2951d8ee60>,23,27,[8 5],24,-1,51,-1,24
1,<environment.Job instance at 0x7f295295ba00>,33,24,[3 5],34,-1,58,-1,34
1,<environment.Job instance at 0x7f295295ba50>,34,14,[4 6],35,-1,49,-1,35
1,<environment.Job instance at 0x7f295295b410>,35,14,[10  1],36,-1,51,-1,37
1,<environment.Job instance at 0x7f295295bc80>,37,17,[2 7],38,-1,55,-1,38
1,<environment.Job instance at 0x7f295295baf0>,36,15,[3 6],37,-1,53,-1,38
1,<environment.Job instance at 0x7f2952929140>,41,18,[5 9],42,-1,60,-1,42
1,<environment.Job instance at 0x7f29529290a0>,43,18,[3 7],44,-1,62,-1,44
1,<environment.Job instance at 0x7f2952929410>,44,27,[1 8],45,-1,72,-1,45
1,<environment.Job instance at 0x7f2952929500>,46,15,[5 1],47,-1,62,-1,47
1,<environment.Job instance at 0x7f29529295f0>,48,12,[1 8],49,-1,61,-1,49
1,<environment.Job instance at 0x7f2952929870>,49,1,[4 5],50,-1,51,-1,50
1,<environment.Job instance at 0x7f29529297d0>,50,18,[2 7],51,-1,69,-1,51
1,<environment.Job instance at 0x7f2952929960>,51,15,[6 3],52,-1,68,-1,53
1,<environment.Job instance at 0x7f2952929b40>,54,23,[4 5],55,-1,78,-1,55
1,<environment.Job instance at 0x7f2952929c30>,55,13,[8 4],56,-1,69,-1,56
1,<environment.Job instance at 0x7f2952929b90>,56,13,[6 5],57,-1,70,-1,57
1,<environment.Job instance at 0x7f2951931500>,5,26,[4 8],6,-1,42,-1,16
1,<environment.Job instance at 0x7f2951a9d7d0>,10,25,[5 4],11,-1,42,-1,17
1,<environment.Job instance at 0x7f2951a9d820>,15,25,[5 7],16,-1,45,-1,20
1,<environment.Job instance at 0x7f2951a9dd70>,19,3,[11  3],20,-1,35,-1,32
1,<environment.Job instance at 0x7f2952501aa0>,23,27,[8 5],24,-1,64,-1,37
1,<environment.Job instance at 0x7f2952283460>,24,12,[ 5 13],25,-1,49,-1,37
1,<environment.Job instance at 0x7f29520cde10>,29,1,[12  4],30,-1,49,-1,48
1,<environment.Job instance at 0x7f29520ee780>,33,24,[3 5],34,-1,77,-1,53
1,<environment.Job instance at 0x7f2952d9ac80>,4,18,[3 6],5,-1,25,-1,7
1,<environment.Job instance at 0x7f2952b89fa0>,6,26,[8 5],7,-1,33,-1,7
1,<environment.Job instance at 0x7f295234d190>,13,20,[5 3],14,-1,35,-1,15
1,<environment.Job instance at 0x7f2952917780>,15,17,[6 3],16,-1,33,-1,16
1,<environment.Job instance at 0x7f2952917b40>,16,14,[10  1],17,-1,36,-1,22
1,<environment.Job instance at 0x7f2951c89e10>,27,22,[10  1],28,-1,50,-1,28
1,<environment.Job instance at 0x7f2951c89c30>,24,12,[10  2],25,-1,41,-1,29
1,<environment.Job instance at 0x7f2951c89a50>,21,17,[2 9],22,-1,46,-1,29
1,<environment.Job instance at 0x7f2952c26460>,30,20,[3 8],31,-1,53,-1,33
1,<environment.Job instance at 0x7f2952c26cd0>,28,16,[13  1],29,-1,50,-1,34
1,<environment.Job instance at 0x7f29531955a0>,43,16,[6 3],44,-1,72,-1,56
1,<environment.Job instance at 0x7f2952ee4410>,20,18,[5 6],21,-1,74,-1,56
1,<environment.Job instance at 0x7f29526d9550>,39,13,[8 5],40,-1,69,-1,56
1,<environment.Job instance at 0x7f29531af320>,49,22,[7 3],50,-1,78,-1,56
1,<environment.Job instance at 0x7f295bc2b730>,51,12,[7 1],52,-1,68,-1,56
1,<environment.Job instance at 0x7f2951d364b0>,36,26,[9 5],37,-1,82,-1,56
1,<environment.Job instance at 0x7f295bc2b280>,52,25,[7 5],53,-1,81,-1,56
1,<environment.Job instance at 0x7f29520a9e10>,26,13,[9 1],27,-1,69,-1,56
1,<environment.Job instance at 0x7f2953195050>,44,17,[1 8],45,-1,73,-1,56
1,<environment.Job instance at 0x7f2953195320>,45,13,[4 7],46,-1,69,-1,56
1,<environment.Job instance at 0x7f2951c463c0>,50,15,[13  3],51,-1,73,-1,58
1,<environment.Job instance at 0x7f29520cde60>,3,14,[ 4 11],4,-1,18,-1,4
1,<environment.Job instance at 0x7f2952624910>,6,26,[8 5],7,-1,34,-1,8
1,<environment.Job instance at 0x7f2952283aa0>,8,18,[13  1],9,-1,27,-1,9
1,<environment.Job instance at 0x7f2952342280>,0,16,[ 2 10],1,-1,20,-1,4
1,<environment.Job instance at 0x7f2951bf3b40>,6,18,[5 8],7,-1,25,-1,7
1,<environment.Job instance at 0x7f2951bf3b90>,7,13,[5 8],8,-1,21,-1,8
1,<environment.Job instance at 0x7f2951bf3730>,8,13,[5 5],9,-1,22,-1,9
1,<environment.Job instance at 0x7f2951bf34b0>,9,17,[ 2 10],10,-1,27,-1,10
1,<environment.Job instance at 0x7f2951bf3910>,10,14,[6 3],11,-1,25,-1,11
1,<environment.Job instance at 0x7f2951bf30a0>,11,18,[8 1],12,-1,30,-1,12
1,<environment.Job instance at 0x7f2951bf3370>,12,15,[3 9],13,-1,28,-1,13
1,<environment.Job instance at 0x7f2951bf38c0>,13,20,[8 4],14,-1,34,-1,14
1,<environment.Job instance at 0x7f2951bf3d70>,17,27,[8 5],18,-1,45,-1,18
1,<environment.Job instance at 0x7f2951bf3e10>,19,17,[1 5],20,-1,37,-1,20
1,<environment.Job instance at 0x7f2951bf3960>,20,13,[3 8],21,-1,34,-1,21
1,<environment.Job instance at 0x7f2951bf3aa0>,21,15,[2 7],22,-1,37,-1,22
1,<environment.Job instance at 0x7f2951bf3af0>,22,17,[3 5],23,-1,40,-1,23
1,<environment.Job instance at 0x7f2951bf37d0>,23,16,[5 2],24,-1,40,-1,24
1,<environment.Job instance at 0x7f2951bf3640>,25,13,[10  5],26,-1,39,-1,26
1,<environment.Job instance at 0x7f2952ce7e60>,26,17,[7 3],27,-1,44,-1,27
1,<environment.Job instance at 0x7f2952ce7aa0>,28,13,[8 3],29,-1,42,-1,29
1,<environment.Job instance at 0x7f2952ce7870>,30,13,[1 9],31,-1,44,-1,31
1,<environment.Job instance at 0x7f2952ce7b40>,31,17,[9 4],32,-1,49,-1,32
1,<environment.Job instance at 0x7f2952ce7050>,32,24,[4 6],33,-1,57,-1,33
1,<environment.Job instance at 0x7f2952ce72d0>,35,14,[10  1],36,-1,52,-1,38
1,<environment.Job instance at 0x7f2952ce7730>,40,16,[5 4],41,-1,57,-1,41
1,<environment.Job instance at 0x7f2952ce7280>,41,18,[7 2],42,-1,60,-1,42
1,<environment.Job instance at 0x7f2952ce7be0>,37,18,[14  1],38,-1,66,-1,48
1,<environment.Job instance at 0x7f2952b7af50>,49,18,[ 5 10],50,-1,68,-1,50
1,<environment.Job instance at 0x7f2952458d70>,5,15,[ 4 12],6,-1,21,-1,6
1,<environment.Job instance at 0x7f2952c86230>,17,27,[8 5],18,-1,86,-1,59
1,<environment.Job instance at 0x7f2952053eb0>,5,17,[8 5],6,-1,28,-1,11
1,<environment.Job instance at 0x7f29525a8af0>,12,15,[4 9],13,-1,28,-1,13
1,<environment.Job instance at 0x7f29525a8c80>,13,18,[8 3],14,-1,32,-1,14
1,<environment.Job instance at 0x7f29519d3e60>,16,16,[7 5],17,-1,33,-1,17
1,<environment.Job instance at 0x7f295bbdca50>,22,18,[8 1],23,-1,41,-1,23
1,<environment.Job instance at 0x7f2952ff5050>,24,14,[5 8],25,-1,41,-1,27
1,<environment.Job instance at 0x7f2952836410>,28,17,[9 2],29,-1,46,-1,29
1,<environment.Job instance at 0x7f29525a8eb0>,10,18,[6 4],11,-1,48,-1,30
1,<environment.Job instance at 0x7f2951e1baa0>,30,27,[ 3 13],31,-1,58,-1,31
1,<environment.Job instance at 0x7f2952306cd0>,29,14,[7 5],30,-1,47,-1,33
1,<environment.Job instance at 0x7f2952836550>,34,18,[6 3],35,-1,53,-1,35
1,<environment.Job instance at 0x7f2951a502d0>,39,15,[4 7],40,-1,55,-1,40
1,<environment.Job instance at 0x7f2952c8a320>,26,20,[10  4],27,-1,65,-1,45
1,<environment.Job instance at 0x7f2951ea53c0>,43,18,[5 5],44,-1,64,-1,46
1,<environment.Job instance at 0x7f2951ea5dc0>,42,17,[5 9],43,-1,65,-1,48
1,<environment.Job instance at 0x7f295b8b9d20>,0,25,[10  4],1,-1,26,-1,1
1,<environment.Job instance at 0x7f2953094aa0>,17,16,[13  1],18,-1,41,-1,25
1,<environment.Job instance at 0x7f2951a7be60>,21,2,[13  4],22,-1,55,-1,53
1,<environment.Job instance at 0x7f2951b070a0>,4,12,[9 3],5,-1,17,-1,5
1,<environment.Job instance at 0x7f2951b07b90>,7,18,[2 6],8,-1,26,-1,8
1,<environment.Job instance at 0x7f2951b078c0>,8,15,[3 9],9,-1,24,-1,9
1,<environment.Job instance at 0x7f2951b071e0>,9,12,[10  4],10,-1,23,-1,11
1,<environment.Job instance at 0x7f2952d0b550>,10,13,[7 1],11,-1,24,-1,11
1,<environment.Job instance at 0x7f2951b07140>,13,19,[7 1],14,-1,34,-1,15
1,<environment.Job instance at 0x7f2951b076e0>,14,15,[10  1],15,-1,30,-1,15
1,<environment.Job instance at 0x7f2951b07af0>,15,18,[7 4],16,-1,34,-1,16
1,<environment.Job instance at 0x7f2952960550>,18,18,[ 2 10],19,-1,38,-1,20
1,<environment.Job instance at 0x7f2952960b90>,22,14,[4 6],23,-1,37,-1,23
1,<environment.Job instance at 0x7f2952960eb0>,23,27,[5 1],24,-1,51,-1,24
1,<environment.Job instance at 0x7f2952960780>,24,15,[5 5],25,-1,40,-1,25
1,<environment.Job instance at 0x7f29529600f0>,25,14,[5 9],26,-1,40,-1,26
1,<environment.Job instance at 0x7f2952960500>,19,13,[5 8],20,-1,41,-1,28
1,<environment.Job instance at 0x7f2952960910>,30,13,[7 3],31,-1,44,-1,31
1,<environment.Job instance at 0x7f2951af1780>,34,18,[9 1],35,-1,54,-1,36
1,<environment.Job instance at 0x7f2951af1c80>,35,17,[14  4],36,-1,53,-1,36
1,<environment.Job instance at 0x7f2951af1f00>,38,16,[1 7],39,-1,55,-1,39
1,<environment.Job instance at 0x7f2951af1280>,40,18,[2 9],41,-1,59,-1,41
1,<environment.Job instance at 0x7f2951af1730>,43,18,[5 3],44,-1,73,-1,55
1,<environment.Job instance at 0x7f2951cd35a0>,56,18,[5 4],57,-1,75,-1,57
1,<environment.Job instance at 0x7f2951d2f7d0>,11,1,[ 5 14],12,-1,20,-1,19
1,<environment.Job instance at 0x7f2952272500>,20,17,[ 5 13],21,-1,62,-1,45
1,<environment.Job instance at 0x7f2951d28d20>,1,17,[7 4],2,-1,19,-1,2
1,<environment.Job instance at 0x7f2951d28280>,5,18,[8 2],6,-1,24,-1,6
1,<environment.Job instance at 0x7f2951d28b40>,7,28,[4 9],8,-1,36,-1,8
1,<environment.Job instance at 0x7f2952a3d500>,15,14,[11  2],16,-1,37,-1,23
1,<environment.Job instance at 0x7f2952a3dbe0>,20,14,[10  4],21,-1,42,-1,28
1,<environment.Job instance at 0x7f29530ee7d0>,28,16,[10  1],29,-1,46,-1,30
1,<environment.Job instance at 0x7f29530eed20>,30,18,[2 8],31,-1,51,-1,33
1,<environment.Job instance at 0x7f29530ee5f0>,33,14,[5 7],34,-1,48,-1,34
1,<environment.Job instance at 0x7f29527fa5f0>,7,28,[4 9],8,-1,46,-1,18
1,<environment.Job instance at 0x7f2951a7b410>,11,18,[13  5],12,-1,37,-1,19
1,<environment.Job instance at 0x7f29523f47d0>,15,14,[11  2],16,-1,49,-1,35
1,<environment.Job instance at 0x7f29529537d0>,18,1,[14  2],19,-1,38,-1,37
1,<environment.Job instance at 0x7f2951f32690>,19,1,[ 1 11],20,-1,38,-1,37
1,<environment.Job instance at 0x7f2952563b40>,3,17,[7 4],4,-1,22,-1,5
1,<environment.Job instance at 0x7f29521c54b0>,5,15,[9 1],6,-1,24,-1,9
1,<environment.Job instance at 0x7f29521b6820>,11,14,[1 5],12,-1,26,-1,12
1,<environment.Job instance at 0x7f29521b6c30>,12,18,[ 2 10],13,-1,33,-1,15
1,<environment.Job instance at 0x7f29527deaa0>,10,15,[7 2],11,-1,33,-1,18
1,<environment.Job instance at 0x7f29521b6c80>,14,12,[9 4],15,-1,30,-1,18
1,<environment.Job instance at 0x7f2952616050>,8,16,[6 5],9,-1,37,-1,21
1,<environment.Job instance at 0x7f2952d4f140>,23,24,[4 7],24,-1,49,-1,25
1,<environment.Job instance at 0x7f29521c1fa0>,21,18,[5 5],22,-1,43,-1,25
1,<environment.Job instance at 0x7f2951d8e550>,22,14,[5 7],23,-1,43,-1,29
1,<environment.Job instance at 0x7f2952cd3410>,24,16,[4 7],25,-1,47,-1,31
1,<environment.Job instance at 0x7f2952d3c0a0>,28,23,[ 4 10],29,-1,63,-1,40
1,<environment.Job instance at 0x7f2951cd5730>,37,18,[3 9],38,-1,58,-1,40
1,<environment.Job instance at 0x7f29526473c0>,19,18,[14  4],20,-1,61,-1,43
1,<environment.Job instance at 0x7f2952879e60>,42,15,[ 1 10],43,-1,58,-1,43
1,<environment.Job instance at 0x7f29520207d0>,20,16,[3 7],21,-1,59,-1,43
1,<environment.Job instance at 0x7f2952879910>,43,24,[3 5],44,-1,68,-1,44
1,<environment.Job instance at 0x7f2951cd5b40>,36,13,[ 4 12],37,-1,59,-1,46
1,<environment.Job instance at 0x7f2951cff550>,44,2,[1 6],45,-1,48,-1,46
1,<environment.Job instance at 0x7f2951cff870>,46,1,[3 7],47,-1,48,-1,47
1,<environment.Job instance at 0x7f2951cffbe0>,47,1,[4 7],48,-1,49,-1,48
1,<environment.Job instance at 0x7f2951cffaa0>,48,17,[10  4],49,-1,66,-1,49
1,<environment.Job instance at 0x7f2951cffc30>,49,2,[8 4],50,-1,52,-1,50
1,<environment.Job instance at 0x7f2952d70370>,50,14,[2 8],51,-1,65,-1,51
1,<environment.Job instance at 0x7f2952d70c30>,51,17,[4 7],52,-1,69,-1,52
1,<environment.Job instance at 0x7f2952d705f0>,52,15,[2 7],53,-1,68,-1,53
1,<environment.Job instance at 0x7f2952d70cd0>,53,17,[4 9],54,-1,71,-1,54
1,<environment.Job instance at 0x7f29520a42d0>,58,16,[9 2],59,-1,75,-1,59
1,<environment.Job instance at 0x7f2952836f00>,16,17,[ 1 14],17,-1,48,-1,31
1,<environment.Job instance at 0x7f2952ea3dc0>,19,18,[14  4],20,-1,61,-1,43
1,<environment.Job instance at 0x7f29521c5e10>,23,24,[4 7],24,-1,83,-1,59
1,<environment.Job instance at 0x7fd8fac45b90>,2,14,[ 2 10],3,-1,18,-1,4
1,<environment.Job instance at 0x7fd90428f8c0>,3,22,[2 5],4,-1,26,-1,4
1,<environment.Job instance at 0x7fd8fac45e10>,6,15,[2 8],7,-1,22,-1,7
1,<environment.Job instance at 0x7fd8fac45f00>,7,14,[7 5],8,-1,22,-1,8
1,<environment.Job instance at 0x7fd8fac45f50>,8,17,[1 8],9,-1,26,-1,9
1,<environment.Job instance at 0x7fd8fac490f0>,10,22,[8 1],11,-1,33,-1,11
1,<environment.Job instance at 0x7fd8fac49190>,12,23,[6 4],13,-1,36,-1,13
1,<environment.Job instance at 0x7fd8fac49460>,13,18,[5 9],14,-1,32,-1,14
1,<environment.Job instance at 0x7fd8fac49370>,14,21,[8 1],15,-1,38,-1,17
1,<environment.Job instance at 0x7fd8fac49550>,16,18,[7 3],17,-1,35,-1,17
1,<environment.Job instance at 0x7fd8fac49640>,18,26,[7 4],19,-1,45,-1,19
1,<environment.Job instance at 0x7fd8fac49820>,19,25,[5 9],20,-1,45,-1,20
1,<environment.Job instance at 0x7fd8fac49910>,21,18,[9 4],22,-1,41,-1,23
1,<environment.Job instance at 0x7fd8fac499b0>,23,16,[6 2],24,-1,40,-1,24
1,<environment.Job instance at 0x7fd8fac49dc0>,26,12,[8 5],27,-1,39,-1,27
1,<environment.Job instance at 0x7fd8fac49f00>,27,17,[4 6],28,-1,45,-1,28
1,<environment.Job instance at 0x7fd8fac49a00>,22,12,[3 8],23,-1,41,-1,29
1,<environment.Job instance at 0x7fd8fac4caa0>,40,26,[ 1 10],41,-1,67,-1,41
1,<environment.Job instance at 0x7fd8fac4c1e0>,32,21,[5 9],33,-1,67,-1,46
1,<environment.Job instance at 0x7fd8fac4c190>,33,26,[3 6],34,-1,72,-1,46
1,<environment.Job instance at 0x7fd8fac4ce10>,45,15,[7 5],46,-1,61,-1,46
1,<environment.Job instance at 0x7fd8fac4c780>,39,14,[9 4],40,-1,63,-1,49
1,<environment.Job instance at 0x7fd8fac4c3c0>,34,14,[1 9],35,-1,63,-1,49
1,<environment.Job instance at 0x7fd8fac4e230>,48,12,[9 2],49,-1,62,-1,50
1,<environment.Job instance at 0x7fd8fac4e8c0>,54,18,[7 1],55,-1,73,-1,55
1,<environment.Job instance at 0x7fd8fac4e0a0>,49,17,[10  2],50,-1,73,-1,56
1,<environment.Job instance at 0x7fd8fac4ecd0>,58,17,[3 7],59,-1,76,-1,59
1,<environment.Job instance at 0x7fd8fac4ea00>,59,19,[1 7],60,-1,82,-1,63
1,<environment.Job instance at 0x7fd8fac53c80>,12,23,[6 4],13,-1,53,-1,30
1,<environment.Job instance at 0x7fd8fac45d20>,18,26,[7 4],19,-1,70,-1,44
1,<environment.Job instance at 0x7fd8fac45dc0>,19,25,[5 9],20,-1,83,-1,58
1,<environment.Job instance at 0x7fd8fa38c4b0>,2,18,[3 5],3,-1,21,-1,3
1,<environment.Job instance at 0x7fd8fa38c910>,6,13,[10  1],7,-1,21,-1,8
1,<environment.Job instance at 0x7fd8fa38c230>,7,16,[8 1],8,-1,24,-1,8
1,<environment.Job instance at 0x7fd8fa382eb0>,9,19,[10  3],10,-1,31,-1,12
1,<environment.Job instance at 0x7fd8fa3823c0>,12,21,[4 8],13,-1,34,-1,13
1,<environment.Job instance at 0x7fd8fa38b640>,13,18,[ 3 10],14,-1,32,-1,14
1,<environment.Job instance at 0x7fd8fa382c30>,11,14,[8 5],12,-1,29,-1,15
1,<environment.Job instance at 0x7fd8fa38bf00>,18,16,[4 9],19,-1,35,-1,19
1,<environment.Job instance at 0x7fd8fa63f050>,23,25,[ 1 10],24,-1,49,-1,24
1,<environment.Job instance at 0x7fd8fa4ecf50>,26,18,[2 6],27,-1,45,-1,27
1,<environment.Job instance at 0x7fd8fa52d050>,31,15,[2 7],32,-1,48,-1,33
1,<environment.Job instance at 0x7fd8fa52d460>,32,13,[9 4],33,-1,46,-1,33
1,<environment.Job instance at 0x7fd91fca3c30>,33,16,[1 9],34,-1,51,-1,35
1,<environment.Job instance at 0x7fd8fa207690>,40,23,[5 1],41,-1,64,-1,41
1,<environment.Job instance at 0x7fd8fa207fa0>,39,27,[3 9],40,-1,68,-1,41
1,<environment.Job instance at 0x7fd8fa207870>,41,17,[6 4],42,-1,59,-1,42
1,<environment.Job instance at 0x7fd8fa1f6dc0>,42,12,[1 6],43,-1,56,-1,44
1,<environment.Job instance at 0x7fd8faba6050>,48,16,[5 2],49,-1,65,-1,49
1,<environment.Job instance at 0x7fd8fa2e2870>,49,28,[7 5],50,-1,78,-1,50
1,<environment.Job instance at 0x7fd8fa1fe820>,50,19,[ 5 12],51,-1,70,-1,51
1,<environment.Job instance at 0x7fd8fa1f6f00>,43,17,[5 1],44,-1,69,-1,52
1,<environment.Job instance at 0x7fd8fa38b370>,52,18,[7 5],53,-1,71,-1,53
1,<environment.Job instance at 0x7fd8fa45f460>,60,17,[9 5],61,-1,78,-1,61
1,<environment.Job instance at 0x7fd8fa241f50>,62,18,[10  4],63,-1,81,-1,63
1,<environment.Job instance at 0x7fd8fa25c0f0>,64,12,[5 4],65,-1,78,-1,66
1,<environment.Job instance at 0x7fd8fa25b230>,67,28,[ 2 10],68,-1,96,-1,68
1,<environment.Job instance at 0x7fd8fa25ba50>,65,15,[8 3],66,-1,83,-1,68
1,<environment.Job instance at 0x7fd8fa466820>,19,17,[ 5 14],20,-1,57,-1,40
1,<environment.Job instance at 0x7fd8fa3f6050>,23,25,[ 1 10],24,-1,89,-1,64
1,<environment.Job instance at 0x7fd8fa2c7730>,6,13,[10  5],7,-1,23,-1,10
1,<environment.Job instance at 0x7fd8fa2c7c30>,11,22,[5 6],12,-1,34,-1,12
1,<environment.Job instance at 0x7fd8fa2c74b0>,9,17,[5 7],10,-1,31,-1,14
1,<environment.Job instance at 0x7fd8fa279280>,15,17,[10  4],16,-1,35,-1,18
1,<environment.Job instance at 0x7fd8fa27bb90>,17,21,[10  4],18,-1,39,-1,18
1,<environment.Job instance at 0x7fd8fa28d9b0>,22,20,[10  5],23,-1,45,-1,25
1,<environment.Job instance at 0x7fd8fa277370>,29,14,[ 5 10],30,-1,44,-1,30
1,<environment.Job instance at 0x7fd8fa277d20>,30,17,[4 7],31,-1,48,-1,31
1,<environment.Job instance at 0x7fd8fa277a50>,24,14,[10  5],25,-1,45,-1,31
1,<environment.Job instance at 0x7fd8fa236f00>,34,19,[3 8],35,-1,54,-1,35
1,<environment.Job instance at 0x7fd8fa236c30>,37,16,[8 4],38,-1,57,-1,41
1,<environment.Job instance at 0x7fd8fa2335f0>,50,17,[9 5],51,-1,68,-1,51
1,<environment.Job instance at 0x7fd8fa277140>,2,15,[ 2 13],3,-1,18,-1,3
1,<environment.Job instance at 0x7fd8fa28d550>,4,20,[13  4],5,-1,25,-1,5
1,<environment.Job instance at 0x7fd8fa241be0>,13,1,[12  5],14,-1,18,-1,17
1,<environment.Job instance at 0x7fd8fa2ac5f0>,20,24,[1 5],21,-1,50,-1,26
1,<environment.Job instance at 0x7fd8fa2a9b40>,26,13,[ 5 14],27,-1,49,-1,36
1,<environment.Job instance at 0x7fd8fa2a9640>,33,24,[3 7],34,-1,80,-1,56
1,<environment.Job instance at 0x7fd8fb0cf820>,1,17,[3 6],2,-1,19,-1,2
1,<environment.Job instance at 0x7fd8fb0cf910>,4,16,[5 6],5,-1,21,-1,5
1,<environment.Job instance at 0x7fd8fb0cf690>,6,16,[1 8],7,-1,23,-1,7
1,<environment.Job instance at 0x7fd8fb0cf550>,9,17,[8 5],10,-1,30,-1,13
1,<environment.Job instance at 0x7fd8fb0cf190>,14,15,[8 5],15,-1,30,-1,15
1,<environment.Job instance at 0x7fd8fb192820>,18,19,[4 7],19,-1,38,-1,19
1,<environment.Job instance at 0x7fd8fb02be60>,23,22,[9 1],24,-1,46,-1,24
1,<environment.Job instance at 0x7fd8fb02b690>,25,18,[5 4],26,-1,44,-1,26
1,<environment.Job instance at 0x7fd8fb02b550>,30,13,[5 9],31,-1,44,-1,31
1,<environment.Job instance at 0x7fd8fad94320>,31,13,[8 1],32,-1,45,-1,32
1,<environment.Job instance at 0x7fd8fad942d0>,32,12,[ 5 10],33,-1,45,-1,33
1,<environment.Job instance at 0x7fd8fad94550>,33,13,[9 2],34,-1,47,-1,34
1,<environment.Job instance at 0x7fd8fad945a0>,34,13,[4 5],35,-1,48,-1,35
1,<environment.Job instance at 0x7fd8fad94cd0>,35,27,[6 1],36,-1,63,-1,36
1,<environment.Job instance at 0x7fd8fad94410>,37,14,[10  3],38,-1,52,-1,38
1,<environment.Job instance at 0x7fd8fad94640>,41,16,[5 8],42,-1,58,-1,42
1,<environment.Job instance at 0x7fd8fad94a50>,47,14,[10  5],48,-1,68,-1,54
1,<environment.Job instance at 0x7fd8fad944b0>,42,23,[1 8],43,-1,77,-1,54
1,<environment.Job instance at 0x7fd8fb0cf370>,12,15,[8 2],13,-1,76,-1,61
1,<environment.Job instance at 0x7fd8fb0cf140>,15,17,[12  1],16,-1,78,-1,61
1,<environment.Job instance at 0x7fd8fa24ecd0>,60,18,[5 8],61,-1,80,-1,62
1,<environment.Job instance at 0x7fd8fa24edc0>,62,18,[3 8],63,-1,84,-1,66
1,<environment.Job instance at 0x7fd8fa7d0eb0>,51,17,[10  2],52,-1,84,-1,67
1,<environment.Job instance at 0x7fd8fa24e6e0>,66,17,[8 4],67,-1,84,-1,67
1,<environment.Job instance at 0x7fd8fa24e410>,59,18,[5 2],60,-1,86,-1,68
1,<environment.Job instance at 0x7fd8fa24e1e0>,67,15,[3 6],68,-1,84,-1,69
1,<environment.Job instance at 0x7fd8fad94fa0>,0,1,[14  4],1,-1,2,-1,1
1,<environment.Job instance at 0x7fd8fa24ee10>,7,18,[ 1 14],8,-1,26,-1,8
1,<environment.Job instance at 0x7fd8fa24e370>,8,23,[1 9],9,-1,39,-1,16
1,<environment.Job instance at 0x7fd8fb0cfd70>,15,17,[12  1],16,-1,37,-1,20
1,<environment.Job instance at 0x7fd8fb10bdc0>,20,16,[14  3],21,-1,55,-1,39
1,<environment.Job instance at 0x7fd8fa8edf00>,27,2,[ 1 12],28,-1,54,-1,52
1,<environment.Job instance at 0x7fd8fa25cfa0>,1,20,[ 4 10],2,-1,22,-1,2
1,<environment.Job instance at 0x7fd8fb0b02d0>,2,15,[9 2],3,-1,20,-1,5
1,<environment.Job instance at 0x7fd8fb0b0730>,5,2,[5 7],6,-1,8,-1,6
1,<environment.Job instance at 0x7fd8fb0b0550>,6,2,[8 1],7,-1,9,-1,7
1,<environment.Job instance at 0x7fd8fb0b0aa0>,7,27,[9 5],8,-1,35,-1,8
1,<environment.Job instance at 0x7fd8fb0b06e0>,8,13,[8 4],9,-1,22,-1,9
1,<environment.Job instance at 0x7fd8fb0c6230>,16,13,[8 2],17,-1,30,-1,17
1,<environment.Job instance at 0x7fd8fb0c6960>,19,15,[6 5],20,-1,35,-1,20
1,<environment.Job instance at 0x7fd8fb097550>,23,17,[7 4],24,-1,41,-1,24
1,<environment.Job instance at 0x7fd8fa6944b0>,39,18,[5 6],40,-1,67,-1,49
1,<environment.Job instance at 0x7fd8fb0b0370>,4,16,[7 5],5,-1,68,-1,52
1,<environment.Job instance at 0x7fd8fa628460>,22,25,[ 3 11],23,-1,77,-1,52
1,<environment.Job instance at 0x7fd8fa6940a0>,40,16,[8 3],41,-1,68,-1,52
1,<environment.Job instance at 0x7fd8fb097280>,25,13,[ 5 14],26,-1,65,-1,52
1,<environment.Job instance at 0x7fd8fb0971e0>,27,16,[5 3],28,-1,80,-1,64
1,<environment.Job instance at 0x7fd8fb794aa0>,52,20,[4 9],53,-1,84,-1,64
1,<environment.Job instance at 0x7fd8fb794460>,53,12,[2 7],54,-1,76,-1,64
1,<environment.Job instance at 0x7fd8fa67a050>,59,15,[ 2 10],60,-1,82,-1,67
1,<environment.Job instance at 0x7fd8fa67cdc0>,62,17,[5 9],63,-1,84,-1,67
1,<environment.Job instance at 0x7fd8fb0a9230>,63,17,[7 1],64,-1,84,-1,67
1,<environment.Job instance at 0x7fd8fa6f8320>,7,27,[9 5],8,-1,45,-1,18
1,<environment.Job instance at 0x7fd8fa6f8140>,9,14,[12  2],10,-1,32,-1,18
1,<environment.Job instance at 0x7fd8fa73a9b0>,21,17,[ 5 14],22,-1,54,-1,37
1,<environment.Job instance at 0x7fd8fa74f730>,22,25,[ 3 11],23,-1,62,-1,37
1,<environment.Job instance at 0x7fd8fa74f690>,24,17,[13  5],25,-1,55,-1,38
1,<environment.Job instance at 0x7fd8fa74fcd0>,25,13,[ 5 14],26,-1,51,-1,38
1,<environment.Job instance at 0x7fd8fa6e79b0>,10,26,[8 3],11,-1,37,-1,11
1,<environment.Job instance at 0x7fd8fa6e7780>,15,13,[9 1],16,-1,30,-1,17
1,<environment.Job instance at 0x7fd8fa6e70f0>,17,3,[10  5],18,-1,21,-1,18
1,<environment.Job instance at 0x7fd8fa6e76e0>,18,16,[5 2],19,-1,35,-1,19
1,<environment.Job instance at 0x7fd8fa6e7dc0>,19,2,[5 3],20,-1,22,-1,20
1,<environment.Job instance at 0x7fd8fa6e72d0>,20,12,[3 8],21,-1,33,-1,21
1,<environment.Job instance at 0x7fd8fa6e70a0>,21,18,[5 8],22,-1,40,-1,22
1,<environment.Job instance at 0x7fd8fa6bda00>,22,14,[2 8],23,-1,37,-1,23
1,<environment.Job instance at 0x7fd8fa6e7f00>,16,18,[8 3],17,-1,41,-1,23
1,<environment.Job instance at 0x7fd8fa6bd140>,27,13,[ 5 10],28,-1,43,-1,30
1,<environment.Job instance at 0x7fd8fa6bd1e0>,30,16,[ 4 10],31,-1,47,-1,31
1,<environment.Job instance at 0x7fd8fa6bd320>,31,15,[5 7],32,-1,47,-1,32
1,<environment.Job instance at 0x7fd8fa6bde60>,32,17,[8 2],33,-1,50,-1,33
1,<environment.Job instance at 0x7fd8fa6bdfa0>,29,18,[5 2],30,-1,52,-1,34
1,<environment.Job instance at 0x7fd8fa6bd870>,34,17,[6 1],35,-1,53,-1,36
1,<environment.Job instance at 0x7fd8fa6bdb90>,35,17,[12  4],36,-1,53,-1,36
1,<environment.Job instance at 0x7fd8fa6bd500>,36,17,[7 4],37,-1,57,-1,40
1,<environment.Job instance at 0x7fd8fb7a5460>,39,18,[10  4],40,-1,58,-1,40
1,<environment.Job instance at 0x7fd8fb7a5820>,41,13,[1 7],42,-1,55,-1,42
1,<environment.Job instance at 0x7fd8fb7a5dc0>,44,18,[10  5],45,-1,63,-1,45
1,<environment.Job instance at 0x7fd8fa6c6320>,46,16,[2 9],47,-1,63,-1,47
1,<environment.Job instance at 0x7fd8fa6c64b0>,48,15,[10  4],49,-1,66,-1,51
1,<environment.Job instance at 0x7fd8fa6c6eb0>,50,16,[8 5],51,-1,67,-1,51
1,<environment.Job instance at 0x7fd8fa6c6fa0>,51,16,[4 5],52,-1,68,-1,52
1,<environment.Job instance at 0x7fd8fa6c69b0>,52,27,[8 3],53,-1,80,-1,53
1,<environment.Job instance at 0x7fd8fa6c6e10>,53,18,[1 6],54,-1,72,-1,54
1,<environment.Job instance at 0x7fd8fa6c6280>,54,17,[2 6],55,-1,72,-1,55
1,<environment.Job instance at 0x7fd8fa6c6190>,57,16,[7 4],58,-1,75,-1,59
1,<environment.Job instance at 0x7fd8fa6c65a0>,58,16,[9 2],59,-1,75,-1,59
1,<environment.Job instance at 0x7fd8fa24ebe0>,6,25,[2 8],7,-1,40,-1,15
1,<environment.Job instance at 0x7fd8fa24e730>,10,26,[8 3],11,-1,49,-1,23
1,<environment.Job instance at 0x7fd8fa6c6640>,24,2,[11  3],25,-1,46,-1,44
1,<environment.Job instance at 0x7fd8fa5ff690>,0,12,[10  5],1,-1,15,-1,3
1,<environment.Job instance at 0x7fd8fb683050>,2,16,[6 4],3,-1,20,-1,4
1,<environment.Job instance at 0x7fd8fb683410>,6,21,[ 4 10],7,-1,28,-1,7
1,<environment.Job instance at 0x7fd8fb683500>,7,23,[2 8],8,-1,31,-1,8
1,<environment.Job instance at 0x7fd8fb683aa0>,14,13,[ 4 11],15,-1,28,-1,15
1,<environment.Job instance at 0x7fd8fb683b90>,15,17,[ 5 10],16,-1,33,-1,16
1,<environment.Job instance at 0x7fd8fb683c30>,16,14,[9 4],17,-1,31,-1,17
1,<environment.Job instance at 0x7fd8fb683d20>,18,14,[8 2],19,-1,34,-1,20
1,<environment.Job instance at 0x7fd8fb683280>,19,17,[12  4],20,-1,37,-1,20
1,<environment.Job instance at 0x7fd8fb683d70>,20,25,[6 4],21,-1,46,-1,21
1,<environment.Job instance at 0x7fd8fb65b1e0>,23,13,[ 4 10],24,-1,38,-1,25
1,<environment.Job instance at 0x7fd8fb65b460>,26,14,[2 5],27,-1,41,-1,27
1,<environment.Job instance at 0x7fd8fb65b230>,24,24,[5 5],25,-1,52,-1,28
1,<environment.Job instance at 0x7fd8fb65b9b0>,31,17,[7 5],32,-1,49,-1,32
1,<environment.Job instance at 0x7fd8fb65bc30>,34,1,[ 3 10],35,-1,36,-1,35
1,<environment.Job instance at 0x7fd8fb65be10>,35,14,[3 8],36,-1,50,-1,36
1,<environment.Job instance at 0x7fd8fb65bf00>,37,13,[3 7],38,-1,51,-1,38
1,<environment.Job instance at 0x7fd8fb65bfa0>,38,15,[2 9],39,-1,54,-1,39
1,<environment.Job instance at 0x7fd8fb659960>,48,13,[8 3],49,-1,62,-1,49
1,<environment.Job instance at 0x7fd8fb659640>,46,12,[10  2],47,-1,63,-1,51
1,<environment.Job instance at 0x7fd8fb659af0>,50,12,[3 7],51,-1,63,-1,51
1,<environment.Job instance at 0x7fd8fb659e60>,54,22,[7 3],55,-1,85,-1,63
1,<environment.Job instance at 0x7fd8fb660280>,60,13,[5 5],61,-1,81,-1,68
1,<environment.Job instance at 0x7fd8fa33ee10>,64,17,[14  5],65,-1,85,-1,68
1,<environment.Job instance at 0x7fd8faa3e320>,7,23,[2 8],8,-1,36,-1,13
1,<environment.Job instance at 0x7fd8faa3e4b0>,8,3,[11  1],9,-1,16,-1,13
1,<environment.Job instance at 0x7fd8fa6f1af0>,9,19,[13  3],10,-1,32,-1,13
1,<environment.Job instance at 0x7fd8fa6f17d0>,14,13,[ 4 11],15,-1,32,-1,19
1,<environment.Job instance at 0x7fd8fa6f1dc0>,19,17,[12  4],20,-1,47,-1,30
1,<environment.Job instance at 0x7fd8fb77fbe0>,20,25,[6 4],21,-1,58,-1,33
1,<environment.Job instance at 0x7fd8fb77f5a0>,22,3,[14  5],23,-1,36,-1,33
1,<environment.Job instance at 0x7fd8fa6d8d70>,24,24,[5 5],25,-1,67,-1,43
1,<environment.Job instance at 0x7fd8fa6d8230>,28,28,[ 5 10],29,-1,87,-1,59
1,<environment.Job instance at 0x7fd8fa50c690>,2,17,[4 5],3,-1,20,-1,3
1,<environment.Job instance at 0x7fd8fa50c3c0>,3,14,[9 3],4,-1,20,-1,6
1,<environment.Job instance at 0x7fd8faac0c30>,6,16,[1 9],7,-1,23,-1,7
1,<environment.Job instance at 0x7fd8faac0be0>,5,17,[8 2],6,-1,24,-1,7
1,<environment.Job instance at 0x7fd8faac0500>,12,16,[10  4],13,-1,29,-1,13
1,<environment.Job instance at 0x7fd8faac0050>,13,16,[6 5],14,-1,30,-1,14
1,<environment.Job instance at 0x7fd8faac09b0>,14,16,[9 5],15,-1,31,-1,15
1,<environment.Job instance at 0x7fd8faac0910>,16,22,[1 8],17,-1,39,-1,17
1,<environment.Job instance at 0x7fd8faac0690>,17,28,[5 9],18,-1,46,-1,18
1,<environment.Job instance at 0x7fd8faac0a00>,19,18,[5 8],20,-1,38,-1,20
1,<environment.Job instance at 0x7fd8faac0e10>,20,18,[ 2 10],21,-1,39,-1,21
1,<environment.Job instance at 0x7fd8fb2f3f50>,21,15,[8 1],22,-1,38,-1,23
1,<environment.Job instance at 0x7fd8fb2f38c0>,24,16,[6 1],25,-1,41,-1,25
1,<environment.Job instance at 0x7fd8fb2f3be0>,26,18,[ 5 10],27,-1,45,-1,27
1,<environment.Job instance at 0x7fd8fb2f36e0>,27,28,[9 1],28,-1,56,-1,28
1,<environment.Job instance at 0x7fd8fb2f39b0>,28,13,[9 1],29,-1,42,-1,29
1,<environment.Job instance at 0x7fd8fb2f35a0>,31,14,[9 2],32,-1,46,-1,32
1,<environment.Job instance at 0x7fd8fb2f3d20>,32,26,[5 8],33,-1,59,-1,33
1,<environment.Job instance at 0x7fd8fa67daf0>,38,15,[2 8],39,-1,54,-1,39
1,<environment.Job instance at 0x7fd8fa67dc80>,39,18,[1 7],40,-1,58,-1,40
1,<environment.Job instance at 0x7fd8fa67d910>,40,14,[7 2],41,-1,55,-1,41
1,<environment.Job instance at 0x7fd8fa67d320>,42,17,[8 1],43,-1,60,-1,43
1,<environment.Job instance at 0x7fd8fa67de10>,43,22,[3 5],44,-1,66,-1,44
1,<environment.Job instance at 0x7fd8fa67dd70>,44,12,[3 9],45,-1,57,-1,45
1,<environment.Job instance at 0x7fd8fa67d550>,45,18,[4 6],46,-1,64,-1,46
1,<environment.Job instance at 0x7fd8faa78320>,49,18,[3 8],50,-1,68,-1,50
1,<environment.Job instance at 0x7fd8faa78280>,50,22,[7 1],51,-1,78,-1,56
1,<environment.Job instance at 0x7fd8fb23c460>,56,18,[9 3],57,-1,75,-1,57
1,<environment.Job instance at 0x7fd8fb23c320>,59,18,[8 2],60,-1,78,-1,60
1,<environment.Job instance at 0x7fd8fb23c5f0>,58,16,[1 7],59,-1,81,-1,65
1,<environment.Job instance at 0x7fd8fa681690>,64,16,[ 5 10],65,-1,82,-1,66
1,<environment.Job instance at 0x7fd8fa681af0>,65,15,[5 9],66,-1,81,-1,66
1,<environment.Job instance at 0x7fd8fadac3c0>,1,2,[14  5],2,-1,4,-1,2
1,<environment.Job instance at 0x7fd8fa6d8fa0>,17,28,[5 9],18,-1,68,-1,40
1,<environment.Job instance at 0x7fd8fa8e5f50>,0,26,[3 7],1,-1,27,-1,1
1,<environment.Job instance at 0x7fd8fa8e5af0>,5,18,[4 9],6,-1,24,-1,6
1,<environment.Job instance at 0x7fd8fa1fc050>,7,18,[10  5],8,-1,27,-1,9
1,<environment.Job instance at 0x7fd8fa1fc2d0>,10,13,[10  1],11,-1,24,-1,11
1,<environment.Job instance at 0x7fd8fa1fcaf0>,12,24,[1 9],13,-1,37,-1,13
1,<environment.Job instance at 0x7fd8fa1fc5a0>,16,12,[10  1],17,-1,33,-1,21
1,<environment.Job instance at 0x7fd8fb1ca3c0>,21,27,[7 1],22,-1,49,-1,22
1,<environment.Job instance at 0x7fd8fb1caa50>,22,26,[ 3 10],23,-1,49,-1,23
1,<environment.Job instance at 0x7fd8fb1ca050>,25,21,[ 2 10],26,-1,47,-1,26
1,<environment.Job instance at 0x7fd8fb1ca4b0>,26,15,[10  2],27,-1,42,-1,27
1,<environment.Job instance at 0x7fd8fb1ca230>,20,17,[5 6],21,-1,45,-1,28
1,<environment.Job instance at 0x7fd8fb0faeb0>,31,17,[11  3],32,-1,49,-1,32
1,<environment.Job instance at 0x7fd8fb1ca730>,30,16,[10  1],31,-1,49,-1,33
1,<environment.Job instance at 0x7fd8fb66cc80>,39,15,[ 3 10],40,-1,55,-1,40
1,<environment.Job instance at 0x7fd8fb66ce10>,40,17,[10  2],41,-1,58,-1,41
1,<environment.Job instance at 0x7fd8fb66c280>,41,13,[10  2],42,-1,56,-1,43
1,<environment.Job instance at 0x7fd8fb66c7d0>,43,24,[2 6],44,-1,68,-1,44
1,<environment.Job instance at 0x7fd8fb66cf50>,47,14,[9 2],48,-1,83,-1,69
1,<environment.Job instance at 0x7fd8facc6cd0>,55,19,[6 3],56,-1,88,-1,69
1,<environment.Job instance at 0x7fd8facc6a50>,60,3,[1 9],61,-1,72,-1,69
1,<environment.Job instance at 0x7fd8fa8bb370>,62,27,[5 7],63,-1,96,-1,69
1,<environment.Job instance at 0x7fd8faec2af0>,0,26,[3 7],1,-1,27,-1,1
1,<environment.Job instance at 0x7fd8faec21e0>,1,18,[11  5],2,-1,20,-1,2
1,<environment.Job instance at 0x7fd8faa66910>,9,1,[12  2],10,-1,16,-1,15
1,<environment.Job instance at 0x7fd8fb223f00>,12,24,[1 9],13,-1,52,-1,28
1,<environment.Job instance at 0x7fd8fa50ca00>,21,27,[7 1],22,-1,81,-1,54
1,<environment.Job instance at 0x7fd8fa609690>,22,26,[ 3 10],23,-1,80,-1,54
1,<environment.Job instance at 0x7fd8faff2f50>,23,2,[ 3 13],24,-1,56,-1,54
1,<environment.Job instance at 0x7fd8fa609d70>,27,1,[ 3 14],28,-1,56,-1,55
1,<environment.Job instance at 0x7fd8fb36e410>,28,12,[ 2 11],29,-1,67,-1,55
1,<environment.Job instance at 0x7fd8fb10b460>,31,17,[11  3],32,-1,82,-1,65
1,<environment.Job instance at 0x7fd8fb10b500>,32,16,[12  1],33,-1,81,-1,65
1,<environment.Job instance at 0x7fd8fb85c0a0>,33,15,[ 4 13],34,-1,80,-1,65
1,<environment.Job instance at 0x7fd8fb83ed70>,9,17,[6 2],10,-1,28,-1,11
1,<environment.Job instance at 0x7fd8fb83e5a0>,11,18,[4 9],12,-1,30,-1,12
1,<environment.Job instance at 0x7fd8fb83efa0>,13,1,[1 5],14,-1,15,-1,14
1,<environment.Job instance at 0x7fd8fb83e370>,14,1,[2 8],15,-1,16,-1,15
1,<environment.Job instance at 0x7fd8fb83e0f0>,15,16,[6 2],16,-1,32,-1,16
1,<environment.Job instance at 0x7fd903dcd730>,10,17,[5 2],11,-1,33,-1,16
1,<environment.Job instance at 0x7fd8fb83e230>,16,16,[8 2],17,-1,34,-1,18
1,<environment.Job instance at 0x7fd8fb83ec30>,17,14,[11  4],18,-1,32,-1,18
1,<environment.Job instance at 0x7fd8fb83e5f0>,19,16,[7 4],20,-1,36,-1,20
1,<environment.Job instance at 0x7fd8fb83eb90>,20,18,[ 4 11],21,-1,39,-1,21
1,<environment.Job instance at 0x7fd8fb83e7d0>,21,18,[ 3 10],22,-1,40,-1,22
1,<environment.Job instance at 0x7fd8fb83e910>,23,24,[8 5],24,-1,48,-1,24
1,<environment.Job instance at 0x7fd8fb83e690>,24,14,[ 1 10],25,-1,39,-1,25
1,<environment.Job instance at 0x7fd8fad4e0a0>,25,13,[5 7],26,-1,39,-1,26
1,<environment.Job instance at 0x7fd8fad4e140>,26,3,[4 9],27,-1,30,-1,27
1,<environment.Job instance at 0x7fd8fad4e910>,27,2,[1 6],28,-1,30,-1,28
1,<environment.Job instance at 0x7fd8fad4ed20>,31,15,[8 1],32,-1,47,-1,32
1,<environment.Job instance at 0x7fd8fad4eaf0>,32,16,[5 4],33,-1,49,-1,33
1,<environment.Job instance at 0x7fd8fad4e230>,33,15,[ 3 10],34,-1,49,-1,34
1,<environment.Job instance at 0x7fd903df36e0>,41,17,[ 4 10],42,-1,64,-1,47
1,<environment.Job instance at 0x7fd903df37d0>,44,17,[3 5],45,-1,64,-1,47
1,<environment.Job instance at 0x7fd8fb83ea50>,29,15,[1 6],30,-1,62,-1,47
1,<environment.Job instance at 0x7fd903df3af0>,47,21,[4 8],48,-1,69,-1,48
1,<environment.Job instance at 0x7fd903df3eb0>,40,16,[5 4],41,-1,65,-1,49
1,<environment.Job instance at 0x7fd8fa3befa0>,48,23,[3 9],49,-1,72,-1,49
1,<environment.Job instance at 0x7fd903df3780>,43,14,[ 5 13],44,-1,64,-1,50
1,<environment.Job instance at 0x7fd8fa5e0050>,38,20,[3 9],39,-1,70,-1,50
1,<environment.Job instance at 0x7fd903df38c0>,46,14,[6 5],47,-1,64,-1,50
1,<environment.Job instance at 0x7fd8fa3beeb0>,52,14,[2 6],53,-1,67,-1,53
1,<environment.Job instance at 0x7fd8fa3beaa0>,54,18,[6 4],55,-1,73,-1,55
1,<environment.Job instance at 0x7fd8fa3be280>,55,15,[4 7],56,-1,71,-1,56
1,<environment.Job instance at 0x7fd8fad01f50>,56,12,[1 7],57,-1,69,-1,57
1,<environment.Job instance at 0x7fd8fad01500>,57,17,[8 4],58,-1,75,-1,58
1,<environment.Job instance at 0x7fd8fad01780>,58,16,[1 7],59,-1,75,-1,59
1,<environment.Job instance at 0x7fd8fad010a0>,59,15,[ 2 10],60,-1,75,-1,60
1,<environment.Job instance at 0x7fd8fb85c410>,1,14,[ 4 13],2,-1,16,-1,2
1,<environment.Job instance at 0x7fd8faa52140>,17,14,[11  4],18,-1,45,-1,31
1,<environment.Job instance at 0x7fd8faaa6190>,20,18,[ 4 11],21,-1,65,-1,47
1,<environment.Job instance at 0x7fd8fb786690>,23,24,[8 5],24,-1,89,-1,65
1,<environment.Job instance at 0x7fd8fb1016e0>,1,16,[8 4],2,-1,20,-1,4
1,<environment.Job instance at 0x7fd8fa8bb500>,4,1,[2 5],5,-1,6,-1,5
1,<environment.Job instance at 0x7fd8fa8bb9b0>,3,18,[6 4],4,-1,24,-1,6
1,<environment.Job instance at 0x7fd8fae58190>,15,21,[9 5],16,-1,37,-1,16
1,<environment.Job instance at 0x7fd8faee7cd0>,16,18,[10  5],17,-1,35,-1,17
1,<environment.Job instance at 0x7fd8faee7f50>,17,14,[1 9],18,-1,32,-1,18
1,<environment.Job instance at 0x7fd8fae58e60>,21,16,[1 6],22,-1,38,-1,22
1,<environment.Job instance at 0x7fd8faee7370>,23,27,[3 5],24,-1,51,-1,24
1,<environment.Job instance at 0x7fd8faa91550>,27,17,[5 7],28,-1,45,-1,28
1,<environment.Job instance at 0x7fd8fb857910>,28,12,[7 5],29,-1,41,-1,29
1,<environment.Job instance at 0x7fd8fb857b40>,29,12,[1 9],30,-1,42,-1,30
1,<environment.Job instance at 0x7fd8fab09af0>,33,12,[9 3],34,-1,46,-1,34
1,<environment.Job instance at 0x7fd8fb2f2af0>,35,14,[5 2],36,-1,50,-1,36
1,<environment.Job instance at 0x7fd8fb4542d0>,36,12,[6 4],37,-1,50,-1,38
1,<environment.Job instance at 0x7fd8fb454c80>,38,17,[5 4],39,-1,56,-1,39
1,<environment.Job instance at 0x7fd8fa6acd70>,40,16,[9 4],41,-1,57,-1,41
1,<environment.Job instance at 0x7fd8fa6acaf0>,42,12,[8 3],43,-1,55,-1,43
1,<environment.Job instance at 0x7fd8fa6ace60>,43,13,[5 6],44,-1,57,-1,44
1,<environment.Job instance at 0x7fd8fa6ac870>,45,18,[3 9],46,-1,64,-1,46
1,<environment.Job instance at 0x7fd8fa6acb90>,48,14,[4 5],49,-1,63,-1,49
1,<environment.Job instance at 0x7fd8fa6ace10>,49,14,[9 4],50,-1,64,-1,50
1,<environment.Job instance at 0x7fd8fa8d0be0>,51,18,[4 8],52,-1,70,-1,52
1,<environment.Job instance at 0x7fd8fa130fa0>,52,25,[7 3],53,-1,78,-1,53
1,<environment.Job instance at 0x7fd8fa352820>,56,17,[2 9],57,-1,74,-1,57
1,<environment.Job instance at 0x7fd8fb0777d0>,58,13,[ 3 10],59,-1,72,-1,59
1,<environment.Job instance at 0x7fd8faa674b0>,59,14,[4 7],60,-1,74,-1,60
1,<environment.Job instance at 0x7fd8faa67b40>,60,16,[10  3],61,-1,77,-1,61
1,<environment.Job instance at 0x7fd8fa499c80>,61,17,[10  5],62,-1,79,-1,62
1,<environment.Job instance at 0x7fd8fa55bb40>,63,17,[6 1],64,-1,81,-1,64
1,<environment.Job instance at 0x7fd8fa55b820>,66,13,[8 5],67,-1,80,-1,67
1,<environment.Job instance at 0x7fd8fab24f00>,8,16,[13  3],9,-1,25,-1,9
1,<environment.Job instance at 0x7fd8fa2e5dc0>,23,27,[3 5],24,-1,66,-1,39
1,<environment.Job instance at 0x7fd8fb328b40>,24,1,[12  4],25,-1,40,-1,39
1,<environment.Job instance at 0x7fd8fab0e460>,25,2,[14  1],26,-1,41,-1,39
1,<environment.Job instance at 0x7fd8facdabe0>,7,16,[2 7],8,-1,24,-1,8
1,<environment.Job instance at 0x7fd8faf7a5a0>,10,18,[1 7],11,-1,29,-1,11
1,<environment.Job instance at 0x7fd8faf7a550>,11,14,[1 7],12,-1,26,-1,12
1,<environment.Job instance at 0x7fd8faf7abe0>,12,14,[8 5],13,-1,27,-1,13
1,<environment.Job instance at 0x7fd8faf7a410>,15,26,[4 8],16,-1,42,-1,16
1,<environment.Job instance at 0x7fd8faf7a0f0>,16,20,[4 8],17,-1,37,-1,17
1,<environment.Job instance at 0x7fd8faf7aaf0>,18,16,[8 4],19,-1,35,-1,19
1,<environment.Job instance at 0x7fd8f9e5da00>,20,25,[5 4],21,-1,46,-1,21
1,<environment.Job instance at 0x7fd8fa728c30>,21,21,[5 5],22,-1,43,-1,22
1,<environment.Job instance at 0x7fd8fa71ab40>,23,18,[ 2 10],24,-1,43,-1,25
1,<environment.Job instance at 0x7fd8faa0ed70>,25,25,[5 7],26,-1,51,-1,26
1,<environment.Job instance at 0x7fd8fa750190>,26,12,[5 9],27,-1,39,-1,27
1,<environment.Job instance at 0x7fd8fa76e370>,27,22,[5 8],28,-1,50,-1,28
1,<environment.Job instance at 0x7fd8fa6628c0>,30,15,[3 8],31,-1,46,-1,31
1,<environment.Job instance at 0x7fd8fa455d20>,31,12,[3 9],32,-1,44,-1,32
1,<environment.Job instance at 0x7fd8fb5e3e10>,32,2,[10  4],33,-1,35,-1,33
1,<environment.Job instance at 0x7fd8fb85faf0>,33,27,[8 5],34,-1,61,-1,34
1,<environment.Job instance at 0x7fd8faa068c0>,35,14,[7 3],36,-1,50,-1,36
1,<environment.Job instance at 0x7fd8fa8afd70>,24,13,[7 3],25,-1,49,-1,36
1,<environment.Job instance at 0x7fd8fb224730>,43,24,[3 5],44,-1,68,-1,44
1,<environment.Job instance at 0x7fd8fb221eb0>,45,14,[10  1],46,-1,61,-1,47
1,<environment.Job instance at 0x7fd8fb319af0>,47,17,[2 7],48,-1,65,-1,48
1,<environment.Job instance at 0x7fd8fb319fa0>,48,15,[5 5],49,-1,64,-1,49
1,<environment.Job instance at 0x7fd8fac4ef00>,51,18,[5 9],52,-1,70,-1,52
1,<environment.Job instance at 0x7fd90417d410>,53,18,[3 7],54,-1,72,-1,54
1,<environment.Job instance at 0x7fd90417ddc0>,54,27,[1 8],55,-1,82,-1,55
1,<environment.Job instance at 0x7fd8fa49aaf0>,58,12,[1 8],59,-1,71,-1,59
1,<environment.Job instance at 0x7fd8fa49a8c0>,60,18,[2 7],61,-1,79,-1,61
1,<environment.Job instance at 0x7fd8fa9ed2d0>,61,15,[6 3],62,-1,77,-1,62
1,<environment.Job instance at 0x7fd903e61550>,64,23,[4 5],65,-1,88,-1,65
1,<environment.Job instance at 0x7fd8fb7b8b90>,46,15,[3 6],47,-1,80,-1,65
1,<environment.Job instance at 0x7fd8faea9be0>,66,13,[6 5],67,-1,81,-1,68
1,<environment.Job instance at 0x7fd8fb227640>,67,13,[12  5],68,-1,81,-1,68
1,<environment.Job instance at 0x7fd8fa517910>,15,26,[4 8],16,-1,62,-1,36
1,<environment.Job instance at 0x7fd8fac3d190>,20,25,[5 4],21,-1,66,-1,41
1,<environment.Job instance at 0x7fd8fac3de10>,25,25,[5 7],26,-1,81,-1,56
1,<environment.Job instance at 0x7fd8fac48500>,29,3,[11  3],30,-1,59,-1,56
1,<environment.Job instance at 0x7fd8fab8a050>,10,17,[5 8],11,-1,31,-1,14
1,<environment.Job instance at 0x7fd8fab8a7d0>,13,20,[5 3],14,-1,34,-1,14
1,<environment.Job instance at 0x7fd8fab8aa50>,15,17,[6 3],16,-1,33,-1,16
1,<environment.Job instance at 0x7fd8fab8ab90>,16,14,[10  1],17,-1,32,-1,18
1,<environment.Job instance at 0x7fd8fa9330a0>,20,18,[5 6],21,-1,39,-1,21
1,<environment.Job instance at 0x7fd8fa933dc0>,21,17,[2 9],22,-1,39,-1,22
1,<environment.Job instance at 0x7fd8fa933fa0>,24,12,[10  2],25,-1,38,-1,26
1,<environment.Job instance at 0x7fd8fa933f50>,27,22,[10  1],28,-1,50,-1,28
1,<environment.Job instance at 0x7fd8fa933d20>,30,20,[3 8],31,-1,57,-1,37
1,<environment.Job instance at 0x7fd8fa38b410>,39,13,[8 5],40,-1,53,-1,40
1,<environment.Job instance at 0x7fd8fa38b230>,44,17,[1 8],45,-1,62,-1,45
1,<environment.Job instance at 0x7fd8fb21a370>,36,26,[9 5],37,-1,71,-1,45
1,<environment.Job instance at 0x7fd8fb0ce5a0>,50,15,[13  3],51,-1,68,-1,53
1,<environment.Job instance at 0x7fd8fa38bc30>,49,22,[7 3],50,-1,75,-1,53
1,<environment.Job instance at 0x7fd8fb0cefa0>,52,25,[7 5],53,-1,78,-1,53
1,<environment.Job instance at 0x7fd8f9ef5230>,3,14,[ 4 11],4,-1,18,-1,4
1,<environment.Job instance at 0x7fd8fb480fa0>,6,26,[8 5],7,-1,34,-1,8
1,<environment.Job instance at 0x7fd8fb0f9410>,8,18,[13  1],9,-1,27,-1,9
1,<environment.Job instance at 0x7fd8f9f000a0>,28,16,[13  1],29,-1,82,-1,66
1,<environment.Job instance at 0x7fd8f9efa6e0>,31,3,[11  4],32,-1,72,-1,69
1,<environment.Job instance at 0x7fd8fa61f8c0>,1,18,[8 1],2,-1,21,-1,3
1,<environment.Job instance at 0x7fd8fa61f7d0>,3,20,[8 4],4,-1,24,-1,4
1,<environment.Job instance at 0x7fd8fb22e500>,2,15,[3 9],3,-1,22,-1,7
1,<environment.Job instance at 0x7fd8f9eed960>,7,27,[8 5],8,-1,35,-1,8
1,<environment.Job instance at 0x7fd8fa61ff00>,9,17,[1 5],10,-1,27,-1,10
1,<environment.Job instance at 0x7fd8fa736320>,12,17,[3 5],13,-1,30,-1,13
1,<environment.Job instance at 0x7fd8fa3dddc0>,15,13,[10  5],16,-1,30,-1,17
1,<environment.Job instance at 0x7fd8facda820>,16,17,[7 3],17,-1,34,-1,17
1,<environment.Job instance at 0x7fd8fa9f3640>,23,15,[ 2 13],24,-1,41,-1,26
1,<environment.Job instance at 0x7fd8fa736cd0>,21,17,[9 4],22,-1,51,-1,34
1,<environment.Job instance at 0x7fd8fac4e8c0>,26,12,[9 5],27,-1,47,-1,35
1,<environment.Job instance at 0x7fd8fb5e7190>,27,18,[14  1],28,-1,53,-1,35
1,<environment.Job instance at 0x7fd8f9ef5320>,30,16,[5 4],31,-1,52,-1,36
1,<environment.Job instance at 0x7fd8fb476e60>,22,24,[4 6],23,-1,60,-1,36
1,<environment.Job instance at 0x7fd8f9f03e60>,31,18,[7 2],32,-1,54,-1,36
1,<environment.Job instance at 0x7fd8fa6527d0>,33,13,[ 3 11],34,-1,49,-1,36
1,<environment.Job instance at 0x7fd8fa9f3d70>,24,18,[5 2],25,-1,55,-1,37
1,<environment.Job instance at 0x7fd8fa9fc2d0>,36,15,[11  2],37,-1,52,-1,37
1,<environment.Job instance at 0x7fd8fa64d820>,37,12,[7 2],38,-1,51,-1,39
1,<environment.Job instance at 0x7fd8fa9fcd70>,39,18,[ 5 10],40,-1,59,-1,41
1,<environment.Job instance at 0x7fd8fa660320>,42,19,[2 5],43,-1,62,-1,43
1,<environment.Job instance at 0x7fd8fa660730>,41,15,[5 5],42,-1,59,-1,44
1,<environment.Job instance at 0x7fd8fa6608c0>,46,13,[8 4],47,-1,62,-1,49
1,<environment.Job instance at 0x7fd8fa660f00>,48,16,[6 5],49,-1,65,-1,49
1,<environment.Job instance at 0x7fd8f9ea1fa0>,50,25,[10  4],51,-1,76,-1,51
1,<environment.Job instance at 0x7fd8fa6523c0>,32,12,[5 2],33,-1,64,-1,52
1,<environment.Job instance at 0x7fd8fa660c30>,47,17,[6 2],48,-1,70,-1,53
1,<environment.Job instance at 0x7fd8fa9fcc80>,40,12,[ 3 12],41,-1,68,-1,56
1,<environment.Job instance at 0x7fd8fad94d20>,54,13,[5 7],55,-1,69,-1,56
1,<environment.Job instance at 0x7fd8fad94cd0>,55,17,[8 5],56,-1,73,-1,56
1,<environment.Job instance at 0x7fd8fa591280>,56,14,[5 7],57,-1,73,-1,59
1,<environment.Job instance at 0x7fd8fabeb730>,60,18,[6 4],61,-1,79,-1,61
1,<environment.Job instance at 0x7fd8fa94fd20>,62,15,[4 9],63,-1,78,-1,63
1,<environment.Job instance at 0x7fd8fb41f230>,63,18,[8 3],64,-1,83,-1,65
1,<environment.Job instance at 0x7fd8fb41f050>,65,15,[7 1],66,-1,82,-1,67
1,<environment.Job instance at 0x7fd8fb41f6e0>,66,16,[7 5],67,-1,83,-1,67
1,<environment.Job instance at 0x7fd8faa06780>,7,27,[8 5],8,-1,48,-1,21
1,<environment.Job instance at 0x7fd8fa7362d0>,19,2,[ 2 12],20,-1,49,-1,47
1,<environment.Job instance at 0x7fd8f9ea1f50>,22,24,[4 6],23,-1,87,-1,63
1,<environment.Job instance at 0x7fd8fa9fc460>,23,15,[ 2 13],24,-1,78,-1,63
1,<environment.Job instance at 0x7fd8faf7d3c0>,2,18,[8 1],3,-1,23,-1,5
1,<environment.Job instance at 0x7fd8faf7d2d0>,4,14,[5 8],5,-1,20,-1,6
1,<environment.Job instance at 0x7fd8faf7d280>,6,20,[10  4],7,-1,29,-1,9
1,<environment.Job instance at 0x7fd8faf7d780>,8,17,[9 2],9,-1,26,-1,9
1,<environment.Job instance at 0x7fd8faf7dbe0>,13,27,[1 7],14,-1,41,-1,14
1,<environment.Job instance at 0x7fd8faf7dcd0>,14,18,[6 3],15,-1,33,-1,15
1,<environment.Job instance at 0x7fd8faf5a0f0>,19,15,[4 7],20,-1,35,-1,20
1,<environment.Job instance at 0x7fd8faf5a3c0>,22,17,[5 9],23,-1,40,-1,23
1,<environment.Job instance at 0x7fd8faf5a320>,23,18,[5 5],24,-1,43,-1,25
1,<environment.Job instance at 0x7fd8faf5a5f0>,25,17,[6 4],26,-1,43,-1,26
1,<environment.Job instance at 0x7fd8faf5a690>,26,17,[1 6],27,-1,44,-1,27
1,<environment.Job instance at 0x7fd8faf5a730>,27,18,[5 5],28,-1,46,-1,28
1,<environment.Job instance at 0x7fd8faf5a7d0>,28,18,[ 3 10],29,-1,47,-1,29
1,<environment.Job instance at 0x7fd8faf5a870>,29,13,[8 4],30,-1,43,-1,30
1,<environment.Job instance at 0x7fd8faf5a910>,30,27,[5 4],31,-1,58,-1,31
1,<environment.Job instance at 0x7fd8faf5a9b0>,31,28,[7 5],32,-1,60,-1,32
1,<environment.Job instance at 0x7fd8faf5aaf0>,33,28,[8 2],34,-1,62,-1,34
1,<environment.Job instance at 0x7fd8faf5a550>,34,16,[2 5],35,-1,51,-1,35
1,<environment.Job instance at 0x7fd8faf5ab90>,35,13,[ 5 10],36,-1,49,-1,36
1,<environment.Job instance at 0x7fd8faf5a460>,24,15,[8 2],25,-1,51,-1,36
1,<environment.Job instance at 0x7fd8faf5afa0>,38,17,[5 3],39,-1,57,-1,40
1,<environment.Job instance at 0x7fd8faf5c2d0>,42,14,[3 8],43,-1,57,-1,43
1,<environment.Job instance at 0x7fd8faf5c370>,43,16,[7 2],44,-1,64,-1,48
1,<environment.Job instance at 0x7fd8faa0e5a0>,48,15,[3 9],49,-1,64,-1,49
1,<environment.Job instance at 0x7fd8faf625a0>,49,12,[10  4],50,-1,69,-1,57
1,<environment.Job instance at 0x7fd8faf61960>,58,18,[ 2 10],59,-1,77,-1,59
1,<environment.Job instance at 0x7fd8faf61b40>,59,13,[5 8],60,-1,73,-1,60
1,<environment.Job instance at 0x7fd8faf619b0>,55,18,[7 4],56,-1,82,-1,64
1,<environment.Job instance at 0x7fd8faf611e0>,64,15,[5 5],65,-1,80,-1,65
1,<environment.Job instance at 0x7fd8faf61550>,65,14,[5 9],66,-1,80,-1,66
1,<environment.Job instance at 0x7fd8fb5e0230>,1,2,[13  4],2,-1,4,-1,2
1,<environment.Job instance at 0x7fd8facfefa0>,10,27,[ 3 13],11,-1,46,-1,19
1,<environment.Job instance at 0x7fd8facfeb90>,13,27,[1 7],14,-1,51,-1,24
1,<environment.Job instance at 0x7fd8facfeaf0>,15,18,[ 3 12],16,-1,42,-1,24
1,<environment.Job instance at 0x7fd8fb41f780>,20,1,[12  1],21,-1,31,-1,30
1,<environment.Job instance at 0x7fd8fb41fa00>,21,25,[9 1],22,-1,73,-1,48
1,<environment.Job instance at 0x7fd8fb35d6e0>,3,18,[6 4],4,-1,22,-1,4
1,<environment.Job instance at 0x7fd8fb35da00>,4,18,[9 1],5,-1,24,-1,6
1,<environment.Job instance at 0x7fd8fb35d550>,6,14,[5 7],7,-1,21,-1,7
1,<environment.Job instance at 0x7fd8fb35dd70>,7,12,[3 8],8,-1,21,-1,9
1,<environment.Job instance at 0x7fd8fb35daf0>,10,18,[2 9],11,-1,70,-1,52
1,<environment.Job instance at 0x7fd8fb5e0050>,5,17,[14  4],6,-1,69,-1,52
1,<environment.Job instance at 0x7fd8fb35d410>,11,12,[13  5],12,-1,64,-1,52
1,<environment.Job instance at 0x7fd8fb35dc30>,17,26,[3 7],18,-1,78,-1,52
1,<environment.Job instance at 0x7fd8fb35d5f0>,13,18,[5 3],14,-1,70,-1,52
1,<environment.Job instance at 0x7fd8faf69140>,18,13,[2 9],19,-1,65,-1,52
1,<environment.Job instance at 0x7fd8faf69820>,26,18,[5 4],27,-1,70,-1,52
1,<environment.Job instance at 0x7fd8fb35d230>,8,16,[1 7],9,-1,72,-1,56
1,<environment.Job instance at 0x7fd8faf693c0>,31,17,[7 4],32,-1,73,-1,56
1,<environment.Job instance at 0x7fd8faf69eb0>,29,25,[3 8],30,-1,85,-1,60
1,<environment.Job instance at 0x7fd8faf69550>,28,12,[5 5],29,-1,72,-1,60
1,<environment.Job instance at 0x7fd8faf69a00>,35,18,[8 2],36,-1,78,-1,60
1,<environment.Job instance at 0x7fd8fb36fb40>,41,18,[13  5],42,-1,78,-1,60
1,<environment.Job instance at 0x7fd8fb36f3c0>,42,13,[9 3],43,-1,73,-1,60
1,<environment.Job instance at 0x7fd8faf69780>,32,15,[3 6],33,-1,75,-1,60
1,<environment.Job instance at 0x7fd8fb36fdc0>,45,14,[11  2],46,-1,75,-1,61
1,<environment.Job instance at 0x7fd8fb36fc80>,46,15,[10  2],47,-1,77,-1,62
1,<environment.Job instance at 0x7fd8fb36f910>,44,13,[5 5],45,-1,75,-1,62
1,<environment.Job instance at 0x7fd8fb36faf0>,37,28,[4 9],38,-1,90,-1,62
1,<environment.Job instance at 0x7fd8fb36f1e0>,51,15,[7 2],52,-1,78,-1,63
1,<environment.Job instance at 0x7fd8faf4ceb0>,58,16,[10  1],59,-1,79,-1,63
1,<environment.Job instance at 0x7fd8faf4c730>,59,18,[8 2],60,-1,83,-1,65
1,<environment.Job instance at 0x7fd8fb0c5eb0>,60,18,[2 8],61,-1,87,-1,69
1,<environment.Job instance at 0x7fd8fa1f5500>,5,17,[14  4],6,-1,23,-1,6
1,<environment.Job instance at 0x7fd8faf4cf00>,11,12,[13  5],12,-1,30,-1,18
1,<environment.Job instance at 0x7fd8fb094fa0>,17,26,[3 7],18,-1,73,-1,47
1,<environment.Job instance at 0x7fd8fb7a29b0>,27,1,[ 2 11],28,-1,67,-1,66
1,<environment.Job instance at 0x7fd8fb094eb0>,29,25,[3 8],30,-1,92,-1,67
1,<environment.Job instance at 0x7fd8f9ed7f00>,4,21,[8 1],5,-1,26,-1,5
1,<environment.Job instance at 0x7fd8fa290370>,9,25,[ 3 10],10,-1,35,-1,10
1,<environment.Job instance at 0x7fd8fa290960>,14,17,[5 4],15,-1,32,-1,15
1,<environment.Job instance at 0x7fd8fa2903c0>,15,15,[9 4],16,-1,32,-1,17
1,<environment.Job instance at 0x7fd8fa290cd0>,17,23,[9 2],18,-1,41,-1,18
1,<environment.Job instance at 0x7fd8fa290dc0>,20,15,[4 8],21,-1,36,-1,21
1,<environment.Job instance at 0x7fd8fa290230>,16,15,[4 7],17,-1,38,-1,23
1,<environment.Job instance at 0x7fd8f9ef6fa0>,23,17,[7 4],24,-1,43,-1,26
1,<environment.Job instance at 0x7fd8f9ef6460>,25,15,[9 1],26,-1,41,-1,26
1,<environment.Job instance at 0x7fd8f9ef67d0>,31,14,[1 5],32,-1,46,-1,32
1,<environment.Job instance at 0x7fd9043ff410>,32,18,[ 2 10],33,-1,51,-1,33
1,<environment.Job instance at 0x7fd9043ffb90>,33,14,[4 9],34,-1,48,-1,34
1,<environment.Job instance at 0x7fd9043ffd20>,34,12,[9 4],35,-1,49,-1,37
1,<environment.Job instance at 0x7fd9043ff730>,36,17,[ 1 14],37,-1,54,-1,37
1,<environment.Job instance at 0x7fd9043ffdc0>,37,15,[1 6],38,-1,53,-1,38
1,<environment.Job instance at 0x7fd9043ff370>,40,16,[3 7],41,-1,58,-1,42
1,<environment.Job instance at 0x7fd8fa6dfaa0>,43,24,[4 7],44,-1,68,-1,44
1,<environment.Job instance at 0x7fd8fa6df730>,44,16,[4 7],45,-1,61,-1,45
1,<environment.Job instance at 0x7fd8fa6df3c0>,48,23,[ 4 10],49,-1,72,-1,49
1,<environment.Job instance at 0x7fd9043ffa00>,41,18,[5 5],42,-1,69,-1,51
1,<environment.Job instance at 0x7fd8fabc52d0>,10,18,[ 2 11],11,-1,34,-1,16
1,<environment.Job instance at 0x7fd8fabc5410>,9,25,[ 3 10],10,-1,42,-1,17
1,<environment.Job instance at 0x7fd8fa14ed70>,17,23,[9 2],18,-1,64,-1,41
1,<environment.Job instance at 0x7fd8fa9ed820>,1,17,[4 7],2,-1,19,-1,2
1,<environment.Job instance at 0x7fd8f9f38190>,3,17,[4 9],4,-1,21,-1,4
1,<environment.Job instance at 0x7fd8f9f3dcd0>,8,16,[9 2],9,-1,26,-1,10
1,<environment.Job instance at 0x7fd8fb0c5e60>,9,24,[7 1],10,-1,34,-1,10
1,<environment.Job instance at 0x7fd8f9f3d730>,10,26,[4 8],11,-1,37,-1,11
1,<environment.Job instance at 0x7fd8f9f3d870>,11,16,[2 7],12,-1,28,-1,12
1,<environment.Job instance at 0x7fd8f9f3dc30>,14,15,[3 8],15,-1,30,-1,15
1,<environment.Job instance at 0x7fd8f9f634b0>,18,13,[ 5 10],19,-1,33,-1,20
1,<environment.Job instance at 0x7fd8f9f35e10>,20,18,[8 5],21,-1,39,-1,21
1,<environment.Job instance at 0x7fd8f9f35cd0>,22,18,[4 5],23,-1,41,-1,23
1,<environment.Job instance at 0x7fd8f9f35780>,23,18,[8 1],24,-1,43,-1,25
1,<environment.Job instance at 0x7fd8fa3a72d0>,27,3,[1 6],28,-1,31,-1,28
1,<environment.Job instance at 0x7fd8fa0684b0>,28,17,[10  4],29,-1,46,-1,29
1,<environment.Job instance at 0x7fd8fa037be0>,29,15,[5 9],30,-1,45,-1,30
1,<environment.Job instance at 0x7fd8fb395960>,32,16,[3 5],33,-1,49,-1,33
1,<environment.Job instance at 0x7fd8fb38b410>,35,22,[1 9],36,-1,58,-1,36
1,<environment.Job instance at 0x7fd8fb179e60>,36,14,[6 1],37,-1,51,-1,37
1,<environment.Job instance at 0x7fd8fb170aa0>,39,18,[ 3 12],40,-1,58,-1,40
1,<environment.Job instance at 0x7fd8fb1725a0>,40,18,[7 3],41,-1,59,-1,41
1,<environment.Job instance at 0x7fd8fa89caf0>,43,17,[10  3],44,-1,61,-1,44
1,<environment.Job instance at 0x7fd8f9f4a8c0>,46,12,[4 7],47,-1,59,-1,47
1,<environment.Job instance at 0x7fd8fa89ceb0>,47,15,[6 4],48,-1,63,-1,48
1,<environment.Job instance at 0x7fd8fb16b3c0>,48,17,[3 8],49,-1,66,-1,49
1,<environment.Job instance at 0x7fd8fb16b2d0>,49,15,[ 5 10],50,-1,65,-1,50
1,<environment.Job instance at 0x7fd8fb16b0f0>,50,19,[5 4],51,-1,70,-1,51
1,<environment.Job instance at 0x7fd8fb16b050>,51,17,[ 2 10],52,-1,69,-1,52
1,<environment.Job instance at 0x7fd8fb16b870>,53,18,[9 2],54,-1,72,-1,54
1,<environment.Job instance at 0x7fd8fb16b730>,54,24,[5 9],55,-1,79,-1,55
1,<environment.Job instance at 0x7fd8fb16b690>,55,16,[10  3],56,-1,72,-1,56
1,<environment.Job instance at 0x7fd8fb16bb90>,57,26,[8 5],58,-1,84,-1,58
1,<environment.Job instance at 0x7fd8fb17f640>,59,15,[6 5],60,-1,75,-1,60
1,<environment.Job instance at 0x7fd8fb17f780>,60,17,[10  1],61,-1,80,-1,63
1,<environment.Job instance at 0x7fd8fb17f7d0>,62,13,[9 1],63,-1,76,-1,63
1,<environment.Job instance at 0x7fd8fb17fb40>,63,26,[7 5],64,-1,90,-1,64
1,<environment.Job instance at 0x7fd8fb17fa00>,64,16,[3 9],65,-1,81,-1,65
1,<environment.Job instance at 0x7fd8fb17fe60>,67,18,[ 3 10],68,-1,86,-1,68
1,<environment.Job instance at 0x7fd8fb17ffa0>,68,16,[3 5],69,-1,85,-1,69
1,<environment.Job instance at 0x7fd8fb22eeb0>,9,24,[7 1],10,-1,43,-1,19
1,<environment.Job instance at 0x7fd8fb22e6e0>,10,26,[4 8],11,-1,57,-1,31
1,<environment.Job instance at 0x7fd8f9ed71e0>,25,15,[12  1],26,-1,84,-1,69
1,<environment.Job instance at 0x7fd8fa062960>,2,18,[4 7],3,-1,21,-1,3
1,<environment.Job instance at 0x7fd8fa062b90>,5,17,[9 3],6,-1,26,-1,9
1,<environment.Job instance at 0x7fd8fa062a00>,11,12,[10  4],12,-1,31,-1,19
1,<environment.Job instance at 0x7fd8fa384640>,18,16,[ 5 13],19,-1,36,-1,20
1,<environment.Job instance at 0x7fd8fa384910>,24,17,[5 9],25,-1,42,-1,25
1,<environment.Job instance at 0x7fd8fa20eaa0>,25,17,[5 9],26,-1,43,-1,26
1,<environment.Job instance at 0x7fd8fa20e780>,26,23,[10  4],27,-1,52,-1,29
1,<environment.Job instance at 0x7fd8fa20e5f0>,29,18,[9 5],30,-1,48,-1,30
1,<environment.Job instance at 0x7fd8fa20e190>,31,17,[8 2],32,-1,49,-1,32
1,<environment.Job instance at 0x7fd8fa20e9b0>,32,18,[10  5],33,-1,51,-1,33
1,<environment.Job instance at 0x7fd8fa20ef50>,35,16,[3 8],36,-1,52,-1,36
1,<environment.Job instance at 0x7fd8fa20e460>,36,14,[4 7],37,-1,51,-1,37
1,<environment.Job instance at 0x7fd8fa20ebe0>,37,18,[5 4],38,-1,56,-1,38
1,<environment.Job instance at 0x7fd8fa20e0a0>,39,12,[5 9],40,-1,52,-1,40
1,<environment.Job instance at 0x7fd8fa77bf00>,40,12,[2 9],41,-1,53,-1,41
1,<environment.Job instance at 0x7fd8fa77beb0>,41,17,[7 2],42,-1,59,-1,42
1,<environment.Job instance at 0x7fd8fa77bd70>,43,16,[3 9],44,-1,60,-1,44
1,<environment.Job instance at 0x7fd8fa77b5f0>,44,13,[10  1],45,-1,58,-1,45
1,<environment.Job instance at 0x7fd8fa77b2d0>,45,13,[ 3 10],46,-1,59,-1,46
1,<environment.Job instance at 0x7fd8fb38be60>,49,25,[8 3],50,-1,75,-1,50
1,<environment.Job instance at 0x7fd8fb38bfa0>,51,17,[3 7],52,-1,69,-1,52
1,<environment.Job instance at 0x7fd8fb38b910>,53,18,[2 6],54,-1,72,-1,54
1,<environment.Job instance at 0x7fd8fb38b460>,54,18,[8 2],55,-1,73,-1,55
1,<environment.Job instance at 0x7fd8fb38b0a0>,56,17,[1 6],57,-1,74,-1,57
1,<environment.Job instance at 0x7fd8fb38b780>,57,18,[5 2],58,-1,76,-1,58
1,<environment.Job instance at 0x7fd8fb38b280>,58,17,[3 5],59,-1,76,-1,59
1,<environment.Job instance at 0x7fd8fb38b1e0>,61,15,[10  5],62,-1,77,-1,62
1,<environment.Job instance at 0x7fd8fb38b6e0>,62,18,[10  1],63,-1,81,-1,63
1,<environment.Job instance at 0x7fd8fa78afa0>,65,12,[5 9],66,-1,78,-1,66
1,<environment.Job instance at 0x7fd8fb17b230>,3,3,[11  3],4,-1,7,-1,4
1,<environment.Job instance at 0x7fd8fa78a640>,18,16,[ 5 13],19,-1,48,-1,32
1,<environment.Job instance at 0x7fd8fa0624b0>,21,15,[14  4],22,-1,51,-1,36
1,<environment.Job instance at 0x7fd8fa79ff50>,26,23,[10  4],27,-1,68,-1,45
1,<environment.Job instance at 0x7fd8fa28ba50>,3,18,[ 3 10],4,-1,22,-1,4
1,<environment.Job instance at 0x7fd8fa28beb0>,8,12,[10  2],9,-1,25,-1,13
1,<environment.Job instance at 0x7fd8fb6db500>,15,15,[10  1],16,-1,31,-1,16
1,<environment.Job instance at 0x7fd8fb6db3c0>,16,21,[3 7],17,-1,38,-1,17
1,<environment.Job instance at 0x7fd8fb6db410>,17,15,[ 3 10],18,-1,33,-1,18
1,<environment.Job instance at 0x7fd8fb6db6e0>,18,28,[8 3],19,-1,47,-1,19
1,<environment.Job instance at 0x7fd8fb6db780>,19,20,[1 9],20,-1,41,-1,21
1,<environment.Job instance at 0x7fd8fb6db8c0>,21,17,[5 6],22,-1,39,-1,22
1,<environment.Job instance at 0x7fd8fb6db960>,22,16,[10  1],23,-1,39,-1,23
1,<environment.Job instance at 0x7fd8fb6dba00>,23,17,[ 2 10],24,-1,41,-1,24
1,<environment.Job instance at 0x7fd8fb6dbaa0>,24,12,[4 9],25,-1,37,-1,25
1,<environment.Job instance at 0x7fd8fb6dbb40>,25,12,[7 2],26,-1,38,-1,26
1,<environment.Job instance at 0x7fd8fb6dbbe0>,26,13,[ 5 11],27,-1,40,-1,27
1,<environment.Job instance at 0x7fd8fb6dbd20>,28,15,[10  2],29,-1,45,-1,30
1,<environment.Job instance at 0x7fd8fb6db820>,29,18,[3 8],30,-1,70,-1,52
1,<environment.Job instance at 0x7fd8fb181960>,13,2,[12  1],14,-1,26,-1,24
1,<environment.Job instance at 0x7fd8fb1815f0>,14,1,[ 5 14],15,-1,25,-1,24
1,<environment.Job instance at 0x7fd8fb388b40>,18,28,[8 3],19,-1,57,-1,29
1,<environment.Job instance at 0x7fd8fa79f3c0>,26,13,[ 5 11],27,-1,72,-1,59
1,<environment.Job instance at 0x7fd8fb3887d0>,27,2,[13  1],28,-1,61,-1,59
1,<environment.Job instance at 0x7f81df4fdf00>,6,15,[2 8],7,-1,23,-1,8
1,<environment.Job instance at 0x7f81df4fdaa0>,8,17,[1 8],9,-1,26,-1,9
1,<environment.Job instance at 0x7f81e8b478c0>,7,14,[7 5],8,-1,23,-1,9
1,<environment.Job instance at 0x7f81df502140>,10,22,[8 1],11,-1,34,-1,12
1,<environment.Job instance at 0x7f81df5021e0>,12,23,[6 4],13,-1,36,-1,13
1,<environment.Job instance at 0x7f81df502410>,13,18,[5 9],14,-1,32,-1,14
1,<environment.Job instance at 0x7f81df502280>,14,21,[8 1],15,-1,38,-1,17
1,<environment.Job instance at 0x7f81df5025a0>,16,18,[7 3],17,-1,35,-1,17
1,<environment.Job instance at 0x7f81df502500>,18,26,[7 4],19,-1,45,-1,19
1,<environment.Job instance at 0x7f81df502870>,19,25,[5 9],20,-1,45,-1,20
1,<environment.Job instance at 0x7f81df502960>,21,18,[9 4],22,-1,41,-1,23
1,<environment.Job instance at 0x7f81df5029b0>,23,16,[6 2],24,-1,40,-1,24
1,<environment.Job instance at 0x7f81df502b40>,22,12,[3 8],23,-1,37,-1,25
1,<environment.Job instance at 0x7f81df502fa0>,27,17,[4 6],28,-1,45,-1,28
1,<environment.Job instance at 0x7f81df5042d0>,32,21,[5 9],33,-1,55,-1,34
1,<environment.Job instance at 0x7f81df504550>,33,26,[3 6],34,-1,60,-1,34
1,<environment.Job instance at 0x7f81df504640>,35,16,[1 9],36,-1,52,-1,36
1,<environment.Job instance at 0x7f81df504690>,37,14,[5 8],38,-1,52,-1,38
1,<environment.Job instance at 0x7f81df504870>,39,14,[9 4],40,-1,55,-1,41
1,<environment.Job instance at 0x7f81df504be0>,43,12,[4 5],44,-1,56,-1,44
1,<environment.Job instance at 0x7f81df504eb0>,45,15,[7 5],46,-1,61,-1,46
1,<environment.Job instance at 0x7f81df5070a0>,47,13,[ 3 10],48,-1,61,-1,48
1,<environment.Job instance at 0x7f81df5073c0>,48,12,[9 2],49,-1,61,-1,49
1,<environment.Job instance at 0x7f81df507230>,49,17,[10  2],50,-1,67,-1,50
1,<environment.Job instance at 0x7f81df507960>,54,18,[7 1],55,-1,73,-1,55
1,<environment.Job instance at 0x7f81df507a50>,55,12,[2 6],56,-1,68,-1,56
1,<environment.Job instance at 0x7f81df504aa0>,40,26,[ 1 10],41,-1,84,-1,58
1,<environment.Job instance at 0x7f81df50a500>,67,16,[1 9],68,-1,94,-1,78
1,<environment.Job instance at 0x7f81df508280>,77,16,[8 1],78,-1,94,-1,78
1,<environment.Job instance at 0x7f81df508500>,12,23,[6 4],13,-1,53,-1,30
1,<environment.Job instance at 0x7f81df4f8460>,18,26,[7 4],19,-1,70,-1,44
1,<environment.Job instance at 0x7f81df5464b0>,19,25,[5 9],20,-1,83,-1,58
1,<environment.Job instance at 0x7f81df4f5aa0>,28,17,[ 1 13],29,-1,87,-1,70
1,<environment.Job instance at 0x7f81dec45a50>,2,21,[4 8],3,-1,24,-1,3
1,<environment.Job instance at 0x7f81dec45b40>,3,18,[ 3 10],4,-1,22,-1,4
1,<environment.Job instance at 0x7f81dec45f00>,5,15,[1 7],6,-1,21,-1,6
1,<environment.Job instance at 0x7f81dec46370>,7,18,[7 1],8,-1,27,-1,9
1,<environment.Job instance at 0x7f81df504460>,8,16,[4 9],9,-1,25,-1,9
1,<environment.Job instance at 0x7f81dec460a0>,13,25,[ 1 10],14,-1,39,-1,14
1,<environment.Job instance at 0x7f81dedba1e0>,16,18,[2 6],17,-1,35,-1,17
1,<environment.Job instance at 0x7f81dee6faf0>,22,13,[9 4],23,-1,36,-1,23
1,<environment.Job instance at 0x7f81deda8280>,23,16,[1 9],24,-1,40,-1,24
1,<environment.Job instance at 0x7f81deda5be0>,27,18,[5 5],28,-1,46,-1,28
1,<environment.Job instance at 0x7f81deda5c30>,29,27,[3 9],30,-1,57,-1,30
1,<environment.Job instance at 0x7f81deda5aa0>,30,23,[5 1],31,-1,54,-1,31
1,<environment.Job instance at 0x7f81deda5230>,31,17,[6 4],32,-1,49,-1,32
1,<environment.Job instance at 0x7f81ded940a0>,32,12,[1 6],33,-1,46,-1,34
1,<environment.Job instance at 0x7f81deda5f00>,33,17,[5 1],34,-1,52,-1,35
1,<environment.Job instance at 0x7f81deac63c0>,37,3,[ 3 13],38,-1,41,-1,38
1,<environment.Job instance at 0x7f81deac6190>,38,16,[5 2],39,-1,55,-1,39
1,<environment.Job instance at 0x7f81deac6dc0>,39,28,[7 5],40,-1,68,-1,40
1,<environment.Job instance at 0x7f81deabefa0>,42,18,[7 5],43,-1,61,-1,43
1,<environment.Job instance at 0x7f81dec46820>,52,18,[10  4],53,-1,72,-1,54
1,<environment.Job instance at 0x7f81deafb9b0>,57,28,[ 2 10],58,-1,86,-1,58
1,<environment.Job instance at 0x7f81deca3cd0>,61,14,[ 3 10],62,-1,80,-1,66
1,<environment.Job instance at 0x7f81dec94280>,55,15,[8 3],56,-1,83,-1,68
1,<environment.Job instance at 0x7f81deb12e60>,64,20,[13  4],65,-1,88,-1,68
1,<environment.Job instance at 0x7f81deb12f00>,69,17,[5 7],70,-1,87,-1,70
1,<environment.Job instance at 0x7f81dec43c30>,71,22,[5 6],72,-1,94,-1,72
1,<environment.Job instance at 0x7f81deb121e0>,66,13,[10  5],67,-1,88,-1,75
1,<environment.Job instance at 0x7f81dec468c0>,51,13,[3 8],52,-1,89,-1,76
1,<environment.Job instance at 0x7f81deb155f0>,75,17,[10  4],76,-1,93,-1,76
1,<environment.Job instance at 0x7f81ded235a0>,9,17,[ 5 14],10,-1,34,-1,17
1,<environment.Job instance at 0x7f81ded1f640>,13,25,[ 1 10],14,-1,61,-1,36
1,<environment.Job instance at 0x7f81decbe140>,29,27,[3 9],30,-1,106,-1,79
1,<environment.Job instance at 0x7f81decbec30>,30,23,[5 1],31,-1,102,-1,79
1,<environment.Job instance at 0x7f81deb24cd0>,2,20,[10  5],3,-1,25,-1,5
1,<environment.Job instance at 0x7f81deb24d70>,4,14,[10  5],5,-1,19,-1,5
1,<environment.Job instance at 0x7f81deb247d0>,10,17,[4 7],11,-1,29,-1,12
1,<environment.Job instance at 0x7f81e8caf230>,13,24,[3 7],14,-1,38,-1,14
1,<environment.Job instance at 0x7f81e8caff50>,14,19,[3 8],15,-1,34,-1,15
1,<environment.Job instance at 0x7f81e8caff00>,17,16,[8 4],18,-1,34,-1,18
1,<environment.Job instance at 0x7f81deabe690>,20,17,[3 5],21,-1,38,-1,21
1,<environment.Job instance at 0x7f81deabeeb0>,21,18,[6 2],22,-1,40,-1,22
1,<environment.Job instance at 0x7f81deabe5f0>,24,19,[6 2],25,-1,44,-1,25
1,<environment.Job instance at 0x7f81deabea50>,26,17,[9 1],27,-1,44,-1,27
1,<environment.Job instance at 0x7f81deabe140>,27,13,[9 5],28,-1,41,-1,28
1,<environment.Job instance at 0x7f81deb12910>,38,21,[2 7],39,-1,67,-1,46
1,<environment.Job instance at 0x7f81deabe0f0>,28,27,[ 3 12],29,-1,73,-1,46
1,<environment.Job instance at 0x7f81deb12050>,40,23,[4 7],41,-1,69,-1,46
1,<environment.Job instance at 0x7f81deb12780>,41,14,[ 1 10],42,-1,68,-1,54
1,<environment.Job instance at 0x7f81deb129b0>,34,26,[3 9],35,-1,81,-1,55
1,<environment.Job instance at 0x7f81deb12f50>,45,19,[ 1 10],46,-1,74,-1,55
1,<environment.Job instance at 0x7f81deab4e60>,48,20,[ 2 10],49,-1,75,-1,55
1,<environment.Job instance at 0x7f81deabef00>,30,17,[9 5],31,-1,75,-1,58
1,<environment.Job instance at 0x7f81deab4e10>,51,17,[3 6],52,-1,75,-1,58
1,<environment.Job instance at 0x7f81deab4f50>,49,15,[5 5],50,-1,73,-1,58
1,<environment.Job instance at 0x7f81deab4aa0>,54,16,[5 6],55,-1,75,-1,59
1,<environment.Job instance at 0x7f81deb128c0>,46,16,[6 5],47,-1,75,-1,59
1,<environment.Job instance at 0x7f81deab44b0>,58,23,[1 9],59,-1,84,-1,61
1,<environment.Job instance at 0x7f81deab4dc0>,52,13,[2 5],53,-1,74,-1,61
1,<environment.Job instance at 0x7f81deab40a0>,57,18,[ 1 14],58,-1,79,-1,61
1,<environment.Job instance at 0x7f81deab4320>,56,16,[1 8],57,-1,79,-1,63
1,<environment.Job instance at 0x7f81deab4500>,59,17,[8 5],60,-1,82,-1,65
1,<environment.Job instance at 0x7f81deb27190>,63,18,[5 1],64,-1,83,-1,65
1,<environment.Job instance at 0x7f81deb27320>,68,19,[4 7],69,-1,88,-1,69
1,<environment.Job instance at 0x7f81deb27af0>,67,12,[4 8],68,-1,81,-1,69
1,<environment.Job instance at 0x7f81deb27500>,69,13,[4 5],70,-1,83,-1,70
1,<environment.Job instance at 0x7f81deb27aa0>,73,22,[9 1],74,-1,96,-1,74
1,<environment.Job instance at 0x7f81deb27cd0>,75,18,[5 4],76,-1,94,-1,76
1,<environment.Job instance at 0x7f81deb125a0>,0,24,[1 5],1,-1,25,-1,1
1,<environment.Job instance at 0x7f81deabe230>,6,13,[ 5 14],7,-1,20,-1,7
1,<environment.Job instance at 0x7f81deaf9dc0>,13,24,[3 7],14,-1,57,-1,33
1,<environment.Job instance at 0x7f81deafcf50>,28,27,[ 3 12],29,-1,95,-1,68
1,<environment.Job instance at 0x7f81deafc3c0>,32,15,[ 2 14],33,-1,85,-1,70
1,<environment.Job instance at 0x7f81df0062d0>,3,13,[9 2],4,-1,17,-1,4
1,<environment.Job instance at 0x7f81df0068c0>,4,13,[4 5],5,-1,18,-1,5
1,<environment.Job instance at 0x7f81df006410>,5,27,[6 1],6,-1,33,-1,6
1,<environment.Job instance at 0x7f81df006230>,7,14,[10  3],8,-1,25,-1,11
1,<environment.Job instance at 0x7f81def0baa0>,11,16,[5 8],12,-1,28,-1,12
1,<environment.Job instance at 0x7f81def0bf00>,12,23,[1 8],13,-1,36,-1,13
1,<environment.Job instance at 0x7f81def0b640>,17,14,[10  5],18,-1,32,-1,18
1,<environment.Job instance at 0x7f81df18bb90>,21,17,[10  2],22,-1,39,-1,22
1,<environment.Job instance at 0x7f81def11550>,23,26,[5 3],24,-1,50,-1,24
1,<environment.Job instance at 0x7f81def11690>,25,18,[ 1 10],26,-1,44,-1,26
1,<environment.Job instance at 0x7f81def113c0>,26,15,[6 5],27,-1,42,-1,27
1,<environment.Job instance at 0x7f81def111e0>,28,17,[1 5],29,-1,46,-1,29
1,<environment.Job instance at 0x7f81deaf96e0>,29,18,[5 2],30,-1,48,-1,30
1,<environment.Job instance at 0x7f81deaf9be0>,30,18,[5 8],31,-1,49,-1,31
1,<environment.Job instance at 0x7f81deaf9050>,32,18,[3 8],33,-1,51,-1,33
1,<environment.Job instance at 0x7f81deaf9780>,33,13,[8 3],34,-1,47,-1,34
1,<environment.Job instance at 0x7f81deaf92d0>,36,17,[8 4],37,-1,54,-1,37
1,<environment.Job instance at 0x7f81deaf9b40>,37,15,[3 6],38,-1,53,-1,38
1,<environment.Job instance at 0x7f81deaf9320>,38,20,[5 2],39,-1,59,-1,39
1,<environment.Job instance at 0x7f81df08dc30>,39,26,[2 8],40,-1,66,-1,40
1,<environment.Job instance at 0x7f81df08dcd0>,40,15,[5 8],41,-1,56,-1,41
1,<environment.Job instance at 0x7f81df08d410>,41,20,[ 4 10],42,-1,62,-1,42
1,<environment.Job instance at 0x7f81df08d550>,42,15,[9 2],43,-1,58,-1,43
1,<environment.Job instance at 0x7f81df08d460>,44,16,[7 5],45,-1,61,-1,45
1,<environment.Job instance at 0x7f81deffa0f0>,47,27,[9 5],48,-1,75,-1,48
1,<environment.Job instance at 0x7f81deffa780>,48,13,[8 4],49,-1,62,-1,49
1,<environment.Job instance at 0x7f81deb15c30>,59,15,[6 5],60,-1,75,-1,60
1,<environment.Job instance at 0x7f81defef370>,63,17,[7 4],64,-1,81,-1,64
1,<environment.Job instance at 0x7f81deaf9960>,5,27,[6 1],6,-1,41,-1,14
1,<environment.Job instance at 0x7f81deaf9dc0>,12,23,[1 8],13,-1,51,-1,28
1,<environment.Job instance at 0x7f81deb27eb0>,23,26,[5 3],24,-1,75,-1,49
1,<environment.Job instance at 0x7f81df07e5a0>,0,16,[8 3],1,-1,20,-1,4
1,<environment.Job instance at 0x7f81df3a2050>,3,16,[ 4 10],4,-1,21,-1,5
1,<environment.Job instance at 0x7f81df3a2190>,5,27,[4 5],6,-1,33,-1,6
1,<environment.Job instance at 0x7f81df3a97d0>,12,20,[4 9],13,-1,34,-1,14
1,<environment.Job instance at 0x7f81df2f9af0>,22,17,[5 9],23,-1,40,-1,23
1,<environment.Job instance at 0x7f81def57730>,24,21,[4 9],25,-1,46,-1,25
1,<environment.Job instance at 0x7f81deee0b90>,27,13,[12  1],28,-1,45,-1,32
1,<environment.Job instance at 0x7f81def95af0>,34,16,[5 2],35,-1,51,-1,35
1,<environment.Job instance at 0x7f81deeb8aa0>,37,14,[3 6],38,-1,53,-1,39
1,<environment.Job instance at 0x7f81def95460>,36,25,[2 8],37,-1,64,-1,39
1,<environment.Job instance at 0x7f81df2faaf0>,40,26,[8 3],41,-1,67,-1,41
1,<environment.Job instance at 0x7f81def2cf50>,28,12,[14  3],29,-1,58,-1,46
1,<environment.Job instance at 0x7f81df30beb0>,44,14,[3 8],45,-1,60,-1,46
1,<environment.Job instance at 0x7f81df30bc80>,46,18,[8 3],47,-1,65,-1,47
1,<environment.Job instance at 0x7f81df303370>,51,18,[5 8],52,-1,71,-1,53
1,<environment.Job instance at 0x7f81def6d640>,57,13,[ 5 10],58,-1,71,-1,58
1,<environment.Job instance at 0x7f81def6d550>,53,2,[10  2],54,-1,62,-1,60
1,<environment.Job instance at 0x7f81def6db40>,59,18,[5 2],60,-1,78,-1,60
1,<environment.Job instance at 0x7f81def6dc30>,60,16,[ 4 10],61,-1,79,-1,63
1,<environment.Job instance at 0x7f81def6daf0>,62,17,[8 2],63,-1,80,-1,63
1,<environment.Job instance at 0x7f81df3032d0>,52,14,[2 8],53,-1,79,-1,65
1,<environment.Job instance at 0x7f81def6deb0>,65,17,[12  4],66,-1,83,-1,66
1,<environment.Job instance at 0x7f81def740a0>,66,17,[7 4],67,-1,84,-1,67
1,<environment.Job instance at 0x7f81def74460>,69,18,[10  4],70,-1,88,-1,70
1,<environment.Job instance at 0x7f81df266d20>,38,12,[6 4],39,-1,83,-1,71
1,<environment.Job instance at 0x7f81def744b0>,70,15,[1 9],71,-1,86,-1,71
1,<environment.Job instance at 0x7f81def74320>,73,14,[5 6],74,-1,88,-1,74
1,<environment.Job instance at 0x7f81def74640>,74,18,[10  5],75,-1,93,-1,75
1,<environment.Job instance at 0x7f81def74960>,76,16,[2 9],77,-1,93,-1,77
1,<environment.Job instance at 0x7f81def74a50>,78,15,[10  4],79,-1,94,-1,79
1,<environment.Job instance at 0x7f81deb11d20>,5,27,[4 5],6,-1,34,-1,7
1,<environment.Job instance at 0x7f81deb11870>,7,12,[13  4],8,-1,20,-1,8
1,<environment.Job instance at 0x7f81deb11640>,8,12,[ 5 12],9,-1,21,-1,9
1,<environment.Job instance at 0x7f81deaedf00>,27,13,[12  1],28,-1,52,-1,39
1,<environment.Job instance at 0x7f81deff65f0>,28,12,[14  3],29,-1,51,-1,39
1,<environment.Job instance at 0x7f81deff6d70>,29,1,[ 4 11],30,-1,40,-1,39
1,<environment.Job instance at 0x7f81df0061e0>,36,25,[2 8],37,-1,84,-1,59
1,<environment.Job instance at 0x7f81deb15870>,40,26,[8 3],41,-1,99,-1,73
1,<environment.Job instance at 0x7f81df26af00>,0,16,[8 5],1,-1,17,-1,1
1,<environment.Job instance at 0x7f81df26a050>,1,16,[4 5],2,-1,18,-1,2
1,<environment.Job instance at 0x7f81df26a8c0>,3,18,[1 6],4,-1,22,-1,4
1,<environment.Job instance at 0x7f81df26a870>,10,14,[ 4 14],11,-1,25,-1,11
1,<environment.Job instance at 0x7f81df26ae60>,11,16,[4 5],12,-1,28,-1,12
1,<environment.Job instance at 0x7f81df26ad20>,7,16,[7 4],8,-1,28,-1,12
1,<environment.Job instance at 0x7f81defa66e0>,20,12,[10  5],21,-1,35,-1,23
1,<environment.Job instance at 0x7f81defa68c0>,24,14,[3 6],25,-1,39,-1,25
1,<environment.Job instance at 0x7f81defa69b0>,25,13,[7 4],26,-1,39,-1,26
1,<environment.Job instance at 0x7f81def91c30>,26,21,[ 4 10],27,-1,48,-1,27
1,<environment.Job instance at 0x7f81def91820>,27,23,[2 8],28,-1,51,-1,28
1,<environment.Job instance at 0x7f81defa6a50>,22,16,[6 4],23,-1,50,-1,34
1,<environment.Job instance at 0x7f81def91cd0>,35,17,[ 5 10],36,-1,55,-1,38
1,<environment.Job instance at 0x7f81def91320>,36,14,[9 4],37,-1,52,-1,38
1,<environment.Job instance at 0x7f81e00470f0>,39,17,[12  4],40,-1,57,-1,40
1,<environment.Job instance at 0x7f81def91be0>,32,12,[7 5],33,-1,53,-1,41
1,<environment.Job instance at 0x7f81e0047e10>,38,14,[8 2],39,-1,55,-1,41
1,<environment.Job instance at 0x7f81e0047e60>,40,25,[6 4],41,-1,66,-1,41
1,<environment.Job instance at 0x7f81e0047d20>,43,13,[ 4 10],44,-1,58,-1,45
1,<environment.Job instance at 0x7f81e00473c0>,44,24,[5 5],45,-1,70,-1,46
1,<environment.Job instance at 0x7f81e0047c30>,50,13,[5 5],51,-1,65,-1,52
1,<environment.Job instance at 0x7f81e0047aa0>,51,17,[7 5],52,-1,69,-1,52
1,<environment.Job instance at 0x7f81e00476e0>,49,15,[9 5],50,-1,72,-1,57
1,<environment.Job instance at 0x7f81e005ba50>,63,15,[6 4],64,-1,87,-1,72
1,<environment.Job instance at 0x7f81e0047b40>,48,28,[ 5 10],49,-1,100,-1,72
1,<environment.Job instance at 0x7f81e005b230>,58,15,[2 9],59,-1,87,-1,72
1,<environment.Job instance at 0x7f81e005be60>,68,13,[8 3],69,-1,86,-1,73
1,<environment.Job instance at 0x7f81e005b550>,66,12,[10  2],67,-1,85,-1,73
1,<environment.Job instance at 0x7f81e005b5a0>,65,13,[6 3],66,-1,86,-1,73
1,<environment.Job instance at 0x7f81df26a4b0>,8,16,[9 2],9,-1,89,-1,73
1,<environment.Job instance at 0x7f81df31e1e0>,2,27,[8 3],3,-1,44,-1,17
1,<environment.Job instance at 0x7f81df3a9870>,6,27,[2 6],7,-1,44,-1,17
1,<environment.Job instance at 0x7f81e8cbc320>,10,14,[ 4 14],11,-1,31,-1,17
1,<environment.Job instance at 0x7f81e004c460>,28,3,[11  1],29,-1,72,-1,69
1,<environment.Job instance at 0x7f81e004c410>,29,19,[13  3],30,-1,88,-1,69
1,<environment.Job instance at 0x7f81e004c1e0>,27,23,[2 8],28,-1,92,-1,69
1,<environment.Job instance at 0x7f81dee32be0>,7,18,[8 2],8,-1,26,-1,8
1,<environment.Job instance at 0x7f81dee32f50>,12,17,[4 5],13,-1,30,-1,13
1,<environment.Job instance at 0x7f81dee4f3c0>,15,17,[8 2],16,-1,33,-1,16
1,<environment.Job instance at 0x7f81dee4f500>,16,16,[1 9],17,-1,33,-1,17
1,<environment.Job instance at 0x7f81dee4f280>,17,16,[7 2],18,-1,34,-1,18
1,<environment.Job instance at 0x7f81dee4f7d0>,22,16,[10  4],23,-1,39,-1,23
1,<environment.Job instance at 0x7f81dee4faf0>,23,16,[6 5],24,-1,40,-1,24
1,<environment.Job instance at 0x7f81dee4f870>,24,16,[9 5],25,-1,41,-1,25
1,<environment.Job instance at 0x7f81dee4fd20>,26,22,[1 8],27,-1,49,-1,27
1,<environment.Job instance at 0x7f81dee4ff00>,27,28,[5 9],28,-1,56,-1,28
1,<environment.Job instance at 0x7f81dee4ffa0>,29,18,[5 8],30,-1,48,-1,30
1,<environment.Job instance at 0x7f81dee49140>,30,18,[ 2 10],31,-1,50,-1,32
1,<environment.Job instance at 0x7f81dee493c0>,34,16,[6 1],35,-1,51,-1,35
1,<environment.Job instance at 0x7f81dee49550>,36,18,[ 5 10],37,-1,55,-1,37
1,<environment.Job instance at 0x7f81dee497d0>,37,28,[9 1],38,-1,66,-1,38
1,<environment.Job instance at 0x7f81dee49690>,38,13,[9 1],39,-1,52,-1,39
1,<environment.Job instance at 0x7f81dee49af0>,41,14,[9 2],42,-1,56,-1,42
1,<environment.Job instance at 0x7f81dee49c30>,42,26,[5 8],43,-1,69,-1,43
1,<environment.Job instance at 0x7f81dee49190>,31,15,[8 1],32,-1,60,-1,45
1,<environment.Job instance at 0x7f81dee49dc0>,46,2,[ 5 13],47,-1,50,-1,48
1,<environment.Job instance at 0x7f81df256140>,49,18,[1 7],50,-1,68,-1,50
1,<environment.Job instance at 0x7f81df256640>,52,17,[8 1],53,-1,73,-1,56
1,<environment.Job instance at 0x7f81df256910>,55,18,[4 6],56,-1,74,-1,56
1,<environment.Job instance at 0x7f81dee506e0>,57,28,[ 5 10],58,-1,86,-1,58
1,<environment.Job instance at 0x7f81dee509b0>,60,22,[7 1],61,-1,83,-1,61
1,<environment.Job instance at 0x7f81dee50910>,61,12,[1 6],62,-1,74,-1,62
1,<environment.Job instance at 0x7f81dee50870>,62,21,[5 7],63,-1,84,-1,63
1,<environment.Job instance at 0x7f81dee50190>,65,16,[4 7],66,-1,82,-1,66
1,<environment.Job instance at 0x7f81dee50280>,66,18,[9 3],67,-1,85,-1,67
1,<environment.Job instance at 0x7f81deed2500>,68,16,[1 7],69,-1,85,-1,69
1,<environment.Job instance at 0x7f81deed2320>,69,18,[8 2],70,-1,88,-1,70
1,<environment.Job instance at 0x7f81dee18b40>,73,17,[4 7],74,-1,91,-1,74
1,<environment.Job instance at 0x7f81dfb078c0>,74,16,[ 5 10],75,-1,91,-1,75
1,<environment.Job instance at 0x7f81df350e10>,75,15,[5 9],76,-1,91,-1,76
1,<environment.Job instance at 0x7f81df6763c0>,4,17,[14  5],5,-1,22,-1,5
1,<environment.Job instance at 0x7f81df676f00>,11,2,[14  5],12,-1,21,-1,19
1,<environment.Job instance at 0x7f81e00369b0>,27,28,[5 9],28,-1,100,-1,72
1,<environment.Job instance at 0x7f81dee18c30>,0,26,[3 7],1,-1,27,-1,1
1,<environment.Job instance at 0x7f81df8d3d70>,4,16,[1 5],5,-1,21,-1,5
1,<environment.Job instance at 0x7f81df8d3d20>,5,18,[4 9],6,-1,24,-1,6
1,<environment.Job instance at 0x7f81df8d35a0>,7,18,[10  5],8,-1,27,-1,9
1,<environment.Job instance at 0x7f81ded54c30>,10,13,[10  1],11,-1,24,-1,11
1,<environment.Job instance at 0x7f81def2b0a0>,8,13,[5 5],9,-1,25,-1,12
1,<environment.Job instance at 0x7f81ded54dc0>,12,24,[1 9],13,-1,38,-1,14
1,<environment.Job instance at 0x7f81df219910>,13,14,[6 5],14,-1,28,-1,14
1,<environment.Job instance at 0x7f81df7c16e0>,20,17,[5 6],21,-1,38,-1,21
1,<environment.Job instance at 0x7f81df7c1aa0>,21,27,[7 1],22,-1,49,-1,22
1,<environment.Job instance at 0x7f81df7c1e60>,25,21,[ 2 10],26,-1,48,-1,27
1,<environment.Job instance at 0x7f81df7c1230>,26,15,[10  2],27,-1,44,-1,29
1,<environment.Job instance at 0x7f81e8740050>,30,16,[10  1],31,-1,47,-1,31
1,<environment.Job instance at 0x7f81dee4cc30>,40,17,[10  2],41,-1,61,-1,44
1,<environment.Job instance at 0x7f81def1dd20>,46,14,[8 4],47,-1,85,-1,71
1,<environment.Job instance at 0x7f81dee4cf00>,43,24,[2 6],44,-1,95,-1,71
1,<environment.Job instance at 0x7f81def1d230>,54,18,[6 2],55,-1,89,-1,71
1,<environment.Job instance at 0x7f81def1d910>,55,19,[6 3],56,-1,93,-1,74
1,<environment.Job instance at 0x7f81def1d820>,52,18,[6 2],53,-1,92,-1,74
1,<environment.Job instance at 0x7f81dee4f2d0>,0,26,[3 7],1,-1,27,-1,1
1,<environment.Job instance at 0x7f81dee2a5a0>,1,18,[11  5],2,-1,20,-1,2
1,<environment.Job instance at 0x7f81df31e730>,9,1,[12  2],10,-1,16,-1,15
1,<environment.Job instance at 0x7f81def117d0>,12,24,[1 9],13,-1,52,-1,28
1,<environment.Job instance at 0x7f81e004cb90>,21,27,[7 1],22,-1,81,-1,54
1,<environment.Job instance at 0x7f81e004c5f0>,22,26,[ 3 10],23,-1,80,-1,54
1,<environment.Job instance at 0x7f81e004c870>,23,2,[ 3 13],24,-1,56,-1,54
1,<environment.Job instance at 0x7f81e004c4b0>,27,1,[ 3 14],28,-1,56,-1,55
1,<environment.Job instance at 0x7f81e00369b0>,28,12,[ 2 11],29,-1,67,-1,55
1,<environment.Job instance at 0x7f81e0036aa0>,31,17,[11  3],32,-1,82,-1,65
1,<environment.Job instance at 0x7f81e00360a0>,32,16,[12  1],33,-1,81,-1,65
1,<environment.Job instance at 0x7f81e0036410>,33,15,[ 4 13],34,-1,80,-1,65
1,<environment.Job instance at 0x7f81df8de500>,1,18,[4 9],2,-1,20,-1,2
1,<environment.Job instance at 0x7f81df8dec80>,6,16,[8 2],7,-1,23,-1,7
1,<environment.Job instance at 0x7f81df8ded20>,9,16,[7 4],10,-1,26,-1,10
1,<environment.Job instance at 0x7f81df8de8c0>,11,18,[ 3 10],12,-1,30,-1,12
1,<environment.Job instance at 0x7f81df8de4b0>,12,12,[7 2],13,-1,26,-1,14
1,<environment.Job instance at 0x7f81df8de0a0>,14,14,[ 1 10],15,-1,29,-1,15
1,<environment.Job instance at 0x7f81dff27820>,15,13,[5 7],16,-1,29,-1,16
1,<environment.Job instance at 0x7f81dff27050>,19,15,[1 6],20,-1,35,-1,20
1,<environment.Job instance at 0x7f81dff272d0>,20,12,[2 9],21,-1,33,-1,21
1,<environment.Job instance at 0x7f81dff27e60>,21,15,[8 1],22,-1,37,-1,22
1,<environment.Job instance at 0x7f81dff27320>,22,16,[5 4],23,-1,39,-1,23
1,<environment.Job instance at 0x7f81df370500>,23,15,[ 3 10],24,-1,39,-1,24
1,<environment.Job instance at 0x7f81df370460>,25,15,[5 6],26,-1,41,-1,26
1,<environment.Job instance at 0x7f81df370550>,27,14,[7 2],28,-1,42,-1,28
1,<environment.Job instance at 0x7f81df3702d0>,28,20,[3 9],29,-1,49,-1,29
1,<environment.Job instance at 0x7f81df370aa0>,30,16,[5 4],31,-1,47,-1,31
1,<environment.Job instance at 0x7f81df370690>,31,17,[ 4 10],32,-1,49,-1,32
1,<environment.Job instance at 0x7f81df370be0>,33,14,[ 5 13],34,-1,48,-1,34
1,<environment.Job instance at 0x7f81df8de960>,13,24,[8 5],14,-1,58,-1,34
1,<environment.Job instance at 0x7f81deec8d20>,37,21,[4 8],38,-1,60,-1,39
1,<environment.Job instance at 0x7f81deec8320>,39,13,[10  5],40,-1,53,-1,40
1,<environment.Job instance at 0x7f81deec8a00>,41,13,[2 5],42,-1,55,-1,42
1,<environment.Job instance at 0x7f81deec8cd0>,42,14,[2 6],43,-1,57,-1,43
1,<environment.Job instance at 0x7f81deec8dc0>,44,18,[6 4],45,-1,63,-1,45
1,<environment.Job instance at 0x7f81deec87d0>,45,15,[4 7],46,-1,61,-1,46
1,<environment.Job instance at 0x7f81deec8370>,46,12,[1 7],47,-1,59,-1,47
1,<environment.Job instance at 0x7f81deec86e0>,47,17,[8 4],48,-1,65,-1,48
1,<environment.Job instance at 0x7f81deec8960>,48,16,[1 7],49,-1,65,-1,49
1,<environment.Job instance at 0x7f81deec8e10>,49,15,[ 2 10],50,-1,65,-1,50
1,<environment.Job instance at 0x7f81dff0eaf0>,61,16,[8 4],62,-1,78,-1,62
1,<environment.Job instance at 0x7f81ded1a780>,63,18,[6 4],64,-1,82,-1,64
1,<environment.Job instance at 0x7f81df5a2690>,73,15,[6 2],74,-1,89,-1,74
1,<environment.Job instance at 0x7f81df5a2460>,75,21,[9 5],76,-1,97,-1,76
1,<environment.Job instance at 0x7f81df5a2a00>,76,18,[10  5],77,-1,95,-1,77
1,<environment.Job instance at 0x7f81df3de640>,77,14,[1 9],78,-1,92,-1,78
1,<environment.Job instance at 0x7f81deec8640>,38,23,[3 9],39,-1,102,-1,79
1,<environment.Job instance at 0x7f81dfaccf00>,7,14,[11  4],8,-1,22,-1,8
1,<environment.Job instance at 0x7f81dfacc0f0>,10,18,[ 4 11],11,-1,38,-1,20
1,<environment.Job instance at 0x7f81def96b40>,13,24,[8 5],14,-1,55,-1,31
1,<environment.Job instance at 0x7f81dfa2d1e0>,18,13,[12  1],19,-1,60,-1,47
1,<environment.Job instance at 0x7f81def0efa0>,26,3,[14  2],27,-1,79,-1,76
1,<environment.Job instance at 0x7f81dffb5780>,1,16,[1 6],2,-1,18,-1,2
1,<environment.Job instance at 0x7f81dffb5460>,3,27,[3 5],4,-1,31,-1,4
1,<environment.Job instance at 0x7f81dffb5410>,7,17,[5 7],8,-1,25,-1,8
1,<environment.Job instance at 0x7f81dffb5aa0>,9,12,[1 9],10,-1,22,-1,10
1,<environment.Job instance at 0x7f81dffb5690>,13,12,[9 3],14,-1,27,-1,15
1,<environment.Job instance at 0x7f81df631c30>,15,14,[5 2],16,-1,30,-1,16
1,<environment.Job instance at 0x7f81df631fa0>,17,17,[2 6],18,-1,35,-1,18
1,<environment.Job instance at 0x7f81df631aa0>,18,17,[5 4],19,-1,36,-1,19
1,<environment.Job instance at 0x7f81df6317d0>,20,16,[9 4],21,-1,37,-1,21
1,<environment.Job instance at 0x7f81df631c80>,22,12,[8 3],23,-1,35,-1,23
1,<environment.Job instance at 0x7f81df631500>,25,18,[3 9],26,-1,44,-1,26
1,<environment.Job instance at 0x7f81df631050>,26,27,[10  4],27,-1,54,-1,27
1,<environment.Job instance at 0x7f81decca690>,28,14,[4 5],29,-1,43,-1,29
1,<environment.Job instance at 0x7f81decca410>,29,14,[9 4],30,-1,44,-1,30
1,<environment.Job instance at 0x7f81dfb870a0>,31,18,[4 8],32,-1,50,-1,32
1,<environment.Job instance at 0x7f81dfb87e60>,32,25,[7 3],33,-1,58,-1,33
1,<environment.Job instance at 0x7f81dfb871e0>,36,17,[2 9],37,-1,54,-1,37
1,<environment.Job instance at 0x7f81dfb87aa0>,38,13,[ 3 10],39,-1,52,-1,39
1,<environment.Job instance at 0x7f81dfb87730>,39,14,[4 7],40,-1,54,-1,40
1,<environment.Job instance at 0x7f81dfb87910>,40,16,[10  3],41,-1,59,-1,43
1,<environment.Job instance at 0x7f81dfb87230>,43,17,[6 1],44,-1,61,-1,44
1,<environment.Job instance at 0x7f81dffb5a00>,14,12,[1 5],15,-1,61,-1,49
1,<environment.Job instance at 0x7f81dfb873c0>,41,17,[10  5],42,-1,67,-1,50
1,<environment.Job instance at 0x7f81df8d3500>,49,18,[5 2],50,-1,68,-1,50
1,<environment.Job instance at 0x7f81df93a8c0>,55,12,[3 7],56,-1,68,-1,56
1,<environment.Job instance at 0x7f81df93a640>,57,16,[2 7],58,-1,74,-1,58
1,<environment.Job instance at 0x7f81df93aa50>,58,15,[6 2],59,-1,74,-1,59
1,<environment.Job instance at 0x7f81df93a3c0>,59,14,[7 2],60,-1,75,-1,61
1,<environment.Job instance at 0x7f81df99d4b0>,61,14,[1 7],62,-1,76,-1,62
1,<environment.Job instance at 0x7f81df93a5a0>,60,18,[1 7],61,-1,80,-1,62
1,<environment.Job instance at 0x7f81def1d2d0>,66,20,[4 8],67,-1,90,-1,70
1,<environment.Job instance at 0x7f81dfd37910>,65,26,[4 8],66,-1,96,-1,70
1,<environment.Job instance at 0x7f81dfd37eb0>,68,16,[8 4],69,-1,87,-1,71
1,<environment.Job instance at 0x7f81df93adc0>,62,14,[8 5],63,-1,85,-1,71
1,<environment.Job instance at 0x7f81df76c3c0>,71,21,[5 5],72,-1,93,-1,72
1,<environment.Job instance at 0x7f81df1b1320>,73,18,[ 2 10],74,-1,92,-1,74
1,<environment.Job instance at 0x7f81e86727d0>,74,13,[7 3],75,-1,88,-1,75
1,<environment.Job instance at 0x7f81def345a0>,75,25,[5 7],76,-1,101,-1,76
1,<environment.Job instance at 0x7f81dfbd1a50>,70,25,[5 4],71,-1,102,-1,77
1,<environment.Job instance at 0x7f81dfc3eaa0>,77,22,[5 8],78,-1,100,-1,78
1,<environment.Job instance at 0x7f81de75c230>,4,1,[12  4],5,-1,6,-1,5
1,<environment.Job instance at 0x7f81deddb140>,5,2,[14  1],6,-1,8,-1,6
1,<environment.Job instance at 0x7f81dfaf90f0>,3,27,[3 5],4,-1,40,-1,13
1,<environment.Job instance at 0x7f81de97da50>,26,27,[10  4],27,-1,98,-1,71
1,<environment.Job instance at 0x7f81dee4f7d0>,30,1,[ 5 11],31,-1,73,-1,72
1,<environment.Job instance at 0x7f81df706f50>,0,15,[3 8],1,-1,17,-1,2
1,<environment.Job instance at 0x7f81df5c1c80>,3,27,[8 5],4,-1,31,-1,4
1,<environment.Job instance at 0x7f81dfbd7960>,13,24,[3 5],14,-1,38,-1,14
1,<environment.Job instance at 0x7f81df1d7eb0>,14,14,[4 6],15,-1,29,-1,15
1,<environment.Job instance at 0x7f81ded1d500>,15,14,[10  1],16,-1,31,-1,17
1,<environment.Job instance at 0x7f81ded1d230>,17,17,[2 7],18,-1,35,-1,18
1,<environment.Job instance at 0x7f81ded1d140>,18,15,[5 5],19,-1,34,-1,19
1,<environment.Job instance at 0x7f81deb14960>,21,18,[5 9],22,-1,40,-1,22
1,<environment.Job instance at 0x7f81def5ee60>,23,18,[3 7],24,-1,42,-1,24
1,<environment.Job instance at 0x7f81df8b22d0>,24,27,[1 8],25,-1,52,-1,25
1,<environment.Job instance at 0x7f81def0e9b0>,26,15,[5 1],27,-1,42,-1,27
1,<environment.Job instance at 0x7f81df8f1e10>,28,12,[1 8],29,-1,41,-1,29
1,<environment.Job instance at 0x7f81ded1df50>,16,15,[3 6],17,-1,45,-1,30
1,<environment.Job instance at 0x7f81dfca9140>,30,18,[2 7],31,-1,49,-1,31
1,<environment.Job instance at 0x7f81df17d690>,33,13,[5 2],34,-1,48,-1,35
1,<environment.Job instance at 0x7f81dedd5780>,34,23,[4 5],35,-1,58,-1,35
1,<environment.Job instance at 0x7f81deb905a0>,36,13,[6 5],37,-1,50,-1,37
1,<environment.Job instance at 0x7f81df867be0>,39,18,[7 4],40,-1,62,-1,44
1,<environment.Job instance at 0x7f81df631280>,44,18,[3 6],45,-1,63,-1,45
1,<environment.Job instance at 0x7f81dfadff00>,49,20,[6 3],50,-1,79,-1,59
1,<environment.Job instance at 0x7f81def5e2d0>,3,27,[8 5],4,-1,32,-1,5
1,<environment.Job instance at 0x7f81def5eaa0>,4,12,[ 5 13],5,-1,17,-1,5
1,<environment.Job instance at 0x7f81df88dd20>,9,1,[12  4],10,-1,11,-1,10
1,<environment.Job instance at 0x7f81df47d0a0>,13,24,[3 5],14,-1,42,-1,18
1,<environment.Job instance at 0x7f81decc26e0>,24,27,[1 8],25,-1,92,-1,65
1,<environment.Job instance at 0x7f81ded3cdc0>,4,17,[1 8],5,-1,22,-1,5
1,<environment.Job instance at 0x7f81dee21e60>,9,22,[7 3],10,-1,32,-1,10
1,<environment.Job instance at 0x7f81e8715b40>,12,25,[7 5],13,-1,38,-1,13
1,<environment.Job instance at 0x7f81dfae4eb0>,25,15,[ 4 12],26,-1,41,-1,26
1,<environment.Job instance at 0x7f81deae7aa0>,26,18,[5 8],27,-1,48,-1,30
1,<environment.Job instance at 0x7f81dfc3a0f0>,29,17,[ 2 10],30,-1,54,-1,37
1,<environment.Job instance at 0x7f81e8adc280>,18,12,[10  2],19,-1,49,-1,37
1,<environment.Job instance at 0x7f81deabbe10>,32,15,[3 9],33,-1,52,-1,37
1,<environment.Job instance at 0x7f81dfc3a500>,28,13,[5 5],29,-1,51,-1,38
1,<environment.Job instance at 0x7f81e8715690>,19,13,[ 1 10],20,-1,51,-1,38
1,<environment.Job instance at 0x7f81defb1690>,31,18,[8 1],32,-1,56,-1,38
1,<environment.Job instance at 0x7f81dff23dc0>,37,27,[8 5],38,-1,65,-1,38
1,<environment.Job instance at 0x7f81dfc173c0>,33,20,[8 4],34,-1,59,-1,39
1,<environment.Job instance at 0x7f81deaed3c0>,40,13,[3 8],41,-1,54,-1,41
1,<environment.Job instance at 0x7f81df2809b0>,20,16,[ 2 10],21,-1,58,-1,42
1,<environment.Job instance at 0x7f81dff20870>,39,17,[1 5],40,-1,59,-1,42
1,<environment.Job instance at 0x7f81df83ccd0>,42,17,[3 5],43,-1,60,-1,43
1,<environment.Job instance at 0x7f81e86e93c0>,43,16,[5 2],44,-1,60,-1,44
1,<environment.Job instance at 0x7f81defb8550>,45,13,[10  5],46,-1,59,-1,46
1,<environment.Job instance at 0x7f81df83c7d0>,46,17,[7 3],47,-1,64,-1,47
1,<environment.Job instance at 0x7f81e8a3d410>,54,18,[5 2],55,-1,81,-1,63
1,<environment.Job instance at 0x7f81e88c88c0>,51,17,[9 4],52,-1,84,-1,67
1,<environment.Job instance at 0x7f81df681910>,61,18,[7 2],62,-1,85,-1,67
1,<environment.Job instance at 0x7f81df9cd870>,60,16,[5 4],61,-1,83,-1,67
1,<environment.Job instance at 0x7f81df009910>,7,1,[ 4 12],8,-1,9,-1,8
1,<environment.Job instance at 0x7f81df959d70>,10,15,[13  3],11,-1,32,-1,17
1,<environment.Job instance at 0x7f81df959b90>,13,2,[14  5],14,-1,19,-1,17
1,<environment.Job instance at 0x7f81df9595f0>,14,2,[13  4],15,-1,19,-1,17
1,<environment.Job instance at 0x7f81df95ccd0>,16,12,[12  4],17,-1,31,-1,19
1,<environment.Job instance at 0x7f81df959e10>,12,25,[7 5],13,-1,45,-1,20
1,<environment.Job instance at 0x7f81df969640>,25,15,[ 4 12],26,-1,62,-1,47
1,<environment.Job instance at 0x7f81defaae10>,5,17,[8 5],6,-1,24,-1,7
1,<environment.Job instance at 0x7f81defaa3c0>,10,18,[6 4],11,-1,29,-1,11
1,<environment.Job instance at 0x7f81defaa4b0>,12,15,[4 9],13,-1,28,-1,13
1,<environment.Job instance at 0x7f81def8faa0>,13,18,[8 3],14,-1,32,-1,14
1,<environment.Job instance at 0x7f81def8feb0>,16,16,[7 5],17,-1,33,-1,17
1,<environment.Job instance at 0x7f81def8f690>,22,18,[8 1],23,-1,41,-1,23
1,<environment.Job instance at 0x7f81defa0f00>,24,14,[5 8],25,-1,39,-1,25
1,<environment.Job instance at 0x7f81defa05f0>,26,20,[10  4],27,-1,49,-1,29
1,<environment.Job instance at 0x7f81defa0640>,29,14,[7 5],30,-1,44,-1,30
1,<environment.Job instance at 0x7f81e8bebd20>,35,18,[ 3 12],36,-1,63,-1,45
1,<environment.Job instance at 0x7f81dfea7780>,34,18,[6 3],35,-1,63,-1,45
1,<environment.Job instance at 0x7f81e8bebe60>,33,27,[1 7],34,-1,72,-1,45
1,<environment.Job instance at 0x7f81dee21b40>,41,25,[9 1],42,-1,71,-1,46
1,<environment.Job instance at 0x7f81df496910>,38,13,[2 7],39,-1,59,-1,46
1,<environment.Job instance at 0x7f81dee21870>,43,18,[5 5],44,-1,65,-1,47
1,<environment.Job instance at 0x7f81dee21780>,42,17,[5 9],43,-1,64,-1,47
1,<environment.Job instance at 0x7f81dee212d0>,44,15,[8 2],45,-1,62,-1,47
1,<environment.Job instance at 0x7f81dee21cd0>,45,17,[6 4],46,-1,64,-1,47
1,<environment.Job instance at 0x7f81de898c80>,46,17,[1 6],47,-1,65,-1,48
1,<environment.Job instance at 0x7f81dfbb8820>,48,18,[ 3 10],49,-1,67,-1,49
1,<environment.Job instance at 0x7f81dfbb8870>,49,13,[8 4],50,-1,63,-1,50
1,<environment.Job instance at 0x7f81dfbb8d70>,50,27,[5 4],51,-1,78,-1,51
1,<environment.Job instance at 0x7f81dfbb8e10>,51,28,[7 5],52,-1,80,-1,52
1,<environment.Job instance at 0x7f81df8d4320>,53,28,[8 2],54,-1,82,-1,54
1,<environment.Job instance at 0x7f81df8d4550>,54,16,[2 5],55,-1,71,-1,55
1,<environment.Job instance at 0x7f81df1a4460>,55,13,[ 5 10],56,-1,70,-1,57
1,<environment.Job instance at 0x7f81de898050>,47,18,[5 5],48,-1,77,-1,59
1,<environment.Job instance at 0x7f81dfc38b90>,0,25,[10  4],1,-1,26,-1,1
1,<environment.Job instance at 0x7f81dee75d70>,17,16,[13  1],18,-1,41,-1,25
1,<environment.Job instance at 0x7f81df00bb40>,21,2,[13  4],22,-1,55,-1,53
1,<environment.Job instance at 0x7f81dfa6bb90>,30,27,[ 3 13],31,-1,103,-1,76
1,<environment.Job instance at 0x7f81df47d0f0>,3,27,[5 1],4,-1,31,-1,4
1,<environment.Job instance at 0x7f81dfa7e910>,7,3,[3 6],8,-1,11,-1,8
1,<environment.Job instance at 0x7f81df47d1e0>,9,1,[1 6],10,-1,11,-1,10
1,<environment.Job instance at 0x7f81dfa7e7d0>,10,13,[7 3],11,-1,24,-1,11
1,<environment.Job instance at 0x7f81df17b4b0>,11,12,[3 8],12,-1,24,-1,12
1,<environment.Job instance at 0x7f81e00493c0>,13,18,[6 4],14,-1,32,-1,14
1,<environment.Job instance at 0x7f81e0049e60>,14,18,[9 1],15,-1,34,-1,16
1,<environment.Job instance at 0x7f81ded2fd20>,15,17,[14  4],16,-1,33,-1,16
1,<environment.Job instance at 0x7f81e0049820>,18,16,[1 7],19,-1,35,-1,19
1,<environment.Job instance at 0x7f81df2f23c0>,20,18,[2 9],21,-1,39,-1,21
1,<environment.Job instance at 0x7f81e8b6f410>,23,18,[5 3],24,-1,42,-1,24
1,<environment.Job instance at 0x7f81dff48f00>,27,26,[3 7],28,-1,54,-1,28
1,<environment.Job instance at 0x7f81dfc73640>,36,18,[5 4],37,-1,55,-1,37
1,<environment.Job instance at 0x7f81dfc731e0>,39,25,[3 8],40,-1,87,-1,62
1,<environment.Job instance at 0x7f81dff3bfa0>,45,18,[8 2],46,-1,80,-1,62
1,<environment.Job instance at 0x7f81dff3ba00>,47,28,[4 9],48,-1,90,-1,62
1,<environment.Job instance at 0x7f81dfc73230>,41,17,[7 4],42,-1,79,-1,62
1,<environment.Job instance at 0x7f81df4dcaf0>,52,13,[9 3],53,-1,75,-1,62
1,<environment.Job instance at 0x7f81df4dcfa0>,54,13,[5 5],55,-1,75,-1,62
1,<environment.Job instance at 0x7f81deaea230>,55,14,[11  2],56,-1,76,-1,62
1,<environment.Job instance at 0x7f81deaccd70>,56,15,[10  2],57,-1,77,-1,62
1,<environment.Job instance at 0x7f81e8847870>,60,14,[10  4],61,-1,76,-1,62
1,<environment.Job instance at 0x7f81deabb500>,61,15,[7 2],62,-1,77,-1,62
1,<environment.Job instance at 0x7f81dff330f0>,68,16,[10  1],69,-1,85,-1,69
1,<environment.Job instance at 0x7f81dff33dc0>,69,18,[8 2],70,-1,88,-1,70
1,<environment.Job instance at 0x7f81dff33eb0>,70,18,[2 8],71,-1,89,-1,71
1,<environment.Job instance at 0x7f81dff33c80>,73,14,[5 7],74,-1,88,-1,74
1,<environment.Job instance at 0x7f81dff33d70>,74,15,[7 2],75,-1,90,-1,75
1,<environment.Job instance at 0x7f81ded8e640>,0,17,[ 5 13],1,-1,18,-1,1
1,<environment.Job instance at 0x7f81dfa57320>,3,27,[5 1],4,-1,32,-1,5
1,<environment.Job instance at 0x7f81dfa57550>,6,2,[ 5 12],7,-1,9,-1,7
1,<environment.Job instance at 0x7f81df082870>,15,17,[14  4],16,-1,38,-1,21
1,<environment.Job instance at 0x7f81dfc62a50>,21,12,[13  5],22,-1,58,-1,46
1,<environment.Job instance at 0x7f81deed9140>,27,26,[3 7],28,-1,93,-1,67
1,<environment.Job instance at 0x7f81df3a2870>,4,21,[8 1],5,-1,26,-1,5
1,<environment.Job instance at 0x7f81df3a21e0>,9,25,[ 3 10],10,-1,35,-1,10
1,<environment.Job instance at 0x7f81df3994b0>,14,17,[5 4],15,-1,32,-1,15
1,<environment.Job instance at 0x7f81df399fa0>,15,15,[9 4],16,-1,32,-1,17
1,<environment.Job instance at 0x7f81df3999b0>,17,23,[9 2],18,-1,41,-1,18
1,<environment.Job instance at 0x7f81df399910>,16,15,[4 7],17,-1,34,-1,19
1,<environment.Job instance at 0x7f81df399960>,20,15,[4 8],21,-1,39,-1,24
1,<environment.Job instance at 0x7f81df399e10>,23,17,[7 4],24,-1,41,-1,24
1,<environment.Job instance at 0x7f81df399c80>,25,15,[9 1],26,-1,44,-1,29
1,<environment.Job instance at 0x7f81df3a9550>,28,16,[6 5],29,-1,46,-1,30
1,<environment.Job instance at 0x7f81df3a9410>,32,18,[ 2 10],33,-1,52,-1,34
1,<environment.Job instance at 0x7f81df3a9c30>,34,12,[9 4],35,-1,47,-1,35
1,<environment.Job instance at 0x7f81df3a9d20>,33,14,[4 9],34,-1,50,-1,36
1,<environment.Job instance at 0x7f81df3a90f0>,40,16,[3 7],41,-1,57,-1,41
1,<environment.Job instance at 0x7f81e86e25f0>,41,18,[5 5],42,-1,60,-1,42
1,<environment.Job instance at 0x7f81df37f550>,42,14,[5 7],43,-1,57,-1,43
1,<environment.Job instance at 0x7f81df37fd70>,43,24,[4 7],44,-1,68,-1,44
1,<environment.Job instance at 0x7f81df37fcd0>,44,16,[4 7],45,-1,61,-1,45
1,<environment.Job instance at 0x7f81df37f0f0>,52,14,[4 9],53,-1,67,-1,53
1,<environment.Job instance at 0x7f81df38bdc0>,56,13,[ 4 12],57,-1,78,-1,65
1,<environment.Job instance at 0x7f81df37f3c0>,57,18,[3 9],58,-1,83,-1,65
1,<environment.Job instance at 0x7f81df38b0f0>,65,16,[5 5],66,-1,85,-1,69
1,<environment.Job instance at 0x7f81de794eb0>,68,17,[10  4],69,-1,88,-1,71
1,<environment.Job instance at 0x7f81dfef30a0>,72,15,[2 7],73,-1,88,-1,73
1,<environment.Job instance at 0x7f81df9e07d0>,71,17,[4 7],72,-1,90,-1,73
1,<environment.Job instance at 0x7f81df11a140>,73,17,[4 9],74,-1,91,-1,74
1,<environment.Job instance at 0x7f81dff22410>,10,18,[ 2 11],11,-1,34,-1,16
1,<environment.Job instance at 0x7f81dff225a0>,9,25,[ 3 10],10,-1,42,-1,17
1,<environment.Job instance at 0x7f81dff22550>,17,23,[9 2],18,-1,64,-1,41
1,<environment.Job instance at 0x7f81df661fa0>,7,13,[ 5 10],8,-1,21,-1,8
1,<environment.Job instance at 0x7f81df661280>,8,13,[ 5 10],9,-1,22,-1,9
1,<environment.Job instance at 0x7f81df6610a0>,10,18,[8 5],11,-1,29,-1,11
1,<environment.Job instance at 0x7f81df65be60>,13,18,[8 1],14,-1,32,-1,14
1,<environment.Job instance at 0x7f81df65b960>,14,13,[4 6],15,-1,28,-1,15
1,<environment.Job instance at 0x7f81df65b730>,16,13,[5 6],17,-1,30,-1,17
1,<environment.Job instance at 0x7f81df65b460>,18,17,[10  4],19,-1,36,-1,19
1,<environment.Job instance at 0x7f81df65bdc0>,19,15,[5 9],20,-1,35,-1,20
1,<environment.Job instance at 0x7f81df65b500>,22,16,[3 5],23,-1,39,-1,23
1,<environment.Job instance at 0x7f81df65cfa0>,25,22,[1 9],26,-1,48,-1,26
1,<environment.Job instance at 0x7f81df65c280>,30,18,[7 3],31,-1,49,-1,31
1,<environment.Job instance at 0x7f81df65ccd0>,33,17,[10  3],34,-1,51,-1,34
1,<environment.Job instance at 0x7f81de789320>,36,12,[4 7],37,-1,49,-1,37
1,<environment.Job instance at 0x7f81de7892d0>,37,15,[6 4],38,-1,53,-1,38
1,<environment.Job instance at 0x7f81de7896e0>,38,17,[3 8],39,-1,56,-1,39
1,<environment.Job instance at 0x7f81de789b40>,39,15,[ 5 10],40,-1,55,-1,40
1,<environment.Job instance at 0x7f81de789460>,40,19,[5 4],41,-1,60,-1,41
1,<environment.Job instance at 0x7f81de789870>,41,17,[ 2 10],42,-1,59,-1,42
1,<environment.Job instance at 0x7f81de789aa0>,43,18,[9 2],44,-1,62,-1,44
1,<environment.Job instance at 0x7f81de789410>,44,24,[5 9],45,-1,69,-1,45
1,<environment.Job instance at 0x7f81de789050>,45,16,[10  3],46,-1,64,-1,48
1,<environment.Job instance at 0x7f81de789a00>,47,26,[8 5],48,-1,74,-1,48
1,<environment.Job instance at 0x7f81de789d70>,50,17,[10  1],51,-1,74,-1,57
1,<environment.Job instance at 0x7f81df63ceb0>,53,26,[7 5],54,-1,85,-1,59
1,<environment.Job instance at 0x7f81df63c690>,57,18,[ 3 10],58,-1,77,-1,59
1,<environment.Job instance at 0x7f81df63cbe0>,59,16,[8 5],60,-1,76,-1,60
1,<environment.Job instance at 0x7f81df63c370>,62,18,[4 7],63,-1,81,-1,63
1,<environment.Job instance at 0x7f81df63c870>,65,17,[9 3],66,-1,84,-1,67
1,<environment.Job instance at 0x7f81df63cfa0>,56,20,[3 6],57,-1,96,-1,76
1,<environment.Job instance at 0x7f81df65cd70>,0,26,[4 8],1,-1,27,-1,1
1,<environment.Job instance at 0x7f81df65e1e0>,15,15,[12  1],16,-1,52,-1,37
1,<environment.Job instance at 0x7f81df65e780>,23,1,[ 3 13],24,-1,74,-1,73
1,<environment.Job instance at 0x7f81dfb03230>,4,17,[5 9],5,-1,22,-1,5
1,<environment.Job instance at 0x7f81dfb03410>,5,17,[5 9],6,-1,23,-1,6
1,<environment.Job instance at 0x7f81dfb03690>,6,23,[10  4],7,-1,31,-1,8
1,<environment.Job instance at 0x7f81dfb03190>,8,17,[4 9],9,-1,26,-1,9
1,<environment.Job instance at 0x7f81dfb03e60>,9,18,[9 5],10,-1,28,-1,10
1,<environment.Job instance at 0x7f81dfb030a0>,11,17,[8 2],12,-1,29,-1,12
1,<environment.Job instance at 0x7f81dfb03c30>,12,18,[10  5],13,-1,31,-1,13
1,<environment.Job instance at 0x7f81dfb03460>,15,16,[3 8],16,-1,32,-1,16
1,<environment.Job instance at 0x7f81dfb03730>,16,14,[4 7],17,-1,31,-1,17
1,<environment.Job instance at 0x7f81dfb03e10>,17,18,[5 4],18,-1,36,-1,18
1,<environment.Job instance at 0x7f81dfbfea00>,20,12,[2 9],21,-1,33,-1,21
1,<environment.Job instance at 0x7f81dfbfeb90>,21,17,[7 2],22,-1,39,-1,22
1,<environment.Job instance at 0x7f81dfbfe4b0>,23,16,[3 9],24,-1,40,-1,24
1,<environment.Job instance at 0x7f81dfbfe2d0>,24,13,[10  1],25,-1,38,-1,25
1,<environment.Job instance at 0x7f81dfbfed20>,25,13,[ 3 10],26,-1,39,-1,26
1,<environment.Job instance at 0x7f81df9332d0>,29,25,[8 3],30,-1,55,-1,30
1,<environment.Job instance at 0x7f81dfb03870>,7,15,[5 5],8,-1,46,-1,31
1,<environment.Job instance at 0x7f81df9336e0>,31,17,[3 7],32,-1,49,-1,32
1,<environment.Job instance at 0x7f81df9334b0>,33,18,[2 6],34,-1,53,-1,35
1,<environment.Job instance at 0x7f81df9335a0>,34,18,[8 2],35,-1,53,-1,35
1,<environment.Job instance at 0x7f81df933dc0>,36,17,[1 6],37,-1,55,-1,38
1,<environment.Job instance at 0x7f81df933cd0>,38,17,[3 5],39,-1,56,-1,39
1,<environment.Job instance at 0x7f81df933eb0>,41,15,[10  5],42,-1,57,-1,42
1,<environment.Job instance at 0x7f81defdffa0>,42,18,[10  1],43,-1,61,-1,43
1,<environment.Job instance at 0x7f81defdf690>,45,12,[5 9],46,-1,58,-1,46
1,<environment.Job instance at 0x7f81de9721e0>,51,18,[7 1],52,-1,70,-1,52
1,<environment.Job instance at 0x7f81de972d20>,53,18,[ 3 10],54,-1,72,-1,54
1,<environment.Job instance at 0x7f81df9338c0>,37,18,[5 2],38,-1,76,-1,58
1,<environment.Job instance at 0x7f81e0043e60>,58,12,[10  2],59,-1,72,-1,60
1,<environment.Job instance at 0x7f81e0043b40>,59,2,[10  1],60,-1,62,-1,60
1,<environment.Job instance at 0x7f81e0043730>,61,15,[9 5],62,-1,78,-1,63
1,<environment.Job instance at 0x7f81dff19fa0>,65,15,[10  1],66,-1,82,-1,67
1,<environment.Job instance at 0x7f81dff19a00>,67,15,[ 3 10],68,-1,83,-1,68
1,<environment.Job instance at 0x7f81dff19690>,68,28,[8 3],69,-1,97,-1,69
1,<environment.Job instance at 0x7f81dff19f00>,69,20,[1 9],70,-1,90,-1,70
1,<environment.Job instance at 0x7f81dff19d20>,71,17,[5 6],72,-1,89,-1,72
1,<environment.Job instance at 0x7f81dff19460>,72,16,[10  1],73,-1,89,-1,73
1,<environment.Job instance at 0x7f81dff198c0>,73,17,[ 2 10],74,-1,91,-1,74
1,<environment.Job instance at 0x7f81dfd10780>,75,12,[7 2],76,-1,88,-1,76
1,<environment.Job instance at 0x7f81dfd10640>,76,13,[ 5 11],77,-1,90,-1,77
1,<environment.Job instance at 0x7f81dfd10d20>,78,15,[10  2],79,-1,94,-1,79
1,<environment.Job instance at 0x7f81df65ecd0>,1,15,[14  4],2,-1,17,-1,2
1,<environment.Job instance at 0x7f81df65e8c0>,6,23,[10  4],7,-1,39,-1,16
1,<environment.Job instance at 0x7f81def8c0f0>,1,18,[4 6],2,-1,20,-1,2
1,<environment.Job instance at 0x7f81debabc30>,6,13,[8 3],7,-1,21,-1,8
1,<environment.Job instance at 0x7f81debcda00>,8,15,[8 2],9,-1,24,-1,9
1,<environment.Job instance at 0x7f81df65ebe0>,7,12,[ 3 10],8,-1,24,-1,12
1,<environment.Job instance at 0x7f81debcde60>,12,27,[9 1],13,-1,41,-1,14
1,<environment.Job instance at 0x7f81debcd5a0>,14,16,[1 8],15,-1,31,-1,15
1,<environment.Job instance at 0x7f81debcdbe0>,13,12,[5 9],14,-1,28,-1,16
1,<environment.Job instance at 0x7f81debe1230>,19,20,[2 8],20,-1,41,-1,21
1,<environment.Job instance at 0x7f81debe1f00>,21,19,[5 5],22,-1,41,-1,22
1,<environment.Job instance at 0x7f81debcd320>,20,15,[12  3],21,-1,37,-1,22
1,<environment.Job instance at 0x7f81dfb365a0>,23,18,[8 1],24,-1,43,-1,25
1,<environment.Job instance at 0x7f81debd72d0>,25,12,[10  3],26,-1,38,-1,26
1,<environment.Job instance at 0x7f81dfc745a0>,24,13,[10  5],25,-1,40,-1,27
1,<environment.Job instance at 0x7f81dfce2cd0>,30,18,[5 7],31,-1,50,-1,32
1,<environment.Job instance at 0x7f81dfc937d0>,33,14,[5 6],34,-1,48,-1,34
1,<environment.Job instance at 0x7f81dfcdf5f0>,34,15,[6 4],35,-1,50,-1,35
1,<environment.Job instance at 0x7f81dfcf03c0>,36,18,[1 5],37,-1,55,-1,37
1,<environment.Job instance at 0x7f81dfb128c0>,41,26,[7 2],42,-1,68,-1,42
1,<environment.Job instance at 0x7f81dfc72230>,42,2,[ 2 13],43,-1,45,-1,43
1,<environment.Job instance at 0x7f81dfce20f0>,31,23,[5 9],32,-1,66,-1,43
1,<environment.Job instance at 0x7f81dfc72190>,44,14,[10  5],45,-1,68,-1,54
1,<environment.Job instance at 0x7f81dfc6a3c0>,54,18,[5 3],55,-1,73,-1,55
1,<environment.Job instance at 0x7f81df380f00>,59,19,[9 1],60,-1,84,-1,65
1,<environment.Job instance at 0x7f81df374370>,66,17,[2 7],67,-1,84,-1,67
1,<environment.Job instance at 0x7f81dfc72820>,49,14,[8 2],50,-1,86,-1,72
1,<environment.Job instance at 0x7f81dfc725f0>,51,17,[10  3],52,-1,89,-1,72
1,<environment.Job instance at 0x7f81df374eb0>,73,27,[9 4],74,-1,101,-1,74
1,<environment.Job instance at 0x7f81df374e10>,74,25,[8 2],75,-1,101,-1,76
1,<environment.Job instance at 0x7f81df3840a0>,76,18,[7 2],77,-1,95,-1,77
1,<environment.Job instance at 0x7f81df384140>,77,13,[3 5],78,-1,91,-1,78
1,<environment.Job instance at 0x7f81e006caf0>,4,1,[11  3],5,-1,6,-1,5
1,<environment.Job instance at 0x7f81dff25a00>,11,13,[ 1 13],12,-1,34,-1,21
1,<environment.Job instance at 0x7f81dff251e0>,12,27,[9 1],13,-1,48,-1,21
1,<environment.Job instance at 0x7f81dff254b0>,16,21,[12  2],17,-1,55,-1,34
1,<environment.Job instance at 0x7f81dff25c30>,18,14,[ 1 14],19,-1,49,-1,35
1,<environment.Job instance at 0x7f81dff25050>,20,15,[12  3],21,-1,50,-1,35
1,<environment.Job instance at 0x7f81def46eb0>,26,2,[12  3],27,-1,52,-1,50
1,<environment.Job instance at 0x7f81dfb039b0>,31,23,[5 9],32,-1,89,-1,66
1,<environment.Job instance at 0x7f81dfd10460>,35,15,[ 4 12],36,-1,89,-1,74
1,<environment.Job instance at 0x7f81dffae7d0>,2,17,[5 9],3,-1,21,-1,4
1,<environment.Job instance at 0x7f81dffaecd0>,3,18,[6 1],4,-1,23,-1,5
1,<environment.Job instance at 0x7f81dffaa410>,7,17,[3 7],8,-1,26,-1,9
1,<environment.Job instance at 0x7f81dffaae10>,8,16,[8 5],9,-1,25,-1,9
1,<environment.Job instance at 0x7f81def190f0>,15,22,[9 4],16,-1,41,-1,19
1,<environment.Job instance at 0x7f81def19e10>,19,27,[5 8],20,-1,47,-1,20
1,<environment.Job instance at 0x7f81def195a0>,21,12,[10  5],22,-1,34,-1,22
1,<environment.Job instance at 0x7f81def19910>,22,15,[ 5 10],23,-1,38,-1,23
1,<environment.Job instance at 0x7f81def19870>,23,16,[5 8],24,-1,40,-1,24
1,<environment.Job instance at 0x7f81dffab190>,25,12,[3 5],26,-1,38,-1,26
1,<environment.Job instance at 0x7f81dffabcd0>,26,22,[3 8],27,-1,49,-1,27
1,<environment.Job instance at 0x7f81dfc744b0>,38,17,[3 7],39,-1,56,-1,39
1,<environment.Job instance at 0x7f81dfcdfd20>,48,24,[8 2],49,-1,87,-1,63
1,<environment.Job instance at 0x7f81debcd820>,0,12,[ 4 12],1,-1,13,-1,1
1,<environment.Job instance at 0x7f81dffab1e0>,19,27,[5 8],20,-1,81,-1,54
1,<environment.Job instance at 0x7f81ded0a140>,1,17,[3 7],2,-1,19,-1,2
1,<environment.Job instance at 0x7f81dfebff00>,3,14,[4 6],4,-1,18,-1,4
1,<environment.Job instance at 0x7f81dfe9a190>,4,15,[9 2],5,-1,20,-1,5
1,<environment.Job instance at 0x7f81dfe9a230>,6,12,[5 8],7,-1,19,-1,7
1,<environment.Job instance at 0x7f81dfe9a5a0>,9,15,[4 6],10,-1,25,-1,10
1,<environment.Job instance at 0x7f81dfe9a6e0>,12,14,[9 2],13,-1,28,-1,14
1,<environment.Job instance at 0x7f81dfe9a910>,15,16,[5 1],16,-1,32,-1,16
1,<environment.Job instance at 0x7f81dfb12aa0>,13,14,[9 2],14,-1,31,-1,17
1,<environment.Job instance at 0x7f81dfe9abe0>,18,12,[9 4],19,-1,32,-1,20
1,<environment.Job instance at 0x7f81dfe9ac30>,19,17,[12  4],20,-1,37,-1,20
1,<environment.Job instance at 0x7f81dfe9acd0>,20,20,[7 1],21,-1,42,-1,22
1,<environment.Job instance at 0x7f81dfe9ae60>,22,14,[7 1],23,-1,37,-1,23
1,<environment.Job instance at 0x7f81dfe9af00>,23,17,[3 7],24,-1,41,-1,24
1,<environment.Job instance at 0x7f81dfe9ad20>,21,14,[9 4],22,-1,38,-1,24
1,<environment.Job instance at 0x7f81dfe995f0>,31,16,[9 2],32,-1,49,-1,33
1,<environment.Job instance at 0x7f81dfe99780>,33,14,[ 4 10],34,-1,48,-1,34
1,<environment.Job instance at 0x7f81dfe99a00>,35,13,[10  4],36,-1,49,-1,36
1,<environment.Job instance at 0x7f81dfe99a50>,37,17,[9 1],38,-1,55,-1,38
1,<environment.Job instance at 0x7f81dfeb5140>,42,13,[ 4 10],43,-1,56,-1,43
1,<environment.Job instance at 0x7f81dfeb5280>,43,17,[7 2],44,-1,61,-1,44
1,<environment.Job instance at 0x7f81dfe99e10>,40,24,[ 4 14],41,-1,77,-1,53
1,<environment.Job instance at 0x7f81dfeb52d0>,46,14,[9 1],47,-1,68,-1,54
1,<environment.Job instance at 0x7f81dfeb58c0>,53,18,[8 3],54,-1,77,-1,59
1,<environment.Job instance at 0x7f81dfeb5cd0>,55,25,[6 2],56,-1,91,-1,66
1,<environment.Job instance at 0x7f81dfeb5f00>,59,18,[ 1 10],60,-1,86,-1,68
1,<environment.Job instance at 0x7f81dfe8f0f0>,62,15,[4 5],63,-1,84,-1,69
1,<environment.Job instance at 0x7f81dfe8f3c0>,65,18,[4 5],66,-1,87,-1,69
1,<environment.Job instance at 0x7f81dfeb4230>,66,26,[10  2],67,-1,95,-1,69
1,<environment.Job instance at 0x7f81ded10190>,67,17,[8 3],68,-1,86,-1,69
1,<environment.Job instance at 0x7f81dfeb4050>,68,14,[9 3],69,-1,83,-1,69
1,<environment.Job instance at 0x7f81dfe8f280>,63,2,[2 6],64,-1,73,-1,71
1,<environment.Job instance at 0x7f81dfecbf00>,70,17,[8 5],71,-1,90,-1,73
1,<environment.Job instance at 0x7f81dfecbc30>,72,21,[9 5],73,-1,94,-1,73
1,<environment.Job instance at 0x7f81deca6730>,10,26,[2 8],11,-1,54,-1,28
1,<environment.Job instance at 0x7f81ded09050>,19,17,[12  4],20,-1,76,-1,59
1,<environment.Job instance at 0x7f81ded09d70>,25,17,[ 1 11],26,-1,91,-1,74
1,<environment.Job instance at 0x7f81ded096e0>,27,13,[12  4],28,-1,87,-1,74
1,<environment.Job instance at 0x7f016702fb90>,2,14,[ 2 10],3,-1,18,-1,4
1,<environment.Job instance at 0x7f01706798c0>,3,22,[2 5],4,-1,26,-1,4
1,<environment.Job instance at 0x7f016702fe10>,6,15,[2 8],7,-1,22,-1,7
1,<environment.Job instance at 0x7f016702ff50>,8,17,[1 8],9,-1,26,-1,9
1,<environment.Job instance at 0x7f0167033140>,10,22,[8 1],11,-1,33,-1,11
1,<environment.Job instance at 0x7f01670331e0>,12,23,[6 4],13,-1,36,-1,13
1,<environment.Job instance at 0x7f01670334b0>,13,18,[5 9],14,-1,32,-1,14
1,<environment.Job instance at 0x7f01670333c0>,14,21,[8 1],15,-1,38,-1,17
1,<environment.Job instance at 0x7f01670335a0>,16,18,[7 3],17,-1,35,-1,17
1,<environment.Job instance at 0x7f0167033640>,18,26,[7 4],19,-1,45,-1,19
1,<environment.Job instance at 0x7f0167033870>,19,25,[5 9],20,-1,45,-1,20
1,<environment.Job instance at 0x7f0167033960>,21,18,[9 4],22,-1,40,-1,22
1,<environment.Job instance at 0x7f0167033a50>,23,16,[6 2],24,-1,40,-1,24
1,<environment.Job instance at 0x7f0167033f00>,26,12,[8 5],27,-1,39,-1,27
1,<environment.Job instance at 0x7f0167033e10>,27,17,[4 6],28,-1,45,-1,28
1,<environment.Job instance at 0x7f01670361e0>,30,26,[9 4],31,-1,57,-1,31
1,<environment.Job instance at 0x7f01670362d0>,32,21,[5 9],33,-1,54,-1,33
1,<environment.Job instance at 0x7f0167036410>,33,26,[3 6],34,-1,61,-1,35
1,<environment.Job instance at 0x7f0167036550>,34,14,[1 9],35,-1,49,-1,35
1,<environment.Job instance at 0x7f01670364b0>,35,16,[1 9],36,-1,54,-1,38
1,<environment.Job instance at 0x7f0167036960>,38,2,[6 1],39,-1,41,-1,39
1,<environment.Job instance at 0x7f01670366e0>,39,14,[9 4],40,-1,54,-1,40
1,<environment.Job instance at 0x7f0167036780>,37,14,[5 8],38,-1,54,-1,40
1,<environment.Job instance at 0x7f016703a3c0>,48,12,[9 2],49,-1,62,-1,50
1,<environment.Job instance at 0x7f016703a4b0>,49,17,[10  2],50,-1,67,-1,50
1,<environment.Job instance at 0x7f016703a5f0>,55,12,[2 6],56,-1,68,-1,56
1,<environment.Job instance at 0x7f016703aa00>,57,16,[ 2 11],58,-1,74,-1,58
1,<environment.Job instance at 0x7f016703ad70>,58,17,[3 7],59,-1,76,-1,59
1,<environment.Job instance at 0x7f016703aa50>,54,18,[7 1],55,-1,77,-1,59
1,<environment.Job instance at 0x7f016703adc0>,59,19,[1 7],60,-1,79,-1,60
1,<environment.Job instance at 0x7f016703b0a0>,62,14,[4 9],63,-1,78,-1,64
1,<environment.Job instance at 0x7f016703b370>,67,16,[1 9],68,-1,84,-1,68
1,<environment.Job instance at 0x7f016703b640>,69,14,[9 4],70,-1,84,-1,70
1,<environment.Job instance at 0x7f016703b9b0>,72,18,[3 5],73,-1,91,-1,73
1,<environment.Job instance at 0x7f016703bfa0>,76,13,[10  1],77,-1,91,-1,78
1,<environment.Job instance at 0x7f016703e280>,81,14,[8 5],82,-1,96,-1,82
1,<environment.Job instance at 0x7f016703e5a0>,82,21,[4 8],83,-1,104,-1,83
1,<environment.Job instance at 0x7f016703e4b0>,83,18,[ 3 10],84,-1,102,-1,84
1,<environment.Job instance at 0x7f016703e2d0>,87,18,[7 1],88,-1,106,-1,88
1,<environment.Job instance at 0x7f01671d0eb0>,12,23,[6 4],13,-1,53,-1,30
1,<environment.Job instance at 0x7f016703e0f0>,18,26,[7 4],19,-1,70,-1,44
1,<environment.Job instance at 0x7f016703eeb0>,19,25,[5 9],20,-1,83,-1,58
1,<environment.Job instance at 0x7f016702fdc0>,28,17,[ 1 13],29,-1,87,-1,70
1,<environment.Job instance at 0x7f0167027aa0>,30,26,[9 4],31,-1,110,-1,84
1,<environment.Job instance at 0x7f0167027d70>,31,1,[ 2 14],32,-1,85,-1,84
1,<environment.Job instance at 0x7f01670278c0>,33,26,[3 6],34,-1,110,-1,84
1,<environment.Job instance at 0x7f0166774b40>,1,18,[5 4],2,-1,20,-1,2
1,<environment.Job instance at 0x7f01668ae320>,6,18,[2 6],7,-1,29,-1,11
1,<environment.Job instance at 0x7f01669a44b0>,11,15,[2 7],12,-1,28,-1,13
1,<environment.Job instance at 0x7f01668d9370>,12,13,[9 4],13,-1,26,-1,13
1,<environment.Job instance at 0x7f01668d9b40>,13,16,[1 9],14,-1,31,-1,15
1,<environment.Job instance at 0x7f01668d98c0>,15,16,[7 5],16,-1,34,-1,18
1,<environment.Job instance at 0x7f01668d93c0>,17,18,[5 5],18,-1,36,-1,18
1,<environment.Job instance at 0x7f01668cbb90>,20,23,[5 1],21,-1,45,-1,22
1,<environment.Job instance at 0x7f01668cb8c0>,22,12,[1 6],23,-1,35,-1,23
1,<environment.Job instance at 0x7f01668cbd70>,23,17,[5 1],24,-1,41,-1,24
1,<environment.Job instance at 0x7f01668ea820>,26,12,[8 4],27,-1,39,-1,27
1,<environment.Job instance at 0x7f01668cb9b0>,21,17,[6 4],22,-1,45,-1,28
1,<environment.Job instance at 0x7f016684fd20>,3,25,[ 1 10],4,-1,29,-1,4
1,<environment.Job instance at 0x7f01667e8c30>,19,27,[3 9],20,-1,58,-1,31
1,<environment.Job instance at 0x7f01667e8690>,20,23,[5 1],21,-1,54,-1,31
1,<environment.Job instance at 0x7f01667f2820>,27,3,[ 3 13],28,-1,52,-1,49
1,<environment.Job instance at 0x7f01667efbe0>,30,19,[ 5 12],31,-1,75,-1,56
1,<environment.Job instance at 0x7f01667e4eb0>,29,28,[7 5],30,-1,100,-1,72
1,<environment.Job instance at 0x7f016665c5f0>,0,17,[3 5],1,-1,18,-1,1
1,<environment.Job instance at 0x7f0166881f00>,6,17,[9 1],7,-1,25,-1,8
1,<environment.Job instance at 0x7f016665c550>,7,13,[9 5],8,-1,21,-1,8
1,<environment.Job instance at 0x7f01665f92d0>,10,17,[9 5],11,-1,30,-1,13
1,<environment.Job instance at 0x7f01665f9eb0>,14,26,[3 9],15,-1,41,-1,15
1,<environment.Job instance at 0x7f01666b40a0>,18,21,[2 7],19,-1,40,-1,19
1,<environment.Job instance at 0x7f01666b4c30>,20,23,[4 7],21,-1,44,-1,21
1,<environment.Job instance at 0x7f01666b4730>,21,14,[ 1 10],22,-1,37,-1,23
1,<environment.Job instance at 0x7f01666b4870>,23,14,[5 9],24,-1,38,-1,24
1,<environment.Job instance at 0x7f01666b4690>,25,19,[ 1 10],26,-1,45,-1,26
1,<environment.Job instance at 0x7f01666b4910>,26,16,[6 5],27,-1,43,-1,27
1,<environment.Job instance at 0x7f01666b4be0>,28,20,[ 2 10],29,-1,50,-1,30
1,<environment.Job instance at 0x7f01666b4f00>,30,1,[14  4],31,-1,32,-1,31
1,<environment.Job instance at 0x7f01666b4280>,31,17,[3 6],32,-1,49,-1,32
1,<environment.Job instance at 0x7f01666b4b90>,32,13,[2 5],33,-1,46,-1,33
1,<environment.Job instance at 0x7f016662a7d0>,34,16,[5 6],35,-1,51,-1,35
1,<environment.Job instance at 0x7f016662a5a0>,35,21,[1 6],36,-1,57,-1,36
1,<environment.Job instance at 0x7f016662ae60>,36,16,[1 8],37,-1,53,-1,37
1,<environment.Job instance at 0x7f016662afa0>,38,23,[1 9],39,-1,62,-1,39
1,<environment.Job instance at 0x7f016662a960>,39,17,[8 5],40,-1,57,-1,40
1,<environment.Job instance at 0x7f016662e4b0>,43,18,[5 1],44,-1,62,-1,44
1,<environment.Job instance at 0x7f016662ee60>,44,15,[8 5],45,-1,60,-1,45
1,<environment.Job instance at 0x7f016662ec30>,47,12,[4 8],48,-1,60,-1,48
1,<environment.Job instance at 0x7f016662edc0>,48,19,[4 7],49,-1,68,-1,49
1,<environment.Job instance at 0x7f016662eb90>,49,13,[4 5],50,-1,63,-1,50
1,<environment.Job instance at 0x7f01666d2f00>,63,13,[9 2],64,-1,95,-1,82
1,<environment.Job instance at 0x7f01665f9f00>,12,15,[ 2 14],13,-1,97,-1,82
1,<environment.Job instance at 0x7f01666d2d20>,71,16,[5 8],72,-1,99,-1,83
1,<environment.Job instance at 0x7f0166662af0>,72,23,[1 8],73,-1,106,-1,83
1,<environment.Job instance at 0x7f01666625a0>,77,14,[10  5],78,-1,98,-1,84
1,<environment.Job instance at 0x7f01666d2870>,70,13,[3 5],71,-1,97,-1,84
1,<environment.Job instance at 0x7f01666622d0>,81,17,[10  2],82,-1,101,-1,84
1,<environment.Job instance at 0x7f0166666fa0>,83,26,[5 3],84,-1,110,-1,84
1,<environment.Job instance at 0x7f0166623af0>,85,18,[ 1 10],86,-1,104,-1,86
1,<environment.Job instance at 0x7f0166623460>,86,15,[6 5],87,-1,102,-1,87
1,<environment.Job instance at 0x7f01666d2690>,8,27,[ 3 12],9,-1,36,-1,9
1,<environment.Job instance at 0x7f01666212d0>,12,15,[ 2 14],13,-1,37,-1,22
1,<environment.Job instance at 0x7f0166621050>,14,26,[3 9],15,-1,60,-1,34
1,<environment.Job instance at 0x7f01666235a0>,20,23,[4 7],21,-1,65,-1,42
1,<environment.Job instance at 0x7f016665c960>,30,1,[14  4],31,-1,68,-1,67
1,<environment.Job instance at 0x7f01667d2f00>,0,18,[5 8],1,-1,19,-1,1
1,<environment.Job instance at 0x7f01667d2a50>,2,18,[3 8],3,-1,21,-1,3
1,<environment.Job instance at 0x7f01667742d0>,6,17,[8 4],7,-1,25,-1,8
1,<environment.Job instance at 0x7f0166774d70>,8,20,[5 2],9,-1,29,-1,9
1,<environment.Job instance at 0x7f01667747d0>,9,26,[2 8],10,-1,36,-1,10
1,<environment.Job instance at 0x7f0166774910>,10,15,[5 8],11,-1,26,-1,11
1,<environment.Job instance at 0x7f0166a31eb0>,11,20,[ 4 10],12,-1,32,-1,12
1,<environment.Job instance at 0x7f0166a31870>,12,15,[9 2],13,-1,28,-1,13
1,<environment.Job instance at 0x7f0166a31be0>,14,16,[7 5],15,-1,31,-1,15
1,<environment.Job instance at 0x7f0166a31550>,17,27,[9 5],18,-1,45,-1,18
1,<environment.Job instance at 0x7f01665f9aa0>,18,13,[8 4],19,-1,32,-1,19
1,<environment.Job instance at 0x7f0166aeaeb0>,26,13,[8 2],27,-1,40,-1,27
1,<environment.Job instance at 0x7f0166aead70>,29,15,[6 5],30,-1,45,-1,30
1,<environment.Job instance at 0x7f0166b42be0>,33,17,[7 4],34,-1,51,-1,34
1,<environment.Job instance at 0x7f016662d910>,48,14,[9 4],49,-1,63,-1,49
1,<environment.Job instance at 0x7f016662d2d0>,49,18,[5 6],50,-1,68,-1,50
1,<environment.Job instance at 0x7f016662daa0>,50,16,[8 3],51,-1,67,-1,51
1,<environment.Job instance at 0x7f016662d370>,53,16,[ 4 10],54,-1,70,-1,54
1,<environment.Job instance at 0x7f0166699870>,9,26,[2 8],10,-1,47,-1,21
1,<environment.Job instance at 0x7f01666999b0>,17,27,[9 5],18,-1,70,-1,43
1,<environment.Job instance at 0x7f016661eeb0>,19,14,[12  2],20,-1,57,-1,43
1,<environment.Job instance at 0x7f0166774a00>,31,17,[ 5 14],32,-1,99,-1,82
1,<environment.Job instance at 0x7f01665f96e0>,32,25,[ 3 11],33,-1,107,-1,82
1,<environment.Job instance at 0x7f0166aea910>,34,17,[13  5],35,-1,100,-1,83
1,<environment.Job instance at 0x7f0166aea730>,35,13,[ 5 14],36,-1,96,-1,83
1,<environment.Job instance at 0x7f0166b8d1e0>,0,26,[8 3],1,-1,27,-1,1
1,<environment.Job instance at 0x7f01669ef5f0>,5,13,[9 1],6,-1,20,-1,7
1,<environment.Job instance at 0x7f01674a9d70>,7,3,[10  5],8,-1,11,-1,8
1,<environment.Job instance at 0x7f0166a7a410>,6,18,[8 3],7,-1,26,-1,8
1,<environment.Job instance at 0x7f0167480b90>,11,18,[5 8],12,-1,30,-1,12
1,<environment.Job instance at 0x7f0167480cd0>,12,14,[2 8],13,-1,27,-1,13
1,<environment.Job instance at 0x7f01674800f0>,15,15,[1 5],16,-1,31,-1,16
1,<environment.Job instance at 0x7f01674913c0>,17,13,[ 5 10],18,-1,31,-1,18
1,<environment.Job instance at 0x7f0167491050>,19,18,[5 2],20,-1,38,-1,20
1,<environment.Job instance at 0x7f01674915f0>,20,16,[ 4 10],21,-1,37,-1,21
1,<environment.Job instance at 0x7f0167481050>,21,15,[5 7],22,-1,37,-1,22
1,<environment.Job instance at 0x7f0167481190>,22,17,[8 2],23,-1,40,-1,23
1,<environment.Job instance at 0x7f0166aa9640>,26,17,[7 4],27,-1,44,-1,27
1,<environment.Job instance at 0x7f0166ebf0f0>,29,18,[10  4],30,-1,49,-1,31
1,<environment.Job instance at 0x7f0166aa8a00>,34,18,[10  5],35,-1,53,-1,35
1,<environment.Job instance at 0x7f0166ec7050>,36,16,[2 9],37,-1,53,-1,37
1,<environment.Job instance at 0x7f0166ea7370>,38,15,[10  4],39,-1,54,-1,39
1,<environment.Job instance at 0x7f0166abf7d0>,40,16,[8 5],41,-1,57,-1,41
1,<environment.Job instance at 0x7f01674886e0>,41,16,[4 5],42,-1,58,-1,42
1,<environment.Job instance at 0x7f016747ca00>,42,27,[8 3],43,-1,70,-1,43
1,<environment.Job instance at 0x7f016747c050>,43,18,[1 6],44,-1,62,-1,44
1,<environment.Job instance at 0x7f016747cfa0>,44,17,[2 6],45,-1,62,-1,45
1,<environment.Job instance at 0x7f01674af050>,46,27,[2 6],47,-1,74,-1,47
1,<environment.Job instance at 0x7f01674af460>,47,16,[7 4],48,-1,64,-1,48
1,<environment.Job instance at 0x7f01674af410>,48,16,[9 2],49,-1,65,-1,49
1,<environment.Job instance at 0x7f01674af3c0>,51,16,[4 5],52,-1,68,-1,52
1,<environment.Job instance at 0x7f0166eb2e10>,60,12,[10  5],61,-1,73,-1,61
1,<environment.Job instance at 0x7f0166eb2cd0>,62,16,[6 4],63,-1,79,-1,63
1,<environment.Job instance at 0x7f0166ed10a0>,64,14,[3 6],65,-1,79,-1,65
1,<environment.Job instance at 0x7f0166ed1190>,66,21,[ 4 10],67,-1,88,-1,67
1,<environment.Job instance at 0x7f0166ed14b0>,67,23,[2 8],68,-1,91,-1,68
1,<environment.Job instance at 0x7f0166ed17d0>,70,13,[6 2],71,-1,84,-1,71
1,<environment.Job instance at 0x7f0166ed1af0>,74,13,[ 4 11],75,-1,88,-1,75
1,<environment.Job instance at 0x7f0166ed1c30>,75,17,[ 5 10],76,-1,93,-1,76
1,<environment.Job instance at 0x7f0166ed19b0>,76,14,[9 4],77,-1,91,-1,77
1,<environment.Job instance at 0x7f0166ed1dc0>,78,14,[8 2],79,-1,93,-1,79
1,<environment.Job instance at 0x7f0166ed1e60>,80,25,[6 4],81,-1,106,-1,81
1,<environment.Job instance at 0x7f0166ed4280>,83,13,[ 4 10],84,-1,97,-1,84
1,<environment.Job instance at 0x7f0166ed4410>,84,24,[5 5],85,-1,109,-1,85
1,<environment.Job instance at 0x7f0166b3df00>,0,26,[8 3],1,-1,27,-1,1
1,<environment.Job instance at 0x7f0166695a50>,14,2,[11  3],15,-1,25,-1,23
1,<environment.Job instance at 0x7f01667d20f0>,25,17,[12  4],26,-1,86,-1,69
1,<environment.Job instance at 0x7f016762db40>,1,17,[7 5],2,-1,19,-1,2
1,<environment.Job instance at 0x7f016762d0a0>,8,15,[2 9],9,-1,24,-1,9
1,<environment.Job instance at 0x7f0167a40640>,13,15,[6 4],14,-1,29,-1,14
1,<environment.Job instance at 0x7f0167a40230>,16,12,[10  2],17,-1,29,-1,17
1,<environment.Job instance at 0x7f0167a40730>,17,12,[6 2],18,-1,31,-1,19
1,<environment.Job instance at 0x7f0167a40910>,19,1,[9 2],20,-1,21,-1,20
1,<environment.Job instance at 0x7f0167a405a0>,18,13,[8 3],19,-1,33,-1,20
1,<environment.Job instance at 0x7f0167a40370>,22,14,[5 3],23,-1,38,-1,24
1,<environment.Job instance at 0x7f0166a4e550>,24,22,[7 3],25,-1,47,-1,25
1,<environment.Job instance at 0x7f0166a4ea00>,25,20,[7 5],26,-1,46,-1,26
1,<environment.Job instance at 0x7f0167a403c0>,23,12,[2 7],24,-1,38,-1,26
1,<environment.Job instance at 0x7f0166a4e230>,31,15,[7 1],32,-1,47,-1,32
1,<environment.Job instance at 0x7f0166a4eeb0>,35,12,[4 5],36,-1,48,-1,36
1,<environment.Job instance at 0x7f01665f7550>,37,18,[8 2],38,-1,56,-1,38
1,<environment.Job instance at 0x7f01665f7730>,40,15,[2 5],41,-1,58,-1,43
1,<environment.Job instance at 0x7f01665f7410>,43,14,[9 3],44,-1,58,-1,44
1,<environment.Job instance at 0x7f01665f70a0>,42,17,[4 5],43,-1,61,-1,44
1,<environment.Job instance at 0x7f01665f7c80>,45,17,[8 2],46,-1,63,-1,46
1,<environment.Job instance at 0x7f01665f7140>,46,16,[1 9],47,-1,63,-1,47
1,<environment.Job instance at 0x7f01665f7b90>,47,16,[7 2],48,-1,64,-1,48
1,<environment.Job instance at 0x7f016798d3c0>,52,16,[10  4],53,-1,69,-1,53
1,<environment.Job instance at 0x7f016798deb0>,53,16,[6 5],54,-1,70,-1,54
1,<environment.Job instance at 0x7f016798dc80>,54,16,[9 5],55,-1,72,-1,56
1,<environment.Job instance at 0x7f016798da50>,56,22,[1 8],57,-1,80,-1,58
1,<environment.Job instance at 0x7f016798d6e0>,58,1,[9 2],59,-1,60,-1,59
1,<environment.Job instance at 0x7f016798d410>,59,18,[5 8],60,-1,78,-1,60
1,<environment.Job instance at 0x7f016798d820>,60,18,[ 2 10],61,-1,79,-1,61
1,<environment.Job instance at 0x7f016798daa0>,61,15,[8 1],62,-1,77,-1,62
1,<environment.Job instance at 0x7f016798d2d0>,62,13,[1 5],63,-1,76,-1,63
1,<environment.Job instance at 0x7f016798dcd0>,63,2,[5 9],64,-1,66,-1,64
1,<environment.Job instance at 0x7f016798d960>,57,28,[5 9],58,-1,92,-1,64
1,<environment.Job instance at 0x7f016798daf0>,66,18,[ 5 10],67,-1,85,-1,67
1,<environment.Job instance at 0x7f0167459c30>,78,15,[2 8],79,-1,94,-1,79
1,<environment.Job instance at 0x7f0167459be0>,79,18,[1 7],80,-1,98,-1,80
1,<environment.Job instance at 0x7f01674590f0>,82,17,[8 1],83,-1,100,-1,83
1,<environment.Job instance at 0x7f0167459cd0>,83,22,[3 5],84,-1,106,-1,84
1,<environment.Job instance at 0x7f0167459d70>,85,18,[4 6],86,-1,104,-1,86
1,<environment.Job instance at 0x7f0166699820>,6,12,[ 5 12],7,-1,19,-1,7
1,<environment.Job instance at 0x7f0166699320>,9,2,[ 5 14],10,-1,17,-1,15
1,<environment.Job instance at 0x7f0167a40af0>,21,16,[ 1 14],22,-1,65,-1,49
1,<environment.Job instance at 0x7f01669cab40>,34,17,[14  5],35,-1,94,-1,77
1,<environment.Job instance at 0x7f0166a0fa50>,0,22,[7 1],1,-1,24,-1,2
1,<environment.Job instance at 0x7f0170210460>,2,21,[5 7],3,-1,24,-1,3
1,<environment.Job instance at 0x7f01665fef00>,5,16,[4 7],6,-1,22,-1,6
1,<environment.Job instance at 0x7f01665fe5a0>,6,18,[9 3],7,-1,25,-1,7
1,<environment.Job instance at 0x7f01665fe140>,8,16,[1 7],9,-1,25,-1,9
1,<environment.Job instance at 0x7f01665eddc0>,9,18,[8 2],10,-1,28,-1,10
1,<environment.Job instance at 0x7f01701eab90>,13,17,[4 7],14,-1,31,-1,14
1,<environment.Job instance at 0x7f01701eab40>,14,16,[ 5 10],15,-1,31,-1,15
1,<environment.Job instance at 0x7f0166a0feb0>,15,15,[5 9],16,-1,31,-1,16
1,<environment.Job instance at 0x7f0166616550>,20,26,[3 7],21,-1,47,-1,21
1,<environment.Job instance at 0x7f0166616730>,21,18,[11  5],22,-1,40,-1,22
1,<environment.Job instance at 0x7f0166616820>,23,12,[8 2],24,-1,36,-1,24
1,<environment.Job instance at 0x7f0166616af0>,24,16,[1 5],25,-1,41,-1,25
1,<environment.Job instance at 0x7f0166616910>,25,18,[4 9],26,-1,44,-1,26
1,<environment.Job instance at 0x7f0167b00280>,27,18,[10  5],28,-1,46,-1,28
1,<environment.Job instance at 0x7f0166ad77d0>,28,13,[5 5],29,-1,42,-1,29
1,<environment.Job instance at 0x7f0167ad7960>,30,13,[10  1],31,-1,44,-1,31
1,<environment.Job instance at 0x7f0167ad7aa0>,32,24,[1 9],33,-1,57,-1,33
1,<environment.Job instance at 0x7f01672f4f50>,33,14,[6 5],34,-1,48,-1,34
1,<environment.Job instance at 0x7f0166ad3730>,34,12,[9 3],35,-1,47,-1,35
1,<environment.Job instance at 0x7f0166602b90>,40,17,[5 6],41,-1,58,-1,41
1,<environment.Job instance at 0x7f0166acdc80>,45,21,[ 2 10],46,-1,68,-1,47
1,<environment.Job instance at 0x7f0166acdf00>,46,15,[10  2],47,-1,62,-1,47
1,<environment.Job instance at 0x7f0166ab55a0>,49,13,[4 7],50,-1,64,-1,51
1,<environment.Job instance at 0x7f0166a9f050>,51,17,[11  3],52,-1,74,-1,57
1,<environment.Job instance at 0x7f0166a9f140>,52,16,[12  1],53,-1,74,-1,58
1,<environment.Job instance at 0x7f0166acdf50>,50,16,[10  1],51,-1,74,-1,58
1,<environment.Job instance at 0x7f0166a9f870>,59,15,[ 3 10],60,-1,76,-1,61
1,<environment.Job instance at 0x7f0166ceb9b0>,42,26,[ 3 10],43,-1,88,-1,62
1,<environment.Job instance at 0x7f0166ab93c0>,61,13,[10  2],62,-1,75,-1,62
1,<environment.Job instance at 0x7f0166ab5140>,48,12,[ 2 11],49,-1,74,-1,62
1,<environment.Job instance at 0x7f0166ab9960>,62,14,[5 1],63,-1,77,-1,63
1,<environment.Job instance at 0x7f0166ab9a00>,63,24,[2 6],64,-1,88,-1,64
1,<environment.Job instance at 0x7f0166ab9870>,60,17,[10  2],61,-1,81,-1,64
1,<environment.Job instance at 0x7f0166ab9be0>,66,14,[8 4],67,-1,82,-1,68
1,<environment.Job instance at 0x7f0166ab9f50>,70,14,[5 8],71,-1,85,-1,71
1,<environment.Job instance at 0x7f016699b050>,72,18,[6 2],73,-1,91,-1,73
1,<environment.Job instance at 0x7f016699b280>,74,18,[6 2],75,-1,93,-1,75
1,<environment.Job instance at 0x7f016699b2d0>,75,19,[6 3],76,-1,95,-1,76
1,<environment.Job instance at 0x7f016699b7d0>,78,13,[1 5],79,-1,92,-1,79
1,<environment.Job instance at 0x7f016699ba00>,81,14,[3 6],82,-1,96,-1,82
1,<environment.Job instance at 0x7f016699bc30>,82,27,[5 7],83,-1,110,-1,83
1,<environment.Job instance at 0x7f016699bd70>,85,16,[9 2],86,-1,103,-1,87
1,<environment.Job instance at 0x7f016699be10>,86,15,[10  3],87,-1,102,-1,87
1,<environment.Job instance at 0x7f016699beb0>,87,15,[9 1],88,-1,104,-1,89
1,<environment.Job instance at 0x7f01669630f0>,88,15,[11  4],89,-1,104,-1,89
1,<environment.Job instance at 0x7f01666991e0>,20,26,[3 7],21,-1,89,-1,63
1,<environment.Job instance at 0x7f01674a9b40>,21,18,[11  5],22,-1,81,-1,63
1,<environment.Job instance at 0x7f0167b4d2d0>,29,1,[12  2],30,-1,88,-1,87
1,<environment.Job instance at 0x7f0167466e10>,9,17,[6 2],10,-1,28,-1,11
1,<environment.Job instance at 0x7f0167b94f00>,11,18,[4 9],12,-1,30,-1,12
1,<environment.Job instance at 0x7f0167466c30>,10,17,[5 2],11,-1,30,-1,13
1,<environment.Job instance at 0x7f0167b942d0>,16,16,[8 2],17,-1,33,-1,17
1,<environment.Job instance at 0x7f0167b94aa0>,18,14,[8 5],19,-1,34,-1,20
1,<environment.Job instance at 0x7f0167b944b0>,20,18,[ 4 11],21,-1,39,-1,21
1,<environment.Job instance at 0x7f0167b94e60>,21,18,[ 3 10],22,-1,40,-1,22
1,<environment.Job instance at 0x7f0167b940f0>,23,24,[8 5],24,-1,48,-1,24
1,<environment.Job instance at 0x7f0167b94b40>,24,14,[ 1 10],25,-1,39,-1,25
1,<environment.Job instance at 0x7f0167b940a0>,25,13,[5 7],26,-1,39,-1,26
1,<environment.Job instance at 0x7f01669addc0>,29,15,[1 6],30,-1,45,-1,30
1,<environment.Job instance at 0x7f01669ad0f0>,31,15,[8 1],32,-1,47,-1,32
1,<environment.Job instance at 0x7f01669ada00>,32,16,[5 4],33,-1,49,-1,33
1,<environment.Job instance at 0x7f01669ad3c0>,33,15,[ 3 10],34,-1,49,-1,34
1,<environment.Job instance at 0x7f01669adbe0>,35,15,[5 6],36,-1,51,-1,36
1,<environment.Job instance at 0x7f01669adfa0>,38,20,[3 9],39,-1,59,-1,39
1,<environment.Job instance at 0x7f01669ad2d0>,40,16,[5 4],41,-1,57,-1,41
1,<environment.Job instance at 0x7f01669ad910>,41,17,[ 4 10],42,-1,59,-1,42
1,<environment.Job instance at 0x7f0166caee10>,48,23,[3 9],49,-1,73,-1,50
1,<environment.Job instance at 0x7f0166cae8c0>,44,17,[3 5],45,-1,70,-1,53
1,<environment.Job instance at 0x7f0166cae190>,54,18,[6 4],55,-1,73,-1,55
1,<environment.Job instance at 0x7f0166cae870>,46,14,[6 5],47,-1,71,-1,57
1,<environment.Job instance at 0x7f0166cae1e0>,55,15,[4 7],56,-1,72,-1,57
1,<environment.Job instance at 0x7f0166cae5a0>,49,13,[10  5],50,-1,71,-1,58
1,<environment.Job instance at 0x7f0166cae410>,57,17,[8 4],58,-1,75,-1,58
1,<environment.Job instance at 0x7f01669ad280>,28,13,[12  1],29,-1,81,-1,68
1,<environment.Job instance at 0x7f0166cae500>,43,14,[ 5 13],44,-1,82,-1,68
1,<environment.Job instance at 0x7f0166caeeb0>,58,16,[1 7],59,-1,84,-1,68
1,<environment.Job instance at 0x7f01670f16e0>,71,16,[8 4],72,-1,88,-1,72
1,<environment.Job instance at 0x7f01701acc80>,78,16,[13  3],79,-1,96,-1,80
1,<environment.Job instance at 0x7f01701ac370>,80,13,[5 8],81,-1,101,-1,88
1,<environment.Job instance at 0x7f01677f7b40>,1,14,[ 4 13],2,-1,16,-1,2
1,<environment.Job instance at 0x7f0167466870>,17,14,[11  4],18,-1,45,-1,31
1,<environment.Job instance at 0x7f0167466780>,20,18,[ 4 11],21,-1,65,-1,47
1,<environment.Job instance at 0x7f0167b94780>,23,24,[8 5],24,-1,89,-1,65
1,<environment.Job instance at 0x7f0166cae4b0>,28,13,[12  1],29,-1,95,-1,82
1,<environment.Job instance at 0x7f0166469aa0>,1,16,[1 6],2,-1,18,-1,2
1,<environment.Job instance at 0x7f0166469140>,3,27,[3 5],4,-1,31,-1,4
1,<environment.Job instance at 0x7f0166469780>,7,17,[5 7],8,-1,25,-1,8
1,<environment.Job instance at 0x7f0166469730>,13,12,[9 3],14,-1,26,-1,14
1,<environment.Job instance at 0x7f01664863c0>,15,14,[5 2],16,-1,30,-1,16
1,<environment.Job instance at 0x7f0166486dc0>,16,12,[6 4],17,-1,29,-1,17
1,<environment.Job instance at 0x7f01664868c0>,17,17,[2 6],18,-1,35,-1,18
1,<environment.Job instance at 0x7f0166486960>,18,17,[5 4],19,-1,36,-1,19
1,<environment.Job instance at 0x7f0166486c30>,20,16,[9 4],21,-1,37,-1,21
1,<environment.Job instance at 0x7f01664867d0>,23,13,[5 6],24,-1,37,-1,24
1,<environment.Job instance at 0x7f0166486320>,25,18,[3 9],26,-1,44,-1,26
1,<environment.Job instance at 0x7f01664862d0>,26,27,[10  4],27,-1,54,-1,27
1,<environment.Job instance at 0x7f0166486280>,28,14,[4 5],29,-1,43,-1,29
1,<environment.Job instance at 0x7f0166486500>,29,14,[9 4],30,-1,46,-1,32
1,<environment.Job instance at 0x7f0166487410>,32,25,[7 3],33,-1,58,-1,33
1,<environment.Job instance at 0x7f0166486be0>,31,18,[4 8],32,-1,51,-1,33
1,<environment.Job instance at 0x7f0166487730>,36,17,[2 9],37,-1,54,-1,37
1,<environment.Job instance at 0x7f0166487c30>,38,13,[ 3 10],39,-1,52,-1,39
1,<environment.Job instance at 0x7f0166487820>,40,16,[10  3],41,-1,57,-1,41
1,<environment.Job instance at 0x7f01664877d0>,41,17,[10  5],42,-1,59,-1,42
1,<environment.Job instance at 0x7f0166487280>,43,17,[6 1],44,-1,61,-1,44
1,<environment.Job instance at 0x7f0166487780>,46,13,[8 5],47,-1,60,-1,47
1,<environment.Job instance at 0x7f0166369f50>,49,18,[5 2],50,-1,68,-1,50
1,<environment.Job instance at 0x7f0166e49c80>,54,12,[3 7],55,-1,67,-1,55
1,<environment.Job instance at 0x7f0166e49af0>,57,16,[2 7],58,-1,74,-1,58
1,<environment.Job instance at 0x7f0166e49690>,58,15,[6 2],59,-1,74,-1,59
1,<environment.Job instance at 0x7f0166f37eb0>,59,14,[7 2],60,-1,74,-1,60
1,<environment.Job instance at 0x7f016703bf00>,60,18,[1 7],61,-1,79,-1,61
1,<environment.Job instance at 0x7f016703b780>,62,14,[8 5],63,-1,77,-1,63
1,<environment.Job instance at 0x7f01674f9e60>,65,26,[4 8],66,-1,92,-1,66
1,<environment.Job instance at 0x7f01674f91e0>,66,20,[4 8],67,-1,87,-1,67
1,<environment.Job instance at 0x7f01674f9eb0>,68,16,[8 4],69,-1,85,-1,69
1,<environment.Job instance at 0x7f01674f9dc0>,70,25,[5 4],71,-1,96,-1,71
1,<environment.Job instance at 0x7f01674f9a50>,71,21,[5 5],72,-1,93,-1,72
1,<environment.Job instance at 0x7f01677dd9b0>,73,18,[ 2 10],74,-1,92,-1,74
1,<environment.Job instance at 0x7f0166b32e60>,75,25,[5 7],76,-1,101,-1,76
1,<environment.Job instance at 0x7f0167ae8f00>,77,22,[5 8],78,-1,100,-1,78
1,<environment.Job instance at 0x7f01662f8c30>,79,3,[11  3],80,-1,84,-1,81
1,<environment.Job instance at 0x7f0167ae85a0>,80,15,[3 8],81,-1,96,-1,81
1,<environment.Job instance at 0x7f0167b9e460>,81,12,[3 9],82,-1,94,-1,82
1,<environment.Job instance at 0x7f0166f4e870>,83,27,[8 5],84,-1,111,-1,84
1,<environment.Job instance at 0x7f016729b280>,85,14,[7 3],86,-1,100,-1,86
1,<environment.Job instance at 0x7f016708bb90>,4,1,[12  4],5,-1,6,-1,5
1,<environment.Job instance at 0x7f0166b72050>,5,2,[14  1],6,-1,8,-1,6
1,<environment.Job instance at 0x7f016708b0a0>,3,27,[3 5],4,-1,40,-1,13
1,<environment.Job instance at 0x7f01673f6e60>,26,27,[10  4],27,-1,98,-1,71
1,<environment.Job instance at 0x7f0166a01780>,30,1,[ 5 11],31,-1,73,-1,72
1,<environment.Job instance at 0x7f01707f2730>,3,24,[3 5],4,-1,28,-1,4
1,<environment.Job instance at 0x7f01707f2690>,5,14,[10  1],6,-1,21,-1,7
1,<environment.Job instance at 0x7f01707f2e10>,7,17,[2 7],8,-1,25,-1,8
1,<environment.Job instance at 0x7f01707f2910>,8,15,[5 5],9,-1,24,-1,9
1,<environment.Job instance at 0x7f01674afb40>,10,15,[6 3],11,-1,26,-1,11
1,<environment.Job instance at 0x7f01674af7d0>,11,18,[5 9],12,-1,30,-1,12
1,<environment.Job instance at 0x7f01707f28c0>,6,15,[3 6],7,-1,27,-1,12
1,<environment.Job instance at 0x7f01674af690>,13,18,[3 7],14,-1,33,-1,15
1,<environment.Job instance at 0x7f01674af050>,14,27,[1 8],15,-1,42,-1,15
1,<environment.Job instance at 0x7f01674afc80>,20,18,[2 7],21,-1,39,-1,21
1,<environment.Job instance at 0x7f01674affa0>,24,23,[4 5],25,-1,48,-1,25
1,<environment.Job instance at 0x7f01674af460>,25,13,[8 4],26,-1,39,-1,26
1,<environment.Job instance at 0x7f0166eaa0f0>,26,13,[6 5],27,-1,40,-1,27
1,<environment.Job instance at 0x7f0166eaae60>,29,18,[7 4],30,-1,48,-1,30
1,<environment.Job instance at 0x7f0166eaaa50>,34,18,[3 6],35,-1,55,-1,37
1,<environment.Job instance at 0x7f0166eaa050>,36,26,[8 5],37,-1,64,-1,38
1,<environment.Job instance at 0x7f0166eaadc0>,39,20,[6 3],40,-1,61,-1,41
1,<environment.Job instance at 0x7f0166eaa230>,40,17,[5 8],41,-1,60,-1,43
1,<environment.Job instance at 0x7f0166695e60>,44,16,[2 7],45,-1,61,-1,45
1,<environment.Job instance at 0x7f01666955f0>,45,17,[6 3],46,-1,63,-1,46
1,<environment.Job instance at 0x7f0166695dc0>,46,14,[10  1],47,-1,62,-1,48
1,<environment.Job instance at 0x7f0166695c30>,50,18,[5 6],51,-1,69,-1,51
1,<environment.Job instance at 0x7f0166695460>,51,17,[2 9],52,-1,69,-1,52
1,<environment.Job instance at 0x7f01666954b0>,54,12,[10  2],55,-1,69,-1,57
1,<environment.Job instance at 0x7f0167480140>,57,22,[10  1],58,-1,80,-1,58
1,<environment.Job instance at 0x7f0167480320>,60,20,[3 8],61,-1,81,-1,61
1,<environment.Job instance at 0x7f0167480730>,62,13,[9 2],63,-1,76,-1,63
1,<environment.Job instance at 0x7f0166695820>,56,13,[9 1],57,-1,89,-1,76
1,<environment.Job instance at 0x7f0166c6a780>,79,22,[7 3],80,-1,104,-1,82
1,<environment.Job instance at 0x7f0166c6a960>,80,15,[13  3],81,-1,101,-1,86
1,<environment.Job instance at 0x7f0167067a00>,3,24,[3 5],4,-1,28,-1,4
1,<environment.Job instance at 0x7f0167b19dc0>,14,27,[1 8],15,-1,58,-1,31
1,<environment.Job instance at 0x7f01669e1aa0>,24,23,[4 5],25,-1,86,-1,63
1,<environment.Job instance at 0x7f01669e1c80>,27,13,[12  5],28,-1,79,-1,66
1,<environment.Job instance at 0x7f0166eb3410>,0,16,[ 2 10],1,-1,17,-1,1
1,<environment.Job instance at 0x7f01675b4a00>,3,15,[4 8],4,-1,19,-1,4
1,<environment.Job instance at 0x7f0167b2c550>,6,18,[5 8],7,-1,26,-1,8
1,<environment.Job instance at 0x7f0167b2cbe0>,9,17,[ 2 10],10,-1,27,-1,10
1,<environment.Job instance at 0x7f0167b2c640>,11,18,[8 1],12,-1,30,-1,12
1,<environment.Job instance at 0x7f0167b2c2d0>,12,15,[3 9],13,-1,28,-1,13
1,<environment.Job instance at 0x7f0167b2ccd0>,13,20,[8 4],14,-1,34,-1,14
1,<environment.Job instance at 0x7f0167a62870>,7,13,[5 8],8,-1,29,-1,16
1,<environment.Job instance at 0x7f0167b2ca00>,17,27,[8 5],18,-1,45,-1,18
1,<environment.Job instance at 0x7f0167b2cc80>,18,1,[6 5],19,-1,20,-1,19
1,<environment.Job instance at 0x7f0170579550>,23,16,[5 2],24,-1,40,-1,24
1,<environment.Job instance at 0x7f0170579500>,25,13,[10  5],26,-1,39,-1,26
1,<environment.Job instance at 0x7f01705790a0>,26,17,[7 3],27,-1,44,-1,27
1,<environment.Job instance at 0x7f0166c8e050>,28,13,[8 3],29,-1,42,-1,29
1,<environment.Job instance at 0x7f0166c8eaa0>,30,13,[1 9],31,-1,44,-1,31
1,<environment.Job instance at 0x7f0166c8e820>,31,17,[9 4],32,-1,49,-1,32
1,<environment.Job instance at 0x7f0166c8e2d0>,32,24,[4 6],33,-1,57,-1,33
1,<environment.Job instance at 0x7f0166c8ec30>,34,18,[5 2],35,-1,53,-1,35
1,<environment.Job instance at 0x7f0166c8ec80>,35,14,[10  1],36,-1,50,-1,36
1,<environment.Job instance at 0x7f0166c8eb90>,36,12,[9 5],37,-1,49,-1,37
1,<environment.Job instance at 0x7f0166c8ee60>,40,16,[5 4],41,-1,57,-1,41
1,<environment.Job instance at 0x7f0166c8e3c0>,41,18,[7 2],42,-1,60,-1,42
1,<environment.Job instance at 0x7f0166eed9b0>,43,13,[ 3 11],44,-1,57,-1,44
1,<environment.Job instance at 0x7f0166eed820>,44,12,[7 2],45,-1,57,-1,45
1,<environment.Job instance at 0x7f0166eed190>,49,18,[ 5 10],50,-1,68,-1,50
1,<environment.Job instance at 0x7f016738f410>,57,17,[6 2],58,-1,75,-1,58
1,<environment.Job instance at 0x7f016738f5a0>,58,16,[6 5],59,-1,75,-1,59
1,<environment.Job instance at 0x7f0166c6a460>,5,15,[ 4 12],6,-1,21,-1,6
1,<environment.Job instance at 0x7f016707daa0>,17,27,[8 5],18,-1,86,-1,59
1,<environment.Job instance at 0x7f0167a5c410>,3,27,[1 7],4,-1,31,-1,4
1,<environment.Job instance at 0x7f0167a5ce10>,5,18,[ 3 12],6,-1,24,-1,6
1,<environment.Job instance at 0x7f0167a5c500>,7,1,[ 4 10],8,-1,9,-1,8
1,<environment.Job instance at 0x7f0167a5c870>,8,13,[2 7],9,-1,22,-1,9
1,<environment.Job instance at 0x7f0167a5c4b0>,9,15,[4 7],10,-1,25,-1,10
1,<environment.Job instance at 0x7f0167a5c910>,10,1,[12  1],11,-1,12,-1,11
1,<environment.Job instance at 0x7f0167a5c7d0>,11,25,[9 1],12,-1,37,-1,12
1,<environment.Job instance at 0x7f0167a5c050>,12,17,[5 9],13,-1,30,-1,13
1,<environment.Job instance at 0x7f0167a5c780>,13,18,[5 5],14,-1,32,-1,14
1,<environment.Job instance at 0x7f0167a5ceb0>,14,15,[8 2],15,-1,31,-1,16
1,<environment.Job instance at 0x7f0167283140>,15,17,[6 4],16,-1,33,-1,16
1,<environment.Job instance at 0x7f0167242cd0>,16,17,[1 6],17,-1,34,-1,17
1,<environment.Job instance at 0x7f0167242500>,17,18,[5 5],18,-1,36,-1,18
1,<environment.Job instance at 0x7f0167242780>,18,18,[ 3 10],19,-1,38,-1,20
1,<environment.Job instance at 0x7f0167242230>,20,27,[5 4],21,-1,48,-1,21
1,<environment.Job instance at 0x7f0167242be0>,21,28,[7 5],22,-1,50,-1,22
1,<environment.Job instance at 0x7f01672421e0>,19,13,[8 4],20,-1,35,-1,22
1,<environment.Job instance at 0x7f0167242c80>,23,28,[8 2],24,-1,53,-1,25
1,<environment.Job instance at 0x7f0167242690>,25,13,[ 5 10],26,-1,39,-1,26
1,<environment.Job instance at 0x7f01672425f0>,28,17,[5 3],29,-1,46,-1,29
1,<environment.Job instance at 0x7f0167242eb0>,24,16,[2 5],25,-1,46,-1,30
1,<environment.Job instance at 0x7f017024a410>,35,2,[7 1],36,-1,38,-1,36
1,<environment.Job instance at 0x7f017024a5a0>,36,2,[2 6],37,-1,39,-1,37
1,<environment.Job instance at 0x7f017024a140>,37,18,[2 6],38,-1,56,-1,38
1,<environment.Job instance at 0x7f016774ce10>,38,15,[3 9],39,-1,54,-1,39
1,<environment.Job instance at 0x7f016774c230>,39,12,[10  4],40,-1,52,-1,40
1,<environment.Job instance at 0x7f016774ceb0>,40,13,[7 1],41,-1,54,-1,41
1,<environment.Job instance at 0x7f016774c910>,43,19,[7 1],44,-1,63,-1,44
1,<environment.Job instance at 0x7f016774cfa0>,44,15,[10  1],45,-1,60,-1,45
1,<environment.Job instance at 0x7f016774c4b0>,45,18,[7 4],46,-1,64,-1,46
1,<environment.Job instance at 0x7f016774c550>,48,18,[ 2 10],49,-1,67,-1,49
1,<environment.Job instance at 0x7f016774c500>,49,13,[5 8],50,-1,63,-1,50
1,<environment.Job instance at 0x7f0166509e60>,52,14,[4 6],53,-1,67,-1,53
1,<environment.Job instance at 0x7f0166509460>,53,27,[5 1],54,-1,81,-1,54
1,<environment.Job instance at 0x7f0166509eb0>,54,15,[5 5],55,-1,70,-1,55
1,<environment.Job instance at 0x7f0166509870>,55,14,[5 9],56,-1,70,-1,56
1,<environment.Job instance at 0x7f0166a2cd70>,61,12,[3 8],62,-1,74,-1,62
1,<environment.Job instance at 0x7f0166a2cd20>,63,18,[6 4],64,-1,82,-1,64
1,<environment.Job instance at 0x7f0166a2ccd0>,64,18,[9 1],65,-1,83,-1,65
1,<environment.Job instance at 0x7f0166a2c7d0>,67,12,[3 8],68,-1,80,-1,68
1,<environment.Job instance at 0x7f0166a2c5a0>,68,16,[1 7],69,-1,85,-1,69
1,<environment.Job instance at 0x7f01674a4be0>,70,18,[2 9],71,-1,89,-1,71
1,<environment.Job instance at 0x7f01667c1fa0>,0,27,[ 3 13],1,-1,28,-1,1
1,<environment.Job instance at 0x7f0166490c80>,3,27,[1 7],4,-1,31,-1,4
1,<environment.Job instance at 0x7f01671c8f50>,5,18,[ 3 12],6,-1,24,-1,6
1,<environment.Job instance at 0x7f01669c82d0>,10,1,[12  1],11,-1,12,-1,11
1,<environment.Job instance at 0x7f01669db820>,11,25,[9 1],12,-1,62,-1,37
1,<environment.Job instance at 0x7f01664e6c80>,20,27,[5 4],21,-1,82,-1,55
1,<environment.Job instance at 0x7f01669d78c0>,21,28,[7 5],22,-1,83,-1,55
1,<environment.Job instance at 0x7f01669d7a50>,23,28,[8 2],24,-1,96,-1,68
1,<environment.Job instance at 0x7f016748b780>,0,17,[7 1],1,-1,19,-1,2
1,<environment.Job instance at 0x7f01667c1690>,1,17,[7 4],2,-1,19,-1,2
1,<environment.Job instance at 0x7f016748b6e0>,5,18,[8 2],6,-1,26,-1,8
1,<environment.Job instance at 0x7f016748b280>,8,1,[3 8],9,-1,10,-1,9
1,<environment.Job instance at 0x7f016748b320>,9,1,[10  3],10,-1,11,-1,10
1,<environment.Job instance at 0x7f016748b7d0>,7,28,[4 9],8,-1,39,-1,11
1,<environment.Job instance at 0x7f01674aeb40>,16,15,[10  2],17,-1,36,-1,21
1,<environment.Job instance at 0x7f01674aeaa0>,21,15,[7 2],22,-1,37,-1,22
1,<environment.Job instance at 0x7f01674a42d0>,28,16,[10  1],29,-1,45,-1,29
1,<environment.Job instance at 0x7f01674a4c30>,29,18,[8 2],30,-1,48,-1,30
1,<environment.Job instance at 0x7f01674a4780>,30,18,[2 8],31,-1,49,-1,31
1,<environment.Job instance at 0x7f01674a46e0>,34,15,[7 2],35,-1,50,-1,35
1,<environment.Job instance at 0x7f01674a45f0>,35,18,[9 1],36,-1,54,-1,36
1,<environment.Job instance at 0x7f01674a40f0>,37,12,[9 1],38,-1,50,-1,38
1,<environment.Job instance at 0x7f01668dec30>,40,15,[5 8],41,-1,56,-1,41
1,<environment.Job instance at 0x7f01668de0f0>,44,21,[8 1],45,-1,66,-1,45
1,<environment.Job instance at 0x7f01668de500>,45,13,[2 6],46,-1,59,-1,46
1,<environment.Job instance at 0x7f01668de320>,49,25,[ 3 10],50,-1,75,-1,50
1,<environment.Job instance at 0x7f01671d3aa0>,50,18,[ 2 11],51,-1,69,-1,51
1,<environment.Job instance at 0x7f01671d3230>,51,12,[ 1 10],52,-1,64,-1,52
1,<environment.Job instance at 0x7f01671d3c80>,54,17,[5 4],55,-1,72,-1,55
1,<environment.Job instance at 0x7f01671d3190>,55,15,[9 4],56,-1,71,-1,56
1,<environment.Job instance at 0x7f01671d3550>,57,23,[9 2],58,-1,81,-1,58
1,<environment.Job instance at 0x7f01671d3fa0>,60,15,[4 8],61,-1,76,-1,61
1,<environment.Job instance at 0x7f01671d3d70>,63,17,[7 4],64,-1,81,-1,64
1,<environment.Job instance at 0x7f016749c730>,68,16,[6 5],69,-1,85,-1,69
1,<environment.Job instance at 0x7f016749c410>,70,15,[7 2],71,-1,86,-1,71
1,<environment.Job instance at 0x7f016749c7d0>,71,14,[1 5],72,-1,86,-1,72
1,<environment.Job instance at 0x7f016749c960>,72,18,[ 2 10],73,-1,91,-1,73
1,<environment.Job instance at 0x7f016749c460>,73,14,[4 9],74,-1,88,-1,74
1,<environment.Job instance at 0x7f016749c690>,74,12,[9 4],75,-1,87,-1,75
1,<environment.Job instance at 0x7f01674b22d0>,77,15,[1 6],78,-1,93,-1,78
1,<environment.Job instance at 0x7f01674b2c30>,81,18,[5 5],82,-1,100,-1,82
1,<environment.Job instance at 0x7f01674b2cd0>,83,24,[4 7],84,-1,108,-1,84
1,<environment.Job instance at 0x7f01674b2e60>,84,16,[4 7],85,-1,101,-1,85
1,<environment.Job instance at 0x7f01674a4d70>,7,28,[4 9],8,-1,46,-1,18
1,<environment.Job instance at 0x7f01668dea50>,11,18,[13  5],12,-1,37,-1,19
1,<environment.Job instance at 0x7f01671d30a0>,15,14,[11  2],16,-1,49,-1,35
1,<environment.Job instance at 0x7f01674b29b0>,18,1,[14  2],19,-1,38,-1,37
1,<environment.Job instance at 0x7f01674910a0>,19,1,[ 1 11],20,-1,38,-1,37
1,<environment.Job instance at 0x7f01669b08c0>,7,18,[3 9],8,-1,28,-1,10
1,<environment.Job instance at 0x7f01669b0c30>,12,15,[ 1 10],13,-1,28,-1,13
1,<environment.Job instance at 0x7f01669b06e0>,13,24,[3 5],14,-1,38,-1,14
1,<environment.Job instance at 0x7f01669b0460>,15,16,[5 5],16,-1,32,-1,16
1,<environment.Job instance at 0x7f01669b0050>,18,17,[10  4],19,-1,38,-1,21
1,<environment.Job instance at 0x7f01676ea6e0>,21,17,[4 7],22,-1,39,-1,22
1,<environment.Job instance at 0x7f01676eadc0>,23,17,[4 9],24,-1,41,-1,24
1,<environment.Job instance at 0x7f01676ea460>,28,16,[9 2],29,-1,45,-1,29
1,<environment.Job instance at 0x7f0167b67730>,40,18,[8 5],41,-1,64,-1,46
1,<environment.Job instance at 0x7f01676ea960>,30,26,[4 8],31,-1,72,-1,46
1,<environment.Job instance at 0x7f0167b67320>,42,18,[4 5],43,-1,64,-1,46
1,<environment.Job instance at 0x7f0167b67190>,34,15,[3 8],35,-1,61,-1,46
1,<environment.Job instance at 0x7f0167306eb0>,45,15,[12  1],46,-1,62,-1,47
1,<environment.Job instance at 0x7f0167306780>,46,13,[5 6],47,-1,60,-1,47
1,<environment.Job instance at 0x7f0167b67a50>,29,24,[7 1],30,-1,71,-1,47
1,<environment.Job instance at 0x7f01673062d0>,48,17,[10  4],49,-1,68,-1,51
1,<environment.Job instance at 0x7f0167306be0>,49,15,[5 9],50,-1,66,-1,51
1,<environment.Job instance at 0x7f0167191820>,55,22,[1 9],56,-1,78,-1,56
1,<environment.Job instance at 0x7f0167306820>,52,16,[3 5],53,-1,73,-1,57
1,<environment.Job instance at 0x7f0167191b90>,60,18,[7 3],61,-1,79,-1,61
1,<environment.Job instance at 0x7f0167191e10>,63,17,[10  3],64,-1,84,-1,67
1,<environment.Job instance at 0x7f01674ca690>,67,15,[6 4],68,-1,85,-1,70
1,<environment.Job instance at 0x7f0167191550>,59,18,[ 3 12],60,-1,89,-1,71
1,<environment.Job instance at 0x7f01674cac80>,68,17,[3 8],69,-1,88,-1,71
1,<environment.Job instance at 0x7f01674ca960>,69,15,[ 5 10],70,-1,86,-1,71
1,<environment.Job instance at 0x7f01674ca820>,70,19,[5 4],71,-1,90,-1,71
1,<environment.Job instance at 0x7f01674ca500>,71,17,[ 2 10],72,-1,89,-1,72
1,<environment.Job instance at 0x7f01674caa50>,73,18,[9 2],74,-1,102,-1,84
1,<environment.Job instance at 0x7f01674ca2d0>,74,24,[5 9],75,-1,108,-1,84
1,<environment.Job instance at 0x7f01674ca8c0>,75,16,[10  3],76,-1,100,-1,84
1,<environment.Job instance at 0x7f01674cab40>,77,26,[8 5],78,-1,110,-1,84
1,<environment.Job instance at 0x7f0167b67410>,43,18,[8 1],44,-1,102,-1,84
1,<environment.Job instance at 0x7f0166e14d70>,83,26,[7 5],84,-1,110,-1,84
1,<environment.Job instance at 0x7f0167b67d70>,38,13,[ 5 10],39,-1,97,-1,84
1,<environment.Job instance at 0x7f0166e14a00>,82,13,[9 1],83,-1,97,-1,84
1,<environment.Job instance at 0x7f01674caaf0>,80,17,[10  1],81,-1,101,-1,84
1,<environment.Job instance at 0x7f0166e14050>,84,16,[3 9],85,-1,101,-1,85
1,<environment.Job instance at 0x7f0166cfc870>,5,13,[ 3 12],6,-1,19,-1,6
1,<environment.Job instance at 0x7f0166cfc820>,6,13,[ 4 12],7,-1,20,-1,7
1,<environment.Job instance at 0x7f0166cfc230>,13,24,[3 5],14,-1,42,-1,18
1,<environment.Job instance at 0x7f01674915f0>,29,24,[7 1],30,-1,93,-1,69
1,<environment.Job instance at 0x7f01674b2370>,30,26,[4 8],31,-1,110,-1,84
1,<environment.Job instance at 0x7f0166326e10>,2,18,[4 7],3,-1,21,-1,3
1,<environment.Job instance at 0x7f01663266e0>,5,17,[9 3],6,-1,27,-1,10
1,<environment.Job instance at 0x7f01707eb820>,10,2,[7 3],11,-1,13,-1,11
1,<environment.Job instance at 0x7f01707eb0f0>,11,12,[10  4],12,-1,24,-1,12
1,<environment.Job instance at 0x7f016764adc0>,12,1,[7 3],13,-1,14,-1,13
1,<environment.Job instance at 0x7f016780e5f0>,9,15,[5 5],10,-1,28,-1,13
1,<environment.Job instance at 0x7f016738f3c0>,24,17,[5 9],25,-1,43,-1,26
1,<environment.Job instance at 0x7f016738f280>,26,23,[10  4],27,-1,50,-1,27
1,<environment.Job instance at 0x7f016738fb90>,27,15,[5 5],28,-1,43,-1,28
1,<environment.Job instance at 0x7f016738faf0>,28,17,[4 9],29,-1,46,-1,29
1,<environment.Job instance at 0x7f016738f910>,29,18,[9 5],30,-1,48,-1,30
1,<environment.Job instance at 0x7f016737e960>,31,17,[8 2],32,-1,49,-1,32
1,<environment.Job instance at 0x7f016737e870>,32,18,[10  5],33,-1,51,-1,33
1,<environment.Job instance at 0x7f016737ec30>,35,16,[3 8],36,-1,52,-1,36
1,<environment.Job instance at 0x7f016737e8c0>,36,14,[4 7],37,-1,51,-1,37
1,<environment.Job instance at 0x7f016737ea00>,37,18,[5 4],38,-1,56,-1,38
1,<environment.Job instance at 0x7f016737e730>,40,12,[2 9],41,-1,53,-1,41
1,<environment.Job instance at 0x7f016738c910>,41,17,[7 2],42,-1,59,-1,42
1,<environment.Job instance at 0x7f016738c280>,43,16,[3 9],44,-1,60,-1,44
1,<environment.Job instance at 0x7f016738cbe0>,44,13,[10  1],45,-1,58,-1,45
1,<environment.Job instance at 0x7f016738cc30>,45,13,[ 3 10],46,-1,59,-1,46
1,<environment.Job instance at 0x7f016738f410>,25,17,[5 9],26,-1,64,-1,47
1,<environment.Job instance at 0x7f0167076af0>,51,17,[3 7],52,-1,70,-1,53
1,<environment.Job instance at 0x7f0167be76e0>,52,24,[11  1],53,-1,77,-1,53
1,<environment.Job instance at 0x7f0167066fa0>,54,18,[8 2],55,-1,82,-1,64
1,<environment.Job instance at 0x7f016738ceb0>,49,25,[8 3],50,-1,89,-1,64
1,<environment.Job instance at 0x7f0166934320>,62,18,[10  1],63,-1,82,-1,64
1,<environment.Job instance at 0x7f0166fa95f0>,73,18,[ 3 10],74,-1,97,-1,79
1,<environment.Job instance at 0x7f01668989b0>,78,12,[10  2],79,-1,93,-1,81
1,<environment.Job instance at 0x7f01668980a0>,81,15,[9 5],82,-1,97,-1,82
1,<environment.Job instance at 0x7f016687e820>,71,18,[7 1],72,-1,101,-1,83
1,<environment.Job instance at 0x7f0166d51af0>,82,14,[ 1 10],83,-1,100,-1,86
1,<environment.Job instance at 0x7f0166882370>,86,21,[3 7],87,-1,108,-1,87
1,<environment.Job instance at 0x7f01668824b0>,87,15,[ 3 10],88,-1,104,-1,89
1,<environment.Job instance at 0x7f0166f11190>,3,3,[11  3],4,-1,7,-1,4
1,<environment.Job instance at 0x7f01669648c0>,18,16,[ 5 13],19,-1,48,-1,32
1,<environment.Job instance at 0x7f0166e869b0>,21,15,[14  4],22,-1,51,-1,36
1,<environment.Job instance at 0x7f0166ea8370>,26,23,[10  4],27,-1,68,-1,45
1,<environment.Job instance at 0x7f0166964500>,1,17,[5 6],2,-1,19,-1,2
1,<environment.Job instance at 0x7f0166964eb0>,2,16,[10  1],3,-1,20,-1,4
1,<environment.Job instance at 0x7f0166964460>,4,12,[4 9],5,-1,17,-1,5
1,<environment.Job instance at 0x7f0166964dc0>,5,12,[7 2],6,-1,18,-1,6
1,<environment.Job instance at 0x7f0166964870>,6,13,[ 5 11],7,-1,20,-1,7
1,<environment.Job instance at 0x7f01669645a0>,3,17,[ 2 10],4,-1,25,-1,8
1,<environment.Job instance at 0x7f0166964be0>,8,15,[10  2],9,-1,25,-1,10
1,<environment.Job instance at 0x7f0166964b90>,11,18,[4 6],12,-1,30,-1,12
1,<environment.Job instance at 0x7f0166964140>,9,18,[3 8],10,-1,30,-1,12
1,<environment.Job instance at 0x7f01667f7320>,16,13,[8 3],17,-1,30,-1,17
1,<environment.Job instance at 0x7f01667f7370>,17,12,[ 3 10],18,-1,30,-1,18
1,<environment.Job instance at 0x7f01667f72d0>,18,15,[8 2],19,-1,34,-1,19
1,<environment.Job instance at 0x7f01667f7730>,23,12,[5 9],24,-1,37,-1,25
1,<environment.Job instance at 0x7f01667f7cd0>,24,16,[1 8],25,-1,44,-1,28
1,<environment.Job instance at 0x7f0166a933c0>,29,20,[2 8],30,-1,50,-1,30
1,<environment.Job instance at 0x7f0166a93780>,33,18,[8 1],34,-1,72,-1,54
1,<environment.Job instance at 0x7f0166a85640>,40,18,[5 7],41,-1,72,-1,54
1,<environment.Job instance at 0x7f0166e64050>,46,18,[1 5],47,-1,72,-1,54
1,<environment.Job instance at 0x7f0166e649b0>,41,23,[5 9],42,-1,78,-1,55
1,<environment.Job instance at 0x7f0166a85af0>,35,12,[10  3],36,-1,67,-1,55
1,<environment.Job instance at 0x7f0166e645a0>,51,26,[7 2],52,-1,82,-1,56
1,<environment.Job instance at 0x7f0166e64af0>,54,14,[10  5],55,-1,98,-1,84
1,<environment.Job instance at 0x7f0166ea58c0>,61,17,[10  3],62,-1,101,-1,84
1,<environment.Job instance at 0x7f0166ea50f0>,63,12,[9 4],64,-1,96,-1,84
1,<environment.Job instance at 0x7f0166ea5370>,64,18,[5 3],65,-1,102,-1,84
1,<environment.Job instance at 0x7f016705ba00>,6,13,[ 5 11],7,-1,20,-1,7
1,<environment.Job instance at 0x7f016705b910>,7,2,[13  1],8,-1,10,-1,8
1,<environment.Job instance at 0x7f0167039730>,14,1,[11  3],15,-1,34,-1,33
1,<environment.Job instance at 0x7f0167058550>,21,13,[ 1 13],22,-1,82,-1,69
1,<environment.Job instance at 0x7f016701eeb0>,22,27,[9 1],23,-1,104,-1,77
1,<environment.Job instance at 0x7f01670576e0>,26,21,[12  2],27,-1,104,-1,83
1,<environment.Job instance at 0x7f0166637b40>,2,17,[5 9],3,-1,21,-1,4
1,<environment.Job instance at 0x7f0167038780>,3,18,[6 1],4,-1,22,-1,4
1,<environment.Job instance at 0x7f0166637e60>,7,17,[3 7],8,-1,26,-1,9
1,<environment.Job instance at 0x7f0166637f00>,8,16,[8 5],9,-1,25,-1,9
1,<environment.Job instance at 0x7f016664f6e0>,15,22,[9 4],16,-1,41,-1,19
1,<environment.Job instance at 0x7f016664fb90>,19,27,[5 8],20,-1,47,-1,20
1,<environment.Job instance at 0x7f016664fc30>,21,12,[10  5],22,-1,34,-1,22
1,<environment.Job instance at 0x7f016664fd20>,22,15,[ 5 10],23,-1,38,-1,23
1,<environment.Job instance at 0x7f016664fcd0>,23,16,[5 8],24,-1,40,-1,24
1,<environment.Job instance at 0x7f01666fb140>,26,22,[3 8],27,-1,49,-1,27
1,<environment.Job instance at 0x7f016664f960>,18,14,[3 7],19,-1,48,-1,34
1,<environment.Job instance at 0x7f01666fbf00>,38,17,[3 7],39,-1,57,-1,40
1,<environment.Job instance at 0x7f01667060f0>,40,18,[9 4],41,-1,59,-1,41
1,<environment.Job instance at 0x7f01667065f0>,48,24,[8 2],49,-1,90,-1,66
1,<environment.Job instance at 0x7f0166706780>,49,27,[ 3 13],50,-1,97,-1,70
1,<environment.Job instance at 0x7f0166706410>,46,13,[2 9],47,-1,84,-1,71
1,<environment.Job instance at 0x7f0166706be0>,54,17,[7 1],55,-1,92,-1,75
1,<environment.Job instance at 0x7f0166cc8cd0>,0,12,[ 4 12],1,-1,13,-1,1
1,<environment.Job instance at 0x7f0166964c30>,19,27,[5 8],20,-1,81,-1,54
1,<environment.Job instance at 0x7f0166ea9c30>,35,15,[13  3],36,-1,101,-1,86
1,<environment.Job instance at 0x7f01668fd050>,2,14,[9 2],3,-1,18,-1,4
1,<environment.Job instance at 0x7f016655a640>,3,14,[9 2],4,-1,19,-1,5
1,<environment.Job instance at 0x7f01679aa2d0>,8,12,[9 4],9,-1,22,-1,10
1,<environment.Job instance at 0x7f01668fdb40>,9,17,[12  4],10,-1,27,-1,10
1,<environment.Job instance at 0x7f01679aa4b0>,10,20,[7 1],11,-1,32,-1,12
1,<environment.Job instance at 0x7f01679aabe0>,11,14,[9 4],12,-1,26,-1,12
1,<environment.Job instance at 0x7f01679aa370>,13,17,[3 7],14,-1,31,-1,14
1,<environment.Job instance at 0x7f01677b70f0>,21,16,[9 2],22,-1,38,-1,22
1,<environment.Job instance at 0x7f01677b7aa0>,22,16,[6 1],23,-1,40,-1,24
1,<environment.Job instance at 0x7f01677b73c0>,24,1,[8 3],25,-1,26,-1,25
1,<environment.Job instance at 0x7f01677b7460>,25,13,[10  4],26,-1,39,-1,26
1,<environment.Job instance at 0x7f01677b7230>,23,14,[ 4 10],24,-1,41,-1,27
1,<environment.Job instance at 0x7f01703c93c0>,27,17,[9 1],28,-1,47,-1,30
1,<environment.Job instance at 0x7f016770cd20>,33,17,[7 2],34,-1,51,-1,34
1,<environment.Job instance at 0x7f016770c6e0>,35,24,[7 4],36,-1,61,-1,37
1,<environment.Job instance at 0x7f01664149b0>,37,15,[2 5],38,-1,53,-1,38
1,<environment.Job instance at 0x7f0166414500>,41,14,[ 2 10],42,-1,56,-1,42
1,<environment.Job instance at 0x7f01664143c0>,43,18,[8 3],44,-1,62,-1,44
1,<environment.Job instance at 0x7f016770c0f0>,36,14,[9 1],37,-1,67,-1,53
1,<environment.Job instance at 0x7f01667a2640>,56,26,[10  2],57,-1,86,-1,60
1,<environment.Job instance at 0x7f01677b7320>,17,13,[12  4],18,-1,73,-1,60
1,<environment.Job instance at 0x7f01667a2140>,55,18,[4 5],56,-1,80,-1,62
1,<environment.Job instance at 0x7f01667a2550>,57,17,[8 3],58,-1,82,-1,65
1,<environment.Job instance at 0x7f01667a20a0>,60,17,[8 5],61,-1,89,-1,72
1,<environment.Job instance at 0x7f01667a2910>,58,14,[9 3],59,-1,86,-1,72
1,<environment.Job instance at 0x7f01667a2b40>,61,15,[3 7],62,-1,90,-1,75
1,<environment.Job instance at 0x7f01667a2730>,64,1,[12  5],65,-1,76,-1,75
1,<environment.Job instance at 0x7f01676cd6e0>,66,15,[3 5],67,-1,90,-1,75
1,<environment.Job instance at 0x7f01676cd2d0>,71,18,[5 5],72,-1,96,-1,78
1,<environment.Job instance at 0x7f01667a2690>,62,21,[9 5],63,-1,99,-1,78
1,<environment.Job instance at 0x7f01676cdd20>,72,15,[ 1 10],73,-1,93,-1,78
1,<environment.Job instance at 0x7f0167bea5f0>,74,18,[9 2],75,-1,96,-1,78
1,<environment.Job instance at 0x7f0167bea960>,75,18,[10  4],76,-1,96,-1,78
1,<environment.Job instance at 0x7f0167bea460>,76,17,[3 5],77,-1,95,-1,78
1,<environment.Job instance at 0x7f0167beac80>,77,15,[5 9],78,-1,93,-1,78
1,<environment.Job instance at 0x7f0167bea3c0>,81,17,[8 2],82,-1,100,-1,83
1,<environment.Job instance at 0x7f01677fcd20>,84,18,[8 4],85,-1,103,-1,85
1,<environment.Job instance at 0x7f016664f2d0>,0,26,[2 8],1,-1,27,-1,1
1,<environment.Job instance at 0x7f016704e730>,9,17,[12  4],10,-1,34,-1,17
1,<environment.Job instance at 0x7f016702f320>,15,17,[ 1 11],16,-1,48,-1,31
1,<environment.Job instance at 0x7f01670394b0>,17,13,[12  4],18,-1,44,-1,31
1,<environment.Job instance at 0x7f0166cd9780>,30,24,[ 4 14],31,-1,104,-1,80
1,<environment.Job instance at 0x7f0166a93eb0>,34,14,[ 1 11],35,-1,96,-1,82
1,<environment.Job instance at 0x7f01666adaa0>,4,18,[3 9],5,-1,24,-1,6
1,<environment.Job instance at 0x7f0166d8aa00>,11,17,[10  2],12,-1,30,-1,13
1,<environment.Job instance at 0x7f01667ec190>,13,13,[4 6],14,-1,27,-1,14
1,<environment.Job instance at 0x7f016659e730>,15,13,[ 5 10],16,-1,29,-1,16
1,<environment.Job instance at 0x7f01670cfe60>,17,18,[7 5],18,-1,36,-1,18
1,<environment.Job instance at 0x7f0167a5ea50>,19,16,[6 3],20,-1,36,-1,20
1,<environment.Job instance at 0x7f0167a5e190>,21,17,[5 3],22,-1,39,-1,22
1,<environment.Job instance at 0x7f0167a5eeb0>,22,16,[6 5],23,-1,39,-1,23
1,<environment.Job instance at 0x7f0166bd3dc0>,23,12,[5 7],24,-1,36,-1,24
1,<environment.Job instance at 0x7f0166bd3d20>,26,14,[8 4],27,-1,41,-1,27
1,<environment.Job instance at 0x7f016633ff00>,31,16,[3 9],32,-1,48,-1,32
1,<environment.Job instance at 0x7f0167b2d050>,34,16,[7 2],35,-1,51,-1,35
1,<environment.Job instance at 0x7f0167b2d820>,35,14,[6 4],36,-1,50,-1,36
1,<environment.Job instance at 0x7f0166c41c80>,40,16,[8 2],41,-1,57,-1,41
1,<environment.Job instance at 0x7f0166c41460>,42,14,[7 1],43,-1,62,-1,48
1,<environment.Job instance at 0x7f01670673c0>,48,23,[ 3 10],49,-1,72,-1,49
1,<environment.Job instance at 0x7f01670672d0>,49,17,[4 5],50,-1,67,-1,50
1,<environment.Job instance at 0x7f0167067820>,50,12,[1 9],51,-1,64,-1,52
1,<environment.Job instance at 0x7f0166c419b0>,43,28,[6 1],44,-1,81,-1,53
1,<environment.Job instance at 0x7f01670677d0>,53,18,[ 5 11],54,-1,72,-1,54
1,<environment.Job instance at 0x7f01674161e0>,57,19,[6 3],58,-1,77,-1,58
1,<environment.Job instance at 0x7f016756e870>,60,18,[7 1],61,-1,80,-1,62
1,<environment.Job instance at 0x7f016713eaa0>,62,18,[6 5],63,-1,81,-1,63
1,<environment.Job instance at 0x7f0166e90af0>,0,12,[ 1 11],1,-1,13,-1,1
1,<environment.Job instance at 0x7f0166c6e780>,3,15,[ 5 12],4,-1,19,-1,4
1,<environment.Job instance at 0x7f01670ebb90>,20,17,[11  3],21,-1,61,-1,44
1,<environment.Job instance at 0x7f016762d370>,2,20,[1 9],3,-1,23,-1,3
1,<environment.Job instance at 0x7f016762d870>,3,18,[3 7],4,-1,22,-1,4
1,<environment.Job instance at 0x7f016761ce10>,6,18,[3 6],7,-1,25,-1,7
1,<environment.Job instance at 0x7f016760e320>,8,17,[2 5],9,-1,32,-1,15
1,<environment.Job instance at 0x7f01703fa320>,14,18,[2 9],15,-1,33,-1,15
1,<environment.Job instance at 0x7f016760e960>,15,26,[5 5],16,-1,42,-1,16
1,<environment.Job instance at 0x7f01672eab40>,17,15,[8 4],18,-1,34,-1,19
1,<environment.Job instance at 0x7f0167b2c2d0>,18,22,[10  5],19,-1,41,-1,19
1,<environment.Job instance at 0x7f0166b995f0>,20,17,[2 7],21,-1,41,-1,24
1,<environment.Job instance at 0x7f0167758be0>,23,12,[10  3],24,-1,36,-1,24
1,<environment.Job instance at 0x7f0167860b40>,30,25,[9 5],31,-1,56,-1,31
1,<environment.Job instance at 0x7f0166bac5a0>,34,17,[6 3],35,-1,53,-1,36
1,<environment.Job instance at 0x7f0166bace10>,35,22,[6 4],36,-1,58,-1,36
1,<environment.Job instance at 0x7f0166b9afa0>,38,13,[2 8],39,-1,52,-1,39
1,<environment.Job instance at 0x7f0166bd40f0>,39,14,[ 1 10],40,-1,54,-1,40
1,<environment.Job instance at 0x7f0167715370>,7,26,[ 2 12],8,-1,39,-1,13
1,<environment.Job instance at 0x7f01677155a0>,9,1,[ 3 12],10,-1,14,-1,13
1,<environment.Job instance at 0x7f0167715960>,12,3,[11  1],13,-1,19,-1,16
1,<environment.Job instance at 0x7f0167715c80>,15,26,[5 5],16,-1,56,-1,30
1,<environment.Job instance at 0x7f0167989d70>,24,25,[9 4],25,-1,74,-1,49
1,<environment.Job instance at 0x7f0167989820>,31,3,[11  1],32,-1,62,-1,59
1,<environment.Job instance at 0x7f016775ed20>,32,3,[12  5],33,-1,62,-1,59
1,<environment.Job instance at 0x7f016775eb40>,30,25,[9 5],31,-1,90,-1,65
1,<environment.Job instance at 0x7f6d7ec1cb90>,2,14,[ 2 10],3,-1,18,-1,4
1,<environment.Job instance at 0x7f6d882668c0>,3,22,[2 5],4,-1,26,-1,4
1,<environment.Job instance at 0x7f6d7ec1cf00>,7,14,[7 5],8,-1,23,-1,9
1,<environment.Job instance at 0x7f6d7ec210a0>,9,12,[8 2],10,-1,22,-1,10
1,<environment.Job instance at 0x7f6d7ec1cf50>,8,17,[1 8],9,-1,27,-1,10
1,<environment.Job instance at 0x7f6d7ec1cfa0>,10,22,[8 1],11,-1,33,-1,11
1,<environment.Job instance at 0x7f6d7ec21280>,12,23,[6 4],13,-1,36,-1,13
1,<environment.Job instance at 0x7f6d7ec213c0>,13,18,[5 9],14,-1,32,-1,14
1,<environment.Job instance at 0x7f6d7ec212d0>,14,21,[8 1],15,-1,38,-1,17
1,<environment.Job instance at 0x7f6d7ec21550>,16,18,[7 3],17,-1,35,-1,17
1,<environment.Job instance at 0x7f6d7ec215f0>,18,26,[7 4],19,-1,45,-1,19
1,<environment.Job instance at 0x7f6d7ec21820>,19,25,[5 9],20,-1,45,-1,20
1,<environment.Job instance at 0x7f6d7ec21910>,21,18,[9 4],22,-1,40,-1,22
1,<environment.Job instance at 0x7f6d7ec21a00>,23,16,[6 2],24,-1,40,-1,24
1,<environment.Job instance at 0x7f6d7ec21fa0>,27,17,[4 6],28,-1,45,-1,28
1,<environment.Job instance at 0x7f6d7ec231e0>,30,26,[9 4],31,-1,58,-1,32
1,<environment.Job instance at 0x7f6d7ec232d0>,32,21,[5 9],33,-1,54,-1,33
1,<environment.Job instance at 0x7f6d7ec233c0>,31,1,[ 2 14],32,-1,34,-1,33
1,<environment.Job instance at 0x7f6d7ec23320>,33,26,[3 6],34,-1,61,-1,35
1,<environment.Job instance at 0x7f6d7ec23460>,34,14,[1 9],35,-1,49,-1,35
1,<environment.Job instance at 0x7f6d7ec23500>,35,16,[1 9],36,-1,52,-1,36
1,<environment.Job instance at 0x7f6d7ec235a0>,37,14,[5 8],38,-1,52,-1,38
1,<environment.Job instance at 0x7f6d7ec23780>,38,2,[6 1],39,-1,41,-1,39
1,<environment.Job instance at 0x7f6d7ec23820>,39,14,[9 4],40,-1,54,-1,40
1,<environment.Job instance at 0x7f6d7ec238c0>,40,26,[ 1 10],41,-1,67,-1,41
1,<environment.Job instance at 0x7f6d7ec23960>,41,1,[7 1],42,-1,45,-1,44
1,<environment.Job instance at 0x7f6d7ec270a0>,47,13,[ 3 10],48,-1,61,-1,48
1,<environment.Job instance at 0x7f6d7ec27190>,49,17,[10  2],50,-1,72,-1,55
1,<environment.Job instance at 0x7f6d7ec27820>,54,18,[7 1],55,-1,75,-1,57
1,<environment.Job instance at 0x7f6d7ec27c30>,58,17,[3 7],59,-1,77,-1,60
1,<environment.Job instance at 0x7f6d7ec290a0>,63,12,[5 3],64,-1,76,-1,64
1,<environment.Job instance at 0x7f6d7ec291e0>,64,2,[2 8],65,-1,67,-1,65
1,<environment.Job instance at 0x7f6d7ec293c0>,67,16,[1 9],68,-1,84,-1,68
1,<environment.Job instance at 0x7f6d7ec29640>,68,14,[6 4],69,-1,83,-1,69
1,<environment.Job instance at 0x7f6d7ec29550>,69,14,[9 4],70,-1,84,-1,70
1,<environment.Job instance at 0x7f6d7ec29820>,72,18,[3 5],73,-1,91,-1,73
1,<environment.Job instance at 0x7f6d7ec29dc0>,76,13,[10  1],77,-1,90,-1,77
1,<environment.Job instance at 0x7f6d7ec29eb0>,77,16,[8 1],78,-1,94,-1,78
1,<environment.Job instance at 0x7f6d7ec29fa0>,79,19,[10  3],80,-1,99,-1,80
1,<environment.Job instance at 0x7f6d7ec2b0f0>,81,14,[8 5],82,-1,96,-1,82
1,<environment.Job instance at 0x7f6d7ec2b280>,82,21,[4 8],83,-1,104,-1,83
1,<environment.Job instance at 0x7f6d7ec2b1e0>,83,18,[ 3 10],84,-1,102,-1,84
1,<environment.Job instance at 0x7f6d7ec2b7d0>,87,18,[7 1],88,-1,106,-1,88
1,<environment.Job instance at 0x7f6d7ec2b910>,88,16,[4 9],89,-1,105,-1,89
1,<environment.Job instance at 0x7f6d7ec2bd70>,93,25,[ 1 10],94,-1,119,-1,94
1,<environment.Job instance at 0x7f6d7ec17460>,96,18,[2 6],97,-1,115,-1,97
1,<environment.Job instance at 0x7f6d7ec27140>,12,23,[6 4],13,-1,53,-1,30
1,<environment.Job instance at 0x7f6d7eda34b0>,18,26,[7 4],19,-1,70,-1,44
1,<environment.Job instance at 0x7f6d7eda31e0>,19,25,[5 9],20,-1,83,-1,58
1,<environment.Job instance at 0x7f6d7ecd7050>,28,17,[ 1 13],29,-1,87,-1,70
1,<environment.Job instance at 0x7f6d88266870>,30,26,[9 4],31,-1,110,-1,84
1,<environment.Job instance at 0x7f6d88266780>,31,1,[ 2 14],32,-1,85,-1,84
1,<environment.Job instance at 0x7f6d7ec1ca00>,33,26,[3 6],34,-1,110,-1,84
1,<environment.Job instance at 0x7f6d7e365aa0>,2,13,[9 4],3,-1,17,-1,4
1,<environment.Job instance at 0x7f6d7e365b40>,5,16,[7 5],6,-1,22,-1,6
1,<environment.Job instance at 0x7f6d7e3669b0>,7,18,[5 5],8,-1,26,-1,8
1,<environment.Job instance at 0x7f6d7e3665f0>,9,27,[3 9],10,-1,37,-1,10
1,<environment.Job instance at 0x7f6d7e366eb0>,10,23,[5 1],11,-1,34,-1,11
1,<environment.Job instance at 0x7f6d7e366e10>,11,17,[6 4],12,-1,29,-1,12
1,<environment.Job instance at 0x7f6d7ec21b40>,3,16,[1 9],4,-1,28,-1,12
1,<environment.Job instance at 0x7f6d7e5ef8c0>,19,28,[7 5],20,-1,48,-1,20
1,<environment.Job instance at 0x7f6d7e4c91e0>,22,18,[7 5],23,-1,41,-1,23
1,<environment.Job instance at 0x7f6d7e4c6a00>,27,14,[7 2],28,-1,42,-1,28
1,<environment.Job instance at 0x7f6d7e5bed20>,30,17,[9 5],31,-1,48,-1,31
1,<environment.Job instance at 0x7f6d7e4b5f50>,32,18,[10  4],33,-1,51,-1,33
1,<environment.Job instance at 0x7f6d7e1e0870>,34,12,[5 4],35,-1,47,-1,35
1,<environment.Job instance at 0x7f6d7e1e0e60>,35,15,[8 3],36,-1,51,-1,36
1,<environment.Job instance at 0x7f6d7e1d76e0>,42,15,[ 2 13],43,-1,62,-1,47
1,<environment.Job instance at 0x7f6d7e1e8190>,37,28,[ 2 10],38,-1,83,-1,55
1,<environment.Job instance at 0x7f6d7eb52550>,44,20,[13  4],45,-1,77,-1,57
1,<environment.Job instance at 0x7f6d7e210aa0>,49,17,[5 7],50,-1,74,-1,57
1,<environment.Job instance at 0x7f6d7e3665a0>,55,17,[10  4],56,-1,74,-1,57
1,<environment.Job instance at 0x7f6d7e30b2d0>,48,3,[4 8],49,-1,65,-1,62
1,<environment.Job instance at 0x7f6d7e232be0>,62,20,[10  5],63,-1,83,-1,63
1,<environment.Job instance at 0x7f6d7e232aa0>,60,24,[1 5],61,-1,87,-1,63
1,<environment.Job instance at 0x7f6d7e2320a0>,64,14,[10  5],65,-1,79,-1,65
1,<environment.Job instance at 0x7f6d7e364f00>,69,14,[ 5 10],70,-1,86,-1,72
1,<environment.Job instance at 0x7f6d7e2324b0>,61,12,[5 4],62,-1,84,-1,72
1,<environment.Job instance at 0x7f6d7e219820>,66,13,[ 5 14],67,-1,86,-1,73
1,<environment.Job instance at 0x7f6d7e365230>,51,22,[5 6],52,-1,95,-1,73
1,<environment.Job instance at 0x7f6d7e3649b0>,70,17,[4 7],71,-1,91,-1,74
1,<environment.Job instance at 0x7f6d7e236410>,73,24,[3 7],74,-1,98,-1,74
1,<environment.Job instance at 0x7f6d7e236190>,74,19,[3 8],75,-1,94,-1,75
1,<environment.Job instance at 0x7f6d7e235cd0>,75,17,[5 1],76,-1,93,-1,76
1,<environment.Job instance at 0x7f6d7e2352d0>,77,16,[8 4],78,-1,95,-1,79
1,<environment.Job instance at 0x7f6d7e2359b0>,80,17,[3 5],81,-1,98,-1,81
1,<environment.Job instance at 0x7f6d7e235730>,81,18,[6 2],82,-1,101,-1,83
1,<environment.Job instance at 0x7f6d7e230e60>,86,17,[9 1],87,-1,104,-1,87
1,<environment.Job instance at 0x7f6d7e35c5a0>,84,19,[6 2],85,-1,107,-1,88
1,<environment.Job instance at 0x7f6d7e2272d0>,57,21,[10  4],58,-1,109,-1,88
1,<environment.Job instance at 0x7f6d7e230370>,90,17,[9 5],91,-1,108,-1,91
1,<environment.Job instance at 0x7f6d7e440370>,9,27,[3 9],10,-1,45,-1,18
1,<environment.Job instance at 0x7f6d7e454f50>,10,23,[5 1],11,-1,41,-1,18
1,<environment.Job instance at 0x7f6d7e3cc190>,17,3,[ 3 13],18,-1,26,-1,23
1,<environment.Job instance at 0x7f6d7e3cc5f0>,19,28,[7 5],20,-1,63,-1,35
1,<environment.Job instance at 0x7f6d7e3db5a0>,20,19,[ 5 12],21,-1,54,-1,35
1,<environment.Job instance at 0x7f6d7e2867d0>,0,23,[4 7],1,-1,24,-1,1
1,<environment.Job instance at 0x7f6d7e286a00>,5,19,[ 1 10],6,-1,25,-1,6
1,<environment.Job instance at 0x7f6d7e286730>,6,16,[6 5],7,-1,23,-1,7
1,<environment.Job instance at 0x7f6d7e283730>,8,20,[ 2 10],9,-1,29,-1,9
1,<environment.Job instance at 0x7f6d7e2830f0>,9,15,[5 5],10,-1,25,-1,10
1,<environment.Job instance at 0x7f6d7e283780>,11,17,[3 6],12,-1,29,-1,12
1,<environment.Job instance at 0x7f6d7e2837d0>,14,16,[5 6],15,-1,31,-1,15
1,<environment.Job instance at 0x7f6d7e283870>,15,21,[1 6],16,-1,37,-1,16
1,<environment.Job instance at 0x7f6d7e283b40>,16,16,[1 8],17,-1,33,-1,17
1,<environment.Job instance at 0x7f6d7e283190>,18,23,[1 9],19,-1,42,-1,19
1,<environment.Job instance at 0x7f6d7e280960>,19,17,[8 5],20,-1,37,-1,20
1,<environment.Job instance at 0x7f6d7e280f50>,22,15,[8 2],23,-1,39,-1,24
1,<environment.Job instance at 0x7f6d7e280eb0>,23,18,[5 1],24,-1,42,-1,24
1,<environment.Job instance at 0x7f6d7e2804b0>,24,15,[8 5],25,-1,41,-1,26
1,<environment.Job instance at 0x7f6d7e280e10>,25,17,[12  1],26,-1,43,-1,26
1,<environment.Job instance at 0x7f6d7e280500>,28,19,[4 7],29,-1,48,-1,29
1,<environment.Job instance at 0x7f6d7e29baa0>,35,18,[5 4],36,-1,57,-1,39
1,<environment.Job instance at 0x7f6d7e2716e0>,47,14,[10  3],48,-1,62,-1,48
1,<environment.Job instance at 0x7f6d7e29b050>,45,27,[6 1],46,-1,79,-1,52
1,<environment.Job instance at 0x7f6d7e29bd70>,30,16,[14  3],31,-1,68,-1,52
1,<environment.Job instance at 0x7f6d7e271d20>,51,16,[5 8],52,-1,68,-1,52
1,<environment.Job instance at 0x7f6d7e271e60>,52,23,[1 8],53,-1,76,-1,53
1,<environment.Job instance at 0x7f6d7e24e820>,57,14,[10  5],58,-1,72,-1,58
1,<environment.Job instance at 0x7f6d7e24ecd0>,65,18,[ 1 10],66,-1,84,-1,66
1,<environment.Job instance at 0x7f6d7e252b90>,66,15,[6 5],67,-1,82,-1,67
1,<environment.Job instance at 0x7f6d7e252cd0>,68,17,[1 5],69,-1,86,-1,69
1,<environment.Job instance at 0x7f6d7e252550>,70,18,[5 8],71,-1,89,-1,71
1,<environment.Job instance at 0x7f6d7e252b40>,72,18,[3 8],73,-1,91,-1,73
1,<environment.Job instance at 0x7f6d7e252a00>,73,13,[8 3],74,-1,88,-1,75
1,<environment.Job instance at 0x7f6d7e2c36e0>,76,17,[8 4],77,-1,94,-1,77
1,<environment.Job instance at 0x7f6d7e24eaa0>,61,17,[10  2],62,-1,94,-1,77
1,<environment.Job instance at 0x7f6d7e2c3b90>,77,15,[3 6],78,-1,93,-1,78
1,<environment.Job instance at 0x7f6d7e2c30f0>,78,20,[5 2],79,-1,99,-1,79
1,<environment.Job instance at 0x7f6d7e2c3780>,80,15,[5 8],81,-1,98,-1,83
1,<environment.Job instance at 0x7f6d7e2c3e60>,84,16,[7 5],85,-1,101,-1,85
1,<environment.Job instance at 0x7f6d7e3c23c0>,87,27,[9 5],88,-1,116,-1,89
1,<environment.Job instance at 0x7f6d7e2c3640>,81,20,[ 4 10],82,-1,112,-1,92
1,<environment.Job instance at 0x7f6d7e24ed70>,63,26,[5 3],64,-1,118,-1,92
1,<environment.Job instance at 0x7f6d7e2c3910>,82,15,[9 2],83,-1,107,-1,92
1,<environment.Job instance at 0x7f6d7e3c24b0>,88,13,[8 4],89,-1,105,-1,92
1,<environment.Job instance at 0x7f6d7e3c2410>,91,3,[9 4],92,-1,95,-1,92
1,<environment.Job instance at 0x7f6d7e3c20a0>,89,14,[12  2],90,-1,106,-1,92
1,<environment.Job instance at 0x7f6d7e3c2dc0>,93,15,[7 2],94,-1,109,-1,94
1,<environment.Job instance at 0x7f6d7e3c2af0>,94,12,[8 3],95,-1,107,-1,95
1,<environment.Job instance at 0x7f6d7e3c2780>,96,13,[8 2],97,-1,110,-1,97
1,<environment.Job instance at 0x7f6d7e72f960>,0,23,[4 7],1,-1,24,-1,1
1,<environment.Job instance at 0x7f6d7f3dd550>,10,1,[14  4],11,-1,17,-1,16
1,<environment.Job instance at 0x7f6d7ea180a0>,17,18,[ 1 14],18,-1,51,-1,33
1,<environment.Job instance at 0x7f6d7ea18be0>,18,23,[1 9],19,-1,57,-1,34
1,<environment.Job instance at 0x7f6d7e514d70>,25,17,[12  1],26,-1,68,-1,51
1,<environment.Job instance at 0x7f6d7ea5eaf0>,30,16,[14  3],31,-1,88,-1,72
1,<environment.Job instance at 0x7f6d7e49e5a0>,37,2,[ 1 12],38,-1,87,-1,85
1,<environment.Job instance at 0x7f6d8844cc30>,13,16,[4 5],14,-1,31,-1,15
1,<environment.Job instance at 0x7f6d7e23df50>,15,16,[7 5],16,-1,32,-1,16
1,<environment.Job instance at 0x7f6d7e227640>,18,14,[9 4],19,-1,33,-1,19
1,<environment.Job instance at 0x7f6d7e227c80>,19,18,[5 6],20,-1,38,-1,20
1,<environment.Job instance at 0x7f6d7e227780>,20,16,[8 3],21,-1,37,-1,21
1,<environment.Job instance at 0x7f6d7e227730>,23,16,[ 4 10],24,-1,40,-1,24
1,<environment.Job instance at 0x7f6d7e248730>,25,27,[4 5],26,-1,53,-1,26
1,<environment.Job instance at 0x7f6d7e248d70>,32,20,[4 9],33,-1,63,-1,43
1,<environment.Job instance at 0x7f6d7e6337d0>,42,17,[5 9],43,-1,60,-1,43
1,<environment.Job instance at 0x7f6d7f453910>,1,17,[ 5 14],2,-1,19,-1,2
1,<environment.Job instance at 0x7f6d7e737140>,2,25,[ 3 11],3,-1,28,-1,3
1,<environment.Job instance at 0x7f6d87e3b690>,4,17,[13  5],5,-1,22,-1,5
1,<environment.Job instance at 0x7f6d7ea733c0>,5,13,[ 5 14],6,-1,19,-1,6
1,<environment.Job instance at 0x7f6d7e23d6e0>,25,27,[4 5],26,-1,86,-1,59
1,<environment.Job instance at 0x7f6d7e248a00>,27,12,[13  4],28,-1,71,-1,59
1,<environment.Job instance at 0x7f6d7e248870>,28,12,[ 5 12],29,-1,71,-1,59
1,<environment.Job instance at 0x7f6d7ed1fe60>,0,16,[8 5],1,-1,17,-1,1
1,<environment.Job instance at 0x7f6d7f076a00>,2,27,[8 3],3,-1,30,-1,3
1,<environment.Job instance at 0x7f6d7e66baa0>,3,18,[1 6],4,-1,22,-1,4
1,<environment.Job instance at 0x7f6d7e66bc80>,4,17,[2 6],5,-1,22,-1,5
1,<environment.Job instance at 0x7f6d7e66b5a0>,6,27,[2 6],7,-1,34,-1,7
1,<environment.Job instance at 0x7f6d7f0765f0>,7,16,[7 4],8,-1,24,-1,8
1,<environment.Job instance at 0x7f6d7f08aa00>,8,16,[9 2],9,-1,27,-1,11
1,<environment.Job instance at 0x7f6d7f08ad20>,11,16,[4 5],12,-1,28,-1,12
1,<environment.Job instance at 0x7f6d7f06e230>,15,14,[6 1],16,-1,30,-1,16
1,<environment.Job instance at 0x7f6d7f079690>,20,12,[10  5],21,-1,33,-1,21
1,<environment.Job instance at 0x7f6d7f079dc0>,22,16,[6 4],23,-1,39,-1,23
1,<environment.Job instance at 0x7f6d7f079870>,24,14,[3 6],25,-1,39,-1,25
1,<environment.Job instance at 0x7f6d7f079cd0>,25,13,[7 4],26,-1,39,-1,26
1,<environment.Job instance at 0x7f6d7f079550>,26,21,[ 4 10],27,-1,48,-1,27
1,<environment.Job instance at 0x7f6d7f0790a0>,27,23,[2 8],28,-1,51,-1,28
1,<environment.Job instance at 0x7f6d7e6ae730>,35,17,[ 5 10],36,-1,53,-1,36
1,<environment.Job instance at 0x7f6d7e6ae820>,36,14,[9 4],37,-1,51,-1,37
1,<environment.Job instance at 0x7f6d7e6930a0>,40,25,[6 4],41,-1,66,-1,41
1,<environment.Job instance at 0x7f6d7e68f690>,49,15,[9 5],50,-1,67,-1,52
1,<environment.Job instance at 0x7f6d7e68f7d0>,51,17,[7 5],52,-1,70,-1,53
1,<environment.Job instance at 0x7f6d7ef93500>,2,27,[8 3],3,-1,44,-1,17
1,<environment.Job instance at 0x7f6d7eea3af0>,6,27,[2 6],7,-1,44,-1,17
1,<environment.Job instance at 0x7f6d7ed19320>,10,14,[ 4 14],11,-1,31,-1,17
1,<environment.Job instance at 0x7f6d7ee6ca00>,28,3,[11  1],29,-1,72,-1,69
1,<environment.Job instance at 0x7f6d7f003fa0>,29,19,[13  3],30,-1,88,-1,69
1,<environment.Job instance at 0x7f6d7edbcfa0>,27,23,[2 8],28,-1,92,-1,69
1,<environment.Job instance at 0x7f6d7e619e10>,34,13,[ 4 11],35,-1,96,-1,83
1,<environment.Job instance at 0x7f6d7e619460>,39,17,[12  4],40,-1,113,-1,96
1,<environment.Job instance at 0x7f6d7e619190>,40,25,[6 4],41,-1,122,-1,97
1,<environment.Job instance at 0x7f6d7e2320a0>,42,3,[14  5],43,-1,100,-1,97
1,<environment.Job instance at 0x7f6d7f76c960>,2,16,[10  4],3,-1,20,-1,4
1,<environment.Job instance at 0x7f6d7f76c820>,4,16,[9 5],5,-1,21,-1,5
1,<environment.Job instance at 0x7f6d7f76c320>,3,16,[6 5],4,-1,21,-1,5
1,<environment.Job instance at 0x7f6d7f76c910>,7,28,[5 9],8,-1,36,-1,8
1,<environment.Job instance at 0x7f6d7e9708c0>,9,18,[5 8],10,-1,28,-1,10
1,<environment.Job instance at 0x7f6d7e970460>,10,18,[ 2 10],11,-1,29,-1,11
1,<environment.Job instance at 0x7f6d7e970af0>,14,16,[6 1],15,-1,31,-1,15
1,<environment.Job instance at 0x7f6d7e970500>,16,18,[ 5 10],17,-1,35,-1,17
1,<environment.Job instance at 0x7f6d7e9705f0>,17,28,[9 1],18,-1,46,-1,18
1,<environment.Job instance at 0x7f6d7e970370>,18,13,[9 1],19,-1,35,-1,22
1,<environment.Job instance at 0x7f6d7e64b500>,22,26,[5 8],23,-1,49,-1,23
1,<environment.Job instance at 0x7f6d7e970780>,21,14,[9 2],22,-1,37,-1,23
1,<environment.Job instance at 0x7f6d7e64b780>,29,18,[1 7],30,-1,48,-1,30
1,<environment.Job instance at 0x7f6d7e64b8c0>,32,17,[8 1],33,-1,50,-1,33
1,<environment.Job instance at 0x7f6d7e64bcd0>,33,22,[3 5],34,-1,56,-1,34
1,<environment.Job instance at 0x7f6d7e6b8e60>,35,18,[4 6],36,-1,54,-1,36
1,<environment.Job instance at 0x7f6d7e6b8be0>,37,28,[ 5 10],38,-1,66,-1,38
1,<environment.Job instance at 0x7f6d7e6b84b0>,39,18,[3 8],40,-1,58,-1,40
1,<environment.Job instance at 0x7f6d7e6b8870>,40,22,[7 1],41,-1,63,-1,41
1,<environment.Job instance at 0x7f6d7e6b8190>,41,12,[1 6],42,-1,54,-1,42
1,<environment.Job instance at 0x7f6d7e6b81e0>,42,21,[5 7],43,-1,64,-1,43
1,<environment.Job instance at 0x7f6d7e6b8eb0>,45,16,[4 7],46,-1,62,-1,46
1,<environment.Job instance at 0x7f6d7e6b8730>,46,18,[9 3],47,-1,67,-1,49
1,<environment.Job instance at 0x7f6d7e6b5910>,49,18,[8 2],50,-1,68,-1,50
1,<environment.Job instance at 0x7f6d7e6b5550>,51,12,[2 6],52,-1,64,-1,52
1,<environment.Job instance at 0x7f6d7e6b5be0>,53,17,[4 7],54,-1,71,-1,54
1,<environment.Job instance at 0x7f6d7e6b5780>,54,16,[ 5 10],55,-1,71,-1,55
1,<environment.Job instance at 0x7f6d7e6b5b90>,55,15,[5 9],56,-1,71,-1,56
1,<environment.Job instance at 0x7f6d7e6b51e0>,60,26,[3 7],61,-1,87,-1,61
1,<environment.Job instance at 0x7f6d7e6b55a0>,61,18,[11  5],62,-1,80,-1,62
1,<environment.Job instance at 0x7f6d7e6b5c30>,62,12,[2 9],63,-1,75,-1,63
1,<environment.Job instance at 0x7f6d7e6b82d0>,48,16,[1 7],49,-1,79,-1,63
1,<environment.Job instance at 0x7f6d7e68bfa0>,65,18,[4 9],66,-1,84,-1,66
1,<environment.Job instance at 0x7f6d7e68bf50>,67,18,[10  5],68,-1,86,-1,68
1,<environment.Job instance at 0x7f6d7e68b5f0>,70,13,[10  1],71,-1,84,-1,71
1,<environment.Job instance at 0x7f6d7e68b0a0>,73,14,[6 5],74,-1,89,-1,75
1,<environment.Job instance at 0x7f6d7e68bd70>,76,12,[10  1],77,-1,89,-1,77
1,<environment.Job instance at 0x7f6d7f762410>,80,17,[5 6],81,-1,98,-1,81
1,<environment.Job instance at 0x7f6d7f762e10>,81,27,[7 1],82,-1,109,-1,82
1,<environment.Job instance at 0x7f6d7f762c80>,82,26,[ 3 10],83,-1,109,-1,83
1,<environment.Job instance at 0x7f6d7f762e60>,85,21,[ 2 10],86,-1,107,-1,86
1,<environment.Job instance at 0x7f6d7f762dc0>,86,15,[10  2],87,-1,102,-1,87
1,<environment.Job instance at 0x7f6d7f762820>,88,12,[ 2 11],89,-1,101,-1,89
1,<environment.Job instance at 0x7f6d7f762b40>,89,13,[4 7],90,-1,103,-1,90
1,<environment.Job instance at 0x7f6d7f7620a0>,90,16,[10  1],91,-1,107,-1,91
1,<environment.Job instance at 0x7f6d7e633d20>,7,28,[5 9],8,-1,66,-1,38
1,<environment.Job instance at 0x7f6d7e6b8b90>,17,28,[9 1],18,-1,82,-1,54
1,<environment.Job instance at 0x7f6d7e698140>,22,26,[5 8],23,-1,89,-1,63
1,<environment.Job instance at 0x7f6d7ea1ef00>,26,2,[ 5 13],27,-1,74,-1,72
1,<environment.Job instance at 0x7f6d7f048820>,31,1,[13  4],32,-1,85,-1,84
1,<environment.Job instance at 0x7f6d7e1b2320>,0,17,[10  2],1,-1,19,-1,2
1,<environment.Job instance at 0x7f6d7f0a3aa0>,2,14,[5 1],3,-1,17,-1,3
1,<environment.Job instance at 0x7f6d7f762af0>,3,24,[2 6],4,-1,28,-1,4
1,<environment.Job instance at 0x7f6d7f06e550>,1,13,[10  2],2,-1,17,-1,4
1,<environment.Job instance at 0x7f6d7e4fd780>,7,14,[9 2],8,-1,25,-1,11
1,<environment.Job instance at 0x7f6d7e4fd6e0>,10,14,[5 8],11,-1,26,-1,12
1,<environment.Job instance at 0x7f6d7e4d2fa0>,15,19,[6 3],16,-1,35,-1,16
1,<environment.Job instance at 0x7f6d7e4ece10>,22,27,[5 7],23,-1,50,-1,23
1,<environment.Job instance at 0x7f6d7ed8bfa0>,25,16,[9 2],26,-1,42,-1,26
1,<environment.Job instance at 0x7f6d7ed8b500>,26,15,[10  3],27,-1,43,-1,28
1,<environment.Job instance at 0x7f6d7e74a140>,28,15,[11  4],29,-1,44,-1,29
1,<environment.Job instance at 0x7f6d7ed8b140>,27,15,[9 1],28,-1,44,-1,29
1,<environment.Job instance at 0x7f6d7f6d7500>,30,13,[5 4],31,-1,45,-1,32
1,<environment.Job instance at 0x7f6d7e8d98c0>,39,17,[6 2],40,-1,58,-1,41
1,<environment.Job instance at 0x7f6d7e8e2cd0>,40,17,[5 2],41,-1,58,-1,41
1,<environment.Job instance at 0x7f6d7e769c80>,41,18,[4 9],42,-1,60,-1,42
1,<environment.Job instance at 0x7f6d7e8e87d0>,45,16,[6 2],46,-1,62,-1,46
1,<environment.Job instance at 0x7f6d7e8e8c80>,46,16,[8 2],47,-1,63,-1,47
1,<environment.Job instance at 0x7f6d7e8e8780>,47,14,[11  4],48,-1,67,-1,53
1,<environment.Job instance at 0x7f6d7e8e8cd0>,51,18,[ 3 10],52,-1,71,-1,53
1,<environment.Job instance at 0x7f6d7e8e8910>,53,24,[8 5],54,-1,83,-1,59
1,<environment.Job instance at 0x7f6d7e8df4b0>,31,14,[ 4 13],32,-1,73,-1,59
1,<environment.Job instance at 0x7f6d7e8e8fa0>,54,14,[ 1 10],55,-1,73,-1,59
1,<environment.Job instance at 0x7f6d7e904190>,55,13,[5 7],56,-1,72,-1,59
1,<environment.Job instance at 0x7f6d7e9042d0>,58,13,[12  1],59,-1,73,-1,60
1,<environment.Job instance at 0x7f6d7e904690>,59,15,[1 6],60,-1,76,-1,61
1,<environment.Job instance at 0x7f6d7e8e8a50>,50,18,[ 4 11],51,-1,81,-1,63
1,<environment.Job instance at 0x7f6d7e8e8870>,48,14,[8 5],49,-1,77,-1,63
1,<environment.Job instance at 0x7f6d7e613050>,61,15,[8 1],62,-1,78,-1,63
1,<environment.Job instance at 0x7f6d7e613280>,63,15,[ 3 10],64,-1,79,-1,64
1,<environment.Job instance at 0x7f6d7e6133c0>,65,15,[5 6],66,-1,81,-1,66
1,<environment.Job instance at 0x7f6d7e613640>,68,20,[3 9],69,-1,89,-1,69
1,<environment.Job instance at 0x7f6d7e8e8aa0>,49,16,[7 4],50,-1,87,-1,71
1,<environment.Job instance at 0x7f6d7e6136e0>,70,16,[5 4],71,-1,87,-1,71
1,<environment.Job instance at 0x7f6d7e6139b0>,71,17,[ 4 10],72,-1,89,-1,72
1,<environment.Job instance at 0x7f6d7e613c30>,74,17,[3 5],75,-1,92,-1,75
1,<environment.Job instance at 0x7f6d7e613f00>,77,21,[4 8],78,-1,99,-1,78
1,<environment.Job instance at 0x7f6d7e613d70>,78,23,[3 9],79,-1,102,-1,79
1,<environment.Job instance at 0x7f6d7e622050>,79,13,[10  5],80,-1,93,-1,80
1,<environment.Job instance at 0x7f6d7e6221e0>,81,13,[2 5],82,-1,95,-1,82
1,<environment.Job instance at 0x7f6d7e622320>,82,14,[2 6],83,-1,97,-1,83
1,<environment.Job instance at 0x7f6d7e622460>,84,18,[6 4],85,-1,103,-1,85
1,<environment.Job instance at 0x7f6d7e622640>,85,15,[4 7],86,-1,101,-1,86
1,<environment.Job instance at 0x7f6d7e6226e0>,87,17,[8 4],88,-1,105,-1,88
1,<environment.Job instance at 0x7f6d7e622870>,88,16,[1 7],89,-1,105,-1,89
1,<environment.Job instance at 0x7f6d7e622780>,89,15,[ 2 10],90,-1,105,-1,90
1,<environment.Job instance at 0x7f6d7e1a8d70>,4,13,[ 5 12],5,-1,18,-1,5
1,<environment.Job instance at 0x7f6d883d1fa0>,5,2,[ 2 11],6,-1,8,-1,6
1,<environment.Job instance at 0x7f6d7eab70f0>,3,24,[2 6],4,-1,41,-1,17
1,<environment.Job instance at 0x7f6d7ea1ef00>,22,27,[5 7],23,-1,76,-1,49
1,<environment.Job instance at 0x7f6d7e64abe0>,24,24,[13  2],25,-1,73,-1,49
1,<environment.Job instance at 0x7f6d8829c4b0>,28,15,[11  4],29,-1,73,-1,58
1,<environment.Job instance at 0x7f6d7ebb9b90>,31,14,[ 4 13],32,-1,90,-1,76
1,<environment.Job instance at 0x7f6d7f4eba00>,1,16,[8 4],2,-1,20,-1,4
1,<environment.Job instance at 0x7f6d7f4ebb90>,3,18,[6 4],4,-1,22,-1,4
1,<environment.Job instance at 0x7f6d7e5631e0>,13,15,[6 2],14,-1,29,-1,14
1,<environment.Job instance at 0x7f6d7e563730>,15,21,[9 5],16,-1,37,-1,16
1,<environment.Job instance at 0x7f6d7e563460>,16,18,[10  5],17,-1,36,-1,18
1,<environment.Job instance at 0x7f6d7e563be0>,21,16,[1 6],22,-1,38,-1,22
1,<environment.Job instance at 0x7f6d7e850140>,23,27,[3 5],24,-1,51,-1,24
1,<environment.Job instance at 0x7f6d7e850370>,27,17,[5 7],28,-1,45,-1,28
1,<environment.Job instance at 0x7f6d7e8500f0>,28,12,[7 5],29,-1,41,-1,29
1,<environment.Job instance at 0x7f6d7e850500>,29,12,[1 9],30,-1,42,-1,30
1,<environment.Job instance at 0x7f6d7e850410>,30,3,[8 5],31,-1,34,-1,31
1,<environment.Job instance at 0x7f6d7e8505f0>,31,2,[4 5],32,-1,34,-1,32
1,<environment.Job instance at 0x7f6d7e563cd0>,17,14,[1 9],18,-1,47,-1,33
1,<environment.Job instance at 0x7f6d7e850870>,33,12,[9 3],34,-1,46,-1,34
1,<environment.Job instance at 0x7f6d7e850280>,37,17,[2 6],38,-1,55,-1,38
1,<environment.Job instance at 0x7f6d7e8768c0>,38,17,[5 4],39,-1,56,-1,39
1,<environment.Job instance at 0x7f6d7e876a50>,40,16,[9 4],41,-1,57,-1,41
1,<environment.Job instance at 0x7f6d7e876320>,42,12,[8 3],43,-1,55,-1,43
1,<environment.Job instance at 0x7f6d7e876140>,43,13,[5 6],44,-1,57,-1,44
1,<environment.Job instance at 0x7f6d7e876eb0>,45,18,[3 9],46,-1,64,-1,46
1,<environment.Job instance at 0x7f6d7e876730>,46,27,[10  4],47,-1,74,-1,47
1,<environment.Job instance at 0x7f6d7e8765f0>,48,14,[4 5],49,-1,63,-1,49
1,<environment.Job instance at 0x7f6d7e876b40>,49,14,[9 4],50,-1,64,-1,50
1,<environment.Job instance at 0x7f6d7e876aa0>,51,18,[4 8],52,-1,70,-1,52
1,<environment.Job instance at 0x7f6d7e876190>,52,25,[7 3],53,-1,78,-1,53
1,<environment.Job instance at 0x7f6d7ea1b2d0>,56,17,[2 9],57,-1,75,-1,58
1,<environment.Job instance at 0x7f6d7ea1beb0>,58,13,[ 3 10],59,-1,72,-1,59
1,<environment.Job instance at 0x7f6d7ea1b050>,59,14,[4 7],60,-1,74,-1,60
1,<environment.Job instance at 0x7f6d7ea1b9b0>,60,16,[10  3],61,-1,78,-1,62
1,<environment.Job instance at 0x7f6d7ea1ba50>,63,17,[6 1],64,-1,81,-1,64
1,<environment.Job instance at 0x7f6d7ea1b0a0>,61,17,[10  5],62,-1,81,-1,64
1,<environment.Job instance at 0x7f6d7ea1b550>,69,18,[5 2],70,-1,88,-1,70
1,<environment.Job instance at 0x7f6d7eee0870>,77,16,[2 7],78,-1,94,-1,78
1,<environment.Job instance at 0x7f6d7eee0c80>,78,15,[6 2],79,-1,94,-1,79
1,<environment.Job instance at 0x7f6d7eee0d20>,79,14,[7 2],80,-1,94,-1,80
1,<environment.Job instance at 0x7f6d7eee0140>,80,18,[1 7],81,-1,99,-1,81
1,<environment.Job instance at 0x7f6d7eee0e10>,81,14,[1 7],82,-1,96,-1,82
1,<environment.Job instance at 0x7f6d7eee0320>,82,14,[8 5],83,-1,97,-1,83
1,<environment.Job instance at 0x7f6d7eee0370>,85,26,[4 8],86,-1,112,-1,86
1,<environment.Job instance at 0x7f6d7ed7b9b0>,86,20,[4 8],87,-1,107,-1,87
1,<environment.Job instance at 0x7f6d7ed7b6e0>,88,16,[8 4],89,-1,105,-1,89
1,<environment.Job instance at 0x7f6d7ed7bcd0>,90,25,[5 4],91,-1,116,-1,91
1,<environment.Job instance at 0x7f6d7ed7b230>,91,21,[5 5],92,-1,113,-1,92
1,<environment.Job instance at 0x7f6d7ed7bf00>,93,18,[ 2 10],94,-1,112,-1,94
1,<environment.Job instance at 0x7f6d7ed7b780>,95,25,[5 7],96,-1,121,-1,96
1,<environment.Job instance at 0x7f6d7ed7bdc0>,96,12,[5 9],97,-1,109,-1,97
1,<environment.Job instance at 0x7f6d88048730>,97,22,[5 8],98,-1,120,-1,98
1,<environment.Job instance at 0x7f6d7f781690>,8,16,[13  3],9,-1,25,-1,9
1,<environment.Job instance at 0x7f6d7e68beb0>,23,27,[3 5],24,-1,66,-1,39
1,<environment.Job instance at 0x7f6d7e645370>,24,1,[12  4],25,-1,40,-1,39
1,<environment.Job instance at 0x7f6d7f13daa0>,25,2,[14  1],26,-1,41,-1,39
1,<environment.Job instance at 0x7f6d7e057960>,3,27,[8 5],4,-1,31,-1,4
1,<environment.Job instance at 0x7f6d7e0b8640>,13,24,[3 5],14,-1,38,-1,14
1,<environment.Job instance at 0x7f6d7e0b8690>,14,14,[4 6],15,-1,29,-1,15
1,<environment.Job instance at 0x7f6d7e0b8230>,15,14,[10  1],16,-1,31,-1,17
1,<environment.Job instance at 0x7f6d7e0b8b90>,17,17,[2 7],18,-1,35,-1,18
1,<environment.Job instance at 0x7f6d7e0b8140>,18,15,[5 5],19,-1,34,-1,19
1,<environment.Job instance at 0x7f6d7e0b80a0>,16,15,[3 6],17,-1,34,-1,19
1,<environment.Job instance at 0x7f6d7e0b8f50>,21,18,[5 9],22,-1,40,-1,22
1,<environment.Job instance at 0x7f6d7e0582d0>,23,18,[3 7],24,-1,42,-1,24
1,<environment.Job instance at 0x7f6d7e058280>,24,27,[1 8],25,-1,52,-1,25
1,<environment.Job instance at 0x7f6d7e0587d0>,26,15,[5 1],27,-1,42,-1,27
1,<environment.Job instance at 0x7f6d7e058410>,30,18,[2 7],31,-1,49,-1,31
1,<environment.Job instance at 0x7f6d7e058370>,33,13,[5 2],34,-1,49,-1,36
1,<environment.Job instance at 0x7f6d7e058230>,36,13,[6 5],37,-1,50,-1,37
1,<environment.Job instance at 0x7f6d7ea4c0a0>,37,13,[12  5],38,-1,51,-1,38
1,<environment.Job instance at 0x7f6d7ea4caa0>,38,12,[5 5],39,-1,51,-1,39
1,<environment.Job instance at 0x7f6d7ea4c730>,39,18,[7 4],40,-1,58,-1,40
1,<environment.Job instance at 0x7f6d7e0584b0>,34,23,[4 5],35,-1,70,-1,47
1,<environment.Job instance at 0x7f6d7ea4cc30>,43,14,[ 4 11],44,-1,61,-1,47
1,<environment.Job instance at 0x7f6d7ea4c550>,46,26,[8 5],47,-1,73,-1,47
1,<environment.Job instance at 0x7f6d7ea4ce60>,49,20,[6 3],50,-1,71,-1,51
1,<environment.Job instance at 0x7f6d7ea4c280>,52,2,[5 1],53,-1,55,-1,53
1,<environment.Job instance at 0x7f6d7ea4c460>,50,17,[5 8],51,-1,70,-1,53
1,<environment.Job instance at 0x7f6d7ea4c640>,53,20,[5 3],54,-1,75,-1,55
1,<environment.Job instance at 0x7f6d7ea7d8c0>,55,17,[6 3],56,-1,73,-1,56
1,<environment.Job instance at 0x7f6d7ea7d460>,56,14,[10  1],57,-1,72,-1,58
1,<environment.Job instance at 0x7f6d7e82d730>,60,18,[5 6],61,-1,80,-1,62
1,<environment.Job instance at 0x7f6d7ef770a0>,64,12,[10  2],65,-1,80,-1,68
1,<environment.Job instance at 0x7f6d7e82da50>,61,17,[2 9],62,-1,87,-1,70
1,<environment.Job instance at 0x7f6d7ef77050>,70,20,[3 8],71,-1,91,-1,71
1,<environment.Job instance at 0x7f6d7ef77320>,72,13,[9 2],73,-1,86,-1,73
1,<environment.Job instance at 0x7f6d7e07a0a0>,76,26,[9 5],77,-1,103,-1,77
1,<environment.Job instance at 0x7f6d7e55c460>,79,13,[8 5],80,-1,94,-1,81
1,<environment.Job instance at 0x7f6d7ead2730>,82,13,[ 3 10],83,-1,96,-1,83
1,<environment.Job instance at 0x7f6d7e8f50a0>,83,16,[6 3],84,-1,100,-1,84
1,<environment.Job instance at 0x7f6d7e853320>,84,17,[1 8],85,-1,102,-1,85
1,<environment.Job instance at 0x7f6d7f227960>,89,22,[7 3],90,-1,112,-1,90
1,<environment.Job instance at 0x7f6d7f421050>,3,27,[8 5],4,-1,32,-1,5
1,<environment.Job instance at 0x7f6d7f421e10>,4,12,[ 5 13],5,-1,17,-1,5
1,<environment.Job instance at 0x7f6d7f4083c0>,9,1,[12  4],10,-1,11,-1,10
1,<environment.Job instance at 0x7f6d7f41ed70>,13,24,[3 5],14,-1,42,-1,18
1,<environment.Job instance at 0x7f6d7f42acd0>,24,27,[1 8],25,-1,92,-1,65
1,<environment.Job instance at 0x7f6d7ebbf230>,34,23,[4 5],35,-1,106,-1,83
1,<environment.Job instance at 0x7f6d7f56faf0>,37,13,[12  5],38,-1,104,-1,91
1,<environment.Job instance at 0x7f6d7ea183c0>,0,16,[ 2 10],1,-1,20,-1,4
1,<environment.Job instance at 0x7f6d7ea18c80>,5,15,[ 4 12],6,-1,21,-1,6
1,<environment.Job instance at 0x7f6d7ea18a00>,6,18,[5 8],7,-1,25,-1,7
1,<environment.Job instance at 0x7f6d7ea18c30>,7,13,[5 8],8,-1,21,-1,8
1,<environment.Job instance at 0x7f6d7ea18af0>,3,15,[4 8],4,-1,23,-1,8
1,<environment.Job instance at 0x7f6d7ea18500>,9,17,[ 2 10],10,-1,28,-1,11
1,<environment.Job instance at 0x7f6d7ea18320>,11,18,[8 1],12,-1,30,-1,12
1,<environment.Job instance at 0x7f6d7f3e9500>,12,15,[3 9],13,-1,28,-1,13
1,<environment.Job instance at 0x7f6d7f3e9eb0>,13,20,[8 4],14,-1,34,-1,14
1,<environment.Job instance at 0x7f6d7ea181e0>,10,14,[6 3],11,-1,30,-1,16
1,<environment.Job instance at 0x7f6d7f3e9d20>,17,27,[8 5],18,-1,45,-1,18
1,<environment.Job instance at 0x7f6d7f3e9c80>,22,17,[3 5],23,-1,40,-1,23
1,<environment.Job instance at 0x7f6d7f3e94b0>,23,16,[5 2],24,-1,40,-1,24
1,<environment.Job instance at 0x7f6d7f3e9e60>,25,13,[10  5],26,-1,40,-1,27
1,<environment.Job instance at 0x7f6d7f3e9f00>,26,17,[7 3],27,-1,44,-1,27
1,<environment.Job instance at 0x7f6d8830af50>,30,13,[1 9],31,-1,44,-1,31
1,<environment.Job instance at 0x7f6d8830aaa0>,31,17,[9 4],32,-1,49,-1,32
1,<environment.Job instance at 0x7f6d8830a1e0>,32,24,[4 6],33,-1,57,-1,33
1,<environment.Job instance at 0x7f6d8830a7d0>,34,18,[5 2],35,-1,53,-1,35
1,<environment.Job instance at 0x7f6d8830ae60>,35,14,[10  1],36,-1,51,-1,37
1,<environment.Job instance at 0x7f6d8830a8c0>,36,12,[9 5],37,-1,49,-1,37
1,<environment.Job instance at 0x7f6d8830abe0>,41,18,[7 2],42,-1,60,-1,42
1,<environment.Job instance at 0x7f6d7e5b9780>,47,12,[7 2],48,-1,60,-1,48
1,<environment.Job instance at 0x7f6d7e5b9c80>,49,18,[ 5 10],50,-1,68,-1,50
1,<environment.Job instance at 0x7f6d881a3b40>,52,19,[2 5],53,-1,72,-1,53
1,<environment.Job instance at 0x7f6d881a3410>,53,16,[6 1],54,-1,70,-1,54
1,<environment.Job instance at 0x7f6d881a3d70>,56,13,[8 4],57,-1,70,-1,57
1,<environment.Job instance at 0x7f6d881a3f00>,57,17,[6 2],58,-1,75,-1,58
1,<environment.Job instance at 0x7f6d881a3640>,58,16,[6 5],59,-1,75,-1,59
1,<environment.Job instance at 0x7f6d881a3690>,60,25,[10  4],61,-1,86,-1,61
1,<environment.Job instance at 0x7f6d7f79b870>,70,18,[6 4],71,-1,89,-1,71
1,<environment.Job instance at 0x7f6d7f79be10>,72,15,[4 9],73,-1,90,-1,75
1,<environment.Job instance at 0x7f6d7f79b640>,73,18,[8 3],74,-1,93,-1,75
1,<environment.Job instance at 0x7f6d7e5bc0a0>,5,15,[ 4 12],6,-1,21,-1,6
1,<environment.Job instance at 0x7f6d7e567500>,17,27,[8 5],18,-1,86,-1,59
1,<environment.Job instance at 0x7f6d7eb8c410>,29,2,[ 2 12],30,-1,93,-1,91
1,<environment.Job instance at 0x7f6d7f130280>,2,17,[5 9],3,-1,20,-1,3
1,<environment.Job instance at 0x7f6d7f130c30>,3,18,[5 5],4,-1,22,-1,4
1,<environment.Job instance at 0x7f6d7f2ee050>,6,17,[1 6],7,-1,24,-1,7
1,<environment.Job instance at 0x7f6d7f2eefa0>,7,18,[5 5],8,-1,26,-1,8
1,<environment.Job instance at 0x7f6d7f2ee8c0>,8,18,[ 3 10],9,-1,27,-1,9
1,<environment.Job instance at 0x7f6d7f2ee2d0>,10,27,[5 4],11,-1,38,-1,11
1,<environment.Job instance at 0x7f6d7f2ee410>,11,28,[7 5],12,-1,40,-1,12
1,<environment.Job instance at 0x7f6d7f2ee910>,13,28,[8 2],14,-1,42,-1,14
1,<environment.Job instance at 0x7f6d7f2ee6e0>,18,17,[5 3],19,-1,36,-1,19
1,<environment.Job instance at 0x7f6d7f2ee460>,19,13,[7 1],20,-1,33,-1,20
1,<environment.Job instance at 0x7f6d7f2eebe0>,22,14,[3 8],23,-1,37,-1,23
1,<environment.Job instance at 0x7f6d7eed1960>,23,16,[7 2],24,-1,40,-1,24
1,<environment.Job instance at 0x7f6d7eed1910>,24,12,[9 3],25,-1,37,-1,25
1,<environment.Job instance at 0x7f6d7eed1c30>,27,18,[2 6],28,-1,46,-1,28
1,<environment.Job instance at 0x7f6d7eed1aa0>,28,15,[3 9],29,-1,44,-1,29
1,<environment.Job instance at 0x7f6d7eed1280>,29,12,[10  4],30,-1,42,-1,30
1,<environment.Job instance at 0x7f6d7eed1780>,33,19,[7 1],34,-1,53,-1,34
1,<environment.Job instance at 0x7f6d7eed1550>,34,15,[10  1],35,-1,51,-1,36
1,<environment.Job instance at 0x7f6d7eed1e10>,35,18,[7 4],36,-1,54,-1,36
1,<environment.Job instance at 0x7f6d7e37bf00>,38,18,[ 2 10],39,-1,57,-1,39
1,<environment.Job instance at 0x7f6d7e37bfa0>,39,13,[5 8],40,-1,53,-1,40
1,<environment.Job instance at 0x7f6d7e37beb0>,42,14,[4 6],43,-1,58,-1,44
1,<environment.Job instance at 0x7f6d7e37ba50>,44,15,[5 5],45,-1,60,-1,45
1,<environment.Job instance at 0x7f6d7e37be60>,45,14,[5 9],46,-1,60,-1,46
1,<environment.Job instance at 0x7f6d7e37bf50>,43,27,[5 1],44,-1,80,-1,53
1,<environment.Job instance at 0x7f6d7ee05960>,53,18,[6 4],54,-1,72,-1,54
1,<environment.Job instance at 0x7f6d7ee05f50>,54,18,[9 1],55,-1,73,-1,55
1,<environment.Job instance at 0x7f6d7ee05320>,56,14,[5 7],57,-1,71,-1,57
1,<environment.Job instance at 0x7f6d7ee05be0>,57,12,[3 8],58,-1,70,-1,58
1,<environment.Job instance at 0x7f6d7ee05730>,58,16,[1 7],59,-1,75,-1,59
1,<environment.Job instance at 0x7f6d7eeb6eb0>,60,18,[2 9],61,-1,79,-1,61
1,<environment.Job instance at 0x7f6d7eeb6e10>,64,3,[3 5],65,-1,82,-1,79
1,<environment.Job instance at 0x7f6d7f0e6aa0>,76,18,[5 4],77,-1,97,-1,79
1,<environment.Job instance at 0x7f6d7f1fa050>,0,1,[12  1],1,-1,2,-1,1
1,<environment.Job instance at 0x7f6d7f1fae60>,1,25,[9 1],2,-1,27,-1,2
1,<environment.Job instance at 0x7f6d8830af00>,10,27,[5 4],11,-1,49,-1,22
1,<environment.Job instance at 0x7f6d8830ae10>,11,28,[7 5],12,-1,63,-1,35
1,<environment.Job instance at 0x7f6d7f3e9780>,13,28,[8 2],14,-1,63,-1,35
1,<environment.Job instance at 0x7f6d7ebbcbe0>,31,1,[ 5 14],32,-1,95,-1,94
1,<environment.Job instance at 0x7f6d7f3ba230>,0,14,[10  4],1,-1,16,-1,2
1,<environment.Job instance at 0x7f6d7f3ba8c0>,1,15,[7 2],2,-1,17,-1,2
1,<environment.Job instance at 0x7f6d7f3ec910>,8,16,[10  1],9,-1,26,-1,10
1,<environment.Job instance at 0x7f6d7f3bac80>,9,18,[8 2],10,-1,28,-1,10
1,<environment.Job instance at 0x7f6d7f3eccd0>,10,18,[2 8],11,-1,29,-1,11
1,<environment.Job instance at 0x7f6d7f3ecbe0>,15,18,[9 1],16,-1,35,-1,17
1,<environment.Job instance at 0x7f6d7f3ec140>,17,12,[9 1],18,-1,33,-1,21
1,<environment.Job instance at 0x7f6d7e0d0370>,21,2,[4 7],22,-1,24,-1,22
1,<environment.Job instance at 0x7f6d7e0d0410>,22,12,[5 5],23,-1,35,-1,23
1,<environment.Job instance at 0x7f6d7e0d0140>,23,1,[9 5],24,-1,25,-1,24
1,<environment.Job instance at 0x7f6d7e0d0eb0>,24,21,[8 1],25,-1,46,-1,25
1,<environment.Job instance at 0x7f6d7e0d0730>,25,13,[2 6],26,-1,39,-1,26
1,<environment.Job instance at 0x7f6d7e0d0870>,26,2,[7 3],27,-1,29,-1,27
1,<environment.Job instance at 0x7f6d7e0d0460>,27,1,[1 7],28,-1,29,-1,28
1,<environment.Job instance at 0x7f6d7e0d0c80>,28,3,[1 5],29,-1,32,-1,29
1,<environment.Job instance at 0x7f6d7e0d0d70>,29,25,[ 3 10],30,-1,56,-1,31
1,<environment.Job instance at 0x7f6d7e0d08c0>,31,12,[ 1 10],32,-1,44,-1,32
1,<environment.Job instance at 0x7f6d7e0d0dc0>,34,17,[5 4],35,-1,52,-1,35
1,<environment.Job instance at 0x7f6d7e0d0d20>,35,15,[9 4],36,-1,51,-1,36
1,<environment.Job instance at 0x7f6d7e0d02d0>,36,15,[4 7],37,-1,52,-1,37
1,<environment.Job instance at 0x7f6d7e0d0690>,37,23,[9 2],38,-1,61,-1,38
1,<environment.Job instance at 0x7f6d8830bfa0>,40,15,[4 8],41,-1,56,-1,41
1,<environment.Job instance at 0x7f6d8830b3c0>,43,17,[7 4],44,-1,61,-1,44
1,<environment.Job instance at 0x7f6d8830bdc0>,45,15,[9 1],46,-1,61,-1,46
1,<environment.Job instance at 0x7f6d7eb09c30>,48,16,[6 5],49,-1,65,-1,49
1,<environment.Job instance at 0x7f6d7eb09690>,50,15,[7 2],51,-1,66,-1,51
1,<environment.Job instance at 0x7f6d7eb091e0>,51,14,[1 5],52,-1,66,-1,52
1,<environment.Job instance at 0x7f6d7f3ec460>,20,15,[5 8],21,-1,113,-1,98
1,<environment.Job instance at 0x7f6d7e400fa0>,30,18,[ 2 11],31,-1,96,-1,78
1,<environment.Job instance at 0x7f6d7e4004b0>,29,25,[ 3 10],30,-1,123,-1,98
1,<environment.Job instance at 0x7f6d7e426aa0>,0,26,[4 8],1,-1,27,-1,1
1,<environment.Job instance at 0x7f6d7e40c730>,5,18,[6 2],6,-1,24,-1,6
1,<environment.Job instance at 0x7f6d7e40c4b0>,7,13,[ 5 10],8,-1,22,-1,9
1,<environment.Job instance at 0x7f6d7e40cb90>,10,18,[8 5],11,-1,29,-1,11
1,<environment.Job instance at 0x7f6d7e40caa0>,11,1,[10  4],12,-1,13,-1,12
1,<environment.Job instance at 0x7f6d7e40c9b0>,12,18,[4 5],13,-1,31,-1,13
1,<environment.Job instance at 0x7f6d7e40c320>,13,18,[8 1],14,-1,32,-1,14
1,<environment.Job instance at 0x7f6d7e40cb40>,14,13,[4 6],15,-1,28,-1,15
1,<environment.Job instance at 0x7f6d7e4126e0>,16,13,[5 6],17,-1,30,-1,17
1,<environment.Job instance at 0x7f6d7e412f00>,18,17,[10  4],19,-1,36,-1,19
1,<environment.Job instance at 0x7f6d7e412320>,19,15,[5 9],20,-1,35,-1,20
1,<environment.Job instance at 0x7f6d7e4120f0>,22,16,[3 5],23,-1,39,-1,23
1,<environment.Job instance at 0x7f6d7e412780>,25,22,[1 9],26,-1,48,-1,26
1,<environment.Job instance at 0x7f6d7e426b90>,8,13,[ 5 10],9,-1,39,-1,26
1,<environment.Job instance at 0x7f6d7e436f50>,33,17,[10  3],34,-1,54,-1,37
1,<environment.Job instance at 0x7f6d7e4360f0>,37,15,[6 4],38,-1,53,-1,38
1,<environment.Job instance at 0x7f6d7f7f60a0>,38,17,[3 8],39,-1,56,-1,39
1,<environment.Job instance at 0x7f6d7f7f6870>,39,15,[ 5 10],40,-1,55,-1,40
1,<environment.Job instance at 0x7f6d7f7f6140>,40,19,[5 4],41,-1,60,-1,41
1,<environment.Job instance at 0x7f6d7f7f6d70>,41,17,[ 2 10],42,-1,59,-1,42
1,<environment.Job instance at 0x7f6d7f7f6370>,43,18,[9 2],44,-1,62,-1,44
1,<environment.Job instance at 0x7f6d7f7f62d0>,44,24,[5 9],45,-1,69,-1,45
1,<environment.Job instance at 0x7f6d7f7f6460>,45,16,[10  3],46,-1,62,-1,46
1,<environment.Job instance at 0x7f6d7f7f6e10>,47,26,[8 5],48,-1,74,-1,48
1,<environment.Job instance at 0x7f6d7f7f6f50>,49,15,[6 5],50,-1,65,-1,50
1,<environment.Job instance at 0x7f6d7f7f65f0>,50,17,[10  1],51,-1,70,-1,53
1,<environment.Job instance at 0x7f6d7f7f6eb0>,53,26,[7 5],54,-1,80,-1,54
1,<environment.Job instance at 0x7f6d7e43b370>,54,16,[3 9],55,-1,71,-1,55
1,<environment.Job instance at 0x7f6d7e43ba50>,56,20,[3 6],57,-1,77,-1,57
1,<environment.Job instance at 0x7f6d7e43bfa0>,57,18,[ 3 10],58,-1,76,-1,58
1,<environment.Job instance at 0x7f6d7e43bd20>,58,16,[3 5],59,-1,75,-1,59
1,<environment.Job instance at 0x7f6d7e43bf00>,59,16,[8 5],60,-1,76,-1,60
1,<environment.Job instance at 0x7f6d7e43b460>,62,18,[4 7],63,-1,81,-1,63
1,<environment.Job instance at 0x7f6d7ec508c0>,65,17,[9 3],66,-1,83,-1,66
1,<environment.Job instance at 0x7f6d7ec50690>,69,15,[5 5],70,-1,85,-1,70
1,<environment.Job instance at 0x7f6d7ec502d0>,71,12,[10  4],72,-1,84,-1,72
1,<environment.Job instance at 0x7f6d7e6854b0>,84,17,[5 9],85,-1,102,-1,85
1,<environment.Job instance at 0x7f6d7e6858c0>,85,17,[5 9],86,-1,103,-1,86
1,<environment.Job instance at 0x7f6d7f5c7500>,92,18,[10  5],93,-1,111,-1,93
1,<environment.Job instance at 0x7f6d7f013fa0>,0,26,[4 8],1,-1,27,-1,1
1,<environment.Job instance at 0x7f6d87f66910>,15,15,[12  1],16,-1,52,-1,37
1,<environment.Job instance at 0x7f6d7f00c5f0>,23,1,[ 3 13],24,-1,74,-1,73
1,<environment.Job instance at 0x7f6d7ed4d2d0>,29,18,[ 3 12],30,-1,104,-1,86
1,<environment.Job instance at 0x7f6d7e750640>,1,17,[7 2],2,-1,19,-1,2
1,<environment.Job instance at 0x7f6d7e750870>,3,16,[3 9],4,-1,20,-1,4
1,<environment.Job instance at 0x7f6d7e7505f0>,4,13,[10  1],5,-1,19,-1,6
1,<environment.Job instance at 0x7f6d7e7508c0>,6,14,[1 5],7,-1,21,-1,7
1,<environment.Job instance at 0x7f6d7e7507d0>,9,25,[8 3],10,-1,35,-1,10
1,<environment.Job instance at 0x7f6d7e750910>,11,17,[3 7],12,-1,29,-1,12
1,<environment.Job instance at 0x7f6d7e750460>,13,18,[2 6],14,-1,32,-1,14
1,<environment.Job instance at 0x7f6d7e750e10>,14,18,[8 2],15,-1,33,-1,15
1,<environment.Job instance at 0x7f6d7e7502d0>,16,17,[1 6],17,-1,34,-1,17
1,<environment.Job instance at 0x7f6d7f06e8c0>,17,18,[5 2],18,-1,36,-1,18
1,<environment.Job instance at 0x7f6d7f06e640>,18,17,[3 5],19,-1,36,-1,19
1,<environment.Job instance at 0x7f6d7f06e4b0>,21,15,[10  5],22,-1,37,-1,22
1,<environment.Job instance at 0x7f6d7f06efa0>,22,18,[10  1],23,-1,41,-1,23
1,<environment.Job instance at 0x7f6d7f06e050>,25,12,[5 9],26,-1,38,-1,26
1,<environment.Job instance at 0x7f6d7f06e6e0>,31,18,[7 1],32,-1,50,-1,32
1,<environment.Job instance at 0x7f6d7f7e9d20>,33,18,[ 3 10],34,-1,52,-1,34
1,<environment.Job instance at 0x7f6d7e750690>,5,13,[ 3 10],6,-1,48,-1,35
1,<environment.Job instance at 0x7f6d7f7e9870>,38,12,[10  2],39,-1,51,-1,39
1,<environment.Job instance at 0x7f6d7f7e9e10>,41,15,[9 5],42,-1,58,-1,43
1,<environment.Job instance at 0x7f6d7f7e9c30>,42,14,[ 1 10],43,-1,57,-1,43
1,<environment.Job instance at 0x7f6d7ed8dbe0>,46,21,[3 7],47,-1,69,-1,48
1,<environment.Job instance at 0x7f6d7dff5280>,49,20,[1 9],50,-1,70,-1,50
1,<environment.Job instance at 0x7f6d7dff55f0>,51,17,[5 6],52,-1,69,-1,52
1,<environment.Job instance at 0x7f6d7dff5910>,53,17,[ 2 10],54,-1,72,-1,55
1,<environment.Job instance at 0x7f6d7dff5c30>,52,16,[10  1],53,-1,73,-1,57
1,<environment.Job instance at 0x7f6d7dff5eb0>,59,18,[3 8],60,-1,78,-1,60
1,<environment.Job instance at 0x7f6d7dff5550>,58,15,[10  2],59,-1,78,-1,63
1,<environment.Job instance at 0x7f6d7dff5370>,61,18,[4 6],62,-1,82,-1,64
1,<environment.Job instance at 0x7f6d7f597e10>,65,12,[1 9],66,-1,84,-1,72
1,<environment.Job instance at 0x7f6d7ed8ddc0>,45,15,[10  1],46,-1,87,-1,72
1,<environment.Job instance at 0x7f6d7f597730>,68,15,[8 2],69,-1,88,-1,73
1,<environment.Job instance at 0x7f6d7f597af0>,67,12,[ 3 10],68,-1,85,-1,73
1,<environment.Job instance at 0x7f6d7f5972d0>,72,27,[9 1],73,-1,100,-1,73
1,<environment.Job instance at 0x7f6d7dff5b40>,62,15,[1 7],63,-1,89,-1,74
1,<environment.Job instance at 0x7f6d7f597e60>,73,12,[5 9],74,-1,86,-1,74
1,<environment.Job instance at 0x7f6d7f5975f0>,74,16,[1 8],75,-1,91,-1,75
1,<environment.Job instance at 0x7f6d7f5970a0>,71,13,[ 1 13],72,-1,90,-1,77
1,<environment.Job instance at 0x7f6d7f597f00>,79,20,[2 8],80,-1,100,-1,80
1,<environment.Job instance at 0x7f6d87d91a00>,81,19,[5 5],82,-1,113,-1,94
1,<environment.Job instance at 0x7f6d7f587140>,9,25,[8 3],10,-1,44,-1,19
1,<environment.Job instance at 0x7f6d7f019280>,12,24,[11  1],13,-1,45,-1,21
1,<environment.Job instance at 0x7f6d7eda74b0>,1,26,[7 2],2,-1,28,-1,2
1,<environment.Job instance at 0x7f6d7eda7550>,3,16,[ 3 10],4,-1,20,-1,4
1,<environment.Job instance at 0x7f6d7eda7af0>,4,14,[10  5],5,-1,21,-1,7
1,<environment.Job instance at 0x7f6d7eda7be0>,6,12,[11  2],7,-1,20,-1,8
1,<environment.Job instance at 0x7f6d7e07fc80>,11,17,[10  3],12,-1,31,-1,14
1,<environment.Job instance at 0x7f6d87dba910>,14,18,[5 3],15,-1,33,-1,15
1,<environment.Job instance at 0x7f6d87dbac80>,13,12,[9 4],14,-1,28,-1,16
1,<environment.Job instance at 0x7f6d87dbea00>,19,19,[9 1],20,-1,44,-1,25
1,<environment.Job instance at 0x7f6d7e0585f0>,24,23,[8 3],25,-1,48,-1,25
1,<environment.Job instance at 0x7f6d87fe7e60>,31,15,[10  1],32,-1,59,-1,44
1,<environment.Job instance at 0x7f6d7ee3da50>,42,17,[5 9],43,-1,69,-1,52
1,<environment.Job instance at 0x7f6d88163780>,39,18,[5 1],40,-1,73,-1,55
1,<environment.Job instance at 0x7f6d881635f0>,38,1,[8 3],39,-1,61,-1,60
1,<environment.Job instance at 0x7f6d7f6e1af0>,34,25,[8 2],35,-1,87,-1,62
1,<environment.Job instance at 0x7f6d7ee20e10>,48,16,[8 5],49,-1,78,-1,62
1,<environment.Job instance at 0x7f6d7ee3df50>,45,15,[4 9],46,-1,78,-1,63
1,<environment.Job instance at 0x7f6d7e067460>,55,22,[9 4],56,-1,95,-1,73
1,<environment.Job instance at 0x7f6d7ee20910>,47,17,[3 7],48,-1,92,-1,75
1,<environment.Job instance at 0x7f6d7e067370>,59,27,[5 8],60,-1,105,-1,78
1,<environment.Job instance at 0x7f6d7e395c80>,62,15,[ 5 10],63,-1,99,-1,84
1,<environment.Job instance at 0x7f6d7f36e640>,63,16,[5 8],64,-1,105,-1,89
1,<environment.Job instance at 0x7f6d7ebf2230>,66,22,[3 8],67,-1,111,-1,89
1,<environment.Job instance at 0x7f6d7e067320>,61,12,[10  5],62,-1,101,-1,89
1,<environment.Job instance at 0x7f6d7e25e690>,75,15,[13  3],76,-1,106,-1,91
1,<environment.Job instance at 0x7f6d7ee20280>,49,16,[5 1],50,-1,107,-1,91
1,<environment.Job instance at 0x7f6d7e8790f0>,78,17,[3 7],79,-1,108,-1,91
1,<environment.Job instance at 0x7f6d7e25e500>,79,12,[ 5 10],80,-1,103,-1,91
1,<environment.Job instance at 0x7f6d7e879c30>,80,18,[9 4],81,-1,109,-1,91
1,<environment.Job instance at 0x7f6d7e962960>,81,12,[ 4 10],82,-1,103,-1,91
1,<environment.Job instance at 0x7f6d7e25e910>,77,3,[6 4],78,-1,94,-1,91
1,<environment.Job instance at 0x7f6d7eca2730>,83,14,[ 1 10],84,-1,105,-1,91
1,<environment.Job instance at 0x7f6d7eca2820>,84,17,[14  4],85,-1,108,-1,91
1,<environment.Job instance at 0x7f6d7eca2dc0>,85,2,[1 6],86,-1,93,-1,91
1,<environment.Job instance at 0x7f6d7eca2b90>,86,13,[2 9],87,-1,104,-1,91
1,<environment.Job instance at 0x7f6d7eca2a00>,82,1,[14  1],83,-1,92,-1,91
1,<environment.Job instance at 0x7f6d7e851a50>,76,12,[3 8],77,-1,103,-1,91
1,<environment.Job instance at 0x7f6d7eca2e60>,88,24,[8 2],89,-1,115,-1,91
1,<environment.Job instance at 0x7f6d7ecbc730>,89,27,[ 3 13],90,-1,118,-1,91
1,<environment.Job instance at 0x7f6d7ecbceb0>,90,18,[ 2 12],91,-1,109,-1,91
1,<environment.Job instance at 0x7f6d7eca2aa0>,87,1,[9 4],88,-1,92,-1,91
1,<environment.Job instance at 0x7f6d7ecbc3c0>,91,15,[10  3],92,-1,107,-1,92
1,<environment.Job instance at 0x7f6d7ecbc370>,92,18,[1 9],93,-1,116,-1,98
1,<environment.Job instance at 0x7f6d7e758960>,1,26,[7 2],2,-1,28,-1,2
1,<environment.Job instance at 0x7f6d7e7583c0>,2,2,[ 2 13],3,-1,5,-1,3
1,<environment.Job instance at 0x7f6d7e49a410>,6,12,[11  2],7,-1,19,-1,7
1,<environment.Job instance at 0x7f6d7f061d70>,7,1,[14  5],8,-1,9,-1,8
1,<environment.Job instance at 0x7f6d7f043910>,8,19,[ 5 11],9,-1,28,-1,9
1,<environment.Job instance at 0x7f6d7f178230>,18,1,[ 4 13],19,-1,26,-1,25
1,<environment.Job instance at 0x7f6d7e7bfc30>,22,2,[ 3 14],23,-1,34,-1,32
1,<environment.Job instance at 0x7f6d7f334b90>,24,23,[8 3],25,-1,57,-1,34
1,<environment.Job instance at 0x7f6d7eeeab90>,29,1,[11  4],30,-1,36,-1,35
1,<environment.Job instance at 0x7f6d7f1153c0>,33,27,[9 4],34,-1,83,-1,56
1,<environment.Job instance at 0x7f6d7ea36dc0>,34,25,[8 2],35,-1,81,-1,56
1,<environment.Job instance at 0x7f6d7e789370>,40,12,[ 4 12],41,-1,71,-1,59
1,<environment.Job instance at 0x7f6d7f049640>,2,18,[4 9],3,-1,21,-1,3
1,<environment.Job instance at 0x7f6d7f10e460>,4,15,[9 5],5,-1,22,-1,7
1,<environment.Job instance at 0x7f6d7f10e500>,6,18,[8 5],7,-1,25,-1,7
1,<environment.Job instance at 0x7f6d7f10ec80>,10,15,[9 2],11,-1,27,-1,12
1,<environment.Job instance at 0x7f6d7f10e640>,13,26,[7 3],14,-1,40,-1,14
1,<environment.Job instance at 0x7f6d7f10e320>,14,13,[1 9],15,-1,28,-1,15
1,<environment.Job instance at 0x7f6d7f0e3f00>,15,12,[9 2],16,-1,28,-1,16
1,<environment.Job instance at 0x7f6d7f0e3d70>,16,17,[1 8],17,-1,34,-1,17
1,<environment.Job instance at 0x7f6d7f0e33c0>,17,27,[1 8],18,-1,45,-1,18
1,<environment.Job instance at 0x7f6d7f0e3aa0>,19,13,[9 5],20,-1,33,-1,20
1,<environment.Job instance at 0x7f6d7f0e32d0>,20,15,[2 8],21,-1,36,-1,21
1,<environment.Job instance at 0x7f6d7f0e30f0>,21,17,[3 7],22,-1,39,-1,22
1,<environment.Job instance at 0x7f6d7f0e3230>,22,14,[1 9],23,-1,37,-1,23
1,<environment.Job instance at 0x7f6d7f0e3320>,23,14,[4 6],24,-1,38,-1,24
1,<environment.Job instance at 0x7f6d7f0e3af0>,24,15,[9 2],25,-1,40,-1,25
1,<environment.Job instance at 0x7f6d7f10e730>,11,12,[7 1],12,-1,37,-1,25
1,<environment.Job instance at 0x7f6d7f16bfa0>,30,26,[2 8],31,-1,57,-1,31
1,<environment.Job instance at 0x7f6d7f16bc30>,32,14,[9 2],33,-1,47,-1,33
1,<environment.Job instance at 0x7f6d7f16b690>,33,14,[9 2],34,-1,48,-1,34
1,<environment.Job instance at 0x7f6d7f17d820>,38,12,[9 4],39,-1,51,-1,39
1,<environment.Job instance at 0x7f6d7f17daf0>,40,20,[7 1],41,-1,62,-1,42
1,<environment.Job instance at 0x7f6d7f17de10>,41,14,[9 4],42,-1,56,-1,42
1,<environment.Job instance at 0x7f6d7f17df50>,43,17,[3 7],44,-1,61,-1,44
1,<environment.Job instance at 0x7f6d7f17d1e0>,44,21,[6 1],45,-1,67,-1,46
1,<environment.Job instance at 0x7f6d7e7c80f0>,51,16,[9 2],52,-1,68,-1,52
1,<environment.Job instance at 0x7f6d7e7c8d20>,55,13,[10  4],56,-1,69,-1,56
1,<environment.Job instance at 0x7f6d7e7c8550>,57,17,[9 1],58,-1,75,-1,58
1,<environment.Job instance at 0x7f6d7f334f00>,63,17,[7 2],64,-1,94,-1,77
1,<environment.Job instance at 0x7f6d7f3347d0>,64,14,[ 1 11],65,-1,95,-1,81
1,<environment.Job instance at 0x7f6d7f334640>,67,15,[2 5],68,-1,96,-1,81
1,<environment.Job instance at 0x7f6d7f17d050>,45,17,[ 1 11],46,-1,99,-1,82
1,<environment.Job instance at 0x7f6d7f334dc0>,65,24,[7 4],66,-1,106,-1,82
1,<environment.Job instance at 0x7f6d7f3345a0>,66,14,[9 1],67,-1,96,-1,82
1,<environment.Job instance at 0x7f6d7f3348c0>,70,12,[8 4],71,-1,94,-1,82
1,<environment.Job instance at 0x7f6d7f334910>,75,25,[6 2],76,-1,107,-1,82
1,<environment.Job instance at 0x7f6d7e21b280>,13,26,[7 3],14,-1,48,-1,22
1,<environment.Job instance at 0x7f6d7f17fbe0>,17,27,[1 8],18,-1,65,-1,38
1,<environment.Job instance at 0x7f6d7e74baf0>,1,18,[5 5],2,-1,20,-1,2
1,<environment.Job instance at 0x7f6d7e22e910>,2,15,[ 1 10],3,-1,19,-1,4
1,<environment.Job instance at 0x7f6d7f64d230>,4,18,[9 2],5,-1,24,-1,6
1,<environment.Job instance at 0x7f6d7f64d140>,5,18,[10  4],6,-1,24,-1,6
1,<environment.Job instance at 0x7f6d7f64d280>,6,17,[3 5],7,-1,25,-1,8
1,<environment.Job instance at 0x7f6d7f64d550>,10,15,[10  5],11,-1,26,-1,11
1,<environment.Job instance at 0x7f6d7f64d5f0>,11,17,[8 2],12,-1,29,-1,12
1,<environment.Job instance at 0x7f6d7f64d870>,14,18,[8 4],15,-1,33,-1,15
1,<environment.Job instance at 0x7f6d7f64daf0>,17,17,[2 7],18,-1,35,-1,18
1,<environment.Job instance at 0x7f6d7f64dc80>,19,14,[6 4],20,-1,34,-1,20
1,<environment.Job instance at 0x7f6d7f64ddc0>,21,13,[ 5 10],22,-1,35,-1,22
1,<environment.Job instance at 0x7f6d7ef32050>,24,18,[3 9],25,-1,43,-1,25
1,<environment.Job instance at 0x7f6d7ef32690>,31,17,[10  2],32,-1,49,-1,32
1,<environment.Job instance at 0x7f6d7ef327d0>,33,13,[4 6],34,-1,47,-1,34
1,<environment.Job instance at 0x7f6d7ef329b0>,35,13,[ 5 10],36,-1,49,-1,36
1,<environment.Job instance at 0x7f6d7ef32c30>,37,18,[7 5],38,-1,56,-1,38
1,<environment.Job instance at 0x7f6d7ef32d70>,39,16,[6 3],40,-1,56,-1,40
1,<environment.Job instance at 0x7f6d7ef3db90>,51,16,[3 9],52,-1,71,-1,55
1,<environment.Job instance at 0x7f6d7f64d2d0>,7,15,[5 9],8,-1,76,-1,61
1,<environment.Job instance at 0x7f6d7ef3d1e0>,42,16,[6 5],43,-1,77,-1,61
1,<environment.Job instance at 0x7f6d7e761140>,8,28,[ 2 11],9,-1,46,-1,18
1,<environment.Job instance at 0x7f6d7e75e190>,16,15,[ 2 12],17,-1,53,-1,38
1,<environment.Job instance at 0x7f6d7f334d20>,20,12,[ 1 11],21,-1,64,-1,52
1,<environment.Job instance at 0x7f6d7e7c8820>,23,15,[ 5 12],24,-1,84,-1,69
1,<environment.Job instance at 0x7f6d7e1af1e0>,4,13,[3 8],5,-1,19,-1,6
1,<environment.Job instance at 0x7f6d7e1af780>,7,16,[2 6],8,-1,24,-1,8
1,<environment.Job instance at 0x7f6d7e1af550>,8,17,[7 4],9,-1,26,-1,9
1,<environment.Job instance at 0x7f6d7f4545f0>,5,16,[ 4 14],6,-1,25,-1,9
1,<environment.Job instance at 0x7f6d7e1af320>,11,16,[6 2],12,-1,28,-1,12
1,<environment.Job instance at 0x7f6d7e1af690>,12,20,[1 9],13,-1,33,-1,13
1,<environment.Job instance at 0x7f6d7e1af3c0>,13,18,[3 7],14,-1,32,-1,14
1,<environment.Job instance at 0x7f6d7e1af190>,16,18,[3 6],17,-1,35,-1,17
1,<environment.Job instance at 0x7f6d7e1afd70>,18,17,[2 5],19,-1,40,-1,23
1,<environment.Job instance at 0x7f6d7edbc820>,24,18,[2 9],25,-1,44,-1,26
1,<environment.Job instance at 0x7f6d7edbca50>,25,26,[5 5],26,-1,52,-1,26
1,<environment.Job instance at 0x7f6d7edbc190>,28,22,[10  5],29,-1,52,-1,30
1,<environment.Job instance at 0x7f6d7edbcdc0>,30,17,[2 7],31,-1,48,-1,31
1,<environment.Job instance at 0x7f6d7f1a2e60>,40,25,[9 5],41,-1,71,-1,46
1,<environment.Job instance at 0x7f6d7f21f7d0>,34,25,[9 4],35,-1,74,-1,49
1,<environment.Job instance at 0x7f6d7f21f370>,33,12,[10  3],34,-1,61,-1,49
1,<environment.Job instance at 0x7f6d7f75a730>,46,15,[7 3],47,-1,64,-1,49
1,<environment.Job instance at 0x7f6d7f75a230>,48,13,[2 8],49,-1,62,-1,49
1,<environment.Job instance at 0x7f6d7f75a910>,49,14,[ 1 10],50,-1,64,-1,50
1,<environment.Job instance at 0x7f6d7ea14be0>,51,16,[ 2 10],52,-1,68,-1,52
1,<environment.Job instance at 0x7f6d7ea14370>,52,22,[2 7],53,-1,76,-1,54
1,<environment.Job instance at 0x7f6d7ea14b90>,55,16,[10  3],56,-1,75,-1,59
1,<environment.Job instance at 0x7f6d7ea14820>,56,18,[8 3],57,-1,77,-1,59
1,<environment.Job instance at 0x7f6d7ea14460>,59,17,[1 9],60,-1,78,-1,61
1,<environment.Job instance at 0x7f6d7ea14780>,60,15,[9 4],61,-1,76,-1,61
1,<environment.Job instance at 0x7f6d7ea14550>,61,14,[8 1],62,-1,81,-1,67
1,<environment.Job instance at 0x7f6d7ea148c0>,65,27,[5 8],66,-1,94,-1,67
1,<environment.Job instance at 0x7f6d7f7d2e10>,66,16,[6 4],67,-1,83,-1,67
1,<environment.Job instance at 0x7f6d7f7d2640>,67,25,[6 4],68,-1,93,-1,68
1,<environment.Job instance at 0x7f6d7f7d2fa0>,73,18,[10  5],74,-1,97,-1,79
1,<environment.Job instance at 0x7f6d7dfd39b0>,81,21,[4 7],82,-1,112,-1,91
1,<environment.Job instance at 0x7f6d7e0d4320>,84,13,[3 6],85,-1,106,-1,93
1,<environment.Job instance at 0x7f6d7e0d4280>,85,17,[4 6],86,-1,114,-1,97
1,<environment.Job instance at 0x7f6d7ecaf2d0>,5,16,[ 4 14],6,-1,22,-1,6
1,<environment.Job instance at 0x7f6d7e228550>,17,26,[ 2 12],18,-1,64,-1,38
1,<environment.Job instance at 0x7f6d7e21b190>,19,1,[ 3 12],20,-1,42,-1,41
1,<environment.Job instance at 0x7f6d7e21bb40>,22,3,[11  1],23,-1,45,-1,42
1,<environment.Job instance at 0x7f6d7e21b410>,25,26,[5 5],26,-1,82,-1,56
1,<environment.Job instance at 0x7f6d7f10e3c0>,34,25,[9 4],35,-1,105,-1,80
1,<environment.Job instance at 0x7f6d7f17d190>,41,3,[11  1],42,-1,97,-1,94
1,<environment.Job instance at 0x7f6d7f16b960>,42,3,[12  5],43,-1,97,-1,94
1,<environment.Job instance at 0x7f6d7f0e3640>,40,25,[9 5],41,-1,121,-1,96
1,<environment.Job instance at 0x7f6d7e469af0>,11,16,[5 4],12,-1,28,-1,12
1,<environment.Job instance at 0x7f6d7e469640>,12,18,[2 9],13,-1,31,-1,13
1,<environment.Job instance at 0x7f6d7e469500>,13,14,[3 7],14,-1,28,-1,14
1,<environment.Job instance at 0x7f6d7e2c7f50>,18,1,[1 5],19,-1,20,-1,19
1,<environment.Job instance at 0x7f6d7e2c7690>,19,13,[3 8],20,-1,33,-1,20
1,<environment.Job instance at 0x7f6d7e2c79b0>,23,18,[5 5],24,-1,42,-1,24
1,<environment.Job instance at 0x7f6d7e4660a0>,24,16,[10  2],25,-1,42,-1,26
1,<environment.Job instance at 0x7f6d7e466370>,26,16,[5 6],27,-1,43,-1,27
1,<environment.Job instance at 0x7f6d7e2932d0>,29,13,[4 7],30,-1,43,-1,30
1,<environment.Job instance at 0x7f6d7e2c7af0>,25,13,[4 8],26,-1,43,-1,30
1,<environment.Job instance at 0x7f6d7e2930f0>,32,15,[5 5],33,-1,48,-1,33
1,<environment.Job instance at 0x7f6d7e293230>,33,12,[9 5],34,-1,47,-1,35
1,<environment.Job instance at 0x7f6d7e2931e0>,35,14,[5 8],36,-1,50,-1,36
1,<environment.Job instance at 0x7f6d7f5c8e60>,36,14,[5 5],37,-1,51,-1,37
1,<environment.Job instance at 0x7f6d7e293cd0>,34,18,[ 3 10],35,-1,55,-1,37
1,<environment.Job instance at 0x7f6d7e293960>,37,17,[3 7],38,-1,55,-1,38
1,<environment.Job instance at 0x7f6d7f5c8730>,38,16,[7 5],39,-1,55,-1,39
1,<environment.Job instance at 0x7f6d7f5c8500>,39,20,[5 5],40,-1,60,-1,40
1,<environment.Job instance at 0x7f6d7e2d3640>,45,15,[1 9],46,-1,61,-1,46
1,<environment.Job instance at 0x7f6d7e552460>,46,18,[1 8],47,-1,65,-1,47
1,<environment.Job instance at 0x7f6d87d9ef50>,51,14,[10  5],52,-1,68,-1,54
1,<environment.Job instance at 0x7f6d7e896aa0>,55,15,[7 2],56,-1,71,-1,56
1,<environment.Job instance at 0x7f6d7e2dc960>,70,22,[9 5],71,-1,93,-1,71
1,<environment.Job instance at 0x7f6d7df19320>,72,27,[8 4],73,-1,100,-1,73
1,<environment.Job instance at 0x7f6d7e58eaa0>,60,17,[14  5],61,-1,107,-1,90
1,<environment.Job instance at 0x7f6d7f2012d0>,78,18,[8 4],79,-1,109,-1,91
1,<environment.Job instance at 0x7f6d7ed5abe0>,59,13,[5 1],60,-1,105,-1,92
1,<environment.Job instance at 0x7f6d7e3d6550>,80,16,[5 2],81,-1,109,-1,93
1,<environment.Job instance at 0x7f6d7e3d61e0>,81,3,[5 7],82,-1,96,-1,93
1,<environment.Job instance at 0x7f6d7ee8c960>,17,3,[ 5 11],18,-1,45,-1,42
1,<environment.Job instance at 0x7f6d7f043a50>,21,18,[ 3 14],22,-1,67,-1,49
1,<environment.Job instance at 0x7f6d7e2c7aa0>,28,13,[14  3],29,-1,92,-1,79
1,<environment.Job instance at 0x7f6d7ecbbb40>,5,16,[5 5],6,-1,22,-1,6
1,<environment.Job instance at 0x7f6d7ecbbaa0>,6,20,[5 3],7,-1,27,-1,7
1,<environment.Job instance at 0x7f6d7ecbbaf0>,8,12,[9 1],9,-1,23,-1,11
1,<environment.Job instance at 0x7f6d7ecbb370>,11,13,[6 3],12,-1,25,-1,12
1,<environment.Job instance at 0x7f6d7f2525a0>,12,18,[9 2],13,-1,31,-1,13
1,<environment.Job instance at 0x7f6d7ecbb960>,10,21,[5 4],11,-1,34,-1,13
1,<environment.Job instance at 0x7f6d7ee3dbe0>,16,16,[5 8],17,-1,33,-1,17
1,<environment.Job instance at 0x7f6d7f781960>,20,17,[10  5],21,-1,39,-1,22
1,<environment.Job instance at 0x7f6d7f80dd70>,24,13,[10  2],25,-1,39,-1,26
1,<environment.Job instance at 0x7f6d7f80d8c0>,25,17,[9 4],26,-1,43,-1,26
1,<environment.Job instance at 0x7f6d7f80df50>,26,16,[10  4],27,-1,44,-1,28
1,<environment.Job instance at 0x7f6d7e07cf00>,28,14,[10  3],29,-1,44,-1,30
1,<environment.Job instance at 0x7f6d7ec3dc30>,30,12,[1 9],31,-1,43,-1,31
1,<environment.Job instance at 0x7f6d7f59a0f0>,32,18,[3 6],33,-1,51,-1,33
1,<environment.Job instance at 0x7f6d883d6f00>,33,16,[5 8],34,-1,50,-1,34
1,<environment.Job instance at 0x7f6d7ec0f960>,38,18,[2 8],39,-1,57,-1,39
1,<environment.Job instance at 0x7f6d7ec301e0>,42,17,[5 3],43,-1,71,-1,54
1,<environment.Job instance at 0x7f6d7e801e60>,46,16,[7 4],47,-1,72,-1,56
1,<environment.Job instance at 0x7f6d7ec30af0>,41,18,[8 4],42,-1,78,-1,60
1,<environment.Job instance at 0x7f6d7e7d25f0>,49,14,[ 5 10],50,-1,74,-1,60
1,<environment.Job instance at 0x7f6d7e7d2230>,50,16,[7 5],51,-1,83,-1,67
1,<environment.Job instance at 0x7f6d7e7d26e0>,55,28,[5 5],56,-1,95,-1,67
1,<environment.Job instance at 0x7f6d7e7e0b90>,61,21,[4 8],62,-1,88,-1,67
1,<environment.Job instance at 0x7f6d7e7e0af0>,63,16,[10  5],64,-1,90,-1,74
1,<environment.Job instance at 0x7f6d7e801d70>,44,12,[13  3],45,-1,86,-1,74
1,<environment.Job instance at 0x7f6d7e801af0>,45,14,[1 5],46,-1,89,-1,75
1,<environment.Job instance at 0x7f6d7e7e0dc0>,66,17,[7 1],67,-1,92,-1,75
1,<environment.Job instance at 0x7f6d7e7dc3c0>,70,21,[6 2],71,-1,97,-1,76
1,<environment.Job instance at 0x7f6d7e7dc500>,73,13,[10  4],74,-1,89,-1,76
1,<environment.Job instance at 0x7f6d7e801eb0>,43,18,[4 6],44,-1,97,-1,79
1,<environment.Job instance at 0x7f6d7e7dccd0>,77,12,[8 1],78,-1,91,-1,79
1,<environment.Job instance at 0x7f6d7e7d2280>,59,18,[1 5],60,-1,97,-1,79
1,<environment.Job instance at 0x7f6d7e7dcaf0>,79,16,[ 4 11],80,-1,96,-1,80
1,<environment.Job instance at 0x7f6d7e7dcfa0>,80,28,[4 7],81,-1,109,-1,81
1,<environment.Job instance at 0x7f6d7e7e61e0>,84,14,[ 1 10],85,-1,100,-1,86
1,<environment.Job instance at 0x7f6d7e7dc0f0>,68,1,[ 1 11],69,-1,87,-1,86
1,<environment.Job instance at 0x7f6d7e7dcdc0>,83,14,[ 3 11],84,-1,100,-1,86
1,<environment.Job instance at 0x7f6d7e7e67d0>,89,12,[7 5],90,-1,104,-1,92
1,<environment.Job instance at 0x7f6d7e7e6a50>,92,16,[10  5],93,-1,109,-1,93
1,<environment.Job instance at 0x7f6d7e7e6690>,91,15,[4 5],92,-1,108,-1,93
1,<environment.Job instance at 0x7f6d7e7e6b90>,93,13,[5 1],94,-1,108,-1,95
1,<environment.Job instance at 0x7f6d7e7e6d20>,95,15,[10  3],96,-1,111,-1,96
1,<environment.Job instance at 0x7f6d7e7e6dc0>,96,12,[3 9],97,-1,109,-1,97
1,<environment.Job instance at 0x7f6d7e8efc30>,7,1,[ 2 11],8,-1,9,-1,8
1,<environment.Job instance at 0x7f6d7f3f7690>,14,17,[11  1],15,-1,37,-1,20
1,<environment.Job instance at 0x7f6d7e7ad140>,27,3,[ 5 11],28,-1,79,-1,76
1,<environment.Job instance at 0x7faa33191b90>,2,14,[ 2 10],3,-1,18,-1,4
1,<environment.Job instance at 0x7faa3c7db8c0>,3,22,[2 5],4,-1,26,-1,4
1,<environment.Job instance at 0x7faa33196230>,12,23,[6 4],13,-1,44,-1,21
1,<environment.Job instance at 0x7faa33191fa0>,8,17,[1 8],9,-1,38,-1,21
1,<environment.Job instance at 0x7faa33196370>,14,21,[8 1],15,-1,42,-1,21
1,<environment.Job instance at 0x7faa331964b0>,16,18,[7 3],17,-1,40,-1,22
1,<environment.Job instance at 0x7faa33196190>,10,22,[8 1],11,-1,44,-1,22
1,<environment.Job instance at 0x7faa33196690>,19,25,[5 9],20,-1,47,-1,22
1,<environment.Job instance at 0x7faa331965f0>,18,26,[7 4],19,-1,48,-1,22
1,<environment.Job instance at 0x7faa33191f50>,9,12,[8 2],10,-1,34,-1,22
1,<environment.Job instance at 0x7faa331968c0>,22,12,[3 8],23,-1,35,-1,23
1,<environment.Job instance at 0x7faa331962d0>,13,18,[5 9],14,-1,42,-1,24
1,<environment.Job instance at 0x7faa33196550>,17,12,[5 1],18,-1,36,-1,24
1,<environment.Job instance at 0x7faa33196dc0>,26,12,[8 5],27,-1,39,-1,27
1,<environment.Job instance at 0x7faa33196aa0>,23,16,[6 2],24,-1,43,-1,27
1,<environment.Job instance at 0x7faa33196e10>,27,17,[4 6],28,-1,45,-1,28
1,<environment.Job instance at 0x7faa33199320>,32,21,[5 9],33,-1,54,-1,33
1,<environment.Job instance at 0x7faa331992d0>,33,26,[3 6],34,-1,60,-1,34
1,<environment.Job instance at 0x7faa33199370>,34,14,[1 9],35,-1,49,-1,35
1,<environment.Job instance at 0x7faa33199500>,35,16,[1 9],36,-1,52,-1,36
1,<environment.Job instance at 0x7faa33199640>,37,14,[5 8],38,-1,52,-1,38
1,<environment.Job instance at 0x7faa33196f00>,30,26,[9 4],31,-1,64,-1,38
1,<environment.Job instance at 0x7faa331998c0>,40,26,[ 1 10],41,-1,67,-1,41
1,<environment.Job instance at 0x7faa33199c30>,43,12,[4 5],44,-1,58,-1,46
1,<environment.Job instance at 0x7faa33195190>,49,17,[10  2],50,-1,69,-1,52
1,<environment.Job instance at 0x7faa33195b90>,57,16,[ 2 11],58,-1,74,-1,58
1,<environment.Job instance at 0x7faa33195820>,54,18,[7 1],55,-1,78,-1,60
1,<environment.Job instance at 0x7faa33195280>,48,12,[9 2],49,-1,72,-1,60
1,<environment.Job instance at 0x7faa33195d20>,59,19,[1 7],60,-1,79,-1,60
1,<environment.Job instance at 0x7faa33195cd0>,58,17,[3 7],59,-1,81,-1,64
1,<environment.Job instance at 0x7faa3319a370>,67,16,[1 9],68,-1,84,-1,68
1,<environment.Job instance at 0x7faa3319a780>,68,14,[6 4],69,-1,84,-1,70
1,<environment.Job instance at 0x7faa3319aa50>,72,18,[3 5],73,-1,92,-1,74
1,<environment.Job instance at 0x7faa331967d0>,21,18,[9 4],22,-1,95,-1,77
1,<environment.Job instance at 0x7faa3319af00>,76,13,[10  1],77,-1,91,-1,78
1,<environment.Job instance at 0x7faa3319f140>,79,19,[10  3],80,-1,99,-1,80
1,<environment.Job instance at 0x7faa3319f230>,81,14,[8 5],82,-1,96,-1,82
1,<environment.Job instance at 0x7faa3319f3c0>,82,21,[4 8],83,-1,105,-1,84
1,<environment.Job instance at 0x7faa3319f4b0>,83,18,[ 3 10],84,-1,102,-1,84
1,<environment.Job instance at 0x7faa3319fa00>,87,18,[7 1],88,-1,106,-1,88
1,<environment.Job instance at 0x7faa3319f640>,85,15,[1 7],86,-1,104,-1,89
1,<environment.Job instance at 0x7faa3319fb90>,88,16,[4 9],89,-1,107,-1,91
1,<environment.Job instance at 0x7faa3319fb40>,91,18,[5 4],92,-1,111,-1,93
1,<environment.Job instance at 0x7faa3319fc80>,93,25,[ 1 10],94,-1,119,-1,94
1,<environment.Job instance at 0x7faa3324c0a0>,96,18,[2 6],97,-1,115,-1,97
1,<environment.Job instance at 0x7faa33189d70>,101,15,[2 7],102,-1,117,-1,102
1,<environment.Job instance at 0x7faa331898c0>,103,16,[1 9],104,-1,120,-1,104
1,<environment.Job instance at 0x7faa3333f230>,102,13,[9 4],103,-1,119,-1,106
1,<environment.Job instance at 0x7faa331899b0>,105,16,[7 5],106,-1,122,-1,106
1,<environment.Job instance at 0x7faa331952d0>,12,23,[6 4],13,-1,53,-1,30
1,<environment.Job instance at 0x7faa3319a820>,18,26,[7 4],19,-1,70,-1,44
1,<environment.Job instance at 0x7faa3319ac80>,19,25,[5 9],20,-1,83,-1,58
1,<environment.Job instance at 0x7faa331d0410>,28,17,[ 1 13],29,-1,87,-1,70
1,<environment.Job instance at 0x7faa33332cd0>,30,26,[9 4],31,-1,110,-1,84
1,<environment.Job instance at 0x7faa33332370>,31,1,[ 2 14],32,-1,85,-1,84
1,<environment.Job instance at 0x7faa33189190>,33,26,[3 6],34,-1,110,-1,84
1,<environment.Job instance at 0x7faa328d38c0>,9,28,[7 5],10,-1,38,-1,10
1,<environment.Job instance at 0x7faa328d3320>,12,18,[7 5],13,-1,31,-1,13
1,<environment.Job instance at 0x7faa32a7c230>,22,18,[10  4],23,-1,42,-1,24
1,<environment.Job instance at 0x7faa32a3e5a0>,25,15,[8 3],26,-1,41,-1,26
1,<environment.Job instance at 0x7faa32806050>,32,15,[ 2 13],33,-1,48,-1,33
1,<environment.Job instance at 0x7faa32a49c80>,27,28,[ 2 10],28,-1,65,-1,37
1,<environment.Job instance at 0x7faa328a1f50>,34,20,[13  4],35,-1,58,-1,38
1,<environment.Job instance at 0x7faa3275b370>,36,13,[10  5],37,-1,51,-1,38
1,<environment.Job instance at 0x7faa32a76370>,21,13,[3 8],22,-1,53,-1,40
1,<environment.Job instance at 0x7faa32831a50>,39,17,[5 7],40,-1,57,-1,40
1,<environment.Job instance at 0x7faa3275eb90>,40,12,[5 1],41,-1,54,-1,42
1,<environment.Job instance at 0x7faa327524b0>,43,1,[12  5],44,-1,45,-1,44
1,<environment.Job instance at 0x7faa32a26c80>,31,14,[ 3 10],32,-1,59,-1,45
1,<environment.Job instance at 0x7faa32752a00>,45,17,[10  4],46,-1,63,-1,46
1,<environment.Job instance at 0x7faa3274aeb0>,47,21,[10  4],48,-1,69,-1,48
1,<environment.Job instance at 0x7faa33082d70>,50,24,[1 5],51,-1,75,-1,51
1,<environment.Job instance at 0x7faa32742140>,52,20,[10  5],53,-1,74,-1,54
1,<environment.Job instance at 0x7faa327e0410>,54,14,[10  5],55,-1,71,-1,57
1,<environment.Job instance at 0x7faa328febe0>,56,13,[ 5 14],57,-1,73,-1,60
1,<environment.Job instance at 0x7faa32783370>,60,17,[4 7],61,-1,78,-1,61
1,<environment.Job instance at 0x7faa32b6d050>,20,17,[9 5],21,-1,79,-1,62
1,<environment.Job instance at 0x7faa32793050>,59,14,[ 5 10],60,-1,76,-1,62
1,<environment.Job instance at 0x7faa327a9960>,64,19,[3 8],65,-1,84,-1,65
1,<environment.Job instance at 0x7faa32831a00>,41,22,[5 6],42,-1,90,-1,68
1,<environment.Job instance at 0x7faa327a9c80>,65,17,[5 1],66,-1,85,-1,68
1,<environment.Job instance at 0x7faa327a9910>,67,16,[8 4],68,-1,84,-1,68
1,<environment.Job instance at 0x7faa328da370>,71,18,[6 2],72,-1,90,-1,72
1,<environment.Job instance at 0x7faa327a8910>,74,19,[6 2],75,-1,94,-1,75
1,<environment.Job instance at 0x7faa327a89b0>,76,17,[9 1],77,-1,96,-1,79
1,<environment.Job instance at 0x7faa327a8870>,80,17,[9 5],81,-1,99,-1,82
1,<environment.Job instance at 0x7faa327a9e10>,63,24,[3 7],64,-1,109,-1,85
1,<environment.Job instance at 0x7faa327b2d20>,84,26,[3 9],85,-1,111,-1,85
1,<environment.Job instance at 0x7faa327a8f50>,78,27,[ 3 12],79,-1,113,-1,86
1,<environment.Job instance at 0x7faa327ab140>,85,15,[5 3],86,-1,101,-1,86
1,<environment.Job instance at 0x7faa327abfa0>,88,21,[2 7],89,-1,110,-1,89
1,<environment.Job instance at 0x7faa327aa820>,90,23,[4 7],91,-1,114,-1,91
1,<environment.Job instance at 0x7faa327a6cd0>,93,14,[5 9],94,-1,108,-1,94
1,<environment.Job instance at 0x7faa327aaaa0>,91,14,[ 1 10],92,-1,110,-1,96
1,<environment.Job instance at 0x7faa327a69b0>,95,19,[ 1 10],96,-1,116,-1,97
1,<environment.Job instance at 0x7faa327a6c30>,96,16,[6 5],97,-1,115,-1,99
1,<environment.Job instance at 0x7faa327ba5f0>,99,15,[5 5],100,-1,115,-1,100
1,<environment.Job instance at 0x7faa327ba1e0>,98,20,[ 2 10],99,-1,122,-1,102
1,<environment.Job instance at 0x7faa328d1690>,82,15,[ 2 14],83,-1,120,-1,105
1,<environment.Job instance at 0x7faa327be5a0>,101,17,[3 6],102,-1,122,-1,105
1,<environment.Job instance at 0x7faa32740410>,104,16,[5 6],105,-1,121,-1,105
1,<environment.Job instance at 0x7faa32740370>,105,21,[1 6],106,-1,127,-1,106
1,<environment.Job instance at 0x7faa32740690>,106,16,[1 8],107,-1,123,-1,107
1,<environment.Job instance at 0x7faa32a056e0>,0,23,[5 1],1,-1,24,-1,1
1,<environment.Job instance at 0x7faa329b59b0>,7,3,[ 3 13],8,-1,11,-1,8
1,<environment.Job instance at 0x7faa329b5050>,10,19,[ 5 12],11,-1,34,-1,15
1,<environment.Job instance at 0x7faa329b5f50>,9,28,[7 5],10,-1,47,-1,19
1,<environment.Job instance at 0x7faa329ba910>,27,28,[ 2 10],28,-1,86,-1,58
1,<environment.Job instance at 0x7faa32954f00>,32,15,[ 2 13],33,-1,76,-1,61
1,<environment.Job instance at 0x7faa32959050>,34,20,[13  4],35,-1,82,-1,62
1,<environment.Job instance at 0x7faa329600f0>,43,1,[12  5],44,-1,98,-1,97
1,<environment.Job instance at 0x7faa3282df00>,4,15,[8 5],5,-1,20,-1,5
1,<environment.Job instance at 0x7faa3282d460>,8,19,[4 7],9,-1,28,-1,9
1,<environment.Job instance at 0x7faa3282d1e0>,9,13,[4 5],10,-1,23,-1,10
1,<environment.Job instance at 0x7faa3282daa0>,13,22,[9 1],14,-1,38,-1,16
1,<environment.Job instance at 0x7faa32790fa0>,18,13,[2 7],19,-1,32,-1,19
1,<environment.Job instance at 0x7faa32790d70>,20,13,[5 9],21,-1,34,-1,21
1,<environment.Job instance at 0x7faa327901e0>,22,12,[ 5 10],23,-1,35,-1,23
1,<environment.Job instance at 0x7faa32790af0>,23,13,[9 2],24,-1,37,-1,24
1,<environment.Job instance at 0x7faa327a07d0>,25,27,[6 1],26,-1,53,-1,26
1,<environment.Job instance at 0x7faa327a0cd0>,27,14,[10  3],28,-1,42,-1,28
1,<environment.Job instance at 0x7faa327a0e10>,30,13,[3 5],31,-1,44,-1,31
1,<environment.Job instance at 0x7faa327a0c30>,31,16,[5 8],32,-1,48,-1,32
1,<environment.Job instance at 0x7faa327a0780>,32,23,[1 8],33,-1,56,-1,33
1,<environment.Job instance at 0x7faa327a04b0>,37,14,[10  5],38,-1,52,-1,38
1,<environment.Job instance at 0x7faa3c87bfa0>,41,17,[10  2],42,-1,59,-1,42
1,<environment.Job instance at 0x7faa3274a870>,43,26,[5 3],44,-1,70,-1,44
1,<environment.Job instance at 0x7faa3274a230>,45,18,[ 1 10],46,-1,64,-1,46
1,<environment.Job instance at 0x7faa3274a5a0>,48,17,[1 5],49,-1,66,-1,49
1,<environment.Job instance at 0x7faa3274ab90>,49,18,[5 2],50,-1,68,-1,50
1,<environment.Job instance at 0x7faa3274ad70>,50,18,[5 8],51,-1,69,-1,51
1,<environment.Job instance at 0x7faa3274a0a0>,52,18,[3 8],53,-1,71,-1,53
1,<environment.Job instance at 0x7faa3274a4b0>,56,17,[8 4],57,-1,74,-1,57
1,<environment.Job instance at 0x7faa3c946fa0>,57,15,[3 6],58,-1,73,-1,58
1,<environment.Job instance at 0x7faa3c946b90>,58,20,[5 2],59,-1,79,-1,59
1,<environment.Job instance at 0x7faa3c946870>,59,26,[2 8],60,-1,86,-1,60
1,<environment.Job instance at 0x7faa3c946af0>,60,15,[5 8],61,-1,76,-1,61
1,<environment.Job instance at 0x7faa3c946a00>,61,20,[ 4 10],62,-1,82,-1,62
1,<environment.Job instance at 0x7faa3c946280>,62,15,[9 2],63,-1,78,-1,63
1,<environment.Job instance at 0x7faa3c9463c0>,64,16,[7 5],65,-1,81,-1,65
1,<environment.Job instance at 0x7faa3275e690>,67,27,[9 5],68,-1,95,-1,68
1,<environment.Job instance at 0x7faa3c949cd0>,76,13,[8 2],77,-1,90,-1,77
1,<environment.Job instance at 0x7faa328068c0>,79,15,[6 5],80,-1,95,-1,80
1,<environment.Job instance at 0x7faa32806690>,87,16,[5 3],88,-1,115,-1,99
1,<environment.Job instance at 0x7faa32806dc0>,83,17,[7 4],84,-1,116,-1,99
1,<environment.Job instance at 0x7faa32aad7d0>,5,17,[12  1],6,-1,23,-1,6
1,<environment.Job instance at 0x7faa32cba8c0>,10,16,[14  3],11,-1,35,-1,19
1,<environment.Job instance at 0x7faa33b073c0>,17,2,[ 1 12],18,-1,25,-1,23
1,<environment.Job instance at 0x7faa33a89690>,25,27,[6 1],26,-1,88,-1,61
1,<environment.Job instance at 0x7faa3c3aed70>,32,23,[1 8],33,-1,101,-1,78
1,<environment.Job instance at 0x7faa57eec190>,43,26,[5 3],44,-1,123,-1,97
1,<environment.Job instance at 0x7faa3293c730>,2,20,[4 9],3,-1,24,-1,4
1,<environment.Job instance at 0x7faa32e0c0f0>,9,15,[ 2 10],10,-1,25,-1,10
1,<environment.Job instance at 0x7faa32e0ceb0>,12,17,[5 9],13,-1,30,-1,13
1,<environment.Job instance at 0x7faa32e0cd70>,13,17,[7 1],14,-1,31,-1,14
1,<environment.Job instance at 0x7faa32e0c5a0>,14,21,[4 9],15,-1,36,-1,15
1,<environment.Job instance at 0x7faa32cf0640>,24,16,[5 2],25,-1,41,-1,25
1,<environment.Job instance at 0x7faa32cf0cd0>,26,25,[2 8],27,-1,54,-1,29
1,<environment.Job instance at 0x7faa32cf0fa0>,30,26,[8 3],31,-1,57,-1,31
1,<environment.Job instance at 0x7faa32c8a780>,34,14,[3 8],35,-1,49,-1,35
1,<environment.Job instance at 0x7faa32c8adc0>,35,13,[9 1],36,-1,50,-1,37
1,<environment.Job instance at 0x7faa32c8a6e0>,38,16,[5 2],39,-1,55,-1,39
1,<environment.Job instance at 0x7faa32c8aaa0>,36,18,[8 3],37,-1,59,-1,41
1,<environment.Job instance at 0x7faa32c8a960>,41,18,[5 8],42,-1,60,-1,42
1,<environment.Job instance at 0x7faa32a31c80>,42,14,[2 8],43,-1,59,-1,45
1,<environment.Job instance at 0x7faa32a31fa0>,50,16,[ 4 10],51,-1,69,-1,53
1,<environment.Job instance at 0x7faa32a31870>,51,15,[5 7],52,-1,68,-1,53
1,<environment.Job instance at 0x7faa32a31f00>,48,1,[9 5],49,-1,54,-1,53
1,<environment.Job instance at 0x7faa32a31aa0>,52,17,[8 2],53,-1,70,-1,53
1,<environment.Job instance at 0x7faa32a31690>,49,18,[5 2],50,-1,73,-1,55
1,<environment.Job instance at 0x7faa32cd0960>,56,17,[7 4],57,-1,74,-1,57
1,<environment.Job instance at 0x7faa32cd0500>,59,18,[10  4],60,-1,78,-1,60
1,<environment.Job instance at 0x7faa32cd0550>,64,18,[10  5],65,-1,88,-1,70
1,<environment.Job instance at 0x7faa32cd0a50>,63,14,[5 6],64,-1,84,-1,70
1,<environment.Job instance at 0x7faa32cd03c0>,66,16,[2 9],67,-1,87,-1,71
1,<environment.Job instance at 0x7faa3c944550>,68,15,[10  4],69,-1,86,-1,71
1,<environment.Job instance at 0x7faa32a31640>,55,17,[12  4],56,-1,110,-1,93
1,<environment.Job instance at 0x7faa327a9d70>,72,27,[8 3],73,-1,123,-1,96
1,<environment.Job instance at 0x7faa327a94b0>,73,18,[1 6],74,-1,115,-1,97
1,<environment.Job instance at 0x7faa32cd0aa0>,67,2,[ 3 11],68,-1,99,-1,97
1,<environment.Job instance at 0x7faa32925d70>,76,27,[2 6],77,-1,124,-1,97
1,<environment.Job instance at 0x7faa32925230>,78,16,[9 2],79,-1,113,-1,97
1,<environment.Job instance at 0x7faa327a99b0>,74,17,[2 6],75,-1,114,-1,97
1,<environment.Job instance at 0x7faa329251e0>,81,16,[4 5],82,-1,113,-1,97
1,<environment.Job instance at 0x7faa3292f280>,85,14,[6 1],86,-1,111,-1,97
1,<environment.Job instance at 0x7faa3292f320>,84,12,[8 1],85,-1,109,-1,97
1,<environment.Job instance at 0x7faa3292fa00>,90,12,[10  5],91,-1,111,-1,99
1,<environment.Job instance at 0x7faa3c946be0>,92,16,[6 4],93,-1,118,-1,102
1,<environment.Job instance at 0x7faa32925280>,77,16,[7 4],78,-1,122,-1,106
1,<environment.Job instance at 0x7faa32cd0820>,61,13,[1 7],62,-1,119,-1,106
1,<environment.Job instance at 0x7faa32cb5730>,97,23,[2 8],98,-1,130,-1,107
1,<environment.Job instance at 0x7faa33ce7640>,17,13,[12  1],18,-1,34,-1,21
1,<environment.Job instance at 0x7faa33892780>,18,12,[14  3],19,-1,33,-1,21
1,<environment.Job instance at 0x7faa3397faa0>,19,1,[ 4 11],20,-1,22,-1,21
1,<environment.Job instance at 0x7faa3c319cd0>,26,25,[2 8],27,-1,74,-1,49
1,<environment.Job instance at 0x7faa32fe9820>,30,26,[8 3],31,-1,78,-1,52
1,<environment.Job instance at 0x7faa336567d0>,44,2,[11  3],45,-1,98,-1,96
1,<environment.Job instance at 0x7faa32ea9c80>,0,25,[6 4],1,-1,26,-1,1
1,<environment.Job instance at 0x7faa33612cd0>,4,24,[5 5],5,-1,29,-1,5
1,<environment.Job instance at 0x7faa336125f0>,8,28,[ 5 10],9,-1,37,-1,9
1,<environment.Job instance at 0x7faa33612910>,9,15,[9 5],10,-1,26,-1,11
1,<environment.Job instance at 0x7faa336125a0>,11,17,[7 5],12,-1,29,-1,12
1,<environment.Job instance at 0x7faa3360a1e0>,15,14,[3 8],16,-1,30,-1,16
1,<environment.Job instance at 0x7faa32f91b40>,16,12,[ 5 12],17,-1,29,-1,17
1,<environment.Job instance at 0x7faa32f91910>,17,13,[3 7],18,-1,31,-1,18
1,<environment.Job instance at 0x7faa335da0a0>,18,15,[2 9],19,-1,34,-1,19
1,<environment.Job instance at 0x7faa335dae10>,20,12,[4 5],21,-1,33,-1,21
1,<environment.Job instance at 0x7faa335fba50>,23,15,[6 4],24,-1,39,-1,24
1,<environment.Job instance at 0x7faa32c0b280>,26,12,[10  2],27,-1,39,-1,27
1,<environment.Job instance at 0x7faa33cbbdc0>,27,12,[6 2],28,-1,40,-1,28
1,<environment.Job instance at 0x7faa33cca320>,28,13,[8 3],29,-1,42,-1,29
1,<environment.Job instance at 0x7faa32be2a00>,30,12,[3 7],31,-1,43,-1,31
1,<environment.Job instance at 0x7faa33ccaa50>,32,14,[5 3],33,-1,47,-1,33
1,<environment.Job instance at 0x7faa33605e60>,10,13,[5 5],11,-1,46,-1,33
1,<environment.Job instance at 0x7faa32bebaa0>,34,22,[7 3],35,-1,57,-1,35
1,<environment.Job instance at 0x7faa32bf1fa0>,35,20,[7 5],36,-1,56,-1,36
1,<environment.Job instance at 0x7faa32bf4cd0>,40,13,[5 5],41,-1,54,-1,41
1,<environment.Job instance at 0x7faa330185f0>,47,18,[8 2],48,-1,69,-1,51
1,<environment.Job instance at 0x7faa33018b40>,52,17,[4 5],53,-1,70,-1,53
1,<environment.Job instance at 0x7faa33018cd0>,53,14,[9 3],54,-1,68,-1,54
1,<environment.Job instance at 0x7faa33018780>,55,17,[8 2],56,-1,73,-1,56
1,<environment.Job instance at 0x7faa3300e7d0>,56,16,[1 9],57,-1,73,-1,57
1,<environment.Job instance at 0x7faa3300e370>,57,16,[7 2],58,-1,74,-1,58
1,<environment.Job instance at 0x7faa3300ecd0>,62,16,[10  4],63,-1,80,-1,64
1,<environment.Job instance at 0x7faa3300eb40>,63,16,[6 5],64,-1,80,-1,64
1,<environment.Job instance at 0x7faa3300ef00>,64,16,[9 5],65,-1,83,-1,67
1,<environment.Job instance at 0x7faa33001320>,67,28,[5 9],68,-1,96,-1,68
1,<environment.Job instance at 0x7faa330013c0>,69,18,[5 8],70,-1,88,-1,70
1,<environment.Job instance at 0x7faa33001230>,70,18,[ 2 10],71,-1,89,-1,71
1,<environment.Job instance at 0x7faa33001870>,74,16,[6 1],75,-1,91,-1,75
1,<environment.Job instance at 0x7faa330019b0>,76,18,[ 5 10],77,-1,95,-1,77
1,<environment.Job instance at 0x7faa33001c30>,77,28,[9 1],78,-1,106,-1,78
1,<environment.Job instance at 0x7faa33001b90>,78,13,[9 1],79,-1,92,-1,79
1,<environment.Job instance at 0x7faa33001f50>,81,14,[9 2],82,-1,96,-1,82
1,<environment.Job instance at 0x7faa33010140>,82,26,[5 8],83,-1,109,-1,83
1,<environment.Job instance at 0x7faa33010780>,88,15,[2 8],89,-1,104,-1,89
1,<environment.Job instance at 0x7faa33010730>,89,18,[1 7],90,-1,108,-1,90
1,<environment.Job instance at 0x7faa33010b40>,92,17,[8 1],93,-1,110,-1,93
1,<environment.Job instance at 0x7faa330109b0>,93,22,[3 5],94,-1,116,-1,94
1,<environment.Job instance at 0x7faa33010d20>,95,18,[4 6],96,-1,114,-1,96
1,<environment.Job instance at 0x7faa32b92230>,0,25,[6 4],1,-1,26,-1,1
1,<environment.Job instance at 0x7faa3361ac30>,2,3,[14  5],3,-1,6,-1,3
1,<environment.Job instance at 0x7faa336f37d0>,4,24,[5 5],5,-1,29,-1,5
1,<environment.Job instance at 0x7faa336f35f0>,8,28,[ 5 10],9,-1,45,-1,17
1,<environment.Job instance at 0x7faa336a9e60>,16,12,[ 5 12],17,-1,32,-1,20
1,<environment.Job instance at 0x7faa3293ce10>,19,2,[ 5 14],20,-1,25,-1,23
1,<environment.Job instance at 0x7faa334470a0>,31,16,[ 1 14],32,-1,91,-1,75
1,<environment.Job instance at 0x7faa334b26e0>,44,17,[14  5],45,-1,119,-1,102
1,<environment.Job instance at 0x7faa32bee820>,3,17,[4 7],4,-1,21,-1,4
1,<environment.Job instance at 0x7faa32beeb90>,4,16,[ 5 10],5,-1,21,-1,5
1,<environment.Job instance at 0x7faa32beec30>,10,26,[3 7],11,-1,37,-1,11
1,<environment.Job instance at 0x7faa32beee10>,14,16,[1 5],15,-1,31,-1,15
1,<environment.Job instance at 0x7faa32bee140>,15,18,[4 9],16,-1,34,-1,16
1,<environment.Job instance at 0x7faa33300500>,17,18,[10  5],18,-1,36,-1,18
1,<environment.Job instance at 0x7faa33300050>,20,13,[10  1],21,-1,36,-1,23
1,<environment.Job instance at 0x7faa333006e0>,22,24,[1 9],23,-1,51,-1,27
1,<environment.Job instance at 0x7faa333001e0>,23,14,[6 5],24,-1,45,-1,31
1,<environment.Job instance at 0x7faa33300460>,30,17,[5 6],31,-1,48,-1,31
1,<environment.Job instance at 0x7faa33300e60>,32,26,[ 3 10],33,-1,63,-1,37
1,<environment.Job instance at 0x7faa332fa050>,35,21,[ 2 10],36,-1,60,-1,39
1,<environment.Job instance at 0x7faa332faf50>,38,12,[ 2 11],39,-1,51,-1,39
1,<environment.Job instance at 0x7faa332fa7d0>,40,16,[10  1],41,-1,57,-1,41
1,<environment.Job instance at 0x7faa332faf00>,41,17,[11  3],42,-1,59,-1,42
1,<environment.Job instance at 0x7faa332fa460>,42,16,[12  1],43,-1,59,-1,43
1,<environment.Job instance at 0x7faa332fa4b0>,43,15,[ 4 13],44,-1,59,-1,44
1,<environment.Job instance at 0x7faa332fa140>,39,13,[4 7],40,-1,60,-1,47
1,<environment.Job instance at 0x7faa33135dc0>,49,15,[ 3 10],50,-1,66,-1,51
1,<environment.Job instance at 0x7faa33135fa0>,50,17,[10  2],51,-1,69,-1,52
1,<environment.Job instance at 0x7faa33135f50>,51,13,[10  2],52,-1,66,-1,53
1,<environment.Job instance at 0x7faa331353c0>,53,24,[2 6],54,-1,78,-1,54
1,<environment.Job instance at 0x7faa33135d20>,56,14,[8 4],57,-1,73,-1,59
1,<environment.Job instance at 0x7faa331356e0>,58,3,[ 1 10],59,-1,63,-1,60
1,<environment.Job instance at 0x7faa33300a50>,26,12,[10  1],27,-1,73,-1,61
1,<environment.Job instance at 0x7faa33135cd0>,60,14,[5 8],61,-1,77,-1,63
1,<environment.Job instance at 0x7faa332fb410>,64,18,[6 2],65,-1,83,-1,65
1,<environment.Job instance at 0x7faa33135050>,62,18,[6 2],63,-1,84,-1,66
1,<environment.Job instance at 0x7faa332fb820>,65,19,[6 3],66,-1,87,-1,68
1,<environment.Job instance at 0x7faa332d45a0>,72,27,[5 7],73,-1,100,-1,73
1,<environment.Job instance at 0x7faa3330c500>,75,16,[9 2],76,-1,93,-1,77
1,<environment.Job instance at 0x7faa3330c8c0>,77,15,[9 1],78,-1,93,-1,78
1,<environment.Job instance at 0x7faa3330c320>,78,15,[11  4],79,-1,94,-1,79
1,<environment.Job instance at 0x7faa3330c7d0>,76,15,[10  3],77,-1,100,-1,85
1,<environment.Job instance at 0x7faa32e8ca00>,91,18,[4 9],92,-1,120,-1,102
1,<environment.Job instance at 0x7faa332d2730>,10,26,[3 7],11,-1,38,-1,12
1,<environment.Job instance at 0x7faa332d2370>,11,18,[11  5],12,-1,30,-1,12
1,<environment.Job instance at 0x7faa33300410>,19,1,[12  2],20,-1,40,-1,39
1,<environment.Job instance at 0x7faa33305050>,22,24,[1 9],23,-1,79,-1,55
1,<environment.Job instance at 0x7faa32b5a7d0>,31,27,[7 1],32,-1,126,-1,99
1,<environment.Job instance at 0x7faa332fa370>,33,2,[ 3 13],34,-1,101,-1,99
1,<environment.Job instance at 0x7faa331359b0>,37,1,[ 3 14],38,-1,103,-1,102
1,<environment.Job instance at 0x7faa33135e60>,38,12,[ 2 11],39,-1,114,-1,102
1,<environment.Job instance at 0x7faa332fa2d0>,32,26,[ 3 10],33,-1,131,-1,105
1,<environment.Job instance at 0x7faa3342b190>,41,17,[11  3],42,-1,122,-1,105
1,<environment.Job instance at 0x7faa332b5140>,42,16,[12  1],43,-1,121,-1,105
1,<environment.Job instance at 0x7faa329cfdc0>,43,15,[ 4 13],44,-1,120,-1,105
1,<environment.Job instance at 0x7faa32c764b0>,2,16,[5 4],3,-1,19,-1,3
1,<environment.Job instance at 0x7faa32bbc8c0>,3,15,[ 3 10],4,-1,19,-1,4
1,<environment.Job instance at 0x7faa32bbcc30>,5,15,[5 6],6,-1,21,-1,6
1,<environment.Job instance at 0x7faa32b93f50>,7,14,[7 2],8,-1,22,-1,8
1,<environment.Job instance at 0x7faa32b932d0>,8,20,[3 9],9,-1,29,-1,9
1,<environment.Job instance at 0x7faa32b935a0>,10,16,[5 4],11,-1,27,-1,11
1,<environment.Job instance at 0x7faa32b93e10>,11,17,[ 4 10],12,-1,29,-1,12
1,<environment.Job instance at 0x7faa32bab910>,17,21,[4 8],18,-1,39,-1,18
1,<environment.Job instance at 0x7faa32babd70>,18,23,[3 9],19,-1,42,-1,19
1,<environment.Job instance at 0x7faa32babb90>,19,13,[10  5],20,-1,34,-1,21
1,<environment.Job instance at 0x7faa33d859b0>,24,18,[6 4],25,-1,43,-1,25
1,<environment.Job instance at 0x7faa32c58cd0>,25,15,[4 7],26,-1,41,-1,26
1,<environment.Job instance at 0x7faa3330a640>,27,17,[8 4],28,-1,45,-1,28
1,<environment.Job instance at 0x7faa32763050>,28,16,[1 7],29,-1,45,-1,29
1,<environment.Job instance at 0x7faa32e7caf0>,29,15,[ 2 10],30,-1,45,-1,30
1,<environment.Job instance at 0x7faa3276c870>,39,12,[5 2],40,-1,52,-1,40
1,<environment.Job instance at 0x7faa3275b690>,41,16,[8 4],42,-1,58,-1,42
1,<environment.Job instance at 0x7faa3277e280>,43,18,[6 4],44,-1,62,-1,44
1,<environment.Job instance at 0x7faa32765a50>,53,15,[6 2],54,-1,69,-1,54
1,<environment.Job instance at 0x7faa327659b0>,55,21,[9 5],56,-1,77,-1,56
1,<environment.Job instance at 0x7faa3276a780>,56,18,[10  5],57,-1,75,-1,57
1,<environment.Job instance at 0x7faa3276a730>,57,14,[1 9],58,-1,73,-1,59
1,<environment.Job instance at 0x7faa3276a8c0>,60,12,[2 5],61,-1,73,-1,61
1,<environment.Job instance at 0x7faa3276aaa0>,61,16,[1 6],62,-1,78,-1,62
1,<environment.Job instance at 0x7faa3276a910>,62,1,[5 3],63,-1,64,-1,63
1,<environment.Job instance at 0x7faa3276ab40>,63,27,[3 5],64,-1,91,-1,64
1,<environment.Job instance at 0x7faa3276ad20>,66,12,[4 8],67,-1,79,-1,67
1,<environment.Job instance at 0x7faa3276afa0>,67,17,[5 7],68,-1,85,-1,68
1,<environment.Job instance at 0x7faa32da00a0>,69,12,[1 9],70,-1,82,-1,70
1,<environment.Job instance at 0x7faa32da0190>,71,2,[4 5],72,-1,74,-1,72
1,<environment.Job instance at 0x7faa32da0370>,73,12,[9 3],74,-1,86,-1,74
1,<environment.Job instance at 0x7faa32da0500>,75,14,[5 2],76,-1,90,-1,76
1,<environment.Job instance at 0x7faa32da07d0>,76,12,[6 4],77,-1,89,-1,77
1,<environment.Job instance at 0x7faa32da0690>,77,17,[2 6],78,-1,95,-1,78
1,<environment.Job instance at 0x7faa32da08c0>,78,17,[5 4],79,-1,96,-1,79
1,<environment.Job instance at 0x7faa32da0a00>,80,16,[9 4],81,-1,97,-1,81
1,<environment.Job instance at 0x7faa32da0d70>,83,13,[5 6],84,-1,97,-1,84
1,<environment.Job instance at 0x7faa32da0e10>,85,18,[3 9],86,-1,104,-1,86
1,<environment.Job instance at 0x7faa32da91e0>,88,14,[4 5],89,-1,103,-1,89
1,<environment.Job instance at 0x7faa32da9320>,89,14,[9 4],90,-1,104,-1,90
1,<environment.Job instance at 0x7faa32da9460>,91,18,[4 8],92,-1,110,-1,92
1,<environment.Job instance at 0x7faa32da9aa0>,98,13,[ 3 10],99,-1,121,-1,108
1,<environment.Job instance at 0x7faa32da97d0>,96,17,[2 9],97,-1,126,-1,109
1,<environment.Job instance at 0x7faa32da9d70>,101,17,[10  5],102,-1,126,-1,109
1,<environment.Job instance at 0x7faa32da9fa0>,103,17,[6 1],104,-1,126,-1,109
1,<environment.Job instance at 0x7faa32da9140>,86,27,[10  4],87,-1,136,-1,109
1,<environment.Job instance at 0x7faa32d9d320>,106,13,[8 5],107,-1,122,-1,109
1,<environment.Job instance at 0x7faa32da96e0>,94,13,[ 3 12],95,-1,122,-1,109
1,<environment.Job instance at 0x7faa32d9d2d0>,108,14,[13  2],109,-1,123,-1,109
1,<environment.Job instance at 0x7faa32ef0c30>,6,3,[14  2],7,-1,10,-1,7
1,<environment.Job instance at 0x7faa32722230>,13,14,[ 5 13],14,-1,32,-1,18
1,<environment.Job instance at 0x7faa32fe3dc0>,18,23,[3 9],19,-1,60,-1,37
1,<environment.Job instance at 0x7faa3383ff00>,30,2,[ 1 11],31,-1,87,-1,85
1,<environment.Job instance at 0x7faa33305780>,37,12,[ 3 14],38,-1,118,-1,106
1,<environment.Job instance at 0x7faa326d3cd0>,7,16,[2 7],8,-1,25,-1,9
1,<environment.Job instance at 0x7faa336f37d0>,8,15,[6 2],9,-1,24,-1,9
1,<environment.Job instance at 0x7faa326d3a00>,10,18,[1 7],11,-1,29,-1,11
1,<environment.Job instance at 0x7faa326d3780>,11,14,[1 7],12,-1,26,-1,12
1,<environment.Job instance at 0x7faa326d38c0>,12,14,[8 5],13,-1,27,-1,13
1,<environment.Job instance at 0x7faa326d3eb0>,15,26,[4 8],16,-1,42,-1,16
1,<environment.Job instance at 0x7faa326d3820>,16,20,[4 8],17,-1,37,-1,17
1,<environment.Job instance at 0x7faa326d39b0>,18,16,[8 4],19,-1,35,-1,19
1,<environment.Job instance at 0x7faa326d31e0>,20,25,[5 4],21,-1,46,-1,21
1,<environment.Job instance at 0x7faa326d3be0>,21,21,[5 5],22,-1,43,-1,22
1,<environment.Job instance at 0x7faa326d35a0>,23,18,[ 2 10],24,-1,43,-1,25
1,<environment.Job instance at 0x7faa3370a320>,25,25,[5 7],26,-1,51,-1,26
1,<environment.Job instance at 0x7faa3370a3c0>,26,12,[5 9],27,-1,39,-1,27
1,<environment.Job instance at 0x7faa3370a4b0>,27,22,[5 8],28,-1,50,-1,28
1,<environment.Job instance at 0x7faa326d3c80>,24,13,[7 3],25,-1,42,-1,29
1,<environment.Job instance at 0x7faa3370ac30>,33,27,[8 5],34,-1,61,-1,34
1,<environment.Job instance at 0x7faa3c949690>,43,24,[3 5],44,-1,68,-1,44
1,<environment.Job instance at 0x7faa3c9497d0>,44,14,[4 6],45,-1,59,-1,45
1,<environment.Job instance at 0x7faa326e77d0>,45,14,[10  1],46,-1,61,-1,47
1,<environment.Job instance at 0x7faa326e70f0>,47,17,[2 7],48,-1,65,-1,48
1,<environment.Job instance at 0x7faa326e7b90>,48,15,[5 5],49,-1,64,-1,49
1,<environment.Job instance at 0x7faa326e70a0>,46,15,[3 6],47,-1,64,-1,49
1,<environment.Job instance at 0x7faa326e7cd0>,51,18,[5 9],52,-1,70,-1,52
1,<environment.Job instance at 0x7faa326e75f0>,53,18,[3 7],54,-1,72,-1,54
1,<environment.Job instance at 0x7faa326e7d70>,60,18,[2 7],61,-1,80,-1,62
1,<environment.Job instance at 0x7faa32fff2d0>,63,13,[5 2],64,-1,77,-1,64
1,<environment.Job instance at 0x7faa32fffc30>,64,23,[4 5],65,-1,88,-1,65
1,<environment.Job instance at 0x7faa326e7730>,61,15,[6 3],62,-1,80,-1,65
1,<environment.Job instance at 0x7faa32fff190>,65,13,[8 4],66,-1,80,-1,67
1,<environment.Job instance at 0x7faa32fffcd0>,66,13,[6 5],67,-1,80,-1,67
1,<environment.Job instance at 0x7faa32fffd20>,68,12,[5 5],69,-1,82,-1,70
1,<environment.Job instance at 0x7faa32fff0f0>,73,14,[ 4 11],74,-1,88,-1,74
1,<environment.Job instance at 0x7faa32fff5a0>,74,18,[3 6],75,-1,93,-1,75
1,<environment.Job instance at 0x7faa3c2c6780>,76,26,[8 5],77,-1,103,-1,77
1,<environment.Job instance at 0x7faa3c2c60f0>,80,17,[5 8],81,-1,98,-1,81
1,<environment.Job instance at 0x7faa3c32e0f0>,83,20,[5 3],84,-1,104,-1,84
1,<environment.Job instance at 0x7faa3c32e780>,85,17,[6 3],86,-1,103,-1,86
1,<environment.Job instance at 0x7faa3c32eb40>,86,14,[10  1],87,-1,101,-1,87
1,<environment.Job instance at 0x7faa32fff640>,69,18,[7 4],70,-1,108,-1,90
1,<environment.Job instance at 0x7faa3c32e460>,90,18,[5 6],91,-1,109,-1,91
1,<environment.Job instance at 0x7faa3c32e690>,91,17,[2 9],92,-1,109,-1,92
1,<environment.Job instance at 0x7faa32de4500>,98,16,[13  1],99,-1,115,-1,99
1,<environment.Job instance at 0x7faa32fff0a0>,67,13,[12  5],68,-1,120,-1,107
1,<environment.Job instance at 0x7faa32de4370>,100,20,[3 8],101,-1,127,-1,107
1,<environment.Job instance at 0x7faa3363ba00>,106,26,[9 5],107,-1,133,-1,107
1,<environment.Job instance at 0x7faa333052d0>,15,26,[4 8],16,-1,62,-1,36
1,<environment.Job instance at 0x7faa3ca0c780>,20,25,[5 4],21,-1,66,-1,41
1,<environment.Job instance at 0x7faa33389500>,25,25,[5 7],26,-1,81,-1,56
1,<environment.Job instance at 0x7faa32ad3f50>,29,3,[11  3],30,-1,59,-1,56
1,<environment.Job instance at 0x7faa32ae3aa0>,33,27,[8 5],34,-1,108,-1,81
1,<environment.Job instance at 0x7faa32ae3460>,34,12,[ 5 13],35,-1,93,-1,81
1,<environment.Job instance at 0x7faa326d3910>,39,1,[12  4],40,-1,85,-1,84
1,<environment.Job instance at 0x7faa3370aeb0>,43,24,[3 5],44,-1,113,-1,89
1,<environment.Job instance at 0x7faa326100f0>,4,17,[1 8],5,-1,22,-1,5
1,<environment.Job instance at 0x7faa326106e0>,9,22,[7 3],10,-1,32,-1,10
1,<environment.Job instance at 0x7faa32610e10>,12,25,[7 5],13,-1,38,-1,13
1,<environment.Job instance at 0x7faa32610690>,18,12,[10  2],19,-1,38,-1,26
1,<environment.Job instance at 0x7faa325f0140>,26,18,[5 8],27,-1,45,-1,27
1,<environment.Job instance at 0x7faa32610410>,19,13,[ 1 10],20,-1,50,-1,37
1,<environment.Job instance at 0x7faa325f0230>,29,17,[ 2 10],30,-1,54,-1,37
1,<environment.Job instance at 0x7faa325f02d0>,28,13,[5 5],29,-1,50,-1,37
1,<environment.Job instance at 0x7faa325f0b90>,30,14,[6 3],31,-1,51,-1,37
1,<environment.Job instance at 0x7faa325f07d0>,31,18,[8 1],32,-1,55,-1,37
1,<environment.Job instance at 0x7faa325cdbe0>,37,27,[8 5],38,-1,65,-1,38
1,<environment.Job instance at 0x7faa325cd140>,39,17,[1 5],40,-1,57,-1,40
1,<environment.Job instance at 0x7faa325f03c0>,33,20,[8 4],34,-1,71,-1,51
1,<environment.Job instance at 0x7faa325cdc80>,42,17,[3 5],43,-1,68,-1,51
1,<environment.Job instance at 0x7faa325cdb40>,46,17,[7 3],47,-1,68,-1,51
1,<environment.Job instance at 0x7faa325cd0f0>,45,13,[10  5],46,-1,64,-1,51
1,<environment.Job instance at 0x7faa325cdf00>,48,13,[8 3],49,-1,69,-1,56
1,<environment.Job instance at 0x7faa325cdcd0>,51,17,[9 4],52,-1,76,-1,59
1,<environment.Job instance at 0x7faa325f0be0>,32,15,[3 9],33,-1,74,-1,59
1,<environment.Job instance at 0x7faa3256a0f0>,53,15,[ 2 13],54,-1,74,-1,59
1,<environment.Job instance at 0x7faa325cd4b0>,52,24,[4 6],53,-1,83,-1,59
1,<environment.Job instance at 0x7faa3256a410>,55,14,[10  1],56,-1,73,-1,59
1,<environment.Job instance at 0x7faa325cd1e0>,43,16,[5 2],44,-1,75,-1,59
1,<environment.Job instance at 0x7faa3256af50>,57,18,[14  1],58,-1,77,-1,59
1,<environment.Job instance at 0x7faa325cde10>,50,13,[1 9],51,-1,72,-1,59
1,<environment.Job instance at 0x7faa3256a5a0>,56,12,[9 5],57,-1,71,-1,59
1,<environment.Job instance at 0x7faa3256a1e0>,60,16,[5 4],61,-1,77,-1,61
1,<environment.Job instance at 0x7faa3322b3c0>,61,18,[7 2],62,-1,80,-1,62
1,<environment.Job instance at 0x7faa325074b0>,66,15,[11  2],67,-1,86,-1,71
1,<environment.Job instance at 0x7faa3256a780>,54,18,[5 2],55,-1,89,-1,71
1,<environment.Job instance at 0x7faa33332eb0>,67,12,[7 2],68,-1,83,-1,71
1,<environment.Job instance at 0x7faa33044550>,69,18,[ 5 10],70,-1,90,-1,72
1,<environment.Job instance at 0x7faa33a6a320>,71,15,[5 5],72,-1,87,-1,72
1,<environment.Job instance at 0x7faa325f0f00>,25,15,[ 4 12],26,-1,87,-1,72
1,<environment.Job instance at 0x7faa333833c0>,70,12,[ 3 12],71,-1,86,-1,74
1,<environment.Job instance at 0x7faa32500f00>,76,13,[8 4],77,-1,90,-1,77
1,<environment.Job instance at 0x7faa3c943780>,72,19,[2 5],73,-1,98,-1,79
1,<environment.Job instance at 0x7faa32ef0f50>,78,16,[6 5],79,-1,97,-1,81
1,<environment.Job instance at 0x7faa327c8550>,80,25,[10  4],81,-1,122,-1,97
1,<environment.Job instance at 0x7faa325f0d20>,20,16,[ 2 10],21,-1,113,-1,97
1,<environment.Job instance at 0x7faa32c3d780>,85,17,[8 5],86,-1,114,-1,97
1,<environment.Job instance at 0x7faa32b9f1e0>,92,15,[4 9],93,-1,112,-1,97
1,<environment.Job instance at 0x7faa32b9f6e0>,93,18,[8 3],94,-1,116,-1,98
1,<environment.Job instance at 0x7faa338aaa50>,86,14,[5 7],87,-1,112,-1,98
1,<environment.Job instance at 0x7faa32b9ffa0>,95,15,[7 1],96,-1,113,-1,98
1,<environment.Job instance at 0x7faa334d0d20>,96,16,[7 5],97,-1,115,-1,99
1,<environment.Job instance at 0x7faa33417fa0>,73,16,[6 1],74,-1,117,-1,101
1,<environment.Job instance at 0x7faa32b913c0>,99,14,[5 3],100,-1,115,-1,101
1,<environment.Job instance at 0x7faa32b91b90>,102,18,[8 1],103,-1,121,-1,103
1,<environment.Job instance at 0x7faa32b915f0>,98,13,[7 1],99,-1,118,-1,105
1,<environment.Job instance at 0x7faa3350cd70>,106,20,[10  4],107,-1,127,-1,107
1,<environment.Job instance at 0x7faa3350c050>,108,17,[9 2],109,-1,126,-1,109
1,<environment.Job instance at 0x7faa329b3b90>,7,1,[ 4 12],8,-1,9,-1,8
1,<environment.Job instance at 0x7faa328f6af0>,10,15,[13  3],11,-1,32,-1,17
1,<environment.Job instance at 0x7faa326b1280>,13,2,[14  5],14,-1,19,-1,17
1,<environment.Job instance at 0x7faa326b1050>,14,2,[13  4],15,-1,19,-1,17
1,<environment.Job instance at 0x7faa326b4dc0>,16,12,[12  4],17,-1,31,-1,19
1,<environment.Job instance at 0x7faa326b1190>,12,25,[7 5],13,-1,45,-1,20
1,<environment.Job instance at 0x7faa3269e5f0>,25,15,[ 4 12],26,-1,62,-1,47
1,<environment.Job instance at 0x7faa336b8fa0>,37,27,[8 5],38,-1,126,-1,99
1,<environment.Job instance at 0x7faa32f8d280>,3,27,[1 7],4,-1,31,-1,4
1,<environment.Job instance at 0x7faa32fe94b0>,4,18,[6 3],5,-1,23,-1,5
1,<environment.Job instance at 0x7faa32fe9370>,9,15,[4 7],10,-1,25,-1,10
1,<environment.Job instance at 0x7faa32fe9d70>,12,17,[5 9],13,-1,31,-1,14
1,<environment.Job instance at 0x7faa32fe9d20>,14,15,[8 2],15,-1,30,-1,15
1,<environment.Job instance at 0x7faa32fe9140>,15,17,[6 4],16,-1,33,-1,16
1,<environment.Job instance at 0x7faa32f8d640>,13,18,[5 5],14,-1,34,-1,16
1,<environment.Job instance at 0x7faa32fe92d0>,16,17,[1 6],17,-1,35,-1,18
1,<environment.Job instance at 0x7faa32fe9b90>,18,18,[ 3 10],19,-1,37,-1,19
1,<environment.Job instance at 0x7faa32fe9c80>,19,13,[8 4],20,-1,33,-1,20
1,<environment.Job instance at 0x7faa32fe9320>,20,27,[5 4],21,-1,48,-1,21
1,<environment.Job instance at 0x7faa32fe9f00>,21,28,[7 5],22,-1,50,-1,22
1,<environment.Job instance at 0x7faa32fe9230>,17,18,[5 5],18,-1,41,-1,23
1,<environment.Job instance at 0x7faa32fb2e60>,24,16,[2 5],25,-1,45,-1,29
1,<environment.Job instance at 0x7faa328a8eb0>,32,14,[3 8],33,-1,52,-1,38
1,<environment.Job instance at 0x7faa328a8230>,37,18,[2 6],38,-1,56,-1,38
1,<environment.Job instance at 0x7faa335fb5f0>,38,15,[3 9],39,-1,58,-1,43
1,<environment.Job instance at 0x7faa32fe9e60>,11,25,[9 1],12,-1,68,-1,43
1,<environment.Job instance at 0x7faa335fb2d0>,40,13,[7 1],41,-1,56,-1,43
1,<environment.Job instance at 0x7faa335fb820>,43,19,[7 1],44,-1,63,-1,44
1,<environment.Job instance at 0x7faa335fb780>,45,18,[7 4],46,-1,86,-1,68
1,<environment.Job instance at 0x7faa3c6d39b0>,52,14,[4 6],53,-1,83,-1,69
1,<environment.Job instance at 0x7faa3c6d3050>,54,15,[5 5],55,-1,84,-1,69
1,<environment.Job instance at 0x7faa335fb6e0>,39,12,[10  4],40,-1,84,-1,72
1,<environment.Job instance at 0x7faa3c6d30f0>,55,14,[5 9],56,-1,87,-1,73
1,<environment.Job instance at 0x7faa3c6d3780>,63,18,[6 4],64,-1,96,-1,78
1,<environment.Job instance at 0x7faa3c6d3dc0>,64,18,[9 1],65,-1,96,-1,78
1,<environment.Job instance at 0x7faa3c6d3320>,60,13,[7 3],61,-1,91,-1,78
1,<environment.Job instance at 0x7faa3c6d3370>,66,14,[5 7],67,-1,92,-1,78
1,<environment.Job instance at 0x7faa335fb140>,48,18,[ 2 10],49,-1,96,-1,78
1,<environment.Job instance at 0x7faa3c6d3910>,53,27,[5 1],54,-1,105,-1,78
1,<environment.Job instance at 0x7faa33c88690>,68,16,[1 7],69,-1,94,-1,78
1,<environment.Job instance at 0x7faa33c88910>,70,18,[2 9],71,-1,96,-1,78
1,<environment.Job instance at 0x7faa3346be10>,0,27,[ 3 13],1,-1,28,-1,1
1,<environment.Job instance at 0x7faa32c3d780>,3,27,[1 7],4,-1,31,-1,4
1,<environment.Job instance at 0x7faa32c3d370>,5,18,[ 3 12],6,-1,24,-1,6
1,<environment.Job instance at 0x7faa336ca0f0>,10,1,[12  1],11,-1,12,-1,11
1,<environment.Job instance at 0x7faa32699a50>,11,25,[9 1],12,-1,62,-1,37
1,<environment.Job instance at 0x7faa336b8f00>,20,27,[5 4],21,-1,82,-1,55
1,<environment.Job instance at 0x7faa32844730>,21,28,[7 5],22,-1,83,-1,55
1,<environment.Job instance at 0x7faa336b8d20>,23,28,[8 2],24,-1,96,-1,68
1,<environment.Job instance at 0x7faa3269d6e0>,0,14,[10  4],1,-1,16,-1,2
1,<environment.Job instance at 0x7faa338b0690>,1,15,[7 2],2,-1,18,-1,3
1,<environment.Job instance at 0x7faa334c1fa0>,8,16,[10  1],9,-1,26,-1,10
1,<environment.Job instance at 0x7faa3c717500>,9,18,[8 2],10,-1,28,-1,10
1,<environment.Job instance at 0x7faa334c1be0>,10,18,[2 8],11,-1,29,-1,11
1,<environment.Job instance at 0x7faa334c17d0>,15,18,[9 1],16,-1,34,-1,16
1,<environment.Job instance at 0x7faa334c1190>,17,12,[9 1],18,-1,33,-1,21
1,<environment.Job instance at 0x7faa32921640>,22,12,[5 5],23,-1,35,-1,23
1,<environment.Job instance at 0x7faa329211e0>,23,1,[9 5],24,-1,25,-1,24
1,<environment.Job instance at 0x7faa32921a00>,24,21,[8 1],25,-1,46,-1,25
1,<environment.Job instance at 0x7faa32921050>,25,13,[2 6],26,-1,39,-1,26
1,<environment.Job instance at 0x7faa32921c30>,27,1,[1 7],28,-1,29,-1,28
1,<environment.Job instance at 0x7faa32921320>,28,3,[1 5],29,-1,32,-1,29
1,<environment.Job instance at 0x7faa329215a0>,20,15,[5 8],21,-1,44,-1,29
1,<environment.Job instance at 0x7faa32921e10>,34,17,[5 4],35,-1,53,-1,36
1,<environment.Job instance at 0x7faa3c3bf960>,36,15,[4 7],37,-1,52,-1,37
1,<environment.Job instance at 0x7faa3c3bf4b0>,37,23,[9 2],38,-1,61,-1,38
1,<environment.Job instance at 0x7faa3c3bf3c0>,40,15,[4 8],41,-1,56,-1,41
1,<environment.Job instance at 0x7faa3c3bfb90>,43,17,[7 4],44,-1,61,-1,44
1,<environment.Job instance at 0x7faa32a43eb0>,45,15,[9 1],46,-1,61,-1,46
1,<environment.Job instance at 0x7faa32a43500>,48,16,[6 5],49,-1,65,-1,49
1,<environment.Job instance at 0x7faa32a43780>,50,15,[7 2],51,-1,66,-1,51
1,<environment.Job instance at 0x7faa32a43e60>,51,14,[1 5],52,-1,66,-1,52
1,<environment.Job instance at 0x7faa32a43dc0>,52,18,[ 2 10],53,-1,71,-1,53
1,<environment.Job instance at 0x7faa32a43320>,53,14,[4 9],54,-1,68,-1,54
1,<environment.Job instance at 0x7faa32a434b0>,54,12,[9 4],55,-1,67,-1,55
1,<environment.Job instance at 0x7faa32e5da50>,57,15,[1 6],58,-1,73,-1,58
1,<environment.Job instance at 0x7faa32e5d370>,60,16,[3 7],61,-1,77,-1,61
1,<environment.Job instance at 0x7faa32e5de10>,61,18,[5 5],62,-1,80,-1,62
1,<environment.Job instance at 0x7faa32e5d0a0>,63,24,[4 7],64,-1,88,-1,64
1,<environment.Job instance at 0x7faa32e6ce10>,64,16,[4 7],65,-1,81,-1,65
1,<environment.Job instance at 0x7faa3333e1e0>,79,14,[5 4],80,-1,111,-1,97
1,<environment.Job instance at 0x7faa32e6c5a0>,76,13,[ 4 12],77,-1,110,-1,97
1,<environment.Job instance at 0x7faa3333e6e0>,85,16,[5 5],86,-1,121,-1,105
1,<environment.Job instance at 0x7faa3333edc0>,88,17,[10  4],89,-1,122,-1,105
1,<environment.Job instance at 0x7faa3333ee10>,82,15,[ 1 10],83,-1,120,-1,105
1,<environment.Job instance at 0x7faa3333e780>,91,17,[4 7],92,-1,122,-1,105
1,<environment.Job instance at 0x7faa3333ee60>,83,24,[3 5],84,-1,129,-1,105
1,<environment.Job instance at 0x7faa3333e460>,92,15,[2 7],93,-1,120,-1,105
1,<environment.Job instance at 0x7faa32e5d960>,56,17,[ 1 14],57,-1,122,-1,105
1,<environment.Job instance at 0x7faa326777d0>,30,18,[ 2 11],31,-1,96,-1,78
1,<environment.Job instance at 0x7faa3c33f460>,29,25,[ 3 10],30,-1,123,-1,98
1,<environment.Job instance at 0x7faa334c6b40>,0,18,[8 5],1,-1,19,-1,1
1,<environment.Job instance at 0x7faa334c6b90>,2,18,[4 5],3,-1,21,-1,3
1,<environment.Job instance at 0x7faa334c66e0>,3,18,[8 1],4,-1,23,-1,5
1,<environment.Job instance at 0x7faa334c65a0>,8,17,[10  4],9,-1,26,-1,9
1,<environment.Job instance at 0x7faa334c6d20>,9,15,[5 9],10,-1,25,-1,10
1,<environment.Job instance at 0x7faa333fd6e0>,12,16,[3 5],13,-1,29,-1,13
1,<environment.Job instance at 0x7faa333fd7d0>,15,22,[1 9],16,-1,38,-1,16
1,<environment.Job instance at 0x7faa333fd280>,19,18,[ 3 12],20,-1,38,-1,20
1,<environment.Job instance at 0x7faa333fd2d0>,20,18,[7 3],21,-1,39,-1,21
1,<environment.Job instance at 0x7faa3252bdc0>,23,17,[10  3],24,-1,41,-1,24
1,<environment.Job instance at 0x7faa3252baa0>,28,17,[3 8],29,-1,46,-1,29
1,<environment.Job instance at 0x7faa3252b820>,29,15,[ 5 10],30,-1,45,-1,30
1,<environment.Job instance at 0x7faa32f595f0>,30,19,[5 4],31,-1,50,-1,31
1,<environment.Job instance at 0x7faa32f59a50>,31,17,[ 2 10],32,-1,49,-1,32
1,<environment.Job instance at 0x7faa32f59af0>,33,18,[9 2],34,-1,52,-1,34
1,<environment.Job instance at 0x7faa32f59d20>,34,24,[5 9],35,-1,59,-1,35
1,<environment.Job instance at 0x7faa32f590a0>,35,16,[10  3],36,-1,52,-1,36
1,<environment.Job instance at 0x7faa32f59460>,37,26,[8 5],38,-1,64,-1,38
1,<environment.Job instance at 0x7faa32f59870>,39,15,[6 5],40,-1,55,-1,40
1,<environment.Job instance at 0x7faa32f59fa0>,40,17,[10  1],41,-1,58,-1,41
1,<environment.Job instance at 0x7faa32f59c30>,42,13,[9 1],43,-1,56,-1,43
1,<environment.Job instance at 0x7faa32f59690>,43,26,[7 5],44,-1,70,-1,44
1,<environment.Job instance at 0x7faa3384f960>,44,16,[3 9],45,-1,61,-1,45
1,<environment.Job instance at 0x7faa3384fc30>,46,20,[3 6],47,-1,67,-1,47
1,<environment.Job instance at 0x7faa3384f050>,47,18,[ 3 10],48,-1,66,-1,48
1,<environment.Job instance at 0x7faa3384f190>,48,16,[3 5],49,-1,65,-1,49
1,<environment.Job instance at 0x7faa3384f140>,49,16,[8 5],50,-1,66,-1,50
1,<environment.Job instance at 0x7faa33622640>,52,18,[4 7],53,-1,71,-1,53
1,<environment.Job instance at 0x7faa33622b90>,55,17,[9 3],56,-1,73,-1,56
1,<environment.Job instance at 0x7faa33622280>,59,15,[5 5],60,-1,75,-1,60
1,<environment.Job instance at 0x7faa33622b40>,61,12,[10  4],62,-1,74,-1,62
1,<environment.Job instance at 0x7faa3312dbe0>,74,17,[5 9],75,-1,92,-1,75
1,<environment.Job instance at 0x7faa3308cb90>,75,17,[5 9],76,-1,93,-1,76
1,<environment.Job instance at 0x7faa33b4b5f0>,76,23,[10  4],77,-1,100,-1,77
1,<environment.Job instance at 0x7faa332fa140>,77,15,[5 5],78,-1,93,-1,78
1,<environment.Job instance at 0x7faa337b23c0>,78,17,[4 9],79,-1,96,-1,79
1,<environment.Job instance at 0x7faa3c33f190>,79,18,[9 5],80,-1,98,-1,80
1,<environment.Job instance at 0x7faa3309afa0>,81,17,[8 2],82,-1,99,-1,82
1,<environment.Job instance at 0x7faa337c65f0>,82,18,[10  5],83,-1,101,-1,83
1,<environment.Job instance at 0x7faa3379e910>,85,16,[3 8],86,-1,102,-1,86
1,<environment.Job instance at 0x7faa3330a0f0>,86,14,[4 7],87,-1,101,-1,87
1,<environment.Job instance at 0x7faa337d3d70>,87,18,[5 4],88,-1,106,-1,88
1,<environment.Job instance at 0x7faa33114640>,89,12,[5 9],90,-1,102,-1,90
1,<environment.Job instance at 0x7faa33114a00>,91,17,[7 2],92,-1,109,-1,92
1,<environment.Job instance at 0x7faa337701e0>,93,16,[3 9],94,-1,110,-1,94
1,<environment.Job instance at 0x7faa33926e10>,94,13,[10  1],95,-1,108,-1,95
1,<environment.Job instance at 0x7faa33d2fc30>,95,13,[ 3 10],96,-1,109,-1,96
1,<environment.Job instance at 0x7faa33069d70>,96,14,[1 5],97,-1,111,-1,97
1,<environment.Job instance at 0x7faa337ccb40>,99,25,[8 3],100,-1,125,-1,100
1,<environment.Job instance at 0x7faa33c8dd70>,101,17,[3 7],102,-1,119,-1,102
1,<environment.Job instance at 0x7faa3339eaa0>,103,18,[2 6],104,-1,122,-1,104
1,<environment.Job instance at 0x7faa3339e0f0>,104,18,[8 2],105,-1,123,-1,105
1,<environment.Job instance at 0x7faa3339eaf0>,106,17,[1 6],107,-1,124,-1,107
1,<environment.Job instance at 0x7faa3339e730>,107,18,[5 2],108,-1,126,-1,108
1,<environment.Job instance at 0x7faa3339e3c0>,108,17,[3 5],109,-1,126,-1,109
1,<environment.Job instance at 0x7faa334c1b90>,5,15,[12  1],6,-1,21,-1,6
1,<environment.Job instance at 0x7faa32efb640>,13,1,[ 3 13],14,-1,38,-1,37
1,<environment.Job instance at 0x7faa33272af0>,19,18,[ 3 12],20,-1,57,-1,39
1,<environment.Job instance at 0x7faa3325eeb0>,25,1,[ 5 13],26,-1,57,-1,56
1,<environment.Job instance at 0x7faa335560f0>,34,24,[5 9],35,-1,127,-1,103
1,<environment.Job instance at 0x7faa33060c30>,1,15,[10  5],2,-1,17,-1,2
1,<environment.Job instance at 0x7faa33060eb0>,2,18,[10  1],3,-1,24,-1,6
1,<environment.Job instance at 0x7faa3306ee10>,11,18,[7 1],12,-1,30,-1,12
1,<environment.Job instance at 0x7faa3306ed70>,12,1,[4 6],13,-1,14,-1,13
1,<environment.Job instance at 0x7faa3306e820>,13,18,[ 3 10],14,-1,32,-1,14
1,<environment.Job instance at 0x7faa3306ef50>,18,12,[10  2],19,-1,32,-1,20
1,<environment.Job instance at 0x7faa3306e1e0>,21,15,[9 5],22,-1,37,-1,22
1,<environment.Job instance at 0x7faa32ec8640>,22,14,[ 1 10],23,-1,37,-1,23
1,<environment.Job instance at 0x7faa32ec8a50>,25,15,[10  1],26,-1,41,-1,26
1,<environment.Job instance at 0x7faa32ec8190>,26,21,[3 7],27,-1,48,-1,27
1,<environment.Job instance at 0x7faa32ec88c0>,27,15,[ 3 10],28,-1,43,-1,28
1,<environment.Job instance at 0x7faa32ec8780>,28,28,[8 3],29,-1,57,-1,29
1,<environment.Job instance at 0x7faa32ec8b40>,29,20,[1 9],30,-1,50,-1,30
1,<environment.Job instance at 0x7faa32ec8a00>,31,17,[5 6],32,-1,49,-1,32
1,<environment.Job instance at 0x7faa32ec8c80>,32,16,[10  1],33,-1,49,-1,33
1,<environment.Job instance at 0x7faa32ec8870>,33,17,[ 2 10],34,-1,51,-1,34
1,<environment.Job instance at 0x7faa32ec8eb0>,34,12,[4 9],35,-1,47,-1,35
1,<environment.Job instance at 0x7faa32ec8be0>,35,12,[7 2],36,-1,48,-1,36
1,<environment.Job instance at 0x7faa32ec8b90>,36,13,[ 5 11],37,-1,50,-1,37
1,<environment.Job instance at 0x7faa33060910>,5,12,[5 9],6,-1,50,-1,38
1,<environment.Job instance at 0x7faa32ec8140>,38,15,[10  2],39,-1,55,-1,40
1,<environment.Job instance at 0x7faa3306daf0>,39,18,[3 8],40,-1,58,-1,40
1,<environment.Job instance at 0x7faa3306d960>,41,18,[4 6],42,-1,60,-1,42
1,<environment.Job instance at 0x7faa3306d7d0>,46,13,[8 3],47,-1,60,-1,47
1,<environment.Job instance at 0x7faa3306d280>,47,12,[ 3 10],48,-1,60,-1,48
1,<environment.Job instance at 0x7faa33045af0>,48,15,[8 2],49,-1,64,-1,49
1,<environment.Job instance at 0x7faa330450a0>,52,27,[9 1],53,-1,80,-1,53
1,<environment.Job instance at 0x7faa33045500>,53,12,[5 9],54,-1,67,-1,55
1,<environment.Job instance at 0x7faa33045280>,59,20,[2 8],60,-1,80,-1,60
1,<environment.Job instance at 0x7faa3307e8c0>,63,18,[8 1],64,-1,82,-1,64
1,<environment.Job instance at 0x7faa3307e0a0>,64,13,[10  5],65,-1,84,-1,71
1,<environment.Job instance at 0x7faa33074b40>,71,23,[5 9],72,-1,95,-1,72
1,<environment.Job instance at 0x7faa33074fa0>,73,14,[5 6],74,-1,88,-1,74
1,<environment.Job instance at 0x7faa33074aa0>,74,15,[6 4],75,-1,90,-1,75
1,<environment.Job instance at 0x7faa33074a00>,76,18,[1 5],77,-1,104,-1,86
1,<environment.Job instance at 0x7faa3307c690>,84,14,[10  5],85,-1,102,-1,88
1,<environment.Job instance at 0x7faa3307c6e0>,86,12,[11  2],87,-1,100,-1,88
1,<environment.Job instance at 0x7faa33b2d410>,23,2,[12  1],24,-1,51,-1,49
1,<environment.Job instance at 0x7faa33b2daf0>,24,1,[ 5 14],25,-1,50,-1,49
1,<environment.Job instance at 0x7faa33d9c3c0>,28,28,[8 3],29,-1,91,-1,63
1,<environment.Job instance at 0x7faa33ce7a50>,36,13,[ 5 11],37,-1,109,-1,96
1,<environment.Job instance at 0x7faa33d987d0>,37,2,[13  1],38,-1,98,-1,96
1,<environment.Job instance at 0x7faa3c6d8b90>,1,15,[10  1],2,-1,20,-1,5
1,<environment.Job instance at 0x7faa3c6d8f50>,6,18,[7 2],7,-1,25,-1,7
1,<environment.Job instance at 0x7faa3c6d8960>,3,27,[9 4],4,-1,35,-1,8
1,<environment.Job instance at 0x7faa32d50370>,7,13,[3 5],8,-1,23,-1,10
1,<environment.Job instance at 0x7faa3c6d8eb0>,4,25,[8 2],5,-1,38,-1,13
1,<environment.Job instance at 0x7faa32d50eb0>,12,17,[5 9],13,-1,31,-1,14
1,<environment.Job instance at 0x7faa32d50690>,13,18,[6 1],14,-1,32,-1,14
1,<environment.Job instance at 0x7faa32d50460>,9,18,[5 1],10,-1,32,-1,14
1,<environment.Job instance at 0x7faa32d50dc0>,15,15,[4 9],16,-1,31,-1,16
1,<environment.Job instance at 0x7faa32d50d70>,17,17,[3 7],18,-1,35,-1,18
1,<environment.Job instance at 0x7faa32d50280>,18,16,[8 5],19,-1,35,-1,19
1,<environment.Job instance at 0x7faa32888d20>,25,22,[9 4],26,-1,48,-1,26
1,<environment.Job instance at 0x7faa32888780>,29,27,[5 8],30,-1,57,-1,30
1,<environment.Job instance at 0x7faa328886e0>,31,12,[10  5],32,-1,44,-1,32
1,<environment.Job instance at 0x7faa32b1aa00>,32,15,[ 5 10],33,-1,48,-1,33
1,<environment.Job instance at 0x7faa32b1a140>,33,16,[5 8],34,-1,50,-1,34
1,<environment.Job instance at 0x7faa32b1a0a0>,35,12,[3 5],36,-1,48,-1,36
1,<environment.Job instance at 0x7faa32b1ae60>,36,22,[3 8],37,-1,59,-1,37
1,<environment.Job instance at 0x7faa32b1af00>,37,14,[6 2],38,-1,52,-1,38
1,<environment.Job instance at 0x7faa329f03c0>,48,17,[3 7],49,-1,66,-1,49
1,<environment.Job instance at 0x7faa329f0c30>,49,12,[ 5 10],50,-1,63,-1,51
1,<environment.Job instance at 0x7faa329f0dc0>,51,12,[ 4 10],52,-1,64,-1,52
1,<environment.Job instance at 0x7faa329f00a0>,50,18,[9 4],51,-1,70,-1,52
1,<environment.Job instance at 0x7faa329f0f00>,53,14,[ 1 10],54,-1,68,-1,54
1,<environment.Job instance at 0x7faa3339f960>,59,27,[ 3 13],60,-1,91,-1,64
1,<environment.Job instance at 0x7faa3339f190>,58,24,[8 2],59,-1,91,-1,67
1,<environment.Job instance at 0x7faa3339faf0>,66,24,[13  3],67,-1,91,-1,67
1,<environment.Job instance at 0x7faa3339f410>,67,13,[ 2 10],68,-1,81,-1,68
1,<environment.Job instance at 0x7faa3339f280>,64,17,[7 1],65,-1,86,-1,69
1,<environment.Job instance at 0x7faa3339f140>,63,17,[6 3],64,-1,90,-1,73
1,<environment.Job instance at 0x7faa3339f640>,72,18,[4 9],73,-1,91,-1,73
1,<environment.Job instance at 0x7faa3339f730>,70,14,[5 7],71,-1,89,-1,75
1,<environment.Job instance at 0x7faa33d084b0>,76,18,[8 5],77,-1,95,-1,77
1,<environment.Job instance at 0x7faa33d08e60>,80,15,[9 2],81,-1,97,-1,82
1,<environment.Job instance at 0x7faa33d08960>,83,26,[7 3],84,-1,110,-1,84
1,<environment.Job instance at 0x7faa32b0a230>,85,12,[9 2],86,-1,98,-1,86
1,<environment.Job instance at 0x7faa32b0a2d0>,86,17,[1 8],87,-1,104,-1,87
1,<environment.Job instance at 0x7faa32b0afa0>,87,27,[1 8],88,-1,115,-1,88
1,<environment.Job instance at 0x7faa32b0aaa0>,89,13,[9 5],90,-1,103,-1,90
1,<environment.Job instance at 0x7faa32b0a3c0>,90,15,[2 8],91,-1,106,-1,91
1,<environment.Job instance at 0x7faa32b0a780>,91,17,[3 7],92,-1,109,-1,92
1,<environment.Job instance at 0x7faa32b0a6e0>,92,14,[1 9],93,-1,107,-1,93
1,<environment.Job instance at 0x7faa32b0a370>,93,14,[4 6],94,-1,109,-1,95
1,<environment.Job instance at 0x7faa3c880e60>,96,12,[5 8],97,-1,109,-1,97
1,<environment.Job instance at 0x7faa32ba4690>,99,15,[4 6],100,-1,115,-1,100
1,<environment.Job instance at 0x7faa33789820>,100,26,[2 8],101,-1,127,-1,101
1,<environment.Job instance at 0x7faa33789fa0>,102,14,[9 2],103,-1,117,-1,103
1,<environment.Job instance at 0x7faa33789230>,103,14,[9 2],104,-1,118,-1,104
1,<environment.Job instance at 0x7faa32b0acd0>,94,15,[9 2],95,-1,124,-1,109
1,<environment.Job instance at 0x7faa33aeb190>,3,27,[9 4],4,-1,44,-1,17
1,<environment.Job instance at 0x7faa33933960>,4,25,[8 2],5,-1,42,-1,17
1,<environment.Job instance at 0x7faa3293c410>,10,12,[ 4 12],11,-1,29,-1,17
1,<environment.Job instance at 0x7faa3361d6e0>,29,27,[5 8],30,-1,98,-1,71
1,<environment.Job instance at 0x7faa336bc2d0>,1,14,[9 4],2,-1,16,-1,2
1,<environment.Job instance at 0x7faa336bca00>,3,17,[3 7],4,-1,21,-1,4
1,<environment.Job instance at 0x7faa336bc460>,4,21,[6 1],5,-1,26,-1,5
1,<environment.Job instance at 0x7faa3369f820>,11,16,[9 2],12,-1,29,-1,13
1,<environment.Job instance at 0x7faa3369f280>,13,14,[ 4 10],14,-1,28,-1,14
1,<environment.Job instance at 0x7faa3369f0f0>,15,13,[10  4],16,-1,29,-1,16
1,<environment.Job instance at 0x7faa324d43c0>,17,17,[9 1],18,-1,38,-1,21
1,<environment.Job instance at 0x7faa324e50a0>,22,13,[ 4 10],23,-1,36,-1,23
1,<environment.Job instance at 0x7faa324e5960>,23,17,[7 2],24,-1,41,-1,24
1,<environment.Job instance at 0x7faa324e5500>,24,14,[ 1 11],25,-1,39,-1,25
1,<environment.Job instance at 0x7faa33c29960>,25,24,[7 4],26,-1,50,-1,26
1,<environment.Job instance at 0x7faa33c298c0>,27,15,[2 5],28,-1,43,-1,28
1,<environment.Job instance at 0x7faa336c6550>,30,12,[8 4],31,-1,43,-1,31
1,<environment.Job instance at 0x7faa336c6eb0>,31,14,[ 2 10],32,-1,46,-1,32
1,<environment.Job instance at 0x7faa336c63c0>,33,18,[8 3],34,-1,52,-1,34
1,<environment.Job instance at 0x7faa336c6b40>,35,25,[6 2],36,-1,61,-1,36
1,<environment.Job instance at 0x7faa336c6690>,39,18,[ 1 10],40,-1,58,-1,40
1,<environment.Job instance at 0x7faa336c6a00>,42,15,[4 5],43,-1,58,-1,43
1,<environment.Job instance at 0x7faa324c0410>,45,18,[4 5],46,-1,64,-1,46
1,<environment.Job instance at 0x7faa324c0640>,47,17,[8 3],48,-1,65,-1,48
1,<environment.Job instance at 0x7faa324c04b0>,48,14,[9 3],49,-1,63,-1,49
1,<environment.Job instance at 0x7faa326b20f0>,50,17,[8 5],51,-1,68,-1,51
1,<environment.Job instance at 0x7faa3339b730>,52,21,[9 5],53,-1,74,-1,53
1,<environment.Job instance at 0x7faa336c47d0>,56,15,[3 5],57,-1,72,-1,57
1,<environment.Job instance at 0x7faa33bd90f0>,61,18,[5 5],62,-1,80,-1,62
1,<environment.Job instance at 0x7faa327c2c80>,64,18,[9 2],65,-1,83,-1,65
1,<environment.Job instance at 0x7faa324e5f50>,20,24,[ 4 14],21,-1,89,-1,65
1,<environment.Job instance at 0x7faa327c2370>,65,18,[10  4],66,-1,85,-1,67
1,<environment.Job instance at 0x7faa33be9690>,67,15,[5 9],68,-1,83,-1,68
1,<environment.Job instance at 0x7faa33c13690>,66,17,[3 5],67,-1,87,-1,70
1,<environment.Job instance at 0x7faa33571050>,5,17,[ 1 11],6,-1,23,-1,6
1,<environment.Job instance at 0x7faa33571f00>,7,13,[12  4],8,-1,21,-1,8
1,<environment.Job instance at 0x7faa33d620f0>,20,24,[ 4 14],21,-1,78,-1,54
1,<environment.Job instance at 0x7faa32c2f2d0>,24,14,[ 1 11],25,-1,76,-1,62
1,<environment.Job instance at 0x7faa32c2f960>,25,24,[7 4],26,-1,88,-1,64
1,<environment.Job instance at 0x7faa338d6f00>,1,16,[3 9],2,-1,18,-1,2
1,<environment.Job instance at 0x7faa338d6050>,5,14,[6 4],6,-1,20,-1,6
1,<environment.Job instance at 0x7faa336de550>,7,24,[8 1],8,-1,32,-1,8
1,<environment.Job instance at 0x7faa336dec30>,10,16,[8 2],11,-1,28,-1,12
1,<environment.Job instance at 0x7faa336de9b0>,12,14,[7 1],13,-1,27,-1,13
1,<environment.Job instance at 0x7faa336decd0>,13,28,[6 1],14,-1,42,-1,14
1,<environment.Job instance at 0x7faa338d65f0>,11,28,[5 9],12,-1,43,-1,15
1,<environment.Job instance at 0x7faa334360f0>,16,18,[9 2],17,-1,35,-1,17
1,<environment.Job instance at 0x7faa334366e0>,17,16,[10  4],18,-1,35,-1,19
1,<environment.Job instance at 0x7faa33436dc0>,19,17,[4 5],20,-1,37,-1,20
1,<environment.Job instance at 0x7faa33436320>,20,12,[1 9],21,-1,33,-1,21
1,<environment.Job instance at 0x7faa33436870>,21,3,[5 9],22,-1,25,-1,22
1,<environment.Job instance at 0x7faa334364b0>,18,23,[ 3 10],19,-1,45,-1,22
1,<environment.Job instance at 0x7faa3355b230>,32,18,[6 5],33,-1,51,-1,33
1,<environment.Job instance at 0x7faa3355beb0>,36,22,[3 7],37,-1,60,-1,38
1,<environment.Job instance at 0x7faa33d54780>,44,18,[6 5],45,-1,64,-1,46
1,<environment.Job instance at 0x7faa33d54d20>,46,28,[7 3],47,-1,75,-1,47
1,<environment.Job instance at 0x7faa33d544b0>,48,18,[1 8],49,-1,68,-1,50
1,<environment.Job instance at 0x7faa33d54af0>,49,21,[10  5],50,-1,81,-1,60
1,<environment.Job instance at 0x7faa33d543c0>,55,16,[ 4 14],56,-1,82,-1,66
1,<environment.Job instance at 0x7faa33d54550>,40,17,[9 5],41,-1,84,-1,67
1,<environment.Job instance at 0x7faa3356f410>,57,16,[2 6],58,-1,83,-1,67
1,<environment.Job instance at 0x7faa33d54fa0>,54,13,[3 8],55,-1,80,-1,67
1,<environment.Job instance at 0x7faa33d540a0>,42,1,[9 1],43,-1,68,-1,67
1,<environment.Job instance at 0x7faa33d54230>,41,14,[9 4],42,-1,81,-1,67
1,<environment.Job instance at 0x7faa3356f050>,58,17,[7 4],59,-1,85,-1,68
1,<environment.Job instance at 0x7faa3356fcd0>,63,18,[3 7],64,-1,87,-1,69
1,<environment.Job instance at 0x7faa3356f370>,60,12,[4 8],61,-1,81,-1,69
1,<environment.Job instance at 0x7faa33d548c0>,56,3,[ 4 10],57,-1,72,-1,69
1,<environment.Job instance at 0x7faa3356f820>,66,18,[3 6],67,-1,87,-1,69
1,<environment.Job instance at 0x7faa3356f730>,67,26,[ 2 12],68,-1,96,-1,70
1,<environment.Job instance at 0x7faa3342e0f0>,68,17,[2 5],69,-1,87,-1,70
1,<environment.Job instance at 0x7faa3342e500>,69,1,[ 3 12],70,-1,71,-1,70
1,<environment.Job instance at 0x7faa3342ed70>,74,18,[2 9],75,-1,93,-1,75
1,<environment.Job instance at 0x7faa3342e8c0>,75,26,[5 5],76,-1,102,-1,76
1,<environment.Job instance at 0x7faa3342e1e0>,77,15,[8 4],78,-1,93,-1,78
1,<environment.Job instance at 0x7faa3342ec80>,78,22,[10  5],79,-1,102,-1,80
1,<environment.Job instance at 0x7faa3342e6e0>,79,15,[2 8],80,-1,95,-1,80
1,<environment.Job instance at 0x7faa3342ee10>,80,17,[2 7],81,-1,104,-1,87
1,<environment.Job instance at 0x7faa33428820>,87,14,[4 5],88,-1,103,-1,89
1,<environment.Job instance at 0x7faa334285a0>,90,25,[9 5],91,-1,122,-1,97
1,<environment.Job instance at 0x7faa3356f870>,61,16,[6 2],62,-1,113,-1,97
1,<environment.Job instance at 0x7faa33d42230>,96,15,[7 3],97,-1,112,-1,97
1,<environment.Job instance at 0x7faa33d42f50>,95,22,[6 4],96,-1,119,-1,97
1,<environment.Job instance at 0x7faa33d42870>,97,15,[5 4],98,-1,113,-1,98
1,<environment.Job instance at 0x7faa33d422d0>,94,17,[6 3],95,-1,116,-1,99
1,<environment.Job instance at 0x7faa33d428c0>,100,26,[10  1],101,-1,127,-1,101
1,<environment.Job instance at 0x7faa334280a0>,84,25,[9 4],85,-1,128,-1,103
1,<environment.Job instance at 0x7faa3343d0f0>,101,16,[ 2 10],102,-1,119,-1,103
1,<environment.Job instance at 0x7faa32e2e640>,102,22,[2 7],103,-1,125,-1,103
1,<environment.Job instance at 0x7faa33440aa0>,103,13,[5 1],104,-1,118,-1,105
1,<environment.Job instance at 0x7faa334400a0>,104,12,[1 9],105,-1,117,-1,105
1,<environment.Job instance at 0x7faa33440410>,105,16,[10  3],106,-1,122,-1,106
1,<environment.Job instance at 0x7faa334404b0>,106,18,[8 3],107,-1,125,-1,107
1,<environment.Job instance at 0x7faa32e14370>,7,24,[8 1],8,-1,40,-1,16
1,<environment.Job instance at 0x7faa338e2190>,11,28,[5 9],12,-1,51,-1,23
1,<environment.Job instance at 0x7faa33d4c320>,13,28,[6 1],14,-1,54,-1,26
1,<environment.Job instance at 0x7faa336f3dc0>,18,23,[ 3 10],19,-1,55,-1,32
1,<environment.Job instance at 0x7faa32697be0>,23,18,[ 5 11],24,-1,65,-1,47
1,<environment.Job instance at 0x7faa326a6c30>,33,1,[13  4],34,-1,80,-1,79
1,<environment.Job instance at 0x7faa33d542d0>,34,17,[12  2],35,-1,96,-1,79
1,<environment.Job instance at 0x7faa327c5b90>,0,15,[9 4],1,-1,17,-1,2
1,<environment.Job instance at 0x7faa330c8820>,2,17,[9 5],3,-1,20,-1,3
1,<environment.Job instance at 0x7faa330c8960>,4,18,[6 4],5,-1,23,-1,5
1,<environment.Job instance at 0x7faa33c1aaf0>,1,14,[8 1],2,-1,19,-1,5
1,<environment.Job instance at 0x7faa331d18c0>,5,27,[5 8],6,-1,33,-1,6
1,<environment.Job instance at 0x7faa330c8b90>,7,25,[6 4],8,-1,33,-1,8
1,<environment.Job instance at 0x7faa330c8d70>,9,25,[10  1],10,-1,35,-1,10
1,<environment.Job instance at 0x7faa330c00a0>,13,18,[10  5],14,-1,33,-1,15
1,<environment.Job instance at 0x7faa330c0550>,18,16,[8 2],19,-1,37,-1,21
1,<environment.Job instance at 0x7faa330c0780>,21,21,[4 7],22,-1,43,-1,22
1,<environment.Job instance at 0x7faa330c0af0>,24,13,[3 6],25,-1,38,-1,25
1,<environment.Job instance at 0x7faa330c06e0>,20,14,[5 7],21,-1,39,-1,25
1,<environment.Job instance at 0x7faa330c0aa0>,25,17,[4 6],26,-1,43,-1,26
1,<environment.Job instance at 0x7faa330e0140>,30,18,[7 3],31,-1,49,-1,31
1,<environment.Job instance at 0x7faa330e0230>,31,26,[5 4],32,-1,58,-1,32
1,<environment.Job instance at 0x7faa330e0280>,33,1,[6 5],34,-1,35,-1,34
1,<environment.Job instance at 0x7faa330e0410>,34,15,[6 1],35,-1,50,-1,35
1,<environment.Job instance at 0x7faa330e04b0>,35,17,[2 7],36,-1,53,-1,36
1,<environment.Job instance at 0x7faa330e0550>,36,17,[5 2],37,-1,54,-1,37
1,<environment.Job instance at 0x7faa330e05f0>,37,18,[1 7],38,-1,56,-1,38
1,<environment.Job instance at 0x7faa330e0690>,38,26,[ 3 10],39,-1,65,-1,39
1,<environment.Job instance at 0x7faa330e0730>,39,1,[ 4 10],40,-1,41,-1,40
1,<environment.Job instance at 0x7faa330e07d0>,40,22,[ 3 10],41,-1,63,-1,41
1,<environment.Job instance at 0x7faa330e0370>,44,3,[5 2],45,-1,48,-1,45
1,<environment.Job instance at 0x7faa330c4140>,51,16,[5 4],52,-1,68,-1,52
1,<environment.Job instance at 0x7faa330c4460>,52,18,[2 9],53,-1,74,-1,56
1,<environment.Job instance at 0x7faa330c4320>,55,13,[6 3],56,-1,69,-1,56
1,<environment.Job instance at 0x7faa330c4500>,53,14,[3 7],54,-1,70,-1,56
1,<environment.Job instance at 0x7faa330c4aa0>,59,13,[3 8],60,-1,77,-1,64
1,<environment.Job instance at 0x7faa32d66b40>,64,16,[10  2],65,-1,81,-1,65
1,<environment.Job instance at 0x7faa32a37870>,61,18,[ 3 14],62,-1,83,-1,65
1,<environment.Job instance at 0x7faa32d66780>,65,13,[4 8],66,-1,80,-1,67
1,<environment.Job instance at 0x7faa32d66af0>,66,16,[5 6],67,-1,84,-1,68
1,<environment.Job instance at 0x7faa32d66190>,72,15,[5 5],73,-1,88,-1,73
1,<environment.Job instance at 0x7faa32d4f500>,73,12,[9 5],74,-1,86,-1,74
1,<environment.Job instance at 0x7faa32d66cd0>,63,18,[5 5],64,-1,92,-1,74
1,<environment.Job instance at 0x7faa32d45b40>,74,18,[ 3 10],75,-1,93,-1,75
1,<environment.Job instance at 0x7faa32d4f5f0>,75,14,[5 8],76,-1,90,-1,76
1,<environment.Job instance at 0x7faa32d4fbe0>,76,14,[5 5],77,-1,91,-1,77
1,<environment.Job instance at 0x7faa32d4f1e0>,77,17,[3 7],78,-1,95,-1,78
1,<environment.Job instance at 0x7faa334b5f50>,78,16,[7 5],79,-1,95,-1,79
1,<environment.Job instance at 0x7faa32f62b40>,79,20,[5 5],80,-1,100,-1,80
1,<environment.Job instance at 0x7faa32c128c0>,85,15,[1 9],86,-1,101,-1,86
1,<environment.Job instance at 0x7faa32879a50>,86,18,[1 8],87,-1,105,-1,87
1,<environment.Job instance at 0x7faa329322d0>,91,14,[10  5],92,-1,108,-1,94
1,<environment.Job instance at 0x7faa32d6f190>,94,3,[3 5],95,-1,98,-1,95
1,<environment.Job instance at 0x7faa32d54dc0>,95,15,[7 2],96,-1,111,-1,96
1,<environment.Job instance at 0x7faa32d541e0>,96,13,[13  5],97,-1,111,-1,98
1,<environment.Job instance at 0x7faa329352d0>,98,15,[8 5],99,-1,114,-1,99
1,<environment.Job instance at 0x7faa32d62e10>,100,17,[14  5],101,-1,118,-1,101
1,<environment.Job instance at 0x7faa33774320>,5,27,[5 8],6,-1,43,-1,16
1,<environment.Job instance at 0x7faa32741140>,7,25,[6 4],8,-1,41,-1,16
1,<environment.Job instance at 0x7faa336f7c80>,10,14,[ 1 14],11,-1,31,-1,17
1,<environment.Job instance at 0x7faa327415a0>,9,25,[10  1],10,-1,68,-1,43
1,<environment.Job instance at 0x7faa338d6230>,31,26,[5 4],32,-1,97,-1,71
1,<environment.Job instance at 0x7faa3292a8c0>,38,26,[ 3 10],39,-1,128,-1,102
1,<environment.Job instance at 0x7faa32920aa0>,0,22,[9 5],1,-1,23,-1,1
1,<environment.Job instance at 0x7faa326b7a00>,2,27,[8 4],3,-1,30,-1,3
1,<environment.Job instance at 0x7faa326b7c30>,7,17,[1 5],8,-1,25,-1,8
1,<environment.Job instance at 0x7faa326b74b0>,8,18,[8 4],9,-1,27,-1,9
1,<environment.Job instance at 0x7faa326b7b90>,9,18,[2 5],10,-1,28,-1,10
1,<environment.Job instance at 0x7faa326b7e60>,13,25,[ 4 10],14,-1,39,-1,14
1,<environment.Job instance at 0x7faa33dcaf00>,22,17,[4 5],23,-1,40,-1,23
1,<environment.Job instance at 0x7faa33dcae10>,23,19,[8 5],24,-1,43,-1,24
1,<environment.Job instance at 0x7faa33554910>,29,22,[3 7],30,-1,52,-1,30
1,<environment.Job instance at 0x7faa33554a50>,30,16,[6 4],31,-1,47,-1,31
1,<environment.Job instance at 0x7faa33554410>,35,16,[5 5],36,-1,52,-1,36
1,<environment.Job instance at 0x7faa33554460>,36,20,[5 3],37,-1,57,-1,37
1,<environment.Job instance at 0x7faa3c3073c0>,38,12,[9 1],39,-1,51,-1,39
1,<environment.Job instance at 0x7faa3c307d70>,40,21,[5 4],41,-1,62,-1,41
1,<environment.Job instance at 0x7faa3c307a00>,41,13,[6 3],42,-1,56,-1,43
1,<environment.Job instance at 0x7faa3c307910>,42,18,[9 2],43,-1,61,-1,43
1,<environment.Job instance at 0x7faa3c307dc0>,46,16,[5 8],47,-1,63,-1,47
1,<environment.Job instance at 0x7faa33296730>,50,17,[10  5],51,-1,68,-1,51
1,<environment.Job instance at 0x7faa32a0b6e0>,53,14,[8 3],54,-1,68,-1,54
1,<environment.Job instance at 0x7faa32a0b280>,54,13,[10  2],55,-1,69,-1,56
1,<environment.Job instance at 0x7faa32a0b2d0>,55,17,[9 4],56,-1,73,-1,56
1,<environment.Job instance at 0x7faa32a0b190>,56,16,[10  4],57,-1,75,-1,59
1,<environment.Job instance at 0x7faa32a0b820>,60,12,[1 9],61,-1,73,-1,61
1,<environment.Job instance at 0x7faa33aebb40>,62,18,[3 6],63,-1,81,-1,63
1,<environment.Job instance at 0x7faa33aeba50>,63,16,[5 8],64,-1,80,-1,64
1,<environment.Job instance at 0x7faa33aeb820>,64,2,[8 3],65,-1,67,-1,65
1,<environment.Job instance at 0x7faa33aeb1e0>,68,18,[2 8],69,-1,87,-1,69
1,<environment.Job instance at 0x7faa33aebc80>,69,3,[7 2],70,-1,73,-1,70
1,<environment.Job instance at 0x7faa33aeb190>,70,15,[5 9],71,-1,86,-1,71
1,<environment.Job instance at 0x7faa3301e1e0>,71,18,[8 4],72,-1,90,-1,72
1,<environment.Job instance at 0x7faa3301e050>,72,17,[5 3],73,-1,90,-1,73
1,<environment.Job instance at 0x7faa3301ec80>,73,18,[4 6],74,-1,92,-1,74
1,<environment.Job instance at 0x7faa3301e690>,74,12,[13  3],75,-1,87,-1,75
1,<environment.Job instance at 0x7faa3301e320>,76,16,[7 4],77,-1,93,-1,77
1,<environment.Job instance at 0x7faa3301ea00>,79,14,[ 5 10],80,-1,94,-1,80
1,<environment.Job instance at 0x7faa3301e230>,80,16,[7 5],81,-1,97,-1,81
1,<environment.Job instance at 0x7faa32a0bfa0>,58,14,[10  3],59,-1,95,-1,81
1,<environment.Job instance at 0x7faa33ce9a00>,85,28,[5 5],86,-1,114,-1,86
1,<environment.Job instance at 0x7faa33ce92d0>,89,18,[1 5],90,-1,108,-1,90
1,<environment.Job instance at 0x7faa33ce9730>,91,21,[4 8],92,-1,114,-1,93
1,<environment.Job instance at 0x7faa32a2f870>,93,16,[10  5],94,-1,110,-1,94
1,<environment.Job instance at 0x7faa32a2f320>,100,21,[6 2],101,-1,122,-1,101
1,<environment.Job instance at 0x7faa33105870>,103,13,[10  4],104,-1,117,-1,104
1,<environment.Job instance at 0x7faa32d66050>,2,27,[8 4],3,-1,50,-1,23
1,<environment.Job instance at 0x7faa32e2ef00>,12,1,[ 1 13],13,-1,24,-1,23
1,<environment.Job instance at 0x7faa32e2d410>,15,17,[11  2],16,-1,54,-1,37
1,<environment.Job instance at 0x7faa32e2e460>,13,25,[ 4 10],14,-1,65,-1,40
1,<environment.Job instance at 0x7faa32c2f960>,19,21,[14  3],20,-1,61,-1,40
1,<environment.Job instance at 0x7faa33be9aa0>,37,1,[ 2 11],38,-1,77,-1,76
1,<environment.Job instance at 0x7faa3342e5a0>,44,17,[11  1],45,-1,109,-1,92
1,<environment.Job instance at 0x7faa33bced70>,0,28,[4 7],1,-1,29,-1,1
1,<environment.Job instance at 0x7faa33315f50>,12,16,[10  5],13,-1,30,-1,14
1,<environment.Job instance at 0x7faa32f38820>,17,17,[ 4 14],18,-1,37,-1,20
1,<environment.Job instance at 0x7faa32f38640>,19,17,[6 4],20,-1,40,-1,23
1,<environment.Job instance at 0x7faa33c8c0a0>,21,16,[ 4 10],22,-1,42,-1,26
1,<environment.Job instance at 0x7faa32f386e0>,20,14,[3 9],21,-1,42,-1,28
1,<environment.Job instance at 0x7faa33275d70>,27,13,[5 5],28,-1,41,-1,28
1,<environment.Job instance at 0x7faa32f38460>,18,18,[2 9],19,-1,48,-1,30
1,<environment.Job instance at 0x7faa33275fa0>,26,16,[7 1],27,-1,46,-1,30
1,<environment.Job instance at 0x7faa32bd8be0>,29,15,[7 2],30,-1,52,-1,37
1,<environment.Job instance at 0x7faa3c955dc0>,35,16,[5 2],36,-1,57,-1,41
1,<environment.Job instance at 0x7faa32bd84b0>,28,17,[ 1 10],29,-1,59,-1,42
1,<environment.Job instance at 0x7faa333155a0>,15,15,[10  3],16,-1,60,-1,45
1,<environment.Job instance at 0x7faa339531e0>,41,16,[6 5],42,-1,61,-1,45
1,<environment.Job instance at 0x7faa33892870>,45,17,[ 5 10],46,-1,63,-1,46
1,<environment.Job instance at 0x7faa33892c30>,46,13,[7 5],47,-1,65,-1,52
1,<environment.Job instance at 0x7faa3327ccd0>,44,17,[4 9],45,-1,72,-1,55
1,<environment.Job instance at 0x7faa32fbdb90>,49,18,[9 4],50,-1,73,-1,55
1,<environment.Job instance at 0x7faa326b60a0>,63,17,[9 1],64,-1,83,-1,66
1,<environment.Job instance at 0x7faa335e7e10>,60,12,[3 8],61,-1,78,-1,66
1,<environment.Job instance at 0x7faa336c4550>,65,14,[3 5],66,-1,80,-1,66
1,<environment.Job instance at 0x7faa32af7230>,51,16,[14  3],52,-1,84,-1,68
1,<environment.Job instance at 0x7faa336c4e10>,67,18,[7 5],68,-1,86,-1,68
1,<environment.Job instance at 0x7faa336c4cd0>,69,18,[ 3 10],70,-1,90,-1,72
1,<environment.Job instance at 0x7faa335e7f50>,59,16,[4 9],60,-1,89,-1,73
1,<environment.Job instance at 0x7faa3330aeb0>,72,14,[9 2],73,-1,87,-1,73
1,<environment.Job instance at 0x7faa32fadcd0>,73,17,[8 4],74,-1,91,-1,74
1,<environment.Job instance at 0x7faa32b56d20>,74,24,[8 1],75,-1,99,-1,75
1,<environment.Job instance at 0x7faa32fadf50>,71,18,[5 9],72,-1,93,-1,75
1,<environment.Job instance at 0x7faa32b56460>,75,18,[9 4],76,-1,95,-1,77
1,<environment.Job instance at 0x7faa32b56050>,77,17,[8 2],78,-1,95,-1,78
1,<environment.Job instance at 0x7faa336344b0>,79,17,[7 1],80,-1,97,-1,80
1,<environment.Job instance at 0x7faa33634cd0>,80,15,[8 3],81,-1,96,-1,81
1,<environment.Job instance at 0x7faa33634460>,83,15,[3 8],84,-1,99,-1,84
1,<environment.Job instance at 0x7faa33c81a00>,85,18,[3 6],86,-1,104,-1,86
1,<environment.Job instance at 0x7faa32e02e10>,91,20,[5 3],92,-1,113,-1,93
1,<environment.Job instance at 0x7faa33d81f50>,94,15,[4 9],95,-1,110,-1,95
1,<environment.Job instance at 0x7faa32e02eb0>,89,16,[10  3],90,-1,113,-1,97
1,<environment.Job instance at 0x7faa32b56140>,76,25,[6 2],77,-1,122,-1,97
1,<environment.Job instance at 0x7faa339e2b90>,97,12,[13  5],98,-1,114,-1,102
1,<environment.Job instance at 0x7faa332b1460>,96,14,[5 9],97,-1,119,-1,105
1,<environment.Job instance at 0x7faa33ae6dc0>,106,12,[7 2],107,-1,119,-1,107
1,<environment.Job instance at 0x7faa33d81eb0>,92,24,[8 2],93,-1,132,-1,108
1,<environment.Job instance at 0x7faa33554c80>,0,28,[4 7],1,-1,29,-1,1
1,<environment.Job instance at 0x7faa33554960>,1,15,[ 5 14],2,-1,17,-1,2
1,<environment.Job instance at 0x7faa33554550>,3,14,[ 3 11],4,-1,18,-1,4
1,<environment.Job instance at 0x7faa3355b370>,17,17,[ 4 14],18,-1,52,-1,35
1,<environment.Job instance at 0x7faa32793460>,1,16,[5 9],2,-1,18,-1,2
1,<environment.Job instance at 0x7faa3c3dd460>,2,17,[7 4],3,-1,21,-1,4
1,<environment.Job instance at 0x7faa32fc4cd0>,4,12,[4 7],5,-1,17,-1,5
1,<environment.Job instance at 0x7faa32fc4c80>,5,13,[1 5],6,-1,19,-1,6
1,<environment.Job instance at 0x7faa32fc4af0>,6,17,[10  4],7,-1,24,-1,7
1,<environment.Job instance at 0x7faa32ff9be0>,7,14,[7 2],8,-1,22,-1,8
1,<environment.Job instance at 0x7faa32ff9640>,9,17,[1 7],10,-1,27,-1,10
1,<environment.Job instance at 0x7faa3c3dd910>,3,14,[2 7],4,-1,26,-1,12
1,<environment.Job instance at 0x7faa3331acd0>,12,18,[ 1 10],13,-1,33,-1,15
1,<environment.Job instance at 0x7faa32da1550>,14,12,[9 4],15,-1,28,-1,16
1,<environment.Job instance at 0x7faa329f0280>,18,17,[9 3],19,-1,38,-1,21
1,<environment.Job instance at 0x7faa33383c30>,20,14,[10  1],21,-1,35,-1,21
1,<environment.Job instance at 0x7faa335fba50>,22,18,[10  1],23,-1,42,-1,24
1,<environment.Job instance at 0x7faa3333c910>,24,27,[1 7],25,-1,52,-1,25
1,<environment.Job instance at 0x7faa332b6870>,23,15,[7 2],24,-1,40,-1,25
1,<environment.Job instance at 0x7faa33846500>,27,18,[6 1],28,-1,47,-1,29
1,<environment.Job instance at 0x7faa33b383c0>,28,17,[3 6],29,-1,47,-1,30
1,<environment.Job instance at 0x7faa3379f820>,33,14,[9 2],34,-1,50,-1,36
1,<environment.Job instance at 0x7faa33b45eb0>,36,16,[1 9],37,-1,56,-1,40
1,<environment.Job instance at 0x7faa33b45be0>,35,2,[6 1],36,-1,44,-1,42
1,<environment.Job instance at 0x7faa33cdab40>,41,18,[4 6],42,-1,62,-1,44
1,<environment.Job instance at 0x7faa33cd9d20>,46,19,[5 4],47,-1,71,-1,52
1,<environment.Job instance at 0x7faa33de0a00>,32,15,[4 7],33,-1,68,-1,53
1,<environment.Job instance at 0x7faa33cb7b40>,43,12,[5 5],44,-1,66,-1,54
1,<environment.Job instance at 0x7faa337647d0>,49,13,[8 2],50,-1,68,-1,55
1,<environment.Job instance at 0x7faa33cd9820>,47,17,[1 8],48,-1,72,-1,55
1,<environment.Job instance at 0x7faa33764a00>,53,18,[10  1],54,-1,73,-1,55
1,<environment.Job instance at 0x7faa33764230>,50,3,[10  1],51,-1,58,-1,55
1,<environment.Job instance at 0x7faa33764730>,54,15,[9 3],55,-1,70,-1,55
1,<environment.Job instance at 0x7faa33764d20>,55,16,[ 5 13],56,-1,72,-1,56
1,<environment.Job instance at 0x7faa33764370>,56,17,[ 2 10],57,-1,76,-1,59
1,<environment.Job instance at 0x7faa3377f410>,61,16,[9 3],62,-1,78,-1,62
1,<environment.Job instance at 0x7faa33780fa0>,64,14,[5 8],65,-1,83,-1,69
1,<environment.Job instance at 0x7faa33777280>,66,17,[11  2],67,-1,86,-1,69
1,<environment.Job instance at 0x7faa337770a0>,65,13,[7 3],66,-1,82,-1,69
1,<environment.Job instance at 0x7faa33780eb0>,62,15,[ 2 12],63,-1,84,-1,69
1,<environment.Job instance at 0x7faa33777640>,69,23,[9 3],70,-1,94,-1,71
1,<environment.Job instance at 0x7faa337645a0>,48,18,[4 6],49,-1,91,-1,73
1,<environment.Job instance at 0x7faa337778c0>,71,15,[7 4],72,-1,88,-1,73
1,<environment.Job instance at 0x7faa33777af0>,75,14,[ 2 10],76,-1,90,-1,76
1,<environment.Job instance at 0x7faa33777a00>,77,18,[2 7],78,-1,96,-1,78
1,<environment.Job instance at 0x7faa33777f00>,80,22,[9 3],81,-1,125,-1,103
1,<environment.Job instance at 0x7faa337750f0>,84,15,[7 5],85,-1,118,-1,103
1,<environment.Job instance at 0x7faa337751e0>,85,14,[7 4],86,-1,117,-1,103
1,<environment.Job instance at 0x7faa337752d0>,86,14,[11  1],87,-1,117,-1,103
1,<environment.Job instance at 0x7faa33775370>,87,22,[7 3],88,-1,126,-1,104
1,<environment.Job instance at 0x7faa33777cd0>,81,28,[1 5],82,-1,132,-1,104
1,<environment.Job instance at 0x7faa33775640>,88,1,[10  3],89,-1,105,-1,104
1,<environment.Job instance at 0x7faa33ce6f00>,8,14,[ 5 11],9,-1,32,-1,18
1,<environment.Job instance at 0x7faa32a330a0>,24,27,[1 7],25,-1,124,-1,97
1,<environment.Job instance at 0x7f74522b6b90>,2,14,[ 2 10],3,-1,18,-1,4
1,<environment.Job instance at 0x7f74522b6a50>,4,13,[3 6],5,-1,18,-1,5
1,<environment.Job instance at 0x7f74522b6d70>,6,15,[2 8],7,-1,22,-1,7
1,<environment.Job instance at 0x7f74522b6eb0>,7,14,[7 5],8,-1,22,-1,8
1,<environment.Job instance at 0x7f74522b6f00>,8,17,[1 8],9,-1,26,-1,9
1,<environment.Job instance at 0x7f745b9008c0>,3,22,[2 5],4,-1,31,-1,9
1,<environment.Job instance at 0x7f74522bb0a0>,10,22,[8 1],11,-1,33,-1,11
1,<environment.Job instance at 0x7f74522bb140>,12,23,[6 4],13,-1,36,-1,13
1,<environment.Job instance at 0x7f74522bb410>,13,18,[5 9],14,-1,32,-1,14
1,<environment.Job instance at 0x7f74522bb320>,14,21,[8 1],15,-1,38,-1,17
1,<environment.Job instance at 0x7f74522bb500>,16,18,[7 3],17,-1,35,-1,17
1,<environment.Job instance at 0x7f74522bb5a0>,18,26,[7 4],19,-1,45,-1,19
1,<environment.Job instance at 0x7f74522bb7d0>,19,25,[5 9],20,-1,45,-1,20
1,<environment.Job instance at 0x7f74522bb8c0>,21,18,[9 4],22,-1,40,-1,22
1,<environment.Job instance at 0x7f74522bb910>,23,16,[6 2],24,-1,40,-1,24
1,<environment.Job instance at 0x7f74522bbf00>,27,17,[4 6],28,-1,45,-1,28
1,<environment.Job instance at 0x7f74522be140>,30,26,[9 4],31,-1,61,-1,35
1,<environment.Job instance at 0x7f74522be280>,32,21,[5 9],33,-1,60,-1,39
1,<environment.Job instance at 0x7f74522be550>,35,16,[1 9],36,-1,55,-1,39
1,<environment.Job instance at 0x7f74522be6e0>,39,14,[9 4],40,-1,54,-1,40
1,<environment.Job instance at 0x7f74522bee10>,45,15,[7 5],46,-1,61,-1,46
1,<environment.Job instance at 0x7f74522bd050>,47,13,[ 3 10],48,-1,61,-1,48
1,<environment.Job instance at 0x7f74522bd3c0>,48,12,[9 2],49,-1,61,-1,49
1,<environment.Job instance at 0x7f74522bd230>,49,17,[10  2],50,-1,67,-1,50
1,<environment.Job instance at 0x7f74522bd500>,51,2,[5 3],52,-1,54,-1,52
1,<environment.Job instance at 0x7f74522bd8c0>,54,18,[7 1],55,-1,73,-1,55
1,<environment.Job instance at 0x7f74522be820>,37,14,[5 8],38,-1,70,-1,56
1,<environment.Job instance at 0x7f74522bdb90>,57,16,[ 2 11],58,-1,75,-1,59
1,<environment.Job instance at 0x7f74522bd7d0>,59,19,[1 7],60,-1,79,-1,60
1,<environment.Job instance at 0x7f74522bdd20>,58,17,[3 7],59,-1,77,-1,60
1,<environment.Job instance at 0x7f74522bdf50>,62,14,[4 9],63,-1,78,-1,64
1,<environment.Job instance at 0x7f74522c0410>,67,16,[1 9],68,-1,84,-1,68
1,<environment.Job instance at 0x7f74522c05a0>,69,14,[9 4],70,-1,84,-1,70
1,<environment.Job instance at 0x7f74522c07d0>,72,18,[3 5],73,-1,91,-1,73
1,<environment.Job instance at 0x7f74522c0fa0>,76,13,[10  1],77,-1,91,-1,78
1,<environment.Job instance at 0x7f74522c61e0>,79,19,[10  3],80,-1,99,-1,80
1,<environment.Job instance at 0x7f74522c0eb0>,77,16,[8 1],78,-1,97,-1,81
1,<environment.Job instance at 0x7f74522c6550>,81,14,[8 5],82,-1,97,-1,83
1,<environment.Job instance at 0x7f74522c62d0>,82,21,[4 8],83,-1,104,-1,83
1,<environment.Job instance at 0x7f74522c6410>,83,18,[ 3 10],84,-1,102,-1,84
1,<environment.Job instance at 0x7f74522c69b0>,87,18,[7 1],88,-1,107,-1,89
1,<environment.Job instance at 0x7f74522c6b40>,88,16,[4 9],89,-1,105,-1,89
1,<environment.Job instance at 0x7f74522c6c80>,91,18,[5 4],92,-1,111,-1,93
1,<environment.Job instance at 0x7f74522c6f00>,93,25,[ 1 10],94,-1,122,-1,97
1,<environment.Job instance at 0x7f74522b1460>,96,18,[2 6],97,-1,120,-1,102
1,<environment.Job instance at 0x7f74523b12d0>,101,15,[2 7],102,-1,118,-1,103
1,<environment.Job instance at 0x7f7452303500>,103,16,[1 9],104,-1,120,-1,104
1,<environment.Job instance at 0x7f74522be230>,33,26,[3 6],34,-1,130,-1,104
1,<environment.Job instance at 0x7f7452303c30>,102,13,[9 4],103,-1,117,-1,104
1,<environment.Job instance at 0x7f74522aee60>,105,16,[7 5],106,-1,122,-1,106
1,<environment.Job instance at 0x7f74522aecd0>,107,18,[5 5],108,-1,126,-1,108
1,<environment.Job instance at 0x7f74522ae5f0>,110,23,[5 1],111,-1,134,-1,111
1,<environment.Job instance at 0x7f74522c0050>,12,23,[6 4],13,-1,53,-1,30
1,<environment.Job instance at 0x7f7452378410>,18,26,[7 4],19,-1,70,-1,44
1,<environment.Job instance at 0x7f7452378e10>,19,25,[5 9],20,-1,83,-1,58
1,<environment.Job instance at 0x7f7452378870>,28,17,[ 1 13],29,-1,87,-1,70
1,<environment.Job instance at 0x7f745230ea00>,30,26,[9 4],31,-1,110,-1,84
1,<environment.Job instance at 0x7f74522e7eb0>,31,1,[ 2 14],32,-1,85,-1,84
1,<environment.Job instance at 0x7f74522c68c0>,33,26,[3 6],34,-1,110,-1,84
1,<environment.Job instance at 0x7f7452389500>,40,26,[ 1 10],41,-1,139,-1,113
1,<environment.Job instance at 0x7f74519f9280>,10,17,[9 5],11,-1,28,-1,11
1,<environment.Job instance at 0x7f74519f9fa0>,12,18,[10  4],13,-1,31,-1,13
1,<environment.Job instance at 0x7f74519f93c0>,14,12,[5 4],15,-1,28,-1,16
1,<environment.Job instance at 0x7f7451a033c0>,17,28,[ 2 10],18,-1,47,-1,19
1,<environment.Job instance at 0x7f7451b75b40>,21,14,[ 3 10],22,-1,36,-1,22
1,<environment.Job instance at 0x7f74519f9dc0>,15,15,[8 3],16,-1,41,-1,26
1,<environment.Job instance at 0x7f7451c2f0f0>,26,13,[10  5],27,-1,43,-1,30
1,<environment.Job instance at 0x7f7451b63cd0>,30,12,[5 1],31,-1,43,-1,31
1,<environment.Job instance at 0x7f7451b63f50>,29,17,[5 7],30,-1,48,-1,31
1,<environment.Job instance at 0x7f7451b63c30>,31,22,[5 6],32,-1,54,-1,32
1,<environment.Job instance at 0x7f74518836e0>,35,17,[10  4],36,-1,55,-1,38
1,<environment.Job instance at 0x7f7451885a50>,37,21,[10  4],38,-1,59,-1,38
1,<environment.Job instance at 0x7f745186df50>,42,20,[10  5],43,-1,65,-1,45
1,<environment.Job instance at 0x7f7451904230>,53,24,[3 7],54,-1,79,-1,55
1,<environment.Job instance at 0x7f7451a04780>,57,16,[8 4],58,-1,75,-1,59
1,<environment.Job instance at 0x7f7451b03690>,61,18,[6 2],62,-1,85,-1,67
1,<environment.Job instance at 0x7f7451a050a0>,60,17,[3 5],61,-1,84,-1,67
1,<environment.Job instance at 0x7f74518d3d70>,66,17,[9 1],67,-1,85,-1,68
1,<environment.Job instance at 0x7f74522beeb0>,0,19,[ 5 12],1,-1,20,-1,1
1,<environment.Job instance at 0x7f7451a6b2d0>,17,28,[ 2 10],18,-1,65,-1,37
1,<environment.Job instance at 0x7f7451adde10>,22,15,[ 2 13],23,-1,55,-1,40
1,<environment.Job instance at 0x7f7451a791e0>,24,20,[13  4],25,-1,61,-1,41
1,<environment.Job instance at 0x7f7451a6e7d0>,33,1,[12  5],34,-1,73,-1,72
1,<environment.Job instance at 0x7f7451a81b40>,40,24,[1 5],41,-1,114,-1,90
1,<environment.Job instance at 0x7f7451a762d0>,46,13,[ 5 14],47,-1,122,-1,109
1,<environment.Job instance at 0x7f74518b4190>,1,13,[8 1],2,-1,16,-1,3
1,<environment.Job instance at 0x7f74518b9370>,3,13,[9 2],4,-1,17,-1,4
1,<environment.Job instance at 0x7f74518b90a0>,4,13,[4 5],5,-1,18,-1,5
1,<environment.Job instance at 0x7f74518b9910>,5,27,[6 1],6,-1,33,-1,6
1,<environment.Job instance at 0x7f74518b94b0>,6,1,[4 7],7,-1,8,-1,7
1,<environment.Job instance at 0x7f74518b9f50>,7,14,[10  3],8,-1,22,-1,8
1,<environment.Job instance at 0x7f74518b9320>,8,3,[5 1],9,-1,12,-1,9
1,<environment.Job instance at 0x7f74518b9fa0>,10,13,[3 5],11,-1,24,-1,11
1,<environment.Job instance at 0x7f74518b4820>,2,12,[ 5 10],3,-1,23,-1,11
1,<environment.Job instance at 0x7f74518b4f00>,11,16,[5 8],12,-1,28,-1,12
1,<environment.Job instance at 0x7f74518b9960>,12,23,[1 8],13,-1,36,-1,13
1,<environment.Job instance at 0x7f745b92aa00>,17,14,[10  5],18,-1,36,-1,22
1,<environment.Job instance at 0x7f745b92a5f0>,21,17,[10  2],22,-1,39,-1,22
1,<environment.Job instance at 0x7f7451956820>,23,26,[5 3],24,-1,50,-1,24
1,<environment.Job instance at 0x7f7451956f50>,25,18,[ 1 10],26,-1,44,-1,26
1,<environment.Job instance at 0x7f74519565a0>,29,18,[5 2],30,-1,48,-1,30
1,<environment.Job instance at 0x7f7451956780>,30,18,[5 8],31,-1,49,-1,31
1,<environment.Job instance at 0x7f7451956af0>,32,18,[3 8],33,-1,51,-1,33
1,<environment.Job instance at 0x7f74518ef8c0>,36,17,[8 4],37,-1,54,-1,37
1,<environment.Job instance at 0x7f74518ef0a0>,37,15,[3 6],38,-1,53,-1,38
1,<environment.Job instance at 0x7f74518efe10>,38,20,[5 2],39,-1,59,-1,39
1,<environment.Job instance at 0x7f74518ef500>,41,20,[ 4 10],42,-1,62,-1,42
1,<environment.Job instance at 0x7f74518ef230>,42,15,[9 2],43,-1,60,-1,45
1,<environment.Job instance at 0x7f74518ef050>,44,16,[7 5],45,-1,62,-1,46
1,<environment.Job instance at 0x7f74518f2230>,47,27,[9 5],48,-1,75,-1,48
1,<environment.Job instance at 0x7f74518f20a0>,48,13,[8 4],49,-1,63,-1,50
1,<environment.Job instance at 0x7f74518f2c80>,49,14,[12  2],50,-1,64,-1,50
1,<environment.Job instance at 0x7f74518aea50>,54,12,[8 3],55,-1,67,-1,55
1,<environment.Job instance at 0x7f74518ae960>,55,1,[6 3],56,-1,57,-1,56
1,<environment.Job instance at 0x7f74518ae140>,56,13,[8 2],57,-1,70,-1,57
1,<environment.Job instance at 0x7f74518aebe0>,57,1,[1 5],58,-1,60,-1,59
1,<environment.Job instance at 0x7f74518aecd0>,59,15,[6 5],60,-1,75,-1,60
1,<environment.Job instance at 0x7f74518aec80>,63,17,[7 4],64,-1,81,-1,64
1,<environment.Job instance at 0x7f74518a91e0>,80,16,[8 3],81,-1,100,-1,84
1,<environment.Job instance at 0x7f74518a9460>,78,14,[9 4],79,-1,103,-1,89
1,<environment.Job instance at 0x7f74518ae500>,67,16,[5 3],68,-1,105,-1,89
1,<environment.Job instance at 0x7f74518a9870>,85,27,[4 5],86,-1,116,-1,89
1,<environment.Job instance at 0x7f74518aeeb0>,62,25,[ 3 11],63,-1,115,-1,90
1,<environment.Job instance at 0x7f74518a9b40>,83,16,[ 4 10],84,-1,106,-1,90
1,<environment.Job instance at 0x7f74518a4550>,92,20,[4 9],93,-1,113,-1,93
1,<environment.Job instance at 0x7f74518a47d0>,87,12,[13  4],88,-1,112,-1,100
1,<environment.Job instance at 0x7f74518ae460>,65,13,[ 5 14],66,-1,116,-1,103
1,<environment.Job instance at 0x7f7451866a00>,103,17,[7 1],104,-1,121,-1,104
1,<environment.Job instance at 0x7f745252f190>,102,17,[5 9],103,-1,122,-1,105
1,<environment.Job instance at 0x7f7451920870>,99,15,[ 2 10],100,-1,120,-1,105
1,<environment.Job instance at 0x7f7451c94730>,5,27,[6 1],6,-1,41,-1,14
1,<environment.Job instance at 0x7f7451c43f50>,12,23,[1 8],13,-1,51,-1,28
1,<environment.Job instance at 0x7f7451ba00a0>,23,26,[5 3],24,-1,75,-1,49
1,<environment.Job instance at 0x7f7451c38050>,39,26,[2 8],40,-1,139,-1,113
1,<environment.Job instance at 0x7f745275f5a0>,6,18,[8 3],7,-1,30,-1,12
1,<environment.Job instance at 0x7f74527436e0>,11,18,[5 8],12,-1,30,-1,12
1,<environment.Job instance at 0x7f7452743870>,20,16,[ 4 10],21,-1,37,-1,21
1,<environment.Job instance at 0x7f74527438c0>,21,15,[5 7],22,-1,38,-1,23
1,<environment.Job instance at 0x7f7452743dc0>,22,17,[8 2],23,-1,40,-1,23
1,<environment.Job instance at 0x7f7452743320>,19,18,[5 2],20,-1,44,-1,26
1,<environment.Job instance at 0x7f7451fd0370>,25,17,[12  4],26,-1,44,-1,27
1,<environment.Job instance at 0x7f7452743910>,17,13,[ 5 10],18,-1,43,-1,30
1,<environment.Job instance at 0x7f7451fd0aa0>,29,18,[10  4],30,-1,48,-1,30
1,<environment.Job instance at 0x7f7451fd0460>,30,15,[1 9],31,-1,46,-1,31
1,<environment.Job instance at 0x7f7451fd00f0>,24,17,[6 1],25,-1,49,-1,32
1,<environment.Job instance at 0x7f74528f02d0>,38,15,[10  4],39,-1,55,-1,40
1,<environment.Job instance at 0x7f74526c8a50>,40,16,[8 5],41,-1,58,-1,42
1,<environment.Job instance at 0x7f7451fd0a00>,26,17,[7 4],27,-1,60,-1,43
1,<environment.Job instance at 0x7f74528f0140>,36,16,[2 9],37,-1,59,-1,43
1,<environment.Job instance at 0x7f74526c8050>,42,27,[8 3],43,-1,70,-1,43
1,<environment.Job instance at 0x7f74526c80a0>,41,16,[4 5],42,-1,59,-1,43
1,<environment.Job instance at 0x7f74526c81e0>,43,18,[1 6],44,-1,62,-1,44
1,<environment.Job instance at 0x7f74526c8410>,44,17,[2 6],45,-1,62,-1,45
1,<environment.Job instance at 0x7f74526c8820>,46,27,[2 6],47,-1,74,-1,47
1,<environment.Job instance at 0x7f74526c8140>,47,16,[7 4],48,-1,64,-1,48
1,<environment.Job instance at 0x7f74526c8640>,48,16,[9 2],49,-1,69,-1,53
1,<environment.Job instance at 0x7f74526c8c80>,54,12,[8 1],55,-1,73,-1,61
1,<environment.Job instance at 0x7f74523b3230>,60,12,[10  5],61,-1,75,-1,63
1,<environment.Job instance at 0x7f74523b33c0>,64,14,[3 6],65,-1,79,-1,65
1,<environment.Job instance at 0x7f74523b3640>,62,16,[6 4],63,-1,83,-1,67
1,<environment.Job instance at 0x7f74523b3dc0>,65,13,[7 4],66,-1,80,-1,67
1,<environment.Job instance at 0x7f74523b3a50>,66,21,[ 4 10],67,-1,89,-1,68
1,<environment.Job instance at 0x7f745241daa0>,72,12,[7 5],73,-1,85,-1,73
1,<environment.Job instance at 0x7f74523b35a0>,67,23,[2 8],68,-1,97,-1,74
1,<environment.Job instance at 0x7f745241deb0>,75,17,[ 5 10],76,-1,93,-1,76
1,<environment.Job instance at 0x7f745241d8c0>,74,13,[ 4 11],75,-1,93,-1,80
1,<environment.Job instance at 0x7f745241d5f0>,79,17,[12  4],80,-1,99,-1,82
1,<environment.Job instance at 0x7f745241d230>,80,25,[6 4],81,-1,108,-1,83
1,<environment.Job instance at 0x7f745241d550>,84,24,[5 5],85,-1,109,-1,85
1,<environment.Job instance at 0x7f74526c8e10>,50,14,[ 4 14],51,-1,107,-1,93
1,<environment.Job instance at 0x7f745b92a8c0>,88,28,[ 5 10],89,-1,123,-1,95
1,<environment.Job instance at 0x7f745b92a050>,89,15,[9 5],90,-1,110,-1,95
1,<environment.Job instance at 0x7f745b92a780>,91,17,[7 5],92,-1,113,-1,96
1,<environment.Job instance at 0x7f745241d050>,78,14,[8 2],79,-1,112,-1,98
1,<environment.Job instance at 0x7f745258d0f0>,96,12,[ 5 12],97,-1,111,-1,99
1,<environment.Job instance at 0x7f74528f0f00>,34,18,[10  5],35,-1,117,-1,99
1,<environment.Job instance at 0x7f7452833910>,103,15,[6 4],104,-1,127,-1,112
1,<environment.Job instance at 0x7f7451d01d70>,0,26,[8 3],1,-1,27,-1,1
1,<environment.Job instance at 0x7f7451cfdc80>,14,2,[11  3],15,-1,25,-1,23
1,<environment.Job instance at 0x7f74528c75f0>,25,17,[12  4],26,-1,86,-1,69
1,<environment.Job instance at 0x7f7452aed640>,37,2,[ 3 11],38,-1,120,-1,118
1,<environment.Job instance at 0x7f7452141f00>,7,18,[8 2],8,-1,26,-1,8
1,<environment.Job instance at 0x7f7452e174b0>,12,17,[4 5],13,-1,30,-1,13
1,<environment.Job instance at 0x7f7452e17fa0>,13,14,[9 3],14,-1,28,-1,14
1,<environment.Job instance at 0x7f7452e17a50>,15,17,[8 2],16,-1,33,-1,16
1,<environment.Job instance at 0x7f7452dfc190>,16,16,[1 9],17,-1,33,-1,17
1,<environment.Job instance at 0x7f7452dfc320>,17,16,[7 2],18,-1,35,-1,19
1,<environment.Job instance at 0x7f745212d370>,22,16,[10  4],23,-1,40,-1,24
1,<environment.Job instance at 0x7f745212fa50>,24,16,[9 5],25,-1,41,-1,25
1,<environment.Job instance at 0x7f745212f4b0>,26,22,[1 8],27,-1,49,-1,27
1,<environment.Job instance at 0x7f745212fb40>,27,28,[5 9],28,-1,56,-1,28
1,<environment.Job instance at 0x7f7452dfcd70>,23,16,[6 5],24,-1,44,-1,28
1,<environment.Job instance at 0x7f7451d23d70>,29,18,[5 8],30,-1,49,-1,31
1,<environment.Job instance at 0x7f7451c77cd0>,34,16,[6 1],35,-1,51,-1,35
1,<environment.Job instance at 0x7f7451c782d0>,36,18,[ 5 10],37,-1,55,-1,37
1,<environment.Job instance at 0x7f7452e07fa0>,37,28,[9 1],38,-1,66,-1,38
1,<environment.Job instance at 0x7f7451d17a00>,41,14,[9 2],42,-1,56,-1,42
1,<environment.Job instance at 0x7f7451c8b1e0>,42,26,[5 8],43,-1,69,-1,43
1,<environment.Job instance at 0x7f7451ca0820>,48,15,[2 8],49,-1,64,-1,49
1,<environment.Job instance at 0x7f7451ca0fa0>,49,18,[1 7],50,-1,68,-1,50
1,<environment.Job instance at 0x7f7451d235f0>,30,18,[ 2 10],31,-1,71,-1,53
1,<environment.Job instance at 0x7f7451ca0aa0>,50,14,[7 2],51,-1,68,-1,54
1,<environment.Job instance at 0x7f7451c873c0>,54,12,[3 9],55,-1,67,-1,55
1,<environment.Job instance at 0x7f7451c87370>,55,18,[4 6],56,-1,74,-1,56
1,<environment.Job instance at 0x7f7451c87640>,53,22,[3 5],54,-1,82,-1,60
1,<environment.Job instance at 0x7f7451c7c0a0>,59,18,[3 8],60,-1,79,-1,61
1,<environment.Job instance at 0x7f7451c7c1e0>,60,22,[7 1],61,-1,84,-1,62
1,<environment.Job instance at 0x7f7451c7c320>,62,21,[5 7],63,-1,84,-1,63
1,<environment.Job instance at 0x7f7451c7c690>,65,16,[4 7],66,-1,83,-1,67
1,<environment.Job instance at 0x7f7451c7c8c0>,68,16,[1 7],69,-1,85,-1,69
1,<environment.Job instance at 0x7f7451c7c9b0>,69,18,[8 2],70,-1,88,-1,70
1,<environment.Job instance at 0x7f7451c7ce10>,73,17,[4 7],74,-1,91,-1,74
1,<environment.Job instance at 0x7f7451c7cf50>,74,16,[ 5 10],75,-1,91,-1,75
1,<environment.Job instance at 0x7f7451c7cbe0>,75,15,[5 9],76,-1,91,-1,76
1,<environment.Job instance at 0x7f7451c9d4b0>,80,26,[3 7],81,-1,107,-1,81
1,<environment.Job instance at 0x7f7451c9d6e0>,81,18,[11  5],82,-1,100,-1,82
1,<environment.Job instance at 0x7f7451c9d230>,82,12,[2 9],83,-1,95,-1,83
1,<environment.Job instance at 0x7f7451c9d780>,83,12,[8 2],84,-1,96,-1,84
1,<environment.Job instance at 0x7f7451c9d820>,84,16,[1 5],85,-1,101,-1,85
1,<environment.Job instance at 0x7f7451c9d8c0>,85,18,[4 9],86,-1,104,-1,86
1,<environment.Job instance at 0x7f7451c9da00>,87,18,[10  5],88,-1,106,-1,88
1,<environment.Job instance at 0x7f7451c9d550>,88,13,[5 5],89,-1,102,-1,89
1,<environment.Job instance at 0x7f7451c9dc80>,90,13,[10  1],91,-1,104,-1,91
1,<environment.Job instance at 0x7f7451c9dd20>,92,24,[1 9],93,-1,117,-1,93
1,<environment.Job instance at 0x7f7451c9df00>,93,14,[6 5],94,-1,108,-1,94
1,<environment.Job instance at 0x7f74520af0a0>,94,12,[9 3],95,-1,107,-1,95
1,<environment.Job instance at 0x7f74520af1e0>,96,12,[10  1],97,-1,109,-1,97
1,<environment.Job instance at 0x7f74520af6e0>,100,17,[5 6],101,-1,118,-1,101
1,<environment.Job instance at 0x7f74520af7d0>,101,27,[7 1],102,-1,129,-1,102
1,<environment.Job instance at 0x7f74520afb40>,105,21,[ 2 10],106,-1,127,-1,106
1,<environment.Job instance at 0x7f74520afa00>,106,15,[10  2],107,-1,122,-1,107
1,<environment.Job instance at 0x7f74520afdc0>,110,16,[10  1],111,-1,129,-1,113
1,<environment.Job instance at 0x7f74529f5870>,4,17,[14  5],5,-1,22,-1,5
1,<environment.Job instance at 0x7f7451c53a50>,11,2,[14  5],12,-1,21,-1,19
1,<environment.Job instance at 0x7f74528335f0>,27,28,[5 9],28,-1,100,-1,72
1,<environment.Job instance at 0x7f7451f49460>,37,28,[9 1],38,-1,145,-1,117
1,<environment.Job instance at 0x7f7451d14550>,0,17,[10  2],1,-1,19,-1,2
1,<environment.Job instance at 0x7f7451d14320>,1,13,[10  2],2,-1,15,-1,2
1,<environment.Job instance at 0x7f7451d14e10>,3,24,[2 6],4,-1,28,-1,4
1,<environment.Job instance at 0x7f7451d14690>,7,14,[9 2],8,-1,25,-1,11
1,<environment.Job instance at 0x7f7451d5d1e0>,12,18,[6 2],13,-1,31,-1,13
1,<environment.Job instance at 0x7f7451d5d7d0>,14,18,[6 2],15,-1,33,-1,15
1,<environment.Job instance at 0x7f7451d5dd20>,15,19,[6 3],16,-1,35,-1,16
1,<environment.Job instance at 0x7f7451d5d640>,17,15,[6 1],18,-1,33,-1,18
1,<environment.Job instance at 0x7f7451d5d460>,18,13,[1 5],19,-1,32,-1,19
1,<environment.Job instance at 0x7f7451d5d6e0>,10,14,[5 8],11,-1,33,-1,19
1,<environment.Job instance at 0x7f7451d5daa0>,22,27,[5 7],23,-1,50,-1,23
1,<environment.Job instance at 0x7f7451d44460>,25,16,[9 2],26,-1,43,-1,27
1,<environment.Job instance at 0x7f7451d44d70>,26,15,[10  3],27,-1,42,-1,27
1,<environment.Job instance at 0x7f7451d44370>,27,15,[9 1],28,-1,43,-1,28
1,<environment.Job instance at 0x7f74523f5320>,39,17,[6 2],40,-1,58,-1,41
1,<environment.Job instance at 0x7f74523f5a00>,40,17,[5 2],41,-1,58,-1,41
1,<environment.Job instance at 0x7f74523f5960>,41,18,[4 9],42,-1,60,-1,42
1,<environment.Job instance at 0x7f7452427140>,50,18,[ 4 11],51,-1,72,-1,54
1,<environment.Job instance at 0x7f74523f52d0>,47,14,[11  4],48,-1,73,-1,59
1,<environment.Job instance at 0x7f7452427eb0>,51,18,[ 3 10],52,-1,77,-1,59
1,<environment.Job instance at 0x7f7452427cd0>,53,24,[8 5],54,-1,83,-1,59
1,<environment.Job instance at 0x7f74523f5050>,46,16,[8 2],47,-1,75,-1,59
1,<environment.Job instance at 0x7f74524279b0>,49,16,[7 4],50,-1,75,-1,59
1,<environment.Job instance at 0x7f7452427320>,61,15,[8 1],62,-1,82,-1,67
1,<environment.Job instance at 0x7f7451d44870>,28,15,[11  4],29,-1,82,-1,67
1,<environment.Job instance at 0x7f7452427c80>,62,16,[5 4],63,-1,83,-1,67
1,<environment.Job instance at 0x7f74524270f0>,65,15,[5 6],66,-1,84,-1,69
1,<environment.Job instance at 0x7f7452431050>,71,17,[ 4 10],72,-1,136,-1,119
1,<environment.Job instance at 0x7f745240b410>,4,13,[ 5 12],5,-1,18,-1,5
1,<environment.Job instance at 0x7f745274ef50>,5,2,[ 2 11],6,-1,8,-1,6
1,<environment.Job instance at 0x7f7452df1a50>,3,24,[2 6],4,-1,41,-1,17
1,<environment.Job instance at 0x7f7451ff1550>,22,27,[5 7],23,-1,76,-1,49
1,<environment.Job instance at 0x7f7451d5da00>,24,24,[13  2],25,-1,73,-1,49
1,<environment.Job instance at 0x7f7452194050>,28,15,[11  4],29,-1,73,-1,58
1,<environment.Job instance at 0x7f74523f59b0>,31,14,[ 4 13],32,-1,90,-1,76
1,<environment.Job instance at 0x7f745242e320>,1,16,[1 6],2,-1,18,-1,2
1,<environment.Job instance at 0x7f745210ae10>,3,27,[3 5],4,-1,31,-1,4
1,<environment.Job instance at 0x7f74520fe5a0>,7,17,[5 7],8,-1,25,-1,8
1,<environment.Job instance at 0x7f74520e4050>,10,3,[8 5],11,-1,14,-1,11
1,<environment.Job instance at 0x7f74520e4fa0>,11,2,[4 5],12,-1,14,-1,12
1,<environment.Job instance at 0x7f74520e40a0>,12,3,[4 7],13,-1,16,-1,13
1,<environment.Job instance at 0x7f74520e4960>,13,12,[9 3],14,-1,26,-1,14
1,<environment.Job instance at 0x7f74520e4be0>,14,12,[1 5],15,-1,27,-1,15
1,<environment.Job instance at 0x7f74520e4e60>,15,14,[5 2],16,-1,30,-1,16
1,<environment.Job instance at 0x7f74520e48c0>,17,17,[2 6],18,-1,35,-1,18
1,<environment.Job instance at 0x7f74520e4500>,18,17,[5 4],19,-1,36,-1,19
1,<environment.Job instance at 0x7f745211b1e0>,20,16,[9 4],21,-1,37,-1,21
1,<environment.Job instance at 0x7f745211b5a0>,22,12,[8 3],23,-1,35,-1,23
1,<environment.Job instance at 0x7f74521231e0>,23,13,[5 6],24,-1,37,-1,24
1,<environment.Job instance at 0x7f7452123b40>,25,18,[3 9],26,-1,44,-1,26
1,<environment.Job instance at 0x7f7451cff8c0>,26,27,[10  4],27,-1,54,-1,27
1,<environment.Job instance at 0x7f7451cf76e0>,28,14,[4 5],29,-1,43,-1,29
1,<environment.Job instance at 0x7f7452e8a9b0>,29,14,[9 4],30,-1,44,-1,30
1,<environment.Job instance at 0x7f7452e7c690>,31,18,[4 8],32,-1,50,-1,32
1,<environment.Job instance at 0x7f7451be0280>,32,25,[7 3],33,-1,58,-1,33
1,<environment.Job instance at 0x7f7452429f50>,36,17,[2 9],37,-1,55,-1,38
1,<environment.Job instance at 0x7f74523fcaa0>,38,13,[ 3 10],39,-1,52,-1,39
1,<environment.Job instance at 0x7f74523fc500>,39,14,[4 7],40,-1,54,-1,40
1,<environment.Job instance at 0x7f74523fc870>,40,16,[10  3],41,-1,58,-1,42
1,<environment.Job instance at 0x7f745240a960>,41,17,[10  5],42,-1,59,-1,42
1,<environment.Job instance at 0x7f7452410370>,46,13,[8 5],47,-1,60,-1,47
1,<environment.Job instance at 0x7f7452420690>,55,12,[3 7],56,-1,68,-1,56
1,<environment.Job instance at 0x7f7452418af0>,57,16,[2 7],58,-1,74,-1,58
1,<environment.Job instance at 0x7f7451bea0a0>,59,14,[7 2],60,-1,75,-1,61
1,<environment.Job instance at 0x7f7451beab40>,61,14,[1 7],62,-1,76,-1,62
1,<environment.Job instance at 0x7f7451bead20>,62,14,[8 5],63,-1,77,-1,63
1,<environment.Job instance at 0x7f7451beaf50>,65,26,[4 8],66,-1,92,-1,66
1,<environment.Job instance at 0x7f7451bee140>,66,20,[4 8],67,-1,87,-1,67
1,<environment.Job instance at 0x7f7451bee280>,68,16,[8 4],69,-1,85,-1,69
1,<environment.Job instance at 0x7f7451bee370>,70,25,[5 4],71,-1,96,-1,71
1,<environment.Job instance at 0x7f7451bee550>,71,21,[5 5],72,-1,93,-1,72
1,<environment.Job instance at 0x7f7451bee6e0>,73,18,[ 2 10],74,-1,92,-1,74
1,<environment.Job instance at 0x7f7451bee730>,75,25,[5 7],76,-1,101,-1,76
1,<environment.Job instance at 0x7f7451bee9b0>,76,12,[5 9],77,-1,89,-1,77
1,<environment.Job instance at 0x7f7451bee960>,77,22,[5 8],78,-1,100,-1,78
1,<environment.Job instance at 0x7f7451beea50>,80,15,[3 8],81,-1,96,-1,81
1,<environment.Job instance at 0x7f7451c1e0f0>,83,27,[8 5],84,-1,111,-1,84
1,<environment.Job instance at 0x7f7451c1e190>,85,14,[7 3],86,-1,100,-1,86
1,<environment.Job instance at 0x7f7451c1ebe0>,93,24,[3 5],94,-1,118,-1,94
1,<environment.Job instance at 0x7f7451c1ec30>,94,14,[4 6],95,-1,109,-1,95
1,<environment.Job instance at 0x7f7451c1e7d0>,95,14,[10  1],96,-1,110,-1,96
1,<environment.Job instance at 0x7f7451c1edc0>,96,15,[3 6],97,-1,112,-1,97
1,<environment.Job instance at 0x7f7451c1ee60>,97,17,[2 7],98,-1,115,-1,98
1,<environment.Job instance at 0x7f7451c1ef00>,98,15,[5 5],99,-1,114,-1,99
1,<environment.Job instance at 0x7f7451c221e0>,101,18,[5 9],102,-1,120,-1,102
1,<environment.Job instance at 0x7f7451c222d0>,103,18,[3 7],104,-1,122,-1,104
1,<environment.Job instance at 0x7f7451c22b90>,110,18,[2 7],111,-1,129,-1,111
1,<environment.Job instance at 0x7f7451c22aa0>,111,15,[6 3],112,-1,127,-1,112
1,<environment.Job instance at 0x7f7451c229b0>,112,12,[6 2],113,-1,125,-1,113
1,<environment.Job instance at 0x7f7451c22dc0>,113,13,[5 2],114,-1,127,-1,114
1,<environment.Job instance at 0x7f7451c22e60>,114,23,[4 5],115,-1,138,-1,115
1,<environment.Job instance at 0x7f745212fc30>,4,1,[12  4],5,-1,6,-1,5
1,<environment.Job instance at 0x7f745212faa0>,5,2,[14  1],6,-1,8,-1,6
1,<environment.Job instance at 0x7f745212fb90>,3,27,[3 5],4,-1,40,-1,13
1,<environment.Job instance at 0x7f74526c8230>,26,27,[10  4],27,-1,98,-1,71
1,<environment.Job instance at 0x7f7452dfc410>,30,1,[ 5 11],31,-1,73,-1,72
1,<environment.Job instance at 0x7f7451cd8140>,32,25,[7 3],33,-1,127,-1,102
1,<environment.Job instance at 0x7f7451bb35a0>,34,13,[ 3 12],35,-1,115,-1,102
1,<environment.Job instance at 0x7f7451ee5c80>,6,26,[8 5],7,-1,33,-1,7
1,<environment.Job instance at 0x7f7451ee5140>,10,17,[5 8],11,-1,31,-1,14
1,<environment.Job instance at 0x7f74521d0c30>,14,16,[2 7],15,-1,31,-1,15
1,<environment.Job instance at 0x7f74521d0690>,15,17,[6 3],16,-1,33,-1,16
1,<environment.Job instance at 0x7f74521d04b0>,16,14,[10  1],17,-1,31,-1,17
1,<environment.Job instance at 0x7f74521d0870>,20,18,[5 6],21,-1,39,-1,21
1,<environment.Job instance at 0x7f74521d03c0>,21,17,[2 9],22,-1,39,-1,22
1,<environment.Job instance at 0x7f74521d0730>,24,12,[10  2],25,-1,37,-1,25
1,<environment.Job instance at 0x7f7452194a50>,30,20,[3 8],31,-1,53,-1,33
1,<environment.Job instance at 0x7f7452194f00>,36,26,[9 5],37,-1,71,-1,45
1,<environment.Job instance at 0x7f74521d0370>,28,16,[13  1],29,-1,65,-1,49
1,<environment.Job instance at 0x7f7451bb0050>,49,22,[7 3],50,-1,94,-1,72
1,<environment.Job instance at 0x7f7451bb0f00>,52,25,[7 5],53,-1,105,-1,80
1,<environment.Job instance at 0x7f74521940a0>,45,13,[4 7],46,-1,97,-1,84
1,<environment.Job instance at 0x7f74521d0410>,27,22,[10  1],28,-1,107,-1,85
1,<environment.Job instance at 0x7f7451bb0550>,56,12,[12  4],57,-1,97,-1,85
1,<environment.Job instance at 0x7f7451f54280>,60,16,[ 2 10],61,-1,114,-1,98
1,<environment.Job instance at 0x7f7451f54780>,63,15,[4 8],64,-1,113,-1,98
1,<environment.Job instance at 0x7f7451f54e10>,66,18,[5 8],67,-1,129,-1,111
1,<environment.Job instance at 0x7f7451f54730>,69,17,[ 2 10],70,-1,128,-1,111
1,<environment.Job instance at 0x7f7451bb0e10>,59,13,[ 1 10],60,-1,124,-1,111
1,<environment.Job instance at 0x7f7451f54f00>,71,18,[8 1],72,-1,129,-1,111
1,<environment.Job instance at 0x7f7451e1bf00>,73,20,[8 4],74,-1,131,-1,111
1,<environment.Job instance at 0x7f7451e1bfa0>,77,27,[8 5],78,-1,139,-1,112
1,<environment.Job instance at 0x7f7451e1b730>,79,17,[1 5],80,-1,129,-1,112
1,<environment.Job instance at 0x7f74524aef00>,3,14,[ 4 11],4,-1,18,-1,4
1,<environment.Job instance at 0x7f7451dbbcd0>,6,26,[8 5],7,-1,34,-1,8
1,<environment.Job instance at 0x7f74520b5be0>,8,18,[13  1],9,-1,27,-1,9
1,<environment.Job instance at 0x7f745b4e4c80>,28,16,[13  1],29,-1,82,-1,66
1,<environment.Job instance at 0x7f74528f0f50>,31,3,[11  4],32,-1,72,-1,69
1,<environment.Job instance at 0x7f74521d0780>,36,26,[9 5],37,-1,121,-1,95
1,<environment.Job instance at 0x7f74518846e0>,47,1,[ 4 12],48,-1,115,-1,114
1,<environment.Job instance at 0x7f74518ed0f0>,50,15,[13  3],51,-1,131,-1,116
1,<environment.Job instance at 0x7f7451687410>,5,17,[8 5],6,-1,24,-1,7
1,<environment.Job instance at 0x7f7451737cd0>,10,18,[6 4],11,-1,29,-1,11
1,<environment.Job instance at 0x7f7451737500>,12,15,[4 9],13,-1,28,-1,13
1,<environment.Job instance at 0x7f74517370f0>,13,18,[8 3],14,-1,32,-1,14
1,<environment.Job instance at 0x7f7451737730>,16,16,[7 5],17,-1,33,-1,17
1,<environment.Job instance at 0x7f7451737a50>,22,18,[8 1],23,-1,41,-1,23
1,<environment.Job instance at 0x7f7451713500>,24,14,[5 8],25,-1,39,-1,25
1,<environment.Job instance at 0x7f7451713f50>,26,20,[10  4],27,-1,47,-1,27
1,<environment.Job instance at 0x7f7451713cd0>,28,17,[9 2],29,-1,46,-1,29
1,<environment.Job instance at 0x7f7451713e10>,29,14,[7 5],30,-1,44,-1,30
1,<environment.Job instance at 0x7f7451713c30>,32,18,[5 3],33,-1,67,-1,49
1,<environment.Job instance at 0x7f74516f5fa0>,42,17,[5 9],43,-1,69,-1,52
1,<environment.Job instance at 0x7f74517138c0>,34,18,[6 3],35,-1,71,-1,53
1,<environment.Job instance at 0x7f74516f5f00>,44,15,[8 2],45,-1,68,-1,53
1,<environment.Job instance at 0x7f74516f5e10>,43,18,[5 5],44,-1,72,-1,54
1,<environment.Job instance at 0x7f7451713410>,33,27,[1 7],34,-1,82,-1,55
1,<environment.Job instance at 0x7f74516f5af0>,47,18,[5 5],48,-1,73,-1,55
1,<environment.Job instance at 0x7f74516f5780>,45,17,[6 4],46,-1,72,-1,55
1,<environment.Job instance at 0x7f74516f5140>,49,13,[8 4],50,-1,68,-1,55
1,<environment.Job instance at 0x7f7451713370>,30,27,[ 3 13],31,-1,82,-1,55
1,<environment.Job instance at 0x7f74516f5b90>,41,25,[9 1],42,-1,80,-1,55
1,<environment.Job instance at 0x7f7451713190>,35,18,[ 3 12],36,-1,73,-1,55
1,<environment.Job instance at 0x7f74516f5e60>,46,17,[1 6],47,-1,72,-1,55
1,<environment.Job instance at 0x7f74516f5f50>,54,16,[2 5],55,-1,71,-1,55
1,<environment.Job instance at 0x7f74516f47d0>,58,17,[5 3],59,-1,85,-1,68
1,<environment.Job instance at 0x7f74516f5d20>,50,27,[5 4],51,-1,96,-1,69
1,<environment.Job instance at 0x7f745256a7d0>,67,18,[2 6],68,-1,87,-1,69
1,<environment.Job instance at 0x7f7451bdfd20>,0,25,[10  4],1,-1,26,-1,1
1,<environment.Job instance at 0x7f7452a0e4b0>,17,16,[13  1],18,-1,41,-1,25
1,<environment.Job instance at 0x7f74522ce0a0>,21,2,[13  4],22,-1,55,-1,53
1,<environment.Job instance at 0x7f7452a330f0>,30,27,[ 3 13],31,-1,103,-1,76
1,<environment.Job instance at 0x7f7452a366e0>,33,27,[1 7],34,-1,117,-1,90
1,<environment.Job instance at 0x7f7452a36140>,35,18,[ 3 12],36,-1,118,-1,100
1,<environment.Job instance at 0x7f7452e50b40>,0,17,[7 1],1,-1,19,-1,2
1,<environment.Job instance at 0x7f7452e50730>,1,17,[7 4],2,-1,19,-1,2
1,<environment.Job instance at 0x7f7452b79a50>,5,18,[8 2],6,-1,24,-1,6
1,<environment.Job instance at 0x7f7452b79eb0>,7,28,[4 9],8,-1,36,-1,8
1,<environment.Job instance at 0x7f7452b79fa0>,12,13,[9 3],13,-1,28,-1,15
1,<environment.Job instance at 0x7f7452b79a00>,16,15,[10  2],17,-1,36,-1,21
1,<environment.Job instance at 0x7f7452a6c780>,28,16,[10  1],29,-1,45,-1,29
1,<environment.Job instance at 0x7f7452a6c8c0>,29,18,[8 2],30,-1,48,-1,30
1,<environment.Job instance at 0x7f7452a6c320>,30,18,[2 8],31,-1,49,-1,31
1,<environment.Job instance at 0x7f7452a6c1e0>,33,14,[5 7],34,-1,48,-1,34
1,<environment.Job instance at 0x7f7452a6cb90>,35,18,[9 1],36,-1,54,-1,36
1,<environment.Job instance at 0x7f745298aaa0>,40,15,[5 8],41,-1,56,-1,41
1,<environment.Job instance at 0x7f745298abe0>,42,12,[5 5],43,-1,55,-1,43
1,<environment.Job instance at 0x7f745298a820>,44,21,[8 1],45,-1,66,-1,45
1,<environment.Job instance at 0x7f745298a140>,45,13,[2 6],46,-1,59,-1,46
1,<environment.Job instance at 0x7f745298a0a0>,49,25,[ 3 10],50,-1,75,-1,50
1,<environment.Job instance at 0x7f745298a7d0>,50,18,[ 2 11],51,-1,69,-1,51
1,<environment.Job instance at 0x7f7452965690>,54,17,[5 4],55,-1,72,-1,55
1,<environment.Job instance at 0x7f7452965910>,55,15,[9 4],56,-1,71,-1,56
1,<environment.Job instance at 0x7f7452965730>,56,15,[4 7],57,-1,72,-1,57
1,<environment.Job instance at 0x7f7452965230>,57,23,[9 2],58,-1,81,-1,58
1,<environment.Job instance at 0x7f7452965c80>,60,15,[4 8],61,-1,76,-1,61
1,<environment.Job instance at 0x7f7452965640>,63,17,[7 4],64,-1,81,-1,64
1,<environment.Job instance at 0x7f7452965a00>,65,15,[9 1],66,-1,81,-1,66
1,<environment.Job instance at 0x7f745ba72b40>,20,14,[10  4],21,-1,82,-1,68
1,<environment.Job instance at 0x7f7451c5be60>,71,14,[1 5],72,-1,86,-1,72
1,<environment.Job instance at 0x7f7451c5bc30>,72,18,[ 2 10],73,-1,91,-1,73
1,<environment.Job instance at 0x7f7451c5b230>,73,14,[4 9],74,-1,88,-1,74
1,<environment.Job instance at 0x7f7451c5b690>,80,16,[3 7],81,-1,97,-1,81
1,<environment.Job instance at 0x7f7451c5b370>,81,18,[5 5],82,-1,100,-1,82
1,<environment.Job instance at 0x7f7451c5bcd0>,79,18,[14  4],80,-1,101,-1,83
1,<environment.Job instance at 0x7f7452140cd0>,83,24,[4 7],84,-1,108,-1,84
1,<environment.Job instance at 0x7f7452140dc0>,84,16,[4 7],85,-1,101,-1,85
1,<environment.Job instance at 0x7f74521409b0>,88,23,[ 4 10],89,-1,116,-1,93
1,<environment.Job instance at 0x7f7451ef5910>,97,18,[3 9],98,-1,121,-1,103
1,<environment.Job instance at 0x7f7452aa7640>,101,3,[5 5],102,-1,106,-1,103
1,<environment.Job instance at 0x7f7452aa7960>,102,15,[ 1 10],103,-1,118,-1,103
1,<environment.Job instance at 0x7f7452140230>,95,13,[ 3 12],96,-1,116,-1,103
1,<environment.Job instance at 0x7f7452aa7e60>,103,24,[3 5],104,-1,128,-1,104
1,<environment.Job instance at 0x7f7452140550>,92,14,[4 9],93,-1,118,-1,104
1,<environment.Job instance at 0x7f7451bdec80>,99,14,[5 4],100,-1,121,-1,107
1,<environment.Job instance at 0x7f7451544780>,108,17,[10  4],109,-1,126,-1,109
1,<environment.Job instance at 0x7f7451bd77d0>,111,17,[4 7],112,-1,134,-1,117
1,<environment.Job instance at 0x7f7451bbecd0>,106,1,[3 7],107,-1,118,-1,117
1,<environment.Job instance at 0x7f7452125fa0>,113,17,[4 9],114,-1,134,-1,117
1,<environment.Job instance at 0x7f7451bd7a00>,112,15,[2 7],113,-1,132,-1,117
1,<environment.Job instance at 0x7f7451544500>,110,14,[2 8],111,-1,131,-1,117
1,<environment.Job instance at 0x7f74522a5e60>,118,16,[9 2],119,-1,135,-1,119
1,<environment.Job instance at 0x7f7451f63d70>,7,28,[4 9],8,-1,46,-1,18
1,<environment.Job instance at 0x7f7451c87370>,11,18,[13  5],12,-1,37,-1,19
1,<environment.Job instance at 0x7f74522cee10>,15,14,[11  2],16,-1,49,-1,35
1,<environment.Job instance at 0x7f7452c8bc30>,18,1,[14  2],19,-1,38,-1,37
1,<environment.Job instance at 0x7f7452c8b500>,19,1,[ 1 11],20,-1,38,-1,37
1,<environment.Job instance at 0x7f7452ec0a50>,0,26,[4 8],1,-1,27,-1,1
1,<environment.Job instance at 0x7f7452ec0d20>,1,16,[2 7],2,-1,18,-1,2
1,<environment.Job instance at 0x7f7452ec0460>,4,15,[3 8],5,-1,20,-1,5
1,<environment.Job instance at 0x7f74520a2230>,10,18,[8 5],11,-1,30,-1,12
1,<environment.Job instance at 0x7f74520a2eb0>,12,18,[4 5],13,-1,31,-1,13
1,<environment.Job instance at 0x7f74520a25a0>,13,18,[8 1],14,-1,32,-1,14
1,<environment.Job instance at 0x7f74520a2460>,14,13,[4 6],15,-1,28,-1,15
1,<environment.Job instance at 0x7f74520a22d0>,16,13,[5 6],17,-1,30,-1,17
1,<environment.Job instance at 0x7f745178fd20>,18,17,[10  4],19,-1,36,-1,19
1,<environment.Job instance at 0x7f745178fc30>,19,15,[5 9],20,-1,35,-1,20
1,<environment.Job instance at 0x7f745178fbe0>,22,16,[3 5],23,-1,39,-1,23
1,<environment.Job instance at 0x7f745178f230>,25,22,[1 9],26,-1,49,-1,27
1,<environment.Job instance at 0x7f745178fe60>,29,18,[ 3 12],30,-1,48,-1,30
1,<environment.Job instance at 0x7f745178f3c0>,30,18,[7 3],31,-1,49,-1,31
1,<environment.Job instance at 0x7f745178fb90>,26,14,[6 1],27,-1,47,-1,33
1,<environment.Job instance at 0x7f7451bd0500>,33,17,[10  3],34,-1,54,-1,37
1,<environment.Job instance at 0x7f7451bd0be0>,38,17,[3 8],39,-1,56,-1,39
1,<environment.Job instance at 0x7f7451bd0640>,39,15,[ 5 10],40,-1,55,-1,40
1,<environment.Job instance at 0x7f7451bd0230>,40,19,[5 4],41,-1,60,-1,41
1,<environment.Job instance at 0x7f7451bd0d20>,41,17,[ 2 10],42,-1,59,-1,42
1,<environment.Job instance at 0x7f7452db1f00>,43,18,[9 2],44,-1,62,-1,44
1,<environment.Job instance at 0x7f7452db1dc0>,44,24,[5 9],45,-1,69,-1,45
1,<environment.Job instance at 0x7f7452db1f50>,45,16,[10  3],46,-1,62,-1,46
1,<environment.Job instance at 0x7f7452db15f0>,47,26,[8 5],48,-1,74,-1,48
1,<environment.Job instance at 0x7f7452db1050>,49,15,[6 5],50,-1,65,-1,50
1,<environment.Job instance at 0x7f7452db1eb0>,50,17,[10  1],51,-1,70,-1,53
1,<environment.Job instance at 0x7f74523ff320>,53,26,[7 5],54,-1,80,-1,54
1,<environment.Job instance at 0x7f7452db1cd0>,52,13,[9 1],53,-1,67,-1,54
1,<environment.Job instance at 0x7f74523ff550>,54,16,[3 9],55,-1,71,-1,55
1,<environment.Job instance at 0x7f74523ff050>,56,20,[3 6],57,-1,77,-1,57
1,<environment.Job instance at 0x7f74523ff8c0>,57,18,[ 3 10],58,-1,76,-1,58
1,<environment.Job instance at 0x7f74523ffe60>,58,16,[3 5],59,-1,75,-1,59
1,<environment.Job instance at 0x7f74523ff3c0>,59,16,[8 5],60,-1,76,-1,60
1,<environment.Job instance at 0x7f74523ffcd0>,62,18,[4 7],63,-1,81,-1,63
1,<environment.Job instance at 0x7f74523ff230>,65,17,[9 3],66,-1,83,-1,66
1,<environment.Job instance at 0x7f7452918960>,84,17,[5 9],85,-1,102,-1,85
1,<environment.Job instance at 0x7f7452918fa0>,85,17,[5 9],86,-1,103,-1,86
1,<environment.Job instance at 0x7f74529182d0>,86,23,[10  4],87,-1,111,-1,88
1,<environment.Job instance at 0x7f7452918e10>,88,17,[4 9],89,-1,106,-1,89
1,<environment.Job instance at 0x7f7452918a00>,89,18,[9 5],90,-1,108,-1,90
1,<environment.Job instance at 0x7f7452918d70>,91,17,[8 2],92,-1,109,-1,92
1,<environment.Job instance at 0x7f7452918f50>,92,18,[10  5],93,-1,111,-1,93
1,<environment.Job instance at 0x7f74522eed20>,95,16,[3 8],96,-1,112,-1,96
1,<environment.Job instance at 0x7f7451c929b0>,96,14,[4 7],97,-1,111,-1,97
1,<environment.Job instance at 0x7f7451c92e10>,97,18,[5 4],98,-1,116,-1,98
1,<environment.Job instance at 0x7f7451c92fa0>,99,12,[5 9],100,-1,112,-1,100
1,<environment.Job instance at 0x7f7451c92460>,100,12,[2 9],101,-1,113,-1,101
1,<environment.Job instance at 0x7f7451c92870>,101,17,[7 2],102,-1,119,-1,102
1,<environment.Job instance at 0x7f7452b8da50>,103,16,[3 9],104,-1,120,-1,104
1,<environment.Job instance at 0x7f7452b8d1e0>,104,13,[10  1],105,-1,118,-1,105
1,<environment.Job instance at 0x7f7452b8df50>,105,13,[ 3 10],106,-1,119,-1,106
1,<environment.Job instance at 0x7f74529b9550>,106,14,[1 5],107,-1,121,-1,107
1,<environment.Job instance at 0x7f7452a35dc0>,109,25,[8 3],110,-1,135,-1,110
1,<environment.Job instance at 0x7f74522ff460>,111,17,[3 7],112,-1,129,-1,112
1,<environment.Job instance at 0x7f74527dba00>,113,18,[2 6],114,-1,132,-1,114
1,<environment.Job instance at 0x7f7451bc2a50>,114,18,[8 2],115,-1,133,-1,115
1,<environment.Job instance at 0x7f7452a275a0>,116,17,[1 6],117,-1,134,-1,117
1,<environment.Job instance at 0x7f74515589b0>,118,17,[3 5],119,-1,136,-1,119
1,<environment.Job instance at 0x7f74522a5730>,0,26,[4 8],1,-1,27,-1,1
1,<environment.Job instance at 0x7f7452a436e0>,15,15,[12  1],16,-1,52,-1,37
1,<environment.Job instance at 0x7f7451bdf820>,23,1,[ 3 13],24,-1,74,-1,73
1,<environment.Job instance at 0x7f7452b053c0>,29,18,[ 3 12],30,-1,104,-1,86
1,<environment.Job instance at 0x7f7452a33550>,35,1,[ 5 13],36,-1,104,-1,103
1,<environment.Job instance at 0x7f7452a53c30>,1,15,[10  5],2,-1,17,-1,2
1,<environment.Job instance at 0x7f7452a53be0>,2,18,[10  1],3,-1,24,-1,6
1,<environment.Job instance at 0x7f74516bb140>,11,18,[7 1],12,-1,30,-1,12
1,<environment.Job instance at 0x7f74516bb050>,13,18,[ 3 10],14,-1,32,-1,14
1,<environment.Job instance at 0x7f7452a53960>,5,12,[5 9],6,-1,28,-1,16
1,<environment.Job instance at 0x7f745b4d39b0>,21,15,[9 5],22,-1,38,-1,23
1,<environment.Job instance at 0x7f745b4d3be0>,28,28,[8 3],29,-1,57,-1,29
1,<environment.Job instance at 0x7f745b4d3870>,22,14,[ 1 10],23,-1,46,-1,32
1,<environment.Job instance at 0x7f745b9a26e0>,33,17,[ 2 10],34,-1,51,-1,34
1,<environment.Job instance at 0x7f745b9a2b90>,34,12,[4 9],35,-1,47,-1,35
1,<environment.Job instance at 0x7f745b9a2dc0>,32,16,[10  1],33,-1,55,-1,39
1,<environment.Job instance at 0x7f745b9a2af0>,31,17,[5 6],32,-1,56,-1,39
1,<environment.Job instance at 0x7f7451768140>,39,18,[3 8],40,-1,58,-1,40
1,<environment.Job instance at 0x7f745b4d30f0>,26,21,[3 7],27,-1,61,-1,40
1,<environment.Job instance at 0x7f7451768820>,38,15,[10  2],39,-1,56,-1,41
1,<environment.Job instance at 0x7f7451768c80>,41,18,[4 6],42,-1,67,-1,49
1,<environment.Job instance at 0x7f7451768fa0>,43,17,[6 1],44,-1,66,-1,49
1,<environment.Job instance at 0x7f745b458f00>,45,12,[1 9],46,-1,61,-1,49
1,<environment.Job instance at 0x7f745b4d3500>,27,15,[ 3 10],28,-1,64,-1,49
1,<environment.Job instance at 0x7f745b458820>,46,13,[8 3],47,-1,62,-1,49
1,<environment.Job instance at 0x7f745b458dc0>,48,15,[8 2],49,-1,65,-1,50
1,<environment.Job instance at 0x7f7451718820>,52,27,[9 1],53,-1,81,-1,54
1,<environment.Job instance at 0x7f74517181e0>,54,16,[1 8],55,-1,73,-1,57
1,<environment.Job instance at 0x7f7451718730>,59,20,[2 8],60,-1,81,-1,61
1,<environment.Job instance at 0x7f74526c6690>,60,15,[12  3],61,-1,76,-1,61
1,<environment.Job instance at 0x7f74526c6230>,61,19,[5 5],62,-1,85,-1,66
1,<environment.Job instance at 0x7f7451718500>,56,21,[12  2],57,-1,87,-1,66
1,<environment.Job instance at 0x7f74526c6870>,64,13,[10  5],65,-1,80,-1,67
1,<environment.Job instance at 0x7f74517189b0>,58,14,[ 1 14],59,-1,81,-1,67
1,<environment.Job instance at 0x7f74526c6a50>,63,18,[8 1],64,-1,86,-1,68
1,<environment.Job instance at 0x7f7452b03fa0>,70,18,[5 7],71,-1,104,-1,86
1,<environment.Job instance at 0x7f7451dab0f0>,71,23,[5 9],72,-1,109,-1,86
1,<environment.Job instance at 0x7f7451768c30>,42,15,[1 7],43,-1,101,-1,86
1,<environment.Job instance at 0x7f7451ad9960>,74,15,[6 4],75,-1,101,-1,86
1,<environment.Job instance at 0x7f74526c6fa0>,65,12,[10  3],66,-1,101,-1,89
1,<environment.Job instance at 0x7f74519090f0>,81,26,[7 2],82,-1,115,-1,89
1,<environment.Job instance at 0x7f745ba6bbe0>,83,16,[ 3 10],84,-1,105,-1,89
1,<environment.Job instance at 0x7f74515daeb0>,84,14,[10  5],85,-1,103,-1,89
1,<environment.Job instance at 0x7f7451d86c80>,88,19,[ 5 11],89,-1,122,-1,103
1,<environment.Job instance at 0x7f74529b7410>,86,12,[11  2],87,-1,115,-1,103
1,<environment.Job instance at 0x7f7451ad9640>,75,15,[ 4 12],76,-1,119,-1,104
1,<environment.Job instance at 0x7f74518fd1e0>,92,13,[5 2],93,-1,119,-1,106
1,<environment.Job instance at 0x7f7451907d20>,93,12,[9 4],94,-1,118,-1,106
1,<environment.Job instance at 0x7f7451bb3d70>,91,17,[10  3],92,-1,123,-1,106
1,<environment.Job instance at 0x7f7451905d70>,99,19,[9 1],100,-1,125,-1,106
1,<environment.Job instance at 0x7f74517076e0>,104,23,[8 3],105,-1,129,-1,106
1,<environment.Job instance at 0x7f74521580a0>,106,17,[2 7],107,-1,125,-1,108
1,<environment.Job instance at 0x7f7451764eb0>,113,27,[9 4],114,-1,141,-1,114
1,<environment.Job instance at 0x7f74529c2190>,23,2,[12  1],24,-1,51,-1,49
1,<environment.Job instance at 0x7f74529c2910>,24,1,[ 5 14],25,-1,50,-1,49
1,<environment.Job instance at 0x7f74529a3460>,28,28,[8 3],29,-1,91,-1,63
1,<environment.Job instance at 0x7f7451d8df00>,36,13,[ 5 11],37,-1,109,-1,96
1,<environment.Job instance at 0x7f74519a4e60>,37,2,[13  1],38,-1,98,-1,96
1,<environment.Job instance at 0x7f745200d8c0>,2,17,[5 9],3,-1,21,-1,4
1,<environment.Job instance at 0x7f7452023e10>,3,18,[6 1],4,-1,22,-1,4
1,<environment.Job instance at 0x7f74517aba00>,7,17,[3 7],8,-1,26,-1,9
1,<environment.Job instance at 0x7f745200d870>,8,16,[8 5],9,-1,25,-1,9
1,<environment.Job instance at 0x7f74517ab820>,15,22,[9 4],16,-1,38,-1,16
1,<environment.Job instance at 0x7f74517ab050>,19,27,[5 8],20,-1,47,-1,20
1,<environment.Job instance at 0x7f7451ff1460>,20,13,[5 8],21,-1,34,-1,21
1,<environment.Job instance at 0x7f7451ff1730>,21,12,[10  5],22,-1,35,-1,23
1,<environment.Job instance at 0x7f7451ff10a0>,23,16,[5 8],24,-1,40,-1,24
1,<environment.Job instance at 0x7f7451ff18c0>,24,2,[7 4],25,-1,27,-1,25
1,<environment.Job instance at 0x7f7451ff1910>,25,12,[3 5],26,-1,38,-1,26
1,<environment.Job instance at 0x7f7451ff15a0>,26,22,[3 8],27,-1,49,-1,27
1,<environment.Job instance at 0x7f7451ff1be0>,27,14,[6 2],28,-1,42,-1,28
1,<environment.Job instance at 0x7f74517abbe0>,22,15,[ 5 10],23,-1,48,-1,33
1,<environment.Job instance at 0x7f74526daeb0>,38,17,[3 7],39,-1,57,-1,40
1,<environment.Job instance at 0x7f74526dabe0>,40,18,[9 4],41,-1,59,-1,41
1,<environment.Job instance at 0x7f74526da7d0>,43,14,[ 1 10],44,-1,58,-1,44
1,<environment.Job instance at 0x7f74526da320>,46,13,[2 9],47,-1,60,-1,47
1,<environment.Job instance at 0x7f745213fbe0>,0,12,[ 4 12],1,-1,13,-1,1
1,<environment.Job instance at 0x7f7451a52050>,19,27,[5 8],20,-1,81,-1,54
1,<environment.Job instance at 0x7f7452afd910>,35,15,[13  3],36,-1,101,-1,86
1,<environment.Job instance at 0x7f745208d370>,42,1,[14  1],43,-1,105,-1,104
1,<environment.Job instance at 0x7f745208d780>,44,17,[14  4],45,-1,135,-1,118
1,<environment.Job instance at 0x7f7451794cd0>,6,14,[9 1],7,-1,31,-1,17
1,<environment.Job instance at 0x7f7452f16190>,19,18,[ 1 10],20,-1,39,-1,21
1,<environment.Job instance at 0x7f7452f169b0>,13,18,[8 3],14,-1,43,-1,25
1,<environment.Job instance at 0x7f7452f16f00>,22,15,[4 5],23,-1,40,-1,25
1,<environment.Job instance at 0x7f7452f16870>,25,18,[4 5],26,-1,44,-1,26
1,<environment.Job instance at 0x7f74524a46e0>,27,17,[8 3],28,-1,46,-1,29
1,<environment.Job instance at 0x7f74524a4230>,30,17,[8 5],31,-1,48,-1,31
1,<environment.Job instance at 0x7f7452252460>,41,18,[5 5],42,-1,60,-1,42
1,<environment.Job instance at 0x7f74522527d0>,42,15,[ 1 10],43,-1,60,-1,45
1,<environment.Job instance at 0x7f7452252870>,45,18,[10  4],46,-1,64,-1,46
1,<environment.Job instance at 0x7f74524a4f50>,32,21,[9 5],33,-1,68,-1,47
1,<environment.Job instance at 0x7f74522521e0>,46,17,[3 5],47,-1,64,-1,47
1,<environment.Job instance at 0x7f7452252320>,47,15,[5 9],48,-1,64,-1,49
1,<environment.Job instance at 0x7f7452252fa0>,50,15,[10  5],51,-1,69,-1,54
1,<environment.Job instance at 0x7f7452252230>,51,17,[8 2],52,-1,71,-1,54
1,<environment.Job instance at 0x7f74529f2960>,54,18,[8 4],55,-1,74,-1,56
1,<environment.Job instance at 0x7f74529f2050>,57,17,[2 7],58,-1,80,-1,63
1,<environment.Job instance at 0x7f7452252500>,48,28,[ 2 11],49,-1,98,-1,70
1,<environment.Job instance at 0x7f74529f2550>,64,18,[3 9],65,-1,99,-1,81
1,<environment.Job instance at 0x7f7452341d20>,71,17,[10  2],72,-1,122,-1,105
1,<environment.Job instance at 0x7f7452341280>,75,13,[ 5 10],76,-1,118,-1,105
1,<environment.Job instance at 0x7f7452f16cd0>,15,25,[6 2],16,-1,134,-1,109
1,<environment.Job instance at 0x7f7452341fa0>,77,18,[7 5],78,-1,127,-1,109
1,<environment.Job instance at 0x7f74523417d0>,79,16,[6 3],80,-1,126,-1,110
1,<environment.Job instance at 0x7f74523413c0>,80,17,[11  3],81,-1,127,-1,110
1,<environment.Job instance at 0x7f7452341550>,81,17,[5 3],82,-1,127,-1,110
1,<environment.Job instance at 0x7f7452341b90>,82,16,[6 5],83,-1,127,-1,111
1,<environment.Job instance at 0x7f74529f2640>,63,15,[ 5 12],64,-1,130,-1,115
1,<environment.Job instance at 0x7f7452341a50>,78,12,[1 8],79,-1,127,-1,115
1,<environment.Job instance at 0x7f7451bbee60>,91,16,[3 9],92,-1,134,-1,118
1,<environment.Job instance at 0x7f745b4659b0>,0,24,[ 4 14],1,-1,25,-1,1
1,<environment.Job instance at 0x7f745227f2d0>,4,14,[ 1 11],5,-1,19,-1,5
1,<environment.Job instance at 0x7f745227f5f0>,5,24,[7 4],6,-1,40,-1,16
1,<environment.Job instance at 0x7f7451a3feb0>,15,25,[6 2],16,-1,56,-1,31
1,<environment.Job instance at 0x7f7451cba370>,16,2,[ 1 13],17,-1,33,-1,31
1,<environment.Job instance at 0x7f7452b81140>,26,26,[10  2],27,-1,78,-1,52
1,<environment.Job instance at 0x7f7451e72eb0>,34,1,[12  5],35,-1,82,-1,81
1,<environment.Job instance at 0x7f745b433780>,35,1,[ 2 14],36,-1,82,-1,81
1,<environment.Job instance at 0x7f7451799aa0>,37,2,[14  3],38,-1,87,-1,85
1,<environment.Job instance at 0x7f74529e4820>,2,18,[6 5],3,-1,21,-1,3
1,<environment.Job instance at 0x7f74529e4a00>,6,22,[3 7],7,-1,30,-1,8
1,<environment.Job instance at 0x7f74529e40a0>,9,14,[3 7],10,-1,24,-1,10
1,<environment.Job instance at 0x7f74529e7050>,10,17,[9 5],11,-1,28,-1,11
1,<environment.Job instance at 0x7f74529e7140>,11,14,[9 4],12,-1,26,-1,12
1,<environment.Job instance at 0x7f74529e72d0>,13,12,[2 8],14,-1,26,-1,14
1,<environment.Job instance at 0x7f74529e7550>,14,18,[6 5],15,-1,33,-1,15
1,<environment.Job instance at 0x7f7452a0c370>,7,21,[5 3],8,-1,36,-1,15
1,<environment.Job instance at 0x7f7452717500>,18,18,[1 8],19,-1,38,-1,20
1,<environment.Job instance at 0x7f74529e7190>,19,21,[10  5],20,-1,41,-1,20
1,<environment.Job instance at 0x7f745169f280>,25,16,[ 4 14],26,-1,45,-1,29
1,<environment.Job instance at 0x7f7452dafd70>,30,12,[4 8],31,-1,44,-1,32
1,<environment.Job instance at 0x7f7452d54d20>,32,20,[1 9],33,-1,54,-1,34
1,<environment.Job instance at 0x7f7452eaf4b0>,36,18,[3 6],37,-1,56,-1,38
1,<environment.Job instance at 0x7f74527089b0>,44,18,[2 9],45,-1,63,-1,45
1,<environment.Job instance at 0x7f7452eafc30>,37,26,[ 2 12],38,-1,72,-1,46
1,<environment.Job instance at 0x7f74527081e0>,45,26,[5 5],46,-1,73,-1,47
1,<environment.Job instance at 0x7f7452708370>,47,15,[8 4],48,-1,63,-1,48
1,<environment.Job instance at 0x7f7452708140>,48,22,[10  5],49,-1,71,-1,49
1,<environment.Job instance at 0x7f7452b8a050>,33,18,[3 7],34,-1,69,-1,51
1,<environment.Job instance at 0x7f7452a020f0>,50,17,[2 7],51,-1,71,-1,54
1,<environment.Job instance at 0x7f7452a02a00>,54,25,[9 4],55,-1,80,-1,55
1,<environment.Job instance at 0x7f7452a02fa0>,53,12,[10  3],54,-1,77,-1,65
1,<environment.Job instance at 0x7f7452057af0>,65,22,[6 4],66,-1,90,-1,68
1,<environment.Job instance at 0x7f74520590a0>,67,15,[5 4],68,-1,83,-1,68
1,<environment.Job instance at 0x7f7452e70820>,64,17,[6 3],65,-1,89,-1,72
1,<environment.Job instance at 0x7f745176d6e0>,70,26,[10  1],71,-1,98,-1,72
1,<environment.Job instance at 0x7f7452d3a4b0>,60,25,[9 5],61,-1,97,-1,72
1,<environment.Job instance at 0x7f74529fb410>,27,16,[2 6],28,-1,88,-1,72
1,<environment.Job instance at 0x7f7452a78640>,66,15,[7 3],67,-1,87,-1,72
1,<environment.Job instance at 0x7f7452907460>,72,22,[2 7],73,-1,95,-1,73
1,<environment.Job instance at 0x7f7452d410a0>,69,14,[ 1 10],70,-1,89,-1,75
1,<environment.Job instance at 0x7f74529075f0>,75,16,[10  3],76,-1,92,-1,76
1,<environment.Job instance at 0x7f7452907550>,76,18,[8 3],77,-1,95,-1,77
1,<environment.Job instance at 0x7f7452907fa0>,71,16,[ 2 10],72,-1,96,-1,80
1,<environment.Job instance at 0x7f7452907a00>,79,17,[1 9],80,-1,97,-1,80
1,<environment.Job instance at 0x7f7452907be0>,80,15,[9 4],81,-1,96,-1,81
1,<environment.Job instance at 0x7f7452030910>,81,14,[8 1],82,-1,96,-1,82
1,<environment.Job instance at 0x7f7452030a00>,82,17,[9 5],83,-1,100,-1,83
1,<environment.Job instance at 0x7f7452030780>,84,18,[6 4],85,-1,103,-1,85
1,<environment.Job instance at 0x7f7452031cd0>,86,16,[6 4],87,-1,104,-1,88
1,<environment.Job instance at 0x7f7452031870>,93,18,[10  5],94,-1,113,-1,95
1,<environment.Job instance at 0x7f745202be60>,95,12,[9 4],96,-1,120,-1,108
1,<environment.Job instance at 0x7f7452031d70>,87,25,[6 4],88,-1,133,-1,108
1,<environment.Job instance at 0x7f7451db3e10>,3,1,[13  4],4,-1,5,-1,4
1,<environment.Job instance at 0x7f745274cdc0>,4,17,[12  2],5,-1,22,-1,5
1,<environment.Job instance at 0x7f74523c0140>,16,28,[7 3],17,-1,65,-1,37
1,<environment.Job instance at 0x7f74522c4820>,25,16,[ 4 14],26,-1,71,-1,55
1,<environment.Job instance at 0x7f7451d17e60>,37,26,[ 2 12],38,-1,128,-1,102
1,<environment.Job instance at 0x7f7451d10460>,39,1,[ 3 12],40,-1,103,-1,102
1,<environment.Job instance at 0x7f7452758dc0>,42,3,[11  1],43,-1,109,-1,106
1,<environment.Job instance at 0x7f7451f775f0>,0,22,[ 3 10],1,-1,23,-1,1
1,<environment.Job instance at 0x7f74523ba050>,7,15,[6 1],8,-1,23,-1,8
1,<environment.Job instance at 0x7f74523ba910>,11,16,[5 4],12,-1,28,-1,12
1,<environment.Job instance at 0x7f74523ba3c0>,12,18,[2 9],13,-1,31,-1,13
1,<environment.Job instance at 0x7f74523ba410>,13,14,[3 7],14,-1,28,-1,14
1,<environment.Job instance at 0x7f745274e690>,18,1,[1 5],19,-1,20,-1,19
1,<environment.Job instance at 0x7f745274e730>,19,13,[3 8],20,-1,33,-1,20
1,<environment.Job instance at 0x7f7452775cd0>,23,18,[5 5],24,-1,42,-1,24
1,<environment.Job instance at 0x7f7452775050>,24,16,[10  2],25,-1,42,-1,26
1,<environment.Job instance at 0x7f7452775640>,26,16,[5 6],27,-1,43,-1,27
1,<environment.Job instance at 0x7f7451cd4d70>,33,12,[9 5],34,-1,46,-1,34
1,<environment.Job instance at 0x7f7451cd4f00>,34,18,[ 3 10],35,-1,53,-1,35
1,<environment.Job instance at 0x7f7451cd4c30>,35,14,[5 8],36,-1,50,-1,36
1,<environment.Job instance at 0x7f7451cd4e60>,36,14,[5 5],37,-1,51,-1,37
1,<environment.Job instance at 0x7f7451cd4640>,37,17,[3 7],38,-1,55,-1,38
1,<environment.Job instance at 0x7f7451cd4230>,38,16,[7 5],39,-1,55,-1,39
1,<environment.Job instance at 0x7f7451cd4b90>,39,20,[5 5],40,-1,60,-1,40
1,<environment.Job instance at 0x7f7451cd43c0>,45,15,[1 9],46,-1,61,-1,46
1,<environment.Job instance at 0x7f7451da52d0>,46,18,[1 8],47,-1,65,-1,47
1,<environment.Job instance at 0x7f7451da5460>,51,14,[10  5],52,-1,66,-1,52
1,<environment.Job instance at 0x7f7452692eb0>,57,28,[8 2],58,-1,86,-1,58
1,<environment.Job instance at 0x7f7452692410>,58,15,[8 5],59,-1,74,-1,59
1,<environment.Job instance at 0x7f7452692c80>,62,16,[5 6],63,-1,83,-1,67
1,<environment.Job instance at 0x7f7452775f50>,25,13,[4 8],26,-1,80,-1,67
1,<environment.Job instance at 0x7f7452692a50>,60,17,[14  5],61,-1,92,-1,75
1,<environment.Job instance at 0x7f74522c4f00>,70,22,[9 5],71,-1,97,-1,75
1,<environment.Job instance at 0x7f74522c44b0>,72,27,[8 4],73,-1,102,-1,75
1,<environment.Job instance at 0x7f74522c4690>,66,15,[3 6],67,-1,90,-1,75
1,<environment.Job instance at 0x7f74522d6be0>,76,14,[8 5],77,-1,91,-1,77
1,<environment.Job instance at 0x7f74526921e0>,56,13,[13  5],57,-1,91,-1,78
1,<environment.Job instance at 0x7f74522d65a0>,77,17,[1 5],78,-1,96,-1,79
1,<environment.Job instance at 0x7f74522d63c0>,78,18,[8 4],79,-1,97,-1,79
1,<environment.Job instance at 0x7f74522d6eb0>,79,18,[2 5],80,-1,102,-1,84
1,<environment.Job instance at 0x7f74522d6370>,83,25,[ 4 10],84,-1,114,-1,89
1,<environment.Job instance at 0x7f7451d22f00>,92,17,[4 5],93,-1,110,-1,93
1,<environment.Job instance at 0x7f7451d22f50>,93,19,[8 5],94,-1,119,-1,100
1,<environment.Job instance at 0x7f7452ec8960>,100,16,[6 4],101,-1,117,-1,101
1,<environment.Job instance at 0x7f7452ec8460>,99,22,[3 7],100,-1,126,-1,104
1,<environment.Job instance at 0x7f74522c4e10>,71,17,[6 1],72,-1,126,-1,109
1,<environment.Job instance at 0x7f7451d33f00>,106,20,[5 3],107,-1,129,-1,109
1,<environment.Job instance at 0x7f74528bcdc0>,105,16,[5 5],106,-1,125,-1,109
1,<environment.Job instance at 0x7f7452d24a50>,110,21,[5 4],111,-1,134,-1,113
1,<environment.Job instance at 0x7f74522d6550>,85,17,[11  2],86,-1,135,-1,118
1,<environment.Job instance at 0x7f7452d1d230>,114,17,[11  1],115,-1,135,-1,118
1,<environment.Job instance at 0x7f7452d43550>,117,1,[9 3],118,-1,119,-1,118
1,<environment.Job instance at 0x7f745155e910>,17,3,[ 5 11],18,-1,45,-1,42
1,<environment.Job instance at 0x7f74523ba5a0>,21,18,[ 3 14],22,-1,67,-1,49
1,<environment.Job instance at 0x7f7452d3a410>,28,13,[14  3],29,-1,92,-1,79
1,<environment.Job instance at 0x7f7452a63960>,0,17,[10  5],1,-1,19,-1,2
1,<environment.Job instance at 0x7f7452d86b90>,3,14,[8 3],4,-1,19,-1,5
1,<environment.Job instance at 0x7f7452d86320>,5,17,[9 4],6,-1,23,-1,6
1,<environment.Job instance at 0x7f7451a1db40>,4,13,[10  2],5,-1,19,-1,6
1,<environment.Job instance at 0x7f7452d86870>,6,16,[10  4],7,-1,25,-1,9
1,<environment.Job instance at 0x7f7452d86960>,8,14,[10  3],9,-1,24,-1,10
1,<environment.Job instance at 0x7f7452d86640>,12,18,[3 6],13,-1,31,-1,13
1,<environment.Job instance at 0x7f7452d86e60>,13,16,[5 8],14,-1,30,-1,14
1,<environment.Job instance at 0x7f7452d86280>,18,18,[2 8],19,-1,37,-1,19
1,<environment.Job instance at 0x7f7451e040a0>,20,15,[5 9],21,-1,36,-1,21
1,<environment.Job instance at 0x7f7451e04320>,21,18,[8 4],22,-1,40,-1,22
1,<environment.Job instance at 0x7f7451e04280>,22,17,[5 3],23,-1,41,-1,24
1,<environment.Job instance at 0x7f7451e04370>,23,18,[4 6],24,-1,42,-1,24
1,<environment.Job instance at 0x7f7451e04aa0>,30,16,[7 5],31,-1,47,-1,31
1,<environment.Job instance at 0x7f7451dea0f0>,35,28,[5 5],36,-1,64,-1,36
1,<environment.Job instance at 0x7f7451dea1e0>,36,15,[6 4],37,-1,52,-1,37
1,<environment.Job instance at 0x7f7451dea370>,38,14,[3 7],39,-1,53,-1,39
1,<environment.Job instance at 0x7f7451dea500>,39,18,[1 5],40,-1,58,-1,40
1,<environment.Job instance at 0x7f7451dea5f0>,41,21,[4 8],42,-1,64,-1,43
1,<environment.Job instance at 0x7f7451dea730>,43,16,[10  5],44,-1,60,-1,44
1,<environment.Job instance at 0x7f7451dea550>,42,14,[1 7],43,-1,65,-1,51
1,<environment.Job instance at 0x7f7451e1b280>,53,13,[10  4],54,-1,67,-1,54
1,<environment.Job instance at 0x7f7451e1b7d0>,57,12,[8 1],58,-1,71,-1,59
1,<environment.Job instance at 0x7f7451e1b8c0>,58,22,[4 8],59,-1,81,-1,59
1,<environment.Job instance at 0x7f7452a116e0>,69,12,[7 5],70,-1,94,-1,82
1,<environment.Job instance at 0x7f74516bea50>,75,15,[10  3],76,-1,100,-1,85
1,<environment.Job instance at 0x7f74521ffb90>,78,18,[2 9],79,-1,104,-1,86
1,<environment.Job instance at 0x7f745191d2d0>,71,15,[4 5],72,-1,101,-1,86
1,<environment.Job instance at 0x7f74521ff140>,79,17,[6 4],80,-1,104,-1,87
1,<environment.Job instance at 0x7f74516c6f50>,81,16,[ 4 10],82,-1,103,-1,87
1,<environment.Job instance at 0x7f7451e1b780>,59,16,[ 4 11],60,-1,103,-1,87
1,<environment.Job instance at 0x7f74516e23c0>,77,17,[ 4 14],78,-1,104,-1,87
1,<environment.Job instance at 0x7f7451e1ba50>,61,15,[ 5 14],62,-1,103,-1,88
1,<environment.Job instance at 0x7f74521fd780>,76,12,[3 9],77,-1,101,-1,89
1,<environment.Job instance at 0x7f74518e9d70>,87,13,[5 5],88,-1,102,-1,89
1,<environment.Job instance at 0x7f745221ca50>,88,17,[ 1 10],89,-1,107,-1,90
1,<environment.Job instance at 0x7f7452200050>,80,14,[3 9],81,-1,105,-1,91
1,<environment.Job instance at 0x7f745190dd70>,86,16,[7 1],87,-1,107,-1,91
1,<environment.Job instance at 0x7f745221c910>,89,15,[7 2],90,-1,109,-1,94
1,<environment.Job instance at 0x7f745190a140>,95,16,[5 2],96,-1,117,-1,101
1,<environment.Job instance at 0x7f7452212b90>,101,16,[6 5],102,-1,118,-1,102
1,<environment.Job instance at 0x7f7452212500>,100,14,[3 8],101,-1,120,-1,106
1,<environment.Job instance at 0x7f7452212eb0>,104,17,[4 9],105,-1,124,-1,107
1,<environment.Job instance at 0x7f74522025f0>,109,18,[9 4],110,-1,129,-1,111
1,<environment.Job instance at 0x7f745202ec30>,7,3,[ 5 11],8,-1,21,-1,18
1,<environment.Job instance at 0x7f74528a81e0>,24,12,[13  3],25,-1,108,-1,96
1,<environment.Job instance at 0x7f7452c0b9b0>,3,17,[9 1],4,-1,22,-1,5
1,<environment.Job instance at 0x7f7451b035a0>,4,13,[10  1],5,-1,18,-1,5
1,<environment.Job instance at 0x7f7452c0b500>,7,18,[7 5],8,-1,26,-1,8
1,<environment.Job instance at 0x7f7452c0ba50>,9,18,[ 3 10],10,-1,28,-1,10
1,<environment.Job instance at 0x7f7452c0b0f0>,11,18,[5 9],12,-1,30,-1,12
1,<environment.Job instance at 0x7f7452c0b820>,12,14,[9 2],13,-1,28,-1,14
1,<environment.Job instance at 0x7f7452c0b460>,13,17,[8 4],14,-1,31,-1,14
1,<environment.Job instance at 0x7f7452c0bfa0>,15,18,[9 4],16,-1,34,-1,16
1,<environment.Job instance at 0x7f7452c0b910>,16,25,[6 2],17,-1,42,-1,17
1,<environment.Job instance at 0x7f7452c0bf00>,17,17,[8 2],18,-1,37,-1,20
1,<environment.Job instance at 0x7f7452c0b960>,19,17,[7 1],20,-1,37,-1,20
1,<environment.Job instance at 0x7f7452d3bf50>,23,15,[3 8],24,-1,39,-1,24
1,<environment.Job instance at 0x7f7452d3b320>,25,18,[3 6],26,-1,44,-1,26
1,<environment.Job instance at 0x7f7452d3b0a0>,26,12,[10  1],27,-1,41,-1,29
1,<environment.Job instance at 0x7f7452d3b820>,29,16,[10  3],30,-1,48,-1,32
1,<environment.Job instance at 0x7f7452d3b780>,31,20,[5 3],32,-1,52,-1,32
1,<environment.Job instance at 0x7f7452d3bd20>,32,24,[8 2],33,-1,57,-1,33
1,<environment.Job instance at 0x7f7452d3be60>,34,15,[4 9],35,-1,50,-1,35
1,<environment.Job instance at 0x7f74520a5a00>,46,12,[7 2],47,-1,59,-1,47
1,<environment.Job instance at 0x7f74520a5370>,47,12,[7 5],48,-1,60,-1,48
1,<environment.Job instance at 0x7f74520a59b0>,49,25,[1 7],50,-1,75,-1,50
1,<environment.Job instance at 0x7f7452872e60>,51,16,[5 9],52,-1,68,-1,52
1,<environment.Job instance at 0x7f7452872960>,52,17,[7 4],53,-1,70,-1,53
1,<environment.Job instance at 0x7f7452872320>,54,12,[4 7],55,-1,67,-1,55
1,<environment.Job instance at 0x7f7452872af0>,55,13,[1 5],56,-1,69,-1,56
1,<environment.Job instance at 0x7f7452872730>,56,17,[10  4],57,-1,74,-1,57
1,<environment.Job instance at 0x7f74528729b0>,57,14,[7 2],58,-1,72,-1,58
1,<environment.Job instance at 0x7f7452872fa0>,58,14,[ 5 11],59,-1,73,-1,59
1,<environment.Job instance at 0x7f74528723c0>,59,17,[1 7],60,-1,77,-1,60
1,<environment.Job instance at 0x7f7452872c80>,60,14,[2 6],61,-1,75,-1,61
1,<environment.Job instance at 0x7f7452872d70>,62,18,[ 1 10],63,-1,81,-1,63
1,<environment.Job instance at 0x7f74528725f0>,63,15,[1 5],64,-1,79,-1,64
1,<environment.Job instance at 0x7f7452872f00>,64,12,[9 4],65,-1,77,-1,65
1,<environment.Job instance at 0x7f7452872f50>,65,18,[6 1],66,-1,84,-1,66
1,<environment.Job instance at 0x7f7452872c30>,66,15,[4 7],67,-1,82,-1,67
1,<environment.Job instance at 0x7f7452872b90>,68,17,[9 3],69,-1,86,-1,69
1,<environment.Job instance at 0x7f74529dc050>,70,14,[10  1],71,-1,86,-1,72
1,<environment.Job instance at 0x7f74529dc410>,74,27,[1 7],75,-1,109,-1,82
1,<environment.Job instance at 0x7f74529dc0f0>,72,18,[10  1],73,-1,101,-1,83
1,<environment.Job instance at 0x7f7451722c80>,86,16,[1 9],87,-1,110,-1,94
1,<environment.Job instance at 0x7f74517225f0>,82,15,[4 7],83,-1,109,-1,94
1,<environment.Job instance at 0x7f74529dc500>,78,17,[3 6],79,-1,111,-1,94
1,<environment.Job instance at 0x7f7451722be0>,91,18,[4 6],92,-1,112,-1,94
1,<environment.Job instance at 0x7f7451722e10>,90,13,[4 7],91,-1,107,-1,94
1,<environment.Job instance at 0x7f7451ef53c0>,94,14,[1 7],95,-1,109,-1,95
1,<environment.Job instance at 0x7f7451ef5140>,95,13,[10  4],96,-1,110,-1,97
1,<environment.Job instance at 0x7f7451ef5a50>,98,18,[4 6],99,-1,117,-1,99
1,<environment.Job instance at 0x7f7451ef5820>,97,17,[1 8],98,-1,116,-1,99
1,<environment.Job instance at 0x7f7451e0f3c0>,100,3,[10  1],101,-1,106,-1,103
1,<environment.Job instance at 0x7f7451d70050>,103,18,[10  1],104,-1,123,-1,105
1,<environment.Job instance at 0x7f7451e31e10>,99,13,[8 2],100,-1,118,-1,105
1,<environment.Job instance at 0x7f7451d70fa0>,102,14,[5 6],103,-1,119,-1,105
1,<environment.Job instance at 0x7f7451d70500>,109,16,[ 1 13],110,-1,126,-1,110
1,<environment.Job instance at 0x7f7451767960>,111,16,[9 3],112,-1,128,-1,112
1,<environment.Job instance at 0x7f74529dc960>,76,13,[4 6],77,-1,126,-1,113
1,<environment.Job instance at 0x7f7451e31870>,104,15,[9 3],105,-1,129,-1,114
1,<environment.Job instance at 0x7f74521a49b0>,6,3,[ 5 11],7,-1,10,-1,7
1,<environment.Job instance at 0x7f74517dc870>,14,24,[8 1],15,-1,64,-1,40
1,<environment.Job instance at 0x7f74522056e0>,16,25,[6 2],17,-1,70,-1,45
1,<environment.Job instance at 0x7f7451cb4cd0>,32,24,[8 2],33,-1,138,-1,114
1,<environment.Job instance at 0x7f745200deb0>,37,12,[13  5],38,-1,128,-1,116
1,<environment.Job instance at 0x7f74522722d0>,1,15,[7 4],2,-1,18,-1,3
1,<environment.Job instance at 0x7f7452272eb0>,3,3,[1 5],4,-1,7,-1,4
1,<environment.Job instance at 0x7f74517da870>,2,16,[7 2],3,-1,20,-1,4
1,<environment.Job instance at 0x7f7451aa62d0>,7,18,[2 7],8,-1,26,-1,8
1,<environment.Job instance at 0x7f7451aa6230>,9,15,[8 5],10,-1,26,-1,11
1,<environment.Job instance at 0x7f7451aa65f0>,10,22,[9 3],11,-1,33,-1,11
1,<environment.Job instance at 0x7f7451aa6cd0>,14,15,[7 5],15,-1,31,-1,16
1,<environment.Job instance at 0x7f7451aa6aa0>,15,14,[7 4],16,-1,30,-1,16
1,<environment.Job instance at 0x7f7452cffa50>,20,18,[1 7],21,-1,40,-1,22
1,<environment.Job instance at 0x7f7452638c30>,23,15,[3 8],24,-1,39,-1,24
1,<environment.Job instance at 0x7f74520a5410>,8,12,[ 1 13],9,-1,21,-1,9
1,<environment.Job instance at 0x7f7452d3bb90>,12,12,[ 4 14],13,-1,32,-1,20
1,<environment.Job instance at 0x7f74520a56e0>,11,28,[1 5],12,-1,48,-1,20
1,<environment.Job instance at 0x7f74520d6aa0>,16,14,[11  1],17,-1,34,-1,20
1,<environment.Job instance at 0x7f74522c47d0>,24,2,[14  4],25,-1,54,-1,52
1,<environment.Job instance at 0x7f74522c4dc0>,25,3,[14  3],26,-1,55,-1,52
1,<environment.Job instance at 0x7f7451da5910>,26,18,[12  4],27,-1,70,-1,52
1,<environment.Job instance at 0x7f7451da5d20>,27,3,[ 4 13],28,-1,55,-1,52
1,<environment.Job instance at 0x7f74523badc0>,31,27,[6 5],32,-1,107,-1,80
1,<environment.Job instance at 0x7f7452d41eb0>,33,3,[ 1 13],34,-1,83,-1,80
1,<environment.Job instance at 0x7f74516e85a0>,36,16,[ 1 12],37,-1,98,-1,82
1,<environment.Job instance at 0x7f7452d41b90>,38,25,[10  1],39,-1,138,-1,113
1,<environment.Job instance at 0x7f74528b3af0>,39,23,[4 9],40,-1,142,-1,119
1,<environment.Job instance at 0x7f7451bd8370>,4,17,[7 2],5,-1,22,-1,5
1,<environment.Job instance at 0x7f7451bd85f0>,7,14,[3 8],8,-1,22,-1,8
1,<environment.Job instance at 0x7f7451bd8500>,11,12,[ 5 10],12,-1,25,-1,13
1,<environment.Job instance at 0x7f7451d70c30>,12,15,[9 5],13,-1,28,-1,13
1,<environment.Job instance at 0x7f7451bc7320>,21,20,[5 5],22,-1,42,-1,22
1,<environment.Job instance at 0x7f7451bc72d0>,23,22,[2 8],24,-1,46,-1,24
1,<environment.Job instance at 0x7f7451bc75f0>,24,14,[2 5],25,-1,39,-1,25
1,<environment.Job instance at 0x7f7451bc7870>,27,18,[3 6],28,-1,46,-1,28
1,<environment.Job instance at 0x7f7451bc7d70>,32,20,[ 1 10],33,-1,53,-1,33
1,<environment.Job instance at 0x7f7451bc7f50>,33,17,[6 1],34,-1,51,-1,34
1,<environment.Job instance at 0x7f7451bb81e0>,36,16,[ 2 10],37,-1,53,-1,37
1,<environment.Job instance at 0x7f7451bb8230>,40,12,[9 1],41,-1,55,-1,43
1,<environment.Job instance at 0x7f7451bb8730>,44,18,[2 6],45,-1,63,-1,45
1,<environment.Job instance at 0x7f7451bb8b40>,45,13,[ 4 14],46,-1,59,-1,46
1,<environment.Job instance at 0x7f7451bb8a50>,46,17,[3 9],47,-1,64,-1,47
1,<environment.Job instance at 0x7f7451bb8c80>,48,17,[2 8],49,-1,66,-1,49
1,<environment.Job instance at 0x7f7451bb8eb0>,51,19,[6 5],52,-1,71,-1,52
1,<environment.Job instance at 0x7f7451bb9140>,52,25,[3 6],53,-1,78,-1,53
1,<environment.Job instance at 0x7f7451bb9460>,55,16,[4 8],56,-1,72,-1,56
1,<environment.Job instance at 0x7f7451bb8690>,42,21,[9 2],43,-1,81,-1,60
1,<environment.Job instance at 0x7f7451bab1e0>,67,16,[8 2],68,-1,87,-1,71
1,<environment.Job instance at 0x7f7451bab5a0>,71,13,[8 5],72,-1,85,-1,72
1,<environment.Job instance at 0x7f7451bab5f0>,72,18,[ 5 10],73,-1,91,-1,73
1,<environment.Job instance at 0x7f7451babcd0>,81,16,[ 5 10],82,-1,107,-1,91
1,<environment.Job instance at 0x7f74528db8c0>,6,1,[12  5],7,-1,8,-1,7
1,<environment.Job instance at 0x7f74528db3c0>,9,16,[13  2],10,-1,30,-1,14
1,<environment.Job instance at 0x7f74526eeaa0>,35,13,[13  1],36,-1,87,-1,74
1,<environment.Job instance at 0x7f745266d050>,38,17,[ 3 13],39,-1,94,-1,77
1,<environment.Job instance at 0x7f7452272fa0>,45,13,[ 4 14],46,-1,105,-1,92
1,<environment.Job instance at 0x7f745202e230>,52,25,[3 6],53,-1,136,-1,111
1,<environment.Job instance at 0x7f5e7dd99b90>,2,14,[ 2 10],3,-1,18,-1,4
1,<environment.Job instance at 0x7f5e7dd99a50>,4,13,[3 6],5,-1,18,-1,5
1,<environment.Job instance at 0x7f5e873e38c0>,3,22,[2 5],4,-1,28,-1,6
1,<environment.Job instance at 0x7f5e7dd99eb0>,7,14,[7 5],8,-1,22,-1,8
1,<environment.Job instance at 0x7f5e7dd99e10>,8,17,[1 8],9,-1,26,-1,9
1,<environment.Job instance at 0x7f5e7dd9d0f0>,10,22,[8 1],11,-1,33,-1,11
1,<environment.Job instance at 0x7f5e7dd9d190>,12,23,[6 4],13,-1,36,-1,13
1,<environment.Job instance at 0x7f5e7dd9d460>,13,18,[5 9],14,-1,32,-1,14
1,<environment.Job instance at 0x7f5e7dd9d370>,14,21,[8 1],15,-1,36,-1,15
1,<environment.Job instance at 0x7f5e7dd9d550>,16,18,[7 3],17,-1,35,-1,17
1,<environment.Job instance at 0x7f5e7dd9d640>,18,26,[7 4],19,-1,45,-1,19
1,<environment.Job instance at 0x7f5e7dd9d870>,19,25,[5 9],20,-1,45,-1,20
1,<environment.Job instance at 0x7f5e7dd9d910>,21,18,[9 4],22,-1,40,-1,22
1,<environment.Job instance at 0x7f5e7dd9daf0>,22,12,[3 8],23,-1,35,-1,23
1,<environment.Job instance at 0x7f5e7dd9da00>,23,16,[6 2],24,-1,40,-1,24
1,<environment.Job instance at 0x7f5e7dd9df00>,27,17,[4 6],28,-1,45,-1,28
1,<environment.Job instance at 0x7f5e7dd9fb40>,39,14,[9 4],40,-1,57,-1,43
1,<environment.Job instance at 0x7f5e7dd9f280>,32,21,[5 9],33,-1,64,-1,43
1,<environment.Job instance at 0x7f5e7dd9f5f0>,37,14,[5 8],38,-1,57,-1,43
1,<environment.Job instance at 0x7f5e7dd9f460>,34,14,[1 9],35,-1,62,-1,48
1,<environment.Job instance at 0x7f5e7dd9ffa0>,45,15,[7 5],46,-1,64,-1,49
1,<environment.Job instance at 0x7f5e7dda4370>,49,17,[10  2],50,-1,67,-1,50
1,<environment.Job instance at 0x7f5e7dd9f960>,40,26,[ 1 10],41,-1,81,-1,55
1,<environment.Job instance at 0x7f5e7dda4b40>,55,12,[2 6],56,-1,68,-1,56
1,<environment.Job instance at 0x7f5e7dda49b0>,57,16,[ 2 11],58,-1,74,-1,58
1,<environment.Job instance at 0x7f5e7dda4a50>,58,17,[3 7],59,-1,76,-1,59
1,<environment.Job instance at 0x7f5e7dda4f00>,59,19,[1 7],60,-1,79,-1,60
1,<environment.Job instance at 0x7f5e7dda7190>,62,14,[4 9],63,-1,77,-1,63
1,<environment.Job instance at 0x7f5e7dda4780>,54,18,[7 1],55,-1,84,-1,66
1,<environment.Job instance at 0x7f5e7dda7410>,67,16,[1 9],68,-1,85,-1,69
1,<environment.Job instance at 0x7f5e7dda7960>,69,14,[9 4],70,-1,84,-1,70
1,<environment.Job instance at 0x7f5e7dda7910>,72,18,[3 5],73,-1,91,-1,73
1,<environment.Job instance at 0x7f5e7dda8140>,77,16,[8 1],78,-1,94,-1,78
1,<environment.Job instance at 0x7f5e7dda85a0>,82,21,[4 8],83,-1,118,-1,97
1,<environment.Job instance at 0x7f5e7dda8460>,80,1,[5 5],81,-1,101,-1,100
1,<environment.Job instance at 0x7f5e7dd9f230>,33,26,[3 6],34,-1,150,-1,124
1,<environment.Job instance at 0x7f5e7dda86e0>,84,1,[5 5],85,-1,125,-1,124
1,<environment.Job instance at 0x7f5e7dda7eb0>,76,13,[10  1],77,-1,137,-1,124
1,<environment.Job instance at 0x7f5e7dda8370>,91,18,[5 4],92,-1,142,-1,124
1,<environment.Job instance at 0x7f5e7dda8960>,88,16,[4 9],89,-1,140,-1,124
1,<environment.Job instance at 0x7f5e7dda8d20>,93,25,[ 1 10],94,-1,149,-1,124
1,<environment.Job instance at 0x7f5e7dda8e60>,96,18,[2 6],97,-1,144,-1,126
1,<environment.Job instance at 0x7f5e7dda83c0>,79,19,[10  3],80,-1,148,-1,129
1,<environment.Job instance at 0x7f5e7dea8140>,12,23,[6 4],13,-1,53,-1,30
1,<environment.Job instance at 0x7f5e7dda78c0>,18,26,[7 4],19,-1,70,-1,44
1,<environment.Job instance at 0x7f5e7dd91d70>,19,25,[5 9],20,-1,83,-1,58
1,<environment.Job instance at 0x7f5e7de5b5f0>,28,17,[ 1 13],29,-1,87,-1,70
1,<environment.Job instance at 0x7f5e7de5b910>,30,26,[9 4],31,-1,110,-1,84
1,<environment.Job instance at 0x7f5e7de5bd70>,31,1,[ 2 14],32,-1,85,-1,84
1,<environment.Job instance at 0x7f5e7deb97d0>,33,26,[3 6],34,-1,110,-1,84
1,<environment.Job instance at 0x7f5e7dd99910>,40,26,[ 1 10],41,-1,139,-1,113
1,<environment.Job instance at 0x7f5e7d4e65a0>,0,17,[9 5],1,-1,18,-1,1
1,<environment.Job instance at 0x7f5e7d4e6910>,2,18,[10  4],3,-1,21,-1,3
1,<environment.Job instance at 0x7f5e7d4e6be0>,5,15,[8 3],6,-1,21,-1,6
1,<environment.Job instance at 0x7f5e7d61f500>,19,17,[5 7],20,-1,39,-1,22
1,<environment.Job instance at 0x7f5e7d713230>,27,21,[10  4],28,-1,49,-1,28
1,<environment.Job instance at 0x7f5e7d646190>,30,24,[1 5],31,-1,56,-1,32
1,<environment.Job instance at 0x7f5e7d646d20>,32,20,[10  5],33,-1,53,-1,33
1,<environment.Job instance at 0x7f5e7d6360a0>,34,14,[10  5],35,-1,49,-1,35
1,<environment.Job instance at 0x7f5e7d5c45f0>,7,28,[ 2 10],8,-1,45,-1,17
1,<environment.Job instance at 0x7f5e7d54dfa0>,12,15,[ 2 13],13,-1,35,-1,20
1,<environment.Job instance at 0x7f5e7d5589b0>,14,20,[13  4],15,-1,41,-1,21
1,<environment.Job instance at 0x7f5e7d5647d0>,23,1,[12  5],24,-1,40,-1,39
1,<environment.Job instance at 0x7f5e7d551d20>,30,24,[1 5],31,-1,85,-1,61
1,<environment.Job instance at 0x7f5e7d567e10>,36,13,[ 5 14],37,-1,86,-1,73
1,<environment.Job instance at 0x7f5e7d5ace60>,43,24,[3 7],44,-1,130,-1,106
1,<environment.Job instance at 0x7f5e7d3ac320>,1,17,[10  2],2,-1,21,-1,4
1,<environment.Job instance at 0x7f5e7d34a6e0>,3,26,[5 3],4,-1,30,-1,4
1,<environment.Job instance at 0x7f5e7d34a690>,5,18,[ 1 10],6,-1,25,-1,7
1,<environment.Job instance at 0x7f5e7d34af00>,7,1,[4 6],8,-1,9,-1,8
1,<environment.Job instance at 0x7f5e7d34a4b0>,8,17,[1 5],9,-1,26,-1,9
1,<environment.Job instance at 0x7f5e7d34ae60>,9,18,[5 2],10,-1,28,-1,10
1,<environment.Job instance at 0x7f5e7d34aa50>,6,15,[6 5],7,-1,25,-1,10
1,<environment.Job instance at 0x7f5e7d34a410>,10,18,[5 8],11,-1,29,-1,11
1,<environment.Job instance at 0x7f5e7d34a500>,12,18,[3 8],13,-1,31,-1,13
1,<environment.Job instance at 0x7f5e7d34a9b0>,16,17,[8 4],17,-1,34,-1,17
1,<environment.Job instance at 0x7f5e7d5420a0>,18,20,[5 2],19,-1,39,-1,19
1,<environment.Job instance at 0x7f5e7d542500>,21,20,[ 4 10],22,-1,42,-1,22
1,<environment.Job instance at 0x7f5e7d542320>,22,15,[9 2],23,-1,40,-1,25
1,<environment.Job instance at 0x7f5e7d542eb0>,25,2,[5 7],26,-1,28,-1,26
1,<environment.Job instance at 0x7f5e7d542a50>,24,16,[7 5],25,-1,42,-1,26
1,<environment.Job instance at 0x7f5e7d542fa0>,27,27,[9 5],28,-1,55,-1,28
1,<environment.Job instance at 0x7f5e7d542f00>,28,13,[8 4],29,-1,43,-1,30
1,<environment.Job instance at 0x7f5e7d542e60>,29,14,[12  2],30,-1,44,-1,30
1,<environment.Job instance at 0x7f5e7d411370>,36,13,[8 2],37,-1,52,-1,39
1,<environment.Job instance at 0x7f5e7d4119b0>,39,15,[6 5],40,-1,55,-1,40
1,<environment.Job instance at 0x7f5e7d4111e0>,43,17,[7 4],44,-1,61,-1,44
1,<environment.Job instance at 0x7f5e7d411460>,42,25,[ 3 11],43,-1,75,-1,50
1,<environment.Job instance at 0x7f5e7d411280>,49,12,[6 3],50,-1,63,-1,51
1,<environment.Job instance at 0x7f5e7d411af0>,44,17,[13  5],45,-1,74,-1,57
1,<environment.Job instance at 0x7f5e7d411fa0>,41,17,[ 5 14],42,-1,74,-1,57
1,<environment.Job instance at 0x7f5e8740b9b0>,53,16,[4 5],54,-1,73,-1,57
1,<environment.Job instance at 0x7f5e8740b6e0>,58,14,[9 4],59,-1,82,-1,68
1,<environment.Job instance at 0x7f5e8740bc80>,60,16,[8 3],61,-1,86,-1,70
1,<environment.Job instance at 0x7f5e7d411a50>,47,16,[5 3],48,-1,89,-1,73
1,<environment.Job instance at 0x7f5e8740b3c0>,63,16,[ 4 10],64,-1,89,-1,73
1,<environment.Job instance at 0x7f5e8740b870>,59,18,[5 6],60,-1,92,-1,74
1,<environment.Job instance at 0x7f5e8740bc30>,65,27,[4 5],66,-1,101,-1,74
1,<environment.Job instance at 0x7f5e8740bd70>,67,12,[13  4],68,-1,88,-1,76
1,<environment.Job instance at 0x7f5e7d34f280>,73,12,[2 7],74,-1,88,-1,76
1,<environment.Job instance at 0x7f5e7d3c59b0>,82,17,[5 9],83,-1,102,-1,85
1,<environment.Job instance at 0x7f5e7d3c53c0>,84,21,[4 9],85,-1,107,-1,86
1,<environment.Job instance at 0x7f5e7d3c5050>,83,17,[7 1],84,-1,104,-1,87
1,<environment.Job instance at 0x7f5e7d34f640>,72,20,[4 9],73,-1,117,-1,97
1,<environment.Job instance at 0x7f5e7d3c5fa0>,94,16,[5 2],95,-1,113,-1,97
1,<environment.Job instance at 0x7f5e8754f8c0>,96,25,[2 8],97,-1,122,-1,97
1,<environment.Job instance at 0x7f5e7d3c5b40>,86,13,[2 5],87,-1,110,-1,97
1,<environment.Job instance at 0x7f5e8754f870>,97,14,[3 6],98,-1,113,-1,99
1,<environment.Job instance at 0x7f5e7d431d20>,100,26,[8 3],101,-1,127,-1,101
1,<environment.Job instance at 0x7f5e7d3b5410>,104,14,[3 8],105,-1,119,-1,105
1,<environment.Job instance at 0x7f5e7d5bc1e0>,111,18,[5 8],112,-1,141,-1,123
1,<environment.Job instance at 0x7f5e7de1f1e0>,110,12,[3 8],111,-1,139,-1,127
1,<environment.Job instance at 0x7f5e7d9d7a50>,115,15,[1 5],116,-1,142,-1,127
1,<environment.Job instance at 0x7f5e7db9b230>,117,13,[ 5 10],118,-1,141,-1,128
1,<environment.Job instance at 0x7f5e7df9f690>,119,18,[5 2],120,-1,146,-1,128
1,<environment.Job instance at 0x7f5e7d98adc0>,120,16,[ 4 10],121,-1,144,-1,128
1,<environment.Job instance at 0x7f5e7da2f7d0>,121,15,[5 7],122,-1,143,-1,128
1,<environment.Job instance at 0x7f5e7d5d5d20>,122,17,[8 2],123,-1,145,-1,128
1,<environment.Job instance at 0x7f5e7db71fa0>,124,17,[6 1],125,-1,145,-1,128
1,<environment.Job instance at 0x7f5e7dffde60>,125,17,[12  4],126,-1,145,-1,128
1,<environment.Job instance at 0x7f5e7d3b5c80>,106,18,[8 3],107,-1,147,-1,129
1,<environment.Job instance at 0x7f5e7d9ca460>,128,2,[3 5],129,-1,131,-1,129
1,<environment.Job instance at 0x7f5e7dfe2c80>,126,17,[7 4],127,-1,146,-1,129
1,<environment.Job instance at 0x7f5e7d5bcf00>,3,26,[5 3],4,-1,30,-1,4
1,<environment.Job instance at 0x7f5e7e680460>,19,26,[2 8],20,-1,80,-1,54
1,<environment.Job instance at 0x7f5e7d780550>,27,27,[9 5],28,-1,115,-1,88
1,<environment.Job instance at 0x7f5e7d61fb40>,29,14,[12  2],30,-1,102,-1,88
1,<environment.Job instance at 0x7f5e7db67b90>,41,17,[ 5 14],42,-1,142,-1,125
1,<environment.Job instance at 0x7f5e7d8bc050>,42,25,[ 3 11],43,-1,150,-1,125
1,<environment.Job instance at 0x7f5e7d8bc500>,44,17,[13  5],45,-1,145,-1,128
1,<environment.Job instance at 0x7f5e7e1cecd0>,45,13,[ 5 14],46,-1,141,-1,128
1,<environment.Job instance at 0x7f5e7e25d550>,3,14,[5 6],4,-1,18,-1,4
1,<environment.Job instance at 0x7f5e7e25dbe0>,4,18,[10  5],5,-1,23,-1,5
1,<environment.Job instance at 0x7f5e7e25d690>,6,16,[2 9],7,-1,23,-1,7
1,<environment.Job instance at 0x7f5e7e25d960>,8,15,[10  4],9,-1,24,-1,9
1,<environment.Job instance at 0x7f5e7e25dc30>,10,16,[8 5],11,-1,27,-1,11
1,<environment.Job instance at 0x7f5e7e25dc80>,11,16,[4 5],12,-1,28,-1,12
1,<environment.Job instance at 0x7f5e7e25df50>,12,27,[8 3],13,-1,40,-1,13
1,<environment.Job instance at 0x7f5e7e25d320>,13,18,[1 6],14,-1,32,-1,14
1,<environment.Job instance at 0x7f5e7e25ddc0>,14,17,[2 6],15,-1,32,-1,15
1,<environment.Job instance at 0x7f5e7e23e230>,16,27,[2 6],17,-1,44,-1,17
1,<environment.Job instance at 0x7f5e7e23eaf0>,17,16,[7 4],18,-1,35,-1,19
1,<environment.Job instance at 0x7f5e7e23e870>,21,16,[4 5],22,-1,38,-1,22
1,<environment.Job instance at 0x7f5e7d5bcfa0>,18,16,[9 2],19,-1,41,-1,25
1,<environment.Job instance at 0x7f5e7e23ef50>,30,12,[10  5],31,-1,45,-1,33
1,<environment.Job instance at 0x7f5e7d897870>,32,16,[6 4],33,-1,49,-1,33
1,<environment.Job instance at 0x7f5e7d8977d0>,36,21,[ 4 10],37,-1,58,-1,37
1,<environment.Job instance at 0x7f5e7d897690>,37,23,[2 8],38,-1,65,-1,42
1,<environment.Job instance at 0x7f5e7e23e320>,20,14,[ 4 14],21,-1,57,-1,43
1,<environment.Job instance at 0x7f5e7d897910>,39,19,[13  3],40,-1,63,-1,44
1,<environment.Job instance at 0x7f5e7de1f280>,44,13,[ 4 11],45,-1,68,-1,55
1,<environment.Job instance at 0x7f5e7d8970f0>,42,12,[7 5],43,-1,68,-1,56
1,<environment.Job instance at 0x7f5e7de1fe60>,46,14,[9 4],47,-1,70,-1,56
1,<environment.Job instance at 0x7f5e7de1f5a0>,49,17,[12  4],50,-1,73,-1,56
1,<environment.Job instance at 0x7f5e7de1fb90>,48,14,[8 2],49,-1,70,-1,56
1,<environment.Job instance at 0x7f5e7de1fcd0>,50,25,[6 4],51,-1,81,-1,56
1,<environment.Job instance at 0x7f5e7e1e1fa0>,58,28,[ 5 10],59,-1,87,-1,59
1,<environment.Job instance at 0x7f5e7e1e1820>,59,15,[9 5],60,-1,83,-1,68
1,<environment.Job instance at 0x7f5e7e1e1640>,61,17,[7 5],62,-1,89,-1,72
1,<environment.Job instance at 0x7f5e7e1e15a0>,65,14,[3 8],66,-1,89,-1,75
1,<environment.Job instance at 0x7f5e7de1fdc0>,54,24,[5 5],55,-1,101,-1,77
1,<environment.Job instance at 0x7f5e7d897500>,40,13,[6 2],41,-1,91,-1,78
1,<environment.Job instance at 0x7f5e7e1e14b0>,60,13,[5 5],61,-1,92,-1,79
1,<environment.Job instance at 0x7f5e7e1e1eb0>,71,2,[7 2],72,-1,87,-1,85
1,<environment.Job instance at 0x7f5e7e1e16e0>,73,15,[6 4],74,-1,113,-1,98
1,<environment.Job instance at 0x7f5e7e1bcaf0>,78,13,[8 3],79,-1,121,-1,108
1,<environment.Job instance at 0x7f5e7e1bc9b0>,84,22,[7 3],85,-1,142,-1,120
1,<environment.Job instance at 0x7f5e7e1bcf00>,85,20,[7 5],86,-1,143,-1,123
1,<environment.Job instance at 0x7f5e7e1e1370>,68,15,[2 9],69,-1,138,-1,123
1,<environment.Job instance at 0x7f5e7de1fa50>,45,17,[ 5 10],46,-1,140,-1,123
1,<environment.Job instance at 0x7f5e7e1bce60>,90,13,[5 5],91,-1,136,-1,123
1,<environment.Job instance at 0x7f5e7e1bc460>,93,2,[9 1],94,-1,126,-1,124
1,<environment.Job instance at 0x7f5e7e1bc190>,95,12,[4 5],96,-1,136,-1,124
1,<environment.Job instance at 0x7f5e7e1bcc80>,94,17,[14  5],95,-1,141,-1,124
1,<environment.Job instance at 0x7f5e7e1bc690>,97,18,[8 2],98,-1,142,-1,124
1,<environment.Job instance at 0x7f5e7e18ec30>,100,15,[2 5],101,-1,139,-1,124
1,<environment.Job instance at 0x7f5e7e1e1dc0>,75,13,[6 3],76,-1,137,-1,124
1,<environment.Job instance at 0x7f5e7e18e4b0>,103,14,[9 3],104,-1,139,-1,125
1,<environment.Job instance at 0x7f5e7e18e3c0>,102,17,[4 5],103,-1,142,-1,125
1,<environment.Job instance at 0x7f5e7e18e820>,101,2,[14  5],102,-1,127,-1,125
1,<environment.Job instance at 0x7f5e7d7e0640>,7,2,[ 3 11],8,-1,10,-1,8
1,<environment.Job instance at 0x7f5e7d7e04b0>,12,27,[8 3],13,-1,62,-1,35
1,<environment.Job instance at 0x7f5e7e4b9e60>,16,27,[2 6],17,-1,76,-1,49
1,<environment.Job instance at 0x7f5e7d6dcb90>,20,14,[ 4 14],21,-1,79,-1,65
1,<environment.Job instance at 0x7f5e7e47df00>,37,23,[2 8],38,-1,136,-1,113
1,<environment.Job instance at 0x7f5e7e536d70>,38,3,[11  1],39,-1,116,-1,113
1,<environment.Job instance at 0x7f5e7e917be0>,39,19,[13  3],40,-1,132,-1,113
1,<environment.Job instance at 0x7f5e86f16f50>,44,13,[ 4 11],45,-1,139,-1,126
1,<environment.Job instance at 0x7f5e7e20e140>,1,14,[9 2],2,-1,17,-1,3
1,<environment.Job instance at 0x7f5e7dba7280>,3,2,[7 2],4,-1,6,-1,4
1,<environment.Job instance at 0x7f5e7dba7050>,4,3,[ 5 10],5,-1,8,-1,5
1,<environment.Job instance at 0x7f5e7d73bc30>,2,26,[5 8],3,-1,31,-1,5
1,<environment.Job instance at 0x7f5e7d48cbe0>,9,18,[1 7],10,-1,28,-1,10
1,<environment.Job instance at 0x7f5e7db895a0>,12,17,[8 1],13,-1,31,-1,14
1,<environment.Job instance at 0x7f5e7db894b0>,14,12,[3 9],15,-1,27,-1,15
1,<environment.Job instance at 0x7f5e7db89c80>,15,18,[4 6],16,-1,34,-1,16
1,<environment.Job instance at 0x7f5e7e8d6370>,13,22,[3 5],14,-1,38,-1,16
1,<environment.Job instance at 0x7f5e7db89be0>,19,18,[3 8],20,-1,38,-1,20
1,<environment.Job instance at 0x7f5e7dede730>,22,21,[5 7],23,-1,50,-1,29
1,<environment.Job instance at 0x7f5e7dbc0910>,28,16,[1 7],29,-1,45,-1,29
1,<environment.Job instance at 0x7f5e7dbc0b90>,29,18,[8 2],30,-1,48,-1,30
1,<environment.Job instance at 0x7f5e7dbc01e0>,31,12,[2 6],32,-1,45,-1,33
1,<environment.Job instance at 0x7f5e7dba36e0>,33,17,[4 7],34,-1,51,-1,34
1,<environment.Job instance at 0x7f5e7dba3e60>,34,16,[ 5 10],35,-1,51,-1,35
1,<environment.Job instance at 0x7f5e7dc2b0f0>,35,15,[5 9],36,-1,56,-1,41
1,<environment.Job instance at 0x7f5e7dc46fa0>,41,18,[11  5],42,-1,60,-1,42
1,<environment.Job instance at 0x7f5e7dc46dc0>,42,12,[2 9],43,-1,55,-1,43
1,<environment.Job instance at 0x7f5e7dc407d0>,40,26,[3 7],41,-1,70,-1,44
1,<environment.Job instance at 0x7f5e7dc32910>,47,18,[10  5],48,-1,66,-1,48
1,<environment.Job instance at 0x7f5e7dc32e10>,50,13,[10  1],51,-1,64,-1,51
1,<environment.Job instance at 0x7f5e7e20d640>,52,24,[1 9],53,-1,77,-1,53
1,<environment.Job instance at 0x7f5e7dc46c80>,45,18,[4 9],46,-1,72,-1,54
1,<environment.Job instance at 0x7f5e7e20d550>,53,14,[6 5],54,-1,68,-1,54
1,<environment.Job instance at 0x7f5e7e20d9b0>,54,12,[9 3],55,-1,67,-1,55
1,<environment.Job instance at 0x7f5e7e20d870>,56,12,[10  1],57,-1,73,-1,61
1,<environment.Job instance at 0x7f5e7e204780>,60,17,[5 6],61,-1,78,-1,61
1,<environment.Job instance at 0x7f5e7e2180f0>,71,17,[11  3],72,-1,92,-1,75
1,<environment.Job instance at 0x7f5e7e218230>,72,16,[12  1],73,-1,91,-1,75
1,<environment.Job instance at 0x7f5e7e2182d0>,73,15,[ 4 13],74,-1,90,-1,75
1,<environment.Job instance at 0x7f5e7e2048c0>,61,27,[7 1],62,-1,103,-1,76
1,<environment.Job instance at 0x7f5e7e204f00>,70,16,[10  1],71,-1,92,-1,76
1,<environment.Job instance at 0x7f5e7e204a00>,65,21,[ 2 10],66,-1,107,-1,86
1,<environment.Job instance at 0x7f5e7e218b40>,80,17,[10  2],81,-1,108,-1,91
1,<environment.Job instance at 0x7f5e7e218730>,79,15,[ 3 10],80,-1,106,-1,91
1,<environment.Job instance at 0x7f5e7e218e60>,86,14,[8 4],87,-1,105,-1,91
1,<environment.Job instance at 0x7f5e7e218dc0>,87,14,[9 2],88,-1,105,-1,91
1,<environment.Job instance at 0x7f5e7e218fa0>,89,3,[3 7],90,-1,95,-1,92
1,<environment.Job instance at 0x7f5e7e1ec0a0>,90,14,[5 8],91,-1,106,-1,92
1,<environment.Job instance at 0x7f5e7e1ec4b0>,92,18,[6 2],93,-1,113,-1,95
1,<environment.Job instance at 0x7f5e7e1ec5a0>,94,18,[6 2],95,-1,114,-1,96
1,<environment.Job instance at 0x7f5e7e1ec6e0>,95,19,[6 3],96,-1,116,-1,97
1,<environment.Job instance at 0x7f5e7e1ecb40>,97,15,[6 1],98,-1,116,-1,101
1,<environment.Job instance at 0x7f5e7e1ecd20>,101,14,[3 6],102,-1,116,-1,102
1,<environment.Job instance at 0x7f5e7e1ecaf0>,102,27,[5 7],103,-1,130,-1,103
1,<environment.Job instance at 0x7f5e7d76f140>,105,16,[9 2],106,-1,125,-1,109
1,<environment.Job instance at 0x7f5e7d76f4b0>,108,15,[11  4],109,-1,124,-1,109
1,<environment.Job instance at 0x7f5e7d76f460>,109,17,[5 2],110,-1,127,-1,110
1,<environment.Job instance at 0x7f5e7e0e7fa0>,2,26,[5 8],3,-1,30,-1,4
1,<environment.Job instance at 0x7f5e7ddca7d0>,6,2,[ 5 13],7,-1,9,-1,7
1,<environment.Job instance at 0x7f5e7e25d910>,11,1,[13  4],12,-1,13,-1,12
1,<environment.Job instance at 0x7f5e87555190>,18,2,[12  3],19,-1,34,-1,32
1,<environment.Job instance at 0x7f5e7d5bc820>,17,28,[ 5 10],18,-1,103,-1,75
1,<environment.Job instance at 0x7f5e7d897320>,40,26,[3 7],41,-1,139,-1,113
1,<environment.Job instance at 0x7f5e7d897af0>,41,18,[11  5],42,-1,131,-1,113
1,<environment.Job instance at 0x7f5e7d4a97d0>,1,18,[ 3 10],2,-1,21,-1,3
1,<environment.Job instance at 0x7f5e7d4a9f50>,3,24,[8 5],4,-1,28,-1,4
1,<environment.Job instance at 0x7f5e7d4a9a50>,4,14,[ 1 10],5,-1,19,-1,5
1,<environment.Job instance at 0x7f5e7d49c230>,11,15,[8 1],12,-1,28,-1,13
1,<environment.Job instance at 0x7f5e7d49c050>,13,15,[ 3 10],14,-1,29,-1,14
1,<environment.Job instance at 0x7f5e7d49c730>,15,15,[5 6],16,-1,31,-1,16
1,<environment.Job instance at 0x7f5e7d49c870>,21,17,[ 4 10],22,-1,43,-1,26
1,<environment.Job instance at 0x7f5e7d49c280>,24,17,[3 5],25,-1,44,-1,27
1,<environment.Job instance at 0x7f5e7e8c5c30>,27,21,[4 8],28,-1,49,-1,28
1,<environment.Job instance at 0x7f5e7e8c58c0>,28,23,[3 9],29,-1,52,-1,29
1,<environment.Job instance at 0x7f5e7e8c5af0>,29,13,[10  5],30,-1,58,-1,45
1,<environment.Job instance at 0x7f5e7e8c5460>,35,15,[4 7],36,-1,60,-1,45
1,<environment.Job instance at 0x7f5e7e8c5640>,34,18,[6 4],35,-1,63,-1,45
1,<environment.Job instance at 0x7f5e7e8eb960>,39,15,[ 2 10],40,-1,80,-1,65
1,<environment.Job instance at 0x7f5e7dc1ac30>,53,18,[6 4],54,-1,100,-1,82
1,<environment.Job instance at 0x7f5e7dc1a190>,66,18,[10  5],67,-1,136,-1,118
1,<environment.Job instance at 0x7f5e7dc1aaf0>,58,16,[13  3],59,-1,134,-1,118
1,<environment.Job instance at 0x7f5e7e8c5280>,37,17,[8 4],38,-1,138,-1,121
1,<environment.Job instance at 0x7f5e7dc0a370>,73,27,[3 5],74,-1,156,-1,129
1,<environment.Job instance at 0x7f5e7dc32dc0>,0,18,[ 4 11],1,-1,19,-1,1
1,<environment.Job instance at 0x7f5e7e8d6e60>,3,24,[8 5],4,-1,39,-1,15
1,<environment.Job instance at 0x7f5e7e1ce730>,8,13,[12  1],9,-1,28,-1,15
1,<environment.Job instance at 0x7f5e7e8cd320>,16,3,[14  2],17,-1,40,-1,37
1,<environment.Job instance at 0x7f5e7e050320>,23,14,[ 5 13],24,-1,77,-1,63
1,<environment.Job instance at 0x7f5e7e8587d0>,28,23,[3 9],29,-1,105,-1,82
1,<environment.Job instance at 0x7f5e7dc0ad70>,40,2,[ 1 11],41,-1,130,-1,128
1,<environment.Job instance at 0x7f5e7e8c05a0>,0,18,[1 7],1,-1,19,-1,1
1,<environment.Job instance at 0x7f5e7e3ddc30>,2,14,[8 5],3,-1,17,-1,3
1,<environment.Job instance at 0x7f5e7d7bde10>,5,26,[4 8],6,-1,32,-1,6
1,<environment.Job instance at 0x7f5e7d7bddc0>,6,20,[4 8],7,-1,27,-1,7
1,<environment.Job instance at 0x7f5e7d7bdf50>,8,16,[8 4],9,-1,25,-1,9
1,<environment.Job instance at 0x7f5e7d7bd960>,10,25,[5 4],11,-1,36,-1,11
1,<environment.Job instance at 0x7f5e7d7bdc80>,11,21,[5 5],12,-1,33,-1,12
1,<environment.Job instance at 0x7f5e7e39fd20>,13,18,[ 2 10],14,-1,33,-1,15
1,<environment.Job instance at 0x7f5e7e396a50>,15,25,[5 7],16,-1,41,-1,16
1,<environment.Job instance at 0x7f5e7e396230>,16,12,[5 9],17,-1,29,-1,17
1,<environment.Job instance at 0x7f5e7e396fa0>,17,22,[5 8],18,-1,40,-1,18
1,<environment.Job instance at 0x7f5e7e3ddfa0>,14,13,[7 3],15,-1,33,-1,20
1,<environment.Job instance at 0x7f5e7d34d280>,20,15,[3 8],21,-1,37,-1,22
1,<environment.Job instance at 0x7f5e7d796af0>,23,27,[8 5],24,-1,51,-1,24
1,<environment.Job instance at 0x7f5e7db77af0>,33,24,[3 5],34,-1,58,-1,34
1,<environment.Job instance at 0x7f5e7db77f00>,35,14,[10  1],36,-1,50,-1,36
1,<environment.Job instance at 0x7f5e7d7ab410>,36,15,[3 6],37,-1,52,-1,37
1,<environment.Job instance at 0x7f5e7e37a640>,37,17,[2 7],38,-1,55,-1,38
1,<environment.Job instance at 0x7f5e7e3a9370>,40,15,[6 3],41,-1,56,-1,41
1,<environment.Job instance at 0x7f5e7d47b500>,41,18,[5 9],42,-1,60,-1,42
1,<environment.Job instance at 0x7f5e7d47b2d0>,43,18,[3 7],44,-1,62,-1,44
1,<environment.Job instance at 0x7f5e7d462230>,44,27,[1 8],45,-1,72,-1,45
1,<environment.Job instance at 0x7f5e7e399730>,48,12,[1 8],49,-1,61,-1,49
1,<environment.Job instance at 0x7f5e7e396be0>,21,12,[3 9],22,-1,62,-1,50
1,<environment.Job instance at 0x7f5e7e399a50>,50,18,[2 7],51,-1,69,-1,51
1,<environment.Job instance at 0x7f5e7e3998c0>,52,12,[6 2],53,-1,66,-1,54
1,<environment.Job instance at 0x7f5e7e38f1e0>,54,23,[4 5],55,-1,78,-1,55
1,<environment.Job instance at 0x7f5e7e38f140>,55,13,[8 4],56,-1,69,-1,56
1,<environment.Job instance at 0x7f5e7e38f780>,57,13,[12  5],58,-1,71,-1,58
1,<environment.Job instance at 0x7f5e7e38f5a0>,59,18,[7 4],60,-1,78,-1,60
1,<environment.Job instance at 0x7f5e7d497280>,60,1,[1 7],61,-1,62,-1,61
1,<environment.Job instance at 0x7f5e7d497230>,61,1,[9 4],62,-1,63,-1,62
1,<environment.Job instance at 0x7f5e7d497460>,63,14,[ 4 11],64,-1,78,-1,64
1,<environment.Job instance at 0x7f5e7d497640>,64,18,[3 6],65,-1,83,-1,65
1,<environment.Job instance at 0x7f5e7d4976e0>,66,26,[8 5],67,-1,93,-1,67
1,<environment.Job instance at 0x7f5e7d497aa0>,69,20,[6 3],70,-1,90,-1,70
1,<environment.Job instance at 0x7f5e7d497960>,70,17,[5 8],71,-1,88,-1,71
1,<environment.Job instance at 0x7f5e7d497dc0>,73,20,[5 3],74,-1,94,-1,74
1,<environment.Job instance at 0x7f5e7d497f00>,74,16,[2 7],75,-1,91,-1,75
1,<environment.Job instance at 0x7f5e7d497d70>,75,17,[6 3],76,-1,93,-1,76
1,<environment.Job instance at 0x7f5e7d497fa0>,76,14,[10  1],77,-1,94,-1,80
1,<environment.Job instance at 0x7f5e7d4b6500>,80,18,[5 6],81,-1,99,-1,81
1,<environment.Job instance at 0x7f5e7d4b6230>,81,17,[2 9],82,-1,99,-1,82
1,<environment.Job instance at 0x7f5e7d4b6820>,84,12,[10  2],85,-1,97,-1,85
1,<environment.Job instance at 0x7f5e7d4b6870>,86,13,[9 1],87,-1,100,-1,87
1,<environment.Job instance at 0x7f5e7d4b6b40>,87,22,[10  1],88,-1,110,-1,88
1,<environment.Job instance at 0x7f5e7d4b6370>,79,12,[7 5],80,-1,101,-1,89
1,<environment.Job instance at 0x7f5e7d4b6fa0>,92,13,[9 2],93,-1,110,-1,97
1,<environment.Job instance at 0x7f5e7d49b500>,96,26,[9 5],97,-1,123,-1,97
1,<environment.Job instance at 0x7f5e7d49b870>,102,13,[ 3 10],103,-1,116,-1,103
1,<environment.Job instance at 0x7f5e7d49b8c0>,103,16,[6 3],104,-1,120,-1,104
1,<environment.Job instance at 0x7f5e7d49ba00>,104,17,[1 8],105,-1,122,-1,105
1,<environment.Job instance at 0x7f5e7d49bbe0>,105,13,[4 7],106,-1,119,-1,106
1,<environment.Job instance at 0x7f5e7d499140>,109,22,[7 3],110,-1,133,-1,111
1,<environment.Job instance at 0x7f5e7d499280>,110,15,[13  3],111,-1,126,-1,111
1,<environment.Job instance at 0x7f5e7d4991e0>,111,12,[7 1],112,-1,125,-1,113
1,<environment.Job instance at 0x7f5e7d499190>,112,25,[7 5],113,-1,138,-1,113
1,<environment.Job instance at 0x7f5e7e57cf50>,5,26,[4 8],6,-1,42,-1,16
1,<environment.Job instance at 0x7f5e7d3d7780>,10,25,[5 4],11,-1,42,-1,17
1,<environment.Job instance at 0x7f5e7e056460>,15,25,[5 7],16,-1,45,-1,20
1,<environment.Job instance at 0x7f5e7e056eb0>,19,3,[11  3],20,-1,35,-1,32
1,<environment.Job instance at 0x7f5e7e1a37d0>,23,27,[8 5],24,-1,64,-1,37
1,<environment.Job instance at 0x7f5e7ddd1820>,24,12,[ 5 13],25,-1,49,-1,37
1,<environment.Job instance at 0x7f5e7df8e3c0>,29,1,[12  4],30,-1,49,-1,48
1,<environment.Job instance at 0x7f5e7e050280>,33,24,[3 5],34,-1,77,-1,53
1,<environment.Job instance at 0x7f5e7e23e780>,44,27,[1 8],45,-1,140,-1,113
1,<environment.Job instance at 0x7f5e7d6e7b90>,1,18,[8 1],2,-1,21,-1,3
1,<environment.Job instance at 0x7f5e7d6e7c30>,3,20,[8 4],4,-1,24,-1,4
1,<environment.Job instance at 0x7f5e7d6e78c0>,7,27,[8 5],8,-1,35,-1,8
1,<environment.Job instance at 0x7f5e7dc2f960>,9,17,[1 5],10,-1,27,-1,10
1,<environment.Job instance at 0x7f5e7dc2faf0>,10,13,[3 8],11,-1,24,-1,11
1,<environment.Job instance at 0x7f5e7dc2f9b0>,11,15,[2 7],12,-1,27,-1,12
1,<environment.Job instance at 0x7f5e7d6e73c0>,2,15,[3 9],3,-1,27,-1,12
1,<environment.Job instance at 0x7f5e7d6e7be0>,12,17,[3 5],13,-1,30,-1,13
1,<environment.Job instance at 0x7f5e7dc2fa00>,15,13,[10  5],16,-1,30,-1,17
1,<environment.Job instance at 0x7f5e7dc2ff50>,17,3,[10  5],18,-1,21,-1,18
1,<environment.Job instance at 0x7f5e7dc2fa50>,16,17,[7 3],17,-1,35,-1,18
1,<environment.Job instance at 0x7f5e7dc2f460>,21,17,[9 4],22,-1,39,-1,22
1,<environment.Job instance at 0x7f5e7dc2faa0>,22,24,[4 6],23,-1,47,-1,23
1,<environment.Job instance at 0x7f5e7dc2f320>,25,14,[10  1],26,-1,41,-1,27
1,<environment.Job instance at 0x7f5e7dc2fe60>,26,12,[9 5],27,-1,39,-1,27
1,<environment.Job instance at 0x7f5e7d586550>,30,16,[5 4],31,-1,47,-1,31
1,<environment.Job instance at 0x7f5e7d586d70>,40,12,[ 3 12],41,-1,62,-1,50
1,<environment.Job instance at 0x7f5e7d586140>,39,18,[ 5 10],40,-1,69,-1,51
1,<environment.Job instance at 0x7f5e7db4b870>,46,13,[8 4],47,-1,64,-1,51
1,<environment.Job instance at 0x7f5e7db4b910>,50,25,[10  4],51,-1,76,-1,51
1,<environment.Job instance at 0x7f5e7db4b320>,47,17,[6 2],48,-1,79,-1,62
1,<environment.Job instance at 0x7f5e7db4b050>,55,17,[8 5],56,-1,85,-1,68
1,<environment.Job instance at 0x7f5e7d5860a0>,43,16,[6 1],44,-1,84,-1,68
1,<environment.Job instance at 0x7f5e7db4b140>,54,13,[5 7],55,-1,81,-1,68
1,<environment.Job instance at 0x7f5e7db4baf0>,60,18,[6 4],61,-1,89,-1,71
1,<environment.Job instance at 0x7f5e7d9dbe60>,62,15,[4 9],63,-1,86,-1,71
1,<environment.Job instance at 0x7f5e7db4bdc0>,59,12,[1 6],60,-1,83,-1,71
1,<environment.Job instance at 0x7f5e7db4baa0>,63,18,[8 3],64,-1,89,-1,71
1,<environment.Job instance at 0x7f5e7db4bf00>,48,16,[6 5],49,-1,88,-1,72
1,<environment.Job instance at 0x7f5e7d9db690>,67,16,[13  1],68,-1,88,-1,72
1,<environment.Job instance at 0x7f5e7d586370>,41,15,[5 5],42,-1,87,-1,72
1,<environment.Job instance at 0x7f5e7d9db190>,65,15,[7 1],66,-1,87,-1,72
1,<environment.Job instance at 0x7f5e7db4ba50>,56,14,[5 7],57,-1,86,-1,72
1,<environment.Job instance at 0x7f5e7d9dbaf0>,72,18,[8 1],73,-1,91,-1,73
1,<environment.Job instance at 0x7f5e7d9db460>,76,20,[10  4],77,-1,98,-1,78
1,<environment.Job instance at 0x7f5e7e691820>,78,17,[9 2],79,-1,96,-1,79
1,<environment.Job instance at 0x7f5e7d9db230>,74,14,[5 8],75,-1,94,-1,80
1,<environment.Job instance at 0x7f5e7e691460>,82,18,[5 3],83,-1,120,-1,102
1,<environment.Job instance at 0x7f5e7e691cd0>,84,18,[6 3],85,-1,120,-1,102
1,<environment.Job instance at 0x7f5e7e6916e0>,89,15,[4 7],90,-1,119,-1,104
1,<environment.Job instance at 0x7f5e7e691af0>,92,17,[5 9],93,-1,121,-1,104
1,<environment.Job instance at 0x7f5e7daeac80>,97,18,[5 5],98,-1,139,-1,121
1,<environment.Job instance at 0x7f5e7daea9b0>,98,18,[ 3 10],99,-1,139,-1,121
1,<environment.Job instance at 0x7f5e7e3162d0>,7,27,[8 5],8,-1,48,-1,21
1,<environment.Job instance at 0x7f5e7dc46d20>,19,2,[ 2 12],20,-1,49,-1,47
1,<environment.Job instance at 0x7f5e7d897af0>,22,24,[4 6],23,-1,87,-1,63
1,<environment.Job instance at 0x7f5e7e050370>,23,15,[ 2 13],24,-1,78,-1,63
1,<environment.Job instance at 0x7f5e7df8e3c0>,27,18,[14  1],28,-1,98,-1,80
1,<environment.Job instance at 0x7f5e7e1a37d0>,33,13,[ 3 11],34,-1,105,-1,92
1,<environment.Job instance at 0x7f5e7e056f50>,36,15,[11  2],37,-1,121,-1,106
1,<environment.Job instance at 0x7f5e7e447730>,40,12,[ 3 12],41,-1,133,-1,121
1,<environment.Job instance at 0x7f5e7d19d820>,3,27,[5 1],4,-1,31,-1,4
1,<environment.Job instance at 0x7f5e7d19daf0>,9,1,[1 6],10,-1,11,-1,10
1,<environment.Job instance at 0x7f5e7d19d190>,11,12,[3 8],12,-1,24,-1,12
1,<environment.Job instance at 0x7f5e7d19d550>,13,18,[6 4],14,-1,32,-1,14
1,<environment.Job instance at 0x7f5e7d19dd70>,14,18,[9 1],15,-1,33,-1,15
1,<environment.Job instance at 0x7f5e7d116f50>,20,18,[2 9],21,-1,39,-1,21
1,<environment.Job instance at 0x7f5e7d1160a0>,23,18,[5 3],24,-1,42,-1,24
1,<environment.Job instance at 0x7f5e7d12a910>,34,17,[5 1],35,-1,52,-1,35
1,<environment.Job instance at 0x7f5e7d12ad70>,36,18,[5 4],37,-1,55,-1,37
1,<environment.Job instance at 0x7f5e7d12ab90>,41,17,[7 4],42,-1,92,-1,75
1,<environment.Job instance at 0x7f5e7d1164b0>,28,13,[2 9],29,-1,102,-1,89
1,<environment.Job instance at 0x7f5e7d12ae10>,39,25,[3 8],40,-1,114,-1,89
1,<environment.Job instance at 0x7f5e7d12ac80>,45,18,[8 2],46,-1,107,-1,89
1,<environment.Job instance at 0x7f5e7d12a730>,51,18,[13  5],52,-1,107,-1,89
1,<environment.Job instance at 0x7f5e7d1795f0>,52,13,[9 3],53,-1,102,-1,89
1,<environment.Job instance at 0x7f5e7d12a1e0>,47,28,[4 9],48,-1,117,-1,89
1,<environment.Job instance at 0x7f5e7d179a50>,54,13,[5 5],55,-1,102,-1,89
1,<environment.Job instance at 0x7f5e7d179f00>,56,15,[10  2],57,-1,105,-1,90
1,<environment.Job instance at 0x7f5e7d179690>,60,14,[10  4],61,-1,106,-1,92
1,<environment.Job instance at 0x7f5e7d179320>,55,14,[11  2],56,-1,106,-1,92
1,<environment.Job instance at 0x7f5e7d179d70>,61,15,[7 2],62,-1,107,-1,92
1,<environment.Job instance at 0x7f5e7d1f8780>,68,16,[10  1],69,-1,109,-1,93
1,<environment.Job instance at 0x7f5e7df9fd20>,69,18,[8 2],70,-1,112,-1,94
1,<environment.Job instance at 0x7f5e7d391320>,70,18,[2 8],71,-1,113,-1,95
1,<environment.Job instance at 0x7f5e7d316c30>,73,14,[5 7],74,-1,109,-1,95
1,<environment.Job instance at 0x7f5e7d316fa0>,74,15,[7 2],75,-1,110,-1,95
1,<environment.Job instance at 0x7f5e7df46190>,75,18,[9 1],76,-1,113,-1,95
1,<environment.Job instance at 0x7f5e7df46280>,77,12,[9 1],78,-1,107,-1,95
1,<environment.Job instance at 0x7f5e7d12a5f0>,40,17,[7 1],41,-1,112,-1,95
1,<environment.Job instance at 0x7f5e7df461e0>,80,15,[5 8],81,-1,111,-1,96
1,<environment.Job instance at 0x7f5e7dbd3cd0>,89,25,[ 3 10],90,-1,133,-1,108
1,<environment.Job instance at 0x7f5e7dce13c0>,84,21,[8 1],85,-1,129,-1,108
1,<environment.Job instance at 0x7f5e7e8211e0>,90,18,[ 2 11],91,-1,126,-1,108
1,<environment.Job instance at 0x7f5e7dce1280>,85,13,[2 6],86,-1,121,-1,108
1,<environment.Job instance at 0x7f5e7dd291e0>,94,17,[5 4],95,-1,126,-1,109
1,<environment.Job instance at 0x7f5ea2419460>,95,15,[9 4],96,-1,125,-1,110
1,<environment.Job instance at 0x7f5e7d376190>,97,23,[9 2],98,-1,134,-1,111
1,<environment.Job instance at 0x7f5e7dc283c0>,96,15,[4 7],97,-1,126,-1,111
1,<environment.Job instance at 0x7f5e7d376050>,100,15,[4 8],101,-1,126,-1,111
1,<environment.Job instance at 0x7f5e7d376e10>,103,17,[7 4],104,-1,129,-1,112
1,<environment.Job instance at 0x7f5e7de48140>,105,15,[9 1],106,-1,127,-1,112
1,<environment.Job instance at 0x7f5e7e9550f0>,108,16,[6 5],109,-1,130,-1,114
1,<environment.Job instance at 0x7f5e7e955b90>,110,15,[7 2],111,-1,129,-1,114
1,<environment.Job instance at 0x7f5e7e046b90>,91,12,[ 1 10],92,-1,140,-1,128
1,<environment.Job instance at 0x7f5e7d4e28c0>,0,17,[ 5 13],1,-1,18,-1,1
1,<environment.Job instance at 0x7f5e7d4e4410>,3,27,[5 1],4,-1,32,-1,5
1,<environment.Job instance at 0x7f5e7d449c30>,6,2,[ 5 12],7,-1,9,-1,7
1,<environment.Job instance at 0x7f5e7e552d20>,15,17,[14  4],16,-1,38,-1,21
1,<environment.Job instance at 0x7f5e7e5560a0>,21,12,[13  5],22,-1,58,-1,46
1,<environment.Job instance at 0x7f5e7e7f3aa0>,27,26,[3 7],28,-1,93,-1,67
1,<environment.Job instance at 0x7f5e7e54cbe0>,37,1,[ 2 11],38,-1,89,-1,88
1,<environment.Job instance at 0x7f5e7e53ea00>,39,25,[3 8],40,-1,126,-1,101
1,<environment.Job instance at 0x7f5e7e5dbf50>,7,18,[3 9],8,-1,28,-1,10
1,<environment.Job instance at 0x7f5e7e5db550>,12,15,[ 1 10],13,-1,28,-1,13
1,<environment.Job instance at 0x7f5e7e5db1e0>,13,24,[3 5],14,-1,38,-1,14
1,<environment.Job instance at 0x7f5e7e5dbe10>,15,16,[5 5],16,-1,32,-1,16
1,<environment.Job instance at 0x7f5e7e5db780>,18,17,[10  4],19,-1,38,-1,21
1,<environment.Job instance at 0x7f5e7e8e1af0>,21,17,[4 7],22,-1,39,-1,22
1,<environment.Job instance at 0x7f5e7e8e1960>,22,15,[2 7],23,-1,38,-1,23
1,<environment.Job instance at 0x7f5e7e8e1d20>,23,17,[4 9],24,-1,41,-1,24
1,<environment.Job instance at 0x7f5e7e8e1f00>,28,16,[9 2],29,-1,47,-1,31
1,<environment.Job instance at 0x7f5e7e8e10a0>,31,16,[2 7],32,-1,48,-1,32
1,<environment.Job instance at 0x7f5e7e8e1cd0>,34,15,[3 8],35,-1,50,-1,35
1,<environment.Job instance at 0x7f5e7e8c9be0>,38,13,[ 5 10],39,-1,52,-1,39
1,<environment.Job instance at 0x7f5e7e8e1820>,30,26,[4 8],31,-1,66,-1,40
1,<environment.Job instance at 0x7f5e7e8c9410>,40,18,[8 5],41,-1,59,-1,41
1,<environment.Job instance at 0x7f5e7e8c97d0>,43,18,[8 1],44,-1,62,-1,44
1,<environment.Job instance at 0x7f5e7e8c9460>,42,18,[4 5],43,-1,63,-1,45
1,<environment.Job instance at 0x7f5e7e8c9960>,46,13,[5 6],47,-1,61,-1,48
1,<environment.Job instance at 0x7f5e7e8c9230>,48,17,[10  4],49,-1,66,-1,49
1,<environment.Job instance at 0x7f5e7e8c96e0>,45,15,[12  1],46,-1,73,-1,58
1,<environment.Job instance at 0x7f5e7e8bf2d0>,56,14,[6 1],57,-1,72,-1,58
1,<environment.Job instance at 0x7f5e7e8bfc80>,59,18,[ 3 12],60,-1,90,-1,72
1,<environment.Job instance at 0x7f5e7e8c9190>,49,15,[5 9],50,-1,90,-1,75
1,<environment.Job instance at 0x7f5e7e8bf320>,63,17,[10  3],64,-1,104,-1,87
1,<environment.Job instance at 0x7f5e7e8bff00>,67,15,[6 4],68,-1,103,-1,88
1,<environment.Job instance at 0x7f5e7e8bf4b0>,69,15,[ 5 10],70,-1,103,-1,88
1,<environment.Job instance at 0x7f5e7e8bf410>,70,19,[5 4],71,-1,107,-1,88
1,<environment.Job instance at 0x7f5e7dd21fa0>,71,17,[ 2 10],72,-1,105,-1,88
1,<environment.Job instance at 0x7f5e7dd21230>,73,18,[9 2],74,-1,106,-1,88
1,<environment.Job instance at 0x7f5e7dd218c0>,74,24,[5 9],75,-1,113,-1,89
1,<environment.Job instance at 0x7f5e7dd215a0>,75,16,[10  3],76,-1,106,-1,90
1,<environment.Job instance at 0x7f5e7dd21be0>,77,26,[8 5],78,-1,116,-1,90
1,<environment.Job instance at 0x7f5e7e8bf550>,68,17,[3 8],69,-1,109,-1,92
1,<environment.Job instance at 0x7f5e7dd21870>,79,15,[6 5],80,-1,112,-1,97
1,<environment.Job instance at 0x7f5e7dd21960>,83,26,[7 5],84,-1,123,-1,97
1,<environment.Job instance at 0x7f5e7dd217d0>,84,16,[3 9],85,-1,114,-1,98
1,<environment.Job instance at 0x7f5e7dd21370>,81,3,[9 4],82,-1,103,-1,100
1,<environment.Job instance at 0x7f5e7e9342d0>,87,18,[ 3 10],88,-1,118,-1,100
1,<environment.Job instance at 0x7f5e7dd215f0>,80,17,[10  1],81,-1,117,-1,100
1,<environment.Job instance at 0x7f5e7e934410>,88,16,[3 5],89,-1,116,-1,100
1,<environment.Job instance at 0x7f5e7dd21f00>,86,20,[3 6],87,-1,125,-1,105
1,<environment.Job instance at 0x7f5e7e934230>,92,18,[4 7],93,-1,126,-1,108
1,<environment.Job instance at 0x7f5e7e934460>,95,17,[9 3],96,-1,125,-1,108
1,<environment.Job instance at 0x7f5e7e934140>,89,16,[8 5],90,-1,124,-1,108
1,<environment.Job instance at 0x7f5e7e8e19b0>,29,24,[7 1],30,-1,133,-1,109
1,<environment.Job instance at 0x7f5e7e895230>,104,3,[3 9],105,-1,112,-1,109
1,<environment.Job instance at 0x7f5e7e895870>,101,12,[10  4],102,-1,121,-1,109
1,<environment.Job instance at 0x7f5e7dee0320>,108,16,[ 5 13],109,-1,125,-1,109
1,<environment.Job instance at 0x7f5e7e934280>,90,1,[9 3],91,-1,116,-1,115
1,<environment.Job instance at 0x7f5e7ded50f0>,111,15,[14  4],112,-1,133,-1,118
1,<environment.Job instance at 0x7f5e7d804640>,114,17,[5 9],115,-1,135,-1,118
1,<environment.Job instance at 0x7f5e7d804c80>,116,23,[10  4],117,-1,141,-1,118
1,<environment.Job instance at 0x7f5e7e03fa00>,112,13,[7 3],113,-1,131,-1,118
1,<environment.Job instance at 0x7f5e7d804370>,115,17,[5 9],116,-1,135,-1,118
1,<environment.Job instance at 0x7f5e7d8046e0>,119,18,[9 5],120,-1,140,-1,122
1,<environment.Job instance at 0x7f5e7d804870>,118,17,[4 9],119,-1,139,-1,122
1,<environment.Job instance at 0x7f5e7da9cfa0>,121,17,[8 2],122,-1,139,-1,122
1,<environment.Job instance at 0x7f5e7e66d320>,122,18,[10  5],123,-1,141,-1,123
1,<environment.Job instance at 0x7f5e7e0cee60>,120,3,[10  4],121,-1,129,-1,126
1,<environment.Job instance at 0x7f5e7e0240f0>,125,16,[3 8],126,-1,142,-1,126
1,<environment.Job instance at 0x7f5e7e81aa00>,126,14,[4 7],127,-1,141,-1,127
1,<environment.Job instance at 0x7f5e7dd21c80>,82,13,[9 1],83,-1,140,-1,127
1,<environment.Job instance at 0x7f5e7df01fa0>,127,18,[5 4],128,-1,146,-1,128
1,<environment.Job instance at 0x7f5e7e81a2d0>,5,13,[ 3 12],6,-1,19,-1,6
1,<environment.Job instance at 0x7f5e86f2cbe0>,6,13,[ 4 12],7,-1,20,-1,7
1,<environment.Job instance at 0x7f5e7e54cc80>,13,24,[3 5],14,-1,42,-1,18
1,<environment.Job instance at 0x7f5e7db86f50>,29,24,[7 1],30,-1,93,-1,69
1,<environment.Job instance at 0x7f5e87310820>,30,26,[4 8],31,-1,110,-1,84
1,<environment.Job instance at 0x7f5e7e218320>,1,17,[7 2],2,-1,19,-1,2
1,<environment.Job instance at 0x7f5e7d4b95a0>,3,16,[3 9],4,-1,20,-1,4
1,<environment.Job instance at 0x7f5e7d4b9280>,4,13,[10  1],5,-1,19,-1,6
1,<environment.Job instance at 0x7f5e7d4b9d20>,6,14,[1 5],7,-1,21,-1,7
1,<environment.Job instance at 0x7f5e7d4b9870>,9,25,[8 3],10,-1,35,-1,10
1,<environment.Job instance at 0x7f5e7d4b9960>,11,17,[3 7],12,-1,29,-1,12
1,<environment.Job instance at 0x7f5e7d4b9af0>,13,18,[2 6],14,-1,32,-1,14
1,<environment.Job instance at 0x7f5e7d4b9a50>,14,18,[8 2],15,-1,33,-1,15
1,<environment.Job instance at 0x7f5e7d4b99b0>,16,17,[1 6],17,-1,34,-1,17
1,<environment.Job instance at 0x7f5e7d4b92d0>,17,18,[5 2],18,-1,36,-1,18
1,<environment.Job instance at 0x7f5e7d4b90a0>,18,17,[3 5],19,-1,36,-1,19
1,<environment.Job instance at 0x7f5e7e412500>,21,15,[10  5],22,-1,37,-1,22
1,<environment.Job instance at 0x7f5e7e4121e0>,22,18,[10  1],23,-1,41,-1,23
1,<environment.Job instance at 0x7f5e7e412a00>,25,12,[5 9],26,-1,38,-1,26
1,<environment.Job instance at 0x7f5e7e412320>,31,18,[7 1],32,-1,50,-1,32
1,<environment.Job instance at 0x7f5e86f7aa50>,33,18,[ 3 10],34,-1,52,-1,34
1,<environment.Job instance at 0x7f5e7d8e2870>,38,12,[10  2],39,-1,51,-1,39
1,<environment.Job instance at 0x7f5e7d8e2370>,41,15,[9 5],42,-1,57,-1,42
1,<environment.Job instance at 0x7f5e7db77500>,42,14,[ 1 10],43,-1,57,-1,43
1,<environment.Job instance at 0x7f5e7db77910>,45,15,[10  1],46,-1,61,-1,46
1,<environment.Job instance at 0x7f5e7db77460>,46,21,[3 7],47,-1,68,-1,47
1,<environment.Job instance at 0x7f5e7db779b0>,47,15,[ 3 10],48,-1,63,-1,48
1,<environment.Job instance at 0x7f5e7db77a00>,48,28,[8 3],49,-1,77,-1,49
1,<environment.Job instance at 0x7f5e7db77c80>,49,20,[1 9],50,-1,70,-1,50
1,<environment.Job instance at 0x7f5e7db77780>,51,17,[5 6],52,-1,69,-1,52
1,<environment.Job instance at 0x7f5e7d5d5140>,52,16,[10  1],53,-1,70,-1,54
1,<environment.Job instance at 0x7f5e7d5d58c0>,53,17,[ 2 10],54,-1,71,-1,54
1,<environment.Job instance at 0x7f5e7d5d5d70>,58,15,[10  2],59,-1,75,-1,60
1,<environment.Job instance at 0x7f5e7d5d5460>,61,18,[4 6],62,-1,80,-1,62
1,<environment.Job instance at 0x7f5e7d5d5aa0>,62,15,[1 7],63,-1,78,-1,63
1,<environment.Job instance at 0x7f5e7d5d5b40>,63,17,[6 1],64,-1,81,-1,64
1,<environment.Job instance at 0x7f5e7d5d5af0>,65,12,[1 9],66,-1,78,-1,66
1,<environment.Job instance at 0x7f5e7d5d5f50>,66,13,[8 3],67,-1,80,-1,67
1,<environment.Job instance at 0x7f5e7d5d5640>,68,15,[8 2],69,-1,84,-1,69
1,<environment.Job instance at 0x7f5e7db5d4b0>,69,3,[5 6],70,-1,73,-1,70
1,<environment.Job instance at 0x7f5e7db5deb0>,70,2,[2 9],71,-1,73,-1,71
1,<environment.Job instance at 0x7f5e7db5d550>,71,13,[ 1 13],72,-1,85,-1,72
1,<environment.Job instance at 0x7f5e7d5d5780>,59,18,[3 8],60,-1,90,-1,72
1,<environment.Job instance at 0x7f5e7db5d050>,73,12,[5 9],74,-1,87,-1,75
1,<environment.Job instance at 0x7f5e7db5da00>,80,15,[12  3],81,-1,103,-1,88
1,<environment.Job instance at 0x7f5e7db5d410>,74,16,[1 8],75,-1,104,-1,88
1,<environment.Job instance at 0x7f5e7e9b01e0>,90,18,[5 7],91,-1,109,-1,91
1,<environment.Job instance at 0x7f5e7e9b0190>,91,23,[5 9],92,-1,115,-1,92
1,<environment.Job instance at 0x7f5e7e56ac80>,9,25,[8 3],10,-1,44,-1,19
1,<environment.Job instance at 0x7f5e7e56a230>,12,24,[11  1],13,-1,45,-1,21
1,<environment.Job instance at 0x7f5e7da90910>,1,15,[10  1],2,-1,26,-1,11
1,<environment.Job instance at 0x7f5e86fd4af0>,4,25,[8 2],5,-1,42,-1,17
1,<environment.Job instance at 0x7f5e86fd4d70>,3,27,[9 4],4,-1,44,-1,17
1,<environment.Job instance at 0x7f5e7d16a1e0>,7,13,[3 5],8,-1,30,-1,17
1,<environment.Job instance at 0x7f5e7d16a500>,12,17,[5 9],13,-1,34,-1,17
1,<environment.Job instance at 0x7f5e7e447050>,18,16,[8 5],19,-1,35,-1,19
1,<environment.Job instance at 0x7f5e7d16a960>,17,17,[3 7],18,-1,36,-1,19
1,<environment.Job instance at 0x7f5e7d16aa50>,13,18,[6 1],14,-1,37,-1,19
1,<environment.Job instance at 0x7f5e7e447410>,19,16,[5 1],20,-1,36,-1,20
1,<environment.Job instance at 0x7f5e7d780be0>,25,22,[9 4],26,-1,53,-1,31
1,<environment.Job instance at 0x7f5e7d16a3c0>,6,18,[7 2],7,-1,49,-1,31
1,<environment.Job instance at 0x7f5e7d456730>,30,13,[5 8],31,-1,44,-1,31
1,<environment.Job instance at 0x7f5e7d456370>,31,12,[10  5],32,-1,44,-1,32
1,<environment.Job instance at 0x7f5e7d456280>,32,15,[ 5 10],33,-1,48,-1,33
1,<environment.Job instance at 0x7f5e7d456550>,33,16,[5 8],34,-1,50,-1,34
1,<environment.Job instance at 0x7f5e7d456dc0>,37,14,[6 2],38,-1,57,-1,43
1,<environment.Job instance at 0x7f5e7d4568c0>,35,12,[3 5],36,-1,55,-1,43
1,<environment.Job instance at 0x7f5e7d456320>,36,22,[3 8],37,-1,65,-1,43
1,<environment.Job instance at 0x7f5e7deae5a0>,46,12,[3 8],47,-1,59,-1,47
1,<environment.Job instance at 0x7f5e7deae550>,48,17,[3 7],49,-1,66,-1,49
1,<environment.Job instance at 0x7f5e7e2dcaf0>,49,12,[ 5 10],50,-1,62,-1,50
1,<environment.Job instance at 0x7f5e7e2dcbe0>,50,18,[9 4],51,-1,69,-1,51
1,<environment.Job instance at 0x7f5e7e2dca00>,51,12,[ 4 10],52,-1,64,-1,52
1,<environment.Job instance at 0x7f5e7deae6e0>,45,15,[13  3],46,-1,69,-1,54
1,<environment.Job instance at 0x7f5e7e2dc190>,54,17,[14  4],55,-1,72,-1,55
1,<environment.Job instance at 0x7f5e7e2dcc80>,61,15,[10  3],62,-1,77,-1,62
1,<environment.Job instance at 0x7f5e7e2dc500>,58,24,[8 2],59,-1,87,-1,63
1,<environment.Job instance at 0x7f5e7e2dc1e0>,62,18,[1 9],63,-1,81,-1,63
1,<environment.Job instance at 0x7f5e7e992870>,63,17,[6 3],64,-1,81,-1,64
1,<environment.Job instance at 0x7f5e7d3fc4b0>,64,17,[7 1],65,-1,84,-1,67
1,<environment.Job instance at 0x7f5e7d4130f0>,67,13,[ 2 10],68,-1,81,-1,68
1,<environment.Job instance at 0x7f5e7d5635a0>,66,24,[13  3],67,-1,93,-1,69
1,<environment.Job instance at 0x7f5e7d615690>,76,18,[8 5],77,-1,95,-1,77
1,<environment.Job instance at 0x7f5e7d615af0>,74,15,[9 5],75,-1,96,-1,81
1,<environment.Job instance at 0x7f5e7e1a10f0>,83,26,[7 3],84,-1,110,-1,84
1,<environment.Job instance at 0x7f5e872d19b0>,84,13,[1 9],85,-1,99,-1,86
1,<environment.Job instance at 0x7f5e7e1a1870>,85,12,[9 2],86,-1,98,-1,86
1,<environment.Job instance at 0x7f5e7daf39b0>,86,17,[1 8],87,-1,104,-1,87
1,<environment.Job instance at 0x7f5e7d9ed0f0>,87,27,[1 8],88,-1,115,-1,88
1,<environment.Job instance at 0x7f5e7d456d20>,29,27,[5 8],30,-1,118,-1,91
1,<environment.Job instance at 0x7f5e7d427690>,90,15,[2 8],91,-1,106,-1,91
1,<environment.Job instance at 0x7f5e7d41d5f0>,72,18,[4 9],73,-1,110,-1,92
1,<environment.Job instance at 0x7f5e7ddfd410>,91,17,[3 7],92,-1,109,-1,92
1,<environment.Job instance at 0x7f5e7d910c30>,92,14,[1 9],93,-1,107,-1,93
1,<environment.Job instance at 0x7f5e7e7e0dc0>,80,15,[9 2],81,-1,109,-1,94
1,<environment.Job instance at 0x7f5e7dedf370>,94,15,[9 2],95,-1,110,-1,95
1,<environment.Job instance at 0x7f5e7d9e0a00>,96,12,[5 8],97,-1,110,-1,98
1,<environment.Job instance at 0x7f5e7d9f4500>,100,26,[2 8],101,-1,130,-1,104
1,<environment.Job instance at 0x7f5e8754eb90>,102,14,[9 2],103,-1,118,-1,104
1,<environment.Job instance at 0x7f5e8754ee60>,103,14,[9 2],104,-1,118,-1,104
1,<environment.Job instance at 0x7f5e7e40da50>,105,16,[5 1],106,-1,124,-1,108
1,<environment.Job instance at 0x7f5e8754e0a0>,101,13,[5 2],102,-1,122,-1,109
1,<environment.Job instance at 0x7f5e7d9f4460>,99,15,[4 6],100,-1,124,-1,109
1,<environment.Job instance at 0x7f5e7e40dd70>,110,20,[7 1],111,-1,131,-1,111
1,<environment.Job instance at 0x7f5e7ddcf230>,111,14,[9 4],112,-1,126,-1,112
1,<environment.Job instance at 0x7f5e7e39bdc0>,113,17,[3 7],114,-1,131,-1,114
1,<environment.Job instance at 0x7f5e7e40d0f0>,108,12,[9 4],109,-1,131,-1,119
1,<environment.Job instance at 0x7f5e7e73d0f0>,3,27,[9 4],4,-1,44,-1,17
1,<environment.Job instance at 0x7f5e7de05af0>,4,25,[8 2],5,-1,42,-1,17
1,<environment.Job instance at 0x7f5e7e45f370>,10,12,[ 4 12],11,-1,29,-1,17
1,<environment.Job instance at 0x7f5e7d98d4b0>,29,27,[5 8],30,-1,98,-1,71
1,<environment.Job instance at 0x7f5e7e7b9f50>,45,15,[13  3],46,-1,127,-1,112
1,<environment.Job instance at 0x7f5e7db032d0>,5,24,[7 4],6,-1,30,-1,6
1,<environment.Job instance at 0x7f5e7db033c0>,6,14,[9 1],7,-1,22,-1,8
1,<environment.Job instance at 0x7f5e7dadbbe0>,11,14,[ 2 10],12,-1,26,-1,12
1,<environment.Job instance at 0x7f5e7dadb730>,13,18,[8 3],14,-1,32,-1,14
1,<environment.Job instance at 0x7f5e7dadb6e0>,15,25,[6 2],16,-1,41,-1,16
1,<environment.Job instance at 0x7f5e7dadbcd0>,19,18,[ 1 10],20,-1,38,-1,20
1,<environment.Job instance at 0x7f5e7dadb280>,22,15,[4 5],23,-1,38,-1,23
1,<environment.Job instance at 0x7f5e7daf21e0>,25,18,[4 5],26,-1,44,-1,26
1,<environment.Job instance at 0x7f5e7daf2a00>,27,17,[8 3],28,-1,45,-1,28
1,<environment.Job instance at 0x7f5e7daf2e10>,28,14,[9 3],29,-1,43,-1,29
1,<environment.Job instance at 0x7f5e7daf23c0>,30,17,[8 5],31,-1,48,-1,31
1,<environment.Job instance at 0x7f5e7daf2640>,32,21,[9 5],33,-1,54,-1,33
1,<environment.Job instance at 0x7f5e7dacb500>,36,15,[3 5],37,-1,52,-1,37
1,<environment.Job instance at 0x7f5e7dacb410>,41,18,[5 5],42,-1,60,-1,42
1,<environment.Job instance at 0x7f5e7dacb190>,42,15,[ 1 10],43,-1,61,-1,46
1,<environment.Job instance at 0x7f5e7dae46e0>,46,17,[3 5],47,-1,64,-1,47
1,<environment.Job instance at 0x7f5e7dae4a00>,47,15,[5 9],48,-1,63,-1,48
1,<environment.Job instance at 0x7f5e7daccf50>,0,24,[ 4 14],1,-1,25,-1,1
1,<environment.Job instance at 0x7f5e7dd5dfa0>,4,14,[ 1 11],5,-1,19,-1,5
1,<environment.Job instance at 0x7f5e7dacceb0>,5,24,[7 4],6,-1,40,-1,16
1,<environment.Job instance at 0x7f5e7db040f0>,15,25,[6 2],16,-1,56,-1,31
1,<environment.Job instance at 0x7f5e7db046e0>,16,2,[ 1 13],17,-1,33,-1,31
1,<environment.Job instance at 0x7f5e7db03af0>,26,26,[10  2],27,-1,78,-1,52
1,<environment.Job instance at 0x7f5e7e8cabe0>,34,1,[12  5],35,-1,82,-1,81
1,<environment.Job instance at 0x7f5e7e8ca230>,35,1,[ 2 14],36,-1,82,-1,81
1,<environment.Job instance at 0x7f5e7e8ca550>,37,2,[14  3],38,-1,87,-1,85
1,<environment.Job instance at 0x7f5e7d615eb0>,0,17,[9 5],1,-1,18,-1,1
1,<environment.Job instance at 0x7f5e7d615f00>,1,14,[9 4],2,-1,18,-1,4
1,<environment.Job instance at 0x7f5e7dd5d640>,4,18,[6 5],5,-1,23,-1,5
1,<environment.Job instance at 0x7f5e7dd5d1e0>,6,28,[7 3],7,-1,35,-1,7
1,<environment.Job instance at 0x7f5e7dd5d140>,8,18,[1 8],9,-1,27,-1,9
1,<environment.Job instance at 0x7f5e7dd5d3c0>,9,21,[10  5],10,-1,31,-1,10
1,<environment.Job instance at 0x7f5e7dd5db90>,10,15,[4 9],11,-1,26,-1,11
1,<environment.Job instance at 0x7f5e7dd5deb0>,14,13,[3 8],15,-1,28,-1,15
1,<environment.Job instance at 0x7f5e7dd5db40>,17,16,[2 6],18,-1,34,-1,18
1,<environment.Job instance at 0x7f5e7dd5d460>,18,17,[7 4],19,-1,36,-1,19
1,<environment.Job instance at 0x7f5e7d029050>,22,20,[1 9],23,-1,43,-1,23
1,<environment.Job instance at 0x7f5e7d029410>,23,18,[3 7],24,-1,42,-1,24
1,<environment.Job instance at 0x7f5e7d0298c0>,26,18,[3 6],27,-1,45,-1,27
1,<environment.Job instance at 0x7f5e7d0297d0>,28,17,[2 5],29,-1,46,-1,29
1,<environment.Job instance at 0x7f5e7d029cd0>,34,18,[2 9],35,-1,53,-1,35
1,<environment.Job instance at 0x7f5e7e8a1230>,35,26,[5 5],36,-1,62,-1,36
1,<environment.Job instance at 0x7f5e7e8a1550>,37,15,[8 4],38,-1,53,-1,38
1,<environment.Job instance at 0x7f5e7e8a1f00>,38,22,[10  5],39,-1,62,-1,40
1,<environment.Job instance at 0x7f5e7e8a1aa0>,40,17,[2 7],41,-1,58,-1,41
1,<environment.Job instance at 0x7f5e7e8a1280>,44,25,[9 4],45,-1,70,-1,45
1,<environment.Job instance at 0x7f5e7de5dbe0>,47,14,[4 5],48,-1,62,-1,48
1,<environment.Job instance at 0x7f5e7dff3320>,50,25,[9 5],51,-1,76,-1,51
1,<environment.Job instance at 0x7f5e7dff3a00>,54,17,[6 3],55,-1,72,-1,55
1,<environment.Job instance at 0x7f5e7dff38c0>,55,22,[6 4],56,-1,78,-1,56
1,<environment.Job instance at 0x7f5e7dff30a0>,56,15,[7 3],57,-1,72,-1,57
1,<environment.Job instance at 0x7f5e7dff3870>,58,13,[2 8],59,-1,72,-1,59
1,<environment.Job instance at 0x7f5e7d1120a0>,59,14,[ 1 10],60,-1,74,-1,60
1,<environment.Job instance at 0x7f5e7d112a00>,61,16,[ 2 10],62,-1,78,-1,62
1,<environment.Job instance at 0x7f5e7d1120f0>,62,22,[2 7],63,-1,85,-1,63
1,<environment.Job instance at 0x7f5e7d112230>,65,16,[10  3],66,-1,82,-1,66
1,<environment.Job instance at 0x7f5e7d112b40>,66,18,[8 3],67,-1,85,-1,67
1,<environment.Job instance at 0x7f5e7d112640>,69,17,[1 9],70,-1,87,-1,70
1,<environment.Job instance at 0x7f5e7d112eb0>,70,15,[9 4],71,-1,86,-1,71
1,<environment.Job instance at 0x7f5e7d112460>,74,18,[6 4],75,-1,93,-1,75
1,<environment.Job instance at 0x7f5e7dc23230>,77,25,[6 4],78,-1,103,-1,78
1,<environment.Job instance at 0x7f5e7d112d70>,72,17,[9 5],73,-1,127,-1,110
1,<environment.Job instance at 0x7f5e7e8a1780>,39,15,[2 8],40,-1,129,-1,114
1,<environment.Job instance at 0x7f5e7dc23550>,93,2,[ 5 10],94,-1,117,-1,115
1,<environment.Job instance at 0x7f5e7dc23960>,94,13,[3 6],95,-1,130,-1,117
1,<environment.Job instance at 0x7f5e7dc23fa0>,88,16,[8 2],89,-1,133,-1,117
1,<environment.Job instance at 0x7f5e7dc23a00>,91,21,[4 7],92,-1,138,-1,117
1,<environment.Job instance at 0x7f5e7dc23460>,95,17,[4 6],96,-1,134,-1,117
1,<environment.Job instance at 0x7f5e7d21c230>,101,26,[5 4],102,-1,145,-1,119
1,<environment.Job instance at 0x7f5e7daea820>,6,28,[7 3],7,-1,46,-1,18
1,<environment.Job instance at 0x7f5e7e8caaf0>,15,16,[ 4 14],16,-1,40,-1,24
1,<environment.Job instance at 0x7f5e7db03be0>,27,26,[ 2 12],28,-1,97,-1,71
1,<environment.Job instance at 0x7f5e7db03780>,29,1,[ 3 12],30,-1,75,-1,74
1,<environment.Job instance at 0x7f5e7db03500>,32,3,[11  1],33,-1,86,-1,83
1,<environment.Job instance at 0x7f5e7dacbaf0>,35,26,[5 5],36,-1,118,-1,92
1,<environment.Job instance at 0x7f5e7db04c80>,44,25,[9 4],45,-1,152,-1,127
1,<environment.Job instance at 0x7f5e7d963d20>,3,18,[5 5],4,-1,23,-1,5
1,<environment.Job instance at 0x7f5e7d963eb0>,4,16,[10  2],5,-1,21,-1,5
1,<environment.Job instance at 0x7f5e7dbf2280>,13,12,[9 5],14,-1,26,-1,14
1,<environment.Job instance at 0x7f5e7dbf2460>,14,18,[ 3 10],15,-1,33,-1,15
1,<environment.Job instance at 0x7f5e7dbf2c30>,15,14,[5 8],16,-1,30,-1,16
1,<environment.Job instance at 0x7f5e7dbf2410>,16,14,[5 5],17,-1,32,-1,18
1,<environment.Job instance at 0x7f5e7dbf2a50>,18,16,[7 5],19,-1,35,-1,19
1,<environment.Job instance at 0x7f5e7dbf2be0>,19,20,[5 5],20,-1,40,-1,20
1,<environment.Job instance at 0x7f5e7dbf20a0>,25,15,[1 9],26,-1,41,-1,26
1,<environment.Job instance at 0x7f5e7dbd2910>,26,18,[1 8],27,-1,45,-1,27
1,<environment.Job instance at 0x7f5e7dbd23c0>,31,14,[10  5],32,-1,46,-1,32
1,<environment.Job instance at 0x7f5e870e3690>,35,15,[7 2],36,-1,51,-1,36
1,<environment.Job instance at 0x7f5e7e5f8500>,37,28,[8 2],38,-1,66,-1,38
1,<environment.Job instance at 0x7f5e86f56550>,38,15,[8 5],39,-1,54,-1,39
1,<environment.Job instance at 0x7f5e7d7dd410>,1,18,[ 3 14],2,-1,20,-1,2
1,<environment.Job instance at 0x7f5e7d9eba50>,8,13,[14  3],9,-1,22,-1,9
1,<environment.Job instance at 0x7f5e7d7f11e0>,27,2,[13  4],28,-1,81,-1,79
1,<environment.Job instance at 0x7f5e7e229dc0>,36,13,[13  5],37,-1,117,-1,104
1,<environment.Job instance at 0x7f5e7dee0aa0>,40,17,[14  5],41,-1,134,-1,117
1,<environment.Job instance at 0x7f5e7dd77b90>,41,14,[13  2],42,-1,131,-1,117
1,<environment.Job instance at 0x7f5e7e229aa0>,37,28,[8 2],38,-1,147,-1,119
1,<environment.Job instance at 0x7f5e7d9e4fa0>,0,16,[7 5],1,-1,17,-1,1
1,<environment.Job instance at 0x7f5e7d9c95a0>,5,28,[5 5],6,-1,34,-1,6
1,<environment.Job instance at 0x7f5e7d9c90f0>,9,18,[1 5],10,-1,28,-1,10
1,<environment.Job instance at 0x7f5e7d9c92d0>,11,21,[4 8],12,-1,33,-1,12
1,<environment.Job instance at 0x7f5e7d9c9c30>,13,16,[10  5],14,-1,30,-1,14
1,<environment.Job instance at 0x7f5e7d829b40>,20,21,[6 2],21,-1,42,-1,21
1,<environment.Job instance at 0x7f5e7d829b90>,23,13,[10  4],24,-1,41,-1,28
1,<environment.Job instance at 0x7f5e7d829f00>,28,22,[4 8],29,-1,51,-1,29
1,<environment.Job instance at 0x7f5e7e3bb6e0>,29,16,[ 4 11],30,-1,50,-1,34
1,<environment.Job instance at 0x7f5e7e3bb050>,35,14,[4 5],36,-1,57,-1,43
1,<environment.Job instance at 0x7f5e7e3bb730>,34,14,[ 1 10],35,-1,57,-1,43
1,<environment.Job instance at 0x7f5e7e3bb820>,42,16,[10  5],43,-1,65,-1,49
1,<environment.Job instance at 0x7f5e7d829730>,30,28,[4 7],31,-1,77,-1,49
1,<environment.Job instance at 0x7f5e7e25ab90>,45,15,[10  3],46,-1,64,-1,49
1,<environment.Job instance at 0x7f5e7e25af00>,44,13,[6 3],45,-1,63,-1,50
1,<environment.Job instance at 0x7f5e7e3bb5f0>,38,2,[6 5],39,-1,62,-1,60
1,<environment.Job instance at 0x7f5e7e3bbaf0>,41,15,[4 5],42,-1,76,-1,61
1,<environment.Job instance at 0x7f5e7e25adc0>,49,17,[6 4],50,-1,78,-1,61
1,<environment.Job instance at 0x7f5e7e25a690>,50,14,[3 9],51,-1,75,-1,61
1,<environment.Job instance at 0x7f5e7e25ac80>,51,16,[ 4 10],52,-1,77,-1,61
1,<environment.Job instance at 0x7f5e7e25a500>,56,16,[7 1],57,-1,77,-1,61
1,<environment.Job instance at 0x7f5e7e25a6e0>,58,17,[ 1 10],59,-1,79,-1,62
1,<environment.Job instance at 0x7f5e7e25a3c0>,57,13,[5 5],58,-1,75,-1,62
1,<environment.Job instance at 0x7f5e7e25ad20>,48,18,[2 9],49,-1,84,-1,66
1,<environment.Job instance at 0x7f5e7e25a780>,46,12,[3 9],47,-1,83,-1,71
1,<environment.Job instance at 0x7f5e7df36820>,65,16,[5 2],66,-1,87,-1,71
1,<environment.Job instance at 0x7f5e7dee0b40>,71,16,[6 5],72,-1,89,-1,73
1,<environment.Job instance at 0x7f5e7dee0c30>,74,17,[4 9],75,-1,92,-1,75
1,<environment.Job instance at 0x7f5e7dee04b0>,75,17,[ 5 10],76,-1,93,-1,76
1,<environment.Job instance at 0x7f5e7dee03c0>,76,13,[7 5],77,-1,91,-1,78
1,<environment.Job instance at 0x7f5e7e3e9af0>,79,18,[9 4],80,-1,98,-1,80
1,<environment.Job instance at 0x7f5e7d800050>,89,16,[4 9],90,-1,106,-1,90
1,<environment.Job instance at 0x7f5e7e3e9910>,84,17,[5 2],85,-1,109,-1,92
1,<environment.Job instance at 0x7f5e7d800870>,93,17,[9 1],94,-1,111,-1,94
1,<environment.Job instance at 0x7f5e7d5402d0>,94,13,[10  1],95,-1,110,-1,97
1,<environment.Job instance at 0x7f5e7d9e6f50>,97,18,[7 5],98,-1,116,-1,98
1,<environment.Job instance at 0x7f5e7d9e67d0>,99,18,[ 3 10],100,-1,124,-1,106
1,<environment.Job instance at 0x7f5e7d7e4b40>,5,28,[5 5],6,-1,34,-1,6
1,<environment.Job instance at 0x7f5e7d7e47d0>,10,12,[ 4 14],11,-1,23,-1,11
1,<environment.Job instance at 0x7f5e7d9c9dc0>,18,1,[ 1 11],19,-1,26,-1,25
1,<environment.Job instance at 0x7f5e7e3bb7d0>,29,16,[ 4 11],30,-1,62,-1,46
1,<environment.Job instance at 0x7f5e7e25a9b0>,31,15,[ 5 14],32,-1,62,-1,47
1,<environment.Job instance at 0x7f5e7e25ab40>,30,28,[4 7],31,-1,75,-1,47
1,<environment.Job instance at 0x7f5e7dd2d690>,33,14,[ 3 11],34,-1,61,-1,47
1,<environment.Job instance at 0x7f5e7dee0d70>,47,17,[ 4 14],48,-1,106,-1,89
1,<environment.Job instance at 0x7f5e7e844e60>,7,12,[7 5],8,-1,20,-1,8
1,<environment.Job instance at 0x7f5e7e844e10>,9,25,[1 7],10,-1,35,-1,10
1,<environment.Job instance at 0x7f5e7e843190>,10,1,[7 1],11,-1,12,-1,11
1,<environment.Job instance at 0x7f5e7e8430f0>,11,16,[5 9],12,-1,28,-1,12
1,<environment.Job instance at 0x7f5e7e8431e0>,12,17,[7 4],13,-1,30,-1,13
1,<environment.Job instance at 0x7f5e7e843280>,13,14,[2 7],14,-1,28,-1,14
1,<environment.Job instance at 0x7f5e7e843320>,14,12,[4 7],15,-1,27,-1,15
1,<environment.Job instance at 0x7f5e7e843460>,16,17,[10  4],17,-1,34,-1,17
1,<environment.Job instance at 0x7f5e7e843550>,18,14,[ 5 11],19,-1,33,-1,19
1,<environment.Job instance at 0x7f5e7e843730>,19,17,[1 7],20,-1,37,-1,20
1,<environment.Job instance at 0x7f5e7e843a50>,22,18,[ 1 10],23,-1,41,-1,23
1,<environment.Job instance at 0x7f5e7e843b40>,23,15,[1 5],24,-1,39,-1,24
1,<environment.Job instance at 0x7f5e7e843960>,24,12,[9 4],25,-1,38,-1,26
1,<environment.Job instance at 0x7f5e7e843cd0>,26,15,[4 7],27,-1,42,-1,27
1,<environment.Job instance at 0x7f5e7e843d70>,27,3,[6 4],28,-1,31,-1,28
1,<environment.Job instance at 0x7f5e7e843e10>,28,17,[9 3],29,-1,46,-1,29
1,<environment.Job instance at 0x7f5e7e843eb0>,29,2,[2 5],30,-1,32,-1,30
1,<environment.Job instance at 0x7f5e7e843f50>,30,14,[10  1],31,-1,45,-1,31
1,<environment.Job instance at 0x7f5e7d398050>,31,3,[8 5],32,-1,35,-1,32
1,<environment.Job instance at 0x7f5e7d3980f0>,32,18,[10  1],33,-1,51,-1,33
1,<environment.Job instance at 0x7f5e7e843b90>,25,18,[6 1],26,-1,51,-1,33
1,<environment.Job instance at 0x7f5e7d398230>,34,27,[1 7],35,-1,62,-1,35
1,<environment.Job instance at 0x7f5e7d398500>,37,18,[6 1],38,-1,56,-1,38
1,<environment.Job instance at 0x7f5e7d398640>,38,17,[3 6],39,-1,56,-1,39
1,<environment.Job instance at 0x7f5e7d398870>,41,12,[ 5 10],42,-1,54,-1,42
1,<environment.Job instance at 0x7f5e7d398aa0>,42,15,[4 7],43,-1,58,-1,43
1,<environment.Job instance at 0x7f5e7d3989b0>,43,14,[9 2],44,-1,58,-1,44
1,<environment.Job instance at 0x7f5e7d398e10>,46,16,[1 9],47,-1,63,-1,47
1,<environment.Job instance at 0x7f5e7d3c43c0>,51,18,[4 6],52,-1,70,-1,52
1,<environment.Job instance at 0x7f5e7d3c4460>,53,12,[5 5],54,-1,66,-1,54
1,<environment.Job instance at 0x7f5e7d3c4640>,54,14,[1 7],55,-1,69,-1,55
1,<environment.Job instance at 0x7f5e7d3c45a0>,55,13,[10  4],56,-1,69,-1,56
1,<environment.Job instance at 0x7f5e7d3c47d0>,56,19,[5 4],57,-1,76,-1,57
1,<environment.Job instance at 0x7f5e7d3c4870>,57,17,[1 8],58,-1,75,-1,58
1,<environment.Job instance at 0x7f5e7d3c4910>,58,18,[4 6],59,-1,77,-1,59
1,<environment.Job instance at 0x7f5e7d3c4d20>,62,14,[5 6],63,-1,77,-1,63
1,<environment.Job instance at 0x7f5e7d3c4e60>,63,18,[10  1],64,-1,83,-1,65
1,<environment.Job instance at 0x7f5e7d3c4eb0>,64,15,[9 3],65,-1,80,-1,65
1,<environment.Job instance at 0x7f5e7d3bf050>,66,17,[ 2 10],67,-1,87,-1,70
1,<environment.Job instance at 0x7f5e7d627eb0>,71,16,[9 3],72,-1,88,-1,72
1,<environment.Job instance at 0x7f5e7d627870>,74,14,[5 8],75,-1,89,-1,75
1,<environment.Job instance at 0x7f5e7d9998c0>,79,23,[9 3],80,-1,103,-1,80
1,<environment.Job instance at 0x7f5e7d7d7780>,81,15,[7 4],82,-1,97,-1,82
1,<environment.Job instance at 0x7f5e7e1450a0>,82,16,[7 2],83,-1,99,-1,83
1,<environment.Job instance at 0x7f5e7e12e370>,85,14,[ 2 10],86,-1,101,-1,87
1,<environment.Job instance at 0x7f5e7d7375a0>,87,18,[2 7],88,-1,106,-1,88
1,<environment.Job instance at 0x7f5e7d889820>,89,15,[8 5],90,-1,105,-1,90
1,<environment.Job instance at 0x7f5e7e12d230>,90,22,[9 3],91,-1,113,-1,91
1,<environment.Job instance at 0x7f5e7ddc8dc0>,91,28,[1 5],92,-1,120,-1,92
1,<environment.Job instance at 0x7f5e7d946dc0>,2,2,[ 1 12],3,-1,5,-1,3
1,<environment.Job instance at 0x7f5e7d7175f0>,9,25,[1 7],10,-1,39,-1,14
1,<environment.Job instance at 0x7f5e7d9e6050>,18,14,[ 5 11],19,-1,55,-1,41
1,<environment.Job instance at 0x7f5e7e25ab40>,34,27,[1 7],35,-1,149,-1,122
1,<environment.Job instance at 0x7f5e7d80f320>,1,28,[6 2],2,-1,30,-1,2
1,<environment.Job instance at 0x7f5e7e38c7d0>,9,15,[8 4],10,-1,26,-1,11
1,<environment.Job instance at 0x7f5e7e38c1e0>,12,14,[6 3],13,-1,27,-1,13
1,<environment.Job instance at 0x7f5e7df2c0f0>,10,12,[4 9],11,-1,26,-1,14
1,<environment.Job instance at 0x7f5e86f7f140>,20,13,[8 5],21,-1,34,-1,21
1,<environment.Job instance at 0x7f5e7d09f820>,28,12,[9 4],29,-1,43,-1,31
1,<environment.Job instance at 0x7f5e7d09fbe0>,34,15,[2 8],35,-1,50,-1,35
1,<environment.Job instance at 0x7f5e7d09f4b0>,36,15,[9 4],37,-1,53,-1,38
1,<environment.Job instance at 0x7f5e7d09f1e0>,37,18,[5 9],38,-1,56,-1,38
1,<environment.Job instance at 0x7f5e7d09ff00>,38,25,[3 6],39,-1,64,-1,39
1,<environment.Job instance at 0x7f5e7d09f6e0>,40,17,[8 5],41,-1,58,-1,41
1,<environment.Job instance at 0x7f5e7d169640>,45,14,[7 2],46,-1,62,-1,48
1,<environment.Job instance at 0x7f5e7d169690>,47,16,[2 5],48,-1,64,-1,48
1,<environment.Job instance at 0x7f5e7d169c80>,48,15,[5 5],49,-1,64,-1,49
1,<environment.Job instance at 0x7f5e7d169050>,52,20,[3 6],53,-1,73,-1,53
1,<environment.Job instance at 0x7f5e7d169550>,53,17,[10  4],54,-1,74,-1,57
1,<environment.Job instance at 0x7f5e7d0fbfa0>,56,21,[10  4],57,-1,78,-1,57
1,<environment.Job instance at 0x7f5e7d0fb780>,57,15,[3 8],58,-1,73,-1,58
1,<environment.Job instance at 0x7f5e7d0fb320>,60,16,[10  1],61,-1,78,-1,62
1,<environment.Job instance at 0x7f5e7d0fb550>,61,18,[3 7],62,-1,81,-1,63
1,<environment.Job instance at 0x7f5e7d0fb280>,67,24,[9 5],68,-1,92,-1,68
1,<environment.Job instance at 0x7f5e7d0fb410>,68,17,[7 2],69,-1,86,-1,69
1,<environment.Job instance at 0x7f5e7d0fb730>,69,15,[8 4],70,-1,85,-1,70
1,<environment.Job instance at 0x7f5e7d0fb4b0>,70,13,[4 5],71,-1,84,-1,71
1,<environment.Job instance at 0x7f5e7e1f8e60>,71,15,[5 5],72,-1,87,-1,72
1,<environment.Job instance at 0x7f5e7e1f8e10>,74,17,[7 2],75,-1,92,-1,75
1,<environment.Job instance at 0x7f5e7e1f8140>,77,14,[3 8],78,-1,92,-1,78
1,<environment.Job instance at 0x7f5e7e1f89b0>,81,12,[ 5 10],82,-1,95,-1,83
1,<environment.Job instance at 0x7f5e7e1f8aa0>,82,15,[9 5],83,-1,99,-1,84
1,<environment.Job instance at 0x7f5e7e8b8370>,87,17,[3 5],88,-1,108,-1,91
1,<environment.Job instance at 0x7f5e7d11c320>,91,20,[5 5],92,-1,112,-1,92
1,<environment.Job instance at 0x7f5e7d425c80>,93,22,[2 8],94,-1,116,-1,94
1,<environment.Job instance at 0x7f5e7d425140>,97,18,[3 6],98,-1,116,-1,98
1,<environment.Job instance at 0x7f5e7d7ff500>,102,20,[ 1 10],103,-1,125,-1,105
1,<environment.Job instance at 0x7f5e7dd1d280>,106,16,[ 2 10],107,-1,131,-1,115
1,<environment.Job instance at 0x7f5e7e3cc3c0>,1,28,[6 2],2,-1,30,-1,2
1,<environment.Job instance at 0x7f5e7e4128c0>,23,1,[ 4 14],24,-1,41,-1,40
1,<environment.Job instance at 0x7f5e7dafd460>,33,12,[ 1 14],34,-1,63,-1,51
1,<environment.Job instance at 0x7f5e7dc8b0f0>,38,25,[3 6],39,-1,96,-1,71
1,<environment.Job instance at 0x7f5e7dd11b40>,51,13,[ 4 11],52,-1,127,-1,114
1,<environment.Job instance at 0x7f5e7d185050>,7,16,[8 2],8,-1,27,-1,11
1,<environment.Job instance at 0x7f5e7e3edfa0>,11,13,[8 5],12,-1,25,-1,12
1,<environment.Job instance at 0x7f5e7e9cbb90>,12,18,[ 5 10],13,-1,31,-1,13
1,<environment.Job instance at 0x7f5e7dd59730>,17,13,[12  4],18,-1,31,-1,18
1,<environment.Job instance at 0x7f5e7dd596e0>,21,16,[ 5 10],22,-1,38,-1,22
1,<environment.Job instance at 0x7f5e7dd597d0>,22,15,[9 1],23,-1,38,-1,23
1,<environment.Job instance at 0x7f5e7dd59be0>,24,13,[9 1],25,-1,38,-1,25
1,<environment.Job instance at 0x7f5e7e199500>,25,21,[3 8],26,-1,47,-1,26
1,<environment.Job instance at 0x7f5e7de6e730>,10,16,[ 4 10],11,-1,44,-1,28
1,<environment.Job instance at 0x7f5e7dd42050>,32,21,[1 8],33,-1,54,-1,33
1,<environment.Job instance at 0x7f5e7dc74dc0>,34,17,[10  1],35,-1,53,-1,36
1,<environment.Job instance at 0x7f5e7d414b90>,36,17,[10  2],37,-1,54,-1,37
1,<environment.Job instance at 0x7f5e7d77d2d0>,37,22,[7 5],38,-1,60,-1,38
1,<environment.Job instance at 0x7f5e7d77d690>,38,18,[7 1],39,-1,57,-1,39
1,<environment.Job instance at 0x7f5e7e412410>,40,12,[8 1],41,-1,53,-1,41
1,<environment.Job instance at 0x7f5e7e412c80>,41,16,[ 1 11],42,-1,58,-1,42
1,<environment.Job instance at 0x7f5e7e4122d0>,42,15,[5 7],43,-1,58,-1,43
1,<environment.Job instance at 0x7f5e7e4124b0>,43,12,[6 4],44,-1,56,-1,44
1,<environment.Job instance at 0x7f5e872e0370>,49,18,[4 5],50,-1,68,-1,50
1,<environment.Job instance at 0x7f5e7d546870>,50,18,[6 2],51,-1,69,-1,51
1,<environment.Job instance at 0x7f5e7d546c80>,51,15,[4 5],52,-1,67,-1,52
1,<environment.Job instance at 0x7f5e7d5462d0>,52,15,[4 8],53,-1,68,-1,53
1,<environment.Job instance at 0x7f5e7d546550>,54,18,[ 3 10],55,-1,73,-1,55
1,<environment.Job instance at 0x7f5e7d546050>,57,18,[2 7],58,-1,76,-1,58
1,<environment.Job instance at 0x7f5e7d546320>,58,16,[10  5],59,-1,75,-1,59
1,<environment.Job instance at 0x7f5e7e0e3370>,60,13,[10  5],61,-1,74,-1,61
1,<environment.Job instance at 0x7f5e7e15a820>,62,26,[8 2],63,-1,89,-1,63
1,<environment.Job instance at 0x7f5e7e15a5a0>,65,18,[10  1],66,-1,84,-1,66
1,<environment.Job instance at 0x7f5e7d9e0870>,66,27,[5 8],67,-1,94,-1,67
1,<environment.Job instance at 0x7f5e7d9e0640>,67,13,[8 1],68,-1,81,-1,68
1,<environment.Job instance at 0x7f5e7d9e01e0>,70,21,[5 7],71,-1,92,-1,71
1,<environment.Job instance at 0x7f5e86f898c0>,78,16,[2 8],79,-1,95,-1,79
1,<environment.Job instance at 0x7f5e7e7879b0>,82,12,[2 7],83,-1,95,-1,83
1,<environment.Job instance at 0x7f5e7d1268c0>,83,26,[7 3],84,-1,110,-1,84
1,<environment.Job instance at 0x7f5e7d1265f0>,84,18,[5 8],85,-1,103,-1,85
1,<environment.Job instance at 0x7f5e7e26abe0>,85,15,[3 7],86,-1,101,-1,86
1,<environment.Job instance at 0x7f5e7e26a320>,86,17,[5 7],87,-1,104,-1,87
1,<environment.Job instance at 0x7f5e7e26a7d0>,87,14,[ 4 10],88,-1,102,-1,88
1,<environment.Job instance at 0x7f5e7d58f6e0>,89,16,[3 7],90,-1,106,-1,90
1,<environment.Job instance at 0x7f5e7d2baf00>,92,13,[4 9],93,-1,106,-1,93
1,<environment.Job instance at 0x7f5e7d28da00>,93,13,[5 5],94,-1,107,-1,94
1,<environment.Job instance at 0x7f5e7d29d190>,96,12,[8 5],97,-1,109,-1,97
1,<environment.Job instance at 0x7f5e7d2a9640>,110,24,[ 4 13],111,-1,143,-1,119
1,<environment.Job instance at 0x7f5e7d4502d0>,112,14,[6 4],113,-1,137,-1,123
1,<environment.Job instance at 0x7f5e7e58cbe0>,107,3,[10  2],108,-1,129,-1,126
1,<environment.Job instance at 0x7f5e7d450c30>,114,17,[9 3],115,-1,145,-1,128
1,<environment.Job instance at 0x7f5e7d509910>,100,18,[8 5],101,-1,146,-1,128
1,<environment.Job instance at 0x7f5e7d450050>,113,27,[4 5],114,-1,155,-1,128
1,<environment.Job instance at 0x7f5e86f7f320>,13,17,[13  3],14,-1,36,-1,19
1,<environment.Job instance at 0x7f5e7e38ce10>,17,13,[12  4],18,-1,34,-1,21
1,<environment.Job instance at 0x7f5e7d82f9b0>,27,18,[ 3 12],28,-1,76,-1,58
1,<environment.Job instance at 0x7f5e7d471e60>,41,16,[ 1 11],42,-1,111,-1,95
1,<environment.Job instance at 0x7f5e86f7a7d0>,0,16,[4 9],1,-1,17,-1,1
1,<environment.Job instance at 0x7f5e7d64f910>,4,13,[9 2],5,-1,20,-1,7
1,<environment.Job instance at 0x7f5e7d64fb40>,7,17,[3 8],8,-1,25,-1,8
1,<environment.Job instance at 0x7f5e7d64fb90>,8,18,[5 5],9,-1,27,-1,9
1,<environment.Job instance at 0x7f5e7d64fc30>,9,16,[13  5],10,-1,26,-1,10
1,<environment.Job instance at 0x7f5e7d64fd70>,11,14,[5 7],12,-1,26,-1,12
1,<environment.Job instance at 0x7f5e7d64f780>,6,15,[2 9],7,-1,27,-1,12
1,<environment.Job instance at 0x7f5e7d64fe60>,12,18,[5 7],13,-1,31,-1,13
1,<environment.Job instance at 0x7f5e7d64ff00>,13,20,[2 6],14,-1,34,-1,14
1,<environment.Job instance at 0x7f5e7d680280>,16,15,[8 4],17,-1,34,-1,19
1,<environment.Job instance at 0x7f5e7d680140>,18,18,[5 3],19,-1,37,-1,19
1,<environment.Job instance at 0x7f5e7d6803c0>,19,18,[8 4],20,-1,38,-1,20
1,<environment.Job instance at 0x7f5e7d680500>,20,15,[1 8],21,-1,36,-1,21
1,<environment.Job instance at 0x7f5e7d680550>,21,28,[7 5],22,-1,50,-1,22
1,<environment.Job instance at 0x7f5e7d680690>,23,15,[10  2],24,-1,40,-1,25
1,<environment.Job instance at 0x7f5e7d680820>,25,17,[2 9],26,-1,43,-1,26
1,<environment.Job instance at 0x7f5e7d680960>,27,14,[3 8],28,-1,42,-1,28
1,<environment.Job instance at 0x7f5e7d680a00>,29,18,[4 6],30,-1,48,-1,30
1,<environment.Job instance at 0x7f5e7d680f00>,32,17,[9 3],33,-1,50,-1,33
1,<environment.Job instance at 0x7f5e7d64a0a0>,34,14,[2 9],35,-1,49,-1,35
1,<environment.Job instance at 0x7f5e7d64a190>,36,18,[9 5],37,-1,55,-1,37
1,<environment.Job instance at 0x7f5e7d64a410>,37,15,[10  2],38,-1,53,-1,38
1,<environment.Job instance at 0x7f5e7d64a500>,39,16,[ 2 10],40,-1,56,-1,40
1,<environment.Job instance at 0x7f5e7d64a5f0>,41,14,[10  4],42,-1,56,-1,42
1,<environment.Job instance at 0x7f5e7d64a780>,43,15,[ 4 10],44,-1,59,-1,44
1,<environment.Job instance at 0x7f5e7d64aeb0>,48,13,[4 5],49,-1,62,-1,49
1,<environment.Job instance at 0x7f5e7d64ac80>,49,13,[3 6],50,-1,63,-1,50
1,<environment.Job instance at 0x7f5e7d67e0a0>,50,13,[9 1],51,-1,64,-1,51
1,<environment.Job instance at 0x7f5e7d67e1e0>,52,13,[2 5],53,-1,66,-1,53
1,<environment.Job instance at 0x7f5e7d67e320>,53,17,[ 4 10],54,-1,71,-1,54
1,<environment.Job instance at 0x7f5e7d67e640>,56,16,[ 1 10],57,-1,73,-1,57
1,<environment.Job instance at 0x7f5e7d67e730>,57,18,[ 3 11],58,-1,76,-1,58
1,<environment.Job instance at 0x7f5e7d67ea00>,60,18,[7 5],61,-1,79,-1,61
1,<environment.Job instance at 0x7f5e7d67eb40>,61,16,[5 5],62,-1,78,-1,62
1,<environment.Job instance at 0x7f5e7d6806e0>,24,12,[5 4],25,-1,74,-1,62
1,<environment.Job instance at 0x7f5e7d67eeb0>,65,19,[5 1],66,-1,85,-1,66
1,<environment.Job instance at 0x7f5e7d67ef50>,66,24,[5 3],67,-1,91,-1,67
1,<environment.Job instance at 0x7f5e7d6470a0>,67,13,[2 9],68,-1,82,-1,69
1,<environment.Job instance at 0x7f5e7d67ef00>,68,13,[7 3],69,-1,83,-1,70
1,<environment.Job instance at 0x7f5e7d647460>,70,16,[1 7],71,-1,87,-1,71
1,<environment.Job instance at 0x7f5e7d647410>,71,18,[6 5],72,-1,90,-1,72
1,<environment.Job instance at 0x7f5e7d647a50>,79,17,[8 3],80,-1,99,-1,82
1,<environment.Job instance at 0x7f5e7d647cd0>,83,18,[2 7],84,-1,102,-1,84
1,<environment.Job instance at 0x7f5e7d65a050>,85,15,[10  1],86,-1,101,-1,86
1,<environment.Job instance at 0x7f5e7d65a640>,89,14,[8 2],90,-1,104,-1,90
1,<environment.Job instance at 0x7f5e7d65a550>,91,14,[2 5],92,-1,106,-1,92
1,<environment.Job instance at 0x7f5e7d65a960>,92,25,[2 8],93,-1,118,-1,93
1,<environment.Job instance at 0x7f5e7d65a780>,93,17,[ 1 10],94,-1,111,-1,94
1,<environment.Job instance at 0x7f5e7d65aa00>,94,19,[3 6],95,-1,114,-1,95
1,<environment.Job instance at 0x7f5e7d65ae60>,100,15,[ 4 10],101,-1,116,-1,101
1,<environment.Job instance at 0x7f5e7d509af0>,102,15,[7 5],103,-1,118,-1,103
1,<environment.Job instance at 0x7f5e7d659370>,105,16,[9 5],106,-1,122,-1,106
1,<environment.Job instance at 0x7f5e7d659910>,106,18,[6 5],107,-1,125,-1,107
1,<environment.Job instance at 0x7f5e7daa4320>,114,12,[10  4],115,-1,129,-1,117
1,<environment.Job instance at 0x7f5e7dabd410>,117,16,[2 5],118,-1,134,-1,118
1,<environment.Job instance at 0x7f5e7d055d20>,120,13,[7 3],121,-1,138,-1,125
1,<environment.Job instance at 0x7f5e7d647be0>,81,18,[ 5 10],82,-1,146,-1,128
1,<environment.Job instance at 0x7f5e7e47daa0>,9,16,[13  5],10,-1,33,-1,17
1,<environment.Job instance at 0x7f5e7d7de0f0>,17,1,[ 3 11],18,-1,37,-1,36
1,<environment.Job instance at 0x7f5e7d7fffa0>,21,28,[7 5],22,-1,96,-1,68
1,<environment.Job instance at 0x7fd7fd89bb90>,2,14,[ 2 10],3,-1,18,-1,4
1,<environment.Job instance at 0x7fd7fd89ba50>,4,13,[3 6],5,-1,18,-1,5
1,<environment.Job instance at 0x7fd7fd89bd70>,6,15,[2 8],7,-1,22,-1,7
1,<environment.Job instance at 0x7fd7fd89beb0>,7,14,[7 5],8,-1,22,-1,8
1,<environment.Job instance at 0x7fd7fd89bf00>,8,17,[1 8],9,-1,26,-1,9
1,<environment.Job instance at 0x7fd7fd89bfa0>,9,12,[8 2],10,-1,22,-1,10
1,<environment.Job instance at 0x7fd806ee58c0>,3,22,[2 5],4,-1,32,-1,10
1,<environment.Job instance at 0x7fd7fd89bc80>,10,22,[8 1],11,-1,33,-1,11
1,<environment.Job instance at 0x7fd7fd89f1e0>,12,23,[6 4],13,-1,36,-1,13
1,<environment.Job instance at 0x7fd7fd89f320>,13,18,[5 9],14,-1,32,-1,14
1,<environment.Job instance at 0x7fd7fd89f2d0>,14,21,[8 1],15,-1,38,-1,17
1,<environment.Job instance at 0x7fd7fd89f5f0>,17,12,[5 1],18,-1,30,-1,18
1,<environment.Job instance at 0x7fd7fd89f5a0>,18,26,[7 4],19,-1,45,-1,19
1,<environment.Job instance at 0x7fd7fd89f6e0>,19,25,[5 9],20,-1,45,-1,20
1,<environment.Job instance at 0x7fd7fd89f4b0>,16,18,[7 3],17,-1,38,-1,20
1,<environment.Job instance at 0x7fd7fd89f820>,21,18,[9 4],22,-1,40,-1,22
1,<environment.Job instance at 0x7fd7fd89fcd0>,26,12,[8 5],27,-1,39,-1,27
1,<environment.Job instance at 0x7fd7fd89fe60>,27,17,[4 6],28,-1,45,-1,28
1,<environment.Job instance at 0x7fd7fd8a28c0>,39,14,[9 4],40,-1,56,-1,42
1,<environment.Job instance at 0x7fd7fd8a43c0>,49,17,[10  2],50,-1,76,-1,59
1,<environment.Job instance at 0x7fd7fd8a4140>,47,13,[ 3 10],48,-1,72,-1,59
1,<environment.Job instance at 0x7fd7fd8a4780>,54,18,[7 1],55,-1,77,-1,59
1,<environment.Job instance at 0x7fd7fd8a4870>,57,16,[ 2 11],58,-1,78,-1,62
1,<environment.Job instance at 0x7fd7fd8a4910>,58,17,[3 7],59,-1,79,-1,62
1,<environment.Job instance at 0x7fd7fd8a2320>,34,14,[1 9],35,-1,76,-1,62
1,<environment.Job instance at 0x7fd7fd8a2140>,32,21,[5 9],33,-1,83,-1,62
1,<environment.Job instance at 0x7fd7fd8a2960>,40,26,[ 1 10],41,-1,92,-1,66
1,<environment.Job instance at 0x7fd7fd8a6230>,62,14,[4 9],63,-1,80,-1,66
1,<environment.Job instance at 0x7fd7fd8a4a50>,59,19,[1 7],60,-1,85,-1,66
1,<environment.Job instance at 0x7fd7fd8a6820>,70,1,[5 4],71,-1,75,-1,74
1,<environment.Job instance at 0x7fd7fd8a6690>,68,14,[6 4],69,-1,88,-1,74
1,<environment.Job instance at 0x7fd7fd8a6a00>,72,18,[3 5],73,-1,97,-1,79
1,<environment.Job instance at 0x7fd7fd8a20f0>,33,26,[3 6],34,-1,105,-1,79
1,<environment.Job instance at 0x7fd7fd8a6cd0>,76,13,[10  1],77,-1,92,-1,79
1,<environment.Job instance at 0x7fd7fd8a6730>,69,14,[9 4],70,-1,93,-1,79
1,<environment.Job instance at 0x7fd7fd8a81e0>,79,19,[10  3],80,-1,99,-1,80
1,<environment.Job instance at 0x7fd7fd8a80f0>,81,14,[8 5],82,-1,97,-1,83
1,<environment.Job instance at 0x7fd7fd8a84b0>,82,21,[4 8],83,-1,104,-1,83
1,<environment.Job instance at 0x7fd7fd8a8370>,83,18,[ 3 10],84,-1,102,-1,84
1,<environment.Job instance at 0x7fd7fd8a8910>,87,18,[7 1],88,-1,107,-1,89
1,<environment.Job instance at 0x7fd7fd8a89b0>,88,16,[4 9],89,-1,105,-1,89
1,<environment.Job instance at 0x7fd7fd8a8640>,85,15,[1 7],86,-1,105,-1,90
1,<environment.Job instance at 0x7fd7fd8a88c0>,89,17,[ 5 14],90,-1,109,-1,92
1,<environment.Job instance at 0x7fd7fd8a8a50>,91,18,[5 4],92,-1,111,-1,93
1,<environment.Job instance at 0x7fd7fd896050>,96,18,[2 6],97,-1,121,-1,103
1,<environment.Job instance at 0x7fd7fd893aa0>,101,15,[2 7],102,-1,119,-1,104
1,<environment.Job instance at 0x7fd7fda3b050>,102,13,[9 4],103,-1,119,-1,106
1,<environment.Job instance at 0x7fd7fd893a00>,103,16,[1 9],104,-1,122,-1,106
1,<environment.Job instance at 0x7fd7fd921b40>,107,18,[5 5],108,-1,126,-1,108
1,<environment.Job instance at 0x7fd7fda225f0>,108,3,[5 5],109,-1,112,-1,109
1,<environment.Job instance at 0x7fd7fd8936e0>,109,27,[3 9],110,-1,137,-1,110
1,<environment.Job instance at 0x7fd7fda43cd0>,110,23,[5 1],111,-1,134,-1,111
1,<environment.Job instance at 0x7fd7fda432d0>,111,17,[6 4],112,-1,129,-1,112
1,<environment.Job instance at 0x7fd7fda43c80>,112,12,[1 6],113,-1,125,-1,113
1,<environment.Job instance at 0x7fd7fda43820>,113,17,[5 1],114,-1,131,-1,114
1,<environment.Job instance at 0x7fd7fd893a50>,105,16,[7 5],106,-1,135,-1,119
1,<environment.Job instance at 0x7fd7fd9b5c30>,122,18,[7 5],123,-1,149,-1,131
1,<environment.Job instance at 0x7fd7fd95ccd0>,12,23,[6 4],13,-1,53,-1,30
1,<environment.Job instance at 0x7fd7fd9a4eb0>,18,26,[7 4],19,-1,70,-1,44
1,<environment.Job instance at 0x7fd7fd8ccb40>,19,25,[5 9],20,-1,83,-1,58
1,<environment.Job instance at 0x7fd7fd9bf960>,28,17,[ 1 13],29,-1,87,-1,70
1,<environment.Job instance at 0x7fd7fd9bf7d0>,30,26,[9 4],31,-1,110,-1,84
1,<environment.Job instance at 0x7fd7fd9bf3c0>,31,1,[ 2 14],32,-1,85,-1,84
1,<environment.Job instance at 0x7fd7fd9bff50>,33,26,[3 6],34,-1,110,-1,84
1,<environment.Job instance at 0x7fd7fd95d730>,40,26,[ 1 10],41,-1,139,-1,113
1,<environment.Job instance at 0x7fd7fcfebf50>,6,13,[10  5],7,-1,23,-1,10
1,<environment.Job instance at 0x7fd7fcfe1be0>,11,22,[5 6],12,-1,34,-1,12
1,<environment.Job instance at 0x7fd7fcfe1eb0>,9,17,[5 7],10,-1,30,-1,13
1,<environment.Job instance at 0x7fd7fcfe6c30>,15,17,[10  4],16,-1,35,-1,18
1,<environment.Job instance at 0x7fd7fd0d12d0>,17,21,[10  4],18,-1,39,-1,18
1,<environment.Job instance at 0x7fd7fd1213c0>,22,20,[10  5],23,-1,45,-1,25
1,<environment.Job instance at 0x7fd7fd0cc190>,24,14,[10  5],25,-1,39,-1,25
1,<environment.Job instance at 0x7fd7fd13d960>,30,17,[4 7],31,-1,49,-1,32
1,<environment.Job instance at 0x7fd7fceb7910>,33,24,[3 7],34,-1,58,-1,34
1,<environment.Job instance at 0x7fd7fce6c6e0>,34,19,[3 8],35,-1,54,-1,35
1,<environment.Job instance at 0x7fd7fce67dc0>,37,16,[8 4],38,-1,54,-1,38
1,<environment.Job instance at 0x7fd7fce4ebe0>,40,17,[3 5],41,-1,58,-1,41
1,<environment.Job instance at 0x7fd7fce4ef50>,41,18,[6 2],42,-1,60,-1,42
1,<environment.Job instance at 0x7fd7fce5e320>,44,19,[6 2],45,-1,64,-1,45
1,<environment.Job instance at 0x7fd7fce5ea50>,46,17,[9 1],47,-1,64,-1,47
1,<environment.Job instance at 0x7fd7fcfaf960>,47,13,[9 5],48,-1,61,-1,48
1,<environment.Job instance at 0x7fd7fcfec280>,50,17,[9 5],51,-1,68,-1,51
1,<environment.Job instance at 0x7fd7fcef6690>,54,26,[3 9],55,-1,93,-1,67
1,<environment.Job instance at 0x7fd7fcfe9730>,65,19,[ 1 10],66,-1,86,-1,67
1,<environment.Job instance at 0x7fd7fcfe95f0>,66,16,[6 5],67,-1,83,-1,67
1,<environment.Job instance at 0x7fd7fcebaa50>,68,20,[ 2 10],69,-1,89,-1,69
1,<environment.Job instance at 0x7fd7fd8b7460>,2,15,[ 2 13],3,-1,18,-1,3
1,<environment.Job instance at 0x7fd7fd8b73c0>,4,20,[13  4],5,-1,25,-1,5
1,<environment.Job instance at 0x7fd7fd090960>,13,1,[12  5],14,-1,18,-1,17
1,<environment.Job instance at 0x7fd7fd0c3cd0>,20,24,[1 5],21,-1,50,-1,26
1,<environment.Job instance at 0x7fd7fd202690>,26,13,[ 5 14],27,-1,49,-1,36
1,<environment.Job instance at 0x7fd7fd0eb820>,33,24,[3 7],34,-1,80,-1,56
1,<environment.Job instance at 0x7fd7fd0a3f50>,48,27,[ 3 12],49,-1,123,-1,96
1,<environment.Job instance at 0x7fd7fd068960>,52,15,[ 2 14],53,-1,124,-1,109
1,<environment.Job instance at 0x7fd7fd0564b0>,54,26,[3 9],55,-1,140,-1,114
1,<environment.Job instance at 0x7fd7fd0642d0>,60,23,[4 7],61,-1,155,-1,132
1,<environment.Job instance at 0x7fd7fce8c2d0>,1,20,[ 4 10],2,-1,22,-1,2
1,<environment.Job instance at 0x7fd7fce8c8c0>,2,15,[9 2],3,-1,20,-1,5
1,<environment.Job instance at 0x7fd7fce8cdc0>,5,2,[5 7],6,-1,8,-1,6
1,<environment.Job instance at 0x7fd7fce8c050>,6,2,[8 1],7,-1,9,-1,7
1,<environment.Job instance at 0x7fd7fce8c280>,7,27,[9 5],8,-1,35,-1,8
1,<environment.Job instance at 0x7fd7fce8caf0>,4,16,[7 5],5,-1,24,-1,8
1,<environment.Job instance at 0x7fd7fcf08fa0>,21,17,[ 5 14],22,-1,39,-1,22
1,<environment.Job instance at 0x7fd7fcf05320>,23,17,[7 4],24,-1,41,-1,24
1,<environment.Job instance at 0x7fd7fcf08d20>,18,12,[5 5],19,-1,47,-1,35
1,<environment.Job instance at 0x7fd7fcef6410>,34,15,[2 6],35,-1,51,-1,36
1,<environment.Job instance at 0x7fd7fcf05e10>,24,17,[13  5],25,-1,53,-1,36
1,<environment.Job instance at 0x7fd7fcf05a50>,28,14,[7 1],29,-1,57,-1,43
1,<environment.Job instance at 0x7fd7fcf05820>,29,12,[6 3],30,-1,59,-1,47
1,<environment.Job instance at 0x7fd7fcef66e0>,40,16,[8 3],41,-1,63,-1,47
1,<environment.Job instance at 0x7fd7fcef6320>,39,18,[5 6],40,-1,65,-1,47
1,<environment.Job instance at 0x7fd7fcef60a0>,38,14,[9 4],39,-1,65,-1,51
1,<environment.Job instance at 0x7fd7fcf21730>,45,27,[4 5],46,-1,80,-1,53
1,<environment.Job instance at 0x7fd7fcf214b0>,43,16,[ 4 10],44,-1,75,-1,59
1,<environment.Job instance at 0x7fd7fcf21aa0>,50,3,[10  4],51,-1,62,-1,59
1,<environment.Job instance at 0x7fd7fcf21a50>,51,2,[2 9],52,-1,61,-1,59
1,<environment.Job instance at 0x7fd7fcf21870>,52,20,[4 9],53,-1,79,-1,59
1,<environment.Job instance at 0x7fd7fcf21550>,53,12,[2 7],54,-1,71,-1,59
1,<environment.Job instance at 0x7fd7fcf219b0>,46,2,[1 8],47,-1,61,-1,59
1,<environment.Job instance at 0x7fd7fcf218c0>,47,12,[13  4],48,-1,71,-1,59
1,<environment.Job instance at 0x7fd7fcf21b40>,54,1,[10  5],55,-1,60,-1,59
1,<environment.Job instance at 0x7fd7fcf21140>,55,3,[10  5],56,-1,62,-1,59
1,<environment.Job instance at 0x7fd7fcf08820>,19,15,[6 5],20,-1,75,-1,60
1,<environment.Job instance at 0x7fd7fcf21370>,59,15,[ 2 10],60,-1,75,-1,60
1,<environment.Job instance at 0x7fd7fced1320>,62,17,[5 9],63,-1,80,-1,63
1,<environment.Job instance at 0x7fd7fced1cd0>,63,17,[7 1],64,-1,81,-1,64
1,<environment.Job instance at 0x7fd7fced1050>,64,21,[4 9],65,-1,86,-1,65
1,<environment.Job instance at 0x7fd7fced1640>,66,13,[2 5],67,-1,81,-1,68
1,<environment.Job instance at 0x7fd7fced1c30>,70,14,[2 9],71,-1,85,-1,71
1,<environment.Job instance at 0x7fd7fcf45a00>,80,26,[8 3],81,-1,108,-1,82
1,<environment.Job instance at 0x7fd7fcfb9c30>,7,27,[9 5],8,-1,45,-1,18
1,<environment.Job instance at 0x7fd806e12af0>,9,14,[12  2],10,-1,32,-1,18
1,<environment.Job instance at 0x7fd7fdd28320>,21,17,[ 5 14],22,-1,54,-1,37
1,<environment.Job instance at 0x7fd7fdd28820>,22,25,[ 3 11],23,-1,62,-1,37
1,<environment.Job instance at 0x7fd7fd240640>,24,17,[13  5],25,-1,55,-1,38
1,<environment.Job instance at 0x7fd7fe1ec820>,25,13,[ 5 14],26,-1,51,-1,38
1,<environment.Job instance at 0x7fd7fd2acc30>,45,27,[4 5],46,-1,155,-1,128
1,<environment.Job instance at 0x7fd7fd202640>,47,12,[13  4],48,-1,140,-1,128
1,<environment.Job instance at 0x7fd7fd2b9280>,48,12,[ 5 12],49,-1,140,-1,128
1,<environment.Job instance at 0x7fd7fd217690>,0,12,[10  5],1,-1,15,-1,3
1,<environment.Job instance at 0x7fd7fdce3af0>,2,16,[6 4],3,-1,19,-1,3
1,<environment.Job instance at 0x7fd7fdce3dc0>,6,21,[ 4 10],7,-1,28,-1,7
1,<environment.Job instance at 0x7fd7fda08460>,15,17,[ 5 10],16,-1,34,-1,17
1,<environment.Job instance at 0x7fd7fda08fa0>,18,14,[8 2],19,-1,33,-1,19
1,<environment.Job instance at 0x7fd7fda08aa0>,20,25,[6 4],21,-1,46,-1,21
1,<environment.Job instance at 0x7fd7fda08f00>,23,13,[ 4 10],24,-1,42,-1,29
1,<environment.Job instance at 0x7fd7fdcd5be0>,29,15,[9 5],30,-1,45,-1,30
1,<environment.Job instance at 0x7fd7fdcd5280>,30,13,[5 5],31,-1,45,-1,32
1,<environment.Job instance at 0x7fd7fdcd5410>,31,17,[7 5],32,-1,55,-1,38
1,<environment.Job instance at 0x7fd7fdcd5b40>,24,24,[5 5],25,-1,73,-1,49
1,<environment.Job instance at 0x7fd7fdcd5870>,38,15,[2 9],39,-1,64,-1,49
1,<environment.Job instance at 0x7fd7fdc365a0>,40,12,[4 5],41,-1,61,-1,49
1,<environment.Job instance at 0x7fd7fdcd5960>,36,12,[ 5 12],37,-1,61,-1,49
1,<environment.Job instance at 0x7fd7fdc36be0>,43,15,[6 4],44,-1,64,-1,49
1,<environment.Job instance at 0x7fd7fdc364b0>,45,13,[6 3],46,-1,64,-1,51
1,<environment.Job instance at 0x7fd7fda08190>,14,13,[ 4 11],15,-1,64,-1,51
1,<environment.Job instance at 0x7fd7fdc36f00>,46,12,[10  2],47,-1,63,-1,51
1,<environment.Job instance at 0x7fd7fdc36a00>,47,12,[6 2],48,-1,63,-1,51
1,<environment.Job instance at 0x7fd7fdc36b90>,52,14,[5 3],53,-1,68,-1,54
1,<environment.Job instance at 0x7fd7fdc36780>,50,12,[3 7],51,-1,66,-1,54
1,<environment.Job instance at 0x7fd7fdcd20f0>,54,22,[7 3],55,-1,77,-1,55
1,<environment.Job instance at 0x7fd7fdcd28c0>,55,20,[7 5],56,-1,76,-1,56
1,<environment.Job instance at 0x7fd7fdb9fa00>,72,17,[4 5],73,-1,122,-1,105
1,<environment.Job instance at 0x7fd7fdb9fc80>,75,17,[8 2],76,-1,122,-1,105
1,<environment.Job instance at 0x7fd7fdb9fcd0>,76,16,[1 9],77,-1,121,-1,105
1,<environment.Job instance at 0x7fd7fded57d0>,82,16,[10  4],83,-1,122,-1,106
1,<environment.Job instance at 0x7fd7fded5d70>,83,16,[6 5],84,-1,123,-1,107
1,<environment.Job instance at 0x7fd7fded52d0>,84,16,[9 5],85,-1,123,-1,107
1,<environment.Job instance at 0x7fd7fdb9f820>,73,14,[9 3],74,-1,121,-1,107
1,<environment.Job instance at 0x7fd7fded54b0>,86,22,[1 8],87,-1,129,-1,107
1,<environment.Job instance at 0x7fd7fded51e0>,89,18,[5 8],90,-1,127,-1,109
1,<environment.Job instance at 0x7fd7fded5320>,90,18,[ 2 10],91,-1,127,-1,109
1,<environment.Job instance at 0x7fd7fdeac640>,91,15,[8 1],92,-1,132,-1,117
1,<environment.Job instance at 0x7fd7fdeac2d0>,96,18,[ 5 10],97,-1,135,-1,117
1,<environment.Job instance at 0x7fd7fd4da4b0>,7,23,[2 8],8,-1,36,-1,13
1,<environment.Job instance at 0x7fd7fd580960>,8,3,[11  1],9,-1,16,-1,13
1,<environment.Job instance at 0x7fd7fe07b730>,9,19,[13  3],10,-1,32,-1,13
1,<environment.Job instance at 0x7fd7fd3b95a0>,14,13,[ 4 11],15,-1,32,-1,19
1,<environment.Job instance at 0x7fd7fd2bc8c0>,19,17,[12  4],20,-1,47,-1,30
1,<environment.Job instance at 0x7fd7fd2bcd20>,20,25,[6 4],21,-1,58,-1,33
1,<environment.Job instance at 0x7fd7fd2bc640>,22,3,[14  5],23,-1,36,-1,33
1,<environment.Job instance at 0x7fd7fd2e8640>,24,24,[5 5],25,-1,67,-1,43
1,<environment.Job instance at 0x7fd7fd23ec80>,28,28,[ 5 10],29,-1,87,-1,59
1,<environment.Job instance at 0x7fd7fdf82a50>,36,12,[ 5 12],37,-1,89,-1,77
1,<environment.Job instance at 0x7fd806ac9e10>,39,2,[ 5 14],40,-1,92,-1,90
1,<environment.Job instance at 0x7fd7fd3c6b40>,51,16,[ 1 14],52,-1,151,-1,135
1,<environment.Job instance at 0x7fd7fdf4b460>,0,26,[3 7],1,-1,27,-1,1
1,<environment.Job instance at 0x7fd7fd288b40>,4,16,[1 5],5,-1,21,-1,5
1,<environment.Job instance at 0x7fd7fd288190>,5,18,[4 9],6,-1,24,-1,6
1,<environment.Job instance at 0x7fd7fd27a820>,7,18,[10  5],8,-1,26,-1,8
1,<environment.Job instance at 0x7fd7fdcee4b0>,10,13,[10  1],11,-1,24,-1,11
1,<environment.Job instance at 0x7fd7fd255190>,12,24,[1 9],13,-1,37,-1,13
1,<environment.Job instance at 0x7fd7fd2558c0>,16,12,[10  1],17,-1,29,-1,17
1,<environment.Job instance at 0x7fd7fd250d70>,20,17,[5 6],21,-1,38,-1,21
1,<environment.Job instance at 0x7fd7fd24e1e0>,21,27,[7 1],22,-1,49,-1,22
1,<environment.Job instance at 0x7fd7fd27b0f0>,22,26,[ 3 10],23,-1,49,-1,23
1,<environment.Job instance at 0x7fd7fd719280>,25,21,[ 2 10],26,-1,47,-1,26
1,<environment.Job instance at 0x7fd7fe3dfeb0>,31,17,[11  3],32,-1,49,-1,32
1,<environment.Job instance at 0x7fd7fd720550>,29,13,[4 7],30,-1,46,-1,33
1,<environment.Job instance at 0x7fd7fd7198c0>,26,15,[10  2],27,-1,48,-1,33
1,<environment.Job instance at 0x7fd7fe3e1d70>,32,16,[12  1],33,-1,50,-1,34
1,<environment.Job instance at 0x7fd7fe3c74b0>,39,15,[ 3 10],40,-1,55,-1,40
1,<environment.Job instance at 0x7fd7fd251690>,40,17,[10  2],41,-1,59,-1,42
1,<environment.Job instance at 0x7fd7fe3c7aa0>,41,13,[10  2],42,-1,55,-1,42
1,<environment.Job instance at 0x7fd7fd332f00>,43,24,[2 6],44,-1,68,-1,44
1,<environment.Job instance at 0x7fd7fd332e10>,44,13,[ 5 12],45,-1,58,-1,45
1,<environment.Job instance at 0x7fd7fd251460>,42,14,[5 1],43,-1,59,-1,45
1,<environment.Job instance at 0x7fd7fd31d050>,46,14,[8 4],47,-1,61,-1,47
1,<environment.Job instance at 0x7fd7fd31d460>,47,14,[9 2],48,-1,62,-1,48
1,<environment.Job instance at 0x7fd7fd31dd20>,50,14,[5 8],51,-1,67,-1,53
1,<environment.Job instance at 0x7fd7fd31db90>,54,18,[6 2],55,-1,73,-1,55
1,<environment.Job instance at 0x7fd7fd31daa0>,55,19,[6 3],56,-1,75,-1,56
1,<environment.Job instance at 0x7fd7fd31d190>,52,18,[6 2],53,-1,80,-1,62
1,<environment.Job instance at 0x7fd7fd33cdc0>,62,27,[5 7],63,-1,90,-1,63
1,<environment.Job instance at 0x7fd7fd33b2d0>,65,16,[9 2],66,-1,83,-1,67
1,<environment.Job instance at 0x7fd7fd33b370>,66,15,[10  3],67,-1,82,-1,67
1,<environment.Job instance at 0x7fd7fd33b280>,67,15,[9 1],68,-1,84,-1,69
1,<environment.Job instance at 0x7fd7fd33b5a0>,69,17,[5 2],70,-1,87,-1,70
1,<environment.Job instance at 0x7fd7fd33b460>,68,15,[11  4],69,-1,85,-1,70
1,<environment.Job instance at 0x7fd7fd33bf00>,79,17,[6 2],80,-1,98,-1,81
1,<environment.Job instance at 0x7fd7fd32a320>,81,18,[4 9],82,-1,100,-1,82
1,<environment.Job instance at 0x7fd7fd32a370>,82,12,[6 2],83,-1,95,-1,83
1,<environment.Job instance at 0x7fd7fd33bcd0>,80,17,[5 2],81,-1,103,-1,86
1,<environment.Job instance at 0x7fd7fd33bb90>,75,15,[6 2],76,-1,101,-1,86
1,<environment.Job instance at 0x7fd7fd32a690>,86,16,[8 2],87,-1,103,-1,87
1,<environment.Job instance at 0x7fd7fd32aa00>,90,18,[ 4 11],91,-1,123,-1,105
1,<environment.Job instance at 0x7fd7fd720b40>,30,16,[10  1],31,-1,121,-1,105
1,<environment.Job instance at 0x7fd7fd32acd0>,95,13,[5 7],96,-1,119,-1,106
1,<environment.Job instance at 0x7fd7fd32aaf0>,91,18,[ 3 10],92,-1,147,-1,129
1,<environment.Job instance at 0x7fd7fd6c30f0>,102,16,[5 4],103,-1,145,-1,129
1,<environment.Job instance at 0x7fd7fd9abe10>,0,26,[3 7],1,-1,27,-1,1
1,<environment.Job instance at 0x7fd7fd9abdc0>,1,18,[11  5],2,-1,20,-1,2
1,<environment.Job instance at 0x7fd7fd6f3cd0>,9,1,[12  2],10,-1,16,-1,15
1,<environment.Job instance at 0x7fd7fd9355f0>,12,24,[1 9],13,-1,52,-1,28
1,<environment.Job instance at 0x7fd7fd99e820>,21,27,[7 1],22,-1,81,-1,54
1,<environment.Job instance at 0x7fd7fd99ee10>,22,26,[ 3 10],23,-1,80,-1,54
1,<environment.Job instance at 0x7fd7fd99e730>,23,2,[ 3 13],24,-1,56,-1,54
1,<environment.Job instance at 0x7fd7fd99e0f0>,27,1,[ 3 14],28,-1,56,-1,55
1,<environment.Job instance at 0x7fd7fdfde2d0>,28,12,[ 2 11],29,-1,67,-1,55
1,<environment.Job instance at 0x7fd7fd217140>,31,17,[11  3],32,-1,82,-1,65
1,<environment.Job instance at 0x7fd7fdebfc30>,32,16,[12  1],33,-1,81,-1,65
1,<environment.Job instance at 0x7fd7fdce3320>,33,15,[ 4 13],34,-1,80,-1,65
1,<environment.Job instance at 0x7fd7fdeac4b0>,43,24,[2 6],44,-1,134,-1,110
1,<environment.Job instance at 0x7fd7fdeac0f0>,44,13,[ 5 12],45,-1,123,-1,110
1,<environment.Job instance at 0x7fd7fe0d70a0>,45,2,[ 2 11],46,-1,112,-1,110
1,<environment.Job instance at 0x7fd7fd2dcfa0>,1,16,[8 4],2,-1,18,-1,2
1,<environment.Job instance at 0x7fd7fd2dcd70>,3,18,[6 4],4,-1,22,-1,4
1,<environment.Job instance at 0x7fd7fd717fa0>,15,21,[9 5],16,-1,38,-1,17
1,<environment.Job instance at 0x7fd7fd717f50>,16,18,[10  5],17,-1,35,-1,17
1,<environment.Job instance at 0x7fd7fd2ccaf0>,23,27,[3 5],24,-1,55,-1,28
1,<environment.Job instance at 0x7fd7fd2cc550>,29,12,[1 9],30,-1,49,-1,37
1,<environment.Job instance at 0x7fd7fd2cceb0>,27,17,[5 7],28,-1,54,-1,37
1,<environment.Job instance at 0x7fd7fd2ccfa0>,28,12,[7 5],29,-1,49,-1,37
1,<environment.Job instance at 0x7fd7fd9eb190>,33,12,[9 3],34,-1,49,-1,37
1,<environment.Job instance at 0x7fd7fd9eb460>,34,12,[1 5],35,-1,49,-1,37
1,<environment.Job instance at 0x7fd7fd9eb910>,35,14,[5 2],36,-1,51,-1,37
1,<environment.Job instance at 0x7fd7fd9eb0f0>,37,17,[2 6],38,-1,58,-1,41
1,<environment.Job instance at 0x7fd7fd9eb4b0>,40,16,[9 4],41,-1,59,-1,43
1,<environment.Job instance at 0x7fd7fd9eb280>,42,12,[8 3],43,-1,55,-1,43
1,<environment.Job instance at 0x7fd7fd9eb960>,36,12,[6 4],37,-1,56,-1,44
1,<environment.Job instance at 0x7fd7fd9eb320>,45,18,[3 9],46,-1,64,-1,46
1,<environment.Job instance at 0x7fd7fd9e6f00>,48,14,[4 5],49,-1,65,-1,51
1,<environment.Job instance at 0x7fd7fd9ebe60>,38,17,[5 4],39,-1,69,-1,52
1,<environment.Job instance at 0x7fd7fd9e65f0>,51,18,[4 8],52,-1,70,-1,52
1,<environment.Job instance at 0x7fd7fd9e6d20>,52,25,[7 3],53,-1,78,-1,53
1,<environment.Job instance at 0x7fd7fd9e6fa0>,56,17,[2 9],57,-1,75,-1,58
1,<environment.Job instance at 0x7fd7fd9e6280>,61,17,[10  5],62,-1,82,-1,65
1,<environment.Job instance at 0x7fd7fd9e63c0>,60,16,[10  3],61,-1,151,-1,135
1,<environment.Job instance at 0x7fd7fdd03320>,80,18,[1 7],81,-1,153,-1,135
1,<environment.Job instance at 0x7fd7fdd03d70>,85,26,[4 8],86,-1,161,-1,135
1,<environment.Job instance at 0x7fd7fdd03550>,86,20,[4 8],87,-1,155,-1,135
1,<environment.Job instance at 0x7fd7fd5335a0>,8,16,[13  3],9,-1,25,-1,9
1,<environment.Job instance at 0x7fd7fd281aa0>,23,27,[3 5],24,-1,66,-1,39
1,<environment.Job instance at 0x7fd7fdec9870>,24,1,[12  4],25,-1,40,-1,39
1,<environment.Job instance at 0x7fd7fdec9b90>,25,2,[14  1],26,-1,41,-1,39
1,<environment.Job instance at 0x7fd7fd55f960>,4,18,[3 6],5,-1,25,-1,7
1,<environment.Job instance at 0x7fd7fd55fe60>,6,26,[8 5],7,-1,33,-1,7
1,<environment.Job instance at 0x7fd7fd584b90>,13,20,[5 3],14,-1,35,-1,15
1,<environment.Job instance at 0x7fd7fd5744b0>,15,17,[6 3],16,-1,33,-1,16
1,<environment.Job instance at 0x7fd7fd574410>,16,14,[10  1],17,-1,35,-1,21
1,<environment.Job instance at 0x7fd7fd574eb0>,21,17,[2 9],22,-1,39,-1,22
1,<environment.Job instance at 0x7fd7fd1842d0>,24,12,[10  2],25,-1,37,-1,25
1,<environment.Job instance at 0x7fd7fced7a50>,25,2,[10  1],26,-1,28,-1,26
1,<environment.Job instance at 0x7fd7fd553eb0>,26,13,[9 1],27,-1,40,-1,27
1,<environment.Job instance at 0x7fd7fdd46e10>,27,22,[10  1],28,-1,50,-1,28
1,<environment.Job instance at 0x7fd7fd28d0a0>,29,14,[5 1],30,-1,44,-1,30
1,<environment.Job instance at 0x7fd7fd28d230>,30,20,[3 8],31,-1,51,-1,31
1,<environment.Job instance at 0x7fd7fd9e0230>,32,13,[9 2],33,-1,46,-1,33
1,<environment.Job instance at 0x7fd7fdd3b730>,36,26,[9 5],37,-1,63,-1,37
1,<environment.Job instance at 0x7fd7fdd3eb90>,39,13,[8 5],40,-1,53,-1,40
1,<environment.Job instance at 0x7fd7fdd29d70>,42,13,[ 3 10],43,-1,56,-1,43
1,<environment.Job instance at 0x7fd7fdd29eb0>,43,16,[6 3],44,-1,60,-1,44
1,<environment.Job instance at 0x7fd7fdd29f50>,44,17,[1 8],45,-1,62,-1,45
1,<environment.Job instance at 0x7fd7fdd562d0>,49,22,[7 3],50,-1,72,-1,50
1,<environment.Job instance at 0x7fd7fdd56a00>,52,25,[7 5],53,-1,78,-1,53
1,<environment.Job instance at 0x7fd7fcf07e60>,66,18,[5 8],67,-1,92,-1,74
1,<environment.Job instance at 0x7fd7fdcea730>,3,14,[ 4 11],4,-1,18,-1,4
1,<environment.Job instance at 0x7fd7fce3c050>,6,26,[8 5],7,-1,34,-1,8
1,<environment.Job instance at 0x7fd7fce3ccd0>,8,18,[13  1],9,-1,27,-1,9
1,<environment.Job instance at 0x7fd7fce3abe0>,28,16,[13  1],29,-1,82,-1,66
1,<environment.Job instance at 0x7fd7fdcc2c80>,31,3,[11  4],32,-1,72,-1,69
1,<environment.Job instance at 0x7fd7fdcd5190>,36,26,[9 5],37,-1,121,-1,95
1,<environment.Job instance at 0x7fd7fd250e60>,47,1,[ 4 12],48,-1,115,-1,114
1,<environment.Job instance at 0x7fd7fd44ccd0>,50,15,[13  3],51,-1,131,-1,116
1,<environment.Job instance at 0x7fd7fd709690>,52,25,[7 5],53,-1,150,-1,125
1,<environment.Job instance at 0x7fd7fd7099b0>,53,2,[14  5],54,-1,127,-1,125
1,<environment.Job instance at 0x7fd7fd9519b0>,54,2,[13  4],55,-1,127,-1,125
1,<environment.Job instance at 0x7fd7fd951f50>,56,12,[12  4],57,-1,137,-1,125
1,<environment.Job instance at 0x7fd7fd5a4fa0>,2,18,[8 1],3,-1,23,-1,5
1,<environment.Job instance at 0x7fd7fd5a4a50>,6,20,[10  4],7,-1,27,-1,7
1,<environment.Job instance at 0x7fd7fd5a4280>,8,17,[9 2],9,-1,26,-1,9
1,<environment.Job instance at 0x7fd7fd5a4780>,9,14,[7 5],10,-1,24,-1,10
1,<environment.Job instance at 0x7fd7fe475690>,12,18,[5 3],13,-1,31,-1,13
1,<environment.Job instance at 0x7fd7fe475730>,14,18,[6 3],15,-1,33,-1,15
1,<environment.Job instance at 0x7fd7fe475c30>,18,13,[2 7],19,-1,33,-1,20
1,<environment.Job instance at 0x7fd7fe475820>,22,17,[5 9],23,-1,40,-1,23
1,<environment.Job instance at 0x7fd7fe475370>,23,18,[5 5],24,-1,42,-1,24
1,<environment.Job instance at 0x7fd7fe475230>,24,15,[8 2],25,-1,55,-1,40
1,<environment.Job instance at 0x7fd7fd5baeb0>,33,28,[8 2],34,-1,68,-1,40
1,<environment.Job instance at 0x7fd7fe475a00>,30,27,[5 4],31,-1,67,-1,40
1,<environment.Job instance at 0x7fd7fd5ba780>,35,13,[ 5 10],36,-1,53,-1,40
1,<environment.Job instance at 0x7fd7fd5bacd0>,31,28,[7 5],32,-1,69,-1,41
1,<environment.Job instance at 0x7fd7fd5bac30>,34,16,[2 5],35,-1,58,-1,42
1,<environment.Job instance at 0x7fd7fe475eb0>,15,18,[ 3 12],16,-1,60,-1,42
1,<environment.Job instance at 0x7fd7fd5ba7d0>,42,14,[3 8],43,-1,59,-1,45
1,<environment.Job instance at 0x7fd7fd5ba500>,43,16,[7 2],44,-1,62,-1,46
1,<environment.Job instance at 0x7fd7fd5bafa0>,39,13,[7 1],40,-1,59,-1,46
1,<environment.Job instance at 0x7fd7fe09d0f0>,48,15,[3 9],49,-1,71,-1,56
1,<environment.Job instance at 0x7fd7fe09dbe0>,49,12,[10  4],50,-1,92,-1,80
1,<environment.Job instance at 0x7fd7fe09d730>,58,18,[ 2 10],59,-1,103,-1,85
1,<environment.Job instance at 0x7fd7fe09d280>,54,15,[10  1],55,-1,100,-1,85
1,<environment.Job instance at 0x7fd7fe09d3c0>,53,19,[7 1],54,-1,106,-1,87
1,<environment.Job instance at 0x7fd7fe09d1e0>,59,13,[5 8],60,-1,100,-1,87
1,<environment.Job instance at 0x7fd7fd52bb40>,62,14,[4 6],63,-1,101,-1,87
1,<environment.Job instance at 0x7fd7fd52b460>,63,27,[5 1],64,-1,114,-1,87
1,<environment.Job instance at 0x7fd7fd52b820>,64,15,[5 5],65,-1,102,-1,87
1,<environment.Job instance at 0x7fd7fd52b690>,65,14,[5 9],66,-1,101,-1,87
1,<environment.Job instance at 0x7fd7fe09de10>,60,17,[ 5 13],61,-1,104,-1,87
1,<environment.Job instance at 0x7fd7fd52bbe0>,74,18,[9 1],75,-1,116,-1,98
1,<environment.Job instance at 0x7fd7fe09d320>,47,18,[2 6],48,-1,116,-1,98
1,<environment.Job instance at 0x7fd7fd52b910>,78,16,[1 7],79,-1,114,-1,98
1,<environment.Job instance at 0x7fd7fd52b550>,76,14,[5 7],77,-1,112,-1,98
1,<environment.Job instance at 0x7fd7fd52b1e0>,80,18,[2 9],81,-1,116,-1,98
1,<environment.Job instance at 0x7fd7fd52b0f0>,73,18,[6 4],74,-1,118,-1,100
1,<environment.Job instance at 0x7fd7fe092550>,87,26,[3 7],88,-1,129,-1,103
1,<environment.Job instance at 0x7fd7fe0926e0>,83,18,[5 3],84,-1,121,-1,103
1,<environment.Job instance at 0x7fd7fe092140>,88,13,[2 9],89,-1,116,-1,103
1,<environment.Job instance at 0x7fd7fce4b0a0>,94,17,[5 1],95,-1,136,-1,119
1,<environment.Job instance at 0x7fd7fce4b320>,96,18,[5 4],97,-1,137,-1,119
1,<environment.Job instance at 0x7fd7fce4bcd0>,98,12,[5 5],99,-1,131,-1,119
1,<environment.Job instance at 0x7fd7fce4b3c0>,99,25,[3 8],100,-1,144,-1,119
1,<environment.Job instance at 0x7fd7fce4b0f0>,100,17,[7 1],101,-1,136,-1,119
1,<environment.Job instance at 0x7fd7fe092190>,86,13,[7 1],87,-1,134,-1,121
1,<environment.Job instance at 0x7fd7fce4bb40>,101,17,[7 4],102,-1,138,-1,121
1,<environment.Job instance at 0x7fd806a1df50>,1,2,[13  4],2,-1,4,-1,2
1,<environment.Job instance at 0x7fd7fd424370>,10,27,[ 3 13],11,-1,46,-1,19
1,<environment.Job instance at 0x7fd7fd0c6640>,13,27,[1 7],14,-1,51,-1,24
1,<environment.Job instance at 0x7fd7fd170730>,15,18,[ 3 12],16,-1,42,-1,24
1,<environment.Job instance at 0x7fd7fd9ebe10>,20,1,[12  1],21,-1,31,-1,30
1,<environment.Job instance at 0x7fd7fd9eb2d0>,21,25,[9 1],22,-1,73,-1,48
1,<environment.Job instance at 0x7fd7fdb1f500>,30,27,[5 4],31,-1,123,-1,96
1,<environment.Job instance at 0x7fd7fda4c910>,31,28,[7 5],32,-1,124,-1,96
1,<environment.Job instance at 0x7fd7fd318aa0>,33,28,[8 2],34,-1,137,-1,109
1,<environment.Job instance at 0x7fd7fcbee960>,4,21,[8 1],5,-1,27,-1,6
1,<environment.Job instance at 0x7fd7fcc6de60>,9,25,[ 3 10],10,-1,35,-1,10
1,<environment.Job instance at 0x7fd7fcc6d820>,10,18,[ 2 11],11,-1,29,-1,11
1,<environment.Job instance at 0x7fd7fcc6d3c0>,11,12,[ 1 10],12,-1,24,-1,12
1,<environment.Job instance at 0x7fd7fcc6d870>,14,17,[5 4],15,-1,32,-1,15
1,<environment.Job instance at 0x7fd7fcc6dc30>,15,15,[9 4],16,-1,31,-1,16
1,<environment.Job instance at 0x7fd7fcc6dfa0>,16,15,[4 7],17,-1,32,-1,17
1,<environment.Job instance at 0x7fd7fcc6d730>,17,23,[9 2],18,-1,41,-1,18
1,<environment.Job instance at 0x7fd7fcbcd0a0>,20,15,[4 8],21,-1,36,-1,21
1,<environment.Job instance at 0x7fd7fcbcdaa0>,23,17,[7 4],24,-1,41,-1,24
1,<environment.Job instance at 0x7fd7fcbcd2d0>,25,15,[9 1],26,-1,41,-1,26
1,<environment.Job instance at 0x7fd7fcbcd460>,28,16,[6 5],29,-1,45,-1,29
1,<environment.Job instance at 0x7fd7fcbcd6e0>,30,15,[7 2],31,-1,46,-1,31
1,<environment.Job instance at 0x7fd7fcc4ea00>,31,14,[1 5],32,-1,46,-1,32
1,<environment.Job instance at 0x7fd7fcc4e280>,32,18,[ 2 10],33,-1,51,-1,33
1,<environment.Job instance at 0x7fd7fcc4ebe0>,33,14,[4 9],34,-1,48,-1,34
1,<environment.Job instance at 0x7fd7fcc4e4b0>,34,12,[9 4],35,-1,47,-1,35
1,<environment.Job instance at 0x7fd7fcc4e320>,40,16,[3 7],41,-1,57,-1,41
1,<environment.Job instance at 0x7fd7fcc4e550>,41,18,[5 5],42,-1,60,-1,42
1,<environment.Job instance at 0x7fd7fcc4ed20>,43,24,[4 7],44,-1,68,-1,44
1,<environment.Job instance at 0x7fd7fcc4e050>,44,16,[4 7],45,-1,61,-1,45
1,<environment.Job instance at 0x7fd7fcca1eb0>,48,23,[ 4 10],49,-1,72,-1,49
1,<environment.Job instance at 0x7fd7fcca1be0>,57,18,[3 9],58,-1,76,-1,58
1,<environment.Job instance at 0x7fd7fe494d20>,62,15,[ 1 10],63,-1,78,-1,63
1,<environment.Job instance at 0x7fd7fd9b5500>,63,24,[3 5],64,-1,88,-1,64
1,<environment.Job instance at 0x7fd7fd9b5be0>,65,16,[5 5],66,-1,82,-1,66
1,<environment.Job instance at 0x7fd7fd9b5c80>,68,17,[10  4],69,-1,86,-1,69
1,<environment.Job instance at 0x7fd7fe4949b0>,71,17,[4 7],72,-1,89,-1,72
1,<environment.Job instance at 0x7fd7fd6149b0>,78,16,[9 2],79,-1,95,-1,79
1,<environment.Job instance at 0x7fd7fce99e10>,80,26,[4 8],81,-1,108,-1,82
1,<environment.Job instance at 0x7fd7fe193910>,84,15,[3 8],85,-1,114,-1,99
1,<environment.Job instance at 0x7fd7fe0d5460>,79,24,[7 1],80,-1,124,-1,100
1,<environment.Job instance at 0x7fd7fcc0d640>,73,17,[4 9],74,-1,121,-1,104
1,<environment.Job instance at 0x7fd7fcedb050>,87,13,[ 5 10],88,-1,117,-1,104
1,<environment.Job instance at 0x7fd7fcd9ba00>,81,16,[2 7],82,-1,121,-1,105
1,<environment.Job instance at 0x7fd7fe447a50>,93,18,[8 1],94,-1,124,-1,106
1,<environment.Job instance at 0x7fd7fd7b25a0>,92,18,[4 5],93,-1,124,-1,106
1,<environment.Job instance at 0x7fd7fda904b0>,90,18,[8 5],91,-1,124,-1,106
1,<environment.Job instance at 0x7fd7fce8a140>,10,18,[ 2 11],11,-1,34,-1,16
1,<environment.Job instance at 0x7fd7fcfbdb90>,9,25,[ 3 10],10,-1,42,-1,17
1,<environment.Job instance at 0x7fd7fd5186e0>,17,23,[9 2],18,-1,64,-1,41
1,<environment.Job instance at 0x7fd7fcfae230>,36,17,[ 1 14],37,-1,109,-1,92
1,<environment.Job instance at 0x7fd7fcfae2d0>,39,18,[14  4],40,-1,112,-1,94
1,<environment.Job instance at 0x7fd7fcfae1e0>,43,24,[4 7],44,-1,135,-1,111
1,<environment.Job instance at 0x7fd7fd8e4500>,2,18,[4 7],3,-1,21,-1,3
1,<environment.Job instance at 0x7fd7fd8e4c30>,5,17,[9 3],6,-1,27,-1,10
1,<environment.Job instance at 0x7fd7fd8e48c0>,9,15,[5 5],10,-1,25,-1,10
1,<environment.Job instance at 0x7fd7fcf38280>,24,17,[5 9],25,-1,42,-1,25
1,<environment.Job instance at 0x7fd7fcf38e10>,25,17,[5 9],26,-1,43,-1,26
1,<environment.Job instance at 0x7fd7fcf38dc0>,26,23,[10  4],27,-1,51,-1,28
1,<environment.Job instance at 0x7fd7fd34af00>,28,17,[4 9],29,-1,46,-1,29
1,<environment.Job instance at 0x7fd7fd34a820>,29,18,[9 5],30,-1,48,-1,30
1,<environment.Job instance at 0x7fd7fd34a9b0>,31,17,[8 2],32,-1,49,-1,32
1,<environment.Job instance at 0x7fd7fd34a5a0>,32,18,[10  5],33,-1,51,-1,33
1,<environment.Job instance at 0x7fd7fd34aa00>,35,16,[3 8],36,-1,52,-1,36
1,<environment.Job instance at 0x7fd7fd34ab40>,36,14,[4 7],37,-1,51,-1,37
1,<environment.Job instance at 0x7fd7fd34acd0>,37,18,[5 4],38,-1,56,-1,38
1,<environment.Job instance at 0x7fd7fd34a370>,39,12,[5 9],40,-1,52,-1,40
1,<environment.Job instance at 0x7fd7fd34a730>,41,17,[7 2],42,-1,59,-1,42
1,<environment.Job instance at 0x7fd7fd34abe0>,43,16,[3 9],44,-1,60,-1,44
1,<environment.Job instance at 0x7fd7fcf380a0>,27,15,[5 5],28,-1,59,-1,44
1,<environment.Job instance at 0x7fd7fd34a7d0>,44,13,[10  1],45,-1,59,-1,46
1,<environment.Job instance at 0x7fd7fe089140>,46,14,[1 5],47,-1,61,-1,47
1,<environment.Job instance at 0x7fd7fe089460>,49,25,[8 3],50,-1,75,-1,50
1,<environment.Job instance at 0x7fd7fe0893c0>,51,17,[3 7],52,-1,69,-1,52
1,<environment.Job instance at 0x7fd7fd5bad20>,58,17,[3 5],59,-1,76,-1,59
1,<environment.Job instance at 0x7fd7fe089a50>,53,18,[2 6],54,-1,78,-1,60
1,<environment.Job instance at 0x7fd7fd5ba0f0>,61,15,[10  5],62,-1,77,-1,62
1,<environment.Job instance at 0x7fd7fd5ba320>,62,18,[10  1],63,-1,81,-1,63
1,<environment.Job instance at 0x7fd7fe0892d0>,54,18,[8 2],55,-1,90,-1,72
1,<environment.Job instance at 0x7fd7fd590190>,71,18,[7 1],72,-1,90,-1,72
1,<environment.Job instance at 0x7fd7fd590820>,73,18,[ 3 10],74,-1,92,-1,74
1,<environment.Job instance at 0x7fd7fe411d70>,81,15,[9 5],82,-1,97,-1,82
1,<environment.Job instance at 0x7fd7fe411aa0>,82,14,[ 1 10],83,-1,99,-1,85
1,<environment.Job instance at 0x7fd7fe4119b0>,78,12,[10  2],79,-1,98,-1,86
1,<environment.Job instance at 0x7fd806c350f0>,86,21,[3 7],87,-1,108,-1,87
1,<environment.Job instance at 0x7fd7fe089dc0>,57,18,[5 2],58,-1,106,-1,88
1,<environment.Job instance at 0x7fd806c353c0>,87,15,[ 3 10],88,-1,103,-1,88
1,<environment.Job instance at 0x7fd7fd061aa0>,93,17,[ 2 10],94,-1,123,-1,106
1,<environment.Job instance at 0x7fd7fd061c80>,92,16,[10  1],93,-1,126,-1,110
1,<environment.Job instance at 0x7fd7fe4110a0>,85,15,[10  1],86,-1,125,-1,110
1,<environment.Job instance at 0x7fd7fceaa640>,3,3,[11  3],4,-1,7,-1,4
1,<environment.Job instance at 0x7fd7fcf8e320>,18,16,[ 5 13],19,-1,48,-1,32
1,<environment.Job instance at 0x7fd7fd518c30>,21,15,[14  4],22,-1,51,-1,36
1,<environment.Job instance at 0x7fd7fcec8140>,26,23,[10  4],27,-1,68,-1,45
1,<environment.Job instance at 0x7fd7fd1614b0>,1,26,[7 2],2,-1,28,-1,2
1,<environment.Job instance at 0x7fd7fd1610a0>,3,16,[ 3 10],4,-1,22,-1,6
1,<environment.Job instance at 0x7fd7fd700050>,4,14,[10  5],5,-1,20,-1,6
1,<environment.Job instance at 0x7fd7fd930780>,11,17,[10  3],12,-1,30,-1,13
1,<environment.Job instance at 0x7fd7fd9301e0>,13,12,[9 4],14,-1,26,-1,14
1,<environment.Job instance at 0x7fd7fd9308c0>,14,18,[5 3],15,-1,33,-1,15
1,<environment.Job instance at 0x7fd7fd930690>,19,19,[9 1],20,-1,39,-1,20
1,<environment.Job instance at 0x7fd7fcf260f0>,24,23,[8 3],25,-1,48,-1,25
1,<environment.Job instance at 0x7fd7fcf26eb0>,26,17,[2 7],27,-1,44,-1,27
1,<environment.Job instance at 0x7fd7fd17ca50>,31,15,[10  1],32,-1,49,-1,34
1,<environment.Job instance at 0x7fd7fd17c910>,34,25,[8 2],35,-1,60,-1,35
1,<environment.Job instance at 0x7fd7fd17c9b0>,36,18,[7 2],37,-1,55,-1,37
1,<environment.Job instance at 0x7fd7fd17c870>,39,18,[5 1],40,-1,58,-1,40
1,<environment.Job instance at 0x7fd7fd674640>,40,12,[ 4 12],41,-1,53,-1,41
1,<environment.Job instance at 0x7fd7fd17c2d0>,33,27,[9 4],34,-1,69,-1,42
1,<environment.Job instance at 0x7fd7fd674af0>,42,17,[5 9],43,-1,60,-1,43
1,<environment.Job instance at 0x7fd7fd674820>,47,17,[3 7],48,-1,65,-1,48
1,<environment.Job instance at 0x7fd7fd674c80>,48,16,[8 5],49,-1,65,-1,49
1,<environment.Job instance at 0x7fd7fd721410>,55,22,[9 4],56,-1,78,-1,56
1,<environment.Job instance at 0x7fd7fd721aa0>,58,14,[3 7],59,-1,73,-1,59
1,<environment.Job instance at 0x7fd7fd721b90>,59,27,[5 8],60,-1,87,-1,60
1,<environment.Job instance at 0x7fd7fd721d20>,60,13,[5 8],61,-1,75,-1,62
1,<environment.Job instance at 0x7fd7fd7210f0>,62,15,[ 5 10],63,-1,78,-1,63
1,<environment.Job instance at 0x7fd7fd7211e0>,63,16,[5 8],64,-1,80,-1,64
1,<environment.Job instance at 0x7fd7fd721d70>,66,22,[3 8],67,-1,89,-1,67
1,<environment.Job instance at 0x7fd7fd721960>,67,14,[6 2],68,-1,82,-1,68
1,<environment.Job instance at 0x7fd7fd56d780>,76,12,[3 8],77,-1,89,-1,77
1,<environment.Job instance at 0x7fd7fd56d2d0>,78,17,[3 7],79,-1,96,-1,79
1,<environment.Job instance at 0x7fd7fd56db40>,79,12,[ 5 10],80,-1,92,-1,80
1,<environment.Job instance at 0x7fd7fd56d280>,80,18,[9 4],81,-1,99,-1,81
1,<environment.Job instance at 0x7fd7fd56d4b0>,81,12,[ 4 10],82,-1,94,-1,82
1,<environment.Job instance at 0x7fd7fdceebe0>,83,14,[ 1 10],84,-1,98,-1,84
1,<environment.Job instance at 0x7fd7fcfb86e0>,1,26,[7 2],2,-1,28,-1,2
1,<environment.Job instance at 0x7fd7fcfa7780>,2,2,[ 2 13],3,-1,5,-1,3
1,<environment.Job instance at 0x7fd7fda24730>,6,12,[11  2],7,-1,19,-1,7
1,<environment.Job instance at 0x7fd7fd544af0>,7,1,[14  5],8,-1,9,-1,8
1,<environment.Job instance at 0x7fd7fd544c30>,8,19,[ 5 11],9,-1,28,-1,9
1,<environment.Job instance at 0x7fd7fd985910>,18,1,[ 4 13],19,-1,26,-1,25
1,<environment.Job instance at 0x7fd7fcfb41e0>,22,2,[ 3 14],23,-1,34,-1,32
1,<environment.Job instance at 0x7fd7fcfb4190>,24,23,[8 3],25,-1,57,-1,34
1,<environment.Job instance at 0x7fd7fcf2a190>,29,1,[11  4],30,-1,36,-1,35
1,<environment.Job instance at 0x7fd7fcea3fa0>,33,27,[9 4],34,-1,83,-1,56
1,<environment.Job instance at 0x7fd7fcea3f00>,34,25,[8 2],35,-1,81,-1,56
1,<environment.Job instance at 0x7fd7fe030e60>,40,12,[ 4 12],41,-1,71,-1,59
1,<environment.Job instance at 0x7fd7fe18fa00>,59,27,[5 8],60,-1,160,-1,133
1,<environment.Job instance at 0x7fd7fccfa960>,0,20,[7 1],1,-1,22,-1,2
1,<environment.Job instance at 0x7fd7fccfabe0>,1,14,[9 4],2,-1,16,-1,2
1,<environment.Job instance at 0x7fd7fccfaaf0>,3,17,[3 7],4,-1,21,-1,4
1,<environment.Job instance at 0x7fd7fcd1ed70>,11,16,[9 2],12,-1,29,-1,13
1,<environment.Job instance at 0x7fd7fcd1eeb0>,13,14,[ 4 10],14,-1,28,-1,14
1,<environment.Job instance at 0x7fd7fcd1e190>,15,13,[10  4],16,-1,31,-1,18
1,<environment.Job instance at 0x7fd7fcd1ef00>,17,17,[9 1],18,-1,40,-1,23
1,<environment.Job instance at 0x7fd7fd766730>,22,13,[ 4 10],23,-1,37,-1,24
1,<environment.Job instance at 0x7fd7fd766b40>,23,17,[7 2],24,-1,42,-1,25
1,<environment.Job instance at 0x7fd7fd44cb90>,31,14,[ 2 10],32,-1,60,-1,46
1,<environment.Job instance at 0x7fd7fd44c820>,35,25,[6 2],36,-1,71,-1,46
1,<environment.Job instance at 0x7fd7fcc9c870>,42,15,[4 5],43,-1,61,-1,46
1,<environment.Job instance at 0x7fd7fcc9cc30>,45,18,[4 5],46,-1,64,-1,46
1,<environment.Job instance at 0x7fd7fe2b5cd0>,5,17,[ 1 11],6,-1,23,-1,6
1,<environment.Job instance at 0x7fd7fccf1230>,7,13,[12  4],8,-1,21,-1,8
1,<environment.Job instance at 0x7fd7fcd002d0>,20,24,[ 4 14],21,-1,78,-1,54
1,<environment.Job instance at 0x7fd7fcd00460>,24,14,[ 1 11],25,-1,76,-1,62
1,<environment.Job instance at 0x7fd7fcd00d70>,25,24,[7 4],26,-1,88,-1,64
1,<environment.Job instance at 0x7fd7fcce2a50>,35,25,[6 2],36,-1,135,-1,110
1,<environment.Job instance at 0x7fd7fd5c0410>,36,2,[ 1 13],37,-1,112,-1,110
1,<environment.Job instance at 0x7fd7fdd50960>,0,18,[7 1],1,-1,21,-1,3
1,<environment.Job instance at 0x7fd7fdd500f0>,2,18,[6 5],3,-1,21,-1,3
1,<environment.Job instance at 0x7fd7fdd50aa0>,9,14,[3 7],10,-1,25,-1,11
1,<environment.Job instance at 0x7fd7fdd50370>,10,17,[9 5],11,-1,28,-1,11
1,<environment.Job instance at 0x7fd7fdd507d0>,11,14,[9 4],12,-1,28,-1,14
1,<environment.Job instance at 0x7fd7fd8029b0>,14,18,[6 5],15,-1,33,-1,15
1,<environment.Job instance at 0x7fd7fd8026e0>,16,28,[7 3],17,-1,45,-1,17
1,<environment.Job instance at 0x7fd7fd802a50>,18,18,[1 8],19,-1,37,-1,19
1,<environment.Job instance at 0x7fd7fd802690>,19,21,[10  5],20,-1,41,-1,20
1,<environment.Job instance at 0x7fd7fd8020f0>,20,15,[4 9],21,-1,36,-1,21
1,<environment.Job instance at 0x7fd7fd8025a0>,24,13,[3 8],25,-1,38,-1,25
1,<environment.Job instance at 0x7fd7fdf31d70>,27,16,[2 6],28,-1,44,-1,28
1,<environment.Job instance at 0x7fd7fdf31960>,28,17,[7 4],29,-1,46,-1,29
1,<environment.Job instance at 0x7fd7fdf31780>,30,12,[4 8],31,-1,45,-1,33
1,<environment.Job instance at 0x7fd7fdf31a00>,32,20,[1 9],33,-1,53,-1,33
1,<environment.Job instance at 0x7fd7fdf31190>,33,18,[3 7],34,-1,52,-1,34
1,<environment.Job instance at 0x7fd7fd7d4280>,36,18,[3 6],37,-1,55,-1,37
1,<environment.Job instance at 0x7fd7fdd45eb0>,44,18,[2 9],45,-1,66,-1,48
1,<environment.Job instance at 0x7fd7fdd45410>,48,22,[10  5],49,-1,73,-1,51
1,<environment.Job instance at 0x7fd7fd7d4f00>,37,26,[ 2 12],38,-1,77,-1,51
1,<environment.Job instance at 0x7fd7fdd45370>,47,15,[8 4],48,-1,66,-1,51
1,<environment.Job instance at 0x7fd7fdd45870>,49,15,[2 8],50,-1,66,-1,51
1,<environment.Job instance at 0x7fd7fdd451e0>,54,25,[9 4],55,-1,80,-1,55
1,<environment.Job instance at 0x7fd7fdd45730>,53,12,[10  3],54,-1,70,-1,58
1,<environment.Job instance at 0x7fd7fdd45f50>,57,14,[4 5],58,-1,73,-1,59
1,<environment.Job instance at 0x7fd7fd862780>,60,25,[9 5],61,-1,86,-1,61
1,<environment.Job instance at 0x7fd7fd8626e0>,64,17,[6 3],65,-1,82,-1,65
1,<environment.Job instance at 0x7fd7fcd71370>,65,22,[6 4],66,-1,88,-1,66
1,<environment.Job instance at 0x7fd7fcd71190>,66,15,[7 3],67,-1,83,-1,68
1,<environment.Job instance at 0x7fd7fcd71af0>,67,15,[5 4],68,-1,83,-1,68
1,<environment.Job instance at 0x7fd7fcd718c0>,68,13,[2 8],69,-1,83,-1,70
1,<environment.Job instance at 0x7fd7fcd71e60>,71,16,[ 2 10],72,-1,88,-1,72
1,<environment.Job instance at 0x7fd7fcd71d20>,72,22,[2 7],73,-1,95,-1,73
1,<environment.Job instance at 0x7fd7fcd71f00>,75,16,[10  3],76,-1,92,-1,76
1,<environment.Job instance at 0x7fd7fcd71910>,76,18,[8 3],77,-1,95,-1,77
1,<environment.Job instance at 0x7fd7fcd71230>,69,14,[ 1 10],70,-1,91,-1,77
1,<environment.Job instance at 0x7fd7fcd71320>,79,17,[1 9],80,-1,98,-1,81
1,<environment.Job instance at 0x7fd7fcd71aa0>,81,14,[8 1],82,-1,96,-1,82
1,<environment.Job instance at 0x7fd7fcd71780>,80,15,[9 4],81,-1,97,-1,82
1,<environment.Job instance at 0x7fd7fcd71c80>,82,17,[9 5],83,-1,101,-1,84
1,<environment.Job instance at 0x7fd7fdf43500>,84,18,[6 4],85,-1,104,-1,86
1,<environment.Job instance at 0x7fd7fcce0b40>,3,1,[13  4],4,-1,5,-1,4
1,<environment.Job instance at 0x7fd7fcce0aa0>,4,17,[12  2],5,-1,22,-1,5
1,<environment.Job instance at 0x7fd7fd7c4b40>,16,28,[7 3],17,-1,65,-1,37
1,<environment.Job instance at 0x7fd7fe18b460>,25,16,[ 4 14],26,-1,71,-1,55
1,<environment.Job instance at 0x7fd806cc7a00>,37,26,[ 2 12],38,-1,128,-1,102
1,<environment.Job instance at 0x7fd806f43640>,39,1,[ 3 12],40,-1,103,-1,102
1,<environment.Job instance at 0x7fd7fdc7c460>,42,3,[11  1],43,-1,109,-1,106
1,<environment.Job instance at 0x7fd7fd9a5c80>,45,26,[5 5],46,-1,150,-1,124
1,<environment.Job instance at 0x7fd7fe36ce10>,4,16,[10  2],5,-1,23,-1,7
1,<environment.Job instance at 0x7fd7fe36c9b0>,7,3,[5 5],8,-1,11,-1,8
1,<environment.Job instance at 0x7fd7fe36c6e0>,6,16,[5 6],7,-1,24,-1,8
1,<environment.Job instance at 0x7fd7fe36cdc0>,13,12,[9 5],14,-1,27,-1,15
1,<environment.Job instance at 0x7fd7fe36cd20>,15,14,[5 8],16,-1,30,-1,16
1,<environment.Job instance at 0x7fd7fe36c690>,16,14,[5 5],17,-1,31,-1,17
1,<environment.Job instance at 0x7fd7fe36ca50>,17,17,[3 7],18,-1,35,-1,18
1,<environment.Job instance at 0x7fd7fe36c730>,18,16,[7 5],19,-1,35,-1,19
1,<environment.Job instance at 0x7fd7fd243640>,19,20,[5 5],20,-1,40,-1,20
1,<environment.Job instance at 0x7fd7fd243f50>,25,15,[1 9],26,-1,41,-1,26
1,<environment.Job instance at 0x7fd7fd2431e0>,26,18,[1 8],27,-1,45,-1,27
1,<environment.Job instance at 0x7fd7fdebf2d0>,31,14,[10  5],32,-1,46,-1,32
1,<environment.Job instance at 0x7fd7fdebf140>,37,28,[8 2],38,-1,66,-1,38
1,<environment.Job instance at 0x7fd7fdebfbe0>,38,15,[8 5],39,-1,54,-1,39
1,<environment.Job instance at 0x7fd7fe36ce60>,14,18,[ 3 10],15,-1,60,-1,42
1,<environment.Job instance at 0x7fd7fdebfb40>,42,16,[5 6],43,-1,59,-1,43
1,<environment.Job instance at 0x7fd7fdebf9b0>,40,17,[14  5],41,-1,69,-1,52
1,<environment.Job instance at 0x7fd7fd147280>,50,22,[9 5],51,-1,74,-1,52
1,<environment.Job instance at 0x7fd7fd147550>,52,27,[8 4],53,-1,80,-1,53
1,<environment.Job instance at 0x7fd7fd147730>,53,2,[ 1 10],54,-1,57,-1,55
1,<environment.Job instance at 0x7fd7fd9e6280>,56,14,[8 5],57,-1,71,-1,57
1,<environment.Job instance at 0x7fd7fd147c80>,51,17,[6 1],52,-1,76,-1,59
1,<environment.Job instance at 0x7fd7fd9e6780>,58,18,[8 4],59,-1,77,-1,59
1,<environment.Job instance at 0x7fd806a6af00>,60,16,[5 2],61,-1,80,-1,64
1,<environment.Job instance at 0x7fd806a6ae10>,63,25,[ 4 10],64,-1,89,-1,64
1,<environment.Job instance at 0x7fd7fdebfd70>,36,13,[13  5],37,-1,88,-1,75
1,<environment.Job instance at 0x7fd8070cb550>,73,19,[8 5],74,-1,94,-1,75
1,<environment.Job instance at 0x7fd7fd8c3aa0>,79,22,[3 7],80,-1,111,-1,89
1,<environment.Job instance at 0x7fd7fd4a3370>,84,3,[3 8],85,-1,92,-1,89
1,<environment.Job instance at 0x7fd806a6ab90>,59,18,[2 5],60,-1,107,-1,89
1,<environment.Job instance at 0x7fd7fd4a37d0>,85,16,[5 5],86,-1,105,-1,89
1,<environment.Job instance at 0x7fd7fd4a3280>,86,20,[5 3],87,-1,109,-1,89
1,<environment.Job instance at 0x7fd7fd4a3550>,88,12,[9 1],89,-1,101,-1,89
1,<environment.Job instance at 0x7fd806a6a460>,65,17,[11  2],66,-1,107,-1,90
1,<environment.Job instance at 0x7fd7fd4a3dc0>,83,3,[2 6],84,-1,93,-1,90
1,<environment.Job instance at 0x7fd7fd4a32d0>,90,21,[5 4],91,-1,112,-1,91
1,<environment.Job instance at 0x7fd7fd4a3910>,91,13,[6 3],92,-1,106,-1,93
1,<environment.Job instance at 0x7fd7fd4a3780>,92,18,[9 2],93,-1,111,-1,93
1,<environment.Job instance at 0x7fd7fd2705f0>,96,16,[5 8],97,-1,113,-1,97
1,<environment.Job instance at 0x7fd7fcc4e910>,98,16,[6 3],99,-1,115,-1,99
1,<environment.Job instance at 0x7fd7fcc4e280>,100,17,[10  5],101,-1,118,-1,101
1,<environment.Job instance at 0x7fd7fcc4eeb0>,105,17,[9 4],106,-1,124,-1,107
1,<environment.Job instance at 0x7fd7fcc23730>,1,18,[ 3 14],2,-1,20,-1,2
1,<environment.Job instance at 0x7fd8070553c0>,8,13,[14  3],9,-1,22,-1,9
1,<environment.Job instance at 0x7fd7fda8df00>,27,2,[13  4],28,-1,81,-1,79
1,<environment.Job instance at 0x7fd7fe3da640>,36,13,[13  5],37,-1,117,-1,104
1,<environment.Job instance at 0x7fd7fd60a050>,40,17,[14  5],41,-1,134,-1,117
1,<environment.Job instance at 0x7fd7fe339cd0>,41,14,[13  2],42,-1,131,-1,117
1,<environment.Job instance at 0x7fd7fe053dc0>,37,28,[8 2],38,-1,147,-1,119
1,<environment.Job instance at 0x7fd7fd53e730>,3,16,[10  5],4,-1,24,-1,8
1,<environment.Job instance at 0x7fd7fe0cc3c0>,6,17,[7 1],7,-1,25,-1,8
1,<environment.Job instance at 0x7fd7fdd08190>,12,3,[3 6],13,-1,18,-1,15
1,<environment.Job instance at 0x7fd7fdd08730>,13,13,[10  4],14,-1,28,-1,15
1,<environment.Job instance at 0x7fd7fcba52d0>,17,12,[8 1],18,-1,30,-1,18
1,<environment.Job instance at 0x7fd7fcba55f0>,18,22,[4 8],19,-1,41,-1,19
1,<environment.Job instance at 0x7fd7fcbb46e0>,35,15,[10  3],36,-1,62,-1,47
1,<environment.Job instance at 0x7fd7fcbb4be0>,37,17,[ 4 14],38,-1,71,-1,54
1,<environment.Job instance at 0x7fd7fcbb4370>,40,14,[3 9],41,-1,72,-1,58
1,<environment.Job instance at 0x7fd806e22cd0>,32,16,[10  5],33,-1,74,-1,58
1,<environment.Job instance at 0x7fd7fcbb43c0>,41,16,[ 4 10],42,-1,74,-1,58
1,<environment.Job instance at 0x7fd7fe307820>,31,15,[4 5],32,-1,74,-1,59
1,<environment.Job instance at 0x7fd7fcba54b0>,20,28,[4 7],21,-1,87,-1,59
1,<environment.Job instance at 0x7fd7fcbb4a00>,46,16,[7 1],47,-1,75,-1,59
1,<environment.Job instance at 0x7fd7fcba5050>,23,14,[ 3 11],24,-1,74,-1,60
1,<environment.Job instance at 0x7fd7fcbb4500>,49,15,[7 2],50,-1,79,-1,64
1,<environment.Job instance at 0x7fd7fcbb47d0>,48,17,[ 1 10],49,-1,81,-1,64
1,<environment.Job instance at 0x7fd7fd523b40>,55,16,[5 2],56,-1,80,-1,64
1,<environment.Job instance at 0x7fd7fccb0c30>,60,14,[3 8],61,-1,78,-1,64
1,<environment.Job instance at 0x7fd7fccb08c0>,61,16,[6 5],62,-1,81,-1,65
1,<environment.Job instance at 0x7fd7fd6fe960>,64,17,[4 9],65,-1,87,-1,70
1,<environment.Job instance at 0x7fd7fdf286e0>,65,17,[ 5 10],66,-1,88,-1,71
1,<environment.Job instance at 0x7fd7fe0ddaf0>,66,13,[7 5],67,-1,84,-1,71
1,<environment.Job instance at 0x7fd7fe35c3c0>,69,18,[9 4],70,-1,90,-1,72
1,<environment.Job instance at 0x7fd7fcbb40a0>,47,13,[5 5],48,-1,85,-1,72
1,<environment.Job instance at 0x7fd7fd6539b0>,74,17,[5 2],75,-1,92,-1,75
1,<environment.Job instance at 0x7fd7fd6533c0>,79,16,[4 9],80,-1,96,-1,80
1,<environment.Job instance at 0x7fd7fd572280>,81,2,[9 4],82,-1,86,-1,84
1,<environment.Job instance at 0x7fd7fd656550>,80,12,[3 8],81,-1,97,-1,85
1,<environment.Job instance at 0x7fd7fd656cd0>,84,13,[10  1],85,-1,98,-1,85
1,<environment.Job instance at 0x7fd7fd6562d0>,83,17,[9 1],84,-1,102,-1,85
1,<environment.Job instance at 0x7fd7fd656690>,85,14,[3 5],86,-1,100,-1,86
1,<environment.Job instance at 0x7fd7fd656370>,87,18,[7 5],88,-1,106,-1,88
1,<environment.Job instance at 0x7fd7fd6560f0>,89,18,[ 3 10],90,-1,109,-1,91
1,<environment.Job instance at 0x7fd7fda445a0>,91,18,[5 9],92,-1,110,-1,92
1,<environment.Job instance at 0x7fd7fda44500>,92,14,[9 2],93,-1,107,-1,93
1,<environment.Job instance at 0x7fd7fda442d0>,93,17,[8 4],94,-1,111,-1,94
1,<environment.Job instance at 0x7fd7fd6675f0>,94,24,[8 1],95,-1,121,-1,97
1,<environment.Job instance at 0x7fd7fd667fa0>,96,25,[6 2],97,-1,124,-1,99
1,<environment.Job instance at 0x7fd7fd667320>,99,17,[7 1],100,-1,118,-1,101
1,<environment.Job instance at 0x7fd7fda44230>,95,18,[9 4],96,-1,119,-1,101
1,<environment.Job instance at 0x7fd7fd34d190>,71,16,[14  3],72,-1,117,-1,101
1,<environment.Job instance at 0x7fd7fd64b0f0>,103,15,[3 8],104,-1,120,-1,105
1,<environment.Job instance at 0x7fd7fdcd2460>,100,15,[8 3],101,-1,122,-1,107
1,<environment.Job instance at 0x7fd7fd64c550>,109,16,[10  3],110,-1,126,-1,110
1,<environment.Job instance at 0x7fd7fd64c4b0>,112,24,[8 2],113,-1,137,-1,113
1,<environment.Job instance at 0x7fd7fd65b8c0>,114,15,[4 9],115,-1,130,-1,115
1,<environment.Job instance at 0x7fd7fd64c5f0>,111,20,[5 3],112,-1,137,-1,117
1,<environment.Job instance at 0x7fd7fd64bb40>,106,12,[10  1],107,-1,135,-1,123
1,<environment.Job instance at 0x7fd7fd65b780>,116,14,[5 9],117,-1,137,-1,123
1,<environment.Job instance at 0x7fd7fd8b0c80>,125,12,[8 3],126,-1,139,-1,127
1,<environment.Job instance at 0x7fd7fd8b07d0>,126,12,[7 2],127,-1,141,-1,129
1,<environment.Job instance at 0x7fd7fd619230>,127,12,[7 5],128,-1,142,-1,130
1,<environment.Job instance at 0x7fd7fd516690>,129,25,[1 7],130,-1,161,-1,136
1,<environment.Job instance at 0x7fd7fd516410>,131,16,[5 9],132,-1,153,-1,137
1,<environment.Job instance at 0x7fd7fd5732d0>,132,17,[7 4],133,-1,154,-1,137
1,<environment.Job instance at 0x7fd7fd4890a0>,136,17,[10  4],137,-1,154,-1,137
1,<environment.Job instance at 0x7fd7fd65b4b0>,117,12,[13  5],118,-1,150,-1,138
1,<environment.Job instance at 0x7fd7fd4a1e60>,138,14,[ 5 11],139,-1,153,-1,139
1,<environment.Job instance at 0x7fd7fd349a50>,0,12,[ 4 14],1,-1,13,-1,1
1,<environment.Job instance at 0x7fd7fd489c30>,8,1,[ 1 11],9,-1,18,-1,17
1,<environment.Job instance at 0x7fd7fd283320>,19,16,[ 4 11],20,-1,47,-1,31
1,<environment.Job instance at 0x7fd7fcb871e0>,20,28,[4 7],21,-1,59,-1,31
1,<environment.Job instance at 0x7fd7fcb87e60>,21,15,[ 5 14],22,-1,46,-1,31
1,<environment.Job instance at 0x7fd7fd321af0>,23,14,[ 3 11],24,-1,45,-1,31
1,<environment.Job instance at 0x7fd7fd36ec30>,37,17,[ 4 14],38,-1,91,-1,74
1,<environment.Job instance at 0x7fd7fd273b40>,2,18,[ 1 10],3,-1,22,-1,4
1,<environment.Job instance at 0x7fd7fd273dc0>,4,12,[9 4],5,-1,17,-1,5
1,<environment.Job instance at 0x7fd7fd2731e0>,5,18,[6 1],6,-1,24,-1,6
1,<environment.Job instance at 0x7fd7fd273050>,6,15,[4 7],7,-1,22,-1,7
1,<environment.Job instance at 0x7fd7fd273f50>,8,17,[9 3],9,-1,26,-1,9
1,<environment.Job instance at 0x7fd7fd273af0>,3,15,[1 5],4,-1,24,-1,9
1,<environment.Job instance at 0x7fd7fd35cb40>,17,18,[6 1],18,-1,37,-1,19
1,<environment.Job instance at 0x7fd7fd35cc30>,21,12,[ 5 10],22,-1,34,-1,22
1,<environment.Job instance at 0x7fd7fd35caa0>,22,15,[4 7],23,-1,38,-1,23
1,<environment.Job instance at 0x7fd7fd35caf0>,23,14,[9 2],24,-1,38,-1,24
1,<environment.Job instance at 0x7fd7fd35c640>,26,16,[1 9],27,-1,43,-1,27
1,<environment.Job instance at 0x7fd7fd782500>,31,18,[4 6],32,-1,50,-1,32
1,<environment.Job instance at 0x7fd7fd782320>,35,13,[10  4],36,-1,49,-1,36
1,<environment.Job instance at 0x7fd7fd782d70>,36,19,[5 4],37,-1,56,-1,37
1,<environment.Job instance at 0x7fd7fd782c30>,37,17,[1 8],38,-1,55,-1,38
1,<environment.Job instance at 0x7fd7fd782cd0>,38,18,[4 6],39,-1,57,-1,39
1,<environment.Job instance at 0x7fd7fd782820>,39,13,[8 2],40,-1,53,-1,40
1,<environment.Job instance at 0x7fd7fd6304b0>,42,14,[5 6],43,-1,57,-1,43
1,<environment.Job instance at 0x7fd7fd630a00>,43,18,[10  1],44,-1,62,-1,44
1,<environment.Job instance at 0x7fd7fd630be0>,44,15,[9 3],45,-1,60,-1,45
1,<environment.Job instance at 0x7fd7fd630d70>,46,17,[ 2 10],47,-1,64,-1,47
1,<environment.Job instance at 0x7fd7fd628320>,51,16,[9 3],52,-1,74,-1,58
1,<environment.Job instance at 0x7fd7fd628550>,61,15,[7 4],62,-1,80,-1,65
1,<environment.Job instance at 0x7fd7fd628e60>,59,23,[9 3],60,-1,88,-1,65
1,<environment.Job instance at 0x7fd7fd273460>,18,17,[3 6],19,-1,82,-1,65
1,<environment.Job instance at 0x7fd7fd6195a0>,65,14,[ 2 10],66,-1,83,-1,69
1,<environment.Job instance at 0x7fd7fd2737d0>,14,27,[1 7],15,-1,96,-1,69
1,<environment.Job instance at 0x7fd7fd619dc0>,68,12,[ 1 13],69,-1,81,-1,69
1,<environment.Job instance at 0x7fd7fd619550>,67,18,[2 7],68,-1,87,-1,69
1,<environment.Job instance at 0x7fd7fd619f50>,69,15,[8 5],70,-1,94,-1,79
1,<environment.Job instance at 0x7fd7fd619cd0>,76,14,[11  1],77,-1,112,-1,98
1,<environment.Job instance at 0x7fd7fd619a50>,70,22,[9 3],71,-1,120,-1,98
1,<environment.Job instance at 0x7fd7fd628190>,49,16,[ 1 13],50,-1,115,-1,99
1,<environment.Job instance at 0x7fd7fd628cd0>,56,17,[11  2],57,-1,116,-1,99
1,<environment.Job instance at 0x7fd7fcb6d410>,81,14,[5 5],82,-1,113,-1,99
1,<environment.Job instance at 0x7fd7fcb6d2d0>,84,2,[14  4],85,-1,110,-1,108
1,<environment.Job instance at 0x7fd7fcb6df00>,89,18,[5 9],90,-1,133,-1,115
1,<environment.Job instance at 0x7fd7fd619e10>,77,22,[7 3],78,-1,137,-1,115
1,<environment.Job instance at 0x7fd7fdc650f0>,90,18,[4 5],91,-1,133,-1,115
1,<environment.Job instance at 0x7fd7fd41e410>,14,27,[1 7],15,-1,62,-1,35
1,<environment.Job instance at 0x7fd7fd469eb0>,6,15,[9 4],7,-1,23,-1,8
1,<environment.Job instance at 0x7fd7fd4610f0>,8,25,[3 6],9,-1,34,-1,9
1,<environment.Job instance at 0x7fd7fd43b730>,7,18,[5 9],8,-1,27,-1,9
1,<environment.Job instance at 0x7fd7fd461230>,10,17,[8 5],11,-1,28,-1,11
1,<environment.Job instance at 0x7fd7fd461410>,12,13,[3 8],13,-1,27,-1,14
1,<environment.Job instance at 0x7fd7fd4614b0>,14,12,[6 3],15,-1,27,-1,15
1,<environment.Job instance at 0x7fd7fd4615f0>,15,14,[7 2],16,-1,30,-1,16
1,<environment.Job instance at 0x7fd7fd461730>,17,16,[2 5],18,-1,34,-1,18
1,<environment.Job instance at 0x7fd7fd461870>,18,15,[5 5],19,-1,34,-1,19
1,<environment.Job instance at 0x7fd7fd461550>,13,12,[5 7],14,-1,32,-1,20
1,<environment.Job instance at 0x7fd7fd461be0>,22,20,[3 6],23,-1,44,-1,24
1,<environment.Job instance at 0x7fd7fd461c30>,23,17,[10  4],24,-1,41,-1,24
1,<environment.Job instance at 0x7fd7fd461f50>,26,21,[10  4],27,-1,49,-1,28
1,<environment.Job instance at 0x7fd7fd47a050>,30,16,[10  1],31,-1,47,-1,31
1,<environment.Job instance at 0x7fd7fd47a230>,31,18,[3 7],32,-1,50,-1,32
1,<environment.Job instance at 0x7fd7fd47aa50>,37,24,[9 5],38,-1,62,-1,38
1,<environment.Job instance at 0x7fd7fd47a7d0>,38,17,[7 2],39,-1,56,-1,39
1,<environment.Job instance at 0x7fd7fd47aaa0>,39,15,[8 4],40,-1,55,-1,40
1,<environment.Job instance at 0x7fd7fd47ac30>,40,13,[4 5],41,-1,54,-1,41
1,<environment.Job instance at 0x7fd7fd47acd0>,41,15,[5 5],42,-1,57,-1,42
1,<environment.Job instance at 0x7fd7fd47afa0>,44,17,[7 2],45,-1,62,-1,45
1,<environment.Job instance at 0x7fd7fd45d230>,47,14,[3 8],48,-1,62,-1,48
1,<environment.Job instance at 0x7fd7fd45d870>,52,15,[9 5],53,-1,68,-1,53
1,<environment.Job instance at 0x7fd7fd45de10>,57,17,[3 5],58,-1,75,-1,58
1,<environment.Job instance at 0x7fd7fd484910>,61,20,[5 5],62,-1,82,-1,62
1,<environment.Job instance at 0x7fd7fd4846e0>,63,22,[2 8],64,-1,86,-1,64
1,<environment.Job instance at 0x7fd7fd484550>,67,18,[3 6],68,-1,86,-1,68
1,<environment.Job instance at 0x7fd7fd0ce910>,70,13,[1 5],71,-1,84,-1,71
1,<environment.Job instance at 0x7fd7fdb67500>,72,20,[ 1 10],73,-1,93,-1,73
1,<environment.Job instance at 0x7fd7fe356d20>,73,17,[6 1],74,-1,91,-1,74
1,<environment.Job instance at 0x7fd7fd461f00>,27,15,[3 8],28,-1,98,-1,83
1,<environment.Job instance at 0x7fd7fe361190>,78,17,[ 3 13],79,-1,102,-1,85
1,<environment.Job instance at 0x7fd7fda1d410>,76,16,[ 2 10],77,-1,101,-1,85
1,<environment.Job instance at 0x7fd7fdf95140>,88,17,[2 8],89,-1,126,-1,109
1,<environment.Job instance at 0x7fd7fd0faa50>,91,19,[6 5],92,-1,129,-1,110
1,<environment.Job instance at 0x7fd7fd0f1e10>,92,25,[3 6],93,-1,135,-1,110
1,<environment.Job instance at 0x7fd7fde4b8c0>,82,21,[9 2],83,-1,135,-1,114
1,<environment.Job instance at 0x7fd7fd0f15f0>,95,16,[4 8],96,-1,130,-1,114
1,<environment.Job instance at 0x7fd7fe351910>,75,13,[13  1],76,-1,127,-1,114
1,<environment.Job instance at 0x7fd7fd0ecbe0>,105,13,[4 8],106,-1,133,-1,120
1,<environment.Job instance at 0x7fd7fd0ecdc0>,107,16,[8 2],108,-1,140,-1,124
1,<environment.Job instance at 0x7fd7fe366460>,110,16,[ 4 10],111,-1,144,-1,128
1,<environment.Job instance at 0x7fd7fd47a190>,29,15,[14  4],30,-1,148,-1,133
1,<environment.Job instance at 0x7fd7fe366b40>,113,17,[13  3],114,-1,151,-1,134
1,<environment.Job instance at 0x7fd7fe366960>,112,18,[ 5 10],113,-1,155,-1,137
1,<environment.Job instance at 0x7fd7fd56daf0>,3,12,[ 1 14],4,-1,16,-1,4
1,<environment.Job instance at 0x7fd7fd57e9b0>,8,25,[3 6],9,-1,34,-1,9
1,<environment.Job instance at 0x7fd7fd588410>,21,13,[ 4 11],22,-1,63,-1,50
1,<environment.Job instance at 0x7fd7fdcc44b0>,29,15,[14  4],30,-1,82,-1,67
1,<environment.Job instance at 0x7fd7fcef6d20>,37,24,[9 5],38,-1,126,-1,102
1,<environment.Job instance at 0x7fd7fd64df50>,46,1,[12  5],47,-1,135,-1,134
1,<environment.Job instance at 0x7fd7fcbeb730>,10,18,[6 2],11,-1,29,-1,11
1,<environment.Job instance at 0x7fd7fcbebb90>,11,15,[4 5],12,-1,27,-1,12
1,<environment.Job instance at 0x7fd7fcbeb960>,12,15,[4 8],13,-1,28,-1,13
1,<environment.Job instance at 0x7fd7fcbebc80>,17,18,[2 7],18,-1,36,-1,18
1,<environment.Job instance at 0x7fd7fd32a910>,18,16,[10  5],19,-1,35,-1,19
1,<environment.Job instance at 0x7fd7fd32a0a0>,20,13,[10  5],21,-1,34,-1,21
1,<environment.Job instance at 0x7fd7fd32aaf0>,22,26,[8 2],23,-1,49,-1,23
1,<environment.Job instance at 0x7fd7fd32a550>,25,18,[10  1],26,-1,45,-1,27
1,<environment.Job instance at 0x7fd7fd56d460>,9,18,[4 5],10,-1,47,-1,29
1,<environment.Job instance at 0x7fd7fd32a6e0>,27,13,[8 1],28,-1,42,-1,29
1,<environment.Job instance at 0x7fd7fcbebaa0>,14,18,[ 3 10],15,-1,48,-1,30
1,<environment.Job instance at 0x7fd7fde90d70>,29,1,[4 9],30,-1,32,-1,31
1,<environment.Job instance at 0x7fd7fde90e60>,30,21,[5 7],31,-1,52,-1,31
1,<environment.Job instance at 0x7fd7fdcd73c0>,43,26,[7 3],44,-1,76,-1,50
1,<environment.Job instance at 0x7fd7fdcd7050>,46,17,[5 7],47,-1,67,-1,50
1,<environment.Job instance at 0x7fd7fdcd7a50>,44,18,[5 8],45,-1,69,-1,51
1,<environment.Job instance at 0x7fd7fdcd79b0>,47,14,[ 4 10],48,-1,66,-1,52
1,<environment.Job instance at 0x7fd806ac9aa0>,51,3,[6 5],52,-1,55,-1,52
1,<environment.Job instance at 0x7fd7fdcd7c80>,49,16,[3 7],50,-1,68,-1,52
1,<environment.Job instance at 0x7fd7fdcd78c0>,52,13,[4 9],53,-1,68,-1,55
1,<environment.Job instance at 0x7fd806ac9730>,55,12,[5 5],56,-1,69,-1,57
1,<environment.Job instance at 0x7fd806ac9140>,56,12,[8 5],57,-1,69,-1,57
1,<environment.Job instance at 0x7fd806ac94b0>,57,24,[9 3],58,-1,82,-1,58
1,<environment.Job instance at 0x7fd806ac9fa0>,59,15,[10  1],60,-1,75,-1,60
1,<environment.Job instance at 0x7fd806ac92d0>,60,18,[8 5],61,-1,79,-1,61
1,<environment.Job instance at 0x7fd806ac9690>,62,14,[8 4],63,-1,77,-1,63
1,<environment.Job instance at 0x7fd7fcebab40>,63,15,[3 5],64,-1,79,-1,64
1,<environment.Job instance at 0x7fd7fceba460>,66,25,[10  1],67,-1,94,-1,69
1,<environment.Job instance at 0x7fd7fe3399b0>,68,15,[7 3],69,-1,86,-1,71
1,<environment.Job instance at 0x7fd7fe3395f0>,70,24,[ 4 13],71,-1,97,-1,73
1,<environment.Job instance at 0x7fd7fe339960>,73,27,[4 5],74,-1,105,-1,78
1,<environment.Job instance at 0x7fd7fde90a00>,38,16,[2 8],39,-1,94,-1,78
1,<environment.Job instance at 0x7fd7fe339d70>,75,20,[5 6],76,-1,98,-1,78
1,<environment.Job instance at 0x7fd7fe339c30>,74,17,[9 3],75,-1,95,-1,78
1,<environment.Job instance at 0x7fd7fe339870>,71,14,[12  1],72,-1,97,-1,83
1,<environment.Job instance at 0x7fd7fd546b90>,80,13,[5 7],81,-1,96,-1,83
1,<environment.Job instance at 0x7fd7fd546320>,81,17,[ 5 10],82,-1,104,-1,87
1,<environment.Job instance at 0x7fd7fe339a50>,76,17,[2 5],77,-1,105,-1,88
1,<environment.Job instance at 0x7fd7fe339320>,79,14,[7 4],80,-1,102,-1,88
1,<environment.Job instance at 0x7fd7fd546190>,83,14,[1 7],84,-1,102,-1,88
1,<environment.Job instance at 0x7fd7fd546eb0>,82,17,[6 5],83,-1,105,-1,88
1,<environment.Job instance at 0x7fd7fd5460f0>,85,12,[10  5],86,-1,100,-1,88
1,<environment.Job instance at 0x7fd7fd546d20>,86,19,[5 9],87,-1,107,-1,88
1,<environment.Job instance at 0x7fd7fd5464b0>,84,16,[ 2 11],85,-1,105,-1,89
1,<environment.Job instance at 0x7fd7fd5461e0>,90,16,[4 9],91,-1,107,-1,91
1,<environment.Job instance at 0x7fd806ab59b0>,94,13,[9 2],95,-1,110,-1,97
1,<environment.Job instance at 0x7fd806ab50f0>,97,17,[3 8],98,-1,115,-1,98
1,<environment.Job instance at 0x7fd806ab5690>,98,18,[5 5],99,-1,117,-1,99
1,<environment.Job instance at 0x7fd806ab55a0>,96,15,[2 9],97,-1,118,-1,103
1,<environment.Job instance at 0x7fd7fda07eb0>,102,18,[5 7],103,-1,123,-1,105
1,<environment.Job instance at 0x7fd7fda0a410>,106,15,[8 4],107,-1,123,-1,108
1,<environment.Job instance at 0x7fd806ab5910>,99,16,[13  5],100,-1,124,-1,108
1,<environment.Job instance at 0x7fd7fd32ab40>,26,27,[5 8],27,-1,135,-1,108
1,<environment.Job instance at 0x7fd7fdf42140>,108,18,[5 3],109,-1,128,-1,110
1,<environment.Job instance at 0x7fd7fda07f50>,103,20,[2 6],104,-1,131,-1,111
1,<environment.Job instance at 0x7fd7fdf42550>,113,15,[10  2],114,-1,131,-1,116
1,<environment.Job instance at 0x7fd7fd116460>,115,17,[2 9],116,-1,136,-1,119
1,<environment.Job instance at 0x7fd7fe085640>,117,14,[3 8],118,-1,137,-1,123
1,<environment.Job instance at 0x7fd7fccb4c30>,122,17,[9 3],123,-1,140,-1,123
1,<environment.Job instance at 0x7fd7fd546f50>,87,17,[4 5],88,-1,142,-1,125
1,<environment.Job instance at 0x7fd7fda070f0>,126,18,[9 5],127,-1,150,-1,132
1,<environment.Job instance at 0x7fd7fd603aa0>,111,28,[7 5],112,-1,160,-1,132
1,<environment.Job instance at 0x7fd7fda076e0>,129,16,[ 2 10],130,-1,148,-1,132
1,<environment.Job instance at 0x7fd7fda074b0>,131,14,[10  4],132,-1,146,-1,132
1,<environment.Job instance at 0x7fd7fccb4500>,124,14,[2 9],125,-1,146,-1,132
1,<environment.Job instance at 0x7fd7fda07230>,133,15,[ 4 10],134,-1,151,-1,136
1,<environment.Job instance at 0x7fd7fd47a780>,1,16,[ 1 11],2,-1,18,-1,2
1,<environment.Job instance at 0x7fd7fd56b690>,13,18,[12  1],14,-1,36,-1,18
1,<environment.Job instance at 0x7fd7fcc59af0>,22,26,[8 2],23,-1,90,-1,64
1,<environment.Job instance at 0x7fd7fd7829b0>,26,27,[5 8],27,-1,99,-1,72
1,<environment.Job instance at 0x7fd7fd616870>,40,3,[ 3 12],41,-1,100,-1,97
1,<environment.Job instance at 0x7fd7fd6169b0>,43,26,[7 3],44,-1,140,-1,114
1,<environment.Job instance at 0x7fd7fccf0910>,0,13,[9 1],1,-1,16,-1,3
1,<environment.Job instance at 0x7fd7fce6a190>,3,17,[ 4 10],4,-1,21,-1,4
1,<environment.Job instance at 0x7fd7fdd31870>,6,16,[ 1 10],7,-1,24,-1,8
1,<environment.Job instance at 0x7fd7fe162460>,8,2,[14  5],9,-1,11,-1,9
1,<environment.Job instance at 0x7fd7fdd31a50>,7,18,[ 3 11],8,-1,28,-1,10
1,<environment.Job instance at 0x7fd7fce10050>,10,18,[7 5],11,-1,29,-1,11
1,<environment.Job instance at 0x7fd7fd9050f0>,11,16,[5 5],12,-1,28,-1,12
1,<environment.Job instance at 0x7fd7fd905550>,14,12,[ 5 10],15,-1,28,-1,16
1,<environment.Job instance at 0x7fd7fd905fa0>,16,24,[5 3],17,-1,41,-1,17
1,<environment.Job instance at 0x7fd7fd905050>,17,13,[2 9],18,-1,31,-1,18
1,<environment.Job instance at 0x7fd7fe36ce10>,18,13,[7 3],19,-1,32,-1,19
1,<environment.Job instance at 0x7fd7fd196460>,20,16,[1 7],21,-1,37,-1,21
1,<environment.Job instance at 0x7fd7fdf301e0>,21,18,[6 5],22,-1,40,-1,22
1,<environment.Job instance at 0x7fd7fdf75eb0>,24,28,[10  4],25,-1,54,-1,26
1,<environment.Job instance at 0x7fd7fdf75410>,26,17,[6 1],27,-1,44,-1,27
1,<environment.Job instance at 0x7fd7fcdb48c0>,29,17,[8 3],30,-1,47,-1,30
1,<environment.Job instance at 0x7fd7fd23c280>,31,18,[ 5 10],32,-1,50,-1,32
1,<environment.Job instance at 0x7fd7fe001140>,33,18,[2 7],34,-1,52,-1,34
1,<environment.Job instance at 0x7fd7fe001d20>,35,15,[10  1],36,-1,51,-1,36
1,<environment.Job instance at 0x7fd7fd0678c0>,39,14,[8 2],40,-1,54,-1,40
1,<environment.Job instance at 0x7fd7fd067af0>,41,14,[2 5],42,-1,56,-1,42
1,<environment.Job instance at 0x7fd7fd056550>,42,25,[2 8],43,-1,68,-1,43
1,<environment.Job instance at 0x7fd7fcae82d0>,43,17,[ 1 10],44,-1,61,-1,44
1,<environment.Job instance at 0x7fd7fcae8780>,44,19,[3 6],45,-1,64,-1,45
1,<environment.Job instance at 0x7fd7fcae8320>,45,15,[6 2],46,-1,61,-1,46
1,<environment.Job instance at 0x7fd7fd53a140>,50,15,[ 4 10],51,-1,66,-1,51
1,<environment.Job instance at 0x7fd7fd6c9a00>,55,16,[9 5],56,-1,72,-1,56
1,<environment.Job instance at 0x7fd806f0e190>,56,18,[6 5],57,-1,75,-1,57
1,<environment.Job instance at 0x7fd7fcc7bbe0>,64,12,[10  4],65,-1,77,-1,65
1,<environment.Job instance at 0x7fd7fdc73690>,65,21,[ 2 10],66,-1,87,-1,66
1,<environment.Job instance at 0x7fd7fdc73410>,66,15,[8 4],67,-1,82,-1,67
1,<environment.Job instance at 0x7fd7fdc73190>,67,16,[2 5],68,-1,84,-1,68
1,<environment.Job instance at 0x7fd7fdb1a5f0>,73,12,[9 4],74,-1,86,-1,74
1,<environment.Job instance at 0x7fd7fd3f9730>,25,15,[ 4 12],26,-1,99,-1,84
1,<environment.Job instance at 0x7fd7fe4146e0>,15,19,[5 1],16,-1,104,-1,85
1,<environment.Job instance at 0x7fd7fd4fdaf0>,82,16,[4 9],83,-1,102,-1,86
1,<environment.Job instance at 0x7fd7fd4fde60>,84,3,[5 6],85,-1,89,-1,86
1,<environment.Job instance at 0x7fd7fd4fd6e0>,86,24,[ 1 10],87,-1,111,-1,87
1,<environment.Job instance at 0x7fd7fde991e0>,90,15,[3 9],91,-1,106,-1,91
1,<environment.Job instance at 0x7fd7fd96a2d0>,91,17,[5 8],92,-1,109,-1,92
1,<environment.Job instance at 0x7fd7fd96abe0>,93,25,[4 6],94,-1,119,-1,94
1,<environment.Job instance at 0x7fd7fd877730>,94,16,[ 5 10],95,-1,111,-1,95
1,<environment.Job instance at 0x7fd7fd4fd460>,85,20,[5 4],86,-1,116,-1,96
1,<environment.Job instance at 0x7fd7fd877f00>,96,13,[9 4],97,-1,111,-1,98
1,<environment.Job instance at 0x7fd7fe4120a0>,98,21,[1 6],99,-1,120,-1,99
1,<environment.Job instance at 0x7fd7fd8775f0>,97,22,[10  3],98,-1,122,-1,100
1,<environment.Job instance at 0x7fd7fe3cf640>,100,17,[2 8],101,-1,119,-1,102
1,<environment.Job instance at 0x7fd7fe3cff50>,103,18,[ 5 12],104,-1,123,-1,105
1,<environment.Job instance at 0x7fd7fe3cf5f0>,105,16,[7 5],106,-1,122,-1,106
1,<environment.Job instance at 0x7fd7fe3cf780>,106,13,[4 7],107,-1,120,-1,107
1,<environment.Job instance at 0x7fd7fd4fd690>,80,24,[2 5],81,-1,136,-1,112
1,<environment.Job instance at 0x7fd7fd65a870>,110,15,[9 1],111,-1,127,-1,112
1,<environment.Job instance at 0x7fd7fd65a140>,114,16,[2 6],115,-1,131,-1,115
1,<environment.Job instance at 0x7fd7fe3cfbe0>,109,16,[14  3],110,-1,132,-1,116
1,<environment.Job instance at 0x7fd7fd65ae10>,115,12,[3 7],116,-1,128,-1,116
1,<environment.Job instance at 0x7fd7fd65aa00>,116,17,[7 1],117,-1,134,-1,117
1,<environment.Job instance at 0x7fd7fd65a550>,111,16,[10  5],112,-1,138,-1,122
1,<environment.Job instance at 0x7fd7fd65afa0>,117,2,[5 1],118,-1,124,-1,122
1,<environment.Job instance at 0x7fd7fcc89410>,122,15,[1 7],123,-1,138,-1,123
1,<environment.Job instance at 0x7fd7fcc89820>,121,17,[9 1],122,-1,140,-1,123
1,<environment.Job instance at 0x7fd7fcc89780>,123,13,[10  5],124,-1,139,-1,126
1,<environment.Job instance at 0x7fd7fdffc960>,126,18,[5 9],127,-1,145,-1,127
1,<environment.Job instance at 0x7fd7fdffc320>,127,19,[ 4 10],128,-1,147,-1,128
1,<environment.Job instance at 0x7fd7fdffce60>,128,3,[ 1 10],129,-1,132,-1,129
1,<environment.Job instance at 0x7fd7fdffcaa0>,129,12,[5 4],130,-1,142,-1,130
1,<environment.Job instance at 0x7fd7fdffcc30>,130,14,[6 2],131,-1,145,-1,131
1,<environment.Job instance at 0x7fd7fe206190>,125,17,[6 3],126,-1,148,-1,131
1,<environment.Job instance at 0x7fd7fdffcf50>,132,16,[8 2],133,-1,152,-1,136
1,<environment.Job instance at 0x7fd7fe0dd1e0>,136,23,[ 4 10],137,-1,160,-1,137
1,<environment.Job instance at 0x7fd7fe0ddfa0>,137,13,[4 9],138,-1,151,-1,138
1,<environment.Job instance at 0x7fd7fdb7e780>,5,3,[ 4 12],6,-1,9,-1,6
1,<environment.Job instance at 0x7fd7fd6905a0>,7,18,[ 3 11],8,-1,26,-1,8
1,<environment.Job instance at 0x7fd7fd0855a0>,8,2,[14  5],9,-1,11,-1,9
1,<environment.Job instance at 0x7fd7fdffd870>,16,24,[5 3],17,-1,52,-1,28
1,<environment.Job instance at 0x7fd7fcf310a0>,24,28,[10  4],25,-1,91,-1,63
1,<environment.Job instance at 0x7fd7fd92c9b0>,25,15,[ 4 12],26,-1,78,-1,63
1,<environment.Job instance at 0x7fd7fe3ce280>,37,2,[ 5 12],38,-1,99,-1,97
1,<environment.Job instance at 0x7fd7fccda550>,42,25,[2 8],43,-1,129,-1,104
1,<environment.Job instance at 0x7fd7fd65a050>,46,26,[ 1 12],47,-1,142,-1,116
1,<environment.Job instance at 0x7fd7fcd66cd0>,3,15,[ 5 10],4,-1,20,-1,5
1,<environment.Job instance at 0x7fd7fcd66c30>,4,18,[8 1],5,-1,23,-1,5
1,<environment.Job instance at 0x7fd806a3db40>,7,12,[10  3],8,-1,22,-1,10
1,<environment.Job instance at 0x7fd7fd5782d0>,10,18,[5 7],11,-1,29,-1,11
1,<environment.Job instance at 0x7fd7fd896f50>,11,13,[ 3 10],12,-1,25,-1,12
1,<environment.Job instance at 0x7fd7fd896280>,12,18,[6 5],13,-1,31,-1,13
1,<environment.Job instance at 0x7fd7fce06550>,14,16,[9 5],15,-1,31,-1,15
1,<environment.Job instance at 0x7fd7fdecd7d0>,17,16,[6 3],18,-1,34,-1,18
1,<environment.Job instance at 0x7fd7fdf031e0>,26,17,[10  5],27,-1,44,-1,27
1,<environment.Job instance at 0x7fd7fe438280>,29,21,[7 5],30,-1,51,-1,30
1,<environment.Job instance at 0x7fd7fd578550>,9,14,[ 5 10],10,-1,47,-1,33
1,<environment.Job instance at 0x7fd7fcbef6e0>,34,18,[1 8],35,-1,54,-1,36
1,<environment.Job instance at 0x7fd7fcbed8c0>,39,17,[9 1],40,-1,57,-1,40
1,<environment.Job instance at 0x7fd7fcbed5a0>,42,17,[5 5],43,-1,60,-1,43
1,<environment.Job instance at 0x7fd7fcbedc80>,44,15,[5 9],45,-1,60,-1,45
1,<environment.Job instance at 0x7fd7fcbeddc0>,45,13,[1 9],46,-1,59,-1,46
1,<environment.Job instance at 0x7fd7fcbff1e0>,46,17,[7 1],47,-1,64,-1,47
1,<environment.Job instance at 0x7fd7fcbd8550>,49,16,[9 2],50,-1,66,-1,50
1,<environment.Job instance at 0x7fd7fcbd8690>,53,17,[2 7],54,-1,71,-1,54
1,<environment.Job instance at 0x7fd7fcbca410>,56,17,[ 2 10],57,-1,74,-1,57
1,<environment.Job instance at 0x7fd7fcbca5f0>,57,16,[3 9],58,-1,74,-1,58
1,<environment.Job instance at 0x7fd7fcbca690>,59,16,[6 3],60,-1,76,-1,60
1,<environment.Job instance at 0x7fd7fcbca870>,60,14,[7 4],61,-1,75,-1,61
1,<environment.Job instance at 0x7fd7fcbca9b0>,63,18,[5 3],64,-1,82,-1,64
1,<environment.Job instance at 0x7fd7fcbcaaa0>,64,14,[7 5],65,-1,79,-1,65
1,<environment.Job instance at 0x7fd7fcbcab40>,65,14,[5 5],66,-1,80,-1,66
1,<environment.Job instance at 0x7fd7fcbcacd0>,66,22,[8 4],67,-1,89,-1,67
1,<environment.Job instance at 0x7fd7fcbcad70>,67,20,[5 5],68,-1,88,-1,68
1,<environment.Job instance at 0x7fd7fcbcae10>,68,20,[6 2],69,-1,89,-1,69
1,<environment.Job instance at 0x7fd7fcbcaeb0>,69,14,[ 2 10],70,-1,84,-1,70
1,<environment.Job instance at 0x7fd806a546e0>,77,14,[5 4],78,-1,92,-1,78
1,<environment.Job instance at 0x7fd806a54500>,79,13,[7 2],80,-1,93,-1,80
1,<environment.Job instance at 0x7fd806a70640>,93,16,[8 1],94,-1,120,-1,104
1,<environment.Job instance at 0x7fd806a70820>,96,15,[10  3],97,-1,119,-1,104
1,<environment.Job instance at 0x7fd7fcc91820>,35,21,[6 2],36,-1,125,-1,104
1,<environment.Job instance at 0x7fd806a70b90>,99,18,[4 9],100,-1,123,-1,105
1,<environment.Job instance at 0x7fd806a70a00>,103,16,[6 1],104,-1,121,-1,105
1,<environment.Job instance at 0x7fd806a800a0>,104,13,[5 5],105,-1,118,-1,105
1,<environment.Job instance at 0x7fd7fe41cdc0>,13,24,[ 5 11],14,-1,47,-1,23
1,<environment.Job instance at 0x7fd7fd5f7a50>,24,16,[12  5],25,-1,84,-1,68
1,<environment.Job instance at 0x7fd7fd5f7460>,31,19,[14  4],32,-1,103,-1,84
1,<environment.Job instance at 0x7fd7fe4171e0>,37,3,[ 5 11],38,-1,101,-1,98
1,<environment.Job instance at 0x7fd7fe417af0>,38,1,[11  4],39,-1,99,-1,98
1,<environment.Job instance at 0x7f354a2c6b90>,2,14,[ 2 10],3,-1,18,-1,4
1,<environment.Job instance at 0x7f35539108c0>,3,22,[2 5],4,-1,26,-1,4
1,<environment.Job instance at 0x7f354a2c6f00>,7,14,[7 5],8,-1,23,-1,9
1,<environment.Job instance at 0x7f354a2c6f50>,8,17,[1 8],9,-1,26,-1,9
1,<environment.Job instance at 0x7f354a2cb140>,10,22,[8 1],11,-1,35,-1,13
1,<environment.Job instance at 0x7f354a2cb0a0>,12,23,[6 4],13,-1,36,-1,13
1,<environment.Job instance at 0x7f354a2cb280>,13,18,[5 9],14,-1,32,-1,14
1,<environment.Job instance at 0x7f354a2cb1e0>,14,21,[8 1],15,-1,38,-1,17
1,<environment.Job instance at 0x7f354a2cb5a0>,16,18,[7 3],17,-1,35,-1,17
1,<environment.Job instance at 0x7f354a2cb5f0>,18,26,[7 4],19,-1,45,-1,19
1,<environment.Job instance at 0x7f354a2cb870>,19,25,[5 9],20,-1,45,-1,20
1,<environment.Job instance at 0x7f354a2cb960>,21,18,[9 4],22,-1,40,-1,22
1,<environment.Job instance at 0x7f354a2cb9b0>,23,16,[6 2],24,-1,40,-1,24
1,<environment.Job instance at 0x7f354a2cbdc0>,27,17,[4 6],28,-1,45,-1,28
1,<environment.Job instance at 0x7f354a2ce140>,28,17,[ 1 13],29,-1,46,-1,29
1,<environment.Job instance at 0x7f354a2ce280>,30,26,[9 4],31,-1,57,-1,31
1,<environment.Job instance at 0x7f354a2ce370>,32,21,[5 9],33,-1,54,-1,33
1,<environment.Job instance at 0x7f354a2ce550>,33,26,[3 6],34,-1,60,-1,34
1,<environment.Job instance at 0x7f354a2ce500>,34,14,[1 9],35,-1,49,-1,35
1,<environment.Job instance at 0x7f354a2ce6e0>,35,16,[1 9],36,-1,52,-1,36
1,<environment.Job instance at 0x7f354a2ce820>,37,14,[5 8],38,-1,52,-1,38
1,<environment.Job instance at 0x7f354a2ce5f0>,39,14,[9 4],40,-1,55,-1,41
1,<environment.Job instance at 0x7f354a2ce870>,41,1,[7 1],42,-1,43,-1,42
1,<environment.Job instance at 0x7f354a2ced20>,43,12,[4 5],44,-1,56,-1,44
1,<environment.Job instance at 0x7f354a2ceaa0>,40,26,[ 1 10],41,-1,70,-1,44
1,<environment.Job instance at 0x7f354a2cebe0>,45,15,[7 5],46,-1,61,-1,46
1,<environment.Job instance at 0x7f354a2d0140>,47,13,[ 3 10],48,-1,61,-1,48
1,<environment.Job instance at 0x7f354a2d0280>,48,12,[9 2],49,-1,63,-1,51
1,<environment.Job instance at 0x7f354a2d0320>,49,17,[10  2],50,-1,68,-1,51
1,<environment.Job instance at 0x7f354a2d0820>,54,18,[7 1],55,-1,74,-1,56
1,<environment.Job instance at 0x7f354a2d0b40>,57,16,[ 2 11],58,-1,74,-1,58
1,<environment.Job instance at 0x7f354a2d0c30>,58,17,[3 7],59,-1,76,-1,59
1,<environment.Job instance at 0x7f354a2d0a50>,59,19,[1 7],60,-1,79,-1,60
1,<environment.Job instance at 0x7f354a2d0fa0>,62,14,[4 9],63,-1,77,-1,63
1,<environment.Job instance at 0x7f354a2d24b0>,67,16,[1 9],68,-1,84,-1,68
1,<environment.Job instance at 0x7f354a2d26e0>,68,14,[6 4],69,-1,83,-1,69
1,<environment.Job instance at 0x7f354a2d25a0>,69,14,[9 4],70,-1,84,-1,70
1,<environment.Job instance at 0x7f354a2d2910>,72,18,[3 5],73,-1,91,-1,73
1,<environment.Job instance at 0x7f354a2d2e60>,76,13,[10  1],77,-1,91,-1,78
1,<environment.Job instance at 0x7f354a2d60a0>,78,14,[6 1],79,-1,93,-1,79
1,<environment.Job instance at 0x7f354a2d6140>,79,19,[10  3],80,-1,99,-1,80
1,<environment.Job instance at 0x7f354a2d2f50>,77,16,[8 1],78,-1,97,-1,81
1,<environment.Job instance at 0x7f354a2d6280>,82,21,[4 8],83,-1,104,-1,83
1,<environment.Job instance at 0x7f354a2d65a0>,83,18,[ 3 10],84,-1,102,-1,84
1,<environment.Job instance at 0x7f354a2d6910>,87,18,[7 1],88,-1,106,-1,88
1,<environment.Job instance at 0x7f354a2d6a50>,88,16,[4 9],89,-1,105,-1,89
1,<environment.Job instance at 0x7f354a2f7b40>,96,18,[2 6],97,-1,116,-1,98
1,<environment.Job instance at 0x7f354a2be910>,107,18,[5 5],108,-1,126,-1,108
1,<environment.Job instance at 0x7f354a467370>,111,17,[6 4],112,-1,129,-1,112
1,<environment.Job instance at 0x7f354a2be050>,110,23,[5 1],111,-1,137,-1,114
1,<environment.Job instance at 0x7f354a2d2e10>,12,23,[6 4],13,-1,53,-1,30
1,<environment.Job instance at 0x7f354a387cd0>,18,26,[7 4],19,-1,70,-1,44
1,<environment.Job instance at 0x7f354a387d70>,19,25,[5 9],20,-1,83,-1,58
1,<environment.Job instance at 0x7f354a31aa00>,28,17,[ 1 13],29,-1,87,-1,70
1,<environment.Job instance at 0x7f354a4794b0>,30,26,[9 4],31,-1,110,-1,84
1,<environment.Job instance at 0x7f354a41c820>,31,1,[ 2 14],32,-1,85,-1,84
1,<environment.Job instance at 0x7f354a375460>,33,26,[3 6],34,-1,110,-1,84
1,<environment.Job instance at 0x7f354a3d2e10>,40,26,[ 1 10],41,-1,139,-1,113
1,<environment.Job instance at 0x7f3549d37140>,1,22,[5 6],2,-1,24,-1,2
1,<environment.Job instance at 0x7f3549d37a00>,5,17,[10  4],6,-1,23,-1,6
1,<environment.Job instance at 0x7f3549d37910>,7,21,[10  4],8,-1,32,-1,11
1,<environment.Job instance at 0x7f3549d37d20>,11,12,[5 4],12,-1,24,-1,12
1,<environment.Job instance at 0x7f3549d37e10>,10,24,[1 5],11,-1,36,-1,12
1,<environment.Job instance at 0x7f3549d37dc0>,12,20,[10  5],13,-1,34,-1,14
1,<environment.Job instance at 0x7f3549d37cd0>,14,14,[10  5],15,-1,31,-1,17
1,<environment.Job instance at 0x7f3549d3c550>,16,13,[ 5 14],17,-1,30,-1,17
1,<environment.Job instance at 0x7f3549e39230>,20,17,[4 7],21,-1,38,-1,21
1,<environment.Job instance at 0x7f3549ed2960>,23,24,[3 7],24,-1,48,-1,24
1,<environment.Job instance at 0x7f3549ed2f00>,24,19,[3 8],25,-1,44,-1,25
1,<environment.Job instance at 0x7f3549ed2d20>,25,17,[5 1],26,-1,43,-1,26
1,<environment.Job instance at 0x7f3549eda500>,27,16,[8 4],28,-1,45,-1,29
1,<environment.Job instance at 0x7f3549d7a0f0>,30,17,[3 5],31,-1,48,-1,31
1,<environment.Job instance at 0x7f3549ed5e10>,31,18,[6 2],32,-1,50,-1,32
1,<environment.Job instance at 0x7f3549d86280>,34,19,[6 2],35,-1,54,-1,35
1,<environment.Job instance at 0x7f3549d86870>,36,17,[9 1],37,-1,55,-1,38
1,<environment.Job instance at 0x7f3549de6c80>,48,21,[2 7],49,-1,70,-1,49
1,<environment.Job instance at 0x7f3549d280f0>,50,23,[4 7],51,-1,74,-1,51
1,<environment.Job instance at 0x7f3549ce5960>,51,14,[ 1 10],52,-1,69,-1,55
1,<environment.Job instance at 0x7f3549cf0b90>,53,14,[5 9],54,-1,70,-1,56
1,<environment.Job instance at 0x7f3549cf0eb0>,55,19,[ 1 10],56,-1,76,-1,57
1,<environment.Job instance at 0x7f3549cf1c30>,58,20,[ 2 10],59,-1,79,-1,59
1,<environment.Job instance at 0x7f3549cf05f0>,56,16,[6 5],57,-1,85,-1,69
1,<environment.Job instance at 0x7f3549cf0e10>,62,13,[2 5],63,-1,82,-1,69
1,<environment.Job instance at 0x7f3549cf12d0>,64,16,[5 6],65,-1,85,-1,69
1,<environment.Job instance at 0x7f3553938370>,66,16,[1 8],67,-1,85,-1,69
1,<environment.Job instance at 0x7f3553a855a0>,65,21,[1 6],66,-1,91,-1,70
1,<environment.Job instance at 0x7f3553938b40>,67,18,[ 1 14],68,-1,88,-1,70
1,<environment.Job instance at 0x7f35498d4dc0>,69,17,[8 5],70,-1,88,-1,71
1,<environment.Job instance at 0x7f355390ff00>,68,23,[1 9],69,-1,94,-1,71
1,<environment.Job instance at 0x7f3549cf1a50>,61,17,[3 6],62,-1,90,-1,73
1,<environment.Job instance at 0x7f3549a22960>,74,15,[8 5],75,-1,90,-1,75
1,<environment.Job instance at 0x7f3549a22a00>,73,18,[5 1],74,-1,95,-1,77
1,<environment.Job instance at 0x7f3549a01c30>,72,15,[8 2],73,-1,94,-1,79
1,<environment.Job instance at 0x7f35498d8e60>,77,12,[4 8],78,-1,91,-1,79
1,<environment.Job instance at 0x7f3549913c80>,78,19,[4 7],79,-1,99,-1,80
1,<environment.Job instance at 0x7f35498776e0>,83,22,[9 1],84,-1,108,-1,86
1,<environment.Job instance at 0x7f3549877fa0>,85,18,[5 4],86,-1,105,-1,87
1,<environment.Job instance at 0x7f3549879460>,90,13,[5 9],91,-1,104,-1,91
1,<environment.Job instance at 0x7f3549877870>,80,16,[14  3],81,-1,109,-1,93
1,<environment.Job instance at 0x7f3549879c80>,91,13,[8 1],92,-1,106,-1,93
1,<environment.Job instance at 0x7f3549de6730>,44,26,[3 9],45,-1,119,-1,93
1,<environment.Job instance at 0x7f35498793c0>,93,13,[9 2],94,-1,107,-1,94
1,<environment.Job instance at 0x7f3549879960>,92,12,[ 5 10],93,-1,106,-1,94
1,<environment.Job instance at 0x7f35498790a0>,94,13,[4 5],95,-1,108,-1,95
1,<environment.Job instance at 0x7f35498798c0>,95,27,[6 1],96,-1,123,-1,96
1,<environment.Job instance at 0x7f3549879820>,97,14,[10  3],98,-1,112,-1,98
1,<environment.Job instance at 0x7f35498db870>,102,23,[1 8],103,-1,127,-1,104
1,<environment.Job instance at 0x7f3549875230>,107,14,[10  5],108,-1,122,-1,108
1,<environment.Job instance at 0x7f3553956eb0>,111,17,[10  2],112,-1,129,-1,112
1,<environment.Job instance at 0x7f3549969690>,113,26,[5 3],114,-1,140,-1,114
1,<environment.Job instance at 0x7f3549972410>,115,18,[ 1 10],116,-1,135,-1,117
1,<environment.Job instance at 0x7f3549972f00>,116,15,[6 5],117,-1,132,-1,117
1,<environment.Job instance at 0x7f35499727d0>,118,17,[1 5],119,-1,136,-1,119
1,<environment.Job instance at 0x7f3549a1c280>,119,18,[5 2],120,-1,138,-1,120
1,<environment.Job instance at 0x7f3549a1cb90>,120,18,[5 8],121,-1,139,-1,121
1,<environment.Job instance at 0x7f35539b7780>,122,18,[3 8],123,-1,141,-1,123
1,<environment.Job instance at 0x7f3549874e60>,123,13,[8 3],124,-1,140,-1,127
1,<environment.Job instance at 0x7f3549874550>,127,15,[3 6],128,-1,143,-1,128
1,<environment.Job instance at 0x7f3549874c80>,128,20,[5 2],129,-1,149,-1,129
1,<environment.Job instance at 0x7f3549874dc0>,129,26,[2 8],130,-1,156,-1,130
1,<environment.Job instance at 0x7f3549874460>,126,17,[8 4],127,-1,147,-1,130
1,<environment.Job instance at 0x7f3549874a00>,130,15,[5 8],131,-1,148,-1,133
1,<environment.Job instance at 0x7f35498eb9b0>,75,17,[12  1],76,-1,151,-1,134
1,<environment.Job instance at 0x7f3549950410>,132,15,[9 2],133,-1,150,-1,135
1,<environment.Job instance at 0x7f35498db9b0>,101,16,[5 8],102,-1,156,-1,140
1,<environment.Job instance at 0x7f3549b63640>,138,13,[8 4],139,-1,153,-1,140
1,<environment.Job instance at 0x7f3549b63410>,139,14,[12  2],140,-1,154,-1,140
1,<environment.Job instance at 0x7f3549a265a0>,144,12,[8 3],145,-1,161,-1,149
1,<environment.Job instance at 0x7f354a2e2780>,3,1,[12  5],4,-1,5,-1,4
1,<environment.Job instance at 0x7f354a2e28c0>,10,24,[1 5],11,-1,43,-1,19
1,<environment.Job instance at 0x7f354a2e22d0>,16,13,[ 5 14],17,-1,34,-1,21
1,<environment.Job instance at 0x7f3549a88a50>,23,24,[3 7],24,-1,65,-1,41
1,<environment.Job instance at 0x7f3549b2c550>,38,27,[ 3 12],39,-1,105,-1,78
1,<environment.Job instance at 0x7f3549b2c2d0>,42,15,[ 2 14],43,-1,107,-1,92
1,<environment.Job instance at 0x7f3549c27550>,44,26,[3 9],45,-1,134,-1,108
1,<environment.Job instance at 0x7f3549b734b0>,50,23,[4 7],51,-1,139,-1,116
1,<environment.Job instance at 0x7f3549a73550>,3,17,[7 4],4,-1,22,-1,5
1,<environment.Job instance at 0x7f3549a73500>,4,17,[13  5],5,-1,22,-1,5
1,<environment.Job instance at 0x7f3549a6f730>,13,16,[4 5],14,-1,31,-1,15
1,<environment.Job instance at 0x7f3549a6f820>,15,16,[7 5],16,-1,32,-1,16
1,<environment.Job instance at 0x7f3549a6cb40>,18,14,[9 4],19,-1,33,-1,19
1,<environment.Job instance at 0x7f3549a6caa0>,19,18,[5 6],20,-1,38,-1,20
1,<environment.Job instance at 0x7f3549a6c050>,20,16,[8 3],21,-1,37,-1,21
1,<environment.Job instance at 0x7f3549a6cbe0>,23,16,[ 4 10],24,-1,40,-1,24
1,<environment.Job instance at 0x7f3549a6cdc0>,25,27,[4 5],26,-1,53,-1,26
1,<environment.Job instance at 0x7f3549a6baa0>,32,20,[4 9],33,-1,68,-1,48
1,<environment.Job instance at 0x7f3549a64a50>,39,15,[ 2 10],40,-1,63,-1,48
1,<environment.Job instance at 0x7f3549a60aa0>,48,12,[14  3],49,-1,61,-1,49
1,<environment.Job instance at 0x7f3549a64320>,47,13,[12  1],48,-1,64,-1,51
1,<environment.Job instance at 0x7f3549a60e10>,50,14,[2 9],51,-1,65,-1,51
1,<environment.Job instance at 0x7f3549a60500>,56,25,[2 8],57,-1,83,-1,58
1,<environment.Job instance at 0x7f3549a60b40>,54,16,[5 2],55,-1,75,-1,59
1,<environment.Job instance at 0x7f3549a51780>,1,17,[ 5 14],2,-1,19,-1,2
1,<environment.Job instance at 0x7f3549a51640>,2,25,[ 3 11],3,-1,28,-1,3
1,<environment.Job instance at 0x7f3549cefa00>,4,17,[13  5],5,-1,22,-1,5
1,<environment.Job instance at 0x7f3549cf2e60>,5,13,[ 5 14],6,-1,19,-1,6
1,<environment.Job instance at 0x7f3549a6baf0>,25,27,[4 5],26,-1,86,-1,59
1,<environment.Job instance at 0x7f3549d276e0>,27,12,[13  4],28,-1,71,-1,59
1,<environment.Job instance at 0x7f3549d27d20>,28,12,[ 5 12],29,-1,71,-1,59
1,<environment.Job instance at 0x7f3549a73d20>,47,13,[12  1],48,-1,120,-1,107
1,<environment.Job instance at 0x7f3549a73230>,48,12,[14  3],49,-1,119,-1,107
1,<environment.Job instance at 0x7f3549a73fa0>,49,1,[ 4 11],50,-1,108,-1,107
1,<environment.Job instance at 0x7f35498d05a0>,56,25,[2 8],57,-1,153,-1,128
1,<environment.Job instance at 0x7f35498cc190>,60,26,[8 3],61,-1,168,-1,142
1,<environment.Job instance at 0x7f3549bb4e10>,1,17,[7 5],2,-1,19,-1,2
1,<environment.Job instance at 0x7f3549834b40>,8,15,[2 9],9,-1,26,-1,11
1,<environment.Job instance at 0x7f35498362d0>,15,13,[6 3],16,-1,29,-1,16
1,<environment.Job instance at 0x7f3549836640>,16,12,[10  2],17,-1,29,-1,17
1,<environment.Job instance at 0x7f35498364b0>,17,12,[6 2],18,-1,30,-1,18
1,<environment.Job instance at 0x7f3549836730>,18,13,[8 3],19,-1,32,-1,19
1,<environment.Job instance at 0x7f3549836b40>,22,14,[5 3],23,-1,37,-1,23
1,<environment.Job instance at 0x7f3549836a00>,23,12,[2 7],24,-1,36,-1,24
1,<environment.Job instance at 0x7f3549836c30>,24,22,[7 3],25,-1,47,-1,25
1,<environment.Job instance at 0x7f3549836cd0>,25,20,[7 5],26,-1,46,-1,26
1,<environment.Job instance at 0x7f3549838230>,30,13,[5 5],31,-1,44,-1,31
1,<environment.Job instance at 0x7f3549838870>,35,12,[4 5],36,-1,48,-1,36
1,<environment.Job instance at 0x7f3549838910>,37,18,[8 2],38,-1,56,-1,38
1,<environment.Job instance at 0x7f3549838c80>,40,15,[2 5],41,-1,56,-1,41
1,<environment.Job instance at 0x7f3549838cd0>,42,17,[4 5],43,-1,60,-1,43
1,<environment.Job instance at 0x7f3549838e10>,43,14,[9 3],44,-1,58,-1,44
1,<environment.Job instance at 0x7f354983a0f0>,45,17,[8 2],46,-1,63,-1,46
1,<environment.Job instance at 0x7f354983a230>,46,16,[1 9],47,-1,63,-1,47
1,<environment.Job instance at 0x7f354983a1e0>,47,16,[7 2],48,-1,64,-1,48
1,<environment.Job instance at 0x7f354983a5a0>,52,16,[10  4],53,-1,69,-1,53
1,<environment.Job instance at 0x7f354983a730>,53,16,[6 5],54,-1,70,-1,54
1,<environment.Job instance at 0x7f354983a820>,54,16,[9 5],55,-1,71,-1,55
1,<environment.Job instance at 0x7f354983aaf0>,56,22,[1 8],57,-1,79,-1,57
1,<environment.Job instance at 0x7f3549c646e0>,59,18,[5 8],60,-1,78,-1,60
1,<environment.Job instance at 0x7f3549c64af0>,60,18,[ 2 10],61,-1,79,-1,61
1,<environment.Job instance at 0x7f3549c64050>,66,18,[ 5 10],67,-1,85,-1,67
1,<environment.Job instance at 0x7f3549c642d0>,67,28,[9 1],68,-1,96,-1,68
1,<environment.Job instance at 0x7f3549c64a00>,68,13,[9 1],69,-1,82,-1,69
1,<environment.Job instance at 0x7f354a727730>,71,14,[9 2],72,-1,86,-1,72
1,<environment.Job instance at 0x7f354a7455f0>,72,26,[5 8],73,-1,99,-1,73
1,<environment.Job instance at 0x7f354a732730>,82,17,[8 1],83,-1,100,-1,83
1,<environment.Job instance at 0x7f3549c639b0>,83,22,[3 5],84,-1,106,-1,84
1,<environment.Job instance at 0x7f35498361e0>,10,12,[4 5],11,-1,98,-1,86
1,<environment.Job instance at 0x7f354a71ac30>,87,28,[ 5 10],88,-1,116,-1,88
1,<environment.Job instance at 0x7f354a71a870>,89,18,[3 8],90,-1,112,-1,94
1,<environment.Job instance at 0x7f354a71a640>,90,22,[7 1],91,-1,116,-1,94
1,<environment.Job instance at 0x7f3549c69370>,92,21,[5 7],93,-1,115,-1,94
1,<environment.Job instance at 0x7f35498386e0>,34,17,[14  5],35,-1,111,-1,94
1,<environment.Job instance at 0x7f354a71a6e0>,95,16,[4 7],96,-1,113,-1,97
1,<environment.Job instance at 0x7f3549c72be0>,96,18,[9 3],97,-1,115,-1,97
1,<environment.Job instance at 0x7f3549c72a00>,98,16,[1 7],99,-1,115,-1,99
1,<environment.Job instance at 0x7f3549c63320>,85,18,[4 6],86,-1,127,-1,109
1,<environment.Job instance at 0x7f354a7421e0>,101,12,[2 6],102,-1,121,-1,109
1,<environment.Job instance at 0x7f354a742320>,104,16,[ 5 10],105,-1,127,-1,111
1,<environment.Job instance at 0x7f354a742460>,103,17,[4 7],104,-1,128,-1,111
1,<environment.Job instance at 0x7f354a742230>,110,26,[3 7],111,-1,137,-1,111
1,<environment.Job instance at 0x7f354a742af0>,111,18,[11  5],112,-1,130,-1,112
1,<environment.Job instance at 0x7f354a742910>,113,12,[8 2],114,-1,127,-1,115
1,<environment.Job instance at 0x7f354a7425a0>,105,15,[5 9],106,-1,130,-1,115
1,<environment.Job instance at 0x7f354a743f00>,115,18,[4 9],116,-1,134,-1,116
1,<environment.Job instance at 0x7f354a743a00>,117,18,[10  5],118,-1,137,-1,119
1,<environment.Job instance at 0x7f354a743af0>,120,13,[10  1],121,-1,134,-1,121
1,<environment.Job instance at 0x7f354a743d20>,122,24,[1 9],123,-1,147,-1,123
1,<environment.Job instance at 0x7f354a743550>,124,12,[9 3],125,-1,140,-1,128
1,<environment.Job instance at 0x7f354a743320>,126,12,[10  1],127,-1,140,-1,128
1,<environment.Job instance at 0x7f354a70ddc0>,130,17,[5 6],131,-1,148,-1,131
1,<environment.Job instance at 0x7f354a70d910>,132,26,[ 3 10],133,-1,159,-1,133
1,<environment.Job instance at 0x7f354a70d780>,135,21,[ 2 10],136,-1,157,-1,136
1,<environment.Job instance at 0x7f354a70d0a0>,136,15,[10  2],137,-1,160,-1,145
1,<environment.Job instance at 0x7f354a70d460>,139,13,[4 7],140,-1,158,-1,145
1,<environment.Job instance at 0x7f354a70df50>,140,16,[10  1],141,-1,161,-1,145
1,<environment.Job instance at 0x7f354a70d1e0>,142,16,[12  1],143,-1,161,-1,145
1,<environment.Job instance at 0x7f354a70deb0>,141,17,[11  3],142,-1,162,-1,145
1,<environment.Job instance at 0x7f354a70daf0>,131,27,[7 1],132,-1,172,-1,145
1,<environment.Job instance at 0x7f3549be8320>,6,12,[ 5 12],7,-1,19,-1,7
1,<environment.Job instance at 0x7f3549a29eb0>,9,2,[ 5 14],10,-1,17,-1,15
1,<environment.Job instance at 0x7f3549a23050>,21,16,[ 1 14],22,-1,65,-1,49
1,<environment.Job instance at 0x7f3549a2d230>,34,17,[14  5],35,-1,94,-1,77
1,<environment.Job instance at 0x7f35499506e0>,41,2,[14  5],42,-1,95,-1,93
1,<environment.Job instance at 0x7f3549c6f730>,0,17,[10  2],1,-1,19,-1,2
1,<environment.Job instance at 0x7f3549be6320>,1,13,[10  2],2,-1,15,-1,2
1,<environment.Job instance at 0x7f354a156c30>,3,24,[2 6],4,-1,28,-1,4
1,<environment.Job instance at 0x7f354a156910>,12,18,[6 2],13,-1,31,-1,13
1,<environment.Job instance at 0x7f354a156730>,14,18,[6 2],15,-1,33,-1,15
1,<environment.Job instance at 0x7f354a062410>,15,19,[6 3],16,-1,35,-1,16
1,<environment.Job instance at 0x7f354a062820>,17,15,[6 1],18,-1,33,-1,18
1,<environment.Job instance at 0x7f354a062b90>,18,13,[1 5],19,-1,32,-1,19
1,<environment.Job instance at 0x7f354a0624b0>,22,27,[5 7],23,-1,50,-1,23
1,<environment.Job instance at 0x7f354a062050>,23,1,[1 6],24,-1,25,-1,24
1,<environment.Job instance at 0x7f354a062730>,25,16,[9 2],26,-1,42,-1,26
1,<environment.Job instance at 0x7f354a062370>,26,15,[10  3],27,-1,42,-1,27
1,<environment.Job instance at 0x7f354a3d55f0>,27,15,[9 1],28,-1,44,-1,29
1,<environment.Job instance at 0x7f354a0629b0>,28,15,[11  4],29,-1,44,-1,29
1,<environment.Job instance at 0x7f354a3d5a00>,29,17,[5 2],30,-1,48,-1,31
1,<environment.Job instance at 0x7f354a03ec30>,39,17,[6 2],40,-1,57,-1,40
1,<environment.Job instance at 0x7f354a03e2d0>,40,17,[5 2],41,-1,58,-1,41
1,<environment.Job instance at 0x7f354a03e410>,41,18,[4 9],42,-1,60,-1,42
1,<environment.Job instance at 0x7f354a03e730>,45,16,[6 2],46,-1,62,-1,46
1,<environment.Job instance at 0x7f354a03ef00>,46,16,[8 2],47,-1,63,-1,47
1,<environment.Job instance at 0x7f354a03ee60>,47,14,[11  4],48,-1,62,-1,48
1,<environment.Job instance at 0x7f354a03ea50>,48,14,[8 5],49,-1,63,-1,49
1,<environment.Job instance at 0x7f354a03eeb0>,50,18,[ 4 11],51,-1,69,-1,51
1,<environment.Job instance at 0x7f354a3d2fa0>,51,18,[ 3 10],52,-1,70,-1,52
1,<environment.Job instance at 0x7f354a3d2d20>,53,24,[8 5],54,-1,78,-1,54
1,<environment.Job instance at 0x7f354a3d2c30>,54,14,[ 1 10],55,-1,69,-1,55
1,<environment.Job instance at 0x7f354a3d2e60>,55,13,[5 7],56,-1,69,-1,56
1,<environment.Job instance at 0x7f354a3d2eb0>,59,15,[1 6],60,-1,75,-1,60
1,<environment.Job instance at 0x7f354a3d2690>,63,15,[ 3 10],64,-1,79,-1,64
1,<environment.Job instance at 0x7f354a3d5960>,30,13,[5 4],31,-1,77,-1,64
1,<environment.Job instance at 0x7f354a3d29b0>,65,15,[5 6],66,-1,81,-1,66
1,<environment.Job instance at 0x7f354a467690>,67,14,[7 2],68,-1,85,-1,71
1,<environment.Job instance at 0x7f3549c64500>,4,13,[ 5 12],5,-1,18,-1,5
1,<environment.Job instance at 0x7f35498385f0>,5,2,[ 2 11],6,-1,8,-1,6
1,<environment.Job instance at 0x7f3549c64730>,3,24,[2 6],4,-1,41,-1,17
1,<environment.Job instance at 0x7f354a78a730>,22,27,[5 7],23,-1,76,-1,49
1,<environment.Job instance at 0x7f3549b852d0>,24,24,[13  2],25,-1,73,-1,49
1,<environment.Job instance at 0x7f3549d27410>,28,15,[11  4],29,-1,73,-1,58
1,<environment.Job instance at 0x7f3549d277d0>,31,14,[ 4 13],32,-1,90,-1,76
1,<environment.Job instance at 0x7f35498cc190>,47,14,[11  4],48,-1,154,-1,140
1,<environment.Job instance at 0x7f354950aa00>,1,18,[4 8],2,-1,20,-1,2
1,<environment.Job instance at 0x7f35495ad0a0>,2,25,[7 3],3,-1,28,-1,3
1,<environment.Job instance at 0x7f35496be1e0>,6,17,[2 9],7,-1,25,-1,8
1,<environment.Job instance at 0x7f354a422230>,8,13,[ 3 10],9,-1,22,-1,9
1,<environment.Job instance at 0x7f35495135f0>,10,16,[10  3],11,-1,27,-1,11
1,<environment.Job instance at 0x7f3549513af0>,11,17,[10  5],12,-1,29,-1,12
1,<environment.Job instance at 0x7f35496bf3c0>,16,13,[8 5],17,-1,30,-1,17
1,<environment.Job instance at 0x7f354967baa0>,19,18,[5 2],20,-1,38,-1,20
1,<environment.Job instance at 0x7f354964a7d0>,27,16,[2 7],28,-1,44,-1,28
1,<environment.Job instance at 0x7f3549537690>,28,15,[6 2],29,-1,44,-1,29
1,<environment.Job instance at 0x7f35495377d0>,29,14,[7 2],30,-1,44,-1,30
1,<environment.Job instance at 0x7f3549537a50>,30,18,[1 7],31,-1,49,-1,31
1,<environment.Job instance at 0x7f3549537d20>,31,14,[1 7],32,-1,46,-1,32
1,<environment.Job instance at 0x7f3549537eb0>,32,14,[8 5],33,-1,47,-1,33
1,<environment.Job instance at 0x7f3549537e60>,35,26,[4 8],36,-1,62,-1,36
1,<environment.Job instance at 0x7f3549506050>,36,20,[4 8],37,-1,57,-1,37
1,<environment.Job instance at 0x7f3549506aa0>,38,16,[8 4],39,-1,55,-1,39
1,<environment.Job instance at 0x7f35495b1780>,40,25,[5 4],41,-1,66,-1,41
1,<environment.Job instance at 0x7f35495b1410>,41,21,[5 5],42,-1,63,-1,42
1,<environment.Job instance at 0x7f35495b1500>,43,18,[ 2 10],44,-1,64,-1,46
1,<environment.Job instance at 0x7f3549593f50>,46,12,[5 9],47,-1,59,-1,47
1,<environment.Job instance at 0x7f3549664410>,47,22,[5 8],48,-1,70,-1,48
1,<environment.Job instance at 0x7f354acd7640>,50,15,[3 8],51,-1,66,-1,51
1,<environment.Job instance at 0x7f354adfbeb0>,51,12,[3 9],52,-1,64,-1,52
1,<environment.Job instance at 0x7f354a4cf3c0>,53,27,[8 5],54,-1,81,-1,54
1,<environment.Job instance at 0x7f354aeca550>,55,14,[7 3],56,-1,70,-1,56
1,<environment.Job instance at 0x7f354ad45a00>,63,24,[3 5],64,-1,88,-1,64
1,<environment.Job instance at 0x7f354ad451e0>,64,14,[4 6],65,-1,79,-1,65
1,<environment.Job instance at 0x7f354ad45370>,65,14,[10  1],66,-1,80,-1,66
1,<environment.Job instance at 0x7f354953dd20>,66,15,[3 6],67,-1,82,-1,67
1,<environment.Job instance at 0x7f354953dd70>,67,17,[2 7],68,-1,85,-1,68
1,<environment.Job instance at 0x7f354953d870>,68,15,[5 5],69,-1,84,-1,69
1,<environment.Job instance at 0x7f354953db40>,71,18,[5 9],72,-1,90,-1,72
1,<environment.Job instance at 0x7f3549552550>,73,18,[3 7],74,-1,92,-1,74
1,<environment.Job instance at 0x7f354953dbe0>,74,27,[1 8],75,-1,102,-1,75
1,<environment.Job instance at 0x7f354ad177d0>,78,12,[1 8],79,-1,91,-1,79
1,<environment.Job instance at 0x7f354ad17cd0>,79,1,[4 5],80,-1,81,-1,80
1,<environment.Job instance at 0x7f354ad17e60>,80,18,[2 7],81,-1,99,-1,81
1,<environment.Job instance at 0x7f354a4af0a0>,81,15,[6 3],82,-1,97,-1,82
1,<environment.Job instance at 0x7f354a4afc30>,82,12,[6 2],83,-1,95,-1,83
1,<environment.Job instance at 0x7f354a4af460>,84,23,[4 5],85,-1,108,-1,85
1,<environment.Job instance at 0x7f354a4af960>,85,13,[8 4],86,-1,99,-1,86
1,<environment.Job instance at 0x7f354a4af190>,87,13,[12  5],88,-1,101,-1,88
1,<environment.Job instance at 0x7f354a4afd70>,88,12,[5 5],89,-1,101,-1,89
1,<environment.Job instance at 0x7f354a4af730>,89,18,[7 4],90,-1,108,-1,90
1,<environment.Job instance at 0x7f3553838a00>,93,14,[ 4 11],94,-1,108,-1,94
1,<environment.Job instance at 0x7f354ad600f0>,94,18,[3 6],95,-1,113,-1,95
1,<environment.Job instance at 0x7f354ad60640>,96,26,[8 5],97,-1,123,-1,97
1,<environment.Job instance at 0x7f354adbaa50>,100,17,[5 8],101,-1,118,-1,101
1,<environment.Job instance at 0x7f3553417eb0>,103,20,[5 3],104,-1,124,-1,104
1,<environment.Job instance at 0x7f3553417d70>,104,16,[2 7],105,-1,121,-1,105
1,<environment.Job instance at 0x7f3553417e10>,105,17,[6 3],106,-1,123,-1,106
1,<environment.Job instance at 0x7f354acf9eb0>,110,18,[5 6],111,-1,129,-1,111
1,<environment.Job instance at 0x7f354acf98c0>,111,17,[2 9],112,-1,135,-1,118
1,<environment.Job instance at 0x7f354a11f1e0>,0,1,[ 5 11],1,-1,2,-1,1
1,<environment.Job instance at 0x7f354a11fbe0>,2,25,[7 3],3,-1,28,-1,3
1,<environment.Job instance at 0x7f35495667d0>,4,13,[ 3 12],5,-1,18,-1,5
1,<environment.Job instance at 0x7f354a81ffa0>,18,14,[13  2],19,-1,58,-1,44
1,<environment.Job instance at 0x7f35496bf640>,35,26,[4 8],36,-1,138,-1,112
1,<environment.Job instance at 0x7f354a258dc0>,40,25,[5 4],41,-1,143,-1,118
1,<environment.Job instance at 0x7f35495b1c30>,45,25,[5 7],46,-1,157,-1,132
1,<environment.Job instance at 0x7f354a656e60>,49,3,[11  3],50,-1,147,-1,144
1,<environment.Job instance at 0x7f3549d7e8c0>,0,16,[ 2 10],1,-1,19,-1,3
1,<environment.Job instance at 0x7f354aadb870>,6,18,[5 8],7,-1,25,-1,7
1,<environment.Job instance at 0x7f354a375e10>,9,17,[ 2 10],10,-1,27,-1,10
1,<environment.Job instance at 0x7f354a9041e0>,11,18,[8 1],12,-1,30,-1,12
1,<environment.Job instance at 0x7f354a904280>,12,15,[3 9],13,-1,28,-1,13
1,<environment.Job instance at 0x7f354a9047d0>,13,20,[8 4],14,-1,34,-1,14
1,<environment.Job instance at 0x7f3549d99320>,17,27,[8 5],18,-1,45,-1,18
1,<environment.Job instance at 0x7f354a482f50>,19,17,[1 5],20,-1,37,-1,20
1,<environment.Job instance at 0x7f3549daaeb0>,22,17,[3 5],23,-1,40,-1,23
1,<environment.Job instance at 0x7f3549cd0640>,23,16,[5 2],24,-1,40,-1,24
1,<environment.Job instance at 0x7f3549cd0820>,24,1,[5 2],25,-1,26,-1,25
1,<environment.Job instance at 0x7f3549d7b5a0>,25,13,[10  5],26,-1,40,-1,27
1,<environment.Job instance at 0x7f3549cb5c30>,27,3,[10  5],28,-1,31,-1,28
1,<environment.Job instance at 0x7f3549d9e460>,26,17,[7 3],27,-1,45,-1,28
1,<environment.Job instance at 0x7f354a45abe0>,28,13,[8 3],29,-1,44,-1,31
1,<environment.Job instance at 0x7f35499de7d0>,30,13,[1 9],31,-1,44,-1,31
1,<environment.Job instance at 0x7f3549cc4d70>,31,17,[9 4],32,-1,50,-1,33
1,<environment.Job instance at 0x7f35499de370>,32,24,[4 6],33,-1,57,-1,33
1,<environment.Job instance at 0x7f3549d8c230>,34,18,[5 2],35,-1,54,-1,36
1,<environment.Job instance at 0x7f3549dab500>,36,12,[9 5],37,-1,49,-1,37
1,<environment.Job instance at 0x7f3549ce6aa0>,35,14,[10  1],36,-1,52,-1,38
1,<environment.Job instance at 0x7f3549d95c80>,40,16,[5 4],41,-1,58,-1,42
1,<environment.Job instance at 0x7f3549d97730>,41,18,[7 2],42,-1,60,-1,42
1,<environment.Job instance at 0x7f3549d8e500>,49,18,[ 5 10],50,-1,69,-1,51
1,<environment.Job instance at 0x7f3549d8ec80>,53,16,[6 1],54,-1,70,-1,54
1,<environment.Job instance at 0x7f3549d8ea50>,50,12,[ 3 12],51,-1,71,-1,59
1,<environment.Job instance at 0x7f3549d8ebe0>,52,19,[2 5],53,-1,78,-1,59
1,<environment.Job instance at 0x7f354a9400f0>,58,16,[6 5],59,-1,83,-1,67
1,<environment.Job instance at 0x7f3549da1fa0>,46,15,[11  2],47,-1,82,-1,67
1,<environment.Job instance at 0x7f3549dab780>,37,18,[14  1],38,-1,85,-1,67
1,<environment.Job instance at 0x7f354a940870>,60,25,[10  4],61,-1,92,-1,67
1,<environment.Job instance at 0x7f354a9403c0>,57,17,[6 2],58,-1,84,-1,67
1,<environment.Job instance at 0x7f354a940370>,56,13,[8 4],57,-1,81,-1,68
1,<environment.Job instance at 0x7f354a943190>,65,17,[8 5],66,-1,85,-1,68
1,<environment.Job instance at 0x7f354a943960>,69,12,[1 6],70,-1,82,-1,70
1,<environment.Job instance at 0x7f354a943820>,70,18,[6 4],71,-1,89,-1,71
1,<environment.Job instance at 0x7f354a943230>,66,14,[5 7],67,-1,87,-1,73
1,<environment.Job instance at 0x7f354a943af0>,72,15,[4 9],73,-1,88,-1,73
1,<environment.Job instance at 0x7f354a943cd0>,73,18,[8 3],74,-1,92,-1,74
1,<environment.Job instance at 0x7f354a943d70>,75,15,[7 1],76,-1,91,-1,76
1,<environment.Job instance at 0x7f354a943f50>,76,16,[7 5],77,-1,93,-1,77
1,<environment.Job instance at 0x7f354a9470f0>,79,14,[5 3],80,-1,94,-1,80
1,<environment.Job instance at 0x7f354a947460>,82,18,[8 1],83,-1,101,-1,83
1,<environment.Job instance at 0x7f354a9475f0>,83,2,[9 1],84,-1,86,-1,84
1,<environment.Job instance at 0x7f354a947500>,84,14,[5 8],85,-1,99,-1,85
1,<environment.Job instance at 0x7f354a947690>,85,2,[ 3 10],86,-1,88,-1,86
1,<environment.Job instance at 0x7f354a9430f0>,64,13,[5 7],65,-1,99,-1,86
1,<environment.Job instance at 0x7f354a947370>,86,20,[10  4],87,-1,109,-1,89
1,<environment.Job instance at 0x7f354a947870>,88,17,[9 2],89,-1,106,-1,89
1,<environment.Job instance at 0x7f354a9477d0>,89,14,[7 5],90,-1,105,-1,91
1,<environment.Job instance at 0x7f354a947b90>,92,18,[5 3],93,-1,111,-1,93
1,<environment.Job instance at 0x7f354a947c30>,93,27,[1 7],94,-1,121,-1,94
1,<environment.Job instance at 0x7f354a947960>,94,18,[6 3],95,-1,113,-1,95
1,<environment.Job instance at 0x7f354a9391e0>,99,15,[4 7],100,-1,115,-1,100
1,<environment.Job instance at 0x7f354a9392d0>,101,25,[9 1],102,-1,134,-1,109
1,<environment.Job instance at 0x7f354a947af0>,90,27,[ 3 13],91,-1,137,-1,110
1,<environment.Job instance at 0x7f354a9397d0>,107,18,[5 5],108,-1,128,-1,110
1,<environment.Job instance at 0x7f354a939870>,108,18,[ 3 10],109,-1,128,-1,110
1,<environment.Job instance at 0x7f354a943e10>,77,16,[13  1],78,-1,126,-1,110
1,<environment.Job instance at 0x7f354a939690>,105,17,[6 4],106,-1,127,-1,110
1,<environment.Job instance at 0x7f354a939730>,106,17,[1 6],107,-1,127,-1,110
1,<environment.Job instance at 0x7f354a939910>,110,27,[5 4],111,-1,138,-1,111
1,<environment.Job instance at 0x7f35498c5e60>,5,15,[ 4 12],6,-1,21,-1,6
1,<environment.Job instance at 0x7f3553a82230>,17,27,[8 5],18,-1,86,-1,59
1,<environment.Job instance at 0x7f355393a140>,29,2,[ 2 12],30,-1,93,-1,91
1,<environment.Job instance at 0x7f355393a820>,32,24,[4 6],33,-1,131,-1,107
1,<environment.Job instance at 0x7f355393a9b0>,33,15,[ 2 13],34,-1,122,-1,107
1,<environment.Job instance at 0x7f355393a370>,37,18,[14  1],38,-1,126,-1,108
1,<environment.Job instance at 0x7f3549f4cc80>,43,13,[ 3 11],44,-1,151,-1,138
1,<environment.Job instance at 0x7f3549f57730>,46,15,[11  2],47,-1,157,-1,142
1,<environment.Job instance at 0x7f3549b47fa0>,3,18,[6 4],4,-1,22,-1,4
1,<environment.Job instance at 0x7f3549b47eb0>,4,18,[9 1],5,-1,23,-1,5
1,<environment.Job instance at 0x7f3549f5faa0>,8,16,[1 7],9,-1,25,-1,9
1,<environment.Job instance at 0x7f3549f5fdc0>,10,18,[2 9],11,-1,29,-1,11
1,<environment.Job instance at 0x7f354a804be0>,29,25,[3 8],30,-1,66,-1,41
1,<environment.Job instance at 0x7f35498fc6e0>,18,13,[2 9],19,-1,117,-1,104
1,<environment.Job instance at 0x7f354a162fa0>,46,15,[10  2],47,-1,119,-1,104
1,<environment.Job instance at 0x7f354a1625f0>,37,28,[4 9],38,-1,132,-1,104
1,<environment.Job instance at 0x7f3549f4d8c0>,50,14,[10  4],51,-1,118,-1,104
1,<environment.Job instance at 0x7f35498fcf50>,17,26,[3 7],18,-1,134,-1,108
1,<environment.Job instance at 0x7f3549f4df50>,58,16,[10  1],59,-1,124,-1,108
1,<environment.Job instance at 0x7f3549f4db90>,59,18,[8 2],60,-1,126,-1,108
1,<environment.Job instance at 0x7f3549f4d4b0>,60,18,[2 8],61,-1,126,-1,108
1,<environment.Job instance at 0x7f3549f4d050>,63,14,[5 7],64,-1,127,-1,113
1,<environment.Job instance at 0x7f354abc1370>,65,18,[9 1],66,-1,131,-1,113
1,<environment.Job instance at 0x7f3549f4dcd0>,51,15,[7 2],52,-1,128,-1,113
1,<environment.Job instance at 0x7f3549e8ce60>,80,18,[ 2 11],81,-1,165,-1,147
1,<environment.Job instance at 0x7f354a940140>,5,17,[14  4],6,-1,23,-1,6
1,<environment.Job instance at 0x7f3549da1dc0>,11,12,[13  5],12,-1,30,-1,18
1,<environment.Job instance at 0x7f35495ad370>,17,26,[3 7],18,-1,73,-1,47
1,<environment.Job instance at 0x7f354a986230>,27,1,[ 2 11],28,-1,67,-1,66
1,<environment.Job instance at 0x7f35498c4be0>,29,25,[3 8],30,-1,92,-1,67
1,<environment.Job instance at 0x7f35496bf640>,37,28,[4 9],38,-1,124,-1,96
1,<environment.Job instance at 0x7f354a258eb0>,41,18,[13  5],42,-1,118,-1,100
1,<environment.Job instance at 0x7f3549506460>,45,14,[11  2],46,-1,129,-1,115
1,<environment.Job instance at 0x7f354964aeb0>,48,1,[14  2],49,-1,119,-1,118
1,<environment.Job instance at 0x7f35495b1d20>,49,1,[ 1 11],50,-1,119,-1,118
1,<environment.Job instance at 0x7f354a7a6550>,0,26,[4 8],1,-1,27,-1,1
1,<environment.Job instance at 0x7f354a7a6410>,4,15,[3 8],5,-1,20,-1,5
1,<environment.Job instance at 0x7f354a7a6780>,8,13,[ 5 10],9,-1,22,-1,9
1,<environment.Job instance at 0x7f354a7a6eb0>,10,18,[8 5],11,-1,29,-1,11
1,<environment.Job instance at 0x7f354a7a66e0>,12,18,[4 5],13,-1,31,-1,13
1,<environment.Job instance at 0x7f354a7a6820>,13,18,[8 1],14,-1,32,-1,14
1,<environment.Job instance at 0x7f354a7a6e60>,14,13,[4 6],15,-1,28,-1,15
1,<environment.Job instance at 0x7f3549645fa0>,16,13,[5 6],17,-1,33,-1,20
1,<environment.Job instance at 0x7f35496455a0>,22,16,[3 5],23,-1,39,-1,23
1,<environment.Job instance at 0x7f3549645e10>,25,22,[1 9],26,-1,48,-1,26
1,<environment.Job instance at 0x7f3549a26c30>,29,18,[ 3 12],30,-1,49,-1,31
1,<environment.Job instance at 0x7f3549a26050>,33,17,[10  3],34,-1,51,-1,34
1,<environment.Job instance at 0x7f3549645320>,18,17,[10  4],19,-1,54,-1,37
1,<environment.Job instance at 0x7f3549a26690>,36,12,[4 7],37,-1,49,-1,37
1,<environment.Job instance at 0x7f3549645640>,19,15,[5 9],20,-1,52,-1,37
1,<environment.Job instance at 0x7f3549a26910>,38,17,[3 8],39,-1,56,-1,39
1,<environment.Job instance at 0x7f3549a26780>,39,15,[ 5 10],40,-1,56,-1,41
1,<environment.Job instance at 0x7f3549a26aa0>,40,19,[5 4],41,-1,60,-1,41
1,<environment.Job instance at 0x7f3549828370>,45,16,[10  3],46,-1,63,-1,47
1,<environment.Job instance at 0x7f3549828500>,43,18,[9 2],44,-1,65,-1,47
1,<environment.Job instance at 0x7f3549828e60>,44,24,[5 9],45,-1,72,-1,48
1,<environment.Job instance at 0x7f35498287d0>,47,26,[8 5],48,-1,74,-1,48
1,<environment.Job instance at 0x7f3549828410>,49,15,[6 5],50,-1,65,-1,50
1,<environment.Job instance at 0x7f3549828d70>,50,17,[10  1],51,-1,73,-1,56
1,<environment.Job instance at 0x7f3549828b90>,53,26,[7 5],54,-1,83,-1,57
1,<environment.Job instance at 0x7f35496a8be0>,57,18,[ 3 10],58,-1,78,-1,60
1,<environment.Job instance at 0x7f35498286e0>,54,16,[3 9],55,-1,76,-1,60
1,<environment.Job instance at 0x7f35496a8780>,59,16,[8 5],60,-1,79,-1,63
1,<environment.Job instance at 0x7f35496a89b0>,62,18,[4 7],63,-1,81,-1,63
1,<environment.Job instance at 0x7f35496a8c30>,58,16,[3 5],59,-1,88,-1,72
1,<environment.Job instance at 0x7f35496a8280>,56,20,[3 6],57,-1,92,-1,72
1,<environment.Job instance at 0x7f35496a84b0>,69,15,[5 5],70,-1,87,-1,72
1,<environment.Job instance at 0x7f35496a8230>,71,12,[10  4],72,-1,84,-1,72
1,<environment.Job instance at 0x7f35496a8140>,65,17,[9 3],66,-1,89,-1,72
1,<environment.Job instance at 0x7f3549a26af0>,30,18,[7 3],31,-1,104,-1,86
1,<environment.Job instance at 0x7f354a7bf320>,85,17,[5 9],86,-1,103,-1,86
1,<environment.Job instance at 0x7f354a7bfc80>,84,17,[5 9],85,-1,103,-1,86
1,<environment.Job instance at 0x7f354a7bf9b0>,86,23,[10  4],87,-1,111,-1,88
1,<environment.Job instance at 0x7f354a7bfbe0>,87,15,[5 5],88,-1,109,-1,94
1,<environment.Job instance at 0x7f354a7bf3c0>,81,15,[14  4],82,-1,113,-1,98
1,<environment.Job instance at 0x7f354a7bf0a0>,92,18,[10  5],93,-1,116,-1,98
1,<environment.Job instance at 0x7f354a7bf820>,89,18,[9 5],90,-1,116,-1,98
1,<environment.Job instance at 0x7f354a7bf640>,90,3,[10  4],91,-1,101,-1,98
1,<environment.Job instance at 0x7f354a7bf1e0>,95,16,[3 8],96,-1,114,-1,98
1,<environment.Job instance at 0x7f354a7bf190>,91,17,[8 2],92,-1,115,-1,98
1,<environment.Job instance at 0x7f354a7bf690>,88,17,[4 9],89,-1,115,-1,98
1,<environment.Job instance at 0x7f3549671230>,97,18,[5 4],98,-1,118,-1,100
1,<environment.Job instance at 0x7f354a7bf460>,96,14,[4 7],97,-1,119,-1,105
1,<environment.Job instance at 0x7f354966eb90>,104,13,[10  1],105,-1,119,-1,106
1,<environment.Job instance at 0x7f35496710f0>,100,12,[2 9],101,-1,118,-1,106
1,<environment.Job instance at 0x7f3549bb6cd0>,103,16,[3 9],104,-1,123,-1,107
1,<environment.Job instance at 0x7f354acb2370>,111,17,[3 7],112,-1,130,-1,113
1,<environment.Job instance at 0x7f35495981e0>,114,18,[8 2],115,-1,135,-1,117
1,<environment.Job instance at 0x7f3549a1c5f0>,116,17,[1 6],117,-1,134,-1,117
1,<environment.Job instance at 0x7f354a626be0>,117,18,[5 2],118,-1,136,-1,118
1,<environment.Job instance at 0x7f354acfc0a0>,112,24,[11  1],113,-1,143,-1,119
1,<environment.Job instance at 0x7f354a7b05a0>,105,13,[ 3 10],106,-1,134,-1,121
1,<environment.Job instance at 0x7f3549bec9b0>,118,17,[3 5],119,-1,138,-1,121
1,<environment.Job instance at 0x7f3549810f50>,121,15,[10  5],122,-1,137,-1,122
1,<environment.Job instance at 0x7f3549c7b5a0>,122,18,[10  1],123,-1,141,-1,123
1,<environment.Job instance at 0x7f3549ba2550>,125,12,[5 9],126,-1,139,-1,127
1,<environment.Job instance at 0x7f354ac28f00>,131,18,[7 1],132,-1,152,-1,134
1,<environment.Job instance at 0x7f3549c2ac80>,138,12,[10  2],139,-1,151,-1,139
1,<environment.Job instance at 0x7f35499df0f0>,141,15,[9 5],142,-1,157,-1,142
1,<environment.Job instance at 0x7f3549c2aaf0>,142,14,[ 1 10],143,-1,157,-1,143
1,<environment.Job instance at 0x7f354a4be2d0>,133,18,[ 3 10],134,-1,164,-1,146
1,<environment.Job instance at 0x7f354a0d5a50>,145,15,[10  1],146,-1,162,-1,147
1,<environment.Job instance at 0x7f354acdfc80>,147,15,[ 3 10],148,-1,163,-1,148
1,<environment.Job instance at 0x7f3549f5fd20>,0,26,[4 8],1,-1,27,-1,1
1,<environment.Job instance at 0x7f354a703e60>,15,15,[12  1],16,-1,52,-1,37
1,<environment.Job instance at 0x7f354aa37c80>,23,1,[ 3 13],24,-1,74,-1,73
1,<environment.Job instance at 0x7f354ad86cd0>,29,18,[ 3 12],30,-1,104,-1,86
1,<environment.Job instance at 0x7f354a60c870>,35,1,[ 5 13],36,-1,104,-1,103
1,<environment.Job instance at 0x7f3549ae74b0>,1,17,[5 6],2,-1,19,-1,2
1,<environment.Job instance at 0x7f3549ae7d20>,2,16,[10  1],3,-1,20,-1,4
1,<environment.Job instance at 0x7f3549ae7d70>,4,12,[4 9],5,-1,17,-1,5
1,<environment.Job instance at 0x7f3549ae7320>,5,12,[7 2],6,-1,18,-1,6
1,<environment.Job instance at 0x7f3549ae7f50>,6,13,[ 5 11],7,-1,20,-1,7
1,<environment.Job instance at 0x7f3549ae7960>,7,2,[13  1],8,-1,10,-1,8
1,<environment.Job instance at 0x7f3549ae75f0>,8,15,[10  2],9,-1,24,-1,9
1,<environment.Job instance at 0x7f3549ae7c80>,9,18,[3 8],10,-1,28,-1,10
1,<environment.Job instance at 0x7f354a89e0a0>,3,17,[ 2 10],4,-1,28,-1,11
1,<environment.Job instance at 0x7f3549ae76e0>,11,18,[4 6],12,-1,30,-1,12
1,<environment.Job instance at 0x7f354a04d0a0>,16,13,[8 3],17,-1,30,-1,17
1,<environment.Job instance at 0x7f354a04d190>,17,12,[ 3 10],18,-1,30,-1,18
1,<environment.Job instance at 0x7f354a04daf0>,18,15,[8 2],19,-1,34,-1,19
1,<environment.Job instance at 0x7f354a04dcd0>,22,27,[9 1],23,-1,51,-1,24
1,<environment.Job instance at 0x7f354a04dc80>,24,16,[1 8],25,-1,41,-1,25
1,<environment.Job instance at 0x7f354ace2870>,29,20,[2 8],30,-1,50,-1,30
1,<environment.Job instance at 0x7f3549b20910>,51,26,[7 2],52,-1,96,-1,70
1,<environment.Job instance at 0x7f3549b20870>,53,16,[ 3 10],54,-1,88,-1,72
1,<environment.Job instance at 0x7f3549b20280>,45,15,[ 4 12],46,-1,92,-1,77
1,<environment.Job instance at 0x7f3549b203c0>,54,14,[10  5],55,-1,95,-1,81
1,<environment.Job instance at 0x7f354a7d0af0>,40,18,[5 7],41,-1,99,-1,81
1,<environment.Job instance at 0x7f354af0ab40>,58,19,[ 5 11],59,-1,100,-1,81
1,<environment.Job instance at 0x7f354af0aaf0>,59,14,[8 2],60,-1,95,-1,81
1,<environment.Job instance at 0x7f354af0af00>,61,17,[10  3],62,-1,98,-1,81
1,<environment.Job instance at 0x7f354af0a3c0>,62,13,[5 2],63,-1,94,-1,81
1,<environment.Job instance at 0x7f354af0a8c0>,64,18,[5 3],65,-1,99,-1,81
1,<environment.Job instance at 0x7f354af0a5f0>,63,12,[9 4],64,-1,93,-1,81
1,<environment.Job instance at 0x7f354af0ae10>,69,19,[9 1],70,-1,100,-1,81
1,<environment.Job instance at 0x7f3553af6c30>,74,23,[8 3],75,-1,104,-1,81
1,<environment.Job instance at 0x7f354aafd870>,6,13,[ 5 11],7,-1,20,-1,7
1,<environment.Job instance at 0x7f354aafd780>,7,2,[13  1],8,-1,10,-1,8
1,<environment.Job instance at 0x7f3549c21e10>,14,1,[11  3],15,-1,34,-1,33
1,<environment.Job instance at 0x7f354953daa0>,21,13,[ 1 13],22,-1,82,-1,69
1,<environment.Job instance at 0x7f354aeb70f0>,22,27,[9 1],23,-1,104,-1,77
1,<environment.Job instance at 0x7f354a804370>,26,21,[12  2],27,-1,104,-1,83
1,<environment.Job instance at 0x7f354a667280>,28,14,[ 1 14],29,-1,106,-1,92
1,<environment.Job instance at 0x7f354a8c3910>,30,15,[12  3],31,-1,108,-1,93
1,<environment.Job instance at 0x7f354a809730>,36,2,[12  3],37,-1,100,-1,98
1,<environment.Job instance at 0x7f354a40f230>,41,23,[5 9],42,-1,153,-1,130
1,<environment.Job instance at 0x7f354af266e0>,45,15,[ 4 12],46,-1,147,-1,132
1,<environment.Job instance at 0x7f3549bb1690>,49,3,[ 4 11],50,-1,147,-1,144
1,<environment.Job instance at 0x7f35498c47d0>,51,26,[7 2],52,-1,173,-1,147
1,<environment.Job instance at 0x7f3549eb5730>,52,2,[ 2 13],53,-1,149,-1,147
1,<environment.Job instance at 0x7f354a682eb0>,2,18,[4 9],3,-1,21,-1,3
1,<environment.Job instance at 0x7f354a6827d0>,4,15,[9 5],5,-1,22,-1,7
1,<environment.Job instance at 0x7f354a6821e0>,6,18,[8 5],7,-1,25,-1,7
1,<environment.Job instance at 0x7f3549854dc0>,10,15,[9 2],11,-1,27,-1,12
1,<environment.Job instance at 0x7f3549854550>,13,26,[7 3],14,-1,40,-1,14
1,<environment.Job instance at 0x7f3549854370>,14,13,[1 9],15,-1,28,-1,15
1,<environment.Job instance at 0x7f3549854230>,15,12,[9 2],16,-1,28,-1,16
1,<environment.Job instance at 0x7f3549854d70>,16,17,[1 8],17,-1,34,-1,17
1,<environment.Job instance at 0x7f354a6825a0>,11,12,[7 1],12,-1,29,-1,17
1,<environment.Job instance at 0x7f354a814140>,19,13,[9 5],20,-1,34,-1,21
1,<environment.Job instance at 0x7f354a814230>,21,17,[3 7],22,-1,39,-1,22
1,<environment.Job instance at 0x7f354a814370>,22,14,[1 9],23,-1,37,-1,23
1,<environment.Job instance at 0x7f354a814410>,23,14,[4 6],24,-1,38,-1,24
1,<environment.Job instance at 0x7f354a8144b0>,24,15,[9 2],25,-1,40,-1,25
1,<environment.Job instance at 0x7f354a814a00>,29,15,[4 6],30,-1,45,-1,30
1,<environment.Job instance at 0x7f354a814a50>,30,26,[2 8],31,-1,57,-1,31
1,<environment.Job instance at 0x7f3549854fa0>,20,15,[2 8],21,-1,47,-1,32
1,<environment.Job instance at 0x7f354a814dc0>,32,14,[9 2],33,-1,48,-1,34
1,<environment.Job instance at 0x7f354a814c30>,33,14,[9 2],34,-1,48,-1,34
1,<environment.Job instance at 0x7f354a71e320>,38,12,[9 4],39,-1,52,-1,40
1,<environment.Job instance at 0x7f354a71e370>,39,17,[12  4],40,-1,57,-1,40
1,<environment.Job instance at 0x7f354a71e4b0>,40,20,[7 1],41,-1,61,-1,41
1,<environment.Job instance at 0x7f354a71e550>,41,14,[9 4],42,-1,57,-1,43
1,<environment.Job instance at 0x7f354a71e3c0>,42,14,[7 1],43,-1,57,-1,43
1,<environment.Job instance at 0x7f354a71e5f0>,43,17,[3 7],44,-1,62,-1,45
1,<environment.Job instance at 0x7f354a71e690>,44,21,[6 1],45,-1,66,-1,45
1,<environment.Job instance at 0x7f354a71ed20>,51,16,[9 2],52,-1,69,-1,53
1,<environment.Job instance at 0x7f354a71eb90>,53,14,[ 4 10],54,-1,68,-1,54
1,<environment.Job instance at 0x7f354a70d0f0>,55,13,[10  4],56,-1,69,-1,56
1,<environment.Job instance at 0x7f354a70d190>,57,17,[9 1],58,-1,75,-1,58
1,<environment.Job instance at 0x7f354a70d690>,62,13,[ 4 10],63,-1,76,-1,63
1,<environment.Job instance at 0x7f354967a320>,13,26,[7 3],14,-1,48,-1,22
1,<environment.Job instance at 0x7f3549ae7370>,17,27,[1 8],18,-1,65,-1,38
1,<environment.Job instance at 0x7f354ace2b90>,30,26,[2 8],31,-1,134,-1,108
1,<environment.Job instance at 0x7f3549847230>,39,17,[12  4],40,-1,153,-1,136
1,<environment.Job instance at 0x7f3549b6dc30>,1,16,[3 9],2,-1,18,-1,2
1,<environment.Job instance at 0x7f3549b6db40>,7,24,[8 1],8,-1,32,-1,8
1,<environment.Job instance at 0x7f354a20f500>,10,16,[8 2],11,-1,27,-1,11
1,<environment.Job instance at 0x7f354a20fc80>,11,28,[5 9],12,-1,40,-1,12
1,<environment.Job instance at 0x7f354a20f3c0>,12,14,[7 1],13,-1,28,-1,14
1,<environment.Job instance at 0x7f354a604af0>,13,28,[6 1],14,-1,44,-1,16
1,<environment.Job instance at 0x7f354abba280>,16,18,[9 2],17,-1,36,-1,18
1,<environment.Job instance at 0x7f355343beb0>,18,23,[ 3 10],19,-1,44,-1,21
1,<environment.Job instance at 0x7f355343b5a0>,19,17,[4 5],20,-1,39,-1,22
1,<environment.Job instance at 0x7f3549b20140>,21,3,[5 9],22,-1,25,-1,22
1,<environment.Job instance at 0x7f354abba2d0>,17,16,[10  4],18,-1,38,-1,22
1,<environment.Job instance at 0x7f3549b20e10>,22,14,[4 6],23,-1,38,-1,24
1,<environment.Job instance at 0x7f3549b209b0>,24,1,[6 3],25,-1,26,-1,25
1,<environment.Job instance at 0x7f3549b20c80>,23,18,[ 5 11],24,-1,43,-1,25
1,<environment.Job instance at 0x7f3549b20a00>,27,19,[6 3],28,-1,47,-1,28
1,<environment.Job instance at 0x7f35534e24b0>,30,18,[7 1],31,-1,51,-1,33
1,<environment.Job instance at 0x7f35534e2870>,32,18,[6 5],33,-1,52,-1,34
1,<environment.Job instance at 0x7f35534e2820>,34,17,[12  2],35,-1,52,-1,35
1,<environment.Job instance at 0x7f35534e2b40>,36,22,[3 7],37,-1,60,-1,38
1,<environment.Job instance at 0x7f35534e2c30>,39,14,[3 7],40,-1,54,-1,40
1,<environment.Job instance at 0x7f35534e2550>,40,17,[9 5],41,-1,58,-1,41
1,<environment.Job instance at 0x7f3549b20190>,20,12,[1 9],21,-1,54,-1,42
1,<environment.Job instance at 0x7f35534e2780>,41,14,[9 4],42,-1,56,-1,42
1,<environment.Job instance at 0x7f35534e26e0>,42,1,[9 1],43,-1,44,-1,43
1,<environment.Job instance at 0x7f354ae1ca50>,43,12,[2 8],44,-1,56,-1,44
1,<environment.Job instance at 0x7f35534e2a50>,37,21,[5 3],38,-1,65,-1,44
1,<environment.Job instance at 0x7f35534e2960>,44,18,[6 5],45,-1,63,-1,45
1,<environment.Job instance at 0x7f354ae1caa0>,48,18,[1 8],49,-1,67,-1,49
1,<environment.Job instance at 0x7f354ae1c500>,49,21,[10  5],50,-1,71,-1,50
1,<environment.Job instance at 0x7f354ae1c780>,50,15,[4 9],51,-1,67,-1,52
1,<environment.Job instance at 0x7f354ae1c7d0>,58,17,[7 4],59,-1,79,-1,62
1,<environment.Job instance at 0x7f3549da5410>,62,20,[1 9],63,-1,83,-1,63
1,<environment.Job instance at 0x7f3549da53c0>,63,18,[3 7],64,-1,82,-1,64
1,<environment.Job instance at 0x7f3549da5230>,66,18,[3 6],67,-1,85,-1,67
1,<environment.Job instance at 0x7f3549da5050>,61,16,[6 2],62,-1,95,-1,79
1,<environment.Job instance at 0x7f3549da55a0>,67,26,[ 2 12],68,-1,105,-1,79
1,<environment.Job instance at 0x7f354ac61f00>,78,22,[10  5],79,-1,101,-1,79
1,<environment.Job instance at 0x7f354ac61b90>,80,17,[2 7],81,-1,98,-1,81
1,<environment.Job instance at 0x7f354ac61c30>,84,25,[9 4],85,-1,110,-1,85
1,<environment.Job instance at 0x7f354ac61230>,77,15,[8 4],78,-1,103,-1,88
1,<environment.Job instance at 0x7f354a238eb0>,90,25,[9 5],91,-1,117,-1,92
1,<environment.Job instance at 0x7f354a238fa0>,95,22,[6 4],96,-1,120,-1,98
1,<environment.Job instance at 0x7f354a238140>,96,15,[7 3],97,-1,114,-1,99
1,<environment.Job instance at 0x7f354a238050>,97,15,[5 4],98,-1,114,-1,99
1,<environment.Job instance at 0x7f354a2382d0>,94,17,[6 3],95,-1,116,-1,99
1,<environment.Job instance at 0x7f3549da5be0>,74,18,[2 9],75,-1,118,-1,100
1,<environment.Job instance at 0x7f354ac61820>,83,12,[10  3],84,-1,112,-1,100
1,<environment.Job instance at 0x7f354a1a20f0>,99,14,[ 1 10],100,-1,114,-1,100
1,<environment.Job instance at 0x7f354977fc30>,101,16,[ 2 10],102,-1,119,-1,103
1,<environment.Job instance at 0x7f35497c3be0>,103,13,[5 1],104,-1,117,-1,104
1,<environment.Job instance at 0x7f35534a9280>,102,22,[2 7],103,-1,127,-1,105
1,<environment.Job instance at 0x7f354af15e10>,105,16,[10  3],106,-1,122,-1,106
1,<environment.Job instance at 0x7f354af154b0>,106,18,[8 3],107,-1,125,-1,107
1,<environment.Job instance at 0x7f354a7ff0a0>,108,2,[5 1],109,-1,113,-1,111
1,<environment.Job instance at 0x7f354a790e10>,109,17,[1 9],110,-1,128,-1,111
1,<environment.Job instance at 0x7f35497c3370>,104,12,[1 9],105,-1,123,-1,111
1,<environment.Job instance at 0x7f35497cc7d0>,111,14,[8 1],112,-1,126,-1,112
1,<environment.Job instance at 0x7f354ac39370>,112,17,[9 5],113,-1,130,-1,113
1,<environment.Job instance at 0x7f354977f7d0>,114,18,[6 4],115,-1,133,-1,115
1,<environment.Job instance at 0x7f35495b16e0>,115,27,[5 8],116,-1,143,-1,116
1,<environment.Job instance at 0x7f3549784dc0>,116,16,[6 4],117,-1,133,-1,117
1,<environment.Job instance at 0x7f3549724f00>,123,18,[10  5],124,-1,142,-1,124
1,<environment.Job instance at 0x7f3553938cd0>,131,21,[4 7],132,-1,163,-1,142
1,<environment.Job instance at 0x7f354a814230>,119,25,[10  1],120,-1,170,-1,145
1,<environment.Job instance at 0x7f354977f500>,100,26,[10  1],101,-1,174,-1,148
1,<environment.Job instance at 0x7f354aafdf00>,7,24,[8 1],8,-1,40,-1,16
1,<environment.Job instance at 0x7f354aafd7d0>,11,28,[5 9],12,-1,51,-1,23
1,<environment.Job instance at 0x7f354a8c3dc0>,13,28,[6 1],14,-1,54,-1,26
1,<environment.Job instance at 0x7f354ace2dc0>,18,23,[ 3 10],19,-1,55,-1,32
1,<environment.Job instance at 0x7f354af0a050>,23,18,[ 5 11],24,-1,65,-1,47
1,<environment.Job instance at 0x7f354a117b40>,33,1,[13  4],34,-1,80,-1,79
1,<environment.Job instance at 0x7f354a117280>,34,17,[12  2],35,-1,96,-1,79
1,<environment.Job instance at 0x7f354a2b7190>,46,28,[7 3],47,-1,145,-1,117
1,<environment.Job instance at 0x7f354a2192d0>,55,16,[ 4 14],56,-1,156,-1,140
1,<environment.Job instance at 0x7f354a92eb40>,0,22,[ 3 10],1,-1,24,-1,2
1,<environment.Job instance at 0x7f354a92e6e0>,7,15,[6 1],8,-1,23,-1,8
1,<environment.Job instance at 0x7f35534b6550>,11,16,[5 4],12,-1,28,-1,12
1,<environment.Job instance at 0x7f35534b6be0>,12,18,[2 9],13,-1,31,-1,13
1,<environment.Job instance at 0x7f35534b61e0>,13,14,[3 7],14,-1,28,-1,14
1,<environment.Job instance at 0x7f35534b6d70>,19,13,[3 8],20,-1,33,-1,20
1,<environment.Job instance at 0x7f35534b64b0>,23,18,[5 5],24,-1,42,-1,24
1,<environment.Job instance at 0x7f35499d9500>,24,16,[10  2],25,-1,42,-1,26
1,<environment.Job instance at 0x7f35499d90f0>,26,16,[5 6],27,-1,43,-1,27
1,<environment.Job instance at 0x7f35499d9dc0>,29,13,[4 7],30,-1,43,-1,30
1,<environment.Job instance at 0x7f35499d9f50>,32,15,[5 5],33,-1,48,-1,33
1,<environment.Job instance at 0x7f35499d9e10>,34,18,[ 3 10],35,-1,53,-1,35
1,<environment.Job instance at 0x7f35499d9190>,35,14,[5 8],36,-1,50,-1,36
1,<environment.Job instance at 0x7f35499d9d20>,36,14,[5 5],37,-1,51,-1,37
1,<environment.Job instance at 0x7f35499d9690>,37,17,[3 7],38,-1,55,-1,38
1,<environment.Job instance at 0x7f35499d9c30>,38,16,[7 5],39,-1,55,-1,39
1,<environment.Job instance at 0x7f35499d9410>,39,20,[5 5],40,-1,60,-1,40
1,<environment.Job instance at 0x7f354956ea00>,45,15,[1 9],46,-1,61,-1,46
1,<environment.Job instance at 0x7f354956e820>,46,18,[1 8],47,-1,65,-1,47
1,<environment.Job instance at 0x7f354956e0f0>,51,14,[10  5],52,-1,66,-1,52
1,<environment.Job instance at 0x7f35538080f0>,55,15,[7 2],56,-1,71,-1,56
1,<environment.Job instance at 0x7f354956eb40>,57,28,[8 2],58,-1,86,-1,58
1,<environment.Job instance at 0x7f354a560280>,58,15,[8 5],59,-1,74,-1,59
1,<environment.Job instance at 0x7f354a8e0780>,66,15,[3 6],67,-1,82,-1,67
1,<environment.Job instance at 0x7f354965fc80>,70,22,[9 5],71,-1,97,-1,75
1,<environment.Job instance at 0x7f354965f870>,72,27,[8 4],73,-1,105,-1,78
1,<environment.Job instance at 0x7f354a395af0>,83,25,[ 4 10],84,-1,113,-1,88
1,<environment.Job instance at 0x7f354ac90d70>,85,17,[11  2],86,-1,108,-1,91
1,<environment.Job instance at 0x7f354a351320>,89,21,[14  3],90,-1,115,-1,94
1,<environment.Job instance at 0x7f354a395cd0>,79,18,[2 5],80,-1,112,-1,94
1,<environment.Job instance at 0x7f35499bf320>,92,17,[4 5],93,-1,111,-1,94
1,<environment.Job instance at 0x7f35499bf2d0>,93,19,[8 5],94,-1,113,-1,94
1,<environment.Job instance at 0x7f354965f140>,71,17,[6 1],72,-1,113,-1,96
1,<environment.Job instance at 0x7f3549a83eb0>,91,12,[9 4],92,-1,108,-1,96
1,<environment.Job instance at 0x7f35499bfd70>,99,22,[3 7],100,-1,125,-1,103
1,<environment.Job instance at 0x7f35499bfeb0>,102,12,[ 4 10],103,-1,118,-1,106
1,<environment.Job instance at 0x7f354a40f1e0>,106,20,[5 3],107,-1,127,-1,107
1,<environment.Job instance at 0x7f354a40f7d0>,110,21,[5 4],111,-1,136,-1,115
1,<environment.Job instance at 0x7f354956e5f0>,56,13,[13  5],57,-1,137,-1,124
1,<environment.Job instance at 0x7f35499bf8c0>,100,16,[6 4],101,-1,151,-1,135
1,<environment.Job instance at 0x7f354a40f370>,112,18,[9 2],113,-1,153,-1,135
1,<environment.Job instance at 0x7f354a0c3370>,114,17,[11  1],115,-1,152,-1,135
1,<environment.Job instance at 0x7f354a11bd20>,118,16,[6 3],119,-1,151,-1,135
1,<environment.Job instance at 0x7f354a11b9b0>,120,17,[10  5],121,-1,152,-1,135
1,<environment.Job instance at 0x7f354a11b2d0>,123,14,[8 3],124,-1,149,-1,135
1,<environment.Job instance at 0x7f354a0c3690>,116,16,[5 8],117,-1,151,-1,135
1,<environment.Job instance at 0x7f354a11b6e0>,125,17,[9 4],126,-1,152,-1,135
1,<environment.Job instance at 0x7f354a11b370>,124,13,[10  2],125,-1,148,-1,135
1,<environment.Job instance at 0x7f354aac22d0>,128,14,[10  3],129,-1,149,-1,135
1,<environment.Job instance at 0x7f354ab00820>,130,12,[1 9],131,-1,147,-1,135
1,<environment.Job instance at 0x7f354ab00fa0>,131,12,[3 5],132,-1,147,-1,135
1,<environment.Job instance at 0x7f354a11b5a0>,126,16,[10  4],127,-1,151,-1,135
1,<environment.Job instance at 0x7f354ab00410>,132,18,[3 6],133,-1,153,-1,135
1,<environment.Job instance at 0x7f354a5208c0>,138,18,[2 8],139,-1,157,-1,139
1,<environment.Job instance at 0x7f354a395d70>,78,18,[8 4],79,-1,160,-1,142
1,<environment.Job instance at 0x7f354a520820>,140,15,[5 9],141,-1,157,-1,142
1,<environment.Job instance at 0x7f354a6fc0f0>,142,17,[5 3],143,-1,160,-1,143
1,<environment.Job instance at 0x7f354a6fc050>,143,18,[4 6],144,-1,162,-1,144
1,<environment.Job instance at 0x7f3549678320>,17,3,[ 5 11],18,-1,45,-1,42
1,<environment.Job instance at 0x7f3549c21500>,21,18,[ 3 14],22,-1,67,-1,49
1,<environment.Job instance at 0x7f354a8e68c0>,28,13,[14  3],29,-1,92,-1,79
1,<environment.Job instance at 0x7f354a09bf00>,0,16,[7 5],1,-1,17,-1,1
1,<environment.Job instance at 0x7f354a303140>,5,28,[5 5],6,-1,34,-1,6
1,<environment.Job instance at 0x7f354a3038c0>,9,18,[1 5],10,-1,28,-1,10
1,<environment.Job instance at 0x7f354a2f8870>,11,21,[4 8],12,-1,33,-1,12
1,<environment.Job instance at 0x7f354a2f8a50>,13,16,[10  5],14,-1,33,-1,17
1,<environment.Job instance at 0x7f354a2f8dc0>,16,17,[7 1],17,-1,34,-1,17
1,<environment.Job instance at 0x7f354a2f8460>,20,21,[6 2],21,-1,45,-1,24
1,<environment.Job instance at 0x7f354a2f8780>,23,13,[10  4],24,-1,37,-1,24
1,<environment.Job instance at 0x7f354a318140>,28,22,[4 8],29,-1,52,-1,30
1,<environment.Job instance at 0x7f354a318190>,30,28,[4 7],31,-1,59,-1,31
1,<environment.Job instance at 0x7f354a318320>,29,16,[ 4 11],30,-1,50,-1,34
1,<environment.Job instance at 0x7f354a318820>,34,14,[ 1 10],35,-1,50,-1,36
1,<environment.Job instance at 0x7f354a318e10>,41,15,[4 5],42,-1,57,-1,42
1,<environment.Job instance at 0x7f354a318be0>,42,16,[10  5],43,-1,59,-1,43
1,<environment.Job instance at 0x7f354a2fb0a0>,44,13,[6 3],45,-1,58,-1,45
1,<environment.Job instance at 0x7f354a2fb1e0>,45,15,[10  3],46,-1,61,-1,46
1,<environment.Job instance at 0x7f354a2fb4b0>,48,18,[2 9],49,-1,67,-1,49
1,<environment.Job instance at 0x7f354a2fb370>,49,17,[6 4],50,-1,67,-1,50
1,<environment.Job instance at 0x7f354a2fb640>,51,16,[ 4 10],52,-1,68,-1,52
1,<environment.Job instance at 0x7f354a2fbc30>,56,16,[7 1],57,-1,73,-1,57
1,<environment.Job instance at 0x7f354a2fbc80>,58,17,[ 1 10],59,-1,76,-1,59
1,<environment.Job instance at 0x7f354a2fbdc0>,59,15,[7 2],60,-1,75,-1,60
1,<environment.Job instance at 0x7f354a313640>,65,16,[5 2],66,-1,82,-1,66
1,<environment.Job instance at 0x7f354a313be0>,70,14,[3 8],71,-1,85,-1,71
1,<environment.Job instance at 0x7f354a313d20>,71,16,[6 5],72,-1,88,-1,72
1,<environment.Job instance at 0x7f354a313fa0>,74,17,[4 9],75,-1,92,-1,75
1,<environment.Job instance at 0x7f354a32e0f0>,75,17,[ 5 10],76,-1,93,-1,76
1,<environment.Job instance at 0x7f354a32e4b0>,79,18,[9 4],80,-1,98,-1,80
1,<environment.Job instance at 0x7f354a3054b0>,94,13,[10  1],95,-1,109,-1,96
1,<environment.Job instance at 0x7f3549bdd730>,95,14,[3 5],96,-1,113,-1,99
1,<environment.Job instance at 0x7f354a0d9c30>,97,18,[7 5],98,-1,117,-1,99
1,<environment.Job instance at 0x7f3549a68870>,99,18,[ 3 10],100,-1,118,-1,100
1,<environment.Job instance at 0x7f3549a36b90>,101,18,[5 9],102,-1,120,-1,102
1,<environment.Job instance at 0x7f3549a36820>,104,24,[8 1],105,-1,144,-1,120
1,<environment.Job instance at 0x7f354a318500>,33,14,[ 3 11],34,-1,141,-1,127
1,<environment.Job instance at 0x7f3549be83c0>,107,17,[8 2],108,-1,144,-1,127
1,<environment.Job instance at 0x7f3549a6c5f0>,109,17,[7 1],110,-1,144,-1,127
1,<environment.Job instance at 0x7f3549a55e60>,110,15,[8 3],111,-1,142,-1,127
1,<environment.Job instance at 0x7f3549a4ca50>,113,15,[3 8],114,-1,142,-1,127
1,<environment.Job instance at 0x7f3549cb38c0>,115,18,[3 6],116,-1,145,-1,127
1,<environment.Job instance at 0x7f3549a369b0>,103,17,[8 4],104,-1,145,-1,128
1,<environment.Job instance at 0x7f354a3053c0>,93,17,[9 1],94,-1,146,-1,129
1,<environment.Job instance at 0x7f354a32e550>,81,16,[14  3],82,-1,145,-1,129
1,<environment.Job instance at 0x7f3549cb39b0>,116,12,[10  1],117,-1,141,-1,129
1,<environment.Job instance at 0x7f354a305780>,121,20,[5 3],122,-1,149,-1,129
1,<environment.Job instance at 0x7f354a3057d0>,122,24,[8 2],123,-1,153,-1,129
1,<environment.Job instance at 0x7f3549a48280>,119,16,[10  3],120,-1,145,-1,129
1,<environment.Job instance at 0x7f354a305e60>,127,12,[13  5],128,-1,142,-1,130
1,<environment.Job instance at 0x7f354a3059b0>,125,1,[3 9],126,-1,133,-1,132
1,<environment.Job instance at 0x7f3549a368c0>,106,25,[6 2],107,-1,158,-1,133
1,<environment.Job instance at 0x7f354a32f640>,134,13,[8 2],135,-1,150,-1,137
1,<environment.Job instance at 0x7f354a305910>,124,15,[4 9],125,-1,152,-1,137
1,<environment.Job instance at 0x7f354a32f870>,137,12,[7 5],138,-1,151,-1,139
1,<environment.Job instance at 0x7f354a305a50>,126,14,[5 9],127,-1,155,-1,141
1,<environment.Job instance at 0x7f354a32fd20>,139,25,[1 7],140,-1,166,-1,141
1,<environment.Job instance at 0x7f354a32fd70>,141,16,[5 9],142,-1,158,-1,142
1,<environment.Job instance at 0x7f354a32ff50>,142,17,[7 4],143,-1,162,-1,145
1,<environment.Job instance at 0x7f354a32fbe0>,143,14,[2 7],144,-1,159,-1,145
1,<environment.Job instance at 0x7f354a32fe60>,144,12,[4 7],145,-1,157,-1,145
1,<environment.Job instance at 0x7f354a31e280>,146,17,[10  4],147,-1,165,-1,148
1,<environment.Job instance at 0x7f354a31e140>,147,14,[7 2],148,-1,162,-1,148
1,<environment.Job instance at 0x7f354a32f7d0>,135,12,[8 3],136,-1,160,-1,148
1,<environment.Job instance at 0x7f354a318af0>,5,28,[5 5],6,-1,34,-1,6
1,<environment.Job instance at 0x7f354a313960>,10,12,[ 4 14],11,-1,23,-1,11
1,<environment.Job instance at 0x7f354a32ee10>,18,1,[ 1 11],19,-1,26,-1,25
1,<environment.Job instance at 0x7f354a303460>,29,16,[ 4 11],30,-1,62,-1,46
1,<environment.Job instance at 0x7f354a32fa50>,31,15,[ 5 14],32,-1,62,-1,47
1,<environment.Job instance at 0x7f355349a5a0>,30,28,[4 7],31,-1,75,-1,47
1,<environment.Job instance at 0x7f354a809a00>,33,14,[ 3 11],34,-1,61,-1,47
1,<environment.Job instance at 0x7f354a92e550>,47,17,[ 4 14],48,-1,106,-1,89
1,<environment.Job instance at 0x7f3549a3fcd0>,2,18,[ 1 10],3,-1,21,-1,3
1,<environment.Job instance at 0x7f3549a3f1e0>,4,12,[9 4],5,-1,17,-1,5
1,<environment.Job instance at 0x7f3549a3f230>,5,18,[6 1],6,-1,24,-1,6
1,<environment.Job instance at 0x7f3549ca2d20>,6,15,[4 7],7,-1,22,-1,7
1,<environment.Job instance at 0x7f3549ca29b0>,8,17,[9 3],9,-1,28,-1,11
1,<environment.Job instance at 0x7f3549ca24b0>,11,3,[8 5],12,-1,15,-1,12
1,<environment.Job instance at 0x7f3549ca2780>,12,18,[10  1],13,-1,32,-1,14
1,<environment.Job instance at 0x7f3549ca27d0>,14,27,[1 7],15,-1,42,-1,15
1,<environment.Job instance at 0x7f3549ca2be0>,16,13,[4 6],17,-1,30,-1,17
1,<environment.Job instance at 0x7f3549ca2a00>,17,18,[6 1],18,-1,36,-1,18
1,<environment.Job instance at 0x7f3549ca2aa0>,18,17,[3 6],19,-1,36,-1,19
1,<environment.Job instance at 0x7f354aa02eb0>,21,12,[ 5 10],22,-1,34,-1,22
1,<environment.Job instance at 0x7f354aec5690>,22,15,[4 7],23,-1,38,-1,23
1,<environment.Job instance at 0x7f3549c7a2d0>,23,14,[9 2],24,-1,38,-1,24
1,<environment.Job instance at 0x7f3549ca2230>,13,15,[7 2],14,-1,44,-1,29
1,<environment.Job instance at 0x7f354ae475a0>,26,16,[1 9],27,-1,45,-1,29
1,<environment.Job instance at 0x7f3549ca28c0>,10,14,[10  1],11,-1,43,-1,29
1,<environment.Job instance at 0x7f354a7eca00>,31,18,[4 6],32,-1,50,-1,32
1,<environment.Job instance at 0x7f354aea7870>,34,14,[1 7],35,-1,49,-1,35
1,<environment.Job instance at 0x7f3549a167d0>,35,13,[10  4],36,-1,50,-1,37
1,<environment.Job instance at 0x7f3549a16fa0>,37,17,[1 8],38,-1,55,-1,38
1,<environment.Job instance at 0x7f3549a16f00>,38,18,[4 6],39,-1,57,-1,39
1,<environment.Job instance at 0x7f3549a16730>,39,13,[8 2],40,-1,53,-1,40
1,<environment.Job instance at 0x7f3549a16140>,40,3,[10  1],41,-1,44,-1,41
1,<environment.Job instance at 0x7f354a7fbc30>,36,19,[5 4],37,-1,60,-1,41
1,<environment.Job instance at 0x7f3549bd9f00>,43,18,[10  1],44,-1,63,-1,45
1,<environment.Job instance at 0x7f354965c820>,51,16,[9 3],52,-1,68,-1,52
1,<environment.Job instance at 0x7f3549ddaeb0>,59,23,[9 3],60,-1,83,-1,60
1,<environment.Job instance at 0x7f35534e00a0>,61,15,[7 4],62,-1,77,-1,62
1,<environment.Job instance at 0x7f354993c550>,62,16,[7 2],63,-1,79,-1,63
1,<environment.Job instance at 0x7f3549659e10>,65,14,[ 2 10],66,-1,80,-1,66
1,<environment.Job instance at 0x7f3549659370>,67,18,[2 7],68,-1,86,-1,68
1,<environment.Job instance at 0x7f3549659a50>,69,15,[8 5],70,-1,86,-1,71
1,<environment.Job instance at 0x7f3549aaa1e0>,72,12,[ 4 14],73,-1,94,-1,82
1,<environment.Job instance at 0x7f354a801f50>,76,14,[11  1],77,-1,96,-1,82
1,<environment.Job instance at 0x7f354a801230>,77,22,[7 3],78,-1,107,-1,85
1,<environment.Job instance at 0x7f3549bd98c0>,44,15,[9 3],45,-1,101,-1,86
1,<environment.Job instance at 0x7f354965c730>,52,15,[ 2 12],53,-1,101,-1,86
1,<environment.Job instance at 0x7f354aabab40>,80,18,[1 7],81,-1,104,-1,86
1,<environment.Job instance at 0x7f3549aaa2d0>,71,28,[1 5],72,-1,114,-1,86
1,<environment.Job instance at 0x7f354aabad20>,79,14,[6 4],80,-1,100,-1,86
1,<environment.Job instance at 0x7f354a40a8c0>,83,15,[3 8],84,-1,101,-1,86
1,<environment.Job instance at 0x7f354a0dc3c0>,88,14,[5 9],89,-1,103,-1,89
1,<environment.Job instance at 0x7f354a219d20>,81,14,[5 5],82,-1,104,-1,90
1,<environment.Job instance at 0x7f354a58da00>,86,18,[12  4],87,-1,117,-1,99
1,<environment.Job instance at 0x7f35496598c0>,68,12,[ 1 13],69,-1,111,-1,99
1,<environment.Job instance at 0x7f354a354960>,91,27,[6 5],92,-1,126,-1,99
1,<environment.Job instance at 0x7f3549d7eaa0>,89,18,[5 9],90,-1,117,-1,99
1,<environment.Job instance at 0x7f354a477550>,94,17,[7 2],95,-1,118,-1,101
1,<environment.Job instance at 0x7f3549f9a1e0>,96,16,[ 1 12],97,-1,117,-1,101
1,<environment.Job instance at 0x7f3549d750a0>,97,16,[6 5],98,-1,117,-1,101
1,<environment.Job instance at 0x7f354ae90320>,99,23,[4 9],100,-1,124,-1,101
1,<environment.Job instance at 0x7f3549d7ee10>,90,18,[4 5],91,-1,119,-1,101
1,<environment.Job instance at 0x7f3549f96dc0>,101,15,[10  3],102,-1,119,-1,104
1,<environment.Job instance at 0x7f3549fa5320>,109,27,[9 3],110,-1,147,-1,120
1,<environment.Job instance at 0x7f3549a6c910>,111,28,[6 2],112,-1,151,-1,123
1,<environment.Job instance at 0x7f3549a6c460>,115,1,[7 4],116,-1,124,-1,123
1,<environment.Job instance at 0x7f3549fa5f50>,110,2,[8 4],111,-1,125,-1,123
1,<environment.Job instance at 0x7f3549a6c140>,114,3,[2 8],115,-1,126,-1,123
1,<environment.Job instance at 0x7f3549cb34b0>,118,1,[2 7],119,-1,124,-1,123
1,<environment.Job instance at 0x7f3549cb3960>,119,15,[8 4],120,-1,139,-1,124
1,<environment.Job instance at 0x7f3549cb31e0>,120,12,[4 9],121,-1,136,-1,124
1,<environment.Job instance at 0x7f3549cb3460>,122,14,[6 3],123,-1,138,-1,124
1,<environment.Job instance at 0x7f35499b5370>,98,25,[10  1],99,-1,149,-1,124
1,<environment.Job instance at 0x7f354a57b730>,124,12,[8 5],125,-1,137,-1,125
1,<environment.Job instance at 0x7f354a313550>,14,27,[1 7],15,-1,62,-1,35
1,<environment.Job instance at 0x7f354a477370>,0,17,[8 5],1,-1,18,-1,1
1,<environment.Job instance at 0x7f354a477640>,5,14,[7 2],6,-1,20,-1,6
1,<environment.Job instance at 0x7f354a4777d0>,7,16,[2 5],8,-1,24,-1,8
1,<environment.Job instance at 0x7f354a477320>,8,15,[5 5],9,-1,24,-1,9
1,<environment.Job instance at 0x7f354a477500>,12,20,[3 6],13,-1,34,-1,14
1,<environment.Job instance at 0x7f354a477050>,13,17,[10  4],14,-1,31,-1,14
1,<environment.Job instance at 0x7f3549e7afa0>,16,21,[10  4],17,-1,39,-1,18
1,<environment.Job instance at 0x7f3549e308c0>,27,24,[9 5],28,-1,54,-1,30
1,<environment.Job instance at 0x7f3549e7a2d0>,20,16,[10  1],21,-1,48,-1,32
1,<environment.Job instance at 0x7f3549e303c0>,28,17,[7 2],29,-1,51,-1,34
1,<environment.Job instance at 0x7f354a6b2cd0>,33,14,[5 2],34,-1,49,-1,35
1,<environment.Job instance at 0x7f3549f5ef50>,37,14,[3 8],38,-1,52,-1,38
1,<environment.Job instance at 0x7f3549f5ee60>,42,15,[9 5],43,-1,58,-1,43
1,<environment.Job instance at 0x7f3549e30f50>,29,15,[8 4],30,-1,63,-1,48
1,<environment.Job instance at 0x7f354a6b3e10>,47,17,[3 5],48,-1,66,-1,49
1,<environment.Job instance at 0x7f3549d952d0>,31,15,[5 5],32,-1,66,-1,51
1,<environment.Job instance at 0x7f354a403af0>,51,20,[5 5],52,-1,72,-1,52
1,<environment.Job instance at 0x7f354a4033c0>,53,22,[2 8],54,-1,76,-1,54
1,<environment.Job instance at 0x7f354a224190>,57,18,[3 6],58,-1,76,-1,58
1,<environment.Job instance at 0x7f3549b58dc0>,62,20,[ 1 10],63,-1,91,-1,71
1,<environment.Job instance at 0x7f3549e7adc0>,21,18,[3 7],22,-1,89,-1,71
1,<environment.Job instance at 0x7f3549f5ed20>,39,16,[13  2],40,-1,87,-1,71
1,<environment.Job instance at 0x7f3549675a50>,70,12,[9 1],71,-1,91,-1,79
1,<environment.Job instance at 0x7f3549b7fa50>,74,18,[2 6],75,-1,99,-1,81
1,<environment.Job instance at 0x7f3549b7feb0>,76,17,[3 9],77,-1,98,-1,81
1,<environment.Job instance at 0x7f3553460410>,78,17,[2 8],79,-1,98,-1,81
1,<environment.Job instance at 0x7f3549757f00>,11,13,[ 4 11],12,-1,31,-1,18
1,<environment.Job instance at 0x7f354966b190>,19,15,[14  4],20,-1,56,-1,41
1,<environment.Job instance at 0x7f354a57a5f0>,27,24,[9 5],28,-1,85,-1,61
1,<environment.Job instance at 0x7f354acb44b0>,36,1,[12  5],37,-1,107,-1,106
1,<environment.Job instance at 0x7f354a369b40>,39,16,[13  2],40,-1,125,-1,109
1,<environment.Job instance at 0x7f3549675780>,0,13,[10  5],1,-1,16,-1,3
1,<environment.Job instance at 0x7f35497b1b40>,2,26,[8 2],3,-1,29,-1,3
1,<environment.Job instance at 0x7f354a8e5c80>,5,18,[10  1],6,-1,25,-1,7
1,<environment.Job instance at 0x7f3549511c80>,7,13,[8 1],8,-1,21,-1,8
1,<environment.Job instance at 0x7f354a870910>,8,2,[7 1],9,-1,11,-1,9
1,<environment.Job instance at 0x7f354a8ef4b0>,9,1,[4 9],10,-1,11,-1,10
1,<environment.Job instance at 0x7f354a8ef5f0>,10,21,[5 7],11,-1,32,-1,11
1,<environment.Job instance at 0x7f354a254aa0>,11,3,[8 3],12,-1,15,-1,12
1,<environment.Job instance at 0x7f354a2549b0>,12,17,[5 3],13,-1,30,-1,13
1,<environment.Job instance at 0x7f3549db3c80>,13,1,[1 8],14,-1,15,-1,14
1,<environment.Job instance at 0x7f35497b15a0>,6,27,[5 8],7,-1,42,-1,15
1,<environment.Job instance at 0x7f3549d7b820>,18,16,[2 8],19,-1,36,-1,20
1,<environment.Job instance at 0x7f3549d9a550>,23,26,[7 3],24,-1,50,-1,24
1,<environment.Job instance at 0x7f354a79db40>,24,18,[5 8],25,-1,43,-1,25
1,<environment.Job instance at 0x7f354aca2500>,25,15,[3 7],26,-1,41,-1,26
1,<environment.Job instance at 0x7f354aec5a00>,26,17,[5 7],27,-1,44,-1,27
1,<environment.Job instance at 0x7f354a58db40>,27,14,[ 4 10],28,-1,42,-1,28
1,<environment.Job instance at 0x7f354a57bb40>,29,16,[3 7],30,-1,46,-1,30
1,<environment.Job instance at 0x7f354a220a00>,32,13,[4 9],33,-1,46,-1,33
1,<environment.Job instance at 0x7f3549c9e640>,35,12,[5 5],36,-1,48,-1,36
1,<environment.Job instance at 0x7f3549c9ecd0>,36,12,[8 5],37,-1,49,-1,37
1,<environment.Job instance at 0x7f3549ebae10>,37,24,[9 3],38,-1,62,-1,38
1,<environment.Job instance at 0x7f354aea7690>,39,15,[10  1],40,-1,55,-1,40
1,<environment.Job instance at 0x7f354ac852d0>,40,18,[8 5],41,-1,59,-1,41
1,<environment.Job instance at 0x7f354ac85230>,42,14,[8 4],43,-1,57,-1,43
1,<environment.Job instance at 0x7f354ac85320>,43,15,[3 5],44,-1,59,-1,44
1,<environment.Job instance at 0x7f354ac85050>,46,25,[10  1],47,-1,72,-1,47
1,<environment.Job instance at 0x7f354ac850a0>,48,15,[7 3],49,-1,64,-1,49
1,<environment.Job instance at 0x7f3549bd9d70>,53,27,[4 5],54,-1,81,-1,54
1,<environment.Job instance at 0x7f3553691730>,54,17,[9 3],55,-1,73,-1,56
1,<environment.Job instance at 0x7f3549be8050>,56,17,[2 5],57,-1,74,-1,57
1,<environment.Job instance at 0x7f35495f11e0>,59,14,[7 4],60,-1,74,-1,60
1,<environment.Job instance at 0x7f35495f14b0>,60,13,[5 7],61,-1,74,-1,61
1,<environment.Job instance at 0x7f35495f15a0>,61,17,[ 5 10],62,-1,79,-1,62
1,<environment.Job instance at 0x7f354aeb1960>,62,17,[6 5],63,-1,80,-1,63
1,<environment.Job instance at 0x7f354aeb19b0>,63,14,[1 7],64,-1,78,-1,64
1,<environment.Job instance at 0x7f354a8018c0>,64,16,[ 2 11],65,-1,81,-1,65
1,<environment.Job instance at 0x7f354a801230>,65,12,[10  5],66,-1,78,-1,66
1,<environment.Job instance at 0x7f3549bbe960>,66,19,[5 9],67,-1,86,-1,67
1,<environment.Job instance at 0x7f3549bbe460>,67,17,[4 5],68,-1,85,-1,68
1,<environment.Job instance at 0x7f354a31eaa0>,70,16,[4 9],71,-1,87,-1,71
1,<environment.Job instance at 0x7f354a900be0>,74,13,[9 2],75,-1,88,-1,75
1,<environment.Job instance at 0x7f354965c0f0>,76,15,[2 9],77,-1,92,-1,77
1,<environment.Job instance at 0x7f354965cdc0>,77,17,[3 8],78,-1,95,-1,78
1,<environment.Job instance at 0x7f354965c190>,78,18,[5 5],79,-1,97,-1,79
1,<environment.Job instance at 0x7f354965ca50>,81,14,[5 7],82,-1,96,-1,82
1,<environment.Job instance at 0x7f354965cc80>,82,18,[5 7],83,-1,101,-1,83
1,<environment.Job instance at 0x7f354965c410>,83,20,[2 6],84,-1,104,-1,84
1,<environment.Job instance at 0x7f354965c4b0>,84,13,[5 9],85,-1,98,-1,85
1,<environment.Job instance at 0x7f354965c5a0>,86,15,[8 4],87,-1,102,-1,87
1,<environment.Job instance at 0x7f354965c820>,88,18,[5 3],89,-1,107,-1,89
1,<environment.Job instance at 0x7f354965cf50>,89,18,[8 4],90,-1,108,-1,90
1,<environment.Job instance at 0x7f354965c1e0>,90,15,[1 8],91,-1,106,-1,91
1,<environment.Job instance at 0x7f354adc1870>,91,28,[7 5],92,-1,120,-1,92
1,<environment.Job instance at 0x7f354adc1a50>,93,15,[10  2],94,-1,109,-1,94
1,<environment.Job instance at 0x7f354adc1b90>,95,17,[2 9],96,-1,113,-1,96
1,<environment.Job instance at 0x7f354adc1780>,97,14,[3 8],98,-1,112,-1,98
1,<environment.Job instance at 0x7f354adc1050>,99,18,[4 6],100,-1,118,-1,100
1,<environment.Job instance at 0x7f354adc18c0>,102,17,[9 3],103,-1,120,-1,103
1,<environment.Job instance at 0x7f354adc10a0>,104,14,[2 9],105,-1,119,-1,105
1,<environment.Job instance at 0x7f354a601820>,106,18,[9 5],107,-1,125,-1,107
1,<environment.Job instance at 0x7f354a601320>,107,15,[10  2],108,-1,123,-1,108
1,<environment.Job instance at 0x7f354a6015f0>,109,16,[ 2 10],110,-1,126,-1,110
1,<environment.Job instance at 0x7f354a601960>,111,14,[10  4],112,-1,126,-1,112
1,<environment.Job instance at 0x7f354a80c0f0>,113,15,[ 4 10],114,-1,129,-1,114
1,<environment.Job instance at 0x7f354a907820>,120,13,[9 1],121,-1,134,-1,121
1,<environment.Job instance at 0x7f3553512e60>,123,17,[ 4 10],124,-1,141,-1,124
1,<environment.Job instance at 0x7f3553512320>,126,16,[ 1 10],127,-1,143,-1,127
1,<environment.Job instance at 0x7f3553512fa0>,127,18,[ 3 11],128,-1,146,-1,128
1,<environment.Job instance at 0x7f3553512aa0>,130,18,[7 5],131,-1,149,-1,131
1,<environment.Job instance at 0x7f3553512f00>,131,16,[5 5],132,-1,148,-1,132
1,<environment.Job instance at 0x7f3549b36a50>,134,12,[ 5 10],135,-1,147,-1,135
1,<environment.Job instance at 0x7f3549b36be0>,135,19,[5 1],136,-1,155,-1,136
1,<environment.Job instance at 0x7f3549b365a0>,136,24,[5 3],137,-1,161,-1,137
1,<environment.Job instance at 0x7f3549b364b0>,137,13,[2 9],138,-1,151,-1,138
1,<environment.Job instance at 0x7f3549b36b40>,138,13,[7 3],139,-1,152,-1,139
1,<environment.Job instance at 0x7f3549b363c0>,140,16,[1 7],141,-1,157,-1,141
1,<environment.Job instance at 0x7f3549b366e0>,141,18,[6 5],142,-1,160,-1,142
1,<environment.Job instance at 0x7f3553a7e280>,6,27,[5 8],7,-1,36,-1,9
1,<environment.Job instance at 0x7f3549d6e500>,2,26,[8 2],3,-1,40,-1,14
1,<environment.Job instance at 0x7f3549a7ec80>,20,3,[ 3 12],21,-1,24,-1,21
1,<environment.Job instance at 0x7f3549a74f00>,23,26,[7 3],24,-1,60,-1,34
1,<environment.Job instance at 0x7f354a96a140>,37,24,[9 3],38,-1,118,-1,94
1,<environment.Job instance at 0x7f354a957550>,44,1,[12  4],45,-1,117,-1,116
1,<environment.Job instance at 0x7f3549757f00>,46,25,[10  1],47,-1,155,-1,130
1,<environment.Job instance at 0x7f35495a0be0>,50,24,[ 4 13],51,-1,157,-1,133
1,<environment.Job instance at 0x7f354a3eaf50>,51,14,[12  1],52,-1,147,-1,133
1,<environment.Job instance at 0x7f3549511b40>,53,27,[4 5],54,-1,175,-1,148
1,<environment.Job instance at 0x7f354a97f690>,1,18,[ 5 10],2,-1,20,-1,2
1,<environment.Job instance at 0x7f354a97fdc0>,3,18,[2 7],4,-1,23,-1,5
1,<environment.Job instance at 0x7f354a980e60>,9,14,[8 2],10,-1,24,-1,10
1,<environment.Job instance at 0x7f354a95e0f0>,13,17,[ 1 10],14,-1,32,-1,15
1,<environment.Job instance at 0x7f354a95e8c0>,18,12,[9 5],19,-1,31,-1,19
1,<environment.Job instance at 0x7f354a95e820>,20,15,[ 4 10],21,-1,36,-1,21
1,<environment.Job instance at 0x7f354a96f460>,22,15,[7 5],23,-1,38,-1,23
1,<environment.Job instance at 0x7f354a96f5a0>,25,16,[9 5],26,-1,42,-1,26
1,<environment.Job instance at 0x7f3549e4a460>,26,18,[6 5],27,-1,45,-1,27
1,<environment.Job instance at 0x7f354a95e140>,14,19,[3 6],15,-1,72,-1,53
1,<environment.Job instance at 0x7f354a9802d0>,45,1,[4 9],46,-1,55,-1,54
1,<environment.Job instance at 0x7f354a5a0460>,35,21,[ 2 10],36,-1,75,-1,54
1,<environment.Job instance at 0x7f354a97f460>,50,24,[2 5],51,-1,78,-1,54
1,<environment.Job instance at 0x7f354a5f75a0>,52,16,[4 9],53,-1,73,-1,57
1,<environment.Job instance at 0x7f354a95e960>,16,26,[ 1 12],17,-1,83,-1,57
1,<environment.Job instance at 0x7f354a5f76e0>,55,20,[5 4],56,-1,77,-1,57
1,<environment.Job instance at 0x7f354a95e550>,56,24,[ 1 10],57,-1,81,-1,57
1,<environment.Job instance at 0x7f354a5f7a00>,51,3,[6 4],52,-1,64,-1,61
1,<environment.Job instance at 0x7f3549a94320>,37,16,[2 5],38,-1,82,-1,66
1,<environment.Job instance at 0x7f3549aac820>,61,17,[5 8],62,-1,85,-1,68
1,<environment.Job instance at 0x7f3549aac690>,64,16,[ 5 10],65,-1,88,-1,72
1,<environment.Job instance at 0x7f3549aac640>,65,2,[8 5],66,-1,74,-1,72
1,<environment.Job instance at 0x7f3549aac780>,63,25,[4 6],64,-1,97,-1,72
1,<environment.Job instance at 0x7f3549aacdc0>,67,22,[10  3],68,-1,94,-1,72
1,<environment.Job instance at 0x7f354a5ddc80>,68,21,[1 6],69,-1,93,-1,72
1,<environment.Job instance at 0x7f354a5d2a00>,60,15,[3 9],61,-1,87,-1,72
1,<environment.Job instance at 0x7f354a5ddf00>,70,17,[2 8],71,-1,89,-1,72
1,<environment.Job instance at 0x7f354a5dd3c0>,66,13,[9 4],67,-1,85,-1,72
1,<environment.Job instance at 0x7f354a5dd780>,73,18,[ 5 12],74,-1,92,-1,74
1,<environment.Job instance at 0x7f354a5ddfa0>,71,14,[ 5 10],72,-1,89,-1,75
1,<environment.Job instance at 0x7f354a5f0190>,74,16,[2 9],75,-1,92,-1,76
1,<environment.Job instance at 0x7f354a5f05f0>,76,13,[4 7],77,-1,90,-1,77
1,<environment.Job instance at 0x7f354a5f0690>,75,16,[7 5],76,-1,96,-1,80
1,<environment.Job instance at 0x7f354a5f0fa0>,79,16,[14  3],80,-1,99,-1,83
1,<environment.Job instance at 0x7f354a5f0be0>,81,16,[10  5],82,-1,102,-1,86
1,<environment.Job instance at 0x7f354a5dd140>,69,2,[5 8],70,-1,91,-1,89
1,<environment.Job instance at 0x7f354a5f19b0>,87,2,[5 1],88,-1,92,-1,90
1,<environment.Job instance at 0x7f354a596fa0>,36,15,[8 4],37,-1,106,-1,91
1,<environment.Job instance at 0x7f354a5f1370>,86,17,[7 1],87,-1,108,-1,91
1,<environment.Job instance at 0x7f3549e36d20>,91,17,[9 1],92,-1,109,-1,92
1,<environment.Job instance at 0x7f3549e36140>,92,15,[1 7],93,-1,108,-1,93
1,<environment.Job instance at 0x7f3549e36c30>,93,13,[10  5],94,-1,109,-1,96
1,<environment.Job instance at 0x7f354a5e0280>,96,18,[5 9],97,-1,115,-1,97
1,<environment.Job instance at 0x7f354a5e0b40>,97,19,[ 4 10],98,-1,117,-1,98
1,<environment.Job instance at 0x7f3549b92960>,102,16,[8 2],103,-1,119,-1,103
1,<environment.Job instance at 0x7f3549f565f0>,105,12,[4 8],106,-1,118,-1,106
1,<environment.Job instance at 0x7f354a5e6500>,106,23,[ 4 10],107,-1,130,-1,107
1,<environment.Job instance at 0x7f354a5e6910>,107,13,[4 9],108,-1,121,-1,108
1,<environment.Job instance at 0x7f3549f68b40>,113,15,[ 5 10],114,-1,129,-1,114
1,<environment.Job instance at 0x7f3549f39960>,114,18,[8 1],115,-1,133,-1,115
1,<environment.Job instance at 0x7f3549e45870>,117,12,[10  3],118,-1,130,-1,118
1,<environment.Job instance at 0x7f3549b82a50>,119,14,[ 5 10],120,-1,134,-1,120
1,<environment.Job instance at 0x7f3549b825f0>,120,18,[5 7],121,-1,139,-1,121
1,<environment.Job instance at 0x7f3549b82cd0>,121,13,[ 3 10],122,-1,135,-1,122
1,<environment.Job instance at 0x7f3549b82870>,122,18,[6 5],123,-1,141,-1,123
1,<environment.Job instance at 0x7f3549b82d70>,124,16,[9 5],125,-1,148,-1,132
1,<environment.Job instance at 0x7f354a4c7eb0>,134,16,[12  5],135,-1,151,-1,135
1,<environment.Job instance at 0x7f3549bacd70>,136,17,[10  5],137,-1,154,-1,137
1,<environment.Job instance at 0x7f3549b82640>,123,24,[ 5 11],124,-1,162,-1,138
1,<environment.Job instance at 0x7f354a4145a0>,139,21,[7 5],140,-1,162,-1,141
1,<environment.Job instance at 0x7f354a409a50>,131,16,[7 1],132,-1,158,-1,142
1,<environment.Job instance at 0x7f354a4143c0>,140,12,[4 7],141,-1,154,-1,142
1,<environment.Job instance at 0x7f35498a05f0>,95,17,[6 3],96,-1,159,-1,142
1,<environment.Job instance at 0x7f354a411370>,144,18,[1 8],145,-1,164,-1,146
1,<environment.Job instance at 0x7f354a411820>,145,21,[6 2],146,-1,169,-1,148
1,<environment.Job instance at 0x7f354a409e10>,7,2,[ 5 12],8,-1,10,-1,8
1,<environment.Job instance at 0x7f354a1157d0>,12,25,[2 8],13,-1,48,-1,23
1,<environment.Job instance at 0x7f354a1155f0>,16,26,[ 1 12],17,-1,49,-1,23
1,<environment.Job instance at 0x7f354a105eb0>,23,2,[11  4],24,-1,53,-1,51
1,<environment.Job instance at 0x7f354a130eb0>,27,2,[11  1],28,-1,58,-1,56
1,<environment.Job instance at 0x7f354a112870>,39,2,[ 3 11],40,-1,97,-1,95
1,<environment.Job instance at 0x7f354a7d2d20>,50,24,[2 5],51,-1,145,-1,121
1,<environment.Job instance at 0x7f354a7dcc80>,57,3,[13  1],58,-1,141,-1,138
1,<environment.Job instance at 0x7f354a7dcc30>,56,24,[ 1 10],57,-1,163,-1,139
1,<environment.Job instance at 0x7f3549e36190>,2,17,[5 5],3,-1,20,-1,3
1,<environment.Job instance at 0x7f3549e360a0>,6,17,[7 1],7,-1,24,-1,7
1,<environment.Job instance at 0x7f3549ddb050>,7,16,[6 1],8,-1,24,-1,8
1,<environment.Job instance at 0x7f3549ddbc80>,9,16,[9 2],10,-1,26,-1,10
1,<environment.Job instance at 0x7f3549ddb910>,13,17,[2 7],14,-1,31,-1,14
1,<environment.Job instance at 0x7f3549ddbcd0>,16,17,[ 2 10],17,-1,34,-1,17
1,<environment.Job instance at 0x7f3549ddbb90>,17,16,[3 9],18,-1,34,-1,18
1,<environment.Job instance at 0x7f3549ddbe10>,19,16,[6 3],20,-1,36,-1,20
1,<environment.Job instance at 0x7f3549ddbbe0>,21,13,[6 4],22,-1,35,-1,22
1,<environment.Job instance at 0x7f3549ddbd20>,22,1,[2 7],23,-1,24,-1,23
1,<environment.Job instance at 0x7f3549dea230>,23,18,[5 3],24,-1,42,-1,24
1,<environment.Job instance at 0x7f3549dea460>,24,14,[7 5],25,-1,39,-1,25
1,<environment.Job instance at 0x7f3549deafa0>,25,14,[5 5],26,-1,40,-1,26
1,<environment.Job instance at 0x7f3549dea730>,26,22,[8 4],27,-1,49,-1,27
1,<environment.Job instance at 0x7f3549dea140>,27,20,[5 5],28,-1,48,-1,28
1,<environment.Job instance at 0x7f3549dea1e0>,28,20,[6 2],29,-1,49,-1,29
1,<environment.Job instance at 0x7f3549deae60>,29,14,[ 2 10],30,-1,44,-1,30
1,<environment.Job instance at 0x7f3549dea9b0>,37,14,[5 4],38,-1,52,-1,38
1,<environment.Job instance at 0x7f3549aa15a0>,41,12,[8 3],42,-1,54,-1,42
1,<environment.Job instance at 0x7f3549aa1f00>,42,12,[10  2],43,-1,55,-1,43
1,<environment.Job instance at 0x7f3549aa15f0>,43,13,[3 6],44,-1,57,-1,44
1,<environment.Job instance at 0x7f3549aa1140>,47,23,[2 9],48,-1,71,-1,48
1,<environment.Job instance at 0x7f3549aa11e0>,45,1,[2 7],46,-1,49,-1,48
1,<environment.Job instance at 0x7f3549aac870>,49,16,[7 1],50,-1,66,-1,50
1,<environment.Job instance at 0x7f3549aaca50>,50,15,[4 6],51,-1,66,-1,51
1,<environment.Job instance at 0x7f3549aacf50>,53,16,[8 1],54,-1,70,-1,54
1,<environment.Job instance at 0x7f3549aacfa0>,54,17,[5 5],55,-1,72,-1,55
1,<environment.Job instance at 0x7f3549aac730>,56,15,[10  3],57,-1,73,-1,58
1,<environment.Job instance at 0x7f3549a94f00>,59,18,[4 9],60,-1,78,-1,60
1,<environment.Job instance at 0x7f3549a94140>,63,16,[6 1],64,-1,80,-1,64
1,<environment.Job instance at 0x7f3549a942d0>,64,13,[5 5],65,-1,78,-1,65
1,<environment.Job instance at 0x7f3549a94c30>,66,1,[6 3],67,-1,68,-1,67
1,<environment.Job instance at 0x7f354a5a8730>,69,12,[10  1],70,-1,82,-1,70
1,<environment.Job instance at 0x7f354a5a83c0>,70,13,[10  5],71,-1,84,-1,71
1,<environment.Job instance at 0x7f354a5a81e0>,71,23,[10  2],72,-1,95,-1,72
1,<environment.Job instance at 0x7f354a5a8690>,73,17,[6 2],74,-1,91,-1,74
1,<environment.Job instance at 0x7f354a5a8d20>,74,18,[2 9],75,-1,93,-1,75
1,<environment.Job instance at 0x7f354a5a8aa0>,75,17,[5 9],76,-1,93,-1,76
1,<environment.Job instance at 0x7f354a5a8fa0>,76,15,[3 6],77,-1,92,-1,77
1,<environment.Job instance at 0x7f354a5a8f00>,78,18,[1 6],79,-1,97,-1,79
1,<environment.Job instance at 0x7f354a5a8640>,79,15,[1 8],80,-1,95,-1,80
1,<environment.Job instance at 0x7f354a5a82d0>,81,15,[4 5],82,-1,97,-1,82
1,<environment.Job instance at 0x7f354a5a87d0>,82,15,[9 3],83,-1,98,-1,83
1,<environment.Job instance at 0x7f3549aa4050>,83,14,[1 6],84,-1,98,-1,84
1,<environment.Job instance at 0x7f3549aa48c0>,84,17,[7 2],85,-1,102,-1,85
1,<environment.Job instance at 0x7f3549aa4a00>,86,15,[9 5],87,-1,102,-1,87
1,<environment.Job instance at 0x7f3549aa4be0>,87,17,[10  1],88,-1,105,-1,88
1,<environment.Job instance at 0x7f3549aa4b40>,88,16,[ 5 10],89,-1,105,-1,89
1,<environment.Job instance at 0x7f3549aa4910>,89,17,[3 7],90,-1,107,-1,90
1,<environment.Job instance at 0x7f3549aacb90>,57,15,[5 3],58,-1,109,-1,94
1,<environment.Job instance at 0x7f3549aa4230>,94,18,[8 4],95,-1,119,-1,101
1,<environment.Job instance at 0x7f3549a7f1e0>,100,17,[ 5 11],101,-1,118,-1,101
1,<environment.Job instance at 0x7f354a7b2f50>,110,14,[8 4],111,-1,126,-1,112
1,<environment.Job instance at 0x7f354aa37640>,111,21,[9 2],112,-1,137,-1,116
1,<environment.Job instance at 0x7f354956a320>,117,22,[8 1],118,-1,140,-1,118
1,<environment.Job instance at 0x7f354a5b3e10>,105,13,[10  4],106,-1,147,-1,134
1,<environment.Job instance at 0x7f354a9300f0>,125,17,[10  3],126,-1,153,-1,136
1,<environment.Job instance at 0x7f3549e6de10>,126,16,[ 3 10],127,-1,152,-1,136
1,<environment.Job instance at 0x7f3549e6b960>,130,13,[10  2],131,-1,150,-1,137
1,<environment.Job instance at 0x7f3549e6b3c0>,131,25,[12  4],132,-1,162,-1,137
1,<environment.Job instance at 0x7f354aaa91e0>,122,17,[1 6],123,-1,154,-1,137
1,<environment.Job instance at 0x7f354a5dc910>,133,21,[1 5],134,-1,158,-1,137
1,<environment.Job instance at 0x7f354a123910>,132,18,[10  1],133,-1,155,-1,137
1,<environment.Job instance at 0x7f354a5dc870>,136,17,[6 4],137,-1,157,-1,140
1,<environment.Job instance at 0x7f354a5e0b90>,140,17,[3 6],141,-1,165,-1,148
1,<environment.Job instance at 0x7f354a5e0d70>,142,16,[8 3],143,-1,164,-1,148
1,<environment.Job instance at 0x7f354a930e10>,121,16,[5 5],122,-1,164,-1,148
1,<environment.Job instance at 0x7f3549e45fa0>,144,16,[8 1],145,-1,164,-1,148
1,<environment.Job instance at 0x7f354a404410>,119,14,[ 4 10],120,-1,162,-1,148
1,<environment.Job instance at 0x7f3549e45be0>,146,17,[5 4],147,-1,165,-1,148
1,<environment.Job instance at 0x7f354a8b6cd0>,30,17,[11  3],31,-1,97,-1,80
1,<environment.Job instance at 0x7f354a404af0>,35,1,[ 5 14],36,-1,107,-1,106
1,<environment.Job instance at 0x7f3549826f50>,47,23,[2 9],48,-1,163,-1,140
1,<environment.Job instance at 0x7f354a543280>,48,2,[ 1 11],49,-1,142,-1,140
1,<environment.Job instance at 0x7f354a5f7960>,8,16,[ 4 12],9,-1,25,-1,9
1,<environment.Job instance at 0x7f354a5f7fa0>,9,18,[7 1],10,-1,28,-1,10
1,<environment.Job instance at 0x7f3549e6b140>,11,18,[7 5],12,-1,30,-1,12
1,<environment.Job instance at 0x7f3549e6b5f0>,14,13,[ 2 10],15,-1,28,-1,15
1,<environment.Job instance at 0x7f3549e6bfa0>,16,17,[6 5],17,-1,34,-1,17
1,<environment.Job instance at 0x7f3549e6bb90>,17,18,[9 5],18,-1,36,-1,18
1,<environment.Job instance at 0x7f3549e6b9b0>,18,13,[10  3],19,-1,35,-1,22
1,<environment.Job instance at 0x7f3549e6b8c0>,23,13,[3 9],24,-1,37,-1,24
1,<environment.Job instance at 0x7f3549e6b640>,24,17,[9 4],25,-1,42,-1,25
1,<environment.Job instance at 0x7f3549e6b550>,26,23,[ 4 10],27,-1,50,-1,27
1,<environment.Job instance at 0x7f354a5be370>,27,15,[10  1],28,-1,43,-1,28
1,<environment.Job instance at 0x7f354a5be190>,29,16,[3 8],30,-1,46,-1,30
1,<environment.Job instance at 0x7f3549a94050>,36,16,[7 3],37,-1,53,-1,37
1,<environment.Job instance at 0x7f3549a945a0>,39,17,[10  5],40,-1,57,-1,40
1,<environment.Job instance at 0x7f3549aa4050>,44,25,[1 6],45,-1,70,-1,45
1,<environment.Job instance at 0x7f3549aa4e60>,46,18,[7 1],47,-1,65,-1,47
1,<environment.Job instance at 0x7f35498a9690>,51,18,[9 3],52,-1,70,-1,52
1,<environment.Job instance at 0x7f35498a94b0>,55,16,[3 7],56,-1,72,-1,56
1,<environment.Job instance at 0x7f35498a9140>,56,13,[ 1 10],57,-1,70,-1,57
1,<environment.Job instance at 0x7f354ad7e8c0>,8,16,[ 4 12],9,-1,25,-1,9
1,<environment.Job instance at 0x7f355349abe0>,12,3,[12  2],13,-1,16,-1,13
1,<environment.Job instance at 0x7f355349a550>,13,18,[13  1],14,-1,32,-1,14
1,<environment.Job instance at 0x7f3549803730>,26,23,[ 4 10],27,-1,90,-1,67
1,<environment.Job instance at 0x7f354a24c5a0>,31,28,[9 4],32,-1,102,-1,74
1,<environment.Job instance at 0x7f35498032d0>,32,25,[12  5],33,-1,99,-1,74
1,<environment.Job instance at 0x7f354ad5daf0>,44,25,[1 6],45,-1,149,-1,124
1,<environment.Job instance at 0x7f4516c32b90>,2,14,[ 2 10],3,-1,17,-1,3
1,<environment.Job instance at 0x7f4516c32f00>,6,15,[2 8],7,-1,22,-1,7
1,<environment.Job instance at 0x7f4516c32fa0>,7,14,[7 5],8,-1,22,-1,8
1,<environment.Job instance at 0x7f4516c32aa0>,8,17,[1 8],9,-1,26,-1,9
1,<environment.Job instance at 0x7f4516c36140>,10,22,[8 1],11,-1,33,-1,11
1,<environment.Job instance at 0x7f4516c361e0>,12,23,[6 4],13,-1,36,-1,13
1,<environment.Job instance at 0x7f4516c364b0>,13,18,[5 9],14,-1,32,-1,14
1,<environment.Job instance at 0x7f4516c363c0>,14,21,[8 1],15,-1,36,-1,15
1,<environment.Job instance at 0x7f4516c365a0>,16,18,[7 3],17,-1,35,-1,17
1,<environment.Job instance at 0x7f4516c36690>,18,26,[7 4],19,-1,45,-1,19
1,<environment.Job instance at 0x7f4516c368c0>,19,25,[5 9],20,-1,45,-1,20
1,<environment.Job instance at 0x7f4516c36960>,21,18,[9 4],22,-1,40,-1,22
1,<environment.Job instance at 0x7f4516c36aa0>,22,12,[3 8],23,-1,35,-1,23
1,<environment.Job instance at 0x7f4516c369b0>,23,16,[6 2],24,-1,40,-1,24
1,<environment.Job instance at 0x7f4516c36e60>,26,12,[8 5],27,-1,39,-1,27
1,<environment.Job instance at 0x7f4516c36fa0>,27,17,[4 6],28,-1,45,-1,28
1,<environment.Job instance at 0x7f4516c3a140>,45,15,[7 5],46,-1,61,-1,46
1,<environment.Job instance at 0x7f4516c3a0f0>,47,13,[ 3 10],48,-1,62,-1,49
1,<environment.Job instance at 0x7f4516c3a3c0>,49,17,[10  2],50,-1,67,-1,50
1,<environment.Job instance at 0x7f4516c38230>,33,26,[3 6],34,-1,84,-1,58
1,<environment.Job instance at 0x7f4516c3a320>,48,12,[9 2],49,-1,71,-1,59
1,<environment.Job instance at 0x7f4516c3aaa0>,54,18,[7 1],55,-1,77,-1,59
1,<environment.Job instance at 0x7f4516c389b0>,40,26,[ 1 10],41,-1,85,-1,59
1,<environment.Job instance at 0x7f4516c3a7d0>,58,17,[3 7],59,-1,76,-1,59
1,<environment.Job instance at 0x7f4516c3af00>,59,19,[1 7],60,-1,82,-1,63
1,<environment.Job instance at 0x7f4516c38280>,32,21,[5 9],33,-1,91,-1,70
1,<environment.Job instance at 0x7f4516c3f690>,67,16,[1 9],68,-1,86,-1,70
1,<environment.Job instance at 0x7f4516c3fa00>,69,14,[9 4],70,-1,89,-1,75
1,<environment.Job instance at 0x7f4516c3fbe0>,72,18,[3 5],73,-1,93,-1,75
1,<environment.Job instance at 0x7f4516c3f870>,68,14,[6 4],69,-1,89,-1,75
1,<environment.Job instance at 0x7f4516c3fb40>,71,2,[5 1],72,-1,77,-1,75
1,<environment.Job instance at 0x7f4516c3fd20>,74,2,[1 7],75,-1,77,-1,75
1,<environment.Job instance at 0x7f4516c3ad20>,57,16,[ 2 11],58,-1,93,-1,77
1,<environment.Job instance at 0x7f4516c3feb0>,75,3,[10  4],76,-1,80,-1,77
1,<environment.Job instance at 0x7f4516c3fe10>,77,16,[8 1],78,-1,94,-1,78
1,<environment.Job instance at 0x7f4516c40140>,78,14,[6 1],79,-1,93,-1,79
1,<environment.Job instance at 0x7f4516c401e0>,79,19,[10  3],80,-1,99,-1,80
1,<environment.Job instance at 0x7f4516c40320>,81,14,[8 5],82,-1,96,-1,82
1,<environment.Job instance at 0x7f4516c40410>,82,21,[4 8],83,-1,104,-1,83
1,<environment.Job instance at 0x7f4516c40370>,83,18,[ 3 10],84,-1,102,-1,84
1,<environment.Job instance at 0x7f4516c40640>,85,15,[1 7],86,-1,103,-1,88
1,<environment.Job instance at 0x7f4516c40aa0>,88,16,[4 9],89,-1,105,-1,89
1,<environment.Job instance at 0x7f4516c40b90>,91,18,[5 4],92,-1,112,-1,94
1,<environment.Job instance at 0x7f4516c40c80>,93,25,[ 1 10],94,-1,120,-1,95
1,<environment.Job instance at 0x7f45202b2780>,96,18,[2 6],97,-1,120,-1,102
1,<environment.Job instance at 0x7f4516c2ab90>,102,13,[9 4],103,-1,118,-1,105
1,<environment.Job instance at 0x7f4516c2a960>,105,16,[7 5],106,-1,122,-1,106
1,<environment.Job instance at 0x7f4516c40910>,87,18,[7 1],88,-1,129,-1,111
1,<environment.Job instance at 0x7f4516c2aa50>,107,18,[5 5],108,-1,129,-1,111
1,<environment.Job instance at 0x7f4516d69410>,109,27,[3 9],110,-1,139,-1,112
1,<environment.Job instance at 0x7f4516cb8b40>,113,17,[5 1],114,-1,131,-1,114
1,<environment.Job instance at 0x7f4516dd3a50>,111,17,[6 4],112,-1,134,-1,117
1,<environment.Job instance at 0x7f4516d57b40>,119,28,[7 5],120,-1,148,-1,120
1,<environment.Job instance at 0x7f4516c40a50>,89,17,[ 5 14],90,-1,141,-1,124
1,<environment.Job instance at 0x7f4516d52640>,120,19,[ 5 12],121,-1,143,-1,124
1,<environment.Job instance at 0x7f4516d574b0>,118,16,[5 2],119,-1,150,-1,134
1,<environment.Job instance at 0x7f4516cf47d0>,130,17,[9 5],131,-1,151,-1,134
1,<environment.Job instance at 0x7f4516cf4910>,131,13,[3 8],132,-1,147,-1,134
1,<environment.Job instance at 0x7f4516cf4eb0>,132,18,[10  4],133,-1,152,-1,134
1,<environment.Job instance at 0x7f4516cf4a00>,133,2,[ 5 10],134,-1,136,-1,134
1,<environment.Job instance at 0x7f4516cf40f0>,129,13,[5 5],130,-1,147,-1,134
1,<environment.Job instance at 0x7f4516cf4cd0>,134,12,[5 4],135,-1,148,-1,136
1,<environment.Job instance at 0x7f4516db91e0>,135,15,[8 3],136,-1,151,-1,136
1,<environment.Job instance at 0x7f4516cf3320>,12,23,[6 4],13,-1,53,-1,30
1,<environment.Job instance at 0x7f4516c3fdc0>,18,26,[7 4],19,-1,70,-1,44
1,<environment.Job instance at 0x7f4516c3f0f0>,19,25,[5 9],20,-1,83,-1,58
1,<environment.Job instance at 0x7f4516d56550>,28,17,[ 1 13],29,-1,87,-1,70
1,<environment.Job instance at 0x7f4516ce85f0>,30,26,[9 4],31,-1,110,-1,84
1,<environment.Job instance at 0x7f4516ce8e10>,31,1,[ 2 14],32,-1,85,-1,84
1,<environment.Job instance at 0x7f4516c2a5f0>,33,26,[3 6],34,-1,110,-1,84
1,<environment.Job instance at 0x7f4516c617d0>,40,26,[ 1 10],41,-1,139,-1,113
1,<environment.Job instance at 0x7f451671a9b0>,2,20,[10  5],3,-1,25,-1,5
1,<environment.Job instance at 0x7f451671abe0>,4,14,[10  5],5,-1,19,-1,5
1,<environment.Job instance at 0x7f45166a2780>,9,14,[ 5 10],10,-1,25,-1,11
1,<environment.Job instance at 0x7f45166a2eb0>,13,24,[3 7],14,-1,38,-1,14
1,<environment.Job instance at 0x7f45166a2410>,14,19,[3 8],15,-1,34,-1,15
1,<environment.Job instance at 0x7f45166a7230>,17,16,[8 4],18,-1,34,-1,18
1,<environment.Job instance at 0x7f45166a7320>,20,17,[3 5],21,-1,38,-1,21
1,<environment.Job instance at 0x7f45166a7640>,21,18,[6 2],22,-1,40,-1,22
1,<environment.Job instance at 0x7f45166a7910>,24,19,[6 2],25,-1,44,-1,25
1,<environment.Job instance at 0x7f45166a78c0>,26,17,[9 1],27,-1,44,-1,27
1,<environment.Job instance at 0x7f45167bc460>,27,13,[9 5],28,-1,41,-1,28
1,<environment.Job instance at 0x7f451681c320>,30,17,[9 5],31,-1,49,-1,32
1,<environment.Job instance at 0x7f45166f1640>,38,21,[2 7],39,-1,74,-1,53
1,<environment.Job instance at 0x7f45166a2870>,10,17,[4 7],11,-1,73,-1,56
1,<environment.Job instance at 0x7f45166f1870>,34,26,[3 9],35,-1,82,-1,56
1,<environment.Job instance at 0x7f45167bc3c0>,28,27,[ 3 12],29,-1,84,-1,57
1,<environment.Job instance at 0x7f45166f19b0>,35,15,[5 3],36,-1,72,-1,57
1,<environment.Job instance at 0x7f45166ed550>,48,20,[ 2 10],49,-1,78,-1,58
1,<environment.Job instance at 0x7f45166ed690>,49,15,[5 5],50,-1,73,-1,58
1,<environment.Job instance at 0x7f451664cfa0>,54,16,[5 6],55,-1,75,-1,59
1,<environment.Job instance at 0x7f45166ed410>,45,19,[ 1 10],46,-1,79,-1,60
1,<environment.Job instance at 0x7f451664db90>,56,16,[1 8],57,-1,76,-1,60
1,<environment.Job instance at 0x7f451665be10>,57,18,[ 1 14],58,-1,78,-1,60
1,<environment.Job instance at 0x7f451665bd70>,58,23,[1 9],59,-1,83,-1,60
1,<environment.Job instance at 0x7f451665d370>,59,17,[8 5],60,-1,78,-1,61
1,<environment.Job instance at 0x7f451665d730>,62,15,[8 2],63,-1,78,-1,63
1,<environment.Job instance at 0x7f451665dc30>,63,18,[5 1],64,-1,85,-1,67
1,<environment.Job instance at 0x7f451665deb0>,64,15,[8 5],65,-1,82,-1,67
1,<environment.Job instance at 0x7f4516813dc0>,55,21,[1 6],56,-1,88,-1,67
1,<environment.Job instance at 0x7f45162c61e0>,68,19,[4 7],69,-1,94,-1,75
1,<environment.Job instance at 0x7f4520462550>,73,22,[9 1],74,-1,97,-1,75
1,<environment.Job instance at 0x7f4516c50960>,0,24,[1 5],1,-1,25,-1,1
1,<environment.Job instance at 0x7f4516c507d0>,6,13,[ 5 14],7,-1,20,-1,7
1,<environment.Job instance at 0x7f4516c50550>,13,24,[3 7],14,-1,57,-1,33
1,<environment.Job instance at 0x7f4516c4d3c0>,28,27,[ 3 12],29,-1,95,-1,68
1,<environment.Job instance at 0x7f4516c4ddc0>,32,15,[ 2 14],33,-1,85,-1,70
1,<environment.Job instance at 0x7f4516c4d410>,34,26,[3 9],35,-1,114,-1,88
1,<environment.Job instance at 0x7f45163f5820>,40,23,[4 7],41,-1,130,-1,107
1,<environment.Job instance at 0x7f4516533640>,50,1,[14  4],51,-1,125,-1,124
1,<environment.Job instance at 0x7f4516597aa0>,57,18,[ 1 14],58,-1,173,-1,155
1,<environment.Job instance at 0x7f45163ddd20>,0,16,[8 3],1,-1,20,-1,4
1,<environment.Job instance at 0x7f45163dda00>,4,2,[5 8],5,-1,7,-1,5
1,<environment.Job instance at 0x7f45163ddc30>,5,27,[4 5],6,-1,33,-1,6
1,<environment.Job instance at 0x7f45163ddb90>,6,2,[1 8],7,-1,9,-1,7
1,<environment.Job instance at 0x7f45163ddf50>,8,12,[ 5 12],9,-1,21,-1,9
1,<environment.Job instance at 0x7f45163da140>,12,20,[4 9],13,-1,33,-1,13
1,<environment.Job instance at 0x7f45163dad70>,19,15,[ 2 10],20,-1,35,-1,20
1,<environment.Job instance at 0x7f45163d9640>,22,17,[5 9],23,-1,40,-1,23
1,<environment.Job instance at 0x7f45163d9320>,23,17,[7 1],24,-1,41,-1,24
1,<environment.Job instance at 0x7f45163d9fa0>,24,21,[4 9],25,-1,46,-1,25
1,<environment.Job instance at 0x7f45163cf140>,34,16,[5 2],35,-1,51,-1,35
1,<environment.Job instance at 0x7f45163cfb90>,36,25,[2 8],37,-1,62,-1,37
1,<environment.Job instance at 0x7f45163cf410>,37,14,[3 6],38,-1,52,-1,38
1,<environment.Job instance at 0x7f45163cf960>,40,26,[8 3],41,-1,67,-1,41
1,<environment.Job instance at 0x7f45163cc500>,44,14,[3 8],45,-1,59,-1,45
1,<environment.Job instance at 0x7f45163cc690>,45,13,[9 1],46,-1,59,-1,46
1,<environment.Job instance at 0x7f45163cc460>,46,18,[8 3],47,-1,65,-1,47
1,<environment.Job instance at 0x7f45163ccf00>,48,16,[5 2],49,-1,65,-1,49
1,<environment.Job instance at 0x7f45163cc910>,51,18,[5 8],52,-1,70,-1,52
1,<environment.Job instance at 0x7f45163cccd0>,52,14,[2 8],53,-1,67,-1,53
1,<environment.Job instance at 0x7f45163c76e0>,55,15,[1 5],56,-1,71,-1,56
1,<environment.Job instance at 0x7f45163c75f0>,57,13,[ 5 10],58,-1,71,-1,58
1,<environment.Job instance at 0x7f45163c70a0>,60,16,[ 4 10],61,-1,77,-1,61
1,<environment.Job instance at 0x7f45163c79b0>,61,15,[5 7],62,-1,77,-1,62
1,<environment.Job instance at 0x7f45163c7690>,62,17,[8 2],63,-1,80,-1,63
1,<environment.Job instance at 0x7f45163c7870>,64,17,[6 1],65,-1,82,-1,65
1,<environment.Job instance at 0x7f45163c17d0>,66,17,[7 4],67,-1,84,-1,67
1,<environment.Job instance at 0x7f45163c11e0>,69,18,[10  4],70,-1,88,-1,70
1,<environment.Job instance at 0x7f45163c1190>,74,18,[10  5],75,-1,93,-1,75
1,<environment.Job instance at 0x7f45163c1640>,76,16,[2 9],77,-1,93,-1,77
1,<environment.Job instance at 0x7f45163c6a00>,78,15,[10  4],79,-1,94,-1,79
1,<environment.Job instance at 0x7f45163c69b0>,80,16,[8 5],81,-1,97,-1,81
1,<environment.Job instance at 0x7f45163c6280>,81,16,[4 5],82,-1,98,-1,82
1,<environment.Job instance at 0x7f45163c6a50>,82,27,[8 3],83,-1,110,-1,83
1,<environment.Job instance at 0x7f45163c60f0>,83,18,[1 6],84,-1,102,-1,84
1,<environment.Job instance at 0x7f45163c61e0>,84,17,[2 6],85,-1,102,-1,85
1,<environment.Job instance at 0x7f45163c6460>,86,27,[2 6],87,-1,114,-1,87
1,<environment.Job instance at 0x7f45163c6fa0>,88,16,[9 2],89,-1,105,-1,89
1,<environment.Job instance at 0x7f45163dd9b0>,3,16,[ 4 10],4,-1,123,-1,107
1,<environment.Job instance at 0x7f45163be9b0>,90,14,[ 4 14],91,-1,122,-1,108
1,<environment.Job instance at 0x7f4516645780>,106,21,[ 4 10],107,-1,143,-1,122
1,<environment.Job instance at 0x7f45163d90a0>,28,12,[14  3],29,-1,136,-1,124
1,<environment.Job instance at 0x7f4516a3ca00>,114,13,[ 4 11],115,-1,159,-1,146
1,<environment.Job instance at 0x7f4516a155f0>,115,17,[ 5 10],116,-1,163,-1,146
1,<environment.Job instance at 0x7f4516494a00>,5,27,[4 5],6,-1,34,-1,7
1,<environment.Job instance at 0x7f45162d3be0>,7,12,[13  4],8,-1,20,-1,8
1,<environment.Job instance at 0x7f45162d3820>,8,12,[ 5 12],9,-1,21,-1,9
1,<environment.Job instance at 0x7f45163cfd20>,27,13,[12  1],28,-1,52,-1,39
1,<environment.Job instance at 0x7f45163cc7d0>,28,12,[14  3],29,-1,51,-1,39
1,<environment.Job instance at 0x7f45163cc4b0>,29,1,[ 4 11],30,-1,40,-1,39
1,<environment.Job instance at 0x7f45163c7140>,36,25,[2 8],37,-1,84,-1,59
1,<environment.Job instance at 0x7f45169f0410>,40,26,[8 3],41,-1,99,-1,73
1,<environment.Job instance at 0x7f45162de230>,54,2,[11  3],55,-1,112,-1,110
1,<environment.Job instance at 0x7f4516281a50>,65,17,[12  4],66,-1,171,-1,154
1,<environment.Job instance at 0x7f45165b9320>,7,18,[8 2],8,-1,29,-1,11
1,<environment.Job instance at 0x7f45165b9500>,12,17,[4 5],13,-1,30,-1,13
1,<environment.Job instance at 0x7f45165b97d0>,13,14,[9 3],14,-1,34,-1,20
1,<environment.Job instance at 0x7f45165b70a0>,22,16,[10  4],23,-1,40,-1,24
1,<environment.Job instance at 0x7f45165b71e0>,24,16,[9 5],25,-1,41,-1,25
1,<environment.Job instance at 0x7f45165b7230>,23,16,[6 5],24,-1,41,-1,25
1,<environment.Job instance at 0x7f45165b74b0>,27,28,[5 9],28,-1,63,-1,35
1,<environment.Job instance at 0x7f45165b7370>,26,22,[1 8],27,-1,59,-1,37
1,<environment.Job instance at 0x7f45165b76e0>,30,18,[ 2 10],31,-1,58,-1,40
1,<environment.Job instance at 0x7f45165b7550>,29,18,[5 8],30,-1,58,-1,40
1,<environment.Job instance at 0x7f45165b7780>,31,15,[8 1],32,-1,55,-1,40
1,<environment.Job instance at 0x7f45165b9a50>,16,16,[1 9],17,-1,56,-1,40
1,<environment.Job instance at 0x7f45165b7be0>,37,28,[9 1],38,-1,69,-1,41
1,<environment.Job instance at 0x7f45165b7b40>,38,13,[9 1],39,-1,54,-1,41
1,<environment.Job instance at 0x7f45165b7a00>,36,18,[ 5 10],37,-1,59,-1,41
1,<environment.Job instance at 0x7f45165b7f50>,41,14,[9 2],42,-1,60,-1,46
1,<environment.Job instance at 0x7f45165cc370>,42,26,[5 8],43,-1,72,-1,46
1,<environment.Job instance at 0x7f45165cca50>,50,14,[7 2],51,-1,66,-1,52
1,<environment.Job instance at 0x7f45165cc870>,49,18,[1 7],50,-1,70,-1,52
1,<environment.Job instance at 0x7f45165b99b0>,15,17,[8 2],16,-1,69,-1,52
1,<environment.Job instance at 0x7f45165cceb0>,52,17,[8 1],53,-1,70,-1,53
1,<environment.Job instance at 0x7f45165ccc80>,53,22,[3 5],54,-1,76,-1,54
1,<environment.Job instance at 0x7f45165cce10>,54,12,[3 9],55,-1,68,-1,56
1,<environment.Job instance at 0x7f4516c26eb0>,57,28,[ 5 10],58,-1,86,-1,58
1,<environment.Job instance at 0x7f45165da0f0>,59,18,[3 8],60,-1,78,-1,60
1,<environment.Job instance at 0x7f45165d20f0>,60,22,[7 1],61,-1,83,-1,61
1,<environment.Job instance at 0x7f45165a44b0>,62,21,[5 7],63,-1,84,-1,63
1,<environment.Job instance at 0x7f45165a4be0>,65,16,[4 7],66,-1,82,-1,66
1,<environment.Job instance at 0x7f45165ccd70>,55,18,[4 6],56,-1,84,-1,66
1,<environment.Job instance at 0x7f45165da050>,66,18,[9 3],67,-1,85,-1,67
1,<environment.Job instance at 0x7f45165a4a00>,68,16,[1 7],69,-1,85,-1,69
1,<environment.Job instance at 0x7f45165a46e0>,69,18,[8 2],70,-1,92,-1,74
1,<environment.Job instance at 0x7f45165a41e0>,74,16,[ 5 10],75,-1,91,-1,75
1,<environment.Job instance at 0x7f45165a4320>,75,15,[5 9],76,-1,91,-1,76
1,<environment.Job instance at 0x7f4516bc05f0>,80,26,[3 7],81,-1,107,-1,81
1,<environment.Job instance at 0x7f4516aa0230>,81,18,[11  5],82,-1,100,-1,82
1,<environment.Job instance at 0x7f4516aa0cd0>,84,16,[1 5],85,-1,101,-1,85
1,<environment.Job instance at 0x7f4517167cd0>,85,18,[4 9],86,-1,104,-1,86
1,<environment.Job instance at 0x7f4516606f50>,87,18,[10  5],88,-1,106,-1,88
1,<environment.Job instance at 0x7f4516606eb0>,90,13,[10  1],91,-1,104,-1,91
1,<environment.Job instance at 0x7f4516ab83c0>,92,24,[1 9],93,-1,117,-1,93
1,<environment.Job instance at 0x7f4516ab8c80>,93,14,[6 5],94,-1,108,-1,94
1,<environment.Job instance at 0x7f4516aa3f00>,94,12,[9 3],95,-1,107,-1,95
1,<environment.Job instance at 0x7f4516abd0a0>,96,12,[10  1],97,-1,109,-1,97
1,<environment.Job instance at 0x7f4516ab9e10>,100,17,[5 6],101,-1,118,-1,101
1,<environment.Job instance at 0x7f4516acee60>,101,27,[7 1],102,-1,129,-1,102
1,<environment.Job instance at 0x7f451661eeb0>,102,26,[ 3 10],103,-1,129,-1,103
1,<environment.Job instance at 0x7f45165f0d20>,110,16,[10  1],111,-1,129,-1,113
1,<environment.Job instance at 0x7f45165f0be0>,111,17,[11  3],112,-1,130,-1,113
1,<environment.Job instance at 0x7f45165c1550>,119,15,[ 3 10],120,-1,135,-1,120
1,<environment.Job instance at 0x7f45165c1b90>,120,17,[10  2],121,-1,138,-1,121
1,<environment.Job instance at 0x7f45165a4230>,73,17,[4 7],74,-1,139,-1,122
1,<environment.Job instance at 0x7f45165f00a0>,109,13,[4 7],110,-1,155,-1,142
1,<environment.Job instance at 0x7f45165f0a00>,106,15,[10  2],107,-1,157,-1,142
1,<environment.Job instance at 0x7f45165a32d0>,127,14,[9 2],128,-1,156,-1,142
1,<environment.Job instance at 0x7f451661f7d0>,132,18,[6 2],133,-1,160,-1,142
1,<environment.Job instance at 0x7f45165c14b0>,123,24,[2 6],124,-1,167,-1,143
1,<environment.Job instance at 0x7f451661f0f0>,135,19,[6 3],136,-1,162,-1,143
1,<environment.Job instance at 0x7f451661f5f0>,134,18,[6 2],135,-1,161,-1,143
1,<environment.Job instance at 0x7f451661ff50>,130,14,[5 8],131,-1,157,-1,143
1,<environment.Job instance at 0x7f451661f140>,138,13,[1 5],139,-1,156,-1,143
1,<environment.Job instance at 0x7f45165a38c0>,128,3,[ 1 10],129,-1,146,-1,143
1,<environment.Job instance at 0x7f45165f0d70>,113,15,[ 4 13],114,-1,158,-1,143
1,<environment.Job instance at 0x7f451661f910>,142,27,[5 7],143,-1,170,-1,143
1,<environment.Job instance at 0x7f451661f320>,141,14,[3 6],142,-1,157,-1,143
1,<environment.Job instance at 0x7f451661f460>,137,15,[6 1],138,-1,158,-1,143
1,<environment.Job instance at 0x7f4516612410>,145,16,[9 2],146,-1,164,-1,148
1,<environment.Job instance at 0x7f45166124b0>,144,24,[13  2],145,-1,172,-1,148
1,<environment.Job instance at 0x7f45166125f0>,147,15,[9 1],148,-1,163,-1,148
1,<environment.Job instance at 0x7f4516612be0>,148,15,[11  4],149,-1,164,-1,149
1,<environment.Job instance at 0x7f45165b9be0>,4,17,[14  5],5,-1,22,-1,5
1,<environment.Job instance at 0x7f45165cc820>,11,2,[14  5],12,-1,21,-1,19
1,<environment.Job instance at 0x7f451661f230>,27,28,[5 9],28,-1,100,-1,72
1,<environment.Job instance at 0x7f451644da00>,37,28,[9 1],38,-1,145,-1,117
1,<environment.Job instance at 0x7f451644daf0>,42,26,[5 8],43,-1,173,-1,147
1,<environment.Job instance at 0x7f451644d190>,46,2,[ 5 13],47,-1,149,-1,147
1,<environment.Job instance at 0x7f4516d9eaf0>,1,18,[4 9],2,-1,20,-1,2
1,<environment.Job instance at 0x7f45203ea960>,6,16,[8 2],7,-1,23,-1,7
1,<environment.Job instance at 0x7f4516cbd780>,9,16,[7 4],10,-1,26,-1,10
1,<environment.Job instance at 0x7f4516cbd4b0>,10,18,[ 4 11],11,-1,29,-1,11
1,<environment.Job instance at 0x7f4516cbd8c0>,11,18,[ 3 10],12,-1,30,-1,12
1,<environment.Job instance at 0x7f4516cbdf50>,12,12,[7 2],13,-1,26,-1,14
1,<environment.Job instance at 0x7f4516d9e5a0>,13,24,[8 5],14,-1,38,-1,14
1,<environment.Job instance at 0x7f4516cbd9b0>,14,14,[ 1 10],15,-1,30,-1,16
1,<environment.Job instance at 0x7f4516cbd910>,19,15,[1 6],20,-1,35,-1,20
1,<environment.Job instance at 0x7f4516cbd730>,21,15,[8 1],22,-1,37,-1,22
1,<environment.Job instance at 0x7f4516cbdaa0>,22,16,[5 4],23,-1,39,-1,23
1,<environment.Job instance at 0x7f4516cbd2d0>,23,15,[ 3 10],24,-1,39,-1,24
1,<environment.Job instance at 0x7f4516cbd6e0>,25,15,[5 6],26,-1,41,-1,26
1,<environment.Job instance at 0x7f4516d2faf0>,28,20,[3 9],29,-1,49,-1,29
1,<environment.Job instance at 0x7f4516d2f5a0>,30,16,[5 4],31,-1,47,-1,31
1,<environment.Job instance at 0x7f4516d2f3c0>,31,17,[ 4 10],32,-1,49,-1,32
1,<environment.Job instance at 0x7f4516d2fc80>,34,17,[3 5],35,-1,52,-1,35
1,<environment.Job instance at 0x7f4516d2fc30>,36,14,[6 5],37,-1,51,-1,37
1,<environment.Job instance at 0x7f4516d2f820>,37,21,[4 8],38,-1,59,-1,38
1,<environment.Job instance at 0x7f4516d2f140>,38,23,[3 9],39,-1,62,-1,39
1,<environment.Job instance at 0x7f4516d2fa00>,39,13,[10  5],40,-1,53,-1,40
1,<environment.Job instance at 0x7f4516cf6a50>,42,14,[2 6],43,-1,57,-1,43
1,<environment.Job instance at 0x7f4516cf6730>,44,18,[6 4],45,-1,63,-1,45
1,<environment.Job instance at 0x7f4516cf6230>,45,15,[4 7],46,-1,61,-1,46
1,<environment.Job instance at 0x7f4516cf68c0>,47,17,[8 4],48,-1,65,-1,48
1,<environment.Job instance at 0x7f4516cf6140>,48,16,[1 7],49,-1,65,-1,49
1,<environment.Job instance at 0x7f4516c2dc30>,61,16,[8 4],62,-1,78,-1,62
1,<environment.Job instance at 0x7f4516cf6a00>,49,15,[ 2 10],50,-1,79,-1,64
1,<environment.Job instance at 0x7f4516b1b7d0>,75,21,[9 5],76,-1,97,-1,76
1,<environment.Job instance at 0x7f451736e5f0>,76,18,[10  5],77,-1,95,-1,77
1,<environment.Job instance at 0x7f451736ee10>,83,27,[3 5],84,-1,135,-1,108
1,<environment.Job instance at 0x7f4516c2da50>,63,18,[6 4],64,-1,167,-1,149
1,<environment.Job instance at 0x7f451736e820>,87,17,[5 7],88,-1,166,-1,149
1,<environment.Job instance at 0x7f4516c9edc0>,98,17,[5 4],99,-1,166,-1,149
1,<environment.Job instance at 0x7f4516c9ec80>,100,16,[9 4],101,-1,165,-1,149
1,<environment.Job instance at 0x7f4516d668c0>,57,12,[ 3 14],58,-1,162,-1,150
1,<environment.Job instance at 0x7f4516c9eb40>,97,17,[2 6],98,-1,167,-1,150
1,<environment.Job instance at 0x7f4516c9ea00>,105,18,[3 9],106,-1,169,-1,151
1,<environment.Job instance at 0x7f4516dd2280>,109,14,[9 4],110,-1,165,-1,151
1,<environment.Job instance at 0x7f4516d4e910>,108,14,[4 5],109,-1,165,-1,151
1,<environment.Job instance at 0x7f4516b1baa0>,72,12,[4 7],73,-1,163,-1,151
1,<environment.Job instance at 0x7f4516ce1d70>,112,25,[7 3],113,-1,178,-1,153
1,<environment.Job instance at 0x7f4516ce1140>,111,18,[4 8],112,-1,171,-1,153
1,<environment.Job instance at 0x7f451633d2d0>,7,14,[11  4],8,-1,22,-1,8
1,<environment.Job instance at 0x7f451633ddc0>,10,18,[ 4 11],11,-1,38,-1,20
1,<environment.Job instance at 0x7f45163c7e60>,13,24,[8 5],14,-1,55,-1,31
1,<environment.Job instance at 0x7f45163c1910>,18,13,[12  1],19,-1,60,-1,47
1,<environment.Job instance at 0x7f45162de230>,26,3,[14  2],27,-1,79,-1,76
1,<environment.Job instance at 0x7f451668f500>,33,14,[ 5 13],34,-1,106,-1,92
1,<environment.Job instance at 0x7f4516398190>,38,23,[3 9],39,-1,133,-1,110
1,<environment.Job instance at 0x7f45172345f0>,3,27,[8 5],4,-1,31,-1,4
1,<environment.Job instance at 0x7f4515fc4410>,7,1,[2 8],8,-1,9,-1,8
1,<environment.Job instance at 0x7f4515fc4320>,13,24,[3 5],14,-1,38,-1,14
1,<environment.Job instance at 0x7f4516a46c80>,14,14,[4 6],15,-1,29,-1,15
1,<environment.Job instance at 0x7f4516a464b0>,15,14,[10  1],16,-1,31,-1,17
1,<environment.Job instance at 0x7f4515f10e60>,17,17,[2 7],18,-1,35,-1,18
1,<environment.Job instance at 0x7f4515f10a50>,18,15,[5 5],19,-1,34,-1,19
1,<environment.Job instance at 0x7f4515f10d20>,20,15,[6 3],21,-1,36,-1,21
1,<environment.Job instance at 0x7f4515ef5870>,21,18,[5 9],22,-1,40,-1,22
1,<environment.Job instance at 0x7f4515ef5550>,23,18,[3 7],24,-1,42,-1,24
1,<environment.Job instance at 0x7f4515f0c910>,24,27,[1 8],25,-1,52,-1,25
1,<environment.Job instance at 0x7f4515f0c5f0>,26,15,[5 1],27,-1,42,-1,27
1,<environment.Job instance at 0x7f4515f14a00>,30,18,[2 7],31,-1,49,-1,31
1,<environment.Job instance at 0x7f4515f14c80>,33,13,[5 2],34,-1,47,-1,34
1,<environment.Job instance at 0x7f4515f14500>,34,23,[4 5],35,-1,58,-1,35
1,<environment.Job instance at 0x7f4515f14370>,35,13,[8 4],36,-1,49,-1,36
1,<environment.Job instance at 0x7f4515f14a50>,36,13,[6 5],37,-1,50,-1,37
1,<environment.Job instance at 0x7f4515f14cd0>,37,13,[12  5],38,-1,51,-1,38
1,<environment.Job instance at 0x7f451609fa50>,39,18,[7 4],40,-1,58,-1,40
1,<environment.Job instance at 0x7f451609f230>,43,14,[ 4 11],44,-1,58,-1,44
1,<environment.Job instance at 0x7f4515fab870>,44,18,[3 6],45,-1,63,-1,45
1,<environment.Job instance at 0x7f4515fab820>,46,26,[8 5],47,-1,73,-1,47
1,<environment.Job instance at 0x7f4515fab190>,49,20,[6 3],50,-1,70,-1,50
1,<environment.Job instance at 0x7f4515fabcd0>,50,17,[5 8],51,-1,68,-1,51
1,<environment.Job instance at 0x7f4515ed7e10>,54,16,[2 7],55,-1,71,-1,55
1,<environment.Job instance at 0x7f451768dd70>,55,17,[6 3],56,-1,73,-1,56
1,<environment.Job instance at 0x7f4515fab370>,56,14,[10  1],57,-1,71,-1,57
1,<environment.Job instance at 0x7f4516021f50>,59,12,[7 5],60,-1,72,-1,60
1,<environment.Job instance at 0x7f4516f73050>,60,18,[5 6],61,-1,79,-1,61
1,<environment.Job instance at 0x7f451620ba00>,61,17,[2 9],62,-1,79,-1,62
1,<environment.Job instance at 0x7f4516e9ed70>,64,12,[10  2],65,-1,77,-1,65
1,<environment.Job instance at 0x7f4516e86b90>,67,22,[10  1],68,-1,90,-1,68
1,<environment.Job instance at 0x7f4515f1fcd0>,70,20,[3 8],71,-1,91,-1,71
1,<environment.Job instance at 0x7f4515eaef50>,72,13,[9 2],73,-1,86,-1,73
1,<environment.Job instance at 0x7f4517316280>,76,26,[9 5],77,-1,103,-1,77
1,<environment.Job instance at 0x7f4517695fa0>,79,13,[8 5],80,-1,93,-1,80
1,<environment.Job instance at 0x7f4517695280>,82,13,[ 3 10],83,-1,96,-1,83
1,<environment.Job instance at 0x7f4517695410>,83,16,[6 3],84,-1,100,-1,84
1,<environment.Job instance at 0x7f45176956e0>,84,17,[1 8],85,-1,102,-1,85
1,<environment.Job instance at 0x7f4517276460>,89,22,[7 3],90,-1,112,-1,90
1,<environment.Job instance at 0x7f45172765f0>,92,25,[7 5],93,-1,118,-1,93
1,<environment.Job instance at 0x7f45201b94b0>,98,12,[10  2],99,-1,116,-1,104
1,<environment.Job instance at 0x7f4516a46780>,16,15,[3 6],17,-1,119,-1,104
1,<environment.Job instance at 0x7f4516ea5af0>,105,15,[ 4 12],106,-1,122,-1,107
1,<environment.Job instance at 0x7f4516e86dc0>,68,16,[13  1],69,-1,129,-1,113
1,<environment.Job instance at 0x7f45201b9550>,96,12,[12  4],97,-1,125,-1,113
1,<environment.Job instance at 0x7f4516ea5d20>,106,18,[5 8],107,-1,131,-1,113
1,<environment.Job instance at 0x7f4516ea53c0>,109,17,[ 2 10],110,-1,130,-1,113
1,<environment.Job instance at 0x7f45176d08c0>,100,16,[ 2 10],101,-1,129,-1,113
1,<environment.Job instance at 0x7f4516ea5fa0>,111,18,[8 1],112,-1,131,-1,113
1,<environment.Job instance at 0x7f4516ea5a00>,113,20,[8 4],114,-1,135,-1,115
1,<environment.Job instance at 0x7f45168bac80>,117,27,[8 5],118,-1,145,-1,118
1,<environment.Job instance at 0x7f4516ea5190>,108,13,[5 5],109,-1,134,-1,121
1,<environment.Job instance at 0x7f45168ba2d0>,119,17,[1 5],120,-1,138,-1,121
1,<environment.Job instance at 0x7f45166ed550>,125,13,[10  5],126,-1,148,-1,135
1,<environment.Job instance at 0x7f45166ed230>,126,17,[7 3],127,-1,152,-1,135
1,<environment.Job instance at 0x7f45166ed8c0>,122,17,[3 5],123,-1,152,-1,135
1,<environment.Job instance at 0x7f45166ed820>,128,13,[8 3],129,-1,148,-1,135
1,<environment.Job instance at 0x7f45166eda00>,131,17,[9 4],132,-1,152,-1,135
1,<environment.Job instance at 0x7f45166ed9b0>,132,24,[4 6],133,-1,159,-1,135
1,<environment.Job instance at 0x7f4516856e10>,134,18,[5 2],135,-1,157,-1,139
1,<environment.Job instance at 0x7f4516856fa0>,135,14,[10  1],136,-1,153,-1,139
1,<environment.Job instance at 0x7f45166ede60>,133,15,[ 2 13],134,-1,154,-1,139
1,<environment.Job instance at 0x7f4516856af0>,137,18,[14  1],138,-1,157,-1,139
1,<environment.Job instance at 0x7f45161e6a00>,136,12,[9 5],137,-1,153,-1,141
1,<environment.Job instance at 0x7f4516ea5870>,112,15,[3 9],113,-1,157,-1,142
1,<environment.Job instance at 0x7f451668cbe0>,141,18,[7 2],142,-1,160,-1,142
1,<environment.Job instance at 0x7f4515fc4e60>,3,27,[8 5],4,-1,32,-1,5
1,<environment.Job instance at 0x7f4515f10820>,4,12,[ 5 13],5,-1,17,-1,5
1,<environment.Job instance at 0x7f451fdb2140>,9,1,[12  4],10,-1,11,-1,10
1,<environment.Job instance at 0x7f451609f0a0>,13,24,[3 5],14,-1,42,-1,18
1,<environment.Job instance at 0x7f45201b9320>,24,27,[1 8],25,-1,92,-1,65
1,<environment.Job instance at 0x7f4516cf6910>,34,23,[4 5],35,-1,106,-1,83
1,<environment.Job instance at 0x7f4516375cd0>,37,13,[12  5],38,-1,104,-1,91
1,<environment.Job instance at 0x7f451633dd20>,43,14,[ 4 11],44,-1,131,-1,117
1,<environment.Job instance at 0x7f45161e6b90>,46,26,[8 5],47,-1,154,-1,128
1,<environment.Job instance at 0x7f45161e69b0>,48,18,[13  1],49,-1,146,-1,128
1,<environment.Job instance at 0x7f45163fb500>,5,17,[8 5],6,-1,24,-1,7
1,<environment.Job instance at 0x7f4516d9c500>,10,18,[6 4],11,-1,29,-1,11
1,<environment.Job instance at 0x7f45164b87d0>,12,15,[4 9],13,-1,28,-1,13
1,<environment.Job instance at 0x7f45164b8fa0>,13,18,[8 3],14,-1,32,-1,14
1,<environment.Job instance at 0x7f4517384370>,16,16,[7 5],17,-1,33,-1,17
1,<environment.Job instance at 0x7f451729b500>,22,18,[8 1],23,-1,41,-1,23
1,<environment.Job instance at 0x7f4516dace10>,24,14,[5 8],25,-1,41,-1,27
1,<environment.Job instance at 0x7f451729daf0>,28,17,[9 2],29,-1,46,-1,29
1,<environment.Job instance at 0x7f451658e0f0>,26,20,[10  4],27,-1,52,-1,32
1,<environment.Job instance at 0x7f451729da00>,29,14,[7 5],30,-1,47,-1,33
1,<environment.Job instance at 0x7f4517371960>,33,27,[1 7],34,-1,61,-1,34
1,<environment.Job instance at 0x7f4516409500>,34,18,[6 3],35,-1,53,-1,35
1,<environment.Job instance at 0x7f4516d74af0>,35,18,[ 3 12],36,-1,54,-1,36
1,<environment.Job instance at 0x7f4516d7f460>,39,15,[4 7],40,-1,56,-1,41
1,<environment.Job instance at 0x7f4516d7f0a0>,41,25,[9 1],42,-1,67,-1,42
1,<environment.Job instance at 0x7f4516d70a50>,42,17,[5 9],43,-1,60,-1,43
1,<environment.Job instance at 0x7f4516d70a00>,43,18,[5 5],44,-1,82,-1,64
1,<environment.Job instance at 0x7f4517042d70>,47,18,[5 5],48,-1,83,-1,65
1,<environment.Job instance at 0x7f4517042910>,48,18,[ 3 10],49,-1,83,-1,65
1,<environment.Job instance at 0x7f45170421e0>,50,27,[5 4],51,-1,95,-1,68
1,<environment.Job instance at 0x7f4517042f00>,51,28,[7 5],52,-1,96,-1,68
1,<environment.Job instance at 0x7f451705a280>,53,28,[8 2],54,-1,96,-1,68
1,<environment.Job instance at 0x7f451705a820>,54,16,[2 5],55,-1,84,-1,68
1,<environment.Job instance at 0x7f4516d70d20>,45,17,[6 4],46,-1,96,-1,79
1,<environment.Job instance at 0x7f451705a230>,62,14,[3 8],63,-1,108,-1,94
1,<environment.Job instance at 0x7f451703d780>,64,12,[9 3],65,-1,106,-1,94
1,<environment.Job instance at 0x7f451703dfa0>,73,19,[7 1],74,-1,142,-1,123
1,<environment.Job instance at 0x7f451703f460>,78,18,[ 2 10],79,-1,146,-1,128
1,<environment.Job instance at 0x7f451703d730>,63,16,[7 2],64,-1,144,-1,128
1,<environment.Job instance at 0x7f451703daa0>,74,15,[10  1],75,-1,143,-1,128
1,<environment.Job instance at 0x7f451703f230>,79,13,[5 8],80,-1,144,-1,131
1,<environment.Job instance at 0x7f451703f140>,75,18,[7 4],76,-1,149,-1,131
1,<environment.Job instance at 0x7f451703f820>,83,27,[5 1],84,-1,158,-1,131
1,<environment.Job instance at 0x7f451703f5a0>,80,17,[ 5 13],81,-1,148,-1,131
1,<environment.Job instance at 0x7f451729d5a0>,30,27,[ 3 13],31,-1,163,-1,136
1,<environment.Job instance at 0x7f451703f780>,82,14,[4 6],83,-1,150,-1,136
1,<environment.Job instance at 0x7f451703fc80>,90,13,[7 3],91,-1,149,-1,136
1,<environment.Job instance at 0x7f451703f960>,85,14,[5 9],86,-1,150,-1,136
1,<environment.Job instance at 0x7f451703fd20>,91,12,[3 8],92,-1,148,-1,136
1,<environment.Job instance at 0x7f4517062410>,94,18,[9 1],95,-1,154,-1,136
1,<environment.Job instance at 0x7f45170624b0>,96,14,[5 7],97,-1,150,-1,136
1,<environment.Job instance at 0x7f45170620a0>,93,18,[6 4],94,-1,154,-1,136
1,<environment.Job instance at 0x7f4517062550>,97,12,[3 8],98,-1,148,-1,136
1,<environment.Job instance at 0x7f45170626e0>,100,18,[2 9],101,-1,156,-1,138
1,<environment.Job instance at 0x7f45170628c0>,103,18,[5 3],104,-1,156,-1,138
1,<environment.Job instance at 0x7f4517062b40>,107,26,[3 7],108,-1,165,-1,139
1,<environment.Job instance at 0x7f451703f8c0>,84,15,[5 5],85,-1,154,-1,139
1,<environment.Job instance at 0x7f4517062be0>,108,13,[2 9],109,-1,152,-1,139
1,<environment.Job instance at 0x7f4517062e60>,110,13,[1 6],111,-1,152,-1,139
1,<environment.Job instance at 0x7f45170625f0>,98,16,[1 7],99,-1,155,-1,139
1,<environment.Job instance at 0x7f45170521e0>,114,17,[5 1],115,-1,164,-1,147
1,<environment.Job instance at 0x7f4517052500>,119,25,[3 8],120,-1,172,-1,147
1,<environment.Job instance at 0x7f4517052460>,118,12,[5 5],119,-1,159,-1,147
1,<environment.Job instance at 0x7f45170525a0>,120,17,[7 1],121,-1,164,-1,147
1,<environment.Job instance at 0x7f4517052910>,122,15,[3 6],123,-1,162,-1,147
1,<environment.Job instance at 0x7f4517052320>,116,18,[5 4],117,-1,165,-1,147
1,<environment.Job instance at 0x7f4517052640>,121,17,[7 4],122,-1,164,-1,147
1,<environment.Job instance at 0x7f4517052c30>,127,28,[4 9],128,-1,175,-1,147
1,<environment.Job instance at 0x7f4517052af0>,125,18,[8 2],126,-1,165,-1,147
1,<environment.Job instance at 0x7f4517056410>,134,13,[5 5],135,-1,163,-1,150
1,<environment.Job instance at 0x7f4517056280>,131,18,[13  5],132,-1,168,-1,150
1,<environment.Job instance at 0x7f45170564b0>,135,14,[11  2],136,-1,164,-1,150
1,<environment.Job instance at 0x7f4517062320>,95,17,[14  4],96,-1,168,-1,151
1,<environment.Job instance at 0x7f4517056050>,132,13,[9 3],133,-1,165,-1,152
1,<environment.Job instance at 0x7f4517056e10>,140,14,[10  4],141,-1,166,-1,152
1,<environment.Job instance at 0x7f45163fb3c0>,0,25,[10  4],1,-1,26,-1,1
1,<environment.Job instance at 0x7f45170526e0>,17,16,[13  1],18,-1,41,-1,25
1,<environment.Job instance at 0x7f45170569b0>,21,2,[13  4],22,-1,55,-1,53
1,<environment.Job instance at 0x7f4517071f00>,30,27,[ 3 13],31,-1,103,-1,76
1,<environment.Job instance at 0x7f45170dcc80>,33,27,[1 7],34,-1,117,-1,90
1,<environment.Job instance at 0x7f4516cf3460>,35,18,[ 3 12],36,-1,118,-1,100
1,<environment.Job instance at 0x7f4516cf30f0>,40,1,[12  1],41,-1,125,-1,124
1,<environment.Job instance at 0x7f4516cf32d0>,41,25,[9 1],42,-1,152,-1,127
1,<environment.Job instance at 0x7f4516741dc0>,4,21,[8 1],5,-1,26,-1,5
1,<environment.Job instance at 0x7f4516293320>,9,25,[ 3 10],10,-1,35,-1,10
1,<environment.Job instance at 0x7f4516293b90>,14,17,[5 4],15,-1,33,-1,16
1,<environment.Job instance at 0x7f45162932d0>,15,15,[9 4],16,-1,31,-1,16
1,<environment.Job instance at 0x7f4516a9dc80>,20,15,[4 8],21,-1,37,-1,22
1,<environment.Job instance at 0x7f4516a9d9b0>,23,17,[7 4],24,-1,41,-1,24
1,<environment.Job instance at 0x7f4516a9d2d0>,25,15,[9 1],26,-1,44,-1,29
1,<environment.Job instance at 0x7f4516a9daa0>,28,16,[6 5],29,-1,45,-1,29
1,<environment.Job instance at 0x7f451779caf0>,32,18,[ 2 10],33,-1,51,-1,33
1,<environment.Job instance at 0x7f451779c370>,33,14,[4 9],34,-1,48,-1,34
1,<environment.Job instance at 0x7f451779c780>,34,12,[9 4],35,-1,49,-1,37
1,<environment.Job instance at 0x7f451779ce10>,37,15,[1 6],38,-1,53,-1,38
1,<environment.Job instance at 0x7f451779c4b0>,40,16,[3 7],41,-1,57,-1,41
1,<environment.Job instance at 0x7f45203f15f0>,41,18,[5 5],42,-1,60,-1,42
1,<environment.Job instance at 0x7f45203f1640>,43,24,[4 7],44,-1,68,-1,44
1,<environment.Job instance at 0x7f45203f1690>,44,16,[4 7],45,-1,61,-1,45
1,<environment.Job instance at 0x7f45170ddd70>,57,18,[3 9],58,-1,151,-1,133
1,<environment.Job instance at 0x7f4516f42a50>,55,13,[ 3 12],56,-1,146,-1,133
1,<environment.Job instance at 0x7f451654deb0>,73,17,[4 9],74,-1,150,-1,133
1,<environment.Job instance at 0x7f451654d140>,78,16,[9 2],79,-1,156,-1,140
1,<environment.Job instance at 0x7f451654d550>,75,14,[5 1],76,-1,154,-1,140
1,<environment.Job instance at 0x7f45170dda50>,59,14,[5 4],60,-1,155,-1,141
1,<environment.Job instance at 0x7f45177a51e0>,80,26,[4 8],81,-1,167,-1,141
1,<environment.Job instance at 0x7f451747c820>,85,18,[6 2],86,-1,167,-1,149
1,<environment.Job instance at 0x7f451747caa0>,84,15,[3 8],85,-1,164,-1,149
1,<environment.Job instance at 0x7f45163f5f50>,79,24,[7 1],80,-1,173,-1,149
1,<environment.Job instance at 0x7f451777d0a0>,88,13,[ 5 10],89,-1,162,-1,149
1,<environment.Job instance at 0x7f4517177500>,87,13,[ 5 10],88,-1,162,-1,149
1,<environment.Job instance at 0x7f4517526eb0>,90,18,[8 5],91,-1,167,-1,149
1,<environment.Job instance at 0x7f4517808410>,92,18,[4 5],93,-1,167,-1,149
1,<environment.Job instance at 0x7f45163e66e0>,81,16,[2 7],82,-1,165,-1,149
1,<environment.Job instance at 0x7f4517808a00>,93,18,[8 1],94,-1,169,-1,151
1,<environment.Job instance at 0x7f451fe85320>,96,13,[5 6],97,-1,164,-1,151
1,<environment.Job instance at 0x7f451679ca50>,94,13,[4 6],95,-1,164,-1,151
1,<environment.Job instance at 0x7f451723dc80>,98,17,[10  4],99,-1,168,-1,151
1,<environment.Job instance at 0x7f4517179eb0>,97,3,[1 6],98,-1,154,-1,151
1,<environment.Job instance at 0x7f4516847370>,99,15,[5 9],100,-1,166,-1,151
1,<environment.Job instance at 0x7f451722eb40>,102,16,[3 5],103,-1,167,-1,151
1,<environment.Job instance at 0x7f451683db40>,105,22,[1 9],106,-1,174,-1,152
1,<environment.Job instance at 0x7f451683d550>,106,14,[6 1],107,-1,166,-1,152
1,<environment.Job instance at 0x7f45166495a0>,109,18,[ 3 12],110,-1,172,-1,154
1,<environment.Job instance at 0x7f45171753c0>,110,18,[7 3],111,-1,172,-1,154
1,<environment.Job instance at 0x7f451fe1ef00>,113,17,[10  3],114,-1,174,-1,157
1,<environment.Job instance at 0x7f451fe856e0>,95,15,[12  1],96,-1,173,-1,158
1,<environment.Job instance at 0x7f4516751280>,116,12,[4 7],117,-1,170,-1,158
1,<environment.Job instance at 0x7f45202da550>,119,15,[ 5 10],120,-1,173,-1,158
1,<environment.Job instance at 0x7f45202da190>,120,19,[5 4],121,-1,178,-1,159
1,<environment.Job instance at 0x7f4517509f00>,121,17,[ 2 10],122,-1,176,-1,159
1,<environment.Job instance at 0x7f4516cf6910>,10,18,[ 2 11],11,-1,34,-1,16
1,<environment.Job instance at 0x7f4516ee60f0>,9,25,[ 3 10],10,-1,42,-1,17
1,<environment.Job instance at 0x7f451683d0a0>,17,23,[9 2],18,-1,64,-1,41
1,<environment.Job instance at 0x7f4516647690>,36,17,[ 1 14],37,-1,109,-1,92
1,<environment.Job instance at 0x7f4516647fa0>,39,18,[14  4],40,-1,112,-1,94
1,<environment.Job instance at 0x7f4516647500>,43,24,[4 7],44,-1,135,-1,111
1,<environment.Job instance at 0x7f45169ac870>,48,23,[ 4 10],49,-1,166,-1,143
1,<environment.Job instance at 0x7f4516cf3870>,55,13,[ 3 12],56,-1,160,-1,147
1,<environment.Job instance at 0x7f4516cf3dc0>,56,13,[ 4 12],57,-1,160,-1,147
1,<environment.Job instance at 0x7f4515fa5410>,4,17,[5 9],5,-1,22,-1,5
1,<environment.Job instance at 0x7f4515fa5af0>,5,17,[5 9],6,-1,23,-1,6
1,<environment.Job instance at 0x7f4515fa5730>,6,23,[10  4],7,-1,31,-1,8
1,<environment.Job instance at 0x7f4515fa5050>,8,17,[4 9],9,-1,26,-1,9
1,<environment.Job instance at 0x7f4515fa5a50>,9,18,[9 5],10,-1,28,-1,10
1,<environment.Job instance at 0x7f4515f6c6e0>,11,17,[8 2],12,-1,29,-1,12
1,<environment.Job instance at 0x7f4515f6ccd0>,12,18,[10  5],13,-1,31,-1,13
1,<environment.Job instance at 0x7f4515f6c140>,15,16,[3 8],16,-1,32,-1,16
1,<environment.Job instance at 0x7f4515f6cf00>,16,14,[4 7],17,-1,31,-1,17
1,<environment.Job instance at 0x7f4515f6ceb0>,17,18,[5 4],18,-1,36,-1,18
1,<environment.Job instance at 0x7f4515f6c9b0>,21,17,[7 2],22,-1,39,-1,22
1,<environment.Job instance at 0x7f4515f6cd20>,23,16,[3 9],24,-1,40,-1,24
1,<environment.Job instance at 0x7f4516001730>,24,13,[10  1],25,-1,38,-1,25
1,<environment.Job instance at 0x7f4516001c80>,25,13,[ 3 10],26,-1,39,-1,26
1,<environment.Job instance at 0x7f4516001d70>,26,14,[1 5],27,-1,41,-1,27
1,<environment.Job instance at 0x7f4516001cd0>,29,25,[8 3],30,-1,55,-1,30
1,<environment.Job instance at 0x7f451618e0f0>,31,17,[3 7],32,-1,49,-1,32
1,<environment.Job instance at 0x7f451618eeb0>,33,18,[2 6],34,-1,52,-1,34
1,<environment.Job instance at 0x7f451618ed20>,34,18,[8 2],35,-1,53,-1,35
1,<environment.Job instance at 0x7f451618ee60>,36,17,[1 6],37,-1,54,-1,37
1,<environment.Job instance at 0x7f451618e9b0>,37,18,[5 2],38,-1,56,-1,38
1,<environment.Job instance at 0x7f451618e870>,38,17,[3 5],39,-1,56,-1,39
1,<environment.Job instance at 0x7f451618eaa0>,39,13,[4 7],40,-1,53,-1,40
1,<environment.Job instance at 0x7f451618e5f0>,41,15,[10  5],42,-1,57,-1,42
1,<environment.Job instance at 0x7f451618e780>,42,18,[10  1],43,-1,61,-1,43
1,<environment.Job instance at 0x7f451618e190>,45,12,[5 9],46,-1,58,-1,46
1,<environment.Job instance at 0x7f4515fd9aa0>,51,18,[7 1],52,-1,70,-1,52
1,<environment.Job instance at 0x7f4515fd9690>,53,18,[ 3 10],54,-1,72,-1,54
1,<environment.Job instance at 0x7f4515f8ecd0>,61,15,[9 5],62,-1,77,-1,62
1,<environment.Job instance at 0x7f4515f8eaf0>,62,14,[ 1 10],63,-1,77,-1,63
1,<environment.Job instance at 0x7f4515f8e320>,65,15,[10  1],66,-1,81,-1,66
1,<environment.Job instance at 0x7f4515f8ed20>,66,21,[3 7],67,-1,88,-1,67
1,<environment.Job instance at 0x7f4515f8e1e0>,67,15,[ 3 10],68,-1,83,-1,68
1,<environment.Job instance at 0x7f4515f8e640>,68,28,[8 3],69,-1,97,-1,69
1,<environment.Job instance at 0x7f4515f8ef00>,69,20,[1 9],70,-1,90,-1,70
1,<environment.Job instance at 0x7f4515fc0f00>,71,17,[5 6],72,-1,89,-1,72
1,<environment.Job instance at 0x7f4515fc0f50>,72,16,[10  1],73,-1,89,-1,73
1,<environment.Job instance at 0x7f4515fc00f0>,73,17,[ 2 10],74,-1,91,-1,74
1,<environment.Job instance at 0x7f4515fc01e0>,74,12,[4 9],75,-1,87,-1,75
1,<environment.Job instance at 0x7f4515fc08c0>,76,13,[ 5 11],77,-1,90,-1,77
1,<environment.Job instance at 0x7f4515fc0b40>,78,15,[10  2],79,-1,94,-1,79
1,<environment.Job instance at 0x7f4515fc0d70>,79,18,[3 8],80,-1,98,-1,80
1,<environment.Job instance at 0x7f4515fc05f0>,81,18,[4 6],82,-1,100,-1,82
1,<environment.Job instance at 0x7f4515fc0af0>,82,15,[1 7],83,-1,98,-1,83
1,<environment.Job instance at 0x7f4515f6fb90>,88,15,[8 2],89,-1,104,-1,89
1,<environment.Job instance at 0x7f4515f6fe10>,92,27,[9 1],93,-1,132,-1,105
1,<environment.Job instance at 0x7f4515f6f410>,94,16,[1 8],95,-1,121,-1,105
1,<environment.Job instance at 0x7f4515f6fb40>,99,20,[2 8],100,-1,125,-1,105
1,<environment.Job instance at 0x7f4516013230>,103,18,[8 1],104,-1,134,-1,116
1,<environment.Job instance at 0x7f4515fc0cd0>,86,13,[8 3],87,-1,129,-1,116
1,<environment.Job instance at 0x7f4515f6f1e0>,101,19,[5 5],102,-1,153,-1,134
1,<environment.Job instance at 0x7f4517116aa0>,109,12,[7 1],110,-1,146,-1,134
1,<environment.Job instance at 0x7f4516f784b0>,111,23,[5 9],112,-1,157,-1,134
1,<environment.Job instance at 0x7f4517098cd0>,1,15,[14  4],2,-1,17,-1,2
1,<environment.Job instance at 0x7f45169faf50>,6,23,[10  4],7,-1,39,-1,16
1,<environment.Job instance at 0x7f4517849690>,29,25,[8 3],30,-1,140,-1,115
1,<environment.Job instance at 0x7f45164e30a0>,32,24,[11  1],33,-1,139,-1,115
1,<environment.Job instance at 0x7f4516c2dbe0>,2,17,[5 9],3,-1,21,-1,4
1,<environment.Job instance at 0x7f4516ecc500>,3,18,[6 1],4,-1,22,-1,4
1,<environment.Job instance at 0x7f45165986e0>,7,17,[3 7],8,-1,26,-1,9
1,<environment.Job instance at 0x7f4516c2d960>,8,16,[8 5],9,-1,25,-1,9
1,<environment.Job instance at 0x7f45164dde60>,15,22,[9 4],16,-1,38,-1,16
1,<environment.Job instance at 0x7f45164dd780>,19,27,[5 8],20,-1,47,-1,20
1,<environment.Job instance at 0x7f45164dd1e0>,21,12,[10  5],22,-1,34,-1,22
1,<environment.Job instance at 0x7f45164ddd70>,22,15,[ 5 10],23,-1,38,-1,23
1,<environment.Job instance at 0x7f45164ddcd0>,23,16,[5 8],24,-1,40,-1,24
1,<environment.Job instance at 0x7f451fdb40a0>,25,12,[3 5],26,-1,39,-1,27
1,<environment.Job instance at 0x7f451fdb4230>,27,14,[6 2],28,-1,42,-1,28
1,<environment.Job instance at 0x7f451fdb4fa0>,26,22,[3 8],27,-1,50,-1,28
1,<environment.Job instance at 0x7f45168473c0>,38,17,[3 7],39,-1,56,-1,39
1,<environment.Job instance at 0x7f45168479b0>,39,12,[ 5 10],40,-1,52,-1,40
1,<environment.Job instance at 0x7f45177aae10>,40,18,[9 4],41,-1,59,-1,41
1,<environment.Job instance at 0x7f45177aaa50>,48,24,[8 2],49,-1,74,-1,50
1,<environment.Job instance at 0x7f45177aa0f0>,50,18,[ 2 12],51,-1,81,-1,63
1,<environment.Job instance at 0x7f45177aa8c0>,51,15,[10  3],52,-1,81,-1,66
1,<environment.Job instance at 0x7f45177aa050>,52,18,[1 9],53,-1,84,-1,66
1,<environment.Job instance at 0x7f45177aa3c0>,57,13,[ 2 10],58,-1,79,-1,66
1,<environment.Job instance at 0x7f4516235eb0>,60,14,[5 7],61,-1,80,-1,66
1,<environment.Job instance at 0x7f45177aa370>,53,17,[6 3],54,-1,83,-1,66
1,<environment.Job instance at 0x7f4516235dc0>,62,18,[4 9],63,-1,84,-1,66
1,<environment.Job instance at 0x7f45177aadc0>,49,27,[ 3 13],50,-1,93,-1,66
1,<environment.Job instance at 0x7f4516235c80>,64,15,[9 5],65,-1,81,-1,66
1,<environment.Job instance at 0x7f4516235780>,66,18,[8 5],67,-1,87,-1,69
1,<environment.Job instance at 0x7f45201b9320>,0,12,[ 4 12],1,-1,13,-1,1
1,<environment.Job instance at 0x7f4516d24690>,19,27,[5 8],20,-1,81,-1,54
1,<environment.Job instance at 0x7f4517394050>,35,15,[13  3],36,-1,101,-1,86
1,<environment.Job instance at 0x7f45173fa140>,42,1,[14  1],43,-1,105,-1,104
1,<environment.Job instance at 0x7f4516ab8a50>,44,17,[14  4],45,-1,135,-1,118
1,<environment.Job instance at 0x7f451fe75050>,48,24,[8 2],49,-1,157,-1,133
1,<environment.Job instance at 0x7f451fe75730>,49,27,[ 3 13],50,-1,160,-1,133
1,<environment.Job instance at 0x7f4516a970f0>,50,18,[ 2 12],51,-1,151,-1,133
1,<environment.Job instance at 0x7f4516d2d410>,56,24,[13  3],57,-1,179,-1,155
1,<environment.Job instance at 0x7f45177cfb40>,1,18,[5 5],2,-1,20,-1,2
1,<environment.Job instance at 0x7f45166eed70>,4,18,[9 2],5,-1,24,-1,6
1,<environment.Job instance at 0x7f45166eee60>,6,17,[3 5],7,-1,24,-1,7
1,<environment.Job instance at 0x7f4516f7c370>,5,18,[10  4],6,-1,25,-1,7
1,<environment.Job instance at 0x7f45166ee8c0>,7,15,[5 9],8,-1,23,-1,8
1,<environment.Job instance at 0x7f45166ee2d0>,10,15,[10  5],11,-1,27,-1,12
1,<environment.Job instance at 0x7f45166ee050>,11,17,[8 2],12,-1,29,-1,12
1,<environment.Job instance at 0x7f4516b1a3c0>,14,18,[8 4],15,-1,34,-1,16
1,<environment.Job instance at 0x7f4516b1a460>,17,17,[2 7],18,-1,37,-1,20
1,<environment.Job instance at 0x7f4516b1a870>,21,13,[ 5 10],22,-1,35,-1,22
1,<environment.Job instance at 0x7f45167a3a00>,38,12,[1 8],39,-1,54,-1,42
1,<environment.Job instance at 0x7f4516b1a9b0>,23,15,[ 5 12],24,-1,57,-1,42
1,<environment.Job instance at 0x7f4516b1a140>,16,15,[ 2 12],17,-1,59,-1,44
1,<environment.Job instance at 0x7f45167a3aa0>,39,16,[6 3],40,-1,63,-1,47
1,<environment.Job instance at 0x7f4516b1aaf0>,24,18,[3 9],25,-1,67,-1,49
1,<environment.Job instance at 0x7f45167a3190>,31,17,[10  2],32,-1,66,-1,49
1,<environment.Job instance at 0x7f45167a3820>,42,16,[6 5],43,-1,65,-1,49
1,<environment.Job instance at 0x7f45167a3910>,37,18,[7 5],38,-1,67,-1,49
1,<environment.Job instance at 0x7f45167a3be0>,41,17,[5 3],42,-1,66,-1,49
1,<environment.Job instance at 0x7f45167a3eb0>,46,14,[8 4],47,-1,63,-1,49
1,<environment.Job instance at 0x7f45167a3c30>,40,17,[11  3],41,-1,70,-1,53
1,<environment.Job instance at 0x7f45167c8320>,51,16,[3 9],52,-1,78,-1,62
1,<environment.Job instance at 0x7f45167c8a00>,57,24,[8 1],58,-1,86,-1,62
1,<environment.Job instance at 0x7f45167c8dc0>,61,28,[5 9],62,-1,90,-1,62
1,<environment.Job instance at 0x7f45167c8e10>,60,16,[8 2],61,-1,80,-1,64
1,<environment.Job instance at 0x7f45167c00f0>,63,28,[6 1],64,-1,92,-1,64
1,<environment.Job instance at 0x7f45167c0370>,67,16,[10  4],68,-1,89,-1,73
1,<environment.Job instance at 0x7f45167c04b0>,68,23,[ 3 10],69,-1,96,-1,73
1,<environment.Job instance at 0x7f45167c02d0>,66,18,[9 2],67,-1,97,-1,79
1,<environment.Job instance at 0x7f45167c0690>,69,17,[4 5],70,-1,96,-1,79
1,<environment.Job instance at 0x7f45167c0550>,72,14,[4 6],73,-1,94,-1,80
1,<environment.Job instance at 0x7f45167c08c0>,73,18,[ 5 11],74,-1,98,-1,80
1,<environment.Job instance at 0x7f45167c0b90>,78,1,[9 4],79,-1,81,-1,80
1,<environment.Job instance at 0x7f45167c0af0>,77,19,[6 3],78,-1,99,-1,80
1,<environment.Job instance at 0x7f4516f11910>,80,18,[7 1],81,-1,100,-1,82
1,<environment.Job instance at 0x7f4516b15050>,82,18,[6 5],83,-1,101,-1,83
1,<environment.Job instance at 0x7f4516b01eb0>,86,22,[3 7],87,-1,109,-1,87
1,<environment.Job instance at 0x7f4516b012d0>,87,21,[5 3],88,-1,110,-1,89
1,<environment.Job instance at 0x7f451635abe0>,90,17,[9 5],91,-1,108,-1,91
1,<environment.Job instance at 0x7f45167a35a0>,35,13,[ 5 10],36,-1,105,-1,92
1,<environment.Job instance at 0x7f45162fca50>,84,17,[12  2],85,-1,112,-1,95
1,<environment.Job instance at 0x7f4516d80280>,91,14,[9 4],92,-1,109,-1,95
1,<environment.Job instance at 0x7f45165cbfa0>,93,12,[2 8],94,-1,107,-1,95
1,<environment.Job instance at 0x7f4516cd5c30>,89,14,[3 7],90,-1,109,-1,95
1,<environment.Job instance at 0x7f451630e3c0>,98,18,[1 8],99,-1,117,-1,99
1,<environment.Job instance at 0x7f4516a971e0>,99,21,[10  5],100,-1,121,-1,100
1,<environment.Job instance at 0x7f451776baa0>,105,16,[ 4 14],106,-1,127,-1,111
1,<environment.Job instance at 0x7f4516d9a780>,100,15,[4 9],101,-1,126,-1,111
1,<environment.Job instance at 0x7f451635f730>,108,17,[7 4],109,-1,129,-1,112
1,<environment.Job instance at 0x7f451630ea50>,96,28,[7 3],97,-1,140,-1,112
1,<environment.Job instance at 0x7f451688eb40>,110,12,[4 8],111,-1,125,-1,113
1,<environment.Job instance at 0x7f451688e960>,112,20,[1 9],113,-1,133,-1,113
1,<environment.Job instance at 0x7f451688ea00>,113,18,[3 7],114,-1,132,-1,114
1,<environment.Job instance at 0x7f451688e280>,116,18,[3 6],117,-1,135,-1,117
1,<environment.Job instance at 0x7f451688ee60>,118,17,[2 5],119,-1,136,-1,119
1,<environment.Job instance at 0x7f4516872500>,125,26,[5 5],126,-1,152,-1,126
1,<environment.Job instance at 0x7f4516872910>,127,15,[8 4],128,-1,144,-1,129
1,<environment.Job instance at 0x7f4517106910>,128,22,[10  5],129,-1,151,-1,129
1,<environment.Job instance at 0x7f451635f050>,107,16,[2 6],108,-1,146,-1,130
1,<environment.Job instance at 0x7f45168967d0>,129,15,[2 8],130,-1,165,-1,150
1,<environment.Job instance at 0x7f451688bb90>,140,25,[9 5],141,-1,177,-1,152
1,<environment.Job instance at 0x7f45167c8410>,8,28,[ 2 11],9,-1,46,-1,18
1,<environment.Job instance at 0x7f451688eb90>,16,15,[ 2 12],17,-1,53,-1,38
1,<environment.Job instance at 0x7f451687f780>,20,12,[ 1 11],21,-1,64,-1,52
1,<environment.Job instance at 0x7f4517026af0>,23,15,[ 5 12],24,-1,84,-1,69
1,<environment.Job instance at 0x7f45175855a0>,40,17,[11  3],41,-1,148,-1,131
1,<environment.Job instance at 0x7f4516164aa0>,0,15,[9 4],1,-1,17,-1,2
1,<environment.Job instance at 0x7f4516d35500>,1,14,[8 1],2,-1,16,-1,2
1,<environment.Job instance at 0x7f4516164c30>,2,17,[9 5],3,-1,20,-1,3
1,<environment.Job instance at 0x7f4516164cd0>,4,18,[6 4],5,-1,23,-1,5
1,<environment.Job instance at 0x7f4516164d70>,5,27,[5 8],6,-1,33,-1,6
1,<environment.Job instance at 0x7f4517836b90>,7,25,[6 4],8,-1,33,-1,8
1,<environment.Job instance at 0x7f4515f10c30>,13,18,[10  5],14,-1,34,-1,16
1,<environment.Job instance at 0x7f4516d6fc80>,18,16,[8 2],19,-1,35,-1,19
1,<environment.Job instance at 0x7f4516d6fe10>,15,12,[9 4],16,-1,31,-1,19
1,<environment.Job instance at 0x7f4516d6f500>,21,21,[4 7],22,-1,43,-1,22
1,<environment.Job instance at 0x7f4516d6fe60>,25,17,[4 6],26,-1,43,-1,26
1,<environment.Job instance at 0x7f4516da8e60>,27,13,[ 2 10],28,-1,44,-1,31
1,<environment.Job instance at 0x7f45160549b0>,31,26,[5 4],32,-1,58,-1,32
1,<environment.Job instance at 0x7f4516054e10>,30,18,[7 3],31,-1,50,-1,32
1,<environment.Job instance at 0x7f4516054d20>,35,17,[2 7],36,-1,53,-1,36
1,<environment.Job instance at 0x7f4516054730>,37,18,[1 7],38,-1,56,-1,38
1,<environment.Job instance at 0x7f451712d320>,42,13,[3 9],43,-1,56,-1,43
1,<environment.Job instance at 0x7f451712d5a0>,43,12,[5 8],44,-1,56,-1,44
1,<environment.Job instance at 0x7f4516054280>,40,22,[ 3 10],41,-1,68,-1,46
1,<environment.Job instance at 0x7f4517062820>,60,2,[3 7],61,-1,64,-1,62
1,<environment.Job instance at 0x7f4517062190>,51,16,[5 4],52,-1,78,-1,62
1,<environment.Job instance at 0x7f4517062f00>,59,13,[3 8],60,-1,76,-1,63
1,<environment.Job instance at 0x7f45175ad820>,62,2,[8 4],63,-1,65,-1,63
1,<environment.Job instance at 0x7f45175ad690>,63,18,[5 5],64,-1,82,-1,64
1,<environment.Job instance at 0x7f45175ad460>,64,16,[10  2],65,-1,81,-1,65
1,<environment.Job instance at 0x7f45175ad960>,65,13,[4 8],66,-1,80,-1,67
1,<environment.Job instance at 0x7f45175ad2d0>,66,16,[5 6],67,-1,86,-1,70
1,<environment.Job instance at 0x7f45175addc0>,61,18,[ 3 14],62,-1,93,-1,75
1,<environment.Job instance at 0x7f45175ad1e0>,72,15,[5 5],73,-1,91,-1,76
1,<environment.Job instance at 0x7f45175ad640>,75,14,[5 8],76,-1,90,-1,76
1,<environment.Job instance at 0x7f451720f370>,77,17,[3 7],78,-1,95,-1,78
1,<environment.Job instance at 0x7f45175add20>,74,18,[ 3 10],75,-1,97,-1,79
1,<environment.Job instance at 0x7f451720f5a0>,78,16,[7 5],79,-1,95,-1,79
1,<environment.Job instance at 0x7f451720f820>,79,20,[5 5],80,-1,101,-1,81
1,<environment.Job instance at 0x7f45175ad780>,76,14,[5 5],77,-1,96,-1,82
1,<environment.Job instance at 0x7f451720f2d0>,81,13,[6 3],82,-1,99,-1,86
1,<environment.Job instance at 0x7f45175adb90>,68,13,[14  3],69,-1,100,-1,87
1,<environment.Job instance at 0x7f451720f6e0>,86,18,[1 8],87,-1,105,-1,87
1,<environment.Job instance at 0x7f451720fa50>,91,14,[10  5],92,-1,106,-1,92
1,<environment.Job instance at 0x7f45175873c0>,93,13,[7 4],94,-1,107,-1,94
1,<environment.Job instance at 0x7f4517062640>,52,18,[2 9],53,-1,115,-1,97
1,<environment.Job instance at 0x7f45202a4cd0>,95,15,[7 2],96,-1,112,-1,97
1,<environment.Job instance at 0x7f451781e690>,98,15,[8 5],99,-1,114,-1,99
1,<environment.Job instance at 0x7f4515e7bbe0>,102,16,[5 6],103,-1,119,-1,103
1,<environment.Job instance at 0x7f45170980f0>,110,22,[9 5],111,-1,134,-1,112
1,<environment.Job instance at 0x7f451730f5f0>,112,27,[8 4],113,-1,150,-1,123
1,<environment.Job instance at 0x7f451618d230>,100,17,[14  5],101,-1,150,-1,133
1,<environment.Job instance at 0x7f4516fcdeb0>,118,18,[8 4],119,-1,151,-1,133
1,<environment.Job instance at 0x7f451607eaa0>,5,27,[5 8],6,-1,43,-1,16
1,<environment.Job instance at 0x7f4516d24780>,7,25,[6 4],8,-1,41,-1,16
1,<environment.Job instance at 0x7f45161f9b40>,10,14,[ 1 14],11,-1,31,-1,17
1,<environment.Job instance at 0x7f4516d24f50>,9,25,[10  1],10,-1,68,-1,43
1,<environment.Job instance at 0x7f4516593af0>,31,26,[5 4],32,-1,97,-1,71
1,<environment.Job instance at 0x7f4517046280>,38,26,[ 3 10],39,-1,128,-1,102
1,<environment.Job instance at 0x7f45166334b0>,57,3,[ 5 11],58,-1,147,-1,144
1,<environment.Job instance at 0x7f451662c410>,61,18,[ 3 14],62,-1,176,-1,158
1,<environment.Job instance at 0x7f45176845a0>,0,17,[10  5],1,-1,19,-1,2
1,<environment.Job instance at 0x7f45176849b0>,4,13,[10  2],5,-1,18,-1,5
1,<environment.Job instance at 0x7f45176be410>,5,17,[9 4],6,-1,23,-1,6
1,<environment.Job instance at 0x7f45176be9b0>,6,16,[10  4],7,-1,23,-1,7
1,<environment.Job instance at 0x7f45176bed70>,8,14,[10  3],9,-1,25,-1,11
1,<environment.Job instance at 0x7f45176bedc0>,11,12,[3 5],12,-1,24,-1,12
1,<environment.Job instance at 0x7f45176beb90>,12,18,[3 6],13,-1,31,-1,13
1,<environment.Job instance at 0x7f45176befa0>,13,16,[5 8],14,-1,30,-1,14
1,<environment.Job instance at 0x7f45176be140>,18,18,[2 8],19,-1,37,-1,19
1,<environment.Job instance at 0x7f45176bec30>,20,15,[5 9],21,-1,36,-1,21
1,<environment.Job instance at 0x7f45176be870>,21,18,[8 4],22,-1,40,-1,22
1,<environment.Job instance at 0x7f452016e410>,22,17,[5 3],23,-1,40,-1,23
1,<environment.Job instance at 0x7f452016e190>,23,18,[4 6],24,-1,42,-1,24
1,<environment.Job instance at 0x7f452016e7d0>,26,16,[7 4],27,-1,43,-1,27
1,<environment.Job instance at 0x7f45173a3e60>,30,16,[7 5],31,-1,47,-1,31
1,<environment.Job instance at 0x7f45173a3550>,35,28,[5 5],36,-1,64,-1,36
1,<environment.Job instance at 0x7f45173a3d70>,38,14,[3 7],39,-1,53,-1,39
1,<environment.Job instance at 0x7f45173a35f0>,39,18,[1 5],40,-1,58,-1,40
1,<environment.Job instance at 0x7f451722f500>,41,21,[4 8],42,-1,63,-1,42
1,<environment.Job instance at 0x7f451722f870>,42,14,[1 7],43,-1,57,-1,43
1,<environment.Job instance at 0x7f451722f820>,43,16,[10  5],44,-1,60,-1,44
1,<environment.Job instance at 0x7f452005ec80>,46,17,[7 1],47,-1,64,-1,47
1,<environment.Job instance at 0x7f45174635a0>,50,21,[6 2],51,-1,72,-1,51
1,<environment.Job instance at 0x7f4517043b40>,53,13,[10  4],54,-1,72,-1,59
1,<environment.Job instance at 0x7f4517043960>,59,16,[ 4 11],60,-1,76,-1,60
1,<environment.Job instance at 0x7f4517043af0>,60,28,[4 7],61,-1,89,-1,61
1,<environment.Job instance at 0x7f4517043d70>,58,22,[4 8],59,-1,83,-1,61
1,<environment.Job instance at 0x7f451680c460>,63,14,[ 3 11],64,-1,84,-1,70
1,<environment.Job instance at 0x7f45165897d0>,71,15,[4 5],72,-1,87,-1,72
1,<environment.Job instance at 0x7f4516589730>,72,16,[10  5],73,-1,89,-1,73
1,<environment.Job instance at 0x7f4516653960>,73,13,[5 1],74,-1,87,-1,74
1,<environment.Job instance at 0x7f4517402a50>,64,14,[ 1 10],65,-1,93,-1,79
1,<environment.Job instance at 0x7f4516b225f0>,77,17,[ 4 14],78,-1,96,-1,79
1,<environment.Job instance at 0x7f45178969b0>,79,17,[6 4],80,-1,98,-1,81
1,<environment.Job instance at 0x7f451780c3c0>,78,18,[2 9],79,-1,99,-1,81
1,<environment.Job instance at 0x7f45170431e0>,61,15,[ 5 14],62,-1,102,-1,87
1,<environment.Job instance at 0x7f4516c9a140>,81,16,[ 4 10],82,-1,103,-1,87
1,<environment.Job instance at 0x7f451654dfa0>,88,17,[ 1 10],89,-1,106,-1,89
1,<environment.Job instance at 0x7f4516589820>,75,15,[10  3],76,-1,105,-1,90
1,<environment.Job instance at 0x7f4516a13f50>,86,16,[7 1],87,-1,107,-1,91
1,<environment.Job instance at 0x7f451654d4b0>,94,1,[5 8],95,-1,102,-1,101
1,<environment.Job instance at 0x7f45165dcc80>,80,14,[3 9],81,-1,117,-1,103
1,<environment.Job instance at 0x7f451711f6e0>,101,16,[6 5],102,-1,120,-1,104
1,<environment.Job instance at 0x7f451711f4b0>,104,17,[4 9],105,-1,122,-1,105
1,<environment.Job instance at 0x7f451711f5a0>,105,17,[ 5 10],106,-1,123,-1,106
1,<environment.Job instance at 0x7f451711fe60>,103,2,[ 5 10],104,-1,115,-1,113
1,<environment.Job instance at 0x7f451654d460>,95,16,[5 2],96,-1,129,-1,113
1,<environment.Job instance at 0x7f451711f640>,109,18,[9 4],110,-1,132,-1,114
1,<environment.Job instance at 0x7f451711f280>,111,16,[14  3],112,-1,130,-1,114
1,<environment.Job instance at 0x7f45175b03c0>,114,17,[5 2],115,-1,134,-1,117
1,<environment.Job instance at 0x7f45203f15a0>,119,16,[4 9],120,-1,136,-1,120
1,<environment.Job instance at 0x7f45175b0be0>,112,3,[ 1 14],113,-1,125,-1,122
1,<environment.Job instance at 0x7f4516e24b40>,125,14,[3 5],126,-1,144,-1,130
1,<environment.Job instance at 0x7f4516e24140>,124,13,[10  1],125,-1,143,-1,130
1,<environment.Job instance at 0x7f4516e24460>,123,17,[9 1],124,-1,147,-1,130
1,<environment.Job instance at 0x7f451711f140>,110,2,[5 5],111,-1,138,-1,136
1,<environment.Job instance at 0x7f451729d9b0>,129,18,[ 3 10],130,-1,155,-1,137
1,<environment.Job instance at 0x7f451729dc30>,131,18,[5 9],132,-1,156,-1,138
1,<environment.Job instance at 0x7f451729d690>,130,1,[5 1],131,-1,140,-1,139
1,<environment.Job instance at 0x7f451729d2d0>,135,18,[9 4],136,-1,157,-1,139
1,<environment.Job instance at 0x7f451729d910>,136,25,[6 2],137,-1,165,-1,140
1,<environment.Job instance at 0x7f4516e24690>,127,18,[7 5],128,-1,158,-1,140
1,<environment.Job instance at 0x7f451636f5a0>,138,2,[10  5],139,-1,142,-1,140
1,<environment.Job instance at 0x7f451729d500>,137,17,[8 2],138,-1,157,-1,140
1,<environment.Job instance at 0x7f451729d0f0>,132,14,[9 2],133,-1,154,-1,140
1,<environment.Job instance at 0x7f451636fe60>,139,17,[7 1],140,-1,158,-1,141
1,<environment.Job instance at 0x7f451636faa0>,142,12,[2 6],143,-1,155,-1,143
1,<environment.Job instance at 0x7f451636f2d0>,140,15,[8 3],141,-1,160,-1,145
1,<environment.Job instance at 0x7f451636f0f0>,144,1,[8 1],145,-1,147,-1,146
1,<environment.Job instance at 0x7f451636f0a0>,146,12,[10  1],147,-1,160,-1,148
1,<environment.Job instance at 0x7f451636f7d0>,143,15,[3 8],144,-1,163,-1,148
1,<environment.Job instance at 0x7f451636fb40>,149,16,[10  3],150,-1,166,-1,150
1,<environment.Job instance at 0x7f4516c60a50>,7,3,[ 5 11],8,-1,21,-1,18
1,<environment.Job instance at 0x7f45203f12d0>,24,12,[13  3],25,-1,108,-1,96
1,<environment.Job instance at 0x7f4516575500>,35,28,[5 5],36,-1,163,-1,135
1,<environment.Job instance at 0x7f45165c2cd0>,40,12,[ 4 14],41,-1,161,-1,149
1,<environment.Job instance at 0x7f451769b410>,6,12,[7 2],7,-1,19,-1,7
1,<environment.Job instance at 0x7f451769b4b0>,7,12,[7 5],8,-1,20,-1,8
1,<environment.Job instance at 0x7f451769b550>,9,25,[1 7],10,-1,35,-1,10
1,<environment.Job instance at 0x7f451769b5a0>,11,16,[5 9],12,-1,28,-1,12
1,<environment.Job instance at 0x7f451769b8c0>,12,17,[7 4],13,-1,30,-1,13
1,<environment.Job instance at 0x7f451769b910>,14,12,[4 7],15,-1,27,-1,15
1,<environment.Job instance at 0x7f451769baa0>,15,13,[1 5],16,-1,29,-1,16
1,<environment.Job instance at 0x7f451769b960>,16,17,[10  4],17,-1,34,-1,17
1,<environment.Job instance at 0x7f451769bb40>,17,14,[7 2],18,-1,32,-1,18
1,<environment.Job instance at 0x7f451769bbe0>,18,14,[ 5 11],19,-1,33,-1,19
1,<environment.Job instance at 0x7f451769bc80>,19,17,[1 7],20,-1,37,-1,20
1,<environment.Job instance at 0x7f451769bd20>,20,14,[2 6],21,-1,35,-1,21
1,<environment.Job instance at 0x7f451769be60>,22,18,[ 1 10],23,-1,41,-1,23
1,<environment.Job instance at 0x7f4516edcf00>,23,15,[1 5],24,-1,39,-1,24
1,<environment.Job instance at 0x7f45165350a0>,24,12,[9 4],25,-1,37,-1,25
1,<environment.Job instance at 0x7f45165351e0>,26,15,[4 7],27,-1,42,-1,27
1,<environment.Job instance at 0x7f45165352d0>,28,17,[9 3],29,-1,48,-1,31
1,<environment.Job instance at 0x7f45165354b0>,30,14,[10  1],31,-1,45,-1,31
1,<environment.Job instance at 0x7f4516535550>,32,18,[10  1],33,-1,52,-1,34
1,<environment.Job instance at 0x7f4516535780>,34,27,[1 7],35,-1,63,-1,36
1,<environment.Job instance at 0x7f4516535aa0>,36,13,[4 6],37,-1,50,-1,37
1,<environment.Job instance at 0x7f4516535b40>,37,18,[6 1],38,-1,56,-1,38
1,<environment.Job instance at 0x7f4516535be0>,38,17,[3 6],39,-1,56,-1,39
1,<environment.Job instance at 0x7f4516535960>,33,15,[7 2],34,-1,56,-1,41
1,<environment.Job instance at 0x7f4516535f00>,42,15,[4 7],43,-1,58,-1,43
1,<environment.Job instance at 0x7f4516545140>,43,14,[9 2],44,-1,61,-1,47
1,<environment.Job instance at 0x7f4516545460>,46,16,[1 9],47,-1,64,-1,48
1,<environment.Job instance at 0x7f45165459b0>,51,18,[4 6],52,-1,70,-1,52
1,<environment.Job instance at 0x7f4516545b90>,54,14,[1 7],55,-1,69,-1,55
1,<environment.Job instance at 0x7f4516545e10>,55,13,[10  4],56,-1,69,-1,56
1,<environment.Job instance at 0x7f4516545d20>,56,19,[5 4],57,-1,76,-1,57
1,<environment.Job instance at 0x7f4516545f00>,57,17,[1 8],58,-1,76,-1,59
1,<environment.Job instance at 0x7f45165563c0>,59,13,[8 2],60,-1,73,-1,60
1,<environment.Job instance at 0x7f4516556a00>,60,3,[10  1],61,-1,64,-1,61
1,<environment.Job instance at 0x7f4516556be0>,61,3,[5 4],62,-1,65,-1,62
1,<environment.Job instance at 0x7f4516556230>,62,14,[5 6],63,-1,77,-1,63
1,<environment.Job instance at 0x7f4516556c80>,63,18,[10  1],64,-1,82,-1,64
1,<environment.Job instance at 0x7f4516556370>,64,15,[9 3],65,-1,80,-1,65
1,<environment.Job instance at 0x7f4516545e60>,58,18,[4 6],59,-1,83,-1,65
1,<environment.Job instance at 0x7f45165560a0>,66,17,[ 2 10],67,-1,85,-1,68
1,<environment.Job instance at 0x7f4516556cd0>,71,16,[9 3],72,-1,92,-1,76
1,<environment.Job instance at 0x7f45165381e0>,79,23,[9 3],80,-1,103,-1,80
1,<environment.Job instance at 0x7f45165380f0>,81,15,[7 4],82,-1,97,-1,82
1,<environment.Job instance at 0x7f4516538550>,82,16,[7 2],83,-1,99,-1,83
1,<environment.Job instance at 0x7f4516538aa0>,87,18,[2 7],88,-1,106,-1,88
1,<environment.Job instance at 0x7f4516538af0>,89,15,[8 5],90,-1,105,-1,90
1,<environment.Job instance at 0x7f4516538c80>,90,22,[9 3],91,-1,113,-1,91
1,<environment.Job instance at 0x7f4516538d20>,91,28,[1 5],92,-1,120,-1,92
1,<environment.Job instance at 0x7f4516538f00>,94,15,[7 5],95,-1,113,-1,98
1,<environment.Job instance at 0x7f4516556190>,72,15,[ 2 12],73,-1,113,-1,98
1,<environment.Job instance at 0x7f451652d500>,99,14,[6 4],100,-1,115,-1,101
1,<environment.Job instance at 0x7f451652d5f0>,100,18,[1 7],101,-1,119,-1,101
1,<environment.Job instance at 0x7f451652d780>,103,15,[3 8],104,-1,119,-1,104
1,<environment.Job instance at 0x7f451652db40>,106,18,[12  4],107,-1,125,-1,107
1,<environment.Job instance at 0x7f451652d1e0>,97,22,[7 3],98,-1,131,-1,109
1,<environment.Job instance at 0x7f45176af0f0>,111,27,[6 5],112,-1,140,-1,113
1,<environment.Job instance at 0x7f45176af8c0>,109,18,[5 9],110,-1,135,-1,117
1,<environment.Job instance at 0x7f45176af320>,114,17,[7 2],115,-1,134,-1,117
1,<environment.Job instance at 0x7f4516556b40>,76,17,[11  2],77,-1,134,-1,117
1,<environment.Job instance at 0x7f45176b2a00>,116,16,[ 1 12],117,-1,133,-1,117
1,<environment.Job instance at 0x7f4517684e60>,108,14,[5 9],109,-1,131,-1,117
1,<environment.Job instance at 0x7f45176b2fa0>,118,25,[10  1],119,-1,144,-1,119
1,<environment.Job instance at 0x7f45176b2d70>,117,16,[6 5],118,-1,137,-1,121
1,<environment.Job instance at 0x7f45171995f0>,121,15,[10  3],122,-1,137,-1,122
1,<environment.Job instance at 0x7f45176b2f50>,119,23,[4 9],120,-1,145,-1,122
1,<environment.Job instance at 0x7f451717af00>,110,18,[4 5],111,-1,145,-1,127
1,<environment.Job instance at 0x7f45163f3910>,2,2,[ 1 12],3,-1,5,-1,3
1,<environment.Job instance at 0x7f45163f3780>,9,25,[1 7],10,-1,39,-1,14
1,<environment.Job instance at 0x7f45176837d0>,18,14,[ 5 11],19,-1,55,-1,41
1,<environment.Job instance at 0x7f4515fc8370>,34,27,[1 7],35,-1,149,-1,122
1,<environment.Job instance at 0x7f451767e7d0>,6,15,[9 4],7,-1,23,-1,8
1,<environment.Job instance at 0x7f451767ec30>,8,25,[3 6],9,-1,34,-1,9
1,<environment.Job instance at 0x7f451767e960>,7,18,[5 9],8,-1,27,-1,9
1,<environment.Job instance at 0x7f451767e500>,10,17,[8 5],11,-1,28,-1,11
1,<environment.Job instance at 0x7f4517896dc0>,12,13,[3 8],13,-1,27,-1,14
1,<environment.Job instance at 0x7f451767fd70>,14,12,[6 3],15,-1,27,-1,15
1,<environment.Job instance at 0x7f451767f960>,15,14,[7 2],16,-1,30,-1,16
1,<environment.Job instance at 0x7f451767f7d0>,17,16,[2 5],18,-1,34,-1,18
1,<environment.Job instance at 0x7f451767f140>,18,15,[5 5],19,-1,34,-1,19
1,<environment.Job instance at 0x7f4516b62730>,21,13,[ 4 11],22,-1,35,-1,22
1,<environment.Job instance at 0x7f4516b62b90>,22,20,[3 6],23,-1,43,-1,23
1,<environment.Job instance at 0x7f4515ea3fa0>,23,17,[10  4],24,-1,41,-1,24
1,<environment.Job instance at 0x7f451784d780>,26,21,[10  4],27,-1,48,-1,27
1,<environment.Job instance at 0x7f451765a730>,27,15,[3 8],28,-1,43,-1,28
1,<environment.Job instance at 0x7f451611db90>,30,16,[10  1],31,-1,50,-1,34
1,<environment.Job instance at 0x7f451611d6e0>,31,18,[3 7],32,-1,52,-1,34
1,<environment.Job instance at 0x7f451634f410>,38,17,[7 2],39,-1,57,-1,40
1,<environment.Job instance at 0x7f451634fd20>,39,15,[8 4],40,-1,55,-1,40
1,<environment.Job instance at 0x7f451634f870>,44,17,[7 2],45,-1,65,-1,48
1,<environment.Job instance at 0x7f45175ee4b0>,52,15,[9 5],53,-1,83,-1,68
1,<environment.Job instance at 0x7f45160f7640>,67,18,[3 6],68,-1,89,-1,71
1,<environment.Job instance at 0x7f45162003c0>,72,20,[ 1 10],73,-1,119,-1,99
1,<environment.Job instance at 0x7f45174634b0>,3,12,[ 1 14],4,-1,16,-1,4
1,<environment.Job instance at 0x7f451635fd70>,8,25,[3 6],9,-1,34,-1,9
1,<environment.Job instance at 0x7f4515f99eb0>,21,13,[ 4 11],22,-1,63,-1,50
1,<environment.Job instance at 0x7f45171a3820>,29,15,[14  4],30,-1,82,-1,67
1,<environment.Job instance at 0x7f4515fc8730>,37,24,[9 5],38,-1,126,-1,102
1,<environment.Job instance at 0x7f4516597e60>,46,1,[12  5],47,-1,135,-1,134
1,<environment.Job instance at 0x7f451605b6e0>,49,16,[13  2],50,-1,165,-1,149
1,<environment.Job instance at 0x7f451617f640>,0,13,[10  5],1,-1,16,-1,3
1,<environment.Job instance at 0x7f451617faa0>,2,26,[8 2],3,-1,29,-1,3
1,<environment.Job instance at 0x7f4517335910>,5,18,[10  1],6,-1,25,-1,7
1,<environment.Job instance at 0x7f4517335820>,7,13,[8 1],8,-1,21,-1,8
1,<environment.Job instance at 0x7f451617ff50>,6,27,[5 8],7,-1,35,-1,8
1,<environment.Job instance at 0x7f4517335550>,10,21,[5 7],11,-1,32,-1,11
1,<environment.Job instance at 0x7f451605b2d0>,18,16,[2 8],19,-1,36,-1,20
1,<environment.Job instance at 0x7f451605b5a0>,22,12,[2 7],23,-1,35,-1,23
1,<environment.Job instance at 0x7f451605b460>,23,26,[7 3],24,-1,50,-1,24
1,<environment.Job instance at 0x7f451605b500>,24,18,[5 8],25,-1,43,-1,25
1,<environment.Job instance at 0x7f451605ba00>,25,15,[3 7],26,-1,41,-1,26
1,<environment.Job instance at 0x7f451605b320>,26,17,[5 7],27,-1,44,-1,27
1,<environment.Job instance at 0x7f451605b140>,27,14,[ 4 10],28,-1,42,-1,28
1,<environment.Job instance at 0x7f451605b640>,29,16,[3 7],30,-1,46,-1,30
1,<environment.Job instance at 0x7f4515fb29b0>,32,13,[4 9],33,-1,46,-1,33
1,<environment.Job instance at 0x7f4515fb2870>,33,13,[5 5],34,-1,47,-1,34
1,<environment.Job instance at 0x7f4516e7fbe0>,37,24,[9 3],38,-1,62,-1,38
1,<environment.Job instance at 0x7f45166960f0>,39,15,[10  1],40,-1,55,-1,40
1,<environment.Job instance at 0x7f451600af50>,40,18,[8 5],41,-1,59,-1,41
1,<environment.Job instance at 0x7f451600a8c0>,42,14,[8 4],43,-1,57,-1,43
1,<environment.Job instance at 0x7f451600ac30>,43,15,[3 5],44,-1,59,-1,44
1,<environment.Job instance at 0x7f451605be60>,19,12,[5 1],20,-1,57,-1,45
1,<environment.Job instance at 0x7f45170cb5a0>,54,17,[9 3],55,-1,73,-1,56
1,<environment.Job instance at 0x7f4516eec5a0>,56,17,[2 5],57,-1,74,-1,57
1,<environment.Job instance at 0x7f452031ebe0>,58,12,[4 6],59,-1,71,-1,59
1,<environment.Job instance at 0x7f451763b6e0>,59,14,[7 4],60,-1,74,-1,60
1,<environment.Job instance at 0x7f45160e94b0>,60,13,[5 7],61,-1,74,-1,61
1,<environment.Job instance at 0x7f451712cb40>,61,17,[ 5 10],62,-1,79,-1,62
1,<environment.Job instance at 0x7f451730ca50>,62,17,[6 5],63,-1,80,-1,63
1,<environment.Job instance at 0x7f45173897d0>,64,16,[ 2 11],65,-1,81,-1,65
1,<environment.Job instance at 0x7f451fe31d70>,65,12,[10  5],66,-1,78,-1,66
1,<environment.Job instance at 0x7f4517127c80>,66,19,[5 9],67,-1,86,-1,67
1,<environment.Job instance at 0x7f4516727cd0>,67,17,[4 5],68,-1,85,-1,68
1,<environment.Job instance at 0x7f4516376cd0>,70,16,[4 9],71,-1,87,-1,71
1,<environment.Job instance at 0x7f4516376690>,74,13,[9 2],75,-1,88,-1,75
1,<environment.Job instance at 0x7f4516376d70>,76,15,[2 9],77,-1,92,-1,77
1,<environment.Job instance at 0x7f451fdb23c0>,77,17,[3 8],78,-1,95,-1,78
1,<environment.Job instance at 0x7f451fdb25f0>,78,18,[5 5],79,-1,97,-1,79
1,<environment.Job instance at 0x7f451fdb28c0>,82,18,[5 7],83,-1,101,-1,83
1,<environment.Job instance at 0x7f451fdefc30>,85,1,[3 6],86,-1,87,-1,86
1,<environment.Job instance at 0x7f451fdef320>,86,15,[8 4],87,-1,102,-1,87
1,<environment.Job instance at 0x7f451fdefb90>,88,18,[5 3],89,-1,107,-1,89
1,<environment.Job instance at 0x7f4516c9e2d0>,89,18,[8 4],90,-1,108,-1,90
1,<environment.Job instance at 0x7f4516c9e280>,90,15,[1 8],91,-1,106,-1,91
1,<environment.Job instance at 0x7f4516c9e410>,91,28,[7 5],92,-1,120,-1,92
1,<environment.Job instance at 0x7f4516c9eaf0>,93,15,[10  2],94,-1,109,-1,94
1,<environment.Job instance at 0x7f4516c9ed20>,95,17,[2 9],96,-1,113,-1,96
1,<environment.Job instance at 0x7f451786b280>,102,17,[9 3],103,-1,120,-1,103
1,<environment.Job instance at 0x7f451786b690>,104,14,[2 9],105,-1,119,-1,105
1,<environment.Job instance at 0x7f4516e86f00>,106,18,[9 5],107,-1,125,-1,107
1,<environment.Job instance at 0x7f4516e86d20>,107,15,[10  2],108,-1,138,-1,123
1,<environment.Job instance at 0x7f45165c2320>,55,20,[5 6],56,-1,156,-1,136
1,<environment.Job instance at 0x7f4516597c80>,6,27,[5 8],7,-1,36,-1,9
1,<environment.Job instance at 0x7f4517333cd0>,2,26,[8 2],3,-1,40,-1,14
1,<environment.Job instance at 0x7f45177a8c80>,20,3,[ 3 12],21,-1,24,-1,21
1,<environment.Job instance at 0x7f45200075a0>,23,26,[7 3],24,-1,60,-1,34
1,<environment.Job instance at 0x7f45203f58c0>,37,24,[9 3],38,-1,118,-1,94
1,<environment.Job instance at 0x7f4516283dc0>,44,1,[12  4],45,-1,117,-1,116
1,<environment.Job instance at 0x7f4516283690>,46,25,[10  1],47,-1,155,-1,130
1,<environment.Job instance at 0x7f4515f6b870>,50,24,[ 4 13],51,-1,157,-1,133
1,<environment.Job instance at 0x7f4516399eb0>,51,14,[12  1],52,-1,147,-1,133
1,<environment.Job instance at 0x7f4515f6b230>,53,27,[4 5],54,-1,175,-1,148
1,<environment.Job instance at 0x7f45165579b0>,3,17,[ 1 10],4,-1,22,-1,5
1,<environment.Job instance at 0x7f4517141a00>,8,12,[9 5],9,-1,21,-1,9
1,<environment.Job instance at 0x7f451712ac30>,10,15,[ 4 10],11,-1,26,-1,11
1,<environment.Job instance at 0x7f45166eec80>,12,15,[7 5],13,-1,28,-1,13
1,<environment.Job instance at 0x7f45167a01e0>,15,16,[9 5],16,-1,32,-1,16
1,<environment.Job instance at 0x7f45167a0e10>,16,18,[6 5],17,-1,35,-1,17
1,<environment.Job instance at 0x7f45171dbdc0>,24,12,[10  4],25,-1,37,-1,25
1,<environment.Job instance at 0x7f45165ee820>,25,21,[ 2 10],26,-1,47,-1,26
1,<environment.Job instance at 0x7f451650a3c0>,26,15,[8 4],27,-1,42,-1,27
1,<environment.Job instance at 0x7f451611d870>,30,13,[7 3],31,-1,44,-1,31
1,<environment.Job instance at 0x7f4516557c30>,4,19,[3 6],5,-1,59,-1,40
1,<environment.Job instance at 0x7f45170460f0>,40,24,[2 5],41,-1,65,-1,41
1,<environment.Job instance at 0x7f45175ee190>,42,16,[4 9],43,-1,59,-1,43
1,<environment.Job instance at 0x7f4516f32c30>,45,20,[5 4],46,-1,66,-1,46
1,<environment.Job instance at 0x7f45171a5500>,54,16,[ 5 10],55,-1,74,-1,58
1,<environment.Job instance at 0x7f4515fb7c30>,57,22,[10  3],58,-1,81,-1,59
1,<environment.Job instance at 0x7f451765a9b0>,58,21,[1 6],59,-1,84,-1,63
1,<environment.Job instance at 0x7f4515f6dd70>,2,25,[2 8],3,-1,28,-1,3
1,<environment.Job instance at 0x7f451667b2d0>,6,26,[ 1 12],7,-1,33,-1,7
1,<environment.Job instance at 0x7f451623aaa0>,13,2,[11  4],14,-1,23,-1,21
1,<environment.Job instance at 0x7f4516f2e870>,17,2,[11  1],18,-1,34,-1,32
1,<environment.Job instance at 0x7f4516c9ad20>,29,2,[ 3 11],30,-1,69,-1,67
1,<environment.Job instance at 0x7f45175e70f0>,40,24,[2 5],41,-1,122,-1,98
1,<environment.Job instance at 0x7f451752d5f0>,46,24,[ 1 10],47,-1,131,-1,107
1,<environment.Job instance at 0x7f4516450690>,47,3,[13  1],48,-1,110,-1,107
1,<environment.Job instance at 0x7f451712c870>,53,25,[4 6],54,-1,151,-1,126
1,<environment.Job instance at 0x7f4516283eb0>,63,18,[ 5 12],64,-1,165,-1,147
1,<environment.Job instance at 0x7f4516256640>,3,18,[5 3],4,-1,22,-1,4
1,<environment.Job instance at 0x7f4516f96820>,5,14,[5 5],6,-1,20,-1,6
1,<environment.Job instance at 0x7f45162568c0>,6,22,[8 4],7,-1,29,-1,7
1,<environment.Job instance at 0x7f45169c12d0>,7,20,[5 5],8,-1,28,-1,8
1,<environment.Job instance at 0x7f45169c1820>,8,20,[6 2],9,-1,29,-1,9
1,<environment.Job instance at 0x7f45169c1cd0>,9,14,[ 2 10],10,-1,25,-1,11
1,<environment.Job instance at 0x7f45169acaf0>,11,2,[2 9],12,-1,14,-1,12
1,<environment.Job instance at 0x7f4516f963c0>,10,17,[11  3],11,-1,29,-1,12
1,<environment.Job instance at 0x7f4516a60820>,17,14,[5 4],18,-1,32,-1,18
1,<environment.Job instance at 0x7f4516a65140>,21,12,[8 3],22,-1,35,-1,23
1,<environment.Job instance at 0x7f4516a65410>,23,13,[3 6],24,-1,37,-1,24
1,<environment.Job instance at 0x7f4516a65cd0>,24,17,[5 1],25,-1,42,-1,25
1,<environment.Job instance at 0x7f4516a65c30>,22,12,[10  2],23,-1,38,-1,26
1,<environment.Job instance at 0x7f4515fa3e10>,27,23,[2 9],28,-1,51,-1,28
1,<environment.Job instance at 0x7f4515f98a00>,29,16,[7 1],30,-1,47,-1,31
1,<environment.Job instance at 0x7f45165f6730>,33,16,[8 1],34,-1,50,-1,34
1,<environment.Job instance at 0x7f4516d799b0>,34,17,[5 5],35,-1,52,-1,35
1,<environment.Job instance at 0x7f4516dad230>,36,15,[10  3],37,-1,52,-1,37
1,<environment.Job instance at 0x7f4516dadc30>,37,15,[5 3],38,-1,53,-1,38
1,<environment.Job instance at 0x7f4516dad0a0>,39,18,[4 9],40,-1,58,-1,40
1,<environment.Job instance at 0x7f45169c1e60>,30,15,[4 6],31,-1,57,-1,42
1,<environment.Job instance at 0x7f4516d83820>,49,12,[10  1],50,-1,64,-1,52
1,<environment.Job instance at 0x7f4516d9e0a0>,51,23,[10  2],52,-1,76,-1,53
1,<environment.Job instance at 0x7f4516d9e320>,52,1,[3 6],53,-1,54,-1,53
1,<environment.Job instance at 0x7f4516d9e640>,53,17,[6 2],54,-1,71,-1,54
1,<environment.Job instance at 0x7f4516d9e3c0>,54,18,[2 9],55,-1,73,-1,55
1,<environment.Job instance at 0x7f4516daa870>,55,17,[5 9],56,-1,73,-1,56
1,<environment.Job instance at 0x7f4516daacd0>,56,15,[3 6],57,-1,72,-1,57
1,<environment.Job instance at 0x7f4516daa230>,57,2,[7 4],58,-1,60,-1,58
1,<environment.Job instance at 0x7f4516daaa50>,58,18,[1 6],59,-1,77,-1,59
1,<environment.Job instance at 0x7f4516daa690>,59,15,[1 8],60,-1,75,-1,60
1,<environment.Job instance at 0x7f4516daa9b0>,60,12,[1 7],61,-1,73,-1,61
1,<environment.Job instance at 0x7f4516d9e500>,50,13,[10  5],51,-1,74,-1,61
1,<environment.Job instance at 0x7f4516daa2d0>,62,15,[9 3],63,-1,79,-1,64
1,<environment.Job instance at 0x7f4516daad20>,64,17,[7 2],65,-1,82,-1,65
1,<environment.Job instance at 0x7f4516d8a7d0>,66,15,[9 5],67,-1,82,-1,67
1,<environment.Job instance at 0x7f4516d8ad70>,67,17,[10  1],68,-1,86,-1,69
1,<environment.Job instance at 0x7f4516d8a410>,69,17,[3 7],70,-1,87,-1,70
1,<environment.Job instance at 0x7f4516d8a370>,70,1,[9 4],71,-1,72,-1,71
1,<environment.Job instance at 0x7f4516d8a8c0>,68,16,[ 5 10],69,-1,87,-1,71
1,<environment.Job instance at 0x7f4516d8ae10>,74,18,[8 4],75,-1,93,-1,75
1,<environment.Job instance at 0x7f4516d8a730>,72,14,[5 4],73,-1,89,-1,75
1,<environment.Job instance at 0x7f4516d952d0>,85,13,[10  4],86,-1,103,-1,90
1,<environment.Job instance at 0x7f4515fc2e60>,91,21,[9 2],92,-1,113,-1,92
1,<environment.Job instance at 0x7f4516d95dc0>,89,17,[4 5],90,-1,135,-1,118
1,<environment.Job instance at 0x7f4516008dc0>,105,17,[10  3],106,-1,137,-1,120
1,<environment.Job instance at 0x7f4516008640>,106,16,[ 3 10],107,-1,137,-1,121
1,<environment.Job instance at 0x7f45176db410>,111,25,[12  4],112,-1,158,-1,133
1,<environment.Job instance at 0x7f45176dbeb0>,112,18,[10  1],113,-1,151,-1,133
1,<environment.Job instance at 0x7f45176ed640>,116,17,[6 4],117,-1,150,-1,133
1,<environment.Job instance at 0x7f4515fc4320>,117,15,[3 7],118,-1,148,-1,133
1,<environment.Job instance at 0x7f4515fab780>,95,3,[8 1],96,-1,150,-1,147
1,<environment.Job instance at 0x7f451607fa50>,122,16,[8 3],123,-1,163,-1,147
1,<environment.Job instance at 0x7f451601ba00>,120,17,[3 6],121,-1,164,-1,147
1,<environment.Job instance at 0x7f4516014af0>,124,16,[8 1],125,-1,166,-1,150
1,<environment.Job instance at 0x7f45160782d0>,113,21,[1 5],114,-1,172,-1,151
1,<environment.Job instance at 0x7f4515fcb2d0>,97,22,[8 1],98,-1,175,-1,153
1,<environment.Job instance at 0x7f4516014b40>,125,12,[ 4 10],126,-1,165,-1,153
1,<environment.Job instance at 0x7f45160140f0>,126,17,[5 4],127,-1,170,-1,153
1,<environment.Job instance at 0x7f4516014f00>,129,16,[4 5],130,-1,169,-1,153
1,<environment.Job instance at 0x7f4516a70280>,133,17,[5 3],134,-1,170,-1,153
1,<environment.Job instance at 0x7f4516b64c30>,10,17,[11  3],11,-1,32,-1,15
1,<environment.Job instance at 0x7f4516b6df00>,15,1,[ 5 14],16,-1,19,-1,18
1,<environment.Job instance at 0x7f4516b773c0>,27,23,[2 9],28,-1,86,-1,63
1,<environment.Job instance at 0x7f4516b6c3c0>,28,2,[ 1 11],29,-1,65,-1,63
1,<environment.Job instance at 0x7f4517424730>,51,23,[10  2],52,-1,166,-1,143
1,<environment.Job instance at 0x7f4516f8d820>,1,28,[9 4],2,-1,30,-1,2
1,<environment.Job instance at 0x7f4516f8d460>,8,12,[9 2],9,-1,21,-1,9
1,<environment.Job instance at 0x7f4516f8da50>,9,17,[10  5],10,-1,27,-1,10
1,<environment.Job instance at 0x7f4516489fa0>,6,16,[7 3],7,-1,27,-1,11
1,<environment.Job instance at 0x7f4516d79870>,25,16,[3 7],26,-1,42,-1,26
1,<environment.Job instance at 0x7f4516d79d70>,27,14,[5 3],28,-1,42,-1,28
1,<environment.Job instance at 0x7f4516d79780>,29,16,[4 7],30,-1,46,-1,30
1,<environment.Job instance at 0x7f4516d79410>,31,14,[8 4],32,-1,46,-1,32
1,<environment.Job instance at 0x7f4516d79f50>,32,24,[3 5],33,-1,57,-1,33
1,<environment.Job instance at 0x7f4516d79b90>,34,16,[5 5],35,-1,51,-1,35
1,<environment.Job instance at 0x7f4516d79c30>,35,27,[1 5],36,-1,63,-1,36
1,<environment.Job instance at 0x7f4516d790a0>,39,14,[4 8],40,-1,54,-1,40
1,<environment.Job instance at 0x7f4516df2780>,43,14,[11  5],44,-1,58,-1,44
1,<environment.Job instance at 0x7f4516df2320>,44,17,[3 7],45,-1,62,-1,45
1,<environment.Job instance at 0x7f4516df26e0>,45,14,[4 9],46,-1,60,-1,46
1,<environment.Job instance at 0x7f4516df22d0>,49,15,[9 4],50,-1,65,-1,50
1,<environment.Job instance at 0x7f4516b145a0>,51,19,[5 8],52,-1,71,-1,52
1,<environment.Job instance at 0x7f4516b14b90>,54,14,[ 1 10],55,-1,69,-1,55
1,<environment.Job instance at 0x7f4516d76550>,21,18,[9 3],22,-1,75,-1,57
1,<environment.Job instance at 0x7f4516b14aa0>,56,13,[ 3 10],57,-1,71,-1,58
1,<environment.Job instance at 0x7f4516b14280>,58,16,[6 3],59,-1,75,-1,59
1,<environment.Job instance at 0x7f4516069c30>,63,21,[4 8],64,-1,85,-1,64
1,<environment.Job instance at 0x7f4516069be0>,62,16,[8 5],63,-1,88,-1,72
1,<environment.Job instance at 0x7f4516069a50>,69,3,[4 5],70,-1,75,-1,72
1,<environment.Job instance at 0x7f45160692d0>,68,17,[ 1 10],69,-1,89,-1,72
1,<environment.Job instance at 0x7f4516b14230>,60,15,[7 1],61,-1,89,-1,74
1,<environment.Job instance at 0x7f45160697d0>,74,16,[ 2 11],75,-1,91,-1,75
1,<environment.Job instance at 0x7f4516d76f00>,18,17,[6 1],19,-1,120,-1,103
1,<environment.Job instance at 0x7f451607f3c0>,81,15,[8 2],82,-1,118,-1,103
1,<environment.Job instance at 0x7f451607f820>,88,15,[6 2],89,-1,118,-1,103
1,<environment.Job instance at 0x7f451607f050>,84,14,[9 4],85,-1,117,-1,103
1,<environment.Job instance at 0x7f451607f5a0>,90,13,[1 6],91,-1,116,-1,103
1,<environment.Job instance at 0x7f4516069cd0>,70,12,[2 7],71,-1,115,-1,103
1,<environment.Job instance at 0x7f451607fa00>,89,15,[6 1],90,-1,118,-1,103
1,<environment.Job instance at 0x7f451607f6e0>,91,17,[ 3 10],92,-1,120,-1,103
1,<environment.Job instance at 0x7f4516a77500>,100,22,[5 2],101,-1,128,-1,106
1,<environment.Job instance at 0x7f45163990a0>,104,3,[8 4],105,-1,109,-1,106
1,<environment.Job instance at 0x7f4516a77aa0>,96,14,[8 1],97,-1,120,-1,106
1,<environment.Job instance at 0x7f451680c280>,105,19,[9 4],106,-1,125,-1,106
1,<environment.Job instance at 0x7f4516d761e0>,103,2,[ 4 10],104,-1,109,-1,107
1,<environment.Job instance at 0x7f451607f1e0>,86,15,[13  1],87,-1,122,-1,107
1,<environment.Job instance at 0x7f4516008a00>,107,14,[2 5],108,-1,122,-1,108
1,<environment.Job instance at 0x7f45173ce370>,108,16,[10  1],109,-1,125,-1,109
1,<environment.Job instance at 0x7f45169347d0>,106,13,[ 4 10],107,-1,122,-1,109
1,<environment.Job instance at 0x7f4515fbc8c0>,120,16,[8 1],121,-1,141,-1,125
1,<environment.Job instance at 0x7f4516d9ef50>,122,14,[8 4],123,-1,139,-1,125
1,<environment.Job instance at 0x7f4517182050>,1,28,[9 4],2,-1,30,-1,2
1,<environment.Job instance at 0x7f4517182b90>,2,25,[12  5],3,-1,28,-1,3
1,<environment.Job instance at 0x7f451652ac80>,14,25,[1 6],15,-1,50,-1,25
1,<environment.Job instance at 0x7f45167a3370>,32,24,[3 5],33,-1,101,-1,77
1,<environment.Job instance at 0x7f45167a3eb0>,35,27,[1 5],36,-1,107,-1,80
1,<environment.Job instance at 0x7f451747b5f0>,43,14,[11  5],44,-1,123,-1,109
1,<environment.Job instance at 0x7f45165e75a0>,4,12,[3 8],5,-1,17,-1,5
1,<environment.Job instance at 0x7f45165e7a00>,5,13,[5 5],6,-1,19,-1,6
1,<environment.Job instance at 0x7f4516523b40>,16,15,[5 3],17,-1,32,-1,17
1,<environment.Job instance at 0x7f45165234b0>,17,18,[6 1],18,-1,36,-1,18
1,<environment.Job instance at 0x7f45165235a0>,15,18,[5 5],16,-1,38,-1,20
1,<environment.Job instance at 0x7f4516f9e6e0>,11,12,[5 4],12,-1,32,-1,20
1,<environment.Job instance at 0x7f45165239b0>,19,17,[5 7],20,-1,37,-1,20
1,<environment.Job instance at 0x7f4516523140>,24,15,[4 7],25,-1,40,-1,25
1,<environment.Job instance at 0x7f4516523f50>,23,13,[ 1 11],24,-1,39,-1,26
1,<environment.Job instance at 0x7f4516523500>,26,12,[5 2],27,-1,39,-1,27
1,<environment.Job instance at 0x7f4516523410>,25,16,[7 4],26,-1,43,-1,27
1,<environment.Job instance at 0x7f4516523550>,27,13,[7 2],28,-1,42,-1,29
1,<environment.Job instance at 0x7f4516d83e10>,30,17,[1 6],31,-1,48,-1,31
1,<environment.Job instance at 0x7f4516d83370>,35,16,[10  3],36,-1,52,-1,36
1,<environment.Job instance at 0x7f4516d831e0>,38,17,[5 7],39,-1,61,-1,44
1,<environment.Job instance at 0x7f4516d83c80>,40,14,[10  4],41,-1,62,-1,48
1,<environment.Job instance at 0x7f4516523050>,21,18,[12  2],22,-1,66,-1,48
1,<environment.Job instance at 0x7f4516b83460>,44,15,[10  3],45,-1,65,-1,50
1,<environment.Job instance at 0x7f4516200a50>,47,14,[6 5],48,-1,64,-1,50
1,<environment.Job instance at 0x7f4516200820>,48,15,[10  5],49,-1,65,-1,50
1,<environment.Job instance at 0x7f4516b83fa0>,43,25,[6 2],44,-1,76,-1,51
1,<environment.Job instance at 0x7f45169c20a0>,53,17,[8 4],54,-1,72,-1,55
1,<environment.Job instance at 0x7f45169c26e0>,55,17,[2 5],56,-1,75,-1,58
1,<environment.Job instance at 0x7f45169c25f0>,56,15,[8 3],57,-1,73,-1,58
1,<environment.Job instance at 0x7f45169c2460>,57,16,[7 2],58,-1,74,-1,58
1,<environment.Job instance at 0x7f45169c2690>,58,18,[5 3],59,-1,77,-1,59
1,<environment.Job instance at 0x7f45169c25a0>,59,16,[5 4],60,-1,76,-1,60
1,<environment.Job instance at 0x7f4516a60aa0>,63,17,[10  5],64,-1,82,-1,65
1,<environment.Job instance at 0x7f4516892aa0>,1,14,[ 4 14],2,-1,16,-1,2
1,<environment.Job instance at 0x7f451690ae60>,9,15,[ 5 13],10,-1,31,-1,16
1,<environment.Job instance at 0x7f451690a320>,10,3,[13  2],11,-1,19,-1,16
1,<environment.Job instance at 0x7f4516545be0>,21,18,[12  2],22,-1,56,-1,38
1,<environment.Job instance at 0x7f45165459b0>,22,2,[ 2 13],23,-1,40,-1,38
1,<environment.Job instance at 0x7f4517770960>,23,13,[ 1 11],24,-1,51,-1,38
1,<environment.Job instance at 0x7f451749b550>,31,24,[10  2],32,-1,94,-1,70
1,<environment.Job instance at 0x7f4516d432d0>,43,25,[6 2],44,-1,145,-1,120
1,<environment.Job instance at 0x7f4516151370>,46,20,[ 5 11],47,-1,141,-1,121
1,<environment.Job instance at 0x7f9764cb6c80>,3,22,[2 5],4,-1,26,-1,4
1,<environment.Job instance at 0x7f9764cb6f00>,6,15,[2 8],7,-1,22,-1,7
1,<environment.Job instance at 0x7f9764cb6fa0>,7,14,[7 5],8,-1,22,-1,8
1,<environment.Job instance at 0x7f9764cb6dc0>,8,17,[1 8],9,-1,26,-1,9
1,<environment.Job instance at 0x7f9764cba140>,10,22,[8 1],11,-1,33,-1,11
1,<environment.Job instance at 0x7f9764cba1e0>,12,23,[6 4],13,-1,36,-1,13
1,<environment.Job instance at 0x7f9764cba4b0>,13,18,[5 9],14,-1,32,-1,14
1,<environment.Job instance at 0x7f9764cba3c0>,14,21,[8 1],15,-1,36,-1,15
1,<environment.Job instance at 0x7f9764cba5a0>,16,18,[7 3],17,-1,35,-1,17
1,<environment.Job instance at 0x7f9764cba690>,18,26,[7 4],19,-1,45,-1,19
1,<environment.Job instance at 0x7f9764cba8c0>,19,25,[5 9],20,-1,45,-1,20
1,<environment.Job instance at 0x7f9764cba960>,21,18,[9 4],22,-1,40,-1,22
1,<environment.Job instance at 0x7f9764cba9b0>,23,16,[6 2],24,-1,40,-1,24
1,<environment.Job instance at 0x7f9764cbaf00>,26,12,[8 5],27,-1,40,-1,28
1,<environment.Job instance at 0x7f9764cbc050>,28,17,[ 1 13],29,-1,46,-1,29
1,<environment.Job instance at 0x7f9764cbc140>,29,2,[4 7],30,-1,32,-1,30
1,<environment.Job instance at 0x7f9764cbc1e0>,30,26,[9 4],31,-1,57,-1,31
1,<environment.Job instance at 0x7f9764cbaeb0>,27,17,[4 6],28,-1,49,-1,32
1,<environment.Job instance at 0x7f9764cbae10>,32,21,[5 9],33,-1,54,-1,33
1,<environment.Job instance at 0x7f9764cbc320>,33,26,[3 6],34,-1,60,-1,34
1,<environment.Job instance at 0x7f9764cbc410>,34,14,[1 9],35,-1,50,-1,36
1,<environment.Job instance at 0x7f9764cbc6e0>,37,14,[5 8],38,-1,52,-1,38
1,<environment.Job instance at 0x7f9764cbc640>,35,16,[1 9],36,-1,55,-1,39
1,<environment.Job instance at 0x7f9764cbc960>,39,14,[9 4],40,-1,55,-1,41
1,<environment.Job instance at 0x7f9764cbc5a0>,40,26,[ 1 10],41,-1,69,-1,43
1,<environment.Job instance at 0x7f9764cc13c0>,48,12,[9 2],49,-1,61,-1,49
1,<environment.Job instance at 0x7f9764cc12d0>,49,17,[10  2],50,-1,68,-1,51
1,<environment.Job instance at 0x7f9764cc15a0>,51,2,[5 3],52,-1,54,-1,52
1,<environment.Job instance at 0x7f9764cc18c0>,54,18,[7 1],55,-1,73,-1,55
1,<environment.Job instance at 0x7f9764cc1a00>,55,12,[2 6],56,-1,68,-1,56
1,<environment.Job instance at 0x7f9764cc1870>,57,16,[ 2 11],58,-1,74,-1,58
1,<environment.Job instance at 0x7f9764cc1cd0>,58,17,[3 7],59,-1,76,-1,59
1,<environment.Job instance at 0x7f9764cc19b0>,59,19,[1 7],60,-1,79,-1,60
1,<environment.Job instance at 0x7f9764cc1f00>,62,14,[4 9],63,-1,77,-1,63
1,<environment.Job instance at 0x7f9764cc2280>,67,16,[1 9],68,-1,84,-1,68
1,<environment.Job instance at 0x7f9764cc26e0>,68,14,[6 4],69,-1,83,-1,69
1,<environment.Job instance at 0x7f9764cc2370>,69,14,[9 4],70,-1,84,-1,70
1,<environment.Job instance at 0x7f9764cc25f0>,72,18,[3 5],73,-1,91,-1,73
1,<environment.Job instance at 0x7f9764cc2f00>,76,13,[10  1],77,-1,91,-1,78
1,<environment.Job instance at 0x7f9764cc2f50>,77,16,[8 1],78,-1,94,-1,78
1,<environment.Job instance at 0x7f9764cc3140>,79,19,[10  3],80,-1,99,-1,80
1,<environment.Job instance at 0x7f9764cc3410>,82,21,[4 8],83,-1,104,-1,83
1,<environment.Job instance at 0x7f9764cc3640>,83,18,[ 3 10],84,-1,102,-1,84
1,<environment.Job instance at 0x7f9764cc39b0>,87,18,[7 1],88,-1,106,-1,88
1,<environment.Job instance at 0x7f9764cc3af0>,88,16,[4 9],89,-1,105,-1,89
1,<environment.Job instance at 0x7f9764cc3c80>,91,18,[5 4],92,-1,110,-1,92
1,<environment.Job instance at 0x7f9764ce73c0>,96,18,[2 6],97,-1,115,-1,97
1,<environment.Job instance at 0x7f9764caeaa0>,101,15,[2 7],102,-1,118,-1,103
1,<environment.Job instance at 0x7f9764caea00>,103,16,[1 9],104,-1,120,-1,104
1,<environment.Job instance at 0x7f9764caea50>,105,16,[7 5],106,-1,122,-1,106
1,<environment.Job instance at 0x7f9764e60960>,107,18,[5 5],108,-1,126,-1,108
1,<environment.Job instance at 0x7f9764cae190>,109,27,[3 9],110,-1,137,-1,110
1,<environment.Job instance at 0x7f9764e58f50>,110,23,[5 1],111,-1,134,-1,111
1,<environment.Job instance at 0x7f9764d49a50>,111,17,[6 4],112,-1,129,-1,112
1,<environment.Job instance at 0x7f9764d99dc0>,112,12,[1 6],113,-1,125,-1,113
1,<environment.Job instance at 0x7f9764ddb230>,118,16,[5 2],119,-1,135,-1,119
1,<environment.Job instance at 0x7f9764de1e10>,119,28,[7 5],120,-1,148,-1,120
1,<environment.Job instance at 0x7f9764de14b0>,120,19,[ 5 12],121,-1,140,-1,121
1,<environment.Job instance at 0x7f9764db30f0>,122,18,[7 5],123,-1,141,-1,123
1,<environment.Job instance at 0x7f9764d78550>,128,1,[7 1],129,-1,130,-1,129
1,<environment.Job instance at 0x7f9764d78190>,129,13,[5 5],130,-1,143,-1,130
1,<environment.Job instance at 0x7f9764d78730>,130,17,[9 5],131,-1,148,-1,131
1,<environment.Job instance at 0x7f9764d785f0>,131,13,[3 8],132,-1,145,-1,132
1,<environment.Job instance at 0x7f9764d78f50>,132,18,[10  4],133,-1,151,-1,133
1,<environment.Job instance at 0x7f9764d784b0>,134,12,[5 4],135,-1,147,-1,135
1,<environment.Job instance at 0x7f9764e63230>,135,15,[8 3],136,-1,151,-1,136
1,<environment.Job instance at 0x7f9764e637d0>,137,28,[ 2 10],138,-1,166,-1,138
1,<environment.Job instance at 0x7f9764d77050>,141,14,[ 3 10],142,-1,156,-1,142
1,<environment.Job instance at 0x7f9764dd6be0>,149,17,[5 7],150,-1,167,-1,150
1,<environment.Job instance at 0x7f9764ce7500>,12,23,[6 4],13,-1,53,-1,30
1,<environment.Job instance at 0x7f9764ddb410>,18,26,[7 4],19,-1,70,-1,44
1,<environment.Job instance at 0x7f9764ed5c80>,19,25,[5 9],20,-1,83,-1,58
1,<environment.Job instance at 0x7f9764d77550>,28,17,[ 1 13],29,-1,87,-1,70
1,<environment.Job instance at 0x7f9764cb6af0>,30,26,[9 4],31,-1,110,-1,84
1,<environment.Job instance at 0x7f9764cb6a00>,31,1,[ 2 14],32,-1,85,-1,84
1,<environment.Job instance at 0x7f9764d73640>,33,26,[3 6],34,-1,110,-1,84
1,<environment.Job instance at 0x7f9764d6c370>,40,26,[ 1 10],41,-1,139,-1,113
1,<environment.Job instance at 0x7f9764cf5640>,57,16,[ 2 11],58,-1,183,-1,167
1,<environment.Job instance at 0x7f97647267d0>,0,17,[4 7],1,-1,18,-1,1
1,<environment.Job instance at 0x7f9764726e60>,3,24,[3 7],4,-1,28,-1,4
1,<environment.Job instance at 0x7f9764726eb0>,4,19,[3 8],5,-1,24,-1,5
1,<environment.Job instance at 0x7f976472f0f0>,7,16,[8 4],8,-1,24,-1,8
1,<environment.Job instance at 0x7f976472a640>,10,17,[3 5],11,-1,28,-1,11
1,<environment.Job instance at 0x7f976472a730>,11,18,[6 2],12,-1,30,-1,12
1,<environment.Job instance at 0x7f976472ac80>,16,17,[9 1],17,-1,34,-1,17
1,<environment.Job instance at 0x7f976472a8c0>,17,13,[9 5],18,-1,31,-1,18
1,<environment.Job instance at 0x7f976472a9b0>,20,17,[9 5],21,-1,38,-1,21
1,<environment.Job instance at 0x7f976478c550>,25,15,[5 3],26,-1,44,-1,29
1,<environment.Job instance at 0x7f976478c410>,30,23,[4 7],31,-1,54,-1,31
1,<environment.Job instance at 0x7f97648c4be0>,31,14,[ 1 10],32,-1,46,-1,32
1,<environment.Job instance at 0x7f97648cc550>,35,19,[ 1 10],36,-1,56,-1,37
1,<environment.Job instance at 0x7f9764836aa0>,28,21,[2 7],29,-1,82,-1,61
1,<environment.Job instance at 0x7f97647797d0>,45,21,[1 6],46,-1,82,-1,61
1,<environment.Job instance at 0x7f97647d9cd0>,48,23,[1 9],49,-1,84,-1,61
1,<environment.Job instance at 0x7f97647d9c80>,49,17,[8 5],50,-1,78,-1,61
1,<environment.Job instance at 0x7f97647d9e60>,52,15,[8 2],53,-1,76,-1,61
1,<environment.Job instance at 0x7f9764779230>,46,16,[1 8],47,-1,77,-1,61
1,<environment.Job instance at 0x7f97647d9a50>,54,15,[8 5],55,-1,76,-1,61
1,<environment.Job instance at 0x7f97647d9960>,55,17,[12  1],56,-1,78,-1,61
1,<environment.Job instance at 0x7f97647d91e0>,58,19,[4 7],59,-1,80,-1,61
1,<environment.Job instance at 0x7f97647a5e10>,24,26,[3 9],25,-1,87,-1,61
1,<environment.Job instance at 0x7f9775466870>,59,13,[4 5],60,-1,74,-1,61
1,<environment.Job instance at 0x7f9764828f00>,60,16,[14  3],61,-1,77,-1,61
1,<environment.Job instance at 0x7f9764922c30>,63,22,[9 1],64,-1,87,-1,65
1,<environment.Job instance at 0x7f976471ae10>,65,18,[5 4],66,-1,84,-1,66
1,<environment.Job instance at 0x7f9764859460>,44,16,[5 6],45,-1,88,-1,72
1,<environment.Job instance at 0x7f97646e2e10>,71,13,[8 1],72,-1,85,-1,72
1,<environment.Job instance at 0x7f97646e2910>,70,13,[5 9],71,-1,85,-1,72
1,<environment.Job instance at 0x7f97643483c0>,72,12,[ 5 10],73,-1,85,-1,73
1,<environment.Job instance at 0x7f976e4705f0>,73,13,[9 2],74,-1,88,-1,75
1,<environment.Job instance at 0x7f976e479be0>,74,13,[4 5],75,-1,88,-1,75
1,<environment.Job instance at 0x7f97643421e0>,75,27,[6 1],76,-1,103,-1,76
1,<environment.Job instance at 0x7f97642a5d20>,77,14,[10  3],78,-1,99,-1,85
1,<environment.Job instance at 0x7f97643f95a0>,82,23,[1 8],83,-1,110,-1,87
1,<environment.Job instance at 0x7f97647d9d20>,47,18,[ 1 14],48,-1,105,-1,87
1,<environment.Job instance at 0x7f976426bc80>,87,14,[10  5],88,-1,103,-1,89
1,<environment.Job instance at 0x7f976426b140>,91,17,[10  2],92,-1,109,-1,92
1,<environment.Job instance at 0x7f9764267c30>,93,26,[5 3],94,-1,120,-1,94
1,<environment.Job instance at 0x7f9764267370>,95,18,[ 1 10],96,-1,114,-1,96
1,<environment.Job instance at 0x7f97642679b0>,96,15,[6 5],97,-1,112,-1,97
1,<environment.Job instance at 0x7f97642c7c30>,81,16,[5 8],82,-1,115,-1,99
1,<environment.Job instance at 0x7f97642672d0>,102,18,[3 8],103,-1,121,-1,103
1,<environment.Job instance at 0x7f9764267870>,98,17,[1 5],99,-1,121,-1,104
1,<environment.Job instance at 0x7f97642668c0>,103,13,[8 3],104,-1,118,-1,105
1,<environment.Job instance at 0x7f9764266c80>,106,17,[8 4],107,-1,125,-1,108
1,<environment.Job instance at 0x7f97642665f0>,109,26,[2 8],110,-1,142,-1,116
1,<environment.Job instance at 0x7f9764267140>,100,18,[5 8],101,-1,134,-1,116
1,<environment.Job instance at 0x7f9764266a00>,111,20,[ 4 10],112,-1,136,-1,116
1,<environment.Job instance at 0x7f9764266460>,110,15,[5 8],111,-1,131,-1,116
1,<environment.Job instance at 0x7f976440fc30>,117,27,[9 5],118,-1,145,-1,118
1,<environment.Job instance at 0x7f97642ec730>,114,16,[7 5],115,-1,135,-1,119
1,<environment.Job instance at 0x7f976441a4b0>,123,15,[7 2],124,-1,139,-1,124
1,<environment.Job instance at 0x7f9764779c80>,38,20,[ 2 10],39,-1,145,-1,125
1,<environment.Job instance at 0x7f976e4735a0>,119,14,[12  2],120,-1,140,-1,126
1,<environment.Job instance at 0x7f976441aeb0>,124,12,[8 3],125,-1,139,-1,127
1,<environment.Job instance at 0x7f976455b780>,127,1,[1 5],128,-1,129,-1,128
1,<environment.Job instance at 0x7f9764461280>,126,13,[8 2],127,-1,141,-1,128
1,<environment.Job instance at 0x7f976441afa0>,128,12,[5 5],129,-1,142,-1,130
1,<environment.Job instance at 0x7f976426c280>,112,15,[9 2],113,-1,145,-1,130
1,<environment.Job instance at 0x7f97643f6b40>,133,17,[7 4],134,-1,152,-1,135
1,<environment.Job instance at 0x7f9764596910>,137,16,[5 3],138,-1,160,-1,144
1,<environment.Job instance at 0x7f976452d230>,134,17,[13  5],135,-1,162,-1,145
1,<environment.Job instance at 0x7f9764779dc0>,36,16,[6 5],37,-1,161,-1,145
1,<environment.Job instance at 0x7f976454f0a0>,144,15,[2 6],145,-1,160,-1,145
1,<environment.Job instance at 0x7f976454ffa0>,145,16,[7 5],146,-1,162,-1,146
1,<environment.Job instance at 0x7f97646d1640>,3,24,[3 7],4,-1,39,-1,15
1,<environment.Job instance at 0x7f9764726a50>,18,27,[ 3 12],19,-1,52,-1,25
1,<environment.Job instance at 0x7f9764cd1730>,22,15,[ 2 14],23,-1,55,-1,40
1,<environment.Job instance at 0x7f9764cd1550>,24,26,[3 9],25,-1,81,-1,55
1,<environment.Job instance at 0x7f9764cd15a0>,30,23,[4 7],31,-1,83,-1,60
1,<environment.Job instance at 0x7f9764cbcaa0>,40,1,[14  4],41,-1,85,-1,84
1,<environment.Job instance at 0x7f9764cbad70>,47,18,[ 1 14],48,-1,132,-1,114
1,<environment.Job instance at 0x7f976453a640>,48,23,[1 9],49,-1,153,-1,130
1,<environment.Job instance at 0x7f976490aeb0>,55,17,[12  1],56,-1,150,-1,133
1,<environment.Job instance at 0x7f97645f2b90>,60,16,[14  3],61,-1,170,-1,154
1,<environment.Job instance at 0x7f976444f370>,2,17,[5 9],3,-1,20,-1,3
1,<environment.Job instance at 0x7f976444f140>,3,17,[7 1],4,-1,22,-1,5
1,<environment.Job instance at 0x7f976444f690>,5,3,[5 2],6,-1,9,-1,6
1,<environment.Job instance at 0x7f976444f870>,6,13,[2 5],7,-1,20,-1,7
1,<environment.Job instance at 0x7f976444b5a0>,16,25,[2 8],17,-1,42,-1,17
1,<environment.Job instance at 0x7f976444b690>,18,12,[6 4],19,-1,31,-1,19
1,<environment.Job instance at 0x7f976444b820>,20,26,[8 3],21,-1,47,-1,21
1,<environment.Job instance at 0x7f976444a9b0>,24,14,[3 8],25,-1,39,-1,25
1,<environment.Job instance at 0x7f976444a6e0>,26,18,[8 3],27,-1,45,-1,27
1,<environment.Job instance at 0x7f976444f280>,4,21,[4 9],5,-1,53,-1,32
1,<environment.Job instance at 0x7f9764444a00>,32,14,[2 8],33,-1,50,-1,36
1,<environment.Job instance at 0x7f9764444d20>,40,16,[ 4 10],41,-1,61,-1,45
1,<environment.Job instance at 0x7f9764444870>,35,15,[1 5],36,-1,69,-1,54
1,<environment.Job instance at 0x7f97644445a0>,31,18,[5 8],32,-1,72,-1,54
1,<environment.Job instance at 0x7f9764444140>,44,17,[6 1],45,-1,71,-1,54
1,<environment.Job instance at 0x7f97644406e0>,45,17,[12  4],46,-1,72,-1,55
1,<environment.Job instance at 0x7f9764444f00>,42,17,[8 2],43,-1,72,-1,55
1,<environment.Job instance at 0x7f9764440820>,49,18,[10  4],50,-1,73,-1,55
1,<environment.Job instance at 0x7f9764440eb0>,46,17,[7 4],47,-1,72,-1,55
1,<environment.Job instance at 0x7f9764440320>,51,13,[1 7],52,-1,68,-1,55
1,<environment.Job instance at 0x7f9764444cd0>,41,15,[5 7],42,-1,70,-1,55
1,<environment.Job instance at 0x7f9764440a00>,54,18,[10  5],55,-1,73,-1,55
1,<environment.Job instance at 0x7f976443c910>,56,16,[2 9],57,-1,73,-1,57
1,<environment.Job instance at 0x7f976443c640>,58,15,[10  4],59,-1,74,-1,59
1,<environment.Job instance at 0x7f976443cdc0>,60,16,[8 5],61,-1,77,-1,61
1,<environment.Job instance at 0x7f976443cc80>,61,16,[4 5],62,-1,78,-1,62
1,<environment.Job instance at 0x7f976443cd20>,62,27,[8 3],63,-1,90,-1,63
1,<environment.Job instance at 0x7f976443c6e0>,63,18,[1 6],64,-1,82,-1,64
1,<environment.Job instance at 0x7f976443ca50>,64,17,[2 6],65,-1,84,-1,67
1,<environment.Job instance at 0x7f9764439b90>,67,16,[7 4],68,-1,85,-1,69
1,<environment.Job instance at 0x7f97644399b0>,71,16,[4 5],72,-1,88,-1,72
1,<environment.Job instance at 0x7f97644390f0>,66,27,[2 6],67,-1,126,-1,99
1,<environment.Job instance at 0x7f97644329b0>,85,13,[7 4],86,-1,113,-1,100
1,<environment.Job instance at 0x7f9764440780>,50,15,[1 9],51,-1,116,-1,101
1,<environment.Job instance at 0x7f9764432aa0>,86,21,[ 4 10],87,-1,122,-1,101
1,<environment.Job instance at 0x7f9764432960>,89,19,[13  3],90,-1,120,-1,101
1,<environment.Job instance at 0x7f9764432c80>,90,13,[6 2],91,-1,114,-1,101
1,<environment.Job instance at 0x7f9764432410>,92,12,[7 5],93,-1,113,-1,101
1,<environment.Job instance at 0x7f9764432eb0>,87,23,[2 8],88,-1,127,-1,104
1,<environment.Job instance at 0x7f97644326e0>,95,17,[ 5 10],96,-1,126,-1,109
1,<environment.Job instance at 0x7f9764439dc0>,70,14,[ 4 14],71,-1,123,-1,109
1,<environment.Job instance at 0x7f9764439aa0>,68,16,[9 2],69,-1,126,-1,110
1,<environment.Job instance at 0x7f976457c370>,99,17,[12  4],100,-1,127,-1,110
1,<environment.Job instance at 0x7f976457ca50>,100,25,[6 4],101,-1,136,-1,111
1,<environment.Job instance at 0x7f97644322d0>,96,14,[9 4],97,-1,125,-1,111
1,<environment.Job instance at 0x7f9764461a00>,103,13,[ 4 10],104,-1,124,-1,111
1,<environment.Job instance at 0x7f976457c410>,98,14,[8 2],99,-1,125,-1,111
1,<environment.Job instance at 0x7f97644613c0>,102,3,[14  5],103,-1,114,-1,111
1,<environment.Job instance at 0x7f97643e6a00>,108,28,[ 5 10],109,-1,139,-1,111
1,<environment.Job instance at 0x7f97643e6d20>,109,15,[9 5],110,-1,126,-1,111
1,<environment.Job instance at 0x7f9764a7e280>,110,13,[5 5],111,-1,125,-1,112
1,<environment.Job instance at 0x7f97643e69b0>,111,17,[7 5],112,-1,129,-1,112
1,<environment.Job instance at 0x7f97643eaeb0>,115,14,[3 8],116,-1,130,-1,116
1,<environment.Job instance at 0x7f976426b5f0>,116,12,[ 5 12],117,-1,136,-1,124
1,<environment.Job instance at 0x7f97643e60a0>,104,24,[5 5],105,-1,151,-1,127
1,<environment.Job instance at 0x7f97642cc3c0>,118,15,[2 9],119,-1,146,-1,131
1,<environment.Job instance at 0x7f97643425f0>,128,13,[8 3],129,-1,165,-1,152
1,<environment.Job instance at 0x7f9764545820>,123,15,[6 4],124,-1,167,-1,152
1,<environment.Job instance at 0x7f97643cfb90>,134,22,[7 3],135,-1,185,-1,163
1,<environment.Job instance at 0x7f97643cfbe0>,131,16,[ 1 14],132,-1,180,-1,164
1,<environment.Job instance at 0x7f97643cfc30>,135,20,[7 5],136,-1,184,-1,164
1,<environment.Job instance at 0x7f9764520780>,7,13,[12  1],8,-1,21,-1,8
1,<environment.Job instance at 0x7f9764a898c0>,8,12,[14  3],9,-1,21,-1,9
1,<environment.Job instance at 0x7f97643f60f0>,9,1,[ 4 11],10,-1,11,-1,10
1,<environment.Job instance at 0x7f97644534b0>,16,25,[2 8],17,-1,48,-1,23
1,<environment.Job instance at 0x7f976444f500>,20,26,[8 3],21,-1,72,-1,46
1,<environment.Job instance at 0x7f9764432c30>,34,2,[11  3],35,-1,73,-1,71
1,<environment.Job instance at 0x7f976443ceb0>,45,17,[12  4],46,-1,134,-1,117
1,<environment.Job instance at 0x7f97644e2c30>,57,2,[ 3 11],58,-1,167,-1,165
1,<environment.Job instance at 0x7f9764599a50>,0,18,[ 2 10],1,-1,20,-1,2
1,<environment.Job instance at 0x7f9764457370>,1,15,[8 1],2,-1,17,-1,2
1,<environment.Job instance at 0x7f9764b55640>,6,18,[ 5 10],7,-1,25,-1,7
1,<environment.Job instance at 0x7f9764b55410>,8,13,[9 1],9,-1,23,-1,10
1,<environment.Job instance at 0x7f9764b55230>,9,3,[6 3],10,-1,14,-1,11
1,<environment.Job instance at 0x7f9764b55780>,11,14,[9 2],12,-1,26,-1,12
1,<environment.Job instance at 0x7f9764b550f0>,12,26,[5 8],13,-1,39,-1,13
1,<environment.Job instance at 0x7f9764b4d820>,25,18,[4 6],26,-1,49,-1,31
1,<environment.Job instance at 0x7f9764b4da00>,29,18,[3 8],30,-1,49,-1,31
1,<environment.Job instance at 0x7f9764b4daa0>,30,22,[7 1],31,-1,54,-1,32
1,<environment.Job instance at 0x7f9764b4df00>,32,21,[5 7],33,-1,54,-1,33
1,<environment.Job instance at 0x7f9764b4db40>,31,12,[1 6],32,-1,48,-1,36
1,<environment.Job instance at 0x7f9764b50320>,36,18,[9 3],37,-1,60,-1,42
1,<environment.Job instance at 0x7f9764b4d0a0>,19,18,[1 7],20,-1,60,-1,42
1,<environment.Job instance at 0x7f9764b503c0>,39,18,[8 2],40,-1,60,-1,42
1,<environment.Job instance at 0x7f9764b50140>,35,16,[4 7],36,-1,58,-1,42
1,<environment.Job instance at 0x7f9764b50190>,38,16,[1 7],39,-1,60,-1,44
1,<environment.Job instance at 0x7f9764b50870>,43,17,[4 7],44,-1,62,-1,45
1,<environment.Job instance at 0x7f9764b509b0>,44,16,[ 5 10],45,-1,62,-1,46
1,<environment.Job instance at 0x7f9764b50a50>,45,15,[5 9],46,-1,64,-1,49
1,<environment.Job instance at 0x7f9764b50f00>,50,26,[3 7],51,-1,77,-1,51
1,<environment.Job instance at 0x7f9764b54320>,54,16,[1 5],55,-1,71,-1,55
1,<environment.Job instance at 0x7f9764b544b0>,55,18,[4 9],56,-1,74,-1,56
1,<environment.Job instance at 0x7f9764b545a0>,57,18,[10  5],58,-1,76,-1,58
1,<environment.Job instance at 0x7f9764b535a0>,62,24,[1 9],63,-1,88,-1,64
1,<environment.Job instance at 0x7f9764b53f00>,64,12,[9 3],65,-1,77,-1,65
1,<environment.Job instance at 0x7f9764b53b90>,60,13,[10  1],61,-1,80,-1,67
1,<environment.Job instance at 0x7f9764453fa0>,63,14,[6 5],64,-1,85,-1,71
1,<environment.Job instance at 0x7f9764b54140>,51,18,[11  5],52,-1,89,-1,71
1,<environment.Job instance at 0x7f9765122d70>,70,17,[5 6],71,-1,88,-1,71
1,<environment.Job instance at 0x7f9764ae1a00>,71,27,[7 1],72,-1,99,-1,72
1,<environment.Job instance at 0x7f97647fb5a0>,75,21,[ 2 10],76,-1,99,-1,78
1,<environment.Job instance at 0x7f97643cc140>,79,13,[4 7],80,-1,100,-1,87
1,<environment.Job instance at 0x7f9764c46be0>,81,17,[11  3],82,-1,105,-1,88
1,<environment.Job instance at 0x7f9764660be0>,82,16,[12  1],83,-1,104,-1,88
1,<environment.Job instance at 0x7f97657f5cd0>,80,16,[10  1],81,-1,104,-1,88
1,<environment.Job instance at 0x7f97646a3910>,72,26,[ 3 10],73,-1,114,-1,88
1,<environment.Job instance at 0x7f976467c820>,89,15,[ 3 10],90,-1,105,-1,90
1,<environment.Job instance at 0x7f976467c5f0>,90,17,[10  2],91,-1,108,-1,91
1,<environment.Job instance at 0x7f9764697690>,83,15,[ 4 13],84,-1,107,-1,92
1,<environment.Job instance at 0x7f9764b4d5f0>,23,22,[3 5],24,-1,116,-1,94
1,<environment.Job instance at 0x7f976467c0f0>,92,14,[5 1],93,-1,109,-1,95
1,<environment.Job instance at 0x7f976467c190>,91,13,[10  2],92,-1,108,-1,95
1,<environment.Job instance at 0x7f976467cf00>,96,14,[8 4],97,-1,111,-1,97
1,<environment.Job instance at 0x7f976467c7d0>,97,14,[9 2],98,-1,112,-1,98
1,<environment.Job instance at 0x7f976467c410>,102,18,[6 2],103,-1,121,-1,103
1,<environment.Job instance at 0x7f976467c280>,104,18,[6 2],105,-1,123,-1,105
1,<environment.Job instance at 0x7f976465e280>,105,19,[6 3],106,-1,125,-1,106
1,<environment.Job instance at 0x7f976467cdc0>,94,13,[ 5 12],95,-1,121,-1,108
1,<environment.Job instance at 0x7f976467caa0>,100,14,[5 8],101,-1,122,-1,108
1,<environment.Job instance at 0x7f9764b2dcd0>,107,15,[6 1],108,-1,128,-1,113
1,<environment.Job instance at 0x7f97646465f0>,112,27,[5 7],113,-1,140,-1,113
1,<environment.Job instance at 0x7f9764b2bbe0>,115,16,[9 2],116,-1,135,-1,119
1,<environment.Job instance at 0x7f9764b2ba00>,116,15,[10  3],117,-1,134,-1,119
1,<environment.Job instance at 0x7f976466f0a0>,118,15,[11  4],119,-1,134,-1,119
1,<environment.Job instance at 0x7f976466f460>,117,15,[9 1],118,-1,134,-1,119
1,<environment.Job instance at 0x7f976466f0f0>,121,14,[ 4 13],122,-1,136,-1,122
1,<environment.Job instance at 0x7f9764693fa0>,131,18,[4 9],132,-1,179,-1,161
1,<environment.Job instance at 0x7f976467cb90>,93,24,[2 6],94,-1,185,-1,161
1,<environment.Job instance at 0x7f9765110f50>,76,15,[10  2],77,-1,176,-1,161
1,<environment.Job instance at 0x7f9764693cd0>,136,16,[8 2],137,-1,177,-1,161
1,<environment.Job instance at 0x7f976463c820>,7,28,[9 1],8,-1,47,-1,19
1,<environment.Job instance at 0x7f97646605f0>,12,26,[5 8],13,-1,53,-1,27
1,<environment.Job instance at 0x7f976467c3c0>,16,2,[ 5 13],17,-1,35,-1,33
1,<environment.Job instance at 0x7f9764693c30>,21,1,[13  4],22,-1,38,-1,37
1,<environment.Job instance at 0x7f976457c690>,28,2,[12  3],29,-1,67,-1,65
1,<environment.Job instance at 0x7f976457c780>,27,28,[ 5 10],28,-1,128,-1,100
1,<environment.Job instance at 0x7f97643ef230>,50,26,[3 7],51,-1,181,-1,155
1,<environment.Job instance at 0x7f97643efe10>,51,18,[11  5],52,-1,173,-1,155
1,<environment.Job instance at 0x7f97652c9870>,4,18,[6 4],5,-1,23,-1,5
1,<environment.Job instance at 0x7f97652c9eb0>,5,15,[4 7],6,-1,21,-1,6
1,<environment.Job instance at 0x7f97652c96e0>,7,17,[8 4],8,-1,25,-1,8
1,<environment.Job instance at 0x7f976457c140>,8,16,[1 7],9,-1,25,-1,9
1,<environment.Job instance at 0x7f9765276d70>,9,15,[ 2 10],10,-1,25,-1,10
1,<environment.Job instance at 0x7f9765276870>,21,16,[8 4],22,-1,38,-1,22
1,<environment.Job instance at 0x7f97650339b0>,23,18,[6 4],24,-1,42,-1,24
1,<environment.Job instance at 0x7f9765033fa0>,26,1,[10  4],27,-1,29,-1,28
1,<environment.Job instance at 0x7f97652270f0>,33,15,[6 2],34,-1,49,-1,34
1,<environment.Job instance at 0x7f9765227050>,35,21,[9 5],36,-1,57,-1,36
1,<environment.Job instance at 0x7f9765227410>,36,18,[10  5],37,-1,55,-1,37
1,<environment.Job instance at 0x7f9765227dc0>,37,14,[1 9],38,-1,52,-1,38
1,<environment.Job instance at 0x7f9765227280>,40,12,[2 5],41,-1,53,-1,41
1,<environment.Job instance at 0x7f9765227960>,41,16,[1 6],42,-1,58,-1,42
1,<environment.Job instance at 0x7f9765227910>,43,27,[3 5],44,-1,71,-1,44
1,<environment.Job instance at 0x7f97650ed460>,46,12,[4 8],47,-1,60,-1,48
1,<environment.Job instance at 0x7f97650edcd0>,48,12,[7 5],49,-1,61,-1,49
1,<environment.Job instance at 0x7f97650ed780>,49,12,[1 9],50,-1,62,-1,50
1,<environment.Job instance at 0x7f97650ed820>,53,12,[9 3],54,-1,66,-1,54
1,<environment.Job instance at 0x7f97650edeb0>,54,12,[1 5],55,-1,67,-1,55
1,<environment.Job instance at 0x7f97650ed690>,55,14,[5 2],56,-1,70,-1,56
1,<environment.Job instance at 0x7f9764b4ad70>,57,17,[2 6],58,-1,75,-1,58
1,<environment.Job instance at 0x7f9764b4a960>,58,17,[5 4],59,-1,76,-1,59
1,<environment.Job instance at 0x7f9764b4ab40>,59,3,[3 7],60,-1,63,-1,60
1,<environment.Job instance at 0x7f9764b4a9b0>,60,16,[9 4],61,-1,77,-1,61
1,<environment.Job instance at 0x7f9764b4ab90>,61,3,[5 4],62,-1,65,-1,62
1,<environment.Job instance at 0x7f9764b4ad20>,62,12,[8 3],63,-1,75,-1,63
1,<environment.Job instance at 0x7f9764b4a050>,63,13,[5 6],64,-1,77,-1,64
1,<environment.Job instance at 0x7f9764b4a550>,65,18,[3 9],66,-1,84,-1,66
1,<environment.Job instance at 0x7f9764b4a410>,66,27,[10  4],67,-1,94,-1,67
1,<environment.Job instance at 0x7f9764b4a870>,68,14,[4 5],69,-1,83,-1,69
1,<environment.Job instance at 0x7f9764b4a5a0>,69,14,[9 4],70,-1,84,-1,70
1,<environment.Job instance at 0x7f9764b4a780>,71,18,[4 8],72,-1,90,-1,72
1,<environment.Job instance at 0x7f976508e690>,72,25,[7 3],73,-1,98,-1,73
1,<environment.Job instance at 0x7f976508e0a0>,74,13,[ 3 12],75,-1,88,-1,75
1,<environment.Job instance at 0x7f97650ed4b0>,47,17,[5 7],48,-1,92,-1,75
1,<environment.Job instance at 0x7f976508e1e0>,76,17,[2 9],77,-1,96,-1,79
1,<environment.Job instance at 0x7f976508e780>,80,16,[10  3],81,-1,97,-1,81
1,<environment.Job instance at 0x7f976508e230>,81,17,[10  5],82,-1,99,-1,82
1,<environment.Job instance at 0x7f976508ed70>,83,17,[6 1],84,-1,101,-1,84
1,<environment.Job instance at 0x7f9765302aa0>,86,13,[8 5],87,-1,100,-1,87
1,<environment.Job instance at 0x7f9765302230>,89,18,[5 2],90,-1,108,-1,90
1,<environment.Job instance at 0x7f97653021e0>,95,12,[3 7],96,-1,108,-1,96
1,<environment.Job instance at 0x7f9764e3bfa0>,97,16,[2 7],98,-1,114,-1,98
1,<environment.Job instance at 0x7f9764e3b690>,98,15,[6 2],99,-1,114,-1,99
1,<environment.Job instance at 0x7f9764e3b7d0>,99,14,[7 2],100,-1,114,-1,100
1,<environment.Job instance at 0x7f9764e3beb0>,100,18,[1 7],101,-1,119,-1,101
1,<environment.Job instance at 0x7f9764ba15f0>,101,14,[1 7],102,-1,116,-1,102
1,<environment.Job instance at 0x7f9764ba10f0>,102,14,[8 5],103,-1,117,-1,103
1,<environment.Job instance at 0x7f9764dea230>,105,26,[4 8],106,-1,132,-1,106
1,<environment.Job instance at 0x7f9764d746e0>,106,20,[4 8],107,-1,127,-1,107
1,<environment.Job instance at 0x7f9764d74be0>,108,16,[8 4],109,-1,125,-1,109
1,<environment.Job instance at 0x7f9764d49be0>,110,25,[5 4],111,-1,136,-1,111
1,<environment.Job instance at 0x7f9764d49b40>,111,21,[5 5],112,-1,133,-1,112
1,<environment.Job instance at 0x7f9764f6b690>,113,18,[ 2 10],114,-1,133,-1,115
1,<environment.Job instance at 0x7f9764f47cd0>,115,25,[5 7],116,-1,141,-1,116
1,<environment.Job instance at 0x7f9764f478c0>,117,22,[5 8],118,-1,140,-1,118
1,<environment.Job instance at 0x7f9764d3c050>,118,1,[6 4],119,-1,120,-1,119
1,<environment.Job instance at 0x7f9764d89cd0>,119,3,[11  3],120,-1,123,-1,120
1,<environment.Job instance at 0x7f9764a997d0>,120,15,[3 8],121,-1,136,-1,121
1,<environment.Job instance at 0x7f9764a993c0>,121,12,[3 9],122,-1,134,-1,122
1,<environment.Job instance at 0x7f9764d4aaf0>,123,27,[8 5],124,-1,151,-1,124
1,<environment.Job instance at 0x7f976500d910>,133,24,[3 5],134,-1,158,-1,134
1,<environment.Job instance at 0x7f976500de60>,134,14,[4 6],135,-1,149,-1,135
1,<environment.Job instance at 0x7f976500daa0>,135,14,[10  1],136,-1,150,-1,136
1,<environment.Job instance at 0x7f976500d410>,136,15,[3 6],137,-1,152,-1,137
1,<environment.Job instance at 0x7f976500d050>,137,17,[2 7],138,-1,155,-1,138
1,<environment.Job instance at 0x7f976500dd70>,140,15,[6 3],141,-1,156,-1,141
1,<environment.Job instance at 0x7f976500dbe0>,141,18,[5 9],142,-1,160,-1,142
1,<environment.Job instance at 0x7f9765016870>,143,18,[3 7],144,-1,162,-1,144
1,<environment.Job instance at 0x7f9764b4a2d0>,10,2,[ 1 11],11,-1,19,-1,17
1,<environment.Job instance at 0x7f9764d49a50>,17,12,[ 3 14],18,-1,47,-1,35
1,<environment.Job instance at 0x7f9765016e60>,28,16,[13  3],29,-1,75,-1,59
1,<environment.Job instance at 0x7f9764444320>,43,27,[3 5],44,-1,135,-1,108
1,<environment.Job instance at 0x7f9764432fa0>,44,1,[12  4],45,-1,109,-1,108
1,<environment.Job instance at 0x7f9764432f50>,45,2,[14  1],46,-1,110,-1,108
1,<environment.Job instance at 0x7f97657b30f0>,0,17,[5 8],1,-1,18,-1,1
1,<environment.Job instance at 0x7f976406fd20>,4,16,[2 7],5,-1,21,-1,5
1,<environment.Job instance at 0x7f976515d370>,6,14,[10  1],7,-1,24,-1,10
1,<environment.Job instance at 0x7f976515de60>,10,18,[5 6],11,-1,29,-1,11
1,<environment.Job instance at 0x7f976515df00>,11,17,[2 9],12,-1,29,-1,12
1,<environment.Job instance at 0x7f9764d4b140>,13,3,[10  2],14,-1,17,-1,14
1,<environment.Job instance at 0x7f976515df50>,14,12,[10  2],15,-1,27,-1,15
1,<environment.Job instance at 0x7f9764dc48c0>,15,2,[10  1],16,-1,18,-1,16
1,<environment.Job instance at 0x7f9764dc4cd0>,16,13,[9 1],17,-1,30,-1,17
1,<environment.Job instance at 0x7f9764dc45f0>,17,22,[10  1],18,-1,40,-1,18
1,<environment.Job instance at 0x7f9764dc4be0>,20,20,[3 8],21,-1,41,-1,21
1,<environment.Job instance at 0x7f9764f3d140>,22,13,[9 2],23,-1,36,-1,23
1,<environment.Job instance at 0x7f9764f3d1e0>,26,26,[9 5],27,-1,53,-1,27
1,<environment.Job instance at 0x7f9764fa36e0>,29,13,[8 5],30,-1,43,-1,30
1,<environment.Job instance at 0x7f9764fa3d70>,32,13,[ 3 10],33,-1,46,-1,33
1,<environment.Job instance at 0x7f9764f3daa0>,33,16,[6 3],34,-1,50,-1,34
1,<environment.Job instance at 0x7f9764e60b40>,34,17,[1 8],35,-1,52,-1,35
1,<environment.Job instance at 0x7f9764e60820>,35,13,[4 7],36,-1,49,-1,36
1,<environment.Job instance at 0x7f9764f6cc30>,39,22,[7 3],40,-1,62,-1,40
1,<environment.Job instance at 0x7f9764d9d280>,42,25,[7 5],43,-1,68,-1,43
1,<environment.Job instance at 0x7f97652809b0>,48,12,[10  2],49,-1,61,-1,49
1,<environment.Job instance at 0x7f9764f68640>,50,16,[ 2 10],51,-1,67,-1,51
1,<environment.Job instance at 0x7f97656f0500>,53,15,[4 8],54,-1,69,-1,54
1,<environment.Job instance at 0x7f97656f54b0>,56,18,[5 8],57,-1,75,-1,57
1,<environment.Job instance at 0x7f97647c60f0>,59,17,[ 2 10],60,-1,77,-1,60
1,<environment.Job instance at 0x7f97647c6af0>,61,18,[8 1],62,-1,83,-1,65
1,<environment.Job instance at 0x7f976515d2d0>,9,12,[7 5],10,-1,77,-1,65
1,<environment.Job instance at 0x7f97643e6050>,67,27,[8 5],68,-1,95,-1,68
1,<environment.Job instance at 0x7f9765830d70>,70,13,[3 8],71,-1,85,-1,72
1,<environment.Job instance at 0x7f97652ad3c0>,71,15,[2 7],72,-1,87,-1,72
1,<environment.Job instance at 0x7f9764d37af0>,46,12,[12  4],47,-1,84,-1,72
1,<environment.Job instance at 0x7f976539d960>,62,15,[3 9],63,-1,87,-1,72
1,<environment.Job instance at 0x7f9764b70a50>,69,17,[1 5],70,-1,89,-1,72
1,<environment.Job instance at 0x7f976577c410>,72,17,[3 5],73,-1,90,-1,73
1,<environment.Job instance at 0x7f9764d851e0>,73,16,[5 2],74,-1,92,-1,76
1,<environment.Job instance at 0x7f9764d85b90>,76,17,[7 3],77,-1,94,-1,77
1,<environment.Job instance at 0x7f9764d85e60>,78,13,[8 3],79,-1,92,-1,79
1,<environment.Job instance at 0x7f97648034b0>,81,17,[9 4],82,-1,99,-1,82
1,<environment.Job instance at 0x7f9764d41dc0>,82,24,[4 6],83,-1,107,-1,83
1,<environment.Job instance at 0x7f97646d8d70>,84,18,[5 2],85,-1,103,-1,85
1,<environment.Job instance at 0x7f97646d8960>,85,14,[10  1],86,-1,100,-1,86
1,<environment.Job instance at 0x7f97646d8c80>,86,12,[9 5],87,-1,99,-1,87
1,<environment.Job instance at 0x7f9764457190>,96,15,[11  2],97,-1,112,-1,97
1,<environment.Job instance at 0x7f97642696e0>,99,18,[ 5 10],100,-1,123,-1,105
1,<environment.Job instance at 0x7f97647d96e0>,92,12,[5 2],93,-1,121,-1,109
1,<environment.Job instance at 0x7f97642a47d0>,102,19,[2 5],103,-1,129,-1,110
1,<environment.Job instance at 0x7f976485fc30>,103,16,[6 1],104,-1,126,-1,110
1,<environment.Job instance at 0x7f97647d9690>,91,18,[7 2],92,-1,128,-1,110
1,<environment.Job instance at 0x7f9764269730>,101,15,[5 5],102,-1,125,-1,110
1,<environment.Job instance at 0x7f97642a4960>,104,12,[7 1],105,-1,122,-1,110
1,<environment.Job instance at 0x7f97654a4960>,106,13,[8 4],107,-1,123,-1,110
1,<environment.Job instance at 0x7f97650ec460>,110,25,[10  4],111,-1,137,-1,112
1,<environment.Job instance at 0x7f97650ecf00>,108,16,[6 5],109,-1,131,-1,115
1,<environment.Job instance at 0x7f97650ec820>,107,17,[6 2],108,-1,132,-1,115
1,<environment.Job instance at 0x7f9764718a50>,115,17,[8 5],116,-1,133,-1,116
1,<environment.Job instance at 0x7f9764718370>,120,18,[6 4],121,-1,149,-1,131
1,<environment.Job instance at 0x7f9764718690>,123,18,[8 3],124,-1,149,-1,131
1,<environment.Job instance at 0x7f9764718500>,125,15,[7 1],126,-1,146,-1,131
1,<environment.Job instance at 0x7f976539daf0>,63,20,[8 4],64,-1,151,-1,131
1,<environment.Job instance at 0x7f9764718fa0>,126,16,[7 5],127,-1,147,-1,131
1,<environment.Job instance at 0x7f97647d9f50>,18,16,[13  1],19,-1,62,-1,46
1,<environment.Job instance at 0x7f9764718d20>,21,3,[11  4],22,-1,59,-1,56
1,<environment.Job instance at 0x7f976525fe60>,26,26,[9 5],27,-1,97,-1,71
1,<environment.Job instance at 0x7f9764ca7a50>,37,1,[ 4 12],38,-1,103,-1,102
1,<environment.Job instance at 0x7f9764ca72d0>,40,15,[13  3],41,-1,119,-1,104
1,<environment.Job instance at 0x7f9764ca7960>,42,25,[7 5],43,-1,131,-1,106
1,<environment.Job instance at 0x7f9764ca7f00>,43,2,[14  5],44,-1,108,-1,106
1,<environment.Job instance at 0x7f9764ca7320>,44,2,[13  4],45,-1,108,-1,106
1,<environment.Job instance at 0x7f9764627140>,46,12,[12  4],47,-1,118,-1,106
1,<environment.Job instance at 0x7f9764476050>,55,15,[ 4 12],56,-1,155,-1,140
1,<environment.Job instance at 0x7f9765309b40>,4,12,[9 3],5,-1,17,-1,5
1,<environment.Job instance at 0x7f9764feb1e0>,7,18,[2 6],8,-1,26,-1,8
1,<environment.Job instance at 0x7f9764ad6fa0>,8,15,[3 9],9,-1,24,-1,9
1,<environment.Job instance at 0x7f9764ad6af0>,9,12,[10  4],10,-1,22,-1,10
1,<environment.Job instance at 0x7f9764a4c870>,12,1,[7 1],13,-1,14,-1,13
1,<environment.Job instance at 0x7f9764a4c820>,13,19,[7 1],14,-1,33,-1,14
1,<environment.Job instance at 0x7f9764a4c2d0>,14,15,[10  1],15,-1,32,-1,17
1,<environment.Job instance at 0x7f9764a4c780>,16,1,[4 5],17,-1,18,-1,17
1,<environment.Job instance at 0x7f976538d9b0>,17,13,[5 1],18,-1,31,-1,18
1,<environment.Job instance at 0x7f9765309870>,15,18,[7 4],16,-1,36,-1,18
1,<environment.Job instance at 0x7f976538d5f0>,18,18,[ 2 10],19,-1,38,-1,20
1,<environment.Job instance at 0x7f9764a4e8c0>,22,14,[4 6],23,-1,37,-1,23
1,<environment.Job instance at 0x7f9764a4ecd0>,23,27,[5 1],24,-1,51,-1,24
1,<environment.Job instance at 0x7f97652b1a00>,24,15,[5 5],25,-1,40,-1,25
1,<environment.Job instance at 0x7f97652b10a0>,25,14,[5 9],26,-1,40,-1,26
1,<environment.Job instance at 0x7f976538d4b0>,19,13,[5 8],20,-1,41,-1,28
1,<environment.Job instance at 0x7f97652a7c80>,33,18,[6 4],34,-1,53,-1,35
1,<environment.Job instance at 0x7f9764a51d20>,34,18,[9 1],35,-1,53,-1,35
1,<environment.Job instance at 0x7f9764e500f0>,38,16,[1 7],39,-1,55,-1,39
1,<environment.Job instance at 0x7f97652a1b90>,40,18,[2 9],41,-1,59,-1,41
1,<environment.Job instance at 0x7f97652a85a0>,43,18,[5 3],44,-1,62,-1,44
1,<environment.Job instance at 0x7f9764e4e050>,46,13,[7 1],47,-1,60,-1,47
1,<environment.Job instance at 0x7f9764e4e5f0>,47,26,[3 7],48,-1,74,-1,48
1,<environment.Job instance at 0x7f9764e74cd0>,56,18,[5 4],57,-1,75,-1,57
1,<environment.Job instance at 0x7f9764e76230>,61,17,[7 4],62,-1,79,-1,62
1,<environment.Job instance at 0x7f9764e76500>,62,15,[3 6],63,-1,78,-1,63
1,<environment.Job instance at 0x7f9764e76780>,65,18,[8 2],66,-1,87,-1,69
1,<environment.Job instance at 0x7f9764e767d0>,67,28,[4 9],68,-1,97,-1,69
1,<environment.Job instance at 0x7f9764e71a00>,81,15,[7 2],82,-1,149,-1,134
1,<environment.Job instance at 0x7f9764e4a190>,93,14,[5 7],94,-1,154,-1,140
1,<environment.Job instance at 0x7f9764e71eb0>,88,16,[10  1],89,-1,156,-1,140
1,<environment.Job instance at 0x7f9764e4a3c0>,95,18,[9 1],96,-1,170,-1,152
1,<environment.Job instance at 0x7f9764e4aaf0>,100,15,[5 8],101,-1,167,-1,152
1,<environment.Job instance at 0x7f9764e4ad70>,104,21,[8 1],105,-1,174,-1,153
1,<environment.Job instance at 0x7f9765162cd0>,11,1,[ 5 14],12,-1,20,-1,19
1,<environment.Job instance at 0x7f9765162460>,20,17,[ 5 13],21,-1,62,-1,45
1,<environment.Job instance at 0x7f97651621e0>,23,27,[5 1],24,-1,88,-1,61
1,<environment.Job instance at 0x7f97647966e0>,26,2,[ 5 12],27,-1,75,-1,73
1,<environment.Job instance at 0x7f97656e9e60>,35,17,[14  4],36,-1,116,-1,99
1,<environment.Job instance at 0x7f97656e9c80>,41,12,[13  5],42,-1,138,-1,126
1,<environment.Job instance at 0x7f976539b910>,47,26,[3 7],48,-1,184,-1,158
1,<environment.Job instance at 0x7f97647b17d0>,1,17,[4 7],2,-1,19,-1,2
1,<environment.Job instance at 0x7f97647b1410>,3,17,[4 9],4,-1,21,-1,4
1,<environment.Job instance at 0x7f97647b1aa0>,8,16,[9 2],9,-1,25,-1,9
1,<environment.Job instance at 0x7f97647f6cd0>,9,24,[7 1],10,-1,34,-1,10
1,<environment.Job instance at 0x7f97647f6910>,10,26,[4 8],11,-1,37,-1,11
1,<environment.Job instance at 0x7f97647f6550>,11,16,[2 7],12,-1,28,-1,12
1,<environment.Job instance at 0x7f97647f6960>,14,15,[3 8],15,-1,30,-1,15
1,<environment.Job instance at 0x7f97647f6820>,15,18,[6 2],16,-1,34,-1,16
1,<environment.Job instance at 0x7f97647f6460>,17,13,[ 5 10],18,-1,31,-1,18
1,<environment.Job instance at 0x7f97647f6730>,20,18,[8 5],21,-1,39,-1,21
1,<environment.Job instance at 0x7f97647f6b40>,22,18,[4 5],23,-1,41,-1,23
1,<environment.Job instance at 0x7f97652330a0>,23,18,[8 1],24,-1,42,-1,24
1,<environment.Job instance at 0x7f9765233c80>,28,17,[10  4],29,-1,46,-1,29
1,<environment.Job instance at 0x7f9765233c30>,29,15,[5 9],30,-1,45,-1,30
1,<environment.Job instance at 0x7f9765233190>,32,16,[3 5],33,-1,49,-1,33
1,<environment.Job instance at 0x7f9764abfaa0>,35,22,[1 9],36,-1,58,-1,36
1,<environment.Job instance at 0x7f97654f8f00>,40,18,[7 3],41,-1,59,-1,41
1,<environment.Job instance at 0x7f97654f8550>,43,17,[10  3],44,-1,64,-1,47
1,<environment.Job instance at 0x7f976559d9b0>,47,15,[6 4],48,-1,63,-1,48
1,<environment.Job instance at 0x7f976559daf0>,48,17,[3 8],49,-1,66,-1,49
1,<environment.Job instance at 0x7f976559d870>,49,15,[ 5 10],50,-1,65,-1,50
1,<environment.Job instance at 0x7f976559d280>,50,19,[5 4],51,-1,70,-1,51
1,<environment.Job instance at 0x7f97655aed70>,51,17,[ 2 10],52,-1,69,-1,52
1,<environment.Job instance at 0x7f97655aecd0>,53,18,[9 2],54,-1,72,-1,54
1,<environment.Job instance at 0x7f97655ae8c0>,54,24,[5 9],55,-1,79,-1,55
1,<environment.Job instance at 0x7f97655ae6e0>,55,16,[10  3],56,-1,72,-1,56
1,<environment.Job instance at 0x7f97655ae410>,57,26,[8 5],58,-1,84,-1,58
1,<environment.Job instance at 0x7f976527c320>,60,17,[10  1],61,-1,78,-1,61
1,<environment.Job instance at 0x7f9764db1f50>,62,13,[9 1],63,-1,76,-1,63
1,<environment.Job instance at 0x7f9764db1c30>,63,26,[7 5],64,-1,90,-1,64
1,<environment.Job instance at 0x7f9764db1690>,64,16,[3 9],65,-1,81,-1,65
1,<environment.Job instance at 0x7f9764db1e60>,66,20,[3 6],67,-1,87,-1,67
1,<environment.Job instance at 0x7f9764db1410>,67,18,[ 3 10],68,-1,86,-1,68
1,<environment.Job instance at 0x7f9764db1a00>,68,16,[3 5],69,-1,85,-1,69
1,<environment.Job instance at 0x7f9764db1aa0>,69,16,[8 5],70,-1,86,-1,70
1,<environment.Job instance at 0x7f976485f3c0>,72,18,[4 7],73,-1,91,-1,73
1,<environment.Job instance at 0x7f976485f500>,75,17,[9 3],76,-1,93,-1,76
1,<environment.Job instance at 0x7f976482cf00>,79,15,[5 5],80,-1,95,-1,80
1,<environment.Job instance at 0x7f9764b1f320>,81,12,[10  4],82,-1,94,-1,82
1,<environment.Job instance at 0x7f9765295820>,94,17,[5 9],95,-1,112,-1,95
1,<environment.Job instance at 0x7f97652a6eb0>,95,17,[5 9],96,-1,113,-1,96
1,<environment.Job instance at 0x7f9764836500>,102,18,[10  5],103,-1,131,-1,113
1,<environment.Job instance at 0x7f9764919820>,99,18,[9 5],100,-1,131,-1,113
1,<environment.Job instance at 0x7f9764a2cc30>,9,24,[7 1],10,-1,43,-1,19
1,<environment.Job instance at 0x7f9764e76910>,10,26,[4 8],11,-1,57,-1,31
1,<environment.Job instance at 0x7f9764f03b40>,25,15,[12  1],26,-1,84,-1,69
1,<environment.Job instance at 0x7f97647122d0>,33,1,[ 3 13],34,-1,105,-1,104
1,<environment.Job instance at 0x7f9764718f50>,39,18,[ 3 12],40,-1,138,-1,120
1,<environment.Job instance at 0x7f976525fb40>,45,1,[ 5 13],46,-1,140,-1,139
1,<environment.Job instance at 0x7f97651931e0>,1,18,[4 6],2,-1,20,-1,2
1,<environment.Job instance at 0x7f97651933c0>,6,13,[8 3],7,-1,20,-1,7
1,<environment.Job instance at 0x7f9765193cd0>,7,12,[ 3 10],8,-1,20,-1,8
1,<environment.Job instance at 0x7f9764ae62d0>,8,15,[8 2],9,-1,24,-1,9
1,<environment.Job instance at 0x7f9764ae6d20>,12,27,[9 1],13,-1,40,-1,13
1,<environment.Job instance at 0x7f9764ae6370>,13,12,[5 9],14,-1,27,-1,15
1,<environment.Job instance at 0x7f9765193d20>,14,16,[1 8],15,-1,31,-1,15
1,<environment.Job instance at 0x7f9764ae6be0>,19,20,[2 8],20,-1,41,-1,21
1,<environment.Job instance at 0x7f9764ae65f0>,21,19,[5 5],22,-1,41,-1,22
1,<environment.Job instance at 0x7f9764ae6140>,23,18,[8 1],24,-1,42,-1,24
1,<environment.Job instance at 0x7f9764ae6b90>,24,13,[10  5],25,-1,38,-1,25
1,<environment.Job instance at 0x7f9764ae6820>,25,12,[10  3],26,-1,38,-1,26
1,<environment.Job instance at 0x7f9763fb8cd0>,30,18,[5 7],31,-1,49,-1,31
1,<environment.Job instance at 0x7f9763fb89b0>,31,23,[5 9],32,-1,55,-1,32
1,<environment.Job instance at 0x7f9763fb84b0>,34,15,[6 4],35,-1,50,-1,35
1,<environment.Job instance at 0x7f9763fb87d0>,36,18,[1 5],37,-1,55,-1,37
1,<environment.Job instance at 0x7f9764ae6960>,20,15,[12  3],21,-1,52,-1,37
1,<environment.Job instance at 0x7f9763fb86e0>,43,16,[ 3 10],44,-1,61,-1,45
1,<environment.Job instance at 0x7f97640db410>,51,17,[10  3],52,-1,102,-1,85
1,<environment.Job instance at 0x7f9763ff5a00>,59,19,[9 1],60,-1,104,-1,85
1,<environment.Job instance at 0x7f9763ff5780>,66,17,[2 7],67,-1,102,-1,85
1,<environment.Job instance at 0x7f9764223280>,71,15,[10  1],72,-1,100,-1,85
1,<environment.Job instance at 0x7f9764223af0>,73,27,[9 4],74,-1,112,-1,85
1,<environment.Job instance at 0x7f9764223320>,74,25,[8 2],75,-1,110,-1,85
1,<environment.Job instance at 0x7f9763ff5960>,65,1,[7 1],66,-1,86,-1,85
1,<environment.Job instance at 0x7f9764223410>,76,18,[7 2],77,-1,103,-1,85
1,<environment.Job instance at 0x7f97642235a0>,75,2,[4 9],76,-1,87,-1,85
1,<environment.Job instance at 0x7f9764223d70>,77,13,[3 5],78,-1,98,-1,85
1,<environment.Job instance at 0x7f97640db050>,49,14,[8 2],50,-1,99,-1,85
1,<environment.Job instance at 0x7f97640db140>,48,19,[ 5 11],49,-1,104,-1,85
1,<environment.Job instance at 0x7f9764223aa0>,79,18,[5 1],80,-1,103,-1,85
1,<environment.Job instance at 0x7f9764211a50>,83,18,[6 1],84,-1,103,-1,85
1,<environment.Job instance at 0x7f9764211e10>,85,15,[4 9],86,-1,101,-1,86
1,<environment.Job instance at 0x7f9764223370>,80,12,[ 4 12],81,-1,100,-1,88
1,<environment.Job instance at 0x7f9764211730>,82,17,[5 9],83,-1,106,-1,89
1,<environment.Job instance at 0x7f9764211910>,87,17,[3 7],88,-1,107,-1,90
1,<environment.Job instance at 0x7f9764011f50>,91,12,[4 8],92,-1,104,-1,92
1,<environment.Job instance at 0x7f976519faa0>,95,22,[9 4],96,-1,118,-1,96
1,<environment.Job instance at 0x7f9764011eb0>,88,16,[8 5],89,-1,115,-1,99
1,<environment.Job instance at 0x7f976519f370>,99,27,[5 8],100,-1,127,-1,100
1,<environment.Job instance at 0x7f9763ff5320>,64,23,[8 3],65,-1,125,-1,102
1,<environment.Job instance at 0x7f976519fcd0>,98,14,[3 7],99,-1,116,-1,102
1,<environment.Job instance at 0x7f97645f9e60>,102,15,[ 5 10],103,-1,119,-1,104
1,<environment.Job instance at 0x7f97646006e0>,103,16,[5 8],104,-1,123,-1,107
1,<environment.Job instance at 0x7f976404f280>,118,17,[3 7],119,-1,143,-1,126
1,<environment.Job instance at 0x7f978af1d7d0>,120,18,[9 4],121,-1,146,-1,128
1,<environment.Job instance at 0x7f9764e608c0>,121,12,[ 4 10],122,-1,140,-1,128
1,<environment.Job instance at 0x7f97658d3e10>,123,14,[ 1 10],124,-1,143,-1,129
1,<environment.Job instance at 0x7f9764011320>,89,16,[5 1],90,-1,145,-1,129
1,<environment.Job instance at 0x7f9764e60d20>,124,17,[14  4],125,-1,146,-1,129
1,<environment.Job instance at 0x7f9764613320>,128,24,[8 2],129,-1,153,-1,129
1,<environment.Job instance at 0x7f9764c37780>,131,15,[10  3],132,-1,158,-1,143
1,<environment.Job instance at 0x7f9764613910>,129,27,[ 3 13],130,-1,176,-1,149
1,<environment.Job instance at 0x7f9764c37d70>,132,18,[1 9],133,-1,167,-1,149
1,<environment.Job instance at 0x7f9764c375a0>,133,17,[6 3],134,-1,166,-1,149
1,<environment.Job instance at 0x7f97640dbd70>,4,1,[11  3],5,-1,6,-1,5
1,<environment.Job instance at 0x7f9764211fa0>,11,13,[ 1 13],12,-1,34,-1,21
1,<environment.Job instance at 0x7f9764211dc0>,12,27,[9 1],13,-1,48,-1,21
1,<environment.Job instance at 0x7f97642113c0>,16,21,[12  2],17,-1,55,-1,34
1,<environment.Job instance at 0x7f9764a20a50>,18,14,[ 1 14],19,-1,49,-1,35
1,<environment.Job instance at 0x7f9764ca7f00>,20,15,[12  3],21,-1,50,-1,35
1,<environment.Job instance at 0x7f97651938c0>,26,2,[12  3],27,-1,52,-1,50
1,<environment.Job instance at 0x7f976560b820>,31,23,[5 9],32,-1,89,-1,66
1,<environment.Job instance at 0x7f97657cb9b0>,35,15,[ 4 12],36,-1,89,-1,74
1,<environment.Job instance at 0x7f976de66d70>,39,3,[ 4 11],40,-1,88,-1,85
1,<environment.Job instance at 0x7f976568c140>,41,26,[7 2],42,-1,119,-1,93
1,<environment.Job instance at 0x7f97648b0fa0>,42,2,[ 2 13],43,-1,95,-1,93
1,<environment.Job instance at 0x7f9764fda230>,46,12,[11  2],47,-1,109,-1,97
1,<environment.Job instance at 0x7f9764fda320>,47,1,[14  5],48,-1,98,-1,97
1,<environment.Job instance at 0x7f9765719690>,48,19,[ 5 11],49,-1,116,-1,97
1,<environment.Job instance at 0x7f97657aa050>,58,1,[ 4 13],59,-1,137,-1,136
1,<environment.Job instance at 0x7f9765120410>,62,2,[ 3 14],63,-1,141,-1,139
1,<environment.Job instance at 0x7f97658519b0>,64,23,[8 3],65,-1,170,-1,147
1,<environment.Job instance at 0x7f976540d410>,69,1,[11  4],70,-1,149,-1,148
1,<environment.Job instance at 0x7f97645e7a50>,73,27,[9 4],74,-1,190,-1,163
1,<environment.Job instance at 0x7f97645846e0>,74,25,[8 2],75,-1,188,-1,163
1,<environment.Job instance at 0x7f9765735fa0>,80,12,[ 4 12],81,-1,181,-1,169
1,<environment.Job instance at 0x7f976decee10>,2,14,[9 2],3,-1,18,-1,4
1,<environment.Job instance at 0x7f976dece0f0>,3,14,[9 2],4,-1,19,-1,5
1,<environment.Job instance at 0x7f976dece370>,10,20,[7 1],11,-1,32,-1,12
1,<environment.Job instance at 0x7f9764a3ba50>,23,14,[ 4 10],24,-1,42,-1,28
1,<environment.Job instance at 0x7f976deceaf0>,11,14,[9 4],12,-1,42,-1,28
1,<environment.Job instance at 0x7f9764a3bf50>,25,13,[10  4],26,-1,41,-1,28
1,<environment.Job instance at 0x7f97652c9500>,30,24,[ 4 14],31,-1,77,-1,53
1,<environment.Job instance at 0x7f97652c9e10>,33,17,[7 2],34,-1,70,-1,53
1,<environment.Job instance at 0x7f97652c93c0>,34,14,[ 1 11],35,-1,68,-1,54
1,<environment.Job instance at 0x7f97652c9d20>,35,24,[7 4],36,-1,78,-1,54
1,<environment.Job instance at 0x7f9764a3b0a0>,22,16,[6 1],23,-1,71,-1,55
1,<environment.Job instance at 0x7f97652c9050>,31,1,[9 5],32,-1,56,-1,55
1,<environment.Job instance at 0x7f97652c9690>,32,13,[ 4 10],33,-1,68,-1,55
1,<environment.Job instance at 0x7f97652c9a00>,37,15,[2 5],38,-1,70,-1,55
1,<environment.Job instance at 0x7f9764b97fa0>,40,12,[8 4],41,-1,67,-1,55
1,<environment.Job instance at 0x7f9764b97780>,43,18,[8 3],44,-1,73,-1,55
1,<environment.Job instance at 0x7f97652c9be0>,36,14,[9 1],37,-1,69,-1,55
1,<environment.Job instance at 0x7f9764b97730>,41,14,[ 2 10],42,-1,69,-1,55
1,<environment.Job instance at 0x7f9764b974b0>,44,12,[7 5],45,-1,67,-1,55
1,<environment.Job instance at 0x7f9764b975f0>,45,25,[6 2],46,-1,80,-1,55
1,<environment.Job instance at 0x7f9764b97d20>,49,18,[ 1 10],50,-1,73,-1,55
1,<environment.Job instance at 0x7f9764b97550>,50,2,[5 2],51,-1,57,-1,55
1,<environment.Job instance at 0x7f976457c960>,52,15,[4 5],53,-1,71,-1,56
1,<environment.Job instance at 0x7f976457c5a0>,55,18,[4 5],56,-1,74,-1,56
1,<environment.Job instance at 0x7f976457c190>,56,26,[10  2],57,-1,83,-1,57
1,<environment.Job instance at 0x7f976457ca50>,57,17,[8 3],58,-1,76,-1,59
1,<environment.Job instance at 0x7f976432d2d0>,60,17,[8 5],61,-1,82,-1,65
1,<environment.Job instance at 0x7f976432d370>,62,21,[9 5],63,-1,86,-1,65
1,<environment.Job instance at 0x7f9765151a50>,71,18,[5 5],72,-1,94,-1,76
1,<environment.Job instance at 0x7f976457c820>,58,14,[9 3],59,-1,90,-1,76
1,<environment.Job instance at 0x7f97651517d0>,72,15,[ 1 10],73,-1,91,-1,76
1,<environment.Job instance at 0x7f9764b975a0>,46,2,[ 1 13],47,-1,79,-1,77
1,<environment.Job instance at 0x7f97651512d0>,75,18,[10  4],76,-1,97,-1,79
1,<environment.Job instance at 0x7f9765151c80>,77,15,[5 9],78,-1,94,-1,79
1,<environment.Job instance at 0x7f9763f61780>,80,15,[10  5],81,-1,96,-1,81
1,<environment.Job instance at 0x7f9765151eb0>,74,18,[9 2],75,-1,99,-1,81
1,<environment.Job instance at 0x7f9763f61960>,81,17,[8 2],82,-1,100,-1,83
1,<environment.Job instance at 0x7f9763f61460>,87,17,[2 7],88,-1,115,-1,98
1,<environment.Job instance at 0x7f976547b730>,0,26,[2 8],1,-1,27,-1,1
1,<environment.Job instance at 0x7f97640de640>,9,17,[12  4],10,-1,34,-1,17
1,<environment.Job instance at 0x7f9764f559b0>,15,17,[ 1 11],16,-1,48,-1,31
1,<environment.Job instance at 0x7f9764228910>,17,13,[12  4],18,-1,44,-1,31
1,<environment.Job instance at 0x7f97640a5eb0>,30,24,[ 4 14],31,-1,104,-1,80
1,<environment.Job instance at 0x7f976540d960>,34,14,[ 1 11],35,-1,96,-1,82
1,<environment.Job instance at 0x7f9765120c30>,35,24,[7 4],36,-1,120,-1,96
1,<environment.Job instance at 0x7f97640755f0>,45,25,[6 2],46,-1,162,-1,137
1,<environment.Job instance at 0x7f9764b029b0>,46,2,[ 1 13],47,-1,139,-1,137
1,<environment.Job instance at 0x7f9765398320>,0,15,[4 9],1,-1,16,-1,1
1,<environment.Job instance at 0x7f9764c72780>,7,16,[2 6],8,-1,25,-1,9
1,<environment.Job instance at 0x7f9764e58190>,8,17,[7 4],9,-1,26,-1,9
1,<environment.Job instance at 0x7f97651346e0>,12,20,[1 9],13,-1,33,-1,13
1,<environment.Job instance at 0x7f9765134320>,13,18,[3 7],14,-1,32,-1,14
1,<environment.Job instance at 0x7f9765134c80>,16,18,[3 6],17,-1,35,-1,17
1,<environment.Job instance at 0x7f9765134a50>,18,17,[2 5],19,-1,36,-1,19
1,<environment.Job instance at 0x7f9764c9f500>,24,18,[2 9],25,-1,44,-1,26
1,<environment.Job instance at 0x7f9764c9f730>,27,15,[8 4],28,-1,43,-1,28
1,<environment.Job instance at 0x7f9764c9f8c0>,28,22,[10  5],29,-1,51,-1,29
1,<environment.Job instance at 0x7f9764c9f820>,29,15,[2 8],30,-1,45,-1,30
1,<environment.Job instance at 0x7f9764c9f9b0>,30,17,[2 7],31,-1,48,-1,31
1,<environment.Job instance at 0x7f9764c9fbe0>,33,12,[10  3],34,-1,46,-1,34
1,<environment.Job instance at 0x7f9764c9fe10>,34,25,[9 4],35,-1,60,-1,35
1,<environment.Job instance at 0x7f9764c9f640>,25,26,[5 5],26,-1,63,-1,37
1,<environment.Job instance at 0x7f9764c798c0>,44,17,[6 3],45,-1,63,-1,46
1,<environment.Job instance at 0x7f9764c79a50>,46,15,[7 3],47,-1,62,-1,47
1,<environment.Job instance at 0x7f9764c795a0>,45,22,[6 4],46,-1,69,-1,47
1,<environment.Job instance at 0x7f9764c79e60>,50,26,[10  1],51,-1,77,-1,51
1,<environment.Job instance at 0x7f9764c79d20>,49,14,[ 1 10],50,-1,66,-1,52
1,<environment.Job instance at 0x7f9764c79f50>,52,22,[2 7],53,-1,75,-1,53
1,<environment.Job instance at 0x7f9764c740f0>,54,12,[1 9],55,-1,67,-1,55
1,<environment.Job instance at 0x7f9764c74230>,55,16,[10  3],56,-1,72,-1,56
1,<environment.Job instance at 0x7f9764c74140>,56,18,[8 3],57,-1,75,-1,57
1,<environment.Job instance at 0x7f9764c745a0>,59,17,[1 9],60,-1,77,-1,60
1,<environment.Job instance at 0x7f9764c74730>,60,15,[9 4],61,-1,76,-1,61
1,<environment.Job instance at 0x7f9764c74640>,61,14,[8 1],62,-1,76,-1,62
1,<environment.Job instance at 0x7f9764c747d0>,62,17,[9 5],63,-1,80,-1,63
1,<environment.Job instance at 0x7f9764c74910>,64,18,[6 4],65,-1,83,-1,65
1,<environment.Job instance at 0x7f9764c79be0>,51,16,[ 2 10],52,-1,82,-1,66
1,<environment.Job instance at 0x7f9764c74b90>,67,25,[6 4],68,-1,93,-1,68
1,<environment.Job instance at 0x7f9764c74d20>,69,25,[10  1],70,-1,95,-1,70
1,<environment.Job instance at 0x7f97657f20f0>,73,18,[10  5],74,-1,100,-1,82
1,<environment.Job instance at 0x7f9764ac4640>,85,17,[4 6],86,-1,103,-1,86
1,<environment.Job instance at 0x7f97657e7eb0>,81,21,[4 7],82,-1,116,-1,95
1,<environment.Job instance at 0x7f976437cc30>,92,1,[10  4],93,-1,101,-1,100
1,<environment.Job instance at 0x7f9764d9cbe0>,96,17,[5 2],97,-1,122,-1,105
1,<environment.Job instance at 0x7f9764790370>,97,18,[1 7],98,-1,124,-1,106
1,<environment.Job instance at 0x7f9764a58dc0>,98,26,[ 3 10],99,-1,134,-1,108
1,<environment.Job instance at 0x7f9764388410>,95,17,[2 7],96,-1,125,-1,108
1,<environment.Job instance at 0x7f9765265460>,5,16,[ 4 14],6,-1,22,-1,6
1,<environment.Job instance at 0x7f9764e61fa0>,17,26,[ 2 12],18,-1,64,-1,38
1,<environment.Job instance at 0x7f9764f69280>,19,1,[ 3 12],20,-1,42,-1,41
1,<environment.Job instance at 0x7f976404f230>,22,3,[11  1],23,-1,45,-1,42
1,<environment.Job instance at 0x7f97645a8af0>,25,26,[5 5],26,-1,82,-1,56
1,<environment.Job instance at 0x7f9763f61280>,34,25,[9 4],35,-1,105,-1,80
1,<environment.Job instance at 0x7f9765151fa0>,41,3,[11  1],42,-1,97,-1,94
1,<environment.Job instance at 0x7f9764f06eb0>,42,3,[12  5],43,-1,97,-1,94
1,<environment.Job instance at 0x7f9765151050>,40,25,[9 5],41,-1,121,-1,96
1,<environment.Job instance at 0x7f9764b97910>,50,26,[10  1],51,-1,157,-1,131
1,<environment.Job instance at 0x7f9764307960>,0,22,[9 5],1,-1,23,-1,1
1,<environment.Job instance at 0x7f9764b97e60>,2,27,[8 4],3,-1,30,-1,3
1,<environment.Job instance at 0x7f97657d4be0>,6,14,[8 5],7,-1,22,-1,8
1,<environment.Job instance at 0x7f9764307500>,7,17,[1 5],8,-1,25,-1,8
1,<environment.Job instance at 0x7f97657d4aa0>,8,18,[8 4],9,-1,27,-1,9
1,<environment.Job instance at 0x7f97657d4a00>,9,18,[2 5],10,-1,29,-1,11
1,<environment.Job instance at 0x7f97657d44b0>,10,16,[5 2],11,-1,28,-1,12
1,<environment.Job instance at 0x7f97657d4780>,13,25,[ 4 10],14,-1,39,-1,14
1,<environment.Job instance at 0x7f9765721f00>,23,19,[8 5],24,-1,43,-1,24
1,<environment.Job instance at 0x7f9764acedc0>,29,22,[3 7],30,-1,53,-1,31
1,<environment.Job instance at 0x7f9764acebe0>,32,12,[ 4 10],33,-1,45,-1,33
1,<environment.Job instance at 0x7f9764acef50>,35,16,[5 5],36,-1,52,-1,36
1,<environment.Job instance at 0x7f9764d191e0>,36,20,[5 3],37,-1,57,-1,37
1,<environment.Job instance at 0x7f9764015fa0>,38,12,[9 1],39,-1,51,-1,39
1,<environment.Job instance at 0x7f9764015730>,40,21,[5 4],41,-1,62,-1,41
1,<environment.Job instance at 0x7f9764015140>,42,18,[9 2],43,-1,61,-1,43
1,<environment.Job instance at 0x7f97640155a0>,44,17,[11  1],45,-1,62,-1,45
1,<environment.Job instance at 0x7f976400d5f0>,46,16,[5 8],47,-1,63,-1,47
1,<environment.Job instance at 0x7f9763ef2b90>,48,16,[6 3],49,-1,65,-1,49
1,<environment.Job instance at 0x7f9763ef2690>,50,17,[10  5],51,-1,68,-1,51
1,<environment.Job instance at 0x7f9763ef2d70>,53,14,[8 3],54,-1,68,-1,54
1,<environment.Job instance at 0x7f9763ef2be0>,54,13,[10  2],55,-1,68,-1,55
1,<environment.Job instance at 0x7f9763ef2730>,55,17,[9 4],56,-1,73,-1,56
1,<environment.Job instance at 0x7f9763ef2dc0>,56,16,[10  4],57,-1,73,-1,57
1,<environment.Job instance at 0x7f9764ace690>,30,16,[6 4],31,-1,73,-1,57
1,<environment.Job instance at 0x7f9765634460>,58,14,[10  3],59,-1,76,-1,62
1,<environment.Job instance at 0x7f9765634500>,62,18,[3 6],63,-1,81,-1,63
1,<environment.Job instance at 0x7f9765634aa0>,63,16,[5 8],64,-1,80,-1,64
1,<environment.Job instance at 0x7f97656344b0>,68,18,[2 8],69,-1,90,-1,72
1,<environment.Job instance at 0x7f9765731a00>,73,18,[4 6],74,-1,92,-1,74
1,<environment.Job instance at 0x7f9765731c30>,76,16,[7 4],77,-1,93,-1,77
1,<environment.Job instance at 0x7f9765731b40>,79,14,[ 5 10],80,-1,94,-1,80
1,<environment.Job instance at 0x7f97657319b0>,80,16,[7 5],81,-1,97,-1,81
1,<environment.Job instance at 0x7f9765731e10>,85,28,[5 5],86,-1,114,-1,86
1,<environment.Job instance at 0x7f9765579c80>,91,21,[4 8],92,-1,114,-1,93
1,<environment.Job instance at 0x7f9765579730>,93,16,[10  5],94,-1,110,-1,94
1,<environment.Job instance at 0x7f976425f780>,100,21,[6 2],101,-1,125,-1,104
1,<environment.Job instance at 0x7f9764fe9fa0>,103,13,[10  4],104,-1,117,-1,104
1,<environment.Job instance at 0x7f9764076690>,108,22,[4 8],109,-1,139,-1,117
1,<environment.Job instance at 0x7f9763f610a0>,111,15,[ 5 14],112,-1,142,-1,127
1,<environment.Job instance at 0x7f9764c83cd0>,113,14,[ 3 11],114,-1,142,-1,128
1,<environment.Job instance at 0x7f9763f5d140>,114,14,[ 1 10],115,-1,143,-1,129
1,<environment.Job instance at 0x7f9764db1eb0>,115,14,[4 5],116,-1,145,-1,131
1,<environment.Job instance at 0x7f9764355d70>,119,12,[7 5],120,-1,143,-1,131
1,<environment.Job instance at 0x7f9765579280>,92,14,[1 7],93,-1,145,-1,131
1,<environment.Job instance at 0x7f97656342d0>,71,18,[8 4],72,-1,150,-1,132
1,<environment.Job instance at 0x7f976411c140>,123,13,[5 1],124,-1,146,-1,133
1,<environment.Job instance at 0x7f97655ae6e0>,122,16,[10  5],123,-1,149,-1,133
1,<environment.Job instance at 0x7f97640fee60>,125,15,[10  3],126,-1,148,-1,133
1,<environment.Job instance at 0x7f9764352b40>,126,12,[3 9],127,-1,151,-1,139
1,<environment.Job instance at 0x7f9765514550>,129,17,[6 4],130,-1,158,-1,141
1,<environment.Job instance at 0x7f9765057aa0>,110,28,[4 7],111,-1,169,-1,141
1,<environment.Job instance at 0x7f9765514dc0>,130,14,[3 9],131,-1,155,-1,141
1,<environment.Job instance at 0x7f9765731730>,74,12,[13  3],75,-1,153,-1,141
1,<environment.Job instance at 0x7f9765514280>,128,18,[2 9],129,-1,159,-1,141
1,<environment.Job instance at 0x7f9765514500>,127,17,[ 4 14],128,-1,170,-1,153
1,<environment.Job instance at 0x7f9765051aa0>,139,15,[7 2],140,-1,169,-1,154
1,<environment.Job instance at 0x7f9765051550>,140,1,[4 9],141,-1,155,-1,154
1,<environment.Job instance at 0x7f9765051be0>,138,17,[ 1 10],139,-1,171,-1,154
1,<environment.Job instance at 0x7f9764ace4b0>,2,27,[8 4],3,-1,50,-1,23
1,<environment.Job instance at 0x7f976466b3c0>,12,1,[ 1 13],13,-1,24,-1,23
1,<environment.Job instance at 0x7f9765634e60>,15,17,[11  2],16,-1,54,-1,37
1,<environment.Job instance at 0x7f9764bdb2d0>,13,25,[ 4 10],14,-1,65,-1,40
1,<environment.Job instance at 0x7f97643075f0>,19,21,[14  3],20,-1,61,-1,40
1,<environment.Job instance at 0x7f9775e3b190>,37,1,[ 2 11],38,-1,77,-1,76
1,<environment.Job instance at 0x7f9764f065a0>,44,17,[11  1],45,-1,109,-1,92
1,<environment.Job instance at 0x7f9763f615a0>,57,3,[ 5 11],58,-1,159,-1,156
1,<environment.Job instance at 0x7f97642dfb90>,3,17,[9 1],4,-1,22,-1,5
1,<environment.Job instance at 0x7f97643cc0a0>,4,13,[10  1],5,-1,18,-1,5
1,<environment.Job instance at 0x7f97642df6e0>,7,18,[7 5],8,-1,26,-1,8
1,<environment.Job instance at 0x7f97642dff00>,9,18,[ 3 10],10,-1,30,-1,12
1,<environment.Job instance at 0x7f97642df690>,12,14,[9 2],13,-1,27,-1,13
1,<environment.Job instance at 0x7f97642df0a0>,13,17,[8 4],14,-1,31,-1,14
1,<environment.Job instance at 0x7f97642df730>,14,24,[8 1],15,-1,39,-1,15
1,<environment.Job instance at 0x7f97642df050>,15,18,[9 4],16,-1,34,-1,16
1,<environment.Job instance at 0x7f97642dfb40>,16,25,[6 2],17,-1,42,-1,17
1,<environment.Job instance at 0x7f97642dfeb0>,17,17,[8 2],18,-1,35,-1,18
1,<environment.Job instance at 0x7f9764b048c0>,18,2,[10  5],19,-1,21,-1,19
1,<environment.Job instance at 0x7f9764b04dc0>,19,17,[7 1],20,-1,37,-1,20
1,<environment.Job instance at 0x7f9764b04d20>,20,15,[8 3],21,-1,36,-1,21
1,<environment.Job instance at 0x7f9764b04960>,21,3,[3 8],22,-1,25,-1,22
1,<environment.Job instance at 0x7f9764b044b0>,22,12,[2 6],23,-1,35,-1,23
1,<environment.Job instance at 0x7f9764b04fa0>,23,15,[3 8],24,-1,39,-1,24
1,<environment.Job instance at 0x7f9764b04eb0>,24,1,[8 1],25,-1,26,-1,25
1,<environment.Job instance at 0x7f9764b04550>,25,18,[3 6],26,-1,44,-1,26
1,<environment.Job instance at 0x7f9764b04460>,26,12,[10  1],27,-1,39,-1,27
1,<environment.Job instance at 0x7f9764b04690>,27,1,[5 3],28,-1,29,-1,28
1,<environment.Job instance at 0x7f976484d0f0>,28,3,[10  1],29,-1,32,-1,29
1,<environment.Job instance at 0x7f976484d320>,29,16,[10  3],30,-1,46,-1,30
1,<environment.Job instance at 0x7f976484d2d0>,30,1,[5 7],31,-1,32,-1,31
1,<environment.Job instance at 0x7f976484d550>,31,20,[5 3],32,-1,52,-1,32
1,<environment.Job instance at 0x7f976484da00>,32,24,[8 2],33,-1,57,-1,33
1,<environment.Job instance at 0x7f976484d960>,33,1,[2 7],34,-1,35,-1,34
1,<environment.Job instance at 0x7f97642dfaa0>,11,18,[5 9],12,-1,52,-1,34
1,<environment.Job instance at 0x7f97642dfc30>,34,15,[4 9],35,-1,50,-1,35
1,<environment.Job instance at 0x7f9764f6ae10>,45,12,[8 3],46,-1,59,-1,47
1,<environment.Job instance at 0x7f9764dac730>,49,25,[1 7],50,-1,75,-1,50
1,<environment.Job instance at 0x7f9764dacc80>,51,16,[5 9],52,-1,68,-1,52
1,<environment.Job instance at 0x7f9764dac690>,52,17,[7 4],53,-1,70,-1,53
1,<environment.Job instance at 0x7f9764dacaf0>,53,14,[2 7],54,-1,68,-1,54
1,<environment.Job instance at 0x7f9764dac190>,55,13,[1 5],56,-1,69,-1,56
1,<environment.Job instance at 0x7f9764dace60>,56,17,[10  4],57,-1,74,-1,57
1,<environment.Job instance at 0x7f9764dac3c0>,57,14,[7 2],58,-1,72,-1,58
1,<environment.Job instance at 0x7f9764dacd70>,58,14,[ 5 11],59,-1,73,-1,59
1,<environment.Job instance at 0x7f9764dacfa0>,59,17,[1 7],60,-1,77,-1,60
1,<environment.Job instance at 0x7f9764e64e60>,60,14,[2 6],61,-1,75,-1,61
1,<environment.Job instance at 0x7f9765662140>,62,18,[ 1 10],63,-1,81,-1,63
1,<environment.Job instance at 0x7f9765593780>,64,12,[9 4],65,-1,77,-1,65
1,<environment.Job instance at 0x7f9764e61f50>,66,15,[4 7],67,-1,82,-1,67
1,<environment.Job instance at 0x7f976467faf0>,68,17,[9 3],69,-1,86,-1,69
1,<environment.Job instance at 0x7f97657cba50>,70,14,[10  1],71,-1,85,-1,71
1,<environment.Job instance at 0x7f97657cb6e0>,72,18,[10  1],73,-1,91,-1,73
1,<environment.Job instance at 0x7f97652cf190>,73,15,[7 2],74,-1,89,-1,74
1,<environment.Job instance at 0x7f9764b13dc0>,74,27,[1 7],75,-1,102,-1,75
1,<environment.Job instance at 0x7f9764b13780>,76,13,[4 6],77,-1,90,-1,77
1,<environment.Job instance at 0x7f9764b219b0>,81,12,[ 5 10],82,-1,97,-1,85
1,<environment.Job instance at 0x7f97652a2a50>,93,12,[5 5],94,-1,127,-1,115
1,<environment.Job instance at 0x7f976e1f6c30>,95,13,[10  4],96,-1,131,-1,118
1,<environment.Job instance at 0x7f9765325550>,86,16,[1 9],87,-1,134,-1,118
1,<environment.Job instance at 0x7f9764122050>,97,17,[1 8],98,-1,135,-1,118
1,<environment.Job instance at 0x7f97652a2640>,96,19,[5 4],97,-1,137,-1,118
1,<environment.Job instance at 0x7f97641225f0>,98,18,[4 6],99,-1,137,-1,119
1,<environment.Job instance at 0x7f9764d994b0>,102,14,[5 6],103,-1,135,-1,121
1,<environment.Job instance at 0x7f9764d995f0>,103,18,[10  1],104,-1,139,-1,121
1,<environment.Job instance at 0x7f976e1f6320>,99,13,[8 2],100,-1,134,-1,121
1,<environment.Job instance at 0x7f9764d992d0>,104,15,[9 3],105,-1,136,-1,121
1,<environment.Job instance at 0x7f9764d99780>,106,17,[ 2 10],107,-1,138,-1,121
1,<environment.Job instance at 0x7f9765325870>,91,18,[4 6],92,-1,139,-1,121
1,<environment.Job instance at 0x7f9764d99910>,109,16,[ 1 13],110,-1,137,-1,121
1,<environment.Job instance at 0x7f9764db9be0>,112,15,[ 2 12],113,-1,136,-1,121
1,<environment.Job instance at 0x7f9764db9b90>,111,16,[9 3],112,-1,137,-1,121
1,<environment.Job instance at 0x7f9764db9af0>,114,14,[5 8],115,-1,135,-1,121
1,<environment.Job instance at 0x7f97652a2820>,94,14,[1 7],95,-1,136,-1,122
1,<environment.Job instance at 0x7f9764c72b90>,116,17,[11  2],117,-1,140,-1,123
1,<environment.Job instance at 0x7f9764c727d0>,119,23,[9 3],120,-1,146,-1,123
1,<environment.Job instance at 0x7f9764c72370>,121,15,[7 4],122,-1,138,-1,123
1,<environment.Job instance at 0x7f9764d99190>,105,16,[ 5 13],106,-1,139,-1,123
1,<environment.Job instance at 0x7f9764c72640>,118,12,[4 5],119,-1,135,-1,123
1,<environment.Job instance at 0x7f9764011af0>,122,16,[7 2],123,-1,139,-1,123
1,<environment.Job instance at 0x7f9764271c80>,125,14,[ 2 10],126,-1,140,-1,126
1,<environment.Job instance at 0x7f9764271a00>,127,18,[2 7],128,-1,146,-1,128
1,<environment.Job instance at 0x7f9764271960>,128,12,[ 1 13],129,-1,142,-1,130
1,<environment.Job instance at 0x7f9764271a50>,129,15,[8 5],130,-1,145,-1,130
1,<environment.Job instance at 0x7f9764271af0>,130,22,[9 3],131,-1,154,-1,132
1,<environment.Job instance at 0x7f97642716e0>,131,28,[1 5],132,-1,163,-1,135
1,<environment.Job instance at 0x7f9765004230>,134,15,[7 5],135,-1,152,-1,137
1,<environment.Job instance at 0x7f976449b5a0>,135,14,[7 4],136,-1,151,-1,137
1,<environment.Job instance at 0x7f976449b320>,137,22,[7 3],138,-1,160,-1,138
1,<environment.Job instance at 0x7f976449bcd0>,139,14,[6 4],140,-1,154,-1,140
1,<environment.Job instance at 0x7f976449b410>,140,18,[1 7],141,-1,159,-1,141
1,<environment.Job instance at 0x7f976449b7d0>,141,14,[5 5],142,-1,156,-1,142
1,<environment.Job instance at 0x7f976449b0a0>,143,15,[3 8],144,-1,159,-1,144
1,<environment.Job instance at 0x7f9764dace10>,6,3,[ 5 11],7,-1,10,-1,7
1,<environment.Job instance at 0x7f9764c72fa0>,14,24,[8 1],15,-1,64,-1,40
1,<environment.Job instance at 0x7f97642717d0>,16,25,[6 2],17,-1,70,-1,45
1,<environment.Job instance at 0x7f97653a1730>,32,24,[8 2],33,-1,138,-1,114
1,<environment.Job instance at 0x7f9764657aa0>,37,12,[13  5],38,-1,128,-1,116
1,<environment.Job instance at 0x7f976dee4690>,42,2,[ 1 12],43,-1,133,-1,131
1,<environment.Job instance at 0x7f9764d37c30>,49,25,[1 7],50,-1,183,-1,158
1,<environment.Job instance at 0x7f9764c83f00>,1,28,[6 2],2,-1,30,-1,2
1,<environment.Job instance at 0x7f9764bd9c80>,9,15,[8 4],10,-1,25,-1,10
1,<environment.Job instance at 0x7f9764bc5140>,14,12,[8 5],15,-1,27,-1,15
1,<environment.Job instance at 0x7f9764bc54b0>,17,13,[7 4],18,-1,31,-1,18
1,<environment.Job instance at 0x7f9764bc5820>,20,13,[8 5],21,-1,34,-1,21
1,<environment.Job instance at 0x7f9764bb4140>,28,12,[9 4],29,-1,42,-1,30
1,<environment.Job instance at 0x7f9764bb48c0>,34,15,[2 8],35,-1,52,-1,37
1,<environment.Job instance at 0x7f9764bb4960>,36,15,[9 4],37,-1,52,-1,37
1,<environment.Job instance at 0x7f9764bb4b40>,37,18,[5 9],38,-1,56,-1,38
1,<environment.Job instance at 0x7f9764bb47d0>,38,25,[3 6],39,-1,64,-1,39
1,<environment.Job instance at 0x7f9764bb4c80>,40,17,[8 5],41,-1,58,-1,41
1,<environment.Job instance at 0x7f9764bb4f00>,43,12,[5 7],44,-1,56,-1,44
1,<environment.Job instance at 0x7f9764bca370>,46,1,[4 6],47,-1,48,-1,47
1,<environment.Job instance at 0x7f9764bca500>,47,16,[2 5],48,-1,64,-1,48
1,<environment.Job instance at 0x7f9764bca410>,48,15,[5 5],49,-1,64,-1,49
1,<environment.Job instance at 0x7f9764bca5a0>,49,2,[2 7],50,-1,53,-1,51
1,<environment.Job instance at 0x7f9764bca6e0>,51,13,[ 4 11],52,-1,65,-1,52
1,<environment.Job instance at 0x7f9764bca780>,52,20,[3 6],53,-1,73,-1,53
1,<environment.Job instance at 0x7f9764bca820>,53,17,[10  4],54,-1,71,-1,54
1,<environment.Job instance at 0x7f9764bcab90>,56,21,[10  4],57,-1,78,-1,57
1,<environment.Job instance at 0x7f9764bcad20>,57,15,[3 8],58,-1,73,-1,58
1,<environment.Job instance at 0x7f9764bcab40>,59,15,[14  4],60,-1,76,-1,61
1,<environment.Job instance at 0x7f9764bcae60>,61,18,[3 7],62,-1,80,-1,62
1,<environment.Job instance at 0x7f9764bc7140>,62,3,[10  1],63,-1,71,-1,68
1,<environment.Job instance at 0x7f9764bc7640>,67,24,[9 5],68,-1,92,-1,68
1,<environment.Job instance at 0x7f9764bc7730>,68,17,[7 2],69,-1,87,-1,70
1,<environment.Job instance at 0x7f9764bc7820>,70,13,[4 5],71,-1,84,-1,71
1,<environment.Job instance at 0x7f9764bc78c0>,71,15,[5 5],72,-1,87,-1,72
1,<environment.Job instance at 0x7f9764bc7a00>,73,14,[5 2],74,-1,88,-1,74
1,<environment.Job instance at 0x7f9764bc7b90>,74,17,[7 2],75,-1,92,-1,75
1,<environment.Job instance at 0x7f9764bc7be0>,77,14,[3 8],78,-1,92,-1,78
1,<environment.Job instance at 0x7f9764bda3c0>,82,15,[9 5],83,-1,98,-1,83
1,<environment.Job instance at 0x7f9764bda960>,87,17,[3 5],88,-1,105,-1,88
1,<environment.Job instance at 0x7f9764bdac30>,90,13,[4 7],91,-1,104,-1,91
1,<environment.Job instance at 0x7f9764bdadc0>,91,20,[5 5],92,-1,112,-1,92
1,<environment.Job instance at 0x7f9764bdae60>,93,22,[2 8],94,-1,116,-1,94
1,<environment.Job instance at 0x7f976542c730>,97,18,[3 6],98,-1,116,-1,98
1,<environment.Job instance at 0x7f9764bc47d0>,102,20,[ 1 10],103,-1,123,-1,103
1,<environment.Job instance at 0x7f97647def50>,106,16,[ 2 10],107,-1,123,-1,107
1,<environment.Job instance at 0x7f9764bdf370>,110,12,[9 1],111,-1,123,-1,111
1,<environment.Job instance at 0x7f9764ba7a00>,112,21,[9 2],113,-1,134,-1,113
1,<environment.Job instance at 0x7f9764ba5640>,114,18,[2 6],115,-1,133,-1,115
1,<environment.Job instance at 0x7f9764bc40a0>,105,13,[13  1],106,-1,135,-1,122
1,<environment.Job instance at 0x7f9764bbf370>,116,17,[3 9],117,-1,139,-1,122
1,<environment.Job instance at 0x7f9764bbfaa0>,122,25,[3 6],123,-1,148,-1,123
1,<environment.Job instance at 0x7f9764bbfd70>,125,16,[4 8],126,-1,142,-1,126
1,<environment.Job instance at 0x7f9764dc26e0>,135,13,[4 8],136,-1,149,-1,136
1,<environment.Job instance at 0x7f9764dc2e60>,140,16,[ 4 10],141,-1,157,-1,141
1,<environment.Job instance at 0x7f9764dc2fa0>,141,13,[8 5],142,-1,156,-1,143
1,<environment.Job instance at 0x7f9764bcadc0>,60,16,[10  1],61,-1,163,-1,147
1,<environment.Job instance at 0x7f9764bc7690>,69,15,[8 4],70,-1,162,-1,147
1,<environment.Job instance at 0x7f9764bc5410>,1,28,[6 2],2,-1,30,-1,2
1,<environment.Job instance at 0x7f9764bbfbe0>,23,1,[ 4 14],24,-1,41,-1,40
1,<environment.Job instance at 0x7f9764ace460>,33,12,[ 1 14],34,-1,63,-1,51
1,<environment.Job instance at 0x7f9764f690f0>,38,25,[3 6],39,-1,96,-1,71
1,<environment.Job instance at 0x7f976404f910>,51,13,[ 4 11],52,-1,127,-1,114
1,<environment.Job instance at 0x7f976591aa00>,59,15,[14  4],60,-1,157,-1,142
1,<environment.Job instance at 0x7f97641f5910>,7,16,[6 1],8,-1,25,-1,9
1,<environment.Job instance at 0x7f97641f5c80>,9,18,[4 5],10,-1,28,-1,10
1,<environment.Job instance at 0x7f97641f54b0>,10,18,[6 2],11,-1,29,-1,11
1,<environment.Job instance at 0x7f97643cd460>,8,14,[5 4],9,-1,25,-1,11
1,<environment.Job instance at 0x7f97641f5eb0>,12,15,[4 8],13,-1,29,-1,14
1,<environment.Job instance at 0x7f97641f5f00>,13,18,[12  1],14,-1,32,-1,14
1,<environment.Job instance at 0x7f97641f59b0>,14,18,[ 3 10],15,-1,36,-1,18
1,<environment.Job instance at 0x7f97641f5690>,17,18,[2 7],18,-1,36,-1,18
1,<environment.Job instance at 0x7f97641f5050>,18,16,[10  5],19,-1,37,-1,21
1,<environment.Job instance at 0x7f9764003c80>,20,13,[10  5],21,-1,34,-1,21
1,<environment.Job instance at 0x7f976467df50>,25,18,[10  1],26,-1,45,-1,27
1,<environment.Job instance at 0x7f97647a8e60>,26,27,[5 8],27,-1,54,-1,27
1,<environment.Job instance at 0x7f9764bad780>,32,17,[5 3],33,-1,50,-1,33
1,<environment.Job instance at 0x7f9764092c30>,38,16,[2 8],39,-1,56,-1,40
1,<environment.Job instance at 0x7f9763f4e410>,44,18,[5 8],45,-1,65,-1,47
1,<environment.Job instance at 0x7f976542aeb0>,46,17,[5 7],47,-1,67,-1,50
1,<environment.Job instance at 0x7f9763f4e370>,45,15,[3 7],46,-1,68,-1,53
1,<environment.Job instance at 0x7f9764b03960>,52,13,[4 9],53,-1,66,-1,53
1,<environment.Job instance at 0x7f976542a550>,47,14,[ 4 10],48,-1,73,-1,59
1,<environment.Job instance at 0x7f97640928c0>,43,26,[7 3],44,-1,85,-1,59
1,<environment.Job instance at 0x7f9764315b40>,56,12,[8 5],57,-1,71,-1,59
1,<environment.Job instance at 0x7f9764b038c0>,53,13,[5 5],54,-1,72,-1,59
1,<environment.Job instance at 0x7f9764315230>,59,15,[10  1],60,-1,75,-1,60
1,<environment.Job instance at 0x7f97643150f0>,60,18,[8 5],61,-1,79,-1,61
1,<environment.Job instance at 0x7f9764a9aeb0>,62,14,[8 4],63,-1,77,-1,63
1,<environment.Job instance at 0x7f9764a9a460>,63,15,[3 5],64,-1,79,-1,64
1,<environment.Job instance at 0x7f9764315050>,57,24,[9 3],58,-1,88,-1,64
1,<environment.Job instance at 0x7f9764c11190>,71,14,[12  1],72,-1,93,-1,79
1,<environment.Job instance at 0x7f9764c112d0>,72,14,[6 4],73,-1,93,-1,79
1,<environment.Job instance at 0x7f9764c11370>,70,24,[ 4 13],71,-1,103,-1,79
1,<environment.Job instance at 0x7f9764cd55f0>,68,15,[7 3],69,-1,94,-1,79
1,<environment.Job instance at 0x7f9764c11c80>,73,27,[4 5],74,-1,106,-1,79
1,<environment.Job instance at 0x7f9764c11140>,75,20,[5 6],76,-1,104,-1,84
1,<environment.Job instance at 0x7f9764c11fa0>,74,17,[9 3],75,-1,101,-1,84
1,<environment.Job instance at 0x7f9764dd0870>,81,17,[ 5 10],82,-1,102,-1,85
1,<environment.Job instance at 0x7f9764cd5870>,66,25,[10  1],67,-1,110,-1,85
1,<environment.Job instance at 0x7f97651eb230>,79,14,[7 4],80,-1,99,-1,85
1,<environment.Job instance at 0x7f9764884370>,84,16,[ 2 11],85,-1,101,-1,85
1,<environment.Job instance at 0x7f9764c11cd0>,76,17,[2 5],77,-1,103,-1,86
1,<environment.Job instance at 0x7f9764dd0fa0>,82,17,[6 5],83,-1,103,-1,86
1,<environment.Job instance at 0x7f9764884c80>,85,12,[10  5],86,-1,99,-1,87
1,<environment.Job instance at 0x7f9764d803c0>,87,17,[4 5],88,-1,105,-1,88
1,<environment.Job instance at 0x7f97656b5f00>,90,16,[4 9],91,-1,108,-1,92
1,<environment.Job instance at 0x7f9764d802d0>,86,19,[5 9],87,-1,113,-1,94
1,<environment.Job instance at 0x7f9765398c80>,94,13,[9 2],95,-1,110,-1,97
1,<environment.Job instance at 0x7f9764675be0>,96,15,[2 9],97,-1,114,-1,99
1,<environment.Job instance at 0x7f976e3a2280>,99,16,[13  5],100,-1,116,-1,100
1,<environment.Job instance at 0x7f97643a3960>,98,18,[5 5],99,-1,120,-1,102
1,<environment.Job instance at 0x7f9765398820>,97,17,[3 8],98,-1,120,-1,103
1,<environment.Job instance at 0x7f976519ea50>,103,20,[2 6],104,-1,124,-1,104
1,<environment.Job instance at 0x7f976519e7d0>,102,18,[5 7],103,-1,125,-1,107
1,<environment.Job instance at 0x7f976519e140>,104,13,[5 9],105,-1,121,-1,108
1,<environment.Job instance at 0x7f9764cc4d20>,108,18,[5 3],109,-1,127,-1,109
1,<environment.Job instance at 0x7f9764cc48c0>,109,18,[8 4],110,-1,129,-1,111
1,<environment.Job instance at 0x7f976461f460>,113,15,[10  2],114,-1,132,-1,117
1,<environment.Job instance at 0x7f976461f370>,117,14,[3 8],118,-1,133,-1,119
1,<environment.Job instance at 0x7f976461ff00>,119,18,[4 6],120,-1,138,-1,120
1,<environment.Job instance at 0x7f9764243dc0>,122,17,[9 3],123,-1,140,-1,123
1,<environment.Job instance at 0x7f976461f410>,115,17,[2 9],116,-1,151,-1,134
1,<environment.Job instance at 0x7f97641662d0>,126,18,[9 5],127,-1,152,-1,134
1,<environment.Job instance at 0x7f976461fd70>,114,12,[5 4],115,-1,146,-1,134
1,<environment.Job instance at 0x7f9764cc4fa0>,111,28,[7 5],112,-1,162,-1,134
1,<environment.Job instance at 0x7f97647a1aa0>,124,14,[2 9],125,-1,148,-1,134
1,<environment.Job instance at 0x7f97641669b0>,129,16,[ 2 10],130,-1,150,-1,134
1,<environment.Job instance at 0x7f9764f9d8c0>,131,14,[10  4],132,-1,148,-1,134
1,<environment.Job instance at 0x7f97658226e0>,133,15,[ 4 10],134,-1,151,-1,136
1,<environment.Job instance at 0x7f976503d5f0>,127,15,[10  2],128,-1,151,-1,136
1,<environment.Job instance at 0x7f97651b9fa0>,143,17,[ 4 10],144,-1,164,-1,147
1,<environment.Job instance at 0x7f97651b9c80>,146,16,[ 1 10],147,-1,168,-1,152
1,<environment.Job instance at 0x7f97651b9320>,147,18,[ 3 11],148,-1,171,-1,153
1,<environment.Job instance at 0x7f97648840a0>,1,16,[ 1 11],2,-1,18,-1,2
1,<environment.Job instance at 0x7f9764bdaf50>,13,18,[12  1],14,-1,36,-1,18
1,<environment.Job instance at 0x7f9764bc5af0>,22,26,[8 2],23,-1,90,-1,64
1,<environment.Job instance at 0x7f9764bc5410>,26,27,[5 8],27,-1,99,-1,72
1,<environment.Job instance at 0x7f97656da870>,40,3,[ 3 12],41,-1,100,-1,97
1,<environment.Job instance at 0x7f97656da5a0>,43,26,[7 3],44,-1,140,-1,114
1,<environment.Job instance at 0x7f9764bfc050>,1,18,[ 5 10],2,-1,20,-1,2
1,<environment.Job instance at 0x7f9764bfc190>,3,18,[2 7],4,-1,22,-1,4
1,<environment.Job instance at 0x7f9764bfc550>,5,15,[10  1],6,-1,25,-1,10
1,<environment.Job instance at 0x7f9764bfcaf0>,9,14,[8 2],10,-1,25,-1,11
1,<environment.Job instance at 0x7f9763fc7820>,13,17,[ 1 10],14,-1,32,-1,15
1,<environment.Job instance at 0x7f9764922960>,20,15,[ 4 10],21,-1,36,-1,21
1,<environment.Job instance at 0x7f9764922fa0>,22,15,[7 5],23,-1,38,-1,23
1,<environment.Job instance at 0x7f9764922370>,25,16,[9 5],26,-1,42,-1,26
1,<environment.Job instance at 0x7f9764922820>,26,18,[6 5],27,-1,45,-1,27
1,<environment.Job instance at 0x7f9765409960>,34,12,[10  4],35,-1,47,-1,35
1,<environment.Job instance at 0x7f97654096e0>,35,21,[ 2 10],36,-1,57,-1,36
1,<environment.Job instance at 0x7f9763f8d3c0>,36,15,[8 4],37,-1,52,-1,37
1,<environment.Job instance at 0x7f9763f8d280>,37,16,[2 5],38,-1,54,-1,38
1,<environment.Job instance at 0x7f9764bfcd70>,14,19,[3 6],15,-1,61,-1,42
1,<environment.Job instance at 0x7f976459ddc0>,43,12,[9 4],44,-1,62,-1,50
1,<environment.Job instance at 0x7f9764625140>,50,24,[2 5],51,-1,75,-1,51
1,<environment.Job instance at 0x7f97653f6870>,52,16,[4 9],53,-1,69,-1,53
1,<environment.Job instance at 0x7f976dee40a0>,55,20,[5 4],56,-1,76,-1,56
1,<environment.Job instance at 0x7f976de66f50>,56,24,[ 1 10],57,-1,81,-1,57
1,<environment.Job instance at 0x7f97654f25f0>,60,15,[3 9],61,-1,76,-1,61
1,<environment.Job instance at 0x7f97656dd640>,61,17,[5 8],62,-1,79,-1,62
1,<environment.Job instance at 0x7f9764d144b0>,63,25,[4 6],64,-1,89,-1,64
1,<environment.Job instance at 0x7f976e47a190>,64,16,[ 5 10],65,-1,81,-1,65
1,<environment.Job instance at 0x7f976de8adc0>,66,13,[9 4],67,-1,80,-1,67
1,<environment.Job instance at 0x7f9765614eb0>,67,22,[10  3],68,-1,92,-1,70
1,<environment.Job instance at 0x7f97647d9820>,70,17,[2 8],71,-1,88,-1,71
1,<environment.Job instance at 0x7f97647d9500>,71,14,[ 5 10],72,-1,86,-1,72
1,<environment.Job instance at 0x7f97647d9870>,74,16,[2 9],75,-1,91,-1,75
1,<environment.Job instance at 0x7f97647d9af0>,75,16,[7 5],76,-1,92,-1,76
1,<environment.Job instance at 0x7f97656fec30>,76,13,[4 7],77,-1,90,-1,77
1,<environment.Job instance at 0x7f97640125a0>,86,17,[7 1],87,-1,120,-1,103
1,<environment.Job instance at 0x7f9764cf1730>,95,17,[6 3],96,-1,120,-1,103
1,<environment.Job instance at 0x7f9765614730>,68,21,[1 6],69,-1,130,-1,109
1,<environment.Job instance at 0x7f9764cf11e0>,96,18,[5 9],97,-1,128,-1,110
1,<environment.Job instance at 0x7f9764cf1780>,97,19,[ 4 10],98,-1,129,-1,110
1,<environment.Job instance at 0x7f97640b6550>,102,16,[8 2],103,-1,130,-1,114
1,<environment.Job instance at 0x7f97647d9c30>,73,18,[ 5 12],74,-1,132,-1,114
1,<environment.Job instance at 0x7f97652657d0>,106,23,[ 4 10],107,-1,137,-1,114
1,<environment.Job instance at 0x7f97657f4460>,107,13,[4 9],108,-1,127,-1,114
1,<environment.Job instance at 0x7f976459bb90>,114,18,[8 1],115,-1,149,-1,131
1,<environment.Job instance at 0x7f9764581500>,113,15,[ 5 10],114,-1,146,-1,131
1,<environment.Job instance at 0x7f9764262af0>,117,12,[10  3],118,-1,143,-1,131
1,<environment.Job instance at 0x7f97642627d0>,119,14,[ 5 10],120,-1,147,-1,133
1,<environment.Job instance at 0x7f9764f291e0>,120,18,[5 7],121,-1,151,-1,133
1,<environment.Job instance at 0x7f97653b8d20>,121,13,[ 3 10],122,-1,146,-1,133
1,<environment.Job instance at 0x7f97653b8230>,123,24,[ 5 11],124,-1,157,-1,133
1,<environment.Job instance at 0x7f9764a110f0>,124,16,[9 5],125,-1,151,-1,135
1,<environment.Job instance at 0x7f9764f259b0>,128,14,[5 7],129,-1,150,-1,136
1,<environment.Job instance at 0x7f9764a11b40>,122,18,[6 5],123,-1,154,-1,136
1,<environment.Job instance at 0x7f97655265a0>,132,2,[10  4],133,-1,140,-1,138
1,<environment.Job instance at 0x7f9764a21a00>,134,16,[12  5],135,-1,159,-1,143
1,<environment.Job instance at 0x7f976528eeb0>,137,12,[10  4],138,-1,160,-1,148
1,<environment.Job instance at 0x7f9764a58320>,139,21,[7 5],140,-1,169,-1,148
1,<environment.Job instance at 0x7f9764a58820>,140,12,[4 7],141,-1,160,-1,148
1,<environment.Job instance at 0x7f97644953c0>,136,17,[10  5],137,-1,165,-1,148
1,<environment.Job instance at 0x7f9764c3a690>,144,18,[1 8],145,-1,171,-1,153
1,<environment.Job instance at 0x7f976de8c820>,7,2,[ 5 12],8,-1,10,-1,8
1,<environment.Job instance at 0x7f9764bfc1e0>,12,25,[2 8],13,-1,48,-1,23
1,<environment.Job instance at 0x7f97647d9780>,16,26,[ 1 12],17,-1,49,-1,23
1,<environment.Job instance at 0x7f97649ec050>,23,2,[11  4],24,-1,53,-1,51
1,<environment.Job instance at 0x7f97658cb320>,27,2,[11  1],28,-1,58,-1,56
1,<environment.Job instance at 0x7f9765415460>,39,2,[ 3 11],40,-1,97,-1,95
1,<environment.Job instance at 0x7f9764b04a00>,50,24,[2 5],51,-1,145,-1,121
1,<environment.Job instance at 0x7f9763fc40f0>,57,3,[13  1],58,-1,141,-1,138
1,<environment.Job instance at 0x7f97652f3550>,56,24,[ 1 10],57,-1,163,-1,139
1,<environment.Job instance at 0x7f97652d1a00>,63,25,[4 6],64,-1,181,-1,156
1,<environment.Job instance at 0x7f97656c79b0>,3,18,[5 3],4,-1,22,-1,4
1,<environment.Job instance at 0x7f97655793c0>,5,14,[5 5],6,-1,20,-1,6
1,<environment.Job instance at 0x7f9765579cd0>,6,22,[8 4],7,-1,29,-1,7
1,<environment.Job instance at 0x7f9765579870>,7,20,[5 5],8,-1,28,-1,8
1,<environment.Job instance at 0x7f97655792d0>,8,20,[6 2],9,-1,29,-1,9
1,<environment.Job instance at 0x7f97658d18c0>,17,14,[5 4],18,-1,32,-1,18
1,<environment.Job instance at 0x7f97645bdb90>,19,13,[7 2],20,-1,36,-1,23
1,<environment.Job instance at 0x7f9764cf1550>,21,12,[8 3],22,-1,35,-1,23
1,<environment.Job instance at 0x7f9764e5b730>,23,13,[3 6],24,-1,38,-1,25
1,<environment.Job instance at 0x7f9763f83cd0>,27,23,[2 9],28,-1,51,-1,28
1,<environment.Job instance at 0x7f9763f83e60>,29,16,[7 1],30,-1,47,-1,31
1,<environment.Job instance at 0x7f97645c3910>,33,16,[8 1],34,-1,50,-1,34
1,<environment.Job instance at 0x7f97645c6a50>,34,17,[5 5],35,-1,52,-1,35
1,<environment.Job instance at 0x7f97645c3870>,30,15,[4 6],31,-1,50,-1,35
1,<environment.Job instance at 0x7f97645c6320>,36,15,[10  3],37,-1,53,-1,38
1,<environment.Job instance at 0x7f97645c6140>,39,18,[4 9],40,-1,58,-1,40
1,<environment.Job instance at 0x7f97645c69b0>,42,13,[4 8],43,-1,56,-1,43
1,<environment.Job instance at 0x7f97645d4550>,44,13,[5 5],45,-1,58,-1,45
1,<environment.Job instance at 0x7f97645d0320>,49,12,[10  1],50,-1,64,-1,52
1,<environment.Job instance at 0x7f9764d0b140>,53,17,[6 2],54,-1,71,-1,54
1,<environment.Job instance at 0x7f9764d0b550>,51,23,[10  2],52,-1,84,-1,61
1,<environment.Job instance at 0x7f97650a6870>,58,18,[1 6],59,-1,82,-1,64
1,<environment.Job instance at 0x7f97650a6730>,60,12,[1 7],61,-1,76,-1,64
1,<environment.Job instance at 0x7f97650a6f50>,61,15,[4 5],62,-1,81,-1,66
1,<environment.Job instance at 0x7f9764613dc0>,62,15,[9 3],63,-1,82,-1,67
1,<environment.Job instance at 0x7f9764d0b870>,56,15,[3 6],57,-1,82,-1,67
1,<environment.Job instance at 0x7f97645d0410>,50,13,[10  5],51,-1,80,-1,67
1,<environment.Job instance at 0x7f9764d0bc30>,55,17,[5 9],56,-1,84,-1,67
1,<environment.Job instance at 0x7f97645a7be0>,63,14,[1 6],64,-1,82,-1,68
1,<environment.Job instance at 0x7f976528e960>,67,17,[10  1],68,-1,86,-1,69
1,<environment.Job instance at 0x7f97645a7eb0>,64,17,[7 2],65,-1,87,-1,70
1,<environment.Job instance at 0x7f9764e1e690>,69,17,[3 7],70,-1,87,-1,70
1,<environment.Job instance at 0x7f97650a68c0>,59,15,[1 8],60,-1,85,-1,70
1,<environment.Job instance at 0x7f976528e0a0>,68,16,[ 5 10],69,-1,87,-1,71
1,<environment.Job instance at 0x7f9764e1e140>,72,14,[5 4],73,-1,89,-1,75
1,<environment.Job instance at 0x7f9764315640>,80,17,[ 5 11],81,-1,102,-1,85
1,<environment.Job instance at 0x7f9764e1e0a0>,74,18,[8 4],75,-1,104,-1,86
1,<environment.Job instance at 0x7f976528e1e0>,71,26,[14  5],72,-1,117,-1,91
1,<environment.Job instance at 0x7f9765415320>,91,21,[9 2],92,-1,119,-1,98
1,<environment.Job instance at 0x7f9765415780>,90,14,[8 4],91,-1,112,-1,98
1,<environment.Job instance at 0x7f9765415870>,93,15,[8 1],94,-1,113,-1,98
1,<environment.Job instance at 0x7f9765415d20>,96,12,[8 4],97,-1,111,-1,99
1,<environment.Job instance at 0x7f9765415b90>,97,22,[8 1],98,-1,121,-1,99
1,<environment.Job instance at 0x7f9765415fa0>,89,17,[4 5],90,-1,117,-1,100
1,<environment.Job instance at 0x7f9765415280>,99,14,[ 4 10],100,-1,117,-1,103
1,<environment.Job instance at 0x7f9765415c30>,102,17,[1 6],103,-1,120,-1,103
1,<environment.Job instance at 0x7f97651532d0>,105,17,[10  3],106,-1,123,-1,106
1,<environment.Job instance at 0x7f9765415af0>,101,16,[5 5],102,-1,123,-1,107
1,<environment.Job instance at 0x7f97651538c0>,112,18,[10  1],113,-1,131,-1,113
1,<environment.Job instance at 0x7f9764315e10>,84,12,[ 3 10],85,-1,125,-1,113
1,<environment.Job instance at 0x7f9765153550>,106,16,[ 3 10],107,-1,129,-1,113
1,<environment.Job instance at 0x7f9765153320>,113,21,[1 5],114,-1,137,-1,116
1,<environment.Job instance at 0x7f97651535f0>,116,17,[6 4],117,-1,136,-1,119
1,<environment.Job instance at 0x7f97654159b0>,92,2,[10  1],93,-1,121,-1,119
1,<environment.Job instance at 0x7f9765153a50>,118,12,[7 1],119,-1,133,-1,121
1,<environment.Job instance at 0x7f9765153780>,114,14,[1 5],115,-1,136,-1,122
1,<environment.Job instance at 0x7f9765153cd0>,111,25,[12  4],112,-1,147,-1,122
1,<environment.Job instance at 0x7f97644a26e0>,120,17,[3 6],121,-1,139,-1,122
1,<environment.Job instance at 0x7f97644a2be0>,121,15,[3 7],122,-1,144,-1,129
1,<environment.Job instance at 0x7f97644a2b90>,124,16,[8 1],125,-1,145,-1,129
1,<environment.Job instance at 0x7f97644a25a0>,126,17,[5 4],127,-1,146,-1,129
1,<environment.Job instance at 0x7f976528ea00>,66,15,[9 5],67,-1,144,-1,129
1,<environment.Job instance at 0x7f97644a22d0>,122,16,[8 3],123,-1,145,-1,129
1,<environment.Job instance at 0x7f97644a2280>,127,14,[5 5],128,-1,144,-1,130
1,<environment.Job instance at 0x7f9764095410>,139,18,[7 1],140,-1,158,-1,140
1,<environment.Job instance at 0x7f976521caa0>,141,18,[7 5],142,-1,161,-1,143
1,<environment.Job instance at 0x7f9764095050>,138,16,[ 4 12],139,-1,168,-1,152
1,<environment.Job instance at 0x7f9764095e60>,135,13,[1 9],136,-1,165,-1,152
1,<environment.Job instance at 0x7f976528ee60>,10,17,[11  3],11,-1,32,-1,15
1,<environment.Job instance at 0x7f9765153f00>,15,1,[ 5 14],16,-1,19,-1,18
1,<environment.Job instance at 0x7f9764b2b9b0>,27,23,[2 9],28,-1,86,-1,63
1,<environment.Job instance at 0x7f9764b2bd70>,28,2,[ 1 11],29,-1,65,-1,63
1,<environment.Job instance at 0x7f976546a460>,51,23,[10  2],52,-1,166,-1,143
1,<environment.Job instance at 0x7f97648bb2d0>,6,18,[7 1],7,-1,27,-1,9
1,<environment.Job instance at 0x7f97648bb4b0>,8,17,[6 1],9,-1,26,-1,9
1,<environment.Job instance at 0x7f97648d4d70>,11,18,[9 3],12,-1,33,-1,15
1,<environment.Job instance at 0x7f97648b7050>,15,16,[3 7],16,-1,32,-1,16
1,<environment.Job instance at 0x7f97648b7410>,16,13,[ 1 10],17,-1,33,-1,20
1,<environment.Job instance at 0x7f97648b75a0>,21,14,[8 4],22,-1,36,-1,22
1,<environment.Job instance at 0x7f97648b7280>,22,24,[3 5],23,-1,47,-1,23
1,<environment.Job instance at 0x7f97648b78c0>,24,16,[5 5],25,-1,41,-1,25
1,<environment.Job instance at 0x7f97648b71e0>,25,27,[1 5],26,-1,53,-1,26
1,<environment.Job instance at 0x7f9764444c30>,26,15,[4 5],27,-1,42,-1,27
1,<environment.Job instance at 0x7f9764444190>,28,1,[6 1],29,-1,30,-1,29
1,<environment.Job instance at 0x7f9764372e10>,29,14,[4 8],30,-1,44,-1,30
1,<environment.Job instance at 0x7f97648b7f00>,19,16,[4 7],20,-1,47,-1,31
1,<environment.Job instance at 0x7f9764d4a640>,34,17,[3 7],35,-1,53,-1,36
1,<environment.Job instance at 0x7f9764468eb0>,39,15,[9 4],40,-1,55,-1,40
1,<environment.Job instance at 0x7f9765727a00>,41,19,[5 8],42,-1,61,-1,42
1,<environment.Job instance at 0x7f9764fe2a00>,42,13,[4 6],43,-1,56,-1,43
1,<environment.Job instance at 0x7f9764d3e0a0>,44,14,[ 1 10],45,-1,59,-1,45
1,<environment.Job instance at 0x7f9764fed370>,46,13,[ 3 10],47,-1,60,-1,47
1,<environment.Job instance at 0x7f9764fed5a0>,47,18,[1 6],48,-1,66,-1,48
1,<environment.Job instance at 0x7f9764fede60>,48,16,[6 3],49,-1,65,-1,49
1,<environment.Job instance at 0x7f9764fedd20>,52,16,[8 5],53,-1,69,-1,53
1,<environment.Job instance at 0x7f9764fc9820>,53,21,[4 8],54,-1,75,-1,54
1,<environment.Job instance at 0x7f9764fc9a00>,54,13,[7 1],55,-1,68,-1,55
1,<environment.Job instance at 0x7f9764fc9b40>,56,13,[5 4],57,-1,70,-1,57
1,<environment.Job instance at 0x7f9764fc90a0>,58,17,[ 1 10],59,-1,76,-1,59
1,<environment.Job instance at 0x7f97648bbd20>,60,12,[2 7],61,-1,73,-1,61
1,<environment.Job instance at 0x7f9764feb370>,64,16,[ 2 11],65,-1,81,-1,65
1,<environment.Job instance at 0x7f9764feb870>,65,12,[5 6],66,-1,78,-1,66
1,<environment.Job instance at 0x7f9764febeb0>,67,15,[4 6],68,-1,83,-1,68
1,<environment.Job instance at 0x7f9764fe74b0>,70,15,[6 2],71,-1,86,-1,71
1,<environment.Job instance at 0x7f97657322d0>,71,15,[8 2],72,-1,87,-1,72
1,<environment.Job instance at 0x7f9764ffb730>,74,14,[9 4],75,-1,89,-1,75
1,<environment.Job instance at 0x7f9764ffb910>,80,13,[1 6],81,-1,94,-1,81
1,<environment.Job instance at 0x7f9764fcefa0>,81,17,[ 3 10],82,-1,99,-1,82
1,<environment.Job instance at 0x7f97643725f0>,35,14,[4 9],36,-1,110,-1,96
1,<environment.Job instance at 0x7f9764fce2d0>,86,14,[8 1],87,-1,111,-1,97
1,<environment.Job instance at 0x7f9764c20690>,97,14,[2 5],98,-1,112,-1,98
1,<environment.Job instance at 0x7f9764c200f0>,98,16,[10  1],99,-1,115,-1,99
1,<environment.Job instance at 0x7f97644470a0>,90,22,[5 2],91,-1,123,-1,101
1,<environment.Job instance at 0x7f9764c20f00>,96,13,[ 4 10],97,-1,114,-1,101
1,<environment.Job instance at 0x7f976444c140>,95,19,[9 4],96,-1,127,-1,108
1,<environment.Job instance at 0x7f9764100f50>,107,16,[10  1],108,-1,177,-1,161
1,<environment.Job instance at 0x7f97644bd820>,4,25,[1 6],5,-1,30,-1,5
1,<environment.Job instance at 0x7f976569e5f0>,22,24,[3 5],23,-1,71,-1,47
1,<environment.Job instance at 0x7f97656973c0>,25,27,[1 5],26,-1,77,-1,50
1,<environment.Job instance at 0x7f97656a0c80>,33,14,[11  5],34,-1,93,-1,79
1,<environment.Job instance at 0x7f9764460690>,3,13,[ 1 11],4,-1,18,-1,5
1,<environment.Job instance at 0x7f976444caf0>,5,16,[7 4],6,-1,22,-1,6
1,<environment.Job instance at 0x7f976444ca00>,8,15,[6 4],9,-1,24,-1,9
1,<environment.Job instance at 0x7f976444c280>,10,17,[1 6],11,-1,28,-1,11
1,<environment.Job instance at 0x7f976444c960>,11,24,[10  2],12,-1,36,-1,12
1,<environment.Job instance at 0x7f9764460910>,4,15,[4 7],5,-1,28,-1,13
1,<environment.Job instance at 0x7f976444caa0>,15,16,[10  3],16,-1,33,-1,17
1,<environment.Job instance at 0x7f976444c8c0>,17,21,[1 8],18,-1,39,-1,18
1,<environment.Job instance at 0x7f976444c190>,16,15,[7 3],17,-1,33,-1,18
1,<environment.Job instance at 0x7f976444cfa0>,18,17,[5 7],19,-1,37,-1,20
1,<environment.Job instance at 0x7f9764c01370>,20,14,[10  4],21,-1,35,-1,21
1,<environment.Job instance at 0x7f9764c01050>,23,25,[6 2],24,-1,49,-1,24
1,<environment.Job instance at 0x7f9764c019b0>,24,15,[10  3],25,-1,40,-1,25
1,<environment.Job instance at 0x7f9764c01d20>,26,20,[ 5 11],27,-1,47,-1,27
1,<environment.Job instance at 0x7f9764c01870>,28,15,[10  5],29,-1,44,-1,29
1,<environment.Job instance at 0x7f9764c018c0>,29,13,[10  1],30,-1,43,-1,30
1,<environment.Job instance at 0x7f9764c017d0>,30,15,[1 5],31,-1,46,-1,31
1,<environment.Job instance at 0x7f9764c01410>,33,17,[8 4],34,-1,51,-1,34
1,<environment.Job instance at 0x7f976444e8c0>,35,17,[2 5],36,-1,53,-1,36
1,<environment.Job instance at 0x7f976444ef50>,36,15,[8 3],37,-1,52,-1,37
1,<environment.Job instance at 0x7f976444e730>,37,16,[7 2],38,-1,54,-1,38
1,<environment.Job instance at 0x7f976444c5a0>,19,15,[8 1],20,-1,53,-1,38
1,<environment.Job instance at 0x7f976444eb90>,38,18,[5 3],39,-1,57,-1,39
1,<environment.Job instance at 0x7f976444e190>,39,16,[5 4],40,-1,56,-1,40
1,<environment.Job instance at 0x7f976444e3c0>,43,17,[10  5],44,-1,62,-1,45
1,<environment.Job instance at 0x7f976444ed70>,44,17,[1 9],45,-1,64,-1,47
1,<environment.Job instance at 0x7f9764c0ce10>,48,14,[10  4],49,-1,66,-1,52
1,<environment.Job instance at 0x7f9764c0c230>,52,16,[8 4],53,-1,69,-1,53
1,<environment.Job instance at 0x7f9764c0c5a0>,56,28,[5 5],57,-1,85,-1,57
1,<environment.Job instance at 0x7f9764374280>,60,24,[8 2],61,-1,85,-1,61
1,<environment.Job instance at 0x7f9764374370>,61,16,[2 6],62,-1,78,-1,62
1,<environment.Job instance at 0x7f9764374460>,62,19,[2 9],63,-1,82,-1,63
1,<environment.Job instance at 0x7f97643742d0>,63,18,[8 4],64,-1,82,-1,64
1,<environment.Job instance at 0x7f97643747d0>,64,22,[9 1],65,-1,87,-1,65
1,<environment.Job instance at 0x7f97643746e0>,65,17,[3 5],66,-1,83,-1,66
1,<environment.Job instance at 0x7f976436a140>,68,13,[6 4],69,-1,82,-1,69
1,<environment.Job instance at 0x7f976436a820>,69,18,[6 3],70,-1,88,-1,70
1,<environment.Job instance at 0x7f976436abe0>,70,13,[ 2 10],71,-1,84,-1,71
1,<environment.Job instance at 0x7f976436a1e0>,71,18,[5 6],72,-1,90,-1,72
1,<environment.Job instance at 0x7f976436a5a0>,73,17,[3 6],74,-1,91,-1,74
1,<environment.Job instance at 0x7f976436a910>,77,14,[9 5],78,-1,92,-1,78
1,<environment.Job instance at 0x7f9764c200a0>,78,14,[8 5],79,-1,93,-1,79
1,<environment.Job instance at 0x7f9764c20230>,79,16,[3 8],80,-1,96,-1,80
1,<environment.Job instance at 0x7f9764c20410>,80,25,[ 5 10],81,-1,106,-1,81
1,<environment.Job instance at 0x7f9764c20fa0>,81,22,[10  3],82,-1,107,-1,85
1,<environment.Job instance at 0x7f9764c20960>,84,18,[6 5],85,-1,104,-1,86
1,<environment.Job instance at 0x7f9764c203c0>,89,26,[14  4],90,-1,116,-1,90
1,<environment.Job instance at 0x7f9764c208c0>,91,24,[10  4],92,-1,118,-1,94
1,<environment.Job instance at 0x7f9764392af0>,92,14,[5 1],93,-1,108,-1,94
1,<environment.Job instance at 0x7f97643925a0>,93,2,[ 3 14],94,-1,96,-1,94
1,<environment.Job instance at 0x7f9764392500>,94,13,[ 5 10],95,-1,108,-1,95
1,<environment.Job instance at 0x7f9764c20870>,90,19,[5 1],91,-1,114,-1,95
1,<environment.Job instance at 0x7f9764392910>,95,13,[5 5],96,-1,109,-1,96
1,<environment.Job instance at 0x7f9764392370>,96,22,[2 9],97,-1,119,-1,97
1,<environment.Job instance at 0x7f9764392d20>,97,17,[6 5],98,-1,115,-1,98
1,<environment.Job instance at 0x7f9764392cd0>,98,17,[6 2],99,-1,117,-1,100
1,<environment.Job instance at 0x7f9764392eb0>,99,15,[10  3],100,-1,115,-1,100
1,<environment.Job instance at 0x7f97643927d0>,100,15,[9 4],101,-1,117,-1,102
1,<environment.Job instance at 0x7f9764392fa0>,101,18,[5 7],102,-1,120,-1,102
1,<environment.Job instance at 0x7f97643925f0>,102,17,[10  3],103,-1,120,-1,103
1,<environment.Job instance at 0x7f97643921e0>,103,17,[10  4],104,-1,128,-1,111
1,<environment.Job instance at 0x7f9764086be0>,106,25,[8 2],107,-1,136,-1,111
1,<environment.Job instance at 0x7f9764086a00>,107,15,[9 4],108,-1,126,-1,111
1,<environment.Job instance at 0x7f97643922d0>,104,16,[9 4],105,-1,128,-1,112
1,<environment.Job instance at 0x7f976444ecd0>,45,17,[13  3],46,-1,132,-1,115
1,<environment.Job instance at 0x7f97648e2f00>,112,17,[12  2],113,-1,137,-1,120
1,<environment.Job instance at 0x7f9764086190>,110,13,[ 3 13],111,-1,142,-1,129
1,<environment.Job instance at 0x7f9764fbcc30>,116,16,[5 5],117,-1,145,-1,129
1,<environment.Job instance at 0x7f97648e2320>,114,18,[4 5],115,-1,147,-1,129
1,<environment.Job instance at 0x7f9764fe56e0>,117,14,[3 6],118,-1,143,-1,129
1,<environment.Job instance at 0x7f9764372320>,119,12,[6 1],120,-1,154,-1,142
1,<environment.Job instance at 0x7f97648e2820>,113,13,[6 2],114,-1,156,-1,143
1,<environment.Job instance at 0x7f97643720a0>,120,18,[6 3],121,-1,161,-1,143
1,<environment.Job instance at 0x7f97643729b0>,126,15,[ 5 13],127,-1,165,-1,150
1,<environment.Job instance at 0x7f9764372140>,125,22,[5 8],126,-1,172,-1,150
1,<environment.Job instance at 0x7f9764d51c30>,131,18,[10  2],132,-1,168,-1,150
1,<environment.Job instance at 0x7f97648d4640>,134,14,[5 3],135,-1,164,-1,150
1,<environment.Job instance at 0x7f9764d67f50>,135,17,[ 1 10],136,-1,168,-1,151
1,<environment.Job instance at 0x7f976406c5a0>,132,18,[1 8],133,-1,170,-1,152
1,<environment.Job instance at 0x7f97642f3c80>,139,18,[14  4],140,-1,174,-1,156
1,<environment.Job instance at 0x7f9764c01f50>,1,18,[12  2],2,-1,20,-1,2
1,<environment.Job instance at 0x7f976444e820>,2,2,[ 2 13],3,-1,5,-1,3
1,<environment.Job instance at 0x7f976444ed20>,3,13,[ 1 11],4,-1,17,-1,4
1,<environment.Job instance at 0x7f97651e5870>,11,24,[10  2],12,-1,90,-1,66
1,<environment.Job instance at 0x7f976539abe0>,23,25,[6 2],24,-1,91,-1,66
1,<environment.Job instance at 0x7f97651240f0>,26,20,[ 5 11],27,-1,88,-1,68
1,<environment.Job instance at 0x7f9765421dc0>,41,18,[14  2],42,-1,163,-1,145
1,<environment.Job instance at 0x7f9764f030a0>,45,17,[13  3],46,-1,166,-1,149
1,<environment.Job instance at 0x7f976e468690>,50,2,[13  1],51,-1,168,-1,166
1,<environment.Job instance at 0x7f97646ec960>,0,17,[5 6],1,-1,18,-1,1
1,<environment.Job instance at 0x7f97654f01e0>,3,17,[5 5],4,-1,21,-1,4
1,<environment.Job instance at 0x7f976582c730>,10,19,[8 1],11,-1,30,-1,11
1,<environment.Job instance at 0x7f9764feb140>,13,14,[10  5],14,-1,28,-1,14
1,<environment.Job instance at 0x7f9764feb0f0>,15,15,[1 7],16,-1,31,-1,16
1,<environment.Job instance at 0x7f9764febb40>,17,18,[9 5],18,-1,36,-1,18
1,<environment.Job instance at 0x7f9764febd70>,20,16,[9 2],21,-1,37,-1,21
1,<environment.Job instance at 0x7f9764febaf0>,23,18,[6 2],24,-1,43,-1,25
1,<environment.Job instance at 0x7f9764ac4280>,24,25,[9 4],25,-1,50,-1,25
1,<environment.Job instance at 0x7f9764ac40f0>,29,18,[8 4],30,-1,48,-1,30
1,<environment.Job instance at 0x7f9764ac4af0>,31,21,[2 6],32,-1,53,-1,32
1,<environment.Job instance at 0x7f976565d230>,32,16,[1 6],33,-1,49,-1,33
1,<environment.Job instance at 0x7f976565d870>,38,17,[1 7],39,-1,56,-1,39
1,<environment.Job instance at 0x7f976565d960>,40,15,[8 2],41,-1,56,-1,41
1,<environment.Job instance at 0x7f976458a050>,50,16,[2 5],51,-1,67,-1,51
1,<environment.Job instance at 0x7f976458adc0>,51,14,[7 4],52,-1,67,-1,53
1,<environment.Job instance at 0x7f97643cf820>,54,17,[6 2],55,-1,72,-1,55
1,<environment.Job instance at 0x7f97643cfcd0>,55,12,[10  3],56,-1,68,-1,56
1,<environment.Job instance at 0x7f97643cfd70>,56,26,[7 5],57,-1,83,-1,57
1,<environment.Job instance at 0x7f97643cf1e0>,58,12,[7 4],59,-1,72,-1,60
1,<environment.Job instance at 0x7f97643cfc30>,60,14,[4 9],61,-1,75,-1,61
1,<environment.Job instance at 0x7f97643cfeb0>,61,16,[1 7],62,-1,78,-1,62
1,<environment.Job instance at 0x7f97643cf3c0>,62,25,[1 9],63,-1,88,-1,63
1,<environment.Job instance at 0x7f97643cfe60>,63,18,[6 3],64,-1,82,-1,64
1,<environment.Job instance at 0x7f97655ae6e0>,65,18,[6 5],66,-1,84,-1,66
1,<environment.Job instance at 0x7f97655ae820>,68,14,[5 1],69,-1,83,-1,69
1,<environment.Job instance at 0x7f97655aeb40>,70,24,[5 4],71,-1,95,-1,71
1,<environment.Job instance at 0x7f97655ae550>,71,13,[3 7],72,-1,85,-1,72
1,<environment.Job instance at 0x7f9764d411e0>,76,17,[10  4],77,-1,94,-1,77
1,<environment.Job instance at 0x7f9764d41a50>,77,16,[10  2],78,-1,95,-1,79
1,<environment.Job instance at 0x7f9764d41960>,79,13,[6 3],80,-1,93,-1,80
1,<environment.Job instance at 0x7f9764d41f50>,78,18,[10  5],79,-1,98,-1,80
1,<environment.Job instance at 0x7f9764d418c0>,80,15,[7 3],81,-1,98,-1,83
1,<environment.Job instance at 0x7f976de36140>,85,16,[9 5],86,-1,102,-1,86
1,<environment.Job instance at 0x7f976de36960>,86,17,[7 5],87,-1,104,-1,87
1,<environment.Job instance at 0x7f976de360f0>,87,16,[2 8],88,-1,104,-1,88
1,<environment.Job instance at 0x7f976de36e60>,88,27,[9 1],89,-1,116,-1,89
1,<environment.Job instance at 0x7f976de36870>,89,16,[1 7],90,-1,106,-1,90
1,<environment.Job instance at 0x7f976dece7d0>,96,14,[5 5],97,-1,111,-1,97
1,<environment.Job instance at 0x7f97646753c0>,98,15,[8 3],99,-1,114,-1,99
1,<environment.Job instance at 0x7f97646e6aa0>,103,16,[8 3],104,-1,120,-1,104
1,<environment.Job instance at 0x7f97646e6e60>,104,12,[ 2 10],105,-1,117,-1,105
1,<environment.Job instance at 0x7f97646e6230>,105,21,[1 5],106,-1,127,-1,106
1,<environment.Job instance at 0x7f976547b460>,111,17,[2 7],112,-1,129,-1,112
1,<environment.Job instance at 0x7f9764d41e60>,82,17,[7 5],83,-1,135,-1,118
1,<environment.Job instance at 0x7f9764d41eb0>,73,28,[1 9],74,-1,148,-1,120
1,<environment.Job instance at 0x7f9764676d70>,112,12,[9 4],113,-1,133,-1,121
1,<environment.Job instance at 0x7f9764c08b90>,118,14,[5 4],119,-1,135,-1,121
1,<environment.Job instance at 0x7f9764dc9f50>,121,18,[8 2],122,-1,141,-1,123
1,<environment.Job instance at 0x7f9764825cd0>,122,18,[5 9],123,-1,141,-1,123
1,<environment.Job instance at 0x7f9764c08190>,123,15,[ 4 10],124,-1,139,-1,124
1,<environment.Job instance at 0x7f97646fdd70>,126,15,[7 5],127,-1,144,-1,129
1,<environment.Job instance at 0x7f97646fd730>,127,20,[5 5],128,-1,149,-1,129
1,<environment.Job instance at 0x7f9764b31e10>,129,12,[10  4],130,-1,142,-1,130
1,<environment.Job instance at 0x7f9764b31050>,130,27,[5 7],131,-1,158,-1,131
1,<environment.Job instance at 0x7f9764b31af0>,131,15,[8 3],132,-1,149,-1,134
1,<environment.Job instance at 0x7f9764ff8960>,133,23,[9 1],134,-1,159,-1,136
1,<environment.Job instance at 0x7f976408c190>,137,17,[9 5],138,-1,159,-1,142
1,<environment.Job instance at 0x7f9764f33550>,143,16,[10  1],144,-1,161,-1,145
1,<environment.Job instance at 0x7f9764f33be0>,144,12,[8 3],145,-1,161,-1,149
1,<environment.Job instance at 0x7f9764f33690>,145,15,[14  1],146,-1,164,-1,149
1,<environment.Job instance at 0x7f9764f33aa0>,146,20,[8 3],147,-1,169,-1,149
1,<environment.Job instance at 0x7f9764f33f00>,148,17,[4 8],149,-1,167,-1,150
1,<environment.Job instance at 0x7f9764feb4b0>,2,16,[12  1],3,-1,19,-1,3
1,<environment.Job instance at 0x7f97654f0140>,5,24,[5 2],6,-1,30,-1,6
1,<environment.Job instance at 0x7f9764ac4820>,6,17,[ 3 14],7,-1,24,-1,7
1,<environment.Job instance at 0x7f976408cd70>,24,25,[9 4],25,-1,78,-1,53
1,<environment.Job instance at 0x7f9764a6bbe0>,41,1,[ 4 13],42,-1,93,-1,92
1,<environment.Job instance at 0x7f97653d99b0>,56,26,[7 5],57,-1,158,-1,132
1,<environment.Job instance at 0x7f9764b07410>,62,25,[1 9],63,-1,188,-1,163
1,<environment.Job instance at 0x7f212dd2eb90>,2,14,[ 2 10],3,-1,18,-1,4
1,<environment.Job instance at 0x7f21373788c0>,3,22,[2 5],4,-1,26,-1,4
1,<environment.Job instance at 0x7f212dd2ef00>,7,14,[7 5],8,-1,22,-1,8
1,<environment.Job instance at 0x7f212dd2efa0>,8,17,[1 8],9,-1,26,-1,9
1,<environment.Job instance at 0x7f212dd32140>,10,22,[8 1],11,-1,33,-1,11
1,<environment.Job instance at 0x7f212dd321e0>,12,23,[6 4],13,-1,36,-1,13
1,<environment.Job instance at 0x7f212dd324b0>,13,18,[5 9],14,-1,32,-1,14
1,<environment.Job instance at 0x7f212dd323c0>,14,21,[8 1],15,-1,38,-1,17
1,<environment.Job instance at 0x7f212dd325a0>,16,18,[7 3],17,-1,35,-1,17
1,<environment.Job instance at 0x7f212dd325f0>,18,26,[7 4],19,-1,45,-1,19
1,<environment.Job instance at 0x7f212dd32870>,19,25,[5 9],20,-1,45,-1,20
1,<environment.Job instance at 0x7f212dd32960>,21,18,[9 4],22,-1,40,-1,22
1,<environment.Job instance at 0x7f212dd329b0>,23,16,[6 2],24,-1,40,-1,24
1,<environment.Job instance at 0x7f212dd32dc0>,27,17,[4 6],28,-1,45,-1,28
1,<environment.Job instance at 0x7f212dd36280>,30,26,[9 4],31,-1,57,-1,31
1,<environment.Job instance at 0x7f212dd36370>,32,21,[5 9],33,-1,54,-1,33
1,<environment.Job instance at 0x7f212dd36550>,33,26,[3 6],34,-1,61,-1,35
1,<environment.Job instance at 0x7f212dd366e0>,35,16,[1 9],36,-1,52,-1,36
1,<environment.Job instance at 0x7f212dd36820>,37,14,[5 8],38,-1,52,-1,38
1,<environment.Job instance at 0x7f212dd365f0>,34,14,[1 9],35,-1,53,-1,39
1,<environment.Job instance at 0x7f212dd36aa0>,39,14,[9 4],40,-1,55,-1,41
1,<environment.Job instance at 0x7f212dd36500>,40,26,[ 1 10],41,-1,67,-1,41
1,<environment.Job instance at 0x7f212dd36dc0>,45,15,[7 5],46,-1,63,-1,48
1,<environment.Job instance at 0x7f212dd38460>,48,12,[9 2],49,-1,62,-1,50
1,<environment.Job instance at 0x7f212dd38410>,49,17,[10  2],50,-1,67,-1,50
1,<environment.Job instance at 0x7f212dd38aa0>,54,18,[7 1],55,-1,74,-1,56
1,<environment.Job instance at 0x7f212dd38c80>,57,16,[ 2 11],58,-1,74,-1,58
1,<environment.Job instance at 0x7f212dd38e10>,58,17,[3 7],59,-1,76,-1,59
1,<environment.Job instance at 0x7f212dd38d20>,59,19,[1 7],60,-1,79,-1,60
1,<environment.Job instance at 0x7f212dd3c140>,62,14,[4 9],63,-1,77,-1,63
1,<environment.Job instance at 0x7f212dd38be0>,55,12,[2 6],56,-1,79,-1,67
1,<environment.Job instance at 0x7f212dd3c730>,67,16,[1 9],68,-1,84,-1,68
1,<environment.Job instance at 0x7f212dd3c690>,69,14,[9 4],70,-1,86,-1,72
1,<environment.Job instance at 0x7f212dd3cc80>,72,18,[3 5],73,-1,91,-1,73
1,<environment.Job instance at 0x7f212dd3d0a0>,76,13,[10  1],77,-1,90,-1,77
1,<environment.Job instance at 0x7f212dd3d1e0>,77,16,[8 1],78,-1,95,-1,79
1,<environment.Job instance at 0x7f212dd3d230>,78,14,[6 1],79,-1,93,-1,79
1,<environment.Job instance at 0x7f212dd3d140>,79,19,[10  3],80,-1,101,-1,82
1,<environment.Job instance at 0x7f212dd3d460>,81,14,[8 5],82,-1,96,-1,82
1,<environment.Job instance at 0x7f212dd3d5f0>,82,21,[4 8],83,-1,104,-1,83
1,<environment.Job instance at 0x7f212dd3d3c0>,83,18,[ 3 10],84,-1,102,-1,84
1,<environment.Job instance at 0x7f212dd3da50>,87,18,[7 1],88,-1,106,-1,88
1,<environment.Job instance at 0x7f212dd3db90>,88,16,[4 9],89,-1,105,-1,89
1,<environment.Job instance at 0x7f212dece370>,95,3,[8 5],96,-1,100,-1,97
1,<environment.Job instance at 0x7f212dd6d7d0>,96,18,[2 6],97,-1,115,-1,97
1,<environment.Job instance at 0x7f212dd26a00>,101,15,[2 7],102,-1,118,-1,103
1,<environment.Job instance at 0x7f212dd26e60>,103,16,[1 9],104,-1,120,-1,104
1,<environment.Job instance at 0x7f212dd26910>,105,16,[7 5],106,-1,122,-1,106
1,<environment.Job instance at 0x7f212dd26960>,107,18,[5 5],108,-1,126,-1,108
1,<environment.Job instance at 0x7f212dd265f0>,109,27,[3 9],110,-1,137,-1,110
1,<environment.Job instance at 0x7f212ded02d0>,110,23,[5 1],111,-1,134,-1,111
1,<environment.Job instance at 0x7f212deb5b90>,111,17,[6 4],112,-1,129,-1,112
1,<environment.Job instance at 0x7f212deb51e0>,112,12,[1 6],113,-1,125,-1,113
1,<environment.Job instance at 0x7f212decfb40>,113,17,[5 1],114,-1,131,-1,114
1,<environment.Job instance at 0x7f212de4ee60>,114,1,[9 2],115,-1,116,-1,115
1,<environment.Job instance at 0x7f212de65050>,116,12,[8 4],117,-1,129,-1,117
1,<environment.Job instance at 0x7f212de53910>,122,18,[7 5],123,-1,141,-1,123
1,<environment.Job instance at 0x7f212ddf09b0>,130,17,[9 5],131,-1,151,-1,134
1,<environment.Job instance at 0x7f212ddf0eb0>,132,18,[10  4],133,-1,152,-1,134
1,<environment.Job instance at 0x7f212ddb4b40>,119,28,[7 5],120,-1,167,-1,139
1,<environment.Job instance at 0x7f21373a2fa0>,93,25,[ 1 10],94,-1,169,-1,144
1,<environment.Job instance at 0x7f212ddf0230>,131,13,[3 8],132,-1,157,-1,144
1,<environment.Job instance at 0x7f212ded6550>,137,28,[ 2 10],138,-1,172,-1,144
1,<environment.Job instance at 0x7f212ddf04b0>,135,15,[8 3],136,-1,159,-1,144
1,<environment.Job instance at 0x7f212de52cd0>,142,15,[ 2 13],143,-1,167,-1,152
1,<environment.Job instance at 0x7f212de52af0>,141,14,[ 3 10],142,-1,166,-1,152
1,<environment.Job instance at 0x7f212ddeb5a0>,146,13,[10  5],147,-1,165,-1,152
1,<environment.Job instance at 0x7f212dd3c550>,12,23,[6 4],13,-1,53,-1,30
1,<environment.Job instance at 0x7f212ddd3d70>,18,26,[7 4],19,-1,70,-1,44
1,<environment.Job instance at 0x7f212de3d5f0>,19,25,[5 9],20,-1,83,-1,58
1,<environment.Job instance at 0x7f212dd2e910>,28,17,[ 1 13],29,-1,87,-1,70
1,<environment.Job instance at 0x7f212dd2eaf0>,30,26,[9 4],31,-1,110,-1,84
1,<environment.Job instance at 0x7f212dd2ed20>,31,1,[ 2 14],32,-1,85,-1,84
1,<environment.Job instance at 0x7f212ddefc30>,33,26,[3 6],34,-1,110,-1,84
1,<environment.Job instance at 0x7f212ddea730>,40,26,[ 1 10],41,-1,139,-1,113
1,<environment.Job instance at 0x7f212dd7b730>,57,16,[ 2 11],58,-1,183,-1,167
1,<environment.Job instance at 0x7f212d7a1050>,0,17,[3 5],1,-1,18,-1,1
1,<environment.Job instance at 0x7f212d7a1640>,6,17,[9 1],7,-1,25,-1,8
1,<environment.Job instance at 0x7f212d7a78c0>,14,26,[3 9],15,-1,41,-1,15
1,<environment.Job instance at 0x7f212d7a7690>,15,15,[5 3],16,-1,31,-1,16
1,<environment.Job instance at 0x7f212d90a7d0>,18,21,[2 7],19,-1,40,-1,19
1,<environment.Job instance at 0x7f212d7a7410>,20,23,[4 7],21,-1,44,-1,21
1,<environment.Job instance at 0x7f212d93d230>,23,14,[5 9],24,-1,39,-1,25
1,<environment.Job instance at 0x7f212d890dc0>,21,14,[ 1 10],22,-1,42,-1,28
1,<environment.Job instance at 0x7f212d90baf0>,26,16,[6 5],27,-1,46,-1,30
1,<environment.Job instance at 0x7f212d7e4050>,27,2,[10  3],28,-1,32,-1,30
1,<environment.Job instance at 0x7f212d7e4320>,28,20,[ 2 10],29,-1,50,-1,30
1,<environment.Job instance at 0x7f212d7e4640>,29,15,[5 5],30,-1,45,-1,30
1,<environment.Job instance at 0x7f212d7a7050>,12,15,[ 2 14],13,-1,45,-1,30
1,<environment.Job instance at 0x7f212d7efb90>,31,17,[3 6],32,-1,49,-1,32
1,<environment.Job instance at 0x7f212d7ef910>,32,13,[2 5],33,-1,48,-1,35
1,<environment.Job instance at 0x7f212d7ef5a0>,34,16,[5 6],35,-1,51,-1,35
1,<environment.Job instance at 0x7f212d7ef460>,39,17,[8 5],40,-1,62,-1,45
1,<environment.Job instance at 0x7f212d7ef230>,38,23,[1 9],39,-1,68,-1,45
1,<environment.Job instance at 0x7f212d7ef1e0>,43,18,[5 1],44,-1,63,-1,45
1,<environment.Job instance at 0x7f212d7ec410>,44,15,[8 5],45,-1,61,-1,46
1,<environment.Job instance at 0x7f212d7e4f50>,25,19,[ 1 10],26,-1,78,-1,59
1,<environment.Job instance at 0x7f212d7ecbe0>,48,19,[4 7],49,-1,78,-1,59
1,<environment.Job instance at 0x7f212d7ec6e0>,53,22,[9 1],54,-1,81,-1,59
1,<environment.Job instance at 0x7f212d78abe0>,55,18,[5 4],56,-1,78,-1,60
1,<environment.Job instance at 0x7f212dd4d370>,8,27,[ 3 12],9,-1,36,-1,9
1,<environment.Job instance at 0x7f212dd4d1e0>,12,15,[ 2 14],13,-1,37,-1,22
1,<environment.Job instance at 0x7f212dd4d410>,14,26,[3 9],15,-1,60,-1,34
1,<environment.Job instance at 0x7f212dd4bc80>,20,23,[4 7],21,-1,65,-1,42
1,<environment.Job instance at 0x7f212dd4b0f0>,30,1,[14  4],31,-1,68,-1,67
1,<environment.Job instance at 0x7f212dd4acd0>,37,18,[ 1 14],38,-1,108,-1,90
1,<environment.Job instance at 0x7f212dd4ab40>,38,23,[1 9],39,-1,113,-1,90
1,<environment.Job instance at 0x7f212dd4a410>,45,17,[12  1],46,-1,123,-1,106
1,<environment.Job instance at 0x7f212dd4a4b0>,50,16,[14  3],51,-1,144,-1,128
1,<environment.Job instance at 0x7f212dd384b0>,57,2,[ 1 12],58,-1,145,-1,143
1,<environment.Job instance at 0x7f212d4988c0>,0,26,[8 3],1,-1,27,-1,1
1,<environment.Job instance at 0x7f212d498af0>,5,13,[9 1],6,-1,20,-1,7
1,<environment.Job instance at 0x7f212d498b90>,6,18,[8 3],7,-1,25,-1,7
1,<environment.Job instance at 0x7f212d48d1e0>,11,18,[5 8],12,-1,30,-1,12
1,<environment.Job instance at 0x7f212d48d0a0>,12,14,[2 8],13,-1,27,-1,13
1,<environment.Job instance at 0x7f212d48d280>,15,15,[1 5],16,-1,31,-1,16
1,<environment.Job instance at 0x7f212d48d2d0>,17,13,[ 5 10],18,-1,31,-1,18
1,<environment.Job instance at 0x7f212d48d9b0>,19,18,[5 2],20,-1,38,-1,20
1,<environment.Job instance at 0x7f212d48d320>,20,16,[ 4 10],21,-1,37,-1,21
1,<environment.Job instance at 0x7f212d48d410>,21,15,[5 7],22,-1,37,-1,22
1,<environment.Job instance at 0x7f212d48d820>,22,17,[8 2],23,-1,40,-1,23
1,<environment.Job instance at 0x7f212d48daa0>,24,17,[6 1],25,-1,42,-1,25
1,<environment.Job instance at 0x7f212d492f50>,29,18,[10  4],30,-1,49,-1,31
1,<environment.Job instance at 0x7f212d4927d0>,31,13,[1 7],32,-1,45,-1,32
1,<environment.Job instance at 0x7f212d492050>,33,14,[5 6],34,-1,48,-1,34
1,<environment.Job instance at 0x7f212d492960>,34,18,[10  5],35,-1,53,-1,35
1,<environment.Job instance at 0x7f212d492c80>,36,16,[2 9],37,-1,53,-1,37
1,<environment.Job instance at 0x7f212d4903c0>,38,15,[10  4],39,-1,54,-1,39
1,<environment.Job instance at 0x7f212d490460>,40,16,[8 5],41,-1,57,-1,41
1,<environment.Job instance at 0x7f212d490320>,41,16,[4 5],42,-1,58,-1,42
1,<environment.Job instance at 0x7f212d4908c0>,42,27,[8 3],43,-1,70,-1,43
1,<environment.Job instance at 0x7f212d4900a0>,43,18,[1 6],44,-1,62,-1,44
1,<environment.Job instance at 0x7f212d490820>,44,17,[2 6],45,-1,62,-1,45
1,<environment.Job instance at 0x7f212d490370>,46,27,[2 6],47,-1,74,-1,47
1,<environment.Job instance at 0x7f212d490af0>,47,16,[7 4],48,-1,64,-1,48
1,<environment.Job instance at 0x7f212d490dc0>,48,16,[9 2],49,-1,65,-1,49
1,<environment.Job instance at 0x7f212d490d20>,51,16,[4 5],52,-1,68,-1,52
1,<environment.Job instance at 0x7f212d488c80>,60,12,[10  5],61,-1,73,-1,61
1,<environment.Job instance at 0x7f212d488f50>,62,16,[6 4],63,-1,79,-1,63
1,<environment.Job instance at 0x7f212d48e410>,64,14,[3 6],65,-1,79,-1,65
1,<environment.Job instance at 0x7f212d48ee10>,66,21,[ 4 10],67,-1,88,-1,67
1,<environment.Job instance at 0x7f212d48e550>,67,23,[2 8],68,-1,91,-1,68
1,<environment.Job instance at 0x7f212d48e050>,72,12,[7 5],73,-1,85,-1,73
1,<environment.Job instance at 0x7f212d494640>,74,13,[ 4 11],75,-1,88,-1,75
1,<environment.Job instance at 0x7f212d4943c0>,75,17,[ 5 10],76,-1,93,-1,76
1,<environment.Job instance at 0x7f212d4946e0>,76,14,[9 4],77,-1,91,-1,77
1,<environment.Job instance at 0x7f212d494870>,78,14,[8 2],79,-1,93,-1,79
1,<environment.Job instance at 0x7f212d494730>,80,25,[6 4],81,-1,106,-1,81
1,<environment.Job instance at 0x7f212d494cd0>,84,24,[5 5],85,-1,109,-1,85
1,<environment.Job instance at 0x7f212d4920a0>,30,15,[1 9],31,-1,101,-1,86
1,<environment.Job instance at 0x7f212d754d70>,89,15,[9 5],90,-1,106,-1,91
1,<environment.Job instance at 0x7f212d754be0>,91,17,[7 5],92,-1,109,-1,92
1,<environment.Job instance at 0x7f212d754500>,96,12,[ 5 12],97,-1,111,-1,99
1,<environment.Job instance at 0x7f212d754960>,90,13,[5 5],91,-1,112,-1,99
1,<environment.Job instance at 0x7f212d431460>,114,22,[7 3],115,-1,176,-1,154
1,<environment.Job instance at 0x7f212d431eb0>,113,12,[2 7],114,-1,166,-1,154
1,<environment.Job instance at 0x7f212d7544b0>,95,14,[3 8],96,-1,168,-1,154
1,<environment.Job instance at 0x7f212df345a0>,115,20,[7 5],116,-1,174,-1,154
1,<environment.Job instance at 0x7f212d48d870>,0,26,[8 3],1,-1,27,-1,1
1,<environment.Job instance at 0x7f212d494c30>,14,2,[11  3],15,-1,25,-1,23
1,<environment.Job instance at 0x7f212d498730>,25,17,[12  4],26,-1,86,-1,69
1,<environment.Job instance at 0x7f212d7919b0>,37,2,[ 3 11],38,-1,120,-1,118
1,<environment.Job instance at 0x7f212d35d050>,42,27,[8 3],43,-1,177,-1,150
1,<environment.Job instance at 0x7f212d391b90>,46,27,[2 6],47,-1,194,-1,167
1,<environment.Job instance at 0x7f212d6a45a0>,2,21,[5 7],3,-1,24,-1,3
1,<environment.Job instance at 0x7f212d6a4870>,5,16,[4 7],6,-1,22,-1,6
1,<environment.Job instance at 0x7f212d6a4910>,6,18,[9 3],7,-1,25,-1,7
1,<environment.Job instance at 0x7f212d6a49b0>,8,16,[1 7],9,-1,25,-1,9
1,<environment.Job instance at 0x7f212d6a4b90>,9,18,[8 2],10,-1,28,-1,10
1,<environment.Job instance at 0x7f212d6a4e60>,13,17,[4 7],14,-1,31,-1,14
1,<environment.Job instance at 0x7f212d6a4f00>,14,16,[ 5 10],15,-1,31,-1,15
1,<environment.Job instance at 0x7f212d6a4d20>,15,15,[5 9],16,-1,31,-1,16
1,<environment.Job instance at 0x7f212d6da370>,20,26,[3 7],21,-1,49,-1,23
1,<environment.Job instance at 0x7f212d6da6e0>,23,12,[8 2],24,-1,36,-1,24
1,<environment.Job instance at 0x7f212d6da780>,24,16,[1 5],25,-1,41,-1,25
1,<environment.Job instance at 0x7f212d6da820>,25,18,[4 9],26,-1,44,-1,26
1,<environment.Job instance at 0x7f212d6da960>,27,18,[10  5],28,-1,46,-1,28
1,<environment.Job instance at 0x7f212d6daa00>,28,13,[5 5],29,-1,42,-1,29
1,<environment.Job instance at 0x7f212d6dabe0>,30,13,[10  1],31,-1,44,-1,31
1,<environment.Job instance at 0x7f212d6dac80>,32,24,[1 9],33,-1,57,-1,33
1,<environment.Job instance at 0x7f212d6daf50>,33,14,[6 5],34,-1,48,-1,34
1,<environment.Job instance at 0x7f212d6dae60>,34,12,[9 3],35,-1,47,-1,35
1,<environment.Job instance at 0x7f212d6ca0a0>,35,1,[1 8],36,-1,37,-1,36
1,<environment.Job instance at 0x7f212d6da500>,21,18,[11  5],22,-1,54,-1,36
1,<environment.Job instance at 0x7f212d6dafa0>,36,12,[10  1],37,-1,53,-1,41
1,<environment.Job instance at 0x7f212d6ca690>,41,27,[7 1],42,-1,69,-1,42
1,<environment.Job instance at 0x7f212d6ca320>,42,26,[ 3 10],43,-1,69,-1,43
1,<environment.Job instance at 0x7f212d6caa00>,45,21,[ 2 10],46,-1,67,-1,46
1,<environment.Job instance at 0x7f212d6ca8c0>,46,15,[10  2],47,-1,62,-1,47
1,<environment.Job instance at 0x7f212d6cabe0>,48,12,[ 2 11],49,-1,61,-1,49
1,<environment.Job instance at 0x7f212d6caaf0>,49,13,[4 7],50,-1,63,-1,50
1,<environment.Job instance at 0x7f212d6cac80>,50,16,[10  1],51,-1,67,-1,51
1,<environment.Job instance at 0x7f212d6cae60>,51,17,[11  3],52,-1,69,-1,52
1,<environment.Job instance at 0x7f212d6cc5f0>,59,15,[ 3 10],60,-1,75,-1,60
1,<environment.Job instance at 0x7f212d6cc7d0>,60,17,[10  2],61,-1,78,-1,61
1,<environment.Job instance at 0x7f212d6cc230>,61,13,[10  2],62,-1,75,-1,62
1,<environment.Job instance at 0x7f212d498dc0>,62,14,[5 1],63,-1,77,-1,63
1,<environment.Job instance at 0x7f212d6a3730>,63,24,[2 6],64,-1,88,-1,64
1,<environment.Job instance at 0x7f212d6a34b0>,66,14,[8 4],67,-1,81,-1,67
1,<environment.Job instance at 0x7f212d6a31e0>,67,14,[9 2],68,-1,82,-1,68
1,<environment.Job instance at 0x7f212d6a30a0>,70,14,[5 8],71,-1,85,-1,71
1,<environment.Job instance at 0x7f212d498410>,72,18,[6 2],73,-1,91,-1,73
1,<environment.Job instance at 0x7f212dbbac80>,74,18,[6 2],75,-1,93,-1,75
1,<environment.Job instance at 0x7f212d6a30f0>,75,19,[6 3],76,-1,95,-1,76
1,<environment.Job instance at 0x7f212e88eaa0>,77,15,[6 1],78,-1,93,-1,78
1,<environment.Job instance at 0x7f212e88e5f0>,78,13,[1 5],79,-1,92,-1,79
1,<environment.Job instance at 0x7f212da279b0>,81,14,[3 6],82,-1,96,-1,82
1,<environment.Job instance at 0x7f212e18a9b0>,82,27,[5 7],83,-1,110,-1,83
1,<environment.Job instance at 0x7f212e17e820>,85,16,[9 2],86,-1,102,-1,86
1,<environment.Job instance at 0x7f212d4deeb0>,88,15,[11  4],89,-1,110,-1,95
1,<environment.Job instance at 0x7f212d6ca5a0>,40,17,[5 6],41,-1,113,-1,96
1,<environment.Job instance at 0x7f212e192d70>,97,3,[10  1],98,-1,110,-1,107
1,<environment.Job instance at 0x7f212e192e60>,99,17,[6 2],100,-1,128,-1,111
1,<environment.Job instance at 0x7f212e1923c0>,101,18,[4 9],102,-1,130,-1,112
1,<environment.Job instance at 0x7f212e192be0>,105,16,[6 2],106,-1,132,-1,116
1,<environment.Job instance at 0x7f212e192190>,100,17,[5 2],101,-1,133,-1,116
1,<environment.Job instance at 0x7f212e17e730>,86,15,[10  3],87,-1,131,-1,116
1,<environment.Job instance at 0x7f212e192280>,108,14,[8 5],109,-1,130,-1,116
1,<environment.Job instance at 0x7f212d6a3780>,64,13,[ 5 12],65,-1,129,-1,116
1,<environment.Job instance at 0x7f212e192d20>,109,16,[7 4],110,-1,132,-1,116
1,<environment.Job instance at 0x7f212e192370>,110,18,[ 4 11],111,-1,134,-1,116
1,<environment.Job instance at 0x7f212e192eb0>,112,12,[7 2],113,-1,131,-1,119
1,<environment.Job instance at 0x7f212e86c780>,113,24,[8 5],114,-1,143,-1,119
1,<environment.Job instance at 0x7f212e1921e0>,111,18,[ 3 10],112,-1,137,-1,119
1,<environment.Job instance at 0x7f212e192f00>,107,14,[11  4],108,-1,134,-1,120
1,<environment.Job instance at 0x7f212e192b40>,106,16,[8 2],107,-1,136,-1,120
1,<environment.Job instance at 0x7f212d6cb820>,118,13,[12  1],119,-1,134,-1,121
1,<environment.Job instance at 0x7f212e192320>,114,14,[ 1 10],115,-1,135,-1,121
1,<environment.Job instance at 0x7f212d6cb5f0>,119,15,[1 6],120,-1,136,-1,121
1,<environment.Job instance at 0x7f212d6cbf50>,120,12,[2 9],121,-1,145,-1,133
1,<environment.Job instance at 0x7f212d6bbe60>,128,20,[3 9],129,-1,171,-1,151
1,<environment.Job instance at 0x7f212d6ad780>,131,17,[ 4 10],132,-1,168,-1,151
1,<environment.Job instance at 0x7f212d6adbe0>,133,14,[ 5 13],134,-1,165,-1,151
1,<environment.Job instance at 0x7f212e87abe0>,134,17,[3 5],135,-1,168,-1,151
1,<environment.Job instance at 0x7f212e1911e0>,123,15,[ 3 10],124,-1,167,-1,152
1,<environment.Job instance at 0x7f212e17dfa0>,137,21,[4 8],138,-1,174,-1,153
1,<environment.Job instance at 0x7f212d6bbd20>,130,16,[5 4],131,-1,170,-1,154
1,<environment.Job instance at 0x7f212e87a7d0>,136,14,[6 5],137,-1,168,-1,154
1,<environment.Job instance at 0x7f212e17d3c0>,141,13,[2 5],142,-1,167,-1,154
1,<environment.Job instance at 0x7f212e17d140>,138,23,[3 9],139,-1,177,-1,154
1,<environment.Job instance at 0x7f212e17de60>,20,26,[3 7],21,-1,89,-1,63
1,<environment.Job instance at 0x7f212d6a4370>,21,18,[11  5],22,-1,81,-1,63
1,<environment.Job instance at 0x7f212d4d5320>,29,1,[12  2],30,-1,88,-1,87
1,<environment.Job instance at 0x7f212d4d5690>,32,24,[1 9],33,-1,127,-1,103
1,<environment.Job instance at 0x7f212d691e60>,41,27,[7 1],42,-1,160,-1,133
1,<environment.Job instance at 0x7f212d691fa0>,43,2,[ 3 13],44,-1,135,-1,133
1,<environment.Job instance at 0x7f212d6912d0>,42,26,[ 3 10],43,-1,170,-1,144
1,<environment.Job instance at 0x7f212d6918c0>,47,1,[ 3 14],48,-1,145,-1,144
1,<environment.Job instance at 0x7f212d691820>,48,12,[ 2 11],49,-1,156,-1,144
1,<environment.Job instance at 0x7f212d691b40>,51,17,[11  3],52,-1,162,-1,145
1,<environment.Job instance at 0x7f212d691410>,52,16,[12  1],53,-1,161,-1,145
1,<environment.Job instance at 0x7f212d691eb0>,53,15,[ 4 13],54,-1,160,-1,145
1,<environment.Job instance at 0x7f212d6c4be0>,1,16,[1 6],2,-1,18,-1,2
1,<environment.Job instance at 0x7f212de37b90>,3,27,[3 5],4,-1,31,-1,4
1,<environment.Job instance at 0x7f212db8eb40>,7,17,[5 7],8,-1,25,-1,8
1,<environment.Job instance at 0x7f212db8e780>,9,12,[1 9],10,-1,22,-1,10
1,<environment.Job instance at 0x7f212db8eeb0>,13,12,[9 3],14,-1,26,-1,14
1,<environment.Job instance at 0x7f212de48b40>,15,14,[5 2],16,-1,30,-1,16
1,<environment.Job instance at 0x7f212de48280>,17,17,[2 6],18,-1,35,-1,18
1,<environment.Job instance at 0x7f212de48320>,18,17,[5 4],19,-1,36,-1,19
1,<environment.Job instance at 0x7f212de48730>,20,16,[9 4],21,-1,37,-1,21
1,<environment.Job instance at 0x7f212de48b90>,22,12,[8 3],23,-1,35,-1,23
1,<environment.Job instance at 0x7f212de48be0>,23,13,[5 6],24,-1,37,-1,24
1,<environment.Job instance at 0x7f212de3da50>,25,18,[3 9],26,-1,44,-1,26
1,<environment.Job instance at 0x7f212de3d690>,26,27,[10  4],27,-1,54,-1,27
1,<environment.Job instance at 0x7f212de3d140>,28,14,[4 5],29,-1,44,-1,30
1,<environment.Job instance at 0x7f212de3d730>,30,1,[ 5 11],31,-1,32,-1,31
1,<environment.Job instance at 0x7f212de3dbe0>,29,14,[9 4],30,-1,45,-1,31
1,<environment.Job instance at 0x7f212de3d910>,31,18,[4 8],32,-1,51,-1,33
1,<environment.Job instance at 0x7f212de3d4b0>,32,25,[7 3],33,-1,58,-1,33
1,<environment.Job instance at 0x7f212de3deb0>,36,17,[2 9],37,-1,55,-1,38
1,<environment.Job instance at 0x7f212de3d6e0>,38,13,[ 3 10],39,-1,52,-1,39
1,<environment.Job instance at 0x7f212decf0a0>,39,14,[4 7],40,-1,54,-1,40
1,<environment.Job instance at 0x7f212decf730>,40,16,[10  3],41,-1,57,-1,41
1,<environment.Job instance at 0x7f212decfe60>,41,17,[10  5],42,-1,59,-1,42
1,<environment.Job instance at 0x7f212de3d0a0>,37,13,[4 7],38,-1,59,-1,46
1,<environment.Job instance at 0x7f212db1d910>,54,12,[3 7],55,-1,68,-1,56
1,<environment.Job instance at 0x7f212db1df00>,57,16,[2 7],58,-1,74,-1,58
1,<environment.Job instance at 0x7f212db1daa0>,58,15,[6 2],59,-1,74,-1,59
1,<environment.Job instance at 0x7f212de31b90>,65,26,[4 8],66,-1,92,-1,66
1,<environment.Job instance at 0x7f212de31370>,66,20,[4 8],67,-1,88,-1,68
1,<environment.Job instance at 0x7f212de315f0>,68,16,[8 4],69,-1,86,-1,70
1,<environment.Job instance at 0x7f212de31f00>,70,25,[5 4],71,-1,97,-1,72
1,<environment.Job instance at 0x7f212db1dbe0>,63,1,[6 2],64,-1,73,-1,72
1,<environment.Job instance at 0x7f212de31b40>,71,21,[5 5],72,-1,93,-1,72
1,<environment.Job instance at 0x7f212de31960>,73,18,[ 2 10],74,-1,94,-1,76
1,<environment.Job instance at 0x7f212de31dc0>,75,25,[5 7],76,-1,101,-1,76
1,<environment.Job instance at 0x7f212e470370>,77,22,[5 8],78,-1,101,-1,79
1,<environment.Job instance at 0x7f212de31230>,74,13,[7 3],75,-1,94,-1,81
1,<environment.Job instance at 0x7f212db1d2d0>,60,18,[1 7],61,-1,99,-1,81
1,<environment.Job instance at 0x7f212e470460>,80,15,[3 8],81,-1,96,-1,81
1,<environment.Job instance at 0x7f212e470550>,81,12,[3 9],82,-1,94,-1,82
1,<environment.Job instance at 0x7f212e4708c0>,83,27,[8 5],84,-1,111,-1,84
1,<environment.Job instance at 0x7f212e4704b0>,85,14,[7 3],86,-1,100,-1,86
1,<environment.Job instance at 0x7f21370c3d70>,93,24,[3 5],94,-1,119,-1,95
1,<environment.Job instance at 0x7f212db0cc30>,95,14,[10  1],96,-1,118,-1,104
1,<environment.Job instance at 0x7f212db0c370>,98,15,[5 5],99,-1,119,-1,104
1,<environment.Job instance at 0x7f212db0c1e0>,101,18,[5 9],102,-1,125,-1,107
1,<environment.Job instance at 0x7f212e1027d0>,110,18,[2 7],111,-1,168,-1,150
1,<environment.Job instance at 0x7f212db0c280>,97,17,[2 7],98,-1,167,-1,150
1,<environment.Job instance at 0x7f212e1020f0>,115,13,[8 4],116,-1,163,-1,150
1,<environment.Job instance at 0x7f212e102550>,114,23,[4 5],115,-1,173,-1,150
1,<environment.Job instance at 0x7f212e102eb0>,113,13,[5 2],114,-1,164,-1,151
1,<environment.Job instance at 0x7f212d6c1d20>,104,27,[1 8],105,-1,178,-1,151
1,<environment.Job instance at 0x7f212e8a7370>,116,13,[6 5],117,-1,164,-1,151
1,<environment.Job instance at 0x7f212ddb93c0>,118,12,[5 5],119,-1,163,-1,151
1,<environment.Job instance at 0x7f212de72910>,120,1,[1 7],121,-1,152,-1,151
1,<environment.Job instance at 0x7f212de72e10>,123,14,[ 4 11],124,-1,168,-1,154
1,<environment.Job instance at 0x7f212ddc1550>,124,18,[3 6],125,-1,172,-1,154
1,<environment.Job instance at 0x7f212de9aaf0>,126,26,[8 5],127,-1,180,-1,154
1,<environment.Job instance at 0x7f212de9ac80>,129,20,[6 3],130,-1,174,-1,154
1,<environment.Job instance at 0x7f212de9a320>,130,17,[5 8],131,-1,172,-1,155
1,<environment.Job instance at 0x7f212db0c870>,133,20,[5 3],134,-1,175,-1,155
1,<environment.Job instance at 0x7f212db0cfa0>,134,16,[2 7],135,-1,171,-1,155
1,<environment.Job instance at 0x7f212db0c050>,135,17,[6 3],136,-1,172,-1,155
1,<environment.Job instance at 0x7f212e122d70>,121,1,[9 4],122,-1,156,-1,155
1,<environment.Job instance at 0x7f212db0cf50>,136,14,[10  1],137,-1,169,-1,155
1,<environment.Job instance at 0x7f212daecb90>,139,12,[7 5],140,-1,167,-1,155
1,<environment.Job instance at 0x7f212daec7d0>,140,18,[5 6],141,-1,175,-1,157
1,<environment.Job instance at 0x7f212d472730>,4,1,[12  4],5,-1,6,-1,5
1,<environment.Job instance at 0x7f212decfdc0>,5,2,[14  1],6,-1,8,-1,6
1,<environment.Job instance at 0x7f212de3d870>,3,27,[3 5],4,-1,40,-1,13
1,<environment.Job instance at 0x7f212de37820>,26,27,[10  4],27,-1,98,-1,71
1,<environment.Job instance at 0x7f212d346eb0>,30,1,[ 5 11],31,-1,73,-1,72
1,<environment.Job instance at 0x7f212d488910>,32,25,[7 3],33,-1,127,-1,102
1,<environment.Job instance at 0x7f212d431190>,34,13,[ 3 12],35,-1,115,-1,102
1,<environment.Job instance at 0x7f212d791af0>,48,14,[13  2],49,-1,177,-1,163
1,<environment.Job instance at 0x7f212d1afbe0>,0,16,[ 2 10],1,-1,20,-1,4
1,<environment.Job instance at 0x7f212cff4f50>,5,15,[ 4 12],6,-1,21,-1,6
1,<environment.Job instance at 0x7f212cff4500>,6,18,[5 8],7,-1,25,-1,7
1,<environment.Job instance at 0x7f212cff4140>,7,13,[5 8],8,-1,21,-1,8
1,<environment.Job instance at 0x7f212cff4230>,8,13,[5 5],9,-1,22,-1,9
1,<environment.Job instance at 0x7f212cff4280>,9,17,[ 2 10],10,-1,27,-1,10
1,<environment.Job instance at 0x7f212cff42d0>,10,14,[6 3],11,-1,25,-1,11
1,<environment.Job instance at 0x7f212cff4a50>,11,18,[8 1],12,-1,30,-1,12
1,<environment.Job instance at 0x7f212d11cd20>,12,15,[3 9],13,-1,28,-1,13
1,<environment.Job instance at 0x7f212d11c780>,13,20,[8 4],14,-1,34,-1,14
1,<environment.Job instance at 0x7f213741a9b0>,16,1,[1 6],17,-1,18,-1,17
1,<environment.Job instance at 0x7f212cfbd780>,17,27,[8 5],18,-1,45,-1,18
1,<environment.Job instance at 0x7f212e898e60>,19,17,[1 5],20,-1,37,-1,20
1,<environment.Job instance at 0x7f212e898be0>,20,13,[3 8],21,-1,34,-1,21
1,<environment.Job instance at 0x7f212db54730>,21,15,[2 7],22,-1,37,-1,22
1,<environment.Job instance at 0x7f212db54410>,22,17,[3 5],23,-1,40,-1,23
1,<environment.Job instance at 0x7f212db54f00>,23,16,[5 2],24,-1,40,-1,24
1,<environment.Job instance at 0x7f212cfefd70>,25,13,[10  5],26,-1,39,-1,26
1,<environment.Job instance at 0x7f212cfefaf0>,26,17,[7 3],27,-1,44,-1,27
1,<environment.Job instance at 0x7f212cfef2d0>,28,13,[8 3],29,-1,42,-1,29
1,<environment.Job instance at 0x7f212cfef5f0>,29,2,[ 2 12],30,-1,32,-1,30
1,<environment.Job instance at 0x7f212cff4190>,3,15,[4 8],4,-1,45,-1,30
1,<environment.Job instance at 0x7f212cfef820>,31,17,[9 4],32,-1,50,-1,33
1,<environment.Job instance at 0x7f212cfef050>,32,24,[4 6],33,-1,57,-1,33
1,<environment.Job instance at 0x7f212d0c3f50>,40,16,[5 4],41,-1,57,-1,41
1,<environment.Job instance at 0x7f212d0c3a00>,41,18,[7 2],42,-1,60,-1,42
1,<environment.Job instance at 0x7f212e109910>,60,25,[10  4],61,-1,164,-1,139
1,<environment.Job instance at 0x7f212cfc17d0>,49,18,[ 5 10],50,-1,157,-1,139
1,<environment.Job instance at 0x7f212dfa7aa0>,73,18,[8 3],74,-1,157,-1,139
1,<environment.Job instance at 0x7f212e745d70>,72,15,[4 9],73,-1,154,-1,139
1,<environment.Job instance at 0x7f212e73f550>,76,16,[7 5],77,-1,155,-1,139
1,<environment.Job instance at 0x7f212e73f2d0>,77,16,[13  1],78,-1,155,-1,139
1,<environment.Job instance at 0x7f212e46d370>,57,17,[6 2],58,-1,156,-1,139
1,<environment.Job instance at 0x7f212d6915a0>,5,15,[ 4 12],6,-1,21,-1,6
1,<environment.Job instance at 0x7f212de31be0>,17,27,[8 5],18,-1,86,-1,59
1,<environment.Job instance at 0x7f212e898500>,29,2,[ 2 12],30,-1,93,-1,91
1,<environment.Job instance at 0x7f212d0c3eb0>,32,24,[4 6],33,-1,131,-1,107
1,<environment.Job instance at 0x7f212dfe4280>,33,15,[ 2 13],34,-1,122,-1,107
1,<environment.Job instance at 0x7f2136f04fa0>,37,18,[14  1],38,-1,126,-1,108
1,<environment.Job instance at 0x7f212d2ecb90>,43,13,[ 3 11],44,-1,151,-1,138
1,<environment.Job instance at 0x7f212d9b67d0>,46,15,[11  2],47,-1,157,-1,142
1,<environment.Job instance at 0x7f212d9b61e0>,50,12,[ 3 12],51,-1,171,-1,159
1,<environment.Job instance at 0x7f212e2ddf50>,1,17,[7 4],2,-1,19,-1,2
1,<environment.Job instance at 0x7f212d00c5f0>,5,18,[8 2],6,-1,26,-1,8
1,<environment.Job instance at 0x7f212d00c320>,7,28,[4 9],8,-1,36,-1,8
1,<environment.Job instance at 0x7f212df2a960>,16,15,[10  2],17,-1,36,-1,21
1,<environment.Job instance at 0x7f212d8b8910>,21,15,[7 2],22,-1,37,-1,22
1,<environment.Job instance at 0x7f212db6dd70>,28,16,[10  1],29,-1,45,-1,29
1,<environment.Job instance at 0x7f212df863c0>,29,18,[8 2],30,-1,48,-1,30
1,<environment.Job instance at 0x7f212df86aa0>,30,18,[2 8],31,-1,49,-1,31
1,<environment.Job instance at 0x7f212df7aeb0>,33,14,[5 7],34,-1,48,-1,34
1,<environment.Job instance at 0x7f212db827d0>,35,18,[9 1],36,-1,54,-1,36
1,<environment.Job instance at 0x7f212db67550>,37,12,[9 1],38,-1,50,-1,38
1,<environment.Job instance at 0x7f212db777d0>,42,12,[5 5],43,-1,55,-1,43
1,<environment.Job instance at 0x7f212db77fa0>,44,21,[8 1],45,-1,66,-1,45
1,<environment.Job instance at 0x7f212db775f0>,45,13,[2 6],46,-1,59,-1,46
1,<environment.Job instance at 0x7f212db6a140>,49,25,[ 3 10],50,-1,75,-1,50
1,<environment.Job instance at 0x7f212db6a3c0>,52,2,[6 5],53,-1,55,-1,53
1,<environment.Job instance at 0x7f212db7b780>,53,3,[4 7],54,-1,57,-1,54
1,<environment.Job instance at 0x7f212db7b8c0>,54,17,[5 4],55,-1,72,-1,55
1,<environment.Job instance at 0x7f212db7bf00>,55,15,[9 4],56,-1,71,-1,56
1,<environment.Job instance at 0x7f212db7b550>,56,15,[4 7],57,-1,72,-1,57
1,<environment.Job instance at 0x7f212db7b370>,57,23,[9 2],58,-1,81,-1,58
1,<environment.Job instance at 0x7f212db7bf50>,60,15,[4 8],61,-1,76,-1,61
1,<environment.Job instance at 0x7f212db7b0f0>,63,17,[7 4],64,-1,81,-1,64
1,<environment.Job instance at 0x7f212db7b730>,65,15,[9 1],66,-1,81,-1,66
1,<environment.Job instance at 0x7f212db7bc80>,68,16,[6 5],69,-1,85,-1,69
1,<environment.Job instance at 0x7f212d9a1140>,71,14,[1 5],72,-1,86,-1,72
1,<environment.Job instance at 0x7f212d9a1460>,72,18,[ 2 10],73,-1,91,-1,73
1,<environment.Job instance at 0x7f212d9a1280>,73,14,[4 9],74,-1,88,-1,74
1,<environment.Job instance at 0x7f212d9a1550>,74,12,[9 4],75,-1,87,-1,75
1,<environment.Job instance at 0x7f212d9da280>,88,23,[ 4 10],89,-1,114,-1,91
1,<environment.Job instance at 0x7f212d9da820>,92,14,[4 9],93,-1,107,-1,93
1,<environment.Job instance at 0x7f212e3c1960>,7,28,[4 9],8,-1,46,-1,18
1,<environment.Job instance at 0x7f212e3c19b0>,11,18,[13  5],12,-1,37,-1,19
1,<environment.Job instance at 0x7f212e3c1230>,15,14,[11  2],16,-1,49,-1,35
1,<environment.Job instance at 0x7f212e964fa0>,18,1,[14  2],19,-1,38,-1,37
1,<environment.Job instance at 0x7f212e9640f0>,19,1,[ 1 11],20,-1,38,-1,37
1,<environment.Job instance at 0x7f212e06daa0>,50,18,[ 2 11],51,-1,151,-1,133
1,<environment.Job instance at 0x7f212e28b6e0>,49,25,[ 3 10],50,-1,172,-1,147
1,<environment.Job instance at 0x7f212e06d410>,57,23,[9 2],58,-1,189,-1,166
1,<environment.Job instance at 0x7f212d5cea00>,2,18,[4 7],3,-1,21,-1,3
1,<environment.Job instance at 0x7f212d5cef00>,5,17,[9 3],6,-1,27,-1,10
1,<environment.Job instance at 0x7f212d969550>,11,12,[10  4],12,-1,24,-1,12
1,<environment.Job instance at 0x7f212d969780>,12,1,[7 3],13,-1,14,-1,13
1,<environment.Job instance at 0x7f212d969870>,9,15,[5 5],10,-1,29,-1,14
1,<environment.Job instance at 0x7f212dedc460>,25,17,[5 9],26,-1,43,-1,26
1,<environment.Job instance at 0x7f212dedc320>,26,23,[10  4],27,-1,51,-1,28
1,<environment.Job instance at 0x7f212dedcfa0>,28,17,[4 9],29,-1,46,-1,29
1,<environment.Job instance at 0x7f212d87efa0>,29,18,[9 5],30,-1,48,-1,30
1,<environment.Job instance at 0x7f212d87ec80>,31,17,[8 2],32,-1,49,-1,32
1,<environment.Job instance at 0x7f212d87ee10>,32,18,[10  5],33,-1,51,-1,33
1,<environment.Job instance at 0x7f212d87ecd0>,35,16,[3 8],36,-1,52,-1,36
1,<environment.Job instance at 0x7f212d87ee60>,36,14,[4 7],37,-1,51,-1,37
1,<environment.Job instance at 0x7f212dedc1e0>,27,15,[5 5],28,-1,52,-1,37
1,<environment.Job instance at 0x7f212d9239b0>,40,12,[2 9],41,-1,53,-1,41
1,<environment.Job instance at 0x7f212d923640>,41,17,[7 2],42,-1,59,-1,42
1,<environment.Job instance at 0x7f212d923d20>,43,16,[3 9],44,-1,60,-1,44
1,<environment.Job instance at 0x7f212d923e60>,44,13,[10  1],45,-1,59,-1,46
1,<environment.Job instance at 0x7f212d9235a0>,46,14,[1 5],47,-1,61,-1,47
1,<environment.Job instance at 0x7f212d923320>,49,25,[8 3],50,-1,75,-1,50
1,<environment.Job instance at 0x7f212d923a50>,51,17,[3 7],52,-1,69,-1,52
1,<environment.Job instance at 0x7f212d6980f0>,53,18,[2 6],54,-1,72,-1,54
1,<environment.Job instance at 0x7f212d698f50>,54,18,[8 2],55,-1,73,-1,55
1,<environment.Job instance at 0x7f212d698050>,56,17,[1 6],57,-1,74,-1,57
1,<environment.Job instance at 0x7f212d6982d0>,57,18,[5 2],58,-1,76,-1,58
1,<environment.Job instance at 0x7f212de374b0>,58,17,[3 5],59,-1,76,-1,59
1,<environment.Job instance at 0x7f212e401be0>,61,15,[10  5],62,-1,77,-1,62
1,<environment.Job instance at 0x7f212db12230>,62,18,[10  1],63,-1,90,-1,72
1,<environment.Job instance at 0x7f2136f04960>,73,18,[ 3 10],74,-1,92,-1,74
1,<environment.Job instance at 0x7f212d857780>,81,15,[9 5],82,-1,101,-1,86
1,<environment.Job instance at 0x7f212d8574b0>,85,15,[10  1],86,-1,102,-1,87
1,<environment.Job instance at 0x7f212db82410>,3,3,[11  3],4,-1,7,-1,4
1,<environment.Job instance at 0x7f212e107410>,18,16,[ 5 13],19,-1,48,-1,32
1,<environment.Job instance at 0x7f212d6915a0>,21,15,[14  4],22,-1,51,-1,36
1,<environment.Job instance at 0x7f21374e8d70>,26,23,[10  4],27,-1,68,-1,45
1,<environment.Job instance at 0x7f212d750f50>,49,25,[8 3],50,-1,176,-1,151
1,<environment.Job instance at 0x7f212d7505f0>,52,24,[11  1],53,-1,175,-1,151
1,<environment.Job instance at 0x7f212dc35cd0>,2,17,[5 9],3,-1,21,-1,4
1,<environment.Job instance at 0x7f212d152e60>,3,18,[6 1],4,-1,22,-1,4
1,<environment.Job instance at 0x7f212dc35d20>,7,17,[3 7],8,-1,26,-1,9
1,<environment.Job instance at 0x7f212dc35eb0>,8,16,[8 5],9,-1,25,-1,9
1,<environment.Job instance at 0x7f212dc35050>,15,22,[9 4],16,-1,38,-1,16
1,<environment.Job instance at 0x7f212d129910>,19,27,[5 8],20,-1,47,-1,20
1,<environment.Job instance at 0x7f212d1290f0>,21,12,[10  5],22,-1,35,-1,23
1,<environment.Job instance at 0x7f212d129be0>,23,16,[5 8],24,-1,40,-1,24
1,<environment.Job instance at 0x7f212d129a00>,25,12,[3 5],26,-1,38,-1,26
1,<environment.Job instance at 0x7f212d1295a0>,26,22,[3 8],27,-1,49,-1,27
1,<environment.Job instance at 0x7f212d129190>,27,14,[6 2],28,-1,42,-1,28
1,<environment.Job instance at 0x7f212d1293c0>,22,15,[ 5 10],23,-1,44,-1,29
1,<environment.Job instance at 0x7f212d134b40>,38,17,[3 7],39,-1,56,-1,39
1,<environment.Job instance at 0x7f212d134820>,39,12,[ 5 10],40,-1,52,-1,40
1,<environment.Job instance at 0x7f212d134e10>,40,18,[9 4],41,-1,59,-1,41
1,<environment.Job instance at 0x7f212d134870>,41,12,[ 4 10],42,-1,54,-1,42
1,<environment.Job instance at 0x7f212d134dc0>,43,14,[ 1 10],44,-1,58,-1,44
1,<environment.Job instance at 0x7f212d1369b0>,49,27,[ 3 13],50,-1,80,-1,53
1,<environment.Job instance at 0x7f212d136a00>,52,18,[1 9],53,-1,72,-1,54
1,<environment.Job instance at 0x7f212d1363c0>,51,15,[10  3],52,-1,70,-1,55
1,<environment.Job instance at 0x7f212d136fa0>,62,18,[4 9],63,-1,82,-1,64
1,<environment.Job instance at 0x7f212d136e60>,48,24,[8 2],49,-1,102,-1,78
1,<environment.Job instance at 0x7f212d135d20>,66,18,[8 5],67,-1,96,-1,78
1,<environment.Job instance at 0x7f212d135870>,70,15,[9 2],71,-1,93,-1,78
1,<environment.Job instance at 0x7f212d1351e0>,73,26,[7 3],74,-1,137,-1,111
1,<environment.Job instance at 0x7f212d134460>,44,17,[14  4],45,-1,128,-1,111
1,<environment.Job instance at 0x7f212d3de8c0>,84,15,[9 2],85,-1,154,-1,139
1,<environment.Job instance at 0x7f212d3de4b0>,81,17,[3 7],82,-1,187,-1,170
1,<environment.Job instance at 0x7f212e502af0>,98,12,[9 4],99,-1,182,-1,170
1,<environment.Job instance at 0x7f212e502370>,101,14,[9 4],102,-1,184,-1,170
1,<environment.Job instance at 0x7f212e502050>,100,20,[7 1],101,-1,190,-1,170
1,<environment.Job instance at 0x7f212e502aa0>,95,16,[5 1],96,-1,186,-1,170
1,<environment.Job instance at 0x7f212e5024b0>,103,17,[3 7],104,-1,187,-1,170
1,<environment.Job instance at 0x7f212e5021e0>,105,17,[ 1 11],106,-1,187,-1,170
1,<environment.Job instance at 0x7f212e502dc0>,104,21,[6 1],105,-1,191,-1,170
1,<environment.Job instance at 0x7f212e502280>,107,13,[12  4],108,-1,183,-1,170
1,<environment.Job instance at 0x7f212dc507d0>,110,14,[6 3],111,-1,185,-1,171
1,<environment.Job instance at 0x7f212e502190>,102,14,[7 1],103,-1,185,-1,171
1,<environment.Job instance at 0x7f212e0e5d20>,111,16,[9 2],112,-1,188,-1,172
1,<environment.Job instance at 0x7f212dc50f00>,113,14,[ 4 10],114,-1,186,-1,172
1,<environment.Job instance at 0x7f212e502730>,106,2,[1 6],107,-1,175,-1,173
1,<environment.Job instance at 0x7f212dd66050>,115,13,[10  4],116,-1,186,-1,173
1,<environment.Job instance at 0x7f212e6f02d0>,116,3,[5 5],117,-1,176,-1,173
1,<environment.Job instance at 0x7f212e5026e0>,99,17,[12  4],100,-1,190,-1,173
1,<environment.Job instance at 0x7f212d8b78c0>,120,24,[ 4 14],121,-1,197,-1,173
1,<environment.Job instance at 0x7f212dc35a50>,0,12,[ 4 12],1,-1,13,-1,1
1,<environment.Job instance at 0x7f212e589d20>,19,27,[5 8],20,-1,81,-1,54
1,<environment.Job instance at 0x7f212e0cf370>,35,15,[13  3],36,-1,101,-1,86
1,<environment.Job instance at 0x7f212df23b90>,42,1,[14  1],43,-1,105,-1,104
1,<environment.Job instance at 0x7f212df23550>,44,17,[14  4],45,-1,135,-1,118
1,<environment.Job instance at 0x7f212cf699b0>,48,24,[8 2],49,-1,157,-1,133
1,<environment.Job instance at 0x7f212e166fa0>,49,27,[ 3 13],50,-1,160,-1,133
1,<environment.Job instance at 0x7f212e1664b0>,50,18,[ 2 12],51,-1,151,-1,133
1,<environment.Job instance at 0x7f212df7b960>,56,24,[13  3],57,-1,179,-1,155
1,<environment.Job instance at 0x7f21372756e0>,4,18,[3 9],5,-1,24,-1,6
1,<environment.Job instance at 0x7f21372755a0>,10,17,[1 5],11,-1,28,-1,11
1,<environment.Job instance at 0x7f2137275870>,11,17,[10  2],12,-1,31,-1,14
1,<environment.Job instance at 0x7f2137275320>,15,13,[ 5 10],16,-1,29,-1,16
1,<environment.Job instance at 0x7f2136ecba00>,17,18,[7 5],18,-1,36,-1,18
1,<environment.Job instance at 0x7f2136ecb190>,19,16,[6 3],20,-1,36,-1,20
1,<environment.Job instance at 0x7f212e932780>,21,17,[5 3],22,-1,39,-1,22
1,<environment.Job instance at 0x7f212e932eb0>,22,16,[6 5],23,-1,39,-1,23
1,<environment.Job instance at 0x7f212e932aa0>,26,14,[8 4],27,-1,41,-1,27
1,<environment.Job instance at 0x7f212e9320a0>,31,16,[3 9],32,-1,48,-1,32
1,<environment.Job instance at 0x7f212deb2190>,32,12,[7 5],33,-1,45,-1,33
1,<environment.Job instance at 0x7f212deb2280>,34,16,[7 2],35,-1,51,-1,35
1,<environment.Job instance at 0x7f212deb2fa0>,35,14,[6 4],36,-1,50,-1,36
1,<environment.Job instance at 0x7f212e91ad20>,40,16,[8 2],41,-1,57,-1,41
1,<environment.Job instance at 0x7f212e91af00>,47,16,[10  4],48,-1,66,-1,50
1,<environment.Job instance at 0x7f212e91a820>,49,17,[4 5],50,-1,67,-1,50
1,<environment.Job instance at 0x7f212de3c370>,53,18,[ 5 11],54,-1,77,-1,59
1,<environment.Job instance at 0x7f212e91a320>,43,28,[6 1],44,-1,87,-1,59
1,<environment.Job instance at 0x7f212e91aaa0>,41,28,[5 9],42,-1,87,-1,59
1,<environment.Job instance at 0x7f212e932a50>,20,17,[11  3],21,-1,76,-1,59
1,<environment.Job instance at 0x7f212de3c730>,57,19,[6 3],58,-1,78,-1,59
1,<environment.Job instance at 0x7f212de3c230>,60,18,[7 1],61,-1,80,-1,62
1,<environment.Job instance at 0x7f212de3c690>,62,18,[6 5],63,-1,81,-1,63
1,<environment.Job instance at 0x7f212d8cf5a0>,66,22,[3 7],67,-1,90,-1,68
1,<environment.Job instance at 0x7f212e37f460>,0,12,[ 1 11],1,-1,13,-1,1
1,<environment.Job instance at 0x7f212e37f730>,3,15,[ 5 12],4,-1,19,-1,4
1,<environment.Job instance at 0x7f212e8cb870>,20,17,[11  3],21,-1,61,-1,44
1,<environment.Job instance at 0x7f212e267190>,37,24,[8 1],38,-1,135,-1,111
1,<environment.Job instance at 0x7f212cfc9f50>,41,28,[5 9],42,-1,146,-1,118
1,<environment.Job instance at 0x7f212d00a640>,43,28,[6 1],44,-1,155,-1,127
1,<environment.Job instance at 0x7f212d0eb960>,48,23,[ 3 10],49,-1,169,-1,146
1,<environment.Job instance at 0x7f212d3be0f0>,53,18,[ 5 11],54,-1,181,-1,163
1,<environment.Job instance at 0x7f212d8c8640>,0,22,[ 3 10],1,-1,24,-1,2
1,<environment.Job instance at 0x7f212e87fe60>,7,15,[6 1],8,-1,23,-1,8
1,<environment.Job instance at 0x7f212e87f550>,11,16,[5 4],12,-1,28,-1,12
1,<environment.Job instance at 0x7f212e87f7d0>,12,18,[2 9],13,-1,31,-1,13
1,<environment.Job instance at 0x7f212e87f780>,13,14,[3 7],14,-1,28,-1,14
1,<environment.Job instance at 0x7f212d6b7190>,15,13,[6 3],16,-1,29,-1,16
1,<environment.Job instance at 0x7f212d6b7730>,19,13,[3 8],20,-1,34,-1,21
1,<environment.Job instance at 0x7f212d6b7910>,23,18,[5 5],24,-1,42,-1,24
1,<environment.Job instance at 0x7f212d6b7c80>,24,16,[10  2],25,-1,42,-1,26
1,<environment.Job instance at 0x7f212d6b7d20>,26,16,[5 6],27,-1,43,-1,27
1,<environment.Job instance at 0x7f212d30c3c0>,32,15,[5 5],33,-1,48,-1,33
1,<environment.Job instance at 0x7f212d30c500>,33,12,[9 5],34,-1,46,-1,34
1,<environment.Job instance at 0x7f212d30c370>,34,18,[ 3 10],35,-1,53,-1,35
1,<environment.Job instance at 0x7f212d30c5a0>,35,14,[5 8],36,-1,50,-1,36
1,<environment.Job instance at 0x7f212d30c6e0>,37,17,[3 7],38,-1,55,-1,38
1,<environment.Job instance at 0x7f212d30c8c0>,38,16,[7 5],39,-1,55,-1,39
1,<environment.Job instance at 0x7f212d30c730>,39,20,[5 5],40,-1,60,-1,40
1,<environment.Job instance at 0x7f212d30cfa0>,45,15,[1 9],46,-1,61,-1,46
1,<environment.Job instance at 0x7f212d2fb140>,46,18,[1 8],47,-1,65,-1,47
1,<environment.Job instance at 0x7f212d2fb4b0>,51,14,[10  5],52,-1,66,-1,52
1,<environment.Job instance at 0x7f212d2fbcd0>,57,28,[8 2],58,-1,86,-1,58
1,<environment.Job instance at 0x7f212d2fba50>,58,15,[8 5],59,-1,74,-1,59
1,<environment.Job instance at 0x7f212d2fbeb0>,60,17,[14  5],61,-1,88,-1,71
1,<environment.Job instance at 0x7f212dc3e4b0>,66,15,[3 6],67,-1,86,-1,71
1,<environment.Job instance at 0x7f212d2fbfa0>,62,16,[5 6],63,-1,95,-1,79
1,<environment.Job instance at 0x7f212dc3e9b0>,70,22,[9 5],71,-1,101,-1,79
1,<environment.Job instance at 0x7f212d6b2e10>,77,17,[1 5],78,-1,96,-1,79
1,<environment.Job instance at 0x7f212d6b2410>,76,14,[8 5],77,-1,94,-1,80
1,<environment.Job instance at 0x7f212e4c6c30>,85,17,[11  2],86,-1,103,-1,86
1,<environment.Job instance at 0x7f212e4daa00>,92,17,[4 5],93,-1,112,-1,95
1,<environment.Job instance at 0x7f212d745cd0>,93,19,[8 5],94,-1,114,-1,95
1,<environment.Job instance at 0x7f212db5fc30>,99,22,[3 7],100,-1,122,-1,100
1,<environment.Job instance at 0x7f212e3df730>,100,16,[6 4],101,-1,131,-1,115
1,<environment.Job instance at 0x7f212e3e6c80>,114,17,[11  1],115,-1,179,-1,162
1,<environment.Job instance at 0x7f212daad280>,72,27,[8 4],73,-1,189,-1,162
1,<environment.Job instance at 0x7f212cfe6e10>,83,25,[ 4 10],84,-1,187,-1,162
1,<environment.Job instance at 0x7f212db97c30>,112,18,[9 2],113,-1,180,-1,162
1,<environment.Job instance at 0x7f212db5c0f0>,116,16,[5 8],117,-1,178,-1,162
1,<environment.Job instance at 0x7f212db97cd0>,110,21,[5 4],111,-1,183,-1,162
1,<environment.Job instance at 0x7f212db5c870>,120,17,[10  5],121,-1,179,-1,162
1,<environment.Job instance at 0x7f212db5c500>,118,16,[6 3],119,-1,179,-1,163
1,<environment.Job instance at 0x7f212db5c8c0>,119,1,[8 5],120,-1,164,-1,163
1,<environment.Job instance at 0x7f212db5ccd0>,124,13,[10  2],125,-1,176,-1,163
1,<environment.Job instance at 0x7f212db5ce60>,125,17,[9 4],126,-1,182,-1,165
1,<environment.Job instance at 0x7f212db5caf0>,123,14,[8 3],124,-1,180,-1,166
1,<environment.Job instance at 0x7f212db66730>,126,16,[10  4],127,-1,182,-1,166
1,<environment.Job instance at 0x7f212db66460>,17,3,[ 5 11],18,-1,45,-1,42
1,<environment.Job instance at 0x7f212cfe67d0>,21,18,[ 3 14],22,-1,67,-1,49
1,<environment.Job instance at 0x7f212d36dcd0>,28,13,[14  3],29,-1,92,-1,79
1,<environment.Job instance at 0x7f212d122a00>,47,2,[13  4],48,-1,156,-1,154
1,<environment.Job instance at 0x7f212d6e2a00>,0,28,[4 7],1,-1,29,-1,1
1,<environment.Job instance at 0x7f212e121960>,12,16,[10  5],13,-1,30,-1,14
1,<environment.Job instance at 0x7f212cf7c5a0>,18,18,[2 9],19,-1,38,-1,20
1,<environment.Job instance at 0x7f212cf7c2d0>,17,17,[ 4 14],18,-1,37,-1,20
1,<environment.Job instance at 0x7f212cf7c500>,19,17,[6 4],20,-1,37,-1,20
1,<environment.Job instance at 0x7f212cf7c410>,15,15,[10  3],16,-1,43,-1,28
1,<environment.Job instance at 0x7f212cf7c640>,21,16,[ 4 10],22,-1,45,-1,29
1,<environment.Job instance at 0x7f212cf7cb40>,20,14,[3 9],21,-1,43,-1,29
1,<environment.Job instance at 0x7f212d455370>,26,16,[7 1],27,-1,45,-1,29
1,<environment.Job instance at 0x7f212d455af0>,28,17,[ 1 10],29,-1,46,-1,29
1,<environment.Job instance at 0x7f212d424eb0>,29,15,[7 2],30,-1,45,-1,30
1,<environment.Job instance at 0x7f212d099d20>,31,3,[7 5],32,-1,50,-1,47
1,<environment.Job instance at 0x7f212e226dc0>,45,17,[ 5 10],46,-1,64,-1,47
1,<environment.Job instance at 0x7f212e2266e0>,46,13,[7 5],47,-1,60,-1,47
1,<environment.Job instance at 0x7f212e2261e0>,44,17,[4 9],45,-1,64,-1,47
1,<environment.Job instance at 0x7f212e226820>,49,18,[9 4],50,-1,77,-1,59
1,<environment.Job instance at 0x7f212d099af0>,41,16,[6 5],42,-1,77,-1,61
1,<environment.Job instance at 0x7f212e226f50>,51,16,[14  3],52,-1,79,-1,63
1,<environment.Job instance at 0x7f212d0918c0>,59,16,[4 9],60,-1,79,-1,63
1,<environment.Job instance at 0x7f212d091140>,60,12,[3 8],61,-1,75,-1,63
1,<environment.Job instance at 0x7f212d091730>,63,17,[9 1],64,-1,81,-1,64
1,<environment.Job instance at 0x7f212d6c83c0>,67,18,[7 5],68,-1,92,-1,74
1,<environment.Job instance at 0x7f212e226be0>,50,2,[5 5],51,-1,77,-1,75
1,<environment.Job instance at 0x7f212d6c8780>,69,18,[ 3 10],70,-1,93,-1,75
1,<environment.Job instance at 0x7f212d6c8910>,71,18,[5 9],72,-1,93,-1,75
1,<environment.Job instance at 0x7f212e92a820>,64,13,[10  1],65,-1,88,-1,75
1,<environment.Job instance at 0x7f2136f5c370>,72,14,[9 2],73,-1,90,-1,76
1,<environment.Job instance at 0x7f2136f5c550>,74,24,[8 1],75,-1,100,-1,76
1,<environment.Job instance at 0x7f212d25f3c0>,75,18,[9 4],76,-1,94,-1,76
1,<environment.Job instance at 0x7f212d25f320>,76,25,[6 2],77,-1,103,-1,78
1,<environment.Job instance at 0x7f2136f5c4b0>,73,17,[8 4],74,-1,96,-1,79
1,<environment.Job instance at 0x7f212d6c8410>,70,1,[5 1],71,-1,85,-1,84
1,<environment.Job instance at 0x7f2136f4afa0>,80,15,[8 3],81,-1,99,-1,84
1,<environment.Job instance at 0x7f212d25ff50>,77,17,[8 2],78,-1,101,-1,84
1,<environment.Job instance at 0x7f2136f4a8c0>,83,15,[3 8],84,-1,99,-1,84
1,<environment.Job instance at 0x7f2136f4a0f0>,81,3,[3 8],82,-1,88,-1,85
1,<environment.Job instance at 0x7f2136f4aa50>,82,12,[2 6],83,-1,97,-1,85
1,<environment.Job instance at 0x7f2136f3e230>,85,18,[3 6],86,-1,104,-1,86
1,<environment.Job instance at 0x7f212d1e85a0>,91,20,[5 3],92,-1,112,-1,92
1,<environment.Job instance at 0x7f2137100af0>,89,16,[10  3],90,-1,108,-1,92
1,<environment.Job instance at 0x7f212d1e8910>,92,24,[8 2],93,-1,117,-1,93
1,<environment.Job instance at 0x7f212d1e8be0>,94,15,[4 9],95,-1,123,-1,108
1,<environment.Job instance at 0x7f212d0e9fa0>,106,12,[7 2],107,-1,120,-1,108
1,<environment.Job instance at 0x7f212d19cb90>,96,14,[5 9],97,-1,128,-1,114
1,<environment.Job instance at 0x7f2137544140>,105,12,[8 3],106,-1,126,-1,114
1,<environment.Job instance at 0x7f2136eb6be0>,111,16,[5 9],112,-1,130,-1,114
1,<environment.Job instance at 0x7f2136eb6aa0>,112,17,[7 4],113,-1,131,-1,114
1,<environment.Job instance at 0x7f212dedbb90>,113,14,[2 7],114,-1,128,-1,114
1,<environment.Job instance at 0x7f212d6853c0>,0,28,[4 7],1,-1,29,-1,1
1,<environment.Job instance at 0x7f212d6855a0>,1,15,[ 5 14],2,-1,17,-1,2
1,<environment.Job instance at 0x7f212d685d20>,3,14,[ 3 11],4,-1,18,-1,4
1,<environment.Job instance at 0x7f212e84c910>,17,17,[ 4 14],18,-1,52,-1,35
1,<environment.Job instance at 0x7f212d25e4b0>,51,16,[14  3],52,-1,168,-1,152
1,<environment.Job instance at 0x7f212d25e8c0>,52,3,[ 1 14],53,-1,155,-1,152
1,<environment.Job instance at 0x7f212de52d20>,7,18,[2 7],8,-1,26,-1,8
1,<environment.Job instance at 0x7f212de52820>,9,15,[8 5],10,-1,25,-1,10
1,<environment.Job instance at 0x7f212de52370>,10,22,[9 3],11,-1,33,-1,11
1,<environment.Job instance at 0x7f212de520a0>,11,28,[1 5],12,-1,40,-1,12
1,<environment.Job instance at 0x7f213e1d35f0>,16,14,[11  1],17,-1,37,-1,23
1,<environment.Job instance at 0x7f212d537370>,21,14,[5 5],22,-1,38,-1,24
1,<environment.Job instance at 0x7f212d537d70>,26,18,[12  4],27,-1,45,-1,27
1,<environment.Job instance at 0x7f212d537a50>,23,15,[3 8],24,-1,44,-1,29
1,<environment.Job instance at 0x7f212d537910>,20,18,[1 7],21,-1,48,-1,30
1,<environment.Job instance at 0x7f212d5376e0>,29,18,[5 9],30,-1,51,-1,33
1,<environment.Job instance at 0x7f212d537410>,31,27,[6 5],32,-1,61,-1,34
1,<environment.Job instance at 0x7f212d5371e0>,28,14,[5 9],29,-1,48,-1,34
1,<environment.Job instance at 0x7f21372a9460>,34,17,[7 2],35,-1,53,-1,36
1,<environment.Job instance at 0x7f212d537550>,30,18,[4 5],31,-1,57,-1,39
1,<environment.Job instance at 0x7f212d11f0f0>,38,25,[10  1],39,-1,71,-1,46
1,<environment.Job instance at 0x7f212d11f2d0>,39,23,[4 9],40,-1,70,-1,47
1,<environment.Job instance at 0x7f212d11ff00>,37,16,[6 5],38,-1,63,-1,47
1,<environment.Job instance at 0x7f212d11fc30>,45,16,[1 9],46,-1,63,-1,47
1,<environment.Job instance at 0x7f212d11fb90>,41,15,[10  3],42,-1,63,-1,48
1,<environment.Job instance at 0x7f212d11fdc0>,36,16,[ 1 12],37,-1,66,-1,50
1,<environment.Job instance at 0x7f212e622550>,49,27,[9 3],50,-1,77,-1,50
1,<environment.Job instance at 0x7f212e6223c0>,51,28,[6 2],52,-1,91,-1,63
1,<environment.Job instance at 0x7f212e88e460>,47,25,[1 9],48,-1,88,-1,63
1,<environment.Job instance at 0x7f212e19c4b0>,59,15,[8 4],60,-1,83,-1,68
1,<environment.Job instance at 0x7f212de52a50>,17,22,[7 3],18,-1,91,-1,69
1,<environment.Job instance at 0x7f212e76d6e0>,64,12,[8 5],65,-1,81,-1,69
1,<environment.Job instance at 0x7f212e19caf0>,60,12,[4 9],61,-1,82,-1,70
1,<environment.Job instance at 0x7f212e8496e0>,70,13,[8 5],71,-1,92,-1,79
1,<environment.Job instance at 0x7f212db82a50>,78,12,[9 4],79,-1,95,-1,83
1,<environment.Job instance at 0x7f212db82dc0>,84,15,[2 8],85,-1,102,-1,87
1,<environment.Job instance at 0x7f212db82730>,86,15,[9 4],87,-1,102,-1,87
1,<environment.Job instance at 0x7f212db82aa0>,87,18,[5 9],88,-1,106,-1,88
1,<environment.Job instance at 0x7f212db82b90>,89,13,[3 8],90,-1,104,-1,91
1,<environment.Job instance at 0x7f212dd82d70>,90,17,[8 5],91,-1,109,-1,92
1,<environment.Job instance at 0x7f212e761370>,102,20,[3 6],103,-1,130,-1,110
1,<environment.Job instance at 0x7f212e7617d0>,103,17,[10  4],104,-1,127,-1,110
1,<environment.Job instance at 0x7f212d4c1a50>,106,21,[10  4],107,-1,132,-1,111
1,<environment.Job instance at 0x7f212d4c1910>,107,15,[3 8],108,-1,126,-1,111
1,<environment.Job instance at 0x7f212d4c1f50>,110,16,[10  1],111,-1,135,-1,119
1,<environment.Job instance at 0x7f212e622690>,8,12,[ 1 13],9,-1,21,-1,9
1,<environment.Job instance at 0x7f212d287cd0>,12,12,[ 4 14],13,-1,32,-1,20
1,<environment.Job instance at 0x7f212e19ce60>,11,28,[1 5],12,-1,48,-1,20
1,<environment.Job instance at 0x7f212e29f3c0>,16,14,[11  1],17,-1,34,-1,20
1,<environment.Job instance at 0x7f212d747b90>,24,2,[14  4],25,-1,54,-1,52
1,<environment.Job instance at 0x7f212d747230>,25,3,[14  3],26,-1,55,-1,52
1,<environment.Job instance at 0x7f212d4c1be0>,26,18,[12  4],27,-1,70,-1,52
1,<environment.Job instance at 0x7f212e4d62d0>,27,3,[ 4 13],28,-1,55,-1,52
1,<environment.Job instance at 0x7f2136e630a0>,31,27,[6 5],32,-1,107,-1,80
1,<environment.Job instance at 0x7f212dc2f230>,33,3,[ 1 13],34,-1,83,-1,80
1,<environment.Job instance at 0x7f212dc2f460>,36,16,[ 1 12],37,-1,98,-1,82
1,<environment.Job instance at 0x7f212dc5a370>,38,25,[10  1],39,-1,138,-1,113
1,<environment.Job instance at 0x7f212e89d5f0>,39,23,[4 9],40,-1,142,-1,119
1,<environment.Job instance at 0x7f212e690730>,47,25,[1 9],48,-1,150,-1,125
1,<environment.Job instance at 0x7f212d2cb7d0>,49,27,[9 3],50,-1,153,-1,126
1,<environment.Job instance at 0x7f212da879b0>,51,28,[6 2],52,-1,154,-1,126
1,<environment.Job instance at 0x7f212cfe8a00>,73,1,[ 4 14],74,-1,179,-1,178
1,<environment.Job instance at 0x7f212d8e24b0>,10,16,[ 4 10],11,-1,27,-1,11
1,<environment.Job instance at 0x7f212d8e2140>,12,18,[ 5 10],13,-1,31,-1,13
1,<environment.Job instance at 0x7f212d8e2fa0>,22,15,[9 1],23,-1,38,-1,23
1,<environment.Job instance at 0x7f212d8ed0f0>,24,13,[9 1],25,-1,38,-1,25
1,<environment.Job instance at 0x7f212d8ed3c0>,25,21,[3 8],26,-1,47,-1,26
1,<environment.Job instance at 0x7f212d8ed460>,27,18,[ 3 12],28,-1,46,-1,28
1,<environment.Job instance at 0x7f212d8ed7d0>,30,19,[5 1],31,-1,50,-1,31
1,<environment.Job instance at 0x7f212d8ed820>,31,18,[5 2],32,-1,50,-1,32
1,<environment.Job instance at 0x7f212d8ed5f0>,32,21,[1 8],33,-1,54,-1,33
1,<environment.Job instance at 0x7f212d8eda00>,33,13,[3 6],34,-1,47,-1,34
1,<environment.Job instance at 0x7f212d8edaa0>,34,17,[10  1],35,-1,52,-1,35
1,<environment.Job instance at 0x7f212d8edbe0>,36,17,[10  2],37,-1,54,-1,37
1,<environment.Job instance at 0x7f212d8edd70>,37,22,[7 5],38,-1,60,-1,38
1,<environment.Job instance at 0x7f212d8edcd0>,38,18,[7 1],39,-1,57,-1,39
1,<environment.Job instance at 0x7f212d8edf00>,40,12,[8 1],41,-1,53,-1,41
1,<environment.Job instance at 0x7f212d8dc0f0>,41,16,[ 1 11],42,-1,58,-1,42
1,<environment.Job instance at 0x7f212d8dc050>,42,15,[5 7],43,-1,58,-1,43
1,<environment.Job instance at 0x7f212d8dc2d0>,47,16,[6 1],48,-1,64,-1,48
1,<environment.Job instance at 0x7f212d8dc820>,48,14,[5 4],49,-1,63,-1,49
1,<environment.Job instance at 0x7f212d8dc730>,49,18,[4 5],50,-1,68,-1,50
1,<environment.Job instance at 0x7f212d8dc8c0>,50,18,[6 2],51,-1,69,-1,51
1,<environment.Job instance at 0x7f212d8dc960>,51,15,[4 5],52,-1,67,-1,52
1,<environment.Job instance at 0x7f212d8dca00>,52,15,[4 8],53,-1,68,-1,53
1,<environment.Job instance at 0x7f212d8dcb40>,54,18,[ 3 10],55,-1,73,-1,55
1,<environment.Job instance at 0x7f212d8dce60>,57,18,[2 7],58,-1,76,-1,58
1,<environment.Job instance at 0x7f212d8dcf50>,58,16,[10  5],59,-1,75,-1,59
1,<environment.Job instance at 0x7f212d8fd0a0>,60,13,[10  5],61,-1,74,-1,61
1,<environment.Job instance at 0x7f212d8fd190>,62,26,[8 2],63,-1,89,-1,63
1,<environment.Job instance at 0x7f212d8fd640>,65,18,[10  1],66,-1,84,-1,66
1,<environment.Job instance at 0x7f212d8fd730>,66,27,[5 8],67,-1,94,-1,67
1,<environment.Job instance at 0x7f212d8fdb40>,70,21,[5 7],71,-1,92,-1,71
1,<environment.Job instance at 0x7f212d8fd8c0>,72,17,[5 3],73,-1,90,-1,73
1,<environment.Job instance at 0x7f212d916410>,78,16,[2 8],79,-1,95,-1,79
1,<environment.Job instance at 0x7f212d916a00>,83,26,[7 3],84,-1,110,-1,84
1,<environment.Job instance at 0x7f212d916af0>,84,18,[5 8],85,-1,103,-1,85
1,<environment.Job instance at 0x7f212d9169b0>,85,15,[3 7],86,-1,101,-1,86
1,<environment.Job instance at 0x7f212d916be0>,86,17,[5 7],87,-1,104,-1,87
1,<environment.Job instance at 0x7f212d916c80>,87,14,[ 4 10],88,-1,102,-1,88
1,<environment.Job instance at 0x7f212d916dc0>,89,16,[3 7],90,-1,106,-1,90
1,<environment.Job instance at 0x7f212d8ff140>,92,13,[4 9],93,-1,106,-1,93
1,<environment.Job instance at 0x7f212d8ff5f0>,96,12,[8 5],97,-1,109,-1,97
1,<environment.Job instance at 0x7f212d8ff730>,97,24,[9 3],98,-1,122,-1,98
1,<environment.Job instance at 0x7f212d8ff820>,99,15,[10  1],100,-1,115,-1,100
1,<environment.Job instance at 0x7f212e82ba00>,100,18,[8 5],101,-1,119,-1,101
1,<environment.Job instance at 0x7f212d4c4410>,102,14,[8 4],103,-1,117,-1,103
1,<environment.Job instance at 0x7f212d8e92d0>,103,15,[3 5],104,-1,119,-1,104
1,<environment.Job instance at 0x7f212d8e8eb0>,106,25,[10  1],107,-1,132,-1,107
1,<environment.Job instance at 0x7f212d8e8e10>,108,15,[7 3],109,-1,124,-1,109
1,<environment.Job instance at 0x7f212d8a8cd0>,113,27,[4 5],114,-1,141,-1,114
1,<environment.Job instance at 0x7f212d8a82d0>,114,17,[9 3],115,-1,132,-1,115
1,<environment.Job instance at 0x7f212d918c30>,116,17,[2 5],117,-1,149,-1,132
1,<environment.Job instance at 0x7f212d8e2c30>,21,16,[ 5 10],22,-1,153,-1,137
1,<environment.Job instance at 0x7f212d8ffd70>,126,19,[5 9],127,-1,164,-1,145
1,<environment.Job instance at 0x7f212d8ffa50>,121,17,[ 5 10],122,-1,164,-1,147
1,<environment.Job instance at 0x7f212d8ffaa0>,130,16,[4 9],131,-1,163,-1,147
1,<environment.Job instance at 0x7f212d8e9230>,13,17,[13  3],14,-1,36,-1,19
1,<environment.Job instance at 0x7f212d8e1be0>,17,13,[12  4],18,-1,34,-1,21
1,<environment.Job instance at 0x7f212d907aa0>,27,18,[ 3 12],28,-1,76,-1,58
1,<environment.Job instance at 0x7f212dc0c960>,41,16,[ 1 11],42,-1,111,-1,95
1,<environment.Job instance at 0x7f212e1f43c0>,53,18,[12  1],54,-1,168,-1,150
1,<environment.Job instance at 0x7f212db298c0>,0,13,[9 1],1,-1,16,-1,3
1,<environment.Job instance at 0x7f212e1b3500>,3,17,[ 4 10],4,-1,21,-1,4
1,<environment.Job instance at 0x7f212e1b36e0>,6,16,[ 1 10],7,-1,23,-1,7
1,<environment.Job instance at 0x7f212e1b3050>,7,18,[ 3 11],8,-1,26,-1,8
1,<environment.Job instance at 0x7f212e1b3690>,10,18,[7 5],11,-1,29,-1,11
1,<environment.Job instance at 0x7f212e1b3320>,11,16,[5 5],12,-1,28,-1,12
1,<environment.Job instance at 0x7f212e1b3b40>,14,12,[ 5 10],15,-1,27,-1,15
1,<environment.Job instance at 0x7f212e1b3af0>,15,19,[5 1],16,-1,35,-1,16
1,<environment.Job instance at 0x7f212e1b3960>,16,24,[5 3],17,-1,41,-1,17
1,<environment.Job instance at 0x7f212e1b3cd0>,17,13,[2 9],18,-1,31,-1,18
1,<environment.Job instance at 0x7f212d7fd6e0>,18,13,[7 3],19,-1,32,-1,19
1,<environment.Job instance at 0x7f212e615a00>,20,16,[1 7],21,-1,37,-1,21
1,<environment.Job instance at 0x7f212db9fc30>,21,18,[6 5],22,-1,40,-1,22
1,<environment.Job instance at 0x7f212cf686e0>,29,17,[8 3],30,-1,47,-1,30
1,<environment.Job instance at 0x7f212d6af640>,31,18,[ 5 10],32,-1,50,-1,32
1,<environment.Job instance at 0x7f212e17ad20>,33,18,[2 7],34,-1,52,-1,34
1,<environment.Job instance at 0x7f212e8a5be0>,35,15,[10  1],36,-1,55,-1,40
1,<environment.Job instance at 0x7f212de4e640>,41,14,[2 5],42,-1,56,-1,42
1,<environment.Job instance at 0x7f212de4e2d0>,42,25,[2 8],43,-1,69,-1,44
1,<environment.Job instance at 0x7f212e32c410>,44,19,[3 6],45,-1,64,-1,45
1,<environment.Job instance at 0x7f212e32c780>,48,12,[9 5],49,-1,61,-1,49
1,<environment.Job instance at 0x7f212e412730>,50,15,[ 4 10],51,-1,66,-1,51
1,<environment.Job instance at 0x7f212e412b90>,52,15,[7 5],53,-1,68,-1,53
1,<environment.Job instance at 0x7f212e412280>,55,16,[9 5],56,-1,72,-1,56
1,<environment.Job instance at 0x7f212de14dc0>,56,18,[6 5],57,-1,75,-1,57
1,<environment.Job instance at 0x7f212dd57d70>,64,12,[10  4],65,-1,77,-1,65
1,<environment.Job instance at 0x7f212d61e9b0>,65,21,[ 2 10],66,-1,87,-1,66
1,<environment.Job instance at 0x7f212d61e2d0>,66,15,[8 4],67,-1,82,-1,67
1,<environment.Job instance at 0x7f212d094b40>,73,12,[9 4],74,-1,86,-1,74
1,<environment.Job instance at 0x7f212d2cbb90>,79,12,[6 4],80,-1,92,-1,80
1,<environment.Job instance at 0x7f212d2cbc80>,80,24,[2 5],81,-1,105,-1,81
1,<environment.Job instance at 0x7f212d803370>,82,16,[4 9],83,-1,99,-1,83
1,<environment.Job instance at 0x7f212d803690>,85,20,[5 4],86,-1,106,-1,86
1,<environment.Job instance at 0x7f212d26ee60>,86,24,[ 1 10],87,-1,111,-1,87
1,<environment.Job instance at 0x7f212d4a58c0>,90,15,[3 9],91,-1,106,-1,91
1,<environment.Job instance at 0x7f212e4114b0>,91,17,[5 8],92,-1,109,-1,92
1,<environment.Job instance at 0x7f212e6ed190>,93,25,[4 6],94,-1,119,-1,94
1,<environment.Job instance at 0x7f212d5d00a0>,94,16,[ 5 10],95,-1,111,-1,95
1,<environment.Job instance at 0x7f212d5d0fa0>,96,13,[9 4],97,-1,110,-1,97
1,<environment.Job instance at 0x7f212d5d0230>,97,22,[10  3],98,-1,120,-1,98
1,<environment.Job instance at 0x7f212d5d0280>,98,21,[1 6],99,-1,120,-1,99
1,<environment.Job instance at 0x7f212d5d0730>,100,17,[2 8],101,-1,118,-1,101
1,<environment.Job instance at 0x7f212d8e8af0>,104,16,[2 9],105,-1,126,-1,110
1,<environment.Job instance at 0x7f212d909c30>,5,3,[ 4 12],6,-1,9,-1,6
1,<environment.Job instance at 0x7f212d909230>,7,18,[ 3 11],8,-1,26,-1,8
1,<environment.Job instance at 0x7f212d8ff0a0>,8,2,[14  5],9,-1,11,-1,9
1,<environment.Job instance at 0x7f212d8e2a00>,16,24,[5 3],17,-1,52,-1,28
1,<environment.Job instance at 0x7f212d2e1960>,24,28,[10  4],25,-1,91,-1,63
1,<environment.Job instance at 0x7f212d2e1fa0>,25,15,[ 4 12],26,-1,78,-1,63
1,<environment.Job instance at 0x7f212d129640>,37,2,[ 5 12],38,-1,99,-1,97
1,<environment.Job instance at 0x7f212d91d370>,42,25,[2 8],43,-1,129,-1,104
1,<environment.Job instance at 0x7f212e739af0>,46,26,[ 1 12],47,-1,142,-1,116
1,<environment.Job instance at 0x7f212d8bf7d0>,53,2,[11  4],54,-1,150,-1,148
1,<environment.Job instance at 0x7f212d4a5320>,57,2,[11  1],58,-1,165,-1,163
1,<environment.Job instance at 0x7f212d134f50>,4,15,[5 9],5,-1,20,-1,5
1,<environment.Job instance at 0x7f212d1346e0>,6,17,[7 1],7,-1,24,-1,7
1,<environment.Job instance at 0x7f212d129140>,9,16,[9 2],10,-1,26,-1,10
1,<environment.Job instance at 0x7f212d129c30>,13,17,[2 7],14,-1,31,-1,14
1,<environment.Job instance at 0x7f212d129690>,16,17,[ 2 10],17,-1,34,-1,17
1,<environment.Job instance at 0x7f212d1290f0>,17,16,[3 9],18,-1,34,-1,18
1,<environment.Job instance at 0x7f21374ed730>,19,16,[6 3],20,-1,37,-1,21
1,<environment.Job instance at 0x7f21374ed5a0>,21,13,[6 4],22,-1,35,-1,22
1,<environment.Job instance at 0x7f21374edaa0>,20,14,[7 4],21,-1,36,-1,22
1,<environment.Job instance at 0x7f212d24db40>,23,18,[5 3],24,-1,42,-1,24
1,<environment.Job instance at 0x7f212d24d960>,25,14,[5 5],26,-1,40,-1,26
1,<environment.Job instance at 0x7f212d24d460>,26,22,[8 4],27,-1,49,-1,27
1,<environment.Job instance at 0x7f212d24d910>,27,20,[5 5],28,-1,48,-1,28
1,<environment.Job instance at 0x7f212d24d140>,28,20,[6 2],29,-1,49,-1,29
1,<environment.Job instance at 0x7f212d24dd20>,29,14,[ 2 10],30,-1,44,-1,30
1,<environment.Job instance at 0x7f21374e1d20>,37,14,[5 4],38,-1,52,-1,38
1,<environment.Job instance at 0x7f212e8a6cd0>,39,13,[7 2],40,-1,54,-1,41
1,<environment.Job instance at 0x7f212e8a6a00>,41,12,[8 3],42,-1,54,-1,42
1,<environment.Job instance at 0x7f212d394a50>,42,12,[10  2],43,-1,56,-1,44
1,<environment.Job instance at 0x7f212cfbd190>,44,17,[5 1],45,-1,62,-1,45
1,<environment.Job instance at 0x7f212e8a6dc0>,47,23,[2 9],48,-1,71,-1,48
1,<environment.Job instance at 0x7f212d1be5f0>,50,15,[4 6],51,-1,66,-1,51
1,<environment.Job instance at 0x7f212cf9f140>,53,16,[8 1],54,-1,70,-1,54
1,<environment.Job instance at 0x7f212cf9fc30>,54,17,[5 5],55,-1,72,-1,55
1,<environment.Job instance at 0x7f212db9f230>,56,15,[10  3],57,-1,72,-1,57
1,<environment.Job instance at 0x7f212cf9f460>,57,15,[5 3],58,-1,73,-1,58
1,<environment.Job instance at 0x7f212dd2b500>,59,18,[4 9],60,-1,78,-1,60
1,<environment.Job instance at 0x7f212e570af0>,62,13,[4 8],63,-1,76,-1,63
1,<environment.Job instance at 0x7f212e258cd0>,69,12,[10  1],70,-1,82,-1,70
1,<environment.Job instance at 0x7f2136f1ba50>,70,13,[10  5],71,-1,84,-1,71
1,<environment.Job instance at 0x7f2136f1baa0>,71,23,[10  2],72,-1,95,-1,72
1,<environment.Job instance at 0x7f21373aeeb0>,73,17,[6 2],74,-1,91,-1,74
1,<environment.Job instance at 0x7f212d78fcd0>,74,18,[2 9],75,-1,93,-1,75
1,<environment.Job instance at 0x7f212d78f0a0>,75,17,[5 9],76,-1,93,-1,76
1,<environment.Job instance at 0x7f212d78f280>,76,15,[3 6],77,-1,92,-1,77
1,<environment.Job instance at 0x7f212d78f5a0>,78,18,[1 6],79,-1,97,-1,79
1,<environment.Job instance at 0x7f212d54c550>,80,12,[1 7],81,-1,93,-1,81
1,<environment.Job instance at 0x7f212e4f6e60>,81,15,[4 5],82,-1,97,-1,82
1,<environment.Job instance at 0x7f212e4f6d70>,82,15,[9 3],83,-1,98,-1,83
1,<environment.Job instance at 0x7f212e4f6960>,83,14,[1 6],84,-1,98,-1,84
1,<environment.Job instance at 0x7f212e4f6eb0>,84,17,[7 2],85,-1,102,-1,85
1,<environment.Job instance at 0x7f212e4f6820>,86,15,[9 5],87,-1,102,-1,87
1,<environment.Job instance at 0x7f212d0a0d20>,87,17,[10  1],88,-1,106,-1,89
1,<environment.Job instance at 0x7f212d0a02d0>,89,17,[3 7],90,-1,107,-1,90
1,<environment.Job instance at 0x7f212d0a0d70>,90,1,[9 4],91,-1,92,-1,91
1,<environment.Job instance at 0x7f212e206eb0>,92,14,[5 4],93,-1,107,-1,93
1,<environment.Job instance at 0x7f212d0a00a0>,88,16,[ 5 10],89,-1,109,-1,93
1,<environment.Job instance at 0x7f212d0d3f50>,94,18,[8 4],95,-1,113,-1,95
1,<environment.Job instance at 0x7f212d0d3730>,96,3,[5 3],97,-1,100,-1,97
1,<environment.Job instance at 0x7f212d0d39b0>,95,3,[10  2],96,-1,101,-1,98
1,<environment.Job instance at 0x7f212d0d3aa0>,97,3,[5 8],98,-1,101,-1,98
1,<environment.Job instance at 0x7f212d0d3500>,99,1,[2 5],100,-1,101,-1,100
1,<environment.Job instance at 0x7f212d0d38c0>,98,3,[9 1],99,-1,103,-1,100
1,<environment.Job instance at 0x7f212de930a0>,105,13,[10  4],106,-1,123,-1,110
1,<environment.Job instance at 0x7f212e3ddf00>,110,14,[8 4],111,-1,125,-1,111
1,<environment.Job instance at 0x7f212e3dd410>,111,21,[9 2],112,-1,133,-1,112
1,<environment.Job instance at 0x7f212e3dde60>,109,17,[4 5],110,-1,129,-1,112
1,<environment.Job instance at 0x7f212d91ddc0>,116,12,[8 4],117,-1,130,-1,118
1,<environment.Job instance at 0x7f212dcaa190>,117,22,[8 1],118,-1,140,-1,118
1,<environment.Job instance at 0x7f212d431460>,119,14,[ 4 10],120,-1,134,-1,120
1,<environment.Job instance at 0x7f212df372d0>,121,16,[5 5],122,-1,138,-1,122
1,<environment.Job instance at 0x7f212d431c80>,122,17,[1 6],123,-1,141,-1,124
1,<environment.Job instance at 0x7f212d293eb0>,125,17,[10  3],126,-1,144,-1,127
1,<environment.Job instance at 0x7f212d1b3b40>,130,13,[10  2],131,-1,144,-1,131
1,<environment.Job instance at 0x7f212d1b3780>,132,18,[10  1],133,-1,155,-1,137
1,<environment.Job instance at 0x7f212d44d7d0>,137,15,[3 7],138,-1,153,-1,138
1,<environment.Job instance at 0x7f212cf98640>,140,17,[3 6],141,-1,158,-1,141
1,<environment.Job instance at 0x7f212cf985a0>,141,15,[3 7],142,-1,157,-1,142
1,<environment.Job instance at 0x7f212cf98d20>,142,16,[8 3],143,-1,159,-1,143
1,<environment.Job instance at 0x7f212dff2820>,144,16,[8 1],145,-1,161,-1,145
1,<environment.Job instance at 0x7f212e024190>,145,12,[ 4 10],146,-1,158,-1,146
1,<environment.Job instance at 0x7f212e024960>,146,17,[5 4],147,-1,164,-1,147
1,<environment.Job instance at 0x7f212df23780>,149,16,[4 5],150,-1,166,-1,150
1,<environment.Job instance at 0x7f21374ed320>,30,17,[11  3],31,-1,97,-1,80
1,<environment.Job instance at 0x7f212d388280>,35,1,[ 5 14],36,-1,107,-1,106
1,<environment.Job instance at 0x7f212e69c7d0>,47,23,[2 9],48,-1,163,-1,140
1,<environment.Job instance at 0x7f212e69cfa0>,48,2,[ 1 11],49,-1,142,-1,140
1,<environment.Job instance at 0x7f212dfc8f00>,1,28,[9 4],2,-1,30,-1,2
1,<environment.Job instance at 0x7f212d99a730>,6,16,[7 3],7,-1,23,-1,7
1,<environment.Job instance at 0x7f212dc97aa0>,9,17,[10  5],10,-1,32,-1,15
1,<environment.Job instance at 0x7f212d025690>,16,18,[7 1],17,-1,35,-1,17
1,<environment.Job instance at 0x7f212e3df640>,14,25,[1 6],15,-1,43,-1,18
1,<environment.Job instance at 0x7f212e44b0a0>,21,18,[9 3],22,-1,40,-1,22
1,<environment.Job instance at 0x7f212d644a00>,25,16,[3 7],26,-1,45,-1,29
1,<environment.Job instance at 0x7f212dcd93c0>,29,16,[4 7],30,-1,46,-1,30
1,<environment.Job instance at 0x7f212d5a8af0>,31,14,[8 4],32,-1,46,-1,32
1,<environment.Job instance at 0x7f212d654500>,32,24,[3 5],33,-1,57,-1,33
1,<environment.Job instance at 0x7f212db50730>,34,16,[5 5],35,-1,51,-1,35
1,<environment.Job instance at 0x7f212db50d20>,35,27,[1 5],36,-1,63,-1,36
1,<environment.Job instance at 0x7f212e17a3c0>,36,15,[4 5],37,-1,52,-1,37
1,<environment.Job instance at 0x7f212e17a370>,37,17,[6 2],38,-1,55,-1,38
1,<environment.Job instance at 0x7f212e17aa50>,43,14,[11  5],44,-1,58,-1,44
1,<environment.Job instance at 0x7f212e17a780>,44,17,[3 7],45,-1,62,-1,45
1,<environment.Job instance at 0x7f212cfd3370>,45,14,[4 9],46,-1,60,-1,46
1,<environment.Job instance at 0x7f212e6edf00>,49,15,[9 4],50,-1,67,-1,52
1,<environment.Job instance at 0x7f212d50daf0>,52,13,[4 6],53,-1,66,-1,53
1,<environment.Job instance at 0x7f212d50d0a0>,54,14,[ 1 10],55,-1,69,-1,55
1,<environment.Job instance at 0x7f212d518eb0>,56,13,[ 3 10],57,-1,70,-1,57
1,<environment.Job instance at 0x7f212d518aa0>,57,18,[1 6],58,-1,76,-1,58
1,<environment.Job instance at 0x7f212e538c80>,58,16,[6 3],59,-1,75,-1,59
1,<environment.Job instance at 0x7f212e538af0>,59,15,[6 3],60,-1,75,-1,60
1,<environment.Job instance at 0x7f212db66b40>,60,15,[7 1],61,-1,76,-1,61
1,<environment.Job instance at 0x7f212e13d2d0>,61,13,[5 5],62,-1,75,-1,62
1,<environment.Job instance at 0x7f212dbcd1e0>,62,16,[8 5],63,-1,79,-1,63
1,<environment.Job instance at 0x7f212dbcd6e0>,63,21,[4 8],64,-1,85,-1,64
1,<environment.Job instance at 0x7f21374e1d70>,66,13,[5 4],67,-1,80,-1,67
1,<environment.Job instance at 0x7f21374e1870>,68,17,[ 1 10],69,-1,86,-1,69
1,<environment.Job instance at 0x7f21373d6d70>,74,16,[ 2 11],75,-1,92,-1,76
1,<environment.Job instance at 0x7f212e4c34b0>,51,19,[5 8],52,-1,95,-1,76
1,<environment.Job instance at 0x7f212d54c730>,81,15,[8 2],82,-1,98,-1,83
1,<environment.Job instance at 0x7f212d54c2d0>,80,15,[6 2],81,-1,98,-1,83
1,<environment.Job instance at 0x7f212d54c7d0>,84,14,[9 4],85,-1,99,-1,85
1,<environment.Job instance at 0x7f212d4c95a0>,100,22,[5 2],101,-1,139,-1,117
1,<environment.Job instance at 0x7f212d606910>,105,19,[9 4],106,-1,136,-1,117
1,<environment.Job instance at 0x7f212d606640>,108,16,[10  1],109,-1,144,-1,128
1,<environment.Job instance at 0x7f2136f5a500>,116,17,[3 7],117,-1,174,-1,157
1,<environment.Job instance at 0x7f2136f5afa0>,118,15,[10  2],119,-1,172,-1,157
1,<environment.Job instance at 0x7f212e168e60>,121,23,[4 5],122,-1,180,-1,157
1,<environment.Job instance at 0x7f212dc97460>,1,28,[9 4],2,-1,30,-1,2
1,<environment.Job instance at 0x7f212e843230>,2,25,[12  5],3,-1,28,-1,3
1,<environment.Job instance at 0x7f212d4c9be0>,14,25,[1 6],15,-1,50,-1,25
1,<environment.Job instance at 0x7f212e4c3f50>,32,24,[3 5],33,-1,101,-1,77
1,<environment.Job instance at 0x7f212da3d690>,35,27,[1 5],36,-1,107,-1,80
1,<environment.Job instance at 0x7f212d85aa00>,43,14,[11  5],44,-1,123,-1,109
1,<environment.Job instance at 0x7f212dca2280>,8,15,[6 4],9,-1,24,-1,9
1,<environment.Job instance at 0x7f212dca2690>,10,17,[1 6],11,-1,28,-1,11
1,<environment.Job instance at 0x7f212dca79b0>,14,16,[6 1],15,-1,32,-1,16
1,<environment.Job instance at 0x7f212dca7b40>,15,16,[10  3],16,-1,32,-1,16
1,<environment.Job instance at 0x7f212dca71e0>,16,15,[7 3],17,-1,33,-1,18
1,<environment.Job instance at 0x7f212dca7eb0>,18,17,[5 7],19,-1,36,-1,19
1,<environment.Job instance at 0x7f212dca7280>,17,21,[1 8],18,-1,40,-1,19
1,<environment.Job instance at 0x7f212dca7cd0>,19,15,[8 1],20,-1,36,-1,21
1,<environment.Job instance at 0x7f212dca7730>,20,14,[10  4],21,-1,35,-1,21
1,<environment.Job instance at 0x7f212dcc4eb0>,24,15,[10  3],25,-1,42,-1,27
1,<environment.Job instance at 0x7f212dcc4690>,27,14,[6 5],28,-1,42,-1,28
1,<environment.Job instance at 0x7f212dcc45f0>,28,15,[10  5],29,-1,44,-1,29
1,<environment.Job instance at 0x7f212d2d4e60>,29,13,[10  1],30,-1,43,-1,30
1,<environment.Job instance at 0x7f212e1e44b0>,30,15,[1 5],31,-1,46,-1,31
1,<environment.Job instance at 0x7f212cf809b0>,33,17,[8 4],34,-1,51,-1,34
1,<environment.Job instance at 0x7f212e59c1e0>,35,17,[2 5],36,-1,53,-1,36
1,<environment.Job instance at 0x7f212d2bdb90>,36,15,[8 3],37,-1,52,-1,37
1,<environment.Job instance at 0x7f212d0d4f50>,37,16,[7 2],38,-1,54,-1,38
1,<environment.Job instance at 0x7f212d0d4c30>,38,18,[5 3],39,-1,57,-1,39
1,<environment.Job instance at 0x7f212d0d4af0>,39,16,[5 4],40,-1,56,-1,40
1,<environment.Job instance at 0x7f212dcc4910>,26,20,[ 5 11],27,-1,73,-1,53
1,<environment.Job instance at 0x7f212d0d4320>,43,17,[10  5],44,-1,74,-1,57
1,<environment.Job instance at 0x7f212d0a8730>,48,14,[10  4],49,-1,89,-1,75
1,<environment.Job instance at 0x7f212e189500>,56,28,[5 5],57,-1,104,-1,76
1,<environment.Job instance at 0x7f212e189280>,63,18,[8 4],64,-1,94,-1,76
1,<environment.Job instance at 0x7f212e1b0500>,64,22,[9 1],65,-1,98,-1,76
1,<environment.Job instance at 0x7f212e1895a0>,62,19,[2 9],63,-1,95,-1,76
1,<environment.Job instance at 0x7f212e1b0460>,66,14,[6 5],67,-1,90,-1,76
1,<environment.Job instance at 0x7f212dca7fa0>,52,16,[8 4],53,-1,93,-1,77
1,<environment.Job instance at 0x7f212e1b0910>,68,13,[6 4],69,-1,90,-1,77
1,<environment.Job instance at 0x7f212e1b0a50>,70,13,[ 2 10],71,-1,90,-1,77
1,<environment.Job instance at 0x7f212e1b0f50>,69,18,[6 3],70,-1,100,-1,82
1,<environment.Job instance at 0x7f212dca7050>,11,24,[10  2],12,-1,111,-1,87
1,<environment.Job instance at 0x7f212d9dc780>,41,18,[14  2],42,-1,106,-1,88
1,<environment.Job instance at 0x7f212e1b02d0>,71,18,[5 6],72,-1,108,-1,90
1,<environment.Job instance at 0x7f212e17c230>,77,14,[9 5],78,-1,104,-1,90
1,<environment.Job instance at 0x7f212e17ca00>,79,16,[3 8],80,-1,106,-1,90
1,<environment.Job instance at 0x7f212e17c0a0>,80,25,[ 5 10],81,-1,115,-1,90
1,<environment.Job instance at 0x7f212e17c0f0>,81,22,[10  3],82,-1,112,-1,90
1,<environment.Job instance at 0x7f212e17cfa0>,78,14,[8 5],79,-1,104,-1,90
1,<environment.Job instance at 0x7f212e17c870>,73,17,[3 6],74,-1,107,-1,90
1,<environment.Job instance at 0x7f212d0d17d0>,83,16,[ 4 10],84,-1,106,-1,90
1,<environment.Job instance at 0x7f212e1ac280>,89,26,[14  4],90,-1,122,-1,96
1,<environment.Job instance at 0x7f212d0d1af0>,84,18,[6 5],85,-1,114,-1,96
1,<environment.Job instance at 0x7f212e19b640>,91,24,[10  4],92,-1,120,-1,96
1,<environment.Job instance at 0x7f212e19b370>,90,19,[5 1],91,-1,115,-1,96
1,<environment.Job instance at 0x7f212e1acf00>,87,12,[ 3 12],88,-1,108,-1,96
1,<environment.Job instance at 0x7f212d0bcfa0>,96,22,[2 9],97,-1,122,-1,100
1,<environment.Job instance at 0x7f212d0bc190>,94,13,[ 5 10],95,-1,114,-1,101
1,<environment.Job instance at 0x7f212e1823c0>,97,17,[6 5],98,-1,118,-1,101
1,<environment.Job instance at 0x7f212e182550>,98,17,[6 2],99,-1,118,-1,101
1,<environment.Job instance at 0x7f212e1b2e60>,100,15,[9 4],101,-1,117,-1,102
1,<environment.Job instance at 0x7f212e182190>,99,15,[10  3],100,-1,118,-1,103
1,<environment.Job instance at 0x7f212e1b2f50>,101,18,[5 7],102,-1,125,-1,107
1,<environment.Job instance at 0x7f212e1b2cd0>,103,17,[10  4],104,-1,124,-1,107
1,<environment.Job instance at 0x7f212e1b2640>,104,16,[9 4],105,-1,123,-1,107
1,<environment.Job instance at 0x7f212da04870>,107,15,[9 4],108,-1,123,-1,108
1,<environment.Job instance at 0x7f212e1b0eb0>,67,12,[5 5],68,-1,122,-1,110
1,<environment.Job instance at 0x7f212e1ebe60>,109,14,[4 7],110,-1,124,-1,110
1,<environment.Job instance at 0x7f212d2cfeb0>,108,18,[5 1],109,-1,129,-1,111
1,<environment.Job instance at 0x7f212e1eb6e0>,111,15,[5 9],112,-1,127,-1,112
1,<environment.Job instance at 0x7f212e1eb960>,110,13,[ 3 13],111,-1,128,-1,115
1,<environment.Job instance at 0x7f212e1b2eb0>,102,17,[10  3],103,-1,134,-1,117
1,<environment.Job instance at 0x7f212d2d3910>,117,14,[3 6],118,-1,140,-1,126
1,<environment.Job instance at 0x7f212e1eb730>,112,17,[12  2],113,-1,147,-1,130
1,<environment.Job instance at 0x7f212e19dbe0>,116,16,[5 5],117,-1,146,-1,130
1,<environment.Job instance at 0x7f212d2d3f00>,118,18,[5 7],119,-1,148,-1,130
1,<environment.Job instance at 0x7f212e176f50>,106,25,[8 2],107,-1,158,-1,133
1,<environment.Job instance at 0x7f212e19d690>,115,16,[1 9],116,-1,149,-1,133
1,<environment.Job instance at 0x7f212e1d08c0>,125,22,[5 8],126,-1,156,-1,134
1,<environment.Job instance at 0x7f212e1d0190>,126,15,[ 5 13],127,-1,149,-1,134
1,<environment.Job instance at 0x7f212e1dafa0>,131,18,[10  2],132,-1,156,-1,138
1,<environment.Job instance at 0x7f212e1d0cd0>,121,12,[5 5],122,-1,150,-1,138
1,<environment.Job instance at 0x7f212d0b82d0>,51,17,[1 7],52,-1,155,-1,138
1,<environment.Job instance at 0x7f212d18d910>,132,18,[1 8],133,-1,156,-1,138
1,<environment.Job instance at 0x7f212dae1aa0>,135,17,[ 1 10],136,-1,155,-1,138
1,<environment.Job instance at 0x7f212dae1a50>,138,22,[2 8],139,-1,164,-1,142
1,<environment.Job instance at 0x7f212dccd9b0>,141,14,[8 5],142,-1,156,-1,142
1,<environment.Job instance at 0x7f212d0b8690>,1,18,[12  2],2,-1,20,-1,2
1,<environment.Job instance at 0x7f212e189aa0>,2,2,[ 2 13],3,-1,5,-1,3
1,<environment.Job instance at 0x7f212e189a00>,3,13,[ 1 11],4,-1,17,-1,4
1,<environment.Job instance at 0x7f212e412fa0>,11,24,[10  2],12,-1,90,-1,66
1,<environment.Job instance at 0x7f21373d63c0>,23,25,[6 2],24,-1,91,-1,66
1,<environment.Job instance at 0x7f212dca2f00>,26,20,[ 5 11],27,-1,88,-1,68
1,<environment.Job instance at 0x7f212dd92be0>,41,18,[14  2],42,-1,163,-1,145
1,<environment.Job instance at 0x7f212dd76a50>,45,17,[13  3],46,-1,166,-1,149
1,<environment.Job instance at 0x7f212dd6d0a0>,50,2,[13  1],51,-1,168,-1,166
1,<environment.Job instance at 0x7f212e1f23c0>,0,19,[8 1],1,-1,23,-1,4
1,<environment.Job instance at 0x7f212e1f2370>,3,14,[10  5],4,-1,18,-1,4
1,<environment.Job instance at 0x7f212e19d4b0>,7,18,[9 5],8,-1,26,-1,8
1,<environment.Job instance at 0x7f212e19da00>,10,16,[9 2],11,-1,30,-1,14
1,<environment.Job instance at 0x7f212e19d460>,13,18,[6 2],14,-1,32,-1,14
1,<environment.Job instance at 0x7f212e19d370>,14,25,[9 4],15,-1,40,-1,15
1,<environment.Job instance at 0x7f212e19d320>,17,14,[ 4 10],18,-1,32,-1,18
1,<environment.Job instance at 0x7f212e19dd70>,19,18,[8 4],20,-1,39,-1,21
1,<environment.Job instance at 0x7f212e19b2d0>,22,16,[1 6],23,-1,39,-1,23
1,<environment.Job instance at 0x7f212e19b5a0>,23,15,[5 3],24,-1,39,-1,24
1,<environment.Job instance at 0x7f212e19b3c0>,28,17,[1 7],29,-1,46,-1,29
1,<environment.Job instance at 0x7f212e19bc30>,30,15,[8 2],31,-1,46,-1,31
1,<environment.Job instance at 0x7f212d2b42d0>,40,16,[2 5],41,-1,57,-1,41
1,<environment.Job instance at 0x7f212d2b4870>,41,14,[7 4],42,-1,56,-1,42
1,<environment.Job instance at 0x7f212d18db40>,44,17,[6 2],45,-1,62,-1,45
1,<environment.Job instance at 0x7f212d18d140>,45,12,[10  3],46,-1,59,-1,47
1,<environment.Job instance at 0x7f212d18d6e0>,46,26,[7 5],47,-1,73,-1,47
1,<environment.Job instance at 0x7f212d18d190>,49,12,[7 5],50,-1,62,-1,50
1,<environment.Job instance at 0x7f212d18d550>,50,14,[4 9],51,-1,65,-1,51
1,<environment.Job instance at 0x7f212d18d820>,51,16,[1 7],52,-1,68,-1,52
1,<environment.Job instance at 0x7f212d18d640>,53,18,[6 3],54,-1,72,-1,54
1,<environment.Job instance at 0x7f212d18d7d0>,55,18,[6 5],56,-1,74,-1,56
1,<environment.Job instance at 0x7f212e1b2d70>,60,24,[5 4],61,-1,85,-1,61
1,<environment.Job instance at 0x7f212e1b2c30>,66,17,[10  4],67,-1,85,-1,68
1,<environment.Job instance at 0x7f212e1b2190>,67,16,[10  2],68,-1,84,-1,68
1,<environment.Job instance at 0x7f212e1b28c0>,68,18,[10  5],69,-1,88,-1,70
1,<environment.Job instance at 0x7f212dae1dc0>,72,17,[7 5],73,-1,90,-1,73
1,<environment.Job instance at 0x7f212e1da870>,75,16,[9 5],76,-1,92,-1,76
1,<environment.Job instance at 0x7f212e1da780>,76,17,[7 5],77,-1,94,-1,77
1,<environment.Job instance at 0x7f212e1da320>,77,16,[2 8],78,-1,94,-1,78
1,<environment.Job instance at 0x7f212e1da1e0>,79,16,[1 7],80,-1,96,-1,80
1,<environment.Job instance at 0x7f212e1da5f0>,86,14,[5 5],87,-1,101,-1,87
1,<environment.Job instance at 0x7f212d2cf7d0>,88,15,[8 3],89,-1,109,-1,94
1,<environment.Job instance at 0x7f212d2cf0f0>,93,16,[8 3],94,-1,110,-1,94
1,<environment.Job instance at 0x7f212deca2d0>,97,28,[9 2],98,-1,126,-1,98
1,<environment.Job instance at 0x7f21375c4c30>,101,17,[2 7],102,-1,119,-1,102
1,<environment.Job instance at 0x7f212e755a50>,102,12,[9 4],103,-1,115,-1,103
1,<environment.Job instance at 0x7f212d9bb460>,117,20,[5 5],118,-1,173,-1,153
1,<environment.Job instance at 0x7f212d5bc410>,120,27,[5 7],121,-1,203,-1,176
1,<environment.Job instance at 0x7f212df378c0>,122,2,[7 1],123,-1,178,-1,176
1,<environment.Job instance at 0x7f212ddaf500>,121,15,[8 3],122,-1,191,-1,176
1,<environment.Job instance at 0x7f21374e8d20>,125,14,[6 4],126,-1,190,-1,176
1,<environment.Job instance at 0x7f212e6e0f50>,111,18,[8 2],112,-1,194,-1,176
1,<environment.Job instance at 0x7f212e195050>,107,16,[2 8],108,-1,192,-1,176
1,<environment.Job instance at 0x7f212d0bce10>,14,25,[9 4],15,-1,49,-1,24
1,<environment.Job instance at 0x7f212dc500a0>,31,1,[ 4 13],32,-1,66,-1,65
1,<environment.Job instance at 0x7f2136f02960>,46,26,[7 5],47,-1,131,-1,105
1,<environment.Job instance at 0x7f212dfe3500>,52,25,[1 9],53,-1,161,-1,136
1,<environment.Job instance at 0x7f21370feb90>,60,24,[5 4],61,-1,181,-1,157
1,<environment.Job instance at 0x7f212d0d1d70>,1,17,[8 2],2,-1,21,-1,4
1,<environment.Job instance at 0x7f21374e1be0>,5,14,[3 9],6,-1,20,-1,6
1,<environment.Job instance at 0x7f21374e1eb0>,6,18,[5 5],7,-1,25,-1,7
1,<environment.Job instance at 0x7f212d0d1140>,3,15,[ 1 10],4,-1,23,-1,8
1,<environment.Job instance at 0x7f212e1acc80>,9,18,[9 3],10,-1,29,-1,11
1,<environment.Job instance at 0x7f21374e1460>,10,13,[9 5],11,-1,24,-1,11
1,<environment.Job instance at 0x7f212e1acb90>,13,18,[9 4],14,-1,32,-1,14
1,<environment.Job instance at 0x7f212e1acbe0>,16,17,[4 8],17,-1,34,-1,17
1,<environment.Job instance at 0x7f212e1ac690>,17,20,[7 1],18,-1,39,-1,19
1,<environment.Job instance at 0x7f212e1accd0>,19,17,[8 1],20,-1,37,-1,20
1,<environment.Job instance at 0x7f212e1ac410>,20,12,[9 5],21,-1,33,-1,21
1,<environment.Job instance at 0x7f212e1ac6e0>,22,13,[1 9],23,-1,36,-1,23
1,<environment.Job instance at 0x7f212e1ac5f0>,23,16,[9 2],24,-1,40,-1,24
1,<environment.Job instance at 0x7f212e1acb40>,24,13,[5 9],25,-1,38,-1,25
1,<environment.Job instance at 0x7f212da0be10>,26,16,[7 5],27,-1,43,-1,27
1,<environment.Job instance at 0x7f212d6d84b0>,34,18,[ 5 10],35,-1,53,-1,35
1,<environment.Job instance at 0x7f212d6d8c80>,36,23,[3 6],37,-1,64,-1,41
1,<environment.Job instance at 0x7f212d5bafa0>,42,20,[ 5 10],43,-1,65,-1,45
1,<environment.Job instance at 0x7f212d5ba7d0>,44,15,[9 1],45,-1,60,-1,45
1,<environment.Job instance at 0x7f212d5ba4b0>,48,16,[2 9],49,-1,65,-1,49
1,<environment.Job instance at 0x7f212d5ba320>,49,17,[ 4 10],50,-1,67,-1,50
1,<environment.Job instance at 0x7f212d6d81e0>,37,26,[9 1],38,-1,78,-1,52
1,<environment.Job instance at 0x7f212e9534b0>,51,18,[10  3],52,-1,70,-1,52
1,<environment.Job instance at 0x7f212e953280>,50,14,[8 2],51,-1,68,-1,54
1,<environment.Job instance at 0x7f212e952e60>,53,15,[5 8],54,-1,69,-1,54
1,<environment.Job instance at 0x7f212e952690>,54,19,[5 8],55,-1,74,-1,55
1,<environment.Job instance at 0x7f212e189dc0>,55,12,[2 6],56,-1,73,-1,61
1,<environment.Job instance at 0x7f212e189230>,60,14,[4 9],61,-1,76,-1,62
1,<environment.Job instance at 0x7f212e1891e0>,61,12,[5 2],62,-1,75,-1,63
1,<environment.Job instance at 0x7f212e189b40>,63,16,[7 5],64,-1,80,-1,64
1,<environment.Job instance at 0x7f212e189500>,64,13,[7 3],65,-1,78,-1,65
1,<environment.Job instance at 0x7f212e189460>,65,17,[9 4],66,-1,83,-1,66
1,<environment.Job instance at 0x7f212e1952d0>,71,15,[7 3],72,-1,87,-1,72
1,<environment.Job instance at 0x7f212e195a00>,72,18,[8 1],73,-1,91,-1,73
1,<environment.Job instance at 0x7f212e195370>,74,16,[4 8],75,-1,91,-1,75
1,<environment.Job instance at 0x7f212dcc4370>,76,22,[5 9],77,-1,99,-1,77
1,<environment.Job instance at 0x7f212e1897d0>,62,21,[1 8],63,-1,100,-1,79
1,<environment.Job instance at 0x7f212dcc44b0>,78,12,[4 6],79,-1,94,-1,82
1,<environment.Job instance at 0x7f212dcc4f50>,82,18,[5 4],83,-1,101,-1,83
1,<environment.Job instance at 0x7f212dcc46e0>,83,16,[8 4],84,-1,100,-1,84
1,<environment.Job instance at 0x7f212e1c8a00>,84,12,[5 7],85,-1,105,-1,93
1,<environment.Job instance at 0x7f2136ea4c80>,99,16,[9 1],100,-1,122,-1,106
1,<environment.Job instance at 0x7f212d09f730>,39,12,[10  1],40,-1,123,-1,111
1,<environment.Job instance at 0x7f212e8a7e60>,101,18,[4 7],102,-1,129,-1,111
1,<environment.Job instance at 0x7f212d2bd5a0>,92,19,[14  1],93,-1,130,-1,111
1,<environment.Job instance at 0x7f212e400e10>,103,17,[2 6],104,-1,130,-1,113
1,<environment.Job instance at 0x7f212e400d20>,109,15,[10  1],110,-1,129,-1,114
1,<environment.Job instance at 0x7f212e142280>,112,17,[14  3],113,-1,168,-1,151
1,<environment.Job instance at 0x7f212cfb8960>,114,16,[1 7],115,-1,168,-1,152
1,<environment.Job instance at 0x7f212d1b1b90>,113,13,[6 3],114,-1,165,-1,152
1,<environment.Job instance at 0x7f212d922780>,117,16,[7 5],118,-1,168,-1,152
1,<environment.Job instance at 0x7f212db95cd0>,116,12,[ 5 10],117,-1,168,-1,156
1,<environment.Job instance at 0x7f212e755e60>,120,16,[3 9],121,-1,172,-1,156
1,<environment.Job instance at 0x7f213715a370>,123,12,[3 7],124,-1,168,-1,156
1,<environment.Job instance at 0x7f212d8cb460>,127,15,[5 9],128,-1,173,-1,158
1,<environment.Job instance at 0x7f21374ea6e0>,129,14,[7 5],130,-1,183,-1,169
1,<environment.Job instance at 0x7f212e400820>,107,12,[10  4],108,-1,181,-1,169
1,<environment.Job instance at 0x7f212d5bac80>,8,2,[ 5 14],9,-1,11,-1,9
1,<environment.Job instance at 0x7f212e89d730>,29,26,[ 3 11],30,-1,120,-1,94
1,<environment.Job instance at 0x7f212dec99b0>,36,23,[3 6],37,-1,135,-1,112
1,<environment.Job instance at 0x7f212dec9050>,37,26,[9 1],38,-1,138,-1,112
1,<environment.Job instance at 0x7f212db43870>,40,14,[13  5],41,-1,129,-1,115
1,<environment.Job instance at 0x7f212d5b7910>,45,27,[9 2],46,-1,169,-1,142
1,<environment.Job instance at 0x7fadc5d73b90>,2,14,[ 2 10],3,-1,18,-1,4
1,<environment.Job instance at 0x7fadc5d73a50>,4,13,[3 6],5,-1,18,-1,5
1,<environment.Job instance at 0x7fadc5d73d70>,6,15,[2 8],7,-1,22,-1,7
1,<environment.Job instance at 0x7fadcf3bd8c0>,3,22,[2 5],4,-1,29,-1,7
1,<environment.Job instance at 0x7fadc5d73f00>,8,17,[1 8],9,-1,26,-1,9
1,<environment.Job instance at 0x7fadc5d770f0>,10,22,[8 1],11,-1,33,-1,11
1,<environment.Job instance at 0x7fadc5d77190>,12,23,[6 4],13,-1,36,-1,13
1,<environment.Job instance at 0x7fadc5d77460>,13,18,[5 9],14,-1,32,-1,14
1,<environment.Job instance at 0x7fadc5d77370>,14,21,[8 1],15,-1,36,-1,15
1,<environment.Job instance at 0x7fadc5d77550>,16,18,[7 3],17,-1,35,-1,17
1,<environment.Job instance at 0x7fadc5d77640>,18,26,[7 4],19,-1,45,-1,19
1,<environment.Job instance at 0x7fadc5d77870>,19,25,[5 9],20,-1,45,-1,20
1,<environment.Job instance at 0x7fadc5d77910>,21,18,[9 4],22,-1,41,-1,23
1,<environment.Job instance at 0x7fadc5d77a00>,23,16,[6 2],24,-1,40,-1,24
1,<environment.Job instance at 0x7fadc5d77dc0>,26,12,[8 5],27,-1,39,-1,27
1,<environment.Job instance at 0x7fadc5d77f00>,27,17,[4 6],28,-1,45,-1,28
1,<environment.Job instance at 0x7fadc5d73eb0>,22,12,[3 8],23,-1,41,-1,29
1,<environment.Job instance at 0x7fadc5d7baa0>,40,26,[ 1 10],41,-1,72,-1,46
1,<environment.Job instance at 0x7fadc5d7c0a0>,45,15,[7 5],46,-1,63,-1,48
1,<environment.Job instance at 0x7fadc5d7b640>,37,14,[5 8],38,-1,68,-1,54
1,<environment.Job instance at 0x7fadc5d7b190>,33,26,[3 6],34,-1,80,-1,54
1,<environment.Job instance at 0x7fadc5d7b1e0>,32,21,[5 9],33,-1,97,-1,76
1,<environment.Job instance at 0x7fadc5d7cc30>,57,16,[ 2 11],58,-1,92,-1,76
1,<environment.Job instance at 0x7fadc5d7ccd0>,58,17,[3 7],59,-1,93,-1,76
1,<environment.Job instance at 0x7fadc5d7ce60>,59,19,[1 7],60,-1,95,-1,76
1,<environment.Job instance at 0x7fadc5d7cf50>,62,14,[4 9],63,-1,90,-1,76
1,<environment.Job instance at 0x7fadc5d812d0>,67,16,[1 9],68,-1,93,-1,77
1,<environment.Job instance at 0x7fadc5d81370>,68,14,[6 4],69,-1,91,-1,77
1,<environment.Job instance at 0x7fadc5d81410>,69,14,[9 4],70,-1,91,-1,77
1,<environment.Job instance at 0x7fadc5d817d0>,72,18,[3 5],73,-1,96,-1,78
1,<environment.Job instance at 0x7fadc5d81a00>,74,2,[1 7],75,-1,80,-1,78
1,<environment.Job instance at 0x7fadc5d81820>,76,13,[10  1],77,-1,93,-1,80
1,<environment.Job instance at 0x7fadc5d81f50>,77,16,[8 1],78,-1,96,-1,80
1,<environment.Job instance at 0x7fadc5d7f0a0>,78,14,[6 1],79,-1,94,-1,80
1,<environment.Job instance at 0x7fadc5d81e60>,79,19,[10  3],80,-1,99,-1,80
1,<environment.Job instance at 0x7fadc5d7cb40>,63,12,[5 3],64,-1,92,-1,80
1,<environment.Job instance at 0x7fadc5d7f4b0>,82,21,[4 8],83,-1,104,-1,83
1,<environment.Job instance at 0x7fadc5d7f370>,81,14,[8 5],82,-1,98,-1,84
1,<environment.Job instance at 0x7fadc5d7f190>,83,18,[ 3 10],84,-1,102,-1,84
1,<environment.Job instance at 0x7fadc5d7f5f0>,85,15,[1 7],86,-1,103,-1,88
1,<environment.Job instance at 0x7fadc5d7fa50>,88,16,[4 9],89,-1,105,-1,89
1,<environment.Job instance at 0x7fadc5d7fb90>,91,18,[5 4],92,-1,110,-1,92
1,<environment.Job instance at 0x7fadc5da4910>,96,18,[2 6],97,-1,115,-1,97
1,<environment.Job instance at 0x7fadc5d7fdc0>,93,25,[ 1 10],94,-1,132,-1,107
1,<environment.Job instance at 0x7fadc5e56f50>,102,13,[9 4],103,-1,120,-1,107
1,<environment.Job instance at 0x7fadc5d6baf0>,105,16,[7 5],106,-1,123,-1,107
1,<environment.Job instance at 0x7fadc5ef8280>,107,18,[5 5],108,-1,126,-1,108
1,<environment.Job instance at 0x7fadc5d7c550>,50,2,[5 6],51,-1,112,-1,110
1,<environment.Job instance at 0x7fadc5f26820>,109,27,[3 9],110,-1,137,-1,110
1,<environment.Job instance at 0x7fadc5d7f780>,87,18,[7 1],88,-1,128,-1,110
1,<environment.Job instance at 0x7fadc5e9e6e0>,110,23,[5 1],111,-1,135,-1,112
1,<environment.Job instance at 0x7fadc5e69c30>,112,12,[1 6],113,-1,125,-1,113
1,<environment.Job instance at 0x7fadc5e97230>,113,17,[5 1],114,-1,131,-1,114
1,<environment.Job instance at 0x7fadc5f1b7d0>,118,16,[5 2],119,-1,135,-1,119
1,<environment.Job instance at 0x7fadc5e18dc0>,119,28,[7 5],120,-1,148,-1,120
1,<environment.Job instance at 0x7fadc5e7c5f0>,122,18,[7 5],123,-1,141,-1,123
1,<environment.Job instance at 0x7fadc5e35cd0>,130,17,[9 5],131,-1,149,-1,132
1,<environment.Job instance at 0x7fadcf3f3780>,12,23,[6 4],13,-1,53,-1,30
1,<environment.Job instance at 0x7fadc5e9e5f0>,18,26,[7 4],19,-1,70,-1,44
1,<environment.Job instance at 0x7fadc5e7c780>,19,25,[5 9],20,-1,83,-1,58
1,<environment.Job instance at 0x7fadc5e2f730>,28,17,[ 1 13],29,-1,87,-1,70
1,<environment.Job instance at 0x7fadc5e29370>,30,26,[9 4],31,-1,110,-1,84
1,<environment.Job instance at 0x7fadc5e7ff00>,31,1,[ 2 14],32,-1,85,-1,84
1,<environment.Job instance at 0x7fadc5da2a00>,33,26,[3 6],34,-1,110,-1,84
1,<environment.Job instance at 0x7fadc5dd2dc0>,40,26,[ 1 10],41,-1,139,-1,113
1,<environment.Job instance at 0x7fadc5d61b40>,57,16,[ 2 11],58,-1,183,-1,167
1,<environment.Job instance at 0x7fadc57e7c30>,0,17,[9 5],1,-1,19,-1,2
1,<environment.Job instance at 0x7fadc57ebaa0>,10,23,[4 7],11,-1,34,-1,11
1,<environment.Job instance at 0x7fadc57eb870>,11,14,[ 1 10],12,-1,26,-1,12
1,<environment.Job instance at 0x7fadc5901b90>,13,14,[5 9],14,-1,28,-1,14
1,<environment.Job instance at 0x7fadc57eb910>,15,19,[ 1 10],16,-1,36,-1,17
1,<environment.Job instance at 0x7fadc58490f0>,18,20,[ 2 10],19,-1,39,-1,19
1,<environment.Job instance at 0x7fadc58496e0>,19,15,[5 5],20,-1,35,-1,20
1,<environment.Job instance at 0x7fadc5849aa0>,21,17,[3 6],22,-1,39,-1,22
1,<environment.Job instance at 0x7fadc5849d70>,24,16,[5 6],25,-1,41,-1,25
1,<environment.Job instance at 0x7fadc5947f50>,25,21,[1 6],26,-1,47,-1,26
1,<environment.Job instance at 0x7fadc5987870>,26,16,[1 8],27,-1,43,-1,27
1,<environment.Job instance at 0x7fadc5981640>,28,23,[1 9],29,-1,52,-1,29
1,<environment.Job instance at 0x7fadc5981f00>,29,17,[8 5],30,-1,47,-1,30
1,<environment.Job instance at 0x7fadc5971eb0>,32,15,[8 2],33,-1,48,-1,33
1,<environment.Job instance at 0x7fadc586f730>,33,18,[5 1],34,-1,52,-1,34
1,<environment.Job instance at 0x7fadc5836eb0>,34,15,[8 5],35,-1,50,-1,35
1,<environment.Job instance at 0x7fadc5836230>,38,19,[4 7],39,-1,58,-1,39
1,<environment.Job instance at 0x7fadcf403140>,50,13,[5 9],51,-1,74,-1,61
1,<environment.Job instance at 0x7fadc5836910>,43,22,[9 1],44,-1,83,-1,61
1,<environment.Job instance at 0x7fadc578d1e0>,53,13,[9 2],54,-1,77,-1,64
1,<environment.Job instance at 0x7fadc5793960>,57,14,[10  3],58,-1,79,-1,65
1,<environment.Job instance at 0x7fadc58363c0>,45,18,[5 4],46,-1,83,-1,65
1,<environment.Job instance at 0x7fadc5836af0>,40,16,[14  3],41,-1,87,-1,71
1,<environment.Job instance at 0x7fadc57c9aa0>,61,16,[5 8],62,-1,87,-1,71
1,<environment.Job instance at 0x7fadc57a05a0>,62,23,[1 8],63,-1,94,-1,71
1,<environment.Job instance at 0x7fadc5ca3780>,67,14,[10  5],68,-1,85,-1,71
1,<environment.Job instance at 0x7fadc537ccd0>,71,17,[10  2],72,-1,89,-1,72
1,<environment.Job instance at 0x7fadc5366820>,75,18,[ 1 10],76,-1,94,-1,76
1,<environment.Job instance at 0x7fadc53a0a50>,76,15,[6 5],77,-1,93,-1,78
1,<environment.Job instance at 0x7fadc5390140>,73,26,[5 3],74,-1,104,-1,78
1,<environment.Job instance at 0x7fadc5981550>,27,18,[ 1 14],28,-1,96,-1,78
1,<environment.Job instance at 0x7fadc53bb550>,78,17,[1 5],79,-1,96,-1,79
1,<environment.Job instance at 0x7fadc57ceb40>,55,27,[6 1],56,-1,106,-1,79
1,<environment.Job instance at 0x7fadc53bb190>,79,18,[5 2],80,-1,98,-1,80
1,<environment.Job instance at 0x7fadc53c6aa0>,80,18,[5 8],81,-1,99,-1,81
1,<environment.Job instance at 0x7fadc532b1e0>,82,18,[3 8],83,-1,101,-1,83
1,<environment.Job instance at 0x7fadc532b3c0>,83,13,[8 3],84,-1,100,-1,87
1,<environment.Job instance at 0x7fadc532bb40>,87,15,[3 6],88,-1,103,-1,88
1,<environment.Job instance at 0x7fadc5327d20>,88,20,[5 2],89,-1,109,-1,89
1,<environment.Job instance at 0x7fadc5327b40>,89,26,[2 8],90,-1,116,-1,90
1,<environment.Job instance at 0x7fadc53277d0>,90,15,[5 8],91,-1,106,-1,91
1,<environment.Job instance at 0x7fadc5327730>,91,20,[ 4 10],92,-1,112,-1,92
1,<environment.Job instance at 0x7fadc53272d0>,92,15,[9 2],93,-1,108,-1,93
1,<environment.Job instance at 0x7fadc532ba00>,86,17,[8 4],87,-1,113,-1,96
1,<environment.Job instance at 0x7fadc5329410>,98,13,[8 4],99,-1,115,-1,102
1,<environment.Job instance at 0x7fadc5329cd0>,103,15,[7 2],104,-1,119,-1,104
1,<environment.Job instance at 0x7fadc538dc30>,106,13,[8 2],107,-1,120,-1,107
1,<environment.Job instance at 0x7fadc5329370>,99,14,[12  2],100,-1,121,-1,107
1,<environment.Job instance at 0x7fadc53875f0>,109,15,[6 5],110,-1,125,-1,110
1,<environment.Job instance at 0x7fadc54cf190>,114,17,[13  5],115,-1,132,-1,115
1,<environment.Job instance at 0x7fadc53a86e0>,113,17,[7 4],114,-1,132,-1,115
1,<environment.Job instance at 0x7fadc5328280>,111,17,[ 5 14],112,-1,136,-1,119
1,<environment.Job instance at 0x7fadc532a3c0>,117,16,[5 3],118,-1,135,-1,119
1,<environment.Job instance at 0x7fadc532a640>,118,14,[7 1],119,-1,133,-1,119
1,<environment.Job instance at 0x7fadc532a230>,123,16,[4 5],124,-1,140,-1,124
1,<environment.Job instance at 0x7fadc532a2d0>,125,16,[7 5],126,-1,142,-1,126
1,<environment.Job instance at 0x7fadc54b8910>,128,14,[9 4],129,-1,144,-1,130
1,<environment.Job instance at 0x7fadc54b8fa0>,129,18,[5 6],130,-1,148,-1,130
1,<environment.Job instance at 0x7fadc56181e0>,126,1,[9 2],127,-1,132,-1,131
1,<environment.Job instance at 0x7fadc5602e60>,130,16,[8 3],131,-1,148,-1,132
1,<environment.Job instance at 0x7fadcf536d70>,133,16,[ 4 10],134,-1,150,-1,134
1,<environment.Job instance at 0x7fadc532bbe0>,2,15,[ 2 14],3,-1,18,-1,3
1,<environment.Job instance at 0x7fadc5327960>,4,26,[3 9],5,-1,42,-1,16
1,<environment.Job instance at 0x7fadc55fdf00>,10,23,[4 7],11,-1,41,-1,18
1,<environment.Job instance at 0x7fadc5d97780>,20,1,[14  4],21,-1,37,-1,36
1,<environment.Job instance at 0x7fadc5d97230>,27,18,[ 1 14],28,-1,69,-1,51
1,<environment.Job instance at 0x7fadc5d972d0>,28,23,[1 9],29,-1,89,-1,66
1,<environment.Job instance at 0x7fadc5d91be0>,35,17,[12  1],36,-1,87,-1,70
1,<environment.Job instance at 0x7fadc5d914b0>,40,16,[14  3],41,-1,115,-1,99
1,<environment.Job instance at 0x7fadc5d8c690>,47,2,[ 1 12],48,-1,108,-1,106
1,<environment.Job instance at 0x7fadc5d8c910>,55,27,[6 1],56,-1,169,-1,142
1,<environment.Job instance at 0x7fadc5d8c410>,62,23,[1 8],63,-1,186,-1,163
1,<environment.Job instance at 0x7fadc551f730>,0,16,[ 4 10],1,-1,17,-1,1
1,<environment.Job instance at 0x7fadc551ffa0>,2,17,[8 2],3,-1,22,-1,5
1,<environment.Job instance at 0x7fadc551a780>,9,18,[10  4],10,-1,35,-1,17
1,<environment.Job instance at 0x7fadc551ff50>,6,17,[7 4],7,-1,34,-1,17
1,<environment.Job instance at 0x7fadc551a690>,14,18,[10  5],15,-1,35,-1,17
1,<environment.Job instance at 0x7fadc551a6e0>,13,14,[5 6],14,-1,35,-1,21
1,<environment.Job instance at 0x7fadc551e8c0>,18,15,[10  4],19,-1,36,-1,21
1,<environment.Job instance at 0x7fadc551e3c0>,21,16,[4 5],22,-1,38,-1,22
1,<environment.Job instance at 0x7fadc551e1e0>,22,27,[8 3],23,-1,50,-1,23
1,<environment.Job instance at 0x7fadc551e5a0>,23,18,[1 6],24,-1,42,-1,24
1,<environment.Job instance at 0x7fadc551e960>,24,17,[2 6],25,-1,42,-1,25
1,<environment.Job instance at 0x7fadc551e370>,26,27,[2 6],27,-1,54,-1,27
1,<environment.Job instance at 0x7fadc551ed70>,27,16,[7 4],28,-1,44,-1,28
1,<environment.Job instance at 0x7fadc551ea00>,28,16,[9 2],29,-1,45,-1,29
1,<environment.Job instance at 0x7fadc5514370>,31,16,[4 5],32,-1,48,-1,32
1,<environment.Job instance at 0x7fadc55113c0>,42,16,[6 4],43,-1,63,-1,47
1,<environment.Job instance at 0x7fadc551e820>,20,16,[8 5],21,-1,63,-1,47
1,<environment.Job instance at 0x7fadc5511cd0>,44,14,[3 6],45,-1,61,-1,47
1,<environment.Job instance at 0x7fadc5511e60>,46,21,[ 4 10],47,-1,69,-1,48
1,<environment.Job instance at 0x7fadc5511b90>,47,23,[2 8],48,-1,71,-1,48
1,<environment.Job instance at 0x7fadc551e230>,16,16,[2 9],17,-1,74,-1,58
1,<environment.Job instance at 0x7fadc550ce10>,52,12,[7 5],53,-1,70,-1,58
1,<environment.Job instance at 0x7fadc550c6e0>,48,3,[11  1],49,-1,61,-1,58
1,<environment.Job instance at 0x7fadc550cdc0>,54,13,[ 4 11],55,-1,76,-1,63
1,<environment.Job instance at 0x7fadc550c140>,55,17,[ 5 10],56,-1,87,-1,70
1,<environment.Job instance at 0x7fadc5511c30>,41,3,[3 8],42,-1,73,-1,70
1,<environment.Job instance at 0x7fadc550c2d0>,59,17,[12  4],60,-1,87,-1,70
1,<environment.Job instance at 0x7fadc550c190>,56,14,[9 4],57,-1,88,-1,74
1,<environment.Job instance at 0x7fadc550c9b0>,58,14,[8 2],59,-1,88,-1,74
1,<environment.Job instance at 0x7fadc550a550>,64,24,[5 5],65,-1,98,-1,74
1,<environment.Job instance at 0x7fadc550a500>,63,13,[ 4 10],64,-1,87,-1,74
1,<environment.Job instance at 0x7fadc550a690>,66,14,[2 5],67,-1,88,-1,74
1,<environment.Job instance at 0x7fadc550c500>,60,25,[6 4],61,-1,99,-1,74
1,<environment.Job instance at 0x7fadc550a370>,69,15,[9 5],70,-1,89,-1,74
1,<environment.Job instance at 0x7fadc550a320>,73,3,[10  3],74,-1,77,-1,74
1,<environment.Job instance at 0x7fadc550a4b0>,70,13,[5 5],71,-1,87,-1,74
1,<environment.Job instance at 0x7fadc5506410>,75,14,[3 8],76,-1,91,-1,77
1,<environment.Job instance at 0x7fadc55064b0>,77,13,[3 7],78,-1,91,-1,78
1,<environment.Job instance at 0x7fadc5506910>,76,12,[ 5 12],77,-1,90,-1,78
1,<environment.Job instance at 0x7fadc55061e0>,78,15,[2 9],79,-1,96,-1,81
1,<environment.Job instance at 0x7fadc5506780>,85,13,[6 3],86,-1,99,-1,86
1,<environment.Job instance at 0x7fadc5506820>,83,15,[6 4],84,-1,102,-1,87
1,<environment.Job instance at 0x7fadc5503af0>,87,12,[6 2],88,-1,100,-1,88
1,<environment.Job instance at 0x7fadc5503aa0>,86,12,[10  2],87,-1,100,-1,88
1,<environment.Job instance at 0x7fadc55039b0>,88,13,[8 3],89,-1,106,-1,93
1,<environment.Job instance at 0x7fadc5503280>,91,16,[ 1 14],92,-1,109,-1,93
1,<environment.Job instance at 0x7fadc55030f0>,94,22,[7 3],95,-1,118,-1,96
1,<environment.Job instance at 0x7fadc550a5f0>,71,17,[7 5],72,-1,115,-1,98
1,<environment.Job instance at 0x7fadc550adc0>,68,28,[ 5 10],69,-1,126,-1,98
1,<environment.Job instance at 0x7fadc5503550>,95,20,[7 5],96,-1,118,-1,98
1,<environment.Job instance at 0x7fadc569cd70>,101,15,[7 1],102,-1,119,-1,104
1,<environment.Job instance at 0x7fadc550c960>,49,19,[13  3],50,-1,125,-1,106
1,<environment.Job instance at 0x7fadc55c8820>,105,12,[4 5],106,-1,119,-1,107
1,<environment.Job instance at 0x7fadc55c8f50>,107,18,[8 2],108,-1,126,-1,108
1,<environment.Job instance at 0x7fadc556ff00>,110,15,[2 5],111,-1,126,-1,111
1,<environment.Job instance at 0x7fadc556fa00>,112,17,[4 5],113,-1,130,-1,113
1,<environment.Job instance at 0x7fadc547c370>,113,14,[9 3],114,-1,130,-1,116
1,<environment.Job instance at 0x7fadc5561c80>,116,16,[1 9],117,-1,133,-1,117
1,<environment.Job instance at 0x7fadc53b2050>,117,16,[7 2],118,-1,134,-1,118
1,<environment.Job instance at 0x7fadc57d6780>,121,1,[8 1],122,-1,123,-1,122
1,<environment.Job instance at 0x7fadc5aafbe0>,122,16,[10  4],123,-1,139,-1,123
1,<environment.Job instance at 0x7fadc55614b0>,115,17,[8 2],116,-1,140,-1,123
1,<environment.Job instance at 0x7fadc55cd7d0>,123,16,[6 5],124,-1,140,-1,124
1,<environment.Job instance at 0x7fadc5c148c0>,124,16,[9 5],125,-1,141,-1,125
1,<environment.Job instance at 0x7fadc5f819b0>,126,22,[1 8],127,-1,150,-1,128
1,<environment.Job instance at 0x7fadc5618cd0>,127,28,[5 9],128,-1,156,-1,128
1,<environment.Job instance at 0x7fadc569b690>,129,18,[5 8],130,-1,148,-1,130
1,<environment.Job instance at 0x7fadc569baa0>,130,18,[ 2 10],131,-1,150,-1,132
1,<environment.Job instance at 0x7fadc54b6cd0>,134,16,[6 1],135,-1,151,-1,135
1,<environment.Job instance at 0x7fadc54b6820>,136,18,[ 5 10],137,-1,155,-1,137
1,<environment.Job instance at 0x7fadc5511910>,5,17,[12  4],6,-1,23,-1,6
1,<environment.Job instance at 0x7fadc556f370>,17,2,[ 3 11],18,-1,45,-1,43
1,<environment.Job instance at 0x7fadc53a3690>,22,27,[8 3],23,-1,103,-1,76
1,<environment.Job instance at 0x7fadc551f280>,26,27,[2 6],27,-1,120,-1,93
1,<environment.Job instance at 0x7fadc5503780>,30,14,[ 4 14],31,-1,123,-1,109
1,<environment.Job instance at 0x7fadc532bc80>,47,23,[2 8],48,-1,177,-1,154
1,<environment.Job instance at 0x7fadc532bbe0>,48,3,[11  1],49,-1,157,-1,154
1,<environment.Job instance at 0x7fadc5f68a50>,49,19,[13  3],50,-1,173,-1,154
1,<environment.Job instance at 0x7fadc5402fa0>,54,13,[ 4 11],55,-1,181,-1,168
1,<environment.Job instance at 0x7fadc54f3050>,0,13,[10  1],1,-1,16,-1,3
1,<environment.Job instance at 0x7fadc52e4e60>,3,14,[6 5],4,-1,18,-1,4
1,<environment.Job instance at 0x7fadc52e4c80>,2,24,[1 9],3,-1,28,-1,4
1,<environment.Job instance at 0x7fadc52e73c0>,10,17,[5 6],11,-1,28,-1,11
1,<environment.Job instance at 0x7fadc52e76e0>,15,21,[ 2 10],16,-1,38,-1,17
1,<environment.Job instance at 0x7fadc52e7780>,16,15,[10  2],17,-1,32,-1,17
1,<environment.Job instance at 0x7fadc52e7a50>,19,13,[4 7],20,-1,34,-1,21
1,<environment.Job instance at 0x7fadc52e7b40>,21,17,[11  3],22,-1,44,-1,27
1,<environment.Job instance at 0x7fadc52e72d0>,12,26,[ 3 10],13,-1,58,-1,32
1,<environment.Job instance at 0x7fadc52e7960>,18,12,[ 2 11],19,-1,44,-1,32
1,<environment.Job instance at 0x7fadc52e7af0>,22,16,[12  1],23,-1,51,-1,35
1,<environment.Job instance at 0x7fadc52e95a0>,31,13,[10  2],32,-1,50,-1,37
1,<environment.Job instance at 0x7fadc52e9460>,30,17,[10  2],31,-1,54,-1,37
1,<environment.Job instance at 0x7fadc52e7820>,20,16,[10  1],21,-1,53,-1,37
1,<environment.Job instance at 0x7fadc52e91e0>,29,15,[ 3 10],30,-1,52,-1,37
1,<environment.Job instance at 0x7fadc52e9730>,36,14,[8 4],37,-1,51,-1,37
1,<environment.Job instance at 0x7fadc52e9a00>,37,14,[9 2],38,-1,54,-1,40
1,<environment.Job instance at 0x7fadc52e9eb0>,40,14,[5 8],41,-1,55,-1,41
1,<environment.Job instance at 0x7fadc52e9370>,32,14,[5 1],33,-1,57,-1,43
1,<environment.Job instance at 0x7fadc52e9e60>,41,2,[5 5],42,-1,45,-1,43
1,<environment.Job instance at 0x7fadc52e9c30>,43,1,[5 5],44,-1,45,-1,44
1,<environment.Job instance at 0x7fadc52e9d20>,42,18,[6 2],43,-1,62,-1,44
1,<environment.Job instance at 0x7fadc52e9f50>,44,18,[6 2],45,-1,64,-1,46
1,<environment.Job instance at 0x7fadc52eb230>,47,15,[6 1],48,-1,63,-1,48
1,<environment.Job instance at 0x7fadc52eb050>,45,19,[6 3],46,-1,67,-1,48
1,<environment.Job instance at 0x7fadc52eb410>,48,13,[1 5],49,-1,65,-1,52
1,<environment.Job instance at 0x7fadc52eb8c0>,55,16,[9 2],56,-1,72,-1,56
1,<environment.Job instance at 0x7fadc52eba00>,56,15,[10  3],57,-1,72,-1,57
1,<environment.Job instance at 0x7fadc52eb9b0>,57,15,[9 1],58,-1,73,-1,58
1,<environment.Job instance at 0x7fadc52ebb40>,60,13,[5 4],61,-1,84,-1,71
1,<environment.Job instance at 0x7fadc52eb6e0>,54,24,[13  2],55,-1,95,-1,71
1,<environment.Job instance at 0x7fadc56e30a0>,69,17,[6 2],70,-1,91,-1,74
1,<environment.Job instance at 0x7fadc52eb780>,52,27,[5 7],53,-1,101,-1,74
1,<environment.Job instance at 0x7fadc52ebc30>,58,15,[11  4],59,-1,91,-1,76
1,<environment.Job instance at 0x7fadc54a2d70>,70,17,[5 2],71,-1,93,-1,76
1,<environment.Job instance at 0x7fadc5711a50>,72,12,[6 2],73,-1,88,-1,76
1,<environment.Job instance at 0x7fadc5711fa0>,74,1,[2 8],75,-1,77,-1,76
1,<environment.Job instance at 0x7fadc52ebcd0>,59,17,[5 2],60,-1,93,-1,76
1,<environment.Job instance at 0x7fadc5711f50>,71,18,[4 9],72,-1,94,-1,76
1,<environment.Job instance at 0x7fadc5711050>,75,16,[6 2],76,-1,94,-1,78
1,<environment.Job instance at 0x7fadc5711af0>,76,16,[8 2],77,-1,94,-1,78
1,<environment.Job instance at 0x7fadc5711d20>,77,14,[11  4],78,-1,93,-1,79
1,<environment.Job instance at 0x7fadc57117d0>,78,14,[8 5],79,-1,94,-1,80
1,<environment.Job instance at 0x7fadc57114b0>,80,18,[ 4 11],81,-1,99,-1,81
1,<environment.Job instance at 0x7fadc57111e0>,81,18,[ 3 10],82,-1,100,-1,82
1,<environment.Job instance at 0x7fadc56fdbe0>,83,24,[8 5],84,-1,108,-1,84
1,<environment.Job instance at 0x7fadc57115f0>,79,16,[7 4],80,-1,101,-1,85
1,<environment.Job instance at 0x7fadc57115a0>,84,14,[ 1 10],85,-1,100,-1,86
1,<environment.Job instance at 0x7fadc571ea50>,85,13,[5 7],86,-1,104,-1,91
1,<environment.Job instance at 0x7fadc68a1d70>,91,15,[8 1],92,-1,108,-1,93
1,<environment.Job instance at 0x7fadc68a1cd0>,93,15,[ 3 10],94,-1,109,-1,94
1,<environment.Job instance at 0x7fadc68a1fa0>,95,15,[5 6],96,-1,111,-1,96
1,<environment.Job instance at 0x7fadc68a1190>,92,16,[5 4],93,-1,121,-1,105
1,<environment.Job instance at 0x7fadc61dfd70>,103,14,[ 5 13],104,-1,121,-1,107
1,<environment.Job instance at 0x7fadc6899b40>,98,20,[3 9],99,-1,130,-1,110
1,<environment.Job instance at 0x7fadc6899820>,101,17,[ 4 10],102,-1,135,-1,118
1,<environment.Job instance at 0x7fadc57aff50>,88,13,[12  1],89,-1,131,-1,118
1,<environment.Job instance at 0x7fadc61f9fa0>,108,23,[3 9],109,-1,146,-1,123
1,<environment.Job instance at 0x7fadc61f9050>,107,21,[4 8],108,-1,144,-1,123
1,<environment.Job instance at 0x7fadc61e3780>,111,13,[2 5],112,-1,137,-1,124
1,<environment.Job instance at 0x7fadc5701230>,114,18,[6 4],115,-1,142,-1,124
1,<environment.Job instance at 0x7fadc61f99b0>,109,13,[10  5],110,-1,139,-1,126
1,<environment.Job instance at 0x7fadc5701c80>,115,15,[4 7],116,-1,152,-1,137
1,<environment.Job instance at 0x7fadc61f8dc0>,117,17,[8 4],118,-1,154,-1,137
1,<environment.Job instance at 0x7fadc61f8960>,131,16,[8 4],132,-1,174,-1,158
1,<environment.Job instance at 0x7fadc52e9320>,2,24,[1 9],3,-1,29,-1,5
1,<environment.Job instance at 0x7fadc52eb550>,11,27,[7 1],12,-1,41,-1,14
1,<environment.Job instance at 0x7fadc5711f00>,13,2,[ 3 13],14,-1,16,-1,14
1,<environment.Job instance at 0x7fadc61f8aa0>,17,1,[ 3 14],18,-1,29,-1,28
1,<environment.Job instance at 0x7fadc61f88c0>,18,12,[ 2 11],19,-1,40,-1,28
1,<environment.Job instance at 0x7fadc68a12d0>,12,26,[ 3 10],13,-1,54,-1,28
1,<environment.Job instance at 0x7fadc5702780>,21,17,[11  3],22,-1,45,-1,28
1,<environment.Job instance at 0x7fadc57025f0>,22,16,[12  1],23,-1,44,-1,28
1,<environment.Job instance at 0x7fadc52e4fa0>,23,15,[ 4 13],24,-1,43,-1,28
1,<environment.Job instance at 0x7fadc54fa370>,33,24,[2 6],34,-1,92,-1,68
1,<environment.Job instance at 0x7fadc54fa690>,34,13,[ 5 12],35,-1,81,-1,68
1,<environment.Job instance at 0x7fadc54fab40>,35,2,[ 2 11],36,-1,70,-1,68
1,<environment.Job instance at 0x7fadc569cb90>,52,27,[5 7],53,-1,149,-1,122
1,<environment.Job instance at 0x7fadc569c2d0>,54,24,[13  2],55,-1,146,-1,122
1,<environment.Job instance at 0x7fadc55bb820>,58,15,[11  4],59,-1,165,-1,150
1,<environment.Job instance at 0x7fadc56789b0>,61,14,[ 4 13],62,-1,179,-1,165
1,<environment.Job instance at 0x7fadc5df4320>,0,16,[10  3],1,-1,19,-1,3
1,<environment.Job instance at 0x7fadc54f7550>,1,17,[10  5],2,-1,20,-1,3
1,<environment.Job instance at 0x7fadc5e8d280>,14,12,[3 7],15,-1,27,-1,15
1,<environment.Job instance at 0x7fadc5e8d370>,15,12,[3 7],16,-1,28,-1,16
1,<environment.Job instance at 0x7fadc5e8de10>,17,16,[2 7],18,-1,34,-1,18
1,<environment.Job instance at 0x7fadc5e8d910>,19,14,[7 2],20,-1,35,-1,21
1,<environment.Job instance at 0x7fadc5e82960>,21,14,[1 7],22,-1,36,-1,22
1,<environment.Job instance at 0x7fadc5e82f00>,22,14,[8 5],23,-1,37,-1,23
1,<environment.Job instance at 0x7fadc5e82550>,25,26,[4 8],26,-1,52,-1,26
1,<environment.Job instance at 0x7fadc5e82e10>,26,20,[4 8],27,-1,47,-1,27
1,<environment.Job instance at 0x7fadc5e7f0a0>,28,16,[8 4],29,-1,45,-1,29
1,<environment.Job instance at 0x7fadc5e8d8c0>,20,18,[1 7],21,-1,47,-1,29
1,<environment.Job instance at 0x7fadc5e7fc30>,30,25,[5 4],31,-1,56,-1,31
1,<environment.Job instance at 0x7fadc5e7f640>,33,18,[ 2 10],34,-1,52,-1,34
1,<environment.Job instance at 0x7fadc5e7f410>,35,25,[5 7],36,-1,61,-1,36
1,<environment.Job instance at 0x7fadc5e7f820>,36,12,[5 9],37,-1,50,-1,38
1,<environment.Job instance at 0x7fadc5e7f9b0>,37,22,[5 8],38,-1,60,-1,38
1,<environment.Job instance at 0x7fadc5e8f3c0>,40,15,[3 8],41,-1,56,-1,41
1,<environment.Job instance at 0x7fadc5e8f5f0>,44,12,[ 5 13],45,-1,59,-1,47
1,<environment.Job instance at 0x7fadc5e8f960>,43,27,[8 5],44,-1,74,-1,47
1,<environment.Job instance at 0x7fadc60c1c80>,50,12,[3 6],51,-1,63,-1,51
1,<environment.Job instance at 0x7fadc60c18c0>,53,24,[3 5],54,-1,79,-1,55
1,<environment.Job instance at 0x7fadc60c1320>,55,14,[10  1],56,-1,70,-1,56
1,<environment.Job instance at 0x7fadc60c1e60>,56,15,[3 6],57,-1,72,-1,57
1,<environment.Job instance at 0x7fadc60c1aa0>,57,17,[2 7],58,-1,75,-1,58
1,<environment.Job instance at 0x7fadc60c16e0>,58,15,[5 5],59,-1,74,-1,59
1,<environment.Job instance at 0x7fadc60c1870>,61,18,[5 9],62,-1,80,-1,62
1,<environment.Job instance at 0x7fadc60c1a50>,63,18,[3 7],64,-1,82,-1,64
1,<environment.Job instance at 0x7fadc5e81d70>,70,18,[2 7],71,-1,89,-1,71
1,<environment.Job instance at 0x7fadc5e81c30>,71,15,[6 3],72,-1,87,-1,72
1,<environment.Job instance at 0x7fadc60c1be0>,54,14,[4 6],55,-1,89,-1,75
1,<environment.Job instance at 0x7fadc5e81050>,74,23,[4 5],75,-1,112,-1,89
1,<environment.Job instance at 0x7fadc5e81f50>,76,13,[6 5],77,-1,104,-1,91
1,<environment.Job instance at 0x7fadc5f23f50>,77,13,[12  5],78,-1,104,-1,91
1,<environment.Job instance at 0x7fadc5e810a0>,75,13,[8 4],76,-1,104,-1,91
1,<environment.Job instance at 0x7fadc5f239b0>,79,18,[7 4],80,-1,109,-1,91
1,<environment.Job instance at 0x7fadc5f23b40>,84,18,[3 6],85,-1,109,-1,91
1,<environment.Job instance at 0x7fadc5f237d0>,86,26,[8 5],87,-1,117,-1,91
1,<environment.Job instance at 0x7fadc5f23320>,83,14,[ 4 11],84,-1,105,-1,91
1,<environment.Job instance at 0x7fadc5f23cd0>,89,20,[6 3],90,-1,111,-1,91
1,<environment.Job instance at 0x7fadc5f233c0>,90,17,[5 8],91,-1,108,-1,91
1,<environment.Job instance at 0x7fadc5ebb960>,93,20,[5 3],94,-1,115,-1,95
1,<environment.Job instance at 0x7fadc5ebb730>,94,16,[2 7],95,-1,112,-1,96
1,<environment.Job instance at 0x7fadc5ebb7d0>,96,14,[10  1],97,-1,111,-1,97
1,<environment.Job instance at 0x7fadc5ebbaa0>,95,17,[6 3],96,-1,117,-1,100
1,<environment.Job instance at 0x7fadc5ebbd70>,100,18,[5 6],101,-1,119,-1,101
1,<environment.Job instance at 0x7fadc5e8f640>,45,14,[7 3],46,-1,116,-1,102
1,<environment.Job instance at 0x7fadc5ebb230>,101,17,[2 9],102,-1,119,-1,102
1,<environment.Job instance at 0x7fadc5e97b90>,104,12,[10  2],105,-1,119,-1,107
1,<environment.Job instance at 0x7fadc5e425f0>,107,22,[10  1],108,-1,130,-1,108
1,<environment.Job instance at 0x7fadc5fd3780>,110,20,[3 8],111,-1,131,-1,111
1,<environment.Job instance at 0x7fadc5e5a280>,112,13,[9 2],113,-1,130,-1,117
1,<environment.Job instance at 0x7fadc5e56230>,106,13,[9 1],107,-1,134,-1,121
1,<environment.Job instance at 0x7fadc5eda8c0>,122,13,[ 3 10],123,-1,137,-1,124
1,<environment.Job instance at 0x7fadc5edad20>,123,16,[6 3],124,-1,140,-1,124
1,<environment.Job instance at 0x7fadc5edadc0>,124,17,[1 8],125,-1,142,-1,125
1,<environment.Job instance at 0x7fadc5eda690>,125,13,[4 7],126,-1,139,-1,126
1,<environment.Job instance at 0x7fadc5eda550>,129,22,[7 3],130,-1,153,-1,131
1,<environment.Job instance at 0x7fadc5eda410>,130,15,[13  3],131,-1,146,-1,131
1,<environment.Job instance at 0x7fadc5eda230>,132,25,[7 5],133,-1,158,-1,133
1,<environment.Job instance at 0x7fadc5b835f0>,138,12,[10  2],139,-1,151,-1,139
1,<environment.Job instance at 0x7fadc5b83460>,136,12,[12  4],137,-1,152,-1,140
1,<environment.Job instance at 0x7fadc5b83aa0>,139,13,[ 1 10],140,-1,154,-1,141
1,<environment.Job instance at 0x7fadc5b83d20>,140,16,[ 2 10],141,-1,157,-1,141
1,<environment.Job instance at 0x7fadc5b83f00>,143,15,[4 8],144,-1,159,-1,144
1,<environment.Job instance at 0x7fadc5b83730>,146,18,[5 8],147,-1,165,-1,147
1,<environment.Job instance at 0x7fadc60c11e0>,8,14,[13  2],9,-1,31,-1,17
1,<environment.Job instance at 0x7fadc5df4870>,25,26,[4 8],26,-1,108,-1,82
1,<environment.Job instance at 0x7fadc5df41e0>,30,25,[5 4],31,-1,110,-1,85
1,<environment.Job instance at 0x7fadc5506640>,35,25,[5 7],36,-1,114,-1,89
1,<environment.Job instance at 0x7fadc54b6690>,39,3,[11  3],40,-1,104,-1,101
1,<environment.Job instance at 0x7fadc5503e10>,43,27,[8 5],44,-1,145,-1,118
1,<environment.Job instance at 0x7fadc55a60f0>,44,12,[ 5 13],45,-1,130,-1,118
1,<environment.Job instance at 0x7fadc5561730>,49,1,[12  4],50,-1,131,-1,130
1,<environment.Job instance at 0x7fadc56b5f00>,53,24,[3 5],54,-1,158,-1,134
1,<environment.Job instance at 0x7fadc50fc1e0>,6,13,[8 4],7,-1,21,-1,8
1,<environment.Job instance at 0x7fadc670ec80>,7,17,[6 2],8,-1,25,-1,8
1,<environment.Job instance at 0x7fadc50fc370>,8,16,[6 5],9,-1,25,-1,9
1,<environment.Job instance at 0x7fadc5000af0>,10,25,[10  4],11,-1,36,-1,11
1,<environment.Job instance at 0x7fadc5000f50>,15,17,[8 5],16,-1,33,-1,16
1,<environment.Job instance at 0x7fadc5171910>,19,12,[1 6],20,-1,33,-1,21
1,<environment.Job instance at 0x7fadc50fc910>,20,18,[6 4],21,-1,39,-1,21
1,<environment.Job instance at 0x7fadc4fbea00>,22,15,[4 9],23,-1,38,-1,23
1,<environment.Job instance at 0x7fadc4fbe280>,23,18,[8 3],24,-1,44,-1,26
1,<environment.Job instance at 0x7fadc4fbe320>,25,15,[7 1],26,-1,41,-1,26
1,<environment.Job instance at 0x7fadc4fbe050>,26,16,[7 5],27,-1,43,-1,27
1,<environment.Job instance at 0x7fadc4fbe0a0>,29,14,[5 3],30,-1,49,-1,35
1,<environment.Job instance at 0x7fadc4fbb690>,36,20,[10  4],37,-1,58,-1,38
1,<environment.Job instance at 0x7fadc4fbb960>,38,17,[9 2],39,-1,56,-1,39
1,<environment.Job instance at 0x7fadc4fbc8c0>,40,27,[ 3 13],41,-1,68,-1,41
1,<environment.Job instance at 0x7fadc4fbc550>,39,14,[7 5],40,-1,57,-1,43
1,<environment.Job instance at 0x7fadc4fbc190>,43,27,[1 7],44,-1,71,-1,44
1,<environment.Job instance at 0x7fadc501deb0>,34,14,[5 8],35,-1,59,-1,45
1,<environment.Job instance at 0x7fadc4fbc640>,44,18,[6 3],45,-1,63,-1,45
1,<environment.Job instance at 0x7fadc516f1e0>,49,15,[4 7],50,-1,65,-1,50
1,<environment.Job instance at 0x7fadc5f7c280>,52,17,[5 9],53,-1,70,-1,53
1,<environment.Job instance at 0x7fadc5f7c3c0>,53,18,[5 5],54,-1,77,-1,59
1,<environment.Job instance at 0x7fadc6168a50>,55,17,[6 4],56,-1,76,-1,59
1,<environment.Job instance at 0x7fadc696ffa0>,57,18,[5 5],58,-1,77,-1,59
1,<environment.Job instance at 0x7fadc50bddc0>,60,27,[5 4],61,-1,91,-1,64
1,<environment.Job instance at 0x7fadc56789b0>,0,12,[ 3 12],1,-1,13,-1,1
1,<environment.Job instance at 0x7fadc5434960>,10,25,[10  4],11,-1,60,-1,35
1,<environment.Job instance at 0x7fadc57d1cd0>,27,16,[13  1],28,-1,88,-1,72
1,<environment.Job instance at 0x7fadc5eda140>,31,2,[13  4],32,-1,97,-1,95
1,<environment.Job instance at 0x7fadc5e827d0>,40,27,[ 3 13],41,-1,155,-1,128
1,<environment.Job instance at 0x7fadc5e7fcd0>,43,27,[1 7],44,-1,166,-1,139
1,<environment.Job instance at 0x7fadc50fc2d0>,45,18,[ 3 12],46,-1,161,-1,143
1,<environment.Job instance at 0x7fadc4fbb2d0>,50,1,[12  1],51,-1,166,-1,165
1,<environment.Job instance at 0x7fadc5000820>,51,25,[9 1],52,-1,208,-1,183
1,<environment.Job instance at 0x7fadc61de690>,3,17,[7 4],4,-1,21,-1,4
1,<environment.Job instance at 0x7fadc61de7d0>,5,15,[9 1],6,-1,24,-1,9
1,<environment.Job instance at 0x7fadc53d2d20>,8,16,[6 5],9,-1,26,-1,10
1,<environment.Job instance at 0x7fadc63fc370>,12,18,[ 2 10],13,-1,32,-1,14
1,<environment.Job instance at 0x7fadc61baeb0>,14,12,[9 4],15,-1,27,-1,15
1,<environment.Job instance at 0x7fadc63fce60>,13,14,[4 9],14,-1,31,-1,17
1,<environment.Job instance at 0x7fadc52683c0>,21,18,[5 5],22,-1,41,-1,23
1,<environment.Job instance at 0x7fadc63f7a50>,23,24,[4 7],24,-1,48,-1,24
1,<environment.Job instance at 0x7fadc63f7690>,24,16,[4 7],25,-1,41,-1,25
1,<environment.Job instance at 0x7fadc63fb230>,28,23,[ 4 10],29,-1,52,-1,29
1,<environment.Job instance at 0x7fadc63f8550>,32,14,[4 9],33,-1,47,-1,33
1,<environment.Job instance at 0x7fadc63ecd70>,37,18,[3 9],38,-1,56,-1,38
1,<environment.Job instance at 0x7fadc63f2be0>,42,15,[ 1 10],43,-1,58,-1,43
1,<environment.Job instance at 0x7fadc63f2a00>,43,24,[3 5],44,-1,68,-1,44
1,<environment.Job instance at 0x7fadc57d7500>,48,17,[10  4],49,-1,67,-1,50
1,<environment.Job instance at 0x7fadc57d78c0>,51,17,[4 7],52,-1,69,-1,52
1,<environment.Job instance at 0x7fadc57d7b90>,52,15,[2 7],53,-1,68,-1,53
1,<environment.Job instance at 0x7fadc57d7370>,53,17,[4 9],54,-1,71,-1,54
1,<environment.Job instance at 0x7fadc57b0500>,58,16,[9 2],59,-1,75,-1,59
1,<environment.Job instance at 0x7fadc57b0460>,59,24,[7 1],60,-1,84,-1,60
1,<environment.Job instance at 0x7fadc57b0640>,60,26,[4 8],61,-1,87,-1,61
1,<environment.Job instance at 0x7fadc57b0870>,61,16,[2 7],62,-1,78,-1,62
1,<environment.Job instance at 0x7fadc57b0b40>,64,15,[3 8],65,-1,88,-1,73
1,<environment.Job instance at 0x7fadc57df460>,73,18,[8 1],74,-1,93,-1,75
1,<environment.Job instance at 0x7fadc5b55190>,16,17,[ 1 14],17,-1,48,-1,31
1,<environment.Job instance at 0x7fadc5af5230>,19,18,[14  4],20,-1,61,-1,43
1,<environment.Job instance at 0x7fadc5af50f0>,23,24,[4 7],24,-1,83,-1,59
1,<environment.Job instance at 0x7fadc683df00>,28,23,[ 4 10],29,-1,98,-1,75
1,<environment.Job instance at 0x7fadc683d230>,35,13,[ 3 12],36,-1,96,-1,83
1,<environment.Job instance at 0x7fadc654d0a0>,36,13,[ 4 12],37,-1,96,-1,83
1,<environment.Job instance at 0x7fadc654d190>,43,24,[3 5],44,-1,125,-1,101
1,<environment.Job instance at 0x7fadc5edf2d0>,59,24,[7 1],60,-1,208,-1,184
1,<environment.Job instance at 0x7fadc572cb90>,3,18,[ 3 10],4,-1,22,-1,4
1,<environment.Job instance at 0x7fadc553ab40>,11,15,[9 5],12,-1,28,-1,13
1,<environment.Job instance at 0x7fadc553a0f0>,15,15,[10  1],16,-1,34,-1,19
1,<environment.Job instance at 0x7fadc553a500>,12,14,[ 1 10],13,-1,38,-1,24
1,<environment.Job instance at 0x7fadc553a280>,19,20,[1 9],20,-1,44,-1,24
1,<environment.Job instance at 0x7fadc553a0a0>,21,17,[5 6],22,-1,41,-1,24
1,<environment.Job instance at 0x7fadc553ae10>,22,16,[10  1],23,-1,40,-1,24
1,<environment.Job instance at 0x7fadc66cdaf0>,23,17,[ 2 10],24,-1,42,-1,25
1,<environment.Job instance at 0x7fadc66cd1e0>,24,12,[4 9],25,-1,52,-1,40
1,<environment.Job instance at 0x7fadc5a08780>,28,15,[10  2],29,-1,57,-1,42
1,<environment.Job instance at 0x7fadc66cd0a0>,26,13,[ 5 11],27,-1,55,-1,42
1,<environment.Job instance at 0x7fadc5a088c0>,31,18,[4 6],32,-1,68,-1,50
1,<environment.Job instance at 0x7fadc5a08320>,29,18,[3 8],30,-1,68,-1,50
1,<environment.Job instance at 0x7fadc5a08050>,36,13,[8 3],37,-1,64,-1,51
1,<environment.Job instance at 0x7fadc5a08b40>,42,27,[9 1],43,-1,78,-1,51
1,<environment.Job instance at 0x7fadc5a08d70>,37,12,[ 3 10],38,-1,63,-1,51
1,<environment.Job instance at 0x7fadc553afa0>,18,28,[8 3],19,-1,81,-1,53
1,<environment.Job instance at 0x7fadc5a082d0>,43,12,[5 9],44,-1,65,-1,53
1,<environment.Job instance at 0x7fadc57fb6e0>,49,20,[2 8],50,-1,73,-1,53
1,<environment.Job instance at 0x7fadc5a08190>,38,15,[8 2],39,-1,69,-1,54
1,<environment.Job instance at 0x7fadc6508b40>,51,19,[5 5],52,-1,73,-1,54
1,<environment.Job instance at 0x7fadc65089b0>,55,12,[10  3],56,-1,81,-1,69
1,<environment.Job instance at 0x7fadc5e6e410>,60,18,[5 7],61,-1,87,-1,69
1,<environment.Job instance at 0x7fadc5ca9eb0>,13,2,[12  1],14,-1,26,-1,24
1,<environment.Job instance at 0x7fadc5ca99b0>,14,1,[ 5 14],15,-1,25,-1,24
1,<environment.Job instance at 0x7fadc63ec280>,18,28,[8 3],19,-1,57,-1,29
1,<environment.Job instance at 0x7fadcf3e5aa0>,26,13,[ 5 11],27,-1,72,-1,59
1,<environment.Job instance at 0x7fadcf3e5730>,27,2,[13  1],28,-1,61,-1,59
1,<environment.Job instance at 0x7fadc57d1cd0>,34,1,[11  3],35,-1,102,-1,101
1,<environment.Job instance at 0x7fadc5fd3960>,41,13,[ 1 13],42,-1,145,-1,132
1,<environment.Job instance at 0x7fadc5eda140>,42,27,[9 1],43,-1,177,-1,150
1,<environment.Job instance at 0x7fadc50fc550>,46,21,[12  2],47,-1,173,-1,152
1,<environment.Job instance at 0x7fadc4fbef50>,48,14,[ 1 14],49,-1,166,-1,152
1,<environment.Job instance at 0x7fadc5171500>,50,15,[12  3],51,-1,168,-1,153
1,<environment.Job instance at 0x7fadc61bb9b0>,56,2,[12  3],57,-1,170,-1,168
1,<environment.Job instance at 0x7fadc6458eb0>,61,23,[5 9],62,-1,207,-1,184
1,<environment.Job instance at 0x7fadc50f9c30>,1,17,[3 7],2,-1,19,-1,2
1,<environment.Job instance at 0x7fadc50f9aa0>,3,14,[4 6],4,-1,18,-1,4
1,<environment.Job instance at 0x7fadc50f9b40>,4,15,[9 2],5,-1,20,-1,5
1,<environment.Job instance at 0x7fadc50f9190>,6,12,[5 8],7,-1,19,-1,7
1,<environment.Job instance at 0x7fadc50f9f50>,9,15,[4 6],10,-1,25,-1,10
1,<environment.Job instance at 0x7fadc50f96e0>,10,26,[2 8],11,-1,37,-1,11
1,<environment.Job instance at 0x7fadc50f9c80>,12,14,[9 2],13,-1,28,-1,14
1,<environment.Job instance at 0x7fadc50f97d0>,14,3,[2 7],15,-1,18,-1,15
1,<environment.Job instance at 0x7fadc50f90a0>,15,16,[5 1],16,-1,32,-1,16
1,<environment.Job instance at 0x7fadc532c3c0>,16,3,[2 7],17,-1,20,-1,17
1,<environment.Job instance at 0x7fadc532c870>,17,2,[9 5],18,-1,20,-1,18
1,<environment.Job instance at 0x7fadc532ca00>,18,12,[9 4],19,-1,31,-1,19
1,<environment.Job instance at 0x7fadc532c230>,19,17,[12  4],20,-1,37,-1,20
1,<environment.Job instance at 0x7fadc50f9d20>,13,14,[9 2],14,-1,34,-1,20
1,<environment.Job instance at 0x7fadc50f95f0>,20,20,[7 1],21,-1,41,-1,21
1,<environment.Job instance at 0x7fadc532c320>,21,14,[9 4],22,-1,37,-1,23
1,<environment.Job instance at 0x7fadc532c8c0>,23,17,[3 7],24,-1,41,-1,24
1,<environment.Job instance at 0x7fadc532c6e0>,24,21,[6 1],25,-1,46,-1,25
1,<environment.Job instance at 0x7fadc532ccd0>,25,17,[ 1 11],26,-1,45,-1,28
1,<environment.Job instance at 0x7fadc532c960>,31,16,[9 2],32,-1,48,-1,32
1,<environment.Job instance at 0x7fadc532caf0>,32,16,[6 1],33,-1,49,-1,33
1,<environment.Job instance at 0x7fadc532c460>,33,14,[ 4 10],34,-1,49,-1,35
1,<environment.Job instance at 0x7fadc532cc80>,35,13,[10  4],36,-1,49,-1,36
1,<environment.Job instance at 0x7fadc532cb90>,37,17,[9 1],38,-1,55,-1,38
1,<environment.Job instance at 0x7fadc61ad6e0>,44,14,[ 1 11],45,-1,59,-1,45
1,<environment.Job instance at 0x7fadc61adf00>,43,17,[7 2],44,-1,62,-1,45
1,<environment.Job instance at 0x7fadc61ad870>,45,24,[7 4],46,-1,70,-1,46
1,<environment.Job instance at 0x7fadc61ad910>,46,14,[9 1],47,-1,65,-1,51
1,<environment.Job instance at 0x7fadc5155280>,51,14,[ 2 10],52,-1,66,-1,52
1,<environment.Job instance at 0x7fadc5155b40>,53,18,[8 3],54,-1,72,-1,54
1,<environment.Job instance at 0x7fadc5155be0>,55,25,[6 2],56,-1,81,-1,56
1,<environment.Job instance at 0x7fadc5155370>,59,18,[ 1 10],60,-1,78,-1,60
1,<environment.Job instance at 0x7fadc5155e60>,62,15,[4 5],63,-1,78,-1,63
1,<environment.Job instance at 0x7fadc51053c0>,65,18,[4 5],66,-1,84,-1,66
1,<environment.Job instance at 0x7fadc51052d0>,66,26,[10  2],67,-1,93,-1,67
1,<environment.Job instance at 0x7fadc5105be0>,67,17,[8 3],68,-1,86,-1,69
1,<environment.Job instance at 0x7fadc5105190>,70,17,[8 5],71,-1,88,-1,71
1,<environment.Job instance at 0x7fadc5105f50>,71,15,[3 7],72,-1,87,-1,72
1,<environment.Job instance at 0x7fadc5105370>,72,21,[9 5],73,-1,94,-1,73
1,<environment.Job instance at 0x7fadc51051e0>,76,15,[3 5],77,-1,92,-1,77
1,<environment.Job instance at 0x7fadc5105820>,68,14,[9 3],69,-1,92,-1,78
1,<environment.Job instance at 0x7fadc50eac30>,81,18,[5 5],82,-1,101,-1,83
1,<environment.Job instance at 0x7fadc50ea5f0>,84,18,[9 2],85,-1,104,-1,86
1,<environment.Job instance at 0x7fadc50eadc0>,86,17,[3 5],87,-1,104,-1,87
1,<environment.Job instance at 0x7fadc50ea1e0>,88,28,[ 2 11],89,-1,121,-1,93
1,<environment.Job instance at 0x7fadc50ead20>,90,15,[10  5],91,-1,109,-1,94
1,<environment.Job instance at 0x7fadc50eaf50>,85,18,[10  4],86,-1,113,-1,95
1,<environment.Job instance at 0x7fadc50eae10>,91,17,[8 2],92,-1,112,-1,95
1,<environment.Job instance at 0x7fadc50ea0f0>,87,15,[5 9],88,-1,110,-1,95
1,<environment.Job instance at 0x7fadc5101c80>,96,15,[ 2 12],97,-1,113,-1,98
1,<environment.Job instance at 0x7fadc50ea230>,94,18,[8 4],95,-1,117,-1,99
1,<environment.Job instance at 0x7fadc5101410>,99,14,[6 4],100,-1,115,-1,101
1,<environment.Job instance at 0x7fadc5101050>,101,13,[ 5 10],102,-1,115,-1,102
1,<environment.Job instance at 0x7fadc512aa00>,111,17,[10  2],112,-1,136,-1,119
1,<environment.Job instance at 0x7fadc5101a00>,100,12,[ 1 11],101,-1,131,-1,119
1,<environment.Job instance at 0x7fadc50f24b0>,115,13,[ 5 10],116,-1,134,-1,121
1,<environment.Job instance at 0x7fadc60830f0>,117,18,[7 5],118,-1,143,-1,125
1,<environment.Job instance at 0x7fadc578a820>,119,16,[6 3],120,-1,146,-1,130
1,<environment.Job instance at 0x7fadc4fbb5f0>,120,17,[11  3],121,-1,147,-1,130
1,<environment.Job instance at 0x7fadc50f2e10>,118,12,[1 8],119,-1,142,-1,130
1,<environment.Job instance at 0x7fadc5c9a280>,122,16,[6 5],123,-1,146,-1,130
1,<environment.Job instance at 0x7fadceef3f00>,121,17,[5 3],122,-1,147,-1,130
1,<environment.Job instance at 0x7fadc5101dc0>,105,15,[6 1],106,-1,145,-1,130
1,<environment.Job instance at 0x7fadc532ce60>,27,13,[12  4],28,-1,155,-1,142
1,<environment.Job instance at 0x7fadc5c400f0>,123,12,[5 7],124,-1,154,-1,142
1,<environment.Job instance at 0x7fadc559afa0>,131,16,[3 9],132,-1,159,-1,143
1,<environment.Job instance at 0x7fadc51ef500>,137,24,[8 1],138,-1,174,-1,150
1,<environment.Job instance at 0x7fadc5e08690>,134,16,[7 2],135,-1,167,-1,151
1,<environment.Job instance at 0x7fadc5989780>,141,28,[5 9],142,-1,179,-1,151
1,<environment.Job instance at 0x7fadc5989140>,140,16,[8 2],141,-1,167,-1,151
1,<environment.Job instance at 0x7fadc5ad05f0>,146,18,[9 2],147,-1,169,-1,151
1,<environment.Job instance at 0x7fadc5ad04b0>,147,16,[10  4],148,-1,167,-1,151
1,<environment.Job instance at 0x7fadc5ad0dc0>,148,23,[ 3 10],149,-1,174,-1,151
1,<environment.Job instance at 0x7fadc5ad0230>,149,17,[4 5],150,-1,168,-1,151
1,<environment.Job instance at 0x7fadc51553c0>,10,26,[2 8],11,-1,54,-1,28
1,<environment.Job instance at 0x7fadc59894b0>,19,17,[12  4],20,-1,76,-1,59
1,<environment.Job instance at 0x7fadc55cd910>,25,17,[ 1 11],26,-1,91,-1,74
1,<environment.Job instance at 0x7fadcf2af960>,27,13,[12  4],28,-1,87,-1,74
1,<environment.Job instance at 0x7fadc6366b40>,40,24,[ 4 14],41,-1,154,-1,130
1,<environment.Job instance at 0x7fadc686d190>,44,14,[ 1 11],45,-1,146,-1,132
1,<environment.Job instance at 0x7fadc51b3f00>,45,24,[7 4],46,-1,171,-1,147
1,<environment.Job instance at 0x7fadc608d140>,55,25,[6 2],56,-1,207,-1,182
1,<environment.Job instance at 0x7fadc5a831e0>,56,2,[ 1 13],57,-1,184,-1,182
1,<environment.Job instance at 0x7fadc61d8b40>,2,20,[1 9],3,-1,23,-1,3
1,<environment.Job instance at 0x7fadc61d87d0>,3,18,[3 7],4,-1,22,-1,4
1,<environment.Job instance at 0x7fadc5f740a0>,6,18,[3 6],7,-1,25,-1,7
1,<environment.Job instance at 0x7fadc5f74be0>,8,17,[2 5],9,-1,27,-1,10
1,<environment.Job instance at 0x7fadc5f74870>,14,18,[2 9],15,-1,34,-1,16
1,<environment.Job instance at 0x7fadc5f74190>,15,26,[5 5],16,-1,42,-1,16
1,<environment.Job instance at 0x7fadc5f74aa0>,17,15,[8 4],18,-1,34,-1,19
1,<environment.Job instance at 0x7fadc5f74af0>,18,22,[10  5],19,-1,41,-1,19
1,<environment.Job instance at 0x7fadc527b5f0>,20,17,[2 7],21,-1,41,-1,24
1,<environment.Job instance at 0x7fadc5300690>,30,25,[9 5],31,-1,56,-1,31
1,<environment.Job instance at 0x7fadc53001e0>,34,17,[6 3],35,-1,65,-1,48
1,<environment.Job instance at 0x7fadc62f4460>,39,14,[ 1 10],40,-1,66,-1,52
1,<environment.Job instance at 0x7fadc62f47d0>,41,16,[ 2 10],42,-1,69,-1,53
1,<environment.Job instance at 0x7fadc527b1e0>,24,25,[9 4],25,-1,78,-1,53
1,<environment.Job instance at 0x7fadc53008c0>,35,22,[6 4],36,-1,75,-1,53
1,<environment.Job instance at 0x7fadc62f4500>,45,16,[10  3],46,-1,69,-1,53
1,<environment.Job instance at 0x7fadc62f4280>,46,18,[8 3],47,-1,72,-1,54
1,<environment.Job instance at 0x7fadc62f4730>,42,22,[2 7],43,-1,76,-1,54
1,<environment.Job instance at 0x7fadc62f4c80>,49,17,[1 9],50,-1,71,-1,54
1,<environment.Job instance at 0x7fadc62f4b90>,50,15,[9 4],51,-1,69,-1,54
1,<environment.Job instance at 0x7fadc62f45f0>,43,13,[5 1],44,-1,68,-1,55
1,<environment.Job instance at 0x7fadc52d67d0>,54,18,[6 4],55,-1,75,-1,57
1,<environment.Job instance at 0x7fadc52d65f0>,55,27,[5 8],56,-1,84,-1,57
1,<environment.Job instance at 0x7fadc52d60a0>,56,16,[6 4],57,-1,73,-1,57
1,<environment.Job instance at 0x7fadcef542d0>,57,25,[6 4],58,-1,83,-1,58
1,<environment.Job instance at 0x7fadc5300f50>,36,15,[7 3],37,-1,74,-1,59
1,<environment.Job instance at 0x7fadc62f4aa0>,51,14,[8 1],52,-1,73,-1,59
1,<environment.Job instance at 0x7fadcef54050>,59,25,[10  1],60,-1,85,-1,60
1,<environment.Job instance at 0x7fadc611aeb0>,63,18,[10  5],64,-1,82,-1,64
1,<environment.Job instance at 0x7fadc62f4cd0>,52,17,[9 5],53,-1,83,-1,66
1,<environment.Job instance at 0x7fadc611a870>,70,14,[5 7],71,-1,85,-1,71
1,<environment.Job instance at 0x7fadc611a050>,71,21,[4 7],72,-1,93,-1,72
1,<environment.Job instance at 0x7fadc611a550>,68,16,[8 2],69,-1,88,-1,72
1,<environment.Job instance at 0x7fadc63db0f0>,75,17,[4 6],76,-1,93,-1,76
1,<environment.Job instance at 0x7fadc63db230>,77,13,[ 2 10],78,-1,94,-1,81
1,<environment.Job instance at 0x7fadc63db7d0>,81,26,[5 4],82,-1,108,-1,82
1,<environment.Job instance at 0x7fadc5d73370>,85,17,[2 7],86,-1,103,-1,86
1,<environment.Job instance at 0x7fadc5d73e10>,86,17,[5 2],87,-1,104,-1,87
1,<environment.Job instance at 0x7fadc5d73820>,87,18,[1 7],88,-1,106,-1,88
1,<environment.Job instance at 0x7fadc5d73870>,88,26,[ 3 10],89,-1,115,-1,89
1,<environment.Job instance at 0x7fadc5d73690>,90,22,[ 3 10],91,-1,113,-1,91
1,<environment.Job instance at 0x7fadc5d73780>,92,13,[3 9],93,-1,111,-1,98
1,<environment.Job instance at 0x7fadc5125550>,101,16,[5 4],102,-1,120,-1,104
1,<environment.Job instance at 0x7fadc5299f00>,102,18,[2 9],103,-1,123,-1,105
1,<environment.Job instance at 0x7fadc5125a50>,103,14,[3 7],104,-1,119,-1,105
1,<environment.Job instance at 0x7fadc58e9280>,109,13,[3 8],110,-1,123,-1,110
1,<environment.Job instance at 0x7fadc522ce10>,111,18,[ 3 14],112,-1,130,-1,112
1,<environment.Job instance at 0x7fadc6561410>,105,13,[6 3],106,-1,127,-1,114
1,<environment.Job instance at 0x7fadc620b320>,113,18,[5 5],114,-1,132,-1,114
1,<environment.Job instance at 0x7fadc63519b0>,114,16,[10  2],115,-1,132,-1,116
1,<environment.Job instance at 0x7fadc4ff9820>,116,16,[5 6],117,-1,133,-1,117
1,<environment.Job instance at 0x7fadc5c59190>,122,15,[5 5],123,-1,138,-1,123
1,<environment.Job instance at 0x7fadc690ff50>,119,13,[4 7],120,-1,138,-1,125
1,<environment.Job instance at 0x7fadc63db4b0>,84,15,[6 1],85,-1,140,-1,125
1,<environment.Job instance at 0x7fadc5ccc410>,125,14,[5 8],126,-1,143,-1,129
1,<environment.Job instance at 0x7fadcef54820>,7,26,[ 2 12],8,-1,39,-1,13
1,<environment.Job instance at 0x7fadc52d65a0>,9,1,[ 3 12],10,-1,14,-1,13
1,<environment.Job instance at 0x7fadc611ae10>,12,3,[11  1],13,-1,19,-1,16
1,<environment.Job instance at 0x7fadc5299410>,15,26,[5 5],16,-1,56,-1,30
1,<environment.Job instance at 0x7fadc5f81550>,24,25,[9 4],25,-1,74,-1,49
1,<environment.Job instance at 0x7fadc650bf00>,31,3,[11  1],32,-1,62,-1,59
1,<environment.Job instance at 0x7fadc6735af0>,32,3,[12  5],33,-1,62,-1,59
1,<environment.Job instance at 0x7fadc5ef7550>,30,25,[9 5],31,-1,90,-1,65
1,<environment.Job instance at 0x7fadc5ff0a00>,40,26,[10  1],41,-1,131,-1,105
1,<environment.Job instance at 0x7fadc690f690>,55,27,[5 8],56,-1,200,-1,173
1,<environment.Job instance at 0x7fadc5e27730>,57,25,[6 4],58,-1,199,-1,174
1,<environment.Job instance at 0x7fadc690f5a0>,60,14,[ 1 14],61,-1,188,-1,174
1,<environment.Job instance at 0x7fadc56ddf00>,59,25,[10  1],60,-1,201,-1,176
1,<environment.Job instance at 0x7fadc5200870>,0,16,[6 4],1,-1,17,-1,1
1,<environment.Job instance at 0x7fadc51523c0>,5,16,[5 5],6,-1,22,-1,6
1,<environment.Job instance at 0x7fadc5152aa0>,6,20,[5 3],7,-1,27,-1,7
1,<environment.Job instance at 0x7fadc51529b0>,8,12,[9 1],9,-1,21,-1,9
1,<environment.Job instance at 0x7fadc5152140>,10,21,[5 4],11,-1,32,-1,11
1,<environment.Job instance at 0x7fadc577d280>,12,18,[9 2],13,-1,31,-1,13
1,<environment.Job instance at 0x7fadc577d690>,16,16,[5 8],17,-1,33,-1,17
1,<environment.Job instance at 0x7fadc577daa0>,20,17,[10  5],21,-1,38,-1,21
1,<environment.Job instance at 0x7fadc577de60>,23,14,[8 3],24,-1,38,-1,24
1,<environment.Job instance at 0x7fadc577dd70>,24,13,[10  2],25,-1,38,-1,25
1,<environment.Job instance at 0x7fadc67d5050>,25,17,[9 4],26,-1,43,-1,26
1,<environment.Job instance at 0x7fadc67d50f0>,26,16,[10  4],27,-1,43,-1,27
1,<environment.Job instance at 0x7fadc67d5230>,28,14,[10  3],29,-1,43,-1,29
1,<environment.Job instance at 0x7fadc67d56e0>,32,18,[3 6],33,-1,51,-1,33
1,<environment.Job instance at 0x7fadc67d5820>,33,16,[5 8],34,-1,50,-1,34
1,<environment.Job instance at 0x7fadc67d5d70>,38,18,[2 8],39,-1,57,-1,39
1,<environment.Job instance at 0x7fadc67d5dc0>,40,15,[5 9],41,-1,56,-1,41
1,<environment.Job instance at 0x7fadc67e90a0>,41,18,[8 4],42,-1,60,-1,42
1,<environment.Job instance at 0x7fadc67e9050>,42,17,[5 3],43,-1,61,-1,44
1,<environment.Job instance at 0x7fadc67e9370>,46,16,[7 4],47,-1,63,-1,47
1,<environment.Job instance at 0x7fadc67e96e0>,49,14,[ 5 10],50,-1,64,-1,50
1,<environment.Job instance at 0x7fadc67e9640>,50,16,[7 5],51,-1,67,-1,51
1,<environment.Job instance at 0x7fadc67e9d70>,55,28,[5 5],56,-1,84,-1,56
1,<environment.Job instance at 0x7fadc67e9c30>,56,15,[6 4],57,-1,72,-1,57
1,<environment.Job instance at 0x7fadc67e9f50>,58,14,[3 7],59,-1,73,-1,59
1,<environment.Job instance at 0x7fadc67f6190>,59,18,[1 5],60,-1,78,-1,60
1,<environment.Job instance at 0x7fadc67f6230>,61,21,[4 8],62,-1,83,-1,62
1,<environment.Job instance at 0x7fadc67f6370>,63,16,[10  5],64,-1,80,-1,64
1,<environment.Job instance at 0x7fadc67f68c0>,70,21,[6 2],71,-1,92,-1,71
1,<environment.Job instance at 0x7fadc513bc80>,73,13,[10  4],74,-1,87,-1,74
1,<environment.Job instance at 0x7fadc67a54b0>,78,22,[4 8],79,-1,101,-1,79
1,<environment.Job instance at 0x7fadc67a5190>,79,16,[ 4 11],80,-1,96,-1,80
1,<environment.Job instance at 0x7fadc5ea6780>,80,28,[4 7],81,-1,109,-1,81
1,<environment.Job instance at 0x7fadc6891870>,83,14,[ 3 11],84,-1,98,-1,84
1,<environment.Job instance at 0x7fadc55671e0>,84,14,[ 1 10],85,-1,99,-1,85
1,<environment.Job instance at 0x7fadc60a1870>,91,15,[4 5],92,-1,107,-1,92
1,<environment.Job instance at 0x7fadc5f64c30>,92,16,[10  5],93,-1,109,-1,93
1,<environment.Job instance at 0x7fadc6089a50>,97,17,[ 4 14],98,-1,123,-1,106
1,<environment.Job instance at 0x7fadc555c050>,95,15,[10  3],96,-1,122,-1,107
1,<environment.Job instance at 0x7fadc67d5f00>,43,18,[4 6],44,-1,125,-1,107
1,<environment.Job instance at 0x7fadc5573550>,101,16,[ 4 10],102,-1,123,-1,107
1,<environment.Job instance at 0x7fadc559f050>,106,16,[7 1],107,-1,123,-1,107
1,<environment.Job instance at 0x7fadc5573910>,99,17,[6 4],100,-1,133,-1,116
1,<environment.Job instance at 0x7fadc67f60a0>,60,12,[ 4 14],61,-1,128,-1,116
1,<environment.Job instance at 0x7fadc5896a00>,108,17,[ 1 10],109,-1,134,-1,117
1,<environment.Job instance at 0x7fadc555ceb0>,98,18,[2 9],99,-1,135,-1,117
1,<environment.Job instance at 0x7fadc5551640>,121,16,[6 5],122,-1,145,-1,129
1,<environment.Job instance at 0x7fadc67c19b0>,124,17,[4 9],125,-1,148,-1,131
1,<environment.Job instance at 0x7fadc5557e60>,125,17,[ 5 10],126,-1,148,-1,131
1,<environment.Job instance at 0x7fadc5557e10>,129,18,[9 4],130,-1,155,-1,137
1,<environment.Job instance at 0x7fadc5523e60>,134,17,[5 2],135,-1,154,-1,137
1,<environment.Job instance at 0x7fadc5896f00>,109,15,[7 2],110,-1,154,-1,139
1,<environment.Job instance at 0x7fadc5523050>,131,16,[14  3],132,-1,155,-1,139
1,<environment.Job instance at 0x7fadc587a730>,139,16,[4 9],140,-1,156,-1,140
1,<environment.Job instance at 0x7fadc553b910>,143,17,[9 1],144,-1,171,-1,154
1,<environment.Job instance at 0x7fadc67d5fa0>,7,1,[ 2 11],8,-1,9,-1,8
1,<environment.Job instance at 0x7fadc5145af0>,14,17,[11  1],15,-1,37,-1,20
1,<environment.Job instance at 0x7fadc54ab4b0>,27,3,[ 5 11],28,-1,79,-1,76
1,<environment.Job instance at 0x7fadc594cfa0>,44,12,[13  3],45,-1,175,-1,163
1,<environment.Job instance at 0x7fadc555f2d0>,1,16,[5 9],2,-1,18,-1,2
1,<environment.Job instance at 0x7fadc555fdc0>,2,17,[7 4],3,-1,20,-1,3
1,<environment.Job instance at 0x7fadc56ba0f0>,6,17,[10  4],7,-1,24,-1,7
1,<environment.Job instance at 0x7fadc5d9c690>,8,14,[ 5 11],9,-1,23,-1,9
1,<environment.Job instance at 0x7fadc56baa00>,9,17,[1 7],10,-1,27,-1,10
1,<environment.Job instance at 0x7fadc56ba780>,10,14,[2 6],11,-1,25,-1,11
1,<environment.Job instance at 0x7fadc5ccaaa0>,12,18,[ 1 10],13,-1,31,-1,13
1,<environment.Job instance at 0x7fadc5cca2d0>,13,15,[1 5],14,-1,29,-1,14
1,<environment.Job instance at 0x7fadc5ccadc0>,14,12,[9 4],15,-1,27,-1,15
1,<environment.Job instance at 0x7fadc52dbbe0>,15,18,[6 1],16,-1,34,-1,16
1,<environment.Job instance at 0x7fadc52db5a0>,16,15,[4 7],17,-1,32,-1,17
1,<environment.Job instance at 0x7fadc52db050>,18,17,[9 3],19,-1,36,-1,19
1,<environment.Job instance at 0x7fadc52db6e0>,20,14,[10  1],21,-1,42,-1,28
1,<environment.Job instance at 0x7fadc566fc80>,26,13,[4 6],27,-1,48,-1,35
1,<environment.Job instance at 0x7fadc566f820>,27,18,[6 1],28,-1,57,-1,39
1,<environment.Job instance at 0x7fadc566f0a0>,28,17,[3 6],29,-1,71,-1,54
1,<environment.Job instance at 0x7fadc52db0f0>,22,18,[10  1],23,-1,72,-1,54
1,<environment.Job instance at 0x7fadc52dbe10>,23,15,[7 2],24,-1,76,-1,61
1,<environment.Job instance at 0x7fadc566faf0>,33,14,[9 2],34,-1,76,-1,62
1,<environment.Job instance at 0x7fadc566f5a0>,36,16,[1 9],37,-1,78,-1,62
1,<environment.Job instance at 0x7fadc5278eb0>,41,18,[4 6],42,-1,80,-1,62
1,<environment.Job instance at 0x7fadc52d8dc0>,40,13,[4 7],41,-1,75,-1,62
1,<environment.Job instance at 0x7fadc5278370>,44,14,[1 7],45,-1,76,-1,62
1,<environment.Job instance at 0x7fadc52782d0>,45,13,[10  4],46,-1,75,-1,62
1,<environment.Job instance at 0x7fadc5278cd0>,46,19,[5 4],47,-1,81,-1,62
1,<environment.Job instance at 0x7fadc5278050>,47,17,[1 8],48,-1,79,-1,62
1,<environment.Job instance at 0x7fadc52787d0>,48,18,[4 6],49,-1,81,-1,63
1,<environment.Job instance at 0x7fadc5278b90>,49,13,[8 2],50,-1,76,-1,63
1,<environment.Job instance at 0x7fadc566fe60>,32,15,[4 7],33,-1,78,-1,63
1,<environment.Job instance at 0x7fadc5300f00>,52,14,[5 6],53,-1,77,-1,63
1,<environment.Job instance at 0x7fadc5284dc0>,54,15,[9 3],55,-1,78,-1,63
1,<environment.Job instance at 0x7fadc5299550>,53,18,[10  1],54,-1,81,-1,63
1,<environment.Job instance at 0x7fadceefd870>,55,16,[ 5 13],56,-1,79,-1,63
1,<environment.Job instance at 0x7fadceefddc0>,56,17,[ 2 10],57,-1,80,-1,63
1,<environment.Job instance at 0x7fadc52e4730>,61,16,[9 3],62,-1,79,-1,63
1,<environment.Job instance at 0x7fadc566feb0>,24,27,[1 7],25,-1,92,-1,65
1,<environment.Job instance at 0x7fadc60a3cd0>,64,14,[5 8],65,-1,79,-1,65
1,<environment.Job instance at 0x7fadc60a35f0>,65,13,[7 3],66,-1,79,-1,66
1,<environment.Job instance at 0x7fadc5274500>,66,17,[11  2],67,-1,84,-1,67
1,<environment.Job instance at 0x7fadc5289050>,69,23,[9 3],70,-1,93,-1,70
1,<environment.Job instance at 0x7fadc5289c30>,71,15,[7 4],72,-1,87,-1,72
1,<environment.Job instance at 0x7fadc52895a0>,72,16,[7 2],73,-1,89,-1,73
1,<environment.Job instance at 0x7fadc5289b40>,73,3,[1 5],74,-1,77,-1,74
1,<environment.Job instance at 0x7fadc6094c30>,74,1,[5 2],75,-1,76,-1,75
1,<environment.Job instance at 0x7fadc60949b0>,75,14,[ 2 10],76,-1,90,-1,76
1,<environment.Job instance at 0x7fadc60943c0>,77,18,[2 7],78,-1,96,-1,78
1,<environment.Job instance at 0x7fadc56e0af0>,79,15,[8 5],80,-1,95,-1,80
1,<environment.Job instance at 0x7fadc56e0e60>,80,22,[9 3],81,-1,103,-1,81
1,<environment.Job instance at 0x7fadc56e0b90>,81,28,[1 5],82,-1,110,-1,82
1,<environment.Job instance at 0x7fadc4faa0f0>,87,22,[7 3],88,-1,110,-1,88
1,<environment.Job instance at 0x7fadc4faaa00>,89,14,[6 4],90,-1,109,-1,95
1,<environment.Job instance at 0x7fadc52e4370>,62,15,[ 2 12],63,-1,112,-1,97
1,<environment.Job instance at 0x7fadc56e0c30>,82,12,[ 4 14],83,-1,109,-1,97
1,<environment.Job instance at 0x7fadc5091b40>,96,18,[12  4],97,-1,116,-1,98
1,<environment.Job instance at 0x7fadc50914b0>,98,14,[5 9],99,-1,114,-1,100
1,<environment.Job instance at 0x7fadc67f8230>,100,18,[4 5],101,-1,119,-1,101
1,<environment.Job instance at 0x7fadc67f8320>,101,27,[6 5],102,-1,129,-1,102
1,<environment.Job instance at 0x7fadc557ed70>,104,17,[7 2],105,-1,124,-1,107
1,<environment.Job instance at 0x7fadc52df410>,107,16,[6 5],108,-1,124,-1,108
1,<environment.Job instance at 0x7fadc6456b90>,109,23,[4 9],110,-1,161,-1,138
1,<environment.Job instance at 0x7fadc51945f0>,115,16,[1 9],116,-1,154,-1,138
1,<environment.Job instance at 0x7fadc555f910>,8,14,[ 5 11],9,-1,32,-1,18
1,<environment.Job instance at 0x7fadc579bd70>,24,27,[1 7],25,-1,124,-1,97
1,<environment.Job instance at 0x7fadc66d51e0>,3,14,[5 2],4,-1,18,-1,4
1,<environment.Job instance at 0x7fadc66d5960>,4,17,[7 2],5,-1,22,-1,5
1,<environment.Job instance at 0x7fadc66d5780>,7,14,[3 8],8,-1,22,-1,8
1,<environment.Job instance at 0x7fadc66d5e10>,12,15,[9 5],13,-1,28,-1,13
1,<environment.Job instance at 0x7fadc6910820>,17,17,[3 5],18,-1,35,-1,18
1,<environment.Job instance at 0x7fadc6910280>,21,20,[5 5],22,-1,42,-1,22
1,<environment.Job instance at 0x7fadc6910410>,23,22,[2 8],24,-1,46,-1,24
1,<environment.Job instance at 0x7fadc599dd20>,27,18,[3 6],28,-1,46,-1,28
1,<environment.Job instance at 0x7fadc599dcd0>,32,20,[ 1 10],33,-1,53,-1,33
1,<environment.Job instance at 0x7fadc599d640>,33,17,[6 1],34,-1,51,-1,34
1,<environment.Job instance at 0x7fadc599d190>,36,16,[ 2 10],37,-1,53,-1,37
1,<environment.Job instance at 0x7fadc56b9af0>,42,21,[9 2],43,-1,66,-1,45
1,<environment.Job instance at 0x7fadc5f81dc0>,46,17,[3 9],47,-1,64,-1,47
1,<environment.Job instance at 0x7fadcf1487d0>,48,17,[2 8],49,-1,66,-1,49
1,<environment.Job instance at 0x7fadcf148640>,51,19,[6 5],52,-1,87,-1,68
1,<environment.Job instance at 0x7fadc56e9f50>,70,16,[ 4 10],71,-1,87,-1,71
1,<environment.Job instance at 0x7fadc56e9320>,72,18,[ 5 10],73,-1,91,-1,73
1,<environment.Job instance at 0x7fadcf148460>,52,25,[3 6],53,-1,120,-1,95
1,<environment.Job instance at 0x7fadcf536f00>,81,16,[ 5 10],82,-1,114,-1,98
1,<environment.Job instance at 0x7fadc68a1730>,87,18,[ 3 12],88,-1,126,-1,108
1,<environment.Job instance at 0x7fadc56e94b0>,80,12,[5 2],81,-1,144,-1,132
1,<environment.Job instance at 0x7fadcf536aa0>,82,15,[9 1],83,-1,149,-1,134
1,<environment.Job instance at 0x7fadc66636e0>,67,16,[8 2],68,-1,150,-1,134
1,<environment.Job instance at 0x7fadc5b81460>,95,12,[5 4],96,-1,146,-1,134
1,<environment.Job instance at 0x7fadc599d5f0>,38,17,[ 3 13],39,-1,151,-1,134
1,<environment.Job instance at 0x7fadc5b811e0>,96,17,[10  2],97,-1,151,-1,134
1,<environment.Job instance at 0x7fadc5b81af0>,98,18,[7 1],99,-1,152,-1,134
1,<environment.Job instance at 0x7fadc5b818c0>,97,22,[7 5],98,-1,156,-1,134
1,<environment.Job instance at 0x7fadc5b81820>,99,12,[4 5],100,-1,146,-1,134
1,<environment.Job instance at 0x7fadc5b81aa0>,100,12,[8 1],101,-1,146,-1,134
1,<environment.Job instance at 0x7fadc5b812d0>,102,15,[5 7],103,-1,158,-1,143
1,<environment.Job instance at 0x7fadc5b81a50>,101,16,[ 1 11],102,-1,164,-1,148
1,<environment.Job instance at 0x7fadc5e2b410>,109,18,[4 5],110,-1,166,-1,148
1,<environment.Job instance at 0x7fadc5e2baf0>,110,18,[6 2],111,-1,167,-1,149
1,<environment.Job instance at 0x7fadc5e2be10>,111,15,[4 5],112,-1,164,-1,149
1,<environment.Job instance at 0x7fadc5e2bdc0>,112,15,[4 8],113,-1,164,-1,149
1,<environment.Job instance at 0x7fadc5e2bcd0>,108,14,[5 4],109,-1,163,-1,149
1,<environment.Job instance at 0x7fadc5e2b960>,114,18,[ 3 10],115,-1,168,-1,150
1,<environment.Job instance at 0x7fadc5e2b910>,113,18,[12  1],114,-1,168,-1,150
1,<environment.Job instance at 0x7fadc5b81690>,94,17,[10  1],95,-1,167,-1,150
1,<environment.Job instance at 0x7fadc5e2b730>,117,18,[2 7],118,-1,168,-1,150
1,<environment.Job instance at 0x7fadc5e2b5a0>,118,16,[10  5],119,-1,166,-1,150
1,<environment.Job instance at 0x7fadc5e2b0f0>,120,13,[10  5],121,-1,164,-1,151
1,<environment.Job instance at 0x7fadc5e2b9b0>,122,26,[8 2],123,-1,177,-1,151
1,<environment.Job instance at 0x7fadc5402d70>,125,18,[10  1],126,-1,181,-1,163
1,<environment.Job instance at 0x7fadc5ff2b40>,132,17,[5 3],133,-1,183,-1,166
1,<environment.Job instance at 0x7fadcf1485f0>,6,1,[12  5],7,-1,8,-1,7
1,<environment.Job instance at 0x7fadc5f811e0>,9,16,[13  2],10,-1,30,-1,14
1,<environment.Job instance at 0x7fadc52dfe10>,35,13,[13  1],36,-1,87,-1,74
1,<environment.Job instance at 0x7fadc5c8ce60>,38,17,[ 3 13],39,-1,94,-1,77
1,<environment.Job instance at 0x7fadc55599b0>,45,13,[ 4 14],46,-1,105,-1,92
1,<environment.Job instance at 0x7fadc656dc30>,52,25,[3 6],53,-1,136,-1,111
1,<environment.Job instance at 0x7fadc5008320>,58,3,[ 1 13],59,-1,136,-1,133
1,<environment.Job instance at 0x7fadc694d050>,73,17,[13  3],74,-1,181,-1,164
1,<environment.Job instance at 0x7fadcf52d8c0>,77,13,[12  4],78,-1,181,-1,168
1,<environment.Job instance at 0x7fadc6098e10>,0,16,[4 9],1,-1,17,-1,1
1,<environment.Job instance at 0x7fadc524f4b0>,4,13,[9 2],5,-1,20,-1,7
1,<environment.Job instance at 0x7fadc524f6e0>,7,17,[3 8],8,-1,25,-1,8
1,<environment.Job instance at 0x7fadc524f730>,8,18,[5 5],9,-1,27,-1,9
1,<environment.Job instance at 0x7fadc524fa50>,12,18,[5 7],13,-1,31,-1,13
1,<environment.Job instance at 0x7fadc524fb40>,13,20,[2 6],14,-1,34,-1,14
1,<environment.Job instance at 0x7fadc524fd70>,16,15,[8 4],17,-1,32,-1,17
1,<environment.Job instance at 0x7fadc524ff00>,18,18,[5 3],19,-1,37,-1,19
1,<environment.Job instance at 0x7fadc524fd20>,19,18,[8 4],20,-1,38,-1,20
1,<environment.Job instance at 0x7fadc52280f0>,20,15,[1 8],21,-1,36,-1,21
1,<environment.Job instance at 0x7fadc5228140>,21,28,[7 5],22,-1,50,-1,22
1,<environment.Job instance at 0x7fadc5228280>,23,15,[10  2],24,-1,39,-1,24
1,<environment.Job instance at 0x7fadc5228370>,25,17,[2 9],26,-1,43,-1,26
1,<environment.Job instance at 0x7fadc5228500>,27,14,[3 8],28,-1,42,-1,28
1,<environment.Job instance at 0x7fadc5228640>,29,18,[4 6],30,-1,48,-1,30
1,<environment.Job instance at 0x7fadc5228be0>,32,17,[9 3],33,-1,50,-1,33
1,<environment.Job instance at 0x7fadc5228c30>,34,14,[2 9],35,-1,49,-1,35
1,<environment.Job instance at 0x7fadc5228cd0>,36,18,[9 5],37,-1,55,-1,37
1,<environment.Job instance at 0x7fadc523b140>,37,15,[10  2],38,-1,55,-1,40
1,<environment.Job instance at 0x7fadc523b280>,41,14,[10  4],42,-1,56,-1,42
1,<environment.Job instance at 0x7fadc523b1e0>,39,16,[ 2 10],40,-1,58,-1,42
1,<environment.Job instance at 0x7fadc523b410>,43,15,[ 4 10],44,-1,59,-1,44
1,<environment.Job instance at 0x7fadc523bd20>,49,13,[3 6],50,-1,64,-1,51
1,<environment.Job instance at 0x7fadc55b30f0>,53,17,[ 4 10],54,-1,71,-1,54
1,<environment.Job instance at 0x7fadc55b31e0>,54,2,[1 5],55,-1,58,-1,56
1,<environment.Job instance at 0x7fadc55b3500>,56,16,[ 1 10],57,-1,73,-1,57
1,<environment.Job instance at 0x7fadc55b34b0>,57,18,[ 3 11],58,-1,76,-1,58
1,<environment.Job instance at 0x7fadc55b3780>,60,18,[7 5],61,-1,79,-1,61
1,<environment.Job instance at 0x7fadc55b38c0>,61,16,[5 5],62,-1,78,-1,62
1,<environment.Job instance at 0x7fadc55b3960>,63,12,[1 5],64,-1,76,-1,64
1,<environment.Job instance at 0x7fadc55b3690>,64,12,[ 5 10],65,-1,77,-1,65
1,<environment.Job instance at 0x7fadc55b3a00>,65,19,[5 1],66,-1,85,-1,66
1,<environment.Job instance at 0x7fadc55b3be0>,66,24,[5 3],67,-1,92,-1,68
1,<environment.Job instance at 0x7fadc55b3af0>,67,13,[2 9],68,-1,82,-1,69
1,<environment.Job instance at 0x7fadc5228f00>,38,1,[10  2],39,-1,70,-1,69
1,<environment.Job instance at 0x7fadc55b3dc0>,70,16,[1 7],71,-1,87,-1,71
1,<environment.Job instance at 0x7fadc55d1410>,71,18,[6 5],72,-1,90,-1,72
1,<environment.Job instance at 0x7fadc55d1c80>,79,17,[8 3],80,-1,97,-1,80
1,<environment.Job instance at 0x7fadc55d1fa0>,81,18,[ 5 10],82,-1,100,-1,82
1,<environment.Job instance at 0x7fadc55d1190>,83,18,[2 7],84,-1,102,-1,84
1,<environment.Job instance at 0x7fadc55d1500>,85,15,[10  1],86,-1,101,-1,86
1,<environment.Job instance at 0x7fadc55bd320>,89,14,[8 2],90,-1,106,-1,92
1,<environment.Job instance at 0x7fadc55bd820>,96,26,[ 1 12],97,-1,123,-1,97
1,<environment.Job instance at 0x7fadc55bd870>,95,15,[6 2],96,-1,113,-1,98
1,<environment.Job instance at 0x7fadc55bd6e0>,94,19,[3 6],95,-1,117,-1,98
1,<environment.Job instance at 0x7fadc523bd70>,50,13,[9 1],51,-1,112,-1,99
1,<environment.Job instance at 0x7fadc55bd780>,98,12,[9 5],99,-1,113,-1,101
1,<environment.Job instance at 0x7fadc55bdaf0>,100,15,[ 4 10],101,-1,117,-1,102
1,<environment.Job instance at 0x7fadc55bddc0>,101,13,[1 5],102,-1,116,-1,103
1,<environment.Job instance at 0x7fadc56540a0>,105,16,[9 5],106,-1,122,-1,106
1,<environment.Job instance at 0x7fadc52386e0>,106,18,[6 5],107,-1,125,-1,107
1,<environment.Job instance at 0x7fadc5242190>,114,12,[10  4],115,-1,128,-1,116
1,<environment.Job instance at 0x7fadc564a550>,116,15,[8 4],117,-1,132,-1,117
1,<environment.Job instance at 0x7fadc525cc30>,117,16,[2 5],118,-1,134,-1,118
1,<environment.Job instance at 0x7fadc55b7190>,123,12,[9 4],124,-1,136,-1,124
1,<environment.Job instance at 0x7fadc55b7aa0>,132,16,[4 9],133,-1,149,-1,133
1,<environment.Job instance at 0x7fadc55b7f00>,135,20,[5 4],136,-1,156,-1,136
1,<environment.Job instance at 0x7fadc4fb21e0>,115,21,[ 2 10],116,-1,158,-1,137
1,<environment.Job instance at 0x7fadc55ca190>,141,17,[5 8],142,-1,159,-1,142
1,<environment.Job instance at 0x7fadc55ca050>,136,24,[ 1 10],137,-1,166,-1,142
1,<environment.Job instance at 0x7fadc55ca690>,143,25,[4 6],144,-1,169,-1,144
1,<environment.Job instance at 0x7fadc55ca8c0>,144,16,[ 5 10],145,-1,161,-1,145
1,<environment.Job instance at 0x7fadc55d1460>,75,15,[ 4 12],76,-1,166,-1,151
1,<environment.Job instance at 0x7fadc55b3370>,9,16,[13  5],10,-1,33,-1,17
1,<environment.Job instance at 0x7fadc5238960>,17,1,[ 3 11],18,-1,37,-1,36
1,<environment.Job instance at 0x7fadc55bd910>,21,28,[7 5],22,-1,96,-1,68
1,<environment.Job instance at 0x7fadc6211050>,47,1,[ 2 11],48,-1,181,-1,180
1,<environment.Job instance at 0x7fadc59eefa0>,3,15,[ 5 10],4,-1,20,-1,5
1,<environment.Job instance at 0x7fadc6384370>,4,18,[8 1],5,-1,23,-1,5
1,<environment.Job instance at 0x7fadc68c89b0>,7,12,[10  3],8,-1,22,-1,10
1,<environment.Job instance at 0x7fadc68c8b90>,10,18,[5 7],11,-1,29,-1,11
1,<environment.Job instance at 0x7fadc68c8cd0>,11,13,[ 3 10],12,-1,25,-1,12
1,<environment.Job instance at 0x7fadc68c82d0>,12,18,[6 5],13,-1,31,-1,13
1,<environment.Job instance at 0x7fadc68c80f0>,13,24,[ 5 11],14,-1,38,-1,14
1,<environment.Job instance at 0x7fadc68c84b0>,9,14,[ 5 10],10,-1,28,-1,14
1,<environment.Job instance at 0x7fadc68c8b40>,14,16,[9 5],15,-1,32,-1,16
1,<environment.Job instance at 0x7fadc5c8cbe0>,23,1,[10  5],24,-1,25,-1,24
1,<environment.Job instance at 0x7fadc4fb85a0>,24,16,[12  5],25,-1,41,-1,25
1,<environment.Job instance at 0x7fadc5631230>,26,17,[10  5],27,-1,44,-1,27
1,<environment.Job instance at 0x7fadc4fcb910>,27,12,[10  4],28,-1,40,-1,28
1,<environment.Job instance at 0x7fadc4fcb870>,29,21,[7 5],30,-1,51,-1,30
1,<environment.Job instance at 0x7fadc503f690>,34,18,[1 8],35,-1,53,-1,35
1,<environment.Job instance at 0x7fadc620da50>,35,21,[6 2],36,-1,61,-1,40
1,<environment.Job instance at 0x7fadc57d10f0>,42,17,[5 5],43,-1,60,-1,43
1,<environment.Job instance at 0x7fadc57d16e0>,44,15,[5 9],45,-1,60,-1,45
1,<environment.Job instance at 0x7fadc57d1e10>,46,17,[7 1],47,-1,64,-1,47
1,<environment.Job instance at 0x7fadc57d1960>,47,16,[6 1],48,-1,64,-1,48
1,<environment.Job instance at 0x7fadc6342a00>,49,16,[9 2],50,-1,66,-1,50
1,<environment.Job instance at 0x7fadc6342690>,53,17,[2 7],54,-1,71,-1,54
1,<environment.Job instance at 0x7fadc644f870>,56,17,[ 2 10],57,-1,74,-1,57
1,<environment.Job instance at 0x7fadc644ffa0>,57,16,[3 9],58,-1,74,-1,58
1,<environment.Job instance at 0x7fadc6538c30>,59,16,[6 3],60,-1,76,-1,60
1,<environment.Job instance at 0x7fadc644f320>,60,14,[7 4],61,-1,75,-1,61
1,<environment.Job instance at 0x7fadc6538140>,63,18,[5 3],64,-1,82,-1,64
1,<environment.Job instance at 0x7fadc5c59320>,64,14,[7 5],65,-1,79,-1,65
1,<environment.Job instance at 0x7fadc5c59eb0>,65,14,[5 5],66,-1,80,-1,66
1,<environment.Job instance at 0x7fadc5c592d0>,66,22,[8 4],67,-1,89,-1,67
1,<environment.Job instance at 0x7fadc5c59550>,67,20,[5 5],68,-1,88,-1,68
1,<environment.Job instance at 0x7fadc5c59fa0>,68,20,[6 2],69,-1,89,-1,69
1,<environment.Job instance at 0x7fadc5c59050>,69,14,[ 2 10],70,-1,84,-1,70
1,<environment.Job instance at 0x7fadc5c59730>,70,17,[11  3],71,-1,88,-1,71
1,<environment.Job instance at 0x7fadc5b4ec80>,72,15,[6 5],73,-1,88,-1,73
1,<environment.Job instance at 0x7fadc620daa0>,39,17,[9 1],40,-1,107,-1,90
1,<environment.Job instance at 0x7fadc5109500>,87,23,[2 9],88,-1,113,-1,90
1,<environment.Job instance at 0x7fadc5653d20>,83,13,[3 6],84,-1,106,-1,93
1,<environment.Job instance at 0x7fadc59790f0>,84,17,[5 1],85,-1,110,-1,93
1,<environment.Job instance at 0x7fadc5627f00>,89,16,[7 1],90,-1,109,-1,93
1,<environment.Job instance at 0x7fadc51eebe0>,93,16,[8 1],94,-1,110,-1,94
1,<environment.Job instance at 0x7fadc51ee730>,90,15,[4 6],91,-1,110,-1,95
1,<environment.Job instance at 0x7fadc51ff4b0>,96,15,[10  3],97,-1,112,-1,97
1,<environment.Job instance at 0x7fadc51ffa00>,97,15,[5 3],98,-1,113,-1,98
1,<environment.Job instance at 0x7fadcef8deb0>,99,18,[4 9],100,-1,118,-1,100
1,<environment.Job instance at 0x7fadc511cbe0>,102,13,[4 8],103,-1,116,-1,103
1,<environment.Job instance at 0x7fadc4fb2870>,94,17,[5 5],95,-1,122,-1,105
1,<environment.Job instance at 0x7fadc6581050>,109,12,[10  1],110,-1,123,-1,111
1,<environment.Job instance at 0x7fadc6560f50>,111,23,[10  2],112,-1,135,-1,112
1,<environment.Job instance at 0x7fadc6560410>,113,17,[6 2],114,-1,131,-1,114
1,<environment.Job instance at 0x7fadc6560e10>,114,18,[2 9],115,-1,133,-1,115
1,<environment.Job instance at 0x7fadc6560be0>,115,17,[5 9],116,-1,133,-1,116
1,<environment.Job instance at 0x7fadc6581eb0>,110,13,[10  5],111,-1,130,-1,117
1,<environment.Job instance at 0x7fadc57ecdc0>,116,15,[3 6],117,-1,134,-1,119
1,<environment.Job instance at 0x7fadc67a7140>,119,15,[1 8],120,-1,135,-1,120
1,<environment.Job instance at 0x7fadc52196e0>,121,15,[4 5],122,-1,137,-1,122
1,<environment.Job instance at 0x7fadc67a75f0>,122,15,[9 3],123,-1,138,-1,123
1,<environment.Job instance at 0x7fadc57e6870>,123,14,[1 6],124,-1,138,-1,124
1,<environment.Job instance at 0x7fadc57e6f50>,124,17,[7 2],125,-1,142,-1,125
1,<environment.Job instance at 0x7fadc5970460>,126,15,[9 5],127,-1,142,-1,127
1,<environment.Job instance at 0x7fadc64c33c0>,127,17,[10  1],128,-1,145,-1,128
1,<environment.Job instance at 0x7fadc64c3910>,128,16,[ 5 10],129,-1,145,-1,129
1,<environment.Job instance at 0x7fadc64c39b0>,129,17,[3 7],130,-1,147,-1,130
1,<environment.Job instance at 0x7fadc64c38c0>,134,18,[8 4],135,-1,153,-1,135
1,<environment.Job instance at 0x7fadc64c30a0>,140,17,[ 5 11],141,-1,167,-1,150
1,<environment.Job instance at 0x7fadc59890f0>,150,14,[8 4],151,-1,165,-1,151
1,<environment.Job instance at 0x7fadc5b40a00>,13,24,[ 5 11],14,-1,47,-1,23
1,<environment.Job instance at 0x7fadc61f8910>,24,16,[12  5],25,-1,84,-1,68
1,<environment.Job instance at 0x7fadc64afb40>,31,19,[14  4],32,-1,103,-1,84
1,<environment.Job instance at 0x7fadc5f652d0>,37,3,[ 5 11],38,-1,101,-1,98
1,<environment.Job instance at 0x7fadc66c51e0>,38,1,[11  4],39,-1,99,-1,98
1,<environment.Job instance at 0x7fadc663ee10>,9,18,[7 1],10,-1,30,-1,12
1,<environment.Job instance at 0x7fadc663e500>,11,18,[7 5],12,-1,30,-1,12
1,<environment.Job instance at 0x7fadc53b6e10>,16,17,[6 5],17,-1,34,-1,17
1,<environment.Job instance at 0x7fadc53b6e60>,17,18,[9 5],18,-1,36,-1,18
1,<environment.Job instance at 0x7fadc53b6be0>,18,13,[10  3],19,-1,35,-1,22
1,<environment.Job instance at 0x7fadc53b6780>,23,13,[3 9],24,-1,37,-1,24
1,<environment.Job instance at 0x7fadc53b6f50>,24,17,[9 4],25,-1,42,-1,25
1,<environment.Job instance at 0x7fadc53b6d70>,26,23,[ 4 10],27,-1,50,-1,27
1,<environment.Job instance at 0x7fadc5136730>,27,15,[10  1],28,-1,45,-1,30
1,<environment.Job instance at 0x7fadc5136230>,31,28,[9 4],32,-1,60,-1,32
1,<environment.Job instance at 0x7fadc5bde500>,33,18,[6 3],34,-1,52,-1,34
1,<environment.Job instance at 0x7fadc5a0e5f0>,36,16,[7 3],37,-1,53,-1,37
1,<environment.Job instance at 0x7fadc5985eb0>,38,12,[9 2],39,-1,51,-1,39
1,<environment.Job instance at 0x7fadc59855a0>,39,17,[10  5],40,-1,57,-1,40
1,<environment.Job instance at 0x7fadc51365f0>,29,16,[3 8],30,-1,56,-1,40
1,<environment.Job instance at 0x7fadc61c20f0>,51,18,[9 3],52,-1,80,-1,62
1,<environment.Job instance at 0x7fadc59b0af0>,62,24,[3 5],63,-1,91,-1,67
1,<environment.Job instance at 0x7fadc55c80a0>,57,14,[5 3],58,-1,81,-1,67
1,<environment.Job instance at 0x7fadc51eecd0>,32,25,[12  5],33,-1,93,-1,68
1,<environment.Job instance at 0x7fadcef3e230>,61,14,[8 4],62,-1,82,-1,68
1,<environment.Job instance at 0x7fadc5e7caf0>,65,27,[1 5],66,-1,95,-1,68
1,<environment.Job instance at 0x7fadc57a2410>,64,16,[5 5],65,-1,84,-1,68
1,<environment.Job instance at 0x7fadcef3ea50>,59,16,[4 7],60,-1,85,-1,69
1,<environment.Job instance at 0x7fadc4faa8c0>,66,15,[4 5],67,-1,85,-1,70
1,<environment.Job instance at 0x7fadc68cb640>,73,14,[11  5],74,-1,88,-1,74
1,<environment.Job instance at 0x7fadc68cb5f0>,74,17,[3 7],75,-1,92,-1,75
1,<environment.Job instance at 0x7fadcef8deb0>,69,14,[4 8],70,-1,90,-1,76
1,<environment.Job instance at 0x7fadcef44550>,75,14,[4 9],76,-1,94,-1,80
1,<environment.Job instance at 0x7fadc56a9370>,81,19,[5 8],82,-1,101,-1,82
1,<environment.Job instance at 0x7fadc5fdbb40>,84,14,[ 1 10],85,-1,99,-1,85
1,<environment.Job instance at 0x7fadc56a9730>,79,15,[9 4],80,-1,116,-1,101
1,<environment.Job instance at 0x7fadc68676e0>,92,16,[8 5],93,-1,117,-1,101
1,<environment.Job instance at 0x7fadc6867460>,93,21,[4 8],94,-1,122,-1,101
1,<environment.Job instance at 0x7fadc5fdbc80>,88,16,[6 3],89,-1,126,-1,110
1,<environment.Job instance at 0x7fadc5198460>,96,13,[5 4],97,-1,123,-1,110
1,<environment.Job instance at 0x7fadc5198280>,98,17,[ 1 10],99,-1,127,-1,110
1,<environment.Job instance at 0x7fadc5198370>,100,12,[2 7],101,-1,122,-1,110
1,<environment.Job instance at 0x7fadc5198d70>,102,12,[7 5],103,-1,122,-1,110
1,<environment.Job instance at 0x7fadc5911550>,104,16,[ 2 11],105,-1,126,-1,110
1,<environment.Job instance at 0x7fadc5911f00>,105,12,[5 6],106,-1,122,-1,110
1,<environment.Job instance at 0x7fadc5096780>,67,17,[6 2],68,-1,128,-1,111
1,<environment.Job instance at 0x7fadc50e3690>,110,15,[6 2],111,-1,128,-1,113
1,<environment.Job instance at 0x7fadc5724230>,111,15,[8 2],112,-1,128,-1,113
1,<environment.Job instance at 0x7fadc5724140>,114,14,[9 4],115,-1,134,-1,120
1,<environment.Job instance at 0x7fadc6867e60>,94,13,[7 1],95,-1,133,-1,120
1,<environment.Job instance at 0x7fadc54716e0>,118,15,[6 2],119,-1,136,-1,121
1,<environment.Job instance at 0x7fadc50bf190>,121,17,[ 3 10],122,-1,139,-1,122
1,<environment.Job instance at 0x7fadcef29be0>,130,22,[5 2],131,-1,156,-1,134
1,<environment.Job instance at 0x7fadc51d73c0>,135,19,[9 4],136,-1,155,-1,136
1,<environment.Job instance at 0x7fadc51d7370>,136,13,[ 4 10],137,-1,151,-1,138
1,<environment.Job instance at 0x7fadc51d7730>,138,16,[10  1],139,-1,155,-1,139
1,<environment.Job instance at 0x7fadc51d74b0>,140,28,[6 4],141,-1,169,-1,141
1,<environment.Job instance at 0x7fadc50bfd20>,119,15,[6 1],120,-1,160,-1,145
1,<environment.Job instance at 0x7fadc51d7640>,137,14,[2 5],138,-1,159,-1,145
1,<environment.Job instance at 0x7fadc66d1c80>,145,26,[9 2],146,-1,172,-1,146
1,<environment.Job instance at 0x7fadc595f4b0>,146,17,[3 7],147,-1,164,-1,147
1,<environment.Job instance at 0x7fadc595fc30>,147,16,[10  1],148,-1,164,-1,148
1,<environment.Job instance at 0x7fadc54711e0>,8,16,[ 4 12],9,-1,25,-1,9
1,<environment.Job instance at 0x7fadc5ca3550>,12,3,[12  2],13,-1,16,-1,13
1,<environment.Job instance at 0x7fadc55bbf50>,13,18,[13  1],14,-1,32,-1,14
1,<environment.Job instance at 0x7fadc57d1550>,26,23,[ 4 10],27,-1,90,-1,67
1,<environment.Job instance at 0x7fadcf2af730>,31,28,[9 4],32,-1,102,-1,74
1,<environment.Job instance at 0x7fadc5e6e8c0>,32,25,[12  5],33,-1,99,-1,74
1,<environment.Job instance at 0x7fadc53fb500>,44,25,[1 6],45,-1,149,-1,124
1,<environment.Job instance at 0x7fadc5cc97d0>,8,13,[6 3],9,-1,23,-1,10
1,<environment.Job instance at 0x7fadc5198a50>,10,3,[13  2],11,-1,14,-1,11
1,<environment.Job instance at 0x7fadc52ba870>,17,18,[6 1],18,-1,37,-1,19
1,<environment.Job instance at 0x7fadc63aa8c0>,19,17,[5 7],20,-1,39,-1,22
1,<environment.Job instance at 0x7fadc603a690>,24,15,[4 7],25,-1,42,-1,27
1,<environment.Job instance at 0x7fadc603a3c0>,25,16,[7 4],26,-1,43,-1,27
1,<environment.Job instance at 0x7fadc51981e0>,14,20,[ 1 10],15,-1,48,-1,28
1,<environment.Job instance at 0x7fadc5cc9b90>,9,15,[ 5 13],10,-1,48,-1,33
1,<environment.Job instance at 0x7fadcf45df50>,31,24,[10  2],32,-1,57,-1,33
1,<environment.Job instance at 0x7fadc644f6e0>,28,15,[6 4],29,-1,48,-1,33
1,<environment.Job instance at 0x7fadc644f0a0>,30,17,[1 6],31,-1,52,-1,35
1,<environment.Job instance at 0x7fadc63529b0>,35,16,[10  3],36,-1,53,-1,37
1,<environment.Job instance at 0x7fadc63528c0>,37,21,[1 8],38,-1,60,-1,39
1,<environment.Job instance at 0x7fadc6352a50>,38,17,[5 7],39,-1,63,-1,46
1,<environment.Job instance at 0x7fadc66516e0>,16,15,[5 3],17,-1,62,-1,47
1,<environment.Job instance at 0x7fadc63520f0>,39,15,[8 1],40,-1,63,-1,48
1,<environment.Job instance at 0x7fadc5226af0>,43,25,[6 2],44,-1,73,-1,48
1,<environment.Job instance at 0x7fadc596de60>,44,15,[10  3],45,-1,63,-1,48
1,<environment.Job instance at 0x7fadc596d780>,46,20,[ 5 11],47,-1,68,-1,48
1,<environment.Job instance at 0x7fadc596d500>,47,14,[6 5],48,-1,62,-1,48
1,<environment.Job instance at 0x7fadc678cd70>,48,15,[10  5],49,-1,65,-1,50
1,<environment.Job instance at 0x7fadc63bfe10>,53,17,[8 4],54,-1,71,-1,54
1,<environment.Job instance at 0x7fadc689c6e0>,57,16,[7 2],58,-1,87,-1,71
1,<environment.Job instance at 0x7fadc55660a0>,58,18,[5 3],59,-1,90,-1,72
1,<environment.Job instance at 0x7fadc66d1640>,59,16,[5 4],60,-1,89,-1,73
1,<environment.Job instance at 0x7fadc5978aa0>,32,2,[ 1 10],33,-1,75,-1,73
1,<environment.Job instance at 0x7fadc6651dc0>,15,18,[5 5],16,-1,91,-1,73
1,<environment.Job instance at 0x7fadc501dfa0>,64,17,[1 9],65,-1,90,-1,73
1,<environment.Job instance at 0x7fadc501d4b0>,63,17,[10  5],64,-1,90,-1,73
1,<environment.Job instance at 0x7fadc525c2d0>,65,17,[13  3],66,-1,90,-1,73
1,<environment.Job instance at 0x7fadc5e81460>,68,14,[10  4],69,-1,87,-1,73
1,<environment.Job instance at 0x7fadc4fb2550>,72,16,[8 4],73,-1,89,-1,73
1,<environment.Job instance at 0x7fadc5b00820>,1,14,[ 4 14],2,-1,16,-1,2
1,<environment.Job instance at 0x7fadc549c960>,9,15,[ 5 13],10,-1,31,-1,16
1,<environment.Job instance at 0x7fadc549ceb0>,10,3,[13  2],11,-1,19,-1,16
1,<environment.Job instance at 0x7fadc5af3640>,21,18,[12  2],22,-1,56,-1,38
1,<environment.Job instance at 0x7fadc5af3870>,22,2,[ 2 13],23,-1,40,-1,38
1,<environment.Job instance at 0x7fadc6755050>,23,13,[ 1 11],24,-1,51,-1,38
1,<environment.Job instance at 0x7fadc69645f0>,31,24,[10  2],32,-1,94,-1,70
1,<environment.Job instance at 0x7fadc5fcd910>,43,25,[6 2],44,-1,145,-1,120
1,<environment.Job instance at 0x7fadc521af50>,46,20,[ 5 11],47,-1,141,-1,121
1,<environment.Job instance at 0x7fadc5df26e0>,0,17,[5 6],1,-1,18,-1,1
1,<environment.Job instance at 0x7fadc501c960>,10,19,[8 1],11,-1,30,-1,11
1,<environment.Job instance at 0x7fadc5858320>,13,14,[10  5],14,-1,30,-1,16
1,<environment.Job instance at 0x7fadc58585f0>,17,18,[9 5],18,-1,36,-1,18
1,<environment.Job instance at 0x7fadc5575b90>,20,16,[9 2],21,-1,37,-1,21
1,<environment.Job instance at 0x7fadc556ed70>,23,18,[6 2],24,-1,42,-1,24
1,<environment.Job instance at 0x7fadc500ac80>,24,25,[9 4],25,-1,50,-1,25
1,<environment.Job instance at 0x7fadc4ffa550>,27,14,[ 4 10],28,-1,42,-1,28
1,<environment.Job instance at 0x7fadc501cf50>,29,18,[8 4],30,-1,48,-1,30
1,<environment.Job instance at 0x7fadc574fa00>,31,21,[2 6],32,-1,53,-1,32
1,<environment.Job instance at 0x7fadc574f7d0>,32,16,[1 6],33,-1,49,-1,33
1,<environment.Job instance at 0x7fadc574fbe0>,33,15,[5 3],34,-1,49,-1,34
1,<environment.Job instance at 0x7fadc574f550>,35,14,[5 2],36,-1,50,-1,36
1,<environment.Job instance at 0x7fadc574f230>,36,14,[6 2],37,-1,51,-1,37
1,<environment.Job instance at 0x7fadc574f910>,38,17,[1 7],39,-1,56,-1,39
1,<environment.Job instance at 0x7fadc5b70d70>,40,15,[8 2],41,-1,56,-1,41
1,<environment.Job instance at 0x7fadc51fcd20>,50,16,[2 5],51,-1,67,-1,51
1,<environment.Job instance at 0x7fadc51fcb40>,51,14,[7 4],52,-1,66,-1,52
1,<environment.Job instance at 0x7fadc5743be0>,54,17,[6 2],55,-1,72,-1,55
1,<environment.Job instance at 0x7fadc5743a00>,55,12,[10  3],56,-1,68,-1,56
1,<environment.Job instance at 0x7fadc5752dc0>,56,26,[7 5],57,-1,83,-1,57
1,<environment.Job instance at 0x7fadc5752140>,59,12,[7 5],60,-1,72,-1,60
1,<environment.Job instance at 0x7fadc57520a0>,60,14,[4 9],61,-1,75,-1,61
1,<environment.Job instance at 0x7fadc5752fa0>,61,16,[1 7],62,-1,78,-1,62
1,<environment.Job instance at 0x7fadc51e9c30>,62,25,[1 9],63,-1,88,-1,63
1,<environment.Job instance at 0x7fadc51e9690>,63,18,[6 3],64,-1,82,-1,64
1,<environment.Job instance at 0x7fadc51e9280>,65,18,[6 5],66,-1,84,-1,66
1,<environment.Job instance at 0x7fadc520e870>,70,24,[5 4],71,-1,95,-1,71
1,<environment.Job instance at 0x7fadc520e3c0>,71,13,[3 7],72,-1,85,-1,72
1,<environment.Job instance at 0x7fadc520ec80>,73,28,[1 9],74,-1,102,-1,74
1,<environment.Job instance at 0x7fadc521b9b0>,76,17,[10  4],77,-1,94,-1,77
1,<environment.Job instance at 0x7fadc521be60>,77,16,[10  2],78,-1,94,-1,78
1,<environment.Job instance at 0x7fadc521bdc0>,78,18,[10  5],79,-1,97,-1,79
1,<environment.Job instance at 0x7fadc521b460>,80,15,[7 3],81,-1,96,-1,81
1,<environment.Job instance at 0x7fadc521b0a0>,82,17,[7 5],83,-1,100,-1,83
1,<environment.Job instance at 0x7fadc5209aa0>,85,16,[9 5],86,-1,102,-1,86
1,<environment.Job instance at 0x7fadc52165f0>,86,17,[7 5],87,-1,104,-1,87
1,<environment.Job instance at 0x7fadc5216050>,87,16,[2 8],88,-1,104,-1,88
1,<environment.Job instance at 0x7fadc5216280>,88,27,[9 1],89,-1,116,-1,89
1,<environment.Job instance at 0x7fadc5bb8c30>,89,16,[1 7],90,-1,106,-1,90
1,<environment.Job instance at 0x7fadc5bc1820>,96,14,[5 5],97,-1,111,-1,97
1,<environment.Job instance at 0x7fadc59b3f00>,98,15,[8 3],99,-1,114,-1,99
1,<environment.Job instance at 0x7fadc5b87870>,103,16,[8 3],104,-1,120,-1,104
1,<environment.Job instance at 0x7fadc5b74690>,104,12,[ 2 10],105,-1,117,-1,105
1,<environment.Job instance at 0x7fadc5858f50>,15,15,[1 7],16,-1,121,-1,106
1,<environment.Job instance at 0x7fadc59de500>,111,17,[2 7],112,-1,130,-1,113
1,<environment.Job instance at 0x7fadc59b82d0>,114,15,[9 3],115,-1,130,-1,115
1,<environment.Job instance at 0x7fadc59b87d0>,115,28,[5 2],116,-1,144,-1,116
1,<environment.Job instance at 0x7fadc59de320>,112,12,[9 4],113,-1,129,-1,117
1,<environment.Job instance at 0x7fadc59b8870>,117,16,[2 8],118,-1,135,-1,119
1,<environment.Job instance at 0x7fadc59b8af0>,119,13,[1 5],120,-1,133,-1,120
1,<environment.Job instance at 0x7fadc556e8c0>,121,18,[8 2],122,-1,140,-1,122
1,<environment.Job instance at 0x7fadc59b8c30>,122,18,[5 9],123,-1,141,-1,123
1,<environment.Job instance at 0x7fadc5829640>,123,15,[ 4 10],124,-1,139,-1,124
1,<environment.Job instance at 0x7fadc5829370>,126,15,[7 5],127,-1,142,-1,127
1,<environment.Job instance at 0x7fadc5829820>,127,20,[5 5],128,-1,148,-1,128
1,<environment.Job instance at 0x7fadc5829a50>,128,15,[6 3],129,-1,144,-1,129
1,<environment.Job instance at 0x7fadc5582b90>,129,12,[10  4],130,-1,142,-1,130
1,<environment.Job instance at 0x7fadc5582d20>,130,27,[5 7],131,-1,158,-1,131
1,<environment.Job instance at 0x7fadc5830a50>,131,15,[8 3],132,-1,147,-1,132
1,<environment.Job instance at 0x7fadc5830cd0>,133,23,[9 1],134,-1,157,-1,134
1,<environment.Job instance at 0x7fadc58306e0>,137,17,[9 5],138,-1,155,-1,138
1,<environment.Job instance at 0x7fadc55810f0>,143,16,[10  1],144,-1,162,-1,146
1,<environment.Job instance at 0x7fadc5581910>,145,15,[14  1],146,-1,161,-1,146
1,<environment.Job instance at 0x7fadc520e910>,2,16,[12  1],3,-1,19,-1,3
1,<environment.Job instance at 0x7fadc59b6960>,5,24,[5 2],6,-1,30,-1,6
1,<environment.Job instance at 0x7fadcf108f50>,6,17,[ 3 14],7,-1,24,-1,7
1,<environment.Job instance at 0x7fadc6833550>,24,25,[9 4],25,-1,78,-1,53
1,<environment.Job instance at 0x7fadc53c8aa0>,41,1,[ 4 13],42,-1,93,-1,92
1,<environment.Job instance at 0x7fadc58d4550>,56,26,[7 5],57,-1,158,-1,132
1,<environment.Job instance at 0x7fadc58b85a0>,62,25,[1 9],63,-1,188,-1,163
1,<environment.Job instance at 0x7fadc590e410>,70,24,[5 4],71,-1,208,-1,184
1,<environment.Job instance at 0x7fadc5b74d70>,1,17,[8 2],2,-1,21,-1,4
1,<environment.Job instance at 0x7fadc5b74f50>,5,14,[3 9],6,-1,20,-1,6
1,<environment.Job instance at 0x7fadc5b74cd0>,6,18,[5 5],7,-1,25,-1,7
1,<environment.Job instance at 0x7fadc5b74a50>,9,18,[9 3],10,-1,28,-1,10
1,<environment.Job instance at 0x7fadc5b748c0>,10,13,[9 5],11,-1,24,-1,11
1,<environment.Job instance at 0x7fadc52168c0>,13,18,[9 4],14,-1,32,-1,14
1,<environment.Job instance at 0x7fadc5b74870>,3,15,[ 1 10],4,-1,31,-1,16
1,<environment.Job instance at 0x7fadc5b74230>,16,17,[4 8],17,-1,34,-1,17
1,<environment.Job instance at 0x7fadc5216f50>,17,20,[7 1],18,-1,39,-1,19
1,<environment.Job instance at 0x7fadc52169b0>,19,17,[8 1],20,-1,37,-1,20
1,<environment.Job instance at 0x7fadc5216a50>,20,12,[9 5],21,-1,33,-1,21
1,<environment.Job instance at 0x7fadc5216e10>,22,13,[1 9],23,-1,36,-1,23
1,<environment.Job instance at 0x7fadc5216730>,23,16,[9 2],24,-1,40,-1,24
1,<environment.Job instance at 0x7fadc5216e60>,24,13,[5 9],25,-1,38,-1,25
1,<environment.Job instance at 0x7fadc5216b40>,26,16,[7 5],27,-1,43,-1,27
1,<environment.Job instance at 0x7fadc5209190>,34,18,[ 5 10],35,-1,55,-1,37
1,<environment.Job instance at 0x7fadc5209e60>,37,26,[9 1],38,-1,64,-1,38
1,<environment.Job instance at 0x7fadc5bdc8c0>,39,12,[10  1],40,-1,52,-1,40
1,<environment.Job instance at 0x7fadc5bdcaf0>,42,20,[ 5 10],43,-1,65,-1,45
1,<environment.Job instance at 0x7fadc5bdc050>,48,16,[2 9],49,-1,65,-1,49
1,<environment.Job instance at 0x7fadc5bdc370>,49,17,[ 4 10],50,-1,67,-1,50
1,<environment.Job instance at 0x7fadc5bdc3c0>,50,14,[8 2],51,-1,65,-1,51
1,<environment.Job instance at 0x7fadc5bdcb40>,51,18,[10  3],52,-1,73,-1,55
1,<environment.Job instance at 0x7fadc5209320>,36,23,[3 6],37,-1,78,-1,55
1,<environment.Job instance at 0x7fadc5bc1500>,63,16,[7 5],64,-1,110,-1,94
1,<environment.Job instance at 0x7fadc5743fa0>,65,17,[9 4],66,-1,111,-1,94
1,<environment.Job instance at 0x7fadc59b8f50>,72,18,[8 1],73,-1,115,-1,97
1,<environment.Job instance at 0x7fadc5bc17d0>,60,14,[4 9],61,-1,111,-1,97
1,<environment.Job instance at 0x7fadc59b8640>,71,15,[7 3],72,-1,112,-1,97
1,<environment.Job instance at 0x7fadc59b8aa0>,76,22,[5 9],77,-1,120,-1,98
1,<environment.Job instance at 0x7fadc59b81e0>,74,16,[4 8],75,-1,114,-1,98
1,<environment.Job instance at 0x7fadc59b6690>,82,18,[5 4],83,-1,116,-1,98
1,<environment.Job instance at 0x7fadc59b62d0>,83,16,[8 4],84,-1,114,-1,98
1,<environment.Job instance at 0x7fadc59b8c80>,79,13,[7 1],80,-1,111,-1,98
1,<environment.Job instance at 0x7fadc59b6fa0>,84,12,[5 7],85,-1,110,-1,98
1,<environment.Job instance at 0x7fadc5bdc5f0>,45,27,[9 2],46,-1,126,-1,99
1,<environment.Job instance at 0x7fadc59b6af0>,81,14,[1 8],82,-1,113,-1,99
1,<environment.Job instance at 0x7fadc59cbfa0>,97,28,[1 7],98,-1,129,-1,101
1,<environment.Job instance at 0x7fadc59b3870>,99,16,[9 1],100,-1,119,-1,103
1,<environment.Job instance at 0x7fadc59b3f00>,100,15,[10  2],101,-1,128,-1,113
1,<environment.Job instance at 0x7fadc64004b0>,101,18,[4 7],102,-1,140,-1,122
1,<environment.Job instance at 0x7fadc5fbcfa0>,109,15,[10  1],110,-1,150,-1,135
1,<environment.Job instance at 0x7fadc59b6910>,92,19,[14  1],93,-1,156,-1,137
1,<environment.Job instance at 0x7fadc639ca50>,111,15,[5 5],112,-1,152,-1,137
1,<environment.Job instance at 0x7fadc578ca50>,112,17,[14  3],113,-1,154,-1,137
1,<environment.Job instance at 0x7fadc68de9b0>,113,13,[6 3],114,-1,150,-1,137
1,<environment.Job instance at 0x7fadc51ed4b0>,115,18,[4 5],116,-1,159,-1,141
1,<environment.Job instance at 0x7fadc509f190>,114,16,[1 7],115,-1,157,-1,141
1,<environment.Job instance at 0x7fadc51edbe0>,117,16,[7 5],118,-1,157,-1,141
1,<environment.Job instance at 0x7fadc6667f00>,104,17,[ 1 12],105,-1,168,-1,151
1,<environment.Job instance at 0x7fadc51ed9b0>,119,13,[ 3 10],120,-1,164,-1,151
1,<environment.Job instance at 0x7fadc55757d0>,123,12,[3 7],124,-1,163,-1,151
1,<environment.Job instance at 0x7fadc51290a0>,127,15,[5 9],128,-1,182,-1,167
1,<environment.Job instance at 0x7fadc53c8050>,131,13,[5 2],132,-1,180,-1,167
1,<environment.Job instance at 0x7fadc5b923c0>,129,14,[7 5],130,-1,181,-1,167
1,<environment.Job instance at 0x7fadc51e6320>,8,2,[ 5 14],9,-1,11,-1,9
1,<environment.Job instance at 0x7fadc681ca50>,29,26,[ 3 11],30,-1,120,-1,94
1,<environment.Job instance at 0x7fadc515de60>,36,23,[3 6],37,-1,135,-1,112
1,<environment.Job instance at 0x7fadc54ed5f0>,37,26,[9 1],38,-1,138,-1,112
1,<environment.Job instance at 0x7fadc691c910>,40,14,[13  5],41,-1,129,-1,115
1,<environment.Job instance at 0x7fadcf464910>,45,27,[9 2],46,-1,169,-1,142
1,<environment.Job instance at 0x7fadc60b40f0>,1,13,[10  5],2,-1,17,-1,4
1,<environment.Job instance at 0x7fadc60b42d0>,4,13,[2 9],5,-1,18,-1,5
1,<environment.Job instance at 0x7fadc60b4690>,5,17,[7 2],6,-1,23,-1,6
1,<environment.Job instance at 0x7fadc60b4960>,6,16,[11  1],7,-1,23,-1,7
1,<environment.Job instance at 0x7fadc60b4f00>,7,14,[4 7],8,-1,22,-1,8
1,<environment.Job instance at 0x7fadc60b4cd0>,3,14,[6 5],4,-1,22,-1,8
1,<environment.Job instance at 0x7fadcf462870>,9,17,[7 3],10,-1,28,-1,11
1,<environment.Job instance at 0x7fadc60b44b0>,10,25,[7 3],11,-1,36,-1,11
1,<environment.Job instance at 0x7fadcf462910>,11,18,[9 1],12,-1,33,-1,15
1,<environment.Job instance at 0x7fadc6636280>,13,24,[12  2],14,-1,39,-1,15
1,<environment.Job instance at 0x7fadc66360a0>,18,14,[8 3],19,-1,33,-1,19
1,<environment.Job instance at 0x7fadc596caa0>,19,17,[5 9],20,-1,37,-1,20
1,<environment.Job instance at 0x7fadc596c8c0>,20,24,[5 5],21,-1,45,-1,21
1,<environment.Job instance at 0x7fadc596cbe0>,21,18,[1 7],22,-1,40,-1,22
1,<environment.Job instance at 0x7fadc596ca00>,23,21,[6 1],24,-1,46,-1,25
1,<environment.Job instance at 0x7fadc596caf0>,25,18,[8 3],26,-1,44,-1,26
1,<environment.Job instance at 0x7fadc596c640>,26,3,[5 9],27,-1,30,-1,27
1,<environment.Job instance at 0x7fadc596c910>,27,23,[5 9],28,-1,51,-1,28
1,<environment.Job instance at 0x7fadc596c320>,28,18,[11  3],29,-1,47,-1,29
1,<environment.Job instance at 0x7fadc596cc30>,24,18,[4 8],25,-1,47,-1,29
1,<environment.Job instance at 0x7fadc596c410>,31,16,[10  3],32,-1,48,-1,32
1,<environment.Job instance at 0x7fadc596c280>,32,15,[7 5],33,-1,48,-1,33
1,<environment.Job instance at 0x7fadc6886230>,41,18,[3 9],42,-1,60,-1,42
1,<environment.Job instance at 0x7fadc6886a00>,42,17,[2 6],43,-1,60,-1,43
1,<environment.Job instance at 0x7fadc6366a00>,59,15,[8 4],60,-1,78,-1,63
1,<environment.Job instance at 0x7fadc6366370>,60,16,[10  3],61,-1,79,-1,63
1,<environment.Job instance at 0x7fadc63669b0>,63,14,[9 4],64,-1,79,-1,65
1,<environment.Job instance at 0x7fadc645fc30>,49,14,[2 9],50,-1,79,-1,65
1,<environment.Job instance at 0x7fadc6366320>,62,16,[3 6],63,-1,86,-1,70
1,<environment.Job instance at 0x7fadceea8500>,81,27,[1 8],82,-1,134,-1,107
1,<environment.Job instance at 0x7fadceea8410>,82,16,[10  2],83,-1,125,-1,109
1,<environment.Job instance at 0x7fadc670e320>,87,17,[9 5],88,-1,126,-1,109
1,<environment.Job instance at 0x7fadc663a690>,98,18,[10  3],99,-1,155,-1,137
1,<environment.Job instance at 0x7fadc663afa0>,93,17,[10  1],94,-1,155,-1,138
1,<environment.Job instance at 0x7fadc5092cd0>,100,22,[3 8],101,-1,160,-1,138
1,<environment.Job instance at 0x7fadc5092d20>,102,18,[4 6],103,-1,156,-1,138
1,<environment.Job instance at 0x7fadc670e050>,89,15,[5 8],90,-1,153,-1,138
1,<environment.Job instance at 0x7fadc644b190>,106,15,[5 4],107,-1,195,-1,180
1,<environment.Job instance at 0x7fadc61f8230>,113,17,[ 5 10],114,-1,197,-1,180
1,<environment.Job instance at 0x7fadc6366c80>,66,14,[11  5],67,-1,194,-1,180
1,<environment.Job instance at 0x7fadc603a730>,114,13,[9 2],115,-1,195,-1,182
1,<environment.Job instance at 0x7fadc68ddd70>,115,18,[5 7],116,-1,200,-1,182
1,<environment.Job instance at 0x7fadc68dd320>,117,17,[5 9],118,-1,199,-1,182
1,<environment.Job instance at 0x7fadc6886140>,6,16,[11  1],7,-1,23,-1,7
1,<environment.Job instance at 0x7fadc6366fa0>,10,25,[7 3],11,-1,43,-1,18
1,<environment.Job instance at 0x7fadceea8640>,13,24,[12  2],14,-1,53,-1,29
1,<environment.Job instance at 0x7fadc5c0d140>,20,24,[5 5],21,-1,74,-1,50
1,<environment.Job instance at 0x7fadc5b408c0>,28,18,[11  3],29,-1,97,-1,79
1,<environment.Job instance at 0x7fadcf3e5b90>,27,23,[5 9],28,-1,119,-1,96
1,<environment.Job instance at 0x7fadc6459dc0>,35,12,[ 2 11],36,-1,124,-1,112
1,<environment.Job instance at 0x7fadc4fd7460>,44,13,[14  5],45,-1,158,-1,145
1,<environment.Job instance at 0x7fb980a66910>,0,18,[ 2 10],1,-1,20,-1,2
1,<environment.Job instance at 0x7fb9774147d0>,3,18,[ 3 10],4,-1,22,-1,4
1,<environment.Job instance at 0x7fb977414960>,4,18,[10  4],5,-1,23,-1,5
1,<environment.Job instance at 0x7fb977414870>,5,13,[5 9],6,-1,19,-1,6
1,<environment.Job instance at 0x7fb977414a00>,6,12,[11  4],7,-1,19,-1,7
1,<environment.Job instance at 0x7fb977414b40>,8,17,[ 2 10],9,-1,26,-1,9
1,<environment.Job instance at 0x7fb977414cd0>,9,17,[ 4 10],10,-1,27,-1,10
1,<environment.Job instance at 0x7fb977414e10>,13,13,[1 8],14,-1,27,-1,14
1,<environment.Job instance at 0x7fb9774184b0>,18,16,[8 5],19,-1,35,-1,19
1,<environment.Job instance at 0x7fb9774185f0>,19,17,[12  3],20,-1,37,-1,20
1,<environment.Job instance at 0x7fb977418910>,23,18,[5 2],24,-1,42,-1,24
1,<environment.Job instance at 0x7fb977418c30>,26,22,[2 9],27,-1,49,-1,27
1,<environment.Job instance at 0x7fb97741a1e0>,31,17,[4 9],32,-1,49,-1,32
1,<environment.Job instance at 0x7fb97741a050>,32,17,[9 3],33,-1,50,-1,33
1,<environment.Job instance at 0x7fb97741a640>,35,16,[8 1],36,-1,52,-1,36
1,<environment.Job instance at 0x7fb97741a550>,37,14,[5 5],38,-1,52,-1,38
1,<environment.Job instance at 0x7fb97741a960>,38,12,[3 6],39,-1,51,-1,39
1,<environment.Job instance at 0x7fb97741a7d0>,39,18,[5 8],40,-1,58,-1,40
1,<environment.Job instance at 0x7fb97741aaf0>,42,14,[8 4],43,-1,57,-1,43
1,<environment.Job instance at 0x7fb97741adc0>,43,28,[6 4],44,-1,72,-1,44
1,<environment.Job instance at 0x7fb980a66a00>,1,15,[ 1 14],2,-1,17,-1,2
1,<environment.Job instance at 0x7fb977414dc0>,6,12,[11  4],7,-1,19,-1,7
1,<environment.Job instance at 0x7fb976f08fa0>,3,18,[ 4 12],4,-1,22,-1,4
1,<environment.Job instance at 0x7fb976f08d20>,4,14,[1 7],5,-1,20,-1,6
1,<environment.Job instance at 0x7fb976f0e500>,5,17,[4 7],6,-1,23,-1,6
1,<environment.Job instance at 0x7fb976f0e140>,6,18,[4 5],7,-1,25,-1,7
1,<environment.Job instance at 0x7fb976f0e3c0>,9,14,[ 2 10],10,-1,25,-1,11
1,<environment.Job instance at 0x7fb9770211e0>,11,2,[9 2],12,-1,14,-1,12
1,<environment.Job instance at 0x7fb977021a00>,12,20,[9 1],13,-1,33,-1,13
1,<environment.Job instance at 0x7fb97703ab90>,13,15,[1 5],14,-1,29,-1,14
1,<environment.Job instance at 0x7fb976f77050>,10,24,[ 3 10],11,-1,38,-1,14
1,<environment.Job instance at 0x7fb977024820>,17,26,[5 4],18,-1,44,-1,18
1,<environment.Job instance at 0x7fb9770249b0>,18,22,[5 6],19,-1,41,-1,19
1,<environment.Job instance at 0x7fb976f4cc80>,19,13,[7 2],20,-1,34,-1,21
1,<environment.Job instance at 0x7fb977024a00>,20,18,[5 5],21,-1,39,-1,21
1,<environment.Job instance at 0x7fb976f4c0f0>,22,14,[9 1],23,-1,37,-1,23
1,<environment.Job instance at 0x7fb977027e60>,23,3,[10  4],24,-1,27,-1,24
1,<environment.Job instance at 0x7fb976ed7500>,28,19,[8 4],29,-1,49,-1,30
1,<environment.Job instance at 0x7fb976ed3190>,34,12,[3 5],35,-1,47,-1,35
1,<environment.Job instance at 0x7fb976ed7320>,29,17,[2 7],30,-1,55,-1,38
1,<environment.Job instance at 0x7fb976ed3fa0>,41,16,[5 8],42,-1,58,-1,42
1,<environment.Job instance at 0x7fb976ed3910>,43,12,[4 9],44,-1,56,-1,44
1,<environment.Job instance at 0x7fb976ed37d0>,45,23,[3 7],46,-1,69,-1,46
1,<environment.Job instance at 0x7fb9774241e0>,0,27,[9 1],1,-1,28,-1,1
1,<environment.Job instance at 0x7fb977420e60>,2,3,[ 3 11],3,-1,6,-1,3
1,<environment.Job instance at 0x7fb977420eb0>,3,18,[ 4 12],4,-1,22,-1,4
1,<environment.Job instance at 0x7fb977420870>,10,24,[ 3 10],11,-1,47,-1,23
1,<environment.Job instance at 0x7fb9774205f0>,17,26,[5 4],18,-1,51,-1,25
1,<environment.Job instance at 0x7fb976bcd410>,0,18,[7 5],1,-1,19,-1,1
1,<environment.Job instance at 0x7fb976bcd7d0>,3,17,[5 6],4,-1,21,-1,4
1,<environment.Job instance at 0x7fb976c7ee60>,8,20,[5 7],9,-1,29,-1,9
1,<environment.Job instance at 0x7fb976c7e2d0>,10,20,[5 7],11,-1,31,-1,11
1,<environment.Job instance at 0x7fb976bc8230>,15,14,[9 1],16,-1,31,-1,17
1,<environment.Job instance at 0x7fb976bc8be0>,19,16,[1 8],20,-1,36,-1,20
1,<environment.Job instance at 0x7fb976bc8d20>,16,15,[9 2],17,-1,36,-1,21
1,<environment.Job instance at 0x7fb976bc8fa0>,2,27,[ 3 13],3,-1,30,-1,3
1,<environment.Job instance at 0x7fb976bbe8c0>,11,18,[ 3 13],12,-1,38,-1,20
1,<environment.Job instance at 0x7fb976bbe410>,17,18,[ 3 12],18,-1,41,-1,23
1,<environment.Job instance at 0x7fb976bbcc30>,21,18,[11  5],22,-1,47,-1,29
1,<environment.Job instance at 0x7fb976bbcd20>,22,14,[14  1],23,-1,43,-1,29
1,<environment.Job instance at 0x7fb976baef50>,1,16,[1 9],2,-1,18,-1,2
1,<environment.Job instance at 0x7fb976a05f00>,7,17,[3 8],8,-1,25,-1,8
1,<environment.Job instance at 0x7fb976a05cd0>,8,16,[3 9],9,-1,25,-1,9
1,<environment.Job instance at 0x7fb976a070f0>,10,12,[6 3],11,-1,23,-1,11
1,<environment.Job instance at 0x7fb976a07460>,13,15,[4 8],14,-1,29,-1,14
1,<environment.Job instance at 0x7fb976a07550>,14,13,[1 9],15,-1,28,-1,15
1,<environment.Job instance at 0x7fb976a07640>,18,18,[4 6],19,-1,37,-1,19
1,<environment.Job instance at 0x7fb976a07c30>,25,25,[3 9],26,-1,51,-1,26
1,<environment.Job instance at 0x7fb976a07eb0>,27,13,[ 4 10],28,-1,41,-1,28
1,<environment.Job instance at 0x7fb976a0a140>,28,14,[4 7],29,-1,43,-1,29
1,<environment.Job instance at 0x7fb976a0a0a0>,29,23,[2 8],30,-1,53,-1,30
1,<environment.Job instance at 0x7fb976a0a8c0>,34,12,[5 7],35,-1,48,-1,36
1,<environment.Job instance at 0x7fb976a0aa50>,36,26,[9 1],37,-1,63,-1,37
1,<environment.Job instance at 0x7fb976a0a9b0>,35,17,[10  5],36,-1,54,-1,37
1,<environment.Job instance at 0x7fb976a0ab40>,38,14,[8 5],39,-1,54,-1,40
1,<environment.Job instance at 0x7fb976a0af50>,42,14,[8 4],43,-1,57,-1,43
1,<environment.Job instance at 0x7fb976a0c140>,44,17,[10  5],45,-1,62,-1,45
1,<environment.Job instance at 0x7fb976a0c280>,45,16,[ 3 10],46,-1,62,-1,46
1,<environment.Job instance at 0x7fb976a0c1e0>,46,23,[5 8],47,-1,70,-1,47
1,<environment.Job instance at 0x7fb976bb5050>,16,22,[11  3],17,-1,57,-1,35
1,<environment.Job instance at 0x7fb977a97f50>,2,14,[9 2],3,-1,18,-1,4
1,<environment.Job instance at 0x7fb976bb21e0>,3,27,[5 3],4,-1,31,-1,4
1,<environment.Job instance at 0x7fb977a972d0>,4,17,[10  2],5,-1,23,-1,6
1,<environment.Job instance at 0x7fb977a971e0>,6,13,[5 1],7,-1,20,-1,7
1,<environment.Job instance at 0x7fb977a97050>,7,1,[1 6],8,-1,9,-1,8
1,<environment.Job instance at 0x7fb977a97c80>,8,22,[9 2],9,-1,31,-1,9
1,<environment.Job instance at 0x7fb977a97960>,5,17,[5 9],6,-1,26,-1,9
1,<environment.Job instance at 0x7fb977a97730>,10,17,[2 9],11,-1,29,-1,12
1,<environment.Job instance at 0x7fb977a97190>,12,17,[10  4],13,-1,30,-1,13
1,<environment.Job instance at 0x7fb977a97500>,11,18,[ 5 11],12,-1,31,-1,13
1,<environment.Job instance at 0x7fb977a97b40>,15,17,[8 1],16,-1,34,-1,17
1,<environment.Job instance at 0x7fb977a97140>,16,16,[7 2],17,-1,33,-1,17
1,<environment.Job instance at 0x7fb977a975f0>,17,18,[ 1 10],18,-1,37,-1,19
1,<environment.Job instance at 0x7fb977a97d20>,18,28,[7 4],19,-1,49,-1,21
1,<environment.Job instance at 0x7fb9774e65f0>,25,17,[3 5],26,-1,43,-1,26
1,<environment.Job instance at 0x7fb9774e6640>,26,15,[ 5 10],27,-1,46,-1,31
1,<environment.Job instance at 0x7fb9774e6d20>,31,13,[3 6],32,-1,45,-1,32
1,<environment.Job instance at 0x7fb977b00fa0>,32,16,[8 5],33,-1,49,-1,33
1,<environment.Job instance at 0x7fb977b00230>,33,12,[3 8],34,-1,46,-1,34
1,<environment.Job instance at 0x7fb977b00be0>,34,14,[8 5],35,-1,49,-1,35
1,<environment.Job instance at 0x7fb977b001e0>,38,18,[3 8],39,-1,59,-1,41
1,<environment.Job instance at 0x7fb977b00a00>,40,28,[7 3],41,-1,69,-1,41
1,<environment.Job instance at 0x7fb977b00190>,35,12,[2 6],36,-1,53,-1,41
1,<environment.Job instance at 0x7fb9774e6280>,30,15,[7 4],31,-1,56,-1,41
1,<environment.Job instance at 0x7fb977b00e10>,41,16,[7 4],42,-1,60,-1,44
1,<environment.Job instance at 0x7fb977b00aa0>,44,15,[9 5],45,-1,60,-1,45
1,<environment.Job instance at 0x7fb977b007d0>,46,17,[2 6],47,-1,64,-1,47
1,<environment.Job instance at 0x7fb977b00550>,47,16,[2 8],48,-1,64,-1,48
1,<environment.Job instance at 0x7fb97755df00>,48,12,[9 2],49,-1,61,-1,49
1,<environment.Job instance at 0x7fb976e2e0f0>,1,2,[12  1],2,-1,4,-1,2
1,<environment.Job instance at 0x7fb976a7c7d0>,3,27,[5 3],4,-1,31,-1,4
1,<environment.Job instance at 0x7fb976bbcdc0>,9,3,[ 4 12],10,-1,13,-1,10
1,<environment.Job instance at 0x7fb976bbcf50>,11,18,[ 5 11],12,-1,35,-1,17
1,<environment.Job instance at 0x7fb976bbe500>,18,28,[7 4],19,-1,75,-1,47
1,<environment.Job instance at 0x7fb977b760a0>,0,18,[8 5],1,-1,19,-1,1
1,<environment.Job instance at 0x7fb976810190>,4,17,[1 9],5,-1,22,-1,5
1,<environment.Job instance at 0x7fb9766f4820>,13,21,[9 5],14,-1,36,-1,15
1,<environment.Job instance at 0x7fb976886fa0>,16,22,[6 1],17,-1,39,-1,17
1,<environment.Job instance at 0x7fb9768860a0>,17,14,[3 5],18,-1,32,-1,18
1,<environment.Job instance at 0x7fb976886af0>,18,21,[5 1],19,-1,40,-1,19
1,<environment.Job instance at 0x7fb9767afb40>,22,17,[8 2],23,-1,40,-1,23
1,<environment.Job instance at 0x7fb9767af820>,23,18,[7 5],24,-1,42,-1,24
1,<environment.Job instance at 0x7fb9766f4190>,14,18,[10  2],15,-1,43,-1,25
1,<environment.Job instance at 0x7fb9766d0f50>,36,13,[3 6],37,-1,50,-1,37
1,<environment.Job instance at 0x7fb976793500>,39,14,[5 7],40,-1,56,-1,42
1,<environment.Job instance at 0x7fb976793eb0>,43,18,[9 2],44,-1,62,-1,44
1,<environment.Job instance at 0x7fb9767938c0>,44,18,[ 5 10],45,-1,63,-1,45
1,<environment.Job instance at 0x7fb977065d70>,46,16,[5 7],47,-1,63,-1,47
1,<environment.Job instance at 0x7fb9766bfaa0>,8,12,[12  2],9,-1,21,-1,9
1,<environment.Job instance at 0x7fb9777f7c80>,11,19,[ 3 14],12,-1,38,-1,19
1,<environment.Job instance at 0x7fb977b5a050>,12,2,[14  5],13,-1,21,-1,19
1,<environment.Job instance at 0x7fb9776e90a0>,15,12,[12  4],16,-1,32,-1,20
1,<environment.Job instance at 0x7fb976e70f50>,21,18,[ 5 14],22,-1,40,-1,22
1,<environment.Job instance at 0x7fb977ae7f00>,28,1,[ 5 14],29,-1,42,-1,41
1,<environment.Job instance at 0x7fb97794e730>,0,17,[4 5],1,-1,18,-1,1
1,<environment.Job instance at 0x7fb977c632d0>,5,18,[9 5],6,-1,24,-1,6
1,<environment.Job instance at 0x7fb977c63190>,7,17,[7 5],8,-1,25,-1,8
1,<environment.Job instance at 0x7fb976bbb320>,14,16,[8 3],15,-1,34,-1,18
1,<environment.Job instance at 0x7fb976b9f190>,19,17,[4 8],20,-1,37,-1,20
1,<environment.Job instance at 0x7fb976b9f8c0>,20,14,[ 3 10],21,-1,35,-1,21
1,<environment.Job instance at 0x7fb976b98be0>,17,14,[7 1],18,-1,35,-1,21
1,<environment.Job instance at 0x7fb976c97960>,27,16,[ 5 13],28,-1,55,-1,39
1,<environment.Job instance at 0x7fb977c570a0>,30,13,[ 4 10],31,-1,52,-1,39
1,<environment.Job instance at 0x7fb977170780>,39,16,[1 7],40,-1,56,-1,40
1,<environment.Job instance at 0x7fb977170410>,40,18,[11  4],41,-1,59,-1,41
1,<environment.Job instance at 0x7fb97718b640>,45,17,[6 3],46,-1,63,-1,46
1,<environment.Job instance at 0x7fb977a635f0>,2,27,[ 2 13],3,-1,30,-1,3
1,<environment.Job instance at 0x7fb977bc13c0>,8,1,[12  5],9,-1,10,-1,9
1,<environment.Job instance at 0x7fb976e6fbe0>,5,16,[2 6],6,-1,22,-1,6
1,<environment.Job instance at 0x7fb977ceccd0>,6,15,[10  5],7,-1,23,-1,8
1,<environment.Job instance at 0x7fb977630d20>,8,16,[3 6],9,-1,25,-1,9
1,<environment.Job instance at 0x7fb977aa2640>,7,16,[ 3 10],8,-1,25,-1,9
1,<environment.Job instance at 0x7fb977630960>,9,22,[1 6],10,-1,32,-1,10
1,<environment.Job instance at 0x7fb9777cb870>,14,22,[1 9],15,-1,37,-1,15
1,<environment.Job instance at 0x7fb9777cb730>,17,13,[ 1 10],18,-1,31,-1,18
1,<environment.Job instance at 0x7fb9772fa870>,19,18,[ 2 10],20,-1,38,-1,20
1,<environment.Job instance at 0x7fb977630280>,13,12,[8 5],14,-1,33,-1,21
1,<environment.Job instance at 0x7fb9777cbeb0>,21,18,[3 8],22,-1,40,-1,22
1,<environment.Job instance at 0x7fb9779f7a50>,23,24,[3 6],24,-1,48,-1,24
1,<environment.Job instance at 0x7fb976d86a00>,25,20,[3 8],26,-1,47,-1,27
1,<environment.Job instance at 0x7fb976d865a0>,27,27,[9 5],28,-1,55,-1,28
1,<environment.Job instance at 0x7fb976d86960>,28,14,[3 6],29,-1,43,-1,29
1,<environment.Job instance at 0x7fb976d86550>,30,18,[4 8],31,-1,49,-1,31
1,<environment.Job instance at 0x7fb977b72dc0>,35,18,[ 3 10],36,-1,54,-1,36
1,<environment.Job instance at 0x7fb9778b1d20>,37,13,[4 9],38,-1,51,-1,38
1,<environment.Job instance at 0x7fb9778b1cd0>,38,12,[8 2],39,-1,51,-1,39
1,<environment.Job instance at 0x7fb977d92f50>,42,17,[9 1],43,-1,60,-1,43
1,<environment.Job instance at 0x7fb9779f74b0>,26,15,[4 9],27,-1,58,-1,43
1,<environment.Job instance at 0x7fb977d923c0>,43,18,[8 1],44,-1,64,-1,46
1,<environment.Job instance at 0x7fb977708fa0>,45,27,[5 5],46,-1,73,-1,46
1,<environment.Job instance at 0x7fb977c083c0>,46,22,[2 8],47,-1,70,-1,48
1,<environment.Job instance at 0x7fb9777088c0>,47,20,[5 2],48,-1,68,-1,48
1,<environment.Job instance at 0x7fb9777f7c80>,11,25,[10  4],12,-1,48,-1,23
1,<environment.Job instance at 0x7fb97684eb90>,0,16,[1 9],1,-1,17,-1,1
1,<environment.Job instance at 0x7fb97684ecd0>,2,17,[4 6],3,-1,20,-1,3
1,<environment.Job instance at 0x7fb97684e910>,3,27,[7 5],4,-1,31,-1,4
1,<environment.Job instance at 0x7fb97681d410>,11,18,[5 7],12,-1,30,-1,12
1,<environment.Job instance at 0x7fb97684eb40>,13,16,[3 5],14,-1,34,-1,18
1,<environment.Job instance at 0x7fb97681d230>,18,13,[8 2],19,-1,33,-1,20
1,<environment.Job instance at 0x7fb97681d5a0>,17,14,[10  3],18,-1,38,-1,24
1,<environment.Job instance at 0x7fb977f4d7d0>,25,16,[10  5],26,-1,42,-1,26
1,<environment.Job instance at 0x7fb977f4d910>,27,14,[9 1],28,-1,42,-1,28
1,<environment.Job instance at 0x7fb977f4de60>,28,21,[9 5],29,-1,50,-1,29
1,<environment.Job instance at 0x7fb977f4dc30>,30,17,[9 4],31,-1,48,-1,31
1,<environment.Job instance at 0x7fb976e345a0>,35,15,[5 7],36,-1,51,-1,36
1,<environment.Job instance at 0x7fb976e34730>,36,13,[7 1],37,-1,53,-1,40
1,<environment.Job instance at 0x7fb976e346e0>,39,16,[ 5 13],40,-1,56,-1,40
1,<environment.Job instance at 0x7fb97681de60>,16,13,[1 6],17,-1,56,-1,43
1,<environment.Job instance at 0x7fb97681d050>,15,25,[3 7],16,-1,71,-1,46
1,<environment.Job instance at 0x7fb976e343c0>,45,24,[3 9],46,-1,70,-1,46
1,<environment.Job instance at 0x7fb976e340a0>,46,17,[9 1],47,-1,66,-1,49
1,<environment.Job instance at 0x7fb9766bfd70>,4,13,[14  5],5,-1,18,-1,5
1,<environment.Job instance at 0x7fb9766bfc80>,3,27,[7 5],4,-1,44,-1,17
1,<environment.Job instance at 0x7fb9767ca820>,15,25,[3 7],16,-1,60,-1,35
1,<environment.Job instance at 0x7fb976e34c30>,20,1,[ 4 12],21,-1,49,-1,48
1,<environment.Job instance at 0x7fb977af83c0>,2,17,[10  3],3,-1,21,-1,4
1,<environment.Job instance at 0x7fb977af8dc0>,4,15,[ 1 10],5,-1,20,-1,5
1,<environment.Job instance at 0x7fb977af8050>,3,13,[9 5],4,-1,18,-1,5
1,<environment.Job instance at 0x7fb977a7a2d0>,12,27,[5 5],13,-1,40,-1,13
1,<environment.Job instance at 0x7fb977a7a320>,14,25,[1 7],15,-1,40,-1,15
1,<environment.Job instance at 0x7fb977affcd0>,16,15,[ 5 10],17,-1,33,-1,18
1,<environment.Job instance at 0x7fb977affbe0>,19,14,[2 6],20,-1,34,-1,20
1,<environment.Job instance at 0x7fb977aff730>,17,13,[6 5],18,-1,33,-1,20
1,<environment.Job instance at 0x7fb977aff6e0>,21,14,[1 9],22,-1,36,-1,22
1,<environment.Job instance at 0x7fb977affc30>,23,18,[4 8],24,-1,42,-1,24
1,<environment.Job instance at 0x7fb977aff230>,25,14,[7 3],26,-1,40,-1,26
1,<environment.Job instance at 0x7fb977afff50>,26,27,[5 8],27,-1,54,-1,27
1,<environment.Job instance at 0x7fb9776ab190>,31,24,[4 8],32,-1,56,-1,32
1,<environment.Job instance at 0x7fb97775dc30>,35,19,[7 5],36,-1,55,-1,36
1,<environment.Job instance at 0x7fb97775d460>,36,14,[8 1],37,-1,52,-1,38
1,<environment.Job instance at 0x7fb97775d320>,37,12,[10  4],38,-1,51,-1,39
1,<environment.Job instance at 0x7fb97775d410>,40,14,[ 4 10],41,-1,55,-1,41
1,<environment.Job instance at 0x7fb97775d5a0>,42,17,[2 5],43,-1,60,-1,43
1,<environment.Job instance at 0x7fb9776803c0>,46,18,[8 2],47,-1,65,-1,47
1,<environment.Job instance at 0x7fb9776e8d20>,47,18,[6 2],48,-1,66,-1,48
1,<environment.Job instance at 0x7fb9767aa280>,5,1,[12  4],6,-1,7,-1,6
1,<environment.Job instance at 0x7fb9776ab280>,11,15,[14  1],12,-1,33,-1,18
1,<environment.Job instance at 0x7fb9776abcd0>,12,27,[5 5],13,-1,47,-1,20
1,<environment.Job instance at 0x7fb97775dd20>,14,25,[1 7],15,-1,45,-1,20
1,<environment.Job instance at 0x7fb976d81c30>,0,19,[2 7],1,-1,21,-1,2
1,<environment.Job instance at 0x7fb977beefa0>,3,15,[6 5],4,-1,19,-1,4
1,<environment.Job instance at 0x7fb97681d6e0>,1,24,[1 9],2,-1,28,-1,4
1,<environment.Job instance at 0x7fb976f34e60>,7,23,[10  4],8,-1,31,-1,8
1,<environment.Job instance at 0x7fb976f34c30>,8,14,[3 8],9,-1,23,-1,9
1,<environment.Job instance at 0x7fb976f34640>,11,17,[5 7],12,-1,29,-1,12
1,<environment.Job instance at 0x7fb976f34370>,15,16,[4 5],16,-1,32,-1,16
1,<environment.Job instance at 0x7fb97756f280>,19,17,[ 5 10],20,-1,37,-1,20
1,<environment.Job instance at 0x7fb97756f370>,20,18,[4 6],21,-1,39,-1,21
1,<environment.Job instance at 0x7fb97756f550>,24,15,[5 7],25,-1,40,-1,25
1,<environment.Job instance at 0x7fb97756f780>,26,14,[ 5 10],27,-1,41,-1,27
1,<environment.Job instance at 0x7fb97756f960>,27,18,[1 7],28,-1,46,-1,28
1,<environment.Job instance at 0x7fb97756fa00>,28,19,[1 6],29,-1,48,-1,29
1,<environment.Job instance at 0x7fb97756ff00>,33,20,[5 7],34,-1,54,-1,34
1,<environment.Job instance at 0x7fb9775861e0>,38,15,[5 9],39,-1,61,-1,46
1,<environment.Job instance at 0x7fb977586230>,36,27,[4 5],37,-1,73,-1,46
1,<environment.Job instance at 0x7fb977586910>,44,12,[4 7],45,-1,58,-1,46
1,<environment.Job instance at 0x7fb97756f6e0>,25,24,[10  2],26,-1,70,-1,46
1,<environment.Job instance at 0x7fb9775867d0>,43,18,[6 1],44,-1,64,-1,46
1,<environment.Job instance at 0x7fb977586960>,46,14,[10  4],47,-1,61,-1,47
1,<environment.Job instance at 0x7fb9772377d0>,1,24,[1 9],2,-1,44,-1,20
1,<environment.Job instance at 0x7fb977237230>,7,23,[10  4],8,-1,44,-1,21
1,<environment.Job instance at 0x7fb977af8c80>,13,3,[ 5 13],14,-1,26,-1,23
1,<environment.Job instance at 0x7fb977af8be0>,16,17,[13  2],17,-1,43,-1,26
1,<environment.Job instance at 0x7fb977af8a00>,17,1,[11  4],18,-1,27,-1,26
1,<environment.Job instance at 0x7fb9774db960>,7,18,[3 6],8,-1,27,-1,9
1,<environment.Job instance at 0x7fb9774db820>,10,18,[5 9],11,-1,29,-1,11
1,<environment.Job instance at 0x7fb9780314b0>,13,18,[ 1 10],14,-1,32,-1,14
1,<environment.Job instance at 0x7fb9774db690>,15,12,[6 1],16,-1,28,-1,16
1,<environment.Job instance at 0x7fb976a0a3c0>,19,14,[9 5],20,-1,34,-1,20
1,<environment.Job instance at 0x7fb976def5a0>,25,17,[ 5 10],26,-1,47,-1,30
1,<environment.Job instance at 0x7fb977ae88c0>,1,15,[ 2 14],2,-1,17,-1,2
1,<environment.Job instance at 0x7fb9776809b0>,5,12,[ 3 13],6,-1,18,-1,6
1,<environment.Job instance at 0x7fb97686ec80>,21,17,[14  3],22,-1,57,-1,40
1,<environment.Job instance at 0x7fb9774db910>,24,15,[ 2 13],25,-1,58,-1,43
1,<environment.Job instance at 0x7fb9778bc690>,0,18,[8 1],1,-1,24,-1,6
1,<environment.Job instance at 0x7fb9778bc320>,6,18,[9 4],7,-1,25,-1,7
1,<environment.Job instance at 0x7fb9776d2f00>,7,17,[3 5],8,-1,25,-1,8
1,<environment.Job instance at 0x7fb9776d28c0>,8,17,[2 6],9,-1,26,-1,9
1,<environment.Job instance at 0x7fb9778bcf50>,12,15,[10  1],13,-1,29,-1,14
1,<environment.Job instance at 0x7fb9806327d0>,14,24,[4 5],15,-1,39,-1,15
1,<environment.Job instance at 0x7fb980632c30>,15,13,[8 5],16,-1,29,-1,16
1,<environment.Job instance at 0x7fb980632370>,16,13,[3 9],17,-1,30,-1,17
1,<environment.Job instance at 0x7fb980632140>,18,16,[6 5],19,-1,35,-1,19
1,<environment.Job instance at 0x7fb976c2bc30>,22,15,[2 5],23,-1,38,-1,23
1,<environment.Job instance at 0x7fb977b9ceb0>,23,14,[4 8],24,-1,38,-1,24
1,<environment.Job instance at 0x7fb97752f1e0>,24,16,[9 2],25,-1,41,-1,25
1,<environment.Job instance at 0x7fb980632550>,13,17,[5 3],14,-1,43,-1,26
1,<environment.Job instance at 0x7fb976c2bb40>,26,15,[9 1],27,-1,45,-1,30
1,<environment.Job instance at 0x7fb977f35050>,32,13,[ 5 10],33,-1,46,-1,33
1,<environment.Job instance at 0x7fb9768e2690>,38,17,[7 2],39,-1,56,-1,39
1,<environment.Job instance at 0x7fb97703ab90>,39,16,[10  2],40,-1,56,-1,40
1,<environment.Job instance at 0x7fb97703a0a0>,40,15,[5 6],41,-1,56,-1,41
1,<environment.Job instance at 0x7fb977d233c0>,44,15,[7 3],45,-1,61,-1,46
1,<environment.Job instance at 0x7fb9769c03c0>,29,13,[1 8],30,-1,60,-1,47
1,<environment.Job instance at 0x7fb977d23eb0>,47,15,[10  1],48,-1,63,-1,48
1,<environment.Job instance at 0x7fb9774db910>,11,13,[12  4],12,-1,32,-1,19
1,<environment.Job instance at 0x7fb9772377d0>,14,24,[4 5],15,-1,53,-1,29
1,<environment.Job instance at 0x7fb9768e5230>,0,17,[2 6],1,-1,18,-1,1
1,<environment.Job instance at 0x7fb976cea500>,9,21,[1 9],10,-1,32,-1,11
1,<environment.Job instance at 0x7fb97721ae10>,10,27,[6 4],11,-1,38,-1,11
1,<environment.Job instance at 0x7fb976cea780>,12,15,[10  1],13,-1,29,-1,14
1,<environment.Job instance at 0x7fb976cea640>,13,13,[7 5],14,-1,27,-1,14
1,<environment.Job instance at 0x7fb976d08aa0>,18,22,[7 5],19,-1,41,-1,19
1,<environment.Job instance at 0x7fb976d0fe60>,20,18,[ 5 10],21,-1,39,-1,21
1,<environment.Job instance at 0x7fb976d0f870>,22,24,[1 6],23,-1,47,-1,23
1,<environment.Job instance at 0x7fb976d0fd20>,23,16,[8 5],24,-1,40,-1,24
1,<environment.Job instance at 0x7fb976d0fa50>,24,16,[9 4],25,-1,41,-1,25
1,<environment.Job instance at 0x7fb9769aa730>,26,15,[10  4],27,-1,43,-1,28
1,<environment.Job instance at 0x7fb97696b820>,28,17,[3 9],29,-1,46,-1,29
1,<environment.Job instance at 0x7fb9769ae960>,30,14,[1 8],31,-1,45,-1,31
1,<environment.Job instance at 0x7fb976cfc8c0>,31,12,[5 6],32,-1,44,-1,32
1,<environment.Job instance at 0x7fb976d3a320>,33,13,[5 1],34,-1,47,-1,34
1,<environment.Job instance at 0x7fb976cf4c30>,36,12,[1 5],37,-1,49,-1,37
1,<environment.Job instance at 0x7fb976d3b460>,38,14,[9 1],39,-1,53,-1,39
1,<environment.Job instance at 0x7fb97699e640>,39,17,[1 9],40,-1,57,-1,40
1,<environment.Job instance at 0x7fb976d1bb40>,42,15,[6 2],43,-1,58,-1,43
1,<environment.Job instance at 0x7fb976d2f7d0>,46,13,[12  4],47,-1,60,-1,47
1,<environment.Job instance at 0x7fb976d2f460>,47,27,[9 3],48,-1,75,-1,48
1,<environment.Job instance at 0x7fb976d2f0a0>,48,18,[6 5],49,-1,67,-1,49
1,<environment.Job instance at 0x7fb977a3ac80>,10,27,[6 4],11,-1,38,-1,11
1,<environment.Job instance at 0x7fb977a3a9b0>,11,1,[11  4],12,-1,13,-1,12
1,<environment.Job instance at 0x7fb9779271e0>,22,24,[1 6],23,-1,58,-1,34
1,<environment.Job instance at 0x7fb977f34820>,4,17,[5 1],5,-1,22,-1,5
1,<environment.Job instance at 0x7fb977f349b0>,5,15,[ 1 10],6,-1,21,-1,6
1,<environment.Job instance at 0x7fb977f34320>,8,24,[4 7],9,-1,33,-1,9
1,<environment.Job instance at 0x7fb9771a8cd0>,12,17,[9 4],13,-1,31,-1,14
1,<environment.Job instance at 0x7fb9770b69b0>,14,18,[ 4 11],15,-1,33,-1,15
1,<environment.Job instance at 0x7fb977151500>,15,16,[9 4],16,-1,34,-1,18
1,<environment.Job instance at 0x7fb97748fb40>,20,20,[4 6],21,-1,41,-1,21
1,<environment.Job instance at 0x7fb977b776e0>,23,14,[ 1 11],24,-1,38,-1,24
1,<environment.Job instance at 0x7fb976927eb0>,24,16,[4 5],25,-1,41,-1,25
1,<environment.Job instance at 0x7fb976927c80>,25,16,[ 2 11],26,-1,42,-1,26
1,<environment.Job instance at 0x7fb977f19820>,27,1,[10  5],28,-1,29,-1,28
1,<environment.Job instance at 0x7fb980bdf140>,29,1,[5 1],30,-1,31,-1,30
1,<environment.Job instance at 0x7fb977e699b0>,17,15,[4 6],18,-1,45,-1,30
1,<environment.Job instance at 0x7fb977f198c0>,32,17,[ 2 10],33,-1,51,-1,34
1,<environment.Job instance at 0x7fb976e3ba00>,33,15,[5 5],34,-1,49,-1,34
1,<environment.Job instance at 0x7fb976e3b5a0>,34,12,[9 1],35,-1,50,-1,38
1,<environment.Job instance at 0x7fb9771d9b90>,38,20,[3 8],39,-1,59,-1,39
1,<environment.Job instance at 0x7fb977191dc0>,41,21,[4 7],42,-1,63,-1,42
1,<environment.Job instance at 0x7fb9771917d0>,43,15,[4 9],44,-1,59,-1,44
1,<environment.Job instance at 0x7fb977191f00>,46,18,[6 3],47,-1,65,-1,47
1,<environment.Job instance at 0x7fb976b12050>,6,12,[ 2 11],7,-1,19,-1,7
1,<environment.Job instance at 0x7fb977e5cb90>,8,24,[4 7],9,-1,38,-1,14
1,<environment.Job instance at 0x7fb9775b4460>,14,18,[ 4 11],15,-1,38,-1,20
1,<environment.Job instance at 0x7fb977a64fa0>,19,3,[14  1],20,-1,37,-1,34
1,<environment.Job instance at 0x7fb977a646e0>,23,14,[ 1 11],24,-1,52,-1,38
1,<environment.Job instance at 0x7fb977a65230>,25,16,[ 2 11],26,-1,56,-1,40
1,<environment.Job instance at 0x7fb976d4b500>,28,2,[13  3],29,-1,45,-1,43
1,<environment.Job instance at 0x7fb977364460>,0,15,[10  4],1,-1,17,-1,2
1,<environment.Job instance at 0x7fb977364640>,1,18,[4 8],2,-1,20,-1,2
1,<environment.Job instance at 0x7fb9773646e0>,5,12,[10  1],6,-1,19,-1,7
1,<environment.Job instance at 0x7fb977364780>,7,14,[ 4 10],8,-1,22,-1,8
1,<environment.Job instance at 0x7fb977609140>,8,18,[4 6],9,-1,27,-1,9
1,<environment.Job instance at 0x7fb9776094b0>,11,12,[5 5],12,-1,24,-1,12
1,<environment.Job instance at 0x7fb977609a00>,12,16,[3 8],13,-1,29,-1,13
1,<environment.Job instance at 0x7fb977609780>,13,13,[7 4],14,-1,27,-1,14
1,<environment.Job instance at 0x7fb9776093c0>,16,18,[10  2],17,-1,37,-1,19
1,<environment.Job instance at 0x7fb977609d20>,18,17,[9 5],19,-1,36,-1,19
1,<environment.Job instance at 0x7fb977364190>,19,16,[7 2],20,-1,37,-1,21
1,<environment.Job instance at 0x7fb977609aa0>,21,16,[5 7],22,-1,38,-1,22
1,<environment.Job instance at 0x7fb977609a50>,23,13,[5 5],24,-1,37,-1,24
1,<environment.Job instance at 0x7fb977609690>,20,16,[ 3 10],21,-1,40,-1,24
1,<environment.Job instance at 0x7fb97782de10>,35,12,[8 5],36,-1,54,-1,42
1,<environment.Job instance at 0x7fb97783dbe0>,42,17,[6 4],43,-1,60,-1,43
1,<environment.Job instance at 0x7fb976998d20>,9,1,[ 5 14],10,-1,21,-1,20
1,<environment.Job instance at 0x7fb976e34320>,2,16,[ 3 10],3,-1,19,-1,3
1,<environment.Job instance at 0x7fb976e34f50>,3,18,[5 5],4,-1,22,-1,4
1,<environment.Job instance at 0x7fb977a26b90>,4,16,[5 5],5,-1,21,-1,5
1,<environment.Job instance at 0x7fb977a26d20>,5,17,[ 3 10],6,-1,23,-1,6
1,<environment.Job instance at 0x7fb977a26a50>,8,18,[1 5],9,-1,27,-1,9
1,<environment.Job instance at 0x7fb977a26780>,9,18,[9 5],10,-1,28,-1,10
1,<environment.Job instance at 0x7fb977bf8500>,10,19,[4 5],11,-1,30,-1,11
1,<environment.Job instance at 0x7fb977bf8c30>,12,13,[9 4],13,-1,26,-1,13
1,<environment.Job instance at 0x7fb977bf8f00>,14,16,[2 7],15,-1,31,-1,15
1,<environment.Job instance at 0x7fb97699b230>,18,16,[8 3],19,-1,35,-1,19
1,<environment.Job instance at 0x7fb9776c5f50>,20,23,[9 4],21,-1,44,-1,21
1,<environment.Job instance at 0x7fb9776c5500>,21,21,[8 2],22,-1,43,-1,22
1,<environment.Job instance at 0x7fb976a18d20>,22,21,[5 7],23,-1,44,-1,23
1,<environment.Job instance at 0x7fb976b2afa0>,24,17,[9 2],25,-1,42,-1,25
1,<environment.Job instance at 0x7fb980605e60>,25,18,[5 5],26,-1,44,-1,26
1,<environment.Job instance at 0x7fb977625230>,28,28,[10  4],29,-1,57,-1,29
1,<environment.Job instance at 0x7fb9807f09b0>,32,18,[4 7],33,-1,51,-1,33
1,<environment.Job instance at 0x7fb977c7ecd0>,33,18,[7 1],34,-1,52,-1,34
1,<environment.Job instance at 0x7fb977c7e910>,34,14,[9 1],35,-1,49,-1,35
1,<environment.Job instance at 0x7fb9776074b0>,36,18,[8 3],37,-1,55,-1,37
1,<environment.Job instance at 0x7fb9775fb6e0>,40,26,[4 9],41,-1,67,-1,41
1,<environment.Job instance at 0x7fb977fc4640>,45,18,[1 8],46,-1,64,-1,46
1,<environment.Job instance at 0x7fb977fc4a00>,47,23,[5 3],48,-1,71,-1,48
1,<environment.Job instance at 0x7fb977fc4d20>,48,16,[9 4],49,-1,65,-1,49
1,<environment.Job instance at 0x7fb976f4fcd0>,5,14,[ 1 10],6,-1,21,-1,7
1,<environment.Job instance at 0x7fb976f4f370>,7,19,[1 5],8,-1,27,-1,8
1,<environment.Job instance at 0x7fb976f4f4b0>,8,14,[1 7],9,-1,23,-1,9
1,<environment.Job instance at 0x7fb976f4f500>,9,18,[6 4],10,-1,28,-1,10
1,<environment.Job instance at 0x7fb976f4f460>,14,14,[5 3],15,-1,29,-1,15
1,<environment.Job instance at 0x7fb9767e1af0>,6,18,[7 4],7,-1,43,-1,25
1,<environment.Job instance at 0x7fb9805e58c0>,25,17,[3 6],26,-1,43,-1,26
1,<environment.Job instance at 0x7fb9805e5a00>,23,22,[5 2],24,-1,53,-1,31
1,<environment.Job instance at 0x7fb9805e5140>,26,13,[8 2],27,-1,44,-1,31
1,<environment.Job instance at 0x7fb976f4f8c0>,3,24,[ 5 11],4,-1,55,-1,31
1,<environment.Job instance at 0x7fb9809a9cd0>,17,16,[ 3 12],18,-1,58,-1,42
1,<environment.Job instance at 0x7fb9805e5690>,30,16,[ 2 10],31,-1,58,-1,42
1,<environment.Job instance at 0x7fb9805e5280>,31,2,[1 6],32,-1,44,-1,42
1,<environment.Job instance at 0x7fb9805e5c80>,27,13,[4 5],28,-1,56,-1,43
1,<environment.Job instance at 0x7fb9805e5050>,32,15,[5 9],33,-1,59,-1,44
1,<environment.Job instance at 0x7fb9805e59b0>,36,25,[6 3],37,-1,69,-1,44
1,<environment.Job instance at 0x7fb9805e5870>,35,18,[ 5 10],36,-1,63,-1,45
1,<environment.Job instance at 0x7fb976f4feb0>,19,17,[9 2],20,-1,62,-1,45
1,<environment.Job instance at 0x7fb9805e5d70>,34,14,[6 4],35,-1,59,-1,45
1,<environment.Job instance at 0x7fb977d929b0>,47,18,[3 8],48,-1,66,-1,48
1,<environment.Job instance at 0x7fb9777a5320>,1,18,[11  2],2,-1,20,-1,2
1,<environment.Job instance at 0x7fb9777a55a0>,2,12,[ 5 13],3,-1,15,-1,3
1,<environment.Job instance at 0x7fb9777a5a50>,3,24,[ 5 11],4,-1,28,-1,4
1,<environment.Job instance at 0x7fb9766c56e0>,10,13,[11  2],11,-1,24,-1,11
1,<environment.Job instance at 0x7fb976703370>,17,16,[ 3 12],18,-1,46,-1,30
1,<environment.Job instance at 0x7fb9766fd5f0>,1,18,[10  5],2,-1,20,-1,2
1,<environment.Job instance at 0x7fb977acbfa0>,5,18,[9 2],6,-1,26,-1,8
1,<environment.Job instance at 0x7fb977acb910>,8,3,[6 1],9,-1,12,-1,9
1,<environment.Job instance at 0x7fb977acbc80>,7,20,[1 8],8,-1,29,-1,9
1,<environment.Job instance at 0x7fb977acb3c0>,11,21,[4 9],12,-1,34,-1,13
1,<environment.Job instance at 0x7fb977acb0f0>,13,16,[8 1],14,-1,32,-1,16
1,<environment.Job instance at 0x7fb977acfd70>,15,23,[8 4],16,-1,39,-1,16
1,<environment.Job instance at 0x7fb977acf190>,17,20,[5 7],18,-1,38,-1,18
1,<environment.Job instance at 0x7fb977acf730>,18,16,[4 8],19,-1,35,-1,19
1,<environment.Job instance at 0x7fb977acf0f0>,20,15,[2 8],21,-1,36,-1,21
1,<environment.Job instance at 0x7fb9769e4550>,25,16,[10  5],26,-1,42,-1,26
1,<environment.Job instance at 0x7fb9769e41e0>,27,16,[1 7],28,-1,44,-1,28
1,<environment.Job instance at 0x7fb9769e4960>,29,18,[2 7],30,-1,48,-1,30
1,<environment.Job instance at 0x7fb9769e4e10>,33,16,[9 4],34,-1,50,-1,34
1,<environment.Job instance at 0x7fb9766a9050>,40,24,[7 2],41,-1,66,-1,42
1,<environment.Job instance at 0x7fb9766a9410>,42,15,[ 2 10],43,-1,58,-1,43
1,<environment.Job instance at 0x7fb9766a94b0>,44,17,[8 1],45,-1,62,-1,45
1,<environment.Job instance at 0x7fb9766a9c30>,46,19,[2 9],47,-1,66,-1,47
1,<environment.Job instance at 0x7fb9766a9d70>,48,20,[ 1 10],49,-1,69,-1,49
1,<environment.Job instance at 0x7fb977a6f140>,3,1,[12  4],4,-1,5,-1,4
1,<environment.Job instance at 0x7fb976703370>,10,2,[ 2 12],11,-1,13,-1,11
1,<environment.Job instance at 0x7fb976bf14b0>,15,23,[8 4],16,-1,49,-1,26
1,<environment.Job instance at 0x7fb9766a9be0>,24,15,[11  1],25,-1,60,-1,45
1,<environment.Job instance at 0x7fb976c091e0>,1,18,[3 8],2,-1,20,-1,2
1,<environment.Job instance at 0x7fb976c09cd0>,3,14,[ 4 10],4,-1,18,-1,4
1,<environment.Job instance at 0x7fb977154280>,6,16,[1 6],7,-1,23,-1,7
1,<environment.Job instance at 0x7fb97715c690>,9,17,[ 1 10],10,-1,27,-1,10
1,<environment.Job instance at 0x7fb976bde9b0>,11,28,[5 1],12,-1,40,-1,12
1,<environment.Job instance at 0x7fb9773012d0>,15,15,[3 5],16,-1,31,-1,16
1,<environment.Job instance at 0x7fb97715c730>,13,12,[3 8],14,-1,29,-1,17
1,<environment.Job instance at 0x7fb977596a50>,17,13,[9 1],18,-1,31,-1,18
1,<environment.Job instance at 0x7fb977d1b5f0>,18,2,[7 4],19,-1,21,-1,19
1,<environment.Job instance at 0x7fb977ead960>,27,17,[10  4],28,-1,45,-1,28
1,<environment.Job instance at 0x7fb977c5e9b0>,8,2,[ 1 13],9,-1,11,-1,9
1,<environment.Job instance at 0x7fb97753f870>,10,28,[ 2 14],11,-1,48,-1,20
1,<environment.Job instance at 0x7fb97753f4b0>,11,28,[5 1],12,-1,48,-1,20
1,<environment.Job instance at 0x7fe5a82c88c0>,0,18,[ 2 10],1,-1,20,-1,2
1,<environment.Job instance at 0x7fe59ec72780>,3,18,[ 3 10],4,-1,22,-1,4
1,<environment.Job instance at 0x7fe59ec72910>,4,18,[10  4],5,-1,23,-1,5
1,<environment.Job instance at 0x7fe59ec72820>,5,13,[5 9],6,-1,19,-1,6
1,<environment.Job instance at 0x7fe59ec729b0>,6,12,[11  4],7,-1,19,-1,7
1,<environment.Job instance at 0x7fe59ec72af0>,8,17,[ 2 10],9,-1,26,-1,9
1,<environment.Job instance at 0x7fe59ec72c80>,9,17,[ 4 10],10,-1,27,-1,10
1,<environment.Job instance at 0x7fe59ec72fa0>,13,13,[1 8],14,-1,27,-1,14
1,<environment.Job instance at 0x7fe59ec75460>,18,16,[8 5],19,-1,35,-1,19
1,<environment.Job instance at 0x7fe59ec75c80>,26,22,[2 9],27,-1,49,-1,27
1,<environment.Job instance at 0x7fe59ec78140>,32,17,[9 3],33,-1,50,-1,33
1,<environment.Job instance at 0x7fe59ec785f0>,35,16,[8 1],36,-1,52,-1,36
1,<environment.Job instance at 0x7fe5a82c8aa0>,1,15,[ 1 14],2,-1,53,-1,38
1,<environment.Job instance at 0x7fe59ec78aa0>,39,18,[5 8],40,-1,58,-1,40
1,<environment.Job instance at 0x7fe59ec781e0>,31,17,[4 9],32,-1,61,-1,44
1,<environment.Job instance at 0x7fe59ec784b0>,37,14,[5 5],38,-1,58,-1,44
1,<environment.Job instance at 0x7fe59ec78dc0>,44,17,[ 5 12],45,-1,62,-1,45
1,<environment.Job instance at 0x7fe59ec78fa0>,45,16,[6 2],46,-1,62,-1,46
1,<environment.Job instance at 0x7fe59ec7a0f0>,48,13,[6 1],49,-1,62,-1,49
1,<environment.Job instance at 0x7fe59ec7a280>,47,1,[2 6],48,-1,50,-1,49
1,<environment.Job instance at 0x7fe59ec7a410>,50,27,[9 1],51,-1,78,-1,51
1,<environment.Job instance at 0x7fe59ec7a7d0>,53,18,[ 4 12],54,-1,72,-1,54
1,<environment.Job instance at 0x7fe59ec7a8c0>,54,14,[1 7],55,-1,69,-1,55
1,<environment.Job instance at 0x7fe59ec78c80>,43,28,[6 4],44,-1,84,-1,56
1,<environment.Job instance at 0x7fe59ec7a6e0>,55,17,[4 7],56,-1,73,-1,56
1,<environment.Job instance at 0x7fe59ec7a910>,56,18,[4 5],57,-1,75,-1,57
1,<environment.Job instance at 0x7fe59ec78730>,1,15,[ 1 14],2,-1,17,-1,2
1,<environment.Job instance at 0x7fe59ec7aeb0>,6,12,[11  4],7,-1,19,-1,7
1,<environment.Job instance at 0x7fe59ec7c140>,19,17,[12  3],20,-1,67,-1,50
1,<environment.Job instance at 0x7fe59e766f50>,2,20,[9 1],3,-1,26,-1,6
1,<environment.Job instance at 0x7fe59e76bbe0>,7,26,[5 4],8,-1,34,-1,8
1,<environment.Job instance at 0x7fe59e76b320>,8,22,[5 6],9,-1,31,-1,9
1,<environment.Job instance at 0x7fe59e76b2d0>,10,18,[5 5],11,-1,29,-1,11
1,<environment.Job instance at 0x7fe59e76b410>,12,14,[9 1],13,-1,27,-1,13
1,<environment.Job instance at 0x7fe59e76b780>,17,15,[4 7],18,-1,33,-1,18
1,<environment.Job instance at 0x7fe59e811050>,18,19,[8 4],19,-1,38,-1,19
1,<environment.Job instance at 0x7fe59e7d3af0>,19,17,[2 7],20,-1,37,-1,20
1,<environment.Job instance at 0x7fe59e86fcd0>,24,12,[3 5],25,-1,37,-1,25
1,<environment.Job instance at 0x7fe59e735960>,28,12,[3 5],29,-1,41,-1,29
1,<environment.Job instance at 0x7fe59e735a00>,29,13,[7 2],30,-1,43,-1,30
1,<environment.Job instance at 0x7fe59e735910>,31,16,[5 8],32,-1,48,-1,32
1,<environment.Job instance at 0x7fe59e735b90>,33,12,[4 9],34,-1,46,-1,34
1,<environment.Job instance at 0x7fe59e7350a0>,35,23,[3 7],36,-1,59,-1,36
1,<environment.Job instance at 0x7fe59e731280>,40,18,[7 5],41,-1,59,-1,41
1,<environment.Job instance at 0x7fe59e7316e0>,43,17,[5 6],44,-1,61,-1,44
1,<environment.Job instance at 0x7fe59e731410>,44,17,[5 4],45,-1,62,-1,45
1,<environment.Job instance at 0x7fe59e731be0>,48,20,[5 7],49,-1,69,-1,49
1,<environment.Job instance at 0x7fe59e6d77d0>,50,20,[5 7],51,-1,71,-1,51
1,<environment.Job instance at 0x7fe59ec810a0>,0,24,[ 3 10],1,-1,25,-1,1
1,<environment.Job instance at 0x7fe59e439af0>,7,26,[5 4],8,-1,45,-1,19
1,<environment.Job instance at 0x7fe59e4a25a0>,21,17,[ 4 14],22,-1,59,-1,42
1,<environment.Job instance at 0x7fe59e48a550>,25,19,[14  4],26,-1,68,-1,49
1,<environment.Job instance at 0x7fe59e3d4fa0>,10,16,[9 3],11,-1,27,-1,11
1,<environment.Job instance at 0x7fe59e3d7410>,14,15,[10  5],15,-1,33,-1,18
1,<environment.Job instance at 0x7fe59e3d7fa0>,20,17,[3 8],21,-1,43,-1,26
1,<environment.Job instance at 0x7fe59e3d7f50>,21,16,[5 4],22,-1,42,-1,26
1,<environment.Job instance at 0x7fe59e3d7460>,15,15,[ 3 14],16,-1,43,-1,28
1,<environment.Job instance at 0x7fe59e3d7b40>,17,12,[14  5],18,-1,40,-1,28
1,<environment.Job instance at 0x7fe59e3d7c30>,23,16,[6 4],24,-1,44,-1,28
1,<environment.Job instance at 0x7fe59e3d7e10>,26,15,[6 2],27,-1,55,-1,40
1,<environment.Job instance at 0x7fe59e3ceb40>,32,16,[6 2],33,-1,56,-1,40
1,<environment.Job instance at 0x7fe59e3ce230>,31,16,[1 9],32,-1,56,-1,40
1,<environment.Job instance at 0x7fe59e3cef00>,35,14,[3 8],36,-1,55,-1,41
1,<environment.Job instance at 0x7fe59e3ce730>,30,13,[2 6],31,-1,55,-1,42
1,<environment.Job instance at 0x7fe59e3ce5a0>,37,17,[3 8],38,-1,60,-1,43
1,<environment.Job instance at 0x7fe59e3ce870>,38,16,[3 9],39,-1,65,-1,49
1,<environment.Job instance at 0x7fe59e3ce2d0>,43,15,[4 8],44,-1,64,-1,49
1,<environment.Job instance at 0x7fe59e5d68c0>,46,22,[11  3],47,-1,71,-1,49
1,<environment.Job instance at 0x7fe59e5d6870>,47,18,[5 2],48,-1,67,-1,49
1,<environment.Job instance at 0x7fe59e5d6dc0>,48,18,[4 6],49,-1,69,-1,51
1,<environment.Job instance at 0x7fe59e5d69b0>,49,16,[3 5],50,-1,67,-1,51
1,<environment.Job instance at 0x7fe59e3d75f0>,25,15,[6 2],26,-1,68,-1,53
1,<environment.Job instance at 0x7fe59e3d4230>,1,18,[11  5],2,-1,20,-1,2
1,<environment.Job instance at 0x7fe59e3d4be0>,2,14,[14  1],3,-1,17,-1,3
1,<environment.Job instance at 0x7fe59e3eec30>,15,15,[ 3 14],16,-1,39,-1,24
1,<environment.Job instance at 0x7fe59e48e050>,17,12,[14  5],18,-1,37,-1,25
1,<environment.Job instance at 0x7fe59e25a1e0>,5,17,[10  5],6,-1,23,-1,6
1,<environment.Job instance at 0x7fe59e25a280>,6,26,[9 1],7,-1,33,-1,7
1,<environment.Job instance at 0x7fe59e25a320>,8,14,[8 5],9,-1,23,-1,9
1,<environment.Job instance at 0x7fe59e25a4b0>,9,17,[9 2],10,-1,28,-1,11
1,<environment.Job instance at 0x7fe59e255fa0>,10,18,[5 1],11,-1,30,-1,12
1,<environment.Job instance at 0x7fe59e25a370>,12,14,[8 4],13,-1,29,-1,15
1,<environment.Job instance at 0x7fe59e25a5f0>,14,17,[10  5],15,-1,32,-1,15
1,<environment.Job instance at 0x7fe59e25a870>,15,16,[ 3 10],16,-1,33,-1,17
1,<environment.Job instance at 0x7fe59e25a8c0>,16,23,[5 8],17,-1,40,-1,17
1,<environment.Job instance at 0x7fe59e25afa0>,22,14,[9 2],23,-1,38,-1,24
1,<environment.Job instance at 0x7fe59e25acd0>,23,27,[5 3],24,-1,51,-1,24
1,<environment.Job instance at 0x7fe59e25ae10>,24,17,[10  2],25,-1,43,-1,26
1,<environment.Job instance at 0x7fe59e25b1e0>,26,13,[5 1],27,-1,40,-1,27
1,<environment.Job instance at 0x7fe59e25b0a0>,25,17,[5 9],26,-1,44,-1,27
1,<environment.Job instance at 0x7fe59e25b320>,28,22,[9 2],29,-1,53,-1,31
1,<environment.Job instance at 0x7fe59e25b3c0>,30,17,[2 9],31,-1,48,-1,31
1,<environment.Job instance at 0x7fe59e25b5a0>,32,17,[10  4],33,-1,51,-1,34
1,<environment.Job instance at 0x7fe59e25b820>,34,13,[5 9],35,-1,48,-1,35
1,<environment.Job instance at 0x7fe59e25b8c0>,35,17,[8 1],36,-1,53,-1,36
1,<environment.Job instance at 0x7fe59e25b960>,36,16,[7 2],37,-1,53,-1,37
1,<environment.Job instance at 0x7fe59e25ba00>,37,18,[ 1 10],38,-1,56,-1,38
1,<environment.Job instance at 0x7fe59e25baa0>,38,28,[7 4],39,-1,67,-1,39
1,<environment.Job instance at 0x7fe59e25bc80>,43,15,[5 6],44,-1,59,-1,44
1,<environment.Job instance at 0x7fe59e2600a0>,45,17,[3 5],46,-1,63,-1,46
1,<environment.Job instance at 0x7fe59e260280>,46,15,[ 5 10],47,-1,62,-1,47
1,<environment.Job instance at 0x7fe59e260870>,52,16,[8 5],53,-1,69,-1,53
1,<environment.Job instance at 0x7fe59e260640>,54,14,[8 5],55,-1,69,-1,55
1,<environment.Job instance at 0x7fe59e260eb0>,58,18,[3 8],59,-1,77,-1,59
1,<environment.Job instance at 0x7fe59e42ab90>,6,26,[9 1],7,-1,39,-1,13
1,<environment.Job instance at 0x7fe59e5e2a50>,16,23,[5 8],17,-1,62,-1,39
1,<environment.Job instance at 0x7fe59e5e2e10>,21,2,[12  1],22,-1,48,-1,46
1,<environment.Job instance at 0x7fe59e250050>,0,28,[7 3],1,-1,29,-1,1
1,<environment.Job instance at 0x7fe59e24fdc0>,1,16,[7 4],2,-1,18,-1,2
1,<environment.Job instance at 0x7fe59ed62e10>,3,18,[1 6],4,-1,22,-1,4
1,<environment.Job instance at 0x7fe59ed62550>,4,15,[9 5],5,-1,22,-1,7
1,<environment.Job instance at 0x7fe59ed62cd0>,7,16,[2 8],8,-1,24,-1,8
1,<environment.Job instance at 0x7fe59ed625f0>,6,17,[2 6],7,-1,25,-1,8
1,<environment.Job instance at 0x7fe59ed62aa0>,8,12,[9 2],9,-1,23,-1,11
1,<environment.Job instance at 0x7fe59ed623c0>,10,18,[8 5],11,-1,29,-1,11
1,<environment.Job instance at 0x7fe59ee1a6e0>,14,17,[1 9],15,-1,32,-1,15
1,<environment.Job instance at 0x7fe59ee1a320>,23,21,[9 5],24,-1,46,-1,25
1,<environment.Job instance at 0x7fe59ee1acd0>,25,12,[12  4],26,-1,38,-1,26
1,<environment.Job instance at 0x7fe59ee1a780>,26,22,[6 1],27,-1,49,-1,27
1,<environment.Job instance at 0x7fe59ee1a4b0>,27,14,[3 5],28,-1,42,-1,28
1,<environment.Job instance at 0x7fe59ee1afa0>,28,21,[5 1],29,-1,50,-1,29
1,<environment.Job instance at 0x7fe59ed0dd70>,32,17,[8 2],33,-1,50,-1,33
1,<environment.Job instance at 0x7fe59ed0d820>,33,18,[7 5],34,-1,52,-1,34
1,<environment.Job instance at 0x7fe59ed0da50>,36,14,[5 4],37,-1,51,-1,37
1,<environment.Job instance at 0x7fe59ed0d4b0>,37,14,[4 7],38,-1,52,-1,38
1,<environment.Job instance at 0x7fe59ef54c80>,39,13,[5 7],40,-1,53,-1,40
1,<environment.Job instance at 0x7fe59ef544b0>,41,16,[6 2],42,-1,58,-1,42
1,<environment.Job instance at 0x7fe59ef545f0>,49,14,[5 7],50,-1,64,-1,50
1,<environment.Job instance at 0x7fe59f063780>,53,18,[9 2],54,-1,72,-1,54
1,<environment.Job instance at 0x7fe59f0635f0>,54,18,[ 5 10],55,-1,73,-1,55
1,<environment.Job instance at 0x7fe59f0637d0>,56,16,[5 7],57,-1,73,-1,57
1,<environment.Job instance at 0x7fe59e25aaa0>,0,28,[7 3],1,-1,29,-1,1
1,<environment.Job instance at 0x7fe59e3cea00>,18,12,[12  2],19,-1,51,-1,39
1,<environment.Job instance at 0x7fe59e5d6cd0>,21,19,[ 3 14],22,-1,71,-1,52
1,<environment.Job instance at 0x7fe59e5d6640>,22,2,[14  5],23,-1,54,-1,52
1,<environment.Job instance at 0x7fe59e5e2c80>,25,12,[12  4],26,-1,66,-1,54
1,<environment.Job instance at 0x7fe59e0a3dc0>,0,17,[4 5],1,-1,19,-1,2
1,<environment.Job instance at 0x7fe59df03910>,5,18,[9 5],6,-1,24,-1,6
1,<environment.Job instance at 0x7fe59df03b90>,7,17,[7 5],8,-1,25,-1,8
1,<environment.Job instance at 0x7fe59ed2c820>,11,15,[10  3],12,-1,30,-1,15
1,<environment.Job instance at 0x7fe59e248e60>,14,16,[8 3],15,-1,32,-1,16
1,<environment.Job instance at 0x7fe59e2337d0>,19,17,[4 8],20,-1,37,-1,20
1,<environment.Job instance at 0x7fe59ecd0190>,20,14,[ 3 10],21,-1,35,-1,21
1,<environment.Job instance at 0x7fe59ecd0f00>,23,15,[7 4],24,-1,47,-1,32
1,<environment.Job instance at 0x7fe59ed62910>,2,27,[ 2 13],3,-1,30,-1,3
1,<environment.Job instance at 0x7fe59df03140>,8,1,[12  5],9,-1,10,-1,9
1,<environment.Job instance at 0x7fe59df1cbe0>,21,18,[ 4 13],22,-1,68,-1,50
1,<environment.Job instance at 0x7fe59f6bf460>,4,22,[1 9],5,-1,27,-1,5
1,<environment.Job instance at 0x7fe59e97a870>,7,13,[ 1 10],8,-1,21,-1,8
1,<environment.Job instance at 0x7fe59e97a3c0>,9,18,[ 2 10],10,-1,28,-1,10
1,<environment.Job instance at 0x7fe59ee1af50>,3,12,[8 5],4,-1,22,-1,10
1,<environment.Job instance at 0x7fe59e97a9b0>,11,18,[3 8],12,-1,30,-1,12
1,<environment.Job instance at 0x7fe59f6d0be0>,13,24,[3 6],14,-1,38,-1,14
1,<environment.Job instance at 0x7fe59ead5370>,15,20,[3 8],16,-1,37,-1,17
1,<environment.Job instance at 0x7fe59ead5f00>,17,27,[9 5],18,-1,45,-1,18
1,<environment.Job instance at 0x7fe59f30ec30>,18,14,[3 6],19,-1,33,-1,19
1,<environment.Job instance at 0x7fe59f301230>,20,18,[4 8],21,-1,39,-1,21
1,<environment.Job instance at 0x7fe59f306550>,25,18,[ 3 10],26,-1,44,-1,26
1,<environment.Job instance at 0x7fe59f340d20>,26,21,[6 1],27,-1,48,-1,27
1,<environment.Job instance at 0x7fe59f340190>,27,13,[4 9],28,-1,41,-1,28
1,<environment.Job instance at 0x7fe59f3400a0>,28,12,[8 2],29,-1,41,-1,29
1,<environment.Job instance at 0x7fe59f34ef50>,32,17,[9 1],33,-1,50,-1,33
1,<environment.Job instance at 0x7fe59effbcd0>,33,18,[8 1],34,-1,52,-1,34
1,<environment.Job instance at 0x7fe59e0843c0>,16,15,[4 9],17,-1,50,-1,35
1,<environment.Job instance at 0x7fe59effbaf0>,35,27,[5 5],36,-1,63,-1,36
1,<environment.Job instance at 0x7fe59efe9a00>,36,22,[2 8],37,-1,59,-1,37
1,<environment.Job instance at 0x7fe59f340910>,37,20,[5 2],38,-1,59,-1,39
1,<environment.Job instance at 0x7fe59efe9910>,38,13,[14  4],39,-1,52,-1,39
1,<environment.Job instance at 0x7fe59efe96e0>,39,17,[2 6],40,-1,58,-1,41
1,<environment.Job instance at 0x7fe59f0060f0>,42,17,[4 6],43,-1,60,-1,43
1,<environment.Job instance at 0x7fe59f2ea640>,43,27,[7 5],44,-1,71,-1,44
1,<environment.Job instance at 0x7fe59efe9f50>,40,16,[1 9],41,-1,60,-1,44
1,<environment.Job instance at 0x7fe59efe4910>,51,18,[5 7],52,-1,70,-1,52
1,<environment.Job instance at 0x7fe59effa050>,52,13,[8 1],53,-1,66,-1,53
1,<environment.Job instance at 0x7fe59effa410>,53,16,[3 5],54,-1,70,-1,54
1,<environment.Job instance at 0x7fe59effa500>,55,25,[3 7],56,-1,81,-1,56
1,<environment.Job instance at 0x7fe59effa370>,57,14,[10  3],58,-1,72,-1,58
1,<environment.Job instance at 0x7fe59ee5aa50>,1,25,[10  4],2,-1,27,-1,2
1,<environment.Job instance at 0x7fe59e000960>,13,24,[3 6],14,-1,54,-1,30
1,<environment.Job instance at 0x7fe59f35f5a0>,17,27,[9 5],18,-1,60,-1,33
1,<environment.Job instance at 0x7fe59f3f2910>,23,2,[ 3 14],24,-1,52,-1,50
1,<environment.Job instance at 0x7fe59e501e60>,5,16,[10  5],6,-1,23,-1,7
1,<environment.Job instance at 0x7fe59e501500>,7,14,[9 1],8,-1,22,-1,8
1,<environment.Job instance at 0x7fe59e5015f0>,8,21,[9 5],9,-1,30,-1,9
1,<environment.Job instance at 0x7fe59e501410>,10,17,[9 4],11,-1,28,-1,11
1,<environment.Job instance at 0x7fe59f3f8730>,6,13,[8 4],7,-1,29,-1,16
1,<environment.Job instance at 0x7fe59e58d690>,17,16,[2 6],18,-1,34,-1,18
1,<environment.Job instance at 0x7fe59ee6c550>,23,17,[1 8],24,-1,42,-1,25
1,<environment.Job instance at 0x7fe59ee6c5a0>,25,24,[3 9],26,-1,50,-1,26
1,<environment.Job instance at 0x7fe59ee6ce10>,26,17,[9 1],27,-1,44,-1,27
1,<environment.Job instance at 0x7fe59f458500>,29,16,[1 8],30,-1,46,-1,30
1,<environment.Job instance at 0x7fe59f458910>,32,17,[10  3],33,-1,50,-1,33
1,<environment.Job instance at 0x7fe59f458190>,33,13,[9 5],34,-1,47,-1,34
1,<environment.Job instance at 0x7fe59f458820>,34,15,[ 1 10],35,-1,50,-1,35
1,<environment.Job instance at 0x7fe59f644be0>,42,27,[5 5],43,-1,70,-1,43
1,<environment.Job instance at 0x7fe59f644d20>,43,14,[3 6],44,-1,58,-1,44
1,<environment.Job instance at 0x7fe59f6447d0>,44,25,[1 7],45,-1,70,-1,45
1,<environment.Job instance at 0x7fe59e43ab90>,46,15,[ 5 10],47,-1,62,-1,47
1,<environment.Job instance at 0x7fe59f8d6960>,49,14,[2 6],50,-1,64,-1,50
1,<environment.Job instance at 0x7fe59f05e640>,24,14,[ 3 14],25,-1,64,-1,50
1,<environment.Job instance at 0x7fe59e819690>,51,14,[1 9],52,-1,66,-1,52
1,<environment.Job instance at 0x7fe59f3e3c30>,52,12,[4 9],53,-1,65,-1,53
1,<environment.Job instance at 0x7fe59e90bdc0>,53,18,[4 8],54,-1,72,-1,54
1,<environment.Job instance at 0x7fe59e521640>,54,17,[7 4],55,-1,72,-1,55
1,<environment.Job instance at 0x7fe59e521be0>,55,14,[7 3],56,-1,70,-1,56
1,<environment.Job instance at 0x7fe59f4db0a0>,56,27,[5 8],57,-1,84,-1,57
1,<environment.Job instance at 0x7fe59ead50a0>,0,1,[ 4 12],1,-1,2,-1,1
1,<environment.Job instance at 0x7fe59ed626e0>,4,12,[13  3],5,-1,17,-1,5
1,<environment.Job instance at 0x7fe59ecd05f0>,9,3,[12  1],10,-1,13,-1,10
1,<environment.Job instance at 0x7fe59f3f2050>,19,16,[ 5 13],20,-1,53,-1,37
1,<environment.Job instance at 0x7fe5a7eae550>,24,14,[ 3 14],25,-1,67,-1,53
1,<environment.Job instance at 0x7fe59e000910>,25,24,[3 9],26,-1,79,-1,55
1,<environment.Job instance at 0x7fe59e6c1050>,5,19,[7 5],6,-1,26,-1,7
1,<environment.Job instance at 0x7fe59e6c10f0>,7,12,[10  4],8,-1,20,-1,8
1,<environment.Job instance at 0x7fe59e6c1960>,10,14,[ 4 10],11,-1,25,-1,11
1,<environment.Job instance at 0x7fe59e6c1320>,12,17,[2 5],13,-1,30,-1,13
1,<environment.Job instance at 0x7fe59ea73aa0>,6,14,[8 1],7,-1,29,-1,15
1,<environment.Job instance at 0x7fe59e6c1be0>,17,18,[6 2],18,-1,36,-1,18
1,<environment.Job instance at 0x7fe59e030b90>,18,3,[9 1],19,-1,23,-1,20
1,<environment.Job instance at 0x7fe59e030690>,20,19,[2 7],21,-1,40,-1,21
1,<environment.Job instance at 0x7fe59e030c80>,21,24,[1 9],22,-1,46,-1,22
1,<environment.Job instance at 0x7fe59e030e60>,22,3,[ 3 10],23,-1,26,-1,23
1,<environment.Job instance at 0x7fe59e0306e0>,23,15,[6 5],24,-1,39,-1,24
1,<environment.Job instance at 0x7fe59e0300f0>,24,1,[2 5],25,-1,26,-1,25
1,<environment.Job instance at 0x7fe59e0304b0>,25,2,[9 3],26,-1,28,-1,26
1,<environment.Job instance at 0x7fe59e030960>,26,14,[7 5],27,-1,41,-1,27
1,<environment.Job instance at 0x7fe59e030be0>,27,23,[10  4],28,-1,51,-1,28
1,<environment.Job instance at 0x7fe59e030a00>,28,14,[3 8],29,-1,43,-1,29
1,<environment.Job instance at 0x7fe59e030eb0>,29,3,[3 6],30,-1,33,-1,30
1,<environment.Job instance at 0x7fe59e030fa0>,30,3,[7 3],31,-1,34,-1,31
1,<environment.Job instance at 0x7fe59e030460>,31,17,[5 7],32,-1,49,-1,32
1,<environment.Job instance at 0x7fe59e030e10>,32,12,[3 8],33,-1,45,-1,33
1,<environment.Job instance at 0x7fe59e030820>,33,3,[ 5 13],34,-1,37,-1,34
1,<environment.Job instance at 0x7fe59e030500>,34,13,[1 9],35,-1,48,-1,35
1,<environment.Job instance at 0x7fe59e030730>,35,16,[4 5],36,-1,52,-1,36
1,<environment.Job instance at 0x7fe59e03b960>,39,17,[ 5 10],40,-1,57,-1,40
1,<environment.Job instance at 0x7fe59e03b640>,40,18,[4 6],41,-1,59,-1,41
1,<environment.Job instance at 0x7fe59e03b190>,41,15,[3 5],42,-1,57,-1,42
1,<environment.Job instance at 0x7fe59e03b280>,44,15,[5 7],45,-1,60,-1,45
1,<environment.Job instance at 0x7fe59e0190f0>,46,14,[ 5 10],47,-1,61,-1,47
1,<environment.Job instance at 0x7fe59e019c80>,47,18,[1 7],48,-1,66,-1,48
1,<environment.Job instance at 0x7fe59e019b40>,48,19,[1 6],49,-1,68,-1,49
1,<environment.Job instance at 0x7fe59e6c1870>,1,24,[4 8],2,-1,26,-1,2
1,<environment.Job instance at 0x7fe59ea732d0>,11,1,[11  1],12,-1,13,-1,12
1,<environment.Job instance at 0x7fe59e6def50>,21,24,[1 9],22,-1,76,-1,52
1,<environment.Job instance at 0x7fe59f35f8c0>,3,18,[6 1],4,-1,22,-1,4
1,<environment.Job instance at 0x7fe59ef225a0>,5,1,[8 1],6,-1,7,-1,6
1,<environment.Job instance at 0x7fe59ef22d20>,6,14,[10  4],7,-1,21,-1,7
1,<environment.Job instance at 0x7fe59ef22640>,16,16,[2 6],17,-1,34,-1,18
1,<environment.Job instance at 0x7fe59ef22960>,18,14,[6 4],19,-1,33,-1,19
1,<environment.Job instance at 0x7fe59ef229b0>,20,18,[5 9],21,-1,39,-1,21
1,<environment.Job instance at 0x7fe59e357370>,23,18,[ 1 10],24,-1,42,-1,24
1,<environment.Job instance at 0x7fe59e357d70>,24,14,[7 5],25,-1,39,-1,25
1,<environment.Job instance at 0x7fe59ef22780>,17,18,[3 6],18,-1,44,-1,26
1,<environment.Job instance at 0x7fe59e278cd0>,29,14,[9 5],30,-1,46,-1,32
1,<environment.Job instance at 0x7fe59e7e08c0>,31,17,[14  3],32,-1,49,-1,32
1,<environment.Job instance at 0x7fe59e7e0d70>,35,17,[ 5 10],36,-1,54,-1,37
1,<environment.Job instance at 0x7fe59e7e00a0>,38,16,[9 2],39,-1,55,-1,39
1,<environment.Job instance at 0x7fe59e7e09b0>,41,13,[1 9],42,-1,55,-1,42
1,<environment.Job instance at 0x7fe59e7e0460>,36,17,[ 1 10],37,-1,62,-1,45
1,<environment.Job instance at 0x7fe59f2119b0>,46,14,[9 2],47,-1,61,-1,47
1,<environment.Job instance at 0x7fe59f2118c0>,47,17,[3 8],48,-1,65,-1,48
1,<environment.Job instance at 0x7fe59f211d20>,52,17,[2 5],53,-1,76,-1,59
1,<environment.Job instance at 0x7fe59e6c1190>,2,3,[11  3],3,-1,6,-1,3
1,<environment.Job instance at 0x7fe59e278f00>,11,15,[ 2 14],12,-1,31,-1,16
1,<environment.Job instance at 0x7fe59e7e0140>,15,12,[ 3 13],16,-1,29,-1,17
1,<environment.Job instance at 0x7fe59eac1320>,0,18,[8 1],1,-1,24,-1,6
1,<environment.Job instance at 0x7fe59ee19550>,6,18,[9 4],7,-1,25,-1,7
1,<environment.Job instance at 0x7fe59ee19190>,7,17,[3 5],8,-1,25,-1,8
1,<environment.Job instance at 0x7fe59ee195f0>,8,17,[2 6],9,-1,26,-1,9
1,<environment.Job instance at 0x7fe59ee19a00>,12,15,[10  1],13,-1,29,-1,14
1,<environment.Job instance at 0x7fe59ee19b90>,14,24,[4 5],15,-1,39,-1,15
1,<environment.Job instance at 0x7fe59ee19aa0>,15,13,[8 5],16,-1,29,-1,16
1,<environment.Job instance at 0x7fe59ee19be0>,16,13,[3 9],17,-1,30,-1,17
1,<environment.Job instance at 0x7fe59ee19d20>,18,16,[6 5],19,-1,35,-1,19
1,<environment.Job instance at 0x7fe59ee1a140>,22,15,[2 5],23,-1,38,-1,23
1,<environment.Job instance at 0x7fe59ee19820>,13,17,[5 3],14,-1,40,-1,23
1,<environment.Job instance at 0x7fe59ee1a230>,24,16,[9 2],25,-1,43,-1,27
1,<environment.Job instance at 0x7fe59ee1a410>,26,15,[9 1],27,-1,42,-1,27
1,<environment.Job instance at 0x7fe59ee1a9b0>,31,13,[6 5],32,-1,45,-1,32
1,<environment.Job instance at 0x7fe59ee1aaf0>,32,13,[ 5 10],33,-1,46,-1,33
1,<environment.Job instance at 0x7fe59e3712d0>,38,17,[7 2],39,-1,56,-1,39
1,<environment.Job instance at 0x7fe59e371320>,39,16,[10  2],40,-1,56,-1,40
1,<environment.Job instance at 0x7fe59e371370>,40,15,[5 6],41,-1,56,-1,41
1,<environment.Job instance at 0x7fe59e3718c0>,44,15,[7 3],45,-1,61,-1,46
1,<environment.Job instance at 0x7fe59e3717d0>,46,14,[5 4],47,-1,61,-1,47
1,<environment.Job instance at 0x7fe59e371aa0>,47,15,[10  1],48,-1,63,-1,48
1,<environment.Job instance at 0x7fe59e371a50>,45,12,[10  3],46,-1,61,-1,49
1,<environment.Job instance at 0x7fe59e3719b0>,49,23,[6 5],50,-1,73,-1,50
1,<environment.Job instance at 0x7fe59e371dc0>,50,17,[2 6],51,-1,68,-1,51
1,<environment.Job instance at 0x7fe59f6c1640>,11,13,[12  4],12,-1,32,-1,19
1,<environment.Job instance at 0x7fe59f6c1a00>,14,24,[4 5],15,-1,53,-1,29
1,<environment.Job instance at 0x7fe59e9c3b90>,0,27,[6 4],1,-1,28,-1,1
1,<environment.Job instance at 0x7fe59e9c31e0>,2,15,[10  1],3,-1,19,-1,4
1,<environment.Job instance at 0x7fe59e9c3550>,4,13,[1 8],5,-1,18,-1,5
1,<environment.Job instance at 0x7fe59e9c35f0>,6,14,[1 7],7,-1,21,-1,7
1,<environment.Job instance at 0x7fe59f7c78c0>,8,22,[7 5],9,-1,31,-1,9
1,<environment.Job instance at 0x7fe59f7c7050>,9,16,[5 3],10,-1,26,-1,10
1,<environment.Job instance at 0x7fe59f7c7460>,10,18,[ 5 10],11,-1,29,-1,11
1,<environment.Job instance at 0x7fe59f7c7280>,11,2,[2 6],12,-1,14,-1,12
1,<environment.Job instance at 0x7fe59f7c7410>,12,24,[1 6],13,-1,37,-1,13
1,<environment.Job instance at 0x7fe59f7c7550>,13,16,[8 5],14,-1,30,-1,14
1,<environment.Job instance at 0x7fe59f7c70f0>,14,16,[9 4],15,-1,31,-1,15
1,<environment.Job instance at 0x7fe59f7c7a00>,15,3,[1 9],16,-1,19,-1,16
1,<environment.Job instance at 0x7fe59f7c7910>,16,15,[10  4],17,-1,32,-1,17
1,<environment.Job instance at 0x7fe59f7c7870>,17,13,[ 4 10],18,-1,31,-1,18
1,<environment.Job instance at 0x7fe59f7c7820>,18,17,[3 9],19,-1,36,-1,19
1,<environment.Job instance at 0x7fe59f7c7af0>,19,2,[9 1],20,-1,22,-1,20
1,<environment.Job instance at 0x7fe59f7c7d20>,20,14,[1 8],21,-1,35,-1,21
1,<environment.Job instance at 0x7fe59f7c7fa0>,21,12,[5 6],22,-1,34,-1,22
1,<environment.Job instance at 0x7fe59f7c72d0>,22,3,[1 9],23,-1,26,-1,23
1,<environment.Job instance at 0x7fe59e47c3c0>,23,13,[5 1],24,-1,37,-1,24
1,<environment.Job instance at 0x7fe59e9c3dc0>,3,13,[7 5],4,-1,38,-1,25
1,<environment.Job instance at 0x7fe59e47c050>,28,14,[9 1],29,-1,44,-1,30
1,<environment.Job instance at 0x7fe59e47c910>,30,1,[9 4],31,-1,32,-1,31
1,<environment.Job instance at 0x7fe59e47c870>,29,17,[1 9],30,-1,48,-1,31
1,<environment.Job instance at 0x7fe59e533730>,39,18,[ 5 10],40,-1,58,-1,40
1,<environment.Job instance at 0x7fe59e533a50>,43,16,[5 3],44,-1,61,-1,45
1,<environment.Job instance at 0x7fe59e5333c0>,45,15,[ 1 10],46,-1,61,-1,46
1,<environment.Job instance at 0x7fe59e533140>,46,12,[ 2 11],47,-1,59,-1,47
1,<environment.Job instance at 0x7fe59e533a00>,48,24,[4 7],49,-1,73,-1,49
1,<environment.Job instance at 0x7fe59e5336e0>,50,13,[5 3],51,-1,65,-1,52
1,<environment.Job instance at 0x7fe59f691fa0>,52,17,[9 4],53,-1,70,-1,53
1,<environment.Job instance at 0x7fe59f691690>,54,18,[ 4 11],55,-1,73,-1,55
1,<environment.Job instance at 0x7fe59f691e10>,55,16,[9 4],56,-1,72,-1,56
1,<environment.Job instance at 0x7fe59f691370>,57,15,[4 6],58,-1,73,-1,58
1,<environment.Job instance at 0x7fe59e47cf00>,0,27,[6 4],1,-1,28,-1,1
1,<environment.Job instance at 0x7fe59e47caa0>,1,1,[11  4],2,-1,3,-1,2
1,<environment.Job instance at 0x7fe59e9c30a0>,12,24,[1 6],13,-1,45,-1,21
1,<environment.Job instance at 0x7fe59e84dbe0>,0,20,[4 6],1,-1,21,-1,1
1,<environment.Job instance at 0x7fe59e68bc80>,12,17,[ 2 10],13,-1,31,-1,14
1,<environment.Job instance at 0x7fe59e68b640>,14,12,[9 1],15,-1,27,-1,15
1,<environment.Job instance at 0x7fe59f25fbe0>,18,20,[3 8],19,-1,39,-1,19
1,<environment.Job instance at 0x7fe59f25f6e0>,19,13,[7 4],20,-1,33,-1,20
1,<environment.Job instance at 0x7fe59f25f230>,21,21,[4 7],22,-1,43,-1,22
1,<environment.Job instance at 0x7fe59f25fa50>,23,15,[4 9],24,-1,39,-1,24
1,<environment.Job instance at 0x7fe59e84d050>,13,15,[5 5],14,-1,40,-1,25
1,<environment.Job instance at 0x7fe59e3cdf00>,29,19,[5 5],30,-1,50,-1,31
1,<environment.Job instance at 0x7fe59e3cde60>,30,15,[10  4],31,-1,46,-1,31
1,<environment.Job instance at 0x7fe59e3cd4b0>,31,18,[4 8],32,-1,51,-1,33
1,<environment.Job instance at 0x7fe59e3cd0f0>,34,14,[3 8],35,-1,49,-1,35
1,<environment.Job instance at 0x7fe59e3cd7d0>,32,15,[4 8],33,-1,50,-1,35
1,<environment.Job instance at 0x7fe59eadffa0>,42,16,[3 8],43,-1,60,-1,44
1,<environment.Job instance at 0x7fe59eadf640>,46,18,[10  2],47,-1,65,-1,47
1,<environment.Job instance at 0x7fe59eadf230>,48,17,[9 5],49,-1,66,-1,49
1,<environment.Job instance at 0x7fe59e3cdeb0>,38,18,[4 6],39,-1,69,-1,51
1,<environment.Job instance at 0x7fe59f0b1aa0>,53,13,[5 5],54,-1,67,-1,54
1,<environment.Job instance at 0x7fe59eadfc30>,49,16,[7 2],50,-1,72,-1,56
1,<environment.Job instance at 0x7fe59f25f320>,3,14,[ 1 11],4,-1,18,-1,4
1,<environment.Job instance at 0x7fe59eadf2d0>,5,16,[ 2 11],6,-1,22,-1,6
1,<environment.Job instance at 0x7fe59f0b1730>,8,2,[13  3],9,-1,11,-1,9
1,<environment.Job instance at 0x7fe59f7768c0>,22,17,[ 2 11],23,-1,56,-1,39
1,<environment.Job instance at 0x7fe59f7762d0>,24,1,[ 2 11],25,-1,40,-1,39
1,<environment.Job instance at 0x7fe59dffb550>,20,24,[10  4],21,-1,64,-1,40
1,<environment.Job instance at 0x7fe59f35df50>,8,17,[3 7],9,-1,26,-1,9
1,<environment.Job instance at 0x7fe59e33f3c0>,10,13,[5 3],11,-1,24,-1,11
1,<environment.Job instance at 0x7fe59e33f460>,11,17,[2 7],12,-1,29,-1,12
1,<environment.Job instance at 0x7fe59e33f690>,12,17,[6 4],13,-1,30,-1,13
1,<environment.Job instance at 0x7fe59e33fe10>,18,12,[ 4 10],19,-1,32,-1,20
1,<environment.Job instance at 0x7fe59e33ff50>,20,14,[ 2 10],21,-1,35,-1,21
1,<environment.Job instance at 0x7fe59e4b2140>,22,16,[ 3 10],23,-1,39,-1,23
1,<environment.Job instance at 0x7fe59e4b22d0>,23,18,[5 5],24,-1,42,-1,24
1,<environment.Job instance at 0x7fe59e4b2370>,24,16,[5 5],25,-1,41,-1,25
1,<environment.Job instance at 0x7fe59e4b21e0>,25,17,[ 3 10],26,-1,43,-1,26
1,<environment.Job instance at 0x7fe59e4b2500>,26,13,[3 9],27,-1,40,-1,27
1,<environment.Job instance at 0x7fe59e4b2640>,28,18,[1 5],29,-1,47,-1,29
1,<environment.Job instance at 0x7fe59e4b2820>,29,18,[9 5],30,-1,48,-1,30
1,<environment.Job instance at 0x7fe59e4b26e0>,30,19,[4 5],31,-1,50,-1,31
1,<environment.Job instance at 0x7fe59e4b2960>,32,13,[9 4],33,-1,46,-1,33
1,<environment.Job instance at 0x7fe59e4b2eb0>,38,16,[8 3],39,-1,66,-1,50
1,<environment.Job instance at 0x7fe59e3cb280>,42,21,[5 7],43,-1,76,-1,55
1,<environment.Job instance at 0x7fe59e4b2f50>,37,2,[9 3],38,-1,57,-1,55
1,<environment.Job instance at 0x7fe59e3cb190>,39,1,[5 4],40,-1,56,-1,55
1,<environment.Job instance at 0x7fe59e3cb3c0>,44,17,[9 2],45,-1,72,-1,55
1,<environment.Job instance at 0x7fe59e3cb500>,46,2,[5 9],47,-1,57,-1,55
1,<environment.Job instance at 0x7fe59e3cb460>,45,18,[5 5],46,-1,73,-1,55
1,<environment.Job instance at 0x7fe59e3cb640>,48,28,[10  4],49,-1,84,-1,56
1,<environment.Job instance at 0x7fe59e3cb6e0>,49,14,[5 1],50,-1,70,-1,56
1,<environment.Job instance at 0x7fe59e3cb0a0>,41,21,[8 2],42,-1,77,-1,56
1,<environment.Job instance at 0x7fe59e3cba00>,54,14,[9 1],55,-1,70,-1,56
1,<environment.Job instance at 0x7fe59e3cb960>,53,18,[7 1],54,-1,74,-1,56
1,<environment.Job instance at 0x7fe59e3cbaa0>,55,12,[7 1],56,-1,68,-1,56
1,<environment.Job instance at 0x7fe59e3cb5a0>,47,2,[10  3],48,-1,58,-1,56
1,<environment.Job instance at 0x7fe59e3cbe60>,56,18,[8 3],57,-1,75,-1,57
1,<environment.Job instance at 0x7fe59f119410>,2,1,[12  5],3,-1,4,-1,3
1,<environment.Job instance at 0x7fe59e4bcc80>,0,26,[4 9],1,-1,27,-1,1
1,<environment.Job instance at 0x7fe59ed252d0>,5,18,[1 8],6,-1,25,-1,7
1,<environment.Job instance at 0x7fe59e4cbf00>,7,23,[5 3],8,-1,31,-1,8
1,<environment.Job instance at 0x7fe59e4cb370>,8,16,[9 4],9,-1,25,-1,9
1,<environment.Job instance at 0x7fe59e4cb910>,9,15,[5 7],10,-1,25,-1,10
1,<environment.Job instance at 0x7fe59f71ed20>,10,14,[1 5],11,-1,25,-1,11
1,<environment.Job instance at 0x7fe59f71e4b0>,11,18,[11  2],12,-1,30,-1,12
1,<environment.Job instance at 0x7fe59e4b9be0>,12,12,[ 5 13],13,-1,25,-1,13
1,<environment.Job instance at 0x7fe59e4b9dc0>,13,24,[ 5 11],14,-1,38,-1,14
1,<environment.Job instance at 0x7fe59e4b9aa0>,14,13,[2 6],15,-1,28,-1,15
1,<environment.Job instance at 0x7fe59ed0d410>,15,14,[ 1 10],16,-1,30,-1,16
1,<environment.Job instance at 0x7fe59e294f00>,6,13,[9 3],7,-1,29,-1,16
1,<environment.Job instance at 0x7fe59e4cb690>,16,18,[7 4],17,-1,35,-1,17
1,<environment.Job instance at 0x7fe59ed0d0a0>,19,18,[6 4],20,-1,38,-1,20
1,<environment.Job instance at 0x7fe59ed0db90>,22,14,[3 9],23,-1,37,-1,23
1,<environment.Job instance at 0x7fe59eae3a50>,29,17,[9 2],30,-1,47,-1,30
1,<environment.Job instance at 0x7fe59ed0dcd0>,30,14,[10  1],31,-1,48,-1,34
1,<environment.Job instance at 0x7fe59f4c82d0>,34,18,[5 6],35,-1,53,-1,35
1,<environment.Job instance at 0x7fe59f4c8fa0>,35,17,[3 6],36,-1,53,-1,36
1,<environment.Job instance at 0x7fe59f4c83c0>,36,13,[8 2],37,-1,50,-1,37
1,<environment.Job instance at 0x7fe59f4c8960>,37,13,[4 5],38,-1,51,-1,38
1,<environment.Job instance at 0x7fe59f4c8050>,38,12,[ 4 10],39,-1,51,-1,39
1,<environment.Job instance at 0x7fe59f4c80a0>,40,16,[ 2 10],41,-1,57,-1,41
1,<environment.Job instance at 0x7fe59effa370>,42,15,[5 9],43,-1,58,-1,43
1,<environment.Job instance at 0x7fe59e5a7460>,44,14,[6 4],45,-1,59,-1,45
1,<environment.Job instance at 0x7fe59effadc0>,45,18,[ 5 10],46,-1,64,-1,46
1,<environment.Job instance at 0x7fe59f8992d0>,46,25,[6 3],47,-1,72,-1,47
1,<environment.Job instance at 0x7fe59f324410>,49,12,[9 4],50,-1,62,-1,50
1,<environment.Job instance at 0x7fe59e3c8780>,57,18,[3 8],58,-1,76,-1,58
1,<environment.Job instance at 0x7fe59ef6cc30>,58,16,[7 2],59,-1,75,-1,59
1,<environment.Job instance at 0x7fe59eb3f280>,0,26,[4 9],1,-1,27,-1,1
1,<environment.Job instance at 0x7fe59e33feb0>,2,16,[13  1],3,-1,19,-1,3
1,<environment.Job instance at 0x7fe59f119730>,11,18,[11  2],12,-1,30,-1,12
1,<environment.Job instance at 0x7fe59e3e6aa0>,12,12,[ 5 13],13,-1,25,-1,13
1,<environment.Job instance at 0x7fe59e3e68c0>,13,24,[ 5 11],14,-1,38,-1,14
1,<environment.Job instance at 0x7fe59f119870>,7,23,[5 3],8,-1,41,-1,18
1,<environment.Job instance at 0x7fe59ed0dc30>,20,13,[11  2],21,-1,49,-1,36
1,<environment.Job instance at 0x7fe59eef8690>,1,18,[10  5],2,-1,20,-1,2
1,<environment.Job instance at 0x7fe59eef8820>,5,18,[9 2],6,-1,26,-1,8
1,<environment.Job instance at 0x7fe59eef8a00>,7,20,[1 8],8,-1,31,-1,11
1,<environment.Job instance at 0x7fe59eef8730>,11,21,[4 9],12,-1,33,-1,12
1,<environment.Job instance at 0x7fe59ef1e5f0>,13,16,[8 1],14,-1,32,-1,16
1,<environment.Job instance at 0x7fe59ef1efa0>,15,23,[8 4],16,-1,39,-1,16
1,<environment.Job instance at 0x7fe59ef1edc0>,17,20,[5 7],18,-1,38,-1,18
1,<environment.Job instance at 0x7fe59ef1e6e0>,18,16,[4 8],19,-1,35,-1,19
1,<environment.Job instance at 0x7fe59ef1e460>,22,12,[6 1],23,-1,35,-1,23
1,<environment.Job instance at 0x7fe5a80537d0>,25,16,[10  5],26,-1,42,-1,26
1,<environment.Job instance at 0x7fe5a80532d0>,27,16,[1 7],28,-1,44,-1,28
1,<environment.Job instance at 0x7fe5a80531e0>,29,18,[2 7],30,-1,48,-1,30
1,<environment.Job instance at 0x7fe59f6d09b0>,30,15,[4 7],31,-1,46,-1,31
1,<environment.Job instance at 0x7fe59f6d0dc0>,33,16,[9 4],34,-1,51,-1,35
1,<environment.Job instance at 0x7fe59f6d0690>,40,24,[7 2],41,-1,65,-1,41
1,<environment.Job instance at 0x7fe59e8356e0>,42,15,[ 2 10],43,-1,59,-1,44
1,<environment.Job instance at 0x7fe59e835500>,46,19,[2 9],47,-1,66,-1,47
1,<environment.Job instance at 0x7fe59e835690>,48,20,[ 1 10],49,-1,69,-1,49
1,<environment.Job instance at 0x7fe59eb4eaf0>,49,18,[2 7],50,-1,68,-1,50
1,<environment.Job instance at 0x7fe59eb4ea00>,51,18,[3 8],52,-1,70,-1,52
1,<environment.Job instance at 0x7fe59eb4ed20>,54,15,[4 8],55,-1,70,-1,55
1,<environment.Job instance at 0x7fe59eb4e9b0>,56,16,[1 6],57,-1,73,-1,57
1,<environment.Job instance at 0x7fe59eb4e780>,57,15,[7 4],58,-1,73,-1,58
1,<environment.Job instance at 0x7fe59f3c4e60>,3,1,[12  4],4,-1,5,-1,4
1,<environment.Job instance at 0x7fe59e5739b0>,10,2,[ 2 12],11,-1,13,-1,11
1,<environment.Job instance at 0x7fe59f00a370>,15,23,[8 4],16,-1,49,-1,26
1,<environment.Job instance at 0x7fe59df545f0>,24,15,[11  1],25,-1,60,-1,45
1,<environment.Job instance at 0x7fe59f573b40>,1,28,[5 1],2,-1,31,-1,3
1,<environment.Job instance at 0x7fe59ed97500>,5,15,[3 5],6,-1,21,-1,6
1,<environment.Job instance at 0x7fe59ed97be0>,7,13,[9 1],8,-1,22,-1,9
1,<environment.Job instance at 0x7fe59f25fd20>,13,23,[7 4],14,-1,43,-1,20
1,<environment.Job instance at 0x7fe59f35c960>,21,14,[9 4],22,-1,37,-1,23
1,<environment.Job instance at 0x7fe59f7925a0>,25,18,[7 5],26,-1,44,-1,26
1,<environment.Job instance at 0x7fe59f7923c0>,26,27,[5 2],27,-1,54,-1,27
1,<environment.Job instance at 0x7fe59f30ecd0>,0,28,[ 2 14],1,-1,29,-1,1
1,<environment.Job instance at 0x7fe59f30ef00>,1,28,[5 1],2,-1,30,-1,2
1,<environment.Job instance at 0x7fe59f7f5f00>,13,23,[7 4],14,-1,38,-1,15
1,<environment.Job instance at 0x7fe59ee64640>,18,18,[13  5],19,-1,37,-1,19
1,<environment.Job instance at 0x7fe59f16b1e0>,23,3,[13  5],24,-1,47,-1,44
1,<environment.Job instance at 0x7fe59f16b0a0>,26,27,[5 2],27,-1,75,-1,48
1,<environment.Job instance at 0x7fe59f16b2d0>,27,14,[ 3 14],28,-1,62,-1,48
1,<environment.Job instance at 0x7fe59f42edc0>,0,16,[7 5],1,-1,17,-1,1
1,<environment.Job instance at 0x7fe59f13e730>,3,17,[5 9],4,-1,21,-1,4
1,<environment.Job instance at 0x7fe59f13ea00>,4,17,[2 5],5,-1,23,-1,6
1,<environment.Job instance at 0x7fe59f13e3c0>,6,15,[3 5],7,-1,22,-1,7
1,<environment.Job instance at 0x7fe59f657c30>,5,21,[9 3],6,-1,28,-1,7
1,<environment.Job instance at 0x7fe59f11b0a0>,19,28,[6 1],20,-1,48,-1,20
1,<environment.Job instance at 0x7fe59f11b550>,22,18,[ 2 12],23,-1,46,-1,28
1,<environment.Job instance at 0x7fe59f11b5f0>,24,18,[5 5],25,-1,46,-1,28
1,<environment.Job instance at 0x7fe59f11b730>,14,17,[1 9],15,-1,45,-1,28
1,<environment.Job instance at 0x7fe59f11b2d0>,26,17,[2 6],27,-1,46,-1,29
1,<environment.Job instance at 0x7fe59f091730>,32,15,[8 4],33,-1,60,-1,45
1,<environment.Job instance at 0x7fe59f11bf00>,28,18,[5 3],29,-1,64,-1,46
1,<environment.Job instance at 0x7fe59f091aa0>,33,24,[5 3],34,-1,70,-1,46
1,<environment.Job instance at 0x7fe59f13e190>,12,16,[9 4],13,-1,63,-1,47
1,<environment.Job instance at 0x7fe59f11baf0>,27,12,[2 8],28,-1,61,-1,49
1,<environment.Job instance at 0x7fe59f091640>,34,15,[5 6],35,-1,66,-1,51
1,<environment.Job instance at 0x7fe59f091e60>,39,13,[6 4],40,-1,64,-1,51
1,<environment.Job instance at 0x7fe59e5e3d70>,41,28,[9 4],42,-1,84,-1,56
1,<environment.Job instance at 0x7fe59e5e3fa0>,43,16,[ 1 12],44,-1,72,-1,56
1,<environment.Job instance at 0x7fe59f091550>,36,17,[2 5],37,-1,73,-1,56
1,<environment.Job instance at 0x7fe59e5e3be0>,44,12,[9 1],45,-1,68,-1,56
1,<environment.Job instance at 0x7fe59f091fa0>,38,12,[9 3],39,-1,68,-1,56
1,<environment.Job instance at 0x7fe59e5e3b90>,48,19,[ 3 11],49,-1,75,-1,56
1,<environment.Job instance at 0x7fe59e5e3870>,49,18,[7 5],50,-1,74,-1,56
1,<environment.Job instance at 0x7fe59e5e3c80>,50,17,[10  1],51,-1,74,-1,57
1,<environment.Job instance at 0x7fe59e5e3f00>,51,14,[5 8],52,-1,71,-1,57
1,<environment.Job instance at 0x7fe59e5e3500>,47,17,[1 9],48,-1,74,-1,57
1,<environment.Job instance at 0x7fe59e5e3730>,45,15,[3 9],46,-1,72,-1,57
1,<environment.Job instance at 0x7fe59e0fc9b0>,56,21,[5 5],57,-1,80,-1,59
1,<environment.Job instance at 0x7fe59e5e3a50>,52,13,[7 2],53,-1,72,-1,59
1,<environment.Job instance at 0x7fe59e0fc870>,58,13,[4 6],59,-1,72,-1,59
1,<environment.Job instance at 0x7fe59e1b8410>,7,25,[9 4],8,-1,42,-1,17
1,<environment.Job instance at 0x7fe59f88f550>,19,28,[6 1],20,-1,76,-1,48
1,<environment.Job instance at 0x7fe59f656780>,22,18,[ 2 12],23,-1,68,-1,50
1,<environment.Job instance at 0x7fe59f86b640>,4,16,[7 4],5,-1,21,-1,5
1,<environment.Job instance at 0x7fe59ee5a370>,8,17,[9 5],9,-1,26,-1,9
1,<environment.Job instance at 0x7fe59ee5ab40>,11,18,[4 7],12,-1,30,-1,12
1,<environment.Job instance at 0x7fe59ee5a230>,13,17,[9 1],14,-1,32,-1,15
1,<environment.Job instance at 0x7fe59ee5af00>,15,1,[1 9],16,-1,17,-1,16
1,<environment.Job instance at 0x7fe59ee5a3c0>,16,21,[5 5],17,-1,38,-1,17
1,<environment.Job instance at 0x7fe59ee5a690>,19,15,[3 9],20,-1,35,-1,20
1,<environment.Job instance at 0x7fe59ee5aa50>,20,15,[5 5],21,-1,36,-1,21
1,<environment.Job instance at 0x7fe59f568e60>,22,12,[ 1 10],23,-1,35,-1,23
1,<environment.Job instance at 0x7fe59f568c80>,24,15,[10  2],25,-1,40,-1,25
1,<environment.Job instance at 0x7fe59f568190>,25,25,[1 6],26,-1,51,-1,26
1,<environment.Job instance at 0x7fe59f568aa0>,27,15,[6 2],28,-1,43,-1,28
1,<environment.Job instance at 0x7fe59f5689b0>,32,20,[ 5 10],33,-1,53,-1,33
1,<environment.Job instance at 0x7fe59f11a320>,34,12,[9 1],35,-1,47,-1,35
1,<environment.Job instance at 0x7fe59f11a0f0>,35,24,[8 3],36,-1,60,-1,36
1,<environment.Job instance at 0x7fe59f11a280>,36,14,[6 4],37,-1,51,-1,37
1,<environment.Job instance at 0x7fe59f11a0a0>,40,12,[5 6],41,-1,53,-1,41
1,<environment.Job instance at 0x7fe59f11a640>,41,16,[3 9],42,-1,58,-1,42
1,<environment.Job instance at 0x7fe59e5e0870>,44,13,[2 7],45,-1,58,-1,45
1,<environment.Job instance at 0x7fe59e5e05a0>,45,17,[10  3],46,-1,63,-1,46
1,<environment.Job instance at 0x7fe59e5e0820>,46,18,[6 4],47,-1,65,-1,47
1,<environment.Job instance at 0x7fe59e5e0190>,47,24,[5 9],48,-1,72,-1,48
1,<environment.Job instance at 0x7fe59e5e0be0>,48,14,[6 4],49,-1,63,-1,49
1,<environment.Job instance at 0x7fe59e5e0410>,51,28,[3 6],52,-1,80,-1,52
1,<environment.Job instance at 0x7fe59df8acd0>,52,14,[ 4 10],53,-1,67,-1,53
1,<environment.Job instance at 0x7fe59df8a8c0>,55,16,[7 3],56,-1,72,-1,56
1,<environment.Job instance at 0x7fe59df8a4b0>,57,16,[1 8],58,-1,74,-1,58
1,<environment.Job instance at 0x7fe59f79bd70>,7,13,[14  4],8,-1,21,-1,8
1,<environment.Job instance at 0x7fe59e5e00f0>,23,2,[13  2],24,-1,55,-1,53
1,<environment.Job instance at 0x7fe59ead08c0>,0,20,[9 3],1,-1,22,-1,2
1,<environment.Job instance at 0x7fe59ef3e780>,2,14,[9 2],3,-1,17,-1,3
1,<environment.Job instance at 0x7fe59f11bc80>,1,15,[8 4],2,-1,18,-1,3
1,<environment.Job instance at 0x7fe59ead0190>,3,16,[2 6],4,-1,20,-1,4
1,<environment.Job instance at 0x7fe59eab5500>,8,26,[8 2],9,-1,35,-1,9
1,<environment.Job instance at 0x7fe59e2a6050>,12,16,[9 2],13,-1,29,-1,13
1,<environment.Job instance at 0x7fe59e2a6500>,13,18,[4 6],14,-1,32,-1,14
1,<environment.Job instance at 0x7fe59e279a50>,16,17,[3 7],17,-1,34,-1,17
1,<environment.Job instance at 0x7fe59f4e3960>,23,14,[ 2 10],24,-1,38,-1,24
1,<environment.Job instance at 0x7fe59eade690>,29,15,[3 9],30,-1,45,-1,30
1,<environment.Job instance at 0x7fe59f27baa0>,33,16,[3 8],34,-1,54,-1,38
1,<environment.Job instance at 0x7fe5a7e97f00>,35,19,[1 5],36,-1,57,-1,38
1,<environment.Job instance at 0x7fe59dfe0820>,38,16,[3 8],39,-1,55,-1,39
1,<environment.Job instance at 0x7fe59dfe07d0>,40,18,[9 2],41,-1,59,-1,41
1,<environment.Job instance at 0x7fe59dfe0280>,36,13,[5 7],37,-1,57,-1,44
1,<environment.Job instance at 0x7fe59dfe0460>,42,17,[9 4],43,-1,61,-1,44
1,<environment.Job instance at 0x7fe59e2c8820>,7,1,[ 1 13],8,-1,21,-1,20
1,<environment.Job instance at 0x7fe59f4e3a50>,8,26,[8 2],9,-1,47,-1,21
1,<environment.Job instance at 0x7fe59eadeaf0>,15,25,[ 3 14],16,-1,59,-1,34
1,<environment.Job instance at 0x7fe59f261870>,21,3,[ 4 13],22,-1,57,-1,54
1,<environment.Job instance at 0x7f8a381356e0>,0,18,[ 2 10],1,-1,20,-1,2
1,<environment.Job instance at 0x7f8a2eaebaf0>,3,18,[ 3 10],4,-1,22,-1,4
1,<environment.Job instance at 0x7f8a2eaebc80>,4,18,[10  4],5,-1,23,-1,5
1,<environment.Job instance at 0x7f8a2eaebb90>,5,13,[5 9],6,-1,19,-1,6
1,<environment.Job instance at 0x7f8a2eaebd20>,6,12,[11  4],7,-1,19,-1,7
1,<environment.Job instance at 0x7f8a2eaebe60>,8,17,[ 2 10],9,-1,26,-1,9
1,<environment.Job instance at 0x7f8a2eaebf50>,9,17,[ 4 10],10,-1,27,-1,10
1,<environment.Job instance at 0x7f8a2eaf0640>,16,12,[1 8],17,-1,29,-1,17
1,<environment.Job instance at 0x7f8a381358c0>,1,15,[ 1 14],2,-1,33,-1,18
1,<environment.Job instance at 0x7f8a2eaebfa0>,18,16,[8 5],19,-1,35,-1,19
1,<environment.Job instance at 0x7f8a2eaf0d70>,25,3,[1 6],26,-1,29,-1,26
1,<environment.Job instance at 0x7f8a2eaf0f50>,26,22,[2 9],27,-1,49,-1,27
1,<environment.Job instance at 0x7f8a2eaf31e0>,29,13,[1 6],30,-1,43,-1,30
1,<environment.Job instance at 0x7f8a2eaf3280>,31,17,[4 9],32,-1,49,-1,32
1,<environment.Job instance at 0x7f8a2eaf3460>,32,17,[9 3],33,-1,50,-1,33
1,<environment.Job instance at 0x7f8a2eaf0cd0>,24,3,[5 9],25,-1,38,-1,35
1,<environment.Job instance at 0x7f8a2eaf3870>,37,14,[5 5],38,-1,52,-1,38
1,<environment.Job instance at 0x7f8a2eaf3aa0>,39,18,[5 8],40,-1,58,-1,40
1,<environment.Job instance at 0x7f8a2eaf3c30>,41,14,[6 1],42,-1,57,-1,43
1,<environment.Job instance at 0x7f8a2eaf3f50>,43,28,[6 4],44,-1,72,-1,44
1,<environment.Job instance at 0x7f8a2eaf60a0>,44,17,[ 5 12],45,-1,62,-1,45
1,<environment.Job instance at 0x7f8a2eaf3fa0>,42,14,[8 4],43,-1,59,-1,45
1,<environment.Job instance at 0x7f8a2eaf6aa0>,54,14,[1 7],55,-1,69,-1,55
1,<environment.Job instance at 0x7f8a2eaf6b90>,55,17,[4 7],56,-1,73,-1,56
1,<environment.Job instance at 0x7f8a2eaf69b0>,56,18,[4 5],57,-1,75,-1,57
1,<environment.Job instance at 0x7f8a2eaf6eb0>,59,14,[ 2 10],60,-1,74,-1,60
1,<environment.Job instance at 0x7f8a2eaf9140>,62,20,[9 1],63,-1,83,-1,63
1,<environment.Job instance at 0x7f8a2eaf9690>,67,26,[5 4],68,-1,94,-1,68
1,<environment.Job instance at 0x7f8a2eaf9870>,68,22,[5 6],69,-1,91,-1,69
1,<environment.Job instance at 0x7f8a2eaf3820>,1,15,[ 1 14],2,-1,17,-1,2
1,<environment.Job instance at 0x7f8a2eaf65f0>,6,12,[11  4],7,-1,19,-1,7
1,<environment.Job instance at 0x7f8a38135870>,19,17,[12  3],20,-1,67,-1,50
1,<environment.Job instance at 0x7f8a2eaf8460>,22,2,[12  3],23,-1,62,-1,60
1,<environment.Job instance at 0x7f8a2e233550>,0,18,[5 5],1,-1,19,-1,1
1,<environment.Job instance at 0x7f8a2e233690>,2,14,[9 1],3,-1,22,-1,8
1,<environment.Job instance at 0x7f8a2e234550>,8,19,[8 4],9,-1,28,-1,9
1,<environment.Job instance at 0x7f8a2e234230>,9,17,[2 7],10,-1,27,-1,10
1,<environment.Job instance at 0x7f8a2e396050>,21,16,[5 8],22,-1,38,-1,22
1,<environment.Job instance at 0x7f8a2e384e10>,25,23,[3 7],26,-1,49,-1,26
1,<environment.Job instance at 0x7f8a2e393eb0>,30,18,[7 5],31,-1,49,-1,31
1,<environment.Job instance at 0x7f8a2e0b5e60>,33,17,[5 6],34,-1,51,-1,34
1,<environment.Job instance at 0x7f8a2e0b5fa0>,34,17,[5 4],35,-1,52,-1,35
1,<environment.Job instance at 0x7f8a2e09d230>,38,20,[5 7],39,-1,59,-1,39
1,<environment.Job instance at 0x7f8a2e0b49b0>,40,20,[5 7],41,-1,61,-1,41
1,<environment.Job instance at 0x7f8a2e30d8c0>,11,17,[ 4 14],12,-1,35,-1,18
1,<environment.Job instance at 0x7f8a2e2a25f0>,15,19,[14  4],16,-1,42,-1,23
1,<environment.Job instance at 0x7f8a2e2a80f0>,25,23,[3 7],26,-1,72,-1,49
1,<environment.Job instance at 0x7f8a2e2b0c80>,32,27,[ 3 13],33,-1,82,-1,55
1,<environment.Job instance at 0x7f8a382a8370>,0,17,[3 8],1,-1,19,-1,2
1,<environment.Job instance at 0x7f8a382a8aa0>,1,16,[5 4],2,-1,18,-1,2
1,<environment.Job instance at 0x7f8a3816b910>,6,15,[6 2],7,-1,22,-1,7
1,<environment.Job instance at 0x7f8a2e103690>,9,3,[5 5],10,-1,13,-1,10
1,<environment.Job instance at 0x7f8a2e1038c0>,10,13,[2 6],11,-1,24,-1,11
1,<environment.Job instance at 0x7f8a2e103870>,11,16,[1 9],12,-1,28,-1,12
1,<environment.Job instance at 0x7f8a2e103a50>,12,16,[6 2],13,-1,29,-1,13
1,<environment.Job instance at 0x7f8a2e103820>,15,14,[3 8],16,-1,30,-1,16
1,<environment.Job instance at 0x7f8a2e1035a0>,17,17,[3 8],18,-1,35,-1,18
1,<environment.Job instance at 0x7f8a2e103dc0>,18,16,[3 9],19,-1,35,-1,19
1,<environment.Job instance at 0x7f8a2e103460>,21,3,[1 5],22,-1,25,-1,22
1,<environment.Job instance at 0x7f8a2e103370>,23,15,[4 8],24,-1,39,-1,24
1,<environment.Job instance at 0x7f8a2e1035f0>,24,13,[1 9],25,-1,38,-1,25
1,<environment.Job instance at 0x7f8a2e103d70>,26,22,[11  3],27,-1,49,-1,27
1,<environment.Job instance at 0x7f8a2e113a50>,27,18,[5 2],28,-1,46,-1,28
1,<environment.Job instance at 0x7f8a2e1135f0>,28,18,[4 6],29,-1,47,-1,29
1,<environment.Job instance at 0x7f8a2e113a00>,29,16,[3 5],30,-1,46,-1,30
1,<environment.Job instance at 0x7f8a2e113d20>,35,25,[3 9],36,-1,61,-1,36
1,<environment.Job instance at 0x7f8a2e1131e0>,37,13,[ 4 10],38,-1,51,-1,38
1,<environment.Job instance at 0x7f8a2e113c80>,38,14,[4 7],39,-1,53,-1,39
1,<environment.Job instance at 0x7f8a2e113d70>,39,23,[2 8],40,-1,63,-1,40
1,<environment.Job instance at 0x7f8a2e1167d0>,45,17,[10  5],46,-1,63,-1,46
1,<environment.Job instance at 0x7f8a2e116820>,46,26,[9 1],47,-1,73,-1,47
1,<environment.Job instance at 0x7f8a2e116a50>,48,14,[8 5],49,-1,63,-1,49
1,<environment.Job instance at 0x7f8a2e1169b0>,49,17,[9 2],50,-1,67,-1,50
1,<environment.Job instance at 0x7f8a2e116b40>,50,18,[5 1],51,-1,69,-1,51
1,<environment.Job instance at 0x7f8a2e116690>,52,14,[8 4],53,-1,67,-1,53
1,<environment.Job instance at 0x7f8a2e1166e0>,54,17,[10  5],55,-1,72,-1,55
1,<environment.Job instance at 0x7f8a2e1163c0>,55,16,[ 3 10],56,-1,72,-1,56
1,<environment.Job instance at 0x7f8a2e0e4b40>,56,23,[5 8],57,-1,80,-1,57
1,<environment.Job instance at 0x7f8a2e0e8730>,62,14,[9 2],63,-1,78,-1,64
1,<environment.Job instance at 0x7f8a2e0e8460>,64,17,[10  2],65,-1,82,-1,65
1,<environment.Job instance at 0x7f8a2e0e8e60>,65,17,[5 9],66,-1,83,-1,66
1,<environment.Job instance at 0x7f8a2e0e8320>,66,13,[5 1],67,-1,80,-1,67
1,<environment.Job instance at 0x7f8a2e0e8640>,63,27,[5 3],64,-1,94,-1,67
1,<environment.Job instance at 0x7f8a2e0e8fa0>,68,22,[9 2],69,-1,91,-1,69
1,<environment.Job instance at 0x7f8a2f0fc140>,0,17,[2 9],1,-1,18,-1,1
1,<environment.Job instance at 0x7f8a2f0fc0f0>,2,17,[10  4],3,-1,22,-1,5
1,<environment.Job instance at 0x7f8a2f0fc370>,5,17,[8 1],6,-1,23,-1,6
1,<environment.Job instance at 0x7f8a2f0fc4b0>,7,18,[ 1 10],8,-1,26,-1,8
1,<environment.Job instance at 0x7f8a2ec2ff00>,8,28,[7 4],9,-1,37,-1,9
1,<environment.Job instance at 0x7f8a2ec2f960>,13,15,[5 6],14,-1,29,-1,14
1,<environment.Job instance at 0x7f8a2ec2f5a0>,14,28,[9 1],15,-1,43,-1,15
1,<environment.Job instance at 0x7f8a2ec2fa00>,15,17,[3 5],16,-1,33,-1,16
1,<environment.Job instance at 0x7f8a2ec2f6e0>,16,15,[ 5 10],17,-1,32,-1,17
1,<environment.Job instance at 0x7f8a2ec2f5f0>,21,13,[3 6],22,-1,35,-1,22
1,<environment.Job instance at 0x7f8a2ec2f9b0>,22,16,[8 5],23,-1,39,-1,23
1,<environment.Job instance at 0x7f8a2ec2f410>,24,14,[8 5],25,-1,39,-1,25
1,<environment.Job instance at 0x7f8a382a7690>,28,18,[3 8],29,-1,47,-1,29
1,<environment.Job instance at 0x7f8a382a7640>,29,16,[9 4],30,-1,46,-1,30
1,<environment.Job instance at 0x7f8a382a7e60>,30,28,[7 3],31,-1,59,-1,31
1,<environment.Job instance at 0x7f8a382a76e0>,31,16,[7 4],32,-1,48,-1,32
1,<environment.Job instance at 0x7f8a382a7b90>,33,18,[1 6],34,-1,52,-1,34
1,<environment.Job instance at 0x7f8a382a7c80>,34,15,[9 5],35,-1,50,-1,35
1,<environment.Job instance at 0x7f8a2e7763c0>,36,17,[2 6],37,-1,54,-1,37
1,<environment.Job instance at 0x7f8a2e7767d0>,37,16,[2 8],38,-1,54,-1,38
1,<environment.Job instance at 0x7f8a2e7765f0>,38,12,[9 2],39,-1,51,-1,39
1,<environment.Job instance at 0x7f8a2e776780>,40,18,[8 5],41,-1,59,-1,41
1,<environment.Job instance at 0x7f8a382af910>,44,17,[1 9],45,-1,62,-1,45
1,<environment.Job instance at 0x7f8a382af460>,50,2,[8 3],51,-1,53,-1,51
1,<environment.Job instance at 0x7f8a382af190>,53,21,[9 5],54,-1,75,-1,54
1,<environment.Job instance at 0x7f8a2e7770a0>,54,18,[10  2],55,-1,73,-1,55
1,<environment.Job instance at 0x7f8a2e0ddd20>,1,18,[ 5 11],2,-1,20,-1,2
1,<environment.Job instance at 0x7f8a3f51c9b0>,8,28,[7 4],9,-1,48,-1,20
1,<environment.Job instance at 0x7f8a382a7b40>,14,28,[9 1],15,-1,66,-1,38
1,<environment.Job instance at 0x7f8a382afbe0>,18,16,[14  3],19,-1,55,-1,39
1,<environment.Job instance at 0x7f8a2ef59c30>,9,14,[5 7],10,-1,24,-1,10
1,<environment.Job instance at 0x7f8a2ef59f50>,11,3,[3 6],12,-1,15,-1,12
1,<environment.Job instance at 0x7f8a2ef4d410>,12,1,[13  3],13,-1,14,-1,13
1,<environment.Job instance at 0x7f8a2ef4d190>,13,18,[9 2],14,-1,32,-1,14
1,<environment.Job instance at 0x7f8a2ef4d0f0>,14,18,[ 5 10],15,-1,33,-1,15
1,<environment.Job instance at 0x7f8a2ef3b320>,16,16,[5 7],17,-1,33,-1,17
1,<environment.Job instance at 0x7f8a2ef3be60>,18,15,[2 5],19,-1,34,-1,19
1,<environment.Job instance at 0x7f8a2ef3b410>,19,15,[7 4],20,-1,35,-1,20
1,<environment.Job instance at 0x7f8a2ef3b8c0>,20,17,[4 5],21,-1,38,-1,21
1,<environment.Job instance at 0x7f8a2e57f820>,25,18,[9 5],26,-1,44,-1,26
1,<environment.Job instance at 0x7f8a2e5918c0>,27,17,[7 5],28,-1,45,-1,28
1,<environment.Job instance at 0x7f8a2ef3bd70>,30,14,[2 8],31,-1,45,-1,31
1,<environment.Job instance at 0x7f8a2f637780>,31,15,[10  3],32,-1,47,-1,32
1,<environment.Job instance at 0x7f8a2ef36460>,34,16,[8 3],35,-1,51,-1,35
1,<environment.Job instance at 0x7f8a2e4cbc80>,39,17,[4 8],40,-1,57,-1,40
1,<environment.Job instance at 0x7f8a2e4cecd0>,40,14,[ 3 10],41,-1,55,-1,41
1,<environment.Job instance at 0x7f8a2ef53370>,43,15,[7 4],44,-1,59,-1,44
1,<environment.Job instance at 0x7f8a2ef6faf0>,46,15,[6 2],47,-1,63,-1,48
1,<environment.Job instance at 0x7f8a2ef6ffa0>,47,16,[ 5 13],48,-1,64,-1,48
1,<environment.Job instance at 0x7f8a2ef350a0>,51,16,[2 8],52,-1,68,-1,52
1,<environment.Job instance at 0x7f8a2ef35820>,53,13,[2 5],54,-1,68,-1,55
1,<environment.Job instance at 0x7f8a2e4b4140>,58,14,[10  4],59,-1,73,-1,59
1,<environment.Job instance at 0x7f8a2ef35370>,54,18,[13  2],55,-1,77,-1,59
1,<environment.Job instance at 0x7f8a2e4b40f0>,59,16,[1 7],60,-1,76,-1,60
1,<environment.Job instance at 0x7f8a2e4b4460>,62,20,[7 3],63,-1,83,-1,63
1,<environment.Job instance at 0x7f8a2e4b4690>,65,17,[6 3],66,-1,83,-1,66
1,<environment.Job instance at 0x7f8a2e4b4910>,66,20,[6 2],67,-1,87,-1,67
1,<environment.Job instance at 0x7f8a2e4b4a00>,68,17,[2 8],69,-1,86,-1,69
1,<environment.Job instance at 0x7f8a2e5f0be0>,3,3,[14  5],4,-1,7,-1,4
1,<environment.Job instance at 0x7f8a2e669d20>,8,17,[12  1],9,-1,26,-1,9
1,<environment.Job instance at 0x7f8a2e669870>,12,1,[13  3],13,-1,14,-1,13
1,<environment.Job instance at 0x7f8a3815d3c0>,22,27,[ 2 13],23,-1,65,-1,38
1,<environment.Job instance at 0x7f8a2e5e11e0>,28,1,[12  5],29,-1,60,-1,59
1,<environment.Job instance at 0x7f8a2e9b5a50>,5,16,[2 6],6,-1,22,-1,6
1,<environment.Job instance at 0x7f8a2e9b5f50>,6,15,[10  5],7,-1,22,-1,7
1,<environment.Job instance at 0x7f8a2e9b5910>,7,16,[ 3 10],8,-1,24,-1,8
1,<environment.Job instance at 0x7f8a2e9b56e0>,8,16,[3 6],9,-1,25,-1,9
1,<environment.Job instance at 0x7f8a2e9b5b40>,9,22,[1 6],10,-1,32,-1,10
1,<environment.Job instance at 0x7f8a2e9b5aa0>,11,25,[10  4],12,-1,37,-1,12
1,<environment.Job instance at 0x7f8a2e9b50a0>,14,22,[1 9],15,-1,37,-1,15
1,<environment.Job instance at 0x7f8a2f645870>,17,13,[ 1 10],18,-1,31,-1,18
1,<environment.Job instance at 0x7f8a2f645af0>,19,18,[ 2 10],20,-1,38,-1,20
1,<environment.Job instance at 0x7f8a2f645f50>,20,17,[7 1],21,-1,38,-1,21
1,<environment.Job instance at 0x7f8a2f6458c0>,21,18,[3 8],22,-1,40,-1,22
1,<environment.Job instance at 0x7f8a2f645dc0>,23,24,[3 6],24,-1,48,-1,24
1,<environment.Job instance at 0x7f8a2f6454b0>,25,20,[3 8],26,-1,46,-1,26
1,<environment.Job instance at 0x7f8a2f645eb0>,26,15,[4 9],27,-1,42,-1,27
1,<environment.Job instance at 0x7f8a2f645960>,27,27,[9 5],28,-1,55,-1,28
1,<environment.Job instance at 0x7f8a2f6450f0>,30,18,[4 8],31,-1,49,-1,31
1,<environment.Job instance at 0x7f8a2e99b6e0>,35,18,[ 3 10],36,-1,54,-1,36
1,<environment.Job instance at 0x7f8a2e99b910>,38,12,[8 2],39,-1,51,-1,39
1,<environment.Job instance at 0x7f8a2e99b050>,39,1,[10  5],40,-1,41,-1,40
1,<environment.Job instance at 0x7f8a2e99b730>,40,12,[1 5],41,-1,53,-1,41
1,<environment.Job instance at 0x7f8a2e99b2d0>,42,17,[9 1],43,-1,60,-1,43
1,<environment.Job instance at 0x7f8a2e99bd70>,43,18,[8 1],44,-1,62,-1,44
1,<environment.Job instance at 0x7f8a2e99b870>,45,27,[5 5],46,-1,73,-1,46
1,<environment.Job instance at 0x7f8a2e99bc80>,46,22,[2 8],47,-1,69,-1,47
1,<environment.Job instance at 0x7f8a2ec657d0>,47,20,[5 2],48,-1,68,-1,48
1,<environment.Job instance at 0x7f8a2ec656e0>,49,17,[2 6],50,-1,67,-1,50
1,<environment.Job instance at 0x7f8a2ec65f50>,50,16,[1 9],51,-1,67,-1,51
1,<environment.Job instance at 0x7f8a2ec65730>,52,17,[4 6],53,-1,70,-1,53
1,<environment.Job instance at 0x7f8a2ec65910>,53,27,[7 5],54,-1,81,-1,54
1,<environment.Job instance at 0x7f8a2ec65690>,58,14,[2 7],59,-1,73,-1,59
1,<environment.Job instance at 0x7f8a2ec65410>,59,17,[5 1],60,-1,77,-1,60
1,<environment.Job instance at 0x7f8a2ec65460>,61,18,[5 7],62,-1,80,-1,62
1,<environment.Job instance at 0x7f8a2ec650a0>,62,13,[8 1],63,-1,76,-1,63
1,<environment.Job instance at 0x7f8a2ec659b0>,63,16,[3 5],64,-1,80,-1,64
1,<environment.Job instance at 0x7f8a2e969f00>,65,25,[3 7],66,-1,91,-1,66
1,<environment.Job instance at 0x7f8a2e9690a0>,67,14,[10  3],68,-1,82,-1,68
1,<environment.Job instance at 0x7f8a2e969aa0>,68,13,[8 2],69,-1,82,-1,69
1,<environment.Job instance at 0x7f8a382afdc0>,11,25,[10  4],12,-1,48,-1,23
1,<environment.Job instance at 0x7f8a3815db90>,23,24,[3 6],24,-1,87,-1,63
1,<environment.Job instance at 0x7f8a2e6fe460>,5,16,[10  5],6,-1,23,-1,7
1,<environment.Job instance at 0x7f8a2e6fe4b0>,7,14,[9 1],8,-1,22,-1,8
1,<environment.Job instance at 0x7f8a2e6fe550>,8,21,[9 5],9,-1,30,-1,9
1,<environment.Job instance at 0x7f8a2e6fe690>,10,17,[9 4],11,-1,28,-1,11
1,<environment.Job instance at 0x7f8a2e6feb40>,15,15,[5 7],16,-1,31,-1,16
1,<environment.Job instance at 0x7f8a2e6fec80>,17,16,[2 6],18,-1,34,-1,18
1,<environment.Job instance at 0x7f8a2e7103c0>,23,17,[1 8],24,-1,41,-1,24
1,<environment.Job instance at 0x7f8a2e710190>,25,24,[3 9],26,-1,50,-1,26
1,<environment.Job instance at 0x7f8a2e7105a0>,26,17,[9 1],27,-1,44,-1,27
1,<environment.Job instance at 0x7f8a2e710870>,29,16,[1 8],30,-1,46,-1,30
1,<environment.Job instance at 0x7f8a2e710a00>,32,17,[10  3],33,-1,50,-1,33
1,<environment.Job instance at 0x7f8a2e710cd0>,33,13,[9 5],34,-1,47,-1,34
1,<environment.Job instance at 0x7f8a2e710c30>,34,15,[ 1 10],35,-1,50,-1,35
1,<environment.Job instance at 0x7f8a2e7132d0>,42,27,[5 5],43,-1,70,-1,43
1,<environment.Job instance at 0x7f8a2e713780>,44,25,[1 7],45,-1,70,-1,45
1,<environment.Job instance at 0x7f8a2e7137d0>,46,15,[ 5 10],47,-1,62,-1,47
1,<environment.Job instance at 0x7f8a2e713be0>,49,14,[2 6],50,-1,64,-1,50
1,<environment.Job instance at 0x7f8a2e713cd0>,51,14,[1 9],52,-1,66,-1,52
1,<environment.Job instance at 0x7f8a2e44a0a0>,53,18,[4 8],54,-1,72,-1,54
1,<environment.Job instance at 0x7f8a2e44a1e0>,54,17,[7 4],55,-1,72,-1,55
1,<environment.Job instance at 0x7f8a2e44a190>,55,14,[7 3],56,-1,70,-1,56
1,<environment.Job instance at 0x7f8a2e44a320>,56,27,[5 8],57,-1,84,-1,57
1,<environment.Job instance at 0x7f8a2e709a00>,58,12,[5 6],59,-1,71,-1,59
1,<environment.Job instance at 0x7f8a2e7017d0>,61,24,[4 8],62,-1,86,-1,62
1,<environment.Job instance at 0x7f8a2e7018c0>,65,19,[7 5],66,-1,85,-1,66
1,<environment.Job instance at 0x7f8a2e701960>,66,14,[8 1],67,-1,81,-1,67
1,<environment.Job instance at 0x7f8a2e701aa0>,67,12,[10  4],68,-1,80,-1,68
1,<environment.Job instance at 0x7f8a2e90ea50>,0,1,[ 4 12],1,-1,2,-1,1
1,<environment.Job instance at 0x7f8a2e90e0a0>,4,12,[13  3],5,-1,17,-1,5
1,<environment.Job instance at 0x7f8a2e4a26e0>,9,3,[12  1],10,-1,13,-1,10
1,<environment.Job instance at 0x7f8a2ec653c0>,19,16,[ 5 13],20,-1,53,-1,37
1,<environment.Job instance at 0x7f8a2f6456e0>,24,14,[ 3 14],25,-1,67,-1,53
1,<environment.Job instance at 0x7f8a2f645e60>,25,24,[3 9],26,-1,79,-1,55
1,<environment.Job instance at 0x7f8a2e531cd0>,2,17,[2 5],3,-1,21,-1,4
1,<environment.Job instance at 0x7f8a2e5310f0>,6,18,[8 2],7,-1,25,-1,7
1,<environment.Job instance at 0x7f8a2e2b33c0>,7,18,[6 2],8,-1,26,-1,8
1,<environment.Job instance at 0x7f8a2e90e460>,3,14,[8 2],4,-1,23,-1,9
1,<environment.Job instance at 0x7f8a2e531be0>,9,18,[5 8],10,-1,28,-1,10
1,<environment.Job instance at 0x7f8a2e2b3be0>,10,19,[2 7],11,-1,31,-1,12
1,<environment.Job instance at 0x7f8a2e2b3460>,11,24,[1 9],12,-1,36,-1,12
1,<environment.Job instance at 0x7f8a2e2b3b90>,17,23,[10  4],18,-1,41,-1,18
1,<environment.Job instance at 0x7f8a2e2b3e60>,18,14,[3 8],19,-1,33,-1,19
1,<environment.Job instance at 0x7f8a2e2b3a00>,21,17,[5 7],22,-1,39,-1,22
1,<environment.Job instance at 0x7f8a2ed536e0>,24,13,[1 9],25,-1,38,-1,25
1,<environment.Job instance at 0x7f8a2ed53d20>,25,16,[4 5],26,-1,42,-1,26
1,<environment.Job instance at 0x7f8a2ed53140>,29,17,[ 5 10],30,-1,47,-1,30
1,<environment.Job instance at 0x7f8a2e7c89b0>,30,18,[4 6],31,-1,49,-1,31
1,<environment.Job instance at 0x7f8a2e7c8b40>,31,15,[3 5],32,-1,47,-1,32
1,<environment.Job instance at 0x7f8a2e7c86e0>,34,15,[5 7],35,-1,51,-1,36
1,<environment.Job instance at 0x7f8a2e7c8370>,36,14,[ 5 10],37,-1,51,-1,37
1,<environment.Job instance at 0x7f8a2e7c8190>,35,24,[10  2],36,-1,61,-1,37
1,<environment.Job instance at 0x7f8a2e7c8d20>,37,18,[1 7],38,-1,57,-1,39
1,<environment.Job instance at 0x7f8a2e7c83c0>,41,14,[5 4],42,-1,56,-1,42
1,<environment.Job instance at 0x7f8a2e7c8140>,43,20,[5 7],44,-1,64,-1,44
1,<environment.Job instance at 0x7f8a2e7c8dc0>,38,19,[1 6],39,-1,78,-1,59
1,<environment.Job instance at 0x7f8a2e4bd370>,60,3,[1 6],61,-1,64,-1,61
1,<environment.Job instance at 0x7f8a2e4bd190>,56,14,[10  4],57,-1,76,-1,62
1,<environment.Job instance at 0x7f8a2e1f8a00>,61,15,[ 2 14],62,-1,79,-1,64
1,<environment.Job instance at 0x7f8a2ef59640>,1,1,[11  1],2,-1,3,-1,2
1,<environment.Job instance at 0x7f8a382afc30>,11,24,[1 9],12,-1,44,-1,20
1,<environment.Job instance at 0x7f8a2e5f6e10>,17,23,[10  4],18,-1,61,-1,38
1,<environment.Job instance at 0x7f8a2e969550>,23,3,[ 5 13],24,-1,55,-1,52
1,<environment.Job instance at 0x7f8a2e90ed70>,26,17,[13  2],27,-1,83,-1,66
1,<environment.Job instance at 0x7f8a2e90ed20>,27,1,[11  4],28,-1,67,-1,66
1,<environment.Job instance at 0x7f8a37cb1eb0>,0,18,[5 9],1,-1,19,-1,1
1,<environment.Job instance at 0x7f8a37cb1730>,3,18,[ 1 10],4,-1,23,-1,5
1,<environment.Job instance at 0x7f8a37cb1820>,5,12,[6 1],6,-1,18,-1,6
1,<environment.Job instance at 0x7f8a2e02daa0>,7,3,[5 1],8,-1,11,-1,8
1,<environment.Job instance at 0x7f8a2e710aa0>,4,14,[7 5],5,-1,22,-1,8
1,<environment.Job instance at 0x7f8a2e02d910>,9,14,[9 5],10,-1,26,-1,12
1,<environment.Job instance at 0x7f8a2e02d0f0>,11,17,[14  3],12,-1,30,-1,13
1,<environment.Job instance at 0x7f8a2e02d7d0>,15,17,[ 5 10],16,-1,34,-1,17
1,<environment.Job instance at 0x7f8a2e02d5a0>,16,17,[ 1 10],17,-1,35,-1,18
1,<environment.Job instance at 0x7f8a2e02d320>,18,16,[9 2],19,-1,36,-1,20
1,<environment.Job instance at 0x7f8a2e02d640>,19,28,[1 8],20,-1,48,-1,20
1,<environment.Job instance at 0x7f8a2ee86870>,26,14,[9 2],27,-1,42,-1,28
1,<environment.Job instance at 0x7f8a2ee86aa0>,27,17,[3 8],28,-1,45,-1,28
1,<environment.Job instance at 0x7f8a2e8d2230>,38,17,[2 7],39,-1,58,-1,41
1,<environment.Job instance at 0x7f8a2e8d2e10>,46,18,[9 4],47,-1,67,-1,49
1,<environment.Job instance at 0x7f8a2ee86910>,35,24,[8 3],36,-1,75,-1,51
1,<environment.Job instance at 0x7f8a2e8d2c80>,47,17,[3 5],48,-1,68,-1,51
1,<environment.Job instance at 0x7f8a2e8d2aa0>,48,17,[2 6],49,-1,68,-1,51
1,<environment.Job instance at 0x7f8a2e8d2500>,52,15,[10  1],53,-1,69,-1,54
1,<environment.Job instance at 0x7f8a37cc18c0>,54,24,[4 5],55,-1,79,-1,55
1,<environment.Job instance at 0x7f8a37cc1d70>,55,13,[8 5],56,-1,69,-1,56
1,<environment.Job instance at 0x7f8a2e8d2460>,53,17,[5 3],54,-1,74,-1,57
1,<environment.Job instance at 0x7f8a37cc1c80>,56,13,[3 9],57,-1,71,-1,58
1,<environment.Job instance at 0x7f8a2f61e230>,58,16,[6 5],59,-1,75,-1,59
1,<environment.Job instance at 0x7f8a2e8d2640>,40,18,[8 1],41,-1,84,-1,66
1,<environment.Job instance at 0x7f8a2e8d2870>,51,13,[12  4],52,-1,79,-1,66
1,<environment.Job instance at 0x7f8a2ef33d20>,66,15,[9 1],67,-1,82,-1,67
1,<environment.Job instance at 0x7f8a2ef33b90>,64,16,[9 2],65,-1,83,-1,67
1,<environment.Job instance at 0x7f8a2e92c8c0>,11,17,[14  3],12,-1,38,-1,21
1,<environment.Job instance at 0x7f8a2e92c870>,14,15,[ 2 13],15,-1,37,-1,22
1,<environment.Job instance at 0x7f8a2e92c820>,17,3,[12  4],18,-1,26,-1,23
1,<environment.Job instance at 0x7f8a2e716410>,19,28,[1 8],20,-1,63,-1,35
1,<environment.Job instance at 0x7f8a2ef35a00>,28,18,[13  3],29,-1,75,-1,57
1,<environment.Job instance at 0x7f8a2f2c8af0>,8,17,[7 2],9,-1,26,-1,9
1,<environment.Job instance at 0x7f8a2f2c8370>,9,16,[10  2],10,-1,26,-1,10
1,<environment.Job instance at 0x7f8a2f2c80a0>,10,15,[5 6],11,-1,26,-1,11
1,<environment.Job instance at 0x7f8a2f2c8190>,14,15,[7 3],15,-1,30,-1,15
1,<environment.Job instance at 0x7f8a2f2c85f0>,15,12,[10  3],16,-1,29,-1,17
1,<environment.Job instance at 0x7f8a2f2c8730>,17,15,[10  1],18,-1,33,-1,18
1,<environment.Job instance at 0x7f8a2f0cd960>,19,23,[6 5],20,-1,43,-1,20
1,<environment.Job instance at 0x7f8a2f0cd5f0>,20,17,[2 6],21,-1,38,-1,21
1,<environment.Job instance at 0x7f8a2f0cd1e0>,21,2,[5 7],22,-1,24,-1,22
1,<environment.Job instance at 0x7f8a2f0cdaa0>,22,1,[4 6],23,-1,24,-1,23
1,<environment.Job instance at 0x7f8a2f2c8140>,16,14,[5 4],17,-1,38,-1,24
1,<environment.Job instance at 0x7f8a2f0cdaf0>,29,21,[1 9],30,-1,51,-1,30
1,<environment.Job instance at 0x7f8a2f0cd910>,30,27,[6 4],31,-1,58,-1,31
1,<environment.Job instance at 0x7f8a2ea22e10>,32,15,[10  1],33,-1,49,-1,34
1,<environment.Job instance at 0x7f8a2ea22140>,34,13,[1 8],35,-1,48,-1,35
1,<environment.Job instance at 0x7f8a2ea220f0>,35,3,[10  4],36,-1,39,-1,36
1,<environment.Job instance at 0x7f8a2ea221e0>,36,14,[1 7],37,-1,51,-1,37
1,<environment.Job instance at 0x7f8a2ea22500>,33,13,[7 5],34,-1,50,-1,37
1,<environment.Job instance at 0x7f8a2ea22820>,38,22,[7 5],39,-1,61,-1,39
1,<environment.Job instance at 0x7f8a2ea22320>,40,18,[ 5 10],41,-1,59,-1,41
1,<environment.Job instance at 0x7f8a2ea22d70>,42,24,[1 6],43,-1,67,-1,43
1,<environment.Job instance at 0x7f8a2ea22910>,43,16,[8 5],44,-1,60,-1,44
1,<environment.Job instance at 0x7f8a2ea228c0>,44,16,[9 4],45,-1,62,-1,46
1,<environment.Job instance at 0x7f8a2ea22f00>,46,15,[10  4],47,-1,63,-1,48
1,<environment.Job instance at 0x7f8a2e249050>,48,17,[3 9],49,-1,66,-1,49
1,<environment.Job instance at 0x7f8a2e249190>,50,14,[1 8],51,-1,65,-1,51
1,<environment.Job instance at 0x7f8a2e249230>,51,12,[5 6],52,-1,64,-1,52
1,<environment.Job instance at 0x7f8a2e249b40>,53,13,[5 1],54,-1,67,-1,54
1,<environment.Job instance at 0x7f8a2e249640>,47,13,[ 4 10],48,-1,67,-1,54
1,<environment.Job instance at 0x7f8a2eb47f00>,58,14,[9 1],59,-1,74,-1,60
1,<environment.Job instance at 0x7f8a2eb475f0>,60,1,[9 4],61,-1,62,-1,61
1,<environment.Job instance at 0x7f8a2eb47fa0>,61,2,[ 3 14],62,-1,64,-1,62
1,<environment.Job instance at 0x7f8a2dcf9690>,62,15,[6 2],63,-1,78,-1,63
1,<environment.Job instance at 0x7f8a2eb47050>,59,17,[1 9],60,-1,82,-1,65
1,<environment.Job instance at 0x7f8a2e00ab40>,19,23,[6 5],20,-1,72,-1,49
1,<environment.Job instance at 0x7f8a2e3b9500>,5,15,[ 1 10],6,-1,21,-1,6
1,<environment.Job instance at 0x7f8a2e3b9280>,8,24,[4 7],9,-1,33,-1,9
1,<environment.Job instance at 0x7f8a2ebe6eb0>,14,18,[ 4 11],15,-1,41,-1,23
1,<environment.Job instance at 0x7f8a2e6caeb0>,21,2,[8 4],22,-1,25,-1,23
1,<environment.Job instance at 0x7f8a2f12f8c0>,17,15,[4 6],18,-1,38,-1,23
1,<environment.Job instance at 0x7f8a2e02dc30>,24,16,[4 5],25,-1,41,-1,25
1,<environment.Job instance at 0x7f8a37cc1460>,20,20,[4 6],21,-1,46,-1,26
1,<environment.Job instance at 0x7f8a2e8f6410>,25,16,[ 2 11],26,-1,43,-1,27
1,<environment.Job instance at 0x7f8a2ebe6af0>,12,17,[9 4],13,-1,50,-1,33
1,<environment.Job instance at 0x7f8a2e53b280>,32,17,[ 2 10],33,-1,50,-1,33
1,<environment.Job instance at 0x7f8a2ebe6e60>,15,16,[9 4],16,-1,49,-1,33
1,<environment.Job instance at 0x7f8a2f3c8eb0>,33,15,[5 5],34,-1,49,-1,34
1,<environment.Job instance at 0x7f8a2f3c80a0>,34,12,[9 1],35,-1,47,-1,35
1,<environment.Job instance at 0x7f8a2e2709b0>,36,13,[4 7],37,-1,50,-1,37
1,<environment.Job instance at 0x7f8a2e918af0>,38,20,[3 8],39,-1,59,-1,39
1,<environment.Job instance at 0x7f8a2e918cd0>,39,13,[7 4],40,-1,53,-1,40
1,<environment.Job instance at 0x7f8a2e918140>,40,24,[10  4],41,-1,65,-1,41
1,<environment.Job instance at 0x7f8a2e9182d0>,41,21,[4 7],42,-1,63,-1,42
1,<environment.Job instance at 0x7f8a2f00c820>,43,15,[4 9],44,-1,59,-1,44
1,<environment.Job instance at 0x7f8a2f00caf0>,46,18,[6 3],47,-1,65,-1,47
1,<environment.Job instance at 0x7f8a2f00cb40>,49,19,[5 5],50,-1,69,-1,50
1,<environment.Job instance at 0x7f8a2f00c5f0>,50,15,[10  4],51,-1,67,-1,52
1,<environment.Job instance at 0x7f8a2f00c230>,52,15,[4 8],53,-1,68,-1,53
1,<environment.Job instance at 0x7f8a2f01b550>,54,14,[3 8],55,-1,69,-1,55
1,<environment.Job instance at 0x7f8a2e282500>,55,12,[10  1],56,-1,68,-1,56
1,<environment.Job instance at 0x7f8a2e86b5a0>,56,12,[2 7],57,-1,69,-1,57
1,<environment.Job instance at 0x7f8a2e86b730>,57,14,[ 4 10],58,-1,72,-1,58
1,<environment.Job instance at 0x7f8a2e86be60>,58,18,[4 6],59,-1,77,-1,59
1,<environment.Job instance at 0x7f8a2e8f3aa0>,62,16,[3 8],63,-1,79,-1,63
1,<environment.Job instance at 0x7f8a2e8f3320>,63,13,[7 4],64,-1,77,-1,64
1,<environment.Job instance at 0x7f8a2f00cdc0>,51,18,[4 8],52,-1,84,-1,66
1,<environment.Job instance at 0x7f8a2e8f3280>,66,18,[10  2],67,-1,87,-1,69
1,<environment.Job instance at 0x7f8a2e3a7320>,6,12,[ 2 11],7,-1,19,-1,7
1,<environment.Job instance at 0x7f8a2e4eaf00>,8,24,[4 7],9,-1,38,-1,14
1,<environment.Job instance at 0x7f8a37c6b140>,14,18,[ 4 11],15,-1,38,-1,20
1,<environment.Job instance at 0x7f8a2dcffeb0>,19,3,[14  1],20,-1,37,-1,34
1,<environment.Job instance at 0x7f8a2eadce60>,23,14,[ 1 11],24,-1,52,-1,38
1,<environment.Job instance at 0x7f8a2f601460>,25,16,[ 2 11],26,-1,56,-1,40
1,<environment.Job instance at 0x7f8a2e3b9f00>,28,2,[13  3],29,-1,45,-1,43
1,<environment.Job instance at 0x7f8a2e288af0>,0,16,[ 3 10],1,-1,18,-1,2
1,<environment.Job instance at 0x7f8a2e288c30>,2,3,[4 8],3,-1,6,-1,3
1,<environment.Job instance at 0x7f8a2e288910>,3,13,[5 5],4,-1,17,-1,4
1,<environment.Job instance at 0x7f8a37c6b640>,4,2,[1 6],5,-1,7,-1,5
1,<environment.Job instance at 0x7f8a37c6b460>,5,14,[4 6],6,-1,20,-1,6
1,<environment.Job instance at 0x7f8a37c6b960>,6,1,[5 1],7,-1,8,-1,7
1,<environment.Job instance at 0x7f8a2eacbf50>,16,14,[6 4],17,-1,31,-1,17
1,<environment.Job instance at 0x7f8a38066410>,18,17,[3 7],19,-1,36,-1,19
1,<environment.Job instance at 0x7f8a2e8b2d70>,21,17,[2 7],22,-1,39,-1,22
1,<environment.Job instance at 0x7f8a2e1d1f50>,22,17,[6 4],23,-1,40,-1,23
1,<environment.Job instance at 0x7f8a2e90b500>,23,12,[7 4],24,-1,36,-1,24
1,<environment.Job instance at 0x7f8a2e8a5460>,28,12,[ 4 10],29,-1,41,-1,29
1,<environment.Job instance at 0x7f8a2e2888c0>,1,16,[5 7],2,-1,45,-1,29
1,<environment.Job instance at 0x7f8a2e6d7be0>,36,13,[3 9],37,-1,50,-1,37
1,<environment.Job instance at 0x7f8a2e8a56e0>,30,14,[ 2 10],31,-1,53,-1,39
1,<environment.Job instance at 0x7f8a2e502f50>,39,18,[9 5],40,-1,58,-1,40
1,<environment.Job instance at 0x7f8a2e502960>,40,19,[4 5],41,-1,60,-1,41
1,<environment.Job instance at 0x7f8a2f6e4c30>,42,13,[9 4],43,-1,59,-1,46
1,<environment.Job instance at 0x7f8a2f0cc7d0>,46,13,[5 5],47,-1,61,-1,48
1,<environment.Job instance at 0x7f8a2f0cca50>,48,16,[8 3],49,-1,65,-1,49
1,<environment.Job instance at 0x7f8a2ed71be0>,50,23,[9 4],51,-1,74,-1,51
1,<environment.Job instance at 0x7f8a2ed71a00>,51,21,[8 2],52,-1,80,-1,59
1,<environment.Job instance at 0x7f8a2ed71870>,52,21,[5 7],53,-1,80,-1,59
1,<environment.Job instance at 0x7f8a2ed715f0>,55,18,[5 5],56,-1,78,-1,60
1,<environment.Job instance at 0x7f8a2ed71460>,58,28,[10  4],59,-1,88,-1,60
1,<environment.Job instance at 0x7f8a2ed713c0>,54,17,[9 2],55,-1,77,-1,60
1,<environment.Job instance at 0x7f8a2e0b9cd0>,62,18,[4 7],63,-1,81,-1,63
1,<environment.Job instance at 0x7f8a2e080c30>,64,14,[9 1],65,-1,81,-1,67
1,<environment.Job instance at 0x7f8a2e0eee10>,7,27,[ 2 11],8,-1,44,-1,17
1,<environment.Job instance at 0x7f8a2e8eb7d0>,9,3,[11  2],10,-1,20,-1,17
1,<environment.Job instance at 0x7f8a2e90c6e0>,12,1,[12  5],13,-1,19,-1,18
1,<environment.Job instance at 0x7f8a2f6f0fa0>,0,26,[4 9],1,-1,27,-1,1
1,<environment.Job instance at 0x7f8a2f6f00f0>,5,18,[1 8],6,-1,24,-1,6
1,<environment.Job instance at 0x7f8a2f6f0190>,7,23,[5 3],8,-1,31,-1,8
1,<environment.Job instance at 0x7f8a2f6f0640>,8,16,[9 4],9,-1,25,-1,9
1,<environment.Job instance at 0x7f8a2f6f0820>,10,14,[1 5],11,-1,25,-1,11
1,<environment.Job instance at 0x7f8a2f2d2870>,15,14,[ 1 10],16,-1,31,-1,17
1,<environment.Job instance at 0x7f8a2f2d23c0>,17,19,[1 5],18,-1,37,-1,18
1,<environment.Job instance at 0x7f8a2f2d2640>,19,18,[6 4],20,-1,38,-1,20
1,<environment.Job instance at 0x7f8a2f2d27d0>,20,13,[11  2],21,-1,34,-1,21
1,<environment.Job instance at 0x7f8a2f2d29b0>,21,13,[6 3],22,-1,35,-1,22
1,<environment.Job instance at 0x7f8a2f2d2140>,22,14,[3 9],23,-1,37,-1,23
1,<environment.Job instance at 0x7f8a2f2d2a50>,23,1,[10  5],24,-1,25,-1,24
1,<environment.Job instance at 0x7f8a2f2d2c80>,24,14,[5 3],25,-1,39,-1,25
1,<environment.Job instance at 0x7f8a2f2d20a0>,27,16,[ 3 12],28,-1,44,-1,28
1,<environment.Job instance at 0x7f8a2f2d2550>,28,15,[7 3],29,-1,44,-1,29
1,<environment.Job instance at 0x7f8a2f2d2410>,29,17,[9 2],30,-1,47,-1,30
1,<environment.Job instance at 0x7f8a2f2d2820>,30,14,[10  1],31,-1,45,-1,31
1,<environment.Job instance at 0x7f8a2f6f0320>,16,18,[7 4],17,-1,49,-1,31
1,<environment.Job instance at 0x7f8a2e69a410>,34,18,[5 6],35,-1,54,-1,36
1,<environment.Job instance at 0x7f8a2e69ad70>,37,13,[4 5],38,-1,51,-1,38
1,<environment.Job instance at 0x7f8a2e4b3690>,38,12,[ 4 10],39,-1,51,-1,39
1,<environment.Job instance at 0x7f8a2ec95a00>,40,16,[ 2 10],41,-1,57,-1,41
1,<environment.Job instance at 0x7f8a2ec95410>,42,15,[5 9],43,-1,58,-1,43
1,<environment.Job instance at 0x7f8a2f6276e0>,44,14,[6 4],45,-1,59,-1,45
1,<environment.Job instance at 0x7f8a2ec3ea00>,45,18,[ 5 10],46,-1,64,-1,46
1,<environment.Job instance at 0x7f8a2eae6820>,46,25,[6 3],47,-1,72,-1,47
1,<environment.Job instance at 0x7f8a2f74b870>,57,18,[3 8],58,-1,76,-1,58
1,<environment.Job instance at 0x7f8a2f175cd0>,58,16,[7 2],59,-1,75,-1,59
1,<environment.Job instance at 0x7f8a2edc6f50>,61,18,[10  5],62,-1,80,-1,62
1,<environment.Job instance at 0x7f8a2e69a3c0>,35,17,[3 6],36,-1,80,-1,63
1,<environment.Job instance at 0x7f8a37ca8e60>,65,18,[9 2],66,-1,86,-1,68
1,<environment.Job instance at 0x7f8a2e1dc960>,0,26,[4 9],1,-1,27,-1,1
1,<environment.Job instance at 0x7f8a2e2a5780>,2,16,[13  1],3,-1,19,-1,3
1,<environment.Job instance at 0x7f8a2e1daf00>,11,18,[11  2],12,-1,30,-1,12
1,<environment.Job instance at 0x7f8a2e1daa00>,12,12,[ 5 13],13,-1,25,-1,13
1,<environment.Job instance at 0x7f8a2e1dad70>,13,24,[ 5 11],14,-1,38,-1,14
1,<environment.Job instance at 0x7f8a2f1b71e0>,7,23,[5 3],8,-1,41,-1,18
1,<environment.Job instance at 0x7f8a2eb0d5f0>,20,13,[11  2],21,-1,49,-1,36
1,<environment.Job instance at 0x7f8a2efea4b0>,1,21,[4 9],2,-1,23,-1,2
1,<environment.Job instance at 0x7f8a2e90b1e0>,3,16,[8 1],4,-1,22,-1,6
1,<environment.Job instance at 0x7f8a2e90bfa0>,5,23,[8 4],6,-1,29,-1,6
1,<environment.Job instance at 0x7f8a2f68a9b0>,7,20,[5 7],8,-1,28,-1,8
1,<environment.Job instance at 0x7f8a2f6842d0>,8,16,[4 8],9,-1,25,-1,9
1,<environment.Job instance at 0x7f8a38032aa0>,10,15,[2 8],11,-1,26,-1,11
1,<environment.Job instance at 0x7f8a37e853c0>,14,15,[11  1],15,-1,30,-1,15
1,<environment.Job instance at 0x7f8a37e850a0>,15,16,[10  5],16,-1,32,-1,16
1,<environment.Job instance at 0x7f8a2f530460>,17,16,[1 7],18,-1,34,-1,18
1,<environment.Job instance at 0x7f8a2f556910>,19,18,[2 7],20,-1,38,-1,20
1,<environment.Job instance at 0x7f8a2f29fb40>,23,16,[9 4],24,-1,41,-1,25
1,<environment.Job instance at 0x7f8a2efee4b0>,30,24,[7 2],31,-1,55,-1,31
1,<environment.Job instance at 0x7f8a2f49c500>,32,15,[ 2 10],33,-1,48,-1,33
1,<environment.Job instance at 0x7f8a2e1002d0>,34,17,[8 1],35,-1,52,-1,35
1,<environment.Job instance at 0x7f8a2e69a5f0>,35,15,[ 1 12],36,-1,51,-1,36
1,<environment.Job instance at 0x7f8a2e33bcd0>,36,19,[2 9],37,-1,56,-1,37
1,<environment.Job instance at 0x7f8a2e33b640>,38,20,[ 1 10],39,-1,59,-1,39
1,<environment.Job instance at 0x7f8a2efef460>,39,18,[2 7],40,-1,58,-1,40
1,<environment.Job instance at 0x7f8a2e421cd0>,24,13,[8 2],25,-1,54,-1,41
1,<environment.Job instance at 0x7f8a2efefd20>,41,18,[3 8],42,-1,60,-1,42
1,<environment.Job instance at 0x7f8a2efeff00>,43,14,[ 4 10],44,-1,58,-1,44
1,<environment.Job instance at 0x7f8a2efefbe0>,46,16,[1 6],47,-1,63,-1,47
1,<environment.Job instance at 0x7f8a2ef78050>,49,17,[ 1 10],50,-1,67,-1,50
1,<environment.Job instance at 0x7f8a2e738f50>,51,28,[5 1],52,-1,80,-1,52
1,<environment.Job instance at 0x7f8a2f4a4410>,54,3,[1 5],55,-1,60,-1,57
1,<environment.Job instance at 0x7f8a2f493f00>,57,13,[9 1],58,-1,71,-1,58
1,<environment.Job instance at 0x7f8a2f2c6f50>,62,13,[9 1],63,-1,77,-1,64
1,<environment.Job instance at 0x7f8a2e21ba00>,63,23,[7 4],64,-1,87,-1,64
1,<environment.Job instance at 0x7f8a2e21b820>,64,13,[4 8],65,-1,79,-1,66
1,<environment.Job instance at 0x7f8a2e21beb0>,66,12,[9 5],67,-1,79,-1,67
1,<environment.Job instance at 0x7f8a2e21baa0>,67,17,[10  4],68,-1,85,-1,68
1,<environment.Job instance at 0x7f8a2f181b40>,0,2,[ 2 12],1,-1,3,-1,1
1,<environment.Job instance at 0x7f8a2e315140>,5,23,[8 4],6,-1,43,-1,20
1,<environment.Job instance at 0x7f8a2f63f550>,14,15,[11  1],15,-1,44,-1,29
1,<environment.Job instance at 0x7f8a2f49c0f0>,21,20,[ 5 13],22,-1,67,-1,47
1,<environment.Job instance at 0x7f8a3815f0f0>,1,14,[9 4],2,-1,17,-1,3
1,<environment.Job instance at 0x7f8a2e3f1550>,5,18,[7 5],6,-1,24,-1,6
1,<environment.Job instance at 0x7f8a2e3f1640>,6,27,[5 2],7,-1,34,-1,7
1,<environment.Job instance at 0x7f8a2e3f17d0>,9,18,[ 2 10],10,-1,28,-1,10
1,<environment.Job instance at 0x7f8a2e3f1910>,10,22,[2 5],11,-1,33,-1,11
1,<environment.Job instance at 0x7f8a2e3f1c30>,14,18,[10  2],15,-1,36,-1,18
1,<environment.Job instance at 0x7f8a2e3ea0a0>,18,18,[5 8],19,-1,37,-1,19
1,<environment.Job instance at 0x7f8a2e3f1f00>,17,15,[5 8],18,-1,34,-1,19
1,<environment.Job instance at 0x7f8a2e3f1eb0>,19,17,[2 6],20,-1,37,-1,20
1,<environment.Job instance at 0x7f8a2e3ea5a0>,24,28,[4 5],25,-1,57,-1,29
1,<environment.Job instance at 0x7f8a2e3eac30>,31,25,[10  1],32,-1,57,-1,32
1,<environment.Job instance at 0x7f8a2e3ead70>,32,12,[10  4],33,-1,45,-1,33
1,<environment.Job instance at 0x7f8a2e3eaa00>,28,15,[5 8],29,-1,49,-1,34
1,<environment.Job instance at 0x7f8a2e412050>,35,15,[8 1],36,-1,51,-1,36
1,<environment.Job instance at 0x7f8a2e4123c0>,38,18,[5 5],39,-1,57,-1,39
1,<environment.Job instance at 0x7f8a2e4122d0>,40,16,[7 5],41,-1,57,-1,41
1,<environment.Job instance at 0x7f8a2e4126e0>,41,15,[5 4],42,-1,57,-1,42
1,<environment.Job instance at 0x7f8a2ef97c30>,43,17,[5 9],44,-1,61,-1,44
1,<environment.Job instance at 0x7f8a2e3ecc30>,44,17,[2 5],45,-1,62,-1,45
1,<environment.Job instance at 0x7f8a2e3ec0a0>,45,21,[9 3],46,-1,67,-1,46
1,<environment.Job instance at 0x7f8a2e3ec500>,46,15,[3 5],47,-1,62,-1,47
1,<environment.Job instance at 0x7f8a37ca8550>,50,12,[10  1],51,-1,65,-1,53
1,<environment.Job instance at 0x7f8a2e3e0be0>,53,12,[10  1],54,-1,66,-1,54
1,<environment.Job instance at 0x7f8a2e3e0640>,54,17,[1 9],55,-1,72,-1,55
1,<environment.Job instance at 0x7f8a2e3e0320>,56,18,[8 1],57,-1,75,-1,57
1,<environment.Job instance at 0x7f8a2e3e0d70>,59,28,[6 1],60,-1,88,-1,60
1,<environment.Job instance at 0x7f8a2e3e0910>,61,13,[7 4],62,-1,75,-1,62
1,<environment.Job instance at 0x7f8a2e3e0fa0>,64,18,[5 5],65,-1,83,-1,65
1,<environment.Job instance at 0x7f8a2ea1a870>,66,17,[2 6],67,-1,84,-1,67
1,<environment.Job instance at 0x7f8a2e948690>,68,18,[5 3],69,-1,87,-1,69
1,<environment.Job instance at 0x7f8a2e5075a0>,3,3,[13  5],4,-1,7,-1,4
1,<environment.Job instance at 0x7f8a2e0facd0>,7,14,[ 3 14],8,-1,22,-1,8
1,<environment.Job instance at 0x7f8a2e507be0>,6,27,[5 2],7,-1,43,-1,16
1,<environment.Job instance at 0x7f8a37ca8460>,24,28,[4 5],25,-1,83,-1,55
1,<environment.Job instance at 0x7f8a2e21b280>,27,2,[ 5 13],28,-1,58,-1,56
1,<environment.Job instance at 0x7f8a2ea4d9b0>,1,13,[10  4],2,-1,16,-1,3
1,<environment.Job instance at 0x7f8a2ea4daf0>,3,24,[5 3],4,-1,28,-1,4
1,<environment.Job instance at 0x7f8a2ea4d140>,2,15,[8 4],3,-1,19,-1,4
1,<environment.Job instance at 0x7f8a2ea4d820>,6,17,[2 5],7,-1,24,-1,7
1,<environment.Job instance at 0x7f8a2ea4df00>,8,12,[9 3],9,-1,22,-1,10
1,<environment.Job instance at 0x7f8a2ea4d7d0>,10,3,[8 3],11,-1,14,-1,11
1,<environment.Job instance at 0x7f8a2ea4d370>,11,28,[9 4],12,-1,40,-1,12
1,<environment.Job instance at 0x7f8a2ea30f50>,15,15,[3 9],16,-1,33,-1,18
1,<environment.Job instance at 0x7f8a2ea30050>,19,18,[7 5],20,-1,38,-1,20
1,<environment.Job instance at 0x7f8a2ea302d0>,21,14,[5 8],22,-1,36,-1,22
1,<environment.Job instance at 0x7f8a2ea30780>,24,17,[7 2],25,-1,42,-1,25
1,<environment.Job instance at 0x7f8a2ea57910>,26,21,[5 5],27,-1,48,-1,27
1,<environment.Job instance at 0x7f8a2ea57190>,29,15,[10  2],30,-1,45,-1,30
1,<environment.Job instance at 0x7f8a2ea57960>,30,12,[7 4],31,-1,43,-1,31
1,<environment.Job instance at 0x7f8a2ea570a0>,33,15,[3 9],34,-1,49,-1,34
1,<environment.Job instance at 0x7f8a2ea57550>,34,16,[7 4],35,-1,51,-1,35
1,<environment.Job instance at 0x7f8a2ea53fa0>,38,17,[9 5],39,-1,56,-1,39
1,<environment.Job instance at 0x7f8a2ea53e60>,41,18,[4 7],42,-1,60,-1,42
1,<environment.Job instance at 0x7f8a2ea537d0>,42,14,[4 6],43,-1,57,-1,43
1,<environment.Job instance at 0x7f8a2ea532d0>,43,17,[9 1],44,-1,61,-1,44
1,<environment.Job instance at 0x7f8a2ea53500>,44,22,[4 9],45,-1,67,-1,45
1,<environment.Job instance at 0x7f8a2ea53be0>,46,21,[5 5],47,-1,68,-1,47
1,<environment.Job instance at 0x7f8a2ea53730>,50,15,[5 5],51,-1,66,-1,51
1,<environment.Job instance at 0x7f8a2ea1a9b0>,54,15,[10  2],55,-1,70,-1,55
1,<environment.Job instance at 0x7f8a2ea1a1e0>,55,25,[1 6],56,-1,81,-1,56
1,<environment.Job instance at 0x7f8a2ea1af00>,57,15,[6 2],58,-1,73,-1,58
1,<environment.Job instance at 0x7f8a2ea1a370>,62,20,[ 5 10],63,-1,84,-1,64
1,<environment.Job instance at 0x7f8a2ea1ae60>,7,2,[11  4],8,-1,10,-1,8
1,<environment.Job instance at 0x7f8a2ea53280>,3,24,[5 3],4,-1,39,-1,15
1,<environment.Job instance at 0x7f8a2e3e7c80>,13,16,[ 1 12],14,-1,35,-1,19
1,<environment.Job instance at 0x7f8a2e3e79b0>,11,28,[9 4],12,-1,59,-1,31
1,<environment.Job instance at 0x7f8a2e3e70f0>,18,19,[ 3 11],19,-1,51,-1,32
1,<environment.Job instance at 0x7f8a2e3ec5f0>,1,16,[3 9],2,-1,18,-1,2
1,<environment.Job instance at 0x7f8a2e3ec190>,5,17,[10  3],6,-1,24,-1,7
1,<environment.Job instance at 0x7f8a2e309e60>,7,24,[5 9],8,-1,32,-1,8
1,<environment.Job instance at 0x7f8a2e3ec500>,6,18,[6 4],7,-1,26,-1,8
1,<environment.Job instance at 0x7f8a2e309a50>,11,28,[3 6],12,-1,40,-1,12
1,<environment.Job instance at 0x7f8a2e309640>,12,14,[ 4 10],13,-1,27,-1,13
1,<environment.Job instance at 0x7f8a2dfdfa00>,15,16,[7 3],16,-1,32,-1,16
1,<environment.Job instance at 0x7f8a2dfdf730>,17,16,[1 8],18,-1,34,-1,18
1,<environment.Job instance at 0x7f8a2dfdf3c0>,19,26,[2 6],20,-1,46,-1,20
1,<environment.Job instance at 0x7f8a2dfdf5f0>,20,20,[9 3],21,-1,41,-1,21
1,<environment.Job instance at 0x7f8a2ef856e0>,21,15,[8 4],22,-1,37,-1,22
1,<environment.Job instance at 0x7f8a2ef85410>,22,14,[9 2],23,-1,37,-1,23
1,<environment.Job instance at 0x7f8a2ef85960>,23,16,[2 6],24,-1,40,-1,24
1,<environment.Job instance at 0x7f8a2ef85730>,25,17,[5 3],26,-1,43,-1,26
1,<environment.Job instance at 0x7f8a2ef85b40>,28,26,[8 2],29,-1,55,-1,29
1,<environment.Job instance at 0x7f8a2ef85aa0>,30,13,[4 6],31,-1,44,-1,31
1,<environment.Job instance at 0x7f8a2ef85e10>,32,16,[9 2],33,-1,49,-1,33
1,<environment.Job instance at 0x7f8a2ef85550>,33,18,[4 6],34,-1,52,-1,34
1,<environment.Job instance at 0x7f8a2eb479b0>,36,17,[3 7],37,-1,54,-1,37
1,<environment.Job instance at 0x7f8a2eb47050>,37,12,[1 6],38,-1,50,-1,38
1,<environment.Job instance at 0x7f8a2eb47780>,38,3,[10  2],39,-1,42,-1,39
1,<environment.Job instance at 0x7f8a2eb47690>,39,17,[5 7],40,-1,57,-1,40
1,<environment.Job instance at 0x7f8a2eb47550>,42,18,[7 4],43,-1,61,-1,43
1,<environment.Job instance at 0x7f8a2eb475a0>,44,27,[13  3],45,-1,72,-1,45
1,<environment.Job instance at 0x7f8a2e8f3690>,52,14,[ 2 10],53,-1,67,-1,53
1,<environment.Job instance at 0x7f8a2e8f3af0>,53,16,[3 8],54,-1,70,-1,54
1,<environment.Job instance at 0x7f8a2e8f37d0>,54,13,[10  5],55,-1,68,-1,55
1,<environment.Job instance at 0x7f8a2e8f3eb0>,55,19,[1 5],56,-1,75,-1,56
1,<environment.Job instance at 0x7f8a2e8f3370>,57,1,[10  2],58,-1,65,-1,64
1,<environment.Job instance at 0x7f8a2e624a50>,64,27,[6 1],65,-1,92,-1,65
1,<environment.Job instance at 0x7f8a2e624c80>,65,14,[4 8],66,-1,80,-1,66
1,<environment.Job instance at 0x7f8a2e624af0>,66,17,[ 5 11],67,-1,84,-1,67
1,<environment.Job instance at 0x7f8a2ea1ae60>,7,24,[5 9],8,-1,42,-1,18
1,<environment.Job instance at 0x7f8a2ea53280>,11,28,[3 6],12,-1,47,-1,19
1,<environment.Job instance at 0x7f8a2ef853c0>,19,26,[2 6],20,-1,79,-1,53
1,<environment.Job instance at 0x7f8a2ec540f0>,8,18,[5 9],9,-1,27,-1,9
1,<environment.Job instance at 0x7f8a2ec54a00>,10,18,[6 4],11,-1,29,-1,11
1,<environment.Job instance at 0x7f8a2e77df00>,15,16,[7 3],16,-1,35,-1,19
1,<environment.Job instance at 0x7f8a2e77d870>,19,13,[8 2],20,-1,34,-1,21
1,<environment.Job instance at 0x7f8a2e77d4b0>,21,16,[ 5 11],22,-1,38,-1,22
1,<environment.Job instance at 0x7f8a2e77d190>,22,16,[5 4],23,-1,39,-1,23
1,<environment.Job instance at 0x7f8a2ddca370>,25,27,[4 5],26,-1,53,-1,26
1,<environment.Job instance at 0x7f8a2e77d230>,27,18,[1 6],28,-1,46,-1,28
1,<environment.Job instance at 0x7f8a2e543d20>,30,17,[9 2],31,-1,48,-1,31
1,<environment.Job instance at 0x7f8a2e765b40>,36,25,[7 3],37,-1,62,-1,37
1,<environment.Job instance at 0x7f8a2f6b1780>,39,18,[6 2],40,-1,58,-1,40
1,<environment.Job instance at 0x7f8a2e788b90>,40,26,[6 4],41,-1,67,-1,41
1,<environment.Job instance at 0x7f8a2e788eb0>,43,14,[ 4 10],44,-1,58,-1,44
1,<environment.Job instance at 0x7f8a2e78d230>,45,14,[5 7],46,-1,60,-1,46
1,<environment.Job instance at 0x7f8a2e7922d0>,46,16,[9 2],47,-1,63,-1,47
1,<environment.Job instance at 0x7f8a2e7924b0>,47,21,[9 4],48,-1,69,-1,48
1,<environment.Job instance at 0x7f8a2e7920f0>,48,21,[5 1],49,-1,70,-1,49
1,<environment.Job instance at 0x7f8a2e792c30>,52,12,[1 9],53,-1,65,-1,53
1,<environment.Job instance at 0x7f8a2e5356e0>,55,16,[4 9],56,-1,72,-1,56
1,<environment.Job instance at 0x7f8a2e535780>,56,18,[5 5],57,-1,75,-1,57
1,<environment.Job instance at 0x7f8a2e535a50>,59,20,[5 9],60,-1,80,-1,60
1,<environment.Job instance at 0x7f8a2e535be0>,60,17,[ 5 10],61,-1,78,-1,61
1,<environment.Job instance at 0x7f8a2e535820>,61,14,[10  1],62,-1,76,-1,62
1,<environment.Job instance at 0x7f8a2e77d2d0>,20,13,[12  1],21,-1,75,-1,62
1,<environment.Job instance at 0x7f8a2e535c80>,62,18,[3 8],63,-1,81,-1,63
1,<environment.Job instance at 0x7f8a2e122b40>,1,24,[14  3],2,-1,26,-1,2
1,<environment.Job instance at 0x7f8a2e1225a0>,3,24,[10  2],4,-1,28,-1,4
1,<environment.Job instance at 0x7f8a2e8f3550>,20,13,[12  1],21,-1,45,-1,32
1,<environment.Job instance at 0x7f8a2e624690>,21,16,[ 5 11],22,-1,48,-1,32
1,<environment.Job instance at 0x7f8a2ef853c0>,25,27,[4 5],26,-1,78,-1,51
1,<environment.Job instance at 0x7f8a2ef85460>,26,1,[12  2],27,-1,52,-1,51
1,<environment.Job instance at 0x7f8a2e752c30>,2,18,[3 7],3,-1,21,-1,3
1,<environment.Job instance at 0x7f8a2e7521e0>,5,13,[9 1],6,-1,21,-1,8
1,<environment.Job instance at 0x7f8a2e752640>,8,14,[ 1 10],9,-1,23,-1,9
1,<environment.Job instance at 0x7f8a2e752c80>,7,15,[3 6],8,-1,25,-1,10
1,<environment.Job instance at 0x7f8a2e752230>,10,25,[5 3],11,-1,36,-1,11
1,<environment.Job instance at 0x7f8a2f6ad4b0>,18,16,[10  3],19,-1,35,-1,19
1,<environment.Job instance at 0x7f8a2f6adcd0>,19,28,[3 9],20,-1,48,-1,20
1,<environment.Job instance at 0x7f8a2f6ad870>,22,23,[3 7],23,-1,46,-1,23
1,<environment.Job instance at 0x7f8a2f6ad2d0>,24,17,[2 7],25,-1,42,-1,25
1,<environment.Job instance at 0x7f8a2e3d9e60>,27,16,[5 4],28,-1,44,-1,28
1,<environment.Job instance at 0x7f8a2e3d9050>,28,17,[6 5],29,-1,46,-1,29
1,<environment.Job instance at 0x7f8a2e3d9370>,29,18,[5 1],30,-1,49,-1,31
1,<environment.Job instance at 0x7f8a2e3d9910>,31,12,[2 6],32,-1,44,-1,32
1,<environment.Job instance at 0x7f8a2e3d99b0>,32,17,[6 4],33,-1,50,-1,33
1,<environment.Job instance at 0x7f8a2e3d9e10>,33,1,[5 4],34,-1,35,-1,34
1,<environment.Job instance at 0x7f8a2e3d97d0>,30,16,[1 7],31,-1,50,-1,34
1,<environment.Job instance at 0x7f8a2e3d9280>,36,15,[5 6],37,-1,52,-1,37
1,<environment.Job instance at 0x7f8a2e3d9c80>,40,15,[1 8],41,-1,56,-1,41
1,<environment.Job instance at 0x7f8a2e3d9af0>,41,16,[5 5],42,-1,58,-1,42
1,<environment.Job instance at 0x7f8a2e3d92d0>,42,18,[2 5],43,-1,61,-1,43
1,<environment.Job instance at 0x7f8a2e3df0f0>,44,14,[ 3 10],45,-1,59,-1,45
1,<environment.Job instance at 0x7f8a2e721e60>,59,17,[9 4],60,-1,77,-1,60
1,<environment.Job instance at 0x7f8a2e3dfe60>,53,20,[ 5 12],54,-1,86,-1,66
1,<environment.Job instance at 0x7f8a2e721cd0>,60,13,[10  1],61,-1,79,-1,66
1,<environment.Job instance at 0x7f8a2e7216e0>,66,16,[5 6],67,-1,83,-1,67
1,<environment.Job instance at 0x7f8a2ec54e10>,4,1,[13  5],5,-1,6,-1,5
1,<environment.Job instance at 0x7f8a2dcff0f0>,10,25,[5 3],11,-1,42,-1,17
1,<environment.Job instance at 0x7f8a2dcfff00>,11,16,[11  2],12,-1,33,-1,17
1,<environment.Job instance at 0x7f8a2dfdfe60>,19,28,[3 9],20,-1,73,-1,45
1,<environment.Job instance at 0x7f8a2e8f38c0>,22,23,[3 7],23,-1,71,-1,48
1,<environment.Job instance at 0x7f8a2e0ad9b0>,26,3,[ 5 14],27,-1,54,-1,51
1,<environment.Job instance at 0x7f8a2de2c8c0>,1,16,[4 6],2,-1,18,-1,2
1,<environment.Job instance at 0x7f8a2ef58e10>,7,15,[10  4],8,-1,24,-1,9
1,<environment.Job instance at 0x7f8a2ef58f00>,10,13,[1 5],11,-1,24,-1,11
1,<environment.Job instance at 0x7f8a2ef360f0>,12,14,[3 7],13,-1,27,-1,13
1,<environment.Job instance at 0x7f8a2e792aa0>,8,16,[ 5 10],9,-1,30,-1,14
1,<environment.Job instance at 0x7f8a2ef36370>,18,18,[ 5 10],19,-1,37,-1,19
1,<environment.Job instance at 0x7f8a2ef367d0>,19,18,[10  2],20,-1,39,-1,21
1,<environment.Job instance at 0x7f8a2ef36960>,22,22,[8 1],23,-1,45,-1,23
1,<environment.Job instance at 0x7f8a2ef36a00>,24,13,[5 8],25,-1,38,-1,25
1,<environment.Job instance at 0x7f8a2ef36fa0>,28,16,[9 1],29,-1,45,-1,29
1,<environment.Job instance at 0x7f8a2e65a1e0>,31,27,[8 5],32,-1,59,-1,32
1,<environment.Job instance at 0x7f8a2e65aaa0>,42,18,[10  5],43,-1,84,-1,66
1,<environment.Job instance at 0x7f8a2ef36820>,20,13,[2 8],21,-1,79,-1,66
1,<environment.Job instance at 0x7f8a2e65af00>,45,18,[5 6],46,-1,84,-1,66
1,<environment.Job instance at 0x7f8a2e65ae60>,44,17,[10  5],45,-1,86,-1,69
1,<environment.Job instance at 0x7f8a2e65a910>,38,16,[13  2],39,-1,85,-1,69
1,<environment.Job instance at 0x7f8a2f6c4d20>,6,16,[13  1],7,-1,23,-1,7
1,<environment.Job instance at 0x7f8a2e752b90>,16,27,[2 9],17,-1,52,-1,25
1,<environment.Job instance at 0x7f8a2e721aa0>,23,14,[14  4],24,-1,70,-1,56
1,<environment.Job instance at 0x7f8a2e3df190>,25,3,[ 1 13],26,-1,59,-1,56
1,<environment.Job instance at 0x7f8a2e3df410>,26,2,[14  2],27,-1,58,-1,56
1,<environment.Job instance at 0x7f8a2e3d9c30>,27,15,[ 5 12],28,-1,71,-1,56
1,<environment.Job instance at 0x7f8a2f6ade60>,30,2,[14  4],31,-1,67,-1,65
1,<environment.Job instance at 0x7ff72e9d76e0>,0,18,[ 2 10],1,-1,20,-1,2
1,<environment.Job instance at 0x7ff72538daf0>,3,18,[ 3 10],4,-1,22,-1,4
1,<environment.Job instance at 0x7ff72538dc80>,4,18,[10  4],5,-1,23,-1,5
1,<environment.Job instance at 0x7ff72538db90>,5,13,[5 9],6,-1,19,-1,6
1,<environment.Job instance at 0x7ff72538de60>,8,17,[ 2 10],9,-1,26,-1,9
1,<environment.Job instance at 0x7ff72538df50>,9,17,[ 4 10],10,-1,27,-1,10
1,<environment.Job instance at 0x7ff725392820>,18,16,[8 5],19,-1,35,-1,19
1,<environment.Job instance at 0x7ff725392cd0>,23,18,[5 2],24,-1,49,-1,31
1,<environment.Job instance at 0x7ff725395370>,31,17,[4 9],32,-1,49,-1,32
1,<environment.Job instance at 0x7ff7253955a0>,32,17,[9 3],33,-1,50,-1,33
1,<environment.Job instance at 0x7ff725395870>,1,15,[ 1 14],2,-1,17,-1,2
1,<environment.Job instance at 0x7ff72539a640>,6,12,[11  4],7,-1,19,-1,7
1,<environment.Job instance at 0x7ff7253bee10>,19,17,[12  3],20,-1,67,-1,50
1,<environment.Job instance at 0x7ff7253d9b40>,22,2,[12  3],23,-1,62,-1,60
1,<environment.Job instance at 0x7ff724ad6870>,15,23,[3 7],16,-1,39,-1,16
1,<environment.Job instance at 0x7ff724acceb0>,18,12,[10  1],19,-1,33,-1,21
1,<environment.Job instance at 0x7ff724d596e0>,20,18,[7 5],21,-1,39,-1,21
1,<environment.Job instance at 0x7ff724c38550>,23,17,[5 6],24,-1,42,-1,25
1,<environment.Job instance at 0x7ff724cffeb0>,28,20,[5 7],29,-1,49,-1,29
1,<environment.Job instance at 0x7ff724c35690>,30,20,[5 7],31,-1,51,-1,31
1,<environment.Job instance at 0x7ff724957c80>,36,15,[9 2],37,-1,52,-1,37
1,<environment.Job instance at 0x7ff724c382d0>,24,17,[5 4],25,-1,67,-1,50
1,<environment.Job instance at 0x7ff724ad6b90>,13,12,[4 9],14,-1,62,-1,50
1,<environment.Job instance at 0x7ff724b33230>,45,15,[5 3],46,-1,65,-1,50
1,<environment.Job instance at 0x7ff724944b40>,39,16,[1 8],40,-1,66,-1,50
1,<environment.Job instance at 0x7ff724bade10>,1,17,[ 4 14],2,-1,19,-1,2
1,<environment.Job instance at 0x7ff724b886e0>,5,19,[14  4],6,-1,25,-1,6
1,<environment.Job instance at 0x7ff724b3ceb0>,15,23,[3 7],16,-1,40,-1,17
1,<environment.Job instance at 0x7ff724bafd20>,22,27,[ 3 13],23,-1,56,-1,29
1,<environment.Job instance at 0x7ff724b52b40>,31,18,[ 3 13],32,-1,68,-1,50
1,<environment.Job instance at 0x7ff724b3fe10>,37,18,[ 3 12],38,-1,81,-1,63
1,<environment.Job instance at 0x7ff724b55050>,41,18,[11  5],42,-1,87,-1,69
1,<environment.Job instance at 0x7ff724b55320>,42,14,[14  1],43,-1,83,-1,69
1,<environment.Job instance at 0x7ff7249b8d70>,6,22,[11  3],7,-1,29,-1,7
1,<environment.Job instance at 0x7ff7249b8e10>,7,18,[5 2],8,-1,26,-1,8
1,<environment.Job instance at 0x7ff7249b87d0>,8,18,[4 6],9,-1,27,-1,9
1,<environment.Job instance at 0x7ff7249b80a0>,9,16,[3 5],10,-1,26,-1,10
1,<environment.Job instance at 0x7ff7249b8500>,11,14,[5 3],12,-1,26,-1,12
1,<environment.Job instance at 0x7ff7249b8cd0>,19,23,[2 8],20,-1,45,-1,22
1,<environment.Job instance at 0x7ff7249b8320>,15,25,[3 9],16,-1,51,-1,26
1,<environment.Job instance at 0x7ff72eb3fbe0>,24,12,[5 7],25,-1,38,-1,26
1,<environment.Job instance at 0x7ff72eb3faa0>,26,26,[9 1],27,-1,53,-1,27
1,<environment.Job instance at 0x7ff724a9b5a0>,28,14,[8 5],29,-1,43,-1,29
1,<environment.Job instance at 0x7ff724a9bb90>,29,17,[9 2],30,-1,47,-1,30
1,<environment.Job instance at 0x7ff724a9bf00>,30,18,[5 1],31,-1,49,-1,31
1,<environment.Job instance at 0x7ff724a9b8c0>,32,14,[8 4],33,-1,47,-1,33
1,<environment.Job instance at 0x7ff724a9bbe0>,35,16,[ 3 10],36,-1,53,-1,37
1,<environment.Job instance at 0x7ff724a9bb40>,34,17,[10  5],35,-1,55,-1,38
1,<environment.Job instance at 0x7ff72eb3f0f0>,25,17,[10  5],26,-1,57,-1,40
1,<environment.Job instance at 0x7ff724a9b7d0>,42,14,[9 2],43,-1,58,-1,44
1,<environment.Job instance at 0x7ff724a9b910>,36,23,[5 8],37,-1,70,-1,47
1,<environment.Job instance at 0x7ff724a9b3c0>,43,27,[5 3],44,-1,79,-1,52
1,<environment.Job instance at 0x7ff72eb47690>,48,22,[9 2],49,-1,74,-1,52
1,<environment.Job instance at 0x7ff72eb47a50>,50,17,[2 9],51,-1,70,-1,53
1,<environment.Job instance at 0x7ff72eb475f0>,51,18,[ 5 11],52,-1,71,-1,53
1,<environment.Job instance at 0x7ff72eb47280>,52,17,[10  4],53,-1,70,-1,53
1,<environment.Job instance at 0x7ff72ebbd0a0>,44,17,[10  2],45,-1,72,-1,55
1,<environment.Job instance at 0x7ff72ebbdc30>,45,17,[5 9],46,-1,72,-1,55
1,<environment.Job instance at 0x7ff72eb47b90>,46,13,[5 1],47,-1,68,-1,55
1,<environment.Job instance at 0x7ff7249a29b0>,53,12,[5 1],54,-1,67,-1,55
1,<environment.Job instance at 0x7ff7249a2870>,55,17,[8 1],56,-1,74,-1,57
1,<environment.Job instance at 0x7ff7249a2b90>,56,16,[7 2],57,-1,90,-1,74
1,<environment.Job instance at 0x7ff7249a2d70>,58,28,[7 4],59,-1,102,-1,74
1,<environment.Job instance at 0x7ff7249a2e10>,57,18,[ 1 10],58,-1,92,-1,74
1,<environment.Job instance at 0x7ff7249a2230>,65,17,[3 5],66,-1,91,-1,74
1,<environment.Job instance at 0x7ff7249a28c0>,66,15,[ 5 10],67,-1,89,-1,74
1,<environment.Job instance at 0x7ff7249b7f00>,72,16,[8 5],73,-1,90,-1,74
1,<environment.Job instance at 0x7ff7249a2370>,64,28,[9 1],65,-1,102,-1,74
1,<environment.Job instance at 0x7ff7249a2550>,63,15,[5 6],64,-1,89,-1,74
1,<environment.Job instance at 0x7ff7249b8fa0>,17,13,[ 4 10],18,-1,87,-1,74
1,<environment.Job instance at 0x7ff7249b79b0>,74,14,[8 5],75,-1,89,-1,75
1,<environment.Job instance at 0x7ff7249b76e0>,75,12,[2 6],76,-1,88,-1,76
1,<environment.Job instance at 0x7ff7249b75a0>,76,3,[7 5],77,-1,80,-1,77
1,<environment.Job instance at 0x7ff7249b7cd0>,77,3,[4 9],78,-1,81,-1,78
1,<environment.Job instance at 0x7ff724ad9190>,78,18,[3 8],79,-1,97,-1,79
1,<environment.Job instance at 0x7ff724a9b460>,6,22,[11  3],7,-1,29,-1,7
1,<environment.Job instance at 0x7ff7249831e0>,15,25,[3 9],16,-1,63,-1,38
1,<environment.Job instance at 0x7ff724ad99b0>,19,23,[2 8],20,-1,61,-1,38
1,<environment.Job instance at 0x7ff724ad96e0>,26,26,[9 1],27,-1,83,-1,57
1,<environment.Job instance at 0x7ff7249a6cd0>,0,28,[7 3],1,-1,29,-1,1
1,<environment.Job instance at 0x7ff7249a6be0>,1,16,[7 4],2,-1,18,-1,2
1,<environment.Job instance at 0x7ff7249a6690>,3,18,[1 6],4,-1,22,-1,4
1,<environment.Job instance at 0x7ff724b09910>,4,15,[9 5],5,-1,21,-1,6
1,<environment.Job instance at 0x7ff724b09460>,6,17,[2 6],7,-1,25,-1,8
1,<environment.Job instance at 0x7ff724b09690>,8,12,[9 2],9,-1,21,-1,9
1,<environment.Job instance at 0x7ff724b09e60>,10,18,[8 5],11,-1,29,-1,11
1,<environment.Job instance at 0x7ff724f478c0>,12,13,[2 5],13,-1,26,-1,13
1,<environment.Job instance at 0x7ff724b095a0>,7,16,[2 8],8,-1,29,-1,13
1,<environment.Job instance at 0x7ff724d9baa0>,14,17,[1 9],15,-1,32,-1,15
1,<environment.Job instance at 0x7ff7249b45a0>,23,21,[9 5],24,-1,46,-1,25
1,<environment.Job instance at 0x7ff7249896e0>,25,12,[12  4],26,-1,38,-1,26
1,<environment.Job instance at 0x7ff7249b4f50>,24,18,[10  2],25,-1,44,-1,26
1,<environment.Job instance at 0x7ff7249b8190>,32,17,[8 2],33,-1,50,-1,33
1,<environment.Job instance at 0x7ff72544fd70>,33,18,[7 5],34,-1,52,-1,34
1,<environment.Job instance at 0x7ff72544fc30>,36,14,[5 4],37,-1,52,-1,38
1,<environment.Job instance at 0x7ff72544f0f0>,37,14,[4 7],38,-1,53,-1,39
1,<environment.Job instance at 0x7ff72544f230>,40,2,[10  1],41,-1,43,-1,41
1,<environment.Job instance at 0x7ff7249a10f0>,41,16,[6 2],42,-1,58,-1,42
1,<environment.Job instance at 0x7ff7249a1870>,46,13,[3 6],47,-1,60,-1,47
1,<environment.Job instance at 0x7ff7249a1370>,49,14,[5 7],50,-1,65,-1,51
1,<environment.Job instance at 0x7ff7249a1b40>,53,18,[9 2],54,-1,72,-1,54
1,<environment.Job instance at 0x7ff724a9b4b0>,54,18,[ 5 10],55,-1,73,-1,55
1,<environment.Job instance at 0x7ff724a9b2d0>,56,16,[5 7],57,-1,73,-1,57
1,<environment.Job instance at 0x7ff724ad5140>,58,15,[2 5],59,-1,74,-1,59
1,<environment.Job instance at 0x7ff724ad56e0>,59,15,[7 4],60,-1,75,-1,60
1,<environment.Job instance at 0x7ff724ad5b40>,60,17,[4 5],61,-1,78,-1,61
1,<environment.Job instance at 0x7ff724ad5e60>,63,13,[8 3],64,-1,81,-1,68
1,<environment.Job instance at 0x7ff724ad6d70>,74,16,[8 3],75,-1,93,-1,77
1,<environment.Job instance at 0x7ff7249b8c80>,31,18,[ 5 14],32,-1,96,-1,78
1,<environment.Job instance at 0x7ff724ad9460>,0,28,[7 3],1,-1,29,-1,1
1,<environment.Job instance at 0x7ff7249890a0>,18,12,[12  2],19,-1,51,-1,39
1,<environment.Job instance at 0x7ff724989f00>,21,19,[ 3 14],22,-1,71,-1,52
1,<environment.Job instance at 0x7ff724989c30>,22,2,[14  5],23,-1,54,-1,52
1,<environment.Job instance at 0x7ff7249892d0>,25,12,[12  4],26,-1,66,-1,54
1,<environment.Job instance at 0x7ff7249a15a0>,31,18,[ 5 14],32,-1,86,-1,68
1,<environment.Job instance at 0x7ff725007cd0>,0,14,[ 3 10],1,-1,16,-1,2
1,<environment.Job instance at 0x7ff7251b4140>,3,15,[7 4],4,-1,19,-1,4
1,<environment.Job instance at 0x7ff724ad9910>,1,18,[ 4 13],2,-1,22,-1,4
1,<environment.Job instance at 0x7ff72518daa0>,11,16,[2 8],12,-1,29,-1,13
1,<environment.Job instance at 0x7ff7251b79b0>,18,14,[10  4],19,-1,34,-1,20
1,<environment.Job instance at 0x7ff7251b7b90>,22,20,[7 3],23,-1,43,-1,23
1,<environment.Job instance at 0x7ff7250f7460>,25,17,[6 3],26,-1,43,-1,26
1,<environment.Job instance at 0x7ff7250f7410>,26,20,[6 2],27,-1,47,-1,27
1,<environment.Job instance at 0x7ff724d51be0>,28,17,[2 8],29,-1,46,-1,29
1,<environment.Job instance at 0x7ff7251a1c80>,31,14,[3 6],32,-1,46,-1,32
1,<environment.Job instance at 0x7ff7250da4b0>,32,15,[7 3],33,-1,48,-1,33
1,<environment.Job instance at 0x7ff724d413c0>,35,16,[2 6],36,-1,52,-1,36
1,<environment.Job instance at 0x7ff7257eec80>,36,15,[10  5],37,-1,52,-1,37
1,<environment.Job instance at 0x7ff724aaff50>,37,16,[ 3 10],38,-1,54,-1,38
1,<environment.Job instance at 0x7ff724d6c550>,38,16,[3 6],39,-1,55,-1,39
1,<environment.Job instance at 0x7ff724d6c190>,39,22,[1 6],40,-1,62,-1,40
1,<environment.Job instance at 0x7ff7257fbf00>,50,17,[7 1],51,-1,75,-1,58
1,<environment.Job instance at 0x7ff72580b910>,44,22,[1 9],45,-1,80,-1,58
1,<environment.Job instance at 0x7ff7251b7af0>,20,18,[11  4],21,-1,76,-1,58
1,<environment.Job instance at 0x7ff7257fba50>,53,24,[3 6],54,-1,82,-1,58
1,<environment.Job instance at 0x7ff7257fb230>,55,20,[3 8],56,-1,78,-1,58
1,<environment.Job instance at 0x7ff7257fb690>,51,18,[3 8],52,-1,76,-1,58
1,<environment.Job instance at 0x7ff7257fb820>,56,15,[4 9],57,-1,79,-1,64
1,<environment.Job instance at 0x7ff724d67af0>,65,18,[ 3 10],66,-1,84,-1,66
1,<environment.Job instance at 0x7ff724e49aa0>,1,18,[ 4 13],2,-1,20,-1,2
1,<environment.Job instance at 0x7ff724e7faf0>,7,16,[ 5 13],8,-1,24,-1,8
1,<environment.Job instance at 0x7ff724e7feb0>,14,18,[13  2],15,-1,38,-1,20
1,<environment.Job instance at 0x7ff7249a67d0>,20,18,[11  4],21,-1,54,-1,36
1,<environment.Job instance at 0x7ff725ec3f00>,0,16,[1 9],1,-1,17,-1,1
1,<environment.Job instance at 0x7ff725ec32d0>,2,17,[4 6],3,-1,20,-1,3
1,<environment.Job instance at 0x7ff725ec34b0>,3,27,[7 5],4,-1,31,-1,4
1,<environment.Job instance at 0x7ff7250c0e10>,11,18,[5 7],12,-1,30,-1,12
1,<environment.Job instance at 0x7ff7250c05f0>,12,13,[8 1],13,-1,27,-1,14
1,<environment.Job instance at 0x7ff725ec6e60>,15,25,[3 7],16,-1,41,-1,16
1,<environment.Job instance at 0x7ff725ec63c0>,17,14,[10  3],18,-1,32,-1,18
1,<environment.Job instance at 0x7ff725ec6320>,18,13,[8 2],19,-1,32,-1,19
1,<environment.Job instance at 0x7ff725ec65f0>,22,13,[3 9],23,-1,36,-1,23
1,<environment.Job instance at 0x7ff7250d0be0>,25,16,[10  5],26,-1,42,-1,26
1,<environment.Job instance at 0x7ff7250d0a00>,30,17,[9 4],31,-1,48,-1,31
1,<environment.Job instance at 0x7ff725ec3370>,13,16,[3 5],14,-1,82,-1,66
1,<environment.Job instance at 0x7ff72518d7d0>,4,13,[14  5],5,-1,18,-1,5
1,<environment.Job instance at 0x7ff725ecdb40>,3,27,[7 5],4,-1,44,-1,17
1,<environment.Job instance at 0x7ff724989050>,15,25,[3 7],16,-1,60,-1,35
1,<environment.Job instance at 0x7ff724ad6870>,20,1,[ 4 12],21,-1,49,-1,48
1,<environment.Job instance at 0x7ff7249f9c80>,24,12,[13  3],25,-1,76,-1,64
1,<environment.Job instance at 0x7ff724e490f0>,29,3,[12  1],30,-1,81,-1,78
1,<environment.Job instance at 0x7ff724e28b40>,1,24,[4 8],2,-1,26,-1,2
1,<environment.Job instance at 0x7ff72505da50>,5,19,[7 5],6,-1,25,-1,6
1,<environment.Job instance at 0x7ff72505daf0>,6,14,[8 1],7,-1,22,-1,8
1,<environment.Job instance at 0x7ff724d3e8c0>,7,12,[10  4],8,-1,20,-1,8
1,<environment.Job instance at 0x7ff72505dd70>,10,14,[ 4 10],11,-1,25,-1,11
1,<environment.Job instance at 0x7ff725043320>,16,18,[8 2],17,-1,35,-1,17
1,<environment.Job instance at 0x7ff725043500>,17,18,[6 2],18,-1,36,-1,18
1,<environment.Job instance at 0x7ff7250435a0>,19,18,[5 8],20,-1,38,-1,20
1,<environment.Job instance at 0x7ff725043730>,20,19,[2 7],21,-1,40,-1,21
1,<environment.Job instance at 0x7ff725043e60>,27,23,[10  4],28,-1,51,-1,28
1,<environment.Job instance at 0x7ff725043fa0>,28,14,[3 8],29,-1,43,-1,29
1,<environment.Job instance at 0x7ff725043780>,29,3,[3 6],30,-1,33,-1,30
1,<environment.Job instance at 0x7ff7250680a0>,30,3,[7 3],31,-1,35,-1,32
1,<environment.Job instance at 0x7ff7250681e0>,32,12,[3 8],33,-1,45,-1,33
1,<environment.Job instance at 0x7ff725068280>,33,3,[ 5 13],34,-1,37,-1,34
1,<environment.Job instance at 0x7ff725068320>,34,13,[1 9],35,-1,48,-1,35
1,<environment.Job instance at 0x7ff7250683c0>,35,16,[4 5],36,-1,52,-1,36
1,<environment.Job instance at 0x7ff725068690>,39,17,[ 5 10],40,-1,57,-1,40
1,<environment.Job instance at 0x7ff7250685f0>,40,18,[4 6],41,-1,59,-1,41
1,<environment.Job instance at 0x7ff725068780>,41,15,[3 5],42,-1,57,-1,42
1,<environment.Job instance at 0x7ff725068aa0>,44,15,[5 7],45,-1,60,-1,45
1,<environment.Job instance at 0x7ff725068af0>,46,14,[ 5 10],47,-1,61,-1,47
1,<environment.Job instance at 0x7ff725068d20>,47,18,[1 7],48,-1,66,-1,48
1,<environment.Job instance at 0x7ff725068dc0>,48,19,[1 6],49,-1,68,-1,49
1,<environment.Job instance at 0x7ff724a81b90>,1,24,[4 8],2,-1,26,-1,2
1,<environment.Job instance at 0x7ff724a81dc0>,11,1,[11  1],12,-1,13,-1,12
1,<environment.Job instance at 0x7ff724e1e2d0>,21,24,[1 9],22,-1,76,-1,52
1,<environment.Job instance at 0x7ff724d560a0>,27,23,[10  4],28,-1,85,-1,62
1,<environment.Job instance at 0x7ff724d78a50>,33,3,[ 5 13],34,-1,82,-1,79
1,<environment.Job instance at 0x7ff72551e5a0>,0,18,[5 9],1,-1,20,-1,2
1,<environment.Job instance at 0x7ff724ad64b0>,3,18,[ 1 10],4,-1,22,-1,4
1,<environment.Job instance at 0x7ff724ad6f50>,9,14,[9 5],10,-1,24,-1,10
1,<environment.Job instance at 0x7ff7256c2c80>,15,17,[ 5 10],16,-1,34,-1,17
1,<environment.Job instance at 0x7ff7256c2dc0>,18,16,[9 2],19,-1,35,-1,19
1,<environment.Job instance at 0x7ff725ae44b0>,19,28,[1 8],20,-1,48,-1,20
1,<environment.Job instance at 0x7ff725ae4460>,21,13,[1 9],22,-1,35,-1,22
1,<environment.Job instance at 0x7ff725299eb0>,26,14,[9 2],27,-1,41,-1,27
1,<environment.Job instance at 0x7ff725299320>,27,17,[3 8],28,-1,45,-1,28
1,<environment.Job instance at 0x7ff7252993c0>,30,13,[10  4],31,-1,44,-1,31
1,<environment.Job instance at 0x7ff725299c30>,31,15,[1 9],32,-1,47,-1,32
1,<environment.Job instance at 0x7ff725299910>,32,17,[2 5],33,-1,50,-1,33
1,<environment.Job instance at 0x7ff725299690>,35,24,[8 3],36,-1,60,-1,36
1,<environment.Job instance at 0x7ff725a6a730>,38,17,[2 7],39,-1,56,-1,39
1,<environment.Job instance at 0x7ff725a6ab40>,39,14,[4 9],40,-1,54,-1,40
1,<environment.Job instance at 0x7ff725a6afa0>,40,18,[8 1],41,-1,59,-1,41
1,<environment.Job instance at 0x7ff725772550>,45,13,[3 9],46,-1,59,-1,46
1,<environment.Job instance at 0x7ff725772a00>,46,18,[9 4],47,-1,65,-1,47
1,<environment.Job instance at 0x7ff725772be0>,47,17,[3 5],48,-1,65,-1,48
1,<environment.Job instance at 0x7ff725772050>,48,17,[2 6],49,-1,66,-1,49
1,<environment.Job instance at 0x7ff725772fa0>,52,15,[10  1],53,-1,72,-1,57
1,<environment.Job instance at 0x7ff725805190>,57,14,[2 5],58,-1,72,-1,58
1,<environment.Job instance at 0x7ff725805050>,58,16,[6 5],59,-1,75,-1,59
1,<environment.Job instance at 0x7ff7256aa0a0>,63,14,[4 8],64,-1,86,-1,72
1,<environment.Job instance at 0x7ff7256aa2d0>,65,2,[2 9],66,-1,76,-1,74
1,<environment.Job instance at 0x7ff7256aa230>,64,16,[9 2],65,-1,90,-1,74
1,<environment.Job instance at 0x7ff7256aa4b0>,68,13,[6 1],69,-1,88,-1,75
1,<environment.Job instance at 0x7ff725772320>,54,24,[4 5],55,-1,100,-1,76
1,<environment.Job instance at 0x7ff7256aa780>,69,13,[1 8],70,-1,89,-1,76
1,<environment.Job instance at 0x7ff7252991e0>,28,18,[13  3],29,-1,94,-1,76
1,<environment.Job instance at 0x7ff724989c80>,11,17,[14  3],12,-1,38,-1,21
1,<environment.Job instance at 0x7ff724989fa0>,14,15,[ 2 13],15,-1,37,-1,22
1,<environment.Job instance at 0x7ff724989410>,17,3,[12  4],18,-1,26,-1,23
1,<environment.Job instance at 0x7ff7250c0550>,19,28,[1 8],20,-1,63,-1,35
1,<environment.Job instance at 0x7ff724e1e140>,28,18,[13  3],29,-1,75,-1,57
1,<environment.Job instance at 0x7ff725240370>,5,12,[10  3],6,-1,19,-1,7
1,<environment.Job instance at 0x7ff725240c80>,7,15,[10  1],8,-1,23,-1,8
1,<environment.Job instance at 0x7ff725240af0>,8,2,[4 5],9,-1,11,-1,9
1,<environment.Job instance at 0x7ff725240320>,9,23,[6 5],10,-1,33,-1,10
1,<environment.Job instance at 0x7ff725240050>,10,17,[2 6],11,-1,28,-1,11
1,<environment.Job instance at 0x7ff72e90df50>,12,1,[4 6],13,-1,14,-1,13
1,<environment.Job instance at 0x7ff724dfc9b0>,14,12,[3 5],15,-1,27,-1,15
1,<environment.Job instance at 0x7ff725dc60f0>,6,14,[5 4],7,-1,29,-1,15
1,<environment.Job instance at 0x7ff724dfc410>,19,21,[1 9],20,-1,41,-1,20
1,<environment.Job instance at 0x7ff725dd7370>,20,27,[6 4],21,-1,48,-1,21
1,<environment.Job instance at 0x7ff725dd7cd0>,22,15,[10  1],23,-1,39,-1,24
1,<environment.Job instance at 0x7ff725dd70a0>,24,13,[1 8],25,-1,38,-1,25
1,<environment.Job instance at 0x7ff725dd7050>,25,3,[10  4],26,-1,29,-1,26
1,<environment.Job instance at 0x7ff725dd7c30>,26,14,[1 7],27,-1,41,-1,27
1,<environment.Job instance at 0x7ff725dd7a00>,27,2,[ 2 10],28,-1,30,-1,28
1,<environment.Job instance at 0x7ff725dd7140>,28,22,[7 5],29,-1,51,-1,29
1,<environment.Job instance at 0x7ff725dd7d70>,29,16,[5 3],30,-1,46,-1,30
1,<environment.Job instance at 0x7ff725dd7dc0>,30,18,[ 5 10],31,-1,49,-1,31
1,<environment.Job instance at 0x7ff725dd7550>,32,24,[1 6],33,-1,57,-1,33
1,<environment.Job instance at 0x7ff72563a370>,33,16,[8 5],34,-1,50,-1,34
1,<environment.Job instance at 0x7ff72563a0f0>,34,16,[9 4],35,-1,51,-1,35
1,<environment.Job instance at 0x7ff72563ab90>,35,3,[1 9],36,-1,39,-1,36
1,<environment.Job instance at 0x7ff72563a820>,36,15,[10  4],37,-1,52,-1,37
1,<environment.Job instance at 0x7ff72563a690>,37,13,[ 4 10],38,-1,51,-1,38
1,<environment.Job instance at 0x7ff72563a7d0>,38,17,[3 9],39,-1,56,-1,39
1,<environment.Job instance at 0x7ff72563a460>,40,14,[1 8],41,-1,55,-1,41
1,<environment.Job instance at 0x7ff725dd7690>,23,13,[7 5],24,-1,54,-1,41
1,<environment.Job instance at 0x7ff7253dadc0>,48,14,[9 1],49,-1,64,-1,50
1,<environment.Job instance at 0x7ff725644730>,50,1,[9 4],51,-1,52,-1,51
1,<environment.Job instance at 0x7ff7256446e0>,51,2,[ 3 14],52,-1,54,-1,52
1,<environment.Job instance at 0x7ff7253da190>,49,17,[1 9],50,-1,69,-1,52
1,<environment.Job instance at 0x7ff725644fa0>,58,18,[6 5],59,-1,77,-1,59
1,<environment.Job instance at 0x7ff7250bf500>,59,18,[ 5 10],60,-1,78,-1,60
1,<environment.Job instance at 0x7ff725068820>,64,17,[5 1],65,-1,82,-1,65
1,<environment.Job instance at 0x7ff7250689b0>,65,15,[ 1 10],66,-1,81,-1,66
1,<environment.Job instance at 0x7ff725068280>,68,24,[4 7],69,-1,93,-1,69
1,<environment.Job instance at 0x7ff7250688c0>,69,12,[4 6],70,-1,83,-1,71
1,<environment.Job instance at 0x7ff72e574e60>,72,17,[9 4],73,-1,90,-1,73
1,<environment.Job instance at 0x7ff7250680f0>,74,18,[ 4 11],75,-1,93,-1,75
1,<environment.Job instance at 0x7ff72557f050>,75,16,[9 4],76,-1,92,-1,76
1,<environment.Job instance at 0x7ff725ef2410>,9,23,[6 5],10,-1,39,-1,16
1,<environment.Job instance at 0x7ff725067af0>,20,27,[6 4],21,-1,67,-1,40
1,<environment.Job instance at 0x7ff724ad8190>,21,1,[11  4],22,-1,41,-1,40
1,<environment.Job instance at 0x7ff725ce7910>,32,24,[1 6],33,-1,96,-1,72
1,<environment.Job instance at 0x7ff724f8a190>,0,20,[4 6],1,-1,21,-1,1
1,<environment.Job instance at 0x7ff725b29320>,12,17,[ 2 10],13,-1,31,-1,14
1,<environment.Job instance at 0x7ff725b297d0>,14,12,[9 1],15,-1,27,-1,15
1,<environment.Job instance at 0x7ff725b29f00>,18,20,[3 8],19,-1,39,-1,19
1,<environment.Job instance at 0x7ff725a06be0>,21,21,[4 7],22,-1,43,-1,22
1,<environment.Job instance at 0x7ff725a062d0>,26,18,[6 3],27,-1,49,-1,31
1,<environment.Job instance at 0x7ff725a069b0>,23,15,[4 9],24,-1,46,-1,31
1,<environment.Job instance at 0x7ff7256458c0>,31,18,[4 8],32,-1,50,-1,32
1,<environment.Job instance at 0x7ff7256453c0>,34,14,[3 8],35,-1,49,-1,35
1,<environment.Job instance at 0x7ff7259c7a50>,38,18,[4 6],39,-1,66,-1,48
1,<environment.Job instance at 0x7ff7259c72d0>,37,14,[ 4 10],38,-1,62,-1,48
1,<environment.Job instance at 0x7ff7256459b0>,35,12,[10  1],36,-1,60,-1,48
1,<environment.Job instance at 0x7ff7259c7be0>,42,16,[3 8],43,-1,64,-1,48
1,<environment.Job instance at 0x7ff725645410>,30,15,[10  4],31,-1,63,-1,48
1,<environment.Job instance at 0x7ff7259c7cd0>,40,2,[5 1],41,-1,50,-1,48
1,<environment.Job instance at 0x7ff725a06af0>,22,17,[ 2 11],23,-1,65,-1,48
1,<environment.Job instance at 0x7ff7259c7910>,46,18,[10  2],47,-1,66,-1,48
1,<environment.Job instance at 0x7ff7259c7e60>,48,17,[9 5],49,-1,66,-1,49
1,<environment.Job instance at 0x7ff7259c7960>,49,16,[7 2],50,-1,66,-1,50
1,<environment.Job instance at 0x7ff7259c7460>,50,16,[ 3 10],51,-1,67,-1,51
1,<environment.Job instance at 0x7ff7259c7820>,51,16,[5 7],52,-1,68,-1,52
1,<environment.Job instance at 0x7ff724983f00>,66,14,[6 4],67,-1,91,-1,77
1,<environment.Job instance at 0x7ff724df6b40>,3,14,[ 1 11],4,-1,18,-1,4
1,<environment.Job instance at 0x7ff724baddc0>,5,16,[ 2 11],6,-1,22,-1,6
1,<environment.Job instance at 0x7ff72453b410>,8,2,[13  3],9,-1,11,-1,9
1,<environment.Job instance at 0x7ff725525690>,22,17,[ 2 11],23,-1,56,-1,39
1,<environment.Job instance at 0x7ff725525cd0>,24,1,[ 2 11],25,-1,40,-1,39
1,<environment.Job instance at 0x7ff7252a2b40>,20,24,[10  4],21,-1,64,-1,40
1,<environment.Job instance at 0x7ff7259d1690>,2,16,[ 3 10],3,-1,19,-1,3
1,<environment.Job instance at 0x7ff725dc6af0>,3,18,[5 5],4,-1,22,-1,4
1,<environment.Job instance at 0x7ff725295320>,4,16,[5 5],5,-1,21,-1,5
1,<environment.Job instance at 0x7ff725295640>,5,17,[ 3 10],6,-1,23,-1,6
1,<environment.Job instance at 0x7ff725644af0>,8,18,[1 5],9,-1,27,-1,9
1,<environment.Job instance at 0x7ff725644640>,9,18,[9 5],10,-1,28,-1,10
1,<environment.Job instance at 0x7ff724cd0af0>,10,19,[4 5],11,-1,30,-1,11
1,<environment.Job instance at 0x7ff724cd0550>,12,13,[9 4],13,-1,26,-1,13
1,<environment.Job instance at 0x7ff724cc9910>,14,16,[2 7],15,-1,31,-1,15
1,<environment.Job instance at 0x7ff724d769b0>,18,16,[8 3],19,-1,35,-1,19
1,<environment.Job instance at 0x7ff724cc9c30>,20,23,[9 4],21,-1,44,-1,21
1,<environment.Job instance at 0x7ff725fccc30>,21,21,[8 2],22,-1,43,-1,22
1,<environment.Job instance at 0x7ff725fcc780>,22,21,[5 7],23,-1,44,-1,23
1,<environment.Job instance at 0x7ff725fcc190>,24,17,[9 2],25,-1,42,-1,25
1,<environment.Job instance at 0x7ff7248200f0>,25,18,[5 5],26,-1,44,-1,26
1,<environment.Job instance at 0x7ff725f7e960>,28,28,[10  4],29,-1,57,-1,29
1,<environment.Job instance at 0x7ff72e59de10>,32,18,[4 7],33,-1,51,-1,33
1,<environment.Job instance at 0x7ff72559aaa0>,33,18,[7 1],34,-1,52,-1,34
1,<environment.Job instance at 0x7ff724d9b8c0>,34,14,[9 1],35,-1,49,-1,35
1,<environment.Job instance at 0x7ff72e574d20>,36,18,[8 3],37,-1,55,-1,37
1,<environment.Job instance at 0x7ff7259a7730>,40,26,[4 9],41,-1,67,-1,41
1,<environment.Job instance at 0x7ff72581a960>,45,18,[1 8],46,-1,64,-1,46
1,<environment.Job instance at 0x7ff724df7af0>,46,13,[9 3],47,-1,60,-1,47
1,<environment.Job instance at 0x7ff724df7410>,47,23,[5 3],48,-1,71,-1,48
1,<environment.Job instance at 0x7ff724df70f0>,48,16,[9 4],49,-1,65,-1,49
1,<environment.Job instance at 0x7ff724df7500>,49,15,[5 7],50,-1,65,-1,50
1,<environment.Job instance at 0x7ff72552e870>,59,18,[6 4],60,-1,79,-1,61
1,<environment.Job instance at 0x7ff725ace4b0>,20,23,[9 4],21,-1,92,-1,69
1,<environment.Job instance at 0x7ff7247d4af0>,0,16,[ 2 10],1,-1,19,-1,3
1,<environment.Job instance at 0x7ff725b5e640>,3,2,[3 5],4,-1,6,-1,4
1,<environment.Job instance at 0x7ff725b5eb90>,4,14,[6 4],5,-1,19,-1,5
1,<environment.Job instance at 0x7ff725b5ea00>,5,18,[ 5 10],6,-1,24,-1,6
1,<environment.Job instance at 0x7ff725b5e0f0>,6,25,[6 3],7,-1,32,-1,7
1,<environment.Job instance at 0x7ff725b5e8c0>,7,2,[6 3],8,-1,10,-1,8
1,<environment.Job instance at 0x7ff725b5eb40>,8,2,[2 8],9,-1,11,-1,9
1,<environment.Job instance at 0x7ff725b5e050>,9,12,[9 4],10,-1,22,-1,10
1,<environment.Job instance at 0x7ff725b5e6e0>,11,2,[3 8],12,-1,14,-1,12
1,<environment.Job instance at 0x7ff725b5e9b0>,12,1,[6 3],13,-1,14,-1,13
1,<environment.Job instance at 0x7ff725b5e3c0>,13,2,[14  3],14,-1,16,-1,14
1,<environment.Job instance at 0x7ff725b5e5f0>,14,1,[14  5],15,-1,16,-1,15
1,<environment.Job instance at 0x7ff725b5ee10>,2,15,[5 9],3,-1,30,-1,15
1,<environment.Job instance at 0x7ff725b6e640>,17,18,[3 8],18,-1,36,-1,18
1,<environment.Job instance at 0x7ff725b6ed70>,21,18,[10  5],22,-1,40,-1,22
1,<environment.Job instance at 0x7ff725999870>,25,18,[9 2],26,-1,45,-1,27
1,<environment.Job instance at 0x7ff725ac35f0>,27,20,[1 8],28,-1,52,-1,32
1,<environment.Job instance at 0x7ff7251018c0>,31,21,[4 9],32,-1,53,-1,32
1,<environment.Job instance at 0x7ff725102f50>,33,16,[8 1],34,-1,52,-1,36
1,<environment.Job instance at 0x7ff7259708c0>,36,12,[3 9],37,-1,49,-1,37
1,<environment.Job instance at 0x7ff725970dc0>,35,23,[8 4],36,-1,60,-1,37
1,<environment.Job instance at 0x7ff7255309b0>,37,20,[5 7],38,-1,58,-1,38
1,<environment.Job instance at 0x7ff7258c0c30>,38,16,[4 8],39,-1,55,-1,39
1,<environment.Job instance at 0x7ff72559b870>,45,16,[10  5],46,-1,64,-1,48
1,<environment.Job instance at 0x7ff72ec237d0>,49,18,[2 7],50,-1,68,-1,50
1,<environment.Job instance at 0x7ff725be5eb0>,50,15,[4 7],51,-1,66,-1,51
1,<environment.Job instance at 0x7ff724b01690>,53,16,[9 4],54,-1,70,-1,54
1,<environment.Job instance at 0x7ff724c89fa0>,60,24,[7 2],61,-1,85,-1,61
1,<environment.Job instance at 0x7ff72e9fff50>,62,15,[ 2 10],63,-1,78,-1,63
1,<environment.Job instance at 0x7ff72e5a5be0>,64,17,[8 1],65,-1,82,-1,65
1,<environment.Job instance at 0x7ff72518c1e0>,66,19,[2 9],67,-1,86,-1,67
1,<environment.Job instance at 0x7ff72518ccd0>,68,20,[ 1 10],69,-1,89,-1,69
1,<environment.Job instance at 0x7ff725600c80>,69,18,[2 7],70,-1,88,-1,70
1,<environment.Job instance at 0x7ff7259a0f00>,71,18,[3 8],72,-1,90,-1,72
1,<environment.Job instance at 0x7ff7245b99b0>,74,15,[4 8],75,-1,90,-1,75
1,<environment.Job instance at 0x7ff7255ed370>,76,16,[1 6],77,-1,93,-1,77
1,<environment.Job instance at 0x7ff725976500>,77,15,[7 4],78,-1,93,-1,78
1,<environment.Job instance at 0x7ff725ad3d70>,6,25,[6 3],7,-1,42,-1,17
1,<environment.Job instance at 0x7ff725ac2af0>,13,2,[14  3],14,-1,22,-1,20
1,<environment.Job instance at 0x7ff725ab8c30>,14,1,[14  5],15,-1,21,-1,20
1,<environment.Job instance at 0x7ff725ac0730>,23,1,[12  4],24,-1,37,-1,36
1,<environment.Job instance at 0x7ff7251052d0>,30,2,[ 2 12],31,-1,49,-1,47
1,<environment.Job instance at 0x7ff72572e1e0>,35,23,[8 4],36,-1,92,-1,69
1,<environment.Job instance at 0x7ff725adf3c0>,1,28,[5 1],2,-1,31,-1,3
1,<environment.Job instance at 0x7ff725adfe10>,13,23,[7 4],14,-1,37,-1,14
1,<environment.Job instance at 0x7ff724c91a50>,12,13,[9 1],13,-1,28,-1,15
1,<environment.Job instance at 0x7ff724c913c0>,14,13,[4 8],15,-1,33,-1,20
1,<environment.Job instance at 0x7ff724c91a00>,17,17,[10  4],18,-1,43,-1,26
1,<environment.Job instance at 0x7ff725384460>,21,14,[9 4],22,-1,40,-1,26
1,<environment.Job instance at 0x7ff725384140>,25,18,[7 5],26,-1,44,-1,26
1,<environment.Job instance at 0x7ff725384e10>,26,27,[5 2],27,-1,54,-1,27
1,<environment.Job instance at 0x7ff72537fcd0>,30,22,[2 5],31,-1,54,-1,32
1,<environment.Job instance at 0x7ff7247d47d0>,34,18,[10  2],35,-1,53,-1,35
1,<environment.Job instance at 0x7ff725384dc0>,27,14,[ 3 14],28,-1,52,-1,38
1,<environment.Job instance at 0x7ff724ac61e0>,38,18,[5 8],39,-1,65,-1,47
1,<environment.Job instance at 0x7ff724ac6140>,37,15,[5 8],38,-1,62,-1,47
1,<environment.Job instance at 0x7ff724c91640>,18,18,[13  5],19,-1,67,-1,49
1,<environment.Job instance at 0x7ff725c50a00>,43,14,[ 5 10],44,-1,63,-1,49
1,<environment.Job instance at 0x7ff725243d70>,46,17,[3 5],47,-1,66,-1,49
1,<environment.Job instance at 0x7ff725243b40>,48,15,[5 8],49,-1,64,-1,49
1,<environment.Job instance at 0x7ff724ac6cd0>,39,17,[2 6],40,-1,68,-1,51
1,<environment.Job instance at 0x7ff7252431e0>,50,13,[5 6],51,-1,65,-1,52
1,<environment.Job instance at 0x7ff725ce06e0>,52,12,[10  4],53,-1,74,-1,62
1,<environment.Job instance at 0x7ff7252430f0>,51,25,[10  1],52,-1,89,-1,64
1,<environment.Job instance at 0x7ff725a79190>,58,18,[5 5],59,-1,82,-1,64
1,<environment.Job instance at 0x7ff7247b16e0>,60,16,[7 5],61,-1,80,-1,64
1,<environment.Job instance at 0x7ff724ea1230>,61,15,[5 4],62,-1,79,-1,64
1,<environment.Job instance at 0x7ff72477c8c0>,63,17,[5 9],64,-1,81,-1,64
1,<environment.Job instance at 0x7ff724f12cd0>,64,17,[2 5],65,-1,83,-1,66
1,<environment.Job instance at 0x7ff7248ad460>,65,21,[9 3],66,-1,87,-1,66
1,<environment.Job instance at 0x7ff725cf8d70>,66,15,[3 5],67,-1,88,-1,73
1,<environment.Job instance at 0x7ff724ed9960>,69,14,[5 4],70,-1,87,-1,73
1,<environment.Job instance at 0x7ff72596ab40>,70,12,[10  1],71,-1,86,-1,74
1,<environment.Job instance at 0x7ff72596adc0>,72,16,[9 4],73,-1,92,-1,76
1,<environment.Job instance at 0x7ff724ed9140>,67,25,[9 4],68,-1,101,-1,76
1,<environment.Job instance at 0x7ff72549f7d0>,73,12,[10  1],74,-1,88,-1,76
1,<environment.Job instance at 0x7ff7252ae230>,76,18,[8 1],77,-1,95,-1,77
1,<environment.Job instance at 0x7ff72545ff50>,0,28,[ 2 14],1,-1,29,-1,1
1,<environment.Job instance at 0x7ff72545f0f0>,1,28,[5 1],2,-1,30,-1,2
1,<environment.Job instance at 0x7ff725448140>,13,23,[7 4],14,-1,38,-1,15
1,<environment.Job instance at 0x7ff725974e10>,18,18,[13  5],19,-1,37,-1,19
1,<environment.Job instance at 0x7ff724b07640>,23,3,[13  5],24,-1,47,-1,44
1,<environment.Job instance at 0x7ff7252b86e0>,26,27,[5 2],27,-1,75,-1,48
1,<environment.Job instance at 0x7ff7252b8780>,27,14,[ 3 14],28,-1,62,-1,48
1,<environment.Job instance at 0x7ff724c4f280>,6,17,[2 6],7,-1,24,-1,7
1,<environment.Job instance at 0x7ff725f0d0a0>,8,18,[5 3],9,-1,27,-1,9
1,<environment.Job instance at 0x7ff72589baf0>,10,13,[2 6],11,-1,25,-1,12
1,<environment.Job instance at 0x7ff72589bfa0>,12,15,[8 4],13,-1,28,-1,13
1,<environment.Job instance at 0x7ff725f0d500>,11,13,[10  4],12,-1,26,-1,13
1,<environment.Job instance at 0x7ff72589b500>,13,24,[5 3],14,-1,38,-1,14
1,<environment.Job instance at 0x7ff72589b1e0>,14,15,[5 6],15,-1,32,-1,17
1,<environment.Job instance at 0x7ff7253abc30>,18,12,[9 3],19,-1,31,-1,19
1,<environment.Job instance at 0x7ff72ec23b90>,16,17,[2 5],17,-1,37,-1,20
1,<environment.Job instance at 0x7ff725981320>,27,17,[1 9],28,-1,45,-1,28
1,<environment.Job instance at 0x7ff72eb3f1e0>,28,19,[ 3 11],29,-1,48,-1,29
1,<environment.Job instance at 0x7ff725380d20>,29,18,[7 5],30,-1,48,-1,30
1,<environment.Job instance at 0x7ff724783730>,30,17,[10  1],31,-1,50,-1,33
1,<environment.Job instance at 0x7ff7255da280>,34,17,[7 2],35,-1,52,-1,35
1,<environment.Job instance at 0x7ff72544b140>,36,21,[5 5],37,-1,58,-1,37
1,<environment.Job instance at 0x7ff7259813c0>,31,14,[5 8],32,-1,56,-1,42
1,<environment.Job instance at 0x7ff7254c5320>,38,13,[4 6],39,-1,55,-1,42
1,<environment.Job instance at 0x7ff72469feb0>,44,16,[7 4],45,-1,61,-1,45
1,<environment.Job instance at 0x7ff724ab2460>,48,17,[9 5],49,-1,66,-1,49
1,<environment.Job instance at 0x7ff724ab2af0>,53,17,[9 1],54,-1,95,-1,78
1,<environment.Job instance at 0x7ff72596d9b0>,60,15,[5 5],61,-1,93,-1,78
1,<environment.Job instance at 0x7ff72469f0a0>,43,15,[3 9],44,-1,94,-1,79
1,<environment.Job instance at 0x7ff725ac3c80>,59,15,[3 9],60,-1,94,-1,79
1,<environment.Job instance at 0x7ff725530820>,64,15,[10  2],65,-1,94,-1,79
1,<environment.Job instance at 0x7ff724ab2780>,51,18,[4 7],52,-1,97,-1,79
1,<environment.Job instance at 0x7ff725530190>,65,25,[1 6],66,-1,104,-1,79
1,<environment.Job instance at 0x7ff72598f410>,2,18,[ 2 12],3,-1,21,-1,3
1,<environment.Job instance at 0x7ff725a60e60>,13,24,[5 3],14,-1,50,-1,26
1,<environment.Job instance at 0x7ff724c4faf0>,17,2,[11  4],18,-1,40,-1,38
1,<environment.Job instance at 0x7ff724f1d640>,21,28,[9 4],22,-1,81,-1,53
1,<environment.Job instance at 0x7ff725380820>,23,16,[ 1 12],24,-1,69,-1,53
1,<environment.Job instance at 0x7ff725a6d690>,28,19,[ 3 11],29,-1,83,-1,64
1,<environment.Job instance at 0x7ff7247ad820>,1,16,[3 9],2,-1,18,-1,2
1,<environment.Job instance at 0x7ff724bbcc80>,5,17,[10  3],6,-1,24,-1,7
1,<environment.Job instance at 0x7ff724bbcaa0>,7,24,[5 9],8,-1,32,-1,8
1,<environment.Job instance at 0x7ff725981870>,6,18,[6 4],7,-1,26,-1,8
1,<environment.Job instance at 0x7ff724bf6190>,11,28,[3 6],12,-1,40,-1,12
1,<environment.Job instance at 0x7ff724bf6230>,12,14,[ 4 10],13,-1,27,-1,13
1,<environment.Job instance at 0x7ff724bf6460>,15,16,[7 3],16,-1,32,-1,16
1,<environment.Job instance at 0x7ff724bf63c0>,17,16,[1 8],18,-1,34,-1,18
1,<environment.Job instance at 0x7ff724bf6640>,19,26,[2 6],20,-1,46,-1,20
1,<environment.Job instance at 0x7ff724bf6910>,20,20,[9 3],21,-1,41,-1,21
1,<environment.Job instance at 0x7ff724bf6730>,21,15,[8 4],22,-1,37,-1,22
1,<environment.Job instance at 0x7ff724bf69b0>,22,14,[9 2],23,-1,38,-1,24
1,<environment.Job instance at 0x7ff724bf6780>,23,16,[2 6],24,-1,40,-1,24
1,<environment.Job instance at 0x7ff724bf6eb0>,27,1,[ 1 13],28,-1,29,-1,28
1,<environment.Job instance at 0x7ff724bf6c80>,28,26,[8 2],29,-1,55,-1,29
1,<environment.Job instance at 0x7ff724bde0f0>,30,13,[4 6],31,-1,44,-1,31
1,<environment.Job instance at 0x7ff724bde1e0>,32,16,[9 2],33,-1,50,-1,34
1,<environment.Job instance at 0x7ff724bde2d0>,34,13,[2 8],35,-1,48,-1,35
1,<environment.Job instance at 0x7ff724bde460>,33,18,[4 6],34,-1,53,-1,35
1,<environment.Job instance at 0x7ff724bde5f0>,36,17,[3 7],37,-1,54,-1,37
1,<environment.Job instance at 0x7ff724bde7d0>,39,17,[5 7],40,-1,57,-1,40
1,<environment.Job instance at 0x7ff724bdec30>,42,18,[7 4],43,-1,61,-1,43
1,<environment.Job instance at 0x7ff724bd65a0>,53,16,[3 8],54,-1,75,-1,59
1,<environment.Job instance at 0x7ff724bcfe10>,58,16,[3 8],59,-1,77,-1,61
1,<environment.Job instance at 0x7ff724bcf500>,64,27,[6 1],65,-1,106,-1,79
1,<environment.Job instance at 0x7ff724bcf960>,66,17,[ 5 11],67,-1,96,-1,79
1,<environment.Job instance at 0x7ff72567e190>,7,24,[5 9],8,-1,42,-1,18
1,<environment.Job instance at 0x7ff72567e410>,11,28,[3 6],12,-1,47,-1,19
1,<environment.Job instance at 0x7ff725de8550>,19,26,[2 6],20,-1,79,-1,53
1,<environment.Job instance at 0x7ff725de8a00>,27,1,[ 1 13],28,-1,77,-1,76
1,<environment.Job instance at 0x7ff724bc8f00>,0,18,[6 4],1,-1,19,-1,1
1,<environment.Job instance at 0x7ff724bc8500>,5,16,[7 3],6,-1,23,-1,7
1,<environment.Job instance at 0x7ff724bc80a0>,7,13,[10  4],8,-1,22,-1,9
1,<environment.Job instance at 0x7ff724bc8c80>,9,13,[8 2],10,-1,23,-1,10
1,<environment.Job instance at 0x7ff725227be0>,10,13,[12  1],11,-1,26,-1,13
1,<environment.Job instance at 0x7ff7252270f0>,15,27,[4 5],16,-1,43,-1,16
1,<environment.Job instance at 0x7ff725227730>,17,18,[1 6],18,-1,54,-1,36
1,<environment.Job instance at 0x7ff725227b40>,20,17,[9 2],21,-1,53,-1,36
1,<environment.Job instance at 0x7ff725227280>,12,16,[5 4],13,-1,53,-1,37
1,<environment.Job instance at 0x7ff7252030f0>,29,18,[6 2],30,-1,55,-1,37
1,<environment.Job instance at 0x7ff7252031e0>,30,26,[6 4],31,-1,63,-1,37
1,<environment.Job instance at 0x7ff724bc8d20>,11,16,[ 5 11],12,-1,56,-1,40
1,<environment.Job instance at 0x7ff725203d20>,33,14,[ 4 10],34,-1,55,-1,41
1,<environment.Job instance at 0x7ff725203730>,32,13,[ 3 10],33,-1,56,-1,43
1,<environment.Job instance at 0x7ff725203870>,36,16,[9 2],37,-1,59,-1,43
1,<environment.Job instance at 0x7ff725203f50>,37,21,[9 4],38,-1,64,-1,43
1,<environment.Job instance at 0x7ff724bd5640>,38,21,[5 1],39,-1,64,-1,43
1,<environment.Job instance at 0x7ff725227f50>,26,25,[7 3],27,-1,68,-1,43
1,<environment.Job instance at 0x7ff725203a00>,35,14,[5 7],36,-1,58,-1,44
1,<environment.Job instance at 0x7ff724bd56e0>,45,16,[4 9],46,-1,63,-1,47
1,<environment.Job instance at 0x7ff724bd5550>,46,18,[5 5],47,-1,66,-1,48
1,<environment.Job instance at 0x7ff724bd5500>,49,20,[5 9],50,-1,70,-1,50
1,<environment.Job instance at 0x7ff724bd5230>,50,17,[ 5 10],51,-1,69,-1,52
1,<environment.Job instance at 0x7ff725a3d3c0>,52,18,[3 8],53,-1,71,-1,53
1,<environment.Job instance at 0x7ff725a3d5f0>,58,12,[3 9],59,-1,71,-1,59
1,<environment.Job instance at 0x7ff725a3d7d0>,62,18,[3 7],63,-1,81,-1,63
1,<environment.Job instance at 0x7ff725227c80>,19,14,[5 1],20,-1,81,-1,67
1,<environment.Job instance at 0x7ff725a3da50>,65,13,[9 1],66,-1,80,-1,67
1,<environment.Job instance at 0x7ff72521b8c0>,67,15,[3 6],68,-1,83,-1,68
1,<environment.Job instance at 0x7ff72521b640>,68,14,[ 1 10],69,-1,83,-1,69
1,<environment.Job instance at 0x7ff72521bb90>,70,25,[5 3],71,-1,96,-1,71
1,<environment.Job instance at 0x7ff724bd5730>,51,14,[10  1],52,-1,91,-1,77
1,<environment.Job instance at 0x7ff7252035f0>,10,13,[12  1],11,-1,34,-1,21
1,<environment.Job instance at 0x7ff725203320>,11,16,[ 5 11],12,-1,37,-1,21
1,<environment.Job instance at 0x7ff725203e60>,15,27,[4 5],16,-1,57,-1,30
1,<environment.Job instance at 0x7ff725203eb0>,16,1,[12  2],17,-1,31,-1,30
1,<environment.Job instance at 0x7ff724bc0c30>,26,25,[7 3],27,-1,82,-1,57
1,<environment.Job instance at 0x7ff724bc0d70>,30,26,[6 4],31,-1,102,-1,76
1,<environment.Job instance at 0x7ff724a20780>,2,23,[3 7],3,-1,26,-1,3
1,<environment.Job instance at 0x7ff724b91eb0>,4,17,[2 7],5,-1,23,-1,6
1,<environment.Job instance at 0x7ff724a209b0>,5,14,[7 2],6,-1,20,-1,6
1,<environment.Job instance at 0x7ff724b91f00>,8,17,[6 5],9,-1,26,-1,9
1,<environment.Job instance at 0x7ff724b911e0>,10,16,[1 7],11,-1,27,-1,11
1,<environment.Job instance at 0x7ff725b40fa0>,12,17,[6 4],13,-1,30,-1,13
1,<environment.Job instance at 0x7ff725b408c0>,16,15,[5 6],17,-1,32,-1,17
1,<environment.Job instance at 0x7ff725b405f0>,20,15,[1 8],21,-1,36,-1,21
1,<environment.Job instance at 0x7ff725b40e60>,21,16,[5 5],22,-1,38,-1,22
1,<environment.Job instance at 0x7ff725b400f0>,22,18,[2 5],23,-1,41,-1,23
1,<environment.Job instance at 0x7ff72538ab40>,24,14,[ 3 10],25,-1,41,-1,27
1,<environment.Job instance at 0x7ff724876320>,35,16,[10  3],36,-1,56,-1,40
1,<environment.Job instance at 0x7ff724876f00>,39,17,[9 4],40,-1,57,-1,40
1,<environment.Job instance at 0x7ff724876690>,40,13,[10  1],41,-1,58,-1,45
1,<environment.Job instance at 0x7ff72494eb90>,45,15,[1 5],46,-1,61,-1,46
1,<environment.Job instance at 0x7ff72494e550>,46,16,[5 6],47,-1,63,-1,47
1,<environment.Job instance at 0x7ff72494ee10>,48,13,[8 2],49,-1,62,-1,49
1,<environment.Job instance at 0x7ff72494e6e0>,51,16,[4 6],52,-1,68,-1,52
1,<environment.Job instance at 0x7ff725817c30>,69,18,[10  2],70,-1,90,-1,72
1,<environment.Job instance at 0x7ff7253ab4b0>,2,23,[3 7],3,-1,27,-1,4
1,<environment.Job instance at 0x7ff72538a550>,6,3,[ 5 14],7,-1,10,-1,7
1,<environment.Job instance at 0x7ff72494e2d0>,17,16,[11  1],18,-1,53,-1,37
1,<environment.Job instance at 0x7ff725091460>,27,16,[ 5 13],28,-1,85,-1,69
1,<environment.Job instance at 0x7ff725091960>,29,2,[13  4],30,-1,72,-1,70
1,<environment.Job instance at 0x7ff724a20a50>,33,20,[ 5 12],34,-1,93,-1,73
1,<environment.Job instance at 0x7ff724a20e10>,34,2,[ 5 11],35,-1,75,-1,73
1,<environment.Job instance at 0x7ff725bdc730>,1,27,[8 5],2,-1,29,-1,2
1,<environment.Job instance at 0x7ff7248606e0>,7,18,[1 9],8,-1,26,-1,8
1,<environment.Job instance at 0x7ff724f2bc30>,12,18,[10  5],13,-1,32,-1,14
1,<environment.Job instance at 0x7ff724f2baa0>,14,17,[10  5],15,-1,32,-1,15
1,<environment.Job instance at 0x7ff724f2b5a0>,15,18,[5 6],16,-1,34,-1,16
1,<environment.Job instance at 0x7ff725a09be0>,17,15,[ 4 10],18,-1,33,-1,18
1,<environment.Job instance at 0x7ff724ed5cd0>,22,18,[9 1],23,-1,41,-1,23
1,<environment.Job instance at 0x7ff724ed5550>,24,15,[2 7],25,-1,40,-1,25
1,<environment.Job instance at 0x7ff72513ceb0>,29,12,[5 8],30,-1,42,-1,30
1,<environment.Job instance at 0x7ff72514c960>,30,12,[4 6],31,-1,43,-1,31
1,<environment.Job instance at 0x7ff724f09820>,31,3,[10  1],32,-1,35,-1,32
1,<environment.Job instance at 0x7ff72515b8c0>,32,18,[1 9],33,-1,51,-1,33
1,<environment.Job instance at 0x7ff72514bb90>,34,18,[7 1],35,-1,53,-1,35
1,<environment.Job instance at 0x7ff72514a190>,38,15,[3 8],39,-1,54,-1,39
1,<environment.Job instance at 0x7ff724f2eb90>,39,25,[3 6],40,-1,65,-1,40
1,<environment.Job instance at 0x7ff725157640>,45,17,[1 7],46,-1,63,-1,46
1,<environment.Job instance at 0x7ff724860e60>,13,26,[7 1],14,-1,76,-1,50
1,<environment.Job instance at 0x7ff7259eceb0>,54,18,[ 4 10],55,-1,75,-1,57
1,<environment.Job instance at 0x7ff724f59050>,0,2,[14  4],1,-1,3,-1,1
1,<environment.Job instance at 0x7ff724f59910>,1,27,[8 5],2,-1,29,-1,2
1,<environment.Job instance at 0x7ff724f590a0>,4,16,[11  4],5,-1,21,-1,5
1,<environment.Job instance at 0x7ff724f59320>,8,16,[13  2],9,-1,25,-1,9
1,<environment.Job instance at 0x7ff725a602d0>,11,14,[ 2 12],12,-1,26,-1,12
1,<environment.Job instance at 0x7ff725a606e0>,13,26,[7 1],14,-1,46,-1,20
1,<environment.Job instance at 0x7ff7246630f0>,0,20,[ 4 10],1,-1,21,-1,1
1,<environment.Job instance at 0x7ff724663dc0>,3,14,[ 4 10],4,-1,18,-1,4
1,<environment.Job instance at 0x7ff7246639b0>,6,24,[4 5],7,-1,31,-1,7
1,<environment.Job instance at 0x7ff724663f00>,7,24,[4 8],8,-1,32,-1,8
1,<environment.Job instance at 0x7ff7259fe0a0>,16,16,[4 9],17,-1,33,-1,17
1,<environment.Job instance at 0x7ff7259fe820>,19,15,[6 4],20,-1,35,-1,20
1,<environment.Job instance at 0x7ff7259fedc0>,22,23,[6 2],23,-1,46,-1,23
1,<environment.Job instance at 0x7ff7259feaf0>,25,14,[12  1],26,-1,40,-1,26
1,<environment.Job instance at 0x7ff7248793c0>,26,17,[1 6],27,-1,44,-1,27
1,<environment.Job instance at 0x7ff724879640>,27,13,[9 4],28,-1,41,-1,28
1,<environment.Job instance at 0x7ff724879910>,28,13,[4 8],29,-1,42,-1,29
1,<environment.Job instance at 0x7ff724879690>,32,18,[6 5],33,-1,51,-1,33
1,<environment.Job instance at 0x7ff725fad820>,36,16,[4 8],37,-1,53,-1,37
1,<environment.Job instance at 0x7ff725fad320>,37,15,[4 8],38,-1,53,-1,38
1,<environment.Job instance at 0x7ff725fadb40>,38,15,[1 6],39,-1,54,-1,39
1,<environment.Job instance at 0x7ff725fadaf0>,44,17,[1 6],45,-1,62,-1,45
1,<environment.Job instance at 0x7ff725fad410>,50,15,[4 7],51,-1,66,-1,51
1,<environment.Job instance at 0x7ff725f9a820>,52,17,[ 1 10],53,-1,70,-1,53
1,<environment.Job instance at 0x7ff725f9a410>,53,15,[8 4],54,-1,69,-1,54
1,<environment.Job instance at 0x7ff725f9a460>,54,13,[1 9],55,-1,68,-1,55
1,<environment.Job instance at 0x7ff725f9a550>,55,24,[5 2],56,-1,80,-1,56
1,<environment.Job instance at 0x7ff725f9aa00>,56,12,[3 5],57,-1,69,-1,57
1,<environment.Job instance at 0x7ff725f9ab40>,60,25,[6 2],61,-1,86,-1,61
1,<environment.Job instance at 0x7ff725f9a4b0>,61,17,[9 4],62,-1,79,-1,62
1,<environment.Job instance at 0x7ff725f9abe0>,65,14,[4 8],66,-1,80,-1,66
1,<environment.Job instance at 0x7ff72483d690>,70,25,[5 5],71,-1,96,-1,71
1,<environment.Job instance at 0x7ff72483d7d0>,71,13,[9 3],72,-1,87,-1,74
1,<environment.Job instance at 0x7ff72483d050>,69,13,[ 1 11],70,-1,89,-1,76
1,<environment.Job instance at 0x7ff725fad730>,48,18,[10  1],49,-1,96,-1,78
1,<environment.Job instance at 0x7ff7248765a0>,6,24,[4 5],7,-1,44,-1,20
1,<environment.Job instance at 0x7ff724876730>,7,24,[4 8],8,-1,45,-1,21
1,<environment.Job instance at 0x7ff7259feaa0>,22,23,[6 2],23,-1,67,-1,44
1,<environment.Job instance at 0x7ff7259fe370>,24,3,[ 1 12],25,-1,47,-1,44
1,<environment.Job instance at 0x7ff724879410>,25,14,[12  1],26,-1,58,-1,44
1,<environment.Job instance at 0x7ff72485bcd0>,33,1,[11  3],34,-1,63,-1,62
1,<environment.Job instance at 0x7ff72485b0a0>,35,28,[ 4 12],36,-1,91,-1,63
1,<environment.Job instance at 0x7ff72e559a50>,1,17,[ 2 10],2,-1,20,-1,3
1,<environment.Job instance at 0x7ff724f09190>,2,16,[2 8],3,-1,19,-1,3
1,<environment.Job instance at 0x7ff72587e230>,5,18,[4 6],6,-1,24,-1,6
1,<environment.Job instance at 0x7ff72587e370>,6,15,[5 9],7,-1,22,-1,7
1,<environment.Job instance at 0x7ff72587e550>,9,17,[ 1 10],10,-1,28,-1,11
1,<environment.Job instance at 0x7ff725874f00>,10,15,[8 4],11,-1,26,-1,11
1,<environment.Job instance at 0x7ff72587e8c0>,14,19,[ 5 10],15,-1,36,-1,17
1,<environment.Job instance at 0x7ff72587eb40>,17,27,[8 5],18,-1,45,-1,18
1,<environment.Job instance at 0x7ff72587ed70>,20,13,[8 3],21,-1,34,-1,21
1,<environment.Job instance at 0x7ff725858140>,25,15,[10  1],26,-1,41,-1,26
1,<environment.Job instance at 0x7ff7258587d0>,30,20,[8 5],31,-1,51,-1,31
1,<environment.Job instance at 0x7ff725858c30>,34,16,[5 8],35,-1,51,-1,35
1,<environment.Job instance at 0x7ff725858dc0>,35,25,[4 5],36,-1,61,-1,36
1,<environment.Job instance at 0x7ff725b86050>,40,18,[3 5],41,-1,59,-1,41
1,<environment.Job instance at 0x7ff72587e960>,16,15,[3 9],17,-1,62,-1,47
1,<environment.Job instance at 0x7ff725b86c80>,52,18,[4 8],53,-1,81,-1,63
1,<environment.Job instance at 0x7ff725b752d0>,56,13,[6 4],57,-1,76,-1,63
1,<environment.Job instance at 0x7ff72585c280>,58,12,[10  4],59,-1,75,-1,63
1,<environment.Job instance at 0x7ff72585c230>,59,12,[5 8],60,-1,76,-1,64
1,<environment.Job instance at 0x7ff725b865f0>,43,14,[6 2],44,-1,81,-1,67
1,<environment.Job instance at 0x7ff725b862d0>,41,15,[3 7],42,-1,83,-1,68
1,<environment.Job instance at 0x7ff72513b910>,57,26,[ 3 10],58,-1,98,-1,72
1,<environment.Job instance at 0x7ff7259fcc80>,71,17,[7 4],72,-1,89,-1,72
1,<environment.Job instance at 0x7ff724dce690>,70,12,[2 5],71,-1,86,-1,74
1,<environment.Job instance at 0x7ff725326460>,75,13,[7 4],76,-1,89,-1,76
1,<environment.Job instance at 0x7ff725326aa0>,76,16,[3 8],77,-1,93,-1,77
1,<environment.Job instance at 0x7ff725a37910>,8,16,[14  4],9,-1,35,-1,19
1,<environment.Job instance at 0x7ff7248601e0>,17,27,[8 5],18,-1,90,-1,63
1,<environment.Job instance at 0x7ff724860910>,19,3,[ 1 12],20,-1,66,-1,63
1,<environment.Job instance at 0x7ff724663f50>,23,17,[13  3],24,-1,84,-1,67
1,<environment.Job instance at 0x7ff724860960>,24,3,[13  1],25,-1,70,-1,67
1,<environment.Job instance at 0x7f9be0e106e0>,0,18,[ 2 10],1,-1,20,-1,2
1,<environment.Job instance at 0x7f9bd77c6af0>,3,18,[ 3 10],4,-1,22,-1,4
1,<environment.Job instance at 0x7f9bd77c6c80>,4,18,[10  4],5,-1,23,-1,5
1,<environment.Job instance at 0x7f9bd77c6b90>,5,13,[5 9],6,-1,19,-1,6
1,<environment.Job instance at 0x7f9bd77c6d20>,6,12,[11  4],7,-1,19,-1,7
1,<environment.Job instance at 0x7f9bd77c6e60>,8,17,[ 2 10],9,-1,26,-1,9
1,<environment.Job instance at 0x7f9bd77c6f50>,9,17,[ 4 10],10,-1,27,-1,10
1,<environment.Job instance at 0x7f9bd77cb640>,16,12,[1 8],17,-1,29,-1,17
1,<environment.Job instance at 0x7f9bd77cb190>,18,16,[8 5],19,-1,35,-1,19
1,<environment.Job instance at 0x7f9bd77cb910>,19,17,[12  3],20,-1,37,-1,20
1,<environment.Job instance at 0x7f9bd77cbc30>,23,18,[5 2],24,-1,42,-1,24
1,<environment.Job instance at 0x7f9bd77cbf50>,26,22,[2 9],27,-1,49,-1,27
1,<environment.Job instance at 0x7f9bd77cd280>,29,13,[1 6],30,-1,43,-1,30
1,<environment.Job instance at 0x7f9bd77cd370>,31,17,[4 9],32,-1,49,-1,32
1,<environment.Job instance at 0x7f9bd77cd4b0>,32,17,[9 3],33,-1,50,-1,33
1,<environment.Job instance at 0x7f9bd77cd8c0>,35,16,[8 1],36,-1,52,-1,36
1,<environment.Job instance at 0x7f9bd77cdd20>,39,18,[5 8],40,-1,58,-1,40
1,<environment.Job instance at 0x7f9bd77cdcd0>,41,14,[6 1],42,-1,56,-1,42
1,<environment.Job instance at 0x7f9bd77cdf50>,42,14,[8 4],43,-1,57,-1,43
1,<environment.Job instance at 0x7f9bd77d10a0>,43,28,[6 4],44,-1,72,-1,44
1,<environment.Job instance at 0x7f9bd77d1140>,44,17,[ 5 12],45,-1,62,-1,45
1,<environment.Job instance at 0x7f9bd77d11e0>,45,16,[6 2],46,-1,62,-1,46
1,<environment.Job instance at 0x7f9be0e108c0>,1,15,[ 1 14],2,-1,64,-1,49
1,<environment.Job instance at 0x7f9bd77d17d0>,52,3,[ 3 11],53,-1,56,-1,53
1,<environment.Job instance at 0x7f9bd77d1b40>,55,17,[4 7],56,-1,73,-1,56
1,<environment.Job instance at 0x7f9bd77d1be0>,56,18,[4 5],57,-1,75,-1,57
1,<environment.Job instance at 0x7f9bd77d1e10>,60,24,[ 3 10],61,-1,85,-1,61
1,<environment.Job instance at 0x7f9bd77d20f0>,62,20,[9 1],63,-1,83,-1,63
1,<environment.Job instance at 0x7f9bd77d23c0>,63,15,[1 5],64,-1,79,-1,64
1,<environment.Job instance at 0x7f9bd77d2460>,65,13,[3 5],66,-1,79,-1,66
1,<environment.Job instance at 0x7f9bd77d24b0>,67,26,[5 4],68,-1,94,-1,68
1,<environment.Job instance at 0x7f9bd77d27d0>,68,22,[5 6],69,-1,91,-1,69
1,<environment.Job instance at 0x7f9bd77d2730>,69,13,[7 2],70,-1,83,-1,70
1,<environment.Job instance at 0x7f9bd77d28c0>,70,18,[5 5],71,-1,89,-1,71
1,<environment.Job instance at 0x7f9bd77d2a00>,72,14,[9 1],73,-1,87,-1,73
1,<environment.Job instance at 0x7f9bd77d2eb0>,77,15,[4 7],78,-1,93,-1,78
1,<environment.Job instance at 0x7f9bd77d3140>,78,19,[8 4],79,-1,98,-1,79
1,<environment.Job instance at 0x7f9bd77d30a0>,79,17,[2 7],80,-1,97,-1,80
1,<environment.Job instance at 0x7f9bd77cda00>,1,15,[ 1 14],2,-1,17,-1,2
1,<environment.Job instance at 0x7f9bd77cd500>,6,12,[11  4],7,-1,19,-1,7
1,<environment.Job instance at 0x7f9bd77d39b0>,19,17,[12  3],20,-1,67,-1,50
1,<environment.Job instance at 0x7f9bd77d3370>,22,2,[12  3],23,-1,62,-1,60
1,<environment.Job instance at 0x7f9bd6f05f50>,1,16,[5 8],2,-1,18,-1,2
1,<environment.Job instance at 0x7f9bd6f05230>,5,23,[3 7],6,-1,29,-1,6
1,<environment.Job instance at 0x7f9bd6f0ad70>,8,12,[10  1],9,-1,23,-1,11
1,<environment.Job instance at 0x7f9bd6ff5320>,10,18,[7 5],11,-1,29,-1,11
1,<environment.Job instance at 0x7f9bd7045a50>,18,20,[5 7],19,-1,39,-1,19
1,<environment.Job instance at 0x7f9bd7070e10>,20,20,[5 7],21,-1,41,-1,21
1,<environment.Job instance at 0x7f9bd7070140>,25,14,[9 1],26,-1,41,-1,27
1,<environment.Job instance at 0x7f9bd7062f00>,29,16,[1 8],30,-1,46,-1,30
1,<environment.Job instance at 0x7f9bd7062960>,31,18,[11  5],32,-1,50,-1,32
1,<environment.Job instance at 0x7f9be4975a00>,34,15,[9 1],35,-1,55,-1,40
1,<environment.Job instance at 0x7f9bd6d7abe0>,40,16,[9 3],41,-1,57,-1,41
1,<environment.Job instance at 0x7f9bd6d827d0>,44,15,[10  5],45,-1,60,-1,45
1,<environment.Job instance at 0x7f9bd6d82b40>,46,18,[1 6],47,-1,68,-1,50
1,<environment.Job instance at 0x7f9bd76c5410>,50,17,[3 8],51,-1,68,-1,51
1,<environment.Job instance at 0x7f9bd6d8ca00>,51,16,[5 4],52,-1,70,-1,54
1,<environment.Job instance at 0x7f9bd6d8c910>,53,16,[6 4],54,-1,72,-1,56
1,<environment.Job instance at 0x7f9bd6e140f0>,55,15,[6 2],56,-1,72,-1,57
1,<environment.Job instance at 0x7f9bd6df5f50>,58,12,[3 9],59,-1,71,-1,59
1,<environment.Job instance at 0x7f9bd75d97d0>,56,15,[6 2],57,-1,76,-1,61
1,<environment.Job instance at 0x7f9bd6dd2dc0>,61,16,[1 9],62,-1,78,-1,62
1,<environment.Job instance at 0x7f9bd6dc51e0>,60,13,[2 6],61,-1,77,-1,64
1,<environment.Job instance at 0x7f9bd6dde690>,68,16,[3 9],69,-1,85,-1,69
1,<environment.Job instance at 0x7f9bd6dd2050>,62,16,[6 2],63,-1,90,-1,74
1,<environment.Job instance at 0x7f9bd6f0dfa0>,73,15,[4 8],74,-1,90,-1,75
1,<environment.Job instance at 0x7f9bd6fe7be0>,5,23,[3 7],6,-1,30,-1,7
1,<environment.Job instance at 0x7f9bd6fe7c80>,12,27,[ 3 13],13,-1,40,-1,13
1,<environment.Job instance at 0x7f9bd6f86870>,21,18,[ 3 13],22,-1,50,-1,32
1,<environment.Job instance at 0x7f9bd6f8db40>,27,18,[ 3 12],28,-1,55,-1,37
1,<environment.Job instance at 0x7f9bd6f7ff50>,31,18,[11  5],32,-1,70,-1,52
1,<environment.Job instance at 0x7f9bd70dc6e0>,32,14,[14  1],33,-1,66,-1,52
1,<environment.Job instance at 0x7f9bd6e63a00>,5,17,[10  5],6,-1,23,-1,6
1,<environment.Job instance at 0x7f9bd6e632d0>,9,17,[9 2],10,-1,27,-1,10
1,<environment.Job instance at 0x7f9bd6e63c30>,16,23,[5 8],17,-1,42,-1,19
1,<environment.Job instance at 0x7f9bd6e63f00>,12,14,[8 4],13,-1,34,-1,20
1,<environment.Job instance at 0x7f9bd6eb63c0>,22,14,[9 2],23,-1,37,-1,23
1,<environment.Job instance at 0x7f9bd6eb6640>,23,27,[5 3],24,-1,51,-1,24
1,<environment.Job instance at 0x7f9bd6eb60f0>,24,17,[10  2],25,-1,42,-1,25
1,<environment.Job instance at 0x7f9bd6eb65a0>,25,17,[5 9],26,-1,43,-1,26
1,<environment.Job instance at 0x7f9bd6eb6820>,28,22,[9 2],29,-1,54,-1,32
1,<environment.Job instance at 0x7f9bd6eb6320>,32,17,[10  4],33,-1,50,-1,33
1,<environment.Job instance at 0x7f9bd6e63640>,14,17,[10  5],15,-1,54,-1,37
1,<environment.Job instance at 0x7f9bd6e63fa0>,15,16,[ 3 10],16,-1,54,-1,38
1,<environment.Job instance at 0x7f9bd6eb61e0>,31,18,[ 5 11],32,-1,57,-1,39
1,<environment.Job instance at 0x7f9bd6eb6b40>,37,18,[ 1 10],38,-1,57,-1,39
1,<environment.Job instance at 0x7f9bd6eb6870>,30,17,[2 9],31,-1,61,-1,44
1,<environment.Job instance at 0x7f9bd6eb6910>,36,16,[7 2],37,-1,60,-1,44
1,<environment.Job instance at 0x7f9bd6eb6410>,35,17,[8 1],36,-1,61,-1,44
1,<environment.Job instance at 0x7f9be0eb7c80>,45,17,[3 5],46,-1,63,-1,46
1,<environment.Job instance at 0x7f9be0eb7a50>,46,15,[ 5 10],47,-1,62,-1,47
1,<environment.Job instance at 0x7f9be0f7e370>,50,15,[7 4],51,-1,66,-1,51
1,<environment.Job instance at 0x7f9be0f7e5f0>,52,16,[8 5],53,-1,71,-1,55
1,<environment.Job instance at 0x7f9bd6d8c550>,59,16,[9 4],60,-1,76,-1,60
1,<environment.Job instance at 0x7f9bd6d8c3c0>,6,26,[9 1],7,-1,39,-1,13
1,<environment.Job instance at 0x7f9bd6df1fa0>,16,23,[5 8],17,-1,62,-1,39
1,<environment.Job instance at 0x7f9bd6d82d20>,21,2,[12  1],22,-1,48,-1,46
1,<environment.Job instance at 0x7f9bd6d82550>,23,27,[5 3],24,-1,87,-1,60
1,<environment.Job instance at 0x7f9bd6d824b0>,29,3,[ 4 12],30,-1,79,-1,76
1,<environment.Job instance at 0x7f9bd6d82050>,31,18,[ 5 11],32,-1,96,-1,78
1,<environment.Job instance at 0x7f9bd7c0ed70>,7,14,[4 7],8,-1,22,-1,8
1,<environment.Job instance at 0x7f9bd7c0e3c0>,9,13,[5 7],10,-1,23,-1,10
1,<environment.Job instance at 0x7f9bd7c0ef00>,11,16,[6 2],12,-1,28,-1,12
1,<environment.Job instance at 0x7f9be0f8a1e0>,24,18,[ 5 10],25,-1,55,-1,37
1,<environment.Job instance at 0x7f9be0f8ad70>,20,13,[7 4],21,-1,50,-1,37
1,<environment.Job instance at 0x7f9be0f8a640>,23,18,[9 2],24,-1,55,-1,37
1,<environment.Job instance at 0x7f9be0f8ad20>,26,16,[5 7],27,-1,65,-1,49
1,<environment.Job instance at 0x7f9bd7c8b9b0>,30,17,[4 5],31,-1,66,-1,49
1,<environment.Job instance at 0x7f9bd7c8ba50>,33,13,[8 3],34,-1,62,-1,49
1,<environment.Job instance at 0x7f9bd7c8b1e0>,35,18,[9 5],36,-1,71,-1,53
1,<environment.Job instance at 0x7f9be0f8acd0>,18,17,[12  1],19,-1,70,-1,53
1,<environment.Job instance at 0x7f9bd7c8b3c0>,36,15,[7 3],37,-1,68,-1,53
1,<environment.Job instance at 0x7f9bd7c8bd20>,40,14,[2 8],41,-1,67,-1,53
1,<environment.Job instance at 0x7f9bd7c8b190>,41,15,[10  3],42,-1,68,-1,53
1,<environment.Job instance at 0x7f9bd7c8b0a0>,44,16,[8 3],45,-1,69,-1,53
1,<environment.Job instance at 0x7f9bd7be56e0>,47,14,[7 1],48,-1,67,-1,53
1,<environment.Job instance at 0x7f9bd7c8b460>,32,27,[ 2 13],33,-1,81,-1,54
1,<environment.Job instance at 0x7f9bd7be5280>,49,17,[4 8],50,-1,71,-1,54
1,<environment.Job instance at 0x7f9bd7925410>,57,16,[ 5 13],58,-1,75,-1,59
1,<environment.Job instance at 0x7f9bd7c8bf50>,37,17,[7 5],38,-1,77,-1,60
1,<environment.Job instance at 0x7f9bd7925b40>,61,16,[2 8],62,-1,78,-1,62
1,<environment.Job instance at 0x7f9bd7be5be0>,53,15,[7 4],54,-1,78,-1,63
1,<environment.Job instance at 0x7f9bd7925870>,63,13,[2 5],64,-1,77,-1,64
1,<environment.Job instance at 0x7f9bd7c45eb0>,68,14,[10  4],69,-1,83,-1,69
1,<environment.Job instance at 0x7f9bd7c45410>,70,18,[11  4],71,-1,89,-1,71
1,<environment.Job instance at 0x7f9bd7c45320>,71,15,[3 5],72,-1,87,-1,72
1,<environment.Job instance at 0x7f9bd79257d0>,64,18,[13  2],65,-1,91,-1,73
1,<environment.Job instance at 0x7f9bd7c45140>,72,20,[7 3],73,-1,93,-1,73
1,<environment.Job instance at 0x7f9be0f8a820>,19,14,[5 7],20,-1,89,-1,75
1,<environment.Job instance at 0x7f9bd7c458c0>,69,16,[1 7],70,-1,91,-1,75
1,<environment.Job instance at 0x7f9bd7c45be0>,75,17,[6 3],76,-1,93,-1,76
1,<environment.Job instance at 0x7f9bd7c45280>,76,20,[6 2],77,-1,97,-1,77
1,<environment.Job instance at 0x7f9bd7c45f50>,78,17,[2 8],79,-1,99,-1,82
1,<environment.Job instance at 0x7f9bd7c451e0>,82,15,[7 3],83,-1,98,-1,83
1,<environment.Job instance at 0x7f9be0f8aaa0>,1,18,[ 5 14],2,-1,20,-1,2
1,<environment.Job instance at 0x7f9bd7925640>,8,1,[ 5 14],9,-1,10,-1,9
1,<environment.Job instance at 0x7f9bd72ebb40>,13,3,[14  5],14,-1,26,-1,23
1,<environment.Job instance at 0x7f9bd72eb500>,18,17,[12  1],19,-1,46,-1,29
1,<environment.Job instance at 0x7f9bd72eb320>,22,1,[13  3],23,-1,47,-1,46
1,<environment.Job instance at 0x7f9bd7d7d370>,32,27,[ 2 13],33,-1,104,-1,77
1,<environment.Job instance at 0x7f9bd82f2d70>,4,22,[1 9],5,-1,27,-1,5
1,<environment.Job instance at 0x7f9bd6eb6280>,3,12,[8 5],4,-1,19,-1,7
1,<environment.Job instance at 0x7f9bd7c295f0>,7,13,[ 1 10],8,-1,21,-1,8
1,<environment.Job instance at 0x7f9bd7c29140>,9,18,[ 2 10],10,-1,28,-1,10
1,<environment.Job instance at 0x7f9bd82f0190>,10,17,[7 1],11,-1,29,-1,12
1,<environment.Job instance at 0x7f9bd82f03c0>,11,18,[3 8],12,-1,30,-1,12
1,<environment.Job instance at 0x7f9bd82f0e10>,13,24,[3 6],14,-1,38,-1,14
1,<environment.Job instance at 0x7f9bd82f0050>,15,20,[3 8],16,-1,36,-1,16
1,<environment.Job instance at 0x7f9bd82f0370>,16,15,[4 9],17,-1,33,-1,18
1,<environment.Job instance at 0x7f9bd82f0eb0>,17,27,[9 5],18,-1,45,-1,18
1,<environment.Job instance at 0x7f9bd82f3e10>,20,18,[4 8],21,-1,39,-1,21
1,<environment.Job instance at 0x7f9bd82f33c0>,19,3,[9 2],20,-1,25,-1,22
1,<environment.Job instance at 0x7f9bd76386e0>,24,2,[1 9],25,-1,27,-1,25
1,<environment.Job instance at 0x7f9bd723faa0>,26,21,[6 1],27,-1,48,-1,27
1,<environment.Job instance at 0x7f9bd763dc80>,27,13,[4 9],28,-1,41,-1,28
1,<environment.Job instance at 0x7f9bd830c050>,28,12,[8 2],29,-1,41,-1,29
1,<environment.Job instance at 0x7f9bd830c190>,25,18,[ 3 10],26,-1,48,-1,30
1,<environment.Job instance at 0x7f9bd7244960>,35,27,[5 5],36,-1,63,-1,36
1,<environment.Job instance at 0x7f9bd725fdc0>,36,22,[2 8],37,-1,61,-1,39
1,<environment.Job instance at 0x7f9bd723e320>,39,17,[2 6],40,-1,57,-1,40
1,<environment.Job instance at 0x7f9bd8306690>,40,16,[1 9],41,-1,57,-1,41
1,<environment.Job instance at 0x7f9bd724ca00>,42,17,[4 6],43,-1,60,-1,43
1,<environment.Job instance at 0x7f9bd7185f00>,32,17,[9 1],33,-1,64,-1,47
1,<environment.Job instance at 0x7f9bd72625a0>,46,13,[8 3],47,-1,60,-1,47
1,<environment.Job instance at 0x7f9bd7262b90>,48,14,[2 7],49,-1,64,-1,50
1,<environment.Job instance at 0x7f9bd7176320>,38,13,[14  4],39,-1,63,-1,50
1,<environment.Job instance at 0x7f9bd725d0f0>,49,17,[5 1],50,-1,67,-1,50
1,<environment.Job instance at 0x7f9bd725d3c0>,51,18,[5 7],52,-1,70,-1,52
1,<environment.Job instance at 0x7f9bd725d5a0>,53,16,[3 5],54,-1,70,-1,54
1,<environment.Job instance at 0x7f9bd725d730>,55,25,[3 7],56,-1,81,-1,56
1,<environment.Job instance at 0x7f9bd725daa0>,56,13,[1 6],57,-1,70,-1,57
1,<environment.Job instance at 0x7f9bd725ddc0>,57,14,[10  3],58,-1,77,-1,63
1,<environment.Job instance at 0x7f9bd82fee10>,65,16,[10  5],66,-1,86,-1,70
1,<environment.Job instance at 0x7f9bd82fefa0>,68,21,[9 5],69,-1,91,-1,70
1,<environment.Job instance at 0x7f9bd82fedc0>,67,14,[9 1],68,-1,85,-1,71
1,<environment.Job instance at 0x7f9bd83233c0>,70,17,[9 4],71,-1,88,-1,71
1,<environment.Job instance at 0x7f9bd7176cd0>,33,18,[8 1],34,-1,101,-1,83
1,<environment.Job instance at 0x7f9bd8323a50>,79,16,[ 5 13],80,-1,102,-1,86
1,<environment.Job instance at 0x7f9bd7e46780>,1,25,[10  4],2,-1,27,-1,2
1,<environment.Job instance at 0x7f9bd8363e10>,13,24,[3 6],14,-1,54,-1,30
1,<environment.Job instance at 0x7f9bd6dc1910>,17,27,[9 5],18,-1,60,-1,33
1,<environment.Job instance at 0x7f9bd77bef00>,23,2,[ 3 14],24,-1,52,-1,50
1,<environment.Job instance at 0x7f9bd7f5e820>,34,3,[ 3 12],35,-1,86,-1,83
1,<environment.Job instance at 0x7f9bd766c960>,2,17,[10  3],3,-1,21,-1,4
1,<environment.Job instance at 0x7f9bd76704b0>,3,13,[9 5],4,-1,17,-1,4
1,<environment.Job instance at 0x7f9bd6eeed70>,12,27,[5 5],13,-1,40,-1,13
1,<environment.Job instance at 0x7f9bd6eeedc0>,14,25,[1 7],15,-1,40,-1,15
1,<environment.Job instance at 0x7f9bd6eeec80>,16,15,[ 5 10],17,-1,32,-1,17
1,<environment.Job instance at 0x7f9bd6eee870>,19,14,[2 6],20,-1,34,-1,20
1,<environment.Job instance at 0x7f9bd6eee320>,21,14,[1 9],22,-1,36,-1,22
1,<environment.Job instance at 0x7f9bd725f730>,23,18,[4 8],24,-1,42,-1,24
1,<environment.Job instance at 0x7f9bd725f9b0>,24,17,[7 4],25,-1,42,-1,25
1,<environment.Job instance at 0x7f9bd725f0a0>,25,14,[7 3],26,-1,41,-1,27
1,<environment.Job instance at 0x7f9bd725f320>,27,3,[5 6],28,-1,31,-1,28
1,<environment.Job instance at 0x7f9bd725fcd0>,28,12,[5 6],29,-1,41,-1,29
1,<environment.Job instance at 0x7f9bd725f280>,29,1,[ 4 10],30,-1,31,-1,30
1,<environment.Job instance at 0x7f9bd725f190>,30,1,[10  3],31,-1,32,-1,31
1,<environment.Job instance at 0x7f9bd725fd20>,26,27,[5 8],27,-1,58,-1,31
1,<environment.Job instance at 0x7f9bd725fe60>,31,24,[4 8],32,-1,56,-1,32
1,<environment.Job instance at 0x7f9bd725faa0>,35,19,[7 5],36,-1,55,-1,36
1,<environment.Job instance at 0x7f9bd7228230>,36,14,[8 1],37,-1,52,-1,38
1,<environment.Job instance at 0x7f9bd725ff50>,37,12,[10  4],38,-1,50,-1,38
1,<environment.Job instance at 0x7f9bd72286e0>,42,17,[2 5],43,-1,60,-1,43
1,<environment.Job instance at 0x7f9bd72282d0>,46,18,[8 2],47,-1,65,-1,47
1,<environment.Job instance at 0x7f9bd7228f00>,47,18,[6 2],48,-1,66,-1,48
1,<environment.Job instance at 0x7f9bd7228500>,49,18,[5 8],50,-1,68,-1,50
1,<environment.Job instance at 0x7f9bd72463c0>,50,19,[2 7],51,-1,70,-1,51
1,<environment.Job instance at 0x7f9bd72460f0>,51,24,[1 9],52,-1,76,-1,52
1,<environment.Job instance at 0x7f9bd7246690>,53,15,[6 5],54,-1,69,-1,54
1,<environment.Job instance at 0x7f9bd7246870>,56,14,[7 5],57,-1,71,-1,57
1,<environment.Job instance at 0x7f9bd7246640>,61,17,[5 7],62,-1,79,-1,62
1,<environment.Job instance at 0x7f9bd724c4b0>,69,17,[ 5 10],70,-1,90,-1,73
1,<environment.Job instance at 0x7f9bd7246140>,64,13,[1 9],65,-1,86,-1,73
1,<environment.Job instance at 0x7f9bd7246d70>,65,16,[4 5],66,-1,89,-1,73
1,<environment.Job instance at 0x7f9bd724c410>,70,18,[4 6],71,-1,91,-1,73
1,<environment.Job instance at 0x7f9bd724cdc0>,66,17,[13  2],67,-1,93,-1,76
1,<environment.Job instance at 0x7f9bd724c960>,74,15,[5 7],75,-1,91,-1,76
1,<environment.Job instance at 0x7f9bd724cc80>,76,14,[ 5 10],77,-1,91,-1,77
1,<environment.Job instance at 0x7f9bd724c5f0>,75,24,[10  2],76,-1,101,-1,77
1,<environment.Job instance at 0x7f9bd724c1e0>,77,18,[1 7],78,-1,96,-1,78
1,<environment.Job instance at 0x7f9bd724cb90>,78,19,[1 6],79,-1,98,-1,79
1,<environment.Job instance at 0x7f9bd723f2d0>,83,20,[5 7],84,-1,104,-1,84
1,<environment.Job instance at 0x7f9bd7c896e0>,5,1,[12  4],6,-1,7,-1,6
1,<environment.Job instance at 0x7f9bd6eee2d0>,11,15,[14  1],12,-1,33,-1,18
1,<environment.Job instance at 0x7f9bd725fa50>,12,27,[5 5],13,-1,47,-1,20
1,<environment.Job instance at 0x7f9bd725f6e0>,14,25,[1 7],15,-1,45,-1,20
1,<environment.Job instance at 0x7f9bd723f910>,26,27,[5 8],27,-1,92,-1,65
1,<environment.Job instance at 0x7f9be0f8b320>,31,24,[4 8],32,-1,105,-1,81
1,<environment.Job instance at 0x7f9bd791ab90>,3,18,[6 1],4,-1,22,-1,4
1,<environment.Job instance at 0x7f9bd6e48050>,5,1,[8 1],6,-1,7,-1,6
1,<environment.Job instance at 0x7f9bd791a690>,6,14,[10  4],7,-1,21,-1,7
1,<environment.Job instance at 0x7f9bd790da00>,16,16,[2 6],17,-1,33,-1,17
1,<environment.Job instance at 0x7f9bd790df00>,17,18,[3 6],18,-1,36,-1,18
1,<environment.Job instance at 0x7f9bd790d640>,18,14,[6 4],19,-1,33,-1,19
1,<environment.Job instance at 0x7f9bd790daa0>,20,18,[5 9],21,-1,39,-1,21
1,<environment.Job instance at 0x7f9bd7f33050>,23,18,[ 1 10],24,-1,43,-1,25
1,<environment.Job instance at 0x7f9bd793f410>,29,14,[9 5],30,-1,44,-1,30
1,<environment.Job instance at 0x7f9bd790d2d0>,24,14,[7 5],25,-1,46,-1,32
1,<environment.Job instance at 0x7f9bd79263c0>,35,17,[ 5 10],36,-1,53,-1,36
1,<environment.Job instance at 0x7f9bd7926190>,36,17,[ 1 10],37,-1,54,-1,37
1,<environment.Job instance at 0x7f9bd7be3c80>,38,16,[9 2],39,-1,56,-1,40
1,<environment.Job instance at 0x7f9bd7f29aa0>,39,28,[1 8],40,-1,68,-1,40
1,<environment.Job instance at 0x7f9bd7be8190>,46,14,[9 2],47,-1,62,-1,48
1,<environment.Job instance at 0x7f9bd7be8500>,47,17,[3 8],48,-1,65,-1,48
1,<environment.Job instance at 0x7f9bd6edc780>,2,3,[11  3],3,-1,6,-1,3
1,<environment.Job instance at 0x7f9bd6edc8c0>,11,15,[ 2 14],12,-1,31,-1,16
1,<environment.Job instance at 0x7f9bd78815a0>,15,12,[ 3 13],16,-1,29,-1,17
1,<environment.Job instance at 0x7f9bd7246190>,31,17,[14  3],32,-1,79,-1,62
1,<environment.Job instance at 0x7f9bd790a280>,34,15,[ 2 13],35,-1,79,-1,64
1,<environment.Job instance at 0x7f9bd71e19b0>,37,3,[12  4],38,-1,82,-1,79
1,<environment.Job instance at 0x7f9bd7ecbaa0>,8,17,[7 2],9,-1,26,-1,9
1,<environment.Job instance at 0x7f9bd7ecb3c0>,9,16,[10  2],10,-1,26,-1,10
1,<environment.Job instance at 0x7f9bd7ecb870>,10,15,[5 6],11,-1,26,-1,11
1,<environment.Job instance at 0x7f9bd7ecb320>,14,15,[7 3],15,-1,31,-1,16
1,<environment.Job instance at 0x7f9bd7ecb050>,15,12,[10  3],16,-1,28,-1,16
1,<environment.Job instance at 0x7f9bd74fc280>,17,15,[10  1],18,-1,33,-1,18
1,<environment.Job instance at 0x7f9bd74fc3c0>,19,23,[6 5],20,-1,43,-1,20
1,<environment.Job instance at 0x7f9bd74fc1e0>,20,17,[2 6],21,-1,38,-1,21
1,<environment.Job instance at 0x7f9bd7abc820>,29,21,[1 9],30,-1,51,-1,30
1,<environment.Job instance at 0x7f9bd7abc050>,30,27,[6 4],31,-1,58,-1,31
1,<environment.Job instance at 0x7f9bd7abc1e0>,32,15,[10  1],33,-1,48,-1,33
1,<environment.Job instance at 0x7f9bd7abc0a0>,33,13,[7 5],34,-1,48,-1,35
1,<environment.Job instance at 0x7f9bd7abc870>,36,14,[1 7],37,-1,51,-1,37
1,<environment.Job instance at 0x7f9bd7abcc30>,37,2,[ 2 10],38,-1,40,-1,38
1,<environment.Job instance at 0x7f9bd7abce10>,38,22,[7 5],39,-1,61,-1,39
1,<environment.Job instance at 0x7f9bd7abcd70>,39,16,[5 3],40,-1,56,-1,40
1,<environment.Job instance at 0x7f9bd7abc3c0>,40,18,[ 5 10],41,-1,60,-1,42
1,<environment.Job instance at 0x7f9bd7abcd20>,42,24,[1 6],43,-1,67,-1,43
1,<environment.Job instance at 0x7f9bd7abc5f0>,43,16,[8 5],44,-1,60,-1,44
1,<environment.Job instance at 0x7f9bd7abccd0>,44,16,[9 4],45,-1,61,-1,45
1,<environment.Job instance at 0x7f9bd7abc230>,46,15,[10  4],47,-1,62,-1,47
1,<environment.Job instance at 0x7f9be09a65f0>,47,13,[ 4 10],48,-1,61,-1,48
1,<environment.Job instance at 0x7f9be09a66e0>,48,17,[3 9],49,-1,66,-1,49
1,<environment.Job instance at 0x7f9be09a6640>,50,14,[1 8],51,-1,65,-1,51
1,<environment.Job instance at 0x7f9be09a6d20>,51,12,[5 6],52,-1,64,-1,52
1,<environment.Job instance at 0x7f9be09a6f00>,56,12,[1 5],57,-1,69,-1,57
1,<environment.Job instance at 0x7f9be09a6fa0>,58,14,[9 1],59,-1,73,-1,59
1,<environment.Job instance at 0x7f9be09a6b40>,59,17,[1 9],60,-1,77,-1,60
1,<environment.Job instance at 0x7f9be09a6690>,62,15,[6 2],63,-1,78,-1,63
1,<environment.Job instance at 0x7f9be0994c30>,68,18,[6 5],69,-1,87,-1,69
1,<environment.Job instance at 0x7f9be0994cd0>,69,18,[ 5 10],70,-1,88,-1,70
1,<environment.Job instance at 0x7f9be09941e0>,78,24,[4 7],79,-1,103,-1,79
1,<environment.Job instance at 0x7f9bd7fbf190>,84,18,[ 4 11],85,-1,103,-1,85
1,<environment.Job instance at 0x7f9bd7fbfb40>,85,16,[9 4],86,-1,102,-1,86
1,<environment.Job instance at 0x7f9bd7fbfd70>,87,15,[4 6],88,-1,103,-1,88
1,<environment.Job instance at 0x7f9bd7ecbb90>,19,23,[6 5],20,-1,72,-1,49
1,<environment.Job instance at 0x7f9be0994e60>,30,27,[6 4],31,-1,100,-1,73
1,<environment.Job instance at 0x7f9bd7fbff50>,31,1,[11  4],32,-1,74,-1,73
1,<environment.Job instance at 0x7f9bd83c8cd0>,0,20,[4 6],1,-1,21,-1,1
1,<environment.Job instance at 0x7f9bd8390730>,12,17,[ 2 10],13,-1,31,-1,14
1,<environment.Job instance at 0x7f9bd83900f0>,14,12,[9 1],15,-1,27,-1,15
1,<environment.Job instance at 0x7f9bd8390230>,18,20,[3 8],19,-1,39,-1,19
1,<environment.Job instance at 0x7f9bd8390d70>,21,21,[4 7],22,-1,43,-1,22
1,<environment.Job instance at 0x7f9bfd1ec0a0>,23,15,[4 9],24,-1,39,-1,24
1,<environment.Job instance at 0x7f9bd72515a0>,13,15,[5 5],14,-1,40,-1,25
1,<environment.Job instance at 0x7f9be09c5cd0>,30,15,[10  4],31,-1,47,-1,32
1,<environment.Job instance at 0x7f9bd80b3960>,32,15,[4 8],33,-1,48,-1,33
1,<environment.Job instance at 0x7f9bd80b3af0>,31,18,[4 8],32,-1,53,-1,35
1,<environment.Job instance at 0x7f9bd80b3f50>,42,16,[3 8],43,-1,74,-1,58
1,<environment.Job instance at 0x7f9bd80b3320>,46,18,[10  2],47,-1,77,-1,59
1,<environment.Job instance at 0x7f9bd80b3730>,48,17,[9 5],49,-1,77,-1,60
1,<environment.Job instance at 0x7f9bd80b3eb0>,38,18,[4 6],39,-1,78,-1,60
1,<environment.Job instance at 0x7f9bd80b3870>,35,12,[10  1],36,-1,72,-1,60
1,<environment.Job instance at 0x7f9bd6eee5f0>,50,16,[ 3 10],51,-1,76,-1,60
1,<environment.Job instance at 0x7f9bd6eee640>,51,16,[5 7],52,-1,76,-1,60
1,<environment.Job instance at 0x7f9bd6eee190>,53,13,[5 5],54,-1,79,-1,66
1,<environment.Job instance at 0x7f9bd6eee230>,49,16,[7 2],50,-1,82,-1,66
1,<environment.Job instance at 0x7f9bd6eee1e0>,54,2,[1 6],55,-1,68,-1,66
1,<environment.Job instance at 0x7f9bd6eeea00>,56,1,[5 1],57,-1,67,-1,66
1,<environment.Job instance at 0x7f9be09c5f50>,29,19,[5 5],30,-1,87,-1,68
1,<environment.Job instance at 0x7f9bd6eeed70>,57,27,[ 2 11],58,-1,95,-1,68
1,<environment.Job instance at 0x7f9bd6eee3c0>,55,14,[4 6],56,-1,82,-1,68
1,<environment.Job instance at 0x7f9bd83906e0>,20,24,[10  4],21,-1,92,-1,68
1,<environment.Job instance at 0x7f9bd7e0a640>,65,12,[8 5],66,-1,80,-1,68
1,<environment.Job instance at 0x7f9bd7e0adc0>,64,13,[5 3],65,-1,81,-1,68
1,<environment.Job instance at 0x7f9bd7e0a6e0>,66,14,[6 4],67,-1,82,-1,68
1,<environment.Job instance at 0x7f9bd7cd0e60>,68,17,[3 7],69,-1,86,-1,69
1,<environment.Job instance at 0x7f9bd7cd0550>,70,13,[5 3],71,-1,85,-1,72
1,<environment.Job instance at 0x7f9bd7cd0320>,72,17,[6 4],73,-1,90,-1,73
1,<environment.Job instance at 0x7f9bd77cd460>,73,12,[7 4],74,-1,86,-1,74
1,<environment.Job instance at 0x7f9be0946730>,78,12,[ 4 10],79,-1,91,-1,79
1,<environment.Job instance at 0x7f9bd73ce910>,80,14,[ 2 10],81,-1,95,-1,81
1,<environment.Job instance at 0x7f9bd786b410>,82,16,[ 3 10],83,-1,99,-1,83
1,<environment.Job instance at 0x7f9bd78fabe0>,83,18,[5 5],84,-1,102,-1,84
1,<environment.Job instance at 0x7f9bd6f2f4b0>,84,16,[5 5],85,-1,101,-1,85
1,<environment.Job instance at 0x7f9bd6bb3c80>,85,17,[ 3 10],86,-1,103,-1,86
1,<environment.Job instance at 0x7f9bd794b9b0>,87,2,[ 3 10],88,-1,90,-1,88
1,<environment.Job instance at 0x7f9bd76024b0>,88,18,[1 5],89,-1,107,-1,89
1,<environment.Job instance at 0x7f9bd7cd0190>,71,17,[2 7],72,-1,106,-1,89
1,<environment.Job instance at 0x7f9bd75990a0>,3,14,[ 1 11],4,-1,18,-1,4
1,<environment.Job instance at 0x7f9bd7ecb140>,5,16,[ 2 11],6,-1,22,-1,6
1,<environment.Job instance at 0x7f9bd759e960>,8,2,[13  3],9,-1,11,-1,9
1,<environment.Job instance at 0x7f9bd73fb320>,22,17,[ 2 11],23,-1,56,-1,39
1,<environment.Job instance at 0x7f9bd757c7d0>,24,1,[ 2 11],25,-1,40,-1,39
1,<environment.Job instance at 0x7f9bd757c8c0>,20,24,[10  4],21,-1,64,-1,40
1,<environment.Job instance at 0x7f9bd7f63910>,0,19,[4 5],1,-1,20,-1,1
1,<environment.Job instance at 0x7f9bd7f639b0>,2,13,[9 4],3,-1,17,-1,4
1,<environment.Job instance at 0x7f9bd7a39500>,4,16,[2 7],5,-1,21,-1,5
1,<environment.Job instance at 0x7f9bd7a39fa0>,8,16,[8 3],9,-1,25,-1,9
1,<environment.Job instance at 0x7f9bd7a39c30>,10,23,[9 4],11,-1,34,-1,11
1,<environment.Job instance at 0x7f9bd7a39d70>,11,21,[8 2],12,-1,33,-1,12
1,<environment.Job instance at 0x7f9bd7a393c0>,12,21,[5 7],13,-1,34,-1,13
1,<environment.Job instance at 0x7f9bd7a395a0>,14,17,[9 2],15,-1,32,-1,15
1,<environment.Job instance at 0x7f9bd7a39d20>,15,18,[5 5],16,-1,34,-1,16
1,<environment.Job instance at 0x7f9bd7a39e60>,18,28,[10  4],19,-1,47,-1,19
1,<environment.Job instance at 0x7f9bd77ea960>,22,18,[4 7],23,-1,41,-1,23
1,<environment.Job instance at 0x7f9bd77eaaf0>,23,18,[7 1],24,-1,42,-1,24
1,<environment.Job instance at 0x7f9bd77eab90>,24,14,[9 1],25,-1,39,-1,25
1,<environment.Job instance at 0x7f9bd77ea1e0>,26,18,[8 3],27,-1,45,-1,27
1,<environment.Job instance at 0x7f9bd77ea140>,30,26,[4 9],31,-1,57,-1,31
1,<environment.Job instance at 0x7f9bd8021a50>,35,18,[1 8],36,-1,54,-1,36
1,<environment.Job instance at 0x7f9bd80218c0>,37,23,[5 3],38,-1,61,-1,38
1,<environment.Job instance at 0x7f9bd80214b0>,38,16,[9 4],39,-1,55,-1,39
1,<environment.Job instance at 0x7f9bd7da4fa0>,50,13,[11  2],51,-1,65,-1,52
1,<environment.Job instance at 0x7f9bd80210a0>,46,18,[7 4],47,-1,70,-1,52
1,<environment.Job instance at 0x7f9bd7da4be0>,51,13,[6 3],52,-1,65,-1,52
1,<environment.Job instance at 0x7f9bd7da4730>,52,14,[3 9],53,-1,67,-1,53
1,<environment.Job instance at 0x7f9bd8021500>,45,14,[ 1 10],46,-1,69,-1,55
1,<environment.Job instance at 0x7f9bd7da4d70>,54,14,[5 3],55,-1,72,-1,58
1,<environment.Job instance at 0x7f9bd82c23c0>,64,18,[5 6],65,-1,107,-1,89
1,<environment.Job instance at 0x7f9bd71f2870>,10,23,[9 4],11,-1,43,-1,20
1,<environment.Job instance at 0x7f9bd8210c30>,18,28,[10  4],19,-1,55,-1,27
1,<environment.Job instance at 0x7f9bd76c5050>,28,17,[12  1],29,-1,78,-1,61
1,<environment.Job instance at 0x7f9bd757e5a0>,32,16,[13  1],33,-1,93,-1,77
1,<environment.Job instance at 0x7f9bd831baa0>,1,18,[10  5],2,-1,20,-1,2
1,<environment.Job instance at 0x7f9bd831b870>,5,18,[9 2],6,-1,26,-1,8
1,<environment.Job instance at 0x7f9bd831b4b0>,7,20,[1 8],8,-1,28,-1,8
1,<environment.Job instance at 0x7f9bd764a1e0>,11,21,[4 9],12,-1,33,-1,12
1,<environment.Job instance at 0x7f9bd764a690>,13,16,[8 1],14,-1,32,-1,16
1,<environment.Job instance at 0x7f9bd764aaa0>,15,23,[8 4],16,-1,39,-1,16
1,<environment.Job instance at 0x7f9be09ac050>,17,20,[5 7],18,-1,38,-1,18
1,<environment.Job instance at 0x7f9be09ac870>,18,16,[4 8],19,-1,35,-1,19
1,<environment.Job instance at 0x7f9be09ac550>,20,15,[2 8],21,-1,36,-1,21
1,<environment.Job instance at 0x7f9bd78c1780>,25,16,[10  5],26,-1,43,-1,27
1,<environment.Job instance at 0x7f9bd78c1dc0>,27,16,[1 7],28,-1,44,-1,28
1,<environment.Job instance at 0x7f9bd78c1960>,29,18,[2 7],30,-1,48,-1,30
1,<environment.Job instance at 0x7f9be0eb2780>,33,16,[9 4],34,-1,51,-1,35
1,<environment.Job instance at 0x7f9bd7da8460>,40,24,[7 2],41,-1,65,-1,41
1,<environment.Job instance at 0x7f9bd7da8c30>,42,15,[ 2 10],43,-1,58,-1,43
1,<environment.Job instance at 0x7f9bd7da8230>,44,17,[8 1],45,-1,62,-1,45
1,<environment.Job instance at 0x7f9bd7da83c0>,46,19,[2 9],47,-1,66,-1,47
1,<environment.Job instance at 0x7f9bd7d286e0>,48,20,[ 1 10],49,-1,69,-1,49
1,<environment.Job instance at 0x7f9bd7d28500>,49,18,[2 7],50,-1,68,-1,50
1,<environment.Job instance at 0x7f9bd7d28af0>,51,18,[3 8],52,-1,70,-1,52
1,<environment.Job instance at 0x7f9bd7d28140>,53,14,[ 4 10],54,-1,68,-1,54
1,<environment.Job instance at 0x7f9bd7d28190>,54,15,[4 8],55,-1,70,-1,55
1,<environment.Job instance at 0x7f9bd7d28dc0>,59,17,[ 1 10],60,-1,77,-1,60
1,<environment.Job instance at 0x7f9bd79700f0>,72,13,[9 1],73,-1,87,-1,74
1,<environment.Job instance at 0x7f9bd7e75a50>,75,12,[2 8],76,-1,89,-1,77
1,<environment.Job instance at 0x7f9be0eb5eb0>,67,13,[9 1],68,-1,90,-1,77
1,<environment.Job instance at 0x7f9bd7e75910>,74,13,[4 8],75,-1,90,-1,77
1,<environment.Job instance at 0x7f9bd7e750a0>,77,17,[10  4],78,-1,95,-1,78
1,<environment.Job instance at 0x7f9bd7e75af0>,85,18,[7 5],86,-1,107,-1,89
1,<environment.Job instance at 0x7f9bd77eae60>,3,1,[12  4],4,-1,5,-1,4
1,<environment.Job instance at 0x7f9bd7599960>,10,2,[ 2 12],11,-1,13,-1,11
1,<environment.Job instance at 0x7f9bd759e960>,15,23,[8 4],16,-1,49,-1,26
1,<environment.Job instance at 0x7f9bd742a780>,24,15,[11  1],25,-1,60,-1,45
1,<environment.Job instance at 0x7f9bd7426b40>,31,20,[ 5 13],32,-1,87,-1,67
1,<environment.Job instance at 0x7f9bd8312370>,4,18,[10  2],5,-1,26,-1,8
1,<environment.Job instance at 0x7f9bd8312230>,8,18,[5 8],9,-1,27,-1,9
1,<environment.Job instance at 0x7f9bd7745c80>,9,17,[2 6],10,-1,27,-1,10
1,<environment.Job instance at 0x7f9bd7745e60>,10,1,[ 2 10],11,-1,12,-1,11
1,<environment.Job instance at 0x7f9bd77451e0>,11,2,[1 5],12,-1,14,-1,12
1,<environment.Job instance at 0x7f9bd7745cd0>,12,1,[9 5],13,-1,14,-1,13
1,<environment.Job instance at 0x7f9bd7745460>,13,14,[ 5 10],14,-1,28,-1,14
1,<environment.Job instance at 0x7f9bd77455f0>,14,28,[4 5],15,-1,43,-1,15
1,<environment.Job instance at 0x7f9bd7745550>,15,3,[9 2],16,-1,19,-1,16
1,<environment.Job instance at 0x7f9bd7745dc0>,16,17,[3 5],17,-1,34,-1,17
1,<environment.Job instance at 0x7f9bd8312d70>,7,15,[5 8],8,-1,33,-1,18
1,<environment.Job instance at 0x7f9bd8312690>,18,15,[5 8],19,-1,34,-1,19
1,<environment.Job instance at 0x7f9bd7745640>,22,12,[10  4],23,-1,37,-1,25
1,<environment.Job instance at 0x7f9bd6ca5230>,25,15,[8 1],26,-1,41,-1,26
1,<environment.Job instance at 0x7f9bd6ca5780>,28,18,[5 5],29,-1,47,-1,29
1,<environment.Job instance at 0x7f9bd6ca5f00>,29,15,[6 2],30,-1,45,-1,30
1,<environment.Job instance at 0x7f9bd6ca5b90>,30,16,[7 5],31,-1,47,-1,31
1,<environment.Job instance at 0x7f9bd7745b90>,24,13,[ 5 10],25,-1,44,-1,31
1,<environment.Job instance at 0x7f9bd6ca50a0>,33,17,[5 9],34,-1,51,-1,34
1,<environment.Job instance at 0x7f9bd6ca5cd0>,34,17,[2 5],35,-1,53,-1,36
1,<environment.Job instance at 0x7f9bd6ca59b0>,35,21,[9 3],36,-1,57,-1,36
1,<environment.Job instance at 0x7f9bd6ca5b40>,36,15,[3 5],37,-1,53,-1,38
1,<environment.Job instance at 0x7f9bd6ca5320>,37,25,[9 4],38,-1,63,-1,38
1,<environment.Job instance at 0x7f9bd7d47550>,42,16,[9 4],43,-1,59,-1,43
1,<environment.Job instance at 0x7f9bd7d47230>,40,12,[10  1],41,-1,56,-1,44
1,<environment.Job instance at 0x7f9bd7d47eb0>,43,12,[10  1],44,-1,56,-1,44
1,<environment.Job instance at 0x7f9bd7d47910>,44,17,[1 9],45,-1,62,-1,45
1,<environment.Job instance at 0x7f9bd7d47a50>,46,18,[8 1],47,-1,68,-1,50
1,<environment.Job instance at 0x7f9bd7d47960>,49,28,[6 1],50,-1,78,-1,50
1,<environment.Job instance at 0x7f9bd7b49aa0>,54,18,[5 5],55,-1,75,-1,57
1,<environment.Job instance at 0x7f9bd7b49b40>,58,18,[5 3],59,-1,77,-1,59
1,<environment.Job instance at 0x7f9bd7b499b0>,59,12,[4 6],60,-1,72,-1,60
1,<environment.Job instance at 0x7f9bd7b49be0>,60,13,[2 6],61,-1,74,-1,61
1,<environment.Job instance at 0x7f9bd7da5640>,61,13,[10  4],62,-1,75,-1,62
1,<environment.Job instance at 0x7f9bd7b49cd0>,56,17,[2 6],57,-1,79,-1,62
1,<environment.Job instance at 0x7f9bd7b492d0>,62,15,[8 4],63,-1,79,-1,64
1,<environment.Job instance at 0x7f9bd7da5dc0>,63,24,[5 3],64,-1,88,-1,64
1,<environment.Job instance at 0x7f9bd7da5690>,66,17,[2 5],67,-1,86,-1,69
1,<environment.Job instance at 0x7f9bd72d5dc0>,71,28,[9 4],72,-1,100,-1,72
1,<environment.Job instance at 0x7f9bd72d3230>,77,17,[1 9],78,-1,95,-1,78
1,<environment.Job instance at 0x7f9bd72d3aa0>,75,15,[3 9],76,-1,94,-1,79
1,<environment.Job instance at 0x7f9bd72d3dc0>,79,18,[7 5],80,-1,98,-1,80
1,<environment.Job instance at 0x7f9bd7924280>,80,17,[10  1],81,-1,98,-1,81
1,<environment.Job instance at 0x7f9bd7b49370>,52,18,[ 2 12],53,-1,100,-1,82
1,<environment.Job instance at 0x7f9bd6c105a0>,81,14,[5 8],82,-1,96,-1,82
1,<environment.Job instance at 0x7f9bd6c10c80>,82,13,[7 2],83,-1,96,-1,83
1,<environment.Job instance at 0x7f9be09e1eb0>,86,21,[5 5],87,-1,108,-1,87
1,<environment.Job instance at 0x7f9bd6a90f50>,84,17,[7 2],85,-1,105,-1,88
1,<environment.Job instance at 0x7f9bd7d9aa50>,14,28,[4 5],15,-1,55,-1,27
1,<environment.Job instance at 0x7f9bd775d730>,17,2,[ 5 13],18,-1,30,-1,28
1,<environment.Job instance at 0x7f9bd775c500>,21,25,[10  1],22,-1,67,-1,42
1,<environment.Job instance at 0x7f9bd6f70a50>,4,16,[7 4],5,-1,21,-1,5
1,<environment.Job instance at 0x7f9bd6f70730>,8,17,[9 5],9,-1,28,-1,11
1,<environment.Job instance at 0x7f9bd6f70dc0>,11,18,[4 7],12,-1,30,-1,12
1,<environment.Job instance at 0x7f9bd6f70af0>,13,17,[9 1],14,-1,31,-1,14
1,<environment.Job instance at 0x7f9bd6f70f00>,14,22,[4 9],15,-1,37,-1,15
1,<environment.Job instance at 0x7f9bd75bb6e0>,16,21,[5 5],17,-1,38,-1,17
1,<environment.Job instance at 0x7f9bd75bb9b0>,19,15,[3 9],20,-1,35,-1,20
1,<environment.Job instance at 0x7f9bd75bb820>,22,12,[ 1 10],23,-1,35,-1,23
1,<environment.Job instance at 0x7f9bd75bb780>,24,15,[10  2],25,-1,40,-1,25
1,<environment.Job instance at 0x7f9bd75bbd20>,25,25,[1 6],26,-1,51,-1,26
1,<environment.Job instance at 0x7f9bd75d5410>,28,3,[ 1 10],29,-1,32,-1,29
1,<environment.Job instance at 0x7f9bd75d5640>,29,3,[9 3],30,-1,33,-1,30
1,<environment.Job instance at 0x7f9bd75d55f0>,32,20,[ 5 10],33,-1,53,-1,33
1,<environment.Job instance at 0x7f9bd75d5230>,34,12,[9 1],35,-1,47,-1,35
1,<environment.Job instance at 0x7f9bd75d5be0>,35,24,[8 3],36,-1,60,-1,36
1,<environment.Job instance at 0x7f9bd75d5c80>,36,14,[6 4],37,-1,51,-1,37
1,<environment.Job instance at 0x7f9bd75d53c0>,37,12,[5 9],38,-1,50,-1,38
1,<environment.Job instance at 0x7f9bd75e1f00>,40,12,[5 6],41,-1,53,-1,41
1,<environment.Job instance at 0x7f9bd75e1870>,41,16,[3 9],42,-1,58,-1,42
1,<environment.Job instance at 0x7f9bd75e1b90>,45,17,[10  3],46,-1,63,-1,46
1,<environment.Job instance at 0x7f9bd75e11e0>,46,18,[6 4],47,-1,65,-1,47
1,<environment.Job instance at 0x7f9bd75e1be0>,47,24,[5 9],48,-1,72,-1,48
1,<environment.Job instance at 0x7f9bd7e7d190>,51,28,[3 6],52,-1,80,-1,52
1,<environment.Job instance at 0x7f9bd7e7d050>,52,14,[ 4 10],53,-1,67,-1,53
1,<environment.Job instance at 0x7f9bd7e7dfa0>,55,16,[7 3],56,-1,72,-1,56
1,<environment.Job instance at 0x7f9bd7e7db90>,57,16,[1 8],58,-1,74,-1,58
1,<environment.Job instance at 0x7f9bd7e7da00>,59,26,[2 6],60,-1,86,-1,60
1,<environment.Job instance at 0x7f9bd7e7df50>,60,20,[9 3],61,-1,81,-1,61
1,<environment.Job instance at 0x7f9bd7e7d780>,61,15,[8 4],62,-1,77,-1,62
1,<environment.Job instance at 0x7f9bd7e7d3c0>,62,14,[9 2],63,-1,77,-1,63
1,<environment.Job instance at 0x7f9bd785a550>,63,16,[2 6],64,-1,80,-1,64
1,<environment.Job instance at 0x7f9bd785a9b0>,65,17,[5 3],66,-1,83,-1,66
1,<environment.Job instance at 0x7f9bd785aeb0>,68,26,[8 2],69,-1,95,-1,69
1,<environment.Job instance at 0x7f9bd785a370>,70,13,[4 6],71,-1,84,-1,71
1,<environment.Job instance at 0x7f9bd785a730>,72,16,[9 2],73,-1,89,-1,73
1,<environment.Job instance at 0x7f9bd785a460>,73,18,[4 6],74,-1,92,-1,74
1,<environment.Job instance at 0x7f9bd785a190>,74,13,[2 8],75,-1,88,-1,75
1,<environment.Job instance at 0x7f9bd785a3c0>,76,17,[3 7],77,-1,94,-1,77
1,<environment.Job instance at 0x7f9bd74e1050>,79,17,[5 7],80,-1,97,-1,80
1,<environment.Job instance at 0x7f9bd74e1e60>,82,18,[7 4],83,-1,103,-1,85
1,<environment.Job instance at 0x7f9bd74e1fa0>,84,27,[13  3],85,-1,112,-1,85
1,<environment.Job instance at 0x7f9bd6f59370>,7,13,[14  4],8,-1,21,-1,8
1,<environment.Job instance at 0x7f9bd7e7d910>,23,2,[13  2],24,-1,55,-1,53
1,<environment.Job instance at 0x7f9bd785ac30>,25,25,[1 6],26,-1,90,-1,65
1,<environment.Job instance at 0x7f9bd74e12d0>,30,27,[11  2],31,-1,110,-1,83
1,<environment.Job instance at 0x7f9bd6f59870>,3,16,[3 8],4,-1,20,-1,4
1,<environment.Job instance at 0x7f9bd6f596e0>,4,13,[10  5],5,-1,18,-1,5
1,<environment.Job instance at 0x7f9bd6f59280>,5,19,[1 5],6,-1,25,-1,6
1,<environment.Job instance at 0x7f9bd6f599b0>,8,16,[3 8],9,-1,25,-1,9
1,<environment.Job instance at 0x7f9bd6f598c0>,10,18,[9 2],11,-1,29,-1,11
1,<environment.Job instance at 0x7f9bd6f59a50>,12,17,[9 4],13,-1,30,-1,13
1,<environment.Job instance at 0x7f9bd6f59690>,14,27,[6 1],15,-1,42,-1,15
1,<environment.Job instance at 0x7f9bd7880910>,15,14,[4 8],16,-1,30,-1,16
1,<environment.Job instance at 0x7f9bd7880730>,16,17,[ 5 11],17,-1,34,-1,17
1,<environment.Job instance at 0x7f9bd75dfd20>,19,16,[10  5],20,-1,36,-1,20
1,<environment.Job instance at 0x7f9bd735d280>,20,12,[4 8],21,-1,33,-1,21
1,<environment.Job instance at 0x7f9bd70df0a0>,28,18,[5 9],29,-1,47,-1,29
1,<environment.Job instance at 0x7f9bd76b6e10>,33,13,[8 4],34,-1,47,-1,34
1,<environment.Job instance at 0x7f9bd76b6870>,35,16,[7 3],36,-1,52,-1,36
1,<environment.Job instance at 0x7f9bd76b68c0>,37,13,[10  4],38,-1,51,-1,38
1,<environment.Job instance at 0x7f9bd76b6f00>,38,13,[8 5],39,-1,52,-1,39
1,<environment.Job instance at 0x7f9bd76b6c30>,39,13,[8 2],40,-1,53,-1,40
1,<environment.Job instance at 0x7f9bd70df8c0>,30,18,[6 4],31,-1,58,-1,40
1,<environment.Job instance at 0x7f9bd74c5a00>,50,17,[9 2],51,-1,78,-1,61
1,<environment.Job instance at 0x7f9bd7363af0>,63,14,[ 4 10],64,-1,78,-1,64
1,<environment.Job instance at 0x7f9bd74c5eb0>,52,14,[7 3],53,-1,81,-1,67
1,<environment.Job instance at 0x7f9bd73191e0>,66,16,[9 2],67,-1,83,-1,67
1,<environment.Job instance at 0x7f9bd73199b0>,67,21,[9 4],68,-1,91,-1,70
1,<environment.Job instance at 0x7f9bd74c5d70>,45,27,[4 5],46,-1,97,-1,70
1,<environment.Job instance at 0x7f9bd76b6230>,40,13,[12  1],41,-1,83,-1,70
1,<environment.Job instance at 0x7f9bd7319b40>,68,21,[5 1],69,-1,91,-1,70
1,<environment.Job instance at 0x7f9bd7319550>,72,12,[1 9],73,-1,88,-1,76
1,<environment.Job instance at 0x7f9bd7319c30>,76,18,[5 5],77,-1,96,-1,78
1,<environment.Job instance at 0x7f9bd7319f50>,75,16,[4 9],76,-1,96,-1,80
1,<environment.Job instance at 0x7f9bd73c8f50>,79,20,[5 9],80,-1,100,-1,80
1,<environment.Job instance at 0x7f9bd73c8be0>,80,17,[ 5 10],81,-1,98,-1,81
1,<environment.Job instance at 0x7f9bd73c8780>,81,14,[10  1],82,-1,96,-1,82
1,<environment.Job instance at 0x7f9bd73c8280>,82,18,[3 8],83,-1,101,-1,83
1,<environment.Job instance at 0x7f9bd7ccb9b0>,14,27,[6 1],15,-1,59,-1,32
1,<environment.Job instance at 0x7f9bd7ccbf50>,16,17,[ 5 11],17,-1,49,-1,32
1,<environment.Job instance at 0x7f9bd7ccb640>,21,24,[14  3],22,-1,77,-1,53
1,<environment.Job instance at 0x7f9bd7ccb320>,23,24,[10  2],24,-1,101,-1,77
1,<environment.Job instance at 0x7f9bd6b20b90>,2,18,[3 7],3,-1,21,-1,3
1,<environment.Job instance at 0x7f9bd6b20a00>,5,13,[9 1],6,-1,21,-1,8
1,<environment.Job instance at 0x7f9bd6b20460>,8,14,[ 1 10],9,-1,23,-1,9
1,<environment.Job instance at 0x7f9bd6b20280>,10,25,[5 3],11,-1,36,-1,11
1,<environment.Job instance at 0x7f9bd7044fa0>,11,16,[11  2],12,-1,28,-1,12
1,<environment.Job instance at 0x7f9bd7044780>,13,13,[5 6],14,-1,27,-1,14
1,<environment.Job instance at 0x7f9bd7044230>,14,13,[3 6],15,-1,28,-1,15
1,<environment.Job instance at 0x7f9bd7044370>,16,13,[8 1],17,-1,30,-1,17
1,<environment.Job instance at 0x7f9bd6e61780>,18,16,[10  3],19,-1,35,-1,19
1,<environment.Job instance at 0x7f9bd6e61c80>,19,28,[3 9],20,-1,48,-1,20
1,<environment.Job instance at 0x7f9bd6e61f00>,22,23,[3 7],23,-1,46,-1,23
1,<environment.Job instance at 0x7f9bd6e61d20>,24,17,[2 7],25,-1,42,-1,25
1,<environment.Job instance at 0x7f9bd6e51050>,25,14,[7 2],26,-1,40,-1,26
1,<environment.Job instance at 0x7f9bd6e51f00>,27,16,[5 4],28,-1,44,-1,28
1,<environment.Job instance at 0x7f9bd6e51b90>,28,17,[6 5],29,-1,46,-1,29
1,<environment.Job instance at 0x7f9bd6e51dc0>,29,18,[5 1],30,-1,48,-1,30
1,<environment.Job instance at 0x7f9bd6e51140>,30,16,[1 7],31,-1,47,-1,31
1,<environment.Job instance at 0x7f9bd6e519b0>,31,12,[2 6],32,-1,44,-1,32
1,<environment.Job instance at 0x7f9bd6e51c30>,32,17,[6 4],33,-1,50,-1,33
1,<environment.Job instance at 0x7f9bd6b1fa50>,36,15,[5 6],37,-1,52,-1,37
1,<environment.Job instance at 0x7f9bd79b4370>,40,15,[1 8],41,-1,56,-1,41
1,<environment.Job instance at 0x7f9bd6b1f6e0>,41,16,[5 5],42,-1,58,-1,42
1,<environment.Job instance at 0x7f9bd6b1f0a0>,42,18,[2 5],43,-1,61,-1,43
1,<environment.Job instance at 0x7f9bd6b22960>,44,14,[ 3 10],45,-1,59,-1,45
1,<environment.Job instance at 0x7f9be095baf0>,55,16,[10  3],56,-1,76,-1,60
1,<environment.Job instance at 0x7f9bd758a870>,59,17,[9 4],60,-1,77,-1,60
1,<environment.Job instance at 0x7f9be09646e0>,60,13,[10  1],61,-1,78,-1,65
1,<environment.Job instance at 0x7f9bd6eee910>,65,15,[1 5],66,-1,81,-1,66
1,<environment.Job instance at 0x7f9bd6a72e60>,66,16,[5 6],67,-1,83,-1,67
1,<environment.Job instance at 0x7f9bd6a70550>,68,13,[8 2],69,-1,82,-1,69
1,<environment.Job instance at 0x7f9bd6f93dc0>,71,16,[4 6],72,-1,88,-1,72
1,<environment.Job instance at 0x7f9bd6bc6550>,4,1,[13  5],5,-1,6,-1,5
1,<environment.Job instance at 0x7f9bd7f0aaf0>,10,25,[5 3],11,-1,42,-1,17
1,<environment.Job instance at 0x7f9bd6bc55f0>,11,16,[11  2],12,-1,33,-1,17
1,<environment.Job instance at 0x7f9bd6bd1410>,19,28,[3 9],20,-1,73,-1,45
1,<environment.Job instance at 0x7f9bd7d49c30>,22,23,[3 7],23,-1,71,-1,48
1,<environment.Job instance at 0x7f9bd73bbf50>,26,3,[ 5 14],27,-1,54,-1,51
1,<environment.Job instance at 0x7f9bd6c8a6e0>,37,16,[11  1],38,-1,100,-1,84
1,<environment.Job instance at 0x7f9bd6f684b0>,2,22,[8 1],3,-1,26,-1,4
1,<environment.Job instance at 0x7f9bd6c31410>,3,14,[14  4],4,-1,18,-1,4
1,<environment.Job instance at 0x7f9bd6f7ce60>,8,16,[9 1],9,-1,28,-1,12
1,<environment.Job instance at 0x7f9bd6f7cf00>,11,27,[8 5],12,-1,39,-1,12
1,<environment.Job instance at 0x7f9bd6f815a0>,17,18,[1 9],18,-1,36,-1,18
1,<environment.Job instance at 0x7f9bd6c1f280>,21,14,[ 2 12],22,-1,40,-1,26
1,<environment.Job instance at 0x7f9bd81df190>,14,16,[11  4],15,-1,43,-1,27
1,<environment.Job instance at 0x7f9bd6f9f780>,24,17,[10  5],25,-1,44,-1,27
1,<environment.Job instance at 0x7f9bd6c1a410>,22,18,[10  5],23,-1,48,-1,30
1,<environment.Job instance at 0x7f9bd6f9fcd0>,25,18,[5 6],26,-1,48,-1,30
1,<environment.Job instance at 0x7f9bd7a545f0>,32,18,[9 1],33,-1,52,-1,34
1,<environment.Job instance at 0x7f9bd740beb0>,33,13,[3 9],34,-1,47,-1,34
1,<environment.Job instance at 0x7f9bd7a54500>,34,15,[2 7],35,-1,52,-1,37
1,<environment.Job instance at 0x7f9bd79d4960>,23,26,[7 1],24,-1,64,-1,38
1,<environment.Job instance at 0x7f9bd6c0d5a0>,42,18,[1 9],43,-1,61,-1,43
1,<environment.Job instance at 0x7f9bd6bf5a50>,44,18,[7 1],45,-1,66,-1,48
1,<environment.Job instance at 0x7f9bd6b22d70>,48,15,[3 8],49,-1,64,-1,49
1,<environment.Job instance at 0x7f9bd6c07fa0>,49,25,[3 6],50,-1,75,-1,50
1,<environment.Job instance at 0x7f9bd6c07280>,50,13,[5 8],51,-1,64,-1,51
1,<environment.Job instance at 0x7f9bd6c0eaa0>,51,16,[ 5 12],52,-1,70,-1,54
1,<environment.Job instance at 0x7f9bd6c0e780>,54,17,[8 5],55,-1,72,-1,55
1,<environment.Job instance at 0x7f9bd6c0e3c0>,55,17,[1 7],56,-1,73,-1,56
1,<environment.Job instance at 0x7f9bd82419b0>,27,15,[ 4 10],28,-1,74,-1,59
1,<environment.Job instance at 0x7f9bd6c0eeb0>,58,13,[10  4],59,-1,74,-1,61
1,<environment.Job instance at 0x7f9bd7415550>,56,16,[1 5],57,-1,77,-1,61
1,<environment.Job instance at 0x7f9bd7a5dfa0>,59,19,[2 5],60,-1,83,-1,64
1,<environment.Job instance at 0x7f9bd7a81c30>,64,18,[ 4 10],65,-1,83,-1,65
1,<environment.Job instance at 0x7f9bd74015f0>,66,15,[ 3 10],67,-1,84,-1,69
1,<environment.Job instance at 0x7f9bd6c0e730>,53,17,[13  5],54,-1,87,-1,70
1,<environment.Job instance at 0x7f9bd78a1d70>,73,18,[9 2],74,-1,101,-1,83
1,<environment.Job instance at 0x7f9bd78a1cd0>,76,16,[5 9],77,-1,99,-1,83
1,<environment.Job instance at 0x7f9bd78a1e10>,78,24,[5 6],79,-1,107,-1,83
1,<environment.Job instance at 0x7f9bd78a1640>,81,17,[5 8],82,-1,102,-1,85
1,<environment.Job instance at 0x7f9bd7891140>,83,14,[3 6],84,-1,99,-1,85
1,<environment.Job instance at 0x7f9bd78918c0>,84,16,[8 2],85,-1,101,-1,85
1,<environment.Job instance at 0x7f9bd7891a50>,86,14,[4 7],87,-1,101,-1,87
1,<environment.Job instance at 0x7f9bd76b56e0>,68,13,[6 2],69,-1,102,-1,89
1,<environment.Job instance at 0x7f9bd81df690>,3,14,[14  4],4,-1,18,-1,4
1,<environment.Job instance at 0x7f9bd6bff550>,5,3,[ 1 13],6,-1,9,-1,6
1,<environment.Job instance at 0x7f9bd7a54320>,6,2,[14  2],7,-1,9,-1,7
1,<environment.Job instance at 0x7f9bd6c0d870>,7,15,[ 5 12],8,-1,23,-1,8
1,<environment.Job instance at 0x7f9bd6bf4c30>,10,2,[14  4],11,-1,13,-1,11
1,<environment.Job instance at 0x7f9bd6c0eb40>,11,27,[8 5],12,-1,52,-1,25
1,<environment.Job instance at 0x7f9bd6c075a0>,14,16,[11  4],15,-1,41,-1,25
1,<environment.Job instance at 0x7f9bd7893320>,18,16,[13  2],19,-1,43,-1,27
1,<environment.Job instance at 0x7f9bd7893690>,21,14,[ 2 12],22,-1,44,-1,30
1,<environment.Job instance at 0x7f9bd7893cd0>,23,26,[7 1],24,-1,59,-1,33
1,<environment.Job instance at 0x7f9bd78b2280>,0,20,[ 4 10],1,-1,21,-1,1
1,<environment.Job instance at 0x7f9bd7eaef00>,3,14,[ 4 10],4,-1,18,-1,4
1,<environment.Job instance at 0x7f9bd7394190>,6,24,[4 5],7,-1,31,-1,7
1,<environment.Job instance at 0x7f9bd7394280>,7,24,[4 8],8,-1,32,-1,8
1,<environment.Job instance at 0x7f9bd7394aa0>,16,16,[4 9],17,-1,33,-1,17
1,<environment.Job instance at 0x7f9bd7394c30>,17,18,[6 1],18,-1,36,-1,18
1,<environment.Job instance at 0x7f9bd7386140>,22,23,[6 2],23,-1,46,-1,23
1,<environment.Job instance at 0x7f9bd7386230>,23,1,[9 4],24,-1,26,-1,25
1,<environment.Job instance at 0x7f9bd7386410>,26,17,[1 6],27,-1,44,-1,27
1,<environment.Job instance at 0x7f9bd73864b0>,27,13,[9 4],28,-1,42,-1,29
1,<environment.Job instance at 0x7f9bd7386a50>,32,18,[6 5],33,-1,51,-1,33
1,<environment.Job instance at 0x7f9bd7386aa0>,34,14,[ 5 10],35,-1,49,-1,35
1,<environment.Job instance at 0x7f9bd7386b40>,36,16,[4 8],37,-1,53,-1,37
1,<environment.Job instance at 0x7f9bd7386e10>,37,15,[4 8],38,-1,53,-1,38
1,<environment.Job instance at 0x7f9bd7386eb0>,38,15,[1 6],39,-1,54,-1,39
1,<environment.Job instance at 0x7f9bd7e99730>,43,14,[ 2 11],44,-1,60,-1,46
1,<environment.Job instance at 0x7f9bd7ec3e60>,46,17,[4 6],47,-1,64,-1,47
1,<environment.Job instance at 0x7f9bd7ec3e10>,48,18,[10  1],49,-1,67,-1,49
1,<environment.Job instance at 0x7f9bd7386690>,28,13,[4 8],29,-1,62,-1,49
1,<environment.Job instance at 0x7f9bd7ec3dc0>,52,17,[ 1 10],53,-1,70,-1,53
1,<environment.Job instance at 0x7f9bd7ec3690>,53,15,[8 4],54,-1,69,-1,54
1,<environment.Job instance at 0x7f9bd7ec31e0>,60,25,[6 2],61,-1,86,-1,61
1,<environment.Job instance at 0x7f9bd76fdfa0>,61,17,[9 4],62,-1,80,-1,63
1,<environment.Job instance at 0x7f9bd6b46f50>,68,18,[10  4],69,-1,87,-1,69
1,<environment.Job instance at 0x7f9bd6b46d70>,69,13,[ 1 11],70,-1,96,-1,83
1,<environment.Job instance at 0x7f9bd6b46fa0>,70,25,[5 5],71,-1,108,-1,83
1,<environment.Job instance at 0x7f9bd6b46eb0>,75,19,[2 8],76,-1,107,-1,88
1,<environment.Job instance at 0x7f9bd7ec3730>,55,24,[5 2],56,-1,112,-1,88
1,<environment.Job instance at 0x7f9bd7ea1f00>,76,16,[ 1 10],77,-1,104,-1,88
1,<environment.Job instance at 0x7f9bd7ea14b0>,79,15,[ 5 10],80,-1,103,-1,88
1,<environment.Job instance at 0x7f9bd7ec32d0>,56,12,[3 5],57,-1,100,-1,88
1,<environment.Job instance at 0x7f9bd6b6f4b0>,81,17,[ 2 10],82,-1,105,-1,88
1,<environment.Job instance at 0x7f9bd6b46140>,71,13,[9 3],72,-1,101,-1,88
1,<environment.Job instance at 0x7f9bd6b6f190>,85,18,[4 6],86,-1,106,-1,88
1,<environment.Job instance at 0x7f9bd6b6feb0>,83,12,[3 9],84,-1,100,-1,88
1,<environment.Job instance at 0x7f9bd6b6fcd0>,86,15,[5 9],87,-1,103,-1,88
1,<environment.Job instance at 0x7f9bd78864b0>,6,24,[4 5],7,-1,44,-1,20
1,<environment.Job instance at 0x7f9bd7886e60>,7,24,[4 8],8,-1,45,-1,21
1,<environment.Job instance at 0x7f9bd8204aa0>,22,23,[6 2],23,-1,67,-1,44
1,<environment.Job instance at 0x7f9bd78ac280>,24,3,[ 1 12],25,-1,47,-1,44
1,<environment.Job instance at 0x7f9bd78b9320>,25,14,[12  1],26,-1,58,-1,44
1,<environment.Job instance at 0x7f9bd78ac870>,33,1,[11  3],34,-1,63,-1,62
1,<environment.Job instance at 0x7f9bd78ac5f0>,35,28,[ 4 12],36,-1,91,-1,63
1,<environment.Job instance at 0x7f9bd6b6f910>,0,15,[8 4],1,-1,17,-1,2
1,<environment.Job instance at 0x7f9bd7886190>,1,12,[8 1],2,-1,15,-1,3
1,<environment.Job instance at 0x7f9bd729b960>,4,19,[ 5 10],5,-1,26,-1,7
1,<environment.Job instance at 0x7f9bd729ba50>,7,27,[8 5],8,-1,35,-1,8
1,<environment.Job instance at 0x7f9bd729bdc0>,8,12,[5 4],9,-1,21,-1,9
1,<environment.Job instance at 0x7f9bd729b3c0>,6,15,[3 9],7,-1,25,-1,10
1,<environment.Job instance at 0x7f9bd72d0c80>,15,15,[10  1],16,-1,36,-1,21
1,<environment.Job instance at 0x7f9bd72d0140>,21,12,[5 3],22,-1,34,-1,22
1,<environment.Job instance at 0x7f9bd72d0f50>,24,16,[5 8],25,-1,41,-1,25
1,<environment.Job instance at 0x7f9bd72d0b90>,25,25,[4 5],26,-1,51,-1,26
1,<environment.Job instance at 0x7f9bd72d08c0>,20,20,[8 5],21,-1,49,-1,29
1,<environment.Job instance at 0x7f9bd8120140>,30,18,[3 5],31,-1,49,-1,31
1,<environment.Job instance at 0x7f9bd81209b0>,31,15,[3 7],32,-1,48,-1,33
1,<environment.Job instance at 0x7f9be09d3780>,47,26,[ 3 10],48,-1,77,-1,51
1,<environment.Job instance at 0x7f9be09d3f50>,49,12,[5 8],50,-1,77,-1,65
1,<environment.Job instance at 0x7f9bd72d5910>,61,17,[7 4],62,-1,84,-1,67
1,<environment.Job instance at 0x7f9bd7afb320>,43,15,[ 2 10],44,-1,82,-1,67
1,<environment.Job instance at 0x7f9be09d3af0>,48,12,[10  4],49,-1,80,-1,68
1,<environment.Job instance at 0x7f9bd72d59b0>,63,14,[ 5 10],64,-1,85,-1,71
1,<environment.Job instance at 0x7f9bd7afb6e0>,42,18,[4 8],43,-1,89,-1,71
1,<environment.Job instance at 0x7f9bd72d5820>,66,16,[3 8],67,-1,87,-1,71
1,<environment.Job instance at 0x7f9bd7adae60>,72,17,[5 7],73,-1,90,-1,73
1,<environment.Job instance at 0x7f9bd7ada640>,78,12,[7 5],79,-1,92,-1,80
1,<environment.Job instance at 0x7f9bd7ada4b0>,80,18,[9 3],81,-1,99,-1,81
1,<environment.Job instance at 0x7f9bd7e00c30>,81,17,[9 4],82,-1,99,-1,82
1,<environment.Job instance at 0x7f9bd6bff2d0>,7,27,[8 5],8,-1,43,-1,16
1,<environment.Job instance at 0x7f9bd742f050>,9,3,[ 1 12],10,-1,19,-1,16
1,<environment.Job instance at 0x7f9bd7a54320>,13,17,[13  3],14,-1,36,-1,19
1,<environment.Job instance at 0x7f9bd6c075a0>,14,3,[13  1],15,-1,22,-1,19
1,<environment.Job instance at 0x7f9bd78ac5f0>,25,25,[4 5],26,-1,66,-1,41
1,<environment.Job instance at 0x7f9bd78acdc0>,28,1,[ 4 14],29,-1,47,-1,46
1,<environment.Job instance at 0x7f9bd78b9b90>,40,2,[13  2],41,-1,76,-1,74
1,<environment.Job instance at 0x7f9bd78b9c80>,44,1,[12  5],45,-1,86,-1,85
1,<environment.Job instance at 0x7f9bd73962d0>,11,18,[7 1],12,-1,31,-1,13
1,<environment.Job instance at 0x7f9bd6d70b40>,15,16,[3 5],16,-1,32,-1,16
1,<environment.Job instance at 0x7f9bd750aaa0>,19,14,[7 3],20,-1,37,-1,23
1,<environment.Job instance at 0x7f9be09b6e10>,22,17,[1 5],23,-1,43,-1,26
1,<environment.Job instance at 0x7f9be09b6cd0>,24,18,[4 8],25,-1,44,-1,26
1,<environment.Job instance at 0x7f9bd6d70870>,13,15,[ 2 12],14,-1,44,-1,29
1,<environment.Job instance at 0x7f9bd82e4be0>,27,15,[6 1],28,-1,45,-1,30
1,<environment.Job instance at 0x7f9bd82e43c0>,28,15,[10  2],29,-1,45,-1,30
1,<environment.Job instance at 0x7f9bd82e4cd0>,29,13,[4 7],30,-1,44,-1,31
1,<environment.Job instance at 0x7f9bd6d70d70>,21,26,[7 2],22,-1,57,-1,31
1,<environment.Job instance at 0x7f9bd7f29e10>,31,23,[5 9],32,-1,55,-1,32
1,<environment.Job instance at 0x7f9bd7f29190>,32,14,[5 2],33,-1,47,-1,33
1,<environment.Job instance at 0x7f9bd6b4efa0>,37,22,[2 9],38,-1,60,-1,38
1,<environment.Job instance at 0x7f9bd750c050>,40,13,[5 8],41,-1,54,-1,41
1,<environment.Job instance at 0x7f9bd811b0f0>,41,16,[5 2],42,-1,58,-1,42
1,<environment.Job instance at 0x7f9bd6e97f50>,43,15,[ 3 10],44,-1,59,-1,44
1,<environment.Job instance at 0x7f9bd6e97280>,47,16,[8 4],48,-1,64,-1,48
1,<environment.Job instance at 0x7f9bd71abfa0>,48,26,[2 5],49,-1,75,-1,49
1,<environment.Job instance at 0x7f9bd71ab320>,50,15,[10  5],51,-1,66,-1,51
1,<environment.Job instance at 0x7f9bd70ea370>,56,24,[2 9],57,-1,88,-1,64
1,<environment.Job instance at 0x7f9be0f83690>,59,20,[ 3 11],60,-1,95,-1,75
1,<environment.Job instance at 0x7f9be09b65a0>,25,3,[9 4],26,-1,78,-1,75
1,<environment.Job instance at 0x7f9bd7e810a0>,61,16,[8 4],62,-1,91,-1,75
1,<environment.Job instance at 0x7f9bd7ada500>,2,17,[ 5 14],3,-1,20,-1,3
1,<environment.Job instance at 0x7f9bd6fe0230>,13,15,[ 2 12],14,-1,31,-1,16
1,<environment.Job instance at 0x7f9bd831db90>,18,2,[13  1],19,-1,44,-1,42
1,<environment.Job instance at 0x7f9be09b60a0>,21,26,[7 2],22,-1,85,-1,59
1,<environment.Job instance at 0x7f9bd6ac15a0>,6,25,[8 1],7,-1,32,-1,7
1,<environment.Job instance at 0x7f9bd6ac16e0>,7,18,[ 1 10],8,-1,26,-1,8
1,<environment.Job instance at 0x7f9bd6b1ff50>,13,16,[9 5],14,-1,30,-1,14
1,<environment.Job instance at 0x7f9bd7126f50>,14,28,[7 4],15,-1,43,-1,15
1,<environment.Job instance at 0x7f9bd78fd9b0>,15,20,[7 2],16,-1,36,-1,16
1,<environment.Job instance at 0x7f9bd78fd6e0>,16,14,[10  3],17,-1,31,-1,17
1,<environment.Job instance at 0x7f9bd78fdbe0>,17,17,[5 6],18,-1,35,-1,18
1,<environment.Job instance at 0x7f9bd78fd460>,19,17,[5 2],20,-1,37,-1,20
1,<environment.Job instance at 0x7f9bd811c820>,21,17,[9 3],22,-1,39,-1,22
1,<environment.Job instance at 0x7f9be0b961e0>,23,15,[2 7],24,-1,39,-1,24
1,<environment.Job instance at 0x7f9bd78fd780>,24,19,[1 8],25,-1,44,-1,25
1,<environment.Job instance at 0x7f9bd794adc0>,26,17,[8 4],27,-1,44,-1,27
1,<environment.Job instance at 0x7f9bd82e1960>,30,13,[8 4],31,-1,44,-1,31
1,<environment.Job instance at 0x7f9bd82e17d0>,32,12,[7 3],33,-1,46,-1,34
1,<environment.Job instance at 0x7f9bd6ca2b90>,34,2,[6 5],35,-1,37,-1,35
1,<environment.Job instance at 0x7f9bd6b82690>,35,20,[5 5],36,-1,56,-1,36
1,<environment.Job instance at 0x7f9bd6b820a0>,36,18,[7 3],37,-1,55,-1,37
1,<environment.Job instance at 0x7f9bd6b864b0>,40,16,[ 2 10],41,-1,57,-1,41
1,<environment.Job instance at 0x7f9bd6ca2550>,33,20,[4 5],34,-1,62,-1,42
1,<environment.Job instance at 0x7f9bd6c869b0>,41,18,[3 9],42,-1,61,-1,43
1,<environment.Job instance at 0x7f9bd6b796e0>,49,15,[4 6],50,-1,65,-1,50
1,<environment.Job instance at 0x7f9bd6b7d550>,51,25,[1 6],52,-1,77,-1,52
1,<environment.Job instance at 0x7f9bd6b7d960>,53,26,[10  4],54,-1,80,-1,54
1,<environment.Job instance at 0x7f9bd6b7de60>,54,17,[5 5],55,-1,72,-1,55
1,<environment.Job instance at 0x7f9bd6b7dcd0>,55,24,[4 7],56,-1,80,-1,56
1,<environment.Job instance at 0x7f9bd6b7d5f0>,57,15,[1 8],58,-1,73,-1,58
1,<environment.Job instance at 0x7f9bd6ba9190>,59,15,[9 1],60,-1,75,-1,60
1,<environment.Job instance at 0x7f9bd6ba95a0>,60,12,[10  4],61,-1,73,-1,61
1,<environment.Job instance at 0x7f9bd6ba9550>,61,15,[10  4],62,-1,77,-1,62
1,<environment.Job instance at 0x7f9bd6ba9690>,66,14,[9 2],67,-1,82,-1,68
1,<environment.Job instance at 0x7f9bd6ba9960>,69,27,[ 3 10],70,-1,97,-1,70
1,<environment.Job instance at 0x7f9bd6ba9d70>,70,13,[3 7],71,-1,84,-1,71
1,<environment.Job instance at 0x7f9bd6ba9e60>,72,26,[9 1],73,-1,99,-1,73
1,<environment.Job instance at 0x7f9bd748c0a0>,74,21,[10  5],75,-1,97,-1,76
1,<environment.Job instance at 0x7f9bd748c320>,77,20,[10  2],78,-1,103,-1,83
1,<environment.Job instance at 0x7f9bd6ba9a00>,67,28,[7 2],68,-1,116,-1,88
1,<environment.Job instance at 0x7f9bd748ce10>,87,27,[9 4],88,-1,115,-1,88
1,<environment.Job instance at 0x7f9bd748cdc0>,86,14,[8 3],87,-1,102,-1,88
1,<environment.Job instance at 0x7f9bd7db0050>,6,25,[8 1],7,-1,42,-1,17
1,<environment.Job instance at 0x7f9bd73acbe0>,14,28,[7 4],15,-1,51,-1,23
1,<environment.Job instance at 0x7fc679c396e0>,0,18,[ 2 10],1,-1,20,-1,2
1,<environment.Job instance at 0x7fc6705efaf0>,3,18,[ 3 10],4,-1,22,-1,4
1,<environment.Job instance at 0x7fc6705efc80>,4,18,[10  4],5,-1,23,-1,5
1,<environment.Job instance at 0x7fc6705efb90>,5,13,[5 9],6,-1,19,-1,6
1,<environment.Job instance at 0x7fc6705efd20>,6,12,[11  4],7,-1,19,-1,7
1,<environment.Job instance at 0x7fc6705efe60>,8,17,[ 2 10],9,-1,26,-1,9
1,<environment.Job instance at 0x7fc6705eff50>,9,17,[ 4 10],10,-1,27,-1,10
1,<environment.Job instance at 0x7fc6705f4370>,13,13,[1 8],14,-1,27,-1,14
1,<environment.Job instance at 0x7fc6705f45f0>,16,12,[1 8],17,-1,29,-1,17
1,<environment.Job instance at 0x7fc6705f4550>,18,16,[8 5],19,-1,35,-1,19
1,<environment.Job instance at 0x7fc6705f48c0>,19,17,[12  3],20,-1,37,-1,20
1,<environment.Job instance at 0x7fc679c398c0>,1,15,[ 1 14],2,-1,36,-1,21
1,<environment.Job instance at 0x7fc6705f4eb0>,26,22,[2 9],27,-1,49,-1,27
1,<environment.Job instance at 0x7fc6705f6410>,31,17,[4 9],32,-1,49,-1,32
1,<environment.Job instance at 0x7fc6705f64b0>,32,17,[9 3],33,-1,53,-1,36
1,<environment.Job instance at 0x7fc6705f67d0>,37,14,[5 5],38,-1,52,-1,38
1,<environment.Job instance at 0x7fc6705f69b0>,39,18,[5 8],40,-1,58,-1,40
1,<environment.Job instance at 0x7fc6705f6be0>,41,14,[6 1],42,-1,56,-1,42
1,<environment.Job instance at 0x7fc6705f6dc0>,42,14,[8 4],43,-1,57,-1,43
1,<environment.Job instance at 0x7fc6705f6d20>,43,28,[6 4],44,-1,72,-1,44
1,<environment.Job instance at 0x7fc6705f6780>,35,16,[8 1],36,-1,60,-1,44
1,<environment.Job instance at 0x7fc6705f9960>,55,17,[4 7],56,-1,73,-1,56
1,<environment.Job instance at 0x7fc6705f9dc0>,56,18,[4 5],57,-1,75,-1,57
1,<environment.Job instance at 0x7fc6705f9cd0>,59,14,[ 2 10],60,-1,75,-1,61
1,<environment.Job instance at 0x7fc6705fb280>,62,20,[9 1],63,-1,83,-1,63
1,<environment.Job instance at 0x7fc6705fb460>,63,15,[1 5],64,-1,79,-1,64
1,<environment.Job instance at 0x7fc6705fb320>,64,12,[6 1],65,-1,77,-1,65
1,<environment.Job instance at 0x7fc6705fb500>,65,13,[3 5],66,-1,79,-1,66
1,<environment.Job instance at 0x7fc6705fb640>,67,26,[5 4],68,-1,94,-1,68
1,<environment.Job instance at 0x7fc6705fb7d0>,68,22,[5 6],69,-1,91,-1,69
1,<environment.Job instance at 0x7fc6705fb730>,69,13,[7 2],70,-1,83,-1,70
1,<environment.Job instance at 0x7fc6705fb8c0>,70,18,[5 5],71,-1,89,-1,71
1,<environment.Job instance at 0x7fc6705fba00>,72,14,[9 1],73,-1,87,-1,73
1,<environment.Job instance at 0x7fc6705fbaa0>,74,1,[6 2],75,-1,76,-1,75
1,<environment.Job instance at 0x7fc6705fbc80>,76,13,[1 5],77,-1,90,-1,77
1,<environment.Job instance at 0x7fc6705fbf50>,77,15,[4 7],78,-1,93,-1,78
1,<environment.Job instance at 0x7fc6705fb0a0>,60,24,[ 3 10],61,-1,102,-1,78
1,<environment.Job instance at 0x7fc6705ea460>,1,15,[ 1 14],2,-1,17,-1,2
1,<environment.Job instance at 0x7fc6705f95a0>,6,12,[11  4],7,-1,19,-1,7
1,<environment.Job instance at 0x7fc6705ff370>,19,17,[12  3],20,-1,67,-1,50
1,<environment.Job instance at 0x7fc6705efa00>,22,2,[12  3],23,-1,62,-1,60
1,<environment.Job instance at 0x7fc66fd3b190>,0,18,[7 5],1,-1,19,-1,1
1,<environment.Job instance at 0x7fc66fd38320>,3,17,[5 6],4,-1,21,-1,4
1,<environment.Job instance at 0x7fc66fd38960>,8,20,[5 7],9,-1,29,-1,9
1,<environment.Job instance at 0x7fc66fd38500>,10,20,[5 7],11,-1,31,-1,11
1,<environment.Job instance at 0x7fc66fd394b0>,15,14,[9 1],16,-1,31,-1,17
1,<environment.Job instance at 0x7fc66fd302d0>,19,16,[1 8],20,-1,36,-1,20
1,<environment.Job instance at 0x7fc66fd395f0>,21,18,[11  5],22,-1,40,-1,22
1,<environment.Job instance at 0x7fc66fbb81e0>,34,15,[10  5],35,-1,50,-1,35
1,<environment.Job instance at 0x7fc66feafd70>,2,27,[ 3 13],3,-1,30,-1,3
1,<environment.Job instance at 0x7fc66fe34fa0>,11,18,[ 3 13],12,-1,38,-1,20
1,<environment.Job instance at 0x7fc66fe34c30>,17,18,[ 3 12],18,-1,41,-1,23
1,<environment.Job instance at 0x7fc66fda3320>,21,18,[11  5],22,-1,47,-1,29
1,<environment.Job instance at 0x7fc66fda3b40>,22,14,[14  1],23,-1,43,-1,29
1,<environment.Job instance at 0x7fc66fdf4960>,35,15,[ 3 14],36,-1,84,-1,69
1,<environment.Job instance at 0x7fc66fe01280>,37,12,[14  5],38,-1,84,-1,72
1,<environment.Job instance at 0x7fc66fc84be0>,2,14,[9 2],3,-1,18,-1,4
1,<environment.Job instance at 0x7fc679da2140>,3,27,[5 3],4,-1,31,-1,4
1,<environment.Job instance at 0x7fc66fc84690>,4,17,[10  2],5,-1,23,-1,6
1,<environment.Job instance at 0x7fc66fc84140>,6,13,[5 1],7,-1,20,-1,7
1,<environment.Job instance at 0x7fc66fc84eb0>,5,17,[5 9],6,-1,24,-1,7
1,<environment.Job instance at 0x7fc66fc84d70>,8,22,[9 2],9,-1,33,-1,11
1,<environment.Job instance at 0x7fc66fc843c0>,10,17,[2 9],11,-1,28,-1,11
1,<environment.Job instance at 0x7fc66fc84190>,11,18,[ 5 11],12,-1,32,-1,14
1,<environment.Job instance at 0x7fc66fc845f0>,12,17,[10  4],13,-1,31,-1,14
1,<environment.Job instance at 0x7fc66fc84e60>,15,17,[8 1],16,-1,34,-1,17
1,<environment.Job instance at 0x7fc66fc849b0>,17,18,[ 1 10],18,-1,36,-1,18
1,<environment.Job instance at 0x7fc66fc84410>,18,28,[7 4],19,-1,47,-1,19
1,<environment.Job instance at 0x7fc66fbfad20>,23,15,[5 6],24,-1,39,-1,24
1,<environment.Job instance at 0x7fc66fbfa4b0>,24,28,[9 1],25,-1,53,-1,25
1,<environment.Job instance at 0x7fc66fbfa1e0>,25,17,[3 5],26,-1,43,-1,26
1,<environment.Job instance at 0x7fc66fbfa690>,26,15,[ 5 10],27,-1,42,-1,27
1,<environment.Job instance at 0x7fc66fbfaaf0>,30,15,[7 4],31,-1,46,-1,31
1,<environment.Job instance at 0x7fc66fbfaeb0>,32,16,[8 5],33,-1,49,-1,33
1,<environment.Job instance at 0x7fc66fbfa640>,34,14,[8 5],35,-1,49,-1,35
1,<environment.Job instance at 0x7fc66fbec780>,38,18,[3 8],39,-1,57,-1,39
1,<environment.Job instance at 0x7fc66fbecf00>,39,16,[9 4],40,-1,56,-1,40
1,<environment.Job instance at 0x7fc66fbecbe0>,40,28,[7 3],41,-1,69,-1,41
1,<environment.Job instance at 0x7fc66fbecaa0>,41,16,[7 4],42,-1,58,-1,42
1,<environment.Job instance at 0x7fc66fbec140>,43,18,[1 6],44,-1,62,-1,44
1,<environment.Job instance at 0x7fc66fbec5a0>,44,15,[9 5],45,-1,60,-1,45
1,<environment.Job instance at 0x7fc66fbecd70>,46,17,[2 6],47,-1,64,-1,47
1,<environment.Job instance at 0x7fc66fbee230>,47,16,[2 8],48,-1,64,-1,48
1,<environment.Job instance at 0x7fc66fbeecd0>,50,18,[8 5],51,-1,69,-1,51
1,<environment.Job instance at 0x7fc66fbeef50>,53,14,[3 5],54,-1,68,-1,54
1,<environment.Job instance at 0x7fc66fc84910>,16,16,[7 2],17,-1,70,-1,54
1,<environment.Job instance at 0x7fc66fbeee10>,54,17,[1 9],55,-1,72,-1,55
1,<environment.Job instance at 0x7fc66fc72640>,63,21,[9 5],64,-1,86,-1,65
1,<environment.Job instance at 0x7fc66fc72aa0>,72,17,[8 2],73,-1,91,-1,74
1,<environment.Job instance at 0x7fc66fc72780>,71,18,[ 5 14],72,-1,93,-1,75
1,<environment.Job instance at 0x7fc66fc72a50>,68,21,[5 1],69,-1,96,-1,75
1,<environment.Job instance at 0x7fc66fc72910>,73,18,[7 5],74,-1,93,-1,75
1,<environment.Job instance at 0x7fc671159d70>,1,2,[12  1],2,-1,4,-1,2
1,<environment.Job instance at 0x7fc6703ead70>,3,27,[5 3],4,-1,31,-1,4
1,<environment.Job instance at 0x7fc670eb23c0>,9,3,[ 4 12],10,-1,13,-1,10
1,<environment.Job instance at 0x7fc670db0960>,11,18,[ 5 11],12,-1,35,-1,17
1,<environment.Job instance at 0x7fc6703e8eb0>,18,28,[7 4],19,-1,75,-1,47
1,<environment.Job instance at 0x7fc66fd2f5f0>,24,28,[9 1],25,-1,92,-1,64
1,<environment.Job instance at 0x7fc66fcdee10>,28,16,[14  3],29,-1,86,-1,70
1,<environment.Job instance at 0x7fc6700f15f0>,0,17,[4 5],1,-1,18,-1,1
1,<environment.Job instance at 0x7fc6700f1320>,5,18,[9 5],6,-1,24,-1,6
1,<environment.Job instance at 0x7fc6700f1690>,7,17,[7 5],8,-1,25,-1,8
1,<environment.Job instance at 0x7fc6700f1190>,8,1,[12  5],9,-1,10,-1,9
1,<environment.Job instance at 0x7fc6700f1230>,10,14,[2 8],11,-1,26,-1,12
1,<environment.Job instance at 0x7fc6700f1fa0>,11,15,[10  3],12,-1,27,-1,12
1,<environment.Job instance at 0x7fc66fc0a690>,14,16,[8 3],15,-1,34,-1,18
1,<environment.Job instance at 0x7fc66fc0a320>,20,14,[ 3 10],21,-1,35,-1,21
1,<environment.Job instance at 0x7fc66fc0a7d0>,23,15,[7 4],24,-1,42,-1,27
1,<environment.Job instance at 0x7fc6700e71e0>,30,13,[ 4 10],31,-1,44,-1,31
1,<environment.Job instance at 0x7fc6700e7b90>,31,16,[2 8],32,-1,48,-1,32
1,<environment.Job instance at 0x7fc66fbe8550>,39,16,[1 7],40,-1,62,-1,46
1,<environment.Job instance at 0x7fc67000da00>,2,27,[ 2 13],3,-1,30,-1,3
1,<environment.Job instance at 0x7fc66fe8fa00>,8,1,[12  5],9,-1,10,-1,9
1,<environment.Job instance at 0x7fc67027e410>,21,18,[ 4 13],22,-1,68,-1,50
1,<environment.Job instance at 0x7fc6700f1460>,27,16,[ 5 13],28,-1,83,-1,67
1,<environment.Job instance at 0x7fc66fc0a410>,34,18,[13  2],35,-1,115,-1,97
1,<environment.Job instance at 0x7fc66fc09c30>,0,16,[1 9],1,-1,17,-1,1
1,<environment.Job instance at 0x7fc670402870>,2,17,[4 6],3,-1,20,-1,3
1,<environment.Job instance at 0x7fc670402910>,3,27,[7 5],4,-1,31,-1,4
1,<environment.Job instance at 0x7fc67112cb90>,9,17,[5 1],10,-1,27,-1,10
1,<environment.Job instance at 0x7fc670408690>,11,18,[5 7],12,-1,30,-1,12
1,<environment.Job instance at 0x7fc670408870>,12,13,[8 1],13,-1,27,-1,14
1,<environment.Job instance at 0x7fc670408b90>,15,25,[3 7],16,-1,41,-1,16
1,<environment.Job instance at 0x7fc670408500>,17,14,[10  3],18,-1,32,-1,18
1,<environment.Job instance at 0x7fc67040e190>,18,13,[8 2],19,-1,32,-1,19
1,<environment.Job instance at 0x7fc6704037d0>,22,13,[3 9],23,-1,36,-1,23
1,<environment.Job instance at 0x7fc670408af0>,25,16,[10  5],26,-1,42,-1,26
1,<environment.Job instance at 0x7fc66ff2ed20>,13,16,[3 5],14,-1,47,-1,31
1,<environment.Job instance at 0x7fc6703f5aa0>,30,17,[9 4],31,-1,52,-1,35
1,<environment.Job instance at 0x7fc66ffc92d0>,28,21,[9 5],29,-1,57,-1,36
1,<environment.Job instance at 0x7fc66ffc9050>,26,13,[8 4],27,-1,49,-1,36
1,<environment.Job instance at 0x7fc6700584b0>,37,16,[2 6],38,-1,54,-1,38
1,<environment.Job instance at 0x7fc6704047d0>,43,17,[1 8],44,-1,61,-1,44
1,<environment.Job instance at 0x7fc670404be0>,46,17,[9 1],47,-1,70,-1,53
1,<environment.Job instance at 0x7fc67006f050>,53,13,[9 5],54,-1,67,-1,54
1,<environment.Job instance at 0x7fc670024280>,35,15,[5 7],36,-1,69,-1,54
1,<environment.Job instance at 0x7fc6704045a0>,45,24,[3 9],46,-1,85,-1,61
1,<environment.Job instance at 0x7fc6700755a0>,60,13,[3 8],61,-1,74,-1,61
1,<environment.Job instance at 0x7fc670075690>,61,15,[14  1],62,-1,77,-1,62
1,<environment.Job instance at 0x7fc670075550>,62,27,[5 5],63,-1,90,-1,63
1,<environment.Job instance at 0x7fc67006f910>,54,15,[ 1 10],55,-1,80,-1,65
1,<environment.Job instance at 0x7fc670075820>,64,25,[1 7],65,-1,92,-1,67
1,<environment.Job instance at 0x7fc670075870>,66,15,[ 5 10],67,-1,83,-1,68
1,<environment.Job instance at 0x7fc670404a00>,49,16,[1 8],50,-1,93,-1,77
1,<environment.Job instance at 0x7fc670075fa0>,73,18,[4 8],74,-1,99,-1,81
1,<environment.Job instance at 0x7fc6700890f0>,74,17,[7 4],75,-1,98,-1,81
1,<environment.Job instance at 0x7fc670075910>,67,13,[6 5],68,-1,94,-1,81
1,<environment.Job instance at 0x7fc670042640>,39,16,[ 5 13],40,-1,97,-1,81
1,<environment.Job instance at 0x7fc670089280>,75,14,[7 3],76,-1,95,-1,81
1,<environment.Job instance at 0x7fc6700894b0>,78,12,[5 6],79,-1,93,-1,81
1,<environment.Job instance at 0x7fc6700898c0>,81,24,[4 8],82,-1,106,-1,82
1,<environment.Job instance at 0x7fc6700895a0>,80,1,[10  3],81,-1,84,-1,83
1,<environment.Job instance at 0x7fc670089c30>,85,19,[7 5],86,-1,105,-1,86
1,<environment.Job instance at 0x7fc670089190>,76,27,[5 8],77,-1,114,-1,87
1,<environment.Job instance at 0x7fc670089dc0>,86,14,[8 1],87,-1,102,-1,88
1,<environment.Job instance at 0x7fc670080140>,90,14,[ 4 10],91,-1,105,-1,91
1,<environment.Job instance at 0x7fc670075eb0>,71,14,[1 9],72,-1,108,-1,94
1,<environment.Job instance at 0x7fc670080050>,92,17,[2 5],93,-1,111,-1,94
1,<environment.Job instance at 0x7fc6700806e0>,96,18,[8 2],97,-1,115,-1,97
1,<environment.Job instance at 0x7fc670080820>,97,18,[6 2],98,-1,117,-1,99
1,<environment.Job instance at 0x7fc66fd94dc0>,4,13,[14  5],5,-1,18,-1,5
1,<environment.Job instance at 0x7fc66fd941e0>,3,27,[7 5],4,-1,44,-1,17
1,<environment.Job instance at 0x7fc67018ba50>,15,25,[3 7],16,-1,60,-1,35
1,<environment.Job instance at 0x7fc670188c80>,20,1,[ 4 12],21,-1,49,-1,48
1,<environment.Job instance at 0x7fc6701932d0>,24,12,[13  3],25,-1,76,-1,64
1,<environment.Job instance at 0x7fc679da5050>,29,3,[12  1],30,-1,81,-1,78
1,<environment.Job instance at 0x7fc670336730>,0,19,[2 7],1,-1,20,-1,1
1,<environment.Job instance at 0x7fc671128190>,7,23,[10  4],8,-1,31,-1,8
1,<environment.Job instance at 0x7fc671128c30>,11,17,[5 7],12,-1,29,-1,12
1,<environment.Job instance at 0x7fc671128af0>,12,12,[3 8],13,-1,26,-1,14
1,<environment.Job instance at 0x7fc671128aa0>,14,13,[1 9],15,-1,28,-1,15
1,<environment.Job instance at 0x7fc671128e10>,15,16,[4 5],16,-1,32,-1,16
1,<environment.Job instance at 0x7fc66ffb86e0>,19,17,[ 5 10],20,-1,37,-1,20
1,<environment.Job instance at 0x7fc66ffb82d0>,20,18,[4 6],21,-1,39,-1,21
1,<environment.Job instance at 0x7fc66ffb8780>,27,18,[1 7],28,-1,56,-1,38
1,<environment.Job instance at 0x7fc670069e60>,36,27,[4 5],37,-1,65,-1,38
1,<environment.Job instance at 0x7fc66ffb8f50>,28,19,[1 6],29,-1,62,-1,43
1,<environment.Job instance at 0x7fc670069dc0>,33,20,[5 7],34,-1,63,-1,43
1,<environment.Job instance at 0x7fc670069550>,38,15,[5 9],39,-1,58,-1,43
1,<environment.Job instance at 0x7fc66ffb8aa0>,29,27,[14  1],30,-1,76,-1,49
1,<environment.Job instance at 0x7fc6700699b0>,39,12,[9 1],40,-1,66,-1,54
1,<environment.Job instance at 0x7fc66ffb8730>,22,17,[ 2 12],23,-1,71,-1,54
1,<environment.Job instance at 0x7fc6700694b0>,43,18,[6 1],44,-1,72,-1,54
1,<environment.Job instance at 0x7fc670069370>,46,14,[10  4],47,-1,68,-1,54
1,<environment.Job instance at 0x7fc670069960>,44,12,[4 7],45,-1,66,-1,54
1,<environment.Job instance at 0x7fc6823fa9b0>,1,24,[1 9],2,-1,44,-1,20
1,<environment.Job instance at 0x7fc66fcdeb40>,7,23,[10  4],8,-1,44,-1,21
1,<environment.Job instance at 0x7fc670188aa0>,13,3,[ 5 13],14,-1,26,-1,23
1,<environment.Job instance at 0x7fc670188280>,16,17,[13  2],17,-1,43,-1,26
1,<environment.Job instance at 0x7fc670188230>,17,1,[11  4],18,-1,27,-1,26
1,<environment.Job instance at 0x7fc66ffb8820>,22,17,[ 2 12],23,-1,68,-1,51
1,<environment.Job instance at 0x7fc671128730>,25,24,[10  2],26,-1,89,-1,65
1,<environment.Job instance at 0x7fc670042910>,29,27,[14  1],30,-1,112,-1,85
1,<environment.Job instance at 0x7fc67001ec80>,32,2,[11  4],33,-1,87,-1,85
1,<environment.Job instance at 0x7fc67001eeb0>,35,12,[11  5],36,-1,111,-1,99
1,<environment.Job instance at 0x7fc67001e6e0>,36,27,[4 5],37,-1,126,-1,99
1,<environment.Job instance at 0x7fc670487050>,0,18,[8 1],1,-1,24,-1,6
1,<environment.Job instance at 0x7fc6702dbaf0>,6,18,[9 4],7,-1,25,-1,7
1,<environment.Job instance at 0x7fc6702db460>,7,17,[3 5],8,-1,25,-1,8
1,<environment.Job instance at 0x7fc6702db730>,8,17,[2 6],9,-1,26,-1,9
1,<environment.Job instance at 0x7fc6702b4460>,12,15,[10  1],13,-1,29,-1,14
1,<environment.Job instance at 0x7fc6702b6500>,14,24,[4 5],15,-1,39,-1,15
1,<environment.Job instance at 0x7fc6702b61e0>,15,13,[8 5],16,-1,29,-1,16
1,<environment.Job instance at 0x7fc6702b60a0>,16,13,[3 9],17,-1,30,-1,17
1,<environment.Job instance at 0x7fc66fbd7550>,18,16,[6 5],19,-1,35,-1,19
1,<environment.Job instance at 0x7fc6702bf550>,23,14,[4 8],24,-1,38,-1,24
1,<environment.Job instance at 0x7fc6702bf370>,24,16,[9 2],25,-1,41,-1,25
1,<environment.Job instance at 0x7fc67014b820>,26,15,[9 1],27,-1,42,-1,27
1,<environment.Job instance at 0x7fc66fbd3d70>,31,13,[6 5],32,-1,45,-1,32
1,<environment.Job instance at 0x7fc66fbd3b40>,32,13,[ 5 10],33,-1,46,-1,33
1,<environment.Job instance at 0x7fc66fbd3e60>,33,15,[6 1],34,-1,49,-1,34
1,<environment.Job instance at 0x7fc6702bcd70>,38,17,[7 2],39,-1,56,-1,39
1,<environment.Job instance at 0x7fc6711ff280>,39,16,[10  2],40,-1,56,-1,40
1,<environment.Job instance at 0x7fc67120b960>,40,15,[5 6],41,-1,56,-1,41
1,<environment.Job instance at 0x7fc6702b4320>,13,17,[5 3],14,-1,61,-1,44
1,<environment.Job instance at 0x7fc6711fa7d0>,45,12,[10  3],46,-1,58,-1,46
1,<environment.Job instance at 0x7fc6711fac80>,46,14,[5 4],47,-1,61,-1,47
1,<environment.Job instance at 0x7fc6711fa690>,47,15,[10  1],48,-1,63,-1,48
1,<environment.Job instance at 0x7fc6711faaf0>,49,23,[6 5],50,-1,73,-1,50
1,<environment.Job instance at 0x7fc6711fa730>,50,17,[2 6],51,-1,68,-1,51
1,<environment.Job instance at 0x7fc6711ed1e0>,59,21,[1 9],60,-1,81,-1,60
1,<environment.Job instance at 0x7fc6711ed370>,60,27,[6 4],61,-1,88,-1,61
1,<environment.Job instance at 0x7fc6711ed460>,62,15,[10  1],63,-1,79,-1,64
1,<environment.Job instance at 0x7fc6711ed550>,64,13,[1 8],65,-1,78,-1,65
1,<environment.Job instance at 0x7fc6711ed780>,66,14,[1 7],67,-1,81,-1,67
1,<environment.Job instance at 0x7fc6711ed820>,68,22,[7 5],69,-1,91,-1,69
1,<environment.Job instance at 0x7fc6711edb40>,69,16,[5 3],70,-1,86,-1,70
1,<environment.Job instance at 0x7fc6711eda00>,70,18,[ 5 10],71,-1,89,-1,71
1,<environment.Job instance at 0x7fc6711edc80>,72,24,[1 6],73,-1,97,-1,73
1,<environment.Job instance at 0x7fc6711ede60>,73,16,[8 5],74,-1,90,-1,74
1,<environment.Job instance at 0x7fc6711eda50>,74,16,[9 4],75,-1,91,-1,75
1,<environment.Job instance at 0x7fc6711ed5f0>,63,13,[7 5],64,-1,89,-1,76
1,<environment.Job instance at 0x7fc671200190>,76,15,[10  4],77,-1,94,-1,79
1,<environment.Job instance at 0x7fc671200230>,80,14,[1 8],81,-1,95,-1,81
1,<environment.Job instance at 0x7fc6712008c0>,85,2,[3 5],86,-1,88,-1,86
1,<environment.Job instance at 0x7fc671200af0>,86,12,[1 5],87,-1,99,-1,87
1,<environment.Job instance at 0x7fc671200be0>,88,14,[9 1],89,-1,103,-1,89
1,<environment.Job instance at 0x7fc671200dc0>,89,17,[1 9],90,-1,107,-1,90
1,<environment.Job instance at 0x7fc6712000a0>,78,17,[3 9],79,-1,109,-1,92
1,<environment.Job instance at 0x7fc66ff173c0>,97,27,[9 3],98,-1,125,-1,98
1,<environment.Job instance at 0x7fc66ff17550>,98,18,[6 5],99,-1,117,-1,99
1,<environment.Job instance at 0x7fc670466730>,11,13,[12  4],12,-1,32,-1,19
1,<environment.Job instance at 0x7fc670023640>,14,24,[4 5],15,-1,53,-1,29
1,<environment.Job instance at 0x7fc679791c80>,5,15,[ 1 10],6,-1,21,-1,6
1,<environment.Job instance at 0x7fc679791550>,8,24,[4 7],9,-1,33,-1,9
1,<environment.Job instance at 0x7fc679791410>,12,17,[9 4],13,-1,33,-1,16
1,<environment.Job instance at 0x7fc679791af0>,14,18,[ 4 11],15,-1,34,-1,16
1,<environment.Job instance at 0x7fc6797c8f00>,17,15,[4 6],18,-1,33,-1,18
1,<environment.Job instance at 0x7fc6797c80f0>,20,20,[4 6],21,-1,41,-1,21
1,<environment.Job instance at 0x7fc6797c8640>,23,14,[ 1 11],24,-1,39,-1,25
1,<environment.Job instance at 0x7fc6797c84b0>,25,16,[ 2 11],26,-1,42,-1,26
1,<environment.Job instance at 0x7fc6797c8fa0>,24,16,[4 5],25,-1,42,-1,26
1,<environment.Job instance at 0x7fc670218960>,32,17,[ 2 10],33,-1,50,-1,33
1,<environment.Job instance at 0x7fc670218eb0>,33,15,[5 5],34,-1,50,-1,35
1,<environment.Job instance at 0x7fc6702184b0>,36,13,[4 7],37,-1,50,-1,37
1,<environment.Job instance at 0x7fc670218820>,40,24,[10  4],41,-1,65,-1,41
1,<environment.Job instance at 0x7fc6702185a0>,38,20,[3 8],39,-1,65,-1,45
1,<environment.Job instance at 0x7fc670218640>,41,21,[4 7],42,-1,66,-1,45
1,<environment.Job instance at 0x7fc670218c30>,43,15,[4 9],44,-1,62,-1,47
1,<environment.Job instance at 0x7fc6709e45f0>,46,18,[6 3],47,-1,65,-1,47
1,<environment.Job instance at 0x7fc6709e4410>,49,19,[5 5],50,-1,69,-1,50
1,<environment.Job instance at 0x7fc6709e4d20>,50,15,[10  4],51,-1,66,-1,51
1,<environment.Job instance at 0x7fc6709e4aa0>,51,18,[4 8],52,-1,70,-1,52
1,<environment.Job instance at 0x7fc6709e4050>,52,15,[4 8],53,-1,69,-1,54
1,<environment.Job instance at 0x7fc6709e4140>,54,14,[3 8],55,-1,69,-1,55
1,<environment.Job instance at 0x7fc670218d20>,42,17,[ 2 11],43,-1,74,-1,57
1,<environment.Job instance at 0x7fc6709e4e10>,55,12,[10  1],56,-1,70,-1,58
1,<environment.Job instance at 0x7fc6709e4320>,58,18,[4 6],59,-1,77,-1,59
1,<environment.Job instance at 0x7fc670a67230>,61,12,[5 5],62,-1,74,-1,62
1,<environment.Job instance at 0x7fc670a67d20>,62,16,[3 8],63,-1,79,-1,63
1,<environment.Job instance at 0x7fc670a67eb0>,63,13,[7 4],64,-1,79,-1,66
1,<environment.Job instance at 0x7fc670a67d70>,66,18,[10  2],67,-1,85,-1,67
1,<environment.Job instance at 0x7fc670a67a00>,68,17,[9 5],69,-1,86,-1,69
1,<environment.Job instance at 0x7fc670a67f50>,69,16,[7 2],70,-1,87,-1,71
1,<environment.Job instance at 0x7fc670a674b0>,70,16,[ 3 10],71,-1,87,-1,71
1,<environment.Job instance at 0x7fc679791730>,15,16,[9 4],16,-1,88,-1,72
1,<environment.Job instance at 0x7fc670a672d0>,71,16,[5 7],72,-1,88,-1,72
1,<environment.Job instance at 0x7fc670a67cd0>,75,14,[4 6],76,-1,90,-1,76
1,<environment.Job instance at 0x7fc670036550>,84,13,[5 3],85,-1,99,-1,86
1,<environment.Job instance at 0x7fc670036e60>,86,14,[6 4],87,-1,101,-1,87
1,<environment.Job instance at 0x7fc679bd4c30>,88,17,[3 7],89,-1,106,-1,89
1,<environment.Job instance at 0x7fc670ec8500>,91,17,[2 7],92,-1,109,-1,92
1,<environment.Job instance at 0x7fc670ec81e0>,92,17,[6 4],93,-1,110,-1,93
1,<environment.Job instance at 0x7fc670ec8b40>,93,12,[7 4],94,-1,106,-1,94
1,<environment.Job instance at 0x7fc670a01aa0>,98,12,[ 4 10],99,-1,111,-1,99
1,<environment.Job instance at 0x7fc679807190>,6,12,[ 2 11],7,-1,19,-1,7
1,<environment.Job instance at 0x7fc6823fa9b0>,8,24,[4 7],9,-1,38,-1,14
1,<environment.Job instance at 0x7fc6701936e0>,14,18,[ 4 11],15,-1,38,-1,20
1,<environment.Job instance at 0x7fc670188e60>,19,3,[14  1],20,-1,37,-1,34
1,<environment.Job instance at 0x7fc670023690>,23,14,[ 1 11],24,-1,52,-1,38
1,<environment.Job instance at 0x7fc670023820>,25,16,[ 2 11],26,-1,56,-1,40
1,<environment.Job instance at 0x7fc670023410>,28,2,[13  3],29,-1,45,-1,43
1,<environment.Job instance at 0x7fc679a1b370>,40,24,[10  4],41,-1,116,-1,92
1,<environment.Job instance at 0x7fc6797c8cd0>,42,17,[ 2 11],43,-1,109,-1,92
1,<environment.Job instance at 0x7fc6702ffaf0>,44,1,[ 2 11],45,-1,93,-1,92
1,<environment.Job instance at 0x7fc66facbd20>,2,16,[ 3 10],3,-1,20,-1,4
1,<environment.Job instance at 0x7fc66facb8c0>,4,16,[5 5],5,-1,21,-1,5
1,<environment.Job instance at 0x7fc66facb460>,5,17,[ 3 10],6,-1,23,-1,6
1,<environment.Job instance at 0x7fc66facb4b0>,6,13,[3 9],7,-1,20,-1,7
1,<environment.Job instance at 0x7fc6700783c0>,3,18,[5 5],4,-1,25,-1,7
1,<environment.Job instance at 0x7fc66facb410>,9,18,[9 5],10,-1,28,-1,10
1,<environment.Job instance at 0x7fc66facb3c0>,10,19,[4 5],11,-1,30,-1,11
1,<environment.Job instance at 0x7fc66facb690>,12,13,[9 4],13,-1,27,-1,14
1,<environment.Job instance at 0x7fc66facbf00>,14,16,[2 7],15,-1,31,-1,15
1,<environment.Job instance at 0x7fc66facb870>,18,16,[8 3],19,-1,35,-1,19
1,<environment.Job instance at 0x7fc66facb730>,20,23,[9 4],21,-1,44,-1,21
1,<environment.Job instance at 0x7fc66facb0f0>,21,21,[8 2],22,-1,43,-1,22
1,<environment.Job instance at 0x7fc66f9e4640>,22,21,[5 7],23,-1,44,-1,23
1,<environment.Job instance at 0x7fc66f9e4780>,24,17,[9 2],25,-1,42,-1,25
1,<environment.Job instance at 0x7fc66f9e4fa0>,25,18,[5 5],26,-1,44,-1,26
1,<environment.Job instance at 0x7fc66f9e4dc0>,28,28,[10  4],29,-1,57,-1,29
1,<environment.Job instance at 0x7fc66f9e4e10>,29,14,[5 1],30,-1,44,-1,30
1,<environment.Job instance at 0x7fc66f9f1370>,32,18,[4 7],33,-1,51,-1,33
1,<environment.Job instance at 0x7fc66f9f1320>,33,18,[7 1],34,-1,52,-1,34
1,<environment.Job instance at 0x7fc66f9f11e0>,34,14,[9 1],35,-1,49,-1,35
1,<environment.Job instance at 0x7fc66f9f1aa0>,36,18,[8 3],37,-1,55,-1,37
1,<environment.Job instance at 0x7fc66f9f1eb0>,40,26,[4 9],41,-1,67,-1,41
1,<environment.Job instance at 0x7fc66f923c30>,45,18,[1 8],46,-1,64,-1,46
1,<environment.Job instance at 0x7fc66f923640>,47,23,[5 3],48,-1,71,-1,48
1,<environment.Job instance at 0x7fc66f923190>,48,16,[9 4],49,-1,65,-1,49
1,<environment.Job instance at 0x7fc66f923280>,49,15,[5 7],50,-1,65,-1,50
1,<environment.Job instance at 0x7fc66f923af0>,60,13,[11  2],61,-1,89,-1,76
1,<environment.Job instance at 0x7fc66f9c8780>,64,14,[5 3],65,-1,90,-1,76
1,<environment.Job instance at 0x7fc66f9c87d0>,62,14,[3 9],63,-1,90,-1,76
1,<environment.Job instance at 0x7fc6701b8640>,67,16,[ 3 12],68,-1,92,-1,76
1,<environment.Job instance at 0x7fc679842460>,68,15,[7 3],69,-1,91,-1,76
1,<environment.Job instance at 0x7fc679842550>,69,17,[9 2],70,-1,93,-1,76
1,<environment.Job instance at 0x7fc67048d5a0>,70,14,[10  1],71,-1,90,-1,76
1,<environment.Job instance at 0x7fc67048daf0>,71,3,[1 9],72,-1,80,-1,77
1,<environment.Job instance at 0x7fc67048d910>,73,22,[5 2],74,-1,100,-1,78
1,<environment.Job instance at 0x7fc67048dc80>,74,18,[5 6],75,-1,96,-1,78
1,<environment.Job instance at 0x7fc66f923a00>,59,18,[6 4],60,-1,96,-1,78
1,<environment.Job instance at 0x7fc67048d460>,75,17,[3 6],76,-1,95,-1,78
1,<environment.Job instance at 0x7fc67048d730>,77,13,[4 5],78,-1,92,-1,79
1,<environment.Job instance at 0x7fc66f9274b0>,78,12,[ 4 10],79,-1,93,-1,81
1,<environment.Job instance at 0x7fc670481c80>,80,16,[ 2 10],81,-1,98,-1,82
1,<environment.Job instance at 0x7fc66f9230a0>,51,18,[11  2],52,-1,100,-1,82
1,<environment.Job instance at 0x7fc6707f8500>,82,15,[5 9],83,-1,100,-1,85
1,<environment.Job instance at 0x7fc671147500>,85,18,[ 5 10],86,-1,104,-1,86
1,<environment.Job instance at 0x7fc671233640>,86,25,[6 3],87,-1,112,-1,87
1,<environment.Job instance at 0x7fc670bcc9b0>,84,14,[6 4],85,-1,104,-1,90
1,<environment.Job instance at 0x7fc6703b3b90>,97,18,[3 8],98,-1,117,-1,99
1,<environment.Job instance at 0x7fc66fdbb5a0>,20,23,[9 4],21,-1,92,-1,69
1,<environment.Job instance at 0x7fc67072a8c0>,28,28,[10  4],29,-1,115,-1,87
1,<environment.Job instance at 0x7fc670bd1b90>,1,18,[10  5],2,-1,20,-1,2
1,<environment.Job instance at 0x7fc670dd2be0>,5,18,[9 2],6,-1,26,-1,8
1,<environment.Job instance at 0x7fc670dd2730>,7,20,[1 8],8,-1,29,-1,9
1,<environment.Job instance at 0x7fc670dd2c80>,11,21,[4 9],12,-1,33,-1,12
1,<environment.Job instance at 0x7fc670dd2910>,13,16,[8 1],14,-1,32,-1,16
1,<environment.Job instance at 0x7fc670dd2870>,15,23,[8 4],16,-1,39,-1,16
1,<environment.Job instance at 0x7fc670dd2410>,17,20,[5 7],18,-1,38,-1,18
1,<environment.Job instance at 0x7fc670dd25a0>,18,16,[4 8],19,-1,35,-1,19
1,<environment.Job instance at 0x7fc670dd28c0>,20,15,[2 8],21,-1,36,-1,21
1,<environment.Job instance at 0x7fc67075da50>,25,16,[10  5],26,-1,42,-1,26
1,<environment.Job instance at 0x7fc67075d640>,27,16,[1 7],28,-1,44,-1,28
1,<environment.Job instance at 0x7fc67075d870>,29,18,[2 7],30,-1,48,-1,30
1,<environment.Job instance at 0x7fc67075db40>,33,16,[9 4],34,-1,51,-1,35
1,<environment.Job instance at 0x7fc670a36aa0>,40,24,[7 2],41,-1,65,-1,41
1,<environment.Job instance at 0x7fc670a362d0>,42,15,[ 2 10],43,-1,58,-1,43
1,<environment.Job instance at 0x7fc670a36960>,44,17,[8 1],45,-1,62,-1,45
1,<environment.Job instance at 0x7fc670a367d0>,46,19,[2 9],47,-1,66,-1,47
1,<environment.Job instance at 0x7fc670a36eb0>,48,20,[ 1 10],49,-1,69,-1,49
1,<environment.Job instance at 0x7fc670a36d70>,49,18,[2 7],50,-1,68,-1,50
1,<environment.Job instance at 0x7fc67092e410>,51,18,[3 8],52,-1,70,-1,52
1,<environment.Job instance at 0x7fc67092ea50>,54,15,[4 8],55,-1,70,-1,55
1,<environment.Job instance at 0x7fc67092ebe0>,56,16,[1 6],57,-1,73,-1,57
1,<environment.Job instance at 0x7fc67092e960>,57,15,[7 4],58,-1,73,-1,58
1,<environment.Job instance at 0x7fc67092eaa0>,59,17,[ 1 10],60,-1,77,-1,60
1,<environment.Job instance at 0x7fc67092e230>,61,28,[5 1],62,-1,90,-1,62
1,<environment.Job instance at 0x7fc67092e0a0>,65,15,[3 5],66,-1,90,-1,75
1,<environment.Job instance at 0x7fc671128d70>,73,23,[7 4],74,-1,98,-1,75
1,<environment.Job instance at 0x7fc671128050>,72,13,[9 1],73,-1,88,-1,75
1,<environment.Job instance at 0x7fc6711281e0>,75,12,[2 8],76,-1,88,-1,76
1,<environment.Job instance at 0x7fc671128aa0>,76,12,[9 5],77,-1,89,-1,77
1,<environment.Job instance at 0x7fc671128460>,77,17,[10  4],78,-1,95,-1,78
1,<environment.Job instance at 0x7fc6711287d0>,81,14,[9 4],82,-1,100,-1,86
1,<environment.Job instance at 0x7fc66fb12230>,3,1,[12  4],4,-1,5,-1,4
1,<environment.Job instance at 0x7fc670c02f50>,10,2,[ 2 12],11,-1,13,-1,11
1,<environment.Job instance at 0x7fc67056d4b0>,15,23,[8 4],16,-1,49,-1,26
1,<environment.Job instance at 0x7fc66fb03c80>,24,15,[11  1],25,-1,60,-1,45
1,<environment.Job instance at 0x7fc6707f8c30>,31,20,[ 5 13],32,-1,87,-1,67
1,<environment.Job instance at 0x7fc679782dc0>,40,24,[7 2],41,-1,121,-1,97
1,<environment.Job instance at 0x7fc6706ea7d0>,4,28,[4 5],5,-1,33,-1,5
1,<environment.Job instance at 0x7fc6706ea6e0>,6,17,[3 5],7,-1,24,-1,7
1,<environment.Job instance at 0x7fc6706ea730>,8,15,[5 8],9,-1,24,-1,9
1,<environment.Job instance at 0x7fc6706ea5a0>,11,25,[10  1],12,-1,40,-1,15
1,<environment.Job instance at 0x7fc670c07c80>,12,12,[10  4],13,-1,27,-1,15
1,<environment.Job instance at 0x7fc6706eabe0>,15,15,[8 1],16,-1,35,-1,20
1,<environment.Job instance at 0x7fc67061ea50>,21,15,[5 4],22,-1,42,-1,27
1,<environment.Job instance at 0x7fc67061ed70>,20,16,[7 5],21,-1,46,-1,30
1,<environment.Job instance at 0x7fc67061e3c0>,23,17,[5 9],24,-1,50,-1,33
1,<environment.Job instance at 0x7fc67061e5a0>,25,21,[9 3],26,-1,54,-1,33
1,<environment.Job instance at 0x7fc670e05320>,26,15,[3 5],27,-1,49,-1,34
1,<environment.Job instance at 0x7fc670e05d20>,27,25,[9 4],28,-1,59,-1,34
1,<environment.Job instance at 0x7fc6706ea4b0>,14,13,[ 5 10],15,-1,47,-1,34
1,<environment.Job instance at 0x7fc67061eaf0>,24,17,[2 5],25,-1,51,-1,34
1,<environment.Job instance at 0x7fc679b61640>,32,16,[9 4],33,-1,50,-1,34
1,<environment.Job instance at 0x7fc679b61f50>,33,12,[10  1],34,-1,46,-1,34
1,<environment.Job instance at 0x7fc6703bb1e0>,34,17,[1 9],35,-1,52,-1,35
1,<environment.Job instance at 0x7fc6703bbd70>,36,18,[8 1],37,-1,58,-1,40
1,<environment.Job instance at 0x7fc679b61550>,30,12,[10  1],31,-1,53,-1,41
1,<environment.Job instance at 0x7fc6703bb190>,39,28,[6 1],40,-1,69,-1,41
1,<environment.Job instance at 0x7fc670776690>,42,18,[ 2 12],43,-1,61,-1,43
1,<environment.Job instance at 0x7fc670e05050>,29,14,[5 4],30,-1,59,-1,45
1,<environment.Job instance at 0x7fc6703bb910>,40,3,[2 8],41,-1,48,-1,45
1,<environment.Job instance at 0x7fc670776870>,45,3,[7 5],46,-1,49,-1,46
1,<environment.Job instance at 0x7fc670776eb0>,46,17,[2 6],47,-1,64,-1,47
1,<environment.Job instance at 0x7fc670776140>,47,12,[2 8],48,-1,60,-1,48
1,<environment.Job instance at 0x7fc670776be0>,48,18,[5 3],49,-1,67,-1,49
1,<environment.Job instance at 0x7fc670776370>,49,12,[4 6],50,-1,62,-1,50
1,<environment.Job instance at 0x7fc6707760a0>,50,13,[2 6],51,-1,64,-1,51
1,<environment.Job instance at 0x7fc670776910>,51,13,[10  4],52,-1,65,-1,52
1,<environment.Job instance at 0x7fc66fc00f50>,52,15,[8 4],53,-1,68,-1,53
1,<environment.Job instance at 0x7fc66fc008c0>,53,24,[5 3],54,-1,78,-1,54
1,<environment.Job instance at 0x7fc66fc00550>,54,15,[5 6],55,-1,70,-1,55
1,<environment.Job instance at 0x7fc66fc007d0>,55,1,[5 9],56,-1,57,-1,56
1,<environment.Job instance at 0x7fc66fc000f0>,56,17,[2 5],57,-1,74,-1,57
1,<environment.Job instance at 0x7fc66fc00e60>,57,2,[11  4],58,-1,60,-1,58
1,<environment.Job instance at 0x7fc66fc006e0>,58,12,[9 3],59,-1,71,-1,59
1,<environment.Job instance at 0x7fc66fc00320>,59,13,[6 4],60,-1,73,-1,60
1,<environment.Job instance at 0x7fc670a9dc30>,60,3,[8 3],61,-1,64,-1,61
1,<environment.Job instance at 0x7fc670776320>,44,18,[5 5],45,-1,79,-1,61
1,<environment.Job instance at 0x7fc670776460>,61,28,[9 4],62,-1,90,-1,62
1,<environment.Job instance at 0x7fc670a9d9b0>,67,17,[1 9],68,-1,86,-1,69
1,<environment.Job instance at 0x7fc670a9d5f0>,69,18,[7 5],70,-1,88,-1,70
1,<environment.Job instance at 0x7fc670a9d780>,70,17,[10  1],71,-1,90,-1,73
1,<environment.Job instance at 0x7fc670a9dbe0>,74,17,[7 2],75,-1,92,-1,75
1,<environment.Job instance at 0x7fc670a9deb0>,76,21,[5 5],77,-1,98,-1,77
1,<environment.Job instance at 0x7fc670be3550>,83,15,[3 9],84,-1,99,-1,84
1,<environment.Job instance at 0x7fc670be3780>,80,12,[7 4],81,-1,100,-1,88
1,<environment.Job instance at 0x7fc670be3960>,84,16,[7 4],85,-1,104,-1,88
1,<environment.Job instance at 0x7fc670be3820>,88,17,[9 5],89,-1,107,-1,90
1,<environment.Job instance at 0x7fc670be39b0>,87,13,[14  4],88,-1,109,-1,96
1,<environment.Job instance at 0x7fc670be3dc0>,91,18,[4 7],92,-1,117,-1,99
1,<environment.Job instance at 0x7fc670724410>,4,28,[4 5],5,-1,33,-1,5
1,<environment.Job instance at 0x7fc66fb134b0>,7,2,[ 5 13],8,-1,10,-1,8
1,<environment.Job instance at 0x7fc6707240f0>,11,25,[10  1],12,-1,43,-1,18
1,<environment.Job instance at 0x7fc670707be0>,27,25,[9 4],28,-1,113,-1,88
1,<environment.Job instance at 0x7fc670129f50>,4,15,[10  2],5,-1,21,-1,6
1,<environment.Job instance at 0x7fc670129be0>,6,1,[5 5],7,-1,8,-1,7
1,<environment.Job instance at 0x7fc670129910>,7,15,[6 2],8,-1,23,-1,8
1,<environment.Job instance at 0x7fc6701290a0>,5,25,[1 6],6,-1,33,-1,8
1,<environment.Job instance at 0x7fc670129d70>,12,20,[ 5 10],13,-1,33,-1,13
1,<environment.Job instance at 0x7fc670f6a9b0>,15,24,[8 3],16,-1,40,-1,16
1,<environment.Job instance at 0x7fc670f6a5f0>,16,14,[6 4],17,-1,31,-1,17
1,<environment.Job instance at 0x7fc670f6a7d0>,17,12,[5 9],18,-1,30,-1,18
1,<environment.Job instance at 0x7fc6711fa550>,21,16,[3 9],22,-1,38,-1,22
1,<environment.Job instance at 0x7fc6711fad20>,25,17,[10  3],26,-1,43,-1,26
1,<environment.Job instance at 0x7fc6711fa4b0>,26,18,[6 4],27,-1,45,-1,27
1,<environment.Job instance at 0x7fc6711fa8c0>,27,24,[5 9],28,-1,52,-1,28
1,<environment.Job instance at 0x7fc6711fa870>,28,14,[6 4],29,-1,43,-1,29
1,<environment.Job instance at 0x7fc679dabe60>,32,14,[ 4 10],33,-1,47,-1,33
1,<environment.Job instance at 0x7fc679dabc30>,35,16,[7 3],36,-1,52,-1,36
1,<environment.Job instance at 0x7fc679dab730>,36,12,[8 4],37,-1,50,-1,38
1,<environment.Job instance at 0x7fc66fa47c30>,39,26,[2 6],40,-1,66,-1,40
1,<environment.Job instance at 0x7fc66fa47b90>,40,20,[9 3],41,-1,61,-1,41
1,<environment.Job instance at 0x7fc66fa47a50>,41,15,[8 4],42,-1,57,-1,42
1,<environment.Job instance at 0x7fc66fa47c80>,42,14,[9 2],43,-1,57,-1,43
1,<environment.Job instance at 0x7fc66fa47aa0>,43,16,[2 6],44,-1,60,-1,44
1,<environment.Job instance at 0x7fc66fa47320>,44,2,[6 1],45,-1,47,-1,45
1,<environment.Job instance at 0x7fc66fa477d0>,45,17,[5 3],46,-1,63,-1,46
1,<environment.Job instance at 0x7fc66fa475f0>,46,12,[2 7],47,-1,59,-1,47
1,<environment.Job instance at 0x7fc66fa47460>,48,26,[8 2],49,-1,75,-1,49
1,<environment.Job instance at 0x7fc66fa470a0>,50,13,[4 6],51,-1,64,-1,51
1,<environment.Job instance at 0x7fc66fa47eb0>,52,16,[9 2],53,-1,69,-1,53
1,<environment.Job instance at 0x7fc66fa47870>,53,18,[4 6],54,-1,72,-1,54
1,<environment.Job instance at 0x7fc66fa47410>,54,13,[2 8],55,-1,68,-1,55
1,<environment.Job instance at 0x7fc670f42320>,56,17,[3 7],57,-1,80,-1,63
1,<environment.Job instance at 0x7fc679dab190>,37,16,[1 8],38,-1,81,-1,65
1,<environment.Job instance at 0x7fc670f42a50>,64,27,[13  3],65,-1,92,-1,65
1,<environment.Job instance at 0x7fc670f42640>,63,14,[ 2 10],64,-1,79,-1,65
1,<environment.Job instance at 0x7fc67050cb90>,69,15,[3 9],70,-1,85,-1,70
1,<environment.Job instance at 0x7fc6705faa00>,73,16,[3 8],74,-1,93,-1,77
1,<environment.Job instance at 0x7fc6705f8960>,75,19,[1 5],76,-1,96,-1,77
1,<environment.Job instance at 0x7fc6711fa640>,31,28,[3 6],32,-1,107,-1,79
1,<environment.Job instance at 0x7fc670c9e0f0>,78,16,[3 8],79,-1,97,-1,81
1,<environment.Job instance at 0x7fc66fa46230>,82,17,[9 4],83,-1,101,-1,84
1,<environment.Job instance at 0x7fc679e078c0>,84,27,[6 1],85,-1,112,-1,85
1,<environment.Job instance at 0x7fc6705f80f0>,76,13,[5 7],77,-1,99,-1,86
1,<environment.Job instance at 0x7fc6704f8aa0>,80,18,[9 2],81,-1,104,-1,86
1,<environment.Job instance at 0x7fc66fe13b40>,86,17,[ 5 11],87,-1,105,-1,88
1,<environment.Job instance at 0x7fc670f423c0>,62,18,[7 4],63,-1,108,-1,90
1,<environment.Job instance at 0x7fc6703c4cd0>,89,16,[10  5],90,-1,106,-1,90
1,<environment.Job instance at 0x7fc67005daa0>,85,14,[4 8],86,-1,106,-1,92
1,<environment.Job instance at 0x7fc6703da5a0>,93,24,[10  2],94,-1,118,-1,94
1,<environment.Job instance at 0x7fc6703a1690>,3,2,[13  2],4,-1,6,-1,4
1,<environment.Job instance at 0x7fc67015e910>,5,25,[1 6],6,-1,42,-1,17
1,<environment.Job instance at 0x7fc66fce84b0>,10,27,[11  2],11,-1,44,-1,17
1,<environment.Job instance at 0x7fc670169d20>,15,24,[8 3],16,-1,44,-1,20
1,<environment.Job instance at 0x7fc67018bfa0>,27,24,[5 9],28,-1,97,-1,73
1,<environment.Job instance at 0x7fc67018ef50>,31,28,[3 6],32,-1,101,-1,73
1,<environment.Job instance at 0x7fc670339280>,39,26,[2 6],40,-1,120,-1,94
1,<environment.Job instance at 0x7fc670233cd0>,0,18,[6 4],1,-1,19,-1,1
1,<environment.Job instance at 0x7fc67023a2d0>,5,16,[7 3],6,-1,22,-1,6
1,<environment.Job instance at 0x7fc67023ae60>,7,13,[10  4],8,-1,22,-1,9
1,<environment.Job instance at 0x7fc67023a0f0>,9,13,[8 2],10,-1,23,-1,10
1,<environment.Job instance at 0x7fc67023a140>,10,13,[12  1],11,-1,24,-1,11
1,<environment.Job instance at 0x7fc67023af00>,11,16,[ 5 11],12,-1,28,-1,12
1,<environment.Job instance at 0x7fc67023a190>,12,16,[5 4],13,-1,29,-1,13
1,<environment.Job instance at 0x7fc67023a9b0>,8,13,[8 5],9,-1,26,-1,13
1,<environment.Job instance at 0x7fc670221eb0>,15,27,[4 5],16,-1,43,-1,16
1,<environment.Job instance at 0x7fc670221370>,17,18,[1 6],18,-1,36,-1,18
1,<environment.Job instance at 0x7fc6702212d0>,20,17,[9 2],21,-1,40,-1,23
1,<environment.Job instance at 0x7fc670221d20>,22,14,[7 3],23,-1,38,-1,24
1,<environment.Job instance at 0x7fc67072c230>,30,26,[6 4],31,-1,57,-1,31
1,<environment.Job instance at 0x7fc67072c190>,33,14,[ 4 10],34,-1,48,-1,34
1,<environment.Job instance at 0x7fc67072cf50>,36,16,[9 2],37,-1,53,-1,37
1,<environment.Job instance at 0x7fc670763500>,37,21,[9 4],38,-1,59,-1,38
1,<environment.Job instance at 0x7fc6707634b0>,38,21,[5 1],39,-1,61,-1,40
1,<environment.Job instance at 0x7fc670763780>,45,16,[4 9],46,-1,62,-1,46
1,<environment.Job instance at 0x7fc670763d70>,46,18,[5 5],47,-1,65,-1,47
1,<environment.Job instance at 0x7fc670e59fa0>,49,20,[5 9],50,-1,70,-1,50
1,<environment.Job instance at 0x7fc670e594b0>,50,17,[ 5 10],51,-1,68,-1,51
1,<environment.Job instance at 0x7fc670e595a0>,51,14,[10  1],52,-1,77,-1,63
1,<environment.Job instance at 0x7fc6701020a0>,63,12,[5 4],64,-1,76,-1,64
1,<environment.Job instance at 0x7fc670e59960>,52,18,[3 8],53,-1,84,-1,66
1,<environment.Job instance at 0x7fc670102370>,65,13,[9 1],66,-1,79,-1,66
1,<environment.Job instance at 0x7fc670102280>,67,15,[3 6],68,-1,83,-1,68
1,<environment.Job instance at 0x7fc6701024b0>,62,18,[3 7],63,-1,87,-1,69
1,<environment.Job instance at 0x7fc66fd14e10>,71,16,[11  2],72,-1,88,-1,72
1,<environment.Job instance at 0x7fc670102690>,68,14,[ 1 10],69,-1,88,-1,74
1,<environment.Job instance at 0x7fc66fd14af0>,76,13,[8 1],77,-1,90,-1,77
1,<environment.Job instance at 0x7fc6709490f0>,78,16,[10  3],79,-1,95,-1,79
1,<environment.Job instance at 0x7fc670949cd0>,79,28,[3 9],80,-1,108,-1,80
1,<environment.Job instance at 0x7fc670949f50>,82,23,[3 7],83,-1,107,-1,84
1,<environment.Job instance at 0x7fc670949870>,84,17,[2 7],85,-1,102,-1,85
1,<environment.Job instance at 0x7fc670949730>,85,14,[7 2],86,-1,105,-1,91
1,<environment.Job instance at 0x7fc670949190>,88,17,[6 5],89,-1,108,-1,91
1,<environment.Job instance at 0x7fc670949500>,89,18,[5 1],90,-1,109,-1,91
1,<environment.Job instance at 0x7fc66fd14cd0>,73,13,[5 6],74,-1,104,-1,91
1,<environment.Job instance at 0x7fc670949050>,90,16,[1 7],91,-1,108,-1,92
1,<environment.Job instance at 0x7fc6709490a0>,92,17,[6 4],93,-1,115,-1,98
1,<environment.Job instance at 0x7fc670961050>,97,16,[11  1],98,-1,114,-1,98
1,<environment.Job instance at 0x7fc670a36be0>,10,13,[12  1],11,-1,34,-1,21
1,<environment.Job instance at 0x7fc670a42280>,11,16,[ 5 11],12,-1,37,-1,21
1,<environment.Job instance at 0x7fc670c0da00>,15,27,[4 5],16,-1,57,-1,30
1,<environment.Job instance at 0x7fc66ff8b460>,16,1,[12  2],17,-1,31,-1,30
1,<environment.Job instance at 0x7fc670a6e050>,26,25,[7 3],27,-1,82,-1,57
1,<environment.Job instance at 0x7fc67108d0f0>,30,26,[6 4],31,-1,102,-1,76
1,<environment.Job instance at 0x7fc66fd26a00>,1,16,[5 5],2,-1,18,-1,2
1,<environment.Job instance at 0x7fc66fd26aa0>,2,18,[2 5],3,-1,21,-1,3
1,<environment.Job instance at 0x7fc66fd26c80>,4,14,[ 3 10],5,-1,20,-1,6
1,<environment.Job instance at 0x7fc670f44230>,5,1,[6 1],6,-1,11,-1,10
1,<environment.Job instance at 0x7fc679740370>,11,15,[5 2],12,-1,27,-1,12
1,<environment.Job instance at 0x7fc679740410>,15,16,[10  3],16,-1,36,-1,20
1,<environment.Job instance at 0x7fc679740cd0>,20,13,[10  1],21,-1,34,-1,21
1,<environment.Job instance at 0x7fc679740550>,19,17,[9 4],20,-1,38,-1,21
1,<environment.Job instance at 0x7fc6711fa960>,31,16,[4 6],32,-1,49,-1,33
1,<environment.Job instance at 0x7fc66feda0f0>,46,27,[2 9],47,-1,75,-1,48
1,<environment.Job instance at 0x7fc66f98ba50>,37,15,[10  4],38,-1,64,-1,49
1,<environment.Job instance at 0x7fc6711fa550>,29,13,[ 4 14],30,-1,62,-1,49
1,<environment.Job instance at 0x7fc66feda3c0>,48,18,[ 5 10],49,-1,67,-1,49
1,<environment.Job instance at 0x7fc66feda820>,49,18,[10  2],50,-1,69,-1,51
1,<environment.Job instance at 0x7fc66feda870>,53,14,[14  4],54,-1,71,-1,57
1,<environment.Job instance at 0x7fc66f98b910>,38,16,[ 5 10],39,-1,73,-1,57
1,<environment.Job instance at 0x7fc66feda190>,52,22,[8 1],53,-1,82,-1,60
1,<environment.Job instance at 0x7fc66feda640>,58,16,[9 1],59,-1,77,-1,61
1,<environment.Job instance at 0x7fc66feda050>,57,15,[ 5 12],58,-1,76,-1,61
1,<environment.Job instance at 0x7fc66fedac80>,61,27,[8 5],62,-1,89,-1,62
1,<environment.Job instance at 0x7fc6711e9500>,65,14,[1 7],66,-1,82,-1,68
1,<environment.Job instance at 0x7fc66fd155f0>,72,18,[10  5],73,-1,104,-1,86
1,<environment.Job instance at 0x7fc670f94be0>,7,16,[ 5 13],8,-1,24,-1,8
1,<environment.Job instance at 0x7fc67115ec30>,9,2,[13  4],10,-1,18,-1,16
1,<environment.Job instance at 0x7fc6797d0690>,13,20,[ 5 12],14,-1,38,-1,18
1,<environment.Job instance at 0x7fc66fc095a0>,14,2,[ 5 11],15,-1,20,-1,18
1,<environment.Job instance at 0x7fc66feeeeb0>,21,2,[ 5 11],22,-1,26,-1,24
1,<environment.Job instance at 0x7fc66f94caa0>,29,13,[ 4 14],30,-1,65,-1,52
1,<environment.Job instance at 0x7fc67083f780>,36,16,[13  1],37,-1,87,-1,71
1,<environment.Job instance at 0x7fc670dc1640>,4,17,[8 5],5,-1,23,-1,6
1,<environment.Job instance at 0x7fc670dc3730>,9,19,[2 5],10,-1,29,-1,10
1,<environment.Job instance at 0x7fc670f9d370>,14,18,[ 4 10],15,-1,33,-1,15
1,<environment.Job instance at 0x7fc670f9dfa0>,16,15,[ 3 10],17,-1,32,-1,17
1,<environment.Job instance at 0x7fc670f9d910>,23,18,[9 2],24,-1,45,-1,27
1,<environment.Job instance at 0x7fc670f9daa0>,26,16,[5 9],27,-1,43,-1,27
1,<environment.Job instance at 0x7fc6704a50a0>,31,17,[5 8],32,-1,50,-1,33
1,<environment.Job instance at 0x7fc670f9d4b0>,24,15,[6 2],25,-1,51,-1,36
1,<environment.Job instance at 0x7fc66fc565f0>,36,14,[4 7],37,-1,51,-1,37
1,<environment.Job instance at 0x7fc670fa9e60>,38,12,[10  3],39,-1,51,-1,39
1,<environment.Job instance at 0x7fc66f9f0190>,33,14,[3 6],34,-1,54,-1,40
1,<environment.Job instance at 0x7fc670fa9a50>,40,20,[ 4 10],41,-1,61,-1,41
1,<environment.Job instance at 0x7fc670fa9690>,43,14,[ 4 10],44,-1,59,-1,45
1,<environment.Job instance at 0x7fc670fa9aa0>,39,13,[10  4],40,-1,59,-1,46
1,<environment.Job instance at 0x7fc670bcb370>,28,24,[5 6],29,-1,70,-1,46
1,<environment.Job instance at 0x7fc66f9f1780>,34,16,[8 2],35,-1,66,-1,50
1,<environment.Job instance at 0x7fc670fa9230>,46,24,[4 5],47,-1,76,-1,52
1,<environment.Job instance at 0x7fc6704a12d0>,47,24,[4 8],48,-1,76,-1,52
1,<environment.Job instance at 0x7fc670d9ed20>,56,16,[4 9],57,-1,74,-1,58
1,<environment.Job instance at 0x7fc670f9d140>,21,12,[5 8],22,-1,95,-1,83
1,<environment.Job instance at 0x7fc6710a9a50>,68,13,[4 8],69,-1,96,-1,83
1,<environment.Job instance at 0x7fc670884e10>,74,14,[ 5 10],75,-1,97,-1,83
1,<environment.Job instance at 0x7fc671014780>,1,16,[ 5 12],2,-1,18,-1,2
1,<environment.Job instance at 0x7fc66f8e0550>,3,17,[13  5],4,-1,21,-1,4
1,<environment.Job instance at 0x7fc670025280>,15,2,[ 3 11],16,-1,23,-1,21
1,<environment.Job instance at 0x7fc66fa4aa00>,22,3,[ 4 11],23,-1,43,-1,40
1,<environment.Job instance at 0x7fc66ff34d20>,28,24,[5 6],29,-1,94,-1,70
1,<environment.Job instance at 0x7fc6703d4320>,30,3,[ 3 12],31,-1,73,-1,70
1,<environment.Job instance at 0x7fc670690f50>,32,14,[14  5],33,-1,86,-1,72
1,<environment.Job instance at 0x7fc66f902b40>,0,25,[6 2],1,-1,26,-1,1
1,<environment.Job instance at 0x7fc66f9028c0>,1,17,[9 4],2,-1,19,-1,2
1,<environment.Job instance at 0x7fc66f902640>,6,12,[9 1],7,-1,22,-1,10
1,<environment.Job instance at 0x7fc66f902550>,8,18,[10  4],9,-1,28,-1,10
1,<environment.Job instance at 0x7fc66f902870>,10,25,[5 5],11,-1,36,-1,11
1,<environment.Job instance at 0x7fc66f902730>,11,13,[9 3],12,-1,29,-1,16
1,<environment.Job instance at 0x7fc670970f00>,16,16,[ 1 10],17,-1,33,-1,17
1,<environment.Job instance at 0x7fc670970550>,19,15,[ 5 10],20,-1,35,-1,20
1,<environment.Job instance at 0x7fc670970230>,21,17,[ 2 10],22,-1,39,-1,22
1,<environment.Job instance at 0x7fc6709705a0>,22,16,[2 8],23,-1,39,-1,23
1,<environment.Job instance at 0x7fc670970a50>,23,12,[3 9],24,-1,36,-1,24
1,<environment.Job instance at 0x7fc670970be0>,25,18,[4 6],26,-1,44,-1,26
1,<environment.Job instance at 0x7fc6709702d0>,26,15,[5 9],27,-1,42,-1,27
1,<environment.Job instance at 0x7fc6709704b0>,29,17,[ 1 10],30,-1,47,-1,30
1,<environment.Job instance at 0x7fc670970870>,30,15,[8 4],31,-1,46,-1,31
1,<environment.Job instance at 0x7fc67003f2d0>,34,19,[ 5 10],35,-1,54,-1,35
1,<environment.Job instance at 0x7fc67003f730>,36,15,[3 9],37,-1,52,-1,37
1,<environment.Job instance at 0x7fc67003f4b0>,37,27,[8 5],38,-1,65,-1,38
1,<environment.Job instance at 0x7fc67003ff00>,40,13,[8 3],41,-1,54,-1,41
1,<environment.Job instance at 0x7fc67003f960>,47,12,[6 5],48,-1,65,-1,53
1,<environment.Job instance at 0x7fc670e42410>,50,20,[8 5],51,-1,93,-1,73
1,<environment.Job instance at 0x7fc670e42cd0>,60,18,[3 5],61,-1,92,-1,74
1,<environment.Job instance at 0x7fc670e42910>,56,2,[ 1 10],57,-1,76,-1,74
1,<environment.Job instance at 0x7fc670e42f00>,61,15,[3 7],62,-1,89,-1,74
1,<environment.Job instance at 0x7fc670e42b40>,51,12,[5 3],52,-1,86,-1,74
1,<environment.Job instance at 0x7fc66f9079b0>,65,1,[1 7],66,-1,75,-1,74
1,<environment.Job instance at 0x7fc670e42b90>,54,16,[5 8],55,-1,90,-1,74
1,<environment.Job instance at 0x7fc670e42820>,63,14,[6 2],64,-1,88,-1,74
1,<environment.Job instance at 0x7fc66f907190>,72,18,[4 8],73,-1,96,-1,78
1,<environment.Job instance at 0x7fc66f907050>,73,15,[ 2 10],74,-1,108,-1,93
1,<environment.Job instance at 0x7fc670787b90>,0,25,[6 2],1,-1,26,-1,1
1,<environment.Job instance at 0x7fc66f9025f0>,9,13,[ 1 11],10,-1,32,-1,19
1,<environment.Job instance at 0x7fc66f902960>,10,25,[5 5],11,-1,45,-1,20
1,<environment.Job instance at 0x7fc670970910>,13,3,[ 4 11],14,-1,24,-1,21
1,<environment.Job instance at 0x7fc671206a00>,28,16,[14  4],29,-1,86,-1,70
1,<environment.Job instance at 0x7fc670d56320>,2,17,[5 7],3,-1,20,-1,3
1,<environment.Job instance at 0x7fc670d56a00>,10,18,[9 3],11,-1,29,-1,11
1,<environment.Job instance at 0x7fc670d56af0>,11,17,[9 4],12,-1,29,-1,12
1,<environment.Job instance at 0x7fc670d56f50>,16,17,[4 8],17,-1,34,-1,17
1,<environment.Job instance at 0x7fc670d620f0>,18,16,[8 4],19,-1,35,-1,19
1,<environment.Job instance at 0x7fc670d62230>,19,17,[5 6],20,-1,37,-1,20
1,<environment.Job instance at 0x7fc670d62370>,21,3,[6 5],22,-1,25,-1,22
1,<environment.Job instance at 0x7fc670d625f0>,24,13,[10  1],25,-1,38,-1,25
1,<environment.Job instance at 0x7fc670d626e0>,26,15,[4 6],27,-1,42,-1,27
1,<environment.Job instance at 0x7fc670d62960>,27,13,[7 1],28,-1,41,-1,28
1,<environment.Job instance at 0x7fc670d62be0>,30,12,[3 8],31,-1,44,-1,32
1,<environment.Job instance at 0x7fc670d62d70>,31,18,[7 1],32,-1,50,-1,32
1,<environment.Job instance at 0x7fc670d62d20>,32,15,[6 2],33,-1,49,-1,34
1,<environment.Job instance at 0x7fc670d62f50>,35,16,[3 5],36,-1,52,-1,36
1,<environment.Job instance at 0x7fc670a004b0>,39,14,[7 3],40,-1,54,-1,40
1,<environment.Job instance at 0x7fc670a005f0>,40,14,[8 2],41,-1,55,-1,41
1,<environment.Job instance at 0x7fc670a00500>,41,26,[7 2],42,-1,68,-1,42
1,<environment.Job instance at 0x7fc670a00690>,42,17,[1 5],43,-1,60,-1,43
1,<environment.Job instance at 0x7fc670a007d0>,44,18,[4 8],45,-1,63,-1,45
1,<environment.Job instance at 0x7fc670d62f00>,33,15,[ 2 12],34,-1,66,-1,51
1,<environment.Job instance at 0x7fc670a00dc0>,51,23,[5 9],52,-1,75,-1,52
1,<environment.Job instance at 0x7fc66ff2df00>,57,22,[2 9],58,-1,80,-1,58
1,<environment.Job instance at 0x7fc6709fa280>,54,1,[ 2 10],55,-1,62,-1,61
1,<environment.Job instance at 0x7fc670d7a3c0>,61,16,[5 2],62,-1,78,-1,62
1,<environment.Job instance at 0x7fc670d7a050>,62,2,[5 4],63,-1,67,-1,65
1,<environment.Job instance at 0x7fc66f8dab40>,63,15,[ 3 10],64,-1,80,-1,65
1,<environment.Job instance at 0x7fc670a00be0>,49,13,[4 7],50,-1,78,-1,65
1,<environment.Job instance at 0x7fc670b429b0>,65,14,[7 5],66,-1,80,-1,66
1,<environment.Job instance at 0x7fc670995050>,66,20,[8 2],67,-1,87,-1,67
1,<environment.Job instance at 0x7fc670d7a0a0>,60,13,[5 8],61,-1,80,-1,67
1,<environment.Job instance at 0x7fc6709a3780>,68,26,[2 5],69,-1,95,-1,69
1,<environment.Job instance at 0x7fc67097ab90>,67,16,[8 4],68,-1,85,-1,69
1,<environment.Job instance at 0x7fc66f8db8c0>,70,15,[10  5],71,-1,86,-1,71
1,<environment.Job instance at 0x7fc670df72d0>,75,2,[8 4],76,-1,82,-1,80
1,<environment.Job instance at 0x7fc67099d7d0>,77,12,[ 2 12],78,-1,98,-1,86
1,<environment.Job instance at 0x7fc67099dcd0>,78,14,[13  4],79,-1,103,-1,89
1,<environment.Job instance at 0x7fc6709784b0>,79,20,[ 3 11],80,-1,109,-1,89
1,<environment.Job instance at 0x7fc6709a55a0>,81,16,[8 4],82,-1,108,-1,92
1,<environment.Job instance at 0x7fc670dfd4b0>,87,16,[8 4],88,-1,111,-1,95
1,<environment.Job instance at 0x7fc670dfdb90>,85,15,[9 1],86,-1,113,-1,98
1,<environment.Job instance at 0x7fc670a00b90>,47,15,[6 1],48,-1,113,-1,98
1,<environment.Job instance at 0x7fc670dfdd70>,90,15,[1 8],91,-1,113,-1,98
1,<environment.Job instance at 0x7fc670dfd910>,89,2,[2 6],90,-1,100,-1,98
1,<environment.Job instance at 0x7fc670dfdc80>,93,13,[10  3],94,-1,111,-1,98
1,<environment.Job instance at 0x7fc670dfd500>,94,14,[5 3],95,-1,112,-1,98
1,<environment.Job instance at 0x7fc670dfd2d0>,97,14,[4 7],98,-1,112,-1,98
1,<environment.Job instance at 0x7fc67004daa0>,6,1,[11  3],7,-1,8,-1,7
1,<environment.Job instance at 0x7fc6705b1d20>,13,14,[14  1],14,-1,36,-1,22
1,<environment.Job instance at 0x7fc6703ab7d0>,22,17,[ 5 14],23,-1,77,-1,60
1,<environment.Job instance at 0x7fc66ff3f1e0>,33,15,[ 2 12],34,-1,107,-1,92
1,<environment.Job instance at 0x7fc6705fc7d0>,0,12,[9 4],1,-1,14,-1,2
1,<environment.Job instance at 0x7fc6706aa5a0>,2,14,[3 7],3,-1,17,-1,3
1,<environment.Job instance at 0x7fc6706aaf00>,3,16,[ 5 10],4,-1,20,-1,4
1,<environment.Job instance at 0x7fc6706aa500>,4,17,[3 5],5,-1,22,-1,5
1,<environment.Job instance at 0x7fc6706aacd0>,5,15,[ 1 10],6,-1,21,-1,6
1,<environment.Job instance at 0x7fc6706aabe0>,6,13,[ 5 11],7,-1,20,-1,7
1,<environment.Job instance at 0x7fc6706aaeb0>,8,1,[10  1],9,-1,10,-1,9
1,<environment.Job instance at 0x7fc6710aaa00>,1,23,[1 8],2,-1,32,-1,9
1,<environment.Job instance at 0x7fc67000ae10>,13,13,[6 5],14,-1,27,-1,14
1,<environment.Job instance at 0x7fc67000ac30>,16,25,[8 1],17,-1,42,-1,17
1,<environment.Job instance at 0x7fc67000a640>,17,18,[ 1 10],18,-1,36,-1,18
1,<environment.Job instance at 0x7fc67000aaf0>,23,16,[9 5],24,-1,40,-1,24
1,<environment.Job instance at 0x7fc67000a370>,24,28,[7 4],25,-1,53,-1,25
1,<environment.Job instance at 0x7fc67000a6e0>,25,20,[7 2],26,-1,47,-1,27
1,<environment.Job instance at 0x7fc670891b90>,27,17,[5 6],28,-1,45,-1,28
1,<environment.Job instance at 0x7fc67000a410>,26,14,[10  3],27,-1,43,-1,29
1,<environment.Job instance at 0x7fc67000a5f0>,29,17,[5 2],30,-1,47,-1,30
1,<environment.Job instance at 0x7fc6708917d0>,31,17,[9 3],32,-1,49,-1,32
1,<environment.Job instance at 0x7fc670891460>,33,15,[2 7],34,-1,49,-1,34
1,<environment.Job instance at 0x7fc66fac66e0>,34,19,[1 8],35,-1,54,-1,35
1,<environment.Job instance at 0x7fc66fac6a50>,36,17,[8 4],37,-1,54,-1,37
1,<environment.Job instance at 0x7fc66fac6730>,40,13,[8 4],41,-1,54,-1,41
1,<environment.Job instance at 0x7fc66fac6780>,42,12,[7 3],43,-1,55,-1,43
1,<environment.Job instance at 0x7fc66fac6280>,43,20,[4 5],44,-1,64,-1,44
1,<environment.Job instance at 0x7fc66fac6820>,45,20,[5 5],46,-1,66,-1,46
1,<environment.Job instance at 0x7fc66fac6190>,46,18,[7 3],47,-1,65,-1,47
1,<environment.Job instance at 0x7fc6702000f0>,50,16,[ 2 10],51,-1,68,-1,52
1,<environment.Job instance at 0x7fc670200050>,52,15,[5 5],53,-1,68,-1,53
1,<environment.Job instance at 0x7fc670200eb0>,53,15,[1 5],54,-1,69,-1,54
1,<environment.Job instance at 0x7fc670200b40>,58,13,[8 5],59,-1,72,-1,59
1,<environment.Job instance at 0x7fc66ff668c0>,59,15,[4 6],60,-1,75,-1,60
1,<environment.Job instance at 0x7fc66ff66320>,61,25,[1 6],62,-1,87,-1,62
1,<environment.Job instance at 0x7fc66ff66550>,65,24,[4 7],66,-1,90,-1,66
1,<environment.Job instance at 0x7fc66ff660a0>,67,15,[1 8],68,-1,83,-1,68
1,<environment.Job instance at 0x7fc670f949b0>,69,15,[9 1],70,-1,85,-1,70
1,<environment.Job instance at 0x7fc670200960>,51,18,[3 9],52,-1,96,-1,78
1,<environment.Job instance at 0x7fc670f94fa0>,79,27,[ 3 10],80,-1,107,-1,80
1,<environment.Job instance at 0x7fc66ffcea50>,82,26,[9 1],83,-1,110,-1,84
1,<environment.Job instance at 0x7fc66ffcea00>,84,21,[10  5],85,-1,106,-1,85
1,<environment.Job instance at 0x7fc66ffcedc0>,85,17,[9 3],86,-1,103,-1,86
1,<environment.Job instance at 0x7fc66ffce910>,87,20,[10  2],88,-1,108,-1,88
1,<environment.Job instance at 0x7fc670f948c0>,74,13,[ 5 11],75,-1,102,-1,89
1,<environment.Job instance at 0x7fc66ffce2d0>,88,14,[1 9],89,-1,103,-1,89
1,<environment.Job instance at 0x7fc66ffce690>,91,13,[7 4],92,-1,109,-1,96
1,<environment.Job instance at 0x7fc670f94d70>,71,15,[10  4],72,-1,113,-1,98
1,<environment.Job instance at 0x7fc6707e1fa0>,96,14,[8 3],97,-1,112,-1,98
1,<environment.Job instance at 0x7fc6707e1cd0>,98,3,[6 2],99,-1,102,-1,99
1,<environment.Job instance at 0x7fc670d5beb0>,1,23,[1 8],2,-1,25,-1,2
1,<environment.Job instance at 0x7fc670d62820>,6,13,[ 5 11],7,-1,20,-1,7
1,<environment.Job instance at 0x7fc670779050>,16,25,[8 1],17,-1,58,-1,33
1,<environment.Job instance at 0x7fc671206550>,24,28,[7 4],25,-1,83,-1,55
1,<environment.Job instance at 0x7fc66fb8a5a0>,2,18,[2 5],3,-1,21,-1,3
1,<environment.Job instance at 0x7fc67096dc30>,4,15,[10  1],5,-1,21,-1,6
1,<environment.Job instance at 0x7fc66fb8a050>,6,14,[2 6],7,-1,21,-1,7
1,<environment.Job instance at 0x7fc66feca5f0>,7,15,[6 2],8,-1,23,-1,8
1,<environment.Job instance at 0x7fc66f892050>,5,15,[8 4],6,-1,23,-1,8
1,<environment.Job instance at 0x7fc66feca410>,10,16,[1 6],11,-1,28,-1,12
1,<environment.Job instance at 0x7fc66fecaeb0>,12,15,[10  3],13,-1,30,-1,15
1,<environment.Job instance at 0x7fc66f901e10>,14,18,[9 3],15,-1,33,-1,15
1,<environment.Job instance at 0x7fc66f992690>,15,16,[3 8],16,-1,33,-1,17
1,<environment.Job instance at 0x7fc66fa87fa0>,27,17,[ 5 10],28,-1,47,-1,30
1,<environment.Job instance at 0x7fc670e420f0>,24,14,[5 6],25,-1,44,-1,30
1,<environment.Job instance at 0x7fc66fb95be0>,30,15,[3 7],31,-1,46,-1,31
1,<environment.Job instance at 0x7fc66fa87640>,29,23,[5 7],30,-1,57,-1,34
1,<environment.Job instance at 0x7fc66f832780>,37,19,[ 2 10],38,-1,71,-1,52
1,<environment.Job instance at 0x7fc66fb81cd0>,41,18,[9 3],42,-1,70,-1,52
1,<environment.Job instance at 0x7fc66f907c30>,8,17,[13  5],9,-1,33,-1,16
1,<environment.Job instance at 0x7fc670d7e140>,22,13,[13  5],23,-1,79,-1,66
1,<environment.Job instance at 0x7fc66f97b730>,25,2,[ 2 12],26,-1,80,-1,78
1,<environment.Job instance at 0x7fc66ffce3c0>,29,23,[5 7],30,-1,106,-1,83
1,<environment.Job instance at 0x7fc66f8f0910>,0,16,[5 9],1,-1,17,-1,1
1,<environment.Job instance at 0x7fc67014b140>,2,14,[10  5],3,-1,19,-1,5
1,<environment.Job instance at 0x7fc679c63690>,6,18,[1 8],7,-1,25,-1,7
1,<environment.Job instance at 0x7fc679c630a0>,7,27,[4 8],8,-1,35,-1,8
1,<environment.Job instance at 0x7fc679cde820>,23,2,[2 7],24,-1,27,-1,25
1,<environment.Job instance at 0x7fc67980b8c0>,8,20,[ 4 13],9,-1,45,-1,25
1,<environment.Job instance at 0x7fc6707d8460>,24,1,[1 7],25,-1,27,-1,26
1,<environment.Job instance at 0x7fc679cdefa0>,22,15,[9 5],23,-1,42,-1,27
1,<environment.Job instance at 0x7fc679b2f2d0>,26,18,[4 9],27,-1,47,-1,29
1,<environment.Job instance at 0x7fc679cde230>,25,3,[3 6],26,-1,34,-1,31
1,<environment.Job instance at 0x7fc6711e8c80>,18,18,[6 4],19,-1,49,-1,31
1,<environment.Job instance at 0x7fc670d28780>,32,16,[8 1],33,-1,49,-1,33
1,<environment.Job instance at 0x7fc66ff96460>,33,18,[ 5 13],34,-1,52,-1,34
1,<environment.Job instance at 0x7fc66ff8b6e0>,10,15,[8 5],11,-1,52,-1,37
1,<environment.Job instance at 0x7fc670285370>,29,13,[9 3],30,-1,51,-1,38
1,<environment.Job instance at 0x7fc67027a5f0>,39,17,[3 5],40,-1,57,-1,40
1,<environment.Job instance at 0x7fc670285c30>,30,12,[2 6],31,-1,53,-1,41
1,<environment.Job instance at 0x7fc67027a5a0>,40,17,[5 8],41,-1,58,-1,41
1,<environment.Job instance at 0x7fc670290e60>,41,14,[7 5],42,-1,56,-1,42
1,<environment.Job instance at 0x7fc670d359b0>,44,18,[6 5],45,-1,63,-1,45
1,<environment.Job instance at 0x7fc670294f50>,47,13,[6 1],48,-1,61,-1,48
1,<environment.Job instance at 0x7fc67025e190>,49,16,[5 5],50,-1,66,-1,50
1,<environment.Job instance at 0x7fc67025e960>,52,17,[3 5],53,-1,70,-1,53
1,<environment.Job instance at 0x7fc670d13820>,36,16,[2 7],37,-1,70,-1,54
1,<environment.Job instance at 0x7fc67025ecd0>,55,18,[4 9],56,-1,74,-1,56
1,<environment.Job instance at 0x7fc67029a8c0>,58,18,[6 5],59,-1,77,-1,59
1,<environment.Job instance at 0x7fc67029ae60>,63,18,[6 1],64,-1,82,-1,64
1,<environment.Job instance at 0x7fc67029ac30>,64,16,[1 6],65,-1,81,-1,65
1,<environment.Job instance at 0x7fc6709ad0a0>,66,21,[10  4],67,-1,88,-1,67
1,<environment.Job instance at 0x7fc67029ad70>,65,16,[10  1],66,-1,84,-1,68
1,<environment.Job instance at 0x7fc6709ad140>,68,14,[5 5],69,-1,83,-1,69
1,<environment.Job instance at 0x7fc6709ad820>,73,15,[8 2],74,-1,90,-1,75
1,<environment.Job instance at 0x7fc6709ad9b0>,75,23,[7 3],76,-1,99,-1,76
1,<environment.Job instance at 0x7fc6709ad910>,77,20,[8 3],78,-1,98,-1,78
1,<environment.Job instance at 0x7fc6709adbe0>,79,22,[9 1],80,-1,104,-1,82
1,<environment.Job instance at 0x7fc67099e280>,82,18,[ 3 13],83,-1,101,-1,83
1,<environment.Job instance at 0x7fc67099e190>,84,12,[ 1 10],85,-1,97,-1,85
1,<environment.Job instance at 0x7fc67099e370>,86,12,[1 9],87,-1,99,-1,87
1,<environment.Job instance at 0x7fc67099e4b0>,88,18,[5 9],89,-1,107,-1,89
1,<environment.Job instance at 0x7fc67099e820>,89,16,[8 4],90,-1,106,-1,90
1,<environment.Job instance at 0x7fc67099ea50>,92,16,[4 7],93,-1,109,-1,93
1,<environment.Job instance at 0x7fc67099ebe0>,93,16,[5 9],94,-1,110,-1,94
1,<environment.Job instance at 0x7fc671180140>,1,18,[14  2],2,-1,20,-1,2
1,<environment.Job instance at 0x7fc671180460>,5,15,[12  5],6,-1,21,-1,6
1,<environment.Job instance at 0x7fc671180370>,8,20,[ 4 13],9,-1,29,-1,9
1,<environment.Job instance at 0x7fc671180500>,7,27,[4 8],8,-1,44,-1,17
1,<environment.Job instance at 0x7fc670540820>,33,18,[ 5 13],34,-1,103,-1,85
1,<environment.Job instance at 0x7fe5160df6e0>,0,18,[ 2 10],1,-1,20,-1,2
1,<environment.Job instance at 0x7fe50ca95af0>,3,18,[ 3 10],4,-1,22,-1,4
1,<environment.Job instance at 0x7fe50ca95c80>,4,18,[10  4],5,-1,23,-1,5
1,<environment.Job instance at 0x7fe50ca95b90>,5,13,[5 9],6,-1,19,-1,6
1,<environment.Job instance at 0x7fe50ca95d20>,6,12,[11  4],7,-1,19,-1,7
1,<environment.Job instance at 0x7fe50ca95e60>,8,17,[ 2 10],9,-1,26,-1,9
1,<environment.Job instance at 0x7fe50ca95f50>,9,17,[ 4 10],10,-1,27,-1,10
1,<environment.Job instance at 0x7fe50ca9a640>,16,12,[1 8],17,-1,29,-1,17
1,<environment.Job instance at 0x7fe50ca9a190>,18,16,[8 5],19,-1,35,-1,19
1,<environment.Job instance at 0x7fe50ca9ac30>,23,18,[5 2],24,-1,42,-1,24
1,<environment.Job instance at 0x7fe50ca9af50>,26,22,[2 9],27,-1,52,-1,30
1,<environment.Job instance at 0x7fe50ca9c0f0>,31,17,[4 9],32,-1,49,-1,32
1,<environment.Job instance at 0x7fe50ca9c550>,32,17,[9 3],33,-1,51,-1,34
1,<environment.Job instance at 0x7fe50ca9f1e0>,44,17,[ 5 12],45,-1,62,-1,45
1,<environment.Job instance at 0x7fe50ca9cc30>,39,18,[5 8],40,-1,75,-1,57
1,<environment.Job instance at 0x7fe5160df8c0>,1,15,[ 1 14],2,-1,72,-1,57
1,<environment.Job instance at 0x7fe50ca9f050>,48,13,[6 1],49,-1,70,-1,57
1,<environment.Job instance at 0x7fe50ca9ce60>,43,28,[6 4],44,-1,85,-1,57
1,<environment.Job instance at 0x7fe50ca9f6e0>,49,2,[1 9],50,-1,59,-1,57
1,<environment.Job instance at 0x7fe50ca9f820>,51,2,[4 9],52,-1,59,-1,57
1,<environment.Job instance at 0x7fe50ca9f8c0>,52,3,[ 3 11],53,-1,60,-1,57
1,<environment.Job instance at 0x7fe50ca9f960>,53,18,[ 4 12],54,-1,79,-1,61
1,<environment.Job instance at 0x7fe50ca9fa00>,54,14,[1 7],55,-1,76,-1,62
1,<environment.Job instance at 0x7fe50ca9faa0>,55,17,[4 7],56,-1,81,-1,64
1,<environment.Job instance at 0x7fe50ca9fb40>,56,18,[4 5],57,-1,82,-1,64
1,<environment.Job instance at 0x7fe50ca9f3c0>,46,3,[5 4],47,-1,67,-1,64
1,<environment.Job instance at 0x7fe50ca9fd20>,59,14,[ 2 10],60,-1,78,-1,64
1,<environment.Job instance at 0x7fe50ca9fc30>,60,24,[ 3 10],61,-1,88,-1,64
1,<environment.Job instance at 0x7fe50ca9ff00>,62,20,[9 1],63,-1,84,-1,64
1,<environment.Job instance at 0x7fe50ca9fdc0>,63,15,[1 5],64,-1,79,-1,64
1,<environment.Job instance at 0x7fe50caa3230>,64,12,[6 1],65,-1,77,-1,65
1,<environment.Job instance at 0x7fe50ca9f690>,57,3,[8 4],58,-1,68,-1,65
1,<environment.Job instance at 0x7fe50caa3320>,65,13,[3 5],66,-1,79,-1,66
1,<environment.Job instance at 0x7fe50caa33c0>,67,26,[5 4],68,-1,94,-1,68
1,<environment.Job instance at 0x7fe50ca9f5a0>,47,1,[2 6],48,-1,69,-1,68
1,<environment.Job instance at 0x7fe50caa35a0>,68,22,[5 6],69,-1,91,-1,69
1,<environment.Job instance at 0x7fe50caa34b0>,69,13,[7 2],70,-1,83,-1,70
1,<environment.Job instance at 0x7fe50caa3640>,70,18,[5 5],71,-1,89,-1,71
1,<environment.Job instance at 0x7fe50caa3780>,72,14,[9 1],73,-1,88,-1,74
1,<environment.Job instance at 0x7fe50ca9f460>,45,16,[6 2],46,-1,94,-1,78
1,<environment.Job instance at 0x7fe50caa3d70>,77,15,[4 7],78,-1,93,-1,78
1,<environment.Job instance at 0x7fe50caa3eb0>,78,19,[8 4],79,-1,99,-1,80
1,<environment.Job instance at 0x7fe50caa3e10>,79,17,[2 7],80,-1,98,-1,81
1,<environment.Job instance at 0x7fe50caa6b90>,91,16,[5 8],92,-1,108,-1,92
1,<environment.Job instance at 0x7fe50caa6c80>,93,12,[4 9],94,-1,107,-1,95
1,<environment.Job instance at 0x7fe516125910>,95,23,[3 7],96,-1,119,-1,96
1,<environment.Job instance at 0x7fe50cade280>,98,12,[10  1],99,-1,112,-1,100
1,<environment.Job instance at 0x7fe50cc36fa0>,100,18,[7 5],101,-1,119,-1,101
1,<environment.Job instance at 0x7fe50ca8d8c0>,103,17,[5 6],104,-1,121,-1,104
1,<environment.Job instance at 0x7fe50ca8dcd0>,104,17,[5 4],105,-1,122,-1,105
1,<environment.Job instance at 0x7fe50ca8d5f0>,108,20,[5 7],109,-1,129,-1,109
1,<environment.Job instance at 0x7fe50ca9ae10>,1,15,[ 1 14],2,-1,17,-1,2
1,<environment.Job instance at 0x7fe50cbba460>,6,12,[11  4],7,-1,19,-1,7
1,<environment.Job instance at 0x7fe50cba4fa0>,19,17,[12  3],20,-1,67,-1,50
1,<environment.Job instance at 0x7fe50cb53460>,22,2,[12  3],23,-1,62,-1,60
1,<environment.Job instance at 0x7fe50c1d7c80>,0,20,[5 7],1,-1,21,-1,1
1,<environment.Job instance at 0x7fe50ca9a1e0>,5,14,[9 1],6,-1,21,-1,7
1,<environment.Job instance at 0x7fe50c1d7820>,6,15,[9 2],7,-1,22,-1,7
1,<environment.Job instance at 0x7fe50c46d820>,9,16,[1 8],10,-1,28,-1,12
1,<environment.Job instance at 0x7fe50c1e1910>,11,18,[11  5],12,-1,30,-1,12
1,<environment.Job instance at 0x7fe50c342fa0>,14,15,[9 1],15,-1,31,-1,16
1,<environment.Job instance at 0x7fe50c342640>,18,16,[7 1],19,-1,35,-1,19
1,<environment.Job instance at 0x7fe50c3424b0>,19,14,[8 1],20,-1,34,-1,20
1,<environment.Job instance at 0x7fe50c342690>,20,16,[9 3],21,-1,37,-1,21
1,<environment.Job instance at 0x7fe50c32acd0>,24,15,[10  5],25,-1,40,-1,25
1,<environment.Job instance at 0x7fe50c32aaa0>,26,18,[1 6],27,-1,45,-1,27
1,<environment.Job instance at 0x7fe50c318230>,15,15,[5 3],16,-1,59,-1,44
1,<environment.Job instance at 0x7fe50c05f320>,41,16,[1 9],42,-1,60,-1,44
1,<environment.Job instance at 0x7fe50c05f5a0>,38,12,[3 9],39,-1,58,-1,46
1,<environment.Job instance at 0x7fe50c062370>,45,14,[3 8],46,-1,60,-1,46
1,<environment.Job instance at 0x7fe50c056910>,48,16,[3 9],49,-1,65,-1,49
1,<environment.Job instance at 0x7fe50c0563c0>,47,17,[3 8],48,-1,66,-1,49
1,<environment.Job instance at 0x7fe50c061a00>,53,15,[4 8],54,-1,78,-1,63
1,<environment.Job instance at 0x7fe50c04e690>,57,18,[5 2],58,-1,81,-1,63
1,<environment.Job instance at 0x7fe50c288cd0>,1,18,[ 3 13],2,-1,20,-1,2
1,<environment.Job instance at 0x7fe50c2b9050>,7,18,[ 3 12],8,-1,26,-1,8
1,<environment.Job instance at 0x7fe50c2be0f0>,11,18,[11  5],12,-1,30,-1,12
1,<environment.Job instance at 0x7fe50c2be7d0>,12,14,[14  1],13,-1,27,-1,13
1,<environment.Job instance at 0x7fe50c2b6320>,25,15,[ 3 14],26,-1,71,-1,56
1,<environment.Job instance at 0x7fe50c258460>,27,12,[14  5],28,-1,68,-1,56
1,<environment.Job instance at 0x7fe50c186820>,5,17,[3 5],6,-1,23,-1,6
1,<environment.Job instance at 0x7fe50c186e60>,6,15,[ 5 10],7,-1,23,-1,8
1,<environment.Job instance at 0x7fe50c186140>,12,16,[8 5],13,-1,29,-1,13
1,<environment.Job instance at 0x7fe50c186730>,15,12,[2 6],16,-1,28,-1,16
1,<environment.Job instance at 0x7fe50c1860a0>,7,1,[7 2],8,-1,19,-1,18
1,<environment.Job instance at 0x7fe50c202190>,18,18,[3 8],19,-1,37,-1,19
1,<environment.Job instance at 0x7fe50c2021e0>,19,16,[9 4],20,-1,36,-1,20
1,<environment.Job instance at 0x7fe50c202c30>,20,28,[7 3],21,-1,50,-1,22
1,<environment.Job instance at 0x7fe50c202140>,21,16,[7 4],22,-1,38,-1,22
1,<environment.Job instance at 0x7fe50c2020f0>,23,18,[1 6],24,-1,42,-1,24
1,<environment.Job instance at 0x7fe50c2027d0>,24,15,[9 5],25,-1,42,-1,27
1,<environment.Job instance at 0x7fe50c202c80>,27,16,[2 8],28,-1,44,-1,28
1,<environment.Job instance at 0x7fe50c202b90>,28,12,[9 2],29,-1,41,-1,29
1,<environment.Job instance at 0x7fe50c202050>,30,18,[8 5],31,-1,49,-1,31
1,<environment.Job instance at 0x7fe50c1fceb0>,43,21,[9 5],44,-1,65,-1,44
1,<environment.Job instance at 0x7fe50c1fc370>,44,18,[10  2],45,-1,63,-1,45
1,<environment.Job instance at 0x7fe50c0c8280>,4,28,[9 1],5,-1,33,-1,5
1,<environment.Job instance at 0x7fe50c0c8500>,8,16,[14  3],9,-1,25,-1,9
1,<environment.Job instance at 0x7fe50c139a50>,20,28,[7 3],21,-1,83,-1,55
1,<environment.Job instance at 0x7fe50c6fdf50>,1,16,[2 8],2,-1,18,-1,2
1,<environment.Job instance at 0x7fe50c062410>,8,14,[10  4],9,-1,24,-1,10
1,<environment.Job instance at 0x7fe50c062e10>,10,18,[11  4],11,-1,29,-1,11
1,<environment.Job instance at 0x7fe50c062fa0>,11,15,[3 5],12,-1,27,-1,12
1,<environment.Job instance at 0x7fe50c0621e0>,12,20,[7 3],13,-1,33,-1,13
1,<environment.Job instance at 0x7fe50c6fd550>,9,16,[1 7],10,-1,30,-1,14
1,<environment.Job instance at 0x7fe50c0626e0>,18,17,[2 8],19,-1,36,-1,19
1,<environment.Job instance at 0x7fe50c0ae190>,22,15,[7 3],23,-1,38,-1,23
1,<environment.Job instance at 0x7fe50c0aee60>,23,1,[2 8],24,-1,25,-1,24
1,<environment.Job instance at 0x7fe50c0ae960>,24,12,[2 9],25,-1,37,-1,25
1,<environment.Job instance at 0x7fe50c0ae8c0>,25,16,[2 6],26,-1,42,-1,26
1,<environment.Job instance at 0x7fe50c0ae780>,26,15,[10  5],27,-1,42,-1,27
1,<environment.Job instance at 0x7fe50c0ae820>,27,16,[ 3 10],28,-1,44,-1,28
1,<environment.Job instance at 0x7fe50c0aeaf0>,28,16,[3 6],29,-1,45,-1,29
1,<environment.Job instance at 0x7fe50c0ae690>,29,22,[1 6],30,-1,52,-1,30
1,<environment.Job instance at 0x7fe50c4ad280>,34,22,[1 9],35,-1,62,-1,40
1,<environment.Job instance at 0x7fe50c4ad870>,40,17,[7 1],41,-1,58,-1,41
1,<environment.Job instance at 0x7fe50c4adcd0>,41,18,[3 8],42,-1,60,-1,42
1,<environment.Job instance at 0x7fe50c4adb90>,43,24,[3 6],44,-1,68,-1,44
1,<environment.Job instance at 0x7fe50c4ad2d0>,45,20,[3 8],46,-1,66,-1,46
1,<environment.Job instance at 0x7fe50c4ad9b0>,46,15,[4 9],47,-1,62,-1,47
1,<environment.Job instance at 0x7fe50c4ae0a0>,50,18,[4 8],51,-1,70,-1,52
1,<environment.Job instance at 0x7fe50c4ae690>,55,18,[ 3 10],56,-1,74,-1,56
1,<environment.Job instance at 0x7fe50c5f7c80>,62,17,[9 1],63,-1,81,-1,64
1,<environment.Job instance at 0x7fe50c5f2c80>,66,22,[2 8],67,-1,101,-1,79
1,<environment.Job instance at 0x7fe50c18a500>,4,18,[13  2],5,-1,23,-1,5
1,<environment.Job instance at 0x7fe50c18a5a0>,10,18,[11  4],11,-1,33,-1,15
1,<environment.Job instance at 0x7fe50c0aefa0>,31,25,[10  4],32,-1,120,-1,95
1,<environment.Job instance at 0x7fe50c47b230>,3,17,[1 8],4,-1,21,-1,4
1,<environment.Job instance at 0x7fe50c47b500>,6,17,[9 1],7,-1,28,-1,11
1,<environment.Job instance at 0x7fe50c47f9b0>,12,17,[10  3],13,-1,31,-1,14
1,<environment.Job instance at 0x7fe50c47bc80>,14,15,[ 1 10],15,-1,30,-1,15
1,<environment.Job instance at 0x7fe50c466370>,20,13,[3 8],21,-1,34,-1,21
1,<environment.Job instance at 0x7fe50c466dc0>,22,27,[5 5],23,-1,50,-1,23
1,<environment.Job instance at 0x7fe50c466960>,23,14,[3 6],24,-1,38,-1,24
1,<environment.Job instance at 0x7fe50c466b40>,24,25,[1 7],25,-1,50,-1,25
1,<environment.Job instance at 0x7fe50c466c80>,26,15,[ 5 10],27,-1,42,-1,27
1,<environment.Job instance at 0x7fe50c530370>,27,13,[6 5],28,-1,41,-1,28
1,<environment.Job instance at 0x7fe50cefb230>,29,14,[2 6],30,-1,44,-1,30
1,<environment.Job instance at 0x7fe50c514be0>,31,14,[1 9],32,-1,46,-1,32
1,<environment.Job instance at 0x7fe50c47bfa0>,32,12,[4 9],33,-1,45,-1,33
1,<environment.Job instance at 0x7fe50cefbc80>,33,18,[4 8],34,-1,52,-1,34
1,<environment.Job instance at 0x7fe50c47fe60>,13,13,[9 5],14,-1,47,-1,34
1,<environment.Job instance at 0x7fe50c514e60>,34,17,[7 4],35,-1,53,-1,36
1,<environment.Job instance at 0x7fe50c52acd0>,36,27,[5 8],37,-1,64,-1,37
1,<environment.Job instance at 0x7fe50c538f00>,41,24,[4 8],42,-1,66,-1,42
1,<environment.Job instance at 0x7fe50c463370>,45,19,[7 5],46,-1,65,-1,46
1,<environment.Job instance at 0x7fe50c906b90>,47,12,[10  4],48,-1,60,-1,48
1,<environment.Job instance at 0x7fe50c53d190>,50,14,[ 4 10],51,-1,65,-1,51
1,<environment.Job instance at 0x7fe50c53da00>,52,17,[2 5],53,-1,70,-1,53
1,<environment.Job instance at 0x7fe50c53da50>,53,14,[8 2],54,-1,68,-1,54
1,<environment.Job instance at 0x7fe50c53d550>,56,18,[8 2],57,-1,75,-1,57
1,<environment.Job instance at 0x7fe50c931870>,57,18,[6 2],58,-1,76,-1,58
1,<environment.Job instance at 0x7fe50c931960>,59,18,[5 8],60,-1,78,-1,60
1,<environment.Job instance at 0x7fe50c931aa0>,60,19,[2 7],61,-1,80,-1,61
1,<environment.Job instance at 0x7fe50c9319b0>,61,24,[1 9],62,-1,86,-1,62
1,<environment.Job instance at 0x7fe50c931c80>,63,15,[6 5],64,-1,79,-1,64
1,<environment.Job instance at 0x7fe50c931eb0>,66,14,[7 5],67,-1,81,-1,67
1,<environment.Job instance at 0x7fe50c905140>,67,23,[10  4],68,-1,91,-1,68
1,<environment.Job instance at 0x7fe50c905550>,71,17,[5 7],72,-1,89,-1,72
1,<environment.Job instance at 0x7fe50c905870>,74,13,[1 9],75,-1,88,-1,75
1,<environment.Job instance at 0x7fe50c9059b0>,75,16,[4 5],76,-1,92,-1,76
1,<environment.Job instance at 0x7fe50c905c30>,79,17,[ 5 10],80,-1,97,-1,80
1,<environment.Job instance at 0x7fe50c905d70>,80,18,[4 6],81,-1,99,-1,81
1,<environment.Job instance at 0x7fe50c91e0a0>,84,15,[5 7],85,-1,100,-1,85
1,<environment.Job instance at 0x7fe50c91e410>,86,14,[ 5 10],87,-1,114,-1,100
1,<environment.Job instance at 0x7fe50c91ea00>,93,20,[5 7],94,-1,120,-1,100
1,<environment.Job instance at 0x7fe50cac45a0>,4,14,[ 3 14],5,-1,19,-1,5
1,<environment.Job instance at 0x7fe50cb01dc0>,5,24,[3 9],6,-1,45,-1,21
1,<environment.Job instance at 0x7fe50cacd1e0>,15,1,[12  4],16,-1,28,-1,27
1,<environment.Job instance at 0x7fe50d198fa0>,21,15,[14  1],22,-1,51,-1,36
1,<environment.Job instance at 0x7fe50ce18870>,22,27,[5 5],23,-1,64,-1,37
1,<environment.Job instance at 0x7fe50d26f6e0>,24,25,[1 7],25,-1,74,-1,49
1,<environment.Job instance at 0x7fe50d1c0b90>,36,27,[5 8],37,-1,134,-1,107
1,<environment.Job instance at 0x7fe50cf031e0>,6,16,[2 6],7,-1,24,-1,8
1,<environment.Job instance at 0x7fe50cf032d0>,8,14,[6 4],9,-1,23,-1,9
1,<environment.Job instance at 0x7fe50cf03dc0>,10,18,[5 9],11,-1,29,-1,11
1,<environment.Job instance at 0x7fe50cbe7230>,13,18,[ 1 10],14,-1,32,-1,14
1,<environment.Job instance at 0x7fe50cbe75f0>,14,14,[7 5],15,-1,29,-1,15
1,<environment.Job instance at 0x7fe50cbe7c30>,19,14,[9 5],20,-1,34,-1,20
1,<environment.Job instance at 0x7fe50cf037d0>,7,18,[3 6],8,-1,40,-1,22
1,<environment.Job instance at 0x7fe50c202730>,1,15,[ 2 14],2,-1,17,-1,2
1,<environment.Job instance at 0x7fe50c554cd0>,5,12,[ 3 13],6,-1,18,-1,6
1,<environment.Job instance at 0x7fe50c507af0>,21,17,[14  3],22,-1,57,-1,40
1,<environment.Job instance at 0x7fe50cf03910>,24,15,[ 2 13],25,-1,58,-1,43
1,<environment.Job instance at 0x7fe50c431f50>,27,3,[12  4],28,-1,56,-1,53
1,<environment.Job instance at 0x7fe50c431690>,29,28,[1 8],30,-1,90,-1,62
1,<environment.Job instance at 0x7fe50c52fa00>,38,18,[13  3],39,-1,104,-1,86
1,<environment.Job instance at 0x7fe50c50d230>,0,27,[6 4],1,-1,28,-1,1
1,<environment.Job instance at 0x7fe50c819140>,2,15,[10  1],3,-1,19,-1,4
1,<environment.Job instance at 0x7fe50c806780>,4,13,[1 8],5,-1,18,-1,5
1,<environment.Job instance at 0x7fe50c50dfa0>,3,13,[7 5],4,-1,19,-1,6
1,<environment.Job instance at 0x7fe50c80c2d0>,8,22,[7 5],9,-1,31,-1,9
1,<environment.Job instance at 0x7fe50c80c960>,10,18,[ 5 10],11,-1,29,-1,11
1,<environment.Job instance at 0x7fe50c80c500>,12,24,[1 6],13,-1,37,-1,13
1,<environment.Job instance at 0x7fe50c80ce10>,13,16,[8 5],14,-1,30,-1,14
1,<environment.Job instance at 0x7fe50c80c5f0>,14,16,[9 4],15,-1,31,-1,15
1,<environment.Job instance at 0x7fe50c80ca50>,16,15,[10  4],17,-1,32,-1,17
1,<environment.Job instance at 0x7fe50c8079b0>,18,17,[3 9],19,-1,36,-1,19
1,<environment.Job instance at 0x7fe50c807a50>,20,14,[1 8],21,-1,35,-1,21
1,<environment.Job instance at 0x7fe50c807870>,21,12,[5 6],22,-1,34,-1,22
1,<environment.Job instance at 0x7fe50c80a050>,23,13,[5 1],24,-1,37,-1,24
1,<environment.Job instance at 0x7fe50d0978c0>,28,14,[9 1],29,-1,44,-1,30
1,<environment.Job instance at 0x7fe50d63c1e0>,30,1,[9 4],31,-1,32,-1,31
1,<environment.Job instance at 0x7fe50d63c500>,32,15,[6 2],33,-1,48,-1,33
1,<environment.Job instance at 0x7fe50c9ae5a0>,33,3,[10  3],34,-1,37,-1,34
1,<environment.Job instance at 0x7fe50c062050>,34,3,[3 6],35,-1,38,-1,35
1,<environment.Job instance at 0x7fe50c06b730>,35,1,[8 4],36,-1,37,-1,36
1,<environment.Job instance at 0x7fe50d6735f0>,29,17,[1 9],30,-1,53,-1,36
1,<environment.Job instance at 0x7fe50c076960>,39,18,[ 5 10],40,-1,58,-1,40
1,<environment.Job instance at 0x7fe50c36b500>,43,16,[5 3],44,-1,60,-1,44
1,<environment.Job instance at 0x7fe50c06d0f0>,45,15,[ 1 10],46,-1,61,-1,46
1,<environment.Job instance at 0x7fe50c06de10>,50,13,[5 3],51,-1,64,-1,51
1,<environment.Job instance at 0x7fe50c04f5f0>,52,17,[9 4],53,-1,70,-1,53
1,<environment.Job instance at 0x7fe50c0576e0>,55,16,[9 4],56,-1,89,-1,73
1,<environment.Job instance at 0x7fe50d08b960>,65,16,[ 2 11],66,-1,99,-1,83
1,<environment.Job instance at 0x7fe50d08ba50>,67,1,[10  5],68,-1,84,-1,83
1,<environment.Job instance at 0x7fe50c06d960>,46,12,[ 2 11],47,-1,95,-1,83
1,<environment.Job instance at 0x7fe50c057a00>,60,20,[4 6],61,-1,103,-1,83
1,<environment.Job instance at 0x7fe50d08bc30>,72,17,[ 2 10],73,-1,100,-1,83
1,<environment.Job instance at 0x7fe50d098410>,76,13,[4 7],77,-1,96,-1,83
1,<environment.Job instance at 0x7fe50d0984b0>,78,20,[3 8],79,-1,103,-1,83
1,<environment.Job instance at 0x7fe50d098550>,79,13,[7 4],80,-1,96,-1,83
1,<environment.Job instance at 0x7fe50c057320>,54,18,[ 4 11],55,-1,101,-1,83
1,<environment.Job instance at 0x7fe50d0988c0>,80,24,[10  4],81,-1,107,-1,83
1,<environment.Job instance at 0x7fe50d098820>,81,21,[4 7],82,-1,104,-1,83
1,<environment.Job instance at 0x7fe50d098870>,82,17,[ 2 11],83,-1,100,-1,83
1,<environment.Job instance at 0x7fe50d098960>,83,15,[4 9],84,-1,99,-1,84
1,<environment.Job instance at 0x7fe50d098c30>,86,18,[6 3],87,-1,108,-1,90
1,<environment.Job instance at 0x7fe50d098fa0>,89,19,[5 5],90,-1,112,-1,93
1,<environment.Job instance at 0x7fe50d082050>,90,15,[10  4],91,-1,109,-1,94
1,<environment.Job instance at 0x7fe50d098f00>,91,18,[4 8],92,-1,112,-1,94
1,<environment.Job instance at 0x7fe50d082550>,94,14,[3 8],95,-1,110,-1,96
1,<environment.Job instance at 0x7fe50d0822d0>,92,15,[4 8],93,-1,111,-1,96
1,<environment.Job instance at 0x7fe50d08bf00>,73,15,[5 5],74,-1,113,-1,98
1,<environment.Job instance at 0x7fe50d082730>,97,14,[ 4 10],98,-1,112,-1,98
1,<environment.Job instance at 0x7fe50d0828c0>,98,18,[4 6],99,-1,117,-1,99
1,<environment.Job instance at 0x7fe50cbe6640>,0,27,[6 4],1,-1,28,-1,1
1,<environment.Job instance at 0x7fe50cbe6b40>,1,1,[11  4],2,-1,3,-1,2
1,<environment.Job instance at 0x7fe50c528e10>,12,24,[1 6],13,-1,45,-1,21
1,<environment.Job instance at 0x7fe50c50e140>,24,3,[ 2 12],25,-1,70,-1,67
1,<environment.Job instance at 0x7fe50c50e5a0>,31,2,[ 3 14],32,-1,87,-1,85
1,<environment.Job instance at 0x7fe50c52faf0>,36,13,[12  4],37,-1,114,-1,101
1,<environment.Job instance at 0x7fe50c52f8c0>,37,27,[9 3],38,-1,129,-1,102
1,<environment.Job instance at 0x7fe50c8be820>,0,16,[ 3 10],1,-1,18,-1,2
1,<environment.Job instance at 0x7fe50d2625a0>,2,3,[4 8],3,-1,6,-1,3
1,<environment.Job instance at 0x7fe50d2621e0>,3,13,[5 5],4,-1,17,-1,4
1,<environment.Job instance at 0x7fe50d262a50>,4,2,[1 6],5,-1,7,-1,5
1,<environment.Job instance at 0x7fe50d2626e0>,5,14,[4 6],6,-1,20,-1,6
1,<environment.Job instance at 0x7fe50d262f00>,6,1,[5 1],7,-1,8,-1,7
1,<environment.Job instance at 0x7fe50d2628c0>,16,14,[6 4],17,-1,31,-1,17
1,<environment.Job instance at 0x7fe50d262780>,18,17,[3 7],19,-1,36,-1,19
1,<environment.Job instance at 0x7fe50d197a00>,20,13,[5 3],21,-1,34,-1,21
1,<environment.Job instance at 0x7fe50d197140>,21,17,[2 7],22,-1,39,-1,22
1,<environment.Job instance at 0x7fe50d1978c0>,22,17,[6 4],23,-1,40,-1,23
1,<environment.Job instance at 0x7fe50d197f00>,28,12,[ 4 10],29,-1,41,-1,29
1,<environment.Job instance at 0x7fe50d197b40>,30,14,[ 2 10],31,-1,45,-1,31
1,<environment.Job instance at 0x7fe50d197b90>,32,16,[ 3 10],33,-1,49,-1,33
1,<environment.Job instance at 0x7fe50cbb10f0>,33,18,[5 5],34,-1,52,-1,34
1,<environment.Job instance at 0x7fe50cbb1500>,34,16,[5 5],35,-1,51,-1,35
1,<environment.Job instance at 0x7fe50cbb1140>,35,17,[ 3 10],36,-1,53,-1,36
1,<environment.Job instance at 0x7fe50cbb1190>,36,13,[3 9],37,-1,50,-1,37
1,<environment.Job instance at 0x7fe50cbb1370>,38,18,[1 5],39,-1,57,-1,39
1,<environment.Job instance at 0x7fe50cbb15a0>,39,18,[9 5],40,-1,58,-1,40
1,<environment.Job instance at 0x7fe50cbb13c0>,40,19,[4 5],41,-1,60,-1,41
1,<environment.Job instance at 0x7fe50cbe6370>,1,16,[5 7],2,-1,57,-1,41
1,<environment.Job instance at 0x7fe50cbb1690>,42,13,[9 4],43,-1,66,-1,53
1,<environment.Job instance at 0x7fe50d064370>,52,21,[5 7],53,-1,79,-1,58
1,<environment.Job instance at 0x7fe50cbb1aa0>,48,16,[8 3],49,-1,74,-1,58
1,<environment.Job instance at 0x7fe50d0647d0>,55,18,[5 5],56,-1,77,-1,59
1,<environment.Job instance at 0x7fe50d064320>,58,28,[10  4],59,-1,87,-1,59
1,<environment.Job instance at 0x7fe50cbb1410>,44,16,[2 7],45,-1,77,-1,61
1,<environment.Job instance at 0x7fe50d064410>,51,21,[8 2],52,-1,91,-1,70
1,<environment.Job instance at 0x7fe50d0645a0>,62,18,[4 7],63,-1,88,-1,70
1,<environment.Job instance at 0x7fe50d408230>,66,18,[8 3],67,-1,88,-1,70
1,<environment.Job instance at 0x7fe50d408fa0>,76,13,[9 3],77,-1,90,-1,77
1,<environment.Job instance at 0x7fe50d408280>,70,26,[4 9],71,-1,103,-1,77
1,<environment.Job instance at 0x7fe50d064730>,63,18,[7 1],64,-1,96,-1,78
1,<environment.Job instance at 0x7fe50d408b90>,78,16,[9 4],79,-1,95,-1,79
1,<environment.Job instance at 0x7fe50d408370>,79,15,[5 7],80,-1,95,-1,80
1,<environment.Job instance at 0x7fe50d27bc30>,82,12,[ 5 13],83,-1,104,-1,92
1,<environment.Job instance at 0x7fe50d27b500>,87,19,[1 5],88,-1,120,-1,101
1,<environment.Job instance at 0x7fe50d27b0f0>,88,14,[1 7],89,-1,115,-1,101
1,<environment.Job instance at 0x7fe50d27b690>,86,18,[7 4],87,-1,119,-1,101
1,<environment.Job instance at 0x7fe50d27b190>,89,18,[6 4],90,-1,119,-1,101
1,<environment.Job instance at 0x7fe50d27b320>,91,13,[6 3],92,-1,114,-1,101
1,<environment.Job instance at 0x7fe50d27b280>,83,24,[ 5 11],84,-1,125,-1,101
1,<environment.Job instance at 0x7fe50d27bb40>,97,16,[ 3 12],98,-1,117,-1,101
1,<environment.Job instance at 0x7fe50d27bbe0>,98,15,[7 3],99,-1,117,-1,102
1,<environment.Job instance at 0x7fe50d408550>,77,23,[5 3],78,-1,126,-1,103
1,<environment.Job instance at 0x7fe50d27bfa0>,99,17,[9 2],100,-1,121,-1,104
1,<environment.Job instance at 0x7fe50d27bc80>,81,18,[11  2],82,-1,122,-1,104
1,<environment.Job instance at 0x7fe50d27b460>,90,13,[11  2],91,-1,117,-1,104
1,<environment.Job instance at 0x7fe50d27b370>,94,14,[5 3],95,-1,118,-1,104
1,<environment.Job instance at 0x7fe515cae550>,103,22,[5 2],104,-1,126,-1,104
1,<environment.Job instance at 0x7fe50d0643c0>,50,23,[9 4],51,-1,127,-1,104
1,<environment.Job instance at 0x7fe51617fd70>,104,18,[5 6],105,-1,123,-1,105
1,<environment.Job instance at 0x7fe515caee60>,105,17,[3 6],106,-1,123,-1,106
1,<environment.Job instance at 0x7fe515cae0a0>,106,13,[8 2],107,-1,121,-1,108
1,<environment.Job instance at 0x7fe50c50e0a0>,7,27,[ 2 11],8,-1,44,-1,17
1,<environment.Job instance at 0x7fe50c50e460>,9,3,[11  2],10,-1,20,-1,17
1,<environment.Job instance at 0x7fe50c50e960>,12,1,[12  5],13,-1,19,-1,18
1,<environment.Job instance at 0x7fe50bedc370>,0,16,[ 2 10],1,-1,19,-1,3
1,<environment.Job instance at 0x7fe50bedc7d0>,4,14,[6 4],5,-1,19,-1,5
1,<environment.Job instance at 0x7fe50bedc0f0>,5,18,[ 5 10],6,-1,24,-1,6
1,<environment.Job instance at 0x7fe50bedc640>,6,25,[6 3],7,-1,32,-1,7
1,<environment.Job instance at 0x7fe50bedc4b0>,9,12,[9 4],10,-1,22,-1,10
1,<environment.Job instance at 0x7fe50bedce10>,11,2,[3 8],12,-1,14,-1,12
1,<environment.Job instance at 0x7fe50bedc5a0>,12,1,[6 3],13,-1,14,-1,13
1,<environment.Job instance at 0x7fe50bedcb90>,13,2,[14  3],14,-1,16,-1,14
1,<environment.Job instance at 0x7fe50bedcc80>,14,1,[14  5],15,-1,16,-1,15
1,<environment.Job instance at 0x7fe50bedc910>,2,15,[5 9],3,-1,30,-1,15
1,<environment.Job instance at 0x7fe50be6ee10>,17,18,[3 8],18,-1,36,-1,18
1,<environment.Job instance at 0x7fe50be6e050>,21,18,[10  5],22,-1,40,-1,22
1,<environment.Job instance at 0x7fe50be6ea00>,25,18,[9 2],26,-1,46,-1,28
1,<environment.Job instance at 0x7fe50be6e960>,27,20,[1 8],28,-1,49,-1,29
1,<environment.Job instance at 0x7fe50be4b7d0>,31,21,[4 9],32,-1,54,-1,33
1,<environment.Job instance at 0x7fe50be4bcd0>,33,16,[8 1],34,-1,52,-1,36
1,<environment.Job instance at 0x7fe50be4b8c0>,35,23,[8 4],36,-1,59,-1,36
1,<environment.Job instance at 0x7fe50be4bdc0>,37,20,[5 7],38,-1,58,-1,38
1,<environment.Job instance at 0x7fe50be4beb0>,38,16,[4 8],39,-1,55,-1,39
1,<environment.Job instance at 0x7fe50be4b960>,40,15,[2 8],41,-1,56,-1,41
1,<environment.Job instance at 0x7fe50bea5460>,45,16,[10  5],46,-1,62,-1,46
1,<environment.Job instance at 0x7fe50bea5f00>,47,16,[1 7],48,-1,64,-1,48
1,<environment.Job instance at 0x7fe50bea5690>,49,18,[2 7],50,-1,68,-1,50
1,<environment.Job instance at 0x7fe50bea5a50>,53,16,[9 4],54,-1,71,-1,55
1,<environment.Job instance at 0x7fe50cb35190>,60,24,[7 2],61,-1,85,-1,61
1,<environment.Job instance at 0x7fe50c2b99b0>,62,15,[ 2 10],63,-1,78,-1,63
1,<environment.Job instance at 0x7fe50c2b9870>,64,17,[8 1],65,-1,82,-1,65
1,<environment.Job instance at 0x7fe50c2b90f0>,66,19,[2 9],67,-1,86,-1,67
1,<environment.Job instance at 0x7fe50c2b9c30>,68,20,[ 1 10],69,-1,89,-1,69
1,<environment.Job instance at 0x7fe50c2b98c0>,69,18,[2 7],70,-1,88,-1,70
1,<environment.Job instance at 0x7fe50c2b97d0>,71,18,[3 8],72,-1,90,-1,72
1,<environment.Job instance at 0x7fe50c873fa0>,73,14,[ 4 10],74,-1,88,-1,74
1,<environment.Job instance at 0x7fe515ce18c0>,76,16,[1 6],77,-1,93,-1,77
1,<environment.Job instance at 0x7fe50bf76550>,77,15,[7 4],78,-1,93,-1,78
1,<environment.Job instance at 0x7fe50d6b8d20>,79,17,[ 1 10],80,-1,97,-1,80
1,<environment.Job instance at 0x7fe50c9b2cd0>,85,15,[3 5],86,-1,110,-1,95
1,<environment.Job instance at 0x7fe50ca38910>,92,13,[9 1],93,-1,108,-1,95
1,<environment.Job instance at 0x7fe50c3d5f50>,93,23,[7 4],94,-1,120,-1,97
1,<environment.Job instance at 0x7fe50bed3aa0>,97,17,[10  4],98,-1,115,-1,98
1,<environment.Job instance at 0x7fe50bed37d0>,98,18,[13  5],99,-1,117,-1,99
1,<environment.Job instance at 0x7fe50c2b9aa0>,65,15,[ 1 12],66,-1,119,-1,104
1,<environment.Job instance at 0x7fe50bea5870>,54,13,[8 2],55,-1,117,-1,104
1,<environment.Job instance at 0x7fe50c40e910>,94,13,[4 8],95,-1,117,-1,104
1,<environment.Job instance at 0x7fe50bed35f0>,99,15,[2 6],100,-1,119,-1,104
1,<environment.Job instance at 0x7fe50ca21d20>,6,25,[6 3],7,-1,42,-1,17
1,<environment.Job instance at 0x7fe50cf89dc0>,13,2,[14  3],14,-1,22,-1,20
1,<environment.Job instance at 0x7fe50cf89870>,14,1,[14  5],15,-1,21,-1,20
1,<environment.Job instance at 0x7fe50cf5e640>,23,1,[12  4],24,-1,37,-1,36
1,<environment.Job instance at 0x7fe50cf763c0>,30,2,[ 2 12],31,-1,49,-1,47
1,<environment.Job instance at 0x7fe50d20fa50>,35,23,[8 4],36,-1,92,-1,69
1,<environment.Job instance at 0x7fe50cf6e640>,44,15,[11  1],45,-1,108,-1,93
1,<environment.Job instance at 0x7fe50cf5bb90>,4,18,[10  2],5,-1,26,-1,8
1,<environment.Job instance at 0x7fe50cf5b460>,8,18,[5 8],9,-1,27,-1,9
1,<environment.Job instance at 0x7fe50cf5b5a0>,9,17,[2 6],10,-1,27,-1,10
1,<environment.Job instance at 0x7fe50cf5b870>,10,1,[ 2 10],11,-1,12,-1,11
1,<environment.Job instance at 0x7fe50c429640>,11,2,[1 5],12,-1,14,-1,12
1,<environment.Job instance at 0x7fe50c4297d0>,12,1,[9 5],13,-1,14,-1,13
1,<environment.Job instance at 0x7fe50c429190>,13,14,[ 5 10],14,-1,28,-1,14
1,<environment.Job instance at 0x7fe50c429820>,14,28,[4 5],15,-1,43,-1,15
1,<environment.Job instance at 0x7fe50c429be0>,15,3,[9 2],16,-1,19,-1,16
1,<environment.Job instance at 0x7fe50c429730>,16,17,[3 5],17,-1,34,-1,17
1,<environment.Job instance at 0x7fe50c429f50>,18,15,[5 8],19,-1,34,-1,19
1,<environment.Job instance at 0x7fe50c429a50>,19,1,[4 5],20,-1,21,-1,20
1,<environment.Job instance at 0x7fe50c429870>,20,13,[5 6],21,-1,34,-1,21
1,<environment.Job instance at 0x7fe50c4294b0>,21,25,[10  1],22,-1,47,-1,22
1,<environment.Job instance at 0x7fe50c429780>,22,12,[10  4],23,-1,35,-1,23
1,<environment.Job instance at 0x7fe50c4296e0>,23,2,[5 1],24,-1,26,-1,24
1,<environment.Job instance at 0x7fe50c429b90>,24,13,[ 5 10],25,-1,38,-1,25
1,<environment.Job instance at 0x7fe50c429960>,25,15,[8 1],26,-1,41,-1,26
1,<environment.Job instance at 0x7fe50cbf4820>,26,3,[5 1],27,-1,30,-1,27
1,<environment.Job instance at 0x7fe50cbf49b0>,27,1,[2 6],28,-1,29,-1,28
1,<environment.Job instance at 0x7fe50cbf4910>,28,18,[5 5],29,-1,47,-1,29
1,<environment.Job instance at 0x7fe50cbf4370>,29,15,[6 2],30,-1,45,-1,30
1,<environment.Job instance at 0x7fe50cbf4730>,30,16,[7 5],31,-1,47,-1,31
1,<environment.Job instance at 0x7fe50cf5b7d0>,7,15,[5 8],8,-1,46,-1,31
1,<environment.Job instance at 0x7fe50cbf4410>,33,17,[5 9],34,-1,51,-1,34
1,<environment.Job instance at 0x7fe50cbf4640>,35,21,[9 3],36,-1,57,-1,36
1,<environment.Job instance at 0x7fe50cbf4b40>,36,15,[3 5],37,-1,52,-1,37
1,<environment.Job instance at 0x7fe50cbf4c80>,37,25,[9 4],38,-1,63,-1,38
1,<environment.Job instance at 0x7fe50cbf4e10>,42,16,[9 4],43,-1,60,-1,44
1,<environment.Job instance at 0x7fe50cbf45f0>,43,12,[10  1],44,-1,56,-1,44
1,<environment.Job instance at 0x7fe50cbf4320>,44,17,[1 9],45,-1,62,-1,45
1,<environment.Job instance at 0x7fe50c63ae10>,46,18,[8 1],47,-1,68,-1,50
1,<environment.Job instance at 0x7fe50c63a4b0>,49,28,[6 1],50,-1,78,-1,50
1,<environment.Job instance at 0x7fe50c63adc0>,54,18,[5 5],55,-1,73,-1,55
1,<environment.Job instance at 0x7fe50c63a780>,56,17,[2 6],57,-1,74,-1,57
1,<environment.Job instance at 0x7fe50c6aeb40>,61,13,[10  4],62,-1,75,-1,62
1,<environment.Job instance at 0x7fe50c6aeaf0>,62,15,[8 4],63,-1,78,-1,63
1,<environment.Job instance at 0x7fe50c6ae550>,63,24,[5 3],64,-1,88,-1,64
1,<environment.Job instance at 0x7fe50c6ae410>,64,15,[5 6],65,-1,80,-1,65
1,<environment.Job instance at 0x7fe50c6ae780>,66,17,[2 5],67,-1,84,-1,67
1,<environment.Job instance at 0x7fe50c6ae960>,68,12,[9 3],69,-1,81,-1,69
1,<environment.Job instance at 0x7fe50c6aed70>,69,13,[6 4],70,-1,84,-1,71
1,<environment.Job instance at 0x7fe50d126870>,77,17,[1 9],78,-1,95,-1,78
1,<environment.Job instance at 0x7fe50d126fa0>,79,18,[7 5],80,-1,101,-1,83
1,<environment.Job instance at 0x7fe50c6ae320>,75,15,[3 9],76,-1,114,-1,99
1,<environment.Job instance at 0x7fe50d126eb0>,87,3,[1 9],88,-1,102,-1,99
1,<environment.Job instance at 0x7fe50d126140>,88,13,[4 6],89,-1,115,-1,102
1,<environment.Job instance at 0x7fe50d126b40>,80,17,[10  1],81,-1,120,-1,103
1,<environment.Job instance at 0x7fe50d126a00>,89,15,[10  2],90,-1,118,-1,103
1,<environment.Job instance at 0x7fe50c6ae230>,71,28,[9 4],72,-1,131,-1,103
1,<environment.Job instance at 0x7fe50d126dc0>,78,19,[ 3 11],79,-1,123,-1,104
1,<environment.Job instance at 0x7fe50c90b690>,94,16,[7 4],95,-1,122,-1,106
1,<environment.Job instance at 0x7fe50d229dc0>,14,28,[4 5],15,-1,55,-1,27
1,<environment.Job instance at 0x7fe50d229460>,17,2,[ 5 13],18,-1,30,-1,28
1,<environment.Job instance at 0x7fe50cf3e230>,21,25,[10  1],22,-1,67,-1,42
1,<environment.Job instance at 0x7fe50cbc9d70>,4,15,[10  2],5,-1,21,-1,6
1,<environment.Job instance at 0x7fe50c431a50>,5,25,[1 6],6,-1,31,-1,6
1,<environment.Job instance at 0x7fe50cbc9690>,12,20,[ 5 10],13,-1,33,-1,13
1,<environment.Job instance at 0x7fe50c5d0500>,15,24,[8 3],16,-1,41,-1,17
1,<environment.Job instance at 0x7fe50c5d0af0>,17,12,[5 9],18,-1,30,-1,18
1,<environment.Job instance at 0x7fe50c5d0e10>,21,16,[3 9],22,-1,38,-1,22
1,<environment.Job instance at 0x7fe50c5d00a0>,24,13,[2 7],25,-1,38,-1,25
1,<environment.Job instance at 0x7fe50c5d0d20>,25,17,[10  3],26,-1,43,-1,26
1,<environment.Job instance at 0x7fe50c5d0320>,26,18,[6 4],27,-1,45,-1,27
1,<environment.Job instance at 0x7fe50d00ee10>,27,24,[5 9],28,-1,52,-1,28
1,<environment.Job instance at 0x7fe50d00ee60>,28,14,[6 4],29,-1,43,-1,29
1,<environment.Job instance at 0x7fe50d00e7d0>,31,28,[3 6],32,-1,60,-1,32
1,<environment.Job instance at 0x7fe50d00e230>,32,14,[ 4 10],33,-1,47,-1,33
1,<environment.Job instance at 0x7fe50d00e460>,35,16,[7 3],36,-1,52,-1,36
1,<environment.Job instance at 0x7fe50d083dc0>,37,16,[1 8],38,-1,54,-1,38
1,<environment.Job instance at 0x7fe50d083690>,39,26,[2 6],40,-1,66,-1,40
1,<environment.Job instance at 0x7fe50d083a50>,40,20,[9 3],41,-1,61,-1,41
1,<environment.Job instance at 0x7fe50d083aa0>,41,15,[8 4],42,-1,57,-1,42
1,<environment.Job instance at 0x7fe50d083140>,42,14,[9 2],43,-1,57,-1,43
1,<environment.Job instance at 0x7fe50c5d0c80>,16,14,[6 4],17,-1,57,-1,43
1,<environment.Job instance at 0x7fe50d0832d0>,43,16,[2 6],44,-1,60,-1,44
1,<environment.Job instance at 0x7fe50d083eb0>,45,17,[5 3],46,-1,63,-1,46
1,<environment.Job instance at 0x7fe50d083410>,48,26,[8 2],49,-1,75,-1,49
1,<environment.Job instance at 0x7fe50cf587d0>,50,13,[4 6],51,-1,64,-1,51
1,<environment.Job instance at 0x7fe50cf58dc0>,52,16,[9 2],53,-1,69,-1,53
1,<environment.Job instance at 0x7fe50cf58cd0>,53,18,[4 6],54,-1,72,-1,54
1,<environment.Job instance at 0x7fe50cf58c80>,54,13,[2 8],55,-1,68,-1,55
1,<environment.Job instance at 0x7fe50cf582d0>,56,17,[3 7],57,-1,74,-1,57
1,<environment.Job instance at 0x7fe50cf585a0>,59,17,[5 7],60,-1,77,-1,60
1,<environment.Job instance at 0x7fe50cf58af0>,62,18,[7 4],63,-1,81,-1,63
1,<environment.Job instance at 0x7fe50cf4f4b0>,63,14,[ 2 10],64,-1,78,-1,64
1,<environment.Job instance at 0x7fe50cf4fbe0>,69,15,[3 9],70,-1,85,-1,70
1,<environment.Job instance at 0x7fe50cf4fd70>,73,16,[3 8],74,-1,90,-1,74
1,<environment.Job instance at 0x7fe50cd197d0>,74,13,[10  5],75,-1,90,-1,77
1,<environment.Job instance at 0x7fe50cd19690>,78,16,[3 8],79,-1,95,-1,79
1,<environment.Job instance at 0x7fe50cd19af0>,80,18,[9 2],81,-1,99,-1,81
1,<environment.Job instance at 0x7fe50cd19a50>,82,17,[9 4],83,-1,100,-1,83
1,<environment.Job instance at 0x7fe50cd19d70>,84,27,[6 1],85,-1,112,-1,85
1,<environment.Job instance at 0x7fe50d6b2b90>,85,14,[4 8],86,-1,100,-1,86
1,<environment.Job instance at 0x7fe50d6b25f0>,86,17,[ 5 11],87,-1,104,-1,87
1,<environment.Job instance at 0x7fe50d6b2820>,87,12,[1 6],88,-1,100,-1,88
1,<environment.Job instance at 0x7fe50d6b2a00>,89,16,[10  5],90,-1,106,-1,90
1,<environment.Job instance at 0x7fe50d6b26e0>,90,12,[4 8],91,-1,103,-1,91
1,<environment.Job instance at 0x7fe50cf90f50>,3,2,[13  2],4,-1,6,-1,4
1,<environment.Job instance at 0x7fe50cf903c0>,5,25,[1 6],6,-1,42,-1,17
1,<environment.Job instance at 0x7fe50cf909b0>,10,27,[11  2],11,-1,44,-1,17
1,<environment.Job instance at 0x7fe50cf900a0>,15,24,[8 3],16,-1,44,-1,20
1,<environment.Job instance at 0x7fe50c12a410>,27,24,[5 9],28,-1,97,-1,73
1,<environment.Job instance at 0x7fe50d177050>,31,28,[3 6],32,-1,101,-1,73
1,<environment.Job instance at 0x7fe5163710f0>,39,26,[2 6],40,-1,120,-1,94
1,<environment.Job instance at 0x7fe50c7b5640>,7,18,[1 6],8,-1,28,-1,10
1,<environment.Job instance at 0x7fe50ceeea50>,10,17,[9 2],11,-1,30,-1,13
1,<environment.Job instance at 0x7fe50ceee3c0>,16,25,[7 3],17,-1,42,-1,17
1,<environment.Job instance at 0x7fe50ceee0a0>,19,18,[6 2],20,-1,38,-1,20
1,<environment.Job instance at 0x7fe50ceee140>,20,26,[6 4],21,-1,47,-1,21
1,<environment.Job instance at 0x7fe50cb92fa0>,23,14,[ 4 10],24,-1,38,-1,24
1,<environment.Job instance at 0x7fe50cb925a0>,25,14,[5 7],26,-1,40,-1,26
1,<environment.Job instance at 0x7fe50be921e0>,26,16,[9 2],27,-1,43,-1,27
1,<environment.Job instance at 0x7fe50be92690>,27,21,[9 4],28,-1,49,-1,28
1,<environment.Job instance at 0x7fe50be922d0>,28,21,[5 1],29,-1,50,-1,29
1,<environment.Job instance at 0x7fe50be92aa0>,35,16,[4 9],36,-1,52,-1,36
1,<environment.Job instance at 0x7fe50be92410>,36,18,[5 5],37,-1,55,-1,37
1,<environment.Job instance at 0x7fe50c41c7d0>,39,20,[5 9],40,-1,60,-1,40
1,<environment.Job instance at 0x7fe50c41c820>,40,17,[ 5 10],41,-1,58,-1,41
1,<environment.Job instance at 0x7fe50c41cd70>,41,14,[10  1],42,-1,57,-1,43
1,<environment.Job instance at 0x7fe50c41cb40>,42,18,[3 8],43,-1,61,-1,43
1,<environment.Job instance at 0x7fe50cb59820>,52,18,[3 7],53,-1,71,-1,53
1,<environment.Job instance at 0x7fe515c69dc0>,55,13,[9 1],56,-1,71,-1,58
1,<environment.Job instance at 0x7fe50c6145f0>,58,14,[ 1 10],59,-1,73,-1,59
1,<environment.Job instance at 0x7fe50c0da4b0>,60,25,[5 3],61,-1,86,-1,61
1,<environment.Job instance at 0x7fe50c636230>,64,13,[3 6],65,-1,78,-1,65
1,<environment.Job instance at 0x7fe50ceab1e0>,66,13,[8 1],67,-1,80,-1,67
1,<environment.Job instance at 0x7fe50c7ecf00>,68,16,[10  3],69,-1,85,-1,69
1,<environment.Job instance at 0x7fe50c81c230>,72,23,[3 7],73,-1,108,-1,85
1,<environment.Job instance at 0x7fe516107910>,57,15,[3 6],58,-1,104,-1,89
1,<environment.Job instance at 0x7fe50c938640>,77,16,[5 4],78,-1,108,-1,92
1,<environment.Job instance at 0x7fe50bf44730>,80,16,[1 7],81,-1,108,-1,92
1,<environment.Job instance at 0x7fe50bf12b40>,78,17,[6 5],79,-1,110,-1,93
1,<environment.Job instance at 0x7fe50c92c550>,0,13,[12  1],1,-1,14,-1,1
1,<environment.Job instance at 0x7fe50c92c730>,1,16,[ 5 11],2,-1,18,-1,2
1,<environment.Job instance at 0x7fe50c92caa0>,5,27,[4 5],6,-1,34,-1,7
1,<environment.Job instance at 0x7fe50c930690>,6,1,[12  2],7,-1,8,-1,7
1,<environment.Job instance at 0x7fe50c919230>,16,25,[7 3],17,-1,45,-1,20
1,<environment.Job instance at 0x7fe50cdfdf00>,20,26,[6 4],21,-1,52,-1,26
1,<environment.Job instance at 0x7fe50c7c4500>,0,13,[10  1],1,-1,17,-1,4
1,<environment.Job instance at 0x7fe50c979820>,3,18,[4 5],4,-1,22,-1,4
1,<environment.Job instance at 0x7fe50c979730>,6,16,[5 6],7,-1,23,-1,7
1,<environment.Job instance at 0x7fe50c9796e0>,17,15,[10  4],18,-1,34,-1,19
1,<environment.Job instance at 0x7fe50bef6460>,22,14,[3 7],23,-1,37,-1,23
1,<environment.Job instance at 0x7fe50bef6fa0>,29,18,[10  2],30,-1,60,-1,42
1,<environment.Job instance at 0x7fe50bef6690>,28,18,[ 5 10],29,-1,63,-1,45
1,<environment.Job instance at 0x7fe50bef6780>,32,22,[8 1],33,-1,67,-1,45
1,<environment.Job instance at 0x7fe50bef6960>,33,14,[14  4],34,-1,59,-1,45
1,<environment.Job instance at 0x7fe50bef6af0>,34,13,[5 8],35,-1,58,-1,45
1,<environment.Job instance at 0x7fe50c9798c0>,18,16,[ 5 10],19,-1,61,-1,45
1,<environment.Job instance at 0x7fe50bee83c0>,37,15,[ 5 12],38,-1,60,-1,45
1,<environment.Job instance at 0x7fe50bee8cd0>,41,27,[8 5],42,-1,72,-1,45
1,<environment.Job instance at 0x7fe50bee8410>,44,16,[11  4],45,-1,63,-1,47
1,<environment.Job instance at 0x7fe50bee8820>,38,16,[9 1],39,-1,63,-1,47
1,<environment.Job instance at 0x7fe50bef6f00>,30,13,[2 8],31,-1,60,-1,47
1,<environment.Job instance at 0x7fe50bee88c0>,46,3,[8 2],47,-1,50,-1,47
1,<environment.Job instance at 0x7fe50bee8f00>,47,18,[1 9],48,-1,66,-1,48
1,<environment.Job instance at 0x7fe50bee8fa0>,49,14,[2 8],50,-1,64,-1,50
1,<environment.Job instance at 0x7fe50becbf50>,54,17,[10  5],55,-1,73,-1,56
1,<environment.Job instance at 0x7fe50becbb40>,52,18,[10  5],53,-1,75,-1,57
1,<environment.Job instance at 0x7fe50becba00>,55,18,[5 6],56,-1,75,-1,57
1,<environment.Job instance at 0x7fe50bee8d70>,45,14,[1 7],46,-1,75,-1,61
1,<environment.Job instance at 0x7fe50becbe60>,57,15,[ 4 10],58,-1,77,-1,62
1,<environment.Job instance at 0x7fe50becb0a0>,62,18,[9 1],63,-1,82,-1,64
1,<environment.Job instance at 0x7fe50bee8140>,48,16,[13  2],49,-1,83,-1,67
1,<environment.Job instance at 0x7fe50becb460>,63,13,[3 9],64,-1,80,-1,67
1,<environment.Job instance at 0x7fe50bee2e60>,64,15,[2 7],65,-1,86,-1,71
1,<environment.Job instance at 0x7fe50bee2aa0>,70,12,[4 6],71,-1,83,-1,71
1,<environment.Job instance at 0x7fe50bee2c30>,72,18,[1 9],73,-1,91,-1,73
1,<environment.Job instance at 0x7fe50becb9b0>,53,26,[7 1],54,-1,100,-1,74
1,<environment.Job instance at 0x7fe50c0c7b90>,74,18,[7 1],75,-1,93,-1,75
1,<environment.Job instance at 0x7fe50c0c7690>,78,15,[3 8],79,-1,94,-1,79
1,<environment.Job instance at 0x7fe50c0c7b40>,79,25,[3 6],80,-1,105,-1,80
1,<environment.Job instance at 0x7fe50c0eb7d0>,84,17,[8 5],85,-1,103,-1,86
1,<environment.Job instance at 0x7fe50c0eb9b0>,88,13,[10  4],89,-1,111,-1,98
1,<environment.Job instance at 0x7fe50c0eb280>,89,19,[2 5],90,-1,117,-1,98
1,<environment.Job instance at 0x7fe50c0c73c0>,81,16,[ 5 12],82,-1,114,-1,98
1,<environment.Job instance at 0x7fe50c0c77d0>,85,17,[1 7],86,-1,115,-1,98
1,<environment.Job instance at 0x7fe50bef6050>,27,15,[2 6],28,-1,113,-1,98
1,<environment.Job instance at 0x7fe50c0eb320>,96,15,[ 3 10],97,-1,113,-1,98
1,<environment.Job instance at 0x7fe50c0eb820>,93,1,[5 5],94,-1,99,-1,98
1,<environment.Job instance at 0x7fe50c0dadc0>,98,13,[6 2],99,-1,112,-1,99
1,<environment.Job instance at 0x7fe50c0daf00>,99,12,[7 5],100,-1,112,-1,100
1,<environment.Job instance at 0x7fe50c0daaf0>,100,3,[8 1],101,-1,104,-1,101
1,<environment.Job instance at 0x7fe50c0da500>,101,12,[5 8],102,-1,114,-1,102
1,<environment.Job instance at 0x7fe50c0da5a0>,103,18,[9 2],104,-1,122,-1,104
1,<environment.Job instance at 0x7fe50c61d8c0>,104,15,[6 2],105,-1,120,-1,105
1,<environment.Job instance at 0x7fe50c406e10>,106,16,[5 9],107,-1,123,-1,107
1,<environment.Job instance at 0x7fe50c7c5c30>,108,24,[5 6],109,-1,133,-1,109
1,<environment.Job instance at 0x7fe515fd1fa0>,1,2,[ 5 11],2,-1,4,-1,2
1,<environment.Job instance at 0x7fe50bd76910>,9,13,[ 4 14],10,-1,23,-1,10
1,<environment.Job instance at 0x7fe50c614b40>,16,16,[13  1],17,-1,39,-1,23
1,<environment.Job instance at 0x7fe50c3f2550>,26,27,[2 9],27,-1,80,-1,53
1,<environment.Job instance at 0x7fe50be3e3c0>,33,14,[14  4],34,-1,99,-1,85
1,<environment.Job instance at 0x7fe50cd43b40>,35,3,[ 1 13],36,-1,88,-1,85
1,<environment.Job instance at 0x7fe50cd432d0>,36,2,[14  2],37,-1,87,-1,85
1,<environment.Job instance at 0x7fe50cd433c0>,37,15,[ 5 12],38,-1,100,-1,85
1,<environment.Job instance at 0x7fe50c56e2d0>,40,2,[14  4],41,-1,103,-1,101
1,<environment.Job instance at 0x7fe50c56eb90>,41,27,[8 5],42,-1,130,-1,103
1,<environment.Job instance at 0x7fe50cd21460>,44,16,[11  4],45,-1,119,-1,103
1,<environment.Job instance at 0x7fe50c238eb0>,48,16,[13  2],49,-1,125,-1,109
1,<environment.Job instance at 0x7fe50cd57820>,1,17,[5 8],2,-1,19,-1,2
1,<environment.Job instance at 0x7fe50ceb8550>,8,12,[10  3],9,-1,22,-1,10
1,<environment.Job instance at 0x7fe50cd57370>,9,13,[10  4],10,-1,23,-1,10
1,<environment.Job instance at 0x7fe50ceb8a50>,10,20,[ 4 10],11,-1,32,-1,12
1,<environment.Job instance at 0x7fe50ceb8d20>,13,14,[ 4 10],14,-1,29,-1,15
1,<environment.Job instance at 0x7fe50ceb8690>,16,24,[4 5],17,-1,41,-1,17
1,<environment.Job instance at 0x7fe50c634cd0>,17,24,[4 8],18,-1,42,-1,18
1,<environment.Job instance at 0x7fe50c6364b0>,26,16,[4 9],27,-1,43,-1,27
1,<environment.Job instance at 0x7fe50c636f50>,27,18,[6 1],28,-1,46,-1,28
1,<environment.Job instance at 0x7fe50c636230>,28,14,[5 4],29,-1,47,-1,33
1,<environment.Job instance at 0x7fe50c1ff550>,36,17,[1 6],37,-1,54,-1,37
1,<environment.Job instance at 0x7fe50c1ff3c0>,37,13,[9 4],38,-1,51,-1,38
1,<environment.Job instance at 0x7fe50d1ec0f0>,38,13,[4 8],39,-1,52,-1,39
1,<environment.Job instance at 0x7fe50d1ecaf0>,42,18,[6 5],43,-1,61,-1,43
1,<environment.Job instance at 0x7fe50d1ec320>,46,16,[4 8],47,-1,63,-1,47
1,<environment.Job instance at 0x7fe50c8a7f50>,47,15,[4 8],48,-1,63,-1,48
1,<environment.Job instance at 0x7fe50d122c80>,58,18,[10  1],59,-1,124,-1,106
1,<environment.Job instance at 0x7fe50c77d960>,0,3,[ 3 12],1,-1,4,-1,1
1,<environment.Job instance at 0x7fe50ce5c140>,2,14,[14  5],3,-1,17,-1,3
1,<environment.Job instance at 0x7fe50c3fcd20>,16,24,[4 5],17,-1,61,-1,37
1,<environment.Job instance at 0x7fe50be15b40>,17,24,[4 8],18,-1,61,-1,37
1,<environment.Job instance at 0x7fe50c3ee190>,32,23,[6 2],33,-1,109,-1,86
1,<environment.Job instance at 0x7fe50c3f2af0>,34,3,[ 1 12],35,-1,89,-1,86
1,<environment.Job instance at 0x7fe50c1095a0>,35,14,[12  1],36,-1,100,-1,86
1,<environment.Job instance at 0x7fe50bd76910>,43,1,[11  3],44,-1,106,-1,105
1,<environment.Job instance at 0x7fe515fd1fa0>,45,28,[ 4 12],46,-1,134,-1,106
1,<environment.Job instance at 0x7fe50bde4dc0>,5,15,[10  1],6,-1,23,-1,8
1,<environment.Job instance at 0x7fe50c0ac870>,10,20,[8 5],11,-1,31,-1,11
1,<environment.Job instance at 0x7fe50cc19190>,14,16,[5 8],15,-1,31,-1,15
1,<environment.Job instance at 0x7fe50cc19f50>,15,25,[4 5],16,-1,41,-1,16
1,<environment.Job instance at 0x7fe50be01f50>,20,18,[3 5],21,-1,39,-1,21
1,<environment.Job instance at 0x7fe50be01960>,21,15,[3 7],22,-1,37,-1,22
1,<environment.Job instance at 0x7fe50be01280>,31,13,[3 5],32,-1,45,-1,32
1,<environment.Job instance at 0x7fe50be010f0>,32,18,[4 8],33,-1,51,-1,33
1,<environment.Job instance at 0x7fe50bdab820>,33,15,[ 2 10],34,-1,49,-1,34
1,<environment.Job instance at 0x7fe50bdab4b0>,36,13,[6 4],37,-1,50,-1,37
1,<environment.Job instance at 0x7fe50bdabdc0>,37,26,[ 3 10],38,-1,64,-1,38
1,<environment.Job instance at 0x7fe50bdab870>,38,12,[10  4],39,-1,51,-1,39
1,<environment.Job instance at 0x7fe50bdab910>,40,2,[5 4],41,-1,43,-1,41
1,<environment.Job instance at 0x7fe50bdab500>,41,3,[12  2],42,-1,45,-1,42
1,<environment.Job instance at 0x7fe50bdab140>,42,1,[2 6],43,-1,44,-1,43
1,<environment.Job instance at 0x7fe50bdab5a0>,43,3,[6 1],44,-1,47,-1,44
1,<environment.Job instance at 0x7fe50cf30b40>,51,17,[7 4],52,-1,69,-1,52
1,<environment.Job instance at 0x7fe50bdadc80>,53,14,[ 5 10],54,-1,68,-1,54
1,<environment.Job instance at 0x7fe50be90320>,55,13,[7 4],56,-1,69,-1,56
1,<environment.Job instance at 0x7fe50be90500>,56,16,[3 8],57,-1,73,-1,57
1,<environment.Job instance at 0x7fe50bde4500>,7,12,[6 5],8,-1,72,-1,60
1,<environment.Job instance at 0x7fe50c15f6e0>,62,17,[5 7],63,-1,84,-1,67
1,<environment.Job instance at 0x7fe50d002a00>,70,18,[9 3],71,-1,89,-1,71
1,<environment.Job instance at 0x7fe50d0027d0>,71,17,[9 4],72,-1,89,-1,72
1,<environment.Job instance at 0x7fe50cffb460>,76,17,[4 8],77,-1,94,-1,77
1,<environment.Job instance at 0x7fe50cffb550>,77,14,[5 6],78,-1,92,-1,78
1,<environment.Job instance at 0x7fe50cfe8690>,78,16,[8 4],79,-1,95,-1,79
1,<environment.Job instance at 0x7fe50cfe87d0>,79,17,[5 6],80,-1,97,-1,80
1,<environment.Job instance at 0x7fe50cfe8640>,80,15,[3 7],81,-1,96,-1,81
1,<environment.Job instance at 0x7fe50cfe8d70>,84,13,[10  1],85,-1,100,-1,87
1,<environment.Job instance at 0x7fe50d00d050>,90,12,[3 8],91,-1,103,-1,91
1,<environment.Job instance at 0x7fe50d00d910>,91,18,[7 1],92,-1,110,-1,92
1,<environment.Job instance at 0x7fe50d00d690>,92,15,[6 2],93,-1,108,-1,93
1,<environment.Job instance at 0x7fe50d00fc30>,95,16,[3 5],96,-1,112,-1,96
1,<environment.Job instance at 0x7fe50d00fd70>,96,14,[6 2],97,-1,111,-1,97
1,<environment.Job instance at 0x7fe50cb16f00>,3,17,[13  3],4,-1,21,-1,4
1,<environment.Job instance at 0x7fe50cb168c0>,4,3,[13  1],5,-1,8,-1,5
1,<environment.Job instance at 0x7fe50c7ed3c0>,15,25,[4 5],16,-1,48,-1,23
1,<environment.Job instance at 0x7fe50cea90a0>,18,1,[ 4 14],19,-1,24,-1,23
1,<environment.Job instance at 0x7fe50c231fa0>,30,2,[13  2],31,-1,54,-1,52
1,<environment.Job instance at 0x7fe50c231f50>,34,1,[12  5],35,-1,67,-1,66
1,<environment.Job instance at 0x7fe50cb485f0>,37,26,[ 3 10],38,-1,98,-1,72
1,<environment.Job instance at 0x7fe50cb48640>,41,3,[12  2],42,-1,90,-1,87
1,<environment.Job instance at 0x7fe50ced4230>,1,23,[5 9],2,-1,25,-1,2
1,<environment.Job instance at 0x7fe50c2110a0>,7,22,[2 9],8,-1,33,-1,11
1,<environment.Job instance at 0x7fe50c211f00>,11,16,[5 2],12,-1,28,-1,12
1,<environment.Job instance at 0x7fe50c211aa0>,12,2,[5 4],13,-1,15,-1,13
1,<environment.Job instance at 0x7fe50c211d70>,13,15,[ 3 10],14,-1,29,-1,14
1,<environment.Job instance at 0x7fe50c211dc0>,14,12,[7 5],15,-1,27,-1,15
1,<environment.Job instance at 0x7fe50c211050>,15,14,[7 5],16,-1,30,-1,16
1,<environment.Job instance at 0x7fe50c211c80>,16,20,[8 2],17,-1,37,-1,17
1,<environment.Job instance at 0x7fe50c211320>,10,13,[5 8],11,-1,30,-1,17
1,<environment.Job instance at 0x7fe50c2119b0>,17,16,[8 4],18,-1,35,-1,19
1,<environment.Job instance at 0x7fe50c211960>,18,26,[2 5],19,-1,45,-1,19
1,<environment.Job instance at 0x7fe50c3cb050>,20,15,[10  5],21,-1,38,-1,23
1,<environment.Job instance at 0x7fe50c3cbaf0>,23,12,[8 2],24,-1,36,-1,24
1,<environment.Job instance at 0x7fe50c3cbfa0>,26,24,[2 9],27,-1,51,-1,27
1,<environment.Job instance at 0x7fe50c3cb0f0>,22,12,[8 2],23,-1,39,-1,27
1,<environment.Job instance at 0x7fe50c3cba00>,31,16,[8 4],32,-1,53,-1,37
1,<environment.Job instance at 0x7fe50cb4f140>,37,16,[8 4],38,-1,54,-1,38
1,<environment.Job instance at 0x7fe50cb4f280>,35,15,[9 1],36,-1,55,-1,40
1,<environment.Job instance at 0x7fe50c434960>,47,14,[4 7],48,-1,62,-1,48
1,<environment.Job instance at 0x7fe50c434280>,50,12,[9 4],51,-1,63,-1,51
1,<environment.Job instance at 0x7fe50c434f50>,51,23,[1 8],52,-1,75,-1,52
1,<environment.Job instance at 0x7fe50c434cd0>,52,14,[3 7],53,-1,67,-1,53
1,<environment.Job instance at 0x7fe50c4342d0>,53,16,[ 5 10],54,-1,70,-1,54
1,<environment.Job instance at 0x7fe50c434fa0>,54,17,[3 5],55,-1,72,-1,55
1,<environment.Job instance at 0x7fe50cb4f5f0>,43,13,[10  3],44,-1,68,-1,55
1,<environment.Job instance at 0x7fe50c434c30>,55,15,[ 1 10],56,-1,82,-1,67
1,<environment.Job instance at 0x7fe50c3fbeb0>,67,18,[ 1 10],68,-1,86,-1,68
1,<environment.Job instance at 0x7fe50c3fb370>,66,25,[8 1],67,-1,97,-1,72
1,<environment.Job instance at 0x7fe50c7d5870>,74,28,[7 4],75,-1,103,-1,75
1,<environment.Job instance at 0x7fe50d283140>,73,16,[9 5],74,-1,91,-1,75
1,<environment.Job instance at 0x7fe50c7d58c0>,75,20,[7 2],76,-1,97,-1,77
1,<environment.Job instance at 0x7fe50c7d5230>,77,17,[5 6],78,-1,95,-1,78
1,<environment.Job instance at 0x7fe50c7d5370>,79,17,[5 2],80,-1,97,-1,80
1,<environment.Job instance at 0x7fe50c7d5780>,76,14,[10  3],77,-1,100,-1,86
1,<environment.Job instance at 0x7fe50c7d5910>,84,19,[1 8],85,-1,105,-1,86
1,<environment.Job instance at 0x7fe50c3cbd70>,29,20,[ 3 11],30,-1,106,-1,86
1,<environment.Job instance at 0x7fe50c7d5e10>,86,17,[8 4],87,-1,105,-1,88
1,<environment.Job instance at 0x7fe50c3fb5a0>,61,13,[5 8],62,-1,110,-1,97
1,<environment.Job instance at 0x7fe50d274870>,90,13,[8 4],91,-1,110,-1,97
1,<environment.Job instance at 0x7fe50d274050>,95,20,[5 5],96,-1,118,-1,98
1,<environment.Job instance at 0x7fe50d2744b0>,96,18,[7 3],97,-1,116,-1,98
1,<environment.Job instance at 0x7fe50c219e10>,98,18,[1 5],99,-1,117,-1,99
1,<environment.Job instance at 0x7fe50c206050>,1,23,[5 9],2,-1,25,-1,2
1,<environment.Job instance at 0x7fe50c219af0>,3,3,[ 1 14],4,-1,7,-1,4
1,<environment.Job instance at 0x7fe50c242190>,6,1,[ 3 13],7,-1,8,-1,7
1,<environment.Job instance at 0x7fe50c20a410>,18,26,[2 5],19,-1,60,-1,34
1,<environment.Job instance at 0x7fe50cfb4eb0>,27,12,[ 2 12],28,-1,77,-1,65
1,<environment.Job instance at 0x7fe50cfaa500>,28,14,[13  4],29,-1,79,-1,65
1,<environment.Job instance at 0x7fe50cfaa9b0>,29,20,[ 3 11],30,-1,85,-1,65
1,<environment.Job instance at 0x7fe50cfb4690>,26,24,[2 9],27,-1,100,-1,76
1,<environment.Job instance at 0x7fe50c4c7140>,46,1,[ 3 11],47,-1,102,-1,101
1,<environment.Job instance at 0x7fe5161845f0>,1,25,[1 6],2,-1,27,-1,2
1,<environment.Job instance at 0x7fe50bfa3eb0>,9,15,[9 1],10,-1,26,-1,11
1,<environment.Job instance at 0x7fe50bfa3f50>,11,15,[10  4],12,-1,27,-1,12
1,<environment.Job instance at 0x7fe50c9edc30>,10,12,[10  4],11,-1,24,-1,12
1,<environment.Job instance at 0x7fe50bf9faf0>,24,21,[10  5],25,-1,47,-1,26
1,<environment.Job instance at 0x7fe50bf9f460>,19,27,[ 3 10],20,-1,55,-1,28
1,<environment.Job instance at 0x7fe50bf9fd70>,27,20,[10  2],28,-1,48,-1,28
1,<environment.Job instance at 0x7fe50bf9fbe0>,25,17,[9 3],26,-1,46,-1,29
1,<environment.Job instance at 0x7fe50bf9e190>,31,13,[7 4],32,-1,58,-1,45
1,<environment.Job instance at 0x7fe50bf9e5f0>,37,27,[9 4],38,-1,72,-1,45
1,<environment.Job instance at 0x7fe50bfa3a50>,5,24,[4 7],6,-1,69,-1,45
1,<environment.Job instance at 0x7fe50bf9e550>,36,14,[8 3],37,-1,59,-1,45
1,<environment.Job instance at 0x7fe50bf9e730>,39,15,[5 5],40,-1,61,-1,46
1,<environment.Job instance at 0x7fe50bf9ea00>,40,15,[2 8],41,-1,61,-1,46
1,<environment.Job instance at 0x7fe50bf9ebe0>,42,18,[2 5],43,-1,65,-1,47
1,<environment.Job instance at 0x7fe50bf9ed20>,44,15,[10  1],45,-1,62,-1,47
1,<environment.Job instance at 0x7fe50bf9f370>,16,14,[9 2],17,-1,61,-1,47
1,<environment.Job instance at 0x7fe50bf9eeb0>,45,15,[8 4],46,-1,62,-1,47
1,<environment.Job instance at 0x7fe50bf9e690>,38,3,[6 2],39,-1,50,-1,47
1,<environment.Job instance at 0x7fe50bf9ecd0>,46,14,[2 6],47,-1,61,-1,47
1,<environment.Job instance at 0x7fe50bf9c190>,49,17,[5 4],50,-1,67,-1,50
1,<environment.Job instance at 0x7fe50bf9c0a0>,50,16,[1 6],51,-1,67,-1,51
1,<environment.Job instance at 0x7fe50bf9c2d0>,51,12,[2 8],52,-1,66,-1,54
1,<environment.Job instance at 0x7fe50bf9c460>,54,18,[9 3],55,-1,73,-1,55
1,<environment.Job instance at 0x7fe50c6dd550>,1,25,[1 6],2,-1,27,-1,2
1,<environment.Job instance at 0x7fe50cb53690>,2,12,[12  2],3,-1,15,-1,3
1,<environment.Job instance at 0x7fe50cfaeb90>,3,26,[10  4],4,-1,30,-1,4
1,<environment.Job instance at 0x7fe50cfae780>,5,24,[4 7],6,-1,30,-1,6
1,<environment.Job instance at 0x7fe50cfcc050>,14,13,[ 5 11],15,-1,35,-1,22
1,<environment.Job instance at 0x7fe50c65fa50>,19,27,[ 3 10],20,-1,57,-1,30
1,<environment.Job instance at 0x7fe50cfcca50>,17,28,[7 2],18,-1,62,-1,34
1,<environment.Job instance at 0x7fe50c47bd20>,22,26,[9 1],23,-1,60,-1,34
1,<environment.Job instance at 0x7fe50bd5f910>,26,3,[ 2 14],27,-1,38,-1,35
1,<environment.Job instance at 0x7fe50c6d45f0>,37,27,[9 4],38,-1,93,-1,66
1,<environment.Job instance at 0x7fe50c4c7410>,48,17,[13  5],49,-1,119,-1,102
1,<environment.Job instance at 0x7fe50c8d3280>,5,12,[10  3],6,-1,19,-1,7
1,<environment.Job instance at 0x7fe50c8d3730>,9,14,[2 5],10,-1,24,-1,10
1,<environment.Job instance at 0x7fe50d12fd20>,6,16,[1 7],7,-1,26,-1,10
1,<environment.Job instance at 0x7fe50c8d3eb0>,11,16,[1 5],12,-1,28,-1,12
1,<environment.Job instance at 0x7fe50c8d33c0>,12,18,[1 5],13,-1,31,-1,13
1,<environment.Job instance at 0x7fe50c8d34b0>,13,15,[2 8],14,-1,30,-1,15
1,<environment.Job instance at 0x7fe50cf89aa0>,17,13,[ 5 10],18,-1,31,-1,18
1,<environment.Job instance at 0x7fe50cf89280>,18,16,[6 5],19,-1,35,-1,19
1,<environment.Job instance at 0x7fe50cf89870>,20,25,[6 2],21,-1,46,-1,21
1,<environment.Job instance at 0x7fe50d438af0>,27,16,[1 7],28,-1,44,-1,28
1,<environment.Job instance at 0x7fe50ca25b90>,30,16,[5 9],31,-1,47,-1,31
1,<environment.Job instance at 0x7fe50ca25050>,32,14,[10  5],33,-1,48,-1,34
1,<environment.Job instance at 0x7fe50ca252d0>,34,17,[4 9],35,-1,52,-1,35
1,<environment.Job instance at 0x7fe50ca25370>,36,18,[1 8],37,-1,55,-1,37
1,<environment.Job instance at 0x7fe50c3e4370>,52,15,[9 5],53,-1,74,-1,59
1,<environment.Job instance at 0x7fe50cbe6a00>,40,15,[8 5],41,-1,74,-1,59
1,<environment.Job instance at 0x7fe50cd490f0>,59,13,[9 3],60,-1,73,-1,60
1,<environment.Job instance at 0x7fe50c3e4960>,57,18,[5 3],58,-1,79,-1,61
1,<environment.Job instance at 0x7fe50cd49dc0>,63,18,[ 5 13],64,-1,82,-1,64
1,<environment.Job instance at 0x7fe50cd496e0>,64,13,[8 1],65,-1,78,-1,65
1,<environment.Job instance at 0x7fe50cd490a0>,66,16,[2 7],67,-1,83,-1,67
1,<environment.Job instance at 0x7fe50d13de10>,2,1,[ 4 11],3,-1,4,-1,3
1,<environment.Job instance at 0x7fe50c20a280>,14,3,[ 1 12],15,-1,33,-1,30
1,<environment.Job instance at 0x7fe50cea98c0>,20,25,[6 2],21,-1,78,-1,53
1,<environment.Job instance at 0x7fe50cfb4690>,22,3,[14  1],23,-1,56,-1,53
1,<environment.Job instance at 0x7fe50c23d190>,23,1,[ 4 12],24,-1,54,-1,53
1,<environment.Job instance at 0x7fe50c4c7410>,31,18,[14  2],32,-1,87,-1,69
1,<environment.Job instance at 0x7fe50c4349b0>,35,15,[12  5],36,-1,101,-1,86
1,<environment.Job instance at 0x7fe50c6c6870>,37,27,[4 8],38,-1,133,-1,106
1,<environment.Job instance at 0x7fe50c434870>,38,20,[ 4 13],39,-1,126,-1,106
1,<environment.Job instance at 0x7fe50bd32910>,1,16,[1 7],2,-1,18,-1,2
1,<environment.Job instance at 0x7fe50c32a1e0>,8,18,[5 9],9,-1,27,-1,9
1,<environment.Job instance at 0x7fe50c4f0aa0>,9,16,[8 4],10,-1,29,-1,13
1,<environment.Job instance at 0x7fe50bcd0e60>,13,16,[5 9],14,-1,30,-1,14
1,<environment.Job instance at 0x7fe50bcd0d70>,14,16,[3 5],15,-1,31,-1,15
1,<environment.Job instance at 0x7fe50bcd0b90>,15,15,[ 3 10],16,-1,31,-1,16
1,<environment.Job instance at 0x7fe50c4f0eb0>,12,16,[4 7],13,-1,33,-1,17
1,<environment.Job instance at 0x7fe50bfd9eb0>,22,26,[9 3],23,-1,51,-1,25
1,<environment.Job instance at 0x7fe50bcda0f0>,25,15,[8 3],26,-1,43,-1,28
1,<environment.Job instance at 0x7fe50bcdaa00>,27,13,[9 2],28,-1,41,-1,28
1,<environment.Job instance at 0x7fe50bccfb90>,30,14,[5 3],31,-1,48,-1,34
1,<environment.Job instance at 0x7fe50bd2afa0>,35,18,[6 4],36,-1,54,-1,36
1,<environment.Job instance at 0x7fe50bd2a370>,37,22,[6 4],38,-1,60,-1,38
1,<environment.Job instance at 0x7fe50bccf370>,33,14,[5 9],34,-1,53,-1,39
1,<environment.Job instance at 0x7fe50c558d70>,40,15,[4 9],41,-1,57,-1,42
1,<environment.Job instance at 0x7fe50bd2aa00>,44,17,[9 5],45,-1,62,-1,45
1,<environment.Job instance at 0x7fe50c2b90f0>,46,12,[9 2],47,-1,60,-1,48
1,<environment.Job instance at 0x7fe50cb90e10>,51,17,[7 1],52,-1,69,-1,52
1,<environment.Job instance at 0x7fe50d60b050>,47,18,[3 7],48,-1,72,-1,54
1,<environment.Job instance at 0x7fe50c7cd5a0>,53,12,[ 4 10],54,-1,67,-1,55
1,<environment.Job instance at 0x7fe50cb92280>,55,19,[10  1],56,-1,75,-1,56
1,<environment.Job instance at 0x7fe50cb92b40>,56,14,[2 9],57,-1,71,-1,57
1,<environment.Job instance at 0x7fe50cb92500>,58,23,[1 5],59,-1,82,-1,59
1,<environment.Job instance at 0x7fe50cb92e60>,61,17,[8 4],62,-1,79,-1,62
1,<environment.Job instance at 0x7fe50c48db40>,62,15,[1 9],63,-1,78,-1,63
1,<environment.Job instance at 0x7fe50c48de10>,63,18,[10  4],64,-1,82,-1,64
1,<environment.Job instance at 0x7fe50c48d050>,64,14,[ 4 10],65,-1,79,-1,65
1,<environment.Job instance at 0x7fe50cb92af0>,67,20,[5 3],68,-1,88,-1,68
1,<environment.Job instance at 0x7fe50bfe2cd0>,70,16,[10  2],71,-1,87,-1,71
1,<environment.Job instance at 0x7fe50bfe20f0>,71,16,[ 2 10],72,-1,88,-1,72
1,<environment.Job instance at 0x7fe50bfe2e10>,73,16,[1 9],74,-1,90,-1,74
1,<environment.Job instance at 0x7fe50bf14410>,75,15,[2 8],76,-1,91,-1,76
1,<environment.Job instance at 0x7fe50c4c7410>,2,18,[ 3 13],3,-1,21,-1,3
1,<environment.Job instance at 0x7fe50bcdae10>,26,3,[12  4],27,-1,74,-1,71
1,<environment.Job instance at 0x7fe50c3e77d0>,22,26,[9 3],23,-1,103,-1,77
1,<environment.Job instance at 0x7fe50cb92d20>,36,15,[ 1 11],37,-1,118,-1,103
1,<environment.Job instance at 0x7fe50c10fc80>,1,18,[5 6],2,-1,20,-1,2
1,<environment.Job instance at 0x7fe50cea0a00>,5,16,[6 5],6,-1,22,-1,6
1,<environment.Job instance at 0x7fe50cc9ec30>,6,15,[1 6],7,-1,22,-1,7
1,<environment.Job instance at 0x7fe50d12cf50>,7,18,[3 8],8,-1,26,-1,8
1,<environment.Job instance at 0x7fe50cc834b0>,12,16,[3 7],13,-1,29,-1,13
1,<environment.Job instance at 0x7fe50d162870>,13,15,[9 4],14,-1,29,-1,14
1,<environment.Job instance at 0x7fe50d5ac190>,16,14,[7 3],17,-1,31,-1,17
1,<environment.Job instance at 0x7fe50d5ac320>,17,18,[2 8],18,-1,36,-1,18
1,<environment.Job instance at 0x7fe50d6e8500>,21,14,[1 8],22,-1,36,-1,22
1,<environment.Job instance at 0x7fe50d6e80a0>,22,16,[6 4],23,-1,39,-1,23
1,<environment.Job instance at 0x7fe50d6e85f0>,23,12,[10  2],24,-1,38,-1,26
1,<environment.Job instance at 0x7fe515ca5d70>,26,18,[ 2 10],27,-1,45,-1,27
1,<environment.Job instance at 0x7fe515ca5c30>,25,27,[1 5],26,-1,56,-1,29
1,<environment.Job instance at 0x7fe5161811e0>,30,15,[8 4],31,-1,47,-1,32
1,<environment.Job instance at 0x7fe50c638c80>,31,18,[7 3],32,-1,50,-1,32
1,<environment.Job instance at 0x7fe50d6e45f0>,32,17,[1 7],33,-1,50,-1,33
1,<environment.Job instance at 0x7fe50c633820>,37,15,[ 3 10],38,-1,53,-1,38
1,<environment.Job instance at 0x7fe50c61bcd0>,38,12,[10  1],39,-1,52,-1,40
1,<environment.Job instance at 0x7fe50c61b9b0>,40,17,[5 2],41,-1,58,-1,41
1,<environment.Job instance at 0x7fe50d533be0>,41,21,[8 4],42,-1,63,-1,42
1,<environment.Job instance at 0x7fe50d533c80>,42,16,[1 7],43,-1,59,-1,43
1,<environment.Job instance at 0x7fe50c9ff5f0>,45,18,[4 5],46,-1,64,-1,46
1,<environment.Job instance at 0x7fe50c9fff00>,47,18,[2 7],48,-1,66,-1,48
1,<environment.Job instance at 0x7fe50c9ffa00>,50,15,[6 1],51,-1,66,-1,51
1,<environment.Job instance at 0x7fe50c9fd1e0>,54,20,[8 2],55,-1,75,-1,55
1,<environment.Job instance at 0x7fe50c9fd230>,55,14,[4 9],56,-1,70,-1,56
1,<environment.Job instance at 0x7fe50c9c60a0>,59,13,[2 6],60,-1,73,-1,60
1,<environment.Job instance at 0x7fe50c9c61e0>,60,21,[10  5],61,-1,82,-1,61
1,<environment.Job instance at 0x7fe50c9c6500>,63,19,[7 1],64,-1,83,-1,64
1,<environment.Job instance at 0x7fe50c9c6640>,64,12,[9 5],65,-1,77,-1,65
1,<environment.Job instance at 0x7fe50c9c6eb0>,72,16,[9 2],73,-1,89,-1,73
1,<environment.Job instance at 0x7fe50c9c4190>,78,12,[ 4 10],79,-1,91,-1,79
1,<environment.Job instance at 0x7fe50c9c48c0>,81,15,[9 3],82,-1,97,-1,82
1,<environment.Job instance at 0x7fe50c9c49b0>,82,17,[4 9],83,-1,100,-1,83
1,<environment.Job instance at 0x7fe50c9c4aa0>,84,24,[7 3],85,-1,109,-1,85
1,<environment.Job instance at 0x7fe50c9c4a00>,85,13,[7 2],86,-1,99,-1,86
1,<environment.Job instance at 0x7fe50c9c4b40>,86,21,[5 3],87,-1,108,-1,87
1,<environment.Job instance at 0x7fe50c9c4d20>,87,22,[1 9],88,-1,110,-1,88
1,<environment.Job instance at 0x7fe50c9c4dc0>,88,16,[1 7],89,-1,105,-1,89
1,<environment.Job instance at 0x7fe50c9c4f00>,90,12,[10  5],91,-1,103,-1,91
1,<environment.Job instance at 0x7fe50c9e8140>,91,16,[10  1],92,-1,108,-1,92
1,<environment.Job instance at 0x7fe50c9e81e0>,93,17,[8 3],94,-1,111,-1,94
1,<environment.Job instance at 0x7fe50c9e8500>,97,15,[5 5],98,-1,113,-1,98
1,<environment.Job instance at 0x7fe50c9e83c0>,100,14,[1 9],101,-1,115,-1,101
1,<environment.Job instance at 0x7fe50c9e8780>,102,24,[5 7],103,-1,127,-1,103
1,<environment.Job instance at 0x7fe50c9e8e10>,106,15,[ 1 10],107,-1,122,-1,107
1,<environment.Job instance at 0x7fe50c4a0e10>,10,3,[13  5],11,-1,14,-1,11
1,<environment.Job instance at 0x7fe50c508960>,15,3,[14  3],16,-1,39,-1,36
1,<environment.Job instance at 0x7fe50d686140>,25,27,[1 5],26,-1,110,-1,83
1,<environment.Job instance at 0x7fe50d6866e0>,29,3,[13  3],30,-1,89,-1,86
1,<environment.Job instance at 0x7fc59e3f66e0>,0,18,[ 2 10],1,-1,20,-1,2
1,<environment.Job instance at 0x7fc594dacaf0>,3,18,[ 3 10],4,-1,22,-1,4
1,<environment.Job instance at 0x7fc594dacc80>,4,18,[10  4],5,-1,23,-1,5
1,<environment.Job instance at 0x7fc594dacb90>,5,13,[5 9],6,-1,19,-1,6
1,<environment.Job instance at 0x7fc594dacd20>,6,12,[11  4],7,-1,19,-1,7
1,<environment.Job instance at 0x7fc594dace60>,8,17,[ 2 10],9,-1,26,-1,9
1,<environment.Job instance at 0x7fc594dacf50>,9,17,[ 4 10],10,-1,27,-1,10
1,<environment.Job instance at 0x7fc59e3f68c0>,1,15,[ 1 14],2,-1,28,-1,13
1,<environment.Job instance at 0x7fc594db17d0>,18,16,[8 5],19,-1,35,-1,19
1,<environment.Job instance at 0x7fc594db1cd0>,23,18,[5 2],24,-1,42,-1,24
1,<environment.Job instance at 0x7fc594db1f00>,26,22,[2 9],27,-1,49,-1,27
1,<environment.Job instance at 0x7fc594db43c0>,29,13,[1 6],30,-1,43,-1,30
1,<environment.Job instance at 0x7fc594db4410>,31,17,[4 9],32,-1,49,-1,32
1,<environment.Job instance at 0x7fc594db4550>,32,17,[9 3],33,-1,50,-1,33
1,<environment.Job instance at 0x7fc594db4d20>,38,12,[3 6],39,-1,52,-1,40
1,<environment.Job instance at 0x7fc594db4eb0>,40,1,[1 8],41,-1,42,-1,41
1,<environment.Job instance at 0x7fc594db4f00>,41,14,[6 1],42,-1,56,-1,42
1,<environment.Job instance at 0x7fc594db4fa0>,42,14,[8 4],43,-1,57,-1,43
1,<environment.Job instance at 0x7fc594db60a0>,43,28,[6 4],44,-1,72,-1,44
1,<environment.Job instance at 0x7fc594db6140>,44,17,[ 5 12],45,-1,62,-1,45
1,<environment.Job instance at 0x7fc594db61e0>,45,16,[6 2],46,-1,62,-1,46
1,<environment.Job instance at 0x7fc594db6320>,47,1,[2 6],48,-1,49,-1,48
1,<environment.Job instance at 0x7fc594db4be0>,39,18,[5 8],40,-1,66,-1,48
1,<environment.Job instance at 0x7fc594db6910>,55,17,[4 7],56,-1,73,-1,56
1,<environment.Job instance at 0x7fc594db6d20>,56,18,[4 5],57,-1,75,-1,57
1,<environment.Job instance at 0x7fc594db6f50>,59,14,[ 2 10],60,-1,75,-1,61
1,<environment.Job instance at 0x7fc594db51e0>,62,20,[9 1],63,-1,83,-1,63
1,<environment.Job instance at 0x7fc594db53c0>,63,15,[1 5],64,-1,79,-1,64
1,<environment.Job instance at 0x7fc594db5460>,65,13,[3 5],66,-1,79,-1,66
1,<environment.Job instance at 0x7fc594db5550>,67,26,[5 4],68,-1,94,-1,68
1,<environment.Job instance at 0x7fc594db57d0>,68,22,[5 6],69,-1,91,-1,69
1,<environment.Job instance at 0x7fc594db5690>,69,13,[7 2],70,-1,83,-1,70
1,<environment.Job instance at 0x7fc594db58c0>,70,18,[5 5],71,-1,89,-1,71
1,<environment.Job instance at 0x7fc594db5a00>,72,14,[9 1],73,-1,87,-1,73
1,<environment.Job instance at 0x7fc594db5820>,74,1,[6 2],75,-1,76,-1,75
1,<environment.Job instance at 0x7fc594db5d70>,75,3,[6 4],76,-1,79,-1,76
1,<environment.Job instance at 0x7fc594db5b90>,76,13,[1 5],77,-1,90,-1,77
1,<environment.Job instance at 0x7fc594db6fa0>,60,24,[ 3 10],61,-1,101,-1,77
1,<environment.Job instance at 0x7fc594db5f00>,78,19,[8 4],79,-1,99,-1,80
1,<environment.Job instance at 0x7fc594dbcb90>,91,16,[5 8],92,-1,108,-1,92
1,<environment.Job instance at 0x7fc594db1820>,1,15,[ 1 14],2,-1,17,-1,2
1,<environment.Job instance at 0x7fc594db45a0>,6,12,[11  4],7,-1,19,-1,7
1,<environment.Job instance at 0x7fc594f54aa0>,19,17,[12  3],20,-1,67,-1,50
1,<environment.Job instance at 0x7fc594f54f00>,22,2,[12  3],23,-1,62,-1,60
1,<environment.Job instance at 0x7fc5944fadc0>,10,16,[9 3],11,-1,27,-1,11
1,<environment.Job instance at 0x7fc5944fad70>,14,15,[10  5],15,-1,30,-1,15
1,<environment.Job instance at 0x7fc5944fa690>,16,18,[1 6],17,-1,35,-1,17
1,<environment.Job instance at 0x7fc5944efa00>,20,17,[3 8],21,-1,44,-1,27
1,<environment.Job instance at 0x7fc5944fb550>,9,14,[8 1],10,-1,43,-1,29
1,<environment.Job instance at 0x7fc5944efdc0>,25,15,[6 2],26,-1,44,-1,29
1,<environment.Job instance at 0x7fc5944f9960>,28,12,[3 9],29,-1,43,-1,31
1,<environment.Job instance at 0x7fc5945dd640>,31,16,[1 9],32,-1,48,-1,32
1,<environment.Job instance at 0x7fc5944ef8c0>,23,16,[6 4],24,-1,52,-1,36
1,<environment.Job instance at 0x7fc59466bb40>,32,16,[6 2],33,-1,53,-1,37
1,<environment.Job instance at 0x7fc59436b690>,37,17,[3 8],38,-1,55,-1,38
1,<environment.Job instance at 0x7fc594363f50>,38,16,[3 9],39,-1,55,-1,39
1,<environment.Job instance at 0x7fc59444ceb0>,43,15,[4 8],44,-1,59,-1,44
1,<environment.Job instance at 0x7fc5944458c0>,48,18,[4 6],49,-1,87,-1,69
1,<environment.Job instance at 0x7fc59439f9b0>,57,13,[ 4 10],58,-1,91,-1,78
1,<environment.Job instance at 0x7fc5944fac30>,15,15,[ 3 14],16,-1,93,-1,78
1,<environment.Job instance at 0x7fc594445640>,49,16,[3 5],50,-1,95,-1,79
1,<environment.Job instance at 0x7fc594445d70>,46,22,[11  3],47,-1,102,-1,80
1,<environment.Job instance at 0x7fc594557a00>,64,12,[5 7],65,-1,92,-1,80
1,<environment.Job instance at 0x7fc5943bc280>,65,17,[10  5],66,-1,97,-1,80
1,<environment.Job instance at 0x7fc5943bce10>,66,26,[9 1],67,-1,106,-1,80
1,<environment.Job instance at 0x7fc5945cc4b0>,68,14,[8 5],69,-1,94,-1,80
1,<environment.Job instance at 0x7fc5943c82d0>,69,17,[9 2],70,-1,97,-1,80
1,<environment.Job instance at 0x7fc594437cd0>,59,23,[2 8],60,-1,103,-1,80
1,<environment.Job instance at 0x7fc5943c87d0>,72,14,[8 4],73,-1,94,-1,80
1,<environment.Job instance at 0x7fc5943c80f0>,74,17,[10  5],75,-1,98,-1,81
1,<environment.Job instance at 0x7fc5943c8050>,75,16,[ 3 10],76,-1,97,-1,81
1,<environment.Job instance at 0x7fc5943c8a50>,76,23,[5 8],77,-1,104,-1,81
1,<environment.Job instance at 0x7fc5943fee10>,55,25,[3 9],56,-1,106,-1,81
1,<environment.Job instance at 0x7fc5943c8690>,70,18,[5 1],71,-1,104,-1,86
1,<environment.Job instance at 0x7fc5943aabe0>,82,14,[9 2],83,-1,101,-1,87
1,<environment.Job instance at 0x7fc5944ef730>,60,12,[2 5],61,-1,99,-1,87
1,<environment.Job instance at 0x7fc5943c3500>,85,17,[5 9],86,-1,106,-1,89
1,<environment.Job instance at 0x7fc5943c3320>,88,22,[9 2],89,-1,112,-1,90
1,<environment.Job instance at 0x7fc5943c3e60>,84,17,[10  2],85,-1,109,-1,92
1,<environment.Job instance at 0x7fc5943c3dc0>,83,27,[5 3],84,-1,119,-1,92
1,<environment.Job instance at 0x7fc5943c4d70>,91,18,[ 5 11],92,-1,110,-1,92
1,<environment.Job instance at 0x7fc5943c4e10>,90,17,[2 9],91,-1,110,-1,93
1,<environment.Job instance at 0x7fc5944fb460>,86,13,[5 1],87,-1,115,-1,102
1,<environment.Job instance at 0x7fc5943c4460>,97,18,[ 1 10],98,-1,120,-1,102
1,<environment.Job instance at 0x7fc5943c43c0>,98,28,[7 4],99,-1,135,-1,107
1,<environment.Job instance at 0x7fc5945ce0f0>,58,14,[4 7],59,-1,122,-1,108
1,<environment.Job instance at 0x7fc5943c4eb0>,92,17,[10  4],93,-1,125,-1,108
1,<environment.Job instance at 0x7fc5943cc5f0>,95,17,[8 1],96,-1,126,-1,109
1,<environment.Job instance at 0x7fc59435bb90>,105,17,[3 5],106,-1,126,-1,109
1,<environment.Job instance at 0x7fc5943d2410>,99,1,[9 2],100,-1,111,-1,110
1,<environment.Job instance at 0x7fc59435c0f0>,103,15,[5 6],104,-1,126,-1,111
1,<environment.Job instance at 0x7fc59e43c2d0>,108,16,[14  3],109,-1,127,-1,111
1,<environment.Job instance at 0x7fc59435beb0>,110,15,[7 4],111,-1,126,-1,111
1,<environment.Job instance at 0x7fc59435b5f0>,106,15,[ 5 10],107,-1,127,-1,112
1,<environment.Job instance at 0x7fc594bd0960>,112,16,[8 5],113,-1,129,-1,113
1,<environment.Job instance at 0x7fc59e566280>,114,14,[8 5],115,-1,133,-1,119
1,<environment.Job instance at 0x7fc5945d10a0>,1,18,[11  5],2,-1,20,-1,2
1,<environment.Job instance at 0x7fc5945d1f50>,2,14,[14  1],3,-1,17,-1,3
1,<environment.Job instance at 0x7fc5945685f0>,15,15,[ 3 14],16,-1,39,-1,24
1,<environment.Job instance at 0x7fc5945612d0>,17,12,[14  5],18,-1,37,-1,25
1,<environment.Job instance at 0x7fc59444f460>,3,18,[1 6],4,-1,22,-1,4
1,<environment.Job instance at 0x7fc59444f0a0>,4,15,[9 5],5,-1,21,-1,6
1,<environment.Job instance at 0x7fc59444f410>,6,17,[2 6],7,-1,24,-1,7
1,<environment.Job instance at 0x7fc59444f050>,7,16,[2 8],8,-1,24,-1,8
1,<environment.Job instance at 0x7fc59444f550>,10,18,[8 5],11,-1,37,-1,19
1,<environment.Job instance at 0x7fc5943af8c0>,13,14,[3 5],14,-1,33,-1,19
1,<environment.Job instance at 0x7fc5943afdc0>,19,12,[1 8],20,-1,32,-1,20
1,<environment.Job instance at 0x7fc59e420960>,23,21,[9 5],24,-1,45,-1,24
1,<environment.Job instance at 0x7fc59e420f50>,24,18,[10  2],25,-1,43,-1,25
1,<environment.Job instance at 0x7fc594434dc0>,26,22,[6 1],27,-1,50,-1,28
1,<environment.Job instance at 0x7fc594434910>,28,21,[5 1],29,-1,50,-1,29
1,<environment.Job instance at 0x7fc59e420140>,27,14,[3 5],28,-1,56,-1,42
1,<environment.Job instance at 0x7fc594434550>,39,13,[5 7],40,-1,61,-1,48
1,<environment.Job instance at 0x7fc594434a50>,32,17,[8 2],33,-1,66,-1,49
1,<environment.Job instance at 0x7fc594434230>,33,18,[7 5],34,-1,70,-1,52
1,<environment.Job instance at 0x7fc5944c72d0>,40,2,[10  1],41,-1,54,-1,52
1,<environment.Job instance at 0x7fc5944c7c80>,48,17,[12  1],49,-1,73,-1,56
1,<environment.Job instance at 0x7fc5944c7550>,41,16,[6 2],42,-1,72,-1,56
1,<environment.Job instance at 0x7fc5944c76e0>,49,14,[5 7],50,-1,70,-1,56
1,<environment.Job instance at 0x7fc5944c7730>,53,18,[9 2],54,-1,74,-1,56
1,<environment.Job instance at 0x7fc5944c7b40>,54,18,[ 5 10],55,-1,84,-1,66
1,<environment.Job instance at 0x7fc5943fa870>,56,16,[5 7],57,-1,82,-1,66
1,<environment.Job instance at 0x7fc5943fa1e0>,58,15,[2 5],59,-1,82,-1,67
1,<environment.Job instance at 0x7fc5943faa00>,60,17,[4 5],61,-1,84,-1,67
1,<environment.Job instance at 0x7fc5944c7280>,51,3,[3 6],52,-1,77,-1,74
1,<environment.Job instance at 0x7fc5943fa3c0>,59,15,[7 4],60,-1,90,-1,75
1,<environment.Job instance at 0x7fc5943e5730>,65,18,[9 5],66,-1,93,-1,75
1,<environment.Job instance at 0x7fc5943e5140>,67,17,[7 5],68,-1,92,-1,75
1,<environment.Job instance at 0x7fc5943e5eb0>,63,13,[8 3],64,-1,90,-1,77
1,<environment.Job instance at 0x7fc5943e5190>,66,15,[7 3],67,-1,94,-1,79
1,<environment.Job instance at 0x7fc5943e55f0>,62,27,[ 2 13],63,-1,108,-1,81
1,<environment.Job instance at 0x7fc5943e57d0>,70,14,[2 8],71,-1,95,-1,81
1,<environment.Job instance at 0x7fc5943a4af0>,74,16,[8 3],75,-1,97,-1,81
1,<environment.Job instance at 0x7fc5943a4fa0>,77,14,[7 1],78,-1,95,-1,81
1,<environment.Job instance at 0x7fc5943a4cd0>,79,17,[4 8],80,-1,101,-1,84
1,<environment.Job instance at 0x7fc5943a48c0>,81,18,[ 4 13],82,-1,103,-1,85
1,<environment.Job instance at 0x7fc5943a1550>,83,15,[7 4],84,-1,100,-1,85
1,<environment.Job instance at 0x7fc5943a4550>,82,2,[9 3],83,-1,87,-1,85
1,<environment.Job instance at 0x7fc5943a1780>,85,2,[2 6],86,-1,88,-1,86
1,<environment.Job instance at 0x7fc5943a14b0>,86,15,[6 2],87,-1,102,-1,87
1,<environment.Job instance at 0x7fc5943e5c30>,71,15,[10  3],72,-1,102,-1,87
1,<environment.Job instance at 0x7fc5943a1f00>,90,13,[ 4 10],91,-1,105,-1,92
1,<environment.Job instance at 0x7fc594608d70>,0,28,[7 3],1,-1,29,-1,1
1,<environment.Job instance at 0x7fc595236eb0>,18,12,[12  2],19,-1,51,-1,39
1,<environment.Job instance at 0x7fc59462efa0>,21,19,[ 3 14],22,-1,71,-1,52
1,<environment.Job instance at 0x7fc5952396e0>,22,2,[14  5],23,-1,54,-1,52
1,<environment.Job instance at 0x7fc594646c30>,25,12,[12  4],26,-1,66,-1,54
1,<environment.Job instance at 0x7fc5946fa910>,31,18,[ 5 14],32,-1,86,-1,68
1,<environment.Job instance at 0x7fc59468f5a0>,38,1,[ 5 14],39,-1,90,-1,89
1,<environment.Job instance at 0x7fc5947f6c30>,43,3,[14  5],44,-1,107,-1,104
1,<environment.Job instance at 0x7fc595272af0>,4,22,[1 9],5,-1,27,-1,5
1,<environment.Job instance at 0x7fc5952725a0>,7,13,[ 1 10],8,-1,21,-1,8
1,<environment.Job instance at 0x7fc595272140>,9,18,[ 2 10],10,-1,28,-1,10
1,<environment.Job instance at 0x7fc594745690>,3,12,[8 5],4,-1,22,-1,10
1,<environment.Job instance at 0x7fc595272550>,11,18,[3 8],12,-1,31,-1,13
1,<environment.Job instance at 0x7fc595272b90>,13,24,[3 6],14,-1,38,-1,14
1,<environment.Job instance at 0x7fc595272640>,15,20,[3 8],16,-1,37,-1,17
1,<environment.Job instance at 0x7fc595272690>,17,27,[9 5],18,-1,45,-1,18
1,<environment.Job instance at 0x7fc595097690>,20,18,[4 8],21,-1,39,-1,21
1,<environment.Job instance at 0x7fc594f0b780>,25,18,[ 3 10],26,-1,44,-1,26
1,<environment.Job instance at 0x7fc594f0ba00>,26,21,[6 1],27,-1,48,-1,27
1,<environment.Job instance at 0x7fc594f0b6e0>,27,13,[4 9],28,-1,41,-1,28
1,<environment.Job instance at 0x7fc5952728c0>,16,15,[4 9],17,-1,47,-1,32
1,<environment.Job instance at 0x7fc594f0b500>,32,17,[9 1],33,-1,50,-1,33
1,<environment.Job instance at 0x7fc594f0bc30>,33,18,[8 1],34,-1,54,-1,36
1,<environment.Job instance at 0x7fc594f0bf00>,35,27,[5 5],36,-1,63,-1,36
1,<environment.Job instance at 0x7fc594f0b410>,36,22,[2 8],37,-1,60,-1,38
1,<environment.Job instance at 0x7fc594f0b050>,37,20,[5 2],38,-1,58,-1,38
1,<environment.Job instance at 0x7fc594f13eb0>,39,17,[2 6],40,-1,58,-1,41
1,<environment.Job instance at 0x7fc594f131e0>,42,17,[4 6],43,-1,60,-1,43
1,<environment.Job instance at 0x7fc594f13500>,49,17,[5 1],50,-1,67,-1,50
1,<environment.Job instance at 0x7fc594f13f00>,51,18,[5 7],52,-1,70,-1,52
1,<environment.Job instance at 0x7fc594f13f50>,53,16,[3 5],54,-1,72,-1,56
1,<environment.Job instance at 0x7fc595103b40>,56,13,[1 6],57,-1,70,-1,57
1,<environment.Job instance at 0x7fc595103320>,57,14,[10  3],58,-1,72,-1,58
1,<environment.Job instance at 0x7fc594f18140>,65,16,[10  5],66,-1,98,-1,82
1,<environment.Job instance at 0x7fc594f132d0>,40,16,[1 9],41,-1,98,-1,82
1,<environment.Job instance at 0x7fc594f18a50>,68,21,[9 5],69,-1,107,-1,86
1,<environment.Job instance at 0x7fc594f189b0>,70,17,[9 4],71,-1,103,-1,86
1,<environment.Job instance at 0x7fc594f18050>,66,13,[8 4],67,-1,99,-1,86
1,<environment.Job instance at 0x7fc594f181e0>,75,15,[5 7],76,-1,102,-1,87
1,<environment.Job instance at 0x7fc594f18500>,76,13,[7 1],77,-1,100,-1,87
1,<environment.Job instance at 0x7fc594f184b0>,67,14,[9 1],68,-1,101,-1,87
1,<environment.Job instance at 0x7fc594f18190>,77,16,[2 6],78,-1,104,-1,88
1,<environment.Job instance at 0x7fc594f18730>,79,16,[ 5 13],80,-1,105,-1,89
1,<environment.Job instance at 0x7fc59e47b5a0>,84,14,[ 3 14],85,-1,103,-1,89
1,<environment.Job instance at 0x7fc59e47b7d0>,85,24,[3 9],86,-1,114,-1,90
1,<environment.Job instance at 0x7fc59e41e0a0>,86,17,[9 1],87,-1,107,-1,90
1,<environment.Job instance at 0x7fc594f18460>,72,12,[8 5],73,-1,103,-1,91
1,<environment.Job instance at 0x7fc594f18550>,83,17,[1 8],84,-1,108,-1,91
1,<environment.Job instance at 0x7fc594f13370>,43,27,[7 5],44,-1,118,-1,91
1,<environment.Job instance at 0x7fc59e41ec80>,89,16,[1 8],90,-1,107,-1,91
1,<environment.Job instance at 0x7fc594751c80>,1,25,[10  4],2,-1,27,-1,2
1,<environment.Job instance at 0x7fc5948c7690>,13,24,[3 6],14,-1,54,-1,30
1,<environment.Job instance at 0x7fc594783d20>,17,27,[9 5],18,-1,60,-1,33
1,<environment.Job instance at 0x7fc5944fc0a0>,23,2,[ 3 14],24,-1,52,-1,50
1,<environment.Job instance at 0x7fc5947f6820>,34,3,[ 3 12],35,-1,86,-1,83
1,<environment.Job instance at 0x7fc5b9bc8d20>,35,27,[5 5],36,-1,127,-1,100
1,<environment.Job instance at 0x7fc59dfbea50>,38,13,[14  4],39,-1,114,-1,101
1,<environment.Job instance at 0x7fc594790a00>,5,19,[7 5],6,-1,26,-1,7
1,<environment.Job instance at 0x7fc594790410>,7,12,[10  4],8,-1,20,-1,8
1,<environment.Job instance at 0x7fc5947906e0>,10,14,[ 4 10],11,-1,25,-1,11
1,<environment.Job instance at 0x7fc59477f230>,12,17,[2 5],13,-1,30,-1,13
1,<environment.Job instance at 0x7fc594785e60>,16,18,[8 2],17,-1,35,-1,17
1,<environment.Job instance at 0x7fc594785410>,19,18,[5 8],20,-1,38,-1,20
1,<environment.Job instance at 0x7fc594785d70>,20,19,[2 7],21,-1,40,-1,21
1,<environment.Job instance at 0x7fc594785550>,21,24,[1 9],22,-1,46,-1,22
1,<environment.Job instance at 0x7fc5958e49b0>,26,14,[7 5],27,-1,41,-1,27
1,<environment.Job instance at 0x7fc5958e40a0>,27,23,[10  4],28,-1,51,-1,28
1,<environment.Job instance at 0x7fc5958e4820>,28,14,[3 8],29,-1,43,-1,29
1,<environment.Job instance at 0x7fc59522b1e0>,31,17,[5 7],32,-1,49,-1,32
1,<environment.Job instance at 0x7fc59522b190>,32,12,[3 8],33,-1,45,-1,33
1,<environment.Job instance at 0x7fc5958eb2d0>,39,17,[ 5 10],40,-1,57,-1,40
1,<environment.Job instance at 0x7fc59475f9b0>,40,18,[4 6],41,-1,59,-1,41
1,<environment.Job instance at 0x7fc594855280>,44,15,[5 7],45,-1,62,-1,47
1,<environment.Job instance at 0x7fc594855a50>,47,18,[1 7],48,-1,66,-1,48
1,<environment.Job instance at 0x7fc594855780>,48,19,[1 6],49,-1,68,-1,49
1,<environment.Job instance at 0x7fc594855b90>,51,14,[5 4],52,-1,67,-1,53
1,<environment.Job instance at 0x7fc594837fa0>,36,17,[13  2],37,-1,70,-1,53
1,<environment.Job instance at 0x7fc59484b410>,53,20,[5 7],54,-1,77,-1,57
1,<environment.Job instance at 0x7fc594e0bd20>,1,24,[4 8],2,-1,26,-1,2
1,<environment.Job instance at 0x7fc594ac6870>,11,1,[11  1],12,-1,13,-1,12
1,<environment.Job instance at 0x7fc594f4ef50>,21,24,[1 9],22,-1,76,-1,52
1,<environment.Job instance at 0x7fc594f18820>,27,23,[10  4],28,-1,85,-1,62
1,<environment.Job instance at 0x7fc594f13820>,33,3,[ 5 13],34,-1,82,-1,79
1,<environment.Job instance at 0x7fc595244690>,36,17,[13  2],37,-1,108,-1,91
1,<environment.Job instance at 0x7fc5951a10f0>,37,1,[11  4],38,-1,92,-1,91
1,<environment.Job instance at 0x7fc594a8feb0>,42,17,[ 2 12],43,-1,120,-1,103
1,<environment.Job instance at 0x7fc594f0b1e0>,45,24,[10  2],46,-1,143,-1,119
1,<environment.Job instance at 0x7fc594c364b0>,0,18,[8 1],1,-1,24,-1,6
1,<environment.Job instance at 0x7fc594c36780>,6,18,[9 4],7,-1,25,-1,7
1,<environment.Job instance at 0x7fc594c36e60>,7,17,[3 5],8,-1,25,-1,8
1,<environment.Job instance at 0x7fc594c36230>,8,17,[2 6],9,-1,26,-1,9
1,<environment.Job instance at 0x7fc594c490a0>,12,15,[10  1],13,-1,29,-1,14
1,<environment.Job instance at 0x7fc594c49820>,14,24,[4 5],15,-1,39,-1,15
1,<environment.Job instance at 0x7fc594c49370>,15,13,[8 5],16,-1,29,-1,16
1,<environment.Job instance at 0x7fc594c49b40>,16,13,[3 9],17,-1,30,-1,17
1,<environment.Job instance at 0x7fc594c49320>,18,16,[6 5],19,-1,35,-1,19
1,<environment.Job instance at 0x7fc594c49960>,22,15,[2 5],23,-1,38,-1,23
1,<environment.Job instance at 0x7fc594c4fb40>,23,14,[4 8],24,-1,38,-1,24
1,<environment.Job instance at 0x7fc594c49550>,13,17,[5 3],14,-1,41,-1,24
1,<environment.Job instance at 0x7fc594c49640>,24,16,[9 2],25,-1,43,-1,27
1,<environment.Job instance at 0x7fc594c4fcd0>,26,15,[9 1],27,-1,42,-1,27
1,<environment.Job instance at 0x7fc594c2d820>,33,15,[6 1],34,-1,49,-1,34
1,<environment.Job instance at 0x7fc59522d820>,38,17,[7 2],39,-1,56,-1,39
1,<environment.Job instance at 0x7fc59522dc30>,39,16,[10  2],40,-1,56,-1,40
1,<environment.Job instance at 0x7fc59522d3c0>,40,15,[5 6],41,-1,56,-1,41
1,<environment.Job instance at 0x7fc59522daa0>,44,15,[7 3],45,-1,61,-1,46
1,<environment.Job instance at 0x7fc59522deb0>,47,15,[10  1],48,-1,63,-1,48
1,<environment.Job instance at 0x7fc59522d960>,49,23,[6 5],50,-1,73,-1,50
1,<environment.Job instance at 0x7fc5948045a0>,50,17,[2 6],51,-1,68,-1,51
1,<environment.Job instance at 0x7fc59522df50>,45,12,[10  3],46,-1,63,-1,51
1,<environment.Job instance at 0x7fc594d3a870>,59,21,[1 9],60,-1,81,-1,60
1,<environment.Job instance at 0x7fc594d3ae60>,60,27,[6 4],61,-1,88,-1,61
1,<environment.Job instance at 0x7fc594d3aaf0>,62,15,[10  1],63,-1,79,-1,64
1,<environment.Job instance at 0x7fc594d3aa50>,64,13,[1 8],65,-1,78,-1,65
1,<environment.Job instance at 0x7fc594d3adc0>,66,14,[1 7],67,-1,81,-1,67
1,<environment.Job instance at 0x7fc594d3a280>,68,22,[7 5],69,-1,91,-1,69
1,<environment.Job instance at 0x7fc594d3afa0>,69,16,[5 3],70,-1,86,-1,70
1,<environment.Job instance at 0x7fc594d3a0a0>,70,18,[ 5 10],71,-1,89,-1,71
1,<environment.Job instance at 0x7fc594d3a820>,72,24,[1 6],73,-1,97,-1,73
1,<environment.Job instance at 0x7fc5958ed8c0>,73,16,[8 5],74,-1,90,-1,74
1,<environment.Job instance at 0x7fc5958ed9b0>,74,16,[9 4],75,-1,91,-1,75
1,<environment.Job instance at 0x7fc5958edb40>,76,15,[10  4],77,-1,92,-1,77
1,<environment.Job instance at 0x7fc5958edaa0>,77,13,[ 4 10],78,-1,91,-1,78
1,<environment.Job instance at 0x7fc5958eddc0>,78,17,[3 9],79,-1,96,-1,79
1,<environment.Job instance at 0x7fc5958ed690>,80,14,[1 8],81,-1,95,-1,81
1,<environment.Job instance at 0x7fc594d3a050>,63,13,[7 5],64,-1,94,-1,81
1,<environment.Job instance at 0x7fc5958f0a50>,88,14,[9 1],89,-1,104,-1,90
1,<environment.Job instance at 0x7fc5958f0730>,92,15,[6 2],93,-1,108,-1,93
1,<environment.Job instance at 0x7fc594789d20>,97,27,[9 3],98,-1,125,-1,98
1,<environment.Job instance at 0x7fc594789410>,98,18,[6 5],99,-1,117,-1,99
1,<environment.Job instance at 0x7fc594789870>,99,18,[ 5 10],100,-1,118,-1,100
1,<environment.Job instance at 0x7fc5946cd500>,105,15,[ 1 10],106,-1,121,-1,106
1,<environment.Job instance at 0x7fc594c34820>,108,24,[4 7],109,-1,133,-1,109
1,<environment.Job instance at 0x7fc5958f0b40>,89,17,[1 9],90,-1,130,-1,113
1,<environment.Job instance at 0x7fc594859190>,112,17,[9 4],113,-1,132,-1,115
1,<environment.Job instance at 0x7fc594701500>,115,16,[9 4],116,-1,133,-1,117
1,<environment.Job instance at 0x7fc594f13780>,117,15,[4 6],118,-1,133,-1,118
1,<environment.Job instance at 0x7fc594f135a0>,11,13,[12  4],12,-1,32,-1,19
1,<environment.Job instance at 0x7fc594c36be0>,14,24,[4 5],15,-1,53,-1,29
1,<environment.Job instance at 0x7fc594831870>,0,20,[4 6],1,-1,21,-1,1
1,<environment.Job instance at 0x7fc595979c80>,12,17,[ 2 10],13,-1,31,-1,14
1,<environment.Job instance at 0x7fc595979410>,14,12,[9 1],15,-1,27,-1,15
1,<environment.Job instance at 0x7fc595979a00>,16,13,[4 7],17,-1,30,-1,17
1,<environment.Job instance at 0x7fc5959792d0>,18,20,[3 8],19,-1,39,-1,19
1,<environment.Job instance at 0x7fc59596a5a0>,19,13,[7 4],20,-1,33,-1,20
1,<environment.Job instance at 0x7fc59596a5f0>,21,21,[4 7],22,-1,43,-1,22
1,<environment.Job instance at 0x7fc59595e1e0>,23,15,[4 9],24,-1,39,-1,24
1,<environment.Job instance at 0x7fc59df98320>,13,15,[5 5],14,-1,40,-1,25
1,<environment.Job instance at 0x7fc594a97be0>,30,15,[10  4],31,-1,47,-1,32
1,<environment.Job instance at 0x7fc594d91780>,31,18,[4 8],32,-1,50,-1,32
1,<environment.Job instance at 0x7fc594d665a0>,34,14,[3 8],35,-1,49,-1,35
1,<environment.Job instance at 0x7fc59451f780>,35,12,[10  1],36,-1,49,-1,37
1,<environment.Job instance at 0x7fc59451f730>,37,14,[ 4 10],38,-1,52,-1,38
1,<environment.Job instance at 0x7fc5943856e0>,38,18,[4 6],39,-1,57,-1,39
1,<environment.Job instance at 0x7fc594384190>,42,16,[3 8],43,-1,59,-1,43
1,<environment.Job instance at 0x7fc5943846e0>,43,13,[7 4],44,-1,60,-1,47
1,<environment.Job instance at 0x7fc5943930f0>,48,17,[9 5],49,-1,66,-1,49
1,<environment.Job instance at 0x7fc5943932d0>,49,16,[7 2],50,-1,66,-1,50
1,<environment.Job instance at 0x7fc5943934b0>,50,16,[ 3 10],51,-1,67,-1,51
1,<environment.Job instance at 0x7fc594393820>,51,16,[5 7],52,-1,68,-1,52
1,<environment.Job instance at 0x7fc594393280>,53,13,[5 5],54,-1,67,-1,54
1,<environment.Job instance at 0x7fc594393960>,55,14,[4 6],56,-1,70,-1,56
1,<environment.Job instance at 0x7fc594aa2f00>,3,14,[ 1 11],4,-1,18,-1,4
1,<environment.Job instance at 0x7fc595062e60>,5,16,[ 2 11],6,-1,22,-1,6
1,<environment.Job instance at 0x7fc5946148c0>,8,2,[13  3],9,-1,11,-1,9
1,<environment.Job instance at 0x7fc594af8140>,22,17,[ 2 11],23,-1,56,-1,39
1,<environment.Job instance at 0x7fc5943765f0>,24,1,[ 2 11],25,-1,40,-1,39
1,<environment.Job instance at 0x7fc595025870>,20,24,[10  4],21,-1,64,-1,40
1,<environment.Job instance at 0x7fc594e6ec80>,39,1,[ 5 14],40,-1,95,-1,94
1,<environment.Job instance at 0x7fc594734fa0>,0,26,[4 9],1,-1,27,-1,1
1,<environment.Job instance at 0x7fc594ac1b90>,5,18,[1 8],6,-1,24,-1,6
1,<environment.Job instance at 0x7fc594ac1730>,7,23,[5 3],8,-1,32,-1,9
1,<environment.Job instance at 0x7fc594734550>,8,16,[9 4],9,-1,25,-1,9
1,<environment.Job instance at 0x7fc594ac10f0>,15,14,[ 1 10],16,-1,31,-1,17
1,<environment.Job instance at 0x7fc594ac1be0>,17,19,[1 5],18,-1,37,-1,18
1,<environment.Job instance at 0x7fc594ac10a0>,18,14,[1 7],19,-1,33,-1,19
1,<environment.Job instance at 0x7fc594ac1960>,19,18,[6 4],20,-1,38,-1,20
1,<environment.Job instance at 0x7fc594ac19b0>,20,13,[11  2],21,-1,34,-1,21
1,<environment.Job instance at 0x7fc594a9eaa0>,22,14,[3 9],23,-1,37,-1,23
1,<environment.Job instance at 0x7fc594a9e780>,27,16,[ 3 12],28,-1,44,-1,28
1,<environment.Job instance at 0x7fc594a9ea00>,28,15,[7 3],29,-1,44,-1,29
1,<environment.Job instance at 0x7fc594a9ed20>,29,17,[9 2],30,-1,47,-1,30
1,<environment.Job instance at 0x7fc594a9e410>,30,14,[10  1],31,-1,45,-1,31
1,<environment.Job instance at 0x7fc594a9e3c0>,33,22,[5 2],34,-1,56,-1,34
1,<environment.Job instance at 0x7fc594a9e690>,34,18,[5 6],35,-1,53,-1,35
1,<environment.Job instance at 0x7fc594a9e460>,35,17,[3 6],36,-1,53,-1,36
1,<environment.Job instance at 0x7fc594a9edc0>,36,13,[8 2],37,-1,50,-1,37
1,<environment.Job instance at 0x7fc594a9e320>,37,13,[4 5],38,-1,51,-1,38
1,<environment.Job instance at 0x7fc59df34dc0>,38,12,[ 4 10],39,-1,51,-1,39
1,<environment.Job instance at 0x7fc594ac1230>,16,18,[7 4],17,-1,57,-1,39
1,<environment.Job instance at 0x7fc5955b9c80>,57,18,[3 8],58,-1,77,-1,59
1,<environment.Job instance at 0x7fc59df34500>,45,18,[ 5 10],46,-1,79,-1,61
1,<environment.Job instance at 0x7fc5955b9c30>,61,18,[10  5],62,-1,84,-1,66
1,<environment.Job instance at 0x7fc594fcba00>,67,20,[1 8],68,-1,88,-1,68
1,<environment.Job instance at 0x7fc594fcbfa0>,71,21,[4 9],72,-1,93,-1,72
1,<environment.Job instance at 0x7fc59df343c0>,44,14,[6 4],45,-1,93,-1,79
1,<environment.Job instance at 0x7fc594fcbc80>,77,20,[5 7],78,-1,100,-1,80
1,<environment.Job instance at 0x7fc5955b9960>,65,18,[9 2],66,-1,99,-1,81
1,<environment.Job instance at 0x7fc594fcb230>,79,18,[6 1],80,-1,99,-1,81
1,<environment.Job instance at 0x7fc594fcbd20>,80,15,[2 8],81,-1,96,-1,81
1,<environment.Job instance at 0x7fc594fcb500>,78,16,[4 8],79,-1,112,-1,96
1,<environment.Job instance at 0x7fc59df347d0>,46,25,[6 3],47,-1,121,-1,96
1,<environment.Job instance at 0x7fc594a11780>,85,16,[10  5],86,-1,112,-1,96
1,<environment.Job instance at 0x7fc594a11b40>,89,18,[2 7],90,-1,114,-1,96
1,<environment.Job instance at 0x7fc594a11730>,90,15,[4 7],91,-1,111,-1,96
1,<environment.Job instance at 0x7fc595312410>,0,26,[4 9],1,-1,27,-1,1
1,<environment.Job instance at 0x7fc595312b90>,2,16,[13  1],3,-1,19,-1,3
1,<environment.Job instance at 0x7fc59462e370>,11,18,[11  2],12,-1,30,-1,12
1,<environment.Job instance at 0x7fc59df5b140>,12,12,[ 5 13],13,-1,25,-1,13
1,<environment.Job instance at 0x7fc594b98870>,13,24,[ 5 11],14,-1,38,-1,14
1,<environment.Job instance at 0x7fc5953120a0>,7,23,[5 3],8,-1,41,-1,18
1,<environment.Job instance at 0x7fc5951635f0>,20,13,[11  2],21,-1,49,-1,36
1,<environment.Job instance at 0x7fc595547870>,27,16,[ 3 12],28,-1,88,-1,72
1,<environment.Job instance at 0x7fc59424cf50>,1,28,[5 1],2,-1,30,-1,2
1,<environment.Job instance at 0x7fc59424c960>,5,15,[3 5],6,-1,21,-1,6
1,<environment.Job instance at 0x7fc59424c690>,7,13,[9 1],8,-1,21,-1,8
1,<environment.Job instance at 0x7fc5941f91e0>,17,17,[10  4],18,-1,35,-1,18
1,<environment.Job instance at 0x7fc5941f9730>,12,13,[9 1],13,-1,32,-1,19
1,<environment.Job instance at 0x7fc5941f9d20>,19,15,[2 6],20,-1,35,-1,20
1,<environment.Job instance at 0x7fc5941f95a0>,21,14,[9 4],22,-1,36,-1,22
1,<environment.Job instance at 0x7fc5941f9550>,22,13,[2 9],23,-1,36,-1,23
1,<environment.Job instance at 0x7fc59424c910>,13,23,[7 4],14,-1,47,-1,24
1,<environment.Job instance at 0x7fc5941f9c30>,24,3,[4 5],25,-1,28,-1,25
1,<environment.Job instance at 0x7fc5941f9c80>,25,18,[7 5],26,-1,57,-1,39
1,<environment.Job instance at 0x7fc5941f9be0>,29,18,[ 2 10],30,-1,57,-1,39
1,<environment.Job instance at 0x7fc5941f9780>,18,18,[13  5],19,-1,64,-1,46
1,<environment.Job instance at 0x7fc594209550>,30,22,[2 5],31,-1,68,-1,46
1,<environment.Job instance at 0x7fc594209fa0>,33,2,[ 4 10],34,-1,48,-1,46
1,<environment.Job instance at 0x7fc594209690>,34,18,[10  2],35,-1,64,-1,46
1,<environment.Job instance at 0x7fc5941f9e10>,16,12,[9 5],17,-1,58,-1,46
1,<environment.Job instance at 0x7fc594209320>,35,3,[5 6],36,-1,49,-1,46
1,<environment.Job instance at 0x7fc594209730>,37,15,[5 8],38,-1,61,-1,46
1,<environment.Job instance at 0x7fc5942099b0>,38,18,[5 8],39,-1,64,-1,46
1,<environment.Job instance at 0x7fc594209b40>,39,17,[2 6],40,-1,63,-1,46
1,<environment.Job instance at 0x7fc594209af0>,40,1,[ 2 10],41,-1,47,-1,46
1,<environment.Job instance at 0x7fc5942098c0>,41,2,[1 5],42,-1,48,-1,46
1,<environment.Job instance at 0x7fc594209410>,42,1,[9 5],43,-1,47,-1,46
1,<environment.Job instance at 0x7fc5942091e0>,43,14,[ 5 10],44,-1,60,-1,46
1,<environment.Job instance at 0x7fc594209d70>,44,28,[4 5],45,-1,74,-1,46
1,<environment.Job instance at 0x7fc5942097d0>,45,3,[9 2],46,-1,49,-1,46
1,<environment.Job instance at 0x7fc594209640>,46,17,[3 5],47,-1,64,-1,47
1,<environment.Job instance at 0x7fc5942094b0>,48,15,[5 8],49,-1,64,-1,49
1,<environment.Job instance at 0x7fc594209cd0>,49,1,[4 5],50,-1,51,-1,50
1,<environment.Job instance at 0x7fc594d57190>,50,13,[5 6],51,-1,64,-1,51
1,<environment.Job instance at 0x7fc594d57690>,51,25,[10  1],52,-1,77,-1,52
1,<environment.Job instance at 0x7fc594d570a0>,52,12,[10  4],53,-1,65,-1,53
1,<environment.Job instance at 0x7fc594d574b0>,54,13,[ 5 10],55,-1,68,-1,55
1,<environment.Job instance at 0x7fc594d57500>,55,15,[8 1],56,-1,71,-1,56
1,<environment.Job instance at 0x7fc5941f9230>,26,27,[5 2],27,-1,85,-1,58
1,<environment.Job instance at 0x7fc594d57d20>,58,18,[5 5],59,-1,78,-1,60
1,<environment.Job instance at 0x7fc594d57f50>,60,16,[7 5],61,-1,77,-1,61
1,<environment.Job instance at 0x7fc594d578c0>,63,17,[5 9],64,-1,81,-1,64
1,<environment.Job instance at 0x7fc5946caa00>,64,17,[2 5],65,-1,82,-1,65
1,<environment.Job instance at 0x7fc5946ca780>,65,21,[9 3],66,-1,87,-1,66
1,<environment.Job instance at 0x7fc5946cacd0>,66,15,[3 5],67,-1,82,-1,67
1,<environment.Job instance at 0x7fc594d57f00>,59,15,[6 2],60,-1,82,-1,67
1,<environment.Job instance at 0x7fc594d4f5f0>,79,28,[6 1],80,-1,110,-1,82
1,<environment.Job instance at 0x7fc5959ebf50>,82,18,[ 2 12],83,-1,101,-1,83
1,<environment.Job instance at 0x7fc595255a00>,84,18,[5 5],85,-1,107,-1,89
1,<environment.Job instance at 0x7fc5946ca500>,67,25,[9 4],68,-1,114,-1,89
1,<environment.Job instance at 0x7fc5942a9870>,86,17,[2 6],87,-1,106,-1,89
1,<environment.Job instance at 0x7fc5946b7550>,87,12,[2 8],88,-1,101,-1,89
1,<environment.Job instance at 0x7fc5943eafa0>,88,18,[5 3],89,-1,107,-1,89
1,<environment.Job instance at 0x7fc594d252d0>,89,12,[4 6],90,-1,102,-1,90
1,<environment.Job instance at 0x7fc594bd08c0>,90,13,[2 6],91,-1,104,-1,91
1,<environment.Job instance at 0x7fc595776140>,91,13,[10  4],92,-1,105,-1,92
1,<environment.Job instance at 0x7fc595776640>,92,15,[8 4],93,-1,108,-1,93
1,<environment.Job instance at 0x7fc59dfc9820>,73,12,[10  1],74,-1,109,-1,97
1,<environment.Job instance at 0x7fc5949c6d70>,94,15,[5 6],95,-1,115,-1,100
1,<environment.Job instance at 0x7fc5953da370>,96,17,[2 5],97,-1,117,-1,100
1,<environment.Job instance at 0x7fc5944bb190>,98,12,[9 3],99,-1,112,-1,100
1,<environment.Job instance at 0x7fc59dfc7b90>,101,28,[9 4],102,-1,130,-1,102
1,<environment.Job instance at 0x7fc594b96af0>,104,12,[9 1],105,-1,118,-1,106
1,<environment.Job instance at 0x7fc594b96aa0>,103,16,[ 1 12],104,-1,123,-1,107
1,<environment.Job instance at 0x7fc594b96f50>,105,15,[3 9],106,-1,122,-1,107
1,<environment.Job instance at 0x7fc594b96370>,107,17,[1 9],108,-1,125,-1,108
1,<environment.Job instance at 0x7fc594740aa0>,109,18,[7 5],110,-1,128,-1,110
1,<environment.Job instance at 0x7fc594740af0>,110,17,[10  1],111,-1,129,-1,112
1,<environment.Job instance at 0x7fc594b96140>,111,14,[5 8],112,-1,126,-1,112
1,<environment.Job instance at 0x7fc59df2e410>,114,17,[7 2],115,-1,132,-1,115
1,<environment.Job instance at 0x7fc59df2e140>,112,13,[7 2],113,-1,129,-1,116
1,<environment.Job instance at 0x7fc59df2e640>,116,21,[5 5],117,-1,138,-1,117
1,<environment.Job instance at 0x7fc59df2ec80>,115,3,[5 3],116,-1,121,-1,118
1,<environment.Job instance at 0x7fc59df2e690>,118,13,[4 6],119,-1,132,-1,119
1,<environment.Job instance at 0x7fc5946aa550>,0,28,[ 2 14],1,-1,29,-1,1
1,<environment.Job instance at 0x7fc59550aa50>,1,28,[5 1],2,-1,30,-1,2
1,<environment.Job instance at 0x7fc594e91280>,13,23,[7 4],14,-1,38,-1,15
1,<environment.Job instance at 0x7fc594e9ec30>,18,18,[13  5],19,-1,37,-1,19
1,<environment.Job instance at 0x7fc59574af50>,23,3,[13  5],24,-1,47,-1,44
1,<environment.Job instance at 0x7fc5957650a0>,26,27,[5 2],27,-1,75,-1,48
1,<environment.Job instance at 0x7fc5957653c0>,27,14,[ 3 14],28,-1,62,-1,48
1,<environment.Job instance at 0x7fc595745c30>,44,28,[4 5],45,-1,140,-1,112
1,<environment.Job instance at 0x7fc5957453c0>,47,2,[ 5 13],48,-1,115,-1,113
1,<environment.Job instance at 0x7fc5950b0eb0>,4,16,[7 4],5,-1,21,-1,5
1,<environment.Job instance at 0x7fc5950b06e0>,8,17,[9 5],9,-1,28,-1,11
1,<environment.Job instance at 0x7fc5950b0aa0>,11,18,[4 7],12,-1,30,-1,12
1,<environment.Job instance at 0x7fc594df5f50>,13,17,[9 1],14,-1,31,-1,14
1,<environment.Job instance at 0x7fc594df54b0>,14,22,[4 9],15,-1,37,-1,15
1,<environment.Job instance at 0x7fc594df53c0>,16,21,[5 5],17,-1,38,-1,17
1,<environment.Job instance at 0x7fc594df57d0>,19,15,[3 9],20,-1,35,-1,20
1,<environment.Job instance at 0x7fc594df5d20>,23,2,[13  2],24,-1,26,-1,24
1,<environment.Job instance at 0x7fc594df51e0>,24,15,[10  2],25,-1,40,-1,25
1,<environment.Job instance at 0x7fc594df56e0>,25,25,[1 6],26,-1,51,-1,26
1,<environment.Job instance at 0x7fc594df5a50>,26,1,[5 5],27,-1,28,-1,27
1,<environment.Job instance at 0x7fc594df5dc0>,27,15,[6 2],28,-1,43,-1,28
1,<environment.Job instance at 0x7fc594df5b90>,28,3,[ 1 10],29,-1,32,-1,29
1,<environment.Job instance at 0x7fc5948550a0>,29,3,[9 3],30,-1,33,-1,30
1,<environment.Job instance at 0x7fc594855cd0>,32,20,[ 5 10],33,-1,53,-1,33
1,<environment.Job instance at 0x7fc594855550>,34,12,[9 1],35,-1,47,-1,35
1,<environment.Job instance at 0x7fc5948559b0>,35,24,[8 3],36,-1,60,-1,36
1,<environment.Job instance at 0x7fc594855960>,37,12,[5 9],38,-1,50,-1,38
1,<environment.Job instance at 0x7fc594855c80>,40,12,[5 6],41,-1,53,-1,41
1,<environment.Job instance at 0x7fc594855f50>,41,16,[3 9],42,-1,58,-1,42
1,<environment.Job instance at 0x7fc594855780>,44,13,[2 7],45,-1,58,-1,45
1,<environment.Job instance at 0x7fc594855640>,45,17,[10  3],46,-1,63,-1,46
1,<environment.Job instance at 0x7fc594855a00>,46,18,[6 4],47,-1,65,-1,47
1,<environment.Job instance at 0x7fc5958a4f50>,47,24,[5 9],48,-1,72,-1,48
1,<environment.Job instance at 0x7fc5958a40a0>,51,28,[3 6],52,-1,80,-1,52
1,<environment.Job instance at 0x7fc5958a45f0>,52,14,[ 4 10],53,-1,67,-1,53
1,<environment.Job instance at 0x7fc5958a4aa0>,55,16,[7 3],56,-1,72,-1,56
1,<environment.Job instance at 0x7fc5958a4140>,57,16,[1 8],58,-1,74,-1,58
1,<environment.Job instance at 0x7fc5958a4190>,59,26,[2 6],60,-1,86,-1,60
1,<environment.Job instance at 0x7fc5958a46e0>,60,20,[9 3],61,-1,81,-1,61
1,<environment.Job instance at 0x7fc5958a4dc0>,61,15,[8 4],62,-1,77,-1,62
1,<environment.Job instance at 0x7fc5958a47d0>,62,14,[9 2],63,-1,77,-1,63
1,<environment.Job instance at 0x7fc594beb0a0>,63,16,[2 6],64,-1,80,-1,64
1,<environment.Job instance at 0x7fc594beb780>,65,17,[5 3],66,-1,83,-1,66
1,<environment.Job instance at 0x7fc594bebe60>,68,26,[8 2],69,-1,95,-1,69
1,<environment.Job instance at 0x7fc594beb5a0>,70,13,[4 6],71,-1,84,-1,71
1,<environment.Job instance at 0x7fc594beb7d0>,72,16,[9 2],73,-1,89,-1,73
1,<environment.Job instance at 0x7fc594beba50>,73,18,[4 6],74,-1,92,-1,74
1,<environment.Job instance at 0x7fc594beb050>,76,17,[3 7],77,-1,94,-1,77
1,<environment.Job instance at 0x7fc594a42550>,79,17,[5 7],80,-1,97,-1,80
1,<environment.Job instance at 0x7fc594a429b0>,82,18,[7 4],83,-1,101,-1,83
1,<environment.Job instance at 0x7fc594a42190>,83,14,[ 2 10],84,-1,98,-1,84
1,<environment.Job instance at 0x7fc5959045f0>,95,19,[1 5],96,-1,115,-1,96
1,<environment.Job instance at 0x7fc5959042d0>,96,13,[5 7],97,-1,110,-1,97
1,<environment.Job instance at 0x7fc595904f50>,98,16,[3 8],99,-1,115,-1,99
1,<environment.Job instance at 0x7fc595904780>,100,18,[9 2],101,-1,119,-1,101
1,<environment.Job instance at 0x7fc5953b2fa0>,7,13,[14  4],8,-1,21,-1,8
1,<environment.Job instance at 0x7fc5951d61e0>,23,2,[13  2],24,-1,55,-1,53
1,<environment.Job instance at 0x7fc59574af50>,25,25,[1 6],26,-1,90,-1,65
1,<environment.Job instance at 0x7fc594e89eb0>,30,27,[11  2],31,-1,110,-1,83
1,<environment.Job instance at 0x7fc5941e8280>,35,24,[8 3],36,-1,114,-1,90
1,<environment.Job instance at 0x7fc595070f00>,0,18,[6 4],1,-1,19,-1,1
1,<environment.Job instance at 0x7fc5950705f0>,5,16,[7 3],6,-1,22,-1,6
1,<environment.Job instance at 0x7fc595070820>,7,13,[10  4],8,-1,21,-1,8
1,<environment.Job instance at 0x7fc5945cb9b0>,8,13,[8 5],9,-1,22,-1,9
1,<environment.Job instance at 0x7fc5945cb5f0>,10,13,[12  1],11,-1,24,-1,11
1,<environment.Job instance at 0x7fc5945cbdc0>,11,16,[ 5 11],12,-1,28,-1,12
1,<environment.Job instance at 0x7fc5945cb7d0>,12,16,[5 4],13,-1,29,-1,13
1,<environment.Job instance at 0x7fc5945cbb90>,15,27,[4 5],16,-1,43,-1,16
1,<environment.Job instance at 0x7fc5945cb410>,17,18,[1 6],18,-1,36,-1,18
1,<environment.Job instance at 0x7fc5945cbc30>,20,17,[9 2],21,-1,38,-1,21
1,<environment.Job instance at 0x7fc5945cb370>,22,14,[7 3],23,-1,37,-1,23
1,<environment.Job instance at 0x7fc595192500>,26,25,[7 3],27,-1,52,-1,27
1,<environment.Job instance at 0x7fc5951926e0>,29,18,[6 2],30,-1,48,-1,30
1,<environment.Job instance at 0x7fc595192b40>,30,26,[6 4],31,-1,57,-1,31
1,<environment.Job instance at 0x7fc595192aa0>,32,13,[ 3 10],33,-1,46,-1,33
1,<environment.Job instance at 0x7fc595192410>,33,14,[ 4 10],34,-1,48,-1,34
1,<environment.Job instance at 0x7fc5951927d0>,36,16,[9 2],37,-1,53,-1,37
1,<environment.Job instance at 0x7fc594cf8370>,37,21,[9 4],38,-1,59,-1,38
1,<environment.Job instance at 0x7fc594cf8280>,38,21,[5 1],39,-1,60,-1,39
1,<environment.Job instance at 0x7fc59451c730>,43,1,[7 3],44,-1,45,-1,44
1,<environment.Job instance at 0x7fc59451ceb0>,45,16,[4 9],46,-1,62,-1,46
1,<environment.Job instance at 0x7fc59451c910>,46,18,[5 5],47,-1,65,-1,47
1,<environment.Job instance at 0x7fc59451c320>,49,20,[5 9],50,-1,70,-1,50
1,<environment.Job instance at 0x7fc594d858c0>,50,17,[ 5 10],51,-1,68,-1,51
1,<environment.Job instance at 0x7fc594d85f50>,51,14,[10  1],52,-1,67,-1,53
1,<environment.Job instance at 0x7fc594d85820>,53,3,[6 3],54,-1,57,-1,54
1,<environment.Job instance at 0x7fc594d85eb0>,54,2,[10  4],55,-1,57,-1,55
1,<environment.Job instance at 0x7fc594d85a00>,55,3,[1 9],56,-1,59,-1,56
1,<environment.Job instance at 0x7fc594d850a0>,56,2,[5 2],57,-1,59,-1,57
1,<environment.Job instance at 0x7fc594d85230>,57,3,[1 6],58,-1,61,-1,58
1,<environment.Job instance at 0x7fc594d857d0>,58,12,[3 9],59,-1,71,-1,59
1,<environment.Job instance at 0x7fc594d85b90>,59,2,[6 1],60,-1,62,-1,60
1,<environment.Job instance at 0x7fc594d85c80>,61,3,[7 4],62,-1,65,-1,62
1,<environment.Job instance at 0x7fc594d85aa0>,62,18,[3 7],63,-1,81,-1,63
1,<environment.Job instance at 0x7fc594d85780>,63,12,[5 4],64,-1,76,-1,64
1,<environment.Job instance at 0x7fc594d850f0>,64,1,[13  5],65,-1,66,-1,65
1,<environment.Job instance at 0x7fc594d85730>,65,13,[9 1],66,-1,79,-1,66
1,<environment.Job instance at 0x7fc594d85cd0>,66,1,[5 7],67,-1,68,-1,67
1,<environment.Job instance at 0x7fc594d85af0>,67,15,[3 6],68,-1,83,-1,68
1,<environment.Job instance at 0x7fc59538ee10>,68,14,[ 1 10],69,-1,83,-1,69
1,<environment.Job instance at 0x7fc594d85370>,52,18,[3 8],53,-1,87,-1,69
1,<environment.Job instance at 0x7fc59538edc0>,70,25,[5 3],71,-1,96,-1,71
1,<environment.Job instance at 0x7fc59538e640>,78,16,[10  3],79,-1,95,-1,79
1,<environment.Job instance at 0x7fc59538eb90>,79,28,[3 9],80,-1,108,-1,80
1,<environment.Job instance at 0x7fc5944f8370>,82,23,[3 7],83,-1,106,-1,83
1,<environment.Job instance at 0x7fc5944f8780>,84,17,[2 7],85,-1,102,-1,85
1,<environment.Job instance at 0x7fc5944f8d70>,87,16,[5 4],88,-1,104,-1,88
1,<environment.Job instance at 0x7fc5944f8190>,88,17,[6 5],89,-1,106,-1,89
1,<environment.Job instance at 0x7fc5944f80a0>,89,18,[5 1],90,-1,108,-1,90
1,<environment.Job instance at 0x7fc5944f8e10>,90,16,[1 7],91,-1,107,-1,91
1,<environment.Job instance at 0x7fc5944f8550>,91,12,[2 6],92,-1,104,-1,92
1,<environment.Job instance at 0x7fc5944f8f50>,92,17,[6 4],93,-1,110,-1,93
1,<environment.Job instance at 0x7fc5944f8a50>,96,15,[5 6],97,-1,112,-1,97
1,<environment.Job instance at 0x7fc594c06dc0>,99,12,[3 9],100,-1,112,-1,100
1,<environment.Job instance at 0x7fc59511c5a0>,100,15,[1 8],101,-1,116,-1,101
1,<environment.Job instance at 0x7fc594cca640>,101,16,[5 5],102,-1,118,-1,102
1,<environment.Job instance at 0x7fc594ccaa00>,102,18,[2 5],103,-1,121,-1,103
1,<environment.Job instance at 0x7fc594290b40>,104,14,[ 3 10],105,-1,119,-1,105
1,<environment.Job instance at 0x7fc5957605a0>,10,13,[12  1],11,-1,34,-1,21
1,<environment.Job instance at 0x7fc595760690>,11,16,[ 5 11],12,-1,37,-1,21
1,<environment.Job instance at 0x7fc595760dc0>,15,27,[4 5],16,-1,57,-1,30
1,<environment.Job instance at 0x7fc595760f00>,16,1,[12  2],17,-1,31,-1,30
1,<environment.Job instance at 0x7fc59573e6e0>,26,25,[7 3],27,-1,82,-1,57
1,<environment.Job instance at 0x7fc594a3e460>,30,26,[6 4],31,-1,102,-1,76
1,<environment.Job instance at 0x7fc594376820>,6,16,[5 6],7,-1,23,-1,7
1,<environment.Job instance at 0x7fc594fbf8c0>,11,16,[4 6],12,-1,28,-1,12
1,<environment.Job instance at 0x7fc594927410>,17,15,[10  4],18,-1,34,-1,19
1,<environment.Job instance at 0x7fc5949273c0>,18,16,[ 5 10],19,-1,36,-1,20
1,<environment.Job instance at 0x7fc594d30910>,25,13,[5 4],26,-1,39,-1,26
1,<environment.Job instance at 0x7fc594d30d70>,27,15,[2 6],28,-1,44,-1,29
1,<environment.Job instance at 0x7fc594d30cd0>,29,18,[10  2],30,-1,48,-1,30
1,<environment.Job instance at 0x7fc594d30d20>,30,13,[2 8],31,-1,44,-1,31
1,<environment.Job instance at 0x7fc594d30be0>,28,18,[ 5 10],29,-1,50,-1,32
1,<environment.Job instance at 0x7fc594d30870>,32,22,[8 1],33,-1,55,-1,33
1,<environment.Job instance at 0x7fc594d30e60>,26,27,[2 9],27,-1,75,-1,48
1,<environment.Job instance at 0x7fc594d30eb0>,38,16,[9 1],39,-1,64,-1,48
1,<environment.Job instance at 0x7fc5952e53c0>,46,3,[8 2],47,-1,51,-1,48
1,<environment.Job instance at 0x7fc5952e5be0>,48,16,[13  2],49,-1,74,-1,58
1,<environment.Job instance at 0x7fc594d30aa0>,33,14,[14  4],34,-1,73,-1,59
1,<environment.Job instance at 0x7fc594927a50>,16,16,[13  1],17,-1,75,-1,59
1,<environment.Job instance at 0x7fc5952e5f00>,49,14,[2 8],50,-1,73,-1,59
1,<environment.Job instance at 0x7fc5952e5a00>,51,14,[ 2 12],52,-1,73,-1,59
1,<environment.Job instance at 0x7fc5952e55a0>,52,18,[10  5],53,-1,77,-1,59
1,<environment.Job instance at 0x7fc5952e5a50>,53,26,[7 1],54,-1,85,-1,59
1,<environment.Job instance at 0x7fc5952e56e0>,54,17,[10  5],55,-1,77,-1,60
1,<environment.Job instance at 0x7fc594026320>,44,16,[11  4],45,-1,92,-1,76
1,<environment.Job instance at 0x7fc5952e5820>,47,18,[1 9],48,-1,94,-1,76
1,<environment.Job instance at 0x7fc5958d2280>,57,15,[ 4 10],58,-1,91,-1,76
1,<environment.Job instance at 0x7fc5958d2aa0>,62,18,[9 1],63,-1,94,-1,76
1,<environment.Job instance at 0x7fc5958d2410>,64,15,[2 7],65,-1,97,-1,82
1,<environment.Job instance at 0x7fc5958d24b0>,66,13,[1 6],67,-1,95,-1,82
1,<environment.Job instance at 0x7fc5958d29b0>,55,18,[5 6],56,-1,100,-1,82
1,<environment.Job instance at 0x7fc5958d2c30>,56,1,[7 3],57,-1,83,-1,82
1,<environment.Job instance at 0x7fc5958d25a0>,70,12,[4 6],71,-1,95,-1,83
1,<environment.Job instance at 0x7fc5958d2d70>,72,18,[1 9],73,-1,107,-1,89
1,<environment.Job instance at 0x7fc5958d25f0>,69,12,[5 8],70,-1,103,-1,91
1,<environment.Job instance at 0x7fc594dea3c0>,79,25,[3 6],80,-1,118,-1,93
1,<environment.Job instance at 0x7fc594dead70>,80,13,[5 8],81,-1,106,-1,93
1,<environment.Job instance at 0x7fc594e18e60>,81,16,[ 5 12],82,-1,109,-1,93
1,<environment.Job instance at 0x7fc5940260f0>,41,27,[8 5],42,-1,120,-1,93
1,<environment.Job instance at 0x7fc5946545a0>,85,17,[1 7],86,-1,110,-1,93
1,<environment.Job instance at 0x7fc594d577d0>,86,16,[1 5],87,-1,109,-1,93
1,<environment.Job instance at 0x7fc5944482d0>,83,17,[13  5],84,-1,111,-1,94
1,<environment.Job instance at 0x7fc594dea640>,78,15,[3 8],79,-1,109,-1,94
1,<environment.Job instance at 0x7fc59441d820>,88,13,[10  4],89,-1,110,-1,97
1,<environment.Job instance at 0x7fc59543fd70>,89,19,[2 5],90,-1,116,-1,97
1,<environment.Job instance at 0x7fc594f04d70>,94,18,[ 4 10],95,-1,116,-1,98
1,<environment.Job instance at 0x7fc5940265f0>,45,14,[1 7],46,-1,113,-1,99
1,<environment.Job instance at 0x7fc5950323c0>,97,1,[10  3],98,-1,103,-1,102
1,<environment.Job instance at 0x7fc595032a00>,98,13,[6 2],99,-1,117,-1,104
1,<environment.Job instance at 0x7fc594908f50>,99,12,[7 5],100,-1,118,-1,106
1,<environment.Job instance at 0x7fc594908500>,103,18,[9 2],104,-1,129,-1,111
1,<environment.Job instance at 0x7fc594908c80>,101,12,[5 8],102,-1,123,-1,111
1,<environment.Job instance at 0x7fc594e78af0>,106,16,[5 9],107,-1,129,-1,113
1,<environment.Job instance at 0x7fc594ce6280>,104,15,[6 2],105,-1,128,-1,113
1,<environment.Job instance at 0x7fc594e78370>,108,24,[5 6],109,-1,138,-1,114
1,<environment.Job instance at 0x7fc59546f230>,1,2,[ 5 11],2,-1,4,-1,2
1,<environment.Job instance at 0x7fc5954538c0>,9,13,[ 4 14],10,-1,23,-1,10
1,<environment.Job instance at 0x7fc595453a00>,16,16,[13  1],17,-1,39,-1,23
1,<environment.Job instance at 0x7fc59487b7d0>,26,27,[2 9],27,-1,80,-1,53
1,<environment.Job instance at 0x7fc59544cd70>,33,14,[14  4],34,-1,99,-1,85
1,<environment.Job instance at 0x7fc59544cb90>,35,3,[ 1 13],36,-1,88,-1,85
1,<environment.Job instance at 0x7fc594bc9780>,36,2,[14  2],37,-1,87,-1,85
1,<environment.Job instance at 0x7fc594896280>,37,15,[ 5 12],38,-1,100,-1,85
1,<environment.Job instance at 0x7fc5944cc910>,40,2,[14  4],41,-1,103,-1,101
1,<environment.Job instance at 0x7fc59486c140>,41,27,[8 5],42,-1,130,-1,103
1,<environment.Job instance at 0x7fc594882870>,44,16,[11  4],45,-1,119,-1,103
1,<environment.Job instance at 0x7fc5959b30f0>,48,16,[13  2],49,-1,125,-1,109
1,<environment.Job instance at 0x7fc5945bc460>,0,20,[ 4 10],1,-1,21,-1,1
1,<environment.Job instance at 0x7fc5945b74b0>,3,14,[ 4 10],4,-1,18,-1,4
1,<environment.Job instance at 0x7fc5945b7eb0>,6,24,[4 5],7,-1,31,-1,7
1,<environment.Job instance at 0x7fc5945b7f50>,7,24,[4 8],8,-1,32,-1,8
1,<environment.Job instance at 0x7fc5945cd4b0>,16,16,[4 9],17,-1,33,-1,17
1,<environment.Job instance at 0x7fc5945cd1e0>,19,15,[6 4],20,-1,36,-1,21
1,<environment.Job instance at 0x7fc5945cd5a0>,22,23,[6 2],23,-1,46,-1,23
1,<environment.Job instance at 0x7fc5945a2cd0>,26,17,[1 6],27,-1,44,-1,27
1,<environment.Job instance at 0x7fc5945a2410>,27,13,[9 4],28,-1,41,-1,28
1,<environment.Job instance at 0x7fc5945a2f00>,32,18,[6 5],33,-1,51,-1,33
1,<environment.Job instance at 0x7fc5945a2690>,34,14,[ 5 10],35,-1,49,-1,35
1,<environment.Job instance at 0x7fc5945c5460>,36,16,[4 8],37,-1,53,-1,37
1,<environment.Job instance at 0x7fc5945c55a0>,37,15,[4 8],38,-1,54,-1,39
1,<environment.Job instance at 0x7fc5945c5140>,44,17,[1 6],45,-1,62,-1,45
1,<environment.Job instance at 0x7fc5945c56e0>,45,14,[3 8],46,-1,60,-1,46
1,<environment.Job instance at 0x7fc59459d410>,46,17,[4 6],47,-1,64,-1,47
1,<environment.Job instance at 0x7fc59459db90>,48,18,[10  1],49,-1,67,-1,49
1,<environment.Job instance at 0x7fc59459d640>,50,15,[4 7],51,-1,66,-1,51
1,<environment.Job instance at 0x7fc59459daa0>,52,17,[ 1 10],53,-1,70,-1,53
1,<environment.Job instance at 0x7fc59459d8c0>,53,15,[8 4],54,-1,69,-1,54
1,<environment.Job instance at 0x7fc59459d190>,55,24,[5 2],56,-1,80,-1,56
1,<environment.Job instance at 0x7fc59459a730>,56,12,[3 5],57,-1,69,-1,57
1,<environment.Job instance at 0x7fc59459ab90>,60,25,[6 2],61,-1,86,-1,61
1,<environment.Job instance at 0x7fc59459aa50>,61,17,[9 4],62,-1,79,-1,62
1,<environment.Job instance at 0x7fc59459ac80>,65,14,[4 8],66,-1,80,-1,66
1,<environment.Job instance at 0x7fc5945bb190>,68,18,[10  4],69,-1,87,-1,69
1,<environment.Job instance at 0x7fc5945c4730>,79,15,[ 5 10],80,-1,99,-1,84
1,<environment.Job instance at 0x7fc5945c4f50>,81,17,[ 2 10],82,-1,101,-1,84
1,<environment.Job instance at 0x7fc5945bb460>,70,25,[5 5],71,-1,109,-1,84
1,<environment.Job instance at 0x7fc5945bb550>,76,16,[ 1 10],77,-1,100,-1,84
1,<environment.Job instance at 0x7fc5945c5af0>,43,14,[ 2 11],44,-1,98,-1,84
1,<environment.Job instance at 0x7fc595600cd0>,86,15,[5 9],87,-1,102,-1,87
1,<environment.Job instance at 0x7fc595600870>,88,16,[14  4],89,-1,105,-1,89
1,<environment.Job instance at 0x7fc5945c4500>,85,18,[4 6],86,-1,113,-1,95
1,<environment.Job instance at 0x7fc595600500>,91,12,[8 1],92,-1,109,-1,97
1,<environment.Job instance at 0x7fc595600aa0>,90,15,[8 4],91,-1,112,-1,97
1,<environment.Job instance at 0x7fc595600140>,94,19,[ 5 10],95,-1,116,-1,97
1,<environment.Job instance at 0x7fc595600730>,96,15,[3 9],97,-1,112,-1,97
1,<environment.Job instance at 0x7fc595600910>,97,27,[8 5],98,-1,125,-1,98
1,<environment.Job instance at 0x7fc5956003c0>,89,17,[ 1 10],90,-1,117,-1,100
1,<environment.Job instance at 0x7fc595600a50>,98,12,[5 4],99,-1,118,-1,106
1,<environment.Job instance at 0x7fc59530a0a0>,106,13,[ 2 10],107,-1,120,-1,107
1,<environment.Job instance at 0x7fc5945bbe10>,75,19,[2 8],76,-1,127,-1,108
1,<environment.Job instance at 0x7fc59e37aaf0>,105,15,[10  1],106,-1,123,-1,108
1,<environment.Job instance at 0x7fc59530a550>,110,20,[8 5],111,-1,131,-1,111
1,<environment.Job instance at 0x7fc59530a050>,107,12,[6 5],108,-1,126,-1,114
1,<environment.Job instance at 0x7fc59425ed20>,114,16,[5 8],115,-1,131,-1,115
1,<environment.Job instance at 0x7fc5956004b0>,92,13,[5 3],93,-1,129,-1,116
1,<environment.Job instance at 0x7fc594cde280>,115,25,[4 5],116,-1,141,-1,116
1,<environment.Job instance at 0x7fc595263550>,6,24,[4 5],7,-1,44,-1,20
1,<environment.Job instance at 0x7fc594e323c0>,7,24,[4 8],8,-1,45,-1,21
1,<environment.Job instance at 0x7fc594d77780>,22,23,[6 2],23,-1,67,-1,44
1,<environment.Job instance at 0x7fc59420f5a0>,24,3,[ 1 12],25,-1,47,-1,44
1,<environment.Job instance at 0x7fc594435460>,25,14,[12  1],26,-1,58,-1,44
1,<environment.Job instance at 0x7fc594cb6640>,33,1,[11  3],34,-1,63,-1,62
1,<environment.Job instance at 0x7fc5957cc780>,35,28,[ 4 12],36,-1,91,-1,63
1,<environment.Job instance at 0x7fc5957ccb40>,39,1,[ 4 13],40,-1,91,-1,90
1,<environment.Job instance at 0x7fc59428bd70>,43,14,[ 2 11],44,-1,119,-1,105
1,<environment.Job instance at 0x7fc594439820>,0,18,[3 5],1,-1,20,-1,2
1,<environment.Job instance at 0x7fc5941e1a00>,3,14,[6 2],4,-1,18,-1,4
1,<environment.Job instance at 0x7fc5947f5280>,1,15,[3 7],2,-1,22,-1,7
1,<environment.Job instance at 0x7fc5941e15f0>,12,18,[4 8],13,-1,31,-1,13
1,<environment.Job instance at 0x7fc5941e1910>,13,15,[ 2 10],14,-1,30,-1,15
1,<environment.Job instance at 0x7fc594f53aa0>,18,12,[10  4],19,-1,32,-1,20
1,<environment.Job instance at 0x7fc594f53500>,19,12,[5 8],20,-1,33,-1,21
1,<environment.Job instance at 0x7fc5942d94b0>,31,17,[7 4],32,-1,50,-1,33
1,<environment.Job instance at 0x7fc5942d90a0>,35,13,[7 4],36,-1,50,-1,37
1,<environment.Job instance at 0x7fc5942d9960>,36,16,[3 8],37,-1,54,-1,38
1,<environment.Job instance at 0x7fc59df99d20>,40,15,[5 5],41,-1,64,-1,49
1,<environment.Job instance at 0x7fc594a11280>,50,18,[9 3],51,-1,69,-1,51
1,<environment.Job instance at 0x7fc594a11b90>,51,17,[9 4],52,-1,69,-1,52
1,<environment.Job instance at 0x7fc594a115a0>,56,17,[4 8],57,-1,74,-1,57
1,<environment.Job instance at 0x7fc59e2ecd70>,59,17,[5 6],60,-1,77,-1,60
1,<environment.Job instance at 0x7fc59e2ecaf0>,60,15,[3 7],61,-1,76,-1,61
1,<environment.Job instance at 0x7fc59df99820>,42,17,[5 7],43,-1,101,-1,84
1,<environment.Job instance at 0x7fc5942083c0>,73,15,[ 2 12],74,-1,112,-1,97
1,<environment.Job instance at 0x7fc5942085a0>,76,14,[6 2],77,-1,111,-1,97
1,<environment.Job instance at 0x7fc594208690>,84,18,[4 8],85,-1,134,-1,116
1,<environment.Job instance at 0x7fc5954ad190>,10,2,[13  2],11,-1,20,-1,18
1,<environment.Job instance at 0x7fc59e55eeb0>,14,1,[12  5],15,-1,22,-1,21
1,<environment.Job instance at 0x7fc59449f960>,17,26,[ 3 10],18,-1,55,-1,29
1,<environment.Job instance at 0x7fc594a7a4b0>,21,3,[12  2],22,-1,35,-1,32
1,<environment.Job instance at 0x7fc595765cd0>,34,3,[14  3],35,-1,64,-1,61
1,<environment.Job instance at 0x7fc594f045f0>,46,1,[11  3],47,-1,97,-1,96
1,<environment.Job instance at 0x7fc594e4e910>,1,16,[8 4],2,-1,18,-1,2
1,<environment.Job instance at 0x7fc594e4ef50>,5,15,[9 1],6,-1,23,-1,8
1,<environment.Job instance at 0x7fc594e4e550>,7,16,[8 4],8,-1,24,-1,8
1,<environment.Job instance at 0x7fc594e634b0>,13,13,[10  3],14,-1,28,-1,15
1,<environment.Job instance at 0x7fc59500e8c0>,17,14,[4 7],18,-1,32,-1,18
1,<environment.Job instance at 0x7fc59500e0a0>,19,1,[9 1],20,-1,21,-1,20
1,<environment.Job instance at 0x7fc59500e780>,20,12,[9 4],21,-1,33,-1,21
1,<environment.Job instance at 0x7fc594e63af0>,14,14,[5 3],15,-1,35,-1,21
1,<environment.Job instance at 0x7fc59500ecd0>,21,23,[1 8],22,-1,46,-1,23
1,<environment.Job instance at 0x7fc5940e23c0>,23,16,[ 5 10],24,-1,40,-1,24
1,<environment.Job instance at 0x7fc5940e2410>,24,17,[3 5],25,-1,42,-1,25
1,<environment.Job instance at 0x7fc5940e25a0>,25,15,[ 1 10],26,-1,41,-1,26
1,<environment.Job instance at 0x7fc5940e2690>,26,13,[ 5 11],27,-1,40,-1,27
1,<environment.Job instance at 0x7fc594e65050>,31,13,[5 8],32,-1,45,-1,32
1,<environment.Job instance at 0x7fc594e655f0>,32,14,[6 2],33,-1,47,-1,33
1,<environment.Job instance at 0x7fc594e65d70>,33,13,[6 5],34,-1,47,-1,34
1,<environment.Job instance at 0x7fc595949140>,36,25,[8 1],37,-1,62,-1,37
1,<environment.Job instance at 0x7fc595683be0>,37,18,[ 1 10],38,-1,56,-1,38
1,<environment.Job instance at 0x7fc59df295f0>,43,16,[9 5],44,-1,60,-1,44
1,<environment.Job instance at 0x7fc59df29780>,44,28,[7 4],45,-1,73,-1,45
1,<environment.Job instance at 0x7fc5944df0a0>,45,20,[7 2],46,-1,66,-1,46
1,<environment.Job instance at 0x7fc5944df500>,46,14,[10  3],47,-1,61,-1,47
1,<environment.Job instance at 0x7fc5944dfaf0>,47,17,[5 6],48,-1,65,-1,48
1,<environment.Job instance at 0x7fc5940e2320>,22,14,[3 7],23,-1,62,-1,48
1,<environment.Job instance at 0x7fc594e57a50>,51,17,[9 3],52,-1,69,-1,52
1,<environment.Job instance at 0x7fc594ffb7d0>,54,19,[1 8],55,-1,74,-1,55
1,<environment.Job instance at 0x7fc594ffbb40>,56,17,[8 4],57,-1,74,-1,57
1,<environment.Job instance at 0x7fc594ffb0a0>,58,12,[ 1 10],59,-1,71,-1,59
1,<environment.Job instance at 0x7fc594ffb0f0>,63,20,[4 5],64,-1,84,-1,64
1,<environment.Job instance at 0x7fc594363b40>,65,20,[5 5],66,-1,86,-1,66
1,<environment.Job instance at 0x7fc594ffb280>,66,18,[7 3],67,-1,85,-1,67
1,<environment.Job instance at 0x7fc594c90a50>,68,18,[1 5],69,-1,87,-1,69
1,<environment.Job instance at 0x7fc594b79370>,70,16,[ 2 10],71,-1,88,-1,72
1,<environment.Job instance at 0x7fc595059320>,72,15,[5 5],73,-1,88,-1,73
1,<environment.Job instance at 0x7fc5947dcfa0>,73,15,[1 5],74,-1,89,-1,74
1,<environment.Job instance at 0x7fc5947e7500>,78,13,[8 5],79,-1,92,-1,79
1,<environment.Job instance at 0x7fc5947e77d0>,79,15,[4 6],80,-1,95,-1,80
1,<environment.Job instance at 0x7fc5947e7410>,81,25,[1 6],82,-1,107,-1,82
1,<environment.Job instance at 0x7fc594363d70>,71,18,[3 9],72,-1,101,-1,83
1,<environment.Job instance at 0x7fc5947e95f0>,89,15,[9 1],90,-1,106,-1,91
1,<environment.Job instance at 0x7fc5947dab90>,91,15,[10  4],92,-1,107,-1,92
1,<environment.Job instance at 0x7fc5947da550>,94,13,[ 5 11],95,-1,108,-1,95
1,<environment.Job instance at 0x7fc5947da230>,96,14,[9 2],97,-1,111,-1,97
1,<environment.Job instance at 0x7fc5947da2d0>,97,28,[7 2],98,-1,126,-1,98
1,<environment.Job instance at 0x7fc594db9e10>,16,1,[ 3 11],17,-1,22,-1,21
1,<environment.Job instance at 0x7fc59551fb40>,21,23,[1 8],22,-1,61,-1,38
1,<environment.Job instance at 0x7fc5944a4410>,26,13,[ 5 11],27,-1,64,-1,51
1,<environment.Job instance at 0x7fc594d7e460>,36,25,[8 1],37,-1,112,-1,87
1,<environment.Job instance at 0x7fc5944a3050>,44,28,[7 4],45,-1,140,-1,112
1,<environment.Job instance at 0x7fc5944a5320>,2,18,[2 5],3,-1,21,-1,3
1,<environment.Job instance at 0x7fc5944d4e60>,4,15,[10  1],5,-1,21,-1,6
1,<environment.Job instance at 0x7fc5944d4280>,6,14,[2 6],7,-1,21,-1,7
1,<environment.Job instance at 0x7fc5944d43c0>,7,15,[6 2],8,-1,23,-1,8
1,<environment.Job instance at 0x7fc5944d4dc0>,8,17,[13  5],9,-1,26,-1,9
1,<environment.Job instance at 0x7fc5944d4410>,5,15,[8 4],6,-1,24,-1,9
1,<environment.Job instance at 0x7fc5944d40f0>,9,17,[5 4],10,-1,27,-1,10
1,<environment.Job instance at 0x7fc5944d4230>,10,16,[1 6],11,-1,27,-1,11
1,<environment.Job instance at 0x7fc5951f0f50>,12,15,[10  3],13,-1,30,-1,15
1,<environment.Job instance at 0x7fc5951f05f0>,14,18,[9 3],15,-1,33,-1,15
1,<environment.Job instance at 0x7fc5951f0500>,15,16,[3 8],16,-1,32,-1,16
1,<environment.Job instance at 0x7fc5951f0d20>,19,14,[4 7],20,-1,34,-1,20
1,<environment.Job instance at 0x7fc5951f0910>,27,17,[ 5 10],28,-1,45,-1,28
1,<environment.Job instance at 0x7fc594699870>,28,21,[2 5],29,-1,50,-1,29
1,<environment.Job instance at 0x7fc594699460>,29,23,[5 7],30,-1,53,-1,30
1,<environment.Job instance at 0x7fc594699dc0>,30,15,[3 7],31,-1,46,-1,31
1,<environment.Job instance at 0x7fc594699a00>,37,19,[ 2 10],38,-1,61,-1,42
1,<environment.Job instance at 0x7fc594699320>,33,25,[ 1 10],34,-1,79,-1,54
1,<environment.Job instance at 0x7fc594699690>,41,18,[9 3],42,-1,72,-1,54
1,<environment.Job instance at 0x7fc5944608c0>,44,13,[4 7],45,-1,70,-1,57
1,<environment.Job instance at 0x7fc594460820>,46,14,[9 3],47,-1,75,-1,61
1,<environment.Job instance at 0x7fc594460f50>,50,12,[ 1 13],51,-1,75,-1,63
1,<environment.Job instance at 0x7fc5944600f0>,51,12,[4 6],52,-1,75,-1,63
1,<environment.Job instance at 0x7fc594460aa0>,56,1,[6 4],57,-1,64,-1,63
1,<environment.Job instance at 0x7fc59523e370>,61,3,[ 1 10],62,-1,67,-1,64
1,<environment.Job instance at 0x7fc59523e870>,62,16,[8 1],63,-1,83,-1,67
1,<environment.Job instance at 0x7fc59523e500>,63,14,[6 1],64,-1,81,-1,67
1,<environment.Job instance at 0x7fc59523e640>,59,21,[7 2],60,-1,88,-1,67
1,<environment.Job instance at 0x7fc5944600a0>,53,13,[10  4],54,-1,80,-1,67
1,<environment.Job instance at 0x7fc59523e5a0>,67,21,[10  4],68,-1,89,-1,68
1,<environment.Job instance at 0x7fc59523e140>,66,23,[ 5 12],67,-1,94,-1,71
1,<environment.Job instance at 0x7fc59524d280>,71,21,[1 7],72,-1,93,-1,72
1,<environment.Job instance at 0x7fc59523eeb0>,70,13,[6 3],71,-1,87,-1,74
1,<environment.Job instance at 0x7fc59524d370>,75,12,[10  3],76,-1,90,-1,78
1,<environment.Job instance at 0x7fc59524d8c0>,76,16,[1 7],77,-1,95,-1,79
1,<environment.Job instance at 0x7fc59524d0a0>,80,12,[4 5],81,-1,93,-1,81
1,<environment.Job instance at 0x7fc59524d5f0>,81,16,[1 5],82,-1,99,-1,83
1,<environment.Job instance at 0x7fc59523e5f0>,60,13,[4 9],61,-1,96,-1,83
1,<environment.Job instance at 0x7fc59524da50>,82,18,[1 5],83,-1,101,-1,83
1,<environment.Job instance at 0x7fc59524d3c0>,83,15,[2 8],84,-1,99,-1,84
1,<environment.Job instance at 0x7fc59523e780>,64,14,[ 1 12],65,-1,102,-1,88
1,<environment.Job instance at 0x7fc59524daa0>,79,14,[2 5],80,-1,102,-1,88
1,<environment.Job instance at 0x7fc594d98a50>,87,13,[ 5 10],88,-1,101,-1,88
1,<environment.Job instance at 0x7fc594d98690>,88,16,[6 5],89,-1,105,-1,89
1,<environment.Job instance at 0x7fc594d985a0>,90,25,[6 2],91,-1,120,-1,95
1,<environment.Job instance at 0x7fc59468ecd0>,97,16,[1 7],98,-1,114,-1,98
1,<environment.Job instance at 0x7fc5951f2e10>,100,16,[5 9],101,-1,117,-1,101
1,<environment.Job instance at 0x7fc5951f28c0>,102,14,[10  5],103,-1,117,-1,103
1,<environment.Job instance at 0x7fc5951f2190>,104,17,[4 9],105,-1,122,-1,105
1,<environment.Job instance at 0x7fc5944b01e0>,8,17,[13  5],9,-1,33,-1,16
1,<environment.Job instance at 0x7fc5951f9a50>,22,13,[13  5],23,-1,79,-1,66
1,<environment.Job instance at 0x7fc5944d4820>,25,2,[ 2 12],26,-1,80,-1,78
1,<environment.Job instance at 0x7fc5951f01e0>,29,23,[5 7],30,-1,106,-1,83
1,<environment.Job instance at 0x7fc5951f0050>,33,25,[ 1 10],34,-1,138,-1,113
1,<environment.Job instance at 0x7fc594699820>,36,12,[14  2],37,-1,125,-1,113
1,<environment.Job instance at 0x7fc594d32640>,38,1,[ 5 14],39,-1,114,-1,113
1,<environment.Job instance at 0x7fc594e89140>,2,15,[9 5],3,-1,22,-1,7
1,<environment.Job instance at 0x7fc594b94820>,7,18,[5 3],8,-1,26,-1,8
1,<environment.Job instance at 0x7fc594b94190>,8,2,[7 3],9,-1,11,-1,9
1,<environment.Job instance at 0x7fc594b94870>,9,13,[9 3],10,-1,23,-1,10
1,<environment.Job instance at 0x7fc594b94910>,10,12,[2 6],11,-1,23,-1,11
1,<environment.Job instance at 0x7fc594b94500>,6,18,[4 9],7,-1,29,-1,11
1,<environment.Job instance at 0x7fc594b94a50>,12,16,[8 1],13,-1,30,-1,14
1,<environment.Job instance at 0x7fc594b94b40>,14,13,[8 1],15,-1,28,-1,15
1,<environment.Job instance at 0x7fc594b94c80>,15,1,[3 8],16,-1,17,-1,16
1,<environment.Job instance at 0x7fc594b94d20>,16,16,[2 7],17,-1,33,-1,17
1,<environment.Job instance at 0x7fc594b94dc0>,17,2,[7 1],18,-1,20,-1,18
1,<environment.Job instance at 0x7fc594b94f00>,19,17,[3 5],20,-1,37,-1,20
1,<environment.Job instance at 0x7fc594580140>,20,17,[5 8],21,-1,38,-1,21
1,<environment.Job instance at 0x7fc5945800a0>,21,14,[7 5],22,-1,36,-1,22
1,<environment.Job instance at 0x7fc594580190>,22,2,[6 4],23,-1,25,-1,23
1,<environment.Job instance at 0x7fc594580230>,23,1,[5 3],24,-1,25,-1,24
1,<environment.Job instance at 0x7fc594b949b0>,13,18,[ 5 13],14,-1,42,-1,24
1,<environment.Job instance at 0x7fc594b94fa0>,24,18,[6 5],25,-1,43,-1,25
1,<environment.Job instance at 0x7fc5945805f0>,29,16,[5 5],30,-1,46,-1,30
1,<environment.Job instance at 0x7fc5945809b0>,32,17,[3 5],33,-1,50,-1,33
1,<environment.Job instance at 0x7fc594580be0>,35,18,[4 9],36,-1,54,-1,36
1,<environment.Job instance at 0x7fc594580f50>,36,14,[8 5],37,-1,52,-1,38
1,<environment.Job instance at 0x7fc594ca01e0>,38,18,[6 5],39,-1,57,-1,39
1,<environment.Job instance at 0x7fc594ca0500>,44,16,[1 6],45,-1,61,-1,45
1,<environment.Job instance at 0x7fc594ca0910>,46,21,[10  4],47,-1,69,-1,48
1,<environment.Job instance at 0x7fc594ca08c0>,45,16,[10  1],46,-1,65,-1,49
1,<environment.Job instance at 0x7fc594ca0eb0>,53,15,[8 2],54,-1,69,-1,54
1,<environment.Job instance at 0x7fc594cd50a0>,55,23,[7 3],56,-1,79,-1,56
1,<environment.Job instance at 0x7fc594cd5280>,57,20,[8 3],58,-1,78,-1,58
1,<environment.Job instance at 0x7fc594cd5410>,59,22,[9 1],60,-1,82,-1,60
1,<environment.Job instance at 0x7fc594cd55f0>,61,16,[1 7],62,-1,78,-1,62
1,<environment.Job instance at 0x7fc594b75c30>,68,18,[5 9],69,-1,87,-1,69
1,<environment.Job instance at 0x7fc594939b40>,69,16,[8 4],70,-1,86,-1,70
1,<environment.Job instance at 0x7fc594d644b0>,72,16,[4 7],73,-1,89,-1,73
1,<environment.Job instance at 0x7fc5945886e0>,73,16,[5 9],74,-1,90,-1,74
1,<environment.Job instance at 0x7fc594588960>,74,16,[3 5],75,-1,91,-1,75
1,<environment.Job instance at 0x7fc594ce4280>,75,15,[ 3 10],76,-1,91,-1,76
1,<environment.Job instance at 0x7fc5957d1780>,82,26,[9 3],83,-1,109,-1,83
1,<environment.Job instance at 0x7fc5955baf50>,83,12,[8 2],84,-1,96,-1,84
1,<environment.Job instance at 0x7fc5955989b0>,85,15,[8 3],86,-1,101,-1,86
1,<environment.Job instance at 0x7fc595598960>,87,13,[9 2],88,-1,101,-1,88
1,<environment.Job instance at 0x7fc59558d320>,90,14,[5 3],91,-1,105,-1,91
1,<environment.Job instance at 0x7fc595595550>,92,12,[9 4],93,-1,105,-1,93
1,<environment.Job instance at 0x7fc595595e60>,93,14,[5 9],94,-1,108,-1,94
1,<environment.Job instance at 0x7fc5955ab730>,95,18,[6 4],96,-1,114,-1,96
1,<environment.Job instance at 0x7fc5955ab050>,100,15,[4 9],101,-1,116,-1,101
1,<environment.Job instance at 0x7fc5955ad910>,104,17,[9 5],105,-1,122,-1,105
1,<environment.Job instance at 0x7fc5955abc30>,96,15,[ 1 11],97,-1,123,-1,108
1,<environment.Job instance at 0x7fc5955ade60>,106,12,[9 2],107,-1,124,-1,112
1,<environment.Job instance at 0x7fc5955a12d0>,113,12,[ 4 10],114,-1,127,-1,115
1,<environment.Job instance at 0x7fc5955abb90>,97,22,[6 4],98,-1,139,-1,117
1,<environment.Job instance at 0x7fc5955a17d0>,114,18,[ 2 10],115,-1,135,-1,117
1,<environment.Job instance at 0x7fc5955adc80>,111,17,[7 1],112,-1,135,-1,118
1,<environment.Job instance at 0x7fc5955a1910>,117,2,[ 3 10],118,-1,120,-1,118
1,<environment.Job instance at 0x7fc5955a1690>,118,23,[1 5],119,-1,142,-1,119
1,<environment.Job instance at 0x7fc5951fbb90>,13,18,[ 5 13],14,-1,39,-1,21
1,<environment.Job instance at 0x7fc594e19a50>,1,17,[8 4],2,-1,20,-1,3
1,<environment.Job instance at 0x7fc594e19190>,3,18,[10  4],4,-1,22,-1,4
1,<environment.Job instance at 0x7fc594c1f370>,4,14,[ 4 10],5,-1,19,-1,5
1,<environment.Job instance at 0x7fc594c1fb90>,5,12,[1 8],6,-1,18,-1,6
1,<environment.Job instance at 0x7fc594c1f780>,7,20,[5 3],8,-1,28,-1,8
1,<environment.Job instance at 0x7fc594c1f9b0>,9,13,[6 5],10,-1,23,-1,10
1,<environment.Job instance at 0x7fc594c1f190>,10,16,[10  2],11,-1,27,-1,11
1,<environment.Job instance at 0x7fc594c1f500>,11,16,[ 2 10],12,-1,28,-1,12
1,<environment.Job instance at 0x7fc594c1fcd0>,13,16,[1 9],14,-1,30,-1,14
1,<environment.Job instance at 0x7fc594d36eb0>,2,15,[1 9],3,-1,29,-1,14
1,<environment.Job instance at 0x7fc5959a4dc0>,20,17,[1 7],21,-1,38,-1,21
1,<environment.Job instance at 0x7fc5959a47d0>,25,16,[2 9],26,-1,42,-1,26
1,<environment.Job instance at 0x7fc594d307d0>,44,27,[5 1],45,-1,97,-1,70
1,<environment.Job instance at 0x7fc594d303c0>,49,12,[4 7],50,-1,109,-1,97
1,<environment.Job instance at 0x7fc594d30140>,51,18,[5 6],52,-1,115,-1,97
1,<environment.Job instance at 0x7fc5949281e0>,55,16,[6 5],56,-1,114,-1,98
1,<environment.Job instance at 0x7fc594d30f00>,39,13,[9 4],40,-1,111,-1,98
1,<environment.Job instance at 0x7fc5949289b0>,57,18,[3 8],58,-1,117,-1,99
1,<environment.Job instance at 0x7fc594928eb0>,59,14,[2 7],60,-1,113,-1,99
1,<environment.Job instance at 0x7fc594928b40>,62,16,[3 7],63,-1,116,-1,100
1,<environment.Job instance at 0x7fc594928be0>,63,15,[9 4],64,-1,115,-1,100
1,<environment.Job instance at 0x7fc594928690>,66,14,[7 3],67,-1,114,-1,100
1,<environment.Job instance at 0x7fc594928640>,67,18,[2 8],68,-1,118,-1,100
1,<environment.Job instance at 0x7fc594d30aa0>,41,15,[6 1],42,-1,119,-1,104
1,<environment.Job instance at 0x7fc594e32140>,71,14,[1 8],72,-1,118,-1,104
1,<environment.Job instance at 0x7fc594e328c0>,73,12,[10  2],74,-1,116,-1,104
1,<environment.Job instance at 0x7fc59591bc30>,16,17,[13  4],17,-1,64,-1,47
1,<environment.Job instance at 0x7fc59591b8c0>,19,17,[ 1 11],20,-1,68,-1,51
1,<environment.Job instance at 0x7fc59e141e60>,24,17,[12  2],25,-1,83,-1,66
1,<environment.Job instance at 0x7fc5952c44b0>,32,1,[ 1 11],33,-1,92,-1,91
1,<environment.Job instance at 0x7fc5952f2eb0>,34,12,[ 3 12],35,-1,108,-1,96
1,<environment.Job instance at 0x7fc59556efa0>,35,17,[14  3],36,-1,113,-1,96
1,<environment.Job instance at 0x7fc59556e7d0>,37,24,[1 8],38,-1,138,-1,114
1,<environment.Job instance at 0x7fc594b28a50>,2,16,[9 2],3,-1,23,-1,7
1,<environment.Job instance at 0x7fc5942b68c0>,8,12,[ 4 10],9,-1,21,-1,9
1,<environment.Job instance at 0x7fc5942b65a0>,11,15,[9 3],12,-1,27,-1,12
1,<environment.Job instance at 0x7fc5942b69b0>,12,17,[4 9],13,-1,30,-1,13
1,<environment.Job instance at 0x7fc5942b6a50>,14,24,[7 3],15,-1,39,-1,15
1,<environment.Job instance at 0x7fc5942b6870>,15,13,[7 2],16,-1,29,-1,16
1,<environment.Job instance at 0x7fc5942b6690>,16,21,[5 3],17,-1,38,-1,17
1,<environment.Job instance at 0x7fc5942b6c30>,17,22,[1 9],18,-1,40,-1,18
1,<environment.Job instance at 0x7fc5942b63c0>,18,16,[1 7],19,-1,35,-1,19
1,<environment.Job instance at 0x7fc5954d56e0>,20,12,[10  5],21,-1,33,-1,21
1,<environment.Job instance at 0x7fc5942b60a0>,21,16,[10  1],22,-1,38,-1,22
1,<environment.Job instance at 0x7fc595896320>,23,17,[8 3],24,-1,41,-1,24
1,<environment.Job instance at 0x7fc59577cd20>,24,19,[ 5 12],25,-1,44,-1,25
1,<environment.Job instance at 0x7fc595605320>,25,27,[2 8],26,-1,53,-1,26
1,<environment.Job instance at 0x7fc5955197d0>,27,15,[5 5],28,-1,43,-1,28
1,<environment.Job instance at 0x7fc5949a2640>,30,14,[1 9],31,-1,45,-1,31
1,<environment.Job instance at 0x7fc5951fb0a0>,32,24,[5 7],33,-1,57,-1,33
1,<environment.Job instance at 0x7fc594df5d70>,6,23,[ 1 13],7,-1,59,-1,36
1,<environment.Job instance at 0x7fc594f9a550>,36,15,[ 1 10],37,-1,53,-1,38
1,<environment.Job instance at 0x7fc5954c9730>,42,18,[ 3 10],43,-1,61,-1,43
1,<environment.Job instance at 0x7fc595556d70>,43,16,[8 1],44,-1,61,-1,45
1,<environment.Job instance at 0x7fc5954c9370>,44,18,[ 3 10],45,-1,63,-1,45
1,<environment.Job instance at 0x7fc5948d8d20>,49,15,[4 9],50,-1,66,-1,51
1,<environment.Job instance at 0x7fc594af5230>,55,13,[9 1],56,-1,69,-1,56
1,<environment.Job instance at 0x7fc594af5b40>,57,17,[5 6],58,-1,75,-1,58
1,<environment.Job instance at 0x7fc595549eb0>,58,15,[3 5],59,-1,74,-1,59
1,<environment.Job instance at 0x7fc595549320>,59,14,[ 2 10],60,-1,74,-1,60
1,<environment.Job instance at 0x7fc5955490f0>,62,15,[8 3],63,-1,79,-1,64
1,<environment.Job instance at 0x7fc595044dc0>,65,14,[6 3],66,-1,80,-1,66
1,<environment.Job instance at 0x7fc595044c80>,66,13,[2 7],67,-1,80,-1,67
1,<environment.Job instance at 0x7fc5950ed820>,68,14,[2 8],69,-1,83,-1,69
1,<environment.Job instance at 0x7fc5950ed280>,70,18,[5 6],71,-1,89,-1,71
1,<environment.Job instance at 0x7fc5958a4f00>,73,13,[10  5],74,-1,87,-1,74
1,<environment.Job instance at 0x7fc5958a4be0>,74,1,[6 3],75,-1,76,-1,75
1,<environment.Job instance at 0x7fc5948d8a00>,50,15,[ 1 11],51,-1,90,-1,75
1,<environment.Job instance at 0x7fc5958a4e60>,75,15,[10  4],76,-1,91,-1,76
1,<environment.Job instance at 0x7fc5958a4e10>,76,26,[5 7],77,-1,103,-1,77
1,<environment.Job instance at 0x7fc594d29780>,82,13,[6 3],83,-1,101,-1,88
1,<environment.Job instance at 0x7fc5942bafa0>,88,12,[5 3],89,-1,101,-1,89
1,<environment.Job instance at 0x7fc5942bae10>,89,20,[3 9],90,-1,110,-1,90
1,<environment.Job instance at 0x7fc5942ba140>,90,16,[4 9],91,-1,107,-1,91
1,<environment.Job instance at 0x7fc5941905f0>,91,23,[8 4],92,-1,115,-1,92
1,<environment.Job instance at 0x7fc59498a9b0>,92,17,[3 6],93,-1,110,-1,93
1,<environment.Job instance at 0x7fc59498a3c0>,93,14,[5 4],94,-1,108,-1,94
1,<environment.Job instance at 0x7fc59498af50>,95,14,[8 2],96,-1,110,-1,96
1,<environment.Job instance at 0x7fc594bc7820>,101,17,[7 4],102,-1,119,-1,102
1,<environment.Job instance at 0x7fc5955217d0>,103,16,[1 9],104,-1,122,-1,106
1,<environment.Job instance at 0x7fc5957b8e10>,107,15,[10  5],108,-1,124,-1,109
1,<environment.Job instance at 0x7fc5957b89b0>,109,18,[5 2],110,-1,128,-1,110
1,<environment.Job instance at 0x7fc5941af460>,110,17,[8 2],111,-1,128,-1,111
1,<environment.Job instance at 0x7fc5958130a0>,112,13,[6 1],113,-1,126,-1,113
1,<environment.Job instance at 0x7fc594a63460>,113,15,[5 2],114,-1,129,-1,114
1,<environment.Job instance at 0x7fc5949ab0a0>,115,14,[9 4],116,-1,130,-1,116
1,<environment.Job instance at 0x7fc594a635f0>,116,12,[7 2],117,-1,129,-1,117
1,<environment.Job instance at 0x7fc5942c1dc0>,118,18,[5 3],119,-1,137,-1,119
1,<environment.Job instance at 0x7fc5959a4b90>,6,23,[ 1 13],7,-1,30,-1,7
1,<environment.Job instance at 0x7fc5959a46e0>,7,2,[ 2 11],8,-1,10,-1,8
1,<environment.Job instance at 0x7fc5947ed4b0>,14,24,[7 3],15,-1,45,-1,21
1,<environment.Job instance at 0x7fc59e47b3c0>,24,19,[ 5 12],25,-1,58,-1,39
1,<environment.Job instance at 0x7fc59591b460>,25,27,[2 8],26,-1,66,-1,39
1,<environment.Job instance at 0x7fc595137780>,29,1,[ 4 13],30,-1,53,-1,52
1,<environment.Job instance at 0x7fc594df57d0>,32,24,[5 7],33,-1,91,-1,67
1,<environment.Job instance at 0x7fc595167780>,40,1,[11  4],41,-1,75,-1,74
1,<environment.Job instance at 0x7fc595167dc0>,39,23,[6 1],40,-1,110,-1,87
1,<environment.Job instance at 0x7fc5951c1730>,46,23,[ 2 10],47,-1,114,-1,91
1,<environment.Job instance at 0x7fc5948d8690>,50,15,[ 1 11],51,-1,118,-1,103
1,<environment.Job instance at 0x7fc594af5a50>,51,2,[11  4],52,-1,105,-1,103
1,<environment.Job instance at 0x7fc595549c80>,52,3,[14  5],53,-1,106,-1,103
1,<environment.Job instance at 0x7fc59e41ec80>,1,18,[1 7],2,-1,20,-1,2
1,<environment.Job instance at 0x7fc59482abe0>,14,18,[7 1],15,-1,35,-1,17
1,<environment.Job instance at 0x7fc594831370>,24,18,[ 4 10],25,-1,43,-1,25
1,<environment.Job instance at 0x7fc59482ad70>,16,14,[ 5 11],17,-1,45,-1,31
1,<environment.Job instance at 0x7fc594831f00>,31,21,[5 8],32,-1,53,-1,32
1,<environment.Job instance at 0x7fc59481e190>,34,18,[3 8],35,-1,55,-1,37
1,<environment.Job instance at 0x7fc59481e550>,37,25,[6 5],38,-1,67,-1,42
1,<environment.Job instance at 0x7fc59481ea50>,44,15,[10  3],45,-1,60,-1,45
1,<environment.Job instance at 0x7fc594831d20>,30,18,[1 7],31,-1,66,-1,48
1,<environment.Job instance at 0x7fc59481eaf0>,43,13,[ 4 10],44,-1,61,-1,48
1,<environment.Job instance at 0x7fc59481ec80>,48,25,[5 7],49,-1,74,-1,49
1,<environment.Job instance at 0x7fc59481f0a0>,49,13,[ 3 12],50,-1,71,-1,58
1,<environment.Job instance at 0x7fc59481f230>,51,14,[4 6],52,-1,72,-1,58
1,<environment.Job instance at 0x7fc59481f5f0>,57,16,[6 3],58,-1,74,-1,58
1,<environment.Job instance at 0x7fc59481fa00>,60,14,[7 5],61,-1,76,-1,62
1,<environment.Job instance at 0x7fc59481fd70>,61,14,[8 5],62,-1,76,-1,62
1,<environment.Job instance at 0x7fc59481fc30>,62,18,[5 8],63,-1,81,-1,63
1,<environment.Job instance at 0x7fc59481feb0>,63,13,[7 2],64,-1,79,-1,66
1,<environment.Job instance at 0x7fc594655190>,65,26,[14  3],66,-1,92,-1,66
1,<environment.Job instance at 0x7fc594655370>,67,28,[6 3],68,-1,96,-1,68
1,<environment.Job instance at 0x7fc5946553c0>,70,18,[5 5],71,-1,90,-1,72
1,<environment.Job instance at 0x7fc59481eeb0>,50,3,[5 1],51,-1,77,-1,74
1,<environment.Job instance at 0x7fc5946556e0>,71,19,[3 6],72,-1,93,-1,74
1,<environment.Job instance at 0x7fc594655a00>,74,18,[1 9],75,-1,93,-1,75
1,<environment.Job instance at 0x7fc594831af0>,28,22,[10  4],29,-1,100,-1,78
1,<environment.Job instance at 0x7fc594655fa0>,78,1,[5 2],79,-1,80,-1,79
1,<environment.Job instance at 0x7fc594655f50>,79,17,[8 2],80,-1,97,-1,80
1,<environment.Job instance at 0x7fc5946420a0>,81,19,[3 9],82,-1,101,-1,82
1,<environment.Job instance at 0x7fc5946421e0>,82,16,[5 5],83,-1,99,-1,83
1,<environment.Job instance at 0x7fc5946420f0>,83,13,[2 7],84,-1,100,-1,87
1,<environment.Job instance at 0x7fc594642410>,85,17,[10  2],86,-1,106,-1,89
1,<environment.Job instance at 0x7fc594642320>,86,17,[4 9],87,-1,107,-1,90
1,<environment.Job instance at 0x7fc594642730>,90,13,[1 6],91,-1,104,-1,91
1,<environment.Job instance at 0x7fc594856b90>,103,16,[10  1],104,-1,135,-1,119
1,<environment.Job instance at 0x7fc5947b2410>,104,17,[4 8],105,-1,136,-1,119
1,<environment.Job instance at 0x7fc5956010f0>,5,1,[ 4 14],6,-1,7,-1,6
1,<environment.Job instance at 0x7fc5959f5be0>,16,14,[ 5 11],17,-1,36,-1,22
1,<environment.Job instance at 0x7fc595601f00>,19,22,[14  5],20,-1,46,-1,24
1,<environment.Job instance at 0x7fc5959f5230>,22,12,[11  2],23,-1,37,-1,25
1,<environment.Job instance at 0x7fc59507e0f0>,37,25,[6 5],38,-1,89,-1,64
1,<environment.Job instance at 0x7fc5948cbf50>,48,25,[5 7],49,-1,127,-1,102
1,<environment.Job instance at 0x7fc5948cb640>,49,13,[ 3 12],50,-1,115,-1,102
1,<environment.Job instance at 0x7fc5951fb870>,58,3,[12  5],59,-1,122,-1,119
1,<environment.Job instance at 0x7f6232e166e0>,0,18,[ 2 10],1,-1,20,-1,2
1,<environment.Job instance at 0x7f6232e16730>,4,18,[10  4],5,-1,41,-1,23
1,<environment.Job instance at 0x7f62297ccaf0>,3,18,[ 3 10],4,-1,41,-1,23
1,<environment.Job instance at 0x7f62297ccdc0>,8,17,[ 2 10],9,-1,43,-1,26
1,<environment.Job instance at 0x7f62297cce60>,9,17,[ 4 10],10,-1,53,-1,36
1,<environment.Job instance at 0x7f6232e168c0>,1,15,[ 1 14],2,-1,51,-1,36
1,<environment.Job instance at 0x7f62297d1320>,16,12,[1 8],17,-1,48,-1,36
1,<environment.Job instance at 0x7f62297d1460>,18,16,[8 5],19,-1,55,-1,39
1,<environment.Job instance at 0x7f62297d1500>,19,17,[12  3],20,-1,56,-1,39
1,<environment.Job instance at 0x7f62297d1780>,23,18,[5 2],24,-1,59,-1,41
1,<environment.Job instance at 0x7f62297d1a00>,26,22,[2 9],27,-1,63,-1,41
1,<environment.Job instance at 0x7f62297d1b40>,29,13,[1 6],30,-1,55,-1,42
1,<environment.Job instance at 0x7f62297ccb90>,6,12,[11  4],7,-1,61,-1,49
1,<environment.Job instance at 0x7f62297d1c80>,31,17,[4 9],32,-1,68,-1,51
1,<environment.Job instance at 0x7f62297d1d20>,32,17,[9 3],33,-1,68,-1,51
1,<environment.Job instance at 0x7f62297d1f00>,35,16,[8 1],36,-1,67,-1,51
1,<environment.Job instance at 0x7f62297d4460>,39,18,[5 8],40,-1,70,-1,52
1,<environment.Job instance at 0x7f62297d49b0>,42,14,[8 4],43,-1,70,-1,56
1,<environment.Job instance at 0x7f62297d4b90>,43,28,[6 4],44,-1,84,-1,56
1,<environment.Job instance at 0x7f62297d4a00>,44,17,[ 5 12],45,-1,73,-1,56
1,<environment.Job instance at 0x7f62297d4aa0>,45,16,[6 2],46,-1,75,-1,59
1,<environment.Job instance at 0x7f62297d4370>,38,12,[3 6],39,-1,71,-1,59
1,<environment.Job instance at 0x7f62297ccc80>,5,13,[5 9],6,-1,72,-1,59
1,<environment.Job instance at 0x7f62297d4e60>,50,27,[9 1],51,-1,87,-1,60
1,<environment.Job instance at 0x7f62297ccd20>,7,14,[5 1],8,-1,74,-1,60
1,<environment.Job instance at 0x7f62297d7550>,55,17,[4 7],56,-1,89,-1,72
1,<environment.Job instance at 0x7f62297d7690>,56,18,[4 5],57,-1,91,-1,73
1,<environment.Job instance at 0x7f62297d4dc0>,48,13,[6 1],49,-1,86,-1,73
1,<environment.Job instance at 0x7f62297d7e60>,62,20,[9 1],63,-1,93,-1,73
1,<environment.Job instance at 0x7f62297d7a00>,60,24,[ 3 10],61,-1,97,-1,73
1,<environment.Job instance at 0x7f62297d7af0>,63,15,[1 5],64,-1,88,-1,73
1,<environment.Job instance at 0x7f62297d9140>,67,26,[5 4],68,-1,107,-1,81
1,<environment.Job instance at 0x7f62297d91e0>,68,22,[5 6],69,-1,103,-1,81
1,<environment.Job instance at 0x7f62297d72d0>,54,14,[1 7],55,-1,104,-1,90
1,<environment.Job instance at 0x7f62297d9320>,70,18,[5 5],71,-1,109,-1,91
1,<environment.Job instance at 0x7f62297d9500>,72,14,[9 1],73,-1,105,-1,91
1,<environment.Job instance at 0x7f62297d74b0>,53,18,[ 4 12],54,-1,113,-1,95
1,<environment.Job instance at 0x7f62297d9af0>,77,15,[4 7],78,-1,111,-1,96
1,<environment.Job instance at 0x7f62297d9c80>,79,17,[2 7],80,-1,114,-1,97
1,<environment.Job instance at 0x7f62297db140>,85,19,[14  4],86,-1,116,-1,97
1,<environment.Job instance at 0x7f62297db320>,88,12,[3 5],89,-1,109,-1,97
1,<environment.Job instance at 0x7f62297d9aa0>,78,19,[8 4],79,-1,116,-1,97
1,<environment.Job instance at 0x7f62297db0a0>,84,12,[3 5],85,-1,109,-1,97
1,<environment.Job instance at 0x7f62297db8c0>,91,16,[5 8],92,-1,113,-1,97
1,<environment.Job instance at 0x7f62297d1fa0>,37,14,[5 5],38,-1,112,-1,98
1,<environment.Job instance at 0x7f62297dbaa0>,95,23,[3 7],96,-1,121,-1,98
1,<environment.Job instance at 0x7f62297db7d0>,93,12,[4 9],94,-1,116,-1,104
1,<environment.Job instance at 0x7f62299760a0>,102,27,[ 3 13],103,-1,132,-1,105
1,<environment.Job instance at 0x7f62297c7050>,98,12,[10  1],99,-1,124,-1,112
1,<environment.Job instance at 0x7f62298daa50>,103,17,[5 6],104,-1,129,-1,112
1,<environment.Job instance at 0x7f62297c46e0>,108,20,[5 7],109,-1,132,-1,112
1,<environment.Job instance at 0x7f62298daaf0>,105,1,[3 6],106,-1,113,-1,112
1,<environment.Job instance at 0x7f622996ee10>,111,18,[ 3 13],112,-1,130,-1,112
1,<environment.Job instance at 0x7f6232e40fa0>,100,18,[7 5],101,-1,134,-1,116
1,<environment.Job instance at 0x7f62298e8460>,115,14,[9 1],116,-1,130,-1,116
1,<environment.Job instance at 0x7f62297c4410>,104,17,[5 4],105,-1,134,-1,117
1,<environment.Job instance at 0x7f62297c4960>,110,20,[5 7],111,-1,144,-1,124
1,<environment.Job instance at 0x7f62298e8730>,116,15,[9 2],117,-1,139,-1,124
1,<environment.Job instance at 0x7f62298f7690>,121,18,[11  5],122,-1,145,-1,127
1,<environment.Job instance at 0x7f62298f7e60>,122,14,[14  1],123,-1,141,-1,127
1,<environment.Job instance at 0x7f62298dba00>,124,15,[9 1],125,-1,142,-1,127
1,<environment.Job instance at 0x7f6229903c30>,119,16,[1 8],120,-1,143,-1,127
1,<environment.Job instance at 0x7f6229979410>,1,15,[ 1 14],2,-1,17,-1,2
1,<environment.Job instance at 0x7f62297d7640>,6,12,[11  4],7,-1,19,-1,7
1,<environment.Job instance at 0x7f62298e6d70>,19,17,[12  3],20,-1,67,-1,50
1,<environment.Job instance at 0x7f622980b640>,22,2,[12  3],23,-1,62,-1,60
1,<environment.Job instance at 0x7f62297e3aa0>,0,16,[9 3],1,-1,18,-1,2
1,<environment.Job instance at 0x7f6228f1c2d0>,4,15,[10  5],5,-1,21,-1,6
1,<environment.Job instance at 0x7f6228f190a0>,6,18,[1 6],7,-1,25,-1,7
1,<environment.Job instance at 0x7f6228f19780>,10,17,[3 8],11,-1,28,-1,11
1,<environment.Job instance at 0x7f6228f1cf50>,5,15,[ 3 14],6,-1,47,-1,32
1,<environment.Job instance at 0x7f6228f1a5f0>,21,16,[1 9],22,-1,49,-1,33
1,<environment.Job instance at 0x7f6228ffc370>,27,17,[3 8],28,-1,50,-1,33
1,<environment.Job instance at 0x7f6229052410>,28,16,[3 9],29,-1,49,-1,33
1,<environment.Job instance at 0x7f62291460a0>,30,12,[6 3],31,-1,45,-1,33
1,<environment.Job instance at 0x7f62290b4050>,32,1,[10  1],33,-1,34,-1,33
1,<environment.Job instance at 0x7f6229079be0>,33,15,[4 8],34,-1,49,-1,34
1,<environment.Job instance at 0x7f6228d9c8c0>,35,3,[5 5],36,-1,39,-1,36
1,<environment.Job instance at 0x7f6228ffc550>,31,3,[1 5],32,-1,39,-1,36
1,<environment.Job instance at 0x7f622919eb40>,22,16,[6 2],23,-1,52,-1,36
1,<environment.Job instance at 0x7f6228d9baf0>,37,18,[5 2],38,-1,57,-1,39
1,<environment.Job instance at 0x7f6228d9b410>,36,22,[11  3],37,-1,61,-1,39
1,<environment.Job instance at 0x7f6228d9b960>,39,16,[3 5],40,-1,56,-1,40
1,<environment.Job instance at 0x7f6228d9b820>,38,18,[4 6],39,-1,60,-1,42
1,<environment.Job instance at 0x7f6228d930a0>,41,14,[5 3],42,-1,60,-1,46
1,<environment.Job instance at 0x7f62296d3730>,47,13,[ 4 10],48,-1,62,-1,49
1,<environment.Job instance at 0x7f6228d82f50>,48,14,[4 7],49,-1,64,-1,50
1,<environment.Job instance at 0x7f6229722fa0>,49,23,[2 8],50,-1,74,-1,51
1,<environment.Job instance at 0x7f62292508c0>,55,17,[10  5],56,-1,77,-1,60
1,<environment.Job instance at 0x7f6228dcf9b0>,56,26,[9 1],57,-1,86,-1,60
1,<environment.Job instance at 0x7f6228f1a780>,50,12,[2 5],51,-1,73,-1,61
1,<environment.Job instance at 0x7f6228d82370>,45,25,[3 9],46,-1,86,-1,61
1,<environment.Job instance at 0x7f6228dd19b0>,60,18,[5 1],61,-1,85,-1,67
1,<environment.Job instance at 0x7f6228dcfbe0>,58,14,[8 5],59,-1,81,-1,67
1,<environment.Job instance at 0x7f6228f790a0>,64,17,[10  5],65,-1,84,-1,67
1,<environment.Job instance at 0x7f6228dd1aa0>,59,17,[9 2],60,-1,85,-1,68
1,<environment.Job instance at 0x7f6228de69b0>,65,16,[ 3 10],66,-1,86,-1,70
1,<environment.Job instance at 0x7f6228de6be0>,66,23,[5 8],67,-1,93,-1,70
1,<environment.Job instance at 0x7f6228f18d70>,72,14,[9 2],73,-1,88,-1,74
1,<environment.Job instance at 0x7f6228de9b90>,74,17,[10  2],75,-1,92,-1,75
1,<environment.Job instance at 0x7f6228f10a00>,62,14,[8 4],63,-1,90,-1,76
1,<environment.Job instance at 0x7f6228de9f50>,75,17,[5 9],76,-1,93,-1,76
1,<environment.Job instance at 0x7f6228de95f0>,78,22,[9 2],79,-1,101,-1,79
1,<environment.Job instance at 0x7f6228de9a50>,82,17,[10  4],83,-1,103,-1,86
1,<environment.Job instance at 0x7f6228de9410>,81,18,[ 5 11],82,-1,109,-1,91
1,<environment.Job instance at 0x7f6228dea820>,85,17,[8 1],86,-1,112,-1,95
1,<environment.Job instance at 0x7f6228f18320>,73,27,[5 3],74,-1,122,-1,95
1,<environment.Job instance at 0x7f6228dea690>,88,28,[7 4],89,-1,127,-1,99
1,<environment.Job instance at 0x7f6228dea550>,87,18,[ 1 10],88,-1,118,-1,100
1,<environment.Job instance at 0x7f6228dcd870>,94,28,[9 1],95,-1,128,-1,100
1,<environment.Job instance at 0x7f6228dcdc80>,95,17,[3 5],96,-1,118,-1,101
1,<environment.Job instance at 0x7f6228dcd690>,98,16,[14  3],99,-1,117,-1,101
1,<environment.Job instance at 0x7f6228dcd4b0>,96,15,[ 5 10],97,-1,116,-1,101
1,<environment.Job instance at 0x7f6228dea2d0>,86,16,[7 2],87,-1,118,-1,102
1,<environment.Job instance at 0x7f6228de35f0>,100,15,[7 4],101,-1,117,-1,102
1,<environment.Job instance at 0x7f6228df0320>,102,16,[8 5],103,-1,120,-1,104
1,<environment.Job instance at 0x7f6228de9c30>,83,12,[5 1],84,-1,124,-1,112
1,<environment.Job instance at 0x7f6228de56e0>,104,14,[8 5],105,-1,127,-1,113
1,<environment.Job instance at 0x7f6228de53c0>,105,12,[2 6],106,-1,130,-1,118
1,<environment.Job instance at 0x7f6228de52d0>,108,18,[3 8],109,-1,136,-1,118
1,<environment.Job instance at 0x7f6228de5e10>,110,28,[7 3],111,-1,146,-1,118
1,<environment.Job instance at 0x7f6228de5f50>,109,16,[9 4],110,-1,134,-1,118
1,<environment.Job instance at 0x7f6228de5b90>,111,16,[7 4],112,-1,138,-1,122
1,<environment.Job instance at 0x7f6228df8550>,116,17,[2 6],117,-1,140,-1,123
1,<environment.Job instance at 0x7f6228d7c190>,117,16,[2 8],118,-1,139,-1,123
1,<environment.Job instance at 0x7f6228ede0f0>,118,12,[9 2],119,-1,135,-1,123
1,<environment.Job instance at 0x7f62290f0690>,5,15,[ 3 14],6,-1,21,-1,6
1,<environment.Job instance at 0x7f6228f80e10>,7,12,[14  5],8,-1,20,-1,8
1,<environment.Job instance at 0x7f6228fa3780>,36,22,[11  3],37,-1,126,-1,104
1,<environment.Job instance at 0x7f6228de85a0>,3,21,[9 5],4,-1,26,-1,5
1,<environment.Job instance at 0x7f6228de8c80>,4,18,[10  2],5,-1,23,-1,5
1,<environment.Job instance at 0x7f6228d820a0>,12,17,[8 2],13,-1,31,-1,14
1,<environment.Job instance at 0x7f6228d82d20>,17,14,[4 7],18,-1,32,-1,18
1,<environment.Job instance at 0x7f6228d82190>,19,13,[5 7],20,-1,33,-1,20
1,<environment.Job instance at 0x7f6228d826e0>,21,16,[6 2],22,-1,39,-1,23
1,<environment.Job instance at 0x7f6228d9b410>,26,13,[3 6],27,-1,42,-1,29
1,<environment.Job instance at 0x7f6228d9bc30>,29,14,[5 7],30,-1,44,-1,30
1,<environment.Job instance at 0x7f6228d9b230>,30,13,[7 4],31,-1,44,-1,31
1,<environment.Job instance at 0x7f6228d7c2d0>,34,18,[ 5 10],35,-1,53,-1,35
1,<environment.Job instance at 0x7f6232f7e1e0>,13,18,[7 5],14,-1,57,-1,39
1,<environment.Job instance at 0x7f6228d7c370>,40,17,[4 5],41,-1,58,-1,41
1,<environment.Job instance at 0x7f6228d9b5a0>,28,17,[12  1],29,-1,58,-1,41
1,<environment.Job instance at 0x7f6228d7cd70>,43,13,[8 3],44,-1,59,-1,46
1,<environment.Job instance at 0x7f6228d7c690>,46,15,[7 3],47,-1,62,-1,47
1,<environment.Job instance at 0x7f6228d82eb0>,11,18,[ 5 14],12,-1,69,-1,51
1,<environment.Job instance at 0x7f6228d7c460>,42,27,[ 2 13],43,-1,79,-1,52
1,<environment.Job instance at 0x7f6228d7c960>,45,18,[9 5],46,-1,70,-1,52
1,<environment.Job instance at 0x7f6242ea7a50>,51,15,[10  3],52,-1,67,-1,52
1,<environment.Job instance at 0x7f6228d7c320>,47,17,[7 5],48,-1,69,-1,52
1,<environment.Job instance at 0x7f6232f814b0>,54,16,[8 3],55,-1,105,-1,89
1,<environment.Job instance at 0x7f6228e646e0>,61,18,[ 4 13],62,-1,110,-1,92
1,<environment.Job instance at 0x7f6228d93910>,71,16,[2 8],72,-1,109,-1,93
1,<environment.Job instance at 0x7f6228d93140>,79,16,[1 7],80,-1,120,-1,104
1,<environment.Job instance at 0x7f6228d93550>,80,18,[11  4],81,-1,122,-1,104
1,<environment.Job instance at 0x7f6228d93370>,82,20,[7 3],83,-1,144,-1,124
1,<environment.Job instance at 0x7f6228d93190>,85,17,[6 3],86,-1,141,-1,124
1,<environment.Job instance at 0x7f6228d931e0>,86,20,[6 2],87,-1,144,-1,124
1,<environment.Job instance at 0x7f6232ebdd20>,88,17,[2 8],89,-1,141,-1,124
1,<environment.Job instance at 0x7f6228d7c910>,36,16,[5 7],37,-1,140,-1,124
1,<environment.Job instance at 0x7f6232ebd8c0>,91,14,[3 6],92,-1,138,-1,124
1,<environment.Job instance at 0x7f622a368f50>,1,19,[ 3 14],2,-1,21,-1,2
1,<environment.Job instance at 0x7f622a0b36e0>,2,2,[14  5],3,-1,5,-1,3
1,<environment.Job instance at 0x7f62295cebe0>,5,12,[12  4],6,-1,18,-1,6
1,<environment.Job instance at 0x7f62290d97d0>,11,18,[ 5 14],12,-1,43,-1,25
1,<environment.Job instance at 0x7f62295e7eb0>,18,1,[ 5 14],19,-1,30,-1,29
1,<environment.Job instance at 0x7f622962bc80>,23,3,[14  5],24,-1,54,-1,51
1,<environment.Job instance at 0x7f6229fba190>,28,17,[12  1],29,-1,73,-1,56
1,<environment.Job instance at 0x7f62329823c0>,32,1,[13  3],33,-1,71,-1,70
1,<environment.Job instance at 0x7f622905d5f0>,42,27,[ 2 13],43,-1,130,-1,103
1,<environment.Job instance at 0x7f62294accd0>,2,17,[9 1],3,-1,21,-1,4
1,<environment.Job instance at 0x7f6232a835f0>,3,18,[8 1],4,-1,23,-1,5
1,<environment.Job instance at 0x7f62294ac730>,5,27,[5 5],6,-1,33,-1,6
1,<environment.Job instance at 0x7f6229315320>,6,22,[2 8],7,-1,29,-1,7
1,<environment.Job instance at 0x7f6229315aa0>,7,20,[5 2],8,-1,28,-1,8
1,<environment.Job instance at 0x7f6229315d70>,10,16,[1 9],11,-1,27,-1,11
1,<environment.Job instance at 0x7f6229377460>,12,17,[4 6],13,-1,30,-1,13
1,<environment.Job instance at 0x7f62293772d0>,13,27,[7 5],14,-1,41,-1,14
1,<environment.Job instance at 0x7f6229322af0>,18,14,[2 7],19,-1,33,-1,19
1,<environment.Job instance at 0x7f6229322b90>,19,17,[5 1],20,-1,37,-1,20
1,<environment.Job instance at 0x7f6229322370>,21,18,[5 7],22,-1,40,-1,22
1,<environment.Job instance at 0x7f6229322460>,22,13,[8 1],23,-1,37,-1,24
1,<environment.Job instance at 0x7f62293220a0>,25,25,[3 7],26,-1,51,-1,26
1,<environment.Job instance at 0x7f6229322870>,26,13,[1 6],27,-1,40,-1,27
1,<environment.Job instance at 0x7f62293228c0>,27,14,[10  3],28,-1,42,-1,28
1,<environment.Job instance at 0x7f622948fc80>,32,13,[3 9],33,-1,46,-1,33
1,<environment.Job instance at 0x7f622948faa0>,35,16,[10  5],36,-1,52,-1,36
1,<environment.Job instance at 0x7f6232f89af0>,36,13,[8 4],37,-1,50,-1,37
1,<environment.Job instance at 0x7f624e2dfd70>,37,14,[9 1],38,-1,52,-1,38
1,<environment.Job instance at 0x7f6229169fa0>,38,21,[9 5],39,-1,60,-1,39
1,<environment.Job instance at 0x7f6229169f00>,40,17,[9 4],41,-1,58,-1,41
1,<environment.Job instance at 0x7f6228f8f140>,45,15,[5 7],46,-1,61,-1,46
1,<environment.Job instance at 0x7f6228f8f8c0>,46,13,[7 1],47,-1,60,-1,47
1,<environment.Job instance at 0x7f6228f8f1e0>,47,16,[2 6],48,-1,65,-1,49
1,<environment.Job instance at 0x7f6228feeeb0>,53,17,[1 8],54,-1,71,-1,54
1,<environment.Job instance at 0x7f622977c6e0>,55,24,[3 9],56,-1,105,-1,81
1,<environment.Job instance at 0x7f62297d4960>,23,16,[3 5],24,-1,97,-1,81
1,<environment.Job instance at 0x7f6228f75960>,71,15,[14  1],72,-1,96,-1,81
1,<environment.Job instance at 0x7f6228f75780>,72,27,[5 5],73,-1,108,-1,81
1,<environment.Job instance at 0x7f6228f75500>,73,14,[3 6],74,-1,95,-1,81
1,<environment.Job instance at 0x7f6229209a50>,74,25,[1 7],75,-1,106,-1,81
1,<environment.Job instance at 0x7f6229209d20>,76,15,[ 5 10],77,-1,96,-1,81
1,<environment.Job instance at 0x7f6228f75d70>,70,13,[3 8],71,-1,94,-1,81
1,<environment.Job instance at 0x7f6229209af0>,79,14,[2 6],80,-1,95,-1,81
1,<environment.Job instance at 0x7f622916d0a0>,4,3,[ 3 12],5,-1,8,-1,5
1,<environment.Job instance at 0x7f622916d460>,5,27,[5 5],6,-1,33,-1,6
1,<environment.Job instance at 0x7f62291abf00>,8,13,[14  4],9,-1,22,-1,9
1,<environment.Job instance at 0x7f62292f8230>,14,13,[14  5],15,-1,42,-1,29
1,<environment.Job instance at 0x7f62292f8f50>,13,27,[7 5],14,-1,66,-1,39
1,<environment.Job instance at 0x7f6229172050>,25,25,[3 7],26,-1,97,-1,72
1,<environment.Job instance at 0x7f62293fa370>,30,1,[ 4 12],31,-1,81,-1,80
1,<environment.Job instance at 0x7f622a028460>,34,12,[13  3],35,-1,97,-1,85
1,<environment.Job instance at 0x7f62293fa1e0>,39,3,[12  1],40,-1,118,-1,115
1,<environment.Job instance at 0x7f6229c03c30>,0,18,[4 6],1,-1,19,-1,1
1,<environment.Job instance at 0x7f6229644780>,7,18,[1 7],8,-1,26,-1,8
1,<environment.Job instance at 0x7f62296445a0>,8,19,[1 6],9,-1,28,-1,9
1,<environment.Job instance at 0x7f6229644c80>,11,14,[5 4],12,-1,26,-1,12
1,<environment.Job instance at 0x7f6229644d20>,13,20,[5 7],14,-1,34,-1,14
1,<environment.Job instance at 0x7f62291ad820>,16,27,[4 5],17,-1,49,-1,22
1,<environment.Job instance at 0x7f6229645e60>,21,12,[5 9],22,-1,36,-1,24
1,<environment.Job instance at 0x7f622993ebe0>,2,17,[ 2 12],3,-1,20,-1,3
1,<environment.Job instance at 0x7f622993e280>,5,24,[10  2],6,-1,41,-1,17
1,<environment.Job instance at 0x7f6229b3b910>,9,27,[14  1],10,-1,44,-1,17
1,<environment.Job instance at 0x7f6229b3bbe0>,12,2,[11  4],13,-1,20,-1,18
1,<environment.Job instance at 0x7f6228d7d690>,15,12,[11  5],16,-1,31,-1,19
1,<environment.Job instance at 0x7f622944b960>,16,27,[4 5],17,-1,46,-1,19
1,<environment.Job instance at 0x7f62296212d0>,22,3,[11  3],23,-1,47,-1,44
1,<environment.Job instance at 0x7f6229b07960>,31,15,[ 2 14],32,-1,88,-1,73
1,<environment.Job instance at 0x7f6229915af0>,35,12,[ 3 13],36,-1,90,-1,78
1,<environment.Job instance at 0x7f6229315b40>,51,17,[14  3],52,-1,145,-1,128
1,<environment.Job instance at 0x7f62291946e0>,0,17,[2 6],1,-1,18,-1,1
1,<environment.Job instance at 0x7f62291915f0>,9,21,[1 9],10,-1,31,-1,10
1,<environment.Job instance at 0x7f6229191c30>,10,27,[6 4],11,-1,38,-1,11
1,<environment.Job instance at 0x7f62291838c0>,12,15,[10  1],13,-1,29,-1,14
1,<environment.Job instance at 0x7f6229183d20>,14,13,[1 8],15,-1,28,-1,15
1,<environment.Job instance at 0x7f6229183fa0>,15,3,[10  4],16,-1,19,-1,16
1,<environment.Job instance at 0x7f62291911e0>,13,13,[7 5],14,-1,29,-1,16
1,<environment.Job instance at 0x7f6229183140>,18,22,[7 5],19,-1,41,-1,19
1,<environment.Job instance at 0x7f6229183230>,20,18,[ 5 10],21,-1,39,-1,21
1,<environment.Job instance at 0x7f62291834b0>,22,24,[1 6],23,-1,47,-1,23
1,<environment.Job instance at 0x7f6229183c30>,23,16,[8 5],24,-1,40,-1,24
1,<environment.Job instance at 0x7f62291b20a0>,24,16,[9 4],25,-1,41,-1,25
1,<environment.Job instance at 0x7f62291b2d70>,26,15,[10  4],27,-1,43,-1,28
1,<environment.Job instance at 0x7f62291b2e10>,28,17,[3 9],29,-1,46,-1,29
1,<environment.Job instance at 0x7f62291b2550>,29,2,[9 1],30,-1,32,-1,30
1,<environment.Job instance at 0x7f62291b25a0>,30,14,[1 8],31,-1,45,-1,31
1,<environment.Job instance at 0x7f62291b25f0>,31,12,[5 6],32,-1,44,-1,32
1,<environment.Job instance at 0x7f62291b2eb0>,33,13,[5 1],34,-1,47,-1,34
1,<environment.Job instance at 0x7f62291b2e60>,27,13,[ 4 10],28,-1,47,-1,34
1,<environment.Job instance at 0x7f62291b4190>,38,14,[9 1],39,-1,54,-1,40
1,<environment.Job instance at 0x7f62291b45a0>,42,15,[6 2],43,-1,58,-1,43
1,<environment.Job instance at 0x7f6229770d20>,44,3,[3 6],45,-1,48,-1,45
1,<environment.Job instance at 0x7f6229770460>,45,1,[8 4],46,-1,47,-1,46
1,<environment.Job instance at 0x7f6229770230>,47,27,[9 3],48,-1,75,-1,48
1,<environment.Job instance at 0x7f62297708c0>,48,18,[6 5],49,-1,67,-1,49
1,<environment.Job instance at 0x7f62297706e0>,49,18,[ 5 10],50,-1,68,-1,50
1,<environment.Job instance at 0x7f6229770690>,53,16,[5 3],54,-1,70,-1,54
1,<environment.Job instance at 0x7f62295deb90>,55,15,[ 1 10],56,-1,71,-1,56
1,<environment.Job instance at 0x7f62291b38c0>,57,12,[7 2],58,-1,70,-1,58
1,<environment.Job instance at 0x7f62291b3c30>,58,24,[4 7],59,-1,83,-1,59
1,<environment.Job instance at 0x7f62291b39b0>,59,12,[4 6],60,-1,72,-1,60
1,<environment.Job instance at 0x7f62291b4460>,39,17,[1 9],40,-1,77,-1,60
1,<environment.Job instance at 0x7f62291b3730>,62,17,[9 4],63,-1,80,-1,63
1,<environment.Job instance at 0x7f6229225320>,64,18,[ 4 11],65,-1,83,-1,65
1,<environment.Job instance at 0x7f6229225280>,65,16,[9 4],66,-1,82,-1,66
1,<environment.Job instance at 0x7f6229225960>,67,15,[4 6],68,-1,83,-1,68
1,<environment.Job instance at 0x7f6229225a00>,70,20,[4 6],71,-1,91,-1,71
1,<environment.Job instance at 0x7f6229225d70>,74,16,[4 5],75,-1,91,-1,75
1,<environment.Job instance at 0x7f6228ef3dc0>,82,17,[ 2 10],83,-1,100,-1,83
1,<environment.Job instance at 0x7f6228ef3280>,84,12,[9 1],85,-1,99,-1,87
1,<environment.Job instance at 0x7f6228ef3960>,88,20,[3 8],89,-1,109,-1,89
1,<environment.Job instance at 0x7f6229750b90>,91,21,[4 7],92,-1,113,-1,92
1,<environment.Job instance at 0x7f6228ef3eb0>,86,13,[4 7],87,-1,120,-1,107
1,<environment.Job instance at 0x7f62295f80f0>,101,18,[4 8],102,-1,126,-1,108
1,<environment.Job instance at 0x7f6229750050>,92,17,[ 2 11],93,-1,125,-1,108
1,<environment.Job instance at 0x7f62295f8730>,100,15,[10  4],101,-1,123,-1,108
1,<environment.Job instance at 0x7f62295f8460>,99,19,[5 5],100,-1,127,-1,108
1,<environment.Job instance at 0x7f6229225820>,75,16,[ 2 11],76,-1,124,-1,108
1,<environment.Job instance at 0x7f62295f8410>,102,15,[4 8],103,-1,123,-1,108
1,<environment.Job instance at 0x7f6229750820>,96,18,[6 3],97,-1,126,-1,108
1,<environment.Job instance at 0x7f622965bd20>,107,14,[ 4 10],108,-1,122,-1,108
1,<environment.Job instance at 0x7f622965b7d0>,108,18,[4 6],109,-1,127,-1,109
1,<environment.Job instance at 0x7f6229804410>,116,18,[10  2],117,-1,141,-1,123
1,<environment.Job instance at 0x7f622a283dc0>,118,17,[9 5],119,-1,143,-1,126
1,<environment.Job instance at 0x7f6229a22c30>,119,16,[7 2],120,-1,142,-1,126
1,<environment.Job instance at 0x7f622a2c5640>,120,16,[ 3 10],121,-1,142,-1,126
1,<environment.Job instance at 0x7f6229ad4dc0>,121,16,[5 7],122,-1,142,-1,126
1,<environment.Job instance at 0x7f6229820f50>,10,27,[6 4],11,-1,38,-1,11
1,<environment.Job instance at 0x7f6228f750f0>,11,1,[11  4],12,-1,13,-1,12
1,<environment.Job instance at 0x7f62298825a0>,22,24,[1 6],23,-1,58,-1,34
1,<environment.Job instance at 0x7f62299d2500>,34,3,[ 2 12],35,-1,83,-1,80
1,<environment.Job instance at 0x7f6229313910>,41,2,[ 3 14],42,-1,101,-1,99
1,<environment.Job instance at 0x7f622965b460>,46,13,[12  4],47,-1,129,-1,116
1,<environment.Job instance at 0x7f6229640d70>,47,27,[9 3],48,-1,144,-1,117
1,<environment.Job instance at 0x7f6229dd7fa0>,6,14,[6 4],7,-1,21,-1,7
1,<environment.Job instance at 0x7f6229dd7280>,8,17,[3 7],9,-1,26,-1,9
1,<environment.Job instance at 0x7f622949dd20>,11,17,[2 7],12,-1,29,-1,12
1,<environment.Job instance at 0x7f622949de60>,12,17,[6 4],13,-1,30,-1,13
1,<environment.Job instance at 0x7f6229dd3c80>,18,12,[ 4 10],19,-1,31,-1,19
1,<environment.Job instance at 0x7f6229dd30f0>,20,14,[ 2 10],21,-1,35,-1,21
1,<environment.Job instance at 0x7f622949df50>,22,16,[ 3 10],23,-1,39,-1,23
1,<environment.Job instance at 0x7f6229da51e0>,23,18,[5 5],24,-1,42,-1,24
1,<environment.Job instance at 0x7f6229da5d70>,24,16,[5 5],25,-1,41,-1,25
1,<environment.Job instance at 0x7f62291c95f0>,25,17,[ 3 10],26,-1,43,-1,26
1,<environment.Job instance at 0x7f62291f3230>,27,2,[ 3 10],28,-1,30,-1,28
1,<environment.Job instance at 0x7f62291f3fa0>,28,18,[1 5],29,-1,47,-1,29
1,<environment.Job instance at 0x7f62291c9230>,29,18,[9 5],30,-1,48,-1,30
1,<environment.Job instance at 0x7f6229e55d70>,30,19,[4 5],31,-1,50,-1,31
1,<environment.Job instance at 0x7f62291c19b0>,32,13,[9 4],33,-1,46,-1,33
1,<environment.Job instance at 0x7f622a319190>,33,12,[2 6],34,-1,46,-1,34
1,<environment.Job instance at 0x7f622977de60>,34,16,[2 7],35,-1,51,-1,35
1,<environment.Job instance at 0x7f6229dbf640>,38,16,[8 3],39,-1,55,-1,39
1,<environment.Job instance at 0x7f6228ef89b0>,40,23,[9 4],41,-1,64,-1,41
1,<environment.Job instance at 0x7f6229dbfcd0>,41,21,[8 2],42,-1,63,-1,42
1,<environment.Job instance at 0x7f6229e2c500>,42,21,[5 7],43,-1,64,-1,43
1,<environment.Job instance at 0x7f6228ec1550>,44,17,[9 2],45,-1,62,-1,45
1,<environment.Job instance at 0x7f6228ec1910>,45,18,[5 5],46,-1,64,-1,46
1,<environment.Job instance at 0x7f6228ec1be0>,48,28,[10  4],49,-1,77,-1,49
1,<environment.Job instance at 0x7f6228ee83c0>,52,18,[4 7],53,-1,71,-1,53
1,<environment.Job instance at 0x7f6228ee84b0>,54,14,[9 1],55,-1,69,-1,55
1,<environment.Job instance at 0x7f6228ee8780>,55,12,[7 1],56,-1,68,-1,56
1,<environment.Job instance at 0x7f6228ee8280>,56,18,[8 3],57,-1,75,-1,57
1,<environment.Job instance at 0x7f6228eee280>,60,26,[4 9],61,-1,87,-1,61
1,<environment.Job instance at 0x7f6228eee960>,65,18,[1 8],66,-1,84,-1,66
1,<environment.Job instance at 0x7f6228eeeaa0>,66,13,[9 3],67,-1,80,-1,67
1,<environment.Job instance at 0x7f6228eee910>,67,23,[5 3],68,-1,91,-1,68
1,<environment.Job instance at 0x7f6228eeeb40>,68,16,[9 4],69,-1,85,-1,69
1,<environment.Job instance at 0x7f6228eeec80>,70,14,[1 5],71,-1,85,-1,71
1,<environment.Job instance at 0x7f6228eeee10>,71,18,[11  2],72,-1,90,-1,72
1,<environment.Job instance at 0x7f6228eee9b0>,72,12,[ 5 13],73,-1,85,-1,73
1,<environment.Job instance at 0x7f6228eeef00>,73,24,[ 5 11],74,-1,98,-1,74
1,<environment.Job instance at 0x7f6228eeefa0>,74,13,[2 6],75,-1,88,-1,75
1,<environment.Job instance at 0x7f6228ef90a0>,75,14,[ 1 10],76,-1,90,-1,76
1,<environment.Job instance at 0x7f6228ef9140>,76,18,[7 4],77,-1,95,-1,77
1,<environment.Job instance at 0x7f6228ef91e0>,77,19,[1 5],78,-1,97,-1,78
1,<environment.Job instance at 0x7f6228ef9280>,78,14,[1 7],79,-1,93,-1,79
1,<environment.Job instance at 0x7f6228ef9320>,79,18,[6 4],80,-1,98,-1,80
1,<environment.Job instance at 0x7f6228ef95f0>,84,14,[5 3],85,-1,99,-1,85
1,<environment.Job instance at 0x7f6228ef9aa0>,87,16,[ 3 12],88,-1,104,-1,88
1,<environment.Job instance at 0x7f6228ef9b90>,88,15,[7 3],89,-1,104,-1,89
1,<environment.Job instance at 0x7f6228ef99b0>,89,17,[9 2],90,-1,107,-1,90
1,<environment.Job instance at 0x7f6228ef9c80>,90,14,[10  1],91,-1,105,-1,91
1,<environment.Job instance at 0x7f6228ef9f50>,93,22,[5 2],94,-1,116,-1,94
1,<environment.Job instance at 0x7f6228ecf140>,94,18,[5 6],95,-1,113,-1,95
1,<environment.Job instance at 0x7f6228ecf050>,95,17,[3 6],96,-1,113,-1,96
1,<environment.Job instance at 0x7f6228ecf280>,97,13,[4 5],98,-1,116,-1,103
1,<environment.Job instance at 0x7f6228ecf7d0>,102,15,[5 9],103,-1,120,-1,105
1,<environment.Job instance at 0x7f6228ecf8c0>,104,14,[6 4],105,-1,120,-1,106
1,<environment.Job instance at 0x7f6228ecf9b0>,106,25,[6 3],107,-1,132,-1,107
1,<environment.Job instance at 0x7f6228ecfe60>,109,12,[9 4],110,-1,122,-1,110
1,<environment.Job instance at 0x7f6228ecfb40>,105,18,[ 5 10],106,-1,129,-1,111
1,<environment.Job instance at 0x7f6228ed3820>,117,18,[3 8],118,-1,137,-1,119
1,<environment.Job instance at 0x7f6228ecf550>,100,16,[ 2 10],101,-1,142,-1,126
1,<environment.Job instance at 0x7f6228ed3af0>,121,18,[10  5],122,-1,144,-1,126
1,<environment.Job instance at 0x7f6228ed5140>,127,20,[1 8],128,-1,148,-1,128
1,<environment.Job instance at 0x7f6228d67cd0>,2,1,[12  5],3,-1,4,-1,3
1,<environment.Job instance at 0x7f6229468640>,1,21,[4 9],2,-1,23,-1,2
1,<environment.Job instance at 0x7f6229468e60>,3,16,[8 1],4,-1,22,-1,6
1,<environment.Job instance at 0x7f62294686e0>,5,23,[8 4],6,-1,29,-1,6
1,<environment.Job instance at 0x7f6229468f00>,7,20,[5 7],8,-1,28,-1,8
1,<environment.Job instance at 0x7f6229468780>,8,16,[4 8],9,-1,25,-1,9
1,<environment.Job instance at 0x7f622a3699b0>,10,15,[2 8],11,-1,26,-1,11
1,<environment.Job instance at 0x7f622a3690a0>,15,16,[10  5],16,-1,32,-1,16
1,<environment.Job instance at 0x7f622a369780>,17,16,[1 7],18,-1,34,-1,18
1,<environment.Job instance at 0x7f622a369a00>,19,18,[2 7],20,-1,38,-1,20
1,<environment.Job instance at 0x7f622a369460>,23,16,[9 4],24,-1,40,-1,24
1,<environment.Job instance at 0x7f6229c900a0>,30,24,[7 2],31,-1,55,-1,31
1,<environment.Job instance at 0x7f6229c90cd0>,32,15,[ 2 10],33,-1,48,-1,33
1,<environment.Job instance at 0x7f6229c90230>,34,17,[8 1],35,-1,52,-1,35
1,<environment.Job instance at 0x7f6229c90640>,36,19,[2 9],37,-1,56,-1,37
1,<environment.Job instance at 0x7f6229c90aa0>,38,20,[ 1 10],39,-1,60,-1,40
1,<environment.Job instance at 0x7f6229c90140>,41,18,[3 8],42,-1,60,-1,42
1,<environment.Job instance at 0x7f6229d8c140>,43,14,[ 4 10],44,-1,58,-1,44
1,<environment.Job instance at 0x7f6229d8c500>,44,15,[4 8],45,-1,60,-1,45
1,<environment.Job instance at 0x7f6229d8c960>,46,16,[1 6],47,-1,63,-1,47
1,<environment.Job instance at 0x7f6229d8c6e0>,47,15,[7 4],48,-1,63,-1,48
1,<environment.Job instance at 0x7f6229d8c550>,49,17,[ 1 10],50,-1,67,-1,50
1,<environment.Job instance at 0x7f6229425f50>,57,13,[9 1],58,-1,71,-1,58
1,<environment.Job instance at 0x7f6229425550>,62,13,[9 1],63,-1,76,-1,63
1,<environment.Job instance at 0x7f62294258c0>,63,23,[7 4],64,-1,87,-1,64
1,<environment.Job instance at 0x7f6229425190>,65,12,[2 8],66,-1,78,-1,66
1,<environment.Job instance at 0x7f6229425b40>,66,12,[9 5],67,-1,79,-1,67
1,<environment.Job instance at 0x7f62294259b0>,67,17,[10  4],68,-1,85,-1,68
1,<environment.Job instance at 0x7f62294fb500>,0,2,[ 2 12],1,-1,3,-1,1
1,<environment.Job instance at 0x7f6228dd1320>,5,23,[8 4],6,-1,43,-1,20
1,<environment.Job instance at 0x7f6229770320>,14,15,[11  1],15,-1,44,-1,29
1,<environment.Job instance at 0x7f62299be780>,21,20,[ 5 13],22,-1,67,-1,47
1,<environment.Job instance at 0x7f6229cfc1e0>,30,24,[7 2],31,-1,100,-1,76
1,<environment.Job instance at 0x7f622a32d3c0>,35,15,[ 1 12],36,-1,111,-1,96
1,<environment.Job instance at 0x7f6228a94280>,6,17,[2 6],7,-1,25,-1,8
1,<environment.Job instance at 0x7f6228a948c0>,8,18,[5 3],9,-1,27,-1,9
1,<environment.Job instance at 0x7f6228a94960>,11,13,[10  4],12,-1,25,-1,12
1,<environment.Job instance at 0x7f6228a94c80>,12,15,[8 4],13,-1,28,-1,13
1,<environment.Job instance at 0x7f6228a94be0>,13,24,[5 3],14,-1,38,-1,14
1,<environment.Job instance at 0x7f6228cae8c0>,14,15,[5 6],15,-1,31,-1,16
1,<environment.Job instance at 0x7f6228caee60>,16,17,[2 5],17,-1,34,-1,17
1,<environment.Job instance at 0x7f6228caed70>,18,12,[9 3],19,-1,32,-1,20
1,<environment.Job instance at 0x7f6228caedc0>,19,13,[6 4],20,-1,34,-1,21
1,<environment.Job instance at 0x7f6228cae640>,21,28,[9 4],22,-1,50,-1,22
1,<environment.Job instance at 0x7f6228caefa0>,24,12,[9 1],25,-1,38,-1,26
1,<environment.Job instance at 0x7f6228caeeb0>,27,17,[1 9],28,-1,45,-1,28
1,<environment.Job instance at 0x7f6228cae7d0>,29,18,[7 5],30,-1,48,-1,30
1,<environment.Job instance at 0x7f6228cae370>,30,17,[10  1],31,-1,50,-1,33
1,<environment.Job instance at 0x7f6228c6ebe0>,34,17,[7 2],35,-1,52,-1,35
1,<environment.Job instance at 0x7f6228c6e550>,36,21,[5 5],37,-1,58,-1,37
1,<environment.Job instance at 0x7f6228cae550>,25,15,[3 9],26,-1,56,-1,41
1,<environment.Job instance at 0x7f6228c6e820>,43,15,[3 9],44,-1,59,-1,44
1,<environment.Job instance at 0x7f6228c6e730>,44,16,[7 4],45,-1,64,-1,48
1,<environment.Job instance at 0x7f6228bfb910>,48,17,[9 5],49,-1,66,-1,49
1,<environment.Job instance at 0x7f6228c6e230>,39,15,[10  2],40,-1,81,-1,66
1,<environment.Job instance at 0x7f6228bfbbe0>,51,18,[4 7],52,-1,84,-1,66
1,<environment.Job instance at 0x7f6228cae410>,28,19,[ 3 11],29,-1,91,-1,72
1,<environment.Job instance at 0x7f6228c6ecd0>,47,13,[14  4],48,-1,85,-1,72
1,<environment.Job instance at 0x7f6228bfb730>,59,15,[3 9],60,-1,87,-1,72
1,<environment.Job instance at 0x7f6228bfbf50>,54,22,[4 9],55,-1,94,-1,72
1,<environment.Job instance at 0x7f6228c6ef50>,40,12,[7 4],41,-1,84,-1,72
1,<environment.Job instance at 0x7f6228bfb140>,56,21,[5 5],57,-1,93,-1,72
1,<environment.Job instance at 0x7f6228bfbdc0>,65,25,[1 6],66,-1,102,-1,77
1,<environment.Job instance at 0x7f6228bfb280>,64,15,[10  2],65,-1,93,-1,78
1,<environment.Job instance at 0x7f62290eb0f0>,67,15,[6 2],68,-1,93,-1,78
1,<environment.Job instance at 0x7f622952d500>,72,20,[ 5 10],73,-1,98,-1,78
1,<environment.Job instance at 0x7f6228bfbeb0>,62,12,[ 1 10],63,-1,90,-1,78
1,<environment.Job instance at 0x7f6228d4fdc0>,75,24,[8 3],76,-1,102,-1,78
1,<environment.Job instance at 0x7f622a0a0f00>,74,12,[9 1],75,-1,90,-1,78
1,<environment.Job instance at 0x7f622a0a5820>,70,27,[11  2],71,-1,105,-1,78
1,<environment.Job instance at 0x7f622a0a5fa0>,77,12,[5 9],78,-1,93,-1,81
1,<environment.Job instance at 0x7f6229347230>,81,16,[3 9],82,-1,98,-1,82
1,<environment.Job instance at 0x7f622a2c7cd0>,85,17,[10  3],86,-1,103,-1,86
1,<environment.Job instance at 0x7f622a006410>,86,18,[6 4],87,-1,105,-1,87
1,<environment.Job instance at 0x7f6229f9e370>,87,24,[5 9],88,-1,112,-1,88
1,<environment.Job instance at 0x7f62294fb870>,91,28,[3 6],92,-1,121,-1,93
1,<environment.Job instance at 0x7f62293289b0>,76,14,[6 4],77,-1,113,-1,99
1,<environment.Job instance at 0x7f622a41b410>,97,16,[1 8],98,-1,118,-1,102
1,<environment.Job instance at 0x7f6228dcff00>,99,26,[2 6],100,-1,128,-1,102
1,<environment.Job instance at 0x7f6228dcf0a0>,100,20,[9 3],101,-1,122,-1,102
1,<environment.Job instance at 0x7f6228dcfeb0>,98,2,[4 6],99,-1,104,-1,102
1,<environment.Job instance at 0x7f6228dcf0f0>,102,14,[9 2],103,-1,121,-1,107
1,<environment.Job instance at 0x7f6228dcffa0>,103,16,[2 6],104,-1,124,-1,108
1,<environment.Job instance at 0x7f6228dcff50>,101,15,[8 4],102,-1,123,-1,108
1,<environment.Job instance at 0x7f6228dcf6e0>,104,2,[6 1],105,-1,110,-1,108
1,<environment.Job instance at 0x7f6228dcf870>,105,17,[5 3],106,-1,126,-1,109
1,<environment.Job instance at 0x7f62292dbb40>,108,26,[8 2],109,-1,135,-1,109
1,<environment.Job instance at 0x7f62294fb550>,95,16,[7 3],96,-1,134,-1,118
1,<environment.Job instance at 0x7f6229687550>,112,16,[9 2],113,-1,134,-1,118
1,<environment.Job instance at 0x7f6228f04410>,116,17,[3 7],117,-1,135,-1,118
1,<environment.Job instance at 0x7f6228f04460>,119,17,[5 7],120,-1,137,-1,120
1,<environment.Job instance at 0x7f6229dae820>,122,18,[7 4],123,-1,141,-1,123
1,<environment.Job instance at 0x7f6229687690>,113,18,[4 6],114,-1,142,-1,124
1,<environment.Job instance at 0x7f6229425c30>,2,18,[ 2 12],3,-1,21,-1,3
1,<environment.Job instance at 0x7f6229cfba00>,13,24,[5 3],14,-1,50,-1,26
1,<environment.Job instance at 0x7f6229d0eaa0>,17,2,[11  4],18,-1,40,-1,38
1,<environment.Job instance at 0x7f6228ff8910>,21,28,[9 4],22,-1,81,-1,53
1,<environment.Job instance at 0x7f6229d0ea00>,23,16,[ 1 12],24,-1,69,-1,53
1,<environment.Job instance at 0x7f6229d06140>,28,19,[ 3 11],29,-1,83,-1,64
1,<environment.Job instance at 0x7f622a020050>,2,14,[ 2 10],3,-1,18,-1,4
1,<environment.Job instance at 0x7f622a020d70>,4,13,[10  5],5,-1,18,-1,5
1,<environment.Job instance at 0x7f622a0205a0>,5,19,[1 5],6,-1,25,-1,6
1,<environment.Job instance at 0x7f6229f75aa0>,3,16,[3 8],4,-1,22,-1,6
1,<environment.Job instance at 0x7f6229b2c2d0>,8,16,[3 8],9,-1,25,-1,9
1,<environment.Job instance at 0x7f6229b2c370>,10,18,[9 2],11,-1,29,-1,11
1,<environment.Job instance at 0x7f6229b2c910>,12,17,[9 4],13,-1,30,-1,13
1,<environment.Job instance at 0x7f6229b2cd20>,14,27,[6 1],15,-1,42,-1,15
1,<environment.Job instance at 0x7f6229b2c0a0>,16,17,[ 5 11],17,-1,34,-1,17
1,<environment.Job instance at 0x7f6229b2c690>,19,16,[10  5],20,-1,36,-1,20
1,<environment.Job instance at 0x7f6229b2c730>,20,12,[4 8],21,-1,33,-1,21
1,<environment.Job instance at 0x7f6229b2caf0>,23,24,[10  2],24,-1,48,-1,24
1,<environment.Job instance at 0x7f6229804aa0>,30,18,[6 4],31,-1,52,-1,34
1,<environment.Job instance at 0x7f622a336f50>,40,13,[12  1],41,-1,55,-1,42
1,<environment.Job instance at 0x7f622a336780>,39,13,[8 2],40,-1,55,-1,42
1,<environment.Job instance at 0x7f622a3369b0>,42,16,[5 4],43,-1,59,-1,43
1,<environment.Job instance at 0x7f622a3360f0>,41,16,[ 5 11],42,-1,61,-1,45
1,<environment.Job instance at 0x7f6229804d70>,28,18,[5 9],29,-1,63,-1,45
1,<environment.Job instance at 0x7f622a336370>,37,13,[10  4],38,-1,58,-1,45
1,<environment.Job instance at 0x7f6229678a00>,45,27,[4 5],46,-1,73,-1,46
1,<environment.Job instance at 0x7f6229678550>,47,18,[1 6],48,-1,66,-1,48
1,<environment.Job instance at 0x7f6229678dc0>,50,17,[9 2],51,-1,68,-1,51
1,<environment.Job instance at 0x7f6229678140>,52,14,[7 3],53,-1,71,-1,57
1,<environment.Job instance at 0x7f6229fbaaa0>,59,18,[6 2],60,-1,78,-1,60
1,<environment.Job instance at 0x7f6229fbaa50>,60,26,[6 4],61,-1,87,-1,61
1,<environment.Job instance at 0x7f6229fba370>,62,13,[ 3 10],63,-1,76,-1,63
1,<environment.Job instance at 0x7f6229fbafa0>,63,14,[ 4 10],64,-1,78,-1,64
1,<environment.Job instance at 0x7f6229fba780>,65,14,[5 7],66,-1,80,-1,66
1,<environment.Job instance at 0x7f6229fba820>,66,16,[9 2],67,-1,83,-1,67
1,<environment.Job instance at 0x7f6229fbaeb0>,67,21,[9 4],68,-1,89,-1,68
1,<environment.Job instance at 0x7f6229fba910>,68,21,[5 1],69,-1,90,-1,69
1,<environment.Job instance at 0x7f6229fba4b0>,72,12,[1 9],73,-1,85,-1,73
1,<environment.Job instance at 0x7f6229b47690>,75,16,[4 9],76,-1,92,-1,76
1,<environment.Job instance at 0x7f6229b47780>,76,18,[5 5],77,-1,95,-1,77
1,<environment.Job instance at 0x7f6229b47d70>,79,20,[5 9],80,-1,100,-1,80
1,<environment.Job instance at 0x7f6229b478c0>,80,17,[ 5 10],81,-1,98,-1,81
1,<environment.Job instance at 0x7f6229678460>,56,25,[7 3],57,-1,119,-1,94
1,<environment.Job instance at 0x7f6229240a50>,95,13,[9 1],96,-1,109,-1,96
1,<environment.Job instance at 0x7f6229240cd0>,97,15,[3 6],98,-1,113,-1,98
1,<environment.Job instance at 0x7f6229240190>,98,14,[ 1 10],99,-1,118,-1,104
1,<environment.Job instance at 0x7f6229658a00>,100,25,[5 3],101,-1,129,-1,104
1,<environment.Job instance at 0x7f6229b47730>,82,18,[3 8],83,-1,127,-1,109
1,<environment.Job instance at 0x7f62329e75a0>,101,16,[11  2],102,-1,126,-1,110
1,<environment.Job instance at 0x7f6229a38f00>,104,13,[3 6],105,-1,123,-1,110
1,<environment.Job instance at 0x7f6229a38140>,108,16,[10  3],109,-1,126,-1,110
1,<environment.Job instance at 0x7f6229a38780>,109,28,[3 9],110,-1,138,-1,110
1,<environment.Job instance at 0x7f6229a38870>,106,13,[8 1],107,-1,123,-1,110
1,<environment.Job instance at 0x7f62292404b0>,93,12,[5 4],94,-1,125,-1,113
1,<environment.Job instance at 0x7f62297ba730>,112,23,[3 7],113,-1,136,-1,113
1,<environment.Job instance at 0x7f6229c14cd0>,114,17,[2 7],115,-1,132,-1,115
1,<environment.Job instance at 0x7f6229c502d0>,115,14,[7 2],116,-1,132,-1,118
1,<environment.Job instance at 0x7f6229882780>,118,17,[6 5],119,-1,136,-1,119
1,<environment.Job instance at 0x7f6228fe9460>,119,18,[5 1],120,-1,138,-1,120
1,<environment.Job instance at 0x7f6229fad730>,120,16,[1 7],121,-1,137,-1,121
1,<environment.Job instance at 0x7f6229c3caf0>,121,12,[2 6],122,-1,134,-1,122
1,<environment.Job instance at 0x7f62291a8550>,122,17,[6 4],123,-1,140,-1,123
1,<environment.Job instance at 0x7f622917c410>,126,15,[5 6],127,-1,142,-1,127
1,<environment.Job instance at 0x7f622a387780>,14,27,[6 1],15,-1,59,-1,32
1,<environment.Job instance at 0x7f622a41f730>,16,17,[ 5 11],17,-1,49,-1,32
1,<environment.Job instance at 0x7f622a315b90>,21,24,[14  3],22,-1,77,-1,53
1,<environment.Job instance at 0x7f6229ba2230>,23,24,[10  2],24,-1,101,-1,77
1,<environment.Job instance at 0x7f62292d0d20>,40,13,[12  1],41,-1,132,-1,119
1,<environment.Job instance at 0x7f62292d0cd0>,41,16,[ 5 11],42,-1,135,-1,119
1,<environment.Job instance at 0x7f62297501e0>,1,16,[5 5],2,-1,18,-1,2
1,<environment.Job instance at 0x7f6228db6780>,2,18,[2 5],3,-1,21,-1,3
1,<environment.Job instance at 0x7f6228db6050>,4,14,[ 3 10],5,-1,19,-1,5
1,<environment.Job instance at 0x7f622a343d70>,11,15,[5 2],12,-1,27,-1,12
1,<environment.Job instance at 0x7f6228db6e10>,15,16,[10  3],16,-1,36,-1,20
1,<environment.Job instance at 0x7f6229d960f0>,19,17,[9 4],20,-1,37,-1,20
1,<environment.Job instance at 0x7f6229d96870>,25,15,[1 5],26,-1,41,-1,26
1,<environment.Job instance at 0x7f6229d961e0>,26,16,[5 6],27,-1,43,-1,27
1,<environment.Job instance at 0x7f6229d964b0>,28,13,[8 2],29,-1,42,-1,29
1,<environment.Job instance at 0x7f6229d96500>,31,16,[4 6],32,-1,48,-1,32
1,<environment.Job instance at 0x7f6229539c80>,37,15,[10  4],38,-1,63,-1,48
1,<environment.Job instance at 0x7f6229048730>,48,18,[ 5 10],49,-1,67,-1,49
1,<environment.Job instance at 0x7f6229048cd0>,49,18,[10  2],50,-1,69,-1,51
1,<environment.Job instance at 0x7f6229ab8eb0>,7,16,[ 5 13],8,-1,24,-1,8
1,<environment.Job instance at 0x7f6229ab8f00>,9,2,[13  4],10,-1,18,-1,16
1,<environment.Job instance at 0x7f622a188fa0>,13,20,[ 5 12],14,-1,38,-1,18
1,<environment.Job instance at 0x7f622a188500>,14,2,[ 5 11],15,-1,20,-1,18
1,<environment.Job instance at 0x7f6229bc70f0>,21,2,[ 5 11],22,-1,26,-1,24
1,<environment.Job instance at 0x7f6229d0e910>,29,13,[ 4 14],30,-1,65,-1,52
1,<environment.Job instance at 0x7f6229d0e3c0>,36,16,[13  1],37,-1,87,-1,71
1,<environment.Job instance at 0x7f6228deae60>,46,27,[2 9],47,-1,135,-1,108
1,<environment.Job instance at 0x7f6229a79a50>,1,17,[5 8],2,-1,19,-1,2
1,<environment.Job instance at 0x7f6229a79b90>,8,12,[10  3],9,-1,22,-1,10
1,<environment.Job instance at 0x7f6229a79d70>,9,13,[10  4],10,-1,23,-1,10
1,<environment.Job instance at 0x7f6229a799b0>,10,20,[ 4 10],11,-1,33,-1,13
1,<environment.Job instance at 0x7f6229a79d20>,13,14,[ 4 10],14,-1,28,-1,14
1,<environment.Job instance at 0x7f6232d08280>,16,24,[4 5],17,-1,41,-1,17
1,<environment.Job instance at 0x7f6232d08640>,17,24,[4 8],18,-1,42,-1,18
1,<environment.Job instance at 0x7f6229f0bd20>,26,16,[4 9],27,-1,43,-1,27
1,<environment.Job instance at 0x7f6229f0b460>,27,18,[6 1],28,-1,46,-1,28
1,<environment.Job instance at 0x7f6229f0b320>,28,14,[5 4],29,-1,43,-1,29
1,<environment.Job instance at 0x7f6229f0ba50>,29,15,[6 4],30,-1,45,-1,30
1,<environment.Job instance at 0x7f6229f0be60>,32,23,[6 2],33,-1,56,-1,33
1,<environment.Job instance at 0x7f6229734eb0>,45,28,[ 4 12],46,-1,84,-1,56
1,<environment.Job instance at 0x7f6229734b40>,42,18,[6 5],43,-1,74,-1,56
1,<environment.Job instance at 0x7f622a36f910>,53,14,[ 2 11],54,-1,85,-1,71
1,<environment.Job instance at 0x7f622a36f6e0>,55,14,[3 8],56,-1,85,-1,71
1,<environment.Job instance at 0x7f6229734780>,46,16,[4 8],47,-1,87,-1,71
1,<environment.Job instance at 0x7f622a36f0a0>,58,18,[10  1],59,-1,89,-1,71
1,<environment.Job instance at 0x7f622a36f320>,56,17,[4 6],57,-1,89,-1,72
1,<environment.Job instance at 0x7f622a36f140>,62,17,[ 1 10],63,-1,89,-1,72
1,<environment.Job instance at 0x7f6229734730>,47,15,[4 8],48,-1,87,-1,72
1,<environment.Job instance at 0x7f62292ba050>,64,13,[1 9],65,-1,85,-1,72
1,<environment.Job instance at 0x7f62292baf50>,63,15,[8 4],64,-1,88,-1,73
1,<environment.Job instance at 0x7f6229f40500>,70,25,[6 2],71,-1,110,-1,85
1,<environment.Job instance at 0x7f622959e7d0>,71,17,[9 4],72,-1,102,-1,85
1,<environment.Job instance at 0x7f6229c802d0>,75,14,[4 8],76,-1,99,-1,85
1,<environment.Job instance at 0x7f622a36f870>,54,17,[1 6],55,-1,102,-1,85
1,<environment.Job instance at 0x7f622a36f690>,60,15,[4 7],61,-1,100,-1,85
1,<environment.Job instance at 0x7f6229398550>,78,18,[10  4],79,-1,103,-1,85
1,<environment.Job instance at 0x7f62292ba550>,65,24,[5 2],66,-1,124,-1,100
1,<environment.Job instance at 0x7f6229f054b0>,85,19,[2 8],86,-1,119,-1,100
1,<environment.Job instance at 0x7f6229f50640>,86,16,[ 1 10],87,-1,117,-1,101
1,<environment.Job instance at 0x7f62292d0a50>,89,15,[ 5 10],90,-1,116,-1,101
1,<environment.Job instance at 0x7f6229f55960>,95,18,[4 6],96,-1,132,-1,114
1,<environment.Job instance at 0x7f6229539c30>,0,3,[ 3 12],1,-1,4,-1,1
1,<environment.Job instance at 0x7f62295397d0>,2,14,[14  5],3,-1,17,-1,3
1,<environment.Job instance at 0x7f6229fc70f0>,16,24,[4 5],17,-1,61,-1,37
1,<environment.Job instance at 0x7f6229962f00>,17,24,[4 8],18,-1,61,-1,37
1,<environment.Job instance at 0x7f6229988fa0>,32,23,[6 2],33,-1,109,-1,86
1,<environment.Job instance at 0x7f6229fd0e10>,34,3,[ 1 12],35,-1,89,-1,86
1,<environment.Job instance at 0x7f622997e780>,35,14,[12  1],36,-1,100,-1,86
1,<environment.Job instance at 0x7f62298bfe10>,43,1,[11  3],44,-1,106,-1,105
1,<environment.Job instance at 0x7f62298925f0>,45,28,[ 4 12],46,-1,134,-1,106
1,<environment.Job instance at 0x7f6229892410>,49,1,[ 4 13],50,-1,123,-1,122
1,<environment.Job instance at 0x7f6229f055a0>,0,18,[3 5],1,-1,19,-1,1
1,<environment.Job instance at 0x7f6229f07370>,12,18,[4 8],13,-1,31,-1,13
1,<environment.Job instance at 0x7f6229f07e60>,13,15,[ 2 10],14,-1,32,-1,17
1,<environment.Job instance at 0x7f6229f07af0>,17,26,[ 3 10],18,-1,44,-1,18
1,<environment.Job instance at 0x7f6229f071e0>,18,12,[10  4],19,-1,31,-1,19
1,<environment.Job instance at 0x7f6229f07f50>,19,12,[5 8],20,-1,32,-1,20
1,<environment.Job instance at 0x7f6229f074b0>,20,2,[5 4],21,-1,23,-1,21
1,<environment.Job instance at 0x7f6229efab40>,22,1,[2 6],23,-1,24,-1,23
1,<environment.Job instance at 0x7f6229f073c0>,16,13,[6 4],17,-1,37,-1,24
1,<environment.Job instance at 0x7f6229ef1780>,31,17,[7 4],32,-1,49,-1,32
1,<environment.Job instance at 0x7f6229ef1b40>,33,14,[ 5 10],34,-1,49,-1,35
1,<environment.Job instance at 0x7f6229ef1d20>,36,16,[3 8],37,-1,53,-1,37
1,<environment.Job instance at 0x7f6228f6aa50>,42,17,[5 7],43,-1,60,-1,43
1,<environment.Job instance at 0x7f6228f6aeb0>,44,12,[7 1],45,-1,61,-1,49
1,<environment.Job instance at 0x7f6229f0d5a0>,50,18,[9 3],51,-1,71,-1,53
1,<environment.Job instance at 0x7f6229f06730>,55,3,[10  5],56,-1,60,-1,57
1,<environment.Job instance at 0x7f6229f06be0>,56,17,[4 8],57,-1,74,-1,57
1,<environment.Job instance at 0x7f6229f06960>,57,14,[5 6],58,-1,73,-1,59
1,<environment.Job instance at 0x7f6229f069b0>,59,17,[5 6],60,-1,77,-1,60
1,<environment.Job instance at 0x7f6229f06d20>,60,15,[3 7],61,-1,76,-1,61
1,<environment.Job instance at 0x7f6229f06eb0>,62,17,[ 5 14],63,-1,80,-1,63
1,<environment.Job instance at 0x7f6229f060f0>,63,3,[4 7],64,-1,67,-1,64
1,<environment.Job instance at 0x7f6229f061e0>,58,16,[8 4],59,-1,80,-1,64
1,<environment.Job instance at 0x7f6229f06780>,64,13,[10  1],65,-1,84,-1,71
1,<environment.Job instance at 0x7f6229eee410>,71,18,[7 1],72,-1,90,-1,72
1,<environment.Job instance at 0x7f6229eee230>,70,12,[3 8],71,-1,85,-1,73
1,<environment.Job instance at 0x7f6229eeef00>,73,15,[ 2 12],74,-1,92,-1,77
1,<environment.Job instance at 0x7f6229eee500>,75,16,[3 5],76,-1,96,-1,80
1,<environment.Job instance at 0x7f6229eee370>,76,14,[6 2],77,-1,94,-1,80
1,<environment.Job instance at 0x7f6229f12690>,80,14,[8 2],81,-1,95,-1,81
1,<environment.Job instance at 0x7f6229f12370>,81,26,[7 2],82,-1,108,-1,82
1,<environment.Job instance at 0x7f6229f128c0>,83,3,[8 2],84,-1,88,-1,85
1,<environment.Job instance at 0x7f6229f127d0>,84,18,[4 8],85,-1,104,-1,86
1,<environment.Job instance at 0x7f6229f12780>,82,17,[1 5],83,-1,103,-1,86
1,<environment.Job instance at 0x7f6229f12050>,87,15,[6 1],88,-1,103,-1,88
1,<environment.Job instance at 0x7f6229f12f00>,88,15,[10  2],89,-1,104,-1,89
1,<environment.Job instance at 0x7f6229f12f50>,91,23,[5 9],92,-1,125,-1,102
1,<environment.Job instance at 0x7f6229f11780>,97,22,[2 9],98,-1,124,-1,102
1,<environment.Job instance at 0x7f6229f06460>,67,13,[7 1],68,-1,115,-1,102
1,<environment.Job instance at 0x7f6229f11cd0>,100,13,[5 8],101,-1,115,-1,102
1,<environment.Job instance at 0x7f6229f12910>,79,14,[7 3],80,-1,117,-1,103
1,<environment.Job instance at 0x7f6229f110a0>,92,14,[5 2],93,-1,121,-1,107
1,<environment.Job instance at 0x7f62298c75a0>,103,15,[ 3 10],104,-1,123,-1,108
1,<environment.Job instance at 0x7f622a0c45a0>,106,20,[8 2],107,-1,128,-1,108
1,<environment.Job instance at 0x7f6229f40140>,107,16,[8 4],108,-1,127,-1,111
1,<environment.Job instance at 0x7f6229de4d20>,105,14,[7 5],106,-1,125,-1,111
1,<environment.Job instance at 0x7f6229f40460>,108,26,[2 5],109,-1,137,-1,111
1,<environment.Job instance at 0x7f6229f400f0>,110,15,[10  5],111,-1,126,-1,111
1,<environment.Job instance at 0x7f6229f403c0>,112,12,[8 2],113,-1,129,-1,117
1,<environment.Job instance at 0x7f6229737460>,116,24,[2 9],117,-1,141,-1,117
1,<environment.Job instance at 0x7f62296fdcd0>,113,12,[8 2],114,-1,131,-1,119
1,<environment.Job instance at 0x7f622958ffa0>,119,20,[ 3 11],120,-1,140,-1,120
1,<environment.Job instance at 0x7f622952ff50>,121,16,[8 4],122,-1,138,-1,122
1,<environment.Job instance at 0x7f62329cbd70>,123,12,[6 5],124,-1,138,-1,126
1,<environment.Job instance at 0x7f6229f50be0>,125,15,[9 1],126,-1,141,-1,126
1,<environment.Job instance at 0x7f6229f50410>,127,16,[8 4],128,-1,144,-1,128
1,<environment.Job instance at 0x7f622965e370>,10,2,[13  2],11,-1,20,-1,18
1,<environment.Job instance at 0x7f622993d960>,14,1,[12  5],15,-1,22,-1,21
1,<environment.Job instance at 0x7f6229a90aa0>,17,26,[ 3 10],18,-1,55,-1,29
1,<environment.Job instance at 0x7f62291d0e60>,21,3,[12  2],22,-1,35,-1,32
1,<environment.Job instance at 0x7f6229670140>,34,3,[14  3],35,-1,64,-1,61
1,<environment.Job instance at 0x7f6229e34190>,46,1,[11  3],47,-1,97,-1,96
1,<environment.Job instance at 0x7f6229008730>,53,14,[14  1],54,-1,135,-1,121
1,<environment.Job instance at 0x7f6229c513c0>,3,13,[10  3],4,-1,18,-1,5
1,<environment.Job instance at 0x7f6229c51320>,7,14,[4 7],8,-1,22,-1,8
1,<environment.Job instance at 0x7f6229c51780>,10,12,[9 4],11,-1,23,-1,11
1,<environment.Job instance at 0x7f6229c51e10>,11,23,[1 8],12,-1,35,-1,12
1,<environment.Job instance at 0x7f622a1209b0>,4,14,[5 3],5,-1,26,-1,12
1,<environment.Job instance at 0x7f6229c518c0>,13,16,[ 5 10],14,-1,30,-1,14
1,<environment.Job instance at 0x7f6228c7e370>,14,17,[3 5],15,-1,32,-1,15
1,<environment.Job instance at 0x7f6228c7ec30>,15,15,[ 1 10],16,-1,31,-1,16
1,<environment.Job instance at 0x7f62293c0aa0>,26,25,[8 1],27,-1,52,-1,27
1,<environment.Job instance at 0x7f62293c0e60>,27,18,[ 1 10],28,-1,46,-1,28
1,<environment.Job instance at 0x7f62293c0550>,28,12,[6 3],29,-1,46,-1,34
1,<environment.Job instance at 0x7f622a1d1410>,34,28,[7 4],35,-1,63,-1,35
1,<environment.Job instance at 0x7f622a1d1370>,33,16,[9 5],34,-1,51,-1,35
1,<environment.Job instance at 0x7f622a1d1f50>,35,20,[7 2],36,-1,57,-1,37
1,<environment.Job instance at 0x7f622a1d1960>,37,17,[5 6],38,-1,55,-1,38
1,<environment.Job instance at 0x7f622a1d1eb0>,39,17,[5 2],40,-1,57,-1,40
1,<environment.Job instance at 0x7f622a1d1a50>,36,14,[10  3],37,-1,56,-1,42
1,<environment.Job instance at 0x7f622a1d12d0>,41,17,[9 3],42,-1,61,-1,44
1,<environment.Job instance at 0x7f622a1d1820>,44,19,[1 8],45,-1,64,-1,45
1,<environment.Job instance at 0x7f622a1d18c0>,46,17,[8 4],47,-1,64,-1,47
1,<environment.Job instance at 0x7f62296abd70>,50,13,[8 4],51,-1,64,-1,51
1,<environment.Job instance at 0x7f62296ab0a0>,51,3,[10  1],52,-1,55,-1,52
1,<environment.Job instance at 0x7f62296abeb0>,52,12,[7 3],53,-1,65,-1,53
1,<environment.Job instance at 0x7f62296ab550>,53,20,[4 5],54,-1,74,-1,54
1,<environment.Job instance at 0x7f62296abf50>,55,20,[5 5],56,-1,76,-1,56
1,<environment.Job instance at 0x7f62296ab3c0>,56,18,[7 3],57,-1,75,-1,57
1,<environment.Job instance at 0x7f622a1d10a0>,43,15,[2 7],44,-1,85,-1,70
1,<environment.Job instance at 0x7f6228ed3870>,71,25,[1 6],72,-1,103,-1,78
1,<environment.Job instance at 0x7f62296ab050>,60,16,[ 2 10],61,-1,94,-1,78
1,<environment.Job instance at 0x7f62296ab9b0>,61,18,[3 9],62,-1,98,-1,80
1,<environment.Job instance at 0x7f6228ed3140>,73,26,[10  4],74,-1,106,-1,80
1,<environment.Job instance at 0x7f6228ed3230>,74,17,[5 5],75,-1,97,-1,80
1,<environment.Job instance at 0x7f62296ab910>,62,15,[5 5],63,-1,95,-1,80
1,<environment.Job instance at 0x7f6228ed3f50>,72,12,[12  2],73,-1,92,-1,80
1,<environment.Job instance at 0x7f6232d049b0>,79,15,[9 1],80,-1,95,-1,80
1,<environment.Job instance at 0x7f6228ed3780>,69,15,[4 6],70,-1,96,-1,81
1,<environment.Job instance at 0x7f6232d040f0>,81,15,[10  4],82,-1,97,-1,82
1,<environment.Job instance at 0x7f6228c7af50>,87,28,[7 2],88,-1,116,-1,88
1,<environment.Job instance at 0x7f6229257b90>,94,21,[10  5],95,-1,128,-1,107
1,<environment.Job instance at 0x7f6229257410>,97,20,[10  2],98,-1,130,-1,110
1,<environment.Job instance at 0x7f6229257960>,95,17,[9 3],96,-1,128,-1,111
1,<environment.Job instance at 0x7f6229257190>,98,14,[1 9],99,-1,131,-1,117
1,<environment.Job instance at 0x7f62293468c0>,92,26,[9 1],93,-1,143,-1,117
1,<environment.Job instance at 0x7f6229257550>,103,3,[8 4],104,-1,120,-1,117
1,<environment.Job instance at 0x7f6228f47550>,105,3,[ 1 10],106,-1,120,-1,117
1,<environment.Job instance at 0x7f6229398f50>,106,14,[8 3],107,-1,131,-1,117
1,<environment.Job instance at 0x7f62297011e0>,107,27,[9 4],108,-1,144,-1,117
1,<environment.Job instance at 0x7f6229566460>,108,3,[6 2],109,-1,120,-1,117
1,<environment.Job instance at 0x7f62295665a0>,109,15,[5 5],110,-1,133,-1,118
1,<environment.Job instance at 0x7f6229566320>,110,15,[2 8],111,-1,133,-1,118
1,<environment.Job instance at 0x7f6229257d20>,101,13,[7 4],102,-1,132,-1,119
1,<environment.Job instance at 0x7f6228ed3d20>,77,15,[1 8],78,-1,134,-1,119
1,<environment.Job instance at 0x7f62295660a0>,112,18,[2 5],113,-1,139,-1,121
1,<environment.Job instance at 0x7f6229566a00>,114,15,[10  1],115,-1,137,-1,122
1,<environment.Job instance at 0x7f6229346a00>,89,27,[ 3 10],90,-1,149,-1,122
1,<environment.Job instance at 0x7f6229562820>,118,17,[13  5],119,-1,139,-1,122
1,<environment.Job instance at 0x7f62295662d0>,115,15,[8 4],116,-1,137,-1,122
1,<environment.Job instance at 0x7f6228ed30f0>,75,24,[4 7],76,-1,146,-1,122
1,<environment.Job instance at 0x7f622985f690>,6,1,[ 3 11],7,-1,8,-1,7
1,<environment.Job instance at 0x7f6228f98550>,11,23,[1 8],12,-1,42,-1,19
1,<environment.Job instance at 0x7f622a3235a0>,16,13,[ 5 11],17,-1,45,-1,32
1,<environment.Job instance at 0x7f6228c870a0>,26,25,[8 1],27,-1,93,-1,68
1,<environment.Job instance at 0x7f62296570f0>,34,28,[7 4],35,-1,108,-1,80
1,<environment.Job instance at 0x7f6232e15f50>,7,17,[ 5 10],8,-1,25,-1,8
1,<environment.Job instance at 0x7f62297f5460>,8,21,[2 5],9,-1,31,-1,10
1,<environment.Job instance at 0x7f6232f8f730>,9,23,[5 7],10,-1,33,-1,10
1,<environment.Job instance at 0x7f6229030a00>,21,18,[9 3],22,-1,41,-1,23
1,<environment.Job instance at 0x7f6232ba1500>,15,2,[5 2],16,-1,25,-1,23
1,<environment.Job instance at 0x7f62290300a0>,17,19,[ 2 10],18,-1,42,-1,23
1,<environment.Job instance at 0x7f6229030d70>,16,12,[14  2],17,-1,36,-1,24
1,<environment.Job instance at 0x7f6229030370>,23,3,[3 6],24,-1,27,-1,24
1,<environment.Job instance at 0x7f6229030320>,24,13,[4 7],25,-1,38,-1,25
1,<environment.Job instance at 0x7f62290308c0>,26,14,[9 3],27,-1,41,-1,27
1,<environment.Job instance at 0x7f6228b94fa0>,28,18,[7 1],29,-1,47,-1,29
1,<environment.Job instance at 0x7f6228b94370>,29,14,[1 8],30,-1,44,-1,30
1,<environment.Job instance at 0x7f6228b8c4b0>,33,13,[10  4],34,-1,47,-1,34
1,<environment.Job instance at 0x7f6228b8caa0>,37,15,[8 5],38,-1,55,-1,40
1,<environment.Job instance at 0x7f6228b8c460>,40,13,[4 9],41,-1,54,-1,41
1,<environment.Job instance at 0x7f6228b8caf0>,42,16,[8 1],43,-1,59,-1,43
1,<environment.Job instance at 0x7f6228b8c280>,44,14,[ 1 12],45,-1,59,-1,45
1,<environment.Job instance at 0x7f6228bb30f0>,47,21,[10  4],48,-1,69,-1,48
1,<environment.Job instance at 0x7f6228b96be0>,51,21,[1 7],52,-1,73,-1,52
1,<environment.Job instance at 0x7f62329fb690>,53,14,[6 4],54,-1,69,-1,55
1,<environment.Job instance at 0x7f622a21a050>,59,14,[2 5],60,-1,74,-1,60
1,<environment.Job instance at 0x7f62290300f0>,19,1,[5 1],20,-1,62,-1,61
1,<environment.Job instance at 0x7f6228b8c190>,39,21,[7 2],40,-1,82,-1,61
1,<environment.Job instance at 0x7f6228e4ef50>,61,16,[1 5],62,-1,79,-1,63
1,<environment.Job instance at 0x7f622944d050>,67,13,[ 5 10],68,-1,93,-1,80
1,<environment.Job instance at 0x7f62293cf910>,68,16,[6 5],69,-1,96,-1,80
1,<environment.Job instance at 0x7f622943d0a0>,70,25,[6 2],71,-1,105,-1,80
1,<environment.Job instance at 0x7f6228e5a820>,74,21,[5 2],75,-1,102,-1,81
1,<environment.Job instance at 0x7f62293de780>,77,16,[1 7],78,-1,97,-1,81
1,<environment.Job instance at 0x7f62293dfc80>,78,3,[7 1],79,-1,84,-1,81
1,<environment.Job instance at 0x7f62298500f0>,80,16,[5 9],81,-1,97,-1,81
1,<environment.Job instance at 0x7f6228b94be0>,30,12,[ 1 13],31,-1,93,-1,81
1,<environment.Job instance at 0x7f6228e4eb90>,62,18,[1 5],63,-1,100,-1,82
1,<environment.Job instance at 0x7f622a1f87d0>,82,14,[10  5],83,-1,97,-1,83
1,<environment.Job instance at 0x7f622a1f8690>,84,17,[4 9],85,-1,102,-1,85
1,<environment.Job instance at 0x7f622a1f8eb0>,86,18,[1 8],87,-1,106,-1,88
1,<environment.Job instance at 0x7f6229de9dc0>,2,13,[13  5],3,-1,16,-1,3
1,<environment.Job instance at 0x7f6229dfea50>,5,2,[ 2 12],6,-1,8,-1,6
1,<environment.Job instance at 0x7f6229dfe4b0>,9,23,[5 7],10,-1,38,-1,15
1,<environment.Job instance at 0x7f622978a0f0>,13,25,[ 1 10],14,-1,44,-1,19
1,<environment.Job instance at 0x7f6228c7b0f0>,16,12,[14  2],17,-1,31,-1,19
1,<environment.Job instance at 0x7f6229782a50>,18,1,[ 5 14],19,-1,20,-1,19
1,<environment.Job instance at 0x7f622963d960>,30,12,[ 1 13],31,-1,76,-1,64
1,<environment.Job instance at 0x7f62297b85a0>,35,2,[11  4],36,-1,84,-1,82
1,<environment.Job instance at 0x7f6228ab9f00>,44,14,[ 1 12],45,-1,117,-1,103
1,<environment.Job instance at 0x7f6228ab93c0>,46,23,[ 5 12],47,-1,136,-1,113
1,<environment.Job instance at 0x7f6228ef1870>,52,1,[ 4 11],53,-1,118,-1,117
1,<environment.Job instance at 0x7f6229df2af0>,2,17,[3 5],3,-1,21,-1,4
1,<environment.Job instance at 0x7f6229e1ad20>,5,18,[4 9],6,-1,24,-1,6
1,<environment.Job instance at 0x7f6229e1a7d0>,6,14,[8 5],7,-1,21,-1,7
1,<environment.Job instance at 0x7f6229e1af00>,8,18,[6 5],9,-1,27,-1,9
1,<environment.Job instance at 0x7f6229e1a0a0>,13,18,[6 1],14,-1,32,-1,14
1,<environment.Job instance at 0x7f6229e1a190>,14,16,[1 6],15,-1,31,-1,15
1,<environment.Job instance at 0x7f6229e1a550>,15,16,[10  1],16,-1,32,-1,16
1,<environment.Job instance at 0x7f6229e1a370>,16,21,[10  4],17,-1,38,-1,17
1,<environment.Job instance at 0x7f6229647fa0>,25,23,[7 3],26,-1,49,-1,26
1,<environment.Job instance at 0x7f62296472d0>,27,20,[8 3],28,-1,48,-1,28
1,<environment.Job instance at 0x7f6229647aa0>,29,22,[9 1],30,-1,54,-1,32
1,<environment.Job instance at 0x7f6229237370>,36,12,[1 9],37,-1,51,-1,39
1,<environment.Job instance at 0x7f62292375f0>,39,16,[8 4],40,-1,57,-1,41
1,<environment.Job instance at 0x7f6229237b40>,42,16,[4 7],43,-1,59,-1,43
1,<environment.Job instance at 0x7f6229237140>,43,16,[5 9],44,-1,60,-1,44
1,<environment.Job instance at 0x7f62292373c0>,44,16,[3 5],45,-1,62,-1,46
1,<environment.Job instance at 0x7f6229663e60>,52,26,[9 3],53,-1,79,-1,53
1,<environment.Job instance at 0x7f6229237e10>,38,18,[5 9],39,-1,75,-1,57
1,<environment.Job instance at 0x7f6229a96370>,55,15,[8 3],56,-1,72,-1,57
1,<environment.Job instance at 0x7f6229a966e0>,60,14,[5 3],61,-1,80,-1,66
1,<environment.Job instance at 0x7f6229a96b40>,62,12,[9 4],63,-1,78,-1,66
1,<environment.Job instance at 0x7f6229a962d0>,63,14,[5 9],64,-1,80,-1,66
1,<environment.Job instance at 0x7f6229a96aa0>,65,18,[6 4],66,-1,84,-1,66
1,<environment.Job instance at 0x7f6229a96780>,67,22,[6 4],68,-1,90,-1,68
1,<environment.Job instance at 0x7f62292372d0>,31,16,[1 7],32,-1,97,-1,81
1,<environment.Job instance at 0x7f622963d7d0>,74,17,[9 5],75,-1,99,-1,82
1,<environment.Job instance at 0x7f622963d500>,78,12,[14  5],79,-1,105,-1,93
1,<environment.Job instance at 0x7f6229a96410>,66,15,[ 1 11],67,-1,108,-1,93
1,<environment.Job instance at 0x7f6229782cd0>,83,12,[ 4 10],84,-1,105,-1,93
1,<environment.Job instance at 0x7f62297824b0>,84,18,[ 2 10],85,-1,111,-1,93
1,<environment.Job instance at 0x7f622963de10>,77,18,[3 7],78,-1,111,-1,93
1,<environment.Job instance at 0x7f62297823c0>,85,19,[10  1],86,-1,112,-1,93
1,<environment.Job instance at 0x7f622963d5f0>,76,12,[9 2],77,-1,106,-1,94
1,<environment.Job instance at 0x7f62297825f0>,91,17,[8 4],92,-1,111,-1,94
1,<environment.Job instance at 0x7f6229782aa0>,88,23,[1 5],89,-1,117,-1,94
1,<environment.Job instance at 0x7f622963d8c0>,70,15,[4 9],71,-1,109,-1,94
1,<environment.Job instance at 0x7f6229782050>,92,15,[1 9],93,-1,109,-1,94
1,<environment.Job instance at 0x7f6229782640>,93,18,[10  4],94,-1,112,-1,94
1,<environment.Job instance at 0x7f6229782190>,94,14,[ 4 10],95,-1,110,-1,96
1,<environment.Job instance at 0x7f6229782230>,86,14,[2 9],87,-1,112,-1,98
1,<environment.Job instance at 0x7f6229a91230>,97,20,[5 3],98,-1,118,-1,98
1,<environment.Job instance at 0x7f6228a88960>,99,13,[6 5],100,-1,113,-1,100
1,<environment.Job instance at 0x7f6228a887d0>,100,16,[10  2],101,-1,117,-1,101
1,<environment.Job instance at 0x7f6228a88c80>,101,16,[ 2 10],102,-1,118,-1,102
1,<environment.Job instance at 0x7f6228a88870>,103,16,[1 9],104,-1,120,-1,104
1,<environment.Job instance at 0x7f6229c30050>,105,15,[2 8],106,-1,121,-1,106
1,<environment.Job instance at 0x7f62297f4f00>,110,17,[1 7],111,-1,128,-1,111
1,<environment.Job instance at 0x7f62292279b0>,114,17,[12  2],115,-1,135,-1,118
1,<environment.Job instance at 0x7f62293df870>,119,13,[ 1 10],120,-1,133,-1,120
1,<environment.Job instance at 0x7f6229e1a910>,17,14,[ 3 12],18,-1,37,-1,23
1,<environment.Job instance at 0x7f62293c4730>,25,23,[7 3],26,-1,79,-1,56
1,<environment.Job instance at 0x7f6228e4ef00>,32,18,[ 3 13],33,-1,77,-1,59
1,<environment.Job instance at 0x7f6229819be0>,3,18,[1 7],4,-1,23,-1,5
1,<environment.Job instance at 0x7f6229a78a00>,4,27,[5 1],5,-1,32,-1,5
1,<environment.Job instance at 0x7f6229819c30>,10,1,[9 5],11,-1,12,-1,11
1,<environment.Job instance at 0x7f6229819aa0>,11,18,[5 6],12,-1,30,-1,12
1,<environment.Job instance at 0x7f62298191e0>,14,14,[ 4 10],15,-1,29,-1,15
1,<environment.Job instance at 0x7f6229822050>,15,16,[6 5],16,-1,32,-1,16
1,<environment.Job instance at 0x7f62298220f0>,16,15,[1 6],17,-1,32,-1,17
1,<environment.Job instance at 0x7f6229822190>,17,18,[3 8],18,-1,36,-1,18
1,<environment.Job instance at 0x7f62298226e0>,22,16,[3 7],23,-1,39,-1,23
1,<environment.Job instance at 0x7f6229822820>,23,15,[9 4],24,-1,39,-1,24
1,<environment.Job instance at 0x7f6229822a00>,26,14,[7 3],27,-1,42,-1,28
1,<environment.Job instance at 0x7f6229822fa0>,31,14,[1 8],32,-1,46,-1,32
1,<environment.Job instance at 0x7f62298370f0>,32,16,[6 4],33,-1,49,-1,33
1,<environment.Job instance at 0x7f62298229b0>,27,18,[2 8],28,-1,51,-1,33
1,<environment.Job instance at 0x7f6229837050>,33,12,[10  2],34,-1,50,-1,38
1,<environment.Job instance at 0x7f6229837230>,35,27,[1 5],36,-1,67,-1,40
1,<environment.Job instance at 0x7f6229837a50>,40,15,[8 4],41,-1,56,-1,41
1,<environment.Job instance at 0x7f6229837a00>,41,18,[7 3],42,-1,60,-1,42
1,<environment.Job instance at 0x7f6229837960>,42,17,[1 7],43,-1,60,-1,43
1,<environment.Job instance at 0x7f6229837af0>,43,14,[7 2],44,-1,58,-1,44
1,<environment.Job instance at 0x7f6229837f00>,47,15,[ 3 10],48,-1,63,-1,48
1,<environment.Job instance at 0x7f622980c050>,48,12,[10  1],49,-1,62,-1,50
1,<environment.Job instance at 0x7f622980c190>,50,17,[5 2],51,-1,68,-1,51
1,<environment.Job instance at 0x7f622980c230>,51,21,[8 4],52,-1,73,-1,52
1,<environment.Job instance at 0x7f622980c2d0>,52,16,[1 7],53,-1,69,-1,53
1,<environment.Job instance at 0x7f622980c5a0>,55,18,[4 5],56,-1,74,-1,56
1,<environment.Job instance at 0x7f622980c6e0>,56,12,[2 8],57,-1,69,-1,57
1,<environment.Job instance at 0x7f622980c640>,57,18,[2 7],58,-1,76,-1,58
1,<environment.Job instance at 0x7f62297750a0>,64,20,[8 2],65,-1,85,-1,65
1,<environment.Job instance at 0x7f62297755a0>,65,14,[4 9],66,-1,80,-1,66
1,<environment.Job instance at 0x7f6228e1e140>,69,13,[2 6],70,-1,83,-1,70
1,<environment.Job instance at 0x7f6228dfc730>,70,21,[10  5],71,-1,92,-1,71
1,<environment.Job instance at 0x7f6228cde6e0>,73,19,[7 1],74,-1,93,-1,74
1,<environment.Job instance at 0x7f6228cdea50>,74,12,[9 5],75,-1,87,-1,75
1,<environment.Job instance at 0x7f6229eddaf0>,82,16,[9 2],83,-1,99,-1,83
1,<environment.Job instance at 0x7f6229ec5af0>,91,15,[9 3],92,-1,107,-1,92
1,<environment.Job instance at 0x7f6229ec5c30>,92,17,[4 9],93,-1,110,-1,93
1,<environment.Job instance at 0x7f6229ec5f00>,94,24,[7 3],95,-1,119,-1,95
1,<environment.Job instance at 0x7f6229ec5320>,96,21,[5 3],97,-1,118,-1,97
1,<environment.Job instance at 0x7f6229ec55f0>,97,22,[1 9],98,-1,120,-1,98
1,<environment.Job instance at 0x7f6229ec5d20>,98,16,[1 7],99,-1,115,-1,99
1,<environment.Job instance at 0x7f6228cf8c30>,100,12,[10  5],101,-1,113,-1,101
1,<environment.Job instance at 0x7f6229763140>,101,16,[10  1],102,-1,118,-1,102
1,<environment.Job instance at 0x7f6229763e60>,103,17,[8 3],104,-1,121,-1,104
1,<environment.Job instance at 0x7f6228ce00f0>,112,24,[5 7],113,-1,137,-1,113
1,<environment.Job instance at 0x7f622946ab40>,2,24,[7 2],3,-1,27,-1,3
1,<environment.Job instance at 0x7f622943ff00>,4,27,[5 1],5,-1,32,-1,5
1,<environment.Job instance at 0x7f622943d0a0>,5,1,[ 5 12],6,-1,7,-1,6
1,<environment.Job instance at 0x7f6229458b90>,8,3,[13  2],9,-1,12,-1,9
1,<environment.Job instance at 0x7f6229449af0>,20,3,[13  5],21,-1,38,-1,35
1,<environment.Job instance at 0x7f6229ecf640>,25,3,[14  3],26,-1,64,-1,61
1,<environment.Job instance at 0x7f6229df2be0>,35,27,[1 5],36,-1,128,-1,101
1,<environment.Job instance at 0x7f6229df2d70>,39,3,[13  3],40,-1,115,-1,112
1,<environment.Job instance at 0x7f6229670c80>,5,13,[9 1],6,-1,21,-1,8
1,<environment.Job instance at 0x7f6228bd0550>,7,17,[5 6],8,-1,25,-1,8
1,<environment.Job instance at 0x7f6228bd06e0>,12,15,[8 3],13,-1,31,-1,16
1,<environment.Job instance at 0x7f6228bd0f50>,16,13,[2 7],17,-1,30,-1,17
1,<environment.Job instance at 0x7f6228bd0f00>,18,14,[2 8],19,-1,33,-1,19
1,<environment.Job instance at 0x7f6228c2aaa0>,20,18,[5 6],21,-1,39,-1,21
1,<environment.Job instance at 0x7f6228c2a5a0>,22,14,[5 3],23,-1,37,-1,23
1,<environment.Job instance at 0x7f6228c2a870>,23,13,[10  5],24,-1,37,-1,24
1,<environment.Job instance at 0x7f6228c2afa0>,25,15,[10  4],26,-1,41,-1,26
1,<environment.Job instance at 0x7f6228c2a140>,26,26,[5 7],27,-1,53,-1,27
1,<environment.Job instance at 0x7f6229bcc140>,34,14,[5 2],35,-1,49,-1,35
1,<environment.Job instance at 0x7f6229bcccd0>,41,23,[8 4],42,-1,69,-1,46
1,<environment.Job instance at 0x7f6229bcc500>,40,16,[4 9],41,-1,62,-1,46
1,<environment.Job instance at 0x7f6229bcc820>,39,20,[3 9],40,-1,69,-1,49
1,<environment.Job instance at 0x7f6229bcc3c0>,42,17,[3 6],43,-1,66,-1,49
1,<environment.Job instance at 0x7f6229bcc690>,45,14,[8 2],46,-1,63,-1,49
1,<environment.Job instance at 0x7f6229ea1910>,0,15,[ 1 11],1,-1,16,-1,1
1,<environment.Job instance at 0x7f6228b66be0>,1,2,[11  4],2,-1,4,-1,2
1,<environment.Job instance at 0x7f6229775820>,2,3,[14  5],3,-1,6,-1,3
1,<environment.Job instance at 0x7f62296477d0>,26,26,[5 7],27,-1,95,-1,69
1,<environment.Job instance at 0x7f6229237fa0>,29,13,[ 2 14],30,-1,82,-1,69
1,<environment.Job instance at 0x7f62296632d0>,36,3,[ 4 11],37,-1,91,-1,88
1,<environment.Job instance at 0x7f6229342140>,44,3,[11  3],45,-1,119,-1,116
1,<environment.Job instance at 0x7f6229c2c410>,46,2,[ 2 12],47,-1,120,-1,118
1,<environment.Job instance at 0x7f6229ed0410>,2,18,[5 8],3,-1,21,-1,3
1,<environment.Job instance at 0x7f6228a0ea00>,3,13,[7 2],4,-1,17,-1,4
1,<environment.Job instance at 0x7f6228d22500>,10,18,[5 5],11,-1,32,-1,14
1,<environment.Job instance at 0x7f6228d22af0>,14,18,[1 9],15,-1,33,-1,15
1,<environment.Job instance at 0x7f6228b652d0>,22,16,[5 5],23,-1,40,-1,24
1,<environment.Job instance at 0x7f6228ff9c30>,23,13,[2 7],24,-1,40,-1,27
1,<environment.Job instance at 0x7f6228a08870>,25,17,[10  2],26,-1,47,-1,30
1,<environment.Job instance at 0x7f6228eb7af0>,7,28,[6 3],8,-1,58,-1,30
1,<environment.Job instance at 0x7f6228a08dc0>,26,17,[4 9],27,-1,50,-1,33
1,<environment.Job instance at 0x7f622a29cbe0>,29,18,[13  1],30,-1,52,-1,34
1,<environment.Job instance at 0x7f622a29c780>,30,13,[1 6],31,-1,48,-1,35
1,<environment.Job instance at 0x7f6229efbc30>,32,25,[2 8],33,-1,62,-1,37
1,<environment.Job instance at 0x7f6228eb06e0>,35,16,[6 1],36,-1,53,-1,37
1,<environment.Job instance at 0x7f6228e05190>,36,13,[5 7],37,-1,50,-1,37
1,<environment.Job instance at 0x7f6228cff5f0>,39,13,[5 2],40,-1,53,-1,40
1,<environment.Job instance at 0x7f6228cff910>,40,12,[ 3 11],41,-1,56,-1,44
1,<environment.Job instance at 0x7f62294f4dc0>,44,17,[4 8],45,-1,62,-1,45
1,<environment.Job instance at 0x7f6228fcbf00>,47,14,[9 1],48,-1,63,-1,49
1,<environment.Job instance at 0x7f6228ff9370>,21,19,[3 9],22,-1,68,-1,49
1,<environment.Job instance at 0x7f6229da8820>,43,16,[10  1],44,-1,65,-1,49
1,<environment.Job instance at 0x7f6229094870>,55,18,[4 5],56,-1,75,-1,57
1,<environment.Job instance at 0x7f62294072d0>,71,17,[ 3 10],72,-1,115,-1,98
1,<environment.Job instance at 0x7f6229407dc0>,69,16,[1 8],70,-1,114,-1,98
1,<environment.Job instance at 0x7f6228a03230>,74,17,[4 5],75,-1,115,-1,98
1,<environment.Job instance at 0x7f6229407b90>,72,12,[3 6],73,-1,110,-1,98
1,<environment.Job instance at 0x7f6228c7acd0>,60,20,[7 1],61,-1,118,-1,98
1,<environment.Job instance at 0x7f622a2d4280>,76,3,[5 2],77,-1,101,-1,98
1,<environment.Job instance at 0x7f6229e36320>,82,28,[1 7],83,-1,128,-1,100
1,<environment.Job instance at 0x7f6229e36690>,84,18,[7 5],85,-1,119,-1,101
1,<environment.Job instance at 0x7f6229e362d0>,85,26,[ 4 10],86,-1,129,-1,103
1,<environment.Job instance at 0x7f6229e36d20>,87,16,[7 4],88,-1,119,-1,103
1,<environment.Job instance at 0x7f622a2d4370>,75,13,[3 7],76,-1,116,-1,103
1,<environment.Job instance at 0x7f6229e36d70>,86,1,[7 2],87,-1,104,-1,103
1,<environment.Job instance at 0x7f6229155f00>,89,22,[12  5],90,-1,125,-1,103
1,<environment.Job instance at 0x7f6229e36410>,88,12,[8 2],89,-1,115,-1,103
1,<environment.Job instance at 0x7f6229e36e10>,83,16,[5 5],84,-1,119,-1,103
1,<environment.Job instance at 0x7f6228c4d280>,91,17,[ 3 10],92,-1,120,-1,103
1,<environment.Job instance at 0x7f6232b971e0>,96,15,[9 4],97,-1,133,-1,118
1,<environment.Job instance at 0x7f6229fbaf50>,50,27,[3 8],51,-1,145,-1,118
1,<environment.Job instance at 0x7f622946a0f0>,5,26,[14  3],6,-1,32,-1,6
1,<environment.Job instance at 0x7f6229663b40>,7,28,[6 3],8,-1,43,-1,15
1,<environment.Job instance at 0x7f6228eb7e10>,16,2,[14  2],17,-1,34,-1,32
1,<environment.Job instance at 0x7f6232be8f50>,17,3,[13  2],18,-1,35,-1,32
1,<environment.Job instance at 0x7f6228abd460>,29,18,[13  1],30,-1,76,-1,58
1,<environment.Job instance at 0x7f6228abd7d0>,32,25,[2 8],33,-1,107,-1,82
1,<environment.Job instance at 0x7f6228b56f00>,34,15,[ 3 14],35,-1,97,-1,82
1,<environment.Job instance at 0x7f6228a03cd0>,40,12,[ 3 11],41,-1,109,-1,97
1,<environment.Job instance at 0x7f6229faff00>,41,28,[1 5],42,-1,125,-1,97
1,<environment.Job instance at 0x7f622960de10>,0,19,[3 8],1,-1,20,-1,1
1,<environment.Job instance at 0x7f6228accb40>,4,16,[4 6],5,-1,22,-1,6
1,<environment.Job instance at 0x7f6229b0ac80>,7,27,[3 7],8,-1,35,-1,8
1,<environment.Job instance at 0x7f6229b0ad20>,12,16,[7 5],13,-1,29,-1,13
1,<environment.Job instance at 0x7f622a097b90>,14,17,[5 2],15,-1,32,-1,15
1,<environment.Job instance at 0x7f62295d42d0>,18,18,[2 5],19,-1,37,-1,19
1,<environment.Job instance at 0x7f622a26ad70>,21,18,[ 5 10],22,-1,40,-1,22
1,<environment.Job instance at 0x7f6229a30c30>,25,25,[2 7],26,-1,51,-1,26
1,<environment.Job instance at 0x7f6229975be0>,26,15,[9 2],27,-1,42,-1,27
1,<environment.Job instance at 0x7f6229dae0a0>,28,17,[7 4],29,-1,46,-1,29
1,<environment.Job instance at 0x7f6228f75b90>,5,15,[5 5],6,-1,44,-1,29
1,<environment.Job instance at 0x7f6229008320>,56,17,[10  5],57,-1,77,-1,60
1,<environment.Job instance at 0x7f6229203230>,53,17,[10  5],54,-1,81,-1,64
1,<environment.Job instance at 0x7f6228ffa730>,66,22,[9 5],67,-1,103,-1,81
1,<environment.Job instance at 0x7f6228ffa960>,68,24,[7 4],69,-1,105,-1,81
1,<environment.Job instance at 0x7f6228ffa140>,65,27,[8 5],66,-1,108,-1,81
1,<environment.Job instance at 0x7f6229203f00>,51,26,[6 3],52,-1,107,-1,81
1,<environment.Job instance at 0x7f6228ffa8c0>,69,18,[1 5],70,-1,99,-1,81
1,<environment.Job instance at 0x7f6228ffa4b0>,67,17,[5 5],68,-1,98,-1,81
1,<environment.Job instance at 0x7f6228ffad20>,73,13,[6 4],74,-1,94,-1,81
1,<environment.Job instance at 0x7f6228f5d910>,2,22,[13  5],3,-1,25,-1,3
1,<environment.Job instance at 0x7f6228b27a00>,3,28,[10  5],4,-1,32,-1,4
1,<environment.Job instance at 0x7f6228b279b0>,7,27,[3 7],8,-1,47,-1,20
1,<environment.Job instance at 0x7f622a2ba4b0>,16,27,[13  1],17,-1,54,-1,27
1,<environment.Job instance at 0x7f62294327d0>,25,25,[2 7],26,-1,78,-1,53
1,<environment.Job instance at 0x7f6229e8cfa0>,27,17,[ 5 14],28,-1,70,-1,53
1,<environment.Job instance at 0x7f91482b26e0>,0,18,[ 2 10],1,-1,20,-1,2
1,<environment.Job instance at 0x7f913ec68af0>,3,18,[ 3 10],4,-1,22,-1,4
1,<environment.Job instance at 0x7f913ec68c80>,4,18,[10  4],5,-1,23,-1,5
1,<environment.Job instance at 0x7f913ec68b90>,5,13,[5 9],6,-1,19,-1,6
1,<environment.Job instance at 0x7f913ec68d20>,6,12,[11  4],7,-1,19,-1,7
1,<environment.Job instance at 0x7f913ec68e60>,8,17,[ 2 10],9,-1,26,-1,9
1,<environment.Job instance at 0x7f913ec68f50>,9,17,[ 4 10],10,-1,27,-1,10
1,<environment.Job instance at 0x7f913ec6d370>,13,13,[1 8],14,-1,27,-1,14
1,<environment.Job instance at 0x7f913ec6d7d0>,18,16,[8 5],19,-1,35,-1,19
1,<environment.Job instance at 0x7f913ec6dc30>,23,18,[5 2],24,-1,42,-1,24
1,<environment.Job instance at 0x7f913ec6df50>,26,22,[2 9],27,-1,49,-1,27
1,<environment.Job instance at 0x7f913ec6f410>,31,17,[4 9],32,-1,49,-1,32
1,<environment.Job instance at 0x7f913ec6f190>,32,17,[9 3],33,-1,50,-1,33
1,<environment.Job instance at 0x7f913ec72050>,44,17,[ 5 12],45,-1,81,-1,64
1,<environment.Job instance at 0x7f91482b28c0>,1,15,[ 1 14],2,-1,79,-1,64
1,<environment.Job instance at 0x7f913ec725a0>,48,13,[6 1],49,-1,77,-1,64
1,<environment.Job instance at 0x7f913ec72690>,50,27,[9 1],51,-1,91,-1,64
1,<environment.Job instance at 0x7f913ec72780>,49,2,[1 9],50,-1,67,-1,65
1,<environment.Job instance at 0x7f913ec729b0>,53,18,[ 4 12],54,-1,84,-1,66
1,<environment.Job instance at 0x7f913ec72370>,45,16,[6 2],46,-1,82,-1,66
1,<environment.Job instance at 0x7f913ec72a00>,54,14,[1 7],55,-1,80,-1,66
1,<environment.Job instance at 0x7f913ec72b40>,56,18,[4 5],57,-1,84,-1,66
1,<environment.Job instance at 0x7f913ec72be0>,57,3,[8 4],58,-1,71,-1,68
1,<environment.Job instance at 0x7f913ec72dc0>,60,24,[ 3 10],61,-1,98,-1,74
1,<environment.Job instance at 0x7f913ec72f00>,62,20,[9 1],63,-1,95,-1,75
1,<environment.Job instance at 0x7f913ec72aa0>,55,17,[4 7],56,-1,100,-1,83
1,<environment.Job instance at 0x7f913ec72fa0>,63,15,[1 5],64,-1,98,-1,83
1,<environment.Job instance at 0x7f913ec70730>,68,22,[5 6],69,-1,105,-1,83
1,<environment.Job instance at 0x7f913ec6ffa0>,41,14,[6 1],42,-1,97,-1,83
1,<environment.Job instance at 0x7f913ec70550>,67,26,[5 4],68,-1,109,-1,83
1,<environment.Job instance at 0x7f913ec706e0>,69,13,[7 2],70,-1,96,-1,83
1,<environment.Job instance at 0x7f913ec70820>,72,14,[9 1],73,-1,97,-1,83
1,<environment.Job instance at 0x7f913ec708c0>,73,3,[10  4],74,-1,86,-1,83
1,<environment.Job instance at 0x7f913ec6ff00>,43,28,[6 4],44,-1,111,-1,83
1,<environment.Job instance at 0x7f913ec70500>,71,1,[8 2],72,-1,84,-1,83
1,<environment.Job instance at 0x7f913ec70640>,70,18,[5 5],71,-1,104,-1,86
1,<environment.Job instance at 0x7f913ec70dc0>,78,19,[8 4],79,-1,105,-1,86
1,<environment.Job instance at 0x7f913ec70e60>,79,17,[2 7],80,-1,103,-1,86
1,<environment.Job instance at 0x7f913ec784b0>,84,12,[3 5],85,-1,98,-1,86
1,<environment.Job instance at 0x7f913ec70b40>,76,13,[1 5],77,-1,99,-1,86
1,<environment.Job instance at 0x7f913ec70d20>,77,15,[4 7],78,-1,104,-1,89
1,<environment.Job instance at 0x7f913ec788c0>,88,12,[3 5],89,-1,101,-1,89
1,<environment.Job instance at 0x7f913ec78a00>,89,13,[7 2],90,-1,103,-1,90
1,<environment.Job instance at 0x7f913ec78870>,87,2,[ 4 10],88,-1,93,-1,91
1,<environment.Job instance at 0x7f913ec78b90>,91,16,[5 8],92,-1,108,-1,92
1,<environment.Job instance at 0x7f913ec78d70>,93,12,[4 9],94,-1,106,-1,94
1,<environment.Job instance at 0x7f91482e8780>,95,23,[3 7],96,-1,119,-1,96
1,<environment.Job instance at 0x7f913ee08cd0>,98,12,[10  1],99,-1,113,-1,101
1,<environment.Job instance at 0x7f913ecb3c80>,100,18,[7 5],101,-1,120,-1,102
1,<environment.Job instance at 0x7f913ec60cd0>,103,17,[5 6],104,-1,121,-1,104
1,<environment.Job instance at 0x7f913ec60910>,105,1,[3 6],106,-1,112,-1,111
1,<environment.Job instance at 0x7f913ec60d20>,104,17,[5 4],105,-1,128,-1,111
1,<environment.Job instance at 0x7f913ed2cf50>,116,15,[9 2],117,-1,132,-1,117
1,<environment.Job instance at 0x7f913ed5eeb0>,115,14,[9 1],116,-1,132,-1,118
1,<environment.Job instance at 0x7f913edec910>,117,18,[ 3 12],118,-1,137,-1,119
1,<environment.Job instance at 0x7f913ecf3dc0>,121,18,[11  5],122,-1,140,-1,122
1,<environment.Job instance at 0x7f913ed93e60>,122,14,[14  1],123,-1,140,-1,126
1,<environment.Job instance at 0x7f913ed0de60>,125,15,[5 3],126,-1,141,-1,126
1,<environment.Job instance at 0x7f913ed84fa0>,128,16,[7 1],129,-1,146,-1,130
1,<environment.Job instance at 0x7f913ed2a4b0>,130,16,[9 3],131,-1,147,-1,131
1,<environment.Job instance at 0x7f913ed2a0f0>,134,15,[10  5],135,-1,150,-1,135
1,<environment.Job instance at 0x7f913ed2aeb0>,135,15,[ 3 14],136,-1,152,-1,137
1,<environment.Job instance at 0x7f913ed2a690>,136,18,[1 6],137,-1,155,-1,137
1,<environment.Job instance at 0x7f913ec6d550>,1,15,[ 1 14],2,-1,17,-1,2
1,<environment.Job instance at 0x7f913ec6f4b0>,6,12,[11  4],7,-1,19,-1,7
1,<environment.Job instance at 0x7f913ed25820>,19,17,[12  3],20,-1,67,-1,50
1,<environment.Job instance at 0x7f913ec99820>,22,2,[12  3],23,-1,62,-1,60
1,<environment.Job instance at 0x7f913ec68960>,43,28,[6 4],44,-1,166,-1,138
1,<environment.Job instance at 0x7f913ed29730>,44,17,[ 5 12],45,-1,155,-1,138
1,<environment.Job instance at 0x7f913e3b88c0>,0,17,[3 8],1,-1,18,-1,1
1,<environment.Job instance at 0x7f913e3b8c30>,5,15,[6 2],6,-1,21,-1,6
1,<environment.Job instance at 0x7f913e3b8e10>,6,15,[6 2],7,-1,22,-1,7
1,<environment.Job instance at 0x7f913e3ae140>,11,16,[1 9],12,-1,28,-1,12
1,<environment.Job instance at 0x7f913e3ae4b0>,12,16,[6 2],13,-1,32,-1,16
1,<environment.Job instance at 0x7f913e3b3d70>,17,17,[3 8],18,-1,35,-1,18
1,<environment.Job instance at 0x7f913e3b3f50>,18,16,[3 9],19,-1,35,-1,19
1,<environment.Job instance at 0x7f913e49e320>,20,12,[6 3],21,-1,33,-1,21
1,<environment.Job instance at 0x7f913e3b3780>,21,3,[1 5],22,-1,25,-1,22
1,<environment.Job instance at 0x7f913e52a820>,23,15,[4 8],24,-1,39,-1,24
1,<environment.Job instance at 0x7f913e4ee1e0>,24,13,[1 9],25,-1,38,-1,25
1,<environment.Job instance at 0x7f913e6b8a00>,26,22,[11  3],27,-1,49,-1,27
1,<environment.Job instance at 0x7f913e523fa0>,27,18,[5 2],28,-1,46,-1,28
1,<environment.Job instance at 0x7f913e4ee5f0>,28,18,[4 6],29,-1,47,-1,29
1,<environment.Job instance at 0x7f913e5e2780>,29,16,[3 5],30,-1,46,-1,30
1,<environment.Job instance at 0x7f913e499be0>,31,14,[5 3],32,-1,46,-1,32
1,<environment.Job instance at 0x7f913e499370>,33,12,[1 7],34,-1,46,-1,34
1,<environment.Job instance at 0x7f913e499b90>,34,1,[9 4],35,-1,36,-1,35
1,<environment.Job instance at 0x7f913e499960>,35,25,[3 9],36,-1,61,-1,36
1,<environment.Job instance at 0x7f913e284d70>,37,13,[ 4 10],38,-1,51,-1,38
1,<environment.Job instance at 0x7f913e284910>,38,14,[4 7],39,-1,53,-1,39
1,<environment.Job instance at 0x7f913e234640>,39,23,[2 8],40,-1,63,-1,40
1,<environment.Job instance at 0x7f913e21b870>,40,12,[2 5],41,-1,53,-1,41
1,<environment.Job instance at 0x7f913e22bb40>,44,12,[5 7],45,-1,57,-1,45
1,<environment.Job instance at 0x7f913e223370>,45,17,[10  5],46,-1,63,-1,46
1,<environment.Job instance at 0x7f913e2232d0>,46,26,[9 1],47,-1,73,-1,47
1,<environment.Job instance at 0x7f913e305230>,48,14,[8 5],49,-1,63,-1,49
1,<environment.Job instance at 0x7f913e3059b0>,49,17,[9 2],50,-1,67,-1,50
1,<environment.Job instance at 0x7f913e3053c0>,50,18,[5 1],51,-1,69,-1,51
1,<environment.Job instance at 0x7f913ebc2eb0>,52,14,[8 4],53,-1,67,-1,53
1,<environment.Job instance at 0x7f913e2a2780>,54,17,[10  5],55,-1,72,-1,55
1,<environment.Job instance at 0x7f913e29e4b0>,55,16,[ 3 10],56,-1,72,-1,56
1,<environment.Job instance at 0x7f913e3b9050>,56,23,[5 8],57,-1,80,-1,57
1,<environment.Job instance at 0x7f913e3ae0f0>,15,14,[3 8],16,-1,73,-1,59
1,<environment.Job instance at 0x7f913e27adc0>,62,14,[9 2],63,-1,78,-1,64
1,<environment.Job instance at 0x7f913e27aa50>,63,27,[5 3],64,-1,91,-1,64
1,<environment.Job instance at 0x7f913e27ad70>,64,17,[10  2],65,-1,83,-1,66
1,<environment.Job instance at 0x7f913e26df00>,66,13,[5 1],67,-1,80,-1,67
1,<environment.Job instance at 0x7f913e2bdb40>,67,1,[1 6],68,-1,69,-1,68
1,<environment.Job instance at 0x7f913e26d0f0>,65,17,[5 9],66,-1,85,-1,68
1,<environment.Job instance at 0x7f913e26d050>,68,22,[9 2],69,-1,93,-1,71
1,<environment.Job instance at 0x7f913e3965a0>,71,18,[ 5 11],72,-1,90,-1,72
1,<environment.Job instance at 0x7f913e287370>,72,17,[10  4],73,-1,90,-1,73
1,<environment.Job instance at 0x7f913e2870f0>,73,12,[5 1],74,-1,86,-1,74
1,<environment.Job instance at 0x7f913e2a34b0>,70,17,[2 9],71,-1,91,-1,74
1,<environment.Job instance at 0x7f913e287910>,75,17,[8 1],76,-1,94,-1,77
1,<environment.Job instance at 0x7f913e287d70>,77,18,[ 1 10],78,-1,96,-1,78
1,<environment.Job instance at 0x7f913e2875f0>,76,16,[7 2],77,-1,94,-1,78
1,<environment.Job instance at 0x7f913e287c30>,78,28,[7 4],79,-1,108,-1,80
1,<environment.Job instance at 0x7f913e26aaf0>,83,15,[5 6],84,-1,99,-1,84
1,<environment.Job instance at 0x7f913e283c30>,85,17,[3 5],86,-1,103,-1,86
1,<environment.Job instance at 0x7f913e283b90>,86,15,[ 5 10],87,-1,103,-1,88
1,<environment.Job instance at 0x7f913e283a50>,92,16,[8 5],93,-1,109,-1,93
1,<environment.Job instance at 0x7f913e283fa0>,87,1,[7 2],88,-1,94,-1,93
1,<environment.Job instance at 0x7f913e283aa0>,93,12,[3 8],94,-1,106,-1,94
1,<environment.Job instance at 0x7f913e285460>,94,14,[8 5],95,-1,109,-1,95
1,<environment.Job instance at 0x7f913e285280>,95,12,[2 6],96,-1,108,-1,96
1,<environment.Job instance at 0x7f913e285820>,98,18,[3 8],99,-1,117,-1,99
1,<environment.Job instance at 0x7f913e285a50>,99,16,[9 4],100,-1,116,-1,100
1,<environment.Job instance at 0x7f913e285730>,100,28,[7 3],101,-1,129,-1,101
1,<environment.Job instance at 0x7f913e285e60>,103,18,[1 6],104,-1,125,-1,107
1,<environment.Job instance at 0x7f913e282f50>,107,16,[2 8],108,-1,124,-1,108
1,<environment.Job instance at 0x7f913e2823c0>,110,18,[8 5],111,-1,130,-1,112
1,<environment.Job instance at 0x7f913e294e10>,114,17,[1 9],115,-1,132,-1,115
1,<environment.Job instance at 0x7f914841d280>,123,21,[9 5],124,-1,149,-1,128
1,<environment.Job instance at 0x7f914841dbe0>,124,18,[10  2],125,-1,148,-1,130
1,<environment.Job instance at 0x7f91482da0a0>,126,22,[6 1],127,-1,152,-1,130
1,<environment.Job instance at 0x7f913e37c1e0>,128,21,[5 1],129,-1,151,-1,130
1,<environment.Job instance at 0x7f913e493c30>,26,22,[11  3],27,-1,97,-1,75
1,<environment.Job instance at 0x7f913e423820>,35,25,[3 9],36,-1,157,-1,132
1,<environment.Job instance at 0x7f913e423320>,39,23,[2 8],40,-1,156,-1,133
1,<environment.Job instance at 0x7f913e3120f0>,7,1,[9 4],8,-1,9,-1,8
1,<environment.Job instance at 0x7f913e312410>,8,17,[12  1],9,-1,26,-1,9
1,<environment.Job instance at 0x7f913e312870>,9,14,[5 7],10,-1,24,-1,10
1,<environment.Job instance at 0x7f913e263730>,10,13,[7 4],11,-1,24,-1,11
1,<environment.Job instance at 0x7f913e263910>,13,18,[9 2],14,-1,32,-1,14
1,<environment.Job instance at 0x7f913e263a50>,14,18,[ 5 10],15,-1,33,-1,15
1,<environment.Job instance at 0x7f913e263aa0>,16,16,[5 7],17,-1,33,-1,17
1,<environment.Job instance at 0x7f913e2632d0>,19,15,[7 4],20,-1,36,-1,21
1,<environment.Job instance at 0x7f913e263050>,20,17,[4 5],21,-1,40,-1,23
1,<environment.Job instance at 0x7f913e260eb0>,24,1,[3 8],25,-1,27,-1,26
1,<environment.Job instance at 0x7f913e260370>,26,15,[7 3],27,-1,42,-1,27
1,<environment.Job instance at 0x7f913e2601e0>,27,17,[7 5],28,-1,45,-1,28
1,<environment.Job instance at 0x7f913e260050>,28,1,[12  5],29,-1,30,-1,29
1,<environment.Job instance at 0x7f913e260fa0>,25,18,[9 5],26,-1,49,-1,31
1,<environment.Job instance at 0x7f913e260550>,31,15,[10  3],32,-1,50,-1,35
1,<environment.Job instance at 0x7f913e25da00>,39,17,[4 8],40,-1,57,-1,40
1,<environment.Job instance at 0x7f913e25dfa0>,40,14,[ 3 10],41,-1,55,-1,41
1,<environment.Job instance at 0x7f913e259820>,43,15,[7 4],44,-1,59,-1,44
1,<environment.Job instance at 0x7f913e2590a0>,50,13,[ 4 10],51,-1,64,-1,51
1,<environment.Job instance at 0x7f913e259460>,51,16,[2 8],52,-1,68,-1,52
1,<environment.Job instance at 0x7f913e2d5f00>,58,14,[10  4],59,-1,77,-1,63
1,<environment.Job instance at 0x7f913e2d2460>,65,17,[6 3],66,-1,84,-1,67
1,<environment.Job instance at 0x7f913e259050>,47,16,[ 5 13],48,-1,92,-1,76
1,<environment.Job instance at 0x7f913e25d820>,34,16,[8 3],35,-1,92,-1,76
1,<environment.Job instance at 0x7f913e2d2910>,68,17,[2 8],69,-1,93,-1,76
1,<environment.Job instance at 0x7f913e2d5460>,61,15,[3 5],62,-1,91,-1,76
1,<environment.Job instance at 0x7f913e2d2820>,66,20,[6 2],67,-1,97,-1,77
1,<environment.Job instance at 0x7f913e2d2c30>,74,12,[2 9],75,-1,89,-1,77
1,<environment.Job instance at 0x7f913e2a3960>,76,15,[10  5],77,-1,97,-1,82
1,<environment.Job instance at 0x7f913e2a37d0>,77,16,[ 3 10],78,-1,99,-1,83
1,<environment.Job instance at 0x7f913e2a3870>,78,16,[3 6],79,-1,100,-1,84
1,<environment.Job instance at 0x7f913e2d26e0>,72,15,[7 3],73,-1,99,-1,84
1,<environment.Job instance at 0x7f913e2d2730>,75,16,[2 6],76,-1,100,-1,84
1,<environment.Job instance at 0x7f913e2a3780>,81,25,[10  4],82,-1,109,-1,84
1,<environment.Job instance at 0x7f913e2a3a00>,79,22,[1 6],80,-1,106,-1,84
1,<environment.Job instance at 0x7f913e2c3190>,84,22,[1 9],85,-1,107,-1,85
1,<environment.Job instance at 0x7f913e2c3050>,89,18,[ 2 10],90,-1,108,-1,90
1,<environment.Job instance at 0x7f913e2c3410>,83,12,[8 5],84,-1,104,-1,92
1,<environment.Job instance at 0x7f913e2bd7d0>,93,24,[3 6],94,-1,119,-1,95
1,<environment.Job instance at 0x7f913e2bd910>,90,17,[7 1],91,-1,113,-1,96
1,<environment.Job instance at 0x7f913e2bdb90>,95,20,[3 8],96,-1,116,-1,96
1,<environment.Job instance at 0x7f913e2bd1e0>,96,15,[4 9],97,-1,112,-1,97
1,<environment.Job instance at 0x7f913e2bd6e0>,98,14,[3 6],99,-1,119,-1,105
1,<environment.Job instance at 0x7f913e26ddc0>,105,18,[ 3 10],106,-1,124,-1,106
1,<environment.Job instance at 0x7f913e26ab90>,108,12,[8 2],109,-1,126,-1,114
1,<environment.Job instance at 0x7f913e26a500>,110,12,[1 5],111,-1,126,-1,114
1,<environment.Job instance at 0x7f913f4c40a0>,113,18,[8 1],114,-1,132,-1,114
1,<environment.Job instance at 0x7f913ea2d820>,115,27,[5 5],116,-1,144,-1,117
1,<environment.Job instance at 0x7f913eb01280>,116,22,[2 8],117,-1,139,-1,117
1,<environment.Job instance at 0x7f913e2c3d20>,91,18,[3 8],92,-1,136,-1,118
1,<environment.Job instance at 0x7f913ea2dd20>,112,17,[9 1],113,-1,141,-1,124
1,<environment.Job instance at 0x7f913e2bd3c0>,97,27,[9 5],98,-1,152,-1,125
1,<environment.Job instance at 0x7f913ea2f2d0>,117,20,[5 2],118,-1,146,-1,126
1,<environment.Job instance at 0x7f913e2bdbe0>,100,18,[4 8],101,-1,146,-1,128
1,<environment.Job instance at 0x7f913ee4d410>,120,16,[1 9],121,-1,144,-1,128
1,<environment.Job instance at 0x7f913ea2f0a0>,119,17,[2 6],120,-1,146,-1,129
1,<environment.Job instance at 0x7f913e411b40>,126,13,[8 3],127,-1,142,-1,129
1,<environment.Job instance at 0x7f913e2342d0>,122,17,[4 6],123,-1,148,-1,131
1,<environment.Job instance at 0x7f913e901730>,123,27,[7 5],124,-1,161,-1,134
1,<environment.Job instance at 0x7f913e27af00>,128,14,[2 7],129,-1,149,-1,135
1,<environment.Job instance at 0x7f913ef25910>,118,13,[14  4],119,-1,149,-1,136
1,<environment.Job instance at 0x7f913e26af00>,106,21,[6 1],107,-1,157,-1,136
1,<environment.Job instance at 0x7f913f31d640>,3,3,[14  5],4,-1,7,-1,4
1,<environment.Job instance at 0x7f913e6b0820>,8,17,[12  1],9,-1,26,-1,9
1,<environment.Job instance at 0x7f913e60b9b0>,12,1,[13  3],13,-1,14,-1,13
1,<environment.Job instance at 0x7f913f4040f0>,22,27,[ 2 13],23,-1,65,-1,38
1,<environment.Job instance at 0x7f913f1080a0>,28,1,[12  5],29,-1,60,-1,59
1,<environment.Job instance at 0x7f913e52ab90>,41,18,[ 4 13],42,-1,128,-1,110
1,<environment.Job instance at 0x7f913e610eb0>,47,16,[ 5 13],48,-1,143,-1,127
1,<environment.Job instance at 0x7f913e7176e0>,5,16,[10  5],6,-1,23,-1,7
1,<environment.Job instance at 0x7f913e7179b0>,7,14,[9 1],8,-1,22,-1,8
1,<environment.Job instance at 0x7f913e7172d0>,8,21,[9 5],9,-1,30,-1,9
1,<environment.Job instance at 0x7f913e3bd4b0>,6,13,[8 4],7,-1,22,-1,9
1,<environment.Job instance at 0x7f913e717aa0>,10,17,[9 4],11,-1,30,-1,13
1,<environment.Job instance at 0x7f913e8ea9b0>,17,16,[2 6],18,-1,34,-1,18
1,<environment.Job instance at 0x7f913e8ea0a0>,19,16,[ 5 13],20,-1,36,-1,20
1,<environment.Job instance at 0x7f913e8ea3c0>,23,17,[1 8],24,-1,41,-1,24
1,<environment.Job instance at 0x7f913e8ea500>,25,24,[3 9],26,-1,50,-1,26
1,<environment.Job instance at 0x7f913e6825f0>,26,17,[9 1],27,-1,44,-1,27
1,<environment.Job instance at 0x7f913e682230>,29,16,[1 8],30,-1,46,-1,30
1,<environment.Job instance at 0x7f913e682fa0>,32,17,[10  3],33,-1,50,-1,33
1,<environment.Job instance at 0x7f913e682cd0>,33,13,[9 5],34,-1,47,-1,34
1,<environment.Job instance at 0x7f913e682af0>,34,15,[ 1 10],35,-1,50,-1,35
1,<environment.Job instance at 0x7f913e682550>,40,13,[3 8],41,-1,54,-1,41
1,<environment.Job instance at 0x7f913e2180a0>,42,27,[5 5],43,-1,70,-1,43
1,<environment.Job instance at 0x7f913e218640>,43,14,[3 6],44,-1,58,-1,44
1,<environment.Job instance at 0x7f913e218280>,44,25,[1 7],45,-1,70,-1,45
1,<environment.Job instance at 0x7f913e2187d0>,46,15,[ 5 10],47,-1,62,-1,47
1,<environment.Job instance at 0x7f913e218460>,49,14,[2 6],50,-1,64,-1,50
1,<environment.Job instance at 0x7f913e2185f0>,51,14,[1 9],52,-1,66,-1,52
1,<environment.Job instance at 0x7f913e218140>,53,18,[4 8],54,-1,72,-1,54
1,<environment.Job instance at 0x7f913e218370>,54,17,[7 4],55,-1,72,-1,55
1,<environment.Job instance at 0x7f913e218e10>,55,14,[7 3],56,-1,70,-1,56
1,<environment.Job instance at 0x7f913e2188c0>,56,27,[5 8],57,-1,84,-1,57
1,<environment.Job instance at 0x7f913e218960>,58,12,[5 6],59,-1,71,-1,59
1,<environment.Job instance at 0x7f913e294960>,61,24,[4 8],62,-1,86,-1,62
1,<environment.Job instance at 0x7f913e294460>,65,19,[7 5],66,-1,85,-1,66
1,<environment.Job instance at 0x7f914841be10>,66,14,[8 1],67,-1,81,-1,67
1,<environment.Job instance at 0x7f914841bd70>,67,12,[10  4],68,-1,80,-1,68
1,<environment.Job instance at 0x7f913e294c30>,70,14,[ 4 10],71,-1,85,-1,71
1,<environment.Job instance at 0x7f913e8087d0>,72,17,[2 5],73,-1,90,-1,73
1,<environment.Job instance at 0x7f913e808460>,73,14,[8 2],74,-1,88,-1,74
1,<environment.Job instance at 0x7f913e76e280>,76,18,[8 2],77,-1,95,-1,77
1,<environment.Job instance at 0x7f913e76ee10>,77,18,[6 2],78,-1,96,-1,78
1,<environment.Job instance at 0x7f913e76ef00>,79,18,[5 8],80,-1,98,-1,80
1,<environment.Job instance at 0x7f913e76ebe0>,80,19,[2 7],81,-1,100,-1,81
1,<environment.Job instance at 0x7f913e76e550>,81,24,[1 9],82,-1,106,-1,82
1,<environment.Job instance at 0x7f913e76ef50>,83,15,[6 5],84,-1,99,-1,84
1,<environment.Job instance at 0x7f913e66ccd0>,86,14,[7 5],87,-1,101,-1,87
1,<environment.Job instance at 0x7f913e66c910>,87,23,[10  4],88,-1,111,-1,88
1,<environment.Job instance at 0x7f913e66c730>,88,14,[3 8],89,-1,103,-1,89
1,<environment.Job instance at 0x7f913e66cc30>,91,17,[5 7],92,-1,109,-1,92
1,<environment.Job instance at 0x7f913e7feb90>,94,13,[1 9],95,-1,108,-1,95
1,<environment.Job instance at 0x7f913e7fec30>,95,16,[4 5],96,-1,112,-1,96
1,<environment.Job instance at 0x7f913e2857d0>,99,17,[ 5 10],100,-1,117,-1,100
1,<environment.Job instance at 0x7f913e285c80>,100,18,[4 6],101,-1,119,-1,101
1,<environment.Job instance at 0x7f913e285b40>,104,15,[5 7],105,-1,121,-1,106
1,<environment.Job instance at 0x7f913eef95f0>,106,14,[ 5 10],107,-1,121,-1,107
1,<environment.Job instance at 0x7f9147e2adc0>,107,18,[1 7],108,-1,126,-1,108
1,<environment.Job instance at 0x7f913e285780>,108,19,[1 6],109,-1,128,-1,109
1,<environment.Job instance at 0x7f913e89e0a0>,0,1,[ 4 12],1,-1,2,-1,1
1,<environment.Job instance at 0x7f913e8cedc0>,4,12,[13  3],5,-1,17,-1,5
1,<environment.Job instance at 0x7f913e89e3c0>,9,3,[12  1],10,-1,13,-1,10
1,<environment.Job instance at 0x7f913e608c30>,19,16,[ 5 13],20,-1,53,-1,37
1,<environment.Job instance at 0x7f913e381b40>,24,14,[ 3 14],25,-1,67,-1,53
1,<environment.Job instance at 0x7f913e381cd0>,25,24,[3 9],26,-1,79,-1,55
1,<environment.Job instance at 0x7f913e5f2550>,35,1,[12  4],36,-1,91,-1,90
1,<environment.Job instance at 0x7f91482db3c0>,41,15,[14  1],42,-1,115,-1,100
1,<environment.Job instance at 0x7f913f4040f0>,42,27,[5 5],43,-1,128,-1,101
1,<environment.Job instance at 0x7f913e649640>,44,25,[1 7],45,-1,138,-1,113
1,<environment.Job instance at 0x7f913f180d70>,0,18,[5 9],1,-1,19,-1,1
1,<environment.Job instance at 0x7f913e631be0>,3,18,[ 1 10],4,-1,23,-1,5
1,<environment.Job instance at 0x7f913e607e60>,4,14,[7 5],5,-1,19,-1,5
1,<environment.Job instance at 0x7f913e637c30>,9,14,[9 5],10,-1,26,-1,12
1,<environment.Job instance at 0x7f913e637190>,11,17,[14  3],12,-1,30,-1,13
1,<environment.Job instance at 0x7f913e637460>,15,17,[ 5 10],16,-1,34,-1,17
1,<environment.Job instance at 0x7f913e637780>,16,17,[ 1 10],17,-1,34,-1,17
1,<environment.Job instance at 0x7f913e644e60>,18,16,[9 2],19,-1,36,-1,20
1,<environment.Job instance at 0x7f913e644f00>,19,28,[1 8],20,-1,48,-1,20
1,<environment.Job instance at 0x7f913e6eceb0>,26,14,[9 2],27,-1,42,-1,28
1,<environment.Job instance at 0x7f913f79b910>,27,17,[3 8],28,-1,45,-1,28
1,<environment.Job instance at 0x7f913ead7280>,30,13,[10  4],31,-1,45,-1,32
1,<environment.Job instance at 0x7f913ead7690>,35,24,[8 3],36,-1,60,-1,36
1,<environment.Job instance at 0x7f913e6da3c0>,38,17,[2 7],39,-1,56,-1,39
1,<environment.Job instance at 0x7f913e62e690>,40,18,[8 1],41,-1,59,-1,41
1,<environment.Job instance at 0x7f913e6ee640>,46,18,[9 4],47,-1,70,-1,52
1,<environment.Job instance at 0x7f913e6ee0a0>,47,17,[3 5],48,-1,69,-1,52
1,<environment.Job instance at 0x7f913e6ee7d0>,52,15,[10  1],53,-1,68,-1,53
1,<environment.Job instance at 0x7f913e6ee500>,53,17,[5 3],54,-1,81,-1,64
1,<environment.Job instance at 0x7f913e6eef00>,51,13,[12  4],52,-1,91,-1,78
1,<environment.Job instance at 0x7f913e707140>,64,16,[9 2],65,-1,101,-1,85
1,<environment.Job instance at 0x7f913e707370>,66,15,[9 1],67,-1,100,-1,85
1,<environment.Job instance at 0x7f913e6eed70>,54,24,[4 5],55,-1,109,-1,85
1,<environment.Job instance at 0x7f913e708fa0>,62,15,[2 5],63,-1,101,-1,86
1,<environment.Job instance at 0x7f913e708f00>,63,14,[4 8],64,-1,100,-1,86
1,<environment.Job instance at 0x7f913e707730>,72,13,[ 5 10],73,-1,103,-1,90
1,<environment.Job instance at 0x7f913e708d70>,58,16,[6 5],59,-1,106,-1,90
1,<environment.Job instance at 0x7f913e7077d0>,73,15,[6 1],74,-1,105,-1,90
1,<environment.Job instance at 0x7f913e707d20>,78,17,[7 2],79,-1,115,-1,98
1,<environment.Job instance at 0x7f913e707d70>,79,16,[10  2],80,-1,114,-1,98
1,<environment.Job instance at 0x7f913e707f50>,80,15,[5 6],81,-1,114,-1,99
1,<environment.Job instance at 0x7f913e6ea5a0>,85,12,[10  3],86,-1,120,-1,108
1,<environment.Job instance at 0x7f913e6ea640>,89,23,[6 5],90,-1,133,-1,110
1,<environment.Job instance at 0x7f913e6eaa00>,90,17,[2 6],91,-1,128,-1,111
1,<environment.Job instance at 0x7f913e6ea780>,87,15,[10  1],88,-1,130,-1,115
1,<environment.Job instance at 0x7f913ea904b0>,100,27,[6 4],101,-1,144,-1,117
1,<environment.Job instance at 0x7f913ea905f0>,102,15,[10  1],103,-1,132,-1,117
1,<environment.Job instance at 0x7f913e6ea2d0>,84,15,[7 3],85,-1,132,-1,117
1,<environment.Job instance at 0x7f913ea90690>,104,13,[1 8],105,-1,130,-1,117
1,<environment.Job instance at 0x7f913ea907d0>,106,14,[1 7],107,-1,133,-1,119
1,<environment.Job instance at 0x7f913ea90190>,103,13,[7 5],104,-1,133,-1,120
1,<environment.Job instance at 0x7f913e707aa0>,76,2,[5 5],77,-1,122,-1,120
1,<environment.Job instance at 0x7f913ea909b0>,110,18,[ 5 10],111,-1,138,-1,120
1,<environment.Job instance at 0x7f913ea90e10>,111,2,[2 6],112,-1,122,-1,120
1,<environment.Job instance at 0x7f913ea90eb0>,112,24,[1 6],113,-1,144,-1,120
1,<environment.Job instance at 0x7f913ea90500>,108,22,[7 5],109,-1,144,-1,122
1,<environment.Job instance at 0x7f913ea90fa0>,113,16,[8 5],114,-1,138,-1,122
1,<environment.Job instance at 0x7f913ea90aa0>,109,16,[5 3],110,-1,138,-1,122
1,<environment.Job instance at 0x7f913ea5d4b0>,116,15,[10  4],117,-1,137,-1,122
1,<environment.Job instance at 0x7f913e6ea690>,86,14,[5 4],87,-1,136,-1,122
1,<environment.Job instance at 0x7f913ea90f50>,114,16,[9 4],115,-1,138,-1,122
1,<environment.Job instance at 0x7f913edd5cd0>,11,17,[14  3],12,-1,38,-1,21
1,<environment.Job instance at 0x7f913edd5e60>,14,15,[ 2 13],15,-1,37,-1,22
1,<environment.Job instance at 0x7f913edb2690>,17,3,[12  4],18,-1,26,-1,23
1,<environment.Job instance at 0x7f913edd5550>,19,28,[1 8],20,-1,63,-1,35
1,<environment.Job instance at 0x7f91483375a0>,28,18,[13  3],29,-1,75,-1,57
1,<environment.Job instance at 0x7f914841b960>,35,24,[8 3],36,-1,130,-1,106
1,<environment.Job instance at 0x7f913f0d2a50>,5,15,[ 1 10],6,-1,21,-1,6
1,<environment.Job instance at 0x7f913f0d35a0>,8,24,[4 7],9,-1,33,-1,9
1,<environment.Job instance at 0x7f913f0d3d20>,10,13,[5 3],11,-1,24,-1,11
1,<environment.Job instance at 0x7f913f0d37d0>,12,17,[9 4],13,-1,30,-1,13
1,<environment.Job instance at 0x7f913f0d3a50>,14,18,[ 4 11],15,-1,33,-1,15
1,<environment.Job instance at 0x7f913f0d3eb0>,15,16,[9 4],16,-1,32,-1,16
1,<environment.Job instance at 0x7f913f0d3af0>,17,15,[4 6],18,-1,33,-1,18
1,<environment.Job instance at 0x7f913eb02fa0>,20,20,[4 6],21,-1,41,-1,21
1,<environment.Job instance at 0x7f913f0b8960>,32,17,[ 2 10],33,-1,50,-1,33
1,<environment.Job instance at 0x7f913f0b8820>,33,15,[5 5],34,-1,50,-1,35
1,<environment.Job instance at 0x7f913eb0ed70>,36,13,[4 7],37,-1,50,-1,37
1,<environment.Job instance at 0x7f913e6a9cd0>,38,20,[3 8],39,-1,59,-1,39
1,<environment.Job instance at 0x7f913e6a9690>,40,24,[10  4],41,-1,65,-1,41
1,<environment.Job instance at 0x7f913e6a9500>,41,21,[4 7],42,-1,63,-1,42
1,<environment.Job instance at 0x7f913e6a9870>,42,17,[ 2 11],43,-1,64,-1,47
1,<environment.Job instance at 0x7f913e6a9af0>,43,15,[4 9],44,-1,65,-1,50
1,<environment.Job instance at 0x7f913e6ab050>,49,19,[5 5],50,-1,69,-1,50
1,<environment.Job instance at 0x7f913e6aba00>,50,15,[10  4],51,-1,70,-1,55
1,<environment.Job instance at 0x7f913e6abc80>,54,14,[3 8],55,-1,70,-1,56
1,<environment.Job instance at 0x7f913e6ab370>,55,12,[10  1],56,-1,70,-1,58
1,<environment.Job instance at 0x7f913e6abe60>,58,18,[4 6],59,-1,78,-1,60
1,<environment.Job instance at 0x7f913eb02140>,23,14,[ 1 11],24,-1,75,-1,61
1,<environment.Job instance at 0x7f913e6ab2d0>,62,16,[3 8],63,-1,86,-1,70
1,<environment.Job instance at 0x7f913e6abeb0>,57,14,[ 4 10],58,-1,84,-1,70
1,<environment.Job instance at 0x7f913e6abc30>,56,12,[2 7],57,-1,83,-1,71
1,<environment.Job instance at 0x7f913f793b90>,66,18,[10  2],67,-1,89,-1,71
1,<environment.Job instance at 0x7f913f793d70>,68,17,[9 5],69,-1,88,-1,71
1,<environment.Job instance at 0x7f913f7931e0>,69,16,[7 2],70,-1,87,-1,71
1,<environment.Job instance at 0x7f913f793eb0>,70,16,[ 3 10],71,-1,87,-1,71
1,<environment.Job instance at 0x7f913f793500>,71,16,[5 7],72,-1,88,-1,72
1,<environment.Job instance at 0x7f913e6a3af0>,75,14,[4 6],76,-1,90,-1,76
1,<environment.Job instance at 0x7f913e6a3690>,77,27,[ 2 11],78,-1,105,-1,78
1,<environment.Job instance at 0x7f913e6a3e60>,84,13,[5 3],85,-1,111,-1,98
1,<environment.Job instance at 0x7f913eaf0c80>,90,13,[5 3],91,-1,111,-1,98
1,<environment.Job instance at 0x7f913eaf0a50>,91,17,[2 7],92,-1,117,-1,100
1,<environment.Job instance at 0x7f913e6ab690>,52,15,[4 8],53,-1,115,-1,100
1,<environment.Job instance at 0x7f913eaf00a0>,88,17,[3 7],89,-1,117,-1,100
1,<environment.Job instance at 0x7f913ea81aa0>,98,12,[ 4 10],99,-1,112,-1,100
1,<environment.Job instance at 0x7f913e6a3f50>,85,12,[8 5],86,-1,113,-1,101
1,<environment.Job instance at 0x7f913eafe4b0>,100,14,[ 2 10],101,-1,115,-1,101
1,<environment.Job instance at 0x7f913eaf0280>,92,17,[6 4],93,-1,119,-1,102
1,<environment.Job instance at 0x7f913eade6e0>,102,16,[ 3 10],103,-1,119,-1,103
1,<environment.Job instance at 0x7f913eafeaf0>,104,16,[5 5],105,-1,127,-1,111
1,<environment.Job instance at 0x7f913e6a9c30>,46,18,[6 3],47,-1,129,-1,111
1,<environment.Job instance at 0x7f913e63e730>,103,18,[5 5],104,-1,129,-1,111
1,<environment.Job instance at 0x7f913e63ec30>,106,13,[3 9],107,-1,124,-1,111
1,<environment.Job instance at 0x7f913e63e640>,105,17,[ 3 10],106,-1,128,-1,111
1,<environment.Job instance at 0x7f913ed8c050>,110,19,[4 5],111,-1,130,-1,111
1,<environment.Job instance at 0x7f913f1b50a0>,112,13,[9 4],113,-1,126,-1,113
1,<environment.Job instance at 0x7f913ed8cbe0>,114,16,[2 7],115,-1,131,-1,115
1,<environment.Job instance at 0x7f913f413640>,108,18,[1 5],109,-1,135,-1,117
1,<environment.Job instance at 0x7f913e37d730>,118,16,[8 3],119,-1,135,-1,119
1,<environment.Job instance at 0x7f913f03b320>,120,23,[9 4],121,-1,144,-1,121
1,<environment.Job instance at 0x7f9147e3e0f0>,121,21,[8 2],122,-1,143,-1,122
1,<environment.Job instance at 0x7f9147e3e410>,122,21,[5 7],123,-1,144,-1,123
1,<environment.Job instance at 0x7f913e5b8460>,124,17,[9 2],125,-1,143,-1,126
1,<environment.Job instance at 0x7f913f2f3910>,125,18,[5 5],126,-1,148,-1,130
1,<environment.Job instance at 0x7f91481aa1e0>,132,18,[4 7],133,-1,151,-1,133
1,<environment.Job instance at 0x7f913edbebe0>,128,28,[10  4],129,-1,163,-1,135
1,<environment.Job instance at 0x7f91481aad20>,133,18,[7 1],134,-1,153,-1,135
1,<environment.Job instance at 0x7f9157b82eb0>,6,12,[ 2 11],7,-1,19,-1,7
1,<environment.Job instance at 0x7f9147e498c0>,8,24,[4 7],9,-1,38,-1,14
1,<environment.Job instance at 0x7f913e66ca50>,14,18,[ 4 11],15,-1,38,-1,20
1,<environment.Job instance at 0x7f913ed84910>,19,3,[14  1],20,-1,37,-1,34
1,<environment.Job instance at 0x7f913f2ebc80>,23,14,[ 1 11],24,-1,52,-1,38
1,<environment.Job instance at 0x7f913f2ebe60>,25,16,[ 2 11],26,-1,56,-1,40
1,<environment.Job instance at 0x7f913e4da690>,28,2,[13  3],29,-1,45,-1,43
1,<environment.Job instance at 0x7f913e6ab280>,40,24,[10  4],41,-1,116,-1,92
1,<environment.Job instance at 0x7f913ef12550>,42,17,[ 2 11],43,-1,109,-1,92
1,<environment.Job instance at 0x7f913e912280>,44,1,[ 2 11],45,-1,93,-1,92
1,<environment.Job instance at 0x7f913f7c5690>,0,26,[4 9],1,-1,27,-1,1
1,<environment.Job instance at 0x7f913f39cc80>,5,18,[1 8],6,-1,24,-1,6
1,<environment.Job instance at 0x7f913f39ca50>,7,23,[5 3],8,-1,32,-1,9
1,<environment.Job instance at 0x7f913f3ad050>,8,16,[9 4],9,-1,25,-1,9
1,<environment.Job instance at 0x7f913f3a0640>,15,14,[ 1 10],16,-1,31,-1,17
1,<environment.Job instance at 0x7f913f3a0f00>,17,19,[1 5],18,-1,37,-1,18
1,<environment.Job instance at 0x7f913f3a0140>,18,14,[1 7],19,-1,33,-1,19
1,<environment.Job instance at 0x7f913f3bae60>,19,18,[6 4],20,-1,38,-1,20
1,<environment.Job instance at 0x7f913f3bab40>,20,13,[11  2],21,-1,34,-1,21
1,<environment.Job instance at 0x7f913e6d51e0>,22,14,[3 9],23,-1,37,-1,23
1,<environment.Job instance at 0x7f913e3b28c0>,24,14,[5 3],25,-1,39,-1,25
1,<environment.Job instance at 0x7f913f390dc0>,27,16,[ 3 12],28,-1,44,-1,28
1,<environment.Job instance at 0x7f913f3902d0>,28,15,[7 3],29,-1,44,-1,29
1,<environment.Job instance at 0x7f913f390d20>,29,17,[9 2],30,-1,47,-1,30
1,<environment.Job instance at 0x7f913f390b90>,30,14,[10  1],31,-1,45,-1,31
1,<environment.Job instance at 0x7f913e554320>,33,22,[5 2],34,-1,56,-1,34
1,<environment.Job instance at 0x7f913e5542d0>,34,18,[5 6],35,-1,53,-1,35
1,<environment.Job instance at 0x7f913ea34c80>,35,17,[3 6],36,-1,53,-1,36
1,<environment.Job instance at 0x7f913ea341e0>,36,13,[8 2],37,-1,50,-1,37
1,<environment.Job instance at 0x7f913f260190>,37,13,[4 5],38,-1,51,-1,38
1,<environment.Job instance at 0x7f913f3a02d0>,16,18,[7 4],17,-1,56,-1,38
1,<environment.Job instance at 0x7f913f260d70>,42,15,[5 9],43,-1,65,-1,50
1,<environment.Job instance at 0x7f913ea1b140>,50,2,[5 4],51,-1,53,-1,51
1,<environment.Job instance at 0x7f913ea299b0>,46,25,[6 3],47,-1,80,-1,55
1,<environment.Job instance at 0x7f913f26b8c0>,61,18,[10  5],62,-1,89,-1,71
1,<environment.Job instance at 0x7f913f3a0d20>,12,12,[ 5 13],13,-1,84,-1,72
1,<environment.Job instance at 0x7f913ea1b8c0>,57,18,[3 8],58,-1,90,-1,72
1,<environment.Job instance at 0x7f913f2661e0>,71,21,[4 9],72,-1,101,-1,80
1,<environment.Job instance at 0x7f913f2665a0>,73,16,[8 1],74,-1,97,-1,81
1,<environment.Job instance at 0x7f913f2662d0>,75,23,[8 4],76,-1,108,-1,85
1,<environment.Job instance at 0x7f913f26bb40>,65,18,[9 2],66,-1,111,-1,93
1,<environment.Job instance at 0x7f913f266870>,77,20,[5 7],78,-1,113,-1,93
1,<environment.Job instance at 0x7f913f266690>,76,12,[3 9],77,-1,105,-1,93
1,<environment.Job instance at 0x7f913f266b40>,80,15,[2 8],81,-1,108,-1,93
1,<environment.Job instance at 0x7f913f266a00>,78,16,[4 8],79,-1,109,-1,93
1,<environment.Job instance at 0x7f913f266f50>,85,16,[10  5],86,-1,109,-1,93
1,<environment.Job instance at 0x7f913f278190>,89,18,[2 7],90,-1,112,-1,94
1,<environment.Job instance at 0x7f913f266eb0>,84,15,[11  1],85,-1,109,-1,94
1,<environment.Job instance at 0x7f913f278280>,87,16,[1 7],88,-1,110,-1,94
1,<environment.Job instance at 0x7f913f2783c0>,91,20,[ 5 13],92,-1,114,-1,94
1,<environment.Job instance at 0x7f913f2787d0>,93,16,[9 4],94,-1,112,-1,96
1,<environment.Job instance at 0x7f913f278320>,90,15,[4 7],91,-1,115,-1,100
1,<environment.Job instance at 0x7f913f278b90>,96,3,[6 1],97,-1,106,-1,103
1,<environment.Job instance at 0x7f913f26b820>,58,16,[7 2],59,-1,119,-1,103
1,<environment.Job instance at 0x7f913f2785f0>,100,24,[7 2],101,-1,129,-1,105
1,<environment.Job instance at 0x7f913f278af0>,101,12,[3 7],102,-1,117,-1,105
1,<environment.Job instance at 0x7f913f278460>,92,1,[5 1],93,-1,106,-1,105
1,<environment.Job instance at 0x7f913f252190>,102,15,[ 2 10],103,-1,120,-1,105
1,<environment.Job instance at 0x7f913f2522d0>,105,15,[ 1 12],106,-1,121,-1,106
1,<environment.Job instance at 0x7f913ea29640>,45,18,[ 5 10],46,-1,124,-1,106
1,<environment.Job instance at 0x7f913f252370>,104,17,[8 1],105,-1,123,-1,106
1,<environment.Job instance at 0x7f913f2525f0>,106,19,[2 9],107,-1,126,-1,107
1,<environment.Job instance at 0x7f913f252550>,108,20,[ 1 10],109,-1,129,-1,109
1,<environment.Job instance at 0x7f913f252690>,109,18,[2 7],110,-1,128,-1,110
1,<environment.Job instance at 0x7f913f2528c0>,111,18,[3 8],112,-1,130,-1,112
1,<environment.Job instance at 0x7f913f252960>,113,14,[ 4 10],114,-1,129,-1,115
1,<environment.Job instance at 0x7f913f252d20>,116,16,[1 6],117,-1,133,-1,117
1,<environment.Job instance at 0x7f913f252c80>,117,15,[7 4],118,-1,133,-1,118
1,<environment.Job instance at 0x7f913f252fa0>,119,17,[ 1 10],120,-1,137,-1,120
1,<environment.Job instance at 0x7f913e655eb0>,0,26,[4 9],1,-1,27,-1,1
1,<environment.Job instance at 0x7f913e655c80>,2,16,[13  1],3,-1,19,-1,3
1,<environment.Job instance at 0x7f913e6e8500>,11,18,[11  2],12,-1,30,-1,12
1,<environment.Job instance at 0x7f913e9ca910>,12,12,[ 5 13],13,-1,25,-1,13
1,<environment.Job instance at 0x7f913e64a0f0>,13,24,[ 5 11],14,-1,38,-1,14
1,<environment.Job instance at 0x7f913e655dc0>,7,23,[5 3],8,-1,41,-1,18
1,<environment.Job instance at 0x7f913f0d28c0>,20,13,[11  2],21,-1,49,-1,36
1,<environment.Job instance at 0x7f91481a8230>,27,16,[ 3 12],28,-1,88,-1,72
1,<environment.Job instance at 0x7f913e52a5f0>,1,14,[9 4],2,-1,17,-1,3
1,<environment.Job instance at 0x7f913e9ad0a0>,5,18,[7 5],6,-1,24,-1,6
1,<environment.Job instance at 0x7f913e9adc80>,6,27,[5 2],7,-1,34,-1,7
1,<environment.Job instance at 0x7f913e9ad730>,9,18,[ 2 10],10,-1,28,-1,10
1,<environment.Job instance at 0x7f913e9ad6e0>,10,22,[2 5],11,-1,33,-1,11
1,<environment.Job instance at 0x7f913e52aeb0>,2,13,[2 9],3,-1,27,-1,14
1,<environment.Job instance at 0x7f913e9add70>,18,18,[5 8],19,-1,37,-1,19
1,<environment.Job instance at 0x7f913edd09b0>,23,14,[ 5 10],24,-1,38,-1,24
1,<environment.Job instance at 0x7f913edd00a0>,24,28,[4 5],25,-1,53,-1,25
1,<environment.Job instance at 0x7f913edd0b90>,26,17,[3 5],27,-1,45,-1,28
1,<environment.Job instance at 0x7f913e9668c0>,29,1,[4 5],30,-1,31,-1,30
1,<environment.Job instance at 0x7f913e966a50>,30,13,[5 6],31,-1,44,-1,31
1,<environment.Job instance at 0x7f913e966d70>,32,12,[10  4],33,-1,47,-1,35
1,<environment.Job instance at 0x7f913e9665f0>,35,15,[8 1],36,-1,51,-1,36
1,<environment.Job instance at 0x7f913e966f00>,36,3,[5 1],37,-1,40,-1,37
1,<environment.Job instance at 0x7f913e9663c0>,38,18,[5 5],39,-1,57,-1,39
1,<environment.Job instance at 0x7f913e966820>,40,16,[7 5],41,-1,57,-1,41
1,<environment.Job instance at 0x7f913e9669b0>,41,15,[5 4],42,-1,57,-1,42
1,<environment.Job instance at 0x7f913e966910>,43,17,[5 9],44,-1,61,-1,44
1,<environment.Job instance at 0x7f913e966050>,44,17,[2 5],45,-1,62,-1,45
1,<environment.Job instance at 0x7f913e966a00>,45,21,[9 3],46,-1,67,-1,46
1,<environment.Job instance at 0x7f913e372050>,46,15,[3 5],47,-1,62,-1,47
1,<environment.Job instance at 0x7f913e372aa0>,52,16,[9 4],53,-1,73,-1,57
1,<environment.Job instance at 0x7f913f19d5a0>,3,3,[13  5],4,-1,7,-1,4
1,<environment.Job instance at 0x7f913e5bbaa0>,7,14,[ 3 14],8,-1,22,-1,8
1,<environment.Job instance at 0x7f913f53f4b0>,6,27,[5 2],7,-1,43,-1,16
1,<environment.Job instance at 0x7f913ef20640>,24,28,[4 5],25,-1,83,-1,55
1,<environment.Job instance at 0x7f9147e80c30>,27,2,[ 5 13],28,-1,58,-1,56
1,<environment.Job instance at 0x7f913ef895a0>,31,25,[10  1],32,-1,108,-1,83
1,<environment.Job instance at 0x7f913e050500>,1,16,[3 9],2,-1,18,-1,2
1,<environment.Job instance at 0x7f913e050370>,5,17,[10  3],6,-1,24,-1,7
1,<environment.Job instance at 0x7f913e050d70>,7,24,[5 9],8,-1,32,-1,8
1,<environment.Job instance at 0x7f913e050870>,6,18,[6 4],7,-1,26,-1,8
1,<environment.Job instance at 0x7f913e050460>,11,28,[3 6],12,-1,40,-1,12
1,<environment.Job instance at 0x7f913e050190>,12,14,[ 4 10],13,-1,27,-1,13
1,<environment.Job instance at 0x7f913e07f050>,15,16,[7 3],16,-1,32,-1,16
1,<environment.Job instance at 0x7f913e07f5f0>,17,16,[1 8],18,-1,34,-1,18
1,<environment.Job instance at 0x7f913e07f690>,19,26,[2 6],20,-1,46,-1,20
1,<environment.Job instance at 0x7f913e07fc30>,20,20,[9 3],21,-1,41,-1,21
1,<environment.Job instance at 0x7f913e07f370>,21,15,[8 4],22,-1,37,-1,22
1,<environment.Job instance at 0x7f913e07fa00>,22,14,[9 2],23,-1,37,-1,23
1,<environment.Job instance at 0x7f913e07fb40>,23,16,[2 6],24,-1,40,-1,24
1,<environment.Job instance at 0x7f913e07ffa0>,25,17,[5 3],26,-1,43,-1,26
1,<environment.Job instance at 0x7f913e07f2d0>,28,26,[8 2],29,-1,55,-1,29
1,<environment.Job instance at 0x7f913e07f0f0>,30,13,[4 6],31,-1,44,-1,31
1,<environment.Job instance at 0x7f913e0a42d0>,32,16,[9 2],33,-1,49,-1,33
1,<environment.Job instance at 0x7f913e0a4af0>,33,18,[4 6],34,-1,52,-1,34
1,<environment.Job instance at 0x7f913e0a4d70>,36,17,[3 7],37,-1,54,-1,37
1,<environment.Job instance at 0x7f913e0a45a0>,37,12,[1 6],38,-1,50,-1,38
1,<environment.Job instance at 0x7f913e0a4f50>,38,3,[10  2],39,-1,43,-1,40
1,<environment.Job instance at 0x7f913e0a4550>,40,2,[4 6],41,-1,43,-1,41
1,<environment.Job instance at 0x7f913e0a4370>,39,17,[5 7],40,-1,59,-1,42
1,<environment.Job instance at 0x7f913e0a4dc0>,42,18,[7 4],43,-1,61,-1,43
1,<environment.Job instance at 0x7f913e0a40f0>,43,14,[ 2 10],44,-1,63,-1,49
1,<environment.Job instance at 0x7f913e06b0a0>,60,18,[9 2],61,-1,100,-1,82
1,<environment.Job instance at 0x7f913e455500>,66,17,[ 5 11],67,-1,135,-1,118
1,<environment.Job instance at 0x7f913e985d20>,73,24,[10  2],74,-1,148,-1,124
1,<environment.Job instance at 0x7f913e985870>,69,16,[10  5],70,-1,140,-1,124
1,<environment.Job instance at 0x7f913e0c78c0>,80,18,[6 4],81,-1,142,-1,124
1,<environment.Job instance at 0x7f913e985a00>,71,24,[14  3],72,-1,148,-1,124
1,<environment.Job instance at 0x7f913e0c7050>,79,3,[10  1],80,-1,127,-1,124
1,<environment.Job instance at 0x7f913e069370>,83,13,[8 4],84,-1,137,-1,124
1,<environment.Job instance at 0x7f913ea3c7d0>,84,3,[9 3],85,-1,127,-1,124
1,<environment.Job instance at 0x7f913f82bb90>,85,16,[7 3],86,-1,140,-1,124
1,<environment.Job instance at 0x7f913e386640>,86,1,[5 2],87,-1,125,-1,124
1,<environment.Job instance at 0x7f913ebea730>,87,13,[10  4],88,-1,137,-1,124
1,<environment.Job instance at 0x7f913f6149b0>,88,13,[8 5],89,-1,137,-1,124
1,<environment.Job instance at 0x7f913f7bf280>,89,13,[8 2],90,-1,137,-1,124
1,<environment.Job instance at 0x7f916468e140>,90,13,[12  1],91,-1,137,-1,124
1,<environment.Job instance at 0x7f913e305fa0>,91,16,[ 5 11],92,-1,140,-1,124
1,<environment.Job instance at 0x7f913e5b6dc0>,92,16,[5 4],93,-1,140,-1,124
1,<environment.Job instance at 0x7f913e16a280>,93,3,[ 4 10],94,-1,127,-1,124
1,<environment.Job instance at 0x7f913f8141e0>,94,3,[10  2],95,-1,127,-1,124
1,<environment.Job instance at 0x7f913f2a2d70>,95,27,[4 5],96,-1,151,-1,124
1,<environment.Job instance at 0x7f913e573dc0>,96,1,[12  2],97,-1,125,-1,124
1,<environment.Job instance at 0x7f913e3b36e0>,97,18,[1 6],98,-1,143,-1,125
1,<environment.Job instance at 0x7f913e985320>,78,18,[5 9],79,-1,143,-1,125
1,<environment.Job instance at 0x7f913ef07d20>,82,3,[10  4],83,-1,128,-1,125
1,<environment.Job instance at 0x7f913e005fa0>,102,14,[7 3],103,-1,143,-1,129
1,<environment.Job instance at 0x7f913e573be0>,99,14,[5 1],100,-1,143,-1,129
1,<environment.Job instance at 0x7f913e9020a0>,106,25,[7 3],107,-1,154,-1,129
1,<environment.Job instance at 0x7f913e902f50>,107,3,[8 1],108,-1,132,-1,129
1,<environment.Job instance at 0x7f913f47c820>,109,18,[6 2],110,-1,150,-1,132
1,<environment.Job instance at 0x7f913f47cf50>,110,26,[6 4],111,-1,158,-1,132
1,<environment.Job instance at 0x7f913f47ce10>,112,13,[ 3 10],113,-1,145,-1,132
1,<environment.Job instance at 0x7f913f47cd70>,113,14,[ 4 10],114,-1,146,-1,132
1,<environment.Job instance at 0x7f913df97d70>,101,2,[ 5 10],102,-1,134,-1,132
1,<environment.Job instance at 0x7f913f84af50>,116,16,[9 2],117,-1,149,-1,133
1,<environment.Job instance at 0x7f913f84aaf0>,117,21,[9 4],118,-1,155,-1,134
1,<environment.Job instance at 0x7f913f47c410>,115,14,[5 7],116,-1,149,-1,135
1,<environment.Job instance at 0x7f913f84a5f0>,121,2,[6 1],122,-1,137,-1,135
1,<environment.Job instance at 0x7f913f84af00>,122,12,[1 9],123,-1,147,-1,135
1,<environment.Job instance at 0x7f913f88aa50>,123,1,[7 3],124,-1,136,-1,135
1,<environment.Job instance at 0x7f913f47ccd0>,114,1,[5 5],115,-1,136,-1,135
1,<environment.Job instance at 0x7f913e0a4410>,49,15,[3 9],50,-1,150,-1,135
1,<environment.Job instance at 0x7f913e359820>,7,24,[5 9],8,-1,42,-1,18
1,<environment.Job instance at 0x7f913e4d3870>,11,28,[3 6],12,-1,47,-1,19
1,<environment.Job instance at 0x7f913f807dc0>,19,26,[2 6],20,-1,79,-1,53
1,<environment.Job instance at 0x7f913e4bff00>,27,1,[ 1 13],28,-1,77,-1,76
1,<environment.Job instance at 0x7f913e4a65a0>,28,26,[8 2],29,-1,111,-1,85
1,<environment.Job instance at 0x7f913e49c5a0>,35,25,[ 3 14],36,-1,125,-1,100
1,<environment.Job instance at 0x7f913f115870>,41,3,[ 4 13],42,-1,126,-1,123
1,<environment.Job instance at 0x7f913e4d5f00>,44,27,[13  3],45,-1,153,-1,126
1,<environment.Job instance at 0x7f913e6a4b40>,2,18,[3 7],3,-1,21,-1,3
1,<environment.Job instance at 0x7f913e6a4690>,5,13,[9 1],6,-1,21,-1,8
1,<environment.Job instance at 0x7f913e6a41e0>,8,14,[ 1 10],9,-1,23,-1,9
1,<environment.Job instance at 0x7f913e6a4730>,10,25,[5 3],11,-1,36,-1,11
1,<environment.Job instance at 0x7f913e6a4cd0>,11,16,[11  2],12,-1,28,-1,12
1,<environment.Job instance at 0x7f913e6a4280>,7,15,[3 6],8,-1,28,-1,13
1,<environment.Job instance at 0x7f913e6a4500>,16,13,[8 1],17,-1,32,-1,19
1,<environment.Job instance at 0x7f913f3a4550>,19,28,[3 9],20,-1,51,-1,23
1,<environment.Job instance at 0x7f913e6a4e10>,18,16,[10  3],19,-1,40,-1,24
1,<environment.Job instance at 0x7f913f3a4cd0>,27,16,[5 4],28,-1,44,-1,28
1,<environment.Job instance at 0x7f913f3a4140>,28,17,[6 5],29,-1,46,-1,29
1,<environment.Job instance at 0x7f913f3a4280>,29,18,[5 1],30,-1,48,-1,30
1,<environment.Job instance at 0x7f913f3a4870>,30,16,[1 7],31,-1,47,-1,31
1,<environment.Job instance at 0x7f913f3a45f0>,25,14,[7 2],26,-1,46,-1,32
1,<environment.Job instance at 0x7f913f3a40a0>,31,12,[2 6],32,-1,44,-1,32
1,<environment.Job instance at 0x7f913f3a4a50>,32,17,[6 4],33,-1,50,-1,33
1,<environment.Job instance at 0x7f913ecf39b0>,37,16,[11  1],38,-1,54,-1,38
1,<environment.Job instance at 0x7f913f3a4c80>,34,3,[8 2],35,-1,43,-1,40
1,<environment.Job instance at 0x7f913ecf3cd0>,40,15,[1 8],41,-1,56,-1,41
1,<environment.Job instance at 0x7f913ecf3050>,41,16,[5 5],42,-1,58,-1,42
1,<environment.Job instance at 0x7f913ecf3410>,42,18,[2 5],43,-1,61,-1,43
1,<environment.Job instance at 0x7f913ecf3500>,44,14,[ 3 10],45,-1,59,-1,45
1,<environment.Job instance at 0x7f913ecf3640>,47,16,[ 5 13],48,-1,64,-1,48
1,<environment.Job instance at 0x7f913ebe96e0>,55,16,[10  3],56,-1,72,-1,56
1,<environment.Job instance at 0x7f913ebe92d0>,59,17,[9 4],60,-1,77,-1,60
1,<environment.Job instance at 0x7f913ebe9d20>,60,13,[10  1],61,-1,76,-1,63
1,<environment.Job instance at 0x7f913ee825f0>,63,18,[4 5],64,-1,82,-1,64
1,<environment.Job instance at 0x7f913ee82370>,65,15,[1 5],66,-1,81,-1,66
1,<environment.Job instance at 0x7f913ee82190>,66,16,[5 6],67,-1,83,-1,67
1,<environment.Job instance at 0x7f913ee82af0>,71,16,[4 6],72,-1,93,-1,77
1,<environment.Job instance at 0x7f913ee828c0>,77,15,[10  4],78,-1,93,-1,78
1,<environment.Job instance at 0x7f913ebebe10>,78,16,[ 5 10],79,-1,95,-1,79
1,<environment.Job instance at 0x7f913ebebb90>,82,14,[3 7],83,-1,98,-1,84
1,<environment.Job instance at 0x7f913ee82cd0>,69,13,[ 4 14],70,-1,103,-1,90
1,<environment.Job instance at 0x7f913ebebe60>,87,15,[2 6],88,-1,105,-1,90
1,<environment.Job instance at 0x7f913ebe9140>,53,20,[ 5 12],54,-1,114,-1,94
1,<environment.Job instance at 0x7f913ebeb410>,88,18,[ 5 10],89,-1,113,-1,95
1,<environment.Job instance at 0x7f913ebeb820>,89,18,[10  2],90,-1,113,-1,95
1,<environment.Job instance at 0x7f913ebeb7d0>,93,14,[14  4],94,-1,109,-1,95
1,<environment.Job instance at 0x7f913f3a44b0>,22,23,[3 7],23,-1,119,-1,96
1,<environment.Job instance at 0x7f913f7df050>,97,15,[ 5 12],98,-1,113,-1,98
1,<environment.Job instance at 0x7f913f7df5a0>,98,16,[9 1],99,-1,115,-1,99
1,<environment.Job instance at 0x7f913e149fa0>,101,27,[8 5],102,-1,133,-1,106
1,<environment.Job instance at 0x7f913f291f00>,104,16,[11  4],105,-1,124,-1,108
1,<environment.Job instance at 0x7f913ebebd20>,86,27,[2 9],87,-1,137,-1,110
1,<environment.Job instance at 0x7f913ebeb9b0>,92,22,[8 1],93,-1,132,-1,110
1,<environment.Job instance at 0x7f913e8dda50>,108,16,[13  2],109,-1,129,-1,113
1,<environment.Job instance at 0x7f913ebeb230>,90,13,[2 8],91,-1,126,-1,113
1,<environment.Job instance at 0x7f913e8ddaa0>,109,14,[2 8],110,-1,127,-1,113
1,<environment.Job instance at 0x7f913e8dd190>,112,18,[10  5],113,-1,131,-1,113
1,<environment.Job instance at 0x7f913e8dd0a0>,111,14,[ 2 12],112,-1,127,-1,113
1,<environment.Job instance at 0x7f913eae7aa0>,113,26,[7 1],114,-1,140,-1,114
1,<environment.Job instance at 0x7f913eae7fa0>,114,17,[10  5],115,-1,132,-1,115
1,<environment.Job instance at 0x7f913eae7b40>,115,18,[5 6],116,-1,134,-1,116
1,<environment.Job instance at 0x7f913e8ddb40>,118,12,[ 1 10],119,-1,133,-1,121
1,<environment.Job instance at 0x7f913ea81690>,117,15,[ 4 10],118,-1,138,-1,123
1,<environment.Job instance at 0x7f913ead7aa0>,122,18,[9 1],123,-1,142,-1,124
1,<environment.Job instance at 0x7f913f0be5f0>,124,15,[2 7],125,-1,145,-1,130
1,<environment.Job instance at 0x7f913eaf5230>,130,12,[4 6],131,-1,144,-1,132
1,<environment.Job instance at 0x7f913f7e1190>,129,12,[5 8],130,-1,144,-1,132
1,<environment.Job instance at 0x7f913eaf54b0>,132,18,[1 9],133,-1,151,-1,133
1,<environment.Job instance at 0x7f913e62e370>,4,1,[13  5],5,-1,6,-1,5
1,<environment.Job instance at 0x7f913e4bf370>,10,25,[5 3],11,-1,42,-1,17
1,<environment.Job instance at 0x7f913e4bf910>,11,16,[11  2],12,-1,33,-1,17
1,<environment.Job instance at 0x7f913e4d3550>,19,28,[3 9],20,-1,73,-1,45
1,<environment.Job instance at 0x7f913e4d3a50>,22,23,[3 7],23,-1,71,-1,48
1,<environment.Job instance at 0x7f913e4b34b0>,26,3,[ 5 14],27,-1,54,-1,51
1,<environment.Job instance at 0x7f913e4b3370>,37,16,[11  1],38,-1,100,-1,84
1,<environment.Job instance at 0x7f9148356280>,47,16,[ 5 13],48,-1,146,-1,130
1,<environment.Job instance at 0x7f913f2f5aa0>,49,2,[13  4],50,-1,133,-1,131
1,<environment.Job instance at 0x7f913e30c550>,53,20,[ 5 12],54,-1,153,-1,133
1,<environment.Job instance at 0x7f913e4045f0>,54,2,[ 5 11],55,-1,135,-1,133
1,<environment.Job instance at 0x7f913e484a50>,4,17,[8 5],5,-1,23,-1,6
1,<environment.Job instance at 0x7f913e4849b0>,8,13,[10  4],9,-1,22,-1,9
1,<environment.Job instance at 0x7f913ed3b8c0>,14,18,[ 4 10],15,-1,33,-1,15
1,<environment.Job instance at 0x7f913ed3bdc0>,16,15,[ 3 10],17,-1,32,-1,17
1,<environment.Job instance at 0x7f913ed3b3c0>,19,12,[7 5],20,-1,32,-1,20
1,<environment.Job instance at 0x7f913e8e6c30>,5,17,[1 7],6,-1,41,-1,24
1,<environment.Job instance at 0x7f913e41f690>,24,15,[6 2],25,-1,40,-1,25
1,<environment.Job instance at 0x7f913e41f0f0>,26,16,[5 9],27,-1,43,-1,27
1,<environment.Job instance at 0x7f913e41fb90>,28,24,[5 6],29,-1,53,-1,29
1,<environment.Job instance at 0x7f913e41f500>,31,17,[5 8],32,-1,49,-1,32
1,<environment.Job instance at 0x7f913e41faf0>,33,14,[3 6],34,-1,49,-1,35
1,<environment.Job instance at 0x7f913e41f280>,34,16,[8 2],35,-1,52,-1,36
1,<environment.Job instance at 0x7f913e41fe60>,36,14,[4 7],37,-1,52,-1,38
1,<environment.Job instance at 0x7f913f1a65a0>,38,12,[10  3],39,-1,52,-1,40
1,<environment.Job instance at 0x7f913f1a65f0>,39,13,[10  4],40,-1,53,-1,40
1,<environment.Job instance at 0x7f913f1a6fa0>,40,20,[ 4 10],41,-1,63,-1,43
1,<environment.Job instance at 0x7f913f1a6a50>,43,14,[ 4 10],44,-1,58,-1,44
1,<environment.Job instance at 0x7f9147e0afa0>,46,24,[4 5],47,-1,71,-1,47
1,<environment.Job instance at 0x7f9147e0a870>,47,24,[4 8],48,-1,72,-1,48
1,<environment.Job instance at 0x7f913e68c640>,56,16,[4 9],57,-1,73,-1,57
1,<environment.Job instance at 0x7f913e68ce10>,57,18,[6 1],58,-1,76,-1,58
1,<environment.Job instance at 0x7f913e68c500>,58,14,[5 4],59,-1,73,-1,59
1,<environment.Job instance at 0x7f913e68c870>,59,15,[6 4],60,-1,75,-1,60
1,<environment.Job instance at 0x7f913e68c0f0>,62,23,[6 2],63,-1,86,-1,63
1,<environment.Job instance at 0x7f913e68c2d0>,66,17,[1 6],67,-1,84,-1,67
1,<environment.Job instance at 0x7f913e68ca00>,67,13,[9 4],68,-1,82,-1,69
1,<environment.Job instance at 0x7f913eda6370>,72,18,[6 5],73,-1,93,-1,75
1,<environment.Job instance at 0x7f913eda6a00>,76,16,[4 8],77,-1,99,-1,83
1,<environment.Job instance at 0x7f913e9e1820>,85,14,[3 8],86,-1,114,-1,100
1,<environment.Job instance at 0x7f913ededaa0>,88,18,[10  1],89,-1,118,-1,100
1,<environment.Job instance at 0x7f913eded550>,90,15,[4 7],91,-1,115,-1,100
1,<environment.Job instance at 0x7f913eded410>,92,17,[ 1 10],93,-1,117,-1,100
1,<environment.Job instance at 0x7f913eded0a0>,93,15,[8 4],94,-1,115,-1,100
1,<environment.Job instance at 0x7f913eded2d0>,86,17,[4 6],87,-1,117,-1,100
1,<environment.Job instance at 0x7f913ededaf0>,95,24,[5 2],96,-1,124,-1,100
1,<environment.Job instance at 0x7f913ededd70>,94,13,[1 9],95,-1,113,-1,100
1,<environment.Job instance at 0x7f913f22f9b0>,1,16,[ 5 12],2,-1,18,-1,2
1,<environment.Job instance at 0x7f913e757280>,3,17,[13  5],4,-1,21,-1,4
1,<environment.Job instance at 0x7f913e7670f0>,15,2,[ 3 11],16,-1,23,-1,21
1,<environment.Job instance at 0x7f913e268c30>,22,3,[ 4 11],23,-1,43,-1,40
1,<environment.Job instance at 0x7f913e49c280>,28,24,[5 6],29,-1,94,-1,70
1,<environment.Job instance at 0x7f913f5fe0a0>,30,3,[ 3 12],31,-1,73,-1,70
1,<environment.Job instance at 0x7f913ec86960>,32,14,[14  5],33,-1,86,-1,72
1,<environment.Job instance at 0x7f913e91e8c0>,5,15,[10  1],6,-1,23,-1,8
1,<environment.Job instance at 0x7f913f203640>,10,20,[8 5],11,-1,31,-1,11
1,<environment.Job instance at 0x7f913f203d70>,14,16,[5 8],15,-1,31,-1,15
1,<environment.Job instance at 0x7f913f2030a0>,15,25,[4 5],16,-1,41,-1,16
1,<environment.Job instance at 0x7f913f203730>,20,18,[3 5],21,-1,39,-1,21
1,<environment.Job instance at 0x7f913f203d20>,21,15,[3 7],22,-1,37,-1,22
1,<environment.Job instance at 0x7f913e21a410>,31,13,[3 5],32,-1,45,-1,32
1,<environment.Job instance at 0x7f913e21a460>,32,18,[4 8],33,-1,51,-1,33
1,<environment.Job instance at 0x7f913e21a9b0>,33,15,[ 2 10],34,-1,49,-1,34
1,<environment.Job instance at 0x7f913e21ae60>,36,13,[6 4],37,-1,50,-1,37
1,<environment.Job instance at 0x7f913e21aa50>,37,26,[ 3 10],38,-1,64,-1,38
1,<environment.Job instance at 0x7f913e21a140>,38,12,[10  4],39,-1,51,-1,39
1,<environment.Job instance at 0x7f913f1b57d0>,42,1,[2 6],43,-1,44,-1,43
1,<environment.Job instance at 0x7f913f1b5410>,43,3,[6 1],44,-1,47,-1,44
1,<environment.Job instance at 0x7f913e91e460>,7,12,[6 5],8,-1,58,-1,46
1,<environment.Job instance at 0x7f913f1b5730>,51,17,[7 4],52,-1,69,-1,52
1,<environment.Job instance at 0x7f913f1b5870>,53,14,[ 5 10],54,-1,68,-1,54
1,<environment.Job instance at 0x7f913f1b5cd0>,55,13,[7 4],56,-1,70,-1,57
1,<environment.Job instance at 0x7f913e47d0a0>,56,16,[3 8],57,-1,75,-1,59
1,<environment.Job instance at 0x7f913f3d7f00>,60,15,[5 5],61,-1,76,-1,61
1,<environment.Job instance at 0x7f913eb6ddc0>,62,17,[5 7],63,-1,80,-1,63
1,<environment.Job instance at 0x7f913eb6d500>,68,12,[7 5],69,-1,84,-1,72
1,<environment.Job instance at 0x7f913e251190>,76,17,[4 8],77,-1,94,-1,77
1,<environment.Job instance at 0x7f913f3e43c0>,77,14,[5 6],78,-1,92,-1,78
1,<environment.Job instance at 0x7f913f3e4690>,78,16,[8 4],79,-1,95,-1,79
1,<environment.Job instance at 0x7f913e636aa0>,79,17,[5 6],80,-1,97,-1,80
1,<environment.Job instance at 0x7f913e95d1e0>,80,15,[3 7],81,-1,96,-1,81
1,<environment.Job instance at 0x7f913e49ceb0>,87,13,[7 1],88,-1,101,-1,88
1,<environment.Job instance at 0x7f913ef9b230>,70,18,[9 3],71,-1,106,-1,88
1,<environment.Job instance at 0x7f913e30c730>,88,3,[4 7],89,-1,92,-1,89
1,<environment.Job instance at 0x7f913e30c820>,89,3,[4 8],90,-1,93,-1,90
1,<environment.Job instance at 0x7f913e30cd20>,90,12,[3 8],91,-1,103,-1,91
1,<environment.Job instance at 0x7f913e30cc80>,91,18,[7 1],92,-1,110,-1,92
1,<environment.Job instance at 0x7f913e30c500>,92,15,[6 2],93,-1,108,-1,93
1,<environment.Job instance at 0x7f913e30c320>,93,15,[ 2 12],94,-1,109,-1,94
1,<environment.Job instance at 0x7f913e30cdc0>,94,2,[10  2],95,-1,97,-1,95
1,<environment.Job instance at 0x7f91480338c0>,95,16,[3 5],96,-1,112,-1,96
1,<environment.Job instance at 0x7f913ea73b90>,96,14,[6 2],97,-1,111,-1,97
1,<environment.Job instance at 0x7f913eb6eeb0>,71,17,[9 4],72,-1,114,-1,97
1,<environment.Job instance at 0x7f913e233780>,108,15,[10  2],109,-1,124,-1,109
1,<environment.Job instance at 0x7f913f431e60>,111,23,[5 9],112,-1,142,-1,119
1,<environment.Job instance at 0x7f913ea73050>,101,26,[7 2],102,-1,145,-1,119
1,<environment.Job instance at 0x7f913f4311e0>,112,14,[5 2],113,-1,133,-1,119
1,<environment.Job instance at 0x7f913ebdda50>,82,17,[ 5 14],83,-1,136,-1,119
1,<environment.Job instance at 0x7f913ea73500>,99,14,[7 3],100,-1,133,-1,119
1,<environment.Job instance at 0x7f913f431820>,117,22,[2 9],118,-1,141,-1,119
1,<environment.Job instance at 0x7f913df3ca00>,120,13,[5 8],121,-1,134,-1,121
1,<environment.Job instance at 0x7f913ea73be0>,104,18,[4 8],105,-1,142,-1,124
1,<environment.Job instance at 0x7f913df3caf0>,121,16,[5 2],122,-1,140,-1,124
1,<environment.Job instance at 0x7f913f7a9a50>,124,12,[7 5],125,-1,137,-1,125
1,<environment.Job instance at 0x7f913f5370a0>,125,14,[7 5],126,-1,140,-1,126
1,<environment.Job instance at 0x7f913f537910>,126,20,[8 2],127,-1,147,-1,127
1,<environment.Job instance at 0x7f913f537190>,127,16,[8 4],128,-1,144,-1,128
1,<environment.Job instance at 0x7f913f537370>,128,26,[2 5],129,-1,155,-1,129
1,<environment.Job instance at 0x7f913f537140>,130,15,[10  5],131,-1,146,-1,131
1,<environment.Job instance at 0x7f913f1a0780>,3,17,[13  3],4,-1,21,-1,4
1,<environment.Job instance at 0x7f913f1a0f00>,4,3,[13  1],5,-1,8,-1,5
1,<environment.Job instance at 0x7f913e6a5d20>,15,25,[4 5],16,-1,48,-1,23
1,<environment.Job instance at 0x7f913ee21280>,18,1,[ 4 14],19,-1,24,-1,23
1,<environment.Job instance at 0x7f913ee10730>,30,2,[13  2],31,-1,54,-1,52
1,<environment.Job instance at 0x7f913edee500>,34,1,[12  5],35,-1,67,-1,66
1,<environment.Job instance at 0x7f913ee02190>,37,26,[ 3 10],38,-1,98,-1,72
1,<environment.Job instance at 0x7f913ee020a0>,41,3,[12  2],42,-1,90,-1,87
1,<environment.Job instance at 0x7f913ea5b550>,54,3,[14  3],55,-1,113,-1,110
1,<environment.Job instance at 0x7f913f3e8f00>,1,16,[8 4],2,-1,19,-1,3
1,<environment.Job instance at 0x7f913f3d7a00>,5,15,[9 1],6,-1,23,-1,8
1,<environment.Job instance at 0x7f913f3d7cd0>,7,16,[8 4],8,-1,24,-1,8
1,<environment.Job instance at 0x7f913f3d77d0>,13,13,[10  3],14,-1,28,-1,15
1,<environment.Job instance at 0x7f913efa5780>,17,14,[4 7],18,-1,32,-1,18
1,<environment.Job instance at 0x7f913efa5fa0>,20,12,[9 4],21,-1,33,-1,21
1,<environment.Job instance at 0x7f913efa5820>,21,23,[1 8],22,-1,45,-1,22
1,<environment.Job instance at 0x7f913efa5690>,22,14,[3 7],23,-1,37,-1,23
1,<environment.Job instance at 0x7f913efa51e0>,23,16,[ 5 10],24,-1,40,-1,24
1,<environment.Job instance at 0x7f913efa5e60>,24,17,[3 5],25,-1,42,-1,25
1,<environment.Job instance at 0x7f913efa50a0>,25,15,[ 1 10],26,-1,41,-1,26
1,<environment.Job instance at 0x7f913efa5190>,26,13,[ 5 11],27,-1,40,-1,27
1,<environment.Job instance at 0x7f913f3d7230>,14,14,[5 3],15,-1,45,-1,31
1,<environment.Job instance at 0x7f913f3c63c0>,33,13,[6 5],34,-1,47,-1,34
1,<environment.Job instance at 0x7f913f3c6870>,36,25,[8 1],37,-1,62,-1,37
1,<environment.Job instance at 0x7f913f3c6640>,37,18,[ 1 10],38,-1,56,-1,38
1,<environment.Job instance at 0x7f913f3dba00>,43,16,[9 5],44,-1,60,-1,44
1,<environment.Job instance at 0x7f913f3dbcd0>,44,28,[7 4],45,-1,73,-1,45
1,<environment.Job instance at 0x7f913f3db280>,45,20,[7 2],46,-1,66,-1,46
1,<environment.Job instance at 0x7f913f3dbd20>,46,14,[10  3],47,-1,62,-1,48
1,<environment.Job instance at 0x7f913f3db190>,48,2,[7 1],49,-1,51,-1,49
1,<environment.Job instance at 0x7f913f3db1e0>,49,17,[5 2],50,-1,67,-1,50
1,<environment.Job instance at 0x7f913f3dbb40>,50,14,[6 1],51,-1,65,-1,51
1,<environment.Job instance at 0x7f913f3dbaa0>,51,17,[9 3],52,-1,69,-1,52
1,<environment.Job instance at 0x7f913f3dbb90>,52,3,[8 4],53,-1,56,-1,53
1,<environment.Job instance at 0x7f913f3db050>,53,15,[2 7],54,-1,69,-1,54
1,<environment.Job instance at 0x7f913f3dbbe0>,47,17,[5 6],48,-1,71,-1,54
1,<environment.Job instance at 0x7f913f3db140>,54,19,[1 8],55,-1,74,-1,55
1,<environment.Job instance at 0x7f913f3fa5a0>,56,17,[8 4],57,-1,76,-1,59
1,<environment.Job instance at 0x7f913f3fa460>,62,12,[7 3],63,-1,75,-1,63
1,<environment.Job instance at 0x7f913f3fa190>,63,20,[4 5],64,-1,84,-1,64
1,<environment.Job instance at 0x7f913f3faeb0>,65,20,[5 5],66,-1,86,-1,66
1,<environment.Job instance at 0x7f913f3ed190>,66,18,[7 3],67,-1,85,-1,67
1,<environment.Job instance at 0x7f913f3ed230>,68,18,[1 5],69,-1,87,-1,69
1,<environment.Job instance at 0x7f913f3edc30>,70,16,[ 2 10],71,-1,87,-1,71
1,<environment.Job instance at 0x7f913f3edb40>,71,18,[3 9],72,-1,90,-1,72
1,<environment.Job instance at 0x7f913f3edd20>,72,15,[5 5],73,-1,88,-1,73
1,<environment.Job instance at 0x7f913f3cce10>,79,15,[4 6],80,-1,95,-1,80
1,<environment.Job instance at 0x7f913f3cc9b0>,81,25,[1 6],82,-1,107,-1,82
1,<environment.Job instance at 0x7f913f3cc230>,84,17,[5 5],85,-1,102,-1,85
1,<environment.Job instance at 0x7f913f3cca50>,85,24,[4 7],86,-1,110,-1,86
1,<environment.Job instance at 0x7f913e638d20>,99,27,[ 3 10],100,-1,133,-1,106
1,<environment.Job instance at 0x7f913e638a50>,102,26,[9 1],103,-1,133,-1,107
1,<environment.Job instance at 0x7f913e638b40>,96,14,[9 2],97,-1,121,-1,107
1,<environment.Job instance at 0x7f913e6387d0>,104,21,[10  5],105,-1,128,-1,107
1,<environment.Job instance at 0x7f913f4c3c30>,107,20,[10  2],108,-1,140,-1,120
1,<environment.Job instance at 0x7f913f3cc460>,83,26,[10  4],84,-1,146,-1,120
1,<environment.Job instance at 0x7f913ead96e0>,105,17,[9 3],106,-1,137,-1,120
1,<environment.Job instance at 0x7f913e626fa0>,90,12,[10  4],91,-1,135,-1,123
1,<environment.Job instance at 0x7f913e638640>,97,28,[7 2],98,-1,151,-1,123
1,<environment.Job instance at 0x7f913f2ebb90>,116,14,[8 3],117,-1,137,-1,123
1,<environment.Job instance at 0x7f913f2e5a00>,117,27,[9 4],118,-1,150,-1,123
1,<environment.Job instance at 0x7f913ee13eb0>,108,14,[1 9],109,-1,137,-1,123
1,<environment.Job instance at 0x7f913ed2a500>,119,15,[5 5],120,-1,138,-1,123
1,<environment.Job instance at 0x7f9147e80af0>,120,15,[2 8],121,-1,138,-1,123
1,<environment.Job instance at 0x7f913e626be0>,91,15,[10  4],92,-1,139,-1,124
1,<environment.Job instance at 0x7f913ed2abe0>,122,18,[2 5],123,-1,142,-1,124
1,<environment.Job instance at 0x7f913e2165a0>,124,15,[10  1],125,-1,140,-1,125
1,<environment.Job instance at 0x7f913e2a2b90>,125,15,[8 4],126,-1,141,-1,126
1,<environment.Job instance at 0x7f913e82c7d0>,128,17,[13  5],129,-1,146,-1,129
1,<environment.Job instance at 0x7f913e22cb90>,130,16,[1 6],131,-1,149,-1,133
1,<environment.Job instance at 0x7f914819dfa0>,16,1,[ 3 11],17,-1,22,-1,21
1,<environment.Job instance at 0x7f913ea85370>,21,23,[1 8],22,-1,61,-1,38
1,<environment.Job instance at 0x7f913e07d5a0>,26,13,[ 5 11],27,-1,64,-1,51
1,<environment.Job instance at 0x7f913e6f41e0>,36,25,[8 1],37,-1,112,-1,87
1,<environment.Job instance at 0x7f913eb09c30>,44,28,[7 4],45,-1,140,-1,112
1,<environment.Job instance at 0x7f913f79cbe0>,7,17,[ 5 10],8,-1,26,-1,9
1,<environment.Job instance at 0x7f913f79c230>,9,23,[5 7],10,-1,33,-1,10
1,<environment.Job instance at 0x7f913f79c870>,10,15,[3 7],11,-1,26,-1,11
1,<environment.Job instance at 0x7f913f7b51e0>,13,25,[ 1 10],14,-1,39,-1,14
1,<environment.Job instance at 0x7f913f7b50a0>,17,19,[ 2 10],18,-1,38,-1,19
1,<environment.Job instance at 0x7f913f7b5be0>,21,18,[9 3],22,-1,40,-1,22
1,<environment.Job instance at 0x7f913f345f00>,26,14,[9 3],27,-1,41,-1,27
1,<environment.Job instance at 0x7f913f714a50>,33,13,[10  4],34,-1,47,-1,34
1,<environment.Job instance at 0x7f913e6e8aa0>,8,21,[2 5],9,-1,59,-1,38
1,<environment.Job instance at 0x7f913f714550>,37,15,[8 5],38,-1,55,-1,40
1,<environment.Job instance at 0x7f913f4c90f0>,47,21,[10  4],48,-1,85,-1,64
1,<environment.Job instance at 0x7f913f4c9280>,49,12,[1 8],50,-1,76,-1,64
1,<environment.Job instance at 0x7f913f4c9cd0>,50,13,[6 3],51,-1,77,-1,64
1,<environment.Job instance at 0x7f913f4c9fa0>,51,21,[1 7],52,-1,86,-1,65
1,<environment.Job instance at 0x7f913f4c93c0>,53,14,[6 4],54,-1,79,-1,65
1,<environment.Job instance at 0x7f913f4c94b0>,55,12,[10  3],56,-1,80,-1,68
1,<environment.Job instance at 0x7f913f4c9e60>,56,16,[1 7],57,-1,84,-1,68
1,<environment.Job instance at 0x7f913f4c91e0>,59,14,[2 5],60,-1,82,-1,68
1,<environment.Job instance at 0x7f913f4c9370>,60,12,[4 5],61,-1,80,-1,68
1,<environment.Job instance at 0x7f913f4c90a0>,61,16,[1 5],62,-1,84,-1,68
1,<environment.Job instance at 0x7f91483545a0>,62,18,[1 5],63,-1,86,-1,68
1,<environment.Job instance at 0x7f9148354cd0>,63,15,[2 8],64,-1,83,-1,68
1,<environment.Job instance at 0x7f9148354280>,67,13,[ 5 10],68,-1,84,-1,71
1,<environment.Job instance at 0x7f91483548c0>,68,16,[6 5],69,-1,87,-1,71
1,<environment.Job instance at 0x7f9148354550>,70,25,[6 2],71,-1,96,-1,71
1,<environment.Job instance at 0x7f913f0fcf00>,80,16,[5 9],81,-1,120,-1,104
1,<environment.Job instance at 0x7f913f0fccd0>,82,14,[10  5],83,-1,118,-1,104
1,<environment.Job instance at 0x7f913f0fc7d0>,84,17,[4 9],85,-1,121,-1,104
1,<environment.Job instance at 0x7f913e11fa00>,2,13,[13  5],3,-1,16,-1,3
1,<environment.Job instance at 0x7f913e9e6550>,5,2,[ 2 12],6,-1,8,-1,6
1,<environment.Job instance at 0x7f913e813780>,9,23,[5 7],10,-1,38,-1,15
1,<environment.Job instance at 0x7f913e5d9fa0>,13,25,[ 1 10],14,-1,44,-1,19
1,<environment.Job instance at 0x7f913df56fa0>,16,12,[14  2],17,-1,31,-1,19
1,<environment.Job instance at 0x7f913e160780>,18,1,[ 5 14],19,-1,20,-1,19
1,<environment.Job instance at 0x7f913e3d0f50>,30,12,[ 1 13],31,-1,76,-1,64
1,<environment.Job instance at 0x7f913eaf67d0>,35,2,[11  4],36,-1,84,-1,82
1,<environment.Job instance at 0x7f913e9f35f0>,44,14,[ 1 12],45,-1,117,-1,103
1,<environment.Job instance at 0x7f913f283d20>,46,23,[ 5 12],47,-1,136,-1,113
1,<environment.Job instance at 0x7f913f42fb90>,52,1,[ 4 11],53,-1,118,-1,117
1,<environment.Job instance at 0x7f913df908c0>,4,16,[1 6],5,-1,21,-1,5
1,<environment.Job instance at 0x7f913df90aa0>,5,16,[10  1],6,-1,24,-1,8
1,<environment.Job instance at 0x7f913f3cd780>,6,21,[10  4],7,-1,29,-1,8
1,<environment.Job instance at 0x7f913df90a50>,8,14,[5 5],9,-1,23,-1,9
1,<environment.Job instance at 0x7f913f85ea00>,13,15,[8 2],14,-1,31,-1,16
1,<environment.Job instance at 0x7f913f861140>,17,20,[8 3],18,-1,38,-1,18
1,<environment.Job instance at 0x7f913f861aa0>,19,22,[9 1],20,-1,42,-1,20
1,<environment.Job instance at 0x7f913f3e62d0>,21,16,[1 7],22,-1,38,-1,22
1,<environment.Job instance at 0x7f913f3e6460>,22,18,[ 3 13],23,-1,41,-1,23
1,<environment.Job instance at 0x7f913f85e280>,15,23,[7 3],16,-1,46,-1,23
1,<environment.Job instance at 0x7f914842d280>,28,18,[5 9],29,-1,47,-1,29
1,<environment.Job instance at 0x7f913f885320>,29,16,[8 4],30,-1,46,-1,30
1,<environment.Job instance at 0x7f913f885870>,32,16,[4 7],33,-1,49,-1,33
1,<environment.Job instance at 0x7f913f8855a0>,33,16,[5 9],34,-1,50,-1,34
1,<environment.Job instance at 0x7f913f885fa0>,34,16,[3 5],35,-1,51,-1,35
1,<environment.Job instance at 0x7f913f885c30>,35,15,[ 3 10],36,-1,51,-1,36
1,<environment.Job instance at 0x7f913f3df460>,42,26,[9 3],43,-1,69,-1,43
1,<environment.Job instance at 0x7f913f3dff50>,43,12,[8 2],44,-1,57,-1,45
1,<environment.Job instance at 0x7f913f3df5f0>,45,15,[8 3],46,-1,61,-1,46
1,<environment.Job instance at 0x7f913f3dfd70>,47,13,[9 2],48,-1,64,-1,51
1,<environment.Job instance at 0x7f913df90fa0>,7,14,[ 3 12],8,-1,67,-1,53
1,<environment.Job instance at 0x7f913df890f0>,52,12,[9 4],53,-1,65,-1,53
1,<environment.Job instance at 0x7f913f434af0>,53,14,[5 9],54,-1,68,-1,54
1,<environment.Job instance at 0x7f913df89c80>,55,18,[6 4],56,-1,74,-1,56
1,<environment.Job instance at 0x7f913eee5820>,60,15,[4 9],61,-1,80,-1,65
1,<environment.Job instance at 0x7f913f7dbc80>,62,2,[4 8],63,-1,67,-1,65
1,<environment.Job instance at 0x7f913ed1ecd0>,64,17,[9 5],65,-1,89,-1,72
1,<environment.Job instance at 0x7f913f86d370>,50,14,[5 3],51,-1,86,-1,72
1,<environment.Job instance at 0x7f913f41cf00>,68,12,[14  5],69,-1,84,-1,72
1,<environment.Job instance at 0x7f913eca1140>,66,12,[9 2],67,-1,84,-1,72
1,<environment.Job instance at 0x7f913eee5690>,61,12,[4 6],62,-1,87,-1,75
1,<environment.Job instance at 0x7f913f019d70>,75,19,[10  1],76,-1,111,-1,92
1,<environment.Job instance at 0x7f913f02df50>,74,18,[ 2 10],75,-1,110,-1,92
1,<environment.Job instance at 0x7f913f736410>,81,17,[8 4],82,-1,114,-1,97
1,<environment.Job instance at 0x7f913df890a0>,57,22,[6 4],58,-1,119,-1,97
1,<environment.Job instance at 0x7f913e8a42d0>,83,18,[10  4],84,-1,115,-1,97
1,<environment.Job instance at 0x7f913ed3fc30>,71,17,[7 1],72,-1,114,-1,97
1,<environment.Job instance at 0x7f913eacec80>,82,15,[1 9],83,-1,112,-1,97
1,<environment.Job instance at 0x7f913e8a4f50>,87,20,[5 3],88,-1,117,-1,97
1,<environment.Job instance at 0x7f913e8a4af0>,90,16,[10  2],91,-1,114,-1,98
1,<environment.Job instance at 0x7f913e8a43c0>,91,16,[ 2 10],92,-1,115,-1,99
1,<environment.Job instance at 0x7f913e8c2730>,93,16,[1 9],94,-1,115,-1,99
1,<environment.Job instance at 0x7f913e8a4780>,84,14,[ 4 10],85,-1,113,-1,99
1,<environment.Job instance at 0x7f913e8a4be0>,85,12,[1 8],86,-1,116,-1,104
1,<environment.Job instance at 0x7f913f01c5f0>,76,14,[2 9],77,-1,118,-1,104
1,<environment.Job instance at 0x7f913e8c2c30>,96,17,[13  4],97,-1,122,-1,105
1,<environment.Job instance at 0x7f913e8c2d70>,98,13,[7 4],99,-1,118,-1,105
1,<environment.Job instance at 0x7f913ea9fc30>,99,17,[ 1 11],100,-1,128,-1,111
1,<environment.Job instance at 0x7f913e8c20f0>,100,17,[1 7],101,-1,129,-1,112
1,<environment.Job instance at 0x7f913f01b320>,105,16,[2 9],106,-1,149,-1,133
1,<environment.Job instance at 0x7f913f01b780>,104,17,[12  2],105,-1,150,-1,133
1,<environment.Job instance at 0x7f913ea9fa00>,102,15,[6 2],103,-1,148,-1,133
1,<environment.Job instance at 0x7f913e8b0b90>,115,17,[14  3],116,-1,150,-1,133
1,<environment.Job instance at 0x7f913e8b0910>,117,24,[1 8],118,-1,157,-1,133
1,<environment.Job instance at 0x7f913e8b0780>,118,12,[4 6],119,-1,147,-1,135
1,<environment.Job instance at 0x7f913e8a9050>,119,13,[9 4],120,-1,149,-1,136
1,<environment.Job instance at 0x7f913e8a90f0>,122,24,[7 2],123,-1,160,-1,136
1,<environment.Job instance at 0x7f913e8a9370>,121,15,[6 1],122,-1,151,-1,136
1,<environment.Job instance at 0x7f913e8a94b0>,124,27,[5 1],125,-1,163,-1,136
1,<environment.Job instance at 0x7f913e8a91e0>,123,18,[1 7],124,-1,154,-1,136
1,<environment.Job instance at 0x7f913e8b0f50>,114,12,[ 3 12],115,-1,149,-1,137
1,<environment.Job instance at 0x7f913ed2b140>,7,14,[ 3 12],8,-1,22,-1,8
1,<environment.Job instance at 0x7f913e831f00>,15,23,[7 3],16,-1,48,-1,25
1,<environment.Job instance at 0x7f913ef3c820>,22,18,[ 3 13],23,-1,46,-1,28
1,<environment.Job instance at 0x7f913e8445f0>,42,26,[9 3],43,-1,127,-1,101
1,<environment.Job instance at 0x7f913eb2b5f0>,46,3,[12  4],47,-1,107,-1,104
1,<environment.Job instance at 0x7f913eb15c80>,56,15,[ 1 11],57,-1,151,-1,136
1,<environment.Job instance at 0x7f913eb3da50>,2,16,[3 7],3,-1,19,-1,3
1,<environment.Job instance at 0x7f913eb3dd70>,3,15,[9 4],4,-1,22,-1,7
1,<environment.Job instance at 0x7f913eb3da00>,7,18,[2 8],8,-1,26,-1,8
1,<environment.Job instance at 0x7f913eb3d1e0>,6,14,[7 3],7,-1,22,-1,8
1,<environment.Job instance at 0x7f913eb3aa00>,13,12,[10  2],14,-1,28,-1,16
1,<environment.Job instance at 0x7f913eb3af00>,15,27,[1 5],16,-1,43,-1,16
1,<environment.Job instance at 0x7f913eb3a410>,16,18,[ 2 10],17,-1,37,-1,19
1,<environment.Job instance at 0x7f913eb3a3c0>,20,15,[8 4],21,-1,36,-1,21
1,<environment.Job instance at 0x7f913eb3afa0>,21,18,[7 3],22,-1,40,-1,22
1,<environment.Job instance at 0x7f913eb3a140>,22,17,[1 7],23,-1,40,-1,23
1,<environment.Job instance at 0x7f913e297460>,27,15,[ 3 10],28,-1,43,-1,28
1,<environment.Job instance at 0x7f913e2970f0>,28,12,[10  1],29,-1,42,-1,30
1,<environment.Job instance at 0x7f913e2975f0>,30,17,[5 2],31,-1,48,-1,31
1,<environment.Job instance at 0x7f913e2979b0>,31,21,[8 4],32,-1,53,-1,32
1,<environment.Job instance at 0x7f913e297be0>,32,16,[1 7],33,-1,49,-1,33
1,<environment.Job instance at 0x7f913e297cd0>,35,18,[4 5],36,-1,54,-1,36
1,<environment.Job instance at 0x7f913e297690>,36,12,[2 8],37,-1,49,-1,37
1,<environment.Job instance at 0x7f913e297eb0>,37,18,[2 7],38,-1,56,-1,38
1,<environment.Job instance at 0x7f913e2976e0>,40,15,[6 1],41,-1,56,-1,41
1,<environment.Job instance at 0x7f913eb55960>,44,20,[8 2],45,-1,65,-1,45
1,<environment.Job instance at 0x7f913eb55b90>,45,14,[4 9],46,-1,60,-1,46
1,<environment.Job instance at 0x7f913eb551e0>,49,13,[2 6],50,-1,63,-1,50
1,<environment.Job instance at 0x7f913eb55730>,50,21,[10  5],51,-1,72,-1,51
1,<environment.Job instance at 0x7f913e297190>,29,12,[4 6],30,-1,65,-1,53
1,<environment.Job instance at 0x7f913eb16370>,54,12,[9 5],55,-1,67,-1,55
1,<environment.Job instance at 0x7f913eb28780>,62,16,[9 2],63,-1,79,-1,63
1,<environment.Job instance at 0x7f913eb3cb90>,71,15,[9 3],72,-1,87,-1,72
1,<environment.Job instance at 0x7f913eb3c0a0>,72,17,[4 9],73,-1,90,-1,73
1,<environment.Job instance at 0x7f913eb3c140>,74,24,[7 3],75,-1,99,-1,75
1,<environment.Job instance at 0x7f913eb3c190>,76,21,[5 3],77,-1,98,-1,77
1,<environment.Job instance at 0x7f913eb3c4b0>,77,22,[1 9],78,-1,100,-1,78
1,<environment.Job instance at 0x7f913e3cf410>,78,16,[1 7],79,-1,95,-1,79
1,<environment.Job instance at 0x7f913e3cfd70>,80,12,[10  5],81,-1,94,-1,82
1,<environment.Job instance at 0x7f913e3cf5f0>,83,17,[8 3],84,-1,101,-1,84
1,<environment.Job instance at 0x7f913e3cf500>,81,16,[10  1],82,-1,100,-1,84
1,<environment.Job instance at 0x7f913e3cf640>,91,1,[10  1],92,-1,93,-1,92
1,<environment.Job instance at 0x7f913eb2df00>,92,24,[5 7],93,-1,117,-1,93
1,<environment.Job instance at 0x7f913eb20be0>,96,15,[ 1 10],97,-1,112,-1,97
1,<environment.Job instance at 0x7f913eb20640>,99,23,[6 1],100,-1,123,-1,100
1,<environment.Job instance at 0x7f913ead0280>,102,18,[ 3 10],103,-1,121,-1,103
1,<environment.Job instance at 0x7f913ecaf500>,104,18,[ 3 10],105,-1,123,-1,105
1,<environment.Job instance at 0x7f913ecaff00>,106,23,[ 2 10],107,-1,130,-1,107
1,<environment.Job instance at 0x7f9147e7a5f0>,109,15,[4 9],110,-1,125,-1,110
1,<environment.Job instance at 0x7f913e8b0140>,115,13,[9 1],116,-1,131,-1,118
1,<environment.Job instance at 0x7f913ed20690>,117,17,[5 6],118,-1,135,-1,118
1,<environment.Job instance at 0x7f913ed20960>,118,15,[3 5],119,-1,135,-1,120
1,<environment.Job instance at 0x7f913ed20640>,122,15,[8 3],123,-1,138,-1,123
1,<environment.Job instance at 0x7f913ed072d0>,124,12,[2 9],125,-1,137,-1,125
1,<environment.Job instance at 0x7f913ed1e690>,127,3,[1 5],128,-1,131,-1,128
1,<environment.Job instance at 0x7f913e4b3500>,128,14,[2 8],129,-1,143,-1,129
1,<environment.Job instance at 0x7f913eafec80>,130,18,[5 6],131,-1,149,-1,131
1,<environment.Job instance at 0x7f913f75fa50>,132,14,[5 3],133,-1,147,-1,133
1,<environment.Job instance at 0x7f913ed16eb0>,133,13,[10  5],134,-1,148,-1,135
1,<environment.Job instance at 0x7f913ed16500>,135,15,[10  4],136,-1,151,-1,136
1,<environment.Job instance at 0x7f913ed16870>,136,26,[5 7],137,-1,164,-1,138
1,<environment.Job instance at 0x7f913ed161e0>,134,1,[6 3],135,-1,139,-1,138
1,<environment.Job instance at 0x7f913eb1d6e0>,0,3,[13  5],1,-1,4,-1,1
1,<environment.Job instance at 0x7f913f43ae60>,5,3,[14  3],6,-1,9,-1,6
1,<environment.Job instance at 0x7f913eaa6b90>,15,27,[1 5],16,-1,66,-1,39
1,<environment.Job instance at 0x7f913eb3ad70>,19,3,[13  3],20,-1,44,-1,41
1,<environment.Job instance at 0x7f913e0abe60>,8,12,[5 3],9,-1,21,-1,9
1,<environment.Job instance at 0x7f913ebfa050>,9,20,[3 9],10,-1,49,-1,29
1,<environment.Job instance at 0x7f913e0abd70>,10,16,[4 9],11,-1,45,-1,29
1,<environment.Job instance at 0x7f913ebfa730>,21,17,[7 4],22,-1,46,-1,29
1,<environment.Job instance at 0x7f913ebfa9b0>,25,27,[6 2],26,-1,56,-1,29
1,<environment.Job instance at 0x7f913ebfaaf0>,27,15,[10  5],28,-1,44,-1,29
1,<environment.Job instance at 0x7f913ebe5190>,29,18,[5 2],30,-1,48,-1,30
1,<environment.Job instance at 0x7f913ebe54b0>,30,17,[8 2],31,-1,49,-1,32
1,<environment.Job instance at 0x7f913ebfa0f0>,11,23,[8 4],12,-1,56,-1,33
1,<environment.Job instance at 0x7f913ebfa870>,23,16,[1 9],24,-1,49,-1,33
1,<environment.Job instance at 0x7f913ebfa230>,13,14,[5 4],14,-1,48,-1,34
1,<environment.Job instance at 0x7f913ebe5780>,33,15,[5 2],34,-1,49,-1,34
1,<environment.Job instance at 0x7f913ebe5870>,34,3,[8 2],35,-1,39,-1,36
1,<environment.Job instance at 0x7f913ebe5730>,35,14,[9 4],36,-1,54,-1,40
1,<environment.Job instance at 0x7f913ebe5aa0>,39,12,[9 5],40,-1,52,-1,40
1,<environment.Job instance at 0x7f913ebe5a00>,38,18,[5 3],39,-1,59,-1,41
1,<environment.Job instance at 0x7f913ebe5c80>,41,18,[1 7],42,-1,61,-1,43
1,<environment.Job instance at 0x7f913ebe5960>,36,12,[7 2],37,-1,55,-1,43
1,<environment.Job instance at 0x7f913ebe5b40>,40,12,[5 7],41,-1,55,-1,43
1,<environment.Job instance at 0x7f913ebf1a50>,54,18,[7 1],55,-1,76,-1,58
1,<environment.Job instance at 0x7f913e0a54b0>,65,12,[10  4],66,-1,78,-1,66
1,<environment.Job instance at 0x7f913e0a51e0>,64,18,[ 4 10],65,-1,84,-1,66
1,<environment.Job instance at 0x7f913e8cd500>,68,22,[10  4],69,-1,98,-1,76
1,<environment.Job instance at 0x7f913f159e10>,74,18,[3 8],75,-1,96,-1,78
1,<environment.Job instance at 0x7f913e098500>,70,18,[1 7],71,-1,105,-1,87
1,<environment.Job instance at 0x7f913f356910>,77,25,[6 5],78,-1,112,-1,87
1,<environment.Job instance at 0x7f913e8bdaf0>,71,21,[5 8],72,-1,110,-1,89
1,<environment.Job instance at 0x7f913e8cc550>,83,13,[ 4 10],84,-1,107,-1,94
1,<environment.Job instance at 0x7f913f40b5a0>,80,16,[8 3],81,-1,111,-1,95
1,<environment.Job instance at 0x7f913f134f50>,88,25,[5 7],89,-1,125,-1,100
1,<environment.Job instance at 0x7f913e0a55a0>,62,12,[11  2],63,-1,118,-1,106
1,<environment.Job instance at 0x7f913e8cc690>,84,15,[10  3],85,-1,121,-1,106
1,<environment.Job instance at 0x7f913f1344b0>,102,18,[5 8],103,-1,155,-1,137
1,<environment.Job instance at 0x7f913eca0be0>,6,3,[ 4 11],7,-1,10,-1,7
1,<environment.Job instance at 0x7f913e8270f0>,11,23,[8 4],12,-1,40,-1,17
1,<environment.Job instance at 0x7f913ecca320>,14,3,[11  3],15,-1,20,-1,17
1,<environment.Job instance at 0x7f913eccabe0>,16,2,[ 2 12],17,-1,21,-1,19
1,<environment.Job instance at 0x7f913ecf2820>,25,27,[6 2],26,-1,75,-1,48
1,<environment.Job instance at 0x7f913eafeb40>,28,3,[ 3 12],29,-1,54,-1,51
1,<environment.Job instance at 0x7f913f36ee10>,45,1,[ 4 14],46,-1,126,-1,125
1,<environment.Job instance at 0x7f913e7a46e0>,3,16,[10  1],4,-1,21,-1,5
1,<environment.Job instance at 0x7f913e7a48c0>,4,17,[4 8],5,-1,22,-1,5
1,<environment.Job instance at 0x7f913e0a8dc0>,7,14,[9 1],8,-1,25,-1,11
1,<environment.Job instance at 0x7f913e0a8b40>,10,27,[3 8],11,-1,38,-1,11
1,<environment.Job instance at 0x7f913e0a8f00>,14,19,[6 5],15,-1,35,-1,16
1,<environment.Job instance at 0x7f913e0a8af0>,15,18,[4 5],16,-1,34,-1,16
1,<environment.Job instance at 0x7f913ed72690>,20,20,[7 1],21,-1,44,-1,24
1,<environment.Job instance at 0x7f913ed724b0>,26,14,[8 2],27,-1,44,-1,30
1,<environment.Job instance at 0x7f913e7ada50>,31,17,[ 3 10],32,-1,49,-1,32
1,<environment.Job instance at 0x7f913e7adfa0>,32,12,[3 6],33,-1,45,-1,33
1,<environment.Job instance at 0x7f913e7ad4b0>,34,17,[4 5],35,-1,52,-1,35
1,<environment.Job instance at 0x7f913e7ad320>,35,13,[3 7],36,-1,49,-1,36
1,<environment.Job instance at 0x7f913e7adb90>,29,16,[1 8],30,-1,57,-1,41
1,<environment.Job instance at 0x7f913e7adcd0>,42,28,[1 7],43,-1,71,-1,43
1,<environment.Job instance at 0x7f9147e3ffa0>,43,16,[5 5],44,-1,61,-1,45
1,<environment.Job instance at 0x7f913e0aef00>,0,12,[ 3 11],1,-1,13,-1,1
1,<environment.Job instance at 0x7f913e0aea50>,1,28,[1 5],2,-1,30,-1,2
1,<environment.Job instance at 0x7f913e9f4dc0>,10,27,[3 8],11,-1,49,-1,22
1,<environment.Job instance at 0x7f913e3ab690>,11,16,[ 3 14],12,-1,38,-1,22
1,<environment.Job instance at 0x7f913eb3dfa0>,21,1,[12  2],22,-1,40,-1,39
1,<environment.Job instance at 0x7f913eaaa280>,40,23,[ 1 12],41,-1,115,-1,92
1,<environment.Job instance at 0x7f913e8b7870>,42,28,[1 7],43,-1,128,-1,100
1,<environment.Job instance at 0x7f913f36c190>,45,26,[ 4 10],46,-1,140,-1,114
1,<environment.Job instance at 0x7f913eb28140>,49,22,[12  5],50,-1,136,-1,114
1,<environment.Job instance at 0x7f913eb3c640>,54,27,[3 7],55,-1,156,-1,129
1,<environment.Job instance at 0x7f913eb20370>,1,26,[6 3],2,-1,28,-1,2
1,<environment.Job instance at 0x7f913f1ed050>,3,17,[10  5],4,-1,21,-1,4
1,<environment.Job instance at 0x7f91482e84b0>,6,17,[10  5],7,-1,24,-1,7
1,<environment.Job instance at 0x7f913f4783c0>,12,17,[4 9],13,-1,30,-1,13
1,<environment.Job instance at 0x7f913ee665a0>,15,27,[8 5],16,-1,43,-1,16
1,<environment.Job instance at 0x7f913ee66230>,16,22,[9 5],17,-1,39,-1,17
1,<environment.Job instance at 0x7f9147eb4870>,17,17,[5 5],18,-1,35,-1,18
1,<environment.Job instance at 0x7f9147eb4320>,18,24,[7 4],19,-1,43,-1,19
1,<environment.Job instance at 0x7f9147eb4460>,19,18,[1 5],20,-1,38,-1,20
1,<environment.Job instance at 0x7f9147eb4a00>,21,14,[10  4],22,-1,38,-1,24
1,<environment.Job instance at 0x7f913f2cad70>,24,1,[5 4],25,-1,26,-1,25
1,<environment.Job instance at 0x7f913e546280>,25,2,[5 4],26,-1,28,-1,26
1,<environment.Job instance at 0x7f913f2caa50>,23,13,[6 4],24,-1,41,-1,28
1,<environment.Job instance at 0x7f913f8b7c80>,39,13,[3 8],40,-1,54,-1,41
1,<environment.Job instance at 0x7f913f075050>,40,20,[9 2],41,-1,65,-1,45
1,<environment.Job instance at 0x7f913f3fa1e0>,43,18,[2 9],44,-1,63,-1,45
1,<environment.Job instance at 0x7f913dea8190>,31,24,[ 3 14],32,-1,69,-1,45
1,<environment.Job instance at 0x7f913f17f460>,44,15,[9 1],45,-1,61,-1,46
1,<environment.Job instance at 0x7f913f448460>,49,17,[7 1],50,-1,81,-1,64
1,<environment.Job instance at 0x7f913ed72230>,1,26,[6 3],2,-1,28,-1,2
1,<environment.Job instance at 0x7f913eb202d0>,7,1,[ 5 12],8,-1,9,-1,8
1,<environment.Job instance at 0x7f913eb16dc0>,9,3,[12  2],10,-1,17,-1,14
1,<environment.Job instance at 0x7f913eb559b0>,11,3,[11  1],12,-1,18,-1,15
1,<environment.Job instance at 0x7f913eb3a190>,15,27,[8 5],16,-1,46,-1,19
1,<environment.Job instance at 0x7f913eb3a7d0>,18,24,[7 4],19,-1,43,-1,19
1,<environment.Job instance at 0x7f913eb286e0>,27,13,[ 2 13],28,-1,63,-1,50
1,<environment.Job instance at 0x7f913eb28eb0>,28,17,[ 1 13],29,-1,67,-1,50
1,<environment.Job instance at 0x7f913f033a50>,29,2,[12  1],30,-1,52,-1,50
1,<environment.Job instance at 0x7f913e546b90>,31,24,[ 3 14],32,-1,76,-1,52
1,<environment.Job instance at 0x7f913dea8280>,38,13,[14  1],39,-1,69,-1,56
1,<environment.Job instance at 0x7f913f2f5140>,41,15,[ 3 13],42,-1,74,-1,59
1,<environment.Job instance at 0x7f913f2f5780>,46,26,[ 4 10],47,-1,124,-1,98
1,<environment.Job instance at 0x7f913f688fa0>,51,3,[ 2 12],52,-1,104,-1,101
1,<environment.Job instance at 0x7f913f272f00>,55,13,[13  4],56,-1,127,-1,114
1,<environment.Job instance at 0x7f913f272550>,56,25,[ 3 12],57,-1,139,-1,114
1,<environment.Job instance at 0x7f913f272960>,64,25,[7 4],65,-1,158,-1,133
1,<environment.Job instance at 0x7f913ec5ed70>,66,28,[6 2],67,-1,164,-1,136
1,<environment.Job instance at 0x7f913ec5ec80>,70,1,[ 2 11],71,-1,139,-1,138
1,<environment.Job instance at 0x7f913ec5ee10>,72,14,[ 4 14],73,-1,153,-1,139
1,<environment.Job instance at 0x7f913f0d38c0>,1,17,[5 5],2,-1,19,-1,2
1,<environment.Job instance at 0x7f913e8a9f50>,3,16,[5 2],4,-1,20,-1,4
1,<environment.Job instance at 0x7f913e8a9730>,4,17,[1 5],5,-1,22,-1,5
1,<environment.Job instance at 0x7f913e8a9690>,5,25,[10  3],6,-1,31,-1,6
1,<environment.Job instance at 0x7f913dfdbdc0>,8,16,[5 9],9,-1,25,-1,9
1,<environment.Job instance at 0x7f913dfdb370>,9,14,[8 1],10,-1,24,-1,10
1,<environment.Job instance at 0x7f913ee874b0>,18,14,[8 5],19,-1,33,-1,19
1,<environment.Job instance at 0x7f9148354320>,20,24,[7 2],21,-1,46,-1,22
1,<environment.Job instance at 0x7f91483545a0>,22,25,[7 5],23,-1,48,-1,23
1,<environment.Job instance at 0x7f9148354140>,23,17,[2 5],24,-1,41,-1,24
1,<environment.Job instance at 0x7f9148354be0>,24,17,[2 6],25,-1,42,-1,25
1,<environment.Job instance at 0x7f913f499690>,25,14,[3 5],26,-1,40,-1,26
1,<environment.Job instance at 0x7f9147e17d70>,27,16,[ 2 10],28,-1,44,-1,28
1,<environment.Job instance at 0x7f913ec83f50>,29,14,[3 9],30,-1,44,-1,30
1,<environment.Job instance at 0x7f913ec839b0>,30,15,[ 3 10],31,-1,46,-1,31
1,<environment.Job instance at 0x7f913ec83fa0>,31,12,[10  5],32,-1,44,-1,32
1,<environment.Job instance at 0x7f913ec838c0>,32,16,[5 8],33,-1,49,-1,33
1,<environment.Job instance at 0x7f913f78ec80>,34,18,[2 9],35,-1,53,-1,35
1,<environment.Job instance at 0x7f913f7afe10>,36,17,[4 9],37,-1,54,-1,37
1,<environment.Job instance at 0x7f913f7af870>,37,18,[3 7],38,-1,56,-1,38
1,<environment.Job instance at 0x7f913f7bc550>,40,13,[9 4],41,-1,54,-1,41
1,<environment.Job instance at 0x7f913eefcc80>,42,24,[2 9],43,-1,67,-1,43
1,<environment.Job instance at 0x7f913ef11cd0>,44,15,[ 5 10],45,-1,60,-1,45
1,<environment.Job instance at 0x7f913ef18cd0>,47,16,[5 7],48,-1,64,-1,48
1,<environment.Job instance at 0x7f913ef18b90>,49,18,[1 9],50,-1,68,-1,50
1,<environment.Job instance at 0x7f913ef1e3c0>,50,16,[9 3],51,-1,67,-1,51
1,<environment.Job instance at 0x7f913ef1e0f0>,52,17,[8 1],53,-1,72,-1,55
1,<environment.Job instance at 0x7f913ef1eaa0>,56,15,[5 5],57,-1,72,-1,57
1,<environment.Job instance at 0x7f913ef1e730>,57,16,[5 9],58,-1,74,-1,58
1,<environment.Job instance at 0x7f913eef3550>,58,16,[7 3],59,-1,75,-1,59
1,<environment.Job instance at 0x7f913eef35f0>,59,20,[5 3],60,-1,80,-1,60
1,<environment.Job instance at 0x7f913eef3730>,61,17,[4 6],62,-1,79,-1,62
1,<environment.Job instance at 0x7f913ef1e5f0>,54,13,[7 4],55,-1,77,-1,64
1,<environment.Job instance at 0x7f913eef3af0>,64,14,[10  2],65,-1,80,-1,66
1,<environment.Job instance at 0x7f913eef3910>,65,23,[1 8],66,-1,89,-1,66
1,<environment.Job instance at 0x7f913eef25a0>,74,18,[2 6],75,-1,93,-1,75
1,<environment.Job instance at 0x7f913eef2730>,75,18,[4 6],76,-1,94,-1,76
1,<environment.Job instance at 0x7f913eef2500>,78,19,[3 9],79,-1,98,-1,79
1,<environment.Job instance at 0x7f913eef2c80>,81,18,[1 8],82,-1,100,-1,82
1,<environment.Job instance at 0x7f913f24b0f0>,85,12,[9 4],86,-1,100,-1,88
1,<environment.Job instance at 0x7f913f24b5f0>,90,22,[6 2],91,-1,113,-1,91
1,<environment.Job instance at 0x7f913f24b6e0>,91,13,[ 5 10],92,-1,105,-1,92
1,<environment.Job instance at 0x7f913f24b7d0>,93,24,[3 7],94,-1,118,-1,94
1,<environment.Job instance at 0x7f913f24b960>,94,16,[10  1],95,-1,111,-1,95
1,<environment.Job instance at 0x7f913f24b730>,95,18,[7 3],96,-1,114,-1,96
1,<environment.Job instance at 0x7f913f24bdc0>,99,18,[3 7],100,-1,118,-1,100
1,<environment.Job instance at 0x7f913f270780>,108,18,[5 8],109,-1,157,-1,139
1,<environment.Job instance at 0x7f913f2707d0>,111,18,[10  3],112,-1,157,-1,139
1,<environment.Job instance at 0x7f913f270b90>,115,25,[ 4 10],116,-1,164,-1,139
1,<environment.Job instance at 0x7f913f24b230>,87,17,[4 8],88,-1,156,-1,139
1,<environment.Job instance at 0x7f913f53f870>,6,2,[12  3],7,-1,9,-1,7
1,<environment.Job instance at 0x7f9147deaa50>,5,25,[10  3],6,-1,58,-1,33
1,<environment.Job instance at 0x7f9147deaaf0>,14,3,[14  3],15,-1,36,-1,33
1,<environment.Job instance at 0x7f9147e54410>,19,15,[13  3],20,-1,53,-1,38
1,<environment.Job instance at 0x7f9147e54b90>,20,24,[7 2],21,-1,62,-1,38
1,<environment.Job instance at 0x7f913f450190>,22,25,[7 5],23,-1,66,-1,41
1,<environment.Job instance at 0x7f913f4500a0>,26,3,[12  5],27,-1,56,-1,53
1,<environment.Job instance at 0x7f97bc8936e0>,0,18,[ 2 10],1,-1,20,-1,2
1,<environment.Job instance at 0x7f97b3249af0>,3,18,[ 3 10],4,-1,22,-1,4
1,<environment.Job instance at 0x7f97b3249c80>,4,18,[10  4],5,-1,23,-1,5
1,<environment.Job instance at 0x7f97b3249e10>,8,17,[ 2 10],9,-1,26,-1,9
1,<environment.Job instance at 0x7f97bc893730>,9,17,[ 4 10],10,-1,27,-1,10
1,<environment.Job instance at 0x7f97b324e690>,16,12,[1 8],17,-1,29,-1,17
1,<environment.Job instance at 0x7f97b324e460>,18,16,[8 5],19,-1,35,-1,19
1,<environment.Job instance at 0x7f97b324ecd0>,23,18,[5 2],24,-1,48,-1,30
1,<environment.Job instance at 0x7f97b3251140>,31,17,[4 9],32,-1,49,-1,32
1,<environment.Job instance at 0x7f97b32515f0>,32,17,[9 3],33,-1,50,-1,33
1,<environment.Job instance at 0x7f97b3251a00>,35,16,[8 1],36,-1,52,-1,36
1,<environment.Job instance at 0x7f97b3251d20>,38,12,[3 6],39,-1,51,-1,39
1,<environment.Job instance at 0x7f97b3251e60>,39,18,[5 8],40,-1,58,-1,40
1,<environment.Job instance at 0x7f97b32530a0>,42,14,[8 4],43,-1,57,-1,43
1,<environment.Job instance at 0x7f97b32531e0>,43,28,[6 4],44,-1,72,-1,44
1,<environment.Job instance at 0x7f97b3253780>,50,27,[9 1],51,-1,111,-1,84
1,<environment.Job instance at 0x7f97b3256230>,60,24,[ 3 10],61,-1,157,-1,133
1,<environment.Job instance at 0x7f97b3253870>,53,18,[ 4 12],54,-1,151,-1,133
1,<environment.Job instance at 0x7f97b3256730>,68,22,[5 6],69,-1,157,-1,135
1,<environment.Job instance at 0x7f97b3253c30>,55,17,[4 7],56,-1,152,-1,135
1,<environment.Job instance at 0x7f97b3256dc0>,78,19,[8 4],79,-1,155,-1,136
1,<environment.Job instance at 0x7f97b3256e60>,79,17,[2 7],80,-1,153,-1,136
1,<environment.Job instance at 0x7f97b330bcd0>,1,15,[ 1 14],2,-1,17,-1,2
1,<environment.Job instance at 0x7f97b330bc30>,6,12,[11  4],7,-1,19,-1,7
1,<environment.Job instance at 0x7f97b34fe780>,19,17,[12  3],20,-1,67,-1,50
1,<environment.Job instance at 0x7f97b3257eb0>,22,2,[12  3],23,-1,62,-1,60
1,<environment.Job instance at 0x7f97b3306500>,43,28,[6 4],44,-1,166,-1,138
1,<environment.Job instance at 0x7f97b3306460>,44,17,[ 5 12],45,-1,155,-1,138
1,<environment.Job instance at 0x7f97b299b050>,1,16,[1 9],2,-1,18,-1,2
1,<environment.Job instance at 0x7f97b299bc30>,5,14,[3 8],6,-1,20,-1,6
1,<environment.Job instance at 0x7f97b299b410>,7,17,[3 8],8,-1,25,-1,8
1,<environment.Job instance at 0x7f97b2999050>,8,16,[3 9],9,-1,25,-1,9
1,<environment.Job instance at 0x7f97b2999280>,14,13,[1 9],15,-1,28,-1,15
1,<environment.Job instance at 0x7f97b2999aa0>,16,22,[11  3],17,-1,39,-1,17
1,<environment.Job instance at 0x7f97b330b410>,17,18,[5 2],18,-1,36,-1,18
1,<environment.Job instance at 0x7f97b299a7d0>,18,18,[4 6],19,-1,37,-1,19
1,<environment.Job instance at 0x7f97b299a690>,19,16,[3 5],20,-1,36,-1,20
1,<environment.Job instance at 0x7f97b299a410>,21,14,[5 3],22,-1,36,-1,22
1,<environment.Job instance at 0x7f97b299a2d0>,25,25,[3 9],26,-1,51,-1,26
1,<environment.Job instance at 0x7f97b29903c0>,27,13,[ 4 10],28,-1,41,-1,28
1,<environment.Job instance at 0x7f97b2ac8fa0>,28,14,[4 7],29,-1,43,-1,29
1,<environment.Job instance at 0x7f97b2b08d70>,29,23,[2 8],30,-1,53,-1,30
1,<environment.Job instance at 0x7f97b281b870>,35,17,[10  5],36,-1,53,-1,36
1,<environment.Job instance at 0x7f97b2802190>,36,26,[9 1],37,-1,63,-1,37
1,<environment.Job instance at 0x7f97b2802f00>,38,14,[8 5],39,-1,53,-1,39
1,<environment.Job instance at 0x7f97b280a910>,39,17,[9 2],40,-1,57,-1,40
1,<environment.Job instance at 0x7f97b28efb90>,40,18,[5 1],41,-1,59,-1,41
1,<environment.Job instance at 0x7f97b28ef730>,42,14,[8 4],43,-1,57,-1,43
1,<environment.Job instance at 0x7f97b28eb050>,44,17,[10  5],45,-1,62,-1,45
1,<environment.Job instance at 0x7f97b28e4fa0>,45,16,[ 3 10],46,-1,62,-1,46
1,<environment.Job instance at 0x7f97b28e4410>,46,23,[5 8],47,-1,70,-1,47
1,<environment.Job instance at 0x7f97b289da00>,52,14,[9 2],53,-1,68,-1,54
1,<environment.Job instance at 0x7f97b2844960>,53,27,[5 3],54,-1,81,-1,54
1,<environment.Job instance at 0x7f97b28419b0>,54,17,[10  2],55,-1,73,-1,56
1,<environment.Job instance at 0x7f97b315c0f0>,55,17,[5 9],56,-1,73,-1,56
1,<environment.Job instance at 0x7f97b2a6f9b0>,58,22,[9 2],59,-1,81,-1,59
1,<environment.Job instance at 0x7f97b285b4b0>,60,17,[2 9],61,-1,78,-1,61
1,<environment.Job instance at 0x7f97b284f410>,61,18,[ 5 11],62,-1,80,-1,62
1,<environment.Job instance at 0x7f97b29994b0>,62,17,[10  4],63,-1,80,-1,63
1,<environment.Job instance at 0x7f97b284f690>,65,17,[8 1],66,-1,83,-1,66
1,<environment.Job instance at 0x7f97b29770a0>,66,16,[7 2],67,-1,83,-1,67
1,<environment.Job instance at 0x7f97b2849f50>,67,18,[ 1 10],68,-1,86,-1,68
1,<environment.Job instance at 0x7f97b286a050>,68,28,[7 4],69,-1,97,-1,69
1,<environment.Job instance at 0x7f97b2869a50>,73,15,[5 6],74,-1,89,-1,74
1,<environment.Job instance at 0x7f97b2869b90>,74,28,[9 1],75,-1,103,-1,75
1,<environment.Job instance at 0x7f97b2869e60>,75,17,[3 5],76,-1,93,-1,76
1,<environment.Job instance at 0x7f97b2869d70>,76,15,[ 5 10],77,-1,92,-1,77
1,<environment.Job instance at 0x7f97b2997370>,82,16,[8 5],83,-1,99,-1,83
1,<environment.Job instance at 0x7f97b2864320>,84,14,[8 5],85,-1,99,-1,85
1,<environment.Job instance at 0x7f97b2864c80>,88,18,[3 8],89,-1,107,-1,89
1,<environment.Job instance at 0x7f97b27f9f00>,89,16,[9 4],90,-1,106,-1,90
1,<environment.Job instance at 0x7f97b27f9aa0>,90,28,[7 3],91,-1,119,-1,91
1,<environment.Job instance at 0x7f97b27f92d0>,91,16,[7 4],92,-1,108,-1,92
1,<environment.Job instance at 0x7f97b2871b40>,93,18,[1 6],94,-1,112,-1,94
1,<environment.Job instance at 0x7f97b2871d70>,94,15,[9 5],95,-1,110,-1,95
1,<environment.Job instance at 0x7f97b27fceb0>,96,17,[2 6],97,-1,114,-1,97
1,<environment.Job instance at 0x7f97b27fc410>,97,16,[2 8],98,-1,114,-1,98
1,<environment.Job instance at 0x7f97b27fca50>,98,12,[9 2],99,-1,113,-1,101
1,<environment.Job instance at 0x7f97b27fb960>,101,3,[1 8],102,-1,105,-1,102
1,<environment.Job instance at 0x7f97b27fb9b0>,102,13,[2 5],103,-1,116,-1,103
1,<environment.Job instance at 0x7f97b27fb320>,103,14,[3 5],104,-1,118,-1,104
1,<environment.Job instance at 0x7f97b27fbe10>,104,17,[1 9],105,-1,122,-1,105
1,<environment.Job instance at 0x7f97b295d460>,113,21,[9 5],114,-1,135,-1,114
1,<environment.Job instance at 0x7f97b2866aa0>,114,18,[10  2],115,-1,133,-1,115
1,<environment.Job instance at 0x7f97b2a52190>,16,22,[11  3],17,-1,57,-1,35
1,<environment.Job instance at 0x7f97b2a73370>,25,25,[3 9],26,-1,106,-1,81
1,<environment.Job instance at 0x7f97b2a73910>,29,23,[2 8],30,-1,104,-1,81
1,<environment.Job instance at 0x7f97b2a089b0>,36,26,[9 1],37,-1,128,-1,102
1,<environment.Job instance at 0x7f97b2a4c9b0>,46,23,[5 8],47,-1,172,-1,149
1,<environment.Job instance at 0x7f97b27fbb90>,0,17,[4 5],1,-1,18,-1,1
1,<environment.Job instance at 0x7f97b27fb5a0>,5,18,[9 5],6,-1,25,-1,7
1,<environment.Job instance at 0x7f97b27fb820>,6,15,[7 3],7,-1,22,-1,7
1,<environment.Job instance at 0x7f97b27fb140>,7,17,[7 5],8,-1,28,-1,11
1,<environment.Job instance at 0x7f97b27fb8c0>,11,15,[10  3],12,-1,30,-1,15
1,<environment.Job instance at 0x7f97b293fa00>,14,16,[8 3],15,-1,31,-1,15
1,<environment.Job instance at 0x7f97b293fb90>,19,17,[4 8],20,-1,37,-1,20
1,<environment.Job instance at 0x7f97b293ffa0>,20,14,[ 3 10],21,-1,35,-1,21
1,<environment.Job instance at 0x7f97bc9fcaf0>,31,16,[2 8],32,-1,51,-1,35
1,<environment.Job instance at 0x7f97b28d76e0>,38,14,[10  4],39,-1,53,-1,39
1,<environment.Job instance at 0x7f97b28d7190>,39,16,[1 7],40,-1,57,-1,41
1,<environment.Job instance at 0x7f97b28d78c0>,40,18,[11  4],41,-1,59,-1,41
1,<environment.Job instance at 0x7f97b28d75f0>,41,15,[3 5],42,-1,58,-1,43
1,<environment.Job instance at 0x7f97b28d7820>,42,20,[7 3],43,-1,63,-1,43
1,<environment.Job instance at 0x7f97b30ac2d0>,2,27,[ 2 13],3,-1,30,-1,3
1,<environment.Job instance at 0x7f97b30d3500>,8,1,[12  5],9,-1,10,-1,9
1,<environment.Job instance at 0x7f97b38f6b90>,21,18,[ 4 13],22,-1,68,-1,50
1,<environment.Job instance at 0x7f97b2af43c0>,27,16,[ 5 13],28,-1,83,-1,67
1,<environment.Job instance at 0x7f97b3bc4fa0>,34,18,[13  2],35,-1,115,-1,97
1,<environment.Job instance at 0x7f97b29f20f0>,40,18,[11  4],41,-1,125,-1,107
1,<environment.Job instance at 0x7f97b2dd25a0>,2,17,[10  3],3,-1,21,-1,4
1,<environment.Job instance at 0x7f97b2dd2b90>,4,15,[ 1 10],5,-1,20,-1,5
1,<environment.Job instance at 0x7f97b2dd2190>,3,13,[9 5],4,-1,18,-1,5
1,<environment.Job instance at 0x7f97b2ec70f0>,12,27,[5 5],13,-1,40,-1,13
1,<environment.Job instance at 0x7f97b2ec7190>,14,25,[1 7],15,-1,40,-1,15
1,<environment.Job instance at 0x7f97b2ec75a0>,17,13,[6 5],18,-1,31,-1,18
1,<environment.Job instance at 0x7f97b2dad1e0>,19,14,[2 6],20,-1,34,-1,20
1,<environment.Job instance at 0x7f97b2dad230>,21,14,[1 9],22,-1,36,-1,22
1,<environment.Job instance at 0x7f97b2dadcd0>,22,12,[4 9],23,-1,36,-1,24
1,<environment.Job instance at 0x7f97b2dada50>,24,17,[7 4],25,-1,42,-1,25
1,<environment.Job instance at 0x7f97b2dadc80>,25,14,[7 3],26,-1,40,-1,26
1,<environment.Job instance at 0x7f97b2dadc30>,26,27,[5 8],27,-1,54,-1,27
1,<environment.Job instance at 0x7f97b2d4e230>,28,12,[5 6],29,-1,41,-1,29
1,<environment.Job instance at 0x7f97b2d4ee60>,31,24,[4 8],32,-1,56,-1,32
1,<environment.Job instance at 0x7f97bca03050>,35,19,[7 5],36,-1,55,-1,36
1,<environment.Job instance at 0x7f97bca03550>,36,14,[8 1],37,-1,51,-1,37
1,<environment.Job instance at 0x7f97bca031e0>,37,12,[10  4],38,-1,50,-1,38
1,<environment.Job instance at 0x7f97bca035f0>,40,14,[ 4 10],41,-1,55,-1,41
1,<environment.Job instance at 0x7f97b2dadd70>,23,18,[4 8],24,-1,60,-1,42
1,<environment.Job instance at 0x7f97bca03280>,42,17,[2 5],43,-1,61,-1,44
1,<environment.Job instance at 0x7f97b2d6fe10>,46,18,[8 2],47,-1,65,-1,47
1,<environment.Job instance at 0x7f97bca034b0>,43,14,[8 2],44,-1,61,-1,47
1,<environment.Job instance at 0x7f97b2d6f780>,49,18,[5 8],50,-1,68,-1,50
1,<environment.Job instance at 0x7f97b2d74dc0>,50,19,[2 7],51,-1,70,-1,51
1,<environment.Job instance at 0x7f97b2d74780>,51,24,[1 9],52,-1,76,-1,52
1,<environment.Job instance at 0x7f97b2ede140>,57,23,[10  4],58,-1,81,-1,58
1,<environment.Job instance at 0x7f97b2ede820>,58,14,[3 8],59,-1,73,-1,59
1,<environment.Job instance at 0x7f97b2edef50>,61,17,[5 7],62,-1,79,-1,62
1,<environment.Job instance at 0x7f97b284f0a0>,64,13,[1 9],65,-1,78,-1,65
1,<environment.Job instance at 0x7f97b284faa0>,65,16,[4 5],66,-1,82,-1,66
1,<environment.Job instance at 0x7f97b284f960>,69,17,[ 5 10],70,-1,87,-1,70
1,<environment.Job instance at 0x7f97b284f500>,70,18,[4 6],71,-1,89,-1,71
1,<environment.Job instance at 0x7f97b295d0a0>,71,15,[3 5],72,-1,90,-1,75
1,<environment.Job instance at 0x7f97b2a235a0>,78,19,[1 6],79,-1,98,-1,79
1,<environment.Job instance at 0x7f97bc9ff370>,83,20,[5 7],84,-1,104,-1,84
1,<environment.Job instance at 0x7f97b2cf8140>,5,1,[12  4],6,-1,7,-1,6
1,<environment.Job instance at 0x7f97b3a2cf50>,11,15,[14  1],12,-1,33,-1,18
1,<environment.Job instance at 0x7f97b2be9050>,12,27,[5 5],13,-1,47,-1,20
1,<environment.Job instance at 0x7f97b2be9140>,14,25,[1 7],15,-1,45,-1,20
1,<environment.Job instance at 0x7f97b2ad2a00>,26,27,[5 8],27,-1,92,-1,65
1,<environment.Job instance at 0x7f97b30b2230>,31,24,[4 8],32,-1,105,-1,81
1,<environment.Job instance at 0x7f97b3bc4870>,41,1,[11  1],42,-1,102,-1,101
1,<environment.Job instance at 0x7f97b392e410>,51,24,[1 9],52,-1,164,-1,140
1,<environment.Job instance at 0x7f97b3668870>,0,18,[8 1],1,-1,24,-1,6
1,<environment.Job instance at 0x7f97b36a6e10>,6,18,[9 4],7,-1,25,-1,7
1,<environment.Job instance at 0x7f97b36b6f50>,7,17,[3 5],8,-1,25,-1,8
1,<environment.Job instance at 0x7f97b36b6550>,8,17,[2 6],9,-1,26,-1,9
1,<environment.Job instance at 0x7f97b36b5550>,12,15,[10  1],13,-1,29,-1,14
1,<environment.Job instance at 0x7f97b36b5370>,14,24,[4 5],15,-1,39,-1,15
1,<environment.Job instance at 0x7f97b36b5050>,15,13,[8 5],16,-1,29,-1,16
1,<environment.Job instance at 0x7f97b36b5e10>,16,13,[3 9],17,-1,30,-1,17
1,<environment.Job instance at 0x7f97b369adc0>,18,16,[6 5],19,-1,35,-1,19
1,<environment.Job instance at 0x7f97b369a550>,22,15,[2 5],23,-1,38,-1,23
1,<environment.Job instance at 0x7f97b369acd0>,23,14,[4 8],24,-1,38,-1,24
1,<environment.Job instance at 0x7f97b369ab90>,24,16,[9 2],25,-1,41,-1,25
1,<environment.Job instance at 0x7f97b36b5230>,13,17,[5 3],14,-1,42,-1,25
1,<environment.Job instance at 0x7f97b3049730>,26,15,[9 1],27,-1,45,-1,30
1,<environment.Job instance at 0x7f97b3da2c80>,32,13,[ 5 10],33,-1,46,-1,33
1,<environment.Job instance at 0x7f97b3d6f780>,38,17,[7 2],39,-1,56,-1,39
1,<environment.Job instance at 0x7f97b2cf1690>,39,16,[10  2],40,-1,56,-1,40
1,<environment.Job instance at 0x7f97b2cc1500>,40,15,[5 6],41,-1,56,-1,41
1,<environment.Job instance at 0x7f97b306df00>,29,13,[1 8],30,-1,59,-1,46
1,<environment.Job instance at 0x7f97b3d8dcd0>,44,15,[7 3],45,-1,62,-1,47
1,<environment.Job instance at 0x7f97b3d82b40>,47,15,[10  1],48,-1,63,-1,48
1,<environment.Job instance at 0x7f97b3d82dc0>,49,23,[6 5],50,-1,73,-1,50
1,<environment.Job instance at 0x7f97b3d824b0>,50,17,[2 6],51,-1,68,-1,51
1,<environment.Job instance at 0x7f97b3d7f550>,59,21,[1 9],60,-1,81,-1,60
1,<environment.Job instance at 0x7f97b3d7f690>,60,27,[6 4],61,-1,88,-1,61
1,<environment.Job instance at 0x7f97b3d7f780>,62,15,[10  1],63,-1,79,-1,64
1,<environment.Job instance at 0x7f97b3d7f870>,63,13,[7 5],64,-1,77,-1,64
1,<environment.Job instance at 0x7f97b3d7fd20>,66,14,[1 7],67,-1,81,-1,67
1,<environment.Job instance at 0x7f97b3d7fc80>,68,22,[7 5],69,-1,92,-1,70
1,<environment.Job instance at 0x7f97b3d7fe60>,70,18,[ 5 10],71,-1,89,-1,71
1,<environment.Job instance at 0x7f97b3da9140>,72,24,[1 6],73,-1,97,-1,73
1,<environment.Job instance at 0x7f97b3da9280>,73,16,[8 5],74,-1,90,-1,74
1,<environment.Job instance at 0x7f97b3da9230>,74,16,[9 4],75,-1,91,-1,75
1,<environment.Job instance at 0x7f97b3da9460>,76,15,[10  4],77,-1,92,-1,77
1,<environment.Job instance at 0x7f97b3da9730>,79,2,[9 1],80,-1,89,-1,87
1,<environment.Job instance at 0x7f97b3d7fd70>,69,16,[5 3],70,-1,104,-1,88
1,<environment.Job instance at 0x7f97b3da9690>,78,17,[3 9],79,-1,115,-1,98
1,<environment.Job instance at 0x7f97b3da9b40>,86,12,[1 5],87,-1,110,-1,98
1,<environment.Job instance at 0x7f97b3da9dc0>,88,14,[9 1],89,-1,112,-1,98
1,<environment.Job instance at 0x7f97b3da9e60>,89,17,[1 9],90,-1,115,-1,98
1,<environment.Job instance at 0x7f97b3da99b0>,82,3,[1 9],83,-1,103,-1,100
1,<environment.Job instance at 0x7f97b3da9640>,81,12,[5 6],82,-1,112,-1,100
1,<environment.Job instance at 0x7f97b30d74b0>,96,13,[12  4],97,-1,114,-1,101
1,<environment.Job instance at 0x7f97b3da9be0>,92,15,[6 2],93,-1,116,-1,101
1,<environment.Job instance at 0x7f97b30d7730>,98,18,[6 5],99,-1,123,-1,105
1,<environment.Job instance at 0x7f97b30d7780>,99,18,[ 5 10],100,-1,123,-1,105
1,<environment.Job instance at 0x7f97b30d7550>,97,27,[9 3],98,-1,132,-1,105
1,<environment.Job instance at 0x7f97b30d7af0>,102,1,[6 3],103,-1,106,-1,105
1,<environment.Job instance at 0x7f97b30d7be0>,104,17,[5 1],105,-1,122,-1,105
1,<environment.Job instance at 0x7f97b30d7b40>,101,12,[1 8],102,-1,117,-1,105
1,<environment.Job instance at 0x7f97b30d77d0>,103,16,[5 3],104,-1,121,-1,105
1,<environment.Job instance at 0x7f97b30d7f50>,106,12,[ 2 11],107,-1,119,-1,107
1,<environment.Job instance at 0x7f97b30d7d20>,105,15,[ 1 10],106,-1,123,-1,108
1,<environment.Job instance at 0x7f97b30e20a0>,108,24,[4 7],109,-1,133,-1,109
1,<environment.Job instance at 0x7f97b30e2410>,112,17,[9 4],113,-1,133,-1,116
1,<environment.Job instance at 0x7f97b30e2550>,114,18,[ 4 11],115,-1,134,-1,116
1,<environment.Job instance at 0x7f97b30e23c0>,115,16,[9 4],116,-1,135,-1,119
1,<environment.Job instance at 0x7f97b30e2140>,110,13,[5 3],111,-1,132,-1,119
1,<environment.Job instance at 0x7f97b30e2640>,117,15,[4 6],118,-1,134,-1,119
1,<environment.Job instance at 0x7f97b30e2b40>,120,20,[4 6],121,-1,141,-1,121
1,<environment.Job instance at 0x7f97b30e2fa0>,124,16,[4 5],125,-1,147,-1,131
1,<environment.Job instance at 0x7f97b30d7e10>,107,12,[7 2],108,-1,143,-1,131
1,<environment.Job instance at 0x7f97b30e2e10>,125,16,[ 2 11],126,-1,149,-1,133
1,<environment.Job instance at 0x7f97b30bb780>,130,12,[1 7],131,-1,145,-1,133
1,<environment.Job instance at 0x7f97b30bb640>,132,17,[ 2 10],133,-1,150,-1,133
1,<environment.Job instance at 0x7f97b30bb960>,133,15,[5 5],134,-1,150,-1,135
1,<environment.Job instance at 0x7f97b30bbbe0>,136,13,[4 7],137,-1,153,-1,140
1,<environment.Job instance at 0x7f97b30bbdc0>,139,13,[7 4],140,-1,153,-1,140
1,<environment.Job instance at 0x7f97b30bd0a0>,141,21,[4 7],142,-1,164,-1,143
1,<environment.Job instance at 0x7f97b30bbe10>,138,20,[3 8],139,-1,164,-1,144
1,<environment.Job instance at 0x7f97b30bd140>,143,15,[4 9],144,-1,159,-1,144
1,<environment.Job instance at 0x7f97b30bd370>,146,18,[6 3],147,-1,165,-1,147
1,<environment.Job instance at 0x7f97b3281460>,11,13,[12  4],12,-1,32,-1,19
1,<environment.Job instance at 0x7f97b32a83c0>,14,24,[4 5],15,-1,53,-1,29
1,<environment.Job instance at 0x7f97b2c7e9b0>,0,15,[10  4],1,-1,17,-1,2
1,<environment.Job instance at 0x7f97b2c7eeb0>,1,18,[4 8],2,-1,20,-1,2
1,<environment.Job instance at 0x7f97b2c7ebe0>,5,12,[10  1],6,-1,19,-1,7
1,<environment.Job instance at 0x7f97b2c7ecd0>,7,14,[ 4 10],8,-1,22,-1,8
1,<environment.Job instance at 0x7f97b2c7e140>,8,18,[4 6],9,-1,27,-1,9
1,<environment.Job instance at 0x7f97b2c7eb90>,11,12,[5 5],12,-1,24,-1,12
1,<environment.Job instance at 0x7f97b2c7e550>,12,16,[3 8],13,-1,29,-1,13
1,<environment.Job instance at 0x7f97b2c7e5a0>,13,13,[7 4],14,-1,27,-1,14
1,<environment.Job instance at 0x7f97b3a4e5f0>,16,18,[10  2],17,-1,35,-1,17
1,<environment.Job instance at 0x7f97b3a4efa0>,18,17,[9 5],19,-1,36,-1,19
1,<environment.Job instance at 0x7f97b3a4e410>,19,16,[7 2],20,-1,36,-1,20
1,<environment.Job instance at 0x7f97b3a4e550>,20,16,[ 3 10],21,-1,37,-1,21
1,<environment.Job instance at 0x7f97b3a4edc0>,21,16,[5 7],22,-1,38,-1,22
1,<environment.Job instance at 0x7f97b3a4ec30>,23,13,[5 5],24,-1,37,-1,24
1,<environment.Job instance at 0x7f97b3a4ec80>,25,14,[4 6],26,-1,40,-1,26
1,<environment.Job instance at 0x7f97b3a3c2d0>,38,17,[3 7],39,-1,56,-1,39
1,<environment.Job instance at 0x7f97b3a3c050>,41,17,[2 7],42,-1,59,-1,42
1,<environment.Job instance at 0x7f97b3a3cf00>,42,17,[6 4],43,-1,60,-1,43
1,<environment.Job instance at 0x7f97b3a3c320>,43,12,[7 4],44,-1,58,-1,46
1,<environment.Job instance at 0x7f97b3a4a190>,48,12,[ 4 10],49,-1,61,-1,49
1,<environment.Job instance at 0x7f97b3a4af00>,55,17,[ 3 10],56,-1,76,-1,59
1,<environment.Job instance at 0x7f97b3a4aeb0>,54,16,[5 5],55,-1,75,-1,59
1,<environment.Job instance at 0x7f97b3a4a500>,50,14,[ 2 10],51,-1,74,-1,60
1,<environment.Job instance at 0x7f97b3a4a6e0>,59,18,[9 5],60,-1,80,-1,62
1,<environment.Job instance at 0x7f97b306f690>,60,19,[4 5],61,-1,81,-1,62
1,<environment.Job instance at 0x7f97b3a4aa50>,56,13,[3 9],57,-1,75,-1,62
1,<environment.Job instance at 0x7f97b306f4b0>,62,13,[9 4],63,-1,85,-1,72
1,<environment.Job instance at 0x7f97b306f7d0>,68,16,[8 3],69,-1,88,-1,72
1,<environment.Job instance at 0x7f97b306f370>,70,23,[9 4],71,-1,95,-1,72
1,<environment.Job instance at 0x7f97b306f960>,71,21,[8 2],72,-1,93,-1,72
1,<environment.Job instance at 0x7f97b306faf0>,72,21,[5 7],73,-1,94,-1,73
1,<environment.Job instance at 0x7f97b2cc7f50>,74,17,[9 2],75,-1,92,-1,75
1,<environment.Job instance at 0x7f97b2cc72d0>,75,18,[5 5],76,-1,95,-1,77
1,<environment.Job instance at 0x7f97b2cc7410>,83,18,[7 1],84,-1,105,-1,87
1,<environment.Job instance at 0x7f97b2cc7e10>,82,18,[4 7],83,-1,106,-1,88
1,<environment.Job instance at 0x7f97b2cc7230>,84,14,[9 1],85,-1,109,-1,95
1,<environment.Job instance at 0x7f97b2cc7050>,78,28,[10  4],79,-1,123,-1,95
1,<environment.Job instance at 0x7f97b30659b0>,88,17,[12  1],89,-1,112,-1,95
1,<environment.Job instance at 0x7f97b2cc70f0>,85,12,[7 1],86,-1,107,-1,95
1,<environment.Job instance at 0x7f97b30653c0>,90,26,[4 9],91,-1,121,-1,95
1,<environment.Job instance at 0x7f97b3065190>,93,14,[3 6],94,-1,109,-1,95
1,<environment.Job instance at 0x7f97b2d6fb90>,9,1,[ 5 14],10,-1,21,-1,20
1,<environment.Job instance at 0x7f97b3b9b870>,27,27,[ 2 11],28,-1,129,-1,102
1,<environment.Job instance at 0x7f97b3a3cc80>,29,3,[11  2],30,-1,106,-1,103
1,<environment.Job instance at 0x7f97b3499190>,32,1,[12  5],33,-1,109,-1,108
1,<environment.Job instance at 0x7f97b2ce1820>,1,18,[10  5],2,-1,20,-1,2
1,<environment.Job instance at 0x7f97b2f25870>,5,18,[9 2],6,-1,25,-1,7
1,<environment.Job instance at 0x7f97b3da9870>,7,20,[1 8],8,-1,28,-1,8
1,<environment.Job instance at 0x7f97b3723550>,11,21,[4 9],12,-1,34,-1,13
1,<environment.Job instance at 0x7f97b3723e10>,13,16,[8 1],14,-1,32,-1,16
1,<environment.Job instance at 0x7f97b37231e0>,15,23,[8 4],16,-1,39,-1,16
1,<environment.Job instance at 0x7f97b3736320>,17,20,[5 7],18,-1,38,-1,18
1,<environment.Job instance at 0x7f97b3736730>,18,16,[4 8],19,-1,35,-1,19
1,<environment.Job instance at 0x7f97b37365f0>,19,18,[6 1],20,-1,38,-1,20
1,<environment.Job instance at 0x7f97b3736af0>,20,15,[2 8],21,-1,36,-1,21
1,<environment.Job instance at 0x7f97b2985230>,25,16,[10  5],26,-1,42,-1,26
1,<environment.Job instance at 0x7f97b2b32730>,27,16,[1 7],28,-1,44,-1,28
1,<environment.Job instance at 0x7f97b2b2f5f0>,29,18,[2 7],30,-1,48,-1,30
1,<environment.Job instance at 0x7f97b38e15f0>,33,16,[9 4],34,-1,51,-1,35
1,<environment.Job instance at 0x7f97b2f34820>,40,24,[7 2],41,-1,65,-1,41
1,<environment.Job instance at 0x7f97b2f34190>,42,15,[ 2 10],43,-1,58,-1,43
1,<environment.Job instance at 0x7f97b2af9320>,44,17,[8 1],45,-1,62,-1,45
1,<environment.Job instance at 0x7f97b2af9690>,46,19,[2 9],47,-1,66,-1,47
1,<environment.Job instance at 0x7f97b2af9910>,48,20,[ 1 10],49,-1,69,-1,49
1,<environment.Job instance at 0x7f97b2af95a0>,49,18,[2 7],50,-1,68,-1,50
1,<environment.Job instance at 0x7f97b2af9730>,51,18,[3 8],52,-1,70,-1,52
1,<environment.Job instance at 0x7f97b2b000f0>,53,14,[ 4 10],54,-1,68,-1,54
1,<environment.Job instance at 0x7f97b2b00140>,54,15,[4 8],55,-1,70,-1,55
1,<environment.Job instance at 0x7f97b2b11140>,59,17,[ 1 10],60,-1,77,-1,60
1,<environment.Job instance at 0x7f97b2b11690>,65,15,[3 5],66,-1,81,-1,66
1,<environment.Job instance at 0x7f97b2b11550>,67,13,[9 1],68,-1,81,-1,68
1,<environment.Job instance at 0x7f97b2b11e60>,72,13,[9 1],73,-1,86,-1,73
1,<environment.Job instance at 0x7f97b2b11f50>,73,23,[7 4],74,-1,97,-1,74
1,<environment.Job instance at 0x7f97b2b11d70>,74,13,[4 8],75,-1,88,-1,75
1,<environment.Job instance at 0x7f97b2b1b190>,77,17,[10  4],78,-1,95,-1,78
1,<environment.Job instance at 0x7f97b2b1b9b0>,86,27,[5 2],87,-1,148,-1,121
1,<environment.Job instance at 0x7f97b2b1b910>,85,18,[7 5],86,-1,139,-1,121
1,<environment.Job instance at 0x7f97b2b1b780>,90,22,[2 5],91,-1,143,-1,121
1,<environment.Job instance at 0x7f97b2b300a0>,94,18,[10  2],95,-1,140,-1,122
1,<environment.Job instance at 0x7f97b2b303c0>,97,15,[5 8],98,-1,137,-1,122
1,<environment.Job instance at 0x7f97b2b1b550>,82,13,[2 9],83,-1,135,-1,122
1,<environment.Job instance at 0x7f97b2b1b7d0>,89,18,[ 2 10],90,-1,140,-1,122
1,<environment.Job instance at 0x7f97b2b30460>,98,18,[5 8],99,-1,140,-1,122
1,<environment.Job instance at 0x7f97b2b30820>,104,28,[4 5],105,-1,152,-1,124
1,<environment.Job instance at 0x7f97b2b30500>,99,17,[2 6],100,-1,155,-1,138
1,<environment.Job instance at 0x7f97b2b30d20>,111,25,[10  1],112,-1,169,-1,144
1,<environment.Job instance at 0x7f97b2b30960>,106,17,[3 5],107,-1,162,-1,145
1,<environment.Job instance at 0x7f97b2b30a50>,110,13,[5 6],111,-1,158,-1,145
1,<environment.Job instance at 0x7f97b2b30f00>,114,13,[ 5 10],115,-1,159,-1,146
1,<environment.Job instance at 0x7f97b2b301e0>,108,15,[5 8],109,-1,161,-1,146
1,<environment.Job instance at 0x7f97b2b03050>,118,18,[5 5],119,-1,164,-1,146
1,<environment.Job instance at 0x7f97b2b30be0>,115,15,[8 1],116,-1,161,-1,146
1,<environment.Job instance at 0x7f97b2b03320>,120,16,[7 5],121,-1,162,-1,146
1,<environment.Job instance at 0x7f97b2af93c0>,45,15,[ 1 12],46,-1,164,-1,149
1,<environment.Job instance at 0x7f97b2c16aa0>,3,1,[12  4],4,-1,5,-1,4
1,<environment.Job instance at 0x7f97b27df410>,10,2,[ 2 12],11,-1,13,-1,11
1,<environment.Job instance at 0x7f97b29f20a0>,15,23,[8 4],16,-1,49,-1,26
1,<environment.Job instance at 0x7f97bc41fa50>,24,15,[11  1],25,-1,60,-1,45
1,<environment.Job instance at 0x7f97b31d5460>,31,20,[ 5 13],32,-1,87,-1,67
1,<environment.Job instance at 0x7f97b3c8ed70>,40,24,[7 2],41,-1,121,-1,97
1,<environment.Job instance at 0x7f97b2a23c30>,45,15,[ 1 12],46,-1,131,-1,116
1,<environment.Job instance at 0x7f97b2b50a50>,1,13,[10  4],2,-1,16,-1,3
1,<environment.Job instance at 0x7f97b2b50c30>,3,24,[5 3],4,-1,28,-1,4
1,<environment.Job instance at 0x7f97b2b50c80>,4,15,[5 6],5,-1,20,-1,5
1,<environment.Job instance at 0x7f97b2b505f0>,5,1,[5 9],6,-1,7,-1,6
1,<environment.Job instance at 0x7f97b2b50f50>,6,17,[2 5],7,-1,24,-1,7
1,<environment.Job instance at 0x7f97b2b50320>,7,2,[11  4],8,-1,10,-1,8
1,<environment.Job instance at 0x7f97b2b50fa0>,8,12,[9 3],9,-1,21,-1,9
1,<environment.Job instance at 0x7f97b2bed140>,2,15,[8 4],3,-1,24,-1,9
1,<environment.Job instance at 0x7f97b2b50410>,11,28,[9 4],12,-1,40,-1,12
1,<environment.Job instance at 0x7f97b2b50f00>,14,12,[9 1],15,-1,28,-1,16
1,<environment.Job instance at 0x7f97b2b50be0>,15,15,[3 9],16,-1,31,-1,16
1,<environment.Job instance at 0x7f97b2b50550>,17,17,[1 9],18,-1,35,-1,18
1,<environment.Job instance at 0x7f97b2b500a0>,16,1,[6 3],17,-1,20,-1,19
1,<environment.Job instance at 0x7f97b2b502d0>,18,19,[ 3 11],19,-1,38,-1,19
1,<environment.Job instance at 0x7f97b2b50910>,19,18,[7 5],20,-1,39,-1,21
1,<environment.Job instance at 0x7f97b2b50730>,20,17,[10  1],21,-1,38,-1,21
1,<environment.Job instance at 0x7f97b2c6d500>,25,3,[5 3],26,-1,29,-1,26
1,<environment.Job instance at 0x7f97b2c6d230>,26,21,[5 5],27,-1,48,-1,27
1,<environment.Job instance at 0x7f97b2c6de60>,27,3,[1 9],28,-1,31,-1,28
1,<environment.Job instance at 0x7f97b2c6dc30>,28,13,[4 6],29,-1,42,-1,29
1,<environment.Job instance at 0x7f97b2c6d820>,29,15,[10  2],30,-1,45,-1,30
1,<environment.Job instance at 0x7f97b2c6d370>,34,16,[7 4],35,-1,51,-1,35
1,<environment.Job instance at 0x7f97b288a0f0>,38,17,[9 5],39,-1,58,-1,41
1,<environment.Job instance at 0x7f97b288a410>,41,18,[4 7],42,-1,60,-1,42
1,<environment.Job instance at 0x7f97b288a370>,43,17,[9 1],44,-1,61,-1,44
1,<environment.Job instance at 0x7f97b288a7d0>,44,22,[4 9],45,-1,67,-1,45
1,<environment.Job instance at 0x7f97b288acd0>,46,21,[5 5],47,-1,68,-1,47
1,<environment.Job instance at 0x7f97b30ac190>,50,15,[5 5],51,-1,66,-1,51
1,<environment.Job instance at 0x7f97b30ac550>,52,12,[ 1 10],53,-1,67,-1,55
1,<environment.Job instance at 0x7f97b30acbe0>,57,15,[6 2],58,-1,73,-1,58
1,<environment.Job instance at 0x7f97b2cf8230>,62,20,[ 5 10],63,-1,83,-1,63
1,<environment.Job instance at 0x7f97b30ac4b0>,54,15,[10  2],55,-1,81,-1,66
1,<environment.Job instance at 0x7f97b2cf8cd0>,64,12,[9 1],65,-1,78,-1,66
1,<environment.Job instance at 0x7f97b2cf8e60>,66,14,[6 4],67,-1,81,-1,67
1,<environment.Job instance at 0x7f97b2cf8050>,67,12,[5 9],68,-1,80,-1,68
1,<environment.Job instance at 0x7f97b2cf8280>,71,16,[3 9],72,-1,88,-1,72
1,<environment.Job instance at 0x7f97b2e7edc0>,74,13,[2 7],75,-1,88,-1,75
1,<environment.Job instance at 0x7f97b2e7e5f0>,75,17,[10  3],76,-1,97,-1,80
1,<environment.Job instance at 0x7f97b2e7e140>,81,28,[3 6],82,-1,110,-1,82
1,<environment.Job instance at 0x7f97b2e7e6e0>,77,24,[5 9],78,-1,107,-1,83
1,<environment.Job instance at 0x7f97b2cf8fa0>,65,24,[8 3],66,-1,108,-1,84
1,<environment.Job instance at 0x7f97b2e7e410>,82,14,[ 4 10],83,-1,107,-1,93
1,<environment.Job instance at 0x7f97b3a4a640>,89,26,[2 6],90,-1,119,-1,93
1,<environment.Job instance at 0x7f97b3a4a410>,90,20,[9 3],91,-1,113,-1,93
1,<environment.Job instance at 0x7f97b2e7e4b0>,86,12,[8 4],87,-1,105,-1,93
1,<environment.Job instance at 0x7f97b3a4a0f0>,91,15,[8 4],92,-1,108,-1,93
1,<environment.Job instance at 0x7f97b3a4ad70>,92,14,[9 2],93,-1,107,-1,93
1,<environment.Job instance at 0x7f97b30ac460>,55,25,[1 6],56,-1,118,-1,93
1,<environment.Job instance at 0x7f97b2e7ef00>,87,16,[1 8],88,-1,111,-1,95
1,<environment.Job instance at 0x7f97b3a4aaf0>,93,16,[2 6],94,-1,111,-1,95
1,<environment.Job instance at 0x7f97b3a4a1e0>,95,17,[5 3],96,-1,113,-1,96
1,<environment.Job instance at 0x7f97b3a4a230>,96,12,[2 7],97,-1,109,-1,97
1,<environment.Job instance at 0x7f97b3a4acd0>,98,26,[8 2],99,-1,125,-1,99
1,<environment.Job instance at 0x7f97b300f690>,102,16,[9 2],103,-1,122,-1,106
1,<environment.Job instance at 0x7f97b3aa7320>,106,17,[3 7],107,-1,129,-1,112
1,<environment.Job instance at 0x7f97b3aa7460>,109,17,[5 7],110,-1,129,-1,112
1,<environment.Job instance at 0x7f97bca79af0>,113,14,[ 2 10],114,-1,142,-1,128
1,<environment.Job instance at 0x7f97b3dbce10>,122,14,[ 2 10],123,-1,144,-1,130
1,<environment.Job instance at 0x7f97b3d1df50>,123,16,[3 8],124,-1,146,-1,130
1,<environment.Job instance at 0x7f97b39f3640>,124,13,[10  5],125,-1,143,-1,130
1,<environment.Job instance at 0x7f97b3aa7aa0>,114,27,[13  3],115,-1,157,-1,130
1,<environment.Job instance at 0x7f97bc8c9280>,112,18,[7 4],113,-1,166,-1,148
1,<environment.Job instance at 0x7f97b2ee4870>,7,2,[11  4],8,-1,10,-1,8
1,<environment.Job instance at 0x7f97b3d7a500>,3,24,[5 3],4,-1,39,-1,15
1,<environment.Job instance at 0x7f97b3e883c0>,13,16,[ 1 12],14,-1,35,-1,19
1,<environment.Job instance at 0x7f97b36d3370>,11,28,[9 4],12,-1,59,-1,31
1,<environment.Job instance at 0x7f97b2cc7e10>,18,19,[ 3 11],19,-1,51,-1,32
1,<environment.Job instance at 0x7f97b2b501e0>,37,13,[14  4],38,-1,128,-1,115
1,<environment.Job instance at 0x7f97b272e5f0>,0,18,[6 4],1,-1,19,-1,1
1,<environment.Job instance at 0x7f97b272e8c0>,5,16,[7 3],6,-1,22,-1,6
1,<environment.Job instance at 0x7f97b272e1e0>,7,13,[10  4],8,-1,22,-1,9
1,<environment.Job instance at 0x7f97b272e5a0>,9,13,[8 2],10,-1,23,-1,10
1,<environment.Job instance at 0x7f97b272e500>,12,16,[5 4],13,-1,29,-1,13
1,<environment.Job instance at 0x7f97b272ed70>,15,27,[4 5],16,-1,43,-1,16
1,<environment.Job instance at 0x7f97b25c5e10>,17,18,[1 6],18,-1,36,-1,18
1,<environment.Job instance at 0x7f97b25c5aa0>,20,17,[9 2],21,-1,38,-1,21
1,<environment.Job instance at 0x7f97b272e870>,11,16,[ 5 11],12,-1,40,-1,24
1,<environment.Job instance at 0x7f97b25c5b90>,26,25,[7 3],27,-1,52,-1,27
1,<environment.Job instance at 0x7f97b272e960>,8,13,[8 5],9,-1,42,-1,29
1,<environment.Job instance at 0x7f97b25c5af0>,29,18,[6 2],30,-1,49,-1,31
1,<environment.Job instance at 0x7f97b25c5960>,30,26,[6 4],31,-1,57,-1,31
1,<environment.Job instance at 0x7f97b2730460>,33,14,[ 4 10],34,-1,48,-1,34
1,<environment.Job instance at 0x7f97b2730f00>,35,14,[5 7],36,-1,50,-1,36
1,<environment.Job instance at 0x7f97b2730280>,36,16,[9 2],37,-1,53,-1,37
1,<environment.Job instance at 0x7f97b2730230>,37,21,[9 4],38,-1,60,-1,39
1,<environment.Job instance at 0x7f97b27300a0>,38,21,[5 1],39,-1,62,-1,41
1,<environment.Job instance at 0x7f97b2730550>,45,16,[4 9],46,-1,62,-1,46
1,<environment.Job instance at 0x7f97b272faa0>,46,18,[5 5],47,-1,65,-1,47
1,<environment.Job instance at 0x7f97b272f460>,49,20,[5 9],50,-1,70,-1,50
1,<environment.Job instance at 0x7f97b272fdc0>,50,17,[ 5 10],51,-1,68,-1,51
1,<environment.Job instance at 0x7f97b272fd20>,51,14,[10  1],52,-1,67,-1,53
1,<environment.Job instance at 0x7f97b2d8eb90>,58,12,[3 9],59,-1,71,-1,59
1,<environment.Job instance at 0x7f97b3020320>,62,18,[3 7],63,-1,81,-1,63
1,<environment.Job instance at 0x7f97b3020460>,63,12,[5 4],64,-1,76,-1,64
1,<environment.Job instance at 0x7f97b272f550>,52,18,[3 8],53,-1,82,-1,64
1,<environment.Job instance at 0x7f97b3020500>,68,14,[ 1 10],69,-1,83,-1,69
1,<environment.Job instance at 0x7f97b25155f0>,70,25,[5 3],71,-1,96,-1,71
1,<environment.Job instance at 0x7f97b3d5c730>,73,13,[5 6],74,-1,88,-1,75
1,<environment.Job instance at 0x7f97b3112370>,78,16,[10  3],79,-1,95,-1,79
1,<environment.Job instance at 0x7f97b3eadeb0>,79,28,[3 9],80,-1,108,-1,80
1,<environment.Job instance at 0x7f97b2ba0960>,82,23,[3 7],83,-1,106,-1,83
1,<environment.Job instance at 0x7f97b2ee1d70>,84,17,[2 7],85,-1,102,-1,85
1,<environment.Job instance at 0x7f97b2f29dc0>,85,14,[7 2],86,-1,100,-1,86
1,<environment.Job instance at 0x7f97b2f29f50>,87,16,[5 4],88,-1,104,-1,88
1,<environment.Job instance at 0x7f97b3773d70>,88,17,[6 5],89,-1,106,-1,89
1,<environment.Job instance at 0x7f97b3773af0>,89,18,[5 1],90,-1,108,-1,90
1,<environment.Job instance at 0x7f97bc6720f0>,90,16,[1 7],91,-1,107,-1,91
1,<environment.Job instance at 0x7f97b298dd20>,92,17,[6 4],93,-1,110,-1,93
1,<environment.Job instance at 0x7f97b298d050>,96,15,[5 6],97,-1,112,-1,97
1,<environment.Job instance at 0x7f97b3663140>,99,12,[3 9],100,-1,112,-1,100
1,<environment.Job instance at 0x7f97b36631e0>,100,15,[1 8],101,-1,116,-1,101
1,<environment.Job instance at 0x7f97b3663f00>,101,16,[5 5],102,-1,118,-1,102
1,<environment.Job instance at 0x7f97b3663d20>,102,18,[2 5],103,-1,121,-1,103
1,<environment.Job instance at 0x7f97b3663780>,105,1,[6 1],106,-1,107,-1,106
1,<environment.Job instance at 0x7f97b3d3ddc0>,106,1,[ 5 10],107,-1,108,-1,107
1,<environment.Job instance at 0x7f97b3d3dd70>,107,16,[ 5 13],108,-1,124,-1,108
1,<environment.Job instance at 0x7f97b3d3d370>,108,1,[1 9],109,-1,110,-1,109
1,<environment.Job instance at 0x7f97b3d3d820>,111,15,[5 2],112,-1,127,-1,112
1,<environment.Job instance at 0x7f97b38219b0>,115,16,[10  3],116,-1,132,-1,116
1,<environment.Job instance at 0x7f97b343e960>,119,17,[9 4],120,-1,137,-1,120
1,<environment.Job instance at 0x7f97b343e6e0>,123,18,[4 5],124,-1,142,-1,124
1,<environment.Job instance at 0x7f97b26ce370>,126,16,[5 6],127,-1,143,-1,127
1,<environment.Job instance at 0x7f97b25decd0>,137,15,[10  4],138,-1,153,-1,138
1,<environment.Job instance at 0x7f97b260a870>,131,16,[4 6],132,-1,155,-1,139
1,<environment.Job instance at 0x7f97b3981a50>,10,13,[12  1],11,-1,34,-1,21
1,<environment.Job instance at 0x7f97b3981960>,11,16,[ 5 11],12,-1,37,-1,21
1,<environment.Job instance at 0x7f97b3963d70>,15,27,[4 5],16,-1,57,-1,30
1,<environment.Job instance at 0x7f97b3963d20>,16,1,[12  2],17,-1,31,-1,30
1,<environment.Job instance at 0x7f97b399fdc0>,26,25,[7 3],27,-1,82,-1,57
1,<environment.Job instance at 0x7f97b3979410>,30,26,[6 4],31,-1,102,-1,76
1,<environment.Job instance at 0x7f97b3a85c30>,2,22,[8 1],3,-1,26,-1,4
1,<environment.Job instance at 0x7f97b3a85f50>,4,13,[5 8],5,-1,18,-1,5
1,<environment.Job instance at 0x7f97bc40b6e0>,3,14,[14  4],4,-1,19,-1,5
1,<environment.Job instance at 0x7f97b3a857d0>,8,16,[9 1],9,-1,28,-1,12
1,<environment.Job instance at 0x7f97b38da780>,11,27,[8 5],12,-1,39,-1,12
1,<environment.Job instance at 0x7f97b38dad20>,17,18,[1 9],18,-1,36,-1,18
1,<environment.Job instance at 0x7f97b3d44410>,22,18,[10  5],23,-1,46,-1,28
1,<environment.Job instance at 0x7f97b3d442d0>,24,17,[10  5],25,-1,52,-1,35
1,<environment.Job instance at 0x7f97b38dae10>,23,26,[7 1],24,-1,61,-1,35
1,<environment.Job instance at 0x7f97b3d44500>,34,15,[2 7],35,-1,54,-1,39
1,<environment.Job instance at 0x7f97b39e4690>,42,18,[1 9],43,-1,62,-1,44
1,<environment.Job instance at 0x7f97b39e48c0>,44,18,[7 1],45,-1,73,-1,55
1,<environment.Job instance at 0x7f97b39e4870>,36,13,[1 6],37,-1,68,-1,55
1,<environment.Job instance at 0x7f97b39e4dc0>,49,25,[3 6],50,-1,82,-1,57
1,<environment.Job instance at 0x7f97b39e4550>,48,15,[3 8],49,-1,72,-1,57
1,<environment.Job instance at 0x7f97b2959eb0>,51,16,[ 5 12],52,-1,73,-1,57
1,<environment.Job instance at 0x7f97b2959820>,50,13,[5 8],51,-1,70,-1,57
1,<environment.Job instance at 0x7f97b2959b40>,54,17,[8 5],55,-1,76,-1,59
1,<environment.Job instance at 0x7f97b38da230>,14,16,[11  4],15,-1,75,-1,59
1,<environment.Job instance at 0x7f97b2959640>,53,17,[13  5],54,-1,79,-1,62
1,<environment.Job instance at 0x7f97b2959230>,55,17,[1 7],56,-1,79,-1,62
1,<environment.Job instance at 0x7f97b388d190>,59,19,[2 5],60,-1,97,-1,78
1,<environment.Job instance at 0x7f97b388db90>,64,18,[ 4 10],65,-1,97,-1,79
1,<environment.Job instance at 0x7f97b388d730>,66,15,[ 3 10],67,-1,94,-1,79
1,<environment.Job instance at 0x7f97b388dc80>,74,15,[6 2],75,-1,109,-1,94
1,<environment.Job instance at 0x7f97b388df50>,73,18,[9 2],74,-1,112,-1,94
1,<environment.Job instance at 0x7f97b36849b0>,76,16,[5 9],77,-1,110,-1,94
1,<environment.Job instance at 0x7f97b3684870>,78,24,[5 6],79,-1,119,-1,95
1,<environment.Job instance at 0x7f97b36844b0>,81,17,[5 8],82,-1,113,-1,96
1,<environment.Job instance at 0x7f97b388d320>,56,16,[1 5],57,-1,112,-1,96
1,<environment.Job instance at 0x7f97b3684b40>,84,16,[8 2],85,-1,112,-1,96
1,<environment.Job instance at 0x7f97b3684460>,89,13,[10  4],90,-1,125,-1,112
1,<environment.Job instance at 0x7f97b3684c80>,90,20,[ 4 10],91,-1,132,-1,112
1,<environment.Job instance at 0x7f97b3b27d20>,92,16,[6 1],93,-1,129,-1,113
1,<environment.Job instance at 0x7f97b385a280>,3,14,[14  4],4,-1,18,-1,4
1,<environment.Job instance at 0x7f97b39ba0f0>,5,3,[ 1 13],6,-1,9,-1,6
1,<environment.Job instance at 0x7f97b2b6d0a0>,6,2,[14  2],7,-1,9,-1,7
1,<environment.Job instance at 0x7f97b3563b40>,7,15,[ 5 12],8,-1,23,-1,8
1,<environment.Job instance at 0x7f97bc48cd20>,10,2,[14  4],11,-1,13,-1,11
1,<environment.Job instance at 0x7f97b2bf0cd0>,11,27,[8 5],12,-1,52,-1,25
1,<environment.Job instance at 0x7f97bc3fe870>,14,16,[11  4],15,-1,41,-1,25
1,<environment.Job instance at 0x7f97bc3fe4b0>,18,16,[13  2],19,-1,43,-1,27
1,<environment.Job instance at 0x7f97bc7d74b0>,21,14,[ 2 12],22,-1,44,-1,30
1,<environment.Job instance at 0x7f97bcadfaf0>,23,26,[7 1],24,-1,59,-1,33
1,<environment.Job instance at 0x7f97b344a5f0>,49,25,[3 6],50,-1,165,-1,140
1,<environment.Job instance at 0x7f97b3aaf550>,51,16,[ 5 12],52,-1,156,-1,140
1,<environment.Job instance at 0x7f97b31d7e60>,53,17,[13  5],54,-1,159,-1,142
1,<environment.Job instance at 0x7f97b39885f0>,0,25,[6 2],1,-1,26,-1,1
1,<environment.Job instance at 0x7f97b2b2fa00>,1,17,[9 4],2,-1,19,-1,2
1,<environment.Job instance at 0x7f97b2b2f910>,6,12,[9 1],7,-1,22,-1,10
1,<environment.Job instance at 0x7f97b2b2f370>,8,18,[10  4],9,-1,28,-1,10
1,<environment.Job instance at 0x7f97b2b2f7d0>,10,25,[5 5],11,-1,36,-1,11
1,<environment.Job instance at 0x7f97b2b2fd70>,11,13,[9 3],12,-1,29,-1,16
1,<environment.Job instance at 0x7f97b2b2f140>,16,16,[ 1 10],17,-1,33,-1,17
1,<environment.Job instance at 0x7f97b251af50>,19,15,[ 5 10],20,-1,35,-1,20
1,<environment.Job instance at 0x7f97b251ac30>,21,17,[ 2 10],22,-1,39,-1,22
1,<environment.Job instance at 0x7f97b251acd0>,22,16,[2 8],23,-1,39,-1,23
1,<environment.Job instance at 0x7f97b251a4b0>,23,12,[3 9],24,-1,36,-1,24
1,<environment.Job instance at 0x7f97b251a9b0>,25,18,[4 6],26,-1,44,-1,26
1,<environment.Job instance at 0x7f97b251a2d0>,26,15,[5 9],27,-1,42,-1,27
1,<environment.Job instance at 0x7f97b2b2fb40>,15,19,[2 8],16,-1,47,-1,28
1,<environment.Job instance at 0x7f97b373f9b0>,34,19,[ 5 10],35,-1,54,-1,35
1,<environment.Job instance at 0x7f97b373f190>,36,15,[3 9],37,-1,53,-1,38
1,<environment.Job instance at 0x7f97b373f8c0>,38,12,[5 4],39,-1,51,-1,39
1,<environment.Job instance at 0x7f97b373f730>,40,13,[8 3],41,-1,54,-1,41
1,<environment.Job instance at 0x7f97b373ff50>,45,15,[10  1],46,-1,61,-1,46
1,<environment.Job instance at 0x7f97b373f870>,37,27,[8 5],38,-1,76,-1,49
1,<environment.Job instance at 0x7f97b2e7e3c0>,50,20,[8 5],51,-1,72,-1,52
1,<environment.Job instance at 0x7f97b2e7ef50>,54,16,[5 8],55,-1,71,-1,55
1,<environment.Job instance at 0x7f97b2e7ea50>,55,25,[4 5],56,-1,81,-1,56
1,<environment.Job instance at 0x7f97b29c6230>,60,18,[3 5],61,-1,79,-1,61
1,<environment.Job instance at 0x7f97b29c6870>,72,18,[4 8],73,-1,103,-1,85
1,<environment.Job instance at 0x7f97b2802820>,78,12,[10  4],79,-1,117,-1,105
1,<environment.Job instance at 0x7f97b2802cd0>,73,15,[ 2 10],74,-1,123,-1,108
1,<environment.Job instance at 0x7f97b28020f0>,79,12,[5 8],80,-1,120,-1,108
1,<environment.Job instance at 0x7f97b319c460>,94,3,[14  3],95,-1,111,-1,108
1,<environment.Job instance at 0x7f97b319c910>,95,13,[7 4],96,-1,123,-1,110
1,<environment.Job instance at 0x7f97b319ccd0>,96,16,[3 8],97,-1,126,-1,110
1,<environment.Job instance at 0x7f97b319cf50>,91,17,[7 4],92,-1,129,-1,112
1,<environment.Job instance at 0x7f97b319c410>,93,14,[ 5 10],94,-1,126,-1,112
1,<environment.Job instance at 0x7f97b319c230>,100,15,[5 5],101,-1,130,-1,115
1,<environment.Job instance at 0x7f97b28028c0>,77,26,[ 3 10],78,-1,141,-1,115
1,<environment.Job instance at 0x7f97b319c370>,102,17,[5 7],103,-1,133,-1,116
1,<environment.Job instance at 0x7f97b39e4b90>,111,17,[9 4],112,-1,146,-1,129
1,<environment.Job instance at 0x7f97b3e00d20>,116,17,[4 8],117,-1,155,-1,138
1,<environment.Job instance at 0x7f97b39e4d70>,110,18,[9 3],111,-1,159,-1,141
1,<environment.Job instance at 0x7f97b3e00e60>,119,17,[5 6],120,-1,162,-1,145
1,<environment.Job instance at 0x7f97b29eec30>,113,14,[14  1],114,-1,159,-1,145
1,<environment.Job instance at 0x7f97b33c0c80>,120,15,[3 7],121,-1,162,-1,147
1,<environment.Job instance at 0x7f97b2685870>,124,13,[10  1],125,-1,160,-1,147
1,<environment.Job instance at 0x7f97b2685410>,126,15,[4 6],127,-1,162,-1,147
1,<environment.Job instance at 0x7f97b26aaaf0>,122,17,[ 5 14],123,-1,164,-1,147
1,<environment.Job instance at 0x7f97b3e00f50>,118,16,[8 4],119,-1,163,-1,147
1,<environment.Job instance at 0x7f97b2a001e0>,131,18,[7 1],132,-1,165,-1,147
1,<environment.Job instance at 0x7f97bc41ae60>,0,25,[6 2],1,-1,26,-1,1
1,<environment.Job instance at 0x7f97b3995f00>,9,13,[ 1 11],10,-1,32,-1,19
1,<environment.Job instance at 0x7f97b3995eb0>,10,25,[5 5],11,-1,45,-1,20
1,<environment.Job instance at 0x7f97b3995960>,13,3,[ 4 11],14,-1,24,-1,21
1,<environment.Job instance at 0x7f97b29b9f50>,28,16,[14  4],29,-1,86,-1,70
1,<environment.Job instance at 0x7f97b29c5d70>,37,27,[8 5],38,-1,133,-1,106
1,<environment.Job instance at 0x7f97b29c5640>,39,3,[ 1 12],40,-1,109,-1,106
1,<environment.Job instance at 0x7f97b3999f50>,43,17,[13  3],44,-1,135,-1,118
1,<environment.Job instance at 0x7f97b39986e0>,44,3,[13  1],45,-1,121,-1,118
1,<environment.Job instance at 0x7f97b39815f0>,55,25,[4 5],56,-1,172,-1,147
1,<environment.Job instance at 0x7f97b2a121e0>,1,23,[5 9],2,-1,25,-1,2
1,<environment.Job instance at 0x7f97b2701230>,7,22,[2 9],8,-1,33,-1,11
1,<environment.Job instance at 0x7f97b2701f50>,11,16,[5 2],12,-1,28,-1,12
1,<environment.Job instance at 0x7f97b27012d0>,13,15,[ 3 10],14,-1,29,-1,14
1,<environment.Job instance at 0x7f97b27017d0>,14,12,[7 5],15,-1,27,-1,15
1,<environment.Job instance at 0x7f97b27018c0>,15,14,[7 5],16,-1,30,-1,16
1,<environment.Job instance at 0x7f97b2701690>,16,20,[8 2],17,-1,37,-1,17
1,<environment.Job instance at 0x7f97b27016e0>,17,16,[8 4],18,-1,34,-1,18
1,<environment.Job instance at 0x7f97b2701370>,18,26,[2 5],19,-1,45,-1,19
1,<environment.Job instance at 0x7f97b32a8e60>,20,15,[10  5],21,-1,36,-1,21
1,<environment.Job instance at 0x7f97b32a8960>,22,12,[8 2],23,-1,35,-1,23
1,<environment.Job instance at 0x7f97b32a8280>,23,12,[8 2],24,-1,36,-1,24
1,<environment.Job instance at 0x7f97b32a8370>,26,24,[2 9],27,-1,51,-1,27
1,<environment.Job instance at 0x7f97b2cb0500>,29,20,[ 3 11],30,-1,50,-1,30
1,<environment.Job instance at 0x7f97b2cb02d0>,31,16,[8 4],32,-1,48,-1,32
1,<environment.Job instance at 0x7f97b2701dc0>,10,13,[5 8],11,-1,45,-1,32
1,<environment.Job instance at 0x7f97b2cb0230>,35,15,[9 1],36,-1,53,-1,38
1,<environment.Job instance at 0x7f97b2bf2460>,37,16,[8 4],38,-1,54,-1,38
1,<environment.Job instance at 0x7f97b2bf2f50>,43,13,[10  3],44,-1,58,-1,45
1,<environment.Job instance at 0x7f97b2bdc870>,47,14,[4 7],48,-1,62,-1,48
1,<environment.Job instance at 0x7f97b2bdc8c0>,50,12,[9 4],51,-1,63,-1,51
1,<environment.Job instance at 0x7f97b2bdce10>,51,23,[1 8],52,-1,75,-1,52
1,<environment.Job instance at 0x7f97b2bdccd0>,52,14,[3 7],53,-1,67,-1,53
1,<environment.Job instance at 0x7f97b2bdc050>,53,16,[ 5 10],54,-1,70,-1,54
1,<environment.Job instance at 0x7f97b2bdcaf0>,54,17,[3 5],55,-1,72,-1,55
1,<environment.Job instance at 0x7f97b2abf140>,55,15,[ 1 10],56,-1,71,-1,56
1,<environment.Job instance at 0x7f97b2e2d730>,63,13,[6 5],64,-1,77,-1,64
1,<environment.Job instance at 0x7f97b28ae780>,66,25,[8 1],67,-1,92,-1,67
1,<environment.Job instance at 0x7f97b28ae910>,67,18,[ 1 10],68,-1,86,-1,68
1,<environment.Job instance at 0x7f97b270ef50>,73,16,[9 5],74,-1,90,-1,74
1,<environment.Job instance at 0x7f97b2e25f50>,74,28,[7 4],75,-1,103,-1,75
1,<environment.Job instance at 0x7f97b2e25be0>,75,20,[7 2],76,-1,96,-1,76
1,<environment.Job instance at 0x7f97b3da6dc0>,76,14,[10  3],77,-1,91,-1,77
1,<environment.Job instance at 0x7f97b38a50f0>,77,17,[5 6],78,-1,95,-1,78
1,<environment.Job instance at 0x7f97b25e9640>,79,17,[5 2],80,-1,97,-1,80
1,<environment.Job instance at 0x7f97b2dc7af0>,81,17,[9 3],82,-1,99,-1,82
1,<environment.Job instance at 0x7f97b2fe4780>,83,15,[2 7],84,-1,99,-1,84
1,<environment.Job instance at 0x7f97b2ff05f0>,84,19,[1 8],85,-1,104,-1,85
1,<environment.Job instance at 0x7f97b3d656e0>,86,17,[8 4],87,-1,104,-1,87
1,<environment.Job instance at 0x7f97b254ebe0>,88,12,[ 1 10],89,-1,101,-1,89
1,<environment.Job instance at 0x7f97b3805e60>,92,12,[7 3],93,-1,105,-1,93
1,<environment.Job instance at 0x7f97b2fb8dc0>,93,20,[4 5],94,-1,114,-1,94
1,<environment.Job instance at 0x7f97b2fbab90>,95,20,[5 5],96,-1,116,-1,96
1,<environment.Job instance at 0x7f97b38052d0>,96,18,[7 3],97,-1,115,-1,97
1,<environment.Job instance at 0x7f97b25ef690>,100,16,[ 2 10],101,-1,117,-1,101
1,<environment.Job instance at 0x7f97b25ef1e0>,101,18,[3 9],102,-1,120,-1,102
1,<environment.Job instance at 0x7f97b25effa0>,103,15,[1 5],104,-1,119,-1,104
1,<environment.Job instance at 0x7f97b3864460>,108,13,[8 5],109,-1,126,-1,113
1,<environment.Job instance at 0x7f97b3b9baa0>,113,26,[10  4],114,-1,141,-1,115
1,<environment.Job instance at 0x7f97b38643c0>,109,15,[4 6],110,-1,130,-1,115
1,<environment.Job instance at 0x7f97b3b9bbe0>,114,17,[5 5],115,-1,132,-1,115
1,<environment.Job instance at 0x7f97b3b9b3c0>,115,24,[4 7],116,-1,140,-1,116
1,<environment.Job instance at 0x7f97b3b9bc30>,111,25,[1 6],112,-1,143,-1,118
1,<environment.Job instance at 0x7f97b3b9b460>,117,15,[1 8],118,-1,133,-1,118
1,<environment.Job instance at 0x7f97b2d862d0>,119,15,[9 1],120,-1,135,-1,120
1,<environment.Job instance at 0x7f97b2d86370>,121,15,[10  4],122,-1,148,-1,133
1,<environment.Job instance at 0x7f97b289b3c0>,120,12,[10  4],121,-1,145,-1,133
1,<environment.Job instance at 0x7f97b3995d70>,1,23,[5 9],2,-1,25,-1,2
1,<environment.Job instance at 0x7f97b3995050>,3,3,[ 1 14],4,-1,7,-1,4
1,<environment.Job instance at 0x7f97b3995640>,6,1,[ 3 13],7,-1,8,-1,7
1,<environment.Job instance at 0x7f97b2a815a0>,18,26,[2 5],19,-1,60,-1,34
1,<environment.Job instance at 0x7f97b2aa4d70>,27,12,[ 2 12],28,-1,77,-1,65
1,<environment.Job instance at 0x7f97b34e9f50>,28,14,[13  4],29,-1,79,-1,65
1,<environment.Job instance at 0x7f97b34e9640>,29,20,[ 3 11],30,-1,85,-1,65
1,<environment.Job instance at 0x7f97b297fcd0>,26,24,[2 9],27,-1,100,-1,76
1,<environment.Job instance at 0x7f97b34dce10>,46,1,[ 3 11],47,-1,102,-1,101
1,<environment.Job instance at 0x7f97b2a8f1e0>,51,23,[1 8],52,-1,143,-1,120
1,<environment.Job instance at 0x7f97b2a8f4b0>,56,13,[ 5 11],57,-1,156,-1,143
1,<environment.Job instance at 0x7f97b2ff2500>,4,15,[10  1],5,-1,22,-1,7
1,<environment.Job instance at 0x7f97b2ff2820>,7,15,[6 2],8,-1,23,-1,8
1,<environment.Job instance at 0x7f97b2ff2b90>,9,17,[5 4],10,-1,27,-1,10
1,<environment.Job instance at 0x7f97b2ff25a0>,10,16,[1 6],11,-1,27,-1,11
1,<environment.Job instance at 0x7f97b2ff2d70>,12,15,[10  3],13,-1,28,-1,13
1,<environment.Job instance at 0x7f97b2ff26e0>,14,18,[9 3],15,-1,33,-1,15
1,<environment.Job instance at 0x7f97b2ff2230>,15,16,[3 8],16,-1,32,-1,16
1,<environment.Job instance at 0x7f97b2c1c320>,20,14,[1 7],21,-1,35,-1,21
1,<environment.Job instance at 0x7f97b29c6cd0>,5,15,[8 4],6,-1,37,-1,22
1,<environment.Job instance at 0x7f97b2c1c140>,27,17,[ 5 10],28,-1,46,-1,29
1,<environment.Job instance at 0x7f97b2c1cb90>,29,23,[5 7],30,-1,53,-1,30
1,<environment.Job instance at 0x7f97b2c1c640>,30,15,[3 7],31,-1,46,-1,31
1,<environment.Job instance at 0x7f97b2fd0370>,37,19,[ 2 10],38,-1,64,-1,45
1,<environment.Job instance at 0x7f97b2fd0b90>,41,18,[9 3],42,-1,63,-1,45
1,<environment.Job instance at 0x7f97b2fd0c30>,42,14,[5 5],43,-1,60,-1,46
1,<environment.Job instance at 0x7f97b2fd00f0>,44,13,[4 7],45,-1,59,-1,46
1,<environment.Job instance at 0x7f97b2fd0a00>,46,14,[9 3],47,-1,61,-1,47
1,<environment.Job instance at 0x7f97b2c1c820>,33,25,[ 1 10],34,-1,74,-1,49
1,<environment.Job instance at 0x7f97b2fd0dc0>,49,14,[1 8],50,-1,64,-1,50
1,<environment.Job instance at 0x7f97b2fd0230>,48,18,[7 1],49,-1,68,-1,50
1,<environment.Job instance at 0x7f97b374fc80>,8,17,[13  5],9,-1,33,-1,16
1,<environment.Job instance at 0x7f97b2bdf820>,22,13,[13  5],23,-1,79,-1,66
1,<environment.Job instance at 0x7f97bc4656e0>,25,2,[ 2 12],26,-1,80,-1,78
1,<environment.Job instance at 0x7f97b2be2140>,29,23,[5 7],30,-1,106,-1,83
1,<environment.Job instance at 0x7f97b306cc30>,33,25,[ 1 10],34,-1,138,-1,113
1,<environment.Job instance at 0x7f97b36f4af0>,36,12,[14  2],37,-1,125,-1,113
1,<environment.Job instance at 0x7f97b36ef8c0>,38,1,[ 5 14],39,-1,114,-1,113
1,<environment.Job instance at 0x7f97b39f9a50>,50,12,[ 1 13],51,-1,158,-1,146
1,<environment.Job instance at 0x7f97b3e98c80>,2,17,[3 5],3,-1,20,-1,3
1,<environment.Job instance at 0x7f97b3e985f0>,5,18,[4 9],6,-1,24,-1,6
1,<environment.Job instance at 0x7f97b3e98230>,6,14,[8 5],7,-1,21,-1,7
1,<environment.Job instance at 0x7f97b3e98af0>,8,18,[6 5],9,-1,27,-1,9
1,<environment.Job instance at 0x7f97bc78bd20>,14,16,[1 6],15,-1,31,-1,15
1,<environment.Job instance at 0x7f97bc78bdc0>,15,16,[10  1],16,-1,33,-1,17
1,<environment.Job instance at 0x7f97bc78b910>,16,21,[10  4],17,-1,38,-1,17
1,<environment.Job instance at 0x7f97b3500e60>,25,23,[7 3],26,-1,49,-1,26
1,<environment.Job instance at 0x7f97b3500cd0>,27,20,[8 3],28,-1,48,-1,28
1,<environment.Job instance at 0x7f97b3500910>,29,22,[9 1],30,-1,54,-1,32
1,<environment.Job instance at 0x7f97b3b9f370>,31,16,[1 7],32,-1,48,-1,32
1,<environment.Job instance at 0x7f97b3b9f1e0>,38,18,[5 9],39,-1,57,-1,39
1,<environment.Job instance at 0x7f97b3b9f2d0>,39,16,[8 4],40,-1,57,-1,41
1,<environment.Job instance at 0x7f97b3b9f640>,42,16,[4 7],43,-1,59,-1,43
1,<environment.Job instance at 0x7f97bc7cf1e0>,43,16,[5 9],44,-1,60,-1,44
1,<environment.Job instance at 0x7f97bc7cf8c0>,44,16,[3 5],45,-1,61,-1,45
1,<environment.Job instance at 0x7f97bc7cf550>,45,15,[ 3 10],46,-1,62,-1,47
1,<environment.Job instance at 0x7f97b305d820>,51,12,[7 5],52,-1,64,-1,52
1,<environment.Job instance at 0x7f97b3020500>,55,15,[8 3],56,-1,73,-1,58
1,<environment.Job instance at 0x7f97b3020780>,60,14,[5 3],61,-1,75,-1,61
1,<environment.Job instance at 0x7f97b30209b0>,62,12,[9 4],63,-1,75,-1,63
1,<environment.Job instance at 0x7f97b3020460>,63,14,[5 9],64,-1,78,-1,64
1,<environment.Job instance at 0x7f97b3020640>,65,18,[6 4],66,-1,84,-1,66
1,<environment.Job instance at 0x7f97b24e87d0>,74,17,[9 5],75,-1,95,-1,78
1,<environment.Job instance at 0x7f97b28020a0>,17,14,[ 3 12],18,-1,37,-1,23
1,<environment.Job instance at 0x7f97b2bed190>,25,23,[7 3],26,-1,79,-1,56
1,<environment.Job instance at 0x7f97b3b180a0>,32,18,[ 3 13],33,-1,77,-1,59
1,<environment.Job instance at 0x7f97b36efe60>,52,26,[9 3],53,-1,161,-1,135
1,<environment.Job instance at 0x7f97bc8e72d0>,56,3,[12  4],57,-1,142,-1,139
1,<environment.Job instance at 0x7f97b2d607d0>,2,16,[3 7],3,-1,19,-1,3
1,<environment.Job instance at 0x7f97b2d60820>,3,15,[9 4],4,-1,22,-1,7
1,<environment.Job instance at 0x7f97b2d60500>,7,18,[2 8],8,-1,26,-1,8
1,<environment.Job instance at 0x7f97b2d60550>,6,14,[7 3],7,-1,22,-1,8
1,<environment.Job instance at 0x7f97b2f1ecd0>,13,12,[10  2],14,-1,28,-1,16
1,<environment.Job instance at 0x7f97b2f1e230>,16,18,[ 2 10],17,-1,35,-1,17
1,<environment.Job instance at 0x7f97b2f1e1e0>,20,15,[8 4],21,-1,36,-1,21
1,<environment.Job instance at 0x7f97b2f1e550>,21,18,[7 3],22,-1,40,-1,22
1,<environment.Job instance at 0x7f97b30e76e0>,22,17,[1 7],23,-1,40,-1,23
1,<environment.Job instance at 0x7f97b30e7280>,23,14,[7 2],24,-1,38,-1,24
1,<environment.Job instance at 0x7f97b30e7aa0>,25,12,[8 1],26,-1,38,-1,26
1,<environment.Job instance at 0x7f97b2f1ef50>,15,27,[1 5],16,-1,53,-1,26
1,<environment.Job instance at 0x7f97b2f15410>,28,12,[10  1],29,-1,42,-1,30
1,<environment.Job instance at 0x7f97b2f15fa0>,30,17,[5 2],31,-1,48,-1,31
1,<environment.Job instance at 0x7f97b2f15d20>,31,21,[8 4],32,-1,53,-1,32
1,<environment.Job instance at 0x7f97b2f15e60>,32,16,[1 7],33,-1,49,-1,33
1,<environment.Job instance at 0x7f97b2d4d640>,35,18,[4 5],36,-1,54,-1,36
1,<environment.Job instance at 0x7f97b3a7a5f0>,37,18,[2 7],38,-1,56,-1,38
1,<environment.Job instance at 0x7f97b2d4d690>,38,12,[1 5],39,-1,51,-1,39
1,<environment.Job instance at 0x7f97b34320f0>,40,15,[6 1],41,-1,56,-1,41
1,<environment.Job instance at 0x7f97b2efb9b0>,44,20,[8 2],45,-1,65,-1,45
1,<environment.Job instance at 0x7f97b2efb5f0>,45,14,[4 9],46,-1,60,-1,46
1,<environment.Job instance at 0x7f97b2efb690>,49,13,[2 6],50,-1,63,-1,50
1,<environment.Job instance at 0x7f97b3ab3550>,50,21,[10  5],51,-1,72,-1,51
1,<environment.Job instance at 0x7f97b3306aa0>,53,19,[7 1],54,-1,73,-1,54
1,<environment.Job instance at 0x7f97b30b9370>,54,12,[9 5],55,-1,67,-1,55
1,<environment.Job instance at 0x7f97b2fdffa0>,62,16,[9 2],63,-1,79,-1,63
1,<environment.Job instance at 0x7f97b2a040f0>,68,12,[ 4 10],69,-1,81,-1,69
1,<environment.Job instance at 0x7f97b3307e60>,71,15,[9 3],72,-1,87,-1,72
1,<environment.Job instance at 0x7f97b2a0bf50>,72,17,[4 9],73,-1,90,-1,73
1,<environment.Job instance at 0x7f97b2763320>,74,24,[7 3],75,-1,99,-1,75
1,<environment.Job instance at 0x7f97b3655a00>,76,21,[5 3],77,-1,98,-1,77
1,<environment.Job instance at 0x7f97b3341780>,77,22,[1 9],78,-1,100,-1,78
1,<environment.Job instance at 0x7f97b37153c0>,78,16,[1 7],79,-1,95,-1,79
1,<environment.Job instance at 0x7f97b3715410>,80,12,[10  5],81,-1,93,-1,81
1,<environment.Job instance at 0x7f97b36558c0>,81,16,[10  1],82,-1,98,-1,82
1,<environment.Job instance at 0x7f97b2a0e7d0>,83,17,[8 3],84,-1,101,-1,84
1,<environment.Job instance at 0x7f97b2a19640>,92,24,[5 7],93,-1,117,-1,93
1,<environment.Job instance at 0x7f97b2a2b0f0>,96,15,[ 1 10],97,-1,112,-1,97
1,<environment.Job instance at 0x7f97b2a2b320>,99,23,[6 1],100,-1,123,-1,100
1,<environment.Job instance at 0x7f97b2a2baf0>,102,18,[ 3 10],103,-1,121,-1,103
1,<environment.Job instance at 0x7f97b2a14b90>,103,16,[8 1],104,-1,120,-1,104
1,<environment.Job instance at 0x7f97b2a145f0>,104,18,[ 3 10],105,-1,123,-1,105
1,<environment.Job instance at 0x7f97b2a02050>,106,23,[ 2 10],107,-1,130,-1,107
1,<environment.Job instance at 0x7f97b2a02d70>,109,15,[4 9],110,-1,125,-1,110
1,<environment.Job instance at 0x7f97b2a02eb0>,110,15,[ 1 11],111,-1,126,-1,111
1,<environment.Job instance at 0x7f97b2a15a00>,115,13,[9 1],116,-1,129,-1,116
1,<environment.Job instance at 0x7f97b3016f50>,117,17,[5 6],118,-1,135,-1,118
1,<environment.Job instance at 0x7f97b2739dc0>,119,14,[ 2 10],120,-1,134,-1,120
1,<environment.Job instance at 0x7f97b3747dc0>,122,15,[8 3],123,-1,138,-1,123
1,<environment.Job instance at 0x7f97b300c050>,125,14,[6 3],126,-1,140,-1,126
1,<environment.Job instance at 0x7f97b2661820>,126,13,[2 7],127,-1,140,-1,127
1,<environment.Job instance at 0x7f97b3579c80>,128,14,[2 8],129,-1,143,-1,129
1,<environment.Job instance at 0x7f97b2678870>,130,18,[5 6],131,-1,149,-1,131
1,<environment.Job instance at 0x7f97b30c93c0>,132,14,[5 3],133,-1,147,-1,133
1,<environment.Job instance at 0x7f97b30c9550>,133,13,[10  5],134,-1,147,-1,134
1,<environment.Job instance at 0x7f97b30c9c80>,135,15,[10  4],136,-1,151,-1,136
1,<environment.Job instance at 0x7f97b30c9730>,136,26,[5 7],137,-1,163,-1,137
1,<environment.Job instance at 0x7f97b3768190>,0,3,[13  5],1,-1,4,-1,1
1,<environment.Job instance at 0x7f97b24f1e10>,5,3,[14  3],6,-1,9,-1,6
1,<environment.Job instance at 0x7f97b32c90f0>,15,27,[1 5],16,-1,66,-1,39
1,<environment.Job instance at 0x7f97b33bedc0>,19,3,[13  3],20,-1,44,-1,41
1,<environment.Job instance at 0x7f97b37cf370>,0,16,[4 9],1,-1,17,-1,1
1,<environment.Job instance at 0x7f97b37cfaf0>,1,23,[8 4],2,-1,25,-1,2
1,<environment.Job instance at 0x7f97b37cff50>,2,17,[3 6],3,-1,20,-1,3
1,<environment.Job instance at 0x7f97b376baa0>,11,17,[7 4],12,-1,29,-1,12
1,<environment.Job instance at 0x7f97b376bc80>,13,16,[1 9],14,-1,30,-1,14
1,<environment.Job instance at 0x7f97b376bd20>,15,27,[6 2],16,-1,43,-1,16
1,<environment.Job instance at 0x7f97b376b2d0>,17,15,[10  5],18,-1,35,-1,20
1,<environment.Job instance at 0x7f97b2d80b90>,20,17,[8 2],21,-1,38,-1,21
1,<environment.Job instance at 0x7f97b2d80370>,21,2,[7 3],22,-1,24,-1,22
1,<environment.Job instance at 0x7f97b2d80eb0>,22,13,[6 1],23,-1,36,-1,23
1,<environment.Job instance at 0x7f97b376bfa0>,19,18,[5 2],20,-1,41,-1,23
1,<environment.Job instance at 0x7f97b2d80230>,25,14,[9 4],26,-1,40,-1,26
1,<environment.Job instance at 0x7f97b2d806e0>,28,18,[5 3],29,-1,47,-1,29
1,<environment.Job instance at 0x7f97b2d800a0>,29,12,[9 5],30,-1,42,-1,30
1,<environment.Job instance at 0x7f97b2d80af0>,31,18,[1 7],32,-1,52,-1,34
1,<environment.Job instance at 0x7f97b37bf820>,42,13,[5 8],43,-1,56,-1,43
1,<environment.Job instance at 0x7f97b37bf4b0>,44,18,[7 1],45,-1,63,-1,45
1,<environment.Job instance at 0x7f97b379a7d0>,54,18,[ 4 10],55,-1,74,-1,56
1,<environment.Job instance at 0x7f97b339b9b0>,58,22,[10  4],59,-1,92,-1,70
1,<environment.Job instance at 0x7f97b339b050>,64,18,[3 8],65,-1,88,-1,70
1,<environment.Job instance at 0x7f97b339bb90>,67,25,[6 5],68,-1,98,-1,73
1,<environment.Job instance at 0x7f97b339b410>,70,16,[8 3],71,-1,90,-1,74
1,<environment.Job instance at 0x7f97b339bd20>,73,13,[ 4 10],74,-1,87,-1,74
1,<environment.Job instance at 0x7f97b3396e10>,74,15,[10  3],75,-1,90,-1,75
1,<environment.Job instance at 0x7f97b339bf00>,61,21,[5 8],62,-1,96,-1,75
1,<environment.Job instance at 0x7f97b3396140>,78,25,[5 7],79,-1,104,-1,79
1,<environment.Job instance at 0x7f97b3396d20>,79,13,[ 3 12],80,-1,113,-1,100
1,<environment.Job instance at 0x7f97b339b0f0>,59,12,[3 8],60,-1,113,-1,101
1,<environment.Job instance at 0x7f97b3389f50>,92,18,[5 8],93,-1,121,-1,103
1,<environment.Job instance at 0x7f97b32e6e60>,95,26,[14  3],96,-1,129,-1,103
1,<environment.Job instance at 0x7f97b2db0be0>,97,28,[6 3],98,-1,132,-1,104
1,<environment.Job instance at 0x7f97b3389730>,93,13,[7 2],94,-1,137,-1,124
1,<environment.Job instance at 0x7f97b2db0f00>,101,19,[3 6],102,-1,143,-1,124
1,<environment.Job instance at 0x7f97b2e1a1e0>,104,18,[1 9],105,-1,145,-1,127
1,<environment.Job instance at 0x7f97b2db0190>,100,18,[5 5],101,-1,149,-1,131
1,<environment.Job instance at 0x7f97b3307d20>,111,19,[3 9],112,-1,151,-1,132
1,<environment.Job instance at 0x7f97b32cfc80>,87,16,[6 3],88,-1,148,-1,132
1,<environment.Job instance at 0x7f97b365cc80>,112,16,[5 5],113,-1,148,-1,132
1,<environment.Job instance at 0x7f97b2a2caa0>,109,17,[8 2],110,-1,150,-1,133
1,<environment.Job instance at 0x7f97b26adaa0>,115,17,[10  2],116,-1,150,-1,133
1,<environment.Job instance at 0x7f97b3333f00>,116,17,[4 9],117,-1,150,-1,133
1,<environment.Job instance at 0x7f97b2e146e0>,1,23,[8 4],2,-1,25,-1,2
1,<environment.Job instance at 0x7f97b2e277d0>,4,3,[11  3],5,-1,8,-1,5
1,<environment.Job instance at 0x7f97b2e1b0a0>,6,2,[ 2 12],7,-1,9,-1,7
1,<environment.Job instance at 0x7f97b2640d20>,15,27,[6 2],16,-1,48,-1,21
1,<environment.Job instance at 0x7f97b3aade10>,18,3,[ 3 12],19,-1,26,-1,23
1,<environment.Job instance at 0x7f97b37bfdc0>,35,1,[ 4 14],36,-1,99,-1,98
1,<environment.Job instance at 0x7f97b379ac80>,46,14,[ 5 11],47,-1,131,-1,117
1,<environment.Job instance at 0x7f97b339b280>,49,22,[14  5],50,-1,142,-1,120
1,<environment.Job instance at 0x7f97b339b460>,52,12,[11  2],53,-1,137,-1,125
1,<environment.Job instance at 0x7f97b3be2b40>,0,20,[7 1],1,-1,24,-1,4
1,<environment.Job instance at 0x7f97b3ca9640>,6,14,[8 2],7,-1,21,-1,7
1,<environment.Job instance at 0x7f97b3ca98c0>,9,16,[1 8],10,-1,26,-1,10
1,<environment.Job instance at 0x7f97b3ca97d0>,11,17,[ 3 10],12,-1,29,-1,12
1,<environment.Job instance at 0x7f97b3ca9b40>,12,12,[3 6],13,-1,25,-1,13
1,<environment.Job instance at 0x7f97b3ca9b90>,14,17,[4 5],15,-1,32,-1,15
1,<environment.Job instance at 0x7f97b3ca9d20>,15,13,[3 7],16,-1,29,-1,16
1,<environment.Job instance at 0x7f97b3ca9dc0>,17,1,[10  1],18,-1,19,-1,18
1,<environment.Job instance at 0x7f97b3ca93c0>,3,12,[6 3],4,-1,30,-1,18
1,<environment.Job instance at 0x7f97b3c9f370>,24,18,[7 5],25,-1,44,-1,26
1,<environment.Job instance at 0x7f97b3c9f730>,27,16,[7 4],28,-1,44,-1,28
1,<environment.Job instance at 0x7f97b3c9f640>,25,26,[ 4 10],26,-1,56,-1,30
1,<environment.Job instance at 0x7f97b3c9fa00>,31,17,[ 3 10],32,-1,49,-1,32
1,<environment.Job instance at 0x7f97b3c9fcd0>,32,14,[1 7],33,-1,49,-1,35
1,<environment.Job instance at 0x7f97b3c9fd70>,34,27,[3 7],35,-1,62,-1,35
1,<environment.Job instance at 0x7f97b3c9fdc0>,36,15,[9 4],37,-1,53,-1,38
1,<environment.Job instance at 0x7f97b3ccc050>,37,17,[8 2],38,-1,55,-1,38
1,<environment.Job instance at 0x7f97b3ccc4b0>,43,16,[9 3],44,-1,62,-1,46
1,<environment.Job instance at 0x7f97b3ccc780>,45,16,[ 5 10],46,-1,66,-1,50
1,<environment.Job instance at 0x7f97b3ccce60>,52,18,[10  4],53,-1,82,-1,64
1,<environment.Job instance at 0x7f97b3c9f7d0>,29,22,[12  5],30,-1,86,-1,64
1,<environment.Job instance at 0x7f97b3ccc370>,42,18,[5 5],43,-1,82,-1,64
1,<environment.Job instance at 0x7f97b3cd1050>,54,17,[6 4],55,-1,84,-1,67
1,<environment.Job instance at 0x7f97b3cccf50>,53,16,[1 8],54,-1,83,-1,67
1,<environment.Job instance at 0x7f97b3cd1230>,58,13,[8 3],59,-1,80,-1,67
1,<environment.Job instance at 0x7f97b3cd12d0>,59,1,[2 8],60,-1,68,-1,67
1,<environment.Job instance at 0x7f97b3cd1190>,57,12,[5 5],58,-1,79,-1,67
1,<environment.Job instance at 0x7f97b3caa690>,64,12,[5 5],65,-1,79,-1,67
1,<environment.Job instance at 0x7f97b30cb4b0>,65,16,[ 3 10],66,-1,83,-1,67
1,<environment.Job instance at 0x7f97b3caa370>,66,18,[5 7],67,-1,85,-1,67
1,<environment.Job instance at 0x7f97b31827d0>,69,15,[3 7],70,-1,86,-1,71
1,<environment.Job instance at 0x7f97b2b4c3c0>,82,16,[7 5],83,-1,118,-1,102
1,<environment.Job instance at 0x7f97b319fbe0>,72,22,[13  5],73,-1,125,-1,103
1,<environment.Job instance at 0x7f97b269eaa0>,77,27,[3 7],78,-1,130,-1,103
1,<environment.Job instance at 0x7f97b31b2280>,88,18,[2 5],89,-1,121,-1,103
1,<environment.Job instance at 0x7f97b2b4c820>,84,17,[5 2],85,-1,120,-1,103
1,<environment.Job instance at 0x7f97b2b76eb0>,91,18,[ 5 10],92,-1,121,-1,103
1,<environment.Job instance at 0x7f97b2b76a50>,93,12,[2 9],94,-1,115,-1,103
1,<environment.Job instance at 0x7f97b2b76140>,95,25,[2 7],96,-1,128,-1,103
1,<environment.Job instance at 0x7f97b2b765f0>,96,15,[9 2],97,-1,118,-1,103
1,<environment.Job instance at 0x7f97b2b76780>,98,17,[7 4],99,-1,120,-1,103
1,<environment.Job instance at 0x7f97b2b76e60>,99,16,[ 1 10],100,-1,119,-1,103
1,<environment.Job instance at 0x7f97b3caa190>,67,28,[8 3],68,-1,131,-1,103
1,<environment.Job instance at 0x7f97b2b760f0>,101,14,[ 2 10],102,-1,117,-1,103
1,<environment.Job instance at 0x7f97b3be1550>,1,1,[12  2],2,-1,3,-1,2
1,<environment.Job instance at 0x7f97b37cf410>,20,23,[ 1 12],21,-1,63,-1,40
1,<environment.Job instance at 0x7f97b333e370>,22,28,[1 7],23,-1,78,-1,50
1,<environment.Job instance at 0x7f97b2c6d280>,25,26,[ 4 10],26,-1,81,-1,55
1,<environment.Job instance at 0x7f97b331a320>,29,22,[12  5],30,-1,81,-1,59
1,<environment.Job instance at 0x7f97b370dcd0>,34,27,[3 7],35,-1,113,-1,86
1,<environment.Job instance at 0x7f97b3be1320>,4,3,[10  1],5,-1,10,-1,7
1,<environment.Job instance at 0x7f97b2559e60>,13,18,[2 9],14,-1,33,-1,15
1,<environment.Job instance at 0x7f97b2559050>,11,15,[ 3 13],12,-1,46,-1,31
1,<environment.Job instance at 0x7f97b29796e0>,23,13,[2 7],24,-1,44,-1,31
1,<environment.Job instance at 0x7f97b2979050>,24,19,[1 7],25,-1,50,-1,31
1,<environment.Job instance at 0x7f97b2a85d20>,16,26,[ 4 10],17,-1,58,-1,32
1,<environment.Job instance at 0x7f97b2a85fa0>,19,17,[7 1],20,-1,49,-1,32
1,<environment.Job instance at 0x7f97b2979960>,25,13,[13  4],26,-1,45,-1,32
1,<environment.Job instance at 0x7f97b29798c0>,34,25,[7 4],35,-1,60,-1,35
1,<environment.Job instance at 0x7f97b2979aa0>,35,22,[9 2],36,-1,58,-1,36
1,<environment.Job instance at 0x7f97b2979230>,27,17,[7 2],28,-1,54,-1,37
1,<environment.Job instance at 0x7f97b2f570f0>,38,19,[2 5],39,-1,58,-1,39
1,<environment.Job instance at 0x7f97b2f578c0>,41,21,[7 2],42,-1,92,-1,71
1,<environment.Job instance at 0x7f97b2f57230>,42,14,[ 4 14],43,-1,85,-1,71
1,<environment.Job instance at 0x7f97b2f57c30>,47,16,[3 9],48,-1,92,-1,76
1,<environment.Job instance at 0x7f97bca03e10>,54,17,[10  1],55,-1,93,-1,76
1,<environment.Job instance at 0x7f97bca03780>,56,16,[9 3],57,-1,92,-1,76
1,<environment.Job instance at 0x7f97bca035f0>,58,16,[8 3],59,-1,101,-1,85
1,<environment.Job instance at 0x7f97b31ebaf0>,62,26,[5 7],63,-1,119,-1,93
1,<environment.Job instance at 0x7f97b31eba50>,63,17,[5 8],64,-1,112,-1,95
1,<environment.Job instance at 0x7f97b31eb780>,65,19,[3 8],66,-1,114,-1,95
1,<environment.Job instance at 0x7f97b31eb910>,68,28,[5 2],69,-1,123,-1,95
1,<environment.Job instance at 0x7f97b31ebc80>,69,18,[10  5],70,-1,118,-1,100
1,<environment.Job instance at 0x7f97b31eb2d0>,72,20,[10  4],73,-1,120,-1,100
1,<environment.Job instance at 0x7f97b2f577d0>,43,22,[10  1],44,-1,123,-1,101
1,<environment.Job instance at 0x7f97b2f57690>,46,18,[10  3],47,-1,119,-1,101
1,<environment.Job instance at 0x7f97b35009b0>,77,13,[10  1],78,-1,120,-1,107
1,<environment.Job instance at 0x7f97b31eb0a0>,75,16,[ 3 10],76,-1,124,-1,108
1,<environment.Job instance at 0x7f97b2f57960>,50,18,[ 2 13],51,-1,126,-1,108
1,<environment.Job instance at 0x7f97b3500780>,81,15,[2 7],82,-1,123,-1,108
1,<environment.Job instance at 0x7f97b3500fa0>,82,12,[ 3 10],83,-1,120,-1,108
1,<environment.Job instance at 0x7f97b31ebe10>,74,14,[1 9],75,-1,122,-1,108
1,<environment.Job instance at 0x7f97b3500640>,84,14,[7 2],85,-1,122,-1,108
1,<environment.Job instance at 0x7f97b29792d0>,26,25,[ 3 12],27,-1,133,-1,108
1,<environment.Job instance at 0x7f97b2ba0140>,86,13,[9 1],87,-1,121,-1,108
1,<environment.Job instance at 0x7f97b3500e10>,83,16,[7 2],84,-1,124,-1,108
1,<environment.Job instance at 0x7f97b2ba0550>,89,28,[10  4],90,-1,136,-1,108
1,<environment.Job instance at 0x7f97b2ba0820>,92,13,[3 5],93,-1,122,-1,109
1,<environment.Job instance at 0x7f97b36efeb0>,94,17,[5 9],95,-1,126,-1,109
1,<environment.Job instance at 0x7f97b31ebe60>,64,28,[9 1],65,-1,138,-1,110
1,<environment.Job instance at 0x7f97b36ef640>,97,14,[1 9],98,-1,124,-1,110
1,<environment.Job instance at 0x7f97b36ef190>,98,18,[5 2],99,-1,128,-1,110
1,<environment.Job instance at 0x7f97b36ef320>,95,3,[11  1],96,-1,113,-1,110
1,<environment.Job instance at 0x7f97b35004b0>,79,14,[8 4],80,-1,125,-1,111
1,<environment.Job instance at 0x7f97b36ef280>,100,1,[ 1 14],101,-1,112,-1,111
1,<environment.Job instance at 0x7f97b3a96c30>,103,12,[10  1],104,-1,123,-1,111
1,<environment.Job instance at 0x7f97b3a96910>,104,15,[10  1],105,-1,126,-1,111
1,<environment.Job instance at 0x7f97b3a96780>,105,3,[1 5],106,-1,114,-1,111
1,<environment.Job instance at 0x7f97b3a960a0>,106,14,[2 7],107,-1,125,-1,111
1,<environment.Job instance at 0x7f97b3a963c0>,107,1,[5 7],108,-1,112,-1,111
1,<environment.Job instance at 0x7f97b2dac050>,108,28,[2 8],109,-1,139,-1,111
1,<environment.Job instance at 0x7f97b3621d70>,109,13,[ 5 12],110,-1,124,-1,111
1,<environment.Job instance at 0x7f97b3621370>,110,3,[2 8],111,-1,114,-1,111
1,<environment.Job instance at 0x7f97b2ba0e60>,87,20,[10  3],88,-1,131,-1,111
1,<environment.Job instance at 0x7f97b36ef780>,101,17,[ 5 10],102,-1,129,-1,112
1,<environment.Job instance at 0x7f97b3621af0>,111,17,[5 5],112,-1,129,-1,112
1,<environment.Job instance at 0x7f97b3621e10>,112,13,[8 4],113,-1,126,-1,113
1,<environment.Job instance at 0x7f97b2dad0f0>,113,16,[5 2],114,-1,130,-1,114
1,<environment.Job instance at 0x7f97b2fba3c0>,114,17,[1 5],115,-1,132,-1,115
1,<environment.Job instance at 0x7f97b251a910>,117,12,[5 5],118,-1,131,-1,119
1,<environment.Job instance at 0x7f97bc6198c0>,119,14,[8 1],120,-1,134,-1,120
1,<environment.Job instance at 0x7f97b3e61640>,120,12,[4 6],121,-1,133,-1,121
1,<environment.Job instance at 0x7f97b3e61410>,121,1,[8 4],122,-1,123,-1,122
1,<environment.Job instance at 0x7f97bc40c1e0>,122,2,[ 1 10],123,-1,125,-1,123
1,<environment.Job instance at 0x7f97bc40c320>,123,14,[2 7],124,-1,138,-1,124
1,<environment.Job instance at 0x7f97b3a96dc0>,128,14,[8 5],129,-1,143,-1,129
1,<environment.Job instance at 0x7f97b3caa1e0>,1,24,[ 3 14],2,-1,26,-1,2
1,<environment.Job instance at 0x7f97b2b51050>,8,13,[14  1],9,-1,22,-1,9
1,<environment.Job instance at 0x7f97b2e146e0>,11,15,[ 3 13],12,-1,27,-1,12
1,<environment.Job instance at 0x7f97b2e19b40>,16,26,[ 4 10],17,-1,54,-1,28
1,<environment.Job instance at 0x7f97b3a9b410>,21,3,[ 2 12],22,-1,34,-1,31
1,<environment.Job instance at 0x7f97b376bf50>,25,13,[13  4],26,-1,57,-1,44
1,<environment.Job instance at 0x7f97b32e6050>,26,25,[ 3 12],27,-1,69,-1,44
1,<environment.Job instance at 0x7f97b330f460>,34,25,[7 4],35,-1,94,-1,69
1,<environment.Job instance at 0x7f97b330faf0>,36,28,[6 2],37,-1,97,-1,69
1,<environment.Job instance at 0x7f97b379a050>,40,1,[ 2 11],41,-1,72,-1,71
1,<environment.Job instance at 0x7f97b27676e0>,42,14,[ 4 14],43,-1,88,-1,74
1,<environment.Job instance at 0x7f97b36e1c30>,50,18,[ 2 13],51,-1,98,-1,80
1,<environment.Job instance at 0x7f97b33967d0>,57,3,[12  2],58,-1,105,-1,102
1,<environment.Job instance at 0x7f97b32cf410>,62,26,[5 7],63,-1,157,-1,131
1,<environment.Job instance at 0x7f97b32cf4b0>,64,28,[9 1],65,-1,170,-1,142
1,<environment.Job instance at 0x7f97b2b065a0>,0,13,[9 4],1,-1,16,-1,3
1,<environment.Job instance at 0x7f97b3c38af0>,3,1,[9 4],4,-1,5,-1,4
1,<environment.Job instance at 0x7f97b3c38f50>,4,15,[ 5 10],5,-1,20,-1,5
1,<environment.Job instance at 0x7f97b26ba640>,2,24,[2 9],3,-1,30,-1,6
1,<environment.Job instance at 0x7f97b3c385a0>,7,16,[5 7],8,-1,24,-1,8
1,<environment.Job instance at 0x7f97b3c38a50>,9,18,[1 9],10,-1,28,-1,10
1,<environment.Job instance at 0x7f97b3c38820>,10,16,[9 3],11,-1,29,-1,13
1,<environment.Job instance at 0x7f97b26d2be0>,12,17,[8 1],13,-1,30,-1,13
1,<environment.Job instance at 0x7f97b2498550>,17,16,[5 9],18,-1,34,-1,18
1,<environment.Job instance at 0x7f97b2498140>,18,16,[7 3],19,-1,35,-1,19
1,<environment.Job instance at 0x7f97b26d29b0>,19,20,[5 3],20,-1,40,-1,20
1,<environment.Job instance at 0x7f97b2490fa0>,21,17,[4 6],22,-1,39,-1,22
1,<environment.Job instance at 0x7f97b2490aa0>,24,14,[10  2],25,-1,40,-1,26
1,<environment.Job instance at 0x7f97b2498d70>,25,23,[1 8],26,-1,51,-1,28
1,<environment.Job instance at 0x7f97b2f8efa0>,35,18,[4 6],36,-1,54,-1,36
1,<environment.Job instance at 0x7f97b2487fa0>,37,18,[3 5],38,-1,57,-1,39
1,<environment.Job instance at 0x7f97b2487820>,41,18,[1 8],42,-1,60,-1,42
1,<environment.Job instance at 0x7f97b2487370>,38,19,[3 9],39,-1,62,-1,43
1,<environment.Job instance at 0x7f97b2ac0be0>,43,17,[6 4],44,-1,61,-1,44
1,<environment.Job instance at 0x7f97b2ac0500>,44,26,[8 5],45,-1,71,-1,45
1,<environment.Job instance at 0x7f97b2ac0230>,47,17,[4 8],48,-1,65,-1,48
1,<environment.Job instance at 0x7f97b2cb3140>,50,22,[6 2],51,-1,74,-1,52
1,<environment.Job instance at 0x7f97b2ca9dc0>,53,24,[3 7],54,-1,78,-1,54
1,<environment.Job instance at 0x7f97b2cb1640>,54,16,[10  1],55,-1,71,-1,55
1,<environment.Job instance at 0x7f97b2fbad20>,55,18,[7 3],56,-1,74,-1,56
1,<environment.Job instance at 0x7f97b2482410>,59,18,[3 7],60,-1,78,-1,60
1,<environment.Job instance at 0x7f97b24b9c80>,62,16,[ 4 12],63,-1,79,-1,63
1,<environment.Job instance at 0x7f97b2caff00>,51,13,[ 5 10],52,-1,77,-1,64
1,<environment.Job instance at 0x7f97b2547550>,68,18,[5 8],69,-1,88,-1,70
1,<environment.Job instance at 0x7f97b26efc30>,71,18,[10  3],72,-1,92,-1,74
1,<environment.Job instance at 0x7f97b26efaa0>,75,25,[ 4 10],76,-1,101,-1,76
1,<environment.Job instance at 0x7f97b2488460>,76,13,[9 3],77,-1,90,-1,77
1,<environment.Job instance at 0x7f97b2488c30>,77,14,[10  2],78,-1,92,-1,78
1,<environment.Job instance at 0x7f97b2488e60>,78,15,[4 6],79,-1,94,-1,79
1,<environment.Job instance at 0x7f97b2488640>,79,16,[ 3 12],80,-1,96,-1,80
1,<environment.Job instance at 0x7f97b26ef5f0>,73,15,[5 6],74,-1,100,-1,85
1,<environment.Job instance at 0x7f97b343b3c0>,86,18,[6 4],87,-1,105,-1,87
1,<environment.Job instance at 0x7f97b343bc80>,87,18,[ 5 10],88,-1,109,-1,91
1,<environment.Job instance at 0x7f97b343b780>,91,27,[4 5],92,-1,119,-1,92
1,<environment.Job instance at 0x7f97b343b2d0>,90,17,[5 2],91,-1,109,-1,92
1,<environment.Job instance at 0x7f97b34ea910>,94,14,[3 5],95,-1,110,-1,96
1,<environment.Job instance at 0x7f97b3d13550>,96,27,[10  5],97,-1,124,-1,97
1,<environment.Job instance at 0x7f97b311b820>,95,18,[1 8],96,-1,117,-1,99
1,<environment.Job instance at 0x7f97b2cf5050>,100,15,[10  1],101,-1,116,-1,101
1,<environment.Job instance at 0x7f97b2cf5d20>,101,15,[2 9],102,-1,117,-1,102
1,<environment.Job instance at 0x7f97b2cf58c0>,102,17,[5 5],103,-1,120,-1,103
1,<environment.Job instance at 0x7f97b2cf5190>,105,17,[9 3],106,-1,124,-1,107
1,<environment.Job instance at 0x7f97b2cf5870>,106,14,[13  3],107,-1,121,-1,107
1,<environment.Job instance at 0x7f97b2cf5be0>,107,21,[2 8],108,-1,130,-1,109
1,<environment.Job instance at 0x7f97b2cf5cd0>,108,17,[8 2],109,-1,126,-1,109
1,<environment.Job instance at 0x7f97b2cf5af0>,110,15,[8 1],111,-1,128,-1,113
1,<environment.Job instance at 0x7f97b2cf52d0>,112,14,[3 7],113,-1,129,-1,115
1,<environment.Job instance at 0x7f97b2cda550>,120,14,[5 5],121,-1,135,-1,121
1,<environment.Job instance at 0x7f97b2f4f4b0>,133,21,[9 1],134,-1,156,-1,135
1,<environment.Job instance at 0x7f97b26522d0>,131,16,[5 2],132,-1,153,-1,137
1,<environment.Job instance at 0x7f97b2f4fdc0>,135,23,[4 8],136,-1,160,-1,137
1,<environment.Job instance at 0x7f97b29790a0>,2,24,[2 9],3,-1,29,-1,5
1,<environment.Job instance at 0x7f97b2490190>,25,23,[1 8],26,-1,98,-1,75
1,<environment.Job instance at 0x7f97b2500f00>,28,13,[ 5 13],29,-1,88,-1,75
1,<environment.Job instance at 0x7f97b2f8eeb0>,32,3,[ 5 13],33,-1,85,-1,82
1,<environment.Job instance at 0x7f97b2488730>,44,26,[8 5],45,-1,157,-1,131
1,<environment.Job instance at 0x7f97b25e4410>,53,24,[3 7],54,-1,166,-1,142
1,<environment.Job instance at 0x7f97b39665f0>,3,17,[10  2],4,-1,22,-1,5
1,<environment.Job instance at 0x7f97b2e20910>,5,18,[8 1],6,-1,24,-1,6
1,<environment.Job instance at 0x7f97b2e20370>,7,17,[2 9],8,-1,25,-1,8
1,<environment.Job instance at 0x7f97b3db8320>,8,27,[9 1],9,-1,37,-1,10
1,<environment.Job instance at 0x7f97b375a910>,13,27,[6 5],14,-1,41,-1,14
1,<environment.Job instance at 0x7f97bc7cf5a0>,15,26,[6 1],16,-1,42,-1,16
1,<environment.Job instance at 0x7f97b2c5b460>,16,16,[10  2],17,-1,33,-1,17
1,<environment.Job instance at 0x7f97b2c5b0a0>,17,15,[7 3],18,-1,33,-1,18
1,<environment.Job instance at 0x7f97b2c5b230>,18,15,[5 7],19,-1,34,-1,19
1,<environment.Job instance at 0x7f97b2c5beb0>,19,14,[9 3],20,-1,34,-1,20
1,<environment.Job instance at 0x7f97b2c5be60>,20,26,[4 5],21,-1,47,-1,21
1,<environment.Job instance at 0x7f97bc8bd280>,21,16,[7 3],22,-1,38,-1,22
1,<environment.Job instance at 0x7f97b2ae97d0>,23,17,[9 1],24,-1,41,-1,24
1,<environment.Job instance at 0x7f97b2ae9dc0>,25,18,[8 2],26,-1,44,-1,26
1,<environment.Job instance at 0x7f97b3b9da50>,28,15,[7 5],29,-1,44,-1,29
1,<environment.Job instance at 0x7f97b3b9d550>,29,23,[4 6],30,-1,53,-1,30
1,<environment.Job instance at 0x7f97b36e8550>,34,17,[7 5],35,-1,52,-1,35
1,<environment.Job instance at 0x7f97b3844050>,36,14,[ 4 10],37,-1,51,-1,37
1,<environment.Job instance at 0x7f97b2c46af0>,42,16,[2 9],43,-1,59,-1,43
1,<environment.Job instance at 0x7f97b3850fa0>,43,16,[1 8],44,-1,60,-1,44
1,<environment.Job instance at 0x7f97b3850c80>,44,15,[9 3],45,-1,60,-1,45
1,<environment.Job instance at 0x7f97b3850d20>,45,15,[4 8],46,-1,61,-1,46
1,<environment.Job instance at 0x7f97bc3c65a0>,47,25,[9 5],48,-1,73,-1,48
1,<environment.Job instance at 0x7f97b3cc5370>,50,15,[2 9],51,-1,66,-1,51
1,<environment.Job instance at 0x7f97b3ca4b90>,61,14,[9 1],62,-1,76,-1,62
1,<environment.Job instance at 0x7f97b3ca4e10>,62,13,[8 3],63,-1,76,-1,63
1,<environment.Job instance at 0x7f97b3ca4cd0>,63,15,[4 9],64,-1,79,-1,64
1,<environment.Job instance at 0x7f97b3c9e0f0>,66,18,[2 5],67,-1,85,-1,67
1,<environment.Job instance at 0x7f97b3c9e1e0>,68,27,[4 6],69,-1,96,-1,69
1,<environment.Job instance at 0x7f97b375aaa0>,12,22,[8 5],13,-1,97,-1,75
1,<environment.Job instance at 0x7f97b3cd4280>,81,18,[1 6],82,-1,102,-1,84
1,<environment.Job instance at 0x7f97b3cd4550>,85,18,[5 8],86,-1,104,-1,86
1,<environment.Job instance at 0x7f97b2e20050>,9,12,[9 3],10,-1,101,-1,89
1,<environment.Job instance at 0x7f97b3cd4460>,83,14,[8 5],84,-1,103,-1,89
1,<environment.Job instance at 0x7f97b3cd4910>,89,18,[5 6],90,-1,111,-1,93
1,<environment.Job instance at 0x7f97b3cd2230>,98,16,[10  1],99,-1,148,-1,132
1,<environment.Job instance at 0x7f97b3cd2280>,105,18,[4 6],106,-1,157,-1,139
1,<environment.Job instance at 0x7f97b3cd23c0>,103,16,[8 3],104,-1,163,-1,147
1,<environment.Job instance at 0x7f97b3a01e10>,8,27,[9 1],9,-1,51,-1,24
1,<environment.Job instance at 0x7f97b3a01140>,11,16,[14  3],12,-1,40,-1,24
1,<environment.Job instance at 0x7f97b3a01320>,13,27,[6 5],14,-1,51,-1,24
1,<environment.Job instance at 0x7f97b3a01a00>,15,26,[6 1],16,-1,50,-1,24
1,<environment.Job instance at 0x7f97b3a01550>,20,26,[4 5],21,-1,73,-1,47
1,<environment.Job instance at 0x7f97b2e9f820>,27,15,[12  1],28,-1,85,-1,70
1,<environment.Job instance at 0x7f97b2e9f500>,29,23,[4 6],30,-1,103,-1,80
1,<environment.Job instance at 0x7f97b2e9f190>,30,1,[ 2 14],31,-1,81,-1,80
1,<environment.Job instance at 0x7f7f25ff06e0>,0,18,[ 2 10],1,-1,20,-1,2
1,<environment.Job instance at 0x7f7f1c9a6af0>,3,18,[ 3 10],4,-1,22,-1,4
1,<environment.Job instance at 0x7f7f1c9a6c80>,4,18,[10  4],5,-1,23,-1,5
1,<environment.Job instance at 0x7f7f1c9a6b90>,5,13,[5 9],6,-1,19,-1,6
1,<environment.Job instance at 0x7f7f1c9a6e60>,8,17,[ 2 10],9,-1,26,-1,9
1,<environment.Job instance at 0x7f7f1c9a6f50>,9,17,[ 4 10],10,-1,27,-1,10
1,<environment.Job instance at 0x7f7f1c9ab820>,18,16,[8 5],19,-1,35,-1,19
1,<environment.Job instance at 0x7f7f1c9abcd0>,23,18,[5 2],24,-1,42,-1,24
1,<environment.Job instance at 0x7f7f1c9abf00>,26,22,[2 9],27,-1,49,-1,27
1,<environment.Job instance at 0x7f7f1c9ae4b0>,31,17,[4 9],32,-1,49,-1,32
1,<environment.Job instance at 0x7f7f1c9ae5f0>,32,17,[9 3],33,-1,50,-1,33
1,<environment.Job instance at 0x7f7f1c9aea00>,35,16,[8 1],36,-1,52,-1,36
1,<environment.Job instance at 0x7f7f1c9aed20>,38,12,[3 6],39,-1,51,-1,39
1,<environment.Job instance at 0x7f7f1c9aee60>,39,18,[5 8],40,-1,58,-1,40
1,<environment.Job instance at 0x7f7f1c9aef00>,41,14,[6 1],42,-1,56,-1,42
1,<environment.Job instance at 0x7f7f1c9b00a0>,42,14,[8 4],43,-1,57,-1,43
1,<environment.Job instance at 0x7f7f1c9b0140>,43,28,[6 4],44,-1,72,-1,44
1,<environment.Job instance at 0x7f7f1c9b0b90>,56,18,[4 5],57,-1,75,-1,57
1,<environment.Job instance at 0x7f7f1c9b33c0>,62,20,[9 1],63,-1,172,-1,152
1,<environment.Job instance at 0x7f7f1c9b30f0>,60,24,[ 3 10],61,-1,176,-1,152
1,<environment.Job instance at 0x7f7f1c9b3f00>,78,19,[8 4],79,-1,171,-1,152
1,<environment.Job instance at 0x7f7f1c9b36e0>,67,26,[5 4],68,-1,178,-1,152
1,<environment.Job instance at 0x7f7f1c9b5550>,85,19,[14  4],86,-1,172,-1,153
1,<environment.Job instance at 0x7f7f1c9b3f50>,77,15,[4 7],78,-1,168,-1,153
1,<environment.Job instance at 0x7f7f1c9b5780>,89,13,[7 2],90,-1,167,-1,154
1,<environment.Job instance at 0x7f7f1c9abaa0>,1,15,[ 1 14],2,-1,17,-1,2
1,<environment.Job instance at 0x7f7f1cab5c30>,6,12,[11  4],7,-1,19,-1,7
1,<environment.Job instance at 0x7f7f1c99e6e0>,19,17,[12  3],20,-1,67,-1,50
1,<environment.Job instance at 0x7f7f1ca63230>,22,2,[12  3],23,-1,62,-1,60
1,<environment.Job instance at 0x7f7f1ca673c0>,43,28,[6 4],44,-1,166,-1,138
1,<environment.Job instance at 0x7f7f1ca679b0>,44,17,[ 5 12],45,-1,155,-1,138
1,<environment.Job instance at 0x7f7f1ca67690>,50,27,[9 1],51,-1,179,-1,152
1,<environment.Job instance at 0x7f7f1caca2d0>,52,3,[ 3 11],53,-1,155,-1,152
1,<environment.Job instance at 0x7f7f1caca500>,53,18,[ 4 12],54,-1,170,-1,152
1,<environment.Job instance at 0x7f7f1c9ab1e0>,4,13,[1 9],5,-1,18,-1,5
1,<environment.Job instance at 0x7f7f1c0f8f50>,8,18,[4 6],9,-1,27,-1,9
1,<environment.Job instance at 0x7f7f1c37f960>,9,16,[3 5],10,-1,26,-1,10
1,<environment.Job instance at 0x7f7f1c1d9050>,13,12,[1 7],14,-1,26,-1,14
1,<environment.Job instance at 0x7f7f1c21b820>,17,13,[ 4 10],18,-1,31,-1,18
1,<environment.Job instance at 0x7f7f1c1d90a0>,18,14,[4 7],19,-1,33,-1,19
1,<environment.Job instance at 0x7f7f1c1d9640>,19,23,[2 8],20,-1,43,-1,20
1,<environment.Job instance at 0x7f7f1c240050>,24,12,[5 7],25,-1,37,-1,25
1,<environment.Job instance at 0x7f7f1c240690>,25,17,[10  5],26,-1,43,-1,26
1,<environment.Job instance at 0x7f7f1c240910>,26,26,[9 1],27,-1,53,-1,27
1,<environment.Job instance at 0x7f7f1c240b90>,28,14,[8 5],29,-1,43,-1,29
1,<environment.Job instance at 0x7f7f1c240c30>,29,17,[9 2],30,-1,47,-1,30
1,<environment.Job instance at 0x7f7f1c2406e0>,30,18,[5 1],31,-1,49,-1,31
1,<environment.Job instance at 0x7f7f1c2403c0>,32,14,[8 4],33,-1,47,-1,33
1,<environment.Job instance at 0x7f7f1c24bd70>,34,17,[10  5],35,-1,52,-1,35
1,<environment.Job instance at 0x7f7f1c0280f0>,35,16,[ 3 10],36,-1,52,-1,36
1,<environment.Job instance at 0x7f7f1c14f3c0>,36,23,[5 8],37,-1,60,-1,37
1,<environment.Job instance at 0x7f7f1c22e0a0>,15,25,[3 9],16,-1,64,-1,39
1,<environment.Job instance at 0x7f7f1bf78fa0>,42,14,[9 2],43,-1,58,-1,44
1,<environment.Job instance at 0x7f7f1bf76a50>,44,17,[10  2],45,-1,62,-1,45
1,<environment.Job instance at 0x7f7f1bf761e0>,45,17,[5 9],46,-1,63,-1,46
1,<environment.Job instance at 0x7f7f1bf962d0>,48,22,[9 2],49,-1,71,-1,49
1,<environment.Job instance at 0x7f7f1bf6d320>,50,17,[2 9],51,-1,68,-1,51
1,<environment.Job instance at 0x7f7f1bf763c0>,43,27,[5 3],44,-1,78,-1,51
1,<environment.Job instance at 0x7f7f1bf5d960>,51,18,[ 5 11],52,-1,71,-1,53
1,<environment.Job instance at 0x7f7f1bf78dc0>,52,17,[10  4],53,-1,70,-1,53
1,<environment.Job instance at 0x7f7f1c142140>,55,17,[8 1],56,-1,74,-1,57
1,<environment.Job instance at 0x7f7f1c0f9aa0>,57,18,[ 1 10],58,-1,76,-1,58
1,<environment.Job instance at 0x7f7f1bfe2050>,58,28,[7 4],59,-1,87,-1,59
1,<environment.Job instance at 0x7f7f1c099460>,56,16,[7 2],57,-1,77,-1,61
1,<environment.Job instance at 0x7f7f1c0f7640>,65,17,[3 5],66,-1,86,-1,69
1,<environment.Job instance at 0x7f7f1bfc7870>,70,15,[7 4],71,-1,86,-1,71
1,<environment.Job instance at 0x7f7f1bfc7690>,71,13,[3 6],72,-1,85,-1,72
1,<environment.Job instance at 0x7f7f1bfc72d0>,72,16,[8 5],73,-1,89,-1,73
1,<environment.Job instance at 0x7f7f1bfdec30>,68,16,[14  3],69,-1,90,-1,74
1,<environment.Job instance at 0x7f7f1bfc7730>,74,14,[8 5],75,-1,91,-1,77
1,<environment.Job instance at 0x7f7f1bfc2b90>,78,18,[3 8],79,-1,97,-1,79
1,<environment.Job instance at 0x7f7f1bfc27d0>,79,16,[9 4],80,-1,96,-1,80
1,<environment.Job instance at 0x7f7f1bfc24b0>,81,16,[7 4],82,-1,100,-1,84
1,<environment.Job instance at 0x7f7f1bfc2eb0>,84,15,[9 5],85,-1,103,-1,88
1,<environment.Job instance at 0x7f7f1bfc33c0>,88,12,[9 2],89,-1,101,-1,89
1,<environment.Job instance at 0x7f7f1bfc30a0>,90,18,[8 5],91,-1,110,-1,92
1,<environment.Job instance at 0x7f7f1bfc3d70>,87,16,[2 8],88,-1,110,-1,94
1,<environment.Job instance at 0x7f7f1bfc51e0>,101,19,[ 3 14],102,-1,121,-1,102
1,<environment.Job instance at 0x7f7f1bfc5d70>,103,21,[9 5],104,-1,128,-1,107
1,<environment.Job instance at 0x7f7f1bfc2230>,80,28,[7 3],81,-1,135,-1,107
1,<environment.Job instance at 0x7f7f1bfc5a50>,104,18,[10  2],105,-1,125,-1,107
1,<environment.Job instance at 0x7f7f1bfc4af0>,106,22,[6 1],107,-1,129,-1,107
1,<environment.Job instance at 0x7f7f1bfc3a00>,94,17,[1 9],95,-1,125,-1,108
1,<environment.Job instance at 0x7f7f1bfc0cd0>,108,21,[5 1],109,-1,130,-1,109
1,<environment.Job instance at 0x7f7f1bfc0140>,112,17,[8 2],113,-1,134,-1,117
1,<environment.Job instance at 0x7f7f1bf59c30>,113,18,[7 5],114,-1,135,-1,117
1,<environment.Job instance at 0x7f7f2eb553c0>,117,14,[4 7],118,-1,132,-1,118
1,<environment.Job instance at 0x7f7f261ce3c0>,116,14,[5 4],117,-1,137,-1,123
1,<environment.Job instance at 0x7f7f1bfc0a50>,111,18,[ 5 14],112,-1,141,-1,123
1,<environment.Job instance at 0x7f7f1bfcc7d0>,121,16,[6 2],122,-1,147,-1,131
1,<environment.Job instance at 0x7f7f1bfc2190>,86,17,[2 6],87,-1,151,-1,134
1,<environment.Job instance at 0x7f7f1c047500>,129,14,[5 7],130,-1,148,-1,134
1,<environment.Job instance at 0x7f7f1c047550>,130,13,[7 4],131,-1,147,-1,134
1,<environment.Job instance at 0x7f7f1bfc50a0>,105,12,[12  4],106,-1,146,-1,134
1,<environment.Job instance at 0x7f7f1bfad0a0>,136,16,[5 7],137,-1,153,-1,137
1,<environment.Job instance at 0x7f7f1bfbbeb0>,139,15,[7 4],140,-1,155,-1,140
1,<environment.Job instance at 0x7f7f1bfbbcd0>,140,17,[4 5],141,-1,158,-1,141
1,<environment.Job instance at 0x7f7f1bf55e10>,133,18,[9 2],134,-1,160,-1,142
1,<environment.Job instance at 0x7f7f1bfbba00>,138,15,[2 5],139,-1,157,-1,142
1,<environment.Job instance at 0x7f7f26159050>,143,13,[8 3],144,-1,159,-1,146
1,<environment.Job instance at 0x7f7f26165370>,145,18,[9 5],146,-1,164,-1,146
1,<environment.Job instance at 0x7f7f261652d0>,146,15,[7 3],147,-1,163,-1,148
1,<environment.Job instance at 0x7f7f1bfc2a50>,6,22,[11  3],7,-1,29,-1,7
1,<environment.Job instance at 0x7f7f261699b0>,15,25,[3 9],16,-1,63,-1,38
1,<environment.Job instance at 0x7f7f1c9c4a50>,19,23,[2 8],20,-1,61,-1,38
1,<environment.Job instance at 0x7f7f1c9c4190>,26,26,[9 1],27,-1,83,-1,57
1,<environment.Job instance at 0x7f7f1ca68cd0>,36,23,[5 8],37,-1,134,-1,111
1,<environment.Job instance at 0x7f7f1c25dd70>,41,2,[12  1],42,-1,118,-1,116
1,<environment.Job instance at 0x7f7f1c1fb460>,43,27,[5 3],44,-1,151,-1,124
1,<environment.Job instance at 0x7f7f1c1cf140>,49,3,[ 4 12],50,-1,142,-1,139
1,<environment.Job instance at 0x7f7f1c1cfeb0>,51,18,[ 5 11],52,-1,157,-1,139
1,<environment.Job instance at 0x7f7f1bfe23c0>,0,14,[ 3 10],1,-1,15,-1,1
1,<environment.Job instance at 0x7f7f1bfa4410>,11,16,[2 8],12,-1,28,-1,12
1,<environment.Job instance at 0x7f7f1bfaa7d0>,18,14,[10  4],19,-1,34,-1,20
1,<environment.Job instance at 0x7f7f1bfaabe0>,19,16,[1 7],20,-1,36,-1,20
1,<environment.Job instance at 0x7f7f1bfaecd0>,21,15,[3 5],22,-1,38,-1,23
1,<environment.Job instance at 0x7f7f1bfae820>,25,17,[6 3],26,-1,43,-1,26
1,<environment.Job instance at 0x7f7f1bfae1e0>,26,20,[6 2],27,-1,47,-1,27
1,<environment.Job instance at 0x7f7f1bfaeb90>,28,17,[2 8],29,-1,46,-1,29
1,<environment.Job instance at 0x7f7f1bfaeaf0>,31,14,[3 6],32,-1,46,-1,32
1,<environment.Job instance at 0x7f7f1bfae960>,32,15,[7 3],33,-1,48,-1,33
1,<environment.Job instance at 0x7f7f1bfae460>,35,16,[2 6],36,-1,52,-1,36
1,<environment.Job instance at 0x7f7f2601a690>,36,15,[10  5],37,-1,52,-1,37
1,<environment.Job instance at 0x7f7f2601a5a0>,37,16,[ 3 10],38,-1,54,-1,38
1,<environment.Job instance at 0x7f7f2601a9b0>,38,16,[3 6],39,-1,55,-1,39
1,<environment.Job instance at 0x7f7f2601af50>,39,22,[1 6],40,-1,62,-1,40
1,<environment.Job instance at 0x7f7f1c02e370>,44,22,[1 9],45,-1,76,-1,54
1,<environment.Job instance at 0x7f7f1c02ebe0>,53,24,[3 6],54,-1,78,-1,54
1,<environment.Job instance at 0x7f7f1c02ec30>,51,18,[3 8],52,-1,74,-1,56
1,<environment.Job instance at 0x7f7f1bff4b40>,55,20,[3 8],56,-1,76,-1,56
1,<environment.Job instance at 0x7f7f1c02e870>,49,18,[ 2 10],50,-1,75,-1,57
1,<environment.Job instance at 0x7f7f1bfaa3c0>,14,18,[13  2],15,-1,76,-1,58
1,<environment.Job instance at 0x7f7f1c02e960>,50,17,[7 1],51,-1,86,-1,69
1,<environment.Job instance at 0x7f7f1bfe3f50>,60,18,[4 8],61,-1,87,-1,69
1,<environment.Job instance at 0x7f7f1bfe33c0>,65,18,[ 3 10],66,-1,87,-1,69
1,<environment.Job instance at 0x7f7f1bfa1870>,68,12,[8 2],69,-1,87,-1,75
1,<environment.Job instance at 0x7f7f1bfaab40>,22,20,[7 3],23,-1,97,-1,77
1,<environment.Job instance at 0x7f7f1bfa1050>,72,17,[9 1],73,-1,94,-1,77
1,<environment.Job instance at 0x7f7f1bfa1c80>,73,18,[8 1],74,-1,95,-1,77
1,<environment.Job instance at 0x7f7f1bfa1230>,70,12,[1 5],71,-1,89,-1,77
1,<environment.Job instance at 0x7f7f1bf9e370>,75,27,[5 5],76,-1,108,-1,81
1,<environment.Job instance at 0x7f7f1bfaa910>,20,18,[11  4],21,-1,100,-1,82
1,<environment.Job instance at 0x7f7f1c02e3c0>,41,25,[10  4],42,-1,107,-1,82
1,<environment.Job instance at 0x7f7f1bf9e640>,76,22,[2 8],77,-1,107,-1,85
1,<environment.Job instance at 0x7f7f1bfe36e0>,66,21,[6 1],67,-1,106,-1,85
1,<environment.Job instance at 0x7f7f1bf9ebe0>,78,13,[14  4],79,-1,101,-1,88
1,<environment.Job instance at 0x7f7f1bf9e1e0>,77,20,[5 2],78,-1,110,-1,90
1,<environment.Job instance at 0x7f7f1bf9ee10>,79,17,[2 6],80,-1,107,-1,90
1,<environment.Job instance at 0x7f7f1bf9e320>,82,17,[4 6],83,-1,107,-1,90
1,<environment.Job instance at 0x7f7f1bf9efa0>,83,27,[7 5],84,-1,117,-1,90
1,<environment.Job instance at 0x7f7f1bf9ea00>,85,12,[4 7],86,-1,102,-1,90
1,<environment.Job instance at 0x7f7f1bf9e730>,86,13,[8 3],87,-1,103,-1,90
1,<environment.Job instance at 0x7f7f1bf9eaf0>,87,13,[4 6],88,-1,103,-1,90
1,<environment.Job instance at 0x7f7f1bf9bc30>,88,14,[2 7],89,-1,104,-1,90
1,<environment.Job instance at 0x7f7f1bf9e140>,81,3,[3 7],82,-1,93,-1,90
1,<environment.Job instance at 0x7f7f1bf9b730>,91,18,[5 7],92,-1,110,-1,92
1,<environment.Job instance at 0x7f7f1bf9eb90>,80,16,[1 9],81,-1,111,-1,95
1,<environment.Job instance at 0x7f7f1bf9b640>,94,3,[2 5],95,-1,98,-1,95
1,<environment.Job instance at 0x7f7f1bf9baa0>,95,25,[3 7],96,-1,121,-1,96
1,<environment.Job instance at 0x7f7f1bf9e9b0>,84,13,[14  5],85,-1,110,-1,97
1,<environment.Job instance at 0x7f7f1bf9b7d0>,97,14,[10  3],98,-1,120,-1,106
1,<environment.Job instance at 0x7f7f1bf9b690>,93,16,[3 5],94,-1,124,-1,108
1,<environment.Job instance at 0x7f7f1bfe3230>,67,13,[4 9],68,-1,121,-1,108
1,<environment.Job instance at 0x7f7f1bf96f50>,102,13,[3 9],103,-1,121,-1,108
1,<environment.Job instance at 0x7f7f1bf9beb0>,96,13,[1 6],97,-1,121,-1,108
1,<environment.Job instance at 0x7f7f1bf96a50>,104,12,[13  3],105,-1,120,-1,108
1,<environment.Job instance at 0x7f7f1bf96820>,101,1,[10  1],102,-1,110,-1,109
1,<environment.Job instance at 0x7f7f1bf96f00>,105,16,[10  5],106,-1,126,-1,110
1,<environment.Job instance at 0x7f7f1bf96dc0>,107,14,[9 1],108,-1,124,-1,110
1,<environment.Job instance at 0x7f7f1bf96b40>,108,21,[9 5],109,-1,132,-1,111
1,<environment.Job instance at 0x7f7f1cc00730>,110,17,[9 4],111,-1,128,-1,111
1,<environment.Job instance at 0x7f7f1bf96eb0>,106,13,[8 4],107,-1,126,-1,113
1,<environment.Job instance at 0x7f7f26169cd0>,112,12,[8 5],113,-1,125,-1,113
1,<environment.Job instance at 0x7f7f1d54e190>,115,15,[5 7],116,-1,133,-1,118
1,<environment.Job instance at 0x7f7f1c726730>,123,17,[1 8],124,-1,141,-1,124
1,<environment.Job instance at 0x7f7f1bfc7e60>,125,24,[3 9],126,-1,150,-1,126
1,<environment.Job instance at 0x7f7f1d1f5be0>,126,17,[9 1],127,-1,147,-1,130
1,<environment.Job instance at 0x7f7f26160a00>,132,17,[10  3],133,-1,150,-1,133
1,<environment.Job instance at 0x7f7f1c7ac780>,1,18,[ 4 13],2,-1,20,-1,2
1,<environment.Job instance at 0x7f7f1c34d460>,7,16,[ 5 13],8,-1,24,-1,8
1,<environment.Job instance at 0x7f7f1d49d140>,14,18,[13  2],15,-1,38,-1,20
1,<environment.Job instance at 0x7f7f25bc5640>,20,18,[11  4],21,-1,54,-1,36
1,<environment.Job instance at 0x7f7f1c2f1af0>,41,25,[10  4],42,-1,143,-1,118
1,<environment.Job instance at 0x7f7f1c32f1e0>,53,24,[3 6],54,-1,172,-1,148
1,<environment.Job instance at 0x7f7f1c4c3a50>,5,19,[7 5],6,-1,26,-1,7
1,<environment.Job instance at 0x7f7f1ce4e410>,7,12,[10  4],8,-1,20,-1,8
1,<environment.Job instance at 0x7f7f1ce4eb40>,10,14,[ 4 10],11,-1,25,-1,11
1,<environment.Job instance at 0x7f7f1ce4ebe0>,12,17,[2 5],13,-1,30,-1,13
1,<environment.Job instance at 0x7f7f1c4c3e10>,6,14,[8 1],7,-1,29,-1,15
1,<environment.Job instance at 0x7f7f1ce4e280>,16,18,[8 2],17,-1,36,-1,18
1,<environment.Job instance at 0x7f7f1ce4e500>,19,18,[5 8],20,-1,38,-1,20
1,<environment.Job instance at 0x7f7f1ce4eeb0>,20,19,[2 7],21,-1,40,-1,21
1,<environment.Job instance at 0x7f7f1ce4e4b0>,21,24,[1 9],22,-1,46,-1,22
1,<environment.Job instance at 0x7f7f1ce4e370>,17,18,[6 2],18,-1,41,-1,23
1,<environment.Job instance at 0x7f7f1ce391e0>,27,23,[10  4],28,-1,51,-1,28
1,<environment.Job instance at 0x7f7f1ce390f0>,31,17,[5 7],32,-1,49,-1,32
1,<environment.Job instance at 0x7f7f1ce39f00>,36,17,[13  2],37,-1,58,-1,41
1,<environment.Job instance at 0x7f7f1ce39fa0>,39,17,[ 5 10],40,-1,58,-1,41
1,<environment.Job instance at 0x7f7f1ce39a00>,40,18,[4 6],41,-1,59,-1,41
1,<environment.Job instance at 0x7f7f1ce25fa0>,41,15,[3 5],42,-1,57,-1,42
1,<environment.Job instance at 0x7f7f1ce25d20>,44,15,[5 7],45,-1,60,-1,45
1,<environment.Job instance at 0x7f7f1ce25af0>,46,14,[ 5 10],47,-1,62,-1,48
1,<environment.Job instance at 0x7f7f1ce250a0>,48,19,[1 6],49,-1,68,-1,49
1,<environment.Job instance at 0x7f7f1ce25050>,53,20,[5 7],54,-1,74,-1,54
1,<environment.Job instance at 0x7f7f1c3f55f0>,1,24,[4 8],2,-1,26,-1,2
1,<environment.Job instance at 0x7f7f1c6010a0>,11,1,[11  1],12,-1,13,-1,12
1,<environment.Job instance at 0x7f7f1c603690>,21,24,[1 9],22,-1,76,-1,52
1,<environment.Job instance at 0x7f7f1c6c6af0>,27,23,[10  4],28,-1,85,-1,62
1,<environment.Job instance at 0x7f7f1c5db5a0>,33,3,[ 5 13],34,-1,82,-1,79
1,<environment.Job instance at 0x7f7f1c609fa0>,36,17,[13  2],37,-1,108,-1,91
1,<environment.Job instance at 0x7f7f1c609d70>,37,1,[11  4],38,-1,92,-1,91
1,<environment.Job instance at 0x7f7f1c5da730>,42,17,[ 2 12],43,-1,120,-1,103
1,<environment.Job instance at 0x7f7f1c3ef320>,45,24,[10  2],46,-1,143,-1,119
1,<environment.Job instance at 0x7f7f1d1852d0>,49,27,[14  1],50,-1,173,-1,146
1,<environment.Job instance at 0x7f7f1c2f1cd0>,52,2,[11  4],53,-1,148,-1,146
1,<environment.Job instance at 0x7f7f1c2f1aa0>,55,12,[11  5],56,-1,159,-1,147
1,<environment.Job instance at 0x7f7f1c4cf640>,56,27,[4 5],57,-1,175,-1,148
1,<environment.Job instance at 0x7f7f1c35c0a0>,5,12,[10  3],6,-1,19,-1,7
1,<environment.Job instance at 0x7f7f1c35c2d0>,6,14,[5 4],7,-1,21,-1,7
1,<environment.Job instance at 0x7f7f1c839b40>,7,15,[10  1],8,-1,25,-1,10
1,<environment.Job instance at 0x7f7f1c364cd0>,10,17,[2 6],11,-1,28,-1,11
1,<environment.Job instance at 0x7f7f1c36daf0>,9,23,[6 5],10,-1,34,-1,11
1,<environment.Job instance at 0x7f7f1c3722d0>,19,21,[1 9],20,-1,41,-1,20
1,<environment.Job instance at 0x7f7f1c372190>,20,27,[6 4],21,-1,48,-1,21
1,<environment.Job instance at 0x7f7f1c372960>,22,15,[10  1],23,-1,39,-1,24
1,<environment.Job instance at 0x7f7f1c372d70>,24,13,[1 8],25,-1,38,-1,25
1,<environment.Job instance at 0x7f7f1ce0e280>,25,3,[10  4],26,-1,29,-1,26
1,<environment.Job instance at 0x7f7f1c373820>,26,14,[1 7],27,-1,41,-1,27
1,<environment.Job instance at 0x7f7f1c364fa0>,23,13,[7 5],24,-1,40,-1,27
1,<environment.Job instance at 0x7f7f1cdf2cd0>,28,22,[7 5],29,-1,51,-1,29
1,<environment.Job instance at 0x7f7f1c3e16e0>,30,18,[ 5 10],31,-1,49,-1,31
1,<environment.Job instance at 0x7f7f1c35ee10>,33,16,[8 5],34,-1,51,-1,35
1,<environment.Job instance at 0x7f7f1c421c30>,34,16,[9 4],35,-1,51,-1,35
1,<environment.Job instance at 0x7f7f1ce12fa0>,36,15,[10  4],37,-1,54,-1,39
1,<environment.Job instance at 0x7f7f1ce05fa0>,40,14,[1 8],41,-1,55,-1,41
1,<environment.Job instance at 0x7f7f1d5062d0>,41,12,[5 6],42,-1,54,-1,42
1,<environment.Job instance at 0x7f7f1cdfb280>,48,14,[9 1],49,-1,63,-1,49
1,<environment.Job instance at 0x7f7f1cdfbaa0>,49,17,[1 9],50,-1,67,-1,50
1,<environment.Job instance at 0x7f7f1ce1d690>,38,17,[3 9],39,-1,68,-1,51
1,<environment.Job instance at 0x7f7f1ce11a00>,58,18,[6 5],59,-1,78,-1,60
1,<environment.Job instance at 0x7f7f1ce11eb0>,63,16,[5 3],64,-1,80,-1,64
1,<environment.Job instance at 0x7f7f1ce08140>,64,17,[5 1],65,-1,82,-1,65
1,<environment.Job instance at 0x7f7f1ce080a0>,65,15,[ 1 10],66,-1,81,-1,66
1,<environment.Job instance at 0x7f7f1ce083c0>,68,24,[4 7],69,-1,93,-1,69
1,<environment.Job instance at 0x7f7f1ce08190>,70,13,[5 3],71,-1,86,-1,73
1,<environment.Job instance at 0x7f7f1ce089b0>,74,18,[ 4 11],75,-1,93,-1,75
1,<environment.Job instance at 0x7f7f1ce08af0>,75,16,[9 4],76,-1,92,-1,76
1,<environment.Job instance at 0x7f7f1ce08be0>,77,15,[4 6],78,-1,93,-1,78
1,<environment.Job instance at 0x7f7f1c7a6f50>,98,20,[3 8],99,-1,155,-1,135
1,<environment.Job instance at 0x7f7f1c7a9050>,100,24,[10  4],101,-1,161,-1,137
1,<environment.Job instance at 0x7f7f1c7a90f0>,101,21,[4 7],102,-1,160,-1,139
1,<environment.Job instance at 0x7f7f1ce08eb0>,80,20,[4 6],81,-1,159,-1,139
1,<environment.Job instance at 0x7f7f1c7a9230>,102,17,[ 2 11],103,-1,156,-1,139
1,<environment.Job instance at 0x7f7f1c7a94b0>,106,18,[6 3],107,-1,158,-1,140
1,<environment.Job instance at 0x7f7f1c7a9780>,108,3,[8 3],109,-1,143,-1,140
1,<environment.Job instance at 0x7f7f1c7a6960>,92,17,[ 2 10],93,-1,157,-1,140
1,<environment.Job instance at 0x7f7f1c7a6fa0>,99,13,[7 4],100,-1,154,-1,141
1,<environment.Job instance at 0x7f7f1c7a9910>,110,15,[10  4],111,-1,161,-1,146
1,<environment.Job instance at 0x7f7f1c7a99b0>,111,18,[4 8],112,-1,164,-1,146
1,<environment.Job instance at 0x7f7f1cc93640>,9,23,[6 5],10,-1,39,-1,16
1,<environment.Job instance at 0x7f7f1caa96e0>,20,27,[6 4],21,-1,67,-1,40
1,<environment.Job instance at 0x7f7f1caa95f0>,21,1,[11  4],22,-1,41,-1,40
1,<environment.Job instance at 0x7f7f1ce3ad20>,32,24,[1 6],33,-1,96,-1,72
1,<environment.Job instance at 0x7f7f1cdedbe0>,44,3,[ 2 12],45,-1,126,-1,123
1,<environment.Job instance at 0x7f7f1ce25550>,51,2,[ 3 14],52,-1,143,-1,141
1,<environment.Job instance at 0x7f7f1ce39c30>,56,13,[12  4],57,-1,170,-1,157
1,<environment.Job instance at 0x7f7f1d592730>,57,27,[9 3],58,-1,185,-1,158
1,<environment.Job instance at 0x7f7f1c84f780>,2,16,[ 3 10],3,-1,19,-1,3
1,<environment.Job instance at 0x7f7f1c84fdc0>,3,18,[5 5],4,-1,22,-1,4
1,<environment.Job instance at 0x7f7f1c84fd70>,4,16,[5 5],5,-1,21,-1,5
1,<environment.Job instance at 0x7f7f1c84faf0>,5,17,[ 3 10],6,-1,23,-1,6
1,<environment.Job instance at 0x7f7f1c849aa0>,8,18,[1 5],9,-1,27,-1,9
1,<environment.Job instance at 0x7f7f1c8493c0>,9,18,[9 5],10,-1,28,-1,10
1,<environment.Job instance at 0x7f7f1c849eb0>,10,19,[4 5],11,-1,30,-1,11
1,<environment.Job instance at 0x7f7f1c849a00>,12,13,[9 4],13,-1,26,-1,13
1,<environment.Job instance at 0x7f7f1c849230>,14,16,[2 7],15,-1,31,-1,15
1,<environment.Job instance at 0x7f7f1c84f500>,18,16,[8 3],19,-1,35,-1,19
1,<environment.Job instance at 0x7f7f1c8280f0>,20,23,[9 4],21,-1,44,-1,21
1,<environment.Job instance at 0x7f7f1c828e60>,21,21,[8 2],22,-1,43,-1,22
1,<environment.Job instance at 0x7f7f1c828050>,22,21,[5 7],23,-1,44,-1,23
1,<environment.Job instance at 0x7f7f1c828500>,24,17,[9 2],25,-1,42,-1,25
1,<environment.Job instance at 0x7f7f1c828e10>,25,18,[5 5],26,-1,44,-1,26
1,<environment.Job instance at 0x7f7f1c8282d0>,28,28,[10  4],29,-1,57,-1,29
1,<environment.Job instance at 0x7f7f1c82bc80>,32,18,[4 7],33,-1,51,-1,33
1,<environment.Job instance at 0x7f7f1c82beb0>,33,18,[7 1],34,-1,52,-1,34
1,<environment.Job instance at 0x7f7f1c82b690>,34,14,[9 1],35,-1,50,-1,36
1,<environment.Job instance at 0x7f7f1c82b960>,36,18,[8 3],37,-1,55,-1,37
1,<environment.Job instance at 0x7f7f1c82f460>,40,26,[4 9],41,-1,67,-1,41
1,<environment.Job instance at 0x7f7f1c82f050>,45,18,[1 8],46,-1,64,-1,46
1,<environment.Job instance at 0x7f7f1c82faf0>,47,23,[5 3],48,-1,71,-1,48
1,<environment.Job instance at 0x7f7f1d4ed5f0>,48,16,[9 4],49,-1,65,-1,49
1,<environment.Job instance at 0x7f7f1d4ed1e0>,49,15,[5 7],50,-1,65,-1,50
1,<environment.Job instance at 0x7f7f1d4ff460>,64,14,[5 3],65,-1,84,-1,70
1,<environment.Job instance at 0x7f7f1d4ed280>,56,18,[7 4],57,-1,88,-1,70
1,<environment.Job instance at 0x7f7f1d4ffd20>,59,18,[6 4],60,-1,89,-1,71
1,<environment.Job instance at 0x7f7f1d4ffd70>,69,17,[9 2],70,-1,97,-1,80
1,<environment.Job instance at 0x7f7f1d4ed4b0>,51,18,[11  2],52,-1,98,-1,80
1,<environment.Job instance at 0x7f7f1d4ffbe0>,60,13,[11  2],61,-1,93,-1,80
1,<environment.Job instance at 0x7f7f1d4ff5f0>,68,15,[7 3],69,-1,101,-1,86
1,<environment.Job instance at 0x7f7f1d4ed500>,53,24,[ 5 11],54,-1,113,-1,89
1,<environment.Job instance at 0x7f7f1c42f2d0>,75,17,[3 6],76,-1,117,-1,100
1,<environment.Job instance at 0x7f7f1d4ffcd0>,67,16,[ 3 12],68,-1,137,-1,121
1,<environment.Job instance at 0x7f7f1c42f870>,80,16,[ 2 10],81,-1,137,-1,121
1,<environment.Job instance at 0x7f7f1c42ffa0>,82,15,[5 9],83,-1,136,-1,121
1,<environment.Job instance at 0x7f7f1c42fa00>,84,14,[6 4],85,-1,135,-1,121
1,<environment.Job instance at 0x7f7f1c42f690>,85,18,[ 5 10],86,-1,144,-1,126
1,<environment.Job instance at 0x7f7f1c42f960>,86,25,[6 3],87,-1,151,-1,126
1,<environment.Job instance at 0x7f7f1c6989b0>,89,12,[9 4],90,-1,138,-1,126
1,<environment.Job instance at 0x7f7f1c698aa0>,97,18,[3 8],98,-1,146,-1,128
1,<environment.Job instance at 0x7f7f1c698960>,107,20,[1 8],108,-1,161,-1,141
1,<environment.Job instance at 0x7f7f1c698d20>,105,18,[9 2],106,-1,159,-1,141
1,<environment.Job instance at 0x7f7f1c42f410>,74,18,[5 6],75,-1,163,-1,145
1,<environment.Job instance at 0x7f7f1c698320>,108,3,[6 1],109,-1,148,-1,145
1,<environment.Job instance at 0x7f7f1c6985f0>,101,18,[10  5],102,-1,165,-1,147
1,<environment.Job instance at 0x7f7f1d4cecd0>,113,16,[8 1],114,-1,169,-1,153
1,<environment.Job instance at 0x7f7f1c3e1190>,115,23,[8 4],116,-1,176,-1,153
1,<environment.Job instance at 0x7f7f1c3e19b0>,119,18,[6 1],120,-1,172,-1,154
1,<environment.Job instance at 0x7f7f1c3e1b90>,118,16,[4 8],119,-1,170,-1,154
1,<environment.Job instance at 0x7f7f1ce11230>,111,21,[4 9],112,-1,177,-1,156
1,<environment.Job instance at 0x7f7f1d522af0>,122,12,[6 1],123,-1,168,-1,156
1,<environment.Job instance at 0x7f7f1c740960>,127,16,[1 7],128,-1,172,-1,156
1,<environment.Job instance at 0x7f7f1c3e1a50>,117,20,[5 7],118,-1,179,-1,159
1,<environment.Job instance at 0x7f7f1cf084b0>,129,18,[2 7],130,-1,177,-1,159
1,<environment.Job instance at 0x7f7f1d4ffb40>,62,14,[3 9],63,-1,173,-1,159
1,<environment.Job instance at 0x7f7f1c3109b0>,131,20,[ 5 13],132,-1,179,-1,159
1,<environment.Job instance at 0x7f7f1c37bb90>,125,16,[10  5],126,-1,175,-1,159
1,<environment.Job instance at 0x7f7f1ca398c0>,20,23,[9 4],21,-1,92,-1,69
1,<environment.Job instance at 0x7f7f1c8285f0>,28,28,[10  4],29,-1,115,-1,87
1,<environment.Job instance at 0x7f7f1d4ed410>,38,17,[12  1],39,-1,137,-1,120
1,<environment.Job instance at 0x7f7f1d477e10>,40,26,[4 9],41,-1,152,-1,126
1,<environment.Job instance at 0x7f7f1cc006e0>,42,16,[13  1],43,-1,142,-1,126
1,<environment.Job instance at 0x7f7f1c698910>,47,23,[5 3],48,-1,164,-1,141
1,<environment.Job instance at 0x7f7f1d4ceaf0>,51,18,[11  2],52,-1,174,-1,156
1,<environment.Job instance at 0x7f7f1d37bd20>,52,12,[ 5 13],53,-1,168,-1,156
1,<environment.Job instance at 0x7f7f1ccd6410>,53,24,[ 5 11],54,-1,180,-1,156
1,<environment.Job instance at 0x7f7f1c449aa0>,1,28,[5 1],2,-1,31,-1,3
1,<environment.Job instance at 0x7f7f1c6b7410>,17,17,[10  4],18,-1,36,-1,19
1,<environment.Job instance at 0x7f7f1d559e10>,18,18,[13  5],19,-1,37,-1,19
1,<environment.Job instance at 0x7f7f1c6d6e60>,13,23,[7 4],14,-1,42,-1,19
1,<environment.Job instance at 0x7f7f1c702820>,21,14,[9 4],22,-1,36,-1,22
1,<environment.Job instance at 0x7f7f1c6605f0>,22,13,[2 9],23,-1,37,-1,24
1,<environment.Job instance at 0x7f7f1d581c80>,7,13,[9 1],8,-1,39,-1,26
1,<environment.Job instance at 0x7f7f1c702b40>,19,15,[2 6],20,-1,41,-1,26
1,<environment.Job instance at 0x7f7f1c6ebcd0>,26,27,[5 2],27,-1,54,-1,27
1,<environment.Job instance at 0x7f7f1c65d2d0>,28,13,[1 5],29,-1,42,-1,29
1,<environment.Job instance at 0x7f7f1c65db90>,29,18,[ 2 10],30,-1,48,-1,30
1,<environment.Job instance at 0x7f7f1c65d8c0>,30,22,[2 5],31,-1,53,-1,31
1,<environment.Job instance at 0x7f7f1d493af0>,34,18,[10  2],35,-1,54,-1,36
1,<environment.Job instance at 0x7f7f1d4909b0>,39,17,[2 6],40,-1,57,-1,40
1,<environment.Job instance at 0x7f7f1d4b9be0>,43,14,[ 5 10],44,-1,61,-1,47
1,<environment.Job instance at 0x7f7f1d575a50>,44,28,[4 5],45,-1,75,-1,47
1,<environment.Job instance at 0x7f7f1d57d960>,37,15,[5 8],38,-1,62,-1,47
1,<environment.Job instance at 0x7f7f1d575c30>,46,17,[3 5],47,-1,64,-1,47
1,<environment.Job instance at 0x7f7f1d575f50>,48,15,[5 8],49,-1,64,-1,49
1,<environment.Job instance at 0x7f7f1c7e86e0>,52,12,[10  4],53,-1,65,-1,53
1,<environment.Job instance at 0x7f7f1c7e8050>,54,13,[ 5 10],55,-1,68,-1,55
1,<environment.Job instance at 0x7f7f1c660a50>,27,14,[ 3 14],28,-1,73,-1,59
1,<environment.Job instance at 0x7f7f1c7e8640>,55,15,[8 1],56,-1,74,-1,59
1,<environment.Job instance at 0x7f7f1d499960>,51,25,[10  1],52,-1,84,-1,59
1,<environment.Job instance at 0x7f7f1c813640>,59,15,[6 2],60,-1,75,-1,60
1,<environment.Job instance at 0x7f7f1c8135a0>,58,18,[5 5],59,-1,78,-1,60
1,<environment.Job instance at 0x7f7f1c813690>,60,16,[7 5],61,-1,78,-1,62
1,<environment.Job instance at 0x7f7f1c813a00>,63,17,[5 9],64,-1,81,-1,64
1,<environment.Job instance at 0x7f7f1c813af0>,64,17,[2 5],65,-1,83,-1,66
1,<environment.Job instance at 0x7f7f1c813a50>,66,15,[3 5],67,-1,82,-1,67
1,<environment.Job instance at 0x7f7f1c813910>,65,21,[9 3],66,-1,88,-1,67
1,<environment.Job instance at 0x7f7f1c8071e0>,72,16,[9 4],73,-1,93,-1,77
1,<environment.Job instance at 0x7f7f1c807230>,74,17,[1 9],75,-1,97,-1,80
1,<environment.Job instance at 0x7f7f1c807820>,79,28,[6 1],80,-1,110,-1,82
1,<environment.Job instance at 0x7f7f1c4288c0>,0,28,[ 2 14],1,-1,29,-1,1
1,<environment.Job instance at 0x7f7f1c428c30>,1,28,[5 1],2,-1,30,-1,2
1,<environment.Job instance at 0x7f7f1d19faa0>,13,23,[7 4],14,-1,38,-1,15
1,<environment.Job instance at 0x7f7f1d19f410>,18,18,[13  5],19,-1,37,-1,19
1,<environment.Job instance at 0x7f7f1d1ace10>,23,3,[13  5],24,-1,47,-1,44
1,<environment.Job instance at 0x7f7f1d189dc0>,26,27,[5 2],27,-1,75,-1,48
1,<environment.Job instance at 0x7f7f1d1895f0>,27,14,[ 3 14],28,-1,62,-1,48
1,<environment.Job instance at 0x7f7f1ce390a0>,44,28,[4 5],45,-1,140,-1,112
1,<environment.Job instance at 0x7f7f1c6254b0>,47,2,[ 5 13],48,-1,115,-1,113
1,<environment.Job instance at 0x7f7f1c4ccc30>,51,25,[10  1],52,-1,167,-1,142
1,<environment.Job instance at 0x7f7f1c724e60>,1,16,[3 9],2,-1,18,-1,2
1,<environment.Job instance at 0x7f7f2623c7d0>,5,17,[10  3],6,-1,24,-1,7
1,<environment.Job instance at 0x7f7f2623c460>,7,24,[5 9],8,-1,32,-1,8
1,<environment.Job instance at 0x7f7f25b7a280>,8,14,[6 4],9,-1,23,-1,9
1,<environment.Job instance at 0x7f7f1c4289b0>,6,18,[6 4],7,-1,27,-1,9
1,<environment.Job instance at 0x7f7f25b7a550>,11,28,[3 6],12,-1,40,-1,12
1,<environment.Job instance at 0x7f7f25b7adc0>,12,14,[ 4 10],13,-1,27,-1,13
1,<environment.Job instance at 0x7f7f25b7afa0>,17,16,[1 8],18,-1,34,-1,18
1,<environment.Job instance at 0x7f7f25b7ad20>,19,26,[2 6],20,-1,46,-1,20
1,<environment.Job instance at 0x7f7f25b7aeb0>,20,20,[9 3],21,-1,41,-1,21
1,<environment.Job instance at 0x7f7f25b7acd0>,21,15,[8 4],22,-1,37,-1,22
1,<environment.Job instance at 0x7f7f25b7a780>,22,14,[9 2],23,-1,38,-1,24
1,<environment.Job instance at 0x7f7f1c09f0a0>,25,17,[5 3],26,-1,43,-1,26
1,<environment.Job instance at 0x7f7f1c09fe60>,26,12,[2 7],27,-1,39,-1,27
1,<environment.Job instance at 0x7f7f1c09fb90>,28,26,[8 2],29,-1,55,-1,29
1,<environment.Job instance at 0x7f7f1c09f050>,30,13,[4 6],31,-1,44,-1,31
1,<environment.Job instance at 0x7f7f25b7ae60>,23,16,[2 6],24,-1,48,-1,32
1,<environment.Job instance at 0x7f7f1c09fdc0>,32,16,[9 2],33,-1,50,-1,34
1,<environment.Job instance at 0x7f7f1c09f4b0>,33,18,[4 6],34,-1,52,-1,34
1,<environment.Job instance at 0x7f7f1c09f690>,36,17,[3 7],37,-1,54,-1,37
1,<environment.Job instance at 0x7f7f1c09f730>,39,17,[5 7],40,-1,57,-1,40
1,<environment.Job instance at 0x7f7f25bbe8c0>,42,18,[7 4],43,-1,61,-1,43
1,<environment.Job instance at 0x7f7f25bbe230>,49,15,[3 9],50,-1,68,-1,53
1,<environment.Job instance at 0x7f7f1d27f5f0>,53,16,[3 8],54,-1,70,-1,54
1,<environment.Job instance at 0x7f7f1d27f1e0>,54,13,[10  5],55,-1,68,-1,55
1,<environment.Job instance at 0x7f7f1d27f370>,52,14,[ 2 10],53,-1,69,-1,55
1,<environment.Job instance at 0x7f7f1d27f0a0>,58,16,[3 8],59,-1,76,-1,60
1,<environment.Job instance at 0x7f7f1d27fd20>,60,18,[9 2],61,-1,80,-1,62
1,<environment.Job instance at 0x7f7f1d27fd70>,62,17,[9 4],63,-1,80,-1,63
1,<environment.Job instance at 0x7f7f1c3b62d0>,64,27,[6 1],65,-1,94,-1,67
1,<environment.Job instance at 0x7f7f1c3b6500>,69,16,[10  5],70,-1,86,-1,70
1,<environment.Job instance at 0x7f7f1ce1df00>,7,24,[5 9],8,-1,42,-1,18
1,<environment.Job instance at 0x7f7f1c698820>,11,28,[3 6],12,-1,47,-1,19
1,<environment.Job instance at 0x7f7f1c310820>,19,26,[2 6],20,-1,79,-1,53
1,<environment.Job instance at 0x7f7f1c2f6e10>,27,1,[ 1 13],28,-1,77,-1,76
1,<environment.Job instance at 0x7f7f1d46de10>,28,26,[8 2],29,-1,111,-1,85
1,<environment.Job instance at 0x7f7f1cbf3730>,35,25,[ 3 14],36,-1,125,-1,100
1,<environment.Job instance at 0x7f7f1d4ffe10>,41,3,[ 4 13],42,-1,126,-1,123
1,<environment.Job instance at 0x7f7f1cf112d0>,44,27,[13  3],45,-1,153,-1,126
1,<environment.Job instance at 0x7f7f1be070a0>,2,23,[3 7],3,-1,26,-1,3
1,<environment.Job instance at 0x7f7f1be07370>,4,17,[2 7],5,-1,22,-1,5
1,<environment.Job instance at 0x7f7f1be07500>,7,16,[5 4],8,-1,24,-1,8
1,<environment.Job instance at 0x7f7f1be071e0>,8,17,[6 5],9,-1,26,-1,9
1,<environment.Job instance at 0x7f7f1be07c80>,10,16,[1 7],11,-1,27,-1,11
1,<environment.Job instance at 0x7f7f1be07230>,12,17,[6 4],13,-1,30,-1,13
1,<environment.Job instance at 0x7f7f1bd3caf0>,16,15,[5 6],17,-1,32,-1,17
1,<environment.Job instance at 0x7f7f1bd3c9b0>,19,12,[3 9],20,-1,32,-1,20
1,<environment.Job instance at 0x7f7f1bd3c2d0>,20,15,[1 8],21,-1,36,-1,21
1,<environment.Job instance at 0x7f7f1bd3c230>,21,16,[5 5],22,-1,39,-1,23
1,<environment.Job instance at 0x7f7f1bd3c3c0>,24,14,[ 3 10],25,-1,39,-1,25
1,<environment.Job instance at 0x7f7f1bd90370>,35,16,[10  3],36,-1,52,-1,36
1,<environment.Job instance at 0x7f7f1bda36e0>,39,17,[9 4],40,-1,57,-1,40
1,<environment.Job instance at 0x7f7f1bda35a0>,40,13,[10  1],41,-1,55,-1,42
1,<environment.Job instance at 0x7f7f1bda3f00>,43,18,[4 5],44,-1,62,-1,44
1,<environment.Job instance at 0x7f7f1bda3190>,46,16,[5 6],47,-1,63,-1,47
1,<environment.Job instance at 0x7f7f1bda3050>,48,13,[8 2],49,-1,62,-1,49
1,<environment.Job instance at 0x7f7f1bda3780>,51,16,[4 6],52,-1,68,-1,52
1,<environment.Job instance at 0x7f7f1d5a2140>,68,18,[ 5 10],69,-1,88,-1,70
1,<environment.Job instance at 0x7f7f1bd82050>,69,18,[10  2],70,-1,107,-1,89
1,<environment.Job instance at 0x7f7f1c7583c0>,72,22,[8 1],73,-1,111,-1,89
1,<environment.Job instance at 0x7f7f1d592a00>,66,27,[2 9],67,-1,125,-1,98
1,<environment.Job instance at 0x7f7f1d523c80>,81,27,[8 5],82,-1,135,-1,108
1,<environment.Job instance at 0x7f7f1bd909b0>,33,20,[ 5 12],34,-1,128,-1,108
1,<environment.Job instance at 0x7f7f1d592690>,70,13,[2 8],71,-1,121,-1,108
1,<environment.Job instance at 0x7f7f1c559870>,58,16,[ 5 10],59,-1,124,-1,108
1,<environment.Job instance at 0x7f7f1cf2bfa0>,84,16,[11  4],85,-1,124,-1,108
1,<environment.Job instance at 0x7f7f1d411b90>,78,16,[9 1],79,-1,124,-1,108
1,<environment.Job instance at 0x7f7f1bce15a0>,2,23,[3 7],3,-1,27,-1,4
1,<environment.Job instance at 0x7f7f1ce7ee10>,6,3,[ 5 14],7,-1,10,-1,7
1,<environment.Job instance at 0x7f7f1ce9e5f0>,17,16,[11  1],18,-1,53,-1,37
1,<environment.Job instance at 0x7f7f1ce99d20>,27,16,[ 5 13],28,-1,85,-1,69
1,<environment.Job instance at 0x7f7f1ce99690>,29,2,[13  4],30,-1,72,-1,70
1,<environment.Job instance at 0x7f7f1c51d410>,33,20,[ 5 12],34,-1,93,-1,73
1,<environment.Job instance at 0x7f7f1c51d910>,34,2,[ 5 11],35,-1,75,-1,73
1,<environment.Job instance at 0x7f7f1c52a960>,41,2,[ 5 11],42,-1,94,-1,92
1,<environment.Job instance at 0x7f7f1c550780>,49,13,[ 4 14],50,-1,135,-1,122
1,<environment.Job instance at 0x7f7f1c14f3c0>,56,16,[13  1],57,-1,155,-1,139
1,<environment.Job instance at 0x7f7f1c7fef00>,0,20,[ 4 10],1,-1,22,-1,2
1,<environment.Job instance at 0x7f7f1c7fe870>,3,14,[ 4 10],4,-1,19,-1,5
1,<environment.Job instance at 0x7f7f1c7fee60>,6,24,[4 5],7,-1,31,-1,7
1,<environment.Job instance at 0x7f7f1c7fe050>,7,24,[4 8],8,-1,32,-1,8
1,<environment.Job instance at 0x7f7f1c549d70>,16,16,[4 9],17,-1,33,-1,17
1,<environment.Job instance at 0x7f7f1c549320>,17,18,[6 1],18,-1,36,-1,18
1,<environment.Job instance at 0x7f7f1c549550>,22,23,[6 2],23,-1,46,-1,23
1,<environment.Job instance at 0x7f7f1cbfa6e0>,26,17,[1 6],27,-1,44,-1,27
1,<environment.Job instance at 0x7f7f1cbfaa50>,27,13,[9 4],28,-1,41,-1,28
1,<environment.Job instance at 0x7f7f1cbfa320>,32,18,[6 5],33,-1,51,-1,33
1,<environment.Job instance at 0x7f7f1cbfa550>,34,14,[ 5 10],35,-1,50,-1,36
1,<environment.Job instance at 0x7f7f25ee8140>,35,28,[ 4 12],36,-1,64,-1,36
1,<environment.Job instance at 0x7f7f25ee8370>,36,16,[4 8],37,-1,53,-1,37
1,<environment.Job instance at 0x7f7f25ee8b90>,37,15,[4 8],38,-1,54,-1,39
1,<environment.Job instance at 0x7f7f25ee85a0>,44,17,[1 6],45,-1,62,-1,45
1,<environment.Job instance at 0x7f7f25ee8780>,45,14,[3 8],46,-1,60,-1,46
1,<environment.Job instance at 0x7f7f25ee81e0>,46,17,[4 6],47,-1,64,-1,47
1,<environment.Job instance at 0x7f7f1d061550>,48,18,[10  1],49,-1,69,-1,51
1,<environment.Job instance at 0x7f7f1d0615a0>,52,17,[ 1 10],53,-1,70,-1,53
1,<environment.Job instance at 0x7f7f1d0615f0>,53,15,[8 4],54,-1,69,-1,54
1,<environment.Job instance at 0x7f7f1d061910>,54,13,[1 9],55,-1,68,-1,55
1,<environment.Job instance at 0x7f7f1d061050>,55,24,[5 2],56,-1,80,-1,56
1,<environment.Job instance at 0x7f7f1d061a00>,56,12,[3 5],57,-1,69,-1,57
1,<environment.Job instance at 0x7f7f1d061500>,60,25,[6 2],61,-1,86,-1,61
1,<environment.Job instance at 0x7f7f1d061190>,61,17,[9 4],62,-1,79,-1,62
1,<environment.Job instance at 0x7f7f1d3aee60>,65,14,[4 8],66,-1,80,-1,66
1,<environment.Job instance at 0x7f7f1d3ae5f0>,68,18,[10  4],69,-1,87,-1,69
1,<environment.Job instance at 0x7f7f1d3ae2d0>,70,25,[5 5],71,-1,96,-1,71
1,<environment.Job instance at 0x7f7f1d3ae050>,71,13,[9 3],72,-1,85,-1,72
1,<environment.Job instance at 0x7f7f1d3aebe0>,75,19,[2 8],76,-1,95,-1,76
1,<environment.Job instance at 0x7f7f1d3ae0a0>,76,16,[ 1 10],77,-1,93,-1,77
1,<environment.Job instance at 0x7f7f1c4ab7d0>,79,15,[ 5 10],80,-1,95,-1,80
1,<environment.Job instance at 0x7f7f1c4ab280>,81,17,[ 2 10],82,-1,99,-1,82
1,<environment.Job instance at 0x7f7f1c4ab550>,82,16,[2 8],83,-1,99,-1,83
1,<environment.Job instance at 0x7f7f1c4abb90>,83,12,[3 9],84,-1,96,-1,84
1,<environment.Job instance at 0x7f7f1c4ab460>,85,18,[4 6],86,-1,104,-1,86
1,<environment.Job instance at 0x7f7f1c4abd70>,86,15,[5 9],87,-1,102,-1,87
1,<environment.Job instance at 0x7f7f1c4ab5a0>,89,17,[ 1 10],90,-1,107,-1,90
1,<environment.Job instance at 0x7f7f1c4abeb0>,90,15,[8 4],91,-1,106,-1,91
1,<environment.Job instance at 0x7f7f1c4ab370>,91,12,[8 1],92,-1,104,-1,92
1,<environment.Job instance at 0x7f7f1c1cb550>,94,19,[ 5 10],95,-1,114,-1,95
1,<environment.Job instance at 0x7f7f1c1cbfa0>,96,15,[3 9],97,-1,112,-1,97
1,<environment.Job instance at 0x7f7f1c1cba50>,97,27,[8 5],98,-1,125,-1,98
1,<environment.Job instance at 0x7f7f1c1cbeb0>,100,13,[8 3],101,-1,114,-1,101
1,<environment.Job instance at 0x7f7f1cdad2d0>,110,20,[8 5],111,-1,137,-1,117
1,<environment.Job instance at 0x7f7f1d4fd960>,114,16,[5 8],115,-1,133,-1,117
1,<environment.Job instance at 0x7f7f1c7c1190>,106,13,[ 2 10],107,-1,138,-1,125
1,<environment.Job instance at 0x7f7f1d061280>,50,15,[4 7],51,-1,140,-1,125
1,<environment.Job instance at 0x7f7f1ca0a9b0>,137,26,[ 3 10],138,-1,180,-1,154
1,<environment.Job instance at 0x7f7f1d5238c0>,6,24,[4 5],7,-1,44,-1,20
1,<environment.Job instance at 0x7f7f1d523af0>,7,24,[4 8],8,-1,45,-1,21
1,<environment.Job instance at 0x7f7f1c69c280>,22,23,[6 2],23,-1,67,-1,44
1,<environment.Job instance at 0x7f7f1ce9ef00>,24,3,[ 1 12],25,-1,47,-1,44
1,<environment.Job instance at 0x7f7f1c7e4cd0>,25,14,[12  1],26,-1,58,-1,44
1,<environment.Job instance at 0x7f7f1c52f7d0>,33,1,[11  3],34,-1,63,-1,62
1,<environment.Job instance at 0x7f7f2623cbe0>,35,28,[ 4 12],36,-1,91,-1,63
1,<environment.Job instance at 0x7f7f1c551b90>,39,1,[ 4 13],40,-1,91,-1,90
1,<environment.Job instance at 0x7f7f1c5510f0>,43,14,[ 2 11],44,-1,119,-1,105
1,<environment.Job instance at 0x7f7f1c5b16e0>,55,24,[5 2],56,-1,183,-1,159
1,<environment.Job instance at 0x7f7f1d2a1780>,2,17,[5 7],3,-1,20,-1,3
1,<environment.Job instance at 0x7f7f1d2a12d0>,10,18,[9 3],11,-1,30,-1,12
1,<environment.Job instance at 0x7f7f1caa2f50>,11,17,[9 4],12,-1,29,-1,12
1,<environment.Job instance at 0x7f7f1d1f8f00>,16,17,[4 8],17,-1,34,-1,17
1,<environment.Job instance at 0x7f7f1d1f8f50>,18,16,[8 4],19,-1,35,-1,19
1,<environment.Job instance at 0x7f7f1d1f84b0>,19,17,[5 6],20,-1,37,-1,20
1,<environment.Job instance at 0x7f7f1d1f80f0>,24,13,[10  1],25,-1,38,-1,25
1,<environment.Job instance at 0x7f7f1d3b8a50>,26,15,[4 6],27,-1,42,-1,27
1,<environment.Job instance at 0x7f7f1d3b84b0>,32,15,[6 2],33,-1,48,-1,33
1,<environment.Job instance at 0x7f7f1cce68c0>,35,16,[3 5],36,-1,52,-1,36
1,<environment.Job instance at 0x7f7f1cce6550>,36,14,[6 2],37,-1,51,-1,37
1,<environment.Job instance at 0x7f7f1cce6780>,39,14,[7 3],40,-1,54,-1,40
1,<environment.Job instance at 0x7f7f1cce6460>,40,14,[8 2],41,-1,55,-1,41
1,<environment.Job instance at 0x7f7f1cce6e10>,41,26,[7 2],42,-1,68,-1,42
1,<environment.Job instance at 0x7f7f1d3b8a00>,31,18,[7 1],32,-1,62,-1,44
1,<environment.Job instance at 0x7f7f1cce6fa0>,44,18,[4 8],45,-1,63,-1,45
1,<environment.Job instance at 0x7f7f1cce6af0>,42,17,[1 5],43,-1,64,-1,47
1,<environment.Job instance at 0x7f7f1d008d70>,51,23,[5 9],52,-1,76,-1,53
1,<environment.Job instance at 0x7f7f1d008e60>,46,12,[5 3],47,-1,81,-1,69
1,<environment.Job instance at 0x7f7f1d499a50>,60,13,[5 8],61,-1,82,-1,69
1,<environment.Job instance at 0x7f7f1d0083c0>,57,22,[2 9],58,-1,91,-1,69
1,<environment.Job instance at 0x7f7f1d008be0>,49,13,[4 7],50,-1,83,-1,70
1,<environment.Job instance at 0x7f7f1d008960>,48,15,[10  2],49,-1,85,-1,70
1,<environment.Job instance at 0x7f7f1d499820>,65,14,[7 5],66,-1,84,-1,70
1,<environment.Job instance at 0x7f7f1d499190>,63,15,[ 3 10],64,-1,85,-1,70
1,<environment.Job instance at 0x7f7f1d4998c0>,64,12,[7 5],65,-1,82,-1,70
1,<environment.Job instance at 0x7f7f1d499e10>,68,26,[2 5],69,-1,100,-1,74
1,<environment.Job instance at 0x7f7f1d499e60>,66,20,[8 2],67,-1,94,-1,74
1,<environment.Job instance at 0x7f7f1d499050>,67,16,[8 4],68,-1,90,-1,74
1,<environment.Job instance at 0x7f7f1c2f8960>,78,14,[13  4],79,-1,120,-1,106
1,<environment.Job instance at 0x7f7f1d499140>,69,1,[9 3],70,-1,108,-1,107
1,<environment.Job instance at 0x7f7f1d499320>,70,15,[10  5],71,-1,124,-1,109
1,<environment.Job instance at 0x7f7f1c2f89b0>,79,20,[ 3 11],80,-1,129,-1,109
1,<environment.Job instance at 0x7f7f1c2f8190>,81,16,[8 4],82,-1,135,-1,119
1,<environment.Job instance at 0x7f7f1d499be0>,61,16,[5 2],62,-1,135,-1,119
1,<environment.Job instance at 0x7f7f1c77fc80>,87,16,[8 4],88,-1,137,-1,121
1,<environment.Job instance at 0x7f7f1c77fd20>,90,15,[1 8],91,-1,136,-1,121
1,<environment.Job instance at 0x7f7f1c77f7d0>,85,15,[9 1],86,-1,136,-1,121
1,<environment.Job instance at 0x7f7f1c63dc30>,93,13,[10  3],94,-1,134,-1,121
1,<environment.Job instance at 0x7f7f1c2f8e10>,80,1,[1 9],81,-1,130,-1,129
1,<environment.Job instance at 0x7f7f1c63dd70>,96,1,[ 3 11],97,-1,130,-1,129
1,<environment.Job instance at 0x7f7f1c63d370>,102,14,[3 7],103,-1,143,-1,129
1,<environment.Job instance at 0x7f7f1c63d780>,104,17,[3 5],105,-1,150,-1,133
1,<environment.Job instance at 0x7f7f1c63d9b0>,103,16,[ 5 10],104,-1,149,-1,133
1,<environment.Job instance at 0x7f7f1ca39690>,106,13,[ 5 11],107,-1,146,-1,133
1,<environment.Job instance at 0x7f7f1cf111e0>,109,3,[3 5],110,-1,146,-1,143
1,<environment.Job instance at 0x7f7f1cf112d0>,112,14,[6 2],113,-1,159,-1,145
1,<environment.Job instance at 0x7f7f1c0992d0>,105,15,[ 1 10],106,-1,171,-1,156
1,<environment.Job instance at 0x7f7f26162370>,117,18,[ 1 10],118,-1,174,-1,156
1,<environment.Job instance at 0x7f7f1c856fa0>,123,16,[9 5],124,-1,174,-1,158
1,<environment.Job instance at 0x7f7f26162870>,118,12,[6 3],119,-1,170,-1,158
1,<environment.Job instance at 0x7f7f1ce7eeb0>,6,1,[11  3],7,-1,8,-1,7
1,<environment.Job instance at 0x7f7f1c5525f0>,13,14,[14  1],14,-1,36,-1,22
1,<environment.Job instance at 0x7f7f1d05ab40>,22,17,[ 5 14],23,-1,77,-1,60
1,<environment.Job instance at 0x7f7f1caaa870>,33,15,[ 2 12],34,-1,107,-1,92
1,<environment.Job instance at 0x7f7f1ce994b0>,38,2,[13  1],39,-1,116,-1,114
1,<environment.Job instance at 0x7f7f1c053d70>,41,26,[7 2],42,-1,156,-1,130
1,<environment.Job instance at 0x7f7f1c761460>,1,25,[1 6],2,-1,27,-1,2
1,<environment.Job instance at 0x7f7f1c6bab40>,9,15,[9 1],10,-1,26,-1,11
1,<environment.Job instance at 0x7f7f1c6ba5a0>,11,15,[10  4],12,-1,27,-1,12
1,<environment.Job instance at 0x7f7f1c6ba410>,12,1,[3 6],13,-1,14,-1,13
1,<environment.Job instance at 0x7f7f1c6baaa0>,14,13,[ 5 11],15,-1,28,-1,15
1,<environment.Job instance at 0x7f7f1c761690>,10,12,[10  4],11,-1,28,-1,16
1,<environment.Job instance at 0x7f7f1c6ba190>,16,14,[9 2],17,-1,32,-1,18
1,<environment.Job instance at 0x7f7f1c6ba050>,17,28,[7 2],18,-1,46,-1,18
1,<environment.Job instance at 0x7f7f1c80ec80>,24,21,[10  5],25,-1,47,-1,26
1,<environment.Job instance at 0x7f7f1c80e460>,25,17,[9 3],26,-1,43,-1,26
1,<environment.Job instance at 0x7f7f1c80e730>,27,20,[10  2],28,-1,52,-1,32
1,<environment.Job instance at 0x7f7f1cd79d20>,36,14,[8 3],37,-1,52,-1,38
1,<environment.Job instance at 0x7f7f1cd79b90>,37,27,[9 4],38,-1,72,-1,45
1,<environment.Job instance at 0x7f7f1d359280>,44,15,[10  1],45,-1,60,-1,45
1,<environment.Job instance at 0x7f7f1d3596e0>,45,15,[8 4],46,-1,62,-1,47
1,<environment.Job instance at 0x7f7f1d359960>,47,15,[6 2],48,-1,63,-1,48
1,<environment.Job instance at 0x7f7f1caaa320>,1,25,[1 6],2,-1,27,-1,2
1,<environment.Job instance at 0x7f7f1caaa230>,2,12,[12  2],3,-1,15,-1,3
1,<environment.Job instance at 0x7f7f1ce7e870>,3,26,[10  4],4,-1,30,-1,4
1,<environment.Job instance at 0x7f7f1ce7eeb0>,5,24,[4 7],6,-1,30,-1,6
1,<environment.Job instance at 0x7f7f1c9fe780>,14,13,[ 5 11],15,-1,35,-1,22
1,<environment.Job instance at 0x7f7f1be81eb0>,19,27,[ 3 10],20,-1,57,-1,30
1,<environment.Job instance at 0x7f7f1be81550>,17,28,[7 2],18,-1,62,-1,34
1,<environment.Job instance at 0x7f7f1be70cd0>,22,26,[9 1],23,-1,60,-1,34
1,<environment.Job instance at 0x7f7f1be70aa0>,26,3,[ 2 14],27,-1,38,-1,35
1,<environment.Job instance at 0x7f7f1be8b7d0>,37,27,[9 4],38,-1,93,-1,66
1,<environment.Job instance at 0x7f7f1c5e3f00>,48,17,[13  5],49,-1,119,-1,102
1,<environment.Job instance at 0x7f7f1d539e60>,2,15,[9 5],3,-1,18,-1,3
1,<environment.Job instance at 0x7f7f1d540a00>,6,18,[4 9],7,-1,25,-1,7
1,<environment.Job instance at 0x7f7f1d5401e0>,7,18,[5 3],8,-1,26,-1,8
1,<environment.Job instance at 0x7f7f1d540370>,9,13,[9 3],10,-1,24,-1,11
1,<environment.Job instance at 0x7f7f1d540640>,12,16,[8 1],13,-1,29,-1,13
1,<environment.Job instance at 0x7f7f1d50d780>,19,17,[3 5],20,-1,37,-1,20
1,<environment.Job instance at 0x7f7f1d50ddc0>,20,17,[5 8],21,-1,38,-1,21
1,<environment.Job instance at 0x7f7f1d51fdc0>,24,18,[6 5],25,-1,43,-1,25
1,<environment.Job instance at 0x7f7f1d51f3c0>,29,16,[5 5],30,-1,46,-1,30
1,<environment.Job instance at 0x7f7f1d539550>,10,12,[2 6],11,-1,44,-1,32
1,<environment.Job instance at 0x7f7f1d534050>,32,17,[3 5],33,-1,50,-1,33
1,<environment.Job instance at 0x7f7f1d534690>,35,18,[4 9],36,-1,54,-1,36
1,<environment.Job instance at 0x7f7f1d534c80>,38,18,[6 5],39,-1,57,-1,39
1,<environment.Job instance at 0x7f7f1d534dc0>,43,18,[6 1],44,-1,62,-1,44
1,<environment.Job instance at 0x7f7f1d534a50>,44,16,[1 6],45,-1,61,-1,45
1,<environment.Job instance at 0x7f7f1d5341e0>,45,16,[10  1],46,-1,62,-1,46
1,<environment.Job instance at 0x7f7f1cb5df50>,46,21,[10  4],47,-1,68,-1,47
1,<environment.Job instance at 0x7f7f1cb5d3c0>,53,15,[8 2],54,-1,71,-1,56
1,<environment.Job instance at 0x7f7f1cb5b140>,57,20,[8 3],58,-1,78,-1,58
1,<environment.Job instance at 0x7f7f1cb5b730>,59,22,[9 1],60,-1,82,-1,60
1,<environment.Job instance at 0x7f7f1cb5b230>,61,16,[1 7],62,-1,78,-1,62
1,<environment.Job instance at 0x7f7f1cb5b6e0>,62,18,[ 3 13],63,-1,81,-1,63
1,<environment.Job instance at 0x7f7f1cb5bbe0>,64,12,[ 1 10],65,-1,77,-1,65
1,<environment.Job instance at 0x7f7f1cb5bf50>,66,12,[1 9],67,-1,79,-1,67
1,<environment.Job instance at 0x7f7f1cb5b9b0>,68,18,[5 9],69,-1,87,-1,69
1,<environment.Job instance at 0x7f7f1cb5df00>,55,23,[7 3],56,-1,92,-1,69
1,<environment.Job instance at 0x7f7f1cb5bb40>,69,16,[8 4],70,-1,89,-1,73
1,<environment.Job instance at 0x7f7f1d44e320>,73,16,[5 9],74,-1,90,-1,74
1,<environment.Job instance at 0x7f7f1d44e410>,74,16,[3 5],75,-1,91,-1,75
1,<environment.Job instance at 0x7f7f1d44efa0>,75,15,[ 3 10],76,-1,91,-1,76
1,<environment.Job instance at 0x7f7f1d467910>,81,12,[7 5],82,-1,94,-1,82
1,<environment.Job instance at 0x7f7f1d4673c0>,82,26,[9 3],83,-1,109,-1,83
1,<environment.Job instance at 0x7f7f1d467f00>,85,15,[8 3],86,-1,101,-1,86
1,<environment.Job instance at 0x7f7f1d467af0>,87,13,[9 2],88,-1,101,-1,88
1,<environment.Job instance at 0x7f7f1d467460>,90,14,[5 3],91,-1,105,-1,91
1,<environment.Job instance at 0x7f7f1d467be0>,92,12,[9 4],93,-1,105,-1,93
1,<environment.Job instance at 0x7f7f1d467190>,93,14,[5 9],94,-1,108,-1,94
1,<environment.Job instance at 0x7f7f1c36e230>,95,18,[6 4],96,-1,114,-1,96
1,<environment.Job instance at 0x7f7f1c36eb40>,96,15,[ 1 11],97,-1,112,-1,97
1,<environment.Job instance at 0x7f7f1c36eaa0>,97,22,[6 4],98,-1,120,-1,98
1,<environment.Job instance at 0x7f7f1d51bd70>,100,15,[4 9],101,-1,116,-1,101
1,<environment.Job instance at 0x7f7f1be06e10>,104,17,[9 5],105,-1,122,-1,105
1,<environment.Job instance at 0x7f7f1ca25c80>,106,12,[9 2],107,-1,119,-1,107
1,<environment.Job instance at 0x7f7f1d038370>,107,18,[3 7],108,-1,126,-1,108
1,<environment.Job instance at 0x7f7f1d5314b0>,111,17,[7 1],112,-1,129,-1,112
1,<environment.Job instance at 0x7f7f1c003050>,113,12,[ 4 10],114,-1,126,-1,114
1,<environment.Job instance at 0x7f7f1bfadf00>,114,18,[ 2 10],115,-1,133,-1,115
1,<environment.Job instance at 0x7f7f2615bc80>,115,19,[10  1],116,-1,135,-1,116
1,<environment.Job instance at 0x7f7f2615b780>,116,14,[2 9],117,-1,131,-1,117
1,<environment.Job instance at 0x7f7f1d05b1e0>,118,23,[1 5],119,-1,142,-1,119
1,<environment.Job instance at 0x7f7f1bfcd1e0>,121,17,[8 4],122,-1,139,-1,122
1,<environment.Job instance at 0x7f7f1bfcd4b0>,122,15,[1 9],123,-1,138,-1,123
1,<environment.Job instance at 0x7f7f1c580d70>,123,18,[10  4],124,-1,142,-1,124
1,<environment.Job instance at 0x7f7f1c580a00>,124,14,[ 4 10],125,-1,139,-1,125
1,<environment.Job instance at 0x7f7f1c73a230>,127,20,[5 3],128,-1,148,-1,128
1,<environment.Job instance at 0x7f7f1c55f730>,130,16,[10  2],131,-1,147,-1,131
1,<environment.Job instance at 0x7f7f1c55f1e0>,131,16,[ 2 10],132,-1,148,-1,132
1,<environment.Job instance at 0x7f7f1c55f5f0>,133,16,[1 9],134,-1,150,-1,134
1,<environment.Job instance at 0x7f7f1c56beb0>,135,15,[2 8],136,-1,151,-1,136
1,<environment.Job instance at 0x7f7f1c429b40>,140,17,[1 7],141,-1,162,-1,145
1,<environment.Job instance at 0x7f7f1bfb07d0>,145,16,[2 9],146,-1,162,-1,146
1,<environment.Job instance at 0x7f7f1bfb03c0>,146,12,[7 4],147,-1,162,-1,150
1,<environment.Job instance at 0x7f7f1bfb0a50>,13,18,[ 5 13],14,-1,39,-1,21
1,<environment.Job instance at 0x7f7f25f098c0>,47,14,[ 3 12],48,-1,152,-1,138
1,<environment.Job instance at 0x7f7f1c3825f0>,2,24,[7 2],3,-1,27,-1,3
1,<environment.Job instance at 0x7f7f1c382f00>,3,18,[1 7],4,-1,22,-1,4
1,<environment.Job instance at 0x7f7f1c382cd0>,4,27,[5 1],5,-1,32,-1,5
1,<environment.Job instance at 0x7f7f1c382410>,11,18,[5 6],12,-1,30,-1,12
1,<environment.Job instance at 0x7f7f1c382a00>,14,14,[ 4 10],15,-1,29,-1,15
1,<environment.Job instance at 0x7f7f1c382910>,15,16,[6 5],16,-1,32,-1,16
1,<environment.Job instance at 0x7f7f1d460be0>,17,18,[3 8],18,-1,36,-1,18
1,<environment.Job instance at 0x7f7f1d176e10>,22,16,[3 7],23,-1,39,-1,23
1,<environment.Job instance at 0x7f7f1d1760f0>,23,15,[9 4],24,-1,39,-1,24
1,<environment.Job instance at 0x7f7f1d176460>,26,14,[7 3],27,-1,42,-1,28
1,<environment.Job instance at 0x7f7f1c374eb0>,29,1,[8 3],30,-1,31,-1,30
1,<environment.Job instance at 0x7f7f1d176f50>,30,3,[8 1],31,-1,34,-1,31
1,<environment.Job instance at 0x7f7f1cfeb140>,31,14,[1 8],32,-1,46,-1,32
1,<environment.Job instance at 0x7f7f1cfeb820>,32,16,[6 4],33,-1,49,-1,33
1,<environment.Job instance at 0x7f7f1d176eb0>,27,18,[2 8],28,-1,51,-1,33
1,<environment.Job instance at 0x7f7f1c374690>,33,12,[10  2],34,-1,48,-1,36
1,<environment.Job instance at 0x7f7f1c315fa0>,36,18,[ 2 10],37,-1,55,-1,37
1,<environment.Job instance at 0x7f7f1c315c30>,40,15,[8 4],41,-1,56,-1,41
1,<environment.Job instance at 0x7f7f1c3156e0>,41,18,[7 3],42,-1,60,-1,42
1,<environment.Job instance at 0x7f7f1cfeb960>,35,27,[1 5],36,-1,69,-1,42
1,<environment.Job instance at 0x7f7f1c3153c0>,42,17,[1 7],43,-1,60,-1,43
1,<environment.Job instance at 0x7f7f1c607820>,47,15,[ 3 10],48,-1,63,-1,48
1,<environment.Job instance at 0x7f7f1c607cd0>,48,12,[10  1],49,-1,62,-1,50
1,<environment.Job instance at 0x7f7f1c6071e0>,50,17,[5 2],51,-1,68,-1,51
1,<environment.Job instance at 0x7f7f1c607b90>,51,21,[8 4],52,-1,73,-1,52
1,<environment.Job instance at 0x7f7f1c607230>,52,16,[1 7],53,-1,69,-1,53
1,<environment.Job instance at 0x7f7f1c5dc3c0>,55,18,[4 5],56,-1,74,-1,56
1,<environment.Job instance at 0x7f7f1c5dc1e0>,56,12,[2 8],57,-1,69,-1,57
1,<environment.Job instance at 0x7f7f1c5dc550>,57,18,[2 7],58,-1,76,-1,58
1,<environment.Job instance at 0x7f7f1c5dc8c0>,58,12,[1 5],59,-1,71,-1,59
1,<environment.Job instance at 0x7f7f1c5dceb0>,60,15,[6 1],61,-1,76,-1,61
1,<environment.Job instance at 0x7f7f25d7b370>,64,20,[8 2],65,-1,85,-1,65
1,<environment.Job instance at 0x7f7f25d7b730>,65,14,[4 9],66,-1,80,-1,66
1,<environment.Job instance at 0x7f7f1ca60320>,70,21,[10  5],71,-1,92,-1,71
1,<environment.Job instance at 0x7f7f1ca60eb0>,73,19,[7 1],74,-1,93,-1,74
1,<environment.Job instance at 0x7f7f1ca60c30>,74,12,[9 5],75,-1,87,-1,75
1,<environment.Job instance at 0x7f7f1ca60410>,82,16,[9 2],83,-1,99,-1,83
1,<environment.Job instance at 0x7f7f1c413fa0>,88,12,[ 4 10],89,-1,101,-1,89
1,<environment.Job instance at 0x7f7f1c413730>,91,15,[9 3],92,-1,107,-1,92
1,<environment.Job instance at 0x7f7f1c4136e0>,92,17,[4 9],93,-1,110,-1,93
1,<environment.Job instance at 0x7f7f1d5399b0>,94,24,[7 3],95,-1,119,-1,95
1,<environment.Job instance at 0x7f7f1c142500>,96,21,[5 3],97,-1,118,-1,97
1,<environment.Job instance at 0x7f7f1c142eb0>,97,22,[1 9],98,-1,120,-1,98
1,<environment.Job instance at 0x7f7f1c142910>,98,16,[1 7],99,-1,115,-1,99
1,<environment.Job instance at 0x7f7f1c142230>,100,12,[10  5],101,-1,113,-1,101
1,<environment.Job instance at 0x7f7f1c142cd0>,101,16,[10  1],102,-1,118,-1,102
1,<environment.Job instance at 0x7f7f1bd8b320>,103,17,[8 3],104,-1,121,-1,104
1,<environment.Job instance at 0x7f7f1d300190>,110,14,[1 9],111,-1,125,-1,111
1,<environment.Job instance at 0x7f7f1bc80dc0>,112,24,[5 7],113,-1,137,-1,113
1,<environment.Job instance at 0x7f7f1c40dfa0>,116,15,[ 1 10],117,-1,132,-1,117
1,<environment.Job instance at 0x7f7f1c34d5a0>,119,23,[6 1],120,-1,143,-1,120
1,<environment.Job instance at 0x7f7f1c34d5f0>,122,18,[ 3 10],123,-1,141,-1,123
1,<environment.Job instance at 0x7f7f1c784b40>,123,16,[8 1],124,-1,140,-1,124
1,<environment.Job instance at 0x7f7f1c784dc0>,124,18,[ 3 10],125,-1,143,-1,125
1,<environment.Job instance at 0x7f7f1c784280>,126,23,[ 2 10],127,-1,150,-1,127
1,<environment.Job instance at 0x7f7f1c784960>,129,15,[4 9],130,-1,145,-1,130
1,<environment.Job instance at 0x7f7f1bfc39b0>,142,15,[8 3],143,-1,160,-1,145
1,<environment.Job instance at 0x7f7f1c607780>,49,12,[4 6],50,-1,164,-1,152
1,<environment.Job instance at 0x7f7f1c3824b0>,2,24,[7 2],3,-1,27,-1,3
1,<environment.Job instance at 0x7f7f1d460500>,4,27,[5 1],5,-1,32,-1,5
1,<environment.Job instance at 0x7f7f1c315820>,5,1,[ 5 12],6,-1,7,-1,6
1,<environment.Job instance at 0x7f7f25d7b550>,8,3,[13  2],9,-1,12,-1,9
1,<environment.Job instance at 0x7f7f1c5e2960>,20,3,[13  5],21,-1,38,-1,35
1,<environment.Job instance at 0x7f7f1cf910f0>,25,3,[14  3],26,-1,64,-1,61
1,<environment.Job instance at 0x7f7f25d5feb0>,35,27,[1 5],36,-1,128,-1,101
1,<environment.Job instance at 0x7f7f1cb2a320>,39,3,[13  3],40,-1,115,-1,112
1,<environment.Job instance at 0x7f7f1d0a9280>,8,12,[5 3],9,-1,22,-1,10
1,<environment.Job instance at 0x7f7f1d504500>,9,20,[3 9],10,-1,40,-1,20
1,<environment.Job instance at 0x7f7f1d4403c0>,13,14,[5 4],14,-1,35,-1,21
1,<environment.Job instance at 0x7f7f1d4f5500>,10,16,[4 9],11,-1,37,-1,21
1,<environment.Job instance at 0x7f7f1ca985a0>,21,17,[7 4],22,-1,39,-1,22
1,<environment.Job instance at 0x7f7f1ca98eb0>,23,16,[1 9],24,-1,40,-1,24
1,<environment.Job instance at 0x7f7f1ca7ac30>,25,27,[6 2],26,-1,53,-1,26
1,<environment.Job instance at 0x7f7f1ca7aaf0>,27,15,[10  5],28,-1,43,-1,28
1,<environment.Job instance at 0x7f7f1d4f5b90>,11,23,[8 4],12,-1,55,-1,32
1,<environment.Job instance at 0x7f7f1ca7a640>,29,18,[5 2],30,-1,50,-1,32
1,<environment.Job instance at 0x7f7f1ca7a3c0>,31,2,[7 3],32,-1,37,-1,35
1,<environment.Job instance at 0x7f7f1ca7ab40>,33,15,[5 2],34,-1,50,-1,35
1,<environment.Job instance at 0x7f7f1ca7a230>,30,17,[8 2],31,-1,54,-1,37
1,<environment.Job instance at 0x7f7f1d519640>,35,14,[9 4],36,-1,54,-1,40
1,<environment.Job instance at 0x7f7f1d4d2780>,39,12,[9 5],40,-1,52,-1,40
1,<environment.Job instance at 0x7f7f1ca7af50>,37,3,[6 1],38,-1,43,-1,40
1,<environment.Job instance at 0x7f7f1d5193c0>,36,12,[7 2],37,-1,65,-1,53
1,<environment.Job instance at 0x7f7f1ca7a5f0>,38,18,[5 3],39,-1,78,-1,60
1,<environment.Job instance at 0x7f7f25d76c30>,60,12,[9 3],61,-1,80,-1,68
1,<environment.Job instance at 0x7f7f1ca5f140>,62,12,[11  2],63,-1,81,-1,69
1,<environment.Job instance at 0x7f7f1c9c4a50>,56,14,[ 5 11],57,-1,83,-1,69
1,<environment.Job instance at 0x7f7f1bd911e0>,64,18,[ 4 10],65,-1,87,-1,69
1,<environment.Job instance at 0x7f7f1c8f01e0>,65,12,[10  4],66,-1,81,-1,69
1,<environment.Job instance at 0x7f7f1cc19730>,59,22,[14  5],60,-1,91,-1,69
1,<environment.Job instance at 0x7f7f1c70ee60>,68,22,[10  4],69,-1,91,-1,69
1,<environment.Job instance at 0x7f7f1ccdab40>,69,12,[3 8],70,-1,88,-1,76
1,<environment.Job instance at 0x7f7f1cc87f00>,71,21,[5 8],72,-1,99,-1,78
1,<environment.Job instance at 0x7f7f1cc8a1e0>,74,18,[3 8],75,-1,96,-1,78
1,<environment.Job instance at 0x7f7f1cca95a0>,66,13,[7 3],67,-1,93,-1,80
1,<environment.Job instance at 0x7f7f1cc89e10>,80,16,[8 3],81,-1,98,-1,82
1,<environment.Job instance at 0x7f7f1ccbdcd0>,77,25,[6 5],78,-1,110,-1,85
1,<environment.Job instance at 0x7f7f1cc98730>,84,15,[10  3],85,-1,101,-1,86
1,<environment.Job instance at 0x7f7f1cc98f50>,83,13,[ 4 10],84,-1,99,-1,86
1,<environment.Job instance at 0x7f7f1cc98410>,87,13,[5 6],88,-1,101,-1,88
1,<environment.Job instance at 0x7f7f1cc98870>,88,25,[5 7],89,-1,114,-1,89
1,<environment.Job instance at 0x7f7f1cc80910>,101,14,[8 5],102,-1,116,-1,102
1,<environment.Job instance at 0x7f7f1cc800f0>,100,14,[7 5],101,-1,117,-1,103
1,<environment.Job instance at 0x7f7f1cc9a690>,97,16,[6 3],98,-1,120,-1,104
1,<environment.Job instance at 0x7f7f1cc823c0>,110,18,[5 5],111,-1,131,-1,113
1,<environment.Job instance at 0x7f7f1c44ff00>,114,18,[1 9],115,-1,133,-1,115
1,<environment.Job instance at 0x7f7f1cc80140>,102,18,[5 8],103,-1,152,-1,134
1,<environment.Job instance at 0x7f7f1ccae190>,122,16,[5 5],123,-1,150,-1,134
1,<environment.Job instance at 0x7f7f1ccae140>,119,17,[8 2],120,-1,151,-1,134
1,<environment.Job instance at 0x7f7f1c42c5a0>,125,17,[10  2],126,-1,151,-1,134
1,<environment.Job instance at 0x7f7f1c42c8c0>,126,17,[4 9],127,-1,152,-1,135
1,<environment.Job instance at 0x7f7f1ccae730>,121,19,[3 9],122,-1,154,-1,135
1,<environment.Job instance at 0x7f7f1d5755f0>,6,3,[ 4 11],7,-1,10,-1,7
1,<environment.Job instance at 0x7f7f1c57f0a0>,11,23,[8 4],12,-1,40,-1,17
1,<environment.Job instance at 0x7f7f1bf58500>,14,3,[11  3],15,-1,20,-1,17
1,<environment.Job instance at 0x7f7f1cf822d0>,16,2,[ 2 12],17,-1,21,-1,19
1,<environment.Job instance at 0x7f7f1bd0e3c0>,25,27,[6 2],26,-1,75,-1,48
1,<environment.Job instance at 0x7f7f1cf013c0>,28,3,[ 3 12],29,-1,54,-1,51
1,<environment.Job instance at 0x7f7f1d587dc0>,45,1,[ 4 14],46,-1,126,-1,125
1,<environment.Job instance at 0x7f7f1c0c4eb0>,56,14,[ 5 11],57,-1,156,-1,142
1,<environment.Job instance at 0x7f7f1c56c230>,59,22,[14  5],60,-1,176,-1,154
1,<environment.Job instance at 0x7f7f1cf0f4b0>,6,14,[8 2],7,-1,23,-1,9
1,<environment.Job instance at 0x7f7f1cf0f0f0>,9,16,[1 8],10,-1,26,-1,10
1,<environment.Job instance at 0x7f7f1cf0f370>,11,17,[ 3 10],12,-1,29,-1,12
1,<environment.Job instance at 0x7f7f1bcda460>,12,12,[3 6],13,-1,25,-1,13
1,<environment.Job instance at 0x7f7f1bcda960>,14,17,[4 5],15,-1,32,-1,15
1,<environment.Job instance at 0x7f7f1bcdaaa0>,15,13,[3 7],16,-1,29,-1,16
1,<environment.Job instance at 0x7f7f1c0987d0>,24,18,[7 5],25,-1,44,-1,26
1,<environment.Job instance at 0x7f7f1bcdaaf0>,20,23,[ 1 12],21,-1,55,-1,32
1,<environment.Job instance at 0x7f7f1bcda910>,22,28,[1 7],23,-1,60,-1,32
1,<environment.Job instance at 0x7f7f1c098140>,27,16,[7 4],28,-1,51,-1,35
1,<environment.Job instance at 0x7f7f1bcda5a0>,23,16,[5 5],24,-1,51,-1,35
1,<environment.Job instance at 0x7f7f1c098d20>,29,22,[12  5],30,-1,57,-1,35
1,<environment.Job instance at 0x7f7f1c098af0>,28,12,[8 2],29,-1,47,-1,35
1,<environment.Job instance at 0x7f7f1c098d70>,31,17,[ 3 10],32,-1,52,-1,35
1,<environment.Job instance at 0x7f7f1c0985a0>,32,14,[1 7],33,-1,49,-1,35
1,<environment.Job instance at 0x7f7f1c098f50>,34,27,[3 7],35,-1,62,-1,35
1,<environment.Job instance at 0x7f7f1c57f1e0>,36,15,[9 4],37,-1,53,-1,38
1,<environment.Job instance at 0x7f7f1c584c30>,41,15,[6 1],42,-1,57,-1,42
1,<environment.Job instance at 0x7f7f1c584eb0>,42,18,[5 5],43,-1,61,-1,43
1,<environment.Job instance at 0x7f7f1c584e10>,43,16,[9 3],44,-1,60,-1,44
1,<environment.Job instance at 0x7f7f1c57f140>,37,17,[8 2],38,-1,61,-1,44
1,<environment.Job instance at 0x7f7f1c584d20>,45,16,[ 5 10],46,-1,63,-1,47
1,<environment.Job instance at 0x7f7f1c584af0>,48,19,[5 8],49,-1,68,-1,49
1,<environment.Job instance at 0x7f7f1c584730>,49,12,[10  3],50,-1,63,-1,51
1,<environment.Job instance at 0x7f7f1cf025f0>,52,18,[10  4],53,-1,71,-1,53
1,<environment.Job instance at 0x7f7f1cf020f0>,53,16,[1 8],54,-1,72,-1,56
1,<environment.Job instance at 0x7f7f1cf02fa0>,54,17,[6 4],55,-1,73,-1,56
1,<environment.Job instance at 0x7f7f1cf02960>,58,13,[8 3],59,-1,72,-1,59
1,<environment.Job instance at 0x7f7f1d3cd910>,65,16,[ 3 10],66,-1,82,-1,66
1,<environment.Job instance at 0x7f7f1d3cdf50>,66,18,[5 7],67,-1,85,-1,67
1,<environment.Job instance at 0x7f7f1cf02820>,57,12,[5 5],58,-1,80,-1,68
1,<environment.Job instance at 0x7f7f1d3cd870>,67,28,[8 3],68,-1,97,-1,69
1,<environment.Job instance at 0x7f7f1d3cda50>,69,15,[3 7],70,-1,86,-1,71
1,<environment.Job instance at 0x7f7f1d58ab90>,70,19,[3 8],71,-1,90,-1,71
1,<environment.Job instance at 0x7f7f1d58aa00>,74,16,[4 6],75,-1,92,-1,76
1,<environment.Job instance at 0x7f7f1bf56f50>,82,16,[7 5],83,-1,99,-1,83
1,<environment.Job instance at 0x7f7f1d58ad70>,77,27,[3 7],78,-1,112,-1,85
1,<environment.Job instance at 0x7f7f1bf56910>,86,27,[13  1],87,-1,118,-1,91
1,<environment.Job instance at 0x7f7f1bf56f00>,88,18,[2 5],89,-1,110,-1,92
1,<environment.Job instance at 0x7f7f1bf56e60>,91,18,[ 5 10],92,-1,112,-1,94
1,<environment.Job instance at 0x7f7f1d583be0>,96,15,[9 2],97,-1,112,-1,97
1,<environment.Job instance at 0x7f7f1d583a50>,98,17,[7 4],99,-1,116,-1,99
1,<environment.Job instance at 0x7f7f1c00fc30>,99,16,[ 1 10],100,-1,116,-1,100
1,<environment.Job instance at 0x7f7f1d5830f0>,97,17,[ 5 14],98,-1,119,-1,102
1,<environment.Job instance at 0x7f7f1c6d4eb0>,1,1,[12  2],2,-1,3,-1,2
1,<environment.Job instance at 0x7f7f1bffc870>,20,23,[ 1 12],21,-1,63,-1,40
1,<environment.Job instance at 0x7f7f1bffca00>,22,28,[1 7],23,-1,78,-1,50
1,<environment.Job instance at 0x7f7f1bff16e0>,25,26,[ 4 10],26,-1,81,-1,55
1,<environment.Job instance at 0x7f7f1bff12d0>,29,22,[12  5],30,-1,81,-1,59
1,<environment.Job instance at 0x7f7f1bfd2f00>,34,27,[3 7],35,-1,113,-1,86
1,<environment.Job instance at 0x7f7f1bf65640>,0,20,[9 2],1,-1,22,-1,2
1,<environment.Job instance at 0x7f7f1c1b55f0>,2,17,[4 7],3,-1,20,-1,3
1,<environment.Job instance at 0x7f7f1c1b5690>,3,18,[2 9],4,-1,22,-1,4
1,<environment.Job instance at 0x7f7f1c1b5730>,4,15,[9 1],5,-1,20,-1,5
1,<environment.Job instance at 0x7f7f1c1b5dc0>,12,14,[5 6],13,-1,27,-1,13
1,<environment.Job instance at 0x7f7f1c1b5a50>,14,19,[1 7],15,-1,34,-1,15
1,<environment.Job instance at 0x7f7f1c1b5fa0>,17,17,[7 2],18,-1,35,-1,18
1,<environment.Job instance at 0x7f7f1c1c0320>,33,22,[10  1],34,-1,75,-1,53
1,<environment.Job instance at 0x7f7f1c1c0820>,40,18,[ 2 13],41,-1,73,-1,55
1,<environment.Job instance at 0x7f7f1c1c0640>,36,18,[10  3],37,-1,78,-1,60
1,<environment.Job instance at 0x7f7f1c1c0960>,42,17,[1 9],43,-1,78,-1,61
1,<environment.Job instance at 0x7f7f1c1c0b90>,46,16,[9 3],47,-1,77,-1,61
1,<environment.Job instance at 0x7f7f1c1c0dc0>,48,16,[8 3],49,-1,77,-1,61
1,<environment.Job instance at 0x7f7f1c1a3910>,25,22,[9 2],26,-1,83,-1,61
1,<environment.Job instance at 0x7f7f1c1c0690>,37,16,[3 9],38,-1,77,-1,61
1,<environment.Job instance at 0x7f7f1c1c0e60>,49,15,[1 5],50,-1,76,-1,61
1,<environment.Job instance at 0x7f7f1c1c0780>,52,26,[5 7],53,-1,87,-1,61
1,<environment.Job instance at 0x7f7f1c1972d0>,53,17,[5 8],54,-1,78,-1,61
1,<environment.Job instance at 0x7f7f1d54df00>,1,15,[ 3 13],2,-1,17,-1,2
1,<environment.Job instance at 0x7f7f1d587fa0>,6,26,[ 4 10],7,-1,46,-1,20
1,<environment.Job instance at 0x7f7f1d5670f0>,11,3,[ 2 12],12,-1,24,-1,21
1,<environment.Job instance at 0x7f7f1d567c30>,15,13,[13  4],16,-1,45,-1,32
1,<environment.Job instance at 0x7f7f1bff20a0>,16,25,[ 3 12],17,-1,57,-1,32
1,<environment.Job instance at 0x7f7f1bfffcd0>,24,25,[7 4],25,-1,80,-1,55
1,<environment.Job instance at 0x7f7f1bfffd20>,26,28,[6 2],27,-1,85,-1,57
1,<environment.Job instance at 0x7f7f1bfffa00>,30,1,[ 2 11],31,-1,60,-1,59
1,<environment.Job instance at 0x7f7f1d558690>,32,14,[ 4 14],33,-1,74,-1,60
1,<environment.Job instance at 0x7f7f1cf0f820>,40,18,[ 2 13],41,-1,84,-1,66
1,<environment.Job instance at 0x7f7f1c005d20>,47,3,[12  2],48,-1,91,-1,88
1,<environment.Job instance at 0x7f7f1cc8ab90>,52,26,[5 7],53,-1,143,-1,117
1,<environment.Job instance at 0x7f7f1c6de820>,54,28,[9 1],55,-1,154,-1,126
1,<environment.Job instance at 0x7f7f1c0ac7d0>,58,28,[5 2],59,-1,172,-1,144
1,<environment.Job instance at 0x7f7f1d29aa50>,1,17,[4 6],2,-1,19,-1,2
1,<environment.Job instance at 0x7f7f1d29a230>,4,14,[10  2],5,-1,20,-1,6
1,<environment.Job instance at 0x7f7f1c56cb40>,5,23,[1 8],6,-1,29,-1,6
1,<environment.Job instance at 0x7f7f1c8a33c0>,14,18,[2 6],15,-1,33,-1,15
1,<environment.Job instance at 0x7f7f1c8a3870>,15,18,[4 6],16,-1,34,-1,16
1,<environment.Job instance at 0x7f7f1ce1e9b0>,18,19,[3 9],19,-1,38,-1,19
1,<environment.Job instance at 0x7f7f1ce1e140>,21,18,[1 8],22,-1,40,-1,22
1,<environment.Job instance at 0x7f7f1ce1eb40>,24,26,[8 5],25,-1,51,-1,25
1,<environment.Job instance at 0x7f7f1ce1ec80>,27,17,[4 8],28,-1,45,-1,28
1,<environment.Job instance at 0x7f7f1ce1e4b0>,30,22,[6 2],31,-1,53,-1,31
1,<environment.Job instance at 0x7f7f1d17d5f0>,31,13,[ 5 10],32,-1,45,-1,32
1,<environment.Job instance at 0x7f7f1d17d050>,33,24,[3 7],34,-1,58,-1,34
1,<environment.Job instance at 0x7f7f1d17d640>,34,16,[10  1],35,-1,51,-1,35
1,<environment.Job instance at 0x7f7f1d17d230>,35,18,[7 3],36,-1,54,-1,36
1,<environment.Job instance at 0x7f7f1d17d690>,39,18,[3 7],40,-1,58,-1,40
1,<environment.Job instance at 0x7f7f1d314c30>,45,18,[6 3],46,-1,65,-1,47
1,<environment.Job instance at 0x7f7f1d314960>,46,15,[14  5],47,-1,62,-1,47
1,<environment.Job instance at 0x7f7f1d3146e0>,48,18,[5 8],49,-1,69,-1,51
1,<environment.Job instance at 0x7f7f1d3145f0>,51,18,[10  3],52,-1,70,-1,52
1,<environment.Job instance at 0x7f7f1d5d8c30>,55,25,[ 4 10],56,-1,81,-1,56
1,<environment.Job instance at 0x7f7f1d5d89b0>,56,13,[9 3],57,-1,70,-1,57
1,<environment.Job instance at 0x7f7f1d1458c0>,57,14,[10  2],58,-1,73,-1,59
1,<environment.Job instance at 0x7f7f1ceb52d0>,66,18,[6 4],67,-1,85,-1,67
1,<environment.Job instance at 0x7f7f1ceb5870>,67,18,[ 5 10],68,-1,86,-1,68
1,<environment.Job instance at 0x7f7f1ceb5140>,71,27,[4 5],72,-1,99,-1,72
1,<environment.Job instance at 0x7f7f1ceb5780>,72,14,[5 7],73,-1,87,-1,73
1,<environment.Job instance at 0x7f7f1ceb5cd0>,73,15,[7 4],74,-1,89,-1,74
1,<environment.Job instance at 0x7f7f1ceb5c30>,74,14,[3 5],75,-1,89,-1,75
1,<environment.Job instance at 0x7f7f1ceb5eb0>,75,18,[1 8],76,-1,94,-1,76
1,<environment.Job instance at 0x7f7f1ceb50a0>,76,27,[10  5],77,-1,104,-1,77
1,<environment.Job instance at 0x7f7f1d145460>,58,15,[4 6],59,-1,94,-1,79
1,<environment.Job instance at 0x7f7f1d5425f0>,88,17,[8 2],89,-1,107,-1,90
1,<environment.Job instance at 0x7f7f1d542140>,90,15,[8 1],91,-1,106,-1,91
1,<environment.Job instance at 0x7f7f1c85afa0>,85,17,[9 3],86,-1,110,-1,93
1,<environment.Job instance at 0x7f7f1d216050>,97,14,[6 1],98,-1,134,-1,120
1,<environment.Job instance at 0x7f7f1d542780>,86,14,[13  3],87,-1,134,-1,120
1,<environment.Job instance at 0x7f7f1bc80910>,110,16,[3 9],111,-1,136,-1,120
1,<environment.Job instance at 0x7f7f1bc80050>,114,18,[2 6],115,-1,138,-1,120
1,<environment.Job instance at 0x7f7f1bc80550>,115,23,[4 8],116,-1,143,-1,120
1,<environment.Job instance at 0x7f7f1d216e60>,98,15,[7 3],99,-1,135,-1,120
1,<environment.Job instance at 0x7f7f1bc805f0>,113,21,[9 1],114,-1,142,-1,121
1,<environment.Job instance at 0x7f7f1bc80eb0>,111,16,[5 2],112,-1,137,-1,121
1,<environment.Job instance at 0x7f7f1bc805a0>,117,17,[8 3],118,-1,139,-1,122
1,<environment.Job instance at 0x7f7f1d216910>,120,16,[2 8],121,-1,138,-1,122
1,<environment.Job instance at 0x7f7f1d314050>,42,16,[ 4 12],43,-1,138,-1,122
1,<environment.Job instance at 0x7f7f1cee3cd0>,119,13,[ 3 14],120,-1,136,-1,123
1,<environment.Job instance at 0x7f7f1d216c80>,122,12,[9 3],123,-1,135,-1,123
1,<environment.Job instance at 0x7f7f1d216eb0>,121,27,[6 2],122,-1,157,-1,130
1,<environment.Job instance at 0x7f7f1c538230>,133,17,[10  2],134,-1,157,-1,140
1,<environment.Job instance at 0x7f7f1be02640>,5,23,[1 8],6,-1,42,-1,19
1,<environment.Job instance at 0x7f7f1be02e60>,8,13,[ 5 13],9,-1,32,-1,19
1,<environment.Job instance at 0x7f7f1c70c910>,12,3,[ 5 13],13,-1,23,-1,20
1,<environment.Job instance at 0x7f7f1bfd2410>,24,26,[8 5],25,-1,68,-1,42
1,<environment.Job instance at 0x7f7f1c57f190>,33,24,[3 7],34,-1,98,-1,74
1,<environment.Job instance at 0x7f7f1cf02c80>,41,3,[14  4],42,-1,97,-1,94
1,<environment.Job instance at 0x7f7f1d3cdbe0>,42,16,[ 4 12],43,-1,110,-1,94
1,<environment.Job instance at 0x7f7f1d58a370>,46,15,[14  5],47,-1,113,-1,98
1,<environment.Job instance at 0x7f7f1c6db2d0>,55,25,[ 4 10],56,-1,175,-1,150
1,<environment.Job instance at 0x7f7f1bf56eb0>,59,16,[ 3 12],60,-1,167,-1,151
1,<environment.Job instance at 0x7f7f1cd01780>,4,17,[7 5],5,-1,23,-1,6
1,<environment.Job instance at 0x7f7f1bbd4f50>,6,14,[ 4 10],7,-1,21,-1,7
1,<environment.Job instance at 0x7f7f1d033140>,5,13,[7 1],6,-1,21,-1,8
1,<environment.Job instance at 0x7f7f1bbd4050>,12,16,[2 9],13,-1,29,-1,13
1,<environment.Job instance at 0x7f7f1cd855a0>,13,16,[1 8],14,-1,30,-1,14
1,<environment.Job instance at 0x7f7f1cd85d70>,14,15,[9 3],15,-1,31,-1,16
1,<environment.Job instance at 0x7f7f1bbd4a50>,15,15,[4 8],16,-1,31,-1,16
1,<environment.Job instance at 0x7f7f1cd854b0>,17,25,[9 5],18,-1,43,-1,18
1,<environment.Job instance at 0x7f7f1bf4ecd0>,24,13,[5 6],25,-1,38,-1,25
1,<environment.Job instance at 0x7f7f1bf2b5f0>,31,14,[9 1],32,-1,47,-1,33
1,<environment.Job instance at 0x7f7f1beebe60>,33,15,[4 9],34,-1,49,-1,34
1,<environment.Job instance at 0x7f7f26169d20>,35,14,[6 2],36,-1,50,-1,36
1,<environment.Job instance at 0x7f7f1d0a1d70>,36,18,[2 5],37,-1,55,-1,37
1,<environment.Job instance at 0x7f7f1bf48960>,38,27,[4 6],39,-1,66,-1,39
1,<environment.Job instance at 0x7f7f1bf48870>,43,12,[10  3],44,-1,57,-1,45
1,<environment.Job instance at 0x7f7f1ceb4c30>,48,13,[4 6],49,-1,62,-1,49
1,<environment.Job instance at 0x7f7f1c3a2140>,44,14,[10  2],45,-1,65,-1,51
1,<environment.Job instance at 0x7f7f1c408140>,51,18,[1 6],52,-1,71,-1,53
1,<environment.Job instance at 0x7f7f25b56aa0>,53,14,[8 5],54,-1,68,-1,54
1,<environment.Job instance at 0x7f7f1d5053c0>,55,18,[5 8],56,-1,74,-1,56
1,<environment.Job instance at 0x7f7f1c5ce140>,57,16,[3 5],58,-1,74,-1,58
1,<environment.Job instance at 0x7f7f1c5ce730>,59,18,[5 6],60,-1,78,-1,60
1,<environment.Job instance at 0x7f7f1ccaaa00>,73,16,[8 3],74,-1,92,-1,76
1,<environment.Job instance at 0x7f7f1c258e10>,75,18,[4 6],76,-1,104,-1,86
1,<environment.Job instance at 0x7f7f1cfc16e0>,78,14,[3 9],79,-1,100,-1,86
1,<environment.Job instance at 0x7f7f1cfc1b40>,80,28,[5 3],81,-1,114,-1,86
1,<environment.Job instance at 0x7f7f1c49d0a0>,68,16,[10  1],69,-1,108,-1,92
1,<environment.Job instance at 0x7f7f1cfc1c80>,85,17,[5 8],86,-1,109,-1,92
1,<environment.Job instance at 0x7f7f1c5ce370>,62,16,[ 2 13],63,-1,108,-1,92
1,<environment.Job instance at 0x7f7f1c5ce820>,60,26,[ 5 14],61,-1,118,-1,92
1,<environment.Job instance at 0x7f7f1cfc1370>,79,20,[8 1],80,-1,112,-1,92
1,<environment.Job instance at 0x7f7f1bec2c30>,90,18,[2 5],91,-1,112,-1,94
1,<environment.Job instance at 0x7f7f1bcc2c30>,92,16,[5 1],93,-1,111,-1,95
1,<environment.Job instance at 0x7f7f1cad4230>,95,14,[2 6],96,-1,110,-1,96
1,<environment.Job instance at 0x7f7f1bcc25a0>,93,18,[7 3],94,-1,115,-1,97
1,<environment.Job instance at 0x7f7f1bec21e0>,91,12,[10  4],92,-1,109,-1,97
1,<environment.Job instance at 0x7f7f1cad4820>,94,16,[3 6],95,-1,113,-1,97
1,<environment.Job instance at 0x7f7f1cad44b0>,96,18,[3 5],97,-1,125,-1,107
1,<environment.Job instance at 0x7f7f1c217c80>,106,15,[9 1],107,-1,127,-1,112
1,<environment.Job instance at 0x7f7f1c217be0>,109,15,[1 7],110,-1,129,-1,114
1,<environment.Job instance at 0x7f7f1c2175a0>,105,14,[7 3],106,-1,128,-1,114
1,<environment.Job instance at 0x7f7f1c217a50>,108,17,[7 3],109,-1,131,-1,114
1,<environment.Job instance at 0x7f7f1c217730>,113,17,[4 5],114,-1,131,-1,114
1,<environment.Job instance at 0x7f7f1d169960>,116,13,[ 2 10],117,-1,130,-1,117
1,<environment.Job instance at 0x7f7f1d169870>,115,14,[10  5],116,-1,133,-1,119
1,<environment.Job instance at 0x7f7f2615e640>,112,16,[8 2],113,-1,138,-1,122
1,<environment.Job instance at 0x7f7f1d4edc80>,120,13,[10  2],121,-1,135,-1,122
1,<environment.Job instance at 0x7f7f1d4ed230>,121,18,[ 3 10],122,-1,160,-1,142
1,<environment.Job instance at 0x7f7f1bec81e0>,126,17,[ 5 10],127,-1,161,-1,144
1,<environment.Job instance at 0x7f7f1bec86e0>,125,25,[10  4],126,-1,169,-1,144
1,<environment.Job instance at 0x7f7f1bec8410>,133,17,[6 4],134,-1,161,-1,144
1,<environment.Job instance at 0x7f7f1c8c83c0>,135,28,[5 2],136,-1,173,-1,145
1,<environment.Job instance at 0x7f7f1c8c87d0>,134,16,[2 6],135,-1,161,-1,145
1,<environment.Job instance at 0x7f7f1d4ed6e0>,122,12,[13  5],123,-1,157,-1,145
1,<environment.Job instance at 0x7f7f1d4edfa0>,119,28,[3 9],120,-1,176,-1,148
1,<environment.Job instance at 0x7f7f1c8c8fa0>,140,18,[7 3],141,-1,166,-1,148
1,<environment.Job instance at 0x7f7f1c51e460>,143,17,[5 8],144,-1,165,-1,148
1,<environment.Job instance at 0x7f7f1bec87d0>,128,17,[1 7],129,-1,165,-1,148
1,<environment.Job instance at 0x7f7f1c7de050>,0,1,[ 2 14],1,-1,2,-1,1
1,<environment.Job instance at 0x7f7f1c5cedc0>,17,25,[9 5],18,-1,63,-1,38
1,<environment.Job instance at 0x7f7f1c2587d0>,18,2,[ 1 13],19,-1,40,-1,38
1,<environment.Job instance at 0x7f7f1c63c640>,25,15,[ 3 14],26,-1,58,-1,43
1,<environment.Job instance at 0x7f7f1d169460>,28,15,[ 5 14],29,-1,70,-1,55
1,<environment.Job instance at 0x7f7f1cb4fa00>,37,2,[ 1 11],38,-1,88,-1,86
1,<environment.Job instance at 0x7f7f1cb4fb90>,38,27,[4 6],39,-1,127,-1,100
1,<environment.Job instance at 0x7f7f1c756dc0>,60,26,[ 5 14],61,-1,182,-1,156
1,<environment.Job instance at 0x7f7f1c756f00>,62,16,[ 2 13],63,-1,175,-1,159
1,<environment.Job instance at 0x7f7f25b48b90>,6,13,[9 2],7,-1,21,-1,8
1,<environment.Job instance at 0x7f7f1ca0a7d0>,8,14,[4 8],9,-1,23,-1,9
1,<environment.Job instance at 0x7f7f25b480a0>,7,17,[2 8],8,-1,26,-1,9
1,<environment.Job instance at 0x7f7f1ca0ac30>,10,13,[9 1],11,-1,27,-1,14
1,<environment.Job instance at 0x7f7f1d311410>,14,16,[12  4],15,-1,31,-1,15
1,<environment.Job instance at 0x7f7f1ca0aa50>,11,16,[10  2],12,-1,32,-1,16
1,<environment.Job instance at 0x7f7f25d76870>,16,15,[7 1],17,-1,33,-1,18
1,<environment.Job instance at 0x7f7f1bcafaf0>,18,16,[11  4],19,-1,35,-1,19
1,<environment.Job instance at 0x7f7f1d3ebb90>,22,15,[4 5],23,-1,38,-1,23
1,<environment.Job instance at 0x7f7f1d0a9f00>,23,26,[9 5],24,-1,51,-1,25
1,<environment.Job instance at 0x7f7f1d5a7be0>,28,16,[12  5],29,-1,45,-1,29
1,<environment.Job instance at 0x7f7f1d51c870>,29,25,[4 9],30,-1,55,-1,30
1,<environment.Job instance at 0x7f7f1d3f0eb0>,31,16,[1 8],32,-1,48,-1,32
1,<environment.Job instance at 0x7f7f1cbc5be0>,32,16,[ 5 10],33,-1,49,-1,33
1,<environment.Job instance at 0x7f7f1d5b6690>,36,13,[ 1 10],37,-1,51,-1,38
1,<environment.Job instance at 0x7f7f25b6a320>,40,14,[10  2],41,-1,60,-1,46
1,<environment.Job instance at 0x7f7f25b69e10>,41,13,[ 2 13],42,-1,65,-1,52
1,<environment.Job instance at 0x7f7f25b61050>,49,17,[8 4],50,-1,69,-1,52
1,<environment.Job instance at 0x7f7f25b75910>,44,19,[3 6],45,-1,72,-1,53
1,<environment.Job instance at 0x7f7f25b61190>,50,15,[4 8],51,-1,68,-1,53
1,<environment.Job instance at 0x7f7f25b613c0>,51,16,[3 6],52,-1,70,-1,54
1,<environment.Job instance at 0x7f7f25b611e0>,52,12,[11  5],53,-1,69,-1,57
1,<environment.Job instance at 0x7f7f25b952d0>,56,16,[6 2],57,-1,78,-1,62
1,<environment.Job instance at 0x7f7f25b959b0>,62,16,[3 5],63,-1,79,-1,63
1,<environment.Job instance at 0x7f7f25b95690>,63,18,[8 4],64,-1,82,-1,64
1,<environment.Job instance at 0x7f7f25b95870>,61,15,[5 5],62,-1,92,-1,77
1,<environment.Job instance at 0x7f7f25b95eb0>,67,13,[9 3],68,-1,94,-1,81
1,<environment.Job instance at 0x7f7f25b75960>,45,17,[5 3],46,-1,99,-1,82
1,<environment.Job instance at 0x7f7f25b95f00>,70,15,[2 7],71,-1,98,-1,83
1,<environment.Job instance at 0x7f7f25ee8c80>,13,16,[1 7],14,-1,100,-1,84
1,<environment.Job instance at 0x7f7f25b95dc0>,68,15,[7 4],69,-1,99,-1,84
1,<environment.Job instance at 0x7f7f1d0a0280>,72,1,[5 6],73,-1,85,-1,84
1,<environment.Job instance at 0x7f7f1d0a0730>,79,13,[11  2],80,-1,97,-1,84
1,<environment.Job instance at 0x7f7f1d0a0140>,74,13,[5 6],75,-1,97,-1,84
1,<environment.Job instance at 0x7f7f1d0a0f00>,84,17,[ 3 11],85,-1,112,-1,95
1,<environment.Job instance at 0x7f7f1d079140>,87,17,[8 3],88,-1,114,-1,97
1,<environment.Job instance at 0x7f7f1d0a0fa0>,85,16,[9 5],86,-1,114,-1,98
1,<environment.Job instance at 0x7f7f1d0795a0>,94,22,[10  1],95,-1,125,-1,103
1,<environment.Job instance at 0x7f7f1d0a0230>,71,12,[5 8],72,-1,116,-1,104
1,<environment.Job instance at 0x7f7f1d079780>,97,17,[12  1],98,-1,132,-1,115
1,<environment.Job instance at 0x7f7f1d079e60>,102,15,[ 2 13],103,-1,131,-1,116
1,<environment.Job instance at 0x7f7f1d079eb0>,100,18,[1 5],101,-1,135,-1,117
1,<environment.Job instance at 0x7f7f1d0799b0>,98,15,[ 3 10],99,-1,133,-1,118
1,<environment.Job instance at 0x7f7f1d0a6230>,103,13,[4 7],104,-1,131,-1,118
1,<environment.Job instance at 0x7f7f1d079fa0>,101,12,[7 4],102,-1,130,-1,118
1,<environment.Job instance at 0x7f7f1d0a64b0>,106,1,[5 7],107,-1,119,-1,118
1,<environment.Job instance at 0x7f7f1d0a6870>,112,28,[9 3],113,-1,146,-1,118
1,<environment.Job instance at 0x7f7f1d0a68c0>,114,16,[8 3],115,-1,134,-1,118
1,<environment.Job instance at 0x7f7f1d0a6a50>,115,18,[5 9],116,-1,138,-1,120
1,<environment.Job instance at 0x7f7f1d0a6f00>,119,17,[ 2 13],120,-1,137,-1,120
1,<environment.Job instance at 0x7f7f1d0a6690>,109,17,[5 3],110,-1,138,-1,121
1,<environment.Job instance at 0x7f7f1d0a6b40>,117,14,[7 2],118,-1,135,-1,121
1,<environment.Job instance at 0x7f7f1d0962d0>,121,13,[8 4],122,-1,135,-1,122
1,<environment.Job instance at 0x7f7f1d0965a0>,122,15,[4 5],123,-1,138,-1,123
1,<environment.Job instance at 0x7f7f1d096550>,123,13,[10  4],124,-1,137,-1,124
1,<environment.Job instance at 0x7f7f1d0964b0>,124,14,[5 3],125,-1,139,-1,125
1,<environment.Job instance at 0x7f7f1d096be0>,130,17,[10  3],131,-1,148,-1,131
1,<environment.Job instance at 0x7f7f1d096e60>,134,18,[5 8],135,-1,153,-1,135
1,<environment.Job instance at 0x7f7f1d07b280>,137,27,[9 3],138,-1,168,-1,141
1,<environment.Job instance at 0x7f7f1d07b410>,139,16,[14  4],140,-1,162,-1,146
1,<environment.Job instance at 0x7f7f1d07b550>,142,14,[8 5],143,-1,160,-1,146
1,<environment.Job instance at 0x7f7f1d0791e0>,86,24,[8 4],87,-1,170,-1,146
1,<environment.Job instance at 0x7f7f25b95cd0>,14,16,[12  4],15,-1,49,-1,33
1,<environment.Job instance at 0x7f7f1d0a0b90>,18,16,[11  4],19,-1,54,-1,38
1,<environment.Job instance at 0x7f7f1d079d20>,23,26,[9 5],24,-1,78,-1,52
1,<environment.Job instance at 0x7f7f1d0a6dc0>,26,3,[ 2 12],27,-1,57,-1,54
1,<environment.Job instance at 0x7f7f1d0960f0>,28,16,[12  5],29,-1,70,-1,54
1,<environment.Job instance at 0x7f7f1d096b90>,29,25,[4 9],30,-1,81,-1,56
1,<environment.Job instance at 0x7f7f1d07b0a0>,33,2,[ 3 12],34,-1,68,-1,66
1,<environment.Job instance at 0x7f7f1c802190>,39,18,[14  4],40,-1,105,-1,87
1,<environment.Job instance at 0x7f7f1c8027d0>,41,13,[ 2 13],42,-1,102,-1,89
1,<environment.Job instance at 0x7f7f1c802050>,42,3,[ 2 14],43,-1,92,-1,89
1,<environment.Job instance at 0x7f7f25f1d410>,52,12,[11  5],53,-1,135,-1,123
1,<environment.Job instance at 0x7f1c467c06e0>,0,18,[ 2 10],1,-1,20,-1,2
1,<environment.Job instance at 0x7f1c3d176af0>,3,18,[ 3 10],4,-1,22,-1,4
1,<environment.Job instance at 0x7f1c3d176c80>,4,18,[10  4],5,-1,23,-1,5
1,<environment.Job instance at 0x7f1c3d176b90>,5,13,[5 9],6,-1,19,-1,6
1,<environment.Job instance at 0x7f1c3d176d20>,6,12,[11  4],7,-1,19,-1,7
1,<environment.Job instance at 0x7f1c3d176e60>,8,17,[ 2 10],9,-1,26,-1,9
1,<environment.Job instance at 0x7f1c3d176f50>,9,17,[ 4 10],10,-1,27,-1,10
1,<environment.Job instance at 0x7f1c3d17b370>,13,13,[1 8],14,-1,27,-1,14
1,<environment.Job instance at 0x7f1c3d17b7d0>,18,16,[8 5],19,-1,35,-1,19
1,<environment.Job instance at 0x7f1c3d17bc30>,23,18,[5 2],24,-1,42,-1,24
1,<environment.Job instance at 0x7f1c3d17bf50>,26,22,[2 9],27,-1,55,-1,33
1,<environment.Job instance at 0x7f1c467c08c0>,1,15,[ 1 14],2,-1,52,-1,37
1,<environment.Job instance at 0x7f1c3d17d8c0>,35,16,[8 1],36,-1,54,-1,38
1,<environment.Job instance at 0x7f1c3d17dbe0>,39,18,[5 8],40,-1,58,-1,40
1,<environment.Job instance at 0x7f1c3d17d460>,32,17,[9 3],33,-1,60,-1,43
1,<environment.Job instance at 0x7f1c3d17df50>,41,14,[6 1],42,-1,57,-1,43
1,<environment.Job instance at 0x7f1c3d17df00>,43,28,[6 4],44,-1,72,-1,44
1,<environment.Job instance at 0x7f1c3d17f140>,44,17,[ 5 12],45,-1,62,-1,45
1,<environment.Job instance at 0x7f1c3d17f690>,50,27,[9 1],51,-1,78,-1,51
1,<environment.Job instance at 0x7f1c3d17fb40>,53,18,[ 4 12],54,-1,72,-1,54
1,<environment.Job instance at 0x7f1c3d17fc30>,54,14,[1 7],55,-1,69,-1,55
1,<environment.Job instance at 0x7f1c3d17faf0>,55,17,[4 7],56,-1,73,-1,56
1,<environment.Job instance at 0x7f1c3d17fd20>,56,18,[4 5],57,-1,75,-1,57
1,<environment.Job instance at 0x7f1c3d17d190>,31,17,[4 9],32,-1,78,-1,61
1,<environment.Job instance at 0x7f1c3d17ff50>,59,14,[ 2 10],60,-1,75,-1,61
1,<environment.Job instance at 0x7f1c3d183460>,62,20,[9 1],63,-1,83,-1,63
1,<environment.Job instance at 0x7f1c3d183050>,60,24,[ 3 10],61,-1,88,-1,64
1,<environment.Job instance at 0x7f1c3d183370>,63,15,[1 5],64,-1,79,-1,64
1,<environment.Job instance at 0x7f1c3d183500>,65,13,[3 5],66,-1,79,-1,66
1,<environment.Job instance at 0x7f1c3d1835a0>,67,26,[5 4],68,-1,94,-1,68
1,<environment.Job instance at 0x7f1c3d183870>,68,22,[5 6],69,-1,91,-1,69
1,<environment.Job instance at 0x7f1c3d183960>,70,18,[5 5],71,-1,89,-1,71
1,<environment.Job instance at 0x7f1c3d1839b0>,72,14,[9 1],73,-1,87,-1,73
1,<environment.Job instance at 0x7f1c3d186140>,77,15,[4 7],78,-1,93,-1,78
1,<environment.Job instance at 0x7f1c3d186050>,78,19,[8 4],79,-1,98,-1,79
1,<environment.Job instance at 0x7f1c3d1860f0>,79,17,[2 7],80,-1,97,-1,80
1,<environment.Job instance at 0x7f1c3d1867d0>,84,12,[3 5],85,-1,97,-1,85
1,<environment.Job instance at 0x7f1c3d17dfa0>,42,14,[8 4],43,-1,100,-1,86
1,<environment.Job instance at 0x7f1c46806140>,91,16,[5 8],92,-1,108,-1,92
1,<environment.Job instance at 0x7f1c3d16e410>,100,18,[7 5],101,-1,121,-1,103
1,<environment.Job instance at 0x7f1c3d17be10>,1,15,[ 1 14],2,-1,17,-1,2
1,<environment.Job instance at 0x7f1c3d237a50>,6,12,[11  4],7,-1,19,-1,7
1,<environment.Job instance at 0x7f1c3d2254b0>,19,17,[12  3],20,-1,67,-1,50
1,<environment.Job instance at 0x7f1c3d183550>,22,2,[12  3],23,-1,62,-1,60
1,<environment.Job instance at 0x7f1c3d1a5c80>,43,28,[6 4],44,-1,166,-1,138
1,<environment.Job instance at 0x7f1c3d1d50a0>,44,17,[ 5 12],45,-1,155,-1,138
1,<environment.Job instance at 0x7f1c3d1ca140>,50,27,[9 1],51,-1,179,-1,152
1,<environment.Job instance at 0x7f1c3d1e2870>,52,3,[ 3 11],53,-1,155,-1,152
1,<environment.Job instance at 0x7f1c3d1e2f00>,53,18,[ 4 12],54,-1,170,-1,152
1,<environment.Job instance at 0x7f1c3cbe79b0>,5,25,[3 9],6,-1,31,-1,6
1,<environment.Job instance at 0x7f1c3cbe7fa0>,8,14,[4 7],9,-1,23,-1,9
1,<environment.Job instance at 0x7f1c3cbe7dc0>,9,23,[2 8],10,-1,33,-1,10
1,<environment.Job instance at 0x7f1c3cbeb730>,15,17,[10  5],16,-1,33,-1,16
1,<environment.Job instance at 0x7f1c3cbeb960>,16,26,[9 1],17,-1,43,-1,17
1,<environment.Job instance at 0x7f1c3cbebaf0>,18,14,[8 5],19,-1,33,-1,19
1,<environment.Job instance at 0x7f1c3cbeb9b0>,19,17,[9 2],20,-1,37,-1,20
1,<environment.Job instance at 0x7f1c3cbeba00>,20,18,[5 1],21,-1,39,-1,21
1,<environment.Job instance at 0x7f1c3cbebc30>,22,14,[8 4],23,-1,37,-1,23
1,<environment.Job instance at 0x7f1c3cd3f820>,24,17,[10  5],25,-1,42,-1,25
1,<environment.Job instance at 0x7f1c3cbebd70>,25,16,[ 3 10],26,-1,42,-1,26
1,<environment.Job instance at 0x7f1c3cc4d230>,26,23,[5 8],27,-1,50,-1,27
1,<environment.Job instance at 0x7f1c3cc2e500>,32,14,[9 2],33,-1,48,-1,34
1,<environment.Job instance at 0x7f1c3cc3a3c0>,34,17,[10  2],35,-1,52,-1,35
1,<environment.Job instance at 0x7f1c3cc3ae60>,33,27,[5 3],34,-1,62,-1,35
1,<environment.Job instance at 0x7f1c3cc3a8c0>,35,17,[5 9],36,-1,53,-1,36
1,<environment.Job instance at 0x7f1c3cc3a690>,38,22,[9 2],39,-1,61,-1,39
1,<environment.Job instance at 0x7f1c3cc3ab40>,40,17,[2 9],41,-1,58,-1,41
1,<environment.Job instance at 0x7f1c3cc3a230>,41,18,[ 5 11],42,-1,60,-1,42
1,<environment.Job instance at 0x7f1c3cce3c80>,42,17,[10  4],43,-1,60,-1,43
1,<environment.Job instance at 0x7f1c3cc9a5f0>,44,13,[5 9],45,-1,58,-1,45
1,<environment.Job instance at 0x7f1c3cc9a780>,45,17,[8 1],46,-1,64,-1,47
1,<environment.Job instance at 0x7f1c3cc9a7d0>,47,18,[ 1 10],48,-1,66,-1,48
1,<environment.Job instance at 0x7f1c3cc9a870>,46,16,[7 2],47,-1,64,-1,48
1,<environment.Job instance at 0x7f1c3cc9a730>,48,28,[7 4],49,-1,77,-1,49
1,<environment.Job instance at 0x7f1c3cba3550>,53,15,[5 6],54,-1,69,-1,54
1,<environment.Job instance at 0x7f1c3cba3730>,54,28,[9 1],55,-1,83,-1,55
1,<environment.Job instance at 0x7f1c3cba3230>,55,17,[3 5],56,-1,73,-1,56
1,<environment.Job instance at 0x7f1c3cba39b0>,56,15,[ 5 10],57,-1,72,-1,57
1,<environment.Job instance at 0x7f1c46930a00>,62,16,[8 5],63,-1,79,-1,63
1,<environment.Job instance at 0x7f1c3cc004b0>,64,14,[8 5],65,-1,79,-1,65
1,<environment.Job instance at 0x7f1c3c788aa0>,68,18,[3 8],69,-1,87,-1,69
1,<environment.Job instance at 0x7f1c3ca4c8c0>,69,16,[9 4],70,-1,87,-1,71
1,<environment.Job instance at 0x7f1c3c780410>,70,28,[7 3],71,-1,99,-1,71
1,<environment.Job instance at 0x7f1c467bf640>,71,16,[7 4],72,-1,89,-1,73
1,<environment.Job instance at 0x7f1c3c7a0fa0>,73,18,[1 6],74,-1,92,-1,74
1,<environment.Job instance at 0x7f1c3c7a02d0>,74,15,[9 5],75,-1,90,-1,75
1,<environment.Job instance at 0x7f1c3c7de640>,76,17,[2 6],77,-1,94,-1,77
1,<environment.Job instance at 0x7f1c3c785af0>,77,16,[2 8],78,-1,94,-1,78
1,<environment.Job instance at 0x7f1c3c72cb40>,80,18,[8 5],81,-1,99,-1,81
1,<environment.Job instance at 0x7f1c3c72c8c0>,83,14,[3 5],84,-1,98,-1,84
1,<environment.Job instance at 0x7f1c3c72c320>,84,17,[1 9],85,-1,102,-1,85
1,<environment.Job instance at 0x7f1c3c72af00>,93,21,[9 5],94,-1,116,-1,95
1,<environment.Job instance at 0x7f1c3c728500>,101,18,[ 5 14],102,-1,130,-1,112
1,<environment.Job instance at 0x7f1c3c728140>,103,18,[7 5],104,-1,130,-1,112
1,<environment.Job instance at 0x7f1c3c727b40>,106,14,[5 4],107,-1,126,-1,112
1,<environment.Job instance at 0x7f1c3c7289b0>,102,17,[8 2],103,-1,129,-1,112
1,<environment.Job instance at 0x7f1c3c727aa0>,109,13,[5 7],110,-1,125,-1,112
1,<environment.Job instance at 0x7f1c3c727780>,111,16,[6 2],112,-1,128,-1,112
1,<environment.Job instance at 0x7f1c3c8dbaf0>,116,13,[3 6],117,-1,130,-1,117
1,<environment.Job instance at 0x7f1c3d196870>,5,25,[3 9],6,-1,42,-1,17
1,<environment.Job instance at 0x7f1c3d1965f0>,9,23,[2 8],10,-1,40,-1,17
1,<environment.Job instance at 0x7f1c3d1939b0>,16,26,[9 1],17,-1,49,-1,23
1,<environment.Job instance at 0x7f1c3d193140>,26,23,[5 8],27,-1,94,-1,71
1,<environment.Job instance at 0x7f1c3d191f00>,31,2,[12  1],32,-1,75,-1,73
1,<environment.Job instance at 0x7f1c3d191dc0>,33,27,[5 3],34,-1,102,-1,75
1,<environment.Job instance at 0x7f1c3d191910>,39,3,[ 4 12],40,-1,98,-1,95
1,<environment.Job instance at 0x7f1c3d191460>,41,18,[ 5 11],42,-1,113,-1,95
1,<environment.Job instance at 0x7f1c3d191230>,48,28,[7 4],49,-1,185,-1,157
1,<environment.Job instance at 0x7f1c3c911960>,5,17,[6 3],6,-1,23,-1,6
1,<environment.Job instance at 0x7f1c3c911190>,6,20,[6 2],7,-1,27,-1,7
1,<environment.Job instance at 0x7f1c3c90dbe0>,8,17,[2 8],9,-1,26,-1,9
1,<environment.Job instance at 0x7f1c3c90d4b0>,15,16,[2 6],16,-1,36,-1,20
1,<environment.Job instance at 0x7f1c3c90dfa0>,16,15,[10  5],17,-1,36,-1,21
1,<environment.Job instance at 0x7f1c3c90b1e0>,21,25,[10  4],22,-1,49,-1,24
1,<environment.Job instance at 0x7f1c3c90de60>,19,22,[1 6],20,-1,46,-1,24
1,<environment.Job instance at 0x7f1c3c90b9b0>,24,22,[1 9],25,-1,47,-1,25
1,<environment.Job instance at 0x7f1c3c90b730>,27,13,[ 1 10],28,-1,41,-1,28
1,<environment.Job instance at 0x7f1c3c90d370>,18,16,[3 6],19,-1,47,-1,31
1,<environment.Job instance at 0x7f1c3c90baa0>,29,18,[ 2 10],30,-1,53,-1,35
1,<environment.Job instance at 0x7f1c3c90ba50>,30,17,[7 1],31,-1,54,-1,37
1,<environment.Job instance at 0x7f1c3c905be0>,31,18,[3 8],32,-1,55,-1,37
1,<environment.Job instance at 0x7f1c3c905690>,37,27,[9 5],38,-1,67,-1,40
1,<environment.Job instance at 0x7f1c3c905730>,36,15,[4 9],37,-1,55,-1,40
1,<environment.Job instance at 0x7f1c3c905820>,40,18,[4 8],41,-1,59,-1,41
1,<environment.Job instance at 0x7f1c3c9bddc0>,45,18,[ 3 10],46,-1,64,-1,46
1,<environment.Job instance at 0x7f1c3c9bde60>,46,21,[6 1],47,-1,91,-1,70
1,<environment.Job instance at 0x7f1c3c905320>,38,14,[3 6],39,-1,84,-1,70
1,<environment.Job instance at 0x7f1c3c9bd6e0>,52,17,[9 1],53,-1,89,-1,72
1,<environment.Job instance at 0x7f1c3c9bde10>,53,18,[8 1],54,-1,90,-1,72
1,<environment.Job instance at 0x7f1c3c901fa0>,55,27,[5 5],56,-1,101,-1,74
1,<environment.Job instance at 0x7f1c3c905b90>,35,20,[3 8],36,-1,94,-1,74
1,<environment.Job instance at 0x7f1c3c9016e0>,57,20,[5 2],58,-1,101,-1,81
1,<environment.Job instance at 0x7f1c3c9017d0>,58,13,[14  4],59,-1,95,-1,82
1,<environment.Job instance at 0x7f1c3c901780>,60,16,[1 9],61,-1,98,-1,82
1,<environment.Job instance at 0x7f1c3c9019b0>,63,27,[7 5],64,-1,109,-1,82
1,<environment.Job instance at 0x7f1c3c9015a0>,64,13,[14  5],65,-1,95,-1,82
1,<environment.Job instance at 0x7f1c3c901f00>,56,22,[2 8],57,-1,104,-1,82
1,<environment.Job instance at 0x7f1c3c901730>,62,17,[4 6],63,-1,99,-1,82
1,<environment.Job instance at 0x7f1c3c901500>,59,17,[2 6],60,-1,105,-1,88
1,<environment.Job instance at 0x7f1c3c8fd050>,67,13,[4 6],68,-1,101,-1,88
1,<environment.Job instance at 0x7f1c3c901a00>,65,12,[4 7],66,-1,105,-1,93
1,<environment.Job instance at 0x7f1c3c8fdaf0>,72,13,[8 1],73,-1,107,-1,94
1,<environment.Job instance at 0x7f1c3c8fdeb0>,71,18,[5 7],72,-1,112,-1,94
1,<environment.Job instance at 0x7f1c3c8fda50>,75,25,[3 7],76,-1,119,-1,94
1,<environment.Job instance at 0x7f1c3c8fdcd0>,73,16,[3 5],74,-1,110,-1,94
1,<environment.Job instance at 0x7f1c3c8fafa0>,77,14,[10  3],78,-1,108,-1,94
1,<environment.Job instance at 0x7f1c3c8fd7d0>,69,17,[5 1],70,-1,111,-1,94
1,<environment.Job instance at 0x7f1c3c8fad20>,78,13,[8 2],79,-1,108,-1,95
1,<environment.Job instance at 0x7f1c3c8fad70>,82,13,[3 9],83,-1,108,-1,95
1,<environment.Job instance at 0x7f1c3c8faf00>,85,16,[10  5],86,-1,111,-1,95
1,<environment.Job instance at 0x7f1c3c8fa6e0>,84,12,[13  3],85,-1,107,-1,95
1,<environment.Job instance at 0x7f1c3c8fab40>,87,14,[9 1],88,-1,109,-1,95
1,<environment.Job instance at 0x7f1c3c8f7a00>,88,21,[9 5],89,-1,117,-1,96
1,<environment.Job instance at 0x7f1c3c8fa050>,83,1,[5 2],84,-1,98,-1,97
1,<environment.Job instance at 0x7f1c3c8f7c80>,90,17,[9 4],91,-1,114,-1,97
1,<environment.Job instance at 0x7f1c3c8fa820>,86,13,[8 4],87,-1,110,-1,97
1,<environment.Job instance at 0x7f1c3c8f7320>,92,12,[8 5],93,-1,109,-1,97
1,<environment.Job instance at 0x7f1c3c8f7780>,95,15,[5 7],96,-1,114,-1,99
1,<environment.Job instance at 0x7f1c3c8f3370>,99,16,[ 5 13],100,-1,125,-1,109
1,<environment.Job instance at 0x7f1c3c8f7e60>,97,16,[2 6],98,-1,128,-1,112
1,<environment.Job instance at 0x7f1c3c8f3820>,103,17,[1 8],104,-1,129,-1,112
1,<environment.Job instance at 0x7f1c3c8f3910>,104,14,[ 3 14],105,-1,126,-1,112
1,<environment.Job instance at 0x7f1c3c8f3cd0>,106,17,[9 1],107,-1,132,-1,115
1,<environment.Job instance at 0x7f1c3c8f3b90>,105,24,[3 9],106,-1,139,-1,115
1,<environment.Job instance at 0x7f1c3c920780>,109,16,[1 8],110,-1,131,-1,115
1,<environment.Job instance at 0x7f1c3c9225f0>,112,17,[10  3],113,-1,133,-1,116
1,<environment.Job instance at 0x7f1c3c8fd910>,76,13,[1 6],77,-1,129,-1,116
1,<environment.Job instance at 0x7f1c3c922820>,113,13,[9 5],114,-1,130,-1,117
1,<environment.Job instance at 0x7f1c3d2fb0a0>,121,15,[14  1],122,-1,137,-1,122
1,<environment.Job instance at 0x7f1c3c922cd0>,114,15,[ 1 10],115,-1,141,-1,126
1,<environment.Job instance at 0x7f1c3c816190>,122,27,[5 5],123,-1,154,-1,127
1,<environment.Job instance at 0x7f1c3c809820>,123,14,[3 6],124,-1,143,-1,129
1,<environment.Job instance at 0x7f1c3c8a7730>,124,25,[1 7],125,-1,157,-1,132
1,<environment.Job instance at 0x7f1c469333c0>,126,15,[ 5 10],127,-1,147,-1,132
1,<environment.Job instance at 0x7f1c467e8230>,127,13,[6 5],128,-1,146,-1,133
1,<environment.Job instance at 0x7f1c3d00bf00>,132,12,[4 9],133,-1,146,-1,134
1,<environment.Job instance at 0x7f1c3c804460>,131,14,[1 9],132,-1,149,-1,135
1,<environment.Job instance at 0x7f1c468453c0>,133,18,[4 8],134,-1,156,-1,138
1,<environment.Job instance at 0x7f1c3c72c2d0>,135,14,[7 3],136,-1,153,-1,139
1,<environment.Job instance at 0x7f1c3d72df50>,136,27,[5 8],137,-1,166,-1,139
1,<environment.Job instance at 0x7f1c3c78d190>,138,12,[5 6],139,-1,151,-1,139
1,<environment.Job instance at 0x7f1c3c72a960>,141,24,[4 8],142,-1,166,-1,142
1,<environment.Job instance at 0x7f1c3c7c84b0>,145,19,[7 5],146,-1,165,-1,146
1,<environment.Job instance at 0x7f1c3c766c30>,147,12,[10  4],148,-1,160,-1,148
1,<environment.Job instance at 0x7f1c3c90bf50>,0,18,[11  4],1,-1,19,-1,1
1,<environment.Job instance at 0x7f1c3c9111e0>,21,25,[10  4],22,-1,78,-1,53
1,<environment.Job instance at 0x7f1c3c8f7f50>,33,24,[3 6],34,-1,124,-1,100
1,<environment.Job instance at 0x7f1c3c937aa0>,37,27,[9 5],38,-1,143,-1,116
1,<environment.Job instance at 0x7f1c3c937c80>,43,2,[ 3 14],44,-1,118,-1,116
1,<environment.Job instance at 0x7f1c3c7c7820>,54,3,[ 3 12],55,-1,151,-1,148
1,<environment.Job instance at 0x7f1c3d191230>,55,27,[5 5],56,-1,192,-1,165
1,<environment.Job instance at 0x7f1c3d191fa0>,58,13,[14  4],59,-1,181,-1,168
1,<environment.Job instance at 0x7f1c3c8ef410>,1,17,[5 7],2,-1,19,-1,2
1,<environment.Job instance at 0x7f1c3c6e8a00>,5,16,[4 5],6,-1,22,-1,6
1,<environment.Job instance at 0x7f1c3c6e8d20>,9,17,[ 5 10],10,-1,27,-1,10
1,<environment.Job instance at 0x7f1c3c6e8e10>,10,18,[4 6],11,-1,29,-1,11
1,<environment.Job instance at 0x7f1c3c6e9050>,14,15,[5 7],15,-1,30,-1,15
1,<environment.Job instance at 0x7f1c3c6e9280>,17,18,[1 7],18,-1,36,-1,18
1,<environment.Job instance at 0x7f1c3c6e9410>,18,19,[1 6],19,-1,38,-1,19
1,<environment.Job instance at 0x7f1c3c6e9870>,23,20,[5 7],24,-1,44,-1,24
1,<environment.Job instance at 0x7f1c3c6e95f0>,26,27,[4 5],27,-1,58,-1,31
1,<environment.Job instance at 0x7f1c3c6e9a50>,28,15,[5 9],29,-1,70,-1,55
1,<environment.Job instance at 0x7f1c3c6eb690>,41,15,[ 2 14],42,-1,70,-1,55
1,<environment.Job instance at 0x7f1c3c6e9cd0>,30,14,[8 4],31,-1,69,-1,55
1,<environment.Job instance at 0x7f1c3c6eb3c0>,36,14,[10  4],37,-1,69,-1,55
1,<environment.Job instance at 0x7f1c3c6eba50>,47,18,[3 6],48,-1,80,-1,62
1,<environment.Job instance at 0x7f1c3c6ebc30>,50,18,[5 9],51,-1,95,-1,77
1,<environment.Job instance at 0x7f1c3c6ebe10>,53,18,[ 1 10],54,-1,95,-1,77
1,<environment.Job instance at 0x7f1c3c6eb9b0>,46,16,[2 6],47,-1,94,-1,78
1,<environment.Job instance at 0x7f1c3c6ef460>,54,14,[7 5],55,-1,92,-1,78
1,<environment.Job instance at 0x7f1c3c6ef640>,59,14,[9 5],60,-1,94,-1,80
1,<environment.Job instance at 0x7f1c3c6e9230>,15,24,[10  2],16,-1,105,-1,81
1,<environment.Job instance at 0x7f1c3c6e9820>,25,12,[11  5],26,-1,93,-1,81
1,<environment.Job instance at 0x7f1c3c911be0>,63,1,[7 1],64,-1,82,-1,81
1,<environment.Job instance at 0x7f1c3cb13640>,64,15,[ 2 13],65,-1,96,-1,81
1,<environment.Job instance at 0x7f1c3cb137d0>,65,17,[ 5 10],66,-1,100,-1,83
1,<environment.Job instance at 0x7f1c3cb13910>,66,17,[ 1 10],67,-1,102,-1,85
1,<environment.Job instance at 0x7f1c3cb13500>,68,16,[9 2],69,-1,102,-1,86
1,<environment.Job instance at 0x7f1c3cb13690>,69,28,[1 8],70,-1,114,-1,86
1,<environment.Job instance at 0x7f1c3cb13730>,76,14,[9 2],77,-1,115,-1,101
1,<environment.Job instance at 0x7f1c3cae6d20>,78,18,[13  3],79,-1,119,-1,101
1,<environment.Job instance at 0x7f1c3cb136e0>,71,13,[1 9],72,-1,114,-1,101
1,<environment.Job instance at 0x7f1c3c6ef8c0>,61,17,[14  3],62,-1,118,-1,101
1,<environment.Job instance at 0x7f1c3d000e10>,81,15,[1 9],82,-1,116,-1,101
1,<environment.Job instance at 0x7f1c3c8989b0>,77,17,[3 8],78,-1,118,-1,101
1,<environment.Job instance at 0x7f1c3d5e1820>,80,13,[10  4],81,-1,114,-1,101
1,<environment.Job instance at 0x7f1c3dcd95f0>,85,24,[8 3],86,-1,128,-1,104
1,<environment.Job instance at 0x7f1c3d5ecf00>,88,17,[2 7],89,-1,122,-1,105
1,<environment.Job instance at 0x7f1c3d5ec8c0>,89,14,[4 9],90,-1,119,-1,105
1,<environment.Job instance at 0x7f1c3d5e7960>,90,18,[8 1],91,-1,123,-1,105
1,<environment.Job instance at 0x7f1c3d5c47d0>,95,13,[3 9],96,-1,121,-1,108
1,<environment.Job instance at 0x7f1c3d5c4820>,96,18,[9 4],97,-1,129,-1,111
1,<environment.Job instance at 0x7f1c3d5c4910>,97,17,[3 5],98,-1,128,-1,111
1,<environment.Job instance at 0x7f1c3d5e4280>,98,17,[2 6],99,-1,128,-1,111
1,<environment.Job instance at 0x7f1c3d5e4230>,102,15,[10  1],103,-1,126,-1,111
1,<environment.Job instance at 0x7f1c3d5e4140>,101,13,[12  4],102,-1,144,-1,131
1,<environment.Job instance at 0x7f1c3d5e4730>,103,17,[5 3],104,-1,148,-1,131
1,<environment.Job instance at 0x7f1c3d5f1d20>,113,14,[4 8],114,-1,145,-1,131
1,<environment.Job instance at 0x7f1c3d5e1be0>,82,17,[2 5],83,-1,148,-1,131
1,<environment.Job instance at 0x7f1c3d5f1dc0>,114,16,[9 2],115,-1,147,-1,131
1,<environment.Job instance at 0x7f1c3d5f1730>,116,15,[9 1],117,-1,146,-1,131
1,<environment.Job instance at 0x7f1c3d5f17d0>,118,13,[6 1],119,-1,144,-1,131
1,<environment.Job instance at 0x7f1c3d5f11e0>,112,15,[2 5],113,-1,146,-1,131
1,<environment.Job instance at 0x7f1c3d5f14b0>,121,13,[6 5],122,-1,145,-1,132
1,<environment.Job instance at 0x7f1c3d5f1280>,122,13,[ 5 10],123,-1,145,-1,132
1,<environment.Job instance at 0x7f1c3d5f1af0>,119,13,[1 8],120,-1,145,-1,132
1,<environment.Job instance at 0x7f1c3d5e4870>,106,13,[3 9],107,-1,145,-1,132
1,<environment.Job instance at 0x7f1c3d5e4190>,105,13,[8 5],106,-1,145,-1,132
1,<environment.Job instance at 0x7f1c3d5f1190>,123,15,[6 1],124,-1,148,-1,133
1,<environment.Job instance at 0x7f1c3d5f32d0>,129,16,[10  2],130,-1,149,-1,133
1,<environment.Job instance at 0x7f1c3d5f3dc0>,130,15,[5 6],131,-1,148,-1,133
1,<environment.Job instance at 0x7f1c3d5e4690>,104,24,[4 5],105,-1,157,-1,133
1,<environment.Job instance at 0x7f1c3cb15910>,134,15,[7 3],135,-1,152,-1,137
1,<environment.Job instance at 0x7f1c3cb15e60>,135,12,[10  3],136,-1,149,-1,137
1,<environment.Job instance at 0x7f1c3cb15d20>,136,14,[5 4],137,-1,151,-1,137
1,<environment.Job instance at 0x7f1c3d5f1910>,115,2,[2 9],116,-1,139,-1,137
1,<environment.Job instance at 0x7f1c3cb15a50>,137,15,[10  1],138,-1,153,-1,138
1,<environment.Job instance at 0x7f1c3d5f3c80>,128,17,[7 2],129,-1,156,-1,139
1,<environment.Job instance at 0x7f1c3cb209b0>,139,23,[6 5],140,-1,163,-1,140
1,<environment.Job instance at 0x7f1c3cb20be0>,140,17,[2 6],141,-1,158,-1,141
1,<environment.Job instance at 0x7f1c3c6eb320>,3,3,[ 5 13],4,-1,7,-1,4
1,<environment.Job instance at 0x7f1c3d5cfb40>,6,17,[13  2],7,-1,24,-1,7
1,<environment.Job instance at 0x7f1c3c6ebfa0>,7,1,[11  4],8,-1,9,-1,8
1,<environment.Job instance at 0x7f1c3caee820>,12,17,[ 2 12],13,-1,33,-1,16
1,<environment.Job instance at 0x7f1c3d5e4460>,15,24,[10  2],16,-1,55,-1,31
1,<environment.Job instance at 0x7f1c3cb15140>,19,27,[14  1],20,-1,71,-1,44
1,<environment.Job instance at 0x7f1c3d5f3730>,22,2,[11  4],23,-1,46,-1,44
1,<environment.Job instance at 0x7f1c3c6e85f0>,25,12,[11  5],26,-1,65,-1,53
1,<environment.Job instance at 0x7f1c3c6e8c80>,26,27,[4 5],27,-1,81,-1,54
1,<environment.Job instance at 0x7f1c3c8ab500>,32,3,[11  3],33,-1,75,-1,72
1,<environment.Job instance at 0x7f1c3c8b0e60>,41,15,[ 2 14],42,-1,119,-1,104
1,<environment.Job instance at 0x7f1c3c8b9870>,45,12,[ 3 13],46,-1,123,-1,111
1,<environment.Job instance at 0x7f1c3cadd0f0>,61,17,[14  3],62,-1,186,-1,169
1,<environment.Job instance at 0x7f1c3d2856e0>,8,14,[9 1],9,-1,23,-1,9
1,<environment.Job instance at 0x7f1c3d2850f0>,9,17,[1 9],10,-1,27,-1,10
1,<environment.Job instance at 0x7f1c3d285cd0>,12,15,[6 2],13,-1,29,-1,14
1,<environment.Job instance at 0x7f1c3d2792d0>,24,17,[5 1],25,-1,42,-1,25
1,<environment.Job instance at 0x7f1c3d2797d0>,25,15,[ 1 10],26,-1,41,-1,26
1,<environment.Job instance at 0x7f1c3d279be0>,23,16,[5 3],24,-1,45,-1,29
1,<environment.Job instance at 0x7f1c3d2793c0>,28,24,[4 7],29,-1,54,-1,30
1,<environment.Job instance at 0x7f1c3d285780>,19,18,[ 5 10],20,-1,54,-1,36
1,<environment.Job instance at 0x7f1c3d279c30>,32,17,[9 4],33,-1,53,-1,36
1,<environment.Job instance at 0x7f1c3d279690>,30,13,[5 3],31,-1,49,-1,36
1,<environment.Job instance at 0x7f1c3d2795f0>,17,27,[9 3],18,-1,63,-1,36
1,<environment.Job instance at 0x7f1c3d279d20>,26,12,[ 2 11],27,-1,48,-1,36
1,<environment.Job instance at 0x7f1c3d279c80>,35,16,[9 4],36,-1,53,-1,37
1,<environment.Job instance at 0x7f1c3d2790f0>,34,18,[ 4 11],35,-1,55,-1,37
1,<environment.Job instance at 0x7f1c3d2cc280>,37,15,[4 6],38,-1,59,-1,44
1,<environment.Job instance at 0x7f1c3d2ccbe0>,40,20,[4 6],41,-1,64,-1,44
1,<environment.Job instance at 0x7f1c3d2cc140>,44,16,[4 5],45,-1,63,-1,47
1,<environment.Job instance at 0x7f1c3d2cc230>,45,16,[ 2 11],46,-1,63,-1,47
1,<environment.Job instance at 0x7f1c3d2828c0>,52,17,[ 2 10],53,-1,72,-1,55
1,<environment.Job instance at 0x7f1c3d2cc0a0>,43,14,[ 1 11],44,-1,71,-1,57
1,<environment.Job instance at 0x7f1c3d282d20>,58,20,[3 8],59,-1,79,-1,59
1,<environment.Job instance at 0x7f1c3d2827d0>,53,15,[5 5],54,-1,74,-1,59
1,<environment.Job instance at 0x7f1c3d2799b0>,31,3,[5 2],32,-1,62,-1,59
1,<environment.Job instance at 0x7f1c3d2822d0>,59,13,[7 4],60,-1,73,-1,60
1,<environment.Job instance at 0x7f1c3d2824b0>,60,24,[10  4],61,-1,85,-1,61
1,<environment.Job instance at 0x7f1c3d2bfd20>,61,21,[4 7],62,-1,83,-1,62
1,<environment.Job instance at 0x7f1c3d2bf370>,62,17,[ 2 11],63,-1,80,-1,63
1,<environment.Job instance at 0x7f1c3d2bf870>,63,15,[4 9],64,-1,79,-1,64
1,<environment.Job instance at 0x7f1c3d2bf0a0>,66,18,[6 3],67,-1,85,-1,67
1,<environment.Job instance at 0x7f1c3d2bf0f0>,69,19,[5 5],70,-1,89,-1,70
1,<environment.Job instance at 0x7f1c3d2bf410>,70,15,[10  4],71,-1,87,-1,72
1,<environment.Job instance at 0x7f1c3d2bf960>,71,18,[4 8],72,-1,90,-1,72
1,<environment.Job instance at 0x7f1c3d2bf140>,74,14,[3 8],75,-1,89,-1,75
1,<environment.Job instance at 0x7f1c3d2bf190>,75,12,[10  1],76,-1,88,-1,76
1,<environment.Job instance at 0x7f1c3d2bf8c0>,76,12,[2 7],77,-1,89,-1,77
1,<environment.Job instance at 0x7f1c3d2bf550>,77,14,[ 4 10],78,-1,92,-1,78
1,<environment.Job instance at 0x7f1c3d2bf910>,78,18,[4 6],79,-1,97,-1,79
1,<environment.Job instance at 0x7f1c3d8077d0>,81,12,[5 5],82,-1,95,-1,83
1,<environment.Job instance at 0x7f1c3d807b40>,82,16,[3 8],83,-1,99,-1,83
1,<environment.Job instance at 0x7f1c3d807d70>,86,18,[10  2],87,-1,105,-1,87
1,<environment.Job instance at 0x7f1c3d807fa0>,87,2,[7 4],88,-1,90,-1,88
1,<environment.Job instance at 0x7f1c3d807190>,88,17,[9 5],89,-1,109,-1,92
1,<environment.Job instance at 0x7f1c3d807690>,90,16,[ 3 10],91,-1,110,-1,94
1,<environment.Job instance at 0x7f1c3d8070a0>,91,16,[5 7],92,-1,110,-1,94
1,<environment.Job instance at 0x7f1c3d451460>,93,13,[5 5],94,-1,107,-1,94
1,<environment.Job instance at 0x7f1c3d451640>,95,14,[4 6],96,-1,110,-1,96
1,<environment.Job instance at 0x7f1c3d807a50>,89,16,[7 2],90,-1,121,-1,105
1,<environment.Job instance at 0x7f1c3d284280>,105,12,[8 5],106,-1,119,-1,107
1,<environment.Job instance at 0x7f1c3d2845f0>,106,14,[6 4],107,-1,121,-1,107
1,<environment.Job instance at 0x7f1c3d2848c0>,108,17,[3 7],109,-1,126,-1,109
1,<environment.Job instance at 0x7f1c3d210320>,111,17,[2 7],112,-1,129,-1,112
1,<environment.Job instance at 0x7f1c3d259230>,112,17,[6 4],113,-1,130,-1,113
1,<environment.Job instance at 0x7f1c3d8b6320>,118,12,[ 4 10],119,-1,133,-1,121
1,<environment.Job instance at 0x7f1c3d451f50>,122,16,[ 3 10],123,-1,139,-1,123
1,<environment.Job instance at 0x7f1c3d4516e0>,123,18,[5 5],124,-1,142,-1,124
1,<environment.Job instance at 0x7f1c3d8b8cd0>,124,16,[5 5],125,-1,141,-1,125
1,<environment.Job instance at 0x7f1c3d8b8a50>,125,17,[ 3 10],126,-1,143,-1,126
1,<environment.Job instance at 0x7f1c3d31e230>,120,14,[ 2 10],121,-1,141,-1,127
1,<environment.Job instance at 0x7f1c3d8b8b40>,128,18,[1 5],129,-1,147,-1,129
1,<environment.Job instance at 0x7f1c3d8b81e0>,129,18,[9 5],130,-1,148,-1,130
1,<environment.Job instance at 0x7f1c3d8b8370>,130,19,[4 5],131,-1,150,-1,131
1,<environment.Job instance at 0x7f1c3d2baf00>,132,13,[9 4],133,-1,146,-1,133
1,<environment.Job instance at 0x7f1c3d2ba2d0>,133,12,[2 6],134,-1,146,-1,134
1,<environment.Job instance at 0x7f1c3d2ba960>,134,16,[2 7],135,-1,151,-1,135
1,<environment.Job instance at 0x7f1c3d2bafa0>,138,16,[8 3],139,-1,155,-1,139
1,<environment.Job instance at 0x7f1c3d2ba3c0>,140,23,[9 4],141,-1,164,-1,141
1,<environment.Job instance at 0x7f1c3d2bae60>,141,21,[8 2],142,-1,164,-1,143
1,<environment.Job instance at 0x7f1c3d2ba370>,142,21,[5 7],143,-1,164,-1,143
1,<environment.Job instance at 0x7f1c3d2ba500>,144,17,[9 2],145,-1,163,-1,146
1,<environment.Job instance at 0x7f1c3c90d190>,4,3,[ 2 12],5,-1,8,-1,5
1,<environment.Job instance at 0x7f1c3d282aa0>,11,2,[ 3 14],12,-1,18,-1,16
1,<environment.Job instance at 0x7f1c3dcf5730>,16,13,[12  4],17,-1,32,-1,19
1,<environment.Job instance at 0x7f1c3d807f50>,17,27,[9 3],18,-1,59,-1,32
1,<environment.Job instance at 0x7f1c3d2ba280>,26,12,[ 2 11],27,-1,58,-1,46
1,<environment.Job instance at 0x7f1c3c922a00>,28,24,[4 7],29,-1,102,-1,78
1,<environment.Job instance at 0x7f1c3c901820>,34,18,[ 4 11],35,-1,96,-1,78
1,<environment.Job instance at 0x7f1c3c8fddc0>,39,3,[14  1],40,-1,87,-1,84
1,<environment.Job instance at 0x7f1c3c8f7f50>,43,14,[ 1 11],44,-1,102,-1,88
1,<environment.Job instance at 0x7f1c3cb25dc0>,45,16,[ 2 11],46,-1,106,-1,90
1,<environment.Job instance at 0x7f1c3c937460>,48,2,[13  3],49,-1,100,-1,98
1,<environment.Job instance at 0x7f1c3d1910a0>,60,24,[10  4],61,-1,176,-1,152
1,<environment.Job instance at 0x7f1c3d1914b0>,62,17,[ 2 11],63,-1,169,-1,152
1,<environment.Job instance at 0x7f1c3d191320>,64,1,[ 2 11],65,-1,153,-1,152
1,<environment.Job instance at 0x7f1c3c3bddc0>,9,18,[6 4],10,-1,29,-1,11
1,<environment.Job instance at 0x7f1c3c3bdcd0>,10,13,[11  2],11,-1,25,-1,12
1,<environment.Job instance at 0x7f1c3c3b9c80>,6,18,[7 4],7,-1,33,-1,15
1,<environment.Job instance at 0x7f1c3c541550>,5,14,[ 1 10],6,-1,32,-1,18
1,<environment.Job instance at 0x7f1c3ce76a00>,17,16,[ 3 12],18,-1,36,-1,20
1,<environment.Job instance at 0x7f1c3d97f5f0>,19,17,[9 2],20,-1,38,-1,21
1,<environment.Job instance at 0x7f1c3c517370>,20,14,[10  1],21,-1,35,-1,21
1,<environment.Job instance at 0x7f1c3c5177d0>,23,22,[5 2],24,-1,46,-1,24
1,<environment.Job instance at 0x7f1c3c3b9550>,3,24,[ 5 11],4,-1,49,-1,25
1,<environment.Job instance at 0x7f1c3c3bd370>,15,2,[8 3],16,-1,28,-1,26
1,<environment.Job instance at 0x7f1c3ce760f0>,18,15,[7 3],19,-1,43,-1,28
1,<environment.Job instance at 0x7f1c3c517a50>,26,13,[8 2],27,-1,41,-1,28
1,<environment.Job instance at 0x7f1c3c517dc0>,28,12,[ 4 10],29,-1,41,-1,29
1,<environment.Job instance at 0x7f1c3c5172d0>,24,18,[5 6],25,-1,48,-1,30
1,<environment.Job instance at 0x7f1c3c5170a0>,27,13,[4 5],28,-1,46,-1,33
1,<environment.Job instance at 0x7f1c3d0f8550>,30,16,[ 2 10],31,-1,51,-1,35
1,<environment.Job instance at 0x7f1c3c460870>,32,15,[5 9],33,-1,52,-1,37
1,<environment.Job instance at 0x7f1c3c570e60>,35,18,[ 5 10],36,-1,58,-1,40
1,<environment.Job instance at 0x7f1c3c570f50>,34,14,[6 4],35,-1,54,-1,40
1,<environment.Job instance at 0x7f1c3c517410>,25,17,[3 6],26,-1,65,-1,48
1,<environment.Job instance at 0x7f1c3c460230>,36,25,[6 3],37,-1,73,-1,48
1,<environment.Job instance at 0x7f1c3c41d8c0>,47,18,[3 8],48,-1,67,-1,49
1,<environment.Job instance at 0x7f1c46357550>,51,18,[10  5],52,-1,71,-1,53
1,<environment.Job instance at 0x7f1c3d1f7320>,55,18,[9 2],56,-1,74,-1,56
1,<environment.Job instance at 0x7f1c3d3216e0>,57,20,[1 8],58,-1,82,-1,62
1,<environment.Job instance at 0x7f1c467e9320>,61,21,[4 9],62,-1,84,-1,63
1,<environment.Job instance at 0x7f1c3d790730>,65,23,[8 4],66,-1,89,-1,66
1,<environment.Job instance at 0x7f1c3d4da050>,69,18,[6 1],70,-1,97,-1,79
1,<environment.Job instance at 0x7f1c3c540af0>,68,16,[4 8],69,-1,95,-1,79
1,<environment.Job instance at 0x7f1c3d4da320>,70,15,[2 8],71,-1,94,-1,79
1,<environment.Job instance at 0x7f1c3d6e7640>,75,16,[10  5],76,-1,95,-1,79
1,<environment.Job instance at 0x7f1c3c540050>,66,12,[3 9],67,-1,91,-1,79
1,<environment.Job instance at 0x7f1c3d790780>,67,20,[5 7],68,-1,99,-1,79
1,<environment.Job instance at 0x7f1c463b9500>,79,18,[2 7],80,-1,98,-1,80
1,<environment.Job instance at 0x7f1c3cbe7a00>,77,16,[1 7],78,-1,96,-1,80
1,<environment.Job instance at 0x7f1c463b9460>,80,15,[4 7],81,-1,96,-1,81
1,<environment.Job instance at 0x7f1c462f3320>,83,16,[9 4],84,-1,100,-1,84
1,<environment.Job instance at 0x7f1c462f35f0>,84,13,[8 2],85,-1,98,-1,85
1,<environment.Job instance at 0x7f1c466fda00>,90,24,[7 2],91,-1,115,-1,91
1,<environment.Job instance at 0x7f1c3d6e7b40>,74,15,[11  1],75,-1,106,-1,91
1,<environment.Job instance at 0x7f1c3d74ee60>,92,15,[ 2 10],93,-1,110,-1,95
1,<environment.Job instance at 0x7f1c3d7a4e10>,96,19,[2 9],97,-1,116,-1,97
1,<environment.Job instance at 0x7f1c3d7a4fa0>,98,20,[ 1 10],99,-1,119,-1,99
1,<environment.Job instance at 0x7f1c3dba3140>,99,18,[2 7],100,-1,118,-1,100
1,<environment.Job instance at 0x7f1c3dcf4be0>,101,18,[3 8],102,-1,120,-1,102
1,<environment.Job instance at 0x7f1c3dcf4780>,103,14,[ 4 10],104,-1,118,-1,104
1,<environment.Job instance at 0x7f1c3dcf4b90>,104,15,[4 8],105,-1,120,-1,105
1,<environment.Job instance at 0x7f1c3dcf4460>,106,16,[1 6],107,-1,123,-1,107
1,<environment.Job instance at 0x7f1c3dcf4870>,109,17,[ 1 10],110,-1,127,-1,110
1,<environment.Job instance at 0x7f1c3dcf4eb0>,111,28,[5 1],112,-1,147,-1,119
1,<environment.Job instance at 0x7f1c3cb9a1e0>,123,23,[7 4],124,-1,147,-1,124
1,<environment.Job instance at 0x7f1c3d286fa0>,1,18,[11  2],2,-1,20,-1,2
1,<environment.Job instance at 0x7f1c3d286c30>,2,12,[ 5 13],3,-1,15,-1,3
1,<environment.Job instance at 0x7f1c3d286e60>,3,24,[ 5 11],4,-1,28,-1,4
1,<environment.Job instance at 0x7f1c3d286320>,10,13,[11  2],11,-1,24,-1,11
1,<environment.Job instance at 0x7f1c3c7305f0>,17,16,[ 3 12],18,-1,46,-1,30
1,<environment.Job instance at 0x7f1c3d2c00a0>,36,25,[6 3],37,-1,136,-1,111
1,<environment.Job instance at 0x7f1c3c5703c0>,43,2,[14  3],44,-1,124,-1,122
1,<environment.Job instance at 0x7f1c3c5706e0>,44,1,[14  5],45,-1,123,-1,122
1,<environment.Job instance at 0x7f1c3d4cd640>,53,1,[12  4],54,-1,146,-1,145
1,<environment.Job instance at 0x7f1c3d7bed20>,0,16,[7 5],1,-1,17,-1,1
1,<environment.Job instance at 0x7f1c3d259af0>,3,17,[5 9],4,-1,21,-1,4
1,<environment.Job instance at 0x7f1c3cd7ee60>,4,17,[2 5],5,-1,22,-1,5
1,<environment.Job instance at 0x7f1c3cd7e5a0>,5,21,[9 3],6,-1,28,-1,7
1,<environment.Job instance at 0x7f1c3dc03eb0>,7,25,[9 4],8,-1,33,-1,8
1,<environment.Job instance at 0x7f1c3dc03e10>,9,14,[5 4],10,-1,24,-1,10
1,<environment.Job instance at 0x7f1c3d84d230>,10,12,[10  1],11,-1,23,-1,11
1,<environment.Job instance at 0x7f1c3c4fc410>,12,16,[9 4],13,-1,29,-1,13
1,<environment.Job instance at 0x7f1c3d84d960>,13,12,[10  1],14,-1,26,-1,14
1,<environment.Job instance at 0x7f1c3d2864b0>,6,15,[3 5],7,-1,29,-1,14
1,<environment.Job instance at 0x7f1c3dc039b0>,14,17,[1 9],15,-1,32,-1,15
1,<environment.Job instance at 0x7f1c3dd05910>,16,18,[8 1],17,-1,38,-1,20
1,<environment.Job instance at 0x7f1c3dd054b0>,19,28,[6 1],20,-1,48,-1,20
1,<environment.Job instance at 0x7f1c467bfaa0>,26,17,[2 6],27,-1,45,-1,28
1,<environment.Job instance at 0x7f1c3d412460>,28,18,[5 3],29,-1,47,-1,29
1,<environment.Job instance at 0x7f1c3d412d20>,31,13,[10  4],32,-1,45,-1,32
1,<environment.Job instance at 0x7f1c3cdf9550>,32,15,[8 4],33,-1,48,-1,33
1,<environment.Job instance at 0x7f1c3ce04c30>,33,24,[5 3],34,-1,58,-1,34
1,<environment.Job instance at 0x7f1c3d4030f0>,34,15,[5 6],35,-1,50,-1,35
1,<environment.Job instance at 0x7f1c3d14fe10>,36,17,[2 5],37,-1,54,-1,37
1,<environment.Job instance at 0x7f1c3d1411e0>,38,12,[9 3],39,-1,51,-1,39
1,<environment.Job instance at 0x7f1c3d1380f0>,41,28,[9 4],42,-1,70,-1,42
1,<environment.Job instance at 0x7f1c3cdfdfa0>,44,12,[9 1],45,-1,58,-1,46
1,<environment.Job instance at 0x7f1c3d1585a0>,46,1,[6 3],47,-1,48,-1,47
1,<environment.Job instance at 0x7f1c3d158500>,47,17,[1 9],48,-1,65,-1,48
1,<environment.Job instance at 0x7f1c3d1586e0>,48,19,[ 3 11],49,-1,68,-1,49
1,<environment.Job instance at 0x7f1c3cdfd0f0>,45,15,[3 9],46,-1,64,-1,49
1,<environment.Job instance at 0x7f1c3cdfd6e0>,49,18,[7 5],50,-1,68,-1,50
1,<environment.Job instance at 0x7f1c3d158b40>,50,17,[10  1],51,-1,69,-1,52
1,<environment.Job instance at 0x7f1c3d158870>,52,13,[7 2],53,-1,66,-1,53
1,<environment.Job instance at 0x7f1c3d158730>,51,14,[5 8],52,-1,68,-1,54
1,<environment.Job instance at 0x7f1c3d158960>,54,17,[7 2],55,-1,77,-1,60
1,<environment.Job instance at 0x7f1c3d14c280>,59,15,[10  2],60,-1,76,-1,61
1,<environment.Job instance at 0x7f1c3cc014b0>,68,17,[9 5],69,-1,92,-1,75
1,<environment.Job instance at 0x7f1c3cc01280>,63,15,[3 9],64,-1,90,-1,75
1,<environment.Job instance at 0x7f1c3cc01730>,67,13,[14  4],68,-1,88,-1,75
1,<environment.Job instance at 0x7f1c3cc01a00>,72,14,[4 6],73,-1,89,-1,75
1,<environment.Job instance at 0x7f1c3cc01b40>,74,22,[4 9],75,-1,97,-1,75
1,<environment.Job instance at 0x7f1c3cc01aa0>,73,17,[9 1],74,-1,94,-1,77
1,<environment.Job instance at 0x7f1c3cc01f00>,76,21,[5 5],77,-1,99,-1,78
1,<environment.Job instance at 0x7f1c3cc01960>,71,18,[4 7],72,-1,98,-1,80
1,<environment.Job instance at 0x7f1c3d158cd0>,56,21,[5 5],57,-1,104,-1,83
1,<environment.Job instance at 0x7f1c3cbfd0f0>,80,15,[5 5],81,-1,98,-1,83
1,<environment.Job instance at 0x7f1c3cbfd6e0>,85,25,[1 6],86,-1,111,-1,86
1,<environment.Job instance at 0x7f1c3cbfdd70>,92,20,[ 5 10],93,-1,120,-1,100
1,<environment.Job instance at 0x7f1c3d2fb9b0>,7,25,[9 4],8,-1,42,-1,17
1,<environment.Job instance at 0x7f1c3d29b550>,19,28,[6 1],20,-1,76,-1,48
1,<environment.Job instance at 0x7f1c3d29bb40>,22,18,[ 2 12],23,-1,68,-1,50
1,<environment.Job instance at 0x7f1c3d2c52d0>,33,24,[5 3],34,-1,127,-1,103
1,<environment.Job instance at 0x7f1c3d4b6550>,37,2,[11  4],38,-1,109,-1,107
1,<environment.Job instance at 0x7f1c3d4b6410>,41,28,[9 4],42,-1,163,-1,135
1,<environment.Job instance at 0x7f1c3d4b6c30>,43,16,[ 1 12],44,-1,151,-1,135
1,<environment.Job instance at 0x7f1c3d22ccd0>,48,19,[ 3 11],49,-1,168,-1,149
1,<environment.Job instance at 0x7f1c3cdc25a0>,8,18,[5 9],9,-1,27,-1,9
1,<environment.Job instance at 0x7f1c3d959b90>,10,18,[6 4],11,-1,29,-1,11
1,<environment.Job instance at 0x7f1c3d2c5f00>,17,13,[10  4],18,-1,34,-1,21
1,<environment.Job instance at 0x7f1c3d2c5dc0>,21,16,[ 5 11],22,-1,38,-1,22
1,<environment.Job instance at 0x7f1c3d2c5870>,22,16,[5 4],23,-1,39,-1,23
1,<environment.Job instance at 0x7f1c3d2c5690>,18,13,[8 5],19,-1,41,-1,28
1,<environment.Job instance at 0x7f1c3c9e04b0>,25,27,[4 5],26,-1,62,-1,35
1,<environment.Job instance at 0x7f1c3dced8c0>,27,18,[1 6],28,-1,53,-1,35
1,<environment.Job instance at 0x7f1c3d557e60>,36,25,[7 3],37,-1,66,-1,41
1,<environment.Job instance at 0x7f1c3d2c5550>,19,13,[8 2],20,-1,57,-1,44
1,<environment.Job instance at 0x7f1c3d557b90>,40,26,[6 4],41,-1,70,-1,44
1,<environment.Job instance at 0x7f1c3d557fa0>,39,18,[6 2],40,-1,62,-1,44
1,<environment.Job instance at 0x7f1c3d5575a0>,43,14,[ 4 10],44,-1,59,-1,45
1,<environment.Job instance at 0x7f1c3d557f00>,45,14,[5 7],46,-1,60,-1,46
1,<environment.Job instance at 0x7f1c3d2c5eb0>,20,13,[12  1],21,-1,63,-1,50
1,<environment.Job instance at 0x7f1c463911e0>,46,16,[9 2],47,-1,66,-1,50
1,<environment.Job instance at 0x7f1c3dc72690>,55,16,[4 9],56,-1,72,-1,56
1,<environment.Job instance at 0x7f1c3d436f50>,56,18,[5 5],57,-1,75,-1,57
1,<environment.Job instance at 0x7f1c463185f0>,59,20,[5 9],60,-1,80,-1,60
1,<environment.Job instance at 0x7f1c46318780>,60,17,[ 5 10],61,-1,78,-1,61
1,<environment.Job instance at 0x7f1c463180f0>,61,14,[10  1],62,-1,77,-1,63
1,<environment.Job instance at 0x7f1c3d56a1e0>,62,18,[3 8],63,-1,84,-1,66
1,<environment.Job instance at 0x7f1c3dcede60>,30,17,[9 2],31,-1,87,-1,70
1,<environment.Job instance at 0x7f1c463183c0>,69,2,[6 1],70,-1,72,-1,70
1,<environment.Job instance at 0x7f1c46391050>,48,21,[5 1],49,-1,91,-1,70
1,<environment.Job instance at 0x7f1c3ceaf9b0>,72,18,[3 7],73,-1,91,-1,73
1,<environment.Job instance at 0x7f1c3cf64af0>,74,1,[13  5],75,-1,76,-1,75
1,<environment.Job instance at 0x7f1c3cf64a00>,75,13,[9 1],76,-1,89,-1,76
1,<environment.Job instance at 0x7f1c3cf645f0>,77,15,[3 6],78,-1,93,-1,78
1,<environment.Job instance at 0x7f1c3ca5ac30>,78,14,[ 1 10],79,-1,93,-1,79
1,<environment.Job instance at 0x7f1c3dc6d730>,80,25,[5 3],81,-1,106,-1,81
1,<environment.Job instance at 0x7f1c3d47e780>,81,16,[11  2],82,-1,98,-1,82
1,<environment.Job instance at 0x7f1c463b90a0>,83,13,[5 6],84,-1,97,-1,84
1,<environment.Job instance at 0x7f1c3dc6d690>,84,13,[3 6],85,-1,98,-1,85
1,<environment.Job instance at 0x7f1c3ce5dc80>,86,13,[8 1],87,-1,102,-1,89
1,<environment.Job instance at 0x7f1c3c7ad370>,89,28,[3 9],90,-1,118,-1,90
1,<environment.Job instance at 0x7f1c3c7ad280>,88,16,[10  3],89,-1,106,-1,90
1,<environment.Job instance at 0x7f1c3c7ad230>,92,23,[3 7],93,-1,118,-1,95
1,<environment.Job instance at 0x7f1c3c7ad500>,94,17,[2 7],95,-1,112,-1,95
1,<environment.Job instance at 0x7f1c3c7ad7d0>,95,14,[7 2],96,-1,112,-1,98
1,<environment.Job instance at 0x7f1c3cb284b0>,98,17,[6 5],99,-1,116,-1,99
1,<environment.Job instance at 0x7f1c3cb280f0>,97,16,[5 4],98,-1,115,-1,99
1,<environment.Job instance at 0x7f1c3cb28460>,99,18,[5 1],100,-1,119,-1,101
1,<environment.Job instance at 0x7f1c3cb28a50>,101,12,[2 6],102,-1,114,-1,102
1,<environment.Job instance at 0x7f1c3cb285a0>,102,17,[6 4],103,-1,120,-1,103
1,<environment.Job instance at 0x7f1c3d697190>,106,15,[5 6],107,-1,122,-1,107
1,<environment.Job instance at 0x7f1c3cc2efa0>,109,12,[3 9],110,-1,122,-1,110
1,<environment.Job instance at 0x7f1c3cc2ecd0>,110,15,[1 8],111,-1,126,-1,111
1,<environment.Job instance at 0x7f1c3cc2e910>,111,16,[5 5],112,-1,128,-1,112
1,<environment.Job instance at 0x7f1c3cc2e0a0>,112,18,[2 5],113,-1,131,-1,113
1,<environment.Job instance at 0x7f1c3d92e5a0>,125,16,[10  3],126,-1,142,-1,126
1,<environment.Job instance at 0x7f1c3cb286e0>,100,16,[1 7],101,-1,142,-1,126
1,<environment.Job instance at 0x7f1c3d557280>,47,21,[9 4],48,-1,156,-1,135
1,<environment.Job instance at 0x7f1c3d92e4b0>,129,17,[9 4],130,-1,154,-1,137
1,<environment.Job instance at 0x7f1c3dccd4b0>,133,18,[4 5],134,-1,155,-1,137
1,<environment.Job instance at 0x7f1c3cdc2cd0>,1,24,[14  3],2,-1,26,-1,2
1,<environment.Job instance at 0x7f1c3c9e00f0>,3,24,[10  2],4,-1,28,-1,4
1,<environment.Job instance at 0x7f1c3d92e320>,20,13,[12  1],21,-1,45,-1,32
1,<environment.Job instance at 0x7f1c3dccdcd0>,21,16,[ 5 11],22,-1,48,-1,32
1,<environment.Job instance at 0x7f1c3d959460>,25,27,[4 5],26,-1,78,-1,51
1,<environment.Job instance at 0x7f1c3d959f00>,26,1,[12  2],27,-1,52,-1,51
1,<environment.Job instance at 0x7f1c3d84daa0>,36,25,[7 3],37,-1,107,-1,82
1,<environment.Job instance at 0x7f1c3d3204b0>,40,26,[6 4],41,-1,117,-1,91
1,<environment.Job instance at 0x7f1c3c6e2780>,1,27,[8 5],2,-1,29,-1,2
1,<environment.Job instance at 0x7f1c3c6e24b0>,7,18,[1 9],8,-1,27,-1,9
1,<environment.Job instance at 0x7f1c3c6e2e60>,8,16,[13  2],9,-1,25,-1,9
1,<environment.Job instance at 0x7f1c3c5793c0>,12,18,[10  5],13,-1,32,-1,14
1,<environment.Job instance at 0x7f1c3c579c80>,14,17,[10  5],15,-1,32,-1,15
1,<environment.Job instance at 0x7f1c3c5790f0>,15,18,[5 6],16,-1,34,-1,16
1,<environment.Job instance at 0x7f1c3c579960>,17,15,[ 4 10],18,-1,33,-1,18
1,<environment.Job instance at 0x7f1c3c579e10>,18,12,[ 1 10],19,-1,31,-1,19
1,<environment.Job instance at 0x7f1c3c579640>,22,18,[9 1],23,-1,41,-1,23
1,<environment.Job instance at 0x7f1c3c557af0>,23,13,[3 9],24,-1,37,-1,24
1,<environment.Job instance at 0x7f1c3c557cd0>,24,15,[2 7],25,-1,40,-1,25
1,<environment.Job instance at 0x7f1c3c5572d0>,30,12,[4 6],31,-1,43,-1,31
1,<environment.Job instance at 0x7f1c3c557b40>,32,18,[1 9],33,-1,51,-1,33
1,<environment.Job instance at 0x7f1c3c557d70>,34,18,[7 1],35,-1,53,-1,35
1,<environment.Job instance at 0x7f1c3c6c63c0>,38,15,[3 8],39,-1,54,-1,39
1,<environment.Job instance at 0x7f1c3c6c65f0>,39,25,[3 6],40,-1,65,-1,40
1,<environment.Job instance at 0x7f1c3c6c6be0>,40,13,[5 8],41,-1,54,-1,41
1,<environment.Job instance at 0x7f1c3c6e2f00>,13,26,[7 1],14,-1,67,-1,41
1,<environment.Job instance at 0x7f1c3c6c6460>,44,17,[8 5],45,-1,64,-1,47
1,<environment.Job instance at 0x7f1c3c6c6f50>,48,13,[10  4],49,-1,65,-1,52
1,<environment.Job instance at 0x7f1c3c4daf50>,54,18,[ 4 10],55,-1,73,-1,55
1,<environment.Job instance at 0x7f1c3c4dae10>,56,15,[ 3 10],57,-1,72,-1,57
1,<environment.Job instance at 0x7f1c3c4da8c0>,61,12,[5 8],62,-1,74,-1,62
1,<environment.Job instance at 0x7f1c3c51f8c0>,63,18,[9 2],64,-1,82,-1,64
1,<environment.Job instance at 0x7f1c3c51f640>,68,24,[5 6],69,-1,158,-1,134
1,<environment.Job instance at 0x7f1c3c4c80f0>,87,24,[4 8],88,-1,158,-1,134
1,<environment.Job instance at 0x7f1c3c6c64b0>,45,17,[1 7],46,-1,151,-1,134
1,<environment.Job instance at 0x7f1c3c4c8c30>,86,24,[4 5],87,-1,159,-1,135
1,<environment.Job instance at 0x7f1c3d1c3f00>,96,16,[4 9],97,-1,158,-1,142
1,<environment.Job instance at 0x7f1c3d29baf0>,0,2,[14  4],1,-1,3,-1,1
1,<environment.Job instance at 0x7f1c3d29b870>,1,27,[8 5],2,-1,29,-1,2
1,<environment.Job instance at 0x7f1c3d29bb40>,4,16,[11  4],5,-1,21,-1,5
1,<environment.Job instance at 0x7f1c3d29b140>,8,16,[13  2],9,-1,25,-1,9
1,<environment.Job instance at 0x7f1c3d76db90>,11,14,[ 2 12],12,-1,26,-1,12
1,<environment.Job instance at 0x7f1c3d29bcd0>,13,26,[7 1],14,-1,46,-1,20
1,<environment.Job instance at 0x7f1c463c2af0>,39,25,[3 6],40,-1,134,-1,109
1,<environment.Job instance at 0x7f1c3d4efc30>,41,16,[ 5 12],42,-1,125,-1,109
1,<environment.Job instance at 0x7f1c3dcc52d0>,43,17,[13  5],44,-1,128,-1,111
1,<environment.Job instance at 0x7f1c3d6c6910>,55,2,[ 3 11],56,-1,158,-1,156
1,<environment.Job instance at 0x7f1c3dac83c0>,0,15,[8 4],1,-1,17,-1,2
1,<environment.Job instance at 0x7f1c3dac8870>,4,19,[ 5 10],5,-1,24,-1,5
1,<environment.Job instance at 0x7f1c3dac8960>,6,15,[3 9],7,-1,22,-1,7
1,<environment.Job instance at 0x7f1c3dac8460>,7,27,[8 5],8,-1,35,-1,8
1,<environment.Job instance at 0x7f1c466fd8c0>,1,12,[8 1],2,-1,26,-1,14
1,<environment.Job instance at 0x7f1c3ca5a4b0>,15,15,[10  1],16,-1,31,-1,16
1,<environment.Job instance at 0x7f1c3dac8aa0>,10,13,[8 3],11,-1,32,-1,19
1,<environment.Job instance at 0x7f1c3ca5a3c0>,17,12,[6 5],18,-1,31,-1,19
1,<environment.Job instance at 0x7f1c3ca5a0f0>,20,20,[8 5],21,-1,41,-1,21
1,<environment.Job instance at 0x7f1c3cade1e0>,21,12,[5 3],22,-1,38,-1,26
1,<environment.Job instance at 0x7f1c3cade190>,25,25,[4 5],26,-1,51,-1,26
1,<environment.Job instance at 0x7f1c3cadeb90>,30,18,[3 5],31,-1,49,-1,31
1,<environment.Job instance at 0x7f1c3cadeaa0>,31,15,[3 7],32,-1,47,-1,32
1,<environment.Job instance at 0x7f1c3cade0f0>,33,14,[6 2],34,-1,48,-1,34
1,<environment.Job instance at 0x7f1c3c6d7dc0>,41,13,[3 5],42,-1,55,-1,42
1,<environment.Job instance at 0x7f1c3cadeaf0>,24,16,[5 8],25,-1,69,-1,53
1,<environment.Job instance at 0x7f1c3c6d70a0>,42,18,[4 8],43,-1,71,-1,53
1,<environment.Job instance at 0x7f1c3c6d7460>,38,12,[6 4],39,-1,65,-1,53
1,<environment.Job instance at 0x7f1c3c6d7960>,47,26,[ 3 10],48,-1,79,-1,53
1,<environment.Job instance at 0x7f1c3c6d7a00>,48,12,[10  4],49,-1,65,-1,53
1,<environment.Job instance at 0x7f1c3c6d7730>,43,15,[ 2 10],44,-1,68,-1,53
1,<environment.Job instance at 0x7f1c3c6d7b40>,46,13,[6 4],47,-1,67,-1,54
1,<environment.Job instance at 0x7f1c3d8ea230>,61,17,[7 4],62,-1,79,-1,62
1,<environment.Job instance at 0x7f1c3d8ea780>,63,14,[ 5 10],64,-1,84,-1,70
1,<environment.Job instance at 0x7f1c3d407dc0>,66,16,[3 8],67,-1,88,-1,72
1,<environment.Job instance at 0x7f1c3d407d20>,70,15,[5 5],71,-1,95,-1,80
1,<environment.Job instance at 0x7f1c3d407820>,72,17,[5 7],73,-1,98,-1,81
1,<environment.Job instance at 0x7f1c3d407780>,78,12,[7 5],79,-1,93,-1,81
1,<environment.Job instance at 0x7f1c3d420dc0>,80,18,[9 3],81,-1,105,-1,87
1,<environment.Job instance at 0x7f1c3d420af0>,81,17,[9 4],82,-1,120,-1,103
1,<environment.Job instance at 0x7f1c3d4079b0>,65,13,[7 4],66,-1,116,-1,103
1,<environment.Job instance at 0x7f1c3d4208c0>,86,17,[4 8],87,-1,120,-1,103
1,<environment.Job instance at 0x7f1c3d420c80>,87,14,[5 6],88,-1,117,-1,103
1,<environment.Job instance at 0x7f1c3d420870>,88,16,[8 4],89,-1,119,-1,103
1,<environment.Job instance at 0x7f1c3d420550>,89,17,[5 6],90,-1,122,-1,105
1,<environment.Job instance at 0x7f1c3d420460>,90,15,[3 7],91,-1,120,-1,105
1,<environment.Job instance at 0x7f1c3d420140>,92,17,[ 5 14],93,-1,122,-1,105
1,<environment.Job instance at 0x7f1c3d4207d0>,94,13,[10  1],95,-1,118,-1,105
1,<environment.Job instance at 0x7f1c3d4200a0>,96,15,[4 6],97,-1,120,-1,105
1,<environment.Job instance at 0x7f1c3c745e10>,97,13,[7 1],98,-1,118,-1,105
1,<environment.Job instance at 0x7f1c3d407230>,75,3,[ 1 10],76,-1,108,-1,105
1,<environment.Job instance at 0x7f1c3c745460>,98,3,[4 7],99,-1,108,-1,105
1,<environment.Job instance at 0x7f1c3c745f50>,100,12,[3 8],101,-1,117,-1,105
1,<environment.Job instance at 0x7f1c3c745dc0>,101,18,[7 1],102,-1,124,-1,106
1,<environment.Job instance at 0x7f1c3c745410>,102,15,[6 2],103,-1,122,-1,107
1,<environment.Job instance at 0x7f1c3d6a0aa0>,103,15,[ 2 12],104,-1,122,-1,107
1,<environment.Job instance at 0x7f1c3c8b7230>,105,16,[3 5],106,-1,123,-1,107
1,<environment.Job instance at 0x7f1c3d4205f0>,84,2,[8 5],85,-1,109,-1,107
1,<environment.Job instance at 0x7f1c3c8b7f00>,106,14,[6 2],107,-1,121,-1,107
1,<environment.Job instance at 0x7f1c3c69a6e0>,109,14,[7 3],110,-1,124,-1,110
1,<environment.Job instance at 0x7f1c3c6dfe60>,110,14,[8 2],111,-1,125,-1,111
1,<environment.Job instance at 0x7f1c3c8b7c30>,111,26,[7 2],112,-1,138,-1,112
1,<environment.Job instance at 0x7f1c3d7409b0>,112,17,[1 5],113,-1,130,-1,113
1,<environment.Job instance at 0x7f1c3cf34870>,114,18,[4 8],115,-1,134,-1,116
1,<environment.Job instance at 0x7f1c3c632910>,116,12,[5 3],117,-1,133,-1,121
1,<environment.Job instance at 0x7f1c3db92820>,118,15,[10  2],119,-1,136,-1,121
1,<environment.Job instance at 0x7f1c3d613190>,119,13,[4 7],120,-1,135,-1,122
1,<environment.Job instance at 0x7f1c3c91e460>,117,15,[6 1],118,-1,137,-1,122
1,<environment.Job instance at 0x7f1c3c8a7280>,121,23,[5 9],122,-1,146,-1,123
1,<environment.Job instance at 0x7f1c3ce14b90>,120,2,[8 1],121,-1,126,-1,124
1,<environment.Job instance at 0x7f1c3cefc140>,123,3,[ 1 14],124,-1,127,-1,124
1,<environment.Job instance at 0x7f1c3c745050>,99,3,[4 8],100,-1,128,-1,125
1,<environment.Job instance at 0x7f1c3cf569b0>,124,1,[ 2 10],125,-1,126,-1,125
1,<environment.Job instance at 0x7f1c3c8ef0f0>,122,14,[5 2],123,-1,139,-1,125
1,<environment.Job instance at 0x7f1c3d2faaf0>,127,22,[2 9],128,-1,150,-1,128
1,<environment.Job instance at 0x7f1c3cb2a280>,130,13,[5 8],131,-1,144,-1,131
1,<environment.Job instance at 0x7f1c3cfd6690>,133,15,[ 3 10],134,-1,149,-1,134
1,<environment.Job instance at 0x7f1c3cfd6370>,131,16,[5 2],132,-1,150,-1,134
1,<environment.Job instance at 0x7f1c3cfd65f0>,134,12,[7 5],135,-1,147,-1,135
1,<environment.Job instance at 0x7f1c3cabc500>,135,14,[7 5],136,-1,150,-1,136
1,<environment.Job instance at 0x7f1c3c6d7d20>,7,27,[8 5],8,-1,43,-1,16
1,<environment.Job instance at 0x7f1c3c6d75a0>,9,3,[ 1 12],10,-1,19,-1,16
1,<environment.Job instance at 0x7f1c3d8ea6e0>,13,17,[13  3],14,-1,36,-1,19
1,<environment.Job instance at 0x7f1c3d8eafa0>,14,3,[13  1],15,-1,22,-1,19
1,<environment.Job instance at 0x7f1c3d11ff00>,25,25,[4 5],26,-1,66,-1,41
1,<environment.Job instance at 0x7f1c3d4ee8c0>,28,1,[ 4 14],29,-1,47,-1,46
1,<environment.Job instance at 0x7f1c3d2fbf00>,40,2,[13  2],41,-1,76,-1,74
1,<environment.Job instance at 0x7f1c3ca747d0>,44,1,[12  5],45,-1,86,-1,85
1,<environment.Job instance at 0x7f1c3d2fb640>,47,26,[ 3 10],48,-1,129,-1,103
1,<environment.Job instance at 0x7f1c3dc95460>,51,3,[12  2],52,-1,121,-1,118
1,<environment.Job instance at 0x7f1c3c9f2fa0>,64,3,[14  3],65,-1,144,-1,141
1,<environment.Job instance at 0x7f1c3cbdb190>,0,12,[9 4],1,-1,14,-1,2
1,<environment.Job instance at 0x7f1c3d1ca190>,2,14,[3 7],3,-1,17,-1,3
1,<environment.Job instance at 0x7f1c3d1cab40>,3,16,[ 5 10],4,-1,20,-1,4
1,<environment.Job instance at 0x7f1c3d1ca3c0>,4,17,[3 5],5,-1,22,-1,5
1,<environment.Job instance at 0x7f1c3d42daf0>,1,23,[1 8],2,-1,28,-1,5
1,<environment.Job instance at 0x7f1c3cbdbc80>,5,15,[ 1 10],6,-1,22,-1,7
1,<environment.Job instance at 0x7f1c3d6376e0>,11,13,[5 8],12,-1,25,-1,12
1,<environment.Job instance at 0x7f1c3d637730>,12,14,[6 2],13,-1,27,-1,13
1,<environment.Job instance at 0x7f1c3d637550>,13,13,[6 5],14,-1,27,-1,14
1,<environment.Job instance at 0x7f1c3d637050>,16,25,[8 1],17,-1,42,-1,17
1,<environment.Job instance at 0x7f1c3d637d20>,17,18,[ 1 10],18,-1,36,-1,18
1,<environment.Job instance at 0x7f1c3d637140>,18,12,[6 3],19,-1,31,-1,19
1,<environment.Job instance at 0x7f1c3d06a230>,23,16,[9 5],24,-1,40,-1,24
1,<environment.Job instance at 0x7f1c3d06a280>,24,28,[7 4],25,-1,53,-1,25
1,<environment.Job instance at 0x7f1c3d06a050>,25,20,[7 2],26,-1,46,-1,26
1,<environment.Job instance at 0x7f1c3d06a3c0>,26,14,[10  3],27,-1,41,-1,27
1,<environment.Job instance at 0x7f1c3d06a460>,27,17,[5 6],28,-1,45,-1,28
1,<environment.Job instance at 0x7f1c3d06a5a0>,29,17,[5 2],30,-1,47,-1,30
1,<environment.Job instance at 0x7f1c3d06a780>,30,14,[6 1],31,-1,45,-1,31
1,<environment.Job instance at 0x7f1c3d06a640>,31,17,[9 3],32,-1,49,-1,32
1,<environment.Job instance at 0x7f1c3d06a8c0>,33,15,[2 7],34,-1,49,-1,34
1,<environment.Job instance at 0x7f1c3d06aa50>,34,19,[1 8],35,-1,54,-1,35
1,<environment.Job instance at 0x7f1c3d1ca780>,6,13,[ 5 11],7,-1,48,-1,35
1,<environment.Job instance at 0x7f1c3d06ab40>,36,17,[8 4],37,-1,54,-1,37
1,<environment.Job instance at 0x7f1c3d07a410>,43,20,[4 5],44,-1,64,-1,44
1,<environment.Job instance at 0x7f1c3d07a2d0>,45,20,[5 5],46,-1,66,-1,46
1,<environment.Job instance at 0x7f1c3d07a780>,46,18,[7 3],47,-1,65,-1,47
1,<environment.Job instance at 0x7f1c3d07a820>,48,18,[1 5],49,-1,67,-1,49
1,<environment.Job instance at 0x7f1c3d07a960>,50,16,[ 2 10],51,-1,68,-1,52
1,<environment.Job instance at 0x7f1c3d07a9b0>,52,15,[5 5],53,-1,68,-1,53
1,<environment.Job instance at 0x7f1c3d07abe0>,53,15,[1 5],54,-1,69,-1,54
1,<environment.Job instance at 0x7f1c3d1d4140>,58,13,[8 5],59,-1,72,-1,59
1,<environment.Job instance at 0x7f1c3d1d4320>,59,15,[4 6],60,-1,75,-1,60
1,<environment.Job instance at 0x7f1c3d1d43c0>,61,25,[1 6],62,-1,87,-1,62
1,<environment.Job instance at 0x7f1c3d1d4640>,64,17,[5 5],65,-1,82,-1,65
1,<environment.Job instance at 0x7f1c3d1d46e0>,65,24,[4 7],66,-1,90,-1,66
1,<environment.Job instance at 0x7f1c3d1d4820>,67,15,[1 8],68,-1,83,-1,68
1,<environment.Job instance at 0x7f1c3d1d4be0>,70,12,[10  4],71,-1,83,-1,71
1,<environment.Job instance at 0x7f1c3d1d4cd0>,71,15,[10  4],72,-1,87,-1,72
1,<environment.Job instance at 0x7f1c3d1b1280>,77,28,[7 2],78,-1,106,-1,78
1,<environment.Job instance at 0x7f1c3d1d4410>,63,26,[10  4],64,-1,109,-1,83
1,<environment.Job instance at 0x7f1c3d1de870>,83,2,[4 9],84,-1,86,-1,84
1,<environment.Job instance at 0x7f1c3d6079b0>,80,13,[3 7],81,-1,97,-1,84
1,<environment.Job instance at 0x7f1c3d07aa00>,51,18,[3 9],52,-1,102,-1,84
1,<environment.Job instance at 0x7f1c3d1de690>,84,21,[10  5],85,-1,107,-1,86
1,<environment.Job instance at 0x7f1c3d1dec80>,88,14,[1 9],89,-1,105,-1,91
1,<environment.Job instance at 0x7f1c3d1de730>,87,20,[10  2],88,-1,111,-1,91
1,<environment.Job instance at 0x7f1c3c6abb40>,79,27,[ 3 10],80,-1,123,-1,96
1,<environment.Job instance at 0x7f1c3d1de230>,85,17,[9 3],86,-1,113,-1,96
1,<environment.Job instance at 0x7f1c3d218050>,96,14,[8 3],97,-1,112,-1,98
1,<environment.Job instance at 0x7f1c3d877b40>,98,3,[6 2],99,-1,102,-1,99
1,<environment.Job instance at 0x7f1c3c9d2140>,97,27,[9 4],98,-1,126,-1,99
1,<environment.Job instance at 0x7f1c3d877640>,99,15,[5 5],100,-1,116,-1,101
1,<environment.Job instance at 0x7f1c3c8b8d20>,102,18,[2 5],103,-1,121,-1,103
1,<environment.Job instance at 0x7f1c3cbd9c30>,104,15,[10  1],105,-1,120,-1,105
1,<environment.Job instance at 0x7f1c3d85e370>,105,15,[8 4],106,-1,121,-1,106
1,<environment.Job instance at 0x7f1c3cfaea00>,106,14,[2 6],107,-1,121,-1,107
1,<environment.Job instance at 0x7f1c3c8ca870>,109,17,[5 4],110,-1,127,-1,110
1,<environment.Job instance at 0x7f1c3cd50500>,110,16,[1 6],111,-1,127,-1,111
1,<environment.Job instance at 0x7f1c3d866b40>,112,15,[10  3],113,-1,128,-1,113
1,<environment.Job instance at 0x7f1c3c8a8050>,114,18,[9 3],115,-1,133,-1,115
1,<environment.Job instance at 0x7f1c3c8a8910>,115,16,[3 8],116,-1,132,-1,116
1,<environment.Job instance at 0x7f1c3d22afa0>,100,15,[2 8],101,-1,132,-1,117
1,<environment.Job instance at 0x7f1c3c8cb730>,122,13,[13  5],123,-1,136,-1,123
1,<environment.Job instance at 0x7f1c3d873af0>,124,14,[5 6],125,-1,139,-1,125
1,<environment.Job instance at 0x7f1c3c8af690>,127,17,[ 5 10],128,-1,145,-1,128
1,<environment.Job instance at 0x7f1c3c8af5f0>,128,21,[2 5],129,-1,150,-1,129
1,<environment.Job instance at 0x7f1c3c8af9b0>,129,23,[5 7],130,-1,153,-1,130
1,<environment.Job instance at 0x7f1c3c8afa50>,130,15,[3 7],131,-1,147,-1,132
1,<environment.Job instance at 0x7f1c3c8af910>,133,25,[ 1 10],134,-1,159,-1,134
1,<environment.Job instance at 0x7f1c3c8c4dc0>,137,19,[ 2 10],138,-1,161,-1,142
1,<environment.Job instance at 0x7f1c3c8c49b0>,142,14,[5 5],143,-1,157,-1,143
1,<environment.Job instance at 0x7f1c3c8c47d0>,141,18,[9 3],142,-1,165,-1,147
1,<environment.Job instance at 0x7f1c3cd5db40>,148,18,[7 1],149,-1,167,-1,149
1,<environment.Job instance at 0x7f1c3d06a0a0>,1,23,[1 8],2,-1,25,-1,2
1,<environment.Job instance at 0x7f1c3d07a230>,6,13,[ 5 11],7,-1,20,-1,7
1,<environment.Job instance at 0x7f1c3c8af2d0>,16,25,[8 1],17,-1,58,-1,33
1,<environment.Job instance at 0x7f1c3c676910>,24,28,[7 4],25,-1,83,-1,55
1,<environment.Job instance at 0x7f1c466f1410>,47,13,[14  1],48,-1,148,-1,135
1,<environment.Job instance at 0x7f1c3c3b6af0>,3,14,[6 4],4,-1,18,-1,4
1,<environment.Job instance at 0x7f1c3c3b6c80>,5,12,[10  3],6,-1,18,-1,6
1,<environment.Job instance at 0x7f1c3cedbb40>,6,16,[1 7],7,-1,23,-1,7
1,<environment.Job instance at 0x7f1c3cedb190>,10,12,[4 5],11,-1,23,-1,11
1,<environment.Job instance at 0x7f1c3cedb780>,11,16,[1 5],12,-1,28,-1,12
1,<environment.Job instance at 0x7f1c3cedb640>,12,18,[1 5],13,-1,31,-1,13
1,<environment.Job instance at 0x7f1c3cedb230>,13,15,[2 8],14,-1,29,-1,14
1,<environment.Job instance at 0x7f1c3ced5e10>,17,13,[ 5 10],18,-1,31,-1,18
1,<environment.Job instance at 0x7f1c3cfffcd0>,18,16,[6 5],19,-1,35,-1,19
1,<environment.Job instance at 0x7f1c3cfff410>,20,25,[6 2],21,-1,46,-1,21
1,<environment.Job instance at 0x7f1c3cfffe60>,24,21,[5 2],25,-1,46,-1,25
1,<environment.Job instance at 0x7f1c3c69bc80>,27,16,[1 7],28,-1,44,-1,28
1,<environment.Job instance at 0x7f1c3c6d9410>,30,16,[5 9],31,-1,47,-1,31
1,<environment.Job instance at 0x7f1c3c6d96e0>,32,14,[10  5],33,-1,48,-1,34
1,<environment.Job instance at 0x7f1c3c6d95f0>,34,17,[4 9],35,-1,52,-1,35
1,<environment.Job instance at 0x7f1c3c6d9be0>,36,18,[1 8],37,-1,56,-1,38
1,<environment.Job instance at 0x7f1c3cdafc30>,40,15,[8 5],41,-1,56,-1,41
1,<environment.Job instance at 0x7f1c3cdaf1e0>,43,15,[5 3],44,-1,59,-1,44
1,<environment.Job instance at 0x7f1c3db64e60>,48,18,[6 4],49,-1,67,-1,49
1,<environment.Job instance at 0x7f1c3db64b40>,51,17,[7 1],52,-1,69,-1,52
1,<environment.Job instance at 0x7f1c3c6d6730>,52,15,[9 5],53,-1,68,-1,53
1,<environment.Job instance at 0x7f1c3c6cdfa0>,56,18,[4 9],57,-1,75,-1,57
1,<environment.Job instance at 0x7f1c3c697640>,57,18,[5 3],58,-1,76,-1,58
1,<environment.Job instance at 0x7f1c3c6977d0>,62,16,[8 1],63,-1,79,-1,63
1,<environment.Job instance at 0x7f1c3c66b2d0>,66,16,[2 7],67,-1,83,-1,67
1,<environment.Job instance at 0x7f1c3c66bcd0>,69,17,[3 5],70,-1,87,-1,70
1,<environment.Job instance at 0x7f1c3c66b5a0>,70,17,[5 8],71,-1,88,-1,71
1,<environment.Job instance at 0x7f1c3d0ff3c0>,74,18,[6 5],75,-1,93,-1,75
1,<environment.Job instance at 0x7f1c3d0ffdc0>,76,17,[5 1],77,-1,94,-1,77
1,<environment.Job instance at 0x7f1c3d0ff140>,77,13,[6 1],78,-1,92,-1,79
1,<environment.Job instance at 0x7f1c3d0ffa00>,79,16,[5 5],80,-1,96,-1,80
1,<environment.Job instance at 0x7f1c3c56f820>,82,17,[3 5],83,-1,100,-1,83
1,<environment.Job instance at 0x7f1c3c56f050>,85,18,[4 9],86,-1,104,-1,86
1,<environment.Job instance at 0x7f1c3c56f500>,86,14,[8 5],87,-1,101,-1,87
1,<environment.Job instance at 0x7f1c3cd64500>,88,18,[6 5],89,-1,107,-1,89
1,<environment.Job instance at 0x7f1c3d1ca730>,93,18,[6 1],94,-1,112,-1,94
1,<environment.Job instance at 0x7f1c3cebd780>,95,16,[10  1],96,-1,112,-1,96
1,<environment.Job instance at 0x7f1c3d42e460>,96,21,[10  4],97,-1,118,-1,97
1,<environment.Job instance at 0x7f1c3c6d9780>,37,27,[4 8],38,-1,137,-1,110
1,<environment.Job instance at 0x7f1c3c6d9050>,38,20,[ 4 13],39,-1,130,-1,110
1,<environment.Job instance at 0x7f1c3d85ae60>,105,23,[7 3],106,-1,140,-1,117
1,<environment.Job instance at 0x7f1c3d78ffa0>,111,16,[1 7],112,-1,133,-1,117
1,<environment.Job instance at 0x7f1c3ca8f640>,112,18,[ 3 13],113,-1,138,-1,120
1,<environment.Job instance at 0x7f1c3cf53d20>,109,22,[9 1],110,-1,148,-1,126
1,<environment.Job instance at 0x7f1c3d0c91e0>,118,18,[5 9],119,-1,145,-1,127
1,<environment.Job instance at 0x7f1c3dc5f690>,119,16,[8 4],120,-1,143,-1,127
1,<environment.Job instance at 0x7f1c3d3c3eb0>,123,16,[5 9],124,-1,143,-1,127
1,<environment.Job instance at 0x7f1c3da63dc0>,124,16,[3 5],125,-1,145,-1,129
1,<environment.Job instance at 0x7f1c3dacb1e0>,125,15,[ 3 10],126,-1,144,-1,129
1,<environment.Job instance at 0x7f1c3d3c37d0>,122,16,[4 7],123,-1,145,-1,129
1,<environment.Job instance at 0x7f1c3cf966e0>,132,26,[9 3],133,-1,159,-1,133
1,<environment.Job instance at 0x7f1c3d93e6e0>,135,15,[8 3],136,-1,167,-1,152
1,<environment.Job instance at 0x7f1c3dc14690>,142,12,[9 4],143,-1,164,-1,152
1,<environment.Job instance at 0x7f1c3d49eeb0>,137,13,[9 2],138,-1,165,-1,152
1,<environment.Job instance at 0x7f1c3cd88230>,145,18,[6 4],146,-1,170,-1,152
1,<environment.Job instance at 0x7f1c3d0ffe10>,2,1,[ 4 11],3,-1,4,-1,3
1,<environment.Job instance at 0x7f1c466b25a0>,14,3,[ 1 12],15,-1,33,-1,30
1,<environment.Job instance at 0x7f1c3ca5a690>,20,25,[6 2],21,-1,78,-1,53
1,<environment.Job instance at 0x7f1c3c689cd0>,22,3,[14  1],23,-1,56,-1,53
1,<environment.Job instance at 0x7f1c3cd84aa0>,23,1,[ 4 12],24,-1,54,-1,53
1,<environment.Job instance at 0x7f1c3cf53d70>,31,18,[14  2],32,-1,87,-1,69
1,<environment.Job instance at 0x7f1c3d420280>,35,15,[12  5],36,-1,101,-1,86
1,<environment.Job instance at 0x7f1c3d835d20>,37,27,[4 8],38,-1,133,-1,106
1,<environment.Job instance at 0x7f1c3c8b2c80>,38,20,[ 4 13],39,-1,126,-1,106
1,<environment.Job instance at 0x7f1c3cdf90f0>,1,17,[8 4],2,-1,20,-1,3
1,<environment.Job instance at 0x7f1c3cdf9e60>,3,18,[10  4],4,-1,22,-1,4
1,<environment.Job instance at 0x7f1c3cdf9550>,4,14,[ 4 10],5,-1,19,-1,5
1,<environment.Job instance at 0x7f1c3cdf9fa0>,5,12,[1 8],6,-1,18,-1,6
1,<environment.Job instance at 0x7f1c3cdf99b0>,7,20,[5 3],8,-1,28,-1,8
1,<environment.Job instance at 0x7f1c3cdf91e0>,9,13,[6 5],10,-1,23,-1,10
1,<environment.Job instance at 0x7f1c3cdf97d0>,10,16,[10  2],11,-1,27,-1,11
1,<environment.Job instance at 0x7f1c3cdf9320>,11,16,[ 2 10],12,-1,28,-1,12
1,<environment.Job instance at 0x7f1c3cdf92d0>,13,16,[1 9],14,-1,30,-1,14
1,<environment.Job instance at 0x7f1c3cdf9230>,15,15,[2 8],16,-1,31,-1,16
1,<environment.Job instance at 0x7f1c463335a0>,20,17,[1 7],21,-1,38,-1,21
1,<environment.Job instance at 0x7f1c46333280>,25,16,[2 9],26,-1,42,-1,26
1,<environment.Job instance at 0x7f1c463330a0>,26,12,[7 4],27,-1,39,-1,27
1,<environment.Job instance at 0x7f1c463335f0>,29,13,[ 1 10],30,-1,43,-1,30
1,<environment.Job instance at 0x7f1c3dbe0c30>,42,24,[7 2],43,-1,68,-1,44
1,<environment.Job instance at 0x7f1c3dd62f50>,16,17,[13  4],17,-1,64,-1,47
1,<environment.Job instance at 0x7f1c3dcf0640>,19,17,[ 1 11],20,-1,68,-1,51
1,<environment.Job instance at 0x7f1c3d758960>,24,17,[12  2],25,-1,83,-1,66
1,<environment.Job instance at 0x7f1c3c4bd500>,32,1,[ 1 11],33,-1,92,-1,91
1,<environment.Job instance at 0x7f1c3d8610a0>,34,12,[ 3 12],35,-1,108,-1,96
1,<environment.Job instance at 0x7f1c3dae1870>,35,17,[14  3],36,-1,113,-1,96
1,<environment.Job instance at 0x7f1c3c6a5640>,37,24,[1 8],38,-1,138,-1,114
1,<environment.Job instance at 0x7f1c3d55c500>,44,27,[5 1],45,-1,153,-1,126
1,<environment.Job instance at 0x7f1c3d55ccd0>,45,1,[ 5 12],46,-1,127,-1,126
1,<environment.Job instance at 0x7f1c3d55c780>,42,24,[7 2],43,-1,157,-1,133
1,<environment.Job instance at 0x7f1c3daf4eb0>,48,3,[13  2],49,-1,136,-1,133
1,<environment.Job instance at 0x7f1c3d0d6a50>,7,17,[5 6],8,-1,26,-1,9
1,<environment.Job instance at 0x7f1c3d0d6960>,9,14,[ 2 10],10,-1,24,-1,10
1,<environment.Job instance at 0x7f1c3d0d6d70>,12,15,[8 3],13,-1,29,-1,14
1,<environment.Job instance at 0x7f1c3d0aa320>,18,14,[2 8],19,-1,33,-1,19
1,<environment.Job instance at 0x7f1c3d0aa050>,20,18,[5 6],21,-1,39,-1,21
1,<environment.Job instance at 0x7f1c3d0aa500>,22,14,[5 3],23,-1,37,-1,23
1,<environment.Job instance at 0x7f1c3d0aa8c0>,23,13,[10  5],24,-1,37,-1,24
1,<environment.Job instance at 0x7f1c3d0aa960>,25,15,[10  4],26,-1,41,-1,26
1,<environment.Job instance at 0x7f1c3d0aa730>,26,26,[5 7],27,-1,53,-1,27
1,<environment.Job instance at 0x7f1c3d0d6780>,8,15,[3 5],9,-1,45,-1,30
1,<environment.Job instance at 0x7f1c3d4ff140>,33,3,[8 1],34,-1,38,-1,35
1,<environment.Job instance at 0x7f1c3d4ff2d0>,34,14,[5 2],35,-1,50,-1,36
1,<environment.Job instance at 0x7f1c3d4ff640>,39,20,[3 9],40,-1,62,-1,42
1,<environment.Job instance at 0x7f1c3d4ff8c0>,42,17,[3 6],43,-1,60,-1,43
1,<environment.Job instance at 0x7f1c3d4ffc30>,45,14,[8 2],46,-1,60,-1,46
1,<environment.Job instance at 0x7f1c3d53c230>,51,17,[7 4],52,-1,69,-1,52
1,<environment.Job instance at 0x7f1c3d53c320>,53,16,[1 9],54,-1,70,-1,54
1,<environment.Job instance at 0x7f1c3d53ccd0>,65,14,[9 4],66,-1,114,-1,100
1,<environment.Job instance at 0x7f1c3d53c410>,55,27,[6 2],56,-1,127,-1,100
1,<environment.Job instance at 0x7f1c3d53c7d0>,57,15,[10  5],58,-1,115,-1,100
1,<environment.Job instance at 0x7f1c3d53ce60>,66,12,[7 2],67,-1,113,-1,101
1,<environment.Job instance at 0x7f1c3d53cfa0>,69,12,[9 5],70,-1,115,-1,103
1,<environment.Job instance at 0x7f1c3d5090a0>,70,12,[5 7],71,-1,115,-1,103
1,<environment.Job instance at 0x7f1c3d509d20>,86,14,[ 5 11],87,-1,157,-1,143
1,<environment.Job instance at 0x7f1c3d4ff7d0>,41,23,[8 4],42,-1,167,-1,144
1,<environment.Job instance at 0x7f1c3d509f00>,89,22,[14  5],90,-1,166,-1,144
1,<environment.Job instance at 0x7f1c3d5294b0>,95,12,[10  4],96,-1,158,-1,146
1,<environment.Job instance at 0x7f1c3d5296e0>,98,22,[10  4],99,-1,169,-1,147
1,<environment.Job instance at 0x7f1c3d0d6870>,5,13,[9 1],6,-1,160,-1,147
1,<environment.Job instance at 0x7f1c3d509fa0>,90,12,[9 3],91,-1,159,-1,147
1,<environment.Job instance at 0x7f1c3d529be0>,100,18,[1 7],101,-1,174,-1,156
1,<environment.Job instance at 0x7f1c3d529b90>,101,21,[5 8],102,-1,177,-1,156
1,<environment.Job instance at 0x7f1c3d529dc0>,104,18,[3 8],105,-1,175,-1,157
1,<environment.Job instance at 0x7f1c3d529550>,94,18,[ 4 10],95,-1,182,-1,164
1,<environment.Job instance at 0x7f1c3d5191e0>,110,16,[8 3],111,-1,184,-1,168
1,<environment.Job instance at 0x7f1c3cad6eb0>,114,15,[10  3],115,-1,183,-1,168
1,<environment.Job instance at 0x7f1c3d5193c0>,113,13,[ 4 10],114,-1,181,-1,168
1,<environment.Job instance at 0x7f1c3d0d83c0>,117,13,[5 6],118,-1,181,-1,168
1,<environment.Job instance at 0x7f1c3d0d8550>,118,25,[5 7],119,-1,193,-1,168
1,<environment.Job instance at 0x7f1c3d0d8230>,119,13,[ 3 12],120,-1,181,-1,168
1,<environment.Job instance at 0x7f1c3d0a6460>,121,14,[4 6],122,-1,182,-1,168
1,<environment.Job instance at 0x7f1c3d0a6e60>,122,3,[6 1],123,-1,171,-1,168
1,<environment.Job instance at 0x7f1c3d529fa0>,107,25,[6 5],108,-1,193,-1,168
1,<environment.Job instance at 0x7f1c3d519050>,130,14,[7 5],131,-1,182,-1,168
1,<environment.Job instance at 0x7f1c3d0aa370>,0,15,[ 1 11],1,-1,16,-1,1
1,<environment.Job instance at 0x7f1c3d0aa7d0>,1,2,[11  4],2,-1,4,-1,2
1,<environment.Job instance at 0x7f1c3d0aacd0>,2,3,[14  5],3,-1,6,-1,3
1,<environment.Job instance at 0x7f1c3d0d6410>,26,26,[5 7],27,-1,95,-1,69
1,<environment.Job instance at 0x7f1c3d0d6c80>,29,13,[ 2 14],30,-1,82,-1,69
1,<environment.Job instance at 0x7f1c3cd84410>,36,3,[ 4 11],37,-1,91,-1,88
1,<environment.Job instance at 0x7f1c3da4f820>,44,3,[11  3],45,-1,119,-1,116
1,<environment.Job instance at 0x7f1c3da4fcd0>,46,2,[ 2 12],47,-1,120,-1,118
1,<environment.Job instance at 0x7f1c3c89ffa0>,41,23,[8 4],42,-1,155,-1,132
1,<environment.Job instance at 0x7f1c3dccbd20>,55,27,[6 2],56,-1,174,-1,147
1,<environment.Job instance at 0x7f1c3c882b40>,58,3,[ 3 12],59,-1,154,-1,151
1,<environment.Job instance at 0x7f1c3db59eb0>,3,16,[10  1],4,-1,21,-1,5
1,<environment.Job instance at 0x7f1c3d7ae5f0>,4,17,[4 8],5,-1,22,-1,5
1,<environment.Job instance at 0x7f1c3d0c1870>,7,14,[9 1],8,-1,25,-1,11
1,<environment.Job instance at 0x7f1c3d0c1690>,10,27,[3 8],11,-1,38,-1,11
1,<environment.Job instance at 0x7f1c3d0c15a0>,14,19,[6 5],15,-1,35,-1,16
1,<environment.Job instance at 0x7f1c3d0c15f0>,15,18,[4 5],16,-1,34,-1,16
1,<environment.Job instance at 0x7f1c3c4d99b0>,20,20,[7 1],21,-1,44,-1,24
1,<environment.Job instance at 0x7f1c3dad45f0>,26,14,[8 2],27,-1,44,-1,30
1,<environment.Job instance at 0x7f1c469320f0>,31,17,[ 3 10],32,-1,49,-1,32
1,<environment.Job instance at 0x7f1c3dcf3690>,29,16,[1 8],30,-1,48,-1,32
1,<environment.Job instance at 0x7f1c3cbc2aa0>,34,17,[4 5],35,-1,53,-1,36
1,<environment.Job instance at 0x7f1c3d790be0>,41,13,[ 3 10],42,-1,55,-1,42
1,<environment.Job instance at 0x7f1c3d92bfa0>,42,28,[1 7],43,-1,71,-1,43
1,<environment.Job instance at 0x7f1c3d3e5b40>,43,16,[5 5],44,-1,60,-1,44
1,<environment.Job instance at 0x7f1c3d3e59b0>,44,18,[7 5],45,-1,63,-1,45
1,<environment.Job instance at 0x7f1c3d7905f0>,40,23,[ 1 12],41,-1,75,-1,52
1,<environment.Job instance at 0x7f1c3d196dc0>,47,16,[7 4],48,-1,68,-1,52
1,<environment.Job instance at 0x7f1c3ce0c690>,52,14,[1 7],53,-1,67,-1,53
1,<environment.Job instance at 0x7f1c3ce0cd20>,54,27,[3 7],55,-1,85,-1,58
1,<environment.Job instance at 0x7f1c3ce0c370>,56,15,[9 4],57,-1,73,-1,58
1,<environment.Job instance at 0x7f1c3ce0ce10>,57,17,[8 2],58,-1,75,-1,58
1,<environment.Job instance at 0x7f1c3d196c80>,49,22,[12  5],50,-1,86,-1,64
1,<environment.Job instance at 0x7f1c3daca230>,62,18,[5 5],63,-1,82,-1,64
1,<environment.Job instance at 0x7f1c3daca8c0>,63,16,[9 3],64,-1,80,-1,64
1,<environment.Job instance at 0x7f1c3ce5a7d0>,65,16,[ 5 10],66,-1,82,-1,66
1,<environment.Job instance at 0x7f1c3ce075f0>,68,19,[5 8],69,-1,88,-1,69
1,<environment.Job instance at 0x7f1c3ce07730>,69,12,[10  3],70,-1,82,-1,70
1,<environment.Job instance at 0x7f1c3ce07be0>,70,12,[9 5],71,-1,83,-1,71
1,<environment.Job instance at 0x7f1c3dc5fe10>,72,18,[10  4],73,-1,91,-1,73
1,<environment.Job instance at 0x7f1c3dc5f500>,73,16,[1 8],74,-1,90,-1,74
1,<environment.Job instance at 0x7f1c3dc5f410>,74,17,[6 4],75,-1,92,-1,75
1,<environment.Job instance at 0x7f1c3ce0c460>,51,17,[ 3 10],52,-1,94,-1,77
1,<environment.Job instance at 0x7f1c3cda26e0>,78,13,[8 3],79,-1,99,-1,86
1,<environment.Job instance at 0x7f1c3d2df870>,86,18,[5 7],87,-1,105,-1,87
1,<environment.Job instance at 0x7f1c3c4b7230>,87,28,[8 3],88,-1,116,-1,88
1,<environment.Job instance at 0x7f1c3c5df5f0>,85,16,[ 3 10],86,-1,105,-1,89
1,<environment.Job instance at 0x7f1c3dd13f50>,89,15,[3 7],90,-1,106,-1,91
1,<environment.Job instance at 0x7f1c3dd13af0>,90,19,[3 8],91,-1,110,-1,91
1,<environment.Job instance at 0x7f1c3d3e56e0>,45,26,[ 4 10],46,-1,125,-1,99
1,<environment.Job instance at 0x7f1c3d4e5410>,97,27,[3 7],98,-1,126,-1,99
1,<environment.Job instance at 0x7f1c3c4b7960>,93,28,[10  5],94,-1,127,-1,99
1,<environment.Job instance at 0x7f1c3d0c1d20>,11,16,[ 3 14],12,-1,119,-1,103
1,<environment.Job instance at 0x7f1c464c0690>,98,13,[9 1],99,-1,118,-1,105
1,<environment.Job instance at 0x7f1c3db600f0>,100,12,[7 4],101,-1,117,-1,105
1,<environment.Job instance at 0x7f1c3cc4bb40>,104,17,[5 2],105,-1,123,-1,106
1,<environment.Job instance at 0x7f1c3cc4b140>,102,16,[7 5],103,-1,124,-1,108
1,<environment.Job instance at 0x7f1c3c4caf00>,108,18,[2 5],109,-1,130,-1,112
1,<environment.Job instance at 0x7f1c3c4d1820>,117,17,[ 5 14],118,-1,141,-1,124
1,<environment.Job instance at 0x7f1c3c4d1f50>,116,15,[9 2],117,-1,139,-1,124
1,<environment.Job instance at 0x7f1c3d2c0050>,111,18,[ 5 10],112,-1,145,-1,127
1,<environment.Job instance at 0x7f1c3c4caaf0>,106,27,[13  1],107,-1,156,-1,129
1,<environment.Job instance at 0x7f1c3cecbd70>,121,14,[ 2 10],122,-1,143,-1,129
1,<environment.Job instance at 0x7f1c3c4d17d0>,115,25,[2 7],116,-1,154,-1,129
1,<environment.Job instance at 0x7f1c3d2f9b40>,141,26,[6 3],142,-1,171,-1,145
1,<environment.Job instance at 0x7f1c3c4d1320>,118,17,[7 4],119,-1,162,-1,145
1,<environment.Job instance at 0x7f1c3d2f9460>,143,17,[10  5],144,-1,162,-1,145
1,<environment.Job instance at 0x7f1c3d2f9550>,142,12,[7 5],143,-1,157,-1,145
1,<environment.Job instance at 0x7f1c3d790050>,0,12,[ 3 11],1,-1,13,-1,1
1,<environment.Job instance at 0x7f1c3ce0c0a0>,1,28,[1 5],2,-1,30,-1,2
1,<environment.Job instance at 0x7f1c3c4ca190>,10,27,[3 8],11,-1,49,-1,22
1,<environment.Job instance at 0x7f1c3cd9fe10>,11,16,[ 3 14],12,-1,38,-1,22
1,<environment.Job instance at 0x7f1c3d87d9b0>,21,1,[12  2],22,-1,40,-1,39
1,<environment.Job instance at 0x7f1c3c42e0f0>,40,23,[ 1 12],41,-1,115,-1,92
1,<environment.Job instance at 0x7f1c3d7ca910>,42,28,[1 7],43,-1,128,-1,100
1,<environment.Job instance at 0x7f1c3c8b9a50>,45,26,[ 4 10],46,-1,140,-1,114
1,<environment.Job instance at 0x7f1c3cbe7f50>,49,22,[12  5],50,-1,136,-1,114
1,<environment.Job instance at 0x7f1c3d0c6730>,54,27,[3 7],55,-1,156,-1,129
1,<environment.Job instance at 0x7f1c3d7f0140>,10,20,[9 2],11,-1,33,-1,13
1,<environment.Job instance at 0x7f1c3d7f0aa0>,13,18,[2 9],14,-1,32,-1,14
1,<environment.Job instance at 0x7f1c3d7f0d20>,14,15,[9 1],15,-1,30,-1,15
1,<environment.Job instance at 0x7f1c3d7f0870>,16,26,[ 4 10],17,-1,43,-1,17
1,<environment.Job instance at 0x7f1c3dac7f00>,19,17,[7 1],20,-1,37,-1,20
1,<environment.Job instance at 0x7f1c3dac70a0>,27,17,[7 2],28,-1,48,-1,31
1,<environment.Job instance at 0x7f1c3c84aa00>,34,25,[7 4],35,-1,60,-1,35
1,<environment.Job instance at 0x7f1c3c610550>,35,22,[9 2],36,-1,58,-1,36
1,<environment.Job instance at 0x7f1c3d91b640>,38,19,[2 5],39,-1,92,-1,73
1,<environment.Job instance at 0x7f1c3d7e8c80>,11,15,[ 3 13],12,-1,88,-1,73
1,<environment.Job instance at 0x7f1c3dac7820>,25,13,[13  4],26,-1,86,-1,73
1,<environment.Job instance at 0x7f1c3cd85230>,46,18,[10  3],47,-1,92,-1,74
1,<environment.Job instance at 0x7f1c3cd857d0>,50,18,[ 2 13],51,-1,92,-1,74
1,<environment.Job instance at 0x7f1c3c3fe8c0>,52,17,[1 9],53,-1,91,-1,74
1,<environment.Job instance at 0x7f1c3c3feaa0>,54,17,[10  1],55,-1,91,-1,74
1,<environment.Job instance at 0x7f1c3cd85550>,47,16,[3 9],48,-1,91,-1,75
1,<environment.Job instance at 0x7f1c3d91b960>,45,14,[7 2],46,-1,90,-1,76
1,<environment.Job instance at 0x7f1c3c3fef50>,58,16,[8 3],59,-1,94,-1,78
1,<environment.Job instance at 0x7f1c3d91b9b0>,43,22,[10  1],44,-1,101,-1,79
1,<environment.Job instance at 0x7f1c3c3fea50>,63,17,[5 8],64,-1,103,-1,86
1,<environment.Job instance at 0x7f1c46864320>,65,19,[3 8],66,-1,116,-1,97
1,<environment.Job instance at 0x7f1c3d2680a0>,69,18,[10  5],70,-1,115,-1,97
1,<environment.Job instance at 0x7f1c3d479c30>,72,20,[10  4],73,-1,117,-1,97
1,<environment.Job instance at 0x7f1c3ce0c0a0>,1,24,[ 3 14],2,-1,26,-1,2
1,<environment.Job instance at 0x7f1c3d9cc8c0>,8,13,[14  1],9,-1,22,-1,9
1,<environment.Job instance at 0x7f1c3d9ccc30>,11,15,[ 3 13],12,-1,27,-1,12
1,<environment.Job instance at 0x7f1c3d9e2b90>,16,26,[ 4 10],17,-1,54,-1,28
1,<environment.Job instance at 0x7f1c3d196a00>,21,3,[ 2 12],22,-1,34,-1,31
1,<environment.Job instance at 0x7f1c3d2d38c0>,25,13,[13  4],26,-1,57,-1,44
1,<environment.Job instance at 0x7f1c3d2717d0>,26,25,[ 3 12],27,-1,69,-1,44
1,<environment.Job instance at 0x7f1c3c939230>,34,25,[7 4],35,-1,94,-1,69
1,<environment.Job instance at 0x7f1c3d2e8140>,36,28,[6 2],37,-1,97,-1,69
1,<environment.Job instance at 0x7f1c3c850cd0>,40,1,[ 2 11],41,-1,72,-1,71
1,<environment.Job instance at 0x7f1c3c4da820>,42,14,[ 4 14],43,-1,88,-1,74
1,<environment.Job instance at 0x7f1c3dcc5e60>,50,18,[ 2 13],51,-1,98,-1,80
1,<environment.Job instance at 0x7f1c3d25df00>,57,3,[12  2],58,-1,105,-1,102
1,<environment.Job instance at 0x7f1c3c9e5870>,62,26,[5 7],63,-1,157,-1,131
1,<environment.Job instance at 0x7f1c3c927690>,64,28,[9 1],65,-1,170,-1,142
1,<environment.Job instance at 0x7f1c3d825550>,68,28,[5 2],69,-1,188,-1,160
1,<environment.Job instance at 0x7f1c3c5e7320>,1,17,[4 6],2,-1,19,-1,2
1,<environment.Job instance at 0x7f1c3dcf7500>,4,14,[10  2],5,-1,20,-1,6
1,<environment.Job instance at 0x7f1c3d377730>,5,23,[1 8],6,-1,30,-1,7
1,<environment.Job instance at 0x7f1c3d6f93c0>,14,18,[2 6],15,-1,34,-1,16
1,<environment.Job instance at 0x7f1c3c6a3910>,15,18,[4 6],16,-1,34,-1,16
1,<environment.Job instance at 0x7f1c3d425870>,18,19,[3 9],19,-1,39,-1,20
1,<environment.Job instance at 0x7f1c3d425370>,21,18,[1 8],22,-1,42,-1,24
1,<environment.Job instance at 0x7f1c3dac71e0>,23,17,[6 4],24,-1,41,-1,24
1,<environment.Job instance at 0x7f1c3d390aa0>,24,26,[8 5],25,-1,51,-1,25
1,<environment.Job instance at 0x7f1c3cad3c30>,27,17,[4 8],28,-1,45,-1,28
1,<environment.Job instance at 0x7f1c3d2e8910>,30,22,[6 2],31,-1,53,-1,31
1,<environment.Job instance at 0x7f1c3dacab90>,33,24,[3 7],34,-1,58,-1,34
1,<environment.Job instance at 0x7f1c3d519b40>,34,16,[10  1],35,-1,52,-1,36
1,<environment.Job instance at 0x7f1c3dacaaa0>,35,18,[7 3],36,-1,55,-1,37
1,<environment.Job instance at 0x7f1c3c4d3460>,38,1,[10  4],39,-1,40,-1,39
1,<environment.Job instance at 0x7f1c3c4d3a50>,39,18,[3 7],40,-1,58,-1,40
1,<environment.Job instance at 0x7f1c3c4d3960>,42,16,[ 4 12],43,-1,59,-1,43
1,<environment.Job instance at 0x7f1c3dbdc3c0>,43,2,[5 4],44,-1,46,-1,44
1,<environment.Job instance at 0x7f1c3dbdc9b0>,45,18,[6 3],46,-1,64,-1,46
1,<environment.Job instance at 0x7f1c3dbdcfa0>,46,15,[14  5],47,-1,62,-1,47
1,<environment.Job instance at 0x7f1c3dbdcaa0>,47,2,[9 2],48,-1,50,-1,48
1,<environment.Job instance at 0x7f1c3dbdcd70>,48,18,[5 8],49,-1,67,-1,49
1,<environment.Job instance at 0x7f1c3dbdc140>,49,3,[10  4],50,-1,53,-1,50
1,<environment.Job instance at 0x7f1c3dbdc050>,51,18,[10  3],52,-1,72,-1,54
1,<environment.Job instance at 0x7f1c3dbdb4b0>,55,25,[ 4 10],56,-1,81,-1,56
1,<environment.Job instance at 0x7f1c3d0c6f00>,56,13,[9 3],57,-1,70,-1,57
1,<environment.Job instance at 0x7f1c3d0a4aa0>,57,14,[10  2],58,-1,72,-1,58
1,<environment.Job instance at 0x7f1c3d0a4cd0>,58,15,[4 6],59,-1,74,-1,59
1,<environment.Job instance at 0x7f1c3c4d1910>,66,18,[6 4],67,-1,85,-1,67
1,<environment.Job instance at 0x7f1c3c4d1870>,67,18,[ 5 10],68,-1,86,-1,68
1,<environment.Job instance at 0x7f1c3c4d15a0>,70,17,[5 2],71,-1,88,-1,71
1,<environment.Job instance at 0x7f1c3c4d1dc0>,71,27,[4 5],72,-1,99,-1,72
1,<environment.Job instance at 0x7f1c3c4d1be0>,72,14,[5 7],73,-1,87,-1,73
1,<environment.Job instance at 0x7f1c3c4d1320>,73,15,[7 4],74,-1,89,-1,74
1,<environment.Job instance at 0x7f1c3cd509b0>,74,14,[3 5],75,-1,89,-1,75
1,<environment.Job instance at 0x7f1c3cd505f0>,75,18,[1 8],76,-1,94,-1,76
1,<environment.Job instance at 0x7f1c3cd500f0>,82,17,[5 5],83,-1,100,-1,83
1,<environment.Job instance at 0x7f1c3d0c6d20>,53,15,[5 6],54,-1,106,-1,91
1,<environment.Job instance at 0x7f1c3cd50910>,86,14,[13  3],87,-1,107,-1,93
1,<environment.Job instance at 0x7f1c3cd501e0>,85,17,[9 3],86,-1,110,-1,93
1,<environment.Job instance at 0x7f1c3d0a4af0>,59,16,[ 3 12],60,-1,109,-1,93
1,<environment.Job instance at 0x7f1c3cd50eb0>,80,15,[10  1],81,-1,108,-1,93
1,<environment.Job instance at 0x7f1c3cd50af0>,92,14,[3 7],93,-1,115,-1,101
1,<environment.Job instance at 0x7f1c3d068640>,98,15,[7 3],99,-1,116,-1,101
1,<environment.Job instance at 0x7f1c3d531050>,100,14,[5 5],101,-1,115,-1,101
1,<environment.Job instance at 0x7f1c3d0d87d0>,110,16,[3 9],111,-1,128,-1,112
1,<environment.Job instance at 0x7f1c3cd50500>,87,21,[2 8],88,-1,135,-1,114
1,<environment.Job instance at 0x7f1c3d0cd2d0>,111,16,[5 2],112,-1,130,-1,114
1,<environment.Job instance at 0x7f1c3d0cd190>,114,18,[2 6],115,-1,133,-1,115
1,<environment.Job instance at 0x7f1c3d0cd960>,115,23,[4 8],116,-1,139,-1,116
1,<environment.Job instance at 0x7f1c3d0cddc0>,117,17,[8 3],118,-1,135,-1,118
1,<environment.Job instance at 0x7f1c3d0cd910>,120,16,[2 8],121,-1,137,-1,121
1,<environment.Job instance at 0x7f1c3d0cd640>,113,21,[9 1],114,-1,157,-1,136
1,<environment.Job instance at 0x7f1c3dc39be0>,132,14,[2 7],133,-1,150,-1,136
1,<environment.Job instance at 0x7f1c3d0cdaa0>,123,13,[13  1],124,-1,149,-1,136
1,<environment.Job instance at 0x7f1c3dc39280>,133,17,[10  2],134,-1,153,-1,136
1,<environment.Job instance at 0x7f1c3cad3aa0>,5,23,[1 8],6,-1,42,-1,19
1,<environment.Job instance at 0x7f1c3d4256e0>,8,13,[ 5 13],9,-1,32,-1,19
1,<environment.Job instance at 0x7f1c3c9cd230>,12,3,[ 5 13],13,-1,23,-1,20
1,<environment.Job instance at 0x7f1c3d0cdaf0>,24,26,[8 5],25,-1,68,-1,42
1,<environment.Job instance at 0x7f1c3ca3dcd0>,33,24,[3 7],34,-1,98,-1,74
1,<environment.Job instance at 0x7f1c3cccff50>,41,3,[14  4],42,-1,97,-1,94
1,<environment.Job instance at 0x7f1c3d647870>,42,16,[ 4 12],43,-1,110,-1,94
1,<environment.Job instance at 0x7f1c3cccfe10>,46,15,[14  5],47,-1,113,-1,98
1,<environment.Job instance at 0x7f1c3d9d09b0>,55,25,[ 4 10],56,-1,175,-1,150
1,<environment.Job instance at 0x7f1c3dcc2460>,59,16,[ 3 12],60,-1,167,-1,151
1,<environment.Job instance at 0x7f1c3c5b27d0>,2,16,[2 9],3,-1,20,-1,4
1,<environment.Job instance at 0x7f1c3c5d12d0>,4,15,[9 3],5,-1,20,-1,5
1,<environment.Job instance at 0x7f1c3c5d1b40>,5,15,[4 8],6,-1,21,-1,6
1,<environment.Job instance at 0x7f1c3c5d1c80>,3,16,[1 8],4,-1,23,-1,7
1,<environment.Job instance at 0x7f1c3c5d1af0>,7,25,[9 5],8,-1,33,-1,8
1,<environment.Job instance at 0x7f1c3c6cc320>,22,13,[8 3],23,-1,37,-1,24
1,<environment.Job instance at 0x7f1c3d0fd8c0>,25,14,[6 2],26,-1,40,-1,26
1,<environment.Job instance at 0x7f1c3d4469b0>,26,18,[2 5],27,-1,45,-1,27
1,<environment.Job instance at 0x7f1c3cdff320>,28,27,[4 6],29,-1,56,-1,29
1,<environment.Job instance at 0x7f1c3c8180f0>,33,12,[10  3],34,-1,46,-1,34
1,<environment.Job instance at 0x7f1c3c818c30>,34,14,[10  2],35,-1,49,-1,35
1,<environment.Job instance at 0x7f1c3d1dcc30>,38,13,[4 6],39,-1,52,-1,39
1,<environment.Job instance at 0x7f1c3c7e8640>,41,18,[1 6],42,-1,60,-1,42
1,<environment.Job instance at 0x7f1c3c7eb050>,42,17,[5 2],43,-1,60,-1,43
1,<environment.Job instance at 0x7f1c3c7ebe10>,43,14,[8 5],44,-1,58,-1,44
1,<environment.Job instance at 0x7f1c3c6cceb0>,45,18,[5 8],46,-1,64,-1,46
1,<environment.Job instance at 0x7f1c3c6b4320>,47,16,[3 5],48,-1,64,-1,48
1,<environment.Job instance at 0x7f1c3c7f5c80>,49,18,[5 6],50,-1,68,-1,50
1,<environment.Job instance at 0x7f1c3d712eb0>,8,2,[ 1 13],9,-1,11,-1,9
1,<environment.Job instance at 0x7f1c3d712e60>,7,25,[9 5],8,-1,45,-1,20
1,<environment.Job instance at 0x7f1c3d08b410>,15,15,[ 3 14],16,-1,37,-1,22
1,<environment.Job instance at 0x7f1c3d08bbe0>,18,15,[ 5 14],19,-1,39,-1,24
1,<environment.Job instance at 0x7f1c3d0a06e0>,27,2,[ 1 11],28,-1,54,-1,52
1,<environment.Job instance at 0x7f1c3d0a00f0>,28,27,[4 6],29,-1,95,-1,68
1,<environment.Job instance at 0x7f1c3d637370>,50,26,[ 5 14],51,-1,149,-1,123
1,<environment.Job instance at 0x7f1c3cd7e960>,52,16,[ 2 13],53,-1,152,-1,136
1,<environment.Job instance at 0x7f1c3d629af0>,53,27,[2 5],54,-1,165,-1,138
1,<environment.Job instance at 0x7f1c3dba1190>,3,26,[9 5],4,-1,30,-1,4
1,<environment.Job instance at 0x7f1c3d446a00>,9,25,[4 9],10,-1,35,-1,10
1,<environment.Job instance at 0x7f1c3d4461e0>,11,16,[1 8],12,-1,29,-1,13
1,<environment.Job instance at 0x7f1c3cd50c80>,12,16,[ 5 10],13,-1,31,-1,15
1,<environment.Job instance at 0x7f1c3d446640>,16,13,[ 1 10],17,-1,31,-1,18
1,<environment.Job instance at 0x7f1c3d446b40>,17,18,[7 4],18,-1,36,-1,18
1,<environment.Job instance at 0x7f1c3d446af0>,20,14,[10  2],21,-1,39,-1,25
1,<environment.Job instance at 0x7f1c3c5e57d0>,25,17,[5 3],26,-1,43,-1,26
1,<environment.Job instance at 0x7f1c3c5e5b90>,29,17,[8 4],30,-1,47,-1,30
1,<environment.Job instance at 0x7f1c3c5e5c80>,30,15,[4 8],31,-1,46,-1,31
1,<environment.Job instance at 0x7f1c3c5e5820>,31,16,[3 6],32,-1,48,-1,32
1,<environment.Job instance at 0x7f1c3c5e5140>,32,12,[11  5],33,-1,45,-1,33
1,<environment.Job instance at 0x7f1c3c5f5aa0>,41,15,[5 5],42,-1,57,-1,42
1,<environment.Job instance at 0x7f1c3c5f5f50>,42,16,[3 5],43,-1,59,-1,43
1,<environment.Job instance at 0x7f1c3c5f5140>,43,18,[8 4],44,-1,62,-1,44
1,<environment.Job instance at 0x7f1c3c5f5320>,47,13,[9 3],48,-1,62,-1,49
1,<environment.Job instance at 0x7f1c3c5f5af0>,48,15,[7 4],49,-1,64,-1,49
1,<environment.Job instance at 0x7f1c3d0f5550>,54,13,[5 6],55,-1,80,-1,67
1,<environment.Job instance at 0x7f1c3c5e5410>,24,19,[3 6],25,-1,93,-1,74
1,<environment.Job instance at 0x7f1c3c95d820>,64,17,[ 3 11],65,-1,91,-1,74
1,<environment.Job instance at 0x7f1c3c95dbe0>,65,16,[9 5],66,-1,90,-1,74
1,<environment.Job instance at 0x7f1c3c95d320>,66,24,[8 4],67,-1,98,-1,74
1,<environment.Job instance at 0x7f1c3c95d550>,67,17,[8 3],68,-1,91,-1,74
1,<environment.Job instance at 0x7f1c3c95d690>,69,15,[3 9],70,-1,90,-1,75
1,<environment.Job instance at 0x7f1c3c95dfa0>,71,12,[6 2],72,-1,88,-1,76
1,<environment.Job instance at 0x7f1c3c7f92d0>,74,22,[10  1],75,-1,99,-1,77
1,<environment.Job instance at 0x7f1c3c7f9960>,78,15,[ 3 10],79,-1,98,-1,83
1,<environment.Job instance at 0x7f1c3c814780>,95,18,[5 9],96,-1,144,-1,126
1,<environment.Job instance at 0x7f1c3d6f2780>,3,26,[9 5],4,-1,30,-1,4
1,<environment.Job instance at 0x7f1c3c508b40>,6,3,[ 2 12],7,-1,10,-1,7
1,<environment.Job instance at 0x7f1c3cac3050>,8,16,[12  5],9,-1,25,-1,9
1,<environment.Job instance at 0x7f1c3d71f960>,9,25,[4 9],10,-1,35,-1,10
1,<environment.Job instance at 0x7f1c3d2f0960>,13,2,[ 3 12],14,-1,16,-1,14
1,<environment.Job instance at 0x7f1c3d2f95a0>,19,18,[14  4],20,-1,38,-1,20
1,<environment.Job instance at 0x7f1c3ccff410>,21,13,[ 2 13],22,-1,35,-1,22
1,<environment.Job instance at 0x7f1c3c89f2d0>,22,3,[ 2 14],23,-1,26,-1,23
1,<environment.Job instance at 0x7f1c3d9d10f0>,32,12,[11  5],33,-1,69,-1,57
1,<environment.Job instance at 0x7f1c3c7bf320>,59,13,[11  2],60,-1,169,-1,156
1,<environment.Job instance at 0x7f1c3cc40aa0>,62,2,[ 5 13],63,-1,163,-1,161
1,<environment.Job instance at 0x7f1c3c8db4b0>,64,17,[ 3 11],65,-1,180,-1,163
1,<environment.Job instance at 0x7f1c3c8dbf00>,66,24,[8 4],67,-1,192,-1,168
1,<environment.Job instance at 0x7f1c46324be0>,4,16,[10  5],5,-1,21,-1,5
1,<environment.Job instance at 0x7f1c46324dc0>,6,16,[ 2 10],7,-1,23,-1,7
1,<environment.Job instance at 0x7f1c46324230>,9,16,[3 8],10,-1,26,-1,10
1,<environment.Job instance at 0x7f1c46324eb0>,11,18,[4 9],12,-1,30,-1,12
1,<environment.Job instance at 0x7f1c46324a00>,15,14,[4 7],16,-1,30,-1,16
1,<environment.Job instance at 0x7f1c3d364d20>,18,13,[9 1],19,-1,35,-1,22
1,<environment.Job instance at 0x7f1c3d231550>,24,17,[5 4],25,-1,42,-1,25
1,<environment.Job instance at 0x7f1c3d231370>,26,18,[6 5],27,-1,45,-1,27
1,<environment.Job instance at 0x7f1c3d231d20>,27,14,[10  5],28,-1,42,-1,28
1,<environment.Job instance at 0x7f1c3da45b40>,32,16,[5 8],33,-1,49,-1,33
1,<environment.Job instance at 0x7f1c3da45140>,33,22,[7 2],34,-1,56,-1,34
1,<environment.Job instance at 0x7f1c3da45230>,35,16,[7 2],36,-1,52,-1,36
1,<environment.Job instance at 0x7f1c3da452d0>,37,12,[4 6],38,-1,50,-1,38
1,<environment.Job instance at 0x7f1c3da45730>,38,14,[ 5 10],39,-1,53,-1,39
1,<environment.Job instance at 0x7f1c4693ae10>,46,18,[5 5],47,-1,65,-1,47
1,<environment.Job instance at 0x7f1c4693a780>,47,18,[9 5],48,-1,66,-1,48
1,<environment.Job instance at 0x7f1c3d8d4820>,55,26,[ 2 12],56,-1,98,-1,72
1,<environment.Job instance at 0x7f1c3d8930f0>,53,19,[7 4],54,-1,91,-1,72
1,<environment.Job instance at 0x7f1c3d8d44b0>,56,14,[10  3],57,-1,94,-1,80
1,<environment.Job instance at 0x7f1c3d893460>,54,18,[9 3],55,-1,98,-1,80
1,<environment.Job instance at 0x7f1c3d465c30>,65,18,[5 2],66,-1,98,-1,80
1,<environment.Job instance at 0x7f1c3d465dc0>,63,15,[6 1],64,-1,95,-1,80
1,<environment.Job instance at 0x7f1c3d4654b0>,67,17,[9 1],68,-1,97,-1,80
1,<environment.Job instance at 0x7f1c3d231eb0>,23,12,[ 5 12],24,-1,92,-1,80
1,<environment.Job instance at 0x7f1c3d4659b0>,68,17,[2 5],69,-1,97,-1,80
1,<environment.Job instance at 0x7f1c3d465cd0>,71,19,[3 5],72,-1,99,-1,80
1,<environment.Job instance at 0x7f1c3d954a50>,73,18,[9 5],74,-1,100,-1,82
1,<environment.Job instance at 0x7f1c3d465460>,66,3,[2 9],67,-1,85,-1,82
1,<environment.Job instance at 0x7f1c3d465eb0>,64,13,[10  2],65,-1,95,-1,82
1,<environment.Job instance at 0x7f1c3d465be0>,70,22,[13  5],71,-1,147,-1,125
1,<environment.Job instance at 0x7f1c3dcef640>,90,22,[10  2],91,-1,147,-1,125
1,<environment.Job instance at 0x7f1c3dcef780>,89,15,[9 1],90,-1,140,-1,125
1,<environment.Job instance at 0x7f1c62b84c80>,91,18,[ 1 10],92,-1,143,-1,125
1,<environment.Job instance at 0x7f1c3dcefc30>,93,16,[10  5],94,-1,141,-1,125
1,<environment.Job instance at 0x7f1c3c84a780>,94,17,[3 9],95,-1,142,-1,125
1,<environment.Job instance at 0x7f1c3dcef910>,92,14,[4 7],93,-1,139,-1,125
1,<environment.Job instance at 0x7f1c3c84a730>,97,17,[ 4 11],98,-1,142,-1,125
1,<environment.Job instance at 0x7f1c3d4657d0>,61,21,[ 5 14],62,-1,147,-1,126
1,<environment.Job instance at 0x7f1c3c84a7d0>,95,12,[5 5],96,-1,139,-1,127
1,<environment.Job instance at 0x7f1c3d2a16e0>,102,17,[6 4],103,-1,144,-1,127
1,<environment.Job instance at 0x7f1c3d3e9cd0>,105,17,[5 9],106,-1,154,-1,137
1,<environment.Job instance at 0x7f1c3cebde60>,107,17,[10  1],108,-1,154,-1,137
1,<environment.Job instance at 0x7f1c3d7aeb90>,109,22,[2 7],110,-1,159,-1,137
1,<environment.Job instance at 0x7f1c3ca5d460>,110,15,[10  3],111,-1,152,-1,137
1,<environment.Job instance at 0x7f1c3c84a640>,101,21,[ 5 10],102,-1,158,-1,137
1,<environment.Job instance at 0x7f1c3cac4d20>,108,15,[3 6],109,-1,154,-1,139
1,<environment.Job instance at 0x7f1c3d664d70>,118,17,[5 8],119,-1,157,-1,140
1,<environment.Job instance at 0x7f1c3d859280>,114,14,[5 1],115,-1,155,-1,141
1,<environment.Job instance at 0x7f1c3d859eb0>,120,16,[8 5],121,-1,161,-1,145
1,<environment.Job instance at 0x7f1c3c550a00>,122,16,[5 8],123,-1,161,-1,145
1,<environment.Job instance at 0x7f1c3d157e60>,124,28,[8 3],125,-1,173,-1,145
1,<environment.Job instance at 0x7f1c3ccf59b0>,127,22,[4 7],128,-1,177,-1,155
1,<environment.Job instance at 0x7f1c3ccf5c30>,128,27,[6 4],129,-1,182,-1,155
1,<environment.Job instance at 0x7f1c3d93ea50>,112,19,[1 6],113,-1,177,-1,158
1,<environment.Job instance at 0x7f1c3d3e9c80>,16,1,[ 5 14],17,-1,35,-1,34
1,<environment.Job instance at 0x7f1c3d93e370>,17,18,[ 5 13],18,-1,52,-1,34
1,<environment.Job instance at 0x7f1c3dcef8c0>,22,17,[ 5 13],23,-1,70,-1,53
1,<environment.Job instance at 0x7f1c3cf8e410>,23,12,[ 5 12],24,-1,65,-1,53
1,<environment.Job instance at 0x7f1c3c6aecd0>,41,18,[14  1],42,-1,137,-1,119
1,<environment.Job instance at 0x7f1c3cdbba50>,48,18,[ 1 13],49,-1,163,-1,145
1,<environment.Job instance at 0x7fe7083666e0>,0,18,[ 2 10],1,-1,20,-1,2
1,<environment.Job instance at 0x7fe6fed1caf0>,3,18,[ 3 10],4,-1,22,-1,4
1,<environment.Job instance at 0x7fe6fed1cc80>,4,18,[10  4],5,-1,23,-1,5
1,<environment.Job instance at 0x7fe6fed1cb90>,5,13,[5 9],6,-1,19,-1,6
1,<environment.Job instance at 0x7fe6fed1cd20>,6,12,[11  4],7,-1,19,-1,7
1,<environment.Job instance at 0x7fe6fed1ce60>,8,17,[ 2 10],9,-1,26,-1,9
1,<environment.Job instance at 0x7fe6fed1cf50>,9,17,[ 4 10],10,-1,27,-1,10
1,<environment.Job instance at 0x7fe6fed21370>,13,13,[1 8],14,-1,27,-1,14
1,<environment.Job instance at 0x7fe6fed214b0>,14,12,[3 7],15,-1,27,-1,15
1,<environment.Job instance at 0x7fe6fed21780>,18,16,[8 5],19,-1,35,-1,19
1,<environment.Job instance at 0x7fe6fed21f50>,26,22,[2 9],27,-1,49,-1,27
1,<environment.Job instance at 0x7fe6fed23230>,31,17,[4 9],32,-1,49,-1,32
1,<environment.Job instance at 0x7fe6fed235f0>,32,17,[9 3],33,-1,50,-1,33
1,<environment.Job instance at 0x7fe6fed23960>,35,16,[8 1],36,-1,52,-1,36
1,<environment.Job instance at 0x7fe6fed23910>,37,14,[5 5],38,-1,52,-1,38
1,<environment.Job instance at 0x7fe6fed23b40>,39,18,[5 8],40,-1,58,-1,40
1,<environment.Job instance at 0x7fe6fed26140>,43,28,[6 4],44,-1,72,-1,44
1,<environment.Job instance at 0x7fe6fed26320>,44,17,[ 5 12],45,-1,62,-1,45
1,<environment.Job instance at 0x7fe6fed26230>,45,16,[6 2],46,-1,62,-1,46
1,<environment.Job instance at 0x7fe7083668c0>,1,15,[ 1 14],2,-1,63,-1,48
1,<environment.Job instance at 0x7fe6fed26690>,50,27,[9 1],51,-1,78,-1,51
1,<environment.Job instance at 0x7fe6fed26be0>,53,18,[ 4 12],54,-1,72,-1,54
1,<environment.Job instance at 0x7fe6fed26cd0>,54,14,[1 7],55,-1,69,-1,55
1,<environment.Job instance at 0x7fe6fed26b90>,55,17,[4 7],56,-1,73,-1,56
1,<environment.Job instance at 0x7fe6fed26dc0>,56,18,[4 5],57,-1,75,-1,57
1,<environment.Job instance at 0x7fe6fed240a0>,59,14,[ 2 10],60,-1,74,-1,60
1,<environment.Job instance at 0x7fe6fed24320>,62,20,[9 1],63,-1,84,-1,64
1,<environment.Job instance at 0x7fe6fed24640>,67,26,[5 4],68,-1,94,-1,68
1,<environment.Job instance at 0x7fe6fed249b0>,68,22,[5 6],69,-1,91,-1,69
1,<environment.Job instance at 0x7fe6fed24910>,69,13,[7 2],70,-1,83,-1,70
1,<environment.Job instance at 0x7fe6fed24aa0>,70,18,[5 5],71,-1,89,-1,71
1,<environment.Job instance at 0x7fe6fed24be0>,72,14,[9 1],73,-1,87,-1,73
1,<environment.Job instance at 0x7fe6fed2c0a0>,76,13,[1 5],77,-1,90,-1,77
1,<environment.Job instance at 0x7fe6fed2c1e0>,77,15,[4 7],78,-1,93,-1,78
1,<environment.Job instance at 0x7fe6fed2c0f0>,78,19,[8 4],79,-1,98,-1,79
1,<environment.Job instance at 0x7fe6fed2c320>,79,17,[2 7],80,-1,97,-1,80
1,<environment.Job instance at 0x7fe7083ac910>,91,16,[5 8],92,-1,108,-1,92
1,<environment.Job instance at 0x7fe6feebc140>,95,23,[3 7],96,-1,123,-1,100
1,<environment.Job instance at 0x7fe6fed24230>,63,15,[1 5],64,-1,115,-1,100
1,<environment.Job instance at 0x7fe6feea3050>,100,18,[7 5],101,-1,119,-1,101
1,<environment.Job instance at 0x7fe6fed14c30>,103,17,[5 6],104,-1,122,-1,105
1,<environment.Job instance at 0x7fe6fed14af0>,108,20,[5 7],109,-1,133,-1,113
1,<environment.Job instance at 0x7fe6fed14cd0>,102,27,[ 3 13],103,-1,140,-1,113
1,<environment.Job instance at 0x7fe6fed2c460>,81,17,[ 4 14],82,-1,130,-1,113
1,<environment.Job instance at 0x7fe6fed14aa0>,104,17,[5 4],105,-1,130,-1,113
1,<environment.Job instance at 0x7fe6fee53dc0>,116,15,[9 2],117,-1,132,-1,117
1,<environment.Job instance at 0x7fe6feec6280>,110,20,[5 7],111,-1,138,-1,118
1,<environment.Job instance at 0x7fe6fee28870>,117,18,[ 3 12],118,-1,136,-1,118
1,<environment.Job instance at 0x7fe6fee3c500>,119,16,[1 8],120,-1,136,-1,120
1,<environment.Job instance at 0x7fe6fedc1320>,121,18,[11  5],122,-1,140,-1,122
1,<environment.Job instance at 0x7fe6fee251e0>,122,14,[14  1],123,-1,137,-1,123
1,<environment.Job instance at 0x7fe6fed215a0>,1,15,[ 1 14],2,-1,17,-1,2
1,<environment.Job instance at 0x7fe6fed237d0>,6,12,[11  4],7,-1,19,-1,7
1,<environment.Job instance at 0x7fe6fed247d0>,19,17,[12  3],20,-1,67,-1,50
1,<environment.Job instance at 0x7fe6fefceb40>,22,2,[12  3],23,-1,62,-1,60
1,<environment.Job instance at 0x7fe6fed0a960>,43,28,[6 4],44,-1,166,-1,138
1,<environment.Job instance at 0x7fe6fed0a550>,44,17,[ 5 12],45,-1,155,-1,138
1,<environment.Job instance at 0x7fe6fed696e0>,50,27,[9 1],51,-1,179,-1,152
1,<environment.Job instance at 0x7fe6fed88f00>,52,3,[ 3 11],53,-1,155,-1,152
1,<environment.Job instance at 0x7fe6fed88870>,53,18,[ 4 12],54,-1,170,-1,152
1,<environment.Job instance at 0x7fe6fe77daf0>,5,17,[10  5],6,-1,23,-1,6
1,<environment.Job instance at 0x7fe6fe77d0a0>,6,26,[9 1],7,-1,33,-1,7
1,<environment.Job instance at 0x7fe6fe7809b0>,9,17,[9 2],10,-1,27,-1,10
1,<environment.Job instance at 0x7fe6fe78b230>,12,14,[8 4],13,-1,27,-1,13
1,<environment.Job instance at 0x7fe6fe78b050>,14,17,[10  5],15,-1,32,-1,15
1,<environment.Job instance at 0x7fe6fe78b5f0>,15,16,[ 3 10],16,-1,32,-1,16
1,<environment.Job instance at 0x7fe6fe78b690>,16,23,[5 8],17,-1,40,-1,17
1,<environment.Job instance at 0x7fe6fe78f460>,22,14,[9 2],23,-1,37,-1,23
1,<environment.Job instance at 0x7fe6fe78f730>,23,27,[5 3],24,-1,51,-1,24
1,<environment.Job instance at 0x7fe6fe78f5f0>,24,17,[10  2],25,-1,42,-1,25
1,<environment.Job instance at 0x7fe6fe78f690>,25,17,[5 9],26,-1,43,-1,26
1,<environment.Job instance at 0x7fe6fe78fd70>,28,22,[9 2],29,-1,51,-1,29
1,<environment.Job instance at 0x7fe6fe78fd20>,30,17,[2 9],31,-1,48,-1,31
1,<environment.Job instance at 0x7fe6fe795280>,32,17,[10  4],33,-1,52,-1,35
1,<environment.Job instance at 0x7fe6fe795690>,35,17,[8 1],36,-1,53,-1,36
1,<environment.Job instance at 0x7fe6fe7955a0>,38,28,[7 4],39,-1,67,-1,39
1,<environment.Job instance at 0x7fe6fe8663c0>,43,15,[5 6],44,-1,59,-1,44
1,<environment.Job instance at 0x7fe6fe7d2550>,44,28,[9 1],45,-1,73,-1,45
1,<environment.Job instance at 0x7fe6fe7d2050>,45,17,[3 5],46,-1,63,-1,46
1,<environment.Job instance at 0x7fe6fe7d2640>,46,15,[ 5 10],47,-1,62,-1,47
1,<environment.Job instance at 0x7fe6fe795640>,37,18,[ 1 10],38,-1,74,-1,56
1,<environment.Job instance at 0x7fe6fe59c9b0>,52,16,[8 5],53,-1,73,-1,57
1,<environment.Job instance at 0x7fe6fe7427d0>,50,15,[7 4],51,-1,72,-1,57
1,<environment.Job instance at 0x7fe6fe5b5500>,58,18,[3 8],59,-1,77,-1,59
1,<environment.Job instance at 0x7fe6fe5b5e60>,59,16,[9 4],60,-1,76,-1,60
1,<environment.Job instance at 0x7fe6fe5b5f50>,60,28,[7 3],61,-1,89,-1,61
1,<environment.Job instance at 0x7fe6fe5b5190>,61,16,[7 4],62,-1,78,-1,62
1,<environment.Job instance at 0x7fe6fe5b5280>,63,18,[1 6],64,-1,82,-1,64
1,<environment.Job instance at 0x7fe6fe5a06e0>,64,15,[9 5],65,-1,80,-1,65
1,<environment.Job instance at 0x7fe6fe3aa4b0>,66,17,[2 6],67,-1,85,-1,68
1,<environment.Job instance at 0x7fe7084d13c0>,68,12,[9 2],69,-1,81,-1,69
1,<environment.Job instance at 0x7fe7183f77d0>,70,18,[8 5],71,-1,89,-1,71
1,<environment.Job instance at 0x7fe6fe2cfc80>,83,21,[9 5],84,-1,115,-1,94
1,<environment.Job instance at 0x7fe6fed3e0a0>,6,26,[9 1],7,-1,39,-1,13
1,<environment.Job instance at 0x7fe6fed3b960>,16,23,[5 8],17,-1,62,-1,39
1,<environment.Job instance at 0x7fe6fed3b6e0>,21,2,[12  1],22,-1,48,-1,46
1,<environment.Job instance at 0x7fe6fed3b5f0>,23,27,[5 3],24,-1,87,-1,60
1,<environment.Job instance at 0x7fe6fed3b0a0>,29,3,[ 4 12],30,-1,79,-1,76
1,<environment.Job instance at 0x7fe6fed3b0f0>,31,18,[ 5 11],32,-1,96,-1,78
1,<environment.Job instance at 0x7fe6fed3aa00>,38,28,[7 4],39,-1,152,-1,124
1,<environment.Job instance at 0x7fe6fed3a640>,44,28,[9 1],45,-1,173,-1,145
1,<environment.Job instance at 0x7fe6fed3a140>,48,16,[14  3],49,-1,161,-1,145
1,<environment.Job instance at 0x7fe6fe4805a0>,4,22,[1 9],5,-1,27,-1,5
1,<environment.Job instance at 0x7fe6fe47ccd0>,7,13,[ 1 10],8,-1,21,-1,8
1,<environment.Job instance at 0x7fe6fe47caf0>,9,18,[ 2 10],10,-1,28,-1,10
1,<environment.Job instance at 0x7fe6fe47c870>,11,18,[3 8],12,-1,30,-1,12
1,<environment.Job instance at 0x7fe6fe47ceb0>,13,24,[3 6],14,-1,38,-1,14
1,<environment.Job instance at 0x7fe6fe47cf00>,15,20,[3 8],16,-1,36,-1,16
1,<environment.Job instance at 0x7fe6fe47c230>,16,15,[4 9],17,-1,32,-1,17
1,<environment.Job instance at 0x7fe6fe47cb40>,17,27,[9 5],18,-1,45,-1,18
1,<environment.Job instance at 0x7fe6fe47cfa0>,18,14,[3 6],19,-1,33,-1,19
1,<environment.Job instance at 0x7fe6fe47c0a0>,20,18,[4 8],21,-1,39,-1,21
1,<environment.Job instance at 0x7fe6fe480190>,3,12,[8 5],4,-1,36,-1,24
1,<environment.Job instance at 0x7fe6fe5791e0>,30,12,[1 5],31,-1,43,-1,31
1,<environment.Job instance at 0x7fe6fe579460>,32,17,[9 1],33,-1,50,-1,33
1,<environment.Job instance at 0x7fe6fe5794b0>,33,18,[8 1],34,-1,54,-1,36
1,<environment.Job instance at 0x7fe6fe579c30>,36,22,[2 8],37,-1,59,-1,37
1,<environment.Job instance at 0x7fe6fe579a50>,37,20,[5 2],38,-1,58,-1,38
1,<environment.Job instance at 0x7fe6fe5797d0>,35,27,[5 5],36,-1,67,-1,40
1,<environment.Job instance at 0x7fe6fe579780>,42,17,[4 6],43,-1,71,-1,54
1,<environment.Job instance at 0x7fe6fe47e960>,25,18,[ 3 10],26,-1,72,-1,54
1,<environment.Job instance at 0x7fe6fe638910>,43,27,[7 5],44,-1,81,-1,54
1,<environment.Job instance at 0x7fe6fe47eb90>,1,25,[10  4],2,-1,27,-1,2
1,<environment.Job instance at 0x7fe6fe742410>,13,24,[3 6],14,-1,54,-1,30
1,<environment.Job instance at 0x7fe6fe480460>,17,27,[9 5],18,-1,60,-1,33
1,<environment.Job instance at 0x7fe6ff12d2d0>,23,2,[ 3 14],24,-1,52,-1,50
1,<environment.Job instance at 0x7fe70838e500>,34,3,[ 3 12],35,-1,86,-1,83
1,<environment.Job instance at 0x7fe6fe355f00>,35,27,[5 5],36,-1,127,-1,100
1,<environment.Job instance at 0x7fe6fe355190>,38,13,[14  4],39,-1,114,-1,101
1,<environment.Job instance at 0x7fe6fe98eb90>,43,27,[7 5],44,-1,147,-1,120
1,<environment.Job instance at 0x7fe6ff1ba0a0>,44,13,[14  5],45,-1,133,-1,120
1,<environment.Job instance at 0x7fe6ff226960>,55,25,[3 7],56,-1,202,-1,177
1,<environment.Job instance at 0x7fe6fe69fb90>,3,18,[6 1],4,-1,23,-1,5
1,<environment.Job instance at 0x7fe6fe69fc30>,5,1,[8 1],6,-1,7,-1,6
1,<environment.Job instance at 0x7fe6fe69fd20>,6,14,[10  4],7,-1,21,-1,7
1,<environment.Job instance at 0x7fe6fe3311e0>,4,12,[4 7],5,-1,24,-1,12
1,<environment.Job instance at 0x7fe6fe6926e0>,16,16,[2 6],17,-1,34,-1,18
1,<environment.Job instance at 0x7fe6fe692780>,18,14,[6 4],19,-1,33,-1,19
1,<environment.Job instance at 0x7fe6fe6928c0>,20,18,[5 9],21,-1,39,-1,21
1,<environment.Job instance at 0x7fe6fe692c30>,23,18,[ 1 10],24,-1,42,-1,24
1,<environment.Job instance at 0x7fe6fe692d70>,24,14,[7 5],25,-1,39,-1,25
1,<environment.Job instance at 0x7fe6fe692cd0>,25,12,[6 1],26,-1,38,-1,26
1,<environment.Job instance at 0x7fe6fe68b1e0>,29,14,[9 5],30,-1,44,-1,30
1,<environment.Job instance at 0x7fe6fe6920a0>,17,18,[3 6],18,-1,51,-1,33
1,<environment.Job instance at 0x7fe6fe68b640>,35,17,[ 5 10],36,-1,58,-1,41
1,<environment.Job instance at 0x7fe6fe6c8370>,47,17,[3 8],48,-1,65,-1,48
1,<environment.Job instance at 0x7fe6fe4c3190>,2,3,[11  3],3,-1,6,-1,3
1,<environment.Job instance at 0x7fe6fe4c8780>,11,15,[ 2 14],12,-1,31,-1,16
1,<environment.Job instance at 0x7fe6fe4c8370>,15,12,[ 3 13],16,-1,29,-1,17
1,<environment.Job instance at 0x7fe6fe44af00>,31,17,[14  3],32,-1,79,-1,62
1,<environment.Job instance at 0x7fe6fe44fd70>,34,15,[ 2 13],35,-1,79,-1,64
1,<environment.Job instance at 0x7fe6fe387190>,37,3,[12  4],38,-1,82,-1,79
1,<environment.Job instance at 0x7fe6fe3875f0>,39,28,[1 8],40,-1,124,-1,96
1,<environment.Job instance at 0x7fe6fe30c230>,48,18,[13  3],49,-1,132,-1,114
1,<environment.Job instance at 0x7fe6fe482050>,55,24,[8 3],56,-1,186,-1,162
1,<environment.Job instance at 0x7fe6fe6c7d70>,0,20,[4 6],1,-1,21,-1,1
1,<environment.Job instance at 0x7fe6feda7140>,12,17,[ 2 10],13,-1,31,-1,14
1,<environment.Job instance at 0x7fe6feda7c80>,14,12,[9 1],15,-1,27,-1,15
1,<environment.Job instance at 0x7fe6feda7cd0>,16,13,[4 7],17,-1,30,-1,17
1,<environment.Job instance at 0x7fe6feda79b0>,18,20,[3 8],19,-1,39,-1,19
1,<environment.Job instance at 0x7fe6feda77d0>,21,21,[4 7],22,-1,43,-1,22
1,<environment.Job instance at 0x7fe6feda7410>,23,15,[4 9],24,-1,39,-1,24
1,<environment.Job instance at 0x7fe6fee93370>,26,18,[6 3],27,-1,45,-1,27
1,<environment.Job instance at 0x7fe6fee93f50>,27,1,[2 6],28,-1,29,-1,28
1,<environment.Job instance at 0x7fe6fe4c6c80>,13,15,[5 5],14,-1,44,-1,29
1,<environment.Job instance at 0x7fe6fee93aa0>,31,18,[4 8],32,-1,59,-1,41
1,<environment.Job instance at 0x7fe6fee932d0>,30,15,[10  4],31,-1,58,-1,43
1,<environment.Job instance at 0x7fe6fee93820>,38,18,[4 6],39,-1,62,-1,44
1,<environment.Job instance at 0x7fe6feb82c80>,42,16,[3 8],43,-1,60,-1,44
1,<environment.Job instance at 0x7fe6feb826e0>,48,17,[9 5],49,-1,69,-1,52
1,<environment.Job instance at 0x7fe6feb828c0>,50,16,[ 3 10],51,-1,68,-1,52
1,<environment.Job instance at 0x7fe6feb82910>,46,18,[10  2],47,-1,70,-1,52
1,<environment.Job instance at 0x7fe6feb82aa0>,51,16,[5 7],52,-1,68,-1,52
1,<environment.Job instance at 0x7fe6feb7bfa0>,55,14,[4 6],56,-1,71,-1,57
1,<environment.Job instance at 0x7fe6feb82550>,49,16,[7 2],50,-1,73,-1,57
1,<environment.Job instance at 0x7fe6fe69f910>,3,14,[ 1 11],4,-1,18,-1,4
1,<environment.Job instance at 0x7fe6fe6a4730>,5,16,[ 2 11],6,-1,22,-1,6
1,<environment.Job instance at 0x7fe6fe432460>,8,2,[13  3],9,-1,11,-1,9
1,<environment.Job instance at 0x7fe6fea9c7d0>,22,17,[ 2 11],23,-1,56,-1,39
1,<environment.Job instance at 0x7fe6fea9c370>,24,1,[ 2 11],25,-1,40,-1,39
1,<environment.Job instance at 0x7fe6fe47e1e0>,20,24,[10  4],21,-1,64,-1,40
1,<environment.Job instance at 0x7fe6fe3551e0>,39,1,[ 5 14],40,-1,95,-1,94
1,<environment.Job instance at 0x7fe6feb020f0>,57,27,[ 2 11],58,-1,201,-1,174
1,<environment.Job instance at 0x7fe6feb017d0>,59,3,[11  2],60,-1,182,-1,179
1,<environment.Job instance at 0x7fe6feabc9b0>,1,18,[10  5],2,-1,20,-1,2
1,<environment.Job instance at 0x7fe6ff842780>,5,18,[9 2],6,-1,26,-1,8
1,<environment.Job instance at 0x7fe6ff05bd70>,7,20,[1 8],8,-1,30,-1,10
1,<environment.Job instance at 0x7fe6fe004280>,11,21,[4 9],12,-1,34,-1,13
1,<environment.Job instance at 0x7fe6fdf4f820>,13,16,[8 1],14,-1,32,-1,16
1,<environment.Job instance at 0x7fe6feffb4b0>,15,23,[8 4],16,-1,39,-1,16
1,<environment.Job instance at 0x7fe6ff3b7640>,17,20,[5 7],18,-1,38,-1,18
1,<environment.Job instance at 0x7fe6ff3b7230>,18,16,[4 8],19,-1,35,-1,19
1,<environment.Job instance at 0x7fe6ff3b7500>,20,15,[2 8],21,-1,36,-1,21
1,<environment.Job instance at 0x7fe6ff04c820>,24,15,[11  1],25,-1,40,-1,25
1,<environment.Job instance at 0x7fe6ff04ce60>,25,16,[10  5],26,-1,42,-1,26
1,<environment.Job instance at 0x7fe6ff04cbe0>,27,16,[1 7],28,-1,44,-1,28
1,<environment.Job instance at 0x7fe6ff04cf00>,29,18,[2 7],30,-1,48,-1,30
1,<environment.Job instance at 0x7fe6ff04c9b0>,30,15,[4 7],31,-1,46,-1,31
1,<environment.Job instance at 0x7fe6feecc0f0>,33,16,[9 4],34,-1,51,-1,35
1,<environment.Job instance at 0x7fe6ff3b7d20>,34,13,[8 2],35,-1,48,-1,35
1,<environment.Job instance at 0x7fe6ff086460>,44,17,[8 1],45,-1,62,-1,45
1,<environment.Job instance at 0x7fe6fee38eb0>,46,19,[2 9],47,-1,66,-1,47
1,<environment.Job instance at 0x7fe6ff76ecd0>,48,20,[ 1 10],49,-1,69,-1,49
1,<environment.Job instance at 0x7fe6ff368a50>,49,18,[2 7],50,-1,68,-1,50
1,<environment.Job instance at 0x7fe6ff7dc5f0>,51,18,[3 8],52,-1,70,-1,52
1,<environment.Job instance at 0x7fe6ff76daf0>,53,14,[ 4 10],54,-1,69,-1,55
1,<environment.Job instance at 0x7fe6ff872050>,56,16,[1 6],57,-1,73,-1,57
1,<environment.Job instance at 0x7fe6ff36d410>,57,15,[7 4],58,-1,73,-1,58
1,<environment.Job instance at 0x7fe6ff36d780>,59,17,[ 1 10],60,-1,77,-1,60
1,<environment.Job instance at 0x7fe6ff89b910>,61,28,[5 1],62,-1,90,-1,62
1,<environment.Job instance at 0x7fe6ff360f00>,67,13,[9 1],68,-1,81,-1,68
1,<environment.Job instance at 0x7fe6fe4177d0>,73,23,[7 4],74,-1,97,-1,74
1,<environment.Job instance at 0x7fe6ff41e780>,75,12,[2 8],76,-1,88,-1,76
1,<environment.Job instance at 0x7fe6ff4b8870>,76,12,[9 5],77,-1,89,-1,77
1,<environment.Job instance at 0x7fe6ff4b8190>,77,17,[10  4],78,-1,95,-1,78
1,<environment.Job instance at 0x7fe6ff4b8dc0>,81,14,[9 4],82,-1,96,-1,82
1,<environment.Job instance at 0x7fe6ff6f8870>,89,18,[ 2 10],90,-1,112,-1,94
1,<environment.Job instance at 0x7fe6ff7ba2d0>,94,18,[10  2],95,-1,137,-1,119
1,<environment.Job instance at 0x7fe6ff4731e0>,97,15,[5 8],98,-1,134,-1,119
1,<environment.Job instance at 0x7fe70828ed70>,98,18,[5 8],99,-1,137,-1,119
1,<environment.Job instance at 0x7fe6ff6f8c80>,87,14,[ 3 14],88,-1,134,-1,120
1,<environment.Job instance at 0x7fe6ff3cbf00>,99,17,[2 6],100,-1,137,-1,120
1,<environment.Job instance at 0x7fe6fe7fe780>,103,14,[ 5 10],104,-1,134,-1,120
1,<environment.Job instance at 0x7fe6fe7fe280>,104,28,[4 5],105,-1,148,-1,120
1,<environment.Job instance at 0x7fe6fe7fe640>,106,17,[3 5],107,-1,137,-1,120
1,<environment.Job instance at 0x7fe6fe7fef50>,108,15,[5 8],109,-1,136,-1,121
1,<environment.Job instance at 0x7fe6fe7fec30>,110,13,[5 6],111,-1,134,-1,121
1,<environment.Job instance at 0x7fe6ff790a50>,111,25,[10  1],112,-1,146,-1,121
1,<environment.Job instance at 0x7fe6ff790280>,112,12,[10  4],113,-1,133,-1,121
1,<environment.Job instance at 0x7fe6ff790500>,114,13,[ 5 10],115,-1,134,-1,121
1,<environment.Job instance at 0x7fe6feae25f0>,115,15,[8 1],116,-1,136,-1,121
1,<environment.Job instance at 0x7fe6ff733780>,54,15,[4 8],55,-1,136,-1,121
1,<environment.Job instance at 0x7fe6feae2730>,118,18,[5 5],119,-1,139,-1,121
1,<environment.Job instance at 0x7fe6feae2c80>,119,15,[6 2],120,-1,137,-1,122
1,<environment.Job instance at 0x7fe6feae2460>,121,15,[5 4],122,-1,137,-1,122
1,<environment.Job instance at 0x7fe6feae2230>,120,16,[7 5],121,-1,139,-1,123
1,<environment.Job instance at 0x7fe6fe327f00>,123,17,[5 9],124,-1,142,-1,125
1,<environment.Job instance at 0x7fe6fe327be0>,127,25,[9 4],128,-1,189,-1,164
1,<environment.Job instance at 0x7fe6fe327dc0>,125,21,[9 3],126,-1,185,-1,164
1,<environment.Job instance at 0x7fe6fe327640>,135,2,[4 8],136,-1,167,-1,165
1,<environment.Job instance at 0x7fe6ff007b90>,3,1,[12  4],4,-1,5,-1,4
1,<environment.Job instance at 0x7fe6ff36d820>,10,2,[ 2 12],11,-1,13,-1,11
1,<environment.Job instance at 0x7fe6ff6f8230>,15,23,[8 4],16,-1,49,-1,26
1,<environment.Job instance at 0x7fe6ff4ecc30>,24,15,[11  1],25,-1,60,-1,45
1,<environment.Job instance at 0x7fe6fe44ad70>,31,20,[ 5 13],32,-1,87,-1,67
1,<environment.Job instance at 0x7fe6fe44ac80>,40,24,[7 2],41,-1,121,-1,97
1,<environment.Job instance at 0x7fe6fe482690>,45,15,[ 1 12],46,-1,131,-1,116
1,<environment.Job instance at 0x7fe6fe2d1cd0>,58,2,[ 1 13],59,-1,170,-1,168
1,<environment.Job instance at 0x7fe6fef2ad20>,60,28,[ 2 14],61,-1,202,-1,174
1,<environment.Job instance at 0x7fe6fe76d280>,61,28,[5 1],62,-1,202,-1,174
1,<environment.Job instance at 0x7fe6fef755a0>,4,16,[7 4],5,-1,21,-1,5
1,<environment.Job instance at 0x7fe70854c230>,8,17,[9 5],9,-1,28,-1,11
1,<environment.Job instance at 0x7fe6fe9f13c0>,11,18,[4 7],12,-1,30,-1,12
1,<environment.Job instance at 0x7fe6fe9f19b0>,13,17,[9 1],14,-1,31,-1,14
1,<environment.Job instance at 0x7fe6feeff2d0>,14,22,[4 9],15,-1,37,-1,15
1,<environment.Job instance at 0x7fe6ff4d3640>,16,21,[5 5],17,-1,38,-1,17
1,<environment.Job instance at 0x7fe6fec4a9b0>,19,15,[3 9],20,-1,35,-1,20
1,<environment.Job instance at 0x7fe6fec4abe0>,20,15,[5 5],21,-1,36,-1,21
1,<environment.Job instance at 0x7fe6fec4a910>,24,15,[10  2],25,-1,40,-1,25
1,<environment.Job instance at 0x7fe6fe8240f0>,25,25,[1 6],26,-1,51,-1,26
1,<environment.Job instance at 0x7fe6fef7e140>,27,15,[6 2],28,-1,43,-1,28
1,<environment.Job instance at 0x7fe6fef31af0>,32,20,[ 5 10],33,-1,53,-1,33
1,<environment.Job instance at 0x7fe6fec78140>,34,12,[9 1],35,-1,47,-1,35
1,<environment.Job instance at 0x7fe6fec74c80>,35,24,[8 3],36,-1,60,-1,36
1,<environment.Job instance at 0x7fe6fe82eeb0>,37,12,[5 9],38,-1,50,-1,38
1,<environment.Job instance at 0x7fe6fe59fd20>,40,12,[5 6],41,-1,53,-1,41
1,<environment.Job instance at 0x7fe6fe59fe10>,41,16,[3 9],42,-1,58,-1,42
1,<environment.Job instance at 0x7fe6fef282d0>,45,17,[10  3],46,-1,63,-1,46
1,<environment.Job instance at 0x7fe6fe59fc80>,46,18,[6 4],47,-1,65,-1,47
1,<environment.Job instance at 0x7fe6fe5b53c0>,47,24,[5 9],48,-1,72,-1,48
1,<environment.Job instance at 0x7fe6fe5b5d20>,51,28,[3 6],52,-1,80,-1,52
1,<environment.Job instance at 0x7fe6fe5b5640>,52,14,[ 4 10],53,-1,67,-1,53
1,<environment.Job instance at 0x7fe6fe5b59b0>,55,16,[7 3],56,-1,72,-1,56
1,<environment.Job instance at 0x7fe6fe5ab820>,56,12,[8 4],57,-1,69,-1,57
1,<environment.Job instance at 0x7fe6fe5ab730>,57,16,[1 8],58,-1,74,-1,58
1,<environment.Job instance at 0x7fe6fe5ab960>,59,26,[2 6],60,-1,86,-1,60
1,<environment.Job instance at 0x7fe6fe5abaa0>,60,20,[9 3],61,-1,81,-1,61
1,<environment.Job instance at 0x7fe6fe5aba50>,61,15,[8 4],62,-1,77,-1,62
1,<environment.Job instance at 0x7fe6fe5abbe0>,62,14,[9 2],63,-1,77,-1,63
1,<environment.Job instance at 0x7fe6fe5abc80>,63,16,[2 6],64,-1,80,-1,64
1,<environment.Job instance at 0x7fe6fe5abdc0>,65,17,[5 3],66,-1,83,-1,66
1,<environment.Job instance at 0x7fe6fe5a4140>,68,26,[8 2],69,-1,95,-1,69
1,<environment.Job instance at 0x7fe6fe5a4410>,72,16,[9 2],73,-1,89,-1,73
1,<environment.Job instance at 0x7fe6fe5a45f0>,73,18,[4 6],74,-1,92,-1,74
1,<environment.Job instance at 0x7fe6fe5a4870>,76,17,[3 7],77,-1,94,-1,77
1,<environment.Job instance at 0x7fe6fe5a47d0>,77,12,[1 6],78,-1,90,-1,78
1,<environment.Job instance at 0x7fe6fe5a4aa0>,79,17,[5 7],80,-1,97,-1,80
1,<environment.Job instance at 0x7fe6fe5a4e60>,82,18,[7 4],83,-1,101,-1,83
1,<environment.Job instance at 0x7fe6fe5a4cd0>,83,14,[ 2 10],84,-1,98,-1,84
1,<environment.Job instance at 0x7fe6fe59e500>,89,15,[3 9],90,-1,120,-1,105
1,<environment.Job instance at 0x7fe6fe59ee60>,100,18,[9 2],101,-1,123,-1,105
1,<environment.Job instance at 0x7fe6fe59ec30>,96,13,[5 7],97,-1,130,-1,117
1,<environment.Job instance at 0x7fe6fe59efa0>,102,17,[9 4],103,-1,134,-1,117
1,<environment.Job instance at 0x7fe6fe5a62d0>,104,27,[6 1],105,-1,144,-1,117
1,<environment.Job instance at 0x7fe6ff057910>,7,13,[14  4],8,-1,21,-1,8
1,<environment.Job instance at 0x7fe6ff155a00>,23,2,[13  2],24,-1,55,-1,53
1,<environment.Job instance at 0x7fe6ff155cd0>,25,25,[1 6],26,-1,90,-1,65
1,<environment.Job instance at 0x7fe6fe8cb1e0>,30,27,[11  2],31,-1,110,-1,83
1,<environment.Job instance at 0x7fe6fe8cb190>,35,24,[8 3],36,-1,114,-1,90
1,<environment.Job instance at 0x7fe6fe86cb90>,47,24,[5 9],48,-1,157,-1,133
1,<environment.Job instance at 0x7fe6fe917460>,51,28,[3 6],52,-1,166,-1,138
1,<environment.Job instance at 0x7fe6fe77fc30>,59,26,[2 6],60,-1,198,-1,172
1,<environment.Job instance at 0x7fe6fe591550>,2,18,[3 7],3,-1,21,-1,3
1,<environment.Job instance at 0x7fe6fe591820>,5,13,[9 1],6,-1,21,-1,8
1,<environment.Job instance at 0x7fe6fe591690>,8,14,[ 1 10],9,-1,23,-1,9
1,<environment.Job instance at 0x7fe6fe5910a0>,7,15,[3 6],8,-1,25,-1,10
1,<environment.Job instance at 0x7fe6fe591dc0>,10,25,[5 3],11,-1,36,-1,11
1,<environment.Job instance at 0x7fe6fe77e960>,17,1,[ 4 10],18,-1,20,-1,19
1,<environment.Job instance at 0x7fe6fe77ec30>,18,16,[10  3],19,-1,35,-1,19
1,<environment.Job instance at 0x7fe6fe77ed70>,19,28,[3 9],20,-1,48,-1,20
1,<environment.Job instance at 0x7fe6fe77edc0>,22,23,[3 7],23,-1,46,-1,23
1,<environment.Job instance at 0x7fe6ff90d3c0>,24,17,[2 7],25,-1,42,-1,25
1,<environment.Job instance at 0x7fe6ff90d910>,27,16,[5 4],28,-1,44,-1,28
1,<environment.Job instance at 0x7fe6ff90dd70>,28,17,[6 5],29,-1,46,-1,29
1,<environment.Job instance at 0x7fe6ff90df00>,29,18,[5 1],30,-1,49,-1,31
1,<environment.Job instance at 0x7fe6ff90d0f0>,31,12,[2 6],32,-1,44,-1,32
1,<environment.Job instance at 0x7fe6ff90d4b0>,32,17,[6 4],33,-1,50,-1,33
1,<environment.Job instance at 0x7fe6ff90dcd0>,30,16,[1 7],31,-1,51,-1,35
1,<environment.Job instance at 0x7fe6ff90d730>,36,15,[5 6],37,-1,52,-1,37
1,<environment.Job instance at 0x7fe707f29b90>,40,15,[1 8],41,-1,56,-1,41
1,<environment.Job instance at 0x7fe707f290a0>,41,16,[5 5],42,-1,58,-1,42
1,<environment.Job instance at 0x7fe707f29280>,42,18,[2 5],43,-1,61,-1,43
1,<environment.Job instance at 0x7fe707f29820>,44,14,[ 3 10],45,-1,59,-1,45
1,<environment.Job instance at 0x7fe6feb0d230>,51,15,[5 2],52,-1,71,-1,56
1,<environment.Job instance at 0x7fe6ff973780>,59,17,[9 4],60,-1,77,-1,60
1,<environment.Job instance at 0x7fe6feb0d870>,53,20,[ 5 12],54,-1,89,-1,69
1,<environment.Job instance at 0x7fe6fe7ce9b0>,66,16,[5 6],67,-1,85,-1,69
1,<environment.Job instance at 0x7fe707e99c30>,55,16,[10  3],56,-1,85,-1,69
1,<environment.Job instance at 0x7fe6ff5f5730>,71,16,[4 6],72,-1,89,-1,73
1,<environment.Job instance at 0x7fe6ff3f6140>,77,15,[10  4],78,-1,103,-1,88
1,<environment.Job instance at 0x7fe6ff8323c0>,89,18,[10  2],90,-1,119,-1,101
1,<environment.Job instance at 0x7fe6ff4fc910>,78,16,[ 5 10],79,-1,122,-1,106
1,<environment.Job instance at 0x7fe6fe6a4f50>,82,14,[3 7],83,-1,120,-1,106
1,<environment.Job instance at 0x7fe6ff761aa0>,93,14,[14  4],94,-1,120,-1,106
1,<environment.Job instance at 0x7fe6ff0d3cd0>,97,15,[ 5 12],98,-1,121,-1,106
1,<environment.Job instance at 0x7fe6fe9b7aa0>,92,22,[8 1],93,-1,128,-1,106
1,<environment.Job instance at 0x7fe6fe6d1460>,94,13,[5 8],95,-1,120,-1,107
1,<environment.Job instance at 0x7fe6ff0d33c0>,101,27,[8 5],102,-1,135,-1,108
1,<environment.Job instance at 0x7fe6fe528e10>,86,27,[2 9],87,-1,135,-1,108
1,<environment.Job instance at 0x7fe6feb0d9b0>,47,16,[ 5 13],48,-1,124,-1,108
1,<environment.Job instance at 0x7fe6ff0d34b0>,104,16,[11  4],105,-1,124,-1,108
1,<environment.Job instance at 0x7fe6ff0d3780>,107,18,[1 9],108,-1,132,-1,114
1,<environment.Job instance at 0x7fe6ff0d3190>,105,14,[1 7],106,-1,128,-1,114
1,<environment.Job instance at 0x7fe6fe9a6280>,112,18,[10  5],113,-1,141,-1,123
1,<environment.Job instance at 0x7fe6fe9a6d70>,113,26,[7 1],114,-1,149,-1,123
1,<environment.Job instance at 0x7fe6fe9a6050>,114,17,[10  5],115,-1,140,-1,123
1,<environment.Job instance at 0x7fe6fe9a62d0>,115,18,[5 6],116,-1,142,-1,124
1,<environment.Job instance at 0x7fe6fe5d0230>,117,15,[ 4 10],118,-1,139,-1,124
1,<environment.Job instance at 0x7fe707f294b0>,4,1,[13  5],5,-1,6,-1,5
1,<environment.Job instance at 0x7fe6ff973af0>,10,25,[5 3],11,-1,42,-1,17
1,<environment.Job instance at 0x7fe6fe7cec30>,11,16,[11  2],12,-1,33,-1,17
1,<environment.Job instance at 0x7fe6ff3fed20>,19,28,[3 9],20,-1,73,-1,45
1,<environment.Job instance at 0x7fe6ff0d35a0>,22,23,[3 7],23,-1,71,-1,48
1,<environment.Job instance at 0x7fe6fe591280>,26,3,[ 5 14],27,-1,54,-1,51
1,<environment.Job instance at 0x7fe6fef3aaa0>,37,16,[11  1],38,-1,100,-1,84
1,<environment.Job instance at 0x7fe6feaa9690>,47,16,[ 5 13],48,-1,146,-1,130
1,<environment.Job instance at 0x7fe6ff007b90>,49,2,[13  4],50,-1,133,-1,131
1,<environment.Job instance at 0x7fe707f08910>,53,20,[ 5 12],54,-1,153,-1,133
1,<environment.Job instance at 0x7fe6ff07ce10>,54,2,[ 5 11],55,-1,135,-1,133
1,<environment.Job instance at 0x7fe6ff4b8820>,61,2,[ 5 11],62,-1,155,-1,153
1,<environment.Job instance at 0x7fe6feae23c0>,69,13,[ 4 14],70,-1,187,-1,174
1,<environment.Job instance at 0x7fe6ff86e7d0>,0,20,[ 4 10],1,-1,21,-1,1
1,<environment.Job instance at 0x7fe6ff86e320>,3,14,[ 4 10],4,-1,18,-1,4
1,<environment.Job instance at 0x7fe6ff86ee60>,6,24,[4 5],7,-1,31,-1,7
1,<environment.Job instance at 0x7fe6ff86eaf0>,7,24,[4 8],8,-1,32,-1,8
1,<environment.Job instance at 0x7fe6fe98c500>,16,16,[4 9],17,-1,33,-1,17
1,<environment.Job instance at 0x7fe6fe98c410>,17,18,[6 1],18,-1,36,-1,18
1,<environment.Job instance at 0x7fe6fe98cb90>,18,14,[5 4],19,-1,33,-1,19
1,<environment.Job instance at 0x7fe6fe98cf00>,22,23,[6 2],23,-1,46,-1,23
1,<environment.Job instance at 0x7fe6fed888c0>,26,17,[1 6],27,-1,44,-1,27
1,<environment.Job instance at 0x7fe6fed88c30>,27,13,[9 4],28,-1,42,-1,29
1,<environment.Job instance at 0x7fe6fed88230>,32,18,[6 5],33,-1,51,-1,33
1,<environment.Job instance at 0x7fe6fed88d20>,34,14,[ 5 10],35,-1,49,-1,35
1,<environment.Job instance at 0x7fe6fed88280>,36,16,[4 8],37,-1,53,-1,37
1,<environment.Job instance at 0x7fe6fed886e0>,37,15,[4 8],38,-1,53,-1,38
1,<environment.Job instance at 0x7fe6fed88f00>,38,15,[1 6],39,-1,54,-1,39
1,<environment.Job instance at 0x7fe6fe074550>,45,14,[3 8],46,-1,60,-1,46
1,<environment.Job instance at 0x7fe6fed88af0>,28,13,[4 8],29,-1,59,-1,46
1,<environment.Job instance at 0x7fe6fe074640>,46,17,[4 6],47,-1,64,-1,47
1,<environment.Job instance at 0x7fe6fe0743c0>,48,18,[10  1],49,-1,69,-1,51
1,<environment.Job instance at 0x7fe6fe0745f0>,52,17,[ 1 10],53,-1,70,-1,53
1,<environment.Job instance at 0x7fe6fe056190>,53,15,[8 4],54,-1,69,-1,54
1,<environment.Job instance at 0x7fe6fe074e10>,50,15,[4 7],51,-1,70,-1,55
1,<environment.Job instance at 0x7fe6fe0569b0>,54,13,[1 9],55,-1,69,-1,56
1,<environment.Job instance at 0x7fe6fe056550>,55,24,[5 2],56,-1,81,-1,57
1,<environment.Job instance at 0x7fe6fe056780>,60,25,[6 2],61,-1,86,-1,61
1,<environment.Job instance at 0x7fe6fe056910>,61,17,[9 4],62,-1,79,-1,62
1,<environment.Job instance at 0x7fe6ff87ca50>,68,18,[10  4],69,-1,87,-1,69
1,<environment.Job instance at 0x7fe6ff87c780>,70,25,[5 5],71,-1,96,-1,71
1,<environment.Job instance at 0x7fe6ff87c280>,71,13,[9 3],72,-1,88,-1,75
1,<environment.Job instance at 0x7fe6ff87c140>,75,19,[2 8],76,-1,95,-1,76
1,<environment.Job instance at 0x7fe6ff87ce60>,76,16,[ 1 10],77,-1,93,-1,77
1,<environment.Job instance at 0x7fe6fe07c2d0>,79,15,[ 5 10],80,-1,95,-1,80
1,<environment.Job instance at 0x7fe6fe07cc30>,81,17,[ 2 10],82,-1,99,-1,82
1,<environment.Job instance at 0x7fe6fe07c0a0>,82,16,[2 8],83,-1,99,-1,83
1,<environment.Job instance at 0x7fe6fe07ca50>,85,18,[4 6],86,-1,104,-1,86
1,<environment.Job instance at 0x7fe6fe0ad140>,86,15,[5 9],87,-1,102,-1,87
1,<environment.Job instance at 0x7fe6fe0ad7d0>,89,17,[ 1 10],90,-1,108,-1,91
1,<environment.Job instance at 0x7fe6fe13d0f0>,94,19,[ 5 10],95,-1,114,-1,95
1,<environment.Job instance at 0x7fe6fe13d780>,96,15,[3 9],97,-1,112,-1,97
1,<environment.Job instance at 0x7fe6fe13d640>,97,27,[8 5],98,-1,125,-1,98
1,<environment.Job instance at 0x7fe6fe0ad9b0>,90,15,[8 4],91,-1,121,-1,106
1,<environment.Job instance at 0x7fe6fe144460>,105,15,[10  1],106,-1,123,-1,108
1,<environment.Job instance at 0x7fe6fe144c80>,103,17,[13  3],104,-1,125,-1,108
1,<environment.Job instance at 0x7fe6fe144320>,106,13,[ 2 10],107,-1,121,-1,108
1,<environment.Job instance at 0x7fe6ff05daf0>,107,12,[6 5],108,-1,120,-1,108
1,<environment.Job instance at 0x7fe6ff356f50>,110,20,[8 5],111,-1,131,-1,111
1,<environment.Job instance at 0x7fe6fe13de10>,100,13,[8 3],101,-1,128,-1,115
1,<environment.Job instance at 0x7fe6ff939730>,114,16,[5 8],115,-1,131,-1,115
1,<environment.Job instance at 0x7fe6fe88de10>,115,25,[4 5],116,-1,141,-1,116
1,<environment.Job instance at 0x7fe6fe445eb0>,120,18,[3 5],121,-1,139,-1,121
1,<environment.Job instance at 0x7fe6ff75ef00>,133,15,[ 2 10],134,-1,157,-1,142
1,<environment.Job instance at 0x7fe6fe168640>,132,18,[4 8],133,-1,161,-1,143
1,<environment.Job instance at 0x7fe6fe7c0eb0>,137,26,[ 3 10],138,-1,170,-1,144
1,<environment.Job instance at 0x7fe6fe7c01e0>,138,12,[10  4],139,-1,157,-1,145
1,<environment.Job instance at 0x7fe6fe7c0cd0>,139,12,[5 8],140,-1,157,-1,145
1,<environment.Job instance at 0x7fe6ff87cb40>,69,13,[ 1 11],70,-1,158,-1,145
1,<environment.Job instance at 0x7fe6fe056d70>,6,24,[4 5],7,-1,44,-1,20
1,<environment.Job instance at 0x7fe6fe074140>,7,24,[4 8],8,-1,45,-1,21
1,<environment.Job instance at 0x7fe6ff603af0>,22,23,[6 2],23,-1,67,-1,44
1,<environment.Job instance at 0x7fe6ff86e5f0>,24,3,[ 1 12],25,-1,47,-1,44
1,<environment.Job instance at 0x7fe707eeeaa0>,25,14,[12  1],26,-1,58,-1,44
1,<environment.Job instance at 0x7fe6ff831aa0>,33,1,[11  3],34,-1,63,-1,62
1,<environment.Job instance at 0x7fe7083a87d0>,35,28,[ 4 12],36,-1,91,-1,63
1,<environment.Job instance at 0x7fe7084e1320>,39,1,[ 4 13],40,-1,91,-1,90
1,<environment.Job instance at 0x7fe6ff318460>,43,14,[ 2 11],44,-1,119,-1,105
1,<environment.Job instance at 0x7fe6ff1575f0>,55,24,[5 2],56,-1,183,-1,159
1,<environment.Job instance at 0x7fe707eb62d0>,11,18,[7 1],12,-1,30,-1,12
1,<environment.Job instance at 0x7fe707eb6410>,15,16,[3 5],16,-1,32,-1,16
1,<environment.Job instance at 0x7fe707eb6a00>,19,14,[7 3],20,-1,34,-1,20
1,<environment.Job instance at 0x7fe6ff30ce10>,20,14,[8 2],21,-1,35,-1,21
1,<environment.Job instance at 0x7fe6ff30c230>,21,26,[7 2],22,-1,48,-1,22
1,<environment.Job instance at 0x7fe6ff30caf0>,22,17,[1 5],23,-1,40,-1,23
1,<environment.Job instance at 0x7fe6ff30c050>,24,18,[4 8],25,-1,43,-1,25
1,<environment.Job instance at 0x7fe6fe69f050>,37,22,[2 9],38,-1,62,-1,40
1,<environment.Job instance at 0x7fe6fe69fd70>,27,15,[6 1],28,-1,65,-1,50
1,<environment.Job instance at 0x7fe6fe69ff00>,28,15,[10  2],29,-1,65,-1,50
1,<environment.Job instance at 0x7fe707e71280>,41,16,[5 2],42,-1,67,-1,51
1,<environment.Job instance at 0x7fe707e71370>,43,15,[ 3 10],44,-1,66,-1,51
1,<environment.Job instance at 0x7fe707eb6e60>,13,15,[ 2 12],14,-1,66,-1,51
1,<environment.Job instance at 0x7fe707e71690>,46,20,[8 2],47,-1,71,-1,51
1,<environment.Job instance at 0x7fe707e71320>,45,14,[7 5],46,-1,65,-1,51
1,<environment.Job instance at 0x7fe6fe9b0a50>,48,26,[2 5],49,-1,77,-1,51
1,<environment.Job instance at 0x7fe6fe9b0280>,50,15,[10  5],51,-1,67,-1,52
1,<environment.Job instance at 0x7fe6fe9b0b90>,52,12,[8 2],53,-1,65,-1,53
1,<environment.Job instance at 0x7fe707e71af0>,47,16,[8 4],48,-1,69,-1,53
1,<environment.Job instance at 0x7fe6fe9b0690>,59,20,[ 3 11],60,-1,82,-1,62
1,<environment.Job instance at 0x7fe6fe9b08c0>,61,16,[8 4],62,-1,79,-1,63
1,<environment.Job instance at 0x7fe6fdfc7cd0>,2,17,[ 5 14],3,-1,20,-1,3
1,<environment.Job instance at 0x7fe6fdf9c550>,13,15,[ 2 12],14,-1,31,-1,16
1,<environment.Job instance at 0x7fe6fe9a7190>,18,2,[13  1],19,-1,44,-1,42
1,<environment.Job instance at 0x7fe6fedb1690>,21,26,[7 2],22,-1,85,-1,59
1,<environment.Job instance at 0x7fe6fee2b820>,33,3,[ 1 14],34,-1,98,-1,95
1,<environment.Job instance at 0x7fe6fee1ff50>,36,1,[ 3 13],37,-1,100,-1,99
1,<environment.Job instance at 0x7fe6fe92ccd0>,31,23,[5 9],32,-1,140,-1,117
1,<environment.Job instance at 0x7fe6fe0c7190>,48,26,[2 5],49,-1,163,-1,137
1,<environment.Job instance at 0x7fe6ff066320>,56,24,[2 9],57,-1,196,-1,172
1,<environment.Job instance at 0x7fe6ff066230>,57,12,[ 2 12],58,-1,184,-1,172
1,<environment.Job instance at 0x7fe6ff318be0>,58,14,[13  4],59,-1,186,-1,172
1,<environment.Job instance at 0x7fe7083a87d0>,59,20,[ 3 11],60,-1,192,-1,172
1,<environment.Job instance at 0x7fe6fe4f15f0>,2,18,[2 5],3,-1,23,-1,5
1,<environment.Job instance at 0x7fe6fe4e3d20>,4,15,[10  1],5,-1,20,-1,5
1,<environment.Job instance at 0x7fe6fe4e3a50>,5,15,[8 4],6,-1,21,-1,6
1,<environment.Job instance at 0x7fe6fe0a1050>,9,17,[5 4],10,-1,28,-1,11
1,<environment.Job instance at 0x7fe6fe0a1190>,12,15,[10  3],13,-1,28,-1,13
1,<environment.Job instance at 0x7fe6fe0a13c0>,14,18,[9 3],15,-1,33,-1,15
1,<environment.Job instance at 0x7fe6ff5760f0>,15,16,[3 8],16,-1,32,-1,16
1,<environment.Job instance at 0x7fe6ff5765a0>,19,14,[4 7],20,-1,34,-1,20
1,<environment.Job instance at 0x7fe6ff576820>,24,14,[5 6],25,-1,39,-1,25
1,<environment.Job instance at 0x7fe6ff576cd0>,27,17,[ 5 10],28,-1,45,-1,28
1,<environment.Job instance at 0x7fe6ff6cc820>,41,18,[9 3],42,-1,64,-1,46
1,<environment.Job instance at 0x7fe6ff6cc280>,33,25,[ 1 10],34,-1,71,-1,46
1,<environment.Job instance at 0x7fe6ff6cc3c0>,37,19,[ 2 10],38,-1,65,-1,46
1,<environment.Job instance at 0x7fe6ff576e60>,29,23,[5 7],30,-1,69,-1,46
1,<environment.Job instance at 0x7fe6ff6cc8c0>,42,14,[5 5],43,-1,66,-1,52
1,<environment.Job instance at 0x7fe6ff6c5320>,49,14,[1 8],50,-1,66,-1,52
1,<environment.Job instance at 0x7fe6ff576f00>,30,15,[3 7],31,-1,79,-1,64
1,<environment.Job instance at 0x7fe6ff6c5460>,50,12,[ 1 13],51,-1,107,-1,95
1,<environment.Job instance at 0x7fe6ff6c5a00>,59,21,[7 2],60,-1,116,-1,95
1,<environment.Job instance at 0x7fe6ff6c5e60>,63,14,[6 1],64,-1,109,-1,95
1,<environment.Job instance at 0x7fe6ff6c5f00>,66,23,[ 5 12],67,-1,120,-1,97
1,<environment.Job instance at 0x7fe6fe0c5140>,67,21,[10  4],68,-1,118,-1,97
1,<environment.Job instance at 0x7fe6ff6c56e0>,62,16,[8 1],63,-1,114,-1,98
1,<environment.Job instance at 0x7fe6fe0c5050>,71,21,[1 7],72,-1,129,-1,108
1,<environment.Job instance at 0x7fe6fe3c30f0>,83,15,[2 8],84,-1,167,-1,152
1,<environment.Job instance at 0x7fe6fe3c3690>,82,18,[1 5],83,-1,170,-1,152
1,<environment.Job instance at 0x7fe6ff6c5f50>,64,14,[ 1 12],65,-1,166,-1,152
1,<environment.Job instance at 0x7fe6fe3c3960>,87,13,[ 5 10],88,-1,165,-1,152
1,<environment.Job instance at 0x7fe6ff562500>,90,25,[6 2],91,-1,177,-1,152
1,<environment.Job instance at 0x7fe6ff05d140>,94,21,[5 2],95,-1,175,-1,154
1,<environment.Job instance at 0x7fe6ff6ccbe0>,46,14,[9 3],47,-1,171,-1,157
1,<environment.Job instance at 0x7fe6fee7fbe0>,97,16,[1 7],98,-1,173,-1,157
1,<environment.Job instance at 0x7fe6fe3a76e0>,100,16,[5 9],101,-1,174,-1,158
1,<environment.Job instance at 0x7fe6ff562c80>,89,3,[9 3],90,-1,161,-1,158
1,<environment.Job instance at 0x7fe6fe3a7780>,102,14,[10  5],103,-1,172,-1,158
1,<environment.Job instance at 0x7fe6ff0dd460>,88,16,[6 5],89,-1,175,-1,159
1,<environment.Job instance at 0x7fe6fe3a7050>,104,17,[4 9],105,-1,177,-1,160
1,<environment.Job instance at 0x7fe6fe929aa0>,106,18,[1 8],107,-1,178,-1,160
1,<environment.Job instance at 0x7fe6ff49a410>,107,27,[4 8],108,-1,187,-1,160
1,<environment.Job instance at 0x7fe707f2cc30>,108,20,[ 4 13],109,-1,180,-1,160
1,<environment.Job instance at 0x7fe6ff4811e0>,110,15,[8 5],111,-1,175,-1,160
1,<environment.Job instance at 0x7fe6fe3a7370>,105,15,[12  5],106,-1,178,-1,163
1,<environment.Job instance at 0x7fe6ff49eaa0>,118,18,[6 4],119,-1,195,-1,177
1,<environment.Job instance at 0x7fe6fdfc0be0>,122,15,[9 5],123,-1,192,-1,177
1,<environment.Job instance at 0x7fe6ff6ccfa0>,8,17,[13  5],9,-1,33,-1,16
1,<environment.Job instance at 0x7fe6ff164e10>,22,13,[13  5],23,-1,79,-1,66
1,<environment.Job instance at 0x7fe6fe4e2b40>,25,2,[ 2 12],26,-1,80,-1,78
1,<environment.Job instance at 0x7fe6ff0f8460>,29,23,[5 7],30,-1,106,-1,83
1,<environment.Job instance at 0x7fe6fe21a3c0>,33,25,[ 1 10],34,-1,138,-1,113
1,<environment.Job instance at 0x7fe6fe9f3640>,36,12,[14  2],37,-1,125,-1,113
1,<environment.Job instance at 0x7fe6fe0b44b0>,38,1,[ 5 14],39,-1,114,-1,113
1,<environment.Job instance at 0x7fe707efd820>,50,12,[ 1 13],51,-1,158,-1,146
1,<environment.Job instance at 0x7fe6ff4407d0>,55,2,[11  4],56,-1,162,-1,160
1,<environment.Job instance at 0x7fe6fe59faa0>,1,16,[1 7],2,-1,18,-1,2
1,<environment.Job instance at 0x7fe6fe27b4b0>,8,18,[5 9],9,-1,27,-1,9
1,<environment.Job instance at 0x7fe6fe999e60>,9,16,[8 4],10,-1,29,-1,13
1,<environment.Job instance at 0x7fe707f365f0>,12,16,[4 7],13,-1,29,-1,13
1,<environment.Job instance at 0x7fe6fe999e10>,13,16,[5 9],14,-1,31,-1,15
1,<environment.Job instance at 0x7fe707f36820>,15,15,[ 3 10],16,-1,31,-1,16
1,<environment.Job instance at 0x7fe6fdf4f2d0>,22,26,[9 3],23,-1,49,-1,23
1,<environment.Job instance at 0x7fe6fdf4ffa0>,25,15,[8 3],26,-1,41,-1,26
1,<environment.Job instance at 0x7fe6fdf4fe10>,26,3,[12  4],27,-1,30,-1,27
1,<environment.Job instance at 0x7fe6fdf4fdc0>,27,13,[9 2],28,-1,41,-1,28
1,<environment.Job instance at 0x7fe707f36be0>,14,16,[3 5],15,-1,44,-1,28
1,<environment.Job instance at 0x7fe6ff41f820>,30,14,[5 3],31,-1,45,-1,31
1,<environment.Job instance at 0x7fe6ff41f050>,32,12,[9 4],33,-1,45,-1,33
1,<environment.Job instance at 0x7fe6ff41ff50>,34,2,[ 4 10],35,-1,37,-1,35
1,<environment.Job instance at 0x7fe6ff41fe10>,35,18,[6 4],36,-1,54,-1,36
1,<environment.Job instance at 0x7fe6ff41f370>,37,22,[6 4],38,-1,60,-1,38
1,<environment.Job instance at 0x7fe6ff41ffa0>,40,15,[4 9],41,-1,56,-1,41
1,<environment.Job instance at 0x7fe6ff41fc30>,44,17,[9 5],45,-1,63,-1,46
1,<environment.Job instance at 0x7fe6ff41fe60>,46,12,[9 2],47,-1,60,-1,48
1,<environment.Job instance at 0x7fe6ff5fa460>,47,18,[3 7],48,-1,67,-1,49
1,<environment.Job instance at 0x7fe6ff5fab40>,51,17,[7 1],52,-1,71,-1,54
1,<environment.Job instance at 0x7fe6ff5fa2d0>,54,18,[ 2 10],55,-1,73,-1,55
1,<environment.Job instance at 0x7fe6ff5fa3c0>,55,19,[10  1],56,-1,75,-1,56
1,<environment.Job instance at 0x7fe6ff5fae10>,56,14,[2 9],57,-1,71,-1,57
1,<environment.Job instance at 0x7fe6ff5fa1e0>,58,23,[1 5],59,-1,82,-1,59
1,<environment.Job instance at 0x7fe707f1bdc0>,61,17,[8 4],62,-1,79,-1,62
1,<environment.Job instance at 0x7fe707f1bb40>,62,15,[1 9],63,-1,78,-1,63
1,<environment.Job instance at 0x7fe6ff5faaa0>,53,12,[ 4 10],54,-1,75,-1,63
1,<environment.Job instance at 0x7fe707f1be60>,63,18,[10  4],64,-1,83,-1,65
1,<environment.Job instance at 0x7fe707f1ba00>,65,12,[1 8],66,-1,78,-1,66
1,<environment.Job instance at 0x7fe707f1bcd0>,67,20,[5 3],68,-1,88,-1,68
1,<environment.Job instance at 0x7fe6ff2f9dc0>,70,16,[10  2],71,-1,87,-1,71
1,<environment.Job instance at 0x7fe6ff2f98c0>,71,16,[ 2 10],72,-1,88,-1,72
1,<environment.Job instance at 0x7fe6ff2f91e0>,73,16,[1 9],74,-1,90,-1,74
1,<environment.Job instance at 0x7fe6ff2f9370>,75,15,[2 8],76,-1,91,-1,76
1,<environment.Job instance at 0x7fe6ff2f9c80>,80,17,[1 7],81,-1,99,-1,82
1,<environment.Job instance at 0x7fe707eb6410>,85,16,[2 9],86,-1,135,-1,119
1,<environment.Job instance at 0x7fe6ff933f00>,95,17,[14  3],96,-1,136,-1,119
1,<environment.Job instance at 0x7fe6ff933e10>,97,24,[1 8],98,-1,143,-1,119
1,<environment.Job instance at 0x7fe6ff933fa0>,98,12,[4 6],99,-1,143,-1,131
1,<environment.Job instance at 0x7fe707eb6550>,89,13,[ 1 10],90,-1,144,-1,131
1,<environment.Job instance at 0x7fe6ff933370>,104,27,[5 1],105,-1,159,-1,132
1,<environment.Job instance at 0x7fe6fe912870>,111,18,[5 6],112,-1,160,-1,142
1,<environment.Job instance at 0x7fe6ff670910>,114,14,[ 4 10],115,-1,156,-1,142
1,<environment.Job instance at 0x7fe6ff2f9a50>,79,17,[ 1 11],80,-1,159,-1,142
1,<environment.Job instance at 0x7fe6ff5fa9b0>,48,12,[14  5],49,-1,155,-1,143
1,<environment.Job instance at 0x7fe6feb81e10>,116,15,[1 6],117,-1,158,-1,143
1,<environment.Job instance at 0x7fe6ff1b9d20>,117,18,[3 8],118,-1,161,-1,143
1,<environment.Job instance at 0x7fe6fe212a00>,118,3,[7 1],119,-1,146,-1,143
1,<environment.Job instance at 0x7fe6fe6db910>,119,14,[2 7],120,-1,157,-1,143
1,<environment.Job instance at 0x7fe6ff933550>,99,13,[9 4],100,-1,157,-1,144
1,<environment.Job instance at 0x7fe6feb81230>,115,16,[6 5],116,-1,160,-1,144
1,<environment.Job instance at 0x7fe6fe0b2c80>,123,15,[9 4],124,-1,159,-1,144
1,<environment.Job instance at 0x7fe6ff933a50>,106,13,[4 9],107,-1,157,-1,144
1,<environment.Job instance at 0x7fe6fe4dc6e0>,127,18,[2 8],128,-1,162,-1,144
1,<environment.Job instance at 0x7fe6ff933e60>,102,24,[7 2],103,-1,183,-1,159
1,<environment.Job instance at 0x7fe6fe286910>,122,16,[3 7],123,-1,175,-1,159
1,<environment.Job instance at 0x7fe6feddaf50>,132,16,[6 4],133,-1,179,-1,163
1,<environment.Job instance at 0x7fe6fdf4f780>,2,18,[ 3 13],3,-1,21,-1,3
1,<environment.Job instance at 0x7fe7084e1460>,26,3,[12  4],27,-1,74,-1,71
1,<environment.Job instance at 0x7fe6ff1aefa0>,22,26,[9 3],23,-1,103,-1,77
1,<environment.Job instance at 0x7fe707eb69b0>,36,15,[ 1 11],37,-1,118,-1,103
1,<environment.Job instance at 0x7fe6fe45f280>,48,12,[14  5],49,-1,160,-1,148
1,<environment.Job instance at 0x7fe6ff384410>,2,16,[9 2],3,-1,23,-1,7
1,<environment.Job instance at 0x7fe6ff3848c0>,8,12,[ 4 10],9,-1,21,-1,9
1,<environment.Job instance at 0x7fe6ff4b41e0>,11,15,[9 3],12,-1,27,-1,12
1,<environment.Job instance at 0x7fe6ff4b4140>,12,17,[4 9],13,-1,30,-1,13
1,<environment.Job instance at 0x7fe6ff4b4870>,14,24,[7 3],15,-1,39,-1,15
1,<environment.Job instance at 0x7fe6ff4b4960>,15,13,[7 2],16,-1,29,-1,16
1,<environment.Job instance at 0x7fe6ff4b4230>,16,21,[5 3],17,-1,38,-1,17
1,<environment.Job instance at 0x7fe6ff4b4190>,17,22,[1 9],18,-1,40,-1,18
1,<environment.Job instance at 0x7fe6ff4b4eb0>,18,16,[1 7],19,-1,35,-1,19
1,<environment.Job instance at 0x7fe6ff4b4c30>,20,12,[10  5],21,-1,33,-1,21
1,<environment.Job instance at 0x7fe6ff4b4e60>,21,16,[10  1],22,-1,38,-1,22
1,<environment.Job instance at 0x7fe6ff4b4410>,23,17,[8 3],24,-1,41,-1,24
1,<environment.Job instance at 0x7fe6ff4b4550>,24,19,[ 5 12],25,-1,44,-1,25
1,<environment.Job instance at 0x7fe6ff4b40f0>,25,27,[2 8],26,-1,53,-1,26
1,<environment.Job instance at 0x7fe6fe1bc280>,27,15,[5 5],28,-1,43,-1,28
1,<environment.Job instance at 0x7fe6fe1bcfa0>,30,14,[1 9],31,-1,45,-1,31
1,<environment.Job instance at 0x7fe6fe1bc4b0>,32,24,[5 7],33,-1,57,-1,33
1,<environment.Job instance at 0x7fe6fe1bc6e0>,36,15,[ 1 10],37,-1,52,-1,37
1,<environment.Job instance at 0x7fe6feaf2640>,39,23,[6 1],40,-1,63,-1,40
1,<environment.Job instance at 0x7fe6feaf2af0>,42,18,[ 3 10],43,-1,61,-1,43
1,<environment.Job instance at 0x7fe6fef2fc80>,43,16,[8 1],44,-1,60,-1,44
1,<environment.Job instance at 0x7fe6fee1f2d0>,44,18,[ 3 10],45,-1,63,-1,45
1,<environment.Job instance at 0x7fe6fee1f320>,45,12,[5 1],46,-1,58,-1,46
1,<environment.Job instance at 0x7fe6fee1f460>,46,23,[ 2 10],47,-1,70,-1,47
1,<environment.Job instance at 0x7fe6fee1fd20>,49,15,[4 9],50,-1,65,-1,50
1,<environment.Job instance at 0x7fe6fee1feb0>,50,15,[ 1 11],51,-1,66,-1,51
1,<environment.Job instance at 0x7fe707f26370>,55,13,[9 1],56,-1,69,-1,56
1,<environment.Job instance at 0x7fe707f26960>,57,17,[5 6],58,-1,75,-1,58
1,<environment.Job instance at 0x7fe707f26b90>,58,15,[3 5],59,-1,74,-1,59
1,<environment.Job instance at 0x7fe707f26820>,59,14,[ 2 10],60,-1,74,-1,60
1,<environment.Job instance at 0x7fe707f26320>,62,15,[8 3],63,-1,78,-1,63
1,<environment.Job instance at 0x7fe6ff384d70>,6,23,[ 1 13],7,-1,87,-1,64
1,<environment.Job instance at 0x7fe6fe704730>,68,14,[2 8],69,-1,83,-1,69
1,<environment.Job instance at 0x7fe6ff018370>,70,18,[5 6],71,-1,89,-1,71
1,<environment.Job instance at 0x7fe6fee38c30>,72,14,[5 3],73,-1,87,-1,73
1,<environment.Job instance at 0x7fe6ff018eb0>,73,13,[10  5],74,-1,87,-1,74
1,<environment.Job instance at 0x7fe6fee83fa0>,75,15,[10  4],76,-1,91,-1,76
1,<environment.Job instance at 0x7fe6fdfca730>,76,26,[5 7],77,-1,103,-1,77
1,<environment.Job instance at 0x7fe6ff157c80>,84,14,[5 2],85,-1,99,-1,85
1,<environment.Job instance at 0x7fe6ff157d20>,87,14,[6 1],88,-1,102,-1,88
1,<environment.Job instance at 0x7fe6ff157140>,88,12,[5 3],89,-1,102,-1,90
1,<environment.Job instance at 0x7fe6ff1570f0>,90,16,[4 9],91,-1,107,-1,91
1,<environment.Job instance at 0x7fe6ff157280>,91,23,[8 4],92,-1,115,-1,92
1,<environment.Job instance at 0x7fe6ff157410>,92,17,[3 6],93,-1,110,-1,93
1,<environment.Job instance at 0x7fe6ff1571e0>,93,14,[5 4],94,-1,108,-1,94
1,<environment.Job instance at 0x7fe6ff157960>,94,3,[11  3],95,-1,98,-1,95
1,<environment.Job instance at 0x7fe6ff157eb0>,95,14,[8 2],96,-1,110,-1,96
1,<environment.Job instance at 0x7fe6ff157a50>,99,1,[5 4],100,-1,101,-1,100
1,<environment.Job instance at 0x7fe6ff0932d0>,101,17,[7 4],102,-1,119,-1,102
1,<environment.Job instance at 0x7fe6fee19730>,103,16,[1 9],104,-1,120,-1,104
1,<environment.Job instance at 0x7fe6fee198c0>,105,27,[6 2],106,-1,133,-1,106
1,<environment.Job instance at 0x7fe6ff157320>,89,20,[3 9],90,-1,126,-1,106
1,<environment.Job instance at 0x7fe7084d2dc0>,107,15,[10  5],108,-1,125,-1,110
1,<environment.Job instance at 0x7fe7084d2140>,109,18,[5 2],110,-1,128,-1,110
1,<environment.Job instance at 0x7fe7084d2d20>,110,17,[8 2],111,-1,130,-1,113
1,<environment.Job instance at 0x7fe6feeffcd0>,113,15,[5 2],114,-1,129,-1,114
1,<environment.Job instance at 0x7fe6feeffa50>,118,18,[5 3],119,-1,139,-1,121
1,<environment.Job instance at 0x7fe6ff56e0a0>,121,18,[1 7],122,-1,140,-1,122
1,<environment.Job instance at 0x7fe6fe60fd20>,132,13,[5 8],133,-1,146,-1,133
1,<environment.Job instance at 0x7fe6fe60fc80>,136,14,[ 5 11],137,-1,154,-1,140
1,<environment.Job instance at 0x7fe6fe60f1e0>,140,12,[9 3],141,-1,153,-1,141
1,<environment.Job instance at 0x7fe6fedb1cd0>,142,12,[11  2],143,-1,155,-1,143
1,<environment.Job instance at 0x7fe6fe60f730>,139,22,[14  5],140,-1,166,-1,144
1,<environment.Job instance at 0x7fe6fedb10f0>,144,18,[ 4 10],145,-1,164,-1,146
1,<environment.Job instance at 0x7fe6fedb16e0>,148,22,[10  4],149,-1,172,-1,150
1,<environment.Job instance at 0x7fe6fee1fb90>,6,23,[ 1 13],7,-1,30,-1,7
1,<environment.Job instance at 0x7fe6ff75e780>,7,2,[ 2 11],8,-1,10,-1,8
1,<environment.Job instance at 0x7fe6fee19410>,14,24,[7 3],15,-1,45,-1,21
1,<environment.Job instance at 0x7fe6fe60ffa0>,24,19,[ 5 12],25,-1,58,-1,39
1,<environment.Job instance at 0x7fe6ff3845a0>,25,27,[2 8],26,-1,66,-1,39
1,<environment.Job instance at 0x7fe6ff3fb910>,29,1,[ 4 13],30,-1,53,-1,52
1,<environment.Job instance at 0x7fe6ff384c80>,32,24,[5 7],33,-1,91,-1,67
1,<environment.Job instance at 0x7fe6ff894820>,40,1,[11  4],41,-1,75,-1,74
1,<environment.Job instance at 0x7fe6fe18ddc0>,39,23,[6 1],40,-1,110,-1,87
1,<environment.Job instance at 0x7fe6ff018c30>,46,23,[ 2 10],47,-1,114,-1,91
1,<environment.Job instance at 0x7fe6fe0eb870>,50,15,[ 1 11],51,-1,118,-1,103
1,<environment.Job instance at 0x7fe6fe0495a0>,51,2,[11  4],52,-1,105,-1,103
1,<environment.Job instance at 0x7fe6fe049730>,52,3,[14  5],53,-1,106,-1,103
1,<environment.Job instance at 0x7fe6fedbfc80>,2,18,[5 8],3,-1,21,-1,3
1,<environment.Job instance at 0x7fe6fedc13c0>,11,19,[3 6],12,-1,31,-1,12
1,<environment.Job instance at 0x7fe6fedbfeb0>,7,28,[6 3],8,-1,53,-1,25
1,<environment.Job instance at 0x7fe6fedc1be0>,21,19,[3 9],22,-1,44,-1,25
1,<environment.Job instance at 0x7fe6fedc1dc0>,23,13,[2 7],24,-1,42,-1,29
1,<environment.Job instance at 0x7fe6fedc1f00>,25,17,[10  2],26,-1,48,-1,31
1,<environment.Job instance at 0x7fe6fedc1fa0>,26,17,[4 9],27,-1,48,-1,31
1,<environment.Job instance at 0x7fe6fedc1b90>,19,17,[8 2],20,-1,48,-1,31
1,<environment.Job instance at 0x7fe6fedb2230>,29,18,[13  1],30,-1,56,-1,38
1,<environment.Job instance at 0x7fe6fedb2320>,30,13,[1 6],31,-1,51,-1,38
1,<environment.Job instance at 0x7fe6fedc1230>,10,18,[5 5],11,-1,58,-1,40
1,<environment.Job instance at 0x7fe6fedb27d0>,34,15,[ 3 14],35,-1,58,-1,43
1,<environment.Job instance at 0x7fe6fedb2640>,32,25,[2 8],33,-1,72,-1,47
1,<environment.Job instance at 0x7fe6fedb2a00>,39,13,[5 2],40,-1,72,-1,59
1,<environment.Job instance at 0x7fe6fedb2b90>,41,28,[1 5],42,-1,88,-1,60
1,<environment.Job instance at 0x7fe6fedb2f50>,43,16,[10  1],44,-1,76,-1,60
1,<environment.Job instance at 0x7fe6fedb2eb0>,44,17,[4 8],45,-1,78,-1,61
1,<environment.Job instance at 0x7fe6fedb2500>,35,16,[6 1],36,-1,77,-1,61
1,<environment.Job instance at 0x7fe6feda9140>,47,14,[9 1],48,-1,75,-1,61
1,<environment.Job instance at 0x7fe6feda9370>,48,14,[4 7],49,-1,75,-1,61
1,<environment.Job instance at 0x7fe6fedb2960>,37,3,[7 4],38,-1,64,-1,61
1,<environment.Job instance at 0x7fe6feda9410>,50,27,[3 8],51,-1,94,-1,67
1,<environment.Job instance at 0x7fe6feda9050>,46,15,[3 5],47,-1,82,-1,67
1,<environment.Job instance at 0x7fe6feda94b0>,51,16,[ 3 14],52,-1,83,-1,67
1,<environment.Job instance at 0x7fe6feda9730>,54,19,[6 5],55,-1,87,-1,68
1,<environment.Job instance at 0x7fe6feda9550>,52,12,[7 2],53,-1,80,-1,68
1,<environment.Job instance at 0x7fe6feda9910>,57,13,[7 4],58,-1,81,-1,68
1,<environment.Job instance at 0x7fe6feda9690>,55,18,[4 5],56,-1,86,-1,68
1,<environment.Job instance at 0x7fe6feda9c30>,60,20,[7 1],61,-1,88,-1,68
1,<environment.Job instance at 0x7fe6fedc1550>,14,18,[1 9],15,-1,86,-1,68
1,<environment.Job instance at 0x7fe6feda9e10>,64,1,[10  3],65,-1,69,-1,68
1,<environment.Job instance at 0x7fe6fedd30a0>,66,14,[8 2],67,-1,83,-1,69
1,<environment.Job instance at 0x7fe6feda93c0>,49,2,[4 6],50,-1,71,-1,69
1,<environment.Job instance at 0x7fe6feda9be0>,62,1,[9 3],63,-1,70,-1,69
1,<environment.Job instance at 0x7fe6fedd3640>,68,12,[6 1],69,-1,81,-1,69
1,<environment.Job instance at 0x7fe6fedd3230>,67,3,[6 5],68,-1,72,-1,69
1,<environment.Job instance at 0x7fe6fedd3730>,69,16,[1 8],70,-1,86,-1,70
1,<environment.Job instance at 0x7fe6fedd3820>,71,17,[ 3 10],72,-1,89,-1,72
1,<environment.Job instance at 0x7fe6fedd3a00>,72,12,[3 6],73,-1,85,-1,73
1,<environment.Job instance at 0x7fe6fedd3aa0>,74,17,[4 5],75,-1,92,-1,75
1,<environment.Job instance at 0x7fe6fed9c2d0>,81,13,[ 3 10],82,-1,95,-1,82
1,<environment.Job instance at 0x7fe6fed9c0a0>,82,28,[1 7],83,-1,111,-1,83
1,<environment.Job instance at 0x7fe6fed9c320>,83,16,[5 5],84,-1,100,-1,84
1,<environment.Job instance at 0x7fe6fed9c690>,84,18,[7 5],85,-1,103,-1,85
1,<environment.Job instance at 0x7fe6fed9c5f0>,85,26,[ 4 10],86,-1,113,-1,87
1,<environment.Job instance at 0x7fe6fed9c780>,87,16,[7 4],88,-1,105,-1,89
1,<environment.Job instance at 0x7fe6fed9c8c0>,89,22,[12  5],90,-1,112,-1,90
1,<environment.Job instance at 0x7fe6fed9c820>,88,12,[8 2],89,-1,102,-1,90
1,<environment.Job instance at 0x7fe6fed9caa0>,91,17,[ 3 10],92,-1,110,-1,93
1,<environment.Job instance at 0x7fe6fed9ce10>,96,15,[9 4],97,-1,112,-1,97
1,<environment.Job instance at 0x7fe6fedc6140>,97,17,[8 2],98,-1,115,-1,98
1,<environment.Job instance at 0x7fe6fed9cb90>,92,14,[1 7],93,-1,115,-1,101
1,<environment.Job instance at 0x7fe6fedc6640>,103,16,[9 3],104,-1,123,-1,107
1,<environment.Job instance at 0x7fe6fedc25a0>,108,19,[5 8],109,-1,128,-1,109
1,<environment.Job instance at 0x7fe6fec75690>,5,26,[14  3],6,-1,32,-1,6
1,<environment.Job instance at 0x7fe6fec4bcd0>,7,28,[6 3],8,-1,43,-1,15
1,<environment.Job instance at 0x7fe6fe10a9b0>,16,2,[14  2],17,-1,34,-1,32
1,<environment.Job instance at 0x7fe6ff6bfcd0>,17,3,[13  2],18,-1,35,-1,32
1,<environment.Job instance at 0x7fe6feb773c0>,29,18,[13  1],30,-1,76,-1,58
1,<environment.Job instance at 0x7fe6feb77460>,32,25,[2 8],33,-1,107,-1,82
1,<environment.Job instance at 0x7fe6feb77f00>,34,15,[ 3 14],35,-1,97,-1,82
1,<environment.Job instance at 0x7fe6ff1543c0>,40,12,[ 3 11],41,-1,109,-1,97
1,<environment.Job instance at 0x7fe6ff1540f0>,41,28,[1 5],42,-1,125,-1,97
1,<environment.Job instance at 0x7fe6fe34b0a0>,50,27,[3 8],51,-1,164,-1,137
1,<environment.Job instance at 0x7fe6fe34bb40>,51,16,[ 3 14],52,-1,153,-1,137
1,<environment.Job instance at 0x7fe6fedb18c0>,61,1,[12  2],62,-1,159,-1,158
1,<environment.Job instance at 0x7fe6fe8e54b0>,1,26,[6 3],2,-1,28,-1,2
1,<environment.Job instance at 0x7fe6fe8e5460>,3,17,[10  5],4,-1,21,-1,4
1,<environment.Job instance at 0x7fe6fe7fc9b0>,6,17,[10  5],7,-1,24,-1,7
1,<environment.Job instance at 0x7fe6ff060c80>,12,17,[4 9],13,-1,30,-1,13
1,<environment.Job instance at 0x7fe6ff0607d0>,15,27,[8 5],16,-1,43,-1,16
1,<environment.Job instance at 0x7fe6fe013230>,16,22,[9 5],17,-1,39,-1,17
1,<environment.Job instance at 0x7fe6fe8cad20>,17,17,[5 5],18,-1,35,-1,18
1,<environment.Job instance at 0x7fe6ff67a410>,18,24,[7 4],19,-1,43,-1,19
1,<environment.Job instance at 0x7fe6feb8e370>,19,18,[1 5],20,-1,38,-1,20
1,<environment.Job instance at 0x7fe6fe81ac30>,21,14,[10  4],22,-1,38,-1,24
1,<environment.Job instance at 0x7fe6fed11780>,24,1,[5 4],25,-1,26,-1,25
1,<environment.Job instance at 0x7fe707f3bb90>,30,14,[2 7],31,-1,45,-1,31
1,<environment.Job instance at 0x7fe6fe8ffb90>,1,26,[6 3],2,-1,28,-1,2
1,<environment.Job instance at 0x7fe6ff813690>,7,1,[ 5 12],8,-1,9,-1,8
1,<environment.Job instance at 0x7fe6ff813eb0>,9,3,[12  2],10,-1,17,-1,14
1,<environment.Job instance at 0x7fe6fe3e8050>,11,3,[11  1],12,-1,18,-1,15
1,<environment.Job instance at 0x7fe7082581e0>,15,27,[8 5],16,-1,46,-1,19
1,<environment.Job instance at 0x7fe6ff8165f0>,18,24,[7 4],19,-1,43,-1,19
1,<environment.Job instance at 0x7fe6ff672460>,27,13,[ 2 13],28,-1,63,-1,50
1,<environment.Job instance at 0x7fe707e9c320>,28,17,[ 1 13],29,-1,67,-1,50
1,<environment.Job instance at 0x7fe6ff96b550>,29,2,[12  1],30,-1,52,-1,50
1,<environment.Job instance at 0x7fe6ff955cd0>,31,24,[ 3 14],32,-1,76,-1,52
1,<environment.Job instance at 0x7fe6fe5f44b0>,38,13,[14  1],39,-1,69,-1,56
1,<environment.Job instance at 0x7fe6fe5f4dc0>,41,15,[ 3 13],42,-1,74,-1,59
1,<environment.Job instance at 0x7fe6fe5f4eb0>,46,26,[ 4 10],47,-1,124,-1,98
1,<environment.Job instance at 0x7fe6ff37e780>,51,3,[ 2 12],52,-1,104,-1,101
1,<environment.Job instance at 0x7fe6fed0e8c0>,55,13,[13  4],56,-1,127,-1,114
1,<environment.Job instance at 0x7fe6fed0e140>,56,25,[ 3 12],57,-1,139,-1,114
1,<environment.Job instance at 0x7fe6ff7dc7d0>,64,25,[7 4],65,-1,158,-1,133
1,<environment.Job instance at 0x7fe6ff92e190>,66,28,[6 2],67,-1,164,-1,136
1,<environment.Job instance at 0x7fe6fedb6e60>,70,1,[ 2 11],71,-1,139,-1,138
1,<environment.Job instance at 0x7fe7084d90f0>,72,14,[ 4 14],73,-1,153,-1,139
1,<environment.Job instance at 0x7fe6fe1cdeb0>,80,18,[ 2 13],81,-1,191,-1,173
1,<environment.Job instance at 0x7fe6febc0410>,0,13,[9 4],1,-1,16,-1,3
1,<environment.Job instance at 0x7fe6febc0b90>,2,24,[2 9],3,-1,27,-1,3
1,<environment.Job instance at 0x7fe6febc0780>,4,15,[ 5 10],5,-1,20,-1,5
1,<environment.Job instance at 0x7fe6febc0eb0>,7,16,[5 7],8,-1,24,-1,8
1,<environment.Job instance at 0x7fe6febc0500>,9,18,[1 9],10,-1,28,-1,10
1,<environment.Job instance at 0x7fe6febc0730>,10,16,[9 3],11,-1,29,-1,13
1,<environment.Job instance at 0x7fe6febc0140>,12,17,[8 1],13,-1,30,-1,13
1,<environment.Job instance at 0x7fe6fefa0820>,17,16,[5 9],18,-1,34,-1,18
1,<environment.Job instance at 0x7fe6fefa0e10>,18,16,[7 3],19,-1,35,-1,19
1,<environment.Job instance at 0x7fe6fefa00f0>,19,20,[5 3],20,-1,40,-1,20
1,<environment.Job instance at 0x7fe6fefa0640>,21,17,[4 6],22,-1,39,-1,22
1,<environment.Job instance at 0x7fe6fefa0870>,24,14,[10  2],25,-1,40,-1,26
1,<environment.Job instance at 0x7fe6fefa0e60>,25,23,[1 8],26,-1,49,-1,26
1,<environment.Job instance at 0x7fe6ff03b4b0>,34,18,[2 6],35,-1,53,-1,35
1,<environment.Job instance at 0x7fe6ff103320>,35,18,[4 6],36,-1,54,-1,36
1,<environment.Job instance at 0x7fe6fee09050>,38,19,[3 9],39,-1,58,-1,39
1,<environment.Job instance at 0x7fe6fee09140>,41,18,[1 8],42,-1,61,-1,43
1,<environment.Job instance at 0x7fe6fdf696e0>,43,17,[6 4],44,-1,61,-1,44
1,<environment.Job instance at 0x7fe6fdf69dc0>,44,26,[8 5],45,-1,71,-1,45
1,<environment.Job instance at 0x7fe6fdf690a0>,47,17,[4 8],48,-1,65,-1,48
1,<environment.Job instance at 0x7fe6fe73ceb0>,50,22,[6 2],51,-1,73,-1,51
1,<environment.Job instance at 0x7fe6fe459e60>,53,24,[3 7],54,-1,78,-1,54
1,<environment.Job instance at 0x7fe6fe73ccd0>,54,16,[10  1],55,-1,72,-1,56
1,<environment.Job instance at 0x7fe6fe9a6190>,56,3,[4 7],57,-1,60,-1,57
1,<environment.Job instance at 0x7fe6fe4595a0>,55,18,[7 3],56,-1,75,-1,57
1,<environment.Job instance at 0x7fe7080b6190>,59,18,[3 7],60,-1,78,-1,60
1,<environment.Job instance at 0x7fe6fedfe370>,60,3,[ 4 10],61,-1,64,-1,61
1,<environment.Job instance at 0x7fe6fef76960>,65,18,[6 3],66,-1,85,-1,67
1,<environment.Job instance at 0x7fe6fe47e0a0>,68,18,[5 8],69,-1,87,-1,69
1,<environment.Job instance at 0x7fe707f5f140>,71,18,[10  3],72,-1,90,-1,72
1,<environment.Job instance at 0x7fe6ff832550>,73,15,[5 6],74,-1,89,-1,74
1,<environment.Job instance at 0x7fe6ff67a960>,75,25,[ 4 10],76,-1,101,-1,76
1,<environment.Job instance at 0x7fe6ff67a7d0>,77,14,[10  2],78,-1,92,-1,78
1,<environment.Job instance at 0x7fe6ff67ae10>,78,15,[4 6],79,-1,94,-1,79
1,<environment.Job instance at 0x7fe6ff47e730>,86,18,[6 4],87,-1,105,-1,87
1,<environment.Job instance at 0x7fe6fe581cd0>,87,18,[ 5 10],88,-1,106,-1,88
1,<environment.Job instance at 0x7fe6ff368550>,91,27,[4 5],92,-1,119,-1,92
1,<environment.Job instance at 0x7fe6ff3688c0>,92,14,[5 7],93,-1,107,-1,93
1,<environment.Job instance at 0x7fe6ff368370>,93,15,[7 4],94,-1,109,-1,94
1,<environment.Job instance at 0x7fe6ff368b40>,94,14,[3 5],95,-1,109,-1,95
1,<environment.Job instance at 0x7fe6ff3689b0>,95,18,[1 8],96,-1,114,-1,96
1,<environment.Job instance at 0x7fe6ff36d9b0>,62,16,[ 4 12],63,-1,120,-1,104
1,<environment.Job instance at 0x7fe6fef99a00>,66,15,[14  5],67,-1,119,-1,104
1,<environment.Job instance at 0x7fe6ff3fe9b0>,105,17,[9 3],106,-1,124,-1,107
1,<environment.Job instance at 0x7fe6fee25550>,107,21,[2 8],108,-1,129,-1,108
1,<environment.Job instance at 0x7fe6fee25410>,108,17,[8 2],109,-1,126,-1,109
1,<environment.Job instance at 0x7fe6fee25eb0>,110,15,[8 1],111,-1,126,-1,111
1,<environment.Job instance at 0x7fe6feec6f00>,112,14,[3 7],113,-1,132,-1,118
1,<environment.Job instance at 0x7fe6ff3fe370>,106,14,[13  3],107,-1,154,-1,140
1,<environment.Job instance at 0x7fe7082a35f0>,101,15,[2 9],102,-1,155,-1,140
1,<environment.Job instance at 0x7fe6fe467780>,130,16,[3 9],131,-1,156,-1,140
1,<environment.Job instance at 0x7fe6fdfcab90>,133,21,[9 1],134,-1,161,-1,140
1,<environment.Job instance at 0x7fe6fdfca5a0>,134,18,[2 6],135,-1,159,-1,141
1,<environment.Job instance at 0x7fe6fdfcafa0>,135,23,[4 8],136,-1,164,-1,141
1,<environment.Job instance at 0x7fe6fdf523c0>,137,17,[8 3],138,-1,158,-1,141
1,<environment.Job instance at 0x7fe6ff67ac80>,2,24,[2 9],3,-1,29,-1,5
1,<environment.Job instance at 0x7fe6fe013050>,25,23,[1 8],26,-1,98,-1,75
1,<environment.Job instance at 0x7fe6fe08e6e0>,28,13,[ 5 13],29,-1,88,-1,75
1,<environment.Job instance at 0x7fe6fdfa1730>,32,3,[ 5 13],33,-1,85,-1,82
1,<environment.Job instance at 0x7fe6ff907e10>,44,26,[8 5],45,-1,157,-1,131
1,<environment.Job instance at 0x7fe6ff87c230>,53,24,[3 7],54,-1,166,-1,142
1,<environment.Job instance at 0x7fe6fe49f730>,61,3,[14  4],62,-1,173,-1,170
1,<environment.Job instance at 0x7fe6fe5252d0>,62,16,[ 4 12],63,-1,186,-1,170
1,<environment.Job instance at 0x7fe6fe9d4c80>,66,15,[14  5],67,-1,189,-1,174
1,<environment.Job instance at 0x7fe6fe72c820>,4,17,[7 5],5,-1,22,-1,5
1,<environment.Job instance at 0x7fe6fe2d5730>,6,14,[ 4 10],7,-1,21,-1,7
1,<environment.Job instance at 0x7fe6ff711640>,12,16,[2 9],13,-1,29,-1,13
1,<environment.Job instance at 0x7fe6ff726cd0>,13,16,[1 8],14,-1,30,-1,14
1,<environment.Job instance at 0x7fe6ff726370>,14,15,[9 3],15,-1,31,-1,16
1,<environment.Job instance at 0x7fe6fe8740a0>,17,25,[9 5],18,-1,43,-1,18
1,<environment.Job instance at 0x7fe6ff435050>,15,15,[4 8],16,-1,34,-1,19
1,<environment.Job instance at 0x7fe6fedad550>,24,13,[5 6],25,-1,38,-1,25
1,<environment.Job instance at 0x7fe6fe8ca730>,31,14,[9 1],32,-1,47,-1,33
1,<environment.Job instance at 0x7fe6ff15e6e0>,33,15,[4 9],34,-1,49,-1,34
1,<environment.Job instance at 0x7fe6fe7ddf50>,36,18,[2 5],37,-1,55,-1,37
1,<environment.Job instance at 0x7fe6fe7dd0f0>,38,27,[4 6],39,-1,66,-1,39
1,<environment.Job instance at 0x7fe6fe8ff7d0>,43,12,[10  3],44,-1,56,-1,44
1,<environment.Job instance at 0x7fe6fe8ff780>,44,14,[10  2],45,-1,60,-1,46
1,<environment.Job instance at 0x7fe6fe6d2eb0>,51,18,[1 6],52,-1,70,-1,52
1,<environment.Job instance at 0x7fe6ff060b90>,52,17,[5 2],53,-1,70,-1,53
1,<environment.Job instance at 0x7fe6ff0609b0>,53,14,[8 5],54,-1,68,-1,54
1,<environment.Job instance at 0x7fe6fdf619b0>,55,18,[5 8],56,-1,74,-1,56
1,<environment.Job instance at 0x7fe6fdf61f50>,57,16,[3 5],58,-1,74,-1,58
1,<environment.Job instance at 0x7fe6fe4de8c0>,59,18,[5 6],60,-1,78,-1,60
1,<environment.Job instance at 0x7fe6fe4defa0>,61,15,[2 9],62,-1,84,-1,69
1,<environment.Job instance at 0x7fe6ff1e2550>,73,16,[8 3],74,-1,90,-1,74
1,<environment.Job instance at 0x7fe6ff1e2320>,75,18,[4 6],76,-1,94,-1,76
1,<environment.Job instance at 0x7fe6fe4de3c0>,62,16,[ 2 13],63,-1,95,-1,79
1,<environment.Job instance at 0x7fe6fe0e4140>,78,14,[3 9],79,-1,94,-1,80
1,<environment.Job instance at 0x7fe6fe0e4820>,80,28,[5 3],81,-1,109,-1,81
1,<environment.Job instance at 0x7fe6fe0e4370>,85,17,[5 8],86,-1,103,-1,86
1,<environment.Job instance at 0x7fe6ff009af0>,90,18,[2 5],91,-1,109,-1,91
1,<environment.Job instance at 0x7fe6ff009c30>,91,12,[10  4],92,-1,110,-1,98
1,<environment.Job instance at 0x7fe6ff009be0>,94,16,[3 6],95,-1,114,-1,98
1,<environment.Job instance at 0x7fe6ff1e24b0>,68,16,[10  1],69,-1,120,-1,104
1,<environment.Job instance at 0x7fe6ff009190>,96,18,[3 5],97,-1,122,-1,104
1,<environment.Job instance at 0x7fe6ff955c30>,104,14,[5 6],105,-1,119,-1,105
1,<environment.Job instance at 0x7fe6ff9557d0>,106,15,[9 1],107,-1,134,-1,119
1,<environment.Job instance at 0x7fe6ff009e60>,93,18,[7 3],94,-1,137,-1,119
1,<environment.Job instance at 0x7fe6fe4deb90>,63,27,[2 5],64,-1,146,-1,119
1,<environment.Job instance at 0x7fe6ff955410>,103,27,[6 3],104,-1,146,-1,119
1,<environment.Job instance at 0x7fe6fee2c5a0>,108,17,[7 3],109,-1,137,-1,120
1,<environment.Job instance at 0x7fe6fee2cdc0>,112,16,[8 2],113,-1,136,-1,120
1,<environment.Job instance at 0x7fe6feb0b1e0>,113,17,[4 5],114,-1,137,-1,120
1,<environment.Job instance at 0x7fe6fee2c8c0>,109,15,[1 7],110,-1,135,-1,120
1,<environment.Job instance at 0x7fe6feb0ba00>,115,14,[10  5],116,-1,134,-1,120
1,<environment.Job instance at 0x7fe6fe4dedc0>,60,26,[ 5 14],61,-1,151,-1,125
1,<environment.Job instance at 0x7fe6feb0b410>,119,28,[3 9],120,-1,153,-1,125
1,<environment.Job instance at 0x7fe6feb0b870>,121,18,[ 3 10],122,-1,147,-1,129
1,<environment.Job instance at 0x7fe6feb0b050>,118,14,[9 1],119,-1,143,-1,129
1,<environment.Job instance at 0x7fe6feb0b0f0>,120,13,[10  2],121,-1,142,-1,129
1,<environment.Job instance at 0x7fe6ff299aa0>,125,25,[10  4],126,-1,154,-1,129
1,<environment.Job instance at 0x7fe6ff299780>,126,17,[ 5 10],127,-1,146,-1,129
1,<environment.Job instance at 0x7fe6ff299b90>,123,16,[5 3],124,-1,147,-1,131
1,<environment.Job instance at 0x7fe6ff2997d0>,127,17,[1 9],128,-1,148,-1,131
1,<environment.Job instance at 0x7fe6ff299460>,128,17,[1 7],129,-1,152,-1,135
1,<environment.Job instance at 0x7fe6fe2bfaa0>,134,16,[2 6],135,-1,151,-1,135
1,<environment.Job instance at 0x7fe6fe2bf4b0>,140,18,[7 3],141,-1,159,-1,141
1,<environment.Job instance at 0x7fe6fe2bf3c0>,142,14,[6 4],143,-1,161,-1,147
1,<environment.Job instance at 0x7fe6fedb6690>,147,15,[6 5],148,-1,166,-1,151
1,<environment.Job instance at 0x7fe6ff2995f0>,122,12,[13  5],123,-1,164,-1,152
1,<environment.Job instance at 0x7fe6fe508910>,0,1,[ 2 14],1,-1,2,-1,1
1,<environment.Job instance at 0x7fe6fe0e4960>,17,25,[9 5],18,-1,63,-1,38
1,<environment.Job instance at 0x7fe6fe0e4910>,18,2,[ 1 13],19,-1,40,-1,38
1,<environment.Job instance at 0x7fe6fe2f9b40>,25,15,[ 3 14],26,-1,58,-1,43
1,<environment.Job instance at 0x7fe6fe72f410>,28,15,[ 5 14],29,-1,70,-1,55
1,<environment.Job instance at 0x7fe6ff955370>,37,2,[ 1 11],38,-1,88,-1,86
1,<environment.Job instance at 0x7fe6ff955a50>,38,27,[4 6],39,-1,127,-1,100
1,<environment.Job instance at 0x7fe707e991e0>,60,26,[ 5 14],61,-1,182,-1,156
1,<environment.Job instance at 0x7fe6fe9bb1e0>,62,16,[ 2 13],63,-1,175,-1,159
1,<environment.Job instance at 0x7fe6fe9bb8c0>,63,27,[2 5],64,-1,196,-1,169
1,<environment.Job instance at 0x7fe6fe74d8c0>,3,26,[9 5],4,-1,30,-1,4
1,<environment.Job instance at 0x7fe6feb79eb0>,12,16,[ 5 10],13,-1,33,-1,17
1,<environment.Job instance at 0x7fe6feb59050>,17,18,[7 4],18,-1,36,-1,18
1,<environment.Job instance at 0x7fe6feb592d0>,16,13,[ 1 10],17,-1,38,-1,25
1,<environment.Job instance at 0x7fe6ff515820>,24,19,[3 6],25,-1,44,-1,25
1,<environment.Job instance at 0x7fe6fed874b0>,29,17,[8 4],30,-1,49,-1,32
1,<environment.Job instance at 0x7fe6fdf50d70>,31,16,[3 6],32,-1,49,-1,33
1,<environment.Job instance at 0x7fe6fe773140>,19,18,[14  4],20,-1,51,-1,33
1,<environment.Job instance at 0x7fe707f38aa0>,30,15,[4 8],31,-1,48,-1,33
1,<environment.Job instance at 0x7fe6feb96cd0>,32,12,[11  5],33,-1,59,-1,47
1,<environment.Job instance at 0x7fe6ff32bc30>,41,15,[5 5],42,-1,62,-1,47
1,<environment.Job instance at 0x7fe6febbe370>,43,18,[8 4],44,-1,71,-1,53
1,<environment.Job instance at 0x7fe6feb79230>,42,16,[3 5],43,-1,69,-1,53
1,<environment.Job instance at 0x7fe6feb6dc30>,37,2,[6 3],38,-1,55,-1,53
1,<environment.Job instance at 0x7fe6fe7736e0>,21,13,[ 2 13],22,-1,67,-1,54
1,<environment.Job instance at 0x7fe6ff4f6d70>,48,15,[7 4],49,-1,69,-1,54
1,<environment.Job instance at 0x7fe6ff21dc80>,47,13,[9 3],48,-1,67,-1,54
1,<environment.Job instance at 0x7fe6ff4f65a0>,50,15,[2 7],51,-1,69,-1,54
1,<environment.Job instance at 0x7fe6ff4f6780>,51,12,[5 8],52,-1,67,-1,55
1,<environment.Job instance at 0x7fe6ff50f230>,59,13,[11  2],60,-1,73,-1,60
1,<environment.Job instance at 0x7fe6febc9230>,65,16,[9 5],66,-1,89,-1,73
1,<environment.Job instance at 0x7fe6febc9870>,66,24,[8 4],67,-1,97,-1,73
1,<environment.Job instance at 0x7fe6febc9c80>,64,17,[ 3 11],65,-1,90,-1,73
1,<environment.Job instance at 0x7fe6fdf50af0>,27,13,[2 9],28,-1,86,-1,73
1,<environment.Job instance at 0x7fe6febc97d0>,67,17,[8 3],68,-1,90,-1,73
1,<environment.Job instance at 0x7fe6ff516550>,74,22,[10  1],75,-1,97,-1,75
1,<environment.Job instance at 0x7fe6feb937d0>,69,15,[3 9],70,-1,91,-1,76
1,<environment.Job instance at 0x7fe6ff51de10>,81,12,[7 4],82,-1,99,-1,87
1,<environment.Job instance at 0x7fe6ff51d5f0>,82,15,[ 2 13],83,-1,102,-1,87
1,<environment.Job instance at 0x7fe6ff4f68c0>,54,13,[5 6],55,-1,100,-1,87
1,<environment.Job instance at 0x7fe6ff51da50>,83,13,[4 7],84,-1,101,-1,88
1,<environment.Job instance at 0x7fe6ff516640>,78,15,[ 3 10],79,-1,103,-1,88
1,<environment.Job instance at 0x7fe6fdf62410>,89,17,[5 3],90,-1,107,-1,90
1,<environment.Job instance at 0x7fe6fe086d70>,3,26,[9 5],4,-1,30,-1,4
1,<environment.Job instance at 0x7fe6fe945a00>,6,3,[ 2 12],7,-1,10,-1,7
1,<environment.Job instance at 0x7fe6fe91cfa0>,8,16,[12  5],9,-1,25,-1,9
1,<environment.Job instance at 0x7fe6fe91c4b0>,9,25,[4 9],10,-1,35,-1,10
1,<environment.Job instance at 0x7fe6fe925190>,13,2,[ 3 12],14,-1,16,-1,14
1,<environment.Job instance at 0x7fe6fe93cb90>,19,18,[14  4],20,-1,38,-1,20
1,<environment.Job instance at 0x7fe6ff1fb140>,21,13,[ 2 13],22,-1,35,-1,22
1,<environment.Job instance at 0x7fe6fe948aa0>,22,3,[ 2 14],23,-1,26,-1,23
1,<environment.Job instance at 0x7fe6fe915b40>,32,12,[11  5],33,-1,69,-1,57
1,<environment.Job instance at 0x7fe6ff200fa0>,59,13,[11  2],60,-1,169,-1,156
1,<environment.Job instance at 0x7fe6fe910f00>,62,2,[ 5 13],63,-1,163,-1,161
1,<environment.Job instance at 0x7fe6fe6bdb90>,64,17,[ 3 11],65,-1,180,-1,163
1,<environment.Job instance at 0x7fe6ff16a3c0>,66,24,[8 4],67,-1,192,-1,168
1,<environment.Job instance at 0x7fe6ff5158c0>,1,18,[4 9],2,-1,20,-1,2
1,<environment.Job instance at 0x7fe6ff515690>,11,14,[4 7],12,-1,27,-1,13
1,<environment.Job instance at 0x7fe6ff515c30>,12,17,[ 5 13],13,-1,30,-1,13
1,<environment.Job instance at 0x7fe6ff515280>,14,17,[5 4],15,-1,33,-1,16
1,<environment.Job instance at 0x7fe6ff515320>,16,18,[6 5],17,-1,35,-1,17
1,<environment.Job instance at 0x7fe6ff515dc0>,17,14,[10  5],18,-1,35,-1,21
1,<environment.Job instance at 0x7fe6ff5054b0>,22,16,[5 8],23,-1,39,-1,23
1,<environment.Job instance at 0x7fe6ff505fa0>,23,22,[7 2],24,-1,48,-1,26
1,<environment.Job instance at 0x7fe6ff505410>,28,14,[ 5 10],29,-1,43,-1,29
1,<environment.Job instance at 0x7fe6ff516460>,33,15,[5 5],34,-1,49,-1,34
1,<environment.Job instance at 0x7fe6ff5168c0>,34,13,[ 2 10],35,-1,48,-1,35
1,<environment.Job instance at 0x7fe6ff516e60>,36,18,[5 5],37,-1,55,-1,37
1,<environment.Job instance at 0x7fe6ff516410>,37,18,[9 5],38,-1,56,-1,38
1,<environment.Job instance at 0x7fe6ff516cd0>,39,14,[1 9],40,-1,54,-1,40
1,<environment.Job instance at 0x7fe6ff30c2d0>,41,16,[2 9],42,-1,58,-1,42
1,<environment.Job instance at 0x7fe6ff30cfa0>,42,16,[5 4],43,-1,59,-1,43
1,<environment.Job instance at 0x7fe723a77dc0>,43,19,[7 4],44,-1,63,-1,44
1,<environment.Job instance at 0x7fe6feb795a0>,44,18,[9 3],45,-1,63,-1,45
1,<environment.Job instance at 0x7fe6feea5c80>,6,1,[ 5 14],7,-1,8,-1,7
1,<environment.Job instance at 0x7fe6ff3540f0>,7,18,[ 5 13],8,-1,26,-1,8
1,<environment.Job instance at 0x7fe6fe122f50>,12,17,[ 5 13],13,-1,37,-1,20
1,<environment.Job instance at 0x7fe6fe122be0>,13,12,[ 5 12],14,-1,32,-1,20
1,<environment.Job instance at 0x7fe7084e05a0>,31,18,[14  1],32,-1,96,-1,78
1,<environment.Job instance at 0x7fe6fe342b90>,38,18,[ 1 13],39,-1,114,-1,96
1,<environment.Job instance at 0x7fe6fe82f3c0>,45,26,[ 2 12],46,-1,154,-1,128
1,<environment.Job instance at 0x7fe6fe334500>,51,21,[ 5 14],52,-1,166,-1,145
1,<environment.Job instance at 0x7fe6fe334820>,52,1,[ 4 14],53,-1,146,-1,145
1,<environment.Job instance at 0x7fe7084dbaf0>,1,15,[9 1],2,-1,21,-1,6
1,<environment.Job instance at 0x7fe7084db2d0>,6,27,[4 9],7,-1,34,-1,7
1,<environment.Job instance at 0x7fe6ff96f0a0>,8,15,[2 9],9,-1,24,-1,9
1,<environment.Job instance at 0x7fe6ff96fcd0>,9,17,[1 9],10,-1,27,-1,10
1,<environment.Job instance at 0x7fe6ff96f230>,11,18,[8 3],12,-1,30,-1,12
1,<environment.Job instance at 0x7fe6ff3a16e0>,12,16,[4 9],13,-1,29,-1,13
1,<environment.Job instance at 0x7fe7084db320>,5,18,[3 5],6,-1,31,-1,13
1,<environment.Job instance at 0x7fe6ff3a15f0>,16,24,[8 3],17,-1,42,-1,18
1,<environment.Job instance at 0x7fe6ff3a1eb0>,20,14,[6 2],21,-1,35,-1,21
1,<environment.Job instance at 0x7fe6ff3a10f0>,22,16,[6 1],23,-1,39,-1,23
1,<environment.Job instance at 0x7fe6ff3a1e10>,24,18,[1 6],25,-1,43,-1,25
1,<environment.Job instance at 0x7fe6ff3a1690>,26,12,[10  3],27,-1,39,-1,27
1,<environment.Job instance at 0x7fe6ff3a1870>,27,13,[4 5],28,-1,41,-1,28
1,<environment.Job instance at 0x7fe6fe13c690>,28,16,[6 3],29,-1,45,-1,29
1,<environment.Job instance at 0x7fe6fe13c0a0>,29,18,[4 9],30,-1,48,-1,30
1,<environment.Job instance at 0x7fe6fe13c8c0>,31,18,[3 7],32,-1,50,-1,32
1,<environment.Job instance at 0x7fe6fe13ce10>,37,15,[5 2],38,-1,53,-1,38
1,<environment.Job instance at 0x7fe6fe13cc30>,38,15,[3 7],39,-1,54,-1,39
1,<environment.Job instance at 0x7fe6febc41e0>,40,15,[5 4],41,-1,56,-1,41
1,<environment.Job instance at 0x7fe6fe13c5f0>,41,15,[ 4 10],42,-1,57,-1,42
1,<environment.Job instance at 0x7fe6feba10f0>,42,18,[4 6],43,-1,61,-1,43
1,<environment.Job instance at 0x7fe6fe948c30>,54,18,[5 2],55,-1,87,-1,69
1,<environment.Job instance at 0x7fe6ff3a1c80>,17,15,[6 4],18,-1,85,-1,70
1,<environment.Job instance at 0x7fe6fe9489b0>,57,23,[8 5],58,-1,94,-1,71
1,<environment.Job instance at 0x7fe6fec22370>,64,25,[1 9],65,-1,103,-1,78
1,<environment.Job instance at 0x7fe6ff3a1be0>,18,12,[ 4 11],19,-1,93,-1,81
1,<environment.Job instance at 0x7fe6ff4f6dc0>,69,17,[6 1],70,-1,98,-1,81
1,<environment.Job instance at 0x7fe6ff501280>,50,15,[7 1],51,-1,96,-1,81
1,<environment.Job instance at 0x7fe6fec224b0>,59,15,[ 5 10],60,-1,96,-1,81
1,<environment.Job instance at 0x7fe6ff4f60f0>,70,17,[ 5 10],71,-1,99,-1,82
1,<environment.Job instance at 0x7fe6fe74d9b0>,95,16,[9 2],96,-1,185,-1,169
1,<environment.Job instance at 0x7fe6fe9623c0>,0,17,[ 4 12],1,-1,18,-1,1
1,<environment.Job instance at 0x7fe6fe256b90>,6,27,[4 9],7,-1,44,-1,17
1,<environment.Job instance at 0x7fe6ff1f1820>,15,13,[11  5],16,-1,48,-1,35
1,<environment.Job instance at 0x7fe6ff1f1730>,16,24,[8 3],17,-1,62,-1,38
1,<environment.Job instance at 0x7fe707e9e410>,18,12,[ 4 11],19,-1,50,-1,38
1,<environment.Job instance at 0x7fe6fe31efa0>,21,3,[ 3 11],22,-1,50,-1,47
1,<environment.Job instance at 0x7fe6fed14c80>,32,13,[ 4 11],33,-1,106,-1,93
1,<environment.Job instance at 0x7fe6fe23db40>,43,14,[12  2],44,-1,155,-1,141
1,<environment.Job instance at 0x7f0c520a56e0>,0,18,[ 2 10],1,-1,20,-1,2
1,<environment.Job instance at 0x7f0c48a5baf0>,3,18,[ 3 10],4,-1,22,-1,4
1,<environment.Job instance at 0x7f0c48a5bc80>,4,18,[10  4],5,-1,23,-1,5
1,<environment.Job instance at 0x7f0c48a5bb90>,5,13,[5 9],6,-1,19,-1,6
1,<environment.Job instance at 0x7f0c48a5bd20>,6,12,[11  4],7,-1,19,-1,7
1,<environment.Job instance at 0x7f0c48a5be60>,8,17,[ 2 10],9,-1,26,-1,9
1,<environment.Job instance at 0x7f0c48a5bf50>,9,17,[ 4 10],10,-1,27,-1,10
1,<environment.Job instance at 0x7f0c48a60370>,13,13,[1 8],14,-1,27,-1,14
1,<environment.Job instance at 0x7f0c48a607d0>,18,16,[8 5],19,-1,35,-1,19
1,<environment.Job instance at 0x7f0c48a60910>,19,17,[12  3],20,-1,37,-1,20
1,<environment.Job instance at 0x7f0c48a60c30>,23,18,[5 2],24,-1,42,-1,24
1,<environment.Job instance at 0x7f0c48a60f50>,26,22,[2 9],27,-1,49,-1,27
1,<environment.Job instance at 0x7f0c48a62410>,31,17,[4 9],32,-1,49,-1,32
1,<environment.Job instance at 0x7f0c48a62190>,32,17,[9 3],33,-1,50,-1,33
1,<environment.Job instance at 0x7f0c48a62960>,35,16,[8 1],36,-1,52,-1,36
1,<environment.Job instance at 0x7f0c48a62870>,37,14,[5 5],38,-1,52,-1,38
1,<environment.Job instance at 0x7f0c48a62c80>,38,12,[3 6],39,-1,51,-1,39
1,<environment.Job instance at 0x7f0c48a62af0>,39,18,[5 8],40,-1,58,-1,40
1,<environment.Job instance at 0x7f0c48a62dc0>,41,14,[6 1],42,-1,56,-1,42
1,<environment.Job instance at 0x7f0c48a62e10>,42,14,[8 4],43,-1,57,-1,43
1,<environment.Job instance at 0x7f0c48a62eb0>,43,28,[6 4],44,-1,72,-1,44
1,<environment.Job instance at 0x7f0c520a58c0>,1,15,[ 1 14],2,-1,64,-1,49
1,<environment.Job instance at 0x7f0c48a66be0>,55,17,[4 7],56,-1,73,-1,56
1,<environment.Job instance at 0x7f0c48a66d20>,56,18,[4 5],57,-1,76,-1,58
1,<environment.Job instance at 0x7f0c48a66f50>,59,14,[ 2 10],60,-1,75,-1,61
1,<environment.Job instance at 0x7f0c48a63280>,62,20,[9 1],63,-1,83,-1,63
1,<environment.Job instance at 0x7f0c48a63460>,63,15,[1 5],64,-1,79,-1,64
1,<environment.Job instance at 0x7f0c48a636e0>,67,26,[5 4],68,-1,94,-1,68
1,<environment.Job instance at 0x7f0c48a63910>,68,22,[5 6],69,-1,91,-1,69
1,<environment.Job instance at 0x7f0c48a63870>,69,13,[7 2],70,-1,83,-1,70
1,<environment.Job instance at 0x7f0c48a63a00>,70,18,[5 5],71,-1,89,-1,71
1,<environment.Job instance at 0x7f0c48a63b40>,72,14,[9 1],73,-1,87,-1,73
1,<environment.Job instance at 0x7f0c48a63f00>,76,13,[1 5],77,-1,90,-1,77
1,<environment.Job instance at 0x7f0c48a6b140>,77,15,[4 7],78,-1,93,-1,78
1,<environment.Job instance at 0x7f0c48a6b050>,78,19,[8 4],79,-1,98,-1,79
1,<environment.Job instance at 0x7f0c48a6b280>,79,17,[2 7],80,-1,97,-1,80
1,<environment.Job instance at 0x7f0c48a6b5a0>,82,3,[10  1],83,-1,86,-1,83
1,<environment.Job instance at 0x7f0c48a63190>,60,24,[ 3 10],61,-1,108,-1,84
1,<environment.Job instance at 0x7f0c48a6bb90>,91,16,[5 8],92,-1,116,-1,100
1,<environment.Job instance at 0x7f0c48aa6230>,95,23,[3 7],96,-1,123,-1,100
1,<environment.Job instance at 0x7f0c48a538c0>,100,18,[7 5],101,-1,127,-1,109
1,<environment.Job instance at 0x7f0c48b7faf0>,115,14,[9 1],116,-1,148,-1,134
1,<environment.Job instance at 0x7f0c48c030a0>,111,18,[ 3 13],112,-1,152,-1,134
1,<environment.Job instance at 0x7f0c48c03640>,116,15,[9 2],117,-1,149,-1,134
1,<environment.Job instance at 0x7f0c48c03910>,110,20,[5 7],111,-1,154,-1,134
1,<environment.Job instance at 0x7f0c48a53d70>,102,27,[ 3 13],103,-1,161,-1,134
1,<environment.Job instance at 0x7f0c48b1f960>,119,16,[1 8],120,-1,150,-1,134
1,<environment.Job instance at 0x7f0c48b51c30>,121,18,[11  5],122,-1,152,-1,134
1,<environment.Job instance at 0x7f0c48b775a0>,130,16,[9 3],131,-1,183,-1,167
1,<environment.Job instance at 0x7f0c48a60320>,1,15,[ 1 14],2,-1,17,-1,2
1,<environment.Job instance at 0x7f0c48a62690>,6,12,[11  4],7,-1,19,-1,7
1,<environment.Job instance at 0x7f0c48aa7690>,19,17,[12  3],20,-1,67,-1,50
1,<environment.Job instance at 0x7f0c48b4d230>,22,2,[12  3],23,-1,62,-1,60
1,<environment.Job instance at 0x7f0c48a493c0>,43,28,[6 4],44,-1,166,-1,138
1,<environment.Job instance at 0x7f0c48aa48c0>,44,17,[ 5 12],45,-1,155,-1,138
1,<environment.Job instance at 0x7f0c48ac7870>,50,27,[9 1],51,-1,179,-1,152
1,<environment.Job instance at 0x7f0c48ac7f50>,52,3,[ 3 11],53,-1,155,-1,152
1,<environment.Job instance at 0x7f0c48abfb90>,53,18,[ 4 12],54,-1,170,-1,152
1,<environment.Job instance at 0x7f0c48ab3a50>,60,24,[ 3 10],61,-1,209,-1,185
1,<environment.Job instance at 0x7f0c4847a820>,4,17,[10  5],5,-1,22,-1,5
1,<environment.Job instance at 0x7f0c4847af50>,5,16,[ 3 10],6,-1,22,-1,6
1,<environment.Job instance at 0x7f0c4847a7d0>,6,23,[5 8],7,-1,30,-1,7
1,<environment.Job instance at 0x7f0c485f5230>,12,14,[9 2],13,-1,28,-1,14
1,<environment.Job instance at 0x7f0c484bbc80>,13,27,[5 3],14,-1,41,-1,14
1,<environment.Job instance at 0x7f0c485f5140>,14,17,[10  2],15,-1,33,-1,16
1,<environment.Job instance at 0x7f0c484bef50>,16,13,[5 1],17,-1,30,-1,17
1,<environment.Job instance at 0x7f0c48472230>,17,1,[1 6],18,-1,19,-1,18
1,<environment.Job instance at 0x7f0c48472f50>,18,22,[9 2],19,-1,41,-1,19
1,<environment.Job instance at 0x7f0c484bebe0>,15,17,[5 9],16,-1,36,-1,19
1,<environment.Job instance at 0x7f0c48659be0>,20,17,[2 9],21,-1,38,-1,21
1,<environment.Job instance at 0x7f0c48545550>,22,17,[10  4],23,-1,43,-1,26
1,<environment.Job instance at 0x7f0c485458c0>,26,16,[7 2],27,-1,43,-1,27
1,<environment.Job instance at 0x7f0c48545910>,25,17,[8 1],26,-1,44,-1,27
1,<environment.Job instance at 0x7f0c48545a00>,27,18,[ 1 10],28,-1,47,-1,29
1,<environment.Job instance at 0x7f0c485456e0>,28,28,[7 4],29,-1,57,-1,29
1,<environment.Job instance at 0x7f0c484ce7d0>,35,17,[3 5],36,-1,54,-1,37
1,<environment.Job instance at 0x7f0c484ce910>,36,15,[ 5 10],37,-1,53,-1,38
1,<environment.Job instance at 0x7f0c484cea00>,38,16,[14  3],39,-1,55,-1,39
1,<environment.Job instance at 0x7f0c484d30f0>,42,16,[8 5],43,-1,59,-1,43
1,<environment.Job instance at 0x7f0c484d3230>,43,12,[3 8],44,-1,56,-1,44
1,<environment.Job instance at 0x7f0c484d3b40>,44,14,[8 5],45,-1,59,-1,45
1,<environment.Job instance at 0x7f0c484d32d0>,45,12,[2 6],46,-1,62,-1,50
1,<environment.Job instance at 0x7f0c484d3870>,51,16,[7 4],52,-1,72,-1,56
1,<environment.Job instance at 0x7f0c484d3370>,49,16,[9 4],50,-1,73,-1,57
1,<environment.Job instance at 0x7f0c520eb140>,53,18,[1 6],54,-1,79,-1,61
1,<environment.Job instance at 0x7f0c482dea00>,57,16,[2 8],58,-1,79,-1,63
1,<environment.Job instance at 0x7f0c484d3960>,50,28,[7 3],51,-1,91,-1,63
1,<environment.Job instance at 0x7f0c4832c140>,54,15,[9 5],55,-1,78,-1,63
1,<environment.Job instance at 0x7f0c482f40f0>,60,18,[8 5],61,-1,81,-1,63
1,<environment.Job instance at 0x7f0c4833af50>,58,12,[9 2],59,-1,76,-1,64
1,<environment.Job instance at 0x7f0c482f44b0>,64,17,[1 9],65,-1,82,-1,65
1,<environment.Job instance at 0x7f0c48077280>,69,12,[1 8],70,-1,87,-1,75
1,<environment.Job instance at 0x7f0c48077c30>,73,21,[9 5],74,-1,99,-1,78
1,<environment.Job instance at 0x7f0c480ad320>,76,22,[6 1],77,-1,100,-1,78
1,<environment.Job instance at 0x7f0c481c5c30>,68,12,[12  2],69,-1,90,-1,78
1,<environment.Job instance at 0x7f0c481c4b90>,62,13,[2 5],63,-1,92,-1,79
1,<environment.Job instance at 0x7f0c480120a0>,77,14,[3 5],78,-1,93,-1,79
1,<environment.Job instance at 0x7f0c48012960>,78,21,[5 1],79,-1,100,-1,79
1,<environment.Job instance at 0x7f0c480125a0>,82,17,[8 2],83,-1,101,-1,84
1,<environment.Job instance at 0x7f0c48012460>,81,18,[ 5 14],82,-1,111,-1,93
1,<environment.Job instance at 0x7f0c48011f00>,89,13,[5 7],90,-1,106,-1,93
1,<environment.Job instance at 0x7f0c48011960>,91,16,[6 2],92,-1,110,-1,94
1,<environment.Job instance at 0x7f0c48012b40>,83,18,[7 5],84,-1,112,-1,94
1,<environment.Job instance at 0x7f0c48010c30>,96,13,[3 6],97,-1,115,-1,102
1,<environment.Job instance at 0x7f0c4800e5f0>,103,18,[9 2],104,-1,136,-1,118
1,<environment.Job instance at 0x7f0c480be3c0>,74,18,[10  2],75,-1,137,-1,119
1,<environment.Job instance at 0x7f0c4800e370>,104,18,[ 5 10],105,-1,137,-1,119
1,<environment.Job instance at 0x7f0c4800e7d0>,98,17,[12  1],99,-1,136,-1,119
1,<environment.Job instance at 0x7f0c48192910>,110,17,[4 5],111,-1,141,-1,124
1,<environment.Job instance at 0x7f0c481bd230>,115,18,[9 5],116,-1,151,-1,133
1,<environment.Job instance at 0x7f0c481bd690>,117,17,[7 5],118,-1,161,-1,144
1,<environment.Job instance at 0x7f0c5220e140>,121,15,[10  3],122,-1,165,-1,150
1,<environment.Job instance at 0x7f0c481bddc0>,116,15,[7 3],117,-1,165,-1,150
1,<environment.Job instance at 0x7f0c4800ea50>,106,16,[5 7],107,-1,166,-1,150
1,<environment.Job instance at 0x7f0c520ce550>,124,16,[8 3],125,-1,166,-1,150
1,<environment.Job instance at 0x7f0c483dc640>,131,18,[ 4 13],132,-1,169,-1,151
1,<environment.Job instance at 0x7f0c520ce1e0>,127,14,[7 1],128,-1,165,-1,151
1,<environment.Job instance at 0x7f0c48090af0>,133,15,[7 4],134,-1,166,-1,151
1,<environment.Job instance at 0x7f0c480948c0>,129,17,[4 8],130,-1,168,-1,151
1,<environment.Job instance at 0x7f0c4800ba50>,136,15,[6 2],137,-1,168,-1,153
1,<environment.Job instance at 0x7f0c4800bbe0>,137,16,[ 5 13],138,-1,169,-1,153
1,<environment.Job instance at 0x7f0c484d3640>,48,18,[3 8],49,-1,173,-1,155
1,<environment.Job instance at 0x7f0c48012320>,6,23,[5 8],7,-1,45,-1,22
1,<environment.Job instance at 0x7f0c48303460>,11,2,[12  1],12,-1,24,-1,22
1,<environment.Job instance at 0x7f0c4800ecd0>,13,27,[5 3],14,-1,53,-1,26
1,<environment.Job instance at 0x7f0c48a7cb90>,19,3,[ 4 12],20,-1,38,-1,35
1,<environment.Job instance at 0x7f0c48a7cd70>,21,18,[ 5 11],22,-1,53,-1,35
1,<environment.Job instance at 0x7f0c48a7c140>,28,28,[7 4],29,-1,117,-1,89
1,<environment.Job instance at 0x7f0c48a79be0>,34,28,[9 1],35,-1,138,-1,110
1,<environment.Job instance at 0x7f0c48a79d70>,38,16,[14  3],39,-1,126,-1,110
1,<environment.Job instance at 0x7f0c48a79050>,50,28,[7 3],51,-1,206,-1,178
1,<environment.Job instance at 0x7f0c4824de10>,0,18,[4 8],1,-1,19,-1,1
1,<environment.Job instance at 0x7f0c4824d5a0>,5,18,[ 3 10],6,-1,24,-1,6
1,<environment.Job instance at 0x7f0c482606e0>,8,12,[8 2],9,-1,21,-1,9
1,<environment.Job instance at 0x7f0c48260190>,10,12,[1 5],11,-1,23,-1,11
1,<environment.Job instance at 0x7f0c48260eb0>,12,17,[9 1],13,-1,30,-1,13
1,<environment.Job instance at 0x7f0c48260780>,13,18,[8 1],14,-1,32,-1,14
1,<environment.Job instance at 0x7f0c4833a730>,15,27,[5 5],16,-1,43,-1,16
1,<environment.Job instance at 0x7f0c4833a1e0>,16,22,[2 8],17,-1,39,-1,17
1,<environment.Job instance at 0x7f0c4833a190>,17,20,[5 2],18,-1,38,-1,18
1,<environment.Job instance at 0x7f0c4833a5a0>,19,17,[2 6],20,-1,38,-1,21
1,<environment.Job instance at 0x7f0c4833a0f0>,22,17,[4 6],23,-1,40,-1,23
1,<environment.Job instance at 0x7f0c4833ae10>,23,27,[7 5],24,-1,51,-1,24
1,<environment.Job instance at 0x7f0c4833a7d0>,28,14,[2 7],29,-1,43,-1,29
1,<environment.Job instance at 0x7f0c4833ae60>,31,18,[5 7],32,-1,50,-1,32
1,<environment.Job instance at 0x7f0c4833a2d0>,32,13,[8 1],33,-1,46,-1,33
1,<environment.Job instance at 0x7f0c4833a780>,33,16,[3 5],34,-1,50,-1,34
1,<environment.Job instance at 0x7f0c483bea50>,35,25,[3 7],36,-1,61,-1,36
1,<environment.Job instance at 0x7f0c483be3c0>,37,14,[10  3],38,-1,52,-1,38
1,<environment.Job instance at 0x7f0c483be2d0>,38,13,[8 2],39,-1,52,-1,39
1,<environment.Job instance at 0x7f0c483be190>,42,13,[3 9],43,-1,56,-1,43
1,<environment.Job instance at 0x7f0c483bedc0>,45,16,[10  5],46,-1,62,-1,46
1,<environment.Job instance at 0x7f0c483be780>,47,14,[9 1],48,-1,62,-1,48
1,<environment.Job instance at 0x7f0c48610460>,48,21,[9 5],49,-1,70,-1,49
1,<environment.Job instance at 0x7f0c486105a0>,50,17,[9 4],51,-1,68,-1,51
1,<environment.Job instance at 0x7f0c4824d140>,20,16,[1 9],21,-1,76,-1,60
1,<environment.Job instance at 0x7f0c482010a0>,59,16,[ 5 13],60,-1,77,-1,61
1,<environment.Job instance at 0x7f0c48201eb0>,55,15,[5 7],56,-1,76,-1,61
1,<environment.Job instance at 0x7f0c482016e0>,57,16,[2 6],58,-1,77,-1,61
1,<environment.Job instance at 0x7f0c48192a50>,63,17,[1 8],64,-1,81,-1,64
1,<environment.Job instance at 0x7f0c48192dc0>,65,24,[3 9],66,-1,90,-1,66
1,<environment.Job instance at 0x7f0c48192f50>,66,17,[9 1],67,-1,84,-1,67
1,<environment.Job instance at 0x7f0c48192500>,69,16,[1 8],70,-1,86,-1,70
1,<environment.Job instance at 0x7f0c48192370>,72,17,[10  3],73,-1,93,-1,76
1,<environment.Job instance at 0x7f0c483be370>,44,12,[13  3],45,-1,93,-1,81
1,<environment.Job instance at 0x7f0c4818df00>,82,27,[5 5],83,-1,112,-1,85
1,<environment.Job instance at 0x7f0c4818d3c0>,81,15,[14  1],82,-1,104,-1,89
1,<environment.Job instance at 0x7f0c481892d0>,86,15,[ 5 10],87,-1,104,-1,89
1,<environment.Job instance at 0x7f0c48189280>,87,13,[6 5],88,-1,103,-1,90
1,<environment.Job instance at 0x7f0c4818d370>,84,25,[1 7],85,-1,116,-1,91
1,<environment.Job instance at 0x7f0c48192a00>,64,14,[ 3 14],65,-1,105,-1,91
1,<environment.Job instance at 0x7f0c48189af0>,89,14,[2 6],90,-1,106,-1,92
1,<environment.Job instance at 0x7f0c4818d500>,83,14,[3 6],84,-1,106,-1,92
1,<environment.Job instance at 0x7f0c48189b90>,92,12,[4 9],93,-1,105,-1,93
1,<environment.Job instance at 0x7f0c48610e60>,54,2,[5 3],55,-1,96,-1,94
1,<environment.Job instance at 0x7f0c481890a0>,93,18,[4 8],94,-1,112,-1,94
1,<environment.Job instance at 0x7f0c48189730>,94,17,[7 4],95,-1,112,-1,95
1,<environment.Job instance at 0x7f0c48189c30>,91,14,[1 9],92,-1,109,-1,95
1,<environment.Job instance at 0x7f0c48189230>,95,14,[7 3],96,-1,111,-1,97
1,<environment.Job instance at 0x7f0c48206d20>,96,27,[5 8],97,-1,124,-1,97
1,<environment.Job instance at 0x7f0c48206f50>,98,12,[5 6],99,-1,114,-1,102
1,<environment.Job instance at 0x7f0c48206230>,101,24,[4 8],102,-1,126,-1,102
1,<environment.Job instance at 0x7f0c480ad280>,105,19,[7 5],106,-1,126,-1,107
1,<environment.Job instance at 0x7f0c481b75f0>,107,12,[10  4],108,-1,123,-1,111
1,<environment.Job instance at 0x7f0c481632d0>,112,17,[2 5],113,-1,130,-1,113
1,<environment.Job instance at 0x7f0c481631e0>,115,2,[7 5],116,-1,135,-1,133
1,<environment.Job instance at 0x7f0c4902a0f0>,119,18,[5 8],120,-1,157,-1,139
1,<environment.Job instance at 0x7f0c480ff640>,110,14,[ 4 10],111,-1,163,-1,149
1,<environment.Job instance at 0x7f0c48841cd0>,121,24,[1 9],122,-1,173,-1,149
1,<environment.Job instance at 0x7f0c481c36e0>,127,23,[10  4],128,-1,172,-1,149
1,<environment.Job instance at 0x7f0c4800e0a0>,120,19,[2 7],121,-1,168,-1,149
1,<environment.Job instance at 0x7f0c480abcd0>,128,14,[3 8],129,-1,163,-1,149
1,<environment.Job instance at 0x7f0c481c3d70>,131,17,[5 7],132,-1,167,-1,150
1,<environment.Job instance at 0x7f0c48012d20>,134,13,[1 9],135,-1,174,-1,161
1,<environment.Job instance at 0x7f0c4884af00>,135,16,[4 5],136,-1,177,-1,161
1,<environment.Job instance at 0x7f0c483be320>,3,2,[ 3 14],4,-1,6,-1,4
1,<environment.Job instance at 0x7f0c481897d0>,14,3,[ 3 12],15,-1,34,-1,31
1,<environment.Job instance at 0x7f0c481899b0>,15,27,[5 5],16,-1,62,-1,35
1,<environment.Job instance at 0x7f0c48820e10>,18,13,[14  4],19,-1,49,-1,36
1,<environment.Job instance at 0x7f0c48018190>,24,13,[14  5],25,-1,60,-1,47
1,<environment.Job instance at 0x7f0c482af730>,23,27,[7 5],24,-1,91,-1,64
1,<environment.Job instance at 0x7f0c48012a00>,35,25,[3 7],36,-1,119,-1,94
1,<environment.Job instance at 0x7f0c48f94b90>,40,1,[ 4 12],41,-1,108,-1,107
1,<environment.Job instance at 0x7f0c4882af00>,44,12,[13  3],45,-1,133,-1,121
1,<environment.Job instance at 0x7f0c487f61e0>,49,3,[12  1],50,-1,142,-1,139
1,<environment.Job instance at 0x7f0c487d9410>,59,16,[ 5 13],60,-1,192,-1,176
1,<environment.Job instance at 0x7f0c480e90a0>,64,14,[ 3 14],65,-1,198,-1,184
1,<environment.Job instance at 0x7f0c47fcf500>,5,17,[ 5 10],6,-1,24,-1,7
1,<environment.Job instance at 0x7f0c47fcf5f0>,8,16,[9 2],9,-1,25,-1,9
1,<environment.Job instance at 0x7f0c47fd0050>,19,3,[4 9],20,-1,27,-1,24
1,<environment.Job instance at 0x7f0c48289be0>,6,17,[ 1 10],7,-1,42,-1,25
1,<environment.Job instance at 0x7f0c47fd00f0>,21,15,[1 9],22,-1,41,-1,26
1,<environment.Job instance at 0x7f0c47fd0190>,22,17,[2 5],23,-1,43,-1,26
1,<environment.Job instance at 0x7f0c47fd0230>,23,3,[1 8],24,-1,29,-1,26
1,<environment.Job instance at 0x7f0c47fcfeb0>,17,17,[3 8],18,-1,43,-1,26
1,<environment.Job instance at 0x7f0c47fcf730>,9,28,[1 8],10,-1,54,-1,26
1,<environment.Job instance at 0x7f0c47fd0640>,28,17,[2 7],29,-1,46,-1,29
1,<environment.Job instance at 0x7f0c47fcff50>,20,13,[10  4],21,-1,43,-1,30
1,<environment.Job instance at 0x7f0c47fd06e0>,29,14,[4 9],30,-1,44,-1,30
1,<environment.Job instance at 0x7f0c47fd2190>,38,17,[2 6],39,-1,60,-1,43
1,<environment.Job instance at 0x7f0c47fd2050>,36,18,[9 4],37,-1,64,-1,46
1,<environment.Job instance at 0x7f0c47fd21e0>,37,17,[3 5],38,-1,64,-1,47
1,<environment.Job instance at 0x7f0c47fd2550>,43,17,[5 3],44,-1,67,-1,50
1,<environment.Job instance at 0x7f0c47fcfe60>,18,18,[13  3],19,-1,68,-1,50
1,<environment.Job instance at 0x7f0c47fd24b0>,44,24,[4 5],45,-1,87,-1,63
1,<environment.Job instance at 0x7f0c47fd2960>,48,16,[6 5],49,-1,79,-1,63
1,<environment.Job instance at 0x7f0c47fd2d20>,52,15,[2 5],53,-1,78,-1,63
1,<environment.Job instance at 0x7f0c47fd2dc0>,53,14,[4 8],54,-1,77,-1,63
1,<environment.Job instance at 0x7f0c47fd2e60>,54,16,[9 2],55,-1,80,-1,64
1,<environment.Job instance at 0x7f0c47fd20f0>,39,2,[ 4 10],40,-1,66,-1,64
1,<environment.Job instance at 0x7f0c47fd0410>,25,24,[8 3],26,-1,88,-1,64
1,<environment.Job instance at 0x7f0c47fd2f50>,58,13,[6 1],59,-1,77,-1,64
1,<environment.Job instance at 0x7f0c47fd51e0>,59,13,[1 8],60,-1,104,-1,91
1,<environment.Job instance at 0x7f0c483da320>,65,3,[9 4],66,-1,95,-1,92
1,<environment.Job instance at 0x7f0c47fd2eb0>,57,1,[3 6],58,-1,93,-1,92
1,<environment.Job instance at 0x7f0c483da050>,68,17,[7 2],69,-1,110,-1,93
1,<environment.Job instance at 0x7f0c48eca2d0>,69,16,[10  2],70,-1,110,-1,94
1,<environment.Job instance at 0x7f0c48ecaaa0>,70,15,[5 6],71,-1,109,-1,94
1,<environment.Job instance at 0x7f0c483da5f0>,67,1,[10  3],68,-1,95,-1,94
1,<environment.Job instance at 0x7f0c495a31e0>,73,3,[8 1],74,-1,97,-1,94
1,<environment.Job instance at 0x7f0c4958aeb0>,74,15,[7 3],75,-1,110,-1,95
1,<environment.Job instance at 0x7f0c48ea8870>,76,14,[5 4],77,-1,110,-1,96
1,<environment.Job instance at 0x7f0c4841a370>,77,15,[10  1],78,-1,111,-1,96
1,<environment.Job instance at 0x7f0c48876230>,75,12,[10  3],76,-1,108,-1,96
1,<environment.Job instance at 0x7f0c488f50f0>,79,23,[6 5],80,-1,122,-1,99
1,<environment.Job instance at 0x7f0c48430690>,80,17,[2 6],81,-1,116,-1,99
1,<environment.Job instance at 0x7f0c47fd53c0>,60,3,[10  4],61,-1,110,-1,107
1,<environment.Job instance at 0x7f0c48eba320>,90,27,[6 4],91,-1,135,-1,108
1,<environment.Job instance at 0x7f0c483eda50>,71,2,[2 9],72,-1,110,-1,108
1,<environment.Job instance at 0x7f0c48eba730>,91,1,[11  4],92,-1,114,-1,113
1,<environment.Job instance at 0x7f0c483d2d20>,92,15,[10  1],93,-1,129,-1,114
1,<environment.Job instance at 0x7f0c48ec2a00>,94,13,[1 8],95,-1,127,-1,114
1,<environment.Job instance at 0x7f0c483e6820>,95,3,[10  4],96,-1,117,-1,114
1,<environment.Job instance at 0x7f0c48eba910>,93,13,[7 5],94,-1,127,-1,114
1,<environment.Job instance at 0x7f0c483e6410>,97,2,[ 2 10],98,-1,116,-1,114
1,<environment.Job instance at 0x7f0c48ede4b0>,98,22,[7 5],99,-1,136,-1,114
1,<environment.Job instance at 0x7f0c48ed5f50>,96,14,[1 7],97,-1,128,-1,114
1,<environment.Job instance at 0x7f0c483dd0f0>,99,16,[5 3],100,-1,130,-1,114
1,<environment.Job instance at 0x7f0c483dd410>,100,18,[ 5 10],101,-1,132,-1,114
1,<environment.Job instance at 0x7f0c48eb0b90>,89,21,[1 9],90,-1,135,-1,114
1,<environment.Job instance at 0x7f0c483ddc30>,102,24,[1 6],103,-1,138,-1,114
1,<environment.Job instance at 0x7f0c483dd050>,103,16,[8 5],104,-1,132,-1,116
1,<environment.Job instance at 0x7f0c48ec9af0>,106,15,[10  4],107,-1,131,-1,116
1,<environment.Job instance at 0x7f0c483c94b0>,107,13,[ 4 10],108,-1,129,-1,116
1,<environment.Job instance at 0x7f0c483c99b0>,108,17,[3 9],109,-1,133,-1,116
1,<environment.Job instance at 0x7f0c483ddfa0>,104,16,[9 4],105,-1,132,-1,116
1,<environment.Job instance at 0x7f0c483c9370>,110,14,[1 8],111,-1,130,-1,116
1,<environment.Job instance at 0x7f0c483c9dc0>,111,12,[5 6],112,-1,128,-1,116
1,<environment.Job instance at 0x7f0c48ec0a50>,116,12,[1 5],117,-1,129,-1,117
1,<environment.Job instance at 0x7f0c48ec06e0>,119,17,[1 9],120,-1,140,-1,123
1,<environment.Job instance at 0x7f0c48ec0410>,122,15,[6 2],123,-1,139,-1,124
1,<environment.Job instance at 0x7f0c48ec0a00>,118,14,[9 1],119,-1,138,-1,124
1,<environment.Job instance at 0x7f0c48ebcfa0>,128,18,[6 5],129,-1,148,-1,130
1,<environment.Job instance at 0x7f0c48ebc460>,129,18,[ 5 10],130,-1,150,-1,132
1,<environment.Job instance at 0x7f0c48ebc0f0>,135,15,[ 1 10],136,-1,152,-1,137
1,<environment.Job instance at 0x7f0c48ebc1e0>,136,12,[ 2 11],137,-1,151,-1,139
1,<environment.Job instance at 0x7f0c48ebc9b0>,133,16,[5 3],134,-1,156,-1,140
1,<environment.Job instance at 0x7f0c48ebcd20>,126,13,[12  4],127,-1,153,-1,140
1,<environment.Job instance at 0x7f0c48ebc230>,137,12,[7 2],138,-1,153,-1,141
1,<environment.Job instance at 0x7f0c483fcc30>,142,17,[9 4],143,-1,160,-1,143
1,<environment.Job instance at 0x7f0c483fcaf0>,144,18,[ 4 11],145,-1,163,-1,145
1,<environment.Job instance at 0x7f0c483fc690>,145,16,[9 4],146,-1,163,-1,147
1,<environment.Job instance at 0x7f0c483fc4b0>,147,15,[4 6],148,-1,164,-1,149
1,<environment.Job instance at 0x7f0c47fd20a0>,1,17,[14  3],2,-1,19,-1,2
1,<environment.Job instance at 0x7f0c483da2d0>,4,15,[ 2 13],5,-1,20,-1,5
1,<environment.Job instance at 0x7f0c483dd230>,7,3,[12  4],8,-1,11,-1,8
1,<environment.Job instance at 0x7f0c483c9410>,9,28,[1 8],10,-1,51,-1,23
1,<environment.Job instance at 0x7f0c48ebc320>,18,18,[13  3],19,-1,44,-1,26
1,<environment.Job instance at 0x7f0c47fcf0f0>,25,24,[8 3],26,-1,89,-1,65
1,<environment.Job instance at 0x7f0c481fb910>,41,13,[12  4],42,-1,126,-1,113
1,<environment.Job instance at 0x7f0c481fbb40>,44,24,[4 5],45,-1,153,-1,129
1,<environment.Job instance at 0x7f0c487ff190>,2,16,[3 8],3,-1,19,-1,3
1,<environment.Job instance at 0x7f0c487ff870>,6,18,[10  2],7,-1,26,-1,8
1,<environment.Job instance at 0x7f0c487ffd70>,8,17,[9 5],9,-1,26,-1,9
1,<environment.Job instance at 0x7f0c487ff460>,9,16,[7 2],10,-1,26,-1,10
1,<environment.Job instance at 0x7f0c487ff640>,10,16,[ 3 10],11,-1,27,-1,11
1,<environment.Job instance at 0x7f0c487ff410>,11,16,[5 7],12,-1,28,-1,12
1,<environment.Job instance at 0x7f0c48adc370>,25,12,[8 5],26,-1,38,-1,26
1,<environment.Job instance at 0x7f0c48adcd20>,26,14,[6 4],27,-1,41,-1,27
1,<environment.Job instance at 0x7f0c48b751e0>,28,17,[3 7],29,-1,46,-1,29
1,<environment.Job instance at 0x7f0c48b75a00>,31,17,[2 7],32,-1,49,-1,32
1,<environment.Job instance at 0x7f0c48adcdc0>,24,13,[5 3],25,-1,45,-1,32
1,<environment.Job instance at 0x7f0c48b750f0>,32,17,[6 4],33,-1,50,-1,33
1,<environment.Job instance at 0x7f0c48b75c30>,38,12,[ 4 10],39,-1,54,-1,42
1,<environment.Job instance at 0x7f0c48a4f190>,42,16,[ 3 10],43,-1,59,-1,43
1,<environment.Job instance at 0x7f0c48a4f410>,43,18,[5 5],44,-1,62,-1,44
1,<environment.Job instance at 0x7f0c48a4f8c0>,44,16,[5 5],45,-1,61,-1,45
1,<environment.Job instance at 0x7f0c48a4fb90>,45,17,[ 3 10],46,-1,63,-1,46
1,<environment.Job instance at 0x7f0c48a4f550>,46,13,[3 9],47,-1,60,-1,47
1,<environment.Job instance at 0x7f0c48a4f0a0>,48,18,[1 5],49,-1,67,-1,49
1,<environment.Job instance at 0x7f0c48a4fb40>,49,18,[9 5],50,-1,68,-1,50
1,<environment.Job instance at 0x7f0c48a4f500>,50,19,[4 5],51,-1,70,-1,51
1,<environment.Job instance at 0x7f0c48b67fa0>,52,13,[9 4],53,-1,68,-1,55
1,<environment.Job instance at 0x7f0c48b67f00>,55,1,[5 8],56,-1,57,-1,56
1,<environment.Job instance at 0x7f0c48b67a00>,56,13,[5 5],57,-1,70,-1,57
1,<environment.Job instance at 0x7f0c48b677d0>,58,16,[8 3],59,-1,75,-1,59
1,<environment.Job instance at 0x7f0c48b670a0>,60,23,[9 4],61,-1,84,-1,61
1,<environment.Job instance at 0x7f0c48b67b90>,61,21,[8 2],62,-1,83,-1,62
1,<environment.Job instance at 0x7f0c48b67910>,62,21,[5 7],63,-1,84,-1,63
1,<environment.Job instance at 0x7f0c48b6a9b0>,64,17,[9 2],65,-1,90,-1,73
1,<environment.Job instance at 0x7f0c48b6aa50>,73,18,[7 1],74,-1,92,-1,74
1,<environment.Job instance at 0x7f0c48b800a0>,76,18,[8 3],77,-1,97,-1,79
1,<environment.Job instance at 0x7f0c48f94230>,17,27,[ 2 11],18,-1,75,-1,48
1,<environment.Job instance at 0x7f0c487f63c0>,19,3,[11  2],20,-1,51,-1,48
1,<environment.Job instance at 0x7f0c487f6870>,22,1,[12  5],23,-1,54,-1,53
1,<environment.Job instance at 0x7f0c47ca2500>,1,18,[3 8],2,-1,20,-1,2
1,<environment.Job instance at 0x7f0c494cf870>,4,15,[4 8],5,-1,20,-1,5
1,<environment.Job instance at 0x7f0c494cf370>,6,16,[1 6],7,-1,23,-1,7
1,<environment.Job instance at 0x7f0c48eba6e0>,9,17,[ 1 10],10,-1,27,-1,10
1,<environment.Job instance at 0x7f0c47ca18c0>,11,28,[5 1],12,-1,40,-1,12
1,<environment.Job instance at 0x7f0c48d9bf00>,15,15,[3 5],16,-1,31,-1,16
1,<environment.Job instance at 0x7f0c48d9b500>,17,13,[9 1],18,-1,32,-1,19
1,<environment.Job instance at 0x7f0c495dae60>,22,13,[9 1],23,-1,36,-1,23
1,<environment.Job instance at 0x7f0c495da4b0>,23,23,[7 4],24,-1,47,-1,24
1,<environment.Job instance at 0x7f0c48eba690>,13,12,[3 8],14,-1,36,-1,24
1,<environment.Job instance at 0x7f0c47eee460>,24,13,[4 8],25,-1,38,-1,25
1,<environment.Job instance at 0x7f0c495da280>,25,12,[2 8],26,-1,39,-1,27
1,<environment.Job instance at 0x7f0c495dac80>,27,17,[10  4],28,-1,45,-1,28
1,<environment.Job instance at 0x7f0c48c75fa0>,31,14,[9 4],32,-1,46,-1,32
1,<environment.Job instance at 0x7f0c48caf690>,35,18,[7 5],36,-1,54,-1,36
1,<environment.Job instance at 0x7f0c48caf280>,36,27,[5 2],37,-1,64,-1,37
1,<environment.Job instance at 0x7f0c48d3a820>,39,18,[ 2 10],40,-1,58,-1,40
1,<environment.Job instance at 0x7f0c48ba4370>,44,18,[10  2],45,-1,63,-1,45
1,<environment.Job instance at 0x7f0c4911b730>,47,15,[5 8],48,-1,63,-1,48
1,<environment.Job instance at 0x7f0c4911bd20>,48,18,[5 8],49,-1,67,-1,49
1,<environment.Job instance at 0x7f0c491b4690>,49,17,[2 6],50,-1,67,-1,50
1,<environment.Job instance at 0x7f0c495b3050>,53,14,[ 5 10],54,-1,68,-1,54
1,<environment.Job instance at 0x7f0c48487e60>,54,28,[4 5],55,-1,83,-1,55
1,<environment.Job instance at 0x7f0c48ce2280>,56,17,[3 5],57,-1,74,-1,57
1,<environment.Job instance at 0x7f0c48ce27d0>,58,15,[5 8],59,-1,74,-1,59
1,<environment.Job instance at 0x7f0c48205320>,8,2,[ 1 13],9,-1,11,-1,9
1,<environment.Job instance at 0x7f0c48205be0>,10,28,[ 2 14],11,-1,48,-1,20
1,<environment.Job instance at 0x7f0c482057d0>,11,28,[5 1],12,-1,48,-1,20
1,<environment.Job instance at 0x7f0c48189960>,23,23,[7 4],24,-1,85,-1,62
1,<environment.Job instance at 0x7f0c4818d780>,28,18,[13  5],29,-1,89,-1,71
1,<environment.Job instance at 0x7f0c48697f50>,33,3,[13  5],34,-1,92,-1,89
1,<environment.Job instance at 0x7f0c495da6e0>,36,27,[5 2],37,-1,129,-1,102
1,<environment.Job instance at 0x7f0c48d9baf0>,37,14,[ 3 14],38,-1,116,-1,102
1,<environment.Job instance at 0x7f0c48073460>,54,28,[4 5],55,-1,198,-1,170
1,<environment.Job instance at 0x7f0c48073780>,57,2,[ 5 13],58,-1,173,-1,171
1,<environment.Job instance at 0x7f0c48073d20>,61,25,[10  1],62,-1,210,-1,185
1,<environment.Job instance at 0x7f0c48e629b0>,0,20,[9 3],1,-1,22,-1,2
1,<environment.Job instance at 0x7f0c48ad8fa0>,2,14,[9 2],3,-1,17,-1,3
1,<environment.Job instance at 0x7f0c48ad8d20>,3,16,[2 6],4,-1,20,-1,4
1,<environment.Job instance at 0x7f0c48adc0a0>,1,15,[8 4],2,-1,20,-1,5
1,<environment.Job instance at 0x7f0c48ad8370>,8,26,[8 2],9,-1,35,-1,9
1,<environment.Job instance at 0x7f0c48b06910>,12,16,[9 2],13,-1,29,-1,13
1,<environment.Job instance at 0x7f0c490cd7d0>,13,18,[4 6],14,-1,32,-1,14
1,<environment.Job instance at 0x7f0c494e29b0>,16,17,[3 7],17,-1,34,-1,17
1,<environment.Job instance at 0x7f0c48a7cd20>,23,14,[ 2 10],24,-1,38,-1,24
1,<environment.Job instance at 0x7f0c483d6230>,29,15,[3 9],30,-1,45,-1,30
1,<environment.Job instance at 0x7f0c49030f50>,32,14,[ 2 10],33,-1,47,-1,33
1,<environment.Job instance at 0x7f0c4904ccd0>,33,16,[3 8],34,-1,50,-1,34
1,<environment.Job instance at 0x7f0c4904cd20>,34,13,[10  5],35,-1,48,-1,35
1,<environment.Job instance at 0x7f0c48cdc1e0>,35,19,[1 5],36,-1,55,-1,36
1,<environment.Job instance at 0x7f0c48ca9230>,36,13,[5 7],37,-1,50,-1,37
1,<environment.Job instance at 0x7f0c48a0e910>,38,16,[3 8],39,-1,55,-1,39
1,<environment.Job instance at 0x7f0c483e5f00>,40,18,[9 2],41,-1,59,-1,41
1,<environment.Job instance at 0x7f0c483efa00>,42,17,[9 4],43,-1,60,-1,43
1,<environment.Job instance at 0x7f0c48a0ce60>,44,27,[6 1],45,-1,72,-1,45
1,<environment.Job instance at 0x7f0c483efdc0>,45,14,[4 8],46,-1,60,-1,46
1,<environment.Job instance at 0x7f0c48a11140>,49,16,[10  5],50,-1,66,-1,50
1,<environment.Job instance at 0x7f0c48a11dc0>,50,12,[4 8],51,-1,63,-1,51
1,<environment.Job instance at 0x7f0c48a200f0>,63,13,[8 4],64,-1,85,-1,72
1,<environment.Job instance at 0x7f0c48a204b0>,67,13,[10  4],68,-1,85,-1,72
1,<environment.Job instance at 0x7f0c48a20550>,68,13,[8 5],69,-1,85,-1,72
1,<environment.Job instance at 0x7f0c48a20730>,71,16,[ 5 11],72,-1,91,-1,75
1,<environment.Job instance at 0x7f0c48a20870>,72,16,[5 4],73,-1,92,-1,76
1,<environment.Job instance at 0x7f0c48d9abe0>,7,1,[ 1 13],8,-1,21,-1,20
1,<environment.Job instance at 0x7f0c48d9adc0>,8,26,[8 2],9,-1,47,-1,21
1,<environment.Job instance at 0x7f0c494771e0>,15,25,[ 3 14],16,-1,59,-1,34
1,<environment.Job instance at 0x7f0c48db2be0>,21,3,[ 4 13],22,-1,57,-1,54
1,<environment.Job instance at 0x7f0c48db2f00>,24,27,[13  3],25,-1,91,-1,64
1,<environment.Job instance at 0x7f0c48682dc0>,44,27,[6 1],45,-1,181,-1,154
1,<environment.Job instance at 0x7f0c48682780>,46,17,[ 5 11],47,-1,171,-1,154
1,<environment.Job instance at 0x7f0c488af820>,51,24,[14  3],52,-1,193,-1,169
1,<environment.Job instance at 0x7f0c49232dc0>,53,24,[10  2],54,-1,209,-1,185
1,<environment.Job instance at 0x7f0c483d9690>,1,16,[4 6],2,-1,18,-1,2
1,<environment.Job instance at 0x7f0c48f6f410>,7,15,[10  4],8,-1,24,-1,9
1,<environment.Job instance at 0x7f0c48f6f820>,12,14,[3 7],13,-1,27,-1,13
1,<environment.Job instance at 0x7f0c48f6f2d0>,14,1,[4 8],15,-1,16,-1,15
1,<environment.Job instance at 0x7f0c48ef60f0>,15,13,[5 4],16,-1,29,-1,16
1,<environment.Job instance at 0x7f0c48ef6500>,16,27,[2 9],17,-1,44,-1,17
1,<environment.Job instance at 0x7f0c48ef6730>,17,15,[2 6],18,-1,33,-1,18
1,<environment.Job instance at 0x7f0c48ef6e60>,18,18,[ 5 10],19,-1,37,-1,19
1,<environment.Job instance at 0x7f0c48ef6a50>,19,18,[10  2],20,-1,38,-1,20
1,<environment.Job instance at 0x7f0c48ef60a0>,20,13,[2 8],21,-1,34,-1,21
1,<environment.Job instance at 0x7f0c4808a190>,8,16,[ 5 10],9,-1,37,-1,21
1,<environment.Job instance at 0x7f0c48ef6e10>,22,22,[8 1],23,-1,46,-1,24
1,<environment.Job instance at 0x7f0c48ef6910>,23,14,[14  4],24,-1,38,-1,24
1,<environment.Job instance at 0x7f0c495b2d20>,28,16,[9 1],29,-1,48,-1,32
1,<environment.Job instance at 0x7f0c49292af0>,34,16,[11  4],35,-1,51,-1,35
1,<environment.Job instance at 0x7f0c492925f0>,35,14,[1 7],36,-1,50,-1,36
1,<environment.Job instance at 0x7f0c49292280>,37,18,[1 9],38,-1,56,-1,38
1,<environment.Job instance at 0x7f0c495b20a0>,31,27,[8 5],32,-1,66,-1,39
1,<environment.Job instance at 0x7f0c49017960>,42,18,[10  5],43,-1,62,-1,44
1,<environment.Job instance at 0x7f0c49017140>,44,17,[10  5],45,-1,62,-1,45
1,<environment.Job instance at 0x7f0c49017050>,45,18,[5 6],46,-1,64,-1,46
1,<environment.Job instance at 0x7f0c490179b0>,47,15,[ 4 10],48,-1,63,-1,48
1,<environment.Job instance at 0x7f0c49017a50>,48,12,[ 1 10],49,-1,61,-1,49
1,<environment.Job instance at 0x7f0c490175f0>,43,26,[7 1],44,-1,75,-1,49
1,<environment.Job instance at 0x7f0c493535f0>,52,18,[9 1],53,-1,72,-1,54
1,<environment.Job instance at 0x7f0c489b4140>,60,12,[4 6],61,-1,73,-1,61
1,<environment.Job instance at 0x7f0c486ecaa0>,62,18,[1 9],63,-1,81,-1,63
1,<environment.Job instance at 0x7f0c486ec2d0>,64,18,[7 1],65,-1,83,-1,65
1,<environment.Job instance at 0x7f0c486ec1e0>,68,15,[3 8],69,-1,84,-1,69
1,<environment.Job instance at 0x7f0c486ec0a0>,69,25,[3 6],70,-1,95,-1,70
1,<environment.Job instance at 0x7f0c486eceb0>,70,13,[5 8],71,-1,84,-1,71
1,<environment.Job instance at 0x7f0c48ad88c0>,6,16,[13  1],7,-1,23,-1,7
1,<environment.Job instance at 0x7f0c48697780>,16,27,[2 9],17,-1,52,-1,25
1,<environment.Job instance at 0x7f0c48a31d70>,23,14,[14  4],24,-1,70,-1,56
1,<environment.Job instance at 0x7f0c490acdc0>,25,3,[ 1 13],26,-1,59,-1,56
1,<environment.Job instance at 0x7f0c48f204b0>,26,2,[14  2],27,-1,58,-1,56
1,<environment.Job instance at 0x7f0c48f20af0>,27,15,[ 5 12],28,-1,71,-1,56
1,<environment.Job instance at 0x7f0c48e32910>,30,2,[14  4],31,-1,67,-1,65
1,<environment.Job instance at 0x7f0c48e32c80>,31,27,[8 5],32,-1,99,-1,72
1,<environment.Job instance at 0x7f0c48e32d70>,34,16,[11  4],35,-1,90,-1,74
1,<environment.Job instance at 0x7f0c48e6ba50>,38,16,[13  2],39,-1,94,-1,78
1,<environment.Job instance at 0x7f0c48e6b6e0>,41,14,[ 2 12],42,-1,106,-1,92
1,<environment.Job instance at 0x7f0c48e6b500>,43,26,[7 1],44,-1,135,-1,109
1,<environment.Job instance at 0x7f0c47e47140>,1,17,[ 2 10],2,-1,20,-1,3
1,<environment.Job instance at 0x7f0c47e47e60>,3,12,[3 9],4,-1,16,-1,4
1,<environment.Job instance at 0x7f0c47e47320>,2,16,[2 8],3,-1,20,-1,4
1,<environment.Job instance at 0x7f0c47e470a0>,5,18,[4 6],6,-1,24,-1,6
1,<environment.Job instance at 0x7f0c47e47e10>,9,17,[ 1 10],10,-1,28,-1,11
1,<environment.Job instance at 0x7f0c47e47aa0>,10,15,[8 4],11,-1,29,-1,14
1,<environment.Job instance at 0x7f0c47e478c0>,14,19,[ 5 10],15,-1,34,-1,15
1,<environment.Job instance at 0x7f0c47dd8b90>,17,27,[8 5],18,-1,45,-1,18
1,<environment.Job instance at 0x7f0c47dd8370>,21,1,[2 7],22,-1,23,-1,22
1,<environment.Job instance at 0x7f0c47dd8640>,22,1,[1 8],23,-1,24,-1,23
1,<environment.Job instance at 0x7f0c47dd8500>,23,17,[13  3],24,-1,41,-1,24
1,<environment.Job instance at 0x7f0c47dd8aa0>,25,15,[10  1],26,-1,41,-1,26
1,<environment.Job instance at 0x7f0c47dd88c0>,26,13,[ 2 10],27,-1,40,-1,27
1,<environment.Job instance at 0x7f0c47dd8280>,27,12,[6 5],28,-1,40,-1,28
1,<environment.Job instance at 0x7f0c486ed190>,30,20,[8 5],31,-1,51,-1,31
1,<environment.Job instance at 0x7f0c486eda50>,31,12,[5 3],32,-1,44,-1,32
1,<environment.Job instance at 0x7f0c486ed9b0>,34,16,[5 8],35,-1,51,-1,35
1,<environment.Job instance at 0x7f0c486ed230>,35,25,[4 5],36,-1,61,-1,36
1,<environment.Job instance at 0x7f0c486edcd0>,40,18,[3 5],41,-1,59,-1,41
1,<environment.Job instance at 0x7f0c486ed910>,41,15,[3 7],42,-1,57,-1,42
1,<environment.Job instance at 0x7f0c4866fc80>,51,13,[3 5],52,-1,65,-1,52
1,<environment.Job instance at 0x7f0c4866fbe0>,52,18,[4 8],53,-1,71,-1,53
1,<environment.Job instance at 0x7f0c4866f050>,53,15,[ 2 10],54,-1,69,-1,54
1,<environment.Job instance at 0x7f0c4866fd20>,56,13,[6 4],57,-1,70,-1,57
1,<environment.Job instance at 0x7f0c47ddcd20>,71,17,[7 4],72,-1,89,-1,72
1,<environment.Job instance at 0x7f0c47ddc3c0>,73,14,[ 5 10],74,-1,88,-1,74
1,<environment.Job instance at 0x7f0c47ddcf00>,75,13,[7 4],76,-1,89,-1,76
1,<environment.Job instance at 0x7f0c47ddc730>,76,16,[3 8],77,-1,93,-1,77
1,<environment.Job instance at 0x7f0c47dd8d20>,20,13,[8 3],21,-1,94,-1,81
1,<environment.Job instance at 0x7f0c4866f820>,58,12,[10  4],59,-1,100,-1,88
1,<environment.Job instance at 0x7f0c47ddca00>,80,15,[5 5],81,-1,103,-1,88
1,<environment.Job instance at 0x7f0c47df2f00>,88,12,[7 5],89,-1,103,-1,91
1,<environment.Job instance at 0x7f0c47df27d0>,90,18,[9 3],91,-1,109,-1,91
1,<environment.Job instance at 0x7f0c47df2dc0>,91,17,[9 4],92,-1,111,-1,94
1,<environment.Job instance at 0x7f0c47d738c0>,96,17,[4 8],97,-1,114,-1,97
1,<environment.Job instance at 0x7f0c47d73780>,97,14,[5 6],98,-1,112,-1,98
1,<environment.Job instance at 0x7f0c4902af00>,98,16,[8 4],99,-1,115,-1,99
1,<environment.Job instance at 0x7f0c48912f50>,99,17,[5 6],100,-1,117,-1,100
1,<environment.Job instance at 0x7f0c48694eb0>,100,15,[3 7],101,-1,116,-1,101
1,<environment.Job instance at 0x7f0c494f3b40>,104,13,[10  1],105,-1,118,-1,105
1,<environment.Job instance at 0x7f0c47ddc960>,82,17,[5 7],83,-1,124,-1,107
1,<environment.Job instance at 0x7f0c47de8730>,106,15,[4 6],107,-1,122,-1,107
1,<environment.Job instance at 0x7f0c495d6aa0>,107,13,[7 1],108,-1,124,-1,111
1,<environment.Job instance at 0x7f0c47de8280>,110,12,[3 8],111,-1,123,-1,111
1,<environment.Job instance at 0x7f0c47de8cd0>,111,18,[7 1],112,-1,130,-1,112
1,<environment.Job instance at 0x7f0c47de8320>,112,15,[6 2],113,-1,129,-1,114
1,<environment.Job instance at 0x7f0c486f8410>,115,16,[3 5],116,-1,132,-1,116
1,<environment.Job instance at 0x7f0c48a79d70>,116,14,[6 2],117,-1,131,-1,117
1,<environment.Job instance at 0x7f0c4911b820>,113,15,[ 2 12],114,-1,137,-1,122
1,<environment.Job instance at 0x7f0c48b867d0>,122,17,[1 5],123,-1,140,-1,123
1,<environment.Job instance at 0x7f0c48b86d20>,124,18,[4 8],125,-1,143,-1,125
1,<environment.Job instance at 0x7f0c49095690>,127,15,[6 1],128,-1,143,-1,128
1,<environment.Job instance at 0x7f0c47e58280>,102,17,[ 5 14],103,-1,145,-1,128
1,<environment.Job instance at 0x7f0c49095320>,128,15,[10  2],129,-1,144,-1,129
1,<environment.Job instance at 0x7f0c487dc280>,119,14,[7 3],120,-1,144,-1,130
1,<environment.Job instance at 0x7f0c49095c80>,129,13,[4 7],130,-1,143,-1,130
1,<environment.Job instance at 0x7f0c48672fa0>,131,23,[5 9],132,-1,156,-1,133
1,<environment.Job instance at 0x7f0c49138500>,137,22,[2 9],138,-1,160,-1,138
1,<environment.Job instance at 0x7f0c48672d20>,132,14,[5 2],133,-1,154,-1,140
1,<environment.Job instance at 0x7f0c48ee9c30>,140,13,[5 8],141,-1,155,-1,142
1,<environment.Job instance at 0x7f0c48ee9050>,141,16,[5 2],142,-1,158,-1,142
1,<environment.Job instance at 0x7f0c48e394b0>,121,26,[7 2],122,-1,171,-1,145
1,<environment.Job instance at 0x7f0c484f3870>,143,15,[ 3 10],144,-1,160,-1,145
1,<environment.Job instance at 0x7f0c48923be0>,145,14,[7 5],146,-1,160,-1,146
1,<environment.Job instance at 0x7f0c4903ab40>,146,20,[8 2],147,-1,167,-1,147
1,<environment.Job instance at 0x7f0c4903ac80>,147,16,[8 4],148,-1,164,-1,148
1,<environment.Job instance at 0x7f0c48948dc0>,148,26,[2 5],149,-1,175,-1,149
1,<environment.Job instance at 0x7f0c4866ff50>,8,16,[14  4],9,-1,35,-1,19
1,<environment.Job instance at 0x7f0c496aa140>,17,27,[8 5],18,-1,90,-1,63
1,<environment.Job instance at 0x7f0c47e47050>,19,3,[ 1 12],20,-1,66,-1,63
1,<environment.Job instance at 0x7f0c47e47dc0>,23,17,[13  3],24,-1,84,-1,67
1,<environment.Job instance at 0x7f0c48d781e0>,24,3,[13  1],25,-1,70,-1,67
1,<environment.Job instance at 0x7f0c495b2c30>,35,25,[4 5],36,-1,128,-1,103
1,<environment.Job instance at 0x7f0c48298cd0>,38,1,[ 4 14],39,-1,107,-1,106
1,<environment.Job instance at 0x7f0c4969feb0>,50,2,[13  2],51,-1,141,-1,139
1,<environment.Job instance at 0x7f0c495a3730>,54,1,[12  5],55,-1,144,-1,143
1,<environment.Job instance at 0x7f0c4839ff00>,57,26,[ 3 10],58,-1,187,-1,161
1,<environment.Job instance at 0x7f0c48fccaa0>,61,3,[12  2],62,-1,179,-1,176
1,<environment.Job instance at 0x7f0c495d1b40>,6,25,[8 1],7,-1,32,-1,7
1,<environment.Job instance at 0x7f0c495d1b90>,7,18,[ 1 10],8,-1,26,-1,8
1,<environment.Job instance at 0x7f0c48ee9a50>,13,16,[9 5],14,-1,30,-1,14
1,<environment.Job instance at 0x7f0c48ee9870>,14,28,[7 4],15,-1,43,-1,15
1,<environment.Job instance at 0x7f0c48ee92d0>,15,20,[7 2],16,-1,36,-1,16
1,<environment.Job instance at 0x7f0c48ee9fa0>,16,14,[10  3],17,-1,32,-1,18
1,<environment.Job instance at 0x7f0c48ee99b0>,18,2,[7 1],19,-1,21,-1,19
1,<environment.Job instance at 0x7f0c48ee9730>,19,17,[5 2],20,-1,37,-1,20
1,<environment.Job instance at 0x7f0c48ee9550>,20,14,[6 1],21,-1,35,-1,21
1,<environment.Job instance at 0x7f0c48ee9eb0>,21,17,[9 3],22,-1,39,-1,22
1,<environment.Job instance at 0x7f0c48ee9140>,22,3,[8 4],23,-1,26,-1,23
1,<environment.Job instance at 0x7f0c48ee9f50>,17,17,[5 6],18,-1,40,-1,23
1,<environment.Job instance at 0x7f0c48ee9230>,23,15,[2 7],24,-1,39,-1,24
1,<environment.Job instance at 0x7f0c48ee90f0>,24,19,[1 8],25,-1,44,-1,25
1,<environment.Job instance at 0x7f0c48ee9be0>,26,17,[8 4],27,-1,44,-1,27
1,<environment.Job instance at 0x7f0c490e8820>,31,3,[10  1],32,-1,35,-1,32
1,<environment.Job instance at 0x7f0c490e8190>,32,12,[7 3],33,-1,45,-1,33
1,<environment.Job instance at 0x7f0c490e8870>,33,20,[4 5],34,-1,54,-1,34
1,<environment.Job instance at 0x7f0c490e8dc0>,35,20,[5 5],36,-1,56,-1,36
1,<environment.Job instance at 0x7f0c490e8140>,36,18,[7 3],37,-1,55,-1,37
1,<environment.Job instance at 0x7f0c490e8b90>,38,18,[1 5],39,-1,57,-1,39
1,<environment.Job instance at 0x7f0c490e8f50>,40,16,[ 2 10],41,-1,57,-1,41
1,<environment.Job instance at 0x7f0c490e80a0>,41,18,[3 9],42,-1,60,-1,42
1,<environment.Job instance at 0x7f0c4965f500>,48,13,[8 5],49,-1,63,-1,50
1,<environment.Job instance at 0x7f0c4965fc80>,51,25,[1 6],52,-1,77,-1,52
1,<environment.Job instance at 0x7f0c4965fd70>,49,15,[4 6],50,-1,67,-1,52
1,<environment.Job instance at 0x7f0c4965f3c0>,54,17,[5 5],55,-1,73,-1,56
1,<environment.Job instance at 0x7f0c4965fc30>,57,15,[1 8],58,-1,73,-1,58
1,<environment.Job instance at 0x7f0c48601c30>,59,15,[9 1],60,-1,75,-1,60
1,<environment.Job instance at 0x7f0c48601780>,60,12,[10  4],61,-1,73,-1,61
1,<environment.Job instance at 0x7f0c48601b40>,61,15,[10  4],62,-1,77,-1,62
1,<environment.Job instance at 0x7f0c48601460>,64,13,[ 5 11],65,-1,78,-1,65
1,<environment.Job instance at 0x7f0c486c0d70>,66,14,[9 2],67,-1,81,-1,67
1,<environment.Job instance at 0x7f0c486c0b90>,67,28,[7 2],68,-1,96,-1,68
1,<environment.Job instance at 0x7f0c486c0190>,69,27,[ 3 10],70,-1,97,-1,70
1,<environment.Job instance at 0x7f0c486c0320>,72,26,[9 1],73,-1,99,-1,73
1,<environment.Job instance at 0x7f0c486c0cd0>,74,21,[10  5],75,-1,96,-1,75
1,<environment.Job instance at 0x7f0c486c0050>,75,17,[9 3],76,-1,93,-1,76
1,<environment.Job instance at 0x7f0c486c08c0>,77,20,[10  2],78,-1,98,-1,78
1,<environment.Job instance at 0x7f0c48cfd6e0>,78,14,[1 9],79,-1,93,-1,79
1,<environment.Job instance at 0x7f0c48cfdd20>,86,14,[8 3],87,-1,101,-1,87
1,<environment.Job instance at 0x7f0c48cfd5f0>,87,27,[9 4],88,-1,115,-1,88
1,<environment.Job instance at 0x7f0c48cfd550>,89,15,[5 5],90,-1,105,-1,90
1,<environment.Job instance at 0x7f0c4965f0f0>,55,24,[4 7],56,-1,114,-1,90
1,<environment.Job instance at 0x7f0c48cfd960>,90,15,[2 8],91,-1,108,-1,93
1,<environment.Job instance at 0x7f0c51c75140>,102,15,[10  3],103,-1,127,-1,112
1,<environment.Job instance at 0x7f0c48343b90>,98,17,[13  5],99,-1,130,-1,113
1,<environment.Job instance at 0x7f0c51c75280>,104,18,[9 3],105,-1,131,-1,113
1,<environment.Job instance at 0x7f0c48e558c0>,6,25,[8 1],7,-1,42,-1,17
1,<environment.Job instance at 0x7f0c4804e5f0>,14,28,[7 4],15,-1,51,-1,23
1,<environment.Job instance at 0x7f0c484f2eb0>,37,13,[14  1],38,-1,112,-1,99
1,<environment.Job instance at 0x7f0c51f9bb90>,46,2,[14  1],47,-1,134,-1,132
1,<environment.Job instance at 0x7f0c48dc5820>,51,25,[1 6],52,-1,173,-1,148
1,<environment.Job instance at 0x7f0c48b64d70>,52,12,[12  2],53,-1,160,-1,148
1,<environment.Job instance at 0x7f0c48dc5640>,53,26,[10  4],54,-1,177,-1,151
1,<environment.Job instance at 0x7f0c496bfe60>,55,24,[4 7],56,-1,183,-1,159
1,<environment.Job instance at 0x7f0c4904b230>,0,16,[5 9],1,-1,17,-1,1
1,<environment.Job instance at 0x7f0c491f9550>,2,14,[10  5],3,-1,19,-1,5
1,<environment.Job instance at 0x7f0c491f9960>,6,18,[1 8],7,-1,25,-1,7
1,<environment.Job instance at 0x7f0c491fc190>,7,27,[4 8],8,-1,35,-1,8
1,<environment.Job instance at 0x7f0c491fce60>,9,12,[10  1],10,-1,22,-1,10
1,<environment.Job instance at 0x7f0c491fc410>,10,15,[8 5],11,-1,26,-1,11
1,<environment.Job instance at 0x7f0c483d2230>,18,18,[6 4],19,-1,37,-1,19
1,<environment.Job instance at 0x7f0c483d2960>,22,15,[9 5],23,-1,38,-1,23
1,<environment.Job instance at 0x7f0c483d2910>,26,18,[4 9],27,-1,45,-1,27
1,<environment.Job instance at 0x7f0c483d2640>,27,18,[5 3],28,-1,46,-1,28
1,<environment.Job instance at 0x7f0c482410f0>,29,13,[9 3],30,-1,43,-1,30
1,<environment.Job instance at 0x7f0c48241460>,32,16,[8 1],33,-1,49,-1,33
1,<environment.Job instance at 0x7f0c482415f0>,36,16,[2 7],37,-1,53,-1,37
1,<environment.Job instance at 0x7f0c48241b90>,39,17,[3 5],40,-1,57,-1,40
1,<environment.Job instance at 0x7f0c48241cd0>,40,17,[5 8],41,-1,58,-1,41
1,<environment.Job instance at 0x7f0c482360f0>,44,18,[6 5],45,-1,63,-1,45
1,<environment.Job instance at 0x7f0c482362d0>,49,16,[5 5],50,-1,66,-1,50
1,<environment.Job instance at 0x7f0c48236870>,52,17,[3 5],53,-1,70,-1,53
1,<environment.Job instance at 0x7f0c48236be0>,55,18,[4 9],56,-1,74,-1,56
1,<environment.Job instance at 0x7f0c48236e10>,56,14,[8 5],57,-1,71,-1,57
1,<environment.Job instance at 0x7f0c48236eb0>,58,18,[6 5],59,-1,77,-1,59
1,<environment.Job instance at 0x7f0c482261e0>,63,18,[6 1],64,-1,82,-1,64
1,<environment.Job instance at 0x7f0c482265a0>,64,16,[1 6],65,-1,81,-1,65
1,<environment.Job instance at 0x7f0c48226730>,66,21,[10  4],67,-1,106,-1,85
1,<environment.Job instance at 0x7f0c48248a00>,77,20,[8 3],78,-1,105,-1,85
1,<environment.Job instance at 0x7f0c48248e10>,79,22,[9 1],80,-1,107,-1,85
1,<environment.Job instance at 0x7f0c48248870>,75,23,[7 3],76,-1,108,-1,85
1,<environment.Job instance at 0x7f0c48248d20>,73,15,[8 2],74,-1,100,-1,85
1,<environment.Job instance at 0x7f0c4922b280>,4,17,[4 9],5,-1,102,-1,85
1,<environment.Job instance at 0x7f0c48dbed20>,82,18,[ 3 13],83,-1,124,-1,106
1,<environment.Job instance at 0x7f0c51c297d0>,86,12,[1 9],87,-1,118,-1,106
1,<environment.Job instance at 0x7f0c47d3d870>,94,16,[3 5],95,-1,138,-1,122
1,<environment.Job instance at 0x7f0c48ec9870>,93,16,[5 9],94,-1,138,-1,122
1,<environment.Job instance at 0x7f0c48217eb0>,88,18,[5 9],89,-1,140,-1,122
1,<environment.Job instance at 0x7f0c49108a50>,95,15,[ 3 10],96,-1,137,-1,122
1,<environment.Job instance at 0x7f0c491b21e0>,1,18,[14  2],2,-1,20,-1,2
1,<environment.Job instance at 0x7f0c491b40f0>,5,15,[12  5],6,-1,21,-1,6
1,<environment.Job instance at 0x7f0c491b4500>,8,20,[ 4 13],9,-1,29,-1,9
1,<environment.Job instance at 0x7f0c491b4c30>,7,27,[4 8],8,-1,44,-1,17
1,<environment.Job instance at 0x7f0c47c955f0>,33,18,[ 5 13],34,-1,103,-1,85
1,<environment.Job instance at 0x7f0c49459dc0>,1,18,[5 6],2,-1,20,-1,2
1,<environment.Job instance at 0x7f0c49459960>,7,18,[3 8],8,-1,26,-1,8
1,<environment.Job instance at 0x7f0c49459870>,9,14,[2 7],10,-1,24,-1,10
1,<environment.Job instance at 0x7f0c495147d0>,12,16,[3 7],13,-1,29,-1,13
1,<environment.Job instance at 0x7f0c49514190>,13,15,[9 4],14,-1,29,-1,14
1,<environment.Job instance at 0x7f0c47f0a5a0>,17,18,[2 8],18,-1,36,-1,18
1,<environment.Job instance at 0x7f0c47fe3fa0>,21,14,[1 8],22,-1,36,-1,22
1,<environment.Job instance at 0x7f0c47fe34b0>,22,16,[6 4],23,-1,39,-1,23
1,<environment.Job instance at 0x7f0c47fe3f50>,23,12,[10  2],24,-1,36,-1,24
1,<environment.Job instance at 0x7f0c47fe3280>,25,27,[1 5],26,-1,53,-1,26
1,<environment.Job instance at 0x7f0c49035190>,26,18,[ 2 10],27,-1,45,-1,27
1,<environment.Job instance at 0x7f0c490305a0>,30,15,[8 4],31,-1,46,-1,31
1,<environment.Job instance at 0x7f0c490355a0>,31,18,[7 3],32,-1,50,-1,32
1,<environment.Job instance at 0x7f0c495771e0>,32,17,[1 7],33,-1,50,-1,33
1,<environment.Job instance at 0x7f0c47e86640>,37,15,[ 3 10],38,-1,53,-1,38
1,<environment.Job instance at 0x7f0c47e86dc0>,38,12,[10  1],39,-1,51,-1,39
1,<environment.Job instance at 0x7f0c47e86730>,39,12,[4 6],40,-1,52,-1,40
1,<environment.Job instance at 0x7f0c47e867d0>,40,17,[5 2],41,-1,58,-1,41
1,<environment.Job instance at 0x7f0c47e86230>,41,21,[8 4],42,-1,63,-1,42
1,<environment.Job instance at 0x7f0c47e860a0>,42,16,[1 7],43,-1,59,-1,43
1,<environment.Job instance at 0x7f0c47e86d70>,45,18,[4 5],46,-1,64,-1,46
1,<environment.Job instance at 0x7f0c47e86eb0>,46,12,[2 8],47,-1,59,-1,47
1,<environment.Job instance at 0x7f0c47e86aa0>,47,18,[2 7],48,-1,66,-1,48
1,<environment.Job instance at 0x7f0c496ae410>,54,20,[8 2],55,-1,75,-1,55
1,<environment.Job instance at 0x7f0c496ae730>,55,14,[4 9],56,-1,70,-1,56
1,<environment.Job instance at 0x7f0c47cd8e60>,59,13,[2 6],60,-1,74,-1,61
1,<environment.Job instance at 0x7f0c47cd87d0>,61,2,[5 3],62,-1,64,-1,62
1,<environment.Job instance at 0x7f0c47cd83c0>,60,21,[10  5],61,-1,83,-1,62
1,<environment.Job instance at 0x7f0c47cd8eb0>,63,19,[7 1],64,-1,83,-1,64
1,<environment.Job instance at 0x7f0c47cd8960>,64,12,[9 5],65,-1,77,-1,65
1,<environment.Job instance at 0x7f0c485e8960>,72,16,[9 2],73,-1,90,-1,74
1,<environment.Job instance at 0x7f0c485e8e10>,81,15,[9 3],82,-1,97,-1,82
1,<environment.Job instance at 0x7f0c485e8370>,82,17,[4 9],83,-1,100,-1,83
1,<environment.Job instance at 0x7f0c485e8870>,84,24,[7 3],85,-1,109,-1,85
1,<environment.Job instance at 0x7f0c495a5730>,86,21,[5 3],87,-1,108,-1,87
1,<environment.Job instance at 0x7f0c495a51e0>,87,22,[1 9],88,-1,110,-1,88
1,<environment.Job instance at 0x7f0c495a5140>,88,16,[1 7],89,-1,105,-1,89
1,<environment.Job instance at 0x7f0c495a57d0>,90,12,[10  5],91,-1,104,-1,92
1,<environment.Job instance at 0x7f0c495a5a00>,91,16,[10  1],92,-1,108,-1,92
1,<environment.Job instance at 0x7f0c492ac320>,93,17,[8 3],94,-1,112,-1,95
1,<environment.Job instance at 0x7f0c494d4640>,94,19,[ 5 12],95,-1,114,-1,95
1,<environment.Job instance at 0x7f0c47d9d280>,97,15,[5 5],98,-1,130,-1,115
1,<environment.Job instance at 0x7f0c48cd45a0>,116,23,[ 2 10],117,-1,140,-1,117
1,<environment.Job instance at 0x7f0c47e0f0f0>,114,18,[ 3 10],115,-1,139,-1,121
1,<environment.Job instance at 0x7f0c48b429b0>,95,27,[2 8],96,-1,149,-1,122
1,<environment.Job instance at 0x7f0c47d9de60>,102,24,[5 7],103,-1,147,-1,123
1,<environment.Job instance at 0x7f0c48736b40>,119,15,[4 9],120,-1,138,-1,123
1,<environment.Job instance at 0x7f0c48cc65f0>,120,15,[ 1 11],121,-1,138,-1,123
1,<environment.Job instance at 0x7f0c48399c80>,125,13,[9 1],126,-1,140,-1,127
1,<environment.Job instance at 0x7f0c48dd6640>,123,2,[7 1],124,-1,130,-1,128
1,<environment.Job instance at 0x7f0c485509b0>,127,17,[5 6],128,-1,145,-1,128
1,<environment.Job instance at 0x7f0c485500f0>,128,15,[3 5],129,-1,145,-1,130
1,<environment.Job instance at 0x7f0c48e42690>,129,14,[ 2 10],130,-1,149,-1,135
1,<environment.Job instance at 0x7f0c51c2ae60>,136,13,[2 7],137,-1,150,-1,137
1,<environment.Job instance at 0x7f0c492236e0>,135,14,[6 3],136,-1,153,-1,139
1,<environment.Job instance at 0x7f0c48507910>,109,23,[6 1],110,-1,162,-1,139
1,<environment.Job instance at 0x7f0c481870a0>,112,18,[ 3 10],113,-1,158,-1,140
1,<environment.Job instance at 0x7f0c484735f0>,139,12,[7 4],140,-1,152,-1,140
1,<environment.Job instance at 0x7f0c48473410>,140,18,[5 6],141,-1,159,-1,141
1,<environment.Job instance at 0x7f0c4913a4b0>,142,14,[5 3],143,-1,157,-1,143
1,<environment.Job instance at 0x7f0c48caa550>,143,13,[10  5],144,-1,157,-1,144
1,<environment.Job instance at 0x7f0c49142550>,145,15,[10  4],146,-1,162,-1,147
1,<environment.Job instance at 0x7f0c47cd8280>,10,3,[13  5],11,-1,14,-1,11
1,<environment.Job instance at 0x7f0c494599b0>,15,3,[14  3],16,-1,39,-1,36
1,<environment.Job instance at 0x7f0c49061370>,25,27,[1 5],26,-1,110,-1,83
1,<environment.Job instance at 0x7f0c49041280>,29,3,[13  3],30,-1,89,-1,86
1,<environment.Job instance at 0x7f0c483f10f0>,1,18,[1 7],2,-1,20,-1,2
1,<environment.Job instance at 0x7f0c484ed2d0>,20,12,[9 3],21,-1,35,-1,23
1,<environment.Job instance at 0x7f0c484edb40>,22,12,[11  2],23,-1,35,-1,23
1,<environment.Job instance at 0x7f0c484ed640>,24,18,[ 4 10],25,-1,44,-1,26
1,<environment.Job instance at 0x7f0c484edb90>,26,13,[7 3],27,-1,40,-1,27
1,<environment.Job instance at 0x7f0c484edf00>,25,12,[10  4],26,-1,39,-1,27
1,<environment.Job instance at 0x7f0c484ed4b0>,28,22,[10  4],29,-1,52,-1,30
1,<environment.Job instance at 0x7f0c484ed820>,30,18,[1 7],31,-1,49,-1,31
1,<environment.Job instance at 0x7f0c484edc30>,31,21,[5 8],32,-1,53,-1,32
1,<environment.Job instance at 0x7f0c484ed870>,34,18,[3 8],35,-1,53,-1,35
1,<environment.Job instance at 0x7f0c493321e0>,37,25,[6 5],38,-1,63,-1,38
1,<environment.Job instance at 0x7f0c485fc7d0>,40,16,[8 3],41,-1,57,-1,41
1,<environment.Job instance at 0x7f0c486103c0>,41,15,[3 5],42,-1,57,-1,42
1,<environment.Job instance at 0x7f0c48610a00>,43,13,[ 4 10],44,-1,57,-1,44
1,<environment.Job instance at 0x7f0c48610050>,44,15,[10  3],45,-1,63,-1,48
1,<environment.Job instance at 0x7f0c47d18960>,47,13,[5 6],48,-1,61,-1,48
1,<environment.Job instance at 0x7f0c47fa7e60>,61,14,[8 5],62,-1,76,-1,62
1,<environment.Job instance at 0x7f0c48ee5820>,62,18,[5 8],63,-1,81,-1,63
1,<environment.Job instance at 0x7f0c484ed140>,19,22,[14  5],20,-1,93,-1,71
1,<environment.Job instance at 0x7f0c480b0dc0>,71,19,[3 6],72,-1,96,-1,77
1,<environment.Job instance at 0x7f0c49186320>,74,18,[1 9],75,-1,95,-1,77
1,<environment.Job instance at 0x7f0c51c68aa0>,5,1,[ 4 14],6,-1,7,-1,6
1,<environment.Job instance at 0x7f0c48c696e0>,16,14,[ 5 11],17,-1,36,-1,22
1,<environment.Job instance at 0x7f0c47fe3af0>,19,22,[14  5],20,-1,46,-1,24
1,<environment.Job instance at 0x7f0c4913a6e0>,22,12,[11  2],23,-1,37,-1,25
1,<environment.Job instance at 0x7f0c4965fc80>,37,25,[6 5],38,-1,89,-1,64
1,<environment.Job instance at 0x7f0c486c0640>,48,25,[5 7],49,-1,127,-1,102
1,<environment.Job instance at 0x7f0c488ba550>,49,13,[ 3 12],50,-1,115,-1,102
1,<environment.Job instance at 0x7f0c485e8aa0>,58,3,[12  5],59,-1,122,-1,119
1,<environment.Job instance at 0x7f0c48df1c80>,65,26,[14  3],66,-1,177,-1,151
1,<environment.Job instance at 0x7f0c494f35f0>,67,28,[6 3],68,-1,195,-1,167
1,<environment.Job instance at 0x7f0c4903cf00>,76,2,[14  2],77,-1,177,-1,175
1,<environment.Job instance at 0x7f0c4903c190>,77,3,[13  2],78,-1,178,-1,175
1,<environment.Job instance at 0x7f0c483f43c0>,0,19,[3 8],1,-1,20,-1,1
1,<environment.Job instance at 0x7f0c48015320>,4,16,[4 6],5,-1,22,-1,6
1,<environment.Job instance at 0x7f0c480155a0>,7,27,[3 7],8,-1,35,-1,8
1,<environment.Job instance at 0x7f0c48015870>,10,12,[7 4],11,-1,23,-1,11
1,<environment.Job instance at 0x7f0c48015a00>,12,16,[7 5],13,-1,29,-1,13
1,<environment.Job instance at 0x7f0c48015b40>,14,17,[5 2],15,-1,32,-1,15
1,<environment.Job instance at 0x7f0c489db5f0>,5,15,[5 5],6,-1,33,-1,18
1,<environment.Job instance at 0x7f0c4802b7d0>,28,17,[7 4],29,-1,54,-1,37
1,<environment.Job instance at 0x7f0c4802baa0>,29,16,[ 1 10],30,-1,54,-1,38
1,<environment.Job instance at 0x7f0c4802bc30>,32,2,[4 8],33,-1,42,-1,40
1,<environment.Job instance at 0x7f0c4802bb90>,31,14,[ 2 10],32,-1,54,-1,40
1,<environment.Job instance at 0x7f0c4802b5f0>,25,25,[2 7],26,-1,65,-1,40
1,<environment.Job instance at 0x7f0c48015c30>,16,27,[13  1],17,-1,71,-1,44
1,<environment.Job instance at 0x7f0c486832d0>,51,26,[6 3],52,-1,84,-1,58
1,<environment.Job instance at 0x7f0c486831e0>,53,17,[10  5],54,-1,77,-1,60
1,<environment.Job instance at 0x7f0c48683410>,56,17,[10  5],57,-1,79,-1,62
1,<environment.Job instance at 0x7f0c48683c80>,62,17,[4 9],63,-1,102,-1,85
1,<environment.Job instance at 0x7f0c48683aa0>,66,22,[9 5],67,-1,107,-1,85
1,<environment.Job instance at 0x7f0c48683b90>,61,3,[11  1],62,-1,89,-1,86
1,<environment.Job instance at 0x7f0c4867fa50>,68,24,[7 4],69,-1,110,-1,86
1,<environment.Job instance at 0x7f0c48683fa0>,65,27,[8 5],66,-1,113,-1,86
1,<environment.Job instance at 0x7f0c4867f1e0>,71,14,[10  4],72,-1,101,-1,87
1,<environment.Job instance at 0x7f0c4867f7d0>,67,17,[5 5],68,-1,104,-1,87
1,<environment.Job instance at 0x7f0c4867fa00>,78,17,[ 1 13],79,-1,104,-1,87
1,<environment.Job instance at 0x7f0c4867f410>,73,13,[6 4],74,-1,100,-1,87
1,<environment.Job instance at 0x7f0c4867f690>,81,24,[ 3 14],82,-1,111,-1,87
1,<environment.Job instance at 0x7f0c4867ffa0>,80,14,[2 7],81,-1,103,-1,89
1,<environment.Job instance at 0x7f0c486518c0>,90,20,[9 2],91,-1,115,-1,95
1,<environment.Job instance at 0x7f0c4867f0f0>,69,18,[1 5],70,-1,113,-1,95
1,<environment.Job instance at 0x7f0c48651b90>,92,17,[4 7],93,-1,112,-1,95
1,<environment.Job instance at 0x7f0c48651230>,91,15,[ 3 13],92,-1,110,-1,95
1,<environment.Job instance at 0x7f0c486515a0>,94,15,[9 1],95,-1,110,-1,95
1,<environment.Job instance at 0x7f0c486513c0>,93,18,[2 9],94,-1,113,-1,95
1,<environment.Job instance at 0x7f0c4802b8c0>,27,17,[ 5 14],28,-1,141,-1,124
1,<environment.Job instance at 0x7f0c48034320>,104,19,[1 7],105,-1,157,-1,138
1,<environment.Job instance at 0x7f0c48651780>,96,26,[ 4 10],97,-1,164,-1,138
1,<environment.Job instance at 0x7f0c4867d140>,100,13,[1 5],101,-1,151,-1,138
1,<environment.Job instance at 0x7f0c48034280>,107,17,[7 2],108,-1,155,-1,138
1,<environment.Job instance at 0x7f0c480343c0>,105,13,[13  4],106,-1,151,-1,138
1,<environment.Job instance at 0x7f0c4803d0f0>,114,25,[7 4],115,-1,163,-1,138
1,<environment.Job instance at 0x7f0c4803d230>,115,22,[9 2],116,-1,160,-1,138
1,<environment.Job instance at 0x7f0c48bf8f50>,118,19,[2 5],119,-1,157,-1,138
1,<environment.Job instance at 0x7f0c48020a50>,121,21,[7 2],122,-1,159,-1,138
1,<environment.Job instance at 0x7f0c48025d20>,125,14,[7 2],126,-1,153,-1,139
1,<environment.Job instance at 0x7f0c4867d370>,126,18,[10  3],127,-1,160,-1,142
1,<environment.Job instance at 0x7f0c4867d820>,127,16,[3 9],128,-1,159,-1,143
1,<environment.Job instance at 0x7f0c4867d730>,134,17,[10  1],135,-1,164,-1,147
1,<environment.Job instance at 0x7f0c48c07690>,122,14,[ 4 14],123,-1,161,-1,147
1,<environment.Job instance at 0x7f0c4867d960>,132,17,[1 9],133,-1,164,-1,147
1,<environment.Job instance at 0x7f0c4802b550>,2,22,[13  5],3,-1,25,-1,3
1,<environment.Job instance at 0x7f0c4800fa00>,3,28,[10  5],4,-1,32,-1,4
1,<environment.Job instance at 0x7f0c4800f320>,7,27,[3 7],8,-1,47,-1,20
1,<environment.Job instance at 0x7f0c48651a00>,16,27,[13  1],17,-1,54,-1,27
1,<environment.Job instance at 0x7f0c4867d500>,25,25,[2 7],26,-1,78,-1,53
1,<environment.Job instance at 0x7f0c48682050>,27,17,[ 5 14],28,-1,70,-1,53
1,<environment.Job instance at 0x7f0c49552320>,51,26,[6 3],52,-1,160,-1,134
1,<environment.Job instance at 0x7f0c48be4230>,57,1,[ 5 12],58,-1,150,-1,149
1,<environment.Job instance at 0x7f0c48be4fa0>,59,3,[12  2],60,-1,152,-1,149
1,<environment.Job instance at 0x7f0c48be4dc0>,61,3,[11  1],62,-1,153,-1,150
1,<environment.Job instance at 0x7f0c495a3d70>,65,27,[8 5],66,-1,193,-1,166
1,<environment.Job instance at 0x7f0c49076aa0>,68,24,[7 4],69,-1,193,-1,169
1,<environment.Job instance at 0x7f0c48b0a820>,77,13,[ 2 13],78,-1,199,-1,186
1,<environment.Job instance at 0x7f0c48b0a8c0>,78,17,[ 1 13],79,-1,203,-1,186
1,<environment.Job instance at 0x7f0c48b0a230>,79,2,[12  1],80,-1,188,-1,186
1,<environment.Job instance at 0x7f0c48b0aa50>,81,24,[ 3 14],82,-1,211,-1,187
1,<environment.Job instance at 0x7f0c48d3f780>,1,17,[5 5],2,-1,19,-1,2
1,<environment.Job instance at 0x7f0c48d3fa50>,4,17,[1 5],5,-1,22,-1,5
1,<environment.Job instance at 0x7f0c48d3ff50>,8,16,[5 9],9,-1,25,-1,9
1,<environment.Job instance at 0x7f0c485a3410>,13,14,[2 7],14,-1,28,-1,14
1,<environment.Job instance at 0x7f0c48d3fcd0>,10,12,[4 6],11,-1,29,-1,17
1,<environment.Job instance at 0x7f0c485a3d20>,18,14,[8 5],19,-1,33,-1,19
1,<environment.Job instance at 0x7f0c4805ba00>,20,24,[7 2],21,-1,45,-1,21
1,<environment.Job instance at 0x7f0c48c11aa0>,22,25,[7 5],23,-1,48,-1,23
1,<environment.Job instance at 0x7f0c4899f500>,23,17,[2 5],24,-1,41,-1,24
1,<environment.Job instance at 0x7f0c48203230>,24,17,[2 6],25,-1,42,-1,25
1,<environment.Job instance at 0x7f0c48203aa0>,25,14,[3 5],26,-1,40,-1,26
1,<environment.Job instance at 0x7f0c47c92c80>,27,16,[ 2 10],28,-1,44,-1,28
1,<environment.Job instance at 0x7f0c48b6c4b0>,29,14,[3 9],30,-1,44,-1,30
1,<environment.Job instance at 0x7f0c4903d2d0>,30,15,[ 3 10],31,-1,46,-1,31
1,<environment.Job instance at 0x7f0c49244640>,31,12,[10  5],32,-1,44,-1,32
1,<environment.Job instance at 0x7f0c492516e0>,32,16,[5 8],33,-1,49,-1,33
1,<environment.Job instance at 0x7f0c48af0820>,34,18,[2 9],35,-1,53,-1,35
1,<environment.Job instance at 0x7f0c4883c1e0>,36,17,[4 9],37,-1,54,-1,37
1,<environment.Job instance at 0x7f0c4883ca50>,37,18,[3 7],38,-1,56,-1,38
1,<environment.Job instance at 0x7f0c4883c820>,40,13,[9 4],41,-1,54,-1,41
1,<environment.Job instance at 0x7f0c4883c230>,42,24,[2 9],43,-1,67,-1,43
1,<environment.Job instance at 0x7f0c48bf52d0>,44,15,[ 5 10],45,-1,60,-1,45
1,<environment.Job instance at 0x7f0c490d9dc0>,49,18,[1 9],50,-1,68,-1,50
1,<environment.Job instance at 0x7f0c490d93c0>,50,16,[9 3],51,-1,67,-1,51
1,<environment.Job instance at 0x7f0c48697b40>,52,17,[8 1],53,-1,70,-1,53
1,<environment.Job instance at 0x7f0c4832d820>,56,15,[5 5],57,-1,72,-1,57
1,<environment.Job instance at 0x7f0c48697dc0>,57,16,[5 9],58,-1,74,-1,58
1,<environment.Job instance at 0x7f0c48697730>,58,16,[7 3],59,-1,75,-1,59
1,<environment.Job instance at 0x7f0c484b4960>,59,20,[5 3],60,-1,80,-1,60
1,<environment.Job instance at 0x7f0c484b4230>,61,17,[4 6],62,-1,79,-1,62
1,<environment.Job instance at 0x7f0c48833be0>,64,14,[10  2],65,-1,79,-1,65
1,<environment.Job instance at 0x7f0c48833fa0>,65,23,[1 8],66,-1,89,-1,66
1,<environment.Job instance at 0x7f0c48833690>,68,13,[ 5 13],69,-1,82,-1,69
1,<environment.Job instance at 0x7f0c4882fcd0>,73,14,[8 4],74,-1,88,-1,74
1,<environment.Job instance at 0x7f0c4882f0f0>,74,18,[2 6],75,-1,93,-1,75
1,<environment.Job instance at 0x7f0c4882f370>,75,18,[4 6],76,-1,94,-1,76
1,<environment.Job instance at 0x7f0c4882f6e0>,77,18,[3 5],78,-1,96,-1,78
1,<environment.Job instance at 0x7f0c48d323c0>,78,19,[3 9],79,-1,98,-1,79
1,<environment.Job instance at 0x7f0c48a2dfa0>,81,18,[1 8],82,-1,100,-1,82
1,<environment.Job instance at 0x7f0c491dc0f0>,83,17,[6 4],84,-1,101,-1,84
1,<environment.Job instance at 0x7f0c48f0aaf0>,84,26,[8 5],85,-1,111,-1,85
1,<environment.Job instance at 0x7f0c482b4b40>,85,12,[9 4],86,-1,98,-1,86
1,<environment.Job instance at 0x7f0c482b4aa0>,87,17,[4 8],88,-1,105,-1,88
1,<environment.Job instance at 0x7f0c483f9690>,90,22,[6 2],91,-1,113,-1,91
1,<environment.Job instance at 0x7f0c49053f00>,93,24,[3 7],94,-1,118,-1,94
1,<environment.Job instance at 0x7f0c4848b3c0>,94,16,[10  1],95,-1,111,-1,95
1,<environment.Job instance at 0x7f0c4848b500>,95,18,[7 3],96,-1,114,-1,96
1,<environment.Job instance at 0x7f0c48c0a960>,99,18,[3 7],100,-1,118,-1,100
1,<environment.Job instance at 0x7f0c4803ecd0>,102,16,[ 4 12],103,-1,119,-1,103
1,<environment.Job instance at 0x7f0c48c561e0>,105,18,[6 3],106,-1,124,-1,106
1,<environment.Job instance at 0x7f0c4814d320>,108,18,[5 8],109,-1,127,-1,109
1,<environment.Job instance at 0x7f0c481c4410>,47,16,[5 7],48,-1,125,-1,109
1,<environment.Job instance at 0x7f0c488baaa0>,111,18,[10  3],112,-1,132,-1,114
1,<environment.Job instance at 0x7f0c488bab90>,115,25,[ 4 10],116,-1,141,-1,116
1,<environment.Job instance at 0x7f0c488ba910>,117,14,[10  2],118,-1,132,-1,118
1,<environment.Job instance at 0x7f0c48ab30f0>,118,15,[4 6],119,-1,134,-1,119
1,<environment.Job instance at 0x7f0c48491cd0>,126,18,[6 4],127,-1,145,-1,127
1,<environment.Job instance at 0x7f0c488bac80>,113,15,[5 6],114,-1,142,-1,127
1,<environment.Job instance at 0x7f0c4904eaa0>,130,17,[5 2],131,-1,148,-1,131
1,<environment.Job instance at 0x7f0c4904ecd0>,131,27,[4 5],132,-1,159,-1,132
1,<environment.Job instance at 0x7f0c4904ed20>,132,14,[5 7],133,-1,148,-1,134
1,<environment.Job instance at 0x7f0c481bd5f0>,134,14,[3 5],135,-1,149,-1,135
1,<environment.Job instance at 0x7f0c481bd1e0>,135,18,[1 8],136,-1,154,-1,136
1,<environment.Job instance at 0x7f0c481bdbe0>,136,27,[10  5],137,-1,164,-1,137
1,<environment.Job instance at 0x7f0c481bde60>,139,13,[5 7],140,-1,153,-1,140
1,<environment.Job instance at 0x7f0c481bd140>,140,15,[10  1],141,-1,156,-1,141
1,<environment.Job instance at 0x7f0c481bd320>,141,15,[2 9],142,-1,157,-1,142
1,<environment.Job instance at 0x7f0c481bdaf0>,142,17,[5 5],143,-1,160,-1,143
1,<environment.Job instance at 0x7f0c481bdf00>,145,17,[9 3],146,-1,163,-1,146
1,<environment.Job instance at 0x7f0c49053690>,6,2,[12  3],7,-1,9,-1,7
1,<environment.Job instance at 0x7f0c48c560f0>,5,25,[10  3],6,-1,58,-1,33
1,<environment.Job instance at 0x7f0c48d3f190>,14,3,[14  3],15,-1,36,-1,33
1,<environment.Job instance at 0x7f0c484ed5f0>,19,15,[13  3],20,-1,53,-1,38
1,<environment.Job instance at 0x7f0c48e40960>,20,24,[7 2],21,-1,62,-1,38
1,<environment.Job instance at 0x7f0c48682370>,22,25,[7 5],23,-1,66,-1,41
1,<environment.Job instance at 0x7f0c486510f0>,26,3,[12  5],27,-1,56,-1,53
1,<environment.Job instance at 0x7f0c49137140>,42,24,[2 9],43,-1,180,-1,156
1,<environment.Job instance at 0x7f0c48648910>,3,17,[10  2],4,-1,22,-1,5
1,<environment.Job instance at 0x7f0c48648230>,5,18,[8 1],6,-1,24,-1,6
1,<environment.Job instance at 0x7f0c486488c0>,7,17,[2 9],8,-1,25,-1,8
1,<environment.Job instance at 0x7f0c486484b0>,4,13,[1 5],5,-1,22,-1,9
1,<environment.Job instance at 0x7f0c48648370>,9,12,[9 3],10,-1,25,-1,13
1,<environment.Job instance at 0x7f0c47de3690>,13,27,[6 5],14,-1,41,-1,14
1,<environment.Job instance at 0x7f0c47de3c30>,15,26,[6 1],16,-1,42,-1,16
1,<environment.Job instance at 0x7f0c47de3370>,16,16,[10  2],17,-1,33,-1,17
1,<environment.Job instance at 0x7f0c47de3cd0>,17,15,[7 3],18,-1,33,-1,18
1,<environment.Job instance at 0x7f0c47de3280>,18,15,[5 7],19,-1,34,-1,19
1,<environment.Job instance at 0x7f0c47dd77d0>,19,14,[9 3],20,-1,34,-1,20
1,<environment.Job instance at 0x7f0c47dd7500>,20,26,[4 5],21,-1,47,-1,21
1,<environment.Job instance at 0x7f0c47dd7b90>,21,16,[7 3],22,-1,38,-1,22
1,<environment.Job instance at 0x7f0c47dd70f0>,23,17,[9 1],24,-1,41,-1,24
1,<environment.Job instance at 0x7f0c47dd70a0>,25,18,[8 2],26,-1,44,-1,26
1,<environment.Job instance at 0x7f0c47dd7be0>,28,15,[7 5],29,-1,44,-1,29
1,<environment.Job instance at 0x7f0c47dd72d0>,29,23,[4 6],30,-1,53,-1,30
1,<environment.Job instance at 0x7f0c491412d0>,34,17,[7 5],35,-1,52,-1,35
1,<environment.Job instance at 0x7f0c49141730>,36,14,[ 4 10],37,-1,51,-1,37
1,<environment.Job instance at 0x7f0c47de3aa0>,12,22,[8 5],13,-1,63,-1,41
1,<environment.Job instance at 0x7f0c4849aaf0>,47,25,[9 5],48,-1,75,-1,50
1,<environment.Job instance at 0x7f0c48d759b0>,43,16,[1 8],44,-1,66,-1,50
1,<environment.Job instance at 0x7f0c47de3230>,11,16,[14  3],12,-1,67,-1,51
1,<environment.Job instance at 0x7f0c4849a2d0>,45,15,[4 8],46,-1,70,-1,55
1,<environment.Job instance at 0x7f0c48a251e0>,50,15,[2 9],51,-1,70,-1,55
1,<environment.Job instance at 0x7f0c482aa370>,58,15,[ 5 14],59,-1,74,-1,59
1,<environment.Job instance at 0x7f0c482aa960>,59,1,[8 4],60,-1,61,-1,60
1,<environment.Job instance at 0x7f0c495f4910>,60,14,[1 8],61,-1,75,-1,61
1,<environment.Job instance at 0x7f0c495f4aa0>,61,14,[9 1],62,-1,76,-1,62
1,<environment.Job instance at 0x7f0c482aaaf0>,62,13,[8 3],63,-1,76,-1,63
1,<environment.Job instance at 0x7f0c495f4640>,63,15,[4 9],64,-1,79,-1,64
1,<environment.Job instance at 0x7f0c48efdeb0>,65,14,[6 2],66,-1,81,-1,67
1,<environment.Job instance at 0x7f0c4849aa50>,44,15,[9 3],45,-1,82,-1,67
1,<environment.Job instance at 0x7f0c489f9c80>,68,27,[4 6],69,-1,96,-1,69
1,<environment.Job instance at 0x7f0c4952c0a0>,73,12,[10  3],74,-1,86,-1,74
1,<environment.Job instance at 0x7f0c4952c370>,74,14,[10  2],75,-1,89,-1,75
1,<environment.Job instance at 0x7f0c482da280>,81,18,[1 6],82,-1,100,-1,82
1,<environment.Job instance at 0x7f0c484b4870>,82,17,[5 2],83,-1,100,-1,83
1,<environment.Job instance at 0x7f0c484b4a00>,83,14,[8 5],84,-1,98,-1,84
1,<environment.Job instance at 0x7f0c484b40a0>,85,18,[5 8],86,-1,104,-1,86
1,<environment.Job instance at 0x7f0c484e7e60>,87,16,[3 5],88,-1,104,-1,88
1,<environment.Job instance at 0x7f0c484e7eb0>,89,18,[5 6],90,-1,108,-1,90
1,<environment.Job instance at 0x7f0c47ca5780>,95,16,[2 7],96,-1,112,-1,96
1,<environment.Job instance at 0x7f0c486ee690>,96,16,[4 6],97,-1,113,-1,97
1,<environment.Job instance at 0x7f0c486eec80>,98,16,[10  1],99,-1,120,-1,104
1,<environment.Job instance at 0x7f0c48d1f1e0>,105,18,[4 6],106,-1,128,-1,110
1,<environment.Job instance at 0x7f0c4872b500>,8,27,[9 1],9,-1,51,-1,24
1,<environment.Job instance at 0x7f0c48d3f820>,11,16,[14  3],12,-1,40,-1,24
1,<environment.Job instance at 0x7f0c495ef140>,13,27,[6 5],14,-1,51,-1,24
1,<environment.Job instance at 0x7f0c47f11140>,15,26,[6 1],16,-1,50,-1,24
1,<environment.Job instance at 0x7f0c47fd53c0>,20,26,[4 5],21,-1,73,-1,47
1,<environment.Job instance at 0x7f0c495a5d20>,27,15,[12  1],28,-1,85,-1,70
1,<environment.Job instance at 0x7f0c495d41e0>,29,23,[4 6],30,-1,103,-1,80
1,<environment.Job instance at 0x7f0c495d4730>,30,1,[ 2 14],31,-1,81,-1,80
1,<environment.Job instance at 0x7f0c495b15f0>,48,2,[ 1 13],49,-1,153,-1,151
1,<environment.Job instance at 0x7f0c495b1230>,47,25,[9 5],48,-1,177,-1,152
1,<environment.Job instance at 0x7f0c49332460>,55,15,[ 3 14],56,-1,184,-1,169
1,<environment.Job instance at 0x7f0c493324b0>,58,15,[ 5 14],59,-1,185,-1,170
1,<environment.Job instance at 0x7f0c484fb5f0>,6,13,[9 2],7,-1,21,-1,8
1,<environment.Job instance at 0x7f0c487e8a50>,8,14,[4 8],9,-1,23,-1,9
1,<environment.Job instance at 0x7f0c4843f690>,7,17,[2 8],8,-1,27,-1,10
1,<environment.Job instance at 0x7f0c487e85f0>,10,13,[9 1],11,-1,27,-1,14
1,<environment.Job instance at 0x7f0c48d6db90>,14,16,[12  4],15,-1,31,-1,15
1,<environment.Job instance at 0x7f0c486ded20>,16,15,[7 1],17,-1,32,-1,17
1,<environment.Job instance at 0x7f0c486de6e0>,17,13,[ 5 10],18,-1,31,-1,18
1,<environment.Job instance at 0x7f0c480d30f0>,18,16,[11  4],19,-1,35,-1,19
1,<environment.Job instance at 0x7f0c48821140>,22,15,[4 5],23,-1,38,-1,23
1,<environment.Job instance at 0x7f0c484ce910>,23,26,[9 5],24,-1,50,-1,24
1,<environment.Job instance at 0x7f0c4832d870>,27,14,[5 1],28,-1,42,-1,28
1,<environment.Job instance at 0x7f0c48b695f0>,28,16,[12  5],29,-1,45,-1,29
1,<environment.Job instance at 0x7f0c47e3a460>,29,25,[4 9],30,-1,55,-1,30
1,<environment.Job instance at 0x7f0c482033c0>,31,16,[1 8],32,-1,48,-1,32
1,<environment.Job instance at 0x7f0c490750f0>,32,16,[ 5 10],33,-1,49,-1,33
1,<environment.Job instance at 0x7f0c48d6daa0>,11,16,[10  2],12,-1,50,-1,34
1,<environment.Job instance at 0x7f0c4802b4b0>,40,14,[10  2],41,-1,59,-1,45
1,<environment.Job instance at 0x7f0c48d3f0f0>,44,19,[3 6],45,-1,65,-1,46
1,<environment.Job instance at 0x7f0c48d3ff50>,47,13,[2 9],48,-1,61,-1,48
1,<environment.Job instance at 0x7f0c48d3f910>,45,17,[5 3],46,-1,67,-1,50
1,<environment.Job instance at 0x7f0c49096960>,37,18,[7 4],38,-1,69,-1,51
1,<environment.Job instance at 0x7f0c48b78960>,50,15,[4 8],51,-1,66,-1,51
1,<environment.Job instance at 0x7f0c47eb3a00>,51,16,[3 6],52,-1,68,-1,52
1,<environment.Job instance at 0x7f0c48b78d20>,52,12,[11  5],53,-1,65,-1,53
1,<environment.Job instance at 0x7f0c484d4910>,56,16,[6 2],57,-1,73,-1,57
1,<environment.Job instance at 0x7f0c480440a0>,58,14,[3 7],59,-1,73,-1,59
1,<environment.Job instance at 0x7f0c485fceb0>,61,15,[5 5],62,-1,77,-1,62
1,<environment.Job instance at 0x7f0c485fc500>,62,16,[3 5],63,-1,79,-1,63
1,<environment.Job instance at 0x7f0c485fc960>,63,18,[8 4],64,-1,82,-1,64
1,<environment.Job instance at 0x7f0c49254140>,66,14,[6 5],67,-1,81,-1,67
1,<environment.Job instance at 0x7f0c49254500>,67,13,[9 3],68,-1,81,-1,68
1,<environment.Job instance at 0x7f0c49254f00>,68,15,[7 4],69,-1,84,-1,69
1,<environment.Job instance at 0x7f0c492545a0>,70,15,[2 7],71,-1,86,-1,71
1,<environment.Job instance at 0x7f0c48bfb320>,49,17,[8 4],50,-1,89,-1,72
1,<environment.Job instance at 0x7f0c49254050>,74,13,[5 6],75,-1,93,-1,80
1,<environment.Job instance at 0x7f0c495576e0>,86,24,[8 4],87,-1,111,-1,87
1,<environment.Job instance at 0x7f0c48abf5f0>,79,13,[11  2],80,-1,101,-1,88
1,<environment.Job instance at 0x7f0c48abfbe0>,84,17,[ 3 11],85,-1,107,-1,90
1,<environment.Job instance at 0x7f0c495579b0>,94,22,[10  1],95,-1,117,-1,95
1,<environment.Job instance at 0x7f0c49557870>,89,15,[3 9],90,-1,114,-1,99
1,<environment.Job instance at 0x7f0c49557910>,85,16,[9 5],86,-1,116,-1,100
1,<environment.Job instance at 0x7f0c49557fa0>,87,17,[8 3],88,-1,117,-1,100
1,<environment.Job instance at 0x7f0c47de3dc0>,99,15,[3 5],100,-1,115,-1,100
1,<environment.Job instance at 0x7f0c47de30a0>,100,18,[1 5],101,-1,119,-1,101
1,<environment.Job instance at 0x7f0c47de39b0>,101,12,[7 4],102,-1,114,-1,102
1,<environment.Job instance at 0x7f0c48025910>,112,28,[9 3],113,-1,144,-1,116
1,<environment.Job instance at 0x7f0c48025190>,114,16,[8 3],115,-1,132,-1,116
1,<environment.Job instance at 0x7f0c480256e0>,115,18,[5 9],116,-1,134,-1,116
1,<environment.Job instance at 0x7f0c47de3640>,102,15,[ 2 13],103,-1,134,-1,119
1,<environment.Job instance at 0x7f0c480257d0>,117,14,[7 2],118,-1,133,-1,119
1,<environment.Job instance at 0x7f0c48025780>,120,13,[8 3],121,-1,134,-1,121
1,<environment.Job instance at 0x7f0c48bf7be0>,121,13,[8 4],122,-1,135,-1,122
1,<environment.Job instance at 0x7f0c48bf73c0>,122,15,[4 5],123,-1,138,-1,123
1,<environment.Job instance at 0x7f0c48bf7190>,123,13,[10  4],124,-1,138,-1,125
1,<environment.Job instance at 0x7f0c48bf7a50>,125,18,[14  5],126,-1,144,-1,126
1,<environment.Job instance at 0x7f0c48bf7d70>,130,17,[10  3],131,-1,150,-1,133
1,<environment.Job instance at 0x7f0c48bf70a0>,134,18,[5 8],135,-1,153,-1,135
1,<environment.Job instance at 0x7f0c47ca52d0>,136,12,[9 2],137,-1,149,-1,137
1,<environment.Job instance at 0x7f0c47ca5eb0>,137,27,[9 3],138,-1,165,-1,138
1,<environment.Job instance at 0x7f0c48bf7e10>,131,3,[8 4],132,-1,141,-1,138
1,<environment.Job instance at 0x7f0c47ca57d0>,139,16,[14  4],140,-1,156,-1,140
1,<environment.Job instance at 0x7f0c47ca5550>,142,14,[8 5],143,-1,157,-1,143
1,<environment.Job instance at 0x7f0c47ca5a50>,145,15,[10  4],146,-1,165,-1,150
1,<environment.Job instance at 0x7f0c47ca5be0>,146,18,[1 6],147,-1,168,-1,150
1,<environment.Job instance at 0x7f0c495570a0>,14,16,[12  4],15,-1,49,-1,33
1,<environment.Job instance at 0x7f0c47de31e0>,18,16,[11  4],19,-1,54,-1,38
1,<environment.Job instance at 0x7f0c47ca5460>,23,26,[9 5],24,-1,78,-1,52
1,<environment.Job instance at 0x7f0c48a222d0>,26,3,[ 2 12],27,-1,57,-1,54
1,<environment.Job instance at 0x7f0c485bc370>,28,16,[12  5],29,-1,70,-1,54
1,<environment.Job instance at 0x7f0c485bc910>,29,25,[4 9],30,-1,81,-1,56
1,<environment.Job instance at 0x7f0c485c6320>,33,2,[ 3 12],34,-1,68,-1,66
1,<environment.Job instance at 0x7f0c4917f4b0>,39,18,[14  4],40,-1,105,-1,87
1,<environment.Job instance at 0x7f0c47e13cd0>,41,13,[ 2 13],42,-1,102,-1,89
1,<environment.Job instance at 0x7f0c47e13f50>,42,3,[ 2 14],43,-1,92,-1,89
1,<environment.Job instance at 0x7f0c48541190>,52,12,[11  5],53,-1,135,-1,123
1,<environment.Job instance at 0x7f0c481fe3c0>,0,14,[ 1 10],1,-1,15,-1,1
1,<environment.Job instance at 0x7f0c4869c230>,4,16,[10  5],5,-1,22,-1,6
1,<environment.Job instance at 0x7f0c486b5f50>,6,16,[ 2 10],7,-1,23,-1,7
1,<environment.Job instance at 0x7f0c486b5a50>,8,13,[1 5],9,-1,22,-1,9
1,<environment.Job instance at 0x7f0c486b5c30>,9,16,[3 8],10,-1,26,-1,10
1,<environment.Job instance at 0x7f0c486b5690>,10,15,[7 3],11,-1,26,-1,11
1,<environment.Job instance at 0x7f0c486b5140>,11,18,[4 9],12,-1,30,-1,12
1,<environment.Job instance at 0x7f0c4869a6e0>,15,14,[4 7],16,-1,30,-1,16
1,<environment.Job instance at 0x7f0c486b5b90>,5,12,[6 1],6,-1,28,-1,16
1,<environment.Job instance at 0x7f0c486c4eb0>,18,13,[9 1],19,-1,33,-1,20
1,<environment.Job instance at 0x7f0c486c4be0>,19,2,[10  4],20,-1,23,-1,21
1,<environment.Job instance at 0x7f0c48689460>,24,17,[5 4],25,-1,42,-1,25
1,<environment.Job instance at 0x7f0c48689b40>,26,18,[6 5],27,-1,45,-1,27
1,<environment.Job instance at 0x7f0c48689230>,27,14,[10  5],28,-1,43,-1,29
1,<environment.Job instance at 0x7f0c4898f460>,32,16,[5 8],33,-1,49,-1,33
1,<environment.Job instance at 0x7f0c4898f320>,33,22,[7 2],34,-1,56,-1,34
1,<environment.Job instance at 0x7f0c48855190>,35,16,[7 2],36,-1,52,-1,36
1,<environment.Job instance at 0x7f0c48863c30>,39,3,[7 1],40,-1,43,-1,40
1,<environment.Job instance at 0x7f0c48ab4190>,40,1,[5 8],41,-1,42,-1,41
1,<environment.Job instance at 0x7f0c48ac16e0>,43,15,[5 5],44,-1,59,-1,44
1,<environment.Job instance at 0x7f0c47fb6e10>,44,13,[ 2 10],45,-1,59,-1,46
1,<environment.Job instance at 0x7f0c4869a050>,46,18,[5 5],47,-1,65,-1,47
1,<environment.Job instance at 0x7f0c4869ac30>,47,18,[9 5],48,-1,66,-1,48
1,<environment.Job instance at 0x7f0c47e02aa0>,53,19,[7 4],54,-1,73,-1,54
1,<environment.Job instance at 0x7f0c47e02b40>,54,18,[9 3],55,-1,73,-1,55
1,<environment.Job instance at 0x7f0c47e80aa0>,16,1,[ 5 14],17,-1,35,-1,34
1,<environment.Job instance at 0x7f0c491600a0>,17,18,[ 5 13],18,-1,52,-1,34
1,<environment.Job instance at 0x7f0c4914e1e0>,22,17,[ 5 13],23,-1,70,-1,53
1,<environment.Job instance at 0x7f0c49159640>,23,12,[ 5 12],24,-1,65,-1,53
1,<environment.Job instance at 0x7f0c488d51e0>,41,18,[14  1],42,-1,137,-1,119
1,<environment.Job instance at 0x7f0c47e59730>,48,18,[ 1 13],49,-1,163,-1,145
1,<environment.Job instance at 0x7f0c47cfc6e0>,55,26,[ 2 12],56,-1,211,-1,185
1,<environment.Job instance at 0x7f0c4898f960>,1,15,[9 1],2,-1,22,-1,7
1,<environment.Job instance at 0x7f0c4898f3c0>,8,15,[2 9],9,-1,24,-1,9
1,<environment.Job instance at 0x7f0c4898f870>,9,17,[1 9],10,-1,27,-1,10
1,<environment.Job instance at 0x7f0c4898f2d0>,11,18,[8 3],12,-1,30,-1,12
1,<environment.Job instance at 0x7f0c4898fa50>,12,16,[4 9],13,-1,29,-1,13
1,<environment.Job instance at 0x7f0c4898f190>,6,27,[4 9],7,-1,43,-1,16
1,<environment.Job instance at 0x7f0c47df0550>,15,13,[11  5],16,-1,30,-1,17
1,<environment.Job instance at 0x7f0c47df01e0>,17,15,[6 4],18,-1,33,-1,18
1,<environment.Job instance at 0x7f0c47df0500>,19,13,[3 9],20,-1,33,-1,20
1,<environment.Job instance at 0x7f0c47df0a00>,20,14,[6 2],21,-1,35,-1,21
1,<environment.Job instance at 0x7f0c47df0230>,16,24,[8 3],17,-1,46,-1,22
1,<environment.Job instance at 0x7f0c47df0910>,24,18,[1 6],25,-1,43,-1,25
1,<environment.Job instance at 0x7f0c47df0af0>,22,16,[6 1],23,-1,41,-1,25
1,<environment.Job instance at 0x7f0c47df0780>,28,16,[6 3],29,-1,47,-1,31
1,<environment.Job instance at 0x7f0c47df0960>,26,12,[10  3],27,-1,43,-1,31
1,<environment.Job instance at 0x7f0c47fbce10>,31,18,[3 7],32,-1,51,-1,33
1,<environment.Job instance at 0x7f0c47fbc1e0>,34,15,[8 1],35,-1,50,-1,35
1,<environment.Job instance at 0x7f0c47df08c0>,29,18,[4 9],30,-1,57,-1,39
1,<environment.Job instance at 0x7f0c47fbc280>,38,15,[3 7],39,-1,54,-1,39
1,<environment.Job instance at 0x7f0c4899b8c0>,39,12,[6 3],40,-1,53,-1,41
1,<environment.Job instance at 0x7f0c4899bcd0>,40,15,[5 4],41,-1,56,-1,41
1,<environment.Job instance at 0x7f0c4899b870>,41,15,[ 4 10],42,-1,58,-1,43
1,<environment.Job instance at 0x7f0c4899b050>,46,13,[9 1],47,-1,60,-1,47
1,<environment.Job instance at 0x7f0c4899b730>,47,18,[9 5],48,-1,66,-1,48
1,<environment.Job instance at 0x7f0c4899be10>,42,18,[4 6],43,-1,67,-1,49
1,<environment.Job instance at 0x7f0c4899b460>,50,15,[7 1],51,-1,66,-1,51
1,<environment.Job instance at 0x7f0c4898f1e0>,3,15,[3 5],4,-1,67,-1,52
1,<environment.Job instance at 0x7f0c4899ba00>,51,16,[1 5],52,-1,68,-1,52
1,<environment.Job instance at 0x7f0c4899b5a0>,53,13,[9 4],54,-1,67,-1,54
1,<environment.Job instance at 0x7f0c4899b640>,54,18,[5 2],55,-1,73,-1,55
1,<environment.Job instance at 0x7f0c4899b7d0>,55,14,[ 3 10],56,-1,70,-1,56
1,<environment.Job instance at 0x7f0c48abdb90>,57,23,[8 5],58,-1,81,-1,58
1,<environment.Job instance at 0x7f0c48abd5a0>,59,15,[ 5 10],60,-1,75,-1,60
1,<environment.Job instance at 0x7f0c489c0550>,63,15,[5 6],64,-1,80,-1,65
1,<environment.Job instance at 0x7f0c489c0870>,70,17,[ 5 10],71,-1,101,-1,84
1,<environment.Job instance at 0x7f0c489c0f50>,64,25,[1 9],65,-1,109,-1,84
1,<environment.Job instance at 0x7f0c48a8caf0>,79,21,[6 4],80,-1,105,-1,84
1,<environment.Job instance at 0x7f0c48a8cc80>,81,15,[5 7],82,-1,99,-1,84
1,<environment.Job instance at 0x7f0c48a8c640>,74,12,[8 1],75,-1,96,-1,84
1,<environment.Job instance at 0x7f0c48a8caa0>,83,13,[10  1],84,-1,97,-1,84
1,<environment.Job instance at 0x7f0c4899bd20>,43,14,[12  2],44,-1,98,-1,84
1,<environment.Job instance at 0x7f0c48a8c6e0>,82,14,[1 6],83,-1,98,-1,84
1,<environment.Job instance at 0x7f0c48ab4910>,86,17,[1 6],87,-1,106,-1,89
1,<environment.Job instance at 0x7f0c48ab4cd0>,88,13,[9 3],89,-1,104,-1,91
1,<environment.Job instance at 0x7f0c48a8c960>,75,22,[ 4 13],76,-1,115,-1,93
1,<environment.Job instance at 0x7f0c48ab4c80>,90,12,[5 3],91,-1,105,-1,93
1,<environment.Job instance at 0x7f0c48ab4eb0>,92,15,[5 6],93,-1,108,-1,93
1,<environment.Job instance at 0x7f0c48aba9b0>,95,16,[9 2],96,-1,113,-1,97
1,<environment.Job instance at 0x7f0c48abac80>,99,12,[4 5],100,-1,112,-1,100
1,<environment.Job instance at 0x7f0c48abac30>,100,18,[12  5],101,-1,119,-1,101
1,<environment.Job instance at 0x7f0c48a967d0>,102,17,[6 1],103,-1,120,-1,103
1,<environment.Job instance at 0x7f0c48a962d0>,103,14,[ 4 11],104,-1,118,-1,104
1,<environment.Job instance at 0x7f0c48a96a50>,105,16,[ 5 10],106,-1,122,-1,106
1,<environment.Job instance at 0x7f0c4932a910>,0,17,[ 4 12],1,-1,18,-1,1
1,<environment.Job instance at 0x7f0c48f84c80>,6,27,[4 9],7,-1,44,-1,17
1,<environment.Job instance at 0x7f0c49038460>,15,13,[11  5],16,-1,48,-1,35
1,<environment.Job instance at 0x7f0c4913aa50>,16,24,[8 3],17,-1,62,-1,38
1,<environment.Job instance at 0x7f0c48b0d6e0>,18,12,[ 4 11],19,-1,50,-1,38
1,<environment.Job instance at 0x7f0c493af690>,21,3,[ 3 11],22,-1,50,-1,47
1,<environment.Job instance at 0x7f0c4839f960>,32,13,[ 4 11],33,-1,106,-1,93
1,<environment.Job instance at 0x7f0c51bfd140>,43,14,[12  2],44,-1,155,-1,141
1,<environment.Job instance at 0x7f0c4932ad20>,4,25,[5 5],5,-1,30,-1,5
1,<environment.Job instance at 0x7f0c48664c80>,5,14,[9 5],6,-1,20,-1,6
1,<environment.Job instance at 0x7f0c4958aaa0>,7,18,[8 5],8,-1,27,-1,9
1,<environment.Job instance at 0x7f0c493531e0>,24,23,[6 3],25,-1,121,-1,98
1,<environment.Job instance at 0x7f0c495b11e0>,1,28,[12  4],2,-1,30,-1,2
1,<environment.Job instance at 0x7f0c485d9cd0>,4,25,[5 5],5,-1,31,-1,6
1,<environment.Job instance at 0x7f0c481f3b40>,6,13,[14  4],7,-1,20,-1,7
1,<environment.Job instance at 0x7f0c485f25f0>,10,13,[12  5],11,-1,24,-1,11
1,<environment.Job instance at 0x7f0c47e0b190>,12,27,[6 2],13,-1,47,-1,20
1,<environment.Job instance at 0x7f0c47e0b870>,14,26,[8 4],15,-1,46,-1,20
1,<environment.Job instance at 0x7f0c4957a460>,24,23,[6 3],25,-1,66,-1,43
1,<environment.Job instance at 0x7f0c495448c0>,33,28,[8 5],34,-1,103,-1,75
1,<environment.Job instance at 0x7f0c494a55f0>,39,23,[2 9],40,-1,120,-1,97
1,<environment.Job instance at 0x7f0c48faac30>,41,14,[ 4 12],42,-1,111,-1,97
1,<environment.Job instance at 0x7f0c48bdd870>,48,16,[ 2 12],49,-1,130,-1,114
1,<environment.Job instance at 0x7f0c48bdd3c0>,51,26,[13  2],52,-1,153,-1,127
1,<environment.Job instance at 0x7f0c51c7a5f0>,57,23,[10  2],58,-1,184,-1,161
1,<environment.Job instance at 0x7f0c48b6d8c0>,63,23,[5 6],64,-1,184,-1,161
