iteration,job object,job ID,job Length,job ressource requirement,job enter time,job start time,job finish time,job waiting time,current time
1,<environment.Job instance at 0x146fb3ffcdc0>,3,1,[6 2],4,7,8,3,7
1,<environment.Job instance at 0x146fb3ffa280>,2,1,[2 6],3,3,4,0,3
1,<environment.Job instance at 0x146fb3ffc8c0>,1,18,[8 1],2,3,21,1,3
1,<environment.Job instance at 0x146fb2c81fa0>,0,2,[6 1],1,2,4,1,2
1,<environment.Job instance at 0x146fb2c86320>,2,3,[1 8],3,4,7,1,4
1,<environment.Job instance at 0x146fb2c86f00>,3,3,[1 8],4,7,10,3,4
1,<environment.Job instance at 0x146fb3ffc550>,1,13,[2 8],2,10,23,8,4
1,<environment.Job instance at 0x146fb7aa5dc0>,0,1,[2 5],1,2,3,1,2
1,<environment.Job instance at 0x146fb3ac5190>,1,18,[8 1],2,2,20,0,2
1,<environment.Job instance at 0x146fb47f3550>,3,13,[6 1],4,5,18,1,5
1,<environment.Job instance at 0x146fb3762640>,1,13,[2 8],2,4,17,2,4
1,<environment.Job instance at 0x146fb7e27410>,0,1,[2 5],1,2,3,1,2
1,<environment.Job instance at 0x146fbbd317d0>,2,1,[2 5],3,8,9,5,8
1,<environment.Job instance at 0x146fbbb356e0>,1,18,[8 1],2,2,20,0,2
1,<environment.Job instance at 0x146fb75e61e0>,1,13,[2 8],2,14,27,12,14
1,<environment.Job instance at 0x146fb7c28d70>,1,17,[6 1],3,4,21,1,4
1,<environment.Job instance at 0x146fb95d0a00>,3,1,[6 2],4,10,11,6,10
1,<environment.Job instance at 0x146fb7f18410>,2,1,[2 6],3,4,5,1,4
1,<environment.Job instance at 0x146fbbb93f00>,3,13,[6 1],4,4,17,0,4
1,<environment.Job instance at 0x146fba71eb40>,1,13,[2 8],2,4,17,2,4
1,<environment.Job instance at 0x146fb36ed960>,3,3,[1 8],4,17,20,13,7
1,<environment.Job instance at 0x146fb820cc80>,1,2,[ 1 10],3,4,6,1,4
1,<environment.Job instance at 0x146fb77b1550>,0,1,[2 5],1,1,2,0,1
1,<environment.Job instance at 0x146fb43325f0>,3,3,[1 8],4,5,8,1,5
1,<environment.Job instance at 0x146fb7d17b90>,1,2,[ 1 10],3,4,6,1,4
1,<environment.Job instance at 0x146fb909fb90>,0,1,[2 5],1,2,3,1,2
1,<environment.Job instance at 0x146fb8c26460>,1,18,[8 1],2,2,20,0,2
1,<environment.Job instance at 0x146fb5c22b90>,1,2,[ 1 10],3,12,14,9,12
1,<environment.Job instance at 0x146fba72ea00>,0,1,[2 5],1,3,4,2,3
1,<environment.Job instance at 0x146fb7cfc820>,2,1,[2 5],3,3,4,0,3
1,<environment.Job instance at 0x146fb2d4d0a0>,3,13,[6 1],4,29,42,25,29
1,<environment.Job instance at 0x146fbb1ea8c0>,2,3,[1 8],3,3,6,0,3
1,<environment.Job instance at 0x146fb6692780>,1,13,[2 8],2,6,19,4,3
1,<environment.Job instance at 0x146fb7ce8a50>,0,2,[8 1],2,5,7,3,5
1,<environment.Job instance at 0x146fb4708910>,1,17,[6 1],3,4,21,1,4
1,<environment.Job instance at 0x146fb3a9f370>,2,1,[2 5],3,3,4,0,3
1,<environment.Job instance at 0x146fb3a9f050>,3,1,[6 2],4,5,6,1,5
1,<environment.Job instance at 0x146fb8e2a820>,1,18,[8 1],2,2,20,0,2
1,<environment.Job instance at 0x146fba3c68c0>,0,2,[6 1],1,1,3,0,1
1,<environment.Job instance at 0x146fb423baa0>,0,2,[8 1],2,2,4,0,2
1,<environment.Job instance at 0x146fb3b47aa0>,1,2,[ 1 10],3,3,5,0,3
1,<environment.Job instance at 0x146fb43ae500>,0,1,[2 5],1,1,2,0,1
1,<environment.Job instance at 0x146fb43ae5a0>,1,17,[6 1],3,3,20,0,3
1,<environment.Job instance at 0x146fbb367b40>,2,1,[2 5],3,3,4,0,3
1,<environment.Job instance at 0x146fb60b7320>,3,1,[6 2],4,4,5,0,4
1,<environment.Job instance at 0x146fb60b7690>,2,1,[2 5],3,3,4,0,3
1,<environment.Job instance at 0x146fbac87910>,3,1,[6 2],4,4,5,0,4
1,<environment.Job instance at 0x146fb67a87d0>,0,2,[6 1],1,1,3,0,1
1,<environment.Job instance at 0x146fba48ef50>,2,3,[1 8],3,3,6,0,3
1,<environment.Job instance at 0x146fbaf63d20>,0,2,[8 1],2,3,5,1,3
1,<environment.Job instance at 0x146fb426e910>,2,1,[2 5],3,3,4,0,3
1,<environment.Job instance at 0x146fba13e870>,3,1,[6 2],4,4,5,0,4
1,<environment.Job instance at 0x146fb92495a0>,2,1,[2 6],3,3,4,0,3
1,<environment.Job instance at 0x146fb91f50f0>,0,2,[6 1],1,1,3,0,1
1,<environment.Job instance at 0x146fb91f58c0>,2,3,[1 8],3,3,6,0,3
1,<environment.Job instance at 0x146fb362cc80>,0,2,[8 1],2,2,4,0,2
1,<environment.Job instance at 0x146fb29e3f00>,1,2,[ 1 10],3,3,5,0,3
1,<environment.Job instance at 0x146fb4fcd370>,0,1,[2 5],1,1,2,0,1
1,<environment.Job instance at 0x146fb7198730>,2,1,[2 5],3,3,4,0,3
1,<environment.Job instance at 0x146fb455cf50>,3,1,[6 2],4,4,5,0,4
1,<environment.Job instance at 0x146fbd74ff50>,1,18,[8 1],2,2,20,0,2
1,<environment.Job instance at 0x146fb59ac500>,2,1,[2 6],3,3,4,0,3
1,<environment.Job instance at 0x146fb181b280>,0,2,[6 1],1,1,3,0,1
1,<environment.Job instance at 0x146fb3f88960>,0,2,[8 1],2,2,4,0,2
1,<environment.Job instance at 0x146fb2f08230>,1,2,[ 1 10],3,3,5,0,3
1,<environment.Job instance at 0x146fb801ad70>,0,1,[2 5],1,1,2,0,1
1,<environment.Job instance at 0x146fb28140f0>,1,17,[6 1],3,3,20,0,3
1,<environment.Job instance at 0x146fbb5a58c0>,2,1,[2 5],3,3,4,0,3
1,<environment.Job instance at 0x146fb5042e10>,3,1,[6 2],4,4,5,0,4
1,<environment.Job instance at 0x146fbbac3730>,1,18,[8 1],2,2,20,0,2
1,<environment.Job instance at 0x146fb790e780>,2,1,[2 6],3,3,4,0,3
1,<environment.Job instance at 0x146fb16b3050>,0,2,[6 1],1,1,3,0,1
1,<environment.Job instance at 0x146fb1660140>,0,2,[8 1],2,2,4,0,2
1,<environment.Job instance at 0x146fb63b0230>,1,2,[ 1 10],3,3,5,0,3
1,<environment.Job instance at 0x146fb37ddb90>,0,1,[2 5],1,1,2,0,1
1,<environment.Job instance at 0x146fb94579b0>,1,17,[6 1],3,3,20,0,3
1,<environment.Job instance at 0x146fb4c735f0>,2,1,[2 5],3,3,4,0,3
1,<environment.Job instance at 0x146fb9dbf1e0>,3,1,[6 2],4,4,5,0,4
1,<environment.Job instance at 0x146fb9dbf6e0>,1,18,[8 1],2,2,20,0,2
1,<environment.Job instance at 0x146fb7fd1230>,2,1,[2 6],3,3,4,0,3
1,<environment.Job instance at 0x146fb7f813c0>,0,2,[6 1],1,1,3,0,1
1,<environment.Job instance at 0x146fb36be1e0>,0,2,[8 1],2,2,4,0,2
1,<environment.Job instance at 0x146fb6d725a0>,1,2,[ 1 10],3,3,5,0,3
1,<environment.Job instance at 0x146fba261c30>,0,1,[2 5],1,1,2,0,1
1,<environment.Job instance at 0x147e53717fa0>,2,1,[2 5],3,3,4,0,3
1,<environment.Job instance at 0x147dfcea4c30>,3,1,[6 2],4,4,5,0,4
1,<environment.Job instance at 0x147dfcea4e60>,4,2,[7 2],5,5,7,0,5
1,<environment.Job instance at 0x147dfcea4190>,7,1,[2 6],8,8,9,0,8
1,<environment.Job instance at 0x147dfd66a9b0>,14,2,[ 1 10],18,18,20,0,18
1,<environment.Job instance at 0x147dfd6b3e60>,15,1,[ 1 10],20,20,21,0,20
1,<environment.Job instance at 0x147dfd5ff140>,16,1,[2 5],21,21,22,0,21
1,<environment.Job instance at 0x147dfd6aefa0>,20,2,[ 1 13],27,27,29,0,27
1,<environment.Job instance at 0x147dfcea1690>,0,1,[8 1],1,1,2,0,1
1,<environment.Job instance at 0x147dfd5c1690>,2,3,[1 6],3,3,6,0,3
1,<environment.Job instance at 0x147dfd5d29b0>,3,25,[12  2],4,4,29,0,4
1,<environment.Job instance at 0x147dfd5d25a0>,4,1,[10  1],6,29,30,23,6
1,<environment.Job instance at 0x147dff636910>,8,2,[2 8],11,11,13,0,11
1,<environment.Job instance at 0x147dff6366e0>,10,1,[2 9],15,15,16,0,15
1,<environment.Job instance at 0x147dff636a50>,14,2,[1 7],22,22,24,0,22
1,<environment.Job instance at 0x147dff6ad820>,16,2,[2 5],25,25,27,0,25
1,<environment.Job instance at 0x147dff6ad960>,19,22,[1 5],30,30,52,0,30
1,<environment.Job instance at 0x147dff680dc0>,29,1,[13  1],44,50,51,6,50
1,<environment.Job instance at 0x147dff680960>,30,3,[1 9],45,52,55,7,52
1,<environment.Job instance at 0x147dff680cd0>,27,3,[2 9],42,60,63,18,60
1,<environment.Job instance at 0x147dff7b3690>,1,2,[6 2],3,3,5,0,3
1,<environment.Job instance at 0x147dfd67d1e0>,4,2,[2 5],8,8,10,0,8
1,<environment.Job instance at 0x147dff87cbe0>,5,2,[ 1 10],9,9,11,0,9
1,<environment.Job instance at 0x147dff883910>,11,1,[10  1],17,17,18,0,17
1,<environment.Job instance at 0x147dfeb85870>,15,2,[2 6],22,22,24,0,22
1,<environment.Job instance at 0x147dfeb85690>,16,1,[1 5],23,23,24,0,23
1,<environment.Job instance at 0x147dfeb85230>,17,2,[1 9],26,26,28,0,26
1,<environment.Job instance at 0x147e009fe1e0>,18,1,[2 7],27,28,29,1,27
1,<environment.Job instance at 0x147e009fe0a0>,19,1,[2 5],28,28,29,0,28
1,<environment.Job instance at 0x147dffa12780>,21,2,[14  1],30,31,33,1,31
1,<environment.Job instance at 0x147dff74ec80>,27,16,[8 1],37,37,53,0,37
1,<environment.Job instance at 0x147dff74e910>,35,18,[1 8],46,54,72,8,54
1,<environment.Job instance at 0x147dff74e9b0>,26,13,[ 1 10],36,88,101,52,88
1,<environment.Job instance at 0x147dff74ef50>,30,1,[2 8],41,102,103,61,102
1,<environment.Job instance at 0x147dfc889410>,31,1,[ 2 10],42,121,122,79,121
1,<environment.Job instance at 0x147dff74e500>,32,1,[ 2 14],43,157,158,114,157
1,<environment.Job instance at 0x147dfceae4b0>,1,3,[ 2 10],2,813,816,811,813
1,<environment.Job instance at 0x147dff9574b0>,0,3,[11  2],1,822,825,821,822
1,<environment.Job instance at 0x147dfc932140>,6,18,[2 6],8,822,840,814,822
1,<environment.Job instance at 0x147dfc932c30>,7,1,[1 6],9,822,823,813,822
1,<environment.Job instance at 0x147dfc932910>,10,3,[12  1],14,841,844,827,841
1,<environment.Job instance at 0x147dfc9326e0>,11,1,[1 8],16,841,842,825,841
1,<environment.Job instance at 0x147dfc932b40>,14,2,[1 8],19,842,844,823,841
1,<environment.Job instance at 0x147dff9957d0>,16,13,[ 1 14],22,844,857,822,842
1,<environment.Job instance at 0x147dff995370>,17,27,[1 8],23,857,884,834,855
1,<environment.Job instance at 0x147dff995c30>,19,2,[7 2],25,857,859,832,855
1,<environment.Job instance at 0x147dff995550>,25,2,[1 9],38,884,886,846,868
1,<environment.Job instance at 0x147dff995b40>,26,2,[ 2 10],41,886,888,845,868
1,<environment.Job instance at 0x147dff9950f0>,29,2,[ 2 10],44,888,890,844,873
1,<environment.Job instance at 0x147dff995320>,32,19,[ 1 10],48,890,909,842,889
1,<environment.Job instance at 0x147dfca63aa0>,0,2,[ 1 10],1,1,3,0,1
1,<environment.Job instance at 0x147dfe135dc0>,10,2,[2 5],13,13,15,0,13
1,<environment.Job instance at 0x147e00b54280>,12,2,[10  1],15,15,17,0,15
1,<environment.Job instance at 0x147dfce9fbe0>,14,18,[8 1],18,19,37,1,19
1,<environment.Job instance at 0x147dfd119500>,17,17,[7 1],22,22,39,0,22
1,<environment.Job instance at 0x147dfd6e8af0>,18,1,[2 6],23,37,38,14,23
1,<environment.Job instance at 0x147dfd627780>,21,1,[9 1],31,39,40,8,31
1,<environment.Job instance at 0x147e00e5ac30>,24,1,[9 1],35,40,41,5,35
1,<environment.Job instance at 0x147e00f3ea00>,25,2,[8 1],36,41,43,5,36
1,<environment.Job instance at 0x147e00f3e730>,26,1,[ 1 10],37,38,39,1,37
1,<environment.Job instance at 0x147e00f3efa0>,27,2,[1 5],39,39,41,0,39
1,<environment.Job instance at 0x147e00f3ef00>,28,3,[1 5],40,40,43,0,40
1,<environment.Job instance at 0x147e00f3eeb0>,29,2,[10  2],41,43,45,2,41
1,<environment.Job instance at 0x147e00f3e500>,31,1,[2 6],46,46,47,0,46
1,<environment.Job instance at 0x147e00ed1e60>,32,2,[1 6],47,47,49,0,47
1,<environment.Job instance at 0x147e00ed1fa0>,33,18,[7 2],49,49,67,0,49
1,<environment.Job instance at 0x147dfe135aa0>,15,16,[1 6],19,213,229,194,213
1,<environment.Job instance at 0x147dfcb52fa0>,0,1,[2 8],2,2,3,0,2
1,<environment.Job instance at 0x147dfc8a2870>,2,2,[7 2],7,7,9,0,7
1,<environment.Job instance at 0x147dfe135aa0>,3,2,[2 5],8,8,10,0,8
1,<environment.Job instance at 0x147e06739640>,6,1,[7 2],13,13,14,0,13
1,<environment.Job instance at 0x147e06739fa0>,7,2,[5 2],14,14,16,0,14
1,<environment.Job instance at 0x147e067397d0>,8,2,[ 2 12],16,16,18,0,16
1,<environment.Job instance at 0x147e06739190>,12,13,[ 1 11],21,36,49,15,36
1,<environment.Job instance at 0x147dfd6aff00>,19,21,[ 2 13],30,49,70,19,41
1,<environment.Job instance at 0x147dfd6af870>,20,1,[2 8],31,70,71,39,42
1,<environment.Job instance at 0x147dfd6af0a0>,15,16,[1 7],24,252,268,228,252
1,<environment.Job instance at 0x147e06739be0>,14,1,[1 5],23,282,283,259,282
1,<environment.Job instance at 0x147dfd6afb90>,17,3,[ 1 13],26,1275,1278,1249,1275
1,<environment.Job instance at 0x147dfcc1b370>,0,17,[7 1],2,2,19,0,2
1,<environment.Job instance at 0x147e07bab5a0>,8,1,[ 2 10],15,15,16,0,15
1,<environment.Job instance at 0x147e06e335a0>,10,2,[ 1 10],17,17,19,0,17
1,<environment.Job instance at 0x147e00a13eb0>,12,21,[7 2],20,20,41,0,20
1,<environment.Job instance at 0x147e00ec9550>,20,2,[10  1],33,41,43,8,33
1,<environment.Job instance at 0x147dffa17a50>,23,2,[2 7],41,41,43,0,41
1,<environment.Job instance at 0x147e00af4f00>,19,20,[8 2],32,43,63,11,41
1,<environment.Job instance at 0x147dfc4f15f0>,2,2,[ 2 10],5,5,7,0,5
1,<environment.Job instance at 0x147e25740910>,6,1,[6 2],11,11,12,0,11
1,<environment.Job instance at 0x147e06e161e0>,2,1,[2 7],4,4,5,0,4
1,<environment.Job instance at 0x147e06e782d0>,9,2,[9 2],15,15,17,0,15
1,<environment.Job instance at 0x147e07aa3140>,15,26,[9 1],24,24,50,0,24
1,<environment.Job instance at 0x147dfca3d820>,23,27,[1 7],35,42,69,7,42
1,<environment.Job instance at 0x147dfe10f500>,29,2,[8 1],46,50,52,4,46
1,<environment.Job instance at 0x147dfe10f550>,31,1,[5 1],49,49,50,0,49
1,<environment.Job instance at 0x147dff8636e0>,20,3,[8 1],29,59,62,30,59
1,<environment.Job instance at 0x147dff62b730>,24,15,[2 8],38,102,117,64,102
1,<environment.Job instance at 0x147dfc8ffe10>,26,13,[ 2 10],42,486,499,444,486
1,<environment.Job instance at 0x147dfc8ffd20>,25,16,[2 8],39,677,693,638,677
1,<environment.Job instance at 0x147dfccca7d0>,0,2,[1 9],1,1,3,0,1
1,<environment.Job instance at 0x147e077cacd0>,2,1,[1 8],5,5,6,0,5
1,<environment.Job instance at 0x147dfc4fa910>,8,2,[1 7],12,12,14,0,12
1,<environment.Job instance at 0x147dfc4faaf0>,14,1,[2 8],20,20,21,0,20
1,<environment.Job instance at 0x147dfc4faf00>,15,1,[8 2],21,21,22,0,21
1,<environment.Job instance at 0x147dfca20050>,0,1,[6 2],1,1,2,0,1
1,<environment.Job instance at 0x147dfca203c0>,1,1,[2 9],2,2,3,0,2
1,<environment.Job instance at 0x147e01dc1640>,4,2,[2 7],6,6,8,0,6
1,<environment.Job instance at 0x147dfd65b050>,13,1,[7 2],18,18,19,0,18
1,<environment.Job instance at 0x147dff829a00>,20,17,[9 2],28,39,56,11,39
1,<environment.Job instance at 0x147dffa8deb0>,37,1,[10  1],48,56,57,8,49
1,<environment.Job instance at 0x147dffa8d280>,38,1,[1 8],49,50,51,1,50
1,<environment.Job instance at 0x147dff7af2d0>,0,2,[2 6],1,1,3,0,1
1,<environment.Job instance at 0x147dff7af1e0>,2,2,[10  2],3,3,5,0,3
1,<environment.Job instance at 0x147dff7af500>,5,2,[1 6],7,7,9,0,7
1,<environment.Job instance at 0x147e2572e370>,9,2,[1 8],12,12,14,0,12
1,<environment.Job instance at 0x147dfc66af50>,19,3,[7 1],26,26,29,0,26
1,<environment.Job instance at 0x147dfc43b4b0>,21,3,[1 9],28,28,31,0,28
1,<environment.Job instance at 0x147e00a13050>,22,16,[10  1],29,38,54,9,38
1,<environment.Job instance at 0x147e00a13960>,24,23,[1 6],31,38,61,7,38
1,<environment.Job instance at 0x147dfca39c80>,29,2,[7 1],42,54,56,12,49
1,<environment.Job instance at 0x147dfca39b40>,31,1,[7 1],46,54,55,8,49
1,<environment.Job instance at 0x147dfc44c910>,32,2,[5 1],47,55,57,8,49
1,<environment.Job instance at 0x147e2572e5f0>,11,1,[2 5],14,69,70,55,69
1,<environment.Job instance at 0x147dfc4f5190>,16,25,[12  1],19,2457,2482,2438,2457
1,<environment.Job instance at 0x147dfc66ad20>,18,2,[10  2],22,2499,2501,2477,2499
1,<environment.Job instance at 0x147dff5b6e10>,14,2,[1 6],27,27,29,0,27
1,<environment.Job instance at 0x147dff5b6910>,20,1,[2 8],39,39,40,0,39
1,<environment.Job instance at 0x147dfeb666e0>,26,27,[1 7],45,45,72,0,45
1,<environment.Job instance at 0x147dff5b6b90>,17,1,[6 2],32,74,75,42,74
1,<environment.Job instance at 0x147dfcbd0b40>,11,2,[ 1 10],20,98,100,78,98
1,<environment.Job instance at 0x147dff5b6be0>,18,3,[10  2],34,128,131,94,128
1,<environment.Job instance at 0x147dfcd700f0>,1,2,[5 1],3,3,5,0,3
1,<environment.Job instance at 0x147dff5b6460>,4,2,[2 9],7,7,9,0,7
1,<environment.Job instance at 0x147e00b67960>,6,1,[5 1],13,13,14,0,13
1,<environment.Job instance at 0x147e00b67aa0>,8,2,[1 8],17,17,19,0,17
1,<environment.Job instance at 0x147dff69ae60>,13,1,[ 1 12],26,26,27,0,26
1,<environment.Job instance at 0x147dfcd8e1e0>,15,1,[8 1],29,29,30,0,29
1,<environment.Job instance at 0x147e00f4aaf0>,17,1,[2 9],34,34,35,0,34
1,<environment.Job instance at 0x147dfca60050>,0,1,[6 2],1,1,2,0,1
1,<environment.Job instance at 0x147dfca60640>,2,1,[7 1],4,4,5,0,4
1,<environment.Job instance at 0x147e00bec2d0>,11,1,[1 9],17,17,18,0,17
1,<environment.Job instance at 0x147e00bec5f0>,16,1,[9 1],25,25,26,0,25
1,<environment.Job instance at 0x147e00bec050>,18,25,[8 1],29,29,54,0,29
1,<environment.Job instance at 0x147dfccbfbe0>,31,2,[1 8],45,55,57,10,55
1,<environment.Job instance at 0x147dfccbfe10>,33,1,[ 1 10],49,57,58,8,55
1,<environment.Job instance at 0x147e00bec320>,19,16,[8 1],30,720,736,690,720
1,<environment.Job instance at 0x147dfd660cd0>,9,1,[1 7],12,13,14,1,13
1,<environment.Job instance at 0x147dfd660af0>,11,2,[2 7],14,14,16,0,14
1,<environment.Job instance at 0x147dfd660dc0>,15,2,[1 9],19,22,24,3,22
1,<environment.Job instance at 0x147e25e66d70>,6,3,[2 7],9,24,27,15,22
1,<environment.Job instance at 0x147dfc8e2500>,24,25,[9 1],31,38,63,7,38
1,<environment.Job instance at 0x147dfc8e2320>,26,21,[ 2 10],34,51,72,17,51
1,<environment.Job instance at 0x147dfc43c280>,31,15,[6 1],40,63,78,23,57
1,<environment.Job instance at 0x147dfc43c820>,32,2,[2 9],41,72,74,31,57
1,<environment.Job instance at 0x147dfc43cd70>,33,2,[1 5],42,72,74,30,57
1,<environment.Job instance at 0x147dfc43c5a0>,36,1,[9 1],46,74,75,28,58
1,<environment.Job instance at 0x147dfc43c410>,37,17,[2 5],47,75,92,28,63
1,<environment.Job instance at 0x147dfc43c730>,38,2,[10  2],48,78,80,30,63
1,<environment.Job instance at 0x147dfc8e2b90>,27,21,[2 5],35,82,103,47,82
1,<environment.Job instance at 0x147dfccb10f0>,17,3,[5 2],22,129,132,107,129
1,<environment.Job instance at 0x147dffad7910>,0,2,[5 2],1,1,3,0,1
1,<environment.Job instance at 0x147dfd660f00>,1,2,[5 1],2,2,4,0,2
1,<environment.Job instance at 0x147dfcd2bc80>,2,1,[1 7],3,3,4,0,3
1,<environment.Job instance at 0x147dfc509870>,4,1,[6 2],7,7,8,0,7
1,<environment.Job instance at 0x147dfc509640>,5,1,[5 1],8,8,9,0,8
1,<environment.Job instance at 0x147dfc509d70>,6,1,[2 6],10,10,11,0,10
1,<environment.Job instance at 0x147dfc509190>,8,2,[9 1],12,12,14,0,12
1,<environment.Job instance at 0x147dfc512320>,13,2,[ 1 10],18,18,20,0,18
1,<environment.Job instance at 0x147dff991410>,15,17,[12  1],20,111,128,91,111
1,<environment.Job instance at 0x147dfc4fb8c0>,31,1,[5 1],40,128,129,88,119
1,<environment.Job instance at 0x147e06e0f3c0>,36,1,[13  1],45,129,130,84,124
1,<environment.Job instance at 0x147e07a2b320>,16,1,[8 2],23,152,153,129,152
1,<environment.Job instance at 0x147dfc4e8050>,18,17,[2 7],25,344,361,319,344
1,<environment.Job instance at 0x147dfc4e85f0>,17,17,[7 1],24,2065,2082,2041,2065
1,<environment.Job instance at 0x147dfc6f9b40>,1,2,[2 5],2,2,4,0,2
1,<environment.Job instance at 0x147dff5b6460>,3,22,[8 1],5,5,27,0,5
1,<environment.Job instance at 0x147dfc43b190>,14,22,[2 6],19,19,41,0,19
1,<environment.Job instance at 0x147dfc43b5a0>,15,1,[ 1 14],20,41,42,21,38
1,<environment.Job instance at 0x147e06d9e370>,23,3,[ 2 14],32,48,51,16,48
1,<environment.Job instance at 0x147dfc43bb40>,13,2,[10  1],17,60,62,43,60
1,<environment.Job instance at 0x147dfeb93820>,8,3,[7 2],11,147,150,136,147
1,<environment.Job instance at 0x147e00be5af0>,16,16,[6 2],21,778,794,757,778
1,<environment.Job instance at 0x147e00a77230>,0,15,[14  1],1,5,20,4,5
1,<environment.Job instance at 0x147dfc375190>,8,2,[2 7],13,20,22,7,13
1,<environment.Job instance at 0x147dfc375c30>,10,25,[6 1],15,20,45,5,16
1,<environment.Job instance at 0x147dff600c30>,14,2,[ 2 10],22,22,24,0,22
1,<environment.Job instance at 0x147dfcaf6550>,16,1,[1 9],24,24,25,0,24
1,<environment.Job instance at 0x147e00a77af0>,1,2,[1 9],2,26,28,24,26
1,<environment.Job instance at 0x147dff5e3fa0>,17,1,[8 2],27,27,28,0,27
1,<environment.Job instance at 0x147dff7bdd70>,18,22,[2 5],29,29,51,0,29
1,<environment.Job instance at 0x147dfcd70d70>,21,26,[ 2 13],33,51,77,18,48
1,<environment.Job instance at 0x147dfc985eb0>,24,2,[12  1],37,48,50,11,48
1,<environment.Job instance at 0x147e06e57190>,27,2,[7 1],41,50,52,9,48
1,<environment.Job instance at 0x147e06e57af0>,28,1,[8 1],42,52,53,10,48
1,<environment.Job instance at 0x147e01dce820>,29,2,[10  2],43,53,55,10,48
1,<environment.Job instance at 0x147e01dcec80>,31,3,[9 2],45,55,58,10,51
1,<environment.Job instance at 0x147e254a9f00>,32,1,[6 2],47,58,59,11,51
1,<environment.Job instance at 0x147dfca5d8c0>,33,2,[ 1 10],48,77,79,29,51
1,<environment.Job instance at 0x147e501d7f00>,34,2,[2 7],49,79,81,30,52
1,<environment.Job instance at 0x147dfc350050>,22,13,[7 2],34,400,413,366,400
1,<environment.Job instance at 0x147e00a776e0>,2,14,[1 6],3,475,489,472,475
1,<environment.Job instance at 0x147dfcd70e60>,7,2,[ 1 11],17,17,19,0,17
1,<environment.Job instance at 0x147dff8b5280>,9,1,[1 8],20,20,21,0,20
1,<environment.Job instance at 0x147dfcde49b0>,10,2,[2 9],21,21,23,0,21
1,<environment.Job instance at 0x147dfc471cd0>,11,2,[8 2],22,22,24,0,22
1,<environment.Job instance at 0x147dff7c1870>,13,28,[5 2],24,26,54,2,26
1,<environment.Job instance at 0x147dff981190>,16,3,[ 2 14],27,91,94,64,91
1,<environment.Job instance at 0x147dfcab25a0>,19,1,[8 1],30,91,92,61,91
1,<environment.Job instance at 0x147dfc94da00>,23,2,[6 2],36,94,96,58,91
1,<environment.Job instance at 0x147dfc94d820>,28,1,[1 9],41,94,95,53,94
1,<environment.Job instance at 0x147dfc3f25a0>,32,16,[7 1],45,102,118,57,102
1,<environment.Job instance at 0x147dfc471f50>,15,2,[ 1 10],26,115,117,89,115
1,<environment.Job instance at 0x14de5d4f0fa0>,2,1,[2 5],3,3,4,0,3
1,<environment.Job instance at 0x14de06ca9910>,3,1,[6 2],4,4,5,0,4
1,<environment.Job instance at 0x14de06ca95f0>,4,2,[7 2],5,5,7,0,5
1,<environment.Job instance at 0x14de06ca9140>,7,1,[2 6],8,8,9,0,8
1,<environment.Job instance at 0x14de074e8d20>,14,2,[ 1 10],18,18,20,0,18
1,<environment.Job instance at 0x14de07405e10>,15,1,[ 1 10],20,20,21,0,20
1,<environment.Job instance at 0x14de07379f00>,16,1,[2 5],21,21,22,0,21
1,<environment.Job instance at 0x14de0740a190>,20,2,[ 1 13],27,28,30,1,28
1,<environment.Job instance at 0x14de07408a00>,22,1,[2 7],30,32,33,2,32
1,<environment.Job instance at 0x14de073fcbe0>,23,2,[8 1],31,33,35,2,33
1,<environment.Job instance at 0x14de073c63c0>,25,2,[2 8],34,34,36,0,34
1,<environment.Job instance at 0x14de073c60a0>,26,1,[2 7],35,35,36,0,35
1,<environment.Job instance at 0x14de073c6f00>,27,2,[2 7],36,36,38,0,36
1,<environment.Job instance at 0x14de073c6d70>,28,2,[2 7],37,37,39,0,37
1,<environment.Job instance at 0x14de073c6aa0>,24,12,[ 1 10],32,42,54,10,42
1,<environment.Job instance at 0x14de06ca42d0>,0,2,[2 8],1,1,3,0,1
1,<environment.Job instance at 0x14de073b6910>,1,1,[1 6],3,3,4,0,3
1,<environment.Job instance at 0x14de06ca4460>,2,1,[2 9],5,5,6,0,5
1,<environment.Job instance at 0x14de096e7dc0>,5,2,[8 2],9,9,11,0,9
1,<environment.Job instance at 0x14de096e7910>,6,2,[1 7],12,12,14,0,12
1,<environment.Job instance at 0x14de096e7550>,8,2,[2 5],15,15,17,0,15
1,<environment.Job instance at 0x14de096e7eb0>,11,22,[1 5],20,20,42,0,20
1,<environment.Job instance at 0x14de09687c80>,23,1,[2 5],36,41,42,5,41
1,<environment.Job instance at 0x14de09687960>,24,2,[ 2 10],37,42,44,5,41
1,<environment.Job instance at 0x14de096876e0>,19,3,[2 9],32,67,70,35,67
1,<environment.Job instance at 0x14de09687e10>,21,1,[13  1],34,156,157,122,156
1,<environment.Job instance at 0x14de09494e60>,0,2,[1 8],1,1,3,0,1
1,<environment.Job instance at 0x14de09494460>,1,2,[2 6],2,2,4,0,2
1,<environment.Job instance at 0x14de09494230>,2,1,[1 5],3,3,4,0,3
1,<environment.Job instance at 0x14de09687910>,3,2,[1 9],6,6,8,0,6
1,<environment.Job instance at 0x14de0a8b85a0>,5,1,[2 5],8,8,9,0,8
1,<environment.Job instance at 0x14de0a926320>,7,2,[14  1],10,10,12,0,10
1,<environment.Job instance at 0x14de0a8b8e10>,8,1,[5 1],11,12,13,1,11
1,<environment.Job instance at 0x14de093c64b0>,13,16,[8 1],17,19,35,2,19
1,<environment.Job instance at 0x14de096d4460>,18,1,[ 2 14],23,23,24,0,23
1,<environment.Job instance at 0x14de09713190>,23,3,[11  2],31,43,46,12,43
1,<environment.Job instance at 0x14de09713230>,25,3,[2 5],33,43,46,10,43
1,<environment.Job instance at 0x14de097133c0>,26,1,[8 1],34,46,47,12,43
1,<environment.Job instance at 0x14de09713730>,29,18,[2 6],38,48,66,10,48
1,<environment.Job instance at 0x14de0a898230>,33,3,[12  1],44,67,70,23,67
1,<environment.Job instance at 0x14de0a898b90>,34,1,[1 8],46,67,68,21,67
1,<environment.Job instance at 0x14de0a898640>,37,2,[1 8],49,68,70,19,67
1,<environment.Job instance at 0x14de0a898f00>,39,13,[ 1 14],52,70,83,18,70
1,<environment.Job instance at 0x14de0a9cc140>,42,2,[7 2],55,83,85,28,76
1,<environment.Job instance at 0x14de0a9cc730>,44,28,[2 8],59,83,111,24,82
1,<environment.Job instance at 0x14de093c6910>,14,17,[1 9],19,194,211,175,194
1,<environment.Job instance at 0x14de093c6780>,16,1,[2 8],21,223,224,202,223
1,<environment.Job instance at 0x14de096d4050>,21,18,[1 8],26,272,290,246,272
1,<environment.Job instance at 0x14de097a2be0>,3,2,[1 9],8,8,10,0,8
1,<environment.Job instance at 0x14de09818820>,4,2,[ 2 10],11,11,13,0,11
1,<environment.Job instance at 0x14de09818b40>,8,2,[2 9],15,15,17,0,15
1,<environment.Job instance at 0x14de09818500>,10,19,[ 1 10],18,22,41,4,22
1,<environment.Job instance at 0x14de074b65f0>,21,2,[8 2],31,39,41,8,39
1,<environment.Job instance at 0x14de074b6e60>,23,2,[2 5],33,41,43,8,39
1,<environment.Job instance at 0x14de074b6230>,24,3,[6 1],34,39,42,5,39
1,<environment.Job instance at 0x14de074b6410>,25,2,[10  1],35,42,44,7,39
1,<environment.Job instance at 0x14de0ad4bd20>,29,17,[1 6],41,56,73,15,56
1,<environment.Job instance at 0x14de0ad4b9b0>,33,15,[9 2],50,75,90,25,75
1,<environment.Job instance at 0x14de0ad4b050>,30,17,[7 1],42,276,293,234,276
1,<environment.Job instance at 0x14de074b6b40>,12,3,[5 2],20,323,326,303,323
1,<environment.Job instance at 0x14de09824910>,2,1,[2 6],6,6,7,0,6
1,<environment.Job instance at 0x14de06f12960>,3,2,[1 6],7,7,9,0,7
1,<environment.Job instance at 0x14de06ca9af0>,5,1,[2 8],12,12,13,0,12
1,<environment.Job instance at 0x14de06ca9dc0>,7,2,[7 2],17,17,19,0,17
1,<environment.Job instance at 0x14de06ca9aa0>,8,2,[2 5],18,18,20,0,18
1,<environment.Job instance at 0x14de06ca9f00>,11,1,[7 2],23,23,24,0,23
1,<environment.Job instance at 0x14de5d3fc370>,13,2,[ 2 12],26,26,28,0,26
1,<environment.Job instance at 0x14de0acd6190>,19,1,[1 5],33,2661,2662,2628,2661
1,<environment.Job instance at 0x14de13b44870>,1,1,[2 5],4,4,5,0,4
1,<environment.Job instance at 0x14de066249b0>,4,2,[7 2],9,9,11,0,9
1,<environment.Job instance at 0x14de11956690>,10,2,[ 1 10],17,17,19,0,17
1,<environment.Job instance at 0x14de11956a00>,12,21,[7 2],20,21,42,1,21
1,<environment.Job instance at 0x14de09873a00>,18,12,[7 1],31,32,44,1,32
1,<environment.Job instance at 0x14de09873280>,20,2,[10  1],33,44,46,11,33
1,<environment.Job instance at 0x14de09873d70>,21,3,[1 9],34,34,37,0,34
1,<environment.Job instance at 0x14de098736e0>,23,2,[2 7],41,42,44,1,41
1,<environment.Job instance at 0x14de09873690>,24,2,[9 2],42,46,48,4,42
1,<environment.Job instance at 0x14de098735a0>,25,3,[5 2],43,43,46,0,43
1,<environment.Job instance at 0x14de09873730>,26,16,[7 2],44,48,64,4,44
1,<environment.Job instance at 0x14de064eab40>,27,1,[ 2 10],45,46,47,1,45
1,<environment.Job instance at 0x14de064ea320>,29,1,[1 8],48,48,49,0,48
1,<environment.Job instance at 0x14de064ea5a0>,33,2,[ 2 10],55,55,57,0,55
1,<environment.Job instance at 0x14de064ea910>,35,17,[10  1],58,64,81,6,64
1,<environment.Job instance at 0x14de11956820>,13,13,[5 2],21,1540,1553,1519,1540
1,<environment.Job instance at 0x14de09873190>,19,20,[8 2],32,1775,1795,1743,1775
1,<environment.Job instance at 0x14de07f178c0>,0,1,[6 2],1,1,2,0,1
1,<environment.Job instance at 0x14de0bbd3410>,4,2,[1 9],11,1363,1365,1352,1363
1,<environment.Job instance at 0x14de0bbd34b0>,3,2,[8 1],8,1601,1603,1593,1601
1,<environment.Job instance at 0x14de0bbd3230>,7,3,[1 8],14,2778,2781,2764,2778
1,<environment.Job instance at 0x14de0bbd3910>,8,1,[9 2],15,2784,2785,2769,2784
1,<environment.Job instance at 0x14de10d34320>,10,2,[1 6],18,2792,2794,2774,2792
1,<environment.Job instance at 0x14de0bbd3780>,2,15,[ 1 11],7,2794,2809,2787,2793
1,<environment.Job instance at 0x14de11828910>,12,1,[7 2],21,2793,2794,2772,2793
1,<environment.Job instance at 0x14de10d34730>,11,3,[ 2 10],20,2809,2812,2789,2793
1,<environment.Job instance at 0x14de11828a00>,15,1,[6 2],25,2793,2794,2768,2793
1,<environment.Job instance at 0x14de0bbecaf0>,18,2,[ 1 10],29,2812,2814,2783,2793
1,<environment.Job instance at 0x14de118285a0>,20,2,[2 9],31,2814,2816,2783,2793
1,<environment.Job instance at 0x14de10cff460>,23,16,[1 5],38,2809,2825,2771,2800
1,<environment.Job instance at 0x14de068563c0>,26,2,[5 1],43,2800,2802,2757,2800
1,<environment.Job instance at 0x14de06856b90>,28,2,[10  2],45,2802,2804,2757,2800
1,<environment.Job instance at 0x14de06856690>,29,2,[6 1],46,2800,2802,2754,2800
1,<environment.Job instance at 0x14de06ae9dc0>,35,1,[7 2],56,2804,2805,2748,2801
1,<environment.Job instance at 0x14de11828320>,14,16,[9 1],23,2875,2891,2852,2875
1,<environment.Job instance at 0x14de10d34c80>,9,18,[ 1 10],16,2895,2913,2879,2895
1,<environment.Job instance at 0x14de0bbd3280>,6,1,[1 9],13,2959,2960,2946,2959
1,<environment.Job instance at 0x14de0a80b0f0>,0,3,[6 1],3,3,6,0,3
1,<environment.Job instance at 0x14de0bbd3190>,1,26,[9 1],4,4,30,0,4
1,<environment.Job instance at 0x14de096d18c0>,15,2,[8 1],26,30,32,4,26
1,<environment.Job instance at 0x14de096d1aa0>,17,1,[5 1],29,29,30,0,29
1,<environment.Job instance at 0x14de132bc8c0>,19,2,[1 9],31,31,33,0,31
1,<environment.Job instance at 0x14de096d1320>,21,1,[1 8],35,35,36,0,35
1,<environment.Job instance at 0x14de096dc460>,22,16,[2 6],36,36,52,0,36
1,<environment.Job instance at 0x14de1181c5f0>,28,15,[1 5],43,48,63,5,48
1,<environment.Job instance at 0x14de1181c280>,33,1,[2 8],50,56,57,6,56
1,<environment.Job instance at 0x14de1181cc30>,35,14,[14  1],52,63,77,11,63
1,<environment.Job instance at 0x14de096c3820>,12,13,[ 2 10],22,185,198,163,185
1,<environment.Job instance at 0x14de096c3690>,13,1,[2 6],23,227,228,204,227
1,<environment.Job instance at 0x14de1180dcd0>,0,2,[1 7],1,1,3,0,1
1,<environment.Job instance at 0x14de119110f0>,1,1,[1 5],2,3,4,1,3
1,<environment.Job instance at 0x14de06979730>,4,16,[1 5],5,5,21,0,5
1,<environment.Job instance at 0x14de067332d0>,12,2,[2 8],13,13,15,0,13
1,<environment.Job instance at 0x14de06733c30>,13,3,[5 2],16,16,19,0,16
1,<environment.Job instance at 0x14de0ad38500>,14,1,[6 2],18,18,19,0,18
1,<environment.Job instance at 0x14de0ad38f00>,15,2,[2 8],19,19,21,0,19
1,<environment.Job instance at 0x14de10c7c910>,16,1,[6 2],21,21,22,0,21
1,<environment.Job instance at 0x14de0ad38690>,17,1,[2 9],22,22,23,0,22
1,<environment.Job instance at 0x14de069dd460>,18,27,[ 2 10],23,23,50,0,23
1,<environment.Job instance at 0x14de07434230>,27,1,[7 1],36,36,37,0,36
1,<environment.Job instance at 0x14de0a8ef320>,28,2,[7 1],37,37,39,0,37
1,<environment.Job instance at 0x14de0a8efb90>,29,1,[7 2],38,39,40,1,38
1,<environment.Job instance at 0x14de0a926910>,31,2,[5 2],40,40,42,0,40
1,<environment.Job instance at 0x14de0a9268c0>,32,15,[1 8],42,50,65,8,44
1,<environment.Job instance at 0x14de0a926e10>,34,19,[2 9],46,65,84,19,55
1,<environment.Job instance at 0x14de10d11050>,35,13,[12  2],47,83,96,36,83
1,<environment.Job instance at 0x14de10d11be0>,37,1,[6 2],49,96,97,47,84
1,<environment.Job instance at 0x14de10d11190>,38,2,[1 5],50,84,86,34,84
1,<environment.Job instance at 0x14de10d11960>,39,1,[1 7],51,84,85,33,84
1,<environment.Job instance at 0x14de10d111e0>,41,2,[1 5],53,85,87,32,84
1,<environment.Job instance at 0x14de10d11370>,42,1,[1 9],55,87,88,32,84
1,<environment.Job instance at 0x14de10d11b40>,43,1,[2 5],56,86,87,30,84
1,<environment.Job instance at 0x14de10d11820>,44,15,[7 1],57,96,111,39,84
1,<environment.Job instance at 0x14de10d11aa0>,45,1,[2 6],58,88,89,30,84
1,<environment.Job instance at 0x14de096c3f00>,2,18,[8 2],3,111,129,108,111
1,<environment.Job instance at 0x14de074730f0>,8,16,[2 8],9,162,178,153,162
1,<environment.Job instance at 0x14de13b7d410>,0,1,[2 6],1,1,2,0,1
1,<environment.Job instance at 0x14de094db460>,6,1,[10  1],8,8,9,0,8
1,<environment.Job instance at 0x14de0898a730>,9,2,[2 6],11,11,13,0,11
1,<environment.Job instance at 0x14de11a30d20>,11,2,[10  2],13,13,15,0,13
1,<environment.Job instance at 0x14de0898afa0>,17,13,[5 1],21,31,44,10,31
1,<environment.Job instance at 0x14de0648c3c0>,18,2,[1 8],22,31,33,9,31
1,<environment.Job instance at 0x14de0648c550>,20,1,[2 5],24,32,33,8,32
1,<environment.Job instance at 0x14de0964a410>,22,2,[7 1],26,32,34,6,32
1,<environment.Job instance at 0x14de073b5eb0>,25,25,[12  1],29,44,69,15,44
1,<environment.Job instance at 0x14de073b5140>,26,1,[ 2 10],30,44,45,14,44
1,<environment.Job instance at 0x14de0896e280>,32,3,[2 9],40,68,71,28,68
1,<environment.Job instance at 0x14de09787550>,33,23,[1 6],41,69,92,28,68
1,<environment.Job instance at 0x14de0954c190>,38,2,[7 1],52,86,88,34,86
1,<environment.Job instance at 0x14de06911370>,39,18,[2 6],54,86,104,32,86
1,<environment.Job instance at 0x14de09721640>,13,16,[ 2 10],15,276,292,261,276
1,<environment.Job instance at 0x14de09495c30>,14,2,[1 6],17,327,329,310,327
1,<environment.Job instance at 0x14de0898a550>,15,15,[2 6],19,334,349,315,334
1,<environment.Job instance at 0x14de0ad226e0>,10,26,[2 8],18,21,47,3,21
1,<environment.Job instance at 0x14de0969ca00>,26,27,[1 7],45,45,72,0,45
1,<environment.Job instance at 0x14de10d36910>,11,2,[ 1 10],20,101,103,81,101
1,<environment.Job instance at 0x14de119d8870>,17,1,[6 2],32,103,104,71,103
1,<environment.Job instance at 0x14de10c89a50>,3,2,[1 8],7,7,9,0,7
1,<environment.Job instance at 0x14de10c89a00>,4,1,[10  2],8,8,9,0,8
1,<environment.Job instance at 0x14de06179050>,8,1,[ 1 12],16,18,19,2,18
1,<environment.Job instance at 0x14de06179f50>,12,1,[2 9],24,24,25,0,24
1,<environment.Job instance at 0x14de10bd2460>,15,13,[13  2],27,1861,1874,1834,1861
1,<environment.Job instance at 0x14de095e1b90>,37,1,[1 9],57,1889,1890,1832,1889
1,<environment.Job instance at 0x14de10bd2aa0>,17,2,[7 1],31,1903,1905,1872,1903
1,<environment.Job instance at 0x14de096b1640>,16,3,[9 2],28,1919,1922,1891,1919
1,<environment.Job instance at 0x14de10b90a00>,19,3,[2 5],34,2346,2349,2312,2346
1,<environment.Job instance at 0x14de1194de10>,4,25,[8 1],9,9,34,0,9
1,<environment.Job instance at 0x14de073b2b40>,19,1,[ 1 10],29,41,42,12,41
1,<environment.Job instance at 0x14de073b2460>,20,19,[2 5],30,42,61,12,42
1,<environment.Job instance at 0x14de065a8f50>,30,1,[1 7],42,59,60,17,59
1,<environment.Job instance at 0x14de065a8640>,31,1,[6 2],43,59,60,16,59
1,<environment.Job instance at 0x14de065a8140>,32,2,[2 7],44,60,62,16,59
1,<environment.Job instance at 0x14de065a8e10>,33,16,[ 2 10],45,62,78,17,61
1,<environment.Job instance at 0x14de065a8c30>,36,2,[1 9],49,78,80,29,73
1,<environment.Job instance at 0x14de10ba0190>,37,2,[7 2],50,73,75,23,73
1,<environment.Job instance at 0x14de10ba0f50>,38,3,[5 2],52,75,78,23,75
1,<environment.Job instance at 0x14de10ba01e0>,40,1,[8 1],54,75,76,21,75
1,<environment.Job instance at 0x14de10ba0af0>,41,1,[1 5],56,78,79,22,75
1,<environment.Job instance at 0x14de10ba0b90>,42,1,[10  1],58,78,79,20,75
1,<environment.Job instance at 0x14de10ba0fa0>,43,1,[5 2],59,76,77,17,75
1,<environment.Job instance at 0x14de073b2d20>,21,17,[2 9],31,160,177,129,160
1,<environment.Job instance at 0x14de073b2690>,8,3,[1 7],14,234,237,220,234
1,<environment.Job instance at 0x14de073b2dc0>,13,3,[1 5],20,295,298,275,295
1,<environment.Job instance at 0x14de0740ac30>,0,25,[9 1],1,1,26,0,1
1,<environment.Job instance at 0x14de07422f50>,12,1,[9 1],16,26,27,10,23
1,<environment.Job instance at 0x14de0963b690>,13,17,[2 5],17,23,40,6,23
1,<environment.Job instance at 0x14de068099b0>,16,2,[5 2],21,39,41,18,39
1,<environment.Job instance at 0x14de068097d0>,17,2,[5 1],22,39,41,17,39
1,<environment.Job instance at 0x14de09666870>,19,17,[9 1],26,41,58,15,41
1,<environment.Job instance at 0x14de067fda00>,31,17,[12  1],40,187,204,147,187
1,<environment.Job instance at 0x14de0acb9460>,9,2,[1 5],12,204,206,192,204
1,<environment.Job instance at 0x14de0741b1e0>,8,2,[2 9],11,233,235,222,233
1,<environment.Job instance at 0x14de0741b4b0>,10,16,[1 8],13,1612,1628,1599,1612
1,<environment.Job instance at 0x14de10ba30a0>,4,1,[13  1],5,9,10,4,9
1,<environment.Job instance at 0x14de118420f0>,13,22,[8 1],15,15,37,0,15
1,<environment.Job instance at 0x14de119063c0>,24,22,[2 6],29,31,53,2,31
1,<environment.Job instance at 0x14de11906e60>,25,1,[ 1 14],30,53,54,23,52
1,<environment.Job instance at 0x14de064058c0>,33,3,[ 2 14],42,133,136,91,133
1,<environment.Job instance at 0x14de06405c30>,35,1,[ 2 10],44,136,137,92,133
1,<environment.Job instance at 0x14de10ba37d0>,6,1,[5 1],7,261,262,254,261
1,<environment.Job instance at 0x14de10ba3fa0>,7,17,[1 8],8,530,547,522,530
1,<environment.Job instance at 0x14de10be10f0>,0,15,[14  1],1,4,19,3,4
1,<environment.Job instance at 0x14de11825b40>,4,1,[2 9],6,19,20,13,6
1,<environment.Job instance at 0x14de064822d0>,6,1,[6 1],10,19,20,9,10
1,<environment.Job instance at 0x14de08976e60>,8,2,[2 7],13,20,22,7,13
1,<environment.Job instance at 0x14de093cc050>,10,25,[6 1],15,19,44,4,15
1,<environment.Job instance at 0x14de132791e0>,18,22,[2 5],29,29,51,0,29
1,<environment.Job instance at 0x14de132798c0>,21,26,[ 2 13],33,51,77,18,48
1,<environment.Job instance at 0x14de0676e3c0>,24,2,[12  1],37,62,64,25,62
1,<environment.Job instance at 0x14de0676e960>,32,1,[6 2],47,67,68,20,67
1,<environment.Job instance at 0x14de0676e780>,33,2,[ 1 10],48,77,79,29,67
1,<environment.Job instance at 0x14de0676e640>,34,2,[2 7],49,79,81,30,67
1,<environment.Job instance at 0x14de06482410>,2,14,[1 6],3,79,93,76,73
1,<environment.Job instance at 0x14de0ad85190>,1,2,[1 9],2,101,103,99,101
1,<environment.Job instance at 0x14de067675f0>,3,1,[1 8],4,716,717,712,716
1,<environment.Job instance at 0x14de094965f0>,3,2,[ 1 11],7,7,9,0,7
1,<environment.Job instance at 0x14de0ad3f5a0>,5,1,[1 8],10,10,11,0,10
1,<environment.Job instance at 0x14de0ad32a50>,6,2,[2 9],11,11,13,0,11
1,<environment.Job instance at 0x14de10c02eb0>,9,28,[5 2],14,14,42,0,14
1,<environment.Job instance at 0x14de093ccb40>,12,3,[ 2 14],17,53,56,36,53
1,<environment.Job instance at 0x14de119b1050>,24,1,[1 9],31,57,58,26,57
1,<environment.Job instance at 0x14de093cc190>,14,2,[2 6],19,66,68,47,66
1,<environment.Job instance at 0x14de064648c0>,32,26,[1 6],41,68,94,27,68
1,<environment.Job instance at 0x14de060fafa0>,34,23,[2 6],44,82,105,38,82
1,<environment.Job instance at 0x14de060faf50>,35,23,[9 1],46,89,112,43,89
1,<environment.Job instance at 0x14de069111e0>,45,3,[12  1],59,188,191,129,188
1,<environment.Job instance at 0x14de119b1a50>,27,3,[5 2],34,195,198,161,195
1,<environment.Job instance at 0x14de093cc6e0>,13,1,[5 1],18,228,229,210,228
1,<environment.Job instance at 0x14de09642640>,15,1,[8 1],20,287,288,267,287
1,<environment.Job instance at 0x14de0668ec80>,0,2,[7 1],1,1,3,0,1
1,<environment.Job instance at 0x14de0668e8c0>,4,1,[2 6],10,10,11,0,10
1,<environment.Job instance at 0x14de0ad45690>,6,1,[ 2 10],17,17,18,0,17
1,<environment.Job instance at 0x14de0ad45730>,7,3,[11  1],19,20,23,1,20
1,<environment.Job instance at 0x14de0ad45d70>,10,1,[8 1],23,23,24,0,23
1,<environment.Job instance at 0x14de118d6780>,11,16,[9 1],24,24,40,0,24
1,<environment.Job instance at 0x14de10c18b90>,16,2,[5 2],36,36,38,0,36
1,<environment.Job instance at 0x14de10c18d20>,17,1,[ 2 10],37,38,39,1,37
1,<environment.Job instance at 0x14de10c186e0>,18,1,[6 2],38,39,40,1,38
1,<environment.Job instance at 0x14de10c18820>,19,2,[ 1 12],39,40,42,1,39
1,<environment.Job instance at 0x14de0ad3faa0>,21,2,[5 2],41,41,43,0,41
1,<environment.Job instance at 0x14de06b8fa50>,22,21,[5 1],42,42,63,0,42
1,<environment.Job instance at 0x14de062d5190>,28,1,[2 7],50,50,51,0,50
1,<environment.Job instance at 0x14de1196e0a0>,29,2,[1 8],51,51,53,0,51
1,<environment.Job instance at 0x14de10c110f0>,32,2,[2 7],56,56,58,0,56
1,<environment.Job instance at 0x14de10c11dc0>,33,22,[ 2 10],57,58,80,1,57
1,<environment.Job instance at 0x14de0ad45af0>,8,13,[ 2 11],20,95,108,75,95
1,<environment.Job instance at 0x14de10badd20>,0,2,[6 2],1,1,3,0,1
1,<environment.Job instance at 0x14de10bad3c0>,1,1,[7 1],4,4,5,0,4
1,<environment.Job instance at 0x14de10bad870>,2,2,[5 2],5,5,7,0,5
1,<environment.Job instance at 0x14de073d29b0>,9,1,[5 1],14,14,15,0,14
1,<environment.Job instance at 0x14de0a7cd500>,10,2,[8 2],15,15,17,0,15
1,<environment.Job instance at 0x14de06a555f0>,14,2,[8 2],23,23,25,0,23
1,<environment.Job instance at 0x14de0a9ac460>,18,21,[6 1],30,30,51,0,30
1,<environment.Job instance at 0x14de0a9acaf0>,19,3,[ 2 13],32,48,51,16,48
1,<environment.Job instance at 0x14de0a9accd0>,24,1,[1 7],40,51,52,11,48
1,<environment.Job instance at 0x14de0aca98c0>,26,27,[5 2],42,51,78,9,49
1,<environment.Job instance at 0x14de0aca9370>,27,27,[1 9],43,64,91,21,64
1,<environment.Job instance at 0x14de0bbf4f50>,36,1,[7 1],57,85,86,28,85
1,<environment.Job instance at 0x14de073b2d70>,37,1,[2 6],59,86,87,27,85
1,<environment.Job instance at 0x14de0a9acbe0>,20,14,[2 6],33,239,253,206,239
1,<environment.Job instance at 0x14de0a9acc80>,21,1,[ 2 10],34,256,257,222,256
1,<environment.Job instance at 0x14de09822780>,3,2,[7 1],6,6,8,0,6
1,<environment.Job instance at 0x14de098224b0>,4,28,[1 6],7,7,35,0,7
1,<environment.Job instance at 0x14de09568870>,10,2,[ 2 10],16,39,41,23,39
1,<environment.Job instance at 0x14de1184ffa0>,22,15,[6 1],33,40,55,7,40
1,<environment.Job instance at 0x14de060a0230>,24,1,[2 8],35,41,42,6,40
1,<environment.Job instance at 0x14de09641320>,27,1,[1 8],40,42,43,2,40
1,<environment.Job instance at 0x14de061e63c0>,28,1,[2 9],41,43,44,2,41
1,<environment.Job instance at 0x14de06211b40>,31,1,[7 2],45,45,46,0,45
1,<environment.Job instance at 0x14de06211910>,32,1,[10  1],46,55,56,9,46
1,<environment.Job instance at 0x14de093f2500>,34,2,[6 2],49,49,51,0,49
1,<environment.Job instance at 0x14de098566e0>,37,1,[1 6],52,55,56,3,55
1,<environment.Job instance at 0x14de06ccc320>,40,1,[7 1],55,56,57,1,56
1,<environment.Job instance at 0x14de06b00140>,42,2,[1 8],57,57,59,0,57
1,<environment.Job instance at 0x14de06b00320>,43,26,[8 1],58,58,84,0,58
1,<environment.Job instance at 0x14de098221e0>,9,2,[5 1],15,99,101,84,99
1,<environment.Job instance at 0x14de060a0870>,23,1,[9 2],34,106,107,72,106
1,<environment.Job instance at 0x1493b387cfa0>,2,1,[2 5],3,3,4,0,3
1,<environment.Job instance at 0x14935d01f0f0>,7,1,[2 6],8,8,9,0,8
1,<environment.Job instance at 0x14935d01f280>,14,2,[ 1 10],18,18,20,0,18
1,<environment.Job instance at 0x14935d77b460>,15,1,[ 1 10],20,21,22,1,21
1,<environment.Job instance at 0x14935d77a8c0>,16,1,[2 5],21,24,25,3,24
1,<environment.Job instance at 0x14935d755820>,20,2,[ 1 13],27,27,29,0,27
1,<environment.Job instance at 0x14935d7e6320>,22,1,[2 7],30,31,32,1,31
1,<environment.Job instance at 0x14935d72c050>,34,15,[11  1],44,70,85,26,70
1,<environment.Job instance at 0x14935d795be0>,41,25,[12  2],54,87,112,33,87
1,<environment.Job instance at 0x14935d72c5f0>,35,2,[1 8],45,111,113,66,111
1,<environment.Job instance at 0x14935d85cc80>,23,2,[8 1],31,204,206,173,204
1,<environment.Job instance at 0x14935d033190>,0,2,[1 7],2,2,4,0,2
1,<environment.Job instance at 0x14935f8cf780>,2,2,[2 5],5,5,7,0,5
1,<environment.Job instance at 0x14935d033050>,4,1,[10  2],9,10,11,1,10
1,<environment.Job instance at 0x14935f8d4320>,5,22,[1 5],10,11,33,1,11
1,<environment.Job instance at 0x14935f8d80f0>,15,1,[13  1],24,27,28,3,27
1,<environment.Job instance at 0x14935f8d8410>,13,3,[2 9],22,29,32,7,29
1,<environment.Job instance at 0x14935f8d85f0>,16,3,[1 9],25,32,35,7,29
1,<environment.Job instance at 0x14935f81bf50>,23,1,[1 6],37,37,38,0,37
1,<environment.Job instance at 0x14935f81bd20>,24,2,[2 5],38,38,40,0,38
1,<environment.Job instance at 0x14935f81b690>,25,2,[ 1 10],39,39,41,0,39
1,<environment.Job instance at 0x14935f9f7910>,36,1,[1 5],53,53,54,0,53
1,<environment.Job instance at 0x14935f8d8690>,18,2,[ 2 10],27,53,55,26,53
1,<environment.Job instance at 0x14935f815910>,37,2,[1 9],56,56,58,0,56
1,<environment.Job instance at 0x14935f815a50>,38,1,[2 7],57,58,59,1,57
1,<environment.Job instance at 0x14935f815140>,39,1,[2 5],58,58,59,0,58
1,<environment.Job instance at 0x14935f815e10>,41,2,[14  1],60,67,69,7,67
1,<environment.Job instance at 0x14935f815690>,43,3,[2 8],62,79,82,17,79
1,<environment.Job instance at 0x14935f815640>,42,1,[5 1],61,117,118,56,117
1,<environment.Job instance at 0x14935f95ae10>,0,1,[2 8],1,1,2,0,1
1,<environment.Job instance at 0x14935f95adc0>,1,1,[ 2 10],2,2,3,0,2
1,<environment.Job instance at 0x14935f8d87d0>,2,1,[ 2 14],3,3,4,0,3
1,<environment.Job instance at 0x14935fb64eb0>,3,1,[8 2],4,4,5,0,4
1,<environment.Job instance at 0x14935f8d89b0>,6,2,[ 1 10],10,10,12,0,10
1,<environment.Job instance at 0x14935fad1370>,7,3,[11  2],11,58,61,47,58
1,<environment.Job instance at 0x14935fb0fa00>,17,3,[12  1],24,254,257,230,254
1,<environment.Job instance at 0x14935fb0fe60>,18,1,[1 8],26,254,255,228,254
1,<environment.Job instance at 0x14935f8884b0>,23,13,[ 1 14],32,555,568,523,555
1,<environment.Job instance at 0x14935f9a9cd0>,32,2,[1 9],48,574,576,526,574
1,<environment.Job instance at 0x14935f9a9280>,33,2,[ 2 10],51,576,578,525,574
1,<environment.Job instance at 0x14935f9a9640>,36,2,[ 2 10],54,578,580,524,576
1,<environment.Job instance at 0x14935fad3500>,40,2,[9 1],59,595,597,536,595
1,<environment.Job instance at 0x14935fad3190>,42,2,[ 1 10],61,595,597,534,595
1,<environment.Job instance at 0x14935fad3910>,44,1,[1 7],63,603,604,540,603
1,<environment.Job instance at 0x14935fad3c80>,45,1,[2 9],64,604,605,540,603
1,<environment.Job instance at 0x14935fad1e10>,9,3,[2 5],13,630,633,617,630
1,<environment.Job instance at 0x14935fad17d0>,8,3,[ 2 10],12,638,641,626,638
1,<environment.Job instance at 0x14935fad1fa0>,11,3,[5 2],16,723,726,707,723
1,<environment.Job instance at 0x14935d7503c0>,0,2,[8 2],1,1,3,0,1
1,<environment.Job instance at 0x14935d750cd0>,2,2,[2 5],3,3,5,0,3
1,<environment.Job instance at 0x14935d750f00>,10,1,[2 6],13,13,14,0,13
1,<environment.Job instance at 0x14935d750870>,11,16,[9 1],16,17,33,1,17
1,<environment.Job instance at 0x14935f833230>,18,1,[ 1 10],27,27,28,0,27
1,<environment.Job instance at 0x14935f833d70>,19,2,[1 5],29,29,31,0,29
1,<environment.Job instance at 0x14935f8337d0>,21,2,[10  2],31,33,35,2,31
1,<environment.Job instance at 0x14935cb26b40>,23,1,[2 6],36,36,37,0,36
1,<environment.Job instance at 0x14935cb26fa0>,24,2,[1 6],37,37,39,0,37
1,<environment.Job instance at 0x149360d46eb0>,26,1,[2 8],42,42,43,0,42
1,<environment.Job instance at 0x149360d46190>,28,2,[7 2],47,47,49,0,47
1,<environment.Job instance at 0x149360d46f50>,29,2,[2 5],48,48,50,0,48
1,<environment.Job instance at 0x14935fb67500>,32,1,[7 2],53,53,54,0,53
1,<environment.Job instance at 0x14935fb67370>,33,2,[5 2],54,54,56,0,54
1,<environment.Job instance at 0x14935fb67a00>,34,2,[ 2 12],56,56,58,0,56
1,<environment.Job instance at 0x14935fb67280>,35,14,[6 1],57,57,71,0,57
1,<environment.Job instance at 0x14935fa3b730>,38,13,[ 1 11],61,80,93,19,80
1,<environment.Job instance at 0x14935fa3b6e0>,43,3,[ 1 13],66,93,96,27,89
1,<environment.Job instance at 0x14935d7508c0>,9,17,[7 1],12,306,323,294,306
1,<environment.Job instance at 0x14935fa3b500>,39,2,[6 2],62,323,325,261,323
1,<environment.Job instance at 0x14935fa3b3c0>,40,1,[1 5],63,660,661,597,660
1,<environment.Job instance at 0x149381f2b640>,0,1,[2 8],1,2,3,1,2
1,<environment.Job instance at 0x149381f2a370>,9,2,[5 2],12,12,14,0,12
1,<environment.Job instance at 0x14938239d780>,10,2,[1 7],14,14,16,0,14
1,<environment.Job instance at 0x149360cf78c0>,12,1,[1 6],17,17,18,0,17
1,<environment.Job instance at 0x149360d8c4b0>,14,2,[10  1],19,20,22,1,20
1,<environment.Job instance at 0x14935f8faaa0>,24,1,[ 2 10],35,35,36,0,35
1,<environment.Job instance at 0x14935e2bd370>,31,1,[6 1],43,43,44,0,43
1,<environment.Job instance at 0x149360d46c30>,35,20,[8 2],52,52,72,0,52
1,<environment.Job instance at 0x149360d8eaa0>,43,1,[ 2 10],65,65,66,0,65
1,<environment.Job instance at 0x14938239b1e0>,45,1,[1 8],68,70,71,2,70
1,<environment.Job instance at 0x14935e2bd0a0>,26,2,[ 1 10],37,121,123,84,121
1,<environment.Job instance at 0x14935e2bd0f0>,27,3,[7 2],38,152,155,114,152
1,<environment.Job instance at 0x14935cc6de60>,2,2,[ 2 10],5,5,7,0,5
1,<environment.Job instance at 0x14935fb14190>,6,1,[6 2],11,11,12,0,11
1,<environment.Job instance at 0x14935fb14a50>,8,15,[ 1 11],17,1078,1093,1061,1078
1,<environment.Job instance at 0x14935f9fdd20>,12,1,[1 9],23,1093,1094,1070,1078
1,<environment.Job instance at 0x1493800ae5f0>,41,1,[7 2],66,1105,1106,1039,1105
1,<environment.Job instance at 0x14935fb14b90>,5,2,[ 2 12],10,1116,1118,1106,1116
1,<environment.Job instance at 0x14935f9fddc0>,9,2,[8 1],18,1264,1266,1246,1264
1,<environment.Job instance at 0x14935ca0e820>,1,26,[9 1],4,4,30,0,4
1,<environment.Job instance at 0x14935cd290a0>,9,27,[1 7],15,19,46,4,19
1,<environment.Job instance at 0x14936b107820>,14,2,[1 5],25,25,27,0,25
1,<environment.Job instance at 0x14935f80a140>,15,2,[8 1],26,30,32,4,26
1,<environment.Job instance at 0x14936b94ec80>,17,1,[5 1],29,29,30,0,29
1,<environment.Job instance at 0x1493637ca3c0>,18,3,[1 5],30,30,33,0,30
1,<environment.Job instance at 0x14935cd34910>,19,2,[1 9],31,46,48,15,31
1,<environment.Job instance at 0x14935cd34780>,20,3,[2 8],32,33,36,1,32
1,<environment.Job instance at 0x14935caa5190>,21,1,[1 8],35,36,37,1,35
1,<environment.Job instance at 0x14935caa51e0>,22,16,[2 6],36,37,53,1,36
1,<environment.Job instance at 0x14935caa57d0>,23,3,[1 6],37,48,51,11,37
1,<environment.Job instance at 0x14935caa5d20>,24,2,[8 2],38,38,40,0,38
1,<environment.Job instance at 0x14935caa5d70>,25,14,[9 1],40,48,62,8,40
1,<environment.Job instance at 0x14936b0847d0>,27,2,[1 7],42,51,53,9,42
1,<environment.Job instance at 0x14935d70a5f0>,30,2,[1 8],46,53,55,7,46
1,<environment.Job instance at 0x14935d70ad20>,31,2,[1 5],48,53,55,5,48
1,<environment.Job instance at 0x14935d70a820>,34,1,[8 2],51,62,63,11,51
1,<environment.Job instance at 0x14935d70a4b0>,35,14,[14  1],52,63,77,11,57
1,<environment.Job instance at 0x14935d70a6e0>,37,3,[10  1],56,77,80,21,57
1,<environment.Job instance at 0x14935cce3cd0>,38,3,[10  2],57,80,83,23,57
1,<environment.Job instance at 0x14935c9a4c30>,39,3,[ 2 11],60,60,63,0,60
1,<environment.Job instance at 0x14935cce3af0>,40,2,[1 7],61,63,65,2,61
1,<environment.Job instance at 0x14935e28d410>,41,1,[1 5],62,65,66,3,62
1,<environment.Job instance at 0x14936b95ab90>,44,16,[1 5],65,67,83,2,67
1,<environment.Job instance at 0x14936b95ad20>,45,2,[ 1 10],66,83,85,17,67
1,<environment.Job instance at 0x14935cd29410>,10,15,[2 8],18,134,149,116,134
1,<environment.Job instance at 0x14935cd29c80>,11,16,[2 8],19,154,170,135,154
1,<environment.Job instance at 0x14935d70a050>,36,2,[6 1],54,201,203,147,201
1,<environment.Job instance at 0x14935f7b73c0>,0,2,[1 8],1,1,3,0,1
1,<environment.Job instance at 0x14935d70a550>,2,2,[2 8],3,3,5,0,3
1,<environment.Job instance at 0x14936af86e60>,5,2,[2 8],9,9,11,0,9
1,<environment.Job instance at 0x14936af866e0>,6,1,[6 2],11,11,12,0,11
1,<environment.Job instance at 0x14936af86280>,7,1,[2 9],12,12,13,0,12
1,<environment.Job instance at 0x14936b0a75a0>,24,19,[2 9],36,37,56,1,37
1,<environment.Job instance at 0x14935c8f34b0>,28,2,[1 5],40,40,42,0,40
1,<environment.Job instance at 0x14935c8f3960>,32,1,[1 9],45,56,57,11,45
1,<environment.Job instance at 0x14935c8f3fa0>,36,1,[2 8],50,57,58,7,50
1,<environment.Job instance at 0x14935c8f0f50>,43,1,[10  1],58,58,59,0,58
1,<environment.Job instance at 0x14935c8f0190>,44,1,[1 8],59,59,60,0,59
1,<environment.Job instance at 0x149360cb9d70>,47,3,[9 2],62,66,69,4,66
1,<environment.Job instance at 0x149360cb9780>,48,2,[10  2],63,69,71,6,66
1,<environment.Job instance at 0x149360cb9730>,50,16,[ 2 10],65,82,98,17,82
1,<environment.Job instance at 0x14935ecf4c30>,51,2,[1 6],67,98,100,31,82
1,<environment.Job instance at 0x14935cac5190>,1,2,[1 8],2,3,5,1,3
1,<environment.Job instance at 0x149360c0ce60>,5,2,[7 1],6,6,8,0,6
1,<environment.Job instance at 0x14935c8e3280>,6,3,[7 1],7,7,10,0,7
1,<environment.Job instance at 0x14935ca31aa0>,8,25,[12  1],9,10,35,1,9
1,<environment.Job instance at 0x14936bb879b0>,16,23,[1 6],21,23,46,2,23
1,<environment.Job instance at 0x14935c826e60>,27,12,[1 5],41,47,59,6,47
1,<environment.Job instance at 0x14935c826910>,31,18,[1 5],47,56,74,9,56
1,<environment.Job instance at 0x1493637cd0f0>,41,2,[1 6],67,80,82,13,80
1,<environment.Job instance at 0x14935cb54050>,4,1,[2 8],9,9,10,0,9
1,<environment.Job instance at 0x14935caaeaf0>,6,2,[6 2],11,11,13,0,11
1,<environment.Job instance at 0x14935c92a690>,9,2,[5 2],14,14,16,0,14
1,<environment.Job instance at 0x14935f9fb320>,10,27,[1 7],15,15,42,0,15
1,<environment.Job instance at 0x14935f7a4320>,23,2,[1 8],37,41,43,4,41
1,<environment.Job instance at 0x1493637e7870>,24,1,[10  2],38,42,43,4,41
1,<environment.Job instance at 0x14935f7a40a0>,26,15,[2 7],40,45,60,5,45
1,<environment.Job instance at 0x149360fa46e0>,28,1,[ 1 12],46,60,61,14,50
1,<environment.Job instance at 0x149380070af0>,32,1,[2 9],54,61,62,7,54
1,<environment.Job instance at 0x14935d80b820>,34,12,[7 1],56,60,72,4,60
1,<environment.Job instance at 0x14935d80b8c0>,35,13,[13  2],57,310,323,253,310
1,<environment.Job instance at 0x14935f73c3c0>,41,28,[5 1],66,323,351,257,322
1,<environment.Job instance at 0x14935f73c4b0>,43,18,[5 1],68,327,345,259,327
1,<environment.Job instance at 0x14935c92a730>,12,17,[2 8],17,392,409,375,392
1,<environment.Job instance at 0x14935cd5ee60>,18,3,[9 2],25,478,481,453,478
1,<environment.Job instance at 0x14935cd63050>,0,1,[6 2],1,1,2,0,1
1,<environment.Job instance at 0x14935c469e60>,2,1,[7 1],4,4,5,0,4
1,<environment.Job instance at 0x14936af574b0>,8,2,[2 8],10,10,12,0,10
1,<environment.Job instance at 0x14935c7b55f0>,11,1,[1 9],17,17,18,0,17
1,<environment.Job instance at 0x149360b220a0>,18,25,[8 1],29,30,55,1,30
1,<environment.Job instance at 0x14935c46ee60>,33,1,[ 1 10],49,58,59,9,58
1,<environment.Job instance at 0x14935fa13e10>,34,19,[2 5],50,58,77,8,58
1,<environment.Job instance at 0x14935f91d910>,42,1,[1 6],60,76,77,16,76
1,<environment.Job instance at 0x14935cca6f50>,44,1,[1 7],62,77,78,15,76
1,<environment.Job instance at 0x14935c942e60>,46,2,[2 7],64,77,79,13,76
1,<environment.Job instance at 0x14935c9420a0>,50,2,[1 9],69,91,93,22,91
1,<environment.Job instance at 0x14935cc3ddc0>,21,2,[10  2],33,116,118,83,116
1,<environment.Job instance at 0x1493820e4690>,19,16,[8 1],30,1592,1608,1562,1592
1,<environment.Job instance at 0x14935cd5eb90>,4,1,[10  1],8,9,10,1,9
1,<environment.Job instance at 0x14935cd5e870>,7,25,[9 1],11,11,36,0,11
1,<environment.Job instance at 0x14935cd5e410>,10,21,[2 5],15,15,36,0,15
1,<environment.Job instance at 0x14935cd05a50>,11,15,[5 2],16,36,51,20,22
1,<environment.Job instance at 0x14935d806140>,33,2,[7 2],45,59,61,14,59
1,<environment.Job instance at 0x14935d8067d0>,34,2,[9 2],46,61,63,15,59
1,<environment.Job instance at 0x14935d806b90>,36,2,[ 1 10],48,59,61,11,59
1,<environment.Job instance at 0x14935c92ca50>,38,17,[12  1],50,201,218,151,201
1,<environment.Job instance at 0x14935c7be640>,45,1,[5 2],59,218,219,159,207
1,<environment.Job instance at 0x14936b0ec5f0>,52,2,[ 1 10],68,214,216,146,214
1,<environment.Job instance at 0x14935cd05cd0>,12,3,[2 7],18,234,237,216,234
1,<environment.Job instance at 0x14935cd05be0>,13,15,[7 2],19,243,258,224,243
1,<environment.Job instance at 0x14935c912230>,4,1,[13  1],5,7,8,2,7
1,<environment.Job instance at 0x14935cd05550>,5,3,[2 7],6,8,11,2,8
1,<environment.Job instance at 0x149360b45550>,11,2,[2 5],12,12,14,0,12
1,<environment.Job instance at 0x14936b966dc0>,13,22,[8 1],15,15,37,0,15
1,<environment.Job instance at 0x14935f9a9be0>,24,22,[2 6],29,33,55,4,33
1,<environment.Job instance at 0x14936bbe40f0>,25,1,[ 1 14],30,55,56,25,51
1,<environment.Job instance at 0x149380183780>,33,3,[ 2 14],42,83,86,41,83
1,<environment.Job instance at 0x149380183370>,35,1,[ 2 10],44,86,87,42,83
1,<environment.Job instance at 0x14936b081be0>,44,27,[5 1],60,85,112,25,85
1,<environment.Job instance at 0x14936b081c30>,45,15,[14  1],61,840,855,779,840
1,<environment.Job instance at 0x14935d71c4b0>,6,1,[5 1],7,875,876,868,875
1,<environment.Job instance at 0x14935c8776e0>,0,1,[7 2],2,2,3,0,2
1,<environment.Job instance at 0x14935f8efe10>,1,2,[2 7],3,3,5,0,3
1,<environment.Job instance at 0x14935cd5a690>,3,25,[6 1],5,5,30,0,5
1,<environment.Job instance at 0x14935cd5a960>,5,1,[10  1],8,30,31,22,8
1,<environment.Job instance at 0x14935c4eae60>,9,1,[1 9],14,14,15,0,14
1,<environment.Job instance at 0x149380194d20>,11,22,[2 5],19,19,41,0,19
1,<environment.Job instance at 0x14935c4ea1e0>,14,26,[ 2 13],23,41,67,18,38
1,<environment.Job instance at 0x14935faf9690>,25,1,[6 2],37,45,46,8,45
1,<environment.Job instance at 0x14935faf9cd0>,26,2,[ 1 10],38,67,69,29,45
1,<environment.Job instance at 0x14935d7950f0>,27,2,[2 7],39,69,71,30,45
1,<environment.Job instance at 0x14935d705500>,31,2,[8 2],50,51,53,1,51
1,<environment.Job instance at 0x14935d705b90>,33,3,[1 9],52,71,74,19,70
1,<environment.Job instance at 0x14936b0f8640>,35,2,[ 1 11],57,74,76,17,70
1,<environment.Job instance at 0x14936b0f8f00>,37,1,[1 8],60,76,77,16,71
1,<environment.Job instance at 0x14935fb05230>,38,2,[2 9],61,77,79,16,71
1,<environment.Job instance at 0x14935fb053c0>,40,15,[10  1],63,86,101,23,86
1,<environment.Job instance at 0x14935cac95f0>,44,3,[ 2 14],67,99,102,32,99
1,<environment.Job instance at 0x14935fb0fe10>,45,1,[5 1],68,101,102,33,99
1,<environment.Job instance at 0x14935fb0f640>,46,2,[2 6],69,102,104,33,99
1,<environment.Job instance at 0x14935ce45550>,0,1,[7 2],2,2,3,0,2
1,<environment.Job instance at 0x1493800af9b0>,18,23,[2 6],24,32,55,8,32
1,<environment.Job instance at 0x14935f855730>,29,3,[12  1],39,80,83,41,80
1,<environment.Job instance at 0x14935ccdf460>,35,1,[2 6],50,80,81,30,80
1,<environment.Job instance at 0x14935ccdfcd0>,37,1,[ 2 10],57,81,82,24,80
1,<environment.Job instance at 0x14935ccdf320>,38,3,[11  1],59,441,444,382,441
1,<environment.Job instance at 0x1493816966e0>,4,1,[ 2 10],7,7,8,0,7
1,<environment.Job instance at 0x1493816968c0>,6,2,[ 1 12],9,9,11,0,9
1,<environment.Job instance at 0x14935c9523c0>,19,2,[2 7],26,26,28,0,26
1,<environment.Job instance at 0x14935ce5be60>,20,22,[ 2 10],27,28,50,1,27
1,<environment.Job instance at 0x14935c4aeb40>,37,15,[6 1],52,54,69,2,54
1,<environment.Job instance at 0x14935ce36690>,42,21,[6 1],60,60,81,0,60
1,<environment.Job instance at 0x14935ce36320>,43,3,[ 2 13],62,83,86,21,83
1,<environment.Job instance at 0x14935ce36f50>,45,1,[ 2 10],64,86,87,22,83
1,<environment.Job instance at 0x14935ce360a0>,47,1,[1 7],68,87,88,19,83
1,<environment.Job instance at 0x14935c7bee10>,38,2,[8 2],53,179,181,126,179
1,<environment.Job instance at 0x1493818da3c0>,1,27,[5 2],2,2,29,0,2
1,<environment.Job instance at 0x14935fb25370>,4,1,[ 2 10],5,18,19,13,18
1,<environment.Job instance at 0x14935d264960>,12,1,[2 6],19,19,20,0,19
1,<environment.Job instance at 0x14935d2640a0>,15,1,[1 7],24,24,25,0,24
1,<environment.Job instance at 0x14935ce45b40>,17,2,[7 1],26,26,28,0,26
1,<environment.Job instance at 0x149360b22b90>,18,28,[1 6],27,27,55,0,27
1,<environment.Job instance at 0x14935d2647d0>,19,1,[1 7],30,30,31,0,30
1,<environment.Job instance at 0x14935e2ab3c0>,20,21,[9 1],31,31,52,0,31
1,<environment.Job instance at 0x14936bba2820>,27,1,[2 7],40,40,41,0,40
1,<environment.Job instance at 0x14935cbda500>,32,12,[9 1],47,52,64,5,48
1,<environment.Job instance at 0x14935cbda730>,34,16,[9 2],50,64,80,14,55
1,<environment.Job instance at 0x14935cbdad70>,38,1,[2 8],55,55,56,0,55
1,<environment.Job instance at 0x14935cbda9b0>,39,1,[5 1],56,56,57,0,56
1,<environment.Job instance at 0x14935cbdc730>,40,1,[8 1],58,80,81,22,58
1,<environment.Job instance at 0x14935cc153c0>,41,1,[1 8],60,60,61,0,60
1,<environment.Job instance at 0x14935cc159b0>,42,1,[2 9],61,61,62,0,61
1,<environment.Job instance at 0x14935cc15780>,45,1,[7 2],65,80,81,15,65
1,<environment.Job instance at 0x14938019c050>,46,1,[10  1],66,81,82,15,66
1,<environment.Job instance at 0x14935d6cb9b0>,47,3,[2 5],68,68,71,0,68
1,<environment.Job instance at 0x14935d6cbfa0>,48,2,[6 2],69,71,73,2,69
1,<environment.Job instance at 0x14935cbda640>,33,20,[ 2 11],48,81,101,33,81
1,<environment.Job instance at 0x14935cbdac80>,35,3,[ 2 10],51,103,106,52,103
1,<environment.Job instance at 0x14935cbdafa0>,36,15,[6 1],53,110,125,57,110
1,<environment.Job instance at 0x14935cbdab90>,1,1,[1 6],2,2,3,0,2
1,<environment.Job instance at 0x14935d6abfa0>,2,1,[10  1],3,3,4,0,3
1,<environment.Job instance at 0x14935cbdaaf0>,4,1,[7 1],5,5,6,0,5
1,<environment.Job instance at 0x14936b0aee60>,6,2,[1 8],7,7,9,0,7
1,<environment.Job instance at 0x14935cd02140>,7,26,[8 1],8,8,34,0,8
1,<environment.Job instance at 0x1493818b9a00>,10,27,[6 1],11,12,39,1,12
1,<environment.Job instance at 0x14935f7addc0>,18,1,[1 8],22,22,23,0,22
1,<environment.Job instance at 0x14938019e320>,20,1,[6 1],25,34,35,9,25
1,<environment.Job instance at 0x14935d28de10>,21,28,[14  1],28,39,67,11,38
1,<environment.Job instance at 0x1493800afaf0>,22,2,[1 7],29,38,40,9,38
1,<environment.Job instance at 0x14938238de60>,24,1,[6 1],31,38,39,7,38
1,<environment.Job instance at 0x1493818b2870>,28,2,[11  2],36,67,69,31,40
1,<environment.Job instance at 0x1493818b25a0>,30,2,[1 8],39,40,42,1,40
1,<environment.Job instance at 0x1493818b20f0>,31,2,[1 5],40,42,44,2,40
1,<environment.Job instance at 0x14936b0a1280>,32,1,[1 5],41,44,45,3,41
1,<environment.Job instance at 0x149360d77e10>,33,2,[9 1],42,69,71,27,42
1,<environment.Job instance at 0x149360d77cd0>,36,2,[2 6],46,67,69,21,46
1,<environment.Job instance at 0x14935fb51690>,37,1,[ 1 10],47,47,48,0,47
1,<environment.Job instance at 0x14935fb514b0>,38,1,[2 7],48,67,68,19,48
1,<environment.Job instance at 0x14935fb518c0>,39,2,[2 6],49,68,70,19,49
1,<environment.Job instance at 0x14935f79e690>,43,2,[12  1],55,71,73,16,57
1,<environment.Job instance at 0x14935f79e9b0>,45,1,[2 8],57,69,70,12,58
1,<environment.Job instance at 0x14935cd02d70>,11,21,[9 2],12,73,94,61,71
1,<environment.Job instance at 0x14935f79eaa0>,49,3,[1 6],61,75,78,14,75
1,<environment.Job instance at 0x14935c467320>,50,2,[1 8],63,78,80,15,75
1,<environment.Job instance at 0x14935c4679b0>,51,17,[7 1],64,94,111,30,82
1,<environment.Job instance at 0x14935c467500>,53,3,[1 5],68,82,85,14,82
1,<environment.Job instance at 0x14935c467dc0>,54,1,[10  1],69,111,112,42,83
1,<environment.Job instance at 0x14935f79ebe0>,48,15,[2 5],60,615,630,555,615
1,<environment.Job instance at 0x14935c7b4500>,14,2,[2 9],15,620,622,605,620
1,<environment.Job instance at 0x14935d6dce10>,15,13,[2 8],17,1645,1658,1628,1645
1,<environment.Job instance at 0x14935cc2d410>,4,2,[7 2],5,5,7,0,5
1,<environment.Job instance at 0x14935cc2d690>,5,1,[1 6],6,6,7,0,6
1,<environment.Job instance at 0x14936af57140>,12,1,[ 2 13],18,18,19,0,18
1,<environment.Job instance at 0x149381f1c140>,16,1,[5 1],22,22,23,0,22
1,<environment.Job instance at 0x14935fb3b280>,25,1,[5 2],39,40,41,1,40
1,<environment.Job instance at 0x14936106c460>,27,1,[7 2],42,42,43,0,42
1,<environment.Job instance at 0x14935cda11e0>,28,1,[2 8],43,43,44,0,43
1,<environment.Job instance at 0x14936af4f280>,29,2,[2 9],44,44,46,0,44
1,<environment.Job instance at 0x149360ccf960>,31,2,[7 1],47,47,49,0,47
1,<environment.Job instance at 0x149360ccfa50>,32,1,[ 1 10],48,48,49,0,48
1,<environment.Job instance at 0x14935d6fb2d0>,33,26,[2 5],49,49,75,0,49
1,<environment.Job instance at 0x1493b0350c30>,38,1,[10  2],59,59,60,0,59
1,<environment.Job instance at 0x14935cec3050>,45,2,[ 2 13],69,75,77,6,69
1,<environment.Job instance at 0x14936106c2d0>,26,13,[7 2],40,1797,1810,1757,1797
1,<environment.Job instance at 0x149361050af0>,1,28,[2 5],3,3,31,0,3
1,<environment.Job instance at 0x14936aeef5f0>,5,16,[ 1 11],7,31,47,24,27
1,<environment.Job instance at 0x14935d7daf00>,23,25,[9 1],33,34,59,1,34
1,<environment.Job instance at 0x1493818b2fa0>,30,1,[6 2],41,47,48,6,45
1,<environment.Job instance at 0x1493818b20f0>,31,1,[9 1],42,59,60,17,45
1,<environment.Job instance at 0x14936924b960>,32,1,[2 5],44,48,49,4,45
1,<environment.Job instance at 0x14935d6aef00>,34,1,[2 7],48,48,49,0,48
1,<environment.Job instance at 0x14935cda1320>,35,2,[ 1 14],50,50,52,0,50
1,<environment.Job instance at 0x14935cda1dc0>,36,1,[7 2],51,60,61,9,51
1,<environment.Job instance at 0x14935cda1140>,39,1,[2 5],54,56,57,2,56
1,<environment.Job instance at 0x14935cda1e10>,40,2,[1 5],56,56,58,0,56
1,<environment.Job instance at 0x14935c9f1190>,43,26,[5 2],59,71,97,12,71
1,<environment.Job instance at 0x149361096a50>,45,2,[2 6],61,71,73,10,71
1,<environment.Job instance at 0x1493610b85f0>,49,2,[6 1],66,74,76,8,74
1,<environment.Job instance at 0x14936106c550>,6,1,[2 6],8,103,104,95,103
1,<environment.Job instance at 0x14936aeef410>,7,1,[1 5],10,103,104,93,103
1,<environment.Job instance at 0x14936aeef910>,8,2,[2 8],11,2238,2240,2227,2238
1,<environment.Job instance at 0x1531ee9bdc30>,15,1,[ 1 10],20,20,21,0,20
1,<environment.Job instance at 0x1531eeac1960>,18,2,[10  1],25,25,27,0,25
1,<environment.Job instance at 0x1531ee99f5a0>,20,2,[ 1 13],27,27,29,0,27
1,<environment.Job instance at 0x1531ee99f500>,22,1,[2 7],30,30,31,0,30
1,<environment.Job instance at 0x1531ee99ff50>,23,2,[8 1],31,31,33,0,31
1,<environment.Job instance at 0x1531eea00fa0>,27,2,[2 7],36,36,38,0,36
1,<environment.Job instance at 0x1531ee9f8a50>,28,2,[2 7],37,37,39,0,37
1,<environment.Job instance at 0x1531ee98d460>,34,15,[11  1],44,49,64,5,49
1,<environment.Job instance at 0x1531ee9939b0>,41,25,[12  2],54,64,89,10,61
1,<environment.Job instance at 0x1531ee9a71e0>,47,1,[1 6],63,63,64,0,63
1,<environment.Job instance at 0x1531ee9a7a00>,48,1,[2 9],65,65,66,0,65
1,<environment.Job instance at 0x1531ee9aad70>,51,2,[8 2],69,89,91,20,83
1,<environment.Job instance at 0x1531ee9aaa00>,52,2,[1 7],72,83,85,11,83
1,<environment.Job instance at 0x1531ee4d1fa0>,53,3,[6 1],73,89,92,16,83
1,<environment.Job instance at 0x1531ee9aa3c0>,54,2,[2 5],75,83,85,8,83
1,<environment.Job instance at 0x1531ee9aadc0>,55,16,[2 5],76,91,107,15,83
1,<environment.Job instance at 0x1531ee98d960>,30,15,[2 9],40,165,180,125,165
1,<environment.Job instance at 0x1531ee98d780>,32,3,[2 9],42,338,341,296,338
1,<environment.Job instance at 0x1531ee98d4b0>,31,3,[9 2],41,457,460,416,457
1,<environment.Job instance at 0x1531f0a243c0>,9,1,[13  1],14,15,16,1,15
1,<environment.Job instance at 0x1531f0a78960>,11,1,[2 5],16,16,17,0,16
1,<environment.Job instance at 0x1531f0a78820>,12,2,[ 2 10],17,17,19,0,17
1,<environment.Job instance at 0x1531f0a14dc0>,19,2,[ 1 10],29,29,31,0,29
1,<environment.Job instance at 0x1531f0a8b6e0>,27,1,[7 2],40,40,41,0,40
1,<environment.Job instance at 0x1531f0a8baf0>,29,2,[2 6],42,42,44,0,42
1,<environment.Job instance at 0x1531f0a7ffa0>,31,2,[1 9],46,46,48,0,46
1,<environment.Job instance at 0x1531f0a7f730>,32,1,[2 7],47,48,49,1,47
1,<environment.Job instance at 0x1531f0a7f5a0>,33,1,[2 5],48,48,49,0,48
1,<environment.Job instance at 0x1531f0a7f500>,36,1,[5 1],51,51,52,0,51
1,<environment.Job instance at 0x1531f0a8d780>,44,1,[2 8],61,61,62,0,61
1,<environment.Job instance at 0x1531f0a8de60>,45,1,[ 2 10],62,62,63,0,62
1,<environment.Job instance at 0x1531f0a8d230>,46,1,[ 2 14],63,63,64,0,63
1,<environment.Job instance at 0x1531f0a7fd70>,40,13,[ 1 10],56,64,77,8,63
1,<environment.Job instance at 0x1531f0a8d320>,49,18,[1 8],66,77,95,11,66
1,<environment.Job instance at 0x1531f0b25cd0>,51,3,[11  2],71,103,106,32,103
1,<environment.Job instance at 0x1531f0b255a0>,54,1,[8 1],74,106,107,32,103
1,<environment.Job instance at 0x1531f0b21f50>,58,1,[1 6],79,103,104,24,103
1,<environment.Job instance at 0x1531f0b25aa0>,52,3,[ 2 10],72,104,107,32,103
1,<environment.Job instance at 0x1531f0a7f3c0>,35,2,[14  1],50,180,182,130,180
1,<environment.Job instance at 0x1531f0a7f3c0>,2,1,[1 8],6,7,8,1,7
1,<environment.Job instance at 0x1531f0a6e410>,1,3,[12  1],4,14,17,10,14
1,<environment.Job instance at 0x1531f1ff12d0>,3,15,[1 6],7,51,66,44,51
1,<environment.Job instance at 0x1531f0bf3140>,8,27,[1 8],13,63,90,50,63
1,<environment.Job instance at 0x1531f1e7ecd0>,9,3,[1 9],14,1932,1935,1918,1932
1,<environment.Job instance at 0x1531f1e7e410>,10,2,[7 2],15,2013,2015,1998,2013
1,<environment.Job instance at 0x1531f1e7e410>,2,1,[2 6],6,6,7,0,6
1,<environment.Job instance at 0x153200129280>,11,1,[7 2],23,23,24,0,23
1,<environment.Job instance at 0x153200129af0>,13,2,[ 2 12],26,26,28,0,26
1,<environment.Job instance at 0x1532000675f0>,18,2,[6 2],32,32,34,0,32
1,<environment.Job instance at 0x1531f1f2a550>,19,1,[1 5],33,33,34,0,33
1,<environment.Job instance at 0x1532401540a0>,22,3,[ 1 13],36,36,39,0,36
1,<environment.Job instance at 0x15320008b960>,24,21,[ 2 13],40,40,61,0,40
1,<environment.Job instance at 0x1531edde2960>,30,18,[8 1],47,52,70,5,52
1,<environment.Job instance at 0x1531edc9e4b0>,39,2,[10  1],59,70,72,11,59
1,<environment.Job instance at 0x153202affe60>,41,17,[7 1],62,72,89,10,62
1,<environment.Job instance at 0x1532001395f0>,42,1,[2 5],64,64,65,0,64
1,<environment.Job instance at 0x1532000a1b90>,48,2,[2 5],74,76,78,2,76
1,<environment.Job instance at 0x1532000c6050>,49,1,[ 2 10],75,78,79,3,76
1,<environment.Job instance at 0x1532000c6a50>,50,14,[8 1],76,84,98,8,84
1,<environment.Job instance at 0x1532001b2b90>,51,2,[ 1 10],77,89,91,12,84
1,<environment.Job instance at 0x1532000676e0>,17,13,[ 1 11],31,113,126,82,113
1,<environment.Job instance at 0x1531f22ca0f0>,21,3,[ 2 10],35,126,129,91,126
1,<environment.Job instance at 0x1531edde2aa0>,31,1,[5 2],48,156,157,108,156
1,<environment.Job instance at 0x1531eddc5730>,2,1,[6 1],3,4,5,1,4
1,<environment.Job instance at 0x1531ee27f5a0>,10,2,[2 7],21,21,23,0,21
1,<environment.Job instance at 0x1531eea45d20>,11,2,[9 2],22,22,24,0,22
1,<environment.Job instance at 0x1531f2242370>,23,2,[ 2 12],40,48,50,8,48
1,<environment.Job instance at 0x1531f22420a0>,24,1,[6 2],41,48,49,7,48
1,<environment.Job instance at 0x153200ef1f50>,16,1,[1 8],28,1330,1331,1302,1330
1,<environment.Job instance at 0x153200ef1dc0>,1,2,[5 1],3,3,5,0,3
1,<environment.Job instance at 0x1531ee131870>,2,1,[2 7],4,4,5,0,4
1,<environment.Job instance at 0x1531f0a96e10>,3,2,[10  2],5,5,7,0,5
1,<environment.Job instance at 0x1531f0a96870>,4,2,[6 1],6,7,9,1,6
1,<environment.Job instance at 0x1531f1e8edc0>,10,1,[7 2],16,16,17,0,16
1,<environment.Job instance at 0x153200281fa0>,15,26,[9 1],24,24,50,0,24
1,<environment.Job instance at 0x153200125d20>,23,27,[1 7],35,38,65,3,38
1,<environment.Job instance at 0x153200125eb0>,28,2,[1 5],45,45,47,0,45
1,<environment.Job instance at 0x1532028bd7d0>,31,1,[5 1],49,49,50,0,49
1,<environment.Job instance at 0x1532028bd320>,32,3,[1 5],50,50,53,0,50
1,<environment.Job instance at 0x1532028bd460>,33,2,[1 9],51,65,67,14,51
1,<environment.Job instance at 0x1532028bd640>,34,3,[2 8],52,53,56,1,52
1,<environment.Job instance at 0x1532028bd370>,35,1,[1 8],55,56,57,1,55
1,<environment.Job instance at 0x1531f099f690>,41,2,[1 7],62,62,64,0,62
1,<environment.Job instance at 0x1531f099f230>,42,15,[1 5],63,64,79,1,63
1,<environment.Job instance at 0x1531eff40140>,44,2,[1 8],66,67,69,1,66
1,<environment.Job instance at 0x1531eff40e10>,45,2,[1 5],68,69,71,1,68
1,<environment.Job instance at 0x1531ee00ce60>,49,14,[14  1],72,82,96,10,82
1,<environment.Job instance at 0x153200125f50>,24,15,[2 8],38,240,255,202,240
1,<environment.Job instance at 0x1532028bdaa0>,40,3,[10  1],61,265,268,204,265
1,<environment.Job instance at 0x1531eff400f0>,48,1,[8 2],71,291,292,220,291
1,<environment.Job instance at 0x1531eff40eb0>,47,1,[2 8],70,428,429,358,428
1,<environment.Job instance at 0x1531eda87c30>,0,2,[1 7],1,1,3,0,1
1,<environment.Job instance at 0x1531ee024550>,1,1,[1 5],2,2,3,0,2
1,<environment.Job instance at 0x1531edf7c820>,9,3,[6 1],10,10,13,0,10
1,<environment.Job instance at 0x1531edc08c80>,10,2,[1 8],11,11,13,0,11
1,<environment.Job instance at 0x1531f1d7d6e0>,12,2,[2 8],13,13,15,0,13
1,<environment.Job instance at 0x1531edf7c4b0>,13,3,[5 2],16,16,19,0,16
1,<environment.Job instance at 0x1531f1d7d1e0>,14,1,[6 2],18,18,19,0,18
1,<environment.Job instance at 0x1531f1d7d640>,15,2,[2 8],19,19,21,0,19
1,<environment.Job instance at 0x1531f1d7daf0>,16,1,[6 2],21,21,22,0,21
1,<environment.Job instance at 0x153200e55550>,17,1,[2 9],22,22,23,0,22
1,<environment.Job instance at 0x153200e254b0>,18,27,[ 2 10],23,23,50,0,23
1,<environment.Job instance at 0x1531edcd60f0>,29,1,[7 2],38,38,39,0,38
1,<environment.Job instance at 0x1531edcd61e0>,31,2,[5 2],40,40,42,0,40
1,<environment.Job instance at 0x1531edaa2140>,34,19,[2 9],46,50,69,4,46
1,<environment.Job instance at 0x1531f0c667d0>,35,13,[12  2],47,71,84,24,71
1,<environment.Job instance at 0x1531f0c66d20>,38,2,[1 5],50,71,73,21,71
1,<environment.Job instance at 0x1531eddc3230>,42,1,[1 9],55,73,74,18,71
1,<environment.Job instance at 0x1531eddc3910>,45,1,[2 6],58,71,72,13,71
1,<environment.Job instance at 0x153201011dc0>,46,1,[2 8],60,72,73,12,71
1,<environment.Job instance at 0x1531eddc35a0>,47,1,[2 6],61,74,75,13,71
1,<environment.Job instance at 0x1531ee4d1cd0>,51,17,[9 1],66,84,101,18,79
1,<environment.Job instance at 0x1531ee4d1410>,53,1,[10  1],68,101,102,33,79
1,<environment.Job instance at 0x1531ee4d1690>,54,1,[1 8],69,79,80,10,79
1,<environment.Job instance at 0x1531ee4d1320>,56,2,[2 6],71,80,82,9,80
1,<environment.Job instance at 0x1532000dc0a0>,57,3,[9 2],72,102,105,30,80
1,<environment.Job instance at 0x1532001df8c0>,58,2,[10  2],73,105,107,32,80
1,<environment.Job instance at 0x1531ede6bcd0>,61,2,[1 6],77,96,98,19,96
1,<environment.Job instance at 0x1531ee024aa0>,7,15,[7 2],8,240,255,232,240
1,<environment.Job instance at 0x1531edf7c0a0>,8,16,[2 8],9,252,268,243,252
1,<environment.Job instance at 0x1531edaa2460>,36,17,[9 2],48,1426,1443,1378,1426
1,<environment.Job instance at 0x1531edaa2190>,1,2,[1 8],2,2,4,0,2
1,<environment.Job instance at 0x1531edaa2460>,3,1,[2 5],4,4,5,0,4
1,<environment.Job instance at 0x1531f1eea640>,8,25,[12  1],9,17,42,8,17
1,<environment.Job instance at 0x153202875550>,21,2,[7 1],32,42,44,10,36
1,<environment.Job instance at 0x153200101550>,24,2,[5 1],37,42,44,5,37
1,<environment.Job instance at 0x1531f22f29b0>,31,18,[1 5],47,52,70,5,52
1,<environment.Job instance at 0x153200e1af00>,37,26,[2 8],58,65,91,7,65
1,<environment.Job instance at 0x1531f1edfd70>,9,1,[ 2 10],10,105,106,95,105
1,<environment.Job instance at 0x1531f1eea550>,10,2,[10  2],12,161,163,149,161
1,<environment.Job instance at 0x153200e30190>,0,2,[6 2],1,1,3,0,1
1,<environment.Job instance at 0x1531ed6d3230>,4,27,[1 7],5,6,33,1,6
1,<environment.Job instance at 0x1531ee01f460>,17,2,[1 8],27,30,32,3,30
1,<environment.Job instance at 0x1531edc1c500>,18,1,[10  2],28,32,33,4,30
1,<environment.Job instance at 0x1531edc1caa0>,19,3,[2 8],29,33,36,4,32
1,<environment.Job instance at 0x1531ed8c50f0>,21,2,[8 2],35,35,37,0,35
1,<environment.Job instance at 0x1531f0c600a0>,22,1,[ 1 12],36,36,37,0,36
1,<environment.Job instance at 0x1531ed6e37d0>,24,1,[8 1],39,39,40,0,39
1,<environment.Job instance at 0x1532003319b0>,25,3,[1 9],41,41,44,0,41
1,<environment.Job instance at 0x1532003316e0>,26,1,[2 9],44,44,45,0,44
1,<environment.Job instance at 0x153200331eb0>,27,2,[7 2],45,45,47,0,45
1,<environment.Job instance at 0x153200331550>,28,12,[7 1],46,46,58,0,46
1,<environment.Job instance at 0x1531f1eeaa00>,5,21,[1 8],6,83,104,77,83
1,<environment.Job instance at 0x1531f0a0db40>,10,1,[10  2],17,17,18,0,17
1,<environment.Job instance at 0x1531f0d77c30>,4,25,[8 1],9,18,43,9,17
1,<environment.Job instance at 0x1531ee982e10>,20,19,[2 5],30,42,61,12,42
1,<environment.Job instance at 0x1531ede84910>,31,1,[6 2],43,57,58,14,57
1,<environment.Job instance at 0x1531ede84730>,32,2,[2 7],44,57,59,13,57
1,<environment.Job instance at 0x1532002061e0>,36,2,[1 9],49,80,82,31,80
1,<environment.Job instance at 0x1532000f49b0>,37,2,[7 2],50,80,82,30,80
1,<environment.Job instance at 0x1531ee007410>,45,25,[9 1],61,92,117,31,92
1,<environment.Job instance at 0x1531ee007a00>,48,21,[2 5],65,106,127,41,106
1,<environment.Job instance at 0x1531f0d77a00>,7,2,[10  2],13,170,172,157,170
1,<environment.Job instance at 0x1531f23325a0>,15,3,[9 2],23,177,180,154,177
1,<environment.Job instance at 0x1531ee4dacd0>,16,13,[1 9],24,2516,2529,2492,2516
1,<environment.Job instance at 0x1531f1dcd280>,0,2,[5 2],1,1,3,0,1
1,<environment.Job instance at 0x1531f2231e60>,2,1,[1 7],3,3,4,0,3
1,<environment.Job instance at 0x1531ee138dc0>,4,1,[6 2],7,7,8,0,7
1,<environment.Job instance at 0x1531ee138050>,6,1,[2 6],10,10,11,0,10
1,<environment.Job instance at 0x1531f0d666e0>,11,2,[9 2],16,16,18,0,16
1,<environment.Job instance at 0x1531f0d66730>,13,2,[ 1 10],18,18,20,0,18
1,<environment.Job instance at 0x1531f0d663c0>,15,17,[12  1],20,162,179,142,162
1,<environment.Job instance at 0x1531eddcc8c0>,36,1,[13  1],45,179,180,134,178
1,<environment.Job instance at 0x1531ed8c8050>,38,1,[5 1],47,180,181,133,178
1,<environment.Job instance at 0x153200ef5c80>,45,22,[8 1],55,180,202,125,178
1,<environment.Job instance at 0x153200ef5fa0>,56,22,[2 6],69,207,229,138,207
1,<environment.Job instance at 0x153200ef5e60>,57,1,[ 1 14],70,229,230,159,207
1,<environment.Job instance at 0x153200ef56e0>,59,1,[6 1],72,217,218,145,217
1,<environment.Job instance at 0x1532028e51e0>,16,1,[8 2],23,261,262,238,261
1,<environment.Job instance at 0x1531eddd2a00>,17,17,[7 1],24,342,359,318,342
1,<environment.Job instance at 0x1531f0a42be0>,18,17,[2 7],25,2410,2427,2385,2410
1,<environment.Job instance at 0x1531edcd74b0>,0,3,[ 2 14],2,14,17,12,14
1,<environment.Job instance at 0x1531ee949af0>,2,1,[ 2 10],4,17,18,13,15
1,<environment.Job instance at 0x1531f0b6b3c0>,9,1,[1 5],17,17,18,0,17
1,<environment.Job instance at 0x153200e65050>,11,27,[5 1],20,20,47,0,20
1,<environment.Job instance at 0x1531ee216be0>,12,15,[14  1],21,248,263,227,248
1,<environment.Job instance at 0x1531ee216b90>,16,1,[2 9],26,263,264,237,248
1,<environment.Job instance at 0x153200e55c80>,19,1,[7 2],32,263,264,231,248
1,<environment.Job instance at 0x153200e55c30>,22,25,[6 1],35,263,288,228,259
1,<environment.Job instance at 0x1532035f2730>,28,1,[1 9],44,259,260,215,259
1,<environment.Job instance at 0x1532035f2230>,29,1,[8 2],47,264,265,217,259
1,<environment.Job instance at 0x1532035f2a50>,30,22,[2 5],49,265,287,216,260
1,<environment.Job instance at 0x1532035f2780>,33,26,[ 2 13],53,287,313,234,284
1,<environment.Job instance at 0x1532035f2fa0>,36,2,[12  1],57,291,293,234,291
1,<environment.Job instance at 0x1531edb2fe10>,44,1,[6 2],67,299,300,232,299
1,<environment.Job instance at 0x1531edd89cd0>,45,2,[ 1 10],68,313,315,245,299
1,<environment.Job instance at 0x1531edd89690>,46,2,[2 7],69,315,317,246,299
1,<environment.Job instance at 0x1531ee949190>,1,3,[1 8],3,325,328,322,325
1,<environment.Job instance at 0x153200e65b90>,13,2,[1 9],22,342,344,320,342
1,<environment.Job instance at 0x1531ee9497d0>,3,2,[ 1 11],7,7,9,0,7
1,<environment.Job instance at 0x1531f1efae10>,5,1,[1 8],10,10,11,0,10
1,<environment.Job instance at 0x1531f1efa230>,6,2,[2 9],11,11,13,0,11
1,<environment.Job instance at 0x1531f0bf8cd0>,7,2,[8 2],12,12,14,0,12
1,<environment.Job instance at 0x153244aa6a00>,9,28,[5 2],14,16,44,2,16
1,<environment.Job instance at 0x1531ede2cf00>,12,3,[ 2 14],17,44,47,27,39
1,<environment.Job instance at 0x153200f07a50>,32,26,[1 6],41,57,83,16,57
1,<environment.Job instance at 0x153200f07230>,34,23,[2 6],44,58,81,14,58
1,<environment.Job instance at 0x153200f07c80>,35,23,[9 1],46,70,93,24,70
1,<environment.Job instance at 0x1531f0e83870>,45,3,[12  1],59,93,96,34,81
1,<environment.Job instance at 0x153200fa9410>,46,20,[8 1],60,96,116,36,87
1,<environment.Job instance at 0x153200271320>,54,3,[11  1],79,116,119,37,115
1,<environment.Job instance at 0x153200f07f50>,33,16,[2 9],42,210,226,168,210
1,<environment.Job instance at 0x1531f0bf8140>,11,2,[ 1 10],16,252,254,236,252
1,<environment.Job instance at 0x1531ed714cd0>,10,2,[ 1 12],19,20,22,1,20
1,<environment.Job instance at 0x15320318edc0>,12,2,[5 2],21,21,23,0,21
1,<environment.Job instance at 0x15320318ea50>,13,21,[5 1],22,22,43,0,22
1,<environment.Job instance at 0x153200e82fa0>,19,1,[2 7],30,30,31,0,30
1,<environment.Job instance at 0x153200e82280>,20,2,[1 8],31,31,33,0,31
1,<environment.Job instance at 0x153200e82190>,23,2,[2 7],36,36,38,0,36
1,<environment.Job instance at 0x153200e82230>,24,22,[ 2 10],37,38,60,1,37
1,<environment.Job instance at 0x153200e82320>,29,1,[7 1],44,44,45,0,44
1,<environment.Job instance at 0x153200e82c80>,30,2,[5 2],45,45,47,0,45
1,<environment.Job instance at 0x1531f1dde910>,33,2,[ 1 10],48,60,62,12,48
1,<environment.Job instance at 0x1531f1ddea50>,35,1,[2 6],52,62,63,10,52
1,<environment.Job instance at 0x1531f1dde460>,38,2,[8 2],55,55,57,0,55
1,<environment.Job instance at 0x1531ed714f50>,5,2,[5 2],13,63,65,50,63
1,<environment.Job instance at 0x1531ed714be0>,11,16,[2 9],20,64,80,44,64
1,<environment.Job instance at 0x1531f2207f50>,49,1,[ 2 10],74,80,81,6,74
1,<environment.Job instance at 0x1531f2207dc0>,50,2,[2 8],75,81,83,6,75
1,<environment.Job instance at 0x1531f2207eb0>,47,3,[ 2 13],72,83,86,11,83
1,<environment.Job instance at 0x1531f2207a50>,48,14,[2 6],73,111,125,38,111
1,<environment.Job instance at 0x1531eda4d460>,18,28,[1 6],27,29,57,2,29
1,<environment.Job instance at 0x1531f0b145a0>,24,2,[ 2 10],36,57,59,21,53
1,<environment.Job instance at 0x1532031e9b90>,26,1,[1 9],39,53,54,14,53
1,<environment.Job instance at 0x1531ee4ebd20>,27,1,[2 7],40,54,55,14,53
1,<environment.Job instance at 0x1531ee4ebaa0>,30,2,[ 2 10],45,59,61,14,53
1,<environment.Job instance at 0x1531ee4eb640>,33,20,[ 2 11],48,86,106,38,86
1,<environment.Job instance at 0x1531edfb15a0>,57,26,[8 1],78,107,133,29,107
1,<environment.Job instance at 0x1531ee2305f0>,3,1,[9 1],4,152,153,148,152
1,<environment.Job instance at 0x153200333e10>,11,1,[7 1],17,172,173,155,172
1,<environment.Job instance at 0x1531ed8d5690>,13,3,[1 5],20,228,231,208,228
1,<environment.Job instance at 0x1531ee102690>,0,27,[6 1],1,1,28,0,1
1,<environment.Job instance at 0x1531f0aa7cd0>,10,1,[6 1],15,16,17,1,16
1,<environment.Job instance at 0x1532028e5500>,11,28,[14  1],18,28,56,10,27
1,<environment.Job instance at 0x153200117190>,18,2,[11  2],26,56,58,30,47
1,<environment.Job instance at 0x1532028750a0>,20,2,[1 8],29,47,49,18,47
1,<environment.Job instance at 0x1531f09c15a0>,22,1,[1 5],31,49,50,18,47
1,<environment.Job instance at 0x1531ed707550>,27,1,[ 1 10],37,50,51,13,47
1,<environment.Job instance at 0x1531f0d3e910>,29,2,[2 6],39,56,58,17,47
1,<environment.Job instance at 0x153200e4f5a0>,32,2,[8 2],43,58,60,15,47
1,<environment.Job instance at 0x153200e4fc30>,33,2,[12  1],45,60,62,15,54
1,<environment.Job instance at 0x15320014d960>,35,1,[2 8],47,58,59,11,54
1,<environment.Job instance at 0x1531edcd7b40>,38,15,[2 5],50,68,83,18,68
1,<environment.Job instance at 0x1531ede27c80>,40,2,[1 8],53,68,70,15,68
1,<environment.Job instance at 0x1531ede27be0>,41,17,[7 1],54,69,86,15,69
1,<environment.Job instance at 0x1531f0aa7d70>,5,13,[2 8],7,75,88,68,75
1,<environment.Job instance at 0x1531eff779b0>,46,16,[7 1],61,90,106,29,90
1,<environment.Job instance at 0x1531ed6e3460>,57,17,[8 1],77,102,119,25,102
1,<environment.Job instance at 0x1531f09ae910>,58,1,[ 2 13],78,113,114,35,113
1,<environment.Job instance at 0x1532000b8b90>,59,2,[2 5],79,114,116,35,113
1,<environment.Job instance at 0x1531f22c5320>,4,2,[2 9],5,125,127,120,125
1,<environment.Job instance at 0x1531eff775a0>,45,1,[10  2],60,125,126,65,125
1,<environment.Job instance at 0x1531f0aa7730>,9,16,[5 2],13,145,161,132,145
1,<environment.Job instance at 0x1531f0aa70f0>,4,1,[6 2],7,7,8,0,7
1,<environment.Job instance at 0x1531edb9a320>,13,1,[2 8],23,24,25,1,24
1,<environment.Job instance at 0x1531ed784730>,17,1,[ 1 10],28,28,29,0,28
1,<environment.Job instance at 0x1531edabb3c0>,18,26,[2 5],29,29,55,0,29
1,<environment.Job instance at 0x1531ee9c1dc0>,32,28,[2 5],53,53,81,0,53
1,<environment.Job instance at 0x1531f226dc30>,0,1,[9 1],1,1,2,0,1
1,<environment.Job instance at 0x1531f09a58c0>,1,1,[1 8],2,2,3,0,2
1,<environment.Job instance at 0x1532028756e0>,2,25,[9 1],3,3,28,0,3
1,<environment.Job instance at 0x1531f2265e10>,14,2,[ 1 14],20,20,22,0,20
1,<environment.Job instance at 0x1531f22d8be0>,19,2,[1 5],26,26,28,0,26
1,<environment.Job instance at 0x1531f1e64320>,24,2,[2 6],31,35,37,4,35
1,<environment.Job instance at 0x1532001cb8c0>,28,2,[6 1],36,36,38,0,36
1,<environment.Job instance at 0x1532001cb690>,29,1,[5 1],37,37,38,0,37
1,<environment.Job instance at 0x1531f1ee45a0>,33,1,[ 1 10],45,45,46,0,45
1,<environment.Job instance at 0x153200eeae10>,37,21,[10  2],52,53,74,1,53
1,<environment.Job instance at 0x1531ee0ad0f0>,41,13,[1 5],61,61,74,0,61
1,<environment.Job instance at 0x1531edf33be0>,42,2,[6 1],63,74,76,11,63
1,<environment.Job instance at 0x1531edf330a0>,43,1,[ 1 12],64,74,75,10,64
1,<environment.Job instance at 0x1531f0bbccd0>,44,1,[10  2],65,76,77,11,65
1,<environment.Job instance at 0x1531ee96d5f0>,45,3,[2 9],66,75,78,9,66
1,<environment.Job instance at 0x1531f1e64eb0>,23,1,[8 2],30,74,75,44,66
1,<environment.Job instance at 0x1531ee00c460>,48,1,[9 1],70,77,78,7,70
1,<environment.Job instance at 0x1531f0b47f50>,49,20,[9 1],71,78,98,7,71
1,<environment.Job instance at 0x15320023d6e0>,51,2,[13  1],74,98,100,24,79
1,<environment.Job instance at 0x1532000ab6e0>,53,1,[5 1],76,79,80,3,79
1,<environment.Job instance at 0x15320023d230>,52,1,[12  2],75,100,101,25,87
1,<environment.Job instance at 0x153200eea0a0>,38,22,[2 9],53,106,128,53,106
1,<environment.Job instance at 0x1531f1e64780>,25,3,[1 9],32,217,220,185,217
1,<environment.Job instance at 0x1531ed9fe550>,0,2,[1 6],6,6,8,0,6
1,<environment.Job instance at 0x1531ee0cedc0>,4,2,[2 6],14,15,17,1,15
1,<environment.Job instance at 0x1531ee05e550>,23,2,[1 6],38,39,41,1,39
1,<environment.Job instance at 0x1531f1e89af0>,26,1,[ 1 13],41,42,43,1,42
1,<environment.Job instance at 0x1531f1e64780>,24,1,[2 5],39,45,46,6,45
1,<environment.Job instance at 0x1531eea86b90>,27,12,[ 1 14],42,49,61,7,49
1,<environment.Job instance at 0x1532031a23c0>,30,1,[11  1],53,67,68,14,67
1,<environment.Job instance at 0x1532028d5c80>,36,1,[6 1],60,68,69,8,67
1,<environment.Job instance at 0x1531f0ba8a00>,38,1,[1 5],62,67,68,5,67
1,<environment.Job instance at 0x153200e43c80>,44,2,[9 2],71,80,82,9,80
1,<environment.Job instance at 0x153200e43a00>,45,2,[2 7],75,80,82,5,80
1,<environment.Job instance at 0x153200e43af0>,46,1,[8 1],76,82,83,6,80
1,<environment.Job instance at 0x153200e43870>,48,1,[1 8],78,82,83,4,80
1,<environment.Job instance at 0x1531eda82190>,32,2,[1 6],55,89,91,34,89
1,<environment.Job instance at 0x1531edb92b40>,34,1,[6 1],57,249,250,192,249
1,<environment.Job instance at 0x1531f0b0a410>,1,1,[ 2 10],2,2,3,0,2
1,<environment.Job instance at 0x1531f0a94b90>,5,1,[9 2],8,8,9,0,8
1,<environment.Job instance at 0x153200fbb550>,7,2,[1 5],10,10,12,0,10
1,<environment.Job instance at 0x15320036db40>,17,3,[1 7],23,27,30,4,27
1,<environment.Job instance at 0x1531f23124b0>,24,1,[1 6],31,31,32,0,31
1,<environment.Job instance at 0x1531f2312730>,29,17,[12  1],37,259,276,222,259
1,<environment.Job instance at 0x1531f0d0b9b0>,37,2,[1 7],46,263,265,217,263
1,<environment.Job instance at 0x1531ed8d8b40>,38,2,[1 6],47,263,265,216,263
1,<environment.Job instance at 0x1531eff67c30>,43,2,[9 1],54,276,278,222,267
1,<environment.Job instance at 0x1531eff67050>,54,2,[2 9],70,292,294,222,292
1,<environment.Job instance at 0x15361866cfa0>,2,1,[2 5],3,3,4,0,3
1,<environment.Job instance at 0x1535c1e3ec30>,3,1,[6 2],4,4,5,0,4
1,<environment.Job instance at 0x1535c1e3e9b0>,4,2,[7 2],5,5,7,0,5
1,<environment.Job instance at 0x1535c1e3ee60>,6,18,[8 1],7,7,25,0,7
1,<environment.Job instance at 0x1535c25793c0>,18,2,[10  1],25,25,27,0,25
1,<environment.Job instance at 0x1535c255b500>,20,2,[ 1 13],27,27,29,0,27
1,<environment.Job instance at 0x1535c255b910>,22,1,[2 7],30,30,31,0,30
1,<environment.Job instance at 0x1535c255b7d0>,23,2,[8 1],31,31,33,0,31
1,<environment.Job instance at 0x1535c25b4910>,33,1,[2 7],43,44,45,1,44
1,<environment.Job instance at 0x1535c254fe60>,37,2,[ 1 10],50,50,52,0,50
1,<environment.Job instance at 0x1535c254fd70>,41,25,[12  2],54,54,79,0,54
1,<environment.Job instance at 0x1535c2571a50>,52,2,[1 7],72,72,74,0,72
1,<environment.Job instance at 0x1535c2571be0>,54,2,[2 5],75,75,77,0,75
1,<environment.Job instance at 0x1535c209fd20>,55,16,[2 5],76,77,93,1,76
1,<environment.Job instance at 0x1535c20b4820>,57,22,[1 5],80,83,105,3,83
1,<environment.Job instance at 0x1535c1e54af0>,3,1,[13  1],4,4,5,0,4
1,<environment.Job instance at 0x1535c46474b0>,5,1,[2 5],6,6,7,0,6
1,<environment.Job instance at 0x1535c463be60>,6,2,[ 2 10],7,7,9,0,7
1,<environment.Job instance at 0x1535c45d08c0>,11,1,[1 6],17,17,18,0,17
1,<environment.Job instance at 0x1535c45d0730>,12,2,[2 5],18,18,20,0,18
1,<environment.Job instance at 0x1535c45d0870>,13,2,[ 1 10],19,19,21,0,19
1,<environment.Job instance at 0x1535c46e1690>,20,2,[ 1 10],28,28,30,0,28
1,<environment.Job instance at 0x1535c46d72d0>,21,1,[7 2],30,30,31,0,30
1,<environment.Job instance at 0x1535c46dd690>,24,1,[1 5],33,33,34,0,33
1,<environment.Job instance at 0x1535c46dd5a0>,25,2,[1 9],36,36,38,0,36
1,<environment.Job instance at 0x1535c46dd5f0>,26,1,[2 7],37,38,39,1,37
1,<environment.Job instance at 0x1535c46dde60>,31,3,[2 8],42,42,45,0,42
1,<environment.Job instance at 0x1535c46dd190>,29,2,[14  1],40,47,49,7,47
1,<environment.Job instance at 0x1535c46eee60>,39,1,[ 2 10],52,52,53,0,52
1,<environment.Job instance at 0x1535c46eef50>,40,1,[ 2 14],53,53,54,0,53
1,<environment.Job instance at 0x1535c46f3320>,44,2,[ 1 10],60,60,62,0,60
1,<environment.Job instance at 0x1535c46f3410>,45,3,[11  2],61,80,83,19,80
1,<environment.Job instance at 0x1535c46f7910>,48,1,[8 1],64,83,84,19,80
1,<environment.Job instance at 0x1535c46f70a0>,53,1,[1 7],70,80,81,10,80
1,<environment.Job instance at 0x1535c46f76e0>,55,3,[12  1],74,97,100,23,97
1,<environment.Job instance at 0x1535c46f7730>,56,1,[1 8],76,97,98,21,97
1,<environment.Job instance at 0x1535c46f7aa0>,59,2,[1 8],79,98,100,19,97
1,<environment.Job instance at 0x1535c463a410>,61,13,[ 1 14],82,104,117,22,104
1,<environment.Job instance at 0x1535c46dd4b0>,30,1,[5 1],41,143,144,102,143
1,<environment.Job instance at 0x1535c46ddf00>,32,12,[9 2],44,602,614,558,602
1,<environment.Job instance at 0x1535c5aee960>,3,2,[1 9],8,8,10,0,8
1,<environment.Job instance at 0x1535c5aeea50>,4,2,[ 2 10],11,11,13,0,11
1,<environment.Job instance at 0x1535c261f5a0>,7,2,[ 2 10],14,14,16,0,14
1,<environment.Job instance at 0x1535c261fa00>,8,2,[2 9],15,16,18,1,15
1,<environment.Job instance at 0x1535c261f640>,9,17,[ 2 10],16,20,37,4,20
1,<environment.Job instance at 0x1535c261fe10>,13,2,[ 1 10],21,37,39,16,21
1,<environment.Job instance at 0x1535c48f7eb0>,15,1,[1 7],23,39,40,16,23
1,<environment.Job instance at 0x1535c48f7e60>,16,1,[2 9],24,40,41,16,24
1,<environment.Job instance at 0x1535c5af1e10>,18,3,[ 2 10],27,41,44,14,27
1,<environment.Job instance at 0x1535c5af1a00>,21,2,[8 2],31,35,37,4,35
1,<environment.Job instance at 0x1535c5af1280>,23,2,[2 5],33,37,39,4,35
1,<environment.Job instance at 0x1535c5af14b0>,24,3,[6 1],34,39,42,5,35
1,<environment.Job instance at 0x1535c5af1640>,25,2,[10  1],35,42,44,7,35
1,<environment.Job instance at 0x1535c46161e0>,27,18,[8 1],38,44,62,6,38
1,<environment.Job instance at 0x1535c46167d0>,28,16,[1 6],39,46,62,7,46
1,<environment.Job instance at 0x1535c4616280>,30,17,[7 1],42,62,79,20,55
1,<environment.Job instance at 0x1535c484f5f0>,34,1,[9 1],51,79,80,28,71
1,<environment.Job instance at 0x1535c484fb40>,35,12,[1 5],52,71,83,19,71
1,<environment.Job instance at 0x1535c17c4820>,39,1,[ 1 10],57,80,81,23,74
1,<environment.Job instance at 0x1535c17c4500>,40,2,[1 5],59,74,76,15,74
1,<environment.Job instance at 0x1535c17b6690>,44,1,[2 6],66,79,80,13,79
1,<environment.Job instance at 0x1535c4927eb0>,45,2,[1 6],67,81,83,14,79
1,<environment.Job instance at 0x1535c48baa00>,46,18,[7 2],69,81,99,12,79
1,<environment.Job instance at 0x1535c48ba910>,48,18,[10  1],76,99,117,23,96
1,<environment.Job instance at 0x1535c485a6e0>,49,2,[7 2],77,96,98,19,96
1,<environment.Job instance at 0x1535c485a190>,50,2,[2 5],78,98,100,20,96
1,<environment.Job instance at 0x1535c257c410>,53,1,[7 2],83,117,118,34,96
1,<environment.Job instance at 0x1535c257c780>,54,2,[5 2],84,100,102,16,96
1,<environment.Job instance at 0x1535c257c370>,55,2,[ 2 12],86,102,104,16,96
1,<environment.Job instance at 0x1535c257cd20>,58,16,[1 7],89,104,120,15,104
1,<environment.Job instance at 0x1535c261fd70>,10,19,[ 1 10],18,166,185,148,166
1,<environment.Job instance at 0x1535c261f3c0>,11,2,[9 1],19,229,231,210,229
1,<environment.Job instance at 0x1535dc07b1e0>,2,1,[1 5],3,1371,1372,1368,1371
1,<environment.Job instance at 0x1535dc07bc30>,5,3,[ 1 13],6,2102,2105,2096,2102
1,<environment.Job instance at 0x1535dc0d8eb0>,0,1,[6 2],1,1,2,0,1
1,<environment.Job instance at 0x1535c18350a0>,4,2,[1 9],11,241,243,230,241
1,<environment.Job instance at 0x1535c196abe0>,0,2,[1 9],1,1,3,0,1
1,<environment.Job instance at 0x153614138550>,2,1,[1 8],5,5,6,0,5
1,<environment.Job instance at 0x1535c6d8f820>,8,2,[1 7],12,12,14,0,12
1,<environment.Job instance at 0x1535c6d8faa0>,11,2,[1 8],16,16,18,0,16
1,<environment.Job instance at 0x1535c6d8f730>,15,1,[8 2],21,22,23,1,22
1,<environment.Job instance at 0x1535c6d8f0f0>,17,2,[6 1],24,24,26,0,24
1,<environment.Job instance at 0x1535c30cac30>,20,3,[ 2 11],30,30,33,0,30
1,<environment.Job instance at 0x1535c30ca640>,21,2,[1 7],31,33,35,2,31
1,<environment.Job instance at 0x1535c1688640>,22,1,[1 5],32,33,34,1,32
1,<environment.Job instance at 0x1535c16882d0>,29,16,[2 8],39,53,69,14,53
1,<environment.Job instance at 0x1535c2681730>,35,1,[6 2],48,60,61,12,60
1,<environment.Job instance at 0x1535c26817d0>,36,2,[2 8],49,69,71,20,60
1,<environment.Job instance at 0x1535c2681b90>,37,1,[6 2],51,60,61,9,60
1,<environment.Job instance at 0x1535c2681dc0>,38,1,[2 9],52,71,72,19,60
1,<environment.Job instance at 0x1535c26811e0>,39,27,[ 2 10],53,72,99,19,70
1,<environment.Job instance at 0x1535c16bebe0>,56,13,[12  2],77,136,149,59,136
1,<environment.Job instance at 0x1535c16be8c0>,58,1,[6 2],79,149,150,70,136
1,<environment.Job instance at 0x1535c16beaf0>,59,2,[1 5],80,136,138,56,136
1,<environment.Job instance at 0x1535c16be2d0>,60,1,[1 7],81,136,137,55,136
1,<environment.Job instance at 0x1535c16be140>,62,2,[1 5],83,137,139,54,136
1,<environment.Job instance at 0x1535c16bee60>,63,1,[1 9],85,139,140,54,136
1,<environment.Job instance at 0x1535c16572d0>,64,1,[2 5],86,138,139,52,136
1,<environment.Job instance at 0x1535c1657f50>,65,15,[7 1],87,149,164,62,137
1,<environment.Job instance at 0x1535c6d8fa00>,16,14,[14  1],22,1959,1973,1937,1959
1,<environment.Job instance at 0x1535c1688690>,25,16,[1 5],35,1980,1996,1945,1980
1,<environment.Job instance at 0x1535c1688d20>,24,3,[1 6],34,1989,1992,1955,1989
1,<environment.Job instance at 0x1535c5e6be60>,0,1,[2 6],1,1,2,0,1
1,<environment.Job instance at 0x1535c59c6640>,5,3,[5 1],7,7,10,0,7
1,<environment.Job instance at 0x1535c59c60f0>,6,1,[10  1],8,8,9,0,8
1,<environment.Job instance at 0x1535c59c63c0>,7,1,[1 8],9,9,10,0,9
1,<environment.Job instance at 0x1535dcb943c0>,9,2,[2 6],11,11,13,0,11
1,<environment.Job instance at 0x1535c85f4dc0>,11,2,[10  2],13,13,15,0,13
1,<environment.Job instance at 0x1535c85f4cd0>,13,16,[ 2 10],15,15,31,0,15
1,<environment.Job instance at 0x1535c59c6c80>,14,2,[1 6],17,31,33,14,17
1,<environment.Job instance at 0x1535c1b35b40>,15,15,[2 6],19,31,46,12,22
1,<environment.Job instance at 0x1535c1b01280>,25,25,[12  1],29,31,56,2,31
1,<environment.Job instance at 0x1535c59472d0>,26,1,[ 2 10],30,46,47,16,31
1,<environment.Job instance at 0x1535c1b9e230>,33,23,[1 6],41,54,77,13,54
1,<environment.Job instance at 0x1535c1b9e0f0>,34,12,[7 1],44,56,68,12,54
1,<environment.Job instance at 0x1535c1b9e370>,38,2,[7 1],52,62,64,10,62
1,<environment.Job instance at 0x1535c1b9ef00>,39,18,[2 6],54,68,86,14,68
1,<environment.Job instance at 0x1535c1b380f0>,48,18,[1 5],67,84,102,17,84
1,<environment.Job instance at 0x1535c1b38c30>,50,1,[1 9],72,97,98,25,97
1,<environment.Job instance at 0x1535c1b383c0>,51,3,[2 9],74,100,103,26,100
1,<environment.Job instance at 0x1535c30ca6e0>,52,1,[10  2],75,102,103,27,100
1,<environment.Job instance at 0x1535c191a820>,53,1,[5 2],76,103,104,27,100
1,<environment.Job instance at 0x1535c191a8c0>,54,26,[2 8],78,103,129,25,100
1,<environment.Job instance at 0x1535c5e6b6e0>,4,17,[9 1],6,738,755,732,738
1,<environment.Job instance at 0x1535c24f6730>,16,2,[7 2],20,789,791,769,789
1,<environment.Job instance at 0x1535c5ee47d0>,4,1,[2 8],9,10,11,1,10
1,<environment.Job instance at 0x1535c1865780>,6,2,[6 2],11,11,13,0,11
1,<environment.Job instance at 0x1535c18655a0>,9,2,[5 2],14,15,17,1,15
1,<environment.Job instance at 0x1535c1852910>,11,21,[1 8],16,16,37,0,16
1,<environment.Job instance at 0x1535c18529b0>,14,2,[ 1 10],20,37,39,17,20
1,<environment.Job instance at 0x1535c1852b40>,16,2,[5 1],23,23,25,0,23
1,<environment.Job instance at 0x1535dca776e0>,23,2,[1 8],37,39,41,2,37
1,<environment.Job instance at 0x1535ca07ac80>,24,1,[10  2],38,38,39,0,38
1,<environment.Job instance at 0x1535c465c7d0>,25,3,[2 8],39,41,44,2,39
1,<environment.Job instance at 0x1535c1865960>,10,27,[1 7],15,40,67,25,40
1,<environment.Job instance at 0x1535c17536e0>,28,1,[ 1 12],46,67,68,21,48
1,<environment.Job instance at 0x1535dc0f2dc0>,33,2,[7 2],55,55,57,0,55
1,<environment.Job instance at 0x1535c5ae21e0>,27,2,[8 2],45,57,59,12,56
1,<environment.Job instance at 0x1535c1840be0>,5,2,[7 2],10,1093,1095,1083,1093
1,<environment.Job instance at 0x1535dcb5f910>,4,25,[8 1],9,9,34,0,9
1,<environment.Job instance at 0x1535c1bf1c30>,11,2,[7 2],18,18,20,0,18
1,<environment.Job instance at 0x1535c5af1f00>,17,2,[1 8],25,31,33,6,31
1,<environment.Job instance at 0x1535c5af1dc0>,19,1,[ 1 10],29,43,44,14,43
1,<environment.Job instance at 0x1535c5af1d70>,20,19,[2 5],30,43,62,13,43
1,<environment.Job instance at 0x1535c5b8b320>,28,1,[1 6],40,62,63,22,62
1,<environment.Job instance at 0x1535de480230>,30,1,[1 7],42,62,63,20,62
1,<environment.Job instance at 0x1535de480fa0>,31,1,[6 2],43,62,63,19,62
1,<environment.Job instance at 0x1535de480640>,32,2,[2 7],44,63,65,19,62
1,<environment.Job instance at 0x1535c14f3370>,33,16,[ 2 10],45,69,85,24,69
1,<environment.Job instance at 0x1535de480dc0>,36,2,[1 9],49,85,87,36,73
1,<environment.Job instance at 0x1535c179a320>,40,1,[8 1],54,75,76,21,75
1,<environment.Job instance at 0x1535c470e0f0>,43,1,[5 2],59,77,78,18,77
1,<environment.Job instance at 0x1535c470e370>,45,25,[9 1],61,93,118,32,93
1,<environment.Job instance at 0x1535c196a690>,46,1,[10  2],63,118,119,55,94
1,<environment.Job instance at 0x1535ded32b40>,48,21,[2 5],65,96,117,31,96
1,<environment.Job instance at 0x1535ded32640>,51,15,[7 2],69,119,134,50,117
1,<environment.Job instance at 0x1535c49e4140>,58,17,[2 5],77,133,150,56,133
1,<environment.Job instance at 0x1535c1c10550>,62,2,[5 1],82,145,147,63,145
1,<environment.Job instance at 0x1535c1c10230>,63,1,[1 7],83,145,146,62,145
1,<environment.Job instance at 0x1535c4561b40>,64,17,[9 1],86,151,168,65,151
1,<environment.Job instance at 0x1535c45617d0>,66,1,[5 1],88,151,152,63,151
1,<environment.Job instance at 0x1535dcb5f410>,5,16,[8 1],10,273,289,263,273
1,<environment.Job instance at 0x1535c19a22d0>,7,2,[10  2],13,357,359,344,357
1,<environment.Job instance at 0x1535c46f7500>,6,2,[ 1 10],8,8,10,0,8
1,<environment.Job instance at 0x1535dc9e1f50>,8,17,[12  1],10,178,195,168,178
1,<environment.Job instance at 0x1535c1b77910>,29,1,[13  1],35,197,198,162,197
1,<environment.Job instance at 0x1535c481f230>,31,1,[5 1],37,198,199,161,197
1,<environment.Job instance at 0x1535dcad2870>,36,2,[2 5],42,197,199,155,197
1,<environment.Job instance at 0x1535de49a9b0>,38,22,[8 1],45,201,223,156,201
1,<environment.Job instance at 0x1535c5f15af0>,49,22,[2 6],59,225,247,166,225
1,<environment.Job instance at 0x1535c5f159b0>,50,1,[ 1 14],60,247,248,187,225
1,<environment.Job instance at 0x1535c1e0b2d0>,55,1,[8 1],67,230,231,163,230
1,<environment.Job instance at 0x1535c1e0b870>,58,3,[ 2 14],72,248,251,176,247
1,<environment.Job instance at 0x1535c1e0b9b0>,60,1,[ 2 10],74,251,252,177,247
1,<environment.Job instance at 0x1535c1e0b280>,61,2,[7 2],76,251,253,175,247
1,<environment.Job instance at 0x1535c1e0b140>,62,1,[6 1],77,247,248,170,247
1,<environment.Job instance at 0x1535c1e0b050>,63,2,[6 1],79,248,250,169,247
1,<environment.Job instance at 0x1535c1e0b3c0>,66,2,[7 2],85,252,254,167,248
1,<environment.Job instance at 0x1535c1e0b7d0>,67,1,[1 5],87,252,253,165,248
1,<environment.Job instance at 0x1535c1786d70>,9,1,[8 2],13,275,276,262,275
1,<environment.Job instance at 0x1535c24cc1e0>,10,17,[7 1],14,950,967,936,950
1,<environment.Job instance at 0x1535c1884140>,11,17,[2 7],15,2189,2206,2174,2189
1,<environment.Job instance at 0x1535c12ce3c0>,0,15,[14  1],1,28,43,27,28
1,<environment.Job instance at 0x1535c19fe0f0>,10,25,[6 1],15,43,68,28,39
1,<environment.Job instance at 0x15361410e730>,18,22,[2 5],29,43,65,14,39
1,<environment.Job instance at 0x1535c5989aa0>,21,26,[ 2 13],33,65,91,32,62
1,<environment.Job instance at 0x1535c59898c0>,24,2,[12  1],37,85,87,48,85
1,<environment.Job instance at 0x1535c12b3500>,32,1,[6 2],47,90,91,43,90
1,<environment.Job instance at 0x1535c12b34b0>,33,2,[ 1 10],48,91,93,43,90
1,<environment.Job instance at 0x1535c12b3dc0>,34,2,[2 7],49,93,95,44,90
1,<environment.Job instance at 0x1535c12b3140>,38,2,[8 2],60,96,98,36,96
1,<environment.Job instance at 0x1535c12ceaa0>,2,14,[1 6],3,97,111,94,97
1,<environment.Job instance at 0x1535c46db2d0>,42,2,[ 1 11],67,111,113,44,98
1,<environment.Job instance at 0x1535c48176e0>,45,2,[2 9],71,100,102,29,100
1,<environment.Job instance at 0x1535c13e95a0>,48,28,[5 2],74,114,142,40,114
1,<environment.Job instance at 0x1535c1372910>,51,3,[ 2 14],77,144,147,67,144
1,<environment.Job instance at 0x1535c13728c0>,53,2,[2 6],79,147,149,68,144
1,<environment.Job instance at 0x1535c1372e60>,55,1,[7 2],82,147,148,65,144
1,<environment.Job instance at 0x1535c18f52d0>,1,2,[1 9],2,167,169,165,167
1,<environment.Job instance at 0x1535dcbe39b0>,40,3,[1 9],62,188,191,126,188
1,<environment.Job instance at 0x1535dcacc370>,4,1,[2 9],6,264,265,258,264
1,<environment.Job instance at 0x1535c25c5910>,0,1,[1 9],1,1,2,0,1
1,<environment.Job instance at 0x1535dca717d0>,7,2,[1 7],8,8,10,0,8
1,<environment.Job instance at 0x1535dca71dc0>,10,23,[2 6],14,14,37,0,14
1,<environment.Job instance at 0x1535dca71230>,11,23,[9 1],16,17,40,1,17
1,<environment.Job instance at 0x1535c1779be0>,21,3,[12  1],29,40,43,11,30
1,<environment.Job instance at 0x1535c1e43230>,23,2,[7 1],31,43,45,12,31
1,<environment.Job instance at 0x1535c1e43280>,25,13,[2 5],38,38,51,0,38
1,<environment.Job instance at 0x1535c1e43320>,28,2,[9 2],43,45,47,2,43
1,<environment.Job instance at 0x1535c59742d0>,29,1,[ 2 10],47,47,48,0,47
1,<environment.Job instance at 0x1535c18d8e60>,30,3,[11  1],49,49,52,0,49
1,<environment.Job instance at 0x1535cbd32d20>,31,13,[ 2 11],50,59,72,9,59
1,<environment.Job instance at 0x1535c30c75a0>,37,2,[5 2],63,63,65,0,63
1,<environment.Job instance at 0x1535c49d78c0>,39,2,[5 2],66,66,68,0,66
1,<environment.Job instance at 0x1535c1a9df50>,40,1,[ 2 10],67,72,73,5,67
1,<environment.Job instance at 0x1535c1a9dc30>,41,1,[6 2],68,68,69,0,68
1,<environment.Job instance at 0x1535c4675050>,42,2,[ 1 12],69,73,75,4,69
1,<environment.Job instance at 0x1535c46750f0>,44,2,[5 2],71,71,73,0,71
1,<environment.Job instance at 0x1535c1343af0>,45,21,[5 1],72,72,93,0,72
1,<environment.Job instance at 0x1535c5b538c0>,51,1,[2 7],80,80,81,0,80
1,<environment.Job instance at 0x1535c1bc7500>,52,2,[1 8],81,81,83,0,81
1,<environment.Job instance at 0x1535c1cab690>,55,2,[2 7],86,86,88,0,86
1,<environment.Job instance at 0x1535c1cab0a0>,56,22,[ 2 10],87,88,110,1,87
1,<environment.Job instance at 0x1535dca713c0>,12,14,[ 1 10],17,222,236,205,222
1,<environment.Job instance at 0x1535c1e437d0>,22,20,[8 1],30,287,307,257,287
1,<environment.Job instance at 0x1535cbd32aa0>,32,3,[1 8],51,698,701,647,698
1,<environment.Job instance at 0x1535dc0ae3c0>,1,1,[7 1],4,4,5,0,4
1,<environment.Job instance at 0x1535c5e5caa0>,2,2,[5 2],5,5,7,0,5
1,<environment.Job instance at 0x1535c46a2eb0>,6,1,[7 1],9,9,10,0,9
1,<environment.Job instance at 0x1535c2627f00>,7,1,[2 6],12,12,13,0,12
1,<environment.Job instance at 0x1535c1c2ba00>,14,2,[8 2],23,23,25,0,23
1,<environment.Job instance at 0x1535dcae1730>,18,21,[6 1],30,31,52,1,31
1,<environment.Job instance at 0x1535c1c2b280>,19,3,[ 2 13],32,49,52,17,49
1,<environment.Job instance at 0x1535dcac7690>,24,1,[1 7],40,52,53,12,49
1,<environment.Job instance at 0x1535dcac7c80>,26,27,[5 2],42,52,79,10,50
1,<environment.Job instance at 0x1535c260ec80>,36,1,[7 1],57,77,78,20,77
1,<environment.Job instance at 0x1535c260e370>,37,1,[2 6],59,77,78,18,77
1,<environment.Job instance at 0x1535c260e500>,38,3,[1 5],60,77,80,17,77
1,<environment.Job instance at 0x1535c260e8c0>,39,3,[8 2],63,79,82,16,79
1,<environment.Job instance at 0x1535c260e7d0>,40,1,[1 7],64,79,80,15,79
1,<environment.Job instance at 0x1535dcb347d0>,43,28,[1 6],67,80,108,13,79
1,<environment.Job instance at 0x1535c16d5eb0>,45,21,[9 1],71,85,106,14,85
1,<environment.Job instance at 0x1535dcae2c30>,49,2,[ 2 10],76,108,110,32,98
1,<environment.Job instance at 0x1535c45e8be0>,51,1,[1 9],79,106,107,27,101
1,<environment.Job instance at 0x1535c461ecd0>,52,1,[2 7],80,101,102,21,101
1,<environment.Job instance at 0x1535c5e9edc0>,53,2,[1 8],81,102,104,21,101
1,<environment.Job instance at 0x1535cbd639b0>,54,1,[1 9],83,107,108,24,101
1,<environment.Job instance at 0x1535c461e3c0>,55,2,[ 2 10],85,110,112,25,101
1,<environment.Job instance at 0x1535c160aa00>,57,12,[9 1],87,111,123,24,111
1,<environment.Job instance at 0x1535c25869b0>,58,20,[ 2 11],88,112,132,24,111
1,<environment.Job instance at 0x1535cbdef640>,20,14,[2 6],33,285,299,252,285
1,<environment.Job instance at 0x1535cbdef0a0>,21,1,[ 2 10],34,299,300,265,294
1,<environment.Job instance at 0x1535c59d87d0>,23,1,[1 7],38,345,346,307,345
1,<environment.Job instance at 0x1535c5b34780>,3,1,[2 8],5,5,6,0,5
1,<environment.Job instance at 0x1535c5b340a0>,6,1,[1 8],10,10,11,0,10
1,<environment.Job instance at 0x1535c5b342d0>,7,1,[2 9],11,11,12,0,11
1,<environment.Job instance at 0x1535dcab04b0>,21,2,[1 8],27,27,29,0,27
1,<environment.Job instance at 0x1535dcab0730>,22,26,[8 1],28,28,54,0,28
1,<environment.Job instance at 0x1535dcab0690>,25,27,[6 1],31,32,59,1,32
1,<environment.Job instance at 0x1535c45987d0>,36,28,[14  1],48,59,87,11,58
1,<environment.Job instance at 0x1535dc038370>,39,1,[6 1],51,58,59,7,58
1,<environment.Job instance at 0x1535c254fd70>,43,2,[11  2],56,87,89,31,79
1,<environment.Job instance at 0x1535c254fa50>,45,2,[1 8],59,79,81,20,79
1,<environment.Job instance at 0x1535c254f5a0>,46,2,[1 5],60,81,83,21,79
1,<environment.Job instance at 0x1535dca57d20>,52,1,[ 1 10],67,83,84,16,83
1,<environment.Job instance at 0x1535c20ad820>,53,1,[2 7],68,87,88,19,83
1,<environment.Job instance at 0x1535c20ad190>,54,2,[2 6],69,87,89,18,83
1,<environment.Job instance at 0x1535c4abf730>,58,2,[12  1],75,102,104,27,102
1,<environment.Job instance at 0x1535c4abf7d0>,60,1,[2 8],77,102,103,25,102
1,<environment.Job instance at 0x1535c5958550>,65,2,[1 8],83,116,118,33,116
1,<environment.Job instance at 0x1535c1b3c780>,66,17,[7 1],84,116,133,32,116
1,<environment.Job instance at 0x1535c16244b0>,15,3,[2 9],21,139,142,118,139
1,<environment.Job instance at 0x1535dcab0cd0>,26,21,[9 2],32,157,178,125,157
1,<environment.Job instance at 0x1535cbd9bb90>,29,2,[2 9],35,1109,1111,1074,1109
1,<environment.Job instance at 0x1535cb6e79b0>,5,1,[1 6],6,6,7,0,6
1,<environment.Job instance at 0x1535c5e110a0>,12,1,[ 2 13],18,18,19,0,18
1,<environment.Job instance at 0x1535c5e11190>,13,2,[2 5],19,19,21,0,19
1,<environment.Job instance at 0x1535c5e11730>,16,1,[5 1],22,22,23,0,22
1,<environment.Job instance at 0x1535dc0f00a0>,29,2,[2 9],44,44,46,0,44
1,<environment.Job instance at 0x1535dc0f05f0>,31,2,[7 1],47,47,49,0,47
1,<environment.Job instance at 0x1535dc0f08c0>,32,1,[ 1 10],48,48,49,0,48
1,<environment.Job instance at 0x1535dc0f09b0>,33,26,[2 5],49,49,75,0,49
1,<environment.Job instance at 0x1535c2574cd0>,47,28,[2 5],73,73,101,0,73
1,<environment.Job instance at 0x1535c173e550>,51,16,[ 1 11],77,2884,2900,2807,2884
1,<environment.Job instance at 0x1535c173e0a0>,53,1,[1 5],80,2900,2901,2820,2884
1,<environment.Job instance at 0x1535c173ea00>,52,1,[2 6],78,2904,2905,2826,2904
1,<environment.Job instance at 0x1535dc0f02d0>,27,1,[7 2],42,2911,2912,2869,2911
1,<environment.Job instance at 0x1535df1a77d0>,0,2,[6 2],1,1,3,0,1
1,<environment.Job instance at 0x1535dc0f0870>,2,1,[10  1],6,6,7,0,6
1,<environment.Job instance at 0x1535c1c52410>,6,2,[10  2],10,10,12,0,10
1,<environment.Job instance at 0x1535c1c52870>,7,1,[9 1],11,12,13,1,11
1,<environment.Job instance at 0x1535c1c52cd0>,8,1,[1 8],12,12,13,0,12
1,<environment.Job instance at 0x1535de6ba2d0>,9,25,[9 1],13,13,38,0,13
1,<environment.Job instance at 0x1535dcb47960>,21,2,[ 1 14],30,31,33,1,31
1,<environment.Job instance at 0x1535dc027500>,26,2,[1 5],36,36,38,0,36
1,<environment.Job instance at 0x1535c59809b0>,33,2,[1 7],44,46,48,2,46
1,<environment.Job instance at 0x1535c5980aa0>,34,3,[2 9],45,48,51,3,46
1,<environment.Job instance at 0x1535c59804b0>,35,2,[6 1],46,46,48,0,46
1,<environment.Job instance at 0x1535ded18960>,36,1,[5 1],47,47,48,0,47
1,<environment.Job instance at 0x1535ded18320>,37,16,[2 6],48,48,64,0,48
1,<environment.Job instance at 0x1535c1b75870>,44,21,[10  2],62,62,83,0,62
1,<environment.Job instance at 0x1535dc0aeb40>,45,22,[2 9],63,64,86,1,63
1,<environment.Job instance at 0x1535c5eb1960>,49,2,[6 1],73,83,85,10,74
1,<environment.Job instance at 0x1535c5eb1640>,50,1,[ 1 12],74,86,87,12,75
1,<environment.Job instance at 0x1535c19bcb40>,51,1,[10  2],75,85,86,10,75
1,<environment.Job instance at 0x1535c1b92410>,55,1,[9 1],80,87,88,7,87
1,<environment.Job instance at 0x1535c1b92dc0>,56,20,[9 1],81,88,108,7,87
1,<environment.Job instance at 0x1535c1b925a0>,58,2,[13  1],84,108,110,24,104
1,<environment.Job instance at 0x1535c1b925f0>,59,1,[12  2],85,110,111,25,105
1,<environment.Job instance at 0x1535c1b92c30>,60,1,[5 1],86,105,106,19,105
1,<environment.Job instance at 0x1535c19d4140>,62,2,[6 2],88,106,108,18,105
1,<environment.Job instance at 0x1535c5980b90>,29,26,[5 2],39,121,147,82,121
1,<environment.Job instance at 0x1535c5980b40>,30,1,[8 2],40,133,134,93,133
1,<environment.Job instance at 0x1535c48b4f50>,0,2,[1 6],6,6,8,0,6
1,<environment.Job instance at 0x1535c189fdc0>,2,2,[2 8],10,10,12,0,10
1,<environment.Job instance at 0x1535c189ff50>,3,1,[7 1],13,13,14,0,13
1,<environment.Job instance at 0x1535c5ae20f0>,4,2,[2 6],14,14,16,0,14
1,<environment.Job instance at 0x1535dc7a6b90>,7,2,[5 1],18,19,21,1,19
1,<environment.Job instance at 0x1535c85f0b90>,24,1,[2 5],39,40,41,1,40
1,<environment.Job instance at 0x1535c85f0d70>,26,1,[ 1 13],41,41,42,0,41
1,<environment.Job instance at 0x1535cb6e7aa0>,27,12,[ 1 14],42,49,61,7,49
1,<environment.Job instance at 0x1535cb6e7320>,30,1,[11  1],53,55,56,2,55
1,<environment.Job instance at 0x1535cb6e7410>,33,2,[1 8],56,61,63,5,56
1,<environment.Job instance at 0x1535cb6db820>,36,1,[6 1],60,60,61,0,60
1,<environment.Job instance at 0x1535cb6db550>,37,1,[2 9],61,63,64,2,61
1,<environment.Job instance at 0x1535cb6db960>,38,1,[1 5],62,62,63,0,62
1,<environment.Job instance at 0x1535dc9eaaf0>,44,2,[9 2],71,74,76,3,74
1,<environment.Job instance at 0x1535dede6410>,45,2,[2 7],75,75,77,0,75
1,<environment.Job instance at 0x1535dede6dc0>,46,1,[8 1],76,76,77,0,76
1,<environment.Job instance at 0x15361411d230>,47,15,[7 1],77,77,92,0,77
1,<environment.Job instance at 0x15361411d780>,51,2,[7 2],81,88,90,7,88
1,<environment.Job instance at 0x1535c46470a0>,56,1,[9 2],88,92,93,4,90
1,<environment.Job instance at 0x1535dcb9b280>,57,17,[8 1],89,93,110,4,91
1,<environment.Job instance at 0x1535c85f0cd0>,25,14,[ 2 10],40,199,213,159,199
1,<environment.Job instance at 0x1535cb6e7640>,28,1,[5 2],43,248,249,205,248
1,<environment.Job instance at 0x1535cb6e7730>,29,12,[2 9],44,311,323,267,311
1,<environment.Job instance at 0x1535c14e1e10>,3,1,[1 5],5,5,6,0,5
1,<environment.Job instance at 0x1535c14e1320>,5,2,[1 7],9,9,11,0,9
1,<environment.Job instance at 0x1535c14e1a00>,8,2,[2 8],12,12,14,0,12
1,<environment.Job instance at 0x1535c14e1550>,10,2,[6 1],14,14,16,0,14
1,<environment.Job instance at 0x1535c1b18820>,12,2,[8 1],16,17,19,1,17
1,<environment.Job instance at 0x1535cbd09320>,14,1,[10  1],18,19,20,1,18
1,<environment.Job instance at 0x1535dc7a4cd0>,16,1,[1 6],21,21,22,0,21
1,<environment.Job instance at 0x1535c1824c80>,18,16,[1 5],23,23,39,0,23
1,<environment.Job instance at 0x1535c1967f50>,21,17,[12  1],27,40,57,13,40
1,<environment.Job instance at 0x1535c5e877d0>,29,2,[1 7],36,51,53,15,51
1,<environment.Job instance at 0x1535c5e87af0>,32,1,[2 7],40,52,53,12,52
1,<environment.Job instance at 0x1535c5a3dbe0>,35,2,[9 1],44,57,59,13,57
1,<environment.Job instance at 0x1535c5a3d500>,36,1,[2 5],45,57,58,12,57
1,<environment.Job instance at 0x1535c5a3d960>,38,2,[2 8],50,57,59,7,57
1,<environment.Job instance at 0x1535c46df910>,42,12,[1 7],56,78,90,22,78
1,<environment.Job instance at 0x1535dcae2140>,46,2,[2 9],60,90,92,30,78
1,<environment.Job instance at 0x1535c49e4c80>,48,2,[8 1],62,82,84,20,82
1,<environment.Job instance at 0x1535c49e4dc0>,52,12,[ 2 11],68,100,112,32,100
1,<environment.Job instance at 0x1535c1ae1690>,57,15,[5 1],76,113,128,37,113
1,<environment.Job instance at 0x1535c1ae1460>,58,23,[2 5],77,113,136,36,113
1,<environment.Job instance at 0x1535dc9ec5f0>,13,15,[8 2],17,221,236,204,221
1,<environment.Job instance at 0x1535c598d870>,22,3,[1 8],28,234,237,206,234
1,<environment.Job instance at 0x1535c598d460>,23,2,[2 5],30,239,241,209,239
1,<environment.Job instance at 0x1535ca07a190>,0,2,[2 8],1,1,3,0,1
1,<environment.Job instance at 0x1535c15af5a0>,1,17,[11  2],2,52,69,50,52
1,<environment.Job instance at 0x1535de438cd0>,12,18,[ 1 14],17,69,87,52,63
1,<environment.Job instance at 0x1535c1b84dc0>,20,28,[ 2 10],26,87,115,61,86
1,<environment.Job instance at 0x1535c2087af0>,37,19,[ 2 14],55,115,134,60,113
1,<environment.Job instance at 0x1535c2087780>,43,1,[8 2],64,134,135,70,115
1,<environment.Job instance at 0x1535c2087410>,44,2,[10  1],65,115,117,50,115
1,<environment.Job instance at 0x1535c46c0eb0>,45,2,[10  1],66,117,119,51,116
1,<environment.Job instance at 0x1535c46c0c30>,47,2,[2 5],68,134,136,66,131
1,<environment.Job instance at 0x1535c46c0a00>,48,1,[1 7],69,134,135,65,131
1,<environment.Job instance at 0x1535c45c9320>,49,1,[2 9],70,135,136,65,131
1,<environment.Job instance at 0x1535c45c9f50>,50,3,[2 9],72,136,139,64,131
1,<environment.Job instance at 0x1535c45c9500>,51,1,[9 2],73,136,137,63,131
1,<environment.Job instance at 0x1535c5975a50>,52,1,[7 2],75,137,138,62,131
1,<environment.Job instance at 0x1535c45c9d70>,56,2,[7 1],80,138,140,58,135
1,<environment.Job instance at 0x1535c1a3de60>,58,1,[1 7],82,139,140,57,137
1,<environment.Job instance at 0x1535c5b7d4b0>,3,3,[2 5],5,146,149,141,146
1,<environment.Job instance at 0x1535c1a3d870>,60,13,[ 2 11],85,162,175,77,162
1,<environment.Job instance at 0x1535c1488f50>,2,15,[1 5],3,370,385,367,370
1,<environment.Job instance at 0x1535c1a3db40>,61,3,[9 2],86,805,808,719,805
1,<environment.Job instance at 0x1535c1529a00>,1,2,[2 8],3,3,5,0,3
1,<environment.Job instance at 0x1535c48b26e0>,2,2,[8 1],4,4,6,0,4
1,<environment.Job instance at 0x1535c17b5e60>,7,2,[ 1 10],12,12,14,0,12
1,<environment.Job instance at 0x1535c16d55f0>,9,1,[9 2],15,15,16,0,15
1,<environment.Job instance at 0x1535dcae8b90>,11,2,[5 2],17,17,19,0,17
1,<environment.Job instance at 0x1535dcae89b0>,12,3,[14  2],18,40,43,22,40
1,<environment.Job instance at 0x1535c4977dc0>,17,2,[5 1],27,43,45,16,40
1,<environment.Job instance at 0x1535c2651a50>,18,3,[6 1],28,43,46,15,40
1,<environment.Job instance at 0x1535c5a99550>,32,1,[10  1],43,46,47,3,43
1,<environment.Job instance at 0x1535c4867320>,37,2,[1 8],51,57,59,6,57
1,<environment.Job instance at 0x1535c4867aa0>,38,17,[6 1],52,57,74,5,57
1,<environment.Job instance at 0x1535c46beeb0>,48,2,[9 1],68,75,77,7,75
1,<environment.Job instance at 0x1535dcb67410>,50,1,[1 9],70,75,76,5,75
1,<environment.Job instance at 0x1535c149ddc0>,52,26,[2 7],72,76,102,4,75
1,<environment.Job instance at 0x1535cbd57460>,59,1,[ 2 10],80,102,103,22,96
1,<environment.Job instance at 0x1535cbd573c0>,60,2,[2 5],81,97,99,16,97
1,<environment.Job instance at 0x1535c4977e10>,14,2,[2 6],22,100,102,78,100
1,<environment.Job instance at 0x1535cbd57870>,65,22,[ 1 10],88,103,125,15,101
1,<environment.Job instance at 0x1535c4977aa0>,13,2,[1 7],21,126,128,105,126
1,<environment.Job instance at 0x1535cbd57780>,66,2,[1 6],89,142,144,53,142
1,<environment.Job instance at 0x153945a74140>,7,1,[2 6],8,8,9,0,8
1,<environment.Job instance at 0x1539461045f0>,13,2,[8 1],17,17,19,0,17
1,<environment.Job instance at 0x15394615a870>,14,2,[ 1 10],18,18,20,0,18
1,<environment.Job instance at 0x153945a74550>,15,1,[ 1 10],20,20,21,0,20
1,<environment.Job instance at 0x15394627f140>,16,1,[2 5],21,21,22,0,21
1,<environment.Job instance at 0x1539461aed20>,18,2,[10  1],25,25,27,0,25
1,<environment.Job instance at 0x15394614dc30>,20,2,[ 1 13],27,27,29,0,27
1,<environment.Job instance at 0x1539462a60f0>,22,1,[2 7],30,30,31,0,30
1,<environment.Job instance at 0x1539461910a0>,23,2,[8 1],31,32,34,1,32
1,<environment.Job instance at 0x153946191910>,25,2,[2 8],34,34,36,0,34
1,<environment.Job instance at 0x153946191500>,26,1,[2 7],35,35,36,0,35
1,<environment.Job instance at 0x153946191dc0>,27,2,[2 7],36,36,38,0,36
1,<environment.Job instance at 0x1539461912d0>,28,2,[2 7],37,37,39,0,37
1,<environment.Job instance at 0x1539461eabe0>,32,3,[2 9],42,42,45,0,42
1,<environment.Job instance at 0x153946185410>,33,1,[2 7],43,45,46,2,43
1,<environment.Job instance at 0x1539461857d0>,34,15,[11  1],44,45,60,1,45
1,<environment.Job instance at 0x153946185320>,36,3,[10  2],48,60,63,12,48
1,<environment.Job instance at 0x153946185f00>,37,2,[ 1 10],50,50,52,0,50
1,<environment.Job instance at 0x153946144c30>,38,1,[8 1],51,63,64,12,51
1,<environment.Job instance at 0x1539461d0eb0>,41,25,[12  2],54,64,89,10,60
1,<environment.Job instance at 0x15394619c6e0>,42,1,[10  1],56,89,90,33,61
1,<environment.Job instance at 0x153946199960>,46,2,[2 8],61,61,63,0,61
1,<environment.Job instance at 0x1539461811e0>,47,1,[1 6],63,63,64,0,63
1,<environment.Job instance at 0x1539461adaa0>,48,1,[2 9],65,65,66,0,65
1,<environment.Job instance at 0x153945cead70>,51,2,[8 2],69,90,92,21,69
1,<environment.Job instance at 0x153945cdd690>,52,2,[1 7],72,72,74,0,72
1,<environment.Job instance at 0x153945ce2fa0>,54,2,[2 5],75,75,77,0,75
1,<environment.Job instance at 0x153945ce2190>,55,16,[2 5],76,77,93,1,76
1,<environment.Job instance at 0x153945ce92d0>,57,22,[1 5],80,80,102,0,80
1,<environment.Job instance at 0x1539461ea4b0>,30,15,[2 9],40,93,108,53,91
1,<environment.Job instance at 0x1539461a2230>,67,1,[13  1],94,102,103,8,101
1,<environment.Job instance at 0x1539461a2cd0>,69,1,[2 5],96,103,104,7,101
1,<environment.Job instance at 0x1539461a2500>,70,2,[ 2 10],97,108,110,11,101
1,<environment.Job instance at 0x153946191690>,24,12,[ 1 10],32,239,251,207,239
1,<environment.Job instance at 0x153946180a00>,65,3,[2 9],92,281,284,189,281
1,<environment.Job instance at 0x1539461ea460>,31,3,[9 2],41,490,493,449,490
1,<environment.Job instance at 0x153945a8edc0>,3,1,[1 6],7,7,8,0,7
1,<environment.Job instance at 0x1539482067d0>,12,2,[ 1 10],18,18,20,0,18
1,<environment.Job instance at 0x1539482069b0>,13,1,[7 2],20,20,21,0,20
1,<environment.Job instance at 0x153948206b90>,14,2,[1 8],21,21,23,0,21
1,<environment.Job instance at 0x153948206320>,15,2,[2 6],22,22,24,0,22
1,<environment.Job instance at 0x153948206a00>,17,2,[1 9],26,26,28,0,26
1,<environment.Job instance at 0x153948206690>,18,1,[2 7],27,28,29,1,27
1,<environment.Job instance at 0x153948206640>,19,1,[2 5],28,28,29,0,28
1,<environment.Job instance at 0x153948206c80>,21,2,[14  1],30,36,38,6,36
1,<environment.Job instance at 0x153948271190>,30,1,[2 8],41,41,42,0,41
1,<environment.Job instance at 0x15394827f690>,31,1,[ 2 10],42,42,43,0,42
1,<environment.Job instance at 0x15394827f5f0>,32,1,[ 2 14],43,43,44,0,43
1,<environment.Job instance at 0x15394827f050>,33,1,[8 2],44,44,45,0,44
1,<environment.Job instance at 0x15394827f6e0>,34,15,[5 1],45,45,60,0,45
1,<environment.Job instance at 0x15394827f960>,36,2,[ 1 10],50,50,52,0,50
1,<environment.Job instance at 0x15394827f4b0>,37,3,[11  2],51,60,63,9,54
1,<environment.Job instance at 0x15394827fc80>,40,1,[8 1],54,54,55,0,54
1,<environment.Job instance at 0x153948317320>,41,3,[5 2],56,56,59,0,56
1,<environment.Job instance at 0x153948317550>,43,18,[2 6],58,63,81,5,63
1,<environment.Job instance at 0x153948317b90>,44,1,[1 6],59,63,64,4,63
1,<environment.Job instance at 0x15394830d4b0>,45,1,[1 7],60,64,65,4,63
1,<environment.Job instance at 0x153948313960>,47,3,[12  1],64,75,78,11,75
1,<environment.Job instance at 0x153948324c30>,48,1,[1 8],66,75,76,9,75
1,<environment.Job instance at 0x153948324e60>,51,2,[1 8],69,76,78,7,75
1,<environment.Job instance at 0x153948324460>,53,13,[ 1 14],72,81,94,9,80
1,<environment.Job instance at 0x153948324640>,54,27,[1 8],73,94,121,21,92
1,<environment.Job instance at 0x153948329730>,62,2,[1 9],88,121,123,33,115
1,<environment.Job instance at 0x1539483290f0>,63,2,[ 2 10],91,123,125,32,115
1,<environment.Job instance at 0x1539483290a0>,66,2,[ 2 10],94,125,127,31,119
1,<environment.Job instance at 0x153948329500>,67,2,[2 9],95,127,129,32,119
1,<environment.Job instance at 0x153948329050>,68,17,[ 2 10],96,129,146,33,121
1,<environment.Job instance at 0x153949b24230>,0,2,[ 1 10],1,1,3,0,1
1,<environment.Job instance at 0x15394979b5f0>,3,1,[2 9],4,4,5,0,4
1,<environment.Job instance at 0x15394967c460>,15,16,[1 6],19,20,36,1,20
1,<environment.Job instance at 0x15394967ca50>,18,1,[2 6],23,23,24,0,23
1,<environment.Job instance at 0x1539496700a0>,27,2,[1 5],39,39,41,0,39
1,<environment.Job instance at 0x1539484e2aa0>,31,1,[2 6],46,46,47,0,46
1,<environment.Job instance at 0x1539484e2230>,32,2,[1 6],47,47,49,0,47
1,<environment.Job instance at 0x153948401e60>,36,2,[7 2],57,62,64,5,62
1,<environment.Job instance at 0x1539484e2fa0>,37,2,[2 5],58,62,64,4,62
1,<environment.Job instance at 0x15394831e190>,42,2,[ 2 12],66,66,68,0,66
1,<environment.Job instance at 0x15394967c9b0>,17,17,[7 1],22,66,83,44,66
1,<environment.Job instance at 0x15394852ddc0>,46,13,[ 1 11],71,76,89,5,76
1,<environment.Job instance at 0x153948565e60>,51,3,[ 1 13],76,112,115,36,112
1,<environment.Job instance at 0x153948565dc0>,53,21,[ 2 13],80,115,136,35,114
1,<environment.Job instance at 0x15394852da00>,47,2,[6 2],72,135,137,63,135
1,<environment.Job instance at 0x15394844d0a0>,22,12,[1 5],32,469,481,437,469
1,<environment.Job instance at 0x1539629401e0>,7,2,[2 5],14,14,16,0,14
1,<environment.Job instance at 0x15394a996730>,10,2,[ 1 10],17,17,19,0,17
1,<environment.Job instance at 0x15394c243b90>,12,21,[7 2],20,21,42,1,21
1,<environment.Job instance at 0x15394f96ecd0>,23,2,[2 7],41,41,43,0,41
1,<environment.Job instance at 0x15394f317be0>,24,2,[9 2],42,42,44,0,42
1,<environment.Job instance at 0x15394959ed20>,25,3,[5 2],43,43,46,0,43
1,<environment.Job instance at 0x15394959ee10>,26,16,[7 2],44,46,62,2,46
1,<environment.Job instance at 0x153962325be0>,33,2,[ 2 10],55,55,57,0,55
1,<environment.Job instance at 0x1539457d15a0>,36,2,[ 2 12],60,67,69,7,67
1,<environment.Job instance at 0x1539606639b0>,37,1,[6 2],61,67,68,6,67
1,<environment.Job instance at 0x153962320320>,39,15,[ 1 11],67,69,84,2,68
1,<environment.Job instance at 0x1539607c0aa0>,47,2,[1 6],78,84,86,6,79
1,<environment.Job instance at 0x15394a9c8b90>,51,16,[9 1],83,85,101,2,85
1,<environment.Job instance at 0x1539485257d0>,55,2,[ 1 10],89,92,94,3,92
1,<environment.Job instance at 0x1539482a8af0>,57,2,[2 9],91,95,97,4,95
1,<environment.Job instance at 0x1539495d1af0>,58,3,[9 1],94,101,104,7,98
1,<environment.Job instance at 0x15394964afa0>,60,16,[1 5],98,102,118,4,102
1,<environment.Job instance at 0x1539600d1f50>,1,2,[5 1],3,3,5,0,3
1,<environment.Job instance at 0x15394544af00>,7,2,[5 2],12,12,14,0,12
1,<environment.Job instance at 0x15394544a500>,10,1,[7 2],16,16,17,0,16
1,<environment.Job instance at 0x1539459f9410>,16,2,[2 9],25,26,28,1,26
1,<environment.Job instance at 0x15394855b230>,23,27,[1 7],35,37,64,2,37
1,<environment.Job instance at 0x153949b65f00>,33,2,[1 9],51,64,66,13,61
1,<environment.Job instance at 0x153949b65af0>,35,1,[1 8],55,66,67,11,65
1,<environment.Job instance at 0x153945aabcd0>,38,2,[8 2],58,67,69,9,67
1,<environment.Job instance at 0x153945a4c460>,44,2,[1 8],66,82,84,16,82
1,<environment.Job instance at 0x1539462b35a0>,47,1,[2 8],70,96,97,26,96
1,<environment.Job instance at 0x1539461fc7d0>,48,1,[8 2],71,96,97,25,96
1,<environment.Job instance at 0x1539461fcb90>,49,14,[14  1],72,539,553,467,539
1,<environment.Job instance at 0x153945ce9410>,53,3,[ 2 11],80,576,579,496,576
1,<environment.Job instance at 0x1539606fe0a0>,54,2,[1 7],81,579,581,498,576
1,<environment.Job instance at 0x1539461a7140>,55,1,[1 5],82,579,580,497,576
1,<environment.Job instance at 0x153945a8eaf0>,59,2,[ 1 10],86,581,583,495,576
1,<environment.Job instance at 0x153945a745f0>,17,2,[2 5],26,617,619,591,617
1,<environment.Job instance at 0x153945a39280>,19,12,[5 2],28,765,777,737,765
1,<environment.Job instance at 0x1539603d5fa0>,0,1,[6 2],1,1,2,0,1
1,<environment.Job instance at 0x153945a9ec80>,1,1,[2 9],2,2,3,0,2
1,<environment.Job instance at 0x153962df30f0>,24,3,[2 7],32,43,46,11,43
1,<environment.Job instance at 0x153962df3050>,25,2,[1 5],33,43,45,10,43
1,<environment.Job instance at 0x153962df3140>,26,1,[1 9],35,46,47,11,43
1,<environment.Job instance at 0x153962df3460>,27,1,[2 5],36,45,46,9,43
1,<environment.Job instance at 0x153962df3550>,29,1,[2 6],38,46,47,8,44
1,<environment.Job instance at 0x153949b4ca00>,30,1,[2 8],40,47,48,7,44
1,<environment.Job instance at 0x153949b4cd70>,31,1,[2 6],41,47,48,6,44
1,<environment.Job instance at 0x153949b4c730>,33,17,[2 7],44,48,65,4,45
1,<environment.Job instance at 0x153949b4c280>,36,3,[5 1],47,60,63,13,60
1,<environment.Job instance at 0x153960055cd0>,38,1,[1 8],49,63,64,14,60
1,<environment.Job instance at 0x153960055d70>,40,2,[2 6],51,70,72,19,70
1,<environment.Job instance at 0x153960055140>,41,3,[9 2],52,71,74,19,71
1,<environment.Job instance at 0x1539600550a0>,42,2,[10  2],53,74,76,21,71
1,<environment.Job instance at 0x153960055640>,46,15,[2 6],59,95,110,36,95
1,<environment.Job instance at 0x1539600556e0>,50,14,[6 1],63,111,125,48,111
1,<environment.Job instance at 0x153960055320>,56,25,[12  1],69,125,150,56,121
1,<environment.Job instance at 0x15394527b280>,64,23,[1 6],81,144,167,63,144
1,<environment.Job instance at 0x15394527b3c0>,68,3,[8 1],90,162,165,72,162
1,<environment.Job instance at 0x15394527bd20>,69,2,[7 1],92,165,167,73,162
1,<environment.Job instance at 0x15394527b6e0>,70,18,[2 6],94,163,181,69,163
1,<environment.Job instance at 0x153962df31e0>,21,1,[6 2],29,1125,1126,1096,1125
1,<environment.Job instance at 0x153949b24870>,19,13,[12  2],27,2841,2854,2814,2841
1,<environment.Job instance at 0x153948329320>,6,1,[1 9],12,12,13,0,12
1,<environment.Job instance at 0x153948499230>,9,1,[5 2],16,16,17,0,16
1,<environment.Job instance at 0x1539482371e0>,10,26,[2 8],18,22,48,4,22
1,<environment.Job instance at 0x15394625fb90>,14,2,[1 6],27,27,29,0,27
1,<environment.Job instance at 0x15394625f6e0>,11,2,[ 1 10],20,48,50,28,32
1,<environment.Job instance at 0x1539606fb370>,20,1,[2 8],39,50,51,11,39
1,<environment.Job instance at 0x15394586ca00>,21,2,[7 2],40,40,42,0,40
1,<environment.Job instance at 0x15396081e780>,22,2,[6 2],41,41,43,0,41
1,<environment.Job instance at 0x1539456cb820>,25,2,[5 2],44,44,46,0,44
1,<environment.Job instance at 0x1539456cbfa0>,26,27,[1 7],45,50,77,5,48
1,<environment.Job instance at 0x1539456cb050>,29,2,[6 1],49,51,53,2,49
1,<environment.Job instance at 0x1539456cb870>,30,2,[ 1 10],50,77,79,27,50
1,<environment.Job instance at 0x1539456cb5a0>,27,21,[1 8],46,53,74,7,53
1,<environment.Job instance at 0x15394f9bb870>,40,1,[10  2],68,74,75,6,68
1,<environment.Job instance at 0x153960129230>,43,2,[8 2],75,75,77,0,75
1,<environment.Job instance at 0x153949595410>,12,16,[ 2 10],22,79,95,57,75
1,<environment.Job instance at 0x15394834faa0>,44,1,[ 1 12],76,95,96,19,86
1,<environment.Job instance at 0x153948250f50>,49,2,[7 2],85,86,88,1,86
1,<environment.Job instance at 0x1539496b5410>,0,1,[6 2],1,1,2,0,1
1,<environment.Job instance at 0x1539607eac30>,8,2,[2 8],10,10,12,0,10
1,<environment.Job instance at 0x1539607bb730>,11,1,[1 9],17,17,18,0,17
1,<environment.Job instance at 0x1539607eaf50>,15,12,[2 6],23,26,38,3,26
1,<environment.Job instance at 0x15394a9a9500>,16,1,[9 1],25,28,29,3,28
1,<environment.Job instance at 0x1539606217d0>,18,25,[8 1],29,29,54,0,29
1,<environment.Job instance at 0x153960146780>,33,1,[ 1 10],49,49,50,0,49
1,<environment.Job instance at 0x153960146730>,34,19,[2 5],50,50,69,0,50
1,<environment.Job instance at 0x153945848af0>,37,2,[6 2],53,62,64,9,62
1,<environment.Job instance at 0x153945848d70>,39,1,[6 1],56,66,67,10,66
1,<environment.Job instance at 0x153947731730>,42,1,[1 6],60,70,71,10,70
1,<environment.Job instance at 0x153947731050>,44,1,[1 7],62,72,73,10,72
1,<environment.Job instance at 0x15394624d7d0>,45,1,[6 2],63,72,73,9,72
1,<environment.Job instance at 0x15394624d730>,46,2,[2 7],64,73,75,9,72
1,<environment.Job instance at 0x15394c207be0>,50,2,[1 9],69,89,91,20,89
1,<environment.Job instance at 0x153949700aa0>,51,2,[7 2],70,89,91,19,89
1,<environment.Job instance at 0x1539607d3c30>,54,1,[8 1],74,92,93,18,92
1,<environment.Job instance at 0x1539607d3b90>,55,1,[1 5],76,92,93,16,92
1,<environment.Job instance at 0x153946cfd960>,56,1,[10  1],78,93,94,15,92
1,<environment.Job instance at 0x1539607d3a00>,59,25,[9 1],81,109,134,28,109
1,<environment.Job instance at 0x15396016c3c0>,60,1,[10  2],83,134,135,51,110
1,<environment.Job instance at 0x15396016cc30>,61,21,[ 2 10],84,112,133,28,112
1,<environment.Job instance at 0x153960623e60>,17,17,[2 8],26,138,155,112,138
1,<environment.Job instance at 0x15396016c0a0>,71,1,[9 1],96,256,257,160,256
1,<environment.Job instance at 0x153945860b90>,30,13,[1 9],44,894,907,850,894
1,<environment.Job instance at 0x1539497657d0>,2,1,[1 7],3,3,4,0,3
1,<environment.Job instance at 0x1539453e8320>,4,1,[6 2],7,7,8,0,7
1,<environment.Job instance at 0x1539453e8370>,5,1,[5 1],8,8,9,0,8
1,<environment.Job instance at 0x153960146280>,6,1,[2 6],10,10,11,0,10
1,<environment.Job instance at 0x1539450c99b0>,13,2,[ 1 10],18,18,20,0,18
1,<environment.Job instance at 0x15394835d370>,15,17,[12  1],20,128,145,108,128
1,<environment.Job instance at 0x153949af5460>,29,2,[ 1 10],38,128,130,90,128
1,<environment.Job instance at 0x1539484aa870>,36,1,[13  1],45,145,146,100,144
1,<environment.Job instance at 0x1539484aa190>,45,22,[8 1],55,146,168,91,145
1,<environment.Job instance at 0x1539462747d0>,51,2,[2 9],62,160,162,98,160
1,<environment.Job instance at 0x15396065f0a0>,52,2,[2 7],63,162,164,99,160
1,<environment.Job instance at 0x153945836910>,56,22,[2 6],69,172,194,103,172
1,<environment.Job instance at 0x153945836dc0>,57,1,[ 1 14],70,194,195,124,172
1,<environment.Job instance at 0x15394dc8a0a0>,63,1,[5 1],79,182,183,103,182
1,<environment.Job instance at 0x153945aa6500>,65,3,[ 2 14],82,195,198,113,193
1,<environment.Job instance at 0x1539454f8320>,68,2,[7 2],86,198,200,112,193
1,<environment.Job instance at 0x15394866f9b0>,73,2,[7 2],95,203,205,108,203
1,<environment.Job instance at 0x15394866f550>,74,1,[1 5],97,203,204,106,203
1,<environment.Job instance at 0x1539450c9af0>,16,1,[8 2],23,209,210,186,209
1,<environment.Job instance at 0x15394835d7d0>,17,17,[7 1],24,1148,1165,1124,1148
1,<environment.Job instance at 0x1539453cd870>,18,17,[2 7],25,2041,2058,2016,2041
1,<environment.Job instance at 0x1539461c0320>,0,15,[14  1],1,12,27,11,12
1,<environment.Job instance at 0x15394542e730>,6,1,[6 1],10,27,28,17,12
1,<environment.Job instance at 0x1539629e3b40>,7,1,[7 2],12,27,28,15,12
1,<environment.Job instance at 0x1539453cd870>,8,2,[2 7],13,27,29,14,13
1,<environment.Job instance at 0x153945a6f190>,10,25,[6 1],15,28,53,13,24
1,<environment.Job instance at 0x15394837b500>,18,22,[2 5],29,29,51,0,29
1,<environment.Job instance at 0x153949b3ef00>,21,26,[ 2 13],33,51,77,18,48
1,<environment.Job instance at 0x15394619b280>,24,2,[12  1],37,57,59,20,57
1,<environment.Job instance at 0x1539486ea9b0>,28,1,[8 1],42,59,60,17,57
1,<environment.Job instance at 0x153948526d20>,29,2,[10  2],43,60,62,17,57
1,<environment.Job instance at 0x1539454cfcd0>,32,1,[6 2],47,62,63,15,61
1,<environment.Job instance at 0x15394580f2d0>,33,2,[ 1 10],48,77,79,29,61
1,<environment.Job instance at 0x15394580f3c0>,34,2,[2 7],49,79,81,30,61
1,<environment.Job instance at 0x1539481bc730>,36,3,[10  1],52,64,67,12,64
1,<environment.Job instance at 0x1539482a5e10>,42,2,[ 1 11],67,81,83,14,69
1,<environment.Job instance at 0x1539482a5f00>,44,1,[1 8],70,79,80,9,72
1,<environment.Job instance at 0x15394a9a50a0>,45,2,[2 9],71,83,85,12,72
1,<environment.Job instance at 0x1539496ca280>,48,28,[5 2],74,89,117,15,89
1,<environment.Job instance at 0x1539496caf50>,51,3,[ 2 14],77,117,120,40,117
1,<environment.Job instance at 0x153945241820>,1,2,[1 9],2,120,122,118,117
1,<environment.Job instance at 0x15394840ecd0>,52,1,[5 1],78,117,118,39,117
1,<environment.Job instance at 0x153948251820>,54,1,[8 1],80,118,119,38,117
1,<environment.Job instance at 0x15394565bdc0>,63,1,[1 9],91,123,124,32,123
1,<environment.Job instance at 0x153946258780>,65,1,[6 1],93,126,127,33,126
1,<environment.Job instance at 0x1539483449b0>,67,16,[7 1],95,131,147,36,131
1,<environment.Job instance at 0x153948251640>,53,2,[2 6],79,146,148,67,146
1,<environment.Job instance at 0x1539461c00f0>,2,14,[1 6],3,169,183,166,169
1,<environment.Job instance at 0x15394a9b25f0>,0,26,[1 6],1,1,27,0,1
1,<environment.Job instance at 0x15394a9b2f00>,3,23,[9 1],6,16,39,10,16
1,<environment.Job instance at 0x153962309780>,13,3,[12  1],19,39,42,20,39
1,<environment.Job instance at 0x1539455ff7d0>,14,20,[8 1],20,42,62,22,39
1,<environment.Job instance at 0x1539483e5fa0>,21,1,[ 2 10],37,39,40,2,39
1,<environment.Job instance at 0x153948346960>,22,3,[11  1],39,62,65,23,50
1,<environment.Job instance at 0x153948387b40>,23,13,[ 2 11],40,113,126,73,113
1,<environment.Job instance at 0x1539607aa7d0>,34,2,[ 1 12],59,126,128,67,119
1,<environment.Job instance at 0x153945233af0>,36,2,[5 2],61,121,123,60,121
1,<environment.Job instance at 0x153945233f00>,37,21,[5 1],62,121,142,59,121
1,<environment.Job instance at 0x153945233dc0>,46,3,[ 2 10],75,140,143,65,140
1,<environment.Job instance at 0x153945233d70>,47,2,[2 7],76,143,145,67,140
1,<environment.Job instance at 0x153945233050>,48,22,[ 2 10],77,145,167,68,140
1,<environment.Job instance at 0x1539452338c0>,50,2,[1 7],79,143,145,64,140
1,<environment.Job instance at 0x15394836e190>,52,2,[6 2],81,140,142,59,140
1,<environment.Job instance at 0x15394836eeb0>,53,1,[7 1],84,142,143,58,140
1,<environment.Job instance at 0x15394836ef50>,54,2,[5 2],85,145,147,60,140
1,<environment.Job instance at 0x1539454a0460>,57,2,[ 1 10],88,167,169,79,144
1,<environment.Job instance at 0x15394f9bba50>,58,1,[7 1],89,144,145,55,144
1,<environment.Job instance at 0x15394f9bb460>,59,1,[2 6],92,169,170,77,144
1,<environment.Job instance at 0x15394f9bb320>,60,2,[10  2],93,147,149,54,145
1,<environment.Job instance at 0x15394f9bb6e0>,61,1,[5 1],94,145,146,51,145
1,<environment.Job instance at 0x1539499ea1e0>,4,14,[ 1 10],7,173,187,166,173
1,<environment.Job instance at 0x1539499ea230>,5,1,[5 2],8,197,198,189,197
1,<environment.Job instance at 0x1539499eab40>,7,2,[7 2],11,287,289,276,287
1,<environment.Job instance at 0x1539499eab40>,5,21,[6 1],10,10,31,0,10
1,<environment.Job instance at 0x1539484560a0>,6,3,[ 2 13],12,27,30,15,27
1,<environment.Job instance at 0x153948456280>,11,1,[1 7],20,30,31,10,27
1,<environment.Job instance at 0x153948456dc0>,13,27,[5 2],22,30,57,8,28
1,<environment.Job instance at 0x15394959c820>,16,1,[ 2 10],25,31,32,6,28
1,<environment.Job instance at 0x1539606e1a50>,27,1,[1 7],44,46,47,2,46
1,<environment.Job instance at 0x1539606e13c0>,29,2,[7 1],46,46,48,0,46
1,<environment.Job instance at 0x1539606e1dc0>,30,28,[1 6],47,47,75,0,47
1,<environment.Job instance at 0x1539606e1780>,32,21,[9 1],51,65,86,14,65
1,<environment.Job instance at 0x1539603d5550>,41,1,[1 9],63,75,76,12,74
1,<environment.Job instance at 0x1539603d5140>,42,2,[ 2 10],65,76,78,11,75
1,<environment.Job instance at 0x1539603d5f00>,44,12,[9 1],67,86,98,19,86
1,<environment.Job instance at 0x1539603d5eb0>,45,20,[ 2 11],68,92,112,24,92
1,<environment.Job instance at 0x1539603d5190>,49,1,[9 2],74,109,110,35,109
1,<environment.Job instance at 0x1539603d5be0>,50,1,[2 8],75,112,113,37,109
1,<environment.Job instance at 0x15394532ff50>,51,1,[5 1],76,110,111,34,110
1,<environment.Job instance at 0x15394532fcd0>,52,1,[8 1],78,110,111,32,110
1,<environment.Job instance at 0x15394532feb0>,53,1,[1 8],80,113,114,33,110
1,<environment.Job instance at 0x15394532ff00>,54,1,[2 9],81,114,115,33,110
1,<environment.Job instance at 0x15394532f500>,57,1,[7 2],85,111,112,26,110
1,<environment.Job instance at 0x15394532f5f0>,58,1,[10  1],86,112,113,26,110
1,<environment.Job instance at 0x1539629e3190>,60,2,[6 2],89,113,115,24,110
1,<environment.Job instance at 0x1539629e3a50>,63,1,[1 6],92,115,116,23,113
1,<environment.Job instance at 0x1539629e3320>,65,17,[5 1],94,118,135,24,118
1,<environment.Job instance at 0x1539629e3730>,68,2,[1 8],97,118,120,21,118
1,<environment.Job instance at 0x1539629e3d20>,69,26,[8 1],98,118,144,20,118
1,<environment.Job instance at 0x1539484565f0>,7,14,[2 6],13,147,161,134,147
1,<environment.Job instance at 0x153948456b90>,8,1,[ 2 10],14,163,164,149,163
1,<environment.Job instance at 0x1539484564b0>,9,2,[2 8],15,285,287,270,285
1,<environment.Job instance at 0x1539486c5cd0>,0,27,[6 1],1,1,28,0,1
1,<environment.Job instance at 0x1539477394b0>,11,28,[14  1],18,28,56,10,27
1,<environment.Job instance at 0x1539450d97d0>,18,2,[11  2],26,56,58,30,47
1,<environment.Job instance at 0x15396206f2d0>,26,2,[2 6],36,56,58,20,52
1,<environment.Job instance at 0x15396206fe60>,27,1,[ 1 10],37,52,53,15,52
1,<environment.Job instance at 0x15396206f960>,29,2,[2 6],39,56,58,17,52
1,<environment.Job instance at 0x15396206f0a0>,31,2,[5 1],42,58,60,16,54
1,<environment.Job instance at 0x15394625f3c0>,32,2,[8 2],43,58,60,15,54
1,<environment.Job instance at 0x15394625ffa0>,33,2,[12  1],45,60,62,15,55
1,<environment.Job instance at 0x153945739960>,35,1,[2 8],47,58,59,11,56
1,<environment.Job instance at 0x153946228280>,37,12,[2 9],49,72,84,23,72
1,<environment.Job instance at 0x153945442b90>,40,2,[1 8],53,84,86,31,77
1,<environment.Job instance at 0x153945442aa0>,41,17,[7 1],54,80,97,26,80
1,<environment.Job instance at 0x15394f2fdfa0>,46,16,[7 1],61,94,110,33,94
1,<environment.Job instance at 0x15394a9bfc80>,49,2,[5 1],64,97,99,33,95
1,<environment.Job instance at 0x1539484820f0>,51,1,[1 6],66,95,96,29,95
1,<environment.Job instance at 0x1539481e3b90>,56,2,[7 1],76,101,103,25,101
1,<environment.Job instance at 0x153944eca190>,58,1,[ 2 13],78,103,104,25,103
1,<environment.Job instance at 0x15394848c8c0>,61,16,[2 5],81,108,124,27,108
1,<environment.Job instance at 0x153945a84f00>,69,2,[8 2],92,120,122,28,120
1,<environment.Job instance at 0x1539486b8f00>,71,1,[5 2],99,120,121,21,120
1,<environment.Job instance at 0x1539486c5190>,5,13,[2 8],7,133,146,126,133
1,<environment.Job instance at 0x1539486c5690>,4,2,[2 9],5,150,152,145,150
1,<environment.Job instance at 0x15394828da50>,1,1,[2 8],3,3,4,0,3
1,<environment.Job instance at 0x1539453caa00>,2,2,[2 9],4,4,6,0,4
1,<environment.Job instance at 0x1539486c58c0>,4,2,[7 1],7,8,10,1,8
1,<environment.Job instance at 0x15394627d280>,6,26,[2 5],9,9,35,0,9
1,<environment.Job instance at 0x15394627d910>,5,1,[ 1 10],8,11,12,3,11
1,<environment.Job instance at 0x1539454cf780>,18,2,[ 2 13],29,35,37,6,29
1,<environment.Job instance at 0x1539454cff50>,26,1,[1 5],40,45,46,5,45
1,<environment.Job instance at 0x1539454cf0a0>,24,16,[ 1 11],37,72,88,35,72
1,<environment.Job instance at 0x15394548c500>,42,25,[9 1],63,73,98,10,73
1,<environment.Job instance at 0x15394548cd20>,49,1,[6 2],71,90,91,19,90
1,<environment.Job instance at 0x153962940f50>,53,1,[2 7],78,94,95,16,94
1,<environment.Job instance at 0x1539629404b0>,54,2,[ 1 14],80,95,97,15,94
1,<environment.Job instance at 0x153962940b90>,55,1,[7 2],81,98,99,17,94
1,<environment.Job instance at 0x153962940500>,56,3,[9 1],82,99,102,17,97
1,<environment.Job instance at 0x153962940190>,58,1,[2 5],84,98,99,14,98
1,<environment.Job instance at 0x153962940a00>,59,2,[1 5],86,98,100,12,98
1,<environment.Job instance at 0x1539454cfe60>,29,3,[2 5],45,103,106,58,103
1,<environment.Job instance at 0x153962940730>,61,17,[10  1],88,104,121,16,104
1,<environment.Job instance at 0x153949abd6e0>,63,1,[8 2],90,121,122,31,104
1,<environment.Job instance at 0x153949abd460>,64,2,[2 6],91,104,106,13,104
1,<environment.Job instance at 0x153949abd410>,65,3,[1 9],92,106,109,14,104
1,<environment.Job instance at 0x153949abdd20>,66,2,[1 7],94,109,111,15,104
1,<environment.Job instance at 0x153949abd500>,68,2,[6 1],96,121,123,25,104
1,<environment.Job instance at 0x153949abdb40>,69,1,[5 1],97,111,112,14,104
1,<environment.Job instance at 0x1539454cffa0>,25,1,[2 6],38,120,121,82,120
1,<environment.Job instance at 0x153949abd640>,62,26,[5 2],89,2724,2750,2635,2724
1,<environment.Job instance at 0x153949abd230>,1,1,[ 1 10],5,5,6,0,5
1,<environment.Job instance at 0x153945317640>,3,2,[9 2],8,8,10,0,8
1,<environment.Job instance at 0x15396013ca00>,10,2,[6 1],23,23,25,0,23
1,<environment.Job instance at 0x153948206cd0>,11,1,[ 1 12],24,24,25,0,24
1,<environment.Job instance at 0x1539454c5960>,17,20,[9 1],31,37,57,6,37
1,<environment.Job instance at 0x1539457d11e0>,20,1,[12  2],35,57,58,22,47
1,<environment.Job instance at 0x1539456fed20>,27,2,[2 8],50,50,52,0,50
1,<environment.Job instance at 0x1539456fe1e0>,28,1,[7 1],53,58,59,5,53
1,<environment.Job instance at 0x1539456fe960>,29,2,[2 6],54,54,56,0,54
1,<environment.Job instance at 0x1539456fe3c0>,32,2,[5 1],58,58,60,0,58
1,<environment.Job instance at 0x1539456b1eb0>,34,1,[7 2],60,60,61,0,60
1,<environment.Job instance at 0x1539451ee050>,37,2,[2 5],65,65,67,0,65
1,<environment.Job instance at 0x153945a0eaa0>,41,20,[7 2],69,69,89,0,69
1,<environment.Job instance at 0x1539482fce10>,51,1,[ 1 13],81,81,82,0,81
1,<environment.Job instance at 0x153949a6b5f0>,52,12,[ 1 14],82,89,101,7,89
1,<environment.Job instance at 0x1539485525f0>,53,1,[5 2],83,101,102,18,89
1,<environment.Job instance at 0x153945457fa0>,55,1,[11  1],93,93,94,0,93
1,<environment.Job instance at 0x153945457f50>,56,2,[5 1],94,94,96,0,94
1,<environment.Job instance at 0x153945457960>,57,2,[1 6],95,101,103,6,95
1,<environment.Job instance at 0x1539454570f0>,58,2,[1 8],96,102,104,6,96
1,<environment.Job instance at 0x1539454573c0>,59,1,[6 1],97,97,98,0,97
1,<environment.Job instance at 0x1539454c0c80>,9,13,[1 5],21,206,219,185,206
1,<environment.Job instance at 0x153949a5f230>,15,12,[5 2],29,366,378,337,366
1,<environment.Job instance at 0x1539457d15a0>,19,2,[13  1],34,1324,1326,1290,1324
1,<environment.Job instance at 0x153948589820>,0,1,[2 9],1,1,2,0,1
1,<environment.Job instance at 0x1539457d14b0>,1,1,[1 5],2,2,3,0,2
1,<environment.Job instance at 0x153962309d20>,8,2,[2 7],15,15,17,0,15
1,<environment.Job instance at 0x153945347e60>,43,17,[12  1],57,460,477,403,460
1,<environment.Job instance at 0x15396011b820>,68,2,[2 9],90,493,495,403,493
1,<environment.Job instance at 0x15394958e1e0>,70,2,[8 1],92,495,497,403,495
1,<environment.Job instance at 0x153960134c80>,72,1,[ 2 10],95,496,497,401,496
1,<environment.Job instance at 0x1539486f54b0>,4,23,[2 5],7,7,30,0,7
1,<environment.Job instance at 0x153949a0aeb0>,18,15,[1 5],23,249,264,226,249
1,<environment.Job instance at 0x1539458b2140>,8,3,[2 6],11,302,305,291,302
1,<environment.Job instance at 0x153998173b40>,17,17,[11  2],22,357,374,335,357
1,<environment.Job instance at 0x15394529d370>,25,1,[6 1],34,374,375,340,357
1,<environment.Job instance at 0x153949a0aa00>,22,2,[9 1],29,376,378,347,376
1,<environment.Job instance at 0x153946ce6640>,28,18,[ 1 14],37,377,395,340,377
1,<environment.Job instance at 0x153949aed050>,36,28,[ 2 10],46,395,423,349,394
1,<environment.Job instance at 0x153944eb4d20>,44,1,[5 2],58,395,396,337,394
1,<environment.Job instance at 0x153944eb4eb0>,52,2,[2 5],74,409,411,335,409
1,<environment.Job instance at 0x153944eb42d0>,53,19,[ 2 14],75,423,442,348,415
1,<environment.Job instance at 0x153944eb4550>,54,1,[8 1],76,415,416,339,415
1,<environment.Job instance at 0x153944eb4460>,56,2,[9 1],79,416,418,337,415
1,<environment.Job instance at 0x1539455f8be0>,61,2,[10  1],86,418,420,332,415
1,<environment.Job instance at 0x1539455f8cd0>,63,2,[2 5],88,442,444,354,431
1,<environment.Job instance at 0x15394544e280>,64,1,[1 7],89,442,443,353,431
1,<environment.Job instance at 0x1539455f8050>,65,1,[2 9],90,443,444,353,431
1,<environment.Job instance at 0x15394dc93af0>,67,1,[9 2],93,442,443,349,434
1,<environment.Job instance at 0x15394dc93eb0>,68,1,[7 2],95,444,445,349,434
1,<environment.Job instance at 0x1539458204b0>,21,16,[2 8],28,444,460,416,438
1,<environment.Job instance at 0x153946ce6eb0>,29,2,[7 1],38,466,468,428,466
1,<environment.Job instance at 0x1539496010f0>,0,2,[10  1],1,1,3,0,1
1,<environment.Job instance at 0x153960689a50>,1,1,[1 7],2,2,3,0,2
1,<environment.Job instance at 0x1539496015f0>,2,1,[9 1],4,4,5,0,4
1,<environment.Job instance at 0x15394957a280>,0,1,[14  1],1,1,2,0,1
1,<environment.Job instance at 0x153949687f00>,3,1,[8 1],4,4,5,0,4
1,<environment.Job instance at 0x1539458372d0>,8,1,[ 1 10],12,12,13,0,12
1,<environment.Job instance at 0x153962de1c30>,20,1,[1 5],28,29,30,1,29
1,<environment.Job instance at 0x153948204140>,24,2,[ 1 10],32,32,34,0,32
1,<environment.Job instance at 0x153948204d20>,25,2,[1 8],33,34,36,1,33
1,<environment.Job instance at 0x1539461aaa00>,28,2,[7 1],36,37,39,1,37
1,<environment.Job instance at 0x15394960cc30>,30,1,[2 5],38,38,39,0,38
1,<environment.Job instance at 0x15394960cd20>,31,3,[ 1 11],41,41,44,0,41
1,<environment.Job instance at 0x153960622d70>,32,2,[1 9],42,44,46,2,42
1,<environment.Job instance at 0x153960622d20>,33,2,[2 5],43,44,46,1,43
1,<environment.Job instance at 0x153960622280>,34,3,[1 5],46,46,49,0,46
1,<environment.Job instance at 0x153960622050>,35,1,[8 1],47,47,48,0,47
1,<environment.Job instance at 0x1539486830a0>,36,2,[8 2],48,48,50,0,48
1,<environment.Job instance at 0x153948653780>,38,2,[5 2],50,50,52,0,50
1,<environment.Job instance at 0x153960626640>,39,3,[1 5],51,51,54,0,51
1,<environment.Job instance at 0x1539486531e0>,40,1,[1 5],53,53,54,0,53
1,<environment.Job instance at 0x15394956cd70>,41,16,[8 1],54,54,70,0,54
1,<environment.Job instance at 0x153960191280>,46,2,[2 7],60,60,62,0,60
1,<environment.Job instance at 0x15394543ad70>,49,18,[5 2],63,67,85,4,67
1,<environment.Job instance at 0x153948240af0>,54,3,[ 1 14],70,85,88,15,74
1,<environment.Job instance at 0x153948240870>,55,3,[5 1],71,75,78,4,75
1,<environment.Job instance at 0x1539482400f0>,59,12,[7 2],77,88,100,11,83
1,<environment.Job instance at 0x153948240e10>,60,2,[2 7],79,83,85,4,83
1,<environment.Job instance at 0x153948240aa0>,63,2,[1 9],83,88,90,5,85
1,<environment.Job instance at 0x1539482401e0>,64,23,[1 5],84,90,113,6,85
1,<environment.Job instance at 0x153945ce98c0>,69,1,[5 1],89,102,103,13,102
1,<environment.Job instance at 0x153945ce9730>,70,2,[2 8],90,102,104,12,102
1,<environment.Job instance at 0x153945ce9be0>,71,3,[7 1],91,103,106,12,103
1,<environment.Job instance at 0x153945ce9190>,73,2,[10  1],94,107,109,13,107
1,<environment.Job instance at 0x153945ce9d20>,74,22,[5 1],96,109,131,13,107
1,<environment.Job instance at 0x1539461aa3c0>,29,15,[2 7],37,268,283,231,268
1,<environment.Job instance at 0x153945a09b40>,48,1,[1 9],62,304,305,242,304
1,<environment.Job instance at 0x15396069bdc0>,8,1,[ 2 10],11,11,12,0,11
1,<environment.Job instance at 0x15396069bd20>,9,2,[6 2],12,12,14,0,12
1,<environment.Job instance at 0x15396069b6e0>,10,1,[1 5],14,14,15,0,14
1,<environment.Job instance at 0x15396065f5a0>,11,2,[5 2],15,15,17,0,15
1,<environment.Job instance at 0x15396065ff00>,13,2,[8 1],17,17,19,0,17
1,<environment.Job instance at 0x15396065f320>,18,18,[ 2 11],22,22,40,0,22
1,<environment.Job instance at 0x153948501410>,31,2,[11  1],38,61,63,23,61
1,<environment.Job instance at 0x1539485011e0>,34,28,[ 2 10],41,61,89,20,61
1,<environment.Job instance at 0x1539457585a0>,51,2,[ 1 11],67,89,91,22,84
1,<environment.Job instance at 0x153945758c80>,53,16,[ 1 12],69,1351,1367,1282,1351
1,<environment.Job instance at 0x15394844b8c0>,66,2,[1 6],89,1367,1369,1278,1366
1,<environment.Job instance at 0x15394844bf00>,70,2,[10  1],97,1371,1373,1274,1371
1,<environment.Job instance at 0x15396065ff50>,17,3,[2 7],21,1418,1421,1397,1418
1,<environment.Job instance at 0x15396065f140>,19,2,[1 6],23,1423,1425,1400,1423
1,<environment.Job instance at 0x15396065f640>,20,16,[1 9],24,1534,1550,1510,1534
1,<environment.Job instance at 0x15396065f460>,21,2,[ 1 13],25,2191,2193,2166,2191
1,<environment.Job instance at 0x154e6685afa0>,2,1,[2 5],3,3,4,0,3
1,<environment.Job instance at 0x154e1003d910>,3,1,[6 2],4,4,5,0,4
1,<environment.Job instance at 0x154e1003d3c0>,4,2,[7 2],5,5,7,0,5
1,<environment.Job instance at 0x154e1003d140>,7,1,[2 6],8,8,9,0,8
1,<environment.Job instance at 0x154e6685a5f0>,9,2,[6 1],11,12,14,1,12
1,<environment.Job instance at 0x154e1003d4b0>,11,3,[1 8],13,13,16,0,13
1,<environment.Job instance at 0x154e1086e7d0>,12,3,[1 8],14,16,19,2,14
1,<environment.Job instance at 0x154e10773320>,13,2,[8 1],17,17,19,0,17
1,<environment.Job instance at 0x154e1071d280>,14,2,[ 1 10],18,19,21,1,18
1,<environment.Job instance at 0x154e1003d0a0>,15,1,[ 1 10],20,21,22,1,20
1,<environment.Job instance at 0x154e1087a870>,16,1,[2 5],21,21,22,0,21
1,<environment.Job instance at 0x154e10716b40>,17,17,[6 1],23,23,40,0,23
1,<environment.Job instance at 0x154e1087bf00>,18,2,[10  1],25,40,42,15,25
1,<environment.Job instance at 0x154e1086fdc0>,20,2,[ 1 13],27,27,29,0,27
1,<environment.Job instance at 0x154e1086fe60>,22,1,[2 7],30,30,31,0,30
1,<environment.Job instance at 0x154e107c0c80>,23,2,[8 1],31,31,33,0,31
1,<environment.Job instance at 0x154e107c09b0>,25,2,[2 8],34,34,36,0,34
1,<environment.Job instance at 0x154e1075aaa0>,26,1,[2 7],35,36,37,1,35
1,<environment.Job instance at 0x154e1075acd0>,27,2,[2 7],36,36,38,0,36
1,<environment.Job instance at 0x154e1075ae10>,28,2,[2 7],37,37,39,0,37
1,<environment.Job instance at 0x154e1079abe0>,32,3,[2 9],42,42,45,0,42
1,<environment.Job instance at 0x154e1074a4b0>,33,1,[2 7],43,45,46,2,43
1,<environment.Job instance at 0x154e108045f0>,34,15,[11  1],44,50,65,6,50
1,<environment.Job instance at 0x154e107ad7d0>,41,25,[12  2],54,65,90,11,61
1,<environment.Job instance at 0x154e1074e460>,46,2,[2 8],61,61,63,0,61
1,<environment.Job instance at 0x154e1074ef50>,47,1,[1 6],63,63,64,0,63
1,<environment.Job instance at 0x154e10765230>,48,1,[2 9],65,65,66,0,65
1,<environment.Job instance at 0x154e10762aa0>,51,2,[8 2],69,90,92,21,70
1,<environment.Job instance at 0x154e10762be0>,52,2,[1 7],72,72,74,0,72
1,<environment.Job instance at 0x154e1028cfa0>,53,3,[6 1],73,90,93,17,73
1,<environment.Job instance at 0x154e107765a0>,54,2,[2 5],75,75,77,0,75
1,<environment.Job instance at 0x154e10748a50>,55,16,[2 5],76,92,108,16,79
1,<environment.Job instance at 0x154e102abaa0>,57,22,[1 5],80,80,102,0,80
1,<environment.Job instance at 0x154e102b3640>,64,12,[9 1],91,105,117,14,105
1,<environment.Job instance at 0x154e102b3fa0>,67,1,[13  1],94,117,118,23,105
1,<environment.Job instance at 0x154e102b1a00>,69,1,[2 5],96,105,106,9,105
1,<environment.Job instance at 0x154e102b1aa0>,70,2,[ 2 10],97,108,110,11,105
1,<environment.Job instance at 0x154e10770a50>,73,2,[6 2],103,110,112,7,107
1,<environment.Job instance at 0x154e1076b5f0>,75,1,[1 6],107,112,113,5,110
1,<environment.Job instance at 0x154e1003ae10>,76,2,[2 5],108,112,114,4,110
1,<environment.Job instance at 0x154e1003aaa0>,77,2,[ 1 10],109,114,116,5,110
1,<environment.Job instance at 0x154e1074ad70>,35,2,[1 8],45,187,189,142,187
1,<environment.Job instance at 0x154e1003d460>,10,13,[2 8],12,2087,2100,2075,2087
1,<environment.Job instance at 0x154e127cfdc0>,5,2,[ 1 10],8,8,10,0,8
1,<environment.Job instance at 0x154e127cf730>,7,2,[1 8],11,11,13,0,11
1,<environment.Job instance at 0x154e127cf0f0>,8,2,[2 6],12,12,14,0,12
1,<environment.Job instance at 0x154e127cfd20>,9,1,[1 5],13,13,14,0,13
1,<environment.Job instance at 0x154e127cfa50>,10,2,[1 9],16,16,18,0,16
1,<environment.Job instance at 0x154e1294c870>,11,1,[2 7],17,18,19,1,17
1,<environment.Job instance at 0x154e1294c2d0>,12,1,[2 5],18,18,19,0,18
1,<environment.Job instance at 0x154e1294c7d0>,14,2,[14  1],20,20,22,0,20
1,<environment.Job instance at 0x154e128edc30>,15,1,[5 1],21,22,23,1,22
1,<environment.Job instance at 0x154e128f2960>,23,1,[2 8],31,32,33,1,32
1,<environment.Job instance at 0x154e128f2460>,24,1,[ 2 10],32,33,34,1,32
1,<environment.Job instance at 0x154e128f2500>,25,1,[ 2 14],33,34,35,1,33
1,<environment.Job instance at 0x154e128f6c80>,26,1,[8 2],34,35,36,1,34
1,<environment.Job instance at 0x154e128edeb0>,16,3,[2 8],22,35,38,13,34
1,<environment.Job instance at 0x154e128ed410>,19,13,[ 1 10],26,38,51,12,34
1,<environment.Job instance at 0x154e128f6370>,27,15,[5 1],35,47,62,12,47
1,<environment.Job instance at 0x154e128f6460>,30,3,[11  2],41,62,65,21,53
1,<environment.Job instance at 0x154e128f6d70>,33,1,[8 1],44,53,54,9,53
1,<environment.Job instance at 0x154e128f6960>,36,18,[2 6],48,53,71,5,53
1,<environment.Job instance at 0x154e12a0da00>,40,3,[12  1],54,67,70,13,67
1,<environment.Job instance at 0x154e12a0df00>,41,1,[1 8],56,67,68,11,67
1,<environment.Job instance at 0x154e12bac370>,44,2,[1 8],59,68,70,9,67
1,<environment.Job instance at 0x154e12bacb90>,46,13,[ 1 14],62,71,84,9,69
1,<environment.Job instance at 0x154e12bac640>,47,27,[1 8],63,84,111,21,82
1,<environment.Job instance at 0x154e12a18320>,54,3,[ 2 10],76,111,114,35,106
1,<environment.Job instance at 0x154e12a18460>,55,2,[1 9],78,114,116,36,106
1,<environment.Job instance at 0x154e12a188c0>,56,2,[ 2 10],81,116,118,35,106
1,<environment.Job instance at 0x154e12833280>,59,2,[ 2 10],84,118,120,34,112
1,<environment.Job instance at 0x154e12833aa0>,60,2,[2 9],85,120,122,35,112
1,<environment.Job instance at 0x154e12833af0>,62,19,[ 1 10],88,122,141,34,117
1,<environment.Job instance at 0x154e12833cd0>,65,2,[ 1 10],91,141,143,50,117
1,<environment.Job instance at 0x154e128336e0>,68,1,[2 9],94,143,144,49,120
1,<environment.Job instance at 0x154e12819dc0>,70,3,[ 2 10],97,144,147,47,135
1,<environment.Job instance at 0x154e12819be0>,71,14,[10  1],99,143,157,44,143
1,<environment.Job instance at 0x154e12828820>,79,18,[8 1],108,157,175,49,146
1,<environment.Job instance at 0x154e128f68c0>,28,18,[1 8],36,225,243,189,225
1,<environment.Job instance at 0x154e128f6910>,29,2,[ 1 10],40,250,252,210,250
1,<environment.Job instance at 0x154e128edd70>,20,16,[8 1],27,2425,2441,2398,2425
1,<environment.Job instance at 0x154e127c8140>,5,1,[9 1],11,11,12,0,11
1,<environment.Job instance at 0x154e127c8910>,7,2,[6 2],13,13,15,0,13
1,<environment.Job instance at 0x154e127c8a00>,9,2,[8 1],16,17,19,1,17
1,<environment.Job instance at 0x154e13c48870>,15,1,[2 6],26,26,27,0,26
1,<environment.Job instance at 0x154e13c48460>,16,2,[1 6],27,27,29,0,27
1,<environment.Job instance at 0x154e1286b1e0>,18,1,[2 8],32,32,33,0,32
1,<environment.Job instance at 0x154e12a870f0>,24,1,[7 2],43,43,44,0,43
1,<environment.Job instance at 0x154e12a87410>,25,2,[5 2],44,45,47,1,45
1,<environment.Job instance at 0x154e12851be0>,26,2,[ 2 12],46,46,48,0,46
1,<environment.Job instance at 0x154e12789f00>,32,1,[1 5],53,53,54,0,53
1,<environment.Job instance at 0x154e1081e320>,36,3,[1 5],59,59,62,0,59
1,<environment.Job instance at 0x154e1081e460>,37,21,[ 2 13],60,62,83,2,60
1,<environment.Job instance at 0x154e10838550>,45,1,[1 8],69,83,84,14,77
1,<environment.Job instance at 0x154e10838730>,47,2,[5 2],72,78,80,6,78
1,<environment.Job instance at 0x154e10838910>,48,2,[1 7],74,83,85,9,78
1,<environment.Job instance at 0x154e10838050>,49,2,[5 2],75,80,82,5,79
1,<environment.Job instance at 0x154e108384b0>,51,12,[7 1],78,84,96,6,81
1,<environment.Job instance at 0x154e12abdc30>,55,1,[2 5],84,85,86,1,85
1,<environment.Job instance at 0x154e12af50a0>,58,2,[7 2],89,91,93,2,91
1,<environment.Job instance at 0x154e107b3500>,59,3,[ 2 10],91,93,96,2,92
1,<environment.Job instance at 0x154e107b3140>,61,2,[2 5],94,105,107,11,105
1,<environment.Job instance at 0x154e107b3dc0>,62,1,[ 2 10],95,105,106,10,105
1,<environment.Job instance at 0x154e107b3370>,63,14,[8 1],96,106,120,10,105
1,<environment.Job instance at 0x154e107b3d20>,64,2,[ 1 10],97,107,109,10,105
1,<environment.Job instance at 0x154e107b3820>,65,3,[7 2],98,109,112,11,108
1,<environment.Job instance at 0x154e107b3be0>,66,21,[7 2],100,112,133,12,108
1,<environment.Job instance at 0x154e12789280>,30,13,[ 1 11],51,129,142,78,129
1,<environment.Job instance at 0x154e1081edc0>,34,3,[ 2 10],55,142,145,87,141
1,<environment.Job instance at 0x154e1081e5f0>,35,3,[ 1 13],56,153,156,97,153
1,<environment.Job instance at 0x154e4c8d2be0>,19,1,[6 2],31,48,49,17,48
1,<environment.Job instance at 0x154e64309d70>,18,2,[ 2 12],30,168,170,138,168
1,<environment.Job instance at 0x154e1c24da50>,11,1,[1 8],18,307,308,289,307
1,<environment.Job instance at 0x154e1ed3f7d0>,21,15,[ 1 11],37,452,467,415,452
1,<environment.Job instance at 0x154e1ebc6320>,39,2,[2 9],61,472,474,411,472
1,<environment.Job instance at 0x154e1003d4b0>,47,2,[10  2],75,486,488,411,486
1,<environment.Job instance at 0x154e1003d2d0>,51,2,[5 2],82,487,489,405,487
1,<environment.Job instance at 0x154e1d8ba140>,53,2,[9 2],85,489,491,404,489
1,<environment.Job instance at 0x154e14f570a0>,54,1,[7 2],86,491,492,405,489
1,<environment.Job instance at 0x154e1c0295a0>,59,26,[9 1],94,494,520,400,494
1,<environment.Job instance at 0x154e14f6abe0>,15,2,[ 2 10],25,527,529,502,527
1,<environment.Job instance at 0x154e1003d7d0>,45,2,[5 1],73,555,557,482,555
1,<environment.Job instance at 0x154e14086730>,23,2,[1 9],41,561,563,520,561
1,<environment.Job instance at 0x154e1d8ca820>,2,2,[1 5],5,5,7,0,5
1,<environment.Job instance at 0x154e1dfd4a50>,5,1,[5 1],9,9,10,0,9
1,<environment.Job instance at 0x154e13fc59b0>,7,2,[1 9],11,11,13,0,11
1,<environment.Job instance at 0x154e1c264c80>,9,1,[1 8],15,16,17,1,16
1,<environment.Job instance at 0x154e1ecf1190>,12,2,[8 2],18,18,20,0,18
1,<environment.Job instance at 0x154e0ff42320>,15,2,[1 7],22,22,24,0,22
1,<environment.Job instance at 0x154e10042eb0>,16,15,[1 5],23,23,38,0,23
1,<environment.Job instance at 0x154e12847b90>,17,3,[1 9],24,24,27,0,24
1,<environment.Job instance at 0x154e10067640>,18,2,[1 8],26,27,29,1,26
1,<environment.Job instance at 0x154e0ff42c80>,19,2,[1 5],28,29,31,1,28
1,<environment.Job instance at 0x154e1dfa5870>,21,1,[2 8],30,31,32,1,30
1,<environment.Job instance at 0x154e1dfa5910>,22,1,[8 2],31,31,32,0,31
1,<environment.Job instance at 0x154e10009190>,23,14,[14  1],32,44,58,12,44
1,<environment.Job instance at 0x154e12889280>,27,3,[ 2 11],40,58,61,18,52
1,<environment.Job instance at 0x154e12889460>,28,2,[1 7],41,52,54,11,52
1,<environment.Job instance at 0x154e12889730>,29,1,[1 5],42,54,55,12,52
1,<environment.Job instance at 0x154e1075aa00>,33,2,[ 1 10],46,55,57,9,52
1,<environment.Job instance at 0x154e1075a640>,37,3,[6 1],50,58,61,8,56
1,<environment.Job instance at 0x154e1075a4b0>,38,2,[1 8],51,61,63,10,56
1,<environment.Job instance at 0x154e12a40320>,40,2,[2 8],53,63,65,10,56
1,<environment.Job instance at 0x154e100083c0>,42,1,[6 2],58,59,60,1,59
1,<environment.Job instance at 0x154e10069230>,43,2,[2 8],59,65,67,6,59
1,<environment.Job instance at 0x154e10059870>,44,1,[6 2],61,61,62,0,61
1,<environment.Job instance at 0x154e10059a00>,45,1,[2 9],62,67,68,5,62
1,<environment.Job instance at 0x154e1ebc9cd0>,46,27,[ 2 10],63,68,95,5,66
1,<environment.Job instance at 0x154e1ebc9dc0>,47,2,[10  1],64,66,68,2,66
1,<environment.Job instance at 0x154e1401d0f0>,48,2,[2 7],66,95,97,29,68
1,<environment.Job instance at 0x154e13ba8cd0>,49,1,[5 2],67,68,69,1,68
1,<environment.Job instance at 0x154e1c03b910>,50,1,[2 5],68,69,70,1,68
1,<environment.Job instance at 0x154e1d8bacd0>,51,2,[ 1 10],70,97,99,27,70
1,<environment.Job instance at 0x154e13b7d280>,54,2,[5 2],73,73,75,0,73
1,<environment.Job instance at 0x154e13fca7d0>,56,2,[7 1],77,77,79,0,77
1,<environment.Job instance at 0x154e13fca230>,59,2,[5 2],80,80,82,0,80
1,<environment.Job instance at 0x154e13b810a0>,63,13,[12  2],87,217,230,130,217
1,<environment.Job instance at 0x154e13b81be0>,65,1,[6 2],89,230,231,141,217
1,<environment.Job instance at 0x154e1df8cfa0>,66,2,[1 5],90,217,219,127,217
1,<environment.Job instance at 0x154e0f872550>,67,1,[1 7],91,217,218,126,217
1,<environment.Job instance at 0x154e1df8c550>,69,2,[1 5],93,218,220,125,217
1,<environment.Job instance at 0x154e1df8c8c0>,70,1,[1 9],95,220,221,125,217
1,<environment.Job instance at 0x154e0fa91d20>,72,15,[7 1],97,230,245,133,220
1,<environment.Job instance at 0x154e0fa91eb0>,73,1,[2 6],98,221,222,123,220
1,<environment.Job instance at 0x154e0fa91fa0>,74,1,[2 8],100,222,223,122,220
1,<environment.Job instance at 0x154e0fa91640>,75,1,[2 6],101,223,224,122,220
1,<environment.Job instance at 0x154e1c281820>,80,3,[5 1],107,231,234,124,226
1,<environment.Job instance at 0x154e1c281af0>,81,1,[10  1],108,245,246,137,226
1,<environment.Job instance at 0x154e1c281a00>,82,1,[1 8],109,226,227,117,226
1,<environment.Job instance at 0x154e12a0dbe0>,10,16,[2 6],16,1583,1599,1567,1583
1,<environment.Job instance at 0x154e10015a00>,24,2,[6 1],34,1603,1605,1569,1603
1,<environment.Job instance at 0x154e10015b90>,25,3,[10  1],36,1633,1636,1597,1633
1,<environment.Job instance at 0x154e12bb7eb0>,0,2,[2 6],1,1,3,0,1
1,<environment.Job instance at 0x154e1401d960>,2,2,[10  2],3,4,6,1,4
1,<environment.Job instance at 0x154e1401da00>,5,2,[1 6],7,7,9,0,7
1,<environment.Job instance at 0x154e1401d280>,9,2,[1 8],12,12,14,0,12
1,<environment.Job instance at 0x154e13fca5f0>,14,3,[7 1],17,20,23,3,20
1,<environment.Job instance at 0x154e13fcaaf0>,17,1,[ 2 10],20,20,21,0,20
1,<environment.Job instance at 0x154e13fcacd0>,18,2,[10  2],22,23,25,1,22
1,<environment.Job instance at 0x154e13fcadc0>,20,3,[2 8],27,27,30,0,27
1,<environment.Job instance at 0x154e13fcaeb0>,23,3,[2 9],30,30,33,0,30
1,<environment.Job instance at 0x154e0fbd8820>,24,23,[1 6],31,31,54,0,31
1,<environment.Job instance at 0x154e0fbd80f0>,32,2,[5 1],47,49,51,2,49
1,<environment.Job instance at 0x154e12785b40>,39,18,[1 5],57,62,80,5,62
1,<environment.Job instance at 0x154e1e96beb0>,46,2,[ 1 10],70,73,75,3,73
1,<environment.Job instance at 0x154e12846550>,47,16,[ 2 10],72,82,98,10,82
1,<environment.Job instance at 0x154e128461e0>,49,2,[1 6],77,98,100,21,82
1,<environment.Job instance at 0x154e12846730>,55,1,[2 8],89,98,99,9,89
1,<environment.Job instance at 0x154e12846a00>,56,2,[7 2],90,90,92,0,90
1,<environment.Job instance at 0x154e1d8eed20>,57,2,[6 2],91,91,93,0,91
1,<environment.Job instance at 0x154e1d8ee410>,60,2,[5 2],94,94,96,0,94
1,<environment.Job instance at 0x154e1d8ee9b0>,61,27,[1 7],95,99,126,4,97
1,<environment.Job instance at 0x154e1d8ee190>,70,2,[2 9],107,126,128,19,123
1,<environment.Job instance at 0x154e13fca910>,13,2,[7 1],16,477,479,461,477
1,<environment.Job instance at 0x154e0fbd8fa0>,26,3,[10  1],37,503,506,466,503
1,<environment.Job instance at 0x154e0fcf2c80>,8,1,[ 1 12],16,16,17,0,16
1,<environment.Job instance at 0x154e1ec94640>,12,1,[2 9],24,24,25,0,24
1,<environment.Job instance at 0x154e140031e0>,7,25,[9 1],11,11,36,0,11
1,<environment.Job instance at 0x154e13ff6fa0>,10,21,[2 5],15,18,39,3,18
1,<environment.Job instance at 0x154e14011b40>,20,17,[2 5],27,35,52,8,35
1,<environment.Job instance at 0x154e6431bc80>,23,2,[5 2],31,48,50,17,48
1,<environment.Job instance at 0x154e1c264910>,24,2,[5 1],32,48,50,16,48
1,<environment.Job instance at 0x154e107774b0>,25,1,[1 7],33,48,49,15,48
1,<environment.Job instance at 0x154e1dfd45a0>,26,17,[9 1],36,50,67,14,50
1,<environment.Job instance at 0x154e140116e0>,29,1,[2 6],40,50,51,10,50
1,<environment.Job instance at 0x154e1ec14af0>,33,2,[7 2],45,67,69,22,66
1,<environment.Job instance at 0x154e1ec14eb0>,34,2,[9 2],46,69,71,23,67
1,<environment.Job instance at 0x154e1dffd640>,35,3,[5 1],47,68,71,21,68
1,<environment.Job instance at 0x154e1dffd190>,36,2,[ 1 10],48,68,70,20,68
1,<environment.Job instance at 0x154e1ec047d0>,38,17,[12  1],50,71,88,21,69
1,<environment.Job instance at 0x154e1ec04a50>,40,17,[7 1],54,88,105,34,82
1,<environment.Job instance at 0x154e1ebe9550>,54,1,[5 1],70,106,107,36,106
1,<environment.Job instance at 0x154e12af6690>,56,2,[7 2],72,108,110,36,108
1,<environment.Job instance at 0x154e13da5be0>,59,1,[13  1],75,112,113,37,112
1,<environment.Job instance at 0x154e106c8aa0>,61,1,[5 1],77,113,114,36,112
1,<environment.Job instance at 0x154e13ff84b0>,64,2,[8 2],80,116,118,36,116
1,<environment.Job instance at 0x154e13ff8e60>,66,2,[2 5],82,116,118,34,116
1,<environment.Job instance at 0x154e127b00a0>,68,22,[8 1],85,128,150,43,128
1,<environment.Job instance at 0x154e1dfce4b0>,74,2,[2 9],92,148,150,56,148
1,<environment.Job instance at 0x154e1dfce1e0>,75,2,[2 7],93,150,152,57,148
1,<environment.Job instance at 0x154e1dfce5f0>,76,18,[6 1],95,151,169,56,151
1,<environment.Job instance at 0x154e1dfce910>,79,22,[2 6],99,154,176,55,154
1,<environment.Job instance at 0x154e1dfcecd0>,80,1,[ 1 14],100,176,177,76,165
1,<environment.Job instance at 0x154e0fbb2a00>,0,3,[ 2 14],2,9,12,7,9
1,<environment.Job instance at 0x154e1ed8b640>,8,2,[7 2],15,15,17,0,15
1,<environment.Job instance at 0x154e4d393960>,9,1,[1 5],17,17,18,0,17
1,<environment.Job instance at 0x154e1dfcbcd0>,2,1,[ 2 10],4,19,20,15,19
1,<environment.Job instance at 0x154e1412bdc0>,11,27,[5 1],20,20,47,0,20
1,<environment.Job instance at 0x154e13c93e10>,12,15,[14  1],21,113,128,92,113
1,<environment.Job instance at 0x154e12c04aa0>,30,22,[2 5],49,128,150,79,121
1,<environment.Job instance at 0x154e12956370>,33,26,[ 2 13],53,150,176,97,147
1,<environment.Job instance at 0x154e0f68e280>,36,2,[12  1],57,176,178,119,176
1,<environment.Job instance at 0x154e0f67bdc0>,44,1,[6 2],67,183,184,116,183
1,<environment.Job instance at 0x154e0f67be60>,45,2,[ 1 10],68,183,185,115,183
1,<environment.Job instance at 0x154e0f67beb0>,46,2,[2 7],69,185,187,116,183
1,<environment.Job instance at 0x154e12c08be0>,51,17,[1 6],81,193,210,112,193
1,<environment.Job instance at 0x154e129d3d70>,54,2,[ 1 11],87,210,212,123,193
1,<environment.Job instance at 0x154e129d3640>,56,1,[1 8],90,193,194,103,193
1,<environment.Job instance at 0x154e129d3140>,57,2,[2 9],91,194,196,103,193
1,<environment.Job instance at 0x154e129d3370>,60,28,[5 2],94,208,236,114,208
1,<environment.Job instance at 0x154e129d3910>,63,3,[ 2 14],97,236,239,139,228
1,<environment.Job instance at 0x154e129d3be0>,65,2,[2 6],99,228,230,129,228
1,<environment.Job instance at 0x154e0f4f61e0>,66,1,[8 1],100,228,229,128,228
1,<environment.Job instance at 0x154e0f4f6460>,67,1,[7 2],102,229,230,127,228
1,<environment.Job instance at 0x154e0f57d320>,70,2,[6 2],106,230,232,124,228
1,<environment.Job instance at 0x154e0f57d690>,72,14,[7 1],108,234,248,126,234
1,<environment.Job instance at 0x154e1c27e4b0>,53,13,[2 9],86,290,303,204,290
1,<environment.Job instance at 0x154e0f6f5410>,13,2,[1 9],22,303,305,281,299
1,<environment.Job instance at 0x154e1e977d20>,0,1,[1 9],1,1,2,0,1
1,<environment.Job instance at 0x154e13dac730>,6,1,[9 2],7,7,8,0,7
1,<environment.Job instance at 0x154e0ffd1910>,7,2,[1 7],8,8,10,0,8
1,<environment.Job instance at 0x154e1075a5f0>,8,26,[1 6],11,11,37,0,11
1,<environment.Job instance at 0x154e1c259410>,10,23,[2 6],14,14,37,0,14
1,<environment.Job instance at 0x154e12760320>,18,1,[9 1],25,25,26,0,25
1,<environment.Job instance at 0x154e13d8a550>,21,3,[12  1],29,58,61,29,58
1,<environment.Job instance at 0x154e12760550>,22,20,[8 1],30,61,81,31,58
1,<environment.Job instance at 0x154e13d8a1e0>,23,2,[7 1],31,61,63,30,58
1,<environment.Job instance at 0x154e1ec38550>,26,2,[1 8],39,58,60,19,58
1,<environment.Job instance at 0x154e100597d0>,27,1,[2 6],40,58,59,18,58
1,<environment.Job instance at 0x154e1e0d3a00>,29,1,[ 2 10],47,60,61,13,58
1,<environment.Job instance at 0x154e10059780>,30,3,[11  1],49,81,84,32,81
1,<environment.Job instance at 0x154e667660a0>,31,13,[ 2 11],50,136,149,86,136
1,<environment.Job instance at 0x154e66766370>,33,1,[8 1],53,136,137,83,136
1,<environment.Job instance at 0x154e0f65a190>,40,1,[ 2 10],67,149,150,82,139
1,<environment.Job instance at 0x154e0f65aa50>,42,2,[ 1 12],69,150,152,81,140
1,<environment.Job instance at 0x154e10766320>,45,21,[5 1],72,148,169,76,148
1,<environment.Job instance at 0x154e0fd738c0>,56,22,[ 2 10],87,164,186,77,164
1,<environment.Job instance at 0x154e0fda6960>,65,2,[ 1 10],98,186,188,88,174
1,<environment.Job instance at 0x154e13c7c730>,70,2,[8 2],105,179,181,74,179
1,<environment.Job instance at 0x154e13be60f0>,13,1,[5 2],18,185,186,167,185
1,<environment.Job instance at 0x154e12add140>,4,16,[7 1],5,231,247,226,231
1,<environment.Job instance at 0x154e0ff0e230>,15,2,[7 2],21,371,373,350,371
1,<environment.Job instance at 0x154e1001d280>,1,2,[8 2],3,3,5,0,3
1,<environment.Job instance at 0x154e12b97730>,4,2,[7 1],8,8,10,0,8
1,<environment.Job instance at 0x154e12b97230>,5,21,[6 1],10,10,31,0,10
1,<environment.Job instance at 0x154e0fab0b90>,6,3,[ 2 13],12,23,26,11,23
1,<environment.Job instance at 0x154e112a49b0>,11,1,[1 7],20,26,27,6,23
1,<environment.Job instance at 0x154e112a45f0>,13,27,[5 2],22,26,53,4,24
1,<environment.Job instance at 0x154e0fa45550>,20,18,[9 1],33,52,70,19,52
1,<environment.Job instance at 0x154e12823640>,24,1,[2 6],39,53,54,14,52
1,<environment.Job instance at 0x154e10035be0>,30,28,[1 6],47,52,80,5,52
1,<environment.Job instance at 0x154e107e2dc0>,32,21,[9 1],51,70,91,19,62
1,<environment.Job instance at 0x154e12c9c3c0>,42,2,[ 2 10],65,82,84,17,82
1,<environment.Job instance at 0x154e1ec81fa0>,45,20,[ 2 11],68,89,109,21,89
1,<environment.Job instance at 0x154e1ec81dc0>,47,3,[ 2 10],71,109,112,38,108
1,<environment.Job instance at 0x154e1ec81f50>,48,15,[6 1],73,108,123,35,108
1,<environment.Job instance at 0x154e107b4af0>,49,1,[9 2],74,112,113,38,108
1,<environment.Job instance at 0x154e107b4320>,50,1,[2 8],75,113,114,38,108
1,<environment.Job instance at 0x154e4c64ca00>,52,1,[8 1],78,114,115,36,108
1,<environment.Job instance at 0x154e4cf95780>,53,1,[1 8],80,114,115,34,108
1,<environment.Job instance at 0x154e128b9280>,54,1,[2 9],81,115,116,34,108
1,<environment.Job instance at 0x154e1c24db90>,59,3,[2 5],88,115,118,27,111
1,<environment.Job instance at 0x154e0f489050>,63,1,[1 6],92,113,114,21,113
1,<environment.Job instance at 0x154e0fc582d0>,8,1,[ 2 10],14,119,120,105,119
1,<environment.Job instance at 0x154e12a417d0>,65,17,[5 1],94,120,137,26,120
1,<environment.Job instance at 0x154e1dfb2280>,69,26,[8 1],98,123,149,25,122
1,<environment.Job instance at 0x154e129298c0>,72,27,[6 1],101,137,164,36,135
1,<environment.Job instance at 0x154e128a7e10>,66,1,[7 1],95,163,164,68,163
1,<environment.Job instance at 0x154e0fc58230>,7,14,[2 6],13,928,942,915,928
1,<environment.Job instance at 0x154e112a45a0>,10,1,[1 7],18,1012,1013,994,1012
1,<environment.Job instance at 0x154e12c71500>,0,1,[1 8],2,2,3,0,2
1,<environment.Job instance at 0x154e10857230>,2,1,[6 1],5,5,6,0,5
1,<environment.Job instance at 0x154e12c44be0>,3,28,[14  1],8,8,36,0,8
1,<environment.Job instance at 0x154e12c33b90>,10,2,[11  2],16,36,38,20,26
1,<environment.Job instance at 0x154e12c36dc0>,18,2,[2 6],26,36,38,10,26
1,<environment.Job instance at 0x154e1087ad20>,19,1,[ 1 10],27,27,28,0,27
1,<environment.Job instance at 0x154e1087aeb0>,20,1,[2 7],28,36,37,8,28
1,<environment.Job instance at 0x154e1087ac30>,21,2,[2 6],29,37,39,8,29
1,<environment.Job instance at 0x154e0fa46690>,25,2,[12  1],35,38,40,3,35
1,<environment.Job instance at 0x154e0f896550>,27,1,[2 8],37,39,40,2,37
1,<environment.Job instance at 0x154e1df10b90>,29,12,[2 9],39,41,53,2,41
1,<environment.Job instance at 0x154e0fc494b0>,30,15,[2 5],40,48,63,8,48
1,<environment.Job instance at 0x154e1075adc0>,33,17,[7 1],44,52,69,8,52
1,<environment.Job instance at 0x154e1075a7d0>,37,1,[10  2],50,69,70,19,59
1,<environment.Job instance at 0x154e1289e500>,38,16,[7 1],51,70,86,19,59
1,<environment.Job instance at 0x154e1289e1e0>,43,1,[1 6],56,62,63,6,62
1,<environment.Job instance at 0x154e12babf00>,47,15,[6 1],65,76,91,11,76
1,<environment.Job instance at 0x154e12baba00>,48,2,[7 1],66,86,88,20,76
1,<environment.Job instance at 0x154e12babe60>,49,17,[8 1],67,88,105,21,79
1,<environment.Job instance at 0x154e12babcd0>,50,1,[ 2 13],68,91,92,23,91
1,<environment.Job instance at 0x154e0fd555a0>,56,2,[1 7],74,98,100,24,98
1,<environment.Job instance at 0x154e0fd55be0>,59,15,[8 1],79,105,120,26,100
1,<environment.Job instance at 0x154e13bc0050>,71,26,[2 5],99,108,134,9,108
1,<environment.Job instance at 0x154e13bc0e10>,75,1,[1 8],105,129,130,24,129
1,<environment.Job instance at 0x154e0f7c0cd0>,76,1,[10  2],109,129,130,20,129
1,<environment.Job instance at 0x154e12c33f50>,11,16,[2 7],17,236,252,219,236
1,<environment.Job instance at 0x154e12c337d0>,12,2,[1 8],19,247,249,228,247
1,<environment.Job instance at 0x154e12c33e10>,13,2,[1 5],20,307,309,287,307
1,<environment.Job instance at 0x154e0f50d410>,0,1,[1 5],1,1,2,0,1
1,<environment.Job instance at 0x154e12c36e10>,2,1,[2 8],4,4,5,0,4
1,<environment.Job instance at 0x154e1ec1e280>,5,2,[ 2 13],9,10,12,1,10
1,<environment.Job instance at 0x154e12856820>,7,28,[2 5],13,13,41,0,13
1,<environment.Job instance at 0x154e12856e60>,12,1,[2 6],18,50,51,32,50
1,<environment.Job instance at 0x154e0fee6eb0>,13,1,[1 5],20,57,58,37,57
1,<environment.Job instance at 0x154e1ed62b90>,11,16,[ 1 11],17,58,74,41,58
1,<environment.Job instance at 0x154e1e034870>,19,2,[2 6],30,74,76,44,58
1,<environment.Job instance at 0x154e0f892d20>,27,1,[9 1],41,58,59,17,58
1,<environment.Job instance at 0x154e0f6f4820>,29,25,[9 1],43,61,86,18,61
1,<environment.Job instance at 0x154e1003e140>,41,2,[ 1 14],60,76,78,16,71
1,<environment.Job instance at 0x154e1e018820>,48,17,[10  1],68,89,106,21,89
1,<environment.Job instance at 0x154e0f49f550>,49,26,[5 2],69,89,115,20,89
1,<environment.Job instance at 0x154e4c693410>,64,21,[10  2],92,106,127,14,101
1,<environment.Job instance at 0x154e13b9a7d0>,70,1,[ 1 12],104,115,116,11,108
1,<environment.Job instance at 0x154e0f91d0a0>,16,3,[2 5],25,135,138,110,135
1,<environment.Job instance at 0x154e0f91d870>,17,18,[5 2],27,522,540,495,522
1,<environment.Job instance at 0x154e1e0d2550>,2,2,[13  1],4,4,6,0,4
1,<environment.Job instance at 0x154e0ffd5b90>,3,1,[12  2],5,6,7,1,5
1,<environment.Job instance at 0x154e0ffd5cd0>,4,1,[5 1],6,7,8,1,6
1,<environment.Job instance at 0x154e4cf54eb0>,6,2,[6 2],8,8,10,0,8
1,<environment.Job instance at 0x154e13b46cd0>,10,2,[2 8],20,20,22,0,20
1,<environment.Job instance at 0x154e14030410>,11,1,[7 1],23,23,24,0,23
1,<environment.Job instance at 0x154e14030e60>,12,2,[2 6],24,24,26,0,24
1,<environment.Job instance at 0x154e107998c0>,17,1,[7 2],30,30,31,0,30
1,<environment.Job instance at 0x154e13fc9c80>,25,1,[1 9],40,40,41,0,40
1,<environment.Job instance at 0x154e13fb5370>,34,1,[ 1 13],51,52,53,1,52
1,<environment.Job instance at 0x154e1ec1bcd0>,35,12,[ 1 14],52,56,68,4,56
1,<environment.Job instance at 0x154e1dfafd70>,38,1,[11  1],63,68,69,5,68
1,<environment.Job instance at 0x154e128dc960>,44,1,[6 1],70,70,71,0,70
1,<environment.Job instance at 0x154e13d8abe0>,45,1,[2 9],71,71,72,0,71
1,<environment.Job instance at 0x154e0f494d20>,53,2,[2 7],85,85,87,0,85
1,<environment.Job instance at 0x154e1ec83f00>,55,15,[7 1],87,89,104,2,89
1,<environment.Job instance at 0x154e0fdffb90>,64,1,[9 2],98,111,112,13,111
1,<environment.Job instance at 0x154e14003be0>,70,1,[1 5],105,124,125,19,124
1,<environment.Job instance at 0x154e14003280>,71,2,[1 9],106,124,126,18,124
1,<environment.Job instance at 0x154e14003a00>,72,2,[1 7],109,126,128,17,124
1,<environment.Job instance at 0x154e1ec40280>,21,1,[1 9],36,155,156,119,155
1,<environment.Job instance at 0x154e1dfaf140>,39,2,[5 1],64,181,183,117,181
1,<environment.Job instance at 0x154e13b57be0>,1,2,[2 8],2,2,4,0,2
1,<environment.Job instance at 0x154e12a1f5a0>,3,2,[6 1],4,4,6,0,4
1,<environment.Job instance at 0x154e1406b500>,14,17,[12  1],17,73,90,56,73
1,<environment.Job instance at 0x154e0f90a280>,23,2,[1 6],27,73,75,46,73
1,<environment.Job instance at 0x154e1406b370>,16,2,[2 5],20,77,79,57,77
1,<environment.Job instance at 0x154e0f90a6e0>,31,2,[2 8],40,79,81,39,77
1,<environment.Job instance at 0x154e0f90a910>,29,1,[2 5],35,95,96,60,95
1,<environment.Job instance at 0x154e0f90aa50>,35,12,[1 7],46,100,112,54,100
1,<environment.Job instance at 0x154e0f90ad70>,43,1,[ 2 10],55,112,113,57,106
1,<environment.Job instance at 0x154e0f90a320>,45,12,[ 2 11],58,368,380,310,368
1,<environment.Job instance at 0x154e0f50dc30>,51,23,[2 5],67,380,403,313,374
1,<environment.Job instance at 0x154e12a20050>,63,2,[2 8],81,397,399,316,397
1,<environment.Job instance at 0x154e1ed4c9b0>,3,1,[ 1 10],7,7,8,0,7
1,<environment.Job instance at 0x154e1ed4cc80>,4,1,[5 2],8,8,9,0,8
1,<environment.Job instance at 0x154e1ed4c1e0>,5,1,[8 1],9,9,10,0,9
1,<environment.Job instance at 0x154e128055a0>,13,19,[ 2 14],25,35,54,10,35
1,<environment.Job instance at 0x154e13cd1e60>,20,2,[10  1],35,35,37,0,35
1,<environment.Job instance at 0x154e0ff956e0>,23,2,[2 5],38,54,56,16,38
1,<environment.Job instance at 0x154e1082e6e0>,24,1,[1 7],39,54,55,15,39
1,<environment.Job instance at 0x154e0f51f140>,25,1,[2 9],40,55,56,15,40
1,<environment.Job instance at 0x154e0fccd320>,32,2,[7 1],50,50,52,0,50
1,<environment.Job instance at 0x154e4cf8f690>,34,1,[1 7],52,56,57,4,52
1,<environment.Job instance at 0x154e0fccd5a0>,35,1,[9 1],54,54,55,0,54
1,<environment.Job instance at 0x154e4cf1faa0>,0,2,[1 8],1,1,3,0,1
1,<environment.Job instance at 0x154e0fd33e60>,13,1,[1 9],20,20,21,0,20
1,<environment.Job instance at 0x154e0fd33960>,14,1,[1 5],21,22,23,1,22
1,<environment.Job instance at 0x154e1edb95a0>,18,15,[8 1],26,26,41,0,26
1,<environment.Job instance at 0x154e0fd33320>,19,1,[2 7],27,27,28,0,27
1,<environment.Job instance at 0x154e0fd096e0>,21,25,[1 7],29,29,54,0,29
1,<environment.Job instance at 0x154e0f510960>,22,1,[ 2 10],30,54,55,24,30
1,<environment.Job instance at 0x154e1285bb90>,25,1,[7 2],35,41,42,6,35
1,<environment.Job instance at 0x154e4cf2b4b0>,26,1,[1 8],36,42,43,6,36
1,<environment.Job instance at 0x154e13ce1e60>,27,2,[1 7],37,37,39,0,37
1,<environment.Job instance at 0x154e1ecbf9b0>,28,22,[ 1 10],38,55,77,17,48
1,<environment.Job instance at 0x154e1ecbf050>,33,1,[8 1],44,48,49,4,48
1,<environment.Job instance at 0x154e1ecbf230>,34,17,[7 2],46,49,66,3,48
1,<environment.Job instance at 0x154e106cd730>,36,2,[6 1],49,49,51,0,49
1,<environment.Job instance at 0x154e106cdb40>,38,1,[ 1 10],52,77,78,25,52
1,<environment.Job instance at 0x154e106eb640>,40,1,[8 2],56,66,67,10,56
1,<environment.Job instance at 0x154e4d383c30>,44,2,[8 1],61,67,69,6,61
1,<environment.Job instance at 0x154e0ffd5eb0>,45,1,[5 2],62,62,63,0,62
1,<environment.Job instance at 0x154e0fd035f0>,47,2,[5 1],64,64,66,0,64
1,<environment.Job instance at 0x154e0fd03690>,48,17,[1 5],66,69,86,3,66
1,<environment.Job instance at 0x154e4d396c30>,49,2,[5 2],67,67,69,0,67
1,<environment.Job instance at 0x154e0fd03fa0>,50,1,[1 5],68,78,79,10,68
1,<environment.Job instance at 0x154e13d8afa0>,51,1,[8 2],69,78,79,9,69
1,<environment.Job instance at 0x154e128560f0>,52,2,[7 1],70,79,81,9,70
1,<environment.Job instance at 0x154e1d8f4730>,53,1,[10  1],71,81,82,10,71
1,<environment.Job instance at 0x154e1eca2be0>,54,2,[ 1 10],72,82,84,10,72
1,<environment.Job instance at 0x154e1eca2eb0>,55,2,[1 8],73,79,81,6,73
1,<environment.Job instance at 0x154e1eca2460>,56,3,[2 5],74,84,87,10,74
1,<environment.Job instance at 0x154e1eca27d0>,58,2,[7 1],76,84,86,8,76
1,<environment.Job instance at 0x154e1eca2370>,60,1,[2 5],78,81,82,3,79
1,<environment.Job instance at 0x154e1eca2fa0>,61,3,[ 1 11],81,87,90,6,81
1,<environment.Job instance at 0x154e1eca2f00>,62,2,[1 9],82,90,92,8,82
1,<environment.Job instance at 0x154e1eca2d70>,63,2,[2 5],83,90,92,7,83
1,<environment.Job instance at 0x154e1eca23c0>,64,3,[1 5],86,92,95,6,86
1,<environment.Job instance at 0x154e1eca29b0>,65,1,[8 1],87,87,88,0,87
1,<environment.Job instance at 0x154e1ecc40a0>,66,2,[8 2],88,88,90,0,88
1,<environment.Job instance at 0x154e0fd33a00>,15,26,[2 7],22,93,119,71,93
1,<environment.Job instance at 0x154e1ecc4dc0>,78,1,[1 9],102,119,120,17,117
1,<environment.Job instance at 0x154e1ecbfeb0>,29,2,[1 6],39,145,147,106,145
1,<environment.Job instance at 0x154e1ecc45a0>,68,2,[5 2],90,146,148,56,146
1,<environment.Job instance at 0x154e1ecbf410>,31,3,[10  1],42,225,228,183,225
1,<environment.Job instance at 0x154e1ecbf1e0>,30,1,[14  1],41,431,432,390,431
1,<environment.Job instance at 0x154e0f503190>,3,3,[8 2],5,5,8,0,5
1,<environment.Job instance at 0x154e0ff28500>,12,1,[8 2],17,20,21,3,20
1,<environment.Job instance at 0x154e0ff280a0>,13,2,[7 1],18,20,22,2,20
1,<environment.Job instance at 0x154e0ff28a50>,14,1,[5 1],19,21,22,2,20
1,<environment.Job instance at 0x154e0ff28960>,15,2,[2 8],20,21,23,1,20
1,<environment.Job instance at 0x154e13bbcdc0>,16,3,[7 1],21,22,25,1,21
1,<environment.Job instance at 0x154e0ff28140>,17,3,[8 2],22,23,26,1,22
1,<environment.Job instance at 0x154e13d606e0>,18,2,[10  1],24,26,28,2,24
1,<environment.Job instance at 0x154e0f501f50>,19,22,[5 1],26,26,48,0,26
1,<environment.Job instance at 0x154e13c31f50>,22,3,[1 5],32,32,35,0,32
1,<environment.Job instance at 0x154e0f526a00>,23,2,[5 2],33,33,35,0,33
1,<environment.Job instance at 0x154e0f503730>,9,23,[1 5],14,33,56,19,33
1,<environment.Job instance at 0x154e1ed39050>,27,12,[9 1],38,47,59,9,47
1,<environment.Job instance at 0x154e129601e0>,33,2,[8 1],46,59,61,13,51
1,<environment.Job instance at 0x154e129600a0>,34,2,[8 1],47,61,63,14,51
1,<environment.Job instance at 0x154e0f6a20f0>,39,18,[ 2 11],52,76,94,24,76
1,<environment.Job instance at 0x154e12b953c0>,42,2,[ 1 13],55,94,96,39,82
1,<environment.Job instance at 0x154e0fcdba50>,52,2,[11  1],68,95,97,27,95
1,<environment.Job instance at 0x154e0fcdb550>,53,1,[8 2],69,97,98,28,95
1,<environment.Job instance at 0x154e0fcdb320>,55,28,[ 2 10],71,100,128,29,100
1,<environment.Job instance at 0x154e0fcdbeb0>,56,3,[9 1],74,100,103,26,100
1,<environment.Job instance at 0x154e0fcdbcd0>,57,14,[2 5],76,103,117,27,102
1,<environment.Job instance at 0x154e0fcdbaf0>,58,2,[1 8],77,128,130,51,102
1,<environment.Job instance at 0x154e0f6afcd0>,59,1,[5 1],78,117,118,39,102
1,<environment.Job instance at 0x154e1c25b320>,62,2,[6 2],83,117,119,34,103
1,<environment.Job instance at 0x154e1c25bc80>,63,2,[1 5],84,119,121,35,103
1,<environment.Job instance at 0x154e1c25b5f0>,64,2,[9 2],85,121,123,36,103
1,<environment.Job instance at 0x154e1ec53fa0>,67,2,[6 2],90,123,125,33,103
1,<environment.Job instance at 0x154e1ec53910>,72,2,[ 1 11],97,130,132,33,116
1,<environment.Job instance at 0x154e1ed39230>,25,1,[7 2],36,143,144,107,143
1,<environment.Job instance at 0x154e1ec53dc0>,74,16,[ 1 12],99,146,162,47,146
1,<environment.Job instance at 0x154e12ba3d20>,8,2,[1 9],13,176,178,163,176
1,<environment.Job instance at 0x154e1ec53500>,75,1,[1 5],100,204,205,104,204
1,<environment.Job instance at 0x154e1084d5f0>,5,2,[1 6],9,9,11,0,9
1,<environment.Job instance at 0x154e12a621e0>,8,1,[2 8],16,16,17,0,16
1,<environment.Job instance at 0x154e4c8aa730>,17,12,[6 1],30,31,43,1,31
1,<environment.Job instance at 0x154e1ecb82d0>,21,1,[5 2],37,37,38,0,37
1,<environment.Job instance at 0x154e0fd742d0>,23,23,[9 1],40,40,63,0,40
1,<environment.Job instance at 0x154e12802410>,28,1,[2 5],45,47,48,2,47
1,<environment.Job instance at 0x154e12875dc0>,29,12,[5 1],48,48,60,0,48
1,<environment.Job instance at 0x154e12875c80>,30,1,[10  1],50,63,64,13,50
1,<environment.Job instance at 0x154e0fbd67d0>,31,1,[7 1],51,64,65,13,51
1,<environment.Job instance at 0x154e12aef2d0>,32,2,[10  1],52,65,67,13,52
1,<environment.Job instance at 0x154e14028140>,33,1,[6 2],53,60,61,7,53
1,<environment.Job instance at 0x154e140288c0>,34,3,[6 2],54,67,70,13,54
1,<environment.Job instance at 0x154e14028820>,35,3,[2 5],58,61,64,3,58
1,<environment.Job instance at 0x154e14028370>,36,2,[5 1],59,64,66,5,59
1,<environment.Job instance at 0x154e14028280>,37,18,[2 9],61,66,84,5,62
1,<environment.Job instance at 0x154e13d495f0>,42,3,[6 1],69,69,72,0,69
1,<environment.Job instance at 0x154e13d49550>,43,18,[7 2],70,71,89,1,71
1,<environment.Job instance at 0x154e13d491e0>,45,2,[9 1],72,89,91,17,72
1,<environment.Job instance at 0x154e0fd6bd70>,46,2,[14  2],74,91,93,17,74
1,<environment.Job instance at 0x154e0fd6b050>,48,1,[14  2],76,93,94,17,76
1,<environment.Job instance at 0x154e0fd6b0f0>,49,2,[6 2],77,77,79,0,77
1,<environment.Job instance at 0x154e0fd6bf50>,50,13,[6 1],78,94,107,16,78
1,<environment.Job instance at 0x154e14f7efa0>,51,2,[1 9],79,84,86,5,79
1,<environment.Job instance at 0x154e14f7e7d0>,53,3,[5 2],82,82,85,0,82
1,<environment.Job instance at 0x154e14f7edc0>,54,2,[1 8],83,86,88,3,83
1,<environment.Job instance at 0x154e12be3230>,56,2,[2 8],87,88,90,1,87
1,<environment.Job instance at 0x154e4cf1a0a0>,58,1,[10  2],89,107,108,18,89
1,<environment.Job instance at 0x154e4cf1a640>,59,17,[7 2],91,108,125,17,96
1,<environment.Job instance at 0x154e4cf22aa0>,62,18,[8 1],97,108,126,11,101
1,<environment.Job instance at 0x154e0f8127d0>,63,1,[6 2],98,101,102,3,101
1,<environment.Job instance at 0x154e14f6a3c0>,64,1,[6 1],99,102,103,3,101
1,<environment.Job instance at 0x154e14f6a6e0>,65,1,[8 1],100,103,104,3,101
1,<environment.Job instance at 0x154e1e022e60>,67,2,[1 9],104,104,106,0,104
1,<environment.Job instance at 0x154e0fd8e3c0>,18,18,[1 6],31,144,162,113,144
1,<environment.Job instance at 0x154e0ff50410>,25,18,[1 7],42,157,175,115,157
1,<environment.Job instance at 0x154e1086f8c0>,26,16,[9 2],43,423,439,380,423
1,<environment.Job instance at 0x154e14f67a00>,0,2,[ 1 10],1,1,3,0,1
1,<environment.Job instance at 0x154e0f50da50>,1,1,[ 2 10],2,3,4,1,2
1,<environment.Job instance at 0x154e13bf0960>,5,2,[ 1 10],10,10,12,0,10
1,<environment.Job instance at 0x154e4d393460>,11,2,[14  1],17,28,30,11,28
1,<environment.Job instance at 0x154e0fe42c80>,17,2,[1 8],26,28,30,2,28
1,<environment.Job instance at 0x154e0fe42370>,19,1,[2 9],28,30,31,2,28
1,<environment.Job instance at 0x154e13bf0140>,8,1,[1 8],13,31,32,18,29
1,<environment.Job instance at 0x154e128f6a00>,35,2,[2 6],60,76,78,16,76
1,<environment.Job instance at 0x154e13ff35f0>,52,2,[1 7],93,105,107,12,105
1,<environment.Job instance at 0x154e13ff3e60>,55,13,[ 1 13],96,1057,1070,961,1057
1,<environment.Job instance at 0x154e13b2f410>,27,3,[1 9],44,1081,1084,1037,1081
1,<environment.Job instance at 0x154e1e125960>,28,1,[1 7],47,1085,1086,1038,1085
1,<environment.Job instance at 0x14f804648fa0>,2,1,[2 5],3,3,4,0,3
1,<environment.Job instance at 0x14f7addfe910>,3,1,[6 2],4,4,5,0,4
1,<environment.Job instance at 0x14f7addfe320>,4,2,[7 2],5,6,8,1,6
1,<environment.Job instance at 0x14f7addfe730>,7,1,[2 6],8,8,9,0,8
1,<environment.Job instance at 0x14f7ae5bed20>,14,2,[ 1 10],18,18,20,0,18
1,<environment.Job instance at 0x14f7ae538050>,15,1,[ 1 10],20,20,21,0,20
1,<environment.Job instance at 0x14f7ae4b0820>,16,1,[2 5],21,21,22,0,21
1,<environment.Job instance at 0x14f7ae5b0410>,20,2,[ 1 13],27,27,29,0,27
1,<environment.Job instance at 0x14f7ae57cfa0>,25,2,[2 8],34,34,36,0,34
1,<environment.Job instance at 0x14f7ae51b4b0>,34,15,[11  1],44,1325,1340,1281,1325
1,<environment.Job instance at 0x14f7ae526820>,41,25,[12  2],54,1340,1365,1286,1338
1,<environment.Job instance at 0x14f7ae581c80>,57,22,[1 5],80,1360,1382,1280,1360
1,<environment.Job instance at 0x14f7ae531820>,67,1,[13  1],94,1390,1391,1296,1390
1,<environment.Job instance at 0x14f7ae5319b0>,69,1,[2 5],96,1390,1391,1294,1390
1,<environment.Job instance at 0x14f7ae05a960>,70,2,[ 2 10],97,1391,1393,1294,1390
1,<environment.Job instance at 0x14f7ae05faf0>,73,2,[6 2],103,1392,1394,1289,1392
1,<environment.Job instance at 0x14f7ae06cbe0>,75,1,[1 6],107,1395,1396,1288,1395
1,<environment.Job instance at 0x14f7ae06c5a0>,76,2,[2 5],108,1395,1397,1287,1395
1,<environment.Job instance at 0x14f7ae06c820>,77,2,[ 1 10],109,1396,1398,1287,1395
1,<environment.Job instance at 0x14f7ae4e9780>,37,2,[ 1 10],50,1563,1565,1513,1563
1,<environment.Job instance at 0x14f7ade1d0f0>,0,2,[1 8],1,1,3,0,1
1,<environment.Job instance at 0x14f7ae526d70>,1,2,[2 6],2,2,4,0,2
1,<environment.Job instance at 0x14f7ae534640>,3,2,[1 9],6,6,8,0,6
1,<environment.Job instance at 0x14f7b05fb3c0>,4,1,[2 7],7,8,9,1,7
1,<environment.Job instance at 0x14f7b05fbc80>,5,1,[2 5],8,8,9,0,8
1,<environment.Job instance at 0x14f7b05fbd20>,7,2,[14  1],10,16,18,6,16
1,<environment.Job instance at 0x14f7b05fbf00>,9,3,[2 8],12,18,21,6,17
1,<environment.Job instance at 0x14f7b05faa50>,17,1,[ 2 10],22,22,23,0,22
1,<environment.Job instance at 0x14f7b05fa410>,16,1,[2 8],21,23,24,2,22
1,<environment.Job instance at 0x14f7b0609370>,18,1,[ 2 14],23,24,25,1,23
1,<environment.Job instance at 0x14f7b0609b40>,22,2,[ 1 10],30,30,32,0,30
1,<environment.Job instance at 0x14f7b06099b0>,23,3,[11  2],31,62,65,31,62
1,<environment.Job instance at 0x14f7b069d320>,26,1,[8 1],34,65,66,31,62
1,<environment.Job instance at 0x14f7b069d550>,29,18,[2 6],38,62,80,24,62
1,<environment.Job instance at 0x14f7b06ae6e0>,33,3,[12  1],44,79,82,35,79
1,<environment.Job instance at 0x14f7b06ae370>,34,1,[1 8],46,79,80,33,79
1,<environment.Job instance at 0x14f7b06aeeb0>,37,2,[1 8],49,80,82,31,79
1,<environment.Job instance at 0x14f7b06aea00>,39,13,[ 1 14],52,92,105,40,92
1,<environment.Job instance at 0x14f7b06aec80>,42,2,[7 2],55,105,107,50,102
1,<environment.Job instance at 0x14f7b06b7c80>,48,2,[1 9],68,120,122,52,120
1,<environment.Job instance at 0x14f7b06b78c0>,49,2,[ 2 10],71,122,124,51,120
1,<environment.Job instance at 0x14f7b0609dc0>,24,3,[ 2 10],32,124,127,92,120
1,<environment.Job instance at 0x14f7b06b73c0>,50,3,[5 2],72,120,123,48,120
1,<environment.Job instance at 0x14f7b06b7910>,52,2,[ 2 10],74,127,129,53,120
1,<environment.Job instance at 0x14f7b06b7460>,53,2,[2 9],75,129,131,54,120
1,<environment.Job instance at 0x14f7b06b72d0>,55,19,[ 1 10],78,131,150,53,125
1,<environment.Job instance at 0x14f7b06b7a50>,58,2,[ 1 10],81,150,152,69,125
1,<environment.Job instance at 0x14f7b0623af0>,60,1,[1 7],83,152,153,69,131
1,<environment.Job instance at 0x14f7b0623b90>,61,1,[2 9],84,153,154,69,131
1,<environment.Job instance at 0x14f7b0623460>,65,12,[7 1],90,152,164,62,152
1,<environment.Job instance at 0x14f7b05f44b0>,68,2,[2 5],93,152,154,59,152
1,<environment.Job instance at 0x14f7b05f4b40>,70,2,[10  1],95,164,166,69,153
1,<environment.Job instance at 0x14f7b05f4780>,72,18,[8 1],98,166,184,68,156
1,<environment.Job instance at 0x14f7b0971410>,78,15,[9 2],110,184,199,74,184
1,<environment.Job instance at 0x14f7b09716e0>,79,1,[9 1],111,199,200,88,184
1,<environment.Job instance at 0x14f7b0971a00>,80,12,[1 5],112,184,196,72,184
1,<environment.Job instance at 0x14f7b0971c30>,81,2,[6 2],113,196,198,83,184
1,<environment.Job instance at 0x14f7b0971f50>,82,1,[9 1],115,200,201,85,184
1,<environment.Job instance at 0x14f7b09717d0>,83,2,[8 1],116,201,203,85,184
1,<environment.Job instance at 0x14f7b0971500>,84,1,[ 1 10],117,198,199,81,184
1,<environment.Job instance at 0x14f7b0971780>,85,2,[1 5],119,184,186,65,184
1,<environment.Job instance at 0x14f7b05fbe10>,8,1,[5 1],11,224,225,213,224
1,<environment.Job instance at 0x14f7b06b76e0>,51,15,[2 7],73,347,362,274,347
1,<environment.Job instance at 0x14f7b05fb5a0>,10,12,[9 2],14,2550,2562,2536,2550
1,<environment.Job instance at 0x14f7b1b4b7d0>,2,1,[2 6],6,6,7,0,6
1,<environment.Job instance at 0x14f7b1b4b870>,3,2,[1 6],7,7,9,0,7
1,<environment.Job instance at 0x14f7b1b58e10>,13,2,[ 2 12],26,27,29,1,27
1,<environment.Job instance at 0x14f7b1b585a0>,17,13,[ 1 11],31,41,54,10,41
1,<environment.Job instance at 0x14f7b1980f00>,22,3,[ 1 13],36,54,57,18,42
1,<environment.Job instance at 0x14f7b1a09550>,24,21,[ 2 13],40,57,78,17,49
1,<environment.Job instance at 0x14f7b1a09be0>,25,1,[2 8],41,78,79,37,50
1,<environment.Job instance at 0x14f7b1a092d0>,30,18,[8 1],47,56,74,9,56
1,<environment.Job instance at 0x14f7b1b21280>,32,1,[1 8],49,79,80,30,56
1,<environment.Job instance at 0x14f7b1a57230>,41,17,[7 1],62,74,91,12,68
1,<environment.Job instance at 0x14f7b081af50>,48,2,[2 5],74,91,93,17,91
1,<environment.Job instance at 0x14f7b081aa00>,49,1,[ 2 10],75,91,92,16,91
1,<environment.Job instance at 0x14f7b08b3b90>,50,14,[8 1],76,92,106,16,91
1,<environment.Job instance at 0x14f7b08b3280>,51,2,[ 1 10],77,93,95,16,91
1,<environment.Job instance at 0x14f7b08b3a00>,53,21,[7 2],80,95,116,15,94
1,<environment.Job instance at 0x14f7b08b8cd0>,59,12,[7 1],91,114,126,23,114
1,<environment.Job instance at 0x14f7b078a8c0>,60,20,[8 2],92,116,136,24,116
1,<environment.Job instance at 0x14f7b08b06e0>,69,18,[5 2],107,135,153,28,135
1,<environment.Job instance at 0x14f7b08f4910>,76,17,[10  1],118,158,175,40,158
1,<environment.Job instance at 0x14f7ae60dc80>,0,1,[6 2],1,1,2,0,1
1,<environment.Job instance at 0x14f7b2d3c910>,4,2,[1 9],11,1331,1333,1320,1331
1,<environment.Job instance at 0x14f7c8750af0>,1,1,[1 5],2,2,3,0,2
1,<environment.Job instance at 0x14f7addcc190>,5,2,[ 1 10],6,7,9,1,7
1,<environment.Job instance at 0x14f7addccdc0>,10,2,[1 8],11,11,13,0,11
1,<environment.Job instance at 0x14f7ae521f50>,12,2,[2 8],13,13,15,0,13
1,<environment.Job instance at 0x14f7ae521280>,14,1,[6 2],18,18,19,0,18
1,<environment.Job instance at 0x14f7c89a71e0>,15,2,[2 8],19,19,21,0,19
1,<environment.Job instance at 0x14f7af09c280>,16,1,[6 2],21,21,22,0,21
1,<environment.Job instance at 0x14f7b0945820>,17,1,[2 9],22,22,23,0,22
1,<environment.Job instance at 0x14f7c89a78c0>,18,27,[ 2 10],23,23,50,0,23
1,<environment.Job instance at 0x14f7b0943b90>,34,19,[2 9],46,50,69,4,46
1,<environment.Job instance at 0x14f7b0943eb0>,35,13,[12  2],47,76,89,29,76
1,<environment.Job instance at 0x14f7b1b1adc0>,41,2,[1 5],53,76,78,23,76
1,<environment.Job instance at 0x14f7addc3f00>,51,17,[9 1],66,89,106,23,86
1,<environment.Job instance at 0x14f7b194c960>,53,1,[10  1],68,106,107,38,86
1,<environment.Job instance at 0x14f7b194cd20>,54,1,[1 8],69,86,87,17,86
1,<environment.Job instance at 0x14f7b080ccd0>,56,2,[2 6],71,88,90,17,88
1,<environment.Job instance at 0x14f7ade32910>,58,2,[10  2],73,107,109,34,91
1,<environment.Job instance at 0x14f7adafc460>,60,16,[ 2 10],75,107,123,32,107
1,<environment.Job instance at 0x14f7ad81e870>,61,2,[1 6],77,123,125,46,107
1,<environment.Job instance at 0x14f7ad81ec30>,62,15,[2 6],79,123,138,44,111
1,<environment.Job instance at 0x14f7b099c280>,64,13,[5 1],81,121,134,40,121
1,<environment.Job instance at 0x14f7b099cc30>,67,1,[2 5],84,125,126,41,123
1,<environment.Job instance at 0x14f7b09cc0a0>,69,2,[7 1],86,126,128,40,125
1,<environment.Job instance at 0x14f7addfe0f0>,6,17,[2 9],7,137,154,130,137
1,<environment.Job instance at 0x14f7b0997fa0>,78,16,[10  1],99,152,168,53,152
1,<environment.Job instance at 0x14f7b0997550>,80,23,[1 6],101,154,177,53,152
1,<environment.Job instance at 0x14f7b09b7640>,85,2,[7 1],112,168,170,56,166
1,<environment.Job instance at 0x14f7b08e10f0>,86,18,[2 6],114,166,184,52,166
1,<environment.Job instance at 0x14f7b08e10a0>,87,1,[7 1],116,170,171,54,166
1,<environment.Job instance at 0x14f7b08f8190>,72,25,[12  1],89,172,197,83,172
1,<environment.Job instance at 0x14f7b07decd0>,36,17,[9 2],48,369,386,321,369
1,<environment.Job instance at 0x14f7ad6e18c0>,6,1,[1 9],12,13,14,1,13
1,<environment.Job instance at 0x14f7ad6e1aa0>,8,1,[10  2],15,15,16,0,15
1,<environment.Job instance at 0x14f7ad6e1f00>,10,26,[2 8],18,22,48,4,22
1,<environment.Job instance at 0x14f7b4595d20>,20,1,[2 8],39,48,49,9,39
1,<environment.Job instance at 0x14f7ad6e1190>,11,2,[ 1 10],20,49,51,29,39
1,<environment.Job instance at 0x14f7ad6e1410>,12,16,[ 2 10],22,51,67,29,40
1,<environment.Job instance at 0x14f7b4595b90>,27,21,[1 8],46,67,88,21,59
1,<environment.Job instance at 0x14f7ad776e60>,35,2,[2 9],57,88,90,31,61
1,<environment.Job instance at 0x14f7ad776500>,39,2,[1 8],67,90,92,23,73
1,<environment.Job instance at 0x14f7ad776140>,40,1,[10  2],68,74,75,6,74
1,<environment.Job instance at 0x14f7ad776690>,44,1,[ 1 12],76,92,93,16,80
1,<environment.Job instance at 0x14f7ad7760f0>,46,1,[8 1],79,80,81,1,80
1,<environment.Job instance at 0x14f7b76887d0>,48,1,[2 9],84,93,94,9,84
1,<environment.Job instance at 0x14f7b7688140>,49,2,[7 2],85,85,87,0,85
1,<environment.Job instance at 0x14f7b7688870>,50,12,[7 1],86,90,102,4,90
1,<environment.Job instance at 0x14f7b7688320>,51,13,[13  2],87,104,117,17,104
1,<environment.Job instance at 0x14f7b7688e60>,52,3,[9 2],88,117,120,29,104
1,<environment.Job instance at 0x14f7b76885a0>,53,2,[7 1],91,120,122,29,104
1,<environment.Job instance at 0x14f7b7688190>,57,28,[5 1],96,117,145,21,116
1,<environment.Job instance at 0x14f7b7688fa0>,59,18,[5 1],98,122,140,24,117
1,<environment.Job instance at 0x14f7c810c8c0>,61,3,[6 2],100,140,143,40,118
1,<environment.Job instance at 0x14f7c810c730>,62,1,[6 2],101,143,144,42,118
1,<environment.Job instance at 0x14f7c810c500>,64,1,[7 1],104,144,145,40,132
1,<environment.Job instance at 0x14f7c810cf50>,66,3,[ 1 10],106,132,135,26,132
1,<environment.Job instance at 0x14f7c810cc80>,67,3,[1 5],107,135,138,28,132
1,<environment.Job instance at 0x14f7c810c280>,68,3,[2 7],108,135,138,27,132
1,<environment.Job instance at 0x14f7c810cbe0>,69,13,[2 5],109,138,151,29,132
1,<environment.Job instance at 0x14f7c810cd70>,70,2,[2 8],110,138,140,28,132
1,<environment.Job instance at 0x14f7c810c780>,71,2,[5 1],111,145,147,34,132
1,<environment.Job instance at 0x14f7c810c5f0>,72,1,[6 2],116,145,146,29,132
1,<environment.Job instance at 0x14f7c810c820>,73,1,[1 9],117,146,147,29,132
1,<environment.Job instance at 0x14f7b4595820>,28,17,[2 8],47,154,171,107,154
1,<environment.Job instance at 0x14f7b4595910>,29,2,[6 1],49,188,190,139,188
1,<environment.Job instance at 0x14f7b1b54aa0>,4,25,[8 1],9,10,35,1,10
1,<environment.Job instance at 0x14f7b06b3cd0>,17,2,[1 8],25,36,38,11,36
1,<environment.Job instance at 0x14f7b06b35f0>,19,1,[ 1 10],29,41,42,12,41
1,<environment.Job instance at 0x14f7b06b3dc0>,20,19,[2 5],30,41,60,11,41
1,<environment.Job instance at 0x14f7b45bba50>,23,2,[6 2],33,56,58,23,56
1,<environment.Job instance at 0x14f7b45bb640>,25,1,[6 1],36,56,57,20,56
1,<environment.Job instance at 0x14f7b7d695a0>,28,1,[1 6],40,68,69,28,68
1,<environment.Job instance at 0x14f7b7d69b90>,30,1,[1 7],42,71,72,29,71
1,<environment.Job instance at 0x14f7b7d690a0>,31,1,[6 2],43,71,72,28,71
1,<environment.Job instance at 0x14f7b7d69550>,32,2,[2 7],44,72,74,28,71
1,<environment.Job instance at 0x14f7c8a440f0>,36,2,[1 9],49,88,90,39,88
1,<environment.Job instance at 0x14f7c8a44f50>,37,2,[7 2],50,88,90,38,88
1,<environment.Job instance at 0x14f7c8a44be0>,38,3,[5 2],52,91,94,39,91
1,<environment.Job instance at 0x14f7c8a44460>,41,1,[1 5],56,91,92,35,91
1,<environment.Job instance at 0x14f7c8a44140>,42,1,[10  1],58,92,93,34,91
1,<environment.Job instance at 0x14f7ad649b90>,43,1,[5 2],59,91,92,32,91
1,<environment.Job instance at 0x14f7adb17550>,45,25,[9 1],61,106,131,45,106
1,<environment.Job instance at 0x14f7adb17fa0>,47,21,[ 2 10],64,107,128,43,107
1,<environment.Job instance at 0x14f7adb17190>,48,21,[2 5],65,128,149,63,120
1,<environment.Job instance at 0x14f7b1961460>,53,2,[2 9],71,137,139,66,137
1,<environment.Job instance at 0x14f7adc66960>,61,2,[5 2],81,155,157,74,155
1,<environment.Job instance at 0x14f7adbf4e60>,62,2,[5 1],82,155,157,73,155
1,<environment.Job instance at 0x14f7adc66d20>,63,1,[1 7],83,155,156,72,155
1,<environment.Job instance at 0x14f7adc66f00>,64,17,[9 1],86,157,174,71,155
1,<environment.Job instance at 0x14f7b1a000f0>,65,1,[6 2],87,157,158,70,155
1,<environment.Job instance at 0x14f7b1a00f00>,66,1,[5 1],88,156,157,68,155
1,<environment.Job instance at 0x14f7c8a89dc0>,67,1,[2 6],90,158,159,68,155
1,<environment.Job instance at 0x14f7c8a89af0>,69,2,[9 1],92,174,176,82,155
1,<environment.Job instance at 0x14f7c8a89550>,71,2,[7 2],95,176,178,81,159
1,<environment.Job instance at 0x14f7c8a89190>,74,2,[ 1 10],98,160,162,62,160
1,<environment.Job instance at 0x14f7c8a898c0>,76,17,[12  1],100,179,196,79,179
1,<environment.Job instance at 0x14f7c8a89a00>,77,1,[8 2],103,196,197,93,179
1,<environment.Job instance at 0x14f7b056d460>,81,16,[6 1],107,196,212,89,185
1,<environment.Job instance at 0x14f7b056d550>,83,1,[5 2],109,197,198,88,185
1,<environment.Job instance at 0x14f7b056d820>,85,1,[1 8],111,185,186,74,185
1,<environment.Job instance at 0x14f7b0975eb0>,90,2,[ 1 10],118,186,188,68,185
1,<environment.Job instance at 0x14f7b19bb3c0>,6,16,[1 6],11,518,534,507,518
1,<environment.Job instance at 0x14f7b19bb5f0>,5,16,[8 1],10,2802,2818,2792,2802
1,<environment.Job instance at 0x14f7b0a7ac80>,4,1,[13  1],5,7,8,2,7
1,<environment.Job instance at 0x14f7b0971dc0>,5,3,[2 7],6,9,12,3,9
1,<environment.Job instance at 0x14f804550e60>,13,22,[8 1],15,15,37,0,15
1,<environment.Job instance at 0x14f7b1e1a9b0>,24,22,[2 6],29,31,53,2,31
1,<environment.Job instance at 0x14f7b1e1a3c0>,25,1,[ 1 14],30,53,54,23,40
1,<environment.Job instance at 0x14f7b076d5f0>,33,3,[ 2 14],42,123,126,81,123
1,<environment.Job instance at 0x14f7b076d0a0>,35,1,[ 2 10],44,126,127,82,123
1,<environment.Job instance at 0x14f7b0774e60>,36,2,[7 2],46,126,128,80,123
1,<environment.Job instance at 0x14f7b0774230>,44,27,[5 1],60,125,152,65,125
1,<environment.Job instance at 0x14f7b0774af0>,45,15,[14  1],61,1179,1194,1118,1179
1,<environment.Job instance at 0x14f7b0768e60>,63,22,[2 5],89,1194,1216,1105,1192
1,<environment.Job instance at 0x14f7b0768c30>,66,26,[ 2 13],93,1216,1242,1123,1215
1,<environment.Job instance at 0x14f7cad770f0>,69,2,[12  1],97,1238,1240,1141,1238
1,<environment.Job instance at 0x14f7b0a7ab40>,6,1,[5 1],7,1241,1242,1234,1241
1,<environment.Job instance at 0x14f7b1e1a280>,22,15,[2 9],26,1470,1485,1444,1470
1,<environment.Job instance at 0x14f7b1e2b140>,3,2,[ 1 11],7,7,9,0,7
1,<environment.Job instance at 0x14f7b1e2be10>,9,28,[5 2],14,16,44,2,16
1,<environment.Job instance at 0x14f7ad7bf960>,12,3,[ 2 14],17,46,49,29,46
1,<environment.Job instance at 0x14f7b1914910>,32,26,[1 6],41,66,92,25,66
1,<environment.Job instance at 0x14f7b06a9910>,34,23,[2 6],44,86,109,42,86
1,<environment.Job instance at 0x14f7ad937b90>,45,3,[12  1],59,746,749,687,746
1,<environment.Job instance at 0x14f7ad937690>,46,20,[8 1],60,749,769,689,746
1,<environment.Job instance at 0x14f7ad7bf460>,11,2,[ 1 10],16,1010,1012,994,1010
1,<environment.Job instance at 0x14f7b0858500>,54,3,[11  1],79,1010,1013,931,1010
1,<environment.Job instance at 0x14f7b0858aa0>,57,1,[8 1],83,1013,1014,930,1010
1,<environment.Job instance at 0x14f7b08582d0>,58,16,[9 1],84,1014,1030,930,1010
1,<environment.Job instance at 0x14f7b1aacdc0>,61,2,[5 2],93,1013,1015,920,1011
1,<environment.Job instance at 0x14f7b1aaccd0>,62,2,[7 2],94,1030,1032,936,1011
1,<environment.Job instance at 0x14f7b1aaf7d0>,63,2,[5 2],96,1015,1017,919,1011
1,<environment.Job instance at 0x14f7b1a60050>,64,1,[ 2 10],97,1012,1013,915,1011
1,<environment.Job instance at 0x14f7b1a609b0>,66,2,[ 1 12],99,1013,1015,914,1011
1,<environment.Job instance at 0x14f7b1a60b90>,69,21,[5 1],102,1017,1038,915,1016
1,<environment.Job instance at 0x14f7ad672e10>,79,2,[2 7],116,1034,1036,918,1034
1,<environment.Job instance at 0x14f7ad672a50>,80,22,[ 2 10],117,1036,1058,919,1034
1,<environment.Job instance at 0x14f7b0858730>,55,13,[ 2 11],80,1111,1124,1031,1111
1,<environment.Job instance at 0x14f7b1a11550>,14,2,[2 6],19,1189,1191,1170,1189
1,<environment.Job instance at 0x14f7ad7bf0f0>,2,2,[5 2],5,5,7,0,5
1,<environment.Job instance at 0x14f7adaea870>,6,1,[7 1],9,9,10,0,9
1,<environment.Job instance at 0x14f7adaea640>,8,2,[10  2],13,13,15,0,13
1,<environment.Job instance at 0x14f7adaead70>,10,2,[8 2],15,15,17,0,15
1,<environment.Job instance at 0x14f7b2d20640>,17,2,[7 1],28,28,30,0,28
1,<environment.Job instance at 0x14f7b19ec910>,18,21,[6 1],30,30,51,0,30
1,<environment.Job instance at 0x14f7b07abaf0>,19,3,[ 2 13],32,36,39,4,36
1,<environment.Job instance at 0x14f7c8a5c9b0>,23,1,[1 7],38,39,40,1,38
1,<environment.Job instance at 0x14f7b1a16f00>,24,1,[1 7],40,40,41,0,40
1,<environment.Job instance at 0x14f7ae611e10>,26,27,[5 2],42,42,69,0,42
1,<environment.Job instance at 0x14f7ad81a5f0>,34,2,[8 1],55,63,65,8,63
1,<environment.Job instance at 0x14f7b1a32c30>,43,28,[1 6],67,67,95,0,67
1,<environment.Job instance at 0x14f7b1a320f0>,45,21,[9 1],71,71,92,0,71
1,<environment.Job instance at 0x14f7ad8354b0>,48,2,[5 1],75,98,100,23,98
1,<environment.Job instance at 0x14f7ada1b910>,49,2,[ 2 10],76,98,100,22,98
1,<environment.Job instance at 0x14f7ada1baf0>,50,3,[5 1],77,98,101,21,98
1,<environment.Job instance at 0x14f7b1dd9140>,51,1,[1 9],79,100,101,21,98
1,<environment.Job instance at 0x14f7ada1bf50>,52,1,[2 7],80,101,102,21,98
1,<environment.Job instance at 0x14f7ada1b280>,53,2,[1 8],81,101,103,20,98
1,<environment.Job instance at 0x14f7ada1b780>,54,1,[1 9],83,103,104,20,98
1,<environment.Job instance at 0x14f7b0647e10>,55,2,[ 2 10],85,104,106,19,98
1,<environment.Job instance at 0x14f7b0647460>,57,12,[9 1],87,104,116,17,104
1,<environment.Job instance at 0x14f7b0647f00>,58,20,[ 2 11],88,106,126,18,106
1,<environment.Job instance at 0x14f7ad36d730>,60,3,[ 2 10],91,126,129,35,115
1,<environment.Job instance at 0x14f7ad36dbe0>,62,1,[9 2],94,120,121,26,120
1,<environment.Job instance at 0x14f7ad36d0a0>,63,1,[2 8],95,129,130,34,120
1,<environment.Job instance at 0x14f7ad8daf00>,66,1,[1 8],100,130,131,30,120
1,<environment.Job instance at 0x14f7b0894320>,67,1,[2 9],101,131,132,30,120
1,<environment.Job instance at 0x14f7adb700a0>,76,1,[1 6],112,140,141,28,140
1,<environment.Job instance at 0x14f7ade16190>,77,1,[10  1],113,140,141,27,140
1,<environment.Job instance at 0x14f7ade16a00>,78,17,[5 1],114,141,158,27,140
1,<environment.Job instance at 0x14f7b7cf4fa0>,82,26,[8 1],118,141,167,23,140
1,<environment.Job instance at 0x14f7ad7d8320>,20,14,[2 6],33,519,533,486,519
1,<environment.Job instance at 0x14f7ad342b40>,21,1,[ 2 10],34,533,534,499,531
1,<environment.Job instance at 0x14f7ae646b90>,0,27,[6 1],1,1,28,0,1
1,<environment.Job instance at 0x14f7add72c30>,11,28,[14  1],18,28,56,10,27
1,<environment.Job instance at 0x14f7ad26ca50>,12,2,[1 7],19,27,29,8,27
1,<environment.Job instance at 0x14f7adaf4b90>,14,1,[6 1],21,27,28,6,27
1,<environment.Job instance at 0x14f7adc2ef50>,18,2,[11  2],26,56,58,30,33
1,<environment.Job instance at 0x14f7b09c4d70>,20,2,[1 8],29,34,36,5,34
1,<environment.Job instance at 0x14f7add5d640>,21,2,[1 5],30,36,38,6,34
1,<environment.Job instance at 0x14f7adc24fa0>,33,2,[12  1],45,58,60,13,58
1,<environment.Job instance at 0x14f7adc24410>,35,1,[2 8],47,58,59,11,58
1,<environment.Job instance at 0x14f7ada097d0>,38,15,[2 5],50,68,83,18,68
1,<environment.Job instance at 0x14f7adc30780>,44,1,[10  1],59,89,90,30,89
1,<environment.Job instance at 0x14f7adc30230>,45,1,[10  2],60,90,91,30,89
1,<environment.Job instance at 0x14f7adc30aa0>,46,16,[7 1],61,91,107,30,89
1,<environment.Job instance at 0x14f7adc206e0>,58,1,[ 2 13],78,104,105,26,104
1,<environment.Job instance at 0x14f7adc20460>,59,2,[2 5],79,105,107,26,104
1,<environment.Job instance at 0x14f7ada36230>,64,2,[1 7],84,113,115,29,113
1,<environment.Job instance at 0x14f7ad46d910>,65,1,[6 2],87,113,114,26,113
1,<environment.Job instance at 0x14f7addbfbe0>,69,2,[8 2],92,121,123,29,121
1,<environment.Job instance at 0x14f7ad2e8af0>,71,1,[5 2],99,126,127,27,126
1,<environment.Job instance at 0x14f7ae5ea4b0>,73,1,[7 2],102,136,137,34,136
1,<environment.Job instance at 0x14f7ae5ea230>,74,1,[2 8],103,136,137,33,136
1,<environment.Job instance at 0x14f7b08b33c0>,75,2,[2 9],104,137,139,33,136
1,<environment.Job instance at 0x14f7addc3b90>,78,1,[ 1 10],108,139,140,31,136
1,<environment.Job instance at 0x14f7addc30f0>,79,26,[2 5],109,136,162,27,136
1,<environment.Job instance at 0x14f7b05c6d70>,4,2,[2 9],5,158,160,153,158
1,<environment.Job instance at 0x14f7adaf48c0>,5,13,[2 8],7,160,173,153,159
1,<environment.Job instance at 0x14f7b76af3c0>,0,1,[1 5],1,1,2,0,1
1,<environment.Job instance at 0x14f7b45915a0>,2,1,[2 8],4,4,5,0,4
1,<environment.Job instance at 0x14f7c87569b0>,5,2,[ 2 13],9,9,11,0,9
1,<environment.Job instance at 0x14f7c89a75a0>,7,28,[2 5],13,13,41,0,13
1,<environment.Job instance at 0x14f7c89a7870>,11,16,[ 1 11],17,41,57,24,38
1,<environment.Job instance at 0x14f7cad73190>,18,1,[1 6],28,38,39,10,38
1,<environment.Job instance at 0x14f7ae611d70>,22,1,[10  1],36,38,39,2,38
1,<environment.Job instance at 0x14f7af0654b0>,24,2,[6 1],38,39,41,1,38
1,<environment.Job instance at 0x14f7c80af6e0>,26,2,[10  2],40,41,43,1,40
1,<environment.Job instance at 0x14f7c80afa50>,27,1,[9 1],41,43,44,2,41
1,<environment.Job instance at 0x14f7c80af190>,28,1,[1 8],42,57,58,15,42
1,<environment.Job instance at 0x14f7c80afa00>,29,25,[9 1],43,44,69,1,43
1,<environment.Job instance at 0x14f7afaed280>,41,2,[ 1 14],60,61,63,1,61
1,<environment.Job instance at 0x14f7ae5df0a0>,45,1,[2 5],64,64,65,0,64
1,<environment.Job instance at 0x14f7ae5dfe10>,46,2,[1 5],66,66,68,0,66
1,<environment.Job instance at 0x14f7ae5df820>,49,26,[5 2],69,71,97,2,71
1,<environment.Job instance at 0x14f7ad445910>,56,1,[5 1],77,78,79,1,78
1,<environment.Job instance at 0x14f7ad7255a0>,62,2,[9 2],88,88,90,0,88
1,<environment.Job instance at 0x14f7ad725aa0>,64,21,[10  2],92,93,114,1,93
1,<environment.Job instance at 0x14f7ad9ba3c0>,70,1,[ 1 12],104,106,107,2,106
1,<environment.Job instance at 0x14f7c8ae7780>,75,1,[9 1],110,116,117,6,116
1,<environment.Job instance at 0x14f7cb166f50>,76,20,[9 1],111,117,137,6,116
1,<environment.Job instance at 0x14f7b0a11820>,78,2,[13  1],114,137,139,23,135
1,<environment.Job instance at 0x14f7b0a119b0>,79,1,[12  2],115,139,140,24,135
1,<environment.Job instance at 0x14f7b0a11d70>,80,1,[5 1],116,135,136,19,135
1,<environment.Job instance at 0x14f7b0a11230>,82,2,[6 2],118,140,142,22,135
1,<environment.Job instance at 0x14f7cad73b90>,13,1,[1 5],20,139,140,119,139
1,<environment.Job instance at 0x14f7c89a7cd0>,12,1,[2 6],18,144,145,126,144
1,<environment.Job instance at 0x14f7cad734b0>,14,2,[2 8],21,690,692,669,690
1,<environment.Job instance at 0x14f7ad81d2d0>,0,2,[1 6],6,6,8,0,6
1,<environment.Job instance at 0x14f7ad6cd500>,2,2,[2 8],10,10,12,0,10
1,<environment.Job instance at 0x14f7ad6cd5a0>,3,1,[7 1],13,13,14,0,13
1,<environment.Job instance at 0x14f7cad9de60>,4,2,[2 6],14,14,16,0,14
1,<environment.Job instance at 0x14f7b06e2fa0>,23,2,[1 6],38,38,40,0,38
1,<environment.Job instance at 0x14f7b06e2190>,24,1,[2 5],39,39,40,0,39
1,<environment.Job instance at 0x14f7b06e2960>,26,1,[ 1 13],41,41,42,0,41
1,<environment.Job instance at 0x14f7b1b67960>,27,12,[ 1 14],42,53,65,11,53
1,<environment.Job instance at 0x14f7b1b67f50>,30,1,[11  1],53,55,56,2,55
1,<environment.Job instance at 0x14f7b1b679b0>,33,2,[1 8],56,65,67,9,56
1,<environment.Job instance at 0x14f7b1b67cd0>,36,1,[6 1],60,60,61,0,60
1,<environment.Job instance at 0x14f7b1b67410>,37,1,[2 9],61,67,68,6,61
1,<environment.Job instance at 0x14f7b1b677d0>,38,1,[1 5],62,65,66,3,62
1,<environment.Job instance at 0x14f7b06e2820>,18,2,[2 6],31,67,69,36,67
1,<environment.Job instance at 0x14f7ad914730>,44,2,[9 2],71,71,73,0,71
1,<environment.Job instance at 0x14f7b06e24b0>,17,1,[1 9],30,73,74,43,73
1,<environment.Job instance at 0x14f7ad914a00>,45,2,[2 7],75,75,77,0,75
1,<environment.Job instance at 0x14f7b1b67e60>,29,12,[2 9],44,77,89,33,76
1,<environment.Job instance at 0x14f7b0958c80>,49,12,[7 2],79,87,99,8,87
1,<environment.Job instance at 0x14f7ada306e0>,56,1,[9 2],88,99,100,11,88
1,<environment.Job instance at 0x14f7ada30500>,57,17,[8 1],89,100,117,11,94
1,<environment.Job instance at 0x14f7ada30d70>,60,2,[10  2],92,117,119,25,97
1,<environment.Job instance at 0x14f7ada30eb0>,63,2,[1 9],96,97,99,1,97
1,<environment.Job instance at 0x14f7adc20500>,67,2,[2 8],102,114,116,12,114
1,<environment.Job instance at 0x14f7adc206e0>,69,2,[6 1],104,119,121,15,114
1,<environment.Job instance at 0x14f7adc20050>,71,2,[8 1],106,119,121,13,117
1,<environment.Job instance at 0x14f7adc20d20>,73,1,[10  1],108,129,130,21,129
1,<environment.Job instance at 0x14f7adc208c0>,74,2,[8 2],110,130,132,20,129
1,<environment.Job instance at 0x14f7adc20780>,75,1,[1 6],111,129,130,18,129
1,<environment.Job instance at 0x14f7b7694af0>,77,16,[1 5],113,129,145,16,129
1,<environment.Job instance at 0x14f7b0572410>,80,17,[12  1],117,153,170,36,153
1,<environment.Job instance at 0x14f7b09584b0>,50,13,[1 9],80,229,242,149,229
1,<environment.Job instance at 0x14f7b0958230>,51,2,[7 2],81,255,257,174,255
1,<environment.Job instance at 0x14f7ad75c2d0>,3,13,[8 1],4,10,23,6,10
1,<environment.Job instance at 0x14f7b1b1be10>,14,2,[2 8],20,20,22,0,20
1,<environment.Job instance at 0x14f7addbb460>,5,2,[1 7],6,24,26,18,24
1,<environment.Job instance at 0x14f7b1b141e0>,17,3,[1 8],25,25,28,0,25
1,<environment.Job instance at 0x14f7b1b146e0>,22,2,[2 9],30,31,33,1,31
1,<environment.Job instance at 0x14f7add1ec30>,26,1,[ 2 10],35,35,36,0,35
1,<environment.Job instance at 0x14f7adbdf050>,28,12,[ 2 11],38,84,96,46,84
1,<environment.Job instance at 0x14f7b1b13cd0>,34,23,[2 5],47,96,119,49,90
1,<environment.Job instance at 0x14f7adbeea50>,46,2,[2 8],61,116,118,55,116
1,<environment.Job instance at 0x14f7adbee960>,1,1,[8 2],4,4,5,0,4
1,<environment.Job instance at 0x14f7b0693fa0>,3,2,[10  1],6,7,9,1,7
1,<environment.Job instance at 0x14f7b06932d0>,5,2,[2 5],8,8,10,0,8
1,<environment.Job instance at 0x14f7adbf46e0>,6,1,[1 7],9,9,10,0,9
1,<environment.Job instance at 0x14f7adbf4eb0>,7,1,[2 9],10,10,11,0,10
1,<environment.Job instance at 0x14f7adbf41e0>,9,1,[9 2],13,13,14,0,13
1,<environment.Job instance at 0x14f7adbf4dc0>,10,1,[7 2],15,15,16,0,15
1,<environment.Job instance at 0x14f7adbf4410>,13,1,[10  2],19,19,20,0,19
1,<environment.Job instance at 0x14f7adbf42d0>,14,2,[7 1],20,20,22,0,20
1,<environment.Job instance at 0x14f7adbf4230>,15,2,[10  1],21,22,24,1,21
1,<environment.Job instance at 0x14f7adbf4460>,16,1,[1 7],22,22,23,0,22
1,<environment.Job instance at 0x14f7adbf4140>,17,1,[9 1],24,24,25,0,24
1,<environment.Job instance at 0x14f7c8b66140>,0,1,[14  1],1,1,2,0,1
1,<environment.Job instance at 0x14f7b069dcd0>,3,1,[8 1],4,6,7,2,6
1,<environment.Job instance at 0x14f7ad9e9190>,6,2,[6 1],9,9,11,0,9
1,<environment.Job instance at 0x14f7ad9e9eb0>,7,16,[6 1],10,10,26,0,10
1,<environment.Job instance at 0x14f7b1e1e460>,15,1,[5 2],22,22,23,0,22
1,<environment.Job instance at 0x14f7b7d69c30>,17,2,[5 1],24,24,26,0,24
1,<environment.Job instance at 0x14f7ae5f93c0>,18,17,[1 5],26,26,43,0,26
1,<environment.Job instance at 0x14f7b1a40050>,32,2,[1 9],42,45,47,3,45
1,<environment.Job instance at 0x14f7b1a400f0>,33,2,[2 5],43,45,47,2,45
1,<environment.Job instance at 0x14f7b1a40a00>,34,3,[1 5],46,47,50,1,46
1,<environment.Job instance at 0x14f7b1a40320>,35,1,[8 1],47,47,48,0,47
1,<environment.Job instance at 0x14f7b1a40410>,36,2,[8 2],48,48,50,0,48
1,<environment.Job instance at 0x14f7c804cc30>,38,2,[5 2],50,50,52,0,50
1,<environment.Job instance at 0x14f7c804ceb0>,39,3,[1 5],51,51,54,0,51
1,<environment.Job instance at 0x14f7b05b9fa0>,40,1,[1 5],53,53,54,0,53
1,<environment.Job instance at 0x14f7b05b9550>,41,16,[8 1],54,54,70,0,54
1,<environment.Job instance at 0x14f7c89c0be0>,29,15,[2 7],37,54,69,17,54
1,<environment.Job instance at 0x14f7b0882960>,50,2,[1 8],65,82,84,17,82
1,<environment.Job instance at 0x14f7c875dc80>,54,3,[ 1 14],70,90,93,20,90
1,<environment.Job instance at 0x14f7adbbd4b0>,56,2,[8 1],73,90,92,17,90
1,<environment.Job instance at 0x14f7c897cb40>,60,2,[2 7],79,94,96,15,94
1,<environment.Job instance at 0x14f7c802ff00>,63,2,[1 9],83,124,126,41,124
1,<environment.Job instance at 0x14f7c802f690>,65,1,[8 1],85,124,125,39,124
1,<environment.Job instance at 0x14f7c802f640>,68,2,[7 1],88,136,138,48,136
1,<environment.Job instance at 0x14f7c802f910>,70,2,[2 8],90,136,138,46,136
1,<environment.Job instance at 0x14f7c80ae460>,74,22,[5 1],96,138,160,42,138
1,<environment.Job instance at 0x14f7c80aef00>,80,1,[7 2],106,168,169,62,168
1,<environment.Job instance at 0x14f7c80ae2d0>,81,2,[2 8],107,168,170,61,168
1,<environment.Job instance at 0x14f7c80ae8c0>,84,1,[ 2 10],111,171,172,60,171
1,<environment.Job instance at 0x14f7b19daf00>,48,1,[1 9],62,172,173,110,172
1,<environment.Job instance at 0x14f7c80aef50>,85,2,[6 2],112,173,175,61,173
1,<environment.Job instance at 0x14f7c80aed70>,89,2,[8 1],117,173,175,56,173
1,<environment.Job instance at 0x14f7c80ae640>,86,1,[1 5],114,182,183,68,182
1,<environment.Job instance at 0x14f7c80aeaf0>,88,2,[8 1],116,226,228,110,226
1,<environment.Job instance at 0x14f7c89c05a0>,31,3,[ 1 11],41,542,545,501,542
1,<environment.Job instance at 0x14f7c89c05a0>,2,2,[1 6],3,7,9,4,7
1,<environment.Job instance at 0x14f7b1a402d0>,1,18,[ 2 11],2,10,28,8,10
1,<environment.Job instance at 0x14f7b4591190>,13,2,[8 2],17,22,24,5,22
1,<environment.Job instance at 0x14f7c8b27320>,14,2,[11  1],18,24,26,6,22
1,<environment.Job instance at 0x14f7b7678780>,15,1,[8 2],19,26,27,7,22
1,<environment.Job instance at 0x14f7c8b12820>,17,28,[ 2 10],21,28,56,7,27
1,<environment.Job instance at 0x14f7c8b12f00>,19,14,[2 5],26,30,44,4,30
1,<environment.Job instance at 0x14f7c8b122d0>,20,2,[1 8],27,56,58,29,30
1,<environment.Job instance at 0x14f7c8b128c0>,21,1,[5 1],28,44,45,16,30
1,<environment.Job instance at 0x14f7ade16190>,23,2,[8 1],31,44,46,13,31
1,<environment.Job instance at 0x14f7c8b37fa0>,24,2,[6 2],33,46,48,13,33
1,<environment.Job instance at 0x14f7c8b37d70>,25,2,[1 5],34,48,50,14,34
1,<environment.Job instance at 0x14f7c8b37cd0>,26,2,[9 2],35,50,52,15,35
1,<environment.Job instance at 0x14f7c8075fa0>,27,1,[9 1],38,52,53,14,38
1,<environment.Job instance at 0x14f7ad7d5190>,28,2,[9 1],39,53,55,14,39
1,<environment.Job instance at 0x14f7ad7d5960>,30,2,[2 9],42,58,60,16,42
1,<environment.Job instance at 0x14f7ad7d5f00>,33,2,[ 1 10],45,60,62,15,45
1,<environment.Job instance at 0x14f7ad7d5eb0>,34,2,[ 1 11],47,62,64,15,47
1,<environment.Job instance at 0x14f7ad7d5d20>,35,2,[1 8],48,64,66,16,48
1,<environment.Job instance at 0x14f7ad98e410>,3,16,[1 9],4,66,82,62,63
1,<environment.Job instance at 0x14f7ad8bbc80>,36,16,[ 1 12],49,106,122,57,106
1,<environment.Job instance at 0x14f7ad7d59b0>,37,1,[1 5],50,122,123,72,119
1,<environment.Job instance at 0x14f7c8089730>,49,2,[1 6],69,122,124,53,120
1,<environment.Job instance at 0x14f7ad7e5e60>,50,2,[8 1],73,120,122,47,120
1,<environment.Job instance at 0x14f7c80899b0>,48,3,[1 6],67,123,126,56,122
1,<environment.Job instance at 0x14f7ad7e5320>,52,1,[2 8],76,124,125,48,124
1,<environment.Job instance at 0x14f7ad7e5780>,53,2,[10  1],77,124,126,47,124
1,<environment.Job instance at 0x14f7ad7e53c0>,55,3,[5 1],80,126,129,46,124
1,<environment.Job instance at 0x14f7cacc23c0>,56,26,[5 2],82,126,152,44,124
1,<environment.Job instance at 0x14f7b1b53870>,67,23,[9 1],100,148,171,48,148
1,<environment.Job instance at 0x14f7b1b53500>,71,2,[1 5],104,173,175,69,173
1,<environment.Job instance at 0x14f7c874c8c0>,72,1,[2 5],105,173,174,68,173
1,<environment.Job instance at 0x14f7c8088640>,73,12,[5 1],108,173,185,65,173
1,<environment.Job instance at 0x14f7c80887d0>,74,1,[10  1],110,175,176,65,173
1,<environment.Job instance at 0x14f7c8088410>,75,1,[7 1],111,173,174,62,173
1,<environment.Job instance at 0x14f7c80883c0>,76,2,[10  1],112,176,178,64,173
1,<environment.Job instance at 0x14f7c8088140>,77,1,[6 2],113,174,175,61,173
1,<environment.Job instance at 0x14f7ad7e5410>,54,13,[1 8],78,178,191,100,174
1,<environment.Job instance at 0x14f7c8088870>,80,2,[5 1],119,178,180,59,176
1,<environment.Job instance at 0x14f7c80885f0>,79,3,[2 5],118,183,186,65,183
1,<environment.Job instance at 0x14f7c8b0d230>,6,1,[6 1],7,207,208,200,207
1,<environment.Job instance at 0x14f7ad5bd870>,4,2,[ 1 13],5,1041,1043,1036,1041
1,<environment.Job instance at 0x14f7ad73d3c0>,11,1,[14  2],16,26,27,10,26
1,<environment.Job instance at 0x14f7ad73d410>,14,2,[1 9],19,26,28,7,26
1,<environment.Job instance at 0x14f7ad7047d0>,19,2,[2 8],27,28,30,1,27
1,<environment.Job instance at 0x14f7c802c320>,21,1,[10  2],29,29,30,0,29
1,<environment.Job instance at 0x14f7b7cf6820>,24,2,[10  1],35,36,38,1,36
1,<environment.Job instance at 0x14f7ad71a0f0>,9,2,[14  2],14,38,40,24,36
1,<environment.Job instance at 0x14f7c897c230>,25,18,[8 1],37,42,60,5,42
1,<environment.Job instance at 0x14f7b7cf6aa0>,26,1,[6 2],38,58,59,20,58
1,<environment.Job instance at 0x14f7ae4e0dc0>,41,1,[1 8],63,64,65,1,64
1,<environment.Job instance at 0x14f7b09b5af0>,40,1,[1 6],62,65,66,3,65
1,<environment.Job instance at 0x14f7ad7cc050>,42,1,[8 2],65,65,66,0,65
1,<environment.Job instance at 0x14f7b0999410>,44,2,[14  1],67,67,69,0,67
1,<environment.Job instance at 0x14f7b1b11780>,53,1,[10  2],79,92,93,13,92
1,<environment.Job instance at 0x14f7ad8cc370>,56,17,[7 1],85,94,111,9,94
1,<environment.Job instance at 0x14f7b1e2b550>,58,15,[7 1],87,103,118,16,103
1,<environment.Job instance at 0x14f7b1d8a410>,65,2,[8 1],106,111,113,5,110
1,<environment.Job instance at 0x14f7b1d8a5a0>,68,2,[2 6],110,124,126,14,124
1,<environment.Job instance at 0x14f7b1d8a550>,69,17,[1 9],111,128,145,17,128
1,<environment.Job instance at 0x14f7b1b11f00>,48,3,[1 5],73,148,151,75,148
1,<environment.Job instance at 0x14f7b1b11f50>,49,14,[1 7],74,191,205,117,191
1,<environment.Job instance at 0x14f7ad73daf0>,12,2,[6 2],17,670,672,653,670
1,<environment.Job instance at 0x14f7ae5ad410>,11,2,[1 7],23,622,624,599,622
1,<environment.Job instance at 0x14f7b2d3f320>,14,13,[ 1 13],26,638,651,612,638
1,<environment.Job instance at 0x14f7adc62b40>,35,1,[2 8],56,651,652,595,640
1,<environment.Job instance at 0x14f7ad6e17d0>,39,1,[9 2],60,643,644,583,643
1,<environment.Job instance at 0x14f7cad73f50>,43,3,[2 9],66,663,666,597,663
1,<environment.Job instance at 0x14f7cad73be0>,44,2,[1 9],68,666,668,598,663
1,<environment.Job instance at 0x14f7cad73190>,45,3,[ 2 12],70,668,671,598,666
1,<environment.Job instance at 0x14f7cad73550>,48,2,[5 1],77,666,668,589,666
1,<environment.Job instance at 0x14f7cad738c0>,49,1,[2 5],78,666,667,588,666
1,<environment.Job instance at 0x14f7cad73910>,50,2,[1 8],79,671,673,592,666
1,<environment.Job instance at 0x14f7b06a6320>,54,2,[11  1],84,694,696,610,694
1,<environment.Job instance at 0x14f7b06a6550>,56,27,[9 2],88,696,723,608,694
1,<environment.Job instance at 0x14f7adb09a50>,57,2,[7 1],89,723,725,634,696
1,<environment.Job instance at 0x14f7adb09fa0>,59,1,[6 1],91,697,698,606,697
1,<environment.Job instance at 0x14f7b19dfaa0>,60,1,[1 5],92,698,699,606,697
1,<environment.Job instance at 0x14f7b19df640>,61,2,[1 7],93,698,700,605,698
1,<environment.Job instance at 0x14f7adc642d0>,63,1,[1 8],95,700,701,605,700
1,<environment.Job instance at 0x14f7adc649b0>,64,2,[2 5],96,700,702,604,700
1,<environment.Job instance at 0x14f7b07aa320>,67,1,[2 9],99,703,704,604,703
1,<environment.Job instance at 0x14f7adc59320>,69,1,[9 1],103,725,726,622,706
1,<environment.Job instance at 0x14f7adc593c0>,71,2,[1 8],105,709,711,604,709
1,<environment.Job instance at 0x14f7adc59f50>,73,3,[5 1],108,725,728,617,725
1,<environment.Job instance at 0x14f7adc59690>,75,14,[ 1 12],110,747,761,637,747
1,<environment.Job instance at 0x14f7adc59d70>,76,2,[ 1 10],111,761,763,650,747
1,<environment.Job instance at 0x14f7adc01230>,82,19,[5 1],118,749,768,631,749
1,<environment.Job instance at 0x14f7ad99aa00>,19,18,[8 2],32,948,966,916,948
1,<environment.Job instance at 0x14f7b09637d0>,16,2,[8 1],28,1012,1014,984,1012
1,<environment.Job instance at 0x14f7b06bdbe0>,15,2,[10  1],27,1048,1050,1021,1048
1,<environment.Job instance at 0x14f7c89c0230>,4,1,[1 5],7,7,8,0,7
1,<environment.Job instance at 0x14f7adb70e60>,14,16,[6 1],24,24,40,0,24
1,<environment.Job instance at 0x14f7b1dd7320>,17,1,[1 6],27,27,28,0,27
1,<environment.Job instance at 0x14f7ad34b280>,18,1,[ 1 10],32,32,33,0,32
1,<environment.Job instance at 0x14f7ad653050>,21,1,[ 1 10],35,35,36,0,35
1,<environment.Job instance at 0x14f7c803e370>,25,18,[2 8],39,42,60,3,42
1,<environment.Job instance at 0x14f7adab9e60>,31,2,[9 1],48,50,52,2,50
1,<environment.Job instance at 0x14f7ada63460>,33,1,[ 1 10],53,60,61,7,53
1,<environment.Job instance at 0x14f7ada63910>,34,1,[8 1],54,54,55,0,54
1,<environment.Job instance at 0x14f7ada63c80>,35,1,[8 1],55,55,56,0,55
1,<environment.Job instance at 0x14f7adc04640>,38,3,[1 6],62,62,65,0,62
1,<environment.Job instance at 0x14f7b1e03af0>,39,1,[2 7],63,63,64,0,63
1,<environment.Job instance at 0x14f7c8ba97d0>,41,16,[2 6],65,65,81,0,65
1,<environment.Job instance at 0x14f7b1e035f0>,42,23,[1 9],66,70,93,4,70
1,<environment.Job instance at 0x14f7c87538c0>,47,3,[ 2 10],79,93,96,14,79
1,<environment.Job instance at 0x14f7ad675640>,52,1,[2 7],88,96,97,8,88
1,<environment.Job instance at 0x14f7b1e838c0>,53,2,[2 5],89,89,91,0,89
1,<environment.Job instance at 0x14f7b7d34d20>,55,1,[10  2],91,91,92,0,91
1,<environment.Job instance at 0x14f7c89a0f00>,56,18,[1 8],93,96,114,3,93
1,<environment.Job instance at 0x14f7addef2d0>,57,17,[10  2],95,97,114,2,95
1,<environment.Job instance at 0x14f7ae057fa0>,60,2,[6 2],98,114,116,16,98
1,<environment.Job instance at 0x14f7ad9cb730>,62,13,[8 1],104,114,127,10,106
1,<environment.Job instance at 0x14f7b05bfaa0>,70,2,[2 8],116,117,119,1,117
1,<environment.Job instance at 0x14f7b05bf0f0>,71,2,[7 2],117,119,121,2,119
1,<environment.Job instance at 0x14f7ad720a00>,72,2,[13  1],118,127,129,9,119
1,<environment.Job instance at 0x14f7b0723c80>,73,2,[1 7],119,121,123,2,119
1,<environment.Job instance at 0x14f7b08a1eb0>,13,21,[6 2],22,140,161,118,140
1,<environment.Job instance at 0x14f7c803efa0>,26,27,[7 1],41,198,225,157,198
1,<environment.Job instance at 0x14f7c803eb40>,27,18,[8 1],42,768,786,726,768
1,<environment.Job instance at 0x1525a738bfa0>,2,1,[2 5],3,3,4,0,3
1,<environment.Job instance at 0x1525512671e0>,13,2,[8 1],17,17,19,0,17
1,<environment.Job instance at 0x1525512b7820>,14,2,[ 1 10],18,18,20,0,18
1,<environment.Job instance at 0x152551234c30>,15,1,[ 1 10],20,20,21,0,20
1,<environment.Job instance at 0x152551291500>,20,2,[ 1 13],27,27,29,0,27
1,<environment.Job instance at 0x152551398eb0>,22,1,[2 7],30,30,31,0,30
1,<environment.Job instance at 0x1525513983c0>,23,2,[8 1],31,31,33,0,31
1,<environment.Job instance at 0x152551278aa0>,26,1,[2 7],35,35,36,0,35
1,<environment.Job instance at 0x152551278eb0>,28,2,[2 7],37,37,39,0,37
1,<environment.Job instance at 0x1525512d1a00>,33,1,[2 7],43,43,44,0,43
1,<environment.Job instance at 0x1525512debe0>,34,15,[11  1],44,534,549,490,534
1,<environment.Job instance at 0x152551268b40>,41,25,[12  2],54,549,574,495,547
1,<environment.Job instance at 0x152551283320>,57,22,[1 5],80,568,590,488,568
1,<environment.Job instance at 0x152551280fa0>,67,1,[13  1],94,599,600,505,599
1,<environment.Job instance at 0x152551280d70>,69,1,[2 5],96,599,600,503,599
1,<environment.Job instance at 0x1525512809b0>,70,2,[ 2 10],97,600,602,503,599
1,<environment.Job instance at 0x15255128c7d0>,73,2,[6 2],103,601,603,498,601
1,<environment.Job instance at 0x15255128eb40>,75,1,[1 6],107,604,605,497,604
1,<environment.Job instance at 0x152551294280>,76,2,[2 5],108,604,606,496,604
1,<environment.Job instance at 0x152550db7d70>,77,2,[ 1 10],109,605,607,496,604
1,<environment.Job instance at 0x152550dd0fa0>,89,2,[1 9],126,617,619,491,617
1,<environment.Job instance at 0x1525512deeb0>,36,3,[10  2],48,622,625,574,622
1,<environment.Job instance at 0x152550b7e4b0>,0,1,[5 1],1,1,2,0,1
1,<environment.Job instance at 0x15255340bb40>,9,1,[ 2 10],12,12,13,0,12
1,<environment.Job instance at 0x15255340bdc0>,10,1,[ 2 14],13,13,14,0,13
1,<environment.Job instance at 0x15255340b410>,11,1,[8 2],14,14,15,0,14
1,<environment.Job instance at 0x15255340b050>,12,15,[5 1],15,16,31,1,16
1,<environment.Job instance at 0x1525534105a0>,14,2,[ 1 10],20,20,22,0,20
1,<environment.Job instance at 0x152553410960>,15,3,[11  2],21,31,34,10,29
1,<environment.Job instance at 0x152553410370>,17,3,[2 5],23,29,32,6,29
1,<environment.Job instance at 0x152553410050>,18,1,[8 1],24,29,30,5,29
1,<environment.Job instance at 0x152553410410>,19,3,[5 2],26,34,37,8,29
1,<environment.Job instance at 0x1525534100a0>,21,18,[2 6],28,30,48,2,29
1,<environment.Job instance at 0x152553414d70>,25,3,[12  1],34,47,50,13,47
1,<environment.Job instance at 0x1525534147d0>,26,1,[1 8],36,47,48,11,47
1,<environment.Job instance at 0x152553414960>,27,15,[1 6],37,48,63,11,47
1,<environment.Job instance at 0x152553351a50>,31,13,[ 1 14],42,63,76,21,61
1,<environment.Job instance at 0x152553351af0>,32,27,[1 8],43,76,103,33,74
1,<environment.Job instance at 0x15255353e870>,36,28,[2 8],49,103,131,54,102
1,<environment.Job instance at 0x15255353eaf0>,40,2,[1 9],58,131,133,73,104
1,<environment.Job instance at 0x15255369da00>,41,2,[ 2 10],61,133,135,72,106
1,<environment.Job instance at 0x15255353a0a0>,42,3,[5 2],62,106,109,44,106
1,<environment.Job instance at 0x15255353ecd0>,44,2,[ 2 10],64,135,137,71,108
1,<environment.Job instance at 0x1525535a0aa0>,45,2,[2 9],65,137,139,72,110
1,<environment.Job instance at 0x152553337c80>,48,2,[9 1],69,110,112,41,110
1,<environment.Job instance at 0x1525533378c0>,50,2,[ 1 10],71,139,141,68,112
1,<environment.Job instance at 0x152553346a50>,57,12,[7 1],80,142,154,62,142
1,<environment.Job instance at 0x152553346d20>,58,2,[8 2],81,142,144,61,142
1,<environment.Job instance at 0x1525533461e0>,59,3,[8 1],82,144,147,62,143
1,<environment.Job instance at 0x152553346550>,60,2,[2 5],83,147,149,64,143
1,<environment.Job instance at 0x152553346870>,62,2,[10  1],85,154,156,69,145
1,<environment.Job instance at 0x15255343ff00>,63,3,[ 2 10],87,149,152,62,147
1,<environment.Job instance at 0x15255343f2d0>,64,18,[8 1],88,156,174,68,150
1,<environment.Job instance at 0x15255343fa00>,66,17,[1 6],91,152,169,61,150
1,<environment.Job instance at 0x15255343f0f0>,68,1,[2 6],93,162,163,69,162
1,<environment.Job instance at 0x15255343fe10>,69,16,[9 1],96,174,190,78,173
1,<environment.Job instance at 0x152553538230>,73,2,[6 2],103,176,178,73,176
1,<environment.Job instance at 0x152553538aa0>,74,1,[9 1],105,190,191,85,176
1,<environment.Job instance at 0x152553538f50>,75,2,[8 1],106,191,193,85,176
1,<environment.Job instance at 0x152553538140>,76,1,[ 1 10],107,178,179,71,176
1,<environment.Job instance at 0x152553347780>,84,1,[2 8],122,182,183,60,182
1,<environment.Job instance at 0x152553347e60>,86,2,[7 2],127,191,193,64,190
1,<environment.Job instance at 0x152553347eb0>,87,2,[2 5],128,193,195,65,190
1,<environment.Job instance at 0x15255340be10>,7,13,[2 9],10,1174,1187,1164,1174
1,<environment.Job instance at 0x15255340b910>,8,1,[2 8],11,1211,1212,1200,1211
1,<environment.Job instance at 0x15255340bf00>,13,18,[1 8],16,1392,1410,1376,1392
1,<environment.Job instance at 0x1525534107d0>,16,3,[ 2 10],22,1550,1553,1528,1550
1,<environment.Job instance at 0x1525534100f0>,1,1,[7 2],3,3,4,0,3
1,<environment.Job instance at 0x15255328f230>,2,2,[5 2],4,4,6,0,4
1,<environment.Job instance at 0x15255328fd70>,3,2,[ 2 12],6,6,8,0,6
1,<environment.Job instance at 0x152553273910>,9,1,[1 5],13,1250,1251,1237,1250
1,<environment.Job instance at 0x1525534107d0>,8,2,[6 2],12,1756,1758,1744,1756
1,<environment.Job instance at 0x15257da561e0>,6,2,[5 1],13,14,16,1,14
1,<environment.Job instance at 0x15257da564b0>,9,2,[6 1],16,16,18,0,16
1,<environment.Job instance at 0x15257da562d0>,7,1,[2 7],14,21,22,7,21
1,<environment.Job instance at 0x15257da563c0>,12,2,[5 2],22,22,24,0,22
1,<environment.Job instance at 0x15255b764820>,14,2,[9 2],25,25,27,0,25
1,<environment.Job instance at 0x15255b764a00>,15,1,[7 2],26,27,28,1,26
1,<environment.Job instance at 0x15255b764550>,20,26,[9 1],34,34,60,0,34
1,<environment.Job instance at 0x152553323af0>,28,27,[1 7],45,49,76,4,49
1,<environment.Job instance at 0x15255b6b9c80>,36,1,[5 1],59,59,60,0,59
1,<environment.Job instance at 0x15255b6b9f50>,38,2,[1 9],61,76,78,15,61
1,<environment.Job instance at 0x15255b6b9280>,40,1,[1 8],65,65,66,0,65
1,<environment.Job instance at 0x15255122ba50>,43,2,[8 2],68,68,70,0,68
1,<environment.Job instance at 0x15255353c1e0>,46,2,[1 7],72,72,74,0,72
1,<environment.Job instance at 0x15255353c320>,47,15,[1 5],73,74,89,1,73
1,<environment.Job instance at 0x15255353c460>,49,2,[1 8],76,78,80,2,76
1,<environment.Job instance at 0x15255353c050>,52,1,[2 8],80,84,85,4,84
1,<environment.Job instance at 0x15255353c5f0>,53,1,[8 2],81,84,85,3,84
1,<environment.Job instance at 0x15255353c910>,54,14,[14  1],82,87,101,5,87
1,<environment.Job instance at 0x15255b6d65a0>,58,3,[ 2 11],90,101,104,11,93
1,<environment.Job instance at 0x15255b6d60f0>,59,2,[1 7],91,93,95,2,93
1,<environment.Job instance at 0x152554c11dc0>,60,1,[1 5],92,95,96,3,93
1,<environment.Job instance at 0x152554c11870>,61,18,[8 2],93,102,120,9,102
1,<environment.Job instance at 0x152554c116e0>,63,16,[1 5],95,111,127,16,111
1,<environment.Job instance at 0x152554c111e0>,71,2,[2 8],103,118,120,15,118
1,<environment.Job instance at 0x152554c11050>,73,1,[6 2],108,120,121,12,118
1,<environment.Job instance at 0x1525508d1370>,74,2,[2 8],109,120,122,11,118
1,<environment.Job instance at 0x1525508274b0>,76,1,[2 9],112,122,123,10,119
1,<environment.Job instance at 0x152550827410>,77,27,[ 2 10],113,123,150,10,121
1,<environment.Job instance at 0x15255b764c30>,24,12,[5 2],38,400,412,362,400
1,<environment.Job instance at 0x152553323b90>,29,15,[2 8],48,439,454,391,439
1,<environment.Job instance at 0x152553323960>,30,16,[2 8],49,724,740,675,724
1,<environment.Job instance at 0x152557327e10>,2,19,[2 9],6,7,26,1,7
1,<environment.Job instance at 0x15255370f410>,5,1,[6 2],9,9,10,0,9
1,<environment.Job instance at 0x15255370f3c0>,6,2,[1 5],10,10,12,0,10
1,<environment.Job instance at 0x15255370f960>,7,1,[1 7],11,26,27,15,11
1,<environment.Job instance at 0x15255370ffa0>,9,2,[1 5],13,13,15,0,13
1,<environment.Job instance at 0x15255370fd70>,10,1,[1 9],15,27,28,12,15
1,<environment.Job instance at 0x15255371ba00>,11,1,[2 5],16,16,17,0,16
1,<environment.Job instance at 0x15255371b780>,13,1,[2 6],18,18,19,0,18
1,<environment.Job instance at 0x1525533fe870>,14,1,[2 8],20,26,27,6,20
1,<environment.Job instance at 0x15255371bf50>,15,1,[2 6],21,21,22,0,21
1,<environment.Job instance at 0x15255371ba50>,18,14,[1 6],25,29,43,4,29
1,<environment.Job instance at 0x1525532beb90>,22,1,[1 8],29,29,30,0,29
1,<environment.Job instance at 0x152550a66af0>,24,2,[2 6],31,31,33,0,31
1,<environment.Job instance at 0x152550b76730>,25,3,[9 2],32,32,35,0,32
1,<environment.Job instance at 0x152550b79410>,26,2,[10  2],33,35,37,2,33
1,<environment.Job instance at 0x1525537c1820>,29,2,[1 6],37,47,49,10,47
1,<environment.Job instance at 0x152550ae35a0>,30,15,[2 6],39,48,63,9,48
1,<environment.Job instance at 0x152550ae3640>,32,13,[5 1],41,59,72,18,59
1,<environment.Job instance at 0x152550ae33c0>,35,1,[2 5],44,63,64,19,63
1,<environment.Job instance at 0x152550ae3e60>,37,2,[7 1],46,65,67,19,65
1,<environment.Job instance at 0x152550ae3230>,39,13,[10  1],48,72,85,24,72
1,<environment.Job instance at 0x152550ae35f0>,40,25,[12  1],49,85,110,36,81
1,<environment.Job instance at 0x152550dd1730>,41,1,[ 2 10],50,81,82,31,81
1,<environment.Job instance at 0x152550b90410>,48,23,[1 6],61,90,113,29,90
1,<environment.Job instance at 0x1525536f6320>,53,2,[7 1],72,110,112,38,108
1,<environment.Job instance at 0x1525536f6370>,54,18,[2 6],74,109,127,35,109
1,<environment.Job instance at 0x15255372a370>,55,1,[7 1],76,112,113,36,109
1,<environment.Job instance at 0x152553719960>,56,2,[5 1],77,110,112,33,109
1,<environment.Job instance at 0x152553719550>,57,14,[2 5],78,113,127,35,111
1,<environment.Job instance at 0x152553719b40>,59,12,[1 5],81,127,139,46,111
1,<environment.Job instance at 0x152554b1b690>,64,16,[1 5],91,135,151,44,135
1,<environment.Job instance at 0x152554b1b3c0>,65,1,[1 9],92,139,140,47,135
1,<environment.Job instance at 0x15255473d780>,67,1,[10  2],95,135,136,40,135
1,<environment.Job instance at 0x15255473df00>,68,1,[5 2],96,136,137,40,135
1,<environment.Job instance at 0x15255473dcd0>,69,26,[2 8],98,140,166,42,137
1,<environment.Job instance at 0x1525536a3320>,79,1,[2 8],119,166,167,47,156
1,<environment.Job instance at 0x152550da6e10>,85,27,[1 7],125,160,187,35,160
1,<environment.Job instance at 0x1525573277d0>,3,13,[12  2],7,592,605,585,592
1,<environment.Job instance at 0x152553713230>,19,17,[9 1],26,2832,2849,2806,2832
1,<environment.Job instance at 0x152551264500>,1,2,[5 1],3,3,5,0,3
1,<environment.Job instance at 0x15255b764e10>,13,1,[ 1 12],26,26,27,0,26
1,<environment.Job instance at 0x15255080a2d0>,0,25,[9 1],1,1,26,0,1
1,<environment.Job instance at 0x15255b732230>,3,21,[2 5],5,10,31,5,10
1,<environment.Job instance at 0x1525a42522d0>,11,14,[2 6],15,26,40,11,26
1,<environment.Job instance at 0x15255aabceb0>,14,2,[10  2],18,35,37,17,35
1,<environment.Job instance at 0x15255134fc80>,15,15,[9 2],20,41,56,21,41
1,<environment.Job instance at 0x15255091ef50>,20,1,[6 2],27,50,51,23,50
1,<environment.Job instance at 0x15255134f5f0>,21,1,[5 1],28,51,52,23,50
1,<environment.Job instance at 0x15257da28050>,22,1,[2 6],30,52,53,22,50
1,<environment.Job instance at 0x15255b7d7730>,24,2,[9 1],32,56,58,24,54
1,<environment.Job instance at 0x15255074d6e0>,25,13,[6 1],34,55,68,21,55
1,<environment.Job instance at 0x15255133b050>,29,2,[ 1 10],38,58,60,20,55
1,<environment.Job instance at 0x1525512b4410>,31,17,[12  1],40,68,85,28,68
1,<environment.Job instance at 0x152554b79eb0>,38,1,[5 2],49,85,86,36,80
1,<environment.Job instance at 0x152554b790a0>,39,1,[7 1],50,85,86,35,80
1,<environment.Job instance at 0x152554b79370>,40,1,[1 8],51,80,81,29,80
1,<environment.Job instance at 0x15255064df50>,41,2,[6 2],52,86,88,34,80
1,<environment.Job instance at 0x15255064d5f0>,43,1,[6 2],55,86,87,31,81
1,<environment.Job instance at 0x15257da61dc0>,45,2,[ 1 10],58,84,86,26,84
1,<environment.Job instance at 0x15257da61690>,47,1,[5 1],60,97,98,37,97
1,<environment.Job instance at 0x15257c0345a0>,49,2,[7 2],62,99,101,37,99
1,<environment.Job instance at 0x15257c034460>,52,1,[13  1],65,101,102,36,100
1,<environment.Job instance at 0x152553738b40>,54,1,[5 1],67,100,101,33,100
1,<environment.Job instance at 0x15257c034190>,55,17,[1 8],68,101,118,33,101
1,<environment.Job instance at 0x15257c015cd0>,56,3,[5 2],69,102,105,33,101
1,<environment.Job instance at 0x15255ab5e410>,57,2,[8 2],70,102,104,32,101
1,<environment.Job instance at 0x1525506fa460>,59,2,[2 5],72,104,106,32,103
1,<environment.Job instance at 0x152553730550>,61,22,[8 1],75,108,130,33,108
1,<environment.Job instance at 0x1525533ed870>,65,17,[1 7],80,130,147,50,130
1,<environment.Job instance at 0x1525533edf50>,71,2,[10  1],87,143,145,56,143
1,<environment.Job instance at 0x1525533ede10>,72,22,[2 6],89,143,165,54,143
1,<environment.Job instance at 0x1525533edaf0>,73,1,[ 1 14],90,165,166,75,143
1,<environment.Job instance at 0x1525533ed9b0>,76,2,[9 1],94,145,147,51,145
1,<environment.Job instance at 0x1525546bee60>,77,19,[1 5],96,166,185,70,156
1,<environment.Job instance at 0x1525546be050>,81,3,[ 2 14],102,185,188,83,182
1,<environment.Job instance at 0x1525546be9b0>,83,1,[ 2 10],104,182,183,78,182
1,<environment.Job instance at 0x1525546bebe0>,85,1,[6 1],107,183,184,76,182
1,<environment.Job instance at 0x152550a09370>,86,2,[6 1],109,183,185,74,182
1,<environment.Job instance at 0x152550a099b0>,89,2,[7 2],115,188,190,73,188
1,<environment.Job instance at 0x152550a09140>,90,1,[1 5],117,188,189,71,188
1,<environment.Job instance at 0x152550a09050>,92,27,[5 1],120,188,215,68,188
1,<environment.Job instance at 0x152550a09a50>,93,15,[14  1],121,215,230,94,201
1,<environment.Job instance at 0x1525508dc460>,94,2,[1 9],122,201,203,79,201
1,<environment.Job instance at 0x1525508dcfa0>,96,1,[1 8],124,203,204,79,202
1,<environment.Job instance at 0x1525508dc640>,97,1,[2 9],126,204,205,78,202
1,<environment.Job instance at 0x1525533dd410>,0,1,[7 2],2,2,3,0,2
1,<environment.Job instance at 0x1525508dcb40>,1,2,[2 7],3,3,5,0,3
1,<environment.Job instance at 0x152554b87050>,3,25,[6 1],5,5,30,0,5
1,<environment.Job instance at 0x1525505a5230>,11,22,[2 5],19,19,41,0,19
1,<environment.Job instance at 0x1525a732a280>,14,26,[ 2 13],23,41,67,18,38
1,<environment.Job instance at 0x15255059f550>,25,1,[6 2],37,45,46,8,45
1,<environment.Job instance at 0x15257d9f7640>,26,2,[ 1 10],38,67,69,29,45
1,<environment.Job instance at 0x152552850af0>,27,2,[2 7],39,69,71,30,45
1,<environment.Job instance at 0x152554724460>,32,17,[1 6],51,69,86,18,68
1,<environment.Job instance at 0x152554724370>,35,2,[ 1 11],57,86,88,29,69
1,<environment.Job instance at 0x1525547245a0>,37,1,[1 8],60,72,73,12,72
1,<environment.Job instance at 0x1525547244b0>,38,2,[2 9],61,73,75,12,72
1,<environment.Job instance at 0x152554724fa0>,41,28,[5 2],64,87,115,23,87
1,<environment.Job instance at 0x152554724780>,44,3,[ 2 14],67,115,118,48,109
1,<environment.Job instance at 0x15255a3e5730>,46,2,[2 6],69,109,111,40,109
1,<environment.Job instance at 0x15255473cf50>,53,14,[7 1],78,112,126,34,112
1,<environment.Job instance at 0x15255473c1e0>,56,1,[1 9],81,123,124,42,123
1,<environment.Job instance at 0x15255473c410>,58,1,[6 1],83,123,124,40,123
1,<environment.Job instance at 0x1525534ebcd0>,59,3,[5 2],84,124,127,40,124
1,<environment.Job instance at 0x15255473c2d0>,60,16,[7 1],85,126,142,41,124
1,<environment.Job instance at 0x152551213fa0>,64,26,[1 6],91,131,157,40,131
1,<environment.Job instance at 0x1525a42c5dc0>,66,23,[2 6],94,142,165,48,142
1,<environment.Job instance at 0x1525546b6b90>,67,23,[9 1],96,155,178,59,155
1,<environment.Job instance at 0x15257de99550>,73,2,[10  1],104,178,180,74,162
1,<environment.Job instance at 0x1525532ea320>,77,3,[12  1],109,187,190,78,187
1,<environment.Job instance at 0x1525532eab40>,78,20,[8 1],110,190,210,80,187
1,<environment.Job instance at 0x1525532db4b0>,86,3,[11  1],129,213,216,84,213
1,<environment.Job instance at 0x1525532c6d70>,1,1,[8 1],3,3,4,0,3
1,<environment.Job instance at 0x152551de7870>,10,2,[ 1 12],19,20,22,1,20
1,<environment.Job instance at 0x152551de7b90>,12,2,[5 2],21,21,23,0,21
1,<environment.Job instance at 0x1525536388c0>,13,21,[5 1],22,22,43,0,22
1,<environment.Job instance at 0x15255b75b4b0>,16,1,[ 2 10],26,26,27,0,26
1,<environment.Job instance at 0x15255b70c690>,17,2,[1 6],27,27,29,0,27
1,<environment.Job instance at 0x152554bdbc30>,19,1,[2 7],30,30,31,0,30
1,<environment.Job instance at 0x152550244a00>,20,2,[1 8],31,31,33,0,31
1,<environment.Job instance at 0x152550244370>,21,13,[7 1],32,32,45,0,32
1,<environment.Job instance at 0x1525548c0af0>,23,2,[2 7],36,36,38,0,36
1,<environment.Job instance at 0x1525548c0140>,24,22,[ 2 10],37,38,60,1,37
1,<environment.Job instance at 0x1525548c0320>,26,2,[1 7],39,60,62,21,39
1,<environment.Job instance at 0x15257da329b0>,33,2,[ 1 10],48,62,64,14,48
1,<environment.Job instance at 0x152555a78410>,34,1,[7 1],49,49,50,0,49
1,<environment.Job instance at 0x152555a78140>,35,1,[2 6],52,60,61,8,52
1,<environment.Job instance at 0x152558d6f230>,37,1,[5 1],54,54,55,0,54
1,<environment.Job instance at 0x152558d6f320>,38,2,[8 2],55,55,57,0,55
1,<environment.Job instance at 0x152550945230>,39,1,[6 1],56,57,58,1,56
1,<environment.Job instance at 0x152554893960>,41,15,[6 1],62,62,77,0,62
1,<environment.Job instance at 0x1525501a3780>,42,2,[8 2],63,63,65,0,63
1,<environment.Job instance at 0x1525506d4550>,45,2,[7 1],68,68,70,0,68
1,<environment.Job instance at 0x1525506d47d0>,46,21,[6 1],70,70,91,0,70
1,<environment.Job instance at 0x1525506d4370>,47,3,[ 2 13],72,72,75,0,72
1,<environment.Job instance at 0x1525505c56e0>,49,1,[ 2 10],74,75,76,1,74
1,<environment.Job instance at 0x1525505c5230>,50,2,[2 8],75,76,78,1,75
1,<environment.Job instance at 0x1525505c5d70>,51,1,[1 7],78,78,79,0,78
1,<environment.Job instance at 0x1525505c5b90>,52,1,[1 7],80,80,81,0,80
1,<environment.Job instance at 0x15255073f460>,54,27,[5 2],82,82,109,0,82
1,<environment.Job instance at 0x15255073fa00>,55,27,[1 9],83,83,110,0,83
1,<environment.Job instance at 0x1525532f7c30>,68,1,[1 7],104,110,111,6,108
1,<environment.Job instance at 0x1525532f75a0>,70,2,[7 1],106,108,110,2,108
1,<environment.Job instance at 0x1525532f7550>,71,28,[1 6],107,110,138,3,109
1,<environment.Job instance at 0x1525504df6e0>,73,21,[9 1],111,111,132,0,111
1,<environment.Job instance at 0x1525504df550>,76,2,[5 1],115,126,128,11,126
1,<environment.Job instance at 0x1525504df640>,77,2,[ 2 10],116,138,140,22,126
1,<environment.Job instance at 0x1525504df370>,79,1,[1 9],119,132,133,13,127
1,<environment.Job instance at 0x1525504df0f0>,80,1,[2 7],120,128,129,8,127
1,<environment.Job instance at 0x1525504df050>,81,2,[1 8],121,129,131,8,127
1,<environment.Job instance at 0x1525504df0a0>,82,1,[1 9],123,133,134,10,127
1,<environment.Job instance at 0x1525504df9b0>,83,2,[ 2 10],125,140,142,15,127
1,<environment.Job instance at 0x15255ab55f00>,85,12,[9 1],127,141,153,14,141
1,<environment.Job instance at 0x15255ab55870>,86,20,[ 2 11],128,142,162,14,141
1,<environment.Job instance at 0x152551de7c80>,11,16,[2 9],20,303,319,283,303
1,<environment.Job instance at 0x15255aabeb90>,64,1,[7 1],97,330,331,233,330
1,<environment.Job instance at 0x15255488a550>,3,1,[2 8],5,5,6,0,5
1,<environment.Job instance at 0x15255488a2d0>,6,1,[1 8],10,10,11,0,10
1,<environment.Job instance at 0x15255488aa50>,7,1,[2 9],11,11,12,0,11
1,<environment.Job instance at 0x15255aab6870>,16,1,[1 6],22,22,23,0,22
1,<environment.Job instance at 0x1525506e25a0>,15,3,[2 9],21,25,28,4,25
1,<environment.Job instance at 0x152550755e60>,21,2,[1 8],27,28,30,1,27
1,<environment.Job instance at 0x152553432dc0>,22,26,[8 1],28,28,54,0,28
1,<environment.Job instance at 0x1525532d0960>,26,21,[9 2],32,54,75,22,47
1,<environment.Job instance at 0x15255aba8e60>,36,28,[14  1],48,75,103,27,74
1,<environment.Job instance at 0x152550735410>,43,2,[11  2],56,103,105,47,94
1,<environment.Job instance at 0x15257c098190>,45,2,[1 8],59,94,96,35,94
1,<environment.Job instance at 0x15257c098320>,47,1,[1 5],61,96,97,35,94
1,<environment.Job instance at 0x15257c098a00>,51,2,[2 6],66,103,105,37,98
1,<environment.Job instance at 0x152553273230>,54,2,[2 6],69,103,105,34,98
1,<environment.Job instance at 0x152553273190>,56,2,[5 1],72,105,107,33,99
1,<environment.Job instance at 0x1525536e9d20>,57,2,[8 2],73,105,107,32,99
1,<environment.Job instance at 0x15255aafdf00>,58,2,[12  1],75,107,109,32,101
1,<environment.Job instance at 0x15255aafda00>,60,1,[2 8],77,105,106,28,103
1,<environment.Job instance at 0x1525536d04b0>,63,15,[2 5],80,122,137,42,122
1,<environment.Job instance at 0x1525536d0690>,64,3,[1 6],81,125,128,44,125
1,<environment.Job instance at 0x1525536d01e0>,65,2,[1 8],83,128,130,45,125
1,<environment.Job instance at 0x1525536d0a50>,66,17,[7 1],84,126,143,42,126
1,<environment.Job instance at 0x1525536d0c30>,67,16,[8 2],85,137,153,52,136
1,<environment.Job instance at 0x15255b6e3820>,79,3,[6 1],99,149,152,50,149
1,<environment.Job instance at 0x15255054aeb0>,80,15,[6 1],105,152,167,47,150
1,<environment.Job instance at 0x15255054a0a0>,81,2,[7 1],106,153,155,47,150
1,<environment.Job instance at 0x15255054ab40>,82,17,[8 1],107,155,172,48,151
1,<environment.Job instance at 0x15255054afa0>,83,1,[ 2 13],108,153,154,45,151
1,<environment.Job instance at 0x152551dbff00>,84,2,[2 5],109,167,169,58,151
1,<environment.Job instance at 0x152554bbe2d0>,86,16,[2 5],111,167,183,56,154
1,<environment.Job instance at 0x152554bbeeb0>,87,1,[5 1],112,169,170,57,154
1,<environment.Job instance at 0x1525532d05a0>,27,17,[7 2],33,220,237,187,220
1,<environment.Job instance at 0x1525532d0460>,28,16,[5 2],34,1109,1125,1075,1109
1,<environment.Job instance at 0x1525532b5c30>,2,2,[2 9],4,4,6,0,4
1,<environment.Job instance at 0x1525532d0870>,4,2,[7 1],7,7,9,0,7
1,<environment.Job instance at 0x152553392c80>,5,1,[ 1 10],8,8,9,0,8
1,<environment.Job instance at 0x152553392280>,6,26,[2 5],9,9,35,0,9
1,<environment.Job instance at 0x1525512986e0>,18,2,[ 2 13],29,35,37,6,29
1,<environment.Job instance at 0x1525507744b0>,20,28,[2 5],33,37,65,4,36
1,<environment.Job instance at 0x152551342e10>,24,16,[ 1 11],37,65,81,28,63
1,<environment.Job instance at 0x152551366820>,26,1,[1 5],40,63,64,23,63
1,<environment.Job instance at 0x15255353cd20>,27,2,[2 8],41,81,83,40,63
1,<environment.Job instance at 0x15255353ceb0>,28,24,[2 9],42,83,107,41,78
1,<environment.Job instance at 0x15257c074870>,42,25,[9 1],63,93,118,30,93
1,<environment.Job instance at 0x152550a4e2d0>,48,2,[8 1],70,118,120,48,96
1,<environment.Job instance at 0x152558d7ef00>,51,1,[2 5],74,96,97,22,96
1,<environment.Job instance at 0x1525536d1730>,53,1,[2 7],78,107,108,29,99
1,<environment.Job instance at 0x15255ab719b0>,54,2,[ 1 14],80,108,110,28,100
1,<environment.Job instance at 0x152550400a50>,58,1,[2 5],84,105,106,21,105
1,<environment.Job instance at 0x152550400230>,59,2,[1 5],86,106,108,20,105
1,<environment.Job instance at 0x152550400d20>,61,17,[10  1],88,120,137,32,119
1,<environment.Job instance at 0x1525537e5460>,62,26,[5 2],89,120,146,31,120
1,<environment.Job instance at 0x152550877cd0>,71,2,[7 1],100,137,139,37,127
1,<environment.Job instance at 0x1525508779b0>,73,1,[ 1 10],105,137,138,32,128
1,<environment.Job instance at 0x1525504e8320>,77,21,[10  2],112,139,160,27,135
1,<environment.Job instance at 0x1525504e8870>,81,13,[1 5],121,152,165,31,152
1,<environment.Job instance at 0x15255475d050>,83,1,[ 1 12],124,165,166,41,152
1,<environment.Job instance at 0x15255475d910>,84,1,[10  2],125,160,161,35,152
1,<environment.Job instance at 0x15255475dd70>,85,3,[2 9],126,161,164,35,155
1,<environment.Job instance at 0x152553643370>,21,15,[ 2 10],34,350,365,316,350
1,<environment.Job instance at 0x1525547d28c0>,22,1,[1 9],35,406,407,371,406
1,<environment.Job instance at 0x1525503c1500>,2,2,[13  1],4,4,6,0,4
1,<environment.Job instance at 0x152550dd1af0>,3,1,[12  2],5,6,7,1,5
1,<environment.Job instance at 0x1525536cbcd0>,4,1,[5 1],6,7,8,1,6
1,<environment.Job instance at 0x152550dd1820>,8,2,[1 6],16,16,18,0,16
1,<environment.Job instance at 0x1525a424ad20>,26,2,[2 6],41,41,43,0,41
1,<environment.Job instance at 0x152558d659b0>,34,1,[ 1 13],51,52,53,1,52
1,<environment.Job instance at 0x152558d65dc0>,36,1,[5 2],53,53,54,0,53
1,<environment.Job instance at 0x152558d653c0>,38,1,[11  1],63,65,66,2,65
1,<environment.Job instance at 0x152558d65a00>,41,2,[1 8],66,66,68,0,66
1,<environment.Job instance at 0x1525532874b0>,42,1,[6 1],67,67,68,0,67
1,<environment.Job instance at 0x152553287050>,44,1,[6 1],70,70,71,0,70
1,<environment.Job instance at 0x152553287690>,45,1,[2 9],71,71,72,0,71
1,<environment.Job instance at 0x152553287640>,46,1,[1 5],72,72,73,0,72
1,<environment.Job instance at 0x152553287be0>,48,3,[5 1],74,74,77,0,74
1,<environment.Job instance at 0x1525532b6410>,53,2,[2 7],85,85,87,0,85
1,<environment.Job instance at 0x1525532b6640>,54,1,[8 1],86,86,87,0,86
1,<environment.Job instance at 0x1525532b6460>,55,15,[7 1],87,87,102,0,87
1,<environment.Job instance at 0x1525532b6af0>,56,1,[1 8],88,88,89,0,88
1,<environment.Job instance at 0x1525532b64b0>,59,2,[7 2],91,95,97,4,95
1,<environment.Job instance at 0x1525532b65f0>,60,1,[ 2 10],92,97,98,5,95
1,<environment.Job instance at 0x152550406f00>,65,17,[8 1],99,115,132,16,115
1,<environment.Job instance at 0x152550406d20>,66,2,[1 5],100,115,117,15,115
1,<environment.Job instance at 0x152553489a50>,69,15,[9 1],104,132,147,28,127
1,<environment.Job instance at 0x1525534897d0>,70,1,[1 5],105,127,128,22,127
1,<environment.Job instance at 0x152553489500>,71,2,[1 9],106,127,129,21,127
1,<environment.Job instance at 0x152553489dc0>,72,2,[1 7],109,129,131,20,127
1,<environment.Job instance at 0x152553489870>,83,1,[1 6],121,134,135,13,134
1,<environment.Job instance at 0x1525503ec460>,88,17,[12  1],127,147,164,20,142
1,<environment.Job instance at 0x152558d65960>,35,12,[ 1 14],52,165,177,113,165
1,<environment.Job instance at 0x152558d65d20>,39,2,[5 1],64,222,224,158,222
1,<environment.Job instance at 0x152555a99460>,5,2,[1 7],6,6,8,0,6
1,<environment.Job instance at 0x1525534a65f0>,6,2,[1 6],7,7,9,0,7
1,<environment.Job instance at 0x1525505a3f00>,12,1,[2 5],15,15,16,0,15
1,<environment.Job instance at 0x1525546cb280>,14,2,[2 8],20,20,22,0,20
1,<environment.Job instance at 0x1525500f18c0>,26,1,[ 2 10],35,35,36,0,35
1,<environment.Job instance at 0x15255aad2e60>,28,12,[ 2 11],38,79,91,41,79
1,<environment.Job instance at 0x15255092a780>,34,23,[2 5],47,91,114,44,85
1,<environment.Job instance at 0x152553539eb0>,47,17,[11  2],62,764,781,702,764
1,<environment.Job instance at 0x15255023ef50>,50,2,[6 2],66,781,783,715,764
1,<environment.Job instance at 0x152550906780>,58,18,[ 1 14],77,783,801,706,773
1,<environment.Job instance at 0x1525512eb410>,66,28,[ 2 10],86,801,829,715,800
1,<environment.Job instance at 0x15255b7e2320>,73,1,[ 1 10],97,829,830,732,801
1,<environment.Job instance at 0x15255b7e22d0>,74,1,[5 2],98,801,802,703,801
1,<environment.Job instance at 0x15257de8be10>,83,19,[ 2 14],115,830,849,715,821
1,<environment.Job instance at 0x152550031690>,93,2,[2 5],128,849,851,721,843
1,<environment.Job instance at 0x15255aad2c30>,29,13,[1 7],40,984,997,944,984
1,<environment.Job instance at 0x152555a8c3c0>,20,3,[10  1],28,1009,1012,981,1009
1,<environment.Job instance at 0x15255375f730>,1,1,[9 2],3,3,4,0,3
1,<environment.Job instance at 0x1525548944b0>,2,1,[7 2],5,6,7,1,6
1,<environment.Job instance at 0x152550400c80>,5,1,[10  2],9,9,10,0,9
1,<environment.Job instance at 0x152550400f50>,6,2,[7 1],10,10,12,0,10
1,<environment.Job instance at 0x152550400460>,7,2,[10  1],11,12,14,1,11
1,<environment.Job instance at 0x1525504000a0>,8,1,[1 7],12,12,13,0,12
1,<environment.Job instance at 0x152550400e10>,9,1,[9 1],14,14,15,0,14
1,<environment.Job instance at 0x152550400dc0>,10,13,[ 2 11],15,116,129,101,116
1,<environment.Job instance at 0x152550aaa050>,22,2,[ 1 10],32,129,131,97,116
1,<environment.Job instance at 0x152550aaa820>,27,3,[14  2],38,142,145,104,142
1,<environment.Job instance at 0x152550aaa6e0>,28,2,[1 7],41,142,144,101,142
1,<environment.Job instance at 0x152550aaa3c0>,29,2,[2 6],42,145,147,103,142
1,<environment.Job instance at 0x15255b706d70>,35,15,[7 1],50,145,160,95,145
1,<environment.Job instance at 0x15255b706b40>,45,2,[1 5],61,160,162,99,160
1,<environment.Job instance at 0x15255b7061e0>,46,12,[5 1],62,160,172,98,160
1,<environment.Job instance at 0x15255b7060a0>,47,1,[10  1],63,162,163,99,161
1,<environment.Job instance at 0x15255b7066e0>,49,1,[10  2],67,163,164,96,163
1,<environment.Job instance at 0x15255b706780>,50,1,[6 1],69,164,165,95,163
1,<environment.Job instance at 0x15255b706640>,52,2,[1 8],71,170,172,99,170
1,<environment.Job instance at 0x15255b706410>,53,17,[6 1],72,173,190,101,173
1,<environment.Job instance at 0x15255b706e60>,54,1,[8 1],73,173,174,100,173
1,<environment.Job instance at 0x1525534ac730>,63,2,[9 1],88,190,192,102,190
1,<environment.Job instance at 0x1525534ac6e0>,65,1,[1 9],90,194,195,104,194
1,<environment.Job instance at 0x1525534acaa0>,67,26,[2 7],92,195,221,103,194
1,<environment.Job instance at 0x1525534ac500>,73,25,[1 7],99,217,242,118,217
1,<environment.Job instance at 0x1525534acb90>,80,22,[ 1 10],108,242,264,134,235
1,<environment.Job instance at 0x1525534ac9b0>,82,1,[14  1],111,260,261,149,260
1,<environment.Job instance at 0x1525528404b0>,85,1,[8 1],114,261,262,147,260
1,<environment.Job instance at 0x1525528401e0>,90,1,[ 1 10],122,264,265,142,264
1,<environment.Job instance at 0x15255063b320>,92,1,[8 2],126,264,265,138,264
1,<environment.Job instance at 0x152550db7e60>,3,2,[5 1],4,4,6,0,4
1,<environment.Job instance at 0x152557309eb0>,11,2,[1 8],13,13,15,0,13
1,<environment.Job instance at 0x1525534af960>,16,1,[2 5],18,18,19,0,18
1,<environment.Job instance at 0x1525537360a0>,17,3,[ 1 11],21,112,115,91,112
1,<environment.Job instance at 0x152555a7d640>,24,2,[5 2],30,112,114,82,112
1,<environment.Job instance at 0x15255132eaf0>,36,2,[1 8],45,135,137,90,135
1,<environment.Job instance at 0x15255132eeb0>,40,3,[ 1 14],50,144,147,94,144
1,<environment.Job instance at 0x15255b480230>,46,2,[2 7],59,147,149,88,147
1,<environment.Job instance at 0x15255b4803c0>,50,23,[1 5],64,164,187,100,164
1,<environment.Job instance at 0x1525500d9f00>,56,2,[2 8],70,181,183,111,181
1,<environment.Job instance at 0x1525500ef5a0>,19,2,[2 5],23,187,189,164,187
1,<environment.Job instance at 0x15255373d8c0>,59,2,[10  1],74,187,189,113,187
1,<environment.Job instance at 0x1525547349b0>,64,2,[5 2],83,196,198,113,196
1,<environment.Job instance at 0x152551238370>,66,1,[7 2],86,200,201,114,200
1,<environment.Job instance at 0x152551df15a0>,67,2,[2 8],87,200,202,113,200
1,<environment.Job instance at 0x1525502b1960>,70,1,[ 2 10],91,215,216,124,215
1,<environment.Job instance at 0x152550320c30>,71,2,[6 2],92,215,217,123,215
1,<environment.Job instance at 0x1525533b3fa0>,72,1,[1 5],94,216,217,122,215
1,<environment.Job instance at 0x1525533b3370>,73,2,[5 2],95,215,217,120,215
1,<environment.Job instance at 0x15255328f640>,74,2,[8 1],96,217,219,121,215
1,<environment.Job instance at 0x15255328f280>,75,2,[8 1],97,219,221,122,216
1,<environment.Job instance at 0x15255041a410>,78,18,[2 5],100,223,241,123,223
1,<environment.Job instance at 0x1525534afcd0>,18,2,[1 9],22,244,246,222,244
1,<environment.Job instance at 0x15255aab65a0>,80,18,[ 2 11],102,434,452,332,434
1,<environment.Job instance at 0x15255aab6640>,83,2,[ 1 13],105,452,454,347,443
1,<environment.Job instance at 0x15255aab6870>,86,2,[ 1 10],108,454,456,346,443
1,<environment.Job instance at 0x15255356ae10>,93,2,[11  1],118,451,453,333,451
1,<environment.Job instance at 0x15255356adc0>,94,1,[8 2],119,453,454,334,451
1,<environment.Job instance at 0x15255356a500>,96,28,[ 2 10],121,456,484,335,456
1,<environment.Job instance at 0x15255aab6690>,81,2,[1 6],103,486,488,383,486
1,<environment.Job instance at 0x15255aaeca50>,60,22,[5 1],76,770,792,694,770
1,<environment.Job instance at 0x1525503f7640>,20,3,[1 5],26,1065,1068,1039,1065
1,<environment.Job instance at 0x152550214be0>,2,2,[1 5],4,4,6,0,4
1,<environment.Job instance at 0x15255abe9a50>,3,2,[9 2],5,5,7,0,5
1,<environment.Job instance at 0x152551213730>,4,1,[9 1],8,8,9,0,8
1,<environment.Job instance at 0x15257da288c0>,6,2,[6 2],10,10,12,0,10
1,<environment.Job instance at 0x15255a3e5190>,7,2,[2 9],12,12,14,0,12
1,<environment.Job instance at 0x15257da28cd0>,10,2,[ 1 10],15,15,17,0,15
1,<environment.Job instance at 0x152558d69be0>,11,2,[ 1 11],17,18,20,1,18
1,<environment.Job instance at 0x15257da0e690>,14,1,[1 5],20,160,161,140,160
1,<environment.Job instance at 0x15257da0e320>,13,16,[ 1 12],19,251,267,232,251
1,<environment.Job instance at 0x15255131fd70>,26,2,[1 6],39,267,269,228,260
1,<environment.Job instance at 0x15255474a500>,29,1,[2 8],46,267,268,221,264
1,<environment.Job instance at 0x15255a40c730>,30,2,[10  1],47,265,267,218,265
1,<environment.Job instance at 0x152550333190>,17,1,[2 5],24,268,269,244,265
1,<environment.Job instance at 0x1525532d3550>,34,2,[7 2],54,281,283,227,281
1,<environment.Job instance at 0x1525534b9f50>,39,18,[1 6],61,281,299,220,281
1,<environment.Job instance at 0x15257c0292d0>,44,23,[9 1],70,285,308,215,285
1,<environment.Job instance at 0x15257c029500>,48,2,[1 5],74,311,313,237,311
1,<environment.Job instance at 0x15257c03f9b0>,49,1,[2 5],75,311,312,236,311
1,<environment.Job instance at 0x15257c03f6e0>,51,1,[10  1],80,312,313,232,312
1,<environment.Job instance at 0x15257c03f820>,52,1,[7 1],81,313,314,232,312
1,<environment.Job instance at 0x15257c03fc30>,54,1,[6 2],83,314,315,231,314
1,<environment.Job instance at 0x15257c03fa50>,57,2,[5 1],89,317,319,228,317
1,<environment.Job instance at 0x152555a88cd0>,67,2,[14  2],104,347,349,243,347
1,<environment.Job instance at 0x152555a88640>,69,1,[14  2],106,349,350,243,348
1,<environment.Job instance at 0x152555a882d0>,72,2,[1 9],109,348,350,239,348
1,<environment.Job instance at 0x152552830d70>,75,2,[1 8],113,350,352,237,349
1,<environment.Job instance at 0x15255b767960>,77,2,[2 8],117,366,368,249,366
1,<environment.Job instance at 0x1525572f2d20>,79,1,[10  2],119,366,367,247,366
1,<environment.Job instance at 0x15257da0ebe0>,12,2,[1 8],18,406,408,388,406
1,<environment.Job instance at 0x15257da0e410>,1,2,[1 9],4,4,6,0,4
1,<environment.Job instance at 0x15255004e280>,3,2,[7 1],8,8,10,0,8
1,<environment.Job instance at 0x15257da0e500>,4,2,[ 1 10],11,11,13,0,11
1,<environment.Job instance at 0x1525509b18c0>,5,1,[ 2 10],12,13,14,1,12
1,<environment.Job instance at 0x152550493b40>,15,2,[14  1],27,33,35,6,33
1,<environment.Job instance at 0x15255376ba00>,21,2,[1 8],36,36,38,0,36
1,<environment.Job instance at 0x152550dbc2d0>,23,1,[2 9],38,38,39,0,38
1,<environment.Job instance at 0x15255120d6e0>,24,1,[10  2],39,39,40,0,39
1,<environment.Job instance at 0x1525501045a0>,25,2,[5 2],42,42,44,0,42
1,<environment.Job instance at 0x152550aba190>,26,2,[10  1],43,43,45,0,43
1,<environment.Job instance at 0x15255b7dc640>,27,17,[7 1],45,45,62,0,45
1,<environment.Job instance at 0x1525509a9780>,33,14,[7 1],59,62,76,3,62
1,<environment.Job instance at 0x152550043910>,36,2,[8 1],66,71,73,5,71
1,<environment.Job instance at 0x1525500437d0>,39,2,[2 6],70,87,89,17,87
1,<environment.Job instance at 0x152554b31a00>,42,1,[8 1],73,87,88,14,87
1,<environment.Job instance at 0x15257d3ac370>,43,1,[6 1],74,88,89,14,87
1,<environment.Job instance at 0x152550022550>,44,1,[1 9],78,89,90,11,87
1,<environment.Job instance at 0x1525532a0230>,46,17,[6 1],83,90,107,7,90
1,<environment.Job instance at 0x1525532a0a00>,47,1,[2 8],84,90,91,6,90
1,<environment.Job instance at 0x15255469b2d0>,56,2,[1 7],103,103,105,0,103
1,<environment.Job instance at 0x1525507b0500>,57,2,[2 5],104,104,106,0,104
1,<environment.Job instance at 0x1525507b0730>,59,13,[ 1 13],106,117,130,11,117
1,<environment.Job instance at 0x1525503f00a0>,68,1,[5 2],117,124,125,7,124
1,<environment.Job instance at 0x15255b497c80>,17,1,[5 2],31,125,126,94,124
1,<environment.Job instance at 0x1525503f0140>,69,1,[6 1],118,126,127,8,125
1,<environment.Job instance at 0x152550586870>,71,2,[2 5],126,130,132,4,126
1,<environment.Job instance at 0x152550586190>,72,1,[2 9],127,130,131,3,127
1,<environment.Job instance at 0x15255099a5a0>,16,14,[6 2],30,310,324,280,310
1,<environment.Job instance at 0x1525503f0fa0>,70,3,[2 5],124,389,392,265,389
1,<environment.Job instance at 0x15254ffff780>,18,18,[10  2],32,929,947,897,929
1,<environment.Job instance at 0x152550577a00>,0,2,[2 9],1,1,3,0,1
1,<environment.Job instance at 0x15257d3dd370>,1,2,[6 2],2,2,4,0,2
1,<environment.Job instance at 0x152554b311e0>,3,2,[1 6],4,4,6,0,4
1,<environment.Job instance at 0x152554b315a0>,4,1,[2 5],5,5,6,0,5
1,<environment.Job instance at 0x152554b31960>,5,1,[2 8],6,6,7,0,6
1,<environment.Job instance at 0x152554b31a50>,7,2,[7 1],8,8,10,0,8
1,<environment.Job instance at 0x152554b313c0>,8,2,[7 2],9,9,11,0,9
1,<environment.Job instance at 0x1525502410f0>,14,2,[1 9],18,18,20,0,18
1,<environment.Job instance at 0x15255356a730>,15,3,[ 2 12],20,49,52,29,49
1,<environment.Job instance at 0x1525532c1370>,24,2,[11  1],34,61,63,27,61
1,<environment.Job instance at 0x1525532c13c0>,26,27,[9 2],38,63,90,25,61
1,<environment.Job instance at 0x152550a3ee10>,45,14,[ 1 12],60,209,223,149,209
1,<environment.Job instance at 0x15255373b5f0>,58,1,[1 5],77,226,227,149,226
1,<environment.Job instance at 0x152550458dc0>,61,1,[6 2],81,231,232,150,231
1,<environment.Job instance at 0x1525547f8640>,66,1,[1 5],91,236,237,145,236
1,<environment.Job instance at 0x1525547f85a0>,67,21,[6 2],92,243,264,151,243
1,<environment.Job instance at 0x1525547f8460>,70,2,[ 2 10],96,251,253,155,251
1,<environment.Job instance at 0x152558d9f140>,75,1,[ 1 10],105,253,254,148,251
1,<environment.Job instance at 0x15257da25780>,80,27,[7 1],111,283,310,172,283
1,<environment.Job instance at 0x1525501a5410>,17,3,[1 8],23,367,370,344,367
1,<environment.Job instance at 0x1525501b0c80>,1,1,[2 7],3,3,4,0,3
1,<environment.Job instance at 0x15257d3b9500>,4,23,[1 9],6,6,29,0,6
1,<environment.Job instance at 0x15255b7d8500>,14,1,[2 7],28,29,30,1,28
1,<environment.Job instance at 0x1525500180f0>,15,2,[2 5],29,29,31,0,29
1,<environment.Job instance at 0x1525534702d0>,27,1,[2 9],49,49,50,0,49
1,<environment.Job instance at 0x15255125bbe0>,28,1,[2 6],50,50,51,0,50
1,<environment.Job instance at 0x15255125baa0>,29,2,[1 8],51,51,53,0,51
1,<environment.Job instance at 0x15255125b4b0>,30,1,[8 2],53,53,54,0,53
1,<environment.Job instance at 0x15255364c2d0>,34,2,[13  1],58,58,60,0,58
1,<environment.Job instance at 0x15255364c5a0>,38,1,[7 1],64,64,65,0,64
1,<environment.Job instance at 0x15255041a0f0>,39,1,[1 5],65,65,66,0,65
1,<environment.Job instance at 0x152550557050>,41,17,[6 1],68,74,91,6,74
1,<environment.Job instance at 0x15255aab6140>,42,21,[2 6],69,74,95,5,74
1,<environment.Job instance at 0x15255131b550>,51,16,[7 1],81,96,112,15,96
1,<environment.Job instance at 0x152550008c30>,53,2,[1 8],83,96,98,13,96
1,<environment.Job instance at 0x15255131b410>,54,2,[ 1 10],86,98,100,12,96
1,<environment.Job instance at 0x15255ab88a00>,57,13,[9 1],89,115,128,26,115
1,<environment.Job instance at 0x152550531820>,59,24,[9 2],91,128,152,37,124
1,<environment.Job instance at 0x1525535d9be0>,70,2,[7 2],107,152,154,45,150
1,<environment.Job instance at 0x1525535d9730>,72,2,[1 5],109,155,157,46,155
1,<environment.Job instance at 0x1525535d9e60>,73,2,[6 1],110,155,157,45,155
1,<environment.Job instance at 0x1525535d93c0>,75,17,[8 1],113,156,173,43,156
1,<environment.Job instance at 0x1525535d99b0>,76,1,[ 2 10],115,157,158,42,156
1,<environment.Job instance at 0x1525535d9410>,77,2,[2 8],118,158,160,40,156
1,<environment.Job instance at 0x1525535d9870>,79,2,[6 2],121,171,173,50,171
1,<environment.Job instance at 0x1525535d9370>,80,1,[2 5],122,173,174,51,171
1,<environment.Job instance at 0x15257d3aacd0>,82,2,[1 9],127,171,173,44,171
1,<environment.Job instance at 0x15257d3aa4b0>,84,2,[5 2],129,173,175,44,171
1,<environment.Job instance at 0x152550a13230>,24,13,[8 1],44,315,328,271,315
1,<environment.Job instance at 0x152550a13e60>,25,2,[2 6],45,327,329,282,327
1,<environment.Job instance at 0x15255364c960>,33,2,[7 2],57,691,693,634,691
1,<environment.Job instance at 0x1525507804b0>,0,2,[ 2 10],2,2,4,0,2
1,<environment.Job instance at 0x152558d94550>,2,1,[2 5],4,4,5,0,4
1,<environment.Job instance at 0x15255364c4b0>,3,2,[5 1],5,5,7,0,5
1,<environment.Job instance at 0x152550654190>,8,2,[2 7],11,11,13,0,11
1,<environment.Job instance at 0x1525506543c0>,9,23,[2 9],12,13,36,1,12
1,<environment.Job instance at 0x152553364d70>,22,1,[8 1],36,36,37,0,36
1,<environment.Job instance at 0x152550006d70>,23,1,[10  1],37,37,38,0,37
1,<environment.Job instance at 0x15257dae4320>,30,2,[2 8],45,45,47,0,45
1,<environment.Job instance at 0x15257dae4cd0>,33,3,[2 9],48,122,125,74,122
1,<environment.Job instance at 0x15257dae4730>,32,3,[13  1],47,129,132,82,129
1,<environment.Job instance at 0x15257dae46e0>,39,1,[2 9],58,129,130,71,129
1,<environment.Job instance at 0x15257dae42d0>,42,1,[1 6],66,130,131,64,129
1,<environment.Job instance at 0x1525534eef00>,46,26,[ 2 10],71,131,157,60,129
1,<environment.Job instance at 0x1525534ee7d0>,52,14,[13  1],83,437,451,354,437
1,<environment.Job instance at 0x1525534eeb90>,54,1,[1 8],86,437,438,351,437
1,<environment.Job instance at 0x1525534eea50>,55,2,[5 2],87,451,453,364,437
1,<environment.Job instance at 0x1525534ee140>,57,1,[8 2],89,451,452,362,438
1,<environment.Job instance at 0x1525534eed70>,58,1,[1 6],90,438,439,348,438
1,<environment.Job instance at 0x1525534ee5a0>,59,2,[1 8],91,438,440,347,438
1,<environment.Job instance at 0x15257dae4e60>,34,1,[2 9],49,441,442,392,441
1,<environment.Job instance at 0x1525534ee3c0>,63,2,[2 7],95,442,444,347,441
1,<environment.Job instance at 0x1525505faaf0>,70,23,[5 2],104,459,482,355,459
1,<environment.Job instance at 0x1525505faa50>,76,3,[ 2 12],112,516,519,404,516
1,<environment.Job instance at 0x1525505fa460>,77,12,[11  1],113,719,731,606,719
1,<environment.Job instance at 0x15257dbeb1e0>,82,28,[5 2],119,731,759,612,730
1,<environment.Job instance at 0x15257dae4eb0>,37,1,[7 2],56,771,772,715,771
1,<environment.Job instance at 0x1525534ee910>,64,2,[9 1],96,780,782,684,780
1,<environment.Job instance at 0x1492020795f0>,2,1,[2 5],3,3,4,0,3
1,<environment.Job instance at 0x1491ab836c80>,3,1,[6 2],4,4,5,0,4
1,<environment.Job instance at 0x1491ab8363c0>,4,2,[7 2],5,5,7,0,5
1,<environment.Job instance at 0x1491abffc4b0>,20,2,[ 1 13],27,28,30,1,28
1,<environment.Job instance at 0x1491abffdc80>,22,1,[2 7],30,30,31,0,30
1,<environment.Job instance at 0x1491abfac9b0>,26,1,[2 7],35,35,36,0,35
1,<environment.Job instance at 0x1491abf47eb0>,31,3,[9 2],41,41,44,0,41
1,<environment.Job instance at 0x1491abf478c0>,32,3,[2 9],42,42,45,0,42
1,<environment.Job instance at 0x1491abf47be0>,33,1,[2 7],43,45,46,2,43
1,<environment.Job instance at 0x1491abf53460>,34,15,[11  1],44,59,74,15,59
1,<environment.Job instance at 0x1491abf53dc0>,41,25,[12  2],54,74,99,20,70
1,<environment.Job instance at 0x1491abf5e870>,51,2,[8 2],69,99,101,30,85
1,<environment.Job instance at 0x1491aba85fa0>,55,16,[2 5],76,93,109,17,93
1,<environment.Job instance at 0x1491abf67410>,59,1,[1 9],85,104,105,19,104
1,<environment.Job instance at 0x1491abf698c0>,60,17,[8 1],86,106,123,20,106
1,<environment.Job instance at 0x1491aba94280>,64,12,[9 1],91,123,135,32,117
1,<environment.Job instance at 0x1491aba9fa50>,67,1,[13  1],94,135,136,41,129
1,<environment.Job instance at 0x1491aba9faa0>,69,1,[2 5],96,129,130,33,129
1,<environment.Job instance at 0x1491abaaa7d0>,70,2,[ 2 10],97,130,132,33,129
1,<environment.Job instance at 0x1491abaa45f0>,72,13,[7 2],102,136,149,34,134
1,<environment.Job instance at 0x1491abf64870>,75,1,[1 6],107,134,135,27,134
1,<environment.Job instance at 0x1491abf64f50>,76,2,[2 5],108,134,136,26,134
1,<environment.Job instance at 0x1491abf6fe60>,77,2,[ 1 10],109,136,138,27,134
1,<environment.Job instance at 0x1491abaaba00>,80,14,[7 1],112,141,155,29,141
1,<environment.Job instance at 0x1491ab8337d0>,83,1,[10  1],117,155,156,38,148
1,<environment.Job instance at 0x1491ab833050>,84,2,[ 1 10],118,149,151,31,149
1,<environment.Job instance at 0x1491ab833190>,86,2,[1 8],121,151,153,30,149
1,<environment.Job instance at 0x1491ab833d70>,87,2,[2 6],122,151,153,29,149
1,<environment.Job instance at 0x1491ab8322d0>,89,2,[1 9],126,153,155,27,149
1,<environment.Job instance at 0x1491ab832370>,90,1,[2 7],127,155,156,28,149
1,<environment.Job instance at 0x1491ab832640>,91,1,[2 5],128,153,154,25,149
1,<environment.Job instance at 0x1491ab832690>,93,2,[14  1],130,156,158,26,152
1,<environment.Job instance at 0x1491ab832230>,94,1,[5 1],131,154,155,23,152
1,<environment.Job instance at 0x1491ab831230>,97,15,[10  2],135,166,181,31,166
1,<environment.Job instance at 0x1491ab840aa0>,99,16,[8 1],137,181,197,44,176
1,<environment.Job instance at 0x1491abf47320>,30,15,[2 9],40,973,988,933,973
1,<environment.Job instance at 0x1491abf531e0>,35,2,[1 8],45,1002,1004,957,1002
1,<environment.Job instance at 0x1491ab85b9b0>,0,1,[2 8],1,1,2,0,1
1,<environment.Job instance at 0x1491abf53be0>,1,1,[ 2 10],2,2,3,0,2
1,<environment.Job instance at 0x1491abf53280>,2,1,[ 2 14],3,3,4,0,3
1,<environment.Job instance at 0x1491ae0d5f50>,3,1,[8 2],4,4,5,0,4
1,<environment.Job instance at 0x1491ae0d5e60>,6,2,[ 1 10],10,11,13,1,11
1,<environment.Job instance at 0x1491ae0eb7d0>,17,3,[12  1],24,45,48,21,45
1,<environment.Job instance at 0x1491b6477a00>,0,1,[2 8],1,1,2,0,1
1,<environment.Job instance at 0x1491b6477460>,1,1,[7 1],2,3,4,1,3
1,<environment.Job instance at 0x1491ae2b2aa0>,3,2,[8 2],5,5,7,0,5
1,<environment.Job instance at 0x1491ae2ebdc0>,5,18,[8 1],7,7,25,0,7
1,<environment.Job instance at 0x1491ae2eb640>,11,2,[5 2],15,15,17,0,15
1,<environment.Job instance at 0x1491ae1bdc80>,12,1,[1 6],17,17,18,0,17
1,<environment.Job instance at 0x1491ae1bde10>,15,3,[2 7],20,20,23,0,20
1,<environment.Job instance at 0x1491ae1bd690>,16,17,[7 1],22,23,40,1,22
1,<environment.Job instance at 0x1491ab225870>,17,1,[2 5],24,25,26,1,24
1,<environment.Job instance at 0x1491abfa6640>,20,2,[7 2],29,29,31,0,29
1,<environment.Job instance at 0x1491abfc1410>,23,2,[2 5],34,34,36,0,34
1,<environment.Job instance at 0x1491abfc19b0>,24,1,[ 2 10],35,36,37,1,35
1,<environment.Job instance at 0x1491abfc14b0>,26,2,[ 1 10],37,37,39,0,37
1,<environment.Job instance at 0x1491abfc1a50>,28,21,[7 2],40,40,61,0,40
1,<environment.Job instance at 0x1491b6475d70>,31,1,[6 1],43,43,44,0,43
1,<environment.Job instance at 0x1491b64755f0>,35,20,[8 2],52,52,72,0,52
1,<environment.Job instance at 0x1491ac026f50>,39,2,[2 7],61,61,63,0,61
1,<environment.Job instance at 0x1491af46a410>,42,16,[7 2],64,70,86,6,70
1,<environment.Job instance at 0x1491af441a50>,49,2,[ 2 10],75,77,79,2,77
1,<environment.Job instance at 0x1491af441e60>,51,17,[10  1],78,92,109,14,92
1,<environment.Job instance at 0x1491af4410f0>,52,2,[ 2 12],80,95,97,15,95
1,<environment.Job instance at 0x1491af441cd0>,55,15,[ 1 11],87,109,124,22,109
1,<environment.Job instance at 0x1491af441c80>,59,1,[1 9],93,124,125,31,109
1,<environment.Job instance at 0x1491af443b90>,63,2,[1 6],98,124,126,26,114
1,<environment.Job instance at 0x1491af4439b0>,65,1,[7 2],101,117,118,16,117
1,<environment.Job instance at 0x1491af4434b0>,67,16,[9 1],103,125,141,22,124
1,<environment.Job instance at 0x1491af443dc0>,71,2,[ 1 10],109,133,135,24,133
1,<environment.Job instance at 0x1491ae19c5f0>,73,2,[2 9],111,135,137,24,133
1,<environment.Job instance at 0x1491ae094c80>,76,16,[1 5],118,138,154,20,138
1,<environment.Job instance at 0x1491adfc4780>,85,2,[5 2],132,144,146,12,144
1,<environment.Job instance at 0x1491adfc4460>,88,1,[7 2],136,145,146,9,145
1,<environment.Job instance at 0x1491af4dea00>,1,26,[9 1],4,4,30,0,4
1,<environment.Job instance at 0x1491b572e5a0>,8,1,[10  1],14,30,31,16,15
1,<environment.Job instance at 0x1491b075ce10>,13,1,[2 6],23,23,24,0,23
1,<environment.Job instance at 0x1491b50bf820>,14,2,[1 5],25,25,27,0,25
1,<environment.Job instance at 0x1491b3a72230>,15,2,[8 1],26,31,33,5,26
1,<environment.Job instance at 0x1491b075cc80>,17,1,[5 1],29,29,30,0,29
1,<environment.Job instance at 0x1491af824eb0>,18,3,[1 5],30,30,33,0,30
1,<environment.Job instance at 0x1491b56f5780>,19,2,[1 9],31,31,33,0,31
1,<environment.Job instance at 0x1491b07705a0>,21,1,[1 8],35,35,36,0,35
1,<environment.Job instance at 0x1491b07704b0>,22,16,[2 6],36,36,52,0,36
1,<environment.Job instance at 0x1491af879a50>,24,2,[8 2],38,38,40,0,38
1,<environment.Job instance at 0x1491af9146e0>,26,3,[10  1],41,41,44,0,41
1,<environment.Job instance at 0x1491b58be9b0>,27,2,[1 7],42,42,44,0,42
1,<environment.Job instance at 0x1491b1fcdbe0>,28,15,[1 5],43,44,59,1,43
1,<environment.Job instance at 0x1491b1fcdd20>,29,3,[1 9],44,52,55,8,44
1,<environment.Job instance at 0x1491af80cd70>,30,2,[1 8],46,55,57,9,46
1,<environment.Job instance at 0x1491b50ab730>,31,2,[1 5],48,57,59,9,48
1,<environment.Job instance at 0x1491b3a44230>,32,15,[10  1],49,51,66,2,51
1,<environment.Job instance at 0x1491b3a448c0>,35,14,[14  1],52,66,80,14,59
1,<environment.Job instance at 0x1491f006b0a0>,39,3,[ 2 11],60,62,65,2,62
1,<environment.Job instance at 0x1491f006b280>,40,2,[1 7],61,65,67,4,62
1,<environment.Job instance at 0x1491b571d780>,41,1,[1 5],62,65,66,3,62
1,<environment.Job instance at 0x1491f006bb40>,43,3,[1 6],64,67,70,3,64
1,<environment.Job instance at 0x1491ab4af690>,45,2,[ 1 10],66,70,72,4,66
1,<environment.Job instance at 0x1491b5839320>,50,2,[1 8],71,73,75,2,73
1,<environment.Job instance at 0x1491af41aeb0>,52,2,[2 8],73,80,82,7,73
1,<environment.Job instance at 0x1491b50cbe60>,54,1,[6 2],78,80,81,2,78
1,<environment.Job instance at 0x1491af90d050>,55,2,[2 8],79,82,84,3,79
1,<environment.Job instance at 0x1491af90d730>,56,1,[6 2],81,81,82,0,81
1,<environment.Job instance at 0x1491ab06d5f0>,57,1,[2 9],82,84,85,2,82
1,<environment.Job instance at 0x1491af7d70f0>,58,27,[ 2 10],83,85,112,2,83
1,<environment.Job instance at 0x1491ab144d20>,69,1,[7 2],98,98,99,0,98
1,<environment.Job instance at 0x1491b50dfb90>,71,2,[5 2],100,100,102,0,100
1,<environment.Job instance at 0x1491ab68fbe0>,74,19,[2 9],106,112,131,6,106
1,<environment.Job instance at 0x1491af58ba50>,75,13,[12  2],107,123,136,16,123
1,<environment.Job instance at 0x1491af58bd70>,77,1,[6 2],109,136,137,27,123
1,<environment.Job instance at 0x1491af58baa0>,78,2,[1 5],110,131,133,21,123
1,<environment.Job instance at 0x1491af58b640>,79,1,[1 7],111,131,132,20,123
1,<environment.Job instance at 0x1491af58bb90>,81,2,[1 5],113,132,134,19,123
1,<environment.Job instance at 0x1491af58b960>,82,1,[1 9],115,134,135,19,123
1,<environment.Job instance at 0x1491af58b820>,83,1,[2 5],116,133,134,17,123
1,<environment.Job instance at 0x1491af58bf00>,84,15,[7 1],117,136,151,19,123
1,<environment.Job instance at 0x1491af58bb40>,85,1,[2 6],118,135,136,17,123
1,<environment.Job instance at 0x1491af58bc80>,86,1,[2 8],120,136,137,16,123
1,<environment.Job instance at 0x1491af58bfa0>,87,1,[2 6],121,137,138,16,123
1,<environment.Job instance at 0x1491b59194b0>,89,17,[2 7],124,137,154,13,125
1,<environment.Job instance at 0x1491b5919230>,94,1,[1 8],129,151,152,22,132
1,<environment.Job instance at 0x1491b5919aa0>,96,2,[2 6],131,144,146,13,144
1,<environment.Job instance at 0x1491b59193c0>,97,3,[9 2],132,152,155,20,147
1,<environment.Job instance at 0x1491b59195a0>,98,2,[10  2],133,155,157,22,147
1,<environment.Job instance at 0x1491b643fb40>,100,16,[ 2 10],135,160,176,25,160
1,<environment.Job instance at 0x1491b643f0f0>,102,15,[2 6],139,176,191,37,170
1,<environment.Job instance at 0x1491b572e0f0>,9,27,[1 7],15,188,215,173,188
1,<environment.Job instance at 0x1491b3a44b40>,33,1,[2 8],50,227,228,177,227
1,<environment.Job instance at 0x1491b3a4c4b0>,8,25,[12  1],9,13,38,4,13
1,<environment.Job instance at 0x1491adf7ae10>,16,23,[1 6],21,23,46,2,23
1,<environment.Job instance at 0x1491abf47fa0>,37,26,[2 8],58,64,90,6,64
1,<environment.Job instance at 0x1491abf6ce10>,52,2,[5 2],84,92,94,8,92
1,<environment.Job instance at 0x1491abf69460>,53,27,[1 7],85,93,120,8,93
1,<environment.Job instance at 0x1491af3fd7d0>,62,2,[2 9],97,120,122,23,119
1,<environment.Job instance at 0x1491abed9cd0>,71,1,[ 1 12],116,144,145,28,144
1,<environment.Job instance at 0x1491ab49c410>,0,1,[6 2],1,1,2,0,1
1,<environment.Job instance at 0x1491ab49cc30>,2,1,[7 1],4,4,5,0,4
1,<environment.Job instance at 0x1491ae37fb40>,8,2,[2 8],10,10,12,0,10
1,<environment.Job instance at 0x1491ae37f2d0>,9,2,[5 1],11,11,13,0,11
1,<environment.Job instance at 0x1491ae37f910>,10,1,[6 2],16,16,17,0,16
1,<environment.Job instance at 0x1491b584c6e0>,11,1,[1 9],17,17,18,0,17
1,<environment.Job instance at 0x1491b584c190>,12,3,[7 1],18,18,21,0,18
1,<environment.Job instance at 0x1491b584c4b0>,13,3,[7 2],19,19,22,0,19
1,<environment.Job instance at 0x1491b584cfa0>,14,14,[1 5],21,22,36,1,22
1,<environment.Job instance at 0x1491b584c2d0>,18,25,[8 1],29,29,54,0,29
1,<environment.Job instance at 0x1491ab65e960>,25,2,[7 2],38,40,42,2,40
1,<environment.Job instance at 0x1491ab65e230>,27,3,[1 5],40,44,47,4,44
1,<environment.Job instance at 0x1491ab65ebe0>,29,3,[9 2],43,54,57,11,46
1,<environment.Job instance at 0x1491ab65e910>,30,13,[1 9],44,52,65,8,52
1,<environment.Job instance at 0x1491ab65e0a0>,31,2,[1 8],45,65,67,20,52
1,<environment.Job instance at 0x1491ab65e1e0>,32,12,[1 7],47,65,77,18,52
1,<environment.Job instance at 0x1491ab65e5f0>,33,1,[ 1 10],49,77,78,28,52
1,<environment.Job instance at 0x1491ab65ea00>,34,19,[2 5],50,67,86,17,57
1,<environment.Job instance at 0x1491ab65e870>,36,3,[6 2],52,59,62,7,59
1,<environment.Job instance at 0x1491ab65eaf0>,37,2,[6 2],53,59,61,6,59
1,<environment.Job instance at 0x1491ae0e0910>,39,1,[6 1],56,61,62,5,61
1,<environment.Job instance at 0x1491ae0e00a0>,42,1,[1 6],60,78,79,18,71
1,<environment.Job instance at 0x1491ae0e0e10>,44,1,[1 7],62,79,80,17,71
1,<environment.Job instance at 0x1491ae0e0af0>,45,1,[6 2],63,71,72,8,71
1,<environment.Job instance at 0x1491ae0e08c0>,46,2,[2 7],64,80,82,16,71
1,<environment.Job instance at 0x1491ae0e0320>,48,3,[7 1],66,78,81,12,77
1,<environment.Job instance at 0x1491ae0e0d70>,49,14,[8 2],67,85,99,18,85
1,<environment.Job instance at 0x1491ae0e0370>,50,2,[1 9],69,86,88,17,85
1,<environment.Job instance at 0x1491ae0e0280>,51,2,[7 2],70,88,90,18,85
1,<environment.Job instance at 0x1491b576e640>,52,3,[5 2],72,85,88,13,85
1,<environment.Job instance at 0x1491acad7690>,54,1,[8 1],74,99,100,25,90
1,<environment.Job instance at 0x1491acad7280>,55,1,[1 5],76,90,91,14,90
1,<environment.Job instance at 0x1491acad7eb0>,56,1,[10  1],78,100,101,22,90
1,<environment.Job instance at 0x1491acad7a50>,57,1,[5 2],79,90,91,11,90
1,<environment.Job instance at 0x1491acad7cd0>,58,17,[10  1],80,101,118,21,90
1,<environment.Job instance at 0x1491acad7780>,59,25,[9 1],81,118,143,37,114
1,<environment.Job instance at 0x1491acad7230>,61,21,[ 2 10],84,114,135,30,114
1,<environment.Job instance at 0x1491af879910>,71,1,[9 1],96,143,144,47,132
1,<environment.Job instance at 0x1491af8790a0>,72,17,[2 5],97,135,152,38,135
1,<environment.Job instance at 0x1491af879e10>,75,2,[5 2],101,144,146,43,141
1,<environment.Job instance at 0x1491af8798c0>,76,2,[5 1],102,144,146,42,141
1,<environment.Job instance at 0x1491af879d70>,77,1,[1 7],103,141,142,38,141
1,<environment.Job instance at 0x1491af8791e0>,78,17,[9 1],106,146,163,40,142
1,<environment.Job instance at 0x1491af879230>,80,1,[5 1],108,152,153,44,142
1,<environment.Job instance at 0x1491af879af0>,84,13,[6 1],114,156,169,42,156
1,<environment.Job instance at 0x1491b571d8c0>,85,2,[7 2],115,163,165,48,156
1,<environment.Job instance at 0x1491b571dd20>,86,2,[9 2],116,165,167,49,156
1,<environment.Job instance at 0x1491b571de60>,88,2,[ 1 10],118,163,165,45,156
1,<environment.Job instance at 0x1491b571d050>,89,13,[2 6],119,167,180,48,158
1,<environment.Job instance at 0x1491b571d910>,90,17,[12  1],120,178,195,58,178
1,<environment.Job instance at 0x1491af4415f0>,96,1,[8 2],128,195,196,67,183
1,<environment.Job instance at 0x1491b573f190>,97,1,[5 2],129,195,196,66,183
1,<environment.Job instance at 0x1491ae01b140>,98,1,[7 1],130,196,197,66,183
1,<environment.Job instance at 0x1491b1ffa6e0>,99,1,[1 8],131,183,184,52,183
1,<environment.Job instance at 0x1491ae4c0d70>,100,2,[6 2],132,196,198,64,183
1,<environment.Job instance at 0x1491b50cb050>,104,2,[ 1 10],138,187,189,49,187
1,<environment.Job instance at 0x1491b64698c0>,105,13,[10  1],139,198,211,59,195
1,<environment.Job instance at 0x1491ab49cd70>,7,13,[2 5],9,301,314,292,301
1,<environment.Job instance at 0x1491b584c050>,20,16,[1 6],31,452,468,421,452
1,<environment.Job instance at 0x1491ab039eb0>,4,1,[13  1],5,9,10,4,9
1,<environment.Job instance at 0x1491aba7e050>,9,2,[8 2],10,10,12,0,10
1,<environment.Job instance at 0x1491b5712fa0>,13,22,[8 1],15,15,37,0,15
1,<environment.Job instance at 0x1491ab161eb0>,24,22,[2 6],29,31,53,2,31
1,<environment.Job instance at 0x1491b5878460>,25,1,[ 1 14],30,53,54,23,49
1,<environment.Job instance at 0x1491ab3edbe0>,33,3,[ 2 14],42,84,87,42,84
1,<environment.Job instance at 0x1491ab3ed370>,35,1,[ 2 10],44,87,88,43,84
1,<environment.Job instance at 0x1491ab3ed460>,36,2,[7 2],46,87,89,41,84
1,<environment.Job instance at 0x1491ab3ed780>,37,1,[6 1],47,84,85,37,84
1,<environment.Job instance at 0x1491ab3edc30>,38,2,[6 1],49,85,87,36,84
1,<environment.Job instance at 0x1491af3607d0>,44,27,[5 1],60,89,116,29,89
1,<environment.Job instance at 0x1491af3601e0>,45,15,[14  1],61,721,736,660,721
1,<environment.Job instance at 0x1491ae1e75f0>,48,1,[1 8],64,721,722,657,721
1,<environment.Job instance at 0x1491ab6cc190>,55,25,[6 1],75,736,761,661,732
1,<environment.Job instance at 0x1491ab476d20>,66,26,[ 2 13],93,749,775,656,749
1,<environment.Job instance at 0x1491ab476460>,69,2,[12  1],97,764,766,667,764
1,<environment.Job instance at 0x1491f08e1730>,87,2,[ 1 11],127,797,799,670,797
1,<environment.Job instance at 0x1491aef145a0>,93,28,[5 2],134,800,828,666,800
1,<environment.Job instance at 0x1491aef14c80>,96,3,[ 2 14],137,834,837,697,834
1,<environment.Job instance at 0x1491b6457870>,5,3,[2 7],6,847,850,841,847
1,<environment.Job instance at 0x1491ab0395f0>,6,1,[5 1],7,944,945,937,944
1,<environment.Job instance at 0x1491ab039190>,7,17,[1 8],8,1233,1250,1225,1233
1,<environment.Job instance at 0x1491af8604b0>,0,1,[7 2],2,2,3,0,2
1,<environment.Job instance at 0x1491ae1ce050>,3,2,[6 2],6,6,8,0,6
1,<environment.Job instance at 0x1491af50c640>,12,16,[7 1],15,16,32,1,16
1,<environment.Job instance at 0x1491af50ce10>,14,1,[9 2],17,32,33,15,17
1,<environment.Job instance at 0x1491af50cc30>,15,2,[1 7],18,18,20,0,18
1,<environment.Job instance at 0x1491af50c230>,16,26,[1 6],21,21,47,0,21
1,<environment.Job instance at 0x1491b1fe8e10>,18,23,[2 6],24,24,47,0,24
1,<environment.Job instance at 0x1491af50be10>,19,23,[9 1],26,36,59,10,36
1,<environment.Job instance at 0x1491ab1790f0>,29,3,[12  1],39,79,82,40,79
1,<environment.Job instance at 0x1491ab179410>,30,20,[8 1],40,82,102,42,79
1,<environment.Job instance at 0x1491ab1795a0>,38,3,[11  1],59,102,105,43,92
1,<environment.Job instance at 0x1491ab1797d0>,39,13,[ 2 11],60,632,645,572,632
1,<environment.Job instance at 0x1491ab179b40>,41,1,[8 1],63,632,633,569,632
1,<environment.Job instance at 0x1491b58c43c0>,45,2,[5 2],73,632,634,559,632
1,<environment.Job instance at 0x1491af501d20>,48,1,[ 2 10],77,645,646,568,632
1,<environment.Job instance at 0x1491af501cd0>,50,2,[ 1 12],79,646,648,567,633
1,<environment.Job instance at 0x1491af520370>,53,21,[5 1],82,645,666,563,645
1,<environment.Job instance at 0x1491ae13bc30>,63,2,[2 7],96,650,652,554,650
1,<environment.Job instance at 0x1491af518690>,64,22,[ 2 10],97,652,674,555,650
1,<environment.Job instance at 0x1491ab18a5f0>,81,15,[6 1],122,673,688,551,673
1,<environment.Job instance at 0x1491ab18a280>,85,2,[7 1],128,687,689,559,687
1,<environment.Job instance at 0x1491ab18a2d0>,86,21,[6 1],130,688,709,558,687
1,<environment.Job instance at 0x1491ab18a690>,87,3,[ 2 13],132,700,703,568,700
1,<environment.Job instance at 0x1491ab18a8c0>,89,1,[ 2 10],134,703,704,569,701
1,<environment.Job instance at 0x1491ab18a730>,90,2,[2 8],135,704,706,569,701
1,<environment.Job instance at 0x1491ab18a640>,91,1,[1 7],138,706,707,568,702
1,<environment.Job instance at 0x1491af509820>,8,1,[1 9],11,2497,2498,2486,2497
1,<environment.Job instance at 0x1491af509500>,9,16,[1 8],12,2850,2866,2838,2850
1,<environment.Job instance at 0x1491ab7c7910>,18,28,[1 6],27,27,55,0,27
1,<environment.Job instance at 0x1491ab1c3d20>,30,2,[ 2 10],45,55,57,10,45
1,<environment.Job instance at 0x1491ab6ae500>,32,12,[9 1],47,53,65,6,53
1,<environment.Job instance at 0x1491ab6aea00>,33,20,[ 2 11],48,57,77,9,54
1,<environment.Job instance at 0x1491ab6ae140>,35,3,[ 2 10],51,77,80,26,62
1,<environment.Job instance at 0x1491ab6ae050>,36,15,[6 1],53,65,80,12,62
1,<environment.Job instance at 0x1491ab6ae550>,37,1,[9 2],54,80,81,26,62
1,<environment.Job instance at 0x1491b640f230>,38,1,[2 8],55,80,81,25,62
1,<environment.Job instance at 0x1491b640f730>,39,1,[5 1],56,65,66,9,62
1,<environment.Job instance at 0x1491b640fd20>,40,1,[8 1],58,81,82,23,63
1,<environment.Job instance at 0x1491b640fb90>,41,1,[1 8],60,81,82,21,63
1,<environment.Job instance at 0x1491b640faa0>,42,1,[2 9],61,82,83,21,63
1,<environment.Job instance at 0x1491b57b9cd0>,45,1,[7 2],65,66,67,1,65
1,<environment.Job instance at 0x1491b57b9190>,47,3,[2 5],68,80,83,12,68
1,<environment.Job instance at 0x1491b57b9730>,48,2,[6 2],69,69,71,0,69
1,<environment.Job instance at 0x1491abf9da50>,51,1,[1 6],72,83,84,11,72
1,<environment.Job instance at 0x1491ab1f66e0>,53,17,[5 1],74,82,99,8,82
1,<environment.Job instance at 0x1491af3e9230>,57,26,[8 1],78,83,109,5,82
1,<environment.Job instance at 0x1491b641c320>,60,27,[6 1],81,99,126,18,97
1,<environment.Job instance at 0x1491b641c0a0>,61,21,[9 2],82,109,130,27,101
1,<environment.Job instance at 0x1491b641ccd0>,64,2,[2 9],85,126,128,41,106
1,<environment.Job instance at 0x1491ae2e7f00>,70,1,[6 1],95,128,129,33,125
1,<environment.Job instance at 0x1491ae2e7c30>,71,28,[14  1],98,130,158,32,129
1,<environment.Job instance at 0x1491ae2e7410>,72,2,[1 7],99,129,131,30,129
1,<environment.Job instance at 0x1491ae2e7870>,73,3,[7 1],100,158,161,58,132
1,<environment.Job instance at 0x1491ae2e77d0>,74,1,[6 1],101,158,159,57,132
1,<environment.Job instance at 0x1491ae2e79b0>,76,3,[2 9],103,158,161,55,132
1,<environment.Job instance at 0x1491ae2e7780>,78,2,[11  2],106,161,163,55,134
1,<environment.Job instance at 0x1491ae2e7320>,80,2,[1 8],109,134,136,25,134
1,<environment.Job instance at 0x1491f0791960>,81,2,[1 5],110,136,138,26,134
1,<environment.Job instance at 0x1491f0791910>,82,1,[1 5],111,138,139,27,134
1,<environment.Job instance at 0x1491f0791370>,86,2,[2 6],116,161,163,45,135
1,<environment.Job instance at 0x1491f0791c80>,87,1,[ 1 10],117,139,140,22,135
1,<environment.Job instance at 0x1491f0791870>,88,1,[2 7],118,161,162,43,135
1,<environment.Job instance at 0x1491f0791d70>,89,2,[2 6],119,162,164,43,135
1,<environment.Job instance at 0x1491f07914b0>,91,2,[5 1],122,159,161,37,140
1,<environment.Job instance at 0x1491f0791550>,93,2,[12  1],125,163,165,38,157
1,<environment.Job instance at 0x1491b6483370>,95,1,[2 8],127,164,165,37,157
1,<environment.Job instance at 0x1491b6483280>,98,15,[2 5],130,165,180,35,165
1,<environment.Job instance at 0x1491b6483550>,100,2,[1 8],133,169,171,36,169
1,<environment.Job instance at 0x1491b6483af0>,101,17,[7 1],134,170,187,36,170
1,<environment.Job instance at 0x1491aba9f640>,104,1,[10  1],139,187,188,48,180
1,<environment.Job instance at 0x1491b647a050>,21,16,[1 6],32,390,406,358,390
1,<environment.Job instance at 0x1491ab7b5eb0>,11,1,[7 1],17,418,419,401,418
1,<environment.Job instance at 0x1491ab7b5aa0>,12,1,[2 6],19,854,855,835,854
1,<environment.Job instance at 0x1491ad520050>,10,2,[7 1],16,16,18,0,16
1,<environment.Job instance at 0x1491ad520910>,12,1,[ 2 13],18,18,19,0,18
1,<environment.Job instance at 0x1491af567050>,13,2,[2 5],19,19,21,0,19
1,<environment.Job instance at 0x1491b640c4b0>,29,2,[2 9],44,44,46,0,44
1,<environment.Job instance at 0x1491af8c8140>,32,1,[ 1 10],48,48,49,0,48
1,<environment.Job instance at 0x1491af8c8370>,33,26,[2 5],49,49,75,0,49
1,<environment.Job instance at 0x1491b6162e10>,45,2,[ 2 13],69,75,77,6,73
1,<environment.Job instance at 0x1491b572aa50>,1,1,[ 1 10],5,5,6,0,5
1,<environment.Job instance at 0x1491aaca8870>,3,2,[9 2],8,8,10,0,8
1,<environment.Job instance at 0x1491af557be0>,10,2,[6 1],23,23,25,0,23
1,<environment.Job instance at 0x1491ab75bf00>,11,1,[ 1 12],24,24,25,0,24
1,<environment.Job instance at 0x1491ac047a00>,12,1,[10  2],25,25,26,0,25
1,<environment.Job instance at 0x1491ab0b5640>,17,20,[9 1],31,31,51,0,31
1,<environment.Job instance at 0x1491ab0b5690>,19,2,[13  1],34,51,53,17,48
1,<environment.Job instance at 0x1491ab329320>,23,2,[6 2],38,48,50,10,48
1,<environment.Job instance at 0x1491ab32c5f0>,27,2,[2 8],50,50,52,0,50
1,<environment.Job instance at 0x1491aac89500>,28,1,[7 1],53,53,54,0,53
1,<environment.Job instance at 0x1491aac890a0>,29,2,[2 6],54,54,56,0,54
1,<environment.Job instance at 0x1491ab0b5050>,16,1,[9 1],30,57,58,27,57
1,<environment.Job instance at 0x1491af90d280>,34,1,[7 2],60,60,61,0,60
1,<environment.Job instance at 0x1491af90d870>,37,2,[2 5],65,65,67,0,65
1,<environment.Job instance at 0x1491af90daa0>,40,1,[1 8],68,68,69,0,68
1,<environment.Job instance at 0x1491af90de60>,41,20,[7 2],69,69,89,0,69
1,<environment.Job instance at 0x1491b64dc870>,49,1,[2 5],79,79,80,0,79
1,<environment.Job instance at 0x1491b572d780>,51,1,[ 1 13],81,82,83,1,82
1,<environment.Job instance at 0x1492003456e0>,53,1,[5 2],83,83,84,0,83
1,<environment.Job instance at 0x1491ab0b2690>,55,1,[11  1],93,93,94,0,93
1,<environment.Job instance at 0x1491ab0ea910>,56,2,[5 1],94,94,96,0,94
1,<environment.Job instance at 0x1491ae05b0a0>,57,2,[1 6],95,95,97,0,95
1,<environment.Job instance at 0x1491ab227870>,58,2,[1 8],96,96,98,0,96
1,<environment.Job instance at 0x1491b653d0f0>,59,1,[6 1],97,97,98,0,97
1,<environment.Job instance at 0x1491b653d690>,61,1,[6 1],100,100,101,0,100
1,<environment.Job instance at 0x1491ab31ebe0>,62,1,[2 9],101,101,102,0,101
1,<environment.Job instance at 0x1491b64d1280>,63,1,[1 5],102,102,103,0,102
1,<environment.Job instance at 0x1491ae308640>,65,3,[5 1],104,104,107,0,104
1,<environment.Job instance at 0x1491ae216d70>,66,3,[1 7],105,105,108,0,105
1,<environment.Job instance at 0x1491af4df5f0>,69,2,[9 2],111,111,113,0,111
1,<environment.Job instance at 0x1491ae1c2a50>,70,2,[2 7],115,115,117,0,115
1,<environment.Job instance at 0x1491ae1c2320>,71,1,[8 1],116,116,117,0,116
1,<environment.Job instance at 0x1491ae1c2c80>,72,15,[7 1],117,117,132,0,117
1,<environment.Job instance at 0x1491ab131780>,73,1,[1 8],118,118,119,0,118
1,<environment.Job instance at 0x1491ab131aa0>,74,12,[7 2],119,121,133,2,121
1,<environment.Job instance at 0x1491ab1314b0>,76,2,[7 2],121,132,134,11,122
1,<environment.Job instance at 0x1491adfe9370>,77,1,[ 2 10],122,133,134,11,122
1,<environment.Job instance at 0x1491ab5014b0>,81,1,[9 2],128,134,135,6,130
1,<environment.Job instance at 0x1491ab501500>,82,17,[8 1],129,135,152,6,132
1,<environment.Job instance at 0x1491af510730>,83,2,[1 5],130,134,136,4,132
1,<environment.Job instance at 0x1491af437dc0>,87,1,[1 5],135,147,148,12,147
1,<environment.Job instance at 0x1491ab55a550>,88,2,[1 9],136,147,149,11,147
1,<environment.Job instance at 0x1491ae298e60>,89,2,[1 7],139,149,151,10,147
1,<environment.Job instance at 0x1491aef1af50>,52,12,[ 1 14],82,166,178,84,166
1,<environment.Job instance at 0x1491ab4d9640>,9,13,[1 5],21,501,514,480,501
1,<environment.Job instance at 0x1491af8d3370>,20,1,[12  2],35,1116,1117,1081,1116
1,<environment.Job instance at 0x1491b57a4320>,14,17,[12  1],17,786,803,769,786
1,<environment.Job instance at 0x1491ab7f9370>,29,1,[2 5],35,803,804,768,803
1,<environment.Job instance at 0x1491abf31780>,31,2,[2 8],40,803,805,763,803
1,<environment.Job instance at 0x1491abf311e0>,40,2,[8 2],51,824,826,773,824
1,<environment.Job instance at 0x1491abf31fa0>,43,1,[ 2 10],55,827,828,772,827
1,<environment.Job instance at 0x1491ab7f95a0>,28,2,[9 1],34,1450,1452,1416,1450
1,<environment.Job instance at 0x1491abf914b0>,45,12,[ 2 11],58,1452,1464,1394,1452
1,<environment.Job instance at 0x1491b5800370>,51,23,[2 5],67,1464,1487,1397,1458
1,<environment.Job instance at 0x1491b5800e60>,57,1,[5 2],73,1475,1476,1402,1475
1,<environment.Job instance at 0x1491f009c690>,59,2,[2 6],75,1476,1478,1401,1476
1,<environment.Job instance at 0x1491f009c0a0>,63,2,[2 8],81,1478,1480,1397,1476
1,<environment.Job instance at 0x1491f009cc80>,64,17,[11  2],82,1848,1865,1766,1848
1,<environment.Job instance at 0x1491b5798d20>,75,18,[ 1 14],97,1865,1883,1768,1864
1,<environment.Job instance at 0x1491b5798a00>,76,2,[7 1],98,1865,1867,1767,1864
1,<environment.Job instance at 0x1491b5798c80>,78,1,[6 1],100,1867,1868,1767,1864
1,<environment.Job instance at 0x1491b5798640>,83,28,[ 2 10],106,1883,1911,1777,1882
1,<environment.Job instance at 0x1491b57c0910>,95,3,[2 7],125,1911,1914,1786,1909
1,<environment.Job instance at 0x1491b57c0f00>,99,2,[2 5],134,1910,1912,1776,1910
1,<environment.Job instance at 0x1491b57c0140>,100,19,[ 2 14],135,1914,1933,1779,1910
1,<environment.Job instance at 0x1491abf912d0>,46,13,[1 7],60,2131,2144,2071,2131
1,<environment.Job instance at 0x1491b57a4af0>,15,3,[1 8],18,2145,2148,2127,2145
1,<environment.Job instance at 0x1491f070b1e0>,1,1,[8 2],4,4,5,0,4
1,<environment.Job instance at 0x1491aae566e0>,2,2,[10  1],5,5,7,0,5
1,<environment.Job instance at 0x1491ae0042d0>,5,2,[2 5],8,8,10,0,8
1,<environment.Job instance at 0x1491ac010be0>,6,1,[1 7],9,9,10,0,9
1,<environment.Job instance at 0x149201f765a0>,7,1,[2 9],10,10,11,0,10
1,<environment.Job instance at 0x1491b649a640>,9,1,[9 2],13,13,14,0,13
1,<environment.Job instance at 0x1491b655bc30>,10,1,[7 2],15,15,16,0,15
1,<environment.Job instance at 0x1491ab24fa50>,14,2,[7 1],20,20,22,0,20
1,<environment.Job instance at 0x1491ae11aa00>,0,2,[8 1],1,1,3,0,1
1,<environment.Job instance at 0x1491af848550>,3,2,[5 1],4,4,6,0,4
1,<environment.Job instance at 0x1491b5728dc0>,10,2,[ 1 10],12,12,14,0,12
1,<environment.Job instance at 0x1491b5728d20>,7,1,[8 2],9,12,13,3,12
1,<environment.Job instance at 0x1491af498a00>,11,2,[1 8],13,14,16,1,14
1,<environment.Job instance at 0x1491ae4765a0>,14,2,[7 1],16,16,18,0,16
1,<environment.Job instance at 0x1491ae4761e0>,17,3,[ 1 11],21,45,48,24,45
1,<environment.Job instance at 0x1491ab5ef550>,21,1,[8 1],27,45,46,18,45
1,<environment.Job instance at 0x1491ab76f550>,22,2,[8 2],28,46,48,18,45
1,<environment.Job instance at 0x1491ab5efaa0>,26,1,[1 5],33,48,49,15,45
1,<environment.Job instance at 0x1491aacf6d70>,32,2,[2 7],40,52,54,12,52
1,<environment.Job instance at 0x1491aad14a00>,34,1,[1 9],42,54,55,12,52
1,<environment.Job instance at 0x1491f071e140>,40,3,[ 1 14],50,84,87,34,84
1,<environment.Job instance at 0x1491af8c80f0>,49,2,[1 9],63,95,97,32,95
1,<environment.Job instance at 0x1491abf73d70>,50,23,[1 5],64,97,120,33,97
1,<environment.Job instance at 0x1491b6415c80>,53,1,[8 2],67,113,114,46,113
1,<environment.Job instance at 0x1491b6415c30>,54,2,[7 1],68,114,116,46,114
1,<environment.Job instance at 0x1491af5371e0>,56,2,[2 8],70,114,116,44,114
1,<environment.Job instance at 0x1491ae47a730>,59,2,[10  1],74,121,123,47,121
1,<environment.Job instance at 0x1491adffc640>,60,22,[5 1],76,121,143,45,121
1,<environment.Job instance at 0x1491ad52baf0>,66,1,[7 2],86,135,136,49,135
1,<environment.Job instance at 0x1491b58c44b0>,80,18,[ 2 11],102,671,689,569,671
1,<environment.Job instance at 0x1491b58c4960>,83,2,[ 1 13],105,689,691,584,678
1,<environment.Job instance at 0x1491ae322cd0>,93,2,[11  1],118,690,692,572,690
1,<environment.Job instance at 0x1491ae3224b0>,94,1,[8 2],119,692,693,573,690
1,<environment.Job instance at 0x1491aad0a0f0>,96,28,[ 2 10],121,691,719,570,690
1,<environment.Job instance at 0x1491b58c4c80>,79,3,[2 7],101,719,722,618,719
1,<environment.Job instance at 0x1491b1fd1910>,18,2,[1 9],22,732,734,710,732
1,<environment.Job instance at 0x1491b3a67b40>,20,3,[1 5],26,770,773,744,770
1,<environment.Job instance at 0x1491ab6d5410>,0,2,[2 9],2,2,4,0,2
1,<environment.Job instance at 0x1491ab29c820>,4,2,[ 1 11],7,8,10,1,8
1,<environment.Job instance at 0x1491b58c4500>,7,1,[1 5],10,74,75,64,74
1,<environment.Job instance at 0x1491b58c48c0>,6,16,[ 1 12],9,171,187,162,171
1,<environment.Job instance at 0x1491b58c4d70>,19,2,[1 6],29,187,189,158,180
1,<environment.Job instance at 0x1491adf53af0>,22,1,[2 8],36,187,188,151,183
1,<environment.Job instance at 0x1491adf539b0>,26,26,[5 2],42,188,214,146,186
1,<environment.Job instance at 0x1491adf537d0>,35,1,[5 2],57,216,217,159,216
1,<environment.Job instance at 0x1491adf53050>,36,1,[9 1],58,216,217,158,216
1,<environment.Job instance at 0x1491adf53640>,37,23,[9 1],60,217,240,157,216
1,<environment.Job instance at 0x1491adf53370>,41,2,[1 5],64,243,245,179,243
1,<environment.Job instance at 0x1491adf53460>,42,1,[2 5],65,243,244,178,243
1,<environment.Job instance at 0x1491adf53410>,43,12,[5 1],68,243,255,175,243
1,<environment.Job instance at 0x1491ae48cbe0>,45,1,[7 1],71,245,246,174,245
1,<environment.Job instance at 0x1491ae48c870>,50,2,[5 1],79,251,253,172,251
1,<environment.Job instance at 0x1491ae48c230>,60,2,[14  2],94,277,279,183,277
1,<environment.Job instance at 0x1491ae48caf0>,62,1,[14  2],96,279,280,183,279
1,<environment.Job instance at 0x1491ae48c460>,65,2,[1 9],99,279,281,180,279
1,<environment.Job instance at 0x1491ab634fa0>,68,2,[1 8],103,283,285,180,283
1,<environment.Job instance at 0x1491ab634820>,70,2,[2 8],107,287,289,180,287
1,<environment.Job instance at 0x1491ab348b40>,77,1,[6 2],118,318,319,200,318
1,<environment.Job instance at 0x1491ab348eb0>,78,1,[6 1],119,318,319,199,318
1,<environment.Job instance at 0x1491ab348820>,79,1,[8 1],120,319,320,199,318
1,<environment.Job instance at 0x1491ab348730>,80,1,[5 1],123,319,320,196,318
1,<environment.Job instance at 0x1491ab348d20>,81,2,[1 9],124,318,320,194,318
1,<environment.Job instance at 0x1491ab348d70>,83,2,[7 1],128,320,322,192,320
1,<environment.Job instance at 0x1491ab3480a0>,84,2,[ 1 10],131,320,322,189,320
1,<environment.Job instance at 0x1491ab348280>,85,1,[ 2 10],132,322,323,190,320
1,<environment.Job instance at 0x1491b58c4eb0>,5,2,[1 8],8,358,360,350,358
1,<environment.Job instance at 0x1491b58c4050>,10,1,[2 5],14,375,376,361,375
1,<environment.Job instance at 0x1491ab2d30f0>,1,1,[1 6],2,2,3,0,2
1,<environment.Job instance at 0x1491ab511c80>,2,1,[1 8],3,3,4,0,3
1,<environment.Job instance at 0x1491ab7eb1e0>,5,2,[14  1],7,9,11,2,9
1,<environment.Job instance at 0x1491abec6190>,22,1,[1 7],37,37,38,0,37
1,<environment.Job instance at 0x1491acac7cd0>,34,1,[1 9],58,58,59,0,58
1,<environment.Job instance at 0x1491ae2d47d0>,37,1,[2 8],64,64,65,0,64
1,<environment.Job instance at 0x1491f078b280>,19,15,[7 1],27,75,90,48,75
1,<environment.Job instance at 0x1491f0b922d0>,2,2,[11  1],4,6,8,2,6
1,<environment.Job instance at 0x1491aabbd6e0>,4,27,[9 2],8,11,38,3,11
1,<environment.Job instance at 0x1491aabbd1e0>,8,1,[1 5],12,12,13,0,12
1,<environment.Job instance at 0x1491aabbd730>,9,2,[1 7],13,13,15,0,13
1,<environment.Job instance at 0x1491aabbd230>,11,1,[1 8],15,15,16,0,15
1,<environment.Job instance at 0x1491af350a50>,19,2,[1 8],25,25,27,0,25
1,<environment.Job instance at 0x1491aabbd3c0>,6,3,[1 6],10,29,32,19,29
1,<environment.Job instance at 0x1491af3c8c30>,23,14,[ 1 12],30,2403,2417,2373,2403
1,<environment.Job instance at 0x1491ae13b190>,37,1,[7 2],48,2417,2418,2369,2417
1,<environment.Job instance at 0x1491ae13b2d0>,39,1,[6 2],51,2420,2421,2369,2420
1,<environment.Job instance at 0x1491b07605f0>,45,21,[6 2],62,2441,2462,2379,2441
1,<environment.Job instance at 0x1491ae27a280>,49,1,[1 6],67,2442,2443,2375,2442
1,<environment.Job instance at 0x1491ae27a050>,50,1,[ 1 10],72,2443,2444,2371,2442
1,<environment.Job instance at 0x1491ae27adc0>,53,1,[ 1 10],75,2445,2446,2370,2445
1,<environment.Job instance at 0x1491b63b4b40>,58,27,[7 1],81,2460,2487,2379,2460
1,<environment.Job instance at 0x1491aad9c4b0>,26,2,[1 5],33,2491,2493,2458,2491
1,<environment.Job instance at 0x14920034ae10>,74,23,[1 9],106,2501,2524,2395,2501
1,<environment.Job instance at 0x1491aba7e460>,91,12,[8 1],137,2524,2536,2387,2524
1,<environment.Job instance at 0x1491af3c8d20>,24,2,[ 1 10],31,2541,2543,2510,2541
1,<environment.Job instance at 0x1491aad9cd20>,25,1,[9 1],32,2577,2578,2545,2577
1,<environment.Job instance at 0x1491b6415500>,11,2,[13  1],18,33,35,15,33
1,<environment.Job instance at 0x1491b5712c80>,16,1,[1 5],25,33,34,8,33
1,<environment.Job instance at 0x1491aaf99af0>,19,21,[2 6],29,34,55,5,33
1,<environment.Job instance at 0x1491ab5527d0>,29,1,[1 7],42,53,54,11,53
1,<environment.Job instance at 0x1491ab5523c0>,30,2,[1 8],43,54,56,11,53
1,<environment.Job instance at 0x1491ab552d20>,31,2,[ 1 10],46,56,58,10,54
1,<environment.Job instance at 0x1491ab1f9c80>,35,2,[1 6],50,81,83,31,81
1,<environment.Job instance at 0x1491ab1f9320>,36,24,[9 2],51,85,109,34,85
1,<environment.Job instance at 0x1491ae438e60>,42,1,[1 9],60,115,116,55,115
1,<environment.Job instance at 0x1491ae4386e0>,43,1,[10  2],61,115,116,54,115
1,<environment.Job instance at 0x1491ae438aa0>,45,1,[6 2],65,116,117,51,115
1,<environment.Job instance at 0x1491ae438f50>,47,2,[7 2],67,116,118,49,115
1,<environment.Job instance at 0x1491af443320>,53,1,[ 2 10],75,135,136,60,135
1,<environment.Job instance at 0x1491af8c85f0>,62,2,[ 2 10],92,142,144,50,142
1,<environment.Job instance at 0x1491ab1f7aa0>,71,23,[2 9],102,153,176,51,153
1,<environment.Job instance at 0x1491ab392eb0>,83,1,[1 6],122,168,169,46,168
1,<environment.Job instance at 0x1491ab1e4a50>,92,2,[2 8],135,190,192,55,190
1,<environment.Job instance at 0x1491ae2c9820>,94,3,[13  1],137,1110,1113,973,1110
1,<environment.Job instance at 0x1491ae2c9af0>,96,1,[2 9],139,1110,1111,971,1110
1,<environment.Job instance at 0x1491ae49cf00>,56,2,[6 2],81,1116,1118,1035,1116
1,<environment.Job instance at 0x1491b6415c30>,13,3,[6 2],20,1349,1352,1329,1349
1,<environment.Job instance at 0x1491ae074410>,3,3,[1 7],7,7,10,0,7
1,<environment.Job instance at 0x1491ae074320>,4,1,[2 9],8,10,11,2,8
1,<environment.Job instance at 0x1491ae27fa00>,11,26,[ 2 10],21,22,48,1,22
1,<environment.Job instance at 0x1491aadfbcd0>,12,3,[ 2 10],22,1204,1207,1182,1204
1,<environment.Job instance at 0x1491b645cd70>,17,14,[13  1],33,1206,1220,1173,1206
1,<environment.Job instance at 0x1491b56fa2d0>,24,2,[1 8],41,1207,1209,1166,1206
1,<environment.Job instance at 0x1491f0751960>,27,1,[5 1],44,1220,1221,1176,1210
1,<environment.Job instance at 0x1491ab237aa0>,28,2,[2 7],45,1210,1212,1165,1210
1,<environment.Job instance at 0x1491ab33dc80>,32,1,[9 2],49,1220,1221,1171,1214
1,<environment.Job instance at 0x1491ae270b40>,35,23,[5 2],54,1221,1244,1167,1215
1,<environment.Job instance at 0x1491b652beb0>,36,2,[2 9],56,1215,1217,1159,1215
1,<environment.Job instance at 0x1491b50df730>,41,3,[ 2 12],62,1240,1243,1178,1240
1,<environment.Job instance at 0x1491b50df3c0>,42,12,[11  1],63,1246,1258,1183,1246
1,<environment.Job instance at 0x1491b50dff00>,46,16,[5 1],68,1265,1281,1197,1265
1,<environment.Job instance at 0x1491b50df140>,47,28,[5 2],69,1265,1293,1196,1265
1,<environment.Job instance at 0x1491b58c3e60>,56,1,[ 1 10],86,1286,1287,1200,1286
1,<environment.Job instance at 0x1491b58c3eb0>,58,1,[2 6],88,1287,1288,1199,1286
1,<environment.Job instance at 0x1491b58c3500>,61,1,[7 2],92,1303,1304,1211,1303
1,<environment.Job instance at 0x1491b58c35a0>,62,12,[1 5],93,1314,1326,1221,1314
1,<environment.Job instance at 0x1491ae0b21e0>,68,3,[2 8],101,1324,1327,1223,1324
1,<environment.Job instance at 0x1491ae0b24b0>,69,26,[2 6],102,1326,1352,1224,1324
1,<environment.Job instance at 0x1491ae0b2f00>,74,1,[ 2 10],107,1352,1353,1245,1343
1,<environment.Job instance at 0x1491ae0b2cd0>,76,2,[5 1],109,1345,1347,1236,1345
1,<environment.Job instance at 0x1491abedd280>,79,21,[2 7],114,1353,1374,1239,1349
1,<environment.Job instance at 0x1491abedd5a0>,83,2,[7 1],118,1352,1354,1234,1352
1,<environment.Job instance at 0x1491abeddc80>,84,1,[1 6],119,1353,1354,1234,1352
1,<environment.Job instance at 0x1491abedd190>,85,27,[2 7],120,1354,1381,1234,1352
1,<environment.Job instance at 0x1491b58e95a0>,92,3,[ 2 13],134,1386,1389,1252,1386
1,<environment.Job instance at 0x1491b3a50730>,93,2,[2 8],135,1389,1391,1254,1386
1,<environment.Job instance at 0x1491f06f5a00>,95,21,[1 5],139,1389,1410,1250,1386
1,<environment.Job instance at 0x1491ab4954b0>,21,19,[8 1],38,1405,1424,1367,1405
1,<environment.Job instance at 0x1491ab244af0>,18,3,[6 2],35,1445,1448,1410,1445
1,<environment.Job instance at 0x1491aaae6320>,1,2,[1 6],2,2,4,0,2
1,<environment.Job instance at 0x1491ae15f550>,2,2,[5 2],3,3,5,0,3
1,<environment.Job instance at 0x1491ad50b960>,14,2,[2 8],18,18,20,0,18
1,<environment.Job instance at 0x1491ad50b140>,15,2,[1 8],19,20,22,1,19
1,<environment.Job instance at 0x1491ad50b190>,17,2,[2 9],21,22,24,1,21
1,<environment.Job instance at 0x1491ad50b910>,18,1,[1 7],22,24,25,2,22
1,<environment.Job instance at 0x1491ae42d5f0>,19,2,[7 1],23,23,25,0,23
1,<environment.Job instance at 0x1491ab75d550>,25,2,[2 7],32,32,34,0,32
1,<environment.Job instance at 0x1491ab75d410>,26,1,[2 7],33,33,34,0,33
1,<environment.Job instance at 0x1491aacb8140>,27,2,[5 1],34,35,37,1,35
1,<environment.Job instance at 0x1491aacb89b0>,28,1,[2 9],36,36,37,0,36
1,<environment.Job instance at 0x1491aacb8f00>,29,1,[ 1 10],38,38,39,0,38
1,<environment.Job instance at 0x1491ab80dfa0>,31,1,[1 7],40,40,41,0,40
1,<environment.Job instance at 0x1491ae249910>,34,22,[2 8],44,45,67,1,45
1,<environment.Job instance at 0x1491b590f190>,37,2,[ 1 12],47,67,69,20,55
1,<environment.Job instance at 0x1491af372820>,47,13,[2 5],62,69,82,7,63
1,<environment.Job instance at 0x1491abeff280>,48,2,[2 8],63,69,71,6,63
1,<environment.Job instance at 0x1491b5728780>,50,2,[8 1],67,67,69,0,67
1,<environment.Job instance at 0x1491b5728550>,52,13,[2 5],72,72,85,0,72
1,<environment.Job instance at 0x1491b5728e60>,55,14,[7 1],75,80,94,5,80
1,<environment.Job instance at 0x1491ab08e960>,57,3,[8 1],77,85,88,8,80
1,<environment.Job instance at 0x1491b652a960>,63,1,[10  2],85,94,95,9,87
1,<environment.Job instance at 0x1491b652a730>,64,1,[5 1],86,88,89,2,87
1,<environment.Job instance at 0x1491b652a6e0>,66,2,[5 1],88,89,91,1,88
1,<environment.Job instance at 0x1491b652a500>,67,15,[9 2],90,95,110,5,95
1,<environment.Job instance at 0x1491aacdcaa0>,68,2,[2 8],92,95,97,3,95
1,<environment.Job instance at 0x1491b1fe86e0>,69,1,[ 1 10],93,97,98,4,95
1,<environment.Job instance at 0x1491b1fe80f0>,72,1,[2 8],97,98,99,1,97
1,<environment.Job instance at 0x1491b1fe44b0>,73,1,[5 1],98,99,100,1,98
1,<environment.Job instance at 0x1491abf73b90>,76,2,[6 2],105,105,107,0,105
1,<environment.Job instance at 0x1491ab22ed70>,80,18,[2 6],111,111,129,0,111
1,<environment.Job instance at 0x1491ab22e2d0>,86,1,[1 6],117,122,123,5,122
1,<environment.Job instance at 0x1491b590fdc0>,38,2,[7 1],48,134,136,86,134
1,<environment.Job instance at 0x1491adf9da50>,89,13,[ 1 14],122,136,149,14,136
1,<environment.Job instance at 0x1491aaf959b0>,96,2,[7 2],132,149,151,17,141
1,<environment.Job instance at 0x1491ae43c280>,98,2,[2 6],138,149,151,11,141
1,<environment.Job instance at 0x1491ae2498c0>,35,13,[1 5],45,245,258,200,245
1,<environment.Job instance at 0x1491aaf95550>,90,1,[10  1],125,320,321,195,320
1,<environment.Job instance at 0x14ef5a60cbe0>,3,1,[6 2],4,4,5,0,4
1,<environment.Job instance at 0x14ef5a60c820>,4,2,[7 2],5,5,7,0,5
1,<environment.Job instance at 0x14ef5ae4ac80>,13,2,[8 1],17,17,19,0,17
1,<environment.Job instance at 0x14ef5ad668c0>,14,2,[ 1 10],18,18,20,0,18
1,<environment.Job instance at 0x14ef5acbee10>,15,1,[ 1 10],20,20,21,0,20
1,<environment.Job instance at 0x14ef5ae16b40>,16,1,[2 5],21,21,22,0,21
1,<environment.Job instance at 0x14ef5ae49640>,20,2,[ 1 13],27,27,29,0,27
1,<environment.Job instance at 0x14ef5ad1dcd0>,22,1,[2 7],30,30,31,0,30
1,<environment.Job instance at 0x14ef5ad1d5a0>,23,2,[8 1],31,31,33,0,31
1,<environment.Job instance at 0x14ef5ad6c5f0>,26,1,[2 7],35,35,36,0,35
1,<environment.Job instance at 0x14ef5ad1d500>,27,2,[2 7],36,36,38,0,36
1,<environment.Job instance at 0x14ef5a633730>,0,3,[11  2],1,90,93,89,90
1,<environment.Job instance at 0x14ef5a881a00>,1,3,[ 2 10],2,198,201,196,198
1,<environment.Job instance at 0x14ef5cdec0a0>,10,3,[12  1],14,298,301,284,298
1,<environment.Job instance at 0x14ef5cdec230>,14,2,[1 8],19,298,300,279,298
1,<environment.Job instance at 0x14ef5cdec910>,11,1,[1 8],16,752,753,736,752
1,<environment.Job instance at 0x14ef5cda40f0>,16,13,[ 1 14],22,753,766,731,752
1,<environment.Job instance at 0x14ef5cda4050>,19,2,[7 2],25,766,768,741,752
1,<environment.Job instance at 0x14ef5cda4e60>,21,28,[2 8],29,766,794,737,765
1,<environment.Job instance at 0x14ef5ce17690>,32,19,[ 1 10],48,794,813,746,789
1,<environment.Job instance at 0x14ef5ce17550>,33,2,[9 1],49,789,791,740,789
1,<environment.Job instance at 0x14ef5ce17640>,34,3,[5 2],50,791,794,741,789
1,<environment.Job instance at 0x14ef5ce175a0>,35,2,[ 1 10],51,813,815,762,789
1,<environment.Job instance at 0x14ef5ce17e10>,37,1,[1 7],53,815,816,762,789
1,<environment.Job instance at 0x14ef5ce165a0>,38,1,[2 9],54,816,817,762,789
1,<environment.Job instance at 0x14ef5ce160f0>,42,12,[7 1],60,809,821,749,809
1,<environment.Job instance at 0x14ef5ce16960>,43,2,[8 2],61,817,819,756,809
1,<environment.Job instance at 0x14ef5ce16730>,45,2,[2 5],63,815,817,752,809
1,<environment.Job instance at 0x14ef5ce169b0>,46,3,[6 1],64,809,812,745,809
1,<environment.Job instance at 0x14ef5ce43780>,49,18,[8 1],68,819,837,751,814
1,<environment.Job instance at 0x14ef5ce43f00>,50,16,[1 6],69,821,837,752,815
1,<environment.Job instance at 0x14ef5ce43730>,51,17,[1 6],71,823,840,752,823
1,<environment.Job instance at 0x14ef5ce154b0>,52,17,[7 1],72,837,854,765,825
1,<environment.Job instance at 0x14ef5ce152d0>,56,1,[9 1],81,854,855,773,846
1,<environment.Job instance at 0x14ef5ce15a00>,58,2,[6 2],83,846,848,763,846
1,<environment.Job instance at 0x14ef5ce15550>,59,1,[9 1],85,855,856,770,846
1,<environment.Job instance at 0x14ef5ce15dc0>,60,2,[8 1],86,848,850,762,846
1,<environment.Job instance at 0x14ef5ce15f50>,61,1,[ 1 10],87,846,847,759,846
1,<environment.Job instance at 0x14ef5ce15050>,62,2,[1 5],89,850,852,761,846
1,<environment.Job instance at 0x14ef5ad185a0>,64,2,[10  2],91,856,858,765,847
1,<environment.Job instance at 0x14ef5cd9ed70>,66,1,[2 6],96,850,851,754,849
1,<environment.Job instance at 0x14ef5cd9e9b0>,69,1,[2 8],102,851,852,749,851
1,<environment.Job instance at 0x14ef5cd9efa0>,70,18,[10  1],106,858,876,752,857
1,<environment.Job instance at 0x14ef5cd9eaf0>,77,2,[ 2 12],116,862,864,746,862
1,<environment.Job instance at 0x14ef5cd9eb90>,78,14,[6 1],117,876,890,759,868
1,<environment.Job instance at 0x14ef5cda4c30>,17,27,[1 8],23,886,913,863,886
1,<environment.Job instance at 0x14ef5cda4a00>,1,1,[2 5],4,4,5,0,4
1,<environment.Job instance at 0x14ef5c2d5410>,7,2,[2 5],14,14,16,0,14
1,<environment.Job instance at 0x14ef5d07a690>,8,1,[ 2 10],15,15,16,0,15
1,<environment.Job instance at 0x14ef5d1045a0>,12,21,[7 2],20,20,41,0,20
1,<environment.Job instance at 0x14ef5cfb90a0>,21,3,[1 9],34,38,41,4,38
1,<environment.Job instance at 0x14ef5e2be190>,36,2,[ 2 12],60,74,76,14,74
1,<environment.Job instance at 0x14ef5e2be690>,27,1,[ 2 10],45,1035,1036,990,1035
1,<environment.Job instance at 0x14ef5cfe7eb0>,0,2,[1 9],1,1,3,0,1
1,<environment.Job instance at 0x14ef5e2be8c0>,2,1,[1 8],5,5,6,0,5
1,<environment.Job instance at 0x14ef640b1d20>,8,2,[1 7],12,13,15,1,13
1,<environment.Job instance at 0x14ef5e293870>,11,2,[1 8],16,16,18,0,16
1,<environment.Job instance at 0x14ef5e293960>,12,2,[1 5],18,18,20,0,18
1,<environment.Job instance at 0x14ef5e293280>,14,1,[2 8],20,20,21,0,20
1,<environment.Job instance at 0x14ef5e293140>,15,1,[8 2],21,21,22,0,21
1,<environment.Job instance at 0x14ef5e293b90>,16,14,[14  1],22,30,44,8,30
1,<environment.Job instance at 0x14ef5e293230>,20,3,[ 2 11],30,44,47,14,40
1,<environment.Job instance at 0x14ef5e293aa0>,22,1,[1 5],32,40,41,8,40
1,<environment.Job instance at 0x14ef5e297e10>,31,2,[1 8],41,47,49,6,45
1,<environment.Job instance at 0x14ef5e2977d0>,33,2,[2 8],43,49,51,6,45
1,<environment.Job instance at 0x14ef5a8815f0>,36,2,[2 8],49,51,53,2,49
1,<environment.Job instance at 0x14ef5a881eb0>,37,1,[6 2],51,51,52,0,51
1,<environment.Job instance at 0x14ef5a8813c0>,38,1,[2 9],52,53,54,1,52
1,<environment.Job instance at 0x14ef5a0a6460>,39,27,[ 2 10],53,54,81,1,53
1,<environment.Job instance at 0x14ef59ffcd20>,55,19,[2 9],76,81,100,5,77
1,<environment.Job instance at 0x14ef59ffc690>,56,13,[12  2],77,438,451,361,438
1,<environment.Job instance at 0x14ef59ffc910>,59,2,[1 5],80,438,440,358,438
1,<environment.Job instance at 0x14ef59ffc2d0>,60,1,[1 7],81,438,439,357,438
1,<environment.Job instance at 0x14ef5cfbba50>,62,2,[1 5],83,439,441,356,438
1,<environment.Job instance at 0x14ef5cfbb640>,63,1,[1 9],85,441,442,356,438
1,<environment.Job instance at 0x14ef5cfbb280>,66,1,[2 6],88,442,443,354,442
1,<environment.Job instance at 0x14ef5cfbbd20>,67,1,[2 8],90,443,444,353,442
1,<environment.Job instance at 0x14ef5cfbbdc0>,68,1,[2 6],91,444,445,353,442
1,<environment.Job instance at 0x14ef5cfbb4b0>,72,17,[9 1],96,453,470,357,453
1,<environment.Job instance at 0x14ef5cfbbe60>,75,1,[1 8],99,453,454,354,453
1,<environment.Job instance at 0x14ef5cfbb460>,77,2,[2 6],101,458,460,357,458
1,<environment.Job instance at 0x14ef5cfbb7d0>,79,2,[10  2],103,470,472,367,461
1,<environment.Job instance at 0x14ef5cfbb1e0>,82,2,[1 6],107,477,479,370,477
1,<environment.Job instance at 0x14ef5cfbbc30>,83,15,[2 6],109,477,492,368,477
1,<environment.Job instance at 0x14ef5a04ed70>,84,2,[7 2],110,477,479,367,477
1,<environment.Job instance at 0x14ef5a04ee60>,85,13,[5 1],111,477,490,366,477
1,<environment.Job instance at 0x14ef5a04eb40>,86,2,[1 8],112,479,481,367,477
1,<environment.Job instance at 0x14ef5a04ec80>,87,14,[6 1],113,481,495,368,479
1,<environment.Job instance at 0x14ef5a04e280>,88,1,[2 5],114,481,482,367,479
1,<environment.Job instance at 0x14ef5a04e050>,93,25,[12  1],119,495,520,376,495
1,<environment.Job instance at 0x14ef5a04e910>,94,1,[ 2 10],120,495,496,375,495
1,<environment.Job instance at 0x14ef5a04ef00>,100,3,[2 9],130,517,520,387,517
1,<environment.Job instance at 0x14ef5a04e7d0>,101,23,[1 6],131,520,543,389,517
1,<environment.Job instance at 0x14ef5a04e190>,106,2,[7 1],142,537,539,395,537
1,<environment.Job instance at 0x14efa52bb9b0>,107,18,[2 6],144,541,559,397,541
1,<environment.Job instance at 0x14efa52bbf00>,108,1,[7 1],146,541,542,395,541
1,<environment.Job instance at 0x14efa52bb8c0>,109,2,[5 1],147,541,543,394,541
1,<environment.Job instance at 0x14ef640b1050>,9,15,[1 5],13,956,971,943,956
1,<environment.Job instance at 0x14ef5e2931e0>,17,2,[6 1],24,1038,1040,1014,1038
1,<environment.Job instance at 0x14ef5a5b7320>,6,1,[1 9],12,12,13,0,12
1,<environment.Job instance at 0x14ef5a5b7d20>,10,26,[2 8],18,19,45,1,19
1,<environment.Job instance at 0x14ef5a87a0f0>,26,27,[1 7],45,50,77,5,50
1,<environment.Job instance at 0x14ef5cdec8c0>,39,2,[1 8],67,77,79,10,77
1,<environment.Job instance at 0x14ef5a089550>,40,1,[10  2],68,78,79,10,78
1,<environment.Job instance at 0x14ef5a089be0>,44,1,[ 1 12],76,81,82,5,81
1,<environment.Job instance at 0x14ef5ad195f0>,46,1,[8 1],79,82,83,3,82
1,<environment.Job instance at 0x14ef640d11e0>,48,1,[2 9],84,85,86,1,85
1,<environment.Job instance at 0x14ef5a628140>,17,1,[6 2],32,86,87,54,86
1,<environment.Job instance at 0x14ef5a3668c0>,49,2,[7 2],85,86,88,1,86
1,<environment.Job instance at 0x14ef5cee3dc0>,51,13,[13  2],87,1363,1376,1276,1363
1,<environment.Job instance at 0x14ef5a2b85a0>,53,2,[7 1],91,1376,1378,1285,1363
1,<environment.Job instance at 0x14efa536db90>,57,28,[5 1],96,1376,1404,1280,1375
1,<environment.Job instance at 0x14ef5e1eff50>,62,1,[6 2],101,1385,1386,1284,1385
1,<environment.Job instance at 0x14efa46670a0>,64,1,[7 1],104,1402,1403,1298,1402
1,<environment.Job instance at 0x14ef5e1bf460>,70,2,[2 8],110,1408,1410,1298,1408
1,<environment.Job instance at 0x14ef5e1bfe60>,71,2,[5 1],111,1408,1410,1297,1408
1,<environment.Job instance at 0x14ef5e1bf410>,72,1,[6 2],116,1408,1409,1292,1408
1,<environment.Job instance at 0x14ef5a2e5e10>,73,1,[1 9],117,1410,1411,1293,1408
1,<environment.Job instance at 0x14ef640b6d70>,78,1,[9 1],125,1411,1412,1286,1411
1,<environment.Job instance at 0x14ef640b6410>,80,25,[8 1],129,1421,1446,1292,1421
1,<environment.Job instance at 0x14ef640b6c80>,86,1,[10  2],137,1446,1447,1309,1444
1,<environment.Job instance at 0x14ef640b6820>,87,2,[7 2],138,1447,1449,1309,1445
1,<environment.Job instance at 0x14ef5d0d52d0>,93,2,[1 8],145,1461,1463,1316,1461
1,<environment.Job instance at 0x14efa47120a0>,95,1,[ 1 10],149,1467,1468,1318,1467
1,<environment.Job instance at 0x14ef5e167960>,2,2,[6 2],3,4,6,1,4
1,<environment.Job instance at 0x14ef5cd450a0>,4,1,[6 1],6,6,7,0,6
1,<environment.Job instance at 0x14ef5a171eb0>,7,1,[1 6],10,10,11,0,10
1,<environment.Job instance at 0x14ef5a171be0>,9,1,[1 7],12,12,13,0,12
1,<environment.Job instance at 0x14ef5a171410>,10,1,[6 2],13,13,14,0,13
1,<environment.Job instance at 0x14ef5a171050>,11,2,[2 7],14,14,16,0,14
1,<environment.Job instance at 0x14ef5a171aa0>,15,2,[1 9],19,19,21,0,19
1,<environment.Job instance at 0x14ef5a171190>,16,2,[7 2],20,20,22,0,20
1,<environment.Job instance at 0x14ef5a171460>,19,1,[8 1],24,24,25,0,24
1,<environment.Job instance at 0x14ef5e296b40>,20,1,[1 5],26,26,27,0,26
1,<environment.Job instance at 0x14ef5e296a50>,21,1,[10  1],28,28,29,0,28
1,<environment.Job instance at 0x14ef5e296280>,22,1,[5 2],29,29,30,0,29
1,<environment.Job instance at 0x14ef5e296780>,24,25,[9 1],31,31,56,0,31
1,<environment.Job instance at 0x14ef5e296190>,26,21,[ 2 10],34,40,61,6,40
1,<environment.Job instance at 0x14ef5e296370>,30,15,[7 2],39,56,71,17,45
1,<environment.Job instance at 0x14ef5a609140>,37,17,[2 5],47,61,78,14,59
1,<environment.Job instance at 0x14ef5a6094b0>,40,2,[5 2],51,67,69,16,67
1,<environment.Job instance at 0x14ef5a3da9b0>,41,2,[5 1],52,69,71,17,67
1,<environment.Job instance at 0x14ef5a3da690>,42,1,[1 7],53,69,70,16,67
1,<environment.Job instance at 0x14ef5a3daf50>,43,17,[9 1],56,71,88,15,67
1,<environment.Job instance at 0x14ef5a3daeb0>,44,1,[6 2],57,78,79,21,67
1,<environment.Job instance at 0x14ef5a3da2d0>,45,1,[5 1],58,79,80,21,67
1,<environment.Job instance at 0x14ef5e265190>,46,1,[2 6],60,71,72,11,67
1,<environment.Job instance at 0x14ef5e265410>,47,3,[2 6],61,72,75,11,68
1,<environment.Job instance at 0x14ef5e265cd0>,48,2,[9 1],62,88,90,26,68
1,<environment.Job instance at 0x14ef5e265320>,49,13,[6 1],64,80,93,16,69
1,<environment.Job instance at 0x14ef5e2656e0>,50,2,[7 2],65,90,92,25,69
1,<environment.Job instance at 0x14ef5e265780>,51,2,[9 2],66,92,94,26,69
1,<environment.Job instance at 0x14ef5e265820>,52,3,[5 1],67,93,96,26,69
1,<environment.Job instance at 0x14ef5e265eb0>,53,2,[ 1 10],68,90,92,22,69
1,<environment.Job instance at 0x14ef5cd97460>,55,17,[12  1],70,96,113,26,85
1,<environment.Job instance at 0x14efa52ad140>,56,1,[8 2],73,94,95,21,85
1,<environment.Job instance at 0x14efa40efbe0>,61,1,[8 2],78,113,114,35,100
1,<environment.Job instance at 0x14efa40ef5f0>,62,1,[5 2],79,113,114,34,100
1,<environment.Job instance at 0x14efa40efc80>,63,1,[7 1],80,114,115,34,100
1,<environment.Job instance at 0x14efa40efa50>,64,1,[1 8],81,100,101,19,100
1,<environment.Job instance at 0x14efa40ef2d0>,65,2,[6 2],82,114,116,32,100
1,<environment.Job instance at 0x14efa40efd70>,67,1,[6 2],85,115,116,30,100
1,<environment.Job instance at 0x14efa40ef870>,69,2,[ 1 10],88,103,105,15,103
1,<environment.Job instance at 0x14efa40ef280>,70,13,[10  1],89,116,129,27,111
1,<environment.Job instance at 0x14efa40ef460>,71,1,[5 1],90,116,117,26,111
1,<environment.Job instance at 0x14efa40efdc0>,73,2,[7 2],92,129,131,37,111
1,<environment.Job instance at 0x14ef5d0dc320>,75,3,[6 1],94,129,132,35,111
1,<environment.Job instance at 0x14ef5d0dc780>,76,1,[13  1],95,132,133,37,111
1,<environment.Job instance at 0x14ef5d0dcd20>,78,1,[5 1],97,117,118,20,111
1,<environment.Job instance at 0x14ef5d0dcfa0>,85,22,[8 1],105,133,155,28,126
1,<environment.Job instance at 0x14ef64064b90>,91,2,[2 9],112,135,137,23,135
1,<environment.Job instance at 0x14ef5cec56e0>,92,2,[2 7],113,137,139,24,135
1,<environment.Job instance at 0x14ef5a38df50>,93,18,[6 1],115,139,157,24,137
1,<environment.Job instance at 0x14ef5a4af4b0>,95,2,[10  1],117,157,159,40,138
1,<environment.Job instance at 0x14ef5d25dbe0>,96,22,[2 6],119,155,177,36,148
1,<environment.Job instance at 0x14ef5a0c2f50>,97,1,[ 1 14],120,177,178,57,165
1,<environment.Job instance at 0x14efa522b730>,102,1,[8 1],127,165,166,38,165
1,<environment.Job instance at 0x14ef641603c0>,105,3,[ 2 14],132,178,181,46,169
1,<environment.Job instance at 0x14ef64160320>,106,3,[1 8],133,169,172,36,169
1,<environment.Job instance at 0x14efa52b6e10>,107,1,[ 2 10],134,181,182,47,169
1,<environment.Job instance at 0x14efa52b63c0>,109,1,[6 1],137,169,170,32,169
1,<environment.Job instance at 0x14ef5e16faf0>,110,2,[6 1],139,170,172,31,169
1,<environment.Job instance at 0x14efb015ecd0>,112,15,[10  2],144,181,196,37,180
1,<environment.Job instance at 0x14efa4f9a9b0>,113,2,[7 2],145,196,198,51,180
1,<environment.Job instance at 0x14efa4712a00>,3,17,[5 2],4,322,339,318,322
1,<environment.Job instance at 0x14ef5e2961e0>,27,21,[2 5],35,348,369,313,348
1,<environment.Job instance at 0x14ef5e296aa0>,28,15,[5 2],36,978,993,942,978
1,<environment.Job instance at 0x14ef5a2d9730>,0,15,[14  1],1,3,18,2,3
1,<environment.Job instance at 0x14efa79c3230>,3,1,[1 8],4,4,5,0,4
1,<environment.Job instance at 0x14ef5a2d9960>,4,1,[2 9],6,18,19,12,6
1,<environment.Job instance at 0x14ef5a011e10>,7,1,[7 2],12,18,19,6,12
1,<environment.Job instance at 0x14ef5a011910>,8,2,[2 7],13,19,21,6,13
1,<environment.Job instance at 0x14ef5a011d20>,10,25,[6 1],15,18,43,3,15
1,<environment.Job instance at 0x14ef5e376410>,14,2,[ 2 10],22,22,24,0,22
1,<environment.Job instance at 0x14efa463d640>,18,22,[2 5],29,29,51,0,29
1,<environment.Job instance at 0x14ef5cd679b0>,21,26,[ 2 13],33,51,77,18,48
1,<environment.Job instance at 0x14ef5d0deeb0>,24,2,[12  1],37,48,50,11,48
1,<environment.Job instance at 0x14ef5ceee550>,28,1,[8 1],42,50,51,8,48
1,<environment.Job instance at 0x14efa4079140>,31,3,[9 2],45,53,56,8,53
1,<environment.Job instance at 0x14efa40794b0>,32,1,[6 2],47,56,57,9,53
1,<environment.Job instance at 0x14efa4079b40>,33,2,[ 1 10],48,77,79,29,53
1,<environment.Job instance at 0x14efa53086e0>,2,14,[1 6],3,79,93,76,65
1,<environment.Job instance at 0x14efa53ecfa0>,42,2,[ 1 11],67,93,95,26,81
1,<environment.Job instance at 0x14ef5e10f5a0>,48,28,[5 2],74,85,113,11,85
1,<environment.Job instance at 0x14efa6c55410>,51,3,[ 2 14],77,117,120,40,117
1,<environment.Job instance at 0x14ef5e361320>,52,1,[5 1],78,117,118,39,117
1,<environment.Job instance at 0x14ef5d0f41e0>,53,2,[2 6],79,120,122,41,117
1,<environment.Job instance at 0x14ef5ce49780>,63,1,[1 9],91,121,122,30,121
1,<environment.Job instance at 0x14ef5ce490a0>,67,16,[7 1],95,127,143,32,127
1,<environment.Job instance at 0x14ef6410eeb0>,71,26,[1 6],101,133,159,32,133
1,<environment.Job instance at 0x14ef6410e0a0>,73,23,[2 6],104,147,170,43,147
1,<environment.Job instance at 0x14ef6410e8c0>,74,23,[9 1],106,151,174,45,151
1,<environment.Job instance at 0x14ef5a3415f0>,84,3,[12  1],119,325,328,206,325
1,<environment.Job instance at 0x14ef5a341be0>,85,20,[8 1],120,328,348,208,325
1,<environment.Job instance at 0x14efa46ccc30>,92,1,[ 2 10],137,325,326,188,325
1,<environment.Job instance at 0x14efa46cc0f0>,93,3,[11  1],139,428,431,289,428
1,<environment.Job instance at 0x14efa456d870>,3,2,[5 2],6,6,8,0,6
1,<environment.Job instance at 0x14ef5a6285f0>,4,1,[ 2 10],7,7,8,0,7
1,<environment.Job instance at 0x14efa7526d70>,5,1,[6 2],8,8,9,0,8
1,<environment.Job instance at 0x14efa7526e10>,6,2,[ 1 12],9,9,11,0,9
1,<environment.Job instance at 0x14ef5a118b40>,9,21,[5 1],12,12,33,0,12
1,<environment.Job instance at 0x14efa459a320>,20,22,[ 2 10],27,27,49,0,27
1,<environment.Job instance at 0x14efa4f89d70>,41,2,[7 1],58,58,60,0,58
1,<environment.Job instance at 0x14efa4f89690>,42,21,[6 1],60,60,81,0,60
1,<environment.Job instance at 0x14efa4f89e10>,43,3,[ 2 13],62,71,74,9,71
1,<environment.Job instance at 0x14efa5295d20>,48,1,[1 7],70,74,75,4,71
1,<environment.Job instance at 0x14efa40b8af0>,50,27,[5 2],72,74,101,2,72
1,<environment.Job instance at 0x14efa4048730>,57,18,[9 1],83,99,117,16,99
1,<environment.Job instance at 0x14efa404d1e0>,58,2,[8 1],85,117,119,32,99
1,<environment.Job instance at 0x14efa40a6d20>,60,1,[7 1],87,117,118,30,100
1,<environment.Job instance at 0x14ef5add73c0>,64,1,[1 7],94,100,101,6,100
1,<environment.Job instance at 0x14ef5add7190>,66,2,[7 1],96,118,120,22,100
1,<environment.Job instance at 0x14ef5add7050>,67,28,[1 6],97,119,147,22,118
1,<environment.Job instance at 0x14ef5add7410>,68,1,[1 7],100,119,120,19,118
1,<environment.Job instance at 0x14ef5add7c80>,69,21,[9 1],101,120,141,19,118
1,<environment.Job instance at 0x14ef5add7d70>,73,2,[ 2 10],106,147,149,41,130
1,<environment.Job instance at 0x14ef5add7d20>,75,1,[1 9],109,141,142,32,131
1,<environment.Job instance at 0x14ef5ae0c140>,76,1,[2 7],110,131,132,21,131
1,<environment.Job instance at 0x14ef5ae0c2d0>,77,2,[1 8],111,132,134,21,131
1,<environment.Job instance at 0x14ef5ae0c3c0>,78,1,[1 9],113,142,143,29,131
1,<environment.Job instance at 0x14ef5ae0c280>,79,2,[ 2 10],115,149,151,34,131
1,<environment.Job instance at 0x14ef5ae0c640>,82,20,[ 2 11],118,151,171,33,142
1,<environment.Job instance at 0x14ef5ae0ca50>,85,15,[6 1],123,161,176,38,161
1,<environment.Job instance at 0x14ef5ae0cb40>,86,1,[9 2],124,171,172,47,162
1,<environment.Job instance at 0x14ef5ae0c730>,87,1,[2 8],125,172,173,47,162
1,<environment.Job instance at 0x14ef5ae0cd20>,89,1,[8 1],128,173,174,45,162
1,<environment.Job instance at 0x14ef5ae0c820>,90,1,[1 8],130,173,174,43,162
1,<environment.Job instance at 0x14ef5ae0cd70>,91,1,[2 9],131,174,175,43,162
1,<environment.Job instance at 0x14ef5adfeaa0>,100,1,[1 6],142,175,176,33,174
1,<environment.Job instance at 0x14ef5adfeaf0>,101,1,[10  1],143,176,177,33,174
1,<environment.Job instance at 0x14ef5adfed20>,102,17,[5 1],144,175,192,31,175
1,<environment.Job instance at 0x14ef5adfefa0>,106,26,[8 1],148,178,204,30,178
1,<environment.Job instance at 0x14efa4f890f0>,44,14,[2 6],63,355,369,292,355
1,<environment.Job instance at 0x14efa4f89410>,45,1,[ 2 10],64,369,370,305,367
1,<environment.Job instance at 0x14ef5ae0f320>,0,27,[6 1],1,1,28,0,1
1,<environment.Job instance at 0x14ef5a078190>,10,1,[6 1],15,24,25,9,24
1,<environment.Job instance at 0x14ef59e0f5a0>,11,28,[14  1],18,28,56,10,27
1,<environment.Job instance at 0x14ef5a078960>,18,2,[11  2],26,56,58,30,48
1,<environment.Job instance at 0x14ef5a4473c0>,20,2,[1 8],29,48,50,19,48
1,<environment.Job instance at 0x14ef640b1f00>,21,2,[1 5],30,50,52,20,48
1,<environment.Job instance at 0x14ef5d0f7cd0>,33,2,[12  1],45,58,60,13,57
1,<environment.Job instance at 0x14ef5d0f7320>,35,1,[2 8],47,57,58,10,57
1,<environment.Job instance at 0x14efa45c3500>,38,15,[2 5],50,67,82,17,67
1,<environment.Job instance at 0x14ef5e1c96e0>,41,17,[7 1],54,70,87,16,70
1,<environment.Job instance at 0x14ef5e2f65f0>,47,1,[1 6],62,84,85,22,84
1,<environment.Job instance at 0x14efa6ed9b90>,50,2,[7 2],65,85,87,20,85
1,<environment.Job instance at 0x14ef5a622a50>,51,1,[1 6],66,85,86,19,85
1,<environment.Job instance at 0x14efa46dcdc0>,55,15,[6 1],75,88,103,13,88
1,<environment.Job instance at 0x14ef5d1c5d20>,57,17,[8 1],77,99,116,22,99
1,<environment.Job instance at 0x14ef5a2344b0>,58,1,[ 2 13],78,103,104,25,101
1,<environment.Job instance at 0x14efa51f2d20>,65,1,[6 2],87,107,108,20,107
1,<environment.Job instance at 0x14ef5acc4c80>,67,15,[8 1],89,116,131,27,115
1,<environment.Job instance at 0x14ef6413eaa0>,73,1,[7 2],102,124,125,22,124
1,<environment.Job instance at 0x14ef6413e280>,74,1,[2 8],103,125,126,22,124
1,<environment.Job instance at 0x14ef6413ebe0>,75,2,[2 9],104,126,128,22,124
1,<environment.Job instance at 0x14ef5cd2f640>,77,2,[7 1],107,128,130,21,124
1,<environment.Job instance at 0x14ef5cd2f230>,78,1,[ 1 10],108,130,131,22,124
1,<environment.Job instance at 0x14ef5cd2f730>,79,26,[2 5],109,131,157,22,128
1,<environment.Job instance at 0x14ef5e2128c0>,91,2,[ 2 13],129,157,159,28,151
1,<environment.Job instance at 0x14ef5e212d70>,93,28,[2 5],133,159,187,26,158
1,<environment.Job instance at 0x14efa6ca83c0>,4,2,[2 9],5,190,192,185,190
1,<environment.Job instance at 0x14efa4579410>,98,1,[2 6],138,194,195,56,194
1,<environment.Job instance at 0x14efa4579eb0>,99,1,[1 5],140,197,198,57,197
1,<environment.Job instance at 0x14efa4579b40>,97,16,[ 1 11],137,201,217,64,201
1,<environment.Job instance at 0x14efa4579a50>,100,2,[2 8],141,226,228,85,226
1,<environment.Job instance at 0x14ef5a1fbb90>,5,13,[2 8],7,499,512,492,499
1,<environment.Job instance at 0x14efb016b050>,0,2,[6 2],1,1,3,0,1
1,<environment.Job instance at 0x14efa4645410>,6,2,[10  2],10,10,12,0,10
1,<environment.Job instance at 0x14efa45f6410>,8,1,[1 8],12,12,13,0,12
1,<environment.Job instance at 0x14ef5d25ae60>,9,25,[9 1],13,13,38,0,13
1,<environment.Job instance at 0x14ef5d0bce10>,21,2,[ 1 14],30,34,36,4,34
1,<environment.Job instance at 0x14ef5e155690>,26,2,[1 5],36,36,38,0,36
1,<environment.Job instance at 0x14ef5d0bc230>,23,3,[9 1],32,42,45,10,42
1,<environment.Job instance at 0x14efa52e6140>,44,21,[10  2],62,63,84,1,63
1,<environment.Job instance at 0x14efa4689c80>,50,1,[ 1 12],74,74,75,0,74
1,<environment.Job instance at 0x14ef5cfdc2d0>,51,1,[10  2],75,84,85,9,75
1,<environment.Job instance at 0x14ef5acfc460>,55,1,[9 1],80,85,86,5,80
1,<environment.Job instance at 0x14efa530ee10>,56,20,[9 1],81,86,106,5,81
1,<environment.Job instance at 0x14ef5cfe0e10>,58,2,[13  1],84,106,108,22,91
1,<environment.Job instance at 0x14ef5aded690>,59,1,[12  2],85,108,109,23,93
1,<environment.Job instance at 0x14ef5a1d9d20>,60,1,[5 1],86,93,94,7,93
1,<environment.Job instance at 0x14ef5cd7b7d0>,64,2,[1 6],96,96,98,0,96
1,<environment.Job instance at 0x14ef5cd84460>,66,2,[2 8],100,100,102,0,100
1,<environment.Job instance at 0x14ef5cd84d70>,67,1,[7 1],103,109,110,6,103
1,<environment.Job instance at 0x14ef5cd84be0>,68,2,[2 6],104,104,106,0,104
1,<environment.Job instance at 0x14ef5a12f280>,45,22,[2 9],63,106,128,43,104
1,<environment.Job instance at 0x14ef64143f50>,82,2,[2 6],121,123,125,2,123
1,<environment.Job instance at 0x14efa46254b0>,88,1,[2 5],129,129,130,0,129
1,<environment.Job instance at 0x14ef5e166dc0>,90,1,[ 1 13],131,131,132,0,131
1,<environment.Job instance at 0x14ef64143780>,81,1,[1 9],120,148,149,28,148
1,<environment.Job instance at 0x14ef5e166a50>,91,12,[ 1 14],132,576,588,444,576
1,<environment.Job instance at 0x14ef59d522d0>,94,1,[11  1],143,587,588,444,587
1,<environment.Job instance at 0x14ef59d52910>,95,2,[5 1],144,588,590,444,587
1,<environment.Job instance at 0x14ef59d52eb0>,97,2,[1 8],146,588,590,442,587
1,<environment.Job instance at 0x14ef5e1661e0>,92,1,[5 2],133,588,589,455,588
1,<environment.Job instance at 0x14ef5e155d70>,22,1,[7 2],31,658,659,627,658
1,<environment.Job instance at 0x14ef5e1557d0>,24,15,[6 1],33,870,885,837,870
1,<environment.Job instance at 0x14efb015eaf0>,0,1,[2 9],1,1,2,0,1
1,<environment.Job instance at 0x14ef5a5987d0>,1,1,[1 5],2,2,3,0,2
1,<environment.Job instance at 0x14efb01cdeb0>,7,2,[9 2],11,11,13,0,11
1,<environment.Job instance at 0x14ef5a8740f0>,8,2,[2 7],15,15,17,0,15
1,<environment.Job instance at 0x14ef5ad6cbe0>,9,1,[8 1],16,16,17,0,16
1,<environment.Job instance at 0x14ef640bf0a0>,14,2,[7 2],21,21,23,0,21
1,<environment.Job instance at 0x14ef640bf3c0>,15,1,[ 2 10],22,22,23,0,22
1,<environment.Job instance at 0x14efa7538f00>,19,1,[9 2],28,28,29,0,28
1,<environment.Job instance at 0x14efa4090d20>,20,17,[8 1],29,29,46,0,29
1,<environment.Job instance at 0x14ef5d163370>,24,15,[9 1],34,46,61,12,46
1,<environment.Job instance at 0x14ef5d1637d0>,30,2,[2 8],42,47,49,5,47
1,<environment.Job instance at 0x14ef5a203050>,37,2,[8 2],50,61,63,11,53
1,<environment.Job instance at 0x14ef5a2035f0>,38,1,[1 6],51,53,54,2,53
1,<environment.Job instance at 0x14ef5a203870>,40,16,[1 5],53,54,70,1,54
1,<environment.Job instance at 0x14ef5a553820>,43,17,[12  1],57,76,93,19,76
1,<environment.Job instance at 0x14efa53b98c0>,50,3,[2 8],65,93,96,28,93
1,<environment.Job instance at 0x14ef5a261690>,51,2,[1 7],66,93,95,27,93
1,<environment.Job instance at 0x14ef59f65b40>,52,2,[1 6],67,95,97,28,93
1,<environment.Job instance at 0x14ef5a0904b0>,55,3,[8 2],71,96,99,25,95
1,<environment.Job instance at 0x14ef5a090af0>,57,2,[9 1],74,99,101,25,96
1,<environment.Job instance at 0x14ef59e954b0>,58,1,[2 5],75,96,97,21,96
1,<environment.Job instance at 0x14ef5a261a00>,60,2,[2 8],80,97,99,17,96
1,<environment.Job instance at 0x14ef5d181b40>,64,12,[1 7],86,111,123,25,111
1,<environment.Job instance at 0x14ef5d00e730>,68,2,[2 9],90,123,125,33,117
1,<environment.Job instance at 0x14efa4618190>,70,2,[8 1],92,121,123,29,121
1,<environment.Job instance at 0x14efa45542d0>,71,16,[7 2],94,127,143,33,127
1,<environment.Job instance at 0x14ef5c2f62d0>,74,12,[ 2 11],98,147,159,49,147
1,<environment.Job instance at 0x14ef59db7f50>,80,23,[2 5],107,159,182,52,154
1,<environment.Job instance at 0x14ef5e2991e0>,86,1,[5 2],113,173,174,60,173
1,<environment.Job instance at 0x14ef5e299f50>,88,2,[2 6],115,176,178,61,176
1,<environment.Job instance at 0x14ef59ee4be0>,90,18,[1 6],118,179,197,61,179
1,<environment.Job instance at 0x14ef59ee4500>,93,17,[11  2],122,331,348,209,331
1,<environment.Job instance at 0x14ef5e233050>,99,18,[2 5],130,344,362,214,344
1,<environment.Job instance at 0x14ef59f32dc0>,104,18,[ 1 14],137,362,380,225,356
1,<environment.Job instance at 0x14ef59d5e870>,112,28,[ 2 10],146,380,408,234,379
1,<environment.Job instance at 0x14ef5d207910>,3,1,[ 1 10],7,7,8,0,7
1,<environment.Job instance at 0x14ef5d207eb0>,4,1,[5 2],8,8,9,0,8
1,<environment.Job instance at 0x14ef5d207460>,5,1,[8 1],9,9,10,0,9
1,<environment.Job instance at 0x14ef5a54e280>,12,2,[2 5],24,24,26,0,24
1,<environment.Job instance at 0x14ef59ea3780>,13,19,[ 2 14],25,30,49,5,30
1,<environment.Job instance at 0x14ef5d0bd7d0>,27,1,[9 2],43,49,50,6,43
1,<environment.Job instance at 0x14ef5a02e190>,31,1,[10  2],49,50,51,1,49
1,<environment.Job instance at 0x14ef5d0bd1e0>,15,3,[9 1],27,51,54,24,51
1,<environment.Job instance at 0x14ef59e3a0f0>,34,1,[1 7],52,52,53,0,52
1,<environment.Job instance at 0x14efa6c895f0>,35,1,[9 1],54,54,55,0,54
1,<environment.Job instance at 0x14efa46fc870>,0,1,[14  1],1,6,7,5,6
1,<environment.Job instance at 0x14ef5a4e35f0>,12,1,[10  1],19,19,20,0,19
1,<environment.Job instance at 0x14efa45bbc30>,14,2,[8 1],21,21,23,0,21
1,<environment.Job instance at 0x14ef5ace5960>,15,1,[5 2],22,22,23,0,22
1,<environment.Job instance at 0x14ef5a5346e0>,17,2,[5 1],24,24,26,0,24
1,<environment.Job instance at 0x14ef59ed6500>,20,1,[1 5],28,28,29,0,28
1,<environment.Job instance at 0x14ef5cdc3c80>,21,1,[8 2],29,29,30,0,29
1,<environment.Job instance at 0x14ef59ed69b0>,22,2,[7 1],30,30,32,0,30
1,<environment.Job instance at 0x14ef5cf9c370>,23,1,[10  1],31,32,33,1,31
1,<environment.Job instance at 0x14ef5d0e6aa0>,24,2,[ 1 10],32,32,34,0,32
1,<environment.Job instance at 0x14efa40ffe10>,25,2,[1 8],33,34,36,1,33
1,<environment.Job instance at 0x14efa46fc500>,2,3,[10  1],3,36,39,33,36
1,<environment.Job instance at 0x14ef5a2c8f50>,30,1,[2 5],38,38,39,0,38
1,<environment.Job instance at 0x14ef5a2c8190>,31,3,[ 1 11],41,55,58,14,55
1,<environment.Job instance at 0x14ef5a2c84b0>,33,2,[2 5],43,58,60,15,55
1,<environment.Job instance at 0x14ef5a2c8410>,38,2,[5 2],50,55,57,5,55
1,<environment.Job instance at 0x14efa52f9eb0>,40,1,[1 5],53,58,59,5,55
1,<environment.Job instance at 0x14efa46fc280>,4,17,[7 2],6,63,80,57,63
1,<environment.Job instance at 0x14ef5a2c89b0>,32,2,[1 9],42,98,100,56,98
1,<environment.Job instance at 0x14ef5d27e0a0>,54,3,[ 1 14],70,107,110,37,107
1,<environment.Job instance at 0x14ef5d10d780>,56,2,[8 1],73,107,109,34,107
1,<environment.Job instance at 0x14ef5adfc0a0>,64,23,[1 5],84,110,133,26,108
1,<environment.Job instance at 0x14efa40975a0>,74,22,[5 1],96,129,151,33,129
1,<environment.Job instance at 0x14efa4097cd0>,78,2,[5 2],103,140,142,37,140
1,<environment.Job instance at 0x14efa53e9c80>,82,12,[9 1],108,150,162,42,150
1,<environment.Job instance at 0x14efa6c6d8c0>,94,18,[ 2 11],122,249,267,127,249
1,<environment.Job instance at 0x14efa6c6d5a0>,97,2,[ 1 13],125,267,269,142,262
1,<environment.Job instance at 0x14ef5e59dfa0>,106,2,[8 2],137,268,270,131,268
1,<environment.Job instance at 0x14ef5e59d870>,107,2,[11  1],138,270,272,132,268
1,<environment.Job instance at 0x14ef5e59daa0>,108,1,[8 2],139,272,273,133,268
1,<environment.Job instance at 0x14ef5e59d0f0>,110,28,[ 2 10],141,271,299,130,271
1,<environment.Job instance at 0x14ef5a38d6e0>,55,3,[5 1],71,327,330,256,327
1,<environment.Job instance at 0x14efa46fc0f0>,1,3,[10  1],2,420,423,418,420
1,<environment.Job instance at 0x14efb01e7320>,3,1,[8 1],4,568,569,564,568
1,<environment.Job instance at 0x14efb01e7320>,1,2,[6 2],3,3,5,0,3
1,<environment.Job instance at 0x14ef5d1fd190>,2,2,[1 5],4,5,7,1,5
1,<environment.Job instance at 0x14ef59eab550>,6,2,[6 2],10,10,12,0,10
1,<environment.Job instance at 0x14ef59eabfa0>,7,2,[2 9],12,12,14,0,12
1,<environment.Job instance at 0x14ef5a4cbfa0>,11,2,[ 1 11],17,19,21,2,19
1,<environment.Job instance at 0x14ef5d25aa50>,14,1,[1 5],20,21,22,1,20
1,<environment.Job instance at 0x14ef5d25ab90>,16,12,[7 2],22,22,34,0,22
1,<environment.Job instance at 0x14ef5a4fa280>,17,1,[2 5],24,24,25,0,24
1,<environment.Job instance at 0x14ef6407a280>,12,2,[1 8],18,24,26,6,24
1,<environment.Job instance at 0x14ef5cd84a00>,19,3,[1 6],29,29,32,0,29
1,<environment.Job instance at 0x14ef5d18ce10>,21,3,[2 5],31,31,34,0,31
1,<environment.Job instance at 0x14ef5cd825f0>,22,16,[7 2],32,34,50,2,33
1,<environment.Job instance at 0x14ef5e1a27d0>,27,2,[8 1],43,43,45,0,43
1,<environment.Job instance at 0x14ef5e1a28c0>,29,1,[2 8],46,46,47,0,46
1,<environment.Job instance at 0x14ef5a570780>,30,2,[10  1],47,50,52,3,47
1,<environment.Job instance at 0x14ef5a570550>,32,3,[5 1],50,50,53,0,50
1,<environment.Job instance at 0x14ef5a570910>,33,26,[5 2],52,52,78,0,52
1,<environment.Job instance at 0x14ef5cd655a0>,34,2,[7 2],54,54,56,0,54
1,<environment.Job instance at 0x14ef6405c280>,37,3,[2 6],57,57,60,0,57
1,<environment.Job instance at 0x14ef5a0c7690>,38,12,[6 1],60,60,72,0,60
1,<environment.Job instance at 0x14ef5a0c7870>,39,18,[1 6],61,61,79,0,61
1,<environment.Job instance at 0x14ef5a0c7230>,42,1,[5 2],67,72,73,5,67
1,<environment.Job instance at 0x14ef640565a0>,43,1,[9 1],68,73,74,5,68
1,<environment.Job instance at 0x14ef6405f500>,44,23,[9 1],70,74,97,4,70
1,<environment.Job instance at 0x14ef5cf0afa0>,47,16,[9 2],73,97,113,24,84
1,<environment.Job instance at 0x14efa4056730>,48,2,[1 5],74,84,86,10,84
1,<environment.Job instance at 0x14efa40563c0>,49,1,[2 5],75,84,85,9,84
1,<environment.Job instance at 0x14efa4056dc0>,50,12,[5 1],78,85,97,7,84
1,<environment.Job instance at 0x14ef5d06a640>,51,1,[10  1],80,113,114,33,85
1,<environment.Job instance at 0x14ef59e25140>,52,1,[7 1],81,114,115,33,86
1,<environment.Job instance at 0x14ef5d06a730>,53,2,[10  1],82,115,117,33,88
1,<environment.Job instance at 0x14ef5a6284b0>,54,1,[6 2],83,97,98,14,88
1,<environment.Job instance at 0x14efa4110d70>,55,3,[6 2],84,98,101,14,88
1,<environment.Job instance at 0x14ef5ad79500>,56,3,[2 5],88,101,104,13,88
1,<environment.Job instance at 0x14ef5ad9be60>,57,2,[5 1],89,104,106,15,89
1,<environment.Job instance at 0x14ef5ce25cd0>,13,16,[ 1 12],19,104,120,85,92
1,<environment.Job instance at 0x14ef5add80f0>,64,18,[7 2],100,117,135,17,106
1,<environment.Job instance at 0x14efa750e0a0>,67,2,[14  2],104,135,137,31,119
1,<environment.Job instance at 0x14ef59e60a00>,69,1,[14  2],106,137,138,31,121
1,<environment.Job instance at 0x14ef5a39eeb0>,72,2,[1 9],109,122,124,13,122
1,<environment.Job instance at 0x14ef5a39e6e0>,75,2,[1 8],113,124,126,11,122
1,<environment.Job instance at 0x14ef5a39ec30>,76,17,[9 1],114,138,155,24,130
1,<environment.Job instance at 0x14ef5cdf8b40>,77,2,[2 8],117,130,132,13,130
1,<environment.Job instance at 0x14ef5cdf8320>,79,1,[10  2],119,155,156,36,130
1,<environment.Job instance at 0x14ef5e266af0>,83,18,[8 1],127,156,174,29,145
1,<environment.Job instance at 0x14ef5e2665a0>,84,1,[6 2],128,145,146,17,145
1,<environment.Job instance at 0x14ef5e266fa0>,85,1,[6 1],129,146,147,17,145
1,<environment.Job instance at 0x14ef5e266be0>,86,1,[8 1],130,174,175,44,146
1,<environment.Job instance at 0x14ef5e266a50>,87,1,[5 1],133,147,148,14,146
1,<environment.Job instance at 0x14ef5e266550>,88,2,[1 9],134,147,149,13,146
1,<environment.Job instance at 0x14ef5e266cd0>,89,3,[ 2 10],136,149,152,13,146
1,<environment.Job instance at 0x14ef5e266f00>,90,2,[7 1],138,156,158,18,146
1,<environment.Job instance at 0x14ef5e266640>,91,2,[ 1 10],141,152,154,11,146
1,<environment.Job instance at 0x14ef5a2477d0>,92,1,[ 2 10],142,154,155,12,146
1,<environment.Job instance at 0x14ef5a247960>,93,3,[1 9],144,158,161,14,146
1,<environment.Job instance at 0x14ef5cd82e10>,23,12,[9 1],33,648,660,615,648
1,<environment.Job instance at 0x14ef5add8aa0>,59,13,[2 8],93,1296,1309,1203,1296
1,<environment.Job instance at 0x14ef64056af0>,5,2,[14  1],7,13,15,6,13
1,<environment.Job instance at 0x14ef64056910>,11,2,[1 8],16,16,18,0,16
1,<environment.Job instance at 0x14ef64056c80>,13,1,[2 9],18,18,19,0,18
1,<environment.Job instance at 0x14ef64056730>,14,1,[10  2],19,19,20,0,19
1,<environment.Job instance at 0x14ef5cf0a910>,3,1,[8 2],5,20,21,15,20
1,<environment.Job instance at 0x14ef64056b40>,15,2,[5 2],22,22,24,0,22
1,<environment.Job instance at 0x14ef64056be0>,16,2,[10  1],23,23,25,0,23
1,<environment.Job instance at 0x14ef64056b90>,17,17,[7 1],25,25,42,0,25
1,<environment.Job instance at 0x14ef5cd780a0>,22,1,[1 7],37,37,38,0,37
1,<environment.Job instance at 0x14ef5ad5d4b0>,34,1,[1 9],58,58,59,0,58
1,<environment.Job instance at 0x14ef5ad5db40>,37,1,[2 8],64,64,65,0,64
1,<environment.Job instance at 0x14ef5ad5d690>,38,2,[9 1],67,67,69,0,67
1,<environment.Job instance at 0x14ef5ad5d280>,41,2,[6 2],72,73,75,1,73
1,<environment.Job instance at 0x14ef5a4cb190>,45,1,[9 1],81,81,82,0,81
1,<environment.Job instance at 0x14ef5a4cb870>,46,2,[1 7],83,83,85,0,83
1,<environment.Job instance at 0x14ef5a4cb5a0>,47,2,[2 5],84,84,86,0,84
1,<environment.Job instance at 0x14ef5cd78050>,26,2,[8 1],46,244,246,198,244
1,<environment.Job instance at 0x14ef5a4cb4b0>,50,2,[10  1],87,795,797,708,795
1,<environment.Job instance at 0x14ef5a4cb410>,49,13,[ 1 13],86,1104,1117,1018,1104
1,<environment.Job instance at 0x14ef5a06d640>,79,2,[1 9],128,1117,1119,989,1116
1,<environment.Job instance at 0x14ef5a06dc30>,80,3,[ 2 12],130,1129,1132,999,1129
1,<environment.Job instance at 0x14ef5a06d280>,83,2,[5 1],137,1129,1131,992,1129
1,<environment.Job instance at 0x14ef5a06de60>,84,1,[2 5],138,1132,1133,994,1129
1,<environment.Job instance at 0x14ef5a06ddc0>,85,2,[1 8],139,1132,1134,993,1129
1,<environment.Job instance at 0x14ef5a1c1be0>,89,2,[11  1],144,1136,1138,992,1136
1,<environment.Job instance at 0x14ef5a1c17d0>,91,27,[9 2],148,1139,1166,991,1139
1,<environment.Job instance at 0x14ef5a1c1dc0>,92,2,[7 1],149,1166,1168,1017,1139
1,<environment.Job instance at 0x14ef5a100730>,6,14,[6 2],10,1146,1160,1136,1146
1,<environment.Job instance at 0x14ef5e296e60>,51,2,[8 1],88,1202,1204,1114,1202
1,<environment.Job instance at 0x14efa40714b0>,0,1,[6 1],1,1,2,0,1
1,<environment.Job instance at 0x14efa4071780>,1,1,[1 5],2,2,3,0,2
1,<environment.Job instance at 0x14ef59ac00a0>,2,2,[1 7],3,3,5,0,3
1,<environment.Job instance at 0x14ef59ac0d70>,4,1,[1 8],5,5,6,0,5
1,<environment.Job instance at 0x14ef5cfe14b0>,5,2,[2 5],6,6,8,0,6
1,<environment.Job instance at 0x14ef5e2690a0>,8,1,[2 9],9,9,10,0,9
1,<environment.Job instance at 0x14ef5ce75690>,10,1,[9 1],13,13,14,0,13
1,<environment.Job instance at 0x14efa40405f0>,12,2,[1 8],15,15,17,0,15
1,<environment.Job instance at 0x14ef5e10f4b0>,1,1,[7 1],4,4,5,0,4
1,<environment.Job instance at 0x14ef640730a0>,2,1,[1 5],5,5,6,0,5
1,<environment.Job instance at 0x14efa456abe0>,5,21,[2 6],9,9,30,0,9
1,<environment.Job instance at 0x14efa40fb870>,15,1,[1 7],22,22,23,0,22
1,<environment.Job instance at 0x14efa40fb910>,16,2,[1 8],23,23,25,0,23
1,<environment.Job instance at 0x14ef5a4ffb90>,17,2,[ 1 10],26,30,32,4,26
1,<environment.Job instance at 0x14efa40fb2d0>,19,15,[7 2],28,28,43,0,28
1,<environment.Job instance at 0x14ef5e2ab910>,21,2,[1 6],30,34,36,4,34
1,<environment.Job instance at 0x14efa45f6690>,22,24,[9 2],31,43,67,12,38
1,<environment.Job instance at 0x14efa6ecf1e0>,26,16,[5 1],38,50,66,12,50
1,<environment.Job instance at 0x14efa51f6050>,28,1,[1 9],40,52,53,12,52
1,<environment.Job instance at 0x14efb0d9e0a0>,29,1,[10  2],41,67,68,26,52
1,<environment.Job instance at 0x14ef5cd50550>,31,1,[6 2],45,66,67,21,52
1,<environment.Job instance at 0x14efa52b8690>,34,13,[6 1],48,68,81,20,62
1,<environment.Job instance at 0x14efa52b89b0>,37,15,[2 8],52,67,82,15,63
1,<environment.Job instance at 0x14efa52b8640>,38,17,[8 1],53,81,98,28,69
1,<environment.Job instance at 0x14efa40d9b40>,39,1,[ 2 10],55,82,83,27,69
1,<environment.Job instance at 0x14efa40d94b0>,40,2,[2 8],58,83,85,25,69
1,<environment.Job instance at 0x14ef5a208050>,42,2,[6 2],61,73,75,12,73
1,<environment.Job instance at 0x14ef5a2085f0>,43,1,[2 5],62,75,76,13,73
1,<environment.Job instance at 0x14efa4602500>,44,3,[2 8],66,85,88,19,73
1,<environment.Job instance at 0x14efa40a6640>,45,2,[1 9],67,88,90,21,73
1,<environment.Job instance at 0x14efa40a6cd0>,47,2,[5 2],69,76,78,7,73
1,<environment.Job instance at 0x14efa40a6f50>,48,2,[ 2 10],72,90,92,18,73
1,<environment.Job instance at 0x14efa4fa5e10>,50,1,[2 5],74,78,79,4,74
1,<environment.Job instance at 0x14efa40a95a0>,51,2,[5 1],75,78,80,3,75
1,<environment.Job instance at 0x14ef5e3752d0>,52,17,[6 2],76,92,109,16,81
1,<environment.Job instance at 0x14efa40a9370>,53,1,[9 1],77,98,99,21,81
1,<environment.Job instance at 0x14ef59dde8c0>,54,12,[1 7],79,99,111,20,82
1,<environment.Job instance at 0x14ef59dde190>,55,1,[7 1],80,99,100,19,82
1,<environment.Job instance at 0x14efa409c870>,56,2,[2 7],81,109,111,28,82
1,<environment.Job instance at 0x14ef59dde500>,57,23,[2 9],82,111,134,29,105
1,<environment.Job instance at 0x14efa4079aa0>,58,15,[5 2],83,111,126,28,105
1,<environment.Job instance at 0x14efa40798c0>,59,2,[7 1],84,105,107,21,105
1,<environment.Job instance at 0x14efa40795f0>,60,1,[1 6],86,107,108,21,105
1,<environment.Job instance at 0x14efa4079910>,61,2,[6 2],87,111,113,24,105
1,<environment.Job instance at 0x14efa40790f0>,62,2,[10  2],89,126,128,37,105
1,<environment.Job instance at 0x14efa4079690>,63,2,[2 7],93,134,136,41,107
1,<environment.Job instance at 0x14efa4079b90>,65,1,[8 2],96,108,109,12,107
1,<environment.Job instance at 0x14efa4079500>,67,2,[8 1],100,109,111,9,107
1,<environment.Job instance at 0x14efa4079140>,69,1,[1 6],102,128,129,26,107
1,<environment.Job instance at 0x14efb0e2f960>,70,1,[8 1],106,113,114,7,107
1,<environment.Job instance at 0x14efb0e2ff50>,71,1,[10  1],107,129,130,22,107
1,<environment.Job instance at 0x14ef5a100f50>,73,2,[9 1],109,130,132,21,109
1,<environment.Job instance at 0x14ef5a100dc0>,75,12,[7 1],111,114,126,3,111
1,<environment.Job instance at 0x14ef5a1001e0>,77,3,[7 1],113,132,135,19,113
1,<environment.Job instance at 0x14ef5a100460>,78,2,[2 8],115,135,137,20,115
1,<environment.Job instance at 0x14ef5cde8cd0>,80,3,[13  1],117,136,139,19,128
1,<environment.Job instance at 0x14ef5cde85a0>,82,1,[2 9],119,137,138,18,128
1,<environment.Job instance at 0x14ef5cde8190>,84,1,[10  1],125,139,140,14,128
1,<environment.Job instance at 0x14ef5cde80f0>,85,1,[7 2],126,140,141,14,128
1,<environment.Job instance at 0x14ef5cde8aa0>,87,1,[2 9],128,138,139,10,128
1,<environment.Job instance at 0x14ef5cde89b0>,90,1,[1 6],136,139,140,3,136
1,<environment.Job instance at 0x14ef5cde8460>,91,14,[2 9],138,140,154,2,138
1,<environment.Job instance at 0x14ef5ce14050>,92,2,[6 2],139,140,142,1,139
1,<environment.Job instance at 0x14ef5ce14190>,93,3,[1 6],140,142,145,2,140
1,<environment.Job instance at 0x14ef5ce14370>,94,26,[ 2 10],141,154,180,13,151
1,<environment.Job instance at 0x14ef5ce14640>,95,3,[ 2 10],142,180,183,38,154
1,<environment.Job instance at 0x14ef5ce146e0>,96,3,[6 2],143,154,157,11,154
1,<environment.Job instance at 0x14ef5ce14550>,97,1,[9 2],147,157,158,10,154
1,<environment.Job instance at 0x14ef5ce14820>,98,1,[2 9],148,183,184,35,155
1,<environment.Job instance at 0x14ef5ce148c0>,99,18,[2 7],149,184,202,35,173
1,<environment.Job instance at 0x14efa456ae60>,7,13,[6 2],11,1585,1598,1574,1585
1,<environment.Job instance at 0x14efa456a2d0>,12,14,[2 8],18,1677,1691,1659,1677
1,<environment.Job instance at 0x14efa53ddbe0>,0,14,[13  1],3,151,165,148,151
1,<environment.Job instance at 0x14ef5e308c80>,7,2,[1 8],11,151,153,140,151
1,<environment.Job instance at 0x14efa53340a0>,18,23,[5 2],24,165,188,141,160
1,<environment.Job instance at 0x14efa522b6e0>,24,3,[ 2 12],32,185,188,153,185
1,<environment.Job instance at 0x14efa522b050>,25,12,[11  1],33,232,244,199,232
1,<environment.Job instance at 0x14efa46d76e0>,30,28,[5 2],39,244,272,205,243
1,<environment.Job instance at 0x14efa46d79b0>,34,1,[10  2],45,244,245,199,243
1,<environment.Job instance at 0x14efa46d7280>,35,2,[ 1 10],48,245,247,197,243
1,<environment.Job instance at 0x14efa456d190>,39,1,[ 1 10],56,257,258,201,257
1,<environment.Job instance at 0x14efa526aa00>,44,1,[7 2],62,267,268,205,267
1,<environment.Job instance at 0x14ef5cddd050>,2,1,[1 8],6,274,275,268,274
1,<environment.Job instance at 0x14efa526ac80>,46,2,[1 9],64,277,279,213,277
1,<environment.Job instance at 0x14efa526a910>,45,12,[1 5],63,277,289,214,277
1,<environment.Job instance at 0x14efa52fe230>,52,26,[2 6],72,289,315,217,289
1,<environment.Job instance at 0x14efa5228e60>,57,1,[ 2 10],77,315,316,238,312
1,<environment.Job instance at 0x14efa52281e0>,59,2,[5 1],79,312,314,233,312
1,<environment.Job instance at 0x14ef5d26be60>,61,1,[1 9],83,314,315,231,312
1,<environment.Job instance at 0x14efa6c86730>,62,21,[2 7],84,316,337,232,312
1,<environment.Job instance at 0x14efa46e4dc0>,68,27,[2 7],90,326,353,236,326
1,<environment.Job instance at 0x14ef5a26feb0>,75,3,[ 2 13],104,353,356,249,352
1,<environment.Job instance at 0x14ef5a26fa00>,76,2,[2 8],105,356,358,251,352
1,<environment.Job instance at 0x14ef5a26f8c0>,78,21,[1 5],109,356,377,247,352
1,<environment.Job instance at 0x14ef5cdfd960>,81,2,[1 6],112,358,360,246,353
1,<environment.Job instance at 0x14efa46f45f0>,91,2,[1 9],125,360,362,235,360
1,<environment.Job instance at 0x14ef5e1c9500>,94,2,[2 8],128,366,368,238,366
1,<environment.Job instance at 0x14ef5e1c98c0>,96,2,[7 1],130,366,368,236,366
1,<environment.Job instance at 0x14ef5e1c9dc0>,97,2,[2 9],131,368,370,237,366
1,<environment.Job instance at 0x14ef5ac99550>,98,1,[1 7],132,370,371,238,366
1,<environment.Job instance at 0x14ef5ac99870>,99,2,[7 1],133,368,370,235,366
1,<environment.Job instance at 0x14ef5a527be0>,105,2,[2 7],142,375,377,233,375
1,<environment.Job instance at 0x14ef5a6352d0>,106,1,[2 7],143,377,378,234,375
1,<environment.Job instance at 0x14ef5aced4b0>,108,1,[2 9],146,378,379,232,375
1,<environment.Job instance at 0x14ef5a635eb0>,109,1,[ 1 10],148,379,380,231,375
1,<environment.Job instance at 0x14efa526a6e0>,47,1,[5 1],65,379,380,314,379
1,<environment.Job instance at 0x14ef5a110500>,1,3,[6 2],5,743,746,738,743
1,<environment.Job instance at 0x14ef5a0e8eb0>,2,22,[2 8],4,4,26,0,4
1,<environment.Job instance at 0x14efa5397320>,5,2,[ 1 12],7,26,28,19,7
1,<environment.Job instance at 0x14efa5397f00>,11,1,[ 1 10],17,28,29,11,17
1,<environment.Job instance at 0x14ef5acdce60>,37,1,[ 1 10],53,53,54,0,53
1,<environment.Job instance at 0x14ef5acdc5a0>,36,2,[2 8],52,69,71,17,69
1,<environment.Job instance at 0x14ef5a456af0>,48,18,[2 6],71,73,91,2,73
1,<environment.Job instance at 0x14ef5acdc500>,39,3,[8 2],56,678,681,622,678
1,<environment.Job instance at 0x14efa40ae320>,58,1,[10  1],85,1677,1678,1592,1677
1,<environment.Job instance at 0x14efa40ae5f0>,57,13,[ 1 14],82,1681,1694,1599,1681
1,<environment.Job instance at 0x14ef640c0820>,71,1,[2 6],107,1694,1695,1587,1684
1,<environment.Job instance at 0x14ef5cd3ca00>,75,2,[7 2],112,1698,1700,1586,1698
1,<environment.Job instance at 0x14ef5a582af0>,76,2,[13  2],113,1700,1702,1587,1699
1,<environment.Job instance at 0x14ef59f1fd20>,78,3,[7 2],116,1716,1719,1600,1716
1,<environment.Job instance at 0x14ef640e7820>,81,1,[2 9],121,1716,1717,1595,1716
1,<environment.Job instance at 0x14ef640e7d70>,82,1,[5 2],122,1716,1717,1594,1716
1,<environment.Job instance at 0x14ef640e70a0>,84,18,[1 7],124,1720,1738,1596,1720
1,<environment.Job instance at 0x14ef640e7410>,86,1,[1 9],127,1738,1739,1611,1735
1,<environment.Job instance at 0x14ef640e7a50>,87,1,[8 1],128,1735,1736,1607,1735
1,<environment.Job instance at 0x14ef5a5a0460>,88,2,[9 1],130,1736,1738,1606,1735
1,<environment.Job instance at 0x14ef5a5a0280>,89,1,[1 6],131,1735,1736,1604,1735
1,<environment.Job instance at 0x14ef5a5a03c0>,90,2,[1 5],132,1736,1738,1604,1735
1,<environment.Job instance at 0x14efa408cd70>,91,3,[6 1],133,1738,1741,1605,1737
1,<environment.Job instance at 0x14ef59c4a870>,95,1,[7 1],138,1738,1739,1600,1737
1,<environment.Job instance at 0x14ef59c4aaf0>,96,13,[7 1],139,1741,1754,1602,1741
1,<environment.Job instance at 0x14ef59c4afa0>,97,1,[ 2 10],141,1741,1742,1600,1741
1,<environment.Job instance at 0x14ef59c4a140>,99,1,[2 8],143,1749,1750,1606,1749
1,<environment.Job instance at 0x14ef59c4ae10>,100,3,[7 2],144,1750,1753,1606,1750
1,<environment.Job instance at 0x14ef59c4ac30>,101,1,[2 8],145,1753,1754,1608,1750
1,<environment.Job instance at 0x14ef59dcfe10>,103,1,[10  2],147,1754,1755,1607,1752
1,<environment.Job instance at 0x14ef59dcfd70>,105,2,[8 1],149,1755,1757,1606,1754
1,<environment.Job instance at 0x14ef5a036dc0>,59,14,[6 1],86,1932,1946,1846,1932
1,<environment.Job instance at 0x14ef5a0ad230>,1,1,[11  2],2,2,3,0,2
1,<environment.Job instance at 0x14ef5ce61320>,3,2,[2 9],4,4,6,0,4
1,<environment.Job instance at 0x14ef59ae4eb0>,4,17,[8 1],6,7,24,1,7
1,<environment.Job instance at 0x14efa6c89640>,8,15,[14  1],10,24,39,14,10
1,<environment.Job instance at 0x14ef5a5c2820>,19,2,[5 1],29,39,41,10,29
1,<environment.Job instance at 0x14ef5e1acb40>,21,22,[1 7],32,32,54,0,32
1,<environment.Job instance at 0x14ef5e2dae60>,23,28,[2 9],36,54,82,18,53
1,<environment.Job instance at 0x14ef5d1df460>,41,22,[5 2],59,75,97,16,75
1,<environment.Job instance at 0x14ef5d1dfa00>,45,1,[ 1 11],66,84,85,18,84
1,<environment.Job instance at 0x14ef5d1df730>,47,19,[7 2],68,87,106,19,87
1,<environment.Job instance at 0x14ef5a3bd230>,50,1,[2 6],71,105,106,34,105
1,<environment.Job instance at 0x14ef5a85b780>,52,1,[2 5],73,105,106,32,105
1,<environment.Job instance at 0x14ef5e2e5c80>,55,25,[7 2],78,106,131,28,105
1,<environment.Job instance at 0x14efa4f95780>,56,1,[ 2 10],79,106,107,27,105
1,<environment.Job instance at 0x14ef5a3a6640>,59,18,[ 1 12],82,115,133,33,115
1,<environment.Job instance at 0x14ef5e2c9140>,60,2,[ 1 10],83,133,135,50,115
1,<environment.Job instance at 0x14efa40bef50>,61,1,[2 9],84,135,136,51,115
1,<environment.Job instance at 0x14ef5cd401e0>,62,21,[10  1],85,131,152,46,123
1,<environment.Job instance at 0x14efa466baf0>,72,1,[5 1],99,147,148,48,147
1,<environment.Job instance at 0x14efa40e0730>,75,18,[7 1],105,152,170,47,147
1,<environment.Job instance at 0x14ef5d291370>,82,1,[ 2 12],112,148,149,36,147
1,<environment.Job instance at 0x14ef5d1176e0>,92,12,[ 1 10],126,169,181,43,169
1,<environment.Job instance at 0x14ef5a5ef5a0>,93,1,[ 2 10],127,181,182,54,169
1,<environment.Job instance at 0x14ef5a5ef550>,94,2,[1 9],129,182,184,53,169
1,<environment.Job instance at 0x14ef5e376960>,95,2,[5 2],131,169,171,38,169
1,<environment.Job instance at 0x14ef59f30c80>,96,2,[1 5],132,171,173,39,169
1,<environment.Job instance at 0x14ef59f30af0>,97,21,[5 2],134,173,194,39,169
1,<environment.Job instance at 0x14ef59c8e370>,98,2,[ 1 10],135,184,186,49,169
1,<environment.Job instance at 0x14ef5a585f00>,101,1,[10  1],138,186,187,48,174
1,<environment.Job instance at 0x14ef5a575b40>,102,2,[2 9],139,187,189,48,174
1,<environment.Job instance at 0x14ef59e185f0>,103,3,[6 1],141,174,177,33,174
1,<environment.Job instance at 0x14ef5d0beaa0>,104,2,[8 2],143,177,179,34,174
1,<environment.Job instance at 0x14ef5d290640>,106,2,[7 2],146,179,181,33,174
1,<environment.Job instance at 0x14ef5ae0a3c0>,5,18,[1 6],7,305,323,298,305
1,<environment.Job instance at 0x14ef59f44f00>,15,12,[5 1],23,613,625,590,613
1,<environment.Job instance at 0x148235ecffa0>,2,1,[2 5],3,3,4,0,3
1,<environment.Job instance at 0x1481df6b3b40>,3,1,[6 2],4,4,5,0,4
1,<environment.Job instance at 0x1481df6b3370>,4,2,[7 2],5,5,7,0,5
1,<environment.Job instance at 0x1481df6b3280>,7,1,[2 6],8,8,9,0,8
1,<environment.Job instance at 0x1481df6b36e0>,9,2,[6 1],11,12,14,1,12
1,<environment.Job instance at 0x1481dfee5960>,13,2,[8 1],17,17,19,0,17
1,<environment.Job instance at 0x1481dfef1640>,14,2,[ 1 10],18,18,20,0,18
1,<environment.Job instance at 0x1481df6b3550>,15,1,[ 1 10],20,20,21,0,20
1,<environment.Job instance at 0x1481dfe77f00>,16,1,[2 5],21,21,22,0,21
1,<environment.Job instance at 0x1481dfd833c0>,17,17,[6 1],23,23,40,0,23
1,<environment.Job instance at 0x1481dfd43500>,18,2,[10  1],25,40,42,15,25
1,<environment.Job instance at 0x1481dfee7690>,20,2,[ 1 13],27,27,29,0,27
1,<environment.Job instance at 0x1481dfdd0370>,22,1,[2 7],30,30,31,0,30
1,<environment.Job instance at 0x1481dfdd0a50>,23,2,[8 1],31,31,33,0,31
1,<environment.Job instance at 0x1481dfdd0d70>,28,2,[2 7],37,37,39,0,37
1,<environment.Job instance at 0x1481dfe29b40>,32,3,[2 9],42,42,45,0,42
1,<environment.Job instance at 0x1481dfe29190>,33,1,[2 7],43,45,46,2,43
1,<environment.Job instance at 0x1481dfe365f0>,34,15,[11  1],44,62,77,18,62
1,<environment.Job instance at 0x1481dfe13190>,38,1,[8 1],51,77,78,26,62
1,<environment.Job instance at 0x1481dfe36190>,40,3,[1 6],53,62,65,9,62
1,<environment.Job instance at 0x1481dfe10f00>,41,25,[12  2],54,78,103,24,75
1,<environment.Job instance at 0x1481dfdc4820>,55,16,[2 5],76,99,115,23,99
1,<environment.Job instance at 0x1481dfdeca50>,57,22,[1 5],80,103,125,23,103
1,<environment.Job instance at 0x1481dfe3b820>,65,3,[2 9],92,127,130,35,127
1,<environment.Job instance at 0x1481df921640>,67,1,[13  1],94,127,128,33,127
1,<environment.Job instance at 0x1481df921be0>,69,1,[2 5],96,128,129,32,127
1,<environment.Job instance at 0x1481df929b40>,70,2,[ 2 10],97,130,132,33,127
1,<environment.Job instance at 0x1481df91c9b0>,73,2,[6 2],103,129,131,26,129
1,<environment.Job instance at 0x1481df91c870>,74,3,[6 2],106,129,132,23,129
1,<environment.Job instance at 0x1481df927870>,75,1,[1 6],107,132,133,25,129
1,<environment.Job instance at 0x1481df9276e0>,76,2,[2 5],108,132,134,24,129
1,<environment.Job instance at 0x1481dfe7a8c0>,77,2,[ 1 10],109,133,135,24,129
1,<environment.Job instance at 0x1481dfde1f00>,79,3,[7 2],111,134,137,23,133
1,<environment.Job instance at 0x1481dfde1a00>,80,14,[7 1],112,134,148,22,133
1,<environment.Job instance at 0x1481df6b0820>,84,2,[ 1 10],118,136,138,18,136
1,<environment.Job instance at 0x1481df6b01e0>,87,2,[2 6],122,138,140,16,137
1,<environment.Job instance at 0x1481df6af320>,91,1,[2 5],128,138,139,10,138
1,<environment.Job instance at 0x1481df6af780>,92,15,[7 1],129,141,156,12,141
1,<environment.Job instance at 0x1481df6ae320>,93,2,[14  1],130,156,158,26,153
1,<environment.Job instance at 0x1481df6ae2d0>,94,1,[5 1],131,153,154,22,153
1,<environment.Job instance at 0x1481df6bde60>,99,16,[8 1],137,172,188,35,172
1,<environment.Job instance at 0x1481df6c79b0>,103,1,[ 2 10],142,182,183,40,182
1,<environment.Job instance at 0x1481df6c7a50>,104,1,[ 2 14],143,183,184,40,182
1,<environment.Job instance at 0x1481df6c7aa0>,108,2,[ 1 10],150,187,189,37,187
1,<environment.Job instance at 0x1481df6c7d70>,109,3,[11  2],151,200,203,49,200
1,<environment.Job instance at 0x1481df6c7e10>,110,3,[ 2 10],152,200,203,48,200
1,<environment.Job instance at 0x1481df6c7eb0>,111,3,[2 5],153,203,206,50,200
1,<environment.Job instance at 0x1481df6c90f0>,112,1,[8 1],154,203,204,49,200
1,<environment.Job instance at 0x1481df6c9280>,115,18,[2 6],158,203,221,45,200
1,<environment.Job instance at 0x1481df6c9460>,116,1,[1 6],159,206,207,47,200
1,<environment.Job instance at 0x148235ecf5f0>,10,13,[2 8],12,550,563,538,550
1,<environment.Job instance at 0x1481dfe36820>,35,2,[1 8],45,563,565,518,555
1,<environment.Job instance at 0x1481dfe76960>,36,3,[10  2],48,763,766,715,763
1,<environment.Job instance at 0x1481dfe36d70>,1,3,[12  1],4,10,13,6,10
1,<environment.Job instance at 0x1481e1f56050>,6,3,[1 7],11,11,14,0,11
1,<environment.Job instance at 0x1481e1f565a0>,7,13,[ 1 14],12,24,37,12,24
1,<environment.Job instance at 0x1481e1f63410>,15,3,[ 2 10],26,39,42,13,39
1,<environment.Job instance at 0x1481e1f637d0>,16,2,[1 9],28,42,44,14,39
1,<environment.Job instance at 0x1481e1f63960>,17,2,[ 2 10],31,44,46,13,39
1,<environment.Job instance at 0x1481e1f685a0>,20,2,[ 2 10],34,54,56,20,54
1,<environment.Job instance at 0x1481e1f689b0>,21,2,[2 9],35,56,58,21,54
1,<environment.Job instance at 0x1481e1f68aa0>,22,17,[ 2 10],36,60,77,24,60
1,<environment.Job instance at 0x1481e1f6c230>,29,1,[2 9],44,77,78,33,67
1,<environment.Job instance at 0x1481e1f6c410>,34,2,[8 2],51,89,91,38,89
1,<environment.Job instance at 0x1481e1f6caa0>,36,2,[2 5],53,89,91,36,89
1,<environment.Job instance at 0x1481e208b780>,37,3,[6 1],54,91,94,37,89
1,<environment.Job instance at 0x1481e1f6c690>,38,2,[10  1],55,94,96,39,89
1,<environment.Job instance at 0x1481e21f50a0>,40,18,[8 1],58,96,114,38,94
1,<environment.Job instance at 0x1481e1ea9370>,53,2,[1 5],79,118,120,39,118
1,<environment.Job instance at 0x1481e1ed8fa0>,60,1,[2 8],92,129,130,37,129
1,<environment.Job instance at 0x1481e1ed8910>,62,2,[7 2],97,139,141,42,139
1,<environment.Job instance at 0x1481e1e9e820>,63,2,[2 5],98,139,141,41,139
1,<environment.Job instance at 0x1481e1e9e6e0>,67,2,[5 2],104,140,142,36,140
1,<environment.Job instance at 0x1481e1e9ef50>,68,2,[ 2 12],106,141,143,35,140
1,<environment.Job instance at 0x1481df6df0a0>,3,15,[1 6],7,173,188,166,173
1,<environment.Job instance at 0x1481e1e9f780>,73,2,[6 2],112,636,638,524,636
1,<environment.Job instance at 0x1481e2096370>,10,2,[2 7],21,21,23,0,21
1,<environment.Job instance at 0x1481e21ac730>,23,2,[ 2 12],40,58,60,18,58
1,<environment.Job instance at 0x1481e21acf50>,24,1,[6 2],41,58,59,17,58
1,<environment.Job instance at 0x1481e1f5d280>,16,1,[1 8],28,276,277,248,276
1,<environment.Job instance at 0x1481e1f567d0>,26,15,[ 1 11],47,344,359,297,344
1,<environment.Job instance at 0x1481e21a05f0>,38,16,[9 1],63,361,377,298,361
1,<environment.Job instance at 0x1481e21ae2d0>,64,26,[9 1],104,390,416,286,390
1,<environment.Job instance at 0x1481e3315550>,72,27,[1 7],115,410,437,295,410
1,<environment.Job instance at 0x1481e212f0f0>,76,1,[2 6],123,435,436,312,435
1,<environment.Job instance at 0x1481deffbe10>,77,2,[1 5],125,436,438,311,435
1,<environment.Job instance at 0x1481deffb910>,78,2,[8 1],126,435,437,309,435
1,<environment.Job instance at 0x1481e212f500>,80,1,[5 1],129,436,437,307,435
1,<environment.Job instance at 0x1481e216deb0>,82,2,[1 9],131,437,439,306,435
1,<environment.Job instance at 0x1481dfe86d70>,84,1,[1 8],135,439,440,304,435
1,<environment.Job instance at 0x1481dfe86050>,87,2,[8 2],138,442,444,304,442
1,<environment.Job instance at 0x1481dfe86820>,90,2,[1 7],142,456,458,314,456
1,<environment.Job instance at 0x1481e20e3d70>,91,15,[1 5],143,456,471,313,456
1,<environment.Job instance at 0x1481e20e3460>,96,1,[2 8],150,471,472,321,471
1,<environment.Job instance at 0x1481e20e33c0>,97,1,[8 2],151,471,472,320,471
1,<environment.Job instance at 0x1481e20e3b40>,98,14,[14  1],152,492,506,340,492
1,<environment.Job instance at 0x1481e20e3c30>,99,2,[6 1],154,506,508,352,492
1,<environment.Job instance at 0x1481e1f56140>,27,2,[8 1],48,509,511,461,509
1,<environment.Job instance at 0x1481e1f5d0f0>,17,13,[1 7],30,563,576,533,563
1,<environment.Job instance at 0x1481e202a550>,1,1,[1 5],2,2,3,0,2
1,<environment.Job instance at 0x1481e335b730>,6,17,[2 9],7,9,26,2,9
1,<environment.Job instance at 0x1481e335bc30>,10,2,[1 8],11,26,28,15,11
1,<environment.Job instance at 0x1481e335b3c0>,12,2,[2 8],13,28,30,15,13
1,<environment.Job instance at 0x1481e335b190>,13,3,[5 2],16,16,19,0,16
1,<environment.Job instance at 0x1481e335bfa0>,14,1,[6 2],18,18,19,0,18
1,<environment.Job instance at 0x1481df1fd050>,15,2,[2 8],19,30,32,11,19
1,<environment.Job instance at 0x1481df1fd3c0>,16,1,[6 2],21,21,22,0,21
1,<environment.Job instance at 0x1481df1fd460>,17,1,[2 9],22,32,33,10,22
1,<environment.Job instance at 0x1481df1fd910>,18,27,[ 2 10],23,33,60,10,31
1,<environment.Job instance at 0x1481df1fdc30>,21,1,[5 2],27,31,32,4,31
1,<environment.Job instance at 0x1481df1fd140>,22,1,[2 5],28,31,32,3,31
1,<environment.Job instance at 0x1481df1fd870>,23,2,[ 1 10],30,60,62,30,33
1,<environment.Job instance at 0x1481df1fd960>,24,3,[2 5],31,33,36,2,33
1,<environment.Job instance at 0x1481df1fd320>,25,12,[6 1],32,36,48,4,33
1,<environment.Job instance at 0x1481df1fd690>,26,2,[5 2],33,36,38,3,33
1,<environment.Job instance at 0x1481df147960>,27,1,[7 1],36,38,39,2,36
1,<environment.Job instance at 0x1481df147690>,28,2,[7 1],37,39,41,2,37
1,<environment.Job instance at 0x1481df147e60>,29,1,[7 2],38,41,42,3,38
1,<environment.Job instance at 0x1481df147be0>,31,2,[5 2],40,42,44,2,40
1,<environment.Job instance at 0x1481df147fa0>,34,19,[2 9],46,62,81,16,52
1,<environment.Job instance at 0x1481df147870>,35,13,[12  2],47,66,79,19,66
1,<environment.Job instance at 0x1481df1471e0>,37,1,[6 2],49,79,80,30,67
1,<environment.Job instance at 0x1481df147140>,38,2,[1 5],50,80,82,30,67
1,<environment.Job instance at 0x1481df1470a0>,39,1,[1 7],51,81,82,30,67
1,<environment.Job instance at 0x1481df27f370>,41,2,[1 5],53,82,84,29,67
1,<environment.Job instance at 0x1481df27f5f0>,42,1,[1 9],55,82,83,27,67
1,<environment.Job instance at 0x1481df909eb0>,43,1,[2 5],56,83,84,27,67
1,<environment.Job instance at 0x1481df27f0f0>,44,15,[7 1],57,79,94,22,67
1,<environment.Job instance at 0x1481df27f230>,45,1,[2 6],58,84,85,26,67
1,<environment.Job instance at 0x1481e0944f00>,46,1,[2 8],60,84,85,24,67
1,<environment.Job instance at 0x1481e0944690>,47,1,[2 6],61,85,86,24,67
1,<environment.Job instance at 0x1481e20f8960>,56,2,[2 6],71,88,90,17,88
1,<environment.Job instance at 0x1481e20f80a0>,57,3,[9 2],72,94,97,22,88
1,<environment.Job instance at 0x1481e20f8190>,58,2,[10  2],73,97,99,24,88
1,<environment.Job instance at 0x1481e20f8d20>,59,16,[10  2],74,99,115,25,97
1,<environment.Job instance at 0x1481e20f8050>,61,2,[1 6],77,97,99,20,97
1,<environment.Job instance at 0x1481e20f8fa0>,62,15,[2 6],79,101,116,22,101
1,<environment.Job instance at 0x1481e20f8280>,63,2,[7 2],80,115,117,35,101
1,<environment.Job instance at 0x1481df9294b0>,66,14,[6 1],83,115,129,32,101
1,<environment.Job instance at 0x1481df929d20>,67,1,[2 5],84,101,102,17,101
1,<environment.Job instance at 0x1481df929050>,69,2,[7 1],86,117,119,31,102
1,<environment.Job instance at 0x1481dfe57460>,72,25,[12  1],89,129,154,40,125
1,<environment.Job instance at 0x1481dfe57820>,73,1,[ 2 10],90,125,126,35,125
1,<environment.Job instance at 0x1481dfe57500>,74,2,[10  2],92,154,156,62,127
1,<environment.Job instance at 0x1481dfe57d70>,77,3,[1 9],98,127,130,29,127
1,<environment.Job instance at 0x1481dfe57640>,80,23,[1 6],101,136,159,35,136
1,<environment.Job instance at 0x1481dfddbeb0>,84,3,[8 1],110,156,159,46,155
1,<environment.Job instance at 0x1481dfddba50>,85,2,[7 1],112,159,161,47,155
1,<environment.Job instance at 0x1481dfddb5f0>,86,18,[2 6],114,155,173,41,155
1,<environment.Job instance at 0x1481e1ed1410>,89,14,[2 5],118,165,179,47,165
1,<environment.Job instance at 0x1481e1ee9910>,95,18,[1 5],127,175,193,48,175
1,<environment.Job instance at 0x1482240e37d0>,96,16,[1 5],131,175,191,44,175
1,<environment.Job instance at 0x1481df246460>,97,1,[1 9],132,191,192,59,175
1,<environment.Job instance at 0x1481e1ee95f0>,100,1,[5 2],136,179,180,43,175
1,<environment.Job instance at 0x1481df0a8f00>,101,26,[2 8],138,192,218,54,189
1,<environment.Job instance at 0x1481e45fe820>,107,16,[2 7],151,214,230,63,214
1,<environment.Job instance at 0x1481e32a2410>,108,1,[6 2],152,218,219,66,214
1,<environment.Job instance at 0x1481df0ba460>,110,3,[5 1],158,218,221,60,214
1,<environment.Job instance at 0x1481df0cb410>,111,1,[2 8],159,221,222,62,214
1,<environment.Job instance at 0x1481e202adc0>,7,15,[7 2],8,380,395,372,380
1,<environment.Job instance at 0x1481e335bd70>,8,16,[2 8],9,411,427,402,411
1,<environment.Job instance at 0x1481df1fdfa0>,19,2,[10  1],24,560,562,536,560
1,<environment.Job instance at 0x1481e8f31820>,0,2,[6 2],1,1,3,0,1
1,<environment.Job instance at 0x1481ea371c30>,4,27,[1 7],5,5,32,0,5
1,<environment.Job instance at 0x148235e8e230>,22,1,[ 1 12],36,36,37,0,36
1,<environment.Job instance at 0x1481df24b870>,13,2,[2 9],17,43,45,26,43
1,<environment.Job instance at 0x1481e22294b0>,26,1,[2 9],44,45,46,1,44
1,<environment.Job instance at 0x1481e5e75280>,0,2,[5 2],1,1,3,0,1
1,<environment.Job instance at 0x1481e2229b90>,2,1,[1 7],3,3,4,0,3
1,<environment.Job instance at 0x1481df6b0c80>,4,1,[6 2],7,7,8,0,7
1,<environment.Job instance at 0x1481e3293820>,5,1,[5 1],8,8,9,0,8
1,<environment.Job instance at 0x1481df6b0e10>,6,1,[2 6],10,10,11,0,10
1,<environment.Job instance at 0x1481e3293f00>,8,2,[9 1],12,12,14,0,12
1,<environment.Job instance at 0x1481e3293c30>,13,2,[ 1 10],18,18,20,0,18
1,<environment.Job instance at 0x1481e32933c0>,15,17,[12  1],20,182,199,162,182
1,<environment.Job instance at 0x1481dfd83af0>,31,1,[5 1],40,199,200,159,193
1,<environment.Job instance at 0x1481dfd83be0>,36,1,[13  1],45,202,203,157,202
1,<environment.Job instance at 0x1481dfe576e0>,41,2,[8 2],50,205,207,155,205
1,<environment.Job instance at 0x1481dfe57780>,43,2,[2 5],52,205,207,153,205
1,<environment.Job instance at 0x1481dfe578c0>,45,22,[8 1],55,208,230,153,208
1,<environment.Job instance at 0x1481dfe57a00>,51,2,[2 9],62,229,231,167,229
1,<environment.Job instance at 0x1481dfe57820>,56,22,[2 6],69,230,252,161,230
1,<environment.Job instance at 0x1481dfe57d20>,57,1,[ 1 14],70,252,253,182,249
1,<environment.Job instance at 0x1481dfe57050>,65,3,[ 2 14],82,270,273,188,270
1,<environment.Job instance at 0x1481dfdc0af0>,67,1,[ 2 10],84,273,274,189,270
1,<environment.Job instance at 0x1481e97a7d20>,69,1,[6 1],87,270,271,183,270
1,<environment.Job instance at 0x1481e97a7e60>,76,27,[5 1],100,271,298,171,271
1,<environment.Job instance at 0x1481e97a7500>,77,15,[14  1],101,326,341,225,326
1,<environment.Job instance at 0x1481e95aba00>,87,25,[6 1],115,341,366,226,337
1,<environment.Job instance at 0x1481e95abfa0>,95,22,[2 5],129,341,363,212,338
1,<environment.Job instance at 0x1481e95ab8c0>,98,26,[ 2 13],133,363,389,230,360
1,<environment.Job instance at 0x1481e95abf00>,101,2,[12  1],137,387,389,250,387
1,<environment.Job instance at 0x1481ea3a3f00>,110,2,[ 1 10],148,389,391,241,387
1,<environment.Job instance at 0x1481e3293320>,17,17,[7 1],24,395,412,371,395
1,<environment.Job instance at 0x1481e3293550>,16,1,[8 2],23,611,612,588,611
1,<environment.Job instance at 0x1481ea2d2280>,3,2,[ 1 11],7,7,9,0,7
1,<environment.Job instance at 0x1481e45d0d20>,9,28,[5 2],14,18,46,4,18
1,<environment.Job instance at 0x1481e973b6e0>,32,26,[1 6],41,46,72,5,46
1,<environment.Job instance at 0x1481e96142d0>,11,2,[ 1 10],16,72,74,56,50
1,<environment.Job instance at 0x1481e973b460>,34,23,[2 6],44,74,97,30,68
1,<environment.Job instance at 0x1481defd5370>,45,3,[12  1],59,95,98,36,95
1,<environment.Job instance at 0x1481df373d20>,46,20,[8 1],60,98,118,38,95
1,<environment.Job instance at 0x1481df311320>,54,3,[11  1],79,118,121,39,118
1,<environment.Job instance at 0x1481df311460>,55,13,[ 2 11],80,202,215,122,202
1,<environment.Job instance at 0x1481e3363730>,57,1,[8 1],83,202,203,119,202
1,<environment.Job instance at 0x1481ea234280>,61,2,[5 2],93,202,204,109,202
1,<environment.Job instance at 0x1481df311230>,62,2,[7 2],94,203,205,109,202
1,<environment.Job instance at 0x1481df4450a0>,63,2,[5 2],96,204,206,108,203
1,<environment.Job instance at 0x1481e1ddf820>,64,1,[ 2 10],97,215,216,118,203
1,<environment.Job instance at 0x1481df437500>,65,1,[6 2],98,205,206,107,203
1,<environment.Job instance at 0x1481df511af0>,66,2,[ 1 12],99,216,218,117,203
1,<environment.Job instance at 0x1481def03eb0>,68,2,[5 2],101,206,208,105,204
1,<environment.Job instance at 0x1481def03fa0>,69,21,[5 1],102,206,227,104,204
1,<environment.Job instance at 0x1481def03dc0>,72,1,[ 2 10],106,218,219,112,204
1,<environment.Job instance at 0x1481def03cd0>,73,2,[1 6],107,219,221,112,204
1,<environment.Job instance at 0x1481def03820>,74,2,[8 1],108,208,210,100,204
1,<environment.Job instance at 0x1481def03870>,75,1,[2 7],110,219,220,109,204
1,<environment.Job instance at 0x1481def031e0>,76,2,[1 8],111,220,222,109,204
1,<environment.Job instance at 0x1481def034b0>,80,22,[ 2 10],117,222,244,105,215
1,<environment.Job instance at 0x1481df045230>,99,17,[10  1],146,244,261,98,244
1,<environment.Job instance at 0x1481df0459b0>,101,2,[7 1],148,261,263,113,244
1,<environment.Job instance at 0x1481df045aa0>,102,21,[6 1],150,261,282,111,253
1,<environment.Job instance at 0x1481df045140>,103,3,[ 2 13],152,278,281,126,278
1,<environment.Job instance at 0x1481df045050>,105,1,[ 2 10],154,281,282,127,278
1,<environment.Job instance at 0x1481df045730>,106,2,[2 8],155,282,284,127,278
1,<environment.Job instance at 0x1481e219c9b0>,13,1,[5 1],18,283,284,265,283
1,<environment.Job instance at 0x1481e973bf50>,35,23,[9 1],46,1158,1181,1112,1158
1,<environment.Job instance at 0x1481e9614550>,12,3,[ 2 14],17,2221,2224,2204,2221
1,<environment.Job instance at 0x1481e96145f0>,1,27,[5 2],2,2,29,0,2
1,<environment.Job instance at 0x1481ea31ba50>,4,1,[ 2 10],5,5,6,0,5
1,<environment.Job instance at 0x1481ea211f00>,2,27,[1 9],3,8,35,5,8
1,<environment.Job instance at 0x1481df23b500>,15,1,[1 7],24,35,36,11,24
1,<environment.Job instance at 0x1481e333f550>,18,28,[1 6],27,29,57,2,28
1,<environment.Job instance at 0x1481df6b3910>,23,2,[5 1],35,48,50,13,48
1,<environment.Job instance at 0x1481e3240460>,24,2,[ 2 10],36,57,59,21,48
1,<environment.Job instance at 0x1481e3240aa0>,26,1,[1 9],39,50,51,11,50
1,<environment.Job instance at 0x1481e3240190>,27,1,[2 7],40,51,52,11,50
1,<environment.Job instance at 0x1481e3240230>,28,2,[1 8],41,52,54,11,50
1,<environment.Job instance at 0x1481e96ec050>,29,1,[1 9],43,54,55,11,50
1,<environment.Job instance at 0x1481e1fc20a0>,30,2,[ 2 10],45,59,61,14,50
1,<environment.Job instance at 0x1481e1fc2730>,32,12,[9 1],47,60,72,13,60
1,<environment.Job instance at 0x1481e95aa780>,5,12,[2 8],8,62,74,54,62
1,<environment.Job instance at 0x1481e1fc22d0>,33,20,[ 2 11],48,74,94,26,68
1,<environment.Job instance at 0x1481e1f45050>,42,1,[2 9],61,94,95,33,70
1,<environment.Job instance at 0x1481e78e4dc0>,57,26,[8 1],78,88,114,10,88
1,<environment.Job instance at 0x1481e78e4230>,61,21,[9 2],82,114,135,32,110
1,<environment.Job instance at 0x1481e3395230>,71,28,[14  1],98,135,163,37,134
1,<environment.Job instance at 0x1481e45e4c30>,78,2,[11  2],106,163,165,57,156
1,<environment.Job instance at 0x1481e45e4be0>,82,1,[1 5],111,156,157,45,156
1,<environment.Job instance at 0x1481e1df39b0>,86,2,[2 6],116,163,165,47,156
1,<environment.Job instance at 0x1481e1df32d0>,87,1,[ 1 10],117,157,158,40,156
1,<environment.Job instance at 0x1481e1df3550>,88,1,[2 7],118,163,164,45,156
1,<environment.Job instance at 0x1481e093fc30>,93,2,[12  1],125,165,167,40,164
1,<environment.Job instance at 0x1481e093ff50>,95,1,[2 8],127,168,169,41,168
1,<environment.Job instance at 0x1481ea23b4b0>,100,2,[1 8],133,187,189,54,187
1,<environment.Job instance at 0x1481e3789b40>,105,1,[10  2],140,190,191,50,190
1,<environment.Job instance at 0x1481e3789640>,106,16,[7 1],141,198,214,57,198
1,<environment.Job instance at 0x1481e378e370>,118,1,[ 2 13],158,211,212,53,211
1,<environment.Job instance at 0x1481e378edc0>,119,2,[2 5],159,212,214,53,211
1,<environment.Job instance at 0x1481e9614550>,3,1,[9 1],4,242,243,238,242
1,<environment.Job instance at 0x1481e1fc26e0>,34,16,[9 2],50,1575,1591,1525,1575
1,<environment.Job instance at 0x1482240b42d0>,0,16,[2 5],1,1,17,0,1
1,<environment.Job instance at 0x1481e3693550>,10,1,[5 2],19,19,20,0,19
1,<environment.Job instance at 0x1481debf2550>,13,1,[2 8],23,23,24,0,23
1,<environment.Job instance at 0x1481e092e320>,17,1,[ 1 10],28,28,29,0,28
1,<environment.Job instance at 0x1481dee47870>,18,26,[2 5],29,29,55,0,29
1,<environment.Job instance at 0x1481df13caa0>,24,2,[2 6],40,40,42,0,40
1,<environment.Job instance at 0x1481debf8870>,30,2,[ 2 13],49,55,57,6,49
1,<environment.Job instance at 0x1481defa18c0>,32,28,[2 5],53,57,85,4,56
1,<environment.Job instance at 0x1481e1dffcd0>,36,16,[ 1 11],57,85,101,28,84
1,<environment.Job instance at 0x1481dee7d2d0>,40,24,[2 9],62,101,125,39,96
1,<environment.Job instance at 0x1481e33fc780>,47,1,[10  1],76,96,97,20,96
1,<environment.Job instance at 0x1481df58faa0>,53,1,[1 8],82,125,126,43,97
1,<environment.Job instance at 0x1481df58fd20>,54,25,[9 1],83,97,122,14,97
1,<environment.Job instance at 0x1481df1c4780>,60,2,[8 1],90,122,124,32,111
1,<environment.Job instance at 0x1481dfdc0dc0>,61,1,[6 2],91,124,125,33,111
1,<environment.Job instance at 0x1481dfdc04b0>,62,1,[9 1],92,125,126,33,111
1,<environment.Job instance at 0x1481df354b40>,63,1,[2 5],94,111,112,17,111
1,<environment.Job instance at 0x1481e22fb7d0>,65,1,[2 7],98,126,127,28,114
1,<environment.Job instance at 0x1481debfdaa0>,66,2,[ 1 14],100,127,129,27,114
1,<environment.Job instance at 0x1481debfd550>,67,1,[7 2],101,124,125,23,114
1,<environment.Job instance at 0x1481debfda00>,69,15,[6 1],103,126,141,23,125
1,<environment.Job instance at 0x1481debfdb90>,71,2,[1 5],106,125,127,19,125
1,<environment.Job instance at 0x1481debfdd20>,74,26,[5 2],109,137,163,28,137
1,<environment.Job instance at 0x1481debfd280>,75,1,[8 2],110,141,142,31,137
1,<environment.Job instance at 0x1481debfd9b0>,76,2,[2 6],111,137,139,26,137
1,<environment.Job instance at 0x1481debf3c80>,78,2,[1 7],114,139,141,25,137
1,<environment.Job instance at 0x1481ea3721e0>,80,2,[6 1],116,142,144,26,140
1,<environment.Job instance at 0x1481dec26230>,83,2,[7 1],120,144,146,24,143
1,<environment.Job instance at 0x1481e20382d0>,85,1,[ 1 10],125,144,145,19,144
1,<environment.Job instance at 0x1481e2038be0>,87,2,[9 2],128,146,148,18,144
1,<environment.Job instance at 0x1481e2038dc0>,89,21,[10  2],132,148,169,16,146
1,<environment.Job instance at 0x1481e2038550>,90,22,[2 9],133,163,185,30,156
1,<environment.Job instance at 0x1481defd7fa0>,95,1,[ 1 12],144,185,186,41,176
1,<environment.Job instance at 0x1481defd7190>,96,1,[10  2],145,176,177,31,176
1,<environment.Job instance at 0x1481defd7dc0>,101,20,[9 1],151,182,202,31,182
1,<environment.Job instance at 0x1481defd7d20>,103,2,[13  1],154,202,204,48,188
1,<environment.Job instance at 0x1481defd7aa0>,104,1,[12  2],155,204,205,49,191
1,<environment.Job instance at 0x1481e2012a00>,107,2,[6 2],158,191,193,33,191
1,<environment.Job instance at 0x1481e231e640>,33,15,[ 2 10],54,240,255,186,240
1,<environment.Job instance at 0x1481e231e280>,34,1,[1 9],55,262,263,207,262
1,<environment.Job instance at 0x148224a11aa0>,0,2,[1 6],6,6,8,0,6
1,<environment.Job instance at 0x1481ea2a2af0>,2,2,[2 8],10,10,12,0,10
1,<environment.Job instance at 0x1481ea2a21e0>,3,1,[7 1],13,13,14,0,13
1,<environment.Job instance at 0x1481ea2a25f0>,9,1,[7 2],20,20,21,0,20
1,<environment.Job instance at 0x1481ea2a2780>,12,2,[2 5],25,25,27,0,25
1,<environment.Job instance at 0x1481ea288050>,13,1,[1 9],26,26,27,0,26
1,<environment.Job instance at 0x1481ea288af0>,15,1,[1 8],28,28,29,0,28
1,<environment.Job instance at 0x1481ea288780>,21,1,[8 1],36,37,38,1,37
1,<environment.Job instance at 0x1481ea288e60>,24,1,[2 5],39,40,41,1,40
1,<environment.Job instance at 0x1481df23eaf0>,26,1,[ 1 13],41,41,42,0,41
1,<environment.Job instance at 0x1481df23e730>,27,12,[ 1 14],42,43,55,1,43
1,<environment.Job instance at 0x1481df23e230>,30,1,[11  1],53,53,54,0,53
1,<environment.Job instance at 0x1481df23e460>,31,2,[5 1],54,54,56,0,54
1,<environment.Job instance at 0x1481df23e690>,32,2,[1 6],55,55,57,0,55
1,<environment.Job instance at 0x1481df23eaa0>,33,2,[1 8],56,56,58,0,56
1,<environment.Job instance at 0x1481df23e410>,34,1,[6 1],57,57,58,0,57
1,<environment.Job instance at 0x1481ea2c13c0>,38,1,[1 5],62,62,63,0,62
1,<environment.Job instance at 0x1481ea2c1eb0>,44,2,[9 2],71,84,86,13,84
1,<environment.Job instance at 0x1481ea2c1f50>,45,2,[2 7],75,84,86,9,84
1,<environment.Job instance at 0x1481ea2c1230>,46,1,[8 1],76,86,87,10,84
1,<environment.Job instance at 0x1481ea2c1be0>,47,15,[7 1],77,86,101,9,84
1,<environment.Job instance at 0x1481e1ea61e0>,57,17,[8 1],89,101,118,12,101
1,<environment.Job instance at 0x1481e1ea6410>,61,15,[9 1],94,119,134,25,119
1,<environment.Job instance at 0x1481df5d9500>,71,2,[8 1],106,134,136,28,130
1,<environment.Job instance at 0x1481df5d9aa0>,72,15,[8 2],107,141,156,34,141
1,<environment.Job instance at 0x1481df5d96e0>,80,17,[12  1],117,159,176,42,159
1,<environment.Job instance at 0x1481ea2b9640>,86,13,[8 1],124,176,189,52,172
1,<environment.Job instance at 0x1481ea2b98c0>,88,2,[1 7],126,172,174,46,172
1,<environment.Job instance at 0x1481ea2b9cd0>,89,2,[1 6],127,172,174,45,172
1,<environment.Job instance at 0x1481e36ccbe0>,91,1,[2 7],130,174,175,44,172
1,<environment.Job instance at 0x1481ea2b5780>,95,1,[2 5],135,175,176,40,173
1,<environment.Job instance at 0x1481df6b58c0>,97,2,[2 8],140,176,178,36,173
1,<environment.Job instance at 0x1481ea2b5960>,101,12,[1 7],146,192,204,46,192
1,<environment.Job instance at 0x1481e973c370>,109,1,[ 2 10],155,204,205,49,200
1,<environment.Job instance at 0x1481e31b67d0>,111,12,[ 2 11],158,220,232,62,220
1,<environment.Job instance at 0x1481df23e190>,25,14,[ 2 10],40,325,339,285,325
1,<environment.Job instance at 0x1481df23e7d0>,28,1,[5 2],43,338,339,295,338
1,<environment.Job instance at 0x1481e97276e0>,4,23,[2 5],7,7,30,0,7
1,<environment.Job instance at 0x1481e95e3280>,17,17,[11  2],22,37,54,15,37
1,<environment.Job instance at 0x1481df581320>,28,18,[ 1 14],37,54,72,17,49
1,<environment.Job instance at 0x1481df5a1f50>,29,2,[7 1],38,54,56,16,49
1,<environment.Job instance at 0x1481df5a15a0>,33,1,[2 7],42,53,54,11,53
1,<environment.Job instance at 0x1481df6d7910>,34,3,[7 1],43,56,59,13,53
1,<environment.Job instance at 0x1481df6d75a0>,35,1,[8 2],44,72,73,28,53
1,<environment.Job instance at 0x1481df6d7500>,36,28,[ 2 10],46,72,100,26,71
1,<environment.Job instance at 0x1481e957c780>,52,2,[2 5],74,99,101,25,99
1,<environment.Job instance at 0x1481df061820>,53,19,[ 2 14],75,101,120,26,99
1,<environment.Job instance at 0x1481e5e54460>,57,17,[2 6],80,120,137,40,108
1,<environment.Job instance at 0x1481e33023c0>,73,2,[10  1],101,131,133,30,131
1,<environment.Job instance at 0x1481e3302370>,74,1,[1 7],102,131,132,29,131
1,<environment.Job instance at 0x1481e3302410>,76,13,[ 2 11],105,144,157,39,144
1,<environment.Job instance at 0x1481ea342230>,80,2,[5 1],110,144,146,34,144
1,<environment.Job instance at 0x1481ea342780>,87,2,[10  2],121,153,155,32,153
1,<environment.Job instance at 0x1481ea342410>,88,2,[ 1 10],122,157,159,35,153
1,<environment.Job instance at 0x1481ea342a50>,89,3,[ 1 10],124,159,162,35,156
1,<environment.Job instance at 0x1481ea342690>,90,1,[9 2],125,156,157,31,156
1,<environment.Job instance at 0x1481ea342af0>,91,1,[7 2],126,157,158,31,156
1,<environment.Job instance at 0x1481ea342050>,92,2,[5 2],127,157,159,30,156
1,<environment.Job instance at 0x1481ea342460>,93,3,[14  2],128,160,163,32,160
1,<environment.Job instance at 0x1481df575f50>,94,2,[1 7],131,162,164,31,160
1,<environment.Job instance at 0x1481df5753c0>,95,2,[2 6],132,163,165,31,160
1,<environment.Job instance at 0x1481df575cd0>,96,3,[6 1],134,163,166,29,160
1,<environment.Job instance at 0x1481df5754b0>,98,2,[5 1],137,163,165,26,160
1,<environment.Job instance at 0x1481df575460>,100,1,[10  1],139,166,167,27,160
1,<environment.Job instance at 0x1481df5755a0>,101,15,[7 1],140,167,182,27,160
1,<environment.Job instance at 0x1481deb0b1e0>,111,2,[1 5],151,177,179,26,177
1,<environment.Job instance at 0x1481deb0b0f0>,112,12,[5 1],152,181,193,29,181
1,<environment.Job instance at 0x1481deb0bcd0>,113,1,[10  1],153,182,183,29,181
1,<environment.Job instance at 0x1481e9ff4c80>,115,1,[10  2],157,183,184,26,181
1,<environment.Job instance at 0x1481e9ff4190>,116,1,[6 1],159,184,185,25,181
1,<environment.Job instance at 0x1481df1336e0>,18,15,[1 5],23,480,495,457,480
1,<environment.Job instance at 0x1481df133460>,19,3,[2 5],25,532,535,507,532
1,<environment.Job instance at 0x1481dee72550>,0,2,[1 8],1,1,3,0,1
1,<environment.Job instance at 0x1481e78f7d70>,21,25,[1 7],29,33,58,4,33
1,<environment.Job instance at 0x1481e329ef50>,30,1,[14  1],41,53,54,12,53
1,<environment.Job instance at 0x1481df0a68c0>,38,1,[ 1 10],52,58,59,6,57
1,<environment.Job instance at 0x1481ded98a50>,45,1,[5 2],62,62,63,0,62
1,<environment.Job instance at 0x1481e22f1c80>,47,2,[5 1],64,64,66,0,64
1,<environment.Job instance at 0x1481e22b7b40>,23,2,[2 5],31,71,73,40,71
1,<environment.Job instance at 0x1481e33c1aa0>,54,2,[ 1 10],72,72,74,0,72
1,<environment.Job instance at 0x1481df59f370>,55,2,[1 8],73,74,76,1,73
1,<environment.Job instance at 0x1481df4211e0>,60,1,[2 5],78,88,89,10,88
1,<environment.Job instance at 0x1481df590140>,61,3,[ 1 11],81,96,99,15,96
1,<environment.Job instance at 0x1481df220c30>,71,16,[8 1],94,98,114,4,98
1,<environment.Job instance at 0x148224591d70>,76,2,[2 7],100,113,115,13,113
1,<environment.Job instance at 0x148224591c30>,78,1,[1 9],102,116,117,14,116
1,<environment.Job instance at 0x1481def8ca00>,84,3,[ 1 14],110,165,168,55,165
1,<environment.Job instance at 0x1481e9685870>,85,3,[5 1],111,165,168,54,165
1,<environment.Job instance at 0x1481dfe7eb40>,90,2,[2 7],119,168,170,49,165
1,<environment.Job instance at 0x1481dfe7ed70>,95,1,[8 1],125,168,169,43,167
1,<environment.Job instance at 0x1482245cceb0>,97,1,[8 2],127,183,184,56,183
1,<environment.Job instance at 0x1481e33c8410>,99,1,[5 1],129,183,184,54,183
1,<environment.Job instance at 0x1481e33c8190>,100,2,[2 8],130,183,185,53,183
1,<environment.Job instance at 0x1481e33c8320>,103,2,[10  1],134,187,189,53,187
1,<environment.Job instance at 0x1481e33c8d70>,104,22,[5 1],136,187,209,51,187
1,<environment.Job instance at 0x1481e33dd5a0>,114,1,[ 2 10],151,217,218,66,217
1,<environment.Job instance at 0x1481e33dd640>,115,2,[6 2],152,217,219,65,217
1,<environment.Job instance at 0x1481e33dd9b0>,117,2,[5 2],155,217,219,62,217
1,<environment.Job instance at 0x1481e33dd280>,118,2,[8 1],156,219,221,63,217
1,<environment.Job instance at 0x1481e33dd730>,119,2,[8 1],157,221,223,64,218
1,<environment.Job instance at 0x1481debeef50>,58,2,[7 1],76,237,239,161,237
1,<environment.Job instance at 0x1481dec30370>,22,1,[ 2 10],30,244,245,214,244
1,<environment.Job instance at 0x1481e230aaf0>,1,18,[ 2 11],2,10,28,8,10
1,<environment.Job instance at 0x1481ded29a00>,7,2,[ 1 10],8,28,30,20,10
1,<environment.Job instance at 0x1481ded29fa0>,8,1,[5 1],9,10,11,1,10
1,<environment.Job instance at 0x1481df41cfa0>,13,2,[8 2],17,17,19,0,17
1,<environment.Job instance at 0x1481ded87550>,14,2,[11  1],18,19,21,1,19
1,<environment.Job instance at 0x1481ded87410>,15,1,[8 2],19,21,22,2,19
1,<environment.Job instance at 0x1481e1380dc0>,2,2,[1 6],3,30,32,27,27
1,<environment.Job instance at 0x1481e13881e0>,17,28,[ 2 10],21,32,60,11,31
1,<environment.Job instance at 0x1481debefa50>,30,2,[2 9],42,60,62,18,42
1,<environment.Job instance at 0x1481e977d5f0>,33,2,[ 1 10],45,62,64,17,45
1,<environment.Job instance at 0x1481e977d910>,34,2,[ 1 11],47,64,66,17,47
1,<environment.Job instance at 0x1481e977d690>,35,2,[1 8],48,66,68,18,48
1,<environment.Job instance at 0x1481e1e68780>,18,3,[9 1],24,56,59,32,56
1,<environment.Job instance at 0x1481e977da50>,36,16,[ 1 12],49,68,84,19,65
1,<environment.Job instance at 0x1481dec1fe10>,46,12,[9 1],63,68,80,5,68
1,<environment.Job instance at 0x1481df36e280>,49,2,[1 6],69,84,86,15,69
1,<environment.Job instance at 0x1481e95a5550>,50,2,[8 1],73,80,82,7,73
1,<environment.Job instance at 0x1481e1380f00>,3,16,[1 9],4,84,100,80,75
1,<environment.Job instance at 0x1482240412d0>,67,23,[9 1],100,109,132,9,109
1,<environment.Job instance at 0x148224041e60>,71,2,[1 5],104,134,136,30,134
1,<environment.Job instance at 0x1482240417d0>,72,1,[2 5],105,134,135,29,134
1,<environment.Job instance at 0x1481e5e5e6e0>,74,1,[10  1],110,136,137,26,136
1,<environment.Job instance at 0x1481e5e5e050>,76,2,[10  1],112,137,139,25,137
1,<environment.Job instance at 0x1481e5e5ef00>,77,1,[6 2],113,139,140,26,137
1,<environment.Job instance at 0x1481dfda85a0>,80,2,[5 1],119,138,140,19,138
1,<environment.Job instance at 0x1481e333caf0>,90,2,[14  2],134,182,184,48,182
1,<environment.Job instance at 0x1481e333c910>,92,1,[14  2],136,184,185,48,182
1,<environment.Job instance at 0x1481e217e0f0>,93,2,[6 2],137,185,187,48,182
1,<environment.Job instance at 0x1481e31c9230>,95,2,[1 9],139,182,184,43,182
1,<environment.Job instance at 0x1481e31c90a0>,98,2,[1 8],143,184,186,41,182
1,<environment.Job instance at 0x1481e31c90f0>,100,2,[2 8],147,192,194,45,192
1,<environment.Job instance at 0x1481df1c4c80>,102,1,[10  2],149,192,193,43,192
1,<environment.Job instance at 0x1481df1c4e10>,107,1,[6 2],158,212,213,54,212
1,<environment.Job instance at 0x1481df1c4690>,108,1,[6 1],159,213,214,54,213
1,<environment.Job instance at 0x1481e977d2d0>,37,1,[1 5],50,235,236,185,235
1,<environment.Job instance at 0x1481e95a5960>,57,2,[7 2],84,248,250,164,248
1,<environment.Job instance at 0x1481ded29b90>,4,2,[ 1 13],5,526,528,521,526
1,<environment.Job instance at 0x1481ded294b0>,1,2,[1 9],4,4,6,0,4
1,<environment.Job instance at 0x1481e2307f50>,4,2,[ 1 10],11,11,13,0,11
1,<environment.Job instance at 0x1481e2307b90>,5,1,[ 2 10],12,13,14,1,12
1,<environment.Job instance at 0x1481e2307d20>,12,1,[1 8],23,23,24,0,23
1,<environment.Job instance at 0x148224a0faa0>,15,2,[14  1],27,30,32,3,30
1,<environment.Job instance at 0x148224a0f640>,17,1,[5 2],31,32,33,1,31
1,<environment.Job instance at 0x148224a0f140>,24,1,[10  2],39,41,42,2,41
1,<environment.Job instance at 0x148224a0f690>,25,2,[5 2],42,42,44,0,42
1,<environment.Job instance at 0x1481e13a8c30>,26,2,[10  1],43,43,45,0,43
1,<environment.Job instance at 0x1481e13a86e0>,27,17,[7 1],45,45,62,0,45
1,<environment.Job instance at 0x1481e13a8370>,32,1,[1 7],57,57,58,0,57
1,<environment.Job instance at 0x1481e2281d70>,36,2,[8 1],66,66,68,0,66
1,<environment.Job instance at 0x1481e2281b40>,39,2,[2 6],70,77,79,7,77
1,<environment.Job instance at 0x1481e2281b90>,43,1,[6 1],74,78,79,4,78
1,<environment.Job instance at 0x1481e2281460>,44,1,[1 9],78,79,80,1,78
1,<environment.Job instance at 0x1481e78f3b40>,46,17,[6 1],83,84,101,1,84
1,<environment.Job instance at 0x1481dfe10be0>,51,2,[6 2],92,96,98,4,96
1,<environment.Job instance at 0x1481dfe10aa0>,53,3,[ 2 10],98,100,103,2,100
1,<environment.Job instance at 0x1481dfe10140>,56,2,[1 7],103,103,105,0,103
1,<environment.Job instance at 0x1481dfe103c0>,57,2,[2 5],104,104,106,0,104
1,<environment.Job instance at 0x1481df6dbe60>,59,13,[ 1 13],106,118,131,12,118
1,<environment.Job instance at 0x1481df6db640>,67,1,[6 1],115,123,124,8,123
1,<environment.Job instance at 0x1481df3620a0>,72,1,[2 9],127,131,132,4,127
1,<environment.Job instance at 0x1481df3623c0>,73,18,[7 2],129,130,148,1,130
1,<environment.Job instance at 0x1481df362190>,78,2,[1 6],134,134,136,0,134
1,<environment.Job instance at 0x1481df362500>,79,1,[2 5],135,135,136,0,135
1,<environment.Job instance at 0x1481dfdf0500>,80,1,[2 8],136,136,137,0,136
1,<environment.Job instance at 0x1481dfef6320>,83,2,[7 2],139,139,141,0,139
1,<environment.Job instance at 0x1481dfef60f0>,84,1,[9 2],140,148,149,8,140
1,<environment.Job instance at 0x1481dfef66e0>,89,2,[1 9],148,148,150,0,148
1,<environment.Job instance at 0x1482247615a0>,90,3,[ 2 12],150,150,153,0,150
1,<environment.Job instance at 0x1481ded81c80>,92,3,[1 8],153,153,156,0,153
1,<environment.Job instance at 0x1481ea24f7d0>,93,2,[5 1],157,157,159,0,157
1,<environment.Job instance at 0x148235ecf410>,94,1,[2 5],158,158,159,0,158
1,<environment.Job instance at 0x1481ded81b40>,95,2,[1 8],159,159,161,0,159
1,<environment.Job instance at 0x148224a0f550>,23,1,[2 9],38,973,974,935,973
1,<environment.Job instance at 0x148224a0f320>,16,14,[6 2],30,1901,1915,1871,1901
1,<environment.Job instance at 0x148224a0fc80>,21,2,[1 8],36,1920,1922,1884,1920
1,<environment.Job instance at 0x148224a0fd20>,22,12,[5 2],37,2271,2283,2234,2271
1,<environment.Job instance at 0x1481deca4960>,2,2,[11  1],4,9,11,5,9
1,<environment.Job instance at 0x1481e95e4280>,7,1,[6 1],11,11,12,0,11
1,<environment.Job instance at 0x1481e2007320>,8,1,[1 5],12,12,13,0,12
1,<environment.Job instance at 0x1481e2007050>,9,2,[1 7],13,13,15,0,13
1,<environment.Job instance at 0x1481e2007820>,11,1,[1 8],15,15,16,0,15
1,<environment.Job instance at 0x1481deb67190>,12,2,[2 5],16,16,18,0,16
1,<environment.Job instance at 0x1481e13a2230>,15,1,[2 9],19,19,20,0,19
1,<environment.Job instance at 0x1481df316910>,17,1,[9 1],23,23,24,0,23
1,<environment.Job instance at 0x1481dfe0c190>,18,3,[1 7],24,24,27,0,24
1,<environment.Job instance at 0x1481e2007c30>,19,2,[1 8],25,25,27,0,25
1,<environment.Job instance at 0x1481deda5960>,21,3,[5 1],28,28,31,0,28
1,<environment.Job instance at 0x1481e78c7d20>,23,14,[ 1 12],30,163,177,133,163
1,<environment.Job instance at 0x1481e5e54c30>,34,20,[10  2],44,176,196,132,176
1,<environment.Job instance at 0x1481e9614eb0>,44,1,[1 5],61,181,182,120,181
1,<environment.Job instance at 0x1481e9614af0>,45,21,[6 2],62,196,217,134,190
1,<environment.Job instance at 0x148224575c80>,58,27,[7 1],81,222,249,141,222
1,<environment.Job instance at 0x148224575820>,60,2,[6 2],83,226,228,143,226
1,<environment.Job instance at 0x1481e231f190>,62,2,[2 6],86,226,228,140,226
1,<environment.Job instance at 0x1481e231fbe0>,63,2,[9 1],88,249,251,161,227
1,<environment.Job instance at 0x1481e231f1e0>,65,1,[ 1 10],93,228,229,135,227
1,<environment.Job instance at 0x1481e231ffa0>,67,1,[8 1],95,229,230,134,228
1,<environment.Job instance at 0x1481e1e8a050>,71,1,[2 7],103,238,239,135,238
1,<environment.Job instance at 0x1481deffbf50>,73,16,[2 6],105,251,267,146,251
1,<environment.Job instance at 0x1481deffbd70>,74,23,[1 9],106,258,281,152,258
1,<environment.Job instance at 0x1481ea32a6e0>,91,12,[8 1],137,282,294,145,282
1,<environment.Job instance at 0x1481ea32a690>,97,1,[2 9],149,291,292,142,291
1,<environment.Job instance at 0x1481ea32ae10>,102,2,[2 8],156,303,305,147,303
1,<environment.Job instance at 0x1481ea32aaf0>,104,2,[13  1],158,305,307,147,305
1,<environment.Job instance at 0x1481ea32a910>,105,2,[1 7],159,305,307,146,305
1,<environment.Job instance at 0x1481e95e41e0>,3,3,[9 1],7,330,333,323,330
1,<environment.Job instance at 0x1481e95e4910>,4,27,[9 2],8,1980,2007,1972,1980
1,<environment.Job instance at 0x1481e95e4690>,2,1,[1 5],5,5,6,0,5
1,<environment.Job instance at 0x1481dec724b0>,5,21,[2 6],9,9,30,0,9
1,<environment.Job instance at 0x1481df0321e0>,14,16,[7 1],21,28,44,7,28
1,<environment.Job instance at 0x1481e21ac7d0>,22,24,[9 2],31,44,68,13,43
1,<environment.Job instance at 0x1481e21eb9b0>,28,1,[1 9],40,70,71,30,70
1,<environment.Job instance at 0x1481dee91050>,31,1,[6 2],45,71,72,26,71
1,<environment.Job instance at 0x1481e1df7d20>,40,2,[2 8],58,92,94,34,92
1,<environment.Job instance at 0x1481e1df7820>,41,16,[8 1],60,93,109,33,93
1,<environment.Job instance at 0x1481e31f8c80>,57,23,[2 9],82,103,126,21,103
1,<environment.Job instance at 0x1481df254dc0>,74,12,[8 1],110,126,138,16,126
1,<environment.Job instance at 0x1481e1fa14b0>,78,2,[2 8],115,137,139,22,137
1,<environment.Job instance at 0x1481e1fa1730>,80,3,[13  1],117,262,265,145,262
1,<environment.Job instance at 0x1481e328aaa0>,82,1,[2 9],119,262,263,143,262
1,<environment.Job instance at 0x1481e328a6e0>,84,1,[10  1],125,265,266,140,262
1,<environment.Job instance at 0x1481ea288f50>,85,1,[7 2],126,266,267,140,262
1,<environment.Job instance at 0x1482245853c0>,90,1,[1 6],136,263,264,127,262
1,<environment.Job instance at 0x1481df12eaa0>,92,2,[6 2],139,266,268,127,262
1,<environment.Job instance at 0x1481df12eeb0>,94,26,[ 2 10],141,264,290,123,262
1,<environment.Job instance at 0x1481df12eb90>,100,14,[13  1],153,424,438,271,424
1,<environment.Job instance at 0x1481df12ef50>,103,2,[5 2],157,438,440,281,424
1,<environment.Job instance at 0x1481dec505a0>,105,1,[8 2],159,438,439,279,424
1,<environment.Job instance at 0x1481e1e25be0>,9,2,[6 2],14,439,441,425,428
1,<environment.Job instance at 0x1481df4623c0>,39,1,[ 2 10],55,457,458,402,457
1,<environment.Job instance at 0x1482240ba550>,10,3,[2 5],15,1261,1264,1246,1261
1,<environment.Job instance at 0x1481e973be10>,0,2,[1 8],1,1,3,0,1
1,<environment.Job instance at 0x1481df2a49b0>,3,1,[5 1],4,4,5,0,4
1,<environment.Job instance at 0x1481e31f8be0>,7,2,[10  2],8,8,10,0,8
1,<environment.Job instance at 0x1481dee6e460>,23,28,[5 2],29,47,75,18,47
1,<environment.Job instance at 0x1481e36e3820>,42,2,[2 7],58,90,92,32,90
1,<environment.Job instance at 0x1481dec80cd0>,45,26,[2 6],62,107,133,45,107
1,<environment.Job instance at 0x1481df1e4050>,52,2,[5 1],69,129,131,60,129
1,<environment.Job instance at 0x1481df1e4780>,55,21,[2 7],74,130,151,56,130
1,<environment.Job instance at 0x1481e1370500>,61,27,[2 7],80,134,161,54,134
1,<environment.Job instance at 0x1481dec72460>,68,3,[ 2 13],94,161,164,67,161
1,<environment.Job instance at 0x1481ea20a280>,69,2,[2 8],95,164,166,69,161
1,<environment.Job instance at 0x1481dfd44370>,71,21,[1 5],99,164,185,65,161
1,<environment.Job instance at 0x1481ea2f9500>,87,2,[2 8],118,180,182,62,180
1,<environment.Job instance at 0x1481ea2f9320>,88,2,[1 8],119,182,184,63,180
1,<environment.Job instance at 0x1481e2338050>,91,1,[1 7],122,184,185,62,180
1,<environment.Job instance at 0x1481df6910f0>,92,2,[7 1],123,180,182,57,180
1,<environment.Job instance at 0x1481e22f1d70>,98,2,[2 7],132,186,188,54,186
1,<environment.Job instance at 0x1481e22f1f00>,99,1,[2 7],133,186,187,53,186
1,<environment.Job instance at 0x1481e205eaf0>,101,1,[2 9],136,188,189,52,186
1,<environment.Job instance at 0x1481e205e730>,102,1,[ 1 10],138,189,190,51,186
1,<environment.Job instance at 0x1481e205eaa0>,104,1,[1 7],140,190,191,50,189
1,<environment.Job instance at 0x1481e205ee10>,107,22,[2 8],144,195,217,51,195
1,<environment.Job instance at 0x1481e972e960>,110,2,[ 1 12],147,217,219,70,211
1,<environment.Job instance at 0x1481e1ed1d70>,116,1,[ 1 10],157,222,223,65,222
1,<environment.Job instance at 0x1481e1ed14b0>,117,1,[10  2],158,223,224,65,223
1,<environment.Job instance at 0x148235ddf190>,12,2,[2 9],16,258,260,242,258
1,<environment.Job instance at 0x1481e31f80a0>,13,3,[9 1],17,352,355,335,352
1,<environment.Job instance at 0x148235ecf910>,18,12,[11  1],23,898,910,875,898
1,<environment.Job instance at 0x1481debf5960>,1,2,[2 8],3,3,5,0,3
1,<environment.Job instance at 0x1481e33ad4b0>,3,2,[8 1],7,7,9,0,7
1,<environment.Job instance at 0x1481df45ee60>,11,1,[6 1],18,18,19,0,18
1,<environment.Job instance at 0x1481dee6e7d0>,16,1,[10  2],25,25,26,0,25
1,<environment.Job instance at 0x1481e973f730>,17,1,[5 1],26,26,27,0,26
1,<environment.Job instance at 0x1481e21ac690>,21,2,[2 8],32,32,34,0,32
1,<environment.Job instance at 0x1481dec920a0>,22,1,[ 1 10],33,34,35,1,33
1,<environment.Job instance at 0x1481df197140>,25,1,[2 8],37,47,48,10,47
1,<environment.Job instance at 0x1481e2012500>,36,2,[8 1],54,62,64,8,62
1,<environment.Job instance at 0x1481df197370>,24,3,[8 2],36,64,67,28,62
1,<environment.Job instance at 0x1481e2012d70>,39,1,[1 6],57,82,83,25,82
1,<environment.Job instance at 0x1481df553dc0>,43,1,[10  1],65,89,90,24,89
1,<environment.Job instance at 0x1481e45e4960>,42,13,[ 1 14],62,89,102,27,89
1,<environment.Job instance at 0x1481df5537d0>,45,12,[2 8],67,102,114,35,89
1,<environment.Job instance at 0x1481df5535a0>,46,2,[2 6],69,102,104,33,89
1,<environment.Job instance at 0x1481df5532d0>,49,2,[7 2],72,104,106,32,89
1,<environment.Job instance at 0x1481df553e10>,50,2,[9 1],74,90,92,16,89
1,<environment.Job instance at 0x1481e95ac280>,51,2,[2 6],78,106,108,28,89
1,<environment.Job instance at 0x1481e369e960>,54,3,[2 5],84,108,111,24,89
1,<environment.Job instance at 0x1481df0f90a0>,55,21,[1 9],85,114,135,29,106
1,<environment.Job instance at 0x1481e369ec30>,56,1,[2 6],87,111,112,24,106
1,<environment.Job instance at 0x1481e0929730>,57,2,[9 1],88,106,108,18,106
1,<environment.Job instance at 0x1481e3659140>,59,18,[10  1],91,108,126,17,106
1,<environment.Job instance at 0x1481df922b40>,60,2,[7 2],92,126,128,34,106
1,<environment.Job instance at 0x1481df922eb0>,61,2,[13  2],93,128,130,35,106
1,<environment.Job instance at 0x1481e78c94b0>,66,1,[2 9],101,135,136,34,109
1,<environment.Job instance at 0x1481e78c92d0>,67,1,[5 2],102,126,127,24,109
1,<environment.Job instance at 0x1481df14a960>,71,1,[1 9],107,136,137,29,117
1,<environment.Job instance at 0x1481df14acd0>,72,1,[8 1],108,130,131,22,117
1,<environment.Job instance at 0x1481df14a2d0>,73,2,[9 1],110,131,133,21,117
1,<environment.Job instance at 0x1481e1fb3820>,74,1,[1 6],111,133,134,22,117
1,<environment.Job instance at 0x1481e1fb3050>,75,2,[1 5],112,117,119,5,117
1,<environment.Job instance at 0x1481e1fb3640>,76,3,[6 1],113,134,137,21,119
1,<environment.Job instance at 0x1481e1fb3550>,77,16,[6 2],114,134,150,20,127
1,<environment.Job instance at 0x1481e1fb3230>,78,2,[1 7],116,137,139,21,127
1,<environment.Job instance at 0x1481dfdf4140>,80,1,[7 1],118,127,128,9,127
1,<environment.Job instance at 0x148224092410>,81,13,[7 1],119,137,150,18,127
1,<environment.Job instance at 0x1481e1df3af0>,82,1,[ 2 10],121,139,140,18,127
1,<environment.Job instance at 0x1481e1df36e0>,84,1,[2 8],123,140,141,17,131
1,<environment.Job instance at 0x1481e1df3dc0>,85,3,[7 2],124,150,153,26,131
1,<environment.Job instance at 0x1481e1df3910>,86,1,[2 8],125,141,142,16,131
1,<environment.Job instance at 0x1481e1df3d20>,88,1,[10  2],127,153,154,26,135
1,<environment.Job instance at 0x1481e341f4b0>,91,2,[7 1],130,150,152,20,138
1,<environment.Job instance at 0x1481df058780>,93,1,[11  2],132,154,155,22,140
1,<environment.Job instance at 0x1481e22817d0>,94,18,[8 2],133,155,173,22,149
1,<environment.Job instance at 0x1481dfe32af0>,95,2,[2 9],134,152,154,18,149
1,<environment.Job instance at 0x1481dfd3e370>,96,17,[8 1],136,173,190,37,161
1,<environment.Job instance at 0x1481e217ed70>,97,18,[1 6],137,161,179,24,161
1,<environment.Job instance at 0x1481dfe7c640>,100,15,[14  1],140,190,205,50,176
1,<environment.Job instance at 0x1481e95ba870>,101,1,[7 1],141,179,180,38,176
1,<environment.Job instance at 0x1481dfebbaf0>,102,14,[1 8],143,180,194,37,176
1,<environment.Job instance at 0x1481df3cab40>,104,3,[ 1 10],147,194,197,47,179
1,<environment.Job instance at 0x1481df3ca960>,105,1,[7 1],148,205,206,57,179
1,<environment.Job instance at 0x1481e9fd4910>,107,12,[5 1],153,205,217,52,188
1,<environment.Job instance at 0x1481e1e21fa0>,109,3,[8 1],156,206,209,50,188
1,<environment.Job instance at 0x1481e5e5ebe0>,111,2,[5 1],159,209,211,50,190
1,<environment.Job instance at 0x1481df553730>,44,14,[6 1],66,242,256,176,242
1,<environment.Job instance at 0x1481e97aeaf0>,32,18,[ 1 10],50,245,263,195,245
1,<environment.Job instance at 0x1481df197af0>,27,3,[5 1],39,266,269,227,266
1,<environment.Job instance at 0x1481df5abb90>,1,22,[1 7],2,2,24,0,2
1,<environment.Job instance at 0x1481df256f00>,2,1,[10  2],5,5,6,0,5
1,<environment.Job instance at 0x1481e13940f0>,25,1,[ 1 11],36,38,39,2,38
1,<environment.Job instance at 0x1481def05870>,35,25,[7 2],48,48,73,0,48
1,<environment.Job instance at 0x1482240ee230>,39,18,[ 1 12],52,83,101,31,83
1,<environment.Job instance at 0x1482240ee780>,52,1,[5 1],69,101,102,32,101
1,<environment.Job instance at 0x1481e97a3af0>,59,2,[1 7],79,115,117,36,115
1,<environment.Job instance at 0x1481e97a3320>,61,2,[7 1],81,115,117,34,115
1,<environment.Job instance at 0x1481e97a35f0>,62,1,[ 2 12],82,117,118,35,115
1,<environment.Job instance at 0x1481e97a33c0>,66,2,[6 1],86,117,119,31,117
1,<environment.Job instance at 0x1481e78efaf0>,73,1,[ 2 10],97,129,130,32,129
1,<environment.Job instance at 0x1481e78ef5f0>,74,2,[1 9],99,130,132,31,129
1,<environment.Job instance at 0x1481e78ef960>,77,21,[5 2],104,138,159,34,138
1,<environment.Job instance at 0x1481e216f2d0>,93,2,[6 2],127,152,154,25,152
1,<environment.Job instance at 0x1481e3282780>,98,2,[5 1],134,156,158,22,156
1,<environment.Job instance at 0x1481e45e4cd0>,100,1,[10  2],138,158,159,20,156
1,<environment.Job instance at 0x1481df24a7d0>,101,27,[6 1],139,159,186,20,157
1,<environment.Job instance at 0x1481ea2c3870>,105,15,[ 2 13],146,299,314,153,299
1,<environment.Job instance at 0x1481df1c7280>,110,2,[12  2],154,310,312,156,310
1,<environment.Job instance at 0x1481e13945a0>,18,2,[1 9],22,335,337,313,335
1,<environment.Job instance at 0x1481e1394730>,26,13,[6 1],37,890,903,853,890
1,<environment.Job instance at 0x1481df44f1e0>,0,1,[9 2],1,1,2,0,1
1,<environment.Job instance at 0x1481ea2573c0>,1,1,[6 2],3,3,4,0,3
1,<environment.Job instance at 0x1481df53b690>,3,2,[2 8],5,5,7,0,5
1,<environment.Job instance at 0x1481e1394730>,5,1,[12  1],8,9,10,1,9
1,<environment.Job instance at 0x1481df53b7d0>,7,3,[8 2],10,10,13,0,10
1,<environment.Job instance at 0x1481df53b050>,8,2,[8 1],13,13,15,0,13
1,<environment.Job instance at 0x1481df549690>,9,1,[ 1 11],14,14,15,0,14
1,<environment.Job instance at 0x1481df53bc80>,6,25,[1 7],9,15,40,6,15
1,<environment.Job instance at 0x1481dfd96690>,20,26,[1 7],30,34,60,4,34
1,<environment.Job instance at 0x1481e5e754b0>,31,2,[6 1],42,59,61,17,59
1,<environment.Job instance at 0x1481e5e75cd0>,32,1,[6 1],44,59,60,15,59
1,<environment.Job instance at 0x1481e335eb40>,33,2,[2 5],46,59,61,13,59
1,<environment.Job instance at 0x1481e335ed70>,34,3,[2 8],48,60,63,12,60
1,<environment.Job instance at 0x1481e335e050>,36,25,[ 1 10],51,63,88,12,60
1,<environment.Job instance at 0x1481e335e870>,37,3,[13  1],52,61,64,9,60
1,<environment.Job instance at 0x1481e335e9b0>,39,1,[8 2],55,64,65,9,62
1,<environment.Job instance at 0x1481e335e960>,40,2,[8 1],57,65,67,8,62
1,<environment.Job instance at 0x1481e335ea50>,41,1,[1 5],58,67,68,9,62
1,<environment.Job instance at 0x1481dfda2c80>,43,2,[5 1],60,64,66,4,62
1,<environment.Job instance at 0x1481df59e9b0>,45,1,[5 1],62,66,67,4,62
1,<environment.Job instance at 0x1481dfd97d20>,22,1,[6 2],32,68,69,36,65
1,<environment.Job instance at 0x1481dfdc6820>,47,2,[8 1],67,68,70,1,67
1,<environment.Job instance at 0x1481e78f06e0>,49,2,[2 7],72,88,90,16,72
1,<environment.Job instance at 0x1481e96cfcd0>,50,1,[9 2],74,74,75,0,74
1,<environment.Job instance at 0x1481dfdf4050>,54,1,[5 2],80,80,81,0,80
1,<environment.Job instance at 0x1481e33c11e0>,59,1,[1 9],88,90,91,2,89
1,<environment.Job instance at 0x1481dec93e60>,56,1,[ 1 10],84,91,92,7,89
1,<environment.Job instance at 0x14822458b780>,63,18,[2 7],95,95,113,0,95
1,<environment.Job instance at 0x14822458b690>,65,3,[13  1],97,110,113,13,110
1,<environment.Job instance at 0x1481e21fe960>,66,3,[6 1],100,113,116,13,110
1,<environment.Job instance at 0x1481e21fe0a0>,67,2,[8 2],101,113,115,12,110
1,<environment.Job instance at 0x1481e21fe410>,68,3,[11  1],102,116,119,14,111
1,<environment.Job instance at 0x1481e21fe050>,72,26,[1 6],106,113,139,7,111
1,<environment.Job instance at 0x1481e45ede10>,77,1,[ 2 10],112,139,140,27,112
1,<environment.Job instance at 0x1481e45ed4b0>,79,1,[7 2],115,115,116,0,115
1,<environment.Job instance at 0x1481e45ed910>,82,2,[2 7],118,124,126,6,124
1,<environment.Job instance at 0x1481e45ed690>,84,14,[6 1],120,125,139,5,125
1,<environment.Job instance at 0x1481e45edbe0>,86,2,[8 1],123,126,128,3,125
1,<environment.Job instance at 0x1481e78c1870>,88,1,[1 6],129,129,130,0,129
1,<environment.Job instance at 0x14822458bc30>,64,16,[1 8],96,140,156,44,129
1,<environment.Job instance at 0x1481e78c18c0>,92,2,[2 5],135,158,160,23,158
1,<environment.Job instance at 0x1481e9636910>,98,17,[ 2 11],142,160,177,18,158
1,<environment.Job instance at 0x1481e9636820>,100,1,[1 8],144,177,178,33,160
1,<environment.Job instance at 0x1481e9636410>,104,2,[8 2],151,163,165,12,163
1,<environment.Job instance at 0x1481e96365f0>,105,1,[8 1],152,165,166,13,163
1,<environment.Job instance at 0x1481e96368c0>,106,23,[7 1],153,166,189,13,163
1,<environment.Job instance at 0x1481e9636e60>,107,22,[5 2],154,163,185,9,163
1,<environment.Job instance at 0x1481e96364b0>,108,22,[7 2],156,185,207,29,178
1,<environment.Job instance at 0x1482240819b0>,109,2,[2 9],157,178,180,21,178
1,<environment.Job instance at 0x148224081dc0>,110,3,[ 2 10],158,180,183,22,178
1,<environment.Job instance at 0x148224081140>,111,1,[2 7],159,183,184,24,178
1,<environment.Job instance at 0x1481ded6d2d0>,21,3,[6 1],31,214,217,183,214
1,<environment.Job instance at 0x1481e9636280>,99,25,[ 2 14],143,246,271,103,246
1,<environment.Job instance at 0x1501ff7aafa0>,2,1,[2 5],3,3,4,0,3
1,<environment.Job instance at 0x1501a8f64b40>,3,1,[6 2],4,6,7,2,6
1,<environment.Job instance at 0x1501a8f64320>,7,1,[2 6],8,8,9,0,8
1,<environment.Job instance at 0x1501a8f644b0>,9,2,[6 1],11,11,13,0,11
1,<environment.Job instance at 0x1501a8f645a0>,14,2,[ 1 10],18,18,20,0,18
1,<environment.Job instance at 0x1501a91acaf0>,15,1,[ 1 10],20,20,21,0,20
1,<environment.Job instance at 0x1501a963d0f0>,16,1,[2 5],21,21,22,0,21
1,<environment.Job instance at 0x1501a969a140>,20,2,[ 1 13],27,28,30,1,28
1,<environment.Job instance at 0x1501a96c57d0>,22,1,[2 7],30,30,31,0,30
1,<environment.Job instance at 0x1501a9675e60>,28,2,[2 7],37,37,39,0,37
1,<environment.Job instance at 0x1501a8f64c80>,5,3,[9 2],6,39,42,33,39
1,<environment.Job instance at 0x1501a9671730>,34,15,[11  1],44,164,179,120,164
1,<environment.Job instance at 0x1501a97a1050>,41,25,[12  2],54,179,204,125,177
1,<environment.Job instance at 0x1501a96e2c30>,46,2,[2 8],61,177,179,116,177
1,<environment.Job instance at 0x1501a96e2780>,47,1,[1 6],63,177,178,114,177
1,<environment.Job instance at 0x1501a96e2730>,48,1,[2 9],65,179,180,114,177
1,<environment.Job instance at 0x1501a9681cd0>,55,16,[2 5],76,180,196,104,179
1,<environment.Job instance at 0x1501a9681320>,57,22,[1 5],80,181,203,101,181
1,<environment.Job instance at 0x1501a969d640>,65,3,[2 9],92,206,209,114,206
1,<environment.Job instance at 0x1501a91d9d20>,67,1,[13  1],94,206,207,112,206
1,<environment.Job instance at 0x1501a91c2eb0>,69,1,[2 5],96,207,208,111,206
1,<environment.Job instance at 0x1501a91d9fa0>,70,2,[ 2 10],97,209,211,112,206
1,<environment.Job instance at 0x1501a91d2be0>,73,2,[6 2],103,208,210,105,206
1,<environment.Job instance at 0x1501a91cdfa0>,75,1,[1 6],107,211,212,104,209
1,<environment.Job instance at 0x1501a91cdbe0>,77,2,[ 1 10],109,212,214,103,209
1,<environment.Job instance at 0x1501a91d81e0>,79,3,[7 2],111,213,216,102,213
1,<environment.Job instance at 0x1501a96976e0>,84,2,[ 1 10],118,218,220,100,218
1,<environment.Job instance at 0x1501a96710a0>,35,2,[1 8],45,220,222,175,218
1,<environment.Job instance at 0x1501a966d140>,92,15,[7 1],129,224,239,95,224
1,<environment.Job instance at 0x1501a96924b0>,104,1,[ 2 14],143,264,265,121,264
1,<environment.Job instance at 0x1501a8f61e60>,109,3,[11  2],151,386,389,235,386
1,<environment.Job instance at 0x1501a8f600a0>,119,3,[12  1],164,495,498,331,495
1,<environment.Job instance at 0x1501a966d0a0>,91,1,[2 5],128,502,503,374,502
1,<environment.Job instance at 0x1501a9671fa0>,36,3,[10  2],48,552,555,504,552
1,<environment.Job instance at 0x1501a966d870>,93,2,[14  1],130,580,582,450,580
1,<environment.Job instance at 0x1501a9671140>,37,2,[ 1 10],50,731,733,681,731
1,<environment.Job instance at 0x1501a9671140>,2,27,[1 8],3,3,30,0,3
1,<environment.Job instance at 0x1501a9671af0>,1,13,[ 1 14],2,30,43,28,27
1,<environment.Job instance at 0x1501ab93f0f0>,10,2,[1 9],18,43,45,25,27
1,<environment.Job instance at 0x1501ab8af190>,18,2,[9 1],29,43,45,14,43
1,<environment.Job instance at 0x1501ab717f50>,20,2,[ 1 10],31,45,47,14,44
1,<environment.Job instance at 0x1501ab717b40>,22,1,[1 7],33,47,48,14,46
1,<environment.Job instance at 0x1501ab717af0>,23,1,[2 9],34,48,49,14,46
1,<environment.Job instance at 0x1501a8f92230>,4,2,[7 2],5,56,58,51,56
1,<environment.Job instance at 0x1501ab717280>,26,14,[10  1],39,68,82,29,68
1,<environment.Job instance at 0x1501ab761730>,34,18,[8 1],48,82,100,34,77
1,<environment.Job instance at 0x1501ab7031e0>,39,16,[9 1],56,100,116,44,97
1,<environment.Job instance at 0x1501ab6fc730>,51,1,[2 6],76,113,114,37,113
1,<environment.Job instance at 0x1501ab6fc280>,52,2,[1 6],77,113,115,36,113
1,<environment.Job instance at 0x1501ab76f7d0>,54,1,[2 8],82,114,115,32,113
1,<environment.Job instance at 0x1501ab76f4b0>,55,18,[10  1],86,131,149,45,131
1,<environment.Job instance at 0x1501ab76fd70>,56,2,[7 2],87,149,151,62,131
1,<environment.Job instance at 0x1501ab76f870>,57,2,[2 5],88,131,133,43,131
1,<environment.Job instance at 0x1501ab6f6190>,62,2,[ 2 12],96,133,135,37,131
1,<environment.Job instance at 0x1501ab717dc0>,25,3,[ 2 10],37,150,153,113,150
1,<environment.Job instance at 0x1501ab6f6f50>,67,2,[6 2],102,150,152,48,150
1,<environment.Job instance at 0x1501ab6f6460>,66,13,[ 1 11],101,153,166,52,153
1,<environment.Job instance at 0x1501ab6f6640>,71,3,[ 1 13],106,166,169,60,156
1,<environment.Job instance at 0x1501ab8070a0>,73,21,[ 2 13],110,169,190,59,161
1,<environment.Job instance at 0x1501a8f61be0>,90,17,[7 1],132,182,199,50,182
1,<environment.Job instance at 0x1501ab72cdc0>,97,2,[2 5],144,197,199,53,197
1,<environment.Job instance at 0x1501ab726550>,98,1,[ 2 10],145,199,200,54,197
1,<environment.Job instance at 0x1501ab85deb0>,99,14,[8 1],146,199,213,53,199
1,<environment.Job instance at 0x1501ab726e10>,102,21,[7 2],150,203,224,53,203
1,<environment.Job instance at 0x1501ab6f6f00>,68,1,[1 5],103,225,226,122,225
1,<environment.Job instance at 0x1501a8f92410>,3,3,[1 9],4,261,264,257,261
1,<environment.Job instance at 0x1501acf98410>,0,2,[2 7],1,1,3,0,1
1,<environment.Job instance at 0x1501ab67ed20>,10,2,[ 2 10],15,15,17,0,15
1,<environment.Job instance at 0x1501aa1d6820>,6,1,[1 8],8,159,160,151,159
1,<environment.Job instance at 0x1501ab67ed70>,13,2,[ 2 12],20,211,213,191,211
1,<environment.Job instance at 0x1501ab687b90>,18,2,[1 9],31,273,275,242,273
1,<environment.Job instance at 0x1501a961b140>,19,2,[1 6],32,311,313,279,311
1,<environment.Job instance at 0x1501ab67e870>,16,15,[ 1 11],27,969,984,942,969
1,<environment.Job instance at 0x1501a961b960>,22,1,[9 2],35,969,970,934,969
1,<environment.Job instance at 0x1501ab778960>,41,1,[2 7],64,990,991,926,990
1,<environment.Job instance at 0x1501ab778d20>,43,2,[6 1],66,990,992,924,990
1,<environment.Job instance at 0x1501a961bdc0>,20,1,[1 9],33,991,992,958,990
1,<environment.Job instance at 0x1501ab7922d0>,54,26,[9 1],84,1005,1031,921,1005
1,<environment.Job instance at 0x1501ab823870>,62,27,[1 7],95,1022,1049,927,1022
1,<environment.Job instance at 0x1501ab80e870>,83,2,[1 8],126,1069,1071,943,1069
1,<environment.Job instance at 0x1501acc92c80>,84,2,[1 5],128,1069,1071,941,1069
1,<environment.Job instance at 0x1501acc921e0>,86,1,[2 8],130,1079,1080,949,1079
1,<environment.Job instance at 0x1501acc92780>,87,1,[8 2],131,1079,1080,948,1079
1,<environment.Job instance at 0x1501acc924b0>,88,14,[14  1],132,1542,1556,1410,1542
1,<environment.Job instance at 0x1501abaaa550>,92,3,[ 2 11],140,1562,1565,1422,1562
1,<environment.Job instance at 0x1501abaaa0a0>,93,2,[1 7],141,1565,1567,1424,1562
1,<environment.Job instance at 0x1501ab8ca2d0>,103,2,[1 8],151,1577,1579,1426,1577
1,<environment.Job instance at 0x1501ab8caeb0>,105,2,[2 8],153,1579,1581,1426,1577
1,<environment.Job instance at 0x1501ab8cab90>,108,2,[2 8],159,1581,1583,1422,1577
1,<environment.Job instance at 0x1501ab8cabe0>,111,27,[ 2 10],163,1583,1610,1420,1581
1,<environment.Job instance at 0x1501a88c02d0>,98,2,[ 1 10],146,1610,1612,1464,1609
1,<environment.Job instance at 0x1501ab725d70>,50,3,[1 7],78,1619,1622,1541,1619
1,<environment.Job instance at 0x1501a8c857d0>,5,1,[7 2],8,8,9,0,8
1,<environment.Job instance at 0x1501b118be60>,10,19,[2 9],16,18,37,2,18
1,<environment.Job instance at 0x1501d1f26870>,13,1,[6 2],19,19,20,0,19
1,<environment.Job instance at 0x1501acf30050>,14,2,[1 5],20,20,22,0,20
1,<environment.Job instance at 0x1501acf4fbe0>,15,1,[1 7],21,37,38,16,21
1,<environment.Job instance at 0x1501adeb5280>,17,2,[1 5],23,23,25,0,23
1,<environment.Job instance at 0x1501b119d3c0>,18,1,[1 9],25,38,39,13,25
1,<environment.Job instance at 0x1501ade8ecd0>,19,1,[2 5],26,26,27,0,26
1,<environment.Job instance at 0x1501acb73050>,21,1,[2 6],28,28,29,0,28
1,<environment.Job instance at 0x1501adea2500>,22,1,[2 8],30,37,38,7,30
1,<environment.Job instance at 0x1501ff74d280>,23,1,[2 6],31,31,32,0,31
1,<environment.Job instance at 0x1501acccaaa0>,26,14,[1 6],35,38,52,3,36
1,<environment.Job instance at 0x1501d00dc7d0>,30,1,[1 8],39,39,40,0,39
1,<environment.Job instance at 0x1501d00dcaf0>,32,2,[2 6],41,41,43,0,41
1,<environment.Job instance at 0x1501b2e8f550>,35,16,[10  2],44,50,66,6,50
1,<environment.Job instance at 0x1501d00dc640>,37,2,[1 6],47,50,52,3,50
1,<environment.Job instance at 0x1501b11954b0>,38,15,[2 6],49,52,67,3,50
1,<environment.Job instance at 0x1501b2801820>,39,2,[7 2],50,66,68,16,50
1,<environment.Job instance at 0x1501af72c730>,40,13,[5 1],51,66,79,15,51
1,<environment.Job instance at 0x1501b11a4e10>,41,2,[1 8],52,67,69,15,52
1,<environment.Job instance at 0x1501b280d5a0>,43,1,[2 5],54,54,55,0,54
1,<environment.Job instance at 0x1501acfac230>,48,25,[12  1],59,79,104,20,75
1,<environment.Job instance at 0x1501acfac320>,49,1,[ 2 10],60,75,76,15,75
1,<environment.Job instance at 0x1501b2f93cd0>,56,23,[1 6],71,87,110,16,87
1,<environment.Job instance at 0x1501acb3a0f0>,60,3,[8 1],80,104,107,24,104
1,<environment.Job instance at 0x1501a96ac5f0>,61,2,[7 1],82,107,109,25,104
1,<environment.Job instance at 0x1501a89cd500>,62,18,[2 6],84,104,122,20,104
1,<environment.Job instance at 0x1501a8e17d70>,63,1,[7 1],86,109,110,23,104
1,<environment.Job instance at 0x1501a8d64b90>,64,2,[5 1],87,107,109,20,104
1,<environment.Job instance at 0x1501a8e17780>,65,14,[2 5],88,110,124,22,106
1,<environment.Job instance at 0x1501acb85e60>,67,12,[1 5],91,122,134,31,108
1,<environment.Job instance at 0x1501d0132320>,72,16,[1 5],101,124,140,23,124
1,<environment.Job instance at 0x1501aca6d8c0>,73,1,[1 9],102,134,135,32,124
1,<environment.Job instance at 0x1501a87213c0>,75,1,[10  2],105,124,125,19,124
1,<environment.Job instance at 0x1501acabd190>,77,26,[2 8],108,135,161,27,132
1,<environment.Job instance at 0x1501ff6ac640>,78,2,[ 1 10],110,161,163,51,134
1,<environment.Job instance at 0x1501d00d18c0>,81,2,[1 6],117,140,142,23,139
1,<environment.Job instance at 0x1501abaaf640>,82,3,[1 9],118,163,166,45,139
1,<environment.Job instance at 0x1501ab8efe60>,83,16,[2 7],121,142,158,21,139
1,<environment.Job instance at 0x1501d00d1f00>,84,1,[6 2],122,139,140,17,139
1,<environment.Job instance at 0x1501abb6f5f0>,87,1,[2 8],129,166,167,37,142
1,<environment.Job instance at 0x1501abb6f3c0>,88,2,[7 2],130,158,160,28,142
1,<environment.Job instance at 0x1501b3b97460>,89,2,[6 2],131,158,160,27,142
1,<environment.Job instance at 0x1501b3b97fa0>,92,2,[5 2],134,160,162,26,145
1,<environment.Job instance at 0x1501a88ca230>,93,27,[1 7],135,166,193,31,164
1,<environment.Job instance at 0x1501a88caeb0>,97,2,[ 1 10],140,193,195,53,180
1,<environment.Job instance at 0x1501a88ca640>,100,17,[1 9],144,195,212,51,191
1,<environment.Job instance at 0x1501acbef1e0>,109,15,[2 7],160,212,227,52,209
1,<environment.Job instance at 0x1501acbeffa0>,110,2,[8 2],165,209,211,44,209
1,<environment.Job instance at 0x1501acbefa00>,111,1,[ 1 12],166,227,228,61,209
1,<environment.Job instance at 0x1501acbefe60>,113,1,[8 1],169,211,212,42,209
1,<environment.Job instance at 0x1501acf91e10>,1,1,[2 9],4,4,5,0,4
1,<environment.Job instance at 0x1501acfe79b0>,2,2,[7 2],5,5,7,0,5
1,<environment.Job instance at 0x1501a8870aa0>,3,22,[8 1],5,5,27,0,5
1,<environment.Job instance at 0x1501a8bc8fa0>,15,1,[ 1 14],20,20,21,0,20
1,<environment.Job instance at 0x1501a8bc8370>,14,22,[2 6],19,21,43,2,21
1,<environment.Job instance at 0x1501a8d9d460>,23,3,[ 2 14],32,50,53,18,50
1,<environment.Job instance at 0x1501a8d9d550>,26,2,[7 2],36,53,55,17,50
1,<environment.Job instance at 0x1501a8d9d410>,34,27,[5 1],50,54,81,4,54
1,<environment.Job instance at 0x1501b3b977d0>,35,15,[14  1],51,177,192,126,177
1,<environment.Job instance at 0x1501b3b97460>,36,2,[1 9],52,177,179,125,177
1,<environment.Job instance at 0x1501a8a10cd0>,39,1,[2 9],56,192,193,136,177
1,<environment.Job instance at 0x1501a8a10f50>,42,1,[7 2],62,192,193,130,177
1,<environment.Job instance at 0x1501a8a10280>,45,25,[6 1],65,192,217,127,188
1,<environment.Job instance at 0x1501a8a108c0>,56,26,[ 2 13],83,211,237,128,211
1,<environment.Job instance at 0x1501a8a10500>,59,2,[12  1],87,235,237,148,235
1,<environment.Job instance at 0x1501b3be2fa0>,68,2,[ 1 10],98,237,239,139,235
1,<environment.Job instance at 0x1501b3be2aa0>,73,2,[8 2],110,238,240,128,238
1,<environment.Job instance at 0x1501b3be2500>,77,2,[ 1 11],117,251,253,134,251
1,<environment.Job instance at 0x1501b3be21e0>,79,1,[1 8],120,253,254,133,251
1,<environment.Job instance at 0x1501b3be24b0>,80,2,[2 9],121,254,256,133,251
1,<environment.Job instance at 0x1501b3be2b90>,83,28,[5 2],124,257,285,133,257
1,<environment.Job instance at 0x1501a96c3960>,86,3,[ 2 14],127,289,292,162,289
1,<environment.Job instance at 0x1501a96c30f0>,87,1,[5 1],128,289,290,161,289
1,<environment.Job instance at 0x1501a9771fa0>,106,26,[1 6],151,305,331,154,305
1,<environment.Job instance at 0x1501a97715f0>,108,23,[2 6],154,326,349,172,326
1,<environment.Job instance at 0x1501a9771b40>,109,23,[9 1],156,331,354,175,331
1,<environment.Job instance at 0x1501b2eddaa0>,119,3,[12  1],169,362,365,193,362
1,<environment.Job instance at 0x1501a8bc8230>,13,2,[10  1],17,367,369,350,367
1,<environment.Job instance at 0x1501a8d9db90>,24,3,[1 8],33,1279,1282,1246,1279
1,<environment.Job instance at 0x1501b3adb460>,0,2,[7 1],1,1,3,0,1
1,<environment.Job instance at 0x1501a96515a0>,4,1,[2 6],10,10,11,0,10
1,<environment.Job instance at 0x1501d1e5d230>,6,1,[ 2 10],17,17,18,0,17
1,<environment.Job instance at 0x1501a87cf410>,7,3,[11  1],19,20,23,1,20
1,<environment.Job instance at 0x1501a9651910>,10,1,[8 1],23,23,24,0,23
1,<environment.Job instance at 0x1501d1e6bfa0>,11,16,[9 1],24,24,40,0,24
1,<environment.Job instance at 0x1501a91d8d70>,14,2,[5 2],33,33,35,0,33
1,<environment.Job instance at 0x1501a8e68870>,15,2,[7 2],34,40,42,6,34
1,<environment.Job instance at 0x1501a91d81e0>,16,2,[5 2],36,36,38,0,36
1,<environment.Job instance at 0x1501a91d84b0>,17,1,[ 2 10],37,38,39,1,37
1,<environment.Job instance at 0x1501d008fdc0>,19,2,[ 1 12],39,39,41,0,39
1,<environment.Job instance at 0x1501d00410a0>,22,21,[5 1],42,42,63,0,42
1,<environment.Job instance at 0x1501b2e417d0>,29,2,[1 8],51,51,53,0,51
1,<environment.Job instance at 0x1501a8d43870>,32,2,[2 7],56,56,58,0,56
1,<environment.Job instance at 0x1501acf4f050>,33,22,[ 2 10],57,58,80,1,57
1,<environment.Job instance at 0x1501acf4f280>,34,2,[10  2],58,63,65,5,58
1,<environment.Job instance at 0x1501a888da50>,37,2,[6 2],61,61,63,0,61
1,<environment.Job instance at 0x1501a888d730>,38,1,[7 1],64,65,66,1,64
1,<environment.Job instance at 0x1501acb48960>,39,2,[5 2],65,65,67,0,65
1,<environment.Job instance at 0x1501abb55050>,42,2,[ 1 10],68,80,82,12,68
1,<environment.Job instance at 0x1501b3b8a2d0>,44,1,[2 6],72,82,83,10,72
1,<environment.Job instance at 0x1501b3b8ae10>,45,2,[10  2],73,73,75,0,73
1,<environment.Job instance at 0x1501abb92320>,46,1,[5 1],74,75,76,1,74
1,<environment.Job instance at 0x1501abb928c0>,47,2,[8 2],75,75,77,0,75
1,<environment.Job instance at 0x1501abb92370>,48,1,[6 1],76,77,78,1,76
1,<environment.Job instance at 0x1501b2f6b1e0>,50,15,[6 1],82,82,97,0,82
1,<environment.Job instance at 0x1501aac26b90>,55,21,[6 1],90,90,111,0,90
1,<environment.Job instance at 0x1501aac265a0>,56,3,[ 2 13],92,96,99,4,96
1,<environment.Job instance at 0x1501aac26190>,60,1,[1 7],98,99,100,1,98
1,<environment.Job instance at 0x1501aac26f50>,61,1,[1 7],100,100,101,0,100
1,<environment.Job instance at 0x1501d1594c30>,63,27,[5 2],102,102,129,0,102
1,<environment.Job instance at 0x1501d15940f0>,64,27,[1 9],103,108,135,5,108
1,<environment.Job instance at 0x1501d1594dc0>,73,1,[7 1],117,126,127,9,126
1,<environment.Job instance at 0x1501ab6874b0>,74,1,[2 6],119,129,130,10,126
1,<environment.Job instance at 0x1501ab687960>,77,1,[1 7],124,135,136,11,129
1,<environment.Job instance at 0x1501ab687870>,79,2,[7 1],126,130,132,4,129
1,<environment.Job instance at 0x1501ab687640>,80,28,[1 6],127,132,160,5,131
1,<environment.Job instance at 0x1501ab687a50>,82,21,[9 1],131,135,156,4,131
1,<environment.Job instance at 0x1501acc37fa0>,86,2,[ 2 10],136,160,162,24,147
1,<environment.Job instance at 0x1501acc37a50>,88,1,[1 9],139,156,157,17,150
1,<environment.Job instance at 0x1501acc37870>,89,1,[2 7],140,150,151,10,150
1,<environment.Job instance at 0x1501acc37a00>,90,2,[1 8],141,151,153,10,150
1,<environment.Job instance at 0x1501acc37370>,91,1,[1 9],143,157,158,14,150
1,<environment.Job instance at 0x1501acc37af0>,92,2,[ 2 10],145,162,164,17,150
1,<environment.Job instance at 0x1501acc37640>,94,12,[9 1],147,158,170,11,156
1,<environment.Job instance at 0x1501ab7f3190>,95,20,[ 2 11],148,164,184,16,157
1,<environment.Job instance at 0x1501ab7f35f0>,98,15,[6 1],153,175,190,22,175
1,<environment.Job instance at 0x1501ab7f33c0>,99,1,[9 2],154,184,185,30,175
1,<environment.Job instance at 0x1501ab7f35a0>,100,1,[2 8],155,185,186,30,175
1,<environment.Job instance at 0x1501ab7f3e10>,103,1,[1 8],160,186,187,26,175
1,<environment.Job instance at 0x1501b2f4f320>,107,1,[7 2],165,185,186,20,184
1,<environment.Job instance at 0x1501b2f4f730>,108,1,[10  1],166,190,191,24,184
1,<environment.Job instance at 0x1501a96517d0>,8,13,[ 2 11],20,203,216,183,203
1,<environment.Job instance at 0x1501aac26320>,57,14,[2 6],93,239,253,146,239
1,<environment.Job instance at 0x1501af6fb5f0>,0,3,[2 9],1,1,4,0,1
1,<environment.Job instance at 0x1501af6fbaa0>,1,1,[1 6],2,2,3,0,2
1,<environment.Job instance at 0x1501abb19190>,6,2,[1 8],7,7,9,0,7
1,<environment.Job instance at 0x1501abb193c0>,7,26,[8 1],8,8,34,0,8
1,<environment.Job instance at 0x1501d15d6be0>,11,21,[9 2],12,34,55,22,26
1,<environment.Job instance at 0x1501a96fb190>,18,1,[1 8],22,28,29,6,28
1,<environment.Job instance at 0x1501a8bdf140>,21,28,[14  1],28,55,83,27,54
1,<environment.Job instance at 0x1501acbc6550>,22,2,[1 7],29,54,56,25,54
1,<environment.Job instance at 0x1501acbc6f50>,23,3,[7 1],30,83,86,53,57
1,<environment.Job instance at 0x1501a8b03730>,24,1,[6 1],31,83,84,52,57
1,<environment.Job instance at 0x1501acbc6230>,28,2,[11  2],36,86,88,50,59
1,<environment.Job instance at 0x1501acbc6140>,30,2,[1 8],39,61,63,22,61
1,<environment.Job instance at 0x1501a8b3e500>,31,2,[1 5],40,63,65,23,61
1,<environment.Job instance at 0x1501a8b3e280>,36,2,[2 6],46,83,85,37,61
1,<environment.Job instance at 0x1501a8b3e780>,37,1,[ 1 10],47,65,66,18,61
1,<environment.Job instance at 0x1501acc0a870>,38,1,[2 7],48,84,85,36,61
1,<environment.Job instance at 0x1501a8b3ea50>,39,2,[2 6],49,85,87,36,61
1,<environment.Job instance at 0x1501b2e41410>,41,2,[5 1],52,88,90,36,67
1,<environment.Job instance at 0x1501b2e410f0>,43,2,[12  1],55,90,92,35,69
1,<environment.Job instance at 0x1501d22dec30>,45,1,[2 8],57,85,86,28,72
1,<environment.Job instance at 0x1501a8c30eb0>,47,12,[2 9],59,90,102,31,90
1,<environment.Job instance at 0x1501a8f36050>,48,15,[2 5],60,92,107,32,90
1,<environment.Job instance at 0x1501b3b85460>,50,2,[1 8],63,102,104,39,90
1,<environment.Job instance at 0x1501ab857b90>,51,17,[7 1],64,92,109,28,91
1,<environment.Job instance at 0x1501ab857500>,53,3,[1 5],68,104,107,36,103
1,<environment.Job instance at 0x1501ab857190>,54,1,[10  1],69,109,110,40,103
1,<environment.Job instance at 0x1501a8aa7cd0>,55,1,[10  2],70,110,111,40,103
1,<environment.Job instance at 0x1501a8aa7870>,56,16,[7 1],71,111,127,40,103
1,<environment.Job instance at 0x1501d17f5640>,65,15,[6 1],85,112,127,27,112
1,<environment.Job instance at 0x1501accb90a0>,66,2,[7 1],86,127,129,41,112
1,<environment.Job instance at 0x1501accb9190>,67,17,[8 1],87,127,144,40,122
1,<environment.Job instance at 0x1501accb9820>,68,1,[ 2 13],88,122,123,34,122
1,<environment.Job instance at 0x1501ab76f690>,72,1,[5 1],92,129,130,37,129
1,<environment.Job instance at 0x1501ab76f5a0>,75,1,[6 2],97,130,131,33,130
1,<environment.Job instance at 0x1501a8866c80>,79,2,[8 2],102,144,146,42,132
1,<environment.Job instance at 0x1501a8a07aa0>,81,1,[5 2],109,132,133,23,132
1,<environment.Job instance at 0x1501a96b9640>,83,1,[7 2],112,142,143,30,142
1,<environment.Job instance at 0x1501ab968dc0>,84,1,[2 8],113,143,144,30,142
1,<environment.Job instance at 0x1501a96b92d0>,85,2,[2 9],114,144,146,30,142
1,<environment.Job instance at 0x1501abb743c0>,87,2,[7 1],117,146,148,29,142
1,<environment.Job instance at 0x1501abb74140>,88,1,[ 1 10],118,146,147,28,142
1,<environment.Job instance at 0x1501abb74e10>,89,26,[2 5],119,147,173,28,144
1,<environment.Job instance at 0x1501d1e773c0>,93,1,[1 8],125,153,154,28,153
1,<environment.Job instance at 0x1501d1e778c0>,95,2,[2 6],130,154,156,24,154
1,<environment.Job instance at 0x1501a89e4730>,98,1,[2 8],134,156,157,22,154
1,<environment.Job instance at 0x1501a89e4a50>,99,18,[1 7],136,158,176,22,158
1,<environment.Job instance at 0x1501a89e4280>,101,2,[ 2 13],139,176,178,37,158
1,<environment.Job instance at 0x1501a89e4820>,103,28,[2 5],143,178,206,35,177
1,<environment.Job instance at 0x1501a89e4460>,105,1,[1 9],145,178,179,33,177
1,<environment.Job instance at 0x1501a8dd0c30>,107,16,[ 1 11],147,206,222,59,199
1,<environment.Job instance at 0x1501a8dd0230>,108,1,[2 6],148,199,200,51,199
1,<environment.Job instance at 0x1501a8dd0140>,109,1,[1 5],150,200,201,50,199
1,<environment.Job instance at 0x1501a8dd0190>,110,2,[2 8],151,201,203,50,199
1,<environment.Job instance at 0x1501a8dd07d0>,111,24,[2 9],152,222,246,70,217
1,<environment.Job instance at 0x1501a892a0f0>,114,1,[1 6],158,222,223,64,217
1,<environment.Job instance at 0x1501a892a280>,115,2,[2 6],160,223,225,63,217
1,<environment.Job instance at 0x1501a892a7d0>,120,2,[6 1],168,217,219,49,217
1,<environment.Job instance at 0x1501abb19d20>,12,17,[7 2],13,359,376,346,359
1,<environment.Job instance at 0x1501abb19cd0>,13,16,[5 2],14,465,481,451,465
1,<environment.Job instance at 0x1501a84138c0>,0,1,[9 1],1,1,2,0,1
1,<environment.Job instance at 0x1501a84135a0>,1,1,[1 8],2,3,4,1,3
1,<environment.Job instance at 0x1501ff747140>,2,25,[9 1],3,4,29,1,4
1,<environment.Job instance at 0x1501a84af410>,14,2,[ 1 14],20,20,22,0,20
1,<environment.Job instance at 0x1501a84698c0>,19,2,[1 5],26,26,28,0,26
1,<environment.Job instance at 0x1501a853e370>,26,2,[1 7],34,36,38,2,36
1,<environment.Job instance at 0x1501a853e2d0>,27,3,[2 9],35,38,41,3,36
1,<environment.Job instance at 0x1501a853eaf0>,28,2,[6 1],36,37,39,1,37
1,<environment.Job instance at 0x1501a840e230>,29,1,[5 1],37,37,38,0,37
1,<environment.Job instance at 0x1501a840e2d0>,30,16,[2 6],38,41,57,3,41
1,<environment.Job instance at 0x1501ff6b6370>,33,1,[ 1 10],45,57,58,12,52
1,<environment.Job instance at 0x1501a829f5a0>,34,3,[1 9],46,58,61,12,55
1,<environment.Job instance at 0x1501a829fbe0>,35,2,[9 2],48,55,57,7,55
1,<environment.Job instance at 0x1501a829fdc0>,37,21,[10  2],52,57,78,5,55
1,<environment.Job instance at 0x1501a84ccdc0>,38,22,[2 9],53,62,84,9,62
1,<environment.Job instance at 0x1501d15b85a0>,43,1,[ 1 12],64,84,85,20,76
1,<environment.Job instance at 0x1501a85d05a0>,48,1,[9 1],70,81,82,11,81
1,<environment.Job instance at 0x1501a85d09b0>,49,20,[9 1],71,82,102,11,82
1,<environment.Job instance at 0x1501a8b93fa0>,51,2,[13  1],74,102,104,28,98
1,<environment.Job instance at 0x1501a8b93280>,52,1,[12  2],75,104,105,29,98
1,<environment.Job instance at 0x1501ab6b0d70>,55,2,[6 2],78,98,100,20,98
1,<environment.Job instance at 0x1501a858ae10>,57,2,[1 6],86,100,102,14,98
1,<environment.Job instance at 0x1501a846b410>,58,18,[8 1],88,105,123,17,103
1,<environment.Job instance at 0x1501a8a07e60>,73,20,[7 2],109,120,140,11,120
1,<environment.Job instance at 0x1501a8a07d20>,74,1,[1 9],110,123,124,13,120
1,<environment.Job instance at 0x1501a8653d20>,75,2,[2 6],111,124,126,13,120
1,<environment.Job instance at 0x1501a854f460>,78,1,[8 1],116,126,127,10,120
1,<environment.Job instance at 0x1501a854fe10>,80,2,[1 6],118,124,126,6,120
1,<environment.Job instance at 0x1501a854f370>,81,1,[2 5],119,127,128,8,120
1,<environment.Job instance at 0x1501d1597050>,83,1,[ 1 13],121,128,129,7,121
1,<environment.Job instance at 0x1501d1597eb0>,84,12,[ 1 14],122,140,152,18,140
1,<environment.Job instance at 0x1501d1597d20>,87,1,[11  1],133,142,143,9,142
1,<environment.Job instance at 0x1501d1597e10>,90,2,[1 8],136,152,154,16,142
1,<environment.Job instance at 0x1501d181f3c0>,93,1,[6 1],140,146,147,6,146
1,<environment.Job instance at 0x1501a84ac500>,94,1,[2 9],141,154,155,13,146
1,<environment.Job instance at 0x1501a84ac550>,95,1,[1 5],142,152,153,10,147
1,<environment.Job instance at 0x1501a84a58c0>,100,17,[9 2],149,155,172,6,155
1,<environment.Job instance at 0x1501b2ec53c0>,105,1,[1 8],158,167,168,9,167
1,<environment.Job instance at 0x1501b2ec50f0>,106,12,[7 2],159,172,184,13,172
1,<environment.Job instance at 0x1501b2ec58c0>,113,1,[9 2],168,187,188,19,187
1,<environment.Job instance at 0x1501b2ec5e60>,114,17,[8 1],169,188,205,19,188
1,<environment.Job instance at 0x1501a84693c0>,22,26,[5 2],29,226,252,197,226
1,<environment.Job instance at 0x1501a8469050>,23,1,[8 2],30,276,277,246,276
1,<environment.Job instance at 0x1501a853e0a0>,24,2,[2 6],31,616,618,585,616
1,<environment.Job instance at 0x1501a8902370>,1,2,[10  2],2,2,4,0,2
1,<environment.Job instance at 0x1501a8567cd0>,21,17,[12  1],27,1248,1265,1221,1248
1,<environment.Job instance at 0x1501a97a3be0>,46,2,[2 9],60,1277,1279,1217,1277
1,<environment.Job instance at 0x1501adea7d70>,48,2,[8 1],62,1277,1279,1215,1277
1,<environment.Job instance at 0x1501a91de500>,50,1,[ 2 10],65,1279,1280,1214,1277
1,<environment.Job instance at 0x1501abb12af0>,52,12,[ 2 11],68,1305,1317,1237,1305
1,<environment.Job instance at 0x1501adea2140>,58,23,[2 5],77,1317,1340,1240,1311
1,<environment.Job instance at 0x1501b2eee690>,66,2,[2 6],85,1333,1335,1248,1333
1,<environment.Job instance at 0x1501ab9d5410>,70,2,[2 8],91,1335,1337,1244,1333
1,<environment.Job instance at 0x1501ab9d5550>,71,17,[11  2],92,1832,1849,1740,1832
1,<environment.Job instance at 0x1501abb25cd0>,74,2,[6 2],96,1849,1851,1753,1832
1,<environment.Job instance at 0x1501aca64230>,82,18,[ 1 14],107,1851,1869,1744,1848
1,<environment.Job instance at 0x1501a85e3960>,90,28,[ 2 10],116,1869,1897,1753,1868
1,<environment.Job instance at 0x1501a88fbd20>,107,19,[ 2 14],145,1897,1916,1752,1897
1,<environment.Job instance at 0x1501abb23eb0>,117,2,[2 5],158,1920,1922,1762,1920
1,<environment.Job instance at 0x1501abb23960>,118,1,[1 7],159,1920,1921,1761,1920
1,<environment.Job instance at 0x1501abb23b90>,119,1,[2 9],160,1921,1922,1761,1920
1,<environment.Job instance at 0x1501abb23c30>,120,3,[2 9],162,1922,1925,1760,1922
1,<environment.Job instance at 0x1501abb230f0>,121,1,[9 2],163,1922,1923,1759,1922
1,<environment.Job instance at 0x1501abb23c80>,122,1,[7 2],165,1923,1924,1758,1922
1,<environment.Job instance at 0x1501abb23190>,125,1,[10  2],169,1924,1925,1755,1923
1,<environment.Job instance at 0x1501abb12780>,53,13,[1 7],70,2114,2127,2044,2114
1,<environment.Job instance at 0x1501a85670a0>,19,3,[2 5],24,2145,2148,2121,2145
1,<environment.Job instance at 0x1501ad005910>,22,3,[1 8],28,2178,2181,2150,2178
1,<environment.Job instance at 0x1501ad0050f0>,1,1,[1 7],2,2,3,0,2
1,<environment.Job instance at 0x1501ab9db230>,2,1,[9 1],4,4,5,0,4
1,<environment.Job instance at 0x1501b3060fa0>,1,2,[8 1],3,3,5,0,3
1,<environment.Job instance at 0x1501a85bfd20>,5,2,[2 7],9,9,11,0,9
1,<environment.Job instance at 0x1501a85bfd70>,8,2,[1 9],13,13,15,0,13
1,<environment.Job instance at 0x1501a85bf050>,9,23,[1 5],14,14,37,0,14
1,<environment.Job instance at 0x1501a89f3280>,19,22,[5 1],26,29,51,3,29
1,<environment.Job instance at 0x1501acf10690>,25,1,[7 2],36,40,41,4,40
1,<environment.Job instance at 0x1501b1199af0>,26,2,[2 8],37,40,42,3,40
1,<environment.Job instance at 0x1501d1e6bfa0>,27,12,[9 1],38,42,54,4,40
1,<environment.Job instance at 0x1501a8f92be0>,29,1,[ 2 10],41,51,52,10,43
1,<environment.Job instance at 0x1501a8f92f00>,30,2,[6 2],42,52,54,10,44
1,<environment.Job instance at 0x1501a8f92230>,31,1,[1 5],44,44,45,0,44
1,<environment.Job instance at 0x1501a8c2fcd0>,32,2,[5 2],45,54,56,9,45
1,<environment.Job instance at 0x1501d1f26820>,37,18,[2 5],50,57,75,7,57
1,<environment.Job instance at 0x1501d1f26f50>,39,18,[ 2 11],52,75,93,23,70
1,<environment.Job instance at 0x1501d1f26b90>,42,2,[ 1 13],55,93,95,38,82
1,<environment.Job instance at 0x1501acc74690>,45,2,[ 1 10],58,95,97,37,82
1,<environment.Job instance at 0x1501a8efd2d0>,51,2,[8 2],67,105,107,38,105
1,<environment.Job instance at 0x1501d1eef190>,52,2,[11  1],68,107,109,39,105
1,<environment.Job instance at 0x1501d1eefcd0>,53,1,[8 2],69,109,110,40,105
1,<environment.Job instance at 0x1501d181ad20>,55,28,[ 2 10],71,105,133,34,105
1,<environment.Job instance at 0x1501d181a690>,57,14,[2 5],76,110,124,34,108
1,<environment.Job instance at 0x1501a826ad20>,58,2,[1 8],77,133,135,56,108
1,<environment.Job instance at 0x1501a826ab90>,59,1,[5 1],78,109,110,31,108
1,<environment.Job instance at 0x1501a826a190>,61,2,[8 1],81,124,126,43,108
1,<environment.Job instance at 0x1501a8358e60>,62,2,[6 2],83,126,128,43,108
1,<environment.Job instance at 0x1501ab85d4b0>,64,2,[9 2],85,128,130,43,108
1,<environment.Job instance at 0x1501a8e684b0>,65,1,[9 1],88,130,131,42,108
1,<environment.Job instance at 0x1501a8e682d0>,66,2,[9 1],89,131,133,42,108
1,<environment.Job instance at 0x1501a8e68050>,67,2,[6 2],90,126,128,36,108
1,<environment.Job instance at 0x1501b3b76fa0>,68,2,[2 9],92,135,137,43,108
1,<environment.Job instance at 0x1501b2e31550>,70,3,[7 1],94,133,136,39,110
1,<environment.Job instance at 0x1501aac39d20>,71,2,[ 1 10],95,137,139,42,110
1,<environment.Job instance at 0x1501aac39eb0>,72,2,[ 1 11],97,139,141,42,112
1,<environment.Job instance at 0x1501aac39690>,73,2,[1 8],98,141,143,43,114
1,<environment.Job instance at 0x1501aac39140>,74,16,[ 1 12],99,143,159,44,137
1,<environment.Job instance at 0x1501a8aa0640>,84,12,[9 1],113,156,168,43,156
1,<environment.Job instance at 0x1501b3ae1640>,88,2,[8 1],123,168,170,45,158
1,<environment.Job instance at 0x1501b3ae1550>,90,1,[2 8],126,159,160,33,159
1,<environment.Job instance at 0x1501b3ae10f0>,91,2,[10  1],127,170,172,43,161
1,<environment.Job instance at 0x1501b3ae1af0>,94,26,[5 2],132,162,188,30,162
1,<environment.Job instance at 0x1501b3ae1e60>,98,3,[2 6],137,185,188,48,185
1,<environment.Job instance at 0x1501a8704af0>,99,12,[6 1],140,186,198,46,186
1,<environment.Job instance at 0x1501a8704aa0>,100,18,[1 6],141,190,208,49,190
1,<environment.Job instance at 0x1501a8704dc0>,103,1,[5 2],147,202,203,55,202
1,<environment.Job instance at 0x1501a8704c30>,105,23,[9 1],150,202,225,52,202
1,<environment.Job instance at 0x1501ab74fc30>,109,2,[1 5],154,232,234,78,232
1,<environment.Job instance at 0x1501ab74ff50>,110,1,[2 5],155,232,233,77,232
1,<environment.Job instance at 0x1501ab74f780>,111,12,[5 1],158,232,244,74,232
1,<environment.Job instance at 0x1501acf6ddc0>,112,1,[10  1],160,234,235,74,232
1,<environment.Job instance at 0x1501acf6dd20>,113,1,[7 1],161,232,233,71,232
1,<environment.Job instance at 0x1501acf6d500>,114,2,[10  1],162,235,237,73,233
1,<environment.Job instance at 0x1501acf6d780>,116,3,[6 2],164,237,240,73,234
1,<environment.Job instance at 0x1501acf6d0f0>,118,2,[5 1],169,240,242,71,235
1,<environment.Job instance at 0x1501b3bf4410>,9,2,[14  2],14,19,21,5,19
1,<environment.Job instance at 0x1501a8824c30>,19,2,[2 8],27,40,42,13,40
1,<environment.Job instance at 0x1501d006b0a0>,25,18,[8 1],37,59,77,22,59
1,<environment.Job instance at 0x1501a8e34b90>,44,2,[14  1],67,101,103,34,101
1,<environment.Job instance at 0x1501ade8e140>,46,1,[5 2],71,103,104,32,101
1,<environment.Job instance at 0x1501a87e33c0>,48,3,[1 5],73,101,104,28,101
1,<environment.Job instance at 0x1501a87e32d0>,50,2,[1 8],76,105,107,29,105
1,<environment.Job instance at 0x1501b3b76eb0>,52,1,[2 9],78,107,108,29,105
1,<environment.Job instance at 0x1501b3b76460>,53,1,[10  2],79,106,107,27,106
1,<environment.Job instance at 0x1501acc0a050>,55,2,[10  1],83,107,109,24,107
1,<environment.Job instance at 0x1501acfc63c0>,56,17,[7 1],85,109,126,24,107
1,<environment.Job instance at 0x1501ab968c80>,61,1,[1 7],97,126,127,29,126
1,<environment.Job instance at 0x1501a88eef00>,62,14,[7 1],99,127,141,28,127
1,<environment.Job instance at 0x1501b3bafd20>,68,2,[2 6],110,143,145,33,143
1,<environment.Job instance at 0x1501acfcbf00>,69,17,[1 9],111,149,166,38,149
1,<environment.Job instance at 0x1501a89df1e0>,71,1,[8 1],113,149,150,36,149
1,<environment.Job instance at 0x1501a976eaf0>,72,1,[6 1],114,149,150,35,149
1,<environment.Job instance at 0x1501a976e6e0>,73,1,[1 9],118,166,167,48,149
1,<environment.Job instance at 0x1501b3b0ed70>,75,17,[6 1],123,155,172,32,155
1,<environment.Job instance at 0x1501d22df960>,84,1,[9 1],141,169,170,28,169
1,<environment.Job instance at 0x1501a87e1820>,85,2,[1 7],143,170,172,27,169
1,<environment.Job instance at 0x1501d22dff00>,86,2,[2 5],144,170,172,26,169
1,<environment.Job instance at 0x1501a8824e60>,17,2,[1 8],23,182,184,159,182
1,<environment.Job instance at 0x1501d22df550>,88,13,[ 1 13],146,198,211,52,198
1,<environment.Job instance at 0x1501a8e44f00>,89,2,[10  1],147,743,745,596,743
1,<environment.Job instance at 0x1501acf495f0>,11,1,[14  2],16,1247,1248,1231,1247
1,<environment.Job instance at 0x1501a81ce870>,0,2,[2 9],1,1,3,0,1
1,<environment.Job instance at 0x1501a81ce8c0>,1,2,[6 2],2,2,4,0,2
1,<environment.Job instance at 0x1501d00cd730>,3,2,[1 6],4,4,6,0,4
1,<environment.Job instance at 0x1501d00cdc30>,4,1,[2 5],5,5,6,0,5
1,<environment.Job instance at 0x1501d00cd9b0>,5,1,[2 8],6,6,7,0,6
1,<environment.Job instance at 0x1501b2f260f0>,6,2,[10  1],7,7,9,0,7
1,<environment.Job instance at 0x1501b2f26eb0>,9,1,[9 2],10,10,11,0,10
1,<environment.Job instance at 0x1501a8d394b0>,15,3,[ 2 12],20,32,35,12,32
1,<environment.Job instance at 0x1501a81ba370>,24,2,[11  1],34,36,38,2,36
1,<environment.Job instance at 0x1501a8d39dc0>,17,3,[1 8],23,37,40,14,37
1,<environment.Job instance at 0x1501ad016d20>,26,27,[9 2],38,38,65,0,38
1,<environment.Job instance at 0x1501a8d4dd70>,37,1,[2 9],49,73,74,24,73
1,<environment.Job instance at 0x1501a856b5a0>,2,2,[2 6],5,5,7,0,5
1,<environment.Job instance at 0x1501a8e649b0>,4,1,[2 9],9,9,10,0,9
1,<environment.Job instance at 0x1501a856b230>,6,2,[1 8],11,11,13,0,11
1,<environment.Job instance at 0x1501b2e7a0f0>,7,1,[8 2],13,13,14,0,13
1,<environment.Job instance at 0x1501acc5afa0>,16,1,[1 5],25,25,26,0,25
1,<environment.Job instance at 0x1501acc5a280>,19,21,[2 6],29,29,50,0,29
1,<environment.Job instance at 0x1501a88446e0>,30,2,[1 8],43,58,60,15,58
1,<environment.Job instance at 0x1501a8844fa0>,31,2,[ 1 10],46,60,62,14,58
1,<environment.Job instance at 0x1501a91da230>,36,24,[9 2],51,74,98,23,74
1,<environment.Job instance at 0x1501a8461e10>,53,1,[ 2 10],75,114,115,39,114
1,<environment.Job instance at 0x1501acbb5640>,55,16,[8 1],80,120,136,40,120
1,<environment.Job instance at 0x1501acbb5410>,57,1,[2 5],82,120,121,38,120
1,<environment.Job instance at 0x1501a886d3c0>,59,2,[1 9],87,120,122,33,120
1,<environment.Job instance at 0x1501a886dfa0>,62,2,[ 2 10],92,122,124,30,120
1,<environment.Job instance at 0x1501a886dd70>,64,1,[2 5],94,121,122,27,120
1,<environment.Job instance at 0x1501a886d050>,65,2,[5 1],95,122,124,27,120
1,<environment.Job instance at 0x1501a8e0b460>,71,23,[2 9],102,129,152,27,129
1,<environment.Job instance at 0x1501a84f96e0>,92,2,[2 8],135,157,159,22,157
1,<environment.Job instance at 0x1501a82b35f0>,9,2,[2 8],16,269,271,253,269
1,<environment.Job instance at 0x1501a84ce370>,94,3,[13  1],137,310,313,173,310
1,<environment.Job instance at 0x1501a84ce910>,96,1,[2 9],139,310,311,171,310
1,<environment.Job instance at 0x1501a84ce640>,101,1,[2 9],148,311,312,163,310
1,<environment.Job instance at 0x1501a89ead20>,108,26,[ 2 10],161,312,338,151,311
1,<environment.Job instance at 0x1501a84cee60>,95,3,[2 9],138,351,354,213,351
1,<environment.Job instance at 0x1501a82b3230>,11,2,[13  1],18,418,420,400,418
1,<environment.Job instance at 0x1501a82b3640>,10,2,[7 2],17,434,436,417,434
1,<environment.Job instance at 0x1501ab890410>,0,14,[13  1],3,53,67,50,53
1,<environment.Job instance at 0x1501ade99050>,6,1,[1 6],10,53,54,43,53
1,<environment.Job instance at 0x1501ade99190>,7,2,[1 8],11,53,55,42,53
1,<environment.Job instance at 0x1501a833ab40>,2,1,[1 8],6,60,61,54,60
1,<environment.Job instance at 0x1501a8b11b90>,18,23,[5 2],24,67,90,43,61
1,<environment.Job instance at 0x1501a8b46870>,24,3,[ 2 12],32,92,95,60,92
1,<environment.Job instance at 0x1501ab7e8550>,25,12,[11  1],33,127,139,94,127
1,<environment.Job instance at 0x1501a8b11820>,19,2,[2 9],26,134,136,108,134
1,<environment.Job instance at 0x1501a8c042d0>,30,28,[5 2],39,139,167,100,138
1,<environment.Job instance at 0x1501a8cba460>,45,12,[1 5],63,167,179,104,167
1,<environment.Job instance at 0x1501d008cd70>,49,2,[2 7],68,169,171,101,169
1,<environment.Job instance at 0x1501a8c6c690>,52,26,[2 6],72,185,211,113,185
1,<environment.Job instance at 0x1501a86df4b0>,59,2,[5 1],79,208,210,129,208
1,<environment.Job instance at 0x1501d1e6a640>,61,1,[1 9],83,210,211,127,209
1,<environment.Job instance at 0x1501d1e6a460>,62,21,[2 7],84,211,232,127,209
1,<environment.Job instance at 0x1501a96531e0>,68,27,[2 7],90,214,241,124,214
1,<environment.Job instance at 0x1501a8889f00>,75,3,[ 2 13],104,244,247,140,244
1,<environment.Job instance at 0x1501a8897910>,76,2,[2 8],105,247,249,142,244
1,<environment.Job instance at 0x1501a896ec80>,78,21,[1 5],109,247,268,138,244
1,<environment.Job instance at 0x1501a8240550>,97,2,[2 9],131,262,264,131,262
1,<environment.Job instance at 0x1501a8240c30>,99,2,[7 1],133,262,264,129,262
1,<environment.Job instance at 0x1501a84feb90>,105,2,[2 7],142,272,274,130,272
1,<environment.Job instance at 0x1501a8f36e60>,106,1,[2 7],143,272,273,129,272
1,<environment.Job instance at 0x1501a84fe550>,107,2,[5 1],144,272,274,128,272
1,<environment.Job instance at 0x1501a84fe5a0>,108,1,[2 9],146,274,275,128,272
1,<environment.Job instance at 0x1501a97974b0>,109,1,[ 1 10],148,275,276,127,272
1,<environment.Job instance at 0x1501a9797c80>,111,1,[1 7],150,276,277,126,274
1,<environment.Job instance at 0x1501d17f5410>,114,22,[2 8],154,276,298,122,275
1,<environment.Job instance at 0x1501d17f5a50>,117,2,[ 1 12],157,298,300,141,291
1,<environment.Job instance at 0x1501a83cda50>,123,1,[ 1 10],167,300,301,133,295
1,<environment.Job instance at 0x1501a8c045f0>,31,3,[7 2],41,313,316,272,313
1,<environment.Job instance at 0x1501a833a500>,1,3,[6 2],5,391,394,386,391
1,<environment.Job instance at 0x1501abaadaf0>,4,19,[8 1],8,742,761,734,742
1,<environment.Job instance at 0x1501ab7cfeb0>,1,2,[2 8],3,3,5,0,3
1,<environment.Job instance at 0x1501a9666500>,3,2,[8 1],7,7,9,0,7
1,<environment.Job instance at 0x1501ab7c2be0>,42,13,[ 1 14],62,230,243,168,230
1,<environment.Job instance at 0x1501ab7c2960>,46,2,[2 6],69,243,245,174,230
1,<environment.Job instance at 0x1501af726af0>,59,18,[10  1],91,250,268,159,250
1,<environment.Job instance at 0x1501af7263c0>,60,2,[7 2],92,268,270,176,250
1,<environment.Job instance at 0x1501af726eb0>,61,2,[13  2],93,270,272,177,265
1,<environment.Job instance at 0x1501af7265f0>,65,3,[5 1],99,272,275,173,269
1,<environment.Job instance at 0x1501af726aa0>,66,1,[2 9],101,269,270,168,269
1,<environment.Job instance at 0x1501af7260f0>,67,1,[5 2],102,269,270,167,269
1,<environment.Job instance at 0x1501af726e60>,70,16,[9 1],106,274,290,168,274
1,<environment.Job instance at 0x1501a8dc94b0>,78,2,[1 7],116,287,289,171,287
1,<environment.Job instance at 0x1501a8dc9640>,80,1,[7 1],118,290,291,172,287
1,<environment.Job instance at 0x1501a8dc9780>,81,13,[7 1],119,290,303,171,288
1,<environment.Job instance at 0x1501a8dc96e0>,82,1,[ 2 10],121,289,290,168,288
1,<environment.Job instance at 0x1501a8dc9280>,84,1,[2 8],123,301,302,178,301
1,<environment.Job instance at 0x1501a8dc9690>,85,3,[7 2],124,302,305,178,301
1,<environment.Job instance at 0x1501ab834af0>,86,1,[2 8],125,303,304,178,301
1,<environment.Job instance at 0x1501ab834b90>,88,1,[10  2],127,305,306,178,301
1,<environment.Job instance at 0x1501ab834820>,90,2,[8 1],129,306,308,177,302
1,<environment.Job instance at 0x1501ab834e60>,91,2,[7 1],130,306,308,176,302
1,<environment.Job instance at 0x1501ab8345f0>,93,1,[11  2],132,308,309,176,307
1,<environment.Job instance at 0x1501ab834410>,94,18,[8 2],133,315,333,182,315
1,<environment.Job instance at 0x1501ab834c80>,100,15,[14  1],140,333,348,193,332
1,<environment.Job instance at 0x1501ff779730>,105,1,[7 1],148,348,349,200,344
1,<environment.Job instance at 0x1501fc2e25a0>,107,12,[5 1],153,348,360,195,346
1,<environment.Job instance at 0x1501fc2e2780>,111,2,[5 1],159,353,355,194,353
1,<environment.Job instance at 0x1501fc2e20f0>,113,22,[1 7],162,353,375,191,353
1,<environment.Job instance at 0x1501fc2e2a00>,115,28,[2 9],166,375,403,209,374
1,<environment.Job instance at 0x1501fc2e2cd0>,117,1,[1 6],168,374,375,206,374
1,<environment.Job instance at 0x1501fc2e2690>,118,1,[2 7],169,403,404,234,375
1,<environment.Job instance at 0x1501ab7c2eb0>,44,14,[6 1],66,537,551,471,537
1,<environment.Job instance at 0x1501a820bc30>,25,1,[2 8],37,546,547,509,546
1,<environment.Job instance at 0x1501b118ba50>,27,3,[5 1],39,569,572,530,569
1,<environment.Job instance at 0x1501a8700730>,1,2,[9 1],2,2,4,0,2
1,<environment.Job instance at 0x1501a8e1f6e0>,2,1,[5 1],4,4,5,0,4
1,<environment.Job instance at 0x1501d1eea870>,3,1,[2 7],5,5,6,0,5
1,<environment.Job instance at 0x1501ab739aa0>,13,22,[5 2],19,22,44,3,22
1,<environment.Job instance at 0x1501b3b08190>,17,1,[ 1 11],26,32,33,6,32
1,<environment.Job instance at 0x1501ab74e3c0>,27,25,[7 2],38,39,64,1,39
1,<environment.Job instance at 0x1501d00cd280>,31,18,[ 1 12],42,77,95,35,77
1,<environment.Job instance at 0x1501a85227d0>,44,1,[5 1],59,95,96,36,95
1,<environment.Job instance at 0x1501a85d04b0>,47,18,[7 1],65,107,125,42,107
1,<environment.Job instance at 0x1501a91bbbe0>,54,1,[ 2 12],72,107,108,35,107
1,<environment.Job instance at 0x1501a91bb280>,55,2,[ 1 10],73,108,110,35,108
1,<environment.Job instance at 0x1501a89af4b0>,65,1,[ 2 10],87,120,121,33,120
1,<environment.Job instance at 0x1501a89af870>,66,2,[1 9],89,121,123,32,120
1,<environment.Job instance at 0x1501b3bf3460>,68,2,[1 5],92,121,123,29,120
1,<environment.Job instance at 0x1501b3bf30a0>,69,21,[5 2],94,123,144,29,122
1,<environment.Job instance at 0x1501aba6da50>,74,2,[2 9],99,135,137,36,135
1,<environment.Job instance at 0x1501a880c460>,85,2,[6 2],117,143,145,26,143
1,<environment.Job instance at 0x1501a880c230>,86,2,[7 1],118,144,146,26,143
1,<environment.Job instance at 0x1501a880c320>,87,1,[1 7],119,143,144,24,143
1,<environment.Job instance at 0x1501b2e75640>,88,1,[5 2],121,145,146,24,143
1,<environment.Job instance at 0x1501b2e75e10>,90,2,[5 1],124,146,148,22,146
1,<environment.Job instance at 0x1501b2e75a00>,92,1,[10  2],128,149,150,21,149
1,<environment.Job instance at 0x1501b2e751e0>,93,27,[6 1],129,150,177,21,149
1,<environment.Job instance at 0x1501a963c050>,97,15,[ 2 13],136,1722,1737,1586,1722
1,<environment.Job instance at 0x1501d00cb4b0>,102,2,[12  2],144,1735,1737,1591,1735
1,<environment.Job instance at 0x1501a86d45a0>,106,1,[1 5],150,1737,1738,1587,1736
1,<environment.Job instance at 0x1501a86d47d0>,110,2,[2 8],155,1752,1754,1597,1752
1,<environment.Job instance at 0x1501a86d40a0>,111,1,[10  2],156,1752,1753,1596,1752
1,<environment.Job instance at 0x1501ab67c3c0>,112,1,[12  1],158,1753,1754,1595,1752
1,<environment.Job instance at 0x1501a8d78a50>,115,2,[8 1],163,1754,1756,1591,1752
1,<environment.Job instance at 0x1501ab67c870>,116,1,[ 1 11],164,1754,1755,1590,1752
1,<environment.Job instance at 0x1501a9649230>,118,1,[ 2 10],169,1755,1756,1586,1755
1,<environment.Job instance at 0x1501ab739a50>,14,1,[5 1],20,1762,1763,1742,1762
1,<environment.Job instance at 0x1501a8700820>,10,2,[1 9],12,1775,1777,1763,1775
1,<environment.Job instance at 0x1501abbe1f50>,0,1,[1 6],1,1,2,0,1
1,<environment.Job instance at 0x1501abbe17d0>,5,1,[2 8],8,8,9,0,8
1,<environment.Job instance at 0x1501abbe1c30>,7,26,[1 7],10,12,38,2,12
1,<environment.Job instance at 0x1501abbe4dc0>,24,3,[13  1],32,48,51,16,48
1,<environment.Job instance at 0x1501abbe4b40>,25,3,[ 2 10],33,48,51,15,48
1,<environment.Job instance at 0x1501abbe4050>,26,1,[8 2],35,51,52,16,48
1,<environment.Job instance at 0x1501abbe4230>,27,2,[8 1],37,52,54,15,48
1,<environment.Job instance at 0x1501a8ed2e60>,28,1,[1 5],38,51,52,13,48
1,<environment.Job instance at 0x1501a8ed2320>,32,1,[5 1],42,51,52,9,48
1,<environment.Job instance at 0x1501acb635a0>,36,2,[2 7],52,52,54,0,52
1,<environment.Job instance at 0x1501acb63640>,37,1,[9 2],54,54,55,0,54
1,<environment.Job instance at 0x1501b2f155a0>,39,2,[2 6],57,59,61,2,59
1,<environment.Job instance at 0x1501a970bf00>,41,1,[5 2],60,60,61,0,60
1,<environment.Job instance at 0x1501b2e66230>,43,1,[ 1 10],64,64,65,0,64
1,<environment.Job instance at 0x1501a8a90730>,46,1,[1 9],68,68,69,0,68
1,<environment.Job instance at 0x1501a8a90c30>,47,3,[7 1],70,70,73,0,70
1,<environment.Job instance at 0x1501b3bead70>,48,17,[8 1],72,72,89,0,72
1,<environment.Job instance at 0x1501b3b62af0>,52,3,[13  1],77,92,95,15,92
1,<environment.Job instance at 0x1501b3b62870>,54,2,[8 2],81,95,97,14,92
1,<environment.Job instance at 0x1501b3b62e10>,55,3,[11  1],82,100,103,18,100
1,<environment.Job instance at 0x1501a8bce3c0>,58,1,[2 6],85,100,101,15,100
1,<environment.Job instance at 0x1501b2ea1b40>,59,26,[1 6],86,100,126,14,100
1,<environment.Job instance at 0x1501d004c0a0>,75,1,[1 6],109,120,121,11,120
1,<environment.Job instance at 0x1501a8a3b050>,77,2,[2 7],112,121,123,9,120
1,<environment.Job instance at 0x1501a8636d20>,78,14,[10  1],113,130,144,17,130
1,<environment.Job instance at 0x1501a8edf9b0>,85,17,[ 2 11],122,147,164,25,147
1,<environment.Job instance at 0x1501a8edf0f0>,86,25,[ 2 14],123,164,189,41,160
1,<environment.Job instance at 0x1501a8bbff00>,93,23,[7 1],133,160,183,27,160
1,<environment.Job instance at 0x1501b2e9f460>,106,2,[ 2 10],151,189,191,38,179
1,<environment.Job instance at 0x1501b2e9f7d0>,107,3,[ 1 12],155,191,194,36,189
1,<environment.Job instance at 0x1501b2e9f960>,108,1,[10  1],157,189,190,32,189
1,<environment.Job instance at 0x1501acb2d050>,109,24,[5 2],158,190,214,32,189
1,<environment.Job instance at 0x1501acb2deb0>,110,24,[2 7],161,194,218,33,192
1,<environment.Job instance at 0x1501a8361c30>,9,1,[6 2],12,242,243,230,242
1,<environment.Job instance at 0x1501a83617d0>,12,20,[6 1],15,861,881,846,861
1,<environment.Job instance at 0x1501ab914640>,1,2,[7 2],2,2,4,0,2
1,<environment.Job instance at 0x1501a8610190>,4,2,[6 2],6,6,8,0,6
1,<environment.Job instance at 0x1501a8610910>,7,2,[8 1],11,13,15,2,13
1,<environment.Job instance at 0x1501a86105f0>,6,3,[14  2],8,15,18,7,13
1,<environment.Job instance at 0x1501acc0f910>,9,1,[7 2],14,14,15,0,14
1,<environment.Job instance at 0x1501acc0fb40>,10,1,[5 1],15,18,19,3,15
1,<environment.Job instance at 0x1501acc0f550>,11,2,[5 1],18,18,20,0,18
1,<environment.Job instance at 0x1501acc0f410>,12,2,[2 7],19,19,21,0,19
1,<environment.Job instance at 0x1501acc0f370>,8,20,[1 9],12,21,41,9,20
1,<environment.Job instance at 0x1501a8b3fe60>,21,2,[13  2],32,39,41,7,39
1,<environment.Job instance at 0x1501b2f2a820>,22,2,[5 1],33,41,43,8,40
1,<environment.Job instance at 0x1501ab825050>,26,19,[8 1],42,42,61,0,42
1,<environment.Job instance at 0x1501a91da3c0>,36,1,[8 2],55,61,62,6,55
1,<environment.Job instance at 0x1501d1e6a640>,39,3,[5 1],58,61,64,3,61
1,<environment.Job instance at 0x1501d1e6a140>,40,2,[9 1],59,62,64,3,61
1,<environment.Job instance at 0x1501d1e6a7d0>,42,1,[1 9],64,64,65,0,64
1,<environment.Job instance at 0x1501a91da460>,38,3,[8 1],57,64,67,7,64
1,<environment.Job instance at 0x1501ab909640>,44,3,[ 2 10],67,67,70,0,67
1,<environment.Job instance at 0x1501d22dbdc0>,48,3,[7 2],76,76,79,0,76
1,<environment.Job instance at 0x1501aba83fa0>,51,2,[8 1],80,80,82,0,80
1,<environment.Job instance at 0x1501aba83550>,52,2,[7 1],83,83,85,0,83
1,<environment.Job instance at 0x1501acc2a640>,59,2,[1 5],96,96,98,0,96
1,<environment.Job instance at 0x1501acc2a050>,60,1,[7 2],100,100,101,0,100
1,<environment.Job instance at 0x1501acc2acd0>,62,1,[7 2],103,103,104,0,103
1,<environment.Job instance at 0x1501acc2aa50>,63,1,[10  2],104,104,105,0,104
1,<environment.Job instance at 0x1501b3b13b40>,66,3,[6 1],107,107,110,0,107
1,<environment.Job instance at 0x1501b3b13a00>,67,2,[6 2],111,111,113,0,111
1,<environment.Job instance at 0x1501b3b13e60>,68,3,[14  1],112,116,119,4,116
1,<environment.Job instance at 0x1501ab808640>,70,18,[5 1],118,119,137,1,118
1,<environment.Job instance at 0x1501b3b135f0>,69,2,[2 7],115,126,128,11,126
1,<environment.Job instance at 0x1501a8f6aaa0>,82,2,[ 2 10],133,133,135,0,133
1,<environment.Job instance at 0x1501a8f6a0f0>,83,21,[2 7],135,135,156,0,135
1,<environment.Job instance at 0x1501b3b30960>,91,2,[5 1],146,152,154,6,152
1,<environment.Job instance at 0x1501ab6c2230>,92,1,[8 1],147,152,153,5,152
1,<environment.Job instance at 0x1501ab6c2d70>,93,3,[2 9],148,156,159,8,153
1,<environment.Job instance at 0x1501ab6c21e0>,95,21,[1 8],150,159,180,9,154
1,<environment.Job instance at 0x1501a8efd500>,98,21,[10  2],154,171,192,17,171
1,<environment.Job instance at 0x1501a8efd910>,104,3,[2 6],163,191,194,28,191
1,<environment.Job instance at 0x1501a8efd0f0>,105,2,[8 1],164,192,194,28,191
1,<environment.Job instance at 0x1501a8efdf50>,106,12,[10  2],165,197,209,32,197
1,<environment.Job instance at 0x1501a8efd7d0>,108,2,[2 8],167,197,199,30,197
1,<environment.Job instance at 0x1501a8efde60>,109,1,[1 5],169,197,198,28,197
1,<environment.Job instance at 0x1501a8b3fb90>,20,3,[6 1],29,240,243,211,240
1,<environment.Job instance at 0x1501a8f6ae60>,78,22,[7 2],128,2183,2205,2055,2183
1,<environment.Job instance at 0x1538125889b0>,3,1,[6 2],4,4,5,0,4
1,<environment.Job instance at 0x153812588820>,4,2,[7 2],5,5,7,0,5
1,<environment.Job instance at 0x153812cc3e60>,15,1,[ 1 10],20,20,21,0,20
1,<environment.Job instance at 0x153812cc32d0>,16,1,[2 5],21,21,22,0,21
1,<environment.Job instance at 0x153812c58e10>,20,2,[ 1 13],27,27,29,0,27
1,<environment.Job instance at 0x153812ca5eb0>,22,1,[2 7],30,30,31,0,30
1,<environment.Job instance at 0x153812ca5f50>,25,2,[2 8],34,34,36,0,34
1,<environment.Job instance at 0x153812ca5b40>,26,1,[2 7],35,35,36,0,35
1,<environment.Job instance at 0x153812ca5960>,27,2,[2 7],36,36,38,0,36
1,<environment.Job instance at 0x153812cfeeb0>,28,2,[2 7],37,37,39,0,37
1,<environment.Job instance at 0x153812c95eb0>,33,1,[2 7],43,43,44,0,43
1,<environment.Job instance at 0x153812c95320>,34,15,[11  1],44,2224,2239,2180,2224
1,<environment.Job instance at 0x153812ce70f0>,41,25,[12  2],54,2239,2264,2185,2239
1,<environment.Job instance at 0x153812cad320>,45,3,[2 8],60,2239,2242,2179,2239
1,<environment.Job instance at 0x153812cadc30>,46,2,[2 8],61,2242,2244,2181,2239
1,<environment.Job instance at 0x153812cadc80>,47,1,[1 6],63,2244,2245,2181,2239
1,<environment.Job instance at 0x153812cad1e0>,48,1,[2 9],65,2245,2246,2180,2239
1,<environment.Job instance at 0x153812cb0870>,54,2,[2 5],75,2247,2249,2172,2247
1,<environment.Job instance at 0x153812cb03c0>,57,22,[1 5],80,2248,2270,2168,2248
1,<environment.Job instance at 0x1538127f1a00>,67,1,[13  1],94,2283,2284,2189,2283
1,<environment.Job instance at 0x153812cc1cd0>,68,3,[1 9],95,2283,2286,2188,2283
1,<environment.Job instance at 0x1538127fd690>,69,1,[2 5],96,2284,2285,2188,2283
1,<environment.Job instance at 0x1538127e9910>,70,2,[ 2 10],97,2286,2288,2189,2283
1,<environment.Job instance at 0x1538127f6a00>,76,2,[2 5],108,2288,2290,2180,2288
1,<environment.Job instance at 0x1538127f6aa0>,77,2,[ 1 10],109,2288,2290,2179,2288
1,<environment.Job instance at 0x153812c99870>,93,2,[14  1],130,2322,2324,2192,2322
1,<environment.Job instance at 0x153812c99640>,94,1,[5 1],131,2324,2325,2193,2322
1,<environment.Job instance at 0x153812585910>,104,1,[ 2 14],143,2357,2358,2214,2357
1,<environment.Job instance at 0x153812585370>,105,1,[8 2],144,2358,2359,2214,2357
1,<environment.Job instance at 0x1538125b8190>,3,2,[1 9],8,8,10,0,8
1,<environment.Job instance at 0x153814d20820>,7,2,[ 2 10],14,14,16,0,14
1,<environment.Job instance at 0x153814d93c30>,8,2,[2 9],15,16,18,1,15
1,<environment.Job instance at 0x153814d93c80>,9,17,[ 2 10],16,18,35,2,18
1,<environment.Job instance at 0x153814d27780>,21,2,[8 2],31,31,33,0,31
1,<environment.Job instance at 0x153814d27190>,23,2,[2 5],33,33,35,0,33
1,<environment.Job instance at 0x153814d27e10>,24,3,[6 1],34,35,38,1,34
1,<environment.Job instance at 0x153814d27280>,25,2,[10  1],35,38,40,3,35
1,<environment.Job instance at 0x153814d27cd0>,26,3,[ 2 10],37,37,40,0,37
1,<environment.Job instance at 0x153814d27e60>,27,18,[8 1],38,40,58,2,38
1,<environment.Job instance at 0x153814d912d0>,34,1,[9 1],51,58,59,7,56
1,<environment.Job instance at 0x153814d91f00>,35,12,[1 5],52,56,68,4,56
1,<environment.Job instance at 0x153814d85460>,39,1,[ 1 10],57,59,60,2,57
1,<environment.Job instance at 0x153814d85aa0>,40,2,[1 5],59,60,62,1,59
1,<environment.Job instance at 0x153814d85a00>,42,2,[10  2],61,61,63,0,61
1,<environment.Job instance at 0x153814d85a50>,43,3,[2 8],65,65,68,0,65
1,<environment.Job instance at 0x153814d85820>,44,1,[2 6],66,68,69,2,66
1,<environment.Job instance at 0x153814d85c30>,45,2,[1 6],67,68,70,1,67
1,<environment.Job instance at 0x153814d92d20>,46,18,[7 2],69,69,87,0,69
1,<environment.Job instance at 0x153814d929b0>,47,1,[2 8],72,72,73,0,72
1,<environment.Job instance at 0x153814d92b40>,49,2,[7 2],77,77,79,0,77
1,<environment.Job instance at 0x153814d92b90>,50,2,[2 5],78,79,81,1,78
1,<environment.Job instance at 0x153814d844b0>,53,1,[7 2],83,83,84,0,83
1,<environment.Job instance at 0x153814d840a0>,54,2,[5 2],84,84,86,0,84
1,<environment.Job instance at 0x153814d84140>,55,2,[ 2 12],86,86,88,0,86
1,<environment.Job instance at 0x153814d846e0>,56,14,[6 1],87,87,101,0,87
1,<environment.Job instance at 0x153814d1a910>,59,13,[ 1 11],91,101,114,10,101
1,<environment.Job instance at 0x153814d1a460>,60,2,[6 2],92,101,103,9,101
1,<environment.Job instance at 0x153814d1ac30>,61,1,[1 5],93,114,115,21,101
1,<environment.Job instance at 0x153814d1ae60>,63,3,[ 2 10],95,114,117,19,102
1,<environment.Job instance at 0x153814d1a500>,64,3,[ 1 13],96,117,120,21,102
1,<environment.Job instance at 0x153814d1a4b0>,66,21,[ 2 13],100,120,141,20,112
1,<environment.Job instance at 0x153814e38d70>,74,1,[1 8],109,141,142,32,123
1,<environment.Job instance at 0x153814d49d20>,80,12,[7 1],118,131,143,13,131
1,<environment.Job instance at 0x153811fee780>,81,2,[10  1],119,143,145,24,131
1,<environment.Job instance at 0x153814f8d910>,90,2,[2 5],134,144,146,10,144
1,<environment.Job instance at 0x15381625b870>,91,1,[ 2 10],135,145,146,10,144
1,<environment.Job instance at 0x1538212f33c0>,92,14,[8 1],136,146,160,10,144
1,<environment.Job instance at 0x1538162d51e0>,93,2,[ 1 10],137,146,148,9,144
1,<environment.Job instance at 0x15381520ff00>,95,21,[7 2],140,148,169,8,147
1,<environment.Job instance at 0x153812d204b0>,101,12,[7 1],151,160,172,9,156
1,<environment.Job instance at 0x15381503c690>,102,20,[8 2],152,169,189,17,164
1,<environment.Job instance at 0x15381503d870>,106,2,[2 7],161,172,174,11,164
1,<environment.Job instance at 0x1538162b6460>,112,1,[1 8],168,180,181,12,180
1,<environment.Job instance at 0x1538162b64b0>,116,2,[ 2 10],175,181,183,6,180
1,<environment.Job instance at 0x1538150fa500>,117,15,[8 2],176,192,207,16,192
1,<environment.Job instance at 0x153814d200f0>,10,19,[ 1 10],18,236,255,218,236
1,<environment.Job instance at 0x153814d93500>,19,14,[10  1],29,344,358,315,344
1,<environment.Job instance at 0x153814f13870>,30,17,[7 1],42,796,813,754,796
1,<environment.Job instance at 0x153812d489b0>,0,1,[6 2],1,1,2,0,1
1,<environment.Job instance at 0x153812d48320>,4,2,[1 9],11,471,473,460,471
1,<environment.Job instance at 0x153812d48eb0>,2,15,[ 1 11],7,1158,1173,1151,1158
1,<environment.Job instance at 0x153814db6780>,15,1,[6 2],25,1171,1172,1146,1171
1,<environment.Job instance at 0x153814db61e0>,18,2,[ 1 10],29,1174,1176,1145,1174
1,<environment.Job instance at 0x153814d64b90>,20,2,[2 9],31,1177,1179,1146,1177
1,<environment.Job instance at 0x153814cd0aa0>,26,2,[5 1],43,1181,1183,1138,1181
1,<environment.Job instance at 0x153814cd03c0>,27,1,[2 7],44,1181,1182,1137,1181
1,<environment.Job instance at 0x153814cd0820>,28,2,[10  2],45,1182,1184,1137,1182
1,<environment.Job instance at 0x153814dbb0f0>,32,2,[5 2],52,1189,1191,1137,1189
1,<environment.Job instance at 0x153812d48780>,7,3,[1 8],14,1191,1194,1177,1191
1,<environment.Job instance at 0x153814dbbe10>,35,1,[7 2],56,1191,1192,1135,1191
1,<environment.Job instance at 0x15381623b0a0>,40,26,[9 1],64,1195,1221,1131,1195
1,<environment.Job instance at 0x1538161520f0>,48,27,[1 7],75,1223,1250,1148,1223
1,<environment.Job instance at 0x1538161789b0>,66,2,[1 7],102,1254,1256,1152,1254
1,<environment.Job instance at 0x1538162ab960>,69,2,[1 8],106,1254,1256,1148,1254
1,<environment.Job instance at 0x1538162ab550>,72,1,[2 8],110,1269,1270,1159,1269
1,<environment.Job instance at 0x153814dbb460>,36,3,[1 7],58,1269,1272,1211,1269
1,<environment.Job instance at 0x1538162ab3c0>,73,1,[8 2],111,1270,1271,1159,1269
1,<environment.Job instance at 0x153814fa47d0>,75,2,[6 1],114,1271,1273,1157,1271
1,<environment.Job instance at 0x153814fa4fa0>,78,3,[ 2 11],120,1281,1284,1161,1281
1,<environment.Job instance at 0x153814fa4c80>,79,2,[1 7],121,1284,1286,1163,1281
1,<environment.Job instance at 0x153814ef4c30>,96,1,[2 9],142,1307,1308,1165,1307
1,<environment.Job instance at 0x153814ef4500>,97,27,[ 2 10],143,1308,1335,1165,1307
1,<environment.Job instance at 0x15381520f870>,0,1,[2 6],1,1,2,0,1
1,<environment.Job instance at 0x1538205c5140>,7,1,[1 8],9,9,10,0,9
1,<environment.Job instance at 0x15382002d9b0>,9,2,[2 6],11,11,13,0,11
1,<environment.Job instance at 0x15382002d5a0>,12,16,[10  2],14,29,45,15,29
1,<environment.Job instance at 0x1538205a38c0>,24,13,[10  1],28,45,58,17,45
1,<environment.Job instance at 0x153812cfe2d0>,25,25,[12  1],29,58,83,29,54
1,<environment.Job instance at 0x153820046730>,26,1,[ 2 10],30,54,55,24,54
1,<environment.Job instance at 0x153812c34910>,33,23,[1 6],41,57,80,16,57
1,<environment.Job instance at 0x153812c34c30>,38,2,[7 1],52,83,85,31,75
1,<environment.Job instance at 0x153812027370>,41,2,[5 1],57,83,85,26,76
1,<environment.Job instance at 0x15382049e4b0>,43,3,[5 2],60,85,88,25,79
1,<environment.Job instance at 0x15382049e780>,44,12,[1 5],61,81,93,20,81
1,<environment.Job instance at 0x153823452960>,13,16,[ 2 10],15,89,105,74,89
1,<environment.Job instance at 0x153820039140>,53,1,[5 2],76,93,94,17,91
1,<environment.Job instance at 0x153818d36960>,54,26,[2 8],78,105,131,27,102
1,<environment.Job instance at 0x153814f22870>,63,3,[5 1],98,120,123,22,120
1,<environment.Job instance at 0x153816125730>,70,27,[1 7],105,125,152,20,125
1,<environment.Job instance at 0x153814f20820>,73,2,[6 1],109,144,146,35,144
1,<environment.Job instance at 0x153814f20410>,74,2,[ 1 10],110,152,154,42,144
1,<environment.Job instance at 0x15381501f0f0>,76,2,[5 1],113,144,146,31,144
1,<environment.Job instance at 0x153812c61140>,79,2,[2 9],117,154,156,37,146
1,<environment.Job instance at 0x153820051f00>,81,1,[5 1],123,159,160,36,159
1,<environment.Job instance at 0x153816641d20>,83,2,[1 8],127,172,174,45,172
1,<environment.Job instance at 0x1538204a3af0>,84,1,[10  2],128,172,173,44,172
1,<environment.Job instance at 0x15381258dd20>,85,3,[2 8],129,174,177,45,174
1,<environment.Job instance at 0x1538161742d0>,87,2,[8 2],135,174,176,39,174
1,<environment.Job instance at 0x1538204b15a0>,88,1,[ 1 12],136,177,178,41,174
1,<environment.Job instance at 0x153814dbe190>,90,1,[8 1],139,176,177,37,174
1,<environment.Job instance at 0x1538120a0780>,92,1,[2 9],144,178,179,34,175
1,<environment.Job instance at 0x153812d937d0>,93,2,[7 2],145,177,179,32,175
1,<environment.Job instance at 0x153812d93460>,94,12,[7 1],146,179,191,33,175
1,<environment.Job instance at 0x153812d934b0>,95,13,[13  2],147,284,297,137,284
1,<environment.Job instance at 0x153814f110a0>,106,1,[6 2],161,298,299,137,298
1,<environment.Job instance at 0x153814f117d0>,108,1,[7 1],164,311,312,147,311
1,<environment.Job instance at 0x153820049730>,49,16,[1 5],71,311,327,240,311
1,<environment.Job instance at 0x153814f114b0>,110,3,[ 1 10],166,325,328,159,325
1,<environment.Job instance at 0x153814f11f00>,114,2,[2 8],170,328,330,158,326
1,<environment.Job instance at 0x15381a7c1410>,11,2,[10  2],13,338,340,325,338
1,<environment.Job instance at 0x153812d61c80>,116,1,[6 2],176,365,366,189,365
1,<environment.Job instance at 0x1538125a9af0>,4,25,[8 1],9,9,34,0,9
1,<environment.Job instance at 0x15381256c870>,19,1,[ 1 10],29,34,35,5,34
1,<environment.Job instance at 0x15381256c320>,20,19,[2 5],30,34,53,4,34
1,<environment.Job instance at 0x153812592320>,25,1,[6 1],36,57,58,21,57
1,<environment.Job instance at 0x153812563cd0>,28,1,[1 6],40,60,61,20,60
1,<environment.Job instance at 0x153812563320>,30,1,[1 7],42,60,61,18,60
1,<environment.Job instance at 0x153812563fa0>,31,1,[6 2],43,60,61,17,60
1,<environment.Job instance at 0x1538125638c0>,32,2,[2 7],44,61,63,17,60
1,<environment.Job instance at 0x1538125b3640>,36,2,[1 9],49,82,84,33,82
1,<environment.Job instance at 0x1538124c18c0>,45,25,[9 1],61,99,124,38,99
1,<environment.Job instance at 0x153821254910>,48,21,[2 5],65,116,137,51,116
1,<environment.Job instance at 0x153811f36460>,67,1,[2 6],90,155,156,65,155
1,<environment.Job instance at 0x153811dc1140>,72,2,[9 2],96,159,161,63,159
1,<environment.Job instance at 0x153811dc1870>,74,2,[ 1 10],98,159,161,61,159
1,<environment.Job instance at 0x1538238f93c0>,76,17,[12  1],100,1065,1082,965,1065
1,<environment.Job instance at 0x153814e17910>,97,1,[13  1],125,1085,1086,960,1085
1,<environment.Job instance at 0x153814e63500>,99,1,[5 1],127,1086,1087,959,1086
1,<environment.Job instance at 0x153814e63eb0>,102,2,[8 2],130,1093,1095,963,1093
1,<environment.Job instance at 0x153814e63280>,104,2,[2 5],132,1093,1095,961,1093
1,<environment.Job instance at 0x153814e63190>,106,22,[8 1],135,1096,1118,961,1096
1,<environment.Job instance at 0x153814ca01e0>,113,2,[2 7],143,1112,1114,969,1112
1,<environment.Job instance at 0x153814ca0f50>,117,22,[2 6],149,1125,1147,976,1125
1,<environment.Job instance at 0x153814ca0780>,118,1,[ 1 14],150,1147,1148,997,1145
1,<environment.Job instance at 0x153815062aa0>,123,1,[8 1],157,1145,1146,988,1145
1,<environment.Job instance at 0x153815062e10>,126,3,[ 2 14],162,1158,1161,996,1158
1,<environment.Job instance at 0x153815062280>,128,1,[ 2 10],164,1161,1162,997,1158
1,<environment.Job instance at 0x1538150f9500>,130,1,[6 1],167,1158,1159,991,1158
1,<environment.Job instance at 0x1538150f96e0>,131,2,[6 1],169,1159,1161,990,1158
1,<environment.Job instance at 0x153814fad870>,11,2,[7 2],18,1164,1166,1146,1164
1,<environment.Job instance at 0x153814d20f50>,10,1,[10  2],17,1310,1311,1293,1310
1,<environment.Job instance at 0x1538234af780>,0,15,[14  1],1,44,59,43,44
1,<environment.Job instance at 0x153821110550>,12,1,[10  1],18,59,60,41,53
1,<environment.Job instance at 0x153821110500>,14,2,[ 2 10],22,59,61,37,53
1,<environment.Job instance at 0x153821110050>,16,1,[1 9],24,53,54,29,53
1,<environment.Job instance at 0x153821110870>,18,22,[2 5],29,60,82,31,53
1,<environment.Job instance at 0x153821110e60>,21,26,[ 2 13],33,82,108,49,79
1,<environment.Job instance at 0x153812dcbbe0>,24,2,[12  1],37,103,105,66,103
1,<environment.Job instance at 0x15381257eb40>,32,1,[6 2],47,110,111,63,110
1,<environment.Job instance at 0x153812dcbdc0>,33,2,[ 1 10],48,110,112,62,110
1,<environment.Job instance at 0x153812dcbf50>,34,2,[2 7],49,112,114,63,110
1,<environment.Job instance at 0x153812dcb230>,36,3,[10  1],52,116,119,64,116
1,<environment.Job instance at 0x153811efabe0>,38,2,[8 2],60,119,121,59,116
1,<environment.Job instance at 0x153811efa0f0>,40,3,[1 9],62,116,119,54,116
1,<environment.Job instance at 0x153811efa140>,42,2,[ 1 11],67,119,121,52,119
1,<environment.Job instance at 0x153811efa8c0>,43,3,[2 8],68,121,124,53,119
1,<environment.Job instance at 0x153811efaaa0>,48,28,[5 2],74,132,160,58,132
1,<environment.Job instance at 0x153811efa5a0>,51,3,[ 2 14],77,160,163,83,155
1,<environment.Job instance at 0x153814e0f910>,63,1,[1 9],91,169,170,78,169
1,<environment.Job instance at 0x153814e0fd70>,65,1,[6 1],93,173,174,80,173
1,<environment.Job instance at 0x153814e0fe10>,69,1,[9 2],97,174,175,77,174
1,<environment.Job instance at 0x1538162f1870>,70,2,[1 7],98,174,176,76,174
1,<environment.Job instance at 0x1538162f1d20>,71,26,[1 6],101,174,200,73,174
1,<environment.Job instance at 0x1538162ddcd0>,73,23,[2 6],104,189,212,85,189
1,<environment.Job instance at 0x1538162dddc0>,76,1,[5 2],108,203,204,95,203
1,<environment.Job instance at 0x1538162dda00>,77,1,[8 2],109,203,204,94,203
1,<environment.Job instance at 0x153816231460>,80,2,[10  1],114,204,206,90,204
1,<environment.Job instance at 0x153816231280>,81,1,[9 1],115,206,207,91,204
1,<environment.Job instance at 0x153816231d70>,84,3,[12  1],119,232,235,113,232
1,<environment.Job instance at 0x1538162314b0>,85,20,[8 1],120,235,255,115,232
1,<environment.Job instance at 0x1538234af280>,1,2,[1 9],2,232,234,230,232
1,<environment.Job instance at 0x153816231870>,86,2,[7 1],121,235,237,114,232
1,<environment.Job instance at 0x15381621d280>,89,2,[1 8],129,237,239,108,232
1,<environment.Job instance at 0x15381621d320>,90,1,[2 6],130,234,235,104,232
1,<environment.Job instance at 0x15381621d7d0>,92,1,[ 2 10],137,239,240,102,232
1,<environment.Job instance at 0x15381621d0f0>,93,3,[11  1],139,255,258,116,253
1,<environment.Job instance at 0x153811da5730>,0,2,[6 2],1,1,3,0,1
1,<environment.Job instance at 0x153811da5e60>,1,1,[7 1],4,4,5,0,4
1,<environment.Job instance at 0x153811da5230>,2,2,[5 2],5,5,7,0,5
1,<environment.Job instance at 0x1538162a41e0>,5,2,[ 1 10],8,9,11,1,9
1,<environment.Job instance at 0x153811da5140>,7,1,[2 6],12,12,13,0,12
1,<environment.Job instance at 0x153812367910>,19,3,[ 2 13],32,32,35,0,32
1,<environment.Job instance at 0x1538150f9a50>,21,1,[ 2 10],34,35,36,1,34
1,<environment.Job instance at 0x153816097370>,22,2,[2 8],35,36,38,1,35
1,<environment.Job instance at 0x153812121eb0>,23,1,[1 7],38,38,39,0,38
1,<environment.Job instance at 0x1538211b21e0>,18,21,[6 1],30,40,61,10,40
1,<environment.Job instance at 0x153811e08910>,27,27,[1 9],43,59,86,16,59
1,<environment.Job instance at 0x153812280370>,45,21,[9 1],71,84,105,13,84
1,<environment.Job instance at 0x153811f7a7d0>,58,20,[ 2 11],88,114,134,26,114
1,<environment.Job instance at 0x153814f60d20>,76,1,[1 6],112,137,138,25,137
1,<environment.Job instance at 0x1538137f6370>,82,26,[8 1],118,137,163,19,137
1,<environment.Job instance at 0x153814fb3e60>,85,27,[6 1],121,146,173,25,146
1,<environment.Job instance at 0x1538121380a0>,96,28,[14  1],138,195,223,57,195
1,<environment.Job instance at 0x153814f062d0>,103,2,[11  2],146,223,225,77,218
1,<environment.Job instance at 0x15381201f730>,29,1,[ 2 10],45,233,234,188,233
1,<environment.Job instance at 0x153812cb69b0>,119,14,[1 9],166,234,248,68,234
1,<environment.Job instance at 0x153823630730>,118,2,[12  1],165,246,248,81,246
1,<environment.Job instance at 0x153823630d70>,120,1,[2 8],167,291,292,124,291
1,<environment.Job instance at 0x153811e08fa0>,28,1,[9 1],44,324,325,280,324
1,<environment.Job instance at 0x15381201f550>,30,12,[2 8],48,488,500,440,488
1,<environment.Job instance at 0x153822df8370>,1,1,[1 6],2,2,3,0,2
1,<environment.Job instance at 0x1538123098c0>,3,2,[5 1],4,4,6,0,4
1,<environment.Job instance at 0x153811926af0>,4,2,[7 2],5,5,7,0,5
1,<environment.Job instance at 0x153812309910>,5,1,[1 6],6,6,7,0,6
1,<environment.Job instance at 0x153814ce2730>,8,3,[6 1],9,9,12,0,9
1,<environment.Job instance at 0x15381a7b9a00>,12,1,[ 2 13],18,18,19,0,18
1,<environment.Job instance at 0x15381a7b9b40>,16,1,[5 1],22,22,23,0,22
1,<environment.Job instance at 0x153811b84e60>,28,1,[2 8],43,46,47,3,46
1,<environment.Job instance at 0x153823476eb0>,32,1,[ 1 10],48,48,49,0,48
1,<environment.Job instance at 0x153823476280>,33,26,[2 5],49,49,75,0,49
1,<environment.Job instance at 0x153811a92460>,45,2,[ 2 13],69,75,77,6,73
1,<environment.Job instance at 0x153812205500>,47,28,[2 5],73,77,105,4,76
1,<environment.Job instance at 0x1538151257d0>,0,2,[1 6],6,6,8,0,6
1,<environment.Job instance at 0x1538151255a0>,1,18,[8 1],8,8,26,0,8
1,<environment.Job instance at 0x1538150e7c30>,15,1,[1 8],28,28,29,0,28
1,<environment.Job instance at 0x153820edaaa0>,30,1,[11  1],53,61,62,8,61
1,<environment.Job instance at 0x153814ca9280>,31,2,[5 1],54,62,64,8,61
1,<environment.Job instance at 0x15381207f910>,38,1,[1 5],62,62,63,0,62
1,<environment.Job instance at 0x153814cc9050>,58,2,[1 5],90,116,118,26,116
1,<environment.Job instance at 0x15381210a320>,26,1,[ 1 13],41,120,121,79,120
1,<environment.Job instance at 0x153816519550>,73,1,[10  1],108,140,141,32,140
1,<environment.Job instance at 0x153816519d70>,74,2,[8 2],110,141,143,31,141
1,<environment.Job instance at 0x15381507b280>,75,1,[1 6],111,141,142,30,141
1,<environment.Job instance at 0x1538165fc870>,80,17,[12  1],117,1950,1967,1833,1950
1,<environment.Job instance at 0x153820ecfeb0>,89,2,[1 6],127,1966,1968,1839,1966
1,<environment.Job instance at 0x153816573fa0>,95,1,[2 5],135,1966,1967,1831,1966
1,<environment.Job instance at 0x153811c72640>,105,2,[2 9],150,1996,1998,1846,1996
1,<environment.Job instance at 0x153814e844b0>,62,1,[1 5],95,1998,1999,1903,1998
1,<environment.Job instance at 0x153811c72780>,109,1,[ 2 10],155,1998,1999,1843,1998
1,<environment.Job instance at 0x153811c72690>,110,3,[ 2 10],157,2320,2323,2163,2320
1,<environment.Job instance at 0x1538151be820>,17,1,[1 9],30,2408,2409,2378,2408
1,<environment.Job instance at 0x153811c72f50>,111,12,[ 2 11],158,2409,2421,2251,2409
1,<environment.Job instance at 0x1538151b6370>,117,23,[2 5],167,2421,2444,2254,2415
1,<environment.Job instance at 0x1538151b6f50>,118,1,[6 1],168,2415,2416,2247,2415
1,<environment.Job instance at 0x1538151b69b0>,119,18,[8 2],169,2416,2434,2247,2415
1,<environment.Job instance at 0x1538151b61e0>,127,18,[1 6],178,2421,2439,2243,2421
1,<environment.Job instance at 0x153811a4f8c0>,0,2,[2 8],1,1,3,0,1
1,<environment.Job instance at 0x1538151b6a50>,1,17,[11  2],2,26,43,24,26
1,<environment.Job instance at 0x153814fd2140>,9,1,[6 1],14,43,44,29,26
1,<environment.Job instance at 0x153814fd2550>,12,18,[ 1 14],17,43,61,26,37
1,<environment.Job instance at 0x153814fd2460>,13,2,[7 1],18,44,46,26,37
1,<environment.Job instance at 0x153814fd2500>,15,1,[6 1],20,46,47,26,37
1,<environment.Job instance at 0x153811dae0a0>,20,28,[ 2 10],26,61,89,35,60
1,<environment.Job instance at 0x153811dae0f0>,27,1,[ 1 10],37,89,90,52,66
1,<environment.Job instance at 0x153814e6a870>,36,2,[2 5],54,83,85,29,83
1,<environment.Job instance at 0x153812039a50>,37,19,[ 2 14],55,90,109,35,83
1,<environment.Job instance at 0x1538120399b0>,43,1,[8 2],64,86,87,22,86
1,<environment.Job instance at 0x153812039cd0>,44,2,[10  1],65,87,89,22,87
1,<environment.Job instance at 0x153812039870>,45,2,[10  1],66,89,91,23,87
1,<environment.Job instance at 0x153818d2cb40>,47,2,[2 5],68,109,111,41,102
1,<environment.Job instance at 0x153818d2cdc0>,48,1,[1 7],69,109,110,40,102
1,<environment.Job instance at 0x153818d2cc80>,49,1,[2 9],70,110,111,40,102
1,<environment.Job instance at 0x153818d2c960>,50,3,[2 9],72,111,114,39,102
1,<environment.Job instance at 0x153818d2c500>,51,1,[9 2],73,109,110,36,102
1,<environment.Job instance at 0x153818d2c6e0>,52,1,[7 2],75,111,112,36,102
1,<environment.Job instance at 0x153818d2cfa0>,55,1,[10  2],79,112,113,33,110
1,<environment.Job instance at 0x153818d2c910>,56,2,[7 1],80,113,115,33,110
1,<environment.Job instance at 0x1538151b61e0>,3,3,[2 5],5,116,119,111,116
1,<environment.Job instance at 0x153811b68280>,60,13,[ 2 11],85,122,135,37,122
1,<environment.Job instance at 0x153811b686e0>,64,2,[5 1],90,122,124,32,122
1,<environment.Job instance at 0x153811b68050>,66,2,[2 8],93,135,137,42,122
1,<environment.Job instance at 0x153811b68190>,67,2,[8 1],94,122,124,28,122
1,<environment.Job instance at 0x153811b681e0>,71,2,[10  2],101,126,128,25,126
1,<environment.Job instance at 0x153811b68410>,72,2,[ 1 10],102,137,139,35,126
1,<environment.Job instance at 0x153811b6af00>,74,1,[9 2],105,129,130,24,129
1,<environment.Job instance at 0x153811b665a0>,75,1,[7 2],106,130,131,24,129
1,<environment.Job instance at 0x153811b6aaf0>,76,2,[5 2],107,130,132,23,129
1,<environment.Job instance at 0x153811b6acd0>,77,3,[14  2],108,137,140,29,137
1,<environment.Job instance at 0x153811a90be0>,78,2,[1 7],111,139,141,28,137
1,<environment.Job instance at 0x153811a90e10>,79,2,[2 6],112,140,142,28,137
1,<environment.Job instance at 0x153811a903c0>,85,15,[7 1],120,140,155,20,140
1,<environment.Job instance at 0x153814f151e0>,92,2,[2 6],128,143,145,15,143
1,<environment.Job instance at 0x153814f157d0>,93,2,[5 2],129,143,145,14,143
1,<environment.Job instance at 0x153868ec2550>,95,2,[1 5],131,152,154,21,152
1,<environment.Job instance at 0x153820021a50>,96,12,[5 1],132,152,164,20,152
1,<environment.Job instance at 0x1538161ea230>,97,1,[10  1],133,155,156,22,152
1,<environment.Job instance at 0x153814ce20a0>,99,1,[10  2],137,156,157,19,155
1,<environment.Job instance at 0x153812073dc0>,100,1,[6 1],139,157,158,18,155
1,<environment.Job instance at 0x153811fc9af0>,102,2,[1 8],141,163,165,22,163
1,<environment.Job instance at 0x153811fc9640>,103,17,[6 1],142,163,180,21,163
1,<environment.Job instance at 0x153811fc9140>,104,1,[8 1],143,164,165,21,163
1,<environment.Job instance at 0x1538123f7aa0>,106,2,[1 9],147,165,167,18,163
1,<environment.Job instance at 0x153811c73eb0>,107,17,[2 7],148,167,184,19,167
1,<environment.Job instance at 0x1538123da3c0>,113,2,[9 1],158,181,183,23,181
1,<environment.Job instance at 0x153818d3e230>,114,12,[5 2],159,183,195,24,183
1,<environment.Job instance at 0x153818d3e3c0>,116,1,[1 5],161,183,184,22,183
1,<environment.Job instance at 0x153818d3e050>,117,26,[2 7],162,185,211,23,185
1,<environment.Job instance at 0x153811f55d70>,121,1,[2 7],167,196,197,29,196
1,<environment.Job instance at 0x153820513aa0>,123,25,[1 7],169,197,222,28,197
1,<environment.Job instance at 0x1538123ea550>,130,22,[ 1 10],178,222,244,44,216
1,<environment.Job instance at 0x153811a4fbe0>,2,15,[1 5],3,1334,1349,1331,1334
1,<environment.Job instance at 0x153811b68f00>,61,3,[9 2],86,1353,1356,1267,1353
1,<environment.Job instance at 0x153811bab370>,0,1,[14  1],1,3,4,2,3
1,<environment.Job instance at 0x153814eff910>,10,1,[8 2],16,16,17,0,16
1,<environment.Job instance at 0x15381189f230>,17,2,[5 1],24,24,26,0,24
1,<environment.Job instance at 0x1538212df640>,24,2,[ 1 10],32,32,34,0,32
1,<environment.Job instance at 0x1538212dfb90>,25,2,[1 8],33,34,36,1,33
1,<environment.Job instance at 0x1538161fe140>,31,3,[ 1 11],41,427,430,386,427
1,<environment.Job instance at 0x153811d75f50>,54,3,[ 1 14],70,495,498,425,495
1,<environment.Job instance at 0x153811a921e0>,64,23,[1 5],84,508,531,424,508
1,<environment.Job instance at 0x1538125a2960>,74,22,[5 1],96,520,542,424,520
1,<environment.Job instance at 0x1538125a2d70>,92,18,[2 5],120,566,584,446,566
1,<environment.Job instance at 0x153812286910>,5,2,[1 6],9,9,11,0,9
1,<environment.Job instance at 0x153812286690>,6,2,[8 1],13,13,15,0,13
1,<environment.Job instance at 0x153812286410>,8,1,[2 8],16,16,17,0,16
1,<environment.Job instance at 0x153812286550>,9,2,[10  1],17,17,19,0,17
1,<environment.Job instance at 0x153812286640>,12,26,[5 2],22,22,48,0,22
1,<environment.Job instance at 0x153816545960>,23,23,[9 1],40,40,63,0,40
1,<environment.Job instance at 0x153820025500>,24,14,[10  1],41,63,77,22,48
1,<environment.Job instance at 0x15381233c140>,28,1,[2 5],45,48,49,3,48
1,<environment.Job instance at 0x1538200251e0>,29,12,[5 1],48,49,61,1,48
1,<environment.Job instance at 0x153811fe0500>,30,1,[10  1],50,77,78,27,50
1,<environment.Job instance at 0x1538124b3e60>,31,1,[7 1],51,78,79,27,51
1,<environment.Job instance at 0x1538120e9cd0>,32,2,[10  1],52,79,81,27,52
1,<environment.Job instance at 0x1538162d1fa0>,33,1,[6 2],53,61,62,8,53
1,<environment.Job instance at 0x15381619ec80>,36,2,[5 1],59,62,64,3,59
1,<environment.Job instance at 0x1538238ec960>,45,2,[9 1],72,81,83,9,78
1,<environment.Job instance at 0x153811e99190>,46,2,[14  2],74,83,85,9,78
1,<environment.Job instance at 0x153820534f50>,48,1,[14  2],76,85,86,9,78
1,<environment.Job instance at 0x1538165b1b40>,49,2,[6 2],77,81,83,4,78
1,<environment.Job instance at 0x153811e7cf50>,51,2,[1 9],79,79,81,0,79
1,<environment.Job instance at 0x1538212c5f00>,53,3,[5 2],82,86,89,4,82
1,<environment.Job instance at 0x153811e7c410>,54,2,[1 8],83,83,85,0,83
1,<environment.Job instance at 0x1538205adb40>,55,17,[9 1],84,86,103,2,85
1,<environment.Job instance at 0x1538204a3d70>,56,2,[2 8],87,89,91,2,87
1,<environment.Job instance at 0x153811876050>,58,1,[10  2],89,103,104,14,89
1,<environment.Job instance at 0x153812592be0>,60,13,[8 1],94,104,117,10,94
1,<environment.Job instance at 0x153812d836e0>,62,18,[8 1],97,117,135,20,106
1,<environment.Job instance at 0x1538124ad910>,63,1,[6 2],98,106,107,8,106
1,<environment.Job instance at 0x1538124adeb0>,64,1,[6 1],99,107,108,8,106
1,<environment.Job instance at 0x1538124ade60>,65,1,[8 1],100,135,136,35,107
1,<environment.Job instance at 0x1538124ad0f0>,66,1,[5 1],103,108,109,5,107
1,<environment.Job instance at 0x1538127fe460>,67,2,[1 9],104,107,109,3,107
1,<environment.Job instance at 0x153820606be0>,69,2,[7 1],108,109,111,1,108
1,<environment.Job instance at 0x153811b93b40>,70,2,[ 1 10],111,111,113,0,111
1,<environment.Job instance at 0x1538123fe550>,71,1,[ 2 10],112,113,114,1,112
1,<environment.Job instance at 0x1538123bec30>,73,17,[ 1 10],115,115,132,0,115
1,<environment.Job instance at 0x153811e3eb40>,75,2,[ 1 10],120,132,134,12,120
1,<environment.Job instance at 0x153811af6370>,77,1,[1 6],122,134,135,12,122
1,<environment.Job instance at 0x153811af65a0>,78,1,[1 8],123,134,135,11,123
1,<environment.Job instance at 0x15381204a320>,79,1,[8 2],125,136,137,11,125
1,<environment.Job instance at 0x15381204ad70>,80,2,[10  2],126,137,139,11,126
1,<environment.Job instance at 0x15381204a690>,81,2,[14  1],127,139,141,12,127
1,<environment.Job instance at 0x15381205d500>,83,1,[5 2],131,131,132,0,131
1,<environment.Job instance at 0x15381205d280>,85,3,[1 5],133,142,145,9,142
1,<environment.Job instance at 0x15381205db40>,86,14,[1 7],134,144,158,10,144
1,<environment.Job instance at 0x15381205da00>,87,2,[1 8],136,145,147,9,144
1,<environment.Job instance at 0x153811b26d70>,88,12,[5 2],137,154,166,17,154
1,<environment.Job instance at 0x153811b26cd0>,89,1,[2 9],138,158,159,20,154
1,<environment.Job instance at 0x153811b26e60>,90,1,[10  2],139,159,160,20,154
1,<environment.Job instance at 0x153811b26140>,91,2,[5 2],142,154,156,12,154
1,<environment.Job instance at 0x153811b26730>,92,2,[10  1],143,160,162,17,154
1,<environment.Job instance at 0x153811b26b40>,93,17,[7 1],145,162,179,17,154
1,<environment.Job instance at 0x15381427d6e0>,99,14,[7 1],159,170,184,11,170
1,<environment.Job instance at 0x1538121ee370>,102,2,[8 1],166,179,181,13,172
1,<environment.Job instance at 0x15381427d5a0>,105,2,[2 6],170,181,183,11,178
1,<environment.Job instance at 0x1538122530a0>,25,18,[1 7],42,181,199,139,180
1,<environment.Job instance at 0x153814cb45f0>,108,1,[8 1],173,194,195,21,194
1,<environment.Job instance at 0x153814cb4c30>,109,1,[6 1],174,194,195,20,194
1,<environment.Job instance at 0x153811a544b0>,2,1,[2 8],4,4,5,0,4
1,<environment.Job instance at 0x153811ef0550>,11,2,[1 7],23,24,26,1,24
1,<environment.Job instance at 0x153814ecf410>,4,23,[1 9],6,9,32,3,9
1,<environment.Job instance at 0x1538120713c0>,14,1,[2 7],28,32,33,4,28
1,<environment.Job instance at 0x153811fbd140>,27,1,[2 9],49,53,54,4,53
1,<environment.Job instance at 0x153811e5b230>,34,2,[13  1],58,66,68,8,66
1,<environment.Job instance at 0x1538211b4460>,42,21,[2 6],69,73,94,4,73
1,<environment.Job instance at 0x153820538aa0>,52,1,[1 7],82,95,96,13,95
1,<environment.Job instance at 0x15381207fbe0>,58,2,[1 6],90,121,123,31,121
1,<environment.Job instance at 0x15381207f6e0>,59,24,[9 2],91,121,145,30,121
1,<environment.Job instance at 0x15382112de10>,35,2,[1 7],59,156,158,97,156
1,<environment.Job instance at 0x15382052ce10>,73,2,[6 1],110,156,158,46,156
1,<environment.Job instance at 0x15382052cd20>,75,17,[8 1],113,156,173,43,156
1,<environment.Job instance at 0x1538160a22d0>,85,2,[ 2 10],132,164,166,32,164
1,<environment.Job instance at 0x1538160a20a0>,87,1,[2 5],134,166,167,32,164
1,<environment.Job instance at 0x153811b3d280>,90,1,[9 1],137,173,174,36,173
1,<environment.Job instance at 0x153816212190>,92,1,[7 1],140,174,175,34,173
1,<environment.Job instance at 0x153811b3daa0>,93,2,[2 7],141,173,175,32,173
1,<environment.Job instance at 0x15382052cbe0>,74,15,[2 8],112,175,190,63,173
1,<environment.Job instance at 0x153820ecccd0>,94,23,[2 9],142,190,213,48,189
1,<environment.Job instance at 0x153811bf8fa0>,117,3,[13  1],177,238,241,61,238
1,<environment.Job instance at 0x153811bf83c0>,119,1,[2 9],179,238,239,59,238
1,<environment.Job instance at 0x153811fbd960>,25,2,[2 6],45,246,248,201,246
1,<environment.Job instance at 0x153815086870>,2,1,[7 2],6,6,7,0,6
1,<environment.Job instance at 0x1538205fad70>,11,26,[ 2 10],21,21,47,0,21
1,<environment.Job instance at 0x153818d4caf0>,17,14,[13  1],33,113,127,80,113
1,<environment.Job instance at 0x153811f588c0>,24,2,[1 8],41,113,115,72,113
1,<environment.Job instance at 0x15381665d140>,35,23,[5 2],54,127,150,73,126
1,<environment.Job instance at 0x15381665ddc0>,41,3,[ 2 12],62,153,156,91,153
1,<environment.Job instance at 0x15381665dbe0>,42,12,[11  1],63,164,176,101,164
1,<environment.Job instance at 0x153814e6a050>,47,28,[5 2],69,176,204,107,175
1,<environment.Job instance at 0x153814e6af50>,52,2,[ 1 10],78,175,177,97,175
1,<environment.Job instance at 0x153811f7a0f0>,19,1,[1 8],36,201,202,165,201
1,<environment.Job instance at 0x153811a86550>,62,12,[1 5],93,201,213,108,201
1,<environment.Job instance at 0x153812ce9500>,69,26,[2 6],102,224,250,122,224
1,<environment.Job instance at 0x15381233c1e0>,78,1,[1 9],113,248,249,135,248
1,<environment.Job instance at 0x153814d60d70>,79,21,[2 7],114,249,270,135,248
1,<environment.Job instance at 0x153821152be0>,85,27,[2 7],120,252,279,132,252
1,<environment.Job instance at 0x153812dca230>,92,3,[ 2 13],134,286,289,152,286
1,<environment.Job instance at 0x153812dcaf00>,93,2,[2 8],135,289,291,154,286
1,<environment.Job instance at 0x1538161b44b0>,95,21,[1 5],139,289,310,150,286
1,<environment.Job instance at 0x153814df1730>,111,2,[2 8],158,301,303,143,301
1,<environment.Job instance at 0x153814df1870>,122,2,[2 7],172,312,314,140,312
1,<environment.Job instance at 0x153814df1230>,123,1,[2 7],173,312,313,139,312
1,<environment.Job instance at 0x153814df1eb0>,124,2,[5 1],174,312,314,138,312
1,<environment.Job instance at 0x15381520ee10>,125,1,[2 9],176,314,315,138,312
1,<environment.Job instance at 0x15381520ed70>,126,1,[ 1 10],178,315,316,137,312
1,<environment.Job instance at 0x153811a86780>,63,2,[1 9],94,333,335,239,333
1,<environment.Job instance at 0x153812c8f960>,18,3,[6 2],35,494,497,459,494
1,<environment.Job instance at 0x1538212f6140>,2,22,[2 8],4,4,26,0,4
1,<environment.Job instance at 0x153812d215f0>,5,2,[ 1 12],7,26,28,19,19
1,<environment.Job instance at 0x153812d21730>,9,3,[10  2],15,26,29,11,26
1,<environment.Job instance at 0x153811b6f460>,32,1,[5 1],46,46,47,0,46
1,<environment.Job instance at 0x153811b6f140>,34,2,[5 1],48,48,50,0,48
1,<environment.Job instance at 0x1538205a3dc0>,37,1,[ 1 10],53,53,54,0,53
1,<environment.Job instance at 0x153812d21500>,7,1,[10  2],9,54,55,45,54
1,<environment.Job instance at 0x1538205a35f0>,40,1,[2 8],57,64,65,7,64
1,<environment.Job instance at 0x1538165e6af0>,3,28,[2 9],6,6,34,0,6
1,<environment.Job instance at 0x15381655a1e0>,30,1,[2 6],41,64,65,23,64
1,<environment.Job instance at 0x15381655abe0>,32,1,[2 5],43,64,65,21,64
1,<environment.Job instance at 0x15381655a640>,34,2,[10  1],46,64,66,18,64
1,<environment.Job instance at 0x15381655a140>,35,25,[7 2],48,66,91,18,64
1,<environment.Job instance at 0x153811d31a00>,22,1,[5 1],30,84,85,54,84
1,<environment.Job instance at 0x153814d199b0>,39,18,[ 1 12],52,98,116,46,98
1,<environment.Job instance at 0x153814d190a0>,41,1,[2 9],54,116,117,62,98
1,<environment.Job instance at 0x153814d19550>,40,2,[ 1 10],53,117,119,64,113
1,<environment.Job instance at 0x153812d9bd70>,55,18,[7 1],75,121,139,46,121
1,<environment.Job instance at 0x153814e6d8c0>,58,2,[8 1],78,121,123,43,121
1,<environment.Job instance at 0x153814e6df50>,60,2,[7 2],80,123,125,43,121
1,<environment.Job instance at 0x1538122d0be0>,62,1,[ 2 12],82,125,126,43,121
1,<environment.Job instance at 0x1538122d0690>,63,2,[ 1 10],83,123,125,40,121
1,<environment.Job instance at 0x153811a015a0>,65,2,[1 5],85,128,130,43,128
1,<environment.Job instance at 0x153811a01c30>,73,1,[ 2 10],97,139,140,42,139
1,<environment.Job instance at 0x1538127e2f00>,74,2,[1 9],99,140,142,41,139
1,<environment.Job instance at 0x1538127e2b90>,76,2,[1 5],102,140,142,38,140
1,<environment.Job instance at 0x1538127e22d0>,77,21,[5 2],104,142,163,38,140
1,<environment.Job instance at 0x1538127e29b0>,78,2,[ 1 10],105,142,144,37,141
1,<environment.Job instance at 0x1538127e23c0>,79,14,[2 5],106,144,158,38,141
1,<environment.Job instance at 0x1538127e2460>,82,2,[2 9],109,158,160,49,145
1,<environment.Job instance at 0x153811fe9050>,86,2,[7 2],116,150,152,34,150
1,<environment.Job instance at 0x153811fe9a50>,88,2,[6 2],120,154,156,34,154
1,<environment.Job instance at 0x1538211f83c0>,90,2,[8 2],122,156,158,34,156
1,<environment.Job instance at 0x1538211f8460>,91,3,[7 1],124,158,161,34,157
1,<environment.Job instance at 0x1538211f8960>,93,2,[6 2],127,161,163,34,158
1,<environment.Job instance at 0x1538211f8280>,94,2,[7 1],128,163,165,35,159
1,<environment.Job instance at 0x1538211f82d0>,95,1,[1 7],129,160,161,31,159
1,<environment.Job instance at 0x1538211f8140>,96,1,[5 2],131,163,164,32,159
1,<environment.Job instance at 0x1538211f8230>,98,2,[5 1],134,164,166,30,161
1,<environment.Job instance at 0x153823469aa0>,101,27,[6 1],139,165,192,26,163
1,<environment.Job instance at 0x153812d9ba00>,52,1,[5 1],69,169,170,100,169
1,<environment.Job instance at 0x1538174a2190>,104,3,[5 1],145,170,173,25,169
1,<environment.Job instance at 0x1538118e8690>,106,12,[9 1],147,173,185,26,169
1,<environment.Job instance at 0x1538118e81e0>,107,1,[2 7],148,170,171,22,170
1,<environment.Job instance at 0x1538118e8e60>,110,2,[12  2],154,192,194,38,181
1,<environment.Job instance at 0x153811c427d0>,113,12,[2 6],157,194,206,37,194
1,<environment.Job instance at 0x153811c426e0>,114,1,[1 5],160,194,195,34,194
1,<environment.Job instance at 0x153811c6f5a0>,118,2,[2 8],165,200,202,35,200
1,<environment.Job instance at 0x153811c6f8c0>,119,1,[10  2],166,202,203,36,200
1,<environment.Job instance at 0x153811c6f730>,120,1,[12  1],168,203,204,35,200
1,<environment.Job instance at 0x1538150a4730>,121,25,[1 7],169,202,227,33,200
1,<environment.Job instance at 0x1538150a45f0>,122,3,[8 2],170,204,207,34,203
1,<environment.Job instance at 0x1538150a4500>,123,2,[8 1],173,207,209,34,203
1,<environment.Job instance at 0x1538150a48c0>,124,1,[ 1 11],174,227,228,53,203
1,<environment.Job instance at 0x1538150a4dc0>,126,1,[ 2 10],179,228,229,49,203
1,<environment.Job instance at 0x1538161e2050>,18,2,[1 9],22,229,231,207,214
1,<environment.Job instance at 0x1538118e8cd0>,105,15,[ 2 13],146,249,264,103,249
1,<environment.Job instance at 0x153811d315f0>,25,1,[ 1 11],36,1799,1800,1763,1799
1,<environment.Job instance at 0x153811ec99b0>,0,1,[1 6],1,1,2,0,1
1,<environment.Job instance at 0x153811f19370>,7,26,[1 7],10,13,39,3,13
1,<environment.Job instance at 0x1538142621e0>,16,1,[8 1],20,25,26,5,25
1,<environment.Job instance at 0x153814262f50>,20,2,[2 5],26,26,28,0,26
1,<environment.Job instance at 0x1538160e6640>,22,1,[5 1],29,29,30,0,29
1,<environment.Job instance at 0x1538160e6d70>,23,25,[ 1 10],31,39,64,8,35
1,<environment.Job instance at 0x1538160e6be0>,24,3,[13  1],32,70,73,38,70
1,<environment.Job instance at 0x1538160e68c0>,26,1,[8 2],35,73,74,38,70
1,<environment.Job instance at 0x15381230e320>,27,2,[8 1],37,74,76,37,70
1,<environment.Job instance at 0x15381230eeb0>,28,1,[1 5],38,70,71,32,70
1,<environment.Job instance at 0x15381230e820>,30,2,[5 1],40,73,75,33,70
1,<environment.Job instance at 0x15381230e4b0>,32,1,[5 1],42,75,76,33,70
1,<environment.Job instance at 0x153811bc61e0>,39,2,[2 6],57,72,74,15,72
1,<environment.Job instance at 0x153820475820>,43,1,[ 1 10],64,75,76,11,75
1,<environment.Job instance at 0x153811f35460>,46,1,[1 9],68,84,85,16,84
1,<environment.Job instance at 0x153812264870>,48,17,[8 1],72,86,103,14,86
1,<environment.Job instance at 0x15381516f550>,52,3,[13  1],77,137,140,60,137
1,<environment.Job instance at 0x15381516fdc0>,54,2,[8 2],81,140,142,59,137
1,<environment.Job instance at 0x15381516f280>,55,3,[11  1],82,142,145,60,138
1,<environment.Job instance at 0x15382047ed20>,58,1,[2 6],85,138,139,53,138
1,<environment.Job instance at 0x153820474fa0>,59,26,[1 6],86,139,165,53,138
1,<environment.Job instance at 0x153812579280>,75,1,[1 6],109,163,164,54,163
1,<environment.Job instance at 0x15381255c320>,79,2,[2 5],115,171,173,56,171
1,<environment.Job instance at 0x1538125505a0>,80,2,[1 6],116,171,173,55,171
1,<environment.Job instance at 0x153811f19780>,9,1,[6 2],12,183,184,171,183
1,<environment.Job instance at 0x153812550e10>,85,17,[ 2 11],122,183,200,61,183
1,<environment.Job instance at 0x153812550960>,86,25,[ 2 14],123,200,225,77,196
1,<environment.Job instance at 0x15381a7aba50>,93,23,[7 1],133,196,219,63,196
1,<environment.Job instance at 0x1538125503c0>,87,1,[1 8],124,225,226,101,213
1,<environment.Job instance at 0x15382127bb90>,101,21,[5 1],144,219,240,75,213
1,<environment.Job instance at 0x15382127b910>,107,3,[ 1 12],155,229,232,74,229
1,<environment.Job instance at 0x15382127b0f0>,109,24,[5 2],158,229,253,71,229
1,<environment.Job instance at 0x15382127bd20>,110,24,[2 7],161,241,265,80,241
1,<environment.Job instance at 0x153811dc3140>,116,2,[7 2],172,255,257,83,255
1,<environment.Job instance at 0x153811dc34b0>,121,3,[14  2],178,373,376,195,373
1,<environment.Job instance at 0x15382127b640>,102,3,[9 1],145,407,410,262,407
1,<environment.Job instance at 0x15381515bbe0>,0,2,[8 1],1,1,3,0,1
1,<environment.Job instance at 0x1538121a4c80>,2,1,[7 2],4,4,5,0,4
1,<environment.Job instance at 0x15381252f190>,9,1,[2 8],15,15,16,0,15
1,<environment.Job instance at 0x153811a93140>,11,2,[1 7],17,17,19,0,17
1,<environment.Job instance at 0x153811a93410>,14,2,[13  2],22,22,24,0,22
1,<environment.Job instance at 0x1538127e3aa0>,15,2,[5 1],23,24,26,1,23
1,<environment.Job instance at 0x1538127e3870>,16,1,[8 2],25,25,26,0,25
1,<environment.Job instance at 0x153811848370>,17,25,[2 7],27,27,52,0,27
1,<environment.Job instance at 0x1538120cd5f0>,48,2,[6 1],77,91,93,14,91
1,<environment.Job instance at 0x15381518ee60>,51,17,[5 1],84,100,117,16,100
1,<environment.Job instance at 0x1538127e2eb0>,61,3,[14  1],102,323,326,221,323
1,<environment.Job instance at 0x1538118b7370>,66,2,[1 6],112,323,325,211,323
1,<environment.Job instance at 0x1538118b7820>,71,22,[7 2],118,326,348,208,325
1,<environment.Job instance at 0x153811d3bb40>,84,2,[5 1],136,357,359,221,357
1,<environment.Job instance at 0x153811ac1500>,20,3,[10  2],34,412,415,378,412
1,<environment.Job instance at 0x153811d3b910>,93,1,[5 1],146,412,413,266,412
1,<environment.Job instance at 0x153811d41af0>,100,2,[9 2],156,431,433,275,431
1,<environment.Job instance at 0x153811d411e0>,101,2,[2 8],157,431,433,274,431
1,<environment.Job instance at 0x153811d41910>,102,1,[1 5],159,431,432,272,431
1,<environment.Job instance at 0x153811d415a0>,103,1,[2 6],160,433,434,273,431
1,<environment.Job instance at 0x153811d41c30>,108,2,[5 2],167,433,435,266,433
1,<environment.Job instance at 0x153811d41690>,109,3,[ 2 13],168,447,450,279,447
1,<environment.Job instance at 0x153811d417d0>,112,1,[7 2],171,447,448,276,447
1,<environment.Job instance at 0x153811d41be0>,115,28,[7 2],175,451,479,276,451
1,<environment.Job instance at 0x15381252f460>,5,2,[2 7],9,481,483,472,481
1,<environment.Job instance at 0x153811d3bdc0>,94,3,[2 6],149,504,507,355,504
1,<environment.Job instance at 0x1538124c9fa0>,14,2,[1 6],22,37,39,15,37
1,<environment.Job instance at 0x153823598910>,19,2,[10  2],28,52,54,24,52
1,<environment.Job instance at 0x153823598af0>,22,2,[2 5],33,55,57,22,55
1,<environment.Job instance at 0x1538121e86e0>,23,1,[10  1],34,55,56,21,55
1,<environment.Job instance at 0x1538121e8e10>,24,24,[2 7],36,55,79,19,55
1,<environment.Job instance at 0x1538121e83c0>,27,18,[2 5],39,75,93,36,75
1,<environment.Job instance at 0x1538121e8870>,31,2,[2 9],48,79,81,31,79
1,<environment.Job instance at 0x1538174c9c80>,40,1,[1 7],61,105,106,44,105
1,<environment.Job instance at 0x1538174c99b0>,41,1,[9 1],65,105,106,40,105
1,<environment.Job instance at 0x1538174c9be0>,42,1,[5 1],66,105,106,39,105
1,<environment.Job instance at 0x1538174c9b90>,43,15,[7 1],67,106,121,39,106
1,<environment.Job instance at 0x1538174c94b0>,44,3,[1 5],69,107,110,38,107
1,<environment.Job instance at 0x1538174c9910>,46,1,[ 1 12],71,110,111,39,107
1,<environment.Job instance at 0x1538212b09b0>,50,1,[13  1],83,121,122,38,107
1,<environment.Job instance at 0x1538212b0780>,52,2,[10  2],86,122,124,36,109
1,<environment.Job instance at 0x1538212b00a0>,54,2,[2 7],88,112,114,24,112
1,<environment.Job instance at 0x1538212b0c30>,55,2,[9 2],89,124,126,35,112
1,<environment.Job instance at 0x1538212b00f0>,56,16,[6 2],90,124,140,34,117
1,<environment.Job instance at 0x1538122b65a0>,65,1,[8 2],101,138,139,37,138
1,<environment.Job instance at 0x1538122b6aa0>,66,1,[ 1 10],103,138,139,35,138
1,<environment.Job instance at 0x1538122b6cd0>,68,2,[8 1],105,141,143,36,141
1,<environment.Job instance at 0x1538119c0730>,70,1,[2 9],110,144,145,34,144
1,<environment.Job instance at 0x1538119c0370>,71,18,[6 1],111,144,162,33,144
1,<environment.Job instance at 0x1538119c05f0>,72,17,[7 1],112,161,178,49,161
1,<environment.Job instance at 0x153811fc3280>,78,3,[ 1 10],124,167,170,43,167
1,<environment.Job instance at 0x153811fc33c0>,81,2,[1 8],128,176,178,48,176
1,<environment.Job instance at 0x153811fc34b0>,85,17,[7 1],133,181,198,48,181
1,<environment.Job instance at 0x153811c325f0>,87,2,[ 1 10],137,185,187,48,185
1,<environment.Job instance at 0x153811c323c0>,88,14,[7 1],138,193,207,55,193
1,<environment.Job instance at 0x15381182db90>,90,1,[7 2],140,198,199,58,196
1,<environment.Job instance at 0x1538211f5960>,94,1,[9 1],147,207,208,60,206
1,<environment.Job instance at 0x1538211f5f50>,97,1,[2 5],151,217,218,66,217
1,<environment.Job instance at 0x153811d61e60>,98,15,[7 1],152,217,232,65,217
1,<environment.Job instance at 0x153811d61af0>,99,3,[1 5],153,217,220,64,217
1,<environment.Job instance at 0x153811d61f50>,100,3,[1 9],154,220,223,66,220
1,<environment.Job instance at 0x153811d61280>,101,1,[2 9],155,223,224,68,220
1,<environment.Job instance at 0x153811d61230>,102,1,[10  1],156,232,233,76,220
1,<environment.Job instance at 0x1538121b9f50>,109,3,[ 2 12],166,231,234,65,231
1,<environment.Job instance at 0x153814dbdaf0>,110,2,[1 7],167,234,236,67,231
1,<environment.Job instance at 0x15381203ee60>,113,13,[6 1],172,234,247,62,234
1,<environment.Job instance at 0x1538212db230>,116,20,[10  2],177,247,267,70,247
1,<environment.Job instance at 0x153823598d20>,17,17,[9 1],25,280,297,255,280
1,<environment.Job instance at 0x1538124c9780>,6,2,[1 6],11,293,295,282,293
1,<environment.Job instance at 0x146fb8b4cfa0>,2,1,[2 5],3,3,4,0,3
1,<environment.Job instance at 0x146f62302c80>,3,1,[6 2],4,4,5,0,4
1,<environment.Job instance at 0x146f62302820>,4,2,[7 2],5,5,7,0,5
1,<environment.Job instance at 0x146f623027d0>,6,18,[8 1],7,7,25,0,7
1,<environment.Job instance at 0x146f62302500>,7,1,[2 6],8,8,9,0,8
1,<environment.Job instance at 0x146f629e8e60>,9,2,[6 1],11,11,13,0,11
1,<environment.Job instance at 0x146f62b40b40>,14,2,[ 1 10],18,18,20,0,18
1,<environment.Job instance at 0x146f62a3d690>,15,1,[ 1 10],20,20,21,0,20
1,<environment.Job instance at 0x146f62b3fa50>,20,2,[ 1 13],27,27,29,0,27
1,<environment.Job instance at 0x146f62a85870>,22,1,[2 7],30,30,31,0,30
1,<environment.Job instance at 0x146f62a850f0>,23,2,[8 1],31,32,34,1,32
1,<environment.Job instance at 0x146f62ac5e60>,25,2,[2 8],34,34,36,0,34
1,<environment.Job instance at 0x146f62a271e0>,26,1,[2 7],35,35,36,0,35
1,<environment.Job instance at 0x146f62a274b0>,27,2,[2 7],36,36,38,0,36
1,<environment.Job instance at 0x146f62a557d0>,28,2,[2 7],37,37,39,0,37
1,<environment.Job instance at 0x146f62a13b40>,33,1,[2 7],43,43,44,0,43
1,<environment.Job instance at 0x146f62a13a50>,34,15,[11  1],44,54,69,10,54
1,<environment.Job instance at 0x146f62a1f320>,38,1,[8 1],51,69,70,18,54
1,<environment.Job instance at 0x146f62a1f050>,41,25,[12  2],54,70,95,16,66
1,<environment.Job instance at 0x146f62a1fa00>,46,2,[2 8],61,66,68,5,66
1,<environment.Job instance at 0x146f62a1f640>,47,1,[1 6],63,66,67,3,66
1,<environment.Job instance at 0x146f62a2a9b0>,48,1,[2 9],65,68,69,3,66
1,<environment.Job instance at 0x146f62a0b8c0>,51,2,[8 2],69,95,97,26,69
1,<environment.Job instance at 0x146f62a13190>,35,2,[1 8],45,70,72,25,70
1,<environment.Job instance at 0x146f62a0b280>,52,2,[1 7],72,72,74,0,72
1,<environment.Job instance at 0x146f62a33730>,54,2,[2 5],75,75,77,0,75
1,<environment.Job instance at 0x146f62560d70>,55,16,[2 5],76,79,95,3,79
1,<environment.Job instance at 0x146f62577140>,64,12,[9 1],91,100,112,9,100
1,<environment.Job instance at 0x146f62558690>,65,3,[2 9],92,100,103,8,100
1,<environment.Job instance at 0x146f62577a00>,67,1,[13  1],94,112,113,18,100
1,<environment.Job instance at 0x146f625767d0>,69,1,[2 5],96,100,101,4,100
1,<environment.Job instance at 0x146f62a63460>,70,2,[ 2 10],97,103,105,6,100
1,<environment.Job instance at 0x146f62578320>,73,2,[6 2],103,105,107,2,103
1,<environment.Job instance at 0x146f622ff1e0>,75,1,[1 6],107,107,108,0,107
1,<environment.Job instance at 0x146f622ff050>,76,2,[2 5],108,108,110,0,108
1,<environment.Job instance at 0x146f622fe370>,77,2,[ 1 10],109,110,112,1,109
1,<environment.Job instance at 0x146f622fee60>,80,14,[7 1],112,113,127,1,112
1,<environment.Job instance at 0x146f622fd3c0>,83,1,[10  1],117,127,128,10,117
1,<environment.Job instance at 0x146f622fd730>,84,2,[ 1 10],118,118,120,0,118
1,<environment.Job instance at 0x146f622fdf50>,85,1,[7 2],120,120,121,0,120
1,<environment.Job instance at 0x146f622fd230>,86,2,[1 8],121,121,123,0,121
1,<environment.Job instance at 0x146f622fdcd0>,87,2,[2 6],122,122,124,0,122
1,<environment.Job instance at 0x146f6230ca00>,88,1,[1 5],123,123,124,0,123
1,<environment.Job instance at 0x146f6230c8c0>,89,2,[1 9],126,126,128,0,126
1,<environment.Job instance at 0x146f6230cd70>,90,1,[2 7],127,128,129,1,127
1,<environment.Job instance at 0x146f6230cf00>,91,1,[2 5],128,128,129,0,128
1,<environment.Job instance at 0x146f6230cf50>,92,15,[7 1],129,129,144,0,129
1,<environment.Job instance at 0x146f623150a0>,93,2,[14  1],130,144,146,14,130
1,<environment.Job instance at 0x146f62315aa0>,99,16,[8 1],137,146,162,9,143
1,<environment.Job instance at 0x146f62315dc0>,102,1,[2 8],141,149,150,8,149
1,<environment.Job instance at 0x146f62315eb0>,103,1,[ 2 10],142,150,151,8,149
1,<environment.Job instance at 0x146f62315f50>,104,1,[ 2 14],143,151,152,8,149
1,<environment.Job instance at 0x146f62316640>,108,2,[ 1 10],150,156,158,6,156
1,<environment.Job instance at 0x146f62316730>,109,3,[11  2],151,185,188,34,185
1,<environment.Job instance at 0x146f62316b90>,110,3,[ 2 10],152,185,188,33,185
1,<environment.Job instance at 0x146f62316cd0>,112,1,[8 1],154,188,189,34,185
1,<environment.Job instance at 0x146f62316fa0>,116,1,[1 6],159,188,189,29,185
1,<environment.Job instance at 0x146f62316e60>,117,1,[1 7],160,188,189,28,185
1,<environment.Job instance at 0x146f6231b0f0>,119,3,[12  1],164,200,203,36,200
1,<environment.Job instance at 0x146f6231b280>,120,1,[1 8],166,200,201,34,200
1,<environment.Job instance at 0x146f6231b460>,123,2,[1 8],169,201,203,32,200
1,<environment.Job instance at 0x146f6231b690>,125,13,[ 1 14],172,216,229,44,216
1,<environment.Job instance at 0x146f6231b1e0>,126,27,[1 8],173,229,256,56,227
1,<environment.Job instance at 0x146f6231b7d0>,128,2,[7 2],175,229,231,54,228
1,<environment.Job instance at 0x146f6231b870>,129,12,[6 1],176,228,240,52,228
1,<environment.Job instance at 0x146f6231d5f0>,134,2,[1 9],188,256,258,68,246
1,<environment.Job instance at 0x146f62a853c0>,24,12,[ 1 10],32,501,513,469,501
1,<environment.Job instance at 0x146f62a35a50>,56,1,[10  2],79,554,555,475,554
1,<environment.Job instance at 0x146f62335eb0>,0,2,[ 2 10],1,1,3,0,1
1,<environment.Job instance at 0x146f64c8a780>,17,2,[8 2],21,33,35,12,33
1,<environment.Job instance at 0x146f64c8adc0>,19,2,[2 5],23,34,36,11,34
1,<environment.Job instance at 0x146f64c87be0>,21,2,[10  1],25,37,39,12,37
1,<environment.Job instance at 0x146f64c8a640>,12,1,[2 9],14,101,102,87,101
1,<environment.Job instance at 0x146f64b9b0a0>,45,2,[7 2],67,101,103,34,101
1,<environment.Job instance at 0x146f64c00d20>,49,1,[7 2],73,104,105,31,104
1,<environment.Job instance at 0x146f64b9be60>,46,2,[2 5],68,104,106,36,104
1,<environment.Job instance at 0x146f64bc5eb0>,51,2,[ 2 12],76,106,108,30,104
1,<environment.Job instance at 0x146f64c006e0>,50,2,[5 2],74,105,107,31,105
1,<environment.Job instance at 0x146f64c8a230>,11,1,[1 7],13,2145,2146,2132,2145
1,<environment.Job instance at 0x146f66066f00>,0,1,[7 2],1,1,2,0,1
1,<environment.Job instance at 0x146f623296e0>,3,1,[6 2],5,5,6,0,5
1,<environment.Job instance at 0x146f64a71a00>,6,2,[ 1 10],9,9,11,0,9
1,<environment.Job instance at 0x146f64a71fa0>,8,2,[2 9],11,11,13,0,11
1,<environment.Job instance at 0x146f64a79230>,23,1,[7 2],36,36,37,0,36
1,<environment.Job instance at 0x146f64a79b90>,28,26,[9 1],44,44,70,0,44
1,<environment.Job instance at 0x146f64d10550>,36,27,[1 7],55,58,85,3,58
1,<environment.Job instance at 0x146f64a85730>,40,1,[2 6],63,63,64,0,63
1,<environment.Job instance at 0x146f64a855a0>,41,2,[1 5],65,65,67,0,65
1,<environment.Job instance at 0x146f64a85140>,42,2,[8 1],66,70,72,4,66
1,<environment.Job instance at 0x146f64a853c0>,44,1,[5 1],69,69,70,0,69
1,<environment.Job instance at 0x146f64a85410>,45,3,[1 5],70,70,73,0,70
1,<environment.Job instance at 0x146f64a85a00>,46,2,[1 9],71,85,87,14,71
1,<environment.Job instance at 0x146f64a85aa0>,48,1,[1 8],75,75,76,0,75
1,<environment.Job instance at 0x146f635707d0>,49,16,[2 6],76,76,92,0,76
1,<environment.Job instance at 0x146f635704b0>,51,2,[8 2],78,78,80,0,78
1,<environment.Job instance at 0x146f63570a00>,54,2,[1 7],82,87,89,5,82
1,<environment.Job instance at 0x146f63570820>,55,15,[1 5],83,89,104,6,86
1,<environment.Job instance at 0x146f63570a50>,58,2,[1 5],88,92,94,4,88
1,<environment.Job instance at 0x146f63570370>,59,15,[10  1],89,89,104,0,89
1,<environment.Job instance at 0x146f63570280>,60,1,[2 8],90,94,95,4,90
1,<environment.Job instance at 0x146f63570320>,61,1,[8 2],91,104,105,13,91
1,<environment.Job instance at 0x146f62ac82d0>,62,14,[14  1],92,105,119,13,93
1,<environment.Job instance at 0x146f62ac80f0>,63,2,[6 1],94,119,121,25,94
1,<environment.Job instance at 0x146f62ac85a0>,66,3,[ 2 11],100,119,122,19,106
1,<environment.Job instance at 0x146f62ac8460>,67,2,[1 7],101,106,108,5,106
1,<environment.Job instance at 0x146f62ac8fa0>,68,1,[1 5],102,108,109,6,106
1,<environment.Job instance at 0x146f62ac8280>,72,2,[ 1 10],106,109,111,3,106
1,<environment.Job instance at 0x146fb8a58140>,74,15,[7 2],108,119,134,11,115
1,<environment.Job instance at 0x146fb4202b40>,77,2,[1 8],111,115,117,4,115
1,<environment.Job instance at 0x146fb4202730>,78,3,[2 8],112,122,125,10,115
1,<environment.Job instance at 0x146fb42025a0>,79,2,[2 8],113,125,127,12,115
1,<environment.Job instance at 0x146f65fa99b0>,81,1,[6 2],118,121,122,3,118
1,<environment.Job instance at 0x146f65fa9460>,82,2,[2 8],119,127,129,8,119
1,<environment.Job instance at 0x146f64e772d0>,83,1,[6 2],121,122,123,1,121
1,<environment.Job instance at 0x146f64e77050>,84,1,[2 9],122,129,130,7,122
1,<environment.Job instance at 0x146f64e77a50>,85,27,[ 2 10],123,130,157,7,128
1,<environment.Job instance at 0x146f64a1a820>,90,2,[ 1 10],130,157,159,27,130
1,<environment.Job instance at 0x146f621e2960>,101,19,[2 9],146,159,178,13,149
1,<environment.Job instance at 0x146f6214e820>,102,13,[12  2],147,192,205,45,192
1,<environment.Job instance at 0x146f621761e0>,104,1,[6 2],149,205,206,56,192
1,<environment.Job instance at 0x146f64e7cd20>,105,2,[1 5],150,192,194,42,192
1,<environment.Job instance at 0x146f65fa6be0>,106,1,[1 7],151,192,193,41,192
1,<environment.Job instance at 0x146f64e7ceb0>,108,2,[1 5],153,193,195,40,192
1,<environment.Job instance at 0x146f62329320>,109,1,[1 9],155,195,196,40,192
1,<environment.Job instance at 0x146f62b0db40>,110,1,[2 5],156,194,195,38,192
1,<environment.Job instance at 0x146f62b0de60>,111,15,[7 1],157,205,220,48,193
1,<environment.Job instance at 0x146f62162eb0>,123,2,[2 6],171,216,218,45,216
1,<environment.Job instance at 0x146f621622d0>,124,3,[9 2],172,220,223,48,216
1,<environment.Job instance at 0x146f6218c8c0>,125,2,[10  2],173,223,225,50,216
1,<environment.Job instance at 0x146f6218c780>,126,16,[10  2],174,232,248,58,232
1,<environment.Job instance at 0x146f6218ccd0>,127,16,[ 2 10],175,232,248,57,232
1,<environment.Job instance at 0x146f6218ce60>,128,2,[1 6],177,248,250,71,232
1,<environment.Job instance at 0x146f6218cc30>,130,2,[7 2],180,248,250,68,232
1,<environment.Job instance at 0x146f62a63f50>,132,2,[1 8],182,250,252,68,232
1,<environment.Job instance at 0x146f64bfbc80>,134,1,[2 5],184,248,249,64,235
1,<environment.Job instance at 0x146f64df7960>,139,25,[12  1],189,250,275,61,247
1,<environment.Job instance at 0x146f64d10690>,32,12,[5 2],48,403,415,355,403
1,<environment.Job instance at 0x146f64d10fa0>,37,15,[2 8],58,429,444,371,429
1,<environment.Job instance at 0x146f63570eb0>,56,3,[1 9],84,471,474,387,471
1,<environment.Job instance at 0x146f621de9b0>,0,2,[10  2],2,2,4,0,2
1,<environment.Job instance at 0x146f61c27af0>,11,2,[7 1],22,22,24,0,22
1,<environment.Job instance at 0x146f62a0f500>,13,1,[7 1],26,26,27,0,26
1,<environment.Job instance at 0x146f74f95500>,21,18,[1 5],37,43,61,6,43
1,<environment.Job instance at 0x146f66020690>,28,2,[ 1 10],50,50,52,0,50
1,<environment.Job instance at 0x146f66020be0>,31,2,[1 6],57,65,67,8,65
1,<environment.Job instance at 0x146f64d7bb40>,37,1,[2 8],69,70,71,1,70
1,<environment.Job instance at 0x146f74f92a50>,38,2,[7 2],70,70,72,0,70
1,<environment.Job instance at 0x146f61bf5050>,39,2,[6 2],71,71,73,0,71
1,<environment.Job instance at 0x146f61bf5fa0>,43,27,[1 7],75,80,107,5,80
1,<environment.Job instance at 0x146f61bd54b0>,47,2,[ 1 10],80,107,109,27,96
1,<environment.Job instance at 0x146f65e9f320>,52,2,[2 9],87,113,115,26,113
1,<environment.Job instance at 0x146f74222af0>,61,1,[ 1 12],106,128,129,22,128
1,<environment.Job instance at 0x146f65f5a410>,64,3,[1 9],111,129,132,18,128
1,<environment.Job instance at 0x146f741f1960>,1,1,[1 7],2,2,3,0,2
1,<environment.Job instance at 0x146f740e7c80>,2,1,[6 2],3,3,4,0,3
1,<environment.Job instance at 0x146f75029e10>,16,25,[9 1],21,21,46,0,21
1,<environment.Job instance at 0x146f62a5e960>,28,1,[9 1],36,46,47,10,41
1,<environment.Job instance at 0x146f62a5e190>,29,17,[2 5],37,44,61,7,44
1,<environment.Job instance at 0x146f62a5edc0>,30,2,[10  2],38,47,49,9,44
1,<environment.Job instance at 0x146f65fdae10>,32,2,[5 2],41,50,52,9,50
1,<environment.Job instance at 0x146f65fda1e0>,33,2,[5 1],42,50,52,8,50
1,<environment.Job instance at 0x146f65fda640>,34,1,[1 7],43,50,51,7,50
1,<environment.Job instance at 0x146f65fdae60>,35,17,[9 1],46,52,69,6,51
1,<environment.Job instance at 0x146f65fdaf00>,36,1,[6 2],47,61,62,14,51
1,<environment.Job instance at 0x146f65fda410>,40,2,[9 1],52,69,71,17,55
1,<environment.Job instance at 0x146f65fdaa50>,41,13,[6 1],54,64,77,10,64
1,<environment.Job instance at 0x146f61b59370>,45,2,[ 1 10],58,71,73,13,64
1,<environment.Job instance at 0x146f61b59a00>,47,17,[12  1],60,77,94,17,74
1,<environment.Job instance at 0x146f61b59280>,52,16,[6 1],67,94,110,27,87
1,<environment.Job instance at 0x146f75091af0>,56,1,[1 8],71,87,88,16,87
1,<environment.Job instance at 0x146f61b59320>,59,1,[6 2],75,94,95,19,93
1,<environment.Job instance at 0x146f629d2dc0>,61,2,[ 1 10],78,93,95,15,93
1,<environment.Job instance at 0x146f629d2230>,63,1,[5 1],80,97,98,17,97
1,<environment.Job instance at 0x146f629d2eb0>,65,2,[7 2],82,109,111,27,109
1,<environment.Job instance at 0x146f629d2410>,68,1,[13  1],85,111,112,26,109
1,<environment.Job instance at 0x146f629d23c0>,70,1,[5 1],87,110,111,23,109
1,<environment.Job instance at 0x146f629d2550>,71,17,[1 8],88,114,131,26,114
1,<environment.Job instance at 0x146f742046e0>,73,2,[8 2],90,114,116,24,114
1,<environment.Job instance at 0x146f74204fa0>,77,22,[8 1],95,119,141,24,119
1,<environment.Job instance at 0x146f74204320>,81,17,[1 7],100,131,148,31,125
1,<environment.Job instance at 0x146f74204d20>,83,2,[2 9],102,148,150,46,125
1,<environment.Job instance at 0x146f74204dc0>,84,2,[2 7],103,131,133,28,125
1,<environment.Job instance at 0x146f74204aa0>,85,18,[6 1],105,141,159,36,141
1,<environment.Job instance at 0x146f742042d0>,88,22,[2 6],109,150,172,41,145
1,<environment.Job instance at 0x146f7439fc30>,89,1,[ 1 14],110,172,173,62,162
1,<environment.Job instance at 0x146f61ca5140>,97,3,[ 2 14],122,173,176,51,169
1,<environment.Job instance at 0x146f74ea4a50>,99,1,[ 2 10],124,176,177,52,169
1,<environment.Job instance at 0x146f74065c30>,101,1,[6 1],127,169,170,42,169
1,<environment.Job instance at 0x146f61d5d460>,102,2,[6 1],129,169,171,40,169
1,<environment.Job instance at 0x146f61ca60f0>,103,17,[1 7],130,177,194,47,171
1,<environment.Job instance at 0x146f65ec3780>,105,2,[7 2],135,176,178,41,173
1,<environment.Job instance at 0x146f65ec39b0>,106,1,[1 5],137,177,178,40,173
1,<environment.Job instance at 0x146f64b356e0>,108,27,[5 1],140,175,202,35,175
1,<environment.Job instance at 0x146f64b35e60>,109,15,[14  1],141,202,217,61,196
1,<environment.Job instance at 0x146f64b350f0>,110,2,[1 9],142,196,198,54,196
1,<environment.Job instance at 0x146f64b35cd0>,112,1,[1 8],144,198,199,54,196
1,<environment.Job instance at 0x146f62ae3460>,119,25,[6 1],155,217,242,62,213
1,<environment.Job instance at 0x146f62ac8a00>,123,2,[ 2 10],162,217,219,55,213
1,<environment.Job instance at 0x146f65fd98c0>,127,22,[2 5],169,219,241,50,213
1,<environment.Job instance at 0x146f65fde460>,130,26,[ 2 13],173,241,267,68,238
1,<environment.Job instance at 0x146f7409baa0>,133,2,[12  1],177,242,244,65,242
1,<environment.Job instance at 0x146f7409bb40>,137,1,[8 1],182,244,245,62,242
1,<environment.Job instance at 0x146f7409b320>,138,2,[10  2],183,245,247,62,242
1,<environment.Job instance at 0x146f776721e0>,141,1,[6 2],187,259,260,72,259
1,<environment.Job instance at 0x146f622eab40>,142,2,[ 1 10],188,267,269,79,259
1,<environment.Job instance at 0x146f64c6e140>,143,2,[2 7],189,269,271,80,259
1,<environment.Job instance at 0x146f62a5e4b0>,19,21,[2 5],25,267,288,242,267
1,<environment.Job instance at 0x146f62a5e8c0>,23,15,[6 1],30,653,668,623,653
1,<environment.Job instance at 0x146f74eedeb0>,5,3,[1 9],12,14,17,2,14
1,<environment.Job instance at 0x146f65fc5730>,13,28,[5 2],24,28,56,4,28
1,<environment.Job instance at 0x146f65fceeb0>,15,2,[ 1 10],26,28,30,2,28
1,<environment.Job instance at 0x146f65fc5690>,7,2,[ 1 11],17,60,62,43,60
1,<environment.Job instance at 0x146f74edab40>,16,3,[ 2 14],27,62,65,35,62
1,<environment.Job instance at 0x146f65fcec80>,18,2,[2 6],29,65,67,36,62
1,<environment.Job instance at 0x146f743b75a0>,32,16,[7 1],45,78,94,33,78
1,<environment.Job instance at 0x146f740259b0>,36,26,[1 6],51,78,104,27,78
1,<environment.Job instance at 0x146f74025eb0>,38,23,[2 6],54,98,121,44,98
1,<environment.Job instance at 0x146f65ec3960>,46,1,[9 1],65,107,108,42,107
1,<environment.Job instance at 0x146f62a38410>,49,3,[12  1],69,211,214,142,211
1,<environment.Job instance at 0x146f62a381e0>,50,20,[8 1],70,214,234,144,211
1,<environment.Job instance at 0x146f74334690>,58,3,[11  1],89,361,364,272,361
1,<environment.Job instance at 0x146f74158910>,3,2,[7 1],6,6,8,0,6
1,<environment.Job instance at 0x146f65f5a190>,4,28,[1 6],7,7,35,0,7
1,<environment.Job instance at 0x146f63576500>,10,2,[ 2 10],16,35,37,19,19
1,<environment.Job instance at 0x146f63576280>,15,1,[1 9],23,23,24,0,23
1,<environment.Job instance at 0x146f63576640>,18,12,[9 1],27,28,40,1,28
1,<environment.Job instance at 0x146f771fd6e0>,19,20,[ 2 11],28,37,57,9,35
1,<environment.Job instance at 0x146f64ea4e10>,43,26,[8 1],58,58,84,0,58
1,<environment.Job instance at 0x146f74e9e640>,46,27,[6 1],61,74,101,13,74
1,<environment.Job instance at 0x146f7416c5f0>,57,28,[14  1],78,102,130,24,102
1,<environment.Job instance at 0x146f740ea9b0>,64,2,[11  2],86,140,142,54,140
1,<environment.Job instance at 0x146f61ff8280>,67,2,[1 5],90,140,142,50,140
1,<environment.Job instance at 0x146f61ff84b0>,68,1,[1 5],91,140,141,49,140
1,<environment.Job instance at 0x146f61ff8e60>,79,2,[12  1],105,162,164,57,162
1,<environment.Job instance at 0x146f61fe4140>,81,1,[2 8],107,162,163,55,162
1,<environment.Job instance at 0x146f61fe45a0>,86,2,[1 8],113,175,177,62,175
1,<environment.Job instance at 0x146f61fc73c0>,104,1,[ 2 13],138,201,202,63,201
1,<environment.Job instance at 0x146f61fc7460>,105,2,[2 5],139,202,204,63,201
1,<environment.Job instance at 0x146f61fe20a0>,115,2,[8 2],152,225,227,73,225
1,<environment.Job instance at 0x146f61fe2870>,125,26,[2 5],169,236,262,67,236
1,<environment.Job instance at 0x146f61fe5d70>,137,2,[ 2 13],189,262,264,73,259
1,<environment.Job instance at 0x146f65f44640>,9,2,[5 1],15,295,297,280,295
1,<environment.Job instance at 0x146f63564370>,21,3,[ 2 10],31,311,314,280,311
1,<environment.Job instance at 0x146f61fd7550>,34,2,[6 2],49,411,413,362,411
1,<environment.Job instance at 0x146f61fd3f50>,1,28,[2 5],3,3,31,0,3
1,<environment.Job instance at 0x146f62202f50>,5,16,[ 1 11],7,54,70,47,54
1,<environment.Job instance at 0x146fbf8dc460>,12,1,[1 6],18,70,71,52,54
1,<environment.Job instance at 0x146f64dd8550>,18,2,[6 1],28,54,56,26,54
1,<environment.Job instance at 0x146f64c6e9b0>,23,25,[9 1],33,56,81,23,54
1,<environment.Job instance at 0x146f74f481e0>,30,1,[6 2],41,71,72,30,71
1,<environment.Job instance at 0x146f74f48e60>,34,1,[2 7],48,74,75,26,74
1,<environment.Job instance at 0x146f64eb3500>,35,2,[ 1 14],50,75,77,25,74
1,<environment.Job instance at 0x146f74f48280>,36,1,[7 2],51,81,82,30,74
1,<environment.Job instance at 0x146f61f54b90>,39,1,[2 5],54,79,80,25,79
1,<environment.Job instance at 0x146f61b58280>,40,2,[1 5],56,79,81,23,79
1,<environment.Job instance at 0x146f61b58e60>,42,17,[10  1],58,93,110,35,93
1,<environment.Job instance at 0x146f65ff4460>,54,1,[ 1 10],75,102,103,27,102
1,<environment.Job instance at 0x146f65ff4c80>,56,2,[9 2],78,110,112,32,105
1,<environment.Job instance at 0x146f64cde870>,58,21,[10  2],82,112,133,30,110
1,<environment.Job instance at 0x146f61b7f3c0>,59,22,[2 9],83,110,132,27,110
1,<environment.Job instance at 0x146f65df4280>,62,13,[1 5],91,132,145,41,122
1,<environment.Job instance at 0x146f61b7fcd0>,63,2,[6 1],93,133,135,40,122
1,<environment.Job instance at 0x146f61c8e460>,64,1,[ 1 12],94,145,146,51,122
1,<environment.Job instance at 0x146f61cbe910>,70,20,[9 1],101,135,155,34,130
1,<environment.Job instance at 0x146f64d555a0>,72,2,[13  1],104,155,157,51,140
1,<environment.Job instance at 0x146f74146a00>,73,1,[12  2],105,157,158,52,145
1,<environment.Job instance at 0x146f741467d0>,74,1,[5 1],106,145,146,39,145
1,<environment.Job instance at 0x146f74146190>,76,2,[6 2],108,146,148,38,145
1,<environment.Job instance at 0x146f65f8f230>,78,2,[1 6],116,148,150,32,145
1,<environment.Job instance at 0x146f65f8f5a0>,80,2,[2 8],120,149,151,29,149
1,<environment.Job instance at 0x146f65f8f050>,81,1,[7 1],123,158,159,35,149
1,<environment.Job instance at 0x146f65f8fc30>,82,2,[2 6],124,150,152,26,149
1,<environment.Job instance at 0x146f65f8f280>,83,3,[6 2],126,152,155,26,150
1,<environment.Job instance at 0x146f64a777d0>,85,2,[5 1],128,158,160,30,150
1,<environment.Job instance at 0x146f64a77230>,87,1,[7 2],130,159,160,29,152
1,<environment.Job instance at 0x146f74387f50>,90,2,[2 5],135,155,157,20,155
1,<environment.Job instance at 0x146f7434c9b0>,7,1,[1 5],10,157,158,147,155
1,<environment.Job instance at 0x146f743874b0>,94,20,[7 2],139,160,180,21,156
1,<environment.Job instance at 0x146f61ca59b0>,104,1,[ 1 13],151,169,170,18,169
1,<environment.Job instance at 0x146f61ca5370>,105,12,[ 1 14],152,180,192,28,180
1,<environment.Job instance at 0x146f61ca5af0>,106,1,[5 2],153,192,193,39,180
1,<environment.Job instance at 0x146f74388820>,108,1,[11  1],163,186,187,23,186
1,<environment.Job instance at 0x146f6356e050>,110,2,[1 6],165,192,194,27,186
1,<environment.Job instance at 0x146f6356e3c0>,111,2,[1 8],166,193,195,27,186
1,<environment.Job instance at 0x146f6356e0f0>,112,1,[6 1],167,187,188,20,186
1,<environment.Job instance at 0x146f6356ec80>,115,1,[2 9],171,195,196,24,186
1,<environment.Job instance at 0x146f6356eaf0>,116,1,[1 5],172,192,193,20,186
1,<environment.Job instance at 0x146f6222a690>,122,2,[9 2],181,203,205,22,203
1,<environment.Job instance at 0x146f6222a140>,123,2,[2 7],185,203,205,18,203
1,<environment.Job instance at 0x146f6222a640>,124,1,[8 1],186,205,206,19,203
1,<environment.Job instance at 0x146f622ef910>,125,15,[7 1],187,205,220,18,203
1,<environment.Job instance at 0x146f74387870>,92,3,[1 7],137,209,212,72,209
1,<environment.Job instance at 0x146f62204870>,6,1,[2 6],8,239,240,231,239
1,<environment.Job instance at 0x146f620389b0>,0,2,[7 2],1,1,3,0,1
1,<environment.Job instance at 0x146f61bae3c0>,1,1,[ 2 10],2,2,3,0,2
1,<environment.Job instance at 0x146f743072d0>,7,2,[1 5],10,11,13,1,11
1,<environment.Job instance at 0x146f64c81d70>,9,2,[10  2],12,12,14,0,12
1,<environment.Job instance at 0x146f74f8b500>,11,1,[1 5],15,15,16,0,15
1,<environment.Job instance at 0x146f7729fa00>,12,2,[1 9],16,16,18,0,16
1,<environment.Job instance at 0x146f7729f870>,13,2,[1 7],19,19,21,0,19
1,<environment.Job instance at 0x146f6213d7d0>,15,19,[5 2],21,21,40,0,21
1,<environment.Job instance at 0x146f61c8e230>,26,16,[1 5],33,39,55,6,39
1,<environment.Job instance at 0x146f74c52b90>,29,17,[12  1],37,67,84,30,67
1,<environment.Job instance at 0x146f61fb9a00>,37,2,[1 7],46,83,85,37,83
1,<environment.Job instance at 0x146f61fb9640>,38,2,[1 6],47,83,85,36,83
1,<environment.Job instance at 0x146f61fb9be0>,40,1,[2 7],50,85,86,35,83
1,<environment.Job instance at 0x146f61fb9c30>,42,3,[ 2 10],52,86,89,34,86
1,<environment.Job instance at 0x146f7434c780>,43,2,[9 1],54,86,88,32,86
1,<environment.Job instance at 0x146f7434c5a0>,44,1,[2 5],55,88,89,33,86
1,<environment.Job instance at 0x146f7434c8c0>,46,2,[2 8],60,89,91,29,86
1,<environment.Job instance at 0x146f7409ae10>,48,15,[10  1],63,96,111,33,96
1,<environment.Job instance at 0x146f64eeb9b0>,54,2,[2 9],70,102,104,32,102
1,<environment.Job instance at 0x146f662fe2d0>,55,2,[8 2],71,111,113,40,102
1,<environment.Job instance at 0x146f662fe9b0>,56,2,[8 1],72,113,115,41,102
1,<environment.Job instance at 0x146f76909fa0>,60,12,[ 2 11],78,119,131,41,119
1,<environment.Job instance at 0x146f7436c0a0>,64,13,[1 5],84,131,144,47,129
1,<environment.Job instance at 0x146f771f47d0>,66,23,[2 5],87,131,154,44,129
1,<environment.Job instance at 0x146f74f372d0>,78,2,[2 8],101,153,155,52,153
1,<environment.Job instance at 0x146f74f37fa0>,79,17,[11  2],102,518,535,416,518
1,<environment.Job instance at 0x146f61ade2d0>,85,18,[2 5],110,529,547,419,529
1,<environment.Job instance at 0x146f75021f00>,90,18,[ 1 14],117,547,565,430,537
1,<environment.Job instance at 0x146f64bf34b0>,98,28,[ 2 10],126,565,593,439,564
1,<environment.Job instance at 0x146f64bf32d0>,100,2,[8 2],128,565,567,437,564
1,<environment.Job instance at 0x146f740cc370>,104,2,[10  1],134,567,569,433,567
1,<environment.Job instance at 0x146f740cccd0>,105,1,[ 1 10],137,593,594,456,567
1,<environment.Job instance at 0x146f740cc910>,106,1,[5 2],138,569,570,431,567
1,<environment.Job instance at 0x146f740ccd20>,107,1,[8 1],139,569,570,430,567
1,<environment.Job instance at 0x146f741a6cd0>,114,2,[2 5],154,574,576,420,574
1,<environment.Job instance at 0x146f741a63c0>,115,19,[ 2 14],155,594,613,439,584
1,<environment.Job instance at 0x146f741a6f50>,116,1,[8 1],156,584,585,428,584
1,<environment.Job instance at 0x146f741a6b90>,118,2,[9 1],159,585,587,426,584
1,<environment.Job instance at 0x146f741a6e60>,123,2,[10  1],166,587,589,421,584
1,<environment.Job instance at 0x146f741a6500>,125,2,[2 5],168,613,615,445,595
1,<environment.Job instance at 0x146f741a6d70>,126,1,[1 7],169,613,614,444,595
1,<environment.Job instance at 0x146f77316960>,127,1,[2 9],170,614,615,444,595
1,<environment.Job instance at 0x146f77316af0>,129,1,[9 2],173,613,614,440,598
1,<environment.Job instance at 0x146f77316a50>,130,1,[7 2],175,615,616,440,598
1,<environment.Job instance at 0x146f76b9c5a0>,136,1,[1 7],182,615,616,433,604
1,<environment.Job instance at 0x146f76b9c780>,138,13,[ 2 11],185,624,637,439,624
1,<environment.Job instance at 0x146f62b1eb90>,8,13,[1 9],11,856,869,845,856
1,<environment.Job instance at 0x146f61c8e780>,22,1,[10  1],28,905,906,877,905
1,<environment.Job instance at 0x146f61c8ed20>,24,1,[1 6],31,942,943,911,942
1,<environment.Job instance at 0x146f65f17cd0>,1,2,[2 8],3,3,5,0,3
1,<environment.Job instance at 0x146f65f170a0>,3,3,[2 8],7,7,10,0,7
1,<environment.Job instance at 0x146f65f09370>,6,2,[10  2],11,11,13,0,11
1,<environment.Job instance at 0x146f61d9bfa0>,7,2,[ 1 10],12,12,14,0,12
1,<environment.Job instance at 0x146f61d9baa0>,9,1,[9 2],15,15,16,0,15
1,<environment.Job instance at 0x146f61d9bf50>,10,1,[7 2],16,16,17,0,16
1,<environment.Job instance at 0x146f64c81050>,11,2,[5 2],17,17,19,0,17
1,<environment.Job instance at 0x146f64c81460>,12,3,[14  2],18,37,40,19,37
1,<environment.Job instance at 0x146f7425eaa0>,19,1,[10  1],29,40,41,11,37
1,<environment.Job instance at 0x146f74f71370>,27,2,[2 6],38,40,42,2,38
1,<environment.Job instance at 0x146f64c3a050>,28,2,[5 2],39,41,43,2,39
1,<environment.Job instance at 0x146f64c3a5f0>,30,2,[1 5],41,41,43,0,41
1,<environment.Job instance at 0x146f64c3a460>,32,1,[10  1],43,45,46,2,45
1,<environment.Job instance at 0x146f61c5ea50>,37,2,[1 8],51,51,53,0,51
1,<environment.Job instance at 0x146f64c14820>,41,2,[1 9],57,57,59,0,57
1,<environment.Job instance at 0x146f772794b0>,46,17,[6 1],65,70,87,5,70
1,<environment.Job instance at 0x146f61a6fd20>,52,26,[2 7],72,77,103,5,77
1,<environment.Job instance at 0x146f74f839b0>,58,25,[1 7],79,94,119,15,94
1,<environment.Job instance at 0x146f64c81140>,14,2,[2 6],22,103,105,81,103
1,<environment.Job instance at 0x146f74f83af0>,65,22,[ 1 10],88,119,141,31,112
1,<environment.Job instance at 0x146f74f085a0>,67,1,[14  1],91,138,139,47,138
1,<environment.Job instance at 0x146f62aa9190>,70,1,[8 1],94,139,140,45,138
1,<environment.Job instance at 0x146f64e03af0>,79,1,[10  1],109,140,141,31,139
1,<environment.Job instance at 0x146f64e03640>,81,2,[8 1],111,142,144,31,142
1,<environment.Job instance at 0x146f7410e050>,82,1,[5 2],112,142,143,30,142
1,<environment.Job instance at 0x146f61ecc870>,84,2,[5 1],114,143,145,29,142
1,<environment.Job instance at 0x146f742fa7d0>,85,17,[1 5],116,144,161,28,144
1,<environment.Job instance at 0x146f64c07550>,95,2,[7 1],126,168,170,42,168
1,<environment.Job instance at 0x146f61966550>,97,1,[2 5],128,168,169,40,168
1,<environment.Job instance at 0x146f64c07140>,98,3,[ 1 11],131,175,178,44,175
1,<environment.Job instance at 0x146f768f7f00>,99,2,[1 9],132,178,180,46,175
1,<environment.Job instance at 0x146f64bc5910>,100,2,[2 5],133,178,180,45,175
1,<environment.Job instance at 0x146f74f830a0>,66,2,[1 6],89,205,207,116,205
1,<environment.Job instance at 0x146f74f51eb0>,112,3,[7 1],149,205,208,56,205
1,<environment.Job instance at 0x146f66027820>,115,1,[1 9],152,207,208,55,205
1,<environment.Job instance at 0x146f64efdd20>,113,2,[2 7],150,205,207,55,205
1,<environment.Job instance at 0x146f6600fb40>,117,2,[1 8],155,208,210,53,205
1,<environment.Job instance at 0x146f66027fa0>,116,18,[5 2],153,209,227,56,209
1,<environment.Job instance at 0x146f6600f820>,121,3,[ 1 14],160,227,230,67,218
1,<environment.Job instance at 0x146f6600f5f0>,123,2,[8 1],163,221,223,58,221
1,<environment.Job instance at 0x146f74f4a8c0>,127,2,[2 7],169,230,232,61,227
1,<environment.Job instance at 0x146f6600f140>,118,16,[1 6],156,238,254,82,238
1,<environment.Job instance at 0x146f61fb65f0>,134,1,[8 2],177,259,260,82,259
1,<environment.Job instance at 0x146f65ee6aa0>,136,1,[5 1],179,259,260,80,259
1,<environment.Job instance at 0x146f65ee6dc0>,137,2,[2 8],180,259,261,79,259
1,<environment.Job instance at 0x146f65ee6d70>,140,2,[10  1],184,260,262,76,259
1,<environment.Job instance at 0x146f65ee68c0>,141,22,[5 1],186,261,283,75,259
1,<environment.Job instance at 0x146f65f8ee10>,130,2,[1 9],173,273,275,100,273
1,<environment.Job instance at 0x146f64c81c80>,13,2,[1 7],21,338,340,317,338
1,<environment.Job instance at 0x146f64c81af0>,15,3,[6 1],24,1480,1483,1456,1480
1,<environment.Job instance at 0x146f64c817d0>,2,2,[5 2],3,3,5,0,3
1,<environment.Job instance at 0x146f74f69f00>,5,2,[2 8],7,7,9,0,7
1,<environment.Job instance at 0x146f74f69d70>,12,2,[8 1],16,17,19,1,17
1,<environment.Job instance at 0x146f74f692d0>,13,2,[8 1],17,19,21,2,17
1,<environment.Job instance at 0x146f61c07320>,16,18,[2 5],20,23,41,3,23
1,<environment.Job instance at 0x146f74f695f0>,8,1,[ 2 10],11,573,574,562,573
1,<environment.Job instance at 0x146f61c07c80>,18,18,[ 2 11],22,1128,1146,1106,1128
1,<environment.Job instance at 0x146f61c07e10>,21,2,[ 1 13],25,1146,1148,1121,1133
1,<environment.Job instance at 0x146f74ef29b0>,31,2,[11  1],38,1143,1145,1105,1143
1,<environment.Job instance at 0x146f74ef2b90>,32,1,[8 2],39,1145,1146,1106,1143
1,<environment.Job instance at 0x146f74ef2cd0>,34,28,[ 2 10],41,1148,1176,1107,1147
1,<environment.Job instance at 0x146f74ef2eb0>,51,2,[ 1 11],67,1176,1178,1109,1171
1,<environment.Job instance at 0x146f61c07500>,19,2,[1 6],23,1438,1440,1415,1438
1,<environment.Job instance at 0x146f74ef2e60>,53,16,[ 1 12],69,1510,1526,1441,1510
1,<environment.Job instance at 0x146f64eeb500>,66,2,[1 6],89,1526,1528,1437,1524
1,<environment.Job instance at 0x146f64eeb050>,67,2,[8 1],93,1525,1527,1432,1525
1,<environment.Job instance at 0x146f64eeb9b0>,69,1,[2 8],96,1527,1528,1431,1527
1,<environment.Job instance at 0x146f61f888c0>,84,23,[9 1],120,1556,1579,1436,1556
1,<environment.Job instance at 0x146f74ef2a50>,54,1,[1 5],70,1585,1586,1515,1585
1,<environment.Job instance at 0x146f740efb90>,107,2,[14  2],154,1627,1629,1473,1627
1,<environment.Job instance at 0x146f740ef140>,109,1,[14  2],156,1630,1631,1474,1630
1,<environment.Job instance at 0x146f740efaf0>,115,2,[1 8],163,1630,1632,1467,1630
1,<environment.Job instance at 0x146f740ef7d0>,117,2,[2 8],167,1633,1635,1466,1633
1,<environment.Job instance at 0x146f62265f00>,124,1,[6 2],178,1667,1668,1489,1667
1,<environment.Job instance at 0x146f62265b90>,125,1,[6 1],179,1668,1669,1489,1668
1,<environment.Job instance at 0x146f62265870>,126,1,[8 1],180,1668,1669,1488,1668
1,<environment.Job instance at 0x146f62265cd0>,127,1,[5 1],183,1669,1670,1486,1668
1,<environment.Job instance at 0x146f659e6370>,128,2,[1 9],184,1668,1670,1484,1668
1,<environment.Job instance at 0x146f659e64b0>,129,3,[ 2 10],186,1670,1673,1484,1668
1,<environment.Job instance at 0x146f74f696e0>,10,1,[1 5],14,1694,1695,1680,1694
1,<environment.Job instance at 0x146f61f88cd0>,95,3,[6 2],134,1725,1728,1591,1725
1,<environment.Job instance at 0x146f61c102d0>,0,2,[ 1 10],1,1,3,0,1
1,<environment.Job instance at 0x146f74f28320>,1,1,[ 2 10],2,3,4,1,2
1,<environment.Job instance at 0x146f74f365f0>,5,2,[ 1 10],10,10,12,0,10
1,<environment.Job instance at 0x146f64d49c80>,11,2,[14  1],17,41,43,24,41
1,<environment.Job instance at 0x146f6194b0a0>,13,1,[5 2],21,43,44,22,41
1,<environment.Job instance at 0x146f6194beb0>,8,1,[1 8],13,41,42,28,41
1,<environment.Job instance at 0x146f619794b0>,17,2,[1 8],26,42,44,16,41
1,<environment.Job instance at 0x146f64e0fc30>,16,14,[1 7],24,44,58,20,43
1,<environment.Job instance at 0x146f65f48370>,28,1,[1 7],47,63,64,16,63
1,<environment.Job instance at 0x146f65f48910>,29,14,[7 1],49,74,88,25,74
1,<environment.Job instance at 0x146f742aaa00>,35,2,[2 6],60,83,85,23,83
1,<environment.Job instance at 0x146f62a639b0>,40,1,[1 9],68,98,99,30,98
1,<environment.Job instance at 0x146f65fa5a00>,53,2,[2 5],94,115,117,21,115
1,<environment.Job instance at 0x146f6356acd0>,19,1,[2 9],28,453,454,425,453
1,<environment.Job instance at 0x146f6194bf50>,4,1,[1 5],7,7,8,0,7
1,<environment.Job instance at 0x146f61c24500>,13,21,[6 2],22,23,44,1,23
1,<environment.Job instance at 0x146f61e3ebe0>,26,27,[7 1],41,41,68,0,41
1,<environment.Job instance at 0x146f64d07eb0>,39,1,[2 7],63,66,67,3,66
1,<environment.Job instance at 0x146f64d07b90>,42,23,[1 9],66,72,95,6,72
1,<environment.Job instance at 0x146f6203d6e0>,55,1,[10  2],91,93,94,2,93
1,<environment.Job instance at 0x146f64c96f00>,60,2,[6 2],98,101,103,3,101
1,<environment.Job instance at 0x146f64c96370>,67,2,[1 8],111,117,119,6,117
1,<environment.Job instance at 0x146f64c96230>,68,1,[8 2],113,117,118,4,117
1,<environment.Job instance at 0x146f64c96e60>,70,2,[2 8],116,130,132,14,130
1,<environment.Job instance at 0x146f64c96aa0>,71,2,[7 2],117,130,132,13,130
1,<environment.Job instance at 0x146f65df4960>,72,2,[13  1],118,132,134,14,130
1,<environment.Job instance at 0x146f65df4b90>,73,2,[1 7],119,132,134,13,130
1,<environment.Job instance at 0x146f65df4820>,80,21,[2 6],129,135,156,6,135
1,<environment.Job instance at 0x146f61ab9640>,88,1,[6 2],140,160,161,20,160
1,<environment.Job instance at 0x146f61ab9dc0>,89,16,[7 1],141,160,176,19,160
1,<environment.Job instance at 0x146f61ab98c0>,96,2,[1 6],150,177,179,27,177
1,<environment.Job instance at 0x146f64b180f0>,97,24,[9 2],151,177,201,26,177
1,<environment.Job instance at 0x146f64b188c0>,102,14,[9 1],159,202,216,43,202
1,<environment.Job instance at 0x146f64b18d70>,103,1,[1 9],160,202,203,42,202
1,<environment.Job instance at 0x146f64b18230>,104,1,[10  2],161,216,217,55,202
1,<environment.Job instance at 0x146f64b180a0>,106,1,[6 2],165,203,204,38,202
1,<environment.Job instance at 0x146f64b2b910>,114,1,[ 2 10],175,216,217,41,216
1,<environment.Job instance at 0x146f64b2bfa0>,115,2,[2 8],178,217,219,39,216
1,<environment.Job instance at 0x146f64b2bb90>,116,16,[8 1],180,222,238,42,222
1,<environment.Job instance at 0x146f64b2b320>,120,2,[1 9],187,222,224,35,222
1,<environment.Job instance at 0x146f742875a0>,23,3,[2 9],37,237,240,200,237
1,<environment.Job instance at 0x146f74287460>,24,14,[ 1 10],38,249,263,211,249
1,<environment.Job instance at 0x146f61a6ad20>,25,18,[2 8],39,814,832,775,814
1,<environment.Job instance at 0x146f77665eb0>,0,2,[ 2 10],2,2,4,0,2
1,<environment.Job instance at 0x146f622bbd20>,2,1,[2 5],4,4,5,0,4
1,<environment.Job instance at 0x146f622bb190>,3,2,[5 1],5,5,7,0,5
1,<environment.Job instance at 0x146f64dba8c0>,17,1,[8 2],26,26,27,0,26
1,<environment.Job instance at 0x146f74f7bb90>,21,1,[1 6],32,32,33,0,32
1,<environment.Job instance at 0x146f741e95f0>,22,1,[8 1],36,36,37,0,36
1,<environment.Job instance at 0x146f61b493c0>,23,1,[10  1],37,37,38,0,37
1,<environment.Job instance at 0x146f74f36140>,30,2,[2 8],45,45,47,0,45
1,<environment.Job instance at 0x146f7414a5f0>,32,3,[13  1],47,258,261,211,258
1,<environment.Job instance at 0x146f7414a2d0>,46,26,[ 2 10],71,259,285,188,259
1,<environment.Job instance at 0x146f7414afa0>,52,14,[13  1],83,733,747,650,733
1,<environment.Job instance at 0x146f64c33dc0>,62,1,[5 1],94,747,748,653,746
1,<environment.Job instance at 0x146f64c330a0>,63,2,[2 7],95,746,748,651,746
1,<environment.Job instance at 0x146f74e9cc30>,64,2,[9 1],96,748,750,652,746
1,<environment.Job instance at 0x146f64c335f0>,65,1,[1 8],97,748,749,651,746
1,<environment.Job instance at 0x146f74e80780>,66,2,[10  2],98,750,752,652,746
1,<environment.Job instance at 0x146f61c10230>,70,23,[5 2],104,752,775,648,752
1,<environment.Job instance at 0x146f74146a50>,76,3,[ 2 12],112,782,785,670,782
1,<environment.Job instance at 0x146f74276a00>,77,12,[11  1],113,1261,1273,1148,1261
1,<environment.Job instance at 0x146f7414ad20>,36,1,[10  1],55,1290,1291,1235,1290
1,<environment.Job instance at 0x146f662d4320>,93,1,[2 6],138,1290,1291,1152,1290
1,<environment.Job instance at 0x146f662d42d0>,96,1,[7 2],142,1291,1292,1149,1290
1,<environment.Job instance at 0x146f7414aeb0>,34,1,[2 9],49,1293,1294,1244,1293
1,<environment.Job instance at 0x146f662d4280>,97,12,[1 5],143,1299,1311,1156,1299
1,<environment.Job instance at 0x146f662d4eb0>,99,1,[5 1],145,1299,1300,1154,1299
1,<environment.Job instance at 0x146f662d4640>,101,2,[2 7],148,1299,1301,1151,1299
1,<environment.Job instance at 0x146f61745fa0>,104,26,[2 6],152,1308,1334,1156,1308
1,<environment.Job instance at 0x146f64ecaeb0>,111,2,[5 1],159,1331,1333,1172,1331
1,<environment.Job instance at 0x146f64ecadc0>,113,1,[1 9],163,1333,1334,1170,1332
1,<environment.Job instance at 0x146f64eca2d0>,114,21,[2 7],164,1334,1355,1170,1332
1,<environment.Job instance at 0x146f64eca230>,117,2,[9 2],167,1334,1336,1167,1333
1,<environment.Job instance at 0x146f64eca7d0>,118,2,[7 1],168,1336,1338,1168,1335
1,<environment.Job instance at 0x146f64eca910>,120,27,[2 7],170,1336,1363,1166,1335
1,<environment.Job instance at 0x146f64ecac30>,121,1,[1 9],171,1363,1364,1192,1335
1,<environment.Job instance at 0x146f64ecae60>,127,3,[ 2 13],184,1367,1370,1183,1367
1,<environment.Job instance at 0x146f64eca550>,128,2,[2 8],185,1370,1372,1185,1367
1,<environment.Job instance at 0x146f64ecac80>,130,21,[1 5],189,1370,1391,1181,1367
1,<environment.Job instance at 0x146f7414a370>,33,3,[2 9],48,1392,1395,1344,1392
1,<environment.Job instance at 0x146f662d4fa0>,98,2,[1 9],144,1401,1403,1257,1401
1,<environment.Job instance at 0x146f7414a780>,1,2,[1 6],2,2,4,0,2
1,<environment.Job instance at 0x146f662e2dc0>,2,2,[5 2],3,3,5,0,3
1,<environment.Job instance at 0x146f662e2140>,3,1,[5 1],4,4,5,0,4
1,<environment.Job instance at 0x146f61b885a0>,14,2,[2 8],18,18,20,0,18
1,<environment.Job instance at 0x146f61b88550>,15,2,[1 8],19,20,22,1,19
1,<environment.Job instance at 0x146f768f72d0>,16,2,[7 1],20,20,22,0,20
1,<environment.Job instance at 0x146f6192bc30>,17,2,[2 9],21,22,24,1,21
1,<environment.Job instance at 0x146f75010eb0>,18,1,[1 7],22,24,25,2,22
1,<environment.Job instance at 0x146f622f9a50>,19,2,[7 1],23,24,26,1,24
1,<environment.Job instance at 0x146f622f9280>,22,3,[6 2],27,27,30,0,27
1,<environment.Job instance at 0x146f76b94d70>,25,2,[2 7],32,32,34,0,32
1,<environment.Job instance at 0x146f76b946e0>,26,1,[2 7],33,33,34,0,33
1,<environment.Job instance at 0x146f76b94dc0>,27,2,[5 1],34,34,36,0,34
1,<environment.Job instance at 0x146f64b445a0>,28,1,[2 9],36,36,37,0,36
1,<environment.Job instance at 0x146f64b44dc0>,29,1,[ 1 10],38,38,39,0,38
1,<environment.Job instance at 0x146f64b44aa0>,31,1,[1 7],40,40,41,0,40
1,<environment.Job instance at 0x146f64b44e60>,33,2,[9 2],42,42,44,0,42
1,<environment.Job instance at 0x146f64b44870>,34,22,[2 8],44,45,67,1,45
1,<environment.Job instance at 0x146f64b44fa0>,37,2,[ 1 12],47,67,69,20,53
1,<environment.Job instance at 0x146f629d2aa0>,43,1,[ 1 10],57,69,70,12,57
1,<environment.Job instance at 0x146f65f61370>,48,2,[2 8],63,70,72,7,63
1,<environment.Job instance at 0x146f61fac0f0>,50,2,[8 1],67,67,69,0,67
1,<environment.Job instance at 0x146f61faceb0>,52,13,[2 5],72,72,85,0,72
1,<environment.Job instance at 0x146f662d63c0>,55,14,[7 1],75,81,95,6,81
1,<environment.Job instance at 0x146f62236910>,62,14,[2 5],82,91,105,9,91
1,<environment.Job instance at 0x146f62236500>,63,1,[10  2],85,95,96,10,91
1,<environment.Job instance at 0x146f62236eb0>,64,1,[5 1],86,91,92,5,91
1,<environment.Job instance at 0x146f64b036e0>,66,2,[5 1],88,92,94,4,91
1,<environment.Job instance at 0x146f64b03960>,67,15,[9 2],90,103,118,13,103
1,<environment.Job instance at 0x146f64b03f50>,72,1,[2 8],97,109,110,12,109
1,<environment.Job instance at 0x146f64b03a50>,73,1,[5 1],98,110,111,12,109
1,<environment.Job instance at 0x146f64b03500>,76,2,[6 2],105,116,118,11,116
1,<environment.Job instance at 0x146f659e6c30>,79,18,[ 1 10],110,125,143,15,125
1,<environment.Job instance at 0x146f659e6fa0>,83,2,[8 1],114,140,142,26,140
1,<environment.Job instance at 0x146f659e6460>,84,1,[10  1],115,142,143,27,140
1,<environment.Job instance at 0x146f659e60a0>,85,2,[5 1],116,140,142,24,140
1,<environment.Job instance at 0x146f659e6dc0>,86,1,[1 6],117,143,144,26,140
1,<environment.Job instance at 0x146f659e6320>,88,3,[9 2],120,143,146,23,141
1,<environment.Job instance at 0x146f659e6a50>,89,13,[ 1 14],122,146,159,24,146
1,<environment.Job instance at 0x146f662ebeb0>,93,2,[2 6],129,159,161,30,155
1,<environment.Job instance at 0x146f662eb7d0>,96,2,[7 2],132,159,161,27,157
1,<environment.Job instance at 0x146f662ebf00>,97,2,[9 1],134,157,159,23,157
1,<environment.Job instance at 0x146f662eb910>,98,2,[2 6],138,159,161,21,157
1,<environment.Job instance at 0x146f662eb0f0>,101,3,[2 5],144,161,164,17,159
1,<environment.Job instance at 0x146f662eb960>,102,21,[1 9],145,161,182,16,160
1,<environment.Job instance at 0x146f7506d8c0>,106,18,[10  1],151,178,196,27,178
1,<environment.Job instance at 0x146f7506da00>,108,2,[13  2],153,196,198,43,186
1,<environment.Job instance at 0x146f7506da50>,111,16,[1 8],157,188,204,31,188
1,<environment.Job instance at 0x146f742fb500>,117,16,[9 1],166,202,218,36,202
1,<environment.Job instance at 0x146f742fb370>,118,1,[1 9],167,204,205,37,202
1,<environment.Job instance at 0x146f742fb1e0>,119,1,[8 1],168,218,219,50,202
1,<environment.Job instance at 0x146f742fbb40>,121,1,[1 6],171,202,203,31,202
1,<environment.Job instance at 0x146f742fb7d0>,125,2,[1 7],176,205,207,29,203
1,<environment.Job instance at 0x146f662d4320>,129,1,[ 2 10],181,207,208,26,207
1,<environment.Job instance at 0x146f662d47d0>,131,1,[2 8],183,217,218,34,217
1,<environment.Job instance at 0x146f662d4230>,133,1,[2 8],185,218,219,33,217
1,<environment.Job instance at 0x146f65e18690>,137,2,[8 1],189,224,226,35,224
1,<environment.Job instance at 0x146f622f9910>,20,13,[8 2],24,374,387,350,374
1,<environment.Job instance at 0x146f64b44690>,35,13,[1 5],45,451,464,406,451
1,<environment.Job instance at 0x146f77655eb0>,1,1,[11  2],2,2,3,0,2
1,<environment.Job instance at 0x146f74eab0a0>,8,15,[14  1],10,22,37,12,22
1,<environment.Job instance at 0x146f62545fa0>,23,28,[2 9],36,37,65,1,36
1,<environment.Job instance at 0x146f61ad6960>,38,2,[1 9],52,65,67,13,59
1,<environment.Job instance at 0x146f64c862d0>,41,22,[5 2],59,60,82,1,60
1,<environment.Job instance at 0x146f74f66af0>,45,1,[ 1 11],66,71,72,5,71
1,<environment.Job instance at 0x146f742a3aa0>,47,19,[7 2],68,71,90,3,71
1,<environment.Job instance at 0x146f622a2460>,55,25,[7 2],78,88,113,10,88
1,<environment.Job instance at 0x146f74eab820>,10,14,[1 8],13,118,132,105,118
1,<environment.Job instance at 0x146f741cac80>,59,18,[ 1 12],82,132,150,50,124
1,<environment.Job instance at 0x146f64ebc5f0>,75,18,[7 1],105,148,166,43,148
1,<environment.Job instance at 0x146f741caf00>,60,2,[ 1 10],83,150,152,67,149
1,<environment.Job instance at 0x146f74304cd0>,82,1,[ 2 12],112,152,153,40,150
1,<environment.Job instance at 0x146f741c6f50>,83,2,[ 1 10],113,153,155,40,150
1,<environment.Job instance at 0x146f61fecc80>,93,1,[ 2 10],127,167,168,40,167
1,<environment.Job instance at 0x146f61fecf50>,96,2,[1 5],132,167,169,35,167
1,<environment.Job instance at 0x146f61fec780>,97,21,[5 2],134,170,191,36,170
1,<environment.Job instance at 0x146f74f48cd0>,113,2,[6 2],157,191,193,34,191
1,<environment.Job instance at 0x146f61ae3870>,115,1,[1 7],159,191,192,32,191
1,<environment.Job instance at 0x146f61ae3dc0>,118,2,[5 1],164,193,195,29,193
1,<environment.Job instance at 0x146f64ce50f0>,120,1,[10  2],168,194,195,26,194
1,<environment.Job instance at 0x146f64ce5d70>,121,27,[6 1],169,195,222,26,194
1,<environment.Job instance at 0x146f61d36280>,0,1,[9 2],1,1,2,0,1
1,<environment.Job instance at 0x146f740e3f00>,1,1,[6 2],3,3,4,0,3
1,<environment.Job instance at 0x146f62ac8230>,3,2,[2 8],5,5,7,0,5
1,<environment.Job instance at 0x146f61d36c80>,5,1,[12  1],8,8,9,0,8
1,<environment.Job instance at 0x146f62ac8140>,9,1,[ 1 11],14,16,17,2,16
1,<environment.Job instance at 0x146f62ac8cd0>,11,1,[ 2 10],19,19,20,0,19
1,<environment.Job instance at 0x146f61e782d0>,13,1,[1 6],21,21,22,0,21
1,<environment.Job instance at 0x146f62ac8780>,10,3,[1 9],16,24,27,8,24
1,<environment.Job instance at 0x146f61e78050>,20,26,[1 7],30,33,59,3,33
1,<environment.Job instance at 0x146f61e7a780>,36,25,[ 1 10],51,59,84,8,55
1,<environment.Job instance at 0x146f61e7af50>,37,3,[13  1],52,173,176,121,173
1,<environment.Job instance at 0x146f64f38dc0>,41,1,[1 5],58,173,174,115,173
1,<environment.Job instance at 0x146f62b0fb90>,49,2,[2 7],72,174,176,102,173
1,<environment.Job instance at 0x146f62b0f500>,52,2,[2 6],77,177,179,100,177
1,<environment.Job instance at 0x146f62b0f3c0>,59,1,[1 9],88,193,194,105,193
1,<environment.Job instance at 0x146f62b0f640>,61,17,[8 1],92,202,219,110,202
1,<environment.Job instance at 0x146f62b0f820>,65,3,[13  1],97,238,241,141,238
1,<environment.Job instance at 0x146f62b0fa00>,68,3,[11  1],102,272,275,170,272
1,<environment.Job instance at 0x146f64f3aaf0>,77,1,[ 2 10],112,273,274,161,273
1,<environment.Job instance at 0x146f64f3ad20>,78,2,[5 2],114,275,277,161,273
1,<environment.Job instance at 0x146f64f3a3c0>,92,2,[2 5],135,301,303,166,301
1,<environment.Job instance at 0x146f62311410>,93,2,[1 6],136,303,305,167,303
1,<environment.Job instance at 0x146f6232f910>,1,2,[7 2],2,2,4,0,2
1,<environment.Job instance at 0x146f62acaeb0>,2,1,[10  2],3,4,5,1,3
1,<environment.Job instance at 0x146f61a8f370>,4,2,[6 2],6,6,8,0,6
1,<environment.Job instance at 0x146f61a8f690>,6,3,[14  2],8,12,15,4,12
1,<environment.Job instance at 0x146f62148140>,9,1,[7 2],14,15,16,1,14
1,<environment.Job instance at 0x146f62065a00>,10,1,[5 1],15,15,16,0,15
1,<environment.Job instance at 0x146f619d0b90>,7,2,[8 1],11,17,19,6,17
1,<environment.Job instance at 0x146f64a937d0>,11,2,[5 1],18,18,20,0,18
1,<environment.Job instance at 0x146f65e14870>,12,2,[2 7],19,19,21,0,19
1,<environment.Job instance at 0x146f622bf730>,14,3,[5 2],22,22,25,0,22
1,<environment.Job instance at 0x146fb420b190>,16,1,[2 8],25,25,26,0,25
1,<environment.Job instance at 0x146f74eaf2d0>,17,1,[6 2],26,26,27,0,26
1,<environment.Job instance at 0x146f74eaf0a0>,18,2,[1 7],27,27,29,0,27
1,<environment.Job instance at 0x146f65eb3dc0>,19,23,[10  2],28,28,51,0,28
1,<environment.Job instance at 0x146f740d0780>,21,2,[13  2],32,51,53,19,35
1,<environment.Job instance at 0x146f740d0230>,24,25,[2 7],37,37,62,0,37
1,<environment.Job instance at 0x146f64a1a780>,34,1,[1 7],53,53,54,0,53
1,<environment.Job instance at 0x146f65e14be0>,8,20,[1 9],12,62,82,50,62
1,<environment.Job instance at 0x146f620cb0a0>,68,3,[14  1],112,182,185,70,182
1,<environment.Job instance at 0x146f620cb190>,69,2,[2 7],115,185,187,70,182
1,<environment.Job instance at 0x146f61e00fa0>,78,22,[7 2],128,187,209,59,187
1,<environment.Job instance at 0x146f74eed3c0>,91,2,[5 1],146,216,218,70,216
1,<environment.Job instance at 0x146f74eedc30>,92,1,[8 1],147,216,217,69,216
1,<environment.Job instance at 0x146f74eedb40>,95,21,[1 8],150,230,251,80,230
1,<environment.Job instance at 0x146f74eedbe0>,108,2,[2 8],167,278,280,111,278
1,<environment.Job instance at 0x146f74eedd20>,109,1,[1 5],169,278,279,109,278
1,<environment.Job instance at 0x146f74eeda50>,110,1,[2 6],170,279,280,109,279
1,<environment.Job instance at 0x146f74eedaa0>,111,1,[5 1],171,279,280,108,279
1,<environment.Job instance at 0x146f74eed410>,112,1,[2 6],173,280,281,107,279
1,<environment.Job instance at 0x146f621f1af0>,116,3,[ 2 13],178,321,324,143,321
1,<environment.Job instance at 0x146f621f1d70>,122,28,[7 2],185,325,353,140,325
1,<environment.Job instance at 0x146f65f36be0>,45,3,[6 2],68,363,366,295,363
1,<environment.Job instance at 0x146f740d0e10>,22,2,[5 1],33,386,388,353,386
1,<environment.Job instance at 0x146f65f640f0>,0,2,[6 1],2,2,4,0,2
1,<environment.Job instance at 0x146f74f8a6e0>,6,2,[1 6],11,11,13,0,11
1,<environment.Job instance at 0x146f6257dd70>,7,1,[1 8],12,12,13,0,12
1,<environment.Job instance at 0x146f64c936e0>,10,2,[ 1 10],18,18,20,0,18
1,<environment.Job instance at 0x146f622dfaf0>,19,2,[10  2],28,37,39,9,37
1,<environment.Job instance at 0x146f743ba0a0>,24,24,[2 7],36,54,78,18,54
1,<environment.Job instance at 0x146f74c6f500>,31,2,[2 9],48,83,85,35,83
1,<environment.Job instance at 0x146f61ad2730>,33,2,[1 8],50,85,87,35,83
1,<environment.Job instance at 0x146f61fe8f00>,41,1,[9 1],65,96,97,31,96
1,<environment.Job instance at 0x146f61e9bc30>,42,1,[5 1],66,96,97,30,96
1,<environment.Job instance at 0x146f662a32d0>,45,1,[1 5],70,96,97,26,96
1,<environment.Job instance at 0x146f662a3c30>,46,1,[ 1 12],71,97,98,26,96
1,<environment.Job instance at 0x146f662a3870>,47,1,[8 1],74,97,98,23,96
1,<environment.Job instance at 0x146f64c8f140>,50,1,[13  1],83,98,99,15,97
1,<environment.Job instance at 0x146f74f480f0>,52,2,[10  2],86,99,101,13,99
1,<environment.Job instance at 0x146f74f486e0>,54,2,[2 7],88,101,103,13,101
1,<environment.Job instance at 0x146f6228e0f0>,55,2,[9 2],89,102,104,13,102
1,<environment.Job instance at 0x146f64ca8d20>,61,2,[1 9],96,111,113,15,111
1,<environment.Job instance at 0x146f64ce8fa0>,65,1,[8 2],101,126,127,25,126
1,<environment.Job instance at 0x146f662e5780>,66,1,[ 1 10],103,126,127,23,126
1,<environment.Job instance at 0x146f76960a00>,70,1,[2 9],110,127,128,17,126
1,<environment.Job instance at 0x146f64d7c730>,72,17,[7 1],112,148,165,36,148
1,<environment.Job instance at 0x146f64d6d050>,81,2,[1 8],128,162,164,34,162
1,<environment.Job instance at 0x146f64d6d0a0>,82,3,[5 1],129,163,166,34,163
1,<environment.Job instance at 0x146f64d6ddc0>,83,1,[1 9],130,164,165,34,163
1,<environment.Job instance at 0x146f6184c370>,85,17,[7 1],133,165,182,32,163
1,<environment.Job instance at 0x146f7423fd20>,93,3,[ 2 10],146,182,185,36,182
1,<environment.Job instance at 0x146f63fec2d0>,94,1,[9 1],147,182,183,35,182
1,<environment.Job instance at 0x146f74ea7d20>,101,1,[2 9],155,197,198,42,197
1,<environment.Job instance at 0x146f61efeaa0>,108,2,[9 1],165,207,209,42,207
1,<environment.Job instance at 0x146f61efe820>,109,3,[ 2 12],166,212,215,46,212
1,<environment.Job instance at 0x146f61efea00>,110,2,[1 7],167,215,217,48,212
1,<environment.Job instance at 0x146f621b9460>,115,1,[6 2],174,218,219,44,218
1,<environment.Job instance at 0x146f621b93c0>,120,22,[1 5],181,247,269,66,247
1,<environment.Job instance at 0x146f662e4640>,5,3,[6 1],10,268,271,258,268
1,<environment.Job instance at 0x146f65f64be0>,3,13,[1 9],6,440,453,434,440
1,<environment.Job instance at 0x146f76b9c230>,13,19,[2 7],21,526,545,505,526
1,<environment.Job instance at 0x146f64dd8050>,0,1,[10  2],1,1,2,0,1
1,<environment.Job instance at 0x146f64c93320>,1,1,[5 2],3,3,4,0,3
1,<environment.Job instance at 0x146f7430fd20>,2,1,[2 6],4,4,5,0,4
1,<environment.Job instance at 0x146f7430f960>,3,1,[5 2],6,6,7,0,6
1,<environment.Job instance at 0x146f622f76e0>,7,2,[6 1],14,14,16,0,14
1,<environment.Job instance at 0x146f65ebc780>,19,2,[1 8],31,31,33,0,31
1,<environment.Job instance at 0x146f62a19960>,22,12,[ 1 13],36,460,472,424,460
1,<environment.Job instance at 0x146f64c98640>,31,1,[1 8],47,472,473,425,460
1,<environment.Job instance at 0x146f6356b870>,46,25,[2 9],75,502,527,427,502
1,<environment.Job instance at 0x146f74eed640>,24,2,[5 2],39,517,519,478,517
1,<environment.Job instance at 0x146f65e5faf0>,58,1,[ 2 12],91,527,528,436,518
1,<environment.Job instance at 0x146f65e5f8c0>,61,2,[2 5],95,519,521,424,518
1,<environment.Job instance at 0x146f74ef29b0>,62,2,[ 2 10],96,528,530,432,520
1,<environment.Job instance at 0x146f74ef2140>,66,1,[10  2],100,521,522,421,520
1,<environment.Job instance at 0x146f66070280>,84,3,[ 2 13],124,611,614,487,611
1,<environment.Job instance at 0x146f662eb8c0>,97,1,[6 2],140,634,635,494,634
1,<environment.Job instance at 0x146f662eb370>,99,1,[1 6],144,640,641,496,640
1,<environment.Job instance at 0x146f662ebf50>,103,2,[2 5],150,641,643,491,641
1,<environment.Job instance at 0x146f65e5f0f0>,59,3,[6 2],93,652,655,559,652
1,<environment.Job instance at 0x146f61b80410>,112,1,[10  1],163,657,658,494,657
1,<environment.Job instance at 0x146f6606b410>,113,2,[1 6],165,657,659,492,657
1,<environment.Job instance at 0x146f7421faa0>,114,28,[1 5],167,657,685,490,657
1,<environment.Job instance at 0x146f64c69960>,119,17,[14  2],174,1081,1098,907,1081
1,<environment.Job instance at 0x146f64c69910>,121,16,[ 1 11],176,1114,1130,938,1114
1,<environment.Job instance at 0x146f63594460>,129,22,[1 5],186,1132,1154,946,1132
1,<environment.Job instance at 0x146f741855f0>,108,1,[9 1],156,1294,1295,1138,1294
