iteration,job object,job ID,job Length,job ressource requirement,job enter time,job start time,job finish time,job waiting time,current time
1,<environment.Job instance at 0x146fb8944320>,2,1,[2 6],3,3,4,0,3
1,<environment.Job instance at 0x146fb67d3cd0>,3,3,[1 8],4,4,7,0,4
1,<environment.Job instance at 0x146fb67d0370>,1,2,[ 1 10],3,4,6,1,4
1,<environment.Job instance at 0x146fb577a370>,1,17,[6 1],3,4,21,1,4
1,<environment.Job instance at 0x146fbbd349b0>,0,12,[2 5],1,1,13,0,1
1,<environment.Job instance at 0x146fbbd34050>,2,1,[2 5],3,3,4,0,3
1,<environment.Job instance at 0x146fb3ffa320>,0,3,[9 2],1,5,8,4,5
1,<environment.Job instance at 0x146fb3ffa6e0>,3,13,[6 1],4,11,24,7,11
1,<environment.Job instance at 0x146fb3a4fd20>,0,12,[2 5],1,1,13,0,1
1,<environment.Job instance at 0x146fb3a3a410>,0,3,[9 2],1,2,5,1,2
1,<environment.Job instance at 0x146fb3a5e780>,2,1,[2 6],3,5,6,2,4
1,<environment.Job instance at 0x146fb47e9e10>,0,2,[6 1],1,2,4,1,2
1,<environment.Job instance at 0x146fb521c1e0>,2,3,[1 8],3,3,6,0,3
1,<environment.Job instance at 0x146fb445c5f0>,3,3,[1 8],4,6,9,2,4
1,<environment.Job instance at 0x146fb523c230>,0,2,[8 1],2,4,6,2,4
1,<environment.Job instance at 0x146fb7f4df00>,1,17,[6 1],3,3,20,0,3
1,<environment.Job instance at 0x146fb73f9410>,0,12,[2 5],1,1,13,0,1
1,<environment.Job instance at 0x146fbbd31780>,3,1,[6 2],4,22,23,18,22
1,<environment.Job instance at 0x146fbb9239b0>,0,3,[9 2],1,2,5,1,2
1,<environment.Job instance at 0x146fbb923190>,2,1,[2 6],3,5,6,2,3
1,<environment.Job instance at 0x146fbb923500>,3,13,[6 1],4,5,18,1,4
1,<environment.Job instance at 0x146fb7509be0>,0,2,[6 1],1,2,4,1,2
1,<environment.Job instance at 0x146fb75d3910>,2,3,[1 8],3,3,6,0,3
1,<environment.Job instance at 0x146fb8ec22d0>,3,3,[1 8],4,6,9,2,5
1,<environment.Job instance at 0x146fb7611d70>,0,2,[8 1],2,2,4,0,2
1,<environment.Job instance at 0x146fb8ec2dc0>,1,2,[ 1 10],3,4,6,1,4
1,<environment.Job instance at 0x146fb4293320>,0,1,[2 5],1,3,4,2,3
1,<environment.Job instance at 0x146fb95d0b40>,0,12,[2 5],1,1,13,0,1
1,<environment.Job instance at 0x146fb45fd960>,1,18,[8 1],2,2,20,0,2
1,<environment.Job instance at 0x146fb36edfa0>,0,2,[6 1],1,17,19,16,17
1,<environment.Job instance at 0x146fb4ce7e60>,0,2,[8 1],2,43,45,41,43
1,<environment.Job instance at 0x146fbab444b0>,1,17,[6 1],3,5,22,2,5
1,<environment.Job instance at 0x146fbbc7eb90>,0,12,[2 5],1,1,13,0,1
1,<environment.Job instance at 0x146fb56c01e0>,1,18,[8 1],2,3,21,1,3
1,<environment.Job instance at 0x146fb5e9aaa0>,2,1,[2 6],3,3,4,0,3
1,<environment.Job instance at 0x146fb5e9a820>,3,13,[6 1],4,21,34,17,5
1,<environment.Job instance at 0x146fbaf45c80>,0,2,[8 1],2,4,6,2,4
1,<environment.Job instance at 0x146fb7ce5be0>,1,17,[6 1],3,3,20,0,3
1,<environment.Job instance at 0x146fb9b84af0>,0,12,[2 5],1,1,13,0,1
1,<environment.Job instance at 0x146fb7a51a00>,2,1,[2 6],3,3,4,0,3
1,<environment.Job instance at 0x146fb4ec46e0>,3,13,[6 1],4,4,17,0,4
1,<environment.Job instance at 0x146fb5c22230>,0,2,[8 1],2,9,11,7,9
1,<environment.Job instance at 0x146fba72ec30>,1,17,[6 1],3,4,21,1,4
1,<environment.Job instance at 0x146fb7cfceb0>,0,12,[2 5],1,1,13,0,1
1,<environment.Job instance at 0x146fb9fa6460>,1,18,[8 1],2,2,20,0,2
1,<environment.Job instance at 0x146fbacdec80>,2,1,[2 6],3,4,5,1,4
1,<environment.Job instance at 0x146fb79555a0>,0,2,[6 1],1,3,5,2,3
1,<environment.Job instance at 0x146fb6692e10>,3,3,[1 8],4,4,7,0,4
1,<environment.Job instance at 0x146fb4708c80>,1,2,[ 1 10],3,5,7,2,5
1,<environment.Job instance at 0x146fb441dcd0>,0,1,[2 5],1,3,4,2,3
1,<environment.Job instance at 0x146fb6cdfaf0>,0,12,[2 5],1,1,13,0,1
1,<environment.Job instance at 0x146fb43a4f50>,2,1,[2 6],3,3,4,0,3
1,<environment.Job instance at 0x146fba3c6a50>,3,13,[6 1],4,4,17,0,4
1,<environment.Job instance at 0x146fb60b71e0>,0,12,[2 5],1,1,13,0,1
1,<environment.Job instance at 0x146fbb543370>,1,18,[8 1],2,2,20,0,2
1,<environment.Job instance at 0x146fb4487640>,2,1,[2 6],3,4,5,1,4
1,<environment.Job instance at 0x146fb9f43140>,3,13,[6 1],4,65,78,61,65
1,<environment.Job instance at 0x146fb80feb90>,2,3,[1 8],3,3,6,0,3
1,<environment.Job instance at 0x146fba478f50>,0,2,[8 1],2,2,4,0,2
1,<environment.Job instance at 0x146fba478be0>,1,2,[ 1 10],3,4,6,1,3
1,<environment.Job instance at 0x146fb7fefc30>,0,1,[2 5],1,1,2,0,1
1,<environment.Job instance at 0x146fb6fad960>,1,17,[6 1],3,3,20,0,3
1,<environment.Job instance at 0x146fb60b7be0>,0,12,[2 5],1,1,13,0,1
1,<environment.Job instance at 0x146fb41c42d0>,1,18,[8 1],2,2,20,0,2
1,<environment.Job instance at 0x146fb8a65a50>,3,13,[6 1],4,20,33,16,4
1,<environment.Job instance at 0x146fbb94e7d0>,3,3,[1 8],4,4,7,0,4
1,<environment.Job instance at 0x146fbae0faa0>,1,2,[ 1 10],3,3,5,0,3
1,<environment.Job instance at 0x146fbb046b40>,1,17,[6 1],3,3,20,0,3
1,<environment.Job instance at 0x146fb426eaf0>,0,12,[2 5],1,1,13,0,1
1,<environment.Job instance at 0x146fb6b560a0>,1,18,[8 1],2,2,20,0,2
1,<environment.Job instance at 0x146fb457abe0>,3,13,[6 1],4,20,33,16,4
1,<environment.Job instance at 0x146fb91f55f0>,3,3,[1 8],4,4,7,0,4
1,<environment.Job instance at 0x146fb4fcdb90>,1,17,[6 1],3,3,20,0,3
1,<environment.Job instance at 0x146fb652f190>,0,12,[2 5],1,1,13,0,1
1,<environment.Job instance at 0x146fb911a5a0>,3,13,[6 1],4,4,17,0,4
1,<environment.Job instance at 0x146fbbac3460>,0,12,[2 5],1,1,13,0,1
1,<environment.Job instance at 0x146fb5042e10>,3,13,[6 1],4,4,17,0,4
1,<environment.Job instance at 0x146fb4c73690>,0,12,[2 5],1,1,13,0,1
1,<environment.Job instance at 0x146fb5d7d7d0>,3,13,[6 1],4,4,17,0,4
1,<environment.Job instance at 0x146fba261550>,1,17,[6 1],3,3,20,0,3
1,<environment.Job instance at 0x147e53717a00>,1,3,[1 9],2,2,5,0,2
1,<environment.Job instance at 0x147dfcea4780>,5,3,[9 2],6,6,9,0,6
1,<environment.Job instance at 0x147dfcea4820>,6,18,[8 1],7,9,27,2,7
1,<environment.Job instance at 0x147dfd5345f0>,9,2,[6 1],11,27,29,16,11
1,<environment.Job instance at 0x147dfcea45a0>,11,3,[1 8],13,13,16,0,13
1,<environment.Job instance at 0x147dfcea4730>,12,3,[1 8],14,16,19,2,14
1,<environment.Job instance at 0x147dfd5da690>,13,2,[8 1],17,29,31,12,17
1,<environment.Job instance at 0x147dfd6e2c80>,18,2,[10  1],25,31,33,6,25
1,<environment.Job instance at 0x147dfd5320a0>,19,3,[6 2],26,33,36,7,26
1,<environment.Job instance at 0x147dfd6e1b90>,21,3,[6 1],29,36,39,7,29
1,<environment.Job instance at 0x147dfd57d0f0>,22,1,[2 7],30,30,31,0,30
1,<environment.Job instance at 0x147dfd61a1e0>,23,2,[8 1],31,39,41,8,31
1,<environment.Job instance at 0x147dfd5b56e0>,25,2,[2 8],34,34,36,0,34
1,<environment.Job instance at 0x147dfd5b5140>,26,1,[2 7],35,36,37,1,35
1,<environment.Job instance at 0x147dfd5b5e10>,27,2,[2 7],36,37,39,1,36
1,<environment.Job instance at 0x147dfd5b5aa0>,28,2,[2 7],37,39,41,2,37
1,<environment.Job instance at 0x147dfd5b5f50>,29,16,[10  2],39,41,57,2,39
1,<environment.Job instance at 0x147dfd622230>,31,3,[9 2],41,57,60,16,41
1,<environment.Job instance at 0x147dfd5def00>,32,3,[2 9],42,60,63,18,42
1,<environment.Job instance at 0x147dfd5c1a00>,33,1,[2 7],43,63,64,20,43
1,<environment.Job instance at 0x147dfd5d2500>,1,3,[1 5],2,2,5,0,2
1,<environment.Job instance at 0x147dff6360a0>,5,3,[7 2],7,7,10,0,7
1,<environment.Job instance at 0x147dff636190>,6,3,[1 8],8,8,11,0,8
1,<environment.Job instance at 0x147dff636f50>,7,3,[2 8],10,11,14,1,10
1,<environment.Job instance at 0x147dff636a00>,9,1,[1 6],13,14,15,1,13
1,<environment.Job instance at 0x147dff636960>,12,12,[9 1],18,18,30,0,18
1,<environment.Job instance at 0x147dff636dc0>,13,2,[8 2],19,30,32,11,19
1,<environment.Job instance at 0x147dff6ad190>,15,3,[6 1],23,32,35,9,23
1,<environment.Job instance at 0x147dff6ad050>,18,1,[10  2],29,35,36,6,29
1,<environment.Job instance at 0x147dff680f00>,21,1,[1 9],35,36,37,1,35
1,<environment.Job instance at 0x147dff680e10>,22,17,[8 1],36,36,53,0,36
1,<environment.Job instance at 0x147dff680370>,23,3,[1 5],37,37,40,0,37
1,<environment.Job instance at 0x147dff680b90>,24,3,[9 2],38,53,56,15,38
1,<environment.Job instance at 0x147dff680320>,25,3,[10  1],39,56,59,17,39
1,<environment.Job instance at 0x147dff680f50>,26,12,[9 1],41,59,71,18,42
1,<environment.Job instance at 0x147dff6802d0>,28,3,[1 9],43,43,46,0,43
1,<environment.Job instance at 0x147dff680c80>,33,3,[2 9],49,50,53,1,50
1,<environment.Job instance at 0x147dff680730>,2,3,[6 2],6,7,10,1,7
1,<environment.Job instance at 0x147dff87c5a0>,6,3,[2 9],10,10,13,0,10
1,<environment.Job instance at 0x147dff87c0a0>,7,3,[7 2],11,13,16,2,11
1,<environment.Job instance at 0x147dff883280>,8,14,[7 1],12,16,30,4,12
1,<environment.Job instance at 0x147dfd67deb0>,9,3,[ 2 10],14,30,33,16,14
1,<environment.Job instance at 0x147dff883b90>,12,2,[ 1 10],18,33,35,15,18
1,<environment.Job instance at 0x147dff883b40>,13,1,[7 2],20,35,36,15,20
1,<environment.Job instance at 0x147dff883eb0>,14,2,[1 8],21,21,23,0,21
1,<environment.Job instance at 0x147dffa12e10>,23,3,[2 8],32,35,38,3,32
1,<environment.Job instance at 0x147dff74e690>,24,12,[9 2],34,38,50,4,34
1,<environment.Job instance at 0x147dff74e5f0>,25,15,[10  2],35,50,65,15,36
1,<environment.Job instance at 0x147dff74e140>,33,1,[8 2],44,65,66,21,47
1,<environment.Job instance at 0x147dff74ee10>,34,15,[5 1],45,66,81,21,52
1,<environment.Job instance at 0x147dfc9324b0>,8,1,[1 7],10,822,823,812,822
1,<environment.Job instance at 0x147dfc932a00>,9,3,[9 1],13,822,825,809,822
1,<environment.Job instance at 0x147dfc932f00>,12,15,[1 6],17,841,856,824,841
1,<environment.Job instance at 0x147dfc9322d0>,13,3,[7 2],18,841,844,823,841
1,<environment.Job instance at 0x147dfc932370>,15,3,[1 7],21,856,859,835,841
1,<environment.Job instance at 0x147dff9954b0>,18,3,[1 9],24,859,862,835,855
1,<environment.Job instance at 0x147dff9955a0>,20,12,[6 1],26,855,867,829,855
1,<environment.Job instance at 0x147dff995d20>,21,28,[2 8],29,866,894,837,866
1,<environment.Job instance at 0x147dff995780>,22,3,[5 1],33,867,870,834,866
1,<environment.Job instance at 0x147dff995cd0>,24,3,[ 2 10],36,894,897,858,868
1,<environment.Job instance at 0x147dff995b90>,27,3,[5 2],42,870,873,828,868
1,<environment.Job instance at 0x147dff995500>,30,2,[2 9],45,897,899,852,873
1,<environment.Job instance at 0x147dff9952d0>,31,17,[ 2 10],46,899,916,853,887
1,<environment.Job instance at 0x147dff995d70>,33,2,[9 1],49,916,918,867,889
1,<environment.Job instance at 0x147dff9ee9b0>,2,1,[1 7],3,3,4,0,3
1,<environment.Job instance at 0x147dff9ee870>,3,1,[2 9],4,4,5,0,4
1,<environment.Job instance at 0x147dff9eee60>,4,15,[1 7],5,5,20,0,5
1,<environment.Job instance at 0x147dfca630f0>,5,3,[ 2 10],7,20,23,13,7
1,<environment.Job instance at 0x147dff9eea00>,6,14,[10  1],9,23,37,14,9
1,<environment.Job instance at 0x147dfe135d70>,8,2,[8 2],11,11,13,0,11
1,<environment.Job instance at 0x147dfe135fa0>,9,3,[8 1],12,13,16,1,12
1,<environment.Job instance at 0x147dfe135730>,11,3,[6 1],14,16,19,2,14
1,<environment.Job instance at 0x147dfce6deb0>,13,3,[ 2 10],17,37,40,20,17
1,<environment.Job instance at 0x147e06f30690>,19,16,[9 1],26,40,56,14,27
1,<environment.Job instance at 0x147dfd627a00>,22,12,[1 5],32,40,52,8,32
1,<environment.Job instance at 0x147e00e5a5f0>,23,2,[6 2],33,56,58,23,33
1,<environment.Job instance at 0x147e00f3e870>,30,3,[2 8],45,56,59,11,45
1,<environment.Job instance at 0x147dfc8a24b0>,1,18,[10  1],6,6,24,0,6
1,<environment.Job instance at 0x147dfe135f00>,5,3,[8 1],12,24,27,12,12
1,<environment.Job instance at 0x147e06739e10>,11,16,[1 7],19,24,40,5,19
1,<environment.Job instance at 0x147e06739d20>,13,2,[6 2],22,27,29,5,23
1,<environment.Job instance at 0x147dfd6affa0>,18,3,[1 5],29,40,43,11,36
1,<environment.Job instance at 0x147e06747500>,21,1,[7 1],32,42,43,10,42
1,<environment.Job instance at 0x147e067470f0>,23,2,[8 2],35,43,45,8,42
1,<environment.Job instance at 0x147e06747a00>,24,3,[1 7],36,43,46,7,42
1,<environment.Job instance at 0x147e06747f50>,25,18,[8 1],37,45,63,8,42
1,<environment.Job instance at 0x147e06747050>,26,1,[5 2],38,63,64,25,42
1,<environment.Job instance at 0x147e06747370>,27,1,[1 8],39,46,47,7,42
1,<environment.Job instance at 0x147e067476e0>,28,3,[1 7],40,47,50,7,42
1,<environment.Job instance at 0x147e06747320>,29,2,[5 2],42,63,65,21,42
1,<environment.Job instance at 0x147e06729e10>,30,2,[1 7],44,50,52,6,44
1,<environment.Job instance at 0x147e067292d0>,31,2,[5 2],45,64,66,19,45
1,<environment.Job instance at 0x147e067290a0>,32,1,[1 6],47,52,53,5,47
1,<environment.Job instance at 0x147e067298c0>,33,12,[7 1],48,66,78,18,49
1,<environment.Job instance at 0x147e06729230>,34,2,[10  1],49,78,80,29,51
1,<environment.Job instance at 0x147dfd6af780>,16,3,[ 2 10],25,305,308,280,305
1,<environment.Job instance at 0x147dfcc1b190>,1,1,[2 5],4,4,5,0,4
1,<environment.Job instance at 0x147dfcc1b280>,2,3,[1 8],5,5,8,0,5
1,<environment.Job instance at 0x147dfcc1ba00>,4,2,[7 2],9,9,11,0,9
1,<environment.Job instance at 0x147e07babdc0>,5,3,[ 2 10],11,11,14,0,11
1,<environment.Job instance at 0x147e07bab280>,6,14,[8 2],12,14,28,2,12
1,<environment.Job instance at 0x147e00b03690>,7,2,[2 5],14,14,16,0,14
1,<environment.Job instance at 0x147e07babc30>,9,14,[8 1],16,28,42,12,16
1,<environment.Job instance at 0x147e07babe10>,11,3,[7 2],18,42,45,24,18
1,<environment.Job instance at 0x147e24075190>,14,3,[1 9],22,28,31,6,22
1,<environment.Job instance at 0x147e00bb1550>,15,1,[6 1],23,45,46,22,23
1,<environment.Job instance at 0x147e00af46e0>,16,3,[5 1],24,46,49,22,24
1,<environment.Job instance at 0x147dff6d7af0>,17,3,[1 7],29,31,34,2,29
1,<environment.Job instance at 0x147dfcc2ed20>,18,12,[7 1],31,49,61,18,32
1,<environment.Job instance at 0x147e01dc1c80>,21,3,[1 9],34,34,37,0,34
1,<environment.Job instance at 0x147e00af43c0>,22,3,[1 8],38,38,41,0,38
1,<environment.Job instance at 0x147e00b36f00>,24,2,[9 2],42,61,63,19,42
1,<environment.Job instance at 0x147e5024fc80>,25,3,[5 2],43,46,49,3,43
1,<environment.Job instance at 0x147e5024f4b0>,27,1,[ 2 10],45,63,64,18,45
1,<environment.Job instance at 0x147e5024fa00>,1,3,[5 2],4,4,7,0,4
1,<environment.Job instance at 0x147e07a645f0>,3,15,[8 2],6,7,22,1,6
1,<environment.Job instance at 0x147e5024f550>,4,17,[10  1],8,22,39,14,10
1,<environment.Job instance at 0x147e25740dc0>,7,3,[2 7],13,13,16,0,13
1,<environment.Job instance at 0x147e25740a50>,1,2,[5 1],3,3,5,0,3
1,<environment.Job instance at 0x147dff6b5230>,3,2,[10  2],5,6,8,1,6
1,<environment.Job instance at 0x147dfc2f0c80>,4,2,[6 1],6,8,10,2,7
1,<environment.Job instance at 0x147dff5ff230>,5,3,[9 2],8,10,13,2,8
1,<environment.Job instance at 0x147dff5ff7d0>,6,3,[6 2],11,13,16,2,11
1,<environment.Job instance at 0x147e06ee6c30>,7,2,[5 2],12,16,18,4,12
1,<environment.Job instance at 0x147dfccb35f0>,8,3,[1 7],13,13,16,0,13
1,<environment.Job instance at 0x147dfc770be0>,10,1,[7 2],16,18,19,2,16
1,<environment.Job instance at 0x147e06ee64b0>,11,3,[1 7],18,18,21,0,18
1,<environment.Job instance at 0x147dfcd8ed20>,14,3,[6 1],23,23,26,0,23
1,<environment.Job instance at 0x147dff6e5cd0>,16,2,[2 9],25,25,27,0,25
1,<environment.Job instance at 0x147dff6e5d70>,17,2,[2 5],26,27,29,1,26
1,<environment.Job instance at 0x147e501dcd20>,18,16,[2 9],27,29,45,2,27
1,<environment.Job instance at 0x147dfc775780>,19,12,[5 2],28,45,57,17,29
1,<environment.Job instance at 0x147dff863820>,21,3,[8 1],33,33,36,0,33
1,<environment.Job instance at 0x147dff6cc6e0>,22,1,[10  1],34,57,58,23,34
1,<environment.Job instance at 0x147dfc8ff2d0>,27,1,[2 6],43,45,46,2,43
1,<environment.Job instance at 0x147dfe10f0f0>,28,2,[1 5],45,46,48,1,45
1,<environment.Job instance at 0x147dfe10f6e0>,30,3,[2 9],47,58,61,11,47
1,<environment.Job instance at 0x147dfc62b0a0>,1,3,[2 8],2,2,5,0,2
1,<environment.Job instance at 0x147e077cac30>,4,3,[1 6],7,7,10,0,7
1,<environment.Job instance at 0x147dffaabeb0>,5,2,[8 2],8,8,10,0,8
1,<environment.Job instance at 0x147dffaab0f0>,6,14,[9 1],10,10,24,0,10
1,<environment.Job instance at 0x147dfc4fac30>,7,3,[10  1],11,24,27,13,11
1,<environment.Job instance at 0x147dfc4fa5a0>,10,3,[1 9],14,14,17,0,14
1,<environment.Job instance at 0x147dfc4fa230>,11,2,[1 8],16,17,19,1,16
1,<environment.Job instance at 0x147dfc4fadc0>,12,2,[1 5],18,19,21,1,18
1,<environment.Job instance at 0x147dfc4fa280>,13,15,[10  1],19,27,42,8,19
1,<environment.Job instance at 0x147e01dc1500>,3,2,[10  1],4,4,6,0,4
1,<environment.Job instance at 0x147dfc4faf00>,5,1,[5 2],7,7,8,0,7
1,<environment.Job instance at 0x147dff8290f0>,6,1,[2 5],8,8,9,0,8
1,<environment.Job instance at 0x147e01dc1960>,7,2,[ 1 10],10,10,12,0,10
1,<environment.Job instance at 0x147dff829fa0>,8,3,[2 5],11,12,15,1,11
1,<environment.Job instance at 0x147dff829230>,9,12,[6 1],12,13,25,1,13
1,<environment.Job instance at 0x147dff829cd0>,10,2,[5 2],13,25,27,12,13
1,<environment.Job instance at 0x147dff829c80>,11,1,[7 1],16,27,28,11,16
1,<environment.Job instance at 0x147dff829730>,12,2,[7 1],17,28,30,11,17
1,<environment.Job instance at 0x147dfc936a50>,14,3,[10  2],19,30,33,11,19
1,<environment.Job instance at 0x147dfcbe6730>,15,2,[5 2],20,25,27,5,20
1,<environment.Job instance at 0x147e00a99e10>,17,3,[1 7],23,27,30,4,23
1,<environment.Job instance at 0x147dfc3b71e0>,18,19,[2 9],26,33,52,7,27
1,<environment.Job instance at 0x147dfca3da50>,24,3,[2 7],32,52,55,20,39
1,<environment.Job instance at 0x147e00a98e60>,25,2,[1 5],33,55,57,22,39
1,<environment.Job instance at 0x147e00a980f0>,26,1,[1 9],35,57,58,22,39
1,<environment.Job instance at 0x147dfcb9d140>,27,1,[2 5],36,55,56,19,39
1,<environment.Job instance at 0x147dfcb9d320>,28,15,[7 1],37,39,54,2,39
1,<environment.Job instance at 0x147dfcb9da00>,29,1,[2 6],38,58,59,20,39
1,<environment.Job instance at 0x147e07bde4b0>,30,1,[2 8],40,59,60,19,40
1,<environment.Job instance at 0x147dfcd748c0>,31,1,[2 6],41,60,61,19,41
1,<environment.Job instance at 0x147dfcd74230>,32,3,[1 7],43,61,64,18,43
1,<environment.Job instance at 0x147dfcd746e0>,34,14,[1 6],45,64,78,19,49
1,<environment.Job instance at 0x147dfcd74780>,35,17,[9 1],46,61,78,15,49
1,<environment.Job instance at 0x147dffa8d870>,36,3,[5 1],47,56,59,9,49
1,<environment.Job instance at 0x147dff7afd20>,1,3,[9 2],2,2,5,0,2
1,<environment.Job instance at 0x147dff7afa50>,3,16,[10  2],4,5,21,1,4
1,<environment.Job instance at 0x147e501d4640>,6,15,[2 6],9,21,36,12,9
1,<environment.Job instance at 0x147e501d4730>,7,2,[7 2],10,21,23,11,10
1,<environment.Job instance at 0x147e2572ee10>,10,14,[6 1],13,23,37,10,14
1,<environment.Job instance at 0x147dfc66a140>,13,2,[7 1],16,37,39,21,16
1,<environment.Job instance at 0x147dfc66a640>,14,3,[7 1],17,39,42,22,17
1,<environment.Job instance at 0x147dfc66af00>,15,13,[10  1],18,42,55,24,26
1,<environment.Job instance at 0x147e25512190>,20,3,[2 8],27,36,39,9,27
1,<environment.Job instance at 0x147e00a13eb0>,23,3,[2 9],30,39,42,9,38
1,<environment.Job instance at 0x147e00a13e10>,25,12,[7 1],34,55,67,21,38
1,<environment.Job instance at 0x147e00a13e60>,26,3,[10  1],37,67,70,30,41
1,<environment.Job instance at 0x147e00a13fa0>,27,3,[6 1],39,70,73,31,44
1,<environment.Job instance at 0x147e00a130f0>,28,3,[8 1],40,73,76,33,47
1,<environment.Job instance at 0x147dfc66a0a0>,2,3,[8 1],3,3,6,0,3
1,<environment.Job instance at 0x147dfc66ad20>,3,3,[2 6],6,6,9,0,6
1,<environment.Job instance at 0x147dfcbd0a50>,6,1,[1 9],12,12,13,0,12
1,<environment.Job instance at 0x147dfcbd0be0>,7,3,[2 9],14,14,17,0,14
1,<environment.Job instance at 0x147dfcbd0500>,8,1,[10  2],15,17,18,2,15
1,<environment.Job instance at 0x147dfcbd0780>,9,1,[5 2],16,18,19,2,16
1,<environment.Job instance at 0x147dfcbd01e0>,10,26,[2 8],18,20,46,2,20
1,<environment.Job instance at 0x147dff5b64b0>,13,3,[10  2],23,46,49,23,23
1,<environment.Job instance at 0x147dff5b6e60>,15,3,[1 9],28,49,52,21,28
1,<environment.Job instance at 0x147dff5b6550>,19,3,[5 1],38,38,41,0,38
1,<environment.Job instance at 0x147dff5b6c80>,21,2,[7 2],40,41,43,1,40
1,<environment.Job instance at 0x147dff5b6af0>,22,2,[6 2],41,43,45,2,41
1,<environment.Job instance at 0x147dff5b6cd0>,23,3,[9 1],42,49,52,7,42
1,<environment.Job instance at 0x147dff5b6960>,24,14,[2 8],43,52,66,9,44
1,<environment.Job instance at 0x147dfeb66e60>,27,21,[1 8],46,66,87,20,58
1,<environment.Job instance at 0x147dfeb66730>,29,2,[6 1],49,61,63,12,61
1,<environment.Job instance at 0x147dff5b6460>,25,2,[5 2],44,277,279,233,277
1,<environment.Job instance at 0x147dfcd70410>,0,3,[9 2],2,2,5,0,2
1,<environment.Job instance at 0x147e00b670f0>,3,3,[9 2],5,5,8,0,5
1,<environment.Job instance at 0x147dfcb1efa0>,7,13,[10  1],15,15,28,0,15
1,<environment.Job instance at 0x147dfe145e10>,9,1,[10  2],18,28,29,10,18
1,<environment.Job instance at 0x147e07a85320>,10,3,[2 8],19,29,32,10,19
1,<environment.Job instance at 0x147e25dc6f00>,12,2,[8 2],25,29,31,4,25
1,<environment.Job instance at 0x147dfe145d70>,14,3,[6 2],27,31,34,4,27
1,<environment.Job instance at 0x147dfcb2d4b0>,16,3,[1 9],31,34,37,3,31
1,<environment.Job instance at 0x147e00f4a410>,18,2,[7 2],35,37,39,2,35
1,<environment.Job instance at 0x147dfcaee1e0>,1,17,[9 2],3,3,20,0,3
1,<environment.Job instance at 0x147e07baf7d0>,4,3,[ 1 10],6,20,23,14,6
1,<environment.Job instance at 0x147e07bafe10>,5,3,[1 5],7,7,10,0,7
1,<environment.Job instance at 0x147e07baf960>,6,3,[2 7],8,23,26,15,8
1,<environment.Job instance at 0x147e07baf8c0>,8,2,[2 8],10,26,28,16,10
1,<environment.Job instance at 0x147e07baf0a0>,9,2,[5 1],11,23,25,12,11
1,<environment.Job instance at 0x147e00bec640>,10,1,[6 2],16,25,26,9,16
1,<environment.Job instance at 0x147e00becaf0>,12,3,[7 1],18,26,29,8,18
1,<environment.Job instance at 0x147e00bec820>,13,3,[7 2],19,29,32,10,19
1,<environment.Job instance at 0x147e00bec9b0>,14,14,[1 5],21,28,42,7,21
1,<environment.Job instance at 0x147e00bec1e0>,17,17,[2 8],26,42,59,16,30
1,<environment.Job instance at 0x147e00bec3c0>,21,2,[10  2],33,59,61,26,33
1,<environment.Job instance at 0x147dfccbfdc0>,22,3,[1 7],34,61,64,27,35
1,<environment.Job instance at 0x147dfccbfe60>,23,14,[9 2],36,61,75,25,46
1,<environment.Job instance at 0x147dfccbf500>,27,3,[1 5],40,64,67,24,46
1,<environment.Job instance at 0x147dfccbf460>,29,3,[9 2],43,75,78,32,49
1,<environment.Job instance at 0x147dfccbf8c0>,32,12,[1 7],47,67,79,20,55
1,<environment.Job instance at 0x147e25e66870>,1,3,[6 2],2,2,5,0,2
1,<environment.Job instance at 0x147e25e66aa0>,2,2,[6 2],3,5,7,2,3
1,<environment.Job instance at 0x147e25e66e10>,5,12,[ 1 10],7,13,25,6,13
1,<environment.Job instance at 0x147dfd660780>,10,1,[6 2],13,25,26,12,13
1,<environment.Job instance at 0x147e00abc960>,13,3,[7 1],16,26,29,10,22
1,<environment.Job instance at 0x147dfd660730>,14,14,[8 2],17,29,43,12,22
1,<environment.Job instance at 0x147e07acfe60>,16,2,[7 2],20,43,45,23,22
1,<environment.Job instance at 0x147dfc64e050>,19,1,[8 1],24,45,46,21,35
1,<environment.Job instance at 0x147e501d4960>,20,1,[1 5],26,35,36,9,35
1,<environment.Job instance at 0x147e06dd9a00>,21,1,[10  1],28,46,47,18,35
1,<environment.Job instance at 0x147e26220dc0>,22,1,[5 2],29,47,48,18,35
1,<environment.Job instance at 0x147e06dd9e60>,23,17,[10  1],30,48,65,18,36
1,<environment.Job instance at 0x147dfc8e2f50>,25,1,[10  2],33,65,66,32,38
1,<environment.Job instance at 0x147e25e66b90>,4,1,[6 1],6,66,67,60,51
1,<environment.Job instance at 0x147e00e8f0f0>,28,15,[5 2],36,67,82,31,53
1,<environment.Job instance at 0x147dfc9363c0>,29,3,[2 7],38,66,69,28,53
1,<environment.Job instance at 0x147dfc43ce10>,35,14,[2 6],45,69,83,24,58
1,<environment.Job instance at 0x147dfc304050>,3,17,[9 1],6,6,23,0,6
1,<environment.Job instance at 0x147dfc509910>,7,3,[2 6],11,23,26,12,11
1,<environment.Job instance at 0x147dfc509280>,10,2,[7 2],15,23,25,8,15
1,<environment.Job instance at 0x147dfc5091e0>,11,2,[9 2],16,26,28,10,16
1,<environment.Job instance at 0x147e07a255a0>,12,3,[5 1],17,28,31,11,17
1,<environment.Job instance at 0x147e01debc80>,21,1,[8 2],28,111,112,83,111
1,<environment.Job instance at 0x147dfc4e8e10>,22,1,[5 2],29,112,113,83,111
1,<environment.Job instance at 0x147dfc4e5320>,23,1,[7 1],30,113,114,83,111
1,<environment.Job instance at 0x147e254b9910>,24,1,[1 8],31,111,112,80,111
1,<environment.Job instance at 0x147e254b9af0>,25,2,[6 2],32,114,116,82,111
1,<environment.Job instance at 0x147e254b9cd0>,26,13,[2 9],33,116,129,83,111
1,<environment.Job instance at 0x147e077c9500>,27,1,[6 2],35,129,130,94,111
1,<environment.Job instance at 0x147dfc4fbdc0>,28,3,[8 2],36,130,133,94,111
1,<environment.Job instance at 0x147dfc4fbc80>,29,2,[ 1 10],38,133,135,95,111
1,<environment.Job instance at 0x147dfc4fbb40>,30,13,[10  1],39,135,148,96,119
1,<environment.Job instance at 0x147dfc4fb370>,33,2,[7 2],42,148,150,106,121
1,<environment.Job instance at 0x147dfc4fbf00>,34,3,[10  1],43,150,153,107,124
1,<environment.Job instance at 0x147dfc4fb820>,35,3,[6 1],44,124,127,80,124
1,<environment.Job instance at 0x147e06e0f190>,37,3,[2 7],46,129,132,83,124
1,<environment.Job instance at 0x147e07a2f230>,38,1,[5 1],47,127,128,80,124
1,<environment.Job instance at 0x147e07a2f500>,40,3,[5 2],49,153,156,104,127
1,<environment.Job instance at 0x147dff6d8fa0>,0,3,[2 8],1,1,4,0,1
1,<environment.Job instance at 0x147dff6225f0>,5,3,[10  2],7,7,10,0,7
1,<environment.Job instance at 0x147dff6a0780>,6,3,[2 5],9,10,13,1,9
1,<environment.Job instance at 0x147dfeb931e0>,7,17,[1 7],10,13,30,3,11
1,<environment.Job instance at 0x147dfeb93b90>,9,2,[2 9],12,30,32,18,12
1,<environment.Job instance at 0x147dfeb93b40>,10,2,[2 7],13,32,34,19,13
1,<environment.Job instance at 0x147dfeb93410>,11,18,[6 1],15,15,33,0,15
1,<environment.Job instance at 0x147dfc8c4fa0>,18,2,[9 1],24,38,40,14,38
1,<environment.Job instance at 0x147e25e2a3c0>,19,19,[1 5],26,38,57,12,38
1,<environment.Job instance at 0x147e00a2c780>,20,1,[8 1],27,40,41,13,38
1,<environment.Job instance at 0x147e25e2a690>,21,1,[5 1],29,41,42,12,38
1,<environment.Job instance at 0x147e06d9e7d0>,22,2,[7 2],30,42,44,12,38
1,<environment.Job instance at 0x147e06d9ea50>,24,3,[1 8],33,57,60,24,48
1,<environment.Job instance at 0x147e06d9eb90>,25,1,[ 2 10],34,60,61,26,48
1,<environment.Job instance at 0x147dffb16320>,26,2,[7 2],36,48,50,12,48
1,<environment.Job instance at 0x147e06d9ebe0>,27,1,[6 1],37,50,51,13,48
1,<environment.Job instance at 0x147e25dd8690>,28,2,[6 1],39,51,53,12,48
1,<environment.Job instance at 0x147e254abf00>,30,15,[10  2],44,61,76,17,48
1,<environment.Job instance at 0x147e254aba00>,31,2,[7 2],45,53,55,8,48
1,<environment.Job instance at 0x147dff93c320>,32,1,[1 5],47,55,56,8,48
1,<environment.Job instance at 0x147e00be5eb0>,17,1,[6 1],22,208,209,186,208
1,<environment.Job instance at 0x147dfc375f00>,4,1,[2 9],6,6,7,0,6
1,<environment.Job instance at 0x147dfc3750a0>,5,2,[10  2],7,7,9,0,7
1,<environment.Job instance at 0x147dfc375780>,6,1,[6 1],10,10,11,0,10
1,<environment.Job instance at 0x147e2621bbe0>,7,1,[7 2],12,12,13,0,12
1,<environment.Job instance at 0x147dfc3759b0>,9,3,[2 5],14,14,17,0,14
1,<environment.Job instance at 0x147dff600230>,12,1,[10  1],18,18,19,0,18
1,<environment.Job instance at 0x147dff6006e0>,13,3,[10  1],21,21,24,0,21
1,<environment.Job instance at 0x147dfcaf6640>,15,3,[9 2],23,24,27,1,23
1,<environment.Job instance at 0x147dfcc1a7d0>,19,1,[9 2],30,30,31,0,30
1,<environment.Job instance at 0x147dffa1df50>,20,1,[10  1],31,31,32,0,31
1,<environment.Job instance at 0x147e06731af0>,25,15,[2 5],39,48,63,9,48
1,<environment.Job instance at 0x147e06731b40>,26,14,[7 1],40,48,62,8,48
1,<environment.Job instance at 0x147dfc4e5e10>,30,14,[9 1],44,63,77,19,48
1,<environment.Job instance at 0x147dfc3502d0>,23,3,[6 2],36,629,632,593,629
1,<environment.Job instance at 0x147e2573df50>,0,3,[9 2],1,1,4,0,1
1,<environment.Job instance at 0x147e00eac780>,1,3,[10  1],2,4,7,2,2
1,<environment.Job instance at 0x147dff8b5500>,3,2,[8 2],10,10,12,0,10
1,<environment.Job instance at 0x147dff8b5b90>,4,17,[1 6],11,11,28,0,11
1,<environment.Job instance at 0x147dff8b55f0>,5,3,[1 9],12,28,31,16,12
1,<environment.Job instance at 0x147dff6b20f0>,8,3,[2 8],18,31,34,13,18
1,<environment.Job instance at 0x147dff760140>,12,15,[10  1],23,34,49,11,23
1,<environment.Job instance at 0x147dfc384b90>,20,1,[7 2],32,91,92,59,91
1,<environment.Job instance at 0x147dfc384c30>,22,3,[1 7],34,91,94,57,91
1,<environment.Job instance at 0x147dfc92b690>,24,3,[9 1],37,92,95,55,91
1,<environment.Job instance at 0x147dff995960>,25,14,[7 1],38,95,109,57,91
1,<environment.Job instance at 0x147dfc94db90>,27,14,[9 2],40,109,123,69,94
1,<environment.Job instance at 0x147dfc94d140>,29,16,[1 8],42,100,116,58,100
1,<environment.Job instance at 0x147dfc3f25f0>,30,1,[6 1],43,123,124,80,100
1,<environment.Job instance at 0x147dfc3f2a50>,31,3,[5 2],44,124,127,80,100
1,<environment.Job instance at 0x147dfc3e5b40>,33,2,[8 2],46,127,129,81,102
1,<environment.Job instance at 0x147dfc3e5410>,34,1,[9 2],47,129,130,82,102
1,<environment.Job instance at 0x147dfc3e5870>,35,2,[1 7],48,116,118,68,102
1,<environment.Job instance at 0x147dff7c1aa0>,14,1,[8 2],25,130,131,105,111
1,<environment.Job instance at 0x147dfc384550>,18,2,[2 6],29,266,268,237,266
1,<environment.Job instance at 0x14de5d4f0a00>,1,3,[1 9],2,2,5,0,2
1,<environment.Job instance at 0x14de06ca97d0>,5,3,[9 2],6,6,9,0,6
1,<environment.Job instance at 0x14de06ca9a00>,6,18,[8 1],7,9,27,2,7
1,<environment.Job instance at 0x14de5d4f05f0>,9,2,[6 1],11,27,29,16,11
1,<environment.Job instance at 0x14de07470500>,11,3,[1 8],13,13,16,0,13
1,<environment.Job instance at 0x14de0746e460>,12,3,[1 8],14,16,19,2,14
1,<environment.Job instance at 0x14de073e4a50>,13,2,[8 1],17,29,31,12,17
1,<environment.Job instance at 0x14de06ca90a0>,18,2,[10  1],25,31,33,6,25
1,<environment.Job instance at 0x14de073e7410>,19,3,[6 2],26,33,36,7,26
1,<environment.Job instance at 0x14de074e6af0>,21,3,[6 1],29,36,39,7,29
1,<environment.Job instance at 0x14de073c61e0>,29,16,[10  2],39,39,55,0,39
1,<environment.Job instance at 0x14de07427c30>,31,3,[9 2],41,55,58,14,41
1,<environment.Job instance at 0x14de0741f050>,32,3,[2 9],42,58,61,16,42
1,<environment.Job instance at 0x14de073b2730>,33,1,[2 7],43,61,62,18,43
1,<environment.Job instance at 0x14de073b60a0>,3,16,[8 2],6,6,22,0,6
1,<environment.Job instance at 0x14de073b26e0>,4,12,[9 1],8,22,34,14,8
1,<environment.Job instance at 0x14de096e72d0>,7,3,[6 1],13,34,37,21,13
1,<environment.Job instance at 0x14de096e7c30>,10,1,[10  2],19,37,38,18,19
1,<environment.Job instance at 0x14de096874b0>,13,1,[1 9],25,25,26,0,25
1,<environment.Job instance at 0x14de09687050>,14,17,[8 1],26,38,55,12,26
1,<environment.Job instance at 0x14de09687820>,15,3,[1 5],27,27,30,0,27
1,<environment.Job instance at 0x14de09687e60>,16,3,[9 2],28,55,58,27,29
1,<environment.Job instance at 0x14de09687f00>,18,12,[9 1],31,58,70,27,41
1,<environment.Job instance at 0x14de096870a0>,22,3,[1 9],35,41,44,6,41
1,<environment.Job instance at 0x14de09687c30>,25,3,[2 9],39,44,47,5,41
1,<environment.Job instance at 0x14de09495640>,27,2,[6 2],43,70,72,27,44
1,<environment.Job instance at 0x14de09495e60>,28,3,[6 2],46,72,75,26,46
1,<environment.Job instance at 0x14de09495460>,29,1,[1 6],47,47,48,0,47
1,<environment.Job instance at 0x14de09495af0>,30,2,[2 5],48,48,50,0,48
1,<environment.Job instance at 0x14de0958d230>,31,2,[ 1 10],49,75,77,26,49
1,<environment.Job instance at 0x14de0958d5a0>,32,3,[2 9],50,50,53,0,50
1,<environment.Job instance at 0x14de096352d0>,33,3,[7 2],51,77,80,26,51
1,<environment.Job instance at 0x14de09635730>,35,3,[ 2 10],54,80,83,26,54
1,<environment.Job instance at 0x14de096873c0>,17,3,[10  1],29,83,86,54,60
1,<environment.Job instance at 0x14de09635280>,38,2,[ 1 10],58,86,88,28,67
1,<environment.Job instance at 0x14de0a8b8960>,4,1,[2 7],7,7,8,0,7
1,<environment.Job instance at 0x14de0a9268c0>,9,3,[2 8],12,12,15,0,12
1,<environment.Job instance at 0x14de09421dc0>,10,12,[9 2],14,15,27,1,14
1,<environment.Job instance at 0x14de09421fa0>,11,15,[10  2],15,27,42,12,15
1,<environment.Job instance at 0x14de093c6cd0>,17,1,[ 2 10],22,42,43,20,22
1,<environment.Job instance at 0x14de096d4e10>,19,1,[8 2],24,43,44,19,24
1,<environment.Job instance at 0x14de096d4dc0>,20,15,[5 1],25,44,59,19,30
1,<environment.Job instance at 0x14de097132d0>,24,3,[ 2 10],32,59,62,27,43
1,<environment.Job instance at 0x14de097138c0>,27,3,[5 2],36,44,47,8,43
1,<environment.Job instance at 0x14de0979c960>,28,15,[9 2],37,62,77,25,48
1,<environment.Job instance at 0x14de0979cb90>,30,1,[1 6],39,48,49,9,48
1,<environment.Job instance at 0x14de0979c640>,31,1,[1 7],40,49,50,9,48
1,<environment.Job instance at 0x14de0979cc30>,32,3,[9 1],43,77,80,34,51
1,<environment.Job instance at 0x14de0a898d70>,35,15,[1 6],47,67,82,20,67
1,<environment.Job instance at 0x14de0a898fa0>,36,3,[7 2],48,80,83,32,67
1,<environment.Job instance at 0x14de0a8983c0>,38,3,[1 7],51,82,85,31,67
1,<environment.Job instance at 0x14de0a9cc320>,41,3,[1 9],54,85,88,31,76
1,<environment.Job instance at 0x14de0a9cc3c0>,43,12,[6 1],56,83,95,27,76
1,<environment.Job instance at 0x14de09713fa0>,22,2,[ 1 10],30,341,343,311,341
1,<environment.Job instance at 0x14de09681460>,0,3,[5 1],3,3,6,0,3
1,<environment.Job instance at 0x14de097a2e10>,2,3,[ 2 10],6,6,9,0,6
1,<environment.Job instance at 0x14de09818460>,5,3,[5 2],12,12,15,0,12
1,<environment.Job instance at 0x14de09818960>,7,2,[ 2 10],14,15,17,1,14
1,<environment.Job instance at 0x14de09818aa0>,9,17,[ 2 10],16,17,34,1,16
1,<environment.Job instance at 0x14de074b6050>,15,1,[1 7],23,34,35,11,23
1,<environment.Job instance at 0x14de074b6910>,16,1,[2 9],24,35,36,11,24
1,<environment.Job instance at 0x14de074b6820>,17,15,[1 7],25,36,51,11,25
1,<environment.Job instance at 0x14de074b6550>,18,3,[ 2 10],27,51,54,24,27
1,<environment.Job instance at 0x14de074b6dc0>,19,14,[10  1],29,54,68,25,39
1,<environment.Job instance at 0x14de074b62d0>,22,3,[8 1],32,39,42,7,39
1,<environment.Job instance at 0x14de074b6d70>,26,3,[ 2 10],37,68,71,31,42
1,<environment.Job instance at 0x14de074b6730>,11,2,[9 1],19,71,73,52,54
1,<environment.Job instance at 0x14de0ad4b960>,31,1,[2 6],43,73,74,30,56
1,<environment.Job instance at 0x14de0ad4bd70>,32,16,[9 1],46,74,90,28,61
1,<environment.Job instance at 0x14de094035f0>,34,1,[9 1],51,90,91,39,75
1,<environment.Job instance at 0x14de0ad4b640>,35,12,[1 5],52,75,87,23,75
1,<environment.Job instance at 0x14de09403eb0>,36,2,[6 2],53,91,93,38,75
1,<environment.Job instance at 0x14de094034b0>,37,1,[9 1],55,93,94,38,75
1,<environment.Job instance at 0x14de09403c80>,38,2,[8 1],56,94,96,38,75
1,<environment.Job instance at 0x14de09403e60>,39,1,[ 1 10],57,96,97,39,75
1,<environment.Job instance at 0x14de09403cd0>,40,2,[1 5],59,87,89,28,75
1,<environment.Job instance at 0x14de06f12190>,0,2,[10  2],1,1,3,0,1
1,<environment.Job instance at 0x14de074b6780>,1,3,[2 8],5,5,8,0,5
1,<environment.Job instance at 0x14de06ca9690>,6,18,[10  1],16,16,34,0,16
1,<environment.Job instance at 0x14de06c6f4b0>,10,3,[8 1],22,34,37,12,22
1,<environment.Job instance at 0x14de06c6a640>,12,2,[5 2],24,37,39,13,24
1,<environment.Job instance at 0x14de06ca92d0>,14,14,[6 1],27,39,53,12,27
1,<environment.Job instance at 0x14de13fe9af0>,16,16,[1 7],29,34,50,5,29
1,<environment.Job instance at 0x14de1328be60>,2,3,[1 8],5,5,8,0,5
1,<environment.Job instance at 0x14de06624f00>,5,3,[ 2 10],11,11,14,0,11
1,<environment.Job instance at 0x14de06624460>,6,14,[8 2],12,14,28,2,13
1,<environment.Job instance at 0x14de06624cd0>,7,2,[2 5],14,14,16,0,14
1,<environment.Job instance at 0x14de066247d0>,8,1,[ 2 10],15,28,29,13,15
1,<environment.Job instance at 0x14de06624f50>,9,14,[8 1],16,29,43,13,16
1,<environment.Job instance at 0x14de11956c80>,11,3,[7 2],18,43,46,25,18
1,<environment.Job instance at 0x14de11956230>,14,3,[1 9],22,29,32,7,22
1,<environment.Job instance at 0x14de11956aa0>,15,1,[6 1],23,46,47,23,23
1,<environment.Job instance at 0x14de11956910>,16,3,[5 1],24,47,50,23,24
1,<environment.Job instance at 0x14de098738c0>,17,3,[1 7],29,32,35,3,29
1,<environment.Job instance at 0x14de09873dc0>,22,3,[1 8],38,38,41,0,38
1,<environment.Job instance at 0x14de064ea280>,28,18,[5 2],47,47,65,0,47
1,<environment.Job instance at 0x14de064ea460>,30,13,[1 7],50,50,63,0,50
1,<environment.Job instance at 0x14de064ea820>,32,3,[5 2],54,63,66,9,54
1,<environment.Job instance at 0x14de064eac80>,34,15,[8 2],56,66,81,10,56
1,<environment.Job instance at 0x14de07f17320>,1,3,[2 7],3,3,6,0,3
1,<environment.Job instance at 0x14de11828a50>,13,3,[9 1],22,2793,2796,2771,2793
1,<environment.Job instance at 0x14de11828280>,16,3,[2 7],26,2796,2799,2770,2793
1,<environment.Job instance at 0x14de11828aa0>,17,14,[7 2],27,2796,2810,2769,2793
1,<environment.Job instance at 0x14de0968ddc0>,19,3,[10  2],30,2810,2813,2780,2793
1,<environment.Job instance at 0x14de11828f00>,21,3,[9 1],34,2813,2816,2779,2793
1,<environment.Job instance at 0x14de10cff690>,24,3,[5 1],40,2816,2819,2776,2800
1,<environment.Job instance at 0x14de066e3190>,25,14,[1 6],42,2813,2827,2771,2800
1,<environment.Job instance at 0x14de06a6c5f0>,27,1,[2 7],44,2800,2801,2756,2800
1,<environment.Job instance at 0x14de06856410>,30,3,[9 2],48,2819,2822,2771,2800
1,<environment.Job instance at 0x14de093e84b0>,31,3,[6 2],51,2822,2825,2771,2800
1,<environment.Job instance at 0x14de06a915f0>,32,2,[5 2],52,2825,2827,2773,2800
1,<environment.Job instance at 0x14de07355a50>,33,3,[1 7],53,2801,2804,2748,2800
1,<environment.Job instance at 0x14de094b45a0>,34,2,[9 2],55,2827,2829,2772,2800
1,<environment.Job instance at 0x14de0686b9b0>,36,3,[1 7],58,2804,2807,2746,2801
1,<environment.Job instance at 0x14de062f85a0>,2,2,[2 9],5,5,7,0,5
1,<environment.Job instance at 0x14de0bbd3280>,3,2,[2 5],6,7,9,1,6
1,<environment.Job instance at 0x14de096e5050>,6,3,[8 1],9,9,12,0,9
1,<environment.Job instance at 0x14de096e5d70>,7,3,[8 1],13,13,16,0,13
1,<environment.Job instance at 0x14de096c3550>,8,1,[10  1],14,16,17,2,14
1,<environment.Job instance at 0x14de096c3370>,9,27,[1 7],15,17,44,2,15
1,<environment.Job instance at 0x14de096d11e0>,16,3,[2 9],27,44,47,17,27
1,<environment.Job instance at 0x14de0677b960>,18,3,[1 5],30,47,50,17,30
1,<environment.Job instance at 0x14de096d1780>,20,3,[2 8],32,50,53,18,32
1,<environment.Job instance at 0x14de07469c30>,23,3,[1 6],37,53,56,16,37
1,<environment.Job instance at 0x14de5476e870>,24,2,[8 2],38,38,40,0,38
1,<environment.Job instance at 0x14de5477b960>,25,14,[9 1],40,53,67,13,40
1,<environment.Job instance at 0x14de06aefe60>,26,3,[10  1],41,67,70,26,41
1,<environment.Job instance at 0x14de06aefcd0>,27,2,[1 7],42,56,58,14,42
1,<environment.Job instance at 0x14de1181c7d0>,30,2,[1 8],46,58,60,12,48
1,<environment.Job instance at 0x14de1181cd20>,31,2,[1 5],48,48,50,0,48
1,<environment.Job instance at 0x14de1181c0a0>,32,15,[10  1],49,70,85,21,56
1,<environment.Job instance at 0x14de1181cf00>,34,1,[8 2],51,85,86,34,57
1,<environment.Job instance at 0x14de1181c370>,36,2,[6 1],54,86,88,32,63
1,<environment.Job instance at 0x14de1181cb90>,37,3,[10  1],56,88,91,32,63
1,<environment.Job instance at 0x14de11802820>,38,3,[10  2],57,91,94,34,65
1,<environment.Job instance at 0x14de096c3f00>,14,2,[1 5],25,308,310,283,308
1,<environment.Job instance at 0x14de1180deb0>,3,3,[1 6],4,4,7,0,4
1,<environment.Job instance at 0x14de096d10a0>,5,2,[ 1 10],6,7,9,1,6
1,<environment.Job instance at 0x14de06733aa0>,6,17,[2 9],7,9,26,2,7
1,<environment.Job instance at 0x14de067336e0>,7,15,[7 2],8,26,41,18,12
1,<environment.Job instance at 0x14de06733d70>,11,3,[2 8],12,26,29,14,12
1,<environment.Job instance at 0x14de069dd550>,19,2,[10  1],24,41,43,17,24
1,<environment.Job instance at 0x14de115ccaf0>,20,2,[2 7],26,29,31,3,26
1,<environment.Job instance at 0x14de0ad38820>,21,1,[5 2],27,43,44,16,27
1,<environment.Job instance at 0x14de06c37b90>,22,1,[2 5],28,31,32,3,28
1,<environment.Job instance at 0x14de09681140>,23,2,[ 1 10],30,44,46,14,30
1,<environment.Job instance at 0x14de0aa001e0>,24,3,[2 5],31,32,35,1,31
1,<environment.Job instance at 0x14de0aa00320>,25,12,[6 1],32,46,58,14,32
1,<environment.Job instance at 0x14de10bbd780>,26,2,[5 2],33,58,60,25,33
1,<environment.Job instance at 0x14de0a926460>,30,3,[10  2],39,60,63,21,39
1,<environment.Job instance at 0x14de0a926320>,33,3,[1 7],43,46,49,3,44
1,<environment.Job instance at 0x14de10d11320>,36,17,[9 2],48,84,101,36,84
1,<environment.Job instance at 0x14de10d11b90>,40,3,[2 7],52,101,104,49,84
1,<environment.Job instance at 0x14de13b7da00>,1,3,[1 7],3,3,6,0,3
1,<environment.Job instance at 0x14de06733870>,4,17,[9 1],6,6,23,0,6
1,<environment.Job instance at 0x14de094db410>,5,3,[5 1],7,23,26,16,7
1,<environment.Job instance at 0x14de0898a2d0>,7,1,[1 8],9,9,10,0,9
1,<environment.Job instance at 0x14de0898a140>,8,12,[9 2],10,26,38,16,10
1,<environment.Job instance at 0x14de0898ae10>,10,3,[9 2],12,38,41,26,12
1,<environment.Job instance at 0x14de54768dc0>,12,16,[10  2],14,41,57,27,28
1,<environment.Job instance at 0x14de0987f370>,23,3,[7 1],27,57,60,30,32
1,<environment.Job instance at 0x14de0987f3c0>,24,13,[10  1],28,60,73,32,44
1,<environment.Job instance at 0x14de09687f50>,27,2,[10  2],32,73,75,41,46
1,<environment.Job instance at 0x14de098dcfa0>,28,3,[7 1],36,75,78,39,49
1,<environment.Job instance at 0x14de0896e5a0>,29,3,[2 8],37,57,60,20,49
1,<environment.Job instance at 0x14de0896e5f0>,30,3,[1 9],38,75,78,37,49
1,<environment.Job instance at 0x14de0896e730>,31,16,[10  1],39,78,94,39,65
1,<environment.Job instance at 0x14de09787230>,34,12,[7 1],44,94,106,50,77
1,<environment.Job instance at 0x14de0944dbe0>,35,3,[10  1],47,106,109,59,80
1,<environment.Job instance at 0x14de0944df00>,36,3,[6 1],49,109,112,60,83
1,<environment.Job instance at 0x14de0954cbe0>,37,3,[8 1],50,112,115,62,86
1,<environment.Job instance at 0x14de06911410>,40,1,[7 1],56,115,116,59,87
1,<environment.Job instance at 0x14de06911b40>,41,2,[5 1],57,116,118,59,89
1,<environment.Job instance at 0x14de069117d0>,42,14,[2 5],58,109,123,51,94
1,<environment.Job instance at 0x14de0648caf0>,16,2,[7 2],20,380,382,360,380
1,<environment.Job instance at 0x14de0ad22fa0>,2,3,[8 1],3,3,6,0,3
1,<environment.Job instance at 0x14de0648caf0>,3,3,[2 6],6,6,9,0,6
1,<environment.Job instance at 0x14de0ad22d70>,5,16,[1 5],11,11,27,0,11
1,<environment.Job instance at 0x14de0ad22cd0>,6,1,[1 9],12,27,28,15,12
1,<environment.Job instance at 0x14de0ad221e0>,7,3,[2 9],14,28,31,14,14
1,<environment.Job instance at 0x14de0ad227d0>,8,1,[10  2],15,31,32,16,15
1,<environment.Job instance at 0x14de0ad22050>,9,1,[5 2],16,16,17,0,16
1,<environment.Job instance at 0x14de119a3b90>,12,16,[ 2 10],22,32,48,10,22
1,<environment.Job instance at 0x14de119a38c0>,13,3,[10  2],23,48,51,25,23
1,<environment.Job instance at 0x14de119a3410>,14,2,[1 6],27,51,53,24,27
1,<environment.Job instance at 0x14de119912d0>,15,3,[1 9],28,53,56,25,28
1,<environment.Job instance at 0x14de10b6feb0>,20,1,[2 8],39,56,57,17,41
1,<environment.Job instance at 0x14de10b6f280>,21,2,[7 2],40,51,53,11,41
1,<environment.Job instance at 0x14de0aa127d0>,22,2,[6 2],41,56,58,15,41
1,<environment.Job instance at 0x14de0acb25a0>,23,3,[9 1],42,53,56,11,42
1,<environment.Job instance at 0x14de10c29050>,25,2,[5 2],44,58,60,14,44
1,<environment.Job instance at 0x14de068f0280>,27,21,[1 8],46,57,78,11,49
1,<environment.Job instance at 0x14de066aa320>,29,2,[6 1],49,60,62,11,60
1,<environment.Job instance at 0x14de066aaa00>,30,2,[ 1 10],50,78,80,28,60
1,<environment.Job instance at 0x14de066aa460>,31,3,[9 2],52,62,65,10,60
1,<environment.Job instance at 0x14de10c3a5f0>,32,2,[5 1],53,65,67,12,60
1,<environment.Job instance at 0x14de10c3ab40>,33,17,[1 9],54,80,97,26,68
1,<environment.Job instance at 0x14de10c3a730>,34,3,[9 2],55,68,71,13,68
1,<environment.Job instance at 0x14de10c3adc0>,35,2,[2 9],57,97,99,40,70
1,<environment.Job instance at 0x14de10c89eb0>,1,1,[5 1],3,3,4,0,3
1,<environment.Job instance at 0x14de118b9370>,2,13,[10  1],5,5,18,0,5
1,<environment.Job instance at 0x14de10c02410>,5,3,[2 8],9,18,21,9,9
1,<environment.Job instance at 0x14de10c02960>,7,2,[8 2],15,18,20,3,15
1,<environment.Job instance at 0x14de061792d0>,10,1,[8 1],19,20,21,1,19
1,<environment.Job instance at 0x14de06179870>,11,3,[1 9],21,21,24,0,21
1,<environment.Job instance at 0x14de10bd2b40>,13,2,[7 2],25,25,27,0,25
1,<environment.Job instance at 0x14de10bd2dc0>,14,12,[7 1],26,27,39,1,26
1,<environment.Job instance at 0x14de10b90500>,20,1,[8 1],35,1861,1862,1826,1861
1,<environment.Job instance at 0x14de10b90fa0>,21,28,[5 1],36,1862,1890,1826,1861
1,<environment.Job instance at 0x14de10b90550>,23,18,[5 1],38,1868,1886,1830,1868
1,<environment.Job instance at 0x14de10b90910>,25,3,[6 2],40,1890,1893,1850,1868
1,<environment.Job instance at 0x14de10b908c0>,26,1,[6 2],41,1893,1894,1852,1868
1,<environment.Job instance at 0x14de10b90960>,27,17,[9 2],43,1894,1911,1851,1883
1,<environment.Job instance at 0x14de10b90f00>,28,1,[7 1],44,1911,1912,1867,1883
1,<environment.Job instance at 0x14de10b90d70>,30,3,[ 1 10],46,1912,1915,1866,1886
1,<environment.Job instance at 0x14de10b906e0>,31,3,[1 5],47,1886,1889,1839,1886
1,<environment.Job instance at 0x14de095e1be0>,32,3,[2 7],48,1889,1892,1841,1886
1,<environment.Job instance at 0x14de095e1b40>,34,2,[2 8],50,1892,1894,1842,1887
1,<environment.Job instance at 0x14de095e1410>,35,2,[5 1],51,1915,1917,1864,1888
1,<environment.Job instance at 0x14de095e1640>,36,1,[6 2],56,1917,1918,1861,1889
1,<environment.Job instance at 0x14de095e1fa0>,38,3,[7 1],58,1918,1921,1860,1892
1,<environment.Job instance at 0x14de095e12d0>,39,3,[7 2],59,1921,1924,1862,1895
1,<environment.Job instance at 0x14de10b90e60>,18,16,[ 1 10],32,2408,2424,2376,2408
1,<environment.Job instance at 0x14de10b90e60>,1,12,[2 6],3,3,15,0,3
1,<environment.Job instance at 0x14de118702d0>,2,1,[9 1],5,15,16,10,5
1,<environment.Job instance at 0x14de073b2820>,5,16,[8 1],10,16,32,6,10
1,<environment.Job instance at 0x14de073b23c0>,6,16,[1 6],11,15,31,4,14
1,<environment.Job instance at 0x14de073b2e10>,11,2,[7 2],18,32,34,14,18
1,<environment.Job instance at 0x14de073b2910>,12,16,[1 9],19,34,50,15,22
1,<environment.Job instance at 0x14de073b2500>,15,3,[9 2],23,50,53,27,29
1,<environment.Job instance at 0x14de073b25a0>,16,13,[1 9],24,53,66,29,41
1,<environment.Job instance at 0x14de073b2cd0>,17,2,[1 8],25,50,52,25,41
1,<environment.Job instance at 0x14de1194d7d0>,7,2,[10  2],13,66,68,53,42
1,<environment.Job instance at 0x14de065a8af0>,22,3,[6 2],32,68,71,36,42
1,<environment.Job instance at 0x14de065a8be0>,23,2,[6 2],33,71,73,38,44
1,<environment.Job instance at 0x14de065a8820>,25,1,[6 1],36,53,54,17,50
1,<environment.Job instance at 0x14de065a8cd0>,26,12,[ 1 10],37,73,85,36,56
1,<environment.Job instance at 0x14de065a8460>,27,3,[2 7],39,68,71,29,56
1,<environment.Job instance at 0x14de065a8c80>,28,1,[1 6],40,71,72,31,56
1,<environment.Job instance at 0x14de065a8b90>,29,3,[8 2],41,85,88,44,59
1,<environment.Job instance at 0x14de065a8eb0>,34,3,[7 1],46,61,64,15,61
1,<environment.Job instance at 0x14de065a85f0>,35,14,[8 2],47,88,102,41,73
1,<environment.Job instance at 0x14de073b2be0>,10,1,[10  2],17,363,364,346,363
1,<environment.Job instance at 0x14de0ad84190>,1,1,[10  2],3,3,4,0,3
1,<environment.Job instance at 0x14de0acb92d0>,3,21,[2 5],5,5,26,0,5
1,<environment.Job instance at 0x14de0acb9780>,4,15,[5 2],6,6,21,0,6
1,<environment.Job instance at 0x14de0acb9050>,5,3,[2 7],8,26,29,18,8
1,<environment.Job instance at 0x14de0acb9c30>,6,15,[7 2],9,21,36,12,9
1,<environment.Job instance at 0x14de0acb9910>,7,15,[6 1],10,36,51,26,22
1,<environment.Job instance at 0x14de07422320>,14,2,[10  2],18,51,53,33,24
1,<environment.Job instance at 0x14de07422730>,15,15,[9 2],20,53,68,33,39
1,<environment.Job instance at 0x14de09666500>,18,1,[1 7],23,39,40,16,39
1,<environment.Job instance at 0x14de067e6690>,20,1,[6 2],27,68,69,41,41
1,<environment.Job instance at 0x14de067e6460>,21,1,[5 1],28,69,70,41,41
1,<environment.Job instance at 0x14de067e6e10>,22,1,[2 6],30,41,42,11,41
1,<environment.Job instance at 0x14de067e6410>,23,3,[2 6],31,42,45,11,41
1,<environment.Job instance at 0x14de067e65f0>,24,2,[9 1],32,70,72,38,43
1,<environment.Job instance at 0x14de067e69b0>,26,2,[7 2],35,72,74,37,47
1,<environment.Job instance at 0x14de067e6f00>,27,2,[9 2],36,74,76,38,47
1,<environment.Job instance at 0x14de067e6870>,28,3,[5 1],37,76,79,39,50
1,<environment.Job instance at 0x14de067e6320>,29,2,[ 1 10],38,79,81,41,52
1,<environment.Job instance at 0x14de067fd1e0>,32,1,[8 2],43,187,188,144,187
1,<environment.Job instance at 0x14de0965b550>,33,17,[7 1],44,188,205,144,187
1,<environment.Job instance at 0x14de0965ba00>,35,13,[2 8],46,188,201,142,188
1,<environment.Job instance at 0x14de0963a410>,37,1,[8 2],48,205,206,157,189
1,<environment.Job instance at 0x14de0acceb40>,38,1,[5 2],49,206,207,157,189
1,<environment.Job instance at 0x14de09641c30>,39,1,[7 1],50,207,208,157,189
1,<environment.Job instance at 0x14de09641190>,40,1,[1 8],51,201,202,150,189
1,<environment.Job instance at 0x14de093ba1e0>,41,2,[6 2],52,208,210,156,189
1,<environment.Job instance at 0x14de093f7e60>,43,1,[6 2],55,210,211,155,189
1,<environment.Job instance at 0x14de0614bd70>,44,3,[8 2],56,211,214,155,189
1,<environment.Job instance at 0x14de0614ba00>,45,2,[ 1 10],58,214,216,156,189
1,<environment.Job instance at 0x14de093da500>,46,13,[10  1],59,216,229,157,200
1,<environment.Job instance at 0x14de07422f00>,1,2,[7 2],2,2,4,0,2
1,<environment.Job instance at 0x14de064f5fa0>,2,3,[10  1],3,4,7,1,3
1,<environment.Job instance at 0x14de07422be0>,3,3,[6 1],4,7,10,3,4
1,<environment.Job instance at 0x14de10ba31e0>,9,2,[8 2],10,10,12,0,10
1,<environment.Job instance at 0x14de10ba30f0>,10,3,[2 8],11,11,14,0,11
1,<environment.Job instance at 0x14de11842320>,11,2,[2 5],12,14,16,2,12
1,<environment.Job instance at 0x14de11842fa0>,15,3,[10  2],17,17,20,0,17
1,<environment.Job instance at 0x14de11842640>,16,3,[2 5],19,20,23,1,19
1,<environment.Job instance at 0x14de11842690>,17,17,[1 7],20,23,40,3,20
1,<environment.Job instance at 0x14de118423c0>,18,3,[7 2],21,21,24,0,21
1,<environment.Job instance at 0x14de118427d0>,19,2,[2 9],22,40,42,18,22
1,<environment.Job instance at 0x14de11842280>,20,2,[2 7],23,42,44,19,23
1,<environment.Job instance at 0x14de11842a00>,21,18,[6 1],25,26,44,1,26
1,<environment.Job instance at 0x14de11842c80>,23,2,[10  1],27,44,46,17,29
1,<environment.Job instance at 0x14de119064b0>,27,1,[6 1],32,52,53,20,52
1,<environment.Job instance at 0x14de11906f50>,28,2,[9 1],34,53,55,19,52
1,<environment.Job instance at 0x14de11906640>,29,19,[1 5],36,52,71,16,52
1,<environment.Job instance at 0x14de11906140>,30,1,[8 1],37,55,56,18,52
1,<environment.Job instance at 0x14de11906fa0>,31,1,[5 1],39,56,57,17,52
1,<environment.Job instance at 0x14de06405140>,32,2,[7 2],40,57,59,17,52
1,<environment.Job instance at 0x14de06405be0>,34,3,[1 8],43,133,136,90,133
1,<environment.Job instance at 0x14de06405c80>,36,2,[7 2],46,133,135,87,133
1,<environment.Job instance at 0x14de064055f0>,37,1,[6 1],47,135,136,88,133
1,<environment.Job instance at 0x14de06405820>,38,2,[6 1],49,136,138,87,133
1,<environment.Job instance at 0x14de06405b40>,40,15,[10  2],54,138,153,84,133
1,<environment.Job instance at 0x14de06405b90>,41,2,[7 2],55,153,155,98,133
1,<environment.Job instance at 0x14de06405230>,42,1,[1 5],57,136,137,79,133
1,<environment.Job instance at 0x14de06f120a0>,5,3,[2 7],6,238,241,232,238
1,<environment.Job instance at 0x14de11825aa0>,5,2,[10  2],7,7,9,0,7
1,<environment.Job instance at 0x14de08976370>,7,1,[7 2],12,12,13,0,12
1,<environment.Job instance at 0x14de068f0be0>,9,3,[2 5],14,14,17,0,14
1,<environment.Job instance at 0x14de068f0dc0>,11,12,[5 2],17,17,29,0,17
1,<environment.Job instance at 0x14de0897e050>,12,1,[10  1],18,29,30,11,18
1,<environment.Job instance at 0x14de0897e690>,13,3,[10  1],21,30,33,9,21
1,<environment.Job instance at 0x14de0951f7d0>,14,2,[ 2 10],22,33,35,11,22
1,<environment.Job instance at 0x14de0897e5f0>,15,3,[9 2],23,35,38,12,23
1,<environment.Job instance at 0x14de13279a00>,16,1,[1 9],24,38,39,14,24
1,<environment.Job instance at 0x14de0897e2d0>,17,1,[8 2],27,39,40,12,27
1,<environment.Job instance at 0x14de13279b40>,19,1,[9 2],30,40,41,10,30
1,<environment.Job instance at 0x14de0676e460>,20,1,[10  1],31,41,42,10,31
1,<environment.Job instance at 0x14de0676eeb0>,23,3,[6 2],36,48,51,12,48
1,<environment.Job instance at 0x14de0676ec30>,25,15,[2 5],39,62,77,23,62
1,<environment.Job instance at 0x14de0676e2d0>,27,2,[7 1],41,62,64,21,62
1,<environment.Job instance at 0x14de0676ee10>,28,1,[8 1],42,64,65,22,62
1,<environment.Job instance at 0x14de0676e7d0>,29,2,[10  2],43,77,79,34,62
1,<environment.Job instance at 0x14de0676e550>,30,14,[9 1],44,79,93,35,64
1,<environment.Job instance at 0x14de0676e4b0>,31,3,[9 2],45,93,96,48,67
1,<environment.Job instance at 0x14de0676e500>,35,3,[9 2],51,96,99,45,70
1,<environment.Job instance at 0x14de10c42f50>,36,3,[10  1],52,99,102,47,73
1,<environment.Job instance at 0x14de0bbe76e0>,1,3,[1 9],2,2,5,0,2
1,<environment.Job instance at 0x14de54776c80>,4,3,[2 8],8,8,11,0,8
1,<environment.Job instance at 0x14de06301550>,7,2,[8 2],12,12,14,0,12
1,<environment.Job instance at 0x14de06bf0640>,8,15,[10  1],13,14,29,1,13
1,<environment.Job instance at 0x14de10c02460>,10,1,[8 2],15,29,30,14,15
1,<environment.Job instance at 0x14de13feca00>,11,2,[ 1 10],16,30,32,14,16
1,<environment.Job instance at 0x14de0ad49910>,18,3,[1 7],24,53,56,29,53
1,<environment.Job instance at 0x14de119b13c0>,19,2,[6 2],26,53,55,27,53
1,<environment.Job instance at 0x14de119b1d70>,20,3,[9 1],27,55,58,28,53
1,<environment.Job instance at 0x14de119b15a0>,21,14,[7 1],28,58,72,30,53
1,<environment.Job instance at 0x14de119b1910>,23,14,[9 2],30,72,86,42,57
1,<environment.Job instance at 0x14de119b1e60>,26,1,[6 1],33,86,87,53,66
1,<environment.Job instance at 0x14de060fab40>,29,2,[8 2],36,87,89,51,68
1,<environment.Job instance at 0x14de0bbe3e60>,30,1,[9 2],37,89,90,52,68
1,<environment.Job instance at 0x14de066e3aa0>,31,2,[1 7],38,68,70,30,68
1,<environment.Job instance at 0x14de067fdf50>,33,16,[2 9],42,90,106,48,77
1,<environment.Job instance at 0x14de06bd8870>,37,1,[5 2],48,106,107,58,89
1,<environment.Job instance at 0x14de06bd8e60>,38,1,[8 2],49,107,108,58,89
1,<environment.Job instance at 0x14de06bd84b0>,39,2,[7 2],51,108,110,57,89
1,<environment.Job instance at 0x14de0a80e730>,40,3,[6 1],53,90,93,37,89
1,<environment.Job instance at 0x14de0a89e230>,41,2,[10  1],54,110,112,56,89
1,<environment.Job instance at 0x14de06911c80>,42,1,[9 1],55,112,113,57,89
1,<environment.Job instance at 0x14de06911690>,43,3,[5 1],56,93,96,37,89
1,<environment.Job instance at 0x14de06911a50>,44,3,[1 6],57,106,109,49,89
1,<environment.Job instance at 0x14de09642640>,1,3,[9 1],6,6,9,0,6
1,<environment.Job instance at 0x14de0668ecd0>,3,2,[1 8],9,9,11,0,9
1,<environment.Job instance at 0x14de0668e6e0>,5,2,[9 2],13,13,15,0,13
1,<environment.Job instance at 0x14de0ad45aa0>,9,3,[1 8],21,21,24,0,21
1,<environment.Job instance at 0x14de0652bc30>,12,12,[7 2],26,26,38,0,26
1,<environment.Job instance at 0x14de0652b190>,13,15,[ 2 10],32,38,53,6,32
1,<environment.Job instance at 0x14de10c189b0>,14,2,[5 2],33,53,55,20,33
1,<environment.Job instance at 0x14de10c18500>,15,2,[7 2],34,55,57,21,34
1,<environment.Job instance at 0x14de06b8f320>,23,3,[2 8],43,53,56,10,43
1,<environment.Job instance at 0x14de06b8fe60>,24,3,[8 2],45,57,60,12,45
1,<environment.Job instance at 0x14de06b8f730>,25,1,[ 2 10],46,60,61,14,46
1,<environment.Job instance at 0x14de0896b910>,26,2,[1 6],47,56,58,9,47
1,<environment.Job instance at 0x14de0896bb40>,27,2,[8 1],48,61,63,13,48
1,<environment.Job instance at 0x14de0896bc30>,30,13,[7 1],52,63,76,11,52
1,<environment.Job instance at 0x14de0896beb0>,31,3,[ 2 10],55,76,79,21,55
1,<environment.Job instance at 0x14de10c115f0>,34,2,[10  2],58,79,81,21,58
1,<environment.Job instance at 0x14de10c11410>,35,2,[1 7],59,61,63,2,59
1,<environment.Job instance at 0x14de06241c30>,4,3,[6 1],7,7,10,0,7
1,<environment.Job instance at 0x14de10d774b0>,5,2,[ 1 10],8,10,12,2,8
1,<environment.Job instance at 0x14de06f125f0>,6,1,[7 1],9,12,13,3,9
1,<environment.Job instance at 0x14de06f126e0>,7,1,[2 6],12,12,13,0,12
1,<environment.Job instance at 0x14de118ca500>,8,2,[10  2],13,13,15,0,13
1,<environment.Job instance at 0x14de06a35f50>,11,1,[6 1],16,16,17,0,16
1,<environment.Job instance at 0x14de06becd20>,12,3,[8 1],18,18,21,0,18
1,<environment.Job instance at 0x14de06a35d20>,13,15,[6 1],22,22,37,0,22
1,<environment.Job instance at 0x14de06a55d70>,15,17,[10  1],26,37,54,11,26
1,<environment.Job instance at 0x14de0a9aca00>,16,3,[2 6],27,27,30,0,27
1,<environment.Job instance at 0x14de0a9ac6e0>,17,2,[7 1],28,54,56,26,28
1,<environment.Job instance at 0x14de0aca9280>,25,12,[2 8],41,54,66,13,48
1,<environment.Job instance at 0x14de0aca9a00>,28,1,[9 1],44,66,67,22,64
1,<environment.Job instance at 0x14de0aca9d20>,29,1,[ 2 10],45,67,68,22,64
1,<environment.Job instance at 0x14de0aca9870>,30,12,[2 8],48,68,80,20,64
1,<environment.Job instance at 0x14de05fe9be0>,31,3,[ 1 10],51,80,83,29,64
1,<environment.Job instance at 0x14de05fe9cd0>,32,1,[8 2],52,64,65,12,64
1,<environment.Job instance at 0x14de05fe9730>,33,18,[9 1],53,83,101,30,72
1,<environment.Job instance at 0x14de069dd7d0>,34,2,[8 1],55,72,74,17,72
1,<environment.Job instance at 0x14de05fe9fa0>,35,13,[8 2],56,101,114,45,85
1,<environment.Job instance at 0x14de0a9ac8c0>,23,1,[1 7],38,355,356,317,355
1,<environment.Job instance at 0x14de0a9ac0a0>,22,2,[2 8],35,474,476,439,474
1,<environment.Job instance at 0x14de05f862d0>,0,3,[8 2],3,3,6,0,3
1,<environment.Job instance at 0x14de05f3bbe0>,1,1,[1 7],4,4,5,0,4
1,<environment.Job instance at 0x14de05f3baf0>,2,3,[2 8],5,5,8,0,5
1,<environment.Job instance at 0x14de0a9ac5a0>,5,1,[1 7],10,10,11,0,10
1,<environment.Job instance at 0x14de094ee640>,6,21,[9 1],11,11,32,0,11
1,<environment.Job instance at 0x14de09822dc0>,7,16,[1 6],12,12,28,0,12
1,<environment.Job instance at 0x14de09568550>,8,15,[10  2],13,32,47,19,18
1,<environment.Job instance at 0x14de09568730>,12,1,[1 9],19,28,29,9,19
1,<environment.Job instance at 0x14de09568370>,13,1,[2 7],20,47,48,27,20
1,<environment.Job instance at 0x14de1184fbe0>,14,2,[1 8],21,29,31,8,21
1,<environment.Job instance at 0x14de09568a50>,15,1,[1 9],23,31,32,8,23
1,<environment.Job instance at 0x14de1184f370>,16,2,[ 2 10],25,48,50,23,25
1,<environment.Job instance at 0x14de06a20230>,17,3,[9 1],26,50,53,24,26
1,<environment.Job instance at 0x14de5d48d190>,18,12,[9 1],27,53,65,26,36
1,<environment.Job instance at 0x14de060a0eb0>,21,3,[ 2 10],31,65,68,34,39
1,<environment.Job instance at 0x14de06b3c1e0>,25,1,[5 1],36,47,48,11,40
1,<environment.Job instance at 0x14de10bc2230>,26,1,[8 1],38,68,69,30,40
1,<environment.Job instance at 0x14de11971c30>,29,3,[1 9],42,50,53,8,42
1,<environment.Job instance at 0x14de093f2f50>,33,3,[2 5],48,68,71,20,48
1,<environment.Job instance at 0x14de093f2a00>,36,3,[2 9],51,71,74,20,55
1,<environment.Job instance at 0x14de06ccce60>,38,1,[10  1],53,74,75,21,55
1,<environment.Job instance at 0x14de115d2960>,41,3,[9 2],56,75,78,19,56
1,<environment.Job instance at 0x14de06b00f50>,44,3,[2 5],59,78,81,19,59
1,<environment.Job instance at 0x1493b387ca00>,1,3,[1 9],2,2,5,0,2
1,<environment.Job instance at 0x14935d01fb40>,3,1,[6 2],4,5,6,1,4
1,<environment.Job instance at 0x14935d01f1e0>,4,2,[7 2],5,6,8,1,5
1,<environment.Job instance at 0x14935d01f730>,5,3,[9 2],6,8,11,2,6
1,<environment.Job instance at 0x14935d01fd70>,6,18,[8 1],7,11,29,4,7
1,<environment.Job instance at 0x1493b387c5f0>,9,2,[6 1],11,29,31,18,11
1,<environment.Job instance at 0x14935d01f6e0>,11,3,[1 8],13,13,16,0,13
1,<environment.Job instance at 0x14935d77fe60>,12,3,[1 8],14,16,19,2,14
1,<environment.Job instance at 0x14935d850f50>,13,2,[8 1],17,31,33,14,17
1,<environment.Job instance at 0x14935d6afbe0>,18,2,[10  1],25,33,35,8,25
1,<environment.Job instance at 0x14935d6f8f00>,19,3,[6 2],26,35,38,9,26
1,<environment.Job instance at 0x14935d82a960>,21,3,[6 1],29,38,41,9,29
1,<environment.Job instance at 0x14935d73c0a0>,25,2,[2 8],34,35,37,1,34
1,<environment.Job instance at 0x14935d73c460>,26,1,[2 7],35,37,38,2,35
1,<environment.Job instance at 0x14935d73c5a0>,27,2,[2 7],36,38,40,2,36
1,<environment.Job instance at 0x14935d7e25a0>,28,2,[2 7],37,40,42,3,37
1,<environment.Job instance at 0x14935d73ce10>,29,16,[10  2],39,42,58,3,39
1,<environment.Job instance at 0x14935d79d7d0>,31,3,[9 2],41,58,61,17,41
1,<environment.Job instance at 0x14935d72c190>,32,3,[2 9],42,61,64,19,42
1,<environment.Job instance at 0x14935d72c370>,33,1,[2 7],43,64,65,21,43
1,<environment.Job instance at 0x14935d72cc30>,38,1,[8 1],51,70,71,19,70
1,<environment.Job instance at 0x14935d72cf50>,39,3,[1 5],52,70,73,18,70
1,<environment.Job instance at 0x14935d795b40>,40,3,[1 6],53,73,76,20,70
1,<environment.Job instance at 0x14935d795460>,42,1,[10  1],56,87,88,31,87
1,<environment.Job instance at 0x14935d730e10>,43,3,[7 2],57,88,91,31,87
1,<environment.Job instance at 0x14935d730320>,44,3,[1 8],58,88,91,30,87
1,<environment.Job instance at 0x14935d730410>,45,3,[2 8],60,91,94,31,87
1,<environment.Job instance at 0x14935d730eb0>,46,2,[2 8],61,94,96,33,87
1,<environment.Job instance at 0x14935d7300f0>,47,1,[1 6],63,96,97,33,87
1,<environment.Job instance at 0x14935d730be0>,48,1,[2 9],65,97,98,32,87
1,<environment.Job instance at 0x14935d730a50>,49,16,[8 2],66,98,114,32,87
1,<environment.Job instance at 0x14935d730460>,50,12,[9 1],68,114,126,46,97
1,<environment.Job instance at 0x14935d730640>,51,2,[8 2],69,126,128,57,99
1,<environment.Job instance at 0x14935d72c230>,36,3,[10  2],48,340,343,292,340
1,<environment.Job instance at 0x14935d72c7d0>,1,3,[6 1],3,3,6,0,3
1,<environment.Job instance at 0x14935f8d4050>,7,1,[1 9],15,15,16,0,15
1,<environment.Job instance at 0x14935f8d44b0>,8,17,[8 1],16,16,33,0,16
1,<environment.Job instance at 0x14935f8d81e0>,9,3,[1 5],17,17,20,0,17
1,<environment.Job instance at 0x14935f8d88c0>,10,3,[9 2],18,33,36,15,18
1,<environment.Job instance at 0x14935f8d86e0>,11,3,[10  1],19,36,39,17,19
1,<environment.Job instance at 0x14935f8d8550>,12,12,[9 1],21,39,51,18,22
1,<environment.Job instance at 0x14935f8d80a0>,14,3,[1 9],23,23,26,0,23
1,<environment.Job instance at 0x14935f8d8dc0>,19,3,[2 9],29,29,32,0,29
1,<environment.Job instance at 0x14935f81b320>,21,2,[6 2],33,51,53,18,33
1,<environment.Job instance at 0x14935f81beb0>,22,3,[6 2],36,53,56,17,36
1,<environment.Job instance at 0x14935f81b8c0>,26,3,[2 9],40,56,59,16,40
1,<environment.Job instance at 0x14935f81ba00>,27,3,[7 2],41,59,62,18,41
1,<environment.Job instance at 0x14935fb93780>,29,3,[ 2 10],44,62,65,18,44
1,<environment.Job instance at 0x14935fb93fa0>,31,1,[10  1],47,65,66,18,47
1,<environment.Job instance at 0x14935fb93500>,32,2,[ 1 10],48,66,68,18,48
1,<environment.Job instance at 0x14935fb93690>,33,1,[7 2],50,68,69,18,50
1,<environment.Job instance at 0x14935fb93be0>,34,2,[1 8],51,51,53,0,51
1,<environment.Job instance at 0x14935fb933c0>,35,2,[2 6],52,53,55,1,52
1,<environment.Job instance at 0x14935f80a5f0>,45,15,[10  2],65,69,84,4,67
1,<environment.Job instance at 0x14935f80aaa0>,47,16,[8 1],67,84,100,17,71
1,<environment.Job instance at 0x14935f918820>,48,17,[1 9],69,84,101,15,74
1,<environment.Job instance at 0x14935f8d89b0>,17,1,[2 5],26,450,451,424,450
1,<environment.Job instance at 0x14935fad1af0>,12,15,[9 2],17,58,73,41,58
1,<environment.Job instance at 0x14935fb0fbe0>,14,1,[1 6],19,58,59,39,58
1,<environment.Job instance at 0x14935fb0f690>,15,1,[1 7],20,59,60,39,58
1,<environment.Job instance at 0x14935fb0f7d0>,16,3,[9 1],23,73,76,50,58
1,<environment.Job instance at 0x14935f888320>,20,3,[7 2],28,254,257,226,254
1,<environment.Job instance at 0x14935f888870>,21,2,[1 8],29,254,256,225,254
1,<environment.Job instance at 0x14935f8887d0>,22,3,[1 7],31,256,259,225,254
1,<environment.Job instance at 0x14935f888820>,24,27,[1 8],33,555,582,522,555
1,<environment.Job instance at 0x14935f888500>,25,3,[1 9],34,582,585,548,556
1,<environment.Job instance at 0x14935f888c80>,26,2,[7 2],35,556,558,521,556
1,<environment.Job instance at 0x14935f8888c0>,27,12,[6 1],36,558,570,522,556
1,<environment.Job instance at 0x14935f9a9b40>,29,3,[5 1],43,570,573,527,559
1,<environment.Job instance at 0x14935f9a9a00>,30,15,[1 7],45,585,600,540,571
1,<environment.Job instance at 0x14935f9a9af0>,31,3,[ 2 10],46,600,603,554,574
1,<environment.Job instance at 0x14935f9a9f50>,34,3,[5 2],52,574,577,522,574
1,<environment.Job instance at 0x14935f9a9820>,37,2,[2 9],55,603,605,548,576
1,<environment.Job instance at 0x14935f9a98c0>,39,19,[ 1 10],58,605,624,547,595
1,<environment.Job instance at 0x14935fad35f0>,41,3,[5 2],60,595,598,535,595
1,<environment.Job instance at 0x14935fa894b0>,46,15,[1 7],65,624,639,559,610
1,<environment.Job instance at 0x14935fa89aa0>,47,3,[ 2 10],67,639,642,572,613
1,<environment.Job instance at 0x14935fa89550>,48,14,[10  1],69,642,656,573,627
1,<environment.Job instance at 0x14935fad1c30>,1,3,[8 1],2,2,5,0,2
1,<environment.Job instance at 0x14935d750dc0>,3,3,[6 1],4,5,8,1,4
1,<environment.Job instance at 0x14935d750e10>,4,2,[10  1],5,8,10,3,5
1,<environment.Job instance at 0x14935fad1fa0>,5,3,[ 2 10],7,10,13,3,7
1,<environment.Job instance at 0x14935d750500>,6,18,[8 1],8,13,31,5,8
1,<environment.Job instance at 0x14935d750280>,8,17,[1 6],11,13,30,2,12
1,<environment.Job instance at 0x14935f833fa0>,12,15,[9 2],20,31,46,11,20
1,<environment.Job instance at 0x14935f833050>,13,1,[9 1],21,46,47,25,21
1,<environment.Job instance at 0x14935f8330a0>,14,12,[1 5],22,30,42,8,22
1,<environment.Job instance at 0x14935f833690>,15,2,[6 2],23,47,49,24,23
1,<environment.Job instance at 0x14935f833280>,16,1,[9 1],25,49,50,24,25
1,<environment.Job instance at 0x14935f8333c0>,17,2,[8 1],26,50,52,24,26
1,<environment.Job instance at 0x14935f833b40>,20,3,[1 5],30,42,45,12,30
1,<environment.Job instance at 0x14935cb269b0>,22,3,[2 8],35,50,53,15,35
1,<environment.Job instance at 0x149360d46230>,27,18,[10  1],46,53,71,7,46
1,<environment.Job instance at 0x14935fb67050>,31,3,[8 1],52,71,74,19,52
1,<environment.Job instance at 0x14935fa3bc80>,36,15,[2 8],58,71,86,13,58
1,<environment.Job instance at 0x14935fa3b460>,42,3,[ 2 10],65,86,89,21,80
1,<environment.Job instance at 0x14935fa3b410>,44,3,[1 5],69,89,92,20,89
1,<environment.Job instance at 0x14935fa3b3c0>,3,2,[8 2],5,5,7,0,5
1,<environment.Job instance at 0x14935d0418c0>,4,3,[1 7],6,6,9,0,6
1,<environment.Job instance at 0x14935d041b90>,5,18,[8 1],7,7,25,0,7
1,<environment.Job instance at 0x14935d041230>,6,1,[5 2],8,25,26,17,8
1,<environment.Job instance at 0x14935d0410a0>,7,1,[1 8],9,9,10,0,9
1,<environment.Job instance at 0x14935d758f00>,8,3,[1 7],10,10,13,0,10
1,<environment.Job instance at 0x149381f2b5a0>,1,1,[7 1],2,26,27,24,13
1,<environment.Job instance at 0x14935d041640>,11,2,[5 2],15,27,29,12,15
1,<environment.Job instance at 0x149360d8cdc0>,13,12,[7 1],18,29,41,11,18
1,<environment.Job instance at 0x14935fc21dc0>,17,1,[2 5],24,24,25,0,24
1,<environment.Job instance at 0x149360ccfb90>,18,3,[1 8],25,25,28,0,25
1,<environment.Job instance at 0x1493800b3500>,19,12,[7 2],27,41,53,14,27
1,<environment.Job instance at 0x1493818da370>,20,2,[7 2],29,53,55,24,29
1,<environment.Job instance at 0x149360ccfbe0>,21,3,[ 2 10],31,55,58,24,31
1,<environment.Job instance at 0x14935fb08320>,15,3,[2 7],20,31,34,11,31
1,<environment.Job instance at 0x14935f8fa370>,23,2,[2 5],34,34,36,0,34
1,<environment.Job instance at 0x14935e2bd500>,25,14,[8 1],36,58,72,22,43
1,<environment.Job instance at 0x14935e2bd5a0>,30,3,[1 9],42,58,61,16,43
1,<environment.Job instance at 0x14935e2bdaa0>,32,3,[5 1],44,72,75,28,46
1,<environment.Job instance at 0x14935f9a5d20>,33,3,[1 7],49,49,52,0,49
1,<environment.Job instance at 0x14935d033b90>,36,2,[10  1],53,75,77,22,53
1,<environment.Job instance at 0x14935d0336e0>,37,3,[1 9],54,61,64,7,54
1,<environment.Job instance at 0x14935d033780>,38,3,[1 8],58,64,67,6,58
1,<environment.Job instance at 0x14935d033c30>,39,2,[2 7],61,67,69,6,61
1,<environment.Job instance at 0x14935d0334b0>,40,2,[9 2],62,77,79,15,62
1,<environment.Job instance at 0x149361067870>,41,3,[5 2],63,72,75,9,63
1,<environment.Job instance at 0x14935e2bd410>,28,21,[7 2],40,2289,2310,2249,2289
1,<environment.Job instance at 0x14935e2bd3c0>,1,3,[5 2],4,4,7,0,4
1,<environment.Job instance at 0x14935fb14730>,3,15,[8 2],6,7,22,1,6
1,<environment.Job instance at 0x14935e2bddc0>,4,17,[10  1],8,22,39,14,10
1,<environment.Job instance at 0x14935fb14280>,7,3,[2 7],13,13,16,0,13
1,<environment.Job instance at 0x14935f9fd4b0>,13,3,[1 8],24,1078,1081,1054,1078
1,<environment.Job instance at 0x14935f9fdaa0>,14,1,[9 2],25,1078,1079,1053,1078
1,<environment.Job instance at 0x14935f9fd500>,16,2,[1 6],28,1081,1083,1053,1078
1,<environment.Job instance at 0x14935f9fdb90>,17,3,[ 2 10],30,1083,1086,1053,1078
1,<environment.Job instance at 0x14935f9fda50>,18,1,[7 2],31,1079,1080,1048,1078
1,<environment.Job instance at 0x14935f9fd870>,19,3,[9 1],32,1080,1083,1048,1078
1,<environment.Job instance at 0x14935f9fde10>,20,16,[9 1],33,1086,1102,1053,1078
1,<environment.Job instance at 0x14935f9fdeb0>,21,1,[6 2],35,1102,1103,1067,1078
1,<environment.Job instance at 0x14935f9fdd70>,22,3,[2 7],36,1102,1105,1066,1078
1,<environment.Job instance at 0x14935f9fd3c0>,24,2,[ 1 10],39,1105,1107,1066,1082
1,<environment.Job instance at 0x14935f9fd910>,25,3,[10  2],40,1107,1110,1067,1082
1,<environment.Job instance at 0x14935f9fd9b0>,26,2,[2 9],41,1110,1112,1069,1083
1,<environment.Job instance at 0x14935f9fd230>,27,3,[9 1],44,1112,1115,1068,1086
1,<environment.Job instance at 0x14935f9fd0a0>,29,16,[1 5],48,1112,1128,1064,1099
1,<environment.Job instance at 0x14935f9fd7d0>,30,3,[5 1],50,1115,1118,1065,1099
1,<environment.Job instance at 0x1493800ae1e0>,32,2,[5 1],53,1103,1105,1050,1100
1,<environment.Job instance at 0x14935f9fd0f0>,33,1,[2 7],54,1128,1129,1074,1100
1,<environment.Job instance at 0x1493800ae780>,34,2,[10  2],55,1129,1131,1074,1102
1,<environment.Job instance at 0x1493800aebe0>,35,2,[6 1],56,1110,1112,1054,1102
1,<environment.Job instance at 0x1493800aef50>,36,3,[9 2],58,1118,1121,1060,1102
1,<environment.Job instance at 0x1493800aedc0>,37,3,[6 2],61,1121,1124,1060,1102
1,<environment.Job instance at 0x1493800aec30>,38,2,[5 2],62,1124,1126,1062,1102
1,<environment.Job instance at 0x1493800ae870>,39,3,[1 7],63,1131,1134,1068,1105
1,<environment.Job instance at 0x1493800aef00>,40,2,[9 2],65,1126,1128,1061,1105
1,<environment.Job instance at 0x1493800ae910>,42,3,[1 7],68,1134,1137,1066,1108
1,<environment.Job instance at 0x14935fbeb1e0>,0,3,[6 1],3,3,6,0,3
1,<environment.Job instance at 0x14935ca0e7d0>,2,2,[2 9],5,5,7,0,5
1,<environment.Job instance at 0x14935ca0edc0>,3,2,[2 5],6,7,9,1,6
1,<environment.Job instance at 0x1493818b25a0>,5,12,[5 2],8,8,20,0,8
1,<environment.Job instance at 0x14935ca0e8c0>,6,3,[8 1],9,20,23,11,9
1,<environment.Job instance at 0x1493818b27d0>,7,3,[8 1],13,23,26,10,13
1,<environment.Job instance at 0x14935cd29a50>,8,1,[10  1],14,26,27,12,14
1,<environment.Job instance at 0x14935cd29050>,12,13,[ 2 10],22,27,40,5,22
1,<environment.Job instance at 0x14936b107780>,13,1,[2 6],23,23,24,0,23
1,<environment.Job instance at 0x14935f7c1be0>,16,3,[2 9],27,40,43,13,27
1,<environment.Job instance at 0x14938016dd20>,26,3,[10  1],41,43,46,2,41
1,<environment.Job instance at 0x14936b084af0>,28,15,[1 5],43,46,61,3,43
1,<environment.Job instance at 0x14935d70afa0>,29,3,[1 9],44,61,64,17,44
1,<environment.Job instance at 0x14935d70a460>,32,15,[10  1],49,64,79,15,50
1,<environment.Job instance at 0x14935cb52d20>,43,3,[1 6],64,79,82,15,64
1,<environment.Job instance at 0x14936b95aeb0>,47,15,[7 2],68,79,94,11,70
1,<environment.Job instance at 0x14936a8c95f0>,48,16,[2 8],69,82,98,13,71
1,<environment.Job instance at 0x14935d70a0f0>,33,1,[2 8],50,230,231,180,230
1,<environment.Job instance at 0x14936af67500>,1,3,[2 8],2,2,5,0,2
1,<environment.Job instance at 0x14935f7b7b90>,3,3,[5 2],6,6,9,0,6
1,<environment.Job instance at 0x14935caa78c0>,4,1,[6 2],8,9,10,1,8
1,<environment.Job instance at 0x14936af86050>,9,2,[10  1],14,14,16,0,14
1,<environment.Job instance at 0x14936a8ad780>,10,2,[2 7],16,16,18,0,16
1,<environment.Job instance at 0x149360ca5fa0>,11,1,[5 2],17,17,18,0,17
1,<environment.Job instance at 0x14936af86870>,12,1,[2 5],18,18,19,0,18
1,<environment.Job instance at 0x14935d752fa0>,13,2,[ 1 10],20,20,22,0,20
1,<environment.Job instance at 0x149360cb1320>,14,3,[2 5],21,22,25,1,21
1,<environment.Job instance at 0x14936af88d20>,15,12,[6 1],22,22,34,0,22
1,<environment.Job instance at 0x14936af88a00>,16,2,[5 2],23,34,36,11,23
1,<environment.Job instance at 0x14936af86a00>,17,1,[7 1],26,36,37,10,26
1,<environment.Job instance at 0x14936af88c80>,18,2,[7 1],27,37,39,10,27
1,<environment.Job instance at 0x14936af88dc0>,19,1,[7 2],28,39,40,11,28
1,<environment.Job instance at 0x14936af168c0>,20,3,[10  2],29,40,43,11,29
1,<environment.Job instance at 0x149360ca0320>,21,2,[5 2],30,34,36,4,30
1,<environment.Job instance at 0x14936bba6820>,23,3,[1 7],33,36,39,3,33
1,<environment.Job instance at 0x14935c8f3050>,26,17,[9 2],38,43,60,5,38
1,<environment.Job instance at 0x14935c8f30a0>,27,1,[6 2],39,60,61,21,39
1,<environment.Job instance at 0x14935c8f3370>,29,1,[1 7],41,43,44,2,41
1,<environment.Job instance at 0x14935c8f3b40>,30,3,[2 7],42,60,63,18,42
1,<environment.Job instance at 0x14935c8f3640>,31,2,[1 5],43,44,46,1,43
1,<environment.Job instance at 0x14935c8f3870>,33,1,[2 5],46,63,64,17,46
1,<environment.Job instance at 0x14936a89da00>,34,15,[7 1],47,61,76,14,47
1,<environment.Job instance at 0x14935e283280>,35,1,[2 6],48,64,65,16,48
1,<environment.Job instance at 0x149360cc2e60>,37,1,[2 6],51,65,66,14,51
1,<environment.Job instance at 0x149360cc2640>,38,3,[1 7],53,53,56,0,53
1,<environment.Job instance at 0x149360cc2eb0>,39,17,[2 7],54,66,83,12,54
1,<environment.Job instance at 0x14935c8f0410>,45,12,[9 2],60,83,95,23,66
1,<environment.Job instance at 0x149360cb9dc0>,49,16,[10  2],64,95,111,31,82
1,<environment.Job instance at 0x149360cb9c30>,3,1,[2 5],4,4,5,0,4
1,<environment.Job instance at 0x14935d85fb40>,7,13,[10  1],8,8,21,0,8
1,<environment.Job instance at 0x1493610ccf50>,9,1,[ 2 10],10,21,22,11,10
1,<environment.Job instance at 0x14935c6d1140>,10,2,[10  2],12,22,24,10,12
1,<environment.Job instance at 0x14935c891af0>,11,3,[7 1],16,24,27,8,16
1,<environment.Job instance at 0x149360c0c500>,12,3,[2 8],17,24,27,7,17
1,<environment.Job instance at 0x14936b079af0>,13,3,[1 9],18,27,30,9,18
1,<environment.Job instance at 0x14935cdd2640>,14,16,[10  1],19,30,46,11,19
1,<environment.Job instance at 0x14936bb87dc0>,15,3,[2 9],20,46,49,26,20
1,<environment.Job instance at 0x14935f77a320>,17,12,[7 1],24,46,58,22,29
1,<environment.Job instance at 0x14935ecdcaf0>,20,3,[8 1],30,58,61,28,32
1,<environment.Job instance at 0x14935c827050>,23,1,[7 1],36,61,62,25,37
1,<environment.Job instance at 0x14936b0f8d20>,24,2,[5 1],37,62,64,25,37
1,<environment.Job instance at 0x14936b0f8d70>,25,14,[2 5],38,49,63,11,38
1,<environment.Job instance at 0x14935fa25820>,26,3,[5 2],40,63,66,23,40
1,<environment.Job instance at 0x14935c8265a0>,29,3,[8 1],43,66,69,23,50
1,<environment.Job instance at 0x14935c8267d0>,30,3,[2 6],46,64,67,18,50
1,<environment.Job instance at 0x149381f31a50>,32,16,[1 5],51,67,83,16,56
1,<environment.Job instance at 0x149381f31d70>,33,1,[1 9],52,83,84,31,56
1,<environment.Job instance at 0x149381f31460>,34,3,[2 9],54,84,87,30,58
1,<environment.Job instance at 0x149381f31f00>,35,1,[10  2],55,87,88,32,59
1,<environment.Job instance at 0x149381f31b90>,36,1,[5 2],56,69,70,13,59
1,<environment.Job instance at 0x14935fc375f0>,38,2,[ 1 10],60,88,90,28,66
1,<environment.Job instance at 0x14935fc370a0>,39,16,[ 2 10],62,90,106,28,77
1,<environment.Job instance at 0x1493637cd460>,40,3,[10  2],63,106,109,43,80
1,<environment.Job instance at 0x1493637cdd20>,42,3,[1 9],68,109,112,41,83
1,<environment.Job instance at 0x14938014f370>,1,1,[6 2],2,2,3,0,2
1,<environment.Job instance at 0x14935ccfa910>,2,3,[10  2],4,4,7,0,4
1,<environment.Job instance at 0x14935fb56e60>,3,3,[5 1],8,8,11,0,8
1,<environment.Job instance at 0x14935fafc410>,5,2,[7 2],10,11,13,1,10
1,<environment.Job instance at 0x14938011f550>,7,3,[9 1],12,13,16,1,12
1,<environment.Job instance at 0x14935f9fb640>,11,21,[1 8],16,17,38,1,17
1,<environment.Job instance at 0x14935f9fbf00>,13,2,[6 1],19,19,21,0,19
1,<environment.Job instance at 0x14935f9fba50>,14,2,[ 1 10],20,38,40,18,20
1,<environment.Job instance at 0x14935f9fb550>,15,3,[9 2],22,22,25,0,22
1,<environment.Job instance at 0x14935f9fb500>,16,2,[5 1],23,25,27,2,23
1,<environment.Job instance at 0x14935fa23820>,17,17,[1 9],24,40,57,16,28
1,<environment.Job instance at 0x149380115a50>,22,13,[10  1],35,57,70,22,41
1,<environment.Job instance at 0x1493637e7410>,25,3,[2 8],39,70,73,31,44
1,<environment.Job instance at 0x1493637e7190>,27,2,[8 2],45,70,72,25,45
1,<environment.Job instance at 0x149360fa4730>,29,3,[6 2],47,72,75,25,50
1,<environment.Job instance at 0x1493800707d0>,30,1,[8 1],49,50,51,1,50
1,<environment.Job instance at 0x149380070dc0>,31,3,[1 9],51,75,78,24,51
1,<environment.Job instance at 0x14936a8a93c0>,33,2,[7 2],55,78,80,23,55
1,<environment.Job instance at 0x14935d80b280>,36,3,[9 2],58,310,313,252,310
1,<environment.Job instance at 0x14935d80b2d0>,37,2,[7 1],61,313,315,252,310
1,<environment.Job instance at 0x14935f73c190>,38,16,[ 1 10],62,315,331,253,310
1,<environment.Job instance at 0x14935f73cbe0>,39,3,[2 5],64,331,334,267,310
1,<environment.Job instance at 0x14935f73c1e0>,40,1,[8 1],65,331,332,266,310
1,<environment.Job instance at 0x14935f73c5f0>,42,13,[8 2],67,332,345,265,322
1,<environment.Job instance at 0x149369259f50>,44,15,[6 1],69,345,360,276,331
1,<environment.Job instance at 0x14935cd63be0>,1,17,[9 2],3,3,20,0,3
1,<environment.Job instance at 0x149360fc6aa0>,4,3,[ 1 10],6,20,23,14,6
1,<environment.Job instance at 0x149360f9efa0>,5,3,[1 5],7,7,10,0,7
1,<environment.Job instance at 0x149360f9e370>,6,3,[2 7],8,23,26,15,8
1,<environment.Job instance at 0x14936af57500>,9,2,[5 1],11,23,25,12,11
1,<environment.Job instance at 0x14936bbf4dc0>,10,1,[6 2],16,25,26,9,16
1,<environment.Job instance at 0x14935cbaf870>,12,3,[7 1],18,26,29,8,18
1,<environment.Job instance at 0x14935c8914b0>,13,3,[7 2],19,29,32,10,19
1,<environment.Job instance at 0x1493b3847960>,14,14,[1 5],21,26,40,5,21
1,<environment.Job instance at 0x149360fdceb0>,16,1,[9 1],25,32,33,7,25
1,<environment.Job instance at 0x14935c4669b0>,20,16,[1 6],31,40,56,9,33
1,<environment.Job instance at 0x14935c4663c0>,22,3,[1 7],34,56,59,22,34
1,<environment.Job instance at 0x14935cf045f0>,23,14,[9 2],36,36,50,0,36
1,<environment.Job instance at 0x1493800f6320>,24,1,[10  2],37,59,60,22,37
1,<environment.Job instance at 0x14935cade190>,25,2,[7 2],38,50,52,12,38
1,<environment.Job instance at 0x14935cbde4b0>,29,3,[9 2],43,52,55,9,46
1,<environment.Job instance at 0x149381fd56e0>,30,13,[1 9],44,60,73,16,46
1,<environment.Job instance at 0x14935cbdeaf0>,31,2,[1 8],45,73,75,28,46
1,<environment.Job instance at 0x14935c46e910>,35,17,[2 9],51,75,92,24,63
1,<environment.Job instance at 0x14935fa13f00>,36,3,[6 2],52,92,95,40,66
1,<environment.Job instance at 0x14935fa13b90>,37,2,[6 2],53,73,75,20,66
1,<environment.Job instance at 0x14935ccf7d70>,39,1,[6 1],56,69,70,13,69
1,<environment.Job instance at 0x14935c4a1e60>,41,3,[2 7],59,92,95,33,76
1,<environment.Job instance at 0x14935cda1050>,43,3,[8 2],61,95,98,34,76
1,<environment.Job instance at 0x14935c942f00>,45,1,[6 2],63,98,99,35,76
1,<environment.Job instance at 0x14935c942dc0>,48,3,[7 1],66,99,102,33,91
1,<environment.Job instance at 0x14935c942a50>,49,14,[8 2],67,102,116,35,91
1,<environment.Job instance at 0x149381fd5aa0>,27,3,[1 5],40,1951,1954,1911,1951
1,<environment.Job instance at 0x14935c674870>,0,3,[5 2],2,2,5,0,2
1,<environment.Job instance at 0x14938163f6e0>,2,1,[8 1],4,5,6,1,4
1,<environment.Job instance at 0x149381fd5730>,3,1,[1 5],6,6,7,0,6
1,<environment.Job instance at 0x14935cd5efa0>,6,17,[10  1],10,10,27,0,10
1,<environment.Job instance at 0x14935cd5e4b0>,5,1,[5 2],9,27,28,18,11
1,<environment.Job instance at 0x14935cd5eaf0>,8,1,[10  2],13,28,29,15,13
1,<environment.Job instance at 0x14935cd059b0>,16,2,[1 5],22,29,31,7,22
1,<environment.Job instance at 0x14935c8860a0>,18,14,[2 6],25,31,45,6,25
1,<environment.Job instance at 0x14935c8865a0>,19,1,[9 1],26,29,30,3,26
1,<environment.Job instance at 0x14935c8867d0>,20,17,[2 5],27,45,62,18,33
1,<environment.Job instance at 0x14935c886280>,21,2,[10  2],28,62,64,34,35
1,<environment.Job instance at 0x14935cd818c0>,23,2,[5 2],31,43,45,12,43
1,<environment.Job instance at 0x14935cd81910>,24,2,[5 1],32,45,47,13,43
1,<environment.Job instance at 0x14935cd81140>,25,1,[1 7],33,64,65,31,43
1,<environment.Job instance at 0x14938239e280>,27,1,[6 2],37,50,51,13,50
1,<environment.Job instance at 0x14935d806730>,28,1,[5 1],38,51,52,13,50
1,<environment.Job instance at 0x14935d8068c0>,29,1,[2 6],40,65,66,25,50
1,<environment.Job instance at 0x14935d806d70>,30,3,[2 6],41,66,69,25,50
1,<environment.Job instance at 0x14935d806aa0>,31,2,[9 1],42,69,71,27,50
1,<environment.Job instance at 0x14936bbddd20>,32,13,[6 1],44,71,84,27,59
1,<environment.Job instance at 0x14935d806b40>,35,3,[5 1],47,59,62,12,59
1,<environment.Job instance at 0x14935c92c960>,37,13,[2 6],49,71,84,22,59
1,<environment.Job instance at 0x14935cfbb4b0>,39,1,[8 2],53,201,202,148,201
1,<environment.Job instance at 0x14935fc745a0>,40,17,[7 1],54,202,219,148,201
1,<environment.Job instance at 0x14935fc74190>,42,13,[2 8],56,201,214,145,201
1,<environment.Job instance at 0x14936af17190>,43,16,[6 1],57,219,235,162,206
1,<environment.Job instance at 0x14935c7bebe0>,44,1,[8 2],58,235,236,177,207
1,<environment.Job instance at 0x14935f80ab40>,46,1,[7 1],60,236,237,176,208
1,<environment.Job instance at 0x14935f80a690>,47,1,[1 8],61,214,215,153,208
1,<environment.Job instance at 0x14936b0ec550>,48,2,[6 2],62,237,239,175,210
1,<environment.Job instance at 0x14935c995820>,50,1,[6 2],65,239,240,174,211
1,<environment.Job instance at 0x14936b0ec0a0>,51,3,[8 2],66,240,243,174,214
1,<environment.Job instance at 0x149360ba1050>,1,2,[7 2],2,2,4,0,2
1,<environment.Job instance at 0x14935cd05050>,2,3,[10  1],3,4,7,1,3
1,<environment.Job instance at 0x149360ba1a50>,3,3,[6 1],4,7,10,3,4
1,<environment.Job instance at 0x14935d71cc30>,7,17,[1 8],8,8,25,0,8
1,<environment.Job instance at 0x14935d71c1e0>,8,3,[5 2],9,10,13,1,9
1,<environment.Job instance at 0x14935d795dc0>,9,2,[8 2],10,13,15,3,10
1,<environment.Job instance at 0x14935d795b90>,10,3,[2 8],11,25,28,14,11
1,<environment.Job instance at 0x14936b966a00>,15,3,[10  2],17,28,31,11,17
1,<environment.Job instance at 0x149381faa140>,16,3,[2 5],19,31,34,12,19
1,<environment.Job instance at 0x14935c9a3c80>,17,17,[1 7],20,34,51,14,23
1,<environment.Job instance at 0x14935c995780>,21,18,[6 1],25,31,49,6,25
1,<environment.Job instance at 0x14935c7e7280>,23,2,[10  1],27,51,53,24,29
1,<environment.Job instance at 0x1493610ccfa0>,27,1,[6 1],32,53,54,21,51
1,<environment.Job instance at 0x14936b07dc30>,28,2,[9 1],34,54,56,20,51
1,<environment.Job instance at 0x1493610cc780>,29,19,[1 5],36,53,72,17,51
1,<environment.Job instance at 0x149380183960>,30,1,[8 1],37,56,57,19,51
1,<environment.Job instance at 0x1493801839b0>,31,1,[5 1],39,57,58,18,51
1,<environment.Job instance at 0x149380183c30>,32,2,[7 2],40,58,60,18,51
1,<environment.Job instance at 0x1493801831e0>,34,3,[1 8],43,83,86,40,83
1,<environment.Job instance at 0x14935cdcc8c0>,36,2,[7 2],46,83,85,37,83
1,<environment.Job instance at 0x14935cdcca00>,37,1,[6 1],47,85,86,38,83
1,<environment.Job instance at 0x14935cdcc410>,38,2,[6 1],49,86,88,37,83
1,<environment.Job instance at 0x14935faf0190>,40,15,[10  2],54,88,103,34,83
1,<environment.Job instance at 0x14935cdcca50>,41,2,[7 2],55,103,105,48,83
1,<environment.Job instance at 0x14935cdccc80>,42,1,[1 5],57,86,87,29,83
1,<environment.Job instance at 0x14936b081fa0>,46,2,[1 9],62,840,842,778,840
1,<environment.Job instance at 0x14936b081140>,47,14,[1 6],63,842,856,779,840
1,<environment.Job instance at 0x14936b081dc0>,48,1,[1 8],64,856,857,792,840
1,<environment.Job instance at 0x14936b081e60>,49,1,[2 9],66,857,858,791,840
1,<environment.Job instance at 0x14936b0813c0>,50,2,[10  2],67,858,860,791,840
1,<environment.Job instance at 0x14938168b2d0>,18,3,[7 2],21,860,863,839,858
1,<environment.Job instance at 0x14935ccff640>,20,2,[2 7],23,882,884,859,882
1,<environment.Job instance at 0x14935cd5a730>,2,3,[2 5],4,4,7,0,4
1,<environment.Job instance at 0x14935cd5a140>,6,3,[10  1],11,11,14,0,11
1,<environment.Job instance at 0x14935c4ea280>,7,2,[ 2 10],12,14,16,2,12
1,<environment.Job instance at 0x14935c4eab90>,8,3,[9 2],13,16,19,3,13
1,<environment.Job instance at 0x14935c4ea500>,10,1,[8 2],17,19,20,2,17
1,<environment.Job instance at 0x14935c694140>,12,1,[9 2],20,20,21,0,20
1,<environment.Job instance at 0x14935c4ea230>,13,1,[10  1],21,21,22,0,21
1,<environment.Job instance at 0x14935cf65fa0>,19,14,[7 1],30,38,52,8,38
1,<environment.Job instance at 0x14935cf65960>,20,2,[7 1],31,52,54,21,38
1,<environment.Job instance at 0x14935caa7280>,21,1,[8 1],32,54,55,22,38
1,<environment.Job instance at 0x14935cae5550>,22,2,[10  2],33,55,57,22,38
1,<environment.Job instance at 0x14935cae5500>,23,14,[9 1],34,57,71,23,42
1,<environment.Job instance at 0x14935faf90f0>,24,3,[9 2],35,71,74,36,45
1,<environment.Job instance at 0x14935d7950a0>,28,3,[9 2],41,74,77,33,48
1,<environment.Job instance at 0x14935d7956e0>,29,3,[10  1],42,77,80,35,51
1,<environment.Job instance at 0x14935d705410>,30,17,[1 8],48,57,74,9,51
1,<environment.Job instance at 0x14935d705d20>,32,17,[1 6],51,80,97,29,68
1,<environment.Job instance at 0x14935d705be0>,36,3,[2 8],58,97,100,39,71
1,<environment.Job instance at 0x14935fb059b0>,39,2,[8 2],62,80,82,18,71
1,<environment.Job instance at 0x14935fb052d0>,41,28,[5 2],64,86,114,22,86
1,<environment.Job instance at 0x14935cac9820>,42,1,[8 2],65,114,115,49,86
1,<environment.Job instance at 0x14935cac9fa0>,43,2,[ 1 10],66,115,117,49,88
1,<environment.Job instance at 0x14935c685be0>,2,3,[1 7],4,4,7,0,4
1,<environment.Job instance at 0x14935c6856e0>,3,2,[6 2],6,6,8,0,6
1,<environment.Job instance at 0x149380072140>,4,3,[9 1],7,8,11,1,7
1,<environment.Job instance at 0x149380072c80>,5,14,[7 1],8,11,25,3,8
1,<environment.Job instance at 0x149380072050>,7,14,[9 2],10,25,39,15,10
1,<environment.Job instance at 0x149380072910>,8,1,[1 9],11,11,12,0,11
1,<environment.Job instance at 0x149380072870>,14,1,[9 2],17,39,40,22,17
1,<environment.Job instance at 0x149380072410>,15,2,[1 7],18,18,20,0,18
1,<environment.Job instance at 0x149380072c30>,16,26,[1 6],21,21,47,0,21
1,<environment.Job instance at 0x1493800af460>,19,23,[9 1],26,40,63,14,34
1,<environment.Job instance at 0x1493800af690>,21,1,[5 2],28,63,64,35,46
1,<environment.Job instance at 0x1493800afbe0>,22,1,[8 2],29,64,65,35,46
1,<environment.Job instance at 0x1493800af960>,23,2,[7 2],31,65,67,34,46
1,<environment.Job instance at 0x1493800af6e0>,24,3,[6 1],33,67,70,34,46
1,<environment.Job instance at 0x1493800af050>,25,2,[10  1],34,70,72,36,46
1,<environment.Job instance at 0x14935f855910>,26,1,[9 1],35,72,73,37,46
1,<environment.Job instance at 0x14935f8554b0>,27,3,[5 1],36,73,76,37,47
1,<environment.Job instance at 0x14935f8551e0>,28,3,[1 6],37,47,50,10,47
1,<environment.Job instance at 0x14935f855d70>,30,20,[8 1],40,80,100,40,80
1,<environment.Job instance at 0x14935f8550a0>,31,2,[7 1],41,100,102,59,80
1,<environment.Job instance at 0x14935f855500>,32,3,[9 1],46,102,105,56,80
1,<environment.Job instance at 0x14935f8555a0>,34,2,[1 8],49,80,82,31,80
1,<environment.Job instance at 0x14935ccdfe60>,36,2,[9 2],53,105,107,52,80
1,<environment.Job instance at 0x149381696500>,1,2,[5 2],3,3,5,0,3
1,<environment.Job instance at 0x149381696230>,2,2,[7 2],4,5,7,1,4
1,<environment.Job instance at 0x14935ece1230>,3,2,[5 2],6,7,9,1,6
1,<environment.Job instance at 0x14935f8c8780>,5,1,[6 2],8,9,10,1,8
1,<environment.Job instance at 0x14935d6e64b0>,8,2,[5 2],11,11,13,0,11
1,<environment.Job instance at 0x14935d6e6550>,9,21,[5 1],12,12,33,0,12
1,<environment.Job instance at 0x14935d6e6370>,10,3,[2 8],13,13,16,0,13
1,<environment.Job instance at 0x1493816964b0>,11,3,[8 2],15,33,36,18,15
1,<environment.Job instance at 0x14935d6e6cd0>,12,1,[ 2 10],16,36,37,20,16
1,<environment.Job instance at 0x14936af16cd0>,13,2,[1 6],17,17,19,0,17
1,<environment.Job instance at 0x1493610cc5a0>,14,2,[8 1],18,37,39,19,18
1,<environment.Job instance at 0x14938009db90>,15,1,[2 7],20,20,21,0,20
1,<environment.Job instance at 0x149360b2cc30>,16,2,[1 8],21,22,24,1,22
1,<environment.Job instance at 0x14935c9527d0>,18,3,[ 2 10],25,39,42,14,25
1,<environment.Job instance at 0x14936a8bef50>,21,2,[10  2],28,42,44,14,28
1,<environment.Job instance at 0x14935f9fceb0>,22,2,[1 7],29,29,31,0,29
1,<environment.Job instance at 0x14935f9fcbe0>,23,3,[2 8],30,31,34,1,30
1,<environment.Job instance at 0x14935f9fc9b0>,24,2,[6 2],31,44,46,13,31
1,<environment.Job instance at 0x14935f9fc2d0>,25,1,[7 1],34,46,47,12,34
1,<environment.Job instance at 0x14935f9fcf00>,26,2,[5 2],35,47,49,12,35
1,<environment.Job instance at 0x14935f9fc460>,27,15,[1 9],36,49,64,13,36
1,<environment.Job instance at 0x14935ccd8050>,28,3,[6 1],37,49,52,12,37
1,<environment.Job instance at 0x14935ccd8f00>,29,2,[ 1 10],38,64,66,26,38
1,<environment.Job instance at 0x14935ccd8320>,30,1,[7 1],39,52,53,13,39
1,<environment.Job instance at 0x14935ccd85a0>,31,1,[2 6],42,44,45,2,42
1,<environment.Job instance at 0x14935ccd8aa0>,32,2,[10  2],43,66,68,23,43
1,<environment.Job instance at 0x14935ccd8140>,33,1,[5 1],44,47,48,3,44
1,<environment.Job instance at 0x14935ccd8230>,34,2,[8 2],45,68,70,23,45
1,<environment.Job instance at 0x14935ccd8690>,35,1,[6 1],46,53,54,7,46
1,<environment.Job instance at 0x14935ccd8910>,36,3,[8 1],48,54,57,6,48
1,<environment.Job instance at 0x1493818da0a0>,39,17,[10  1],56,70,87,14,58
1,<environment.Job instance at 0x14935ce36820>,44,14,[2 6],63,87,101,24,83
1,<environment.Job instance at 0x14935ceac5f0>,46,2,[2 8],65,101,103,36,83
1,<environment.Job instance at 0x1493610cc190>,17,13,[7 1],22,745,758,723,745
1,<environment.Job instance at 0x1493818da280>,40,3,[2 6],57,868,871,811,868
1,<environment.Job instance at 0x1493637e1550>,2,27,[1 9],3,5,32,2,5
1,<environment.Job instance at 0x1493818da280>,3,1,[9 1],4,5,6,1,5
1,<environment.Job instance at 0x14935d273960>,6,3,[ 1 10],11,32,35,21,11
1,<environment.Job instance at 0x14935d273c30>,7,1,[8 2],12,35,36,23,12
1,<environment.Job instance at 0x14935d273820>,8,18,[9 1],13,13,31,0,13
1,<environment.Job instance at 0x14935d273640>,9,2,[8 1],15,36,38,21,15
1,<environment.Job instance at 0x14935d264640>,11,1,[7 1],17,31,32,14,17
1,<environment.Job instance at 0x14935d264a00>,13,3,[1 5],20,35,38,15,20
1,<environment.Job instance at 0x14935d273d70>,14,3,[8 2],23,38,41,15,23
1,<environment.Job instance at 0x149360bffb40>,16,3,[2 8],25,38,41,13,25
1,<environment.Job instance at 0x14935d266b40>,22,15,[10  2],33,41,56,8,33
1,<environment.Job instance at 0x149360fc0050>,23,2,[5 1],35,56,58,21,35
1,<environment.Job instance at 0x149369259fa0>,24,2,[ 2 10],36,58,60,22,36
1,<environment.Job instance at 0x149360fc0b40>,25,3,[5 1],37,60,63,23,37
1,<environment.Job instance at 0x14935d6bd0a0>,26,1,[1 9],39,56,57,17,39
1,<environment.Job instance at 0x14935d6d6550>,28,2,[1 8],41,60,62,19,41
1,<environment.Job instance at 0x14935d6d6960>,29,1,[1 9],43,57,58,14,43
1,<environment.Job instance at 0x14935d6d65f0>,30,2,[ 2 10],45,63,65,18,45
1,<environment.Job instance at 0x14935cbda3c0>,31,3,[9 1],46,65,68,19,46
1,<environment.Job instance at 0x1493637e7730>,43,3,[1 9],62,65,68,3,62
1,<environment.Job instance at 0x14935d6ab1e0>,0,3,[2 9],1,1,4,0,1
1,<environment.Job instance at 0x14935cd027d0>,5,3,[9 2],6,6,9,0,6
1,<environment.Job instance at 0x1493818b95f0>,8,3,[2 5],9,9,12,0,9
1,<environment.Job instance at 0x1493818b93c0>,9,2,[8 1],10,10,12,0,10
1,<environment.Job instance at 0x1493818b9780>,12,17,[7 2],13,13,30,0,13
1,<environment.Job instance at 0x14935cfb7460>,13,16,[5 2],14,30,46,16,17
1,<environment.Job instance at 0x14935d6dc730>,16,3,[7 2],18,46,49,28,20
1,<environment.Job instance at 0x14935f7ad460>,19,16,[5 2],23,30,46,7,23
1,<environment.Job instance at 0x1493800af280>,23,3,[7 1],30,49,52,19,38
1,<environment.Job instance at 0x14935d281e60>,25,15,[6 2],32,52,67,20,38
1,<environment.Job instance at 0x14935d281910>,26,3,[2 9],33,49,52,16,38
1,<environment.Job instance at 0x149360b9afa0>,29,16,[2 7],37,52,68,15,40
1,<environment.Job instance at 0x149360d774b0>,34,3,[9 2],43,68,71,25,43
1,<environment.Job instance at 0x149360fcb910>,41,2,[5 1],52,71,73,19,52
1,<environment.Job instance at 0x14935c88eb90>,42,2,[8 2],53,73,75,20,53
1,<environment.Job instance at 0x14935f79e730>,46,18,[10  2],58,75,93,17,64
1,<environment.Job instance at 0x14935c467640>,52,16,[8 2],65,93,109,28,82
1,<environment.Job instance at 0x14935facd690>,1,1,[1 6],2,2,3,0,2
1,<environment.Job instance at 0x14935cc2db90>,3,2,[5 1],4,4,6,0,4
1,<environment.Job instance at 0x14935d6dce10>,6,3,[2 6],7,7,10,0,7
1,<environment.Job instance at 0x14935cc2d230>,7,3,[1 9],8,10,13,2,8
1,<environment.Job instance at 0x14936af57e60>,8,3,[6 1],9,9,12,0,9
1,<environment.Job instance at 0x14936af57b40>,10,2,[7 1],16,16,18,0,16
1,<environment.Job instance at 0x14936af57f50>,11,17,[8 1],17,18,35,1,17
1,<environment.Job instance at 0x14936af570a0>,13,2,[2 5],19,19,21,0,19
1,<environment.Job instance at 0x14936af57460>,14,3,[9 1],20,35,38,15,20
1,<environment.Job instance at 0x149361047140>,18,2,[1 7],24,24,26,0,24
1,<environment.Job instance at 0x14935f7d3960>,19,1,[6 2],27,38,39,11,27
1,<environment.Job instance at 0x14935f9c9460>,20,3,[5 2],28,39,42,11,28
1,<environment.Job instance at 0x14935f7a4690>,21,15,[8 1],29,42,57,13,29
1,<environment.Job instance at 0x14936af5c460>,22,3,[2 7],30,30,33,0,30
1,<environment.Job instance at 0x14936af50870>,23,2,[8 2],32,57,59,25,32
1,<environment.Job instance at 0x14936af4f320>,30,3,[2 6],45,45,48,0,45
1,<environment.Job instance at 0x14935d6fbeb0>,34,3,[1 9],51,51,54,0,51
1,<environment.Job instance at 0x14935d6fb500>,35,17,[1 5],52,54,71,2,52
1,<environment.Job instance at 0x1493b0350f50>,36,3,[8 1],54,59,62,5,54
1,<environment.Job instance at 0x1493b0350910>,37,1,[1 8],55,71,72,16,55
1,<environment.Job instance at 0x149360ccdeb0>,39,2,[2 6],60,72,74,12,60
1,<environment.Job instance at 0x149360ccde60>,40,1,[1 5],61,62,63,1,61
1,<environment.Job instance at 0x14935cf10e60>,41,3,[7 2],63,63,66,0,63
1,<environment.Job instance at 0x14935cec3f00>,42,1,[2 8],64,74,75,10,64
1,<environment.Job instance at 0x14935cec37d0>,43,18,[1 7],66,75,93,9,66
1,<environment.Job instance at 0x14935cec36e0>,44,3,[10  1],68,93,96,25,68
1,<environment.Job instance at 0x1493610501e0>,0,3,[7 2],1,1,4,0,1
1,<environment.Job instance at 0x14936aeefc30>,3,1,[1 9],5,5,6,0,5
1,<environment.Job instance at 0x14936aeef550>,4,3,[6 2],6,6,9,0,6
1,<environment.Job instance at 0x149381692dc0>,10,3,[2 5],15,27,30,12,27
1,<environment.Job instance at 0x14936aeef280>,11,18,[5 2],17,27,45,10,27
1,<environment.Job instance at 0x14936aeef6e0>,12,1,[1 6],18,30,31,12,27
1,<environment.Job instance at 0x14935cc2e370>,13,2,[2 6],20,31,33,11,27
1,<environment.Job instance at 0x149360cfa0a0>,14,2,[6 2],21,45,47,24,27
1,<environment.Job instance at 0x14936aeefa00>,15,3,[2 7],22,33,36,11,27
1,<environment.Job instance at 0x1493b387ca00>,16,1,[10  1],26,47,48,21,27
1,<environment.Job instance at 0x14936aeef370>,17,3,[10  1],27,48,51,21,27
1,<environment.Job instance at 0x149360ccd280>,18,2,[6 1],28,51,53,23,28
1,<environment.Job instance at 0x14935cdf3c80>,19,3,[1 5],29,36,39,7,29
1,<environment.Job instance at 0x1493800ba3c0>,20,2,[10  2],30,53,55,23,30
1,<environment.Job instance at 0x14935ce8e050>,21,1,[9 1],31,55,56,24,31
1,<environment.Job instance at 0x14935ce8e640>,22,1,[1 8],32,39,40,7,32
1,<environment.Job instance at 0x14935d7da2d0>,24,3,[2 7],34,40,43,6,34
1,<environment.Job instance at 0x14935cf032d0>,25,1,[7 1],35,56,57,21,35
1,<environment.Job instance at 0x14935cf031e0>,26,2,[7 2],36,57,59,21,36
1,<environment.Job instance at 0x1493610a7370>,27,13,[10  1],38,59,72,21,43
1,<environment.Job instance at 0x1493818b2dc0>,28,3,[2 6],39,43,46,4,43
1,<environment.Job instance at 0x1493818b2190>,29,2,[8 1],40,72,74,32,45
1,<environment.Job instance at 0x14935d6ae410>,33,3,[10  2],47,74,77,27,48
1,<environment.Job instance at 0x14935cda1820>,37,3,[9 1],52,77,80,25,52
1,<environment.Job instance at 0x14935ce6e640>,41,3,[2 8],57,80,83,23,57
1,<environment.Job instance at 0x14935ce6eb40>,42,17,[10  1],58,83,100,25,71
1,<environment.Job instance at 0x149361096690>,44,1,[8 2],60,80,81,20,71
1,<environment.Job instance at 0x1493610961e0>,46,3,[1 9],62,77,80,15,71
1,<environment.Job instance at 0x149361096320>,47,2,[1 7],64,72,74,8,71
1,<environment.Job instance at 0x1493610b8140>,48,3,[2 9],65,100,103,35,74
1,<environment.Job instance at 0x14935ce778c0>,50,1,[5 1],67,81,82,14,74
1,<environment.Job instance at 0x14936aeef4b0>,9,24,[2 9],12,2190,2214,2178,2190
1,<environment.Job instance at 0x153244aa6a00>,1,3,[1 9],2,2,5,0,2
1,<environment.Job instance at 0x153244aa6fa0>,2,1,[2 5],3,5,6,2,3
1,<environment.Job instance at 0x1531ee282c80>,3,1,[6 2],4,5,6,1,4
1,<environment.Job instance at 0x1531ee282820>,4,2,[7 2],5,6,8,1,5
1,<environment.Job instance at 0x1531ee282050>,5,3,[9 2],6,8,11,2,6
1,<environment.Job instance at 0x1531ee2827d0>,6,18,[8 1],7,11,29,4,7
1,<environment.Job instance at 0x1531ee282500>,7,1,[2 6],8,11,12,3,8
1,<environment.Job instance at 0x153244aa65f0>,9,2,[6 1],11,29,31,18,11
1,<environment.Job instance at 0x1531ee9521e0>,11,3,[1 8],13,13,16,0,13
1,<environment.Job instance at 0x1531ee2820a0>,12,3,[1 8],14,16,19,2,14
1,<environment.Job instance at 0x1531ee925730>,13,2,[8 1],17,31,33,14,17
1,<environment.Job instance at 0x1531eeabf230>,14,2,[ 1 10],18,33,35,15,18
1,<environment.Job instance at 0x1531ee9b8460>,16,1,[2 5],21,21,22,0,21
1,<environment.Job instance at 0x1531ee968e60>,17,17,[6 1],23,35,52,12,23
1,<environment.Job instance at 0x1531ee9b82d0>,19,3,[6 2],26,52,55,26,26
1,<environment.Job instance at 0x1531ee99f640>,21,3,[6 1],29,55,58,26,29
1,<environment.Job instance at 0x1531ee99fb40>,25,2,[2 8],34,35,37,1,34
1,<environment.Job instance at 0x1531eea00f50>,26,1,[2 7],35,37,38,2,35
1,<environment.Job instance at 0x1531ee9f8eb0>,29,16,[10  2],39,58,74,19,45
1,<environment.Job instance at 0x1531ee98d5a0>,35,2,[1 8],45,49,51,4,49
1,<environment.Job instance at 0x1531ee98d7d0>,36,3,[10  2],48,74,77,26,49
1,<environment.Job instance at 0x1531eea05870>,37,2,[ 1 10],50,77,79,27,50
1,<environment.Job instance at 0x1531eea05820>,38,1,[8 1],51,79,80,28,51
1,<environment.Job instance at 0x1531ee9930f0>,39,3,[1 5],52,52,55,0,52
1,<environment.Job instance at 0x1531ee993410>,40,3,[1 6],53,55,58,2,53
1,<environment.Job instance at 0x1531ee993500>,42,1,[10  1],56,80,81,24,61
1,<environment.Job instance at 0x1531ee993b90>,43,3,[7 2],57,81,84,24,61
1,<environment.Job instance at 0x1531ee993d20>,44,3,[1 8],58,81,84,23,61
1,<environment.Job instance at 0x1531ee993be0>,45,3,[2 8],60,84,87,24,61
1,<environment.Job instance at 0x1531ee993190>,46,2,[2 8],61,87,89,26,61
1,<environment.Job instance at 0x1531ee9aaf00>,49,16,[8 2],66,84,100,18,71
1,<environment.Job instance at 0x1531ee9aa2d0>,50,12,[9 1],68,100,112,32,83
1,<environment.Job instance at 0x1531ee9aa8c0>,56,1,[10  2],79,112,113,33,84
1,<environment.Job instance at 0x1531ee98d4b0>,1,1,[1 9],5,5,6,0,5
1,<environment.Job instance at 0x1531ee296aa0>,2,17,[8 1],6,6,23,0,6
1,<environment.Job instance at 0x1531ee296b40>,3,3,[1 5],7,7,10,0,7
1,<environment.Job instance at 0x1531f0a249b0>,4,3,[9 2],8,23,26,15,8
1,<environment.Job instance at 0x1531f0a247d0>,5,3,[10  1],9,26,29,17,9
1,<environment.Job instance at 0x1531ee296c80>,6,12,[9 1],11,29,41,18,12
1,<environment.Job instance at 0x1531f0a24af0>,8,3,[1 9],13,13,16,0,13
1,<environment.Job instance at 0x1531f0a240a0>,7,3,[2 9],12,16,19,4,13
1,<environment.Job instance at 0x1531f0a14230>,13,3,[2 9],19,19,22,0,19
1,<environment.Job instance at 0x1531f0a14730>,15,2,[6 2],23,41,43,18,23
1,<environment.Job instance at 0x1531f0a14c30>,16,3,[6 2],26,43,46,17,26
1,<environment.Job instance at 0x1531f0a14550>,17,1,[1 6],27,29,30,2,27
1,<environment.Job instance at 0x1531f0a140f0>,18,2,[2 5],28,41,43,13,28
1,<environment.Job instance at 0x1531f0a145f0>,20,3,[2 9],30,46,49,16,30
1,<environment.Job instance at 0x1531f0a8b500>,21,3,[7 2],31,49,52,18,31
1,<environment.Job instance at 0x1531f0a8baa0>,23,3,[ 2 10],34,52,55,18,34
1,<environment.Job instance at 0x1531f0a8bc30>,25,1,[10  1],37,55,56,18,37
1,<environment.Job instance at 0x1531f0a8b140>,26,2,[ 1 10],38,56,58,18,39
1,<environment.Job instance at 0x1531f0a8b910>,28,2,[1 8],41,43,45,2,41
1,<environment.Job instance at 0x1531f0a7fc80>,30,1,[1 5],43,45,46,2,43
1,<environment.Job instance at 0x1531f0a7fcd0>,37,3,[2 8],52,58,61,6,52
1,<environment.Job instance at 0x1531f0a7faf0>,38,12,[9 2],54,61,73,7,54
1,<environment.Job instance at 0x1531f0a7feb0>,39,15,[10  2],55,73,88,18,59
1,<environment.Job instance at 0x1531f0a8deb0>,47,1,[8 2],64,88,89,24,64
1,<environment.Job instance at 0x1531f0a8d820>,50,2,[ 1 10],70,89,91,19,70
1,<environment.Job instance at 0x1531f0b25550>,53,3,[2 5],73,103,106,30,103
1,<environment.Job instance at 0x1531f0b252d0>,55,3,[5 2],76,103,106,27,103
1,<environment.Job instance at 0x1531f0b21af0>,56,15,[9 2],77,106,121,29,103
1,<environment.Job instance at 0x1531f0a6ed70>,0,3,[9 1],3,3,6,0,3
1,<environment.Job instance at 0x1531f0c866e0>,0,2,[10  2],1,1,3,0,1
1,<environment.Job instance at 0x1531edc0c690>,1,3,[2 8],5,5,8,0,5
1,<environment.Job instance at 0x1531ee9aab40>,3,2,[1 6],7,8,10,1,7
1,<environment.Job instance at 0x153200161e10>,5,1,[2 8],12,12,13,0,12
1,<environment.Job instance at 0x1531f2323870>,6,18,[10  1],16,16,34,0,16
1,<environment.Job instance at 0x153203296a00>,7,2,[7 2],17,34,36,17,17
1,<environment.Job instance at 0x1532028bd280>,8,2,[2 5],18,34,36,16,18
1,<environment.Job instance at 0x1532000d1640>,10,3,[8 1],22,36,39,14,22
1,<environment.Job instance at 0x153200101780>,12,2,[5 2],24,39,41,15,24
1,<environment.Job instance at 0x1532000e3280>,14,14,[6 1],27,41,55,14,27
1,<environment.Job instance at 0x1531ee9bdc80>,16,16,[1 7],29,36,52,7,31
1,<environment.Job instance at 0x153200090500>,23,3,[1 5],39,52,55,13,39
1,<environment.Job instance at 0x1532001888c0>,25,1,[2 8],41,55,56,14,41
1,<environment.Job instance at 0x1531edd44960>,26,1,[7 1],42,55,56,13,42
1,<environment.Job instance at 0x1531eddc57d0>,27,18,[5 2],43,56,74,13,45
1,<environment.Job instance at 0x1531eddc5b40>,29,3,[1 7],46,56,59,10,46
1,<environment.Job instance at 0x1531f0b2c460>,32,1,[1 8],49,59,60,10,52
1,<environment.Job instance at 0x1531f0b2c230>,33,3,[1 7],50,60,63,10,52
1,<environment.Job instance at 0x1531f1f55b40>,34,2,[5 2],52,63,65,11,52
1,<environment.Job instance at 0x1531f1f55820>,35,2,[1 7],54,65,67,11,54
1,<environment.Job instance at 0x1531f1f55780>,36,2,[5 2],55,67,69,12,55
1,<environment.Job instance at 0x15320019e550>,37,1,[1 6],57,69,70,12,57
1,<environment.Job instance at 0x1531f1f555a0>,38,12,[7 1],58,74,86,16,58
1,<environment.Job instance at 0x1531edcc9140>,40,3,[2 7],60,70,73,10,60
1,<environment.Job instance at 0x1531edf38f00>,43,3,[1 8],65,73,76,8,65
1,<environment.Job instance at 0x1532031a7910>,45,2,[7 2],69,86,88,17,69
1,<environment.Job instance at 0x1532031a7690>,46,3,[ 2 10],71,88,91,17,71
1,<environment.Job instance at 0x1532000a1af0>,47,14,[8 2],72,91,105,19,76
1,<environment.Job instance at 0x15320006fd20>,52,3,[7 2],78,105,108,27,84
1,<environment.Job instance at 0x153200e5a190>,1,3,[1 9],2,2,5,0,2
1,<environment.Job instance at 0x1531f0a1a320>,4,3,[1 7],9,9,12,0,9
1,<environment.Job instance at 0x1531f0a1afa0>,6,20,[8 2],12,13,33,1,13
1,<environment.Job instance at 0x1531ee27f230>,8,3,[1 9],14,33,36,19,14
1,<environment.Job instance at 0x1531ee27f8c0>,9,3,[1 8],18,18,21,0,18
1,<environment.Job instance at 0x1531f0e64e60>,12,3,[5 2],23,36,39,13,23
1,<environment.Job instance at 0x1531f0cada50>,14,1,[ 2 10],25,39,40,14,25
1,<environment.Job instance at 0x1531ee4eba00>,20,2,[ 2 10],35,43,45,8,43
1,<environment.Job instance at 0x1531ee4ebfa0>,21,15,[8 2],36,45,60,9,43
1,<environment.Job instance at 0x1531ee4eb780>,22,17,[10  1],38,60,77,22,48
1,<environment.Job instance at 0x1531f2242230>,25,3,[2 7],43,48,51,5,48
1,<environment.Job instance at 0x153200ef1f50>,5,3,[9 2],8,8,11,0,8
1,<environment.Job instance at 0x1531f0a96050>,6,3,[6 2],11,11,14,0,11
1,<environment.Job instance at 0x1531f0a96550>,7,2,[5 2],12,14,16,2,12
1,<environment.Job instance at 0x1531f1e8eb90>,8,3,[1 7],13,13,16,0,13
1,<environment.Job instance at 0x1531f0a96410>,9,2,[9 2],15,16,18,1,15
1,<environment.Job instance at 0x1531f1e8ef00>,11,3,[1 7],18,18,21,0,18
1,<environment.Job instance at 0x153200281dc0>,14,3,[6 1],23,23,26,0,23
1,<environment.Job instance at 0x153200281320>,16,2,[2 9],25,25,27,0,25
1,<environment.Job instance at 0x1532002810a0>,17,2,[2 5],26,27,29,1,26
1,<environment.Job instance at 0x153200281460>,18,16,[2 9],27,29,45,2,27
1,<environment.Job instance at 0x1531edc08dc0>,19,12,[5 2],28,45,57,17,28
1,<environment.Job instance at 0x1532001255a0>,20,3,[8 1],29,29,32,0,29
1,<environment.Job instance at 0x153200125140>,21,3,[8 1],33,33,36,0,33
1,<environment.Job instance at 0x153200125190>,22,1,[10  1],34,57,58,23,34
1,<environment.Job instance at 0x153200125d70>,26,13,[ 2 10],42,58,71,16,42
1,<environment.Job instance at 0x1532001256e0>,27,1,[2 6],43,45,46,2,43
1,<environment.Job instance at 0x153200e728c0>,29,2,[8 1],46,71,73,25,46
1,<environment.Job instance at 0x1532028bdeb0>,30,3,[2 9],47,71,74,24,47
1,<environment.Job instance at 0x1532028bdb90>,37,3,[1 6],57,74,77,17,57
1,<environment.Job instance at 0x1532028bd960>,38,2,[8 2],58,74,76,16,58
1,<environment.Job instance at 0x1532028bd910>,39,14,[9 1],60,76,90,16,61
1,<environment.Job instance at 0x1531f099feb0>,43,3,[1 9],64,77,80,13,64
1,<environment.Job instance at 0x1531eff40be0>,46,15,[10  1],69,90,105,21,76
1,<environment.Job instance at 0x1531ee00c370>,50,2,[6 1],74,105,107,31,82
1,<environment.Job instance at 0x1531ee00c500>,51,3,[10  1],76,107,110,31,82
1,<environment.Job instance at 0x1531ee00c690>,52,3,[10  2],77,110,113,33,84
1,<environment.Job instance at 0x1531edf7c640>,3,3,[1 6],4,4,7,0,4
1,<environment.Job instance at 0x1531edf7c500>,4,16,[1 5],5,7,23,2,5
1,<environment.Job instance at 0x1531edf7cb90>,5,2,[ 1 10],6,23,25,17,6
1,<environment.Job instance at 0x1531edc08c30>,11,3,[2 8],12,25,28,13,12
1,<environment.Job instance at 0x153200e2caf0>,19,2,[10  1],24,28,30,4,24
1,<environment.Job instance at 0x1532002361e0>,20,2,[2 7],26,30,32,4,26
1,<environment.Job instance at 0x1531eddf3780>,21,1,[5 2],27,27,28,0,27
1,<environment.Job instance at 0x1531eddf3b90>,22,1,[2 5],28,32,33,4,28
1,<environment.Job instance at 0x153200f576e0>,23,2,[ 1 10],30,33,35,3,30
1,<environment.Job instance at 0x1531eddf3d70>,24,3,[2 5],31,35,38,4,31
1,<environment.Job instance at 0x1531edcd66e0>,25,12,[6 1],32,35,47,3,32
1,<environment.Job instance at 0x1531edcd6d70>,26,2,[5 2],33,47,49,14,33
1,<environment.Job instance at 0x1531edcd6050>,27,1,[7 1],36,49,50,13,36
1,<environment.Job instance at 0x1531edcd68c0>,28,2,[7 1],37,50,52,13,37
1,<environment.Job instance at 0x1531edcd6730>,30,3,[10  2],39,52,55,13,39
1,<environment.Job instance at 0x1531edcd6500>,32,15,[1 8],42,55,70,13,42
1,<environment.Job instance at 0x1531edcd6f50>,33,3,[1 7],43,43,46,0,43
1,<environment.Job instance at 0x1531ee98d460>,39,1,[1 7],51,71,72,20,71
1,<environment.Job instance at 0x1531ee98d3c0>,40,3,[2 7],52,72,75,20,71
1,<environment.Job instance at 0x1531ee98db90>,41,2,[1 5],53,75,77,22,71
1,<environment.Job instance at 0x1531eddc3dc0>,43,1,[2 5],56,75,76,19,71
1,<environment.Job instance at 0x1531eddc3690>,44,15,[7 1],57,76,91,19,71
1,<environment.Job instance at 0x153201011d70>,48,3,[1 7],63,77,80,14,71
1,<environment.Job instance at 0x1531ee4d13c0>,49,17,[2 7],64,80,97,16,71
1,<environment.Job instance at 0x1531edd6fd20>,52,3,[5 1],67,91,94,24,79
1,<environment.Job instance at 0x1531ee11b5a0>,55,12,[9 2],70,97,109,27,80
1,<environment.Job instance at 0x153200e65fa0>,59,16,[10  2],74,109,125,35,96
1,<environment.Job instance at 0x1531f09ceaa0>,5,2,[7 1],6,6,8,0,6
1,<environment.Job instance at 0x1531f1edffa0>,6,3,[7 1],7,8,11,1,7
1,<environment.Job instance at 0x1531f1eea960>,7,13,[10  1],8,11,24,3,8
1,<environment.Job instance at 0x15320007e690>,13,3,[1 9],18,24,27,6,18
1,<environment.Job instance at 0x15320007e0a0>,14,16,[10  1],19,27,43,8,19
1,<environment.Job instance at 0x1531f1ebe230>,15,3,[2 9],20,43,46,23,20
1,<environment.Job instance at 0x1531f1eea1e0>,17,12,[7 1],24,43,55,19,26
1,<environment.Job instance at 0x1531f1ebec30>,18,3,[10  1],27,55,58,28,29
1,<environment.Job instance at 0x1531f1ebe780>,19,3,[6 1],29,58,61,29,32
1,<environment.Job instance at 0x1531f1ebed20>,20,3,[8 1],30,61,64,31,35
1,<environment.Job instance at 0x1531f1ebeb40>,23,1,[7 1],36,64,65,28,36
1,<environment.Job instance at 0x1531f1d821e0>,26,3,[5 2],40,65,68,25,48
1,<environment.Job instance at 0x1531f22f2230>,27,12,[1 5],41,58,70,17,48
1,<environment.Job instance at 0x1531f22f27d0>,29,3,[8 1],43,68,71,25,48
1,<environment.Job instance at 0x1531f22f2a00>,30,3,[2 6],46,48,51,2,48
1,<environment.Job instance at 0x153200e1a550>,32,16,[1 5],51,70,86,19,57
1,<environment.Job instance at 0x153200e1a690>,33,1,[1 9],52,86,87,34,58
1,<environment.Job instance at 0x153200e1a140>,34,3,[2 9],54,87,90,33,61
1,<environment.Job instance at 0x153200e1a7d0>,35,1,[10  2],55,90,91,35,62
1,<environment.Job instance at 0x153200e1a410>,36,1,[5 2],56,71,72,15,62
1,<environment.Job instance at 0x153200e1ab90>,38,2,[ 1 10],60,91,93,31,65
1,<environment.Job instance at 0x153200e1a370>,40,3,[10  2],63,93,96,30,67
1,<environment.Job instance at 0x153200e12820>,41,2,[1 6],67,96,98,29,69
1,<environment.Job instance at 0x153200e12d20>,42,3,[1 9],68,98,101,30,72
1,<environment.Job instance at 0x153200e12b40>,44,1,[6 2],72,80,81,8,80
1,<environment.Job instance at 0x1532032282d0>,45,3,[10  2],74,101,104,27,80
1,<environment.Job instance at 0x153200e12c30>,46,3,[5 1],78,81,84,3,80
1,<environment.Job instance at 0x153200e12960>,47,1,[2 8],79,104,105,25,80
1,<environment.Job instance at 0x1531f1eea780>,11,3,[7 1],16,108,111,92,108
1,<environment.Job instance at 0x153200e30f50>,1,3,[9 1],2,2,5,0,2
1,<environment.Job instance at 0x1531ed6d3320>,3,2,[5 2],4,5,7,1,4
1,<environment.Job instance at 0x1531edd42410>,6,17,[2 8],7,7,24,0,7
1,<environment.Job instance at 0x1531ed6d38c0>,7,2,[6 1],9,9,11,0,9
1,<environment.Job instance at 0x1531ed6d3f50>,8,2,[ 1 10],10,24,26,14,10
1,<environment.Job instance at 0x1531ed6d3550>,9,3,[9 2],12,26,29,14,12
1,<environment.Job instance at 0x1531ef50b3c0>,10,2,[5 1],13,13,15,0,13
1,<environment.Job instance at 0x1531ef50b550>,11,17,[1 9],14,29,46,15,17
1,<environment.Job instance at 0x1531ee1f85a0>,16,13,[10  1],25,46,59,21,30
1,<environment.Job instance at 0x1532401c41e0>,23,3,[6 2],37,59,62,22,37
1,<environment.Job instance at 0x1531edbb7320>,2,1,[9 1],5,5,6,0,5
1,<environment.Job instance at 0x1531edbb74b0>,3,17,[2 8],6,9,26,3,9
1,<environment.Job instance at 0x1531f0d775a0>,5,16,[8 1],10,10,26,0,10
1,<environment.Job instance at 0x1531f0d779b0>,6,16,[1 6],11,26,42,15,13
1,<environment.Job instance at 0x1531f0d77e60>,8,3,[1 7],14,42,45,28,16
1,<environment.Job instance at 0x1531f0b6ba00>,11,2,[7 2],18,26,28,8,18
1,<environment.Job instance at 0x153203144410>,13,3,[1 5],20,45,48,25,20
1,<environment.Job instance at 0x1531f2231cd0>,17,2,[1 8],25,48,50,23,27
1,<environment.Job instance at 0x1531f2231d70>,18,12,[1 7],27,50,62,23,33
1,<environment.Job instance at 0x1531ee4c3f00>,19,1,[ 1 10],29,62,63,33,34
1,<environment.Job instance at 0x1531ee982370>,22,3,[6 2],32,46,49,14,46
1,<environment.Job instance at 0x1531f0a22960>,23,2,[6 2],33,49,51,16,46
1,<environment.Job instance at 0x1532001e4c80>,24,17,[5 2],34,63,80,29,51
1,<environment.Job instance at 0x1531ee93aeb0>,25,1,[6 1],36,51,52,15,51
1,<environment.Job instance at 0x1531ee962d70>,27,3,[2 7],39,63,66,24,57
1,<environment.Job instance at 0x1531f1ee4dc0>,28,1,[1 6],40,66,67,26,57
1,<environment.Job instance at 0x1531f1ee47d0>,29,3,[8 2],41,57,60,16,57
1,<environment.Job instance at 0x1531ede844b0>,30,1,[1 7],42,67,68,25,57
1,<environment.Job instance at 0x1531ede84550>,33,16,[ 2 10],45,80,96,35,69
1,<environment.Job instance at 0x1531ede84eb0>,34,3,[7 1],46,96,99,50,70
1,<environment.Job instance at 0x1532000f4230>,38,3,[5 2],52,99,102,47,80
1,<environment.Job instance at 0x1532000f4500>,40,1,[8 1],54,102,103,48,80
1,<environment.Job instance at 0x1532032e82d0>,41,1,[1 5],56,96,97,40,80
1,<environment.Job instance at 0x1531ee007a50>,42,1,[10  1],58,103,104,45,80
1,<environment.Job instance at 0x1531ee007be0>,43,1,[5 2],59,99,100,40,80
1,<environment.Job instance at 0x1531ede8bdc0>,44,17,[10  1],60,104,121,44,92
1,<environment.Job instance at 0x1531ee007c80>,46,1,[10  2],63,121,122,58,93
1,<environment.Job instance at 0x1531f0ef49b0>,50,3,[2 7],68,122,125,54,106
1,<environment.Job instance at 0x1531f0ef4230>,51,15,[7 2],69,122,137,53,108
1,<environment.Job instance at 0x1531f22651e0>,53,2,[2 9],71,137,139,66,121
1,<environment.Job instance at 0x1531f22650f0>,54,2,[1 5],72,125,127,53,121
1,<environment.Job instance at 0x1531ee9a53c0>,56,14,[2 6],75,139,153,64,124
1,<environment.Job instance at 0x1531ee9a5c80>,57,1,[9 1],76,153,154,77,125
1,<environment.Job instance at 0x1531ee9a5730>,59,2,[10  2],78,154,156,76,133
1,<environment.Job instance at 0x1531f1dcd9b0>,1,2,[5 1],2,2,4,0,2
1,<environment.Job instance at 0x1531f0d6e7d0>,3,17,[9 1],6,6,23,0,6
1,<environment.Job instance at 0x1531edd42730>,5,1,[5 1],8,23,24,15,8
1,<environment.Job instance at 0x1531ee138190>,7,3,[2 6],11,23,26,12,11
1,<environment.Job instance at 0x1531f0d66050>,8,2,[9 1],12,26,28,14,12
1,<environment.Job instance at 0x1531f0d66a50>,10,2,[7 2],15,24,26,9,15
1,<environment.Job instance at 0x1531f0d66dc0>,12,3,[5 1],17,28,31,11,17
1,<environment.Job instance at 0x1531f2309320>,21,1,[8 2],28,162,163,134,162
1,<environment.Job instance at 0x1531f23097d0>,22,1,[5 2],29,163,164,134,162
1,<environment.Job instance at 0x1531eddd0820>,23,1,[7 1],30,164,165,134,162
1,<environment.Job instance at 0x15320321fb40>,24,1,[1 8],31,162,163,131,162
1,<environment.Job instance at 0x153200077e10>,25,2,[6 2],32,165,167,133,162
1,<environment.Job instance at 0x15320321f5a0>,27,1,[6 2],35,167,168,132,162
1,<environment.Job instance at 0x1531f0b6b190>,28,3,[8 2],36,168,171,132,162
1,<environment.Job instance at 0x1532002fde10>,29,2,[ 1 10],38,171,173,133,162
1,<environment.Job instance at 0x1531f0d03280>,30,13,[10  1],39,173,186,134,162
1,<environment.Job instance at 0x1531ed8d25f0>,31,1,[5 1],40,163,164,123,162
1,<environment.Job instance at 0x1531ed8c8c80>,33,2,[7 2],42,186,188,144,162
1,<environment.Job instance at 0x1531ed8c83c0>,34,3,[10  1],43,188,191,145,162
1,<environment.Job instance at 0x1531eea69230>,35,3,[6 1],44,191,194,147,165
1,<environment.Job instance at 0x1531eea69dc0>,37,3,[2 7],46,191,194,145,178
1,<environment.Job instance at 0x1531f0dfb370>,40,3,[5 2],49,194,197,145,178
1,<environment.Job instance at 0x1531f0dfbc30>,41,2,[8 2],50,197,199,147,178
1,<environment.Job instance at 0x1531edc82e10>,42,3,[2 8],51,194,197,143,178
1,<environment.Job instance at 0x1531edc82f00>,43,2,[2 5],52,186,188,134,178
1,<environment.Job instance at 0x153200ef5960>,47,3,[10  2],57,199,202,142,192
1,<environment.Job instance at 0x153200ef55f0>,48,3,[2 5],59,202,205,143,192
1,<environment.Job instance at 0x153200ef5140>,49,17,[1 7],60,205,222,145,193
1,<environment.Job instance at 0x153200ef5460>,50,3,[7 2],61,202,205,141,193
1,<environment.Job instance at 0x153200ef5af0>,51,2,[2 9],62,222,224,160,195
1,<environment.Job instance at 0x153200ef50f0>,52,2,[2 7],63,197,199,134,195
1,<environment.Job instance at 0x153200ef5050>,53,18,[6 1],65,205,223,140,195
1,<environment.Job instance at 0x153200ef5cd0>,55,2,[10  1],67,224,226,157,207
1,<environment.Job instance at 0x1531f0d28e10>,58,16,[6 2],71,226,242,155,217
1,<environment.Job instance at 0x153200ef5410>,60,2,[9 1],74,242,244,168,217
1,<environment.Job instance at 0x1531ed8d1870>,61,19,[1 5],76,226,245,150,217
1,<environment.Job instance at 0x1531ed8d10a0>,62,1,[8 1],77,223,224,146,217
1,<environment.Job instance at 0x1531ed8d1be0>,63,1,[5 1],79,244,245,165,217
1,<environment.Job instance at 0x1531f0b6b730>,5,2,[6 1],9,14,16,5,14
1,<environment.Job instance at 0x1531f0b6b280>,7,15,[10  2],14,16,31,2,14
1,<environment.Job instance at 0x1531f0b6b050>,8,2,[7 2],15,31,33,16,15
1,<environment.Job instance at 0x1531ee2165f0>,14,14,[1 6],23,248,262,225,248
1,<environment.Job instance at 0x1531ee216dc0>,15,1,[1 8],24,262,263,238,248
1,<environment.Job instance at 0x153200e559b0>,17,2,[10  2],27,263,265,236,248
1,<environment.Job instance at 0x153200e55550>,18,1,[6 1],30,248,249,218,248
1,<environment.Job instance at 0x153200e555a0>,20,2,[2 7],33,265,267,232,248
1,<environment.Job instance at 0x153200e55b90>,21,3,[2 5],34,267,270,233,248
1,<environment.Job instance at 0x153200e555f0>,24,1,[10  1],38,270,271,232,259
1,<environment.Job instance at 0x153200e55d20>,25,3,[10  1],41,271,274,230,259
1,<environment.Job instance at 0x153200e55820>,26,2,[ 2 10],42,274,276,232,259
1,<environment.Job instance at 0x153200e55be0>,27,3,[9 2],43,259,262,216,259
1,<environment.Job instance at 0x1532035f2550>,31,1,[9 2],50,262,263,212,260
1,<environment.Job instance at 0x1532035f22d0>,32,1,[10  1],51,276,277,225,260
1,<environment.Job instance at 0x1532035f2960>,35,3,[6 2],56,284,287,228,284
1,<environment.Job instance at 0x1532035f2410>,37,15,[2 5],59,291,306,232,291
1,<environment.Job instance at 0x1531edb2fd20>,38,14,[7 1],60,291,305,231,291
1,<environment.Job instance at 0x1531edb2f280>,39,2,[7 1],61,305,307,244,291
1,<environment.Job instance at 0x1531edb2f730>,40,1,[8 1],62,307,308,245,291
1,<environment.Job instance at 0x1531edb2ffa0>,41,2,[10  2],63,308,310,245,291
1,<environment.Job instance at 0x1531edb2f4b0>,42,14,[9 1],64,310,324,246,295
1,<environment.Job instance at 0x1531edb2f460>,43,3,[9 2],65,324,327,259,298
1,<environment.Job instance at 0x1531edd89a50>,47,3,[9 2],71,327,330,256,301
1,<environment.Job instance at 0x1531edd89460>,48,3,[10  1],72,330,333,258,304
1,<environment.Job instance at 0x1531f0bea690>,1,3,[1 9],2,2,5,0,2
1,<environment.Job instance at 0x1531f0dcd230>,4,3,[2 8],8,8,11,0,8
1,<environment.Job instance at 0x1531f0bf87d0>,8,15,[10  1],13,13,28,0,13
1,<environment.Job instance at 0x1531f0bf8d70>,10,1,[8 2],15,28,29,13,16
1,<environment.Job instance at 0x153200eb0190>,16,1,[7 2],22,39,40,17,39
1,<environment.Job instance at 0x153200145690>,18,3,[1 7],24,39,42,15,39
1,<environment.Job instance at 0x15320032eaa0>,19,2,[6 2],26,40,42,14,39
1,<environment.Job instance at 0x1531edc723c0>,20,3,[9 1],27,42,45,15,39
1,<environment.Job instance at 0x1532031b32d0>,21,14,[7 1],28,45,59,17,39
1,<environment.Job instance at 0x153200fbb5f0>,23,14,[9 2],30,59,73,29,44
1,<environment.Job instance at 0x153200fbba00>,24,1,[1 9],31,44,45,13,44
1,<environment.Job instance at 0x153200fbb6e0>,25,16,[1 8],32,45,61,13,44
1,<environment.Job instance at 0x153200fbbd20>,26,1,[6 1],33,73,74,40,45
1,<environment.Job instance at 0x1532028bd320>,27,3,[5 2],34,74,77,40,48
1,<environment.Job instance at 0x1532028bd9b0>,29,2,[8 2],36,77,79,41,57
1,<environment.Job instance at 0x1532028bde60>,30,1,[9 2],37,79,80,42,57
1,<environment.Job instance at 0x1532028bd3c0>,31,2,[1 7],38,61,63,23,57
1,<environment.Job instance at 0x1531f0bfb7d0>,13,1,[5 1],18,74,75,56,57
1,<environment.Job instance at 0x153200f07fa0>,36,14,[ 1 10],47,80,94,33,70
1,<environment.Job instance at 0x153200f07370>,37,1,[5 2],48,75,76,27,70
1,<environment.Job instance at 0x1532035e80f0>,38,1,[8 2],49,94,95,45,70
1,<environment.Job instance at 0x1532035e8320>,39,2,[7 2],51,95,97,44,70
1,<environment.Job instance at 0x1532035e8e10>,40,3,[6 1],53,97,100,44,71
1,<environment.Job instance at 0x1532035e8b90>,41,2,[10  1],54,100,102,46,73
1,<environment.Job instance at 0x1532035e8c30>,42,1,[9 1],55,102,103,47,74
1,<environment.Job instance at 0x1532035e8fa0>,43,3,[5 1],56,103,106,47,77
1,<environment.Job instance at 0x1532002c2960>,44,3,[1 6],57,77,80,20,77
1,<environment.Job instance at 0x1531ee94ff50>,47,2,[7 1],61,106,108,45,87
1,<environment.Job instance at 0x1531ee94faa0>,48,3,[9 1],66,108,111,42,87
1,<environment.Job instance at 0x1531ee94f640>,49,13,[2 5],68,111,124,43,95
1,<environment.Job instance at 0x1531ee94f820>,50,2,[1 8],69,95,97,26,95
1,<environment.Job instance at 0x1531ee94f4b0>,51,1,[2 6],70,97,98,27,95
1,<environment.Job instance at 0x1531f0df7aa0>,52,2,[9 2],73,124,126,51,97
1,<environment.Job instance at 0x1531ef521dc0>,53,1,[ 2 10],77,126,127,49,98
1,<environment.Job instance at 0x1531edb21370>,0,3,[1 8],1,1,4,0,1
1,<environment.Job instance at 0x1531ef4f0aa0>,1,1,[8 1],3,3,4,0,3
1,<environment.Job instance at 0x1531ed714a50>,4,15,[ 2 10],12,13,28,1,13
1,<environment.Job instance at 0x1531ed714e60>,6,2,[7 2],14,28,30,14,14
1,<environment.Job instance at 0x1531ed714500>,7,2,[5 2],16,30,32,14,16
1,<environment.Job instance at 0x1531ed714550>,8,1,[ 2 10],17,32,33,15,17
1,<environment.Job instance at 0x1531ed714dc0>,9,1,[6 2],18,33,34,15,18
1,<environment.Job instance at 0x15320318e5a0>,14,3,[2 8],23,28,31,5,23
1,<environment.Job instance at 0x15320318e0f0>,15,3,[8 2],25,34,37,9,25
1,<environment.Job instance at 0x15320318e280>,16,1,[ 2 10],26,37,38,11,26
1,<environment.Job instance at 0x15320318e9b0>,17,2,[1 6],27,33,35,6,27
1,<environment.Job instance at 0x15320318e7d0>,18,2,[8 1],28,38,40,10,28
1,<environment.Job instance at 0x153200e82d20>,22,3,[ 2 10],35,40,43,5,35
1,<environment.Job instance at 0x153200e82a50>,25,2,[10  2],38,43,45,5,38
1,<environment.Job instance at 0x153200e82be0>,26,2,[1 7],39,45,47,6,39
1,<environment.Job instance at 0x153200e82a00>,27,3,[2 8],40,47,50,7,40
1,<environment.Job instance at 0x153200e82af0>,28,2,[6 2],41,45,47,4,41
1,<environment.Job instance at 0x1531f1ddeeb0>,32,3,[6 1],47,47,50,0,47
1,<environment.Job instance at 0x1531f1dded70>,34,1,[7 1],49,50,51,1,49
1,<environment.Job instance at 0x1531f1dde640>,36,2,[10  2],53,53,55,0,53
1,<environment.Job instance at 0x1531f1dde050>,37,1,[5 1],54,55,56,1,54
1,<environment.Job instance at 0x1531f1ddec80>,39,1,[6 1],56,56,57,0,56
1,<environment.Job instance at 0x1531f1dde7d0>,40,3,[8 1],58,58,61,0,58
1,<environment.Job instance at 0x1531f1ddec30>,42,2,[8 2],63,63,65,0,63
1,<environment.Job instance at 0x1531f2207820>,43,17,[10  1],66,66,83,0,66
1,<environment.Job instance at 0x1531f22079b0>,44,3,[2 6],67,83,86,16,67
1,<environment.Job instance at 0x1531f22070f0>,45,2,[7 1],68,83,85,15,68
1,<environment.Job instance at 0x1531f2207500>,51,1,[1 7],78,86,87,8,78
1,<environment.Job instance at 0x1531ee230230>,2,27,[1 9],3,4,31,1,4
1,<environment.Job instance at 0x1531ee230050>,4,1,[ 2 10],5,31,32,26,5
1,<environment.Job instance at 0x153203194aa0>,6,3,[ 1 10],11,32,35,21,11
1,<environment.Job instance at 0x1531eda40730>,7,1,[8 2],12,35,36,23,12
1,<environment.Job instance at 0x1531eda40780>,8,18,[9 1],13,13,31,0,13
1,<environment.Job instance at 0x153203194730>,9,2,[8 1],15,36,38,21,15
1,<environment.Job instance at 0x1531edb553c0>,14,3,[8 2],23,38,41,15,23
1,<environment.Job instance at 0x1531eda407d0>,15,1,[1 7],24,35,36,11,24
1,<environment.Job instance at 0x1531eddfde10>,16,3,[2 8],25,36,39,11,25
1,<environment.Job instance at 0x1531ef50bb40>,17,2,[7 1],26,41,43,15,26
1,<environment.Job instance at 0x1531eda4d4b0>,19,1,[1 7],30,39,40,9,30
1,<environment.Job instance at 0x1532000d6d70>,20,21,[9 1],31,43,64,12,35
1,<environment.Job instance at 0x15320002baf0>,21,16,[1 6],32,40,56,8,35
1,<environment.Job instance at 0x1532035f20a0>,22,15,[10  2],33,64,79,31,50
1,<environment.Job instance at 0x1531edb03870>,23,2,[5 1],35,79,81,44,52
1,<environment.Job instance at 0x1531f0b14960>,25,3,[5 1],37,79,82,42,53
1,<environment.Job instance at 0x1531ee4eb0a0>,28,2,[1 8],41,56,58,15,53
1,<environment.Job instance at 0x1531ee4eb960>,29,1,[1 9],43,58,59,15,53
1,<environment.Job instance at 0x1531ee4eb780>,31,3,[9 1],46,82,85,36,56
1,<environment.Job instance at 0x1531ee4eba00>,34,16,[9 2],50,86,102,36,86
1,<environment.Job instance at 0x1531ee4eb820>,35,3,[ 2 10],51,102,105,51,86
1,<environment.Job instance at 0x1531edb3e500>,37,1,[9 2],54,105,106,51,88
1,<environment.Job instance at 0x1531edb3eb90>,38,1,[2 8],55,106,107,51,88
1,<environment.Job instance at 0x1531f0ea1af0>,39,1,[5 1],56,106,107,50,88
1,<environment.Job instance at 0x1531f0ea1320>,40,1,[8 1],58,107,108,49,88
1,<environment.Job instance at 0x1531f0ea12d0>,41,1,[1 8],60,88,89,28,88
1,<environment.Job instance at 0x1531ededa280>,42,1,[2 9],61,107,108,46,88
1,<environment.Job instance at 0x1531f0ea1a00>,43,3,[1 9],62,108,111,46,88
1,<environment.Job instance at 0x1531ededaaa0>,45,1,[7 2],65,111,112,46,88
1,<environment.Job instance at 0x1531ededa780>,46,1,[10  1],66,112,113,46,88
1,<environment.Job instance at 0x1531ededa2d0>,47,3,[2 5],68,113,116,45,88
1,<environment.Job instance at 0x1531ededa320>,48,2,[6 2],69,113,115,44,88
1,<environment.Job instance at 0x1531ededa140>,50,3,[2 9],71,116,119,45,106
1,<environment.Job instance at 0x1531ededac80>,51,1,[1 6],72,111,112,39,106
1,<environment.Job instance at 0x1531ededafa0>,52,1,[10  1],73,119,120,46,106
1,<environment.Job instance at 0x1531eda4eb40>,54,1,[7 1],75,108,109,33,106
1,<environment.Job instance at 0x1531edb3c690>,55,3,[9 2],76,120,123,44,106
1,<environment.Job instance at 0x1531edfb13c0>,56,2,[1 8],77,120,122,43,106
1,<environment.Job instance at 0x1531edfb1960>,58,3,[2 5],79,123,126,44,107
1,<environment.Job instance at 0x15320317f910>,1,21,[9 2],2,2,23,0,2
1,<environment.Job instance at 0x1531f0aa7be0>,6,3,[7 2],8,23,26,15,8
1,<environment.Job instance at 0x1531f0aa7e10>,7,17,[ 2 10],9,26,43,17,16
1,<environment.Job instance at 0x153200117e10>,12,2,[1 7],19,43,45,24,27
1,<environment.Job instance at 0x1531f0aa76e0>,13,3,[7 1],20,43,46,23,27
1,<environment.Job instance at 0x153200117140>,14,1,[6 1],21,46,47,25,27
1,<environment.Job instance at 0x153200117780>,16,3,[2 9],23,45,48,22,27
1,<environment.Job instance at 0x1531eda66f50>,21,2,[1 5],30,48,50,18,47
1,<environment.Job instance at 0x1532000afbe0>,23,2,[9 1],32,48,50,16,47
1,<environment.Job instance at 0x1532028835f0>,24,3,[9 2],33,50,53,17,47
1,<environment.Job instance at 0x1532000afeb0>,25,17,[5 2],34,53,70,19,47
1,<environment.Job instance at 0x1531f2223f00>,26,2,[2 6],36,53,55,17,47
1,<environment.Job instance at 0x1531f0d3e4b0>,28,1,[2 7],38,55,56,17,47
1,<environment.Job instance at 0x153200bd10a0>,31,2,[5 1],42,56,58,14,47
1,<environment.Job instance at 0x1531edcd7460>,36,18,[10  2],48,70,88,22,59
1,<environment.Job instance at 0x1531edcd7e10>,39,3,[1 6],51,88,91,37,68
1,<environment.Job instance at 0x1531ede27e60>,42,16,[8 2],55,88,104,33,75
1,<environment.Job instance at 0x1531eff77690>,43,3,[1 5],58,91,94,33,75
1,<environment.Job instance at 0x1531eff77460>,44,1,[10  1],59,104,105,45,76
1,<environment.Job instance at 0x153202b0d640>,47,1,[1 6],62,94,95,32,90
1,<environment.Job instance at 0x153202b0daa0>,48,14,[1 8],63,105,119,42,90
1,<environment.Job instance at 0x153202b0dd70>,49,2,[5 1],64,105,107,41,90
1,<environment.Job instance at 0x153202b0d690>,50,2,[7 2],65,107,109,42,90
1,<environment.Job instance at 0x1531f1d98370>,51,1,[1 6],66,95,96,29,90
1,<environment.Job instance at 0x1531f1d7dd70>,52,3,[2 6],67,96,99,29,90
1,<environment.Job instance at 0x1531f1d7d640>,53,3,[1 9],68,119,122,51,93
1,<environment.Job instance at 0x15320007a500>,54,3,[6 1],69,109,112,40,93
1,<environment.Job instance at 0x1532028777d0>,56,2,[7 1],76,112,114,36,93
1,<environment.Job instance at 0x1531ee98d230>,1,1,[5 1],2,2,3,0,2
1,<environment.Job instance at 0x1531f19559b0>,3,2,[1 7],4,4,6,0,4
1,<environment.Job instance at 0x1531f1955190>,5,3,[5 2],8,8,11,0,8
1,<environment.Job instance at 0x1531f1955eb0>,6,15,[8 1],9,11,26,2,9
1,<environment.Job instance at 0x1531f0d3bbe0>,7,3,[2 7],10,10,13,0,10
1,<environment.Job instance at 0x1531f1955c30>,8,2,[8 2],12,26,28,14,12
1,<environment.Job instance at 0x1531f0a244b0>,10,1,[5 2],19,28,29,9,19
1,<environment.Job instance at 0x153200292690>,11,13,[7 2],20,29,42,9,21
1,<environment.Job instance at 0x153202af8960>,12,1,[7 2],22,42,43,20,22
1,<environment.Job instance at 0x1531ed784960>,15,3,[2 6],25,25,28,0,25
1,<environment.Job instance at 0x1531f19538c0>,16,2,[7 1],27,43,45,16,27
1,<environment.Job instance at 0x1531edabb690>,19,3,[1 9],31,43,46,12,31
1,<environment.Job instance at 0x153200251b90>,20,17,[1 5],32,46,63,14,34
1,<environment.Job instance at 0x153200e3cf50>,22,1,[1 8],35,35,36,0,35
1,<environment.Job instance at 0x153200e3cfa0>,23,1,[10  2],39,63,64,24,39
1,<environment.Job instance at 0x153200e3c190>,24,2,[2 6],40,40,42,0,40
1,<environment.Job instance at 0x1531edfa5a50>,25,1,[1 5],41,42,43,1,41
1,<environment.Job instance at 0x1531edfa5140>,26,3,[7 2],43,46,49,3,43
1,<environment.Job instance at 0x1531edfa54b0>,27,1,[2 8],44,64,65,20,44
1,<environment.Job instance at 0x1531ee9c14b0>,31,3,[7 2],51,51,54,0,51
1,<environment.Job instance at 0x1531ee99faf0>,33,15,[ 2 10],54,65,80,11,54
1,<environment.Job instance at 0x1531ee99fb40>,34,1,[1 9],55,80,81,25,55
1,<environment.Job instance at 0x1531edf2f5f0>,35,3,[6 2],56,56,59,0,56
1,<environment.Job instance at 0x1531f0d77640>,3,3,[2 7],4,4,7,0,4
1,<environment.Job instance at 0x1531ee0208c0>,4,1,[7 1],5,5,6,0,5
1,<environment.Job instance at 0x1531f226d2d0>,5,2,[7 2],6,6,8,0,6
1,<environment.Job instance at 0x1531f226dcd0>,6,13,[10  1],8,8,21,0,8
1,<environment.Job instance at 0x1531f2323d20>,7,3,[2 6],9,21,24,12,9
1,<environment.Job instance at 0x1531edc42730>,8,2,[8 1],10,21,23,11,10
1,<environment.Job instance at 0x1531edc42f00>,9,1,[6 2],11,23,24,12,11
1,<environment.Job instance at 0x1531edc42a00>,10,1,[9 1],12,24,25,12,12
1,<environment.Job instance at 0x1531edf7fe10>,11,1,[2 5],14,25,26,11,14
1,<environment.Job instance at 0x1531edf8e320>,12,3,[10  2],17,26,29,9,17
1,<environment.Job instance at 0x1531edf8e870>,13,1,[2 7],18,29,30,11,18
1,<environment.Job instance at 0x1531f2265140>,15,1,[7 2],21,25,26,4,21
1,<environment.Job instance at 0x1531f22d8af0>,16,3,[9 1],22,30,33,8,22
1,<environment.Job instance at 0x1531f22d8960>,18,1,[2 5],24,33,34,9,24
1,<environment.Job instance at 0x1531ed81b230>,20,3,[2 8],27,34,37,7,27
1,<environment.Job instance at 0x1531ed81b4b0>,21,17,[10  1],28,37,54,9,28
1,<environment.Job instance at 0x1531f1e64e10>,27,3,[2 9],35,54,57,19,35
1,<environment.Job instance at 0x1532001cba50>,31,2,[7 1],40,54,56,14,40
1,<environment.Job instance at 0x153200eea460>,34,3,[1 9],46,57,60,11,46
1,<environment.Job instance at 0x153200eea2d0>,35,2,[9 2],48,60,62,12,48
1,<environment.Job instance at 0x153200eeacd0>,36,3,[2 7],49,62,65,13,49
1,<environment.Job instance at 0x1531ee0ad8c0>,39,3,[1 7],55,65,68,10,55
1,<environment.Job instance at 0x1531ee0adb40>,40,14,[2 5],57,68,82,11,57
1,<environment.Job instance at 0x1531edd5ce60>,50,3,[5 1],73,73,76,0,73
1,<environment.Job instance at 0x1531f1e01be0>,54,3,[8 1],77,79,82,2,79
1,<environment.Job instance at 0x1532028e0280>,55,2,[6 2],78,82,84,4,79
1,<environment.Job instance at 0x1532028e0a00>,56,3,[9 2],79,84,87,5,79
1,<environment.Job instance at 0x1531f0eee050>,2,2,[2 8],10,11,13,1,11
1,<environment.Job instance at 0x1531ee0ce910>,3,1,[7 1],13,13,14,0,13
1,<environment.Job instance at 0x1531f0a186e0>,5,3,[6 2],16,16,19,0,16
1,<environment.Job instance at 0x1531f0a18550>,7,2,[5 1],18,19,21,1,18
1,<environment.Job instance at 0x1531f0a18280>,8,3,[9 1],19,21,24,2,19
1,<environment.Job instance at 0x1531f0c4ceb0>,9,1,[7 2],20,24,25,4,20
1,<environment.Job instance at 0x1531f0c4c1e0>,11,3,[9 2],24,25,28,1,24
1,<environment.Job instance at 0x153200153e60>,12,2,[2 5],25,28,30,3,25
1,<environment.Job instance at 0x1531ed82ad20>,13,1,[1 9],26,30,31,4,26
1,<environment.Job instance at 0x1531ed82aa50>,14,3,[1 7],27,31,34,4,27
1,<environment.Job instance at 0x1531f0da9820>,15,1,[1 8],28,34,35,6,28
1,<environment.Job instance at 0x1531f0bc5c30>,16,20,[7 2],29,31,51,2,29
1,<environment.Job instance at 0x1531ee0f9780>,17,1,[1 9],30,51,52,21,30
1,<environment.Job instance at 0x1531f1f865f0>,18,2,[2 6],31,35,37,4,31
1,<environment.Job instance at 0x1531f0dd5af0>,19,3,[ 2 10],32,52,55,20,32
1,<environment.Job instance at 0x1531ed7fb0f0>,21,1,[8 1],36,51,52,15,36
1,<environment.Job instance at 0x1531ee270910>,22,3,[1 6],37,37,40,0,37
1,<environment.Job instance at 0x1531eda82730>,28,1,[5 2],43,55,56,12,43
1,<environment.Job instance at 0x1531edb92f00>,35,18,[10  2],59,67,85,8,67
1,<environment.Job instance at 0x1531f0e213c0>,37,1,[2 9],61,85,86,24,67
1,<environment.Job instance at 0x1531eea5e780>,40,3,[5 1],64,85,88,21,67
1,<environment.Job instance at 0x1531f0db76e0>,41,3,[1 7],65,86,89,21,67
1,<environment.Job instance at 0x1531eda6a730>,42,3,[10  2],67,89,92,22,67
1,<environment.Job instance at 0x153200e43550>,43,17,[9 2],69,92,109,23,80
1,<environment.Job instance at 0x1531edb92af0>,31,2,[5 1],54,142,144,88,142
1,<environment.Job instance at 0x1531f0b0a730>,0,2,[7 2],1,1,3,0,1
1,<environment.Job instance at 0x1531f0a94fa0>,4,3,[10  1],7,7,10,0,7
1,<environment.Job instance at 0x153200fbba50>,6,17,[8 1],9,10,27,1,9
1,<environment.Job instance at 0x153200fbb190>,9,2,[10  2],12,27,29,15,12
1,<environment.Job instance at 0x153200fbbe10>,11,1,[1 5],15,15,16,0,15
1,<environment.Job instance at 0x153200fbbaa0>,12,2,[1 9],16,16,18,0,16
1,<environment.Job instance at 0x1531ede24c30>,13,2,[1 7],19,19,21,0,19
1,<environment.Job instance at 0x153200fbb7d0>,14,3,[1 8],20,21,24,1,20
1,<environment.Job instance at 0x1531ee11f050>,20,2,[8 1],26,29,31,3,27
1,<environment.Job instance at 0x1531f232aa50>,21,15,[8 2],27,31,46,4,27
1,<environment.Job instance at 0x1531edb13c80>,22,1,[10  1],28,46,47,18,28
1,<environment.Job instance at 0x1531ee9cbd70>,23,2,[8 2],30,47,49,17,30
1,<environment.Job instance at 0x1531f2312410>,25,3,[6 1],32,49,52,17,32
1,<environment.Job instance at 0x1531f23120a0>,27,3,[2 5],34,34,37,0,34
1,<environment.Job instance at 0x1531eda992d0>,28,3,[2 8],36,37,40,1,36
1,<environment.Job instance at 0x1531edcf1960>,31,2,[2 5],40,259,261,219,259
1,<environment.Job instance at 0x1531edcf1190>,32,3,[1 9],41,261,264,220,259
1,<environment.Job instance at 0x1531edcf1e10>,33,15,[9 1],42,261,276,219,259
1,<environment.Job instance at 0x1531edcf15a0>,34,12,[6 1],43,276,288,233,259
1,<environment.Job instance at 0x1531f0d0b1e0>,36,3,[2 8],45,276,279,231,263
1,<environment.Job instance at 0x1531f0d0b500>,40,1,[2 7],50,279,280,229,263
1,<environment.Job instance at 0x1531f0d0bdc0>,41,3,[8 2],51,288,291,237,263
1,<environment.Job instance at 0x1531f0d0b7d0>,42,3,[ 2 10],52,291,294,239,265
1,<environment.Job instance at 0x1531eff675a0>,44,1,[2 5],55,280,281,225,267
1,<environment.Job instance at 0x1531eff672d0>,45,3,[1 8],57,267,270,210,267
1,<environment.Job instance at 0x1531eff67410>,46,2,[2 8],60,281,283,221,267
1,<environment.Job instance at 0x1531eff67b90>,48,15,[10  1],63,294,309,231,280
1,<environment.Job instance at 0x1531f0deb780>,49,3,[1 8],65,283,286,218,280
1,<environment.Job instance at 0x1531eff67e10>,51,3,[8 1],67,309,312,242,292
1,<environment.Job instance at 0x1531eff67140>,52,3,[10  1],68,312,315,244,292
1,<environment.Job instance at 0x1531f0dc9230>,53,3,[1 8],69,309,312,240,292
1,<environment.Job instance at 0x153200246a00>,55,2,[8 2],71,315,317,244,292
1,<environment.Job instance at 0x153200292230>,56,2,[8 1],72,317,319,245,292
1,<environment.Job instance at 0x1531eda21d20>,58,1,[ 2 10],75,319,320,244,294
1,<environment.Job instance at 0x153200246a50>,59,3,[ 2 10],77,320,323,243,294
1,<environment.Job instance at 0x153200fbb320>,16,2,[2 8],22,1007,1009,985,1007
1,<environment.Job instance at 0x15361866ca00>,1,3,[1 9],2,2,5,0,2
1,<environment.Job instance at 0x1535c1e3e870>,5,3,[9 2],6,6,9,0,6
1,<environment.Job instance at 0x1535c1e3e4b0>,7,1,[2 6],8,9,10,1,8
1,<environment.Job instance at 0x15361866c5f0>,9,2,[6 1],11,11,13,0,11
1,<environment.Job instance at 0x1535c1e3e1e0>,11,3,[1 8],13,13,16,0,13
1,<environment.Job instance at 0x1535c1e3e460>,12,3,[1 8],14,16,19,2,14
1,<environment.Job instance at 0x1535c254a2d0>,13,2,[8 1],17,17,19,0,17
1,<environment.Job instance at 0x1535c2574500>,14,2,[ 1 10],18,19,21,1,18
1,<environment.Job instance at 0x1535c250e050>,15,1,[ 1 10],20,21,22,1,20
1,<environment.Job instance at 0x1535c250e280>,16,1,[2 5],21,22,23,1,21
1,<environment.Job instance at 0x1535c26700a0>,19,3,[6 2],26,26,29,0,26
1,<environment.Job instance at 0x1535c255b3c0>,21,3,[6 1],29,29,32,0,29
1,<environment.Job instance at 0x1535c255bd70>,25,2,[2 8],34,34,36,0,34
1,<environment.Job instance at 0x1535c255b6e0>,26,1,[2 7],35,36,37,1,35
1,<environment.Job instance at 0x1535c26034b0>,27,2,[2 7],36,37,39,1,36
1,<environment.Job instance at 0x1535c2603b40>,28,2,[2 7],37,39,41,2,37
1,<environment.Job instance at 0x1535c25bcf00>,29,16,[10  2],39,41,57,2,39
1,<environment.Job instance at 0x1535c2549be0>,31,3,[9 2],41,57,60,16,41
1,<environment.Job instance at 0x1535c2549370>,32,3,[2 9],42,60,63,18,42
1,<environment.Job instance at 0x1535c24cc0a0>,35,2,[1 8],45,57,59,12,45
1,<environment.Job instance at 0x1535c25b4d70>,36,3,[10  2],48,63,66,15,48
1,<environment.Job instance at 0x1535c254f5a0>,38,1,[8 1],51,60,61,9,51
1,<environment.Job instance at 0x1535c254fa50>,39,3,[1 5],52,66,69,14,52
1,<environment.Job instance at 0x1535c254fb40>,40,3,[1 6],53,69,72,16,53
1,<environment.Job instance at 0x1535c259fa50>,42,1,[10  1],56,72,73,16,56
1,<environment.Job instance at 0x1535c2566320>,43,3,[7 2],57,66,69,9,57
1,<environment.Job instance at 0x1535c25666e0>,44,3,[1 8],58,73,76,15,58
1,<environment.Job instance at 0x1535c2563320>,45,3,[2 8],60,76,79,16,60
1,<environment.Job instance at 0x1535c25636e0>,46,2,[2 8],61,79,81,18,61
1,<environment.Job instance at 0x1535c2563d70>,47,1,[1 6],63,81,82,18,63
1,<environment.Job instance at 0x1535c208dfa0>,48,1,[2 9],65,82,83,17,65
1,<environment.Job instance at 0x1535c25632d0>,49,16,[8 2],66,83,99,17,70
1,<environment.Job instance at 0x1535c25717d0>,53,3,[6 1],73,73,76,0,73
1,<environment.Job instance at 0x1535c20b4140>,56,1,[10  2],79,99,100,20,79
1,<environment.Job instance at 0x1535c2094eb0>,59,1,[1 9],85,100,101,15,85
1,<environment.Job instance at 0x1535c20b3be0>,60,17,[8 1],86,100,117,14,88
1,<environment.Job instance at 0x1535c20b3b90>,61,3,[1 5],87,88,91,1,88
1,<environment.Job instance at 0x1535c20ac5f0>,62,3,[9 2],88,117,120,29,91
1,<environment.Job instance at 0x1535c20b21e0>,63,3,[10  1],89,120,123,31,94
1,<environment.Job instance at 0x1535c1e54aa0>,0,12,[9 1],1,1,13,0,1
1,<environment.Job instance at 0x1535c20b2190>,1,3,[2 9],2,13,16,11,2
1,<environment.Job instance at 0x1535c20b21e0>,2,3,[1 9],3,3,6,0,3
1,<environment.Job instance at 0x1535c25c1780>,4,3,[1 9],5,6,9,1,5
1,<environment.Job instance at 0x1535c4647a00>,7,3,[2 9],9,16,19,7,9
1,<environment.Job instance at 0x1535c463bc30>,9,2,[6 2],13,19,21,6,13
1,<environment.Job instance at 0x1535c463b550>,10,3,[6 2],16,21,24,5,16
1,<environment.Job instance at 0x1535c45d00a0>,14,3,[2 9],20,24,27,4,20
1,<environment.Job instance at 0x1535c45d06e0>,15,3,[7 2],21,27,30,6,21
1,<environment.Job instance at 0x1535c45d0af0>,17,3,[ 2 10],24,30,33,6,24
1,<environment.Job instance at 0x1535c46e1640>,19,1,[10  1],27,33,34,6,27
1,<environment.Job instance at 0x1535c46d70a0>,22,2,[1 8],31,34,36,3,31
1,<environment.Job instance at 0x1535c46d79b0>,23,2,[2 6],32,36,38,4,32
1,<environment.Job instance at 0x1535c46dd2d0>,27,1,[2 5],38,38,39,0,38
1,<environment.Job instance at 0x1535c46ddb40>,35,16,[8 1],47,47,63,0,47
1,<environment.Job instance at 0x1535c46eec30>,38,1,[2 8],51,51,52,0,51
1,<environment.Job instance at 0x1535c46eed20>,41,1,[8 2],54,63,64,9,54
1,<environment.Job instance at 0x1535c46f3e10>,42,15,[5 1],55,64,79,9,55
1,<environment.Job instance at 0x1535c46f32d0>,43,18,[1 8],56,56,74,0,56
1,<environment.Job instance at 0x1535c46f3370>,46,3,[ 2 10],62,80,83,18,80
1,<environment.Job instance at 0x1535c46f7c80>,47,3,[2 5],63,83,86,20,80
1,<environment.Job instance at 0x1535c46f7550>,49,3,[5 2],66,83,86,17,80
1,<environment.Job instance at 0x1535c46f7640>,50,15,[9 2],67,86,101,19,80
1,<environment.Job instance at 0x1535c46f7460>,52,1,[1 6],69,86,87,17,80
1,<environment.Job instance at 0x1535c46f7dc0>,54,3,[9 1],73,101,104,28,80
1,<environment.Job instance at 0x1535c46f7780>,58,3,[7 2],78,104,107,26,97
1,<environment.Job instance at 0x1535c463a050>,60,3,[1 7],81,97,100,16,97
1,<environment.Job instance at 0x1535c463a230>,62,27,[1 8],83,104,131,21,104
1,<environment.Job instance at 0x1535c4883d20>,63,3,[1 9],84,131,134,47,105
1,<environment.Job instance at 0x1535c463afa0>,64,2,[7 2],85,107,109,22,105
1,<environment.Job instance at 0x1535c463aa50>,65,12,[6 1],86,109,121,23,105
1,<environment.Job instance at 0x1535c20a1190>,0,3,[5 1],3,3,6,0,3
1,<environment.Job instance at 0x1535c5aeebe0>,2,3,[ 2 10],6,6,9,0,6
1,<environment.Job instance at 0x1535c261f9b0>,5,3,[5 2],12,12,15,0,12
1,<environment.Job instance at 0x1535c261f4b0>,14,13,[ 2 10],22,22,35,0,22
1,<environment.Job instance at 0x1535c48f7a50>,17,15,[1 7],25,35,50,10,25
1,<environment.Job instance at 0x1535c5af1f50>,19,14,[10  1],29,50,64,21,35
1,<environment.Job instance at 0x1535c5af1960>,22,3,[8 1],32,35,38,3,35
1,<environment.Job instance at 0x1535c4616410>,26,3,[ 2 10],37,64,67,27,38
1,<environment.Job instance at 0x1535c46160f0>,29,17,[1 6],41,67,84,26,55
1,<environment.Job instance at 0x1535c4616dc0>,31,1,[2 6],43,84,85,41,56
1,<environment.Job instance at 0x1535c46168c0>,32,16,[9 1],46,67,83,21,56
1,<environment.Job instance at 0x1535c484f280>,33,15,[9 2],50,85,100,35,71
1,<environment.Job instance at 0x1535c484f370>,36,2,[6 2],53,83,85,30,71
1,<environment.Job instance at 0x1535c484fbe0>,37,1,[9 1],55,100,101,45,72
1,<environment.Job instance at 0x1535c484faf0>,38,2,[8 1],56,101,103,45,74
1,<environment.Job instance at 0x1535c4927e10>,41,3,[1 5],60,85,88,25,74
1,<environment.Job instance at 0x1535c4927f50>,42,2,[10  2],61,103,105,42,76
1,<environment.Job instance at 0x1535c4927e60>,43,3,[2 8],65,105,108,40,79
1,<environment.Job instance at 0x1535c48ba410>,47,1,[2 8],72,101,102,29,79
1,<environment.Job instance at 0x1535c257cfa0>,52,3,[8 1],82,105,108,23,96
1,<environment.Job instance at 0x1535c257c820>,56,14,[6 1],87,108,122,21,96
1,<environment.Job instance at 0x1535c257c5a0>,57,15,[2 8],88,108,123,20,96
1,<environment.Job instance at 0x1535dc0d8be0>,1,3,[2 7],3,3,6,0,3
1,<environment.Job instance at 0x1535c267baf0>,1,3,[2 8],2,2,5,0,2
1,<environment.Job instance at 0x1535c2614dc0>,4,3,[1 6],7,7,10,0,7
1,<environment.Job instance at 0x1535c2614500>,5,2,[8 2],8,8,10,0,8
1,<environment.Job instance at 0x1535c2614410>,6,14,[9 1],10,10,24,0,10
1,<environment.Job instance at 0x1535c6d8f780>,7,3,[10  1],11,24,27,13,11
1,<environment.Job instance at 0x1535c6d8f1e0>,10,3,[1 9],14,14,17,0,14
1,<environment.Job instance at 0x1535c6d8f280>,12,2,[1 5],18,18,20,0,18
1,<environment.Job instance at 0x1535c6d8fa50>,13,15,[10  1],19,27,42,8,19
1,<environment.Job instance at 0x1535c6d8f2d0>,14,1,[2 8],20,42,43,22,20
1,<environment.Job instance at 0x1535c30ca870>,18,3,[10  1],26,43,46,17,26
1,<environment.Job instance at 0x1535c30ca5a0>,19,3,[10  2],27,46,49,19,27
1,<environment.Job instance at 0x1535c1688370>,23,18,[8 2],33,49,67,16,38
1,<environment.Job instance at 0x1535c1688960>,28,15,[7 2],38,67,82,29,53
1,<environment.Job instance at 0x1535c1688410>,30,3,[6 1],40,82,85,42,56
1,<environment.Job instance at 0x1535c1688f50>,31,2,[1 8],41,56,58,15,56
1,<environment.Job instance at 0x1535c1688a00>,32,3,[2 8],42,58,61,16,56
1,<environment.Job instance at 0x1535c1688be0>,33,2,[2 8],43,61,63,18,56
1,<environment.Job instance at 0x1535c16885a0>,34,3,[5 2],46,85,88,39,59
1,<environment.Job instance at 0x1535c2681f00>,40,2,[10  1],54,88,90,34,70
1,<environment.Job instance at 0x1535c2681550>,41,2,[2 7],56,70,72,14,70
1,<environment.Job instance at 0x1535c2681eb0>,42,1,[5 2],57,85,86,28,70
1,<environment.Job instance at 0x1535c26810f0>,43,1,[2 5],58,72,73,14,70
1,<environment.Job instance at 0x1535c2681c80>,44,2,[ 1 10],60,90,92,30,70
1,<environment.Job instance at 0x1535c2681960>,45,3,[2 5],61,73,76,12,70
1,<environment.Job instance at 0x1535c2681820>,46,12,[6 1],62,92,104,30,75
1,<environment.Job instance at 0x1535c1777460>,47,2,[5 2],63,86,88,23,75
1,<environment.Job instance at 0x1535c1777550>,48,1,[7 1],66,104,105,38,76
1,<environment.Job instance at 0x1535c17775f0>,49,2,[7 1],67,105,107,38,78
1,<environment.Job instance at 0x1535c1777690>,50,1,[7 2],68,107,108,39,79
1,<environment.Job instance at 0x1535c1777be0>,51,3,[10  2],69,108,111,39,82
1,<environment.Job instance at 0x1535c1777140>,52,2,[5 2],70,111,113,41,84
1,<environment.Job instance at 0x1535c16be870>,53,15,[1 8],72,92,107,20,84
1,<environment.Job instance at 0x1535c16be960>,54,3,[1 7],73,111,114,38,85
1,<environment.Job instance at 0x1535c16be780>,57,17,[9 2],78,136,153,58,136
1,<environment.Job instance at 0x1535c16beeb0>,61,3,[2 7],82,153,156,71,136
1,<environment.Job instance at 0x1535c1657640>,66,1,[2 6],88,156,157,68,137
1,<environment.Job instance at 0x1535c1688cd0>,26,2,[ 1 10],36,2048,2050,2012,2048
1,<environment.Job instance at 0x1535c5e6b500>,1,3,[1 7],3,3,6,0,3
1,<environment.Job instance at 0x1535c5e6b190>,3,14,[1 6],5,6,20,1,6
1,<environment.Job instance at 0x1535dcb94050>,8,12,[9 2],10,10,22,0,10
1,<environment.Job instance at 0x1535dcb94820>,10,3,[9 2],12,22,25,10,12
1,<environment.Job instance at 0x1535dcb94230>,12,16,[10  2],14,25,41,11,14
1,<environment.Job instance at 0x1535c2539b40>,20,1,[2 5],24,41,42,17,25
1,<environment.Job instance at 0x1535cbd9fa50>,22,2,[7 1],26,41,43,15,26
1,<environment.Job instance at 0x1535c1688f00>,23,3,[7 1],27,43,46,16,27
1,<environment.Job instance at 0x1535c1b01820>,24,13,[10  1],28,46,59,18,30
1,<environment.Job instance at 0x1535c59477d0>,27,2,[10  2],32,59,61,27,32
1,<environment.Job instance at 0x1535c5947fa0>,28,3,[7 1],36,61,64,25,36
1,<environment.Job instance at 0x1535c5947d20>,29,3,[2 8],37,42,45,5,37
1,<environment.Job instance at 0x1535c1b9e500>,30,3,[1 9],38,61,64,23,38
1,<environment.Job instance at 0x1535c1b9ec30>,31,16,[10  1],39,64,80,25,51
1,<environment.Job instance at 0x1535c1b9e050>,32,3,[2 9],40,80,83,40,54
1,<environment.Job instance at 0x1535c1b9e5f0>,35,3,[10  1],47,83,86,36,57
1,<environment.Job instance at 0x1535c1b9eaa0>,36,3,[6 1],49,80,83,31,57
1,<environment.Job instance at 0x1535c1b9eaf0>,37,3,[8 1],50,86,89,36,60
1,<environment.Job instance at 0x1535ca058230>,40,1,[7 1],56,89,90,33,68
1,<environment.Job instance at 0x1535ca058af0>,41,2,[5 1],57,90,92,33,68
1,<environment.Job instance at 0x1535ca0580f0>,42,14,[2 5],58,86,100,28,71
1,<environment.Job instance at 0x1535c5958960>,43,3,[5 2],60,92,95,32,71
1,<environment.Job instance at 0x1535c267e320>,44,12,[1 5],61,95,107,34,78
1,<environment.Job instance at 0x1535c5dc6e60>,46,3,[8 1],63,100,103,37,82
1,<environment.Job instance at 0x1535c5958fa0>,47,3,[2 6],66,107,110,41,82
1,<environment.Job instance at 0x1535c1b38320>,49,16,[1 5],71,110,126,39,97
1,<environment.Job instance at 0x1535cbdabfa0>,55,2,[ 1 10],80,126,128,46,100
1,<environment.Job instance at 0x1535dcab3370>,57,3,[10  2],83,128,131,45,106
1,<environment.Job instance at 0x1535dcab3e60>,58,2,[1 6],87,131,133,44,106
1,<environment.Job instance at 0x1535dca5aaa0>,59,3,[1 9],88,133,136,45,107
1,<environment.Job instance at 0x1535c2539460>,1,1,[6 2],2,3,4,1,3
1,<environment.Job instance at 0x1535c1840aa0>,2,3,[10  2],4,4,7,0,4
1,<environment.Job instance at 0x1535c5bac230>,3,3,[5 1],8,8,11,0,8
1,<environment.Job instance at 0x1535c18656e0>,7,3,[9 1],12,12,15,0,12
1,<environment.Job instance at 0x1535c1852fa0>,15,3,[9 2],22,22,25,0,22
1,<environment.Job instance at 0x1535c1852190>,17,17,[1 9],24,25,42,1,24
1,<environment.Job instance at 0x1535c1dfad20>,18,3,[9 2],25,42,45,17,25
1,<environment.Job instance at 0x1535c1852f50>,19,2,[2 9],27,45,47,18,27
1,<environment.Job instance at 0x1535c1842af0>,22,13,[10  1],35,47,60,12,35
1,<environment.Job instance at 0x1535c184cd70>,26,15,[2 7],40,60,75,20,48
1,<environment.Job instance at 0x1535c599b4b0>,29,3,[6 2],47,60,63,13,48
1,<environment.Job instance at 0x1535c30a1820>,30,1,[8 1],49,63,64,14,49
1,<environment.Job instance at 0x1535c30a1460>,31,3,[1 9],51,75,78,24,51
1,<environment.Job instance at 0x1535c30a1f00>,32,1,[2 9],54,78,79,24,54
1,<environment.Job instance at 0x1535c30a1dc0>,34,12,[7 1],56,64,76,8,56
1,<environment.Job instance at 0x1535c176a190>,2,1,[9 1],5,5,6,0,5
1,<environment.Job instance at 0x1535c1840be0>,3,17,[2 8],6,10,27,4,10
1,<environment.Job instance at 0x1535dcb5fd20>,6,16,[1 6],11,27,43,16,14
1,<environment.Job instance at 0x1535c5e213c0>,9,14,[9 2],16,27,41,11,16
1,<environment.Job instance at 0x1535c4550c80>,10,1,[10  2],17,43,44,26,17
1,<environment.Job instance at 0x1535c5af1640>,15,3,[9 2],23,44,47,21,26
1,<environment.Job instance at 0x1535dcb37c80>,16,13,[1 9],24,47,60,23,31
1,<environment.Job instance at 0x1535c5af1960>,18,12,[1 7],27,60,72,33,43
1,<environment.Job instance at 0x1535dc79ea00>,22,3,[6 2],32,60,63,28,55
1,<environment.Job instance at 0x1535dc79e870>,23,2,[6 2],33,63,65,30,55
1,<environment.Job instance at 0x1535c1945820>,24,17,[5 2],34,65,82,31,55
1,<environment.Job instance at 0x1535c1945f50>,25,1,[6 1],36,55,56,19,55
1,<environment.Job instance at 0x1535cbdbe2d0>,27,3,[2 7],39,72,75,33,62
1,<environment.Job instance at 0x1535c5b8b1e0>,29,3,[8 2],41,82,85,41,62
1,<environment.Job instance at 0x1535de480f00>,34,3,[7 1],46,85,88,39,69
1,<environment.Job instance at 0x1535de480550>,35,14,[8 2],47,88,102,41,73
1,<environment.Job instance at 0x1535c179a640>,37,2,[7 2],50,102,104,52,75
1,<environment.Job instance at 0x1535c179a820>,38,3,[5 2],52,75,78,23,75
1,<environment.Job instance at 0x1535c179ac30>,39,13,[2 8],53,78,91,25,75
1,<environment.Job instance at 0x1535c470efa0>,41,1,[1 5],56,91,92,35,75
1,<environment.Job instance at 0x1535c470ed70>,42,1,[10  1],58,104,105,46,76
1,<environment.Job instance at 0x1535c470e4b0>,44,17,[10  1],60,105,122,45,93
1,<environment.Job instance at 0x1535ded32be0>,49,15,[5 2],66,122,137,56,108
1,<environment.Job instance at 0x1535ded32cd0>,50,3,[2 7],68,122,125,54,108
1,<environment.Job instance at 0x1535c5e7f410>,52,15,[6 1],70,137,152,67,123
1,<environment.Job instance at 0x1535c5e7f820>,53,2,[2 9],71,137,139,66,123
1,<environment.Job instance at 0x1535c5e7fb90>,54,2,[1 5],72,125,127,53,123
1,<environment.Job instance at 0x1535c5e7faf0>,55,16,[1 8],73,139,155,66,126
1,<environment.Job instance at 0x1535c5e17500>,57,1,[9 1],76,152,153,76,131
1,<environment.Job instance at 0x1535dcaf4410>,59,2,[10  2],78,155,157,77,133
1,<environment.Job instance at 0x1535dcaf4d70>,60,15,[9 2],80,157,172,77,143
1,<environment.Job instance at 0x1535dcaf45f0>,61,2,[5 2],81,153,155,72,143
1,<environment.Job instance at 0x1535c4561910>,65,1,[6 2],87,172,173,85,151
1,<environment.Job instance at 0x1535c5dc3b90>,0,3,[2 6],1,1,4,0,1
1,<environment.Job instance at 0x1535c152aaf0>,1,2,[9 1],2,4,6,2,2
1,<environment.Job instance at 0x1535c6d789b0>,3,2,[7 2],5,6,8,1,5
1,<environment.Job instance at 0x1535c4ac8460>,4,2,[9 2],6,8,10,2,6
1,<environment.Job instance at 0x1535dc153c80>,5,3,[5 1],7,10,13,3,7
1,<environment.Job instance at 0x1535c3b386e0>,14,1,[8 2],18,178,179,160,178
1,<environment.Job instance at 0x1535c1c3b9b0>,15,1,[5 2],19,179,180,160,178
1,<environment.Job instance at 0x1535c19de690>,16,1,[7 1],20,180,181,160,178
1,<environment.Job instance at 0x1535c19debe0>,17,1,[1 8],21,178,179,157,178
1,<environment.Job instance at 0x1535c19dee60>,18,2,[6 2],22,181,183,159,178
1,<environment.Job instance at 0x1535cbd9daa0>,20,1,[6 2],25,183,184,158,178
1,<environment.Job instance at 0x1535cbd9da50>,21,3,[8 2],26,184,187,158,178
1,<environment.Job instance at 0x1535cbd9d280>,22,2,[ 1 10],28,187,189,159,178
1,<environment.Job instance at 0x1535cbd9d190>,23,13,[10  1],29,189,202,160,178
1,<environment.Job instance at 0x1535cbd9d730>,24,1,[5 1],30,179,180,149,178
1,<environment.Job instance at 0x1535cbd9d320>,26,2,[7 2],32,202,204,170,178
1,<environment.Job instance at 0x1535c1b77d20>,27,3,[10  1],33,204,207,171,178
1,<environment.Job instance at 0x1535c1b77960>,28,3,[6 1],34,207,210,173,181
1,<environment.Job instance at 0x1535c481fbe0>,30,3,[2 7],36,207,210,171,197
1,<environment.Job instance at 0x1535de433d70>,33,3,[5 2],39,210,213,171,197
1,<environment.Job instance at 0x1535de433820>,34,2,[8 2],40,213,215,173,197
1,<environment.Job instance at 0x1535dcad2be0>,35,3,[2 8],41,210,213,169,197
1,<environment.Job instance at 0x1535de49a0a0>,39,15,[ 2 10],46,215,230,169,201
1,<environment.Job instance at 0x1535de49a2d0>,40,3,[10  2],47,230,233,183,204
1,<environment.Job instance at 0x1535de49a690>,41,3,[2 5],49,233,236,184,207
1,<environment.Job instance at 0x1535de49a870>,43,3,[7 2],51,233,236,182,211
1,<environment.Job instance at 0x1535c4aa4820>,44,2,[2 9],52,236,238,184,211
1,<environment.Job instance at 0x1535c4aa4910>,45,2,[2 7],53,213,215,160,211
1,<environment.Job instance at 0x1535c5f15f50>,48,2,[10  1],57,238,240,181,225
1,<environment.Job instance at 0x1535c5b0a410>,51,16,[6 2],61,240,256,179,227
1,<environment.Job instance at 0x1535c17c5780>,52,1,[6 1],62,236,237,174,227
1,<environment.Job instance at 0x1535c5f15820>,53,2,[9 1],64,256,258,192,229
1,<environment.Job instance at 0x1535c5f15aa0>,54,19,[1 5],66,240,259,174,230
1,<environment.Job instance at 0x1535c1e0b960>,56,1,[5 1],69,237,238,168,230
1,<environment.Job instance at 0x1535c1e0b820>,57,2,[7 2],70,258,260,188,231
1,<environment.Job instance at 0x1535c1e0b690>,59,3,[1 8],73,259,262,186,247
1,<environment.Job instance at 0x1535c1e0bbe0>,65,15,[10  2],84,262,277,178,248
1,<environment.Job instance at 0x1535c1c82140>,5,2,[10  2],7,28,30,21,28
1,<environment.Job instance at 0x1535c13d1320>,6,1,[6 1],10,30,31,20,28
1,<environment.Job instance at 0x1535c1e49af0>,7,1,[7 2],12,31,32,19,28
1,<environment.Job instance at 0x1535c1c82870>,8,2,[2 7],13,30,32,17,28
1,<environment.Job instance at 0x1535c49f4640>,9,3,[2 5],14,32,35,18,28
1,<environment.Job instance at 0x1535c1297a50>,12,1,[10  1],18,39,40,21,39
1,<environment.Job instance at 0x1535c1760730>,13,3,[10  1],21,40,43,19,39
1,<environment.Job instance at 0x1535c1760370>,14,2,[ 2 10],22,43,45,21,39
1,<environment.Job instance at 0x1535c12a1960>,15,3,[9 2],23,45,48,22,39
1,<environment.Job instance at 0x1535c1c04eb0>,16,1,[1 9],24,48,49,24,39
1,<environment.Job instance at 0x1535c5ae5870>,17,1,[8 2],27,49,50,22,39
1,<environment.Job instance at 0x1535c5a122d0>,19,1,[9 2],30,50,51,20,39
1,<environment.Job instance at 0x1535df522fa0>,20,1,[10  1],31,51,52,20,39
1,<environment.Job instance at 0x1535c5989f50>,22,13,[7 2],34,62,75,28,62
1,<environment.Job instance at 0x1535c5b719b0>,23,3,[6 2],36,75,78,39,62
1,<environment.Job instance at 0x1535c5b714b0>,25,15,[2 5],39,85,100,46,85
1,<environment.Job instance at 0x1535c12b3280>,27,2,[7 1],41,85,87,44,85
1,<environment.Job instance at 0x1535c12b3c80>,28,1,[8 1],42,87,88,45,85
1,<environment.Job instance at 0x1535c12b3e60>,29,2,[10  2],43,100,102,57,85
1,<environment.Job instance at 0x1535c12b3c30>,30,14,[9 1],44,102,116,58,87
1,<environment.Job instance at 0x1535c12b3960>,31,3,[9 2],45,116,119,71,90
1,<environment.Job instance at 0x1535c12b3320>,35,3,[9 2],51,119,122,68,93
1,<environment.Job instance at 0x1535c12b3550>,36,3,[10  1],52,122,125,70,96
1,<environment.Job instance at 0x1535dcbe3870>,39,17,[1 6],61,102,119,41,97
1,<environment.Job instance at 0x1535dcbe3410>,43,3,[2 8],68,125,128,57,99
1,<environment.Job instance at 0x1535c1a863c0>,44,1,[1 8],70,119,120,49,99
1,<environment.Job instance at 0x1535c1a86190>,46,2,[8 2],72,125,127,53,100
1,<environment.Job instance at 0x1535c2539960>,47,15,[10  1],73,128,143,55,114
1,<environment.Job instance at 0x1535c13e9be0>,49,1,[8 2],75,127,128,52,114
1,<environment.Job instance at 0x1535c1372050>,50,2,[ 1 10],76,143,145,67,116
1,<environment.Job instance at 0x1535c1372280>,52,1,[5 1],78,145,146,67,144
1,<environment.Job instance at 0x1535c1372a50>,54,1,[8 1],80,146,147,66,144
1,<environment.Job instance at 0x1535c1372230>,56,12,[6 2],83,147,159,64,144
1,<environment.Job instance at 0x1535c13720a0>,57,3,[1 7],84,145,148,61,144
1,<environment.Job instance at 0x1535c1372af0>,58,2,[6 2],86,159,161,73,144
1,<environment.Job instance at 0x1535c1372a00>,59,3,[9 1],87,161,164,74,144
1,<environment.Job instance at 0x1535c1c82fa0>,2,1,[6 1],3,3,4,0,3
1,<environment.Job instance at 0x1535dca71aa0>,3,3,[5 2],4,4,7,0,4
1,<environment.Job instance at 0x1535dca71870>,4,16,[7 1],5,7,23,2,5
1,<environment.Job instance at 0x1535dca71140>,5,2,[8 2],6,23,25,17,6
1,<environment.Job instance at 0x1535dca71f00>,6,1,[9 2],7,25,26,18,7
1,<environment.Job instance at 0x1535dcacc370>,8,26,[1 6],11,11,37,0,11
1,<environment.Job instance at 0x1535dca714b0>,13,1,[5 2],18,26,27,8,18
1,<environment.Job instance at 0x1535dca719b0>,14,1,[8 2],19,27,28,8,19
1,<environment.Job instance at 0x1535c178ec30>,15,2,[7 2],21,28,30,7,21
1,<environment.Job instance at 0x1535cbd766e0>,16,3,[6 1],23,30,33,7,23
1,<environment.Job instance at 0x1535c25c46e0>,17,2,[10  1],24,37,39,13,24
1,<environment.Job instance at 0x1535c25c4c80>,18,1,[9 1],25,33,34,8,25
1,<environment.Job instance at 0x1535c25c4460>,19,3,[5 1],26,34,37,8,26
1,<environment.Job instance at 0x1535c25c47d0>,20,3,[1 6],27,39,42,12,27
1,<environment.Job instance at 0x1535c1e43be0>,24,3,[9 1],36,39,42,3,36
1,<environment.Job instance at 0x1535c1e432d0>,26,2,[1 8],39,42,44,3,39
1,<environment.Job instance at 0x1535c1e43e10>,27,1,[2 6],40,44,45,4,40
1,<environment.Job instance at 0x1535c5e5c460>,34,16,[9 1],54,59,75,5,59
1,<environment.Job instance at 0x1535c5e5cf50>,35,12,[7 2],56,75,87,19,59
1,<environment.Job instance at 0x1535c16badc0>,38,2,[7 2],64,87,89,23,64
1,<environment.Job instance at 0x1535dcb47690>,46,3,[2 8],73,75,78,2,73
1,<environment.Job instance at 0x1535c265fb90>,47,3,[8 2],75,89,92,14,75
1,<environment.Job instance at 0x1535c19d7140>,48,1,[ 2 10],76,92,93,16,76
1,<environment.Job instance at 0x1535dc0677d0>,49,2,[1 6],77,78,80,1,77
1,<environment.Job instance at 0x1535c6d78910>,50,2,[8 1],78,93,95,15,78
1,<environment.Job instance at 0x1535c1cab640>,53,13,[7 1],82,95,108,13,82
1,<environment.Job instance at 0x1535c1cab320>,54,3,[ 2 10],85,108,111,23,85
1,<environment.Job instance at 0x1535c1cabd70>,57,2,[10  2],88,111,113,23,88
1,<environment.Job instance at 0x1535c1cab910>,58,2,[1 7],89,89,91,0,89
1,<environment.Job instance at 0x1535c5e5ce10>,33,1,[8 1],53,450,451,397,450
1,<environment.Job instance at 0x1535dc0aeb40>,0,2,[6 2],1,1,3,0,1
1,<environment.Job instance at 0x1535c46a23c0>,4,3,[6 1],7,7,10,0,7
1,<environment.Job instance at 0x1535c46a20a0>,5,2,[ 1 10],8,10,12,2,8
1,<environment.Job instance at 0x1535c18bcd70>,8,2,[10  2],13,13,15,0,13
1,<environment.Job instance at 0x1535c4582780>,9,1,[5 1],14,15,16,1,15
1,<environment.Job instance at 0x1535c5a8f0f0>,11,1,[6 1],16,16,17,0,16
1,<environment.Job instance at 0x1535c5a8fb40>,12,3,[8 1],18,18,21,0,18
1,<environment.Job instance at 0x1535dcb47eb0>,15,17,[10  1],26,26,43,0,26
1,<environment.Job instance at 0x1535c5dc6320>,16,3,[2 6],27,43,46,16,27
1,<environment.Job instance at 0x1535c1c2b460>,17,2,[7 1],28,43,45,15,28
1,<environment.Job instance at 0x1535c4582690>,10,2,[8 2],15,45,47,30,28
1,<environment.Job instance at 0x1535dcac7410>,25,12,[2 8],41,49,61,8,49
1,<environment.Job instance at 0x1535c59e5280>,27,27,[1 9],43,61,88,18,59
1,<environment.Job instance at 0x1535c59e5050>,28,1,[9 1],44,61,62,17,59
1,<environment.Job instance at 0x1535c5eb07d0>,29,1,[ 2 10],45,88,89,43,60
1,<environment.Job instance at 0x1535c260e6e0>,31,3,[ 1 10],51,89,92,38,68
1,<environment.Job instance at 0x1535c260ea00>,32,1,[8 2],52,92,93,40,68
1,<environment.Job instance at 0x1535c260ef00>,33,18,[9 1],53,68,86,15,68
1,<environment.Job instance at 0x1535c260e690>,34,2,[8 1],55,86,88,31,68
1,<environment.Job instance at 0x1535c260e050>,35,13,[8 2],56,93,106,37,77
1,<environment.Job instance at 0x1535c260ea50>,41,3,[2 8],65,92,95,27,79
1,<environment.Job instance at 0x1535c260eb40>,42,2,[7 1],66,106,108,40,79
1,<environment.Job instance at 0x1535c260b910>,44,1,[1 7],70,95,96,25,79
1,<environment.Job instance at 0x1535c174d5f0>,46,16,[1 6],72,96,112,24,85
1,<environment.Job instance at 0x1535c16d5460>,47,15,[10  2],73,112,127,39,98
1,<environment.Job instance at 0x1535c16d5870>,48,2,[5 1],75,108,110,33,98
1,<environment.Job instance at 0x1535dc78a500>,50,3,[5 1],77,127,130,50,101
1,<environment.Job instance at 0x1535c1ca1320>,56,3,[9 1],86,130,133,44,104
1,<environment.Job instance at 0x1535c1855500>,0,3,[ 2 10],1,1,4,0,1
1,<environment.Job instance at 0x1535df193f50>,2,1,[9 2],4,4,5,0,4
1,<environment.Job instance at 0x1535c5b34690>,4,1,[5 1],6,6,7,0,6
1,<environment.Job instance at 0x1535cbdef320>,5,1,[8 1],8,8,9,0,8
1,<environment.Job instance at 0x1535c1bb9aa0>,8,3,[1 9],12,12,15,0,12
1,<environment.Job instance at 0x1535c19b98c0>,10,1,[7 2],15,15,16,0,15
1,<environment.Job instance at 0x1535c1826b40>,11,1,[10  1],16,16,17,0,16
1,<environment.Job instance at 0x1535c5e7f640>,12,3,[2 5],18,18,21,0,18
1,<environment.Job instance at 0x1535c1bb9d20>,13,2,[6 2],19,19,21,0,19
1,<environment.Job instance at 0x1535c48175a0>,16,1,[1 6],22,22,23,0,22
1,<environment.Job instance at 0x1535c2087190>,17,1,[10  1],23,23,24,0,23
1,<environment.Job instance at 0x1535c4817fa0>,18,17,[5 1],24,24,41,0,24
1,<environment.Job instance at 0x1535c1a99050>,19,1,[7 1],25,41,42,16,25
1,<environment.Job instance at 0x1535c131adc0>,20,3,[9 2],26,42,45,16,26
1,<environment.Job instance at 0x1535dcab0b90>,23,3,[2 5],29,29,32,0,29
1,<environment.Job instance at 0x1535dcab00a0>,24,2,[8 1],30,45,47,15,30
1,<environment.Job instance at 0x1535dcab02d0>,27,17,[7 2],33,47,64,14,35
1,<environment.Job instance at 0x1535cbd9b4b0>,31,3,[7 2],38,64,67,26,38
1,<environment.Job instance at 0x1535c4598730>,33,1,[1 8],42,51,52,9,51
1,<environment.Job instance at 0x1535c4598870>,34,16,[5 2],43,67,83,24,54
1,<environment.Job instance at 0x1535c4598640>,35,1,[6 1],45,83,84,38,55
1,<environment.Job instance at 0x1535c45982d0>,37,2,[1 7],49,58,60,9,58
1,<environment.Job instance at 0x1535cbde0c80>,38,3,[7 1],50,84,87,34,58
1,<environment.Job instance at 0x1535c4598af0>,41,3,[2 9],53,83,86,30,66
1,<environment.Job instance at 0x1535c254faf0>,42,17,[1 8],55,66,83,11,66
1,<environment.Job instance at 0x1535c254f690>,44,16,[2 7],57,86,102,29,79
1,<environment.Job instance at 0x1535c4849910>,47,1,[1 5],61,102,103,41,79
1,<environment.Job instance at 0x1535c254f960>,48,2,[9 1],62,102,104,40,79
1,<environment.Job instance at 0x1535c4849dc0>,49,3,[9 2],63,104,107,41,79
1,<environment.Job instance at 0x1535c4833460>,51,2,[2 6],66,107,109,41,83
1,<environment.Job instance at 0x1535c4abfa00>,56,2,[5 1],72,87,89,15,83
1,<environment.Job instance at 0x1535c4abf190>,57,2,[8 2],73,89,91,16,83
1,<environment.Job instance at 0x1535dc0f26e0>,61,18,[10  2],78,109,127,31,102
1,<environment.Job instance at 0x1535c191a280>,63,15,[2 5],80,127,142,47,113
1,<environment.Job instance at 0x1535c14861e0>,64,3,[1 6],81,142,145,61,116
1,<environment.Job instance at 0x1535c1b3c0a0>,67,16,[8 2],85,127,143,42,116
1,<environment.Job instance at 0x1535c1b3cfa0>,68,3,[1 5],88,145,148,57,119
1,<environment.Job instance at 0x1535c1b3c6e0>,69,1,[10  1],89,148,149,59,120
1,<environment.Job instance at 0x1535dcab07d0>,28,16,[5 2],34,1071,1087,1037,1071
1,<environment.Job instance at 0x1535de4317d0>,1,1,[1 6],2,2,3,0,2
1,<environment.Job instance at 0x1535de431af0>,3,2,[5 1],4,4,6,0,4
1,<environment.Job instance at 0x1535cbd9bb90>,4,2,[7 2],5,6,8,1,5
1,<environment.Job instance at 0x1535c5e110f0>,6,3,[2 6],7,7,10,0,7
1,<environment.Job instance at 0x1535c5e111e0>,7,3,[1 9],8,10,13,2,8
1,<environment.Job instance at 0x1535c5e11af0>,8,3,[6 1],9,9,12,0,9
1,<environment.Job instance at 0x1535c5e11320>,10,2,[7 1],16,16,18,0,16
1,<environment.Job instance at 0x1535c5e11500>,11,17,[8 1],17,18,35,1,17
1,<environment.Job instance at 0x1535c5e11be0>,14,3,[9 1],20,35,38,15,20
1,<environment.Job instance at 0x1535c5e11dc0>,18,2,[1 7],24,24,26,0,24
1,<environment.Job instance at 0x1535c18a1410>,19,1,[6 2],27,38,39,11,28
1,<environment.Job instance at 0x1535c18a1fa0>,21,15,[8 1],29,39,54,10,29
1,<environment.Job instance at 0x1535c1338730>,22,3,[2 7],30,30,33,0,30
1,<environment.Job instance at 0x1535c13388c0>,23,2,[8 2],32,54,56,22,32
1,<environment.Job instance at 0x1535c1338af0>,25,1,[5 2],39,56,57,17,39
1,<environment.Job instance at 0x1535c1338140>,26,13,[7 2],40,57,70,17,43
1,<environment.Job instance at 0x1535dc0f0460>,30,3,[2 6],45,45,48,0,45
1,<environment.Job instance at 0x1535dc0f0a50>,34,3,[1 9],51,51,54,0,51
1,<environment.Job instance at 0x1535dc0f0d20>,35,17,[1 5],52,54,71,2,52
1,<environment.Job instance at 0x1535c59994b0>,36,3,[8 1],54,70,73,16,54
1,<environment.Job instance at 0x1535c5999690>,37,1,[1 8],55,71,72,16,55
1,<environment.Job instance at 0x1535c5999aa0>,38,1,[10  2],59,73,74,14,59
1,<environment.Job instance at 0x1535c5999960>,39,2,[2 6],60,74,76,14,60
1,<environment.Job instance at 0x1535c2574af0>,40,1,[1 5],61,72,73,11,61
1,<environment.Job instance at 0x1535c2574370>,41,3,[7 2],63,74,77,11,63
1,<environment.Job instance at 0x1535c25745f0>,42,1,[2 8],64,76,77,12,64
1,<environment.Job instance at 0x1535c2574e60>,43,18,[1 7],66,77,95,11,66
1,<environment.Job instance at 0x1535c2574050>,44,3,[10  1],68,95,98,27,69
1,<environment.Job instance at 0x1535c2574a50>,46,3,[7 2],71,77,80,6,71
1,<environment.Job instance at 0x1535c2574dc0>,49,1,[1 9],75,98,99,23,75
1,<environment.Job instance at 0x1535c173ec80>,50,3,[6 2],76,80,83,4,76
1,<environment.Job instance at 0x1535c18a15f0>,20,3,[5 2],28,1473,1476,1445,1473
1,<environment.Job instance at 0x1535c173e500>,54,2,[2 8],81,2884,2886,2803,2884
1,<environment.Job instance at 0x1535c173ee10>,56,3,[2 5],85,2886,2889,2801,2884
1,<environment.Job instance at 0x1535c173ebe0>,57,18,[5 2],87,2886,2904,2799,2886
1,<environment.Job instance at 0x1535c173e9b0>,58,1,[1 6],88,2889,2890,2801,2886
1,<environment.Job instance at 0x1535df1a76e0>,1,3,[2 7],2,2,5,0,2
1,<environment.Job instance at 0x1535c25b45a0>,3,3,[10  1],7,7,10,0,7
1,<environment.Job instance at 0x1535c85d9370>,4,2,[6 1],8,10,12,2,8
1,<environment.Job instance at 0x1535c1c521e0>,5,3,[1 5],9,10,13,1,9
1,<environment.Job instance at 0x1535c1829190>,10,3,[2 7],14,14,17,0,14
1,<environment.Job instance at 0x1535c1c52af0>,11,1,[7 1],15,15,16,0,15
1,<environment.Job instance at 0x1535c263a050>,12,2,[7 2],16,16,18,0,16
1,<environment.Job instance at 0x1535c263ad70>,13,13,[10  1],18,18,31,0,18
1,<environment.Job instance at 0x1535c1c52640>,14,3,[2 6],19,31,34,12,19
1,<environment.Job instance at 0x1535dc0d38c0>,15,2,[8 1],20,31,33,11,20
1,<environment.Job instance at 0x1535dc0d3e10>,16,1,[6 2],21,33,34,12,21
1,<environment.Job instance at 0x1535dc0d3190>,17,1,[9 1],22,34,35,12,22
1,<environment.Job instance at 0x1535dc0d3d70>,18,1,[2 5],24,35,36,11,24
1,<environment.Job instance at 0x1535c860d0f0>,19,3,[10  2],27,36,39,9,27
1,<environment.Job instance at 0x1535c17c3af0>,20,1,[2 7],28,39,40,11,28
1,<environment.Job instance at 0x1535c16dc2d0>,23,3,[9 1],32,40,43,8,32
1,<environment.Job instance at 0x1535dc0d33c0>,24,15,[6 1],33,43,58,10,33
1,<environment.Job instance at 0x1535cbd35eb0>,25,1,[2 5],34,35,36,1,34
1,<environment.Job instance at 0x1535cbd350a0>,27,3,[2 8],37,43,46,6,37
1,<environment.Job instance at 0x1535dcb35eb0>,22,1,[7 2],31,39,40,8,37
1,<environment.Job instance at 0x1535c5980eb0>,28,17,[10  1],38,58,75,20,46
1,<environment.Job instance at 0x1535ded18730>,38,2,[7 1],50,75,77,25,50
1,<environment.Job instance at 0x1535ded18e10>,40,1,[ 1 10],55,77,78,22,58
1,<environment.Job instance at 0x1535ded18550>,41,3,[1 9],56,78,81,22,58
1,<environment.Job instance at 0x1535ded18cd0>,42,2,[9 2],58,81,83,23,58
1,<environment.Job instance at 0x1535c1b75a00>,43,3,[2 7],59,83,86,24,59
1,<environment.Job instance at 0x1535dc0aea00>,46,3,[1 7],65,86,89,21,65
1,<environment.Job instance at 0x1535dc0ae690>,47,14,[2 5],67,89,103,22,74
1,<environment.Job instance at 0x1535c5eb1c30>,48,13,[1 5],71,89,102,18,74
1,<environment.Job instance at 0x1535c193db90>,52,3,[2 9],76,103,106,27,77
1,<environment.Job instance at 0x1535c1b92e10>,57,3,[5 1],83,102,105,19,87
1,<environment.Job instance at 0x1535c1b92960>,61,3,[8 1],87,105,108,18,105
1,<environment.Job instance at 0x1535de4416e0>,63,3,[9 2],89,108,111,19,105
1,<environment.Job instance at 0x1535c5980870>,1,18,[8 1],8,8,26,0,8
1,<environment.Job instance at 0x1535c189f730>,5,3,[6 2],16,26,29,10,16
1,<environment.Job instance at 0x1535dc7a67d0>,9,1,[7 2],20,29,30,9,20
1,<environment.Job instance at 0x1535dc7a6d20>,11,3,[9 2],24,30,33,6,24
1,<environment.Job instance at 0x1535dc7a6960>,12,2,[2 5],25,25,27,0,25
1,<environment.Job instance at 0x1535dc7a65a0>,13,1,[1 9],26,33,34,7,26
1,<environment.Job instance at 0x1535dc7a6910>,14,3,[1 7],27,27,30,0,27
1,<environment.Job instance at 0x1535c457d2d0>,15,1,[1 8],28,30,31,2,28
1,<environment.Job instance at 0x1535c457d820>,16,20,[7 2],29,34,54,5,29
1,<environment.Job instance at 0x1535c5ea9dc0>,17,1,[1 9],30,54,55,24,30
1,<environment.Job instance at 0x1535dc7a6280>,18,2,[2 6],31,34,36,3,31
1,<environment.Job instance at 0x1535dcab00f0>,19,3,[ 2 10],32,55,58,23,32
1,<environment.Job instance at 0x1535c457d960>,21,1,[8 1],36,54,55,18,36
1,<environment.Job instance at 0x1535c24e5eb0>,8,3,[9 1],19,58,61,39,36
1,<environment.Job instance at 0x1535c5939c80>,22,3,[1 6],37,37,40,0,37
1,<environment.Job instance at 0x1535de4a32d0>,23,2,[1 6],38,40,42,2,38
1,<environment.Job instance at 0x1535cb6e79b0>,32,2,[1 6],55,58,60,3,55
1,<environment.Job instance at 0x1535cb6e7cd0>,34,1,[6 1],57,61,62,4,57
1,<environment.Job instance at 0x1535cb6e7960>,35,18,[10  2],59,62,80,3,59
1,<environment.Job instance at 0x1535cb6c3e60>,40,3,[5 1],64,80,83,16,64
1,<environment.Job instance at 0x1535cb6db500>,41,3,[1 7],65,80,83,15,65
1,<environment.Job instance at 0x1535c3b2f1e0>,42,3,[10  2],67,83,86,16,67
1,<environment.Job instance at 0x1535c3b2f820>,43,17,[9 2],69,86,103,17,74
1,<environment.Job instance at 0x15361411d5a0>,48,1,[1 8],78,86,87,8,78
1,<environment.Job instance at 0x15361411d500>,49,12,[7 2],79,103,115,24,86
1,<environment.Job instance at 0x15361411d8c0>,52,1,[ 2 10],82,115,116,33,88
1,<environment.Job instance at 0x1535c3b13730>,53,16,[1 7],83,88,104,5,88
1,<environment.Job instance at 0x1535c46475a0>,55,3,[10  1],87,116,119,29,90
1,<environment.Job instance at 0x1535c1294500>,1,2,[10  2],2,2,4,0,2
1,<environment.Job instance at 0x1535cb6e73c0>,2,15,[9 1],4,4,19,0,4
1,<environment.Job instance at 0x1535c14e1640>,4,2,[1 9],6,6,8,0,6
1,<environment.Job instance at 0x1535c14e1230>,6,3,[1 8],10,10,13,0,10
1,<environment.Job instance at 0x1535c260e370>,9,3,[1 7],13,13,16,0,13
1,<environment.Job instance at 0x1535c5ef4c80>,11,3,[7 2],15,19,22,4,15
1,<environment.Job instance at 0x1535dcad61e0>,15,2,[8 2],20,22,24,2,20
1,<environment.Job instance at 0x1535dc7a4eb0>,17,3,[6 1],22,24,27,2,22
1,<environment.Job instance at 0x1535c1d3fe60>,19,3,[2 5],24,24,27,0,24
1,<environment.Job instance at 0x1535c1824a00>,20,3,[2 8],26,27,30,1,26
1,<environment.Job instance at 0x1535c1af97d0>,25,15,[9 1],32,40,55,8,40
1,<environment.Job instance at 0x1535c1af9a50>,26,12,[6 1],33,55,67,22,40
1,<environment.Job instance at 0x1535c5e871e0>,27,13,[8 1],34,67,80,33,51
1,<environment.Job instance at 0x1535c5e87870>,28,3,[2 8],35,55,58,20,51
1,<environment.Job instance at 0x1535c5e87190>,30,2,[1 6],37,51,53,14,51
1,<environment.Job instance at 0x1535c5a3d910>,33,3,[8 2],41,80,83,39,54
1,<environment.Job instance at 0x1535c5a3d730>,34,3,[ 2 10],42,83,86,41,57
1,<environment.Job instance at 0x1535c5a3daf0>,37,3,[1 8],47,58,61,11,57
1,<environment.Job instance at 0x1535c46df0f0>,39,17,[1 8],52,61,78,9,57
1,<environment.Job instance at 0x1535c46df8c0>,40,15,[10  1],53,86,101,33,72
1,<environment.Job instance at 0x1535c46df190>,41,3,[1 8],55,78,81,23,72
1,<environment.Job instance at 0x1535c46df140>,43,3,[8 1],57,101,104,44,78
1,<environment.Job instance at 0x1535dcae25a0>,44,3,[10  1],58,104,107,46,78
1,<environment.Job instance at 0x1535dcae23c0>,45,3,[1 8],59,101,104,42,78
1,<environment.Job instance at 0x1535dcae26e0>,47,2,[8 2],61,107,109,46,80
1,<environment.Job instance at 0x1535c49e4f50>,50,1,[ 2 10],65,109,110,44,89
1,<environment.Job instance at 0x1535c49e40f0>,51,3,[ 2 10],67,110,113,43,89
1,<environment.Job instance at 0x1535c49e4640>,53,13,[1 7],70,113,126,43,100
1,<environment.Job instance at 0x1535c1ae1190>,54,16,[5 1],71,113,129,42,100
1,<environment.Job instance at 0x1535c1ae1280>,55,3,[2 5],73,126,129,53,100
1,<environment.Job instance at 0x1535c16e90f0>,59,1,[6 1],78,129,130,51,113
1,<environment.Job instance at 0x1535c1e14050>,60,18,[8 2],79,130,148,51,119
1,<environment.Job instance at 0x1535c5958140>,62,3,[2 6],81,129,132,48,127
1,<environment.Job instance at 0x1535c1ba0fa0>,63,3,[2 6],82,132,135,50,127
1,<environment.Job instance at 0x1535cb6cbeb0>,64,1,[5 2],83,148,149,65,127
1,<environment.Job instance at 0x1535c1965b40>,65,3,[7 1],84,149,152,65,127
1,<environment.Job instance at 0x1535cb6cb140>,66,2,[2 6],85,135,137,50,127
1,<environment.Job instance at 0x1535df1b0780>,67,3,[2 7],87,137,140,50,127
1,<environment.Job instance at 0x1535df1b0050>,68,18,[1 6],88,140,158,52,129
1,<environment.Job instance at 0x1535c49a5370>,6,2,[9 1],9,52,54,43,52
1,<environment.Job instance at 0x1535c49a5780>,7,18,[2 5],10,54,72,44,52
1,<environment.Job instance at 0x1535c49a59b0>,8,3,[10  2],11,72,75,61,52
1,<environment.Job instance at 0x1535de438eb0>,9,1,[6 1],14,54,55,40,52
1,<environment.Job instance at 0x1535de438050>,10,3,[10  1],15,75,78,60,52
1,<environment.Job instance at 0x1535de438730>,11,3,[6 2],16,55,58,39,52
1,<environment.Job instance at 0x1535de438c30>,13,2,[7 1],18,63,65,45,63
1,<environment.Job instance at 0x1535de438500>,14,3,[10  1],19,78,81,59,63
1,<environment.Job instance at 0x1535de4385a0>,15,1,[6 1],20,65,66,45,63
1,<environment.Job instance at 0x1535c1b84af0>,17,1,[2 7],22,81,82,59,63
1,<environment.Job instance at 0x1535c1b845f0>,18,3,[7 1],23,66,69,43,63
1,<environment.Job instance at 0x1535c1b84f50>,19,1,[8 2],24,69,70,45,63
1,<environment.Job instance at 0x1535c1b84b40>,21,15,[1 8],27,86,101,59,86
1,<environment.Job instance at 0x1535c1b84230>,22,2,[8 2],28,86,88,58,86
1,<environment.Job instance at 0x1535c1b84690>,23,13,[6 1],29,88,101,59,86
1,<environment.Job instance at 0x1535c1b84870>,24,3,[10  1],31,101,104,70,86
1,<environment.Job instance at 0x1535c5b3d730>,25,14,[6 1],33,104,118,71,89
1,<environment.Job instance at 0x1535c5b3d780>,26,2,[10  1],34,118,120,84,91
1,<environment.Job instance at 0x1535c5b3db40>,27,1,[ 1 10],37,120,121,83,92
1,<environment.Job instance at 0x1535c5b3d820>,28,1,[5 2],38,121,122,83,93
1,<environment.Job instance at 0x1535c5b3de10>,29,1,[8 1],39,122,123,83,94
1,<environment.Job instance at 0x1535c5b3d460>,30,14,[1 6],41,104,118,63,94
1,<environment.Job instance at 0x1535c1824fa0>,31,12,[1 7],44,121,133,77,104
1,<environment.Job instance at 0x1535c1824190>,32,3,[2 7],45,133,136,88,107
1,<environment.Job instance at 0x1535c1824140>,33,3,[10  2],48,136,139,88,110
1,<environment.Job instance at 0x1535cbdcdaf0>,35,3,[8 2],51,123,126,72,112
1,<environment.Job instance at 0x1535c1824870>,36,2,[2 5],54,139,141,85,112
1,<environment.Job instance at 0x1535c20879b0>,38,1,[8 1],56,126,127,70,113
1,<environment.Job instance at 0x1535c2087870>,39,3,[9 1],57,127,130,70,113
1,<environment.Job instance at 0x1535c2087c30>,40,2,[9 1],59,130,132,71,113
1,<environment.Job instance at 0x1535c2087a00>,42,3,[1 7],63,141,144,78,115
1,<environment.Job instance at 0x1535c46c0dc0>,46,16,[10  2],67,144,160,77,131
1,<environment.Job instance at 0x1535c45c9370>,54,3,[10  2],78,160,163,82,135
1,<environment.Job instance at 0x1535c45c9be0>,55,1,[10  2],79,163,164,84,135
1,<environment.Job instance at 0x1535c1a3dd70>,57,2,[10  1],81,164,166,83,137
1,<environment.Job instance at 0x1535c1a3d960>,59,1,[9 1],84,141,142,57,137
1,<environment.Job instance at 0x1535c1a3d730>,62,3,[10  2],88,166,169,78,162
1,<environment.Job instance at 0x1535c13da5f0>,63,3,[ 1 10],89,169,172,80,162
1,<environment.Job instance at 0x1535c13f05a0>,0,3,[ 2 10],2,2,5,0,2
1,<environment.Job instance at 0x1535c263a190>,3,3,[2 8],7,7,10,0,7
1,<environment.Job instance at 0x1535c209f8c0>,4,3,[9 1],8,10,13,2,8
1,<environment.Job instance at 0x1535cbd38a00>,5,3,[2 9],10,13,16,3,10
1,<environment.Job instance at 0x1535c17b55a0>,6,2,[10  2],11,16,18,5,11
1,<environment.Job instance at 0x1535c2676780>,8,3,[ 1 10],14,18,21,4,14
1,<environment.Job instance at 0x1535c16d5190>,10,1,[7 2],16,21,22,5,16
1,<environment.Job instance at 0x1535c49778c0>,19,1,[10  1],29,40,41,11,40
1,<environment.Job instance at 0x1535c4aa4b90>,20,15,[7 1],30,41,56,11,40
1,<environment.Job instance at 0x1535dcbdb960>,21,3,[ 2 10],31,56,59,25,40
1,<environment.Job instance at 0x1535c5a97d70>,23,1,[9 2],34,59,60,25,40
1,<environment.Job instance at 0x1535c46c7960>,24,3,[2 9],35,41,44,6,40
1,<environment.Job instance at 0x1535c2651b40>,25,3,[2 5],36,44,47,8,40
1,<environment.Job instance at 0x1535c2651050>,26,3,[1 7],37,47,50,10,40
1,<environment.Job instance at 0x1535de465a50>,27,2,[2 6],38,50,52,12,40
1,<environment.Job instance at 0x1535c1bf2910>,28,2,[5 2],39,60,62,21,40
1,<environment.Job instance at 0x1535c5a998c0>,30,2,[1 5],41,52,54,11,42
1,<environment.Job instance at 0x1535c5a999b0>,31,12,[5 1],42,60,72,18,43
1,<environment.Job instance at 0x1535dc0a8690>,33,3,[1 7],45,62,65,17,45
1,<environment.Job instance at 0x1535c5a8e230>,34,1,[10  2],47,72,73,25,47
1,<environment.Job instance at 0x1535c5e40960>,35,1,[6 1],49,73,74,24,49
1,<environment.Job instance at 0x1535c48673c0>,36,13,[1 6],50,73,86,23,57
1,<environment.Job instance at 0x1535c4867eb0>,39,1,[8 1],53,74,75,21,57
1,<environment.Job instance at 0x1535c4867230>,40,3,[1 6],54,65,68,11,57
1,<environment.Job instance at 0x1535c46befa0>,41,2,[1 9],57,68,70,11,57
1,<environment.Job instance at 0x1535c46bea00>,43,12,[5 1],59,75,87,16,61
1,<environment.Job instance at 0x1535c46be500>,45,3,[2 6],62,86,89,24,73
1,<environment.Job instance at 0x1535c46bee10>,46,17,[6 1],65,87,104,22,75
1,<environment.Job instance at 0x1535c46be460>,47,3,[2 8],66,89,92,23,75
1,<environment.Job instance at 0x1535c149d820>,51,1,[1 5],71,92,93,21,75
1,<environment.Job instance at 0x1535c1843be0>,53,3,[2 8],73,93,96,20,75
1,<environment.Job instance at 0x1535c1653d20>,54,3,[2 9],74,96,99,22,75
1,<environment.Job instance at 0x1535c5df4460>,55,15,[8 1],76,104,119,28,90
1,<environment.Job instance at 0x1535de6ba0f0>,56,1,[2 7],77,99,100,22,90
1,<environment.Job instance at 0x1535c5df4410>,57,1,[7 2],78,119,120,41,91
1,<environment.Job instance at 0x1535cbd57550>,58,25,[1 7],79,100,125,21,96
1,<environment.Job instance at 0x1535cbd575a0>,62,1,[7 2],85,120,121,35,98
1,<environment.Job instance at 0x1535cbd57050>,63,1,[1 8],86,125,126,39,98
1,<environment.Job instance at 0x1535cbd57230>,64,2,[1 7],87,126,128,39,99
1,<environment.Job instance at 0x15399c2cfa00>,1,3,[1 9],2,2,5,0,2
1,<environment.Job instance at 0x15399c2cffa0>,2,1,[2 5],3,5,6,2,3
1,<environment.Job instance at 0x153945a74b40>,3,1,[6 2],4,5,6,1,5
1,<environment.Job instance at 0x153945a74820>,5,3,[9 2],6,6,9,0,6
1,<environment.Job instance at 0x153945a74050>,6,18,[8 1],7,9,27,2,7
1,<environment.Job instance at 0x153945a74460>,9,2,[6 1],11,27,29,16,11
1,<environment.Job instance at 0x15394617f5a0>,11,3,[1 8],13,13,16,0,13
1,<environment.Job instance at 0x15394623abe0>,12,3,[1 8],14,16,19,2,14
1,<environment.Job instance at 0x1539461aa5a0>,17,17,[6 1],23,29,46,6,23
1,<environment.Job instance at 0x1539461f7be0>,19,3,[6 2],26,46,49,20,26
1,<environment.Job instance at 0x1539461f7910>,21,3,[6 1],29,49,52,20,29
1,<environment.Job instance at 0x15399c2cf5f0>,4,2,[7 2],5,52,54,47,29
1,<environment.Job instance at 0x153946191eb0>,29,16,[10  2],39,54,70,15,41
1,<environment.Job instance at 0x153946185cd0>,39,3,[1 5],52,70,73,18,52
1,<environment.Job instance at 0x1539461d0af0>,40,3,[1 6],53,73,76,20,53
1,<environment.Job instance at 0x15394619c5a0>,43,3,[7 2],57,70,73,13,61
1,<environment.Job instance at 0x15394619caf0>,44,3,[1 8],58,76,79,18,61
1,<environment.Job instance at 0x1539461995a0>,45,3,[2 8],60,79,82,19,61
1,<environment.Job instance at 0x153945cca410>,50,12,[9 1],68,82,94,14,68
1,<environment.Job instance at 0x153945cea370>,53,3,[6 1],73,73,76,0,73
1,<environment.Job instance at 0x153945ce9d20>,56,1,[10  2],79,94,95,15,79
1,<environment.Job instance at 0x1539461a7d20>,59,1,[1 9],85,85,86,0,85
1,<environment.Job instance at 0x1539461805a0>,60,17,[8 1],86,95,112,9,86
1,<environment.Job instance at 0x1539461800a0>,61,3,[1 5],87,87,90,0,87
1,<environment.Job instance at 0x153946180230>,62,3,[9 2],88,112,115,24,88
1,<environment.Job instance at 0x1539461803c0>,63,3,[10  1],89,115,118,26,89
1,<environment.Job instance at 0x153946180dc0>,64,12,[9 1],91,118,130,27,101
1,<environment.Job instance at 0x153946180aa0>,66,3,[1 9],93,101,104,8,101
1,<environment.Job instance at 0x1539461a25a0>,68,3,[1 9],95,104,107,9,101
1,<environment.Job instance at 0x1539461a2870>,71,3,[2 9],99,107,110,8,101
1,<environment.Job instance at 0x1539461ea500>,1,2,[6 2],3,5,7,2,5
1,<environment.Job instance at 0x153945a8ee10>,2,3,[6 2],6,7,10,1,6
1,<environment.Job instance at 0x153948254dc0>,4,2,[2 5],8,8,10,0,8
1,<environment.Job instance at 0x153948254af0>,5,2,[ 1 10],9,10,12,1,9
1,<environment.Job instance at 0x153948254780>,6,3,[2 9],10,12,15,2,10
1,<environment.Job instance at 0x153948254eb0>,7,3,[7 2],11,15,18,4,11
1,<environment.Job instance at 0x153948254730>,9,3,[ 2 10],14,18,21,4,14
1,<environment.Job instance at 0x153948206370>,11,1,[10  1],17,21,22,4,18
1,<environment.Job instance at 0x153948206910>,16,1,[1 5],23,24,25,1,24
1,<environment.Job instance at 0x153948271b90>,27,16,[8 1],37,37,53,0,37
1,<environment.Job instance at 0x153948271960>,29,13,[2 9],40,40,53,0,40
1,<environment.Job instance at 0x15394827f7d0>,35,18,[1 8],46,53,71,7,46
1,<environment.Job instance at 0x15394827f0a0>,38,3,[ 2 10],52,71,74,19,54
1,<environment.Job instance at 0x15394827f8c0>,39,3,[2 5],53,74,77,21,54
1,<environment.Job instance at 0x153948317be0>,42,15,[9 2],57,77,92,20,63
1,<environment.Job instance at 0x15394830dc30>,46,3,[9 1],63,63,66,0,63
1,<environment.Job instance at 0x153948324c80>,49,15,[1 6],67,77,92,10,75
1,<environment.Job instance at 0x153948324dc0>,50,3,[7 2],68,92,95,24,75
1,<environment.Job instance at 0x153948324d20>,52,3,[1 7],71,92,95,21,75
1,<environment.Job instance at 0x153948324410>,55,3,[1 9],74,95,98,21,92
1,<environment.Job instance at 0x153948324fa0>,56,2,[7 2],75,98,100,23,92
1,<environment.Job instance at 0x153948329f00>,57,12,[6 1],76,100,112,24,92
1,<environment.Job instance at 0x153948329f50>,58,28,[2 8],79,98,126,19,97
1,<environment.Job instance at 0x153948329cd0>,59,3,[5 1],83,112,115,29,97
1,<environment.Job instance at 0x153948329be0>,60,15,[1 7],85,126,141,41,112
1,<environment.Job instance at 0x153948329c30>,61,3,[ 2 10],86,141,144,55,115
1,<environment.Job instance at 0x153948329690>,64,3,[5 2],92,115,118,23,115
1,<environment.Job instance at 0x153948329280>,69,19,[ 1 10],98,144,163,46,134
1,<environment.Job instance at 0x15394832d370>,70,2,[9 1],99,134,136,35,134
1,<environment.Job instance at 0x153949b24640>,2,1,[1 7],3,3,4,0,3
1,<environment.Job instance at 0x15394832d1e0>,5,3,[ 2 10],7,7,10,0,7
1,<environment.Job instance at 0x15394979bd70>,6,14,[10  1],9,10,24,1,9
1,<environment.Job instance at 0x15394979b5a0>,7,12,[7 1],10,24,36,14,10
1,<environment.Job instance at 0x15394979be60>,8,2,[8 2],11,36,38,25,12
1,<environment.Job instance at 0x1539496817d0>,10,2,[2 5],13,24,26,11,13
1,<environment.Job instance at 0x153949681be0>,11,3,[6 1],14,38,41,24,14
1,<environment.Job instance at 0x153949681870>,12,2,[10  1],15,41,43,26,15
1,<environment.Job instance at 0x1539496810a0>,13,3,[ 2 10],17,43,46,26,17
1,<environment.Job instance at 0x15394979baf0>,9,3,[8 1],12,46,49,34,23
1,<environment.Job instance at 0x153949727eb0>,20,15,[9 2],30,49,64,19,35
1,<environment.Job instance at 0x15394844d5f0>,24,1,[9 1],35,64,65,29,36
1,<environment.Job instance at 0x15394844d4b0>,25,2,[8 1],36,65,67,29,38
1,<environment.Job instance at 0x15394844d820>,26,1,[ 1 10],37,67,68,30,39
1,<environment.Job instance at 0x153949670410>,28,3,[1 5],40,46,49,6,40
1,<environment.Job instance at 0x153949670550>,29,2,[10  2],41,68,70,27,41
1,<environment.Job instance at 0x153949670140>,30,3,[2 8],45,70,73,25,45
1,<environment.Job instance at 0x1539484e26e0>,34,1,[2 8],52,65,66,13,52
1,<environment.Job instance at 0x1539484e20a0>,35,18,[10  1],56,73,91,17,62
1,<environment.Job instance at 0x153948401d70>,39,3,[8 1],62,70,73,8,62
1,<environment.Job instance at 0x15394831e730>,40,1,[7 2],63,91,92,28,63
1,<environment.Job instance at 0x15394831e6e0>,41,2,[5 2],64,92,94,28,65
1,<environment.Job instance at 0x15394852db40>,45,16,[1 7],69,91,107,22,78
1,<environment.Job instance at 0x15394852d0f0>,48,1,[1 5],73,107,108,34,79
1,<environment.Job instance at 0x153948565910>,50,3,[ 2 10],75,108,111,33,82
1,<environment.Job instance at 0x153948565230>,52,3,[1 5],79,112,115,33,112
1,<environment.Job instance at 0x153948564c30>,54,1,[2 8],81,115,116,34,114
1,<environment.Job instance at 0x153948564c80>,55,1,[7 1],82,114,115,32,114
1,<environment.Job instance at 0x1539485643c0>,56,18,[5 2],83,115,133,32,114
1,<environment.Job instance at 0x153948564e60>,57,2,[8 2],85,133,135,48,114
1,<environment.Job instance at 0x153948564690>,58,3,[1 7],86,116,119,30,114
1,<environment.Job instance at 0x153948564e10>,59,18,[8 1],87,135,153,48,124
1,<environment.Job instance at 0x153948564d20>,60,1,[5 2],88,124,125,36,124
1,<environment.Job instance at 0x153948564dc0>,61,1,[1 8],89,125,126,36,124
1,<environment.Job instance at 0x1539485647d0>,62,3,[1 7],90,126,129,36,124
1,<environment.Job instance at 0x153948564820>,63,2,[5 2],92,129,131,37,124
1,<environment.Job instance at 0x153946247280>,64,2,[1 7],94,131,133,37,124
1,<environment.Job instance at 0x1539462470f0>,65,2,[5 2],95,153,155,58,126
1,<environment.Job instance at 0x153946247fa0>,66,1,[1 6],97,133,134,36,126
1,<environment.Job instance at 0x1539462470a0>,68,2,[10  1],99,155,157,56,128
1,<environment.Job instance at 0x15394844d410>,21,1,[9 1],31,269,270,238,269
1,<environment.Job instance at 0x15394844dfa0>,23,2,[6 2],33,534,536,501,534
1,<environment.Job instance at 0x153949a31820>,1,1,[2 5],4,4,5,0,4
1,<environment.Job instance at 0x1539485bf190>,2,3,[1 8],5,5,8,0,5
1,<environment.Job instance at 0x15394a9b5a00>,4,2,[7 2],9,9,11,0,9
1,<environment.Job instance at 0x15394f955c30>,5,3,[ 2 10],11,11,14,0,11
1,<environment.Job instance at 0x1539629403c0>,6,14,[8 2],12,14,28,2,12
1,<environment.Job instance at 0x153949af7e10>,8,1,[ 2 10],15,28,29,13,15
1,<environment.Job instance at 0x15394dca9640>,9,14,[8 1],16,29,43,13,16
1,<environment.Job instance at 0x15396207afa0>,11,3,[7 2],18,43,46,25,18
1,<environment.Job instance at 0x15394f99b5f0>,14,3,[1 9],22,29,32,7,22
1,<environment.Job instance at 0x15394a99e1e0>,15,1,[6 1],23,46,47,23,23
1,<environment.Job instance at 0x15394f991e60>,16,3,[5 1],24,47,50,23,24
1,<environment.Job instance at 0x1539603e6640>,17,3,[1 7],29,32,35,3,29
1,<environment.Job instance at 0x153962310f00>,18,12,[7 1],31,50,62,19,33
1,<environment.Job instance at 0x15394a99a690>,21,3,[1 9],34,35,38,1,34
1,<environment.Job instance at 0x153962309370>,22,3,[1 8],38,38,41,0,38
1,<environment.Job instance at 0x15394959ebe0>,29,1,[1 8],48,50,51,2,50
1,<environment.Job instance at 0x15394959e0a0>,30,13,[1 7],50,51,64,1,50
1,<environment.Job instance at 0x1539606274b0>,31,12,[2 9],53,64,76,11,53
1,<environment.Job instance at 0x1539606279b0>,32,3,[5 2],54,76,79,22,54
1,<environment.Job instance at 0x1539620be190>,35,17,[10  1],58,79,96,21,67
1,<environment.Job instance at 0x15394a9ae3c0>,38,3,[2 7],63,76,79,13,67
1,<environment.Job instance at 0x15394c21f7d0>,40,2,[8 1],68,68,70,0,68
1,<environment.Job instance at 0x15394f933d70>,41,2,[1 9],71,96,98,25,71
1,<environment.Job instance at 0x15394c238370>,42,2,[1 6],72,98,100,26,72
1,<environment.Job instance at 0x15394dcad8c0>,43,1,[1 9],73,100,101,27,73
1,<environment.Job instance at 0x153945cdd0f0>,44,3,[1 8],74,101,104,27,75
1,<environment.Job instance at 0x153945cddd20>,45,1,[9 2],75,98,99,23,75
1,<environment.Job instance at 0x153945cdd640>,48,3,[ 2 10],80,104,107,24,80
1,<environment.Job instance at 0x15394a9a1230>,49,1,[7 2],81,99,100,18,81
1,<environment.Job instance at 0x15394a9a1cd0>,50,3,[9 1],82,100,103,18,82
1,<environment.Job instance at 0x15394a9c85a0>,52,1,[6 2],85,103,104,18,85
1,<environment.Job instance at 0x153949a5f730>,53,3,[2 7],86,107,110,21,86
1,<environment.Job instance at 0x1539482a8b40>,54,14,[7 2],87,107,121,20,92
1,<environment.Job instance at 0x1539453fefa0>,56,3,[10  2],90,121,124,31,95
1,<environment.Job instance at 0x1539461803c0>,2,1,[2 7],4,4,5,0,4
1,<environment.Job instance at 0x1539600d1820>,3,2,[10  2],5,5,7,0,5
1,<environment.Job instance at 0x153945ce8fa0>,4,2,[6 1],6,7,9,1,6
1,<environment.Job instance at 0x153945ce8f00>,5,3,[9 2],8,9,12,1,8
1,<environment.Job instance at 0x153945ce8320>,6,3,[6 2],11,12,15,1,11
1,<environment.Job instance at 0x15394544a460>,8,3,[1 7],13,13,16,0,13
1,<environment.Job instance at 0x153946180be0>,9,2,[9 2],15,15,17,0,15
1,<environment.Job instance at 0x15394544a1e0>,11,3,[1 7],18,18,21,0,18
1,<environment.Job instance at 0x15394544aa00>,14,3,[6 1],23,23,26,0,23
1,<environment.Job instance at 0x153962de1460>,15,26,[9 1],24,26,52,2,24
1,<environment.Job instance at 0x153945a9ef00>,22,1,[10  1],34,52,53,18,34
1,<environment.Job instance at 0x153945aa1cd0>,24,15,[2 8],38,53,68,15,39
1,<environment.Job instance at 0x1539481d7230>,26,13,[ 2 10],42,68,81,26,52
1,<environment.Job instance at 0x1539481d7a50>,27,1,[2 6],43,81,82,38,53
1,<environment.Job instance at 0x153949b65500>,28,2,[1 5],45,82,84,37,55
1,<environment.Job instance at 0x153949b654b0>,29,2,[8 1],46,55,57,9,55
1,<environment.Job instance at 0x153949b657d0>,30,3,[2 9],47,84,87,37,58
1,<environment.Job instance at 0x153949b653c0>,31,1,[5 1],49,58,59,9,58
1,<environment.Job instance at 0x153949b65140>,32,3,[1 5],50,87,90,37,61
1,<environment.Job instance at 0x153949b65d70>,34,3,[2 8],52,90,93,38,64
1,<environment.Job instance at 0x153948608b40>,37,3,[1 6],57,93,96,36,67
1,<environment.Job instance at 0x153945cd0b90>,39,14,[9 1],60,93,107,33,78
1,<environment.Job instance at 0x153945cd0be0>,40,3,[10  1],61,107,110,46,81
1,<environment.Job instance at 0x153945cd07d0>,41,2,[1 7],62,96,98,34,81
1,<environment.Job instance at 0x153945cd0f00>,43,3,[1 9],64,98,101,34,82
1,<environment.Job instance at 0x1539462b3910>,45,2,[1 5],68,82,84,14,82
1,<environment.Job instance at 0x1539462b36e0>,46,15,[10  1],69,110,125,41,96
1,<environment.Job instance at 0x1539461fc6e0>,50,2,[6 1],74,539,541,465,539
1,<environment.Job instance at 0x153945ce9140>,51,3,[10  1],76,541,544,465,539
1,<environment.Job instance at 0x153945ce91e0>,52,3,[10  2],77,544,547,467,539
1,<environment.Job instance at 0x153945a8eaa0>,56,18,[8 2],83,576,594,493,576
1,<environment.Job instance at 0x1539453f7690>,57,3,[1 6],84,576,579,492,576
1,<environment.Job instance at 0x153960091230>,58,16,[1 5],85,579,595,494,576
1,<environment.Job instance at 0x15394531da00>,63,3,[6 1],90,594,597,504,580
1,<environment.Job instance at 0x1539495d19b0>,64,2,[1 8],91,595,597,504,580
1,<environment.Job instance at 0x15394588e2d0>,65,3,[2 8],92,597,600,505,580
1,<environment.Job instance at 0x15394588e050>,66,2,[2 8],93,600,602,507,580
1,<environment.Job instance at 0x15394588ed20>,67,3,[5 2],96,597,600,501,580
1,<environment.Job instance at 0x153960141cd0>,68,1,[6 2],98,600,601,502,580
1,<environment.Job instance at 0x153960141370>,69,2,[2 8],99,602,604,503,580
1,<environment.Job instance at 0x153945321280>,3,2,[10  1],4,4,6,0,4
1,<environment.Job instance at 0x153945a9e870>,4,2,[2 7],6,6,8,0,6
1,<environment.Job instance at 0x153945321dc0>,5,1,[5 2],7,7,8,0,7
1,<environment.Job instance at 0x153945321460>,6,1,[2 5],8,8,9,0,8
1,<environment.Job instance at 0x153945321be0>,7,2,[ 1 10],10,10,12,0,10
1,<environment.Job instance at 0x153945321410>,8,3,[2 5],11,12,15,1,11
1,<environment.Job instance at 0x153962a24af0>,9,12,[6 1],12,12,24,0,12
1,<environment.Job instance at 0x153962a24280>,10,2,[5 2],13,24,26,11,13
1,<environment.Job instance at 0x153962a24d20>,11,1,[7 1],16,26,27,10,16
1,<environment.Job instance at 0x153962a24230>,12,2,[7 1],17,27,29,10,17
1,<environment.Job instance at 0x153962a24e60>,13,1,[7 2],18,29,30,11,18
1,<environment.Job instance at 0x153962a24eb0>,14,3,[10  2],19,30,33,11,19
1,<environment.Job instance at 0x153962a24dc0>,15,2,[5 2],20,24,26,4,20
1,<environment.Job instance at 0x153962a24c30>,17,3,[1 7],23,26,29,3,23
1,<environment.Job instance at 0x153962a24910>,18,19,[2 9],26,33,52,7,27
1,<environment.Job instance at 0x153962a24c80>,20,17,[9 2],28,52,69,24,40
1,<environment.Job instance at 0x153949b4caa0>,32,3,[1 7],43,52,55,9,44
1,<environment.Job instance at 0x153949b4c8c0>,34,14,[1 6],45,55,69,10,45
1,<environment.Job instance at 0x153949b4cd20>,35,17,[9 1],46,69,86,23,57
1,<environment.Job instance at 0x153949b4c190>,37,1,[10  1],48,86,87,38,60
1,<environment.Job instance at 0x1539600557d0>,39,12,[9 2],50,87,99,37,70
1,<environment.Job instance at 0x153960055230>,43,16,[10  2],54,99,115,45,86
1,<environment.Job instance at 0x153960055e60>,45,2,[1 6],57,87,89,30,86
1,<environment.Job instance at 0x153960055c30>,47,2,[7 2],60,115,117,55,95
1,<environment.Job instance at 0x153960055f00>,48,13,[5 1],61,117,130,56,101
1,<environment.Job instance at 0x1539600550f0>,49,2,[1 8],62,115,117,53,101
1,<environment.Job instance at 0x153960055910>,51,1,[2 5],64,117,118,53,111
1,<environment.Job instance at 0x153960055f50>,52,14,[2 8],65,118,132,53,111
1,<environment.Job instance at 0x153960055500>,53,2,[7 1],66,130,132,64,111
1,<environment.Job instance at 0x1539600553c0>,54,3,[7 1],67,132,135,65,111
1,<environment.Job instance at 0x1539600554b0>,55,13,[10  1],68,135,148,67,119
1,<environment.Job instance at 0x153960055be0>,57,1,[ 2 10],70,148,149,78,121
1,<environment.Job instance at 0x1539485576e0>,58,2,[10  2],72,149,151,77,122
1,<environment.Job instance at 0x153948557960>,59,3,[7 1],76,151,154,75,125
1,<environment.Job instance at 0x15394527ba50>,60,3,[2 8],77,132,135,55,125
1,<environment.Job instance at 0x15394527b410>,61,3,[1 9],78,151,154,73,125
1,<environment.Job instance at 0x15394527b050>,62,16,[10  1],79,154,170,75,141
1,<environment.Job instance at 0x15394527b780>,63,3,[2 9],80,170,173,90,144
1,<environment.Job instance at 0x15394527bf50>,65,12,[7 1],84,170,182,86,153
1,<environment.Job instance at 0x15394527bd70>,66,3,[10  1],87,182,185,95,156
1,<environment.Job instance at 0x15394527bfa0>,67,3,[6 1],89,185,188,96,159
1,<environment.Job instance at 0x15394527b5f0>,71,1,[7 1],96,188,189,92,163
1,<environment.Job instance at 0x15394527b0f0>,72,2,[5 1],97,189,191,92,163
1,<environment.Job instance at 0x15394527b7d0>,73,14,[2 5],98,185,199,87,170
1,<environment.Job instance at 0x15394532c780>,2,3,[8 1],3,3,6,0,3
1,<environment.Job instance at 0x153962df30a0>,3,3,[2 6],6,6,9,0,6
1,<environment.Job instance at 0x15394f2e9a50>,5,16,[1 5],11,11,27,0,11
1,<environment.Job instance at 0x15394532cd20>,7,3,[2 9],14,27,30,13,14
1,<environment.Job instance at 0x15394532cb90>,8,1,[10  2],15,30,31,15,15
1,<environment.Job instance at 0x153960107fa0>,13,3,[10  2],23,31,34,8,23
1,<environment.Job instance at 0x153960107190>,15,3,[1 9],28,34,37,6,28
1,<environment.Job instance at 0x1539606fbb90>,17,1,[6 2],32,37,38,5,32
1,<environment.Job instance at 0x1539606fb8c0>,18,3,[10  2],34,38,41,4,34
1,<environment.Job instance at 0x153960689550>,19,3,[5 1],38,41,44,3,38
1,<environment.Job instance at 0x153949aa24b0>,23,3,[9 1],42,44,47,2,42
1,<environment.Job instance at 0x1539456cbc30>,31,3,[9 2],52,52,55,0,52
1,<environment.Job instance at 0x1539456cbc80>,32,2,[5 1],53,55,57,2,53
1,<environment.Job instance at 0x1539495ceeb0>,34,3,[9 2],55,57,60,2,55
1,<environment.Job instance at 0x15396077a050>,35,2,[2 9],57,60,62,3,57
1,<environment.Job instance at 0x15396077ab40>,36,15,[2 8],62,62,77,0,62
1,<environment.Job instance at 0x153945776460>,37,1,[5 1],63,63,64,0,63
1,<environment.Job instance at 0x153945776730>,38,13,[10  1],65,77,90,12,65
1,<environment.Job instance at 0x153945776640>,39,2,[1 8],67,90,92,23,67
1,<environment.Job instance at 0x15394f9bbd20>,41,3,[2 8],69,92,95,23,69
1,<environment.Job instance at 0x15394834fe60>,48,1,[2 9],84,95,96,11,86
1,<environment.Job instance at 0x153945384500>,50,12,[7 1],86,90,102,4,86
1,<environment.Job instance at 0x153998189640>,2,1,[7 1],4,4,5,0,4
1,<environment.Job instance at 0x1539607ea870>,4,3,[ 1 10],6,6,9,0,6
1,<environment.Job instance at 0x1539607ea230>,5,3,[1 5],7,9,12,2,7
1,<environment.Job instance at 0x1539607ea4b0>,6,3,[2 7],8,12,15,4,8
1,<environment.Job instance at 0x1539607ea7d0>,7,13,[2 5],9,15,28,6,9
1,<environment.Job instance at 0x1539458451e0>,9,2,[5 1],11,11,13,0,11
1,<environment.Job instance at 0x15396293ff50>,10,1,[6 2],16,16,17,0,16
1,<environment.Job instance at 0x15394c243460>,12,3,[7 1],18,18,21,0,18
1,<environment.Job instance at 0x15394c2435a0>,13,3,[7 2],19,21,24,2,19
1,<environment.Job instance at 0x15394dc8e1e0>,19,16,[8 1],30,30,46,0,30
1,<environment.Job instance at 0x153960034f50>,20,16,[1 6],31,31,47,0,31
1,<environment.Job instance at 0x1539458359b0>,21,2,[10  2],33,47,49,14,33
1,<environment.Job instance at 0x1539458356e0>,22,3,[1 7],34,49,52,15,34
1,<environment.Job instance at 0x153945856fa0>,23,14,[9 2],36,49,63,13,36
1,<environment.Job instance at 0x153945856eb0>,24,1,[10  2],37,63,64,26,37
1,<environment.Job instance at 0x153945860b40>,25,2,[7 2],38,64,66,26,38
1,<environment.Job instance at 0x1539458605a0>,27,3,[1 5],40,52,55,12,40
1,<environment.Job instance at 0x153960146190>,32,12,[1 7],47,64,76,17,47
1,<environment.Job instance at 0x1539458484b0>,36,3,[6 2],52,66,69,14,62
1,<environment.Job instance at 0x153945848910>,38,17,[5 2],54,69,86,15,66
1,<environment.Job instance at 0x153945848a50>,40,12,[ 1 10],57,86,98,29,70
1,<environment.Job instance at 0x1539458482d0>,41,3,[2 7],59,76,79,17,70
1,<environment.Job instance at 0x153947731d70>,43,3,[8 2],61,98,101,37,72
1,<environment.Job instance at 0x153949b4baa0>,48,3,[7 1],66,101,104,35,78
1,<environment.Job instance at 0x1539458522d0>,49,14,[8 2],67,104,118,37,89
1,<environment.Job instance at 0x15394971a690>,52,3,[5 2],72,118,121,46,92
1,<environment.Job instance at 0x1539607d3aa0>,57,1,[5 2],79,118,119,39,92
1,<environment.Job instance at 0x1539607d3f00>,58,17,[10  1],80,121,138,41,109
1,<environment.Job instance at 0x15396016cc80>,64,3,[2 7],88,138,141,50,116
1,<environment.Job instance at 0x15396016c960>,65,15,[7 2],89,138,153,49,124
1,<environment.Job instance at 0x15396016cb40>,67,2,[2 9],91,153,155,62,126
1,<environment.Job instance at 0x15396016c6e0>,68,2,[1 5],92,141,143,49,126
1,<environment.Job instance at 0x15396016c550>,70,14,[2 6],95,155,169,60,140
1,<environment.Job instance at 0x15396012f0f0>,73,2,[10  2],98,169,171,71,154
1,<environment.Job instance at 0x1539458607d0>,29,3,[9 2],43,262,265,219,262
1,<environment.Job instance at 0x153945611e10>,0,2,[5 2],1,1,3,0,1
1,<environment.Job instance at 0x1539497658c0>,1,2,[5 1],2,2,4,0,2
1,<environment.Job instance at 0x1539456a5230>,3,17,[9 1],6,6,23,0,6
1,<environment.Job instance at 0x1539453e8500>,7,3,[2 6],11,23,26,12,11
1,<environment.Job instance at 0x15394555ceb0>,8,2,[9 1],12,26,28,14,12
1,<environment.Job instance at 0x15394555c7d0>,10,2,[7 2],15,23,25,8,15
1,<environment.Job instance at 0x1539450c9e60>,11,2,[9 2],16,28,30,12,16
1,<environment.Job instance at 0x1539450c9a50>,12,3,[5 1],17,30,33,13,17
1,<environment.Job instance at 0x15394835d0f0>,21,1,[8 2],28,128,129,100,128
1,<environment.Job instance at 0x1539453cd550>,22,1,[5 2],29,129,130,100,128
1,<environment.Job instance at 0x153949575370>,23,1,[7 1],30,130,131,100,128
1,<environment.Job instance at 0x1539496627d0>,24,1,[1 8],31,128,129,97,128
1,<environment.Job instance at 0x153949662050>,25,2,[6 2],32,131,133,99,128
1,<environment.Job instance at 0x153949662dc0>,27,1,[6 2],35,133,134,98,128
1,<environment.Job instance at 0x1539484e22d0>,28,3,[8 2],36,134,137,98,128
1,<environment.Job instance at 0x1539484b8500>,30,13,[10  1],39,137,150,98,128
1,<environment.Job instance at 0x153949af56e0>,31,1,[5 1],40,129,130,89,128
1,<environment.Job instance at 0x15394844de10>,33,2,[7 2],42,150,152,108,128
1,<environment.Job instance at 0x15394844d5a0>,34,3,[10  1],43,152,155,109,128
1,<environment.Job instance at 0x15394844d0a0>,35,3,[6 1],44,155,158,111,129
1,<environment.Job instance at 0x1539484aad20>,37,3,[2 7],46,155,158,109,144
1,<environment.Job instance at 0x1539484aa1e0>,38,1,[5 1],47,158,159,111,144
1,<environment.Job instance at 0x1539484aab40>,40,3,[5 2],49,158,161,109,144
1,<environment.Job instance at 0x1539484aa640>,41,2,[8 2],50,161,163,111,144
1,<environment.Job instance at 0x1539484aaeb0>,42,3,[2 8],51,159,162,108,144
1,<environment.Job instance at 0x1539484aa370>,43,2,[2 5],52,150,152,98,144
1,<environment.Job instance at 0x1539484aa550>,46,15,[ 2 10],56,163,178,107,149
1,<environment.Job instance at 0x15396065f320>,47,3,[10  2],57,178,181,121,152
1,<environment.Job instance at 0x15396065f7d0>,48,3,[2 5],59,181,184,122,155
1,<environment.Job instance at 0x15396065f0f0>,50,3,[7 2],61,181,184,120,160
1,<environment.Job instance at 0x15396065f1e0>,54,15,[2 9],66,184,199,118,171
1,<environment.Job instance at 0x15396065fdc0>,55,2,[10  1],67,199,201,132,172
1,<environment.Job instance at 0x153945836550>,59,1,[6 1],72,184,185,112,174
1,<environment.Job instance at 0x1539458360f0>,60,2,[9 1],74,201,203,127,174
1,<environment.Job instance at 0x153945aa6cd0>,62,1,[8 1],77,185,186,108,182
1,<environment.Job instance at 0x153945aa64b0>,64,2,[7 2],80,203,205,123,182
1,<environment.Job instance at 0x1539454f8640>,66,3,[1 8],83,201,204,118,193
1,<environment.Job instance at 0x1539454f8f00>,67,1,[ 2 10],84,205,206,121,193
1,<environment.Job instance at 0x1539454f8a00>,69,1,[6 1],87,193,194,106,193
1,<environment.Job instance at 0x1539454f8eb0>,70,2,[6 1],89,194,196,105,193
1,<environment.Job instance at 0x1539454f8be0>,71,17,[1 7],90,206,223,116,196
1,<environment.Job instance at 0x1539629e3410>,5,2,[10  2],7,12,14,5,12
1,<environment.Job instance at 0x153945a6f0f0>,9,3,[2 5],14,14,17,0,14
1,<environment.Job instance at 0x153945a6fa00>,12,1,[10  1],18,24,25,6,24
1,<environment.Job instance at 0x153945a6fa50>,13,3,[10  1],21,25,28,4,24
1,<environment.Job instance at 0x153945a6fc80>,14,2,[ 2 10],22,28,30,6,24
1,<environment.Job instance at 0x153945a6f870>,15,3,[9 2],23,30,33,7,24
1,<environment.Job instance at 0x153945a6f1e0>,16,1,[1 9],24,33,34,9,24
1,<environment.Job instance at 0x15396207f9b0>,17,1,[8 2],27,34,35,7,27
1,<environment.Job instance at 0x153945a6f640>,19,1,[9 2],30,35,36,5,30
1,<environment.Job instance at 0x153949b3e140>,20,1,[10  1],31,36,37,5,31
1,<environment.Job instance at 0x153945a533c0>,23,3,[6 2],36,48,51,12,48
1,<environment.Job instance at 0x1539486ead20>,25,15,[2 5],39,57,72,18,57
1,<environment.Job instance at 0x153946171e10>,26,14,[7 1],40,57,71,17,57
1,<environment.Job instance at 0x153949b42050>,27,2,[7 1],41,71,73,30,57
1,<environment.Job instance at 0x153948270b40>,30,14,[9 1],44,73,87,29,58
1,<environment.Job instance at 0x1539482700f0>,31,3,[9 2],45,87,90,42,61
1,<environment.Job instance at 0x153948270230>,35,3,[9 2],51,90,93,39,64
1,<environment.Job instance at 0x1539482c78c0>,38,2,[8 2],60,93,95,33,66
1,<environment.Job instance at 0x1539482c7d70>,39,17,[1 6],61,72,89,11,66
1,<environment.Job instance at 0x1539482c7640>,40,3,[1 9],62,95,98,33,69
1,<environment.Job instance at 0x1539482a5960>,43,3,[2 8],68,98,101,30,72
1,<environment.Job instance at 0x15394502be10>,46,2,[8 2],72,98,100,26,72
1,<environment.Job instance at 0x1539457f6d20>,47,15,[10  1],73,101,116,28,87
1,<environment.Job instance at 0x1539457f6f00>,49,1,[8 2],75,100,101,25,89
1,<environment.Job instance at 0x15394840e640>,50,2,[ 1 10],76,116,118,40,89
1,<environment.Job instance at 0x1539482511e0>,55,1,[7 2],82,118,119,36,117
1,<environment.Job instance at 0x153948251d20>,57,3,[1 7],84,118,121,34,117
1,<environment.Job instance at 0x1539482517d0>,58,2,[6 2],86,119,121,33,117
1,<environment.Job instance at 0x153948251b90>,59,3,[9 1],87,121,124,34,117
1,<environment.Job instance at 0x153948251190>,60,14,[7 1],88,124,138,36,117
1,<environment.Job instance at 0x153948251370>,62,14,[9 2],90,138,152,48,123
1,<environment.Job instance at 0x153946258690>,64,16,[1 8],92,126,142,34,126
1,<environment.Job instance at 0x1539462583c0>,66,3,[5 2],94,152,155,58,126
1,<environment.Job instance at 0x153947738dc0>,69,1,[9 2],97,155,156,58,131
1,<environment.Job instance at 0x15394586caa0>,70,2,[1 7],98,142,144,44,131
1,<environment.Job instance at 0x1539461c0d20>,3,1,[1 8],4,301,302,297,301
1,<environment.Job instance at 0x153945652320>,2,23,[2 6],4,4,27,0,4
1,<environment.Job instance at 0x1539499eae10>,8,3,[6 1],13,16,19,3,16
1,<environment.Job instance at 0x153962309a00>,9,2,[10  1],14,27,29,13,16
1,<environment.Job instance at 0x1539499ea320>,10,1,[9 1],15,29,30,14,16
1,<environment.Job instance at 0x1539623097d0>,11,3,[5 1],16,19,22,3,16
1,<environment.Job instance at 0x153962309c30>,12,3,[1 6],17,29,32,12,17
1,<environment.Job instance at 0x1539455ff1e0>,15,2,[7 1],21,39,41,18,39
1,<environment.Job instance at 0x1539455ff280>,16,3,[9 1],26,41,44,15,39
1,<environment.Job instance at 0x1539455fffa0>,17,13,[2 5],28,44,57,16,39
1,<environment.Job instance at 0x1539455ffd20>,18,2,[1 8],29,39,41,10,39
1,<environment.Job instance at 0x15394561e6e0>,19,1,[2 6],30,57,58,27,39
1,<environment.Job instance at 0x1539483e5320>,20,2,[9 2],33,58,60,25,39
1,<environment.Job instance at 0x153949a75af0>,24,3,[1 8],41,113,116,72,113
1,<environment.Job instance at 0x1539461c5730>,25,1,[8 1],43,113,114,70,113
1,<environment.Job instance at 0x1539461c5eb0>,26,16,[9 1],44,114,130,70,113
1,<environment.Job instance at 0x1539481863c0>,27,12,[7 2],46,130,142,84,113
1,<environment.Job instance at 0x1539454c2a00>,29,2,[5 2],53,142,144,89,115
1,<environment.Job instance at 0x1539981891e0>,30,2,[7 2],54,144,146,90,117
1,<environment.Job instance at 0x1539607aa190>,31,2,[5 2],56,142,144,86,117
1,<environment.Job instance at 0x1539454c2960>,32,1,[ 2 10],57,146,147,89,118
1,<environment.Job instance at 0x1539606fbc30>,33,1,[6 2],58,147,148,89,119
1,<environment.Job instance at 0x153945233aa0>,38,3,[2 8],63,130,133,67,121
1,<environment.Job instance at 0x1539452332d0>,39,3,[8 2],65,148,151,83,122
1,<environment.Job instance at 0x153945233780>,40,1,[ 2 10],66,151,152,85,123
1,<environment.Job instance at 0x153945233eb0>,41,2,[1 6],67,123,125,56,123
1,<environment.Job instance at 0x153945233230>,42,2,[8 1],68,152,154,84,125
1,<environment.Job instance at 0x153945233640>,43,1,[2 7],70,133,134,63,125
1,<environment.Job instance at 0x153945233460>,44,2,[1 8],71,125,127,54,125
1,<environment.Job instance at 0x1539452339b0>,45,13,[7 1],72,154,167,82,138
1,<environment.Job instance at 0x153945233320>,49,2,[10  2],78,167,169,89,140
1,<environment.Job instance at 0x153945233e60>,51,3,[2 8],80,147,150,67,140
1,<environment.Job instance at 0x1539454a03c0>,56,3,[6 1],87,169,172,82,143
1,<environment.Job instance at 0x1539486510f0>,62,2,[8 2],95,172,174,77,145
1,<environment.Job instance at 0x15394f9bbfa0>,63,1,[6 1],96,174,175,78,146
1,<environment.Job instance at 0x15394f9bb0a0>,64,3,[8 1],98,175,178,77,149
1,<environment.Job instance at 0x1539499ea280>,6,1,[8 2],9,244,245,235,244
1,<environment.Job instance at 0x1539499ea550>,1,2,[8 2],3,3,5,0,3
1,<environment.Job instance at 0x15394626f910>,2,17,[10  1],6,6,23,0,6
1,<environment.Job instance at 0x15394626f230>,3,3,[2 6],7,23,26,16,7
1,<environment.Job instance at 0x153948456c30>,4,2,[7 1],8,23,25,15,8
1,<environment.Job instance at 0x15394959c7d0>,14,27,[1 9],23,28,55,5,28
1,<environment.Job instance at 0x15394959c550>,15,1,[9 1],24,28,29,4,28
1,<environment.Job instance at 0x15394959ce10>,18,3,[ 1 10],31,55,58,24,31
1,<environment.Job instance at 0x15394959c910>,19,1,[8 2],32,58,59,26,32
1,<environment.Job instance at 0x15394959c5f0>,20,18,[9 1],33,33,51,0,33
1,<environment.Job instance at 0x15394532d050>,21,2,[8 1],35,51,53,16,35
1,<environment.Job instance at 0x15394532de10>,22,13,[8 2],36,59,72,23,43
1,<environment.Job instance at 0x15394532d1e0>,23,1,[7 1],37,53,54,16,43
1,<environment.Job instance at 0x15394532de60>,24,1,[2 6],39,58,59,19,43
1,<environment.Job instance at 0x15394532d190>,25,3,[1 5],40,59,62,19,43
1,<environment.Job instance at 0x15394532dc30>,26,3,[8 2],43,72,75,29,46
1,<environment.Job instance at 0x1539606e1230>,28,3,[2 8],45,62,65,17,46
1,<environment.Job instance at 0x1539606e1280>,31,1,[1 7],50,65,66,15,50
1,<environment.Job instance at 0x1539606e1190>,33,16,[1 6],52,66,82,14,65
1,<environment.Job instance at 0x1539606e1aa0>,34,15,[10  2],53,82,97,29,68
1,<environment.Job instance at 0x1539606e10a0>,35,2,[5 1],55,75,77,20,68
1,<environment.Job instance at 0x1539606e19b0>,36,2,[ 2 10],56,97,99,41,70
1,<environment.Job instance at 0x1539606e1870>,37,3,[5 1],57,77,80,20,70
1,<environment.Job instance at 0x1539606e1d20>,38,1,[1 9],59,99,100,40,71
1,<environment.Job instance at 0x1539603d5870>,39,1,[2 7],60,100,101,40,72
1,<environment.Job instance at 0x1539603d5a50>,40,2,[1 8],61,101,103,40,74
1,<environment.Job instance at 0x1539603d56e0>,43,3,[9 1],66,101,104,35,75
1,<environment.Job instance at 0x1539603d5b90>,46,16,[9 2],70,104,120,34,92
1,<environment.Job instance at 0x1539603d5230>,47,3,[ 2 10],71,120,123,49,94
1,<environment.Job instance at 0x1539603d50a0>,48,15,[6 1],73,123,138,50,109
1,<environment.Job instance at 0x15394532f870>,55,3,[1 9],82,123,126,41,110
1,<environment.Job instance at 0x1539629e3c80>,59,3,[2 5],88,126,129,38,110
1,<environment.Job instance at 0x1539629e3eb0>,62,3,[2 9],91,129,132,38,113
1,<environment.Job instance at 0x1539629e3230>,64,1,[10  1],93,138,139,45,113
1,<environment.Job instance at 0x1539629e3870>,66,1,[7 1],95,139,140,44,118
1,<environment.Job instance at 0x1539629e3aa0>,67,3,[9 2],96,140,143,44,118
1,<environment.Job instance at 0x1539629e3f00>,70,3,[2 5],99,132,135,33,118
1,<environment.Job instance at 0x1539486c5780>,1,21,[9 2],2,2,23,0,2
1,<environment.Job instance at 0x1539486c5e10>,3,16,[5 2],4,23,39,19,10
1,<environment.Job instance at 0x153945208280>,8,1,[1 8],12,12,13,0,12
1,<environment.Job instance at 0x1539620736e0>,9,16,[5 2],13,23,39,10,13
1,<environment.Job instance at 0x15394841e9b0>,10,1,[6 1],15,39,40,24,15
1,<environment.Job instance at 0x153945662c30>,12,2,[1 7],19,39,41,20,27
1,<environment.Job instance at 0x153945662d70>,13,3,[7 1],20,40,43,20,27
1,<environment.Job instance at 0x15394dc930f0>,14,1,[6 1],21,43,44,22,27
1,<environment.Job instance at 0x1539454eb6e0>,16,3,[2 9],23,41,44,18,29
1,<environment.Job instance at 0x1539450d9500>,17,17,[1 8],25,44,61,19,32
1,<environment.Job instance at 0x153949726a50>,20,2,[1 8],29,61,63,32,48
1,<environment.Job instance at 0x15396206f7d0>,21,2,[1 5],30,63,65,33,48
1,<environment.Job instance at 0x153949726280>,22,1,[1 5],31,63,64,32,48
1,<environment.Job instance at 0x15396206faa0>,23,2,[9 1],32,48,50,16,48
1,<environment.Job instance at 0x15396206f370>,24,3,[9 2],33,50,53,17,48
1,<environment.Job instance at 0x15396206f6e0>,25,17,[5 2],34,64,81,30,52
1,<environment.Job instance at 0x15396206f410>,28,1,[2 7],38,65,66,27,52
1,<environment.Job instance at 0x15396206fe10>,30,17,[5 2],40,66,83,26,54
1,<environment.Job instance at 0x15394625fcd0>,36,18,[10  2],48,83,101,35,72
1,<environment.Job instance at 0x153946228960>,39,3,[1 6],51,101,104,50,77
1,<environment.Job instance at 0x153945442e10>,43,3,[1 5],58,104,107,46,87
1,<environment.Job instance at 0x15394f2fde60>,44,1,[10  1],59,107,108,48,87
1,<environment.Job instance at 0x15394f2fd500>,45,1,[10  2],60,108,109,48,87
1,<environment.Job instance at 0x15394a9bfaf0>,47,1,[1 6],62,109,110,47,94
1,<environment.Job instance at 0x15394a9bfc30>,48,14,[1 8],63,110,124,47,95
1,<environment.Job instance at 0x15394a9bf9b0>,50,2,[7 2],65,101,103,36,95
1,<environment.Job instance at 0x153948482460>,52,3,[2 6],67,124,127,57,98
1,<environment.Job instance at 0x153948482140>,53,3,[1 9],68,127,130,59,101
1,<environment.Job instance at 0x1539481e3500>,54,3,[6 1],69,103,106,34,101
1,<environment.Job instance at 0x1539629688c0>,55,15,[6 1],75,109,124,34,101
1,<environment.Job instance at 0x1539481faeb0>,59,2,[2 5],79,130,132,51,103
1,<environment.Job instance at 0x153944eca6e0>,60,3,[9 1],80,127,130,47,103
1,<environment.Job instance at 0x15394848cf50>,62,1,[5 1],82,124,125,42,108
1,<environment.Job instance at 0x15394617f8c0>,64,2,[1 7],84,132,134,48,111
1,<environment.Job instance at 0x15394617f9b0>,65,1,[6 2],87,125,126,38,111
1,<environment.Job instance at 0x1539499ea820>,66,3,[5 2],88,130,133,42,111
1,<environment.Job instance at 0x1539499ea6e0>,67,15,[8 1],89,133,148,44,119
1,<environment.Job instance at 0x1539499eaa00>,68,3,[2 7],90,134,137,44,119
1,<environment.Job instance at 0x15394828dd70>,0,1,[7 2],2,2,3,0,2
1,<environment.Job instance at 0x15394627d230>,3,3,[2 6],5,5,8,0,5
1,<environment.Job instance at 0x15394627deb0>,7,3,[1 9],11,11,14,0,11
1,<environment.Job instance at 0x15394627de60>,9,3,[8 1],14,14,17,0,14
1,<environment.Job instance at 0x15394627d960>,10,1,[1 8],15,15,16,0,15
1,<environment.Job instance at 0x15394627d460>,11,1,[10  2],19,19,20,0,19
1,<environment.Job instance at 0x15394627daf0>,12,2,[2 6],20,20,22,0,20
1,<environment.Job instance at 0x15394627d4b0>,13,1,[1 5],21,22,23,1,21
1,<environment.Job instance at 0x15394627da00>,14,3,[7 2],23,23,26,0,23
1,<environment.Job instance at 0x1539461d8370>,15,1,[2 8],24,24,25,0,24
1,<environment.Job instance at 0x1539461d8af0>,17,3,[10  1],28,28,31,0,28
1,<environment.Job instance at 0x1539454cf6e0>,19,3,[7 2],31,31,34,0,31
1,<environment.Job instance at 0x1539454cf140>,20,28,[2 5],33,33,61,0,33
1,<environment.Job instance at 0x1539454cf9b0>,22,1,[1 9],35,61,62,26,35
1,<environment.Job instance at 0x1539454cf730>,23,3,[6 2],36,36,39,0,36
1,<environment.Job instance at 0x1539454cfdc0>,30,18,[5 2],47,72,90,25,72
1,<environment.Job instance at 0x1539454cf2d0>,31,1,[1 6],48,72,73,24,72
1,<environment.Job instance at 0x1539454cf690>,32,2,[2 6],50,73,75,23,72
1,<environment.Job instance at 0x15394548c0f0>,33,2,[6 2],51,90,92,39,72
1,<environment.Job instance at 0x1539454cf410>,34,3,[2 7],52,75,78,23,72
1,<environment.Job instance at 0x15394548c960>,35,1,[10  1],56,92,93,36,72
1,<environment.Job instance at 0x15394548cf00>,36,3,[10  1],57,93,96,36,72
1,<environment.Job instance at 0x15394548c640>,37,2,[6 1],58,96,98,38,72
1,<environment.Job instance at 0x15394548c0a0>,38,3,[1 5],59,78,81,19,72
1,<environment.Job instance at 0x15394548cfa0>,39,2,[10  2],60,98,100,38,72
1,<environment.Job instance at 0x15394548c910>,40,1,[9 1],61,100,101,39,72
1,<environment.Job instance at 0x15394548caa0>,41,1,[1 8],62,81,82,19,72
1,<environment.Job instance at 0x15394548c1e0>,43,3,[2 7],64,82,85,18,73
1,<environment.Job instance at 0x15394548ca50>,44,1,[7 1],65,101,102,36,73
1,<environment.Job instance at 0x15394548c4b0>,45,2,[7 2],66,102,104,36,75
1,<environment.Job instance at 0x15394548c9b0>,46,13,[10  1],68,104,117,36,88
1,<environment.Job instance at 0x15394548c3c0>,47,3,[2 6],69,88,91,19,88
1,<environment.Job instance at 0x15394548c690>,48,2,[8 1],70,117,119,47,90
1,<environment.Job instance at 0x15394548c410>,50,1,[9 1],72,119,120,47,91
1,<environment.Job instance at 0x153962940fa0>,51,1,[2 5],74,91,92,17,91
1,<environment.Job instance at 0x1539629406e0>,52,3,[10  2],77,120,123,43,94
1,<environment.Job instance at 0x153962940140>,60,3,[2 8],87,101,104,14,98
1,<environment.Job instance at 0x153949abde60>,67,3,[2 9],95,123,126,28,104
1,<environment.Job instance at 0x153945317c80>,2,3,[1 9],6,6,9,0,6
1,<environment.Job instance at 0x1539453177d0>,4,3,[2 7],9,9,12,0,9
1,<environment.Job instance at 0x153949abd640>,5,21,[10  2],12,12,33,0,12
1,<environment.Job instance at 0x1539454c5be0>,7,3,[1 7],15,33,36,18,15
1,<environment.Job instance at 0x1539454c5730>,8,14,[2 5],17,36,50,19,21
1,<environment.Job instance at 0x153962a1b2d0>,12,1,[10  2],25,50,51,25,25
1,<environment.Job instance at 0x1539607d2d20>,13,3,[2 9],26,51,54,25,26
1,<environment.Job instance at 0x15394f325280>,16,1,[9 1],30,33,34,3,30
1,<environment.Job instance at 0x1539457d1d20>,21,1,[5 1],36,47,48,11,47
1,<environment.Job instance at 0x1539457d35f0>,22,3,[8 1],37,51,54,14,47
1,<environment.Job instance at 0x1539457d1b40>,23,2,[6 2],38,48,50,10,47
1,<environment.Job instance at 0x1539457bcb40>,24,3,[9 2],39,54,57,15,47
1,<environment.Job instance at 0x1539457bc320>,25,2,[1 6],46,54,56,8,47
1,<environment.Job instance at 0x1539456fe0f0>,26,18,[8 1],48,57,75,9,48
1,<environment.Job instance at 0x1539456fe460>,30,3,[6 2],56,75,78,19,56
1,<environment.Job instance at 0x1539456feeb0>,33,3,[9 1],59,78,81,19,59
1,<environment.Job instance at 0x1539620b9820>,36,3,[9 2],64,81,84,17,64
1,<environment.Job instance at 0x15394959c6e0>,38,1,[1 9],66,66,67,0,66
1,<environment.Job instance at 0x1539606b4960>,39,3,[1 7],67,67,70,0,67
1,<environment.Job instance at 0x1539606b4690>,40,1,[1 8],68,70,71,2,68
1,<environment.Job instance at 0x153945a0e140>,42,1,[1 9],70,71,72,1,70
1,<environment.Job instance at 0x153945a0e960>,43,2,[2 6],71,72,74,1,71
1,<environment.Job instance at 0x153945a0eb90>,44,3,[ 2 10],72,84,87,12,72
1,<environment.Job instance at 0x153945474370>,46,1,[8 1],76,87,88,11,76
1,<environment.Job instance at 0x1539485368c0>,47,3,[1 6],77,77,80,0,77
1,<environment.Job instance at 0x15394958ad70>,48,2,[1 6],78,80,82,2,78
1,<environment.Job instance at 0x1539482fc960>,49,1,[2 5],79,87,88,8,79
1,<environment.Job instance at 0x153944fb1190>,54,12,[2 9],84,89,101,5,89
1,<environment.Job instance at 0x153945457b90>,60,18,[10  2],99,101,119,2,99
1,<environment.Job instance at 0x15399c26eaa0>,3,3,[5 1],4,4,7,0,4
1,<environment.Job instance at 0x153960663550>,4,3,[1 7],5,5,8,0,5
1,<environment.Job instance at 0x153960663870>,5,3,[10  2],7,8,11,1,7
1,<environment.Job instance at 0x15394dc7cb40>,6,17,[9 2],9,11,28,2,9
1,<environment.Job instance at 0x15394dc7c050>,7,2,[9 2],11,28,30,17,11
1,<environment.Job instance at 0x153962309fa0>,9,1,[8 1],16,30,31,14,16
1,<environment.Job instance at 0x153962309be0>,11,1,[1 8],18,18,19,0,18
1,<environment.Job instance at 0x153962309eb0>,14,2,[7 2],21,31,33,10,21
1,<environment.Job instance at 0x153945545aa0>,15,1,[ 2 10],22,33,34,11,22
1,<environment.Job instance at 0x153945545c30>,16,16,[1 7],23,34,50,11,23
1,<environment.Job instance at 0x15396060a460>,22,13,[1 9],31,50,63,19,40
1,<environment.Job instance at 0x15396060a140>,23,2,[10  2],32,63,65,31,40
1,<environment.Job instance at 0x15396060a8c0>,24,15,[9 1],34,40,55,6,40
1,<environment.Job instance at 0x1539606dd640>,25,1,[1 5],35,65,66,30,40
1,<environment.Job instance at 0x1539603e67d0>,26,2,[1 9],36,66,68,30,40
1,<environment.Job instance at 0x1539603e64b0>,27,2,[1 7],39,68,70,29,41
1,<environment.Job instance at 0x15396061aa50>,28,3,[1 8],40,70,73,30,44
1,<environment.Job instance at 0x153962970b40>,30,2,[2 8],42,73,75,31,46
1,<environment.Job instance at 0x153962970640>,31,3,[1 7],43,75,78,32,49
1,<environment.Job instance at 0x153962970190>,32,2,[6 1],44,55,57,11,49
1,<environment.Job instance at 0x153962970f00>,33,3,[7 2],45,68,71,23,49
1,<environment.Job instance at 0x1539629702d0>,34,2,[8 1],46,57,59,11,49
1,<environment.Job instance at 0x1539606c9cd0>,36,1,[10  1],48,78,79,30,55
1,<environment.Job instance at 0x1539606c9eb0>,37,2,[8 2],50,71,73,21,55
1,<environment.Job instance at 0x1539606c9c30>,38,1,[1 6],51,79,80,28,55
1,<environment.Job instance at 0x1539606c9f00>,39,3,[6 1],52,59,62,7,55
1,<environment.Job instance at 0x1539606c9550>,41,3,[2 5],54,80,83,26,57
1,<environment.Job instance at 0x15399c1d1320>,42,3,[2 8],56,83,86,27,57
1,<environment.Job instance at 0x153948228960>,44,3,[1 8],58,460,463,402,460
1,<environment.Job instance at 0x153948228e60>,45,2,[2 5],60,463,465,403,460
1,<environment.Job instance at 0x1539455ffc30>,46,3,[1 9],61,465,468,404,460
1,<environment.Job instance at 0x1539455ff7d0>,47,15,[9 1],62,465,480,403,460
1,<environment.Job instance at 0x1539455ff230>,49,13,[8 1],64,480,493,416,464
1,<environment.Job instance at 0x1539455ff0a0>,50,3,[2 8],65,480,483,415,464
1,<environment.Job instance at 0x1539455ff640>,51,2,[1 7],66,468,470,402,464
1,<environment.Job instance at 0x1539455ffb40>,52,2,[1 6],67,470,472,403,464
1,<environment.Job instance at 0x1539455ff820>,54,1,[2 7],70,483,484,413,464
1,<environment.Job instance at 0x1539455ffeb0>,55,3,[8 2],71,493,496,422,467
1,<environment.Job instance at 0x1539455ff140>,56,3,[ 2 10],72,496,499,424,470
1,<environment.Job instance at 0x1539455ff370>,57,2,[9 1],74,499,501,425,472
1,<environment.Job instance at 0x1539620710f0>,58,1,[2 5],75,484,485,409,472
1,<environment.Job instance at 0x153962071f50>,59,3,[1 8],77,472,475,395,472
1,<environment.Job instance at 0x153962071140>,60,2,[2 8],80,485,487,405,472
1,<environment.Job instance at 0x153946cfacd0>,62,15,[10  1],83,501,516,418,487
1,<environment.Job instance at 0x1539459f9730>,63,3,[1 8],85,487,490,402,487
1,<environment.Job instance at 0x1539620d8fa0>,65,3,[8 1],87,516,519,429,490
1,<environment.Job instance at 0x15396011be10>,66,3,[10  1],88,519,522,431,493
1,<environment.Job instance at 0x15394541a320>,67,3,[1 8],89,493,496,404,493
1,<environment.Job instance at 0x1539606df280>,69,2,[8 2],91,522,524,431,495
1,<environment.Job instance at 0x153960134be0>,73,3,[ 2 10],97,524,527,427,498
1,<environment.Job instance at 0x1539483abb40>,1,3,[2 5],3,3,6,0,3
1,<environment.Job instance at 0x1539486f5280>,5,1,[6 1],8,8,9,0,8
1,<environment.Job instance at 0x153949687140>,6,18,[8 2],9,9,27,0,9
1,<environment.Job instance at 0x1539486f53c0>,9,3,[2 6],12,12,15,0,12
1,<environment.Job instance at 0x15396019b690>,10,1,[5 2],13,27,28,14,13
1,<environment.Job instance at 0x15396019b280>,11,3,[7 1],14,28,31,14,14
1,<environment.Job instance at 0x15396019b0f0>,12,2,[2 6],15,15,17,0,15
1,<environment.Job instance at 0x1539458b21e0>,13,3,[2 7],17,17,20,0,17
1,<environment.Job instance at 0x15396019b370>,14,18,[1 6],18,20,38,2,19
1,<environment.Job instance at 0x1539496c41e0>,15,3,[1 5],20,38,41,18,20
1,<environment.Job instance at 0x15396019bb40>,16,2,[2 8],21,41,43,20,21
1,<environment.Job instance at 0x15394dc7e4b0>,24,3,[10  2],31,357,360,326,357
1,<environment.Job instance at 0x15394dc7e230>,26,3,[10  1],35,360,363,325,357
1,<environment.Job instance at 0x153946ce6140>,27,3,[6 2],36,363,366,327,357
1,<environment.Job instance at 0x153949acc370>,30,3,[10  1],39,377,380,338,377
1,<environment.Job instance at 0x153949acceb0>,31,1,[6 1],40,380,381,340,377
1,<environment.Job instance at 0x153949accdc0>,33,1,[2 7],42,380,381,338,377
1,<environment.Job instance at 0x153949aedbe0>,34,3,[7 1],43,381,384,338,377
1,<environment.Job instance at 0x153949aed730>,35,1,[8 2],44,384,385,340,377
1,<environment.Job instance at 0x153949aed0a0>,37,15,[1 8],47,394,409,347,394
1,<environment.Job instance at 0x153949aedd20>,38,2,[8 2],48,394,396,346,394
1,<environment.Job instance at 0x153944eb4f50>,40,3,[10  1],51,409,412,358,394
1,<environment.Job instance at 0x153944eb45a0>,42,2,[10  1],54,412,414,358,394
1,<environment.Job instance at 0x153944eb47d0>,43,1,[ 1 10],57,414,415,357,394
1,<environment.Job instance at 0x153944eb4a50>,45,1,[8 1],59,396,397,337,394
1,<environment.Job instance at 0x153944eb4500>,48,3,[2 7],65,415,418,350,395
1,<environment.Job instance at 0x153944eb4fa0>,49,3,[10  2],68,418,421,350,395
1,<environment.Job instance at 0x153944eb4320>,50,17,[5 2],70,421,438,351,409
1,<environment.Job instance at 0x153944eb4b90>,51,3,[8 2],71,415,418,344,409
1,<environment.Job instance at 0x153944eb45f0>,55,3,[9 1],77,438,441,361,415
1,<environment.Job instance at 0x153944eb48c0>,58,3,[1 7],83,421,424,338,415
1,<environment.Job instance at 0x1539455f8370>,59,1,[8 2],84,441,442,357,415
1,<environment.Job instance at 0x153949b03cd0>,60,2,[10  1],85,442,444,357,415
1,<environment.Job instance at 0x15394502c2d0>,62,16,[10  2],87,444,460,357,431
1,<environment.Job instance at 0x15394544e870>,66,3,[2 9],92,460,463,368,434
1,<environment.Job instance at 0x15394dc933c0>,70,3,[10  2],98,463,466,365,437
1,<environment.Job instance at 0x1539459709b0>,71,1,[10  2],99,466,467,367,438
1,<environment.Job instance at 0x15396060acd0>,1,3,[10  1],2,2,5,0,2
1,<environment.Job instance at 0x153949687410>,2,3,[10  1],3,5,8,2,3
1,<environment.Job instance at 0x153949687c80>,6,2,[6 1],9,9,11,0,9
1,<environment.Job instance at 0x153945837af0>,9,3,[9 1],14,14,17,0,14
1,<environment.Job instance at 0x153945837190>,10,1,[8 2],16,17,18,1,16
1,<environment.Job instance at 0x153945837aa0>,11,3,[1 5],17,17,20,0,17
1,<environment.Job instance at 0x1539458375f0>,12,1,[10  1],19,20,21,1,19
1,<environment.Job instance at 0x15394568f5f0>,13,3,[8 1],20,21,24,1,20
1,<environment.Job instance at 0x15394c231640>,14,2,[8 1],21,24,26,3,21
1,<environment.Job instance at 0x1539459a4af0>,15,1,[5 2],22,26,27,4,22
1,<environment.Job instance at 0x1539453e53c0>,16,3,[1 7],23,23,26,0,23
1,<environment.Job instance at 0x1539450cb050>,17,2,[5 1],24,26,28,2,24
1,<environment.Job instance at 0x15394961e1e0>,19,2,[5 2],27,27,29,0,27
1,<environment.Job instance at 0x1539457ac230>,22,2,[7 1],30,30,32,0,30
1,<environment.Job instance at 0x153948204050>,23,1,[10  1],31,32,33,1,31
1,<environment.Job instance at 0x15396061f870>,26,3,[2 5],34,34,37,0,34
1,<environment.Job instance at 0x1539461aad20>,27,18,[10  1],35,37,55,2,35
1,<environment.Job instance at 0x153960622370>,37,14,[9 2],49,55,69,6,49
1,<environment.Job instance at 0x1539457190a0>,42,14,[2 8],55,69,83,14,55
1,<environment.Job instance at 0x153945719550>,43,15,[8 2],56,69,84,13,56
1,<environment.Job instance at 0x1539457d3960>,44,3,[1 7],58,58,61,0,58
1,<environment.Job instance at 0x1539457d3eb0>,45,3,[7 1],59,84,87,25,59
1,<environment.Job instance at 0x1539451f7500>,52,3,[2 6],68,83,86,15,68
1,<environment.Job instance at 0x153948240230>,53,14,[10  1],69,87,101,18,72
1,<environment.Job instance at 0x153948240500>,56,2,[8 1],73,101,103,28,75
1,<environment.Job instance at 0x153948240d20>,57,3,[9 1],74,103,106,29,77
1,<environment.Job instance at 0x153948240f00>,58,3,[8 2],75,106,109,31,80
1,<environment.Job instance at 0x1539482405a0>,65,1,[8 1],85,109,110,24,85
1,<environment.Job instance at 0x153945ce9370>,66,18,[10  1],86,110,128,24,99
1,<environment.Job instance at 0x153945ce9960>,67,1,[8 2],87,128,129,41,100
1,<environment.Job instance at 0x153945ce9460>,68,2,[7 1],88,129,131,41,102
1,<environment.Job instance at 0x153945ce9550>,72,3,[8 2],92,131,134,39,105
1,<environment.Job instance at 0x153945ce93c0>,75,14,[9 2],99,134,148,35,119
1,<environment.Job instance at 0x15394957f640>,50,2,[1 8],65,488,490,423,488
1,<environment.Job instance at 0x1539451f7d20>,1,3,[1 5],2,2,5,0,2
1,<environment.Job instance at 0x1539606e2280>,2,2,[5 2],3,3,5,0,3
1,<environment.Job instance at 0x15394dca5550>,3,13,[8 1],5,5,18,0,5
1,<environment.Job instance at 0x15396069ba50>,4,1,[7 2],6,18,19,12,6
1,<environment.Job instance at 0x15396069beb0>,5,2,[2 8],7,7,9,0,7
1,<environment.Job instance at 0x15396069bc30>,6,12,[9 1],8,19,31,11,8
1,<environment.Job instance at 0x15396069bcd0>,7,3,[9 2],10,31,34,21,10
1,<environment.Job instance at 0x15396065f9b0>,12,2,[8 1],16,34,36,18,16
1,<environment.Job instance at 0x15396065f370>,15,3,[10  2],19,36,39,17,19
1,<environment.Job instance at 0x15396065fb90>,16,18,[2 5],20,39,57,19,28
1,<environment.Job instance at 0x15396065f2d0>,22,13,[8 1],26,39,52,13,28
1,<environment.Job instance at 0x15396065f500>,23,1,[6 1],27,52,53,25,28
1,<environment.Job instance at 0x15396065f910>,24,2,[ 1 10],28,57,59,29,30
1,<environment.Job instance at 0x153948501730>,25,1,[5 1],29,53,54,24,30
1,<environment.Job instance at 0x153948501190>,26,3,[5 2],30,54,57,24,30
1,<environment.Job instance at 0x153948501960>,28,3,[5 2],35,59,62,24,35
1,<environment.Job instance at 0x153948501820>,30,2,[8 2],37,62,64,25,45
1,<environment.Job instance at 0x1539485017d0>,32,1,[8 2],39,64,65,25,61
1,<environment.Job instance at 0x153948501c30>,35,3,[9 1],44,65,68,21,61
1,<environment.Job instance at 0x153948501370>,36,14,[2 5],46,68,82,22,61
1,<environment.Job instance at 0x153948501aa0>,37,2,[1 8],47,61,63,14,61
1,<environment.Job instance at 0x153948501460>,38,1,[5 1],48,68,69,20,61
1,<environment.Job instance at 0x153948501280>,40,2,[8 1],51,69,71,18,64
1,<environment.Job instance at 0x1539486d4690>,41,2,[6 2],53,71,73,18,64
1,<environment.Job instance at 0x1539486d4a00>,42,2,[1 5],54,64,66,10,64
1,<environment.Job instance at 0x1539486d4230>,43,2,[9 2],55,82,84,27,64
1,<environment.Job instance at 0x1539486d4b90>,44,1,[9 1],58,84,85,26,64
1,<environment.Job instance at 0x1539486d4af0>,45,2,[9 1],59,85,87,26,64
1,<environment.Job instance at 0x1539486d45a0>,46,2,[6 2],60,73,75,13,64
1,<environment.Job instance at 0x1539486d48c0>,47,2,[2 9],62,87,89,25,64
1,<environment.Job instance at 0x1539486d4f50>,49,3,[7 1],64,87,90,23,81
1,<environment.Job instance at 0x153945758730>,50,2,[ 1 10],65,90,92,25,81
1,<environment.Job instance at 0x153945758230>,52,2,[1 8],68,84,86,16,84
1,<environment.Job instance at 0x153945758a00>,54,1,[1 5],70,1351,1352,1281,1351
1,<environment.Job instance at 0x153945758b90>,55,3,[2 8],71,1352,1355,1281,1351
1,<environment.Job instance at 0x153945758aa0>,56,12,[7 2],72,1351,1363,1279,1351
1,<environment.Job instance at 0x153945758190>,57,1,[2 5],74,1355,1356,1281,1351
1,<environment.Job instance at 0x153945758910>,58,17,[ 1 10],76,1363,1380,1287,1351
1,<environment.Job instance at 0x153945758410>,59,3,[1 6],79,1356,1359,1277,1351
1,<environment.Job instance at 0x153945758870>,60,3,[2 6],80,1359,1362,1279,1351
1,<environment.Job instance at 0x153945758be0>,61,3,[2 5],81,1380,1383,1299,1354
1,<environment.Job instance at 0x153945758f00>,63,12,[9 1],83,1383,1395,1300,1366
1,<environment.Job instance at 0x15394844b690>,64,3,[7 2],85,1380,1383,1295,1366
1,<environment.Job instance at 0x15394844bcd0>,65,3,[1 6],87,1383,1386,1296,1366
1,<environment.Job instance at 0x15394844ba50>,67,2,[8 1],93,1395,1397,1302,1368
1,<environment.Job instance at 0x15394844b370>,68,3,[9 2],94,1397,1400,1303,1371
1,<environment.Job instance at 0x15394844b550>,69,1,[2 8],96,1395,1396,1299,1371
1,<environment.Job instance at 0x154e6685aa00>,1,3,[1 9],2,2,5,0,2
1,<environment.Job instance at 0x154e1003d7d0>,5,3,[9 2],6,6,9,0,6
1,<environment.Job instance at 0x154e1003d280>,6,18,[8 1],7,9,27,2,7
1,<environment.Job instance at 0x154e1087a230>,19,3,[6 2],26,27,30,1,26
1,<environment.Job instance at 0x154e10847550>,21,3,[6 1],29,30,33,1,29
1,<environment.Job instance at 0x154e10801910>,24,12,[ 1 10],32,33,45,1,32
1,<environment.Job instance at 0x154e1075a280>,29,16,[10  2],39,45,61,6,39
1,<environment.Job instance at 0x154e1079deb0>,31,3,[9 2],41,61,64,20,41
1,<environment.Job instance at 0x154e107b3eb0>,38,1,[8 1],51,64,65,13,51
1,<environment.Job instance at 0x154e107bb410>,39,3,[1 5],52,61,64,9,52
1,<environment.Job instance at 0x154e107bbcd0>,40,3,[1 6],53,64,67,11,53
1,<environment.Job instance at 0x154e10799eb0>,42,1,[10  1],56,67,68,11,61
1,<environment.Job instance at 0x154e1074ec80>,43,3,[7 2],57,68,71,11,61
1,<environment.Job instance at 0x154e1074efa0>,44,3,[1 8],58,68,71,10,61
1,<environment.Job instance at 0x154e1074ebe0>,45,3,[2 8],60,71,74,11,61
1,<environment.Job instance at 0x154e10765690>,49,16,[8 2],66,71,87,5,66
1,<environment.Job instance at 0x154e10762dc0>,50,12,[9 1],68,87,99,19,70
1,<environment.Job instance at 0x154e1029b730>,56,1,[10  2],79,99,100,20,79
1,<environment.Job instance at 0x154e10760e10>,59,1,[1 9],85,87,88,2,85
1,<environment.Job instance at 0x154e102b2280>,60,17,[8 1],86,100,117,14,88
1,<environment.Job instance at 0x154e10293050>,61,3,[1 5],87,88,91,1,88
1,<environment.Job instance at 0x154e102b2f50>,62,3,[9 2],88,117,120,29,91
1,<environment.Job instance at 0x154e102b3b40>,63,3,[10  1],89,120,123,31,94
1,<environment.Job instance at 0x154e102a6be0>,65,3,[2 9],92,105,108,13,105
1,<environment.Job instance at 0x154e102a6b40>,66,3,[1 9],93,108,111,15,105
1,<environment.Job instance at 0x154e102b1be0>,68,3,[1 9],95,111,114,16,105
1,<environment.Job instance at 0x154e10770870>,71,3,[2 9],99,114,117,15,105
1,<environment.Job instance at 0x154e10770820>,72,13,[7 2],102,123,136,21,107
1,<environment.Job instance at 0x154e1076b0f0>,74,3,[6 2],106,136,139,30,110
1,<environment.Job instance at 0x154e10059e10>,0,3,[7 2],1,1,4,0,1
1,<environment.Job instance at 0x154e10059d20>,2,3,[ 2 10],4,4,7,0,4
1,<environment.Job instance at 0x154e107b3500>,4,1,[10  1],7,7,8,0,7
1,<environment.Job instance at 0x154e127cf690>,6,1,[7 2],10,10,11,0,10
1,<environment.Job instance at 0x154e1294ceb0>,13,15,[7 1],19,19,34,0,19
1,<environment.Job instance at 0x154e128ed050>,17,12,[9 2],24,34,46,10,24
1,<environment.Job instance at 0x154e128eda00>,18,15,[10  2],25,46,61,21,32
1,<environment.Job instance at 0x154e128f6410>,31,3,[ 2 10],42,61,64,19,53
1,<environment.Job instance at 0x154e128f6730>,32,3,[2 5],43,64,67,21,53
1,<environment.Job instance at 0x154e128f6aa0>,34,3,[5 2],46,64,67,18,53
1,<environment.Job instance at 0x154e128f6a00>,35,15,[9 2],47,67,82,20,53
1,<environment.Job instance at 0x154e128f6690>,37,1,[1 6],49,67,68,18,53
1,<environment.Job instance at 0x154e128f6a50>,38,1,[1 7],50,68,69,18,53
1,<environment.Job instance at 0x154e12829dc0>,39,3,[9 1],53,82,85,29,56
1,<environment.Job instance at 0x154e12a0d870>,42,15,[1 6],57,69,84,12,67
1,<environment.Job instance at 0x154e12a0d230>,43,3,[7 2],58,85,88,27,67
1,<environment.Job instance at 0x154e12bac0a0>,45,3,[1 7],61,84,87,23,67
1,<environment.Job instance at 0x154e12bac960>,48,3,[1 9],64,88,91,24,82
1,<environment.Job instance at 0x154e12bace10>,49,2,[7 2],65,91,93,26,82
1,<environment.Job instance at 0x154e12bac230>,50,12,[6 1],66,93,105,27,82
1,<environment.Job instance at 0x154e12baca00>,51,28,[2 8],69,91,119,22,90
1,<environment.Job instance at 0x154e12a168c0>,52,3,[5 1],73,105,108,32,90
1,<environment.Job instance at 0x154e12a18f00>,53,15,[1 7],75,119,134,44,105
1,<environment.Job instance at 0x154e12a18550>,57,3,[5 2],82,108,111,26,106
1,<environment.Job instance at 0x154e12833820>,63,2,[9 1],89,119,121,30,117
1,<environment.Job instance at 0x154e12833c80>,64,3,[5 2],90,121,124,31,117
1,<environment.Job instance at 0x154e12833c30>,66,13,[ 2 10],92,134,147,42,118
1,<environment.Job instance at 0x154e12833230>,67,1,[1 7],93,147,148,54,119
1,<environment.Job instance at 0x154e12819aa0>,69,15,[1 7],95,148,163,53,134
1,<environment.Job instance at 0x154e12819550>,72,12,[7 1],100,147,159,47,143
1,<environment.Job instance at 0x154e12819d20>,73,2,[8 2],101,159,161,58,143
1,<environment.Job instance at 0x154e12819730>,74,3,[8 1],102,161,164,59,143
1,<environment.Job instance at 0x154e12819b90>,75,2,[2 5],103,163,165,60,143
1,<environment.Job instance at 0x154e12819960>,76,3,[6 1],104,164,167,60,143
1,<environment.Job instance at 0x154e12819780>,77,2,[10  1],105,167,169,62,143
1,<environment.Job instance at 0x154e12828be0>,78,3,[ 2 10],107,169,172,62,143
1,<environment.Job instance at 0x154e12828d70>,80,16,[1 6],109,172,188,63,159
1,<environment.Job instance at 0x154e128edd20>,2,1,[2 6],3,3,4,0,3
1,<environment.Job instance at 0x154e127f25f0>,3,16,[9 1],6,6,22,0,6
1,<environment.Job instance at 0x154e127c82d0>,4,15,[9 2],10,22,37,12,10
1,<environment.Job instance at 0x154e127c8190>,6,12,[1 5],12,12,24,0,12
1,<environment.Job instance at 0x154e127c8820>,8,1,[9 1],15,37,38,22,15
1,<environment.Job instance at 0x154e127c8c80>,10,1,[ 1 10],17,38,39,21,18
1,<environment.Job instance at 0x154e13c48280>,11,2,[1 5],19,24,26,5,19
1,<environment.Job instance at 0x154e13c48370>,12,3,[1 5],20,26,29,6,21
1,<environment.Job instance at 0x154e13c48780>,13,2,[10  2],21,39,41,18,23
1,<environment.Job instance at 0x154e13c48a50>,14,3,[2 8],25,41,44,16,25
1,<environment.Job instance at 0x154e1286b6e0>,19,18,[10  1],36,44,62,8,36
1,<environment.Job instance at 0x154e1286bdc0>,20,2,[7 2],37,41,43,4,38
1,<environment.Job instance at 0x154e12a87c80>,23,3,[8 1],42,62,65,20,42
1,<environment.Job instance at 0x154e12a87960>,21,2,[2 5],38,62,64,24,42
1,<environment.Job instance at 0x154e12789a00>,29,16,[1 7],49,64,80,15,51
1,<environment.Job instance at 0x154e12789050>,31,2,[6 2],52,65,67,13,52
1,<environment.Job instance at 0x154e13c07c30>,38,1,[2 8],61,80,81,19,61
1,<environment.Job instance at 0x154e13d6c3c0>,39,1,[7 1],62,67,68,5,62
1,<environment.Job instance at 0x154e13d6ccd0>,40,18,[5 2],63,68,86,5,63
1,<environment.Job instance at 0x154e10838640>,41,2,[8 2],65,86,88,21,65
1,<environment.Job instance at 0x154e108380f0>,42,3,[1 7],66,81,84,15,66
1,<environment.Job instance at 0x154e10838af0>,43,18,[8 1],67,88,106,21,77
1,<environment.Job instance at 0x154e108386e0>,46,3,[1 7],70,84,87,14,77
1,<environment.Job instance at 0x154e10838c30>,50,1,[1 6],77,87,88,10,79
1,<environment.Job instance at 0x154e10838f00>,52,2,[10  1],79,106,108,27,81
1,<environment.Job instance at 0x154e12bab140>,53,3,[2 7],80,88,91,8,81
1,<environment.Job instance at 0x154e12af5730>,56,3,[1 8],85,91,94,6,85
1,<environment.Job instance at 0x154e12af5c30>,57,12,[7 2],87,108,120,21,91
1,<environment.Job instance at 0x154e107b3960>,60,14,[8 2],92,120,134,28,105
1,<environment.Job instance at 0x154e10810dc0>,68,3,[1 9],102,134,137,32,108
1,<environment.Job instance at 0x154e108101e0>,69,1,[6 1],103,134,135,31,108
1,<environment.Job instance at 0x154e10810870>,70,3,[5 1],104,135,138,31,109
1,<environment.Job instance at 0x154e13d2fbe0>,71,3,[1 7],109,109,112,0,109
1,<environment.Job instance at 0x154e108389b0>,1,20,[8 2],2,2,22,0,2
1,<environment.Job instance at 0x154e10838780>,2,2,[10  1],3,22,24,19,4
1,<environment.Job instance at 0x154e129de640>,3,3,[1 9],4,24,27,20,6
1,<environment.Job instance at 0x154e14f675f0>,4,3,[1 8],8,11,14,3,11
1,<environment.Job instance at 0x154e1c24f370>,6,2,[9 2],12,27,29,15,12
1,<environment.Job instance at 0x154e14f6a640>,7,3,[5 2],13,29,32,16,13
1,<environment.Job instance at 0x154e1c2892d0>,9,1,[ 2 10],15,32,33,17,15
1,<environment.Job instance at 0x154e1d8c2960>,13,12,[2 9],23,33,45,10,25
1,<environment.Job instance at 0x154e1df37fa0>,16,15,[8 2],26,45,60,19,31
1,<environment.Job instance at 0x154e4cfd6a00>,5,2,[2 7],11,45,47,34,35
1,<environment.Job instance at 0x154e14f773c0>,17,17,[10  1],28,60,77,32,48
1,<environment.Job instance at 0x154e1c046eb0>,20,3,[2 7],33,48,51,15,48
1,<environment.Job instance at 0x154e1df6f370>,24,2,[1 6],42,452,454,410,452
1,<environment.Job instance at 0x154e1c03bbe0>,25,1,[1 9],43,454,455,411,452
1,<environment.Job instance at 0x154e1df07370>,26,3,[1 8],44,455,458,411,452
1,<environment.Job instance at 0x154e1df3fc30>,27,1,[9 2],45,452,453,407,452
1,<environment.Job instance at 0x154e127d6690>,28,18,[ 1 10],46,458,476,412,452
1,<environment.Job instance at 0x154e1df04aa0>,29,2,[1 6],48,476,478,428,452
1,<environment.Job instance at 0x154e13ff3c30>,30,3,[ 2 10],50,478,481,428,452
1,<environment.Job instance at 0x154e1df7d780>,31,1,[7 2],51,453,454,402,452
1,<environment.Job instance at 0x154e1df7d0f0>,32,3,[9 1],52,454,457,402,452
1,<environment.Job instance at 0x154e4c66bd70>,34,1,[6 2],55,476,477,421,467
1,<environment.Job instance at 0x154e4c8c2dc0>,35,3,[2 7],56,481,484,425,467
1,<environment.Job instance at 0x154e10777af0>,36,14,[7 2],57,481,495,424,467
1,<environment.Job instance at 0x154e107777d0>,37,2,[ 1 10],59,495,497,436,468
1,<environment.Job instance at 0x154e1ebc6050>,38,3,[10  2],60,497,500,437,471
1,<environment.Job instance at 0x154e1ebc66e0>,40,3,[9 1],64,500,503,436,474
1,<environment.Job instance at 0x154e1ebc6280>,43,3,[5 1],70,503,506,433,478
1,<environment.Job instance at 0x154e14086e60>,22,2,[8 1],38,506,508,468,485
1,<environment.Job instance at 0x154e1003de60>,44,14,[1 6],72,500,514,428,485
1,<environment.Job instance at 0x154e1003d230>,46,1,[2 7],74,485,486,411,485
1,<environment.Job instance at 0x154e1003d820>,48,2,[6 1],76,508,510,432,486
1,<environment.Job instance at 0x154e1003d1e0>,49,3,[9 2],78,510,513,432,486
1,<environment.Job instance at 0x154e1d8dadc0>,50,3,[6 2],81,513,516,432,487
1,<environment.Job instance at 0x154e1003df00>,52,3,[1 7],83,487,490,404,487
1,<environment.Job instance at 0x154e1003d140>,55,3,[1 7],88,490,493,402,489
1,<environment.Job instance at 0x154e1c0299b0>,58,3,[6 1],93,516,519,423,493
1,<environment.Job instance at 0x154e1c029410>,60,2,[2 9],95,516,518,421,494
1,<environment.Job instance at 0x154e1c029230>,61,2,[2 5],96,514,516,418,494
1,<environment.Job instance at 0x154e1c029fa0>,62,16,[2 9],97,518,534,421,505
1,<environment.Job instance at 0x154e1c0291e0>,64,3,[8 1],99,519,522,420,509
1,<environment.Job instance at 0x154e1c029910>,65,3,[8 1],103,522,525,419,509
1,<environment.Job instance at 0x154e1c029e60>,66,1,[10  1],104,534,535,430,509
1,<environment.Job instance at 0x154e1c034320>,68,15,[2 8],108,535,550,427,521
1,<environment.Job instance at 0x154e14f77460>,1,1,[2 6],3,3,4,0,3
1,<environment.Job instance at 0x154e1c264870>,3,2,[8 1],6,6,8,0,6
1,<environment.Job instance at 0x154e1dfd4190>,4,3,[2 9],7,7,10,0,7
1,<environment.Job instance at 0x154e1dfd4910>,6,3,[1 5],10,10,13,0,10
1,<environment.Job instance at 0x154e14020a50>,8,3,[2 8],12,13,16,1,12
1,<environment.Job instance at 0x154e1ecf1a50>,11,3,[1 6],17,17,20,0,17
1,<environment.Job instance at 0x154e12a0db90>,13,14,[9 1],20,20,34,0,20
1,<environment.Job instance at 0x154e1ecf10f0>,14,3,[10  1],21,34,37,13,21
1,<environment.Job instance at 0x154e102a0cd0>,20,15,[10  1],29,37,52,8,29
1,<environment.Job instance at 0x154e1075a910>,30,18,[8 2],43,52,70,9,52
1,<environment.Job instance at 0x154e1075adc0>,31,3,[1 6],44,52,55,8,52
1,<environment.Job instance at 0x154e1075aa50>,32,16,[1 5],45,55,71,10,52
1,<environment.Job instance at 0x154e1075a690>,35,15,[7 2],48,70,85,22,56
1,<environment.Job instance at 0x154e1075af50>,39,3,[2 8],52,71,74,19,56
1,<environment.Job instance at 0x154e12a40d20>,41,3,[5 2],56,85,88,29,59
1,<environment.Job instance at 0x154e12c8e820>,52,3,[2 5],71,74,77,3,71
1,<environment.Job instance at 0x154e4c66bbe0>,53,12,[6 1],72,88,100,16,72
1,<environment.Job instance at 0x154e13b7d500>,55,1,[7 1],76,100,101,24,76
1,<environment.Job instance at 0x154e13fca0a0>,57,1,[7 2],78,101,102,23,78
1,<environment.Job instance at 0x154e13fcacd0>,58,3,[10  2],79,102,105,23,79
1,<environment.Job instance at 0x154e13fca780>,60,15,[1 8],82,82,97,0,82
1,<environment.Job instance at 0x154e13b81910>,61,3,[1 7],83,97,100,14,83
1,<environment.Job instance at 0x154e13b81c80>,64,17,[9 2],88,217,234,129,217
1,<environment.Job instance at 0x154e1df8c9b0>,68,3,[2 7],92,234,237,142,217
1,<environment.Job instance at 0x154e0fa91be0>,71,1,[2 5],96,237,238,141,217
1,<environment.Job instance at 0x154e0fa91e60>,76,3,[1 7],103,220,223,117,220
1,<environment.Job instance at 0x154e0fa91c80>,78,14,[1 6],105,238,252,133,223
1,<environment.Job instance at 0x154e1c281d20>,79,17,[9 1],106,238,255,132,226
1,<environment.Job instance at 0x154e12bb7c80>,1,3,[9 2],2,2,5,0,2
1,<environment.Job instance at 0x154e128898c0>,3,16,[10  2],4,5,21,1,5
1,<environment.Job instance at 0x154e1401d4b0>,7,2,[7 2],10,21,23,11,10
1,<environment.Job instance at 0x154e1401d8c0>,10,14,[6 1],13,23,37,10,13
1,<environment.Job instance at 0x154e1401d780>,11,1,[2 5],14,21,22,7,14
1,<environment.Job instance at 0x154e1401d460>,12,14,[2 8],15,22,36,7,19
1,<environment.Job instance at 0x154e13fca140>,19,3,[7 1],26,37,40,11,26
1,<environment.Job instance at 0x154e13fca410>,21,3,[1 9],28,36,39,8,28
1,<environment.Job instance at 0x154e13fca1e0>,22,16,[10  1],29,40,56,11,29
1,<environment.Job instance at 0x154e0fbd8be0>,25,12,[7 1],34,56,68,22,39
1,<environment.Job instance at 0x154e0fbd88c0>,27,3,[6 1],39,68,71,29,42
1,<environment.Job instance at 0x154e0fbd8500>,28,3,[8 1],40,71,74,31,45
1,<environment.Job instance at 0x154e0fbd8a00>,29,2,[7 1],42,74,76,32,47
1,<environment.Job instance at 0x154e0fbd8b40>,30,18,[2 6],44,56,74,12,47
1,<environment.Job instance at 0x154e0fbd8aa0>,31,1,[7 1],46,76,77,30,48
1,<environment.Job instance at 0x154e0fbd8a50>,34,3,[5 2],50,77,80,27,51
1,<environment.Job instance at 0x154e12785b90>,37,3,[8 1],53,80,83,27,54
1,<environment.Job instance at 0x154e12785320>,38,3,[2 6],56,74,77,18,56
1,<environment.Job instance at 0x154e127855a0>,40,16,[1 5],61,77,93,16,64
1,<environment.Job instance at 0x154e12785e60>,41,1,[1 9],62,93,94,31,65
1,<environment.Job instance at 0x154e12785500>,42,3,[2 9],64,94,97,30,68
1,<environment.Job instance at 0x154e127857d0>,43,1,[10  2],65,97,98,32,69
1,<environment.Job instance at 0x154e1e96b140>,44,1,[5 2],66,83,84,17,69
1,<environment.Job instance at 0x154e12846410>,48,3,[10  2],73,98,101,25,82
1,<environment.Job instance at 0x154e128465a0>,50,3,[1 9],78,101,104,23,82
1,<environment.Job instance at 0x154e12846320>,52,1,[6 2],82,86,87,4,86
1,<environment.Job instance at 0x154e12846960>,53,3,[10  2],84,104,107,20,86
1,<environment.Job instance at 0x154e12846e60>,54,3,[5 1],88,88,91,0,88
1,<environment.Job instance at 0x154e1d8ee370>,58,3,[9 1],92,101,104,9,92
1,<environment.Job instance at 0x154e1d8eee60>,59,14,[2 8],93,107,121,14,94
1,<environment.Job instance at 0x154e1d8eef00>,62,21,[1 8],96,121,142,25,113
1,<environment.Job instance at 0x154e1d8eed70>,64,2,[6 1],99,114,116,15,114
1,<environment.Job instance at 0x154e1d8ee500>,65,2,[ 1 10],100,142,144,42,115
1,<environment.Job instance at 0x154e1d8ee7d0>,66,3,[9 2],102,121,124,19,115
1,<environment.Job instance at 0x154e1d8eec30>,67,2,[5 1],103,116,118,13,115
1,<environment.Job instance at 0x154e1d8eef50>,69,3,[9 2],105,124,127,19,123
1,<environment.Job instance at 0x154e0fae1eb0>,1,1,[5 1],3,3,4,0,3
1,<environment.Job instance at 0x154e0fae15a0>,2,13,[10  1],5,5,18,0,5
1,<environment.Job instance at 0x154e0fcebb40>,3,2,[1 8],7,18,20,11,8
1,<environment.Job instance at 0x154e14052a00>,5,3,[2 8],9,20,23,11,9
1,<environment.Job instance at 0x154e0fcf2aa0>,7,2,[8 2],15,18,20,3,15
1,<environment.Job instance at 0x154e1409fe60>,9,3,[6 2],17,20,23,3,17
1,<environment.Job instance at 0x154e643962d0>,10,1,[8 1],19,23,24,4,19
1,<environment.Job instance at 0x154e1409ffa0>,11,3,[1 9],21,23,26,2,21
1,<environment.Job instance at 0x154e1409f730>,13,2,[7 2],25,26,28,1,25
1,<environment.Job instance at 0x154e1ecd1780>,14,12,[7 1],26,28,40,2,26
1,<environment.Job instance at 0x154e0fcf2fa0>,0,3,[5 2],2,2,5,0,2
1,<environment.Job instance at 0x154e12afa550>,2,1,[8 1],4,5,6,1,4
1,<environment.Job instance at 0x154e12afafa0>,3,1,[1 5],6,7,8,1,7
1,<environment.Job instance at 0x154e13ff3410>,4,1,[10  1],8,8,9,0,8
1,<environment.Job instance at 0x154e13ff3d70>,5,1,[5 2],9,9,10,0,9
1,<environment.Job instance at 0x154e14003140>,6,17,[10  1],10,10,27,0,10
1,<environment.Job instance at 0x154e14003280>,8,1,[10  2],13,27,28,14,13
1,<environment.Job instance at 0x154e13ff6b90>,13,15,[7 2],19,28,43,9,19
1,<environment.Job instance at 0x154e13fe9a50>,14,15,[6 1],20,43,58,23,29
1,<environment.Job instance at 0x154e1c26cc30>,17,16,[1 8],23,29,45,6,29
1,<environment.Job instance at 0x154e13ff6230>,18,14,[2 6],25,45,59,20,30
1,<environment.Job instance at 0x154e14011c30>,19,1,[9 1],26,59,60,33,31
1,<environment.Job instance at 0x154e14011f00>,21,2,[10  2],28,60,62,32,35
1,<environment.Job instance at 0x154e669bfe10>,22,15,[9 2],30,62,77,32,48
1,<environment.Job instance at 0x154e13ce11e0>,27,1,[6 2],37,58,59,21,50
1,<environment.Job instance at 0x154e14011aa0>,28,1,[5 1],38,77,78,39,50
1,<environment.Job instance at 0x154e1dffff50>,30,3,[2 6],41,77,80,36,51
1,<environment.Job instance at 0x154e1dfff1e0>,31,2,[9 1],42,80,82,38,53
1,<environment.Job instance at 0x154e1dfffe10>,32,13,[6 1],44,82,95,38,66
1,<environment.Job instance at 0x154e1ec04a00>,37,13,[2 6],49,82,95,33,68
1,<environment.Job instance at 0x154e1ec04dc0>,39,1,[8 2],53,78,79,25,69
1,<environment.Job instance at 0x154e1ec04f50>,41,17,[2 7],55,95,112,40,83
1,<environment.Job instance at 0x154e1ec04e10>,43,16,[6 1],57,95,111,38,86
1,<environment.Job instance at 0x154e1c25bdc0>,44,1,[8 2],58,111,112,53,86
1,<environment.Job instance at 0x154e1c25bd70>,45,1,[5 2],59,112,113,53,86
1,<environment.Job instance at 0x154e1ec049b0>,46,1,[7 1],60,113,114,53,86
1,<environment.Job instance at 0x154e1ec0f230>,47,1,[1 8],61,112,113,51,86
1,<environment.Job instance at 0x154e1ec0f4b0>,48,2,[6 2],62,114,116,52,87
1,<environment.Job instance at 0x154e1ec0fa50>,50,1,[6 2],65,116,117,51,95
1,<environment.Job instance at 0x154e1ec0fcd0>,51,3,[8 2],66,117,120,51,95
1,<environment.Job instance at 0x154e1ebe9690>,52,2,[ 1 10],68,120,122,52,95
1,<environment.Job instance at 0x154e1ebe95f0>,53,13,[10  1],69,122,135,53,106
1,<environment.Job instance at 0x154e12af6dc0>,57,3,[10  1],73,135,138,62,109
1,<environment.Job instance at 0x154e12af6190>,58,3,[6 1],74,138,141,64,112
1,<environment.Job instance at 0x154e13da5820>,60,3,[2 7],76,113,116,37,112
1,<environment.Job instance at 0x154e106c8870>,63,3,[5 2],79,141,144,62,116
1,<environment.Job instance at 0x154e13ff8dc0>,65,3,[2 8],81,116,119,35,116
1,<environment.Job instance at 0x154e127b0550>,67,13,[7 2],84,144,157,60,128
1,<environment.Job instance at 0x154e1dfce5a0>,70,3,[10  2],87,157,160,70,131
1,<environment.Job instance at 0x154e1dfce370>,71,3,[2 5],89,138,141,49,131
1,<environment.Job instance at 0x154e1dfce690>,72,17,[1 7],90,160,177,70,148
1,<environment.Job instance at 0x154e1dfce820>,73,3,[7 2],91,160,163,69,148
1,<environment.Job instance at 0x154e1dfcea50>,78,2,[10  1],97,177,179,80,152
1,<environment.Job instance at 0x154e1dfcee60>,81,16,[6 2],101,179,195,78,166
1,<environment.Job instance at 0x154e1dfced70>,82,1,[6 1],102,166,167,64,166
1,<environment.Job instance at 0x154e1dfcebe0>,83,2,[9 1],104,167,169,63,166
1,<environment.Job instance at 0x154e1dfcec30>,84,19,[1 5],106,179,198,73,169
1,<environment.Job instance at 0x154e1dfe2320>,85,1,[8 1],107,169,170,62,169
1,<environment.Job instance at 0x154e1dfe20a0>,86,1,[5 1],109,170,171,61,169
1,<environment.Job instance at 0x154e13c935f0>,5,2,[6 1],9,9,11,0,9
1,<environment.Job instance at 0x154e1dfe20a0>,6,17,[1 7],10,10,27,0,10
1,<environment.Job instance at 0x154e4cf2bf00>,7,15,[10  2],14,27,42,13,14
1,<environment.Job instance at 0x154e0f6f54b0>,14,14,[1 6],23,113,127,90,113
1,<environment.Job instance at 0x154e0f6f3be0>,15,1,[1 8],24,127,128,103,113
1,<environment.Job instance at 0x154e0f6f3c80>,16,1,[2 9],26,128,129,102,113
1,<environment.Job instance at 0x154e0f6f3320>,17,2,[10  2],27,129,131,102,113
1,<environment.Job instance at 0x154e0f6f34b0>,18,1,[6 1],30,113,114,83,113
1,<environment.Job instance at 0x154e0f6f3d20>,19,1,[7 2],32,114,115,82,113
1,<environment.Job instance at 0x154e0f6f36e0>,20,2,[2 7],33,131,133,98,113
1,<environment.Job instance at 0x154e0f6f3f50>,21,3,[2 5],34,133,136,99,113
1,<environment.Job instance at 0x154e0f6f3eb0>,23,12,[5 2],37,131,143,94,121
1,<environment.Job instance at 0x154e1ecc6f00>,24,1,[10  1],38,143,144,105,121
1,<environment.Job instance at 0x154e0f6f35a0>,25,3,[10  1],41,144,147,103,121
1,<environment.Job instance at 0x154e4c64ff50>,26,2,[ 2 10],42,147,149,105,121
1,<environment.Job instance at 0x154e4c64fd20>,27,3,[9 2],43,121,124,78,121
1,<environment.Job instance at 0x154e4c64f140>,28,1,[1 9],44,149,150,105,121
1,<environment.Job instance at 0x154e140bc500>,29,1,[8 2],47,124,125,77,121
1,<environment.Job instance at 0x154e12c04050>,31,1,[9 2],50,125,126,75,121
1,<environment.Job instance at 0x154e12c04500>,32,1,[10  1],51,150,151,99,122
1,<environment.Job instance at 0x154e12956780>,34,13,[7 2],54,151,164,97,147
1,<environment.Job instance at 0x154e129567d0>,35,3,[6 2],56,164,167,108,147
1,<environment.Job instance at 0x154e0f68e8c0>,38,14,[7 1],60,176,190,116,176
1,<environment.Job instance at 0x154e0f68e460>,39,2,[7 1],61,190,192,129,176
1,<environment.Job instance at 0x154e0f68edc0>,40,1,[8 1],62,192,193,130,176
1,<environment.Job instance at 0x154e0f68e0a0>,41,2,[10  2],63,193,195,130,176
1,<environment.Job instance at 0x154e0f67b3c0>,42,14,[9 1],64,195,209,131,180
1,<environment.Job instance at 0x154e0f67bf00>,43,3,[9 2],65,209,212,144,183
1,<environment.Job instance at 0x154e0f5f34b0>,47,3,[9 2],71,212,215,141,186
1,<environment.Job instance at 0x154e0f9190a0>,48,3,[10  1],72,215,218,143,189
1,<environment.Job instance at 0x154e108750f0>,50,2,[8 2],80,218,220,138,191
1,<environment.Job instance at 0x154e1dfcbd20>,1,3,[1 8],3,195,198,192,192
1,<environment.Job instance at 0x154e12c08320>,52,3,[1 9],82,198,201,116,192
1,<environment.Job instance at 0x154e129d3050>,55,3,[2 8],88,218,221,130,193
1,<environment.Job instance at 0x154e129d35f0>,58,2,[8 2],92,220,222,128,193
1,<environment.Job instance at 0x154e129d33c0>,59,15,[10  1],93,222,237,129,208
1,<environment.Job instance at 0x154e129d39b0>,61,1,[8 2],95,237,238,142,209
1,<environment.Job instance at 0x154e129d3410>,62,2,[ 1 10],96,238,240,142,211
1,<environment.Job instance at 0x154e129d3320>,64,1,[5 1],98,240,241,142,228
1,<environment.Job instance at 0x154e0f57d3c0>,68,12,[6 2],103,241,253,138,228
1,<environment.Job instance at 0x154e0f57d1e0>,69,3,[1 7],104,240,243,136,228
1,<environment.Job instance at 0x154e0f679aa0>,71,3,[9 1],107,253,256,146,228
1,<environment.Job instance at 0x154e13c93370>,4,1,[6 1],7,452,453,445,452
1,<environment.Job instance at 0x154e1dfcbd70>,3,2,[7 2],6,479,481,473,479
1,<environment.Job instance at 0x154e4cf2bd20>,2,1,[6 1],3,3,4,0,3
1,<environment.Job instance at 0x154e0fa97c30>,3,3,[5 2],4,5,8,1,5
1,<environment.Job instance at 0x154e0fcce370>,5,2,[8 2],6,8,10,2,6
1,<environment.Job instance at 0x154e1c259fa0>,11,23,[9 1],16,16,39,0,16
1,<environment.Job instance at 0x154e127606e0>,16,3,[6 1],23,39,42,16,23
1,<environment.Job instance at 0x154e12760460>,17,2,[10  1],24,42,44,18,24
1,<environment.Job instance at 0x154e12760c30>,19,3,[5 1],26,44,47,18,26
1,<environment.Job instance at 0x154e13d8a6e0>,20,3,[1 6],27,27,30,0,27
1,<environment.Job instance at 0x154e100590f0>,24,3,[9 1],36,58,61,22,58
1,<environment.Job instance at 0x154e10059f00>,25,13,[2 5],38,61,74,23,58
1,<environment.Job instance at 0x154e1e0d3910>,28,2,[9 2],43,74,76,31,58
1,<environment.Job instance at 0x154e13c1f730>,32,3,[1 8],51,136,139,85,136
1,<environment.Job instance at 0x154e667665a0>,34,16,[9 1],54,136,152,82,136
1,<environment.Job instance at 0x154e66766730>,35,12,[7 2],56,152,164,96,136
1,<environment.Job instance at 0x154e1df7ba50>,37,2,[5 2],63,164,166,101,138
1,<environment.Job instance at 0x154e1df7b460>,38,2,[7 2],64,166,168,102,139
1,<environment.Job instance at 0x154e12aae9b0>,39,2,[5 2],66,164,166,98,139
1,<environment.Job instance at 0x154e0f65ac80>,41,1,[6 2],68,168,169,100,140
1,<environment.Job instance at 0x154e10766d20>,44,2,[5 2],71,169,171,98,146
1,<environment.Job instance at 0x154e10766190>,46,3,[2 8],73,152,155,79,148
1,<environment.Job instance at 0x154e10766c80>,47,3,[8 2],75,171,174,96,148
1,<environment.Job instance at 0x154e10766780>,48,1,[ 2 10],76,174,175,98,148
1,<environment.Job instance at 0x154e10766730>,49,2,[1 6],77,148,150,71,148
1,<environment.Job instance at 0x154e0fd73780>,50,2,[8 1],78,175,177,97,148
1,<environment.Job instance at 0x154e0fd73e60>,51,1,[2 7],80,155,156,75,148
1,<environment.Job instance at 0x154e0fd735f0>,52,2,[1 8],81,150,152,69,148
1,<environment.Job instance at 0x154e0fd73910>,53,13,[7 1],82,177,190,95,161
1,<environment.Job instance at 0x154e0fd739b0>,54,3,[ 2 10],85,190,193,105,164
1,<environment.Job instance at 0x154e1ec26960>,55,2,[2 7],86,166,168,80,164
1,<environment.Job instance at 0x154e0fd73a50>,57,2,[10  2],88,193,195,105,166
1,<environment.Job instance at 0x154e0fda65f0>,58,2,[1 7],89,168,170,79,166
1,<environment.Job instance at 0x154e0fda6aa0>,59,3,[2 8],90,170,173,80,166
1,<environment.Job instance at 0x154e0fda63c0>,60,2,[6 2],91,195,197,104,168
1,<environment.Job instance at 0x154e0fda6370>,61,1,[7 1],94,197,198,103,169
1,<environment.Job instance at 0x154e12771870>,62,2,[5 2],95,198,200,103,171
1,<environment.Job instance at 0x154e1df070a0>,63,15,[1 9],96,175,190,79,171
1,<environment.Job instance at 0x154e0fda6190>,64,3,[6 1],97,200,203,103,174
1,<environment.Job instance at 0x154e1ec6c5a0>,66,1,[7 1],99,203,204,104,175
1,<environment.Job instance at 0x154e0fc65eb0>,67,1,[2 6],102,195,196,93,175
1,<environment.Job instance at 0x154e1dfea190>,68,2,[10  2],103,204,206,101,177
1,<environment.Job instance at 0x154e140098c0>,69,1,[5 1],104,198,199,94,177
1,<environment.Job instance at 0x154e14009c80>,71,1,[6 1],106,206,207,100,179
1,<environment.Job instance at 0x154e127ac0f0>,72,3,[8 1],108,207,210,99,181
1,<environment.Job instance at 0x154e0ff0e370>,14,1,[8 2],19,517,518,498,517
1,<environment.Job instance at 0x154e1001d730>,0,15,[6 1],2,2,17,0,2
1,<environment.Job instance at 0x154e0f7cbf50>,2,17,[10  1],6,17,34,11,6
1,<environment.Job instance at 0x154e0f7cbaa0>,3,3,[2 6],7,7,10,0,7
1,<environment.Job instance at 0x154e112a4d20>,12,12,[2 8],21,34,46,13,23
1,<environment.Job instance at 0x154e112a4aa0>,15,1,[9 1],24,46,47,22,25
1,<environment.Job instance at 0x154e0fa96fa0>,16,1,[ 2 10],25,47,48,22,25
1,<environment.Job instance at 0x154e12947f00>,17,12,[2 8],28,48,60,20,31
1,<environment.Job instance at 0x154e13cc56e0>,18,3,[ 1 10],31,60,63,29,34
1,<environment.Job instance at 0x154e0fa45320>,19,1,[8 2],32,34,35,2,34
1,<environment.Job instance at 0x154e1d8baaa0>,21,2,[8 1],35,52,54,17,52
1,<environment.Job instance at 0x154e12913d70>,22,13,[8 2],36,63,76,27,52
1,<environment.Job instance at 0x154e0f922910>,23,1,[7 1],37,54,55,17,52
1,<environment.Job instance at 0x154e12992550>,25,3,[1 5],40,63,66,23,52
1,<environment.Job instance at 0x154e1eca3d20>,26,3,[8 2],43,55,58,12,52
1,<environment.Job instance at 0x154e1c046a00>,27,1,[1 7],44,66,67,22,52
1,<environment.Job instance at 0x154e11cfb730>,28,3,[2 8],45,67,70,22,52
1,<environment.Job instance at 0x154e12992f50>,29,2,[7 1],46,58,60,12,52
1,<environment.Job instance at 0x154e10035e10>,31,1,[1 7],50,70,71,20,52
1,<environment.Job instance at 0x154e13ce1320>,33,16,[1 6],52,71,87,19,62
1,<environment.Job instance at 0x154e0fe5bc80>,34,15,[10  2],53,87,102,34,73
1,<environment.Job instance at 0x154e0ff0d280>,35,2,[5 1],55,76,78,21,73
1,<environment.Job instance at 0x154e0fe0b9b0>,36,2,[ 2 10],56,102,104,46,75
1,<environment.Job instance at 0x154e127b9b90>,37,3,[5 1],57,78,81,21,75
1,<environment.Job instance at 0x154e1ec2b870>,38,1,[1 9],59,104,105,45,76
1,<environment.Job instance at 0x154e1e0cf320>,39,1,[2 7],60,105,106,45,77
1,<environment.Job instance at 0x154e12937d20>,40,2,[1 8],61,106,108,45,79
1,<environment.Job instance at 0x154e12c9ccd0>,41,1,[1 9],63,108,109,45,80
1,<environment.Job instance at 0x154e1ec81410>,43,3,[9 1],66,82,85,16,82
1,<environment.Job instance at 0x154e12c9c960>,44,12,[9 1],67,106,118,39,89
1,<environment.Job instance at 0x154e1ec811e0>,46,16,[9 2],70,118,134,48,105
1,<environment.Job instance at 0x154e0f54f4b0>,51,1,[5 1],76,134,135,58,108
1,<environment.Job instance at 0x154e14028b90>,55,3,[1 9],82,109,112,27,108
1,<environment.Job instance at 0x154e0fb100a0>,57,1,[7 2],85,135,136,50,108
1,<environment.Job instance at 0x154e14019280>,58,1,[10  1],86,136,137,50,108
1,<environment.Job instance at 0x154e10024c80>,60,2,[6 2],89,137,139,48,111
1,<environment.Job instance at 0x154e1c259460>,62,3,[2 9],91,139,142,48,113
1,<environment.Job instance at 0x154e1c259c30>,64,1,[10  1],93,142,143,49,114
1,<environment.Job instance at 0x154e129e64b0>,67,3,[9 2],96,143,146,47,120
1,<environment.Job instance at 0x154e0fc84be0>,68,2,[1 8],97,120,122,23,120
1,<environment.Job instance at 0x154e10007e10>,70,3,[2 5],99,146,149,47,122
1,<environment.Job instance at 0x154e10007320>,71,2,[8 1],100,139,141,39,122
1,<environment.Job instance at 0x154e0f86aaa0>,73,21,[9 2],102,149,170,47,141
1,<environment.Job instance at 0x154e112a4be0>,76,2,[2 9],105,170,172,65,152
1,<environment.Job instance at 0x154e13b79690>,78,3,[7 2],108,172,175,64,155
1,<environment.Job instance at 0x154e1ec8a500>,79,17,[ 2 10],109,175,192,66,163
1,<environment.Job instance at 0x154e12c44140>,4,2,[1 7],9,9,11,0,9
1,<environment.Job instance at 0x154e12c44550>,5,3,[7 1],10,10,13,0,10
1,<environment.Job instance at 0x154e12c33820>,6,1,[6 1],11,13,14,2,11
1,<environment.Job instance at 0x154e12c33dc0>,8,3,[2 9],13,13,16,0,13
1,<environment.Job instance at 0x154e12c33fa0>,15,2,[9 1],22,26,28,4,26
1,<environment.Job instance at 0x154e12c36d70>,16,3,[9 2],23,28,31,5,26
1,<environment.Job instance at 0x154e12c36c80>,17,17,[5 2],24,31,48,7,26
1,<environment.Job instance at 0x154e1087a230>,22,17,[5 2],30,31,48,1,30
1,<environment.Job instance at 0x154e0fa46280>,23,2,[5 1],32,48,50,16,32
1,<environment.Job instance at 0x154e0fd02050>,24,2,[8 2],33,50,52,17,33
1,<environment.Job instance at 0x154e1df103c0>,28,18,[10  2],38,52,70,14,41
1,<environment.Job instance at 0x154e0fc49960>,31,3,[1 6],41,48,51,7,48
1,<environment.Job instance at 0x154e0fc49460>,32,2,[1 8],43,70,72,27,48
1,<environment.Job instance at 0x154e1075a410>,34,16,[8 2],45,70,86,25,57
1,<environment.Job instance at 0x154e12980640>,35,3,[1 5],48,72,75,24,57
1,<environment.Job instance at 0x154e1075a550>,36,1,[10  1],49,86,87,37,58
1,<environment.Job instance at 0x154e1289e8c0>,39,1,[1 6],52,75,76,23,59
1,<environment.Job instance at 0x154e1289e640>,41,2,[5 1],54,87,89,33,60
1,<environment.Job instance at 0x154e1289ea50>,42,2,[7 2],55,89,91,34,62
1,<environment.Job instance at 0x154e1289e320>,44,3,[2 6],57,76,79,19,62
1,<environment.Job instance at 0x154e0fcf2a50>,45,3,[1 9],58,91,94,33,65
1,<environment.Job instance at 0x154e0fcf2640>,46,3,[6 1],59,91,94,32,65
1,<environment.Job instance at 0x154e12babb90>,51,2,[2 5],69,94,96,25,91
1,<environment.Job instance at 0x154e127d5780>,52,3,[9 1],70,96,99,26,91
1,<environment.Job instance at 0x154e12bab730>,53,16,[2 5],71,99,115,28,91
1,<environment.Job instance at 0x154e12babeb0>,54,1,[5 1],72,94,95,22,91
1,<environment.Job instance at 0x154e0fd55370>,55,12,[ 1 10],73,115,127,42,98
1,<environment.Job instance at 0x154e0fd55050>,57,1,[6 2],77,99,100,22,98
1,<environment.Job instance at 0x154e0fd55f50>,58,3,[5 2],78,100,103,22,98
1,<environment.Job instance at 0x154e0fd557d0>,60,3,[2 7],80,127,130,47,101
1,<environment.Job instance at 0x154e0fd55230>,61,2,[8 2],82,103,105,21,101
1,<environment.Job instance at 0x154e1283a6e0>,63,1,[5 2],89,105,106,16,101
1,<environment.Job instance at 0x154e1ebc7be0>,65,1,[7 2],92,107,108,15,107
1,<environment.Job instance at 0x154e1ebc7190>,66,1,[2 8],93,130,131,37,107
1,<environment.Job instance at 0x154e1283a820>,67,2,[2 9],94,131,133,37,107
1,<environment.Job instance at 0x154e1ed6c460>,68,3,[2 6],95,133,136,38,107
1,<environment.Job instance at 0x154e0fdd06e0>,69,2,[7 1],97,108,110,11,107
1,<environment.Job instance at 0x154e12c52af0>,70,1,[ 1 10],98,136,137,38,108
1,<environment.Job instance at 0x154e13bc0320>,72,3,[1 9],101,137,140,36,111
1,<environment.Job instance at 0x154e13bc0fa0>,73,17,[1 5],102,140,157,38,128
1,<environment.Job instance at 0x154e13bc0a50>,74,3,[8 1],104,128,131,24,128
1,<environment.Job instance at 0x154e4cf23be0>,1,3,[7 2],3,3,6,0,3
1,<environment.Job instance at 0x154e1ec1e640>,4,3,[10  1],8,8,11,0,8
1,<environment.Job instance at 0x154e128565f0>,6,3,[7 2],11,11,14,0,11
1,<environment.Job instance at 0x154e1ed62f50>,9,1,[1 9],15,15,16,0,15
1,<environment.Job instance at 0x154e1ed62f00>,10,3,[6 2],16,16,19,0,16
1,<environment.Job instance at 0x154e1ebcaf50>,18,1,[1 6],28,58,59,30,58
1,<environment.Job instance at 0x154e1e003cd0>,20,2,[6 2],31,58,60,27,58
1,<environment.Job instance at 0x154e1e014a00>,21,3,[2 7],32,59,62,27,58
1,<environment.Job instance at 0x154e12c1ffa0>,22,1,[10  1],36,62,63,26,58
1,<environment.Job instance at 0x154e10829960>,23,3,[10  1],37,63,66,26,58
1,<environment.Job instance at 0x154e10829b90>,24,2,[6 1],38,60,62,22,58
1,<environment.Job instance at 0x154e12c1f3c0>,25,3,[1 5],39,66,69,27,58
1,<environment.Job instance at 0x154e0ffcd870>,26,2,[10  2],40,69,71,29,58
1,<environment.Job instance at 0x154e0f6f44b0>,28,1,[1 8],42,71,72,29,58
1,<environment.Job instance at 0x154e1ec20320>,30,3,[2 7],44,72,75,28,61
1,<environment.Job instance at 0x154e1ec20500>,31,1,[7 1],45,66,67,21,61
1,<environment.Job instance at 0x154e0fd4ae60>,32,2,[7 2],46,67,69,21,61
1,<environment.Job instance at 0x154e0fd4af50>,33,13,[10  1],48,75,88,27,61
1,<environment.Job instance at 0x154e0f890050>,34,3,[2 6],49,88,91,39,62
1,<environment.Job instance at 0x154e0f8905a0>,35,2,[8 1],50,71,73,21,62
1,<environment.Job instance at 0x154e0f6f5c30>,36,1,[6 2],51,73,74,22,62
1,<environment.Job instance at 0x154e0f6f5fa0>,37,1,[9 1],52,91,92,39,63
1,<environment.Job instance at 0x154e0f6f5960>,38,1,[2 5],54,92,93,38,64
1,<environment.Job instance at 0x154e1029bfa0>,39,3,[10  2],57,93,96,36,67
1,<environment.Job instance at 0x154e1029b730>,40,1,[2 7],58,96,97,38,68
1,<environment.Job instance at 0x154e1003ebe0>,42,1,[7 2],61,74,75,13,71
1,<environment.Job instance at 0x154e1003e7d0>,43,3,[9 1],62,97,100,35,71
1,<environment.Job instance at 0x154e112a8af0>,45,1,[2 5],64,92,93,28,71
1,<environment.Job instance at 0x154e112a8410>,46,2,[1 5],66,97,99,31,71
1,<environment.Job instance at 0x154e112a8320>,47,3,[2 8],67,100,103,33,74
1,<environment.Job instance at 0x154e1e0185f0>,50,1,[8 2],70,89,90,19,89
1,<environment.Job instance at 0x154e12caf320>,51,2,[2 6],71,103,105,32,89
1,<environment.Job instance at 0x154e12c68eb0>,52,3,[1 9],72,105,108,33,89
1,<environment.Job instance at 0x154e0f6ac370>,53,2,[1 7],74,108,110,34,89
1,<environment.Job instance at 0x154e1ec8c500>,54,3,[2 9],75,110,113,35,89
1,<environment.Job instance at 0x154e13c811e0>,55,2,[6 1],76,100,102,24,89
1,<environment.Job instance at 0x154e12bb8b40>,56,1,[5 1],77,90,91,13,89
1,<environment.Job instance at 0x154e1ec617d0>,58,2,[7 1],80,102,104,22,89
1,<environment.Job instance at 0x154e0f9ebf00>,60,1,[ 1 10],85,113,114,28,92
1,<environment.Job instance at 0x154e0f4a11e0>,61,3,[1 9],86,114,117,28,92
1,<environment.Job instance at 0x154e12adc2d0>,62,2,[9 2],88,108,110,20,92
1,<environment.Job instance at 0x154e0fc02af0>,63,3,[2 7],89,117,120,28,92
1,<environment.Job instance at 0x154e4c693320>,66,3,[1 7],95,120,123,25,101
1,<environment.Job instance at 0x154e13b9a2d0>,67,14,[2 5],97,123,137,26,108
1,<environment.Job instance at 0x154e13b9a8c0>,68,13,[1 5],101,123,136,22,108
1,<environment.Job instance at 0x154e0ffb3370>,69,2,[6 1],103,110,112,7,108
1,<environment.Job instance at 0x154e0ffb3d70>,71,1,[10  2],105,137,138,32,109
1,<environment.Job instance at 0x154e1df0e5f0>,72,3,[2 9],106,138,141,32,112
1,<environment.Job instance at 0x154e1e0d2550>,14,2,[2 8],21,1782,1784,1761,1782
1,<environment.Job instance at 0x154e0fbc5960>,0,20,[9 1],1,1,21,0,1
1,<environment.Job instance at 0x154e0fbc5dc0>,1,3,[5 1],3,21,24,18,3
1,<environment.Job instance at 0x154e1e0d20f0>,5,3,[8 1],7,24,27,17,7
1,<environment.Job instance at 0x154e13b46a50>,7,3,[9 2],9,27,30,18,9
1,<environment.Job instance at 0x154e4cf545f0>,8,2,[1 6],16,16,18,0,16
1,<environment.Job instance at 0x154e127ac410>,13,3,[6 2],26,30,33,4,26
1,<environment.Job instance at 0x154e1edb9550>,15,2,[5 1],28,33,35,5,28
1,<environment.Job instance at 0x154e1c281460>,16,3,[9 1],29,35,38,6,29
1,<environment.Job instance at 0x154e1ec57be0>,19,3,[9 2],34,38,41,4,34
1,<environment.Job instance at 0x154e1ec570a0>,20,2,[2 5],35,41,43,6,36
1,<environment.Job instance at 0x154e1df3abe0>,22,3,[1 7],37,37,40,0,37
1,<environment.Job instance at 0x154e1ec40d20>,23,1,[1 8],38,40,41,2,38
1,<environment.Job instance at 0x154e13fc98c0>,24,20,[7 2],39,41,61,2,39
1,<environment.Job instance at 0x154e13beb370>,26,2,[2 6],41,43,45,2,41
1,<environment.Job instance at 0x154e13beb820>,27,3,[ 2 10],42,61,64,19,42
1,<environment.Job instance at 0x154e13fb5140>,29,1,[8 1],46,64,65,18,46
1,<environment.Job instance at 0x154e13fb5aa0>,30,3,[1 6],47,47,50,0,47
1,<environment.Job instance at 0x154e13fb52d0>,31,2,[1 6],48,50,52,2,48
1,<environment.Job instance at 0x154e13fb5f00>,32,1,[2 5],49,52,53,3,49
1,<environment.Job instance at 0x154e1dfafa00>,36,1,[5 2],53,65,66,12,53
1,<environment.Job instance at 0x154e140849b0>,42,1,[6 1],67,68,69,1,68
1,<environment.Job instance at 0x154e4c628320>,43,18,[10  2],69,69,87,0,69
1,<environment.Job instance at 0x154e13d8ab40>,46,1,[1 5],72,87,88,15,72
1,<environment.Job instance at 0x154e0fa94dc0>,48,3,[5 1],74,87,90,13,74
1,<environment.Job instance at 0x154e13d8ad20>,49,3,[1 7],75,88,91,13,75
1,<environment.Job instance at 0x154e0fd90320>,50,3,[10  2],77,91,94,14,77
1,<environment.Job instance at 0x154e0fedb870>,51,17,[9 2],79,94,111,15,82
1,<environment.Job instance at 0x154e10852d20>,52,2,[9 2],81,111,113,30,84
1,<environment.Job instance at 0x154e12b32aa0>,54,1,[8 1],86,90,91,4,86
1,<environment.Job instance at 0x154e1ec835a0>,56,1,[1 8],88,94,95,6,89
1,<environment.Job instance at 0x154e1000f6e0>,59,2,[7 2],91,113,115,22,94
1,<environment.Job instance at 0x154e0fdff370>,60,1,[ 2 10],92,115,116,23,94
1,<environment.Job instance at 0x154e0fdff2d0>,61,16,[1 7],93,96,112,3,96
1,<environment.Job instance at 0x154e1e0a33c0>,63,3,[10  1],97,116,119,19,111
1,<environment.Job instance at 0x154e1e0a3d70>,65,17,[8 1],99,119,136,20,111
1,<environment.Job instance at 0x154e1e0a3320>,66,2,[1 5],100,112,114,12,111
1,<environment.Job instance at 0x154e1e0a3d20>,68,2,[10  2],102,136,138,34,124
1,<environment.Job instance at 0x154e1e0a3eb0>,69,15,[9 1],104,138,153,34,124
1,<environment.Job instance at 0x154e14084fa0>,2,3,[1 7],3,3,6,0,3
1,<environment.Job instance at 0x154e12a1f8c0>,4,3,[7 2],5,5,8,0,5
1,<environment.Job instance at 0x154e12a1ff50>,5,2,[8 1],6,8,10,2,6
1,<environment.Job instance at 0x154e12a1fd70>,7,1,[10  1],8,10,11,2,8
1,<environment.Job instance at 0x154e14084460>,8,2,[8 2],10,11,13,1,10
1,<environment.Job instance at 0x154e12a1f5f0>,9,1,[1 6],11,11,12,0,11
1,<environment.Job instance at 0x154e12a1f1e0>,10,3,[6 1],12,13,16,1,12
1,<environment.Job instance at 0x154e1406b5f0>,11,16,[1 5],13,13,29,0,13
1,<environment.Job instance at 0x154e1406b320>,12,3,[2 5],14,16,19,2,14
1,<environment.Job instance at 0x154e1406bbe0>,13,3,[2 8],16,29,32,13,16
1,<environment.Job instance at 0x154e1406b3c0>,19,12,[6 1],23,73,85,50,73
1,<environment.Job instance at 0x154e1406b4b0>,20,13,[8 1],24,85,98,61,73
1,<environment.Job instance at 0x154e1406b9b0>,21,3,[2 8],25,73,76,48,73
1,<environment.Job instance at 0x154e1406b730>,22,2,[1 7],26,76,78,50,73
1,<environment.Job instance at 0x154e0f90a960>,25,1,[2 7],30,78,79,48,73
1,<environment.Job instance at 0x154e0f90a410>,26,3,[8 2],31,98,101,67,73
1,<environment.Job instance at 0x154e0f90afa0>,27,3,[ 2 10],32,101,104,69,75
1,<environment.Job instance at 0x154e0f90a190>,28,2,[9 1],34,104,106,70,77
1,<environment.Job instance at 0x154e0f90a870>,30,3,[1 8],37,79,82,42,77
1,<environment.Job instance at 0x154e0f90a5f0>,33,15,[10  1],43,106,121,63,92
1,<environment.Job instance at 0x154e0f90a230>,34,3,[1 8],45,92,95,47,92
1,<environment.Job instance at 0x154e0f90a500>,37,3,[10  1],48,121,124,73,100
1,<environment.Job instance at 0x154e0f90acd0>,38,3,[1 8],49,124,127,75,100
1,<environment.Job instance at 0x154e0f90ae10>,39,2,[2 9],50,127,129,77,100
1,<environment.Job instance at 0x154e0f90a0a0>,40,2,[8 2],51,124,126,73,100
1,<environment.Job instance at 0x154e0f90a0f0>,41,2,[8 1],52,126,128,74,100
1,<environment.Job instance at 0x154e0f90a8c0>,44,3,[ 2 10],57,129,132,72,106
1,<environment.Job instance at 0x154e0f90a730>,46,13,[1 7],60,368,381,308,368
1,<environment.Job instance at 0x154e0f50da00>,48,3,[2 5],63,381,384,318,368
1,<environment.Job instance at 0x154e0f50d960>,49,13,[1 5],64,381,394,317,368
1,<environment.Job instance at 0x154e0f50d8c0>,50,15,[5 1],66,384,399,318,370
1,<environment.Job instance at 0x154e0f50d1e0>,52,1,[6 1],68,374,375,306,374
1,<environment.Job instance at 0x154e0f50d370>,53,18,[8 2],69,399,417,330,388
1,<environment.Job instance at 0x154e0f50d910>,55,3,[2 6],71,394,397,323,388
1,<environment.Job instance at 0x154e0f50d410>,56,3,[2 6],72,397,400,325,388
1,<environment.Job instance at 0x154e0f50dfa0>,57,1,[5 2],73,417,418,344,389
1,<environment.Job instance at 0x154e12a20b90>,58,3,[7 1],74,418,421,344,392
1,<environment.Job instance at 0x154e12a202d0>,59,2,[2 6],75,400,402,325,392
1,<environment.Job instance at 0x154e12a20910>,60,3,[2 7],77,402,405,325,392
1,<environment.Job instance at 0x154e12a20370>,61,18,[1 6],78,405,423,327,394
1,<environment.Job instance at 0x154e12a20f50>,62,3,[1 5],80,423,426,343,397
1,<environment.Job instance at 0x154e1ed4c320>,0,3,[10  1],1,1,4,0,1
1,<environment.Job instance at 0x154e1ed4c780>,2,2,[10  1],4,4,6,0,4
1,<environment.Job instance at 0x154e128050a0>,8,3,[2 7],15,15,18,0,15
1,<environment.Job instance at 0x154e12805dc0>,9,3,[10  2],18,18,21,0,18
1,<environment.Job instance at 0x154e12b47370>,11,3,[8 2],21,21,24,0,21
1,<environment.Job instance at 0x154e12805690>,12,2,[2 5],24,24,26,0,24
1,<environment.Job instance at 0x154e13c1c500>,18,3,[1 7],33,35,38,2,35
1,<environment.Job instance at 0x154e0fb12500>,19,1,[8 2],34,35,36,1,35
1,<environment.Job instance at 0x154e0fc7b190>,21,2,[10  1],36,38,40,2,36
1,<environment.Job instance at 0x154e1df0fe10>,22,16,[10  2],37,40,56,3,37
1,<environment.Job instance at 0x154e0f51f0f0>,26,3,[2 9],42,56,59,14,42
1,<environment.Job instance at 0x154e0fccd8c0>,27,1,[9 2],43,59,60,16,43
1,<environment.Job instance at 0x154e0fccda50>,28,1,[7 2],45,60,61,15,45
1,<environment.Job instance at 0x154e0fccd5f0>,30,3,[10  2],48,61,64,13,48
1,<environment.Job instance at 0x154e0fccde10>,31,1,[10  2],49,64,65,15,49
1,<environment.Job instance at 0x154e0fccdb90>,33,2,[10  1],51,65,67,14,51
1,<environment.Job instance at 0x154e0fccd280>,2,1,[8 1],3,4,5,1,4
1,<environment.Job instance at 0x154e64389e10>,4,2,[1 9],7,7,9,0,7
1,<environment.Job instance at 0x154e0fd0c4b0>,6,12,[5 1],9,9,21,0,9
1,<environment.Job instance at 0x154e0fd0cdc0>,7,16,[1 7],11,11,27,0,11
1,<environment.Job instance at 0x154e1df7b280>,8,3,[2 6],12,27,30,15,12
1,<environment.Job instance at 0x154e0fd0cd70>,10,3,[2 8],16,30,33,14,16
1,<environment.Job instance at 0x154e0fd0cc80>,11,2,[9 1],18,21,23,3,18
1,<environment.Job instance at 0x154e0fd33d70>,12,12,[5 2],19,23,35,4,19
1,<environment.Job instance at 0x154e0fccd5a0>,3,3,[1 6],4,33,36,29,19
1,<environment.Job instance at 0x154e4d397780>,16,3,[2 8],23,36,39,13,23
1,<environment.Job instance at 0x154e0fd337d0>,17,3,[2 9],24,39,42,15,24
1,<environment.Job instance at 0x154e4c8d2370>,20,1,[7 2],28,35,36,7,28
1,<environment.Job instance at 0x154e1c02df50>,23,2,[2 5],31,42,44,11,31
1,<environment.Job instance at 0x154e1ecbf8c0>,32,3,[10  1],43,48,51,5,48
1,<environment.Job instance at 0x154e1ecbfc80>,35,13,[2 5],47,51,64,4,48
1,<environment.Job instance at 0x154e106cd9b0>,37,16,[6 1],50,51,67,1,50
1,<environment.Job instance at 0x154e106cd870>,39,3,[9 1],54,67,70,13,54
1,<environment.Job instance at 0x154e106ebb90>,41,3,[1 5],57,64,67,7,57
1,<environment.Job instance at 0x154e0f9d4e10>,42,1,[10  1],59,70,71,11,59
1,<environment.Job instance at 0x154e106eb910>,43,3,[8 1],60,71,74,11,60
1,<environment.Job instance at 0x154e0fd03960>,46,3,[1 7],63,67,70,4,63
1,<environment.Job instance at 0x154e1eca2910>,57,18,[10  1],75,75,93,0,75
1,<environment.Job instance at 0x154e1eca2e10>,59,15,[2 7],77,93,108,16,79
1,<environment.Job instance at 0x154e1ecc4190>,67,14,[9 2],89,108,122,19,93
1,<environment.Job instance at 0x154e1ecc4640>,69,3,[1 5],91,108,111,17,93
1,<environment.Job instance at 0x154e1ecc4410>,70,1,[1 5],93,111,112,18,93
1,<environment.Job instance at 0x154e1ecc43c0>,71,16,[8 1],94,122,138,28,109
1,<environment.Job instance at 0x154e1ecc4b40>,74,3,[1 7],98,117,120,19,117
1,<environment.Job instance at 0x154e1ecc4690>,75,3,[7 1],99,138,141,39,117
1,<environment.Job instance at 0x154e1ecc4c30>,76,2,[2 7],100,122,124,22,117
1,<environment.Job instance at 0x154e1ecc4e60>,79,18,[5 2],103,141,159,38,132
1,<environment.Job instance at 0x154e1ecc4f00>,80,2,[1 8],105,132,134,27,132
1,<environment.Job instance at 0x154e1ecc4f50>,82,3,[2 6],108,134,137,26,133
1,<environment.Job instance at 0x154e1ecc4550>,83,14,[10  1],109,159,173,50,144
1,<environment.Job instance at 0x154e1ecbad20>,0,3,[5 1],1,1,4,0,1
1,<environment.Job instance at 0x154e1ecbacd0>,1,2,[8 1],3,4,6,1,3
1,<environment.Job instance at 0x154e1ecbf1e0>,2,3,[9 1],4,6,9,2,4
1,<environment.Job instance at 0x154e0f503410>,5,2,[2 7],9,9,11,0,9
1,<environment.Job instance at 0x154e0fe760a0>,20,14,[9 2],29,29,43,0,29
1,<environment.Job instance at 0x154e13c93690>,21,16,[8 2],31,43,59,12,31
1,<environment.Job instance at 0x154e13cf8410>,24,13,[8 1],35,59,72,24,43
1,<environment.Job instance at 0x154e1ed39c80>,26,2,[2 8],37,43,45,6,43
1,<environment.Job instance at 0x154e0face410>,28,3,[9 2],40,72,75,32,47
1,<environment.Job instance at 0x154e0faceaa0>,29,1,[ 2 10],41,75,76,34,47
1,<environment.Job instance at 0x154e0face5f0>,30,2,[6 2],42,76,78,34,49
1,<environment.Job instance at 0x154e0faceeb0>,31,1,[1 5],44,49,50,5,49
1,<environment.Job instance at 0x154e12960460>,32,2,[5 2],45,78,80,33,51
1,<environment.Job instance at 0x154e12960be0>,36,3,[10  2],49,80,83,31,54
1,<environment.Job instance at 0x154e12960a50>,37,18,[2 5],50,54,72,4,54
1,<environment.Job instance at 0x154e12960af0>,38,3,[2 7],51,76,79,25,54
1,<environment.Job instance at 0x154e4c637f50>,40,2,[1 6],53,83,85,30,76
1,<environment.Job instance at 0x154e12b95050>,41,16,[1 9],54,85,101,31,76
1,<environment.Job instance at 0x154e12b95e10>,43,13,[8 1],56,83,96,27,82
1,<environment.Job instance at 0x154e12b95a00>,44,1,[6 1],57,96,97,39,82
1,<environment.Job instance at 0x154e12b95b40>,45,2,[ 1 10],58,101,103,43,82
1,<environment.Job instance at 0x154e13b74500>,46,1,[5 1],59,97,98,38,82
1,<environment.Job instance at 0x154e13b74c80>,47,3,[5 2],60,103,106,43,82
1,<environment.Job instance at 0x154e0fbc51e0>,49,3,[5 2],65,103,106,38,85
1,<environment.Job instance at 0x154e0fbc5460>,50,15,[10  2],66,106,121,40,92
1,<environment.Job instance at 0x154e0fcdb460>,51,2,[8 2],67,121,123,54,94
1,<environment.Job instance at 0x154e0f6afc30>,61,2,[8 1],81,123,125,42,103
1,<environment.Job instance at 0x154e1c25b2d0>,65,1,[9 1],88,125,126,37,103
1,<environment.Job instance at 0x154e1ec53050>,66,2,[9 1],89,126,128,37,103
1,<environment.Job instance at 0x154e1ec53690>,68,2,[2 9],92,123,125,31,103
1,<environment.Job instance at 0x154e1ec53af0>,70,3,[7 1],94,128,131,34,116
1,<environment.Job instance at 0x154e1ec53f00>,71,2,[ 1 10],95,131,133,36,116
1,<environment.Job instance at 0x154e1ec53b40>,73,2,[1 8],98,121,123,23,116
1,<environment.Job instance at 0x154e1e106320>,76,3,[2 8],101,146,149,45,146
1,<environment.Job instance at 0x154e1e106be0>,77,12,[7 2],102,146,158,44,146
1,<environment.Job instance at 0x154e1e106b90>,78,1,[2 5],104,149,150,45,146
1,<environment.Job instance at 0x154e1e106140>,79,17,[ 1 10],106,158,175,52,146
1,<environment.Job instance at 0x154e1e1065f0>,80,3,[1 6],109,150,153,41,146
1,<environment.Job instance at 0x154e1084dc80>,0,3,[2 5],1,1,4,0,1
1,<environment.Job instance at 0x154e1084d4b0>,2,12,[9 1],3,4,16,1,3
1,<environment.Job instance at 0x154e0f5030a0>,3,3,[7 2],5,16,19,11,5
1,<environment.Job instance at 0x154e1084d410>,4,3,[1 6],7,7,10,0,7
1,<environment.Job instance at 0x154e12a62d70>,6,2,[8 1],13,19,21,6,13
1,<environment.Job instance at 0x154e12a62f50>,7,3,[9 2],14,21,24,7,14
1,<environment.Job instance at 0x154e12a62320>,9,2,[10  1],17,24,26,7,17
1,<environment.Job instance at 0x154e12a62af0>,11,3,[5 1],20,26,29,6,20
1,<environment.Job instance at 0x154e14f6edc0>,13,2,[7 2],24,29,31,5,24
1,<environment.Job instance at 0x154e14048fa0>,15,14,[10  2],26,31,45,5,26
1,<environment.Job instance at 0x154e12827f00>,16,3,[2 6],27,27,30,0,27
1,<environment.Job instance at 0x154e0fd8e640>,19,14,[9 2],33,45,59,12,33
1,<environment.Job instance at 0x154e0fe585a0>,20,3,[1 9],36,59,62,23,36
1,<environment.Job instance at 0x154e1410ccd0>,22,1,[9 1],38,59,60,21,38
1,<environment.Job instance at 0x154e0fe78a50>,24,14,[10  1],41,62,76,21,47
1,<environment.Job instance at 0x154e12b54c80>,39,3,[1 9],64,76,79,12,64
1,<environment.Job instance at 0x154e12b545a0>,40,3,[2 7],66,79,82,13,66
1,<environment.Job instance at 0x154e12877820>,41,3,[2 9],67,82,85,15,67
1,<environment.Job instance at 0x154e0fd6b730>,47,3,[ 1 10],75,85,88,10,75
1,<environment.Job instance at 0x154e14f7e690>,52,3,[6 2],80,88,91,8,80
1,<environment.Job instance at 0x154e12be3190>,55,17,[9 1],84,91,108,7,84
1,<environment.Job instance at 0x154e0f812050>,60,13,[8 1],94,108,121,14,96
1,<environment.Job instance at 0x154e1e03f460>,61,2,[10  1],95,121,123,26,96
1,<environment.Job instance at 0x154e1c276f00>,66,1,[5 1],103,123,124,20,103
1,<environment.Job instance at 0x154e112b3320>,68,3,[ 2 10],106,124,127,18,106
1,<environment.Job instance at 0x154e112b3460>,69,2,[7 1],108,127,129,19,108
1,<environment.Job instance at 0x154e14f67910>,2,3,[1 9],4,4,7,0,4
1,<environment.Job instance at 0x154e0f4cf280>,6,13,[7 2],11,13,26,2,13
1,<environment.Job instance at 0x154e0f559dc0>,9,1,[8 2],15,26,27,11,15
1,<environment.Job instance at 0x154e13bf0730>,10,2,[10  2],16,27,29,11,16
1,<environment.Job instance at 0x154e4d393aa0>,14,18,[10  2],22,29,47,7,28
1,<environment.Job instance at 0x154e4d393410>,15,3,[1 5],23,47,50,24,28
1,<environment.Job instance at 0x154e0faf0410>,20,1,[10  2],29,50,51,21,29
1,<environment.Job instance at 0x154e13bf0910>,7,1,[1 6],12,51,52,39,31
1,<environment.Job instance at 0x154e0f5e7870>,21,2,[5 2],32,47,49,15,32
1,<environment.Job instance at 0x154e1e07e280>,22,2,[10  1],33,52,54,19,33
1,<environment.Job instance at 0x154e0ff71910>,24,1,[7 2],36,49,50,13,36
1,<environment.Job instance at 0x154e0fd1a460>,25,15,[7 1],37,54,69,17,40
1,<environment.Job instance at 0x154e13b2f640>,29,14,[7 1],49,69,83,20,54
1,<environment.Job instance at 0x154e13da59b0>,30,3,[6 2],50,83,86,33,57
1,<environment.Job instance at 0x154e0f9223c0>,32,2,[8 1],56,86,88,30,65
1,<environment.Job instance at 0x154e128f66e0>,33,3,[8 2],58,88,91,30,65
1,<environment.Job instance at 0x154e128f61e0>,34,14,[10  2],59,91,105,32,76
1,<environment.Job instance at 0x154e128f6dc0>,37,3,[1 6],62,82,85,20,82
1,<environment.Job instance at 0x154e128f6230>,38,1,[8 1],63,105,106,42,82
1,<environment.Job instance at 0x154e128f6f50>,39,1,[6 1],64,106,107,42,82
1,<environment.Job instance at 0x154e128f6960>,40,1,[1 9],68,86,87,18,82
1,<environment.Job instance at 0x154e0fe30960>,41,3,[10  2],72,107,110,35,82
1,<environment.Job instance at 0x154e0fe30780>,43,1,[2 8],74,85,86,11,82
1,<environment.Job instance at 0x154e0fe30d20>,44,2,[9 1],77,110,112,33,83
1,<environment.Job instance at 0x154e1c289960>,46,13,[7 2],81,112,125,31,100
1,<environment.Job instance at 0x154e1ed8f500>,47,2,[6 2],82,125,127,43,100
1,<environment.Job instance at 0x154e13c100f0>,48,3,[5 2],87,127,130,40,101
1,<environment.Job instance at 0x154e13ff3fa0>,49,3,[ 2 10],88,130,133,42,104
1,<environment.Job instance at 0x154e13ff3f00>,50,3,[1 5],90,110,113,20,104
1,<environment.Job instance at 0x154e13ff3320>,51,1,[9 1],91,133,134,42,105
1,<environment.Job instance at 0x154e13ff3820>,53,2,[2 5],94,105,107,11,105
1,<environment.Job instance at 0x154e13ff3d20>,56,2,[10  1],97,1057,1059,960,1057
1,<environment.Job instance at 0x154e13ff3500>,57,2,[8 1],98,1059,1061,961,1057
1,<environment.Job instance at 0x154e13ff32d0>,58,3,[2 9],100,1059,1062,959,1057
1,<environment.Job instance at 0x154e13ff3a50>,59,1,[1 9],101,1062,1063,961,1057
1,<environment.Job instance at 0x154e1087bd20>,60,18,[8 2],102,1063,1081,961,1057
1,<environment.Job instance at 0x154e1087baf0>,61,2,[5 1],103,1061,1063,958,1057
1,<environment.Job instance at 0x154e1087bc30>,62,3,[2 5],104,1063,1066,959,1057
1,<environment.Job instance at 0x154e1087b5a0>,63,1,[6 1],105,1081,1082,976,1057
1,<environment.Job instance at 0x154e1087bf00>,64,1,[5 2],107,1082,1083,975,1057
1,<environment.Job instance at 0x154e1087b7d0>,65,1,[6 1],108,1083,1084,975,1057
1,<environment.Job instance at 0x14f804648a00>,1,3,[1 9],2,2,5,0,2
1,<environment.Job instance at 0x14f7addfe820>,6,18,[8 1],7,7,25,0,7
1,<environment.Job instance at 0x14f8046485f0>,5,3,[9 2],6,25,28,19,10
1,<environment.Job instance at 0x14f7addfe550>,9,2,[6 1],11,28,30,17,11
1,<environment.Job instance at 0x14f7addfe500>,11,3,[1 8],13,13,16,0,13
1,<environment.Job instance at 0x14f7addfe0f0>,12,3,[1 8],14,16,19,2,14
1,<environment.Job instance at 0x14f7ae63c870>,13,2,[8 1],17,30,32,13,17
1,<environment.Job instance at 0x14f7ae56e9b0>,18,2,[10  1],25,32,34,7,25
1,<environment.Job instance at 0x14f7ae4cec80>,19,3,[6 2],26,34,37,8,26
1,<environment.Job instance at 0x14f7ae55e6e0>,21,3,[6 1],29,37,40,8,29
1,<environment.Job instance at 0x14f7ae5c5e10>,22,1,[2 7],30,31,32,1,31
1,<environment.Job instance at 0x14f7ae60f460>,26,1,[2 7],35,35,36,0,35
1,<environment.Job instance at 0x14f7ae574820>,27,2,[2 7],36,36,38,0,36
1,<environment.Job instance at 0x14f7ae574500>,28,2,[2 7],37,38,40,1,37
1,<environment.Job instance at 0x14f7ae50b550>,29,16,[10  2],39,40,56,1,39
1,<environment.Job instance at 0x14f7ae51b910>,31,3,[9 2],41,56,59,15,41
1,<environment.Job instance at 0x14f7ae5584b0>,23,2,[8 1],31,59,61,28,41
1,<environment.Job instance at 0x14f7ae51b3c0>,32,3,[2 9],42,59,62,17,42
1,<environment.Job instance at 0x14f7ae51b8c0>,33,1,[2 7],43,62,63,19,43
1,<environment.Job instance at 0x14f7ae51b230>,39,3,[1 5],52,1325,1328,1273,1325
1,<environment.Job instance at 0x14f7ae526190>,40,3,[1 6],53,1328,1331,1275,1325
1,<environment.Job instance at 0x14f7ae526320>,42,1,[10  1],56,1338,1339,1282,1338
1,<environment.Job instance at 0x14f7ae526640>,43,3,[7 2],57,1339,1342,1282,1338
1,<environment.Job instance at 0x14f7ae526960>,44,3,[1 8],58,1339,1342,1281,1338
1,<environment.Job instance at 0x14f7ae526aa0>,45,3,[2 8],60,1342,1345,1282,1338
1,<environment.Job instance at 0x14f7ae5234b0>,46,2,[2 8],61,1345,1347,1284,1338
1,<environment.Job instance at 0x14f7ae526730>,47,1,[1 6],63,1347,1348,1284,1338
1,<environment.Job instance at 0x14f7ae5239b0>,48,1,[2 9],65,1348,1349,1283,1338
1,<environment.Job instance at 0x14f7ae523550>,49,16,[8 2],66,1349,1365,1283,1338
1,<environment.Job instance at 0x14f7ae5231e0>,50,12,[9 1],68,1365,1377,1297,1348
1,<environment.Job instance at 0x14f7ae523410>,51,2,[8 2],69,1377,1379,1308,1350
1,<environment.Job instance at 0x14f7ae523d70>,52,2,[1 7],72,1350,1352,1278,1350
1,<environment.Job instance at 0x14f7ae5235a0>,53,3,[6 1],73,1379,1382,1306,1353
1,<environment.Job instance at 0x14f7ae523960>,54,2,[2 5],75,1353,1355,1278,1353
1,<environment.Job instance at 0x14f7ae581910>,56,1,[10  2],79,1382,1383,1303,1360
1,<environment.Job instance at 0x14f7ae509aa0>,59,1,[1 9],85,1365,1366,1280,1362
1,<environment.Job instance at 0x14f7ae5818c0>,60,17,[8 1],86,1383,1400,1297,1371
1,<environment.Job instance at 0x14f7ae537f00>,61,3,[1 5],87,1371,1374,1284,1371
1,<environment.Job instance at 0x14f7ae5810a0>,62,3,[9 2],88,1400,1403,1312,1374
1,<environment.Job instance at 0x14f7ae05ceb0>,63,3,[10  1],89,1403,1406,1314,1377
1,<environment.Job instance at 0x14f7ae52f7d0>,64,12,[9 1],91,1406,1418,1315,1389
1,<environment.Job instance at 0x14f7ae52f780>,65,3,[2 9],92,1389,1392,1297,1389
1,<environment.Job instance at 0x14f7ae52f410>,66,3,[1 9],93,1392,1395,1299,1389
1,<environment.Job instance at 0x14f7ae521960>,68,3,[1 9],95,1395,1398,1300,1390
1,<environment.Job instance at 0x14f7ae531870>,71,3,[2 9],99,1418,1421,1319,1392
1,<environment.Job instance at 0x14f7ae05fd20>,74,3,[6 2],106,1421,1424,1315,1395
1,<environment.Job instance at 0x14f7ae067aa0>,78,3,[2 9],110,1424,1427,1314,1398
1,<environment.Job instance at 0x14f7ae067d20>,79,3,[7 2],111,1427,1430,1316,1401
1,<environment.Job instance at 0x14f7ae067be0>,81,3,[ 2 10],114,1430,1433,1316,1404
1,<environment.Job instance at 0x14f7ae0726e0>,83,1,[10  1],117,1433,1434,1316,1405
1,<environment.Job instance at 0x14f7ae074820>,84,2,[ 1 10],118,1434,1436,1316,1407
1,<environment.Job instance at 0x14f7ae51b320>,35,2,[1 8],45,1427,1429,1382,1425
1,<environment.Job instance at 0x14f7ade1ceb0>,2,1,[1 5],3,3,4,0,3
1,<environment.Job instance at 0x14f7b05fb460>,13,16,[8 1],17,17,33,0,17
1,<environment.Job instance at 0x14f7b05fab90>,14,17,[1 9],19,19,36,0,19
1,<environment.Job instance at 0x14f7b05fa280>,15,13,[2 9],20,36,49,16,21
1,<environment.Job instance at 0x14f7b06094b0>,19,1,[8 2],24,49,50,25,24
1,<environment.Job instance at 0x14f7b06090a0>,20,15,[5 1],25,33,48,8,25
1,<environment.Job instance at 0x14f7b069de60>,25,3,[2 5],33,62,65,29,62
1,<environment.Job instance at 0x14f7b069df00>,27,3,[5 2],36,62,65,26,62
1,<environment.Job instance at 0x14f7b069d5f0>,28,15,[9 2],37,65,80,28,62
1,<environment.Job instance at 0x14f7b069d500>,30,1,[1 6],39,65,66,26,62
1,<environment.Job instance at 0x14f7b06ae140>,31,1,[1 7],40,66,67,26,62
1,<environment.Job instance at 0x14f7b06ae640>,32,3,[9 1],43,80,83,37,62
1,<environment.Job instance at 0x14f7b06ae820>,36,3,[7 2],48,83,86,35,79
1,<environment.Job instance at 0x14f7b06aea50>,38,3,[1 7],51,79,82,28,79
1,<environment.Job instance at 0x14f7b06ae550>,40,27,[1 8],53,101,128,48,101
1,<environment.Job instance at 0x14f7b06ae460>,41,3,[1 9],54,128,131,74,102
1,<environment.Job instance at 0x14f7b06aef00>,43,12,[6 1],56,102,114,46,102
1,<environment.Job instance at 0x14f7b06b3370>,45,3,[5 1],63,114,117,51,102
1,<environment.Job instance at 0x14f7b06b7370>,46,15,[1 7],65,131,146,66,117
1,<environment.Job instance at 0x14f7b06b7820>,47,3,[ 2 10],66,146,149,80,120
1,<environment.Job instance at 0x14f7b06b7730>,56,2,[9 1],79,125,127,46,125
1,<environment.Job instance at 0x14f7b06b7a00>,57,3,[5 2],80,131,134,51,125
1,<environment.Job instance at 0x14f7b0623370>,62,15,[1 7],85,149,164,64,136
1,<environment.Job instance at 0x14f7b0623b40>,63,3,[ 2 10],87,164,167,77,138
1,<environment.Job instance at 0x14f7b0623c80>,64,14,[10  1],89,167,181,78,152
1,<environment.Job instance at 0x14f7b0623a50>,66,2,[8 2],91,152,154,61,152
1,<environment.Job instance at 0x14f7b0623eb0>,67,3,[8 1],92,154,157,62,152
1,<environment.Job instance at 0x14f7b05f45a0>,69,3,[6 1],94,157,160,63,152
1,<environment.Job instance at 0x14f7b07d8eb0>,71,3,[ 2 10],97,181,184,84,155
1,<environment.Job instance at 0x14f7b0971460>,76,1,[2 6],103,184,185,81,166
1,<environment.Job instance at 0x14f7b0971870>,77,16,[9 1],106,185,201,79,172
1,<environment.Job instance at 0x14f7b1b4b780>,0,2,[10  2],1,1,3,0,1
1,<environment.Job instance at 0x14f7b1b4bcd0>,1,3,[2 8],5,5,8,0,5
1,<environment.Job instance at 0x14f7b1a2ddc0>,5,1,[2 8],12,12,13,0,12
1,<environment.Job instance at 0x14f7b1a2d550>,6,18,[10  1],16,16,34,0,16
1,<environment.Job instance at 0x14f7b1a2d3c0>,7,2,[7 2],17,34,36,17,17
1,<environment.Job instance at 0x14f7b1a2dbe0>,8,2,[2 5],18,34,36,16,18
1,<environment.Job instance at 0x14f7b1b580f0>,10,3,[8 1],22,36,39,14,22
1,<environment.Job instance at 0x14f7b1b585f0>,11,1,[7 2],23,39,40,16,23
1,<environment.Job instance at 0x14f7b1b58460>,12,2,[5 2],24,40,42,16,24
1,<environment.Job instance at 0x14f7b1b58820>,16,16,[1 7],29,36,52,7,29
1,<environment.Job instance at 0x14f7b19daaf0>,21,3,[ 2 10],35,52,55,17,41
1,<environment.Job instance at 0x14f7b19da960>,23,3,[1 5],39,55,58,16,42
1,<environment.Job instance at 0x14f7b1a09b90>,26,1,[7 1],42,50,51,8,50
1,<environment.Job instance at 0x14f7b1a091e0>,27,18,[5 2],43,55,73,12,50
1,<environment.Job instance at 0x14f7b1a09410>,28,2,[8 2],45,73,75,28,50
1,<environment.Job instance at 0x14f7b1a090a0>,29,3,[1 7],46,58,61,12,50
1,<environment.Job instance at 0x14f7b1a095f0>,31,1,[5 2],48,61,62,13,56
1,<environment.Job instance at 0x14f7b1b212d0>,33,3,[1 7],50,62,65,12,56
1,<environment.Job instance at 0x14f7b0561730>,34,2,[5 2],52,65,67,13,56
1,<environment.Job instance at 0x14f7b0561910>,35,2,[1 7],54,67,69,13,56
1,<environment.Job instance at 0x14f7b0589870>,36,2,[5 2],55,69,71,14,56
1,<environment.Job instance at 0x14f7b19c8410>,37,1,[1 6],57,71,72,14,57
1,<environment.Job instance at 0x14f7b0589640>,38,12,[7 1],58,75,87,17,58
1,<environment.Job instance at 0x14f7b1a572d0>,39,2,[10  1],59,87,89,28,60
1,<environment.Job instance at 0x14f7b1a578c0>,40,3,[2 7],60,72,75,12,60
1,<environment.Job instance at 0x14f7b081a050>,42,1,[2 5],64,75,76,11,68
1,<environment.Job instance at 0x14f7b081a0f0>,43,3,[1 8],65,76,79,11,68
1,<environment.Job instance at 0x14f7b081a6e0>,44,12,[7 2],67,89,101,22,72
1,<environment.Job instance at 0x14f7b081ad20>,45,2,[7 2],69,101,103,32,74
1,<environment.Job instance at 0x14f7b081a870>,46,3,[ 2 10],71,103,106,32,77
1,<environment.Job instance at 0x14f7b081af00>,47,14,[8 2],72,106,120,34,91
1,<environment.Job instance at 0x14f7b08b3320>,52,3,[7 2],78,120,123,42,94
1,<environment.Job instance at 0x14f7b08b3140>,54,13,[5 2],81,123,136,42,107
1,<environment.Job instance at 0x14f7b08b30f0>,55,3,[1 9],82,136,139,54,110
1,<environment.Job instance at 0x14f7b06a80f0>,56,1,[6 1],83,136,137,53,110
1,<environment.Job instance at 0x14f7b06a8d20>,57,3,[5 1],84,123,126,39,110
1,<environment.Job instance at 0x14f7b06a8960>,58,3,[1 7],89,110,113,21,110
1,<environment.Job instance at 0x14f7b078a7d0>,61,2,[10  1],93,139,141,46,116
1,<environment.Job instance at 0x14f7b078ad20>,62,3,[1 9],94,141,144,47,116
1,<environment.Job instance at 0x14f7b078a230>,63,3,[1 8],98,116,119,18,116
1,<environment.Job instance at 0x14f7b08b0b90>,64,2,[2 7],101,119,121,18,116
1,<environment.Job instance at 0x14f7b08b0730>,65,2,[9 2],102,144,146,42,117
1,<environment.Job instance at 0x14f7b08b0d20>,66,3,[5 2],103,126,129,23,117
1,<environment.Job instance at 0x14f7b08b0640>,68,1,[ 2 10],105,146,147,41,124
1,<environment.Job instance at 0x14f7b08f2be0>,70,1,[1 8],108,135,136,27,135
1,<environment.Job instance at 0x14f7b08f2910>,71,13,[1 7],110,147,160,37,135
1,<environment.Job instance at 0x14f7b08f2230>,73,3,[5 2],114,147,150,33,136
1,<environment.Job instance at 0x14f7b08e5140>,74,2,[ 2 10],115,160,162,45,136
1,<environment.Job instance at 0x14f7b08f25f0>,75,15,[8 2],116,162,177,46,148
1,<environment.Job instance at 0x14f7ae60d870>,1,3,[2 7],3,3,6,0,3
1,<environment.Job instance at 0x14f7c87503c0>,0,2,[1 7],1,1,3,0,1
1,<environment.Job instance at 0x14f7addfe690>,3,3,[1 6],4,4,7,0,4
1,<environment.Job instance at 0x14f7addcc780>,4,16,[1 5],5,7,23,2,5
1,<environment.Job instance at 0x14f7addcc7d0>,7,15,[7 2],8,8,23,0,8
1,<environment.Job instance at 0x14f7addcc0f0>,9,3,[6 1],10,23,26,13,10
1,<environment.Job instance at 0x14f7ae50a820>,11,3,[2 8],12,23,26,11,12
1,<environment.Job instance at 0x14f7ae50ac80>,13,3,[5 2],16,26,29,10,16
1,<environment.Job instance at 0x14f7cacf2640>,19,2,[10  1],24,29,31,5,24
1,<environment.Job instance at 0x14f7cacf28c0>,20,2,[2 7],26,26,28,0,26
1,<environment.Job instance at 0x14f7c899c8c0>,21,1,[5 2],27,28,29,1,27
1,<environment.Job instance at 0x14f7ae5c26e0>,22,1,[2 5],28,31,32,3,28
1,<environment.Job instance at 0x14f7b07d71e0>,23,2,[ 1 10],30,32,34,2,30
1,<environment.Job instance at 0x14f7cb163960>,24,3,[2 5],31,34,37,3,31
1,<environment.Job instance at 0x14f7cb1634b0>,25,12,[6 1],32,34,46,2,32
1,<environment.Job instance at 0x14f7b0802820>,26,2,[5 2],33,46,48,13,33
1,<environment.Job instance at 0x14f7b0802d20>,27,1,[7 1],36,48,49,12,36
1,<environment.Job instance at 0x14f7b08024b0>,28,2,[7 1],37,49,51,12,37
1,<environment.Job instance at 0x14f7b0802f00>,29,1,[7 2],38,51,52,13,38
1,<environment.Job instance at 0x14f7b0802140>,30,3,[10  2],39,52,55,13,39
1,<environment.Job instance at 0x14f7b0943320>,31,2,[5 2],40,46,48,6,40
1,<environment.Job instance at 0x14f7b0943f00>,32,15,[1 8],42,55,70,13,42
1,<environment.Job instance at 0x14f7b09439b0>,33,3,[1 7],43,43,46,0,43
1,<environment.Job instance at 0x14f7b1b1a780>,39,1,[1 7],51,76,77,25,76
1,<environment.Job instance at 0x14f7b1b1a280>,40,3,[2 7],52,77,80,25,76
1,<environment.Job instance at 0x14f7b1b1ad20>,42,1,[1 9],55,80,81,25,76
1,<environment.Job instance at 0x14f7ae05ae60>,43,1,[2 5],56,81,82,25,76
1,<environment.Job instance at 0x14f7ae05ae10>,44,15,[7 1],57,76,91,19,76
1,<environment.Job instance at 0x14f804554190>,45,1,[2 6],58,82,83,24,76
1,<environment.Job instance at 0x14f7ae05a6e0>,46,1,[2 8],60,83,84,23,76
1,<environment.Job instance at 0x14f7addc3fa0>,47,1,[2 6],61,84,85,23,76
1,<environment.Job instance at 0x14f7ad7d2550>,48,3,[1 7],63,85,88,22,76
1,<environment.Job instance at 0x14f7addc3320>,49,17,[2 7],64,88,105,24,76
1,<environment.Job instance at 0x14f7b194caf0>,52,3,[5 1],67,91,94,24,86
1,<environment.Job instance at 0x14f7ade32d20>,55,12,[9 2],70,105,117,35,88
1,<environment.Job instance at 0x14f7ade32a50>,57,3,[9 2],72,117,120,45,91
1,<environment.Job instance at 0x14f7adb073c0>,59,16,[10  2],74,120,136,46,107
1,<environment.Job instance at 0x14f7b099ca00>,63,2,[7 2],80,136,138,56,111
1,<environment.Job instance at 0x14f7b099c5a0>,65,2,[1 8],82,136,138,54,121
1,<environment.Job instance at 0x14f7b099c9b0>,66,14,[6 1],83,138,152,55,123
1,<environment.Job instance at 0x14f7b08f87d0>,70,3,[7 1],87,152,155,65,126
1,<environment.Job instance at 0x14f7b08f8820>,71,13,[10  1],88,155,168,67,139
1,<environment.Job instance at 0x14f7b0997640>,73,1,[ 2 10],90,168,169,78,140
1,<environment.Job instance at 0x14f7b0997aa0>,74,2,[10  2],92,169,171,77,142
1,<environment.Job instance at 0x14f7b0997370>,75,3,[7 1],96,171,174,75,145
1,<environment.Job instance at 0x14f7b0997a00>,76,3,[2 8],97,145,148,48,145
1,<environment.Job instance at 0x14f7b0997870>,77,3,[1 9],98,148,151,50,145
1,<environment.Job instance at 0x14f7b09976e0>,79,3,[2 9],100,152,155,52,152
1,<environment.Job instance at 0x14f7b0997280>,81,12,[7 1],104,174,186,70,157
1,<environment.Job instance at 0x14f7add29320>,82,3,[10  1],107,186,189,79,160
1,<environment.Job instance at 0x14f7b09b7eb0>,83,3,[6 1],109,189,192,80,163
1,<environment.Job instance at 0x14f7b09b7a50>,84,3,[8 1],110,192,195,82,166
1,<environment.Job instance at 0x14f7b08e15f0>,88,2,[5 1],117,195,197,78,168
1,<environment.Job instance at 0x14f7b08e1820>,89,14,[2 5],118,171,185,53,168
1,<environment.Job instance at 0x14f7b0943be0>,2,3,[8 1],3,3,6,0,3
1,<environment.Job instance at 0x14f7adb7c500>,3,3,[2 6],6,6,9,0,6
1,<environment.Job instance at 0x14f7ad6e11e0>,4,18,[1 5],7,9,27,2,7
1,<environment.Job instance at 0x14f7ad6e1370>,7,3,[2 9],14,27,30,13,14
1,<environment.Job instance at 0x14f7ad6e1730>,9,1,[5 2],16,16,17,0,16
1,<environment.Job instance at 0x14f7ad6e1b40>,13,3,[10  2],23,30,33,7,23
1,<environment.Job instance at 0x14f7ad6e1cd0>,14,2,[1 6],27,33,35,6,27
1,<environment.Job instance at 0x14f7ad6e1dc0>,15,3,[1 9],28,35,38,7,28
1,<environment.Job instance at 0x14f7b0546af0>,17,1,[6 2],32,33,34,1,32
1,<environment.Job instance at 0x14f7b0546910>,18,3,[10  2],34,38,41,4,34
1,<environment.Job instance at 0x14f7b0546370>,19,3,[5 1],38,41,44,3,38
1,<environment.Job instance at 0x14f7b45956e0>,21,2,[7 2],40,44,46,4,40
1,<environment.Job instance at 0x14f7b4595780>,22,2,[6 2],41,46,48,5,41
1,<environment.Job instance at 0x14f7b4595aa0>,23,3,[9 1],42,48,51,6,42
1,<environment.Job instance at 0x14f7b4595f50>,25,2,[5 2],44,51,53,7,44
1,<environment.Job instance at 0x14f7b4595640>,26,27,[1 7],45,45,72,0,45
1,<environment.Job instance at 0x14f7b4595e10>,32,2,[5 1],53,59,61,6,59
1,<environment.Job instance at 0x14f7b4595960>,33,17,[1 9],54,72,89,18,60
1,<environment.Job instance at 0x14f7ad776550>,34,3,[9 2],55,61,64,6,60
1,<environment.Job instance at 0x14f7ad776d70>,37,1,[5 1],63,65,66,2,65
1,<environment.Job instance at 0x14f7ad776af0>,38,13,[10  1],65,89,102,24,73
1,<environment.Job instance at 0x14f7ad776a50>,41,3,[2 8],69,102,105,33,76
1,<environment.Job instance at 0x14f7ad776be0>,43,2,[8 2],75,102,104,27,80
1,<environment.Job instance at 0x14f7ad776870>,45,3,[6 2],77,104,107,27,80
1,<environment.Job instance at 0x14f7b7688a00>,47,3,[1 9],81,107,110,26,81
1,<environment.Job instance at 0x14f7b76883c0>,55,3,[2 5],94,110,113,16,104
1,<environment.Job instance at 0x14f7b7688b90>,56,1,[8 1],95,107,108,12,104
1,<environment.Job instance at 0x14f7b7688a50>,58,13,[8 2],97,116,129,19,116
1,<environment.Job instance at 0x14f7b7688f00>,60,15,[6 1],99,129,144,30,117
1,<environment.Job instance at 0x14f7c810ce60>,63,17,[9 2],103,144,161,41,132
1,<environment.Job instance at 0x14f7c810c550>,65,12,[2 8],105,132,144,27,132
1,<environment.Job instance at 0x14f7addc3550>,74,3,[7 1],118,161,164,43,135
1,<environment.Job instance at 0x14f7addc30f0>,75,3,[7 2],119,164,167,45,138
1,<environment.Job instance at 0x14f7b4595c80>,30,2,[ 1 10],50,380,382,330,380
1,<environment.Job instance at 0x14f7b1b54b90>,2,1,[9 1],5,5,6,0,5
1,<environment.Job instance at 0x14f7b19bb910>,9,14,[9 2],16,16,30,0,16
1,<environment.Job instance at 0x14f7c8a91690>,10,1,[10  2],17,30,31,13,17
1,<environment.Job instance at 0x14f7b7cc8be0>,11,2,[7 2],18,31,33,13,18
1,<environment.Job instance at 0x14f7b19bb050>,12,16,[1 9],19,33,49,14,20
1,<environment.Job instance at 0x14f7b19bb4b0>,13,3,[1 5],20,20,23,0,20
1,<environment.Job instance at 0x14f7b06b3910>,15,3,[9 2],23,49,52,26,29
1,<environment.Job instance at 0x14f7b06b3a50>,16,13,[1 9],24,52,65,28,36
1,<environment.Job instance at 0x14f7b06b30a0>,22,3,[6 2],32,65,68,33,56
1,<environment.Job instance at 0x14f7b45bbf00>,24,17,[5 2],34,68,85,34,56
1,<environment.Job instance at 0x14f7adc3b550>,26,12,[ 1 10],37,85,97,48,68
1,<environment.Job instance at 0x14f7adc3bd70>,27,3,[2 7],39,68,71,29,68
1,<environment.Job instance at 0x14f7b7d69f50>,29,3,[8 2],41,97,100,56,71
1,<environment.Job instance at 0x14f7b45a2c30>,34,3,[7 1],46,100,103,54,74
1,<environment.Job instance at 0x14f7b45a2410>,35,14,[8 2],47,103,117,56,88
1,<environment.Job instance at 0x14f7c8a44dc0>,40,1,[8 1],54,117,118,63,91
1,<environment.Job instance at 0x14f7ad649b40>,44,17,[10  1],60,118,135,58,106
1,<environment.Job instance at 0x14f7adb17d70>,46,1,[10  2],63,135,136,72,107
1,<environment.Job instance at 0x14f7b19614b0>,50,3,[2 7],68,136,139,68,121
1,<environment.Job instance at 0x14f7b1961c30>,51,15,[7 2],69,136,151,67,122
1,<environment.Job instance at 0x14f7b1961f00>,52,15,[6 1],70,151,166,81,137
1,<environment.Job instance at 0x14f7b7cf2550>,54,2,[1 5],72,139,141,67,137
1,<environment.Job instance at 0x14f7b7cf22d0>,55,16,[1 8],73,141,157,68,137
1,<environment.Job instance at 0x14f7ada67960>,57,1,[9 1],76,166,167,90,139
1,<environment.Job instance at 0x14f7b069d190>,59,2,[10  2],78,167,169,89,142
1,<environment.Job instance at 0x14f7b069d1e0>,60,15,[9 2],80,169,184,89,155
1,<environment.Job instance at 0x14f7c8a89b90>,68,3,[2 6],91,157,160,66,155
1,<environment.Job instance at 0x14f7c8a89f00>,72,2,[9 2],96,184,186,88,159
1,<environment.Job instance at 0x14f7c8a89910>,73,3,[5 1],97,186,189,89,160
1,<environment.Job instance at 0x14f7b056d3c0>,78,17,[7 1],104,189,206,85,179
1,<environment.Job instance at 0x14f7b056db90>,80,13,[2 8],106,186,199,80,184
1,<environment.Job instance at 0x14f7b056dd70>,82,1,[8 2],108,206,207,98,185
1,<environment.Job instance at 0x14f7b056d050>,84,1,[7 1],110,207,208,97,185
1,<environment.Job instance at 0x14f7b056d4b0>,86,2,[6 2],112,208,210,96,185
1,<environment.Job instance at 0x14f7b056d280>,88,1,[6 2],115,210,211,95,185
1,<environment.Job instance at 0x14f7b0975870>,89,3,[8 2],116,211,214,95,185
1,<environment.Job instance at 0x14f7b0975f00>,91,13,[10  1],119,214,227,95,198
1,<environment.Job instance at 0x14f7b0a50f00>,1,2,[7 2],2,2,4,0,2
1,<environment.Job instance at 0x14f7b19bb5f0>,2,3,[10  1],3,4,7,1,3
1,<environment.Job instance at 0x14f7b0971d70>,3,3,[6 1],4,7,10,3,4
1,<environment.Job instance at 0x14f7b0a7afa0>,8,3,[5 2],9,10,13,1,9
1,<environment.Job instance at 0x14f7b0a7a6e0>,9,2,[8 2],10,13,15,3,10
1,<environment.Job instance at 0x14f7b1938dc0>,10,3,[2 8],11,11,14,0,11
1,<environment.Job instance at 0x14f7b0a7a690>,11,2,[2 5],12,14,16,2,12
1,<environment.Job instance at 0x14f7cacf2780>,16,3,[2 5],19,19,22,0,19
1,<environment.Job instance at 0x14f7b1e1f550>,17,17,[1 7],20,22,39,2,20
1,<environment.Job instance at 0x14f7b1e1a690>,18,3,[7 2],21,21,24,0,21
1,<environment.Job instance at 0x14f7b1e1a410>,19,2,[2 9],22,39,41,17,22
1,<environment.Job instance at 0x14f7b1e1ac30>,20,2,[2 7],23,41,43,18,23
1,<environment.Job instance at 0x14f7b1e1a550>,21,18,[6 1],25,28,46,3,28
1,<environment.Job instance at 0x14f7b076d870>,27,1,[6 1],32,46,47,14,40
1,<environment.Job instance at 0x14f7b076d7d0>,28,2,[9 1],34,47,49,13,40
1,<environment.Job instance at 0x14f7b076dfa0>,29,19,[1 5],36,43,62,7,40
1,<environment.Job instance at 0x14f7b076d460>,30,1,[8 1],37,49,50,12,40
1,<environment.Job instance at 0x14f7b076d960>,31,1,[5 1],39,50,51,11,40
1,<environment.Job instance at 0x14f7b076d1e0>,32,2,[7 2],40,51,53,11,40
1,<environment.Job instance at 0x14f7b076deb0>,34,3,[1 8],43,123,126,80,123
1,<environment.Job instance at 0x14f7b0774d70>,37,1,[6 1],47,123,124,76,123
1,<environment.Job instance at 0x14f7b0774b40>,38,2,[6 1],49,124,126,75,123
1,<environment.Job instance at 0x14f7b0774a00>,40,15,[10  2],54,126,141,72,123
1,<environment.Job instance at 0x14f7b0774910>,41,2,[7 2],55,141,143,86,123
1,<environment.Job instance at 0x14f7b07741e0>,42,1,[1 5],57,141,142,84,123
1,<environment.Job instance at 0x14f7ca401e60>,46,2,[1 9],62,1179,1181,1117,1179
1,<environment.Job instance at 0x14f7b0774960>,48,1,[1 8],64,1181,1182,1117,1179
1,<environment.Job instance at 0x14f7b08ca4b0>,49,1,[2 9],66,1182,1183,1116,1179
1,<environment.Job instance at 0x14f7b07a3320>,50,2,[10  2],67,1183,1185,1116,1179
1,<environment.Job instance at 0x14f7b07a3960>,51,1,[6 1],70,1179,1180,1109,1179
1,<environment.Job instance at 0x14f804554640>,52,1,[7 2],72,1181,1182,1109,1179
1,<environment.Job instance at 0x14f7c80af500>,53,2,[2 7],73,1185,1187,1112,1179
1,<environment.Job instance at 0x14f7c80af870>,54,3,[2 5],74,1187,1190,1113,1179
1,<environment.Job instance at 0x14f7b07893c0>,56,12,[5 2],77,1185,1197,1108,1179
1,<environment.Job instance at 0x14f7b0789140>,57,1,[10  1],78,1197,1198,1119,1179
1,<environment.Job instance at 0x14f7b0789960>,58,3,[10  1],81,1198,1201,1117,1179
1,<environment.Job instance at 0x14f7b0789f50>,59,2,[ 2 10],82,1201,1203,1119,1179
1,<environment.Job instance at 0x14f7b07684b0>,60,3,[9 2],83,1203,1206,1120,1179
1,<environment.Job instance at 0x14f7b0768460>,61,1,[1 9],84,1206,1207,1122,1179
1,<environment.Job instance at 0x14f7b0768d20>,62,1,[8 2],87,1207,1208,1120,1179
1,<environment.Job instance at 0x14f7b0768cd0>,64,1,[9 2],90,1208,1209,1118,1192
1,<environment.Job instance at 0x14f7b0768870>,65,1,[10  1],91,1209,1210,1118,1192
1,<environment.Job instance at 0x14f7b07688c0>,67,13,[7 2],94,1215,1228,1121,1215
1,<environment.Job instance at 0x14f7cad77640>,68,3,[6 2],96,1228,1231,1132,1215
1,<environment.Job instance at 0x14f7c89aa2d0>,72,2,[7 1],101,1238,1240,1137,1238
1,<environment.Job instance at 0x14f7c89aae60>,73,1,[8 1],102,1240,1241,1138,1238
1,<environment.Job instance at 0x14f7b0a6f0f0>,74,2,[10  2],103,1241,1243,1138,1238
1,<environment.Job instance at 0x14f7b0a6f140>,75,14,[9 1],104,1243,1257,1139,1238
1,<environment.Job instance at 0x14f7b0a6fd20>,76,3,[9 2],105,1257,1260,1152,1238
1,<environment.Job instance at 0x14f7b0a6f9b0>,77,1,[6 2],107,1260,1261,1153,1238
1,<environment.Job instance at 0x14f7c8a31c30>,78,2,[ 1 10],108,1261,1263,1153,1238
1,<environment.Job instance at 0x14f7c8a31550>,79,2,[2 7],109,1238,1240,1129,1238
1,<environment.Job instance at 0x14f7c8a31d20>,80,3,[9 2],111,1263,1266,1152,1238
1,<environment.Job instance at 0x14f7c8a730f0>,81,3,[10  1],112,1266,1269,1154,1240
1,<environment.Job instance at 0x14f7b0a7abe0>,15,3,[10  2],17,1387,1390,1370,1387
1,<environment.Job instance at 0x14f7b1e1aaf0>,1,3,[1 9],2,2,5,0,2
1,<environment.Job instance at 0x14f7adbec910>,4,3,[2 8],8,8,11,0,8
1,<environment.Job instance at 0x14f7ad7f1eb0>,5,1,[1 8],10,11,12,1,10
1,<environment.Job instance at 0x14f7c89e50a0>,6,2,[2 9],11,12,14,1,11
1,<environment.Job instance at 0x14f7c89f5c80>,7,2,[8 2],12,14,16,2,12
1,<environment.Job instance at 0x14f7ad781960>,8,15,[10  1],13,16,31,3,13
1,<environment.Job instance at 0x14f7ad7bf3c0>,16,1,[7 2],22,46,47,24,46
1,<environment.Job instance at 0x14f7b0703730>,17,12,[6 2],23,47,59,24,46
1,<environment.Job instance at 0x14f7adb18050>,18,3,[1 7],24,46,49,22,46
1,<environment.Job instance at 0x14f7adaa8fa0>,19,2,[6 2],26,59,61,33,46
1,<environment.Job instance at 0x14f7b76845f0>,20,3,[9 1],27,61,64,34,46
1,<environment.Job instance at 0x14f7afabb140>,23,14,[9 2],30,64,78,34,49
1,<environment.Job instance at 0x14f7ad7e1f00>,24,1,[1 9],31,61,62,30,49
1,<environment.Job instance at 0x14f7ad6ccb40>,25,16,[1 8],32,62,78,30,60
1,<environment.Job instance at 0x14f7b1aa44b0>,26,1,[6 1],33,78,79,45,60
1,<environment.Job instance at 0x14f7adbcbc80>,27,3,[5 2],34,79,82,45,60
1,<environment.Job instance at 0x14f7b1a20d70>,29,2,[8 2],36,82,84,46,63
1,<environment.Job instance at 0x14f7b1914a50>,30,1,[9 2],37,84,85,47,63
1,<environment.Job instance at 0x14f7b1914730>,31,2,[1 7],38,78,80,40,63
1,<environment.Job instance at 0x14f7b06a9500>,33,16,[2 9],42,85,101,43,72
1,<environment.Job instance at 0x14f7b06a9690>,35,23,[9 1],46,101,124,55,95
1,<environment.Job instance at 0x14f7adc0fdc0>,37,1,[5 2],48,124,125,76,96
1,<environment.Job instance at 0x14f7adc0f0f0>,38,1,[8 2],49,125,126,76,97
1,<environment.Job instance at 0x14f7adb87140>,39,2,[7 2],51,126,128,75,99
1,<environment.Job instance at 0x14f7adb87be0>,40,3,[6 1],53,128,131,75,102
1,<environment.Job instance at 0x14f7ad9370f0>,41,2,[10  1],54,131,133,77,104
1,<environment.Job instance at 0x14f7ad937230>,42,1,[9 1],55,133,134,78,105
1,<environment.Job instance at 0x14f7ad937500>,43,3,[5 1],56,134,137,78,108
1,<environment.Job instance at 0x14f7ad9375f0>,44,3,[1 6],57,108,111,51,108
1,<environment.Job instance at 0x14f7ad937320>,47,2,[7 1],61,746,748,685,746
1,<environment.Job instance at 0x14f7ca438690>,48,3,[9 1],66,748,751,682,746
1,<environment.Job instance at 0x14f7adb173c0>,49,13,[2 5],68,751,764,683,746
1,<environment.Job instance at 0x14f7adb17820>,50,2,[1 8],69,746,748,677,746
1,<environment.Job instance at 0x14f7b1e03280>,51,1,[2 6],70,764,765,694,746
1,<environment.Job instance at 0x14f7b0858550>,52,2,[9 2],73,765,767,692,746
1,<environment.Job instance at 0x14f7b0858690>,53,1,[ 2 10],77,767,768,690,746
1,<environment.Job instance at 0x14f7b0858e10>,56,3,[1 8],81,1010,1013,929,1010
1,<environment.Job instance at 0x14f7b0858d20>,59,12,[7 2],86,1011,1023,925,1011
1,<environment.Job instance at 0x14f7b1aac0f0>,60,15,[ 2 10],92,1023,1038,931,1011
1,<environment.Job instance at 0x14f7b1a607d0>,65,1,[6 2],98,1038,1039,940,1011
1,<environment.Job instance at 0x14f7b1a60460>,68,2,[5 2],101,1039,1041,938,1016
1,<environment.Job instance at 0x14f7b1a60a50>,70,3,[2 8],103,1016,1019,913,1016
1,<environment.Job instance at 0x14f7b1a19690>,71,3,[8 2],105,1041,1044,936,1016
1,<environment.Job instance at 0x14f7b1a19e10>,72,1,[ 2 10],106,1044,1045,938,1016
1,<environment.Job instance at 0x14f7b1a19230>,73,2,[1 6],107,1019,1021,912,1016
1,<environment.Job instance at 0x14f7b1a194b0>,74,2,[8 1],108,1045,1047,937,1018
1,<environment.Job instance at 0x14f7b06bc0a0>,75,1,[2 7],110,1021,1022,911,1018
1,<environment.Job instance at 0x14f7b06bceb0>,76,2,[1 8],111,1038,1040,927,1018
1,<environment.Job instance at 0x14f7b06bc370>,77,13,[7 1],112,1047,1060,935,1031
1,<environment.Job instance at 0x14f7b06bc190>,78,3,[ 2 10],115,1060,1063,945,1034
1,<environment.Job instance at 0x14f7ad672e60>,81,2,[10  2],118,1063,1065,945,1036
1,<environment.Job instance at 0x14f7ad672c80>,82,2,[1 7],119,1040,1042,921,1036
1,<environment.Job instance at 0x14f7ada4c140>,0,2,[6 2],1,2,4,1,2
1,<environment.Job instance at 0x14f7addffd70>,1,1,[7 1],4,4,5,0,4
1,<environment.Job instance at 0x14f7b0510f00>,4,3,[6 1],7,7,10,0,7
1,<environment.Job instance at 0x14f7b0510b40>,5,2,[ 1 10],8,10,12,2,8
1,<environment.Job instance at 0x14f7ad7bf820>,7,1,[2 6],12,12,13,0,12
1,<environment.Job instance at 0x14f7adaeaf00>,9,1,[5 1],14,14,15,0,14
1,<environment.Job instance at 0x14f7adaeab90>,11,1,[6 1],16,16,17,0,16
1,<environment.Job instance at 0x14f7adaea410>,12,3,[8 1],18,18,21,0,18
1,<environment.Job instance at 0x14f7adaea9b0>,14,2,[8 2],23,23,25,0,23
1,<environment.Job instance at 0x14f7adaeacd0>,15,17,[10  1],26,26,43,0,26
1,<environment.Job instance at 0x14f7ae534410>,16,3,[2 6],27,43,46,16,27
1,<environment.Job instance at 0x14f7ad6e1410>,25,12,[2 8],41,46,58,5,41
1,<environment.Job instance at 0x14f7b05c6aa0>,29,1,[ 2 10],45,58,59,13,45
1,<environment.Job instance at 0x14f7ae5fa7d0>,30,12,[2 8],48,59,71,11,48
1,<environment.Job instance at 0x14f7ad826410>,31,3,[ 1 10],51,71,74,20,51
1,<environment.Job instance at 0x14f7ad8269b0>,32,1,[8 2],52,52,53,0,52
1,<environment.Job instance at 0x14f7ad81a4b0>,33,18,[9 1],53,74,92,21,63
1,<environment.Job instance at 0x14f7ad81a410>,36,1,[7 1],57,66,67,9,66
1,<environment.Job instance at 0x14f7b1901dc0>,37,1,[2 6],59,92,93,33,66
1,<environment.Job instance at 0x14f7b14dc410>,38,3,[1 5],60,74,77,14,66
1,<environment.Job instance at 0x14f7b14dc9b0>,39,3,[8 2],63,67,70,4,66
1,<environment.Job instance at 0x14f7b7cf20a0>,40,1,[1 7],64,77,78,13,66
1,<environment.Job instance at 0x14f7b7cf2320>,41,3,[2 8],65,93,96,28,67
1,<environment.Job instance at 0x14f7b7cf2910>,42,2,[7 1],66,92,94,26,67
1,<environment.Job instance at 0x14f804545550>,44,1,[1 7],70,78,79,8,70
1,<environment.Job instance at 0x14f7ad835af0>,46,16,[1 6],72,96,112,24,83
1,<environment.Job instance at 0x14f7ad835aa0>,47,15,[10  2],73,112,127,39,98
1,<environment.Job instance at 0x14f7b0647140>,56,3,[9 1],86,98,101,12,98
1,<environment.Job instance at 0x14f7ad36de10>,59,16,[9 2],90,127,143,37,114
1,<environment.Job instance at 0x14f7b0a64b40>,64,1,[5 1],96,143,144,47,120
1,<environment.Job instance at 0x14f7b096de60>,65,1,[8 1],98,144,145,46,120
1,<environment.Job instance at 0x14f7ad8da280>,68,3,[1 9],102,143,146,41,120
1,<environment.Job instance at 0x14f7adb4a2d0>,70,1,[7 2],105,146,147,41,128
1,<environment.Job instance at 0x14f7adb4a140>,71,1,[10  1],106,147,148,41,128
1,<environment.Job instance at 0x14f7adb704b0>,72,3,[2 5],108,148,151,40,128
1,<environment.Job instance at 0x14f7adb70e60>,73,2,[6 2],109,148,150,39,128
1,<environment.Job instance at 0x14f7b07de820>,75,3,[2 9],111,151,154,40,140
1,<environment.Job instance at 0x14f7ae0465a0>,79,1,[7 1],115,145,146,30,140
1,<environment.Job instance at 0x14f7ae046320>,80,3,[9 2],116,154,157,38,140
1,<environment.Job instance at 0x14f7b7cf4190>,81,2,[1 8],117,140,142,23,140
1,<environment.Job instance at 0x14f7b7cf4f00>,83,3,[2 5],119,157,160,38,140
1,<environment.Job instance at 0x14f7ae646640>,1,21,[9 2],2,2,23,0,2
1,<environment.Job instance at 0x14f7adaf4f50>,7,17,[ 2 10],9,23,40,14,12
1,<environment.Job instance at 0x14f7afad3aa0>,10,1,[6 1],15,40,41,25,15
1,<environment.Job instance at 0x14f7b06b65f0>,13,3,[7 1],20,41,44,21,27
1,<environment.Job instance at 0x14f7ad4630a0>,16,3,[2 9],23,40,43,17,27
1,<environment.Job instance at 0x14f7b097bbe0>,19,16,[2 7],27,43,59,16,34
1,<environment.Job instance at 0x14f7cacdfeb0>,22,1,[1 5],31,59,60,28,34
1,<environment.Job instance at 0x14f7c807f0a0>,23,2,[9 1],32,59,61,27,34
1,<environment.Job instance at 0x14f7ad6cd9b0>,24,3,[9 2],33,61,64,28,35
1,<environment.Job instance at 0x14f7ad97c870>,26,2,[2 6],36,64,66,28,39
1,<environment.Job instance at 0x14f7ad97c910>,27,1,[ 1 10],37,66,67,29,39
1,<environment.Job instance at 0x14f7add5d230>,28,1,[2 7],38,67,68,29,39
1,<environment.Job instance at 0x14f7b1ad6c80>,29,2,[2 6],39,68,70,29,41
1,<environment.Job instance at 0x14f7ad75caa0>,31,2,[5 1],42,44,46,2,42
1,<environment.Job instance at 0x14f7adc24820>,32,2,[8 2],43,46,48,3,43
1,<environment.Job instance at 0x14f7ada09460>,36,18,[10  2],48,70,88,22,59
1,<environment.Job instance at 0x14f7ada098c0>,39,3,[1 6],51,88,91,37,68
1,<environment.Job instance at 0x14f7ada099b0>,40,2,[1 8],53,91,93,38,68
1,<environment.Job instance at 0x14f7ada094b0>,41,17,[7 1],54,88,105,34,76
1,<environment.Job instance at 0x14f7ada09dc0>,43,3,[1 5],58,93,96,35,89
1,<environment.Job instance at 0x14f7ada30dc0>,47,1,[1 6],62,96,97,34,89
1,<environment.Job instance at 0x14f7ada30eb0>,49,2,[5 1],64,105,107,41,89
1,<environment.Job instance at 0x14f7ada30460>,50,2,[7 2],65,107,109,42,89
1,<environment.Job instance at 0x14f7ada30320>,51,1,[1 6],66,97,98,31,89
1,<environment.Job instance at 0x14f7ada30fa0>,52,3,[2 6],67,98,101,31,89
1,<environment.Job instance at 0x14f7b1e54c80>,53,3,[1 9],68,101,104,33,89
1,<environment.Job instance at 0x14f7b1e54af0>,54,3,[6 1],69,109,112,40,89
1,<environment.Job instance at 0x14f7b1e54780>,55,15,[6 1],75,112,127,37,98
1,<environment.Job instance at 0x14f7adc20190>,56,2,[7 1],76,127,129,51,100
1,<environment.Job instance at 0x14f7adc202d0>,60,3,[9 1],80,129,132,49,104
1,<environment.Job instance at 0x14f7adc20c80>,61,16,[2 5],81,104,120,23,104
1,<environment.Job instance at 0x14f7ad8cc140>,62,1,[5 1],82,132,133,50,104
1,<environment.Job instance at 0x14f7adbecfa0>,66,3,[5 2],88,132,135,44,113
1,<environment.Job instance at 0x14f7adbec960>,67,15,[8 1],89,135,150,46,121
1,<environment.Job instance at 0x14f7c8a2ff50>,68,3,[2 7],90,121,124,31,121
1,<environment.Job instance at 0x14f7b08e8640>,72,13,[7 2],100,150,163,50,136
1,<environment.Job instance at 0x14f7addc3aa0>,76,3,[2 6],105,136,139,31,136
1,<environment.Job instance at 0x14f7addc39b0>,77,2,[7 1],107,163,165,56,136
1,<environment.Job instance at 0x14f7addc3870>,80,3,[1 9],111,139,142,28,136
1,<environment.Job instance at 0x14f7addc3d20>,81,17,[1 5],112,142,159,30,136
1,<environment.Job instance at 0x14f7addc3370>,82,3,[8 1],114,165,168,51,139
1,<environment.Job instance at 0x14f7addc3320>,83,1,[1 8],115,159,160,44,139
1,<environment.Job instance at 0x14f7addc3af0>,84,1,[10  2],119,168,169,49,140
1,<environment.Job instance at 0x14f7adaf4640>,6,3,[7 2],8,389,392,381,389
1,<environment.Job instance at 0x14f7b76af780>,1,3,[7 2],3,3,6,0,3
1,<environment.Job instance at 0x14f7c8756f50>,4,3,[10  1],8,8,11,0,8
1,<environment.Job instance at 0x14f7c87560a0>,6,3,[7 2],11,11,14,0,11
1,<environment.Job instance at 0x14f7c89a7a50>,9,1,[1 9],15,15,16,0,15
1,<environment.Job instance at 0x14f7c89a74b0>,10,3,[6 2],16,16,19,0,16
1,<environment.Job instance at 0x14f7cad73a50>,16,3,[2 5],25,38,41,13,38
1,<environment.Job instance at 0x14f7cad736e0>,19,2,[2 6],30,41,43,11,38
1,<environment.Job instance at 0x14f7ae6112d0>,20,2,[6 2],31,38,40,7,38
1,<environment.Job instance at 0x14f7ae611820>,21,3,[2 7],32,43,46,11,38
1,<environment.Job instance at 0x14f7af0652d0>,23,3,[10  1],37,46,49,9,38
1,<environment.Job instance at 0x14f7b07905f0>,25,3,[1 5],39,49,52,10,39
1,<environment.Job instance at 0x14f7b7cdbfa0>,30,3,[2 7],44,52,55,8,44
1,<environment.Job instance at 0x14f7b7cdbe60>,31,1,[7 1],45,45,46,0,45
1,<environment.Job instance at 0x14f7b7cdbb40>,32,2,[7 2],46,49,51,3,46
1,<environment.Job instance at 0x14f7b7cdba50>,33,13,[10  1],48,55,68,7,48
1,<environment.Job instance at 0x14f7b7cdb7d0>,34,3,[2 6],49,68,71,19,49
1,<environment.Job instance at 0x14f7adb07870>,35,2,[8 1],50,51,53,1,50
1,<environment.Job instance at 0x14f7adb07fa0>,36,1,[6 2],51,53,54,2,51
1,<environment.Job instance at 0x14f7adb07af0>,37,1,[9 1],52,71,72,19,52
1,<environment.Job instance at 0x14f7adb07e10>,38,1,[2 5],54,72,73,18,54
1,<environment.Job instance at 0x14f7adb07a50>,39,3,[10  2],57,73,76,16,57
1,<environment.Job instance at 0x14f7adb079b0>,40,1,[2 7],58,76,77,18,58
1,<environment.Job instance at 0x14f7afaeddc0>,42,1,[7 2],61,68,69,7,61
1,<environment.Job instance at 0x14f7ae5df320>,43,3,[9 1],62,77,80,15,62
1,<environment.Job instance at 0x14f7ae5df5a0>,47,3,[2 8],67,80,83,13,67
1,<environment.Job instance at 0x14f7ae5dffa0>,48,17,[10  1],68,83,100,15,71
1,<environment.Job instance at 0x14f7ae5df500>,50,1,[8 2],70,72,73,2,71
1,<environment.Job instance at 0x14f7ad88bf00>,51,2,[2 6],71,100,102,29,73
1,<environment.Job instance at 0x14f7ad88b780>,52,3,[1 9],72,77,80,5,73
1,<environment.Job instance at 0x14f7ad88baf0>,53,2,[1 7],74,102,104,28,75
1,<environment.Job instance at 0x14f7ad445b40>,54,3,[2 9],75,104,107,29,78
1,<environment.Job instance at 0x14f7ad4458c0>,55,2,[6 1],76,80,82,4,78
1,<environment.Job instance at 0x14f7ad4450f0>,58,2,[7 1],80,100,102,20,80
1,<environment.Job instance at 0x14f7ad4450a0>,60,1,[ 1 10],85,107,108,22,85
1,<environment.Job instance at 0x14f7ad445fa0>,61,3,[1 9],86,108,111,22,86
1,<environment.Job instance at 0x14f7ad725910>,63,3,[2 7],89,111,114,22,89
1,<environment.Job instance at 0x14f7b7dc88c0>,66,3,[1 7],95,114,117,19,95
1,<environment.Job instance at 0x14f7b7dc8eb0>,67,14,[2 5],97,117,131,20,102
1,<environment.Job instance at 0x14f7b7dc89b0>,68,13,[1 5],101,117,130,16,102
1,<environment.Job instance at 0x14f7ad9ba4b0>,69,2,[6 1],103,103,105,0,103
1,<environment.Job instance at 0x14f7b6006780>,71,1,[10  2],105,131,132,26,106
1,<environment.Job instance at 0x14f7b6006280>,72,3,[2 9],106,132,135,26,106
1,<environment.Job instance at 0x14f7b0a11a00>,77,3,[5 1],113,132,135,19,116
1,<environment.Job instance at 0x14f7ad800c30>,81,3,[8 1],117,135,138,18,135
1,<environment.Job instance at 0x14f7ae602d70>,83,3,[9 2],119,138,141,19,135
1,<environment.Job instance at 0x14f7ad81de60>,1,18,[8 1],8,8,26,0,8
1,<environment.Job instance at 0x14f7ad6cdf00>,5,3,[6 2],16,26,29,10,16
1,<environment.Job instance at 0x14f7cad9d6e0>,7,2,[5 1],18,29,31,11,18
1,<environment.Job instance at 0x14f7cad9de10>,8,3,[9 1],19,31,34,12,19
1,<environment.Job instance at 0x14f7cad9da00>,9,1,[7 2],20,34,35,14,20
1,<environment.Job instance at 0x14f7cad9df50>,11,3,[9 2],24,35,38,11,24
1,<environment.Job instance at 0x14f7cad9dd70>,12,2,[2 5],25,25,27,0,25
1,<environment.Job instance at 0x14f7cad9dd20>,13,1,[1 9],26,29,30,3,26
1,<environment.Job instance at 0x14f7b06e2b90>,14,3,[1 7],27,30,33,3,27
1,<environment.Job instance at 0x14f7b06e2370>,15,1,[1 8],28,28,29,0,28
1,<environment.Job instance at 0x14f7b06e2f00>,16,20,[7 2],29,38,58,9,31
1,<environment.Job instance at 0x14f7b06e20a0>,19,3,[ 2 10],32,58,61,26,32
1,<environment.Job instance at 0x14f7b06e21e0>,21,1,[8 1],36,61,62,25,36
1,<environment.Job instance at 0x14f7b06e2460>,22,3,[1 6],37,37,40,0,37
1,<environment.Job instance at 0x14f7b1b67370>,31,2,[5 1],54,62,64,8,55
1,<environment.Job instance at 0x14f7b1b670a0>,32,2,[1 6],55,55,57,0,55
1,<environment.Job instance at 0x14f7b1b675f0>,34,1,[6 1],57,64,65,7,57
1,<environment.Job instance at 0x14f7b1b67dc0>,35,18,[10  2],59,65,83,6,59
1,<environment.Job instance at 0x14f7ad9141e0>,40,3,[5 1],64,83,86,19,64
1,<environment.Job instance at 0x14f7ad914460>,41,3,[1 7],65,83,86,18,65
1,<environment.Job instance at 0x14f7ad914960>,42,3,[10  2],67,86,89,19,67
1,<environment.Job instance at 0x14f7ad914410>,46,1,[8 1],76,89,90,13,76
1,<environment.Job instance at 0x14f7ad914aa0>,47,15,[7 1],77,90,105,13,77
1,<environment.Job instance at 0x14f7ad914e60>,48,1,[1 8],78,89,90,11,78
1,<environment.Job instance at 0x14f7ada30e60>,53,16,[1 7],83,90,106,7,87
1,<environment.Job instance at 0x14f7ada30690>,55,3,[10  1],87,106,109,19,87
1,<environment.Job instance at 0x14f7ada30a00>,58,2,[1 5],90,109,111,19,94
1,<environment.Job instance at 0x14f7ada30820>,61,15,[9 1],94,109,124,15,97
1,<environment.Job instance at 0x14f7ada30f00>,62,1,[1 5],95,111,112,16,97
1,<environment.Job instance at 0x14f7ada30dc0>,64,2,[1 7],99,112,114,13,99
1,<environment.Job instance at 0x14f7adc20b40>,65,3,[1 8],100,114,117,14,100
1,<environment.Job instance at 0x14f7adc205a0>,66,19,[5 2],101,124,143,23,114
1,<environment.Job instance at 0x14f7adc20460>,68,3,[1 7],103,117,120,14,114
1,<environment.Job instance at 0x14f7adc20e60>,70,3,[7 2],105,143,146,38,117
1,<environment.Job instance at 0x14f7adc200a0>,76,3,[6 1],112,146,149,34,129
1,<environment.Job instance at 0x14f7b7694b40>,78,3,[2 5],114,129,132,15,129
1,<environment.Job instance at 0x14f7b05726e0>,79,3,[2 8],116,132,135,16,129
1,<environment.Job instance at 0x14f7c80af280>,81,3,[1 8],118,153,156,35,153
1,<environment.Job instance at 0x14f7addbb730>,0,3,[1 9],1,1,4,0,1
1,<environment.Job instance at 0x14f7b1b67eb0>,1,15,[9 1],2,2,17,0,2
1,<environment.Job instance at 0x14f7ad75c820>,2,12,[6 1],3,17,29,14,3
1,<environment.Job instance at 0x14f7adbbf910>,8,1,[2 7],10,17,18,7,10
1,<environment.Job instance at 0x14f7b07f5910>,9,3,[8 2],11,29,32,18,11
1,<environment.Job instance at 0x14f7b1af6e10>,10,3,[ 2 10],12,32,35,20,12
1,<environment.Job instance at 0x14f7b1af6230>,11,2,[9 1],14,35,37,21,14
1,<environment.Job instance at 0x14f7b1b28b40>,12,1,[2 5],15,18,19,3,15
1,<environment.Job instance at 0x14f7b1b28f50>,13,3,[1 8],17,19,22,2,17
1,<environment.Job instance at 0x14f7b1b1baa0>,16,15,[10  1],23,37,52,14,23
1,<environment.Job instance at 0x14f7b1b14e60>,20,3,[10  1],28,52,55,24,31
1,<environment.Job instance at 0x14f7b1b14eb0>,21,3,[1 8],29,55,58,26,31
1,<environment.Job instance at 0x14f7b1b14f00>,23,2,[8 2],31,55,57,24,31
1,<environment.Job instance at 0x14f7add1e230>,24,2,[8 1],32,57,59,25,32
1,<environment.Job instance at 0x14f7adbdf730>,27,3,[ 2 10],37,59,62,22,37
1,<environment.Job instance at 0x14f7adbdf320>,29,13,[1 7],40,84,97,44,84
1,<environment.Job instance at 0x14f7b0809d70>,30,16,[5 1],41,84,100,43,84
1,<environment.Job instance at 0x14f7b0809820>,31,3,[2 5],43,97,100,54,84
1,<environment.Job instance at 0x14f7b0809230>,32,13,[1 5],44,100,113,56,84
1,<environment.Job instance at 0x14f7b1b13780>,35,1,[6 1],48,100,101,52,90
1,<environment.Job instance at 0x14f7b1b13140>,36,18,[8 2],49,101,119,52,90
1,<environment.Job instance at 0x14f7b07eceb0>,38,3,[2 6],51,113,116,62,91
1,<environment.Job instance at 0x14f7b07ec5f0>,39,3,[2 6],52,116,119,64,91
1,<environment.Job instance at 0x14f7b07ec780>,40,1,[5 2],53,119,120,66,91
1,<environment.Job instance at 0x14f7b07eca50>,41,3,[7 1],54,120,123,66,94
1,<environment.Job instance at 0x14f7b07db500>,42,2,[2 6],55,119,121,64,94
1,<environment.Job instance at 0x14f7b07dbbe0>,43,3,[2 7],57,121,124,64,95
1,<environment.Job instance at 0x14f7b07dbb90>,44,18,[1 6],58,124,142,66,113
1,<environment.Job instance at 0x14f7b07dbc80>,45,3,[1 5],60,142,145,82,116
1,<environment.Job instance at 0x14f7b05611e0>,0,3,[1 7],3,3,6,0,3
1,<environment.Job instance at 0x14f7adbeea50>,2,2,[10  1],5,6,8,1,5
1,<environment.Job instance at 0x14f7ad806230>,8,3,[2 9],12,12,15,0,12
1,<environment.Job instance at 0x14f7adbf4870>,11,16,[5 2],16,16,32,0,16
1,<environment.Job instance at 0x14f7adbf4550>,12,3,[10  2],18,32,35,14,18
1,<environment.Job instance at 0x14f7b06939b0>,4,16,[10  2],7,35,51,28,26
1,<environment.Job instance at 0x14f7b2d20e10>,1,3,[10  1],2,2,5,0,2
1,<environment.Job instance at 0x14f7c8b66460>,2,3,[10  1],3,5,8,2,3
1,<environment.Job instance at 0x14f7b19439b0>,5,13,[2 5],7,8,21,1,7
1,<environment.Job instance at 0x14f7b0620190>,8,1,[ 1 10],12,21,22,9,12
1,<environment.Job instance at 0x14f7ad9e9dc0>,9,3,[9 1],14,22,25,8,14
1,<environment.Job instance at 0x14f7b06209b0>,10,1,[8 2],16,16,17,0,16
1,<environment.Job instance at 0x14f7adc34af0>,11,3,[1 5],17,17,20,0,17
1,<environment.Job instance at 0x14f7c80b4050>,12,1,[10  1],19,25,26,6,19
1,<environment.Job instance at 0x14f7b76afaa0>,13,3,[8 1],20,26,29,6,20
1,<environment.Job instance at 0x14f7adc344b0>,14,2,[8 1],21,29,31,8,21
1,<environment.Job instance at 0x14f7b1943190>,4,17,[7 2],6,31,48,25,23
1,<environment.Job instance at 0x14f7adc34050>,16,3,[1 7],23,26,29,3,23
1,<environment.Job instance at 0x14f7ad9cb0f0>,19,2,[5 2],27,48,50,21,27
1,<environment.Job instance at 0x14f7ad469230>,20,1,[1 5],28,29,30,1,28
1,<environment.Job instance at 0x14f7ad469320>,21,1,[8 2],29,50,51,21,29
1,<environment.Job instance at 0x14f7ad937dc0>,22,2,[7 1],30,51,53,21,30
1,<environment.Job instance at 0x14f7b603b640>,23,1,[10  1],31,53,54,22,31
1,<environment.Job instance at 0x14f7ad3a2870>,24,2,[ 1 10],32,54,56,22,32
1,<environment.Job instance at 0x14f7ad469fa0>,25,2,[1 8],33,33,35,0,33
1,<environment.Job instance at 0x14f7c89c0370>,26,3,[2 5],34,35,38,1,34
1,<environment.Job instance at 0x14f7c89c0410>,27,18,[10  1],35,56,74,21,45
1,<environment.Job instance at 0x14f7cacf21e0>,44,3,[1 7],58,74,77,16,58
1,<environment.Job instance at 0x14f7cacf20f0>,45,3,[7 1],59,74,77,15,59
1,<environment.Job instance at 0x14f7cacf26e0>,46,2,[2 7],60,77,79,17,60
1,<environment.Job instance at 0x14f7c8082a50>,51,16,[1 6],66,82,98,16,82
1,<environment.Job instance at 0x14f7ad653550>,52,3,[2 6],68,98,101,30,82
1,<environment.Job instance at 0x14f7c875d1e0>,53,14,[10  1],69,101,115,32,86
1,<environment.Job instance at 0x14f7b45caaf0>,55,3,[5 1],71,90,93,19,90
1,<environment.Job instance at 0x14f7b05e9cd0>,57,3,[9 1],74,93,96,19,90
1,<environment.Job instance at 0x14f7b45ca140>,58,3,[8 2],75,96,99,21,90
1,<environment.Job instance at 0x14f7c802fb90>,64,23,[1 5],84,124,147,40,124
1,<environment.Job instance at 0x14f7c802fa50>,66,18,[10  1],86,147,165,61,136
1,<environment.Job instance at 0x14f7c802f5f0>,67,1,[8 2],87,136,137,49,136
1,<environment.Job instance at 0x14f7c802f050>,69,1,[5 1],89,137,138,48,136
1,<environment.Job instance at 0x14f7c802f370>,71,3,[7 1],91,138,141,47,136
1,<environment.Job instance at 0x14f7c802fc80>,72,3,[8 2],92,141,144,49,136
1,<environment.Job instance at 0x14f7c802f500>,73,2,[10  1],94,165,167,71,138
1,<environment.Job instance at 0x14f7c80ae370>,76,16,[8 2],101,167,183,66,154
1,<environment.Job instance at 0x14f7c80ae910>,77,3,[1 5],102,167,170,65,154
1,<environment.Job instance at 0x14f7c80aee10>,78,2,[5 2],103,183,185,80,156
1,<environment.Job instance at 0x14f7c80ae5a0>,82,12,[9 1],108,185,197,77,168
1,<environment.Job instance at 0x14f7c80ae7d0>,83,3,[9 2],110,197,200,87,171
1,<environment.Job instance at 0x14f7c89c03c0>,28,2,[7 1],36,200,202,164,173
1,<environment.Job instance at 0x14f7c80aebe0>,87,2,[5 2],115,183,185,68,173
1,<environment.Job instance at 0x14f7c80ae870>,91,3,[10  2],119,202,205,83,176
1,<environment.Job instance at 0x14f7ad5bdaa0>,0,3,[2 7],1,1,4,0,1
1,<environment.Job instance at 0x14f7ad70f140>,7,2,[ 1 10],8,10,12,2,10
1,<environment.Job instance at 0x14f7c8b14f50>,8,1,[5 1],9,12,13,3,10
1,<environment.Job instance at 0x14f7ad82a910>,9,3,[5 2],10,12,15,2,10
1,<environment.Job instance at 0x14f7af08aaa0>,10,17,[6 2],14,15,32,1,14
1,<environment.Job instance at 0x14f7adbe6d20>,11,3,[5 2],15,32,35,17,15
1,<environment.Job instance at 0x14f7c8b27140>,12,15,[10  2],16,35,50,19,21
1,<environment.Job instance at 0x14f7c8b12b40>,18,3,[9 1],24,50,53,26,27
1,<environment.Job instance at 0x14f7ad7d5230>,29,2,[6 2],40,53,55,13,40
1,<environment.Job instance at 0x14f7ad7d5780>,32,3,[7 1],44,55,58,11,44
1,<environment.Job instance at 0x14f7ad7d5be0>,38,3,[2 8],51,106,109,55,106
1,<environment.Job instance at 0x14f7ad8bbbe0>,39,12,[7 2],52,106,118,54,106
1,<environment.Job instance at 0x14f7ad7e3b90>,40,1,[2 5],54,109,110,55,106
1,<environment.Job instance at 0x14f7ad7e3be0>,42,3,[1 6],59,110,113,51,106
1,<environment.Job instance at 0x14f7ad7e3c30>,43,3,[2 6],60,113,116,53,106
1,<environment.Job instance at 0x14f7ad7e3a00>,44,3,[2 5],61,116,119,55,106
1,<environment.Job instance at 0x14f7ad7e3a50>,45,16,[7 2],62,118,134,56,106
1,<environment.Job instance at 0x14f7c8089910>,46,12,[9 1],63,134,146,71,117
1,<environment.Job instance at 0x14f7c8089fa0>,47,3,[7 2],65,146,149,81,120
1,<environment.Job instance at 0x14f7ad7e5460>,51,3,[9 2],74,149,152,75,123
1,<environment.Job instance at 0x14f7ad7e5730>,57,2,[7 2],84,152,154,68,125
1,<environment.Job instance at 0x14f7adc1e5f0>,59,14,[10  2],86,154,168,68,139
1,<environment.Job instance at 0x14f7adc1edc0>,60,3,[2 6],87,146,149,59,139
1,<environment.Job instance at 0x14f7c8b09eb0>,64,3,[1 9],96,168,171,72,145
1,<environment.Job instance at 0x14f7c8b09fa0>,65,1,[5 2],97,171,172,74,145
1,<environment.Job instance at 0x14f7b1b53cd0>,66,1,[9 1],98,168,169,70,145
1,<environment.Job instance at 0x14f7cb175460>,68,14,[10  1],101,172,186,71,157
1,<environment.Job instance at 0x14f7b1b53d20>,70,16,[9 2],103,186,202,83,173
1,<environment.Job instance at 0x14f7c80880f0>,78,3,[6 2],114,202,205,88,176
1,<environment.Job instance at 0x14f7c80a41e0>,2,3,[1 9],4,4,7,0,4
1,<environment.Job instance at 0x14f7b0a74f00>,3,3,[2 7],6,7,10,1,6
1,<environment.Job instance at 0x14f7b0a740a0>,4,3,[2 9],7,10,13,3,7
1,<environment.Job instance at 0x14f7adb11a00>,5,3,[6 1],9,9,12,0,9
1,<environment.Job instance at 0x14f7ad9cf820>,7,15,[2 7],11,14,29,3,14
1,<environment.Job instance at 0x14f7ad9cf4b0>,10,3,[ 1 10],15,29,32,14,15
1,<environment.Job instance at 0x14f7ad73df00>,15,3,[6 2],20,26,29,6,26
1,<environment.Job instance at 0x14f7b1e42cd0>,16,3,[5 2],22,32,35,10,26
1,<environment.Job instance at 0x14f7ad73db90>,17,2,[1 8],23,32,34,9,26
1,<environment.Job instance at 0x14f7ad73d460>,18,17,[9 1],24,35,52,11,26
1,<environment.Job instance at 0x14f7ad605910>,23,13,[8 1],34,52,65,18,36
1,<environment.Job instance at 0x14f7b18f9f00>,27,1,[6 1],39,65,66,26,42
1,<environment.Job instance at 0x14f7ad3a3550>,28,1,[8 1],40,66,67,26,42
1,<environment.Job instance at 0x14f7ad3a3320>,29,1,[5 1],43,67,68,24,43
1,<environment.Job instance at 0x14f7ad3a38c0>,30,2,[1 9],44,44,46,0,44
1,<environment.Job instance at 0x14f7ad3a30f0>,31,3,[ 2 10],46,68,71,22,46
1,<environment.Job instance at 0x14f7ad9f2190>,32,2,[7 1],48,71,73,23,48
1,<environment.Job instance at 0x14f7ad9f2e60>,33,2,[ 1 10],51,73,75,22,51
1,<environment.Job instance at 0x14f7adc9b190>,34,1,[ 2 10],52,75,76,23,52
1,<environment.Job instance at 0x14f7adc9bb90>,35,3,[1 9],54,54,57,0,54
1,<environment.Job instance at 0x14f7b1d90be0>,38,2,[ 1 10],60,76,78,16,60
1,<environment.Job instance at 0x14f80454a2d0>,39,13,[7 2],61,78,91,17,64
1,<environment.Job instance at 0x14f7ad7ccd20>,43,2,[10  2],66,91,93,25,66
1,<environment.Job instance at 0x14f7ad9cf960>,8,2,[9 1],12,93,95,81,66
1,<environment.Job instance at 0x14f7b09993c0>,46,1,[5 2],71,95,96,24,71
1,<environment.Job instance at 0x14f7b0999cd0>,47,18,[10  2],72,96,114,24,85
1,<environment.Job instance at 0x14f7b1b11370>,50,2,[1 8],76,85,87,9,85
1,<environment.Job instance at 0x14f7b1b11870>,52,1,[2 9],78,114,115,36,92
1,<environment.Job instance at 0x14f7b1b11550>,54,2,[5 2],82,115,117,33,92
1,<environment.Job instance at 0x14f7ad8cc500>,55,2,[10  1],83,117,119,34,92
1,<environment.Job instance at 0x14f7b1e2b820>,57,1,[7 2],86,119,120,33,94
1,<environment.Job instance at 0x14f7ada2d320>,60,3,[1 9],94,120,123,26,103
1,<environment.Job instance at 0x14f7ada2d870>,61,1,[1 7],97,115,116,18,103
1,<environment.Job instance at 0x14f7ada2d8c0>,62,14,[7 1],99,120,134,21,105
1,<environment.Job instance at 0x14f7ada2d6e0>,63,3,[6 2],100,134,137,34,108
1,<environment.Job instance at 0x14f7b1d8aaf0>,66,3,[8 2],108,137,140,29,111
1,<environment.Job instance at 0x14f7b1d8ac30>,70,3,[1 6],112,128,131,16,128
1,<environment.Job instance at 0x14f7b1d8a780>,71,1,[8 1],113,140,141,27,128
1,<environment.Job instance at 0x14f7b1d8aa00>,72,1,[6 1],114,141,142,27,128
1,<environment.Job instance at 0x14f7b1d8a230>,73,1,[1 9],118,131,132,13,128
1,<environment.Job instance at 0x14f7b1a20500>,0,3,[10  2],2,2,5,0,2
1,<environment.Job instance at 0x14f7ad73dd20>,2,1,[2 8],4,5,6,1,4
1,<environment.Job instance at 0x14f7ad73daf0>,3,2,[9 1],7,7,9,0,7
1,<environment.Job instance at 0x14f8000f97d0>,6,2,[6 2],12,12,14,0,12
1,<environment.Job instance at 0x14f8000f9730>,7,3,[5 2],17,17,20,0,17
1,<environment.Job instance at 0x14f8000f9640>,8,3,[ 2 10],18,20,23,2,18
1,<environment.Job instance at 0x14f7c89f5af0>,9,3,[1 5],20,23,26,3,20
1,<environment.Job instance at 0x14f7ad6c3b90>,10,1,[9 1],21,23,24,2,23
1,<environment.Job instance at 0x14f7ad6c3e60>,12,2,[2 5],24,24,26,0,24
1,<environment.Job instance at 0x14f7b1ede410>,20,2,[5 1],33,638,640,605,638
1,<environment.Job instance at 0x14f7b1b2b640>,21,3,[2 5],34,638,641,604,638
1,<environment.Job instance at 0x14f7b1edecd0>,22,1,[6 1],35,640,641,605,638
1,<environment.Job instance at 0x14f7b1b2b730>,23,1,[5 2],37,641,642,604,638
1,<environment.Job instance at 0x14f7b19fc280>,24,1,[6 1],38,642,643,604,638
1,<environment.Job instance at 0x14f7b19fc690>,25,3,[2 5],44,641,644,597,638
1,<environment.Job instance at 0x14f7cb167be0>,26,2,[2 5],46,643,645,597,638
1,<environment.Job instance at 0x14f7cb167f00>,27,1,[2 9],47,645,646,598,638
1,<environment.Job instance at 0x14f7cb167c80>,28,18,[7 2],49,646,664,597,638
1,<environment.Job instance at 0x14f7adc62820>,29,15,[1 5],50,646,661,596,638
1,<environment.Job instance at 0x14f7adc62500>,30,2,[2 9],51,664,666,613,638
1,<environment.Job instance at 0x14f7adc62190>,31,2,[6 2],52,666,668,614,639
1,<environment.Job instance at 0x14f7adc62c30>,32,3,[2 6],53,661,664,608,639
1,<environment.Job instance at 0x14f7adc62e60>,33,2,[1 6],54,666,668,612,639
1,<environment.Job instance at 0x14f7adc628c0>,34,1,[2 5],55,644,645,589,639
1,<environment.Job instance at 0x14f7adc62f50>,36,2,[10  1],57,668,670,611,641
1,<environment.Job instance at 0x14f7ad6e1960>,37,2,[7 1],58,664,666,606,641
1,<environment.Job instance at 0x14f7ad6e1f00>,38,2,[7 2],59,670,672,611,643
1,<environment.Job instance at 0x14f7cad739b0>,40,2,[9 1],61,672,674,611,645
1,<environment.Job instance at 0x14f7cad73d70>,41,3,[9 1],63,674,677,611,648
1,<environment.Job instance at 0x14f7cad73dc0>,42,14,[8 2],65,677,691,612,662
1,<environment.Job instance at 0x14f7cad73410>,46,3,[9 1],71,691,694,620,666
1,<environment.Job instance at 0x14f7cad73500>,47,3,[1 8],73,670,673,597,666
1,<environment.Job instance at 0x14f7cad73a50>,51,17,[1 6],80,673,690,593,666
1,<environment.Job instance at 0x14f7b06a65f0>,52,17,[10  2],81,694,711,613,682
1,<environment.Job instance at 0x14f7b06a66e0>,53,12,[1 7],82,711,723,629,694
1,<environment.Job instance at 0x14f7b06a64b0>,55,3,[9 1],87,711,714,624,694
1,<environment.Job instance at 0x14f7adb09190>,58,3,[1 6],90,723,726,633,697
1,<environment.Job instance at 0x14f7b19df6e0>,62,3,[1 7],94,726,729,632,700
1,<environment.Job instance at 0x14f7adc64870>,65,3,[1 9],97,729,732,632,703
1,<environment.Job instance at 0x14f7b07aa0f0>,66,3,[8 1],98,714,717,616,703
1,<environment.Job instance at 0x14f7b07aa500>,68,3,[1 9],102,732,735,630,706
1,<environment.Job instance at 0x14f7adc592d0>,70,3,[1 7],104,735,738,631,709
1,<environment.Job instance at 0x14f7adc59cd0>,72,16,[10  1],106,738,754,632,725
1,<environment.Job instance at 0x14f7adc59d20>,74,3,[9 2],109,725,728,616,725
1,<environment.Job instance at 0x14f7adc59b40>,77,1,[9 1],112,754,755,642,747
1,<environment.Job instance at 0x14f7adc59730>,78,2,[1 5],113,754,756,641,747
1,<environment.Job instance at 0x14f7adc01fa0>,79,1,[6 2],114,755,756,641,747
1,<environment.Job instance at 0x14f7adc01a50>,80,3,[7 2],116,756,759,640,747
1,<environment.Job instance at 0x14f7adc019b0>,81,13,[1 6],117,756,769,639,747
1,<environment.Job instance at 0x14f7b1edeaa0>,18,1,[1 9],31,965,966,934,965
1,<environment.Job instance at 0x14f7b07cef50>,0,3,[1 8],2,2,5,0,2
1,<environment.Job instance at 0x14f7c89c0cd0>,2,20,[10  2],4,5,25,1,4
1,<environment.Job instance at 0x14f7c89c05a0>,5,1,[7 2],8,25,26,17,9
1,<environment.Job instance at 0x14f7ae619460>,6,3,[ 2 10],10,26,29,16,10
1,<environment.Job instance at 0x14f7ae619d70>,7,1,[6 2],11,29,30,18,11
1,<environment.Job instance at 0x14f7ae619dc0>,8,3,[10  2],13,30,33,17,13
1,<environment.Job instance at 0x14f7b1a16960>,9,3,[2 7],15,33,36,18,15
1,<environment.Job instance at 0x14f7ad7f9b40>,12,1,[1 5],21,25,26,4,22
1,<environment.Job instance at 0x14f7ad34ba00>,15,1,[8 2],25,33,34,8,25
1,<environment.Job instance at 0x14f7b1dd7fa0>,16,2,[ 2 10],26,36,38,10,26
1,<environment.Job instance at 0x14f7ade27960>,19,14,[2 7],33,38,52,5,33
1,<environment.Job instance at 0x14f7ad5fc410>,20,3,[7 1],34,38,41,4,34
1,<environment.Job instance at 0x14f7b7d33aa0>,22,18,[6 1],36,41,59,5,36
1,<environment.Job instance at 0x14f7b7d335f0>,23,3,[2 9],37,52,55,15,37
1,<environment.Job instance at 0x14f7c803e870>,28,2,[6 2],43,59,61,16,43
1,<environment.Job instance at 0x14f7c803ec80>,29,16,[6 2],45,61,77,16,48
1,<environment.Job instance at 0x14f7c803ee10>,32,2,[8 1],50,77,79,27,50
1,<environment.Job instance at 0x14f7ada631e0>,36,3,[2 7],56,56,59,0,56
1,<environment.Job instance at 0x14f7b1e03550>,40,12,[5 2],64,79,91,15,64
1,<environment.Job instance at 0x14f7c80c4190>,43,3,[1 8],68,70,73,2,70
1,<environment.Job instance at 0x14f7c87535a0>,44,3,[2 9],72,91,94,19,72
1,<environment.Job instance at 0x14f7c8753690>,45,1,[8 2],74,94,95,20,74
1,<environment.Job instance at 0x14f7c8753230>,46,3,[7 1],76,91,94,15,76
1,<environment.Job instance at 0x14f7ad675c30>,48,3,[7 2],81,95,98,14,81
1,<environment.Job instance at 0x14f7ad675960>,49,3,[9 2],83,98,101,15,83
1,<environment.Job instance at 0x14f7ad675f50>,50,3,[1 6],86,86,89,0,86
1,<environment.Job instance at 0x14f7ad675cd0>,51,13,[1 5],87,94,107,7,87
1,<environment.Job instance at 0x14f7adad4b40>,54,3,[1 8],90,107,110,17,90
1,<environment.Job instance at 0x14f7b7d126e0>,58,3,[9 2],96,101,104,5,96
1,<environment.Job instance at 0x14f7b0a70690>,59,12,[8 1],97,104,116,7,97
1,<environment.Job instance at 0x14f7adb5c2d0>,61,16,[ 2 10],103,116,132,13,103
1,<environment.Job instance at 0x14f7ad9cbbe0>,63,2,[2 6],105,110,112,5,106
1,<environment.Job instance at 0x14f7b069e0a0>,65,1,[2 9],109,112,113,3,109
1,<environment.Job instance at 0x14f7b069e2d0>,66,1,[2 6],110,113,114,3,110
1,<environment.Job instance at 0x14f7ad96b690>,67,2,[1 8],111,114,116,3,111
1,<environment.Job instance at 0x14f7c804cc30>,68,1,[8 2],113,132,133,19,113
1,<environment.Job instance at 0x14f7c804c8c0>,69,13,[1 9],114,133,146,19,117
1,<environment.Job instance at 0x14f7c803ecd0>,30,2,[2 6],46,797,799,751,797
1,<environment.Job instance at 0x1525a738ba00>,1,3,[1 9],2,2,5,0,2
1,<environment.Job instance at 0x152550b5b910>,3,1,[6 2],4,5,6,1,4
1,<environment.Job instance at 0x152550b5bb90>,4,2,[7 2],5,6,8,1,5
1,<environment.Job instance at 0x152550b5b7d0>,5,3,[9 2],6,8,11,2,6
1,<environment.Job instance at 0x152550b5b1e0>,6,18,[8 1],7,11,29,4,8
1,<environment.Job instance at 0x1525a738b5f0>,7,1,[2 6],8,11,12,3,9
1,<environment.Job instance at 0x152550b5b6e0>,9,2,[6 1],11,29,31,18,11
1,<environment.Job instance at 0x152550b5b5f0>,11,3,[1 8],13,13,16,0,13
1,<environment.Job instance at 0x15255138deb0>,12,3,[1 8],14,16,19,2,14
1,<environment.Job instance at 0x152550b5b050>,16,1,[2 5],21,21,22,0,21
1,<environment.Job instance at 0x152551296fa0>,18,2,[10  1],25,31,33,6,25
1,<environment.Job instance at 0x1525512914b0>,19,3,[6 2],26,33,36,7,26
1,<environment.Job instance at 0x152551291d70>,21,3,[6 1],29,36,39,7,29
1,<environment.Job instance at 0x1525512785a0>,25,2,[2 8],34,34,36,0,34
1,<environment.Job instance at 0x152551278050>,27,2,[2 7],36,36,38,0,36
1,<environment.Job instance at 0x152551278a00>,29,16,[10  2],39,39,55,0,39
1,<environment.Job instance at 0x1525512d9730>,31,3,[9 2],41,55,58,14,41
1,<environment.Job instance at 0x1525512d1aa0>,32,3,[2 9],42,58,61,16,42
1,<environment.Job instance at 0x152551268910>,39,3,[1 5],52,534,537,482,534
1,<environment.Job instance at 0x152551268b90>,40,3,[1 6],53,537,540,484,534
1,<environment.Job instance at 0x1525512684b0>,42,1,[10  1],56,547,548,491,547
1,<environment.Job instance at 0x15255126cd70>,43,3,[7 2],57,548,551,491,547
1,<environment.Job instance at 0x15255126cf00>,44,3,[1 8],58,548,551,490,547
1,<environment.Job instance at 0x15255126ceb0>,45,3,[2 8],60,551,554,491,547
1,<environment.Job instance at 0x15255126c6e0>,46,2,[2 8],61,554,556,493,547
1,<environment.Job instance at 0x15255126c9b0>,47,1,[1 6],63,556,557,493,547
1,<environment.Job instance at 0x15255126c410>,48,1,[2 9],65,557,558,492,547
1,<environment.Job instance at 0x15255126cb40>,49,16,[8 2],66,558,574,492,547
1,<environment.Job instance at 0x15255126c910>,50,12,[9 1],68,574,586,506,557
1,<environment.Job instance at 0x15255126cc80>,51,2,[8 2],69,586,588,517,559
1,<environment.Job instance at 0x15255126cfa0>,52,2,[1 7],72,559,561,487,559
1,<environment.Job instance at 0x152551283960>,53,3,[6 1],73,588,591,515,562
1,<environment.Job instance at 0x152551283b40>,54,2,[2 5],75,562,564,487,562
1,<environment.Job instance at 0x152551283dc0>,56,1,[10  2],79,591,592,512,568
1,<environment.Job instance at 0x152551283230>,59,1,[1 9],85,574,575,489,570
1,<environment.Job instance at 0x1525512830f0>,60,17,[8 1],86,592,609,506,580
1,<environment.Job instance at 0x1525512800a0>,61,3,[1 5],87,580,583,493,580
1,<environment.Job instance at 0x152551280460>,62,3,[9 2],88,609,612,521,583
1,<environment.Job instance at 0x152551280320>,63,3,[10  1],89,612,615,523,586
1,<environment.Job instance at 0x152551280370>,64,12,[9 1],91,615,627,524,598
1,<environment.Job instance at 0x152551280d20>,65,3,[2 9],92,598,601,506,598
1,<environment.Job instance at 0x152551280e10>,66,3,[1 9],93,601,604,508,598
1,<environment.Job instance at 0x152550daafa0>,68,3,[1 9],95,604,607,509,599
1,<environment.Job instance at 0x15255128c230>,71,3,[2 9],99,627,630,528,601
1,<environment.Job instance at 0x15255128e460>,74,3,[6 2],106,630,633,524,604
1,<environment.Job instance at 0x15255128e8c0>,78,3,[2 9],110,633,636,523,607
1,<environment.Job instance at 0x15255128ea50>,79,3,[7 2],111,636,639,525,610
1,<environment.Job instance at 0x152551266e60>,81,3,[ 2 10],114,639,642,525,613
1,<environment.Job instance at 0x152551266dc0>,83,1,[10  1],117,642,643,525,614
1,<environment.Job instance at 0x152550dc47d0>,84,2,[ 1 10],118,643,645,525,616
1,<environment.Job instance at 0x152550dc4be0>,85,1,[7 2],120,645,646,525,617
1,<environment.Job instance at 0x152551264b40>,86,2,[1 8],121,617,619,496,617
1,<environment.Job instance at 0x1525512de050>,35,2,[1 8],45,619,621,574,617
1,<environment.Job instance at 0x152551264d70>,87,2,[2 6],122,630,632,508,617
1,<environment.Job instance at 0x152550dd06e0>,90,1,[2 7],127,632,633,505,617
1,<environment.Job instance at 0x152550dd0140>,91,1,[2 5],128,636,637,508,617
1,<environment.Job instance at 0x152550dd0910>,88,1,[1 5],123,637,638,514,635
1,<environment.Job instance at 0x1525512de870>,1,3,[2 8],2,2,5,0,2
1,<environment.Job instance at 0x1525512deaf0>,3,15,[10  2],5,5,20,0,5
1,<environment.Job instance at 0x1525533fe5f0>,5,16,[8 1],7,20,36,13,7
1,<environment.Job instance at 0x1525533febe0>,6,17,[1 9],9,20,37,11,11
1,<environment.Job instance at 0x1525534104b0>,20,15,[9 2],27,37,52,10,29
1,<environment.Job instance at 0x1525534141e0>,22,1,[1 6],29,37,38,8,29
1,<environment.Job instance at 0x1525534140f0>,23,1,[1 7],30,38,39,8,30
1,<environment.Job instance at 0x1525534140a0>,24,3,[9 1],33,52,55,19,33
1,<environment.Job instance at 0x152553414a50>,28,3,[7 2],38,55,58,17,47
1,<environment.Job instance at 0x152553414190>,29,2,[1 8],39,47,49,8,47
1,<environment.Job instance at 0x152553351730>,30,3,[1 7],41,49,52,8,47
1,<environment.Job instance at 0x152553351320>,33,3,[1 9],44,74,77,30,74
1,<environment.Job instance at 0x152553351d70>,34,2,[7 2],45,77,79,32,74
1,<environment.Job instance at 0x152553351be0>,35,12,[6 1],46,79,91,33,74
1,<environment.Job instance at 0x15255353ebe0>,37,3,[5 1],53,102,105,49,102
1,<environment.Job instance at 0x15255353ea50>,38,15,[1 7],55,102,117,47,102
1,<environment.Job instance at 0x15255353ea00>,39,3,[ 2 10],56,117,120,61,102
1,<environment.Job instance at 0x152553533b40>,47,19,[ 1 10],68,120,139,52,110
1,<environment.Job instance at 0x1525533375f0>,49,3,[5 2],70,110,113,40,110
1,<environment.Job instance at 0x152553337640>,51,13,[ 2 10],72,139,152,67,123
1,<environment.Job instance at 0x152553337a50>,52,1,[1 7],73,152,153,79,124
1,<environment.Job instance at 0x152553337190>,53,1,[2 9],74,153,154,79,125
1,<environment.Job instance at 0x152553346d70>,55,3,[ 2 10],77,154,157,77,139
1,<environment.Job instance at 0x152553346280>,56,14,[10  1],79,157,171,78,142
1,<environment.Job instance at 0x152553346c80>,61,3,[6 1],84,171,174,87,145
1,<environment.Job instance at 0x15255343fa50>,67,17,[7 1],92,174,191,82,162
1,<environment.Job instance at 0x15255343faa0>,71,1,[9 1],101,191,192,90,176
1,<environment.Job instance at 0x15255343faf0>,72,12,[1 5],102,176,188,74,176
1,<environment.Job instance at 0x152553538870>,77,2,[1 5],109,188,190,79,176
1,<environment.Job instance at 0x152553538cd0>,78,3,[1 5],110,190,193,80,176
1,<environment.Job instance at 0x152553538640>,79,2,[10  2],111,193,195,82,176
1,<environment.Job instance at 0x152553538c30>,80,3,[2 8],115,195,198,80,176
1,<environment.Job instance at 0x152553538a00>,81,1,[2 6],116,198,199,82,176
1,<environment.Job instance at 0x152553538320>,82,2,[1 6],117,199,201,82,176
1,<environment.Job instance at 0x152553347690>,85,18,[10  1],126,201,219,75,190
1,<environment.Job instance at 0x15255328f910>,0,3,[8 1],2,2,5,0,2
1,<environment.Job instance at 0x1525532730f0>,6,16,[1 7],9,10,26,1,10
1,<environment.Job instance at 0x152553635d70>,0,2,[2 9],1,1,3,0,1
1,<environment.Job instance at 0x152553635780>,1,3,[9 1],4,4,7,0,4
1,<environment.Job instance at 0x15257da56820>,4,3,[5 1],10,10,13,0,10
1,<environment.Job instance at 0x15257da56b40>,5,14,[1 6],12,12,26,0,12
1,<environment.Job instance at 0x15257da566e0>,8,2,[10  2],15,26,28,11,15
1,<environment.Job instance at 0x15257da56e10>,10,3,[9 2],18,18,21,0,18
1,<environment.Job instance at 0x15257da56c80>,11,3,[6 2],21,21,24,0,21
1,<environment.Job instance at 0x15257da56460>,13,3,[1 7],23,28,31,5,23
1,<environment.Job instance at 0x15255b764a50>,16,3,[1 7],28,31,34,3,28
1,<environment.Job instance at 0x15255b764fa0>,19,3,[6 1],33,33,36,0,33
1,<environment.Job instance at 0x15255b764280>,21,2,[2 9],35,35,37,0,35
1,<environment.Job instance at 0x15255b764f00>,22,2,[2 5],36,37,39,1,36
1,<environment.Job instance at 0x15255b764960>,23,16,[2 9],37,39,55,2,38
1,<environment.Job instance at 0x15255b764140>,25,3,[8 1],39,39,42,0,39
1,<environment.Job instance at 0x15255b764b90>,26,3,[8 1],43,43,46,0,43
1,<environment.Job instance at 0x1525533232d0>,27,1,[10  1],44,55,56,11,44
1,<environment.Job instance at 0x152553323f00>,31,13,[ 2 10],52,56,69,4,52
1,<environment.Job instance at 0x152553323780>,32,1,[2 6],53,69,70,16,53
1,<environment.Job instance at 0x15255b6b9d70>,33,2,[1 5],55,70,72,15,55
1,<environment.Job instance at 0x15255b6b9050>,34,2,[8 1],56,69,71,13,56
1,<environment.Job instance at 0x15255b6b98c0>,35,3,[2 9],57,72,75,15,57
1,<environment.Job instance at 0x15255b6b91e0>,37,3,[1 5],60,75,78,15,60
1,<environment.Job instance at 0x15255b6b9550>,39,3,[2 8],62,78,81,16,62
1,<environment.Job instance at 0x15255353c7d0>,44,14,[9 1],70,81,95,11,70
1,<environment.Job instance at 0x15255353c780>,45,3,[10  1],71,95,98,24,71
1,<environment.Job instance at 0x15255353ca50>,48,3,[1 9],74,81,84,7,74
1,<environment.Job instance at 0x15255353c640>,50,2,[1 5],78,84,86,6,78
1,<environment.Job instance at 0x15255353ca00>,51,15,[10  1],79,98,113,19,84
1,<environment.Job instance at 0x15255353c960>,55,2,[6 1],84,113,115,29,87
1,<environment.Job instance at 0x15255b781910>,56,3,[10  1],86,115,118,29,89
1,<environment.Job instance at 0x15255b781c30>,57,3,[10  2],87,118,121,31,92
1,<environment.Job instance at 0x152554c11e60>,62,3,[1 6],94,121,124,27,102
1,<environment.Job instance at 0x152554c11320>,64,2,[ 1 10],96,124,126,28,111
1,<environment.Job instance at 0x152554c115a0>,66,15,[7 2],98,126,141,28,114
1,<environment.Job instance at 0x152554c11be0>,67,16,[2 8],99,126,142,27,114
1,<environment.Job instance at 0x152554c11f50>,68,3,[6 1],100,121,124,21,114
1,<environment.Job instance at 0x152554c11140>,69,2,[1 8],101,142,144,41,115
1,<environment.Job instance at 0x152554c11e10>,70,3,[2 8],102,144,147,42,118
1,<environment.Job instance at 0x152554c11640>,72,3,[5 2],106,141,144,35,118
1,<environment.Job instance at 0x152554c11b90>,75,1,[6 2],111,144,145,33,118
1,<environment.Job instance at 0x1525508273c0>,78,2,[10  1],114,147,149,33,121
1,<environment.Job instance at 0x1525508195a0>,79,2,[2 7],116,149,151,33,122
1,<environment.Job instance at 0x1525508193c0>,80,1,[5 2],117,145,146,28,122
1,<environment.Job instance at 0x15255085fe60>,81,1,[2 5],118,151,152,33,123
1,<environment.Job instance at 0x152558d7aeb0>,82,2,[ 1 10],120,152,154,32,125
1,<environment.Job instance at 0x152551321e10>,83,3,[2 5],121,154,157,33,128
1,<environment.Job instance at 0x15255136cbe0>,84,12,[6 1],122,154,166,32,137
1,<environment.Job instance at 0x15255a3d9140>,85,2,[5 2],123,149,151,26,137
1,<environment.Job instance at 0x15255aa920f0>,86,1,[7 1],126,146,147,20,137
1,<environment.Job instance at 0x15255055d460>,87,2,[7 1],127,166,168,39,139
1,<environment.Job instance at 0x15255aa92370>,88,1,[7 2],128,151,152,23,139
1,<environment.Job instance at 0x15255aa92500>,89,3,[10  2],129,168,171,39,142
1,<environment.Job instance at 0x15255b6b9370>,42,3,[1 6],67,778,781,711,778
1,<environment.Job instance at 0x152554768aa0>,1,3,[1 7],3,3,6,0,3
1,<environment.Job instance at 0x15255370ff00>,4,17,[9 2],8,8,25,0,8
1,<environment.Job instance at 0x15255370f6e0>,8,3,[2 7],12,25,28,13,12
1,<environment.Job instance at 0x15255371b8c0>,12,15,[7 1],17,25,40,8,17
1,<environment.Job instance at 0x1525505d91e0>,16,3,[1 7],23,28,31,5,23
1,<environment.Job instance at 0x152553713690>,17,17,[2 7],24,31,48,7,24
1,<environment.Job instance at 0x152550b8fd70>,23,12,[9 2],30,48,60,18,31
1,<environment.Job instance at 0x1525537c1d20>,27,16,[10  2],34,60,76,26,47
1,<environment.Job instance at 0x152550ae3320>,31,2,[7 2],40,76,78,36,49
1,<environment.Job instance at 0x152550ae3550>,33,2,[1 8],42,76,78,34,59
1,<environment.Job instance at 0x152550ae3d70>,34,14,[6 1],43,78,92,35,63
1,<environment.Job instance at 0x152550ae3e10>,36,14,[2 8],45,78,92,33,63
1,<environment.Job instance at 0x152550ae3140>,38,3,[7 1],47,92,95,45,66
1,<environment.Job instance at 0x15255138ccd0>,42,2,[10  2],52,95,97,43,81
1,<environment.Job instance at 0x152550a5caa0>,43,3,[7 1],56,97,100,41,81
1,<environment.Job instance at 0x152550a5c6e0>,44,3,[2 8],57,92,95,35,81
1,<environment.Job instance at 0x152550a5c140>,45,3,[1 9],58,97,100,39,81
1,<environment.Job instance at 0x152550a5caf0>,46,16,[10  1],59,100,116,41,87
1,<environment.Job instance at 0x152550b90690>,47,3,[2 9],60,116,119,56,90
1,<environment.Job instance at 0x15257c000eb0>,49,12,[7 1],64,116,128,52,99
1,<environment.Job instance at 0x1525507546e0>,50,3,[10  1],67,128,131,61,102
1,<environment.Job instance at 0x152550742a00>,51,3,[6 1],69,131,134,62,105
1,<environment.Job instance at 0x1525536f6460>,52,3,[8 1],70,134,137,64,108
1,<environment.Job instance at 0x152553719280>,58,3,[5 2],80,137,140,57,111
1,<environment.Job instance at 0x1525548c15f0>,60,13,[7 2],82,140,153,58,124
1,<environment.Job instance at 0x1525537e5eb0>,61,3,[8 1],83,153,156,70,127
1,<environment.Job instance at 0x1525547c0c30>,62,3,[2 6],86,131,134,45,127
1,<environment.Job instance at 0x1525505f7190>,63,18,[1 5],87,134,152,47,127
1,<environment.Job instance at 0x15255b760c30>,66,3,[2 9],94,153,156,59,135
1,<environment.Job instance at 0x15255328b550>,70,2,[ 1 10],100,156,158,56,137
1,<environment.Job instance at 0x15255328b9b0>,72,3,[10  2],103,158,161,55,142
1,<environment.Job instance at 0x152554731a50>,73,2,[1 6],107,161,163,54,142
1,<environment.Job instance at 0x152554731e60>,74,3,[1 9],108,163,166,55,142
1,<environment.Job instance at 0x15255aafc6e0>,75,16,[2 7],111,166,182,55,153
1,<environment.Job instance at 0x15255aafc370>,76,1,[6 2],112,161,162,49,153
1,<environment.Job instance at 0x15255aafcd20>,77,3,[10  2],114,182,185,68,156
1,<environment.Job instance at 0x1525536a3f50>,78,3,[5 1],118,162,165,44,156
1,<environment.Job instance at 0x1525536a37d0>,80,2,[7 2],120,166,168,46,156
1,<environment.Job instance at 0x1525536a3550>,81,2,[6 2],121,168,170,47,156
1,<environment.Job instance at 0x1525536a3b90>,82,3,[9 1],122,185,188,63,159
1,<environment.Job instance at 0x15255b7645f0>,84,2,[5 2],124,170,172,46,160
1,<environment.Job instance at 0x15255341e910>,86,21,[1 8],126,185,206,59,177
1,<environment.Job instance at 0x15255059fdc0>,88,2,[6 1],129,178,180,49,178
1,<environment.Job instance at 0x15255077deb0>,0,3,[9 2],2,2,5,0,2
1,<environment.Job instance at 0x1525512b01e0>,3,3,[9 2],5,5,8,0,5
1,<environment.Job instance at 0x152553713230>,4,2,[2 9],7,8,10,1,7
1,<environment.Job instance at 0x1525512b0280>,6,1,[5 1],13,13,14,0,13
1,<environment.Job instance at 0x1525512b0690>,7,13,[10  1],15,15,28,0,15
1,<environment.Job instance at 0x1525512b0dc0>,8,2,[1 8],17,28,30,11,17
1,<environment.Job instance at 0x1525512b07d0>,9,1,[10  2],18,30,31,12,18
1,<environment.Job instance at 0x1525512b0be0>,10,3,[2 8],19,31,34,12,19
1,<environment.Job instance at 0x1525512b0370>,12,2,[8 2],25,28,30,3,25
1,<environment.Job instance at 0x15255b764eb0>,14,3,[6 2],27,31,34,4,27
1,<environment.Job instance at 0x15255b764dc0>,15,1,[8 1],29,34,35,5,29
1,<environment.Job instance at 0x15255b764870>,16,3,[1 9],31,34,37,3,31
1,<environment.Job instance at 0x15255b764640>,17,1,[2 9],34,37,38,3,34
1,<environment.Job instance at 0x15255b764af0>,18,2,[7 2],35,38,40,3,35
1,<environment.Job instance at 0x15255b764140>,19,12,[7 1],36,40,52,4,36
1,<environment.Job instance at 0x15255080ab40>,1,1,[10  2],3,3,4,0,3
1,<environment.Job instance at 0x1525537c71e0>,2,21,[ 2 10],4,4,25,0,4
1,<environment.Job instance at 0x15255b732050>,8,2,[2 9],11,25,27,14,11
1,<environment.Job instance at 0x15255b732c30>,9,2,[1 5],12,27,29,15,12
1,<environment.Job instance at 0x1525a4252820>,10,16,[1 8],13,29,45,16,16
1,<environment.Job instance at 0x15255b732370>,12,1,[9 1],16,27,28,11,26
1,<environment.Job instance at 0x15255134f780>,13,17,[2 5],17,45,62,28,33
1,<environment.Job instance at 0x1525509c2230>,16,2,[5 2],21,41,43,20,41
1,<environment.Job instance at 0x15255abad140>,17,2,[5 1],22,43,45,21,41
1,<environment.Job instance at 0x15255134f7d0>,18,1,[1 7],23,62,63,39,41
1,<environment.Job instance at 0x15255134f640>,19,17,[9 1],26,62,79,36,50
1,<environment.Job instance at 0x152551de4cd0>,23,3,[2 6],31,79,82,48,53
1,<environment.Job instance at 0x15255095c870>,26,2,[7 2],35,55,57,20,55
1,<environment.Job instance at 0x15255091e140>,27,2,[9 2],36,82,84,46,55
1,<environment.Job instance at 0x15255074d2d0>,28,3,[5 1],37,57,60,20,55
1,<environment.Job instance at 0x1525512b41e0>,30,13,[2 6],39,84,97,45,68
1,<environment.Job instance at 0x1525512b4280>,32,1,[8 2],43,79,80,36,68
1,<environment.Job instance at 0x152551dfc7d0>,33,17,[7 1],44,84,101,40,72
1,<environment.Job instance at 0x152554b793c0>,37,1,[8 2],48,80,81,32,80
1,<environment.Job instance at 0x15255064d9b0>,42,13,[2 9],53,97,110,44,81
1,<environment.Job instance at 0x15257da61af0>,44,3,[8 2],56,110,113,54,84
1,<environment.Job instance at 0x15257da61e10>,46,13,[10  1],59,113,126,54,97
1,<environment.Job instance at 0x15257c034d70>,50,3,[10  1],63,126,129,63,100
1,<environment.Job instance at 0x15257c0344b0>,51,3,[6 1],64,101,104,37,100
1,<environment.Job instance at 0x152553738230>,53,3,[2 7],66,110,113,44,100
1,<environment.Job instance at 0x152554c011e0>,58,3,[2 8],71,129,132,58,103
1,<environment.Job instance at 0x15255b7269b0>,62,15,[ 2 10],76,132,147,56,118
1,<environment.Job instance at 0x1525536285a0>,63,3,[10  2],77,147,150,70,121
1,<environment.Job instance at 0x15255356aa00>,64,3,[2 5],79,150,153,71,124
1,<environment.Job instance at 0x1525533ed050>,66,3,[7 2],81,150,153,69,130
1,<environment.Job instance at 0x1525533edbe0>,67,2,[2 9],82,153,155,71,130
1,<environment.Job instance at 0x1525533edfa0>,68,2,[2 7],83,155,157,72,130
1,<environment.Job instance at 0x1525533edc80>,69,18,[6 1],85,153,171,68,142
1,<environment.Job instance at 0x1525533ed960>,70,15,[2 9],86,157,172,71,143
1,<environment.Job instance at 0x1525533edc30>,75,1,[6 1],92,171,172,79,144
1,<environment.Job instance at 0x1525546beaf0>,78,1,[8 1],97,172,173,75,156
1,<environment.Job instance at 0x1525546beb90>,79,1,[5 1],99,173,174,74,156
1,<environment.Job instance at 0x1525546bea00>,80,2,[7 2],100,174,176,74,156
1,<environment.Job instance at 0x1525546be550>,82,3,[1 8],103,182,185,79,182
1,<environment.Job instance at 0x1525546be820>,84,2,[7 2],106,182,184,76,182
1,<environment.Job instance at 0x152550a09e60>,87,17,[1 7],110,185,202,75,182
1,<environment.Job instance at 0x152550a09960>,88,15,[10  2],114,202,217,88,188
1,<environment.Job instance at 0x1525508dcd20>,95,14,[1 6],123,217,231,94,202
1,<environment.Job instance at 0x1525508dceb0>,98,2,[10  2],127,231,233,104,204
1,<environment.Job instance at 0x152554b87460>,2,3,[2 5],4,4,7,0,4
1,<environment.Job instance at 0x1525505a5f00>,5,1,[10  1],8,8,9,0,8
1,<environment.Job instance at 0x1525505a5e10>,6,3,[10  1],11,11,14,0,11
1,<environment.Job instance at 0x1525505a50a0>,7,2,[ 2 10],12,14,16,2,12
1,<environment.Job instance at 0x1525505a5780>,8,3,[9 2],13,16,19,3,13
1,<environment.Job instance at 0x1525505a9fa0>,9,1,[1 9],14,19,20,5,14
1,<environment.Job instance at 0x1525505a51e0>,10,1,[8 2],17,20,21,3,17
1,<environment.Job instance at 0x1525505bd2d0>,12,1,[9 2],20,21,22,1,20
1,<environment.Job instance at 0x152550328870>,13,1,[10  1],21,22,23,1,21
1,<environment.Job instance at 0x15255059fe10>,19,14,[7 1],30,38,52,8,38
1,<environment.Job instance at 0x15255059f640>,20,2,[7 1],31,52,54,21,38
1,<environment.Job instance at 0x15255059f4b0>,21,1,[8 1],32,54,55,22,38
1,<environment.Job instance at 0x152555a75a50>,22,2,[10  2],33,55,57,22,38
1,<environment.Job instance at 0x15255059f1e0>,23,14,[9 1],34,57,71,23,42
1,<environment.Job instance at 0x15255059f690>,24,3,[9 2],35,71,74,36,45
1,<environment.Job instance at 0x152554b07500>,28,3,[9 2],41,74,77,33,48
1,<environment.Job instance at 0x15257d1667d0>,29,3,[10  1],42,77,80,35,51
1,<environment.Job instance at 0x152558d903c0>,30,17,[1 8],48,57,74,9,51
1,<environment.Job instance at 0x152554724140>,31,2,[8 2],50,80,82,30,53
1,<environment.Job instance at 0x1525547246e0>,33,3,[1 9],52,82,85,30,68
1,<environment.Job instance at 0x152554724870>,34,13,[2 9],56,85,98,29,69
1,<environment.Job instance at 0x152554724aa0>,36,3,[2 8],58,98,101,40,72
1,<environment.Job instance at 0x152554724f00>,39,2,[8 2],62,98,100,36,72
1,<environment.Job instance at 0x152554724eb0>,40,15,[10  1],63,101,116,38,87
1,<environment.Job instance at 0x152554724b90>,42,1,[8 2],65,100,101,35,87
1,<environment.Job instance at 0x152554724c80>,43,2,[ 1 10],66,116,118,50,89
1,<environment.Job instance at 0x152554724a50>,45,1,[5 1],68,118,119,50,109
1,<environment.Job instance at 0x152554721aa0>,47,1,[8 1],70,119,120,49,109
1,<environment.Job instance at 0x1525547218c0>,48,1,[7 2],72,120,121,48,109
1,<environment.Job instance at 0x15255470cdc0>,49,12,[6 2],73,121,133,48,109
1,<environment.Job instance at 0x15255470c3c0>,50,3,[1 7],74,118,121,44,109
1,<environment.Job instance at 0x15255473cdc0>,51,2,[6 2],76,133,135,57,109
1,<environment.Job instance at 0x15255473c690>,52,3,[9 1],77,135,138,58,109
1,<environment.Job instance at 0x15255473c370>,55,14,[9 2],80,138,152,58,123
1,<environment.Job instance at 0x15255473c0f0>,57,16,[1 8],82,123,139,41,123
1,<environment.Job instance at 0x1525534ebbe0>,61,2,[8 2],86,152,154,66,125
1,<environment.Job instance at 0x15255b6c2410>,62,1,[9 2],87,154,155,67,126
1,<environment.Job instance at 0x1525512135f0>,63,2,[1 7],88,139,141,51,126
1,<environment.Job instance at 0x1525512135a0>,65,16,[2 9],92,155,171,63,142
1,<environment.Job instance at 0x152554806d70>,68,14,[ 1 10],97,171,185,74,156
1,<environment.Job instance at 0x1525a73311e0>,69,1,[5 2],98,185,186,87,157
1,<environment.Job instance at 0x15255b78d9b0>,70,1,[8 2],99,186,187,87,158
1,<environment.Job instance at 0x1525533ea0a0>,71,2,[7 2],101,187,189,86,160
1,<environment.Job instance at 0x15257de99af0>,72,3,[6 1],103,160,163,57,160
1,<environment.Job instance at 0x1525548061e0>,74,1,[9 1],105,189,190,84,162
1,<environment.Job instance at 0x1525532ea0f0>,75,3,[5 1],106,163,166,57,162
1,<environment.Job instance at 0x1525532ea5f0>,76,3,[1 6],107,185,188,78,162
1,<environment.Job instance at 0x1525532eabe0>,79,2,[7 1],111,190,192,79,187
1,<environment.Job instance at 0x1525532eaaf0>,80,3,[9 1],116,192,195,76,187
1,<environment.Job instance at 0x1525532eaa00>,81,13,[2 5],118,195,208,77,187
1,<environment.Job instance at 0x1525532eaeb0>,82,2,[1 8],119,188,190,69,187
1,<environment.Job instance at 0x1525532eafa0>,83,1,[2 6],120,190,191,70,187
1,<environment.Job instance at 0x1525532ead70>,84,2,[9 2],123,208,210,85,187
1,<environment.Job instance at 0x1525532db6e0>,85,1,[ 2 10],127,210,211,83,187
1,<environment.Job instance at 0x1525532c6d20>,0,3,[1 8],1,1,4,0,1
1,<environment.Job instance at 0x1525532db4b0>,2,16,[9 1],4,4,20,0,4
1,<environment.Job instance at 0x152553319d70>,5,2,[5 2],13,20,22,7,13
1,<environment.Job instance at 0x152551de7370>,6,2,[7 2],14,22,24,8,14
1,<environment.Job instance at 0x1525533196e0>,7,2,[5 2],16,20,22,4,16
1,<environment.Job instance at 0x152551de75a0>,8,1,[ 2 10],17,24,25,7,17
1,<environment.Job instance at 0x152550914a50>,9,1,[6 2],18,25,26,7,18
1,<environment.Job instance at 0x15255b7e0910>,14,3,[2 8],23,25,28,2,23
1,<environment.Job instance at 0x15255b7edf50>,15,3,[8 2],25,26,29,1,25
1,<environment.Job instance at 0x152554bdb050>,18,2,[8 1],28,29,31,1,28
1,<environment.Job instance at 0x1525500467d0>,22,3,[ 2 10],35,35,38,0,35
1,<environment.Job instance at 0x1525548c0410>,25,2,[10  2],38,38,40,0,38
1,<environment.Job instance at 0x152554894b40>,27,3,[2 8],40,40,43,0,40
1,<environment.Job instance at 0x152554894fa0>,28,2,[6 2],41,41,43,0,41
1,<environment.Job instance at 0x152554894280>,29,1,[7 1],44,44,45,0,44
1,<environment.Job instance at 0x15257da320a0>,30,2,[5 2],45,45,47,0,45
1,<environment.Job instance at 0x15257da32780>,31,15,[1 9],46,47,62,1,46
1,<environment.Job instance at 0x15257da325a0>,32,3,[6 1],47,47,50,0,47
1,<environment.Job instance at 0x15255aabb640>,36,2,[10  2],53,62,64,9,53
1,<environment.Job instance at 0x152554893c80>,40,3,[8 1],58,58,61,0,58
1,<environment.Job instance at 0x1525505bb5a0>,43,17,[10  1],66,66,83,0,66
1,<environment.Job instance at 0x1525509213c0>,44,3,[2 6],67,83,86,16,67
1,<environment.Job instance at 0x15255073ff50>,56,1,[9 1],84,86,87,2,84
1,<environment.Job instance at 0x15255aabef00>,57,1,[ 2 10],85,87,88,2,85
1,<environment.Job instance at 0x15255aabeeb0>,58,12,[2 8],88,88,100,0,88
1,<environment.Job instance at 0x15255aabe2d0>,59,3,[ 1 10],91,100,103,9,91
1,<environment.Job instance at 0x15255aabeaa0>,60,1,[8 2],92,92,93,0,92
1,<environment.Job instance at 0x15255aabebe0>,61,18,[9 1],93,103,121,10,93
1,<environment.Job instance at 0x15255aabe050>,62,2,[8 1],95,95,97,0,95
1,<environment.Job instance at 0x15255aabe460>,63,13,[8 2],96,121,134,25,105
1,<environment.Job instance at 0x1525532f7820>,67,3,[8 2],103,134,137,31,108
1,<environment.Job instance at 0x1525532f7b90>,69,3,[2 8],105,121,124,16,108
1,<environment.Job instance at 0x1525504dfa00>,72,1,[1 7],110,110,111,0,110
1,<environment.Job instance at 0x1525504dff50>,74,16,[1 6],112,124,140,12,112
1,<environment.Job instance at 0x1525504df5a0>,75,15,[10  2],113,140,155,27,126
1,<environment.Job instance at 0x1525504df2d0>,78,3,[5 1],117,137,140,20,126
1,<environment.Job instance at 0x1525504dfe60>,84,3,[9 1],126,155,158,29,129
1,<environment.Job instance at 0x15257da33550>,0,3,[ 2 10],1,1,4,0,1
1,<environment.Job instance at 0x15255488a280>,2,1,[9 2],4,4,5,0,4
1,<environment.Job instance at 0x15255488afa0>,4,1,[5 1],6,6,7,0,6
1,<environment.Job instance at 0x15255488a640>,5,1,[8 1],8,8,9,0,8
1,<environment.Job instance at 0x152550b29aa0>,8,3,[1 9],12,12,15,0,12
1,<environment.Job instance at 0x152550b29e10>,10,1,[7 2],15,15,16,0,15
1,<environment.Job instance at 0x152550b29f50>,11,1,[10  1],16,16,17,0,16
1,<environment.Job instance at 0x1525501a0320>,12,3,[2 5],18,18,21,0,18
1,<environment.Job instance at 0x1525536cf230>,13,2,[6 2],19,19,21,0,19
1,<environment.Job instance at 0x152550b296e0>,17,1,[10  1],23,23,24,0,23
1,<environment.Job instance at 0x152554b328c0>,19,1,[7 1],25,25,26,0,25
1,<environment.Job instance at 0x152553432190>,20,3,[9 2],26,26,29,0,26
1,<environment.Job instance at 0x1525537cd7d0>,23,3,[2 5],29,29,32,0,29
1,<environment.Job instance at 0x152550025370>,24,2,[8 1],30,30,32,0,30
1,<environment.Job instance at 0x15255000bfa0>,25,27,[6 1],31,32,59,1,31
1,<environment.Job instance at 0x152550042730>,31,3,[7 2],38,59,62,21,47
1,<environment.Job instance at 0x1525500427d0>,33,1,[1 8],42,47,48,5,47
1,<environment.Job instance at 0x1525500426e0>,34,16,[5 2],43,62,78,19,49
1,<environment.Job instance at 0x15255aba89b0>,35,1,[6 1],45,78,79,33,50
1,<environment.Job instance at 0x15255aba8730>,37,2,[1 7],49,74,76,25,74
1,<environment.Job instance at 0x15255487dbe0>,38,3,[7 1],50,79,82,29,74
1,<environment.Job instance at 0x1525507355a0>,39,1,[6 1],51,82,83,31,74
1,<environment.Job instance at 0x1525507359b0>,40,15,[6 2],52,83,98,31,74
1,<environment.Job instance at 0x1525507352d0>,41,3,[2 9],53,78,81,25,74
1,<environment.Job instance at 0x1525507356e0>,42,17,[1 8],55,81,98,26,74
1,<environment.Job instance at 0x1525507355f0>,44,16,[2 7],57,98,114,41,94
1,<environment.Job instance at 0x15257c098f00>,46,2,[1 5],60,114,116,54,94
1,<environment.Job instance at 0x15257c0986e0>,48,2,[9 1],62,114,116,52,94
1,<environment.Job instance at 0x15257c098b40>,49,3,[9 2],63,116,119,53,94
1,<environment.Job instance at 0x152553273a00>,52,1,[ 1 10],67,119,120,52,98
1,<environment.Job instance at 0x15257c098280>,53,1,[2 7],68,120,121,52,98
1,<environment.Job instance at 0x15255aafd500>,61,18,[10  2],78,121,139,43,110
1,<environment.Job instance at 0x15255aafdeb0>,62,12,[2 9],79,139,151,60,122
1,<environment.Job instance at 0x1525536d0cd0>,68,3,[1 5],88,151,154,63,136
1,<environment.Job instance at 0x15255374cd70>,69,1,[10  1],89,154,155,65,136
1,<environment.Job instance at 0x1525536d0780>,70,1,[10  2],90,155,156,65,136
1,<environment.Job instance at 0x1525536d0e10>,71,16,[7 1],91,156,172,65,143
1,<environment.Job instance at 0x152554b04190>,72,1,[1 6],92,156,157,64,143
1,<environment.Job instance at 0x15257d129730>,73,14,[1 8],93,157,171,64,143
1,<environment.Job instance at 0x15257da560f0>,74,2,[5 1],94,143,145,49,143
1,<environment.Job instance at 0x1525504dc320>,75,2,[7 2],95,151,153,56,143
1,<environment.Job instance at 0x1525504dc2d0>,76,1,[1 6],96,171,172,75,143
1,<environment.Job instance at 0x152553489910>,77,3,[2 6],97,172,175,75,146
1,<environment.Job instance at 0x1525500511e0>,78,3,[1 9],98,175,178,77,149
1,<environment.Job instance at 0x152551dbf0f0>,85,3,[9 1],110,175,178,65,151
1,<environment.Job instance at 0x1525501bbeb0>,89,2,[1 7],114,178,180,64,160
1,<environment.Job instance at 0x152554b318c0>,90,1,[6 2],117,172,173,55,160
1,<environment.Job instance at 0x1525513982d0>,91,3,[5 2],118,178,181,60,160
1,<environment.Job instance at 0x152551398320>,92,15,[8 1],119,181,196,62,167
1,<environment.Job instance at 0x1525513980a0>,93,3,[2 7],120,180,183,60,167
1,<environment.Job instance at 0x152551398c80>,94,2,[8 2],122,173,175,51,167
1,<environment.Job instance at 0x152550769e60>,95,14,[2 9],127,183,197,56,168
1,<environment.Job instance at 0x152550769870>,96,1,[5 2],129,197,198,68,169
1,<environment.Job instance at 0x1525532b5dc0>,0,1,[7 2],2,3,4,1,3
1,<environment.Job instance at 0x1525533927d0>,3,3,[2 6],5,5,8,0,5
1,<environment.Job instance at 0x1525533925a0>,7,3,[1 9],11,11,14,0,11
1,<environment.Job instance at 0x152550945140>,8,17,[1 5],12,14,31,2,12
1,<environment.Job instance at 0x152550945230>,9,3,[8 1],14,14,17,0,14
1,<environment.Job instance at 0x152550945e60>,10,1,[1 8],15,31,32,16,15
1,<environment.Job instance at 0x152550945b90>,11,1,[10  2],19,32,33,13,19
1,<environment.Job instance at 0x152550930b40>,12,2,[2 6],20,33,35,13,20
1,<environment.Job instance at 0x152550b48460>,13,1,[1 5],21,21,22,0,21
1,<environment.Job instance at 0x152550930aa0>,14,3,[7 2],23,23,26,0,23
1,<environment.Job instance at 0x152550b48280>,15,1,[2 8],24,35,36,11,24
1,<environment.Job instance at 0x152551316c80>,17,3,[10  1],28,36,39,8,28
1,<environment.Job instance at 0x1525501a51e0>,19,3,[7 2],31,33,36,2,31
1,<environment.Job instance at 0x1525532b5550>,1,1,[2 8],3,39,40,36,32
1,<environment.Job instance at 0x1525533ce370>,29,3,[2 5],45,78,81,33,78
1,<environment.Job instance at 0x15257d3b94b0>,30,18,[5 2],47,78,96,31,78
1,<environment.Job instance at 0x15257d3b95a0>,31,1,[1 6],48,81,82,33,78
1,<environment.Job instance at 0x15257d3b9f00>,32,2,[2 6],50,82,84,32,78
1,<environment.Job instance at 0x15257d3b9820>,33,2,[6 2],51,96,98,45,78
1,<environment.Job instance at 0x15257d3b96e0>,34,3,[2 7],52,84,87,32,78
1,<environment.Job instance at 0x1525508b6f00>,35,1,[10  1],56,98,99,42,78
1,<environment.Job instance at 0x1525508b60f0>,36,3,[10  1],57,99,102,42,78
1,<environment.Job instance at 0x1525508b6910>,37,2,[6 1],58,102,104,44,78
1,<environment.Job instance at 0x15257c074820>,38,3,[1 5],59,87,90,28,78
1,<environment.Job instance at 0x15257c074320>,39,2,[10  2],60,104,106,44,78
1,<environment.Job instance at 0x15257c074b40>,40,1,[9 1],61,106,107,45,78
1,<environment.Job instance at 0x15257c074aa0>,41,1,[1 8],62,90,91,28,78
1,<environment.Job instance at 0x15257c074640>,43,3,[2 7],64,93,96,29,93
1,<environment.Job instance at 0x15257c074fa0>,44,1,[7 1],65,107,108,42,93
1,<environment.Job instance at 0x15257c074f00>,45,2,[7 2],66,108,110,42,93
1,<environment.Job instance at 0x15257c074780>,46,13,[10  1],68,110,123,42,94
1,<environment.Job instance at 0x152550a4eeb0>,47,3,[2 6],69,107,110,38,94
1,<environment.Job instance at 0x152550a4ef50>,49,1,[6 2],71,123,124,52,96
1,<environment.Job instance at 0x152558d7eb40>,50,1,[9 1],72,124,125,52,96
1,<environment.Job instance at 0x1525536d1e10>,52,3,[10  2],77,125,128,48,99
1,<environment.Job instance at 0x15257d3b3be0>,55,1,[7 2],81,128,129,47,100
1,<environment.Job instance at 0x15257d3b3f50>,56,3,[9 1],82,129,132,47,103
1,<environment.Job instance at 0x1525537e5af0>,60,3,[2 8],87,132,135,45,106
1,<environment.Job instance at 0x1525537e53c0>,63,1,[8 2],90,132,133,42,120
1,<environment.Job instance at 0x1525537e5aa0>,64,2,[2 6],91,135,137,44,120
1,<environment.Job instance at 0x1525537e52d0>,65,3,[1 9],92,129,132,37,120
1,<environment.Job instance at 0x1525537e5370>,66,2,[1 7],94,123,125,29,120
1,<environment.Job instance at 0x1525537e56e0>,67,3,[2 9],95,137,140,42,120
1,<environment.Job instance at 0x1525537e5320>,68,2,[6 1],96,133,135,37,120
1,<environment.Job instance at 0x1525508777d0>,69,1,[5 1],97,135,136,38,120
1,<environment.Job instance at 0x152550877190>,70,16,[2 6],98,140,156,42,127
1,<environment.Job instance at 0x152550877a00>,74,3,[1 9],106,156,159,50,130
1,<environment.Job instance at 0x1525504e8f50>,75,2,[9 2],108,159,161,51,132
1,<environment.Job instance at 0x1525504e8eb0>,76,3,[2 7],109,161,164,52,135
1,<environment.Job instance at 0x1525504e8e60>,79,3,[1 7],115,164,167,49,138
1,<environment.Job instance at 0x1525504e8d20>,80,14,[2 5],117,167,181,50,152
1,<environment.Job instance at 0x1525504e8960>,82,2,[6 1],123,152,154,29,152
1,<environment.Job instance at 0x15255475dc30>,87,12,[5 2],129,161,173,32,158
1,<environment.Job instance at 0x1525512f7780>,25,1,[2 6],38,451,452,413,451
1,<environment.Job instance at 0x152550dd1a00>,0,20,[9 1],1,1,21,0,1
1,<environment.Job instance at 0x1525503c1fa0>,1,3,[5 1],3,21,24,18,3
1,<environment.Job instance at 0x1525536cbdc0>,5,3,[8 1],7,24,27,17,7
1,<environment.Job instance at 0x1525536cba50>,6,2,[6 2],8,27,29,19,8
1,<environment.Job instance at 0x1525536cb5f0>,7,3,[9 2],9,29,32,20,9
1,<environment.Job instance at 0x1525536cb690>,10,2,[2 8],20,21,23,1,20
1,<environment.Job instance at 0x1525536cbbe0>,11,1,[7 1],23,32,33,9,23
1,<environment.Job instance at 0x1525536cb6e0>,12,2,[2 6],24,26,28,2,26
1,<environment.Job instance at 0x1525536cb780>,15,2,[5 1],28,33,35,5,28
1,<environment.Job instance at 0x1525536cb870>,16,3,[9 1],29,35,38,6,29
1,<environment.Job instance at 0x1525536cb410>,17,1,[7 2],30,38,39,8,30
1,<environment.Job instance at 0x152554718b40>,19,3,[9 2],34,39,42,5,34
1,<environment.Job instance at 0x152554718780>,20,2,[2 5],35,42,44,7,35
1,<environment.Job instance at 0x152554718d20>,21,1,[1 9],36,36,37,0,36
1,<environment.Job instance at 0x152554718cd0>,22,3,[1 7],37,37,40,0,37
1,<environment.Job instance at 0x152554718f50>,23,1,[1 8],38,40,41,2,38
1,<environment.Job instance at 0x1525a424ac30>,24,20,[7 2],39,42,62,3,39
1,<environment.Job instance at 0x1525a424abe0>,25,1,[1 9],40,62,63,22,40
1,<environment.Job instance at 0x1525a424a820>,27,3,[ 2 10],42,63,66,21,42
1,<environment.Job instance at 0x1525a424ab40>,29,1,[8 1],46,62,63,16,46
1,<environment.Job instance at 0x1525a424a0f0>,30,3,[1 6],47,47,50,0,47
1,<environment.Job instance at 0x1525a424aa00>,31,2,[1 6],48,50,52,2,48
1,<environment.Job instance at 0x152558d655f0>,32,1,[2 5],49,52,53,3,49
1,<environment.Job instance at 0x1525536cb230>,13,3,[6 2],26,66,69,40,49
1,<environment.Job instance at 0x152553287aa0>,43,18,[10  2],69,69,87,0,69
1,<environment.Job instance at 0x1525532876e0>,49,3,[1 7],75,87,90,12,75
1,<environment.Job instance at 0x1525532870a0>,50,3,[10  2],77,90,93,13,77
1,<environment.Job instance at 0x1525532b6dc0>,51,17,[9 2],79,93,110,14,81
1,<environment.Job instance at 0x1525532b6aa0>,58,13,[1 9],90,110,123,20,94
1,<environment.Job instance at 0x152550406e60>,63,3,[10  1],97,123,126,26,98
1,<environment.Job instance at 0x152550406640>,64,1,[9 2],98,126,127,28,98
1,<environment.Job instance at 0x1525534890f0>,67,13,[1 9],101,127,140,26,115
1,<environment.Job instance at 0x1525534898c0>,68,2,[10  2],102,140,142,38,115
1,<environment.Job instance at 0x152553489780>,73,3,[1 8],110,142,145,32,127
1,<environment.Job instance at 0x152553489690>,75,2,[2 8],112,145,147,33,127
1,<environment.Job instance at 0x152553489d20>,76,3,[1 7],113,147,150,34,127
1,<environment.Job instance at 0x152553489b90>,77,2,[6 1],114,127,129,13,127
1,<environment.Job instance at 0x152553489af0>,78,3,[7 2],115,142,145,27,127
1,<environment.Job instance at 0x152553489f50>,79,2,[8 1],116,129,131,13,127
1,<environment.Job instance at 0x152553489d70>,80,15,[8 2],117,145,160,28,131
1,<environment.Job instance at 0x152553489550>,81,1,[10  1],118,160,161,42,132
1,<environment.Job instance at 0x152553489be0>,82,2,[8 2],120,161,163,41,134
1,<environment.Job instance at 0x152553489b40>,84,3,[6 1],122,134,137,12,134
1,<environment.Job instance at 0x1525503ecc30>,86,3,[2 5],124,150,153,26,142
1,<environment.Job instance at 0x1525503ec3c0>,87,3,[2 8],126,153,156,27,142
1,<environment.Job instance at 0x15255ab07460>,89,3,[1 8],128,156,159,28,142
1,<environment.Job instance at 0x152555a99dc0>,0,3,[1 9],1,1,4,0,1
1,<environment.Job instance at 0x152550333550>,1,15,[9 1],2,2,17,0,2
1,<environment.Job instance at 0x152555a99e60>,3,13,[8 1],4,17,30,13,4
1,<environment.Job instance at 0x152555a99190>,4,3,[2 8],5,17,20,12,5
1,<environment.Job instance at 0x152555a99690>,8,1,[2 7],10,20,21,10,10
1,<environment.Job instance at 0x152550a70e10>,9,3,[8 2],11,30,33,19,11
1,<environment.Job instance at 0x152553761550>,10,3,[ 2 10],12,33,36,21,12
1,<environment.Job instance at 0x152550a70960>,11,2,[9 1],14,36,38,22,14
1,<environment.Job instance at 0x1525501b8c30>,13,3,[1 8],17,21,24,4,17
1,<environment.Job instance at 0x1525537b1b40>,16,15,[10  1],23,38,53,15,24
1,<environment.Job instance at 0x1525505a3910>,17,3,[1 8],25,25,28,0,25
1,<environment.Job instance at 0x152554894b90>,23,2,[8 2],31,53,55,22,31
1,<environment.Job instance at 0x1525500f1d20>,24,2,[8 1],32,55,57,23,32
1,<environment.Job instance at 0x15255aa4fe60>,19,3,[8 1],27,57,60,30,33
1,<environment.Job instance at 0x1525500f1690>,27,3,[ 2 10],37,60,63,23,37
1,<environment.Job instance at 0x15255aad2eb0>,30,16,[5 1],41,79,95,38,79
1,<environment.Job instance at 0x15255aad2640>,31,3,[2 5],43,79,82,36,79
1,<environment.Job instance at 0x15255aad2870>,32,13,[1 5],44,82,95,38,79
1,<environment.Job instance at 0x15255aad2be0>,33,15,[5 1],46,95,110,49,81
1,<environment.Job instance at 0x15255092a460>,35,1,[6 1],48,110,111,62,85
1,<environment.Job instance at 0x15255092a5a0>,36,18,[8 2],49,111,129,62,100
1,<environment.Job instance at 0x1525501b6b90>,38,3,[2 6],51,102,105,51,102
1,<environment.Job instance at 0x1525501b6dc0>,39,3,[2 6],52,105,108,53,102
1,<environment.Job instance at 0x1525501b6d20>,40,1,[5 2],53,108,109,55,102
1,<environment.Job instance at 0x1525501b6320>,41,3,[7 1],54,129,132,75,103
1,<environment.Job instance at 0x1525501b6550>,42,2,[2 6],55,109,111,54,103
1,<environment.Job instance at 0x1525501b68c0>,43,3,[2 7],57,111,114,54,103
1,<environment.Job instance at 0x1525506700a0>,44,18,[1 6],58,114,132,56,103
1,<environment.Job instance at 0x152550670af0>,45,3,[1 5],60,132,135,72,106
1,<environment.Job instance at 0x1525535392d0>,46,2,[2 8],61,135,137,74,108
1,<environment.Job instance at 0x152553539820>,48,15,[1 5],63,764,779,701,764
1,<environment.Job instance at 0x15255023e960>,49,3,[2 5],65,764,767,699,764
1,<environment.Job instance at 0x1525509065f0>,52,2,[9 1],69,767,769,698,764
1,<environment.Job instance at 0x152550906280>,53,18,[2 5],70,769,787,699,764
1,<environment.Job instance at 0x152550906690>,54,3,[10  2],71,787,790,716,764
1,<environment.Job instance at 0x152550906b90>,55,1,[6 1],74,779,780,705,764
1,<environment.Job instance at 0x152550906730>,56,3,[10  1],75,790,793,715,764
1,<environment.Job instance at 0x152550906c80>,57,3,[6 2],76,780,783,704,764
1,<environment.Job instance at 0x152550906140>,59,2,[7 1],78,783,785,705,773
1,<environment.Job instance at 0x15255b703c30>,60,3,[10  1],79,793,796,714,773
1,<environment.Job instance at 0x15255046df50>,61,1,[6 1],80,785,786,705,773
1,<environment.Job instance at 0x152550493050>,63,1,[2 7],82,796,797,714,773
1,<environment.Job instance at 0x15255095ca00>,64,3,[7 1],83,796,799,713,773
1,<environment.Job instance at 0x1525503baf00>,65,1,[8 2],84,786,787,702,773
1,<environment.Job instance at 0x152550b90820>,67,15,[1 8],87,800,815,713,800
1,<environment.Job instance at 0x15255b7a3500>,68,2,[8 2],88,800,802,712,800
1,<environment.Job instance at 0x1525534a43c0>,69,13,[6 1],89,802,815,713,800
1,<environment.Job instance at 0x152553351e60>,70,3,[10  1],91,815,818,724,800
1,<environment.Job instance at 0x15257d1520a0>,72,2,[10  1],94,818,820,724,800
1,<environment.Job instance at 0x1525537d5640>,75,1,[8 1],99,820,821,721,801
1,<environment.Job instance at 0x15254ffdd8c0>,78,3,[2 7],105,820,823,715,803
1,<environment.Job instance at 0x1525532ba8c0>,79,3,[10  2],108,823,826,715,803
1,<environment.Job instance at 0x1525532bab90>,81,3,[8 2],111,826,829,715,805
1,<environment.Job instance at 0x1525532ba640>,82,2,[2 5],114,826,828,712,805
1,<environment.Job instance at 0x1525532baaa0>,84,1,[8 1],116,821,822,705,821
1,<environment.Job instance at 0x15257de8b0a0>,85,3,[9 1],117,829,832,712,821
1,<environment.Job instance at 0x152551ddbaa0>,86,2,[9 1],119,832,834,713,821
1,<environment.Job instance at 0x152551ddbc80>,87,17,[2 6],120,834,851,714,822
1,<environment.Job instance at 0x152551ddb3c0>,88,3,[1 7],123,828,831,705,822
1,<environment.Job instance at 0x152551ddb140>,89,1,[8 2],124,822,823,698,822
1,<environment.Job instance at 0x152554ae0be0>,90,2,[10  1],125,851,853,726,824
1,<environment.Job instance at 0x152551ddba00>,91,2,[10  1],126,853,855,727,826
1,<environment.Job instance at 0x152554ae0aa0>,92,16,[10  2],127,855,871,728,842
1,<environment.Job instance at 0x152550031550>,94,1,[1 7],129,871,872,742,843
1,<environment.Job instance at 0x15255375f320>,0,3,[2 9],2,2,5,0,2
1,<environment.Job instance at 0x1525504005a0>,4,3,[10  2],8,8,11,0,8
1,<environment.Job instance at 0x152550400f00>,14,2,[5 1],20,116,118,96,116
1,<environment.Job instance at 0x152550400870>,15,3,[ 2 10],22,118,121,96,116
1,<environment.Job instance at 0x152550aaa320>,16,2,[2 8],23,116,118,93,116
1,<environment.Job instance at 0x152550aaae60>,17,2,[8 1],24,121,123,97,116
1,<environment.Job instance at 0x152550aaa2d0>,18,3,[2 8],27,121,124,94,116
1,<environment.Job instance at 0x152550aaa280>,19,3,[9 1],28,124,127,96,116
1,<environment.Job instance at 0x152550aaa0a0>,20,3,[2 9],30,127,130,97,116
1,<environment.Job instance at 0x152550aaaeb0>,21,2,[10  2],31,130,132,99,116
1,<environment.Job instance at 0x152550aaadc0>,23,3,[ 1 10],34,132,135,98,116
1,<environment.Job instance at 0x152550aaa1e0>,24,1,[9 2],35,135,136,100,116
1,<environment.Job instance at 0x152550aaa550>,25,1,[7 2],36,123,124,87,116
1,<environment.Job instance at 0x152550aaa140>,26,2,[5 2],37,136,138,99,116
1,<environment.Job instance at 0x152550aaaf00>,30,3,[6 1],44,142,145,98,142
1,<environment.Job instance at 0x152550aaaaf0>,31,16,[ 2 10],45,145,161,100,142
1,<environment.Job instance at 0x152550aaa500>,32,2,[5 1],47,161,163,114,142
1,<environment.Job instance at 0x15255b7065f0>,33,3,[6 1],48,163,166,115,142
1,<environment.Job instance at 0x152550aaa910>,34,1,[10  1],49,166,167,117,142
1,<environment.Job instance at 0x15255b7069b0>,36,3,[ 2 10],51,167,170,116,145
1,<environment.Job instance at 0x15255b706320>,38,1,[9 2],54,170,171,116,146
1,<environment.Job instance at 0x15255b7064b0>,39,3,[2 9],55,161,164,106,146
1,<environment.Job instance at 0x15255b706a00>,40,3,[2 5],56,171,174,115,146
1,<environment.Job instance at 0x15255b706730>,41,3,[1 7],57,174,177,117,148
1,<environment.Job instance at 0x15255b7067d0>,42,2,[2 6],58,164,166,106,148
1,<environment.Job instance at 0x15255b706b90>,43,2,[5 2],59,171,173,112,148
1,<environment.Job instance at 0x15255b7063c0>,44,12,[ 1 10],60,177,189,117,160
1,<environment.Job instance at 0x15255b706870>,48,3,[1 7],65,189,192,124,163
1,<environment.Job instance at 0x15255b7062d0>,55,3,[1 6],74,192,195,118,173
1,<environment.Job instance at 0x15255b706f00>,56,2,[1 9],77,195,197,118,173
1,<environment.Job instance at 0x1525534ac4b0>,58,12,[5 1],79,189,201,110,177
1,<environment.Job instance at 0x1525534ac2d0>,59,16,[1 7],81,197,213,116,184
1,<environment.Job instance at 0x1525534ac190>,60,3,[2 6],82,213,216,131,187
1,<environment.Job instance at 0x1525534ac0a0>,61,17,[6 1],85,201,218,116,189
1,<environment.Job instance at 0x1525534ace10>,62,3,[2 8],86,216,219,130,190
1,<environment.Job instance at 0x1525534ac690>,66,1,[1 5],91,219,220,128,194
1,<environment.Job instance at 0x1525534ac370>,68,3,[2 8],93,220,223,127,194
1,<environment.Job instance at 0x1525534acb40>,69,3,[2 9],94,223,226,129,197
1,<environment.Job instance at 0x1525534ac870>,70,15,[8 1],96,218,233,122,204
1,<environment.Job instance at 0x1525534ac1e0>,71,1,[2 7],97,226,227,129,204
1,<environment.Job instance at 0x1525534accd0>,72,1,[7 2],98,233,234,135,205
1,<environment.Job instance at 0x1525534ac410>,74,1,[ 2 10],100,234,235,134,217
1,<environment.Job instance at 0x1525534acfa0>,75,2,[2 5],101,227,229,126,217
1,<environment.Job instance at 0x1525534ac910>,76,15,[7 2],102,235,250,133,221
1,<environment.Job instance at 0x1525534ac230>,77,1,[7 2],105,250,251,145,222
1,<environment.Job instance at 0x1525534ac820>,78,1,[1 8],106,229,230,123,222
1,<environment.Job instance at 0x1525534ac460>,79,2,[1 7],107,230,232,123,222
1,<environment.Job instance at 0x1525534acd20>,81,2,[1 6],109,235,237,126,235
1,<environment.Job instance at 0x152552840910>,83,3,[10  1],112,260,263,148,260
1,<environment.Job instance at 0x1525528403c0>,84,3,[10  1],113,263,266,150,260
1,<environment.Job instance at 0x152552840410>,86,17,[7 2],116,266,283,150,260
1,<environment.Job instance at 0x152552840230>,87,13,[2 5],117,266,279,149,260
1,<environment.Job instance at 0x152552840dc0>,88,2,[6 1],119,283,285,164,260
1,<environment.Job instance at 0x15255063bb90>,91,3,[9 1],124,285,288,161,264
1,<environment.Job instance at 0x15255063b050>,93,3,[1 5],127,279,282,152,264
1,<environment.Job instance at 0x15255063be10>,94,1,[10  1],129,288,289,159,264
1,<environment.Job instance at 0x152550db71e0>,1,1,[5 2],2,2,3,0,2
1,<environment.Job instance at 0x152550db72d0>,2,3,[1 7],3,3,6,0,3
1,<environment.Job instance at 0x152550db7fa0>,6,1,[1 5],8,8,9,0,8
1,<environment.Job instance at 0x1525573096e0>,7,1,[8 2],9,9,10,0,9
1,<environment.Job instance at 0x152550db7b90>,5,2,[5 2],7,10,12,3,9
1,<environment.Job instance at 0x152550db7500>,8,2,[7 1],10,12,14,2,10
1,<environment.Job instance at 0x152557309d70>,9,1,[10  1],11,14,15,3,11
1,<environment.Job instance at 0x1525573091e0>,10,2,[ 1 10],12,15,17,3,12
1,<environment.Job instance at 0x152557309280>,12,3,[2 5],14,17,20,3,14
1,<environment.Job instance at 0x152557309910>,13,18,[10  1],15,20,38,5,15
1,<environment.Job instance at 0x15255000b8c0>,14,2,[7 1],16,17,19,1,16
1,<environment.Job instance at 0x15255355faf0>,22,2,[8 2],28,112,114,84,112
1,<environment.Job instance at 0x15255355fcd0>,23,14,[9 2],29,114,128,85,112
1,<environment.Job instance at 0x152555a7de10>,25,3,[1 5],31,112,115,81,112
1,<environment.Job instance at 0x1525504bdf50>,26,1,[1 5],33,115,116,82,112
1,<environment.Job instance at 0x1525504bd5f0>,27,16,[8 1],34,128,144,94,115
1,<environment.Job instance at 0x1525504bd0f0>,30,3,[1 7],38,117,120,79,117
1,<environment.Job instance at 0x1525504bd910>,31,3,[7 1],39,144,147,105,118
1,<environment.Job instance at 0x1525504bd1e0>,32,2,[2 7],40,128,130,88,118
1,<environment.Job instance at 0x15255132e1e0>,34,1,[1 9],42,130,131,88,118
1,<environment.Job instance at 0x15255132e500>,37,16,[1 6],46,135,151,89,135
1,<environment.Job instance at 0x15255132ec80>,38,3,[2 6],48,151,154,103,135
1,<environment.Job instance at 0x15255132e410>,39,14,[10  1],49,154,168,105,139
1,<environment.Job instance at 0x15255132edc0>,41,3,[5 1],51,147,150,96,144
1,<environment.Job instance at 0x15255132e5a0>,42,2,[8 1],53,150,152,97,144
1,<environment.Job instance at 0x15255132e730>,43,3,[9 1],54,168,171,114,144
1,<environment.Job instance at 0x15255132e690>,44,3,[8 2],55,171,174,116,145
1,<environment.Job instance at 0x15255b4805a0>,48,13,[ 2 10],62,174,187,112,164
1,<environment.Job instance at 0x15255b480280>,49,2,[1 9],63,168,170,105,164
1,<environment.Job instance at 0x15255b480870>,51,1,[8 1],65,187,188,122,164
1,<environment.Job instance at 0x15255b480f00>,52,18,[10  1],66,188,206,122,177
1,<environment.Job instance at 0x1525500d9820>,53,1,[8 2],67,206,207,139,178
1,<environment.Job instance at 0x15255b765b90>,54,2,[7 1],68,207,209,139,180
1,<environment.Job instance at 0x1525500d91e0>,55,1,[5 1],69,209,210,140,181
1,<environment.Job instance at 0x15255373d4b0>,57,3,[7 1],71,210,213,139,184
1,<environment.Job instance at 0x15255aaecbe0>,58,3,[8 2],72,213,216,141,187
1,<environment.Job instance at 0x1525547348c0>,63,3,[1 5],82,206,209,124,196
1,<environment.Job instance at 0x152551238af0>,65,13,[8 1],85,216,229,131,200
1,<environment.Job instance at 0x152551238be0>,68,12,[9 1],88,229,241,141,212
1,<environment.Job instance at 0x152551238550>,69,3,[9 2],90,241,244,151,215
1,<environment.Job instance at 0x1525532730a0>,77,3,[10  2],99,244,247,145,218
1,<environment.Job instance at 0x15255041a5a0>,79,3,[2 7],101,223,226,122,223
1,<environment.Job instance at 0x15255aab6410>,82,16,[1 9],104,434,450,330,434
1,<environment.Job instance at 0x15255aab6500>,84,13,[8 1],106,443,456,337,443
1,<environment.Job instance at 0x15255aab6230>,85,1,[6 1],107,456,457,349,443
1,<environment.Job instance at 0x1525535c9be0>,87,1,[5 1],109,457,458,348,443
1,<environment.Job instance at 0x15255aab6460>,88,3,[5 2],110,457,460,347,443
1,<environment.Job instance at 0x152550742f00>,90,3,[5 2],115,458,461,343,443
1,<environment.Job instance at 0x15255356a460>,91,15,[10  2],116,461,476,345,447
1,<environment.Job instance at 0x15255356acd0>,92,2,[8 2],117,476,478,359,449
1,<environment.Job instance at 0x15255356a3c0>,97,3,[9 1],124,478,481,354,456
1,<environment.Job instance at 0x15255356af00>,98,14,[2 5],126,481,495,355,466
1,<environment.Job instance at 0x15255356a9b0>,99,2,[1 8],127,476,478,349,466
1,<environment.Job instance at 0x15255356ac80>,100,1,[5 1],128,481,482,353,466
1,<environment.Job instance at 0x15255abe9370>,0,2,[8 1],1,1,3,0,1
1,<environment.Job instance at 0x1525500ef550>,1,2,[6 2],3,3,5,0,3
1,<environment.Job instance at 0x15257da28280>,5,2,[9 1],9,9,11,0,9
1,<environment.Job instance at 0x15257da28a50>,9,3,[7 1],14,14,17,0,14
1,<environment.Job instance at 0x15257da0ed20>,18,17,[ 1 10],26,251,268,225,251
1,<environment.Job instance at 0x15257da0e780>,19,3,[1 6],29,268,271,239,251
1,<environment.Job instance at 0x15255b797910>,20,3,[2 6],30,271,274,241,251
1,<environment.Job instance at 0x15257da0e3c0>,21,3,[2 5],31,274,277,243,251
1,<environment.Job instance at 0x15257da0ea00>,23,12,[9 1],33,277,289,244,260
1,<environment.Job instance at 0x15255131f320>,24,3,[7 2],35,268,271,233,260
1,<environment.Job instance at 0x152554c0e4b0>,25,3,[1 6],37,277,280,240,260
1,<environment.Job instance at 0x15255131fc30>,27,2,[8 1],43,271,273,228,260
1,<environment.Job instance at 0x15255480ec80>,28,3,[9 2],44,289,292,245,263
1,<environment.Job instance at 0x15255488ad70>,32,3,[5 1],50,273,276,223,265
1,<environment.Job instance at 0x1525532d3140>,36,14,[10  2],56,292,306,236,277
1,<environment.Job instance at 0x1525534b9280>,37,3,[2 6],57,306,309,249,280
1,<environment.Job instance at 0x15257c029b40>,41,3,[1 9],66,285,288,219,285
1,<environment.Job instance at 0x15257c029280>,42,1,[5 2],67,306,307,239,285
1,<environment.Job instance at 0x15257c0294b0>,43,1,[9 1],68,309,310,241,285
1,<environment.Job instance at 0x15257c029230>,45,14,[10  1],71,310,324,239,295
1,<environment.Job instance at 0x15257c029370>,47,16,[9 2],73,324,340,251,311
1,<environment.Job instance at 0x15257c03ff00>,53,2,[10  1],82,340,342,258,313
1,<environment.Job instance at 0x15257c03faa0>,55,3,[6 2],84,342,345,258,316
1,<environment.Job instance at 0x15257c03fd20>,56,3,[2 5],88,342,345,254,316
1,<environment.Job instance at 0x1525502e9be0>,60,3,[1 9],94,345,348,251,319
1,<environment.Job instance at 0x15257c03f4b0>,61,3,[2 7],96,348,351,252,322
1,<environment.Job instance at 0x1525502e9730>,62,3,[2 9],97,351,354,254,325
1,<environment.Job instance at 0x1525502e9640>,63,3,[6 1],99,345,348,246,325
1,<environment.Job instance at 0x152555a88b40>,66,2,[9 1],102,354,356,252,337
1,<environment.Job instance at 0x152555a88140>,68,3,[ 1 10],105,356,359,251,347
1,<environment.Job instance at 0x152555a889b0>,70,2,[6 2],107,348,350,241,348
1,<environment.Job instance at 0x152555a88820>,71,13,[6 1],108,359,372,251,348
1,<environment.Job instance at 0x152552830320>,73,3,[6 2],110,372,375,262,348
1,<environment.Job instance at 0x1525528306e0>,74,3,[5 2],112,375,378,263,349
1,<environment.Job instance at 0x152552830cd0>,76,17,[9 1],114,378,395,264,366
1,<environment.Job instance at 0x15255b78ec80>,82,2,[10  1],125,395,397,270,371
1,<environment.Job instance at 0x15257d3d8a50>,84,1,[6 2],128,397,398,269,385
1,<environment.Job instance at 0x152551de42d0>,85,1,[6 1],129,398,399,269,385
1,<environment.Job instance at 0x152550050f50>,0,1,[5 1],3,3,4,0,3
1,<environment.Job instance at 0x152557311dc0>,2,3,[ 2 10],6,6,9,0,6
1,<environment.Job instance at 0x1525509b1690>,6,3,[1 9],14,14,17,0,14
1,<environment.Job instance at 0x1525509b1960>,9,2,[ 1 10],20,20,22,0,20
1,<environment.Job instance at 0x1525503aee60>,10,13,[7 2],21,22,35,1,21
1,<environment.Job instance at 0x1525511e6500>,11,1,[1 6],22,22,23,0,22
1,<environment.Job instance at 0x15255376b7d0>,12,1,[1 8],23,23,24,0,23
1,<environment.Job instance at 0x1525503ae730>,13,1,[8 2],25,35,36,10,25
1,<environment.Job instance at 0x1525502fe820>,14,2,[10  2],26,36,38,10,26
1,<environment.Job instance at 0x15255376b460>,20,14,[1 7],34,38,52,4,34
1,<environment.Job instance at 0x152550dbc370>,22,12,[5 2],37,38,50,1,37
1,<environment.Job instance at 0x1525500406e0>,28,1,[7 2],46,50,51,4,46
1,<environment.Job instance at 0x1525509a94b0>,29,15,[7 1],47,51,66,4,47
1,<environment.Job instance at 0x1525509a95f0>,30,13,[5 2],53,66,79,13,53
1,<environment.Job instance at 0x1525509a9370>,31,3,[1 9],54,54,57,0,54
1,<environment.Job instance at 0x1525509a9f00>,32,1,[1 7],57,57,58,0,57
1,<environment.Job instance at 0x1525500435f0>,34,3,[6 2],60,79,82,19,62
1,<environment.Job instance at 0x152550043280>,35,17,[6 2],65,82,99,17,70
1,<environment.Job instance at 0x152550043d70>,37,3,[8 2],68,99,102,31,73
1,<environment.Job instance at 0x152550043780>,38,14,[10  2],69,102,116,33,87
1,<environment.Job instance at 0x152554b31d70>,41,3,[1 6],72,87,90,15,87
1,<environment.Job instance at 0x152550022730>,45,3,[10  2],82,116,119,34,90
1,<environment.Job instance at 0x1525532a0320>,48,2,[9 1],87,119,121,32,92
1,<environment.Job instance at 0x152551346a00>,51,2,[6 2],92,121,123,29,94
1,<environment.Job instance at 0x15255469b230>,52,3,[5 2],97,123,126,26,97
1,<environment.Job instance at 0x15255469b140>,53,3,[ 2 10],98,126,129,28,100
1,<environment.Job instance at 0x15255469bb90>,54,3,[1 5],100,119,122,19,100
1,<environment.Job instance at 0x15255469b050>,55,1,[9 1],101,129,130,28,101
1,<environment.Job instance at 0x1525507b0640>,60,2,[10  1],107,130,132,23,117
1,<environment.Job instance at 0x1525507b0dc0>,61,2,[8 1],108,132,134,24,117
1,<environment.Job instance at 0x1525507b05f0>,62,3,[2 9],110,132,135,22,117
1,<environment.Job instance at 0x1525507b0230>,63,1,[1 9],111,129,130,18,117
1,<environment.Job instance at 0x1525507b0280>,64,18,[8 2],112,135,153,23,124
1,<environment.Job instance at 0x1525507b0690>,65,2,[5 1],113,124,126,11,124
1,<environment.Job instance at 0x1525507b0910>,66,3,[2 5],114,135,138,21,124
1,<environment.Job instance at 0x1525503f0190>,67,1,[6 1],115,134,135,19,124
1,<environment.Job instance at 0x15257d3dd410>,2,3,[2 6],3,3,6,0,3
1,<environment.Job instance at 0x152554b315f0>,6,2,[10  1],7,7,9,0,7
1,<environment.Job instance at 0x152554b31910>,9,1,[9 2],10,10,11,0,10
1,<environment.Job instance at 0x152554b319b0>,10,2,[9 1],11,12,14,1,12
1,<environment.Job instance at 0x15255376bdc0>,11,3,[9 1],13,14,17,1,13
1,<environment.Job instance at 0x1525535cffa0>,13,3,[2 9],16,17,20,1,16
1,<environment.Job instance at 0x152550506fa0>,20,2,[1 8],29,49,51,20,49
1,<environment.Job instance at 0x1525535cf460>,22,17,[10  2],31,51,68,20,49
1,<environment.Job instance at 0x152550824c80>,25,3,[9 1],37,68,71,31,61
1,<environment.Job instance at 0x1525532c1d70>,27,2,[7 1],39,71,73,32,61
1,<environment.Job instance at 0x1525508ab910>,28,3,[1 6],40,68,71,28,61
1,<environment.Job instance at 0x152551366910>,29,1,[6 1],41,73,74,32,61
1,<environment.Job instance at 0x1525537baf50>,30,1,[1 5],42,71,72,29,61
1,<environment.Job instance at 0x1525548bb6e0>,31,2,[1 7],43,72,74,29,61
1,<environment.Job instance at 0x1525508ab6e0>,32,3,[1 7],44,74,77,30,61
1,<environment.Job instance at 0x1525508ab230>,33,1,[1 8],45,77,78,32,61
1,<environment.Job instance at 0x152554ae89b0>,34,2,[2 5],46,78,80,32,61
1,<environment.Job instance at 0x15255372c1e0>,35,3,[1 9],47,80,83,33,61
1,<environment.Job instance at 0x15255364cd70>,36,3,[8 1],48,74,77,26,61
1,<environment.Job instance at 0x15255372c460>,37,1,[2 9],49,83,84,34,61
1,<environment.Job instance at 0x1525508233c0>,38,3,[1 9],52,84,87,32,61
1,<environment.Job instance at 0x152550823cd0>,39,1,[9 1],53,77,78,24,61
1,<environment.Job instance at 0x152550823730>,40,3,[1 7],54,87,90,33,61
1,<environment.Job instance at 0x152550823370>,41,2,[1 8],55,90,92,35,63
1,<environment.Job instance at 0x152550823d20>,42,16,[10  1],56,92,108,36,79
1,<environment.Job instance at 0x152550823550>,43,3,[5 1],58,79,82,21,79
1,<environment.Job instance at 0x152550a3e0f0>,44,3,[9 2],59,87,90,28,79
1,<environment.Job instance at 0x152550a3ec80>,46,2,[ 1 10],61,209,211,148,209
1,<environment.Job instance at 0x152553739cd0>,47,1,[9 1],62,211,212,149,209
1,<environment.Job instance at 0x152553739960>,48,2,[1 5],63,211,213,148,209
1,<environment.Job instance at 0x152553739d20>,49,1,[6 2],64,212,213,148,209
1,<environment.Job instance at 0x1525537395f0>,50,3,[7 2],66,213,216,147,209
1,<environment.Job instance at 0x15255aaa9a00>,51,13,[1 6],67,213,226,146,209
1,<environment.Job instance at 0x15255aaa9cd0>,52,19,[5 1],68,216,235,148,209
1,<environment.Job instance at 0x15255aaa9550>,53,1,[5 2],70,226,227,156,209
1,<environment.Job instance at 0x15255aaa9690>,54,3,[1 8],72,227,230,155,209
1,<environment.Job instance at 0x15255373b370>,56,20,[10  2],74,235,255,161,226
1,<environment.Job instance at 0x152550458e10>,59,1,[7 2],78,255,256,177,227
1,<environment.Job instance at 0x15255017fcd0>,60,3,[ 2 10],80,256,259,176,230
1,<environment.Job instance at 0x152550458050>,62,3,[10  2],83,259,262,176,233
1,<environment.Job instance at 0x15255aacd050>,63,3,[2 7],85,262,265,177,236
1,<environment.Job instance at 0x1525547f81e0>,69,1,[8 2],95,262,263,167,251
1,<environment.Job instance at 0x1525547f8730>,71,1,[1 6],97,255,256,158,251
1,<environment.Job instance at 0x1525547f8c30>,72,1,[ 1 10],102,265,266,163,251
1,<environment.Job instance at 0x15257dae4780>,74,3,[7 1],104,266,269,162,251
1,<environment.Job instance at 0x15257d3aa230>,76,18,[6 1],106,269,287,163,258
1,<environment.Job instance at 0x152557311690>,77,3,[2 9],107,266,269,159,258
1,<environment.Job instance at 0x1525504c7b40>,81,18,[8 1],112,287,305,175,283
1,<environment.Job instance at 0x15257dae4dc0>,82,2,[6 2],113,305,307,192,283
1,<environment.Job instance at 0x152553426b40>,84,2,[2 6],116,285,287,169,285
1,<environment.Job instance at 0x1525534260a0>,85,2,[9 1],118,307,309,189,285
1,<environment.Job instance at 0x15257da32730>,86,2,[8 1],120,309,311,189,285
1,<environment.Job instance at 0x15257da32a50>,87,1,[ 1 10],123,311,312,188,285
1,<environment.Job instance at 0x15257da32410>,88,1,[8 1],124,312,313,188,285
1,<environment.Job instance at 0x15257da32eb0>,89,1,[8 1],125,313,314,188,285
1,<environment.Job instance at 0x15257da32460>,90,3,[2 7],126,287,290,161,285
1,<environment.Job instance at 0x15257da32780>,91,14,[1 9],128,290,304,162,286
1,<environment.Job instance at 0x1525535cfa50>,16,3,[9 1],21,338,341,317,338
1,<environment.Job instance at 0x1525501b05f0>,0,3,[1 6],2,2,5,0,2
1,<environment.Job instance at 0x152550a19dc0>,5,3,[1 8],8,8,11,0,8
1,<environment.Job instance at 0x15255080e960>,6,3,[2 9],12,12,15,0,12
1,<environment.Job instance at 0x15255080ee10>,7,1,[8 2],14,15,16,1,14
1,<environment.Job instance at 0x15257d3b9d70>,8,3,[7 1],16,16,19,0,16
1,<environment.Job instance at 0x15257d3b01e0>,9,3,[ 2 10],19,19,22,0,19
1,<environment.Job instance at 0x152554bed7d0>,10,3,[7 2],21,22,25,1,21
1,<environment.Job instance at 0x152554bed780>,11,3,[9 2],23,25,28,2,23
1,<environment.Job instance at 0x15255b7d80f0>,12,3,[1 6],26,26,29,0,26
1,<environment.Job instance at 0x15255328b2d0>,16,3,[1 8],30,30,33,0,30
1,<environment.Job instance at 0x1525504bb7d0>,17,1,[10  2],31,33,34,2,31
1,<environment.Job instance at 0x152550613230>,19,17,[10  2],35,35,52,0,35
1,<environment.Job instance at 0x1525502fb190>,20,3,[9 2],36,52,55,16,36
1,<environment.Job instance at 0x152550a13f50>,22,2,[6 2],38,55,57,17,38
1,<environment.Job instance at 0x152553470050>,26,17,[2 7],48,55,72,7,48
1,<environment.Job instance at 0x15255364c410>,31,13,[1 9],54,72,85,18,58
1,<environment.Job instance at 0x15255364c370>,35,2,[1 7],59,85,87,26,59
1,<environment.Job instance at 0x15255364cbe0>,36,3,[6 2],60,60,63,0,60
1,<environment.Job instance at 0x15255364c500>,37,3,[8 1],62,63,66,1,62
1,<environment.Job instance at 0x152550557c80>,40,15,[10  1],66,87,102,21,73
1,<environment.Job instance at 0x15255aab6c80>,43,15,[5 2],70,102,117,32,88
1,<environment.Job instance at 0x15255aab68c0>,45,2,[5 2],73,102,104,29,90
1,<environment.Job instance at 0x15255479ddc0>,46,2,[6 2],74,117,119,43,90
1,<environment.Job instance at 0x15254ffe5dc0>,47,3,[2 5],75,104,107,29,90
1,<environment.Job instance at 0x1525500707d0>,49,14,[2 8],78,107,121,29,96
1,<environment.Job instance at 0x152550008dc0>,50,1,[6 2],80,119,120,39,96
1,<environment.Job instance at 0x15255131be60>,52,1,[1 7],82,121,122,39,96
1,<environment.Job instance at 0x15255ab88fa0>,56,15,[7 2],88,120,135,32,107
1,<environment.Job instance at 0x152550531dc0>,58,2,[1 6],90,122,124,32,115
1,<environment.Job instance at 0x152550531a50>,60,2,[8 2],93,135,137,42,124
1,<environment.Job instance at 0x152550531500>,61,14,[2 8],94,124,138,30,124
1,<environment.Job instance at 0x152550531730>,62,2,[6 2],95,137,139,42,124
1,<environment.Job instance at 0x1525505318c0>,63,16,[5 1],98,139,155,41,126
1,<environment.Job instance at 0x1525505317d0>,64,14,[9 1],99,155,169,56,140
1,<environment.Job instance at 0x1525505311e0>,65,1,[1 9],100,140,141,40,140
1,<environment.Job instance at 0x152550531910>,66,1,[10  2],101,169,170,68,141
1,<environment.Job instance at 0x152550531230>,67,3,[1 7],104,141,144,37,141
1,<environment.Job instance at 0x152550531960>,68,1,[6 2],105,170,171,65,142
1,<environment.Job instance at 0x1525535d9050>,71,13,[6 1],108,171,184,63,155
1,<environment.Job instance at 0x1525535d9320>,78,16,[8 1],120,184,200,64,171
1,<environment.Job instance at 0x1525535d9fa0>,81,3,[2 8],126,171,174,45,171
1,<environment.Job instance at 0x15257d3aabe0>,83,3,[2 6],128,174,177,46,171
1,<environment.Job instance at 0x15255364c4b0>,32,2,[2 8],56,815,817,759,815
1,<environment.Job instance at 0x15255364c910>,1,3,[2 8],3,3,6,0,3
1,<environment.Job instance at 0x1525506545a0>,5,1,[9 1],7,7,8,0,7
1,<environment.Job instance at 0x152550654a00>,7,1,[7 1],10,10,11,0,10
1,<environment.Job instance at 0x1525548419b0>,11,2,[7 1],14,14,16,0,14
1,<environment.Job instance at 0x152554841500>,12,1,[1 6],16,16,17,0,16
1,<environment.Job instance at 0x152554841730>,13,2,[6 2],17,17,19,0,17
1,<environment.Job instance at 0x152554841370>,14,2,[10  2],19,19,21,0,19
1,<environment.Job instance at 0x152554841d70>,15,2,[2 7],23,23,25,0,23
1,<environment.Job instance at 0x152554841b40>,16,3,[8 1],24,24,27,0,24
1,<environment.Job instance at 0x1525548416e0>,17,1,[8 2],26,27,28,1,26
1,<environment.Job instance at 0x152554841140>,18,3,[8 2],28,28,31,0,28
1,<environment.Job instance at 0x152554841e10>,19,2,[8 1],30,31,33,1,30
1,<environment.Job instance at 0x1525548415f0>,20,3,[2 7],31,31,34,0,31
1,<environment.Job instance at 0x1525548412d0>,21,1,[1 6],32,34,35,2,32
1,<environment.Job instance at 0x1525a728d730>,25,2,[9 1],39,39,41,0,39
1,<environment.Job instance at 0x1525a728d550>,26,12,[8 1],40,41,53,1,40
1,<environment.Job instance at 0x1525a728d460>,27,12,[7 1],41,53,65,12,41
1,<environment.Job instance at 0x1525a728d690>,28,3,[10  1],42,65,68,23,42
1,<environment.Job instance at 0x15257dae4280>,29,3,[7 1],43,68,71,25,44
1,<environment.Job instance at 0x15257dae4b90>,38,3,[1 7],57,129,132,72,129
1,<environment.Job instance at 0x15257dae4d20>,40,3,[1 8],60,132,135,72,129
1,<environment.Job instance at 0x1525534ee370>,44,2,[6 2],69,129,131,60,129
1,<environment.Job instance at 0x1525534ee230>,45,3,[1 6],70,135,138,65,129
1,<environment.Job instance at 0x1525534ee5f0>,47,3,[ 2 10],72,138,141,66,129
1,<environment.Job instance at 0x1525534ee320>,48,3,[6 2],73,131,134,58,129
1,<environment.Job instance at 0x1525534eed20>,49,1,[9 2],77,134,135,57,129
1,<environment.Job instance at 0x1525534eea00>,50,1,[2 9],78,141,142,63,129
1,<environment.Job instance at 0x1525534ee960>,51,18,[2 7],79,142,160,63,131
1,<environment.Job instance at 0x1525534ee050>,53,3,[6 2],85,437,440,352,437
1,<environment.Job instance at 0x1525534eec30>,56,19,[8 1],88,440,459,352,438
1,<environment.Job instance at 0x1525534ee0f0>,62,1,[5 1],94,459,460,365,441
1,<environment.Job instance at 0x1525534ee9b0>,65,1,[1 8],97,441,442,344,441
1,<environment.Job instance at 0x1525534ee410>,66,2,[10  2],98,460,462,362,441
1,<environment.Job instance at 0x1525534ee780>,67,1,[9 2],99,462,463,363,441
1,<environment.Job instance at 0x1525505fa0f0>,68,14,[2 7],100,463,477,363,450
1,<environment.Job instance at 0x1525505fa9b0>,69,1,[10  1],102,477,478,375,450
1,<environment.Job instance at 0x1525505fafa0>,71,2,[2 9],106,478,480,372,459
1,<environment.Job instance at 0x1525505fa2d0>,72,3,[9 1],107,480,483,373,459
1,<environment.Job instance at 0x1525505fa7d0>,74,1,[1 6],109,459,460,350,459
1,<environment.Job instance at 0x1525505fad70>,79,2,[2 8],115,719,721,604,719
1,<environment.Job instance at 0x15257dbeb690>,80,14,[9 1],116,721,735,605,719
1,<environment.Job instance at 0x15257dbeb730>,83,3,[7 2],121,735,738,614,730
1,<environment.Job instance at 0x15257dbeb410>,84,2,[2 7],122,735,737,613,730
1,<environment.Job instance at 0x15257dbeb4b0>,85,3,[2 9],124,738,741,614,730
1,<environment.Job instance at 0x15255488ee60>,86,1,[10  2],125,741,742,616,730
1,<environment.Job instance at 0x15257dbeb500>,87,2,[ 1 10],128,742,744,614,730
1,<environment.Job instance at 0x15255488eb40>,88,1,[9 2],129,744,745,615,730
1,<environment.Job instance at 0x15257dae4820>,35,3,[1 8],54,790,793,736,790
1,<environment.Job instance at 0x149202079a50>,0,12,[2 5],1,1,13,0,1
1,<environment.Job instance at 0x149202079a00>,1,3,[1 9],2,13,16,11,2
1,<environment.Job instance at 0x1491ab836730>,5,3,[9 2],6,16,19,10,6
1,<environment.Job instance at 0x1491ab8360f0>,7,1,[2 6],8,19,20,11,8
1,<environment.Job instance at 0x149202079410>,9,2,[6 1],11,11,13,0,11
1,<environment.Job instance at 0x1491abf1ce10>,11,3,[1 8],13,16,19,3,13
1,<environment.Job instance at 0x1491abf165f0>,12,3,[1 8],14,20,23,6,14
1,<environment.Job instance at 0x1491abf21320>,13,2,[8 1],17,19,21,2,17
1,<environment.Job instance at 0x1491ac041690>,14,2,[ 1 10],18,23,25,5,18
1,<environment.Job instance at 0x1491abf703c0>,15,1,[ 1 10],20,25,26,5,20
1,<environment.Job instance at 0x1491ab8365a0>,16,1,[2 5],21,26,27,5,21
1,<environment.Job instance at 0x1491ac068320>,17,17,[6 1],23,26,43,3,23
1,<environment.Job instance at 0x1491abf6c280>,18,2,[10  1],25,43,45,18,25
1,<environment.Job instance at 0x1491abf6cf50>,19,3,[6 2],26,45,48,19,26
1,<environment.Job instance at 0x1491abfb4fa0>,21,3,[6 1],29,48,51,19,29
1,<environment.Job instance at 0x1491abf43aa0>,23,2,[8 1],31,51,53,20,31
1,<environment.Job instance at 0x1491abf43af0>,25,2,[2 8],34,34,36,0,34
1,<environment.Job instance at 0x1491abec4b90>,27,2,[2 7],36,36,38,0,36
1,<environment.Job instance at 0x1491abfaca00>,28,2,[2 7],37,38,40,1,37
1,<environment.Job instance at 0x1491abf47960>,29,16,[10  2],39,53,69,14,40
1,<environment.Job instance at 0x1491abf53e10>,38,1,[8 1],51,69,70,18,59
1,<environment.Job instance at 0x1491abf53780>,39,3,[1 5],52,69,72,17,59
1,<environment.Job instance at 0x1491abf53c80>,40,3,[1 6],53,72,75,19,59
1,<environment.Job instance at 0x1491abf53af0>,42,1,[10  1],56,75,76,19,70
1,<environment.Job instance at 0x1491abf53b40>,43,3,[7 2],57,70,73,13,70
1,<environment.Job instance at 0x1491abf530a0>,44,3,[1 8],58,76,79,18,70
1,<environment.Job instance at 0x1491abf53050>,45,3,[2 8],60,79,82,19,70
1,<environment.Job instance at 0x1491abf5e3c0>,46,2,[2 8],61,82,84,21,70
1,<environment.Job instance at 0x1491abf5e910>,47,1,[1 6],63,84,85,21,70
1,<environment.Job instance at 0x1491abf5e820>,48,1,[2 9],65,85,86,20,70
1,<environment.Job instance at 0x1491abf5eb40>,49,16,[8 2],66,86,102,20,73
1,<environment.Job instance at 0x1491abf5ec30>,50,12,[9 1],68,102,114,34,85
1,<environment.Job instance at 0x1491abf421e0>,52,2,[1 7],72,86,88,14,85
1,<environment.Job instance at 0x1491abf42f00>,53,3,[6 1],73,114,117,41,88
1,<environment.Job instance at 0x1491abf425a0>,54,2,[2 5],75,88,90,13,88
1,<environment.Job instance at 0x1491abfb9d70>,56,1,[10  2],79,117,118,38,93
1,<environment.Job instance at 0x1491abf420a0>,57,22,[1 5],80,93,115,13,93
1,<environment.Job instance at 0x1491abf42be0>,58,15,[2 9],82,118,133,36,104
1,<environment.Job instance at 0x1491aba97140>,61,3,[1 5],87,133,136,46,107
1,<environment.Job instance at 0x1491aba92050>,62,3,[9 2],88,133,136,45,107
1,<environment.Job instance at 0x1491abf69be0>,63,3,[10  1],89,136,139,47,110
1,<environment.Job instance at 0x1491abaac230>,65,3,[2 9],92,139,142,47,117
1,<environment.Job instance at 0x1491abaac280>,66,3,[1 9],93,142,145,49,117
1,<environment.Job instance at 0x1491aba9fd20>,68,3,[1 9],95,145,148,50,129
1,<environment.Job instance at 0x1491abaaa320>,71,3,[2 9],99,148,151,49,129
1,<environment.Job instance at 0x1491abaa4eb0>,73,2,[6 2],103,151,153,48,134
1,<environment.Job instance at 0x1491ac045c80>,74,3,[6 2],106,153,156,47,134
1,<environment.Job instance at 0x1491abf645a0>,78,3,[2 9],110,156,159,46,134
1,<environment.Job instance at 0x1491abaaba50>,79,3,[7 2],111,159,162,48,134
1,<environment.Job instance at 0x1491abaab0f0>,81,3,[ 2 10],114,162,165,48,141
1,<environment.Job instance at 0x1491ab833be0>,82,12,[2 8],115,165,177,50,148
1,<environment.Job instance at 0x1491ab833370>,85,1,[7 2],120,165,166,45,149
1,<environment.Job instance at 0x1491ab8320a0>,88,1,[1 5],123,151,152,28,149
1,<environment.Job instance at 0x1491ab832820>,92,15,[7 1],129,166,181,37,152
1,<environment.Job instance at 0x1491ab832e10>,95,3,[2 8],132,152,155,20,152
1,<environment.Job instance at 0x1491aba99e60>,96,12,[9 2],134,181,193,47,164
1,<environment.Job instance at 0x1491ab840780>,100,17,[1 9],139,193,210,54,181
1,<environment.Job instance at 0x1491abf539b0>,37,2,[ 1 10],50,1080,1082,1030,1080
1,<environment.Job instance at 0x1491ae0e6050>,8,3,[ 2 10],12,12,15,0,12
1,<environment.Job instance at 0x1491ae0e6d70>,9,3,[2 5],13,15,18,2,13
1,<environment.Job instance at 0x1491ae0e6eb0>,10,1,[8 1],14,15,16,1,14
1,<environment.Job instance at 0x1491ae0e6af0>,11,3,[5 2],16,16,19,0,16
1,<environment.Job instance at 0x1491ae0e6f50>,13,18,[2 6],18,18,36,0,18
1,<environment.Job instance at 0x1491ae0e6a00>,14,1,[1 6],19,36,37,17,19
1,<environment.Job instance at 0x1491ae0ebeb0>,15,1,[1 7],20,37,38,17,20
1,<environment.Job instance at 0x1491ae0eb6e0>,16,3,[9 1],23,36,39,13,23
1,<environment.Job instance at 0x1491ae0eb4b0>,21,2,[1 8],29,45,47,16,45
1,<environment.Job instance at 0x1491ae0eb5f0>,22,3,[1 7],31,47,50,16,45
1,<environment.Job instance at 0x1491ae0ef820>,4,3,[1 7],6,6,9,0,6
1,<environment.Job instance at 0x1491ae2ebf50>,6,1,[5 2],8,8,9,0,8
1,<environment.Job instance at 0x1491ae2eb230>,7,1,[1 8],9,9,10,0,9
1,<environment.Job instance at 0x1491ae2eb3c0>,8,3,[1 7],10,10,13,0,10
1,<environment.Job instance at 0x1491ae2eb190>,9,2,[5 2],12,12,14,0,12
1,<environment.Job instance at 0x1491ae2eb050>,10,2,[1 7],14,14,16,0,14
1,<environment.Job instance at 0x1491ae1bd8c0>,13,12,[7 1],18,18,30,0,18
1,<environment.Job instance at 0x1491ae1bdf50>,14,2,[10  1],19,30,32,11,19
1,<environment.Job instance at 0x1491ae322e10>,18,3,[1 8],25,25,28,0,25
1,<environment.Job instance at 0x1491abfa6f50>,19,12,[7 2],27,32,44,5,27
1,<environment.Job instance at 0x1491abfa61e0>,21,3,[ 2 10],31,44,47,13,31
1,<environment.Job instance at 0x1491abfc1a00>,25,14,[8 1],36,47,61,11,36
1,<environment.Job instance at 0x1491abfc1370>,27,3,[7 2],38,61,64,23,38
1,<environment.Job instance at 0x1491abfc1c80>,30,3,[1 9],42,47,50,5,42
1,<environment.Job instance at 0x1491b6475280>,32,3,[5 1],44,64,67,20,44
1,<environment.Job instance at 0x1491b6475dc0>,33,3,[1 7],49,50,53,1,49
1,<environment.Job instance at 0x1491b64752d0>,34,12,[7 1],51,67,79,16,51
1,<environment.Job instance at 0x1491ac026690>,36,2,[10  1],53,79,81,26,53
1,<environment.Job instance at 0x1491ac026820>,37,3,[1 9],54,54,57,0,54
1,<environment.Job instance at 0x1491ac0260f0>,38,3,[1 8],58,58,61,0,58
1,<environment.Job instance at 0x1491ac026a50>,40,2,[9 2],62,81,83,19,62
1,<environment.Job instance at 0x1491af46ab40>,41,3,[5 2],63,64,67,1,63
1,<environment.Job instance at 0x1491af4418c0>,46,13,[1 7],70,81,94,11,70
1,<environment.Job instance at 0x1491af441aa0>,47,12,[2 9],73,94,106,21,77
1,<environment.Job instance at 0x1491af4411e0>,48,3,[5 2],74,83,86,9,77
1,<environment.Job instance at 0x1491af441be0>,50,15,[8 2],76,106,121,30,92
1,<environment.Job instance at 0x1491af441410>,53,1,[6 2],81,121,122,40,95
1,<environment.Job instance at 0x1491af441c30>,54,3,[2 7],83,106,109,23,95
1,<environment.Job instance at 0x1491af441280>,56,2,[8 1],88,122,124,34,109
1,<environment.Job instance at 0x1491af441e10>,57,2,[1 9],91,122,124,31,109
1,<environment.Job instance at 0x1491af4410a0>,58,2,[1 6],92,109,111,17,109
1,<environment.Job instance at 0x1491ae3af370>,60,3,[1 8],94,111,114,17,109
1,<environment.Job instance at 0x1491ae3af1e0>,61,1,[9 2],95,124,125,29,109
1,<environment.Job instance at 0x1491af443730>,62,18,[ 1 10],96,125,143,29,114
1,<environment.Job instance at 0x1491af443be0>,64,3,[ 2 10],100,143,146,43,117
1,<environment.Job instance at 0x1491af443690>,66,3,[9 1],102,146,149,44,120
1,<environment.Job instance at 0x1491af4430f0>,68,1,[6 2],105,149,150,44,124
1,<environment.Job instance at 0x1491af4438c0>,69,3,[2 7],106,149,152,43,124
1,<environment.Job instance at 0x1491ae19c640>,72,3,[10  2],110,152,155,42,133
1,<environment.Job instance at 0x1491ae19c1e0>,74,3,[9 1],114,155,158,41,133
1,<environment.Job instance at 0x1491af4dc6e0>,77,3,[5 1],120,158,161,38,138
1,<environment.Job instance at 0x1491af4e1dc0>,78,14,[1 6],122,155,169,33,140
1,<environment.Job instance at 0x1491af4e1a50>,79,2,[5 1],123,150,152,27,140
1,<environment.Job instance at 0x1491af3bec80>,80,1,[2 7],124,169,170,45,141
1,<environment.Job instance at 0x1491ab193550>,81,2,[10  2],125,170,172,45,143
1,<environment.Job instance at 0x1491af4e1230>,82,2,[6 1],126,161,163,35,143
1,<environment.Job instance at 0x1491af4e18c0>,83,3,[9 2],128,163,166,35,143
1,<environment.Job instance at 0x1491adfc4a00>,84,3,[6 2],131,166,169,35,143
1,<environment.Job instance at 0x1491adfc47d0>,86,3,[1 7],133,146,149,13,144
1,<environment.Job instance at 0x1491abfcfd20>,87,2,[9 2],135,172,174,37,145
1,<environment.Job instance at 0x1491ae380be0>,89,3,[1 7],138,172,175,34,146
1,<environment.Job instance at 0x1491b578b410>,0,3,[6 1],3,3,6,0,3
1,<environment.Job instance at 0x1491b0779f00>,2,2,[2 9],5,5,7,0,5
1,<environment.Job instance at 0x1491b1ff37d0>,3,2,[2 5],6,7,9,1,6
1,<environment.Job instance at 0x1491b3a401e0>,5,12,[5 2],8,8,20,0,8
1,<environment.Job instance at 0x1491ab56f280>,6,3,[8 1],9,20,23,11,9
1,<environment.Job instance at 0x1491b3a40370>,7,3,[8 1],13,23,26,10,13
1,<environment.Job instance at 0x1491b2005cd0>,10,15,[2 8],18,18,33,0,18
1,<environment.Job instance at 0x1491b572e2d0>,12,13,[ 2 10],22,33,46,11,22
1,<environment.Job instance at 0x1491b3a72b90>,16,3,[2 9],27,46,49,19,27
1,<environment.Job instance at 0x1491af890140>,20,3,[2 8],32,49,52,17,32
1,<environment.Job instance at 0x1491af879140>,23,3,[1 6],37,52,55,15,37
1,<environment.Job instance at 0x1491b572df00>,25,14,[9 1],40,52,66,12,40
1,<environment.Job instance at 0x1491b3a44370>,37,3,[10  1],56,66,69,10,59
1,<environment.Job instance at 0x1491b3a445a0>,38,3,[10  2],57,69,72,12,59
1,<environment.Job instance at 0x1491b0758190>,42,18,[8 2],63,72,90,9,64
1,<environment.Job instance at 0x1491b576ec30>,44,16,[1 5],65,72,88,7,65
1,<environment.Job instance at 0x1491abec60f0>,49,3,[6 1],70,90,93,20,73
1,<environment.Job instance at 0x1491b5839280>,51,3,[2 8],72,88,91,16,73
1,<environment.Job instance at 0x1491ae2b6870>,53,3,[5 2],76,93,96,17,76
1,<environment.Job instance at 0x1491ae054910>,59,2,[10  1],84,96,98,12,84
1,<environment.Job instance at 0x1491af7d78c0>,60,2,[2 7],86,91,93,5,86
1,<environment.Job instance at 0x1491af4dcd20>,61,1,[5 2],87,93,94,6,87
1,<environment.Job instance at 0x1491af390050>,62,1,[2 5],88,94,95,6,88
1,<environment.Job instance at 0x1491af3903c0>,63,2,[ 1 10],90,98,100,8,90
1,<environment.Job instance at 0x1491af390a00>,64,3,[2 5],91,100,103,9,91
1,<environment.Job instance at 0x1491af32dc80>,65,12,[6 1],92,100,112,8,92
1,<environment.Job instance at 0x1491adf9a3c0>,66,2,[5 2],93,112,114,19,93
1,<environment.Job instance at 0x1491af390c30>,67,1,[7 1],96,114,115,18,96
1,<environment.Job instance at 0x1491ae033050>,68,2,[7 1],97,115,117,18,97
1,<environment.Job instance at 0x1491ae2e7190>,70,3,[10  2],99,117,120,18,99
1,<environment.Job instance at 0x1491ab291140>,73,3,[1 7],103,103,106,0,103
1,<environment.Job instance at 0x1491af58b730>,76,17,[9 2],108,123,140,15,123
1,<environment.Job instance at 0x1491af58b5f0>,80,3,[2 7],112,140,143,28,123
1,<environment.Job instance at 0x1491af58b4b0>,88,3,[1 7],123,123,126,0,123
1,<environment.Job instance at 0x1491b5919cd0>,90,14,[1 6],125,126,140,1,125
1,<environment.Job instance at 0x1491b5919320>,91,17,[9 1],126,143,160,17,131
1,<environment.Job instance at 0x1491b5919eb0>,92,3,[5 1],127,140,143,13,131
1,<environment.Job instance at 0x1491b5919af0>,93,1,[10  1],128,160,161,32,132
1,<environment.Job instance at 0x1491b59190a0>,95,12,[9 2],130,161,173,31,144
1,<environment.Job instance at 0x1491b59192d0>,99,16,[10  2],134,173,189,39,160
1,<environment.Job instance at 0x1491b643f9b0>,101,2,[1 6],137,161,163,24,160
1,<environment.Job instance at 0x1491ab86e960>,1,2,[1 8],2,2,4,0,2
1,<environment.Job instance at 0x1491b64e87d0>,3,1,[2 5],4,4,5,0,4
1,<environment.Job instance at 0x1491ab7f4cd0>,5,2,[7 1],6,6,8,0,6
1,<environment.Job instance at 0x1491ab7f4230>,6,3,[7 1],7,8,11,1,7
1,<environment.Job instance at 0x1492003598c0>,7,13,[10  1],8,11,24,3,8
1,<environment.Job instance at 0x1491b64dac30>,11,3,[7 1],16,24,27,8,16
1,<environment.Job instance at 0x1491ab7ba780>,12,3,[2 8],17,24,27,7,17
1,<environment.Job instance at 0x1491ab837c30>,13,3,[1 9],18,27,30,9,18
1,<environment.Job instance at 0x1491ab7ba4b0>,14,16,[10  1],19,30,46,11,19
1,<environment.Job instance at 0x1491ab837d20>,15,3,[2 9],20,46,49,26,20
1,<environment.Job instance at 0x1491ae1d8eb0>,17,12,[7 1],24,46,58,22,29
1,<environment.Job instance at 0x1491ae1d8f50>,20,3,[8 1],30,58,61,28,32
1,<environment.Job instance at 0x1491ab856960>,21,2,[7 1],32,61,63,29,34
1,<environment.Job instance at 0x1491ab7f9eb0>,23,1,[7 1],36,63,64,27,36
1,<environment.Job instance at 0x1491ab86c500>,24,2,[5 1],37,64,66,27,37
1,<environment.Job instance at 0x1491ab86c8c0>,25,14,[2 5],38,49,63,11,38
1,<environment.Job instance at 0x1491ab86c730>,26,3,[5 2],40,64,67,24,40
1,<environment.Job instance at 0x1491ab86c870>,27,12,[1 5],41,66,78,25,49
1,<environment.Job instance at 0x1491ab86ce60>,29,3,[8 1],43,67,70,24,49
1,<environment.Job instance at 0x1491ab86caf0>,30,3,[2 6],46,78,81,32,52
1,<environment.Job instance at 0x1491abf6faa0>,33,1,[1 9],52,63,64,11,52
1,<environment.Job instance at 0x1491ab86a8c0>,34,3,[2 9],54,81,84,27,55
1,<environment.Job instance at 0x1491ab86f190>,35,1,[10  2],55,84,85,29,56
1,<environment.Job instance at 0x1491ab86ffa0>,36,1,[5 2],56,70,71,14,56
1,<environment.Job instance at 0x1491ab80dd20>,38,2,[ 1 10],60,85,87,25,64
1,<environment.Job instance at 0x1491ab80d640>,39,16,[ 2 10],62,87,103,25,74
1,<environment.Job instance at 0x1491ab8544b0>,40,3,[10  2],63,103,106,40,77
1,<environment.Job instance at 0x1491ab854cd0>,41,2,[1 6],67,106,108,39,79
1,<environment.Job instance at 0x1491ab8541e0>,42,3,[1 9],68,108,111,40,82
1,<environment.Job instance at 0x1491ab854640>,44,1,[6 2],72,106,107,34,84
1,<environment.Job instance at 0x1491ab854aa0>,45,3,[10  2],74,111,114,37,85
1,<environment.Job instance at 0x1491ab8545f0>,46,3,[5 1],78,107,110,29,85
1,<environment.Job instance at 0x1491ab8543c0>,47,1,[2 8],79,114,115,35,86
1,<environment.Job instance at 0x1491adf905f0>,48,2,[7 2],80,114,116,34,87
1,<environment.Job instance at 0x1491adff9eb0>,49,2,[6 2],81,116,118,35,89
1,<environment.Job instance at 0x1491adf90af0>,50,3,[9 1],82,118,121,36,92
1,<environment.Job instance at 0x1491af8511e0>,54,21,[1 8],86,115,136,29,107
1,<environment.Job instance at 0x1491ab5a21e0>,56,2,[6 1],89,121,123,32,109
1,<environment.Job instance at 0x1491b584ce10>,57,2,[ 1 10],90,136,138,46,109
1,<environment.Job instance at 0x1491ac0320f0>,58,3,[9 2],92,123,126,31,109
1,<environment.Job instance at 0x1491b63e0f50>,59,2,[5 1],93,126,128,33,109
1,<environment.Job instance at 0x1491af3fddc0>,61,3,[9 2],95,128,131,33,119
1,<environment.Job instance at 0x1491af3fd140>,64,1,[5 1],103,134,135,31,134
1,<environment.Job instance at 0x1491af3fd280>,65,13,[10  1],105,138,151,33,134
1,<environment.Job instance at 0x1491ab0e5b90>,66,2,[1 8],107,151,153,44,134
1,<environment.Job instance at 0x1491ab0e5820>,67,1,[10  2],108,153,154,45,134
1,<environment.Job instance at 0x1491ab0e54b0>,68,3,[2 8],109,154,157,45,134
1,<environment.Job instance at 0x1491b63cd320>,69,15,[2 7],110,157,172,47,143
1,<environment.Job instance at 0x1491b63cd640>,70,2,[8 2],115,151,153,36,143
1,<environment.Job instance at 0x1491b63cdbe0>,72,3,[6 2],117,154,157,37,144
1,<environment.Job instance at 0x1491af510500>,73,1,[8 1],119,157,158,38,144
1,<environment.Job instance at 0x1491b65ac730>,74,3,[1 9],121,172,175,51,146
1,<environment.Job instance at 0x1491adfae8c0>,75,1,[2 9],124,175,176,51,147
1,<environment.Job instance at 0x1491adfad960>,76,2,[7 2],125,158,160,33,147
1,<environment.Job instance at 0x1491b075c870>,77,12,[7 1],126,160,172,34,147
1,<environment.Job instance at 0x1491b075cd70>,1,17,[9 2],3,3,20,0,3
1,<environment.Job instance at 0x1491ae37f0a0>,3,12,[2 8],5,20,32,15,5
1,<environment.Job instance at 0x1491ae37f1e0>,4,3,[ 1 10],6,32,35,26,6
1,<environment.Job instance at 0x1491ae37f7d0>,5,3,[1 5],7,7,10,0,7
1,<environment.Job instance at 0x1491ae37f050>,6,3,[2 7],8,35,38,27,9
1,<environment.Job instance at 0x1491b584cdc0>,15,12,[2 6],23,38,50,15,23
1,<environment.Job instance at 0x1491b584c7d0>,16,1,[9 1],25,50,51,25,25
1,<environment.Job instance at 0x1491b584c140>,19,16,[8 1],30,51,67,21,38
1,<environment.Job instance at 0x1491ab65ec30>,24,1,[10  2],37,67,68,30,40
1,<environment.Job instance at 0x1491ab65e2d0>,28,12,[2 9],42,51,63,9,46
1,<environment.Job instance at 0x1491ab65e550>,35,17,[2 9],51,68,85,17,59
1,<environment.Job instance at 0x1491ae0e0aa0>,40,12,[ 1 10],57,85,97,28,68
1,<environment.Job instance at 0x1491ae0e0820>,41,3,[2 7],59,97,100,38,71
1,<environment.Job instance at 0x1491ae0e0be0>,43,3,[8 2],61,97,100,36,71
1,<environment.Job instance at 0x1491acad77d0>,60,1,[10  2],83,114,115,31,114
1,<environment.Job instance at 0x1491acad76e0>,62,21,[2 5],85,122,143,37,122
1,<environment.Job instance at 0x1491acad70f0>,63,15,[5 2],86,122,137,36,122
1,<environment.Job instance at 0x1491acad7960>,64,3,[2 7],88,143,146,55,122
1,<environment.Job instance at 0x1491acad78c0>,66,15,[6 1],90,137,152,47,123
1,<environment.Job instance at 0x1491af8793c0>,67,2,[2 9],91,146,148,55,123
1,<environment.Job instance at 0x1491af879fa0>,68,2,[1 5],92,148,150,56,123
1,<environment.Job instance at 0x1491af8794b0>,73,2,[10  2],98,152,154,54,135
1,<environment.Job instance at 0x1491af879dc0>,74,15,[9 2],100,154,169,54,140
1,<environment.Job instance at 0x1491af879370>,79,1,[6 2],107,169,170,62,142
1,<environment.Job instance at 0x1491af8795f0>,81,1,[2 6],110,150,151,40,142
1,<environment.Job instance at 0x1491af879a50>,82,3,[2 6],111,169,172,58,143
1,<environment.Job instance at 0x1491af879410>,83,2,[9 1],112,172,174,60,145
1,<environment.Job instance at 0x1491b571dc30>,87,3,[5 1],117,174,177,57,156
1,<environment.Job instance at 0x1491ac017e60>,91,1,[8 2],123,178,179,55,178
1,<environment.Job instance at 0x1491af7d20a0>,92,17,[7 1],124,179,196,55,178
1,<environment.Job instance at 0x1491af590280>,93,17,[2 7],125,178,195,53,178
1,<environment.Job instance at 0x1491af441870>,94,13,[2 8],126,195,208,69,179
1,<environment.Job instance at 0x1491ae0e6be0>,95,16,[6 1],127,196,212,69,183
1,<environment.Job instance at 0x1491ae032a50>,102,1,[6 2],135,212,213,77,184
1,<environment.Job instance at 0x1491ab86f910>,103,3,[8 2],136,213,216,77,187
1,<environment.Job instance at 0x1491b6457dc0>,1,2,[7 2],2,2,4,0,2
1,<environment.Job instance at 0x1491ab0390a0>,2,3,[10  1],3,4,7,1,3
1,<environment.Job instance at 0x1491ab0396e0>,3,3,[6 1],4,7,10,3,4
1,<environment.Job instance at 0x1491ae215be0>,10,3,[2 8],11,11,14,0,11
1,<environment.Job instance at 0x1491aba7e140>,11,2,[2 5],12,14,16,2,12
1,<environment.Job instance at 0x1491b5712730>,15,3,[10  2],17,17,20,0,17
1,<environment.Job instance at 0x1491ab147690>,16,3,[2 5],19,20,23,1,19
1,<environment.Job instance at 0x1491b5712c30>,17,17,[1 7],20,23,40,3,21
1,<environment.Job instance at 0x1491abffc4b0>,18,3,[7 2],21,21,24,0,21
1,<environment.Job instance at 0x1491af3ffa00>,19,2,[2 9],22,40,42,18,22
1,<environment.Job instance at 0x1491af3ffc80>,20,2,[2 7],23,42,44,19,23
1,<environment.Job instance at 0x1491af3ff8c0>,21,18,[6 1],25,25,43,0,25
1,<environment.Job instance at 0x1491b57a0be0>,23,2,[10  1],27,44,46,17,29
1,<environment.Job instance at 0x1491b57e8230>,27,1,[6 1],32,49,50,17,49
1,<environment.Job instance at 0x1491b57e8550>,28,2,[9 1],34,50,52,16,49
1,<environment.Job instance at 0x1491b57e86e0>,29,19,[1 5],36,49,68,13,49
1,<environment.Job instance at 0x1491b57e8f50>,30,1,[8 1],37,52,53,15,49
1,<environment.Job instance at 0x1491b57e8730>,31,1,[5 1],39,53,54,14,49
1,<environment.Job instance at 0x1491ab3ed870>,32,2,[7 2],40,54,56,14,49
1,<environment.Job instance at 0x1491ab3ede10>,34,3,[1 8],43,84,87,41,84
1,<environment.Job instance at 0x1491af360a50>,40,15,[10  2],54,87,102,33,84
1,<environment.Job instance at 0x1491af360370>,41,2,[7 2],55,84,86,29,84
1,<environment.Job instance at 0x1491af360910>,42,1,[1 5],57,102,103,45,84
1,<environment.Job instance at 0x1491af360050>,46,2,[1 9],62,721,723,659,721
1,<environment.Job instance at 0x1491af3600a0>,47,14,[1 6],63,723,737,660,721
1,<environment.Job instance at 0x1491ae1e7a00>,49,1,[2 9],66,737,738,671,721
1,<environment.Job instance at 0x1491ab229e60>,50,2,[10  2],67,738,740,671,721
1,<environment.Job instance at 0x1491ab6cceb0>,51,1,[6 1],70,721,722,651,721
1,<environment.Job instance at 0x1491ab229050>,52,1,[7 2],72,723,724,651,721
1,<environment.Job instance at 0x1491ab636f50>,53,2,[2 7],73,740,742,667,721
1,<environment.Job instance at 0x1491ae16db40>,54,3,[2 5],74,742,745,668,721
1,<environment.Job instance at 0x1491ab636190>,56,12,[5 2],77,740,752,663,732
1,<environment.Job instance at 0x1491af3b1d20>,57,1,[10  1],78,752,753,674,732
1,<environment.Job instance at 0x1491af3b10f0>,58,3,[10  1],81,753,756,672,732
1,<environment.Job instance at 0x1491af3b1e60>,59,2,[ 2 10],82,756,758,674,732
1,<environment.Job instance at 0x1491af3b1550>,60,3,[9 2],83,732,735,649,732
1,<environment.Job instance at 0x1491af3b15f0>,61,1,[1 9],84,758,759,674,732
1,<environment.Job instance at 0x1491ab486be0>,62,1,[8 2],87,735,736,648,732
1,<environment.Job instance at 0x1491ab476aa0>,64,1,[9 2],90,736,737,646,732
1,<environment.Job instance at 0x1491ab476820>,65,1,[10  1],91,759,760,668,732
1,<environment.Job instance at 0x1491ab4769b0>,67,13,[7 2],94,760,773,666,749
1,<environment.Job instance at 0x1491ab476500>,68,3,[6 2],96,773,776,677,749
1,<environment.Job instance at 0x1491ab476a00>,71,14,[7 1],100,776,790,676,764
1,<environment.Job instance at 0x1491ab476be0>,72,2,[7 1],101,790,792,689,764
1,<environment.Job instance at 0x1491ab4760f0>,73,1,[8 1],102,792,793,690,764
1,<environment.Job instance at 0x1491ab4767d0>,74,2,[10  2],103,793,795,690,766
1,<environment.Job instance at 0x1491ab476230>,76,3,[9 2],105,795,798,690,769
1,<environment.Job instance at 0x1491ab476c80>,77,1,[6 2],107,798,799,691,770
1,<environment.Job instance at 0x1491ab476d70>,78,2,[ 1 10],108,799,801,691,772
1,<environment.Job instance at 0x1491ab476b90>,79,2,[2 7],109,772,774,663,772
1,<environment.Job instance at 0x1491ab476910>,80,3,[9 2],111,801,804,690,775
1,<environment.Job instance at 0x1491ab4764b0>,81,3,[10  1],112,804,807,692,778
1,<environment.Job instance at 0x1491f08e1190>,83,2,[8 2],120,807,809,687,780
1,<environment.Job instance at 0x1491f08e16e0>,85,3,[1 9],122,784,787,662,784
1,<environment.Job instance at 0x1491f08e11e0>,88,3,[2 8],128,807,810,679,797
1,<environment.Job instance at 0x1491f08e10f0>,89,1,[1 8],130,797,798,667,797
1,<environment.Job instance at 0x1491aef14f00>,90,2,[2 9],131,810,812,679,797
1,<environment.Job instance at 0x1491aef14960>,91,2,[8 2],132,812,814,680,797
1,<environment.Job instance at 0x1491aef14dc0>,92,15,[10  1],133,814,829,681,800
1,<environment.Job instance at 0x1491aef14140>,94,1,[8 2],135,809,810,674,800
1,<environment.Job instance at 0x1491aef14820>,95,2,[ 1 10],136,829,831,693,802
1,<environment.Job instance at 0x1491b63bd3c0>,97,1,[5 1],138,834,835,696,834
1,<environment.Job instance at 0x1491b63bda50>,98,2,[2 6],139,834,836,695,834
1,<environment.Job instance at 0x1491ae1ce690>,2,3,[1 7],4,4,7,0,4
1,<environment.Job instance at 0x1491af509fa0>,4,3,[9 1],7,7,10,0,7
1,<environment.Job instance at 0x1491af509910>,6,14,[ 2 10],9,12,26,3,12
1,<environment.Job instance at 0x1491af509e60>,10,1,[6 1],13,26,27,13,13
1,<environment.Job instance at 0x1491af50c910>,11,3,[5 2],14,27,30,13,14
1,<environment.Job instance at 0x1491af50bfa0>,17,16,[2 9],22,30,46,8,22
1,<environment.Job instance at 0x1491af50c050>,20,14,[ 1 10],27,46,60,19,36
1,<environment.Job instance at 0x1491af50ce60>,21,1,[5 2],28,60,61,32,36
1,<environment.Job instance at 0x149200359410>,22,1,[8 2],29,61,62,32,36
1,<environment.Job instance at 0x1491af4fd0a0>,23,2,[7 2],31,62,64,31,36
1,<environment.Job instance at 0x1491af8df0a0>,24,3,[6 1],33,36,39,3,36
1,<environment.Job instance at 0x1491b6580370>,25,2,[10  1],34,64,66,30,37
1,<environment.Job instance at 0x1491acad7b90>,26,1,[9 1],35,66,67,31,38
1,<environment.Job instance at 0x1491abfce780>,27,3,[5 1],36,39,42,3,38
1,<environment.Job instance at 0x1491b50ab5f0>,28,3,[1 6],37,60,63,23,38
1,<environment.Job instance at 0x1491ab179c30>,31,2,[7 1],41,79,81,38,79
1,<environment.Job instance at 0x1491ab179640>,32,3,[9 1],46,81,84,35,79
1,<environment.Job instance at 0x1491ab179dc0>,33,13,[2 5],48,84,97,36,79
1,<environment.Job instance at 0x1491ab179aa0>,34,2,[1 8],49,79,81,30,79
1,<environment.Job instance at 0x1491ab179d70>,35,1,[2 6],50,97,98,47,79
1,<environment.Job instance at 0x1491ab179fa0>,36,2,[9 2],53,98,100,45,79
1,<environment.Job instance at 0x1491ab179550>,37,1,[ 2 10],57,100,101,43,79
1,<environment.Job instance at 0x1491ab179be0>,40,3,[1 8],61,632,635,571,632
1,<environment.Job instance at 0x1491ab179050>,42,16,[9 1],64,632,648,568,632
1,<environment.Job instance at 0x1491b58c4140>,46,2,[7 2],74,648,650,574,632
1,<environment.Job instance at 0x1491af501410>,47,2,[5 2],76,650,652,574,632
1,<environment.Job instance at 0x1491af501910>,49,1,[6 2],78,652,653,574,632
1,<environment.Job instance at 0x1491af520d20>,51,16,[2 9],80,653,669,573,640
1,<environment.Job instance at 0x1491af520e60>,52,2,[5 2],81,650,652,569,640
1,<environment.Job instance at 0x1491af5201e0>,54,3,[2 8],83,669,672,586,645
1,<environment.Job instance at 0x1491af520410>,55,3,[8 2],85,669,672,584,645
1,<environment.Job instance at 0x1491b5796460>,56,1,[ 2 10],86,672,673,586,645
1,<environment.Job instance at 0x1491adf48730>,57,2,[1 6],87,645,647,558,645
1,<environment.Job instance at 0x1491af520280>,58,2,[8 1],88,653,655,565,645
1,<environment.Job instance at 0x1491af5202d0>,59,1,[2 7],90,648,649,558,645
1,<environment.Job instance at 0x1491af518870>,60,2,[1 8],91,673,675,582,646
1,<environment.Job instance at 0x1491af5182d0>,61,13,[7 1],92,655,668,563,646
1,<environment.Job instance at 0x1491af518e60>,62,3,[ 2 10],95,675,678,580,649
1,<environment.Job instance at 0x1491b1fec370>,65,2,[10  2],98,678,680,580,651
1,<environment.Job instance at 0x1491b1fec5a0>,66,2,[1 7],99,680,682,581,653
1,<environment.Job instance at 0x1491b1fecaf0>,67,3,[2 8],100,682,685,582,656
1,<environment.Job instance at 0x1491ae4a8c30>,68,2,[6 2],101,673,675,572,656
1,<environment.Job instance at 0x1491b1fec4b0>,69,1,[7 1],104,668,669,564,656
1,<environment.Job instance at 0x1491ae4a8be0>,70,2,[5 2],105,680,682,575,656
1,<environment.Job instance at 0x1491ad52b7d0>,72,3,[6 1],107,682,685,575,661
1,<environment.Job instance at 0x1491ad52b640>,73,2,[ 1 10],108,685,687,577,661
1,<environment.Job instance at 0x1491af43eb90>,74,1,[7 1],109,687,688,578,661
1,<environment.Job instance at 0x1491b5760050>,75,1,[2 6],112,687,688,575,661
1,<environment.Job instance at 0x1491b57600a0>,76,2,[10  2],113,688,690,575,661
1,<environment.Job instance at 0x1491abed9410>,77,1,[5 1],114,690,691,576,662
1,<environment.Job instance at 0x1491abed9a00>,78,2,[8 2],115,691,693,576,664
1,<environment.Job instance at 0x1491b075c140>,79,1,[6 1],116,693,694,577,665
1,<environment.Job instance at 0x1491ab18a0f0>,80,3,[8 1],118,694,697,576,668
1,<environment.Job instance at 0x1491ab18a320>,82,2,[8 2],123,697,699,574,673
1,<environment.Job instance at 0x1491ab18a6e0>,83,17,[10  1],126,699,716,573,687
1,<environment.Job instance at 0x1491ab18a410>,84,3,[2 6],127,690,693,563,687
1,<environment.Job instance at 0x1491ab18a820>,88,14,[2 6],133,716,730,583,701
1,<environment.Job instance at 0x1491af509370>,7,14,[9 2],10,2454,2468,2444,2454
1,<environment.Job instance at 0x1491af5093c0>,13,2,[8 2],16,2717,2719,2701,2717
1,<environment.Job instance at 0x1491af509320>,2,27,[1 9],3,4,31,1,4
1,<environment.Job instance at 0x1491ab2e55a0>,4,1,[ 2 10],5,31,32,26,5
1,<environment.Job instance at 0x1491af7d2c80>,6,3,[ 1 10],11,32,35,21,11
1,<environment.Job instance at 0x1491ab2e59b0>,7,1,[8 2],12,35,36,23,12
1,<environment.Job instance at 0x1491ab7b5a00>,8,18,[9 1],13,13,31,0,13
1,<environment.Job instance at 0x1491ab2e5370>,9,2,[8 1],15,36,38,21,15
1,<environment.Job instance at 0x1491ab5995f0>,13,3,[1 5],20,35,38,15,20
1,<environment.Job instance at 0x1491af509500>,3,1,[9 1],4,38,39,34,21
1,<environment.Job instance at 0x1491ab29ebe0>,14,3,[8 2],23,39,42,16,23
1,<environment.Job instance at 0x1491b647a2d0>,15,1,[1 7],24,38,39,14,24
1,<environment.Job instance at 0x1491aafa6190>,16,3,[2 8],25,39,42,14,25
1,<environment.Job instance at 0x1491ab7c7aa0>,17,2,[7 1],26,42,44,16,26
1,<environment.Job instance at 0x1491ab365960>,19,1,[1 7],30,42,43,12,30
1,<environment.Job instance at 0x1491ab3651e0>,20,21,[9 1],31,44,65,13,36
1,<environment.Job instance at 0x1491ab2e2aa0>,23,2,[5 1],35,65,67,30,38
1,<environment.Job instance at 0x1491ab2e2780>,24,2,[ 2 10],36,67,69,31,40
1,<environment.Job instance at 0x1491ab7b9730>,25,3,[5 1],37,69,72,32,43
1,<environment.Job instance at 0x1491ab1c3780>,26,1,[1 9],39,43,44,4,43
1,<environment.Job instance at 0x1491ab7b9410>,27,1,[2 7],40,65,66,25,43
1,<environment.Job instance at 0x1491ab1c3b40>,28,2,[1 8],41,44,46,3,43
1,<environment.Job instance at 0x1491ab1c3c80>,29,1,[1 9],43,46,47,3,43
1,<environment.Job instance at 0x1491ab1c3730>,31,3,[9 1],46,72,75,26,46
1,<environment.Job instance at 0x1491ab6ae5a0>,34,16,[9 2],50,75,91,25,62
1,<environment.Job instance at 0x1491b640fc30>,43,3,[1 9],62,69,72,7,63
1,<environment.Job instance at 0x1491b57b9e60>,46,1,[10  1],66,91,92,25,66
1,<environment.Job instance at 0x1491abf9de10>,50,3,[2 9],71,92,95,21,71
1,<environment.Job instance at 0x1491abf9d7d0>,52,1,[10  1],73,95,96,22,73
1,<environment.Job instance at 0x1491ab1f6aa0>,54,1,[7 1],75,92,93,17,82
1,<environment.Job instance at 0x1491ab1f65a0>,55,3,[9 2],76,96,99,20,82
1,<environment.Job instance at 0x1491ab1f63c0>,56,2,[1 8],77,82,84,5,82
1,<environment.Job instance at 0x1491af3e9460>,58,3,[2 5],79,99,102,20,82
1,<environment.Job instance at 0x1491af3e9870>,59,2,[8 1],80,93,95,13,82
1,<environment.Job instance at 0x1491b641ca00>,62,17,[7 2],83,102,119,19,102
1,<environment.Job instance at 0x1491b641c910>,63,16,[5 2],84,119,135,35,106
1,<environment.Job instance at 0x1491b641cc80>,65,13,[2 8],87,106,119,19,106
1,<environment.Job instance at 0x1491b641c2d0>,66,3,[7 2],88,135,138,47,109
1,<environment.Job instance at 0x1491b641c730>,68,1,[1 8],92,119,120,27,109
1,<environment.Job instance at 0x1491ae2e7050>,69,16,[5 2],93,138,154,45,125
1,<environment.Job instance at 0x1491ae2e7eb0>,79,16,[2 7],107,134,150,27,134
1,<environment.Job instance at 0x1491f0791aa0>,83,2,[9 1],112,154,156,42,134
1,<environment.Job instance at 0x1491f0791c30>,84,3,[9 2],113,156,159,43,134
1,<environment.Job instance at 0x1491b6483730>,92,2,[8 2],123,159,161,36,140
1,<environment.Job instance at 0x1491b64830a0>,94,14,[1 9],126,161,175,35,157
1,<environment.Job instance at 0x1491b64832d0>,96,18,[10  2],128,175,193,47,164
1,<environment.Job instance at 0x1491b6483820>,99,3,[1 6],131,193,196,62,167
1,<environment.Job instance at 0x1491ab056230>,102,16,[8 2],135,193,209,58,180
1,<environment.Job instance at 0x1491aba9fbe0>,103,3,[1 5],138,196,199,58,180
1,<environment.Job instance at 0x1491ae0ff730>,1,1,[1 6],2,2,3,0,2
1,<environment.Job instance at 0x1491abf67e10>,3,2,[5 1],4,4,6,0,4
1,<environment.Job instance at 0x1491b57a0b40>,4,2,[7 2],5,6,8,1,5
1,<environment.Job instance at 0x1491f0746c80>,5,1,[1 6],6,6,7,0,6
1,<environment.Job instance at 0x1491ab181b40>,6,3,[2 6],7,7,10,0,7
1,<environment.Job instance at 0x1491ac031cd0>,7,3,[1 9],8,10,13,2,8
1,<environment.Job instance at 0x1491b6417550>,8,3,[6 1],9,9,12,0,9
1,<environment.Job instance at 0x1491af567820>,11,17,[8 1],17,17,34,0,17
1,<environment.Job instance at 0x1491af3500a0>,14,3,[9 1],20,34,37,14,20
1,<environment.Job instance at 0x1491b64475f0>,16,1,[5 1],22,37,38,15,22
1,<environment.Job instance at 0x1491b6447870>,18,2,[1 7],24,24,26,0,24
1,<environment.Job instance at 0x1491b6447730>,19,1,[6 2],27,38,39,11,27
1,<environment.Job instance at 0x1491b6447af0>,20,3,[5 2],28,39,42,11,28
1,<environment.Job instance at 0x1491ae1fabe0>,21,15,[8 1],29,42,57,13,29
1,<environment.Job instance at 0x1491ab439b90>,22,3,[2 7],30,30,33,0,30
1,<environment.Job instance at 0x1491ab439050>,23,2,[8 2],32,57,59,25,32
1,<environment.Job instance at 0x1491b640c460>,25,1,[5 2],39,39,40,0,39
1,<environment.Job instance at 0x1491b640c230>,26,13,[7 2],40,59,72,19,43
1,<environment.Job instance at 0x1491b640c0a0>,30,3,[2 6],45,45,48,0,45
1,<environment.Job instance at 0x1491b640c870>,27,1,[7 2],42,72,73,30,46
1,<environment.Job instance at 0x1491af8c8820>,31,2,[7 1],47,73,75,26,47
1,<environment.Job instance at 0x1491af8c85f0>,34,3,[1 9],51,51,54,0,51
1,<environment.Job instance at 0x1491ab428d70>,35,17,[1 5],52,54,71,2,52
1,<environment.Job instance at 0x1491ab428e60>,36,3,[8 1],54,75,78,21,54
1,<environment.Job instance at 0x1491ab428640>,37,1,[1 8],55,71,72,16,55
1,<environment.Job instance at 0x1491ab4281e0>,38,1,[10  2],59,78,79,19,59
1,<environment.Job instance at 0x1491ab4283c0>,39,2,[2 6],60,72,74,12,60
1,<environment.Job instance at 0x1491ab428230>,40,1,[1 5],61,74,75,13,61
1,<environment.Job instance at 0x1491b6162690>,41,3,[7 2],63,79,82,16,63
1,<environment.Job instance at 0x1491b6162aa0>,42,1,[2 8],64,75,76,11,64
1,<environment.Job instance at 0x1491b6162a00>,44,3,[10  1],68,82,85,14,68
1,<environment.Job instance at 0x1491af331a50>,49,1,[1 9],75,76,77,1,75
1,<environment.Job instance at 0x1491ac047230>,50,3,[6 2],76,85,88,9,76
1,<environment.Job instance at 0x1491af403730>,2,3,[1 9],6,6,9,0,6
1,<environment.Job instance at 0x1491aac75aa0>,4,3,[2 7],9,9,12,0,9
1,<environment.Job instance at 0x1491adf91a00>,5,21,[10  2],12,12,33,0,12
1,<environment.Job instance at 0x1491b57c0e60>,7,3,[1 7],15,33,36,18,15
1,<environment.Job instance at 0x1491aaca6a50>,8,14,[2 5],17,36,50,19,22
1,<environment.Job instance at 0x1491b6447140>,13,3,[2 9],26,50,53,24,26
1,<environment.Job instance at 0x1491ae206eb0>,15,12,[5 2],29,33,45,4,30
1,<environment.Job instance at 0x1491ab1e4a50>,18,3,[5 1],33,45,48,12,33
1,<environment.Job instance at 0x1491abf49410>,22,3,[8 1],37,48,51,11,48
1,<environment.Job instance at 0x14920032fb40>,24,3,[9 2],39,53,56,14,48
1,<environment.Job instance at 0x1491f0716730>,25,2,[1 6],46,53,55,7,48
1,<environment.Job instance at 0x1491ae3235a0>,26,18,[8 1],48,56,74,8,48
1,<environment.Job instance at 0x1491aafa4f00>,30,3,[6 2],56,74,77,18,56
1,<environment.Job instance at 0x1491aafa4910>,32,2,[5 1],58,77,79,19,58
1,<environment.Job instance at 0x1491aafa4780>,33,3,[9 1],59,79,82,20,59
1,<environment.Job instance at 0x1491af90d960>,36,3,[9 2],64,82,85,18,64
1,<environment.Job instance at 0x1491af90d690>,38,1,[1 9],66,66,67,0,66
1,<environment.Job instance at 0x1491af90d0f0>,39,3,[1 7],67,67,70,0,67
1,<environment.Job instance at 0x1491ad520870>,42,1,[1 9],70,70,71,0,70
1,<environment.Job instance at 0x1491aaf77960>,43,2,[2 6],71,71,73,0,71
1,<environment.Job instance at 0x1491af4fd050>,44,3,[ 2 10],72,85,88,13,72
1,<environment.Job instance at 0x1491ab1cf640>,45,13,[2 8],73,88,101,15,73
1,<environment.Job instance at 0x1491abf96550>,46,1,[8 1],76,88,89,12,76
1,<environment.Job instance at 0x1491f0740cd0>,47,3,[1 6],77,77,80,0,77
1,<environment.Job instance at 0x1491f08922d0>,48,2,[1 6],78,80,82,2,78
1,<environment.Job instance at 0x1491b653dbe0>,60,18,[10  2],99,101,119,2,99
1,<environment.Job instance at 0x1491ae308aa0>,67,3,[10  2],107,119,122,12,107
1,<environment.Job instance at 0x1491ae19cfa0>,68,17,[9 2],109,122,139,13,110
1,<environment.Job instance at 0x1491aaf12050>,78,16,[1 7],123,123,139,0,123
1,<environment.Job instance at 0x1491aaf12c30>,79,17,[5 2],125,139,156,14,127
1,<environment.Job instance at 0x1491aaf12a50>,80,3,[10  1],127,156,159,29,130
1,<environment.Job instance at 0x1491ab342550>,85,2,[10  2],132,159,161,27,134
1,<environment.Job instance at 0x1491abaab3c0>,86,15,[9 1],134,161,176,27,147
1,<environment.Job instance at 0x1491ae3a2b90>,1,2,[2 8],2,2,4,0,2
1,<environment.Job instance at 0x1491adf571e0>,2,3,[1 7],3,4,7,1,3
1,<environment.Job instance at 0x1491adf57140>,3,2,[6 1],4,4,6,0,4
1,<environment.Job instance at 0x1491ab634cd0>,4,3,[7 2],5,6,9,1,5
1,<environment.Job instance at 0x1491ae3a2370>,5,2,[8 1],6,9,11,3,6
1,<environment.Job instance at 0x1491b5889690>,6,15,[8 2],7,11,26,4,7
1,<environment.Job instance at 0x1491ae359410>,7,1,[10  1],8,26,27,18,8
1,<environment.Job instance at 0x1491ae359a50>,8,2,[8 2],10,27,29,17,10
1,<environment.Job instance at 0x1491b3a6be60>,9,1,[1 6],11,11,12,0,11
1,<environment.Job instance at 0x1491b3a6b320>,10,3,[6 1],12,29,32,17,12
1,<environment.Job instance at 0x1491b57a4190>,13,3,[2 8],16,16,19,0,16
1,<environment.Job instance at 0x1491b57a49b0>,18,15,[9 1],22,786,801,764,786
1,<environment.Job instance at 0x1491b57a41e0>,19,12,[6 1],23,801,813,778,786
1,<environment.Job instance at 0x1491b57a4500>,20,13,[8 1],24,813,826,789,797
1,<environment.Job instance at 0x1491b57a4960>,21,3,[2 8],25,801,804,776,797
1,<environment.Job instance at 0x1491b57a46e0>,22,2,[1 7],26,797,799,771,797
1,<environment.Job instance at 0x1491b57a4050>,23,2,[1 6],27,799,801,772,797
1,<environment.Job instance at 0x1491ab7f9f00>,25,1,[2 7],30,804,805,774,797
1,<environment.Job instance at 0x1491ab7f9c80>,26,3,[8 2],31,826,829,795,800
1,<environment.Job instance at 0x1491b3a6bcd0>,12,3,[2 5],14,805,808,791,801
1,<environment.Job instance at 0x1491ab7f9a00>,27,3,[ 2 10],32,829,832,797,803
1,<environment.Job instance at 0x1491ab7f9b90>,30,3,[1 8],37,808,811,771,803
1,<environment.Job instance at 0x1491abf31e60>,33,15,[10  1],43,832,847,789,818
1,<environment.Job instance at 0x1491abf315a0>,34,3,[1 8],45,818,821,773,818
1,<environment.Job instance at 0x1491abf31aa0>,36,3,[8 1],47,847,850,800,821
1,<environment.Job instance at 0x1491abf31370>,37,3,[10  1],48,850,853,802,824
1,<environment.Job instance at 0x1491abf317d0>,38,3,[1 8],49,824,827,775,824
1,<environment.Job instance at 0x1491abf31af0>,39,2,[2 9],50,847,849,797,824
1,<environment.Job instance at 0x1491abf31820>,41,2,[8 1],52,853,855,801,826
1,<environment.Job instance at 0x1491abf31c80>,44,3,[ 2 10],57,855,858,798,829
1,<environment.Job instance at 0x1491abf91a00>,47,16,[5 1],61,1452,1468,1391,1452
1,<environment.Job instance at 0x1491abf91690>,48,3,[2 5],63,1452,1455,1389,1452
1,<environment.Job instance at 0x1491abf91960>,49,13,[1 5],64,1455,1468,1391,1452
1,<environment.Job instance at 0x1491abf91780>,50,15,[5 1],66,1468,1483,1402,1454
1,<environment.Job instance at 0x1491b5800a50>,52,1,[6 1],68,1483,1484,1415,1458
1,<environment.Job instance at 0x1491b5800460>,53,18,[8 2],69,1484,1502,1415,1473
1,<environment.Job instance at 0x1491b5800780>,55,3,[2 6],71,1475,1478,1404,1475
1,<environment.Job instance at 0x1491b58008c0>,56,3,[2 6],72,1478,1481,1406,1475
1,<environment.Job instance at 0x1491b5800640>,58,3,[7 1],74,1502,1505,1428,1476
1,<environment.Job instance at 0x1491f009c870>,60,3,[2 7],77,1481,1484,1404,1476
1,<environment.Job instance at 0x1491f009cc30>,61,18,[1 6],78,1484,1502,1406,1476
1,<environment.Job instance at 0x1491f009c730>,62,3,[1 5],80,1502,1505,1422,1476
1,<environment.Job instance at 0x1491f009c5f0>,65,15,[1 5],83,1848,1863,1765,1848
1,<environment.Job instance at 0x1491f009c960>,66,3,[2 5],85,1848,1851,1763,1848
1,<environment.Job instance at 0x1491f009c550>,67,2,[6 2],86,1851,1853,1765,1848
1,<environment.Job instance at 0x1491f009ccd0>,68,16,[2 8],88,1863,1879,1775,1850
1,<environment.Job instance at 0x1491ab08ab40>,69,2,[9 1],89,1853,1855,1764,1850
1,<environment.Job instance at 0x1491ab08a0a0>,71,3,[10  2],91,1879,1882,1788,1857
1,<environment.Job instance at 0x1491b5798c30>,72,1,[6 1],94,1857,1858,1763,1857
1,<environment.Job instance at 0x1491b5798050>,73,3,[10  1],95,1882,1885,1787,1857
1,<environment.Job instance at 0x1491b5798fa0>,74,3,[6 2],96,1858,1861,1762,1857
1,<environment.Job instance at 0x1491b5798280>,77,3,[10  1],99,1885,1888,1786,1864
1,<environment.Job instance at 0x1491b57987d0>,80,1,[2 7],102,1888,1889,1786,1864
1,<environment.Job instance at 0x1491b5798500>,81,3,[7 1],103,1864,1867,1761,1864
1,<environment.Job instance at 0x1491b5798af0>,82,1,[8 2],104,1867,1868,1763,1864
1,<environment.Job instance at 0x1491b5798dc0>,84,15,[1 8],107,1889,1904,1782,1882
1,<environment.Job instance at 0x1491f007f4b0>,85,2,[8 2],108,1888,1890,1780,1882
1,<environment.Job instance at 0x1491ab0a50f0>,86,13,[6 1],109,1890,1903,1781,1882
1,<environment.Job instance at 0x1491ab00dd70>,87,3,[10  1],111,1904,1907,1793,1882
1,<environment.Job instance at 0x1491b57980f0>,88,14,[6 1],113,1907,1921,1794,1892
1,<environment.Job instance at 0x1491b5798e10>,89,2,[10  1],114,1921,1923,1807,1894
1,<environment.Job instance at 0x1491b5798820>,90,1,[ 1 10],117,1923,1924,1806,1895
1,<environment.Job instance at 0x1491ad520140>,91,1,[5 2],118,1903,1904,1785,1895
1,<environment.Job instance at 0x1491ab7afe60>,92,1,[8 1],119,1924,1925,1805,1896
1,<environment.Job instance at 0x1491ab7af3c0>,93,14,[1 6],121,1907,1921,1786,1896
1,<environment.Job instance at 0x1491ad520690>,94,12,[1 7],124,1924,1936,1800,1907
1,<environment.Job instance at 0x1491b57c0eb0>,96,3,[10  2],128,1936,1939,1808,1910
1,<environment.Job instance at 0x1491b57c00f0>,98,3,[8 2],131,1925,1928,1794,1910
1,<environment.Job instance at 0x1491b57c0460>,101,1,[8 1],136,1928,1929,1792,1910
1,<environment.Job instance at 0x1491b57c0870>,102,3,[9 1],137,1929,1932,1792,1910
1,<environment.Job instance at 0x1491b57c0d70>,103,2,[9 1],139,1932,1934,1793,1910
1,<environment.Job instance at 0x1491b57a4910>,16,2,[2 5],20,2188,2190,2168,2188
1,<environment.Job instance at 0x1491af599f50>,0,3,[1 7],3,3,6,0,3
1,<environment.Job instance at 0x1491ac010f00>,3,2,[10  1],6,6,8,0,6
1,<environment.Job instance at 0x1491aadd6320>,4,16,[10  2],7,8,24,1,7
1,<environment.Job instance at 0x1491abec4b90>,8,3,[2 9],12,24,27,12,12
1,<environment.Job instance at 0x1491af55ba50>,12,3,[10  2],18,27,30,9,18
1,<environment.Job instance at 0x1491aae9bb90>,13,1,[10  2],19,30,31,11,19
1,<environment.Job instance at 0x1491b649aa50>,15,2,[10  1],21,31,33,10,21
1,<environment.Job instance at 0x1491ab6977d0>,16,1,[1 7],22,33,34,11,22
1,<environment.Job instance at 0x1491af848550>,17,1,[9 1],24,33,34,9,24
1,<environment.Job instance at 0x1491ae11ab90>,1,1,[5 2],2,2,3,0,2
1,<environment.Job instance at 0x1491af8481e0>,2,3,[1 7],3,3,6,0,3
1,<environment.Job instance at 0x1491b5728280>,5,2,[5 2],7,7,9,0,7
1,<environment.Job instance at 0x1491b5728aa0>,6,1,[1 5],8,9,10,1,9
1,<environment.Job instance at 0x1491b5728a00>,8,2,[7 1],10,10,12,0,10
1,<environment.Job instance at 0x1491af4985a0>,9,1,[10  1],11,12,13,1,11
1,<environment.Job instance at 0x1491ae476b40>,13,18,[10  1],15,15,33,0,15
1,<environment.Job instance at 0x1491b1fd17d0>,16,1,[2 5],18,33,34,15,18
1,<environment.Job instance at 0x1491ab015370>,23,14,[9 2],29,45,59,16,45
1,<environment.Job instance at 0x1491ab5ef960>,24,2,[5 2],30,59,61,29,45
1,<environment.Job instance at 0x1491b655c960>,25,3,[1 5],31,45,48,14,45
1,<environment.Job instance at 0x1491af7bb820>,27,16,[8 1],34,61,77,27,48
1,<environment.Job instance at 0x1491af4c43c0>,30,3,[1 7],38,52,55,14,52
1,<environment.Job instance at 0x1491aacf6c80>,31,3,[7 1],39,77,80,38,52
1,<environment.Job instance at 0x1491ae4764b0>,12,3,[2 5],14,59,62,45,57
1,<environment.Job instance at 0x1491f071efa0>,37,16,[1 6],46,70,86,24,70
1,<environment.Job instance at 0x1491f071ed20>,38,3,[2 6],48,86,89,38,70
1,<environment.Job instance at 0x1491f071e870>,39,14,[10  1],49,89,103,40,74
1,<environment.Job instance at 0x1491aad14dc0>,36,2,[1 8],45,103,105,58,78
1,<environment.Job instance at 0x1491af4fa140>,42,2,[8 1],53,84,86,31,84
1,<environment.Job instance at 0x1491af4fa820>,43,3,[9 1],54,103,106,49,84
1,<environment.Job instance at 0x1491af4fa5f0>,44,3,[8 2],55,86,89,31,84
1,<environment.Job instance at 0x1491aad0f370>,46,2,[2 7],59,106,108,47,84
1,<environment.Job instance at 0x1491af8c8370>,47,17,[6 2],61,106,123,45,94
1,<environment.Job instance at 0x1491abf73f00>,51,1,[8 1],65,123,124,58,97
1,<environment.Job instance at 0x1491abf73e60>,52,18,[10  1],66,124,142,58,113
1,<environment.Job instance at 0x1491af537820>,55,1,[5 1],69,142,143,73,114
1,<environment.Job instance at 0x1491ae47adc0>,57,3,[7 1],71,143,146,72,117
1,<environment.Job instance at 0x1491ae3f9c30>,58,3,[8 2],72,146,149,74,120
1,<environment.Job instance at 0x1491ae0bbf50>,63,3,[1 5],82,142,145,60,133
1,<environment.Job instance at 0x1491ae359cd0>,64,2,[5 2],83,149,151,66,133
1,<environment.Job instance at 0x1491abf260f0>,65,13,[8 1],85,151,164,66,135
1,<environment.Job instance at 0x1491ad52b820>,67,2,[2 8],87,145,147,58,135
1,<environment.Job instance at 0x1491ad52b050>,69,3,[9 2],90,164,167,74,145
1,<environment.Job instance at 0x1491ad52beb0>,70,1,[ 2 10],91,167,168,76,145
1,<environment.Job instance at 0x1491ad52ba50>,71,2,[6 2],92,168,170,76,145
1,<environment.Job instance at 0x1491ad52b910>,72,1,[1 5],94,147,148,53,145
1,<environment.Job instance at 0x1491ad52b320>,73,2,[5 2],95,149,151,54,145
1,<environment.Job instance at 0x1491ad52bbe0>,74,2,[8 1],96,170,172,74,145
1,<environment.Job instance at 0x1491ad52b230>,75,2,[8 1],97,172,174,75,145
1,<environment.Job instance at 0x1491ad52b8c0>,77,3,[10  2],99,174,177,75,154
1,<environment.Job instance at 0x1491f071e6e0>,41,3,[5 1],51,177,180,126,166
1,<environment.Job instance at 0x1491b58c4c30>,78,18,[2 5],100,177,195,77,166
1,<environment.Job instance at 0x1491b58c4640>,81,2,[1 6],103,671,673,568,671
1,<environment.Job instance at 0x1491b58c48c0>,82,16,[1 9],104,673,689,569,671
1,<environment.Job instance at 0x1491b58c43c0>,84,13,[8 1],106,678,691,572,678
1,<environment.Job instance at 0x1491b58c40a0>,85,1,[6 1],107,691,692,584,678
1,<environment.Job instance at 0x1491b58c4f50>,86,2,[ 1 10],108,692,694,584,678
1,<environment.Job instance at 0x1491ab3341e0>,87,1,[5 1],109,694,695,585,678
1,<environment.Job instance at 0x1491ab334fa0>,88,3,[5 2],110,694,697,584,678
1,<environment.Job instance at 0x1491ab2d3be0>,90,3,[5 2],115,695,698,580,679
1,<environment.Job instance at 0x1491ab2d30f0>,91,15,[10  2],116,698,713,582,684
1,<environment.Job instance at 0x1491b64d1f00>,92,2,[8 2],117,713,715,596,686
1,<environment.Job instance at 0x1491aad0a5a0>,97,3,[9 1],124,715,718,591,690
1,<environment.Job instance at 0x1491aad0adc0>,98,14,[2 5],126,718,732,592,703
1,<environment.Job instance at 0x1491aad0a410>,99,2,[1 8],127,713,715,586,703
1,<environment.Job instance at 0x1491aad0ae60>,100,1,[5 1],128,718,719,590,703
1,<environment.Job instance at 0x1491aad0a190>,102,2,[8 1],131,719,721,588,705
1,<environment.Job instance at 0x1491aad0a730>,103,2,[6 2],133,721,723,588,705
1,<environment.Job instance at 0x1491aad0ad70>,104,2,[1 5],134,715,717,581,705
1,<environment.Job instance at 0x1491aad0a7d0>,105,2,[9 2],135,732,734,597,705
1,<environment.Job instance at 0x1491ab522460>,106,1,[9 1],138,734,735,596,706
1,<environment.Job instance at 0x1491ab5220a0>,107,2,[9 1],139,735,737,596,708
1,<environment.Job instance at 0x1491ab5efeb0>,2,3,[7 1],4,4,7,0,4
1,<environment.Job instance at 0x1491ab5ef050>,3,2,[ 1 10],5,7,9,2,5
1,<environment.Job instance at 0x1491b58c4b90>,11,17,[ 1 10],16,171,188,155,171
1,<environment.Job instance at 0x1491b58c40f0>,12,3,[1 6],19,188,191,169,171
1,<environment.Job instance at 0x1491b58c4410>,13,3,[2 6],20,191,194,171,171
1,<environment.Job instance at 0x1491b58c4870>,14,3,[2 5],21,194,197,173,171
1,<environment.Job instance at 0x1491b58c4e10>,16,12,[9 1],23,197,209,174,180
1,<environment.Job instance at 0x1491b58c4280>,17,3,[7 2],25,188,191,163,180
1,<environment.Job instance at 0x1491b58c4190>,18,3,[1 6],27,197,200,170,180
1,<environment.Job instance at 0x1491b58c4e60>,20,2,[8 1],33,191,193,158,180
1,<environment.Job instance at 0x1491adf53c80>,21,3,[9 2],34,209,212,175,183
1,<environment.Job instance at 0x1491adf53d70>,23,2,[10  1],37,212,214,175,185
1,<environment.Job instance at 0x1491adf53e60>,25,3,[5 1],40,193,196,153,185
1,<environment.Job instance at 0x1491adf53f00>,27,2,[7 2],44,214,216,170,187
1,<environment.Job instance at 0x1491adf532d0>,29,14,[10  2],46,216,230,170,201
1,<environment.Job instance at 0x1491adf530a0>,30,3,[2 6],47,230,233,183,204
1,<environment.Job instance at 0x1491adf53230>,31,12,[6 1],50,230,242,180,213
1,<environment.Job instance at 0x1491adf53960>,34,3,[1 9],56,233,236,177,216
1,<environment.Job instance at 0x1491adf530f0>,38,14,[10  1],61,242,256,181,227
1,<environment.Job instance at 0x1491adf535a0>,40,16,[9 2],63,256,272,193,243
1,<environment.Job instance at 0x1491adf53d20>,44,1,[10  1],70,272,273,202,244
1,<environment.Job instance at 0x1491ae48cf00>,46,2,[10  1],72,273,275,201,246
1,<environment.Job instance at 0x1491ae48ce10>,47,1,[6 2],73,275,276,202,247
1,<environment.Job instance at 0x1491ae48ceb0>,48,3,[6 2],74,276,279,202,250
1,<environment.Job instance at 0x1491ae48c5a0>,49,3,[2 5],78,275,278,197,250
1,<environment.Job instance at 0x1491ae48c5f0>,53,3,[1 9],84,279,282,195,255
1,<environment.Job instance at 0x1491ae48c280>,54,3,[2 7],86,282,285,196,256
1,<environment.Job instance at 0x1491ae48c3c0>,55,3,[2 9],87,285,288,198,259
1,<environment.Job instance at 0x1491ae48c730>,56,3,[6 1],89,279,282,190,259
1,<environment.Job instance at 0x1491ae48c2d0>,59,2,[9 1],92,288,290,196,273
1,<environment.Job instance at 0x1491ae48caa0>,61,3,[ 1 10],95,290,293,195,277
1,<environment.Job instance at 0x1491ae48ca00>,63,2,[6 2],97,282,284,185,279
1,<environment.Job instance at 0x1491ae48cf50>,64,13,[6 1],98,293,306,195,279
1,<environment.Job instance at 0x1491ae48c410>,66,3,[6 2],100,306,309,206,280
1,<environment.Job instance at 0x1491ae48cc30>,67,3,[5 2],102,309,312,207,283
1,<environment.Job instance at 0x1491ab634960>,71,14,[2 8],108,293,307,185,287
1,<environment.Job instance at 0x1491ab6348c0>,72,1,[10  2],109,312,313,203,287
1,<environment.Job instance at 0x1491ab634aa0>,74,13,[8 1],114,313,326,199,302
1,<environment.Job instance at 0x1491ab348cd0>,75,2,[10  1],115,326,328,211,302
1,<environment.Job instance at 0x1491ab3480f0>,76,18,[8 1],117,328,346,211,317
1,<environment.Job instance at 0x1491ab3481e0>,82,3,[ 2 10],126,346,349,220,320
1,<environment.Job instance at 0x1491ab3485f0>,86,3,[1 9],134,320,323,186,320
1,<environment.Job instance at 0x1491b58c4320>,8,3,[2 8],11,548,551,537,548
1,<environment.Job instance at 0x1491b58c4320>,3,1,[8 2],5,5,6,0,5
1,<environment.Job instance at 0x1491ab511c30>,4,2,[10  2],6,6,8,0,6
1,<environment.Job instance at 0x1491ab511690>,7,1,[5 2],11,11,12,0,11
1,<environment.Job instance at 0x1491ab7eb870>,8,18,[10  2],12,12,30,0,12
1,<environment.Job instance at 0x1491ab4adc30>,9,3,[1 5],13,30,33,17,13
1,<environment.Job instance at 0x1491ae3596e0>,11,2,[1 8],16,33,35,17,16
1,<environment.Job instance at 0x1491ae12f640>,13,1,[2 9],18,35,36,17,18
1,<environment.Job instance at 0x1491ae12f050>,14,1,[10  2],19,36,37,17,19
1,<environment.Job instance at 0x1491b5870960>,15,2,[5 2],22,30,32,8,22
1,<environment.Job instance at 0x1491ae12f960>,16,2,[10  1],23,37,39,14,23
1,<environment.Job instance at 0x1491ae280b90>,17,17,[7 1],25,39,56,14,27
1,<environment.Job instance at 0x1491aafbf3c0>,18,1,[7 2],26,32,33,6,27
1,<environment.Job instance at 0x1491ae19cc30>,21,3,[1 9],34,39,42,5,34
1,<environment.Job instance at 0x1491ab75d0f0>,24,3,[6 2],40,56,59,16,40
1,<environment.Job instance at 0x1491ab75d820>,25,17,[6 2],45,59,76,14,47
1,<environment.Job instance at 0x1491ab273280>,27,3,[8 2],48,76,79,28,50
1,<environment.Job instance at 0x1491b651f910>,31,3,[1 6],52,52,55,0,52
1,<environment.Job instance at 0x1491ab273410>,32,1,[8 1],53,79,80,26,53
1,<environment.Job instance at 0x1491acac7780>,33,1,[6 1],54,80,81,26,54
1,<environment.Job instance at 0x1491acac7d20>,35,3,[10  2],62,81,84,19,62
1,<environment.Job instance at 0x1491ab1cc730>,38,2,[9 1],67,84,86,17,67
1,<environment.Job instance at 0x1491af50c870>,40,13,[7 2],71,86,99,15,71
1,<environment.Job instance at 0x1491b6417aa0>,41,2,[6 2],72,99,101,27,72
1,<environment.Job instance at 0x1491b6417eb0>,42,3,[5 2],77,101,104,24,77
1,<environment.Job instance at 0x1491b64177d0>,43,3,[ 2 10],78,104,107,26,78
1,<environment.Job instance at 0x1491b6417320>,44,3,[1 5],80,84,87,4,80
1,<environment.Job instance at 0x1491f00a6140>,45,1,[9 1],81,107,108,26,81
1,<environment.Job instance at 0x1491ab68f8c0>,46,2,[1 7],83,87,89,4,83
1,<environment.Job instance at 0x1491ab68f0f0>,47,2,[2 5],84,89,91,5,84
1,<environment.Job instance at 0x1491aabcbf00>,0,17,[10  2],1,1,18,0,1
1,<environment.Job instance at 0x1491aabcbb90>,3,3,[9 1],7,18,21,11,7
1,<environment.Job instance at 0x1491aabbdf00>,10,3,[1 7],14,18,21,4,14
1,<environment.Job instance at 0x1491aae68690>,12,2,[2 5],16,21,23,5,16
1,<environment.Job instance at 0x1491aae685f0>,13,3,[1 9],17,23,26,6,17
1,<environment.Job instance at 0x1491abaa5e10>,14,3,[8 1],18,21,24,3,18
1,<environment.Job instance at 0x1491aadbdaa0>,15,1,[2 9],19,26,27,7,19
1,<environment.Job instance at 0x1491aaf1bfa0>,16,3,[1 9],22,27,30,5,22
1,<environment.Job instance at 0x1491aaf1ba50>,17,1,[9 1],23,24,25,1,23
1,<environment.Job instance at 0x1491f0716a00>,18,3,[1 7],24,30,33,6,24
1,<environment.Job instance at 0x1491aabcbc30>,5,2,[7 1],9,25,27,16,24
1,<environment.Job instance at 0x1491aabc17d0>,20,16,[10  1],26,33,49,7,26
1,<environment.Job instance at 0x1491ae0165f0>,21,3,[5 1],28,28,31,0,28
1,<environment.Job instance at 0x1491b6405410>,22,3,[9 2],29,49,52,20,29
1,<environment.Job instance at 0x1491aad9cb40>,27,1,[6 2],34,2403,2404,2369,2403
1,<environment.Job instance at 0x1491aad9c7d0>,28,3,[7 2],36,2404,2407,2368,2403
1,<environment.Job instance at 0x1491ae13baf0>,29,13,[1 6],37,2403,2416,2366,2403
1,<environment.Job instance at 0x1491ae13baa0>,30,19,[5 1],38,2407,2426,2369,2403
1,<environment.Job instance at 0x1491ae13b960>,31,1,[5 2],40,2416,2417,2376,2403
1,<environment.Job instance at 0x1491ae13bd20>,32,3,[1 8],42,2417,2420,2375,2403
1,<environment.Job instance at 0x1491ae13bc30>,34,20,[10  2],44,2426,2446,2382,2417
1,<environment.Job instance at 0x1491ae13be10>,36,1,[1 5],47,2420,2421,2373,2417
1,<environment.Job instance at 0x1491ae13bf00>,38,3,[ 2 10],50,2446,2449,2396,2420
1,<environment.Job instance at 0x1491ae13b870>,40,3,[10  2],53,2449,2452,2396,2423
1,<environment.Job instance at 0x1491ae13b230>,41,3,[2 7],55,2423,2426,2368,2423
1,<environment.Job instance at 0x1491b0760410>,44,1,[1 5],61,2452,2453,2391,2424
1,<environment.Job instance at 0x1491b0760f50>,46,16,[6 1],64,2452,2468,2388,2441
1,<environment.Job instance at 0x1491ae27a140>,47,1,[8 2],65,2468,2469,2403,2441
1,<environment.Job instance at 0x1491ae27abe0>,48,2,[ 2 10],66,2469,2471,2403,2442
1,<environment.Job instance at 0x1491ae27a820>,52,3,[7 1],74,2471,2474,2397,2445
1,<environment.Job instance at 0x1491aac6f780>,55,3,[2 9],77,2453,2456,2376,2445
1,<environment.Job instance at 0x1491aba83500>,57,18,[2 8],79,2471,2489,2392,2460
1,<environment.Job instance at 0x1491b63b4460>,59,18,[8 1],82,2474,2492,2392,2463
1,<environment.Job instance at 0x1491b63b4280>,60,2,[6 2],83,2492,2494,2409,2465
1,<environment.Job instance at 0x1491aad79050>,62,2,[2 6],86,2489,2491,2403,2475
1,<environment.Job instance at 0x1491aad79960>,63,2,[9 1],88,2494,2496,2406,2475
1,<environment.Job instance at 0x1491aad795a0>,64,2,[8 1],90,2496,2498,2406,2475
1,<environment.Job instance at 0x1491aad79370>,65,1,[ 1 10],93,2498,2499,2405,2475
1,<environment.Job instance at 0x1491aac10b90>,66,1,[8 1],94,2499,2500,2405,2475
1,<environment.Job instance at 0x1491aac10320>,67,1,[8 1],95,2500,2501,2405,2475
1,<environment.Job instance at 0x1491aac10d70>,68,3,[2 7],96,2491,2494,2395,2475
1,<environment.Job instance at 0x1491aac10910>,69,14,[1 9],98,2499,2513,2401,2484
1,<environment.Job instance at 0x1491aaf187d0>,70,3,[1 6],102,2494,2497,2392,2484
1,<environment.Job instance at 0x1491aaf18b40>,71,1,[2 7],103,2497,2498,2394,2484
1,<environment.Job instance at 0x14920034a5a0>,76,3,[2 9],112,2513,2516,2401,2501
1,<environment.Job instance at 0x1491b63b6230>,77,1,[8 2],114,2516,2517,2402,2501
1,<environment.Job instance at 0x1491b63b6550>,78,3,[7 1],116,2501,2504,2385,2501
1,<environment.Job instance at 0x1491b63b6cd0>,79,3,[ 2 10],119,2517,2520,2398,2501
1,<environment.Job instance at 0x1491b63b6640>,80,3,[7 2],121,2520,2523,2399,2501
1,<environment.Job instance at 0x1491b640faa0>,81,3,[9 2],123,2523,2526,2400,2501
1,<environment.Job instance at 0x1491b640f230>,82,3,[1 6],126,2520,2523,2394,2501
1,<environment.Job instance at 0x1491aabfb730>,84,1,[2 7],128,2516,2517,2388,2505
1,<environment.Job instance at 0x1491aabfbe60>,85,2,[2 5],129,2526,2528,2397,2505
1,<environment.Job instance at 0x1491aabfb780>,86,3,[1 8],130,2523,2526,2393,2505
1,<environment.Job instance at 0x1491aabfb2d0>,87,1,[10  2],131,2528,2529,2397,2505
1,<environment.Job instance at 0x1491aba7ef00>,89,17,[10  2],135,2529,2546,2394,2517
1,<environment.Job instance at 0x1491aba7eb40>,90,3,[9 2],136,2546,2549,2410,2520
1,<environment.Job instance at 0x1491aba7ec80>,92,2,[6 2],138,2526,2528,2388,2524
1,<environment.Job instance at 0x1491aabbd690>,7,1,[6 1],11,2549,2550,2538,2545
1,<environment.Job instance at 0x1491ae28b820>,2,2,[2 6],5,5,7,0,5
1,<environment.Job instance at 0x1491ae28b7d0>,4,1,[2 9],9,9,10,0,9
1,<environment.Job instance at 0x1491ae198fa0>,5,1,[2 6],10,10,11,0,10
1,<environment.Job instance at 0x1491ae198460>,6,2,[1 8],11,11,13,0,11
1,<environment.Job instance at 0x1491ae198d20>,7,1,[8 2],13,13,14,0,13
1,<environment.Job instance at 0x1491ae28b140>,8,13,[1 9],14,14,27,0,14
1,<environment.Job instance at 0x1491ab69b690>,9,2,[2 8],16,27,29,11,16
1,<environment.Job instance at 0x1491ab612d20>,10,2,[7 2],17,27,29,10,17
1,<environment.Job instance at 0x1491ab47ea50>,17,15,[10  1],26,33,48,7,33
1,<environment.Job instance at 0x1491ab70daa0>,20,15,[5 2],30,48,63,18,36
1,<environment.Job instance at 0x1491ae0564b0>,22,2,[5 2],33,48,50,15,36
1,<environment.Job instance at 0x1491aad78780>,23,2,[6 2],34,63,65,29,36
1,<environment.Job instance at 0x1491aad78320>,24,3,[2 5],35,50,53,15,36
1,<environment.Job instance at 0x1491af37a960>,27,1,[6 2],40,65,66,25,47
1,<environment.Job instance at 0x1491ab5520a0>,28,16,[7 1],41,66,82,25,53
1,<environment.Job instance at 0x1491ab1f90f0>,33,15,[7 2],48,82,97,34,68
1,<environment.Job instance at 0x1491ab1f9690>,34,13,[9 1],49,97,110,48,81
1,<environment.Job instance at 0x1491ab1f91e0>,37,2,[8 2],53,110,112,57,85
1,<environment.Job instance at 0x1491ae438910>,39,2,[6 2],55,112,114,57,85
1,<environment.Job instance at 0x1491ae438050>,40,16,[5 1],58,114,130,56,101
1,<environment.Job instance at 0x1491ae438280>,41,14,[9 1],59,130,144,71,115
1,<environment.Job instance at 0x1491ae438b40>,44,3,[1 7],64,115,118,51,115
1,<environment.Job instance at 0x1491af443910>,49,2,[1 5],69,118,120,49,116
1,<environment.Job instance at 0x1491af443050>,50,2,[6 1],70,144,146,74,117
1,<environment.Job instance at 0x1491b63d8870>,52,17,[8 1],73,146,163,73,134
1,<environment.Job instance at 0x1491b63d8640>,54,2,[2 8],78,144,146,66,135
1,<environment.Job instance at 0x1491aabca870>,12,2,[1 7],19,135,137,116,135
1,<environment.Job instance at 0x1491ae49c320>,57,1,[2 5],82,146,147,64,142
1,<environment.Job instance at 0x1491ae2160a0>,58,3,[2 8],86,147,150,61,142
1,<environment.Job instance at 0x1491ae49ca00>,59,2,[1 9],87,142,144,55,142
1,<environment.Job instance at 0x1491af8c85a0>,60,3,[2 6],88,150,153,62,142
1,<environment.Job instance at 0x1491af8c8870>,61,2,[5 2],89,163,165,74,142
1,<environment.Job instance at 0x1491af8c8cd0>,63,3,[2 8],93,153,156,60,142
1,<environment.Job instance at 0x1491af8c8b90>,64,1,[2 5],94,156,157,62,142
1,<environment.Job instance at 0x1491af8c8320>,65,2,[5 1],95,163,165,68,142
1,<environment.Job instance at 0x1491abee64b0>,67,1,[9 1],97,165,166,68,147
1,<environment.Job instance at 0x14920033dbe0>,69,1,[7 1],100,166,167,66,148
1,<environment.Job instance at 0x1491ab1f7fa0>,70,2,[2 7],101,157,159,56,148
1,<environment.Job instance at 0x1491ae3f90f0>,72,15,[5 2],103,167,182,64,153
1,<environment.Job instance at 0x1491aba8e9b0>,73,2,[7 1],104,182,184,78,155
1,<environment.Job instance at 0x1491aba8e410>,74,1,[1 6],106,159,160,53,155
1,<environment.Job instance at 0x1491adfddaf0>,75,2,[6 2],107,184,186,77,157
1,<environment.Job instance at 0x1491aab43aa0>,76,2,[10  2],109,186,188,77,159
1,<environment.Job instance at 0x1491aab3d0f0>,77,2,[2 7],113,160,162,47,159
1,<environment.Job instance at 0x1491ae2e26e0>,78,3,[8 1],114,188,191,74,162
1,<environment.Job instance at 0x1491aab72280>,79,1,[8 2],116,191,192,75,163
1,<environment.Job instance at 0x1491aabaf190>,80,3,[8 2],118,192,195,74,166
1,<environment.Job instance at 0x1491aabaf7d0>,81,2,[8 1],120,195,197,75,168
1,<environment.Job instance at 0x149201f76370>,82,3,[2 7],121,168,171,47,168
1,<environment.Job instance at 0x1491ab392cd0>,84,1,[8 1],126,197,198,71,169
1,<environment.Job instance at 0x1491adf9ac30>,85,1,[10  1],127,198,199,71,170
1,<environment.Job instance at 0x1491adf9a410>,87,2,[9 1],129,199,201,70,172
1,<environment.Job instance at 0x1491adf9a640>,88,12,[8 1],130,201,213,71,184
1,<environment.Job instance at 0x1491b076bd70>,90,3,[10  1],132,213,216,81,187
1,<environment.Job instance at 0x1491b076be10>,91,3,[7 1],133,216,219,83,190
1,<environment.Job instance at 0x1491ae2c98c0>,95,3,[2 9],138,1110,1113,972,1110
1,<environment.Job instance at 0x1491f0083af0>,15,1,[7 1],24,1350,1351,1326,1350
1,<environment.Job instance at 0x1491ae085f50>,0,3,[1 8],4,4,7,0,4
1,<environment.Job instance at 0x1491f0083230>,1,1,[10  1],5,7,8,2,5
1,<environment.Job instance at 0x1491aaecb0f0>,2,1,[7 2],6,8,9,2,7
1,<environment.Job instance at 0x1491f0083af0>,5,3,[1 8],10,10,13,0,10
1,<environment.Job instance at 0x1491b6415d70>,7,1,[1 6],16,16,17,0,16
1,<environment.Job instance at 0x1491b64159b0>,9,2,[6 2],19,19,21,0,19
1,<environment.Job instance at 0x1491af570e10>,10,3,[1 6],20,20,23,0,20
1,<environment.Job instance at 0x1491ab69b7d0>,13,3,[6 2],23,23,26,0,23
1,<environment.Job instance at 0x1491b6415f50>,14,1,[9 2],27,27,28,0,27
1,<environment.Job instance at 0x1491aada94b0>,15,1,[2 9],28,28,29,0,28
1,<environment.Job instance at 0x1491f06ed0a0>,16,18,[2 7],29,29,47,0,29
1,<environment.Job instance at 0x1491aad38b90>,22,1,[8 2],39,1206,1207,1167,1206
1,<environment.Job instance at 0x1491ae16dc30>,23,1,[1 6],40,1206,1207,1166,1206
1,<environment.Job instance at 0x1491af584780>,25,16,[9 2],42,1207,1223,1165,1206
1,<environment.Job instance at 0x1491b570ff50>,26,15,[ 1 10],43,1223,1238,1180,1209
1,<environment.Job instance at 0x1491ab4ab2d0>,29,2,[9 1],46,1238,1240,1192,1211
1,<environment.Job instance at 0x1491f0be4550>,30,1,[1 8],47,1211,1212,1164,1211
1,<environment.Job instance at 0x1491ab4abaf0>,31,2,[10  2],48,1240,1242,1192,1213
1,<environment.Job instance at 0x1491b652b190>,34,1,[10  1],52,1242,1243,1190,1214
1,<environment.Job instance at 0x1491ab62e0f0>,37,3,[9 1],57,1243,1246,1186,1217
1,<environment.Job instance at 0x1491ab62e190>,39,1,[1 6],59,1218,1219,1159,1218
1,<environment.Job instance at 0x1491ab62ec30>,40,17,[1 9],61,1243,1260,1182,1233
1,<environment.Job instance at 0x1491b50df640>,43,18,[2 9],64,1260,1278,1196,1249
1,<environment.Job instance at 0x1491b50dfe60>,44,2,[2 8],65,1278,1280,1213,1251
1,<environment.Job instance at 0x1491b50df6e0>,45,14,[9 1],66,1280,1294,1214,1265
1,<environment.Job instance at 0x1491ae401aa0>,48,3,[7 2],71,1294,1297,1223,1268
1,<environment.Job instance at 0x1491b50dfd70>,49,2,[2 7],72,1294,1296,1222,1268
1,<environment.Job instance at 0x1491b50df870>,50,3,[2 9],74,1297,1300,1223,1271
1,<environment.Job instance at 0x1491b50df5f0>,51,1,[10  2],75,1300,1301,1225,1272
1,<environment.Job instance at 0x1491b50dfb90>,52,2,[ 1 10],78,1301,1303,1223,1274
1,<environment.Job instance at 0x1491b58c3550>,53,1,[9 2],79,1303,1304,1224,1275
1,<environment.Job instance at 0x1491b58c3be0>,57,1,[2 6],87,1296,1297,1209,1286
1,<environment.Job instance at 0x1491b58c3f50>,59,16,[10  2],90,1304,1320,1214,1291
1,<environment.Job instance at 0x1491b58c3c30>,60,12,[1 9],91,1320,1332,1229,1303
1,<environment.Job instance at 0x1491b58c3190>,63,2,[1 9],94,1332,1334,1238,1314
1,<environment.Job instance at 0x1491ae0b2960>,64,1,[5 1],95,1320,1321,1225,1314
1,<environment.Job instance at 0x1491ae0b2b40>,65,3,[6 2],97,1334,1337,1237,1314
1,<environment.Job instance at 0x1491ae0b2910>,66,2,[2 7],98,1334,1336,1236,1314
1,<environment.Job instance at 0x1491ae0b2eb0>,67,16,[10  1],100,1337,1353,1237,1324
1,<environment.Job instance at 0x1491ae0b2230>,70,1,[2 6],103,1336,1337,1233,1324
1,<environment.Job instance at 0x1491ae0b29b0>,71,15,[8 2],104,1353,1368,1249,1339
1,<environment.Job instance at 0x1491ae0b23c0>,72,3,[ 2 10],105,1368,1371,1263,1342
1,<environment.Job instance at 0x1491ae0b2460>,73,14,[1 5],106,1353,1367,1247,1342
1,<environment.Job instance at 0x1491ae0b2f50>,75,3,[ 2 10],108,1371,1374,1263,1345
1,<environment.Job instance at 0x1491abeddd20>,78,1,[1 9],113,1374,1375,1261,1347
1,<environment.Job instance at 0x1491abeddfa0>,80,3,[8 2],115,1375,1378,1260,1349
1,<environment.Job instance at 0x1491abeddaf0>,81,3,[1 7],116,1375,1378,1259,1349
1,<environment.Job instance at 0x1491abedd820>,82,2,[9 2],117,1378,1380,1261,1351
1,<environment.Job instance at 0x1491abedd370>,86,1,[1 9],121,1380,1381,1259,1352
1,<environment.Job instance at 0x1491ab6dacd0>,88,3,[5 1],123,1380,1383,1257,1362
1,<environment.Job instance at 0x1491b63eb280>,89,15,[7 2],124,1383,1398,1259,1369
1,<environment.Job instance at 0x1491b63ebb90>,90,2,[1 6],127,1378,1380,1251,1369
1,<environment.Job instance at 0x1491b3a507d0>,94,3,[10  1],136,1398,1401,1262,1386
1,<environment.Job instance at 0x1491b63cf4b0>,0,3,[10  1],1,1,4,0,1
1,<environment.Job instance at 0x1491ae111410>,3,1,[5 1],4,4,5,0,4
1,<environment.Job instance at 0x1491ae1115a0>,4,3,[8 1],5,5,8,0,5
1,<environment.Job instance at 0x1491ae111460>,5,3,[10  1],6,8,11,2,6
1,<environment.Job instance at 0x1491ae111b40>,7,3,[9 2],10,11,14,1,10
1,<environment.Job instance at 0x1491ae111dc0>,8,3,[5 1],11,14,17,3,11
1,<environment.Job instance at 0x1491ab351640>,9,2,[5 1],13,14,16,1,13
1,<environment.Job instance at 0x1491ab56cd20>,10,3,[1 9],14,16,19,2,14
1,<environment.Job instance at 0x1491ab56c7d0>,11,2,[1 9],15,19,21,4,15
1,<environment.Job instance at 0x1491ad50b2d0>,12,3,[ 2 10],16,21,24,5,16
1,<environment.Job instance at 0x1491ad50be60>,13,3,[2 6],17,24,27,7,17
1,<environment.Job instance at 0x1491ab56c8c0>,16,2,[7 1],20,24,26,4,20
1,<environment.Job instance at 0x1491b63beb40>,20,13,[8 2],24,26,39,2,24
1,<environment.Job instance at 0x1491b63befa0>,21,3,[2 6],25,27,30,2,25
1,<environment.Job instance at 0x1491ab75dc80>,22,3,[6 2],27,39,42,12,27
1,<environment.Job instance at 0x1491ab75d3c0>,23,3,[1 9],28,42,45,14,28
1,<environment.Job instance at 0x1491ab75d190>,24,3,[1 7],30,30,33,0,30
1,<environment.Job instance at 0x1491aacb8460>,30,3,[10  2],39,45,48,6,39
1,<environment.Job instance at 0x1491ab80d550>,33,2,[9 2],42,48,50,6,42
1,<environment.Job instance at 0x1491b1fd1be0>,36,3,[ 1 10],46,50,53,4,46
1,<environment.Job instance at 0x1491b572d550>,41,3,[10  2],55,55,58,0,55
1,<environment.Job instance at 0x1491ae3ad190>,42,13,[9 1],56,58,71,2,56
1,<environment.Job instance at 0x1491aacb2640>,43,1,[ 1 10],57,71,72,14,57
1,<environment.Job instance at 0x1491aacb2d20>,44,1,[10  2],58,72,73,14,58
1,<environment.Job instance at 0x1491b616a6e0>,45,16,[5 1],59,73,89,14,60
1,<environment.Job instance at 0x1491b076b8c0>,46,3,[6 1],60,89,92,29,63
1,<environment.Job instance at 0x1491b50d32d0>,49,3,[1 7],65,65,68,0,65
1,<environment.Job instance at 0x1491b5728b40>,51,3,[9 2],68,92,95,24,68
1,<environment.Job instance at 0x1491aba76c30>,53,12,[2 7],73,73,85,0,73
1,<environment.Job instance at 0x1491b57286e0>,56,3,[2 6],76,85,88,9,80
1,<environment.Job instance at 0x1491ab08e910>,58,1,[6 1],78,95,96,17,80
1,<environment.Job instance at 0x1491ab08e690>,59,3,[6 1],79,96,99,17,80
1,<environment.Job instance at 0x1491ab08e0a0>,60,3,[9 1],80,99,102,19,80
1,<environment.Job instance at 0x1491b652a190>,61,3,[2 9],81,88,91,7,81
1,<environment.Job instance at 0x1491b652ad20>,62,14,[2 5],82,102,116,20,87
1,<environment.Job instance at 0x1491b652a0a0>,65,3,[1 8],87,91,94,4,87
1,<environment.Job instance at 0x1491b652af50>,70,16,[8 1],95,102,118,7,95
1,<environment.Job instance at 0x1491b1fe8a50>,71,3,[8 2],96,118,121,22,96
1,<environment.Job instance at 0x1491b1fe40f0>,74,3,[5 1],99,121,124,22,99
1,<environment.Job instance at 0x1491ab22e690>,78,13,[9 2],108,124,137,16,108
1,<environment.Job instance at 0x1491ab22e3c0>,82,13,[1 6],113,122,135,9,122
1,<environment.Job instance at 0x1491ab22ef00>,83,2,[8 1],114,137,139,23,122
1,<environment.Job instance at 0x1491ab22eeb0>,84,1,[10  1],115,139,140,24,122
1,<environment.Job instance at 0x1491ab22e910>,85,2,[5 1],116,140,142,24,122
1,<environment.Job instance at 0x1491adf9d460>,87,12,[5 2],118,140,152,22,123
1,<environment.Job instance at 0x1491adf9d190>,88,3,[9 2],120,152,155,32,126
1,<environment.Job instance at 0x1491aaf95320>,92,12,[2 8],127,155,167,28,138
1,<environment.Job instance at 0x1491aaf95cd0>,93,2,[2 6],129,142,144,13,138
1,<environment.Job instance at 0x1491aaf95f50>,94,3,[1 6],130,144,147,14,138
1,<environment.Job instance at 0x1491aaf95af0>,95,3,[1 9],131,167,170,36,141
1,<environment.Job instance at 0x1491aaf95e60>,97,2,[9 1],134,167,169,33,141
1,<environment.Job instance at 0x14efb0e92a00>,1,3,[1 9],2,2,5,0,2
1,<environment.Job instance at 0x14efb0e92fa0>,2,1,[2 5],3,5,6,2,3
1,<environment.Job instance at 0x14ef5a60c050>,5,3,[9 2],6,6,9,0,6
1,<environment.Job instance at 0x14ef5a60c870>,6,18,[8 1],7,9,27,2,7
1,<environment.Job instance at 0x14ef5a60c4b0>,7,1,[2 6],8,9,10,1,8
1,<environment.Job instance at 0x14efb0e925f0>,9,2,[6 1],11,27,29,16,11
1,<environment.Job instance at 0x14ef5a60c730>,11,3,[1 8],13,13,16,0,13
1,<environment.Job instance at 0x14ef5ae16690>,12,3,[1 8],14,16,19,2,14
1,<environment.Job instance at 0x14ef5ad424b0>,18,2,[10  1],25,29,31,4,25
1,<environment.Job instance at 0x14ef5acb8b90>,19,3,[6 2],26,31,34,5,26
1,<environment.Job instance at 0x14ef5ae49050>,21,3,[6 1],29,34,37,5,29
1,<environment.Job instance at 0x14ef5ad1d690>,25,2,[2 8],34,34,36,0,34
1,<environment.Job instance at 0x14ef5ad19dc0>,28,2,[2 7],37,37,39,0,37
1,<environment.Job instance at 0x14ef5ad19fa0>,29,16,[10  2],39,39,55,0,39
1,<environment.Job instance at 0x14ef5ad19f50>,31,3,[9 2],41,55,58,14,41
1,<environment.Job instance at 0x14ef5ad19320>,32,3,[2 9],42,58,61,16,42
1,<environment.Job instance at 0x14ef5ad185a0>,33,1,[2 7],43,61,62,18,43
1,<environment.Job instance at 0x14ef5cdecc30>,5,15,[9 2],7,90,105,83,90
1,<environment.Job instance at 0x14ef5cdecd20>,7,1,[1 6],9,90,91,81,90
1,<environment.Job instance at 0x14ef5cdecaa0>,8,1,[1 7],10,91,92,81,90
1,<environment.Job instance at 0x14ef5cdec960>,9,3,[9 1],13,105,108,92,90
1,<environment.Job instance at 0x14ef5cdec190>,13,3,[7 2],18,298,301,280,298
1,<environment.Job instance at 0x14ef5cdecf00>,15,3,[1 7],21,298,301,277,298
1,<environment.Job instance at 0x14ef5cda4690>,18,3,[1 9],24,752,755,728,752
1,<environment.Job instance at 0x14ef5cda4500>,20,12,[6 1],26,752,764,726,752
1,<environment.Job instance at 0x14ef5cda4320>,22,3,[5 1],33,765,768,732,765
1,<environment.Job instance at 0x14ef5cda49b0>,23,15,[1 7],35,765,780,730,765
1,<environment.Job instance at 0x14ef5cda4dc0>,24,3,[ 2 10],36,780,783,744,765
1,<environment.Job instance at 0x14ef5cda4730>,25,2,[1 9],38,783,785,745,765
1,<environment.Job instance at 0x14ef5ce17730>,26,2,[ 2 10],41,785,787,744,765
1,<environment.Job instance at 0x14ef5ce17500>,27,3,[5 2],42,768,771,726,765
1,<environment.Job instance at 0x14ef5ce17190>,28,15,[2 7],43,787,802,744,773
1,<environment.Job instance at 0x14ef5ce174b0>,29,2,[ 2 10],44,802,804,758,775
1,<environment.Job instance at 0x14ef5ce171e0>,30,2,[2 9],45,804,806,759,777
1,<environment.Job instance at 0x14ef5ce16b40>,39,15,[1 7],55,806,821,751,792
1,<environment.Job instance at 0x14ef5ce16dc0>,40,3,[ 2 10],57,821,824,764,795
1,<environment.Job instance at 0x14ef5ce16e60>,41,14,[10  1],59,824,838,765,809
1,<environment.Job instance at 0x14ef5ce16050>,44,3,[8 1],62,809,812,747,809
1,<environment.Job instance at 0x14ef5ce16f00>,47,2,[10  1],65,838,840,773,811
1,<environment.Job instance at 0x14ef5ce16690>,48,3,[ 2 10],67,840,843,773,814
1,<environment.Job instance at 0x14ef5ce15cd0>,53,1,[2 6],73,843,844,770,825
1,<environment.Job instance at 0x14ef5ce15230>,54,16,[9 1],76,844,860,768,831
1,<environment.Job instance at 0x14ef5ce150a0>,55,15,[9 2],80,860,875,780,846
1,<environment.Job instance at 0x14ef5ce15a50>,57,12,[1 5],82,846,858,764,846
1,<environment.Job instance at 0x14ef5ce15500>,63,3,[1 5],90,858,861,768,846
1,<environment.Job instance at 0x14ef5ce15690>,65,3,[2 8],95,875,878,780,849
1,<environment.Job instance at 0x14ef5cd9e870>,67,2,[1 6],97,861,863,764,849
1,<environment.Job instance at 0x14ef5cd9e320>,71,2,[7 2],107,875,877,768,857
1,<environment.Job instance at 0x14ef5cd9e5f0>,72,2,[2 5],108,878,880,770,857
1,<environment.Job instance at 0x14ef5cd9ecd0>,74,3,[8 1],112,877,880,765,857
1,<environment.Job instance at 0x14ef5cd9eeb0>,75,1,[7 2],113,880,881,767,857
1,<environment.Job instance at 0x14ef5cd9e410>,76,2,[5 2],114,881,883,767,857
1,<environment.Job instance at 0x14ef5cd9ef50>,79,15,[2 8],118,880,895,762,868
1,<environment.Job instance at 0x14ef5add2230>,0,17,[7 1],2,2,19,0,2
1,<environment.Job instance at 0x14ef5c2d95a0>,2,3,[1 8],5,5,8,0,5
1,<environment.Job instance at 0x14ef5c2d5190>,4,2,[7 2],9,19,21,10,9
1,<environment.Job instance at 0x14ef5c2d5a50>,5,3,[ 2 10],11,21,24,10,11
1,<environment.Job instance at 0x14ef5c2d5a00>,6,14,[8 2],12,24,38,12,12
1,<environment.Job instance at 0x14ef5d07a190>,10,2,[ 1 10],17,38,40,21,17
1,<environment.Job instance at 0x14ef5e2bf960>,11,3,[7 2],18,40,43,22,18
1,<environment.Job instance at 0x14ef5e2751e0>,14,3,[1 9],22,43,46,21,22
1,<environment.Job instance at 0x14ef5e275410>,15,1,[6 1],23,43,44,20,23
1,<environment.Job instance at 0x14ef5e275a00>,16,3,[5 1],24,44,47,20,24
1,<environment.Job instance at 0x14ef5e2752d0>,17,3,[1 7],29,29,32,0,29
1,<environment.Job instance at 0x14ef5e275aa0>,18,12,[7 1],31,47,59,16,31
1,<environment.Job instance at 0x14ef5cfb95a0>,23,2,[2 7],41,41,43,0,41
1,<environment.Job instance at 0x14ef5cfb9be0>,20,2,[10  1],33,59,61,26,41
1,<environment.Job instance at 0x14ef5cfb91e0>,24,2,[9 2],42,61,63,19,42
1,<environment.Job instance at 0x14ef5ce75d70>,25,3,[5 2],43,63,66,20,43
1,<environment.Job instance at 0x14ef5e2beaf0>,31,12,[2 9],53,66,78,13,55
1,<environment.Job instance at 0x14ef5e2be410>,32,3,[5 2],54,63,66,9,55
1,<environment.Job instance at 0x14ef5e2be2d0>,33,2,[ 2 10],55,78,80,23,55
1,<environment.Job instance at 0x14ef5e2be5f0>,34,15,[8 2],56,80,95,24,66
1,<environment.Job instance at 0x14ef5cfe9dc0>,37,1,[6 2],61,95,96,34,74
1,<environment.Job instance at 0x14ef5cfe9cd0>,38,3,[2 7],63,80,83,17,74
1,<environment.Job instance at 0x14ef5d104c80>,1,3,[2 8],2,2,5,0,2
1,<environment.Job instance at 0x14ef640b1140>,4,3,[1 6],7,7,10,0,7
1,<environment.Job instance at 0x14ef640b1dc0>,5,2,[8 2],8,8,10,0,8
1,<environment.Job instance at 0x14ef640b1550>,6,14,[9 1],10,10,24,0,10
1,<environment.Job instance at 0x14ef640b1320>,7,3,[10  1],11,24,27,13,11
1,<environment.Job instance at 0x14ef5e293c30>,10,3,[1 9],14,14,17,0,14
1,<environment.Job instance at 0x14ef5e293910>,13,15,[10  1],19,27,42,8,19
1,<environment.Job instance at 0x14ef5e2934b0>,21,2,[1 7],31,42,44,11,40
1,<environment.Job instance at 0x14ef5e293780>,23,18,[8 2],33,42,60,9,40
1,<environment.Job instance at 0x14ef5e293460>,24,3,[1 6],34,44,47,10,40
1,<environment.Job instance at 0x14ef5e2930a0>,25,16,[1 5],35,47,63,12,40
1,<environment.Job instance at 0x14ef5e293a50>,26,2,[ 1 10],36,63,65,27,40
1,<environment.Job instance at 0x14ef5e2975f0>,30,3,[6 1],40,60,63,20,45
1,<environment.Job instance at 0x14ef5e297410>,32,3,[2 8],42,65,68,23,45
1,<environment.Job instance at 0x14ef5a881dc0>,34,3,[5 2],46,65,68,19,46
1,<environment.Job instance at 0x14ef5a881460>,35,1,[6 2],48,68,69,20,48
1,<environment.Job instance at 0x14ef5a0a63c0>,40,2,[10  1],54,69,71,15,54
1,<environment.Job instance at 0x14ef5a0a6960>,41,2,[2 7],56,71,73,15,56
1,<environment.Job instance at 0x14ef5a0a6f50>,42,1,[5 2],57,71,72,14,57
1,<environment.Job instance at 0x14ef5a0a6370>,43,1,[2 5],58,68,69,10,58
1,<environment.Job instance at 0x14ef5a0a69b0>,44,2,[ 1 10],60,73,75,13,60
1,<environment.Job instance at 0x14ef5a0a6320>,45,3,[2 5],61,75,78,14,61
1,<environment.Job instance at 0x14ef59ffca00>,46,12,[6 1],62,75,87,13,62
1,<environment.Job instance at 0x14ef59ffc5f0>,47,2,[5 2],63,87,89,24,63
1,<environment.Job instance at 0x14ef59ffc640>,48,1,[7 1],66,72,73,6,66
1,<environment.Job instance at 0x14ef59ffc0f0>,49,2,[7 1],67,89,91,22,67
1,<environment.Job instance at 0x14ef59ffc410>,50,1,[7 2],68,91,92,23,68
1,<environment.Job instance at 0x14ef59ffc4b0>,51,3,[10  2],69,92,95,23,69
1,<environment.Job instance at 0x14ef59ffcdc0>,52,2,[5 2],70,87,89,17,70
1,<environment.Job instance at 0x14ef59ffceb0>,54,3,[1 7],73,78,81,5,73
1,<environment.Job instance at 0x14ef59ffc9b0>,57,17,[9 2],78,438,455,360,438
1,<environment.Job instance at 0x14ef59ffc8c0>,58,1,[6 2],79,455,456,376,438
1,<environment.Job instance at 0x14ef5cfbba00>,61,3,[2 7],82,455,458,373,438
1,<environment.Job instance at 0x14ef5cfbb320>,64,1,[2 5],86,458,459,372,438
1,<environment.Job instance at 0x14ef5cfbbf50>,65,15,[7 1],87,456,471,369,442
1,<environment.Job instance at 0x14ef5cfbbc80>,69,3,[1 7],93,442,445,349,442
1,<environment.Job instance at 0x14ef5cfbb870>,71,14,[1 6],95,459,473,364,444
1,<environment.Job instance at 0x14ef5cfbb190>,73,3,[5 1],97,471,474,374,453
1,<environment.Job instance at 0x14ef5cfbb780>,74,1,[10  1],98,474,475,376,453
1,<environment.Job instance at 0x14ef5cfbb960>,76,12,[9 2],100,475,487,375,458
1,<environment.Job instance at 0x14ef5cfbbfa0>,78,3,[9 2],102,487,490,385,461
1,<environment.Job instance at 0x14ef5cfbb550>,80,16,[10  2],104,490,506,386,477
1,<environment.Job instance at 0x14ef5a04e6e0>,90,2,[7 1],116,506,508,390,481
1,<environment.Job instance at 0x14ef5a04ecd0>,91,3,[7 1],117,508,511,391,482
1,<environment.Job instance at 0x14ef5a04e500>,92,13,[10  1],118,511,524,393,495
1,<environment.Job instance at 0x14ef5a04e460>,95,2,[10  2],122,524,526,402,497
1,<environment.Job instance at 0x14ef5a04e370>,96,3,[7 1],126,526,529,400,500
1,<environment.Job instance at 0x14ef5a04e230>,97,3,[2 8],127,506,509,379,500
1,<environment.Job instance at 0x14ef5a04e5f0>,98,3,[1 9],128,526,529,398,500
1,<environment.Job instance at 0x14ef5a04ea50>,99,16,[10  1],129,529,545,400,516
1,<environment.Job instance at 0x14ef5a04e4b0>,102,12,[7 1],134,545,557,411,528
1,<environment.Job instance at 0x14ef5a04efa0>,103,3,[10  1],137,557,560,420,531
1,<environment.Job instance at 0x14ef5a04eeb0>,104,3,[6 1],139,560,563,421,534
1,<environment.Job instance at 0x14ef5a04e0f0>,105,3,[8 1],140,563,566,423,537
1,<environment.Job instance at 0x14ef5e293cd0>,18,3,[10  1],26,1065,1068,1039,1065
1,<environment.Job instance at 0x14ef5e293eb0>,2,3,[8 1],3,3,6,0,3
1,<environment.Job instance at 0x14ef5e2936e0>,3,3,[2 6],6,6,9,0,6
1,<environment.Job instance at 0x14ef5a099820>,5,16,[1 5],11,11,27,0,11
1,<environment.Job instance at 0x14ef5a0c15f0>,7,3,[2 9],14,27,30,13,14
1,<environment.Job instance at 0x14ef5a0b7410>,8,1,[10  2],15,30,31,15,15
1,<environment.Job instance at 0x14ef5a5b72d0>,9,1,[5 2],16,16,17,0,16
1,<environment.Job instance at 0x14ef5a090b40>,11,2,[ 1 10],20,31,33,11,20
1,<environment.Job instance at 0x14ef5a0905a0>,12,16,[ 2 10],22,33,49,11,22
1,<environment.Job instance at 0x14ef5a090500>,13,3,[10  2],23,49,52,26,23
1,<environment.Job instance at 0x14ef5a090960>,14,2,[1 6],27,52,54,25,27
1,<environment.Job instance at 0x14efa531f0a0>,15,3,[1 9],28,54,57,26,28
1,<environment.Job instance at 0x14ef5a641fa0>,19,3,[5 1],38,52,55,14,38
1,<environment.Job instance at 0x14ef5a881b90>,20,1,[2 8],39,57,58,18,39
1,<environment.Job instance at 0x14ef5a608be0>,21,2,[7 2],40,57,59,17,40
1,<environment.Job instance at 0x14ef5a1f3230>,22,2,[6 2],41,59,61,18,41
1,<environment.Job instance at 0x14ef5a1f3be0>,23,3,[9 1],42,61,64,19,42
1,<environment.Job instance at 0x14ef5a87a780>,25,2,[5 2],44,64,66,20,44
1,<environment.Job instance at 0x14ef5a594280>,29,2,[6 1],49,55,57,6,50
1,<environment.Job instance at 0x14ef5a594690>,30,2,[ 1 10],50,66,68,16,50
1,<environment.Job instance at 0x14ef5a594640>,31,3,[9 2],52,68,71,16,52
1,<environment.Job instance at 0x14ef5a594190>,32,2,[5 1],53,64,66,11,53
1,<environment.Job instance at 0x14ef5a594230>,33,17,[1 9],54,71,88,17,59
1,<environment.Job instance at 0x14ef5a5c4c30>,34,3,[9 2],55,88,91,33,62
1,<environment.Job instance at 0x14ef5a5947d0>,35,2,[2 9],57,91,93,34,64
1,<environment.Job instance at 0x14ef5a631fa0>,37,1,[5 1],63,71,72,8,68
1,<environment.Job instance at 0x14ef5cdecfa0>,38,13,[10  1],65,93,106,28,77
1,<environment.Job instance at 0x14ef5a089370>,41,3,[2 8],69,106,109,37,80
1,<environment.Job instance at 0x14ef5a0897d0>,43,2,[8 2],75,106,108,31,80
1,<environment.Job instance at 0x14ef5a089aa0>,45,3,[6 2],77,108,111,31,82
1,<environment.Job instance at 0x14ef5a0c2b90>,47,3,[1 9],81,111,114,30,85
1,<environment.Job instance at 0x14ef5a3425a0>,52,3,[9 2],88,1363,1366,1275,1363
1,<environment.Job instance at 0x14ef5a01fa00>,54,16,[ 1 10],92,1366,1382,1274,1363
1,<environment.Job instance at 0x14ef5d247a50>,55,3,[2 5],94,1382,1385,1288,1363
1,<environment.Job instance at 0x14efa536d870>,56,1,[8 1],95,1382,1383,1287,1363
1,<environment.Job instance at 0x14efa536da50>,58,13,[8 2],97,1383,1396,1286,1375
1,<environment.Job instance at 0x14efa536d820>,60,15,[6 1],99,1396,1411,1297,1382
1,<environment.Job instance at 0x14ef5e1efa50>,61,3,[6 2],100,1411,1414,1311,1385
1,<environment.Job instance at 0x14ef5e1ef820>,63,17,[9 2],103,1414,1431,1311,1402
1,<environment.Job instance at 0x14ef5cd6f4b0>,65,12,[2 8],105,1402,1414,1297,1402
1,<environment.Job instance at 0x14ef5cd6f550>,66,3,[ 1 10],106,1431,1434,1325,1405
1,<environment.Job instance at 0x14efa46676e0>,67,3,[1 5],107,1414,1417,1307,1405
1,<environment.Job instance at 0x14ef5e1bfc30>,68,3,[2 7],108,1434,1437,1326,1408
1,<environment.Job instance at 0x14ef5a2e51e0>,74,3,[7 1],118,1434,1437,1316,1408
1,<environment.Job instance at 0x14ef5a2e5280>,75,3,[7 2],119,1437,1440,1318,1411
1,<environment.Job instance at 0x14ef640b64b0>,76,14,[1 5],121,1417,1431,1296,1411
1,<environment.Job instance at 0x14ef640b62d0>,81,16,[8 1],130,1440,1456,1310,1427
1,<environment.Job instance at 0x14ef640b63c0>,82,16,[1 6],131,1437,1453,1306,1427
1,<environment.Job instance at 0x14ef640b6e10>,83,2,[10  2],133,1456,1458,1323,1429
1,<environment.Job instance at 0x14ef640b6730>,84,3,[1 7],134,1453,1456,1319,1429
1,<environment.Job instance at 0x14ef640b6dc0>,85,14,[9 2],136,1458,1472,1322,1443
1,<environment.Job instance at 0x14ef640b68c0>,89,3,[1 5],140,1458,1461,1318,1446
1,<environment.Job instance at 0x14ef640b6910>,90,12,[2 9],142,1472,1484,1330,1455
1,<environment.Job instance at 0x14ef640b6e60>,91,3,[9 2],143,1484,1487,1341,1458
1,<environment.Job instance at 0x14ef5d0d5550>,94,12,[1 7],147,1484,1496,1337,1467
1,<environment.Job instance at 0x14ef5a2bb910>,1,3,[6 2],2,2,5,0,2
1,<environment.Job instance at 0x14ef5cd45190>,5,12,[ 1 10],7,7,19,0,7
1,<environment.Job instance at 0x14ef5cd452d0>,6,3,[2 7],9,19,22,10,9
1,<environment.Job instance at 0x14ef5a171d70>,8,3,[8 2],11,19,22,8,11
1,<environment.Job instance at 0x14ef5a171e10>,13,3,[7 1],16,22,25,6,16
1,<environment.Job instance at 0x14ef5a1715a0>,14,14,[8 2],17,25,39,8,17
1,<environment.Job instance at 0x14ef5a171fa0>,17,3,[5 2],22,39,42,17,22
1,<environment.Job instance at 0x14ef5e2965f0>,23,17,[10  1],30,42,59,12,30
1,<environment.Job instance at 0x14ef5e296dc0>,25,1,[10  2],33,59,60,26,33
1,<environment.Job instance at 0x14ef5e296b90>,31,15,[6 1],40,60,75,20,46
1,<environment.Job instance at 0x14ef5e296cd0>,32,2,[2 9],41,60,62,19,46
1,<environment.Job instance at 0x14ef5e2962d0>,33,2,[1 5],42,62,64,20,46
1,<environment.Job instance at 0x14ef5e296e60>,35,14,[2 6],45,64,78,19,49
1,<environment.Job instance at 0x14ef5a609820>,36,1,[9 1],46,78,79,32,50
1,<environment.Job instance at 0x14ef5a609190>,38,2,[10  2],48,79,81,31,59
1,<environment.Job instance at 0x14ef5a609910>,39,15,[9 2],50,81,96,31,67
1,<environment.Job instance at 0x14efa52ad3c0>,57,17,[7 1],74,96,113,22,85
1,<environment.Job instance at 0x14efa52ad690>,58,17,[2 7],75,96,113,21,85
1,<environment.Job instance at 0x14efa40eff50>,60,16,[6 1],77,113,129,36,100
1,<environment.Job instance at 0x14efa40efaa0>,68,3,[8 2],86,129,132,43,103
1,<environment.Job instance at 0x14efa40ef230>,72,14,[2 9],91,113,127,22,111
1,<environment.Job instance at 0x14ef5d0dca00>,74,3,[10  1],93,132,135,39,111
1,<environment.Job instance at 0x14ef5d0dcc80>,77,3,[2 7],96,127,130,31,111
1,<environment.Job instance at 0x14ef5d0dc410>,80,3,[5 2],99,135,138,36,114
1,<environment.Job instance at 0x14ef5d0dcbe0>,81,2,[8 2],100,138,140,38,114
1,<environment.Job instance at 0x14ef5d0dc2d0>,82,3,[2 8],101,135,138,34,114
1,<environment.Job instance at 0x14ef5d0dc6e0>,83,2,[2 5],102,130,132,28,114
1,<environment.Job instance at 0x14ef5d293960>,86,15,[ 2 10],106,140,155,34,126
1,<environment.Job instance at 0x14ef5d293870>,87,3,[10  2],107,155,158,48,129
1,<environment.Job instance at 0x14ef5d293550>,88,3,[2 5],109,158,161,49,132
1,<environment.Job instance at 0x14ef5d293910>,90,3,[7 2],111,158,161,47,135
1,<environment.Job instance at 0x14efa5298af0>,98,16,[6 2],121,165,181,44,165
1,<environment.Job instance at 0x14ef5a0c21e0>,99,1,[6 1],122,181,182,59,165
1,<environment.Job instance at 0x14ef5a0c2500>,100,2,[9 1],124,182,184,58,165
1,<environment.Job instance at 0x14ef5a0c29b0>,101,19,[1 5],126,165,184,39,165
1,<environment.Job instance at 0x14ef5a0c2640>,103,1,[5 1],129,184,185,55,165
1,<environment.Job instance at 0x14ef64160820>,104,2,[7 2],130,185,187,55,165
1,<environment.Job instance at 0x14efa52b6910>,108,2,[7 2],136,187,189,51,169
1,<environment.Job instance at 0x14efa4f9af00>,111,17,[1 7],140,184,201,44,172
1,<environment.Job instance at 0x14efa4f9ae60>,114,1,[1 5],147,201,202,54,180
1,<environment.Job instance at 0x14efa521faf0>,115,14,[5 2],149,189,203,40,180
1,<environment.Job instance at 0x14ef5a011be0>,5,2,[10  2],7,7,9,0,7
1,<environment.Job instance at 0x14ef5a0117d0>,6,1,[6 1],10,10,11,0,10
1,<environment.Job instance at 0x14ef5e298b40>,9,3,[2 5],14,14,17,0,14
1,<environment.Job instance at 0x14ef5a38db90>,12,1,[10  1],18,18,19,0,18
1,<environment.Job instance at 0x14ef5a0118c0>,13,3,[10  1],21,21,24,0,21
1,<environment.Job instance at 0x14ef5e376f00>,15,3,[9 2],23,24,27,1,23
1,<environment.Job instance at 0x14ef5d23f280>,16,1,[1 9],24,27,28,3,24
1,<environment.Job instance at 0x14ef5e376be0>,17,1,[8 2],27,28,29,1,27
1,<environment.Job instance at 0x14ef5e376e10>,19,1,[9 2],30,30,31,0,30
1,<environment.Job instance at 0x14ef5d0a27d0>,20,1,[10  1],31,31,32,0,31
1,<environment.Job instance at 0x14ef5e33baa0>,26,14,[7 1],40,48,62,8,48
1,<environment.Job instance at 0x14ef5a4be550>,27,2,[7 1],41,62,64,21,48
1,<environment.Job instance at 0x14efa4079320>,29,2,[10  2],43,64,66,21,48
1,<environment.Job instance at 0x14efa40790a0>,30,14,[9 1],44,66,80,22,51
1,<environment.Job instance at 0x14efa52bd140>,34,2,[2 7],49,53,55,4,53
1,<environment.Job instance at 0x14efa52bdaf0>,35,3,[9 2],51,80,83,29,54
1,<environment.Job instance at 0x14efa52bd190>,36,3,[10  1],52,83,86,31,57
1,<environment.Job instance at 0x14ef5a41f410>,38,2,[8 2],60,86,88,26,60
1,<environment.Job instance at 0x14ef5d083a00>,39,17,[1 6],61,66,83,5,61
1,<environment.Job instance at 0x14ef5d083910>,40,3,[1 9],62,88,91,26,62
1,<environment.Job instance at 0x14ef5e10f7d0>,44,1,[1 8],70,86,87,16,81
1,<environment.Job instance at 0x14ef5e10f140>,45,2,[2 9],71,91,93,20,81
1,<environment.Job instance at 0x14ef5e10fe10>,46,2,[8 2],72,93,95,21,81
1,<environment.Job instance at 0x14ef5e10f690>,47,15,[10  1],73,95,110,22,81
1,<environment.Job instance at 0x14efb017a780>,49,1,[8 2],75,110,111,35,85
1,<environment.Job instance at 0x14ef5a000c30>,50,2,[ 1 10],76,111,113,35,85
1,<environment.Job instance at 0x14ef5d0f4820>,54,1,[8 1],80,117,118,37,117
1,<environment.Job instance at 0x14ef5ce49d70>,55,1,[7 2],82,118,119,36,117
1,<environment.Job instance at 0x14ef5ce49cd0>,56,12,[6 2],83,119,131,36,117
1,<environment.Job instance at 0x14ef5ce49410>,57,3,[1 7],84,117,120,33,117
1,<environment.Job instance at 0x14ef5ce498c0>,58,2,[6 2],86,131,133,45,117
1,<environment.Job instance at 0x14ef5ce499b0>,59,3,[9 1],87,133,136,46,117
1,<environment.Job instance at 0x14ef5ce49e10>,62,14,[9 2],90,136,150,46,121
1,<environment.Job instance at 0x14ef5ce49050>,64,16,[1 8],92,126,142,34,126
1,<environment.Job instance at 0x14ef5ce49be0>,65,1,[6 1],93,150,151,57,126
1,<environment.Job instance at 0x14ef5ce49730>,66,3,[5 2],94,151,154,57,126
1,<environment.Job instance at 0x14ef5ce49870>,68,2,[8 2],96,154,156,58,127
1,<environment.Job instance at 0x14ef6410e460>,69,1,[9 2],97,156,157,59,128
1,<environment.Job instance at 0x14ef6410e410>,70,2,[1 7],98,142,144,44,128
1,<environment.Job instance at 0x14ef6410e7d0>,75,14,[ 1 10],107,157,171,50,151
1,<environment.Job instance at 0x14ef6410ea00>,76,1,[5 2],108,151,152,43,151
1,<environment.Job instance at 0x14ef6410ec30>,77,1,[8 2],109,171,172,62,151
1,<environment.Job instance at 0x14ef6410e690>,78,2,[7 2],111,172,174,61,151
1,<environment.Job instance at 0x14ef6410e280>,79,3,[6 1],113,174,177,61,151
1,<environment.Job instance at 0x14ef6410ef50>,80,2,[10  1],114,177,179,63,151
1,<environment.Job instance at 0x14ef6410e6e0>,81,1,[9 1],115,179,180,64,151
1,<environment.Job instance at 0x14ef6410e910>,82,3,[5 1],116,180,183,64,154
1,<environment.Job instance at 0x14ef6410e780>,83,3,[1 6],117,154,157,37,154
1,<environment.Job instance at 0x14ef5a341410>,86,2,[7 1],121,325,327,204,325
1,<environment.Job instance at 0x14ef5a341c30>,87,3,[9 1],126,327,330,201,325
1,<environment.Job instance at 0x14ef5a341960>,89,2,[1 8],129,325,327,196,325
1,<environment.Job instance at 0x14efa46ccaf0>,90,1,[2 6],130,330,331,200,325
1,<environment.Job instance at 0x14efa46ccfa0>,91,2,[9 2],133,331,333,198,325
1,<environment.Job instance at 0x14efa52a5690>,1,2,[5 2],3,3,5,0,3
1,<environment.Job instance at 0x14efa46cc640>,2,2,[7 2],4,5,7,1,4
1,<environment.Job instance at 0x14ef5a118a00>,8,2,[5 2],11,11,13,0,11
1,<environment.Job instance at 0x14ef5a118640>,10,3,[2 8],13,13,16,0,13
1,<environment.Job instance at 0x14efa527d0f0>,11,3,[8 2],15,15,18,0,15
1,<environment.Job instance at 0x14efa79b4140>,12,1,[ 2 10],16,18,19,2,16
1,<environment.Job instance at 0x14ef5a1183c0>,13,2,[1 6],17,19,21,2,17
1,<environment.Job instance at 0x14efa459adc0>,14,2,[8 1],18,19,21,1,18
1,<environment.Job instance at 0x14ef5a118dc0>,15,1,[2 7],20,21,22,1,20
1,<environment.Job instance at 0x14efa459a8c0>,16,2,[1 8],21,22,24,1,21
1,<environment.Job instance at 0x14efa459a190>,17,13,[7 1],22,22,35,0,22
1,<environment.Job instance at 0x14efa459a370>,18,3,[ 2 10],25,35,38,10,25
1,<environment.Job instance at 0x14efa459a690>,19,2,[2 7],26,26,28,0,26
1,<environment.Job instance at 0x14ef5ad7c8c0>,21,2,[10  2],28,38,40,10,28
1,<environment.Job instance at 0x14efa52c4960>,22,2,[1 7],29,29,31,0,29
1,<environment.Job instance at 0x14efa4f9e820>,23,3,[2 8],30,31,34,1,30
1,<environment.Job instance at 0x14efa4f9ea00>,24,2,[6 2],31,40,42,9,31
1,<environment.Job instance at 0x14efa4fa9050>,25,1,[7 1],34,42,43,8,34
1,<environment.Job instance at 0x14efa4fa90a0>,26,2,[5 2],35,43,45,8,35
1,<environment.Job instance at 0x14efa4fa9640>,28,3,[6 1],37,45,48,8,37
1,<environment.Job instance at 0x14efa4fa9140>,29,2,[ 1 10],38,48,50,10,38
1,<environment.Job instance at 0x14efa4fa9d70>,30,1,[7 1],39,50,51,11,39
1,<environment.Job instance at 0x14efa4fa9e10>,31,1,[2 6],42,42,43,0,42
1,<environment.Job instance at 0x14efa4fa9f00>,32,2,[10  2],43,51,53,8,43
1,<environment.Job instance at 0x14efa4fa9eb0>,33,1,[5 1],44,44,45,0,44
1,<environment.Job instance at 0x14efa4facb90>,34,2,[8 2],45,53,55,8,45
1,<environment.Job instance at 0x14efa528e9b0>,35,1,[6 1],46,55,56,9,46
1,<environment.Job instance at 0x14efa4facf00>,36,3,[8 1],48,56,59,8,48
1,<environment.Job instance at 0x14efa4fa6870>,38,2,[8 2],53,59,61,6,53
1,<environment.Job instance at 0x14efa4fa6cd0>,39,17,[10  1],56,61,78,5,56
1,<environment.Job instance at 0x14efa4fa6af0>,40,3,[2 6],57,57,60,0,57
1,<environment.Job instance at 0x14efa4fa4500>,51,27,[1 9],73,78,105,5,76
1,<environment.Job instance at 0x14efa4fa4320>,52,1,[9 1],74,78,79,4,76
1,<environment.Job instance at 0x14efa40400f0>,53,1,[ 2 10],75,105,106,30,77
1,<environment.Job instance at 0x14ef5c2fd7d0>,54,12,[2 8],78,106,118,28,89
1,<environment.Job instance at 0x14efa4048d20>,55,3,[ 1 10],81,118,121,37,92
1,<environment.Job instance at 0x14efa4048280>,56,1,[8 2],82,106,107,24,92
1,<environment.Job instance at 0x14efa40a6230>,61,1,[2 6],89,121,122,32,100
1,<environment.Job instance at 0x14ef5cd4c870>,62,3,[1 5],90,122,125,32,100
1,<environment.Job instance at 0x14ef5add7320>,63,3,[8 2],93,107,110,14,100
1,<environment.Job instance at 0x14ef5add7460>,65,3,[2 8],95,125,128,30,100
1,<environment.Job instance at 0x14ef5add7e60>,70,16,[1 6],102,128,144,26,118
1,<environment.Job instance at 0x14ef5add7f00>,71,15,[10  2],103,144,159,41,130
1,<environment.Job instance at 0x14ef5add7fa0>,72,2,[5 1],105,130,132,25,130
1,<environment.Job instance at 0x14ef5add7cd0>,74,3,[5 1],107,132,135,25,130
1,<environment.Job instance at 0x14ef5ae0c230>,80,3,[9 1],116,135,138,19,131
1,<environment.Job instance at 0x14ef5ae0c550>,81,12,[9 1],117,159,171,42,142
1,<environment.Job instance at 0x14ef5ae0c780>,83,16,[9 2],120,171,187,51,158
1,<environment.Job instance at 0x14ef5ae0ca00>,84,3,[ 2 10],121,187,190,66,161
1,<environment.Job instance at 0x14ef5ae0cb90>,88,1,[5 1],126,190,191,64,162
1,<environment.Job instance at 0x14ef5adfe4b0>,92,3,[1 9],132,162,165,30,162
1,<environment.Job instance at 0x14ef5adfe370>,94,1,[7 2],135,191,192,56,170
1,<environment.Job instance at 0x14ef5adfe730>,95,1,[10  1],136,192,193,56,170
1,<environment.Job instance at 0x14ef5adfe820>,96,3,[2 5],138,193,196,55,170
1,<environment.Job instance at 0x14ef5adfe5a0>,97,2,[6 2],139,193,195,54,170
1,<environment.Job instance at 0x14ef5adfea00>,99,3,[2 9],141,196,199,55,174
1,<environment.Job instance at 0x14ef5adfedc0>,103,1,[7 1],145,195,196,50,175
1,<environment.Job instance at 0x14ef5adfee60>,104,3,[9 2],146,199,202,53,175
1,<environment.Job instance at 0x14ef5adfef00>,105,2,[1 8],147,175,177,28,175
1,<environment.Job instance at 0x14ef5adfef50>,107,3,[2 5],149,202,205,53,178
1,<environment.Job instance at 0x14efa5295d70>,47,1,[1 7],68,422,423,354,422
1,<environment.Job instance at 0x14ef5ae0f370>,1,21,[9 2],2,2,23,0,2
1,<environment.Job instance at 0x14efa76fae10>,6,3,[7 2],8,23,26,15,8
1,<environment.Job instance at 0x14ef59a46c30>,12,2,[1 7],19,27,29,8,27
1,<environment.Job instance at 0x14efa40ffe60>,13,3,[7 1],20,27,30,7,27
1,<environment.Job instance at 0x14efb0166690>,14,1,[6 1],21,30,31,9,27
1,<environment.Job instance at 0x14ef5a3d9780>,15,15,[6 2],22,31,46,9,27
1,<environment.Job instance at 0x14ef59aec230>,16,3,[2 9],23,46,49,23,27
1,<environment.Job instance at 0x14ef5cfd36e0>,17,17,[1 8],25,29,46,4,27
1,<environment.Job instance at 0x14ef5ceab140>,19,16,[2 7],27,49,65,22,48
1,<environment.Job instance at 0x14ef640b1d70>,22,1,[1 5],31,65,66,34,48
1,<environment.Job instance at 0x14ef640b1af0>,23,2,[9 1],32,65,67,33,48
1,<environment.Job instance at 0x14ef5d207820>,24,3,[9 2],33,67,70,34,48
1,<environment.Job instance at 0x14ef5d207460>,26,2,[2 6],36,70,72,34,48
1,<environment.Job instance at 0x14ef5d207cd0>,27,1,[ 1 10],37,72,73,35,48
1,<environment.Job instance at 0x14ef5d2070f0>,28,1,[2 7],38,73,74,35,48
1,<environment.Job instance at 0x14ef5d207410>,29,2,[2 6],39,74,76,35,48
1,<environment.Job instance at 0x14ef5d0f7230>,31,2,[5 1],42,49,51,7,49
1,<environment.Job instance at 0x14ef5d0f7370>,32,2,[8 2],43,51,53,8,49
1,<environment.Job instance at 0x14ef5cf0a370>,36,18,[10  2],48,76,94,28,65
1,<environment.Job instance at 0x14ef5e1c9b90>,39,3,[1 6],51,67,70,16,67
1,<environment.Job instance at 0x14ef5e1c9a00>,40,2,[1 8],53,94,96,41,67
1,<environment.Job instance at 0x14ef5e1c9f50>,42,16,[8 2],55,94,110,39,81
1,<environment.Job instance at 0x14ef5e1c9cd0>,43,3,[1 5],58,96,99,38,81
1,<environment.Job instance at 0x14ef5a2718c0>,44,1,[10  1],59,110,111,51,82
1,<environment.Job instance at 0x14ef5a271780>,45,1,[10  2],60,111,112,51,83
1,<environment.Job instance at 0x14ef5a622a00>,49,2,[5 1],64,112,114,48,85
1,<environment.Job instance at 0x14ef5a622870>,52,3,[2 6],67,99,102,32,85
1,<environment.Job instance at 0x14efa4fb3f00>,53,3,[1 9],68,112,115,44,86
1,<environment.Job instance at 0x14ef5a07c0a0>,54,3,[6 1],69,114,117,45,88
1,<environment.Job instance at 0x14ef5a234cd0>,56,2,[7 1],76,117,119,41,90
1,<environment.Job instance at 0x14ef5a438eb0>,59,2,[2 5],79,102,104,23,101
1,<environment.Job instance at 0x14ef5a0764b0>,60,3,[9 1],80,119,122,39,101
1,<environment.Job instance at 0x14ef5a277aa0>,62,1,[5 1],82,122,123,40,102
1,<environment.Job instance at 0x14ef5a2773c0>,63,12,[ 1 10],83,123,135,40,106
1,<environment.Job instance at 0x14ef5a06d910>,64,2,[1 7],84,106,108,22,106
1,<environment.Job instance at 0x14efa51f25a0>,66,3,[5 2],88,135,138,47,109
1,<environment.Job instance at 0x14ef5acc40a0>,68,3,[2 7],90,115,118,25,115
1,<environment.Job instance at 0x14ef5a0678c0>,69,2,[8 2],92,138,140,46,115
1,<environment.Job instance at 0x14ef5a067b40>,71,1,[5 2],99,122,123,23,115
1,<environment.Job instance at 0x14ef5a05b140>,72,13,[7 2],100,140,153,40,124
1,<environment.Job instance at 0x14ef6413e550>,76,3,[2 6],105,135,138,30,124
1,<environment.Job instance at 0x14ef5cd2ff00>,80,3,[1 9],111,153,156,42,128
1,<environment.Job instance at 0x14ef5cd2f780>,81,17,[1 5],112,156,173,44,144
1,<environment.Job instance at 0x14ef5cd2fc30>,82,3,[8 1],114,153,156,39,144
1,<environment.Job instance at 0x14ef5cd2f7d0>,83,1,[1 8],115,144,145,29,144
1,<environment.Job instance at 0x14ef5a26a8c0>,84,1,[10  2],119,173,174,54,145
1,<environment.Job instance at 0x14ef5a26acd0>,85,2,[2 6],120,145,147,25,145
1,<environment.Job instance at 0x14efa6ee8780>,86,1,[1 5],121,147,148,26,145
1,<environment.Job instance at 0x14ef5a26ad20>,87,3,[7 2],123,156,159,33,145
1,<environment.Job instance at 0x14ef5cfe8b90>,88,1,[2 8],124,148,149,24,145
1,<environment.Job instance at 0x14ef5e2122d0>,90,3,[10  1],128,174,177,46,151
1,<environment.Job instance at 0x14ef5e212a50>,92,3,[7 2],131,159,162,28,151
1,<environment.Job instance at 0x14ef5e2125a0>,95,1,[1 9],135,177,178,42,160
1,<environment.Job instance at 0x14ef5e212c80>,96,3,[6 2],136,162,165,26,160
1,<environment.Job instance at 0x14efa4579f50>,101,24,[2 9],142,202,226,60,202
1,<environment.Job instance at 0x14efa4579050>,102,3,[2 5],145,226,229,81,202
1,<environment.Job instance at 0x14efa530d320>,104,1,[1 6],148,229,230,81,203
1,<environment.Job instance at 0x14efb016b7d0>,1,3,[2 7],2,2,5,0,2
1,<environment.Job instance at 0x14ef5cfd37d0>,2,1,[10  1],6,6,7,0,6
1,<environment.Job instance at 0x14efa45f6320>,3,3,[10  1],7,7,10,0,7
1,<environment.Job instance at 0x14ef59b859b0>,4,2,[6 1],8,10,12,2,8
1,<environment.Job instance at 0x14efa4645370>,5,3,[1 5],9,10,13,1,9
1,<environment.Job instance at 0x14efa6ca8c80>,7,1,[9 1],11,12,13,1,11
1,<environment.Job instance at 0x14ef59ff7780>,10,3,[2 7],14,14,17,0,14
1,<environment.Job instance at 0x14efa459d0a0>,11,1,[7 1],15,15,16,0,15
1,<environment.Job instance at 0x14ef59ed2e10>,12,2,[7 2],16,16,18,0,16
1,<environment.Job instance at 0x14ef5e1a2aa0>,13,13,[10  1],18,18,31,0,18
1,<environment.Job instance at 0x14ef5e1a2910>,14,3,[2 6],19,31,34,12,19
1,<environment.Job instance at 0x14ef5a570aa0>,15,2,[8 1],20,31,33,11,20
1,<environment.Job instance at 0x14ef5a570dc0>,16,1,[6 2],21,33,34,12,21
1,<environment.Job instance at 0x14ef5a5701e0>,17,1,[9 1],22,34,35,12,22
1,<environment.Job instance at 0x14efa471aaa0>,18,1,[2 5],24,35,36,11,24
1,<environment.Job instance at 0x14ef5a570410>,19,3,[10  2],27,36,39,9,27
1,<environment.Job instance at 0x14ef5d0bc050>,20,1,[2 7],28,39,40,11,28
1,<environment.Job instance at 0x14ef5a1eceb0>,27,3,[2 8],37,40,43,3,37
1,<environment.Job instance at 0x14ef640ebf50>,28,17,[10  1],38,43,60,5,38
1,<environment.Job instance at 0x14ef640eb0a0>,30,1,[8 2],40,40,41,0,40
1,<environment.Job instance at 0x14ef640eb690>,31,2,[2 6],41,60,62,19,41
1,<environment.Job instance at 0x14ef640eb230>,32,3,[1 9],42,62,65,20,42
1,<environment.Job instance at 0x14efa40d90f0>,33,2,[1 7],44,65,67,21,44
1,<environment.Job instance at 0x14efa40d9f00>,34,3,[2 9],45,67,70,22,45
1,<environment.Job instance at 0x14efa40d9870>,35,2,[6 1],46,60,62,14,46
1,<environment.Job instance at 0x14ef59ecc320>,36,1,[5 1],47,62,63,15,47
1,<environment.Job instance at 0x14ef5d1fd640>,38,2,[7 1],50,63,65,13,50
1,<environment.Job instance at 0x14ef5d1fd370>,40,1,[ 1 10],55,70,71,15,55
1,<environment.Job instance at 0x14ef59ffb140>,41,3,[1 9],56,71,74,15,56
1,<environment.Job instance at 0x14ef59ffbaf0>,42,2,[9 2],58,65,67,7,58
1,<environment.Job instance at 0x14ef5a2479b0>,43,3,[2 7],59,74,77,15,59
1,<environment.Job instance at 0x14ef5cd3ff50>,46,3,[1 7],65,77,80,12,65
1,<environment.Job instance at 0x14ef59f02730>,47,14,[2 5],67,80,94,13,67
1,<environment.Job instance at 0x14ef5a011c80>,49,2,[6 1],73,73,75,0,73
1,<environment.Job instance at 0x14ef5b88bd20>,52,3,[2 9],76,94,97,18,76
1,<environment.Job instance at 0x14ef5aded820>,57,3,[5 1],83,83,86,0,83
1,<environment.Job instance at 0x14ef5a1d9690>,61,3,[8 1],87,93,96,6,93
1,<environment.Job instance at 0x14ef5a1d9a00>,62,2,[6 2],88,97,99,9,93
1,<environment.Job instance at 0x14ef5a1d9dc0>,63,3,[9 2],89,99,102,10,93
1,<environment.Job instance at 0x14ef5a1d99b0>,65,18,[8 1],98,102,120,4,98
1,<environment.Job instance at 0x14ef5cd841e0>,69,3,[6 2],106,120,123,14,106
1,<environment.Job instance at 0x14ef5a27ed70>,71,2,[5 1],108,123,125,15,108
1,<environment.Job instance at 0x14ef5cf43aa0>,72,3,[9 1],109,125,128,16,109
1,<environment.Job instance at 0x14ef5cf43910>,73,1,[7 2],110,128,129,18,110
1,<environment.Job instance at 0x14ef5cd33dc0>,75,3,[9 2],114,129,132,15,114
1,<environment.Job instance at 0x14ef5cd335f0>,76,2,[2 5],115,115,117,0,115
1,<environment.Job instance at 0x14ef5cd339b0>,77,1,[1 9],116,117,118,1,116
1,<environment.Job instance at 0x14ef5a30fb90>,78,3,[1 7],117,118,121,1,117
1,<environment.Job instance at 0x14ef5a30f730>,79,1,[1 8],118,121,122,3,118
1,<environment.Job instance at 0x14ef5a30fdc0>,80,20,[7 2],119,132,152,13,123
1,<environment.Job instance at 0x14efa46c51e0>,83,3,[ 2 10],122,152,155,30,126
1,<environment.Job instance at 0x14ef5cd67690>,85,1,[8 1],126,155,156,29,127
1,<environment.Job instance at 0x14ef5cd676e0>,86,3,[1 6],127,127,130,0,127
1,<environment.Job instance at 0x14efa4625e60>,87,2,[1 6],128,130,132,2,128
1,<environment.Job instance at 0x14ef59d52320>,96,2,[1 6],145,587,589,442,587
1,<environment.Job instance at 0x14ef59d52be0>,98,1,[6 1],147,587,588,440,587
1,<environment.Job instance at 0x14ef59d52500>,99,18,[10  2],149,589,607,440,587
1,<environment.Job instance at 0x14ef5e155fa0>,25,1,[2 5],34,711,712,677,711
1,<environment.Job instance at 0x14efa5397b40>,3,3,[5 1],4,4,7,0,4
1,<environment.Job instance at 0x14ef5e238a50>,4,3,[1 7],5,5,8,0,5
1,<environment.Job instance at 0x14ef5a1514b0>,5,3,[10  2],7,8,11,1,7
1,<environment.Job instance at 0x14ef5cdfd2d0>,6,17,[9 2],9,11,28,2,9
1,<environment.Job instance at 0x14ef5ad6c320>,10,15,[7 1],17,28,43,11,17
1,<environment.Job instance at 0x14ef5e297b40>,11,1,[1 8],18,18,19,0,18
1,<environment.Job instance at 0x14ef640bf4b0>,16,16,[1 7],23,25,41,2,25
1,<environment.Job instance at 0x14ef5a4af6e0>,18,3,[10  1],27,43,46,16,27
1,<environment.Job instance at 0x14ef59ec7eb0>,21,2,[1 5],30,41,43,11,30
1,<environment.Job instance at 0x14ef5ae27870>,22,13,[1 9],31,46,59,15,31
1,<environment.Job instance at 0x14ef59c46aa0>,23,2,[10  2],32,59,61,27,32
1,<environment.Job instance at 0x14ef5d163dc0>,28,3,[1 8],40,61,64,21,46
1,<environment.Job instance at 0x14ef5d163d70>,31,3,[1 7],43,64,67,21,47
1,<environment.Job instance at 0x14ef5d163d20>,32,2,[6 1],44,47,49,3,47
1,<environment.Job instance at 0x14ef5d163be0>,33,3,[7 2],45,61,64,16,47
1,<environment.Job instance at 0x14ef5d163550>,34,2,[8 1],46,49,51,3,47
1,<environment.Job instance at 0x14efa6c3f140>,35,15,[8 2],47,64,79,17,50
1,<environment.Job instance at 0x14ef5a203280>,36,1,[10  1],48,79,80,31,51
1,<environment.Job instance at 0x14ef5a2039b0>,39,3,[6 1],52,53,56,1,53
1,<environment.Job instance at 0x14ef5a203640>,41,3,[2 5],54,67,70,13,54
1,<environment.Job instance at 0x14ef5a553be0>,42,3,[2 8],56,70,73,14,56
1,<environment.Job instance at 0x14ef5a071280>,44,3,[1 8],58,76,79,18,76
1,<environment.Job instance at 0x14ef640b8cd0>,45,2,[2 5],60,80,82,20,76
1,<environment.Job instance at 0x14ef640b8a00>,46,3,[1 9],61,82,85,21,76
1,<environment.Job instance at 0x14efa75fc7d0>,47,15,[9 1],62,82,97,20,76
1,<environment.Job instance at 0x14ef5a4b2e10>,48,12,[6 1],63,97,109,34,80
1,<environment.Job instance at 0x14efa75fc8c0>,49,13,[8 1],64,109,122,45,93
1,<environment.Job instance at 0x14efa4f9e1e0>,54,1,[2 7],70,97,98,27,93
1,<environment.Job instance at 0x14ef5a33ceb0>,56,3,[ 2 10],72,122,125,50,96
1,<environment.Job instance at 0x14ef5a886870>,59,3,[1 8],77,98,101,21,96
1,<environment.Job instance at 0x14ef5a85ae10>,61,17,[1 8],82,101,118,19,96
1,<environment.Job instance at 0x14efa6ef0cd0>,62,15,[10  1],83,125,140,42,111
1,<environment.Job instance at 0x14ef5cedc140>,63,3,[1 8],85,118,121,33,111
1,<environment.Job instance at 0x14efa45eaaa0>,65,3,[8 1],87,140,143,53,114
1,<environment.Job instance at 0x14efa5358e60>,66,3,[10  1],88,143,146,55,117
1,<environment.Job instance at 0x14ef5a85bdc0>,67,3,[1 8],89,140,143,51,117
1,<environment.Job instance at 0x14ef59ad7140>,69,2,[8 2],91,146,148,55,119
1,<environment.Job instance at 0x14efa405e730>,72,1,[ 2 10],95,148,149,53,127
1,<environment.Job instance at 0x14efa6c460f0>,73,3,[ 2 10],97,149,152,52,127
1,<environment.Job instance at 0x14efa6c46370>,75,13,[1 7],100,152,165,52,147
1,<environment.Job instance at 0x14ef5cd455a0>,76,16,[5 1],101,152,168,51,147
1,<environment.Job instance at 0x14ef64132460>,77,3,[2 5],103,165,168,62,147
1,<environment.Job instance at 0x14ef5a0cc280>,78,13,[1 5],104,168,181,64,152
1,<environment.Job instance at 0x14ef5a0cca00>,79,15,[5 1],106,168,183,62,154
1,<environment.Job instance at 0x14ef59db70a0>,81,1,[6 1],108,183,184,75,155
1,<environment.Job instance at 0x14ef5cd6f4b0>,82,18,[8 2],109,184,202,75,173
1,<environment.Job instance at 0x14ef5a008230>,84,3,[2 6],111,181,184,70,173
1,<environment.Job instance at 0x14ef5cf746e0>,85,3,[2 6],112,184,187,72,173
1,<environment.Job instance at 0x14ef5e2999b0>,87,3,[7 1],114,202,205,88,176
1,<environment.Job instance at 0x14ef59f0a2d0>,89,3,[2 7],117,187,190,70,176
1,<environment.Job instance at 0x14ef59ee4370>,91,3,[1 5],120,190,193,70,179
1,<environment.Job instance at 0x14ef59ee4190>,92,2,[2 8],121,193,195,72,179
1,<environment.Job instance at 0x14ef59ee4a00>,94,15,[1 5],123,331,346,208,331
1,<environment.Job instance at 0x14ef6411a730>,95,3,[2 5],125,331,334,206,331
1,<environment.Job instance at 0x14ef6411a960>,96,2,[6 2],126,334,336,208,331
1,<environment.Job instance at 0x14ef5e2335a0>,97,16,[2 8],128,346,362,218,333
1,<environment.Job instance at 0x14ef5e233960>,98,2,[9 1],129,336,338,207,333
1,<environment.Job instance at 0x14ef5e233550>,100,3,[10  2],131,362,365,231,344
1,<environment.Job instance at 0x14ef5a04cd20>,101,1,[6 1],134,344,345,210,344
1,<environment.Job instance at 0x14ef59f32550>,102,3,[10  1],135,365,368,230,344
1,<environment.Job instance at 0x14ef59f32c80>,103,3,[6 2],136,345,348,209,344
1,<environment.Job instance at 0x14efa6ed1eb0>,105,2,[7 1],138,356,358,218,356
1,<environment.Job instance at 0x14efa6ed16e0>,106,3,[10  1],139,368,371,229,356
1,<environment.Job instance at 0x14ef5ce02370>,107,1,[6 1],140,358,359,218,356
1,<environment.Job instance at 0x14ef5ce028c0>,108,18,[1 9],141,371,389,230,360
1,<environment.Job instance at 0x14ef640c5280>,109,1,[2 7],142,389,390,247,361
1,<environment.Job instance at 0x14ef640c5cd0>,110,3,[7 1],143,371,374,228,361
1,<environment.Job instance at 0x14ef59d5e690>,111,1,[8 2],144,361,362,217,361
1,<environment.Job instance at 0x14efa4035370>,113,15,[1 8],147,390,405,243,379
1,<environment.Job instance at 0x14ef5a14ff00>,114,2,[8 2],148,389,391,241,379
1,<environment.Job instance at 0x14ef5a14f500>,115,13,[6 1],149,391,404,242,379
1,<environment.Job instance at 0x14ef5a580870>,0,3,[10  1],1,1,4,0,1
1,<environment.Job instance at 0x14ef5d2078c0>,2,2,[10  1],4,4,6,0,4
1,<environment.Job instance at 0x14ef59ef5370>,8,3,[2 7],15,15,18,0,15
1,<environment.Job instance at 0x14ef59f677d0>,9,3,[10  2],18,18,21,0,18
1,<environment.Job instance at 0x14ef5d1b9e10>,11,3,[8 2],21,21,24,0,21
1,<environment.Job instance at 0x14ef5d0bd550>,18,3,[1 7],33,33,36,0,33
1,<environment.Job instance at 0x14ef5d0bda00>,19,1,[8 2],34,34,35,0,34
1,<environment.Job instance at 0x14ef5d0bd320>,20,2,[10  1],35,36,38,1,35
1,<environment.Job instance at 0x14ef5d0bdd70>,21,2,[10  1],36,38,40,2,36
1,<environment.Job instance at 0x14ef5d0bddc0>,22,16,[10  2],37,40,56,3,37
1,<environment.Job instance at 0x14ef5d0bd780>,23,2,[2 5],38,56,58,18,38
1,<environment.Job instance at 0x14ef5d0bd230>,24,1,[1 7],39,58,59,19,39
1,<environment.Job instance at 0x14ef5d0bdeb0>,25,1,[2 9],40,59,60,19,40
1,<environment.Job instance at 0x14ef5d0bdaa0>,26,3,[2 9],42,60,63,18,42
1,<environment.Job instance at 0x14ef5d0bdf50>,28,1,[7 2],45,56,57,11,45
1,<environment.Job instance at 0x14ef5a02e550>,30,3,[10  2],48,63,66,15,48
1,<environment.Job instance at 0x14ef59e3a2d0>,32,2,[7 1],50,57,59,7,50
1,<environment.Job instance at 0x14ef59e3aa00>,33,2,[10  1],51,66,68,15,51
1,<environment.Job instance at 0x14ef5cf43a50>,6,2,[6 1],9,9,11,0,9
1,<environment.Job instance at 0x14ef5c2dba00>,7,16,[6 1],10,11,27,1,10
1,<environment.Job instance at 0x14ef59e3a140>,8,1,[ 1 10],12,27,28,15,12
1,<environment.Job instance at 0x14ef5c2dbf50>,9,3,[9 1],14,28,31,14,14
1,<environment.Job instance at 0x14ef5c2dbd70>,10,1,[8 2],16,31,32,15,16
1,<environment.Job instance at 0x14ef5a2d9a00>,11,3,[1 5],17,17,20,0,17
1,<environment.Job instance at 0x14efa45b6e60>,13,3,[8 1],20,32,35,12,20
1,<environment.Job instance at 0x14ef5acc4f50>,16,3,[1 7],23,23,26,0,23
1,<environment.Job instance at 0x14ef5a3d9550>,19,2,[5 2],27,35,37,8,27
1,<environment.Job instance at 0x14efa40ff6e0>,26,3,[2 5],34,34,37,0,34
1,<environment.Job instance at 0x14ef640d9a50>,27,18,[10  1],35,37,55,2,35
1,<environment.Job instance at 0x14ef640d9460>,28,2,[7 1],36,55,57,19,36
1,<environment.Job instance at 0x14ef59dcbb40>,34,3,[1 5],46,55,58,9,55
1,<environment.Job instance at 0x14ef5a2c8aa0>,35,1,[8 1],47,57,58,10,55
1,<environment.Job instance at 0x14ef5a2c8af0>,36,2,[8 2],48,58,60,10,55
1,<environment.Job instance at 0x14ef5a2c8550>,37,14,[9 2],49,60,74,11,55
1,<environment.Job instance at 0x14efa52f90f0>,39,3,[1 5],51,58,61,7,55
1,<environment.Job instance at 0x14efa52f9280>,42,14,[2 8],55,74,88,19,60
1,<environment.Job instance at 0x14ef5cea8c30>,43,15,[8 2],56,74,89,18,60
1,<environment.Job instance at 0x14ef59e39d70>,44,3,[1 7],58,61,64,3,60
1,<environment.Job instance at 0x14ef59fec5a0>,45,3,[7 1],59,89,92,30,63
1,<environment.Job instance at 0x14ef5a4238c0>,46,2,[2 7],60,88,90,28,63
1,<environment.Job instance at 0x14ef5d0dc690>,48,1,[1 9],62,90,91,28,63
1,<environment.Job instance at 0x14ef5d27ef50>,50,2,[1 8],65,65,67,0,65
1,<environment.Job instance at 0x14ef641509b0>,52,3,[2 6],68,91,94,23,77
1,<environment.Job instance at 0x14ef5adedfa0>,53,14,[10  1],69,94,108,25,79
1,<environment.Job instance at 0x14efa53b9780>,57,3,[9 1],74,108,111,34,107
1,<environment.Job instance at 0x14efa459d870>,58,3,[8 2],75,111,114,36,107
1,<environment.Job instance at 0x14ef5ad5d140>,59,12,[7 2],77,114,126,37,107
1,<environment.Job instance at 0x14efa4fb47d0>,60,2,[2 7],79,111,113,32,107
1,<environment.Job instance at 0x14ef5d246dc0>,63,2,[1 9],83,108,110,25,108
1,<environment.Job instance at 0x14ef5d246c80>,65,1,[8 1],85,126,127,41,108
1,<environment.Job instance at 0x14ef59f4c910>,66,18,[10  1],86,127,145,41,116
1,<environment.Job instance at 0x14ef5e5a3410>,67,1,[8 2],87,145,146,58,117
1,<environment.Job instance at 0x14ef5ae0f8c0>,68,2,[7 1],88,146,148,58,119
1,<environment.Job instance at 0x14ef5ae0faa0>,69,1,[5 1],89,148,149,59,120
1,<environment.Job instance at 0x14ef5a5c7500>,70,2,[2 8],90,120,122,30,120
1,<environment.Job instance at 0x14ef5a5c75f0>,71,3,[7 1],91,149,152,58,123
1,<environment.Job instance at 0x14ef5a5c7410>,72,3,[8 2],92,152,155,60,126
1,<environment.Job instance at 0x14efa4097410>,73,2,[10  1],94,155,157,61,128
1,<environment.Job instance at 0x14efa40973c0>,77,3,[1 5],102,145,148,43,140
1,<environment.Job instance at 0x14efa4097c80>,79,13,[8 1],105,157,170,52,141
1,<environment.Job instance at 0x14ef5a051960>,80,1,[7 2],106,170,171,64,142
1,<environment.Job instance at 0x14ef5a55e960>,81,2,[2 8],107,148,150,41,142
1,<environment.Job instance at 0x14ef5e23b870>,83,3,[9 2],110,171,174,61,150
1,<environment.Job instance at 0x14ef5a05afa0>,84,1,[ 2 10],111,174,175,63,150
1,<environment.Job instance at 0x14efa52b66e0>,85,2,[6 2],112,175,177,63,150
1,<environment.Job instance at 0x14ef5cdc1af0>,86,1,[1 5],114,150,151,36,150
1,<environment.Job instance at 0x14efa456aaf0>,87,2,[5 2],115,177,179,62,150
1,<environment.Job instance at 0x14efa456a370>,88,2,[8 1],116,179,181,63,152
1,<environment.Job instance at 0x14efa456a9b0>,89,2,[8 1],117,181,183,64,154
1,<environment.Job instance at 0x14efa6c6d410>,91,3,[10  2],119,183,186,64,157
1,<environment.Job instance at 0x14efa6c6d9b0>,93,3,[2 7],121,175,178,54,174
1,<environment.Job instance at 0x14efa6c6db90>,95,2,[1 6],123,249,251,126,249
1,<environment.Job instance at 0x14efa6c6d640>,96,16,[1 9],124,251,267,127,249
1,<environment.Job instance at 0x14efa6c6d1e0>,98,13,[8 1],126,262,275,136,262
1,<environment.Job instance at 0x14efa6c6d870>,99,1,[6 1],127,275,276,148,262
1,<environment.Job instance at 0x14efa6c6d4b0>,100,2,[ 1 10],128,276,278,148,262
1,<environment.Job instance at 0x14efa6c6d820>,101,1,[5 1],129,278,279,149,262
1,<environment.Job instance at 0x14efa6c6de60>,102,3,[5 2],130,278,281,148,262
1,<environment.Job instance at 0x14ef5e59d140>,104,3,[5 2],135,279,282,144,262
1,<environment.Job instance at 0x14ef5e59d320>,105,15,[10  2],136,282,297,146,268
1,<environment.Job instance at 0x14ef5e59d2d0>,111,3,[9 1],144,297,300,153,271
1,<environment.Job instance at 0x14ef5d203820>,112,14,[2 5],146,300,314,154,285
1,<environment.Job instance at 0x14ef5d203fa0>,113,2,[1 8],147,297,299,150,285
1,<environment.Job instance at 0x14ef5d203320>,114,1,[5 1],148,300,301,152,285
1,<environment.Job instance at 0x14ef5d1fdc30>,0,2,[8 1],1,1,3,0,1
1,<environment.Job instance at 0x14ef5d1fd8c0>,4,1,[9 1],8,8,9,0,8
1,<environment.Job instance at 0x14ef59eab960>,5,2,[9 1],9,9,11,0,9
1,<environment.Job instance at 0x14ef5cdcec30>,3,2,[9 2],5,11,13,6,11
1,<environment.Job instance at 0x14ef5d022d70>,9,3,[7 1],14,14,17,0,14
1,<environment.Job instance at 0x14ef59af6370>,10,2,[ 1 10],15,17,19,2,15
1,<environment.Job instance at 0x14ef5d25aaa0>,15,3,[2 8],21,21,24,0,21
1,<environment.Job instance at 0x14ef5d18c370>,20,3,[2 6],30,30,33,0,30
1,<environment.Job instance at 0x14ef5a0d63c0>,24,3,[7 2],35,35,38,0,35
1,<environment.Job instance at 0x14ef5e1a25f0>,25,3,[1 6],37,37,40,0,37
1,<environment.Job instance at 0x14ef5e1a2960>,26,2,[1 6],39,40,42,1,39
1,<environment.Job instance at 0x14ef5e1a2e10>,28,3,[9 2],44,44,47,0,44
1,<environment.Job instance at 0x14ef5cd65dc0>,35,12,[2 8],55,55,67,0,55
1,<environment.Job instance at 0x14ef6405c960>,36,14,[10  2],56,67,81,11,56
1,<environment.Job instance at 0x14ef5a0c75a0>,40,14,[9 2],63,81,95,18,66
1,<environment.Job instance at 0x14ef5cf0aeb0>,45,14,[10  1],71,95,109,24,81
1,<environment.Job instance at 0x14ef5add8550>,60,3,[1 9],94,109,112,15,96
1,<environment.Job instance at 0x14ef5add89b0>,61,3,[2 7],96,112,115,16,96
1,<environment.Job instance at 0x14ef5add8410>,62,3,[2 9],97,115,118,18,97
1,<environment.Job instance at 0x14ef5add8370>,63,3,[6 1],99,109,112,10,99
1,<environment.Job instance at 0x14ef59e604b0>,65,15,[2 7],101,118,133,17,106
1,<environment.Job instance at 0x14ef59e605a0>,66,2,[9 1],102,133,135,31,106
1,<environment.Job instance at 0x14ef59e60f00>,68,3,[ 1 10],105,135,138,30,119
1,<environment.Job instance at 0x14efa51e5dc0>,70,2,[6 2],107,121,123,14,121
1,<environment.Job instance at 0x14ef5a39ed20>,71,13,[6 1],108,138,151,30,122
1,<environment.Job instance at 0x14ef5a39e460>,73,3,[6 2],110,123,126,13,122
1,<environment.Job instance at 0x14ef5a39e3c0>,74,3,[5 2],112,126,129,14,122
1,<environment.Job instance at 0x14ef5e2330a0>,78,14,[2 8],118,138,152,20,130
1,<environment.Job instance at 0x14ef5e2667d0>,81,13,[8 1],124,151,164,27,135
1,<environment.Job instance at 0x14ef5e2666e0>,82,2,[10  1],125,164,166,39,137
1,<environment.Job instance at 0x14ef5a247f50>,95,13,[ 1 10],147,166,179,19,150
1,<environment.Job instance at 0x14ef5e375410>,1,1,[1 6],2,2,3,0,2
1,<environment.Job instance at 0x14ef5cf0a230>,2,1,[1 8],3,5,6,2,5
1,<environment.Job instance at 0x14ef5a1007d0>,4,2,[10  2],6,6,8,0,6
1,<environment.Job instance at 0x14ef64056690>,9,3,[1 5],13,13,16,0,13
1,<environment.Job instance at 0x14ef640563c0>,12,12,[5 2],17,17,29,0,17
1,<environment.Job instance at 0x14ef64056870>,18,1,[7 2],26,29,30,3,26
1,<environment.Job instance at 0x14ef5cd78910>,19,15,[7 1],27,30,45,3,27
1,<environment.Job instance at 0x14ef5cd78460>,21,3,[1 9],34,34,37,0,34
1,<environment.Job instance at 0x14ef5cd78a50>,24,3,[6 2],40,45,48,5,40
1,<environment.Job instance at 0x14ef5cd789b0>,25,17,[6 2],45,48,65,3,46
1,<environment.Job instance at 0x14ef5cd78a00>,27,3,[8 2],48,65,68,17,48
1,<environment.Job instance at 0x14ef5cd78d20>,29,2,[2 6],50,51,53,1,51
1,<environment.Job instance at 0x14ef5cd78e60>,30,17,[1 9],51,68,85,17,57
1,<environment.Job instance at 0x14ef5ad5d0a0>,31,3,[1 6],52,57,60,5,57
1,<environment.Job instance at 0x14ef5ad5de10>,32,1,[8 1],53,68,69,15,57
1,<environment.Job instance at 0x14ef5ad5d5a0>,33,1,[6 1],54,69,70,15,57
1,<environment.Job instance at 0x14ef5ad5dd20>,35,3,[10  2],62,85,88,23,62
1,<environment.Job instance at 0x14ef5ad5d870>,40,13,[7 2],71,88,101,17,72
1,<environment.Job instance at 0x14ef5a4cb7d0>,42,3,[5 2],77,101,104,24,77
1,<environment.Job instance at 0x14ef5a4cb0f0>,43,3,[ 2 10],78,104,107,26,78
1,<environment.Job instance at 0x14ef5a4cb730>,44,3,[1 5],80,88,91,8,80
1,<environment.Job instance at 0x14ef5e296820>,52,3,[2 9],90,1104,1107,1014,1104
1,<environment.Job instance at 0x14ef5e296870>,53,1,[1 9],91,1107,1108,1016,1104
1,<environment.Job instance at 0x14ef5e296cd0>,54,18,[8 2],92,1108,1126,1016,1104
1,<environment.Job instance at 0x14ef5e296c30>,55,2,[5 1],93,1104,1106,1011,1104
1,<environment.Job instance at 0x14ef5e296f50>,56,3,[2 5],94,1108,1111,1014,1104
1,<environment.Job instance at 0x14ef5e296780>,57,1,[6 1],95,1106,1107,1011,1104
1,<environment.Job instance at 0x14ef5a3c9eb0>,58,1,[5 2],97,1126,1127,1029,1104
1,<environment.Job instance at 0x14ef5a3c9410>,59,1,[6 1],98,1107,1108,1009,1104
1,<environment.Job instance at 0x14ef5a3c9910>,60,3,[2 5],104,1111,1114,1007,1104
1,<environment.Job instance at 0x14ef5a3c9c80>,61,2,[2 5],106,1114,1116,1008,1104
1,<environment.Job instance at 0x14ef5a06daf0>,62,1,[2 9],107,1127,1128,1020,1104
1,<environment.Job instance at 0x14ef5a06d9b0>,65,2,[2 9],111,1128,1130,1017,1111
1,<environment.Job instance at 0x14ef5a06d2d0>,66,2,[6 2],112,1130,1132,1018,1111
1,<environment.Job instance at 0x14ef5a06d690>,67,3,[2 6],113,1116,1119,1003,1111
1,<environment.Job instance at 0x14ef5a06d960>,68,2,[1 6],114,1119,1121,1005,1111
1,<environment.Job instance at 0x14ef5a06df50>,69,1,[2 5],115,1121,1122,1006,1111
1,<environment.Job instance at 0x14ef5a06da00>,70,1,[2 8],116,1122,1123,1006,1111
1,<environment.Job instance at 0x14ef5a06de10>,71,2,[10  1],117,1132,1134,1015,1111
1,<environment.Job instance at 0x14ef5a06deb0>,72,2,[7 1],118,1127,1129,1009,1111
1,<environment.Job instance at 0x14ef5a06d870>,73,2,[7 2],119,1134,1136,1015,1111
1,<environment.Job instance at 0x14ef5a06da50>,74,1,[9 2],120,1136,1137,1016,1111
1,<environment.Job instance at 0x14ef5a06dfa0>,75,2,[9 1],121,1137,1139,1016,1111
1,<environment.Job instance at 0x14ef5a06dc80>,76,3,[9 1],123,1139,1142,1016,1113
1,<environment.Job instance at 0x14ef5a06dbe0>,78,3,[2 9],126,1142,1145,1016,1116
1,<environment.Job instance at 0x14ef5a06d1e0>,81,3,[9 1],131,1145,1148,1014,1129
1,<environment.Job instance at 0x14ef5a06d050>,82,3,[1 8],133,1134,1137,1001,1129
1,<environment.Job instance at 0x14ef5a1c1fa0>,87,17,[10  2],141,1148,1165,1007,1136
1,<environment.Job instance at 0x14ef5a1c1320>,90,3,[9 1],147,1165,1168,1018,1139
1,<environment.Job instance at 0x14efa4071690>,3,3,[1 7],4,4,7,0,4
1,<environment.Job instance at 0x14efa4579a00>,6,3,[1 9],7,7,10,0,7
1,<environment.Job instance at 0x14ef5e2695a0>,7,3,[8 1],8,8,11,0,8
1,<environment.Job instance at 0x14ef59ac07d0>,9,3,[1 9],12,12,15,0,12
1,<environment.Job instance at 0x14efa45d1aa0>,11,3,[1 7],14,15,18,1,14
1,<environment.Job instance at 0x14efa45d1e60>,13,16,[10  1],16,18,34,2,16
1,<environment.Job instance at 0x14ef5cfb5870>,14,3,[5 1],18,34,37,16,18
1,<environment.Job instance at 0x14ef5a3debe0>,15,3,[9 2],19,37,40,18,19
1,<environment.Job instance at 0x14efa40d54b0>,0,3,[8 1],2,2,5,0,2
1,<environment.Job instance at 0x14ef64073190>,3,15,[10  1],6,6,21,0,6
1,<environment.Job instance at 0x14efa456a050>,6,15,[5 2],10,21,36,11,11
1,<environment.Job instance at 0x14efa456a190>,8,2,[5 2],13,21,23,8,13
1,<environment.Job instance at 0x14efa456a910>,9,2,[6 2],14,36,38,22,14
1,<environment.Job instance at 0x14efa456a6e0>,10,3,[2 5],15,23,26,8,15
1,<environment.Job instance at 0x14efa456a4b0>,11,12,[5 2],16,38,50,22,21
1,<environment.Job instance at 0x14efa40fb0f0>,20,13,[9 1],29,50,63,21,34
1,<environment.Job instance at 0x14efa45f62d0>,23,2,[8 2],33,63,65,30,38
1,<environment.Job instance at 0x14ef5d01b500>,25,2,[6 2],35,65,67,30,41
1,<environment.Job instance at 0x14efa51f68c0>,27,14,[9 1],39,67,81,28,52
1,<environment.Job instance at 0x14efa411feb0>,30,3,[1 7],44,52,55,8,52
1,<environment.Job instance at 0x14efa52b8410>,33,2,[7 2],47,81,83,34,54
1,<environment.Job instance at 0x14efa52b8a50>,35,2,[1 5],49,62,64,13,62
1,<environment.Job instance at 0x14efa52b85f0>,36,2,[6 1],50,83,85,33,62
1,<environment.Job instance at 0x14efa40d9eb0>,41,16,[8 1],60,85,101,25,73
1,<environment.Job instance at 0x14efa40a6550>,46,3,[2 6],68,81,84,13,73
1,<environment.Job instance at 0x14efa40a6b40>,49,3,[2 8],73,84,87,11,73
1,<environment.Job instance at 0x14efa4079be0>,64,3,[8 1],94,107,110,13,107
1,<environment.Job instance at 0x14efa4079cd0>,66,3,[8 2],98,110,113,12,107
1,<environment.Job instance at 0x14efa40797d0>,68,3,[2 7],101,107,110,6,107
1,<environment.Job instance at 0x14ef5a100190>,74,12,[8 1],110,113,125,3,110
1,<environment.Job instance at 0x14ef5a100c80>,76,3,[10  1],112,125,128,13,112
1,<environment.Job instance at 0x14ef5cde8dc0>,81,3,[2 9],118,128,131,10,128
1,<environment.Job instance at 0x14ef5cde84b0>,83,3,[1 8],124,131,134,7,128
1,<environment.Job instance at 0x14ef5cde8af0>,86,3,[1 7],127,134,137,7,128
1,<environment.Job instance at 0x14ef5cde8eb0>,88,3,[1 8],130,137,140,7,130
1,<environment.Job instance at 0x14ef5cde8b40>,89,14,[ 1 10],133,140,154,7,133
1,<environment.Job instance at 0x14efa51f4e60>,5,1,[8 2],9,151,152,142,151
1,<environment.Job instance at 0x14ef5a1bb8c0>,6,1,[1 6],10,151,152,141,151
1,<environment.Job instance at 0x14ef6405d370>,8,16,[9 2],12,152,168,140,151
1,<environment.Job instance at 0x14ef6405d550>,10,1,[5 1],14,168,169,154,151
1,<environment.Job instance at 0x14ef5a33c910>,11,2,[2 7],15,168,170,153,151
1,<environment.Job instance at 0x14ef640bc8c0>,12,2,[9 1],16,170,172,154,151
1,<environment.Job instance at 0x14ef6405d820>,13,1,[1 8],17,152,153,135,151
1,<environment.Job instance at 0x14efa5308f00>,14,2,[10  2],18,172,174,154,151
1,<environment.Job instance at 0x14efa461bc30>,15,1,[9 2],19,174,175,155,151
1,<environment.Job instance at 0x14ef59ed2640>,17,1,[10  1],22,175,176,153,151
1,<environment.Job instance at 0x14ef59ed2690>,19,2,[2 9],26,176,178,150,160
1,<environment.Job instance at 0x14ef5a85e7d0>,20,3,[9 1],27,178,181,151,160
1,<environment.Job instance at 0x14ef5a85e0a0>,21,17,[2 6],28,181,198,153,169
1,<environment.Job instance at 0x14ef5ad50dc0>,22,1,[1 6],29,170,171,141,169
1,<environment.Job instance at 0x14efa46d75a0>,27,2,[2 8],35,232,234,197,232
1,<environment.Job instance at 0x14efa46d73c0>,28,14,[9 1],36,234,248,198,232
1,<environment.Job instance at 0x14efa46d7d20>,29,16,[5 1],38,248,264,210,235
1,<environment.Job instance at 0x14efa46d70f0>,31,3,[7 2],41,264,267,223,243
1,<environment.Job instance at 0x14efa46d7370>,32,2,[2 7],42,248,250,206,243
1,<environment.Job instance at 0x14efa46d7fa0>,33,3,[2 9],44,250,253,206,243
1,<environment.Job instance at 0x14ef59a49550>,36,1,[9 2],49,267,268,218,243
1,<environment.Job instance at 0x14ef5cd5ff50>,40,1,[2 6],57,257,258,200,257
1,<environment.Job instance at 0x14efa46d7640>,41,1,[2 6],58,258,259,200,257
1,<environment.Job instance at 0x14efa526aeb0>,42,16,[10  2],60,268,284,208,257
1,<environment.Job instance at 0x14efa526a640>,43,12,[1 9],61,284,296,223,267
1,<environment.Job instance at 0x14efa526a0f0>,48,3,[6 2],67,296,299,229,277
1,<environment.Job instance at 0x14efa526a280>,49,2,[2 7],68,296,298,228,277
1,<environment.Job instance at 0x14efa526a4b0>,50,16,[10  1],70,299,315,229,286
1,<environment.Job instance at 0x14efa52fecd0>,51,3,[2 8],71,315,318,244,289
1,<environment.Job instance at 0x14efa52282d0>,53,1,[2 6],73,298,299,225,289
1,<environment.Job instance at 0x14efa5228a00>,54,15,[8 2],74,315,330,241,301
1,<environment.Job instance at 0x14efa5228be0>,55,3,[ 2 10],75,330,333,255,304
1,<environment.Job instance at 0x14efa5228fa0>,58,3,[ 2 10],78,333,336,255,312
1,<environment.Job instance at 0x14efa6c86e10>,63,3,[8 2],85,336,339,251,312
1,<environment.Job instance at 0x14efa46e4910>,64,3,[1 7],86,318,321,232,312
1,<environment.Job instance at 0x14efa46e4320>,65,2,[9 2],87,339,341,252,312
1,<environment.Job instance at 0x14efa46e4640>,66,2,[7 1],88,341,343,253,314
1,<environment.Job instance at 0x14efa46e49b0>,67,1,[1 6],89,321,322,232,314
1,<environment.Job instance at 0x14efa46e4690>,69,1,[1 9],91,341,342,250,326
1,<environment.Job instance at 0x14efa46e4e10>,70,13,[1 6],92,342,355,250,326
1,<environment.Job instance at 0x14efa46e45f0>,71,3,[5 1],93,343,346,250,326
1,<environment.Job instance at 0x14efa46e4730>,73,2,[1 6],97,336,338,239,332
1,<environment.Job instance at 0x14ef5a26fe10>,74,16,[2 7],100,355,371,255,342
1,<environment.Job instance at 0x14ef5a26ff00>,77,3,[10  1],106,371,374,265,352
1,<environment.Job instance at 0x14ef5a26f460>,79,3,[2 8],110,374,377,264,352
1,<environment.Job instance at 0x14ef5a26faf0>,80,3,[10  1],111,377,380,266,352
1,<environment.Job instance at 0x14ef5cdfd820>,82,2,[5 2],113,353,355,240,353
1,<environment.Job instance at 0x14ef5a3930a0>,83,1,[5 1],114,355,356,241,353
1,<environment.Job instance at 0x14efa6c4a230>,84,3,[8 1],115,356,359,241,353
1,<environment.Job instance at 0x14ef5e35f5f0>,85,3,[10  1],116,380,383,264,354
1,<environment.Job instance at 0x14efa46f4500>,87,3,[9 2],120,383,386,263,357
1,<environment.Job instance at 0x14efa46f46e0>,88,3,[5 1],121,359,362,238,357
1,<environment.Job instance at 0x14efa46f4140>,89,2,[5 1],123,362,364,239,357
1,<environment.Job instance at 0x14ef5a629820>,90,3,[1 9],124,386,389,262,360
1,<environment.Job instance at 0x14ef5acff320>,92,3,[ 2 10],126,389,392,263,363
1,<environment.Job instance at 0x14ef5acffeb0>,93,3,[2 6],127,392,395,265,366
1,<environment.Job instance at 0x14ef5e1c9b40>,95,2,[1 8],129,383,385,254,366
1,<environment.Job instance at 0x14ef5a527550>,101,3,[2 6],135,395,398,260,369
1,<environment.Job instance at 0x14ef5a527190>,102,3,[6 2],137,374,377,237,369
1,<environment.Job instance at 0x14ef5a4edaf0>,103,3,[1 9],138,398,401,260,372
1,<environment.Job instance at 0x14ef5a4ed6e0>,104,3,[1 7],140,401,404,261,375
1,<environment.Job instance at 0x14ef5a6355a0>,107,2,[5 1],144,386,388,242,375
1,<environment.Job instance at 0x14ef5a6355f0>,110,3,[10  2],149,404,407,255,378
1,<environment.Job instance at 0x14ef5e308a50>,4,19,[8 1],8,653,672,645,653
1,<environment.Job instance at 0x14efa6ee89b0>,1,2,[9 2],2,2,4,0,2
1,<environment.Job instance at 0x14ef5d02eaf0>,3,13,[1 5],5,5,18,0,5
1,<environment.Job instance at 0x14ef5ce29960>,4,3,[ 1 10],6,18,21,12,6
1,<environment.Job instance at 0x14efa53972d0>,6,2,[7 1],8,8,10,0,8
1,<environment.Job instance at 0x14efa5397a00>,7,1,[10  2],9,21,22,12,9
1,<environment.Job instance at 0x14efa5397910>,9,3,[10  2],15,22,25,7,15
1,<environment.Job instance at 0x14efa5397e10>,10,13,[9 1],16,25,38,9,16
1,<environment.Job instance at 0x14ef5a0d91e0>,12,1,[10  2],18,38,39,20,18
1,<environment.Job instance at 0x14ef5a0d90a0>,14,3,[6 1],20,39,42,19,20
1,<environment.Job instance at 0x14ef5a0d95a0>,15,13,[2 5],22,39,52,17,23
1,<environment.Job instance at 0x14ef59bbd5f0>,17,3,[1 7],25,25,28,0,25
1,<environment.Job instance at 0x14ef59bbd870>,16,2,[2 8],23,52,54,29,26
1,<environment.Job instance at 0x14ef59bbdc80>,18,2,[8 1],27,42,44,15,27
1,<environment.Job instance at 0x14ef59bbd690>,19,3,[9 2],28,54,57,26,28
1,<environment.Job instance at 0x14ef5cd1e3c0>,24,3,[2 6],36,57,60,21,36
1,<environment.Job instance at 0x14ef5cd1ef50>,25,3,[8 1],37,44,47,7,37
1,<environment.Job instance at 0x14ef5cd1eb90>,26,1,[6 1],38,47,48,9,38
1,<environment.Job instance at 0x14ef5cd1e1e0>,27,3,[6 1],39,48,51,9,39
1,<environment.Job instance at 0x14ef5cd1e820>,28,3,[9 1],40,60,63,20,40
1,<environment.Job instance at 0x14ef5d0a34b0>,29,3,[2 9],41,63,66,22,41
1,<environment.Job instance at 0x14efa4616d20>,32,1,[5 1],46,51,52,5,46
1,<environment.Job instance at 0x14efa4616780>,33,3,[1 8],47,54,57,7,47
1,<environment.Job instance at 0x14efa4616fa0>,34,2,[5 1],48,52,54,4,48
1,<environment.Job instance at 0x14efa46160a0>,35,15,[9 2],50,66,81,16,52
1,<environment.Job instance at 0x14efa4616eb0>,31,1,[10  2],45,81,82,36,54
1,<environment.Job instance at 0x14ef5cd2ed20>,42,3,[5 1],59,63,66,4,59
1,<environment.Job instance at 0x14ef5cd2e3c0>,44,2,[6 2],65,82,84,17,67
1,<environment.Job instance at 0x14ef59c2ccd0>,46,13,[9 2],68,84,97,16,68
1,<environment.Job instance at 0x14ef5b898960>,50,13,[1 6],73,85,98,12,85
1,<environment.Job instance at 0x14ef5b8980f0>,51,2,[8 1],74,97,99,23,85
1,<environment.Job instance at 0x14ef5a33c6e0>,52,1,[10  1],75,99,100,24,85
1,<environment.Job instance at 0x14ef5a49bcd0>,53,2,[5 1],76,100,102,24,85
1,<environment.Job instance at 0x14ef5b8985a0>,54,1,[1 6],77,98,99,21,85
1,<environment.Job instance at 0x14ef640f5a50>,55,12,[5 2],78,100,112,22,85
1,<environment.Job instance at 0x14ef5b898370>,56,3,[9 2],80,112,115,32,86
1,<environment.Job instance at 0x14ef5e169dc0>,60,12,[2 8],87,1681,1693,1594,1681
1,<environment.Job instance at 0x14ef5e1571e0>,61,2,[2 6],89,1693,1695,1604,1681
1,<environment.Job instance at 0x14ef5e157dc0>,62,3,[1 6],90,1695,1698,1605,1681
1,<environment.Job instance at 0x14ef5e157140>,63,3,[1 9],91,1698,1701,1607,1681
1,<environment.Job instance at 0x14ef5d1c8c30>,64,2,[7 2],92,1681,1683,1589,1681
1,<environment.Job instance at 0x14ef5d1c8cd0>,65,2,[9 1],94,1695,1697,1601,1681
1,<environment.Job instance at 0x14ef5d1c85f0>,66,2,[2 6],98,1701,1703,1603,1681
1,<environment.Job instance at 0x14ef640c0410>,67,3,[2 7],100,1703,1706,1603,1681
1,<environment.Job instance at 0x14ef640c0190>,68,3,[6 2],102,1683,1686,1581,1681
1,<environment.Job instance at 0x14ef640c04b0>,69,3,[2 5],104,1706,1709,1602,1681
1,<environment.Job instance at 0x14ef5cd3c5f0>,72,2,[9 1],108,1697,1699,1589,1684
1,<environment.Job instance at 0x14ef5e361af0>,74,18,[10  1],111,1709,1727,1598,1698
1,<environment.Job instance at 0x14ef5a582190>,77,15,[10  2],114,1727,1742,1613,1713
1,<environment.Job instance at 0x14ef59f1fcd0>,80,3,[5 1],119,1742,1745,1623,1716
1,<environment.Job instance at 0x14ef640e71e0>,83,3,[6 2],123,1745,1748,1622,1719
1,<environment.Job instance at 0x14ef640e7280>,85,16,[9 1],126,1748,1764,1622,1735
1,<environment.Job instance at 0x14efa408ca00>,93,2,[1 7],136,1742,1744,1606,1737
1,<environment.Job instance at 0x14ef59c4a280>,94,3,[1 6],137,1744,1747,1607,1737
1,<environment.Job instance at 0x14ef59c4a500>,98,14,[10  2],142,1764,1778,1622,1749
1,<environment.Job instance at 0x14ef59dcf410>,102,3,[2 7],146,1778,1781,1632,1752
1,<environment.Job instance at 0x14ef5a5dc0f0>,0,3,[9 1],1,1,4,0,1
1,<environment.Job instance at 0x14ef5a5dc280>,2,18,[8 2],3,4,22,1,3
1,<environment.Job instance at 0x14ef5d24d050>,6,3,[9 1],8,22,25,14,8
1,<environment.Job instance at 0x14ef5a598af0>,7,3,[9 1],9,25,28,16,9
1,<environment.Job instance at 0x14ef59dcfc30>,9,1,[7 1],11,28,29,17,11
1,<environment.Job instance at 0x14efa755e0a0>,11,3,[10  1],15,29,32,14,15
1,<environment.Job instance at 0x14ef5a31c7d0>,12,3,[ 1 10],17,32,35,15,17
1,<environment.Job instance at 0x14ef5d2753c0>,13,1,[7 1],18,35,36,17,18
1,<environment.Job instance at 0x14ef5adcbfa0>,14,18,[ 2 10],21,36,54,15,25
1,<environment.Job instance at 0x14ef59bcdc30>,17,3,[8 1],26,54,57,28,28
1,<environment.Job instance at 0x14efa6ee0370>,20,3,[1 9],31,54,57,23,31
1,<environment.Job instance at 0x14ef5cd64870>,22,1,[10  2],35,57,58,22,35
1,<environment.Job instance at 0x14ef5e2da5a0>,24,3,[8 1],37,58,61,21,53
1,<environment.Job instance at 0x14ef5e2dab40>,25,1,[1 6],38,58,59,20,53
1,<environment.Job instance at 0x14ef59bfee10>,26,1,[2 7],39,59,60,20,53
1,<environment.Job instance at 0x14ef59bfe730>,27,2,[ 1 10],40,61,63,21,53
1,<environment.Job instance at 0x14ef59bfed70>,28,1,[7 1],41,63,64,22,53
1,<environment.Job instance at 0x14ef59bfefa0>,29,2,[9 1],42,64,66,22,53
1,<environment.Job instance at 0x14ef5e2c42d0>,30,1,[5 1],44,66,67,22,53
1,<environment.Job instance at 0x14ef5e2c4280>,31,1,[2 7],45,60,61,15,53
1,<environment.Job instance at 0x14ef5a3b9e60>,32,15,[5 1],46,66,81,20,53
1,<environment.Job instance at 0x14ef5a3b93c0>,33,1,[10  1],47,81,82,34,53
1,<environment.Job instance at 0x14ef5d0eb820>,34,1,[6 2],48,82,83,34,54
1,<environment.Job instance at 0x14ef5d0eb320>,35,13,[ 2 10],49,83,96,34,67
1,<environment.Job instance at 0x14ef5e2c4aa0>,36,3,[ 1 10],50,96,99,46,70
1,<environment.Job instance at 0x14ef5d217370>,38,2,[1 9],52,73,75,21,73
1,<environment.Job instance at 0x14ef5d1df410>,39,3,[1 7],56,75,78,19,73
1,<environment.Job instance at 0x14ef5d1dfc80>,40,1,[5 1],58,78,79,20,73
1,<environment.Job instance at 0x14ef5d1df140>,42,1,[5 1],60,79,80,19,75
1,<environment.Job instance at 0x14ef5d1df550>,43,2,[1 6],62,99,101,37,75
1,<environment.Job instance at 0x14ef5d1dff50>,44,12,[ 1 10],64,101,113,37,84
1,<environment.Job instance at 0x14efa4535910>,48,13,[5 2],69,113,126,44,97
1,<environment.Job instance at 0x14ef5a85b820>,51,12,[1 8],72,113,125,41,105
1,<environment.Job instance at 0x14ef5cfc2230>,54,2,[10  1],76,126,128,50,105
1,<environment.Job instance at 0x14ef5a3a6190>,57,3,[2 9],80,128,131,48,105
1,<environment.Job instance at 0x14ef5a1f4aa0>,58,3,[1 6],81,131,134,50,105
1,<environment.Job instance at 0x14efb01d3af0>,63,14,[1 8],87,134,148,47,123
1,<environment.Job instance at 0x14ef5e2e71e0>,64,3,[7 2],88,131,134,43,123
1,<environment.Job instance at 0x14ef5e2e3eb0>,65,2,[7 1],89,128,130,39,123
1,<environment.Job instance at 0x14ef5e2e3280>,66,1,[9 2],90,134,135,44,123
1,<environment.Job instance at 0x14ef5b895e10>,67,2,[5 1],91,135,137,44,123
1,<environment.Job instance at 0x14ef59d52cd0>,69,3,[1 5],94,148,151,54,123
1,<environment.Job instance at 0x14ef5a5954b0>,70,15,[10  1],95,151,166,56,137
1,<environment.Job instance at 0x14ef5cf2e550>,73,3,[6 1],100,147,150,47,147
1,<environment.Job instance at 0x14ef59f6d910>,74,3,[8 2],103,166,169,63,147
1,<environment.Job instance at 0x14ef5d291a50>,76,3,[2 5],106,166,169,60,147
1,<environment.Job instance at 0x14ef5d291690>,77,1,[1 6],107,169,170,62,147
1,<environment.Job instance at 0x14ef5d2918c0>,78,2,[8 1],108,169,171,61,147
1,<environment.Job instance at 0x14ef5d291230>,79,2,[1 7],109,170,172,61,147
1,<environment.Job instance at 0x14ef5d291af0>,80,2,[7 2],110,171,173,61,147
1,<environment.Job instance at 0x14ef5d291d20>,81,2,[7 1],111,173,175,62,147
1,<environment.Job instance at 0x14ef5a63d370>,83,2,[ 1 10],113,175,177,62,148
1,<environment.Job instance at 0x14ef5a63dc80>,85,2,[1 5],115,172,174,57,155
1,<environment.Job instance at 0x14ef5a127af0>,86,2,[6 1],116,177,179,61,155
1,<environment.Job instance at 0x14ef5a127f00>,87,3,[2 8],117,177,180,60,155
1,<environment.Job instance at 0x14ef5a127230>,88,3,[1 7],118,180,183,62,155
1,<environment.Job instance at 0x14ef5a127730>,89,3,[1 8],120,183,186,63,157
1,<environment.Job instance at 0x14ef5b8a4af0>,90,3,[7 1],122,179,182,57,157
1,<environment.Job instance at 0x14ef59c8eeb0>,99,14,[2 5],136,186,200,50,171
1,<environment.Job instance at 0x14ef5e376410>,100,3,[2 9],137,200,203,63,174
1,<environment.Job instance at 0x14ef5d290500>,105,3,[6 2],145,182,185,37,174
1,<environment.Job instance at 0x14ef5d0beaf0>,107,3,[10  2],147,203,206,56,177
1,<environment.Job instance at 0x148235ecfa00>,1,3,[1 9],2,2,5,0,2
1,<environment.Job instance at 0x1481df6b3730>,5,3,[9 2],6,6,9,0,6
1,<environment.Job instance at 0x1481df6b3d70>,6,18,[8 1],7,9,27,2,7
1,<environment.Job instance at 0x1481df6b35a0>,11,3,[1 8],13,13,16,0,13
1,<environment.Job instance at 0x1481df6b30a0>,12,3,[1 8],14,16,19,2,14
1,<environment.Job instance at 0x1481dfee7500>,19,3,[6 2],26,27,30,1,26
1,<environment.Job instance at 0x1481dfef07d0>,21,3,[6 1],29,30,33,1,29
1,<environment.Job instance at 0x1481dfdd0910>,25,2,[2 8],34,34,36,0,34
1,<environment.Job instance at 0x1481dfdd0eb0>,26,1,[2 7],35,36,37,1,35
1,<environment.Job instance at 0x1481dfdd0e60>,27,2,[2 7],36,37,39,1,36
1,<environment.Job instance at 0x1481dfe31d20>,29,16,[10  2],39,39,55,0,39
1,<environment.Job instance at 0x1481dfdc0640>,31,3,[9 2],41,55,58,14,41
1,<environment.Job instance at 0x1481dfe36af0>,39,3,[1 5],52,62,65,10,62
1,<environment.Job instance at 0x1481dfe4f460>,42,1,[10  1],56,75,76,19,75
1,<environment.Job instance at 0x1481dfe23af0>,43,3,[7 2],57,76,79,19,75
1,<environment.Job instance at 0x1481dfe237d0>,44,3,[1 8],58,76,79,18,75
1,<environment.Job instance at 0x1481dfe235f0>,45,3,[2 8],60,79,82,19,75
1,<environment.Job instance at 0x1481dfddb320>,46,2,[2 8],61,82,84,21,75
1,<environment.Job instance at 0x1481dfddbc30>,47,1,[1 6],63,84,85,21,75
1,<environment.Job instance at 0x1481dfddb6e0>,48,1,[2 9],65,85,86,20,75
1,<environment.Job instance at 0x1481dfdd85f0>,49,16,[8 2],66,86,102,20,75
1,<environment.Job instance at 0x1481dfdd84b0>,50,12,[9 1],68,102,114,34,85
1,<environment.Job instance at 0x1481dfdd8dc0>,51,2,[8 2],69,114,116,45,87
1,<environment.Job instance at 0x1481dfdd8f50>,52,2,[1 7],72,87,89,15,87
1,<environment.Job instance at 0x1481dfdd8730>,53,3,[6 1],73,116,119,43,90
1,<environment.Job instance at 0x1481dfdd8be0>,54,2,[2 5],75,90,92,15,90
1,<environment.Job instance at 0x1481dfdec8c0>,56,1,[10  2],79,119,120,40,99
1,<environment.Job instance at 0x1481dfdbe690>,58,15,[2 9],82,120,135,38,106
1,<environment.Job instance at 0x1481dfdd6c80>,59,1,[1 9],85,106,107,21,106
1,<environment.Job instance at 0x1481dfde4730>,60,17,[8 1],86,120,137,34,108
1,<environment.Job instance at 0x1481dfde4230>,61,3,[1 5],87,108,111,21,108
1,<environment.Job instance at 0x1481dfde6820>,62,3,[9 2],88,137,140,49,111
1,<environment.Job instance at 0x1481dfde68c0>,63,3,[10  1],89,140,143,51,114
1,<environment.Job instance at 0x1481dfe3b550>,64,12,[9 1],91,143,155,52,126
1,<environment.Job instance at 0x1481df928c80>,66,3,[1 9],93,143,146,50,127
1,<environment.Job instance at 0x1481df921f50>,68,3,[1 9],95,146,149,51,127
1,<environment.Job instance at 0x1481df911280>,71,3,[2 9],99,155,158,56,129
1,<environment.Job instance at 0x1481dfde1b40>,78,3,[2 9],110,158,161,48,132
1,<environment.Job instance at 0x1481dfde19b0>,81,3,[ 2 10],114,161,164,47,135
1,<environment.Job instance at 0x1481df6b0d70>,83,1,[10  1],117,164,165,47,136
1,<environment.Job instance at 0x1481df6b00a0>,85,1,[7 2],120,165,166,45,137
1,<environment.Job instance at 0x1481df6b0be0>,86,2,[1 8],121,137,139,16,137
1,<environment.Job instance at 0x1481df6b05f0>,88,1,[1 5],123,139,140,16,137
1,<environment.Job instance at 0x1481df6b0fa0>,89,2,[1 9],126,149,151,23,137
1,<environment.Job instance at 0x1481df6af4b0>,90,1,[2 7],127,165,166,38,137
1,<environment.Job instance at 0x1481df6ae410>,95,3,[2 8],132,166,169,34,153
1,<environment.Job instance at 0x1481df6aecd0>,96,12,[9 2],134,169,181,35,153
1,<environment.Job instance at 0x1481df6bd640>,97,15,[10  2],135,181,196,46,167
1,<environment.Job instance at 0x1481df6c75f0>,101,13,[2 9],140,196,209,56,180
1,<environment.Job instance at 0x1481df6c76e0>,102,1,[2 8],141,209,210,68,181
1,<environment.Job instance at 0x1481df6c7af0>,105,1,[8 2],144,209,210,65,182
1,<environment.Job instance at 0x1481df6c9370>,113,3,[5 2],156,210,213,54,200
1,<environment.Job instance at 0x1481df6c9410>,114,15,[9 2],157,213,228,56,200
1,<environment.Job instance at 0x1481dfe13320>,37,2,[ 1 10],50,694,696,644,694
1,<environment.Job instance at 0x1481dfdd0500>,0,3,[9 1],3,3,6,0,3
1,<environment.Job instance at 0x1481e1f565f0>,8,27,[1 8],13,24,51,11,24
1,<environment.Job instance at 0x1481e1f56640>,9,3,[1 9],14,51,54,37,25
1,<environment.Job instance at 0x1481e1f5df00>,10,2,[7 2],15,25,27,10,25
1,<environment.Job instance at 0x1481e1f63c80>,13,3,[5 1],23,27,30,4,25
1,<environment.Job instance at 0x1481e1f63460>,18,3,[5 2],32,39,42,7,39
1,<environment.Job instance at 0x1481e1f680a0>,23,19,[ 1 10],38,60,79,22,60
1,<environment.Job instance at 0x1481e1f68500>,24,2,[9 1],39,79,81,40,60
1,<environment.Job instance at 0x1481e1f6c050>,25,3,[5 2],40,81,84,41,60
1,<environment.Job instance at 0x1481e1f6c8c0>,26,2,[ 1 10],41,84,86,43,60
1,<environment.Job instance at 0x1481e1f6cb90>,28,1,[1 7],43,79,80,36,67
1,<environment.Job instance at 0x1481e1f6c0a0>,30,15,[1 7],45,86,101,41,72
1,<environment.Job instance at 0x1481e1f6cd20>,31,3,[ 2 10],47,101,104,54,75
1,<environment.Job instance at 0x1481e1f6c820>,32,14,[10  1],49,104,118,55,89
1,<environment.Job instance at 0x1481e1f6c190>,35,3,[8 1],52,89,92,37,89
1,<environment.Job instance at 0x1481e21f5fa0>,39,3,[ 2 10],57,118,121,61,92
1,<environment.Job instance at 0x1481e20fd550>,44,1,[2 6],63,121,122,58,102
1,<environment.Job instance at 0x1481e20fdc30>,45,16,[9 1],66,122,138,56,109
1,<environment.Job instance at 0x1481e20fd370>,47,1,[9 1],71,138,139,67,118
1,<environment.Job instance at 0x1481e20fd640>,48,12,[1 5],72,122,134,50,118
1,<environment.Job instance at 0x1481e20fd280>,49,2,[6 2],73,139,141,66,118
1,<environment.Job instance at 0x1481e20fdb90>,50,1,[9 1],75,141,142,66,118
1,<environment.Job instance at 0x1481e20fd820>,51,2,[8 1],76,142,144,66,118
1,<environment.Job instance at 0x1481e1ea95a0>,52,1,[ 1 10],77,144,145,67,118
1,<environment.Job instance at 0x1481e1ea9230>,54,3,[1 5],80,134,137,54,118
1,<environment.Job instance at 0x1481e1ea9c30>,55,2,[10  2],81,145,147,64,118
1,<environment.Job instance at 0x1481e1ea9be0>,56,3,[2 8],85,147,150,62,121
1,<environment.Job instance at 0x1481e1ea9410>,57,1,[2 6],86,139,140,53,121
1,<environment.Job instance at 0x1481e1ea95f0>,58,2,[1 6],87,137,139,50,121
1,<environment.Job instance at 0x1481e1ed8820>,61,18,[10  1],96,150,168,54,139
1,<environment.Job instance at 0x1481e1e9e870>,65,3,[8 1],102,147,150,45,139
1,<environment.Job instance at 0x1481e1e9e230>,66,1,[7 2],103,168,169,65,140
1,<environment.Job instance at 0x1481e36e7870>,1,3,[1 9],2,2,5,0,2
1,<environment.Job instance at 0x1481e1e9f0f0>,2,1,[6 1],3,4,5,1,4
1,<environment.Job instance at 0x1481dfe73b40>,4,3,[1 7],9,9,12,0,9
1,<environment.Job instance at 0x1481dfe73a00>,6,20,[8 2],12,12,32,0,12
1,<environment.Job instance at 0x1481dfec00f0>,7,2,[10  1],13,32,34,19,13
1,<environment.Job instance at 0x1481e2096dc0>,8,3,[1 9],14,34,37,20,14
1,<environment.Job instance at 0x1481e2096e60>,9,3,[1 8],18,18,21,0,18
1,<environment.Job instance at 0x1481e1dffeb0>,11,2,[9 2],22,37,39,15,22
1,<environment.Job instance at 0x1481e1dffc80>,12,3,[5 2],23,39,42,16,23
1,<environment.Job instance at 0x1481e1dffb40>,14,1,[ 2 10],25,42,43,17,26
1,<environment.Job instance at 0x1481e1f5d500>,18,12,[2 9],33,43,55,10,36
1,<environment.Job instance at 0x1481e202a6e0>,21,15,[8 2],36,55,70,19,41
1,<environment.Job instance at 0x1481e21ac8c0>,22,17,[10  1],38,70,87,32,58
1,<environment.Job instance at 0x1481e21accd0>,25,3,[2 7],43,58,61,15,58
1,<environment.Job instance at 0x1481e1f56fa0>,28,2,[1 9],51,344,346,293,344
1,<environment.Job instance at 0x1481e1f568c0>,29,2,[1 6],52,346,348,294,344
1,<environment.Job instance at 0x1481e1f569b0>,30,1,[1 9],53,348,349,295,344
1,<environment.Job instance at 0x1481e1f56b90>,31,3,[1 8],54,349,352,295,344
1,<environment.Job instance at 0x1481e1f56f50>,32,1,[9 2],55,346,347,291,344
1,<environment.Job instance at 0x1481e1f56320>,33,18,[ 1 10],56,352,370,296,344
1,<environment.Job instance at 0x1481e1f56e10>,34,2,[1 6],58,370,372,312,344
1,<environment.Job instance at 0x1481e21a0960>,35,3,[ 2 10],60,372,375,312,346
1,<environment.Job instance at 0x1481e21a0d70>,36,1,[7 2],61,347,348,286,346
1,<environment.Job instance at 0x1481e21a0e10>,37,3,[9 1],62,348,351,286,346
1,<environment.Job instance at 0x1481e216a640>,39,1,[6 2],65,370,371,305,361
1,<environment.Job instance at 0x1481e216acd0>,40,3,[2 7],66,375,378,309,361
1,<environment.Job instance at 0x1481e216ae60>,42,2,[ 1 10],69,378,380,309,361
1,<environment.Job instance at 0x1481e216a4b0>,43,3,[10  2],70,380,383,310,361
1,<environment.Job instance at 0x1481e216adc0>,44,2,[2 9],71,383,385,312,361
1,<environment.Job instance at 0x1481e216ad70>,45,3,[9 1],74,385,388,311,361
1,<environment.Job instance at 0x1481e21f8c30>,47,16,[1 5],78,385,401,307,372
1,<environment.Job instance at 0x1481e21f8dc0>,48,3,[5 1],80,375,378,295,372
1,<environment.Job instance at 0x1481e21f83c0>,50,2,[5 1],83,383,385,300,377
1,<environment.Job instance at 0x1481e21f8320>,51,1,[2 7],84,401,402,317,377
1,<environment.Job instance at 0x1481e21f8550>,52,2,[10  2],85,402,404,317,377
1,<environment.Job instance at 0x1481e21f8d70>,53,2,[6 1],86,388,390,302,377
1,<environment.Job instance at 0x1481e21f8b90>,54,3,[9 2],88,390,393,302,377
1,<environment.Job instance at 0x1481e21f8410>,55,3,[6 2],91,393,396,302,377
1,<environment.Job instance at 0x1481e21f8190>,56,2,[5 2],92,396,398,304,377
1,<environment.Job instance at 0x1481e21f84b0>,57,3,[1 7],93,404,407,311,378
1,<environment.Job instance at 0x1481e21f81e0>,58,2,[9 2],95,398,400,303,378
1,<environment.Job instance at 0x1481e21f8c80>,59,1,[7 2],96,400,401,304,378
1,<environment.Job instance at 0x1481e21f8a50>,60,3,[1 7],98,407,410,309,381
1,<environment.Job instance at 0x1481e21aeb40>,63,3,[6 1],103,404,407,301,390
1,<environment.Job instance at 0x1481e21ae3c0>,65,2,[2 9],105,410,412,305,390
1,<environment.Job instance at 0x1481e21657d0>,66,2,[2 5],106,412,414,306,390
1,<environment.Job instance at 0x1481e21656e0>,68,12,[5 2],108,412,424,304,406
1,<environment.Job instance at 0x1481e2165a00>,69,3,[8 1],109,407,410,298,406
1,<environment.Job instance at 0x1481e2165cd0>,70,3,[8 1],113,424,427,311,406
1,<environment.Job instance at 0x1481e3315730>,71,1,[10  1],114,427,428,313,406
1,<environment.Job instance at 0x1481e212f2d0>,73,15,[2 8],118,428,443,310,414
1,<environment.Job instance at 0x1481e212fb40>,79,3,[2 9],127,443,446,316,435
1,<environment.Job instance at 0x1481e216d320>,81,3,[1 5],130,446,449,316,435
1,<environment.Job instance at 0x1481e216d370>,83,3,[2 8],132,449,452,317,435
1,<environment.Job instance at 0x1481dfe86c80>,85,16,[2 6],136,452,468,316,441
1,<environment.Job instance at 0x1481dfe86370>,86,3,[1 6],137,468,471,331,442
1,<environment.Job instance at 0x1481dfe86690>,88,14,[9 1],140,468,482,328,453
1,<environment.Job instance at 0x1481dfe86780>,89,3,[10  1],141,482,485,341,456
1,<environment.Job instance at 0x1481e20e3230>,92,3,[1 9],144,471,474,327,456
1,<environment.Job instance at 0x1481e20e3e10>,93,2,[1 8],146,474,476,328,456
1,<environment.Job instance at 0x1481e20e3af0>,94,2,[1 5],148,476,478,328,456
1,<environment.Job instance at 0x1481e20e36e0>,95,15,[10  1],149,485,500,336,471
1,<environment.Job instance at 0x1481e20f8370>,100,3,[10  1],156,500,503,344,492
1,<environment.Job instance at 0x1481e20f8730>,101,3,[10  2],157,503,506,346,492
1,<environment.Job instance at 0x1481e202a230>,20,2,[ 2 10],35,581,583,546,581
1,<environment.Job instance at 0x1481e3260410>,0,2,[1 7],1,1,3,0,1
1,<environment.Job instance at 0x1481e5e4eaa0>,2,18,[8 2],3,3,21,0,3
1,<environment.Job instance at 0x1481e3260190>,3,3,[1 6],4,4,7,0,4
1,<environment.Job instance at 0x1481e335b320>,5,2,[ 1 10],6,21,23,15,6
1,<environment.Job instance at 0x1481e335b050>,9,3,[6 1],10,23,26,13,10
1,<environment.Job instance at 0x1481e335baf0>,11,3,[2 8],12,12,15,0,12
1,<environment.Job instance at 0x1481df147370>,30,3,[10  2],39,39,42,0,39
1,<environment.Job instance at 0x1481df147f50>,32,15,[1 8],42,42,57,0,42
1,<environment.Job instance at 0x1481df147e10>,33,3,[1 7],43,57,60,14,43
1,<environment.Job instance at 0x1481df147dc0>,36,17,[9 2],48,67,84,19,67
1,<environment.Job instance at 0x1481df1472d0>,40,3,[2 7],52,84,87,32,67
1,<environment.Job instance at 0x1481e0944410>,48,3,[1 7],63,67,70,4,67
1,<environment.Job instance at 0x1481e09445a0>,50,14,[1 6],65,70,84,5,67
1,<environment.Job instance at 0x1481e09440a0>,51,17,[9 1],66,87,104,21,75
1,<environment.Job instance at 0x1481e0944aa0>,52,3,[5 1],67,84,87,17,75
1,<environment.Job instance at 0x1481e20f8f00>,53,1,[10  1],68,104,105,36,76
1,<environment.Job instance at 0x1481e20f8aa0>,54,1,[1 8],69,87,88,18,76
1,<environment.Job instance at 0x1481e20f8690>,55,12,[9 2],70,105,117,35,88
1,<environment.Job instance at 0x1481e20f8e60>,64,13,[5 1],81,117,130,36,101
1,<environment.Job instance at 0x1481df9291e0>,65,2,[1 8],82,101,103,19,101
1,<environment.Job instance at 0x1481df184370>,70,3,[7 1],87,130,133,43,104
1,<environment.Job instance at 0x1481df184cd0>,71,13,[10  1],88,133,146,45,117
1,<environment.Job instance at 0x1481dfe57be0>,75,3,[7 1],96,146,149,50,127
1,<environment.Job instance at 0x1481dfe57730>,76,3,[2 8],97,127,130,30,127
1,<environment.Job instance at 0x1481dfe575f0>,78,16,[10  1],99,149,165,50,136
1,<environment.Job instance at 0x1481dfe57550>,79,3,[2 9],100,146,149,46,136
1,<environment.Job instance at 0x1481dfddbaa0>,81,12,[7 1],104,165,177,61,148
1,<environment.Job instance at 0x1481dfddbe60>,82,3,[10  1],107,177,180,70,151
1,<environment.Job instance at 0x1481dfddb3c0>,83,3,[6 1],109,180,183,71,154
1,<environment.Job instance at 0x1481dfddbc30>,87,1,[7 1],116,183,184,67,155
1,<environment.Job instance at 0x1481dfddb910>,88,2,[5 1],117,184,186,67,157
1,<environment.Job instance at 0x1482240dedc0>,90,3,[5 2],120,184,187,64,165
1,<environment.Job instance at 0x1481e1ee9fa0>,91,12,[1 5],121,165,177,44,165
1,<environment.Job instance at 0x1481dfe29640>,92,13,[7 2],122,187,200,65,171
1,<environment.Job instance at 0x1481e1ee90f0>,93,3,[8 1],123,200,203,77,174
1,<environment.Job instance at 0x1481e1ee9780>,94,3,[2 6],126,180,183,54,174
1,<environment.Job instance at 0x1481e78c1be0>,98,3,[2 9],134,200,203,66,175
1,<environment.Job instance at 0x1481e95eac80>,99,1,[10  2],135,203,204,68,175
1,<environment.Job instance at 0x1481df0ae8c0>,102,2,[ 1 10],140,204,206,64,190
1,<environment.Job instance at 0x1481dfe775a0>,103,16,[ 2 10],142,206,222,64,193
1,<environment.Job instance at 0x1481e9608c80>,104,3,[10  2],143,222,225,79,196
1,<environment.Job instance at 0x1481e95801e0>,105,2,[1 6],147,196,198,49,196
1,<environment.Job instance at 0x1481df921e10>,106,3,[1 9],148,225,228,77,199
1,<environment.Job instance at 0x14822460b140>,109,3,[10  2],154,228,231,74,214
1,<environment.Job instance at 0x1481e78e4730>,1,3,[9 1],2,2,5,0,2
1,<environment.Job instance at 0x1481ea371820>,3,2,[5 2],4,5,7,1,4
1,<environment.Job instance at 0x1481ea3710f0>,5,21,[1 8],6,6,27,0,6
1,<environment.Job instance at 0x1481ea371230>,7,2,[6 1],9,9,11,0,9
1,<environment.Job instance at 0x1481df24bc80>,8,2,[ 1 10],10,27,29,17,10
1,<environment.Job instance at 0x1481df24b0a0>,9,3,[9 2],12,12,15,0,12
1,<environment.Job instance at 0x1481df24b8c0>,10,2,[5 1],13,15,17,2,13
1,<environment.Job instance at 0x1481df24be60>,11,17,[1 9],14,29,46,15,22
1,<environment.Job instance at 0x1481ea2f4f50>,15,1,[5 1],23,23,24,0,23
1,<environment.Job instance at 0x1481ea2f45f0>,16,13,[10  1],25,46,59,21,30
1,<environment.Job instance at 0x1481df672410>,18,1,[10  2],28,59,60,31,31
1,<environment.Job instance at 0x1481df91c3c0>,19,3,[2 8],29,60,63,31,34
1,<environment.Job instance at 0x1481e22aa230>,21,2,[8 2],35,60,62,25,35
1,<environment.Job instance at 0x1481e341f410>,23,3,[6 2],37,62,65,25,37
1,<environment.Job instance at 0x1481e341f280>,24,1,[8 1],39,39,40,0,39
1,<environment.Job instance at 0x1481e2087780>,25,3,[1 9],41,65,68,24,41
1,<environment.Job instance at 0x1481e1e16a00>,1,2,[5 1],2,2,4,0,2
1,<environment.Job instance at 0x1481e5e755a0>,3,17,[9 1],6,6,23,0,6
1,<environment.Job instance at 0x1481e32931e0>,7,3,[2 6],11,23,26,12,11
1,<environment.Job instance at 0x1481e3293d70>,10,2,[7 2],15,23,25,8,15
1,<environment.Job instance at 0x1481e3293410>,11,2,[9 2],16,26,28,10,16
1,<environment.Job instance at 0x1481e3293eb0>,12,3,[5 1],17,28,31,11,17
1,<environment.Job instance at 0x1481dfd83820>,20,16,[6 1],27,182,198,155,182
1,<environment.Job instance at 0x1481dfd83e60>,21,1,[8 2],28,198,199,170,182
1,<environment.Job instance at 0x1481dfd83960>,22,1,[5 2],29,199,200,170,182
1,<environment.Job instance at 0x1481dfd83050>,23,1,[7 1],30,200,201,170,182
1,<environment.Job instance at 0x1481dfd83eb0>,24,1,[1 8],31,182,183,151,182
1,<environment.Job instance at 0x1481dfd83c30>,25,2,[6 2],32,201,203,169,182
1,<environment.Job instance at 0x1481dfd833c0>,27,1,[6 2],35,203,204,168,182
1,<environment.Job instance at 0x1481dfd83e10>,28,3,[8 2],36,204,207,168,182
1,<environment.Job instance at 0x1481dfd835a0>,29,2,[ 1 10],38,207,209,169,182
1,<environment.Job instance at 0x1481dfd83fa0>,30,13,[10  1],39,209,222,170,193
1,<environment.Job instance at 0x1481dfd83870>,33,2,[7 2],42,222,224,180,195
1,<environment.Job instance at 0x1481dfd83460>,34,3,[10  1],43,224,227,181,198
1,<environment.Job instance at 0x1481dfd836e0>,35,3,[6 1],44,227,230,183,201
1,<environment.Job instance at 0x1481dfd83500>,37,3,[2 7],46,202,205,156,202
1,<environment.Job instance at 0x1481dfd834b0>,38,1,[5 1],47,230,231,183,202
1,<environment.Job instance at 0x1481dfd83c80>,40,3,[5 2],49,230,233,181,204
1,<environment.Job instance at 0x1481dfe57140>,42,3,[2 8],51,227,230,176,205
1,<environment.Job instance at 0x1481dfe57e60>,47,3,[10  2],57,233,236,176,212
1,<environment.Job instance at 0x1481dfe57230>,48,3,[2 5],59,236,239,177,212
1,<environment.Job instance at 0x1481dfe57f00>,49,17,[1 7],60,239,256,179,228
1,<environment.Job instance at 0x1481dfe57aa0>,50,3,[7 2],61,236,239,175,228
1,<environment.Job instance at 0x1481dfe57410>,52,2,[2 7],63,231,233,168,229
1,<environment.Job instance at 0x1481dfe57af0>,55,2,[10  1],67,256,258,189,230
1,<environment.Job instance at 0x1481dfe57460>,59,1,[6 1],72,249,250,177,249
1,<environment.Job instance at 0x1481dfe570a0>,60,2,[9 1],74,250,252,176,249
1,<environment.Job instance at 0x1481dfe57b90>,61,19,[1 5],76,258,277,182,249
1,<environment.Job instance at 0x1481dfe571e0>,62,1,[8 1],77,252,253,175,249
1,<environment.Job instance at 0x1481dfe575a0>,63,1,[5 1],79,253,254,174,249
1,<environment.Job instance at 0x1481dfe57dc0>,64,2,[7 2],80,254,256,174,249
1,<environment.Job instance at 0x1481dfdc0f00>,66,3,[1 8],83,277,280,194,270
1,<environment.Job instance at 0x1481dfdc0370>,68,2,[7 2],86,270,272,184,270
1,<environment.Job instance at 0x1481e97a76e0>,70,2,[6 1],89,272,274,183,270
1,<environment.Job instance at 0x1481e97a7a50>,72,15,[10  2],94,280,295,186,270
1,<environment.Job instance at 0x1481e97a78c0>,73,2,[7 2],95,274,276,179,270
1,<environment.Job instance at 0x1481e97a74b0>,74,1,[1 5],97,276,277,179,270
1,<environment.Job instance at 0x1481e97a7f50>,78,2,[1 9],102,326,328,224,326
1,<environment.Job instance at 0x1481e97a7b90>,80,1,[1 8],104,328,329,224,326
1,<environment.Job instance at 0x1481e95ab780>,81,1,[2 9],106,329,330,223,326
1,<environment.Job instance at 0x1481e95ab230>,82,2,[10  2],107,330,332,223,326
1,<environment.Job instance at 0x1481e95ab2d0>,83,1,[6 1],110,326,327,216,326
1,<environment.Job instance at 0x1481e95ab050>,84,1,[7 2],112,328,329,216,326
1,<environment.Job instance at 0x1481e95ab140>,85,2,[2 7],113,332,334,219,326
1,<environment.Job instance at 0x1481e95ab7d0>,86,3,[2 5],114,334,337,220,326
1,<environment.Job instance at 0x1481e95ab690>,89,1,[10  1],118,337,338,219,337
1,<environment.Job instance at 0x1481e95ab0f0>,90,3,[10  1],121,338,341,217,337
1,<environment.Job instance at 0x1481e95abe60>,91,2,[ 2 10],122,341,343,219,337
1,<environment.Job instance at 0x1481e95ab320>,92,3,[9 2],123,343,346,220,337
1,<environment.Job instance at 0x1481e95ab960>,93,1,[1 9],124,346,347,222,337
1,<environment.Job instance at 0x1481e95ab280>,94,1,[8 2],127,347,348,220,337
1,<environment.Job instance at 0x1481e95ab1e0>,96,1,[9 2],130,348,349,218,338
1,<environment.Job instance at 0x1481e95abf50>,97,1,[10  1],131,349,350,218,338
1,<environment.Job instance at 0x1481e95ab550>,100,3,[6 2],136,360,363,224,360
1,<environment.Job instance at 0x1481ea3a3af0>,104,2,[7 1],141,387,389,246,387
1,<environment.Job instance at 0x1481ea3a3cd0>,105,1,[8 1],142,389,390,247,387
1,<environment.Job instance at 0x1481ea3a3e60>,106,2,[10  2],143,390,392,247,387
1,<environment.Job instance at 0x1481ea3a30f0>,107,14,[9 1],144,392,406,248,387
1,<environment.Job instance at 0x1481ea3a3280>,108,3,[9 2],145,406,409,261,387
1,<environment.Job instance at 0x1481ea3a3c30>,109,1,[6 2],147,409,410,262,387
1,<environment.Job instance at 0x1481ea3a3190>,111,2,[2 7],149,387,389,238,387
1,<environment.Job instance at 0x1481ea3a3b40>,112,3,[9 2],151,410,413,259,387
1,<environment.Job instance at 0x1481ea3a3f50>,113,3,[10  1],152,413,416,261,387
1,<environment.Job instance at 0x1481ea3a36e0>,114,17,[1 8],158,392,409,234,388
1,<environment.Job instance at 0x1481e335b3c0>,1,3,[1 9],2,2,5,0,2
1,<environment.Job instance at 0x1481ea2d2be0>,4,3,[2 8],8,8,11,0,8
1,<environment.Job instance at 0x1481ea2d21e0>,5,1,[1 8],10,11,12,1,10
1,<environment.Job instance at 0x1481e45d04b0>,6,2,[2 9],11,12,14,1,11
1,<environment.Job instance at 0x1481e45d0e60>,7,2,[8 2],12,14,16,2,12
1,<environment.Job instance at 0x1481e45d06e0>,8,15,[10  1],13,16,31,3,13
1,<environment.Job instance at 0x1481e45d0870>,10,1,[8 2],15,31,32,16,17
1,<environment.Job instance at 0x1481e2091be0>,14,2,[2 6],19,31,33,12,19
1,<environment.Job instance at 0x1481dfec2780>,15,1,[8 1],20,32,33,12,20
1,<environment.Job instance at 0x1481def444b0>,16,1,[7 2],22,33,34,11,22
1,<environment.Job instance at 0x1481e22d2870>,17,12,[6 2],23,34,46,11,23
1,<environment.Job instance at 0x1481e9614460>,18,3,[1 7],24,33,36,9,24
1,<environment.Job instance at 0x1481ea2da960>,19,2,[6 2],26,46,48,20,26
1,<environment.Job instance at 0x1481e961df00>,20,3,[9 1],27,48,51,21,27
1,<environment.Job instance at 0x1481df371dc0>,24,1,[1 9],31,48,49,17,34
1,<environment.Job instance at 0x1481df371280>,26,1,[6 1],33,51,52,18,34
1,<environment.Job instance at 0x1481e3266cd0>,27,3,[5 2],34,52,55,18,34
1,<environment.Job instance at 0x1481e973b140>,28,16,[7 1],35,55,71,20,42
1,<environment.Job instance at 0x1481e973bd20>,29,2,[8 2],36,71,73,35,44
1,<environment.Job instance at 0x1481e973b370>,30,1,[9 2],37,73,74,36,45
1,<environment.Job instance at 0x1481e973bb90>,31,2,[1 7],38,45,47,7,45
1,<environment.Job instance at 0x1481e973bc80>,33,16,[2 9],42,55,71,13,46
1,<environment.Job instance at 0x1481defd53c0>,36,14,[ 1 10],47,74,88,27,68
1,<environment.Job instance at 0x1481defd5140>,37,1,[5 2],48,88,89,40,68
1,<environment.Job instance at 0x1481defd5e60>,38,1,[8 2],49,89,90,40,68
1,<environment.Job instance at 0x1481defd5eb0>,39,2,[7 2],51,90,92,39,68
1,<environment.Job instance at 0x1481defd56e0>,40,3,[6 1],53,92,95,39,68
1,<environment.Job instance at 0x1481defd55a0>,41,2,[10  1],54,95,97,41,68
1,<environment.Job instance at 0x1481defd5190>,42,1,[9 1],55,97,98,42,69
1,<environment.Job instance at 0x1481defd5780>,43,3,[5 1],56,98,101,42,72
1,<environment.Job instance at 0x1481defd5820>,44,3,[1 6],57,88,91,31,72
1,<environment.Job instance at 0x1481e3400a00>,47,2,[7 1],61,101,103,40,95
1,<environment.Job instance at 0x1481df373500>,48,3,[9 1],66,103,106,37,95
1,<environment.Job instance at 0x1481df373820>,49,13,[2 5],68,106,119,38,95
1,<environment.Job instance at 0x1481e36c8960>,50,2,[1 8],69,97,99,28,95
1,<environment.Job instance at 0x1481e36c8140>,51,1,[2 6],70,99,100,29,95
1,<environment.Job instance at 0x1481df311140>,52,2,[9 2],73,119,121,46,95
1,<environment.Job instance at 0x1481df311500>,53,1,[ 2 10],77,121,122,44,95
1,<environment.Job instance at 0x1481df3114b0>,56,3,[1 8],81,202,205,121,202
1,<environment.Job instance at 0x1481e33635a0>,58,16,[9 1],84,202,218,118,202
1,<environment.Job instance at 0x1481e341c690>,59,12,[7 2],86,218,230,132,202
1,<environment.Job instance at 0x1481def036e0>,70,3,[2 8],103,218,221,115,204
1,<environment.Job instance at 0x1481def03960>,71,3,[8 2],105,230,233,125,204
1,<environment.Job instance at 0x1481def03d70>,78,3,[ 2 10],115,233,236,118,207
1,<environment.Job instance at 0x1481def038c0>,79,2,[2 7],116,221,223,105,207
1,<environment.Job instance at 0x1481def03d20>,81,2,[10  2],118,236,238,118,215
1,<environment.Job instance at 0x1481def03500>,82,2,[1 7],119,215,217,96,215
1,<environment.Job instance at 0x1481def030f0>,83,3,[2 8],120,223,226,103,215
1,<environment.Job instance at 0x1481def03320>,84,2,[6 2],121,238,240,117,215
1,<environment.Job instance at 0x1481def03690>,85,1,[7 1],124,240,241,116,215
1,<environment.Job instance at 0x1481def03460>,86,2,[5 2],125,241,243,116,215
1,<environment.Job instance at 0x1481def03b40>,88,3,[6 1],127,243,246,116,221
1,<environment.Job instance at 0x1481def03910>,89,2,[ 1 10],128,246,248,118,221
1,<environment.Job instance at 0x1481df045690>,90,1,[7 1],129,248,249,119,221
1,<environment.Job instance at 0x1481df045e60>,91,1,[2 6],132,226,227,94,221
1,<environment.Job instance at 0x1481df045fa0>,92,2,[10  2],133,249,251,116,222
1,<environment.Job instance at 0x1481df045f50>,93,1,[5 1],134,241,242,107,222
1,<environment.Job instance at 0x1481df045500>,94,2,[8 2],135,251,253,116,224
1,<environment.Job instance at 0x1481df045960>,95,1,[6 1],136,253,254,117,225
1,<environment.Job instance at 0x1481df045a00>,96,3,[8 1],138,254,257,116,228
1,<environment.Job instance at 0x1481df045c80>,98,2,[8 2],143,257,259,114,231
1,<environment.Job instance at 0x1481df045af0>,100,3,[2 6],147,251,254,104,244
1,<environment.Job instance at 0x1481df045f00>,107,1,[1 7],158,278,279,120,278
1,<environment.Job instance at 0x1481df4aff00>,22,14,[ 2 10],29,2156,2170,2127,2156
1,<environment.Job instance at 0x1481e95aa190>,6,3,[ 1 10],11,11,14,0,11
1,<environment.Job instance at 0x1481e95aab40>,7,1,[8 2],12,14,15,2,12
1,<environment.Job instance at 0x1481e95aaaa0>,8,18,[9 1],13,15,33,2,13
1,<environment.Job instance at 0x148224106910>,9,2,[8 1],15,33,35,18,15
1,<environment.Job instance at 0x1481e95aa370>,12,1,[2 6],19,33,34,14,19
1,<environment.Job instance at 0x1481e2133190>,13,3,[1 5],20,20,23,0,20
1,<environment.Job instance at 0x1481e2133aa0>,14,3,[8 2],23,35,38,12,23
1,<environment.Job instance at 0x1481df23ba00>,16,3,[2 8],25,34,37,9,25
1,<environment.Job instance at 0x1481e1f22910>,17,2,[7 1],26,38,40,12,26
1,<environment.Job instance at 0x1481e369e730>,19,1,[1 7],30,30,31,0,30
1,<environment.Job instance at 0x1481e22b7be0>,20,21,[9 1],31,40,61,9,32
1,<environment.Job instance at 0x1481df6b3870>,22,15,[10  2],33,61,76,28,47
1,<environment.Job instance at 0x1481e3240140>,25,3,[5 1],37,76,79,39,50
1,<environment.Job instance at 0x1481e1fc2910>,31,3,[9 1],46,79,82,33,53
1,<environment.Job instance at 0x1481e1f45d20>,35,3,[ 2 10],51,82,85,31,68
1,<environment.Job instance at 0x1481e1f45190>,37,1,[9 2],54,85,86,31,70
1,<environment.Job instance at 0x1481e1f45dc0>,38,1,[2 8],55,76,77,21,70
1,<environment.Job instance at 0x1481e1f45370>,39,1,[5 1],56,77,78,21,70
1,<environment.Job instance at 0x1481e1f451e0>,40,1,[8 1],58,86,87,28,70
1,<environment.Job instance at 0x1481e1f45aa0>,41,1,[1 8],60,78,79,18,70
1,<environment.Job instance at 0x1481e45cdaa0>,43,3,[1 9],62,79,82,17,70
1,<environment.Job instance at 0x1481e45cdcd0>,45,1,[7 2],65,87,88,22,70
1,<environment.Job instance at 0x1481e45cd320>,46,1,[10  1],66,88,89,22,70
1,<environment.Job instance at 0x1481e45cdeb0>,47,3,[2 5],68,89,92,21,70
1,<environment.Job instance at 0x1481e45cd9b0>,48,2,[6 2],69,89,91,20,70
1,<environment.Job instance at 0x1481e1eb0190>,50,3,[2 9],71,92,95,21,88
1,<environment.Job instance at 0x1481e1eb00a0>,51,1,[1 6],72,95,96,23,88
1,<environment.Job instance at 0x1481e1eb0af0>,52,1,[10  1],73,96,97,23,88
1,<environment.Job instance at 0x1481e1eb0050>,54,1,[7 1],75,91,92,16,88
1,<environment.Job instance at 0x1481e5e467d0>,55,3,[9 2],76,97,100,21,88
1,<environment.Job instance at 0x1481e8f49820>,56,2,[1 8],77,97,99,20,88
1,<environment.Job instance at 0x1482245ccb40>,58,3,[2 5],79,100,103,21,88
1,<environment.Job instance at 0x1481e78e4550>,59,2,[8 1],80,92,94,12,88
1,<environment.Job instance at 0x1481e8f62820>,60,27,[6 1],81,100,127,19,98
1,<environment.Job instance at 0x1481ea27feb0>,64,2,[2 9],85,121,123,36,121
1,<environment.Job instance at 0x1481e204daf0>,66,3,[7 2],88,127,130,39,121
1,<environment.Job instance at 0x1481e20bb0f0>,67,17,[ 2 10],89,130,147,41,126
1,<environment.Job instance at 0x1481e20bbf00>,68,1,[1 8],92,126,127,34,126
1,<environment.Job instance at 0x1481e3395f00>,70,1,[6 1],95,147,148,52,127
1,<environment.Job instance at 0x1481defd1320>,72,2,[1 7],99,147,149,48,134
1,<environment.Job instance at 0x1481defd1960>,73,3,[7 1],100,148,151,48,134
1,<environment.Job instance at 0x1481e45e4c80>,74,1,[6 1],101,151,152,50,134
1,<environment.Job instance at 0x1481e45e4870>,76,3,[2 9],103,149,152,46,136
1,<environment.Job instance at 0x1481e45e4820>,80,2,[1 8],109,156,158,47,156
1,<environment.Job instance at 0x1481e45e4190>,81,2,[1 5],110,158,160,48,156
1,<environment.Job instance at 0x1481e45e4230>,83,2,[9 1],112,156,158,44,156
1,<environment.Job instance at 0x1481e1df3780>,84,3,[9 2],113,158,161,45,156
1,<environment.Job instance at 0x1481e1df3fa0>,85,17,[5 2],114,161,178,47,156
1,<environment.Job instance at 0x1481e1df3230>,89,2,[2 6],119,161,163,42,156
1,<environment.Job instance at 0x1481e1df3aa0>,91,2,[5 1],122,163,165,41,156
1,<environment.Job instance at 0x1481e1df3d20>,92,2,[8 2],123,178,180,55,156
1,<environment.Job instance at 0x1481e093f6e0>,94,14,[1 9],126,180,194,54,168
1,<environment.Job instance at 0x1481ea23b3c0>,97,12,[2 9],129,194,206,65,177
1,<environment.Job instance at 0x1481ea23b6e0>,99,3,[1 6],131,206,209,75,187
1,<environment.Job instance at 0x1481ea23bb40>,101,17,[7 1],134,188,205,54,188
1,<environment.Job instance at 0x148224a116e0>,103,3,[1 5],138,209,212,71,190
1,<environment.Job instance at 0x1481e37895a0>,104,1,[10  1],139,212,213,73,190
1,<environment.Job instance at 0x1481e3789820>,107,1,[1 6],142,213,214,71,198
1,<environment.Job instance at 0x1481e3789550>,108,14,[1 8],143,214,228,71,199
1,<environment.Job instance at 0x1481e3789c80>,109,2,[5 1],144,205,207,61,199
1,<environment.Job instance at 0x1481e37895f0>,110,2,[7 2],145,207,209,62,199
1,<environment.Job instance at 0x1481e3789a00>,111,1,[1 6],146,228,229,82,200
1,<environment.Job instance at 0x1481e37898c0>,112,3,[2 6],147,229,232,82,203
1,<environment.Job instance at 0x1481e3789dc0>,113,3,[1 9],148,232,235,84,206
1,<environment.Job instance at 0x1481e3789780>,114,3,[6 1],149,209,212,60,206
1,<environment.Job instance at 0x1481e3789960>,115,15,[6 1],155,213,228,58,206
1,<environment.Job instance at 0x1481e3789320>,116,2,[7 1],156,228,230,72,206
1,<environment.Job instance at 0x1482240b4a00>,1,1,[5 1],2,2,3,0,2
1,<environment.Job instance at 0x1481e95aa5a0>,2,12,[ 1 10],3,3,15,0,3
1,<environment.Job instance at 0x1481e2331640>,3,2,[1 7],4,15,17,11,4
1,<environment.Job instance at 0x1481e95aa9b0>,4,1,[6 2],7,15,16,8,7
1,<environment.Job instance at 0x1481ea22ffa0>,5,3,[5 2],8,16,19,8,8
1,<environment.Job instance at 0x1481e36936e0>,6,15,[8 1],9,19,34,10,9
1,<environment.Job instance at 0x1481e3693be0>,7,3,[2 7],10,17,20,7,10
1,<environment.Job instance at 0x1481ea22faa0>,8,2,[8 2],12,34,36,22,12
1,<environment.Job instance at 0x1481e3693780>,12,1,[7 2],22,36,37,14,22
1,<environment.Job instance at 0x1481e093ca00>,14,2,[2 9],24,24,26,0,24
1,<environment.Job instance at 0x1481debf2410>,15,3,[2 6],25,26,29,1,25
1,<environment.Job instance at 0x1481e093cb40>,16,2,[7 1],27,37,39,10,27
1,<environment.Job instance at 0x1481deb00c30>,19,3,[1 9],31,31,34,0,31
1,<environment.Job instance at 0x1481df05dc80>,21,3,[8 1],34,39,42,5,34
1,<environment.Job instance at 0x1481df05d370>,22,1,[1 8],35,35,36,0,35
1,<environment.Job instance at 0x1481df13cbe0>,23,1,[10  2],39,42,43,3,39
1,<environment.Job instance at 0x1481df13c8c0>,25,1,[1 5],41,41,42,0,41
1,<environment.Job instance at 0x1481debf8190>,26,3,[7 2],43,43,46,0,43
1,<environment.Job instance at 0x1481debf87d0>,27,1,[2 8],44,44,45,0,44
1,<environment.Job instance at 0x1481debf8e10>,29,3,[10  1],48,48,51,0,48
1,<environment.Job instance at 0x1481debf80a0>,31,3,[7 2],51,51,54,0,51
1,<environment.Job instance at 0x1481dee3a960>,38,1,[1 5],60,84,85,24,84
1,<environment.Job instance at 0x1481dee7dd20>,39,2,[2 8],61,85,87,24,84
1,<environment.Job instance at 0x1481dee7d5f0>,41,3,[2 5],65,96,99,31,96
1,<environment.Job instance at 0x1481e95a7320>,42,18,[5 2],67,96,114,29,96
1,<environment.Job instance at 0x1481dee7d5a0>,43,1,[1 6],68,99,100,31,96
1,<environment.Job instance at 0x1481e95a7280>,44,2,[2 6],70,100,102,30,96
1,<environment.Job instance at 0x1481e22b79b0>,45,2,[6 2],71,114,116,43,96
1,<environment.Job instance at 0x1481e22b7870>,46,3,[2 7],72,102,105,30,96
1,<environment.Job instance at 0x1481e22b7230>,48,3,[10  1],77,116,119,39,96
1,<environment.Job instance at 0x1481e33fcf50>,49,2,[6 1],78,119,121,41,96
1,<environment.Job instance at 0x1481e21fd500>,50,3,[1 5],79,105,108,26,96
1,<environment.Job instance at 0x1481e21fd4b0>,51,2,[10  2],80,121,123,41,96
1,<environment.Job instance at 0x1481df58f640>,52,1,[9 1],81,123,124,42,96
1,<environment.Job instance at 0x1481df58f5a0>,55,3,[2 7],84,108,111,24,97
1,<environment.Job instance at 0x1481e2097be0>,56,1,[7 1],85,124,125,39,97
1,<environment.Job instance at 0x1481e37551e0>,57,2,[7 2],86,125,127,39,98
1,<environment.Job instance at 0x1481df58f820>,58,13,[10  1],88,127,140,39,111
1,<environment.Job instance at 0x1481df1c4050>,59,3,[2 6],89,111,114,22,111
1,<environment.Job instance at 0x1481e22fb690>,64,3,[10  2],97,140,143,43,114
1,<environment.Job instance at 0x1481debfdaf0>,68,3,[9 1],102,143,146,41,117
1,<environment.Job instance at 0x1481debfdc80>,70,1,[2 5],104,125,126,21,125
1,<environment.Job instance at 0x1481debfde60>,72,3,[2 8],107,146,149,39,125
1,<environment.Job instance at 0x1481debfd870>,73,17,[10  1],108,149,166,41,137
1,<environment.Job instance at 0x1481debf3820>,77,3,[1 9],112,143,146,31,137
1,<environment.Job instance at 0x148236020be0>,79,3,[2 9],115,166,169,51,140
1,<environment.Job instance at 0x1481ea372a50>,81,1,[5 1],117,146,147,29,140
1,<environment.Job instance at 0x1481e2038a00>,86,3,[1 9],126,169,172,43,144
1,<environment.Job instance at 0x1481e2038190>,88,3,[2 7],129,172,175,43,146
1,<environment.Job instance at 0x1481e2038b90>,91,3,[1 7],135,175,178,40,156
1,<environment.Job instance at 0x1481e2038500>,92,14,[2 5],137,178,192,41,163
1,<environment.Job instance at 0x1481e2038280>,93,13,[1 5],141,178,191,37,163
1,<environment.Job instance at 0x1481e2038780>,94,2,[6 1],143,166,168,23,163
1,<environment.Job instance at 0x1481defd7e60>,97,3,[2 9],146,192,195,46,176
1,<environment.Job instance at 0x1481defd7140>,99,12,[5 2],149,195,207,46,178
1,<environment.Job instance at 0x1481defd7d70>,100,1,[9 1],150,207,208,57,179
1,<environment.Job instance at 0x1481defd7b90>,102,3,[5 1],153,191,194,38,182
1,<environment.Job instance at 0x1481defd7f50>,105,1,[5 1],156,194,195,38,191
1,<environment.Job instance at 0x1481e20125f0>,106,3,[8 1],157,208,211,51,191
1,<environment.Job instance at 0x1481e2012c80>,108,3,[9 2],159,211,214,52,191
1,<environment.Job instance at 0x1481ea2a2f50>,1,18,[8 1],8,8,26,0,8
1,<environment.Job instance at 0x1481ea2a22d0>,4,2,[2 6],14,14,16,0,14
1,<environment.Job instance at 0x1481ea2a2c80>,5,3,[6 2],16,26,29,10,16
1,<environment.Job instance at 0x1481ea2a23c0>,7,2,[5 1],18,29,31,11,18
1,<environment.Job instance at 0x1481ea2a2460>,8,3,[9 1],19,31,34,12,19
1,<environment.Job instance at 0x1481ea2a2d70>,11,3,[9 2],24,34,37,10,24
1,<environment.Job instance at 0x1481ea288820>,14,3,[1 7],27,27,30,0,27
1,<environment.Job instance at 0x1481ea2889b0>,16,20,[7 2],29,37,57,8,30
1,<environment.Job instance at 0x1481ea288be0>,17,1,[1 9],30,30,31,0,30
1,<environment.Job instance at 0x1481ea288e10>,18,2,[2 6],31,37,39,6,31
1,<environment.Job instance at 0x1481ea288a50>,19,3,[ 2 10],32,57,60,25,32
1,<environment.Job instance at 0x1481ea288910>,22,3,[1 6],37,39,42,2,37
1,<environment.Job instance at 0x1481ea2880a0>,23,2,[1 6],38,42,44,4,38
1,<environment.Job instance at 0x1481df23e6e0>,29,12,[2 9],44,60,72,16,44
1,<environment.Job instance at 0x1481ea2c1820>,35,18,[10  2],59,72,90,13,61
1,<environment.Job instance at 0x1481ea2c1780>,40,3,[5 1],64,64,67,0,64
1,<environment.Job instance at 0x1481ea2c10f0>,41,3,[1 7],65,90,93,25,65
1,<environment.Job instance at 0x1481ea2c1f00>,42,3,[10  2],67,93,96,26,67
1,<environment.Job instance at 0x1481ea2c1410>,43,17,[9 2],69,96,113,27,84
1,<environment.Job instance at 0x1481ea2c15a0>,48,1,[1 8],78,96,97,18,84
1,<environment.Job instance at 0x1481e1ea6a00>,51,2,[7 2],81,90,92,9,88
1,<environment.Job instance at 0x1481e1ea6230>,52,1,[ 2 10],82,113,114,31,88
1,<environment.Job instance at 0x1481e1ea6870>,53,16,[1 7],83,97,113,14,89
1,<environment.Job instance at 0x1481e1ea6f00>,55,3,[10  1],87,114,117,27,100
1,<environment.Job instance at 0x1481e1ea6cd0>,56,1,[9 2],88,117,118,29,100
1,<environment.Job instance at 0x1481e1ea6820>,58,2,[1 5],90,117,119,27,101
1,<environment.Job instance at 0x1481e1ea6b90>,59,13,[1 9],91,119,132,28,103
1,<environment.Job instance at 0x1481e1ea69b0>,60,2,[10  2],92,132,134,40,105
1,<environment.Job instance at 0x1481e1ea6eb0>,62,1,[1 5],95,134,135,39,119
1,<environment.Job instance at 0x1481e1ea6b40>,63,2,[1 9],96,135,137,39,119
1,<environment.Job instance at 0x1481e1ea6500>,64,2,[1 7],99,137,139,38,119
1,<environment.Job instance at 0x1481df5d9af0>,65,3,[1 8],100,139,142,39,119
1,<environment.Job instance at 0x1481df5d9320>,66,19,[5 2],101,137,156,36,127
1,<environment.Job instance at 0x1481df5d9820>,67,2,[2 8],102,142,144,40,127
1,<environment.Job instance at 0x1481df5d9d70>,68,3,[1 7],103,144,147,41,127
1,<environment.Job instance at 0x1481df5d9fa0>,69,2,[6 1],104,127,129,23,127
1,<environment.Job instance at 0x1481df5d9b90>,70,3,[7 2],105,156,159,51,130
1,<environment.Job instance at 0x1481df5d9230>,73,1,[10  1],108,159,160,51,141
1,<environment.Job instance at 0x1481df5d9280>,74,2,[8 2],110,160,162,50,141
1,<environment.Job instance at 0x1481df5d9780>,75,1,[1 6],111,147,148,36,141
1,<environment.Job instance at 0x1481df5d95a0>,76,3,[6 1],112,162,165,50,141
1,<environment.Job instance at 0x1481df5d9690>,77,16,[1 5],113,160,176,47,147
1,<environment.Job instance at 0x1481df5d98c0>,78,3,[2 5],114,148,151,34,147
1,<environment.Job instance at 0x1481df5d9cd0>,79,3,[2 8],116,151,154,35,147
1,<environment.Job instance at 0x1481df5d94b0>,81,3,[1 8],118,176,179,58,159
1,<environment.Job instance at 0x1481ea2b95f0>,82,2,[2 5],120,165,167,45,159
1,<environment.Job instance at 0x1481ea2b9690>,83,3,[1 9],121,179,182,58,159
1,<environment.Job instance at 0x1481ea2b9370>,84,15,[9 1],122,167,182,45,159
1,<environment.Job instance at 0x1481ea2b9820>,85,12,[6 1],123,182,194,59,165
1,<environment.Job instance at 0x1481ea2b94b0>,87,3,[2 8],125,182,185,57,172
1,<environment.Job instance at 0x1481ea2b5410>,92,3,[8 2],131,194,197,63,172
1,<environment.Job instance at 0x1481e1390d70>,93,3,[ 2 10],132,197,200,65,172
1,<environment.Job instance at 0x1481ea2b5b40>,94,2,[9 1],134,200,202,66,173
1,<environment.Job instance at 0x1481e32e9500>,96,3,[1 8],137,185,188,48,173
1,<environment.Job instance at 0x1481e95a68c0>,99,15,[10  1],143,202,217,59,188
1,<environment.Job instance at 0x148224151230>,100,3,[1 8],145,188,191,43,188
1,<environment.Job instance at 0x1481ea2b5aa0>,102,3,[8 1],147,217,220,70,192
1,<environment.Job instance at 0x1481e96adc80>,103,3,[10  1],148,220,223,72,194
1,<environment.Job instance at 0x1481deba0870>,104,3,[1 8],149,194,197,45,194
1,<environment.Job instance at 0x1481e3295b90>,105,2,[2 9],150,217,219,67,194
1,<environment.Job instance at 0x1481e5e5ef50>,106,2,[8 2],151,223,225,72,196
1,<environment.Job instance at 0x1481e8f49140>,107,2,[8 1],152,225,227,73,198
1,<environment.Job instance at 0x1481e31b6460>,110,3,[ 2 10],157,227,230,70,201
1,<environment.Job instance at 0x1481e9727280>,5,1,[6 1],8,8,9,0,8
1,<environment.Job instance at 0x1481e203a2d0>,6,18,[8 2],9,9,27,0,9
1,<environment.Job instance at 0x1481e203a8c0>,8,3,[2 6],11,11,14,0,11
1,<environment.Job instance at 0x1481e338aaf0>,9,3,[2 6],12,14,17,2,12
1,<environment.Job instance at 0x1481df6db050>,10,1,[5 2],13,27,28,14,13
1,<environment.Job instance at 0x1481e203ad20>,11,3,[7 1],14,28,31,14,14
1,<environment.Job instance at 0x1481dfe8eeb0>,12,2,[2 6],15,17,19,2,15
1,<environment.Job instance at 0x1481e203ae10>,13,3,[2 7],17,19,22,2,17
1,<environment.Job instance at 0x1481e36d1960>,14,18,[1 6],18,22,40,4,18
1,<environment.Job instance at 0x1481e227f500>,15,3,[1 5],20,40,43,20,20
1,<environment.Job instance at 0x1481dedab550>,16,2,[2 8],21,43,45,22,21
1,<environment.Job instance at 0x1481e21acbe0>,22,2,[9 1],29,37,39,8,37
1,<environment.Job instance at 0x1481df08a3c0>,23,18,[2 5],30,45,63,15,37
1,<environment.Job instance at 0x1481deaedaa0>,24,3,[10  2],31,63,66,32,37
1,<environment.Job instance at 0x1481e378baf0>,25,1,[6 1],34,39,40,5,37
1,<environment.Job instance at 0x1481e378b640>,26,3,[10  1],35,66,69,31,40
1,<environment.Job instance at 0x1481e8f39f50>,27,3,[6 2],36,40,43,4,40
1,<environment.Job instance at 0x1481df5a1910>,30,3,[10  1],39,69,72,30,49
1,<environment.Job instance at 0x1481df5a1d20>,31,1,[6 1],40,49,50,9,49
1,<environment.Job instance at 0x1481df6d7820>,37,15,[1 8],47,72,87,25,71
1,<environment.Job instance at 0x1481df6d78c0>,38,2,[8 2],48,72,74,24,71
1,<environment.Job instance at 0x1481df6d7190>,39,13,[6 1],49,74,87,25,71
1,<environment.Job instance at 0x1481df6d7fa0>,40,3,[10  1],51,87,90,36,71
1,<environment.Job instance at 0x1481dfdcdd70>,41,14,[6 1],53,90,104,37,75
1,<environment.Job instance at 0x1481dec97af0>,42,2,[10  1],54,104,106,50,77
1,<environment.Job instance at 0x1481dec97820>,43,1,[ 1 10],57,106,107,49,78
1,<environment.Job instance at 0x1481dec97780>,44,1,[5 2],58,107,108,49,79
1,<environment.Job instance at 0x1481dec97aa0>,45,1,[8 1],59,108,109,49,80
1,<environment.Job instance at 0x1481dec97140>,46,14,[1 6],61,90,104,29,80
1,<environment.Job instance at 0x1481dec97b90>,47,12,[1 7],64,107,119,43,90
1,<environment.Job instance at 0x1481df59a050>,48,3,[2 7],65,119,122,54,93
1,<environment.Job instance at 0x1481df59af50>,49,3,[10  2],68,122,125,54,96
1,<environment.Job instance at 0x1481df59a820>,51,3,[8 2],71,109,112,38,99
1,<environment.Job instance at 0x1481decfeb90>,54,1,[8 1],76,112,113,36,99
1,<environment.Job instance at 0x1481decfeaf0>,55,3,[9 1],77,113,116,36,99
1,<environment.Job instance at 0x1481decfe3c0>,56,2,[9 1],79,116,118,37,99
1,<environment.Job instance at 0x1481e231a960>,58,3,[1 7],83,125,128,42,108
1,<environment.Job instance at 0x1481dfd70320>,59,1,[8 2],84,118,119,34,108
1,<environment.Job instance at 0x1481df08f050>,60,2,[10  1],85,128,130,43,108
1,<environment.Job instance at 0x1481df3e98c0>,61,2,[10  1],86,130,132,44,108
1,<environment.Job instance at 0x1481df3e9b90>,62,16,[10  2],87,132,148,45,119
1,<environment.Job instance at 0x1481df3e9640>,63,2,[2 5],88,148,150,60,121
1,<environment.Job instance at 0x1481df456140>,64,1,[1 7],89,150,151,61,122
1,<environment.Job instance at 0x1481df456820>,65,1,[2 9],90,151,152,61,123
1,<environment.Job instance at 0x1481df456cd0>,66,3,[2 9],92,152,155,60,126
1,<environment.Job instance at 0x1481df20a2d0>,67,1,[9 2],93,126,127,33,126
1,<environment.Job instance at 0x1481e45f4a00>,68,1,[7 2],95,127,128,32,126
1,<environment.Job instance at 0x1481df070690>,70,3,[10  2],98,155,158,57,130
1,<environment.Job instance at 0x1481e33022d0>,71,1,[10  2],99,158,159,59,130
1,<environment.Job instance at 0x1481e3302640>,72,2,[7 1],100,148,150,48,130
1,<environment.Job instance at 0x1481e3302280>,75,1,[9 1],104,150,151,46,131
1,<environment.Job instance at 0x1481e3302f50>,77,3,[9 2],106,159,162,53,144
1,<environment.Job instance at 0x1481e3302690>,78,3,[10  2],108,162,165,54,144
1,<environment.Job instance at 0x1481e3302a50>,79,3,[ 1 10],109,165,168,56,144
1,<environment.Job instance at 0x1481ea342cd0>,81,3,[ 2 10],112,168,171,56,144
1,<environment.Job instance at 0x1481ea342e10>,82,2,[2 8],113,171,173,58,144
1,<environment.Job instance at 0x1481ea342640>,83,2,[8 1],114,151,153,37,144
1,<environment.Job instance at 0x1481ea342960>,84,3,[2 8],117,173,176,56,147
1,<environment.Job instance at 0x1481ea342f50>,85,3,[9 1],118,176,179,58,150
1,<environment.Job instance at 0x1481ea3425a0>,86,3,[2 9],120,179,182,59,153
1,<environment.Job instance at 0x1481df575230>,99,3,[6 1],138,171,174,33,160
1,<environment.Job instance at 0x1481df575780>,102,3,[ 2 10],141,182,185,41,160
1,<environment.Job instance at 0x1481deb0b780>,104,1,[9 2],144,185,186,41,165
1,<environment.Job instance at 0x1481deb0b190>,105,3,[2 9],145,186,189,41,165
1,<environment.Job instance at 0x1481deb0be60>,106,3,[2 5],146,189,192,43,165
1,<environment.Job instance at 0x1481deb0b320>,107,3,[1 7],147,176,179,29,165
1,<environment.Job instance at 0x1481deb0b050>,108,2,[2 6],148,192,194,44,165
1,<environment.Job instance at 0x1481deb0b640>,109,2,[5 2],149,174,176,25,165
1,<environment.Job instance at 0x1481deb0b910>,110,12,[ 1 10],150,194,206,44,177
1,<environment.Job instance at 0x1481e9ff4370>,114,3,[1 7],155,206,209,51,181
1,<environment.Job instance at 0x1481dee725a0>,2,1,[8 1],3,3,4,0,3
1,<environment.Job instance at 0x1481dee726e0>,3,3,[1 6],4,4,7,0,4
1,<environment.Job instance at 0x1481dee72c80>,4,2,[1 9],7,7,9,0,7
1,<environment.Job instance at 0x1481dec48870>,6,12,[5 1],9,9,21,0,9
1,<environment.Job instance at 0x1481dee729b0>,7,16,[1 7],11,11,27,0,11
1,<environment.Job instance at 0x1481dec48e60>,8,3,[2 6],12,27,30,15,12
1,<environment.Job instance at 0x1481dec482d0>,10,3,[2 8],16,30,33,14,16
1,<environment.Job instance at 0x1481dec48f00>,11,2,[9 1],18,21,23,3,18
1,<environment.Job instance at 0x148235e9a500>,13,1,[1 9],20,33,34,13,20
1,<environment.Job instance at 0x1481df08f230>,14,1,[1 5],21,34,35,13,21
1,<environment.Job instance at 0x1481dec4e4b0>,16,3,[2 8],23,35,38,12,23
1,<environment.Job instance at 0x1481debf5230>,17,3,[2 9],24,38,41,14,24
1,<environment.Job instance at 0x1481deedc2d0>,18,15,[8 1],26,26,41,0,26
1,<environment.Job instance at 0x1481e22519b0>,19,1,[2 7],27,41,42,14,27
1,<environment.Job instance at 0x1481e2251690>,20,1,[7 2],28,41,42,13,28
1,<environment.Job instance at 0x1481e20a9aa0>,25,1,[7 2],35,42,43,7,35
1,<environment.Job instance at 0x1481e22b7960>,26,1,[1 8],36,42,43,6,36
1,<environment.Job instance at 0x1481e329ec30>,27,2,[1 7],37,43,45,6,37
1,<environment.Job instance at 0x1481e204d690>,28,22,[ 1 10],38,45,67,7,38
1,<environment.Job instance at 0x1481e329e1e0>,29,2,[1 6],39,67,69,28,40
1,<environment.Job instance at 0x1481e5e614b0>,32,3,[10  1],43,69,72,26,53
1,<environment.Job instance at 0x14822459d500>,33,1,[8 1],44,67,68,23,53
1,<environment.Job instance at 0x1481df0a6d20>,36,2,[6 1],49,72,74,23,53
1,<environment.Job instance at 0x1481df0a6a50>,39,3,[9 1],54,74,77,20,57
1,<environment.Job instance at 0x1481df0a6780>,40,1,[8 2],56,68,69,12,57
1,<environment.Job instance at 0x1481df411410>,41,3,[1 5],57,72,75,15,57
1,<environment.Job instance at 0x1481dedab6e0>,42,1,[10  1],59,77,78,18,59
1,<environment.Job instance at 0x1481dedabf50>,43,3,[8 1],60,78,81,18,60
1,<environment.Job instance at 0x1481dedabd20>,44,2,[8 1],61,81,83,20,61
1,<environment.Job instance at 0x1481e22f1f50>,46,3,[1 7],63,78,81,15,63
1,<environment.Job instance at 0x1481e22f1eb0>,48,17,[1 5],66,81,98,15,69
1,<environment.Job instance at 0x1481e22f1280>,49,2,[5 2],67,83,85,16,69
1,<environment.Job instance at 0x1481e22f1460>,50,1,[1 5],68,75,76,7,69
1,<environment.Job instance at 0x1481e331e050>,51,1,[8 2],69,85,86,16,69
1,<environment.Job instance at 0x1481e331e5a0>,52,2,[7 1],70,86,88,16,70
1,<environment.Job instance at 0x1481e1de9c80>,53,1,[10  1],71,98,99,27,71
1,<environment.Job instance at 0x1481debee8c0>,56,3,[2 5],74,88,91,14,74
1,<environment.Job instance at 0x1481debeecd0>,57,18,[10  1],75,99,117,24,88
1,<environment.Job instance at 0x1481df590a00>,62,2,[1 9],82,117,119,35,96
1,<environment.Job instance at 0x1481e331a500>,63,2,[2 5],83,96,98,13,96
1,<environment.Job instance at 0x1481df58ea50>,64,3,[1 5],86,119,122,33,96
1,<environment.Job instance at 0x1481e21336e0>,65,1,[8 1],87,117,118,30,96
1,<environment.Job instance at 0x1481e2133230>,66,2,[8 2],88,119,121,31,96
1,<environment.Job instance at 0x1481e20799b0>,68,2,[5 2],90,121,123,31,96
1,<environment.Job instance at 0x1481e2079320>,69,3,[1 5],91,122,125,31,96
1,<environment.Job instance at 0x1481e2079be0>,70,1,[1 5],93,123,124,30,96
1,<environment.Job instance at 0x1481df220aa0>,73,15,[8 2],96,124,139,28,110
1,<environment.Job instance at 0x1481e5e54140>,74,3,[1 7],98,125,128,27,110
1,<environment.Job instance at 0x1481e32c12d0>,75,3,[7 1],99,139,142,40,113
1,<environment.Job instance at 0x1481df91c280>,80,2,[1 8],105,134,136,29,134
1,<environment.Job instance at 0x1482245910f0>,81,16,[1 6],106,136,152,30,134
1,<environment.Job instance at 0x148224591a00>,82,3,[2 6],108,152,155,44,134
1,<environment.Job instance at 0x1481def8c6e0>,83,14,[10  1],109,155,169,46,140
1,<environment.Job instance at 0x1481e9685190>,86,2,[8 1],113,169,171,56,165
1,<environment.Job instance at 0x1481df6b9870>,87,3,[9 1],114,171,174,57,165
1,<environment.Job instance at 0x1481df6b9c80>,88,3,[8 2],115,174,177,59,165
1,<environment.Job instance at 0x1481df6b9e10>,89,12,[7 2],117,177,189,60,165
1,<environment.Job instance at 0x1481dfe7e1e0>,93,2,[1 9],123,169,171,46,167
1,<environment.Job instance at 0x1481dfe7ee60>,94,23,[1 5],124,171,194,47,167
1,<environment.Job instance at 0x1481dfe7e9b0>,96,18,[10  1],126,194,212,68,183
1,<environment.Job instance at 0x1482245cc370>,98,2,[7 1],128,189,191,61,183
1,<environment.Job instance at 0x1481e33c8820>,101,3,[7 1],131,191,194,60,183
1,<environment.Job instance at 0x1481e33c81e0>,102,3,[8 2],132,212,215,80,186
1,<environment.Job instance at 0x1481e33c8500>,107,3,[1 5],142,212,215,70,199
1,<environment.Job instance at 0x1481e33c8cd0>,108,2,[5 2],143,215,217,72,199
1,<environment.Job instance at 0x1481e33c8e60>,109,13,[8 1],145,217,230,72,201
1,<environment.Job instance at 0x1481e33ddaf0>,110,1,[7 2],146,230,231,84,202
1,<environment.Job instance at 0x1481e33dd230>,111,2,[2 8],147,215,217,68,202
1,<environment.Job instance at 0x1481e33ddc30>,112,12,[9 1],148,231,243,83,214
1,<environment.Job instance at 0x1481e33ddb90>,113,3,[9 2],150,243,246,93,217
1,<environment.Job instance at 0x1481e33ddf00>,116,1,[1 5],154,217,218,63,217
1,<environment.Job instance at 0x1481e33dde10>,121,3,[10  2],159,246,249,87,220
1,<environment.Job instance at 0x1481e22b7370>,24,15,[7 2],32,2157,2172,2125,2157
1,<environment.Job instance at 0x1481e1380be0>,0,3,[2 7],1,1,4,0,1
1,<environment.Job instance at 0x1481ded29690>,6,1,[6 1],7,10,11,3,10
1,<environment.Job instance at 0x1481ded29cd0>,9,3,[5 2],10,11,14,1,10
1,<environment.Job instance at 0x1481ded87870>,11,3,[5 2],15,15,18,0,15
1,<environment.Job instance at 0x1481df41c230>,12,15,[10  2],16,18,33,2,16
1,<environment.Job instance at 0x1481e1de99b0>,16,12,[1 8],20,33,45,13,20
1,<environment.Job instance at 0x1481e5e7bc30>,19,14,[2 5],26,45,59,19,31
1,<environment.Job instance at 0x1481e20600a0>,20,2,[1 8],27,59,61,32,32
1,<environment.Job instance at 0x1481e1388a00>,21,1,[5 1],28,33,34,5,32
1,<environment.Job instance at 0x1481ea351aa0>,23,2,[8 1],31,34,36,3,33
1,<environment.Job instance at 0x1481ea351d20>,24,2,[6 2],33,36,38,3,33
1,<environment.Job instance at 0x1481dfe86280>,25,2,[1 5],34,45,47,11,34
1,<environment.Job instance at 0x1481dfe86eb0>,26,2,[9 2],35,38,40,3,35
1,<environment.Job instance at 0x1481dec96280>,27,1,[9 1],38,40,41,2,38
1,<environment.Job instance at 0x1481defa2af0>,28,2,[9 1],39,41,43,2,39
1,<environment.Job instance at 0x1481e95a6eb0>,29,2,[6 2],40,43,45,3,40
1,<environment.Job instance at 0x1481debefaf0>,32,3,[7 1],44,47,50,3,44
1,<environment.Job instance at 0x1481e977dd20>,38,3,[2 8],51,65,68,14,65
1,<environment.Job instance at 0x1481e977d320>,39,12,[7 2],52,65,77,13,65
1,<environment.Job instance at 0x1481e977db40>,40,1,[2 5],54,68,69,14,65
1,<environment.Job instance at 0x1481e33c14b0>,42,3,[1 6],59,69,72,10,65
1,<environment.Job instance at 0x1481e977dd70>,43,3,[2 6],60,72,75,12,65
1,<environment.Job instance at 0x1481e977d5a0>,44,3,[2 5],61,75,78,14,65
1,<environment.Job instance at 0x1481e22fdb40>,45,16,[7 2],62,77,93,15,65
1,<environment.Job instance at 0x1482240af780>,47,3,[7 2],65,93,96,28,68
1,<environment.Job instance at 0x1481df36e410>,48,3,[1 6],67,78,81,11,68
1,<environment.Job instance at 0x1481e95a5500>,51,3,[9 2],74,96,99,22,74
1,<environment.Job instance at 0x1481e95a5a50>,52,1,[2 8],76,81,82,5,76
1,<environment.Job instance at 0x1481e95a5b90>,53,2,[10  1],77,99,101,22,77
1,<environment.Job instance at 0x1481e95a5820>,54,13,[1 8],78,82,95,4,78
1,<environment.Job instance at 0x1481e95a5050>,55,3,[5 1],80,101,104,21,80
1,<environment.Job instance at 0x1481e95a5190>,58,12,[2 8],85,101,113,16,85
1,<environment.Job instance at 0x148224041eb0>,59,14,[10  2],86,113,127,27,98
1,<environment.Job instance at 0x148224041050>,60,3,[2 6],87,127,130,40,101
1,<environment.Job instance at 0x148224041500>,64,3,[1 9],96,130,133,34,109
1,<environment.Job instance at 0x148224041a50>,65,1,[5 2],97,109,110,12,109
1,<environment.Job instance at 0x1482240413c0>,66,1,[9 1],98,130,131,32,109
1,<environment.Job instance at 0x148224041aa0>,68,14,[10  1],101,133,147,32,118
1,<environment.Job instance at 0x1482240418c0>,70,16,[9 2],103,147,163,44,134
1,<environment.Job instance at 0x1481e5e5ec30>,75,1,[7 1],111,163,164,52,136
1,<environment.Job instance at 0x1481dfda89b0>,78,3,[6 2],114,164,167,50,138
1,<environment.Job instance at 0x1481dfda8460>,79,3,[2 5],118,163,166,45,138
1,<environment.Job instance at 0x1481debf7d70>,83,3,[1 9],124,167,170,43,145
1,<environment.Job instance at 0x1481debf7640>,84,3,[2 7],126,170,173,44,145
1,<environment.Job instance at 0x1481debf70a0>,85,3,[2 9],127,173,176,46,147
1,<environment.Job instance at 0x1481debf76e0>,86,3,[6 1],129,167,170,38,147
1,<environment.Job instance at 0x1481e333cbe0>,89,2,[9 1],132,176,178,44,158
1,<environment.Job instance at 0x1481e333c500>,91,3,[ 1 10],135,182,185,47,182
1,<environment.Job instance at 0x1481e217eaa0>,94,13,[6 1],138,185,198,47,182
1,<environment.Job instance at 0x1481e31c97d0>,96,3,[6 2],140,198,201,58,182
1,<environment.Job instance at 0x1481e31c9500>,97,3,[5 2],142,201,204,59,182
1,<environment.Job instance at 0x1481e31c95f0>,99,17,[9 1],144,204,221,60,192
1,<environment.Job instance at 0x1481df1c4910>,105,2,[10  1],155,221,223,66,195
1,<environment.Job instance at 0x1481df1c4410>,106,18,[8 1],157,223,241,66,212
1,<environment.Job instance at 0x1481ded29230>,5,13,[8 1],6,249,262,243,249
1,<environment.Job instance at 0x1481ded29b90>,2,3,[ 2 10],6,6,9,0,6
1,<environment.Job instance at 0x1481e2307410>,3,2,[7 1],8,9,11,1,9
1,<environment.Job instance at 0x1481e2307e10>,6,3,[1 9],14,14,17,0,14
1,<environment.Job instance at 0x1481e2307b40>,9,2,[ 1 10],20,20,22,0,20
1,<environment.Job instance at 0x1481e2307aa0>,10,13,[7 2],21,22,35,1,21
1,<environment.Job instance at 0x1481e2307dc0>,11,1,[1 6],22,22,23,0,22
1,<environment.Job instance at 0x1481e2307fa0>,13,1,[8 2],25,35,36,10,25
1,<environment.Job instance at 0x148224a0ffa0>,14,2,[10  2],26,36,38,10,26
1,<environment.Job instance at 0x148224a0f9b0>,18,18,[10  2],32,38,56,6,32
1,<environment.Job instance at 0x148224a0f6e0>,19,3,[1 5],33,33,36,0,33
1,<environment.Job instance at 0x148224a0f820>,20,14,[1 7],34,56,70,22,41
1,<environment.Job instance at 0x1481e13a8780>,28,1,[7 2],46,56,57,10,46
1,<environment.Job instance at 0x1481e13a85f0>,29,15,[7 1],47,57,72,10,47
1,<environment.Job instance at 0x1481e13a8190>,31,3,[1 9],54,70,73,16,54
1,<environment.Job instance at 0x1481e13a8550>,33,14,[7 1],59,72,86,13,59
1,<environment.Job instance at 0x1481e13a8230>,34,3,[6 2],60,86,89,26,60
1,<environment.Job instance at 0x1481e22810a0>,37,3,[8 2],68,89,92,21,68
1,<environment.Job instance at 0x1481e22819b0>,38,14,[10  2],69,92,106,23,77
1,<environment.Job instance at 0x1481e2281910>,41,3,[1 6],72,78,81,6,78
1,<environment.Job instance at 0x1481e2281960>,42,1,[8 1],73,106,107,33,78
1,<environment.Job instance at 0x1481e22ea5a0>,45,3,[10  2],82,107,110,25,82
1,<environment.Job instance at 0x1481e78f3dc0>,47,1,[2 8],84,84,85,0,84
1,<environment.Job instance at 0x1481e78f36e0>,48,2,[9 1],87,110,112,23,87
1,<environment.Job instance at 0x1481dfe10e10>,50,13,[7 2],91,112,125,21,96
1,<environment.Job instance at 0x1481dfe10e60>,52,3,[5 2],97,125,128,28,99
1,<environment.Job instance at 0x1481dfe10050>,54,3,[1 5],100,110,113,10,100
1,<environment.Job instance at 0x1481dfe10eb0>,55,1,[9 1],101,128,129,27,101
1,<environment.Job instance at 0x1481df6dbf50>,60,2,[10  1],107,129,131,22,118
1,<environment.Job instance at 0x1481df6db690>,61,2,[8 1],108,131,133,23,118
1,<environment.Job instance at 0x1481df6dbc80>,62,3,[2 9],110,131,134,21,118
1,<environment.Job instance at 0x1481df6db230>,63,1,[1 9],111,128,129,17,118
1,<environment.Job instance at 0x1481df6db320>,64,18,[8 2],112,134,152,22,123
1,<environment.Job instance at 0x1481df6db780>,65,2,[5 1],113,125,127,12,123
1,<environment.Job instance at 0x1481df6dbb90>,66,3,[2 5],114,134,137,20,123
1,<environment.Job instance at 0x1481df6dbf00>,68,1,[5 2],117,127,128,10,123
1,<environment.Job instance at 0x1481df6db280>,69,1,[6 1],118,133,134,15,123
1,<environment.Job instance at 0x1481ded1fc80>,70,3,[2 5],124,137,140,13,124
1,<environment.Job instance at 0x1481df3625f0>,71,2,[2 5],126,140,142,14,126
1,<environment.Job instance at 0x1481df362550>,74,15,[1 5],130,142,157,12,130
1,<environment.Job instance at 0x1481df362f00>,75,2,[2 9],131,157,159,26,131
1,<environment.Job instance at 0x1481df3625a0>,76,2,[6 2],132,152,154,20,132
1,<environment.Job instance at 0x1481df362c80>,77,3,[2 6],133,159,162,26,133
1,<environment.Job instance at 0x1481dee4ba50>,81,2,[10  1],137,162,164,25,137
1,<environment.Job instance at 0x1481deb99d70>,82,2,[7 1],138,154,156,16,138
1,<environment.Job instance at 0x1481e9721d70>,85,2,[9 1],141,164,166,23,141
1,<environment.Job instance at 0x1481defc1d20>,86,3,[9 1],143,166,169,23,143
1,<environment.Job instance at 0x1481df3a7370>,88,3,[2 9],146,169,172,23,147
1,<environment.Job instance at 0x148224055960>,91,3,[9 1],151,172,175,21,151
1,<environment.Job instance at 0x1481deca4050>,0,17,[10  2],1,1,18,0,1
1,<environment.Job instance at 0x1481e95e4b90>,6,3,[1 6],10,18,21,8,10
1,<environment.Job instance at 0x1481e2007b40>,10,3,[1 7],14,21,24,7,14
1,<environment.Job instance at 0x1481e22763c0>,13,3,[1 9],17,24,27,7,17
1,<environment.Job instance at 0x1481e2138b40>,14,3,[8 1],18,18,21,0,18
1,<environment.Job instance at 0x1481dedabbe0>,16,3,[1 9],22,27,30,5,22
1,<environment.Job instance at 0x1481df5fb410>,20,16,[10  1],26,30,46,4,26
1,<environment.Job instance at 0x1481deb24280>,22,3,[9 2],29,46,49,17,29
1,<environment.Job instance at 0x1481e21acc80>,25,1,[9 1],32,163,164,131,163
1,<environment.Job instance at 0x1481e21ac370>,26,2,[1 5],33,163,165,130,163
1,<environment.Job instance at 0x1481e21ac320>,27,1,[6 2],34,164,165,130,163
1,<environment.Job instance at 0x1481e21ac050>,28,3,[7 2],36,165,168,129,163
1,<environment.Job instance at 0x1481e3282be0>,29,13,[1 6],37,165,178,128,163
1,<environment.Job instance at 0x1481e21ac230>,30,19,[5 1],38,168,187,130,163
1,<environment.Job instance at 0x1481e5e54a00>,31,1,[5 2],40,178,179,138,163
1,<environment.Job instance at 0x1481e1ea6eb0>,32,3,[1 8],42,179,182,137,163
1,<environment.Job instance at 0x1481e1e5da50>,36,1,[1 5],47,182,183,135,176
1,<environment.Job instance at 0x1481e1e5d730>,37,1,[7 2],48,187,188,139,176
1,<environment.Job instance at 0x1481e1e5d0f0>,38,3,[ 2 10],50,188,191,138,176
1,<environment.Job instance at 0x1481def004b0>,39,1,[6 2],51,191,192,140,176
1,<environment.Job instance at 0x1481def00050>,40,3,[10  2],53,192,195,139,176
1,<environment.Job instance at 0x1481def002d0>,41,3,[2 7],55,183,186,128,176
1,<environment.Job instance at 0x1481def000f0>,42,15,[7 2],56,195,210,139,181
1,<environment.Job instance at 0x1481def64b90>,47,1,[8 2],65,210,211,145,195
1,<environment.Job instance at 0x1481def64370>,48,2,[ 2 10],66,211,213,145,195
1,<environment.Job instance at 0x1481def64af0>,49,1,[1 6],67,195,196,128,195
1,<environment.Job instance at 0x1481def648c0>,50,1,[ 1 10],72,213,214,141,195
1,<environment.Job instance at 0x1481def64910>,52,3,[7 1],74,214,217,140,195
1,<environment.Job instance at 0x1481def64640>,53,1,[ 1 10],75,217,218,142,195
1,<environment.Job instance at 0x1481decfca00>,54,18,[6 1],76,218,236,142,207
1,<environment.Job instance at 0x1481dee4e690>,55,3,[2 9],77,214,217,137,207
1,<environment.Job instance at 0x148224575550>,57,18,[2 8],79,222,240,143,222
1,<environment.Job instance at 0x1481e231f370>,59,18,[8 1],82,236,254,154,226
1,<environment.Job instance at 0x1481e231fd20>,64,2,[8 1],90,254,256,164,227
1,<environment.Job instance at 0x1481e231f410>,66,1,[8 1],94,256,257,162,228
1,<environment.Job instance at 0x1481dfdf2f50>,68,3,[2 7],96,240,243,144,228
1,<environment.Job instance at 0x1481dfdf22d0>,70,3,[1 6],102,243,246,141,238
1,<environment.Job instance at 0x1481dfdf23c0>,72,12,[5 2],104,257,269,153,241
1,<environment.Job instance at 0x1481deffbdc0>,75,3,[1 8],108,258,261,150,258
1,<environment.Job instance at 0x1481deffb370>,76,3,[2 9],112,269,272,157,258
1,<environment.Job instance at 0x1481deffb550>,77,1,[8 2],114,272,273,158,258
1,<environment.Job instance at 0x1481e32eb500>,78,3,[7 1],116,269,272,153,258
1,<environment.Job instance at 0x1481deffb730>,79,3,[ 2 10],119,273,276,154,258
1,<environment.Job instance at 0x1481deffb8c0>,80,3,[7 2],121,276,279,155,258
1,<environment.Job instance at 0x1481dfd6baf0>,81,3,[9 2],123,279,282,156,258
1,<environment.Job instance at 0x1481dfd6be60>,82,3,[1 6],126,261,264,135,258
1,<environment.Job instance at 0x1481df2f4b90>,83,13,[1 5],127,276,289,149,260
1,<environment.Job instance at 0x1481df21fd20>,84,1,[2 7],128,264,265,136,260
1,<environment.Job instance at 0x1481dfd6b230>,85,2,[2 5],129,265,267,136,260
1,<environment.Job instance at 0x1481df21f820>,86,3,[1 8],130,289,292,159,263
1,<environment.Job instance at 0x1481e22a64b0>,87,1,[10  2],131,292,293,161,264
1,<environment.Job instance at 0x1481ea32ab90>,89,17,[10  2],135,293,310,158,281
1,<environment.Job instance at 0x1481ea32aeb0>,90,3,[9 2],136,282,285,146,281
1,<environment.Job instance at 0x1481ea32a1e0>,92,2,[6 2],138,285,287,147,282
1,<environment.Job instance at 0x1481ea32aa50>,95,2,[2 6],145,310,312,165,286
1,<environment.Job instance at 0x1481ea32a500>,98,1,[2 6],150,312,313,162,291
1,<environment.Job instance at 0x1481ea32a780>,99,2,[1 8],151,313,315,162,291
1,<environment.Job instance at 0x1481ea32a320>,100,1,[8 2],153,291,292,138,291
1,<environment.Job instance at 0x1481ea32aaa0>,103,2,[7 2],157,310,312,153,303
1,<environment.Job instance at 0x1481df436e10>,0,3,[8 1],2,2,5,0,2
1,<environment.Job instance at 0x1481df436550>,1,1,[7 1],4,5,6,1,4
1,<environment.Job instance at 0x1481deb06e60>,3,15,[10  1],6,6,21,0,6
1,<environment.Job instance at 0x1481ea2d3280>,6,15,[5 2],10,21,36,11,10
1,<environment.Job instance at 0x1481e21145a0>,7,13,[6 2],11,36,49,25,20
1,<environment.Job instance at 0x1481dec888c0>,13,1,[6 2],20,49,50,29,21
1,<environment.Job instance at 0x1481df032370>,15,1,[1 7],22,28,29,6,28
1,<environment.Job instance at 0x1481df032e60>,16,2,[1 8],23,29,31,6,28
1,<environment.Job instance at 0x1481df032460>,17,2,[ 1 10],26,50,52,24,28
1,<environment.Job instance at 0x1481df922be0>,20,13,[9 1],29,52,65,23,37
1,<environment.Job instance at 0x1481e1fc25a0>,21,2,[1 6],30,37,39,7,37
1,<environment.Job instance at 0x1481e21ac690>,23,2,[8 2],33,65,67,32,43
1,<environment.Job instance at 0x1481e5e82050>,25,2,[6 2],35,67,69,32,43
1,<environment.Job instance at 0x1481e21eb0a0>,26,16,[5 1],38,69,85,31,56
1,<environment.Job instance at 0x1481e21eb820>,27,14,[9 1],39,85,99,46,70
1,<environment.Job instance at 0x1481e78f7e60>,29,1,[10  2],41,99,100,58,71
1,<environment.Job instance at 0x1481df5abe60>,30,3,[1 7],44,71,74,27,71
1,<environment.Job instance at 0x1481dee91cd0>,33,2,[7 2],47,100,102,53,73
1,<environment.Job instance at 0x14822407f280>,35,2,[1 5],49,74,76,25,74
1,<environment.Job instance at 0x14822407f6e0>,36,2,[6 1],50,102,104,52,75
1,<environment.Job instance at 0x1481df0ae230>,8,2,[5 2],13,80,82,67,80
1,<environment.Job instance at 0x1481df462140>,38,17,[8 1],53,104,121,51,92
1,<environment.Job instance at 0x1481e31ab050>,42,2,[6 2],61,121,123,60,94
1,<environment.Job instance at 0x1481e1df7dc0>,43,1,[2 5],62,100,101,38,94
1,<environment.Job instance at 0x1481e1df7a50>,44,3,[2 8],66,101,104,35,94
1,<environment.Job instance at 0x1481e33d5b90>,45,2,[1 9],67,94,96,27,94
1,<environment.Job instance at 0x1481decf8cd0>,46,3,[2 6],68,104,107,36,94
1,<environment.Job instance at 0x1481decf8d20>,47,2,[5 2],69,123,125,54,96
1,<environment.Job instance at 0x1481dfded550>,48,2,[ 2 10],72,125,127,53,98
1,<environment.Job instance at 0x1481e33570f0>,49,3,[2 8],73,107,110,34,98
1,<environment.Job instance at 0x1481e3357f00>,50,1,[2 5],74,110,111,36,98
1,<environment.Job instance at 0x1481e33576e0>,51,2,[5 1],75,123,125,48,98
1,<environment.Job instance at 0x1481ea23bb40>,53,1,[9 1],77,127,128,50,99
1,<environment.Job instance at 0x1481e3357870>,54,12,[1 7],79,111,123,32,99
1,<environment.Job instance at 0x1481e31f82d0>,55,1,[7 1],80,128,129,48,100
1,<environment.Job instance at 0x1481e31f8370>,56,2,[2 7],81,128,130,47,101
1,<environment.Job instance at 0x1481e78c9c80>,59,2,[7 1],84,129,131,45,103
1,<environment.Job instance at 0x1481e31f8a50>,60,1,[1 6],86,127,128,41,103
1,<environment.Job instance at 0x148224575280>,61,2,[6 2],87,131,133,44,104
1,<environment.Job instance at 0x1481e31f86e0>,62,2,[10  2],89,133,135,44,106
1,<environment.Job instance at 0x1481deaee320>,63,2,[2 7],93,130,132,37,106
1,<environment.Job instance at 0x148224575d20>,64,3,[8 1],94,135,138,41,109
1,<environment.Job instance at 0x14822459bc30>,65,1,[8 2],96,138,139,42,110
1,<environment.Job instance at 0x1481e95ac140>,66,3,[8 2],98,139,142,41,113
1,<environment.Job instance at 0x1482240a8370>,67,2,[8 1],100,142,144,42,115
1,<environment.Job instance at 0x1481e5e77e60>,68,3,[2 7],101,135,138,34,115
1,<environment.Job instance at 0x1481dee4ea00>,69,1,[1 6],102,132,133,30,115
1,<environment.Job instance at 0x1481dee590f0>,70,1,[8 1],106,144,145,38,116
1,<environment.Job instance at 0x1481dee59960>,71,1,[10  1],107,145,146,38,117
1,<environment.Job instance at 0x1481dee59820>,73,2,[9 1],109,146,148,37,119
1,<environment.Job instance at 0x1482241236e0>,75,12,[7 1],111,148,160,37,131
1,<environment.Job instance at 0x1481df254b90>,76,3,[10  1],112,160,163,48,134
1,<environment.Job instance at 0x1481df254550>,77,3,[7 1],113,163,166,50,137
1,<environment.Job instance at 0x1481e328a140>,81,3,[2 9],118,262,265,144,262
1,<environment.Job instance at 0x1481e328af00>,83,3,[1 8],124,265,268,141,262
1,<environment.Job instance at 0x1481e33ad190>,86,3,[1 7],127,268,271,141,262
1,<environment.Job instance at 0x1481dfecfaf0>,87,1,[2 9],128,271,272,143,262
1,<environment.Job instance at 0x1481dfecf910>,88,3,[1 8],130,272,275,142,262
1,<environment.Job instance at 0x1481df12e0f0>,93,3,[1 6],140,275,278,135,262
1,<environment.Job instance at 0x1481df12e140>,95,3,[ 2 10],142,278,281,136,262
1,<environment.Job instance at 0x1481df12ee60>,96,3,[6 2],143,265,268,122,262
1,<environment.Job instance at 0x1481df12e410>,97,1,[9 2],147,268,269,121,262
1,<environment.Job instance at 0x1481df12e8c0>,98,1,[2 9],148,281,282,133,262
1,<environment.Job instance at 0x1481df12ed70>,99,18,[2 7],149,282,300,133,271
1,<environment.Job instance at 0x1481df12ef00>,101,3,[6 2],155,424,427,269,424
1,<environment.Job instance at 0x1481df12e910>,102,1,[1 8],156,424,425,268,424
1,<environment.Job instance at 0x1481df12e550>,104,19,[8 1],158,427,446,269,424
1,<environment.Job instance at 0x1481e45e4f50>,11,12,[5 2],16,1446,1458,1430,1446
1,<environment.Job instance at 0x1481e973baa0>,1,16,[9 2],2,2,18,0,2
1,<environment.Job instance at 0x1481df2a40a0>,4,2,[2 7],5,18,20,13,5
1,<environment.Job instance at 0x1481e45e4f50>,5,2,[9 1],6,20,22,14,6
1,<environment.Job instance at 0x1481df2a4e10>,6,1,[1 8],7,7,8,0,7
1,<environment.Job instance at 0x1481e31f8cd0>,8,1,[9 2],9,22,23,13,9
1,<environment.Job instance at 0x1481df2a4640>,10,1,[10  1],12,23,24,11,12
1,<environment.Job instance at 0x1481e95cf1e0>,14,17,[2 6],18,24,41,6,18
1,<environment.Job instance at 0x1481e31f8640>,15,1,[1 6],19,20,21,1,19
1,<environment.Job instance at 0x1481decc76e0>,19,18,[2 9],24,41,59,17,37
1,<environment.Job instance at 0x1481e31f8a00>,20,2,[2 8],25,59,61,34,37
1,<environment.Job instance at 0x1481e362bf50>,21,14,[9 1],26,61,75,35,46
1,<environment.Job instance at 0x1481df2d38c0>,24,3,[7 2],31,75,78,44,49
1,<environment.Job instance at 0x1481e31f8460>,25,2,[2 7],32,75,77,43,49
1,<environment.Job instance at 0x1481e341eeb0>,26,3,[2 9],34,78,81,44,52
1,<environment.Job instance at 0x1481e33c6280>,27,1,[10  2],35,81,82,46,53
1,<environment.Job instance at 0x1481df3d15f0>,28,2,[ 1 10],38,82,84,44,55
1,<environment.Job instance at 0x1481df3d1a50>,29,1,[9 2],39,84,85,45,56
1,<environment.Job instance at 0x1481ded1d3c0>,32,1,[ 1 10],46,85,86,39,64
1,<environment.Job instance at 0x1481e3420370>,33,1,[2 6],47,77,78,30,64
1,<environment.Job instance at 0x1481e34206e0>,34,1,[2 6],48,86,87,38,64
1,<environment.Job instance at 0x1481dfd83af0>,35,16,[10  2],50,87,103,37,74
1,<environment.Job instance at 0x1481e3420870>,37,1,[7 2],52,86,87,34,82
1,<environment.Job instance at 0x1481e1fa7050>,38,12,[1 5],53,103,115,50,86
1,<environment.Job instance at 0x1481e1fa70a0>,39,2,[1 9],54,115,117,61,88
1,<environment.Job instance at 0x1481e1fa7870>,40,1,[5 1],55,103,104,48,88
1,<environment.Job instance at 0x1481e36e3f50>,41,3,[6 2],57,104,107,47,88
1,<environment.Job instance at 0x1481e36e3320>,43,16,[10  1],60,117,133,57,104
1,<environment.Job instance at 0x1481dec805f0>,44,3,[2 8],61,133,136,72,107
1,<environment.Job instance at 0x1481dec809b0>,46,1,[2 6],63,136,137,73,108
1,<environment.Job instance at 0x1481e2276640>,48,3,[ 2 10],65,137,140,72,111
1,<environment.Job instance at 0x1481e2276a50>,49,14,[1 5],66,140,154,74,125
1,<environment.Job instance at 0x1481df1e4cd0>,50,1,[ 2 10],67,154,155,87,126
1,<environment.Job instance at 0x1481df1e4aa0>,51,3,[ 2 10],68,155,158,87,129
1,<environment.Job instance at 0x1481df1e4af0>,54,1,[1 9],73,158,159,85,130
1,<environment.Job instance at 0x1481df1e4d20>,56,3,[8 2],75,133,136,58,130
1,<environment.Job instance at 0x1481df1e4f00>,57,3,[1 7],76,159,162,83,133
1,<environment.Job instance at 0x1481df1e4870>,58,2,[9 2],77,140,142,63,133
1,<environment.Job instance at 0x1481e1370280>,59,2,[7 1],78,142,144,64,133
1,<environment.Job instance at 0x1481e1370230>,60,1,[1 6],79,162,163,83,134
1,<environment.Job instance at 0x1481e13700f0>,62,1,[1 9],81,163,164,82,135
1,<environment.Job instance at 0x1481e13704b0>,63,13,[1 6],82,164,177,82,148
1,<environment.Job instance at 0x1481e1370dc0>,64,3,[5 1],83,148,151,65,148
1,<environment.Job instance at 0x1481ea20af50>,65,15,[7 2],84,164,179,80,150
1,<environment.Job instance at 0x1481ea20a3c0>,66,2,[1 6],87,177,179,90,150
1,<environment.Job instance at 0x1481df256140>,70,3,[10  1],96,179,182,83,161
1,<environment.Job instance at 0x1481e20a9280>,72,3,[2 8],100,182,185,82,161
1,<environment.Job instance at 0x1481e20a9640>,73,3,[10  1],101,185,188,84,161
1,<environment.Job instance at 0x1481e20a95f0>,74,2,[1 6],102,188,190,86,161
1,<environment.Job instance at 0x1481dec035a0>,75,2,[5 2],103,161,163,58,161
1,<environment.Job instance at 0x1481df197550>,76,1,[5 1],104,163,164,59,161
1,<environment.Job instance at 0x1481df197870>,77,3,[8 1],105,182,185,77,161
1,<environment.Job instance at 0x1481dec03410>,78,3,[10  1],106,190,193,84,164
1,<environment.Job instance at 0x1481df324a50>,80,3,[9 2],110,193,196,83,167
1,<environment.Job instance at 0x1481ea24f140>,81,3,[5 1],111,196,199,85,170
1,<environment.Job instance at 0x1481ea24fc80>,82,2,[5 1],113,188,190,75,170
1,<environment.Job instance at 0x1481e1f88370>,83,3,[1 9],114,196,199,82,170
1,<environment.Job instance at 0x1481e1f88a00>,84,2,[1 9],115,199,201,84,172
1,<environment.Job instance at 0x1481e1f887d0>,85,3,[ 2 10],116,201,204,85,175
1,<environment.Job instance at 0x1481ea2f98c0>,86,3,[2 6],117,204,207,87,178
1,<environment.Job instance at 0x1481ea2f9230>,89,2,[7 1],120,199,201,79,180
1,<environment.Job instance at 0x1481e2338c80>,90,2,[2 9],121,207,209,86,180
1,<environment.Job instance at 0x1481df6918c0>,94,3,[2 6],125,209,212,84,183
1,<environment.Job instance at 0x1481df691cd0>,95,3,[6 2],127,204,207,77,183
1,<environment.Job instance at 0x1481df691c80>,96,3,[1 9],128,212,215,84,186
1,<environment.Job instance at 0x1481e959a6e0>,97,3,[1 7],130,193,196,63,186
1,<environment.Job instance at 0x1481e205eeb0>,100,2,[5 1],134,207,209,73,186
1,<environment.Job instance at 0x1481e205e190>,103,3,[10  2],139,215,218,76,189
1,<environment.Job instance at 0x1481e205ecd0>,106,2,[9 2],142,218,220,76,191
1,<environment.Job instance at 0x1481e972e500>,108,13,[1 5],145,218,231,73,202
1,<environment.Job instance at 0x1481e972ea00>,109,3,[ 1 10],146,231,234,85,205
1,<environment.Job instance at 0x1481df1f0780>,111,2,[7 1],148,211,213,63,211
1,<environment.Job instance at 0x1481df335c80>,112,1,[10  2],149,234,235,85,211
1,<environment.Job instance at 0x1481df335820>,114,3,[10  2],155,235,238,80,211
1,<environment.Job instance at 0x1481df3358c0>,115,13,[9 1],156,238,251,82,222
1,<environment.Job instance at 0x148235ecf910>,2,3,[1 7],5,5,8,0,5
1,<environment.Job instance at 0x1481e33ad8c0>,4,3,[9 2],8,8,11,0,8
1,<environment.Job instance at 0x1481dfd7aeb0>,9,3,[2 6],16,16,19,0,16
1,<environment.Job instance at 0x1481dfdc7a50>,10,3,[8 1],17,17,20,0,17
1,<environment.Job instance at 0x1481dfd50730>,12,3,[6 1],19,20,23,1,19
1,<environment.Job instance at 0x1481e96c1460>,13,3,[9 1],20,23,26,3,20
1,<environment.Job instance at 0x1481e96c1af0>,14,3,[2 9],21,26,29,5,21
1,<environment.Job instance at 0x1481dee6e5f0>,15,14,[2 5],22,29,43,7,22
1,<environment.Job instance at 0x1481e973f320>,18,3,[1 8],27,43,46,16,27
1,<environment.Job instance at 0x1481e973f500>,19,2,[5 1],28,28,30,0,28
1,<environment.Job instance at 0x1481e973f8c0>,20,15,[9 2],30,43,58,13,30
1,<environment.Job instance at 0x1481dec92190>,23,16,[8 1],35,58,74,23,45
1,<environment.Job instance at 0x1481df197230>,29,2,[6 2],45,74,76,29,47
1,<environment.Job instance at 0x1481e97aeaa0>,33,18,[2 6],51,58,76,7,51
1,<environment.Job instance at 0x1481e33e0cd0>,37,1,[10  1],55,76,77,21,62
1,<environment.Job instance at 0x1481df395280>,38,2,[5 1],56,77,79,21,62
1,<environment.Job instance at 0x1481df395a00>,40,12,[5 2],58,77,89,19,62
1,<environment.Job instance at 0x1481df590e60>,41,3,[9 2],60,89,92,29,63
1,<environment.Job instance at 0x1481df553690>,47,3,[1 6],70,89,92,19,89
1,<environment.Job instance at 0x1481df553c30>,48,3,[1 9],71,92,95,21,89
1,<environment.Job instance at 0x1481df553780>,52,3,[2 7],80,95,98,15,89
1,<environment.Job instance at 0x1481df5536e0>,53,3,[6 2],82,95,98,13,89
1,<environment.Job instance at 0x1481df922410>,62,15,[10  2],94,106,121,12,106
1,<environment.Job instance at 0x1481e78c99b0>,63,3,[7 2],96,121,124,25,106
1,<environment.Job instance at 0x1481e78c9870>,65,3,[5 1],99,124,127,25,109
1,<environment.Job instance at 0x1481e78c9910>,68,3,[6 2],103,127,130,24,109
1,<environment.Job instance at 0x1481e78c9140>,69,18,[1 7],104,121,139,17,110
1,<environment.Job instance at 0x1481e78c9370>,70,16,[9 1],106,130,146,24,117
1,<environment.Job instance at 0x1481e1fb3fa0>,79,3,[1 6],117,139,142,22,127
1,<environment.Job instance at 0x1481e1df3550>,83,14,[10  2],122,146,160,24,131
1,<environment.Job instance at 0x1481e1df30a0>,87,3,[2 7],126,160,163,34,134
1,<environment.Job instance at 0x1481e9fe5a00>,90,2,[8 1],129,160,162,31,138
1,<environment.Job instance at 0x1481e22beb40>,92,3,[9 1],131,163,166,32,138
1,<environment.Job instance at 0x1481e45d5460>,98,3,[9 1],138,166,169,28,161
1,<environment.Job instance at 0x1481e21a3690>,99,3,[9 1],139,169,172,30,161
1,<environment.Job instance at 0x1481df2d4b40>,103,3,[10  1],145,179,182,34,179
1,<environment.Job instance at 0x1481df3ca500>,106,18,[ 2 10],151,182,200,31,180
1,<environment.Job instance at 0x1481e9fd4320>,108,3,[9 2],154,200,203,46,188
1,<environment.Job instance at 0x1481e328b0a0>,0,3,[1 9],1,1,4,0,1
1,<environment.Job instance at 0x1481e9642aa0>,4,3,[8 1],7,7,10,0,7
1,<environment.Job instance at 0x1481e9642be0>,5,1,[1 6],8,8,9,0,8
1,<environment.Job instance at 0x1481e9642c80>,6,1,[2 7],9,9,10,0,9
1,<environment.Job instance at 0x1481e96426e0>,7,2,[ 1 10],10,10,12,0,10
1,<environment.Job instance at 0x1481e96420a0>,8,1,[7 1],11,12,13,1,11
1,<environment.Job instance at 0x1481df197190>,9,2,[9 1],12,13,15,1,12
1,<environment.Job instance at 0x1481e9642b40>,10,1,[5 1],14,15,16,1,14
1,<environment.Job instance at 0x1481df6b23c0>,11,1,[2 7],15,15,16,0,15
1,<environment.Job instance at 0x1481df6b2f00>,12,15,[5 1],16,16,31,0,16
1,<environment.Job instance at 0x1481df6b29b0>,13,1,[10  1],17,31,32,14,17
1,<environment.Job instance at 0x1481df6b2dc0>,14,1,[6 2],18,32,33,14,18
1,<environment.Job instance at 0x1481e1394b40>,16,3,[ 1 10],20,33,36,13,20
1,<environment.Job instance at 0x1481e1394fa0>,17,17,[1 7],21,36,53,15,24
1,<environment.Job instance at 0x1481e1394870>,19,3,[1 7],26,26,29,0,26
1,<environment.Job instance at 0x1481e1394640>,20,1,[5 1],28,29,30,1,28
1,<environment.Job instance at 0x1481e13949b0>,21,22,[5 2],29,36,58,7,29
1,<environment.Job instance at 0x1481e1394dc0>,22,1,[5 1],30,30,31,0,30
1,<environment.Job instance at 0x1481e1394be0>,23,2,[1 6],32,53,55,21,32
1,<environment.Job instance at 0x1481def05280>,30,1,[2 6],41,55,56,14,43
1,<environment.Job instance at 0x1481def05730>,31,12,[1 8],42,56,68,14,43
1,<environment.Job instance at 0x1481def05230>,32,1,[2 5],43,68,69,25,43
1,<environment.Job instance at 0x1481def05780>,34,2,[10  1],46,69,71,23,47
1,<environment.Job instance at 0x1481def05fa0>,36,1,[ 2 10],49,71,72,22,49
1,<environment.Job instance at 0x1481def05e60>,37,3,[2 9],50,72,75,22,50
1,<environment.Job instance at 0x1482240eef00>,38,3,[1 6],51,75,78,24,51
1,<environment.Job instance at 0x1482240ee280>,40,2,[ 1 10],53,83,85,30,83
1,<environment.Job instance at 0x1482240ee4b0>,41,1,[2 9],54,85,86,31,83
1,<environment.Job instance at 0x1482240eec80>,42,21,[10  1],55,86,107,31,83
1,<environment.Job instance at 0x1482240ee460>,44,3,[7 2],58,107,110,49,83
1,<environment.Job instance at 0x1482240ee1e0>,45,2,[7 1],59,110,112,51,83
1,<environment.Job instance at 0x1482240ee960>,46,1,[9 2],60,112,113,52,84
1,<environment.Job instance at 0x1482240eea50>,47,2,[5 1],61,113,115,52,86
1,<environment.Job instance at 0x1482240ee730>,49,3,[1 5],64,107,110,43,87
1,<environment.Job instance at 0x1482240eed70>,50,15,[10  1],65,115,130,50,101
1,<environment.Job instance at 0x1482240eea00>,53,3,[6 1],70,130,133,60,104
1,<environment.Job instance at 0x1482240ee410>,54,3,[8 2],73,133,136,60,107
1,<environment.Job instance at 0x1482240eec30>,56,3,[2 5],76,130,133,54,115
1,<environment.Job instance at 0x1482240ee320>,57,1,[1 6],77,133,134,56,115
1,<environment.Job instance at 0x1481e97a32d0>,58,2,[8 1],78,136,138,58,115
1,<environment.Job instance at 0x1481e97a3780>,60,2,[7 2],80,138,140,58,115
1,<environment.Job instance at 0x1481e97a3460>,63,2,[ 1 10],83,140,142,57,115
1,<environment.Job instance at 0x1481e97a3be0>,65,2,[1 5],85,134,136,49,117
1,<environment.Job instance at 0x1481e97a3b40>,67,3,[2 8],87,136,139,49,117
1,<environment.Job instance at 0x1481e97a3370>,68,3,[1 7],88,142,145,54,117
1,<environment.Job instance at 0x1482249fc8c0>,69,3,[1 8],90,145,148,55,119
1,<environment.Job instance at 0x1482249fc6e0>,70,3,[7 1],92,142,145,50,119
1,<environment.Job instance at 0x1481e78efa00>,75,2,[5 2],101,145,147,44,129
1,<environment.Job instance at 0x1481e78efd20>,76,2,[1 5],102,148,150,46,129
1,<environment.Job instance at 0x1481e78ef690>,78,2,[ 1 10],105,150,152,45,138
1,<environment.Job instance at 0x1481e78ef460>,79,14,[2 5],106,152,166,46,138
1,<environment.Job instance at 0x1481e78ef370>,80,3,[2 9],107,166,169,59,140
1,<environment.Job instance at 0x1481e78ef8c0>,81,1,[10  1],108,169,170,61,141
1,<environment.Job instance at 0x1481e78efe60>,82,2,[2 9],109,170,172,61,143
1,<environment.Job instance at 0x1481e78efa50>,83,3,[6 1],111,147,150,36,143
1,<environment.Job instance at 0x1481e78efb90>,84,2,[8 2],113,152,154,39,143
1,<environment.Job instance at 0x1481e78ef910>,85,3,[6 2],115,154,157,39,143
1,<environment.Job instance at 0x1481e36896e0>,86,2,[7 2],116,157,159,41,143
1,<environment.Job instance at 0x1481e36898c0>,87,3,[10  2],117,172,175,55,146
1,<environment.Job instance at 0x1481e3659370>,88,2,[6 2],120,159,161,39,146
1,<environment.Job instance at 0x148224156140>,89,3,[10  2],121,175,178,54,149
1,<environment.Job instance at 0x14823420f0f0>,90,2,[8 2],122,161,163,39,149
1,<environment.Job instance at 0x14823420ffa0>,91,3,[7 1],124,163,166,39,149
1,<environment.Job instance at 0x1481e341ec30>,92,3,[7 2],125,178,181,53,152
1,<environment.Job instance at 0x1481e341e5f0>,94,2,[7 1],128,166,168,38,152
1,<environment.Job instance at 0x1481e341e280>,95,1,[1 7],129,178,179,49,152
1,<environment.Job instance at 0x1481e32ab2d0>,96,1,[5 2],131,181,182,50,153
1,<environment.Job instance at 0x1481debb85a0>,97,3,[10  1],132,182,185,50,156
1,<environment.Job instance at 0x1481e33d7410>,102,3,[9 1],140,185,188,45,159
1,<environment.Job instance at 0x1481e33b23c0>,103,3,[9 2],143,188,191,45,162
1,<environment.Job instance at 0x1481e95fa730>,104,3,[5 1],145,191,194,46,165
1,<environment.Job instance at 0x1482245a8320>,106,12,[9 1],147,299,311,152,299
1,<environment.Job instance at 0x1482245a8910>,107,1,[2 7],148,311,312,163,299
1,<environment.Job instance at 0x1481dec22460>,109,15,[ 2 10],151,312,327,161,301
1,<environment.Job instance at 0x1481e372f550>,113,12,[2 6],157,327,339,170,311
1,<environment.Job instance at 0x1481df44f6e0>,2,16,[10  1],4,4,20,0,4
1,<environment.Job instance at 0x1481df53b820>,4,1,[10  2],6,20,21,14,6
1,<environment.Job instance at 0x1481df549f50>,10,3,[1 9],16,21,24,5,16
1,<environment.Job instance at 0x1481df5494b0>,11,1,[ 2 10],19,24,25,5,19
1,<environment.Job instance at 0x1481dfe7a870>,12,1,[6 1],20,21,22,1,20
1,<environment.Job instance at 0x1481dfe7a550>,13,1,[1 6],21,25,26,4,21
1,<environment.Job instance at 0x1481df549460>,14,3,[1 6],23,26,29,3,23
1,<environment.Job instance at 0x1481df52f0f0>,16,12,[10  1],26,29,41,3,26
1,<environment.Job instance at 0x1481dfe6deb0>,17,3,[1 8],27,41,44,14,27
1,<environment.Job instance at 0x1481dfdf9eb0>,18,1,[2 8],28,44,45,16,28
1,<environment.Job instance at 0x1481dfd96320>,19,3,[1 6],29,45,48,16,29
1,<environment.Job instance at 0x1481e9704e10>,25,20,[6 1],35,41,61,6,35
1,<environment.Job instance at 0x1481defbc190>,26,3,[2 9],37,48,51,11,37
1,<environment.Job instance at 0x1481dfd94af0>,27,17,[1 9],38,51,68,13,39
1,<environment.Job instance at 0x1481e5e75870>,28,3,[2 8],39,68,71,29,42
1,<environment.Job instance at 0x1481e5e75910>,29,1,[8 1],40,61,62,21,42
1,<environment.Job instance at 0x1481e5e75a50>,30,17,[9 1],41,71,88,30,59
1,<environment.Job instance at 0x1481e335e140>,35,1,[5 1],49,62,63,13,60
1,<environment.Job instance at 0x1481e335ea00>,38,3,[ 2 10],53,88,91,35,62
1,<environment.Job instance at 0x1481e335e0a0>,42,3,[9 1],59,63,66,4,62
1,<environment.Job instance at 0x1481df59e410>,44,3,[1 9],61,71,74,10,62
1,<environment.Job instance at 0x1481dfdc6c80>,48,3,[10  1],68,91,94,23,68
1,<environment.Job instance at 0x1481df4a7280>,52,2,[2 6],77,94,96,17,77
1,<environment.Job instance at 0x1481deb45820>,53,3,[6 2],78,94,97,16,78
1,<environment.Job instance at 0x1481dec93c80>,55,17,[2 7],83,96,113,13,84
1,<environment.Job instance at 0x1481e33c1b90>,58,3,[8 2],87,97,100,10,89
1,<environment.Job instance at 0x1481ded0e820>,60,3,[7 1],90,100,103,10,90
1,<environment.Job instance at 0x14822458bb90>,61,17,[8 1],92,103,120,11,92
1,<environment.Job instance at 0x1481e21fe140>,70,12,[7 2],104,120,132,16,111
1,<environment.Job instance at 0x1481e21fe4b0>,71,1,[2 6],105,113,114,8,111
1,<environment.Job instance at 0x1481e21fe2d0>,73,2,[8 1],107,132,134,25,111
1,<environment.Job instance at 0x1481e21fe910>,74,2,[6 1],108,134,136,26,111
1,<environment.Job instance at 0x1481e21fef00>,75,3,[7 2],110,136,139,26,111
1,<environment.Job instance at 0x1481e21fe550>,76,3,[2 6],111,114,117,3,111
1,<environment.Job instance at 0x1481e45edd20>,78,2,[5 2],114,139,141,25,114
1,<environment.Job instance at 0x1481e45eda00>,81,3,[1 6],117,124,127,7,124
1,<environment.Job instance at 0x1481e45ed6e0>,83,3,[7 1],119,141,144,22,124
1,<environment.Job instance at 0x1481e45ed370>,85,12,[2 9],121,141,153,20,125
1,<environment.Job instance at 0x1481e78c1f50>,87,3,[ 2 10],125,153,156,28,127
1,<environment.Job instance at 0x1481e78c1cd0>,89,3,[1 8],130,130,133,0,130
1,<environment.Job instance at 0x1481e78c1be0>,90,2,[2 7],132,133,135,1,132
1,<environment.Job instance at 0x1481e78c1640>,91,14,[10  1],133,156,170,23,141
1,<environment.Job instance at 0x1481e9636870>,93,2,[1 6],136,170,172,34,143
1,<environment.Job instance at 0x1481e9636550>,95,3,[9 1],139,170,173,31,144
1,<environment.Job instance at 0x1481e9636aa0>,97,17,[1 8],141,172,189,31,160
1,<environment.Job instance at 0x1481e9636be0>,101,3,[8 2],147,173,176,26,160
1,<environment.Job instance at 0x1481e9636d20>,102,3,[2 5],148,189,192,41,163
1,<environment.Job instance at 0x1481e9636fa0>,103,3,[9 1],150,176,179,26,163
1,<environment.Job instance at 0x1481dfd974b0>,23,2,[8 1],33,2559,2561,2526,2559
1,<environment.Job instance at 0x1501ff7aaa00>,1,3,[1 9],2,2,5,0,2
1,<environment.Job instance at 0x1501a8f647d0>,6,18,[8 1],7,7,25,0,7
1,<environment.Job instance at 0x1501a8f64140>,8,13,[6 1],9,25,38,16,9
1,<environment.Job instance at 0x1501a971f410>,11,3,[1 8],13,13,16,0,13
1,<environment.Job instance at 0x1501a9771a50>,12,3,[1 8],14,16,19,2,14
1,<environment.Job instance at 0x1501a96b7be0>,13,2,[8 1],17,38,40,21,17
1,<environment.Job instance at 0x1501ff7aa5f0>,4,2,[7 2],5,40,42,35,17
1,<environment.Job instance at 0x1501a8f64550>,18,2,[10  1],25,42,44,17,25
1,<environment.Job instance at 0x1501a96b9780>,19,3,[6 2],26,44,47,18,26
1,<environment.Job instance at 0x1501a96c5d20>,21,3,[6 1],29,47,50,18,29
1,<environment.Job instance at 0x1501a969fc80>,23,2,[8 1],31,50,52,19,31
1,<environment.Job instance at 0x1501a9675b40>,25,2,[2 8],34,34,36,0,34
1,<environment.Job instance at 0x1501a9675a50>,26,1,[2 7],35,36,37,1,35
1,<environment.Job instance at 0x1501a9675fa0>,27,2,[2 7],36,37,39,1,36
1,<environment.Job instance at 0x1501a9675910>,29,16,[10  2],39,52,68,13,39
1,<environment.Job instance at 0x1501a96719b0>,31,3,[9 2],41,68,71,27,42
1,<environment.Job instance at 0x1501a96710f0>,33,1,[2 7],43,44,45,1,43
1,<environment.Job instance at 0x1501a96716e0>,38,1,[8 1],51,164,165,113,164
1,<environment.Job instance at 0x1501a97a1640>,39,3,[1 5],52,164,167,112,164
1,<environment.Job instance at 0x1501a9671370>,40,3,[1 6],53,167,170,114,164
1,<environment.Job instance at 0x1501a96da460>,42,1,[10  1],56,177,178,121,177
1,<environment.Job instance at 0x1501a96daeb0>,43,3,[7 2],57,178,181,121,177
1,<environment.Job instance at 0x1501a96da910>,44,3,[1 8],58,178,181,120,177
1,<environment.Job instance at 0x1501a96daa00>,45,3,[2 8],60,181,184,121,177
1,<environment.Job instance at 0x1501a968c050>,50,12,[9 1],68,184,196,116,177
1,<environment.Job instance at 0x1501a96811e0>,51,2,[8 2],69,181,183,112,177
1,<environment.Job instance at 0x1501a9681a00>,52,2,[1 7],72,184,186,112,177
1,<environment.Job instance at 0x1501a9681f00>,53,3,[6 1],73,196,199,123,177
1,<environment.Job instance at 0x1501a9681370>,54,2,[2 5],75,196,198,121,177
1,<environment.Job instance at 0x1501a96810a0>,56,1,[10  2],79,199,200,120,179
1,<environment.Job instance at 0x1501a96e7eb0>,59,1,[1 9],85,186,187,101,184
1,<environment.Job instance at 0x1501a9681eb0>,60,17,[8 1],86,200,217,114,188
1,<environment.Job instance at 0x1501a91c02d0>,61,3,[1 5],87,188,191,101,188
1,<environment.Job instance at 0x1501a96816e0>,62,3,[9 2],88,217,220,129,191
1,<environment.Job instance at 0x1501a91b3eb0>,63,3,[10  1],89,220,223,131,194
1,<environment.Job instance at 0x1501a9695780>,64,12,[9 1],91,223,235,132,206
1,<environment.Job instance at 0x1501a969dcd0>,66,3,[1 9],93,206,209,113,206
1,<environment.Job instance at 0x1501a91d9550>,68,3,[1 9],95,209,212,114,206
1,<environment.Job instance at 0x1501a91d9690>,71,3,[2 9],99,212,215,113,206
1,<environment.Job instance at 0x1501a91d2a00>,74,3,[6 2],106,235,238,129,209
1,<environment.Job instance at 0x1501a91ba7d0>,76,2,[2 5],108,215,217,107,209
1,<environment.Job instance at 0x1501a91d80a0>,78,3,[2 9],110,238,241,128,212
1,<environment.Job instance at 0x1501a91d83c0>,81,3,[ 2 10],114,241,244,127,215
1,<environment.Job instance at 0x1501a91d8870>,83,1,[10  1],117,244,245,127,217
1,<environment.Job instance at 0x1501a96978c0>,85,1,[7 2],120,245,246,125,218
1,<environment.Job instance at 0x1501a9697230>,86,2,[1 8],121,218,220,97,218
1,<environment.Job instance at 0x1501a9697320>,87,2,[2 6],122,235,237,113,218
1,<environment.Job instance at 0x1501a9697a00>,88,1,[1 5],123,223,224,100,218
1,<environment.Job instance at 0x1501a966d8c0>,89,2,[1 9],126,224,226,98,218
1,<environment.Job instance at 0x1501a966da00>,90,1,[2 7],127,237,238,110,218
1,<environment.Job instance at 0x1501a9671eb0>,32,3,[2 9],42,246,249,204,222
1,<environment.Job instance at 0x1501a966d550>,94,1,[5 1],131,238,239,107,224
1,<environment.Job instance at 0x1501a966dd20>,95,3,[2 8],132,249,252,117,224
1,<environment.Job instance at 0x1501a966daf0>,97,15,[10  2],135,252,267,117,238
1,<environment.Job instance at 0x1501a96925f0>,101,13,[2 9],140,267,280,127,254
1,<environment.Job instance at 0x1501a9692c80>,102,1,[2 8],141,280,281,139,254
1,<environment.Job instance at 0x1501a966fc80>,103,1,[ 2 10],142,281,282,139,254
1,<environment.Job instance at 0x1501a9692460>,105,1,[8 2],144,280,281,136,264
1,<environment.Job instance at 0x1501a8f61690>,108,2,[ 1 10],150,282,284,132,267
1,<environment.Job instance at 0x1501a8f61820>,110,3,[ 2 10],152,386,389,234,386
1,<environment.Job instance at 0x1501a8f611e0>,111,3,[2 5],153,389,392,236,386
1,<environment.Job instance at 0x1501a8f61230>,112,1,[8 1],154,389,390,235,386
1,<environment.Job instance at 0x1501a8f61190>,113,3,[5 2],156,390,393,234,386
1,<environment.Job instance at 0x1501a91da320>,114,15,[9 2],157,393,408,236,386
1,<environment.Job instance at 0x1501a91da280>,116,1,[1 6],159,392,393,233,386
1,<environment.Job instance at 0x1501a91da190>,117,1,[1 7],160,393,394,233,386
1,<environment.Job instance at 0x1501a91dad70>,118,3,[9 1],163,408,411,245,386
1,<environment.Job instance at 0x1501a8f60780>,120,1,[1 8],166,495,496,329,495
1,<environment.Job instance at 0x1501a8f60eb0>,122,3,[7 2],168,495,498,327,495
1,<environment.Job instance at 0x1501a8f60190>,123,2,[1 8],169,496,498,327,495
1,<environment.Job instance at 0x1501a8f92370>,0,3,[1 7],1,1,4,0,1
1,<environment.Job instance at 0x1501ab9aef00>,7,3,[5 1],13,27,30,14,27
1,<environment.Job instance at 0x1501ab9aeeb0>,8,15,[1 7],15,27,42,12,27
1,<environment.Job instance at 0x1501ab93f0a0>,9,3,[ 2 10],16,42,45,26,27
1,<environment.Job instance at 0x1501ab8afd20>,11,2,[ 2 10],21,45,47,24,27
1,<environment.Job instance at 0x1501ab8af1e0>,12,3,[5 2],22,30,33,8,27
1,<environment.Job instance at 0x1501ab8afcd0>,14,2,[ 2 10],24,47,49,23,29
1,<environment.Job instance at 0x1501ab8afa00>,15,2,[2 9],25,49,51,24,29
1,<environment.Job instance at 0x1501ab8af910>,17,19,[ 1 10],28,51,70,23,41
1,<environment.Job instance at 0x1501ab717640>,19,3,[5 2],30,70,73,40,44
1,<environment.Job instance at 0x1501ab717960>,24,15,[1 7],35,70,85,35,56
1,<environment.Job instance at 0x1501ab717be0>,27,12,[7 1],40,73,85,33,68
1,<environment.Job instance at 0x1501ab717f00>,28,2,[8 2],41,85,87,44,68
1,<environment.Job instance at 0x1501ab761280>,29,3,[8 1],42,87,90,45,68
1,<environment.Job instance at 0x1501ab761230>,30,2,[2 5],43,85,87,42,68
1,<environment.Job instance at 0x1501ab761b40>,31,3,[6 1],44,90,93,46,68
1,<environment.Job instance at 0x1501ab7616e0>,32,2,[10  1],45,93,95,48,68
1,<environment.Job instance at 0x1501ab7615a0>,33,3,[ 2 10],47,95,98,48,69
1,<environment.Job instance at 0x1501ab761f00>,36,17,[1 6],51,98,115,47,86
1,<environment.Job instance at 0x1501ab703be0>,37,17,[7 1],52,98,115,46,86
1,<environment.Job instance at 0x1501ab703eb0>,38,1,[2 6],53,87,88,34,86
1,<environment.Job instance at 0x1501ab703b90>,40,15,[9 2],60,115,130,55,101
1,<environment.Job instance at 0x1501ab706aa0>,41,1,[9 1],61,130,131,69,102
1,<environment.Job instance at 0x1501ab706f50>,42,12,[1 5],62,115,127,53,102
1,<environment.Job instance at 0x1501ab706e60>,43,2,[6 2],63,131,133,68,104
1,<environment.Job instance at 0x1501ab706320>,44,1,[9 1],65,133,134,68,105
1,<environment.Job instance at 0x1501ab706cd0>,45,2,[8 1],66,134,136,68,107
1,<environment.Job instance at 0x1501ab706500>,46,1,[ 1 10],67,136,137,69,108
1,<environment.Job instance at 0x1501ab6fc230>,47,2,[1 5],69,127,129,58,108
1,<environment.Job instance at 0x1501ab6fc7d0>,48,3,[1 5],70,129,132,59,108
1,<environment.Job instance at 0x1501ab6fcdc0>,49,2,[10  2],71,137,139,66,110
1,<environment.Job instance at 0x1501ab6fc960>,50,3,[2 8],75,139,142,64,113
1,<environment.Job instance at 0x1501ab76fc80>,58,14,[2 8],89,142,156,53,131
1,<environment.Job instance at 0x1501ab76f780>,59,3,[8 1],92,139,142,47,131
1,<environment.Job instance at 0x1501ab76f5f0>,60,1,[7 2],93,142,143,49,131
1,<environment.Job instance at 0x1501ab76f6e0>,61,2,[5 2],94,143,145,49,131
1,<environment.Job instance at 0x1501ab6f6dc0>,63,14,[6 1],97,145,159,48,131
1,<environment.Job instance at 0x1501ab6f60a0>,69,16,[1 7],104,156,172,52,153
1,<environment.Job instance at 0x1501ab6f6cd0>,70,3,[ 2 10],105,172,175,67,153
1,<environment.Job instance at 0x1501ab8075f0>,72,3,[1 5],109,175,178,66,156
1,<environment.Job instance at 0x1501ab814d70>,74,1,[2 8],111,178,179,67,161
1,<environment.Job instance at 0x1501ab814dc0>,75,1,[7 1],112,161,162,49,161
1,<environment.Job instance at 0x1501ab814460>,77,2,[8 2],115,164,166,49,164
1,<environment.Job instance at 0x1501ab8197d0>,78,3,[1 7],116,179,182,63,164
1,<environment.Job instance at 0x1501ab819d70>,79,18,[8 1],117,175,193,58,164
1,<environment.Job instance at 0x1501ab819f00>,80,1,[5 2],118,166,167,48,164
1,<environment.Job instance at 0x1501ab8193c0>,81,1,[1 8],119,182,183,63,164
1,<environment.Job instance at 0x1501ab8190a0>,82,3,[1 7],120,183,186,63,164
1,<environment.Job instance at 0x1501ab819960>,83,2,[5 2],122,167,169,45,164
1,<environment.Job instance at 0x1501ab819230>,84,2,[1 7],124,186,188,62,164
1,<environment.Job instance at 0x1501ab819320>,85,2,[5 2],125,169,171,44,164
1,<environment.Job instance at 0x1501ab8194b0>,86,1,[1 6],127,188,189,61,164
1,<environment.Job instance at 0x1501ab81dc80>,87,12,[7 1],128,193,205,65,176
1,<environment.Job instance at 0x1501ab819500>,88,2,[10  1],129,205,207,76,178
1,<environment.Job instance at 0x1501ab81dbe0>,89,3,[2 7],130,189,192,59,178
1,<environment.Job instance at 0x1501ab708e60>,91,1,[2 5],134,192,193,58,182
1,<environment.Job instance at 0x1501ab72caf0>,92,3,[1 8],135,193,196,58,182
1,<environment.Job instance at 0x1501ab72cd20>,94,2,[7 2],139,207,209,68,190
1,<environment.Job instance at 0x1501ab72c820>,95,3,[ 2 10],141,209,212,68,190
1,<environment.Job instance at 0x1501ab85dfa0>,96,14,[8 2],142,212,226,70,197
1,<environment.Job instance at 0x1501ab7265a0>,100,2,[ 1 10],147,226,228,79,199
1,<environment.Job instance at 0x1501ab726780>,101,3,[7 2],148,228,231,80,202
1,<environment.Job instance at 0x1501abb79640>,104,3,[1 9],152,231,234,79,206
1,<environment.Job instance at 0x1501ab83f2d0>,105,1,[6 1],153,231,232,78,206
1,<environment.Job instance at 0x1501b3badcd0>,106,3,[5 1],154,232,235,78,206
1,<environment.Job instance at 0x1501a8b96190>,107,3,[1 7],159,212,215,53,206
1,<environment.Job instance at 0x1501ab9696e0>,108,12,[7 1],161,235,247,74,218
1,<environment.Job instance at 0x1501a97a6320>,110,2,[10  1],163,247,249,84,220
1,<environment.Job instance at 0x1501abb398c0>,111,3,[1 9],164,234,237,70,220
1,<environment.Job instance at 0x1501ab968c80>,112,3,[1 8],168,220,223,52,220
1,<environment.Job instance at 0x1501acf98d20>,1,2,[9 2],2,2,4,0,2
1,<environment.Job instance at 0x1501acf98a00>,2,3,[5 2],3,4,7,1,3
1,<environment.Job instance at 0x1501ab8e90a0>,4,1,[ 2 10],5,7,8,2,5
1,<environment.Job instance at 0x1501aa1d6690>,8,12,[2 9],13,13,25,0,13
1,<environment.Job instance at 0x1501ab67edc0>,9,3,[5 2],14,25,28,11,14
1,<environment.Job instance at 0x1501ab67ebe0>,11,15,[8 2],16,28,43,12,17
1,<environment.Job instance at 0x1501ab67e5f0>,12,17,[10  1],18,43,60,25,31
1,<environment.Job instance at 0x1501a961b500>,17,2,[8 1],28,314,316,286,314
1,<environment.Job instance at 0x1501a961b0f0>,24,2,[1 6],38,969,971,931,969
1,<environment.Job instance at 0x1501ab6debe0>,25,3,[ 2 10],40,971,974,931,969
1,<environment.Job instance at 0x1501ab6de9b0>,26,1,[7 2],41,969,970,928,969
1,<environment.Job instance at 0x1501ab6de500>,27,3,[9 1],42,974,977,932,969
1,<environment.Job instance at 0x1501ab6de8c0>,28,16,[9 1],43,977,993,934,969
1,<environment.Job instance at 0x1501ab6de550>,29,1,[6 2],45,970,971,925,969
1,<environment.Job instance at 0x1501ab6dcd70>,30,3,[2 7],46,993,996,947,969
1,<environment.Job instance at 0x1501ab6dc5a0>,32,2,[ 1 10],49,996,998,947,978
1,<environment.Job instance at 0x1501ab6dce60>,33,3,[10  2],50,998,1001,948,978
1,<environment.Job instance at 0x1501ab6dcd20>,34,2,[2 9],51,1001,1003,950,978
1,<environment.Job instance at 0x1501ab6dc640>,35,3,[9 1],54,1003,1006,949,978
1,<environment.Job instance at 0x1501ab7780a0>,38,3,[5 1],60,993,996,933,990
1,<environment.Job instance at 0x1501ab778c80>,39,14,[1 6],62,1003,1017,941,990
1,<environment.Job instance at 0x1501ab7780f0>,40,2,[5 1],63,1001,1003,938,990
1,<environment.Job instance at 0x1501ab778aa0>,42,2,[10  2],65,1017,1019,952,990
1,<environment.Job instance at 0x1501ab778410>,44,3,[9 2],68,1006,1009,938,990
1,<environment.Job instance at 0x1501ab778320>,45,3,[6 2],71,1009,1012,938,990
1,<environment.Job instance at 0x1501ab778d70>,46,2,[5 2],72,1012,1014,940,990
1,<environment.Job instance at 0x1501ab778c30>,47,3,[1 7],73,990,993,917,990
1,<environment.Job instance at 0x1501ab7251e0>,48,2,[9 2],75,1014,1016,939,990
1,<environment.Job instance at 0x1501ab725f50>,49,1,[7 2],76,1016,1017,940,990
1,<environment.Job instance at 0x1501ab7926e0>,52,14,[1 9],80,1019,1033,939,1005
1,<environment.Job instance at 0x1501ab792730>,53,3,[6 1],83,1019,1022,936,1005
1,<environment.Job instance at 0x1501ab7921e0>,55,2,[2 9],85,1033,1035,948,1006
1,<environment.Job instance at 0x1501ab792910>,56,2,[2 5],86,1035,1037,949,1008
1,<environment.Job instance at 0x1501ab792f50>,58,12,[5 2],88,1035,1047,947,1018
1,<environment.Job instance at 0x1501ab823b90>,59,3,[8 1],89,1022,1025,933,1018
1,<environment.Job instance at 0x1501ab823370>,60,3,[8 1],93,1025,1028,932,1018
1,<environment.Job instance at 0x1501ab8230a0>,61,1,[10  1],94,1047,1048,953,1019
1,<environment.Job instance at 0x1501ab823190>,63,15,[2 8],98,1048,1063,950,1034
1,<environment.Job instance at 0x1501acbbda50>,66,1,[2 6],103,1045,1046,942,1045
1,<environment.Job instance at 0x1501acbbd780>,67,2,[1 5],105,1063,1065,958,1045
1,<environment.Job instance at 0x1501acb2e640>,68,2,[8 1],106,1048,1050,942,1045
1,<environment.Job instance at 0x1501acb2eeb0>,69,3,[2 9],107,1065,1068,958,1045
1,<environment.Job instance at 0x1501acb2ebe0>,70,1,[5 1],109,1046,1047,937,1045
1,<environment.Job instance at 0x1501acb2ea00>,71,3,[1 5],110,1068,1071,958,1045
1,<environment.Job instance at 0x1501acb2ef00>,72,2,[1 9],111,1071,1073,960,1045
1,<environment.Job instance at 0x1501acb2e230>,73,3,[2 8],112,1073,1076,961,1047
1,<environment.Job instance at 0x1501acb2e190>,74,1,[1 8],115,1076,1077,961,1048
1,<environment.Job instance at 0x1501ab80e690>,76,3,[1 6],117,1077,1080,960,1053
1,<environment.Job instance at 0x1501ab80e8c0>,77,2,[8 2],118,1053,1055,935,1053
1,<environment.Job instance at 0x1501ab80e410>,78,14,[9 1],120,1076,1090,956,1061
1,<environment.Job instance at 0x1501ab80eeb0>,79,3,[10  1],121,1090,1093,969,1064
1,<environment.Job instance at 0x1501ab80e280>,80,2,[1 7],122,1080,1082,958,1064
1,<environment.Job instance at 0x1501ab80e0a0>,82,3,[1 9],124,1082,1085,958,1069
1,<environment.Job instance at 0x1501acc92960>,85,15,[10  1],129,1093,1108,964,1079
1,<environment.Job instance at 0x1501acc92d20>,89,2,[6 1],134,1542,1544,1408,1542
1,<environment.Job instance at 0x1501acc92640>,90,3,[10  1],136,1544,1547,1408,1542
1,<environment.Job instance at 0x1501abaaaeb0>,91,3,[10  2],137,1547,1550,1410,1542
1,<environment.Job instance at 0x1501abaaac30>,94,1,[1 5],142,1562,1563,1420,1562
1,<environment.Job instance at 0x1501abaaad70>,95,18,[8 2],143,1562,1580,1419,1562
1,<environment.Job instance at 0x1501abaaad20>,96,3,[1 6],144,1563,1566,1419,1562
1,<environment.Job instance at 0x1501a961b870>,21,3,[1 8],34,1566,1569,1532,1562
1,<environment.Job instance at 0x1501a88c07d0>,100,15,[7 2],148,1580,1595,1432,1568
1,<environment.Job instance at 0x1501ab8cae10>,101,16,[2 8],149,1577,1593,1428,1577
1,<environment.Job instance at 0x1501ab8ca0a0>,102,3,[6 1],150,1595,1598,1445,1577
1,<environment.Job instance at 0x1501ab8cad70>,104,3,[2 8],152,1593,1596,1441,1577
1,<environment.Job instance at 0x1501ab8caa50>,106,3,[5 2],156,1598,1601,1442,1577
1,<environment.Job instance at 0x1501ab8cac30>,107,1,[6 2],158,1601,1602,1443,1577
1,<environment.Job instance at 0x1501ab8ca870>,109,1,[6 2],161,1602,1603,1441,1577
1,<environment.Job instance at 0x1501ab8ca500>,110,1,[2 9],162,1596,1597,1434,1577
1,<environment.Job instance at 0x1501aba57e10>,112,2,[10  1],164,1603,1605,1439,1581
1,<environment.Job instance at 0x1501aba57b40>,113,2,[2 7],166,1597,1599,1431,1581
1,<environment.Job instance at 0x1501aba57f00>,114,1,[5 2],167,1599,1600,1432,1581
1,<environment.Job instance at 0x1501aba57a50>,115,1,[2 5],168,1600,1601,1432,1581
1,<environment.Job instance at 0x1501aba3c500>,0,3,[2 5],1,1,4,0,1
1,<environment.Job instance at 0x1501ab67ea00>,2,2,[5 2],3,3,5,0,3
1,<environment.Job instance at 0x1501ab67ecd0>,3,1,[7 1],6,6,7,0,6
1,<environment.Job instance at 0x1501ab98de10>,4,2,[7 1],7,7,9,0,7
1,<environment.Job instance at 0x1501ab98dc80>,6,3,[10  2],9,9,12,0,9
1,<environment.Job instance at 0x1501ab98db90>,7,2,[5 2],10,12,14,2,10
1,<environment.Job instance at 0x1501b118b910>,9,3,[1 7],13,13,16,0,13
1,<environment.Job instance at 0x1501acfabc30>,16,3,[2 7],22,22,25,0,22
1,<environment.Job instance at 0x1501b2807c30>,20,15,[7 1],27,27,42,0,27
1,<environment.Job instance at 0x1501b116caa0>,24,3,[1 7],33,33,36,0,33
1,<environment.Job instance at 0x1501a9634730>,25,17,[2 7],34,36,53,2,34
1,<environment.Job instance at 0x1501accca550>,28,3,[5 1],37,42,45,5,37
1,<environment.Job instance at 0x1501accca820>,29,1,[10  1],38,53,54,15,38
1,<environment.Job instance at 0x1501d00dc050>,31,12,[9 2],40,54,66,14,40
1,<environment.Job instance at 0x1501d00dca00>,33,3,[9 2],42,66,69,24,42
1,<environment.Job instance at 0x1501d00dc0f0>,34,2,[10  2],43,69,71,26,43
1,<environment.Job instance at 0x1501b27f5370>,45,2,[7 1],56,71,73,15,56
1,<environment.Job instance at 0x1501b2e230f0>,46,3,[7 1],57,73,76,16,57
1,<environment.Job instance at 0x1501b11a0870>,47,13,[10  1],58,76,89,18,60
1,<environment.Job instance at 0x1501b2e5ad70>,50,2,[10  2],62,89,91,27,75
1,<environment.Job instance at 0x1501d15b8c80>,51,3,[7 1],66,91,94,25,75
1,<environment.Job instance at 0x1501af71a5a0>,52,3,[2 8],67,91,94,24,75
1,<environment.Job instance at 0x1501d15b80a0>,53,3,[1 9],68,94,97,26,75
1,<environment.Job instance at 0x1501d15b8dc0>,54,16,[10  1],69,97,113,28,84
1,<environment.Job instance at 0x1501b2e4bf00>,55,3,[2 9],70,113,116,43,87
1,<environment.Job instance at 0x1501b2e8b1e0>,57,12,[7 1],74,113,125,39,96
1,<environment.Job instance at 0x1501a8d350a0>,58,3,[10  1],77,125,128,48,99
1,<environment.Job instance at 0x1501a8d053c0>,59,3,[6 1],79,128,131,49,102
1,<environment.Job instance at 0x1501a8997050>,66,3,[5 2],90,131,134,41,106
1,<environment.Job instance at 0x1501acb853c0>,69,3,[8 1],93,134,137,41,113
1,<environment.Job instance at 0x1501a8798f00>,70,3,[2 6],96,116,119,20,113
1,<environment.Job instance at 0x1501d0132c80>,71,18,[1 5],97,128,146,31,117
1,<environment.Job instance at 0x1501aca6d730>,74,3,[2 9],104,146,149,42,124
1,<environment.Job instance at 0x1501aca6d690>,76,1,[5 2],106,137,138,31,124
1,<environment.Job instance at 0x1501acab8910>,79,16,[ 2 10],112,149,165,37,136
1,<environment.Job instance at 0x1501acab8140>,80,3,[10  2],113,165,168,52,139
1,<environment.Job instance at 0x1501d00d1e10>,85,3,[10  2],124,168,171,44,142
1,<environment.Job instance at 0x1501aba57960>,86,3,[5 1],128,142,145,14,142
1,<environment.Job instance at 0x1501b3b97500>,90,3,[9 1],132,171,174,39,145
1,<environment.Job instance at 0x1501a88ca8c0>,94,21,[1 8],136,171,192,35,164
1,<environment.Job instance at 0x1501a88cabe0>,95,17,[2 8],137,192,209,55,180
1,<environment.Job instance at 0x1501a88cafa0>,96,2,[6 1],139,180,182,41,180
1,<environment.Job instance at 0x1501a88ca690>,98,3,[9 2],142,182,185,40,180
1,<environment.Job instance at 0x1501a88ca6e0>,99,2,[5 1],143,185,187,42,180
1,<environment.Job instance at 0x1501a88ca460>,101,3,[9 2],145,209,212,64,191
1,<environment.Job instance at 0x1501acbef3c0>,102,2,[2 9],147,212,214,65,191
1,<environment.Job instance at 0x1501acbefc80>,104,1,[5 1],153,196,197,43,196
1,<environment.Job instance at 0x1501acbefcd0>,105,13,[10  1],155,214,227,59,198
1,<environment.Job instance at 0x1501acbef500>,106,2,[1 8],157,209,211,52,198
1,<environment.Job instance at 0x1501acbef320>,107,1,[10  2],158,227,228,69,199
1,<environment.Job instance at 0x1501acbefb40>,108,3,[2 8],159,228,231,69,202
1,<environment.Job instance at 0x1501acbef460>,112,3,[6 2],167,228,231,61,209
1,<environment.Job instance at 0x1501acfe7960>,0,3,[1 9],1,1,4,0,1
1,<environment.Job instance at 0x1501a8b350f0>,3,12,[7 1],6,6,18,0,6
1,<environment.Job instance at 0x1501a8b60d20>,0,3,[2 8],1,1,4,0,1
1,<environment.Job instance at 0x1501a8b352d0>,1,2,[2 5],2,4,6,2,2
1,<environment.Job instance at 0x1501accad780>,5,3,[10  2],7,7,10,0,7
1,<environment.Job instance at 0x1501a8870640>,6,3,[2 5],9,10,13,1,9
1,<environment.Job instance at 0x1501accad140>,7,17,[1 7],10,13,30,3,10
1,<environment.Job instance at 0x1501accad8c0>,8,3,[7 2],11,11,14,0,11
1,<environment.Job instance at 0x1501accad3c0>,9,2,[2 9],12,30,32,18,12
1,<environment.Job instance at 0x1501a8bc80a0>,10,2,[2 7],13,32,34,19,13
1,<environment.Job instance at 0x1501a8bc80f0>,11,18,[6 1],15,15,33,0,15
1,<environment.Job instance at 0x1501a8bc8b40>,17,1,[6 1],22,33,34,11,22
1,<environment.Job instance at 0x1501a8bc85f0>,18,2,[9 1],24,34,36,10,24
1,<environment.Job instance at 0x1501a8bc8a00>,19,19,[1 5],26,34,53,8,26
1,<environment.Job instance at 0x1501a8bc8050>,20,1,[8 1],27,36,37,9,27
1,<environment.Job instance at 0x1501a8bc8640>,21,1,[5 1],29,37,38,8,29
1,<environment.Job instance at 0x1501a8bc86e0>,22,2,[7 2],30,38,40,8,30
1,<environment.Job instance at 0x1501a8d9d7d0>,27,1,[6 1],37,50,51,13,50
1,<environment.Job instance at 0x1501a8d9d960>,28,2,[6 1],39,51,53,12,50
1,<environment.Job instance at 0x1501a8d9d5f0>,30,15,[10  2],44,53,68,9,50
1,<environment.Job instance at 0x1501a8d9dc30>,31,2,[7 2],45,68,70,23,50
1,<environment.Job instance at 0x1501a8d9d3c0>,32,1,[1 5],47,68,69,21,50
1,<environment.Job instance at 0x1501b3b97e10>,38,1,[1 8],54,177,178,123,177
1,<environment.Job instance at 0x1501a8a10c30>,40,2,[10  2],57,178,180,121,177
1,<environment.Job instance at 0x1501a8a10910>,41,1,[6 1],60,177,178,117,177
1,<environment.Job instance at 0x1501a8a10e10>,43,2,[2 7],63,180,182,117,177
1,<environment.Job instance at 0x1501a8a100f0>,44,3,[2 5],64,182,185,118,177
1,<environment.Job instance at 0x1501a8a10d20>,47,1,[10  1],68,188,189,120,188
1,<environment.Job instance at 0x1501a8a10aa0>,48,3,[10  1],71,189,192,118,188
1,<environment.Job instance at 0x1501a8a10c80>,49,2,[ 2 10],72,192,194,120,188
1,<environment.Job instance at 0x1501a8a104b0>,50,3,[9 2],73,194,197,121,188
1,<environment.Job instance at 0x1501a8a10a00>,51,1,[1 9],74,197,198,123,188
1,<environment.Job instance at 0x1501a8a10f00>,52,1,[8 2],77,198,199,121,188
1,<environment.Job instance at 0x1501a8a10690>,53,22,[2 5],79,198,220,119,191
1,<environment.Job instance at 0x1501a8a103c0>,54,1,[9 2],80,220,221,140,192
1,<environment.Job instance at 0x1501a8a109b0>,55,1,[10  1],81,221,222,140,193
1,<environment.Job instance at 0x1501a8a10550>,57,13,[7 2],84,222,235,138,211
1,<environment.Job instance at 0x1501a8a102d0>,58,3,[6 2],86,211,214,125,211
1,<environment.Job instance at 0x1501a8a10370>,62,2,[7 1],91,235,237,144,235
1,<environment.Job instance at 0x1501a8a100a0>,63,1,[8 1],92,237,238,145,235
1,<environment.Job instance at 0x1501b3be2c80>,64,2,[10  2],93,238,240,145,235
1,<environment.Job instance at 0x1501b3be2320>,65,14,[9 1],94,240,254,146,235
1,<environment.Job instance at 0x1501b3be25f0>,66,3,[9 2],95,254,257,159,235
1,<environment.Job instance at 0x1501b3be2820>,67,1,[6 2],97,257,258,160,235
1,<environment.Job instance at 0x1501b3be2be0>,69,2,[2 7],99,235,237,136,235
1,<environment.Job instance at 0x1501b3be2a50>,70,3,[9 2],101,258,261,157,235
1,<environment.Job instance at 0x1501b3be2960>,71,3,[10  1],102,261,264,159,235
1,<environment.Job instance at 0x1501b3be2640>,74,17,[1 6],111,244,261,133,244
1,<environment.Job instance at 0x1501b3be29b0>,75,3,[1 9],112,264,267,152,244
1,<environment.Job instance at 0x1501b3be2690>,78,3,[2 8],118,267,270,149,251
1,<environment.Job instance at 0x1501b3be2870>,81,2,[8 2],122,267,269,145,251
1,<environment.Job instance at 0x1501b3be2050>,82,15,[10  1],123,270,285,147,256
1,<environment.Job instance at 0x1501b3be2460>,84,1,[8 2],125,269,270,144,257
1,<environment.Job instance at 0x1501b3be2a00>,85,2,[ 1 10],126,285,287,159,258
1,<environment.Job instance at 0x1501a96c3320>,88,2,[2 6],129,289,291,160,289
1,<environment.Job instance at 0x1501a96c3c80>,89,1,[8 1],130,289,290,159,289
1,<environment.Job instance at 0x1501a96c3550>,90,1,[7 2],132,290,291,158,289
1,<environment.Job instance at 0x1501a96c30a0>,92,3,[1 7],134,291,294,157,289
1,<environment.Job instance at 0x1501a96c3730>,93,2,[6 2],136,291,293,155,289
1,<environment.Job instance at 0x1501a9771230>,94,3,[9 1],137,293,296,156,289
1,<environment.Job instance at 0x1501a9771f50>,95,14,[7 1],138,296,310,158,289
1,<environment.Job instance at 0x1501a9771a50>,97,14,[9 2],140,310,324,170,295
1,<environment.Job instance at 0x1501a9771be0>,98,1,[1 9],141,295,296,154,295
1,<environment.Job instance at 0x1501a97714b0>,99,16,[1 8],142,296,312,154,295
1,<environment.Job instance at 0x1501a9771e60>,100,1,[6 1],143,324,325,181,296
1,<environment.Job instance at 0x1501a9771410>,101,3,[5 2],144,325,328,181,299
1,<environment.Job instance at 0x1501a9771a00>,103,2,[8 2],146,328,330,182,305
1,<environment.Job instance at 0x1501a9771f00>,104,1,[9 2],147,330,331,183,305
1,<environment.Job instance at 0x1501a9771910>,105,2,[1 7],148,312,314,164,305
1,<environment.Job instance at 0x1501a9771960>,107,16,[2 9],152,331,347,179,318
1,<environment.Job instance at 0x1501a9771050>,111,1,[5 2],158,347,348,189,331
1,<environment.Job instance at 0x1501a97710a0>,112,1,[8 2],159,348,349,189,331
1,<environment.Job instance at 0x1501a97715a0>,113,2,[7 2],161,349,351,188,331
1,<environment.Job instance at 0x1501b2eddcd0>,114,3,[6 1],163,331,334,168,331
1,<environment.Job instance at 0x1501b2eddd20>,115,2,[10  1],164,351,353,187,331
1,<environment.Job instance at 0x1501b2eddb90>,116,1,[9 1],165,353,354,188,331
1,<environment.Job instance at 0x1501b2eddd70>,117,3,[5 1],166,334,337,168,331
1,<environment.Job instance at 0x1501b2eddc30>,118,3,[1 6],167,347,350,180,331
1,<environment.Job instance at 0x1501a8bc8320>,16,16,[6 2],21,1497,1513,1476,1497
1,<environment.Job instance at 0x1501b3adbb90>,1,3,[9 1],6,6,9,0,6
1,<environment.Job instance at 0x1501a9651320>,3,2,[1 8],9,9,11,0,9
1,<environment.Job instance at 0x1501a8a50dc0>,5,2,[9 2],13,14,16,1,14
1,<environment.Job instance at 0x1501aba18410>,9,3,[1 8],21,21,24,0,21
1,<environment.Job instance at 0x1501a8a71fa0>,12,12,[7 2],26,26,38,0,26
1,<environment.Job instance at 0x1501a8a71910>,13,15,[ 2 10],32,38,53,6,32
1,<environment.Job instance at 0x1501abb66870>,18,1,[6 2],38,53,54,15,38
1,<environment.Job instance at 0x1501ab8279b0>,21,2,[5 2],41,54,56,13,41
1,<environment.Job instance at 0x1501d0041c80>,23,3,[2 8],43,53,56,10,43
1,<environment.Job instance at 0x1501acabd910>,24,3,[8 2],45,56,59,11,45
1,<environment.Job instance at 0x1501b2e41550>,25,1,[ 2 10],46,59,60,13,46
1,<environment.Job instance at 0x1501b2e411e0>,26,2,[1 6],47,56,58,9,47
1,<environment.Job instance at 0x1501b2e41a00>,27,2,[8 1],48,60,62,12,48
1,<environment.Job instance at 0x1501b2e41f00>,28,1,[2 7],50,58,59,8,50
1,<environment.Job instance at 0x1501b2e415a0>,30,13,[7 1],52,62,75,10,52
1,<environment.Job instance at 0x1501b2e41c30>,31,3,[ 2 10],55,75,78,20,55
1,<environment.Job instance at 0x1501a888d820>,35,2,[1 7],59,60,62,1,59
1,<environment.Job instance at 0x1501abba5280>,36,3,[2 8],60,62,65,2,60
1,<environment.Job instance at 0x1501abb55690>,41,3,[6 1],67,78,81,11,67
1,<environment.Job instance at 0x1501a8c5ee10>,43,1,[7 1],69,81,82,12,69
1,<environment.Job instance at 0x1501ab690c30>,49,3,[8 1],78,82,85,4,78
1,<environment.Job instance at 0x1501b2f6b640>,51,2,[8 2],83,85,87,2,83
1,<environment.Job instance at 0x1501aac26730>,52,17,[10  1],86,87,104,1,86
1,<environment.Job instance at 0x1501aac26e10>,53,3,[2 6],87,104,107,17,87
1,<environment.Job instance at 0x1501aac26280>,54,2,[7 1],88,104,106,16,88
1,<environment.Job instance at 0x1501aac263c0>,62,12,[2 8],101,107,119,6,101
1,<environment.Job instance at 0x1501d15941e0>,65,1,[9 1],104,119,120,15,108
1,<environment.Job instance at 0x1501d1594e60>,66,1,[ 2 10],105,120,121,15,108
1,<environment.Job instance at 0x1501d15943c0>,68,3,[ 1 10],111,121,124,10,111
1,<environment.Job instance at 0x1501d1594910>,69,1,[8 2],112,112,113,0,112
1,<environment.Job instance at 0x1501d15946e0>,70,18,[9 1],113,124,142,11,113
1,<environment.Job instance at 0x1501d1594870>,71,2,[8 1],115,115,117,0,115
1,<environment.Job instance at 0x1501d15947d0>,72,13,[8 2],116,142,155,26,126
1,<environment.Job instance at 0x1501ab687eb0>,75,3,[1 5],120,126,129,6,126
1,<environment.Job instance at 0x1501ab687aa0>,76,3,[8 2],123,155,158,32,129
1,<environment.Job instance at 0x1501ab687fa0>,78,3,[2 8],125,142,145,17,129
1,<environment.Job instance at 0x1501ab6872d0>,81,1,[1 7],130,131,132,1,131
1,<environment.Job instance at 0x1501ab687a00>,83,16,[1 6],132,145,161,13,132
1,<environment.Job instance at 0x1501acc37be0>,84,15,[10  2],133,161,176,28,147
1,<environment.Job instance at 0x1501acc37e10>,85,2,[5 1],135,158,160,23,147
1,<environment.Job instance at 0x1501acc37550>,87,3,[5 1],137,176,179,39,150
1,<environment.Job instance at 0x1501acc37410>,93,3,[9 1],146,179,182,33,153
1,<environment.Job instance at 0x1501ab7f30f0>,96,16,[9 2],150,182,198,32,169
1,<environment.Job instance at 0x1501ab7f34b0>,97,3,[ 2 10],151,198,201,47,172
1,<environment.Job instance at 0x1501ab7f3af0>,101,1,[5 1],156,176,177,20,175
1,<environment.Job instance at 0x1501ab7f31e0>,102,1,[8 1],158,201,202,43,175
1,<environment.Job instance at 0x1501ab7f3a50>,104,1,[2 9],161,177,178,16,175
1,<environment.Job instance at 0x1501ab7f3410>,105,3,[1 9],162,178,181,16,175
1,<environment.Job instance at 0x1501b2f4f0f0>,109,3,[2 5],168,201,204,33,184
1,<environment.Job instance at 0x1501b2f4f5f0>,110,2,[6 2],169,202,204,33,184
1,<environment.Job instance at 0x1501b2e78c80>,2,1,[10  1],3,3,4,0,3
1,<environment.Job instance at 0x1501abb19320>,4,1,[7 1],5,5,6,0,5
1,<environment.Job instance at 0x1501abb192d0>,5,3,[9 2],6,6,9,0,6
1,<environment.Job instance at 0x1501acac1a50>,8,3,[2 5],9,9,12,0,9
1,<environment.Job instance at 0x1501b3ad6870>,9,2,[8 1],10,10,12,0,10
1,<environment.Job instance at 0x1501a96da9b0>,10,27,[6 1],11,12,39,1,11
1,<environment.Job instance at 0x1501b3b89c80>,16,3,[7 2],18,39,42,21,26
1,<environment.Job instance at 0x1501a8aa8eb0>,19,16,[5 2],23,42,58,19,29
1,<environment.Job instance at 0x1501d1f1e6e0>,20,1,[6 1],25,58,59,33,30
1,<environment.Job instance at 0x1501acbc6a00>,26,3,[2 9],33,58,61,25,57
1,<environment.Job instance at 0x1501a8bdfa00>,27,17,[1 8],35,61,78,26,57
1,<environment.Job instance at 0x1501a8b3e910>,32,1,[1 5],41,78,79,37,61
1,<environment.Job instance at 0x1501a8b3e410>,33,2,[9 1],42,61,63,19,61
1,<environment.Job instance at 0x1501a8b3e230>,34,3,[9 2],43,63,66,20,61
1,<environment.Job instance at 0x1501a8b3e320>,35,17,[5 2],44,66,83,22,61
1,<environment.Job instance at 0x1501ff6ba280>,40,17,[5 2],50,79,96,29,67
1,<environment.Job instance at 0x1501d22de5a0>,42,2,[8 2],53,96,98,43,69
1,<environment.Job instance at 0x1501a8b50690>,46,18,[10  2],58,98,116,40,87
1,<environment.Job instance at 0x1501a8a0baa0>,49,3,[1 6],61,90,93,29,90
1,<environment.Job instance at 0x1501ab8577d0>,52,16,[8 2],65,116,132,51,103
1,<environment.Job instance at 0x1501d0041f50>,57,1,[1 6],72,116,117,44,103
1,<environment.Job instance at 0x1501d0041a50>,59,2,[5 1],74,132,134,58,105
1,<environment.Job instance at 0x1501ab8c3e60>,60,2,[7 2],75,134,136,59,107
1,<environment.Job instance at 0x1501aac45460>,61,1,[1 6],76,117,118,41,107
1,<environment.Job instance at 0x1501b27ed690>,62,3,[2 6],77,118,121,41,107
1,<environment.Job instance at 0x1501d1e5d6e0>,63,3,[1 9],78,136,139,58,110
1,<environment.Job instance at 0x1501d17f5a50>,64,3,[6 1],79,136,139,57,110
1,<environment.Job instance at 0x1501accb9aa0>,69,2,[2 5],89,122,124,33,122
1,<environment.Job instance at 0x1501acc2abe0>,70,3,[9 1],90,139,142,49,122
1,<environment.Job instance at 0x1501a8721550>,71,16,[2 5],91,142,158,51,129
1,<environment.Job instance at 0x1501ab76fa50>,74,2,[1 7],94,130,132,36,130
1,<environment.Job instance at 0x1501b3ae4fa0>,76,3,[5 2],98,142,145,44,130
1,<environment.Job instance at 0x1501b3ae4370>,77,15,[8 1],99,145,160,46,131
1,<environment.Job instance at 0x1501ab76fcd0>,78,3,[2 7],100,132,135,32,131
1,<environment.Job instance at 0x1501ab968c30>,86,3,[2 6],115,158,161,43,142
1,<environment.Job instance at 0x1501abb74f00>,90,3,[1 9],121,161,164,40,144
1,<environment.Job instance at 0x1501abb745a0>,91,17,[1 5],122,164,181,42,152
1,<environment.Job instance at 0x1501abb74820>,92,3,[8 1],124,160,163,36,152
1,<environment.Job instance at 0x1501d1e77fa0>,94,1,[10  2],129,181,182,52,153
1,<environment.Job instance at 0x1501a8a00690>,96,1,[1 5],131,164,165,33,154
1,<environment.Job instance at 0x1501a8a00140>,97,3,[7 2],133,165,168,32,154
1,<environment.Job instance at 0x1501a89e4370>,100,3,[10  1],138,182,185,44,158
1,<environment.Job instance at 0x1501a89e4aa0>,102,3,[7 2],141,168,171,27,158
1,<environment.Job instance at 0x1501a89e4960>,104,15,[ 2 10],144,185,200,41,177
1,<environment.Job instance at 0x1501a89e4500>,106,3,[6 2],146,177,180,31,177
1,<environment.Job instance at 0x1501a892a230>,112,3,[2 5],155,217,220,62,217
1,<environment.Job instance at 0x1501a892a8c0>,113,18,[5 2],157,217,235,60,217
1,<environment.Job instance at 0x1501a892a460>,116,2,[6 2],161,235,237,74,217
1,<environment.Job instance at 0x1501a892a140>,117,3,[2 7],162,220,223,58,217
1,<environment.Job instance at 0x1501a892a910>,118,1,[10  1],166,237,238,71,217
1,<environment.Job instance at 0x1501abae00f0>,119,3,[10  1],167,238,241,71,217
1,<environment.Job instance at 0x1501abae06e0>,121,3,[1 5],169,223,226,54,217
1,<environment.Job instance at 0x1501a88078c0>,14,2,[2 9],15,790,792,775,790
1,<environment.Job instance at 0x1501a8413370>,3,3,[2 7],4,4,7,0,4
1,<environment.Job instance at 0x1501a8413e10>,4,1,[7 1],5,5,6,0,5
1,<environment.Job instance at 0x1501a8460820>,5,2,[7 2],6,6,8,0,6
1,<environment.Job instance at 0x1501a8413140>,6,13,[10  1],8,8,21,0,8
1,<environment.Job instance at 0x1501a8460f00>,7,3,[2 6],9,21,24,12,9
1,<environment.Job instance at 0x1501a84601e0>,8,2,[8 1],10,21,23,11,10
1,<environment.Job instance at 0x1501a84af500>,9,1,[6 2],11,23,24,12,11
1,<environment.Job instance at 0x1501a84af140>,10,1,[9 1],12,24,25,12,12
1,<environment.Job instance at 0x1501a8460460>,11,1,[2 5],14,25,26,11,14
1,<environment.Job instance at 0x1501a84af190>,12,3,[10  2],17,26,29,9,17
1,<environment.Job instance at 0x1501a84af5f0>,13,1,[2 7],18,29,30,11,18
1,<environment.Job instance at 0x1501a84afe60>,15,1,[7 2],21,25,26,4,21
1,<environment.Job instance at 0x1501d15b37d0>,16,3,[9 1],22,30,33,8,22
1,<environment.Job instance at 0x1501a8a6bbe0>,17,15,[6 1],23,33,48,10,23
1,<environment.Job instance at 0x1501d15b3910>,18,1,[2 5],24,33,34,9,24
1,<environment.Job instance at 0x1501a8469780>,20,3,[2 8],27,34,37,7,27
1,<environment.Job instance at 0x1501a8469870>,21,17,[10  1],28,48,65,20,36
1,<environment.Job instance at 0x1501a840ed70>,31,2,[7 1],40,65,67,25,41
1,<environment.Job instance at 0x1501a8513aa0>,32,14,[5 2],44,67,81,23,52
1,<environment.Job instance at 0x1501a829fb90>,36,3,[2 7],49,65,68,16,55
1,<environment.Job instance at 0x1501a829fb40>,39,3,[1 7],55,68,71,13,62
1,<environment.Job instance at 0x1501a8b47e60>,40,14,[2 5],57,71,85,14,62
1,<environment.Job instance at 0x1501a8585d20>,41,13,[1 5],61,81,94,20,65
1,<environment.Job instance at 0x1501a8a9c1e0>,42,2,[6 1],63,85,87,22,65
1,<environment.Job instance at 0x1501d011a550>,44,1,[10  2],65,94,95,29,76
1,<environment.Job instance at 0x1501b11a1f50>,45,3,[2 9],66,95,98,29,76
1,<environment.Job instance at 0x1501a89c7050>,47,12,[5 2],69,98,110,29,81
1,<environment.Job instance at 0x1501fc2e25a0>,50,3,[5 1],73,87,90,14,82
1,<environment.Job instance at 0x1501a8b938c0>,53,1,[5 1],76,98,99,22,98
1,<environment.Job instance at 0x1501a85a7a50>,54,3,[8 1],77,110,113,33,98
1,<environment.Job instance at 0x1501ab6b0690>,56,3,[9 2],79,113,116,34,98
1,<environment.Job instance at 0x1501a846b690>,59,2,[2 8],90,103,105,13,103
1,<environment.Job instance at 0x1501a858a2d0>,60,1,[7 1],93,116,117,23,103
1,<environment.Job instance at 0x1501a82fe1e0>,61,2,[2 6],94,105,107,11,103
1,<environment.Job instance at 0x1501a82fea00>,62,3,[6 2],96,117,120,21,103
1,<environment.Job instance at 0x1501a82feb90>,63,12,[2 9],97,120,132,23,103
1,<environment.Job instance at 0x1501a82fe280>,64,2,[5 1],98,107,109,9,103
1,<environment.Job instance at 0x1501abb55af0>,65,3,[9 1],99,132,135,33,106
1,<environment.Job instance at 0x1501a85846e0>,66,1,[7 2],100,135,136,35,107
1,<environment.Job instance at 0x1501a85a1d70>,68,3,[9 2],104,136,139,32,111
1,<environment.Job instance at 0x1501a85a1690>,69,2,[2 5],105,111,113,6,111
1,<environment.Job instance at 0x1501a85a1f50>,70,1,[1 9],106,116,117,10,111
1,<environment.Job instance at 0x1501a85a16e0>,71,3,[1 7],107,113,116,6,111
1,<environment.Job instance at 0x1501a8a077d0>,72,1,[1 8],108,117,118,9,111
1,<environment.Job instance at 0x1501ab848820>,76,3,[ 2 10],112,139,142,27,120
1,<environment.Job instance at 0x1501a854f7d0>,79,3,[1 6],117,132,135,15,120
1,<environment.Job instance at 0x1501d1597a00>,85,1,[5 2],123,142,143,19,140
1,<environment.Job instance at 0x1501d1597aa0>,86,12,[2 9],124,143,155,19,140
1,<environment.Job instance at 0x1501d1597730>,88,2,[5 1],134,142,144,8,142
1,<environment.Job instance at 0x1501d15977d0>,89,2,[1 6],135,155,157,20,142
1,<environment.Job instance at 0x1501d1597a50>,91,1,[6 1],137,144,145,7,142
1,<environment.Job instance at 0x1501d1597be0>,92,18,[10  2],139,157,175,18,146
1,<environment.Job instance at 0x1501a8aef870>,97,3,[5 1],144,147,150,3,147
1,<environment.Job instance at 0x1501a8aef0f0>,98,3,[1 7],145,175,178,30,149
1,<environment.Job instance at 0x1501a84a5b90>,99,3,[10  2],147,178,181,31,152
1,<environment.Job instance at 0x1501a84a5280>,101,2,[9 2],151,155,157,4,155
1,<environment.Job instance at 0x1501af6f75a0>,102,2,[2 7],155,181,183,26,155
1,<environment.Job instance at 0x1501b2ec56e0>,103,1,[8 1],156,175,176,19,156
1,<environment.Job instance at 0x1501b2ec5b40>,104,15,[7 1],157,181,196,24,167
1,<environment.Job instance at 0x1501b2ec5820>,107,13,[1 9],160,183,196,23,172
1,<environment.Job instance at 0x1501b2ec5af0>,108,2,[7 2],161,176,178,15,172
1,<environment.Job instance at 0x1501b2ec5460>,109,1,[ 2 10],162,196,197,34,172
1,<environment.Job instance at 0x1501b2ec5780>,110,16,[1 7],163,197,213,34,184
1,<environment.Job instance at 0x1501b2ec5e10>,112,3,[10  1],167,213,216,46,187
1,<environment.Job instance at 0x1501a853e820>,25,3,[1 9],32,482,485,450,482
1,<environment.Job instance at 0x1501a8902aa0>,3,1,[1 5],5,5,6,0,5
1,<environment.Job instance at 0x1501abb07a00>,4,2,[1 9],6,6,8,0,6
1,<environment.Job instance at 0x1501a8913780>,5,2,[1 7],9,9,11,0,9
1,<environment.Job instance at 0x1501ad03c1e0>,6,3,[1 8],10,11,14,1,10
1,<environment.Job instance at 0x1501abb07780>,8,2,[2 8],12,14,16,2,12
1,<environment.Job instance at 0x1501a856e280>,9,3,[1 7],13,16,19,3,13
1,<environment.Job instance at 0x1501a856e7d0>,10,2,[6 1],14,14,16,0,14
1,<environment.Job instance at 0x1501ab9f11e0>,11,3,[7 2],15,16,19,1,15
1,<environment.Job instance at 0x1501b3888d70>,12,2,[8 1],16,19,21,3,16
1,<environment.Job instance at 0x1501ab9f1230>,13,15,[8 2],17,21,36,4,17
1,<environment.Job instance at 0x1501ad012640>,14,1,[10  1],18,36,37,18,18
1,<environment.Job instance at 0x1501ad012b90>,15,2,[8 2],20,37,39,17,20
1,<environment.Job instance at 0x1501b3888fa0>,16,1,[1 6],21,22,23,1,22
1,<environment.Job instance at 0x1501a8567a00>,20,3,[2 8],26,26,29,0,26
1,<environment.Job instance at 0x1501ad005140>,24,3,[1 9],31,1248,1251,1217,1248
1,<environment.Job instance at 0x1501ad005f00>,25,15,[9 1],32,1248,1263,1216,1248
1,<environment.Job instance at 0x1501ad005960>,26,12,[6 1],33,1263,1275,1230,1248
1,<environment.Job instance at 0x1501ad005690>,28,3,[2 8],35,1263,1266,1228,1250
1,<environment.Job instance at 0x1501ad0053c0>,29,2,[1 7],36,1251,1253,1215,1250
1,<environment.Job instance at 0x1501abb0de10>,30,2,[1 6],37,1253,1255,1216,1250
1,<environment.Job instance at 0x1501abb0deb0>,32,1,[2 7],40,1266,1267,1226,1250
1,<environment.Job instance at 0x1501a82b8eb0>,33,3,[8 2],41,1275,1278,1234,1250
1,<environment.Job instance at 0x1501a82b8a50>,34,3,[ 2 10],42,1278,1281,1236,1252
1,<environment.Job instance at 0x1501a82b84b0>,35,2,[9 1],44,1281,1283,1237,1254
1,<environment.Job instance at 0x1501a8b804b0>,36,1,[2 5],45,1267,1268,1222,1254
1,<environment.Job instance at 0x1501a8b80550>,37,3,[1 8],47,1255,1258,1208,1254
1,<environment.Job instance at 0x1501ab77f640>,38,2,[2 8],50,1268,1270,1218,1254
1,<environment.Job instance at 0x1501ab77f3c0>,40,15,[10  1],53,1283,1298,1230,1269
1,<environment.Job instance at 0x1501ab77fbe0>,41,3,[1 8],55,1270,1273,1215,1269
1,<environment.Job instance at 0x1501af726410>,43,3,[8 1],57,1298,1301,1241,1277
1,<environment.Job instance at 0x1501af7261e0>,44,3,[10  1],58,1301,1304,1243,1277
1,<environment.Job instance at 0x1501a97a3870>,45,3,[1 8],59,1298,1301,1239,1277
1,<environment.Job instance at 0x1501adea7e10>,47,2,[8 2],61,1304,1306,1243,1277
1,<environment.Job instance at 0x1501a91de4b0>,51,3,[ 2 10],67,1306,1309,1239,1280
1,<environment.Job instance at 0x1501ad012b40>,17,3,[6 1],22,1309,1312,1287,1301
1,<environment.Job instance at 0x1501adea2f00>,54,16,[5 1],71,1312,1328,1241,1305
1,<environment.Job instance at 0x1501adea25f0>,55,3,[2 5],73,1309,1312,1236,1305
1,<environment.Job instance at 0x1501adea27d0>,56,13,[1 5],74,1312,1325,1238,1305
1,<environment.Job instance at 0x1501adea2500>,57,15,[5 1],76,1325,1340,1249,1311
1,<environment.Job instance at 0x1501adea2a50>,59,1,[6 1],78,1340,1341,1262,1312
1,<environment.Job instance at 0x1501adea2690>,60,18,[8 2],79,1341,1359,1262,1330
1,<environment.Job instance at 0x1501adea2820>,62,3,[2 6],81,1330,1333,1249,1330
1,<environment.Job instance at 0x1501adea2c30>,63,3,[2 6],82,1333,1336,1251,1330
1,<environment.Job instance at 0x1501adea2320>,64,1,[5 2],83,1336,1337,1253,1330
1,<environment.Job instance at 0x1501adea2fa0>,65,3,[7 1],84,1359,1362,1275,1333
1,<environment.Job instance at 0x1501b2eee870>,67,3,[2 7],87,1337,1340,1250,1333
1,<environment.Job instance at 0x1501adea2370>,68,18,[1 6],88,1340,1358,1252,1333
1,<environment.Job instance at 0x1501a837e690>,69,3,[1 5],90,1358,1361,1268,1333
1,<environment.Job instance at 0x1501ab9d5a50>,72,15,[1 5],93,1832,1847,1739,1832
1,<environment.Job instance at 0x1501ab9d5b90>,73,3,[2 5],95,1832,1835,1737,1832
1,<environment.Job instance at 0x1501a84ed820>,76,2,[9 1],99,1835,1837,1736,1832
1,<environment.Job instance at 0x1501abb25050>,77,18,[2 5],100,1837,1855,1737,1832
1,<environment.Job instance at 0x1501abb251e0>,78,3,[10  2],101,1855,1858,1754,1832
1,<environment.Job instance at 0x1501ab750dc0>,79,1,[6 1],104,1847,1848,1743,1832
1,<environment.Job instance at 0x1501af7037d0>,80,3,[10  1],105,1858,1861,1753,1832
1,<environment.Job instance at 0x1501ab727c30>,81,3,[6 2],106,1848,1851,1742,1832
1,<environment.Job instance at 0x1501a893bdc0>,83,2,[7 1],108,1851,1853,1743,1848
1,<environment.Job instance at 0x1501a890caa0>,84,3,[10  1],109,1861,1864,1752,1848
1,<environment.Job instance at 0x1501a84e0230>,85,1,[6 1],110,1853,1854,1743,1848
1,<environment.Job instance at 0x1501ab96c0f0>,86,18,[1 9],111,1864,1882,1753,1853
1,<environment.Job instance at 0x1501ab96cb90>,87,1,[2 7],112,1882,1883,1770,1854
1,<environment.Job instance at 0x1501a85e3d70>,88,3,[7 1],113,1864,1867,1751,1854
1,<environment.Job instance at 0x1501a85e3500>,89,1,[8 2],114,1854,1855,1740,1854
1,<environment.Job instance at 0x1501a85e3050>,91,15,[1 8],117,1883,1898,1766,1869
1,<environment.Job instance at 0x1501a84f10f0>,92,2,[8 2],118,1882,1884,1764,1869
1,<environment.Job instance at 0x1501a85e3e60>,93,13,[6 1],119,1869,1882,1750,1869
1,<environment.Job instance at 0x1501a84f1e60>,94,3,[10  1],121,1898,1901,1777,1872
1,<environment.Job instance at 0x1501a82b90f0>,95,14,[6 1],123,1884,1898,1761,1872
1,<environment.Job instance at 0x1501a82b94b0>,96,2,[10  1],124,1901,1903,1777,1874
1,<environment.Job instance at 0x1501a82b9b40>,97,1,[ 1 10],127,1903,1904,1776,1875
1,<environment.Job instance at 0x1501b2f17eb0>,98,1,[5 2],128,1904,1905,1776,1876
1,<environment.Job instance at 0x1501b2f177d0>,99,1,[8 1],129,1905,1906,1776,1877
1,<environment.Job instance at 0x1501b2f17a00>,100,14,[1 6],131,1904,1918,1773,1889
1,<environment.Job instance at 0x1501b2f17f50>,102,3,[2 7],135,1918,1921,1783,1897
1,<environment.Job instance at 0x1501b2f17d70>,103,3,[10  2],138,1921,1924,1783,1897
1,<environment.Job instance at 0x1501a88fb9b0>,105,3,[8 2],141,1906,1909,1765,1897
1,<environment.Job instance at 0x1501a88fb410>,106,2,[2 5],144,1924,1926,1780,1897
1,<environment.Job instance at 0x1501acfe5910>,108,1,[8 1],146,1909,1910,1763,1897
1,<environment.Job instance at 0x1501acfe5730>,109,3,[9 1],147,1910,1913,1763,1897
1,<environment.Job instance at 0x1501acfe55a0>,110,2,[9 1],149,1913,1915,1764,1897
1,<environment.Job instance at 0x1501acfe5d70>,112,3,[1 7],153,1926,1929,1773,1907
1,<environment.Job instance at 0x1501ad0167d0>,113,1,[8 2],154,1915,1916,1761,1907
1,<environment.Job instance at 0x1501ad016500>,114,2,[10  1],155,1929,1931,1774,1907
1,<environment.Job instance at 0x1501ad0162d0>,115,2,[10  1],156,1931,1933,1775,1907
1,<environment.Job instance at 0x1501abb23d20>,116,16,[10  2],157,1933,1949,1776,1920
1,<environment.Job instance at 0x1501abb23280>,124,3,[10  2],168,1949,1952,1781,1923
1,<environment.Job instance at 0x1501ad0055f0>,23,2,[2 5],30,2184,2186,2154,2184
1,<environment.Job instance at 0x1501abb8c6e0>,0,2,[10  1],1,1,3,0,1
1,<environment.Job instance at 0x1501b3060eb0>,0,3,[5 1],1,1,4,0,1
1,<environment.Job instance at 0x1501b3060410>,2,3,[9 1],4,4,7,0,4
1,<environment.Job instance at 0x1501a85bf820>,3,3,[8 2],5,7,10,2,5
1,<environment.Job instance at 0x1501acfe5730>,4,12,[7 2],7,10,22,3,7
1,<environment.Job instance at 0x1501b3b72960>,10,1,[8 1],15,22,23,7,15
1,<environment.Job instance at 0x1501b3b728c0>,11,18,[10  1],16,23,41,7,16
1,<environment.Job instance at 0x1501ad027550>,12,1,[8 2],17,41,42,24,17
1,<environment.Job instance at 0x1501ad00b140>,13,2,[7 1],18,42,44,24,18
1,<environment.Job instance at 0x1501a8872280>,14,1,[5 1],19,44,45,25,19
1,<environment.Job instance at 0x1501b3b724b0>,15,2,[2 8],20,20,22,0,20
1,<environment.Job instance at 0x1501acb8cb40>,16,3,[7 1],21,45,48,24,21
1,<environment.Job instance at 0x1501a8295a50>,17,3,[8 2],22,48,51,26,22
1,<environment.Job instance at 0x1501acc16370>,18,2,[10  1],24,51,53,27,24
1,<environment.Job instance at 0x1501a9676550>,21,16,[8 2],31,53,69,22,40
1,<environment.Job instance at 0x1501b1199a50>,28,3,[9 2],40,69,72,29,43
1,<environment.Job instance at 0x1501a8c2f780>,33,2,[8 1],46,72,74,26,46
1,<environment.Job instance at 0x1501a8c2f410>,34,2,[8 1],47,74,76,27,47
1,<environment.Job instance at 0x1501d1f260f0>,36,3,[10  2],49,76,79,27,52
1,<environment.Job instance at 0x1501d1f26140>,38,3,[2 7],51,57,60,6,57
1,<environment.Job instance at 0x1501d1f26eb0>,40,2,[1 6],53,70,72,17,70
1,<environment.Job instance at 0x1501d1f267d0>,41,16,[1 9],54,79,95,25,70
1,<environment.Job instance at 0x1501d1f26c80>,43,13,[8 1],56,82,95,26,82
1,<environment.Job instance at 0x1501d1f26730>,44,1,[6 1],57,95,96,38,82
1,<environment.Job instance at 0x1501d1f26f00>,46,1,[5 1],59,96,97,37,82
1,<environment.Job instance at 0x1501a8efd7d0>,47,3,[5 2],60,96,99,36,82
1,<environment.Job instance at 0x1501a839ba50>,48,17,[6 2],64,99,116,35,87
1,<environment.Job instance at 0x1501a8efd320>,49,3,[5 2],65,116,119,51,90
1,<environment.Job instance at 0x1501a86d22d0>,50,15,[10  2],66,119,134,53,105
1,<environment.Job instance at 0x1501d1eef320>,54,12,[1 8],70,105,117,35,105
1,<environment.Job instance at 0x1501d181a780>,56,3,[9 1],74,134,137,60,108
1,<environment.Job instance at 0x1501a86e1820>,63,2,[1 5],84,117,119,33,108
1,<environment.Job instance at 0x1501aac39aa0>,75,1,[1 5],100,137,138,37,137
1,<environment.Job instance at 0x1501aac39dc0>,76,3,[2 8],101,138,141,37,137
1,<environment.Job instance at 0x1501aac39320>,77,12,[7 2],102,137,149,35,137
1,<environment.Job instance at 0x1501aac397d0>,78,1,[2 5],104,141,142,37,137
1,<environment.Job instance at 0x1501aac39c80>,79,17,[ 1 10],106,149,166,43,137
1,<environment.Job instance at 0x1501a8aa0320>,80,3,[1 6],109,142,145,33,137
1,<environment.Job instance at 0x1501a8aa03c0>,81,3,[2 6],110,145,148,35,137
1,<environment.Job instance at 0x1501a8aa0d70>,82,3,[2 5],111,166,169,55,140
1,<environment.Job instance at 0x1501a8aa0140>,83,16,[7 2],112,166,182,54,153
1,<environment.Job instance at 0x1501a8aa0370>,85,3,[7 2],115,182,185,67,156
1,<environment.Job instance at 0x1501a8aa0fa0>,86,3,[1 6],117,169,172,52,156
1,<environment.Job instance at 0x1501b3ae1820>,87,2,[1 6],119,172,174,53,156
1,<environment.Job instance at 0x1501b3ae15a0>,89,3,[9 2],124,185,188,61,159
1,<environment.Job instance at 0x1501b3ae1cd0>,92,13,[1 8],128,174,187,46,161
1,<environment.Job instance at 0x1501b3ae1d70>,93,3,[5 1],130,188,191,58,162
1,<environment.Job instance at 0x1501b3ae16e0>,95,2,[7 2],134,191,193,57,164
1,<environment.Job instance at 0x1501b3ae1f50>,96,12,[2 8],135,188,200,53,171
1,<environment.Job instance at 0x1501b3ae1c30>,97,14,[10  2],136,200,214,64,185
1,<environment.Job instance at 0x1501a8704870>,101,14,[9 2],143,214,228,71,199
1,<environment.Job instance at 0x1501a8704500>,102,3,[1 9],146,228,231,82,202
1,<environment.Job instance at 0x1501a8704280>,104,1,[9 1],148,228,229,80,202
1,<environment.Job instance at 0x1501a8704190>,106,14,[10  1],151,231,245,80,216
1,<environment.Job instance at 0x1501ab74ffa0>,108,16,[9 2],153,245,261,92,232
1,<environment.Job instance at 0x1501acf6d5f0>,115,1,[6 2],163,261,262,98,233
1,<environment.Job instance at 0x1501acf6dcd0>,117,3,[2 5],168,261,264,93,235
1,<environment.Job instance at 0x1501b3b358c0>,2,3,[1 9],4,4,7,0,4
1,<environment.Job instance at 0x1501ab6a8dc0>,3,3,[2 7],6,7,10,1,6
1,<environment.Job instance at 0x1501ab6a8c80>,4,3,[2 9],7,10,13,3,7
1,<environment.Job instance at 0x1501ab6a88c0>,5,3,[6 1],9,9,12,0,9
1,<environment.Job instance at 0x1501acf49230>,6,18,[7 2],10,13,31,3,10
1,<environment.Job instance at 0x1501acf49f00>,12,2,[6 2],17,31,33,14,18
1,<environment.Job instance at 0x1501aca7e780>,13,13,[6 1],18,33,46,15,18
1,<environment.Job instance at 0x1501ab8d0c30>,14,2,[1 9],19,33,35,14,19
1,<environment.Job instance at 0x1501b3b18280>,15,3,[6 2],20,46,49,26,20
1,<environment.Job instance at 0x1501ab9b8af0>,16,3,[5 2],22,49,52,27,23
1,<environment.Job instance at 0x1501a8824500>,18,17,[9 1],24,52,69,28,40
1,<environment.Job instance at 0x1501a8824b90>,21,1,[10  2],29,69,70,40,41
1,<environment.Job instance at 0x1501acee90f0>,23,13,[8 1],34,70,83,36,54
1,<environment.Job instance at 0x1501d006b9b0>,24,2,[10  1],35,83,85,48,56
1,<environment.Job instance at 0x1501ab98ef50>,26,1,[6 2],38,85,86,47,59
1,<environment.Job instance at 0x1501d006bc80>,27,1,[6 1],39,86,87,47,59
1,<environment.Job instance at 0x1501ab7c2140>,28,1,[8 1],40,87,88,47,59
1,<environment.Job instance at 0x1501acb6c960>,29,1,[5 1],43,88,89,45,60
1,<environment.Job instance at 0x1501ab88e0f0>,30,2,[1 9],44,60,62,16,60
1,<environment.Job instance at 0x1501ab88ee60>,31,3,[ 2 10],46,89,92,43,63
1,<environment.Job instance at 0x1501ab88e0a0>,32,2,[7 1],48,92,94,44,65
1,<environment.Job instance at 0x1501ab88eaa0>,33,2,[ 1 10],51,94,96,43,67
1,<environment.Job instance at 0x1501ab88eb40>,34,1,[ 2 10],52,96,97,44,68
1,<environment.Job instance at 0x1501ab88ecd0>,35,3,[1 9],54,70,73,16,68
1,<environment.Job instance at 0x1501acac8b90>,38,2,[ 1 10],60,97,99,37,70
1,<environment.Job instance at 0x1501b2f06780>,40,1,[1 6],62,82,83,20,82
1,<environment.Job instance at 0x1501b2f06820>,41,1,[1 8],63,85,86,22,82
1,<environment.Job instance at 0x1501a8e349b0>,42,1,[8 2],65,99,100,34,82
1,<environment.Job instance at 0x1501a8e34cd0>,43,2,[10  2],66,100,102,34,82
1,<environment.Job instance at 0x1501acf49460>,8,2,[9 1],12,102,104,90,101
1,<environment.Job instance at 0x1501ade8efa0>,47,18,[10  2],72,104,122,32,101
1,<environment.Job instance at 0x1501b3b76c80>,51,12,[5 2],77,122,134,45,105
1,<environment.Job instance at 0x1501b3b763c0>,54,2,[5 2],82,122,124,40,106
1,<environment.Job instance at 0x1501acfc6f50>,57,1,[7 2],86,134,135,48,107
1,<environment.Job instance at 0x1501acfc65a0>,58,15,[7 1],87,135,150,48,121
1,<environment.Job instance at 0x1501ab968e10>,60,3,[1 9],94,135,138,41,126
1,<environment.Job instance at 0x1501ab968cd0>,63,3,[6 2],100,150,153,50,127
1,<environment.Job instance at 0x1501a894df00>,65,2,[8 1],106,153,155,47,128
1,<environment.Job instance at 0x1501b3baf2d0>,66,3,[8 2],108,155,158,47,129
1,<environment.Job instance at 0x1501b3bafb40>,67,14,[10  2],109,158,172,49,143
1,<environment.Job instance at 0x1501a89df8c0>,70,3,[1 6],112,149,152,37,149
1,<environment.Job instance at 0x1501b3b0ea50>,74,3,[10  2],122,172,175,50,149
1,<environment.Job instance at 0x1501b3b0ea00>,76,1,[2 8],124,155,156,31,155
1,<environment.Job instance at 0x1501b3b0e230>,77,2,[9 1],127,175,177,48,155
1,<environment.Job instance at 0x1501a8753870>,79,13,[7 2],131,177,190,46,161
1,<environment.Job instance at 0x1501abaccb90>,80,2,[6 2],132,190,192,58,163
1,<environment.Job instance at 0x1501abacc410>,81,3,[5 2],137,192,195,55,166
1,<environment.Job instance at 0x1501abacc230>,82,3,[ 2 10],138,195,198,57,169
1,<environment.Job instance at 0x1501a87e1460>,83,3,[1 5],140,175,178,35,169
1,<environment.Job instance at 0x1501a8e44cd0>,90,2,[8 1],148,198,200,50,198
1,<environment.Job instance at 0x1501a8e44550>,91,3,[2 9],150,198,201,48,198
1,<environment.Job instance at 0x1501a8e44640>,92,1,[1 9],151,201,202,50,198
1,<environment.Job instance at 0x1501a8e44a00>,93,18,[8 2],152,202,220,50,198
1,<environment.Job instance at 0x1501a8e44730>,94,2,[5 1],153,200,202,47,198
1,<environment.Job instance at 0x1501a8e44500>,95,3,[2 5],154,202,205,48,198
1,<environment.Job instance at 0x1501a89f2910>,96,1,[6 1],155,220,221,65,198
1,<environment.Job instance at 0x1501a8a58f50>,97,1,[5 2],157,221,222,64,198
1,<environment.Job instance at 0x1501a8a58230>,98,1,[6 1],158,222,223,64,198
1,<environment.Job instance at 0x1501a8a58870>,99,3,[2 5],164,205,208,41,198
1,<environment.Job instance at 0x1501a8a58690>,100,2,[2 5],166,208,210,42,198
1,<environment.Job instance at 0x1501a8a580f0>,101,1,[2 9],167,220,221,53,198
1,<environment.Job instance at 0x1501acb70410>,45,14,[6 2],70,713,727,643,713
1,<environment.Job instance at 0x1501a81ce050>,2,3,[2 6],3,3,6,0,3
1,<environment.Job instance at 0x1501b2f26690>,7,2,[7 1],8,8,10,0,8
1,<environment.Job instance at 0x1501b2f265a0>,8,2,[7 2],9,10,12,1,9
1,<environment.Job instance at 0x1501b2f26e10>,10,2,[9 1],11,12,14,1,12
1,<environment.Job instance at 0x1501b2f26af0>,11,3,[9 1],13,14,17,1,13
1,<environment.Job instance at 0x1501b2f266e0>,13,3,[2 9],16,17,20,1,16
1,<environment.Job instance at 0x1501a8c1e320>,14,2,[1 9],18,20,22,2,19
1,<environment.Job instance at 0x1501a81baaf0>,20,2,[1 8],29,32,34,3,32
1,<environment.Job instance at 0x1501a81bafa0>,22,17,[10  2],31,34,51,3,32
1,<environment.Job instance at 0x1501a81ba9b0>,23,12,[1 7],32,51,63,19,34
1,<environment.Job instance at 0x1501ad0167d0>,25,3,[9 1],37,51,54,14,37
1,<environment.Job instance at 0x1501a8d39730>,16,3,[9 1],21,54,57,33,37
1,<environment.Job instance at 0x1501a8d82e60>,27,2,[7 1],39,57,59,18,39
1,<environment.Job instance at 0x1501b2f05870>,28,3,[1 6],40,63,66,23,40
1,<environment.Job instance at 0x1501b2f05be0>,29,1,[6 1],41,59,60,18,41
1,<environment.Job instance at 0x1501a8468eb0>,30,1,[1 5],42,66,67,24,42
1,<environment.Job instance at 0x1501a8468910>,31,2,[1 7],43,67,69,24,43
1,<environment.Job instance at 0x1501ababaa50>,32,3,[1 7],44,69,72,25,44
1,<environment.Job instance at 0x1501ababa140>,33,1,[1 8],45,72,73,27,45
1,<environment.Job instance at 0x1501ab991dc0>,34,2,[2 5],46,73,75,27,46
1,<environment.Job instance at 0x1501abae85f0>,35,3,[1 9],47,75,78,28,49
1,<environment.Job instance at 0x1501a8d4dcd0>,38,3,[1 9],52,78,81,26,52
1,<environment.Job instance at 0x1501b116e320>,39,1,[9 1],53,60,61,7,53
1,<environment.Job instance at 0x1501b2fe4b40>,40,3,[1 7],54,81,84,27,55
1,<environment.Job instance at 0x1501a8c3c730>,41,2,[1 8],55,84,86,29,57
1,<environment.Job instance at 0x1501b2e87640>,42,16,[10  1],56,86,102,30,73
1,<environment.Job instance at 0x1501b3021e10>,43,3,[5 1],58,73,76,15,73
1,<environment.Job instance at 0x1501b2e7a0f0>,36,3,[8 1],48,2385,2388,2337,2385
1,<environment.Job instance at 0x1501ab991500>,1,13,[8 1],4,4,17,0,4
1,<environment.Job instance at 0x1501a882d7d0>,5,1,[2 6],10,10,11,0,10
1,<environment.Job instance at 0x1501a82b35a0>,13,3,[6 2],20,20,23,0,20
1,<environment.Job instance at 0x1501a82b34b0>,14,3,[8 1],22,23,26,1,22
1,<environment.Job instance at 0x1501acc5ab40>,15,1,[7 1],24,26,27,2,24
1,<environment.Job instance at 0x1501acc5ab90>,17,15,[10  1],26,27,42,1,26
1,<environment.Job instance at 0x1501ade95910>,20,15,[5 2],30,42,57,12,30
1,<environment.Job instance at 0x1501d1ecfdc0>,21,13,[6 2],31,57,70,26,41
1,<environment.Job instance at 0x1501d1ecff00>,22,2,[5 2],33,42,44,9,41
1,<environment.Job instance at 0x1501acc5aa50>,23,2,[6 2],34,70,72,36,43
1,<environment.Job instance at 0x1501acc5a460>,24,3,[2 5],35,44,47,9,43
1,<environment.Job instance at 0x1501a8844c30>,27,1,[6 2],40,72,73,32,48
1,<environment.Job instance at 0x1501a8844550>,29,1,[1 7],42,58,59,16,58
1,<environment.Job instance at 0x1501a8844a50>,33,15,[7 2],48,73,88,25,59
1,<environment.Job instance at 0x1501a91da6e0>,34,13,[9 1],49,88,101,39,72
1,<environment.Job instance at 0x1501a91dcbe0>,35,2,[1 6],50,72,74,22,72
1,<environment.Job instance at 0x1501a8acc870>,37,2,[8 2],53,101,103,48,74
1,<environment.Job instance at 0x1501a91da640>,39,2,[6 2],55,103,105,48,76
1,<environment.Job instance at 0x1501ad027910>,42,1,[1 9],60,88,89,28,80
1,<environment.Job instance at 0x1501ad027fa0>,43,1,[10  2],61,105,106,44,80
1,<environment.Job instance at 0x1501ad0271e0>,44,3,[1 7],64,80,83,16,80
1,<environment.Job instance at 0x1501ad027e60>,45,1,[6 2],65,106,107,41,80
1,<environment.Job instance at 0x1501ad0274b0>,46,15,[7 2],66,107,122,41,93
1,<environment.Job instance at 0x1501a8eea640>,47,2,[7 2],67,122,124,55,95
1,<environment.Job instance at 0x1501ab9be730>,49,2,[1 5],69,96,98,27,96
1,<environment.Job instance at 0x1501a8eeaaf0>,50,2,[6 1],70,124,126,54,97
1,<environment.Job instance at 0x1501b2ee71e0>,52,17,[8 1],73,126,143,53,114
1,<environment.Job instance at 0x1501a8ad7140>,54,2,[2 8],78,114,116,36,114
1,<environment.Job instance at 0x1501a8a17780>,56,2,[6 2],81,143,145,62,120
1,<environment.Job instance at 0x1501b2ed6050>,58,3,[2 8],86,120,123,34,120
1,<environment.Job instance at 0x1501a886d640>,60,3,[2 6],88,123,126,35,120
1,<environment.Job instance at 0x1501a886d460>,61,2,[5 2],89,145,147,56,120
1,<environment.Job instance at 0x1501a886d190>,63,3,[2 8],93,126,129,33,120
1,<environment.Job instance at 0x1501a8e0bc30>,67,1,[9 1],97,147,148,50,120
1,<environment.Job instance at 0x1501a8e0bfa0>,68,12,[1 7],99,129,141,30,120
1,<environment.Job instance at 0x1501a8e0b960>,69,1,[7 1],100,148,149,48,120
1,<environment.Job instance at 0x1501a8e0b5f0>,70,2,[2 7],101,141,143,40,120
1,<environment.Job instance at 0x1501a8e0b140>,73,2,[7 1],104,149,151,45,129
1,<environment.Job instance at 0x1501a8e0bb40>,74,1,[1 6],106,143,144,37,129
1,<environment.Job instance at 0x1501a8e0bd70>,75,2,[6 2],107,151,153,44,129
1,<environment.Job instance at 0x1501a8e0beb0>,76,2,[10  2],109,153,155,44,129
1,<environment.Job instance at 0x1501a830ea00>,77,2,[2 7],113,144,146,31,129
1,<environment.Job instance at 0x1501a830e820>,78,3,[8 1],114,155,158,41,129
1,<environment.Job instance at 0x1501ab96bfa0>,79,1,[8 2],116,158,159,42,130
1,<environment.Job instance at 0x1501ab96b690>,80,3,[8 2],118,159,162,41,133
1,<environment.Job instance at 0x1501ab96b6e0>,81,2,[8 1],120,162,164,42,135
1,<environment.Job instance at 0x1501a8aea780>,82,3,[2 7],121,148,151,27,135
1,<environment.Job instance at 0x1501b2fdc820>,83,1,[1 6],122,146,147,24,135
1,<environment.Job instance at 0x1501b2fb9e10>,84,1,[8 1],126,164,165,38,136
1,<environment.Job instance at 0x1501b2fb97d0>,85,1,[10  1],127,165,166,38,137
1,<environment.Job instance at 0x1501b2fb96e0>,87,2,[9 1],129,166,168,37,139
1,<environment.Job instance at 0x1501a84f95f0>,88,12,[8 1],130,168,180,38,151
1,<environment.Job instance at 0x1501a84f9d70>,90,3,[10  1],132,180,183,48,154
1,<environment.Job instance at 0x1501a84f9780>,91,3,[7 1],133,183,186,50,157
1,<environment.Job instance at 0x1501a84ce2d0>,97,3,[1 8],144,310,313,166,310
1,<environment.Job instance at 0x1501a84cecd0>,98,1,[10  1],145,313,314,168,310
1,<environment.Job instance at 0x1501a84ce140>,99,1,[7 2],146,310,311,164,310
1,<environment.Job instance at 0x1501a84ce230>,100,3,[1 7],147,314,317,167,310
1,<environment.Job instance at 0x1501a84cea50>,102,3,[1 8],150,317,320,167,310
1,<environment.Job instance at 0x1501a89ea5f0>,104,1,[1 6],156,320,321,164,310
1,<environment.Job instance at 0x1501a89ea640>,105,14,[2 9],158,321,335,163,310
1,<environment.Job instance at 0x1501a89ea730>,106,2,[6 2],159,311,313,152,310
1,<environment.Job instance at 0x1501a89ea960>,107,3,[1 6],160,335,338,175,310
1,<environment.Job instance at 0x1501a89eab40>,109,3,[ 2 10],162,338,341,176,312
1,<environment.Job instance at 0x1501a89eaa00>,110,3,[6 2],163,314,317,151,312
1,<environment.Job instance at 0x1501a89eaaa0>,111,1,[9 2],167,317,318,150,312
1,<environment.Job instance at 0x1501a89eae60>,112,1,[2 9],168,341,342,173,313
1,<environment.Job instance at 0x1501abaaddc0>,5,1,[8 2],9,53,54,44,53
1,<environment.Job instance at 0x1501ade99af0>,8,16,[9 2],12,54,70,42,53
1,<environment.Job instance at 0x1501ade996e0>,10,1,[5 1],14,70,71,56,53
1,<environment.Job instance at 0x1501ade99be0>,11,2,[2 7],15,70,72,55,53
1,<environment.Job instance at 0x1501ade99b90>,12,2,[9 1],16,72,74,56,53
1,<environment.Job instance at 0x1501ade995f0>,13,1,[1 8],17,53,54,36,53
1,<environment.Job instance at 0x1501ade99410>,14,2,[10  2],18,74,76,56,53
1,<environment.Job instance at 0x1501a8b11dc0>,15,1,[9 2],19,76,77,57,53
1,<environment.Job instance at 0x1501ab9ead20>,17,1,[10  1],22,77,78,55,57
1,<environment.Job instance at 0x1501a8913500>,20,3,[9 1],27,78,81,51,61
1,<environment.Job instance at 0x1501a8719dc0>,21,17,[2 6],28,81,98,53,69
1,<environment.Job instance at 0x1501a89132d0>,22,1,[1 6],29,69,70,40,69
1,<environment.Job instance at 0x1501d006b690>,27,2,[2 8],35,127,129,92,127
1,<environment.Job instance at 0x1501a8b46aa0>,28,14,[9 1],36,129,143,93,127
1,<environment.Job instance at 0x1501a8b46be0>,29,16,[5 1],38,143,159,105,130
1,<environment.Job instance at 0x1501a8c04e60>,32,2,[2 7],42,143,145,101,138
1,<environment.Job instance at 0x1501a8c04140>,33,3,[2 9],44,145,148,101,138
1,<environment.Job instance at 0x1501a87ef140>,34,1,[10  2],45,159,160,114,138
1,<environment.Job instance at 0x1501a87ef2d0>,35,2,[ 1 10],48,160,162,112,138
1,<environment.Job instance at 0x1501a87ef690>,36,1,[9 2],49,162,163,113,138
1,<environment.Job instance at 0x1501a9662640>,39,1,[ 1 10],56,163,164,107,151
1,<environment.Job instance at 0x1501a8775d20>,40,1,[2 6],57,151,152,94,151
1,<environment.Job instance at 0x1501a8775aa0>,41,1,[2 6],58,152,153,94,151
1,<environment.Job instance at 0x1501a8775960>,42,16,[10  2],60,164,180,104,151
1,<environment.Job instance at 0x1501a8cba4b0>,43,12,[1 9],61,180,192,119,163
1,<environment.Job instance at 0x1501a8cba910>,44,1,[7 2],62,192,193,130,164
1,<environment.Job instance at 0x1501a8cbaa50>,46,2,[1 9],64,193,195,129,167
1,<environment.Job instance at 0x1501a8cba0f0>,47,1,[5 1],65,180,181,115,167
1,<environment.Job instance at 0x1501a8cba960>,48,3,[6 2],67,195,198,128,169
1,<environment.Job instance at 0x1501d008ccd0>,50,16,[10  1],70,198,214,128,185
1,<environment.Job instance at 0x1501d008c870>,51,3,[2 8],71,195,198,124,185
1,<environment.Job instance at 0x1501a8c6c910>,53,1,[2 6],73,192,193,119,185
1,<environment.Job instance at 0x1501a8c6cb40>,54,15,[8 2],74,214,229,140,200
1,<environment.Job instance at 0x1501a86df190>,55,3,[ 2 10],75,229,232,154,203
1,<environment.Job instance at 0x1501a86df5f0>,56,14,[1 5],76,214,228,138,203
1,<environment.Job instance at 0x1501a86dfc30>,57,1,[ 2 10],77,232,233,155,204
1,<environment.Job instance at 0x1501a86dfdc0>,58,3,[ 2 10],78,233,236,155,207
1,<environment.Job instance at 0x1501d1e6abe0>,63,3,[8 2],85,236,239,151,210
1,<environment.Job instance at 0x1501a875df50>,64,3,[1 7],86,236,239,150,210
1,<environment.Job instance at 0x1501a875d0f0>,65,2,[9 2],87,239,241,152,212
1,<environment.Job instance at 0x1501a875d780>,66,2,[7 1],88,241,243,153,214
1,<environment.Job instance at 0x1501a875daa0>,67,1,[1 6],89,228,229,139,214
1,<environment.Job instance at 0x1501a875d190>,69,1,[1 9],91,241,242,150,214
1,<environment.Job instance at 0x1501a8d69a00>,71,3,[5 1],93,243,246,150,223
1,<environment.Job instance at 0x1501a8d69550>,72,15,[7 2],94,246,261,152,232
1,<environment.Job instance at 0x1501a974a230>,73,2,[1 6],97,239,241,142,232
1,<environment.Job instance at 0x1501a82a6230>,74,16,[2 7],100,242,258,142,232
1,<environment.Job instance at 0x1501a82a63c0>,77,3,[10  1],106,261,264,155,244
1,<environment.Job instance at 0x1501a82b6d20>,79,3,[2 8],110,258,261,148,244
1,<environment.Job instance at 0x1501a88fbaf0>,80,3,[10  1],111,264,267,153,244
1,<environment.Job instance at 0x1501a8897dc0>,81,2,[1 6],112,267,269,155,244
1,<environment.Job instance at 0x1501a8897d70>,82,2,[5 2],113,267,269,154,244
1,<environment.Job instance at 0x1501a8897140>,83,1,[5 1],114,269,270,155,244
1,<environment.Job instance at 0x1501ab82c7d0>,84,3,[8 1],115,270,273,155,244
1,<environment.Job instance at 0x1501acf45190>,85,3,[10  1],116,273,276,157,247
1,<environment.Job instance at 0x1501acf45a50>,87,3,[9 2],120,276,279,156,258
1,<environment.Job instance at 0x1501acf45550>,88,3,[5 1],121,279,282,158,258
1,<environment.Job instance at 0x1501acf45be0>,89,2,[5 1],123,279,281,156,258
1,<environment.Job instance at 0x1501ab6b0960>,90,3,[1 9],124,269,272,145,258
1,<environment.Job instance at 0x1501ab6b0e10>,91,2,[1 9],125,281,283,156,258
1,<environment.Job instance at 0x1501aba206e0>,92,3,[ 2 10],126,283,286,157,258
1,<environment.Job instance at 0x1501aba200f0>,93,3,[2 6],127,286,289,159,260
1,<environment.Job instance at 0x1501aba20a50>,94,2,[2 8],128,289,291,161,262
1,<environment.Job instance at 0x1501aba20690>,95,2,[1 8],129,276,278,147,262
1,<environment.Job instance at 0x1501aba204b0>,96,2,[7 1],130,286,288,156,262
1,<environment.Job instance at 0x1501a82404b0>,98,1,[1 7],132,272,273,140,262
1,<environment.Job instance at 0x1501a8240960>,101,3,[2 6],135,291,294,156,266
1,<environment.Job instance at 0x1501a8240fa0>,102,3,[6 2],137,288,291,151,266
1,<environment.Job instance at 0x1501a82400f0>,103,3,[1 9],138,294,297,156,268
1,<environment.Job instance at 0x1501a8240230>,104,3,[1 7],140,297,300,157,271
1,<environment.Job instance at 0x1501a9797960>,110,3,[10  2],149,300,303,151,274
1,<environment.Job instance at 0x1501abb2b050>,113,2,[9 2],152,297,299,145,274
1,<environment.Job instance at 0x1501d17f5910>,115,13,[1 5],155,303,316,148,287
1,<environment.Job instance at 0x1501d17f5640>,116,3,[ 1 10],156,316,319,160,290
1,<environment.Job instance at 0x1501d17f53c0>,118,2,[7 1],158,291,293,133,291
1,<environment.Job instance at 0x1501d17f5320>,119,1,[10  2],159,319,320,160,291
1,<environment.Job instance at 0x1501a83cdb90>,121,3,[10  2],165,320,323,155,295
1,<environment.Job instance at 0x1501a83cdbe0>,122,13,[9 1],166,303,316,137,295
1,<environment.Job instance at 0x1501a83cd500>,124,1,[10  2],168,323,324,155,295
1,<environment.Job instance at 0x1501ab7cf730>,2,3,[1 7],5,5,8,0,5
1,<environment.Job instance at 0x1501a9666cd0>,4,3,[9 2],8,8,11,0,8
1,<environment.Job instance at 0x1501acac8f50>,8,14,[7 1],15,15,29,0,15
1,<environment.Job instance at 0x1501a89ab730>,9,3,[2 6],16,16,19,0,16
1,<environment.Job instance at 0x1501a89abc80>,10,3,[8 1],17,29,32,12,17
1,<environment.Job instance at 0x1501a89abeb0>,11,1,[6 1],18,32,33,14,18
1,<environment.Job instance at 0x1501ab782910>,12,3,[6 1],19,33,36,14,19
1,<environment.Job instance at 0x1501b2e8bc30>,13,3,[9 1],20,36,39,16,20
1,<environment.Job instance at 0x1501a89c7d70>,14,3,[2 9],21,21,24,0,21
1,<environment.Job instance at 0x1501a89ab820>,15,14,[2 5],22,39,53,17,24
1,<environment.Job instance at 0x1501b3bb5dc0>,16,1,[10  2],25,53,54,28,25
1,<environment.Job instance at 0x1501a85a80f0>,17,1,[5 1],26,39,40,13,26
1,<environment.Job instance at 0x1501b3bb5d70>,18,3,[1 8],27,27,30,0,27
1,<environment.Job instance at 0x1501acbc64b0>,19,2,[5 1],28,40,42,12,28
1,<environment.Job instance at 0x1501abb2e230>,21,2,[2 8],32,32,34,0,32
1,<environment.Job instance at 0x1501ab74fdc0>,22,1,[ 1 10],33,54,55,21,33
1,<environment.Job instance at 0x1501b118b320>,28,18,[5 2],40,55,73,15,48
1,<environment.Job instance at 0x1501a87cfbe0>,29,2,[6 2],45,48,50,3,48
1,<environment.Job instance at 0x1501a87cfaf0>,30,12,[2 8],46,55,67,9,48
1,<environment.Job instance at 0x1501a964f550>,31,13,[9 2],48,73,86,25,57
1,<environment.Job instance at 0x1501af6fb140>,35,13,[1 6],53,75,88,22,75
1,<environment.Job instance at 0x1501af6fb5f0>,36,2,[8 1],54,86,88,32,75
1,<environment.Job instance at 0x1501af6fb8c0>,37,1,[10  1],55,88,89,33,75
1,<environment.Job instance at 0x1501af6fbd70>,38,2,[5 1],56,89,91,33,75
1,<environment.Job instance at 0x1501af6fbc80>,39,1,[1 6],57,89,90,32,75
1,<environment.Job instance at 0x1501af6fbbe0>,40,12,[5 2],58,90,102,32,75
1,<environment.Job instance at 0x1501ab7c2550>,41,3,[9 2],60,102,105,42,76
1,<environment.Job instance at 0x1501d1597960>,24,3,[8 2],36,179,182,143,179
1,<environment.Job instance at 0x1501ab7c2190>,43,1,[10  1],65,224,225,159,224
1,<environment.Job instance at 0x1501ab7c20f0>,45,12,[2 8],67,230,242,163,230
1,<environment.Job instance at 0x1501a841c870>,47,3,[1 6],70,242,245,172,230
1,<environment.Job instance at 0x1501a841ccd0>,48,3,[1 9],71,245,248,174,230
1,<environment.Job instance at 0x1501a841ceb0>,49,2,[7 2],72,230,232,158,230
1,<environment.Job instance at 0x1501a841cdc0>,50,2,[9 1],74,242,244,168,230
1,<environment.Job instance at 0x1501af726960>,51,2,[2 6],78,248,250,170,230
1,<environment.Job instance at 0x1501af726640>,52,3,[2 7],80,250,253,170,230
1,<environment.Job instance at 0x1501af726d70>,53,3,[6 2],82,232,235,150,230
1,<environment.Job instance at 0x1501af726c80>,54,3,[2 5],84,253,256,169,230
1,<environment.Job instance at 0x1501af726d20>,56,1,[2 6],87,256,257,169,232
1,<environment.Job instance at 0x1501af726320>,57,2,[9 1],88,244,246,156,232
1,<environment.Job instance at 0x1501af726f50>,58,16,[ 1 10],90,257,273,167,244
1,<environment.Job instance at 0x1501af726f00>,62,15,[10  2],94,273,288,179,265
1,<environment.Job instance at 0x1501af726fa0>,63,3,[7 2],96,288,291,192,265
1,<environment.Job instance at 0x1501af726c30>,68,3,[6 2],103,291,294,188,269
1,<environment.Job instance at 0x1501af726be0>,71,1,[1 9],107,294,295,187,274
1,<environment.Job instance at 0x1501af726820>,72,1,[8 1],108,294,295,186,274
1,<environment.Job instance at 0x1501a8dc9c80>,73,2,[9 1],110,295,297,185,274
1,<environment.Job instance at 0x1501a8dc9a50>,74,1,[1 6],111,288,289,177,274
1,<environment.Job instance at 0x1501a8dc9320>,75,2,[1 5],112,289,291,177,274
1,<environment.Job instance at 0x1501a8dc9e60>,76,3,[6 1],113,297,300,184,274
1,<environment.Job instance at 0x1501a8dc9b40>,77,16,[6 2],114,300,316,186,287
1,<environment.Job instance at 0x1501a8dc98c0>,79,3,[1 6],117,291,294,174,287
1,<environment.Job instance at 0x1501a8dc95f0>,83,14,[10  2],122,316,330,194,301
1,<environment.Job instance at 0x1501ab834140>,87,3,[2 7],126,301,304,175,301
1,<environment.Job instance at 0x1501ab834050>,92,3,[9 1],131,330,333,199,304
1,<environment.Job instance at 0x1501ab834960>,95,2,[2 9],134,333,335,199,315
1,<environment.Job instance at 0x1501ab834780>,96,17,[8 1],136,333,350,197,321
1,<environment.Job instance at 0x1501ab8341e0>,97,18,[1 6],137,335,353,198,324
1,<environment.Job instance at 0x1501ab8347d0>,98,3,[9 1],138,350,353,212,324
1,<environment.Job instance at 0x1501ab834dc0>,99,3,[9 1],139,353,356,214,327
1,<environment.Job instance at 0x1501ab834230>,101,1,[7 1],141,356,357,215,332
1,<environment.Job instance at 0x1501ab834460>,102,14,[1 8],143,353,367,210,338
1,<environment.Job instance at 0x1501ab834e10>,103,3,[10  1],145,367,370,222,341
1,<environment.Job instance at 0x1501ab8344b0>,104,3,[ 1 10],147,370,373,223,344
1,<environment.Job instance at 0x1501fc2e2820>,108,3,[9 2],154,357,360,203,346
1,<environment.Job instance at 0x1501fc2e2460>,109,3,[8 1],156,360,363,204,346
1,<environment.Job instance at 0x1501fc2e2190>,112,3,[1 9],161,373,376,212,353
1,<environment.Job instance at 0x1501fc2e27d0>,114,1,[10  2],165,376,377,211,353
1,<environment.Job instance at 0x1501fc2e24b0>,116,3,[8 1],167,377,380,210,374
1,<environment.Job instance at 0x1501ade7ef00>,0,1,[7 1],1,1,2,0,1
1,<environment.Job instance at 0x1501a87002d0>,5,1,[10  1],7,7,8,0,7
1,<environment.Job instance at 0x1501acc2bb90>,6,1,[6 2],8,8,9,0,8
1,<environment.Job instance at 0x1501b3b33870>,8,3,[ 1 10],10,10,13,0,10
1,<environment.Job instance at 0x1501b3b335a0>,9,17,[1 7],11,13,30,2,12
1,<environment.Job instance at 0x1501a87075f0>,11,3,[1 7],16,30,33,14,16
1,<environment.Job instance at 0x1501b3b27230>,12,1,[5 1],18,18,19,0,18
1,<environment.Job instance at 0x1501b3b332d0>,16,12,[ 1 10],24,33,45,9,24
1,<environment.Job instance at 0x1501b3b0d7d0>,20,13,[5 2],29,45,58,16,33
1,<environment.Job instance at 0x1501a86320f0>,22,1,[2 6],31,45,46,14,39
1,<environment.Job instance at 0x1501a8443cd0>,24,1,[2 5],33,46,47,13,39
1,<environment.Job instance at 0x1501a860f820>,25,17,[1 8],35,47,64,12,39
1,<environment.Job instance at 0x1501a860f6e0>,26,2,[10  1],36,64,66,28,39
1,<environment.Job instance at 0x1501ab789960>,28,1,[ 2 10],39,66,67,27,39
1,<environment.Job instance at 0x1501d00cd500>,29,3,[2 9],40,67,70,27,41
1,<environment.Job instance at 0x1501d00cdfa0>,30,3,[1 6],41,70,73,29,44
1,<environment.Job instance at 0x1501a83d0820>,32,2,[ 1 10],43,77,79,34,77
1,<environment.Job instance at 0x1501a83d0550>,33,1,[2 9],44,79,80,35,77
1,<environment.Job instance at 0x1501a83d05f0>,34,21,[10  1],45,80,101,35,77
1,<environment.Job instance at 0x1501a83d0370>,36,3,[7 2],48,101,104,53,77
1,<environment.Job instance at 0x1501a83d0aa0>,37,2,[7 1],49,104,106,55,77
1,<environment.Job instance at 0x1501a85220f0>,38,1,[9 2],50,106,107,56,78
1,<environment.Job instance at 0x1501a8522500>,39,2,[5 1],51,107,109,56,80
1,<environment.Job instance at 0x1501a8522280>,41,3,[1 5],54,101,104,47,81
1,<environment.Job instance at 0x1501a8522a50>,42,15,[10  1],55,109,124,54,95
1,<environment.Job instance at 0x1501a85220a0>,45,3,[6 1],60,124,127,64,98
1,<environment.Job instance at 0x1501a8522460>,46,3,[8 2],63,127,130,64,101
1,<environment.Job instance at 0x1501a85d08c0>,48,3,[2 5],66,124,127,58,107
1,<environment.Job instance at 0x1501a85d0b90>,49,1,[1 6],67,107,108,40,107
1,<environment.Job instance at 0x1501acc4f0a0>,50,2,[8 1],68,130,132,62,107
1,<environment.Job instance at 0x1501acc75140>,51,2,[1 7],69,127,129,58,107
1,<environment.Job instance at 0x1501a91d0190>,52,2,[7 2],70,132,134,62,107
1,<environment.Job instance at 0x1501a91d0dc0>,53,2,[7 1],71,134,136,63,107
1,<environment.Job instance at 0x1501a91bb8c0>,57,2,[1 5],75,129,131,54,112
1,<environment.Job instance at 0x1501a91bb960>,58,2,[6 1],76,136,138,60,112
1,<environment.Job instance at 0x1501fc2eb050>,59,3,[2 8],77,131,134,54,112
1,<environment.Job instance at 0x1501a8c37140>,60,3,[1 7],78,134,137,56,112
1,<environment.Job instance at 0x1501acc32a00>,61,3,[1 8],80,137,140,57,112
1,<environment.Job instance at 0x1501a89afd20>,62,3,[7 1],82,138,141,56,112
1,<environment.Job instance at 0x1501a89afaf0>,67,2,[5 2],91,141,143,50,120
1,<environment.Job instance at 0x1501b3bf3b40>,70,2,[ 1 10],95,143,145,48,122
1,<environment.Job instance at 0x1501aba6dd70>,71,14,[2 5],96,145,159,49,130
1,<environment.Job instance at 0x1501aba6d8c0>,72,3,[2 9],97,159,162,62,133
1,<environment.Job instance at 0x1501aba6d190>,73,1,[10  1],98,162,163,64,134
1,<environment.Job instance at 0x1501aba6d410>,75,3,[6 1],101,145,148,44,135
1,<environment.Job instance at 0x1501aba83370>,76,2,[8 2],103,148,150,45,135
1,<environment.Job instance at 0x1501aba835f0>,77,3,[6 2],105,150,153,45,135
1,<environment.Job instance at 0x1501aba83cd0>,78,2,[7 2],106,153,155,47,135
1,<environment.Job instance at 0x1501aba83d20>,79,3,[10  2],107,163,166,56,137
1,<environment.Job instance at 0x1501aba837d0>,80,2,[6 2],110,155,157,45,137
1,<environment.Job instance at 0x1501aba839b0>,81,3,[10  2],111,166,169,55,140
1,<environment.Job instance at 0x1501aba83e10>,82,2,[8 2],112,157,159,45,140
1,<environment.Job instance at 0x1501a880c640>,83,3,[7 1],114,159,162,45,140
1,<environment.Job instance at 0x1501a880cd70>,84,3,[7 2],115,169,172,54,143
1,<environment.Job instance at 0x1501b2e758c0>,89,3,[10  1],122,172,175,50,146
1,<environment.Job instance at 0x1501b2e759b0>,94,3,[9 1],130,175,178,45,149
1,<environment.Job instance at 0x1501b2e75be0>,95,3,[9 2],133,178,181,45,152
1,<environment.Job instance at 0x1501b2e75dc0>,96,3,[5 1],135,181,184,46,155
1,<environment.Job instance at 0x1501b2e75500>,98,12,[9 1],137,1722,1734,1585,1722
1,<environment.Job instance at 0x1501d00cbaa0>,99,1,[2 7],138,1734,1735,1596,1722
1,<environment.Job instance at 0x1501d00cb2d0>,100,17,[2 7],140,1735,1752,1595,1723
1,<environment.Job instance at 0x1501d00cb190>,103,13,[7 1],145,1735,1748,1590,1735
1,<environment.Job instance at 0x1501a86d4190>,105,12,[2 6],147,1752,1764,1605,1735
1,<environment.Job instance at 0x1501a86d4370>,107,1,[9 2],151,1764,1765,1613,1736
1,<environment.Job instance at 0x1501a86d40f0>,108,1,[6 2],153,1748,1749,1595,1736
1,<environment.Job instance at 0x1501a86d4dc0>,109,16,[10  1],154,1765,1781,1611,1752
1,<environment.Job instance at 0x1501ab67c690>,114,3,[8 2],160,1752,1755,1592,1752
1,<environment.Job instance at 0x1501ab67c320>,117,3,[1 9],166,1781,1784,1615,1755
1,<environment.Job instance at 0x1501b3b30960>,18,13,[6 1],27,1877,1890,1850,1877
1,<environment.Job instance at 0x1501abbe1870>,1,3,[1 6],3,3,6,0,3
1,<environment.Job instance at 0x1501abbe1a00>,3,12,[10  1],6,6,18,0,6
1,<environment.Job instance at 0x1501abbe1370>,4,3,[1 8],7,18,21,11,7
1,<environment.Job instance at 0x1501abbe1b40>,6,3,[1 6],9,21,24,12,9
1,<environment.Job instance at 0x1501abbe1320>,8,3,[6 1],11,18,21,7,11
1,<environment.Job instance at 0x1501a8361640>,10,2,[8 1],13,21,23,8,13
1,<environment.Job instance at 0x1501a83619b0>,11,23,[1 9],14,24,47,10,18
1,<environment.Job instance at 0x1501a847a1e0>,15,3,[2 8],19,47,50,28,21
1,<environment.Job instance at 0x1501a847a640>,16,1,[8 1],20,23,24,3,21
1,<environment.Job instance at 0x1501a847a8c0>,17,17,[9 1],21,24,41,3,21
1,<environment.Job instance at 0x1501a847a910>,18,2,[6 1],22,41,43,19,22
1,<environment.Job instance at 0x1501a847a6e0>,19,1,[6 1],24,43,44,19,24
1,<environment.Job instance at 0x1501a847ab90>,20,2,[2 5],26,50,52,24,26
1,<environment.Job instance at 0x1501a847a2d0>,21,3,[2 8],28,52,55,24,28
1,<environment.Job instance at 0x1501abbe40a0>,22,1,[5 1],29,44,45,15,29
1,<environment.Job instance at 0x1501abbe4140>,29,3,[9 1],39,55,58,16,48
1,<environment.Job instance at 0x1501a8ed2eb0>,30,2,[5 1],40,48,50,8,48
1,<environment.Job instance at 0x1501a8ed2cd0>,31,3,[1 9],41,55,58,14,48
1,<environment.Job instance at 0x1501a8ed2050>,34,2,[8 1],47,50,52,3,48
1,<environment.Job instance at 0x1501a8396e10>,35,3,[10  1],48,58,61,10,48
1,<environment.Job instance at 0x1501b2f15f00>,38,18,[2 7],55,61,79,6,59
1,<environment.Job instance at 0x1501a970b1e0>,40,3,[6 2],58,61,64,3,59
1,<environment.Job instance at 0x1501acb68730>,44,13,[9 2],65,79,92,14,65
1,<environment.Job instance at 0x1501a8c01550>,45,3,[8 2],67,67,70,0,67
1,<environment.Job instance at 0x1501a8d43eb0>,49,16,[1 8],73,79,95,6,75
1,<environment.Job instance at 0x1501b3b62fa0>,51,16,[1 8],76,95,111,19,83
1,<environment.Job instance at 0x1501b3b62f50>,53,3,[6 1],80,92,95,12,92
1,<environment.Job instance at 0x1501a8bcedc0>,57,12,[7 2],84,100,112,16,100
1,<environment.Job instance at 0x1501a8bced70>,60,2,[8 1],87,112,114,25,100
1,<environment.Job instance at 0x1501a96f8c80>,61,2,[6 1],88,114,116,26,100
1,<environment.Job instance at 0x1501b2ea1140>,62,3,[7 2],90,116,119,26,100
1,<environment.Job instance at 0x1501a8c0dc80>,63,3,[2 6],91,111,114,20,100
1,<environment.Job instance at 0x1501a8a81050>,64,1,[ 2 10],92,119,120,27,100
1,<environment.Job instance at 0x1501a8369230>,65,2,[5 2],94,120,122,26,100
1,<environment.Job instance at 0x1501a8369050>,66,1,[7 2],95,122,123,27,100
1,<environment.Job instance at 0x1501a8c0d640>,67,15,[10  2],96,123,138,27,109
1,<environment.Job instance at 0x1501a8a7cf00>,68,3,[1 6],97,114,117,17,109
1,<environment.Job instance at 0x1501a8a7ce10>,69,2,[2 7],98,117,119,19,109
1,<environment.Job instance at 0x1501a8a7c9b0>,70,3,[7 1],99,138,141,39,112
1,<environment.Job instance at 0x1501a8e0bd70>,73,2,[8 1],103,141,143,38,120
1,<environment.Job instance at 0x1501d004ca00>,74,3,[ 2 10],105,143,146,38,120
1,<environment.Job instance at 0x1501a8a3ba50>,76,3,[1 8],110,120,123,10,120
1,<environment.Job instance at 0x1501a8636c30>,79,2,[2 5],115,138,140,23,130
1,<environment.Job instance at 0x1501a86360a0>,80,2,[1 6],116,140,142,24,130
1,<environment.Job instance at 0x1501a8636320>,81,12,[ 1 10],118,146,158,28,130
1,<environment.Job instance at 0x1501a8636410>,82,3,[9 1],119,158,161,39,132
1,<environment.Job instance at 0x1501a8edf140>,87,1,[1 8],124,160,161,36,160
1,<environment.Job instance at 0x1501a8edf0a0>,88,3,[8 2],127,161,164,34,160
1,<environment.Job instance at 0x1501a8edfb40>,89,3,[2 5],128,161,164,33,160
1,<environment.Job instance at 0x1501a8edfbe0>,90,3,[9 1],130,164,167,34,160
1,<environment.Job instance at 0x1501a8bbfcd0>,91,2,[8 2],131,167,169,36,160
1,<environment.Job instance at 0x1501a8bbf640>,92,1,[8 1],132,169,170,37,160
1,<environment.Job instance at 0x1501a8bbfeb0>,95,22,[7 2],136,170,192,34,163
1,<environment.Job instance at 0x1501a8bbfc30>,96,2,[2 9],137,192,194,55,165
1,<environment.Job instance at 0x1501a8bbf280>,97,3,[ 2 10],138,194,197,56,168
1,<environment.Job instance at 0x1501a8bbff50>,98,1,[2 7],139,168,169,29,168
1,<environment.Job instance at 0x1501a8bbf0f0>,99,2,[ 2 10],142,197,199,55,170
1,<environment.Job instance at 0x1501b2e9f500>,100,2,[8 1],143,192,194,49,170
1,<environment.Job instance at 0x1501b2e9f640>,102,3,[9 1],145,199,202,54,173
1,<environment.Job instance at 0x1501b2e9f820>,103,1,[9 2],146,202,203,56,174
1,<environment.Job instance at 0x1501b2e9fc80>,104,15,[2 6],148,174,189,26,174
1,<environment.Job instance at 0x1501b2e9fd70>,105,3,[7 2],150,203,206,53,177
1,<environment.Job instance at 0x1501acb2d8c0>,111,3,[1 8],162,199,202,37,192
1,<environment.Job instance at 0x1501b1195c80>,112,12,[1 6],164,202,214,38,192
1,<environment.Job instance at 0x1501b1195d20>,114,18,[8 1],168,206,224,38,195
1,<environment.Job instance at 0x1501a847aa50>,13,3,[2 9],17,1038,1041,1021,1038
1,<environment.Job instance at 0x1501a83a74b0>,0,3,[6 2],1,1,4,0,1
1,<environment.Job instance at 0x1501a847a0a0>,2,1,[10  2],3,4,5,1,3
1,<environment.Job instance at 0x1501a83a7aa0>,3,3,[1 5],5,5,8,0,5
1,<environment.Job instance at 0x1501a8610960>,5,3,[2 7],7,8,11,1,7
1,<environment.Job instance at 0x1501a882d230>,13,15,[5 1],21,21,36,0,21
1,<environment.Job instance at 0x1501a882d460>,14,3,[5 2],22,22,25,0,22
1,<environment.Job instance at 0x1501a882d280>,15,3,[2 8],23,25,28,2,23
1,<environment.Job instance at 0x1501acc0f2d0>,16,1,[2 8],25,28,29,3,25
1,<environment.Job instance at 0x1501a882dc30>,17,1,[6 2],26,36,37,10,26
1,<environment.Job instance at 0x1501a882df50>,18,2,[1 7],27,29,31,2,27
1,<environment.Job instance at 0x1501a882df00>,19,23,[10  2],28,37,60,9,31
1,<environment.Job instance at 0x1501b3b993c0>,25,3,[1 7],39,60,63,21,39
1,<environment.Job instance at 0x1501a86e0370>,27,3,[10  2],44,63,66,19,44
1,<environment.Job instance at 0x1501b3b99370>,28,1,[9 1],45,60,61,15,45
1,<environment.Job instance at 0x1501aca7eaf0>,29,2,[8 2],46,61,63,15,46
1,<environment.Job instance at 0x1501a8a04aa0>,30,2,[6 1],47,66,68,19,47
1,<environment.Job instance at 0x1501a8a04550>,31,1,[2 6],48,66,67,18,48
1,<environment.Job instance at 0x1501ab9d1c30>,32,2,[2 7],49,67,69,18,49
1,<environment.Job instance at 0x1501aba993c0>,33,1,[1 7],50,69,70,19,50
1,<environment.Job instance at 0x1501aba99cd0>,34,1,[1 7],53,70,71,17,53
1,<environment.Job instance at 0x1501aba995f0>,35,3,[6 2],54,68,71,14,54
1,<environment.Job instance at 0x1501aba991e0>,37,18,[9 2],56,71,89,15,60
1,<environment.Job instance at 0x1501d1e6a0f0>,41,3,[7 1],61,89,92,28,63
1,<environment.Job instance at 0x1501a831d050>,45,3,[6 2],68,92,95,24,68
1,<environment.Job instance at 0x1501a831d0f0>,46,3,[6 1],70,95,98,25,71
1,<environment.Job instance at 0x1501d22db640>,47,3,[6 1],75,98,101,23,75
1,<environment.Job instance at 0x1501aba83780>,50,3,[1 7],79,79,82,0,79
1,<environment.Job instance at 0x1501aba83230>,54,3,[1 6],86,86,89,0,86
1,<environment.Job instance at 0x1501aba83af0>,55,2,[6 1],87,101,103,14,87
1,<environment.Job instance at 0x1501aba832d0>,56,1,[10  2],88,103,104,15,88
1,<environment.Job instance at 0x1501aba83d20>,57,3,[1 6],89,89,92,0,89
1,<environment.Job instance at 0x1501aba83730>,58,17,[5 1],94,104,121,10,94
1,<environment.Job instance at 0x1501acc2a190>,61,16,[2 6],101,104,120,3,101
1,<environment.Job instance at 0x1501b3b13690>,65,3,[8 1],106,121,124,15,106
1,<environment.Job instance at 0x1501ab808870>,71,3,[6 2],120,124,127,4,120
1,<environment.Job instance at 0x1501ab808730>,72,2,[10  2],121,127,129,6,121
1,<environment.Job instance at 0x1501ab808780>,73,2,[1 6],122,122,124,0,122
1,<environment.Job instance at 0x1501ab808820>,74,13,[1 7],124,129,142,5,124
1,<environment.Job instance at 0x1501ab808230>,75,3,[1 9],125,142,145,17,125
1,<environment.Job instance at 0x1501a8f6a640>,76,3,[8 2],126,129,132,3,126
1,<environment.Job instance at 0x1501a8f6a0a0>,79,3,[6 2],129,132,135,3,129
1,<environment.Job instance at 0x1501a8f6a370>,80,3,[9 2],130,135,138,5,130
1,<environment.Job instance at 0x1501a8f6a780>,84,3,[2 8],136,145,148,9,136
1,<environment.Job instance at 0x1501b3b08eb0>,85,14,[1 6],138,148,162,10,138
1,<environment.Job instance at 0x1501b3b08230>,86,2,[6 2],139,139,141,0,139
1,<environment.Job instance at 0x1501b3b085a0>,87,1,[2 6],140,162,163,22,140
1,<environment.Job instance at 0x1501b3b08d70>,88,3,[7 1],141,141,144,0,141
1,<environment.Job instance at 0x1501b3b30820>,89,3,[1 7],143,163,166,20,143
1,<environment.Job instance at 0x1501b3b30aa0>,90,15,[10  2],144,166,181,22,152
1,<environment.Job instance at 0x1501ab6c25a0>,96,1,[6 1],151,154,155,3,154
1,<environment.Job instance at 0x1501ab6c2280>,97,15,[2 6],153,181,196,28,167
1,<environment.Job instance at 0x1501a8efdd70>,99,15,[9 1],155,196,211,41,182
1,<environment.Job instance at 0x1501a8efd690>,100,1,[5 1],156,182,183,26,182
1,<environment.Job instance at 0x1501a8efd640>,101,3,[2 6],159,211,214,52,185
1,<environment.Job instance at 0x1501a8efd8c0>,103,3,[9 1],162,214,217,52,188
1,<environment.Job instance at 0x1501a8efd280>,107,2,[9 2],166,217,219,51,197
1,<environment.Job instance at 0x153868dd1a50>,0,12,[2 5],1,1,13,0,1
1,<environment.Job instance at 0x153868dd1a00>,1,3,[1 9],2,13,16,11,2
1,<environment.Job instance at 0x153868dd15f0>,2,1,[2 5],3,3,4,0,3
1,<environment.Job instance at 0x153812588050>,5,3,[9 2],6,16,19,10,6
1,<environment.Job instance at 0x153812588870>,6,18,[8 1],7,19,37,12,8
1,<environment.Job instance at 0x153812dc6c80>,9,2,[6 1],11,11,13,0,11
1,<environment.Job instance at 0x153812c8f820>,11,3,[1 8],13,16,19,3,13
1,<environment.Job instance at 0x153812dba140>,12,3,[1 8],14,19,22,5,14
1,<environment.Job instance at 0x153812c160a0>,13,2,[8 1],17,37,39,20,17
1,<environment.Job instance at 0x153812588550>,14,2,[ 1 10],18,39,41,21,18
1,<environment.Job instance at 0x153812d92460>,18,2,[10  1],25,41,43,16,25
1,<environment.Job instance at 0x153812d926e0>,19,3,[6 2],26,43,46,17,26
1,<environment.Job instance at 0x153812c582d0>,21,3,[6 1],29,46,49,17,29
1,<environment.Job instance at 0x153812ca55a0>,23,2,[8 1],31,49,51,18,31
1,<environment.Job instance at 0x153868dd1410>,7,1,[2 6],8,38,39,30,38
1,<environment.Job instance at 0x153812d063c0>,29,16,[10  2],39,51,67,12,39
1,<environment.Job instance at 0x153812d06dc0>,31,3,[9 2],41,67,70,26,41
1,<environment.Job instance at 0x153812c95280>,32,3,[2 9],42,46,49,4,42
1,<environment.Job instance at 0x153812c95370>,39,3,[1 5],52,2224,2227,2172,2224
1,<environment.Job instance at 0x153812cbef50>,40,3,[1 6],53,2227,2230,2174,2224
1,<environment.Job instance at 0x153812cbe3c0>,42,1,[10  1],56,2239,2240,2183,2239
1,<environment.Job instance at 0x153812cadcd0>,43,3,[7 2],57,2240,2243,2183,2239
1,<environment.Job instance at 0x153812cad2d0>,44,3,[1 8],58,2240,2243,2182,2239
1,<environment.Job instance at 0x153812cb0dc0>,49,16,[8 2],66,2243,2259,2177,2239
1,<environment.Job instance at 0x153812cb0c80>,50,12,[9 1],68,2259,2271,2191,2242
1,<environment.Job instance at 0x153812cb0230>,51,2,[8 2],69,2271,2273,2202,2244
1,<environment.Job instance at 0x153812cb01e0>,52,2,[1 7],72,2244,2246,2172,2244
1,<environment.Job instance at 0x153812cb0960>,53,3,[6 1],73,2273,2276,2200,2247
1,<environment.Job instance at 0x153812cb08c0>,56,1,[10  2],79,2276,2277,2197,2248
1,<environment.Job instance at 0x1538127d7fa0>,59,1,[1 9],85,2259,2260,2174,2249
1,<environment.Job instance at 0x153812c917d0>,60,17,[8 1],86,2277,2294,2191,2265
1,<environment.Job instance at 0x153812ce4690>,61,3,[1 5],87,2265,2268,2178,2265
1,<environment.Job instance at 0x1538127e4aa0>,62,3,[9 2],88,2294,2297,2206,2268
1,<environment.Job instance at 0x153812cb9230>,63,3,[10  1],89,2297,2300,2208,2271
1,<environment.Job instance at 0x153812cb9410>,64,12,[9 1],91,2300,2312,2209,2283
1,<environment.Job instance at 0x153812cab7d0>,65,3,[2 9],92,2283,2286,2191,2283
1,<environment.Job instance at 0x1538127f1be0>,66,3,[1 9],93,2286,2289,2193,2283
1,<environment.Job instance at 0x1538127fdb40>,71,3,[2 9],99,2289,2292,2190,2283
1,<environment.Job instance at 0x1538127f6be0>,73,2,[6 2],103,2312,2314,2209,2285
1,<environment.Job instance at 0x1538127f6230>,74,3,[6 2],106,2314,2317,2208,2288
1,<environment.Job instance at 0x1538127f61e0>,75,1,[1 6],107,2292,2293,2185,2288
1,<environment.Job instance at 0x153812cbba50>,78,3,[2 9],110,2317,2320,2207,2291
1,<environment.Job instance at 0x153812cbb6e0>,79,3,[7 2],111,2320,2323,2209,2294
1,<environment.Job instance at 0x153812cbb960>,81,3,[ 2 10],114,2323,2326,2209,2297
1,<environment.Job instance at 0x153812cbb320>,83,1,[10  1],117,2326,2327,2209,2298
1,<environment.Job instance at 0x153812c997d0>,84,2,[ 1 10],118,2327,2329,2209,2300
1,<environment.Job instance at 0x153812c99410>,85,1,[7 2],120,2329,2330,2209,2301
1,<environment.Job instance at 0x153812c99190>,86,2,[1 8],121,2301,2303,2180,2301
1,<environment.Job instance at 0x153812c992d0>,87,2,[2 6],122,2312,2314,2190,2301
1,<environment.Job instance at 0x153812c99d70>,88,1,[1 5],123,2303,2304,2180,2301
1,<environment.Job instance at 0x153812c99af0>,89,2,[1 9],126,2304,2306,2178,2301
1,<environment.Job instance at 0x153812c998c0>,90,1,[2 7],127,2314,2315,2187,2301
1,<environment.Job instance at 0x153812c99f50>,91,1,[2 5],128,2315,2316,2187,2301
1,<environment.Job instance at 0x153812cb6a00>,95,3,[2 8],132,2329,2332,2197,2322
1,<environment.Job instance at 0x153812cb60f0>,96,12,[9 2],134,2332,2344,2198,2322
1,<environment.Job instance at 0x153812cb60a0>,97,15,[10  2],135,2344,2359,2209,2330
1,<environment.Job instance at 0x153812585780>,101,13,[2 9],140,2359,2372,2219,2343
1,<environment.Job instance at 0x153812585690>,102,1,[2 8],141,2372,2373,2231,2344
1,<environment.Job instance at 0x153812585820>,103,1,[ 2 10],142,2373,2374,2231,2345
1,<environment.Job instance at 0x153812585dc0>,108,2,[ 1 10],150,2374,2376,2224,2357
1,<environment.Job instance at 0x1538125a2dc0>,0,3,[5 1],3,3,6,0,3
1,<environment.Job instance at 0x1538125b8280>,2,3,[ 2 10],6,6,9,0,6
1,<environment.Job instance at 0x153814d20dc0>,4,2,[ 2 10],11,11,13,0,11
1,<environment.Job instance at 0x153814d20640>,5,3,[5 2],12,13,16,1,12
1,<environment.Job instance at 0x153814d93690>,11,2,[9 1],19,19,21,0,19
1,<environment.Job instance at 0x153814d93320>,12,3,[5 2],20,21,24,1,20
1,<environment.Job instance at 0x153814d936e0>,13,2,[ 1 10],21,24,26,3,21
1,<environment.Job instance at 0x153814d93a00>,14,13,[ 2 10],22,26,39,4,22
1,<environment.Job instance at 0x153814d93b40>,15,1,[1 7],23,23,24,0,23
1,<environment.Job instance at 0x153814d93af0>,16,1,[2 9],24,39,40,15,24
1,<environment.Job instance at 0x153814d930a0>,17,15,[1 7],25,40,55,15,26
1,<environment.Job instance at 0x153814d93280>,18,3,[ 2 10],27,55,58,28,29
1,<environment.Job instance at 0x153814d270a0>,20,12,[7 1],30,39,51,9,30
1,<environment.Job instance at 0x153814d27870>,22,3,[8 1],32,51,54,19,32
1,<environment.Job instance at 0x153814e630a0>,29,17,[1 6],41,58,75,17,46
1,<environment.Job instance at 0x153814f13af0>,32,16,[9 1],46,58,74,12,46
1,<environment.Job instance at 0x153814d91e60>,36,2,[6 2],53,74,76,21,56
1,<environment.Job instance at 0x153814d91640>,37,1,[9 1],55,76,77,21,56
1,<environment.Job instance at 0x153814d91dc0>,38,2,[8 1],56,77,79,21,56
1,<environment.Job instance at 0x153814d857d0>,41,3,[1 5],60,75,78,15,60
1,<environment.Job instance at 0x153814d924b0>,48,18,[10  1],76,79,97,3,76
1,<environment.Job instance at 0x153814d84280>,52,3,[8 1],82,97,100,15,82
1,<environment.Job instance at 0x153814d1a690>,58,16,[1 7],89,97,113,8,89
1,<environment.Job instance at 0x153814d1a370>,62,16,[1 7],94,113,129,19,101
1,<environment.Job instance at 0x153814d1acd0>,65,3,[1 5],99,129,132,30,103
1,<environment.Job instance at 0x153814d1a320>,67,1,[2 8],101,132,133,31,112
1,<environment.Job instance at 0x153814e2bb40>,68,1,[7 1],102,112,113,10,112
1,<environment.Job instance at 0x153814e2b320>,69,18,[5 2],103,113,131,10,112
1,<environment.Job instance at 0x153814e2b230>,70,2,[8 2],105,131,133,26,112
1,<environment.Job instance at 0x153814e2b0a0>,71,3,[1 7],106,133,136,27,112
1,<environment.Job instance at 0x153814e2b2d0>,72,18,[8 1],107,133,151,26,122
1,<environment.Job instance at 0x153814e2b730>,73,1,[5 2],108,151,152,43,123
1,<environment.Job instance at 0x153814e38eb0>,75,3,[1 7],110,136,139,26,123
1,<environment.Job instance at 0x153814e38c30>,76,2,[5 2],112,151,153,39,124
1,<environment.Job instance at 0x153812585f50>,77,2,[1 7],114,139,141,25,124
1,<environment.Job instance at 0x153812c93870>,78,2,[5 2],115,152,154,37,125
1,<environment.Job instance at 0x153814ecccd0>,79,1,[1 6],117,141,142,24,125
1,<environment.Job instance at 0x153814d49c80>,82,3,[2 7],120,142,145,22,131
1,<environment.Job instance at 0x153814d49690>,84,1,[2 5],124,145,146,21,132
1,<environment.Job instance at 0x153814d495f0>,85,3,[1 8],125,146,149,21,132
1,<environment.Job instance at 0x153814d2a410>,87,2,[7 2],129,154,156,25,137
1,<environment.Job instance at 0x153814d2aeb0>,88,3,[ 2 10],131,156,159,25,137
1,<environment.Job instance at 0x153814e5fcd0>,89,14,[8 2],132,159,173,27,144
1,<environment.Job instance at 0x15381515d9b0>,94,3,[7 2],138,173,176,35,147
1,<environment.Job instance at 0x1538151a7a50>,97,3,[1 9],142,176,179,34,150
1,<environment.Job instance at 0x1538151e7e10>,98,1,[6 1],143,176,177,33,150
1,<environment.Job instance at 0x153812d61870>,99,3,[5 1],144,177,180,33,151
1,<environment.Job instance at 0x1538211d9dc0>,100,3,[1 7],149,153,156,4,151
1,<environment.Job instance at 0x153811f103c0>,103,2,[10  1],153,180,182,27,164
1,<environment.Job instance at 0x153814f6c9b0>,104,3,[1 9],154,182,185,28,164
1,<environment.Job instance at 0x153811ef3d20>,105,3,[1 8],158,164,167,6,164
1,<environment.Job instance at 0x15381503d690>,107,2,[9 2],162,185,187,23,164
1,<environment.Job instance at 0x1538150cf3c0>,108,3,[5 2],163,187,190,24,164
1,<environment.Job instance at 0x153815193e60>,110,1,[ 2 10],165,190,191,25,165
1,<environment.Job instance at 0x1538162b6960>,111,18,[5 2],167,191,209,24,180
1,<environment.Job instance at 0x1538162b67d0>,113,13,[1 7],170,191,204,21,180
1,<environment.Job instance at 0x1538162b6640>,115,3,[5 2],174,187,190,13,180
1,<environment.Job instance at 0x1538150fa550>,118,17,[10  1],178,209,226,31,197
1,<environment.Job instance at 0x153814f13e60>,1,3,[2 7],3,3,6,0,3
1,<environment.Job instance at 0x153812d48280>,3,2,[8 1],8,708,710,700,708
1,<environment.Job instance at 0x153812d48690>,9,18,[ 1 10],16,1158,1176,1142,1158
1,<environment.Job instance at 0x153812d48a00>,10,2,[1 6],18,1176,1178,1158,1158
1,<environment.Job instance at 0x153812d48d70>,11,3,[ 2 10],20,1178,1181,1158,1158
1,<environment.Job instance at 0x153812d480a0>,12,1,[7 2],21,1176,1177,1155,1158
1,<environment.Job instance at 0x153812d48dc0>,13,3,[9 1],22,1181,1184,1159,1158
1,<environment.Job instance at 0x153814db60a0>,14,16,[9 1],23,1184,1200,1161,1171
1,<environment.Job instance at 0x153814db68c0>,16,3,[2 7],26,1200,1203,1174,1174
1,<environment.Job instance at 0x153814d64870>,19,3,[10  2],30,1203,1206,1173,1177
1,<environment.Job instance at 0x153814d64550>,21,3,[9 1],34,1206,1209,1172,1180
1,<environment.Job instance at 0x153814cd0f50>,24,3,[5 1],40,1200,1203,1160,1180
1,<environment.Job instance at 0x153814cd0e10>,25,14,[1 6],42,1181,1195,1139,1180
1,<environment.Job instance at 0x153814cd0e60>,29,2,[6 1],46,1209,1211,1163,1182
1,<environment.Job instance at 0x153814dbbb90>,30,3,[9 2],48,1211,1214,1163,1185
1,<environment.Job instance at 0x153814dbbc80>,31,3,[6 2],51,1214,1217,1163,1188
1,<environment.Job instance at 0x153814dbbaf0>,33,3,[1 7],53,1195,1198,1142,1189
1,<environment.Job instance at 0x153814dbb050>,34,2,[9 2],55,1217,1219,1162,1190
1,<environment.Job instance at 0x153814d2aa00>,39,3,[6 1],63,1219,1222,1156,1195
1,<environment.Job instance at 0x15381623b0f0>,41,2,[2 9],65,1209,1211,1144,1195
1,<environment.Job instance at 0x15381623bbe0>,42,2,[2 5],66,1214,1216,1148,1195
1,<environment.Job instance at 0x153816152370>,43,16,[2 9],67,1219,1235,1152,1207
1,<environment.Job instance at 0x153816152d70>,45,3,[8 1],69,1222,1225,1153,1210
1,<environment.Job instance at 0x1538161529b0>,46,3,[8 1],73,1225,1228,1152,1210
1,<environment.Job instance at 0x1538161522d0>,47,1,[10  1],74,1235,1236,1161,1210
1,<environment.Job instance at 0x153816196780>,50,16,[2 8],79,1236,1252,1157,1223
1,<environment.Job instance at 0x1538161964b0>,52,1,[2 6],83,1252,1253,1169,1225
1,<environment.Job instance at 0x153816196280>,53,2,[1 5],85,1253,1255,1168,1226
1,<environment.Job instance at 0x153816196be0>,54,2,[8 1],86,1228,1230,1142,1226
1,<environment.Job instance at 0x153816196eb0>,55,3,[2 9],87,1255,1258,1168,1229
1,<environment.Job instance at 0x1538161788c0>,56,1,[5 1],89,1230,1231,1141,1229
1,<environment.Job instance at 0x1538161783c0>,57,3,[1 5],90,1258,1261,1168,1232
1,<environment.Job instance at 0x1538161786e0>,58,2,[1 9],91,1261,1263,1170,1234
1,<environment.Job instance at 0x153816178320>,59,3,[2 8],92,1263,1266,1171,1237
1,<environment.Job instance at 0x153816178e60>,60,1,[1 8],95,1266,1267,1171,1238
1,<environment.Job instance at 0x1538161781e0>,62,3,[1 6],97,1267,1270,1170,1241
1,<environment.Job instance at 0x153816178dc0>,63,2,[8 2],98,1241,1243,1143,1241
1,<environment.Job instance at 0x1538161784b0>,64,14,[9 1],100,1266,1280,1166,1251
1,<environment.Job instance at 0x153816178190>,65,3,[10  1],101,1280,1283,1179,1254
1,<environment.Job instance at 0x153816178b90>,68,3,[1 9],104,1270,1273,1166,1254
1,<environment.Job instance at 0x1538162aba00>,70,2,[1 5],108,1258,1260,1150,1254
1,<environment.Job instance at 0x1538162ab4b0>,71,15,[10  1],109,1283,1298,1174,1269
1,<environment.Job instance at 0x153814fa4460>,76,3,[10  1],116,1298,1301,1182,1272
1,<environment.Job instance at 0x153814fa4cd0>,77,3,[10  2],117,1301,1304,1184,1275
1,<environment.Job instance at 0x153814fa40a0>,80,1,[1 5],122,1304,1305,1182,1281
1,<environment.Job instance at 0x153814fa4190>,82,3,[1 6],124,1305,1308,1181,1281
1,<environment.Job instance at 0x153814d60af0>,84,2,[ 1 10],126,1308,1310,1182,1287
1,<environment.Job instance at 0x153814d60cd0>,86,15,[7 2],128,1310,1325,1182,1296
1,<environment.Job instance at 0x153814d60dc0>,88,3,[6 1],130,1325,1328,1195,1307
1,<environment.Job instance at 0x153815071d70>,89,2,[1 8],131,1310,1312,1179,1307
1,<environment.Job instance at 0x153815071e10>,90,3,[2 8],132,1312,1315,1180,1307
1,<environment.Job instance at 0x153814ef4690>,91,2,[2 8],133,1315,1317,1182,1307
1,<environment.Job instance at 0x153814ef42d0>,92,3,[5 2],136,1328,1331,1192,1307
1,<environment.Job instance at 0x153814ef4a50>,93,1,[6 2],138,1307,1308,1169,1307
1,<environment.Job instance at 0x153814ef49b0>,94,2,[2 8],139,1317,1319,1178,1307
1,<environment.Job instance at 0x153814ef4dc0>,95,1,[6 2],141,1331,1332,1190,1307
1,<environment.Job instance at 0x153814ef4f00>,98,2,[10  1],144,1332,1334,1188,1307
1,<environment.Job instance at 0x153815078410>,99,2,[2 7],146,1319,1321,1173,1307
1,<environment.Job instance at 0x1538150788c0>,100,1,[5 2],147,1328,1329,1181,1307
1,<environment.Job instance at 0x153815078b40>,101,1,[2 5],148,1321,1322,1173,1307
1,<environment.Job instance at 0x1538150780a0>,102,2,[ 1 10],150,1334,1336,1184,1307
1,<environment.Job instance at 0x153814f15640>,103,3,[2 5],151,1322,1325,1171,1307
1,<environment.Job instance at 0x153815078be0>,104,12,[6 1],152,1336,1348,1184,1319
1,<environment.Job instance at 0x153814f15f50>,105,2,[5 2],153,1329,1331,1176,1319
1,<environment.Job instance at 0x153814f150a0>,106,1,[7 1],156,1348,1349,1192,1320
1,<environment.Job instance at 0x1538150cd190>,107,2,[7 1],157,1349,1351,1192,1322
1,<environment.Job instance at 0x1538150cdc80>,108,1,[7 2],158,1351,1352,1193,1323
1,<environment.Job instance at 0x1538150cd410>,109,3,[10  2],159,1352,1355,1193,1326
1,<environment.Job instance at 0x1538150cd050>,110,2,[5 2],160,1355,1357,1195,1328
1,<environment.Job instance at 0x1538150cdc30>,112,3,[1 7],163,1336,1339,1173,1328
1,<environment.Job instance at 0x1538150cd5a0>,1,3,[1 7],3,3,6,0,3
1,<environment.Job instance at 0x153818d27280>,3,14,[1 6],5,6,20,1,5
1,<environment.Job instance at 0x1538174b9dc0>,4,17,[9 1],6,6,23,0,6
1,<environment.Job instance at 0x153818d29050>,5,3,[5 1],7,23,26,16,7
1,<environment.Job instance at 0x153818d27780>,6,1,[10  1],8,26,27,18,8
1,<environment.Job instance at 0x15381a7c1e10>,8,12,[9 2],10,27,39,17,10
1,<environment.Job instance at 0x1538174c20f0>,10,3,[9 2],12,39,42,27,13
1,<environment.Job instance at 0x15382005b7d0>,16,2,[7 2],20,42,44,22,29
1,<environment.Job instance at 0x15382005b8c0>,17,13,[5 1],21,44,57,23,29
1,<environment.Job instance at 0x153818d452d0>,18,2,[1 8],22,29,31,7,29
1,<environment.Job instance at 0x15382005b820>,20,1,[2 5],24,42,43,18,30
1,<environment.Job instance at 0x1538165d11e0>,21,14,[2 8],25,43,57,18,30
1,<environment.Job instance at 0x1538165d1460>,22,2,[7 1],26,57,59,31,30
1,<environment.Job instance at 0x1538165d1d70>,23,3,[7 1],27,59,62,32,33
1,<environment.Job instance at 0x1538204d4550>,27,2,[10  2],32,62,64,30,54
1,<environment.Job instance at 0x153820468280>,28,3,[7 1],36,64,67,28,54
1,<environment.Job instance at 0x15381a796910>,29,3,[2 8],37,57,60,20,54
1,<environment.Job instance at 0x1538165d0550>,30,3,[1 9],38,64,67,26,54
1,<environment.Job instance at 0x153812c34d70>,31,16,[10  1],39,67,83,28,54
1,<environment.Job instance at 0x153812c34f00>,32,3,[2 9],40,83,86,43,57
1,<environment.Job instance at 0x153812c34b40>,34,12,[7 1],44,83,95,39,66
1,<environment.Job instance at 0x153812c34cd0>,35,3,[10  1],47,95,98,48,69
1,<environment.Job instance at 0x153812c34690>,36,3,[6 1],49,98,101,49,72
1,<environment.Job instance at 0x153812c34820>,37,3,[8 1],50,101,104,51,75
1,<environment.Job instance at 0x153822e16320>,40,1,[7 1],56,104,105,48,76
1,<environment.Job instance at 0x153820472550>,46,3,[8 1],63,105,108,42,89
1,<environment.Job instance at 0x153818d4ae60>,47,3,[2 6],66,89,92,23,89
1,<environment.Job instance at 0x1538174d3460>,48,18,[1 5],67,98,116,31,89
1,<environment.Job instance at 0x1538204a1b40>,50,1,[1 9],72,92,93,20,89
1,<environment.Job instance at 0x1538165eb460>,51,3,[2 9],74,116,119,42,90
1,<environment.Job instance at 0x153820486870>,52,1,[10  2],75,119,120,44,91
1,<environment.Job instance at 0x153818d54780>,55,2,[ 1 10],80,120,122,40,102
1,<environment.Job instance at 0x153820473a00>,57,3,[10  2],83,122,125,39,102
1,<environment.Job instance at 0x1538165d38c0>,58,2,[1 6],87,125,127,38,102
1,<environment.Job instance at 0x1538165d2be0>,59,3,[1 9],88,127,130,39,102
1,<environment.Job instance at 0x1538137ef7d0>,60,16,[2 7],91,130,146,39,117
1,<environment.Job instance at 0x153868cd3780>,61,1,[6 2],92,125,126,33,117
1,<environment.Job instance at 0x1538212d0500>,62,3,[10  2],94,146,149,52,120
1,<environment.Job instance at 0x1538165630f0>,64,1,[2 8],99,149,150,50,121
1,<environment.Job instance at 0x153816563f00>,65,2,[7 2],100,130,132,30,121
1,<environment.Job instance at 0x1538124721e0>,66,2,[6 2],101,132,134,31,121
1,<environment.Job instance at 0x1538162af1e0>,67,3,[9 1],102,126,129,24,121
1,<environment.Job instance at 0x1538150436e0>,69,2,[5 2],104,134,136,30,121
1,<environment.Job instance at 0x153814f200f0>,72,17,[2 8],107,150,167,43,144
1,<environment.Job instance at 0x153814f20500>,75,3,[9 2],112,167,170,55,144
1,<environment.Job instance at 0x153812c198c0>,78,3,[9 2],115,170,173,55,146
1,<environment.Job instance at 0x153820051870>,80,15,[2 8],122,173,188,51,159
1,<environment.Job instance at 0x153816641e10>,82,13,[10  1],125,188,201,63,172
1,<environment.Job instance at 0x153814dbe9b0>,89,3,[6 2],137,174,177,37,174
1,<environment.Job instance at 0x1538120a0eb0>,91,3,[1 9],141,201,204,60,175
1,<environment.Job instance at 0x153812d93d70>,96,3,[9 2],148,284,287,136,284
1,<environment.Job instance at 0x153812d93af0>,97,2,[7 1],151,287,289,136,284
1,<environment.Job instance at 0x153812d93730>,98,16,[ 1 10],152,289,305,137,284
1,<environment.Job instance at 0x153812d93910>,99,3,[2 5],154,305,308,151,284
1,<environment.Job instance at 0x153812d93eb0>,100,1,[8 1],155,305,306,150,284
1,<environment.Job instance at 0x153812d93a50>,102,13,[8 2],157,306,319,149,290
1,<environment.Job instance at 0x153812d93e60>,105,3,[6 2],160,319,322,159,298
1,<environment.Job instance at 0x153814f11410>,107,17,[9 2],163,322,339,159,310
1,<environment.Job instance at 0x153814f11b40>,111,3,[1 5],167,321,324,154,321
1,<environment.Job instance at 0x153814f11500>,112,3,[2 7],168,339,342,171,321
1,<environment.Job instance at 0x153814f11a00>,115,2,[5 1],171,339,341,168,326
1,<environment.Job instance at 0x153812d61550>,117,1,[1 9],177,342,343,165,326
1,<environment.Job instance at 0x153812d619b0>,118,3,[7 1],178,341,344,163,326
1,<environment.Job instance at 0x153812d61460>,119,3,[7 2],179,344,347,165,326
1,<environment.Job instance at 0x1538204a3e60>,0,14,[1 5],1,1,15,0,1
1,<environment.Job instance at 0x1538204a3960>,2,1,[9 1],5,5,6,0,5
1,<environment.Job instance at 0x1538125a9e60>,5,16,[8 1],10,10,26,0,10
1,<environment.Job instance at 0x1538125a9640>,6,16,[1 6],11,15,31,4,11
1,<environment.Job instance at 0x1538125a9730>,7,2,[10  2],13,31,33,18,13
1,<environment.Job instance at 0x153814d205f0>,8,3,[1 7],14,33,36,19,14
1,<environment.Job instance at 0x153814d207d0>,9,14,[9 2],16,33,47,17,18
1,<environment.Job instance at 0x15381257e190>,15,3,[9 2],23,26,29,3,24
1,<environment.Job instance at 0x153821260aa0>,16,13,[1 9],24,47,60,23,31
1,<environment.Job instance at 0x153814cf71e0>,17,2,[1 8],25,36,38,11,31
1,<environment.Job instance at 0x15381256c4b0>,22,3,[6 2],32,60,63,28,48
1,<environment.Job instance at 0x153814ebf870>,23,2,[6 2],33,63,65,30,48
1,<environment.Job instance at 0x153814ebffa0>,24,17,[5 2],34,65,82,31,57
1,<environment.Job instance at 0x153812563e60>,27,3,[2 7],39,60,63,21,60
1,<environment.Job instance at 0x1538125637d0>,29,3,[8 2],41,82,85,41,60
1,<environment.Job instance at 0x153812563820>,33,16,[ 2 10],45,85,101,40,72
1,<environment.Job instance at 0x153812563190>,34,3,[7 1],46,101,104,55,75
1,<environment.Job instance at 0x1538125b33c0>,37,2,[7 2],50,104,106,54,82
1,<environment.Job instance at 0x1538125b3690>,38,3,[5 2],52,106,109,54,82
1,<environment.Job instance at 0x1538125b3c80>,40,1,[8 1],54,109,110,55,82
1,<environment.Job instance at 0x1538125b3500>,41,1,[1 5],56,82,83,26,82
1,<environment.Job instance at 0x1538125b36e0>,42,1,[10  1],58,110,111,52,82
1,<environment.Job instance at 0x1538124b7b90>,43,1,[5 2],59,106,107,47,82
1,<environment.Job instance at 0x1538124b73c0>,44,17,[10  1],60,111,128,51,99
1,<environment.Job instance at 0x1538124c1f00>,46,1,[10  2],63,128,129,65,100
1,<environment.Job instance at 0x153821278d20>,50,3,[2 7],68,129,132,61,116
1,<environment.Job instance at 0x153812d1f140>,51,15,[7 2],69,129,144,60,116
1,<environment.Job instance at 0x153812d1faa0>,53,2,[2 9],71,144,146,73,125
1,<environment.Job instance at 0x1538125a2c80>,54,2,[1 5],72,132,134,60,125
1,<environment.Job instance at 0x1538125a2e60>,57,1,[9 1],76,146,147,70,129
1,<environment.Job instance at 0x1538125ae870>,58,17,[2 5],77,147,164,70,135
1,<environment.Job instance at 0x1538125ae690>,59,2,[10  2],78,164,166,86,137
1,<environment.Job instance at 0x153816097230>,61,2,[5 2],81,151,153,70,151
1,<environment.Job instance at 0x1538160974b0>,62,2,[5 1],82,153,155,71,151
1,<environment.Job instance at 0x153811f367d0>,63,1,[1 7],83,166,167,83,151
1,<environment.Job instance at 0x153811f36a50>,64,17,[9 1],86,166,183,80,154
1,<environment.Job instance at 0x153811f36be0>,65,1,[6 2],87,155,156,68,154
1,<environment.Job instance at 0x153811f36c30>,66,1,[5 1],88,156,157,68,154
1,<environment.Job instance at 0x153811dc1410>,68,3,[2 6],91,183,186,92,157
1,<environment.Job instance at 0x153811dc1370>,69,2,[9 1],92,186,188,94,159
1,<environment.Job instance at 0x153811dc13c0>,71,2,[7 2],95,159,161,64,159
1,<environment.Job instance at 0x153811dc1f00>,73,3,[5 1],97,161,164,64,159
1,<environment.Job instance at 0x153814e8d1e0>,77,1,[8 2],103,1065,1066,962,1065
1,<environment.Job instance at 0x153814e8d6e0>,79,17,[2 7],105,1065,1082,960,1065
1,<environment.Job instance at 0x153814e8d5a0>,81,16,[6 1],107,1066,1082,959,1065
1,<environment.Job instance at 0x153814e8d780>,82,1,[8 2],108,1082,1083,974,1065
1,<environment.Job instance at 0x153814e8d230>,83,1,[5 2],109,1083,1084,974,1065
1,<environment.Job instance at 0x153814e8d4b0>,84,1,[7 1],110,1084,1085,974,1065
1,<environment.Job instance at 0x153814f5c640>,85,1,[1 8],111,1082,1083,971,1065
1,<environment.Job instance at 0x153814f5c9b0>,86,2,[6 2],112,1085,1087,973,1065
1,<environment.Job instance at 0x153814db65a0>,88,1,[6 2],115,1087,1088,972,1065
1,<environment.Job instance at 0x153814db6460>,89,3,[8 2],116,1088,1091,972,1065
1,<environment.Job instance at 0x153814db6820>,90,2,[ 1 10],118,1091,1093,973,1065
1,<environment.Job instance at 0x1538234805a0>,91,13,[10  1],119,1093,1106,974,1077
1,<environment.Job instance at 0x153823480eb0>,92,1,[5 1],120,1083,1084,963,1077
1,<environment.Job instance at 0x153814e17a00>,94,2,[7 2],122,1106,1108,984,1079
1,<environment.Job instance at 0x153814e178c0>,95,3,[10  1],123,1108,1111,985,1082
1,<environment.Job instance at 0x153814e17e60>,96,3,[6 1],124,1111,1114,987,1085
1,<environment.Job instance at 0x153814e63fa0>,98,3,[2 7],126,1085,1088,959,1085
1,<environment.Job instance at 0x153814e638c0>,101,3,[5 2],129,1114,1117,985,1093
1,<environment.Job instance at 0x153814e637d0>,103,3,[2 8],131,1111,1114,980,1093
1,<environment.Job instance at 0x153814e630f0>,107,15,[ 2 10],136,1117,1132,981,1103
1,<environment.Job instance at 0x153814e63dc0>,108,3,[10  2],137,1132,1135,995,1106
1,<environment.Job instance at 0x153814ca0730>,109,3,[2 5],139,1114,1117,975,1106
1,<environment.Job instance at 0x153814ca0a50>,111,3,[7 2],141,1135,1138,994,1112
1,<environment.Job instance at 0x153814ca0640>,112,2,[2 9],142,1138,1140,996,1112
1,<environment.Job instance at 0x153814ca0e60>,116,2,[10  1],147,1140,1142,993,1125
1,<environment.Job instance at 0x153814ca04b0>,119,16,[6 2],151,1145,1161,994,1145
1,<environment.Job instance at 0x153814ca0fa0>,120,1,[6 1],152,1161,1162,1009,1145
1,<environment.Job instance at 0x153814ca0960>,121,2,[9 1],154,1162,1164,1008,1145
1,<environment.Job instance at 0x153815062410>,122,19,[1 5],156,1145,1164,989,1145
1,<environment.Job instance at 0x153815062d20>,124,1,[5 1],159,1164,1165,1005,1145
1,<environment.Job instance at 0x153815062730>,125,2,[7 2],160,1165,1167,1005,1145
1,<environment.Job instance at 0x153815062870>,127,3,[1 8],163,1164,1167,1001,1158
1,<environment.Job instance at 0x1538150f92d0>,129,2,[7 2],166,1167,1169,1001,1158
1,<environment.Job instance at 0x1538150f9f00>,133,15,[10  2],174,1169,1184,995,1158
1,<environment.Job instance at 0x153812216be0>,134,2,[7 2],175,1184,1186,1009,1158
1,<environment.Job instance at 0x1538150f9690>,135,1,[1 5],177,1167,1168,990,1158
1,<environment.Job instance at 0x1538211103c0>,5,2,[10  2],7,44,46,37,44
1,<environment.Job instance at 0x1538211105a0>,6,1,[6 1],10,46,47,36,44
1,<environment.Job instance at 0x153821110910>,7,1,[7 2],12,47,48,35,44
1,<environment.Job instance at 0x153821110d70>,8,2,[2 7],13,46,48,33,44
1,<environment.Job instance at 0x1538211107d0>,9,3,[2 5],14,48,51,34,44
1,<environment.Job instance at 0x1538211100f0>,10,25,[6 1],15,48,73,33,44
1,<environment.Job instance at 0x153821110c30>,13,3,[10  1],21,73,76,52,53
1,<environment.Job instance at 0x153821110f50>,15,3,[9 2],23,76,79,53,53
1,<environment.Job instance at 0x153821110b40>,17,1,[8 2],27,79,80,52,53
1,<environment.Job instance at 0x1538211106e0>,19,1,[9 2],30,80,81,50,53
1,<environment.Job instance at 0x153821110fa0>,20,1,[10  1],31,81,82,50,53
1,<environment.Job instance at 0x153812dcb780>,22,13,[7 2],34,82,95,48,79
1,<environment.Job instance at 0x153812dcb140>,23,3,[6 2],36,95,98,59,79
1,<environment.Job instance at 0x153812dcb050>,26,14,[7 1],40,103,117,63,103
1,<environment.Job instance at 0x153812dcbd20>,27,2,[7 1],41,117,119,76,103
1,<environment.Job instance at 0x153812dcb2d0>,28,1,[8 1],42,119,120,77,103
1,<environment.Job instance at 0x153812dcb4b0>,29,2,[10  2],43,120,122,77,103
1,<environment.Job instance at 0x153812dcb870>,30,14,[9 1],44,122,136,78,107
1,<environment.Job instance at 0x15381257ec30>,31,3,[9 2],45,136,139,91,110
1,<environment.Job instance at 0x153812dcb8c0>,35,3,[9 2],51,139,142,88,113
1,<environment.Job instance at 0x153811efaa50>,39,17,[1 6],61,122,139,61,116
1,<environment.Job instance at 0x153811efad70>,44,1,[1 8],70,119,120,49,119
1,<environment.Job instance at 0x153811efaf50>,45,2,[2 9],71,142,144,71,119
1,<environment.Job instance at 0x153811efac30>,46,2,[8 2],72,144,146,72,119
1,<environment.Job instance at 0x153811efa050>,47,15,[10  1],73,146,161,73,132
1,<environment.Job instance at 0x153811efa960>,49,1,[8 2],75,161,162,86,133
1,<environment.Job instance at 0x153811efad20>,50,2,[ 1 10],76,162,164,86,135
1,<environment.Job instance at 0x153811efa730>,52,1,[5 1],78,164,165,86,155
1,<environment.Job instance at 0x153811efa320>,53,2,[2 6],79,164,166,85,155
1,<environment.Job instance at 0x153814e0faa0>,54,1,[8 1],80,165,166,85,155
1,<environment.Job instance at 0x153814e0f0f0>,55,1,[7 2],82,166,167,84,155
1,<environment.Job instance at 0x153814e0f370>,56,12,[6 2],83,167,179,84,155
1,<environment.Job instance at 0x153814e0f730>,57,3,[1 7],84,166,169,82,155
1,<environment.Job instance at 0x153814e0f500>,58,2,[6 2],86,179,181,93,155
1,<environment.Job instance at 0x153814e0f4b0>,59,3,[9 1],87,181,184,94,155
1,<environment.Job instance at 0x153814e0f1e0>,62,14,[9 2],90,184,198,94,169
1,<environment.Job instance at 0x153814e0faf0>,66,3,[5 2],94,198,201,104,173
1,<environment.Job instance at 0x153814e0fd20>,68,2,[8 2],96,201,203,105,174
1,<environment.Job instance at 0x1538162dde60>,74,23,[9 1],106,203,226,97,197
1,<environment.Job instance at 0x1538162dd910>,78,2,[7 2],111,226,228,115,203
1,<environment.Job instance at 0x1538162dd500>,79,3,[6 1],113,228,231,115,203
1,<environment.Job instance at 0x1538162318c0>,82,3,[5 1],116,231,234,115,205
1,<environment.Job instance at 0x153816231910>,83,3,[1 6],117,205,208,88,205
1,<environment.Job instance at 0x1538162316e0>,88,13,[2 5],128,232,245,104,232
1,<environment.Job instance at 0x15381621ddc0>,91,2,[9 2],133,245,247,112,232
1,<environment.Job instance at 0x153811da5820>,4,3,[6 1],7,7,10,0,7
1,<environment.Job instance at 0x153820637050>,8,2,[10  2],13,13,15,0,13
1,<environment.Job instance at 0x15381208df00>,9,1,[5 1],14,15,16,1,14
1,<environment.Job instance at 0x15381501a2d0>,10,2,[8 2],15,16,18,1,15
1,<environment.Job instance at 0x153812473230>,11,1,[6 1],16,18,19,2,16
1,<environment.Job instance at 0x1538122b6820>,12,3,[8 1],18,19,22,1,18
1,<environment.Job instance at 0x1538120a0e10>,14,2,[8 2],23,23,25,0,23
1,<environment.Job instance at 0x15381220bbe0>,15,17,[10  1],26,26,43,0,26
1,<environment.Job instance at 0x1538205ee370>,16,3,[2 6],27,43,46,16,27
1,<environment.Job instance at 0x1538162a43c0>,6,1,[7 1],9,43,44,34,27
1,<environment.Job instance at 0x1538121c44b0>,17,2,[7 1],28,44,46,16,30
1,<environment.Job instance at 0x1538150f90a0>,20,14,[2 6],33,46,60,13,33
1,<environment.Job instance at 0x1538121216e0>,24,1,[1 7],40,60,61,20,40
1,<environment.Job instance at 0x153820538c30>,32,1,[8 2],52,59,60,7,59
1,<environment.Job instance at 0x153820538230>,33,18,[9 1],53,60,78,7,59
1,<environment.Job instance at 0x153820538be0>,34,2,[8 1],55,78,80,23,59
1,<environment.Job instance at 0x1538205387d0>,35,13,[8 2],56,80,93,24,64
1,<environment.Job instance at 0x153820538500>,36,1,[7 1],57,93,94,36,65
1,<environment.Job instance at 0x153820538960>,37,1,[2 6],59,78,79,19,65
1,<environment.Job instance at 0x1538205381e0>,38,3,[1 5],60,65,68,5,65
1,<environment.Job instance at 0x153818d3ebe0>,39,3,[8 2],63,94,97,31,68
1,<environment.Job instance at 0x153820538a00>,40,1,[1 7],64,68,69,4,68
1,<environment.Job instance at 0x153814ccc050>,41,3,[2 8],65,79,82,14,68
1,<environment.Job instance at 0x153820ee5af0>,42,2,[7 1],66,97,99,31,70
1,<environment.Job instance at 0x153814ccc870>,44,1,[1 7],70,73,74,3,73
1,<environment.Job instance at 0x153812280910>,46,16,[1 6],72,84,100,12,84
1,<environment.Job instance at 0x1538122808c0>,47,15,[10  2],73,100,115,27,86
1,<environment.Job instance at 0x153812280a00>,48,2,[5 1],75,115,117,40,88
1,<environment.Job instance at 0x153811fe0be0>,49,2,[ 2 10],76,117,119,41,90
1,<environment.Job instance at 0x153812280af0>,50,3,[5 1],77,119,122,42,93
1,<environment.Job instance at 0x153811fe0190>,51,1,[1 9],79,115,116,36,93
1,<environment.Job instance at 0x153811fe0d70>,52,1,[2 7],80,116,117,36,93
1,<environment.Job instance at 0x153811fe08c0>,53,2,[1 8],81,119,121,38,93
1,<environment.Job instance at 0x153811fe0960>,54,1,[1 9],83,121,122,38,93
1,<environment.Job instance at 0x1538121eb4b0>,55,2,[ 2 10],85,122,124,37,95
1,<environment.Job instance at 0x1538121eb7d0>,56,3,[9 1],86,124,127,38,98
1,<environment.Job instance at 0x153811e1a960>,59,16,[9 2],90,127,143,37,114
1,<environment.Job instance at 0x1538211a0140>,60,3,[ 2 10],91,143,146,52,117
1,<environment.Job instance at 0x153816110af0>,62,1,[9 2],94,146,147,52,118
1,<environment.Job instance at 0x1538161103c0>,63,1,[2 8],95,147,148,52,119
1,<environment.Job instance at 0x153816110960>,64,1,[5 1],96,147,148,51,119
1,<environment.Job instance at 0x153820634b90>,65,1,[8 1],98,148,149,50,120
1,<environment.Job instance at 0x1538122a65a0>,66,1,[1 8],100,124,125,24,120
1,<environment.Job instance at 0x153812062e10>,67,1,[2 9],101,148,149,47,120
1,<environment.Job instance at 0x153812062140>,68,3,[1 9],102,149,152,47,123
1,<environment.Job instance at 0x153814f60500>,70,1,[7 2],105,152,153,47,124
1,<environment.Job instance at 0x153812062500>,71,1,[10  1],106,153,154,47,125
1,<environment.Job instance at 0x153814f60e10>,72,3,[2 5],108,154,157,46,128
1,<environment.Job instance at 0x153814f60f00>,73,2,[6 2],109,154,156,45,128
1,<environment.Job instance at 0x153814f60870>,75,3,[2 9],111,157,160,46,137
1,<environment.Job instance at 0x153814f602d0>,77,1,[10  1],113,160,161,47,137
1,<environment.Job instance at 0x153812311690>,79,1,[7 1],115,149,150,34,137
1,<environment.Job instance at 0x153814f60aa0>,80,3,[9 2],116,161,164,45,137
1,<environment.Job instance at 0x1538137f6870>,81,2,[1 8],117,137,139,20,137
1,<environment.Job instance at 0x153821128230>,83,3,[2 5],119,164,167,45,138
1,<environment.Job instance at 0x1538125108c0>,84,2,[8 1],120,150,152,30,138
1,<environment.Job instance at 0x153814fb35f0>,86,21,[9 2],122,167,188,45,159
1,<environment.Job instance at 0x15382119d550>,89,2,[2 9],125,188,190,63,170
1,<environment.Job instance at 0x15382119de10>,91,3,[7 2],128,190,193,62,170
1,<environment.Job instance at 0x1538123587d0>,93,1,[1 8],132,187,188,55,187
1,<environment.Job instance at 0x153812358f50>,94,16,[5 2],133,193,209,60,187
1,<environment.Job instance at 0x153812358b40>,95,1,[6 1],135,188,189,53,187
1,<environment.Job instance at 0x1538121382d0>,97,2,[1 7],139,195,197,56,195
1,<environment.Job instance at 0x1538121389b0>,98,3,[7 1],140,209,212,69,195
1,<environment.Job instance at 0x153812138410>,99,1,[6 1],141,212,213,71,195
1,<environment.Job instance at 0x153814f06d20>,100,15,[6 2],142,213,228,71,199
1,<environment.Job instance at 0x153814f06140>,101,3,[2 9],143,209,212,66,199
1,<environment.Job instance at 0x153814f061e0>,102,17,[1 8],145,212,229,67,200
1,<environment.Job instance at 0x153814f06be0>,104,16,[2 7],147,229,245,82,218
1,<environment.Job instance at 0x153814f06870>,105,2,[1 8],149,245,247,96,218
1,<environment.Job instance at 0x153814f06fa0>,106,2,[1 5],150,247,249,97,220
1,<environment.Job instance at 0x153814f063c0>,107,1,[1 5],151,247,248,96,220
1,<environment.Job instance at 0x153814f06f00>,108,2,[9 1],152,245,247,93,220
1,<environment.Job instance at 0x153814f060f0>,109,3,[9 2],153,248,251,95,222
1,<environment.Job instance at 0x153814f06050>,111,2,[2 6],156,251,253,95,224
1,<environment.Job instance at 0x153814f06b40>,112,1,[ 1 10],157,253,254,96,225
1,<environment.Job instance at 0x153814f060a0>,113,1,[2 7],158,254,255,96,226
1,<environment.Job instance at 0x153814f06280>,114,2,[2 6],159,255,257,96,228
1,<environment.Job instance at 0x153814f06e60>,116,2,[5 1],162,228,230,66,228
1,<environment.Job instance at 0x153823630690>,117,2,[8 2],163,230,232,67,228
1,<environment.Job instance at 0x153812cb6d70>,121,18,[10  2],168,257,275,89,246
1,<environment.Job instance at 0x153812cb6460>,124,3,[1 6],171,275,278,104,249
1,<environment.Job instance at 0x153812cb6190>,125,2,[1 8],173,249,251,76,249
1,<environment.Job instance at 0x153812cb6be0>,128,3,[1 5],178,278,281,100,258
1,<environment.Job instance at 0x153812cb6640>,129,1,[10  1],179,281,282,102,258
1,<environment.Job instance at 0x153814ce23c0>,6,3,[2 6],7,7,10,0,7
1,<environment.Job instance at 0x153814ce27d0>,7,3,[1 9],8,10,13,2,8
1,<environment.Job instance at 0x153812309460>,10,2,[7 1],16,16,18,0,16
1,<environment.Job instance at 0x15381a7b9b90>,11,17,[8 1],17,18,35,1,17
1,<environment.Job instance at 0x15381a7b9af0>,13,2,[2 5],19,19,21,0,19
1,<environment.Job instance at 0x15381a7b98c0>,14,3,[9 1],20,35,38,15,20
1,<environment.Job instance at 0x1538122531e0>,18,2,[1 7],24,24,26,0,24
1,<environment.Job instance at 0x153812253b40>,19,1,[6 2],27,38,39,11,27
1,<environment.Job instance at 0x153812253c30>,20,3,[5 2],28,39,42,11,28
1,<environment.Job instance at 0x15381a7c5cd0>,21,15,[8 1],29,42,57,13,29
1,<environment.Job instance at 0x15381a7c5c30>,22,3,[2 7],30,30,33,0,30
1,<environment.Job instance at 0x15381a7c5870>,23,2,[8 2],32,57,59,25,32
1,<environment.Job instance at 0x153811b84190>,25,1,[5 2],39,39,40,0,39
1,<environment.Job instance at 0x153811b84280>,26,13,[7 2],40,59,72,19,45
1,<environment.Job instance at 0x1538118d3690>,31,2,[7 1],47,72,74,25,47
1,<environment.Job instance at 0x1538640fd960>,34,3,[1 9],51,51,54,0,51
1,<environment.Job instance at 0x1538640fd410>,35,17,[1 5],52,54,71,2,52
1,<environment.Job instance at 0x1538150fa730>,36,3,[8 1],54,74,77,20,54
1,<environment.Job instance at 0x1538150fad20>,37,1,[1 8],55,71,72,16,55
1,<environment.Job instance at 0x1538150fa410>,38,1,[10  2],59,77,78,18,59
1,<environment.Job instance at 0x153812571190>,39,2,[2 6],60,72,74,12,60
1,<environment.Job instance at 0x153811b25a50>,40,1,[1 5],61,74,75,13,61
1,<environment.Job instance at 0x1538118cd5a0>,41,3,[7 2],63,78,81,15,63
1,<environment.Job instance at 0x1538118e4960>,42,1,[2 8],64,75,76,11,64
1,<environment.Job instance at 0x1538204d3370>,44,3,[10  1],68,81,84,13,68
1,<environment.Job instance at 0x153815043230>,49,1,[1 9],75,76,77,1,76
1,<environment.Job instance at 0x153815043910>,50,3,[6 2],76,84,87,8,76
1,<environment.Job instance at 0x153812417cd0>,2,2,[2 8],10,10,12,0,10
1,<environment.Job instance at 0x1538124179b0>,3,1,[7 1],13,13,14,0,13
1,<environment.Job instance at 0x153814d086e0>,4,2,[2 6],14,14,16,0,14
1,<environment.Job instance at 0x153812417500>,5,3,[6 2],16,16,19,0,16
1,<environment.Job instance at 0x153811885b90>,6,12,[2 9],17,19,31,2,17
1,<environment.Job instance at 0x153811885dc0>,7,2,[5 1],18,19,21,1,18
1,<environment.Job instance at 0x153814d08550>,8,3,[9 1],19,31,34,12,19
1,<environment.Job instance at 0x1538150ffcd0>,9,1,[7 2],20,34,35,14,20
1,<environment.Job instance at 0x153814ce1b90>,11,3,[9 2],24,35,38,11,24
1,<environment.Job instance at 0x1538151be6e0>,12,2,[2 5],25,38,40,13,25
1,<environment.Job instance at 0x1538151be730>,13,1,[1 9],26,31,32,5,26
1,<environment.Job instance at 0x1538150e73c0>,14,3,[1 7],27,32,35,5,27
1,<environment.Job instance at 0x153812505820>,18,2,[2 6],31,40,42,9,31
1,<environment.Job instance at 0x1538124b41e0>,19,3,[ 2 10],32,42,45,10,32
1,<environment.Job instance at 0x1538124b45f0>,21,1,[8 1],36,38,39,2,36
1,<environment.Job instance at 0x15381210a0f0>,22,3,[1 6],37,45,48,8,37
1,<environment.Job instance at 0x15381210a780>,23,2,[1 6],38,48,50,10,38
1,<environment.Job instance at 0x15381210aa00>,24,1,[2 5],39,39,40,0,39
1,<environment.Job instance at 0x153814ca9960>,32,2,[1 6],55,61,63,6,61
1,<environment.Job instance at 0x153814ca97d0>,33,2,[1 8],56,63,65,7,61
1,<environment.Job instance at 0x153815102410>,34,1,[6 1],57,61,62,4,61
1,<environment.Job instance at 0x153815102eb0>,35,18,[10  2],59,65,83,6,61
1,<environment.Job instance at 0x153811c6d960>,36,1,[6 1],60,62,63,2,61
1,<environment.Job instance at 0x1538151c3f50>,37,1,[2 9],61,83,84,22,61
1,<environment.Job instance at 0x15381207f640>,40,3,[5 1],64,83,86,19,72
1,<environment.Job instance at 0x15381207f280>,41,3,[1 7],65,84,87,19,72
1,<environment.Job instance at 0x15381207fe10>,42,3,[10  2],67,87,90,20,72
1,<environment.Job instance at 0x15381207f500>,43,17,[9 2],69,90,107,21,78
1,<environment.Job instance at 0x15381207fbe0>,44,2,[9 2],71,107,109,36,80
1,<environment.Job instance at 0x153811a00c80>,45,2,[2 7],75,109,111,34,82
1,<environment.Job instance at 0x153812079320>,46,1,[8 1],76,86,87,10,82
1,<environment.Job instance at 0x153812c400a0>,48,1,[1 8],78,91,92,13,91
1,<environment.Job instance at 0x153814cc1f00>,49,12,[7 2],79,109,121,30,92
1,<environment.Job instance at 0x153814cc12d0>,51,2,[7 2],81,121,123,40,94
1,<environment.Job instance at 0x153814cc1f50>,52,1,[ 2 10],82,123,124,41,95
1,<environment.Job instance at 0x1538121fa0a0>,55,3,[10  1],87,124,127,37,108
1,<environment.Job instance at 0x153814cc9eb0>,56,1,[9 2],88,127,128,39,108
1,<environment.Job instance at 0x153814cc9550>,57,17,[8 1],89,128,145,39,116
1,<environment.Job instance at 0x153811c59a00>,60,2,[10  2],92,145,147,53,118
1,<environment.Job instance at 0x153814e845f0>,63,2,[1 9],96,128,130,32,125
1,<environment.Job instance at 0x1538121ff4b0>,64,2,[1 7],99,130,132,31,125
1,<environment.Job instance at 0x153811c5c5f0>,65,3,[1 8],100,132,135,32,125
1,<environment.Job instance at 0x153811c5c0f0>,67,2,[2 8],102,138,140,36,138
1,<environment.Job instance at 0x153811c5c0a0>,68,3,[1 7],103,140,143,37,138
1,<environment.Job instance at 0x15381212a960>,69,2,[6 1],104,147,149,43,138
1,<environment.Job instance at 0x15381212a690>,70,3,[7 2],105,149,152,44,138
1,<environment.Job instance at 0x15381212ad70>,71,2,[8 1],106,152,154,46,138
1,<environment.Job instance at 0x1538165193c0>,72,15,[8 2],107,154,169,47,140
1,<environment.Job instance at 0x15381507baa0>,76,3,[6 1],112,169,172,57,143
1,<environment.Job instance at 0x15381507bb90>,77,16,[1 5],113,147,163,34,143
1,<environment.Job instance at 0x15381507b9b0>,78,3,[2 5],114,163,166,49,143
1,<environment.Job instance at 0x1538165fc230>,79,3,[2 8],116,166,169,50,143
1,<environment.Job instance at 0x1538165fc910>,81,3,[1 8],118,1950,1953,1832,1950
1,<environment.Job instance at 0x1538165fcd70>,82,2,[2 5],120,1953,1955,1833,1950
1,<environment.Job instance at 0x153814e58780>,83,3,[1 9],121,1955,1958,1834,1950
1,<environment.Job instance at 0x153814e58d70>,84,15,[9 1],122,1955,1970,1833,1950
1,<environment.Job instance at 0x153811f23e60>,85,12,[6 1],123,1970,1982,1847,1953
1,<environment.Job instance at 0x153820ecfbe0>,87,3,[2 8],125,1970,1973,1845,1966
1,<environment.Job instance at 0x153820ecf730>,88,2,[1 7],126,1966,1968,1840,1966
1,<environment.Job instance at 0x1538165736e0>,91,1,[2 7],130,1973,1974,1843,1966
1,<environment.Job instance at 0x1538165737d0>,92,3,[8 2],131,1982,1985,1851,1966
1,<environment.Job instance at 0x153816573550>,93,3,[ 2 10],132,1985,1988,1853,1966
1,<environment.Job instance at 0x153816573eb0>,94,2,[9 1],134,1988,1990,1854,1966
1,<environment.Job instance at 0x153816573050>,96,3,[1 8],137,1974,1977,1837,1966
1,<environment.Job instance at 0x153811a16410>,97,2,[2 8],140,1977,1979,1837,1966
1,<environment.Job instance at 0x153811a16eb0>,99,15,[10  1],143,1990,2005,1847,1981
1,<environment.Job instance at 0x153811c72320>,100,3,[1 8],145,1981,1984,1836,1981
1,<environment.Job instance at 0x153811c72fa0>,101,12,[1 7],146,2005,2017,1859,1989
1,<environment.Job instance at 0x153811c72730>,102,3,[8 1],147,2005,2008,1858,1989
1,<environment.Job instance at 0x153811c72dc0>,103,3,[10  1],148,2017,2020,1869,1991
1,<environment.Job instance at 0x153811c72f00>,104,3,[1 8],149,2020,2023,1871,1994
1,<environment.Job instance at 0x153811c72d20>,106,2,[8 2],151,2008,2010,1857,1996
1,<environment.Job instance at 0x153811c72550>,107,2,[8 1],152,2010,2012,1858,1996
1,<environment.Job instance at 0x153811c72c80>,114,3,[2 5],163,2409,2412,2246,2409
1,<environment.Job instance at 0x153811c72820>,115,13,[1 5],164,2409,2422,2245,2409
1,<environment.Job instance at 0x153811c72960>,116,15,[5 1],166,2412,2427,2246,2409
1,<environment.Job instance at 0x1538151b67d0>,120,16,[2 9],170,2422,2438,2252,2415
1,<environment.Job instance at 0x1538151b60a0>,121,3,[2 6],171,2438,2441,2267,2415
1,<environment.Job instance at 0x1538151b6c80>,122,3,[2 6],172,2441,2444,2269,2415
1,<environment.Job instance at 0x1538151b6230>,123,1,[5 2],173,2438,2439,2265,2415
1,<environment.Job instance at 0x1538151b6730>,124,3,[7 1],174,2427,2430,2253,2415
1,<environment.Job instance at 0x1538151b6140>,125,2,[2 6],175,2444,2446,2269,2417
1,<environment.Job instance at 0x1538151b6b90>,126,3,[2 7],177,2446,2449,2269,2420
1,<environment.Job instance at 0x153814fd2fa0>,6,2,[9 1],9,26,28,17,26
1,<environment.Job instance at 0x153814fd2f50>,7,18,[2 5],10,28,46,18,26
1,<environment.Job instance at 0x153814fd2a00>,8,3,[10  2],11,46,49,35,26
1,<environment.Job instance at 0x153814fd27d0>,10,3,[10  1],15,49,52,34,26
1,<environment.Job instance at 0x153814fd2780>,11,3,[6 2],16,28,31,12,26
1,<environment.Job instance at 0x153814fd2820>,14,3,[10  1],19,52,55,33,37
1,<environment.Job instance at 0x153814fd26e0>,17,1,[2 7],22,55,56,33,37
1,<environment.Job instance at 0x153814fd28c0>,18,3,[7 1],23,37,40,14,37
1,<environment.Job instance at 0x153811dae910>,19,1,[8 2],24,40,41,16,37
1,<environment.Job instance at 0x153811daec30>,21,15,[1 8],27,60,75,33,60
1,<environment.Job instance at 0x153811dae960>,22,2,[8 2],28,60,62,32,60
1,<environment.Job instance at 0x153811dae9b0>,23,13,[6 1],29,62,75,33,60
1,<environment.Job instance at 0x153811daecd0>,24,3,[10  1],31,75,78,44,60
1,<environment.Job instance at 0x153811daeb90>,25,14,[6 1],33,78,92,45,63
1,<environment.Job instance at 0x153811dae050>,26,2,[10  1],34,92,94,58,65
1,<environment.Job instance at 0x153814e6a910>,28,1,[5 2],38,94,95,56,66
1,<environment.Job instance at 0x153814e6a370>,29,1,[8 1],39,95,96,56,67
1,<environment.Job instance at 0x153814e6a1e0>,30,14,[1 6],41,78,92,37,67
1,<environment.Job instance at 0x153814e6a550>,31,12,[1 7],44,94,106,50,77
1,<environment.Job instance at 0x153814e6ae60>,32,3,[2 7],45,106,109,61,80
1,<environment.Job instance at 0x153814e6ac30>,33,3,[10  2],48,109,112,61,83
1,<environment.Job instance at 0x153814e6abe0>,35,3,[8 2],51,96,99,45,83
1,<environment.Job instance at 0x153812039b90>,38,1,[8 1],56,99,100,43,83
1,<environment.Job instance at 0x153812039820>,39,3,[9 1],57,100,103,43,83
1,<environment.Job instance at 0x1538120395a0>,40,2,[9 1],59,103,105,44,83
1,<environment.Job instance at 0x153812039f50>,42,3,[1 7],63,112,115,49,86
1,<environment.Job instance at 0x153818d2cb90>,46,16,[10  2],67,115,131,48,102
1,<environment.Job instance at 0x153818d2c870>,54,3,[10  2],78,131,134,53,110
1,<environment.Job instance at 0x153818d2ca00>,57,2,[10  1],81,134,136,53,110
1,<environment.Job instance at 0x153818d2c0f0>,58,1,[1 7],82,136,137,54,110
1,<environment.Job instance at 0x153811b68b90>,59,1,[9 1],84,112,113,28,110
1,<environment.Job instance at 0x153811b68910>,62,3,[10  2],88,137,140,49,122
1,<environment.Job instance at 0x153811b68960>,63,3,[ 1 10],89,140,143,51,122
1,<environment.Job instance at 0x153811b68820>,65,3,[ 2 10],92,143,146,51,122
1,<environment.Job instance at 0x153811b68640>,68,3,[2 8],97,146,149,49,122
1,<environment.Job instance at 0x153811b68230>,69,3,[9 1],98,149,152,51,123
1,<environment.Job instance at 0x153811b68c30>,70,3,[2 9],100,152,155,52,126
1,<environment.Job instance at 0x153811b66f50>,73,3,[ 1 10],104,155,158,51,129
1,<environment.Job instance at 0x153811a90820>,80,3,[6 1],114,146,149,32,137
1,<environment.Job instance at 0x153811a90a50>,82,2,[5 1],117,152,154,35,137
1,<environment.Job instance at 0x153811a90e60>,83,3,[6 1],118,158,161,40,137
1,<environment.Job instance at 0x153811a902d0>,84,1,[10  1],119,161,162,42,137
1,<environment.Job instance at 0x153811a90fa0>,86,3,[ 2 10],121,162,165,41,140
1,<environment.Job instance at 0x153812076960>,88,1,[9 2],124,165,166,41,143
1,<environment.Job instance at 0x153814cfb0a0>,89,3,[2 9],125,158,161,33,143
1,<environment.Job instance at 0x153816548690>,90,3,[2 5],126,166,169,40,143
1,<environment.Job instance at 0x153814f15cd0>,91,3,[1 7],127,149,152,22,143
1,<environment.Job instance at 0x153814df1410>,94,12,[ 1 10],130,169,181,39,152
1,<environment.Job instance at 0x153812071870>,98,3,[1 7],135,181,184,46,155
1,<environment.Job instance at 0x1538123f7c80>,105,3,[1 6],144,184,187,40,163
1,<environment.Job instance at 0x153811c73690>,108,12,[5 1],149,181,193,32,167
1,<environment.Job instance at 0x15381250abe0>,109,16,[1 7],151,187,203,36,174
1,<environment.Job instance at 0x15381250ac80>,110,3,[2 6],152,203,206,51,177
1,<environment.Job instance at 0x153820edbdc0>,111,17,[6 1],155,193,210,38,181
1,<environment.Job instance at 0x1538123da320>,112,3,[2 8],156,206,209,50,181
1,<environment.Job instance at 0x153818d3e370>,115,1,[1 9],160,209,210,49,183
1,<environment.Job instance at 0x153818d3e2d0>,118,3,[2 8],163,210,213,47,185
1,<environment.Job instance at 0x153811ba0960>,119,3,[2 9],164,213,216,49,187
1,<environment.Job instance at 0x153811f55690>,120,15,[8 1],166,210,225,44,196
1,<environment.Job instance at 0x1538205130f0>,122,1,[7 2],168,225,226,57,197
1,<environment.Job instance at 0x153820513960>,124,1,[ 2 10],170,226,227,56,198
1,<environment.Job instance at 0x1538205134b0>,125,2,[2 5],171,216,218,45,198
1,<environment.Job instance at 0x153820513a50>,127,1,[7 2],175,227,228,52,210
1,<environment.Job instance at 0x153814dbd460>,128,1,[1 8],176,218,219,42,210
1,<environment.Job instance at 0x153814dbd190>,129,2,[1 7],177,219,221,42,210
1,<environment.Job instance at 0x1538123ea780>,131,2,[1 6],179,221,223,42,216
1,<environment.Job instance at 0x153814fd2eb0>,4,2,[6 2],6,1569,1571,1563,1569
1,<environment.Job instance at 0x1538206a5dc0>,3,1,[8 1],4,4,5,0,4
1,<environment.Job instance at 0x1538124f00a0>,5,13,[2 5],7,7,20,0,7
1,<environment.Job instance at 0x1538124f06e0>,6,2,[6 1],9,9,11,0,9
1,<environment.Job instance at 0x153811bab550>,1,3,[10  1],2,20,23,18,9
1,<environment.Job instance at 0x1538124f0820>,7,16,[6 1],10,23,39,13,10
1,<environment.Job instance at 0x153811f270a0>,8,1,[ 1 10],12,39,40,27,12
1,<environment.Job instance at 0x153811936d20>,9,3,[9 1],14,40,43,26,14
1,<environment.Job instance at 0x1538161ba190>,11,3,[1 5],17,17,20,0,17
1,<environment.Job instance at 0x153814efffa0>,12,1,[10  1],19,43,44,24,19
1,<environment.Job instance at 0x1538125926e0>,13,3,[8 1],20,44,47,24,20
1,<environment.Job instance at 0x153811c2bbe0>,14,2,[8 1],21,47,49,26,21
1,<environment.Job instance at 0x1538121555a0>,15,1,[5 2],22,49,50,27,22
1,<environment.Job instance at 0x1538125038c0>,16,3,[1 7],23,23,26,0,23
1,<environment.Job instance at 0x153814ff87d0>,19,2,[5 2],27,49,51,22,27
1,<environment.Job instance at 0x153816666550>,20,1,[1 5],28,28,29,0,28
1,<environment.Job instance at 0x153812079aa0>,21,1,[8 2],29,51,52,22,29
1,<environment.Job instance at 0x153814db9d20>,22,2,[7 1],30,52,54,22,30
1,<environment.Job instance at 0x1538212df2d0>,23,1,[10  1],31,54,55,23,31
1,<environment.Job instance at 0x1538212df5f0>,26,3,[2 5],34,34,37,0,34
1,<environment.Job instance at 0x1538161fe730>,30,1,[2 5],38,38,39,0,38
1,<environment.Job instance at 0x1538161fe190>,33,2,[2 5],43,427,429,384,427
1,<environment.Job instance at 0x1538161fec80>,34,3,[1 5],46,427,430,381,427
1,<environment.Job instance at 0x1538205f2820>,35,1,[8 1],47,429,430,382,427
1,<environment.Job instance at 0x1538205f2500>,36,2,[8 2],48,430,432,382,427
1,<environment.Job instance at 0x1538205f20a0>,37,14,[9 2],49,432,446,383,427
1,<environment.Job instance at 0x1538205f2640>,38,2,[5 2],50,446,448,396,427
1,<environment.Job instance at 0x1538205f2140>,39,3,[1 5],51,430,433,379,427
1,<environment.Job instance at 0x1538205f2f00>,40,1,[1 5],53,433,434,380,427
1,<environment.Job instance at 0x1538205f2af0>,43,15,[8 2],56,448,463,392,434
1,<environment.Job instance at 0x1538205f2c30>,44,3,[1 7],58,434,437,376,434
1,<environment.Job instance at 0x15382061f370>,45,3,[7 1],59,463,466,404,437
1,<environment.Job instance at 0x15382061f550>,46,2,[2 7],60,446,448,386,437
1,<environment.Job instance at 0x153811d75500>,48,1,[1 9],62,463,464,401,437
1,<environment.Job instance at 0x153811d75870>,50,2,[1 8],65,448,450,383,447
1,<environment.Job instance at 0x153811d75eb0>,52,3,[2 6],68,450,453,382,447
1,<environment.Job instance at 0x153811d75c80>,53,14,[10  1],69,466,480,397,451
1,<environment.Job instance at 0x1538120ef460>,55,3,[5 1],71,495,498,424,495
1,<environment.Job instance at 0x1538120ef690>,56,2,[8 1],73,498,500,425,495
1,<environment.Job instance at 0x153811dcf2d0>,57,3,[9 1],74,500,503,426,495
1,<environment.Job instance at 0x153811dcf140>,58,3,[8 2],75,503,506,428,495
1,<environment.Job instance at 0x15381a7c4640>,60,2,[2 7],79,495,497,416,495
1,<environment.Job instance at 0x153820031690>,63,2,[1 9],83,508,510,425,508
1,<environment.Job instance at 0x153820031960>,65,1,[8 1],85,508,509,423,508
1,<environment.Job instance at 0x153816249b40>,66,18,[10  1],86,510,528,424,508
1,<environment.Job instance at 0x1538162494b0>,67,1,[8 2],87,528,529,441,508
1,<environment.Job instance at 0x1538162dfaa0>,68,2,[7 1],88,529,531,441,508
1,<environment.Job instance at 0x153816194d70>,69,1,[5 1],89,509,510,420,508
1,<environment.Job instance at 0x1538205a30f0>,70,2,[2 8],90,528,530,438,508
1,<environment.Job instance at 0x1538162dfd20>,71,3,[7 1],91,531,534,440,508
1,<environment.Job instance at 0x153816194190>,72,3,[8 2],92,534,537,442,508
1,<environment.Job instance at 0x153812c78d70>,73,2,[10  1],94,537,539,443,510
1,<environment.Job instance at 0x1538125a2460>,75,14,[9 2],99,539,553,440,524
1,<environment.Job instance at 0x1538125a2f00>,77,3,[1 5],102,530,533,428,527
1,<environment.Job instance at 0x1538125a2500>,78,2,[5 2],103,553,555,450,527
1,<environment.Job instance at 0x1538125a2190>,79,13,[8 1],105,555,568,450,539
1,<environment.Job instance at 0x1538125a25a0>,80,1,[7 2],106,568,569,462,540
1,<environment.Job instance at 0x1538125a25f0>,81,2,[2 8],107,553,555,446,540
1,<environment.Job instance at 0x1538125a2aa0>,83,3,[9 2],110,569,572,459,543
1,<environment.Job instance at 0x1538125a23c0>,84,1,[ 2 10],111,572,573,461,544
1,<environment.Job instance at 0x1538125a2320>,85,2,[6 2],112,573,575,461,546
1,<environment.Job instance at 0x1538125a20f0>,86,1,[1 5],114,546,547,432,546
1,<environment.Job instance at 0x1538125a2fa0>,87,2,[5 2],115,575,577,460,548
1,<environment.Job instance at 0x1538125a2e60>,88,2,[8 1],116,577,579,461,550
1,<environment.Job instance at 0x1538125a2a50>,89,2,[8 1],117,579,581,462,552
1,<environment.Job instance at 0x1538125a2050>,91,3,[10  2],119,581,584,462,555
1,<environment.Job instance at 0x1538125a2b90>,93,3,[2 7],121,566,569,445,566
1,<environment.Job instance at 0x1538162e0230>,0,3,[2 5],1,1,4,0,1
1,<environment.Job instance at 0x15382054b8c0>,2,12,[9 1],3,4,16,1,3
1,<environment.Job instance at 0x15382054b3c0>,3,3,[7 2],5,16,19,11,5
1,<environment.Job instance at 0x153812286aa0>,4,3,[1 6],7,7,10,0,7
1,<environment.Job instance at 0x153812286c80>,7,3,[9 2],14,19,22,5,14
1,<environment.Job instance at 0x153812286960>,11,3,[5 1],20,22,25,2,20
1,<environment.Job instance at 0x153814d01960>,13,2,[7 2],24,25,27,1,24
1,<environment.Job instance at 0x153814d90280>,15,14,[10  2],26,27,41,1,26
1,<environment.Job instance at 0x153811e31410>,16,3,[2 6],27,41,44,14,27
1,<environment.Job instance at 0x1538205eb1e0>,17,12,[6 1],30,41,53,11,30
1,<environment.Job instance at 0x1538150dc1e0>,18,18,[1 6],31,44,62,13,33
1,<environment.Job instance at 0x15381202c5a0>,20,3,[1 9],36,62,65,26,36
1,<environment.Job instance at 0x153811cd67d0>,21,1,[5 2],37,53,54,16,37
1,<environment.Job instance at 0x153811848d70>,22,1,[9 1],38,54,55,16,38
1,<environment.Job instance at 0x15381655a910>,34,3,[6 2],54,55,58,1,54
1,<environment.Job instance at 0x153864085f50>,35,3,[2 5],58,65,68,7,58
1,<environment.Job instance at 0x15381619e730>,37,18,[2 9],61,68,86,7,61
1,<environment.Job instance at 0x1538117d8190>,39,3,[1 9],64,86,89,22,64
1,<environment.Job instance at 0x153822b80a00>,40,3,[2 7],66,89,92,23,66
1,<environment.Job instance at 0x15381194ef50>,41,3,[2 9],67,92,95,25,67
1,<environment.Job instance at 0x153811976d70>,42,3,[6 1],69,69,72,0,69
1,<environment.Job instance at 0x1538165b2f00>,47,3,[ 1 10],75,95,98,20,78
1,<environment.Job instance at 0x1538165b2d70>,50,13,[6 1],78,78,91,0,78
1,<environment.Job instance at 0x153811e7c1e0>,52,3,[6 2],80,98,101,18,80
1,<environment.Job instance at 0x153811b4cf50>,59,17,[7 2],91,101,118,10,91
1,<environment.Job instance at 0x153814fff550>,61,2,[10  1],95,118,120,23,95
1,<environment.Job instance at 0x1538127fea50>,68,3,[ 2 10],106,120,123,14,107
1,<environment.Job instance at 0x1538123be410>,72,3,[1 9],114,123,126,9,114
1,<environment.Job instance at 0x153811af66e0>,76,13,[7 2],121,126,139,5,121
1,<environment.Job instance at 0x15381205d780>,82,14,[6 2],130,139,153,9,130
1,<environment.Job instance at 0x15381205d140>,84,18,[10  2],132,153,171,21,142
1,<environment.Job instance at 0x153811b26910>,94,1,[7 2],146,171,172,25,154
1,<environment.Job instance at 0x153811b26780>,95,15,[7 1],147,172,187,25,158
1,<environment.Job instance at 0x153811b269b0>,97,3,[1 9],154,172,175,18,158
1,<environment.Job instance at 0x15381427deb0>,98,1,[1 7],157,171,172,14,158
1,<environment.Job instance at 0x15381427dc80>,100,3,[6 2],160,187,190,27,170
1,<environment.Job instance at 0x15381427db40>,103,3,[8 2],168,190,193,22,172
1,<environment.Job instance at 0x15381427d190>,104,14,[10  2],169,193,207,24,178
1,<environment.Job instance at 0x153814cb4640>,110,1,[1 9],178,207,208,29,194
1,<environment.Job instance at 0x153811d8d7d0>,0,3,[10  2],2,2,5,0,2
1,<environment.Job instance at 0x153814cb4640>,3,2,[9 1],7,7,9,0,7
1,<environment.Job instance at 0x153811a54780>,6,2,[6 2],12,12,14,0,12
1,<environment.Job instance at 0x153811a54460>,7,3,[5 2],17,17,20,0,17
1,<environment.Job instance at 0x153811a54fa0>,8,3,[ 2 10],18,20,23,2,18
1,<environment.Job instance at 0x153811a54820>,9,3,[1 5],20,23,26,3,20
1,<environment.Job instance at 0x153811ef0f50>,10,1,[9 1],21,23,24,2,21
1,<environment.Job instance at 0x153811ef0320>,12,2,[2 5],24,24,26,0,24
1,<environment.Job instance at 0x153814ec6960>,0,3,[1 6],2,2,5,0,2
1,<environment.Job instance at 0x1538122b60a0>,1,1,[2 7],3,5,6,2,3
1,<environment.Job instance at 0x153814ecfcd0>,5,3,[1 8],8,8,11,0,8
1,<environment.Job instance at 0x1538200467d0>,6,3,[2 9],12,12,15,0,12
1,<environment.Job instance at 0x1538200469b0>,7,1,[8 2],14,15,16,1,14
1,<environment.Job instance at 0x153820046960>,8,3,[7 1],16,16,19,0,16
1,<environment.Job instance at 0x1538200460a0>,9,3,[ 2 10],19,19,22,0,19
1,<environment.Job instance at 0x153820046730>,10,3,[7 2],21,22,25,1,21
1,<environment.Job instance at 0x153812071320>,11,3,[9 2],23,25,28,2,23
1,<environment.Job instance at 0x1538120710f0>,12,3,[1 6],26,26,29,0,26
1,<environment.Job instance at 0x1538120717d0>,13,13,[1 5],27,29,42,2,27
1,<environment.Job instance at 0x153812071050>,15,2,[2 5],29,29,31,0,29
1,<environment.Job instance at 0x153812071dc0>,16,3,[1 8],30,42,45,12,30
1,<environment.Job instance at 0x153812071820>,17,1,[10  2],31,45,46,14,31
1,<environment.Job instance at 0x153811dccd20>,19,17,[10  2],35,46,63,11,35
1,<environment.Job instance at 0x15381607c9b0>,20,3,[9 2],36,36,39,0,36
1,<environment.Job instance at 0x15381607c320>,22,2,[6 2],38,39,41,1,38
1,<environment.Job instance at 0x153811fbd500>,24,13,[8 1],44,63,76,19,47
1,<environment.Job instance at 0x153811fbd190>,26,17,[2 7],48,63,80,15,51
1,<environment.Job instance at 0x153811fbd1e0>,30,1,[8 2],53,76,77,23,53
1,<environment.Job instance at 0x153811e5b870>,32,2,[2 8],56,80,82,24,56
1,<environment.Job instance at 0x153811e5b370>,33,2,[7 2],57,77,79,20,57
1,<environment.Job instance at 0x1538119ad9b0>,36,3,[6 2],60,79,82,19,66
1,<environment.Job instance at 0x153812205370>,37,3,[8 1],62,82,85,20,66
1,<environment.Job instance at 0x153811e5b780>,38,1,[7 1],64,85,86,21,66
1,<environment.Job instance at 0x153811e5b140>,39,1,[1 5],65,82,83,17,66
1,<environment.Job instance at 0x153811e5beb0>,40,15,[10  1],66,86,101,20,72
1,<environment.Job instance at 0x1538211e5690>,44,13,[6 2],71,101,114,30,85
1,<environment.Job instance at 0x153811cf5500>,45,2,[5 2],73,114,116,41,87
1,<environment.Job instance at 0x153811cf5eb0>,46,2,[6 2],74,116,118,42,89
1,<environment.Job instance at 0x15381218faa0>,47,3,[2 5],75,101,104,26,89
1,<environment.Job instance at 0x153811cf5730>,49,14,[2 8],78,104,118,26,91
1,<environment.Job instance at 0x15381185f4b0>,50,1,[6 2],80,118,119,38,91
1,<environment.Job instance at 0x1538120790f0>,53,2,[1 8],83,118,120,35,95
1,<environment.Job instance at 0x15381207f730>,54,2,[ 1 10],86,120,122,34,95
1,<environment.Job instance at 0x15381207fa00>,56,15,[7 2],88,122,137,34,108
1,<environment.Job instance at 0x15381207f960>,57,13,[9 1],89,137,150,48,121
1,<environment.Job instance at 0x153811fd0190>,60,2,[8 2],93,150,152,57,123
1,<environment.Job instance at 0x153811fd0550>,62,2,[6 2],95,152,154,57,125
1,<environment.Job instance at 0x153811cd6c80>,64,14,[9 1],99,154,168,55,141
1,<environment.Job instance at 0x153811cd65f0>,65,1,[1 9],100,141,142,41,141
1,<environment.Job instance at 0x153822ba03c0>,66,1,[10  2],101,168,169,67,141
1,<environment.Job instance at 0x153811cd61e0>,67,3,[1 7],104,142,145,38,141
1,<environment.Job instance at 0x153814cfdc30>,68,1,[6 2],105,169,170,64,141
1,<environment.Job instance at 0x153814cfdb90>,70,2,[7 2],107,170,172,63,143
1,<environment.Job instance at 0x15382052ccd0>,72,2,[1 5],109,156,158,47,156
1,<environment.Job instance at 0x15382052c320>,76,1,[ 2 10],115,172,173,57,156
1,<environment.Job instance at 0x1538161ea730>,77,2,[2 8],118,169,171,51,156
1,<environment.Job instance at 0x1538161ea0f0>,78,16,[8 1],120,173,189,53,160
1,<environment.Job instance at 0x1538161eac30>,79,2,[6 2],121,189,191,68,162
1,<environment.Job instance at 0x1538160a2aa0>,80,1,[2 5],122,171,172,49,162
1,<environment.Job instance at 0x1538160a2b40>,81,3,[2 8],126,173,176,47,162
1,<environment.Job instance at 0x1538160a2eb0>,82,2,[1 9],127,162,164,35,162
1,<environment.Job instance at 0x1538160a25f0>,83,3,[2 6],128,176,179,48,162
1,<environment.Job instance at 0x1538160a2d70>,84,2,[5 2],129,191,193,62,164
1,<environment.Job instance at 0x1538160a2050>,86,3,[2 8],133,179,182,46,164
1,<environment.Job instance at 0x153811b3d6e0>,88,2,[5 1],135,191,193,56,164
1,<environment.Job instance at 0x153820ecc4b0>,96,2,[7 1],144,193,195,49,189
1,<environment.Job instance at 0x153820eccc30>,97,1,[1 6],146,189,190,43,189
1,<environment.Job instance at 0x153820ecc820>,98,2,[6 2],147,195,197,48,189
1,<environment.Job instance at 0x153820ecc410>,99,2,[10  2],149,197,199,48,189
1,<environment.Job instance at 0x153820ecc050>,100,2,[2 7],153,193,195,40,189
1,<environment.Job instance at 0x153820ecc780>,101,3,[8 1],154,199,202,45,189
1,<environment.Job instance at 0x153820eccf50>,102,1,[8 2],156,202,203,46,189
1,<environment.Job instance at 0x1538125570a0>,103,3,[8 2],158,203,206,45,189
1,<environment.Job instance at 0x153812557fa0>,104,2,[8 1],160,206,208,46,189
1,<environment.Job instance at 0x153812557d20>,105,3,[2 7],161,199,202,38,189
1,<environment.Job instance at 0x153812557af0>,106,1,[1 6],162,190,191,28,189
1,<environment.Job instance at 0x153812557820>,107,1,[8 1],166,208,209,42,189
1,<environment.Job instance at 0x15381622ceb0>,108,1,[10  1],167,209,210,42,189
1,<environment.Job instance at 0x15381622c370>,110,2,[9 1],169,210,212,41,193
1,<environment.Job instance at 0x15381622ccd0>,111,12,[8 1],170,212,224,42,195
1,<environment.Job instance at 0x15381622c690>,113,3,[10  1],172,224,227,52,207
1,<environment.Job instance at 0x15381622c2d0>,114,3,[7 1],173,227,230,54,207
1,<environment.Job instance at 0x153811bf84b0>,115,2,[2 8],175,207,209,32,207
1,<environment.Job instance at 0x153811bf8280>,118,3,[2 9],178,238,241,60,238
1,<environment.Job instance at 0x153820eccbe0>,95,15,[5 2],143,249,264,106,249
1,<environment.Job instance at 0x1538162319b0>,0,3,[1 8],4,4,7,0,4
1,<environment.Job instance at 0x153815086550>,1,1,[10  1],5,7,8,2,5
1,<environment.Job instance at 0x15381616a4b0>,3,3,[1 7],7,8,11,1,7
1,<environment.Job instance at 0x15381616a820>,4,1,[2 9],8,11,12,3,8
1,<environment.Job instance at 0x153811fbd910>,5,3,[1 8],10,12,15,2,10
1,<environment.Job instance at 0x15381616aaa0>,7,1,[1 6],16,16,17,0,16
1,<environment.Job instance at 0x1538205fab40>,9,2,[6 2],19,19,21,0,19
1,<environment.Job instance at 0x1538205fa7d0>,10,3,[1 6],20,20,23,0,20
1,<environment.Job instance at 0x1538205faa00>,12,3,[ 2 10],22,23,26,1,22
1,<environment.Job instance at 0x1538205faaf0>,13,3,[6 2],23,26,29,3,23
1,<environment.Job instance at 0x153816091cd0>,14,1,[9 2],27,29,30,2,27
1,<environment.Job instance at 0x15381181e2d0>,15,1,[2 9],28,30,31,2,28
1,<environment.Job instance at 0x1538205fa230>,16,18,[2 7],29,31,49,2,29
1,<environment.Job instance at 0x153811f7a230>,22,1,[8 2],39,113,114,74,113
1,<environment.Job instance at 0x153811f586e0>,23,1,[1 6],40,113,114,73,113
1,<environment.Job instance at 0x153814dbd910>,25,16,[9 2],42,114,130,72,113
1,<environment.Job instance at 0x1538124c9870>,27,1,[5 1],44,130,131,86,115
1,<environment.Job instance at 0x153815c66410>,28,2,[2 7],45,130,132,85,115
1,<environment.Job instance at 0x153815c66550>,29,2,[9 1],46,132,134,86,115
1,<environment.Job instance at 0x153815c66500>,30,1,[1 8],47,115,116,68,115
1,<environment.Job instance at 0x1538151998c0>,31,2,[10  2],48,134,136,86,115
1,<environment.Job instance at 0x1538127d2190>,32,1,[9 2],49,136,137,87,115
1,<environment.Job instance at 0x15381665d9b0>,34,1,[10  1],52,137,138,85,117
1,<environment.Job instance at 0x15381665da00>,36,2,[2 9],56,138,140,82,126
1,<environment.Job instance at 0x15381665d870>,37,3,[9 1],57,140,143,83,126
1,<environment.Job instance at 0x15381665df00>,38,17,[2 6],58,143,160,85,131
1,<environment.Job instance at 0x15381665d0f0>,39,1,[1 6],59,132,133,73,131
1,<environment.Job instance at 0x15381665d640>,44,2,[2 8],65,164,166,99,164
1,<environment.Job instance at 0x15381665dc80>,45,14,[9 1],66,166,180,100,164
1,<environment.Job instance at 0x15381665daa0>,46,16,[5 1],68,180,196,112,167
1,<environment.Job instance at 0x153814e6a230>,48,3,[7 2],71,196,199,125,175
1,<environment.Job instance at 0x153814e6aeb0>,49,2,[2 7],72,180,182,108,175
1,<environment.Job instance at 0x153814e6aa50>,50,3,[2 9],74,182,185,108,175
1,<environment.Job instance at 0x153814e6a320>,51,1,[10  2],75,199,200,124,175
1,<environment.Job instance at 0x153812d225a0>,53,1,[9 2],79,200,201,121,175
1,<environment.Job instance at 0x1538120a89b0>,56,1,[ 1 10],86,201,202,115,188
1,<environment.Job instance at 0x153818d36690>,57,1,[2 6],87,188,189,101,188
1,<environment.Job instance at 0x1538120a8f50>,58,1,[2 6],88,189,190,101,188
1,<environment.Job instance at 0x153818d363c0>,59,16,[10  2],90,202,218,112,189
1,<environment.Job instance at 0x153811a864b0>,60,12,[1 9],91,218,230,127,201
1,<environment.Job instance at 0x153818d36230>,61,1,[7 2],92,230,231,138,202
1,<environment.Job instance at 0x15382111bc30>,64,1,[5 1],95,218,219,123,202
1,<environment.Job instance at 0x15382111baf0>,65,3,[6 2],97,231,234,134,205
1,<environment.Job instance at 0x153812ce9a00>,66,2,[2 7],98,230,232,132,205
1,<environment.Job instance at 0x153812ce9d70>,67,16,[10  1],100,234,250,134,221
1,<environment.Job instance at 0x153812ce97d0>,68,3,[2 8],101,250,253,149,224
1,<environment.Job instance at 0x153812ce9780>,70,1,[2 6],103,232,233,129,224
1,<environment.Job instance at 0x1538151380f0>,71,15,[8 2],104,250,265,146,236
1,<environment.Job instance at 0x153815138aa0>,72,3,[ 2 10],105,265,268,160,239
1,<environment.Job instance at 0x15382345ca00>,74,1,[ 2 10],107,268,269,161,246
1,<environment.Job instance at 0x15382345c460>,75,3,[ 2 10],108,269,272,161,246
1,<environment.Job instance at 0x15382345c140>,76,2,[5 1],109,272,274,163,246
1,<environment.Job instance at 0x153812218d70>,80,3,[8 2],115,274,277,159,248
1,<environment.Job instance at 0x153811ba08c0>,81,3,[1 7],116,253,256,137,248
1,<environment.Job instance at 0x15382119e410>,82,2,[9 2],117,277,279,160,250
1,<environment.Job instance at 0x15382119e050>,83,2,[7 1],118,279,281,161,252
1,<environment.Job instance at 0x153821152c80>,84,1,[1 6],119,256,257,137,252
1,<environment.Job instance at 0x153821152c30>,86,1,[1 9],121,272,273,151,252
1,<environment.Job instance at 0x153821152af0>,87,13,[1 6],122,273,286,151,257
1,<environment.Job instance at 0x153821152550>,88,3,[5 1],123,281,284,158,257
1,<environment.Job instance at 0x153821152870>,90,2,[1 6],127,286,288,159,267
1,<environment.Job instance at 0x153812dca190>,94,3,[10  1],136,288,291,152,286
1,<environment.Job instance at 0x1538161b4370>,96,3,[2 8],140,291,294,151,286
1,<environment.Job instance at 0x1538161b45a0>,97,3,[10  1],141,294,297,153,286
1,<environment.Job instance at 0x1538161b40a0>,98,2,[1 6],142,297,299,155,286
1,<environment.Job instance at 0x1538161b4910>,99,2,[5 2],143,286,288,143,286
1,<environment.Job instance at 0x1538161b48c0>,100,1,[5 1],144,291,292,147,286
1,<environment.Job instance at 0x1538161b5960>,101,3,[8 1],145,297,300,152,286
1,<environment.Job instance at 0x15381215a780>,102,3,[10  1],146,300,303,154,286
1,<environment.Job instance at 0x1538161b5780>,103,13,[1 9],147,303,316,156,287
1,<environment.Job instance at 0x1538161b50f0>,104,3,[9 2],150,316,319,166,290
1,<environment.Job instance at 0x1538160b8fa0>,105,3,[5 1],151,303,306,152,290
1,<environment.Job instance at 0x1538160b8410>,106,2,[5 1],153,292,294,139,290
1,<environment.Job instance at 0x153811c6ba00>,107,3,[1 9],154,319,322,165,293
1,<environment.Job instance at 0x153811c6be10>,108,2,[1 9],155,322,324,167,295
1,<environment.Job instance at 0x15381609b140>,109,3,[ 2 10],156,324,327,168,298
1,<environment.Job instance at 0x15381609bd70>,110,3,[2 6],157,327,330,170,301
1,<environment.Job instance at 0x153814df1500>,112,2,[1 8],159,316,318,157,301
1,<environment.Job instance at 0x153814df1aa0>,113,2,[7 1],160,306,308,146,301
1,<environment.Job instance at 0x153814df1640>,114,2,[2 9],161,330,332,169,303
1,<environment.Job instance at 0x153814df19b0>,115,1,[1 7],162,318,319,156,303
1,<environment.Job instance at 0x153814df15f0>,116,2,[7 1],163,308,310,145,303
1,<environment.Job instance at 0x153814df1690>,118,3,[2 6],165,332,335,167,310
1,<environment.Job instance at 0x153814df1910>,119,3,[6 2],167,327,330,160,310
1,<environment.Job instance at 0x153814df1780>,120,3,[1 9],168,335,338,167,310
1,<environment.Job instance at 0x153814df1140>,121,3,[1 7],170,338,341,168,312
1,<environment.Job instance at 0x15381520ed20>,127,3,[10  2],179,341,344,162,315
1,<environment.Job instance at 0x153811f7a410>,20,2,[5 2],37,1909,1911,1872,1909
1,<environment.Job instance at 0x1538212f65f0>,1,2,[9 2],2,2,4,0,2
1,<environment.Job instance at 0x153814f664b0>,3,13,[1 5],5,5,18,0,5
1,<environment.Job instance at 0x153814f66d20>,4,3,[ 1 10],6,18,21,12,6
1,<environment.Job instance at 0x153812d21910>,10,13,[9 1],16,21,34,5,19
1,<environment.Job instance at 0x153812d21f00>,11,1,[ 1 10],17,34,35,17,19
1,<environment.Job instance at 0x15381220b9b0>,12,1,[10  2],18,35,36,17,19
1,<environment.Job instance at 0x15381a7b9e10>,14,3,[6 1],20,36,39,16,23
1,<environment.Job instance at 0x15381a7b9910>,15,13,[2 5],22,36,49,14,23
1,<environment.Job instance at 0x153812d21aa0>,16,2,[2 8],23,49,51,26,23
1,<environment.Job instance at 0x153811a936e0>,17,3,[1 7],25,25,28,0,25
1,<environment.Job instance at 0x1538160ebcd0>,18,2,[8 1],27,39,41,12,27
1,<environment.Job instance at 0x153812d48fa0>,19,3,[9 2],28,51,54,23,28
1,<environment.Job instance at 0x1538211f31e0>,25,3,[8 1],37,41,44,4,37
1,<environment.Job instance at 0x1538211cfeb0>,26,1,[6 1],38,44,45,6,38
1,<environment.Job instance at 0x15381663e550>,27,3,[6 1],39,45,48,6,39
1,<environment.Job instance at 0x153820472b40>,28,3,[9 1],40,54,57,14,40
1,<environment.Job instance at 0x153814f66b90>,6,2,[7 1],8,48,50,40,40
1,<environment.Job instance at 0x1538206136e0>,29,3,[2 9],41,57,60,16,41
1,<environment.Job instance at 0x153811b6f7d0>,31,1,[10  2],45,60,61,15,45
1,<environment.Job instance at 0x153811b6fa50>,33,3,[1 8],47,51,54,4,47
1,<environment.Job instance at 0x1538205a3370>,35,15,[9 2],50,61,76,11,50
1,<environment.Job instance at 0x1538205a3e10>,36,2,[2 8],52,76,78,24,52
1,<environment.Job instance at 0x1538205a3a50>,38,16,[8 1],55,76,92,21,63
1,<environment.Job instance at 0x153811acbe60>,41,1,[5 1],58,92,93,34,64
1,<environment.Job instance at 0x153811acb370>,44,2,[6 2],65,93,95,28,66
1,<environment.Job instance at 0x153814ccce10>,50,13,[1 6],73,106,119,33,106
1,<environment.Job instance at 0x153814ccc820>,51,2,[8 1],74,106,108,32,106
1,<environment.Job instance at 0x153814cccc80>,52,1,[10  1],75,119,120,44,106
1,<environment.Job instance at 0x153814ccc870>,53,2,[5 1],76,108,110,32,106
1,<environment.Job instance at 0x153814ccca50>,54,1,[1 6],77,120,121,43,106
1,<environment.Job instance at 0x153814ccc140>,55,12,[5 2],78,120,132,42,107
1,<environment.Job instance at 0x153814ccc2d0>,56,3,[9 2],80,110,113,30,107
1,<environment.Job instance at 0x1538165e9f00>,0,3,[1 9],1,1,4,0,1
1,<environment.Job instance at 0x153814e95140>,2,1,[10  2],5,5,6,0,5
1,<environment.Job instance at 0x1538165e6cd0>,4,3,[8 1],7,7,10,0,7
1,<environment.Job instance at 0x1538165e6c30>,5,1,[1 6],8,8,9,0,8
1,<environment.Job instance at 0x1538165e6370>,6,1,[2 7],9,9,10,0,9
1,<environment.Job instance at 0x153811e31fa0>,7,2,[ 1 10],10,10,12,0,10
1,<environment.Job instance at 0x153812d5d910>,8,1,[7 1],11,12,13,1,11
1,<environment.Job instance at 0x1538165e6320>,9,2,[9 1],12,13,15,1,12
1,<environment.Job instance at 0x153812d5d780>,10,1,[5 1],14,15,16,1,14
1,<environment.Job instance at 0x153812db23c0>,11,1,[2 7],15,15,16,0,15
1,<environment.Job instance at 0x153814e5d550>,12,15,[5 1],16,16,31,0,16
1,<environment.Job instance at 0x1538119093c0>,13,1,[10  1],17,31,32,14,17
1,<environment.Job instance at 0x1538161e2fa0>,14,1,[6 2],18,32,33,14,18
1,<environment.Job instance at 0x153811d23d20>,16,3,[ 1 10],20,33,36,13,20
1,<environment.Job instance at 0x153811d234b0>,17,17,[1 7],21,36,53,15,24
1,<environment.Job instance at 0x153814e5c230>,19,3,[1 7],26,26,29,0,26
1,<environment.Job instance at 0x1538161e2550>,20,1,[5 1],28,29,30,1,28
1,<environment.Job instance at 0x153811d31820>,23,2,[1 6],32,53,55,21,32
1,<environment.Job instance at 0x153811d31e60>,24,12,[ 1 10],34,55,67,21,40
1,<environment.Job instance at 0x153811d31910>,28,13,[5 2],39,67,80,28,57
1,<environment.Job instance at 0x153811d317d0>,29,13,[9 2],40,80,93,40,64
1,<environment.Job instance at 0x15381655a9b0>,36,1,[ 2 10],49,93,94,44,65
1,<environment.Job instance at 0x15381655a730>,37,3,[2 9],50,94,97,44,68
1,<environment.Job instance at 0x153814d19f50>,38,3,[1 6],51,68,71,17,68
1,<environment.Job instance at 0x153814d197d0>,42,21,[10  1],55,98,119,43,98
1,<environment.Job instance at 0x153816566460>,44,3,[7 2],58,119,122,61,98
1,<environment.Job instance at 0x1538165666e0>,45,2,[7 1],59,122,124,63,98
1,<environment.Job instance at 0x1538118f8be0>,46,1,[9 2],60,124,125,64,98
1,<environment.Job instance at 0x1538118f87d0>,47,2,[5 1],61,125,127,64,98
1,<environment.Job instance at 0x153820527550>,49,3,[1 5],64,119,122,55,98
1,<environment.Job instance at 0x153811d412d0>,50,15,[10  1],65,127,142,62,113
1,<environment.Job instance at 0x153812d9b280>,53,3,[6 1],70,142,145,72,117
1,<environment.Job instance at 0x153812d9b780>,54,3,[8 2],73,145,148,72,119
1,<environment.Job instance at 0x153814e5b190>,56,3,[2 5],76,142,145,66,121
1,<environment.Job instance at 0x153814e5bbe0>,57,1,[1 6],77,122,123,45,121
1,<environment.Job instance at 0x153814e6d9b0>,59,2,[1 7],79,123,125,44,121
1,<environment.Job instance at 0x153814e6dbe0>,61,2,[7 1],81,148,150,67,121
1,<environment.Job instance at 0x153811a01550>,66,2,[6 1],86,150,152,64,128
1,<environment.Job instance at 0x153811a01b90>,67,3,[2 8],87,145,148,58,128
1,<environment.Job instance at 0x153811a018c0>,68,3,[1 7],88,148,151,60,128
1,<environment.Job instance at 0x153811a015f0>,69,3,[1 8],90,151,154,61,128
1,<environment.Job instance at 0x153811a01190>,70,3,[7 1],92,152,155,60,128
1,<environment.Job instance at 0x153811a01b40>,72,12,[ 1 10],96,155,167,59,139
1,<environment.Job instance at 0x1538127e2640>,75,2,[5 2],101,167,169,66,140
1,<environment.Job instance at 0x1538127e2e60>,80,3,[2 9],107,169,172,62,143
1,<environment.Job instance at 0x1538127e2f50>,81,1,[10  1],108,172,173,64,144
1,<environment.Job instance at 0x1538127e2320>,83,3,[6 1],111,169,172,58,145
1,<environment.Job instance at 0x1538127e2280>,84,2,[8 2],113,173,175,60,146
1,<environment.Job instance at 0x1538127e2190>,85,3,[6 2],115,175,178,60,149
1,<environment.Job instance at 0x153811fe9730>,87,3,[10  2],117,178,181,61,152
1,<environment.Job instance at 0x153811fe9aa0>,89,3,[10  2],121,181,184,60,155
1,<environment.Job instance at 0x1538211f80f0>,92,3,[7 2],125,184,187,59,158
1,<environment.Job instance at 0x1538211f8550>,97,3,[10  1],132,187,190,55,161
1,<environment.Job instance at 0x153823469dc0>,100,1,[10  2],138,190,191,52,162
1,<environment.Job instance at 0x1538174a2dc0>,102,3,[9 1],140,191,194,51,165
1,<environment.Job instance at 0x1538174a2c80>,103,3,[9 2],143,194,197,51,168
1,<environment.Job instance at 0x1538118e8fa0>,111,13,[7 1],155,197,210,42,181
1,<environment.Job instance at 0x1538118e8550>,112,15,[2 6],156,197,212,41,183
1,<environment.Job instance at 0x153811c424b0>,115,1,[9 2],161,212,213,51,194
1,<environment.Job instance at 0x153811c6fc30>,116,1,[6 2],163,210,211,47,194
1,<environment.Job instance at 0x153811c6f410>,117,16,[10  1],164,213,229,49,200
1,<environment.Job instance at 0x1538150a45a0>,125,3,[1 9],176,229,232,53,203
1,<environment.Job instance at 0x153811ec95f0>,1,3,[1 6],3,3,6,0,3
1,<environment.Job instance at 0x1538151d1140>,3,12,[10  1],6,6,18,0,6
1,<environment.Job instance at 0x1538151d11e0>,4,3,[1 8],7,18,21,11,7
1,<environment.Job instance at 0x1538151d1b40>,5,1,[2 8],8,21,22,13,8
1,<environment.Job instance at 0x1538151d1550>,6,3,[1 6],9,22,25,13,9
1,<environment.Job instance at 0x153811f19140>,11,23,[1 9],14,25,48,11,19
1,<environment.Job instance at 0x153811f19230>,13,3,[2 9],17,48,51,31,22
1,<environment.Job instance at 0x153811f19050>,15,3,[2 8],19,51,54,32,25
1,<environment.Job instance at 0x153811f19d70>,17,17,[9 1],21,25,42,4,25
1,<environment.Job instance at 0x153814262dc0>,18,2,[6 1],22,42,44,20,25
1,<environment.Job instance at 0x153814262140>,19,1,[6 1],24,44,45,20,25
1,<environment.Job instance at 0x153814262460>,21,3,[2 8],28,54,57,26,28
1,<environment.Job instance at 0x1538160e6a00>,25,3,[ 2 10],33,70,73,37,70
1,<environment.Job instance at 0x15381230e140>,29,3,[9 1],39,73,76,34,70
1,<environment.Job instance at 0x153821177f50>,31,3,[1 9],41,73,76,32,70
1,<environment.Job instance at 0x153811d554b0>,34,2,[8 1],47,76,78,29,70
1,<environment.Job instance at 0x15381230efa0>,35,3,[10  1],48,78,81,30,70
1,<environment.Job instance at 0x15381219d5a0>,36,2,[2 7],52,76,78,24,70
1,<environment.Job instance at 0x153820475280>,37,1,[9 2],54,81,82,27,70
1,<environment.Job instance at 0x153820475460>,38,18,[2 7],55,82,100,27,71
1,<environment.Job instance at 0x153811b26c80>,40,3,[6 2],58,82,85,24,72
1,<environment.Job instance at 0x1538204758c0>,41,1,[5 2],60,85,86,25,72
1,<environment.Job instance at 0x153811f02320>,44,13,[9 2],65,100,113,35,84
1,<environment.Job instance at 0x153811f35870>,45,3,[8 2],67,86,89,19,84
1,<environment.Job instance at 0x153811f35550>,47,3,[7 1],70,89,92,19,84
1,<environment.Job instance at 0x15381516f0a0>,50,18,[2 7],75,113,131,38,103
1,<environment.Job instance at 0x15381516f2d0>,53,3,[6 1],80,137,140,57,137
1,<environment.Job instance at 0x15382047ecd0>,57,12,[7 2],84,140,152,56,138
1,<environment.Job instance at 0x153812330140>,60,2,[8 1],87,152,154,65,138
1,<environment.Job instance at 0x153812330960>,61,2,[6 1],88,154,156,66,138
1,<environment.Job instance at 0x1538123306e0>,62,3,[7 2],90,156,159,66,138
1,<environment.Job instance at 0x153812330e60>,63,3,[2 6],91,138,141,47,138
1,<environment.Job instance at 0x153812330d70>,64,1,[ 2 10],92,159,160,67,138
1,<environment.Job instance at 0x1538123305a0>,65,2,[5 2],94,160,162,66,138
1,<environment.Job instance at 0x153812330280>,66,1,[7 2],95,162,163,67,138
1,<environment.Job instance at 0x153812330870>,67,15,[10  2],96,163,178,67,149
1,<environment.Job instance at 0x153812330a00>,68,3,[1 6],97,149,152,52,149
1,<environment.Job instance at 0x153812330230>,69,2,[2 7],98,152,154,54,149
1,<environment.Job instance at 0x153812330af0>,70,3,[7 1],99,178,181,79,152
1,<environment.Job instance at 0x15382046d1e0>,73,2,[8 1],103,181,183,78,163
1,<environment.Job instance at 0x15382046d820>,74,3,[ 2 10],105,183,186,78,163
1,<environment.Job instance at 0x153812579d70>,76,3,[1 8],110,178,181,68,163
1,<environment.Job instance at 0x15381255c4b0>,77,2,[2 7],112,181,183,69,163
1,<environment.Job instance at 0x15381255c2d0>,78,14,[10  1],113,186,200,73,171
1,<environment.Job instance at 0x153812550910>,82,3,[9 1],119,200,203,81,174
1,<environment.Job instance at 0x153812550a50>,88,3,[8 2],127,203,206,76,196
1,<environment.Job instance at 0x153812550fa0>,89,3,[2 5],128,203,206,75,196
1,<environment.Job instance at 0x153812550730>,90,3,[9 1],130,206,209,76,196
1,<environment.Job instance at 0x15381a7ab2d0>,91,2,[8 2],131,209,211,78,196
1,<environment.Job instance at 0x153812554370>,92,1,[8 1],132,211,212,79,196
1,<environment.Job instance at 0x153812c6ecd0>,95,22,[7 2],136,212,234,76,205
1,<environment.Job instance at 0x153814ecf640>,96,2,[2 9],137,234,236,97,207
1,<environment.Job instance at 0x15381a7af5f0>,97,3,[ 2 10],138,236,239,98,210
1,<environment.Job instance at 0x15382127b960>,98,1,[2 7],139,210,211,71,210
1,<environment.Job instance at 0x15382127be60>,99,2,[ 2 10],142,239,241,97,212
1,<environment.Job instance at 0x15382127b3c0>,100,2,[8 1],143,234,236,91,212
1,<environment.Job instance at 0x15382127ba50>,103,1,[9 2],146,241,242,95,213
1,<environment.Job instance at 0x15382127b140>,104,15,[2 6],148,213,228,65,213
1,<environment.Job instance at 0x15382127bbe0>,105,3,[7 2],150,242,245,92,216
1,<environment.Job instance at 0x15382127b190>,106,2,[ 2 10],151,245,247,94,218
1,<environment.Job instance at 0x15382127ba00>,108,1,[10  1],157,247,248,90,229
1,<environment.Job instance at 0x15382127b550>,111,3,[1 8],162,241,244,79,241
1,<environment.Job instance at 0x153811dc3320>,112,12,[1 6],164,248,260,84,241
1,<environment.Job instance at 0x153811dc3c80>,113,15,[6 2],167,248,263,81,241
1,<environment.Job instance at 0x153811dc3690>,114,18,[8 1],168,263,281,95,252
1,<environment.Job instance at 0x153811dc3460>,115,3,[6 2],171,281,284,110,255
1,<environment.Job instance at 0x153811dc3b40>,117,1,[10  2],173,284,285,111,256
1,<environment.Job instance at 0x153811dc3370>,118,3,[1 5],175,260,263,85,256
1,<environment.Job instance at 0x153811dc3550>,119,2,[6 2],176,285,287,109,258
1,<environment.Job instance at 0x153811dc3280>,120,3,[2 7],177,263,266,86,258
1,<environment.Job instance at 0x1538150a49b0>,3,1,[5 1],5,5,6,0,5
1,<environment.Job instance at 0x153811f193c0>,4,2,[5 1],8,9,11,1,9
1,<environment.Job instance at 0x15381252faa0>,7,3,[5 2],12,12,15,0,12
1,<environment.Job instance at 0x15381252f280>,8,3,[2 8],13,13,16,0,13
1,<environment.Job instance at 0x153811a93af0>,10,1,[6 2],16,16,17,0,16
1,<environment.Job instance at 0x153811a93f00>,12,23,[10  2],18,18,41,0,18
1,<environment.Job instance at 0x153811a93050>,13,3,[6 1],19,41,44,22,19
1,<environment.Job instance at 0x1538121fbdc0>,18,3,[1 7],29,41,44,12,29
1,<environment.Job instance at 0x1538118485a0>,19,19,[8 1],32,44,63,12,34
1,<environment.Job instance at 0x15381194d3c0>,21,1,[9 1],35,63,64,28,35
1,<environment.Job instance at 0x1538204b4cd0>,22,2,[8 2],36,64,66,28,37
1,<environment.Job instance at 0x1538204b4370>,24,1,[2 6],38,44,45,6,38
1,<environment.Job instance at 0x1538204b48c0>,25,2,[2 7],39,45,47,6,39
1,<environment.Job instance at 0x153811dfbd20>,26,1,[1 7],40,47,48,7,40
1,<environment.Job instance at 0x1538120955a0>,27,1,[1 7],43,48,49,5,43
1,<environment.Job instance at 0x153820527f00>,28,3,[6 2],44,66,69,22,44
1,<environment.Job instance at 0x153812d6e280>,29,1,[8 2],45,69,70,24,45
1,<environment.Job instance at 0x153811a4bdc0>,32,3,[5 1],48,70,73,22,58
1,<environment.Job instance at 0x153811a4bf50>,33,2,[9 1],49,73,75,24,58
1,<environment.Job instance at 0x15381192d1e0>,34,3,[7 1],51,75,78,24,58
1,<environment.Job instance at 0x153812254f00>,35,1,[1 9],54,58,59,4,58
1,<environment.Job instance at 0x1538122548c0>,36,14,[7 1],55,78,92,23,63
1,<environment.Job instance at 0x153812254dc0>,37,3,[ 2 10],57,92,95,35,66
1,<environment.Job instance at 0x153812254820>,38,3,[6 2],58,95,98,37,69
1,<environment.Job instance at 0x1538174a2eb0>,39,3,[6 1],60,98,101,38,72
1,<environment.Job instance at 0x1538174a2910>,40,3,[6 1],65,101,104,36,75
1,<environment.Job instance at 0x1538118e8230>,41,3,[7 2],66,104,107,38,78
1,<environment.Job instance at 0x1538118e87d0>,43,3,[1 7],69,88,91,19,88
1,<environment.Job instance at 0x1538118e8820>,44,2,[8 1],70,107,109,37,88
1,<environment.Job instance at 0x1538212c6280>,45,2,[7 1],73,109,111,36,88
1,<environment.Job instance at 0x1538212c6460>,47,3,[1 6],76,95,98,19,91
1,<environment.Job instance at 0x1538212c6140>,49,1,[10  2],78,111,112,33,91
1,<environment.Job instance at 0x1538161e5640>,50,3,[1 6],79,98,101,19,91
1,<environment.Job instance at 0x15381518ea00>,52,2,[1 5],86,101,103,15,100
1,<environment.Job instance at 0x153811985050>,53,1,[7 2],90,112,113,22,100
1,<environment.Job instance at 0x1538127e2820>,54,16,[2 6],91,112,128,21,100
1,<environment.Job instance at 0x1538127e25f0>,55,1,[7 2],93,113,114,20,100
1,<environment.Job instance at 0x1538127e26e0>,56,1,[10  2],94,128,129,34,100
1,<environment.Job instance at 0x1538127e2140>,58,3,[8 1],96,114,117,18,100
1,<environment.Job instance at 0x1538127e2640>,59,3,[6 1],97,117,120,20,100
1,<environment.Job instance at 0x1538127e2460>,60,2,[6 2],101,120,122,19,101
1,<environment.Job instance at 0x1538118b7460>,62,2,[2 7],105,323,325,218,323
1,<environment.Job instance at 0x1538118b7cd0>,63,18,[5 1],108,323,341,215,323
1,<environment.Job instance at 0x1538118b7870>,64,3,[6 2],110,341,344,231,323
1,<environment.Job instance at 0x1538118b7b90>,65,2,[10  2],111,344,346,233,323
1,<environment.Job instance at 0x1538118b7280>,68,3,[1 9],115,325,328,210,323
1,<environment.Job instance at 0x1538118b7230>,69,3,[8 2],116,346,349,230,323
1,<environment.Job instance at 0x1538118b7910>,72,3,[6 2],119,349,352,230,325
1,<environment.Job instance at 0x1538118b7960>,73,3,[9 2],120,352,355,232,326
1,<environment.Job instance at 0x1538118b7730>,75,2,[ 2 10],123,355,357,232,331
1,<environment.Job instance at 0x1538118b76e0>,77,3,[2 8],126,332,335,206,332
1,<environment.Job instance at 0x1538118b7d70>,78,14,[1 6],128,357,371,229,342
1,<environment.Job instance at 0x1538118b74b0>,79,2,[6 2],129,357,359,228,342
1,<environment.Job instance at 0x1538118b75a0>,80,1,[2 6],130,342,343,212,342
1,<environment.Job instance at 0x153811d3b5f0>,81,3,[7 1],131,359,362,228,342
1,<environment.Job instance at 0x153811d3b7d0>,82,3,[1 7],133,346,349,213,342
1,<environment.Job instance at 0x153811d3b640>,83,15,[10  2],134,371,386,237,357
1,<environment.Job instance at 0x153811d3b4b0>,85,1,[8 1],137,362,363,225,357
1,<environment.Job instance at 0x153811d3b780>,86,3,[2 9],138,386,389,248,360
1,<environment.Job instance at 0x153811d3b460>,89,1,[6 1],141,370,371,229,370
1,<environment.Job instance at 0x153811d3bcd0>,90,15,[2 6],143,389,404,246,375
1,<environment.Job instance at 0x153811d3b6e0>,91,21,[10  2],144,404,425,260,396
1,<environment.Job instance at 0x153811d3b0a0>,92,15,[9 1],145,425,440,280,411
1,<environment.Job instance at 0x153811d3bb90>,96,3,[9 1],152,440,443,288,414
1,<environment.Job instance at 0x153811d3baa0>,97,3,[2 6],153,443,446,290,417
1,<environment.Job instance at 0x153811d3b8c0>,98,2,[8 1],154,443,445,289,417
1,<environment.Job instance at 0x153811d3b730>,99,12,[10  2],155,446,458,291,429
1,<environment.Job instance at 0x153811d41aa0>,104,1,[5 1],161,445,446,284,431
1,<environment.Job instance at 0x153811d416e0>,105,1,[2 6],163,458,459,295,431
1,<environment.Job instance at 0x153811d41820>,107,3,[2 8],165,459,462,294,433
1,<environment.Job instance at 0x153811d41a50>,110,15,[8 1],169,458,473,289,447
1,<environment.Job instance at 0x153811d41eb0>,111,3,[1 8],170,462,465,292,447
1,<environment.Job instance at 0x153811d418c0>,116,1,[10  2],176,473,474,297,451
1,<environment.Job instance at 0x153811ec90f0>,117,13,[8 2],178,474,487,296,458
1,<environment.Job instance at 0x15381a79c5a0>,0,2,[6 1],2,2,4,0,2
1,<environment.Job instance at 0x15381a79c2d0>,2,14,[1 9],4,4,18,0,4
1,<environment.Job instance at 0x1538124c92d0>,9,3,[5 2],17,18,21,1,18
1,<environment.Job instance at 0x1538124c9960>,10,2,[ 1 10],18,21,23,3,18
1,<environment.Job instance at 0x1538124c9f00>,11,13,[6 2],19,23,36,4,19
1,<environment.Job instance at 0x1538124c9d70>,12,16,[2 9],20,36,52,16,30
1,<environment.Job instance at 0x1538124c93c0>,15,3,[8 2],23,52,55,29,37
1,<environment.Job instance at 0x1538124c9370>,5,3,[6 1],10,41,44,31,41
1,<environment.Job instance at 0x153823598b40>,16,13,[2 7],24,52,65,28,42
1,<environment.Job instance at 0x153823598d70>,20,3,[10  1],31,65,68,34,52
1,<environment.Job instance at 0x1538235989b0>,21,16,[ 1 10],32,68,84,36,55
1,<environment.Job instance at 0x1538121e8f00>,25,1,[8 1],37,55,56,18,55
1,<environment.Job instance at 0x1538121e8c80>,26,13,[1 6],38,84,97,46,68
1,<environment.Job instance at 0x1538121e8320>,28,13,[9 1],40,84,97,44,75
1,<environment.Job instance at 0x1538121e8b40>,30,3,[7 2],46,97,100,51,79
1,<environment.Job instance at 0x1538121e82d0>,32,3,[ 2 10],49,100,103,51,79
1,<environment.Job instance at 0x1538121e8be0>,33,2,[1 8],50,97,99,47,79
1,<environment.Job instance at 0x1538121e8c30>,34,12,[2 9],51,103,115,52,86
1,<environment.Job instance at 0x1538174c93c0>,36,3,[2 5],56,115,118,59,92
1,<environment.Job instance at 0x1538174c98c0>,37,13,[1 8],57,118,131,61,102
1,<environment.Job instance at 0x1538174c9f00>,38,3,[2 5],58,115,118,57,102
1,<environment.Job instance at 0x1538174c90a0>,39,3,[ 1 10],60,131,134,71,105
1,<environment.Job instance at 0x1538174c9870>,45,1,[1 5],70,134,135,64,107
1,<environment.Job instance at 0x1538212b0370>,47,1,[8 1],74,107,108,33,107
1,<environment.Job instance at 0x1538212b08c0>,48,3,[8 1],76,108,111,32,107
1,<environment.Job instance at 0x1538212b0640>,49,3,[7 2],82,118,121,36,107
1,<environment.Job instance at 0x1538212b0870>,51,3,[2 7],84,135,138,51,109
1,<environment.Job instance at 0x1538212b0b90>,53,3,[2 9],87,138,141,51,112
1,<environment.Job instance at 0x1538212b0910>,57,2,[6 2],91,121,123,30,117
1,<environment.Job instance at 0x1538212b0820>,58,3,[2 9],92,141,144,49,117
1,<environment.Job instance at 0x1538212b0e10>,59,2,[10  2],93,144,146,51,117
1,<environment.Job instance at 0x1538212b0460>,60,1,[10  2],95,146,147,51,118
1,<environment.Job instance at 0x1538122b6e10>,61,2,[1 9],96,147,149,51,120
1,<environment.Job instance at 0x1538122b6640>,62,15,[5 2],98,149,164,51,135
1,<environment.Job instance at 0x1538122b6320>,64,3,[10  2],100,164,167,64,138
1,<environment.Job instance at 0x1538122b6960>,67,3,[ 2 10],104,167,170,63,141
1,<environment.Job instance at 0x1538122b6fa0>,69,3,[9 2],107,170,173,63,144
1,<environment.Job instance at 0x1538119c0690>,73,15,[ 1 10],116,173,188,57,161
1,<environment.Job instance at 0x153811fc3cd0>,75,3,[6 2],119,188,191,69,164
1,<environment.Job instance at 0x153811fc3b40>,76,1,[2 7],120,188,189,68,164
1,<environment.Job instance at 0x153811fc32d0>,77,2,[8 1],122,191,193,69,164
1,<environment.Job instance at 0x153811fc3a00>,80,3,[7 1],127,193,196,66,176
1,<environment.Job instance at 0x153811fc3820>,82,3,[5 1],129,196,199,67,176
1,<environment.Job instance at 0x153811fc3aa0>,83,1,[1 9],130,191,192,61,176
1,<environment.Job instance at 0x153811fc3050>,84,18,[1 8],132,192,210,60,181
1,<environment.Job instance at 0x153811fc3fa0>,86,2,[10  1],136,210,212,74,183
1,<environment.Job instance at 0x15381252f410>,89,13,[5 2],139,212,225,73,196
1,<environment.Job instance at 0x153814efe640>,92,16,[1 5],144,212,228,68,206
1,<environment.Job instance at 0x153814cd05a0>,93,3,[ 2 10],146,228,231,82,206
1,<environment.Job instance at 0x1538211f5320>,96,15,[8 2],149,231,246,82,217
1,<environment.Job instance at 0x153811d616e0>,104,3,[1 6],158,231,234,73,220
1,<environment.Job instance at 0x153821201140>,105,2,[5 1],159,225,227,66,220
1,<environment.Job instance at 0x153820ecdf50>,106,1,[2 5],163,227,228,64,220
1,<environment.Job instance at 0x15382118edc0>,107,19,[1 8],164,234,253,70,224
1,<environment.Job instance at 0x153812554d20>,108,2,[9 1],165,246,248,81,224
1,<environment.Job instance at 0x153811f1a640>,111,2,[10  1],169,253,255,84,231
1,<environment.Job instance at 0x15381203e910>,112,3,[1 5],171,255,258,84,231
1,<environment.Job instance at 0x15381203e0f0>,114,3,[7 2],173,248,251,75,234
1,<environment.Job instance at 0x15381203e190>,115,1,[6 2],174,251,252,77,234
1,<environment.Job instance at 0x1538212db1e0>,117,3,[9 1],178,255,258,77,247
1,<environment.Job instance at 0x1538212dba00>,118,15,[1 9],179,258,273,79,247
1,<environment.Job instance at 0x1538124c9500>,7,1,[1 8],12,297,298,285,297
1,<environment.Job instance at 0x1538124c9c30>,8,2,[8 1],16,314,316,298,314
1,<environment.Job instance at 0x146fb8b4ca00>,1,3,[1 9],2,2,5,0,2
1,<environment.Job instance at 0x146f62302050>,5,3,[9 2],6,6,9,0,6
1,<environment.Job instance at 0x146f629d21e0>,11,3,[1 8],13,13,16,0,13
1,<environment.Job instance at 0x146f623025f0>,12,3,[1 8],14,16,19,2,14
1,<environment.Job instance at 0x146f629db9b0>,13,2,[8 1],17,17,19,0,17
1,<environment.Job instance at 0x146f62a57e10>,16,1,[2 5],21,21,22,0,21
1,<environment.Job instance at 0x146f62b365f0>,18,2,[10  1],25,25,27,0,25
1,<environment.Job instance at 0x146f62b3f7d0>,19,3,[6 2],26,27,30,1,26
1,<environment.Job instance at 0x146f62a858c0>,21,3,[6 1],29,30,33,1,29
1,<environment.Job instance at 0x146f62a80730>,29,16,[10  2],39,39,55,0,39
1,<environment.Job instance at 0x146f62a13fa0>,31,3,[9 2],41,55,58,14,41
1,<environment.Job instance at 0x146f62a13460>,32,3,[2 9],42,58,61,16,42
1,<environment.Job instance at 0x146f62a78af0>,39,3,[1 5],52,55,58,3,54
1,<environment.Job instance at 0x146f62a1f910>,40,3,[1 6],53,61,64,8,54
1,<environment.Job instance at 0x146f62a1f780>,42,1,[10  1],56,66,67,10,66
1,<environment.Job instance at 0x146f62a1fcd0>,43,3,[7 2],57,67,70,10,66
1,<environment.Job instance at 0x146f62992be0>,44,3,[1 8],58,67,70,9,66
1,<environment.Job instance at 0x146f62a5e870>,45,3,[2 8],60,70,73,10,66
1,<environment.Job instance at 0x146f62a2a780>,49,16,[8 2],66,70,86,4,66
1,<environment.Job instance at 0x146f62a0b410>,50,12,[9 1],68,86,98,18,69
1,<environment.Job instance at 0x146f62a0b500>,53,3,[6 1],73,98,101,25,73
1,<environment.Job instance at 0x146f62a3bd20>,57,22,[1 5],80,80,102,0,80
1,<environment.Job instance at 0x146f62565820>,59,1,[1 9],85,102,103,17,85
1,<environment.Job instance at 0x146f62a35730>,60,17,[8 1],86,101,118,15,89
1,<environment.Job instance at 0x146f62570dc0>,61,3,[1 5],87,103,106,16,89
1,<environment.Job instance at 0x146f62570a00>,62,3,[9 2],88,118,121,30,92
1,<environment.Job instance at 0x146f6256be10>,63,3,[10  1],89,121,124,32,95
1,<environment.Job instance at 0x146f62577aa0>,66,3,[1 9],93,106,109,13,100
1,<environment.Job instance at 0x146f62576500>,68,3,[1 9],95,109,112,14,100
1,<environment.Job instance at 0x146f62a63410>,71,3,[2 9],99,112,115,13,100
1,<environment.Job instance at 0x146f622ffaa0>,74,3,[6 2],106,124,127,18,106
1,<environment.Job instance at 0x146f622fe820>,78,3,[2 9],110,115,118,5,110
1,<environment.Job instance at 0x146f622fe690>,79,3,[7 2],111,127,130,16,111
1,<environment.Job instance at 0x146f62563140>,81,3,[ 2 10],114,130,133,16,114
1,<environment.Job instance at 0x146f623153c0>,94,1,[5 1],131,133,134,2,131
1,<environment.Job instance at 0x146f62315460>,95,3,[2 8],132,133,136,1,132
1,<environment.Job instance at 0x146f62315640>,96,12,[9 2],134,136,148,2,134
1,<environment.Job instance at 0x146f623158c0>,97,15,[10  2],135,148,163,13,135
1,<environment.Job instance at 0x146f62315c30>,101,13,[2 9],140,163,176,23,149
1,<environment.Job instance at 0x146f623159b0>,105,1,[8 2],144,176,177,32,149
1,<environment.Job instance at 0x146f62316c30>,111,3,[2 5],153,185,188,32,185
1,<environment.Job instance at 0x146f62316960>,113,3,[5 2],156,185,188,29,185
1,<environment.Job instance at 0x146f62316af0>,114,15,[9 2],157,188,203,31,185
1,<environment.Job instance at 0x146f6231b2d0>,118,3,[9 1],163,203,206,40,185
1,<environment.Job instance at 0x146f6231b410>,121,15,[1 6],167,200,215,33,200
1,<environment.Job instance at 0x146f6231b050>,122,3,[7 2],168,206,209,38,200
1,<environment.Job instance at 0x146f6231b5f0>,124,3,[1 7],171,215,218,44,200
1,<environment.Job instance at 0x146f6231b6e0>,127,3,[1 9],174,228,231,54,228
1,<environment.Job instance at 0x146f6231ba50>,130,28,[2 8],179,242,270,63,242
1,<environment.Job instance at 0x146f6231b910>,131,3,[5 1],183,242,245,59,242
1,<environment.Job instance at 0x146f6231d2d0>,133,3,[ 2 10],186,270,273,84,246
1,<environment.Job instance at 0x146f62a78960>,37,2,[ 1 10],50,530,532,480,530
1,<environment.Job instance at 0x146f62a78a00>,1,3,[5 2],2,2,5,0,2
1,<environment.Job instance at 0x146f62a27780>,3,2,[ 2 10],4,5,7,1,4
1,<environment.Job instance at 0x146f64c11280>,4,2,[2 9],5,7,9,2,5
1,<environment.Job instance at 0x146f64c11dc0>,5,17,[ 2 10],6,9,26,3,6
1,<environment.Job instance at 0x146f64c8a7d0>,7,2,[9 1],9,26,28,17,9
1,<environment.Job instance at 0x146f64c8a820>,8,3,[5 2],10,28,31,18,10
1,<environment.Job instance at 0x146f64c8af50>,9,2,[ 1 10],11,31,33,20,11
1,<environment.Job instance at 0x146f64c8ab40>,10,13,[ 2 10],12,33,46,21,17
1,<environment.Job instance at 0x146f64c8a140>,15,14,[10  1],19,46,60,27,31
1,<environment.Job instance at 0x146f64c8a190>,18,3,[8 1],22,60,63,38,34
1,<environment.Job instance at 0x146f64c87370>,20,3,[6 1],24,63,66,39,37
1,<environment.Job instance at 0x146f64bea5f0>,22,3,[ 2 10],27,66,69,39,40
1,<environment.Job instance at 0x146f64bf52d0>,27,1,[2 6],33,60,61,27,57
1,<environment.Job instance at 0x146f64bf5a50>,28,16,[9 1],36,69,85,33,57
1,<environment.Job instance at 0x146f64bf5af0>,30,1,[9 1],41,85,86,44,70
1,<environment.Job instance at 0x146f64bf54b0>,31,12,[1 5],42,70,82,28,70
1,<environment.Job instance at 0x146f64bd98c0>,32,2,[6 2],43,86,88,43,70
1,<environment.Job instance at 0x146f64bd9190>,33,1,[9 1],45,88,89,43,70
1,<environment.Job instance at 0x146f64bd9cd0>,34,2,[8 1],46,89,91,43,70
1,<environment.Job instance at 0x146f64bd94b0>,35,1,[ 1 10],47,91,92,44,70
1,<environment.Job instance at 0x146f64bd2050>,36,2,[1 5],49,82,84,33,70
1,<environment.Job instance at 0x146f64bd2be0>,37,3,[1 5],50,84,87,34,70
1,<environment.Job instance at 0x146f64bd25a0>,38,2,[10  2],51,92,94,41,70
1,<environment.Job instance at 0x146f64bd2b90>,39,3,[2 8],55,94,97,39,70
1,<environment.Job instance at 0x146f64bfbeb0>,40,1,[2 6],56,87,88,31,70
1,<environment.Job instance at 0x146f64bfb500>,41,2,[1 6],57,88,90,31,70
1,<environment.Job instance at 0x146f64b9b460>,42,18,[7 2],59,94,112,35,83
1,<environment.Job instance at 0x146f64b9b0f0>,43,1,[2 8],62,90,91,28,83
1,<environment.Job instance at 0x146f64b9be10>,44,18,[10  1],66,112,130,46,101
1,<environment.Job instance at 0x146f64c00c30>,48,3,[8 1],72,130,133,58,104
1,<environment.Job instance at 0x146f64c8a5a0>,1,3,[9 1],2,2,5,0,2
1,<environment.Job instance at 0x146f65fa66e0>,2,16,[9 1],3,5,21,2,3
1,<environment.Job instance at 0x146f64a715f0>,4,3,[2 7],6,21,24,15,6
1,<environment.Job instance at 0x146f64a71820>,7,3,[10  2],10,24,27,14,10
1,<environment.Job instance at 0x146f64a71dc0>,9,3,[9 1],14,27,30,13,14
1,<environment.Job instance at 0x146f63ff1780>,11,16,[1 5],18,27,43,9,18
1,<environment.Job instance at 0x146f63ff10a0>,12,3,[5 1],20,21,24,1,20
1,<environment.Job instance at 0x146f63ff1280>,15,1,[2 7],24,43,44,19,24
1,<environment.Job instance at 0x146f63ff1640>,16,2,[10  2],25,44,46,19,25
1,<environment.Job instance at 0x146f63ff10f0>,17,2,[6 1],26,30,32,4,26
1,<environment.Job instance at 0x146f63ff1cd0>,14,2,[5 1],23,32,34,9,27
1,<environment.Job instance at 0x146f63ff1500>,18,3,[9 2],28,34,37,6,28
1,<environment.Job instance at 0x146f63ff1d70>,19,3,[6 2],31,37,40,6,31
1,<environment.Job instance at 0x146f63ff1b90>,20,2,[5 2],32,40,42,8,32
1,<environment.Job instance at 0x146f63ff1820>,21,3,[1 7],33,46,49,13,33
1,<environment.Job instance at 0x146f64a790f0>,22,2,[9 2],35,46,48,11,35
1,<environment.Job instance at 0x146f64a79910>,24,3,[1 7],38,49,52,11,38
1,<environment.Job instance at 0x146f64a798c0>,27,3,[6 1],43,48,51,5,43
1,<environment.Job instance at 0x146f64d10e10>,29,2,[2 9],45,52,54,7,45
1,<environment.Job instance at 0x146f64d10960>,30,2,[2 5],46,54,56,8,46
1,<environment.Job instance at 0x146f64d106e0>,31,16,[2 9],47,56,72,9,48
1,<environment.Job instance at 0x146f64d10cd0>,33,3,[8 1],49,51,54,2,49
1,<environment.Job instance at 0x146f64d10190>,34,3,[8 1],53,54,57,1,53
1,<environment.Job instance at 0x146f64d104b0>,35,1,[10  1],54,72,73,18,54
1,<environment.Job instance at 0x146f64a85910>,39,13,[ 2 10],62,73,86,11,62
1,<environment.Job instance at 0x146f64a85370>,43,3,[2 9],67,86,89,19,67
1,<environment.Job instance at 0x146f64a85d70>,47,3,[2 8],72,89,92,17,72
1,<environment.Job instance at 0x146f63570e60>,50,3,[1 6],77,92,95,15,77
1,<environment.Job instance at 0x146f63570f00>,52,14,[9 1],80,92,106,12,80
1,<environment.Job instance at 0x146f63570500>,53,3,[10  1],81,106,109,25,81
1,<environment.Job instance at 0x146f62ac8b40>,64,3,[10  1],96,109,112,13,96
1,<environment.Job instance at 0x146f62ac8960>,65,3,[10  2],97,112,115,15,97
1,<environment.Job instance at 0x146f62ac80a0>,69,18,[8 2],103,115,133,12,106
1,<environment.Job instance at 0x146f62ac8410>,70,3,[1 6],104,115,118,11,106
1,<environment.Job instance at 0x146f62ac8190>,71,16,[1 5],105,118,134,13,106
1,<environment.Job instance at 0x146fb4202f50>,76,3,[6 1],110,133,136,23,115
1,<environment.Job instance at 0x146f65f2a0f0>,80,3,[5 2],116,136,139,20,116
1,<environment.Job instance at 0x146f62082410>,86,2,[10  1],124,139,141,15,128
1,<environment.Job instance at 0x146f64e9e6e0>,87,2,[2 7],126,134,136,8,128
1,<environment.Job instance at 0x146f64e77e10>,88,1,[5 2],127,136,137,9,128
1,<environment.Job instance at 0x146f620f1820>,89,1,[2 5],128,137,138,9,128
1,<environment.Job instance at 0x146f64d32780>,91,3,[2 5],131,141,144,10,131
1,<environment.Job instance at 0x146f621de140>,92,12,[6 1],132,141,153,9,132
1,<environment.Job instance at 0x146f62a57a50>,93,2,[5 2],133,153,155,20,133
1,<environment.Job instance at 0x146f750612d0>,94,1,[7 1],136,155,156,19,136
1,<environment.Job instance at 0x146f62068a00>,95,2,[7 1],137,156,158,19,137
1,<environment.Job instance at 0x146f621df870>,96,1,[7 2],138,158,159,20,138
1,<environment.Job instance at 0x146f620689b0>,97,3,[10  2],139,159,162,20,139
1,<environment.Job instance at 0x146f64b335a0>,98,2,[5 2],140,153,155,13,140
1,<environment.Job instance at 0x146f64d05410>,99,15,[1 8],142,162,177,20,148
1,<environment.Job instance at 0x146f62167690>,100,3,[1 7],143,148,151,5,148
1,<environment.Job instance at 0x146f61b57640>,103,17,[9 2],148,192,209,44,192
1,<environment.Job instance at 0x146f64e7c6e0>,107,3,[2 7],152,209,212,57,192
1,<environment.Job instance at 0x146f64c79230>,112,1,[2 6],158,212,213,54,193
1,<environment.Job instance at 0x146f64c79640>,113,1,[2 8],160,213,214,53,193
1,<environment.Job instance at 0x146f62a78960>,114,1,[2 6],161,214,215,53,193
1,<environment.Job instance at 0x146f62a78410>,115,3,[1 7],163,193,196,30,193
1,<environment.Job instance at 0x146f620762d0>,117,14,[1 6],165,215,229,50,200
1,<environment.Job instance at 0x146f620760f0>,118,17,[9 1],166,215,232,49,203
1,<environment.Job instance at 0x146f620768c0>,119,3,[5 1],167,209,212,42,203
1,<environment.Job instance at 0x146f62076eb0>,120,1,[10  1],168,232,233,64,204
1,<environment.Job instance at 0x146f62076a00>,121,1,[1 8],169,204,205,35,204
1,<environment.Job instance at 0x146f62162af0>,122,12,[9 2],170,233,245,63,216
1,<environment.Job instance at 0x146f6218c640>,129,15,[2 6],179,245,260,66,232
1,<environment.Job instance at 0x146f62a63c30>,131,13,[5 1],181,245,258,64,232
1,<environment.Job instance at 0x146f7503b6e0>,136,2,[7 1],186,258,260,72,235
1,<environment.Job instance at 0x146f64c8f0f0>,137,3,[7 1],187,260,263,73,235
1,<environment.Job instance at 0x146f64df7f50>,138,13,[10  1],188,263,276,75,247
1,<environment.Job instance at 0x146f621dedc0>,1,3,[7 1],6,6,9,0,6
1,<environment.Job instance at 0x146f63570910>,2,3,[2 8],7,7,10,0,7
1,<environment.Job instance at 0x146f61bf0b40>,3,3,[1 9],8,10,13,2,8
1,<environment.Job instance at 0x146f62a0f820>,4,16,[10  1],9,13,29,4,9
1,<environment.Job instance at 0x146f62a0fc80>,5,3,[2 9],10,29,32,19,10
1,<environment.Job instance at 0x146f61bf0a00>,7,12,[7 1],14,29,41,15,14
1,<environment.Job instance at 0x146f62a0f8c0>,8,3,[10  1],17,41,44,24,17
1,<environment.Job instance at 0x146f61beb960>,9,3,[6 1],19,44,47,25,19
1,<environment.Job instance at 0x146f61c27e10>,10,3,[8 1],20,47,50,27,21
1,<environment.Job instance at 0x146f61c36280>,14,2,[5 1],27,50,52,23,27
1,<environment.Job instance at 0x146f61bbc2d0>,15,14,[2 5],28,44,58,16,30
1,<environment.Job instance at 0x146f64d7f370>,17,12,[1 5],31,52,64,21,35
1,<environment.Job instance at 0x146f61bc72d0>,20,3,[2 6],36,36,39,0,36
1,<environment.Job instance at 0x146f74f95960>,23,1,[1 9],42,64,65,22,43
1,<environment.Job instance at 0x146f64d5d0a0>,24,3,[2 9],44,65,68,21,44
1,<environment.Job instance at 0x146f64d5d230>,25,1,[10  2],45,68,69,23,45
1,<environment.Job instance at 0x146f64d5dc30>,26,1,[5 2],46,58,59,12,46
1,<environment.Job instance at 0x146f66020370>,30,3,[10  2],53,69,72,16,65
1,<environment.Job instance at 0x146f66020b90>,32,3,[1 9],58,72,75,14,65
1,<environment.Job instance at 0x146f66020550>,33,16,[2 7],61,75,91,14,70
1,<environment.Job instance at 0x146f660203c0>,34,1,[6 2],62,75,76,13,70
1,<environment.Job instance at 0x146f660205a0>,35,3,[10  2],64,91,94,27,70
1,<environment.Job instance at 0x146f66020050>,36,3,[5 1],68,72,75,4,70
1,<environment.Job instance at 0x146f61bf5370>,40,3,[9 1],72,94,97,22,72
1,<environment.Job instance at 0x146f61bf5960>,42,2,[5 2],74,79,81,5,79
1,<environment.Job instance at 0x146f61bf5d70>,44,21,[1 8],76,94,115,18,86
1,<environment.Job instance at 0x146f61bf5c80>,46,2,[6 1],79,97,99,18,96
1,<environment.Job instance at 0x146f61c0dc30>,48,3,[9 2],82,99,102,17,96
1,<environment.Job instance at 0x146f74f87be0>,49,2,[5 1],83,102,104,19,96
1,<environment.Job instance at 0x146f74f870a0>,51,3,[9 2],85,113,116,28,113
1,<environment.Job instance at 0x146f74f87b90>,53,15,[2 8],92,122,137,30,122
1,<environment.Job instance at 0x146f74107cd0>,54,1,[5 1],93,122,123,29,122
1,<environment.Job instance at 0x146f61c37fa0>,55,13,[10  1],95,137,150,42,122
1,<environment.Job instance at 0x146f741f1280>,56,2,[1 8],97,150,152,53,123
1,<environment.Job instance at 0x146f741f14b0>,57,1,[10  2],98,152,153,54,124
1,<environment.Job instance at 0x146f662ae780>,58,3,[2 8],99,153,156,54,127
1,<environment.Job instance at 0x146f74204c80>,60,2,[8 2],105,128,130,23,128
1,<environment.Job instance at 0x146f742226e0>,62,3,[6 2],107,130,133,23,128
1,<environment.Job instance at 0x146f74222640>,63,1,[8 1],109,133,134,24,128
1,<environment.Job instance at 0x146f74219f50>,65,1,[2 9],114,156,157,42,128
1,<environment.Job instance at 0x146f74219500>,66,2,[7 2],115,134,136,19,128
1,<environment.Job instance at 0x146f742198c0>,67,12,[7 1],116,153,165,37,136
1,<environment.Job instance at 0x146f740e7b90>,0,3,[8 2],1,1,4,0,1
1,<environment.Job instance at 0x146f740e7f50>,3,2,[2 7],4,4,6,0,4
1,<environment.Job instance at 0x146f740e7190>,5,3,[7 1],6,6,9,0,6
1,<environment.Job instance at 0x146f740e7690>,6,14,[8 2],7,9,23,2,7
1,<environment.Job instance at 0x146f742198c0>,7,2,[1 9],9,23,25,14,9
1,<environment.Job instance at 0x146f740e71e0>,8,2,[7 2],10,25,27,15,10
1,<environment.Job instance at 0x146f740e7a50>,9,3,[5 2],12,27,30,15,12
1,<environment.Job instance at 0x146f740e7a00>,11,1,[8 1],14,23,24,9,14
1,<environment.Job instance at 0x146f740e70f0>,12,1,[1 5],16,16,17,0,16
1,<environment.Job instance at 0x146f740e75a0>,13,1,[10  1],18,30,31,12,18
1,<environment.Job instance at 0x146f740e7460>,14,1,[5 2],19,27,28,8,19
1,<environment.Job instance at 0x146f740e7af0>,15,17,[10  1],20,31,48,11,20
1,<environment.Job instance at 0x146f62a5e690>,17,1,[10  2],23,48,49,25,23
1,<environment.Job instance at 0x146f62a5e780>,21,3,[2 7],28,49,52,21,28
1,<environment.Job instance at 0x146f62a5eeb0>,22,15,[7 2],29,49,64,20,35
1,<environment.Job instance at 0x146f62a5ea00>,25,2,[1 5],32,52,54,20,35
1,<environment.Job instance at 0x146f62a5eaa0>,26,16,[1 8],33,54,70,21,41
1,<environment.Job instance at 0x146f62a5ef00>,31,15,[9 2],40,64,79,24,50
1,<environment.Job instance at 0x146f65fda820>,37,1,[5 1],48,79,80,31,51
1,<environment.Job instance at 0x146f65fda280>,38,1,[2 6],50,79,80,29,51
1,<environment.Job instance at 0x146f65fda7d0>,39,3,[2 6],51,80,83,29,54
1,<environment.Job instance at 0x146f65fda910>,42,2,[7 2],55,80,82,25,64
1,<environment.Job instance at 0x146f61b59e60>,43,2,[9 2],56,83,85,27,64
1,<environment.Job instance at 0x146f61b59730>,44,3,[5 1],57,85,88,28,64
1,<environment.Job instance at 0x146f61b59a50>,46,13,[2 6],59,85,98,26,69
1,<environment.Job instance at 0x146f61b596e0>,48,1,[8 2],63,82,83,19,74
1,<environment.Job instance at 0x146f61b59f50>,49,17,[7 1],64,88,105,24,76
1,<environment.Job instance at 0x146f61b59c80>,53,1,[8 2],68,105,106,37,87
1,<environment.Job instance at 0x146f61b59140>,54,1,[5 2],69,106,107,37,87
1,<environment.Job instance at 0x146f61b59cd0>,55,1,[7 1],70,107,108,37,87
1,<environment.Job instance at 0x146f61b59b40>,57,2,[6 2],72,108,110,36,87
1,<environment.Job instance at 0x146f629d26e0>,60,3,[8 2],76,110,113,34,93
1,<environment.Job instance at 0x146f629d2320>,62,13,[10  1],79,113,126,34,97
1,<environment.Job instance at 0x146f629d28c0>,66,3,[10  1],83,126,129,43,109
1,<environment.Job instance at 0x146f629d25f0>,67,3,[6 1],84,129,132,45,109
1,<environment.Job instance at 0x146f629d2e10>,69,3,[2 7],86,109,112,23,109
1,<environment.Job instance at 0x146f629d2cd0>,72,3,[5 2],89,132,135,43,114
1,<environment.Job instance at 0x146f74204b90>,74,3,[2 8],91,129,132,38,114
1,<environment.Job instance at 0x146f74204c30>,75,2,[2 5],92,132,134,40,114
1,<environment.Job instance at 0x146f74204870>,76,13,[7 2],94,135,148,41,119
1,<environment.Job instance at 0x146f74204be0>,79,3,[10  2],97,148,151,51,122
1,<environment.Job instance at 0x146f74204a00>,80,3,[2 5],99,134,137,35,122
1,<environment.Job instance at 0x146f74204230>,82,3,[7 2],101,151,154,50,125
1,<environment.Job instance at 0x146f74204cd0>,87,2,[10  1],107,154,156,47,141
1,<environment.Job instance at 0x146f63570640>,90,16,[6 2],111,162,178,51,162
1,<environment.Job instance at 0x146f64c61cd0>,91,1,[6 1],112,178,179,66,162
1,<environment.Job instance at 0x146f64c61c80>,92,2,[9 1],114,179,181,65,162
1,<environment.Job instance at 0x146f61dfecd0>,93,19,[1 5],116,162,181,46,162
1,<environment.Job instance at 0x146f74325dc0>,94,1,[8 1],117,181,182,64,162
1,<environment.Job instance at 0x146f74325050>,95,1,[5 1],119,182,183,63,162
1,<environment.Job instance at 0x146f743344b0>,96,2,[7 2],120,183,185,63,162
1,<environment.Job instance at 0x146f6210b280>,98,3,[1 8],123,181,184,58,169
1,<environment.Job instance at 0x146f621acb90>,100,2,[7 2],126,185,187,59,169
1,<environment.Job instance at 0x146f61ca68c0>,104,15,[10  2],134,187,202,53,173
1,<environment.Job instance at 0x146f64b352d0>,111,14,[1 6],143,202,216,59,196
1,<environment.Job instance at 0x146f74423e60>,113,1,[2 9],146,216,217,70,196
1,<environment.Job instance at 0x146f74423780>,114,2,[10  2],147,217,219,70,196
1,<environment.Job instance at 0x146f74423aa0>,115,1,[6 1],150,202,203,52,196
1,<environment.Job instance at 0x146f74423910>,116,1,[7 2],152,203,204,51,196
1,<environment.Job instance at 0x146f74423b90>,117,2,[2 7],153,219,221,66,196
1,<environment.Job instance at 0x146f74423550>,118,3,[2 5],154,221,224,67,196
1,<environment.Job instance at 0x146f62ae3550>,120,12,[5 2],157,219,231,62,213
1,<environment.Job instance at 0x146f62ac8d20>,121,1,[10  1],158,231,232,73,213
1,<environment.Job instance at 0x146f62ac86e0>,122,3,[10  1],161,232,235,71,213
1,<environment.Job instance at 0x146f65fd95a0>,124,3,[9 2],163,213,216,50,213
1,<environment.Job instance at 0x146f61cb85a0>,125,1,[1 9],164,235,236,71,213
1,<environment.Job instance at 0x146f65fd9960>,126,1,[8 2],167,236,237,69,213
1,<environment.Job instance at 0x146f61de51e0>,128,1,[9 2],170,237,238,67,213
1,<environment.Job instance at 0x146f61de55a0>,129,1,[10  1],171,238,239,67,213
1,<environment.Job instance at 0x146f62ae72d0>,131,13,[7 2],174,239,252,65,238
1,<environment.Job instance at 0x146f7409b1e0>,132,3,[6 2],176,252,255,76,238
1,<environment.Job instance at 0x146f7409beb0>,134,15,[2 5],179,242,257,63,242
1,<environment.Job instance at 0x146f7409bcd0>,135,14,[7 1],180,255,269,75,242
1,<environment.Job instance at 0x146f7409b370>,136,2,[7 1],181,269,271,88,242
1,<environment.Job instance at 0x146f64e77320>,139,14,[9 1],184,271,285,87,256
1,<environment.Job instance at 0x146f64e77b90>,140,3,[9 2],185,285,288,100,259
1,<environment.Job instance at 0x146f74160410>,0,3,[9 2],1,1,4,0,1
1,<environment.Job instance at 0x146f74160dc0>,1,3,[10  1],2,4,7,2,2
1,<environment.Job instance at 0x146f74eed280>,3,2,[8 2],10,10,12,0,10
1,<environment.Job instance at 0x146f65fc5500>,11,2,[8 2],22,26,28,4,26
1,<environment.Job instance at 0x146f65fc5fa0>,12,15,[10  1],23,28,43,5,26
1,<environment.Job instance at 0x146f65fc50f0>,14,1,[8 2],25,43,44,18,28
1,<environment.Job instance at 0x146f741b6410>,19,1,[8 1],30,62,63,32,62
1,<environment.Job instance at 0x146f662c9cd0>,20,1,[7 2],32,63,64,31,62
1,<environment.Job instance at 0x146f74339d70>,22,3,[1 7],34,62,65,28,62
1,<environment.Job instance at 0x146f662c9280>,23,2,[6 2],36,64,66,28,62
1,<environment.Job instance at 0x146f64b94a50>,24,3,[9 1],37,66,69,29,62
1,<environment.Job instance at 0x146f662c9c30>,25,14,[7 1],38,69,83,31,62
1,<environment.Job instance at 0x146f743b7550>,27,14,[9 2],40,83,97,43,68
1,<environment.Job instance at 0x146f743b7500>,28,1,[1 9],41,68,69,27,68
1,<environment.Job instance at 0x146f743b74b0>,29,16,[1 8],42,69,85,27,69
1,<environment.Job instance at 0x146f743b77d0>,30,1,[6 1],43,97,98,54,69
1,<environment.Job instance at 0x146f743b7230>,31,3,[5 2],44,98,101,54,72
1,<environment.Job instance at 0x146f743b7b90>,33,2,[8 2],46,101,103,55,78
1,<environment.Job instance at 0x146f743b7eb0>,34,1,[9 2],47,103,104,56,78
1,<environment.Job instance at 0x146f74025a50>,35,2,[1 7],48,85,87,37,78
1,<environment.Job instance at 0x146f74025460>,39,23,[9 1],56,104,127,48,98
1,<environment.Job instance at 0x146f740255f0>,41,1,[5 2],58,100,101,42,100
1,<environment.Job instance at 0x146f65ec3d20>,42,1,[8 2],59,127,128,68,100
1,<environment.Job instance at 0x146f65ec3b90>,43,2,[7 2],61,128,130,67,101
1,<environment.Job instance at 0x146f65ec3500>,44,3,[6 1],63,130,133,67,104
1,<environment.Job instance at 0x146f65ec3a50>,45,2,[10  1],64,133,135,69,106
1,<environment.Job instance at 0x146f65ec33c0>,47,3,[5 1],66,135,138,69,109
1,<environment.Job instance at 0x146f65ec3910>,48,3,[1 6],67,109,112,42,109
1,<environment.Job instance at 0x146f62a38e10>,51,2,[7 1],71,211,213,140,211
1,<environment.Job instance at 0x146f62b0a6e0>,52,3,[9 1],76,213,216,137,211
1,<environment.Job instance at 0x146f64f17280>,54,2,[1 8],79,211,213,132,211
1,<environment.Job instance at 0x146f64f175a0>,55,1,[2 6],80,216,217,136,211
1,<environment.Job instance at 0x146f743346e0>,56,2,[9 2],83,217,219,134,211
1,<environment.Job instance at 0x146f74334b40>,57,1,[ 2 10],87,219,220,132,211
1,<environment.Job instance at 0x146f61c37f00>,0,3,[8 2],3,3,6,0,3
1,<environment.Job instance at 0x146f743341e0>,1,1,[1 7],4,4,5,0,4
1,<environment.Job instance at 0x146f63fcf320>,2,3,[2 8],5,5,8,0,5
1,<environment.Job instance at 0x146f65ffd5a0>,5,1,[1 7],10,10,11,0,10
1,<environment.Job instance at 0x146f65f44960>,6,21,[9 1],11,11,32,0,11
1,<environment.Job instance at 0x146f635651e0>,8,15,[10  2],13,32,47,19,18
1,<environment.Job instance at 0x146f635762d0>,12,1,[1 9],19,19,20,0,19
1,<environment.Job instance at 0x146f635769b0>,13,1,[2 7],20,47,48,27,20
1,<environment.Job instance at 0x146f63576aa0>,14,2,[1 8],21,21,23,0,21
1,<environment.Job instance at 0x146fb41ed0a0>,16,2,[ 2 10],25,48,50,23,25
1,<environment.Job instance at 0x146f771fdb90>,17,3,[9 1],26,50,53,24,26
1,<environment.Job instance at 0x146f635643c0>,23,1,[9 2],34,53,54,19,34
1,<environment.Job instance at 0x146f769270a0>,24,1,[2 8],35,54,55,19,35
1,<environment.Job instance at 0x146f64ebc2d0>,25,1,[5 1],36,47,48,11,36
1,<environment.Job instance at 0x146f64ebf0a0>,26,1,[8 1],38,54,55,16,38
1,<environment.Job instance at 0x146f64ebf8c0>,27,1,[1 8],40,50,51,10,40
1,<environment.Job instance at 0x146f64ebf4b0>,28,1,[2 9],41,55,56,14,41
1,<environment.Job instance at 0x146f64ebf7d0>,29,3,[1 9],42,56,59,14,42
1,<environment.Job instance at 0x146f64ebf280>,30,14,[ 1 10],44,59,73,15,44
1,<environment.Job instance at 0x146f64ebf500>,31,1,[7 2],45,73,74,28,45
1,<environment.Job instance at 0x146f64ebff50>,32,1,[10  1],46,74,75,28,46
1,<environment.Job instance at 0x146f64ebf780>,33,3,[2 5],48,75,78,27,49
1,<environment.Job instance at 0x146f61fd7730>,36,3,[2 9],51,78,81,27,52
1,<environment.Job instance at 0x146f61fd7d20>,37,1,[1 6],52,52,53,0,52
1,<environment.Job instance at 0x146f76b946e0>,38,1,[10  1],53,81,82,28,53
1,<environment.Job instance at 0x146f64ea00f0>,40,1,[7 1],55,55,56,0,55
1,<environment.Job instance at 0x146f64ea04b0>,41,3,[9 2],56,82,85,26,56
1,<environment.Job instance at 0x146f64ea0dc0>,42,2,[1 8],57,82,84,25,57
1,<environment.Job instance at 0x146f64ea4fa0>,44,3,[2 5],59,75,78,16,59
1,<environment.Job instance at 0x146f64ea4230>,45,2,[8 1],60,78,80,18,60
1,<environment.Job instance at 0x146f74e9ee60>,47,21,[9 2],62,85,106,23,77
1,<environment.Job instance at 0x146f63577a00>,50,2,[2 9],65,106,108,41,85
1,<environment.Job instance at 0x146f63577640>,52,3,[7 2],68,108,111,40,85
1,<environment.Job instance at 0x146f768fe8c0>,54,1,[1 8],72,101,102,29,101
1,<environment.Job instance at 0x146f63577d20>,55,16,[5 2],73,111,127,38,102
1,<environment.Job instance at 0x146f74c500a0>,56,1,[6 1],75,106,107,31,102
1,<environment.Job instance at 0x146f7416c460>,58,2,[1 7],79,102,104,23,102
1,<environment.Job instance at 0x146f7416cc30>,59,3,[7 1],80,127,130,47,102
1,<environment.Job instance at 0x146f74156fa0>,60,1,[6 1],81,107,108,26,102
1,<environment.Job instance at 0x146f74156870>,61,15,[6 2],82,130,145,48,116
1,<environment.Job instance at 0x146f7410b730>,62,3,[2 9],83,127,130,44,116
1,<environment.Job instance at 0x146f61ff85a0>,65,16,[2 7],87,140,156,53,140
1,<environment.Job instance at 0x146f61ff8370>,66,2,[1 8],89,156,158,67,140
1,<environment.Job instance at 0x146f61ff8640>,69,2,[9 1],92,156,158,64,140
1,<environment.Job instance at 0x146f61ff8460>,70,3,[9 2],93,158,161,65,140
1,<environment.Job instance at 0x146f61ff81e0>,72,2,[2 6],96,161,163,65,140
1,<environment.Job instance at 0x146f61ff80f0>,73,1,[ 1 10],97,163,164,66,140
1,<environment.Job instance at 0x146f61ff88c0>,74,1,[2 7],98,164,165,66,140
1,<environment.Job instance at 0x146f61ff87d0>,75,2,[2 6],99,165,167,66,140
1,<environment.Job instance at 0x146f61ff8be0>,77,2,[5 1],102,145,147,43,140
1,<environment.Job instance at 0x146f61ff8f50>,78,2,[8 2],103,147,149,44,140
1,<environment.Job instance at 0x146f61fe4230>,82,18,[10  2],108,167,185,59,162
1,<environment.Job instance at 0x146f61fe43c0>,84,15,[2 5],110,185,200,75,171
1,<environment.Job instance at 0x146f61fe4460>,85,3,[1 6],111,200,203,89,174
1,<environment.Job instance at 0x146f61fe40a0>,88,16,[8 2],115,185,201,70,175
1,<environment.Job instance at 0x146f61fe48c0>,89,3,[1 5],118,203,206,85,177
1,<environment.Job instance at 0x146f61fe4aa0>,90,1,[10  1],119,206,207,87,178
1,<environment.Job instance at 0x146f61fe4b40>,91,1,[10  2],120,207,208,87,179
1,<environment.Job instance at 0x146f61fe4c80>,93,1,[1 6],122,208,209,86,180
1,<environment.Job instance at 0x146f61fe4dc0>,95,2,[5 1],124,201,203,77,180
1,<environment.Job instance at 0x146f61fe4e60>,96,2,[7 2],125,203,205,78,180
1,<environment.Job instance at 0x146f61fe4f00>,97,1,[1 6],126,209,210,83,181
1,<environment.Job instance at 0x146f61fe4fa0>,98,3,[2 6],127,210,213,83,184
1,<environment.Job instance at 0x146f61fe4f50>,99,3,[1 9],128,213,216,85,187
1,<environment.Job instance at 0x146f61fe4910>,100,3,[6 1],129,208,211,79,187
1,<environment.Job instance at 0x146f61fc7190>,102,2,[7 1],136,211,213,75,196
1,<environment.Job instance at 0x146f61fc7320>,103,17,[8 1],137,213,230,76,201
1,<environment.Job instance at 0x146f61fc7500>,106,3,[9 1],140,230,233,90,204
1,<environment.Job instance at 0x146f61fc7fa0>,108,1,[5 1],142,205,206,63,204
1,<environment.Job instance at 0x146f61fc7e10>,110,2,[1 7],144,216,218,72,206
1,<environment.Job instance at 0x146f61fc7d70>,111,1,[6 2],147,233,234,86,206
1,<environment.Job instance at 0x146f61fe2190>,112,3,[5 2],148,234,237,86,208
1,<environment.Job instance at 0x146f61fe2320>,113,15,[8 1],149,237,252,88,223
1,<environment.Job instance at 0x146f61fe23c0>,114,3,[2 7],150,223,226,73,223
1,<environment.Job instance at 0x146f61fe2460>,117,1,[5 2],159,234,235,75,225
1,<environment.Job instance at 0x146f61fe2230>,119,1,[7 2],162,252,253,90,236
1,<environment.Job instance at 0x146f61fe2910>,120,1,[2 8],163,236,237,73,236
1,<environment.Job instance at 0x146f61fe29b0>,121,2,[2 9],164,237,239,73,236
1,<environment.Job instance at 0x146f61fe2aa0>,122,3,[2 6],165,239,242,74,236
1,<environment.Job instance at 0x146f61fe2be0>,123,2,[7 1],167,253,255,86,236
1,<environment.Job instance at 0x146f61fe2c80>,124,1,[ 1 10],168,255,256,87,236
1,<environment.Job instance at 0x146f61fe2dc0>,126,3,[1 9],171,242,245,71,236
1,<environment.Job instance at 0x146f61fe2a50>,127,17,[1 5],172,256,273,84,244
1,<environment.Job instance at 0x146f61fe2fa0>,128,3,[8 1],174,256,259,82,244
1,<environment.Job instance at 0x146f61fe2f00>,129,1,[1 8],175,245,246,70,244
1,<environment.Job instance at 0x146f61fe55a0>,130,1,[10  2],179,273,274,94,245
1,<environment.Job instance at 0x146f61fe5690>,131,2,[2 6],180,246,248,66,245
1,<environment.Job instance at 0x146f61fe5820>,132,1,[1 5],181,248,249,67,245
1,<environment.Job instance at 0x146f61fe5a50>,133,3,[7 2],183,259,262,76,245
1,<environment.Job instance at 0x146f61fe5be0>,134,1,[2 8],184,249,250,65,245
1,<environment.Job instance at 0x146f61fe5f00>,136,3,[10  1],188,274,277,86,254
1,<environment.Job instance at 0x146f61fd3f00>,0,3,[7 2],1,1,4,0,1
1,<environment.Job instance at 0x146f63576910>,3,1,[1 9],5,5,6,0,5
1,<environment.Job instance at 0x146f61a88eb0>,4,3,[6 2],6,6,9,0,6
1,<environment.Job instance at 0x146f61ae3d70>,10,3,[2 5],15,54,57,39,54
1,<environment.Job instance at 0x146f61f945f0>,11,18,[5 2],17,54,72,37,54
1,<environment.Job instance at 0x146f64aed7d0>,13,2,[2 6],20,57,59,37,54
1,<environment.Job instance at 0x146f61ae38c0>,14,2,[6 2],21,72,74,51,54
1,<environment.Job instance at 0x146f64eca410>,15,3,[2 7],22,59,62,37,54
1,<environment.Job instance at 0x146f64ecafa0>,16,1,[10  1],26,74,75,48,54
1,<environment.Job instance at 0x146f622fe3c0>,17,3,[10  1],27,75,78,48,54
1,<environment.Job instance at 0x146f64e9d4b0>,19,3,[1 5],29,62,65,33,54
1,<environment.Job instance at 0x146f64e9d5a0>,20,2,[10  2],30,78,80,48,54
1,<environment.Job instance at 0x146f622fe960>,21,1,[9 1],31,80,81,49,54
1,<environment.Job instance at 0x146f64c6e550>,22,1,[1 8],32,65,66,33,54
1,<environment.Job instance at 0x146f64c6e780>,24,3,[2 7],34,66,69,32,54
1,<environment.Job instance at 0x146f64d61b40>,25,1,[7 1],35,81,82,46,54
1,<environment.Job instance at 0x146f64d61c30>,26,2,[7 2],36,82,84,46,55
1,<environment.Job instance at 0x146f64c6e5f0>,27,13,[10  1],38,84,97,46,68
1,<environment.Job instance at 0x146f65fb45f0>,28,3,[2 6],39,69,72,30,68
1,<environment.Job instance at 0x146f65fb45a0>,29,2,[8 1],40,97,99,57,70
1,<environment.Job instance at 0x146f74f48230>,31,1,[9 1],42,99,100,57,71
1,<environment.Job instance at 0x146f74f48140>,32,1,[2 5],44,72,73,28,71
1,<environment.Job instance at 0x146f74f48af0>,33,3,[10  2],47,100,103,53,74
1,<environment.Job instance at 0x146f74f485a0>,37,3,[9 1],52,103,106,51,77
1,<environment.Job instance at 0x146f6179d690>,41,3,[2 8],57,81,84,24,79
1,<environment.Job instance at 0x146f61b589b0>,44,1,[8 2],60,106,107,46,102
1,<environment.Job instance at 0x146f61b58780>,45,2,[2 6],61,106,108,45,102
1,<environment.Job instance at 0x146f61b588c0>,46,3,[1 9],62,103,106,41,102
1,<environment.Job instance at 0x146f61b94230>,47,2,[1 7],64,108,110,44,102
1,<environment.Job instance at 0x146f61b94be0>,48,3,[2 9],65,110,113,45,102
1,<environment.Job instance at 0x146f61b94dc0>,49,2,[6 1],66,107,109,41,102
1,<environment.Job instance at 0x146f61b94d20>,50,1,[5 1],67,109,110,42,102
1,<environment.Job instance at 0x146f61b94aa0>,51,16,[2 6],68,113,129,45,102
1,<environment.Job instance at 0x146f61b94870>,52,2,[7 1],70,110,112,40,102
1,<environment.Job instance at 0x146f64b5a7d0>,53,14,[5 2],74,113,127,39,102
1,<environment.Job instance at 0x146f65ff4870>,55,3,[1 9],76,129,132,53,103
1,<environment.Job instance at 0x146f65ff4b40>,57,3,[2 7],79,132,135,53,106
1,<environment.Job instance at 0x146f64d70fa0>,60,3,[1 7],85,135,138,50,110
1,<environment.Job instance at 0x146f64e9b500>,65,1,[10  2],95,138,139,43,122
1,<environment.Job instance at 0x146f635715a0>,66,3,[2 9],96,139,142,43,122
1,<environment.Job instance at 0x146f63fd10f0>,68,12,[5 2],99,142,154,43,125
1,<environment.Job instance at 0x146f61cbee10>,69,1,[9 1],100,129,130,29,125
1,<environment.Job instance at 0x146f64d55f00>,71,3,[5 1],103,130,133,27,130
1,<environment.Job instance at 0x146f74146140>,75,3,[8 1],107,154,157,47,145
1,<environment.Job instance at 0x146f741466e0>,77,3,[9 2],109,157,160,48,145
1,<environment.Job instance at 0x146f65f8fe10>,79,18,[8 1],118,160,178,42,149
1,<environment.Job instance at 0x146f64a77320>,84,12,[2 9],127,160,172,33,150
1,<environment.Job instance at 0x146f64a77c30>,86,3,[9 1],129,178,181,49,152
1,<environment.Job instance at 0x146f62162b90>,89,3,[9 2],134,181,184,47,155
1,<environment.Job instance at 0x146f62162690>,91,1,[1 9],136,155,156,19,155
1,<environment.Job instance at 0x146f743878c0>,93,1,[1 8],138,156,157,18,155
1,<environment.Job instance at 0x146f74387910>,95,1,[1 9],140,172,173,32,156
1,<environment.Job instance at 0x146f622e9eb0>,96,2,[2 6],141,173,175,32,156
1,<environment.Job instance at 0x146f622e9be0>,97,3,[ 2 10],142,184,187,42,158
1,<environment.Job instance at 0x146f61e24190>,99,1,[8 1],146,187,188,41,159
1,<environment.Job instance at 0x146f61e24af0>,100,3,[1 6],147,175,178,28,159
1,<environment.Job instance at 0x146f61e24a00>,101,2,[1 6],148,178,180,30,159
1,<environment.Job instance at 0x146f61e24f50>,102,1,[2 5],149,187,188,38,159
1,<environment.Job instance at 0x146f6356ee60>,109,2,[5 1],164,188,190,24,186
1,<environment.Job instance at 0x146f6356e550>,113,18,[10  2],169,190,208,21,186
1,<environment.Job instance at 0x146f6356ea00>,114,1,[6 1],170,208,209,38,186
1,<environment.Job instance at 0x146f6356ee10>,118,3,[5 1],174,209,212,35,189
1,<environment.Job instance at 0x146f6222af00>,119,3,[1 7],175,208,211,33,189
1,<environment.Job instance at 0x146f6222a320>,120,3,[10  2],177,212,215,35,189
1,<environment.Job instance at 0x146f6222a0f0>,121,17,[9 2],179,215,232,36,203
1,<environment.Job instance at 0x146f622ef320>,126,1,[1 8],188,211,212,23,203
1,<environment.Job instance at 0x146f6226e370>,4,3,[10  1],7,7,10,0,7
1,<environment.Job instance at 0x146f61f1a550>,5,1,[9 2],8,10,11,2,8
1,<environment.Job instance at 0x146f6227fb40>,6,17,[8 1],9,11,28,2,9
1,<environment.Job instance at 0x146f6606ba00>,10,15,[9 1],14,28,43,14,14
1,<environment.Job instance at 0x146f65f90aa0>,14,3,[1 8],20,20,23,0,20
1,<environment.Job instance at 0x146f6213d8c0>,16,2,[2 8],22,23,25,1,22
1,<environment.Job instance at 0x146f74f75e10>,17,3,[1 7],23,25,28,2,23
1,<environment.Job instance at 0x146f61d4d230>,18,2,[6 1],24,43,45,19,24
1,<environment.Job instance at 0x146f61c8e9b0>,19,3,[7 2],25,45,48,20,25
1,<environment.Job instance at 0x146f61c8ef50>,20,2,[8 1],26,48,50,22,26
1,<environment.Job instance at 0x146f61c8ef00>,21,15,[8 2],27,50,65,23,36
1,<environment.Job instance at 0x146f61c8eb40>,25,3,[6 1],32,65,68,33,39
1,<environment.Job instance at 0x146f61c8e050>,27,3,[2 5],34,43,46,9,39
1,<environment.Job instance at 0x146f74ffe500>,28,3,[2 8],36,46,49,10,39
1,<environment.Job instance at 0x146f74c52640>,30,3,[1 8],38,67,70,29,67
1,<environment.Job instance at 0x146f621b9140>,31,2,[2 5],40,70,72,30,67
1,<environment.Job instance at 0x146f621b9a00>,32,3,[1 9],41,72,75,31,67
1,<environment.Job instance at 0x146f621b9f00>,33,15,[9 1],42,72,87,30,67
1,<environment.Job instance at 0x146f621b91e0>,34,12,[6 1],43,87,99,44,70
1,<environment.Job instance at 0x146f61fb9c80>,35,13,[8 1],44,99,112,55,83
1,<environment.Job instance at 0x146f61fb9280>,36,3,[2 8],45,87,90,42,83
1,<environment.Job instance at 0x146f61fb9e10>,41,3,[8 2],51,112,115,61,86
1,<environment.Job instance at 0x146f7434cbe0>,45,3,[1 8],57,90,93,33,86
1,<environment.Job instance at 0x146f7409ac80>,47,17,[1 8],62,93,110,31,86
1,<environment.Job instance at 0x146f7409ac30>,49,3,[1 8],65,110,113,45,96
1,<environment.Job instance at 0x146f7409ad70>,50,12,[1 7],66,113,125,47,96
1,<environment.Job instance at 0x146f7409a050>,51,3,[8 1],67,115,118,48,96
1,<environment.Job instance at 0x146f77275a50>,52,3,[10  1],68,125,128,57,99
1,<environment.Job instance at 0x146f64eeb7d0>,53,3,[1 8],69,128,131,59,102
1,<environment.Job instance at 0x146f61c4cbe0>,58,1,[ 2 10],75,131,132,56,104
1,<environment.Job instance at 0x146f741d9320>,59,3,[ 2 10],77,132,135,55,106
1,<environment.Job instance at 0x146f62ae9230>,61,13,[1 7],80,135,148,55,119
1,<environment.Job instance at 0x146f74251e60>,62,16,[5 1],81,135,151,54,122
1,<environment.Job instance at 0x146f74f46c30>,63,3,[2 5],83,148,151,65,122
1,<environment.Job instance at 0x146f743af550>,67,1,[6 1],88,129,130,41,129
1,<environment.Job instance at 0x146f65fa9320>,69,16,[2 9],90,151,167,61,138
1,<environment.Job instance at 0x146f65fa9d70>,70,3,[2 6],91,167,170,76,141
1,<environment.Job instance at 0x146f61d47870>,71,3,[2 6],92,170,173,78,144
1,<environment.Job instance at 0x146f65fa9730>,72,1,[5 2],93,167,168,74,144
1,<environment.Job instance at 0x146f74ef4e60>,73,3,[7 1],94,151,154,57,144
1,<environment.Job instance at 0x146f61d47aa0>,74,2,[2 6],95,173,175,78,146
1,<environment.Job instance at 0x146f64ce38c0>,75,3,[2 7],97,175,178,78,149
1,<environment.Job instance at 0x146f74f379b0>,77,3,[1 5],100,178,181,78,153
1,<environment.Job instance at 0x146f65df42d0>,80,15,[1 5],103,518,533,415,518
1,<environment.Job instance at 0x146f61d22780>,81,3,[2 5],105,518,521,413,518
1,<environment.Job instance at 0x146f65df4e10>,82,2,[6 2],106,521,523,415,518
1,<environment.Job instance at 0x146f7406d5a0>,83,16,[2 8],108,533,549,425,520
1,<environment.Job instance at 0x146f65df4a00>,84,2,[9 1],109,523,525,414,520
1,<environment.Job instance at 0x146f66296500>,86,3,[10  2],111,549,552,438,529
1,<environment.Job instance at 0x146f6605b4b0>,87,1,[6 1],114,529,530,415,529
1,<environment.Job instance at 0x146f6605bc30>,88,3,[10  1],115,552,555,437,529
1,<environment.Job instance at 0x146f6605bfa0>,89,3,[6 2],116,530,533,414,529
1,<environment.Job instance at 0x146f75021960>,91,2,[7 1],118,537,539,419,537
1,<environment.Job instance at 0x146f750219b0>,92,3,[10  1],119,555,558,436,537
1,<environment.Job instance at 0x146f75021f50>,93,1,[6 1],120,539,540,419,537
1,<environment.Job instance at 0x146f75021910>,95,1,[2 7],122,558,559,436,537
1,<environment.Job instance at 0x146f75021190>,96,3,[7 1],123,540,543,417,537
1,<environment.Job instance at 0x146f64bf3c30>,97,1,[8 2],124,543,544,419,537
1,<environment.Job instance at 0x146f64bf3320>,99,15,[1 8],127,564,579,437,564
1,<environment.Job instance at 0x146f64bf3190>,101,13,[6 1],129,564,577,435,564
1,<environment.Job instance at 0x146f740cc8c0>,102,3,[10  1],131,579,582,448,564
1,<environment.Job instance at 0x146f740cc1e0>,103,14,[6 1],133,582,596,449,567
1,<environment.Job instance at 0x146f740cc7d0>,109,12,[1 7],144,582,594,438,567
1,<environment.Job instance at 0x146f7503ba50>,110,3,[2 7],145,594,597,449,568
1,<environment.Job instance at 0x146f7503b460>,111,3,[10  2],148,597,600,449,571
1,<environment.Job instance at 0x146f741a6b40>,113,3,[8 2],151,600,603,449,574
1,<environment.Job instance at 0x146f741a6c30>,117,3,[9 1],157,603,606,446,584
1,<environment.Job instance at 0x146f741a6eb0>,120,3,[1 7],163,600,603,437,584
1,<environment.Job instance at 0x146f741a6dc0>,121,1,[8 2],164,596,597,432,584
1,<environment.Job instance at 0x146f741a6870>,122,2,[10  1],165,606,608,441,584
1,<environment.Job instance at 0x146f741a6910>,124,16,[10  2],167,608,624,441,595
1,<environment.Job instance at 0x146f77316d20>,128,3,[2 9],172,624,627,452,598
1,<environment.Job instance at 0x146f76b9c9b0>,132,3,[10  2],178,627,630,449,601
1,<environment.Job instance at 0x146f76b9c230>,133,1,[10  2],179,630,631,451,602
1,<environment.Job instance at 0x146f76b9c370>,134,2,[7 1],180,624,626,444,602
1,<environment.Job instance at 0x146f76b9c870>,135,2,[10  1],181,631,633,450,604
1,<environment.Job instance at 0x146f76b9c500>,137,1,[9 1],184,633,634,449,605
1,<environment.Job instance at 0x146f76b9c820>,139,3,[9 2],186,634,637,448,624
1,<environment.Job instance at 0x146f76b9c3c0>,140,3,[10  2],188,637,640,449,624
1,<environment.Job instance at 0x146f76b9cb40>,141,3,[ 1 10],189,640,643,451,624
1,<environment.Job instance at 0x146f65f17190>,0,3,[ 2 10],2,2,5,0,2
1,<environment.Job instance at 0x146f65f09f00>,2,2,[8 1],4,5,7,1,4
1,<environment.Job instance at 0x146f65f09320>,4,3,[9 1],8,8,11,0,8
1,<environment.Job instance at 0x146f65f093c0>,5,3,[2 9],10,11,14,1,10
1,<environment.Job instance at 0x146f65f09f50>,8,3,[ 1 10],14,14,17,0,14
1,<environment.Job instance at 0x146f64c813c0>,17,2,[5 1],27,37,39,10,37
1,<environment.Job instance at 0x146f64c86e60>,18,3,[6 1],28,39,42,11,37
1,<environment.Job instance at 0x146f64c86be0>,20,15,[7 1],30,42,57,12,37
1,<environment.Job instance at 0x146f743999b0>,21,3,[ 2 10],31,57,60,26,37
1,<environment.Job instance at 0x146f61b49be0>,23,1,[9 2],34,60,61,26,37
1,<environment.Job instance at 0x146f74399140>,24,3,[2 9],35,37,40,2,37
1,<environment.Job instance at 0x146f61b49e60>,25,3,[2 5],36,40,43,4,37
1,<environment.Job instance at 0x146f61b49c30>,26,3,[1 7],37,43,46,6,37
1,<environment.Job instance at 0x146f64c3afa0>,31,12,[5 1],42,61,73,19,44
1,<environment.Job instance at 0x146f64ca9320>,33,3,[1 7],45,46,49,1,45
1,<environment.Job instance at 0x146f64ca9d20>,34,1,[10  2],47,73,74,26,47
1,<environment.Job instance at 0x146f62321aa0>,35,1,[6 1],49,74,75,25,49
1,<environment.Job instance at 0x146f62321410>,36,13,[1 6],50,60,73,10,50
1,<environment.Job instance at 0x146f64e0ff00>,39,1,[8 1],53,75,76,22,56
1,<environment.Job instance at 0x146f64d56140>,40,3,[1 6],54,74,77,20,56
1,<environment.Job instance at 0x146f66004c30>,43,12,[5 1],59,76,88,17,59
1,<environment.Job instance at 0x146f66004a50>,44,16,[1 7],61,77,93,16,64
1,<environment.Job instance at 0x146f61f06d20>,45,3,[2 6],62,93,96,31,67
1,<environment.Job instance at 0x146f64cfa640>,47,3,[2 8],66,96,99,30,70
1,<environment.Job instance at 0x146f61a6f320>,48,2,[9 1],68,88,90,20,70
1,<environment.Job instance at 0x146f77279050>,49,12,[5 2],69,90,102,21,73
1,<environment.Job instance at 0x146f620dc190>,50,1,[1 9],70,102,103,32,74
1,<environment.Job instance at 0x146f61a6f230>,51,1,[1 5],71,99,100,28,74
1,<environment.Job instance at 0x146f63fbf230>,53,3,[2 8],73,103,106,30,77
1,<environment.Job instance at 0x146f61a6ae60>,54,3,[2 9],74,106,109,32,80
1,<environment.Job instance at 0x146f64c709b0>,55,15,[8 1],76,102,117,26,88
1,<environment.Job instance at 0x146f74f83cd0>,56,1,[2 7],77,100,101,23,88
1,<environment.Job instance at 0x146f74f83910>,57,1,[7 2],78,117,118,39,89
1,<environment.Job instance at 0x146f74f83be0>,59,1,[ 2 10],80,118,119,38,94
1,<environment.Job instance at 0x146f74f83fa0>,60,2,[2 5],81,109,111,28,94
1,<environment.Job instance at 0x146f74f837d0>,62,1,[7 2],85,119,120,34,96
1,<environment.Job instance at 0x146f74f833c0>,63,1,[1 8],86,101,102,15,96
1,<environment.Job instance at 0x146f74f83d20>,64,2,[1 7],87,111,113,24,96
1,<environment.Job instance at 0x146f61c6a3c0>,68,3,[10  1],92,138,141,46,138
1,<environment.Job instance at 0x146f64c678c0>,69,3,[10  1],93,141,144,48,138
1,<environment.Job instance at 0x146f74f83b90>,71,17,[7 2],96,144,161,48,138
1,<environment.Job instance at 0x146f662bfe10>,73,2,[6 1],99,161,163,62,138
1,<environment.Job instance at 0x146f662bf550>,75,1,[ 1 10],102,163,164,61,138
1,<environment.Job instance at 0x146f619550f0>,76,3,[9 1],104,164,167,60,138
1,<environment.Job instance at 0x146f64d05320>,77,1,[8 2],106,167,168,61,139
1,<environment.Job instance at 0x146f619550a0>,78,3,[1 5],107,144,147,37,139
1,<environment.Job instance at 0x146f662bf640>,80,3,[8 1],110,168,171,58,142
1,<environment.Job instance at 0x146f61d451e0>,83,3,[1 7],113,147,150,34,142
1,<environment.Job instance at 0x146f7410e230>,86,2,[5 2],117,171,173,54,144
1,<environment.Job instance at 0x146f64dfcd20>,87,1,[1 5],118,150,151,32,144
1,<environment.Job instance at 0x146f742faf00>,88,1,[8 2],119,173,174,54,145
1,<environment.Job instance at 0x146f64c072d0>,89,2,[7 1],120,174,176,54,147
1,<environment.Job instance at 0x146f64c078c0>,90,1,[10  1],121,176,177,55,148
1,<environment.Job instance at 0x146f62aa2820>,91,2,[ 1 10],122,177,179,55,150
1,<environment.Job instance at 0x146f65fd8c30>,92,2,[1 8],123,151,153,28,150
1,<environment.Job instance at 0x146f62242f50>,93,3,[2 5],124,153,156,29,150
1,<environment.Job instance at 0x146f74ea70f0>,94,18,[10  1],125,179,197,54,168
1,<environment.Job instance at 0x146f621c74b0>,101,3,[1 5],136,197,200,61,175
1,<environment.Job instance at 0x146f621c7460>,102,1,[8 1],137,197,198,60,175
1,<environment.Job instance at 0x146f74f3faf0>,103,2,[8 2],138,198,200,60,175
1,<environment.Job instance at 0x146f74160190>,105,2,[5 2],140,200,202,60,175
1,<environment.Job instance at 0x146f74160140>,106,3,[1 5],141,200,203,59,175
1,<environment.Job instance at 0x146f741603c0>,107,1,[1 5],143,175,176,32,175
1,<environment.Job instance at 0x146f64dd9690>,108,16,[8 1],144,202,218,58,189
1,<environment.Job instance at 0x146f62ac6a50>,110,15,[8 2],146,218,233,72,204
1,<environment.Job instance at 0x146f74360eb0>,111,3,[1 7],148,204,207,56,204
1,<environment.Job instance at 0x146f6600f910>,119,3,[2 6],158,209,212,51,209
1,<environment.Job instance at 0x146f6600f870>,120,14,[10  1],159,233,247,74,218
1,<environment.Job instance at 0x146f6600fcd0>,122,3,[5 1],161,247,250,86,221
1,<environment.Job instance at 0x146f74f4ac80>,124,3,[9 1],164,250,253,86,224
1,<environment.Job instance at 0x146f74f4ab40>,125,3,[8 2],165,253,256,88,227
1,<environment.Job instance at 0x146f65f8e500>,131,23,[1 5],174,247,270,73,241
1,<environment.Job instance at 0x146f65f8ea00>,132,1,[8 1],175,256,257,81,241
1,<environment.Job instance at 0x146f61fb6370>,133,18,[10  1],176,270,288,94,259
1,<environment.Job instance at 0x146f65ee6f00>,135,2,[7 1],178,259,261,81,259
1,<environment.Job instance at 0x146f65ee69b0>,138,3,[7 1],181,261,264,80,259
1,<environment.Job instance at 0x146f65ee6eb0>,139,3,[8 2],182,264,267,82,259
1,<environment.Job instance at 0x146f65ee6410>,142,14,[9 2],189,288,302,99,273
1,<environment.Job instance at 0x146f65e4a2d0>,0,16,[8 2],1,1,17,0,1
1,<environment.Job instance at 0x146f65e4a910>,1,3,[1 5],2,2,5,0,2
1,<environment.Job instance at 0x146f622cf320>,3,13,[8 1],5,17,30,12,5
1,<environment.Job instance at 0x146f622cf500>,4,1,[7 2],6,30,31,24,6
1,<environment.Job instance at 0x146f64c81af0>,7,3,[9 2],10,31,34,21,13
1,<environment.Job instance at 0x146f74f69c80>,6,12,[9 1],8,34,46,26,17
1,<environment.Job instance at 0x146f61c07c30>,15,3,[10  2],19,46,49,27,20
1,<environment.Job instance at 0x146f61c075a0>,17,3,[2 7],21,23,26,2,23
1,<environment.Job instance at 0x146f61c079b0>,20,16,[1 9],24,1128,1144,1104,1128
1,<environment.Job instance at 0x146f61c07f00>,22,13,[8 1],26,1133,1146,1107,1133
1,<environment.Job instance at 0x146f61c07af0>,23,1,[6 1],27,1146,1147,1119,1133
1,<environment.Job instance at 0x146f61c07be0>,24,2,[ 1 10],28,1147,1149,1119,1133
1,<environment.Job instance at 0x146f61c070a0>,25,1,[5 1],29,1149,1150,1120,1133
1,<environment.Job instance at 0x146f61c073c0>,26,3,[5 2],30,1149,1152,1119,1133
1,<environment.Job instance at 0x146f61c07410>,28,3,[5 2],35,1150,1153,1115,1133
1,<environment.Job instance at 0x146f61c07910>,29,15,[10  2],36,1153,1168,1117,1139
1,<environment.Job instance at 0x146f61c07eb0>,30,2,[8 2],37,1168,1170,1131,1141
1,<environment.Job instance at 0x146f74ef2640>,35,3,[9 1],44,1170,1173,1126,1147
1,<environment.Job instance at 0x146f74ef2550>,37,2,[1 8],47,1168,1170,1121,1149
1,<environment.Job instance at 0x146f74ef2d70>,38,1,[5 1],48,1152,1153,1104,1149
1,<environment.Job instance at 0x146f74ef2050>,39,14,[1 7],49,1170,1184,1121,1155
1,<environment.Job instance at 0x146f74ef2320>,40,2,[8 1],51,1173,1175,1122,1155
1,<environment.Job instance at 0x146f74ef2c30>,41,2,[6 2],53,1175,1177,1122,1155
1,<environment.Job instance at 0x146f74ef2aa0>,42,2,[1 5],54,1184,1186,1130,1157
1,<environment.Job instance at 0x146f74ef2fa0>,43,2,[9 2],55,1177,1179,1122,1157
1,<environment.Job instance at 0x146f74ef2f50>,44,1,[9 1],58,1179,1180,1121,1157
1,<environment.Job instance at 0x146f74ef2460>,45,2,[9 1],59,1180,1182,1121,1157
1,<environment.Job instance at 0x146f74ef2b40>,46,2,[6 2],60,1182,1184,1122,1157
1,<environment.Job instance at 0x146f74ef23c0>,47,2,[2 9],62,1186,1188,1124,1159
1,<environment.Job instance at 0x146f74ef2690>,49,3,[7 1],64,1184,1187,1120,1159
1,<environment.Job instance at 0x146f74ef2730>,50,2,[ 1 10],65,1188,1190,1123,1161
1,<environment.Job instance at 0x146f74ef2820>,52,2,[1 8],68,1190,1192,1122,1171
1,<environment.Job instance at 0x146f64eeb4b0>,55,3,[2 8],71,1510,1513,1439,1510
1,<environment.Job instance at 0x146f64eeb190>,56,12,[7 2],72,1510,1522,1438,1510
1,<environment.Job instance at 0x146f64eebd70>,57,1,[2 5],74,1513,1514,1439,1510
1,<environment.Job instance at 0x146f64eeb730>,59,3,[1 6],79,1514,1517,1435,1510
1,<environment.Job instance at 0x146f64eeb870>,60,3,[2 6],80,1517,1520,1437,1510
1,<environment.Job instance at 0x146f64eeb230>,61,3,[2 5],81,1520,1523,1439,1510
1,<environment.Job instance at 0x146f64eeb140>,62,16,[7 2],82,1522,1538,1440,1510
1,<environment.Job instance at 0x146f64eeb780>,63,12,[9 1],83,1538,1550,1455,1521
1,<environment.Job instance at 0x146f64eeb320>,64,3,[7 2],85,1550,1553,1465,1524
1,<environment.Job instance at 0x146f64eebc30>,65,3,[1 6],87,1524,1527,1437,1524
1,<environment.Job instance at 0x146f64eebb90>,68,3,[9 2],94,1553,1556,1459,1527
1,<environment.Job instance at 0x146f64eeb410>,70,2,[10  1],97,1556,1558,1459,1529
1,<environment.Job instance at 0x146f64eeb3c0>,72,3,[5 1],100,1558,1561,1458,1532
1,<environment.Job instance at 0x146f64eebb40>,74,2,[7 2],104,1561,1563,1457,1534
1,<environment.Job instance at 0x146f64eeb820>,76,14,[10  2],106,1563,1577,1457,1548
1,<environment.Job instance at 0x146f64eebe10>,77,3,[2 6],107,1550,1553,1443,1548
1,<environment.Job instance at 0x146f61f88820>,81,3,[1 9],116,1558,1561,1442,1556
1,<environment.Job instance at 0x146f61f88b90>,82,1,[5 2],117,1577,1578,1460,1556
1,<environment.Job instance at 0x146f61f88af0>,83,1,[9 1],118,1578,1579,1460,1556
1,<environment.Job instance at 0x146f61f885a0>,85,14,[10  1],121,1579,1593,1458,1564
1,<environment.Job instance at 0x146f61f88d70>,87,16,[9 2],123,1593,1609,1470,1580
1,<environment.Job instance at 0x146f61f882d0>,88,2,[1 5],124,1593,1595,1469,1580
1,<environment.Job instance at 0x146f61f88190>,89,1,[2 5],125,1609,1610,1484,1581
1,<environment.Job instance at 0x146f61f880f0>,91,1,[10  1],130,1610,1611,1480,1582
1,<environment.Job instance at 0x146f61f88dc0>,92,1,[7 1],131,1609,1610,1478,1582
1,<environment.Job instance at 0x146f61f88be0>,93,2,[10  1],132,1611,1613,1479,1584
1,<environment.Job instance at 0x146f61f88e60>,94,1,[6 2],133,1613,1614,1480,1585
1,<environment.Job instance at 0x146f61f88c80>,96,3,[2 5],138,1613,1616,1475,1587
1,<environment.Job instance at 0x146f740efaa0>,97,2,[5 1],139,1614,1616,1475,1587
1,<environment.Job instance at 0x146f740efd70>,100,3,[1 9],144,1616,1619,1472,1593
1,<environment.Job instance at 0x146f740efbe0>,101,3,[2 7],146,1619,1622,1473,1593
1,<environment.Job instance at 0x146f740eff50>,102,3,[2 9],147,1622,1625,1475,1596
1,<environment.Job instance at 0x146f740ef460>,103,3,[6 1],149,1616,1619,1467,1596
1,<environment.Job instance at 0x146f740efb40>,105,15,[2 7],151,1625,1640,1474,1611
1,<environment.Job instance at 0x146f740efd20>,106,2,[9 1],152,1640,1642,1488,1613
1,<environment.Job instance at 0x146f740ef910>,108,3,[ 1 10],155,1642,1645,1487,1627
1,<environment.Job instance at 0x146f740ef320>,110,2,[6 2],157,1630,1632,1473,1630
1,<environment.Job instance at 0x146f740eff00>,112,2,[1 9],159,1640,1642,1481,1630
1,<environment.Job instance at 0x146f740ef0a0>,113,3,[6 2],160,1632,1635,1472,1630
1,<environment.Job instance at 0x146f740ef4b0>,114,3,[5 2],162,1635,1638,1473,1630
1,<environment.Job instance at 0x146f740efeb0>,116,17,[9 1],164,1645,1662,1481,1633
1,<environment.Job instance at 0x146f740ef960>,119,1,[10  2],169,1662,1663,1493,1634
1,<environment.Job instance at 0x146f62265e60>,121,13,[8 1],174,1663,1676,1489,1647
1,<environment.Job instance at 0x146f622650a0>,122,2,[10  1],175,1676,1678,1501,1649
1,<environment.Job instance at 0x146f62265910>,123,18,[8 1],177,1678,1696,1501,1667
1,<environment.Job instance at 0x146f659e6c80>,130,2,[7 1],188,1696,1698,1508,1669
1,<environment.Job instance at 0x146f74f69230>,9,2,[6 2],12,1822,1824,1810,1822
1,<environment.Job instance at 0x146f74f69230>,2,3,[1 9],4,4,7,0,4
1,<environment.Job instance at 0x146f742949b0>,14,18,[10  2],22,41,59,19,41
1,<environment.Job instance at 0x146f64c2f820>,15,3,[1 5],23,59,62,36,41
1,<environment.Job instance at 0x146f622ee190>,18,12,[5 2],27,59,71,32,45
1,<environment.Job instance at 0x146f742944b0>,20,1,[10  2],29,71,72,42,45
1,<environment.Job instance at 0x146f62995870>,21,2,[5 2],32,62,64,30,45
1,<environment.Job instance at 0x146f62a3d780>,22,2,[10  1],33,72,74,39,45
1,<environment.Job instance at 0x146f62a3db90>,24,1,[7 2],36,74,75,38,53
1,<environment.Job instance at 0x146f62a3d8c0>,25,15,[7 1],37,75,90,38,61
1,<environment.Job instance at 0x146f65f488c0>,27,3,[1 9],44,75,78,31,63
1,<environment.Job instance at 0x146f65e51500>,30,3,[6 2],50,90,93,40,74
1,<environment.Job instance at 0x146f65eef370>,32,2,[8 1],56,93,95,37,80
1,<environment.Job instance at 0x146f64dd4780>,33,3,[8 2],58,95,98,37,80
1,<environment.Job instance at 0x146f61d1d7d0>,34,14,[10  2],59,98,112,39,83
1,<environment.Job instance at 0x146f74f36f00>,7,1,[1 6],12,83,84,71,83
1,<environment.Job instance at 0x146fb42076e0>,38,1,[8 1],63,112,113,49,98
1,<environment.Job instance at 0x146f62a63c30>,39,1,[6 1],64,113,114,49,98
1,<environment.Job instance at 0x146f742750a0>,41,3,[10  2],72,114,117,42,98
1,<environment.Job instance at 0x146f74275c30>,43,1,[2 8],74,112,113,38,98
1,<environment.Job instance at 0x146f74288460>,44,2,[9 1],77,117,119,40,98
1,<environment.Job instance at 0x146f7693d820>,47,2,[6 2],82,119,121,37,115
1,<environment.Job instance at 0x146f7693d370>,48,3,[5 2],87,121,124,34,115
1,<environment.Job instance at 0x146f7693daa0>,49,3,[ 2 10],88,124,127,36,115
1,<environment.Job instance at 0x146f7693d730>,50,3,[1 5],90,117,120,27,115
1,<environment.Job instance at 0x146f65fa5f50>,51,1,[9 1],91,127,128,36,115
1,<environment.Job instance at 0x146f65fa5c80>,52,2,[1 7],93,120,122,27,115
1,<environment.Job instance at 0x146f65fa5af0>,54,16,[5 2],95,128,144,33,115
1,<environment.Job instance at 0x146f6194b9b0>,9,1,[8 2],15,2483,2484,2468,2483
1,<environment.Job instance at 0x146f74f77dc0>,0,3,[1 8],2,2,5,0,2
1,<environment.Job instance at 0x146f74f774b0>,2,20,[10  2],4,5,25,1,4
1,<environment.Job instance at 0x146f662eb8c0>,5,1,[7 2],8,25,26,17,8
1,<environment.Job instance at 0x146f662ebe10>,6,3,[ 2 10],10,26,29,16,10
1,<environment.Job instance at 0x146f662ebaf0>,7,1,[6 2],11,29,30,18,11
1,<environment.Job instance at 0x146f662d7dc0>,8,3,[10  2],13,30,33,17,13
1,<environment.Job instance at 0x146f662d7cd0>,9,3,[2 7],15,33,36,18,15
1,<environment.Job instance at 0x146f61c24e10>,12,1,[1 5],21,25,26,4,21
1,<environment.Job instance at 0x146f61c24af0>,14,16,[6 1],24,33,49,9,24
1,<environment.Job instance at 0x146f61c24cd0>,15,1,[8 2],25,49,50,24,25
1,<environment.Job instance at 0x146f64cf55f0>,16,2,[ 2 10],26,50,52,24,26
1,<environment.Job instance at 0x146f662d0320>,17,1,[1 6],27,29,30,2,27
1,<environment.Job instance at 0x146f61c24910>,18,1,[ 1 10],32,52,53,20,32
1,<environment.Job instance at 0x146f7729f7d0>,19,14,[2 7],33,36,50,3,33
1,<environment.Job instance at 0x146f64cf5870>,20,3,[7 1],34,53,56,19,34
1,<environment.Job instance at 0x146f64b2a8c0>,21,1,[ 1 10],35,56,57,21,35
1,<environment.Job instance at 0x146f74219320>,27,18,[8 1],42,57,75,15,46
1,<environment.Job instance at 0x146f64ee9690>,30,2,[2 6],46,53,55,7,52
1,<environment.Job instance at 0x146f64ee9e10>,31,2,[9 1],48,75,77,27,52
1,<environment.Job instance at 0x146f64ceed70>,32,2,[8 1],50,77,79,27,52
1,<environment.Job instance at 0x146f64b481e0>,33,1,[ 1 10],53,79,80,26,53
1,<environment.Job instance at 0x146f64b44960>,34,1,[8 1],54,80,81,26,54
1,<environment.Job instance at 0x146f64b44820>,35,1,[8 1],55,81,82,26,55
1,<environment.Job instance at 0x146f7412b320>,36,3,[2 7],56,57,60,1,56
1,<environment.Job instance at 0x146f64d072d0>,38,3,[1 6],62,66,69,4,66
1,<environment.Job instance at 0x146f64d07280>,40,12,[5 2],64,82,94,18,71
1,<environment.Job instance at 0x146f64d07e10>,41,16,[2 6],65,80,96,15,72
1,<environment.Job instance at 0x146f64d07c80>,43,3,[1 8],68,72,75,4,72
1,<environment.Job instance at 0x146f64d07730>,44,3,[2 9],72,96,99,24,72
1,<environment.Job instance at 0x146f65e18f50>,45,1,[8 2],74,94,95,20,74
1,<environment.Job instance at 0x146f6203d410>,46,3,[7 1],76,95,98,19,76
1,<environment.Job instance at 0x146f6203d280>,47,3,[ 2 10],79,99,102,20,79
1,<environment.Job instance at 0x146f6203d0a0>,48,3,[7 2],81,102,105,21,81
1,<environment.Job instance at 0x146f6203d2d0>,49,3,[9 2],83,105,108,22,83
1,<environment.Job instance at 0x146f6203d4b0>,50,3,[1 6],86,102,105,16,86
1,<environment.Job instance at 0x146f6203d870>,51,13,[1 5],87,105,118,18,89
1,<environment.Job instance at 0x146f6203db90>,52,1,[2 7],88,118,119,30,90
1,<environment.Job instance at 0x146f6203d640>,53,2,[2 5],89,108,110,19,90
1,<environment.Job instance at 0x146f6203dd20>,54,3,[1 8],90,119,122,29,93
1,<environment.Job instance at 0x146f64c968c0>,58,3,[9 2],96,110,113,14,101
1,<environment.Job instance at 0x146f64c96f50>,59,12,[8 1],97,113,125,16,101
1,<environment.Job instance at 0x146f64c960a0>,62,13,[8 1],104,125,138,21,117
1,<environment.Job instance at 0x146f64c96190>,63,2,[2 6],105,122,124,17,117
1,<environment.Job instance at 0x146f64c96be0>,64,17,[2 7],108,124,141,16,117
1,<environment.Job instance at 0x146f64c96140>,65,1,[2 9],109,141,142,32,117
1,<environment.Job instance at 0x146f64c96550>,66,1,[2 6],110,142,143,32,117
1,<environment.Job instance at 0x146f65df45a0>,74,3,[6 2],120,138,141,18,130
1,<environment.Job instance at 0x146f65df40a0>,75,3,[8 1],122,141,144,19,130
1,<environment.Job instance at 0x146f65df4e60>,76,1,[7 1],124,144,145,20,130
1,<environment.Job instance at 0x146f65df4d70>,77,1,[1 5],125,143,144,18,130
1,<environment.Job instance at 0x146f65df4fa0>,78,15,[10  1],126,145,160,19,131
1,<environment.Job instance at 0x146f65df4230>,81,15,[5 2],130,160,175,30,146
1,<environment.Job instance at 0x146f61ab9960>,83,2,[5 2],133,160,162,27,150
1,<environment.Job instance at 0x146f61ab9140>,84,2,[6 2],134,175,177,41,150
1,<environment.Job instance at 0x146f61ab9280>,85,3,[2 5],135,162,165,27,150
1,<environment.Job instance at 0x146f61ab9f00>,86,12,[5 2],136,177,189,41,160
1,<environment.Job instance at 0x146f61ab9780>,90,1,[1 7],142,165,166,23,160
1,<environment.Job instance at 0x146f61ab9730>,91,2,[1 8],143,166,168,23,160
1,<environment.Job instance at 0x146f61ab93c0>,92,2,[ 1 10],146,189,191,43,162
1,<environment.Job instance at 0x146f61ab95f0>,95,13,[9 1],149,191,204,42,177
1,<environment.Job instance at 0x146f64b18fa0>,98,2,[8 2],153,204,206,51,177
1,<environment.Job instance at 0x146f64b18a00>,100,2,[6 2],155,206,208,51,179
1,<environment.Job instance at 0x146f64b18c80>,101,16,[5 1],158,208,224,50,195
1,<environment.Job instance at 0x146f64b18140>,105,3,[1 7],164,202,205,38,202
1,<environment.Job instance at 0x146f64b18d20>,108,2,[7 2],167,224,226,57,202
1,<environment.Job instance at 0x146f64b18be0>,110,2,[1 5],169,205,207,36,205
1,<environment.Job instance at 0x146f64b2baf0>,111,2,[6 1],170,226,228,56,205
1,<environment.Job instance at 0x146f64b2b230>,113,17,[8 1],173,228,245,55,216
1,<environment.Job instance at 0x146f64b2beb0>,117,2,[6 2],181,245,247,64,222
1,<environment.Job instance at 0x146f64b2b730>,118,1,[2 5],182,222,223,40,222
1,<environment.Job instance at 0x146f64b2b1e0>,119,3,[2 8],186,223,226,37,222
1,<environment.Job instance at 0x146f64b2b0a0>,121,3,[2 6],188,226,229,38,222
1,<environment.Job instance at 0x146f64b2b500>,122,2,[5 2],189,247,249,58,222
1,<environment.Job instance at 0x146f64edf550>,28,2,[6 2],43,1025,1027,982,1025
1,<environment.Job instance at 0x146f64a90140>,1,3,[2 8],3,3,6,0,3
1,<environment.Job instance at 0x146f64edf550>,5,1,[9 1],7,8,9,1,8
1,<environment.Job instance at 0x146f741ba6e0>,7,1,[7 1],10,11,12,1,11
1,<environment.Job instance at 0x146f741ba230>,9,23,[2 9],12,12,35,0,12
1,<environment.Job instance at 0x146f741baa00>,11,2,[7 1],14,14,16,0,14
1,<environment.Job instance at 0x146f620bfaa0>,12,1,[1 6],16,35,36,19,16
1,<environment.Job instance at 0x146f64dbaa00>,13,2,[6 2],17,35,37,18,17
1,<environment.Job instance at 0x146f741ba050>,14,2,[10  2],19,37,39,18,19
1,<environment.Job instance at 0x146f64db6050>,15,2,[2 7],23,39,41,16,23
1,<environment.Job instance at 0x146f66027820>,16,3,[8 1],24,24,27,0,24
1,<environment.Job instance at 0x146f64aa0640>,18,3,[8 2],28,39,42,11,28
1,<environment.Job instance at 0x146f6222d500>,19,2,[8 1],30,30,32,0,30
1,<environment.Job instance at 0x146f742aaf50>,20,3,[2 7],31,41,44,10,31
1,<environment.Job instance at 0x146f6629ee10>,8,2,[2 7],11,44,46,33,34
1,<environment.Job instance at 0x146f64d31dc0>,25,2,[9 1],39,46,48,7,39
1,<environment.Job instance at 0x146f62269e60>,26,12,[8 1],40,48,60,8,40
1,<environment.Job instance at 0x146f74f36910>,28,3,[10  1],42,60,63,18,42
1,<environment.Job instance at 0x146f74f36370>,29,3,[7 1],43,43,46,0,43
1,<environment.Job instance at 0x146f7414a320>,37,1,[7 2],56,258,259,202,258
1,<environment.Job instance at 0x146f7414acd0>,38,3,[1 7],57,258,261,201,258
1,<environment.Job instance at 0x146f7414aa00>,39,1,[2 9],58,261,262,203,258
1,<environment.Job instance at 0x146f7414ac80>,40,3,[1 8],60,262,265,202,258
1,<environment.Job instance at 0x146f7414a460>,42,1,[1 6],66,265,266,199,258
1,<environment.Job instance at 0x146f7414a190>,43,14,[2 9],68,266,280,198,258
1,<environment.Job instance at 0x146f7414a640>,44,2,[6 2],69,259,261,190,258
1,<environment.Job instance at 0x146f7414af00>,45,3,[1 6],70,280,283,210,258
1,<environment.Job instance at 0x146f7414aa50>,47,3,[ 2 10],72,283,286,211,259
1,<environment.Job instance at 0x146f7414ae60>,48,3,[6 2],73,262,265,189,259
1,<environment.Job instance at 0x146f7414a730>,49,1,[9 2],77,265,266,188,259
1,<environment.Job instance at 0x146fb8a58050>,50,1,[2 9],78,286,287,208,259
1,<environment.Job instance at 0x146fb8a58690>,53,3,[6 2],85,733,736,648,733
1,<environment.Job instance at 0x146f741cd8c0>,54,1,[1 8],86,733,734,647,733
1,<environment.Job instance at 0x146f741cd640>,55,2,[5 2],87,736,738,649,733
1,<environment.Job instance at 0x146f741cd140>,56,19,[8 1],88,738,757,650,733
1,<environment.Job instance at 0x146f741cddc0>,57,1,[8 2],89,757,758,668,733
1,<environment.Job instance at 0x146f741cd870>,58,1,[1 6],90,734,735,644,733
1,<environment.Job instance at 0x146f6184d5a0>,59,2,[1 8],91,735,737,644,733
1,<environment.Job instance at 0x146f6184df00>,60,16,[9 2],92,758,774,666,745
1,<environment.Job instance at 0x146f64c33280>,67,1,[9 2],99,774,775,675,746
1,<environment.Job instance at 0x146f61c10780>,69,1,[10  1],102,775,776,673,747
1,<environment.Job instance at 0x146f61c10c30>,71,2,[2 9],106,752,754,646,752
1,<environment.Job instance at 0x146f74146c30>,72,3,[9 1],107,776,779,669,752
1,<environment.Job instance at 0x146f74146780>,74,1,[1 6],109,764,765,655,764
1,<environment.Job instance at 0x146f74146870>,75,17,[1 9],111,776,793,665,766
1,<environment.Job instance at 0x146f64aa1320>,78,18,[2 9],114,1261,1279,1147,1261
1,<environment.Job instance at 0x146f74276c80>,79,2,[2 8],115,1279,1281,1164,1261
1,<environment.Job instance at 0x146f741461e0>,80,14,[9 1],116,1281,1295,1165,1266
1,<environment.Job instance at 0x146f74ef2cd0>,83,3,[7 2],121,1295,1298,1174,1269
1,<environment.Job instance at 0x146f662e3e10>,84,2,[2 7],122,1295,1297,1173,1269
1,<environment.Job instance at 0x146f662e3870>,85,3,[2 9],124,1298,1301,1174,1272
1,<environment.Job instance at 0x146f662e3eb0>,86,1,[10  2],125,1301,1302,1176,1273
1,<environment.Job instance at 0x146f74e8a690>,87,2,[ 1 10],128,1302,1304,1174,1275
1,<environment.Job instance at 0x146f662e35a0>,88,1,[9 2],129,1304,1305,1175,1276
1,<environment.Job instance at 0x146f662d4c30>,91,1,[ 1 10],136,1305,1306,1169,1290
1,<environment.Job instance at 0x146f662d4960>,92,1,[2 6],137,1297,1298,1160,1290
1,<environment.Job instance at 0x146f662d4550>,95,12,[1 9],141,1306,1318,1165,1290
1,<environment.Job instance at 0x146f662d4f00>,100,3,[6 2],147,1318,1321,1171,1299
1,<environment.Job instance at 0x146f662d4a50>,102,16,[10  1],150,1321,1337,1171,1308
1,<environment.Job instance at 0x146f61745550>,103,3,[2 8],151,1318,1321,1167,1308
1,<environment.Job instance at 0x146f61745c80>,105,1,[2 6],153,1337,1338,1184,1309
1,<environment.Job instance at 0x146f61745730>,106,15,[8 2],154,1337,1352,1183,1323
1,<environment.Job instance at 0x146f61745690>,107,3,[ 2 10],155,1352,1355,1197,1326
1,<environment.Job instance at 0x146f617456e0>,108,14,[1 5],156,1338,1352,1182,1326
1,<environment.Job instance at 0x146f617452d0>,109,1,[ 2 10],157,1355,1356,1198,1327
1,<environment.Job instance at 0x146f61745500>,110,3,[ 2 10],158,1356,1359,1198,1330
1,<environment.Job instance at 0x146f64eca8c0>,115,3,[8 2],165,1359,1362,1194,1333
1,<environment.Job instance at 0x146f64eca730>,116,3,[1 7],166,1359,1362,1193,1333
1,<environment.Job instance at 0x146f64ecab40>,119,1,[1 6],169,1362,1363,1193,1335
1,<environment.Job instance at 0x146f64eca320>,123,3,[5 1],173,1362,1365,1189,1338
1,<environment.Job instance at 0x146f64eca820>,125,2,[1 6],177,1363,1365,1186,1344
1,<environment.Job instance at 0x146f64eca4b0>,129,3,[10  1],186,1367,1370,1181,1367
1,<environment.Job instance at 0x146f771f5370>,0,3,[10  1],1,1,4,0,1
1,<environment.Job instance at 0x146f65fc10a0>,4,3,[8 1],5,5,8,0,5
1,<environment.Job instance at 0x146f7414ad70>,5,3,[10  1],6,8,11,2,6
1,<environment.Job instance at 0x146f65ff45a0>,7,3,[9 2],10,11,14,1,10
1,<environment.Job instance at 0x146f742e56e0>,8,3,[5 1],11,14,17,3,11
1,<environment.Job instance at 0x146f65ff4910>,9,2,[5 1],13,14,16,1,13
1,<environment.Job instance at 0x146f61b88c80>,10,3,[1 9],14,16,19,2,14
1,<environment.Job instance at 0x146f61b88a50>,11,2,[1 9],15,19,21,4,15
1,<environment.Job instance at 0x146f61b88410>,12,3,[ 2 10],16,21,24,5,16
1,<environment.Job instance at 0x146f61b887d0>,13,3,[2 6],17,24,27,7,17
1,<environment.Job instance at 0x146f740e7d20>,21,3,[2 6],25,27,30,2,25
1,<environment.Job instance at 0x146f740b9500>,23,3,[1 9],28,30,33,2,28
1,<environment.Job instance at 0x146f77201690>,24,3,[1 7],30,33,36,3,30
1,<environment.Job instance at 0x146f64b44c80>,30,3,[10  2],39,39,42,0,39
1,<environment.Job instance at 0x146f64b44960>,36,3,[ 1 10],46,46,49,0,46
1,<environment.Job instance at 0x146f65fbdb90>,40,18,[1 6],54,54,72,0,54
1,<environment.Job instance at 0x146f65fbdbe0>,41,3,[10  2],55,72,75,17,55
1,<environment.Job instance at 0x146f629d2050>,42,13,[9 1],56,56,69,0,56
1,<environment.Job instance at 0x146f629d2c30>,44,1,[10  2],58,75,76,17,58
1,<environment.Job instance at 0x146f64ae7730>,45,16,[5 1],59,76,92,17,63
1,<environment.Job instance at 0x146f64ae7be0>,46,3,[6 1],60,69,72,9,63
1,<environment.Job instance at 0x146f64ae74b0>,47,13,[2 5],62,76,89,14,63
1,<environment.Job instance at 0x146f61facf00>,49,3,[1 7],65,89,92,24,65
1,<environment.Job instance at 0x146f61fac2d0>,51,3,[9 2],68,92,95,24,68
1,<environment.Job instance at 0x146f61facaa0>,53,12,[2 7],73,95,107,22,78
1,<environment.Job instance at 0x146f662d6910>,54,13,[7 2],74,95,108,21,79
1,<environment.Job instance at 0x146f662d6c80>,56,3,[2 6],76,107,110,31,81
1,<environment.Job instance at 0x146f662d6280>,57,3,[8 1],77,108,111,31,82
1,<environment.Job instance at 0x146f662d6690>,58,1,[6 1],78,111,112,33,83
1,<environment.Job instance at 0x146f7409f140>,59,3,[6 1],79,112,115,33,86
1,<environment.Job instance at 0x146f662d6fa0>,60,3,[9 1],80,115,118,35,89
1,<environment.Job instance at 0x146f662d6d20>,61,3,[2 9],81,110,113,29,89
1,<environment.Job instance at 0x146f64b030a0>,65,3,[1 8],87,92,95,5,91
1,<environment.Job instance at 0x146f64b03230>,68,2,[2 8],92,113,115,21,103
1,<environment.Job instance at 0x146f64b03690>,69,1,[ 1 10],93,118,119,25,103
1,<environment.Job instance at 0x146f64b03c30>,70,16,[8 1],95,119,135,24,106
1,<environment.Job instance at 0x146f64b039b0>,71,3,[8 2],96,135,138,39,109
1,<environment.Job instance at 0x146f64b03fa0>,74,3,[5 1],99,138,141,39,112
1,<environment.Job instance at 0x146f659e66e0>,77,12,[2 8],106,119,131,13,116
1,<environment.Job instance at 0x146f659e6a00>,78,13,[9 2],108,141,154,33,125
1,<environment.Job instance at 0x146f659e6b40>,81,15,[5 2],112,154,169,42,140
1,<environment.Job instance at 0x146f659e6500>,82,13,[1 6],113,140,153,27,140
1,<environment.Job instance at 0x146f659e6230>,87,12,[5 2],118,154,166,36,140
1,<environment.Job instance at 0x146f659e68c0>,90,1,[10  1],125,169,170,44,146
1,<environment.Job instance at 0x146f662eb5a0>,91,14,[6 1],126,170,184,44,155
1,<environment.Job instance at 0x146f662eba50>,92,12,[2 8],127,170,182,43,155
1,<environment.Job instance at 0x146f662ebbe0>,94,3,[1 6],130,166,169,36,155
1,<environment.Job instance at 0x146f662ebc30>,95,3,[1 9],131,182,185,51,156
1,<environment.Job instance at 0x146f662eb730>,99,3,[2 7],140,185,188,45,159
1,<environment.Job instance at 0x146f662eb460>,100,3,[6 2],142,185,188,43,159
1,<environment.Job instance at 0x146f662ebf50>,103,1,[2 6],147,188,189,41,160
1,<environment.Job instance at 0x146f7506dcd0>,104,2,[9 1],148,189,191,41,162
1,<environment.Job instance at 0x146f7506d140>,107,2,[7 2],152,191,193,39,178
1,<environment.Job instance at 0x146f7506d640>,109,15,[10  2],154,193,208,39,186
1,<environment.Job instance at 0x146f7506d870>,110,3,[7 2],156,208,211,52,186
1,<environment.Job instance at 0x146f7506d690>,112,3,[5 1],159,211,214,52,188
1,<environment.Job instance at 0x146f742fba00>,113,1,[2 9],161,211,212,50,188
1,<environment.Job instance at 0x146f742fb5f0>,114,1,[5 2],162,188,189,26,188
1,<environment.Job instance at 0x146f742fb780>,115,3,[6 2],163,214,217,51,188
1,<environment.Job instance at 0x146f742fba50>,116,18,[1 7],164,212,230,48,201
1,<environment.Job instance at 0x146f742fb730>,120,2,[9 1],170,217,219,47,202
1,<environment.Job instance at 0x146f742fbeb0>,122,2,[1 5],172,208,210,36,202
1,<environment.Job instance at 0x146f742fbc30>,123,3,[6 1],173,219,222,46,202
1,<environment.Job instance at 0x146f742fb280>,126,3,[1 6],177,230,233,53,204
1,<environment.Job instance at 0x146f742fb0a0>,127,1,[7 1],178,222,223,44,204
1,<environment.Job instance at 0x146f742fbfa0>,128,13,[7 1],179,223,236,44,207
1,<environment.Job instance at 0x146f662d4140>,132,3,[7 2],184,236,239,52,217
1,<environment.Job instance at 0x146f662d41e0>,134,3,[2 7],186,233,236,47,217
1,<environment.Job instance at 0x146f76b94f50>,135,1,[10  2],187,239,240,52,217
1,<environment.Job instance at 0x146f621958c0>,136,13,[2 7],188,240,253,52,224
1,<environment.Job instance at 0x146f77655370>,0,3,[9 1],1,1,4,0,1
1,<environment.Job instance at 0x146f74eabbe0>,3,2,[2 9],4,4,6,0,4
1,<environment.Job instance at 0x146f776553c0>,4,17,[8 1],6,6,23,0,6
1,<environment.Job instance at 0x146f74eab960>,5,18,[1 6],7,7,25,0,7
1,<environment.Job instance at 0x146f74eab730>,6,3,[9 1],8,23,26,15,8
1,<environment.Job instance at 0x146f74eab370>,7,3,[9 1],9,26,29,17,9
1,<environment.Job instance at 0x146f65ec91e0>,13,1,[7 1],18,29,30,11,22
1,<environment.Job instance at 0x146f65ec9640>,15,12,[5 1],23,30,42,7,23
1,<environment.Job instance at 0x146f65ec9a00>,16,3,[9 2],24,42,45,18,24
1,<environment.Job instance at 0x146f65ec95f0>,17,3,[8 1],26,45,48,19,26
1,<environment.Job instance at 0x146f6184d730>,19,2,[5 1],29,30,32,1,29
1,<environment.Job instance at 0x146f6184d640>,20,3,[1 9],31,32,35,1,31
1,<environment.Job instance at 0x146f625459b0>,21,22,[1 7],32,35,57,3,32
1,<environment.Job instance at 0x146f62545230>,22,1,[10  2],35,57,58,22,35
1,<environment.Job instance at 0x146f62545730>,24,3,[8 1],37,48,51,11,37
1,<environment.Job instance at 0x146f62545af0>,25,1,[1 6],38,58,59,20,38
1,<environment.Job instance at 0x146f65fb0f50>,26,1,[2 7],39,59,60,20,39
1,<environment.Job instance at 0x146f74096190>,27,2,[ 1 10],40,60,62,20,40
1,<environment.Job instance at 0x146f74096910>,28,1,[7 1],41,51,52,10,41
1,<environment.Job instance at 0x146f74096cd0>,29,2,[9 1],42,52,54,10,42
1,<environment.Job instance at 0x146f740966e0>,30,1,[5 1],44,54,55,10,44
1,<environment.Job instance at 0x146f74096f00>,31,1,[2 7],45,62,63,17,45
1,<environment.Job instance at 0x146f64b1baa0>,32,15,[5 1],46,62,77,16,48
1,<environment.Job instance at 0x146f617b9e60>,33,1,[10  1],47,77,78,30,49
1,<environment.Job instance at 0x146f64d0b8c0>,34,1,[6 2],48,55,56,7,49
1,<environment.Job instance at 0x146f61ad6460>,36,3,[ 1 10],50,78,81,28,52
1,<environment.Job instance at 0x146f61ad6820>,39,3,[1 7],56,63,66,7,59
1,<environment.Job instance at 0x146f61ad60f0>,40,1,[5 1],58,59,60,1,59
1,<environment.Job instance at 0x146f64c86f00>,42,1,[5 1],60,66,67,6,60
1,<environment.Job instance at 0x146f61bc5960>,43,2,[1 6],62,67,69,5,62
1,<environment.Job instance at 0x146f742a3d20>,48,13,[5 2],69,81,94,12,71
1,<environment.Job instance at 0x146f742a3460>,49,13,[9 2],70,94,107,24,78
1,<environment.Job instance at 0x146f742a32d0>,50,1,[2 6],71,81,82,10,78
1,<environment.Job instance at 0x146f61944b90>,51,12,[1 8],72,82,94,10,79
1,<environment.Job instance at 0x146f622a2fa0>,52,1,[2 5],73,107,108,34,79
1,<environment.Job instance at 0x146f622a2aa0>,54,2,[10  1],76,108,110,32,88
1,<environment.Job instance at 0x146f64eebfa0>,56,1,[ 2 10],79,110,111,31,88
1,<environment.Job instance at 0x146f7504e230>,57,3,[2 9],80,111,114,31,88
1,<environment.Job instance at 0x146f64eeb050>,58,3,[1 6],81,94,97,13,88
1,<environment.Job instance at 0x146f741ca8c0>,61,1,[2 9],84,124,125,40,124
1,<environment.Job instance at 0x146f741cac30>,62,21,[10  1],85,125,146,40,124
1,<environment.Job instance at 0x146f741cab90>,64,3,[7 2],88,146,149,58,124
1,<environment.Job instance at 0x146f741ca960>,65,2,[7 1],89,149,151,60,124
1,<environment.Job instance at 0x146f741cae60>,66,1,[9 2],90,151,152,61,124
1,<environment.Job instance at 0x146f61847910>,67,2,[5 1],91,152,154,61,125
1,<environment.Job instance at 0x146f61847690>,69,3,[1 5],94,146,149,52,135
1,<environment.Job instance at 0x146f61847460>,70,15,[10  1],95,154,169,59,140
1,<environment.Job instance at 0x146f64ebc730>,72,1,[5 1],99,152,153,53,140
1,<environment.Job instance at 0x146f64ebc410>,73,3,[6 1],100,169,172,69,143
1,<environment.Job instance at 0x146f64ebcf50>,74,3,[8 2],103,172,175,69,146
1,<environment.Job instance at 0x146f64ebc460>,76,3,[2 5],106,169,172,63,148
1,<environment.Job instance at 0x146f64ebc5a0>,77,1,[1 6],107,149,150,42,148
1,<environment.Job instance at 0x146f64ebc8c0>,78,2,[8 1],108,175,177,67,148
1,<environment.Job instance at 0x146f64ebcbe0>,79,2,[1 7],109,150,152,41,148
1,<environment.Job instance at 0x146f74304e10>,80,2,[7 2],110,177,179,67,150
1,<environment.Job instance at 0x146f743ae690>,85,2,[1 5],115,172,174,57,151
1,<environment.Job instance at 0x146f7421f9b0>,86,2,[6 1],116,179,181,63,152
1,<environment.Job instance at 0x146f74307b90>,87,3,[2 8],117,174,177,57,152
1,<environment.Job instance at 0x146f74307230>,88,3,[1 7],118,177,180,59,152
1,<environment.Job instance at 0x146f620929b0>,89,3,[1 8],120,180,183,60,154
1,<environment.Job instance at 0x146f62092230>,90,3,[7 1],122,181,184,59,155
1,<environment.Job instance at 0x146f61fec370>,94,2,[1 9],129,183,185,54,167
1,<environment.Job instance at 0x146f61fecb40>,95,2,[5 2],131,185,187,54,167
1,<environment.Job instance at 0x146f61fec460>,98,2,[ 1 10],135,187,189,52,170
1,<environment.Job instance at 0x146f61fec820>,99,14,[2 5],136,189,203,53,174
1,<environment.Job instance at 0x146f61fec0f0>,100,3,[2 9],137,203,206,66,177
1,<environment.Job instance at 0x146f61fec7d0>,101,1,[10  1],138,206,207,68,178
1,<environment.Job instance at 0x146f61801730>,102,2,[2 9],139,207,209,68,180
1,<environment.Job instance at 0x146f61801190>,103,3,[6 1],141,189,192,48,180
1,<environment.Job instance at 0x146f61801d70>,104,2,[8 2],143,192,194,49,180
1,<environment.Job instance at 0x146f61801a50>,105,3,[6 2],145,194,197,49,180
1,<environment.Job instance at 0x146f61801780>,106,2,[7 2],146,197,199,51,180
1,<environment.Job instance at 0x146f618011e0>,107,3,[10  2],147,209,212,62,183
1,<environment.Job instance at 0x146f620826e0>,108,2,[6 2],150,199,201,49,183
1,<environment.Job instance at 0x146f62082e10>,109,3,[10  2],151,212,215,61,186
1,<environment.Job instance at 0x146f62082280>,110,2,[8 2],152,201,203,49,186
1,<environment.Job instance at 0x146f74f48c80>,111,3,[7 1],154,203,206,49,186
1,<environment.Job instance at 0x146f74f48f00>,112,3,[7 2],155,215,218,60,189
1,<environment.Job instance at 0x146f61ae3eb0>,114,2,[7 1],158,207,209,49,191
1,<environment.Job instance at 0x146f61ae3b90>,116,1,[5 2],161,218,219,57,191
1,<environment.Job instance at 0x146f61ae34b0>,117,3,[10  1],162,219,222,57,193
1,<environment.Job instance at 0x146f64ce5af0>,122,3,[9 1],170,222,225,52,196
1,<environment.Job instance at 0x146f740e3a00>,123,3,[9 2],173,225,228,52,199
1,<environment.Job instance at 0x146f740e3460>,124,3,[5 1],175,228,231,53,202
1,<environment.Job instance at 0x146f61d36aa0>,2,16,[10  1],4,4,20,0,4
1,<environment.Job instance at 0x146f62ac8550>,4,1,[10  2],6,20,21,14,6
1,<environment.Job instance at 0x146f62ac8870>,8,2,[8 1],13,21,23,8,13
1,<environment.Job instance at 0x146f62ac8640>,7,3,[8 2],10,23,26,13,18
1,<environment.Job instance at 0x146f62ac8190>,12,1,[6 1],20,26,27,6,20
1,<environment.Job instance at 0x146f61e78640>,14,3,[1 6],23,23,26,0,23
1,<environment.Job instance at 0x146f61e784b0>,16,12,[10  1],26,27,39,1,26
1,<environment.Job instance at 0x146f61e78d20>,17,3,[1 8],27,39,42,12,27
1,<environment.Job instance at 0x146f61e785a0>,18,1,[2 8],28,42,43,14,28
1,<environment.Job instance at 0x146f61e78cd0>,19,3,[1 6],29,43,46,14,29
1,<environment.Job instance at 0x146f61e78f00>,21,3,[6 1],31,39,42,8,31
1,<environment.Job instance at 0x146f61e789b0>,24,23,[1 9],34,46,69,12,40
1,<environment.Job instance at 0x146f61e7a050>,28,3,[2 8],39,69,72,30,43
1,<environment.Job instance at 0x146f61e7a690>,29,1,[8 1],40,43,44,3,43
1,<environment.Job instance at 0x146f61e7a910>,30,17,[9 1],41,44,61,3,43
1,<environment.Job instance at 0x146f61e7a500>,31,2,[6 1],42,61,63,19,43
1,<environment.Job instance at 0x146f61e7a370>,32,1,[6 1],44,63,64,19,44
1,<environment.Job instance at 0x146f61e7a7d0>,33,2,[2 5],46,72,74,26,46
1,<environment.Job instance at 0x146f61e7a280>,34,3,[2 8],48,74,77,26,48
1,<environment.Job instance at 0x146f61e7a320>,35,1,[5 1],49,64,65,15,49
1,<environment.Job instance at 0x146f61e7afa0>,38,3,[ 2 10],53,173,176,120,173
1,<environment.Job instance at 0x146f61e7aaf0>,39,1,[8 2],55,176,177,121,173
1,<environment.Job instance at 0x146f64f38af0>,40,2,[8 1],57,177,179,120,173
1,<environment.Job instance at 0x146f64f38a00>,42,3,[9 1],59,179,182,120,173
1,<environment.Job instance at 0x146f64f38d70>,43,2,[5 1],60,182,184,122,173
1,<environment.Job instance at 0x146f64f38b40>,44,3,[1 9],61,177,180,116,173
1,<environment.Job instance at 0x146f64f38d20>,45,1,[5 1],62,182,183,120,173
1,<environment.Job instance at 0x146f64f38aa0>,47,2,[8 1],67,184,186,117,173
1,<environment.Job instance at 0x146f64f38e60>,48,3,[10  1],68,186,189,118,173
1,<environment.Job instance at 0x146f62b0f460>,50,1,[9 2],74,189,190,115,173
1,<environment.Job instance at 0x146f62b0f230>,53,3,[6 2],78,190,193,112,177
1,<environment.Job instance at 0x146f62b0f280>,54,1,[5 2],80,183,184,103,177
1,<environment.Job instance at 0x146f62b0f910>,55,17,[2 7],83,190,207,107,178
1,<environment.Job instance at 0x146f62b0ff00>,56,1,[ 1 10],84,207,208,123,179
1,<environment.Job instance at 0x146f62b0f050>,57,13,[9 2],85,208,221,123,192
1,<environment.Job instance at 0x146f62b0f8c0>,58,3,[8 2],87,193,196,106,192
1,<environment.Job instance at 0x146f62b0faf0>,60,3,[7 1],90,196,199,106,193
1,<environment.Job instance at 0x146f62b0f550>,64,16,[1 8],96,211,227,115,211
1,<environment.Job instance at 0x146f62b0fd20>,66,3,[6 1],100,238,241,138,238
1,<environment.Job instance at 0x146f62b0ff50>,67,2,[8 2],101,241,243,140,238
1,<environment.Job instance at 0x146f62b0fb40>,70,12,[7 2],104,272,284,168,272
1,<environment.Job instance at 0x146f62b0fa50>,71,1,[2 6],105,272,273,167,272
1,<environment.Job instance at 0x146f62b0f5f0>,72,26,[1 6],106,273,299,167,272
1,<environment.Job instance at 0x146f64f3a8c0>,73,2,[8 1],107,284,286,177,272
1,<environment.Job instance at 0x146f64f3afa0>,74,2,[6 1],108,286,288,178,272
1,<environment.Job instance at 0x146f64f3abe0>,75,3,[7 2],110,288,291,178,272
1,<environment.Job instance at 0x146f64f3a640>,76,3,[2 6],111,299,302,188,273
1,<environment.Job instance at 0x146f64f3a370>,79,1,[7 2],115,291,292,176,273
1,<environment.Job instance at 0x146f64f3a140>,81,3,[1 6],117,302,305,185,277
1,<environment.Job instance at 0x146f64f3a0f0>,82,2,[2 7],118,305,307,187,278
1,<environment.Job instance at 0x146f64f3af00>,83,3,[7 1],119,292,295,173,278
1,<environment.Job instance at 0x146f64f3adc0>,84,14,[6 1],120,295,309,175,280
1,<environment.Job instance at 0x146f64f3a410>,86,2,[8 1],123,309,311,186,286
1,<environment.Job instance at 0x146f64f3ad70>,87,3,[ 2 10],125,311,314,186,286
1,<environment.Job instance at 0x146f64f3a7d0>,88,1,[1 6],129,307,308,178,286
1,<environment.Job instance at 0x146f64f3ac80>,89,3,[1 8],130,308,311,178,286
1,<environment.Job instance at 0x146f64f3a320>,90,2,[2 7],132,314,316,182,287
1,<environment.Job instance at 0x146f64f3a4b0>,91,14,[10  1],133,316,330,183,301
1,<environment.Job instance at 0x146f62311140>,95,3,[9 1],139,330,333,191,304
1,<environment.Job instance at 0x146f62311460>,97,17,[1 8],141,330,347,189,319
1,<environment.Job instance at 0x146f6232f230>,0,3,[6 2],1,1,4,0,1
1,<environment.Job instance at 0x146f62311460>,3,3,[1 5],5,5,8,0,5
1,<environment.Job instance at 0x146f62acabe0>,5,3,[2 7],7,8,11,1,7
1,<environment.Job instance at 0x146fb42077d0>,15,3,[2 8],23,23,26,0,23
1,<environment.Job instance at 0x146f740d09b0>,20,3,[6 1],29,29,32,0,29
1,<environment.Job instance at 0x146f66021d70>,25,3,[1 7],39,39,42,0,39
1,<environment.Job instance at 0x146f66021550>,26,19,[8 1],42,42,61,0,42
1,<environment.Job instance at 0x146f660215a0>,27,3,[10  2],44,61,64,17,44
1,<environment.Job instance at 0x146f65e4f410>,28,1,[9 1],45,64,65,19,45
1,<environment.Job instance at 0x146f65e4f460>,29,2,[8 2],46,65,67,19,46
1,<environment.Job instance at 0x146f65e4f910>,30,2,[6 1],47,67,69,20,47
1,<environment.Job instance at 0x146f65e4fb90>,31,1,[2 6],48,48,49,0,48
1,<environment.Job instance at 0x146f65e4ff00>,32,2,[2 7],49,49,51,0,49
1,<environment.Job instance at 0x146f64a1ac80>,33,1,[1 7],50,51,52,1,50
1,<environment.Job instance at 0x146f64a1a6e0>,35,3,[6 2],54,69,72,15,54
1,<environment.Job instance at 0x146f64a1a9b0>,36,1,[8 2],55,72,73,17,55
1,<environment.Job instance at 0x146f64a1a640>,39,3,[5 1],58,73,76,15,60
1,<environment.Job instance at 0x146f64a1a5f0>,40,2,[9 1],59,76,78,17,60
1,<environment.Job instance at 0x146f64a1a730>,41,3,[7 1],61,78,81,17,61
1,<environment.Job instance at 0x146f64bc95f0>,42,1,[1 9],64,64,65,0,64
1,<environment.Job instance at 0x146f64bc9550>,43,14,[7 1],65,81,95,16,66
1,<environment.Job instance at 0x146f65f36640>,44,3,[ 2 10],67,95,98,28,69
1,<environment.Job instance at 0x146f65f36190>,46,3,[6 1],70,98,101,28,72
1,<environment.Job instance at 0x146f622e6370>,47,3,[6 1],75,101,104,26,75
1,<environment.Job instance at 0x146f622e6320>,48,3,[7 2],76,104,107,28,78
1,<environment.Job instance at 0x146f65e8fcd0>,50,3,[1 7],79,84,87,5,84
1,<environment.Job instance at 0x146f64cfc0f0>,51,2,[8 1],80,107,109,27,84
1,<environment.Job instance at 0x146f622e6d20>,52,2,[7 1],83,109,111,26,84
1,<environment.Job instance at 0x146f64bf6820>,54,3,[1 6],86,87,90,1,87
1,<environment.Job instance at 0x146f64bf6c30>,55,2,[6 1],87,111,113,24,87
1,<environment.Job instance at 0x146f61f44190>,56,1,[10  2],88,113,114,25,88
1,<environment.Job instance at 0x146f61f44780>,57,3,[1 6],89,90,93,1,89
1,<environment.Job instance at 0x146f61caf050>,59,2,[1 5],96,102,104,6,102
1,<environment.Job instance at 0x146f61826320>,60,1,[7 2],100,114,115,14,102
1,<environment.Job instance at 0x146f61ab10f0>,61,16,[2 6],101,114,130,13,102
1,<environment.Job instance at 0x146f620cba00>,62,1,[7 2],103,115,116,12,103
1,<environment.Job instance at 0x146f620cbcd0>,63,1,[10  2],104,130,131,26,104
1,<environment.Job instance at 0x146f620cb7d0>,65,3,[8 1],106,116,119,10,106
1,<environment.Job instance at 0x146f620cb2d0>,66,3,[6 1],107,119,122,12,107
1,<environment.Job instance at 0x146f620cbdc0>,67,2,[6 2],111,122,124,11,111
1,<environment.Job instance at 0x146f61e001e0>,70,18,[5 1],118,182,200,64,182
1,<environment.Job instance at 0x146f61e00050>,71,3,[6 2],120,200,203,80,182
1,<environment.Job instance at 0x146f61e00230>,72,2,[10  2],121,203,205,82,182
1,<environment.Job instance at 0x146f61e002d0>,73,2,[1 6],122,182,184,60,182
1,<environment.Job instance at 0x146f61e000a0>,74,13,[1 7],124,184,197,60,182
1,<environment.Job instance at 0x146f61e00500>,75,3,[1 9],125,197,200,72,182
1,<environment.Job instance at 0x146f61e00780>,76,3,[8 2],126,205,208,79,182
1,<environment.Job instance at 0x146f61e00e60>,79,3,[6 2],129,208,211,79,187
1,<environment.Job instance at 0x146f61e00be0>,80,3,[9 2],130,211,214,81,187
1,<environment.Job instance at 0x146f61e00f00>,82,2,[ 2 10],133,214,216,81,192
1,<environment.Job instance at 0x146f61e00370>,84,3,[2 8],136,200,203,64,200
1,<environment.Job instance at 0x146f61e00a00>,85,14,[1 6],138,216,230,78,201
1,<environment.Job instance at 0x146f61e00640>,86,2,[6 2],139,216,218,77,201
1,<environment.Job instance at 0x146f61e00870>,87,1,[2 6],140,205,206,65,201
1,<environment.Job instance at 0x146f61e00c80>,88,3,[7 1],141,218,221,77,201
1,<environment.Job instance at 0x146f61e00460>,89,3,[1 7],143,206,209,63,201
1,<environment.Job instance at 0x146f74eed5f0>,90,15,[10  2],144,230,245,86,216
1,<environment.Job instance at 0x146f74eeddc0>,93,3,[2 9],148,245,248,97,219
1,<environment.Job instance at 0x146f74eed230>,96,1,[6 1],151,245,246,94,230
1,<environment.Job instance at 0x146f74eedf50>,97,15,[2 6],153,248,263,95,234
1,<environment.Job instance at 0x146f74eed6e0>,98,21,[10  2],154,263,284,109,255
1,<environment.Job instance at 0x146f74eed320>,100,1,[5 1],156,255,256,99,255
1,<environment.Job instance at 0x146f74eed0a0>,101,3,[2 6],159,284,287,125,258
1,<environment.Job instance at 0x146f74eed050>,103,3,[9 1],162,287,290,125,261
1,<environment.Job instance at 0x146f74eedf00>,104,3,[2 6],163,290,293,127,264
1,<environment.Job instance at 0x146f74eedeb0>,105,2,[8 1],164,284,286,120,264
1,<environment.Job instance at 0x146f74eed280>,106,12,[10  2],165,293,305,128,276
1,<environment.Job instance at 0x146f74eedb90>,107,2,[9 2],166,305,307,139,278
1,<environment.Job instance at 0x146f621f1230>,114,3,[2 8],175,307,310,132,283
1,<environment.Job instance at 0x146f621f14b0>,115,2,[5 2],177,290,292,113,283
1,<environment.Job instance at 0x146f621f1b40>,117,15,[8 1],179,321,336,142,321
1,<environment.Job instance at 0x146f621f1e60>,118,3,[1 8],180,321,324,141,321
1,<environment.Job instance at 0x146f621f1fa0>,119,1,[7 2],181,336,337,155,321
1,<environment.Job instance at 0x146f621f1780>,120,15,[9 2],183,337,352,154,323
1,<environment.Job instance at 0x146f621f10f0>,123,1,[10  2],186,352,353,166,325
1,<environment.Job instance at 0x146f740d00a0>,4,13,[ 2 10],8,10,23,2,10
1,<environment.Job instance at 0x146f740b9960>,8,2,[8 1],16,23,25,7,16
1,<environment.Job instance at 0x146f61c35c30>,9,3,[5 2],17,25,28,8,17
1,<environment.Job instance at 0x146f64c931e0>,11,13,[6 2],19,28,41,9,19
1,<environment.Job instance at 0x146f617b9820>,15,3,[8 2],23,41,44,18,23
1,<environment.Job instance at 0x146f64c937d0>,16,13,[2 7],24,24,37,0,24
1,<environment.Job instance at 0x146f62a26280>,17,17,[9 1],25,44,61,19,32
1,<environment.Job instance at 0x146f622df0f0>,20,3,[10  1],31,61,64,30,37
1,<environment.Job instance at 0x146f64e384b0>,21,16,[ 1 10],32,64,80,32,51
1,<environment.Job instance at 0x146f64bbb9b0>,22,2,[2 5],33,80,82,47,53
1,<environment.Job instance at 0x146f64e38f00>,23,1,[10  1],34,82,83,48,54
1,<environment.Job instance at 0x146f64bbb820>,25,1,[8 1],37,80,81,43,54
1,<environment.Job instance at 0x146f771ecb40>,26,13,[1 6],38,83,96,45,67
1,<environment.Job instance at 0x146f74c6fe10>,28,13,[9 1],40,83,96,43,77
1,<environment.Job instance at 0x146f74c6f4b0>,30,3,[7 2],46,96,99,50,83
1,<environment.Job instance at 0x146f61ad2d70>,32,3,[ 2 10],49,99,102,50,83
1,<environment.Job instance at 0x146f61ad2550>,34,12,[2 9],51,102,114,51,89
1,<environment.Job instance at 0x146f64b44140>,36,3,[2 5],56,96,99,40,89
1,<environment.Job instance at 0x146f61fe8050>,38,3,[2 5],58,114,117,56,96
1,<environment.Job instance at 0x146f61fe8c80>,39,3,[ 1 10],60,117,120,57,96
1,<environment.Job instance at 0x146f61fe8f50>,40,1,[1 7],61,120,121,59,96
1,<environment.Job instance at 0x146f61fe8d70>,43,15,[7 1],67,102,117,35,96
1,<environment.Job instance at 0x146f662a3aa0>,44,3,[1 5],69,121,124,52,96
1,<environment.Job instance at 0x146f64c8f050>,48,3,[8 1],76,120,123,44,96
1,<environment.Job instance at 0x146f64c8f370>,49,3,[7 2],82,123,126,41,97
1,<environment.Job instance at 0x146f74f487d0>,51,3,[2 7],84,124,127,40,98
1,<environment.Job instance at 0x146f6228e230>,53,3,[2 9],87,127,130,40,101
1,<environment.Job instance at 0x146f64b183c0>,57,2,[6 2],91,130,132,39,103
1,<environment.Job instance at 0x146f65ee13c0>,58,3,[2 9],92,132,135,40,106
1,<environment.Job instance at 0x146f65ee1960>,59,2,[10  2],93,135,137,42,108
1,<environment.Job instance at 0x146f65ee1500>,60,1,[10  2],95,137,138,42,109
1,<environment.Job instance at 0x146f64bc7b90>,64,3,[10  2],100,138,141,38,126
1,<environment.Job instance at 0x146f662e5a00>,67,3,[ 2 10],104,141,144,37,126
1,<environment.Job instance at 0x146f64f3d190>,68,2,[8 1],105,126,128,21,126
1,<environment.Job instance at 0x146f61ca5e60>,69,3,[9 2],107,144,147,37,126
1,<environment.Job instance at 0x146f76960960>,71,18,[6 1],111,147,165,36,136
1,<environment.Job instance at 0x146f662d0320>,74,14,[2 6],118,150,164,32,150
1,<environment.Job instance at 0x146f662d04b0>,75,3,[6 2],119,165,168,46,150
1,<environment.Job instance at 0x146f662d0e60>,76,1,[2 7],120,164,165,44,150
1,<environment.Job instance at 0x146f662d0500>,77,2,[8 1],122,168,170,46,150
1,<environment.Job instance at 0x146f662d0f00>,78,3,[ 1 10],124,170,173,46,150
1,<environment.Job instance at 0x146f662d0280>,79,15,[9 2],126,173,188,47,159
1,<environment.Job instance at 0x146f64d6de10>,80,3,[7 1],127,188,191,61,162
1,<environment.Job instance at 0x146f6184c320>,86,2,[10  1],136,191,193,55,164
1,<environment.Job instance at 0x146f64c712d0>,87,2,[ 1 10],137,193,195,56,166
1,<environment.Job instance at 0x146f7423f8c0>,90,1,[7 2],140,195,196,55,171
1,<environment.Job instance at 0x146f7423f2d0>,91,15,[6 2],141,196,211,55,182
1,<environment.Job instance at 0x146f7423fe60>,92,16,[1 5],144,195,211,51,182
1,<environment.Job instance at 0x146f74ea7190>,97,1,[2 5],151,188,189,37,187
1,<environment.Job instance at 0x146f74ea7af0>,98,15,[7 1],152,211,226,59,197
1,<environment.Job instance at 0x146f74ea7960>,99,3,[1 5],153,211,214,58,197
1,<environment.Job instance at 0x146f74ea70a0>,100,3,[1 9],154,214,217,60,197
1,<environment.Job instance at 0x146f65ecef00>,102,1,[10  1],156,226,227,70,198
1,<environment.Job instance at 0x146f65eced70>,104,3,[1 6],158,217,220,59,199
1,<environment.Job instance at 0x146f65ece320>,105,2,[5 1],159,227,229,68,200
1,<environment.Job instance at 0x146f61efedc0>,106,1,[2 5],163,220,221,57,200
1,<environment.Job instance at 0x146f74e87690>,111,2,[10  1],169,229,231,60,212
1,<environment.Job instance at 0x146f74e87190>,112,3,[1 5],171,221,224,50,212
1,<environment.Job instance at 0x146f74e87370>,113,13,[6 1],172,231,244,59,215
1,<environment.Job instance at 0x146f74e870f0>,114,3,[7 2],173,244,247,71,218
1,<environment.Job instance at 0x146f621b91e0>,116,20,[10  2],177,247,267,70,238
1,<environment.Job instance at 0x146f621b98c0>,117,3,[9 1],178,267,270,89,241
1,<environment.Job instance at 0x146f621b9550>,121,2,[2 6],183,270,272,87,247
1,<environment.Job instance at 0x146f74f6feb0>,122,18,[8 1],188,270,288,82,259
1,<environment.Job instance at 0x146f622f79b0>,6,3,[9 2],13,13,16,0,13
1,<environment.Job instance at 0x146f622f7460>,9,2,[5 1],17,17,19,0,17
1,<environment.Job instance at 0x146f622f7050>,10,2,[1 5],18,18,20,0,18
1,<environment.Job instance at 0x146f61f79190>,11,16,[6 1],19,19,35,0,19
1,<environment.Job instance at 0x146f61f795a0>,13,2,[6 2],21,35,37,14,21
1,<environment.Job instance at 0x146f61c96280>,14,16,[9 1],23,37,53,14,24
1,<environment.Job instance at 0x146f74251960>,16,2,[7 2],26,53,55,27,26
1,<environment.Job instance at 0x146f64d7b5f0>,17,2,[2 7],28,28,30,0,28
1,<environment.Job instance at 0x146f629ef730>,18,3,[2 7],30,30,33,0,30
1,<environment.Job instance at 0x146f75029d70>,20,1,[2 6],32,33,34,1,32
1,<environment.Job instance at 0x146f64c98c30>,27,2,[6 2],42,460,462,418,460
1,<environment.Job instance at 0x146f64c98910>,28,3,[5 1],43,462,465,419,460
1,<environment.Job instance at 0x146f64c98aa0>,29,14,[10  1],45,465,479,420,460
1,<environment.Job instance at 0x146f64c98730>,30,1,[1 7],46,460,461,414,460
1,<environment.Job instance at 0x146f64c98820>,34,12,[2 6],54,479,491,425,462
1,<environment.Job instance at 0x146f64c98500>,35,2,[2 5],55,462,464,407,462
1,<environment.Job instance at 0x146f64c980f0>,36,3,[6 2],56,479,482,423,462
1,<environment.Job instance at 0x146f629a5230>,38,3,[9 1],60,491,494,431,469
1,<environment.Job instance at 0x146f629a5aa0>,39,3,[2 6],61,494,497,433,469
1,<environment.Job instance at 0x146f629a5050>,40,2,[ 1 10],62,497,499,435,470
1,<environment.Job instance at 0x146f629a5550>,41,2,[2 7],65,499,501,434,472
1,<environment.Job instance at 0x146f629a50f0>,42,13,[10  1],67,501,514,434,485
1,<environment.Job instance at 0x146f629e24b0>,43,1,[10  1],70,514,515,444,486
1,<environment.Job instance at 0x146f629e2f50>,45,16,[10  2],74,515,531,441,502
1,<environment.Job instance at 0x146f6356baf0>,47,1,[7 2],77,531,532,454,503
1,<environment.Job instance at 0x146f6356b230>,48,3,[2 9],78,532,535,454,506
1,<environment.Job instance at 0x146f6356b550>,49,2,[2 6],81,535,537,454,508
1,<environment.Job instance at 0x146f6356be10>,50,2,[5 1],82,532,534,450,508
1,<environment.Job instance at 0x146f6356b410>,52,3,[9 2],85,537,540,452,511
1,<environment.Job instance at 0x146f6356b780>,54,2,[6 2],87,535,537,448,512
1,<environment.Job instance at 0x146f6356b280>,55,3,[10  2],88,540,543,452,514
1,<environment.Job instance at 0x146f6356b690>,56,3,[1 9],89,543,546,454,517
1,<environment.Job instance at 0x146f65e5f640>,57,1,[7 1],90,534,535,444,517
1,<environment.Job instance at 0x146f65e5f5f0>,60,1,[5 2],94,546,547,452,518
1,<environment.Job instance at 0x146f74ef2550>,63,1,[8 1],97,543,544,446,520
1,<environment.Job instance at 0x146f74ef2f50>,64,1,[5 1],98,544,545,446,520
1,<environment.Job instance at 0x146f74ef2050>,65,1,[5 1],99,545,546,446,520
1,<environment.Job instance at 0x146f74ef2a50>,67,3,[5 2],105,546,549,441,520
1,<environment.Job instance at 0x146f74ef2730>,68,2,[2 8],106,547,549,441,520
1,<environment.Job instance at 0x146f74ef2690>,69,3,[9 2],107,549,552,442,523
1,<environment.Job instance at 0x146f74ef24b0>,70,1,[9 1],108,552,553,444,524
1,<environment.Job instance at 0x146f74ef2b40>,71,1,[1 9],109,552,553,443,524
1,<environment.Job instance at 0x146f620825f0>,74,3,[1 6],112,537,540,425,529
1,<environment.Job instance at 0x146f619445f0>,75,3,[2 7],113,553,556,440,529
1,<environment.Job instance at 0x146f741210f0>,77,1,[10  2],115,556,557,441,531
1,<environment.Job instance at 0x146f74121b40>,79,2,[1 7],119,549,551,430,547
1,<environment.Job instance at 0x146f64da41e0>,80,3,[2 6],120,557,560,437,547
1,<environment.Job instance at 0x146f740fa640>,81,1,[8 2],121,553,554,432,547
1,<environment.Job instance at 0x146f740fa500>,82,13,[2 5],122,560,573,438,548
1,<environment.Job instance at 0x146f740faa00>,83,2,[9 1],123,573,575,450,548
1,<environment.Job instance at 0x146f66070640>,85,1,[2 7],125,611,612,486,611
1,<environment.Job instance at 0x146f776682d0>,87,14,[ 2 10],128,612,626,484,611
1,<environment.Job instance at 0x146f62066820>,88,12,[1 6],129,626,638,497,611
1,<environment.Job instance at 0x146f74eecf50>,89,3,[2 7],131,638,641,507,612
1,<environment.Job instance at 0x146f64b56fa0>,91,2,[2 9],133,641,643,508,620
1,<environment.Job instance at 0x146f64b566e0>,92,18,[5 1],135,626,644,491,620
1,<environment.Job instance at 0x146f61f1a0f0>,93,1,[6 2],136,644,645,508,620
1,<environment.Job instance at 0x146f61f1a1e0>,95,1,[7 1],138,645,646,507,626
1,<environment.Job instance at 0x146f662eb690>,96,17,[10  1],139,646,663,507,634
1,<environment.Job instance at 0x146f662eb780>,100,3,[6 1],146,663,666,517,640
1,<environment.Job instance at 0x146f662eb4b0>,101,1,[9 1],148,666,667,518,640
1,<environment.Job instance at 0x146f662eb0a0>,102,3,[5 2],149,667,670,518,641
1,<environment.Job instance at 0x146f64a3f2d0>,105,2,[1 9],152,663,665,511,652
1,<environment.Job instance at 0x146f64a3feb0>,106,1,[2 6],153,665,666,512,652
1,<environment.Job instance at 0x146f74fd80a0>,23,1,[7 2],38,670,671,632,654
1,<environment.Job instance at 0x146f741857d0>,109,1,[8 1],158,671,672,513,654
1,<environment.Job instance at 0x146f74185a50>,107,17,[1 5],154,666,683,512,654
1,<environment.Job instance at 0x146f61b80280>,111,3,[2 6],162,683,686,521,657
1,<environment.Job instance at 0x146f7421f0f0>,115,3,[5 1],168,672,675,504,657
1,<environment.Job instance at 0x146f7421fcd0>,116,1,[1 6],169,686,687,517,658
1,<environment.Job instance at 0x146f7421f780>,117,16,[1 8],170,687,703,517,674
1,<environment.Job instance at 0x146f64c69280>,118,3,[2 5],172,675,678,503,674
1,<environment.Job instance at 0x146f64c69370>,120,1,[1 6],175,1081,1082,906,1081
1,<environment.Job instance at 0x146f64c693c0>,122,28,[1 9],178,1114,1142,936,1114
1,<environment.Job instance at 0x146f64bdfc30>,124,2,[6 2],180,1142,1144,962,1120
1,<environment.Job instance at 0x146f64c97b40>,125,16,[2 5],182,1142,1158,960,1129
1,<environment.Job instance at 0x146f64c97f00>,126,3,[8 2],183,1144,1147,961,1129
1,<environment.Job instance at 0x146f61b80780>,110,14,[8 2],161,1147,1161,986,1132
1,<environment.Job instance at 0x146f63594dc0>,131,13,[10  1],188,1161,1174,973,1145
1,<environment.Job instance at 0x146f635944b0>,128,2,[5 1],185,1188,1190,1003,1188
1,<environment.Job instance at 0x146f74eedc30>,25,2,[1 5],40,1252,1254,1212,1252
